0, 0, 0, 0, 0, 0, 0, 0, 0, 0, 0, 0, 0, 0, 0, 0, 0, 0, 0, 0, 0, 0, 0, 0, 0, 0, 0, 0, 0, 0, 0, 0, 0, 0, 0, 0, 0, 0, 0, 0, 0, 0, 0, 0, 0, 0, 0, 0, 0, 0, 0, 0, 0, 0, 0, 0, 0, 0, 0, 0, 0, 0, 0, 0, 0, 0, 0, 0, 0, 0, 0, 0, 0, 0.0022019788, 0.0016631129, 0.00057008635, -6.23743e-05, -0.0013192584, -0.0023921984, -0.002799553, -0.0032651494, -0.0032289322, -0.003040722, -0.0024167774, -0.0015825857, -0.0006322074, -0.00012544761, 0.00093744334, 0.0020210017, 0.0025414196, 0.0034679405, 0.004171239, 0.0046248757, 0.0047623804, 0.0048668887, 0.004748331, 0.004608629, 0.0041924384, 0.0036470299, 0.0033461659, 0.0027190635, 0.0020718817, 0.0014122209, 0.0010875047, 0.00050334126, 0.00012796411, 6.0432165e-05, 0.00019465541, 0.00062194857, 0.0012218199, 0.0015615775, 0.0023050315, 0.0031015275, 0.0034839644, 0.0040920195, 0.0043228427, 0.004256774, 0.003775706, 0.002936601, 0.0018872196, 0.001312832, 8.546413e-05, -0.0011870372, -0.0017901463, -0.0027622308, -0.003211538, -0.0030111053, -0.0026702362, -0.0015490317, 0.00011088532, 0.0011225654, 0.0034199278, 0.0058723837, 0.0070589758, 0.009175501, 0.01080162, 0.011825405, 0.01206225, 0.011807567, 0.010343751, 0.009142153, 0.006081596, 0.002881394, 0.00036526474, -0.0005255844, -0.0016764144, -0.0022110338, -0.0023600068, -0.002651066, 0
0, 0, 0, 0, 0, 0, 0, 0, 0, 0, 0, 0, 0, 0, 0, 0, 0, 0, 0, 0, 0, 0, 0, 0, 0, 0, 0, 0, 0, 0, 0, 0, 0, 0, 0, 0, 0, 0, 0, 0, 0, 0, 0, 0, 0, 0, 0, 0, 0, 0, 0, 0, 0, 0, 0, 0, 0, 0, 0, 0, 0, 0, 0, 0, 0, 0, 0, 0, 0, 0, 0, 0, 0, 0.0019419268, 0.0014653173, 0.0007717542, 0.00033389346, -0.0006446546, -0.0016047445, -0.0020170205, -0.0026012273, -0.0027983524, -0.0027527981, -0.0024245733, -0.0018602916, -0.0011312752, -0.0007168503, 0.00019244099, 0.0011608164, 0.0016395283, 0.002517669, 0.0032216902, 0.003719493, 0.003895144, 0.004103525, 0.0041175224, 0.004048206, 0.0037686804, 0.0033384708, 0.0030861744, 0.0025375327, 0.0019544992, 0.0013473524, 0.0010404205, 0.00046599103, 4.439941e-05, -6.893611e-05, -6.057263e-05, 0.00023228546, 0.0007157726, 0.0010065568, 0.0016694835, 0.0024123888, 0.002785087, 0.0034236694, 0.0037605544, 0.0037726935, 0.0034734912, 0.0028170121, 0.001925724, 0.001418962, 0.00030155893, -0.00090573187, -0.0015006643, -0.002523463, -0.003119055, -0.0031453448, -0.002937658, -0.0021042281, -0.00074069964, 0.00012854145, 0.0021773342, 0.004462773, 0.005604607, 0.0077114343, 0.0094270585, 0.010643692, 0.011022675, 0.011161176, 0.010192147, 0.0092319865, 0.006531987, 0.003450612, 0.0008469257, -0.00014080654, -0.0016045639, -0.0024501143, -0.0026968734, 0, 0
0, 0, 0, 0, 0, 0, 0, 0, 0, 0, 0, 0, 0, 0, 0, 0, 0, 0, 0, 0, 0, 0, 0, 0, 0, 0, 0, 0, 0, 0, 0, 0, 0, 0, 0, 0, 0, 0, 0, 0, 0, 0, 0, 0, 0, 0, 0, 0, 0, 0, 0, 0, 0, 0, 0, 0, 0, 0, 0, 0, 0, 0, 0, 0, 0, 0, 0, 0, 0, 0, 0, 0.0040513165, 0.0035018926, 0.0022443065, 0.0017133704, 0.001267645, 0.0009934132, 0.00029961066, -0.00052356865, -0.00093954254, -0.0016810852, -0.0021989401, -0.0023543108, -0.0024524995, -0.0022817564, -0.0018662346, -0.0015757493, -0.0008524924, 3.5497294e-06, 0.0004516266, 0.0013202825, 0.0020768533, 0.0026821627, 0.0029300503, 0.0033173296, 0.0035437657, 0.0035852138, 0.0035118796, 0.0032432766, 0.003049649, 0.0025808404, 0.0020396211, 0.0014481337, 0.0011386805, 0.00052508333, 4.0802553e-07, -0.00019113485, -0.00037759906, -0.00028598684, 3.8558537e-05, 0.00027222597, 0.0008598596, 0.001578351, 0.001963903, 0.0026920529, 0.0032133826, 0.003345765, 0.003311449, 0.002899474, 0.0021908314, 0.0017466649, 0.0007014511, -0.00051227486, -0.0011450356, -0.002324006, -0.003187631, -0.0035635836, -0.0035465234, -0.003096853, -0.0020871747, -0.001370228, 0.00045405995, 0.00266179, 0.003828375, 0.0061051846, 0.008123384, 0.009753768, 0.010390083, 0.011166101, 0.0109732235, 0.010398018, 0.008268054, 0.005308816, 0.0023418642, 0.0010165339, -0.0014327484, -0.0031026667, 0, 0, 0
0, 0, 0, 0, 0, 0, 0, 0, 0, 0, 0, 0, 0, 0, 0, 0, 0, 0, 0, 0, 0, 0, 0, 0, 0, 0, 0, 0, 0, 0, 0, 0, 0, 0, 0, 0, 0, 0, 0, 0, 0, 0, 0, 0, 0, 0, 0, 0, 0, 0, 0, 0, 0, 0, 0, 0, 0, 0, 0, 0, 0, 0, 0, 0, 0, 0, 0, 0, 0, 0, 0.0061019496, 0.00413654, 0.00347289, 0.0026182127, 0.0021994987, 0.0019090559, 0.0017434026, 0.0012950798, 0.000668994, 0.0003033025, -0.000474442, -0.0012224003, -0.0015527622, -0.0020762144, -0.002359349, -0.0023553036, -0.0022420273, -0.0018081589, -0.0011548274, -0.0007751612, 2.0744543e-05, 0.0007844289, 0.0014684967, 0.0017782343, 0.0023365817, 0.0027887786, 0.002956385, 0.0031341463, 0.0030819643, 0.0029736878, 0.0026275658, 0.0021524031, 0.0015856074, 0.0012747663, 0.0006234972, -5.8677656e-06, -0.00028005708, -0.0006825938, -0.0008354446, -0.0007227986, -0.00057252083, -0.00010117822, 0.00056682504, 0.00095540803, 0.001764681, 0.0024762463, 0.0027429622, 0.0030174332, 0.0029174143, 0.002460912, 0.0021104831, 0.0011786978, -2.3908526e-05, -0.0006918856, -0.0020359869, -0.0031913526, -0.003963775, -0.004169269, -0.004176759, -0.0035997238, -0.003074209, -0.0015457253, 0.00053189864, 0.0017090573, 0.0041568046, 0.0065133423, 0.008611938, 0.0095369965, 0.011063445, 0.011927881, 0.011978594, 0.011061071, 0.008850939, 0.005582472, 0.003322469, 0, 0, 0, 0, 0
0, 0, 0, 0, 0, 0, 0, 0, 0, 0, 0, 0, 0, 0, 0, 0, 0, 0, 0, 0, 0, 0, 0, 0, 0, 0, 0, 0, 0, 0, 0, 0, 0, 0, 0, 0, 0, 0, 0, 0, 0, 0, 0, 0, 0, 0, 0, 0, 0, 0, 0, 0, 0, 0, 0, 0, 0, 0, 0, 0, 0, 0, 0, 0, 0, 0, 0, 0, 0.0047934065, 0.0045890114, 0.004291486, 0.0036162292, 0.0033054103, 0.0028825137, 0.0026489205, 0.0024861104, 0.0023962369, 0.0021395423, 0.0017311396, 0.0014608778, 0.00079955824, 1.8870092e-05, -0.00039184533, -0.0011875464, -0.0018478959, -0.0022639236, -0.002358093, -0.002313128, -0.0019884151, -0.0017450018, -0.0011582167, -0.0005161172, 0.00012567485, 0.00044385242, 0.0010768871, 0.0016821318, 0.0019524201, 0.002369451, 0.002559374, 0.002561791, 0.002397036, 0.002048262, 0.0015602062, 0.001273259, 0.00063300057, -5.0685678e-05, -0.0003847823, -0.00097329495, -0.0013726377, -0.0015155422, -0.0014803532, -0.0011972075, -0.00065232016, -0.00029720226, 0.0005205602, 0.0013634125, 0.0017425913, 0.0023234184, 0.0025813824, 0.0024668989, 0.0022643823, 0.0015601381, 0.00047576494, -0.00018081107, -0.0016080599, -0.0029924286, -0.00412851, -0.0045547853, -0.0050524725, -0.004985045, -0.004704313, -0.0036052854, -0.0018171399, -0.000713355, 0.0017447976, 0.0043041892, 0.006764917, 0.0079362085, 0.010182604, 0.012326293, 0.01331978, 0.014734147, 0.014823887, 0.013086418, 0, 0, 0, 0, 0, 0
0, 0, 0, 0, 0, 0, 0, 0, 0, 0, 0, 0, 0, 0, 0, 0, 0, 0, 0, 0, 0, 0, 0, 0, 0, 0, 0, 0, 0, 0, 0, 0, 0, 0, 0, 0, 0, 0, 0, 0, 0, 0, 0, 0, 0, 0, 0, 0, 0, 0, 0, 0, 0, 0, 0, 0, 0, 0, 0, 0, 0, 0, 0, 0, 0, 0, 0, 0.0032535368, 0.003122294, 0.0030715663, 0.0030139922, 0.002950159, 0.0029146634, 0.0028602094, 0.0028253724, 0.0027901237, 0.0027625628, 0.0026560083, 0.002439736, 0.0022750872, 0.001811194, 0.0011624008, 0.0007770232, -6.617771e-05, -0.00090575544, -0.0016101745, -0.0018787371, -0.0022112704, -0.002270372, -0.0022087158, -0.001945872, -0.0015616788, -0.001105986, -0.000854115, -0.00029661856, 0.0003199315, 0.000630145, 0.0011897874, 0.001579129, 0.0016880637, 0.0017294746, 0.0015599938, 0.0012152508, 0.0009866557, 0.0004323348, -0.00022499594, -0.00057647226, -0.0012734575, -0.0018713124, -0.002266035, -0.0023603833, -0.0023243744, -0.0019871835, -0.0017138919, -0.0009961493, -0.00013555723, 0.00030522444, 0.001112734, 0.0017088094, 0.0019890494, 0.0019834714, 0.0016380717, 0.0008241596, 0.0002568061, -0.0011024754, -0.0025814842, -0.0039722524, -0.004578828, -0.0055220565, -0.005977726, -0.0059727784, -0.005411107, -0.0040839906, -0.0031586199, -0.00092671847, 0.0015899104, 0.004187248, 0.0055051357, 0.008324988, 0.011842809, 0.01407874, 0.01931231, 0.022465514, 0, 0, 0, 0, 0, 0, 0
0, 0, 0, 0, 0, 0, 0, 0, 0, 0, 0, 0, 0, 0, 0, 0, 0, 0, 0, 0, 0, 0, 0, 0, 0, 0, 0, 0, 0, 0, 0, 0, 0, 0, 0, 0, 0, 0, 0, 0, 0, 0, 0, 0, 0, 0, 0, 0, 0, 0, 0, 0, 0, 0, 0, 0, 0, 0, 0, 0, 0, 0, 0, 0, 0, 0, 0, 0.0016505759, 0.0017949704, 0.0018436627, 0.0019957558, 0.0021998407, 0.0023012594, 0.0024773732, 0.0026057523, 0.0026896114, 0.0027157224, 0.0027276354, 0.002662713, 0.0025886984, 0.002328421, 0.0018868075, 0.001593473, 0.0008835308, 7.729372e-05, -0.0007139166, -0.001070088, -0.0016517699, -0.0020278578, -0.002136967, -0.0022163326, -0.0021483682, -0.0019688767, -0.0018381686, -0.0014826786, -0.0010036478, -0.0007300701, -0.00017480184, 0.00029735162, 0.00047382375, 0.00067964266, 0.00068985205, 0.000523197, 0.00037918956, -2.2308948e-05, -0.0005668224, -0.0008862072, -0.0015861789, -0.0022908098, -0.0028781206, -0.003092825, -0.0033159743, -0.0032407567, -0.0030894587, -0.0025785246, -0.001838991, -0.0014130916, -0.0005220544, 0.0003062981, 0.0009410427, 0.0011440407, 0.0012362062, 0.00083295663, 0.00044024826, -0.00066802517, -0.0020550373, -0.0035225144, -0.00422973, -0.0054875817, -0.0063868496, -0.006639969, -0.006637094, -0.0058669834, -0.005198886, -0.0034077598, -0.0012218481, 0.0011882691, 0.0024990374, 0.0056606163, 0.010555501, 0.014008411, 0.0254729, 0, 0, 0, 0, 0, 0, 0, 0
0, 0, 0, 0, 0, 0, 0, 0, 0, 0, 0, 0, 0, 0, 0, 0, 0, 0, 0, 0, 0, 0, 0, 0, 0, 0, 0, 0, 0, 0, 0, 0, 0, 0, 0, 0, 0, 0, 0, 0, 0, 0, 0, 0, 0, 0, 0, 0, 0, 0, 0, 0, 0, 0, 0, 0, 0, 0, 0, 0, 0, 0, 0, 0, 0, -0.00037761175, -8.476886e-05, 0.0005036095, 0.0007381767, 0.00083505525, 0.0010672855, 0.0013527152, 0.0015009375, 0.0017796025, 0.002008471, 0.0021824958, 0.002250659, 0.0023498537, 0.0023929544, 0.0023857367, 0.0022923108, 0.0020579624, 0.0018771722, 0.0013870097, 0.0007569081, 5.426882e-05, -0.0002980275, -0.00095583266, -0.0015062334, -0.0017295926, -0.0020689913, -0.0022764432, -0.0023667535, -0.0023651633, -0.0022545098, -0.001990682, -0.0018081103, -0.0013825267, -0.0009591885, -0.00077601976, -0.00050201686, -0.00036785915, -0.00037601386, -0.0004320747, -0.00065181294, -0.0010237719, -0.0012707274, -0.0018754135, -0.0025767214, -0.0032637466, -0.003562761, -0.0040047686, -0.004189579, -0.004176253, -0.003938933, -0.0034359517, -0.003099089, -0.0022996147, -0.0014155452, -0.0005669127, -0.00020143304, 0.00030466204, 0.0003754291, 0.00021647768, -0.00047692587, -0.00157243, -0.00290571, -0.0036086608, -0.004983693, -0.006160504, -0.006608968, -0.0070843967, -0.006859768, -0.0064694947, -0.0052284515, -0.0036131958, -0.0018018559, -0.0007593358, 0.00222446, 0.008651271, 0.011594597, 0, 0, 0, 0, 0, 0, 0, 0, 0
0, 0, 0, 0, 0, 0, 0, 0, 0, 0, 0, 0, 0, 0, 0, 0, 0, 0, 0, 0, 0, 0, 0, 0, 0, 0, 0, 0, 0, 0, 0, 0, 0, 0, 0, 0, 0, 0, 0, 0, 0, 0, 0, 0, 0, 0, 0, 0, 0, 0, 0, 0, 0, 0, 0, 0, 0, 0, 0, 0, 0, 0, 0, 0, -0.00045330377, -0.0004209296, -0.00035081428, -0.00018777116, -5.474268e-05, 1.8644718e-05, 0.00021126821, 0.00046600442, 0.0006076368, 0.0008953689, 0.0011606978, 0.0013835394, 0.0014772003, 0.0016309215, 0.0017389613, 0.0017742923, 0.0017933211, 0.0017194345, 0.0016373865, 0.0013693688, 0.000964939, 0.00045032927, 0.00016615703, -0.00042323052, -0.0009957806, -0.001261936, -0.0017335566, -0.0021145765, -0.0023951018, -0.0024918423, -0.0025821899, -0.002520945, -0.002435521, -0.0021859098, -0.0018885654, -0.0017444509, -0.0014957776, -0.0013224434, -0.0012332154, -0.0012229137, -0.0012807503, -0.0014678927, -0.001621738, -0.0020660104, -0.0026726092, -0.003359581, -0.0036957043, -0.0042782556, -0.004672943, -0.004784579, -0.0048227115, -0.0046086297, -0.0044091656, -0.0038413552, -0.0030888421, -0.0022252018, -0.0017882144, -0.0010091516, -0.00052094314, -0.00043761096, -0.0006359436, -0.0012900345, -0.0022963705, -0.002889204, -0.004164562, -0.005414926, -0.0059672943, -0.0067782793, -0.007015239, -0.006880006, -0.006179343, -0.0052377298, -0.004425994, -0.004060401, -0.002719638, 0, 0, 0, 0, 0, 0, 0, 0, 0, 0, 0
0, 0, 0, 0, 0, 0, 0, 0, 0, 0, 0, 0, 0, 0, 0, 0, 0, 0, 0, 0, 0, 0, 0, 0, 0, 0, 0, 0, 0, 0, 0, 0, 0, 0, 0, 0, 0, 0, 0, 0, 0, 0, 0, 0, 0, 0, 0, 0, 0, 0, 0, 0, 0, 0, 0, 0, 0, 0, 0, 0, 0, 0, 0, 8.681534e-05, -0.00024190568, -0.00034310194, -0.0004918101, -0.00056784746, -0.00058742455, -0.0005741187, -0.00049163343, -0.00033659747, -0.00023623125, -4.946876e-06, 0.0002373441, 0.00046483966, 0.00056615914, 0.00074047834, 0.0008757776, 0.000928849, 0.001002414, 0.0010219023, 0.0010052773, 0.00090557087, 0.00070406415, 0.0003983041, 0.00020903732, -0.00022582768, -0.0007073323, -0.0009530967, -0.0014328136, -0.0018712984, -0.0022401253, -0.002389107, -0.0025970624, -0.0026689607, -0.0026546507, -0.0025470643, -0.0023756628, -0.0022819643, -0.002101992, -0.0019469897, -0.0018253401, -0.001779683, -0.0017275112, -0.0017594685, -0.001823051, -0.0020836822, -0.002536683, -0.0031404337, -0.0034685745, -0.0041034357, -0.004630182, -0.0048320973, -0.0050936798, -0.0051463754, -0.0050913845, -0.004815528, -0.0043203756, -0.0036246642, -0.0032206469, -0.0023749084, -0.0016345474, -0.0013636952, -0.0011097136, -0.0012776393, -0.0018411988, -0.0022467028, -0.0032419967, -0.0043674326, -0.0049282582, -0.0059228833, -0.00656068, -0.0066820253, -0.00652009, -0.006238465, -0.006447807, -0.006776132, -0.008573438, 0, 0, 0, 0, 0, 0, 0, 0, 0, 0, 0
0, 0, 0, 0, 0, 0, 0, 0, 0, 0, 0, 0, 0, 0, 0, 0, 0, 0, 0, 0, 0, 0, 0, 0, 0, 0, 0, 0, 0, 0, 0, 0, 0, 0, 0, 0, 0, 0, 0, 0, 0, 0, 0, 0, 0, 0, 0, 0, 0, 0, 0, 0, 0, 0, 0, 0, 0, 0, 0, 0, 0, 0.0012496405, 0.0010124418, 0.00039468738, 7.65578e-06, -0.00014858691, -0.00042229364, -0.0006452338, -0.0008095614, -0.00086725544, -0.0009271292, -0.0009101505, -0.0008733425, -0.0007505954, -0.00058267056, -0.00039889885, -0.0003102262, -0.00015028397, -2.3396635e-05, 2.7594477e-05, 0.000105563064, 0.00015279862, 0.00016454911, 0.00015487339, 8.973582e-05, -4.6696692e-05, -0.0001449787, -0.00040230056, -0.00073307153, -0.0009182786, -0.0013123692, -0.0017104582, -0.0020778757, -0.0022370054, -0.0024836129, -0.0026149459, -0.0026369316, -0.002607599, -0.0025134252, -0.0024538378, -0.0023281588, -0.0022026894, -0.0020802852, -0.0020200904, -0.0019070617, -0.0018264784, -0.0018156614, -0.0018998887, -0.0021723728, -0.0026338398, -0.0029154702, -0.0035176878, -0.0040903124, -0.004342279, -0.0047472706, -0.004998452, -0.0050609917, -0.0050499523, -0.0048427535, -0.0044170707, -0.004122626, -0.0034050436, -0.002624429, -0.002264037, -0.00170952, -0.0014694388, -0.0015877712, -0.0017776726, -0.0023882773, -0.0032389162, -0.003724811, -0.0047635324, -0.005822471, -0.0063128895, -0.006970656, -0.007335198, -0.008837719, 0, 0, 0, 0, 0, 0, 0, 0, 0, 0, 0, 0, 0
0, 0, 0, 0, 0, 0, 0, 0, 0, 0, 0, 0, 0, 0, 0, 0, 0, 0, 0, 0, 0, 0, 0, 0, 0, 0, 0, 0, 0, 0, 0, 0, 0, 0, 0, 0, 0, 0, 0, 0, 0, 0, 0, 0, 0, 0, 0, 0, 0, 0, 0, 0, 0, 0, 0, 0, 0, 0, 0, 0, 0.00226339, 0.0015150587, 0.0011996683, 0.00071733806, 0.00035205684, 0.00018574709, -0.00013235863, -0.0004310326, -0.00069850584, -0.00081564963, -0.0010106564, -0.0011411499, -0.001179365, -0.001199002, -0.0011515588, -0.0010600394, -0.0010069632, -0.00090273056, -0.0008179095, -0.0007845978, -0.0007372401, -0.00070865167, -0.00069990376, -0.0006906132, -0.0006984827, -0.00073554623, -0.0007702027, -0.0008828767, -0.0010585191, -0.0011700962, -0.0014324269, -0.0017278793, -0.0020280206, -0.0021669697, -0.0023969696, -0.002537064, -0.0025699392, -0.0025670743, -0.0024985156, -0.0024500422, -0.0023384087, -0.0022193277, -0.0020911486, -0.0020214503, -0.0018688391, -0.0017098649, -0.0016408975, -0.0015703012, -0.0016539205, -0.001930643, -0.0021334975, -0.0026273772, -0.0031615735, -0.0034205532, -0.003884491, -0.0042494964, -0.004388018, -0.004568175, -0.0046015666, -0.004452028, -0.004297189, -0.003825361, -0.0031835958, -0.0028357492, -0.002181947, -0.0016979468, -0.0014738769, -0.0014736698, -0.0016960612, -0.002196754, -0.002545523, -0.0034779885, -0.004959699, -0.006049064, -0.008478013, -0.00922983, 0, 0, 0, 0, 0, 0, 0, 0, 0, 0, 0, 0, 0, 0
0, 0, 0, 0, 0, 0, 0, 0, 0, 0, 0, 0, 0, 0, 0, 0, 0, 0, 0, 0, 0, 0, 0, 0, 0, 0, 0, 0, 0, 0, 0, 0, 0, 0, 0, 0, 0, 0, 0, 0, 0, 0, 0, 0, 0, 0, 0, 0, 0, 0, 0, 0, 0, 0, 0, 0, 0, 0, 0, 0, 0.002185468, 0.0016682623, 0.0014584147, 0.0011148092, 0.0008082683, 0.0006544331, 0.0003398657, 1.9018504e-05, -0.0002970615, -0.0004501558, -0.0007395142, -0.0009934744, -0.0011018803, -0.0012706864, -0.0013711761, -0.0014112893, -0.0014155993, -0.001407862, -0.0013954947, -0.0013927431, -0.0013967229, -0.0014123572, -0.0014224026, -0.0014437326, -0.0014602293, -0.00147403, -0.0014836475, -0.0015184947, -0.0015867773, -0.0016374586, -0.0017720511, -0.0019481933, -0.0021501519, -0.0022523995, -0.0024332611, -0.0025547454, -0.0025853908, -0.0025834104, -0.0025126017, -0.0024594592, -0.0023319558, -0.0021892276, -0.0020342858, -0.0019492592, -0.0017586295, -0.0015376424, -0.0014227442, -0.0012214876, -0.0011232871, -0.001189238, -0.0012897275, -0.0016055608, -0.0020212564, -0.0022451207, -0.0026858419, -0.0030822617, -0.003255464, -0.0035410065, -0.0037355218, -0.0038076665, -0.0037822332, -0.0035802943, -0.0031757161, -0.002913012, -0.0023356597, -0.0017903657, -0.0013824487, -0.0012548935, -0.0011772942, -0.0013531733, -0.0015438797, -0.0022199177, -0.0038091755, -0.0054878616, -0.011525396, 0, 0, 0, 0, 0, 0, 0, 0, 0, 0, 0, 0, 0, 0, 0
0, 0, 0, 0, 0, 0, 0, 0, 0, 0, 0, 0, 0, 0, 0, 0, 0, 0, 0, 0, 0, 0, 0, 0, 0, 0, 0, 0, 0, 0, 0, 0, 0, 0, 0, 0, 0, 0, 0, 0, 0, 0, 0, 0, 0, 0, 0, 0, 0, 0, 0, 0, 0, 0, 0, 0, 0, 0, 0.0055929837, 0.004150292, 0.002565442, 0.0020168154, 0.0018595472, 0.001606481, 0.0013543442, 0.0012196449, 0.0009291683, 0.00062010007, 0.00029968837, 0.00013634202, -0.00019454845, -0.0005221499, -0.000679993, -0.0009703601, -0.0012114826, -0.0013972268, -0.0014705209, -0.0015858461, -0.0016722872, -0.0017090642, -0.001777755, -0.0018484764, -0.0018849068, -0.0019582552, -0.0020246543, -0.0020767332, -0.002097301, -0.0021313517, -0.0021664915, -0.0021877806, -0.0022452867, -0.0023287663, -0.0024405653, -0.0025033264, -0.0026271993, -0.0027193632, -0.0027435117, -0.0027370006, -0.0026588698, -0.0025981688, -0.0024457306, -0.0022668382, -0.0020708973, -0.0019652678, -0.0017319975, -0.0014601819, -0.0013107946, -0.0010076964, -0.0007508324, -0.00060736085, -0.0005931145, -0.0006827242, -0.0009072514, -0.0010560357, -0.0013920207, -0.0017417307, -0.0019106655, -0.0022267173, -0.00250279, -0.0027159946, -0.0027865586, -0.0028158438, -0.0026626068, -0.002516089, -0.0021183563, -0.0016524068, -0.0012141246, -0.0010319451, -0.00079244014, -0.00076283095, -0.0008379814, -0.0012147791, -0.002076628, -0.0027436889, 0, 0, 0, 0, 0, 0, 0, 0, 0, 0, 0, 0, 0, 0, 0, 0
0, 0, 0, 0, 0, 0, 0, 0, 0, 0, 0, 0, 0, 0, 0, 0, 0, 0, 0, 0, 0, 0, 0, 0, 0, 0, 0, 0, 0, 0, 0, 0, 0, 0, 0, 0, 0, 0, 0, 0, 0, 0, 0, 0, 0, 0, 0, 0, 0, 0, 0, 0, 0, 0, 0, 0, 0, 0.004421525, 0.004128939, 0.0034452695, 0.002747937, 0.0024003154, 0.0022959497, 0.0021185582, 0.0019206732, 0.001807041, 0.0015517819, 0.001271051, 0.00097299385, 0.0008180603, 0.0004932021, 0.00014842194, -2.9452647e-05, -0.00038585736, -0.0007263627, -0.0010330545, -0.0011703527, -0.0014101018, -0.0016059675, -0.0016895635, -0.0018363352, -0.001969456, -0.002034855, -0.0021680808, -0.0023010564, -0.0024242885, -0.002478953, -0.002572955, -0.0026465752, -0.0026764784, -0.0027283605, -0.0027774258, -0.0028380014, -0.002873863, -0.0029524758, -0.0030193185, -0.0030386087, -0.003033267, -0.0029588628, -0.002896942, -0.002731791, -0.002525722, -0.0022922715, -0.00216633, -0.0018943666, -0.0015850529, -0.0014141673, -0.0010455182, -0.00067419105, -0.00035472156, -0.00023308043, -8.700341e-05, -7.74509e-05, -0.00011980596, -0.00027690717, -0.00050210505, -0.0006296195, -0.000902281, -0.0011861157, -0.0014618653, -0.0015860264, -0.0017729065, -0.0018267303, -0.0017920292, -0.0016020649, -0.001290443, -0.0009261253, -0.00075076305, -0.00047377657, -0.0003981002, -0.00046330696, -0.000768318, -0.0013834923, 0, 0, 0, 0, 0, 0, 0, 0, 0, 0, 0, 0, 0, 0, 0, 0, 0
0, 0, 0, 0, 0, 0, 0, 0, 0, 0, 0, 0, 0, 0, 0, 0, 0, 0, 0, 0, 0, 0, 0, 0, 0, 0, 0, 0, 0, 0, 0, 0, 0, 0, 0, 0, 0, 0, 0, 0, 0, 0, 0, 0, 0, 0, 0, 0, 0, 0, 0, 0, 0, 0, 0, 0, 0.0029272488, 0.0029932389, 0.0029351753, 0.0028091904, 0.0026830574, 0.002608017, 0.002579909, 0.0025074333, 0.0023862228, 0.0023039726, 0.0021021008, 0.0018638764, 0.0016037833, 0.001467257, 0.001177936, 0.0008606939, 0.0006904617, 0.00032921834, -4.6918074e-05, -0.00041995518, -0.00059957936, -0.00093634555, -0.0012335264, -0.0013652906, -0.0015993168, -0.0018050559, -0.0019026188, -0.0020979657, -0.002297539, -0.0024959522, -0.0025922833, -0.0027715398, -0.002926956, -0.0029933234, -0.0031012981, -0.0031794969, -0.003242767, -0.0032734422, -0.0033373763, -0.003396585, -0.0034176486, -0.0034272901, -0.0033752967, -0.0033241427, -0.003173206, -0.0029651169, -0.0027146584, -0.0025765058, -0.0022793484, -0.0019503174, -0.0017694365, -0.0013745086, -0.0009439549, -0.000511893, -0.00031080435, 3.262854e-05, 0.00027251567, 0.00034812113, 0.00041503445, 0.00038006867, 0.00033005618, 0.00017544618, -3.9527647e-05, -0.00029709263, -0.00043321121, -0.00068921153, -0.000874728, -0.0009231547, -0.0009139179, -0.00076905405, -0.0005307742, -0.0003975922, -0.00016708791, -0.0001437661, -0.0003195079, -0.00060930813, 0, 0, 0, 0, 0, 0, 0, 0, 0, 0, 0, 0, 0, 0, 0, 0, 0, 0
0, 0, 0, 0, 0, 0, 0, 0, 0, 0, 0, 0, 0, 0, 0, 0, 0, 0, 0, 0, 0, 0, 0, 0, 0, 0, 0, 0, 0, 0, 0, 0, 0, 0, 0, 0, 0, 0, 0, 0, 0, 0, 0, 0, 0, 0, 0, 0, 0, 0, 0, 0, 0, 0, 0, 0.0023271223, 0.0020829113, 0.002065588, 0.0021072226, 0.0022455158, 0.0023989202, 0.0025285513, 0.0025768024, 0.0026301106, 0.0026135368, 0.0025785754, 0.0024591284, 0.0022857343, 0.0020783932, 0.0019657945, 0.0017254732, 0.0014585296, 0.0013126421, 0.000993221, 0.00064116775, 0.0002657696, 7.372618e-05, -0.0003092341, -0.000675483, -0.0008475164, -0.0011643829, -0.0014477969, -0.0015805087, -0.0018376859, -0.0020948795, -0.0023545208, -0.0024851502, -0.0027410048, -0.0029817536, -0.003092366, -0.0032856213, -0.0034366373, -0.0035508138, -0.0035990064, -0.0036868532, -0.003765917, -0.003799525, -0.0038426002, -0.0038359119, -0.0038091461, -0.0037031358, -0.0035277426, -0.003292928, -0.0031570776, -0.0028572788, -0.0025249515, -0.0023454765, -0.001953725, -0.0015145984, -0.0010411524, -0.0007995374, -0.0003340378, 8.153081e-05, 0.00026065914, 0.0005496005, 0.00073735986, 0.00079063076, 0.0008177471, 0.0007448547, 0.00058553496, 0.00048091548, 0.00024531406, 1.9966257e-05, -7.0313974e-05, -0.00017411404, -0.00015784171, -4.353679e-05, 2.7744802e-05, 0.00014968538, 0.00018828991, 0, 0, 0, 0, 0, 0, 0, 0, 0, 0, 0, 0, 0, 0, 0, 0, 0, 0, 0, 0
0, 0, 0, 0, 0, 0, 0, 0, 0, 0, 0, 0, 0, 0, 0, 0, 0, 0, 0, 0, 0, 0, 0, 0, 0, 0, 0, 0, 0, 0, 0, 0, 0, 0, 0, 0, 0, 0, 0, 0, 0, 0, 0, 0, 0, 0, 0, 0, 0, 0, 0, 0, 0, 0.0023131608, 0.0018979138, 0.0017085779, 0.001493495, 0.0014784496, 0.0015337332, 0.0017205732, 0.0019502064, 0.0021701665, 0.0022666487, 0.0024220054, 0.0025138499, 0.0025330572, 0.0025168143, 0.0024326462, 0.0022958063, 0.0022131768, 0.0020269984, 0.0018151009, 0.0016989118, 0.0014420928, 0.0011514303, 0.00082565245, 0.00065052224, 0.00028051576, -0.00010422381, -0.0002963159, -0.00066907547, -0.0010175325, -0.0011816118, -0.0014948467, -0.0017973401, -0.0020974705, -0.0022486413, -0.0025510285, -0.0028493886, -0.00299391, -0.0032644887, -0.0034983482, -0.0036909163, -0.0037727202, -0.0039170845, -0.0040429276, -0.0040995693, -0.0041942773, -0.004250228, -0.00425826, -0.00422494, -0.0041168174, -0.003935053, -0.0038190112, -0.0035473176, -0.0032334742, -0.0030631395, -0.0026920284, -0.0022760134, -0.0018130919, -0.0015670555, -0.0010604702, -0.0005534137, -0.0003078252, 0.00014998716, 0.00053952984, 0.00069994107, 0.00093889254, 0.0010597968, 0.0010654703, 0.001029352, 0.0008962488, 0.0007200514, 0.0006344976, 0.00051089516, 0.000490495, 0.0005478979, 0.00056268927, 0.0004404324, 0, 0, 0, 0, 0, 0, 0, 0, 0, 0, 0, 0, 0, 0, 0, 0, 0, 0, 0, 0, 0
0, 0, 0, 0, 0, 0, 0, 0, 0, 0, 0, 0, 0, 0, 0, 0, 0, 0, 0, 0, 0, 0, 0, 0, 0, 0, 0, 0, 0, 0, 0, 0, 0, 0, 0, 0, 0, 0, 0, 0, 0, 0, 0, 0, 0, 0, 0, 0, 0, 0, 0, 0, 0, 0.0013338568, 0.0012025353, 0.00110903, 0.0009953204, 0.0010039697, 0.0010489811, 0.0012000008, 0.0013991271, 0.0016147398, 0.001720953, 0.001918691, 0.002081823, 0.0021453965, 0.0022269033, 0.0022402504, 0.0021870947, 0.0021399355, 0.0020136228, 0.0018560098, 0.0017675335, 0.0015731909, 0.0013534606, 0.0011031944, 0.00096443336, 0.00065687293, 0.0003110937, 0.0001270222, -0.00025136158, -0.0006278499, -0.0008103089, -0.0011603325, -0.0014924911, -0.0018123115, -0.0019701594, -0.0022856316, -0.0026039027, -0.00276332, -0.00307826, -0.0033758858, -0.0036437942, -0.0037645323, -0.00398096, -0.004169702, -0.0042555556, -0.004409893, -0.0045337845, -0.0045801867, -0.0046316586, -0.0046145646, -0.004519008, -0.004441759, -0.0042330227, -0.003965397, -0.003813273, -0.0034766204, -0.003095607, -0.0026697773, -0.002440594, -0.0019523659, -0.0014321262, -0.0011641554, -0.00062296476, -0.00010015858, 0.00014367567, 0.0005719046, 0.00089657033, 0.0011000916, 0.0011562987, 0.0011842446, 0.0011296557, 0.0010901407, 0.0010413491, 0.0011136838, 0.0012971715, 0.0013239213, 0, 0, 0, 0, 0, 0, 0, 0, 0, 0, 0, 0, 0, 0, 0, 0, 0, 0, 0, 0, 0, 0
0, 0, 0, 0, 0, 0, 0, 0, 0, 0, 0, 0, 0, 0, 0, 0, 0, 0, 0, 0, 0, 0, 0, 0, 0, 0, 0, 0, 0, 0, 0, 0, 0, 0, 0, 0, 0, 0, 0, 0, 0, 0, 0, 0, 0, 0, 0, 0, 0, 0, 0, 0, 0.0006485299, 0.00068727264, 0.0006149476, 0.00057468377, 0.0005297384, 0.00054584374, 0.0005761245, 0.0006731755, 0.0008051674, 0.0009624532, 0.0010471372, 0.0012228792, 0.0013968621, 0.001478596, 0.001617577, 0.0017077702, 0.0017353403, 0.001725443, 0.0016644575, 0.0015619183, 0.0014996687, 0.0013599315, 0.0012038976, 0.0010296581, 0.0009328667, 0.0007134444, 0.00045096476, 0.00030200917, -2.4579675e-05, -0.0003763299, -0.0005551709, -0.00090817217, -0.001245434, -0.0015650472, -0.0017193897, -0.0020230215, -0.0023284748, -0.002484291, -0.0028053825, -0.0031321843, -0.0034497, -0.0036009464, -0.003881039, -0.00412979, -0.0042433473, -0.0044508856, -0.0046321116, -0.00471107, -0.004839278, -0.0049149357, -0.004922018, -0.004896037, -0.004783068, -0.0045930045, -0.004472326, -0.004188234, -0.0038531024, -0.003473069, -0.0032668675, -0.0028244783, -0.0023416595, -0.0020855719, -0.0015444148, -0.000977631, -0.0006922515, -0.00014211856, 0.00034588447, 0.00073645095, 0.0008875688, 0.001100288, 0.0012145458, 0.001252495, 0.0013474056, 0.0015865534, 0.0021870453, 0.0023829842, 0, 0, 0, 0, 0, 0, 0, 0, 0, 0, 0, 0, 0, 0, 0, 0, 0, 0, 0, 0, 0, 0
0, 0, 0, 0, 0, 0, 0, 0, 0, 0, 0, 0, 0, 0, 0, 0, 0, 0, 0, 0, 0, 0, 0, 0, 0, 0, 0, 0, 0, 0, 0, 0, 0, 0, 0, 0, 0, 0, 0, 0, 0, 0, 0, 0, 0, 0, 0, 0, 0, 0, 0.0005980687, 0.00043478073, 0.00038693714, 0.0002944889, 0.00019777525, 0.00015717646, 0.00010691165, 9.936974e-05, 0.00010915731, 0.0001505739, 0.00021443391, 0.0002963004, 0.0003437151, 0.00045242315, 0.0005789145, 0.0006475235, 0.0007845637, 0.00090490386, 0.0009857952, 0.0010066498, 0.0010088419, 0.00096337835, 0.0009271246, 0.00083701214, 0.0007327432, 0.0006198301, 0.00056000316, 0.00042686003, 0.00026249464, 0.00016415662, -6.913938e-05, -0.00034589425, -0.00049614144, -0.0008074349, -0.0011176164, -0.0014144978, -0.0015570923, -0.0018327467, -0.0021054943, -0.002245526, -0.0025404366, -0.0028573184, -0.0031867858, -0.0033503475, -0.0036647292, -0.003951366, -0.004082958, -0.004324479, -0.004540181, -0.0046388526, -0.004817658, -0.004963635, -0.0050625578, -0.005088429, -0.0050839456, -0.004996834, -0.004922085, -0.0047164285, -0.004445012, -0.004118814, -0.0039385976, -0.0035492114, -0.003122138, -0.002894488, -0.0024054851, -0.0018695629, -0.0015862926, -0.0010010487, -0.0004237035, 0.00010114494, 0.00033094824, 0.0007133869, 0.0010149207, 0.0011573168, 0.0014743535, 0.0017508506, 0, 0, 0, 0, 0, 0, 0, 0, 0, 0, 0, 0, 0, 0, 0, 0, 0, 0, 0, 0, 0, 0, 0, 0
0, 0, 0, 0, 0, 0, 0, 0, 0, 0, 0, 0, 0, 0, 0, 0, 0, 0, 0, 0, 0, 0, 0, 0, 0, 0, 0, 0, 0, 0, 0, 0, 0, 0, 0, 0, 0, 0, 0, 0, 0, 0, 0, 0, 0, 0, 0, 0, 0, 0, 0.00056323904, 0.00034897527, 0.00025392327, 8.429223e-05, -6.586451e-05, -0.00013092648, -0.00023491083, -0.00029969632, -0.0003187789, -0.00033817868, -0.00033927648, -0.00032932128, -0.0003208619, -0.0002956668, -0.00025246327, -0.0002218341, -0.0001429212, -4.9319828e-05, 3.9190032e-05, 7.4718635e-05, 0.00011947018, 0.00012500484, 0.00011442256, 7.133299e-05, 9.723059e-06, -5.8951307e-05, -9.2793234e-05, -0.00016150757, -0.00024108244, -0.00029035078, -0.0004187086, -0.00059372594, -0.00069718156, -0.000929146, -0.0011776409, -0.0014262134, -0.0015469946, -0.0017806549, -0.002008537, -0.0021244362, -0.0023698884, -0.0026423803, -0.0029403744, -0.003094817, -0.0034022979, -0.003693303, -0.0038289141, -0.004078353, -0.004301035, -0.004404636, -0.0045986488, -0.0047770836, -0.0049329964, -0.0049977354, -0.0050865463, -0.0051035387, -0.0050811204, -0.004972822, -0.004784363, -0.004527094, -0.004377262, -0.0040436336, -0.0036745928, -0.0034778905, -0.003058333, -0.0025937704, -0.0023415538, -0.001797095, -0.0012152919, -0.0006373733, -0.0003649392, 0.00013233958, 0.00060143805, 0.0008645545, 0.0015829836, 0, 0, 0, 0, 0, 0, 0, 0, 0, 0, 0, 0, 0, 0, 0, 0, 0, 0, 0, 0, 0, 0, 0, 0, 0
0, 0, 0, 0, 0, 0, 0, 0, 0, 0, 0, 0, 0, 0, 0, 0, 0, 0, 0, 0, 0, 0, 0, 0, 0, 0, 0, 0, 0, 0, 0, 0, 0, 0, 0, 0, 0, 0, 0, 0, 0, 0, 0, 0, 0, 0, 0, 0, 0, 0.0011041535, 0.0006473412, 0.00037816013, 0.00026482076, 4.9434966e-05, -0.00015984329, -0.0002596815, -0.0004421324, -0.0005898004, -0.0006501542, -0.0007457318, -0.000816422, -0.0008740641, -0.00090105593, -0.00095399655, -0.0010013618, -0.0010185328, -0.00103178, -0.0010120015, -0.0009670832, -0.00094014336, -0.000890255, -0.00085678126, -0.00084913283, -0.0008532041, -0.0008803492, -0.0009185781, -0.00093759596, -0.00097004435, -0.0009962154, -0.0010108068, -0.0010541357, -0.0011301949, -0.0011830886, -0.0013167202, -0.0014780868, -0.001654124, -0.0017432369, -0.0019179742, -0.002088198, -0.0021725658, -0.002349539, -0.002549673, -0.0027792752, -0.002904006, -0.0031633952, -0.0034213709, -0.0035450945, -0.0037755829, -0.003982195, -0.0040776366, -0.0042575034, -0.0044294354, -0.0045967777, -0.0046766517, -0.0048173647, -0.0049110027, -0.0049329125, -0.00491754, -0.0048189815, -0.0046422207, -0.004527616, -0.004256461, -0.00394312, -0.0037748318, -0.0034189606, -0.0030319754, -0.0028228734, -0.002366629, -0.0018611682, -0.0013343479, -0.0010756309, -0.00057258847, -3.0962071e-06, 0.00040902986, 0, 0, 0, 0, 0, 0, 0, 0, 0, 0, 0, 0, 0, 0, 0, 0, 0, 0, 0, 0, 0, 0, 0, 0, 0, 0
0, 0, 0, 0, 0, 0, 0, 0, 0, 0, 0, 0, 0, 0, 0, 0, 0, 0, 0, 0, 0, 0, 0, 0, 0, 0, 0, 0, 0, 0, 0, 0, 0, 0, 0, 0, 0, 0, 0, 0, 0, 0, 0, 0, 0, 0, 0, 0.0020402817, 0.0017827326, 0.0011463355, 0.00076108385, 0.0005047732, 0.00039228873, 0.0001653541, -8.089545e-05, -0.0002099625, -0.00046923605, -0.00071085285, -0.0008198621, -0.0010100757, -0.0011635213, -0.0012928109, -0.0013530853, -0.0014732501, -0.0015984137, -0.0016600222, -0.0017707291, -0.0018491056, -0.0018872656, -0.0018922343, -0.0018831162, -0.0018612527, -0.0018507771, -0.0018381407, -0.0018432883, -0.0018638325, -0.001876327, -0.0018968303, -0.0019036753, -0.0019020585, -0.0018963554, -0.0019005433, -0.0019101151, -0.0019502388, -0.0020169956, -0.0021047674, -0.0021540627, -0.0022547834, -0.0023533998, -0.002400729, -0.002496266, -0.0026055977, -0.0027407694, -0.0028197898, -0.0029964345, -0.0031871141, -0.0032835514, -0.0034700227, -0.0036416377, -0.0037208397, -0.0038681168, -0.0040073493, -0.0041484316, -0.004220843, -0.004362215, -0.0044836747, -0.004528288, -0.0045748632, -0.004550021, -0.0044487477, -0.0043708067, -0.0041657966, -0.003907566, -0.0037645681, -0.0034593465, -0.0031366672, -0.0029689716, -0.0026195329, -0.0022599492, -0.0019151025, -0.0017588614, -0.0014661904, -0.0010184334, 0, 0, 0, 0, 0, 0, 0, 0, 0, 0, 0, 0, 0, 0, 0, 0, 0, 0, 0, 0, 0, 0, 0, 0, 0, 0, 0
0, 0, 0, 0, 0, 0, 0, 0, 0, 0, 0, 0, 0, 0, 0, 0, 0, 0, 0, 0, 0, 0, 0, 0, 0, 0, 0, 0, 0, 0, 0, 0, 0, 0, 0, 0, 0, 0, 0, 0, 0, 0, 0, 0, 0, 0, 0, 0.0016691274, 0.0014989063, 0.0011376218, 0.00086510484, 0.0006574268, 0.0005618614, 0.0003571238, 0.000113048074, -2.5826514e-05, -0.00032858798, -0.00064419763, -0.0007982346, -0.0010849859, -0.0013323174, -0.0015409905, -0.0016355139, -0.0018170956, -0.002002842, -0.0020990358, -0.00229102, -0.0024655752, -0.0026040636, -0.002656208, -0.0027272503, -0.0027597898, -0.0027667219, -0.0027709573, -0.0027773208, -0.002794988, -0.0028074526, -0.002831482, -0.0028422275, -0.0028396612, -0.002818613, -0.0027845546, -0.0027664548, -0.0027353696, -0.0027182589, -0.0027193518, -0.002726087, -0.0027462959, -0.002766957, -0.0027748474, -0.002785955, -0.0028004802, -0.002832102, -0.0028578688, -0.0029300395, -0.003027101, -0.0030819124, -0.0031985731, -0.0033162178, -0.0033725568, -0.0034779003, -0.003574088, -0.0036697625, -0.003719622, -0.0038234198, -0.0039245696, -0.003968185, -0.004030634, -0.004043832, -0.0039965287, -0.003948367, -0.0038022497, -0.0035973059, -0.0034770295, -0.0032108303, -0.002930046, -0.0027920206, -0.0025473095, -0.0023904643, -0.002370246, -0.0024195192, -0.0025634828, 0, 0, 0, 0, 0, 0, 0, 0, 0, 0, 0, 0, 0, 0, 0, 0, 0, 0, 0, 0, 0, 0, 0, 0, 0, 0, 0, 0
0, 0, 0, 0, 0, 0, 0, 0, 0, 0, 0, 0, 0, 0, 0, 0, 0, 0, 0, 0, 0, 0, 0, 0, 0, 0, 0, 0, 0, 0, 0, 0, 0, 0, 0, 0, 0, 0, 0, 0, 0, 0, 0, 0, 0, 0, 0.0018220703, 0.0014344474, 0.0013043986, 0.0010869859, 0.0009077183, 0.0007537528, 0.0006798576, 0.0005182552, 0.00031331225, 0.00018870438, -0.000106565734, -0.00044748103, -0.00062738406, -0.0009843828, -0.0013150469, -0.0016034569, -0.0017325833, -0.001972886, -0.002206971, -0.0023272717, -0.0025755246, -0.0028245163, -0.003054318, -0.0031563805, -0.0033254288, -0.0034438767, -0.003484964, -0.0035410544, -0.0035773537, -0.003611159, -0.003629491, -0.0036663124, -0.0036917129, -0.0036956717, -0.0036818483, -0.003638144, -0.003607503, -0.003535774, -0.0034598906, -0.0033905758, -0.00335997, -0.0033070021, -0.0032560998, -0.0032286043, -0.0031672365, -0.003099653, -0.0030373193, -0.0030117247, -0.0029756634, -0.0029648854, -0.0029684706, -0.0029923557, -0.003033856, -0.003058772, -0.0031102467, -0.0031589235, -0.0032047897, -0.0032287291, -0.0032787847, -0.0033331804, -0.0033590563, -0.0034000408, -0.0034149245, -0.003391072, -0.0033612675, -0.003258952, -0.0030984466, -0.0029971965, -0.0027614126, -0.0025040798, -0.002383453, -0.002223906, -0.0023226948, -0.0027669638, -0.0031385294, 0, 0, 0, 0, 0, 0, 0, 0, 0, 0, 0, 0, 0, 0, 0, 0, 0, 0, 0, 0, 0, 0, 0, 0, 0, 0, 0, 0, 0
0, 0, 0, 0, 0, 0, 0, 0, 0, 0, 0, 0, 0, 0, 0, 0, 0, 0, 0, 0, 0, 0, 0, 0, 0, 0, 0, 0, 0, 0, 0, 0, 0, 0, 0, 0, 0, 0, 0, 0, 0, 0, 0, 0, 0.0015360465, 0.001461648, 0.0013313309, 0.0011558769, 0.0010851278, 0.00096216967, 0.00084470987, 0.00073061866, 0.0006744254, 0.00055520056, 0.00040415267, 0.00030839266, 6.594955e-05, -0.00024441787, -0.0004201381, -0.0007944026, -0.0011695727, -0.001516606, -0.0016752173, -0.0019663516, -0.0022386373, -0.0023747599, -0.002654824, -0.0029480779, -0.0032420836, -0.0033829615, -0.0036400135, -0.0038500654, -0.0039344616, -0.004064575, -0.0041543776, -0.0042232852, -0.0042539844, -0.004310717, -0.004354769, -0.004368488, -0.0043723164, -0.00433914, -0.0043089665, -0.004226169, -0.004122351, -0.0040099537, -0.003954001, -0.0038471653, -0.0037425484, -0.0036894237, -0.003575879, -0.0034507264, -0.0033173605, -0.0032510862, -0.0031230734, -0.0030090832, -0.0029595678, -0.0028788014, -0.0028253184, -0.002807567, -0.002786321, -0.0027764507, -0.00277161, -0.0027702292, -0.0027708726, -0.002775248, -0.0027783625, -0.0027827485, -0.002778129, -0.0027539628, -0.0027304583, -0.0026530526, -0.0025257121, -0.0024414721, -0.002236487, -0.0020027207, -0.0018939303, -0.0017905373, -0.002148252, -0.0031219488, 0, 0, 0, 0, 0, 0, 0, 0, 0, 0, 0, 0, 0, 0, 0, 0, 0, 0, 0, 0, 0, 0, 0, 0, 0, 0, 0, 0, 0, 0
0, 0, 0, 0, 0, 0, 0, 0, 0, 0, 0, 0, 0, 0, 0, 0, 0, 0, 0, 0, 0, 0, 0, 0, 0, 0, 0, 0, 0, 0, 0, 0, 0, 0, 0, 0, 0, 0, 0, 0, 0, 0, 0, 0, 0.0008093746, 0.0008331514, 0.00081086124, 0.0007711751, 0.0007526841, 0.00070713693, 0.0006379033, 0.00055255566, 0.00050784316, 0.00041609758, 0.00030961167, 0.00024369814, 7.132451e-05, -0.00016830585, -0.000313652, -0.0006451038, -0.0010075907, -0.0013678969, -0.001539795, -0.001860767, -0.0021577545, -0.0023023123, -0.0025955199, -0.0029030505, -0.0032241095, -0.003385617, -0.0036977695, -0.0039773234, -0.0040992787, -0.0043031042, -0.0044562565, -0.004572318, -0.004621263, -0.004706038, -0.004772931, -0.004797836, -0.0048254314, -0.004815651, -0.0047957213, -0.004726674, -0.0046236934, -0.0044989954, -0.0044325474, -0.004296635, -0.004160102, -0.0040907348, -0.0039452864, -0.0037857485, -0.00361037, -0.0035175825, -0.0033266714, -0.0031348376, -0.0030413654, -0.0028654512, -0.0027124444, -0.0026460455, -0.0025347348, -0.0024486782, -0.0023843944, -0.0023581246, -0.0023144227, -0.002278802, -0.0022627793, -0.0022335628, -0.0022042154, -0.0021687408, -0.0021450834, -0.0020790433, -0.0019757804, -0.0019077279, -0.0017435327, -0.0015667798, -0.0014916969, -0.0014342098, -0.0016645816, 0, 0, 0, 0, 0, 0, 0, 0, 0, 0, 0, 0, 0, 0, 0, 0, 0, 0, 0, 0, 0, 0, 0, 0, 0, 0, 0, 0, 0, 0, 0
0, 0, 0, 0, 0, 0, 0, 0, 0, 0, 0, 0, 0, 0, 0, 0, 0, 0, 0, 0, 0, 0, 0, 0, 0, 0, 0, 0, 0, 0, 0, 0, 0, 0, 0, 0, 0, 0, 0, 0, 0, 0, 0, -0.00031954097, 9.461574e-05, 0.00015580696, 0.000200775, 0.0002345755, 0.00025130427, 0.00026845603, 0.00024819275, 0.00019389961, 0.00015890988, 8.418601e-05, 4.4771455e-06, -3.985359e-05, -0.00015127508, -0.00030914042, -0.0004095501, -0.000654965, -0.00094839756, -0.0012671708, -0.0014280905, -0.0017421533, -0.0020406148, -0.0021852704, -0.0024738598, -0.0027717978, -0.003085201, -0.0032463672, -0.0035692318, -0.003877372, -0.004019725, -0.0042720274, -0.0044781687, -0.0046420083, -0.004710964, -0.0048294533, -0.0049241, -0.0049626837, -0.0050181122, -0.005039142, -0.0050349296, -0.004995662, -0.00491688, -0.004806003, -0.0047418145, -0.0046017934, -0.0044523804, -0.00437469, -0.004211597, -0.004033921, -0.0038388453, -0.0037339998, -0.0035113788, -0.0032769262, -0.0031573002, -0.0029176632, -0.002686093, -0.0025763554, -0.0023747599, -0.0022037302, -0.0020675145, -0.0020116162, -0.0019200001, -0.0018481853, -0.0018171743, -0.0017608694, -0.0017093635, -0.0016597158, -0.0016336901, -0.0015731686, -0.0014913549, -0.001440766, -0.0013305784, -0.0012655573, -0.0012834719, -0.0014114067, 0, 0, 0, 0, 0, 0, 0, 0, 0, 0, 0, 0, 0, 0, 0, 0, 0, 0, 0, 0, 0, 0, 0, 0, 0, 0, 0, 0, 0, 0, 0, 0
0, 0, 0, 0, 0, 0, 0, 0, 0, 0, 0, 0, 0, 0, 0, 0, 0, 0, 0, 0, 0, 0, 0, 0, 0, 0, 0, 0, 0, 0, 0, 0, 0, 0, 0, 0, 0, 0, 0, 0, 0, 0, -0.0010889018, -0.0007446133, -0.00059557264, -0.0005702497, -0.00053970504, -0.00048786352, -0.00045415334, -0.00039127987, -0.00036023193, -0.00037256005, -0.00039196582, -0.00044529824, -0.0005054082, -0.0005361967, -0.0006036551, -0.0006900279, -0.00074541353, -0.00088896573, -0.0010791662, -0.001309629, -0.0014356285, -0.001698637, -0.0019645642, -0.002096632, -0.0023605076, -0.0026277239, -0.0029060584, -0.0030492572, -0.00334157, -0.0036314814, -0.0037714934, -0.004033299, -0.004263066, -0.0044582374, -0.004543648, -0.0046922965, -0.004814764, -0.004866631, -0.0049501164, -0.0050021783, -0.0050147274, -0.005010451, -0.0049663577, -0.0048861336, -0.004834189, -0.0047103334, -0.004565253, -0.0044860207, -0.0043166205, -0.00413142, -0.0039300257, -0.003822504, -0.0035949277, -0.0033515538, -0.0032247028, -0.002963645, -0.0026951067, -0.002560156, -0.0022963984, -0.0020525807, -0.0018427814, -0.001752429, -0.0016028598, -0.0014863544, -0.0014377782, -0.0013526769, -0.0012787845, -0.0012115769, -0.0011801877, -0.001121492, -0.0010638873, -0.001035041, -0.0009933725, -0.0010565011, -0.0012102771, -0.0017553385, 0, 0, 0, 0, 0, 0, 0, 0, 0, 0, 0, 0, 0, 0, 0, 0, 0, 0, 0, 0, 0, 0, 0, 0, 0, 0, 0, 0, 0, 0, 0, 0
0, 0, 0, 0, 0, 0, 0, 0, 0, 0, 0, 0, 0, 0, 0, 0, 0, 0, 0, 0, 0, 0, 0, 0, 0, 0, 0, 0, 0, 0, 0, 0, 0, 0, 0, 0, 0, 0, 0, 0, 0, -0.0030408183, -0.0019361448, -0.0014384948, -0.0013786478, -0.00139177, -0.0014101113, -0.0013809812, -0.0013487433, -0.0012682417, -0.0011967729, -0.0011600907, -0.001156427, -0.0011720363, -0.0012034398, -0.0012204561, -0.0012523659, -0.0012828363, -0.0013009412, -0.0013511623, -0.0014311689, -0.0015505226, -0.0016250131, -0.0017982372, -0.0019951847, -0.002098451, -0.0023099103, -0.002525729, -0.0027470954, -0.0028602304, -0.003091066, -0.0033249448, -0.0034416185, -0.0036699784, -0.0038857663, -0.004082455, -0.0041725617, -0.0043349653, -0.0044740527, -0.0045346613, -0.0046369396, -0.004710546, -0.004735247, -0.0047591785, -0.0047480343, -0.004703077, -0.004668618, -0.004575178, -0.0044519855, -0.0043798406, -0.004218418, -0.004037522, -0.0038405142, -0.0037370517, -0.003519994, -0.0032913375, -0.003172554, -0.0029260877, -0.0026653844, -0.002529187, -0.0022494532, -0.0019684676, -0.0017044334, -0.0015839481, -0.0013728751, -0.0012021036, -0.0011298701, -0.0010062405, -0.000901567, -0.00080875854, -0.00076723006, -0.0006987552, -0.0006647306, -0.0006679452, -0.0007324191, -0.00087326055, -0.0009570648, 0, 0, 0, 0, 0, 0, 0, 0, 0, 0, 0, 0, 0, 0, 0, 0, 0, 0, 0, 0, 0, 0, 0, 0, 0, 0, 0, 0, 0, 0, 0, 0, 0
0, 0, 0, 0, 0, 0, 0, 0, 0, 0, 0, 0, 0, 0, 0, 0, 0, 0, 0, 0, 0, 0, 0, 0, 0, 0, 0, 0, 0, 0, 0, 0, 0, 0, 0, 0, 0, 0, 0, 0, -0.00366554, -0.0030720397, -0.002393953, -0.0021668065, -0.0022031579, -0.0022512772, -0.002332741, -0.0023576247, -0.0023463245, -0.002287175, -0.0022052012, -0.0021323436, -0.0021053273, -0.0020724582, -0.0020602047, -0.0020573689, -0.0020505139, -0.002035016, -0.0020237132, -0.0020001254, -0.001985824, -0.0019965933, -0.0020147385, -0.0020786996, -0.0021759677, -0.002234191, -0.002363872, -0.0025038058, -0.002648866, -0.0027231127, -0.0028730982, -0.0030267537, -0.003105533, -0.0032669907, -0.0034320233, -0.0035951112, -0.0036741819, -0.003822634, -0.0039552725, -0.0040146294, -0.004117098, -0.004194572, -0.004222993, -0.0042592613, -0.0042680465, -0.0042520147, -0.0042342287, -0.004178082, -0.004090485, -0.0040347823, -0.0039013547, -0.0037425018, -0.0035646125, -0.003470345, -0.0032741413, -0.0030711903, -0.0029675995, -0.0027561646, -0.0025331534, -0.0024144305, -0.0021607091, -0.0018876322, -0.0016075323, -0.0014705657, -0.0012154176, -0.0009942176, -0.00089746603, -0.0007301331, -0.0005880209, -0.00046066268, -0.0004019039, -0.0003058884, -0.0002783119, -0.00031538153, -0.00054647104, -0.0009614993, 0, 0, 0, 0, 0, 0, 0, 0, 0, 0, 0, 0, 0, 0, 0, 0, 0, 0, 0, 0, 0, 0, 0, 0, 0, 0, 0, 0, 0, 0, 0, 0, 0, 0
0, 0, 0, 0, 0, 0, 0, 0, 0, 0, 0, 0, 0, 0, 0, 0, 0, 0, 0, 0, 0, 0, 0, 0, 0, 0, 0, 0, 0, 0, 0, 0, 0, 0, 0, 0, 0, 0, 0, -0.0031103024, -0.0029419078, -0.0028245307, -0.0027263786, -0.0027922832, -0.0029462043, -0.0030311097, -0.0031822387, -0.0032812941, -0.0033064035, -0.0033083318, -0.0032594518, -0.003186062, -0.0031474857, -0.00307626, -0.003017163, -0.0029908859, -0.0029393593, -0.002880869, -0.0028471642, -0.0027702656, -0.0026871632, -0.0026103498, -0.002578539, -0.002534819, -0.002520242, -0.0025235703, -0.0025474047, -0.002588784, -0.0026398376, -0.0026674096, -0.0027250373, -0.0027865274, -0.0028196778, -0.0028943582, -0.0029817016, -0.003080286, -0.0031318008, -0.0032352274, -0.0033333763, -0.0033785612, -0.0034579746, -0.0035186978, -0.0035412959, -0.0035707606, -0.003581895, -0.0035785455, -0.0035720465, -0.003547396, -0.0035014076, -0.0034685808, -0.00338103, -0.0032645427, -0.003123664, -0.0030455831, -0.0028794273, -0.0027066562, -0.0026201215, -0.002446687, -0.0022690624, -0.0021756713, -0.001971584, -0.0017400855, -0.0014839087, -0.0013510165, -0.0010866486, -0.0008400047, -0.0007274824, -0.0005268111, -0.0003530889, -0.0001934354, -0.000115713025, 2.3223974e-05, 8.147755e-05, 3.2316697e-05, -0.00020505534, 0, 0, 0, 0, 0, 0, 0, 0, 0, 0, 0, 0, 0, 0, 0, 0, 0, 0, 0, 0, 0, 0, 0, 0, 0, 0, 0, 0, 0, 0, 0, 0, 0, 0, 0
0, 0, 0, 0, 0, 0, 0, 0, 0, 0, 0, 0, 0, 0, 0, 0, 0, 0, 0, 0, 0, 0, 0, 0, 0, 0, 0, 0, 0, 0, 0, 0, 0, 0, 0, 0, 0, 0, -0.003619899, -0.0028923478, -0.0026966177, -0.0027557858, -0.0029861731, -0.0032553477, -0.003513855, -0.0036341534, -0.0038520945, -0.004026977, -0.004094211, -0.004180859, -0.004204044, -0.004173149, -0.0041433806, -0.00406613, -0.0039783265, -0.0039333506, -0.0038413564, -0.003744658, -0.0036928954, -0.0035788785, -0.003452111, -0.0033160392, -0.0032477311, -0.0031166899, -0.0029990494, -0.0029469852, -0.0028580274, -0.0027877435, -0.0027324357, -0.002708658, -0.0026670522, -0.002631739, -0.002617206, -0.002597138, -0.0025922903, -0.0026050187, -0.0026171429, -0.0026499813, -0.0026884992, -0.0027081564, -0.0027435056, -0.0027698178, -0.0027783022, -0.002785517, -0.0027819138, -0.0027734563, -0.002768771, -0.0027591875, -0.0027450789, -0.002733764, -0.0026958843, -0.0026341456, -0.0025445602, -0.002489228, -0.0023641803, -0.0022263865, -0.002156372, -0.002017281, -0.0018799526, -0.0018093734, -0.0016577401, -0.0014819119, -0.0012776735, -0.0011657513, -0.00093130296, -0.00069652963, -0.0005836334, -0.0003745521, -0.00018773648, -1.2382798e-05, 7.609947e-05, 0.00025151463, 0.00038136952, 0.0003963888, 0, 0, 0, 0, 0, 0, 0, 0, 0, 0, 0, 0, 0, 0, 0, 0, 0, 0, 0, 0, 0, 0, 0, 0, 0, 0, 0, 0, 0, 0, 0, 0, 0, 0, 0, 0
0, 0, 0, 0, 0, 0, 0, 0, 0, 0, 0, 0, 0, 0, 0, 0, 0, 0, 0, 0, 0, 0, 0, 0, 0, 0, 0, 0, 0, 0, 0, 0, 0, 0, 0, 0, 0, -0.0024827234, -0.0025115034, -0.0024650123, -0.0026187429, -0.0027808773, -0.0031693187, -0.0035491423, -0.0038799364, -0.004027815, -0.004295809, -0.004531289, -0.004634422, -0.0048042233, -0.0049136532, -0.0049569234, -0.0049546636, -0.0049104216, -0.004826997, -0.004775639, -0.004661126, -0.004537307, -0.0044723735, -0.0043347953, -0.004183425, -0.004014897, -0.003924821, -0.0037350152, -0.0035388533, -0.003441124, -0.0032515575, -0.003074424, -0.0029127225, -0.002837699, -0.002697079, -0.002567752, -0.0025066503, -0.0023932531, -0.002293575, -0.002211648, -0.0021776815, -0.0021235526, -0.0020855253, -0.0020711424, -0.0020485467, -0.0020287826, -0.0020182112, -0.0019939628, -0.0019657407, -0.0019381262, -0.0019260877, -0.0019101483, -0.001904336, -0.001903669, -0.0019003709, -0.001885423, -0.0018481468, -0.0018194385, -0.0017430506, -0.0016482235, -0.0015971357, -0.0014928954, -0.0013903423, -0.0013393372, -0.0012334951, -0.0011127604, -0.0009702847, -0.0008897352, -0.0007122306, -0.0005200951, -0.00042255045, -0.00023121666, -5.2593878e-05, 0.00011590768, 0.0002003364, 0.00037611878, 0.00052929524, 0, 0, 0, 0, 0, 0, 0, 0, 0, 0, 0, 0, 0, 0, 0, 0, 0, 0, 0, 0, 0, 0, 0, 0, 0, 0, 0, 0, 0, 0, 0, 0, 0, 0, 0, 0, 0
0, 0, 0, 0, 0, 0, 0, 0, 0, 0, 0, 0, 0, 0, 0, 0, 0, 0, 0, 0, 0, 0, 0, 0, 0, 0, 0, 0, 0, 0, 0, 0, 0, 0, 0, 0, -0.0023916767, -0.002031264, -0.0019804765, -0.0021449137, -0.0025138175, -0.0027394968, -0.0032127055, -0.0036554453, -0.004037211, -0.004206377, -0.0045124823, -0.0047874963, -0.0049147345, -0.0051448685, -0.005328374, -0.005449572, -0.0054839295, -0.0054998584, -0.0054534404, -0.0054117525, -0.005301906, -0.00517024, -0.0050995783, -0.004950326, -0.004788263, -0.004606354, -0.0045065247, -0.004286913, -0.0040436992, -0.0039156247, -0.0036530755, -0.0033916403, -0.0031402195, -0.003020389, -0.0027924576, -0.0025784695, -0.0024761327, -0.0022781016, -0.0020899395, -0.001914745, -0.0018339216, -0.0016874119, -0.0015641527, -0.0015114727, -0.0014219942, -0.0013496649, -0.0013176079, -0.0012584222, -0.0012023036, -0.0011487508, -0.0011241967, -0.0010837115, -0.001059959, -0.0010546477, -0.0010556802, -0.0010621764, -0.0010618658, -0.0010559341, -0.0010288808, -0.0009824755, -0.0009537994, -0.0008917862, -0.0008278836, -0.0007962619, -0.00073302846, -0.0006643606, -0.0005825532, -0.00053497124, -0.00042369653, -0.00029140996, -0.00021844242, -6.229616e-05, 9.8494136e-05, 0.00024657452, 0.00031227226, 0.0004444133, 0, 0, 0, 0, 0, 0, 0, 0, 0, 0, 0, 0, 0, 0, 0, 0, 0, 0, 0, 0, 0, 0, 0, 0, 0, 0, 0, 0, 0, 0, 0, 0, 0, 0, 0, 0, 0, 0
0, 0, 0, 0, 0, 0, 0, 0, 0, 0, 0, 0, 0, 0, 0, 0, 0, 0, 0, 0, 0, 0, 0, 0, 0, 0, 0, 0, 0, 0, 0, 0, 0, 0, 0, 0, -0.0014112741, -0.0014844652, -0.0015580076, -0.0018562556, -0.002297578, -0.0025459484, -0.0030543348, -0.0035357263, -0.0039618635, -0.0041523273, -0.004495288, -0.004799804, -0.0049420306, -0.0052064722, -0.0054373415, -0.0056193178, -0.0056868386, -0.005769412, -0.00578108, -0.005762876, -0.0056860773, -0.0055715353, -0.005504827, -0.005358717, -0.0051968247, -0.005014533, -0.00491319, -0.004685967, -0.0044248584, -0.0042831562, -0.003983371, -0.0036716182, -0.0033606105, -0.0032083534, -0.002914392, -0.002633813, -0.0024978013, -0.0022308035, -0.0019688704, -0.0017124203, -0.0015888137, -0.0013547647, -0.0011464617, -0.0010538466, -0.0008927689, -0.0007623846, -0.00070707756, -0.0006097245, -0.00052418205, -0.00044367768, -0.0004047421, -0.00033307623, -0.00027556534, -0.00025430572, -0.00023008793, -0.00022767253, -0.0002381608, -0.00024480594, -0.00025459006, -0.00025521594, -0.00025192302, -0.00023921346, -0.00022217697, -0.00021353252, -0.00019612296, -0.00017766743, -0.00015283514, -0.00013554179, -8.6744534e-05, -1.4791675e-05, 3.1865602e-05, 0.00014921484, 0.0002924943, 0.00041869172, 0.00044411252, 0, 0, 0, 0, 0, 0, 0, 0, 0, 0, 0, 0, 0, 0, 0, 0, 0, 0, 0, 0, 0, 0, 0, 0, 0, 0, 0, 0, 0, 0, 0, 0, 0, 0, 0, 0, 0, 0, 0
0, 0, 0, 0, 0, 0, 0, 0, 0, 0, 0, 0, 0, 0, 0, 0, 0, 0, 0, 0, 0, 0, 0, 0, 0, 0, 0, 0, 0, 0, 0, 0, 0, 0, 0, -0.00061989075, -0.0008067333, -0.0010309531, -0.001171219, -0.0015216456, -0.0019539865, -0.0021913475, -0.0026859215, -0.0031772554, -0.0036348703, -0.0038456325, -0.00422715, -0.004562192, -0.0047155623, -0.004999809, -0.0052541806, -0.0054722526, -0.0055636633, -0.0057033794, -0.0057788813, -0.0057915472, -0.0057708635, -0.005698882, -0.005647361, -0.0055229706, -0.0053739618, -0.0052011, -0.0051038074, -0.004884003, -0.0046286224, -0.0044876668, -0.004183517, -0.0038574496, -0.0035212804, -0.0033529783, -0.003020179, -0.002696149, -0.0025369008, -0.002221296, -0.0019058287, -0.0015896007, -0.001432876, -0.0011284596, -0.00084562757, -0.0007160264, -0.00048439117, -0.0002920996, -0.00020996806, -6.809755e-05, 5.1934447e-05, 0.00016091399, 0.00021301927, 0.00031400553, 0.00040541074, 0.00044490705, 0.0005054376, 0.00053676876, 0.00053972984, 0.00053244556, 0.00050709647, 0.0004733211, 0.00045565504, 0.00042115783, 0.00038855264, 0.0003726249, 0.00034043126, 0.0003084925, 0.0002825427, 0.00027383413, 0.00027135143, 0.00029673093, 0.00032309038, 0.00041084958, 0.00055015855, 0.0006958655, 0, 0, 0, 0, 0, 0, 0, 0, 0, 0, 0, 0, 0, 0, 0, 0, 0, 0, 0, 0, 0, 0, 0, 0, 0, 0, 0, 0, 0, 0, 0, 0, 0, 0, 0, 0, 0, 0, 0, 0
0, 0, 0, 0, 0, 0, 0, 0, 0, 0, 0, 0, 0, 0, 0, 0, 0, 0, 0, 0, 0, 0, 0, 0, 0, 0, 0, 0, 0, 0, 0, 0, 0, 0, -0.0003802809, -0.0003908236, -0.00051392853, -0.0007391026, -0.00087598566, -0.001189891, -0.001553941, -0.0017543228, -0.002185682, -0.0026419235, -0.0030968643, -0.0033155365, -0.0037229164, -0.004084171, -0.004247837, -0.0045456984, -0.0048104613, -0.0050443476, -0.005148807, -0.005328446, -0.005460307, -0.0055057337, -0.005552029, -0.005540874, -0.0055154986, -0.0054321657, -0.00531225, -0.005159758, -0.005071642, -0.004871038, -0.00463664, -0.0045068916, -0.004223814, -0.003913349, -0.0035833507, -0.0034140854, -0.0030708883, -0.0027282794, -0.002557307, -0.0022157494, -0.0018713484, -0.0015222675, -0.0013469874, -0.0009999522, -0.00066620327, -0.00050811534, -0.00021775317, 3.4508048e-05, 0.00014516902, 0.00033846818, 0.00050171313, 0.0006444678, 0.00071085803, 0.0008364339, 0.0009521045, 0.0010044874, 0.0010932927, 0.0011538173, 0.0011815375, 0.0011830488, 0.0011640363, 0.00112086, 0.0010933779, 0.0010290373, 0.00095776777, 0.0009205303, 0.0008437253, 0.00076646847, 0.00069664436, 0.000667769, 0.0006310569, 0.00063711975, 0.00066066877, 0.0007477373, 0.0008552683, 0.0011022894, 0, 0, 0, 0, 0, 0, 0, 0, 0, 0, 0, 0, 0, 0, 0, 0, 0, 0, 0, 0, 0, 0, 0, 0, 0, 0, 0, 0, 0, 0, 0, 0, 0, 0, 0, 0, 0, 0, 0, 0
0, 0, 0, 0, 0, 0, 0, 0, 0, 0, 0, 0, 0, 0, 0, 0, 0, 0, 0, 0, 0, 0, 0, 0, 0, 0, 0, 0, 0, 0, 0, 0, 0, -0.00012030636, -0.00020408272, -0.00025175491, -0.00039063406, -0.0005843883, -0.0006952555, -0.00093593827, -0.0012052212, -0.0013540165, -0.0016849982, -0.0020596173, -0.0024622115, -0.002666107, -0.003064019, -0.003429809, -0.0035972598, -0.0039006118, -0.0041665565, -0.0044031716, -0.0045124143, -0.0047121113, -0.004882758, -0.0049541853, -0.0050626528, -0.005118425, -0.0051252292, -0.0050984463, -0.0050222673, -0.004904276, -0.0048311227, -0.004659887, -0.0044574738, -0.004345053, -0.004098334, -0.0038238526, -0.003524381, -0.0033668894, -0.0030397042, -0.0027019808, -0.0025305802, -0.0021848532, -0.0018354801, -0.0014816705, -0.0013035279, -0.00094639667, -0.0005942153, -0.00042301402, -9.704838e-05, 0.00019981792, 0.00033569138, 0.0005805007, 0.0007925417, 0.0009759052, 0.0010586333, 0.0012094857, 0.0013417796, 0.0014007863, 0.0015033745, 0.0015813027, 0.0016309572, 0.0016439402, 0.0016454029, 0.0016170152, 0.001592458, 0.0015258779, 0.0014400375, 0.0013914608, 0.0012857874, 0.0011742505, 0.001070742, 0.0010280577, 0.0009793608, 0.0010093035, 0.0010657015, 0.0012591957, 0, 0, 0, 0, 0, 0, 0, 0, 0, 0, 0, 0, 0, 0, 0, 0, 0, 0, 0, 0, 0, 0, 0, 0, 0, 0, 0, 0, 0, 0, 0, 0, 0, 0, 0, 0, 0, 0, 0, 0, 0, 0
0, 0, 0, 0, 0, 0, 0, 0, 0, 0, 0, 0, 0, 0, 0, 0, 0, 0, 0, 0, 0, 0, 0, 0, 0, 0, 0, 0, 0, 0, 0, 0, -0.0002892992, -0.00017301457, -0.00018551401, -0.0002326972, -0.0003670615, -0.00053094514, -0.0006175832, -0.00079430325, -0.0009782248, -0.0010770892, -0.0013000413, -0.0015656833, -0.0018747837, -0.0020413606, -0.0023834174, -0.0027169273, -0.0028743302, -0.0031645664, -0.00342048, -0.0036482285, -0.0037542162, -0.003954627, -0.0041398895, -0.0042256536, -0.0043757563, -0.0044859294, -0.0045222603, -0.00455446, -0.0045318687, -0.0044595962, -0.0044075106, -0.004276125, -0.0041144476, -0.004023524, -0.0038224226, -0.0035958027, -0.0033427668, -0.0032064868, -0.0029156574, -0.0026043027, -0.0024427408, -0.0021123923, -0.0017773486, -0.0014407154, -0.0012716922, -0.0009333292, -0.00059558003, -0.00042755823, -9.828236e-05, 0.00021696537, 0.00036732788, 0.00064949365, 0.0009047735, 0.0011304447, 0.0012322139, 0.0014116599, 0.0015617687, 0.0016264434, 0.0017359881, 0.0018215389, 0.0018841196, 0.0019064493, 0.0019325191, 0.0019313337, 0.0019204668, 0.0018756858, 0.0018024817, 0.0017551609, 0.0016428103, 0.0015145033, 0.0013904992, 0.001341833, 0.0013051436, 0.0013965317, 0.0015088029, 0.0019689442, 0, 0, 0, 0, 0, 0, 0, 0, 0, 0, 0, 0, 0, 0, 0, 0, 0, 0, 0, 0, 0, 0, 0, 0, 0, 0, 0, 0, 0, 0, 0, 0, 0, 0, 0, 0, 0, 0, 0, 0, 0, 0
0, 0, 0, 0, 0, 0, 0, 0, 0, 0, 0, 0, 0, 0, 0, 0, 0, 0, 0, 0, 0, 0, 0, 0, 0, 0, 0, 0, 0, 0, 0, 0, -0.0002756266, -0.0002442988, -0.00027197244, -0.00031002652, -0.00041708842, -0.00054796593, -0.00061615853, -0.00075068703, -0.0008783321, -0.0009418393, -0.0010775961, -0.0012399297, -0.0014406563, -0.0015558087, -0.0018082125, -0.0020741033, -0.0022061723, -0.0024580732, -0.002686966, -0.0028929359, -0.002988847, -0.0031714647, -0.003347154, -0.0034323882, -0.0035930432, -0.0037304852, -0.003785743, -0.0038629894, -0.0038906236, -0.0038683563, -0.0038406395, -0.0037570987, -0.0036427514, -0.003576199, -0.003426297, -0.0032537812, -0.0030558738, -0.002946904, -0.0027071114, -0.0024398477, -0.002297227, -0.0019994408, -0.0016932444, -0.0013861276, -0.0012335817, -0.0009300191, -0.0006273529, -0.00047580374, -0.00017187787, 0.0001311905, 0.00028142318, 0.000575398, 0.000855217, 0.001112857, 0.0012310114, 0.001441468, 0.0016154613, 0.0016889955, 0.0018111258, 0.0019051705, 0.001976934, 0.0020059955, 0.0020518233, 0.0020785856, 0.0020836317, 0.0020725746, 0.0020292418, 0.0019941158, 0.00189806, 0.0017754441, 0.0016539566, 0.0016116956, 0.0016214955, 0.0018153079, 0.0019414136, 0, 0, 0, 0, 0, 0, 0, 0, 0, 0, 0, 0, 0, 0, 0, 0, 0, 0, 0, 0, 0, 0, 0, 0, 0, 0, 0, 0, 0, 0, 0, 0, 0, 0, 0, 0, 0, 0, 0, 0, 0, 0, 0
0, 0, 0, 0, 0, 0, 0, 0, 0, 0, 0, 0, 0, 0, 0, 0, 0, 0, 0, 0, 0, 0, 0, 0, 0, 0, 0, 0, 0, 0, -0.0007123147, -0.0005796283, -0.0005174035, -0.00056429225, -0.0006172678, -0.0006388295, -0.00068110705, -0.00073474343, -0.00076753524, -0.0008441152, -0.00092168414, -0.00095676916, -0.0010154261, -0.0010610647, -0.0011050928, -0.0011314377, -0.0012003204, -0.0012943519, -0.0013502887, -0.0014741108, -0.0016045013, -0.0017317618, -0.0017920502, -0.0019055796, -0.0020124053, -0.0020642262, -0.002167481, -0.0022696329, -0.002318794, -0.00240935, -0.0024820438, -0.0025302602, -0.0025434878, -0.0025496455, -0.0025310863, -0.0025132503, -0.0024637857, -0.0023960322, -0.002310104, -0.0022588265, -0.0021378032, -0.0019890873, -0.0019034788, -0.0017114589, -0.0014972321, -0.0012698559, -0.0011545136, -0.00092511624, -0.0006991648, -0.00058702717, -0.0003633064, -0.00013445312, -1.6914899e-05, 0.0002255832, 0.00047702136, 0.0007306164, 0.00085515296, 0.0010927435, 0.0013063471, 0.0014020234, 0.0015686115, 0.0017032977, 0.0018100837, 0.0018553894, 0.0019332861, 0.0019980343, 0.0020252015, 0.0020651042, 0.0020807036, 0.0020780745, 0.0020579072, 0.002041973, 0.0021004202, 0.0021953543, 0.0025593787, 0, 0, 0, 0, 0, 0, 0, 0, 0, 0, 0, 0, 0, 0, 0, 0, 0, 0, 0, 0, 0, 0, 0, 0, 0, 0, 0, 0, 0, 0, 0, 0, 0, 0, 0, 0, 0, 0, 0, 0, 0, 0, 0, 0, 0
0, 0, 0, 0, 0, 0, 0, 0, 0, 0, 0, 0, 0, 0, 0, 0, 0, 0, 0, 0, 0, 0, 0, 0, 0, 0, 0, 0, 0, -0.0004847465, -0.00054790004, -0.0005725862, -0.0006590339, -0.0007644417, -0.0008407342, -0.0008642699, -0.00089224655, -0.0009153303, -0.0009310285, -0.0009747826, -0.0010297779, -0.0010569165, -0.0011020531, -0.0011279042, -0.0011364344, -0.0011382423, -0.0011457786, -0.0011696315, -0.0011898956, -0.0012463741, -0.0013192222, -0.0013986761, -0.0014381096, -0.0015124319, -0.0015797233, -0.0016109572, -0.0016714998, -0.0017330911, -0.0017649581, -0.0018305226, -0.0018947, -0.001950876, -0.0019739433, -0.002007046, -0.0020209218, -0.0020207912, -0.0020075222, -0.0019786623, -0.0019342926, -0.0019060683, -0.0018361573, -0.0017453168, -0.0016904541, -0.0015610614, -0.0014059664, -0.001229719, -0.0011359446, -0.0009424892, -0.0007464737, -0.00064890244, -0.0004552958, -0.00026125883, -0.00016287084, 3.9828683e-05, 0.00025183824, 0.00047227019, 0.0005840312, 0.00080529833, 0.0010158396, 0.001115049, 0.0012956812, 0.0014504986, 0.0015792963, 0.0016349152, 0.0017316818, 0.0018118185, 0.0018458929, 0.0018999727, 0.0019325885, 0.0019420502, 0.0019612531, 0.0020324758, 0.002274271, 0.0025276407, 0.0036648903, 0, 0, 0, 0, 0, 0, 0, 0, 0, 0, 0, 0, 0, 0, 0, 0, 0, 0, 0, 0, 0, 0, 0, 0, 0, 0, 0, 0, 0, 0, 0, 0, 0, 0, 0, 0, 0, 0, 0, 0, 0, 0, 0, 0, 0
0, 0, 0, 0, 0, 0, 0, 0, 0, 0, 0, 0, 0, 0, 0, 0, 0, 0, 0, 0, 0, 0, 0, 0, 0, 0, 0, 0, 0, -0.00041763036, -0.00050423463, -0.00058333774, -0.0007650905, -0.00093282876, -0.0010517531, -0.0010900127, -0.0011313356, -0.0011459929, -0.0011514227, -0.0011695918, -0.0011997008, -0.0012177136, -0.001249209, -0.0012637853, -0.0012554856, -0.0012439319, -0.0012134688, -0.0011866338, -0.0011781991, -0.0011769062, -0.0011953028, -0.001227625, -0.0012463614, -0.0012835114, -0.0013158871, -0.0013295931, -0.0013534055, -0.0013765685, -0.0013899121, -0.0014230111, -0.0014652197, -0.0015129282, -0.0015369087, -0.0015798045, -0.0016109364, -0.0016210327, -0.0016296163, -0.0016240544, -0.001605748, -0.0015925862, -0.0015579045, -0.0015108971, -0.0014814719, -0.0014083793, -0.0013121217, -0.0011919618, -0.0011233357, -0.0009724563, -0.00080836867, -0.00072402955, -0.0005542236, -0.00038524097, -0.00030126752, -0.00013172097, 4.2380027e-05, 0.0002242691, 0.0003177256, 0.00050823134, 0.00069932954, 0.0007926173, 0.00097139465, 0.0011341571, 0.0012769661, 0.0013405965, 0.0014538657, 0.0015497063, 0.0015911689, 0.00165983, 0.0017098406, 0.0017308844, 0.0017898428, 0.0019560358, 0.0023717743, 0.002635757, 0, 0, 0, 0, 0, 0, 0, 0, 0, 0, 0, 0, 0, 0, 0, 0, 0, 0, 0, 0, 0, 0, 0, 0, 0, 0, 0, 0, 0, 0, 0, 0, 0, 0, 0, 0, 0, 0, 0, 0, 0, 0, 0, 0, 0, 0
0, 0, 0, 0, 0, 0, 0, 0, 0, 0, 0, 0, 0, 0, 0, 0, 0, 0, 0, 0, 0, 0, 0, 0, 0, 0, 0, -0.0008330397, -0.0007137131, -0.0004755508, -0.00053176645, -0.00061502674, -0.0008222005, -0.0010276104, -0.0011913142, -0.001252014, -0.0013306654, -0.0013665077, -0.0013753026, -0.0013876245, -0.0014039457, -0.0014147935, -0.001436015, -0.0014452115, -0.001431985, -0.0014158824, -0.0013682917, -0.001311257, -0.0012835768, -0.0012384118, -0.001210946, -0.0012001073, -0.0011993467, -0.0012027095, -0.0012054541, -0.0012052736, -0.0012007592, -0.0011928689, -0.0011898513, -0.0011903244, -0.0012039746, -0.0012304395, -0.0012472919, -0.0012843652, -0.0013179253, -0.0013315383, -0.0013490253, -0.0013539279, -0.001347524, -0.0013411609, -0.0013234544, -0.0013005387, -0.0012867335, -0.0012525861, -0.0012043174, -0.0011366052, -0.0010941334, -0.0009915965, -0.0008676849, -0.0007996192, -0.00065661594, -0.0005094354, -0.00043569854, -0.00028926058, -0.00014309539, 6.538113e-06, 8.300011e-05, 0.00024103306, 0.0004040642, 0.00048640612, 0.0006491335, 0.00080489117, 0.0009490206, 0.0010157297, 0.0011382006, 0.0012464426, 0.0012951238, 0.0013826668, 0.0014608605, 0.0015019656, 0.0016210427, 0.0018963403, 0.0026851993, 0.003059484, 0, 0, 0, 0, 0, 0, 0, 0, 0, 0, 0, 0, 0, 0, 0, 0, 0, 0, 0, 0, 0, 0, 0, 0, 0, 0, 0, 0, 0, 0, 0, 0, 0, 0, 0, 0, 0, 0, 0, 0, 0, 0, 0, 0, 0, 0
0, 0, 0, 0, 0, 0, 0, 0, 0, 0, 0, 0, 0, 0, 0, 0, 0, 0, 0, 0, 0, 0, 0, 0, 0, 0, 0, -0.00028294866, -0.00030277006, -0.000354585, -0.00048509275, -0.0005763838, -0.0007877061, -0.0010063299, -0.0012010334, -0.0012821036, -0.0014073972, -0.0014851463, -0.001510566, -0.0015443963, -0.0015694738, -0.0015818113, -0.0016046659, -0.0016186619, -0.0016128113, -0.0016000075, -0.0015547938, -0.0014907852, -0.0014550879, -0.0013854617, -0.0013265243, -0.0012825605, -0.00126587, -0.0012397148, -0.001217437, -0.001206148, -0.0011797204, -0.0011488161, -0.0011328299, -0.0011045687, -0.0010872821, -0.0010852362, -0.001090038, -0.0011090662, -0.0011335462, -0.0011453044, -0.0011630922, -0.0011705996, -0.0011672553, -0.0011622009, -0.001148357, -0.001131922, -0.001123714, -0.0011059493, -0.0010847126, -0.0010543846, -0.0010335064, -0.000976742, -0.00089799694, -0.0008501244, -0.00074145454, -0.00062036014, -0.0005574104, -0.00042967117, -0.00030145273, -0.00017292525, -0.00010803836, 2.5031046e-05, 0.00016270728, 0.00023332084, 0.00037535702, 0.0005162375, 0.0006512766, 0.00071626407, 0.00083886704, 0.00095271005, 0.0010063894, 0.0011113355, 0.0012274563, 0.001302214, 0.0015357368, 0.0019293007, 0, 0, 0, 0, 0, 0, 0, 0, 0, 0, 0, 0, 0, 0, 0, 0, 0, 0, 0, 0, 0, 0, 0, 0, 0, 0, 0, 0, 0, 0, 0, 0, 0, 0, 0, 0, 0, 0, 0, 0, 0, 0, 0, 0, 0, 0, 0, 0
0, 0, 0, 0, 0, 0, 0, 0, 0, 0, 0, 0, 0, 0, 0, 0, 0, 0, 0, 0, 0, 0, 0, 0, 0, 0, 0.00068124157, 0.0002606709, 9.5281976e-05, -0.00013194811, -0.000331061, -0.00043214695, -0.00064176915, -0.0008551093, -0.0010587053, -0.0011518074, -0.0013126129, -0.0014352925, -0.0014834611, -0.0015581724, -0.0016133992, -0.0016372706, -0.0016786444, -0.0017098167, -0.0017232859, -0.0017212528, -0.0016965113, -0.0016470501, -0.0016154777, -0.0015462294, -0.0014772922, -0.0014170917, -0.0013908623, -0.0013449691, -0.0013043616, -0.0012842674, -0.0012416941, -0.001194787, -0.0011699002, -0.0011204588, -0.0010771664, -0.0010468094, -0.0010377512, -0.0010321871, -0.0010393492, -0.0010456807, -0.0010574403, -0.001063514, -0.0010598988, -0.0010548375, -0.0010393907, -0.0010202056, -0.0010106154, -0.0009924717, -0.0009763946, -0.00096094154, -0.00095142564, -0.0009247827, -0.0008825928, -0.0008545321, -0.0007835876, -0.0006954505, -0.00064612285, -0.00053989486, -0.00042803137, -0.00031312942, -0.0002550786, -0.00013706434, -1.547021e-05, 4.6374465e-05, 0.00017144022, 0.00029759065, 0.00042134768, 0.00048178298, 0.00059915567, 0.00071191526, 0.0007675487, 0.0008823492, 0.0010280866, 0.0011341634, 0.0015216896, 0.0024895351, 0, 0, 0, 0, 0, 0, 0, 0, 0, 0, 0, 0, 0, 0, 0, 0, 0, 0, 0, 0, 0, 0, 0, 0, 0, 0, 0, 0, 0, 0, 0, 0, 0, 0, 0, 0, 0, 0, 0, 0, 0, 0, 0, 0, 0, 0, 0, 0
0, 0, 0, 0, 0, 0, 0, 0, 0, 0, 0, 0, 0, 0, 0, 0, 0, 0, 0, 0, 0, 0, 0, 0, 0, 0, 0.00078510813, 0.0004701079, 0.00032953403, 9.200811e-05, -0.000116300194, -0.00021537952, -0.00041021444, -0.00060418027, -0.00079662324, -0.0008901515, -0.0010656421, -0.0012199897, -0.0012877241, -0.0014043828, -0.0014988056, -0.0015394624, -0.0016097721, -0.0016658658, -0.0017056467, -0.0017176382, -0.0017236158, -0.0017051531, -0.0016873021, -0.0016409028, -0.0015861241, -0.0015307815, -0.0015042921, -0.0014539552, -0.0014059064, -0.0013818321, -0.0013315266, -0.0012773729, -0.0012487347, -0.0011893063, -0.0011313847, -0.0010812037, -0.0010608137, -0.001031611, -0.0010175308, -0.0010151311, -0.0010146135, -0.0010148218, -0.0010097835, -0.0010044038, -0.0009881767, -0.00096580887, -0.0009534978, -0.00092804985, -0.0009045443, -0.0008838505, -0.0008744646, -0.0008552041, -0.0008307223, -0.0008147093, -0.00077283545, -0.0007166988, -0.00068208086, -0.0006027185, -0.0005118183, -0.00041192622, -0.0003598914, -0.00025203457, -0.00013991834, -8.280173e-05, 3.2984583e-05, 0.00014935723, 0.0002645501, 0.0003212968, 0.00043257052, 0.0005423003, 0.00059777265, 0.000717611, 0.0008740122, 0.000984376, 0.0013233268, 0, 0, 0, 0, 0, 0, 0, 0, 0, 0, 0, 0, 0, 0, 0, 0, 0, 0, 0, 0, 0, 0, 0, 0, 0, 0, 0, 0, 0, 0, 0, 0, 0, 0, 0, 0, 0, 0, 0, 0, 0, 0, 0, 0, 0, 0, 0, 0, 0
0, 0, 0, 0, 0, 0, 0, 0, 0, 0, 0, 0, 0, 0, 0, 0, 0, 0, 0, 0, 0, 0, 0, 0, 0, 0.0011836647, 0.0008659063, 0.0006148511, 0.0005057162, 0.00030543553, 0.00012012334, 3.226922e-05, -0.00013829996, -0.00030582846, -0.0004755318, -0.00056132587, -0.0007327706, -0.000899362, -0.0009781222, -0.0011241382, -0.0012516927, -0.001308022, -0.0014061964, -0.0014864367, -0.0015494128, -0.0015743908, -0.0016105206, -0.0016269836, -0.0016279034, -0.0016178449, -0.0015943599, -0.0015626812, -0.0015452994, -0.0015079093, -0.0014670194, -0.0014451905, -0.0013983402, -0.0013478483, -0.0013212091, -0.0012655352, -0.0012081534, -0.0011527407, -0.0011272423, -0.0010826713, -0.0010490657, -0.0010366072, -0.0010179837, -0.0010048263, -0.0009931208, -0.0009862632, -0.00096952583, -0.00094695843, -0.0009335309, -0.0009029778, -0.00087051105, -0.00083766854, -0.00082230574, -0.0007931022, -0.00076568645, -0.000751797, -0.0007212591, -0.0006841819, -0.0006622515, -0.00060822914, -0.0005414378, -0.00046195826, -0.00041814442, -0.00032302958, -0.00022085861, -0.00016769582, -5.8166577e-05, 5.2548974e-05, 0.00016323586, 0.00021775463, 0.00032579483, 0.000435373, 0.0004929723, 0.0006235258, 0.0007991712, 0.0009181928, 0.0012220202, 0, 0, 0, 0, 0, 0, 0, 0, 0, 0, 0, 0, 0, 0, 0, 0, 0, 0, 0, 0, 0, 0, 0, 0, 0, 0, 0, 0, 0, 0, 0, 0, 0, 0, 0, 0, 0, 0, 0, 0, 0, 0, 0, 0, 0, 0, 0, 0, 0
0, 0, 0, 0, 0, 0, 0, 0, 0, 0, 0, 0, 0, 0, 0, 0, 0, 0, 0, 0, 0, 0, 0, 0, 0.0019368852, 0.0013278541, 0.00094242935, 0.0007399264, 0.00065950124, 0.0005071133, 0.0003570975, 0.00028375624, 0.00014006146, -1.1420483e-06, -0.000146359, -0.00022161112, -0.0003785061, -0.00054120936, -0.00062250026, -0.0007810751, -0.00092739053, -0.0009939072, -0.0011111716, -0.0012083368, -0.001287222, -0.0013212528, -0.0013793518, -0.001424344, -0.0014424083, -0.0014691001, -0.001482896, -0.0014857415, -0.0014834397, -0.0014714756, -0.0014504477, -0.0014368828, -0.0014051803, -0.0013686909, -0.001349677, -0.0013096501, -0.0012668491, -0.0012220306, -0.0011991434, -0.001152759, -0.0011075542, -0.0010863803, -0.0010475296, -0.0010145184, -0.0009871892, -0.00097533455, -0.00095277186, -0.00092966115, -0.00091649604, -0.0008862728, -0.0008505349, -0.00081041746, -0.0007893331, -0.0007469228, -0.00070642936, -0.0006873686, -0.00065105053, -0.0006168477, -0.00059928466, -0.0005603882, -0.00051309145, -0.0004547422, -0.0004209513, -0.00034457757, -0.00025747874, -0.00021021669, -0.00011055221, -6.1359665e-06, 0.00010007386, 0.00015343408, 0.00026137702, 0.00037586567, 0.00043921595, 0.00059288467, 0.0007999914, 0.00092626765, 0, 0, 0, 0, 0, 0, 0, 0, 0, 0, 0, 0, 0, 0, 0, 0, 0, 0, 0, 0, 0, 0, 0, 0, 0, 0, 0, 0, 0, 0, 0, 0, 0, 0, 0, 0, 0, 0, 0, 0, 0, 0, 0, 0, 0, 0, 0, 0, 0, 0
0, 0, 0, 0, 0, 0, 0, 0, 0, 0, 0, 0, 0, 0, 0, 0, 0, 0, 0, 0, 0, 0, 0, 0, 0.0013757932, 0.0011458936, 0.00094816665, 0.0008318206, 0.00078340573, 0.000684454, 0.0005762335, 0.00051983685, 0.00040536947, 0.00028907653, 0.0001673042, 0.00010285526, -3.474593e-05, -0.00018335025, -0.00026060973, -0.00041596702, -0.00056566775, -0.0006353492, -0.00076213235, -0.0008689674, -0.0009578631, -0.0009973492, -0.0010688982, -0.0011334928, -0.0011638533, -0.0012197813, -0.0012677308, -0.0013052287, -0.001319458, -0.0013382174, -0.0013440673, -0.0013427101, -0.0013331568, -0.0013179955, -0.001309219, -0.0012913016, -0.0012717164, -0.00124819, -0.0012341033, -0.0011994872, -0.0011554405, -0.0011306427, -0.0010776073, -0.0010249912, -0.0009771927, -0.00095607404, -0.00092022284, -0.0008898405, -0.00087561796, -0.0008459824, -0.0008120484, -0.00077216595, -0.0007499047, -0.0007011637, -0.00065024645, -0.00062487484, -0.00057696475, -0.0005339075, -0.00051379274, -0.00047539108, -0.00043578085, -0.00039110405, -0.00036550118, -0.0003072533, -0.0002378918, -0.00019889868, -0.00011446683, -2.186283e-05, 7.6576114e-05, 0.00012771068, 0.00023622469, 0.00035946717, 0.00043232707, 0.00062050804, 0.0008627214, 0.00097043987, 0, 0, 0, 0, 0, 0, 0, 0, 0, 0, 0, 0, 0, 0, 0, 0, 0, 0, 0, 0, 0, 0, 0, 0, 0, 0, 0, 0, 0, 0, 0, 0, 0, 0, 0, 0, 0, 0, 0, 0, 0, 0, 0, 0, 0, 0, 0, 0, 0, 0
0, 0, 0, 0, 0, 0, 0, 0, 0, 0, 0, 0, 0, 0, 0, 0, 0, 0, 0, 0, 0, 0, 0, 0.0016608661, 0.0013454063, 0.0010367008, 0.00092467497, 0.0008786602, 0.00086060446, 0.0008155246, 0.00075402675, 0.0007178157, 0.0006369078, 0.00054799364, 0.0004515232, 0.0003991907, 0.00028565913, 0.00016020259, 9.32143e-05, -4.5364086e-05, -0.00018431038, -0.00025187875, -0.00037813964, -0.00049022643, -0.0005872352, -0.00063125003, -0.0007130928, -0.0007909215, -0.00082953536, -0.00090525165, -0.0009780152, -0.0010439141, -0.0010726021, -0.0011202159, -0.0011536799, -0.0011652652, -0.00118052, -0.0011880011, -0.0011904519, -0.0011941463, -0.0011973125, -0.0011971729, -0.0011943558, -0.0011791278, -0.0011491239, -0.0011279429, -0.0010749936, -0.0010133649, -0.0009503464, -0.00092047185, -0.000867711, -0.00082391565, -0.0008048956, -0.00077074236, -0.0007372862, -0.0006997493, -0.0006787048, -0.0006310192, -0.0005777841, -0.00054980983, -0.0004940982, -0.00044136203, -0.00041672197, -0.0003702415, -0.00032665994, -0.00028341546, -0.0002607058, -0.00021228558, -0.00015695771, -0.00012614467, -5.823638e-05, 1.8205865e-05, 0.00010415426, 0.00015127618, 0.00025899982, 0.0003955685, 0.00047950007, 0.00069946336, 0.0009856544, 0, 0, 0, 0, 0, 0, 0, 0, 0, 0, 0, 0, 0, 0, 0, 0, 0, 0, 0, 0, 0, 0, 0, 0, 0, 0, 0, 0, 0, 0, 0, 0, 0, 0, 0, 0, 0, 0, 0, 0, 0, 0, 0, 0, 0, 0, 0, 0, 0, 0, 0
0, 0, 0, 0, 0, 0, 0, 0, 0, 0, 0, 0, 0, 0, 0, 0, 0, 0, 0, 0, 0, 0, 0, 0.0012134633, 0.001090691, 0.00092607224, 0.00087413285, 0.00087280886, 0.00087687775, 0.0008786919, 0.0008635378, 0.0008490388, 0.0008071938, 0.0007512265, 0.0006843655, 0.0006471395, 0.00056476, 0.0004711299, 0.0004203206, 0.0003110535, 0.00019601555, 0.00013719223, 2.0139525e-05, -9.184432e-05, -0.00019549778, -0.00024416603, -0.00033651953, -0.00042467652, -0.00046838558, -0.00055567286, -0.00064278994, -0.00072652125, -0.00076588977, -0.00083592976, -0.0008934614, -0.00091717334, -0.00095607294, -0.0009846387, -0.0009965607, -0.0010178046, -0.0010366164, -0.0010529123, -0.0010587996, -0.0010631477, -0.0010528055, -0.001041405, -0.0010045989, -0.0009521185, -0.00088994845, -0.0008575632, -0.000794753, -0.00073806854, -0.00071304094, -0.0006678228, -0.0006275623, -0.00058785797, -0.00056675123, -0.00052158727, -0.00047125487, -0.00044438266, -0.00038896973, -0.00033327128, -0.0003054835, -0.00025199662, -0.00020066506, -0.00015082085, -0.00012620672, -7.642652e-05, -2.5412373e-05, 7.5868275e-07, 5.5877375e-05, 0.00011626879, 0.000187144, 0.0002286668, 0.0003355305, 0.00049254316, 0.00059466535, 0.00078011735, 0, 0, 0, 0, 0, 0, 0, 0, 0, 0, 0, 0, 0, 0, 0, 0, 0, 0, 0, 0, 0, 0, 0, 0, 0, 0, 0, 0, 0, 0, 0, 0, 0, 0, 0, 0, 0, 0, 0, 0, 0, 0, 0, 0, 0, 0, 0, 0, 0, 0, 0, 0
0, 0, 0, 0, 0, 0, 0, 0, 0, 0, 0, 0, 0, 0, 0, 0, 0, 0, 0, 0, 0, 0, 0.0014686927, 0.001048943, 0.0009406935, 0.0008301539, 0.000805218, 0.00082256243, 0.0008380445, 0.00087007706, 0.0008923636, 0.0008973862, 0.0008928244, 0.00087151007, 0.0008370912, 0.00081639114, 0.00076859246, 0.0007129832, 0.00068187213, 0.000611461, 0.0005311546, 0.00048682388, 0.00039055082, 0.00028806963, 0.00018357413, 0.00013219244, 3.2802644e-05, -6.165434e-05, -0.00010744388, -0.00019805302, -0.00028801523, -0.0003774006, -0.00042101648, -0.0005047946, -0.00058042136, -0.0006141278, -0.00067383086, -0.00072164234, -0.0007415133, -0.00077506184, -0.0008015956, -0.0008240248, -0.00083358836, -0.0008485875, -0.0008552322, -0.00085461745, -0.00084272027, -0.00081521436, -0.0007727591, -0.00074705656, -0.0006904683, -0.00063091406, -0.0006016671, -0.0005455788, -0.0004941314, -0.0004456439, -0.00042188767, -0.000374721, -0.00032682376, -0.00030229325, -0.0002520409, -0.00019998146, -0.00017329238, -0.00011891675, -6.384318e-05, -7.658384e-06, 2.0158528e-05, 7.589971e-05, 0.00012951207, 0.0001554994, 0.00020535666, 0.00025511545, 0.00031331592, 0.00035023244, 0.0004556303, 0.0006362512, 0.0007772796, 0.0011402816, 0, 0, 0, 0, 0, 0, 0, 0, 0, 0, 0, 0, 0, 0, 0, 0, 0, 0, 0, 0, 0, 0, 0, 0, 0, 0, 0, 0, 0, 0, 0, 0, 0, 0, 0, 0, 0, 0, 0, 0, 0, 0, 0, 0, 0, 0, 0, 0, 0, 0, 0, 0
0, 0, 0, 0, 0, 0, 0, 0, 0, 0, 0, 0, 0, 0, 0, 0, 0, 0, 0, 0, 0, 0.0014276141, 0.0011861019, 0.0009328913, 0.00085223286, 0.00076548127, 0.00074273394, 0.00075796054, 0.0007745688, 0.0008160278, 0.0008574345, 0.000874285, 0.00089615857, 0.0009017745, 0.00089449383, 0.00088759407, 0.0008702482, 0.00084962446, 0.00083778397, 0.00080839504, 0.00076777616, 0.0007419404, 0.0006772608, 0.0005964168, 0.000504105, 0.0004557539, 0.00035923126, 0.0002668731, 0.00022335413, 0.00013967304, 5.8770253e-05, -2.2882767e-05, -6.46814e-05, -0.00014924821, -0.00023377874, -0.00027441737, -0.00035003424, -0.00041458113, -0.00044145354, -0.00048447392, -0.0005144919, -0.0005354354, -0.00054369954, -0.00055878435, -0.00057271775, -0.00057914684, -0.00058881316, -0.0005898533, -0.0005777628, -0.0005659215, -0.0005309157, -0.00048308985, -0.00045585408, -0.00039764983, -0.00033853872, -0.00028114684, -0.00025360915, -0.00020148269, -0.0001528165, -0.00012954079, -8.394618e-05, -3.809217e-05, -1.4406479e-05, 3.419698e-05, 8.590773e-05, 0.00014058132, 0.0001691825, 0.00022748434, 0.00028466943, 0.0003120356, 0.00036275177, 0.0004105451, 0.0004668557, 0.00050481874, 0.00061500265, 0.00076443655, 0.00081909867, 0, 0, 0, 0, 0, 0, 0, 0, 0, 0, 0, 0, 0, 0, 0, 0, 0, 0, 0, 0, 0, 0, 0, 0, 0, 0, 0, 0, 0, 0, 0, 0, 0, 0, 0, 0, 0, 0, 0, 0, 0, 0, 0, 0, 0, 0, 0, 0, 0, 0, 0, 0, 0
0, 0, 0, 0, 0, 0, 0, 0, 0, 0, 0, 0, 0, 0, 0, 0, 0, 0, 0, 0, 0.0012986101, 0.0011955302, 0.0009888848, 0.0008413422, 0.00079161016, 0.0007301004, 0.0007064298, 0.0007116364, 0.00072262145, 0.0007570225, 0.00079863035, 0.0008183518, 0.00084993715, 0.00086845754, 0.00087611406, 0.00087715813, 0.0008787428, 0.0008818454, 0.0008838235, 0.00088648545, 0.00088187796, 0.00087465206, 0.0008460896, 0.00079709763, 0.00073023635, 0.00069228513, 0.0006124996, 0.0005346733, 0.000498355, 0.0004318991, 0.00036989106, 0.00030766483, 0.00027448908, 0.00020220777, 0.00012185083, 8.002154e-05, -2.6884493e-06, -7.753403e-05, -0.00010968818, -0.00016109197, -0.00019408275, -0.00021239428, -0.00021808293, -0.000227248, -0.00023879624, -0.00024643465, -0.00026567644, -0.0002851782, -0.000299101, -0.00030117176, -0.000293431, -0.00026788464, -0.00024905647, -0.00020232433, -0.00014724868, -8.981218e-05, -6.157092e-05, -7.756572e-06, 4.100056e-05, 6.3787564e-05, 0.000106361855, 0.00014765067, 0.0001681724, 0.00020938639, 0.00025324052, 0.0003002792, 0.00032537206, 0.00037807782, 0.000432176, 0.0004592705, 0.0005113088, 0.00056550425, 0.00063911005, 0.0006939446, 0.00086469733, 0.0010548355, 0, 0, 0, 0, 0, 0, 0, 0, 0, 0, 0, 0, 0, 0, 0, 0, 0, 0, 0, 0, 0, 0, 0, 0, 0, 0, 0, 0, 0, 0, 0, 0, 0, 0, 0, 0, 0, 0, 0, 0, 0, 0, 0, 0, 0, 0, 0, 0, 0, 0, 0, 0, 0, 0
0, 0, 0, 0, 0, 0, 0, 0, 0, 0, 0, 0, 0, 0, 0, 0, 0, 0, 0, 0, 0.0011200127, 0.0010138436, 0.0008638893, 0.0007801288, 0.00075334404, 0.000717443, 0.0006993943, 0.0006973644, 0.00070284406, 0.00072396133, 0.000753961, 0.0007696458, 0.0007977788, 0.00081759493, 0.0008294431, 0.00083337823, 0.00084227504, 0.00085561984, 0.00086434843, 0.0008844763, 0.00090381294, 0.0009104403, 0.000913373, 0.0008977432, 0.00086370605, 0.00084087375, 0.0007886649, 0.0007361426, 0.00071162544, 0.0006681864, 0.00063115766, 0.00059418153, 0.0005737581, 0.0005245539, 0.00046219534, 0.00042676335, 0.0003511133, 0.0002771547, 0.00024381978, 0.00018857748, 0.00015262775, 0.000133762, 0.0001291084, 0.00012426224, 0.00011799949, 0.00011272638, 9.531261e-05, 7.108638e-05, 4.6003235e-05, 3.57011e-05, 2.40235e-05, 2.7523954e-05, 3.536261e-05, 6.175981e-05, 9.922136e-05, 0.0001425364, 0.00016502947, 0.00020955753, 0.0002517243, 0.00027205006, 0.00031076325, 0.0003480269, 0.00036629353, 0.00040266203, 0.0004387805, 0.00047575403, 0.0004947905, 0.00053575635, 0.000578749, 0.000601728, 0.0006509465, 0.0007172787, 0.00082805124, 0.0009146592, 0.0011985744, 0.0016331888, 0, 0, 0, 0, 0, 0, 0, 0, 0, 0, 0, 0, 0, 0, 0, 0, 0, 0, 0, 0, 0, 0, 0, 0, 0, 0, 0, 0, 0, 0, 0, 0, 0, 0, 0, 0, 0, 0, 0, 0, 0, 0, 0, 0, 0, 0, 0, 0, 0, 0, 0, 0, 0, 0
0, 0, 0, 0, 0, 0, 0, 0, 0, 0, 0, 0, 0, 0, 0, 0, 0, 0, 0, 0.0012292031, 0.0009902982, 0.0009004536, 0.00079302373, 0.0007458667, 0.0007328676, 0.0007168604, 0.00070834585, 0.00070644123, 0.00070868985, 0.0007191784, 0.00073678006, 0.00074725156, 0.0007679862, 0.0007860613, 0.00079975557, 0.0008055886, 0.000817669, 0.00083456084, 0.0008453281, 0.00087181665, 0.00090127566, 0.0009155452, 0.00093866995, 0.00094948174, 0.00094582274, 0.00093900313, 0.0009186974, 0.0008947878, 0.0008835048, 0.0008650539, 0.00085173314, 0.0008393195, 0.0008317, 0.0008091768, 0.000773982, 0.00075113185, 0.0006973742, 0.0006392395, 0.0006111875, 0.0005619187, 0.00052652485, 0.0005056047, 0.00049960526, 0.0004923332, 0.00048654535, 0.0004821381, 0.00046852947, 0.00044823726, 0.0004250344, 0.00041405106, 0.00039637674, 0.00038772164, 0.00038700935, 0.00039293748, 0.0004066817, 0.0004250842, 0.0004358996, 0.00045882256, 0.00048397318, 0.00049725163, 0.00052581314, 0.0005570395, 0.0005732834, 0.00060494343, 0.0006354144, 0.000663785, 0.0006772701, 0.0007033293, 0.0007303086, 0.0007454263, 0.00078630616, 0.00086677657, 0.0010417693, 0.0011817092, 0.0014583692, 0, 0, 0, 0, 0, 0, 0, 0, 0, 0, 0, 0, 0, 0, 0, 0, 0, 0, 0, 0, 0, 0, 0, 0, 0, 0, 0, 0, 0, 0, 0, 0, 0, 0, 0, 0, 0, 0, 0, 0, 0, 0, 0, 0, 0, 0, 0, 0, 0, 0, 0, 0, 0, 0, 0
0, 0, 0, 0, 0, 0, 0, 0, 0, 0, 0, 0, 0, 0, 0, 0, 0, 0, 0, 0.0011808382, 0.0009347307, 0.00085859717, 0.0007734687, 0.0007388342, 0.0007307402, 0.0007239381, 0.0007219565, 0.0007228667, 0.0007239767, 0.00072937255, 0.00073961826, 0.00074671407, 0.00076431007, 0.0007837829, 0.00080400164, 0.0008140202, 0.00083451037, 0.0008576595, 0.0008705426, 0.00090001384, 0.0009330094, 0.0009500822, 0.0009827485, 0.0010099049, 0.0010294974, 0.0010361513, 0.0010442567, 0.001048223, 0.0010499371, 0.0010538835, 0.0010602018, 0.0010670167, 0.001069376, 0.0010702771, 0.0010626384, 0.0010548452, 0.0010314528, 0.0010006668, 0.0009842494, 0.00095240603, 0.0009255467, 0.0009053502, 0.0008973335, 0.0008832431, 0.0008700463, 0.00086285704, 0.00084627484, 0.0008276176, 0.00080874166, 0.0008000665, 0.00078539026, 0.00077495596, 0.00077111647, 0.00076432736, 0.000757948, 0.0007512874, 0.00074802886, 0.00074297015, 0.0007430933, 0.00074545405, 0.0007561946, 0.00077474385, 0.00078603945, 0.0008111016, 0.0008349989, 0.0008541119, 0.0008615003, 0.0008724037, 0.0008825583, 0.000889523, 0.0009200967, 0.0010103965, 0.0012624845, 0.0015149164, 0.002223293, 0, 0, 0, 0, 0, 0, 0, 0, 0, 0, 0, 0, 0, 0, 0, 0, 0, 0, 0, 0, 0, 0, 0, 0, 0, 0, 0, 0, 0, 0, 0, 0, 0, 0, 0, 0, 0, 0, 0, 0, 0, 0, 0, 0, 0, 0, 0, 0, 0, 0, 0, 0, 0, 0, 0
0, 0, 0, 0, 0, 0, 0, 0, 0, 0, 0, 0, 0, 0, 0, 0, 0, 0, 0.0015027337, 0.001160748, 0.00094493525, 0.00088038185, 0.0008038905, 0.0007677771, 0.0007585606, 0.0007500602, 0.00074825244, 0.0007492597, 0.00075009366, 0.00075276144, 0.00075941044, 0.0007649474, 0.0007816754, 0.00080578023, 0.00083618227, 0.00085300434, 0.0008875004, 0.00092343916, 0.0009411977, 0.0009777129, 0.0010146899, 0.0010335379, 0.0010714509, 0.0011087089, 0.0011442769, 0.0011609041, 0.0011925633, 0.001221365, 0.0012346612, 0.0012598456, 0.0012829264, 0.0013041273, 0.0013140521, 0.0013315435, 0.0013454339, 0.0013504936, 0.0013558276, 0.0013555271, 0.001353464, 0.0013463184, 0.001336013, 0.001322605, 0.0013148857, 0.0012961045, 0.0012734766, 0.0012611266, 0.0012350415, 0.0012100417, 0.0011889265, 0.0011801277, 0.0011668935, 0.0011569514, 0.0011522736, 0.0011404273, 0.0011229531, 0.0010992445, 0.0010853523, 0.001056618, 0.0010311945, 0.0010215216, 0.001009561, 0.0010091496, 0.0010122438, 0.001022378, 0.0010330159, 0.0010372931, 0.0010365802, 0.0010305779, 0.0010254063, 0.0010285154, 0.0010651792, 0.0011752407, 0.0013788776, 0.0014808254, 0, 0, 0, 0, 0, 0, 0, 0, 0, 0, 0, 0, 0, 0, 0, 0, 0, 0, 0, 0, 0, 0, 0, 0, 0, 0, 0, 0, 0, 0, 0, 0, 0, 0, 0, 0, 0, 0, 0, 0, 0, 0, 0, 0, 0, 0, 0, 0, 0, 0, 0, 0, 0, 0, 0, 0
0, 0, 0, 0, 0, 0, 0, 0, 0, 0, 0, 0, 0, 0, 0, 0, 0, 0.0016507552, 0.0014639924, 0.0011638795, 0.0009991892, 0.00094846933, 0.00088170375, 0.00084325194, 0.00083083, 0.00081668166, 0.00081137667, 0.00081032724, 0.0008105225, 0.0008111266, 0.00081462524, 0.0008183917, 0.00083304214, 0.00085845107, 0.0008950996, 0.0009167838, 0.0009646304, 0.0010145338, 0.0010392508, 0.0010868454, 0.0011318045, 0.0011536668, 0.0011976892, 0.0012425783, 0.001290435, 0.0013150509, 0.0013656357, 0.0014163719, 0.0014408245, 0.0014873542, 0.0015288874, 0.001565122, 0.0015816794, 0.0016120006, 0.0016400666, 0.0016535866, 0.0016792157, 0.0017022967, 0.0017122678, 0.0017281519, 0.0017371792, 0.0017371183, 0.0017332673, 0.0017175827, 0.0016924544, 0.0016770177, 0.0016429302, 0.0016086908, 0.0015778873, 0.0015648431, 0.0015431367, 0.0015269392, 0.0015194275, 0.0015026398, 0.001479555, 0.0014478946, 0.0014289666, 0.0013864336, 0.00134359, 0.0013237969, 0.0012898871, 0.0012663734, 0.0012579388, 0.001245502, 0.0012327745, 0.0012132791, 0.0012004218, 0.0011699579, 0.0011483171, 0.0011523898, 0.0012341801, 0.0014854752, 0.0017970876, 0, 0, 0, 0, 0, 0, 0, 0, 0, 0, 0, 0, 0, 0, 0, 0, 0, 0, 0, 0, 0, 0, 0, 0, 0, 0, 0, 0, 0, 0, 0, 0, 0, 0, 0, 0, 0, 0, 0, 0, 0, 0, 0, 0, 0, 0, 0, 0, 0, 0, 0, 0, 0, 0, 0, 0, 0
0, 0, 0, 0, 0, 0, 0, 0, 0, 0, 0, 0, 0, 0, 0, 0, 0, 0.0015778543, 0.0014042561, 0.0011861366, 0.0010818619, 0.0010494718, 0.0010025686, 0.0009698414, 0.0009579519, 0.000942528, 0.000936063, 0.0009347018, 0.0009345559, 0.0009346907, 0.00093575334, 0.0009374442, 0.00094635534, 0.0009665167, 0.001000206, 0.0010218207, 0.0010737713, 0.0011318508, 0.0011615849, 0.0012198173, 0.0012745681, 0.0013010025, 0.0013526013, 0.0014055934, 0.0014627605, 0.0014933797, 0.0015590907, 0.0016279066, 0.0016626562, 0.0017303362, 0.001792851, 0.0018478142, 0.0018724629, 0.0019165745, 0.0019560785, 0.0019747636, 0.0020106614, 0.0020453813, 0.0020622169, 0.002092301, 0.0021162091, 0.0021306311, 0.0021334593, 0.0021290083, 0.0021122328, 0.0020993587, 0.0020666888, 0.0020283717, 0.0019881171, 0.0019687037, 0.0019324777, 0.0019005755, 0.001885776, 0.0018569463, 0.0018255783, 0.0017887893, 0.0017677364, 0.0017199448, 0.0016676867, 0.0016409233, 0.0015897304, 0.0015432693, 0.0015220045, 0.0014818413, 0.0014405516, 0.0013916388, 0.0013633668, 0.0013021498, 0.0012545906, 0.0012535179, 0.0013743113, 0.0018719796, 0.0027885316, 0, 0, 0, 0, 0, 0, 0, 0, 0, 0, 0, 0, 0, 0, 0, 0, 0, 0, 0, 0, 0, 0, 0, 0, 0, 0, 0, 0, 0, 0, 0, 0, 0, 0, 0, 0, 0, 0, 0, 0, 0, 0, 0, 0, 0, 0, 0, 0, 0, 0, 0, 0, 0, 0, 0, 0, 0
0, 0, 0, 0, 0, 0, 0, 0, 0, 0, 0, 0, 0, 0, 0, 0, 0.001935413, 0.001504586, 0.0013702603, 0.0012379691, 0.0011933058, 0.001181874, 0.0011625314, 0.0011453833, 0.0011385152, 0.0011297042, 0.0011274208, 0.0011300502, 0.0011321489, 0.0011352558, 0.0011372374, 0.0011381278, 0.0011421363, 0.0011537329, 0.0011773523, 0.0011945593, 0.0012399496, 0.0012967847, 0.0013276889, 0.0013917189, 0.0014547155, 0.0014853834, 0.001545468, 0.0016057226, 0.0016698958, 0.0017043881, 0.0017787035, 0.0018591199, 0.0019010253, 0.0019851152, 0.0020667948, 0.0021421458, 0.0021763104, 0.0022376096, 0.0022898924, 0.0023132989, 0.002355427, 0.0023939835, 0.0024121918, 0.0024461458, 0.0024761886, 0.0025001124, 0.0025088415, 0.0025186301, 0.0025165994, 0.0025107232, 0.002489564, 0.0024567433, 0.00241494, 0.002391418, 0.0023419529, 0.002291994, 0.002267587, 0.0022198188, 0.0021736524, 0.0021264749, 0.0021016393, 0.0020477732, 0.0019881797, 0.0019563932, 0.0018909952, 0.0018245118, 0.0017909193, 0.0017241075, 0.0016549556, 0.001579412, 0.0015387849, 0.0014543784, 0.0013849756, 0.0013725881, 0.0014506736, 0.0017215825, 0, 0, 0, 0, 0, 0, 0, 0, 0, 0, 0, 0, 0, 0, 0, 0, 0, 0, 0, 0, 0, 0, 0, 0, 0, 0, 0, 0, 0, 0, 0, 0, 0, 0, 0, 0, 0, 0, 0, 0, 0, 0, 0, 0, 0, 0, 0, 0, 0, 0, 0, 0, 0, 0, 0, 0, 0, 0
0, 0, 0, 0, 0, 0, 0, 0, 0, 0, 0, 0, 0, 0, 0, 0, 0.0017019819, 0.0014747382, 0.0013989937, 0.0013417001, 0.0013435741, 0.0013496736, 0.0013585737, 0.0013614636, 0.0013619304, 0.0013640091, 0.0013702525, 0.0013801538, 0.0013857507, 0.0013960204, 0.0014043362, 0.0014072241, 0.0014122544, 0.0014197322, 0.001434565, 0.0014465337, 0.0014810011, 0.0015296184, 0.0015583339, 0.0016217191, 0.0016888389, 0.001722758, 0.0017896629, 0.001856068, 0.0019242486, 0.0019601868, 0.0020363363, 0.002119397, 0.002163237, 0.002254229, 0.002346868, 0.0024368048, 0.0024795467, 0.0025581322, 0.0026258759, 0.002655505, 0.0027065887, 0.002748469, 0.0027669147, 0.002799899, 0.0028292835, 0.0028554443, 0.002867228, 0.0028861442, 0.0028973415, 0.0028986358, 0.002891994, 0.0028708722, 0.0028352102, 0.0028122663, 0.0027575118, 0.0026954028, 0.0026629278, 0.002596966, 0.002532253, 0.0024680449, 0.0024357347, 0.0023686986, 0.002296224, 0.0022576177, 0.0021757274, 0.0020885982, 0.0020440328, 0.0019531832, 0.0018611924, 0.0017683207, 0.0017223955, 0.001638502, 0.0015944376, 0.0016062567, 0.0017279205, 0, 0, 0, 0, 0, 0, 0, 0, 0, 0, 0, 0, 0, 0, 0, 0, 0, 0, 0, 0, 0, 0, 0, 0, 0, 0, 0, 0, 0, 0, 0, 0, 0, 0, 0, 0, 0, 0, 0, 0, 0, 0, 0, 0, 0, 0, 0, 0, 0, 0, 0, 0, 0, 0, 0, 0, 0, 0, 0
0, 0, 0, 0, 0, 0, 0, 0, 0, 0, 0, 0, 0, 0, 0, 0.0036884947, 0.0023496675, 0.0016825898, 0.0015729315, 0.001516708, 0.0015373712, 0.0015537749, 0.0015836747, 0.0016051237, 0.0016131838, 0.0016271367, 0.001641522, 0.0016583832, 0.0016673626, 0.001686059, 0.0017035786, 0.0017111248, 0.0017244732, 0.0017363856, 0.0017504094, 0.0017601987, 0.0017869008, 0.001826678, 0.0018514539, 0.0019096839, 0.0019762036, 0.0020111427, 0.0020817465, 0.0021519603, 0.0022220642, 0.0022577723, 0.002331251, 0.0024097003, 0.0024508997, 0.0025381267, 0.0026302035, 0.002724335, 0.002770983, 0.0028611324, 0.0029431626, 0.0029801372, 0.003044286, 0.0030953684, 0.0031164521, 0.0031519048, 0.0031807742, 0.0032059487, 0.0032174336, 0.0032385024, 0.0032547752, 0.0032602255, 0.0032624807, 0.0032508885, 0.003223455, 0.0032034705, 0.0031516342, 0.0030865716, 0.003050623, 0.0029741689, 0.0028942227, 0.0028121395, 0.002770134, 0.0026825257, 0.0025892698, 0.0025395916, 0.0024348116, 0.0023233013, 0.0022657735, 0.0021496455, 0.0020361778, 0.0019303429, 0.0018837769, 0.001822, 0.0018541153, 0.0019395858, 0.0023180158, 0, 0, 0, 0, 0, 0, 0, 0, 0, 0, 0, 0, 0, 0, 0, 0, 0, 0, 0, 0, 0, 0, 0, 0, 0, 0, 0, 0, 0, 0, 0, 0, 0, 0, 0, 0, 0, 0, 0, 0, 0, 0, 0, 0, 0, 0, 0, 0, 0, 0, 0, 0, 0, 0, 0, 0, 0, 0, 0
0, 0, 0, 0, 0, 0, 0, 0, 0, 0, 0, 0, 0, 0, 0, 0.0025216197, 0.0020977233, 0.0017883251, 0.0017304393, 0.0017153182, 0.001754629, 0.001778865, 0.0018252848, 0.0018631334, 0.0018785507, 0.0019039704, 0.0019258268, 0.0019473732, 0.001958615, 0.0019826265, 0.0020079769, 0.0020206366, 0.0020448775, 0.0020676246, 0.0020894336, 0.002100899, 0.0021271894, 0.0021614851, 0.0021825938, 0.0022330668, 0.0022935132, 0.0023266086, 0.002395666, 0.0024666134, 0.0025372438, 0.0025725737, 0.0026430718, 0.0027155078, 0.0027529085, 0.0028308008, 0.0029138161, 0.00300145, 0.0030466649, 0.0031379387, 0.0032264849, 0.0032684854, 0.003344972, 0.0034098811, 0.0034372082, 0.003482698, 0.0035179914, 0.0035456622, 0.0035571638, 0.003576821, 0.0035917116, 0.0035963845, 0.0035995531, 0.0035906613, 0.0035675461, 0.0035502196, 0.0035036474, 0.003442787, 0.0034077154, 0.0033295394, 0.0032426005, 0.003146908, 0.0030962308, 0.0029878325, 0.0028695243, 0.0028063909, 0.0026724804, 0.002530138, 0.0024568462, 0.0023095496, 0.002167416, 0.0020420633, 0.0019936857, 0.001955531, 0.0020715198, 0.0022223536, 0.0026862437, 0, 0, 0, 0, 0, 0, 0, 0, 0, 0, 0, 0, 0, 0, 0, 0, 0, 0, 0, 0, 0, 0, 0, 0, 0, 0, 0, 0, 0, 0, 0, 0, 0, 0, 0, 0, 0, 0, 0, 0, 0, 0, 0, 0, 0, 0, 0, 0, 0, 0, 0, 0, 0, 0, 0, 0, 0, 0, 0
0, 0, 0, 0, 0, 0, 0, 0, 0, 0, 0, 0, 0, 0, 0, 0.002247129, 0.0019463116, 0.0018555418, 0.0018570876, 0.0019018175, 0.0019676194, 0.0020016956, 0.0020661636, 0.0021219347, 0.0021457851, 0.002185607, 0.0022166101, 0.0022431768, 0.0022559683, 0.0022824414, 0.002311581, 0.0023269483, 0.0023591951, 0.0023919786, 0.0024242552, 0.002439998, 0.0024714516, 0.002504789, 0.0025231296, 0.0025651758, 0.0026155107, 0.0026437577, 0.0027054856, 0.002772001, 0.0028407807, 0.0028756757, 0.0029453167, 0.0030153042, 0.0030503236, 0.0031215276, 0.0031947587, 0.003271013, 0.0033107144, 0.0033922016, 0.0034757801, 0.0035174747, 0.0035981655, 0.0036728815, 0.0037066317, 0.0037665921, 0.0038154314, 0.003852868, 0.003867616, 0.0038900569, 0.0039032395, 0.0039062942, 0.00390505, 0.0038928895, 0.0038691051, 0.0038525176, 0.0038099827, 0.0037549888, 0.003722691, 0.003648842, 0.0035618753, 0.0034605125, 0.0034040168, 0.0032798208, 0.003138978, 0.0030627928, 0.0028991317, 0.0027236794, 0.002632575, 0.0024478356, 0.0022675288, 0.0021116196, 0.0020557344, 0.0020404942, 0.0022534172, 0.0024709033, 0, 0, 0, 0, 0, 0, 0, 0, 0, 0, 0, 0, 0, 0, 0, 0, 0, 0, 0, 0, 0, 0, 0, 0, 0, 0, 0, 0, 0, 0, 0, 0, 0, 0, 0, 0, 0, 0, 0, 0, 0, 0, 0, 0, 0, 0, 0, 0, 0, 0, 0, 0, 0, 0, 0, 0, 0, 0, 0, 0
0, 0, 0, 0, 0, 0, 0, 0, 0, 0, 0, 0, 0, 0, 0.0027466232, 0.0021912998, 0.0019650322, 0.001958559, 0.0019901642, 0.0020744742, 0.0021639531, 0.0022078536, 0.002291736, 0.0023682402, 0.002402309, 0.0024611708, 0.0025077588, 0.0025442827, 0.0025598716, 0.002589478, 0.002619665, 0.0026357372, 0.002670534, 0.0027084243, 0.002747817, 0.0027674786, 0.0028054807, 0.0028412591, 0.002858683, 0.0028944912, 0.0029341655, 0.0029562332, 0.0030055882, 0.0030622086, 0.0031249437, 0.0031580746, 0.0032267964, 0.0032970337, 0.0033322107, 0.0034017286, 0.003469843, 0.003536534, 0.0035699029, 0.003637087, 0.0037061956, 0.003741633, 0.003813883, 0.0038867653, 0.003922873, 0.0039919144, 0.004053705, 0.004105151, 0.004126304, 0.004158182, 0.0041757002, 0.0041794865, 0.004176673, 0.00416162, 0.0041353744, 0.004118415, 0.0040776525, 0.004026707, 0.003997198, 0.0039286083, 0.0038448852, 0.0037429328, 0.003684406, 0.0035507684, 0.0033948561, 0.003308797, 0.0031218748, 0.002917863, 0.0028108084, 0.0025904374, 0.0023708174, 0.0021798091, 0.0021142666, 0.0021213077, 0.0024390703, 0.00269369, 0, 0, 0, 0, 0, 0, 0, 0, 0, 0, 0, 0, 0, 0, 0, 0, 0, 0, 0, 0, 0, 0, 0, 0, 0, 0, 0, 0, 0, 0, 0, 0, 0, 0, 0, 0, 0, 0, 0, 0, 0, 0, 0, 0, 0, 0, 0, 0, 0, 0, 0, 0, 0, 0, 0, 0, 0, 0, 0, 0
0, 0, 0, 0, 0, 0, 0, 0, 0, 0, 0, 0, 0, 0.0030394774, 0.002670071, 0.0021833815, 0.0020551006, 0.0020976716, 0.0021432287, 0.0022454762, 0.002348443, 0.0023989067, 0.0024980544, 0.0025926933, 0.0026374185, 0.0027182794, 0.0027856245, 0.002838745, 0.0028610115, 0.0028991005, 0.0029329478, 0.0029497142, 0.002985083, 0.003023937, 0.0030663025, 0.0030884224, 0.0031320332, 0.0031729399, 0.0031919153, 0.0032271822, 0.0032607964, 0.0032779223, 0.0033153116, 0.0033587513, 0.0034099172, 0.003438541, 0.003500944, 0.0035686425, 0.0036035897, 0.0036732333, 0.0037400776, 0.003801765, 0.0038305733, 0.0038848768, 0.003936692, 0.0039628455, 0.0040173633, 0.004076126, 0.0041073724, 0.0041724485, 0.0042378544, 0.0042982725, 0.004325024, 0.004368515, 0.004396019, 0.0044034827, 0.004405438, 0.004392366, 0.004366532, 0.0043499097, 0.0043099644, 0.004261576, 0.004233685, 0.004168581, 0.0040873857, 0.0039863833, 0.003927456, 0.0037903704, 0.003627491, 0.003536576, 0.0033362568, 0.0031145934, 0.0029969192, 0.0027523898, 0.002508481, 0.0023014506, 0.0022356645, 0.0022669202, 0.0026135452, 0, 0, 0, 0, 0, 0, 0, 0, 0, 0, 0, 0, 0, 0, 0, 0, 0, 0, 0, 0, 0, 0, 0, 0, 0, 0, 0, 0, 0, 0, 0, 0, 0, 0, 0, 0, 0, 0, 0, 0, 0, 0, 0, 0, 0, 0, 0, 0, 0, 0, 0, 0, 0, 0, 0, 0, 0, 0, 0, 0, 0
0, 0, 0, 0, 0, 0, 0, 0, 0, 0, 0, 0, 0, 0.002567271, 0.0024160943, 0.002196344, 0.00218197, 0.0022656596, 0.0023193082, 0.0024293584, 0.0025362275, 0.0025888772, 0.0026938424, 0.0027991685, 0.0028508878, 0.0029493156, 0.0030371752, 0.0031107794, 0.0031422416, 0.0031957277, 0.0032400999, 0.003260271, 0.003299618, 0.0033411933, 0.003386598, 0.003410753, 0.0034606985, 0.003509816, 0.0035327303, 0.0035745744, 0.0036106396, 0.0036269862, 0.0036578742, 0.0036899722, 0.0037271301, 0.003748195, 0.003797122, 0.0038544503, 0.0038853432, 0.0039495556, 0.004012776, 0.0040705795, 0.004096403, 0.004141959, 0.004180423, 0.0041979835, 0.004233066, 0.0042714407, 0.0042930245, 0.0043413998, 0.004395718, 0.0044517303, 0.00447876, 0.004526549, 0.0045611346, 0.004572383, 0.004581766, 0.004574392, 0.0045530517, 0.004537775, 0.004500212, 0.0044532535, 0.0044260467, 0.0043618972, 0.0042814645, 0.0041808775, 0.0041219033, 0.0039848248, 0.0038210906, 0.003729268, 0.003525953, 0.0032984542, 0.0031767657, 0.0029236416, 0.0026799163, 0.0025081413, 0.00248349, 0.0026166567, 0, 0, 0, 0, 0, 0, 0, 0, 0, 0, 0, 0, 0, 0, 0, 0, 0, 0, 0, 0, 0, 0, 0, 0, 0, 0, 0, 0, 0, 0, 0, 0, 0, 0, 0, 0, 0, 0, 0, 0, 0, 0, 0, 0, 0, 0, 0, 0, 0, 0, 0, 0, 0, 0, 0, 0, 0, 0, 0, 0, 0, 0
0, 0, 0, 0, 0, 0, 0, 0, 0, 0, 0, 0, 0.0051424885, 0.0033403412, 0.0027630639, 0.0023682292, 0.0023642378, 0.002463175, 0.0025208604, 0.0026336622, 0.0027405727, 0.0027925796, 0.0028967997, 0.0030029346, 0.0030568193, 0.0031632495, 0.003264176, 0.003355476, 0.0033965134, 0.0034690364, 0.0035303065, 0.0035578283, 0.003609014, 0.003659108, 0.0037116078, 0.0037393186, 0.0037974722, 0.0038565611, 0.0038853213, 0.003938941, 0.0039849244, 0.0040047388, 0.004038029, 0.004065655, 0.004091875, 0.0041057174, 0.004137691, 0.0041769873, 0.0041994033, 0.0042486372, 0.0042999825, 0.004349054, 0.004371173, 0.0044094957, 0.004438902, 0.0044508195, 0.004471264, 0.004491311, 0.00450234, 0.004528348, 0.0045608915, 0.0045982907, 0.0046177628, 0.0046546147, 0.00468413, 0.004694545, 0.0047047334, 0.0047004004, 0.004682546, 0.004668997, 0.004633683, 0.004587641, 0.0045606205, 0.00449622, 0.0044154758, 0.004314511, 0.0042555537, 0.004119815, 0.0039588637, 0.0038687482, 0.0036696938, 0.0034457387, 0.003325137, 0.0030745005, 0.0028446128, 0.002743529, 0.0028096787, 0.0033459815, 0, 0, 0, 0, 0, 0, 0, 0, 0, 0, 0, 0, 0, 0, 0, 0, 0, 0, 0, 0, 0, 0, 0, 0, 0, 0, 0, 0, 0, 0, 0, 0, 0, 0, 0, 0, 0, 0, 0, 0, 0, 0, 0, 0, 0, 0, 0, 0, 0, 0, 0, 0, 0, 0, 0, 0, 0, 0, 0, 0, 0, 0
0, 0, 0, 0, 0, 0, 0, 0, 0, 0, 0, 0, 0.003429379, 0.0028947743, 0.0026651786, 0.0024997615, 0.0025521014, 0.0026688364, 0.0027309703, 0.0028501332, 0.0029606328, 0.0030137242, 0.0031181602, 0.003223057, 0.00327611, 0.003383378, 0.0034892994, 0.003590947, 0.0036389618, 0.0037289595, 0.003809643, 0.0038467785, 0.003916051, 0.0039816606, 0.004046194, 0.004079106, 0.0041464483, 0.004214532, 0.004248174, 0.0043125413, 0.00436982, 0.00439488, 0.00443688, 0.0044683004, 0.0044918554, 0.0045020743, 0.004521142, 0.0045426013, 0.004555104, 0.0045833625, 0.004614978, 0.0046472666, 0.0046625757, 0.0046897437, 0.0047101984, 0.004717997, 0.004728848, 0.0047354302, 0.004738202, 0.004744092, 0.004752338, 0.0047631077, 0.0047690654, 0.0047809132, 0.0047894334, 0.0047913683, 0.004788728, 0.004776965, 0.0047551123, 0.0047406578, 0.004703801, 0.0046569863, 0.004629218, 0.004563445, 0.0044813114, 0.0043796506, 0.004320842, 0.0041865357, 0.0040287264, 0.0039413963, 0.0037495042, 0.0035351012, 0.0034205467, 0.0031848955, 0.0029776057, 0.002916845, 0.0030140677, 0.0035868695, 0, 0, 0, 0, 0, 0, 0, 0, 0, 0, 0, 0, 0, 0, 0, 0, 0, 0, 0, 0, 0, 0, 0, 0, 0, 0, 0, 0, 0, 0, 0, 0, 0, 0, 0, 0, 0, 0, 0, 0, 0, 0, 0, 0, 0, 0, 0, 0, 0, 0, 0, 0, 0, 0, 0, 0, 0, 0, 0, 0, 0, 0
0, 0, 0, 0, 0, 0, 0, 0, 0, 0, 0, 0, 0.0029679642, 0.0026167454, 0.0025592386, 0.0025933473, 0.0027174794, 0.0028598146, 0.0029295145, 0.003061853, 0.0031848052, 0.0032437614, 0.003357789, 0.0034686374, 0.003523592, 0.003632501, 0.0037402369, 0.0038466633, 0.0038990052, 0.004001321, 0.004099101, 0.004145847, 0.004235131, 0.0043192403, 0.0043993117, 0.0044380706, 0.0045138053, 0.0045873104, 0.0046230117, 0.0046912353, 0.004753578, 0.0047819754, 0.004831691, 0.0048714653, 0.0049013407, 0.0049128733, 0.0049303165, 0.004942905, 0.004948215, 0.004958101, 0.004968143, 0.0049785567, 0.004983513, 0.004992791, 0.004999157, 0.005000807, 0.0050014895, 0.0049973205, 0.0049938876, 0.004984008, 0.0049706483, 0.004954388, 0.0049454337, 0.004925231, 0.004902134, 0.0048893774, 0.0048608044, 0.004828108, 0.0047909315, 0.0047700694, 0.0047237347, 0.004669723, 0.004638879, 0.0045679957, 0.00448218, 0.0043784142, 0.004319046, 0.0041844486, 0.0040285178, 0.0039425953, 0.0037556246, 0.003551756, 0.0034465676, 0.00324728, 0.0031199048, 0.003186575, 0.0033200004, 0, 0, 0, 0, 0, 0, 0, 0, 0, 0, 0, 0, 0, 0, 0, 0, 0, 0, 0, 0, 0, 0, 0, 0, 0, 0, 0, 0, 0, 0, 0, 0, 0, 0, 0, 0, 0, 0, 0, 0, 0, 0, 0, 0, 0, 0, 0, 0, 0, 0, 0, 0, 0, 0, 0, 0, 0, 0, 0, 0, 0, 0, 0
0, 0, 0, 0, 0, 0, 0, 0, 0, 0, 0, 0.0036459055, 0.002895084, 0.0026130953, 0.0026065495, 0.0027151196, 0.002876393, 0.0030373908, 0.0031140812, 0.0032611792, 0.0034020783, 0.0034708083, 0.00360472, 0.0037329055, 0.0037948373, 0.0039138673, 0.0040277787, 0.004138163, 0.0041929795, 0.0043029143, 0.00441271, 0.0044671604, 0.0045742677, 0.004676727, 0.0047730957, 0.0048182826, 0.0049023936, 0.0049783043, 0.005013625, 0.00507864, 0.0051377965, 0.0051655048, 0.005217124, 0.0052634194, 0.005303384, 0.005320229, 0.005346843, 0.0053631337, 0.0053674746, 0.005369255, 0.0053638057, 0.0053535467, 0.00534723, 0.0053339126, 0.0053197034, 0.0053122984, 0.0052967514, 0.005278566, 0.0052679204, 0.0052426383, 0.00520999, 0.005169719, 0.005146703, 0.0050954088, 0.005038691, 0.005008888, 0.004947606, 0.004885088, 0.004821415, 0.004789176, 0.0047222604, 0.0046511656, 0.004612913, 0.004529386, 0.0044338424, 0.004322994, 0.0042609666, 0.0041228216, 0.003964843, 0.0038782717, 0.0036904395, 0.0034881802, 0.003387798, 0.0032268723, 0.0032360975, 0.0036649518, 0.0041183536, 0, 0, 0, 0, 0, 0, 0, 0, 0, 0, 0, 0, 0, 0, 0, 0, 0, 0, 0, 0, 0, 0, 0, 0, 0, 0, 0, 0, 0, 0, 0, 0, 0, 0, 0, 0, 0, 0, 0, 0, 0, 0, 0, 0, 0, 0, 0, 0, 0, 0, 0, 0, 0, 0, 0, 0, 0, 0, 0, 0, 0, 0, 0
0, 0, 0, 0, 0, 0, 0, 0, 0, 0, 0.004021427, 0.0035170487, 0.0028411753, 0.0026876712, 0.0027193443, 0.0028689161, 0.0030472875, 0.003217938, 0.0032991592, 0.0034569462, 0.003613351, 0.0036915853, 0.0038470128, 0.0039980654, 0.004070408, 0.0042070886, 0.0043330654, 0.004450963, 0.0045082234, 0.0046228026, 0.0047396417, 0.004799089, 0.004919392, 0.0050383266, 0.005150826, 0.005203283, 0.0052981204, 0.005378816, 0.005413921, 0.005475529, 0.0055283625, 0.0055530244, 0.0056012054, 0.005649558, 0.005697348, 0.0057199663, 0.005759894, 0.005788607, 0.0057972795, 0.005802554, 0.0057921256, 0.0057688663, 0.005753689, 0.005719156, 0.005682327, 0.005663721, 0.005626446, 0.0055882297, 0.0055678934, 0.005523108, 0.005470033, 0.005406529, 0.005370646, 0.005291844, 0.0052047656, 0.0051592914, 0.0050655794, 0.004970437, 0.0048754974, 0.004828029, 0.0047319313, 0.004633448, 0.0045824703, 0.004475709, 0.0043606055, 0.004233995, 0.0041658552, 0.0040181084, 0.0038539998, 0.0037650454, 0.0035714097, 0.0033612573, 0.0032573005, 0.0031039384, 0.0031888827, 0.0038157885, 0.0043233293, 0, 0, 0, 0, 0, 0, 0, 0, 0, 0, 0, 0, 0, 0, 0, 0, 0, 0, 0, 0, 0, 0, 0, 0, 0, 0, 0, 0, 0, 0, 0, 0, 0, 0, 0, 0, 0, 0, 0, 0, 0, 0, 0, 0, 0, 0, 0, 0, 0, 0, 0, 0, 0, 0, 0, 0, 0, 0, 0, 0, 0, 0, 0
0, 0, 0, 0, 0, 0, 0, 0, 0, 0, 0.0030587032, 0.002878656, 0.0026746262, 0.0027472589, 0.0028359662, 0.003041001, 0.0032394915, 0.0034182293, 0.0035020886, 0.0036649655, 0.003828396, 0.0039116587, 0.004079896, 0.0042470186, 0.0043280865, 0.004481991, 0.0046221833, 0.004749897, 0.00481051, 0.0049290564, 0.0050494624, 0.005111527, 0.005240014, 0.0053708204, 0.0054985536, 0.005558621, 0.005668154, 0.0057599773, 0.005798845, 0.00586429, 0.005916967, 0.005940551, 0.005986001, 0.0060336655, 0.006084797, 0.006110675, 0.0061605778, 0.0062011112, 0.006215795, 0.006230502, 0.0062238974, 0.006197476, 0.006178251, 0.0061310614, 0.006076795, 0.0060482835, 0.005990232, 0.005930329, 0.0058989767, 0.0058314963, 0.0057552136, 0.0056674546, 0.0056191785, 0.0055144597, 0.005400885, 0.0053414777, 0.005219422, 0.0050948802, 0.004968423, 0.004904825, 0.004775627, 0.0046434123, 0.004575466, 0.004435831, 0.0042899116, 0.004136687, 0.004057023, 0.0038911, 0.003714333, 0.0036211954, 0.0034241087, 0.0032159826, 0.0031152694, 0.0029724743, 0.0030800456, 0.0037269464, 0, 0, 0, 0, 0, 0, 0, 0, 0, 0, 0, 0, 0, 0, 0, 0, 0, 0, 0, 0, 0, 0, 0, 0, 0, 0, 0, 0, 0, 0, 0, 0, 0, 0, 0, 0, 0, 0, 0, 0, 0, 0, 0, 0, 0, 0, 0, 0, 0, 0, 0, 0, 0, 0, 0, 0, 0, 0, 0, 0, 0, 0, 0, 0
0, 0, 0, 0, 0, 0, 0, 0, 0, 0, 0.0029216437, 0.0027995324, 0.0027372409, 0.0029045641, 0.0030201697, 0.0032543265, 0.0034643058, 0.0036480404, 0.0037327774, 0.0038958183, 0.004057434, 0.0041394867, 0.0043068533, 0.0044763037, 0.00456015, 0.004721457, 0.0048707714, 0.005006679, 0.0050703525, 0.005193512, 0.005316296, 0.0053794906, 0.005511204, 0.005648635, 0.005786702, 0.0058535575, 0.005978007, 0.0060859416, 0.0061326274, 0.006211968, 0.00627548, 0.0063028894, 0.006353536, 0.006403212, 0.00645518, 0.00648173, 0.0065337466, 0.0065788785, 0.006596656, 0.006618255, 0.0066184103, 0.006596633, 0.00657819, 0.0065296395, 0.0064693126, 0.006436112, 0.0063657765, 0.0062899636, 0.0062495028, 0.006162118, 0.006063944, 0.005952817, 0.0058927177, 0.0057640485, 0.0056260903, 0.005554694, 0.0054077697, 0.0052573043, 0.00510308, 0.0050243605, 0.004863105, 0.0046955175, 0.0046091075, 0.00443098, 0.004247059, 0.004057744, 0.003961429, 0.0037655288, 0.0035655887, 0.0034645952, 0.0032642237, 0.0030815378, 0.0030109512, 0.002972712, 0.0031695275, 0, 0, 0, 0, 0, 0, 0, 0, 0, 0, 0, 0, 0, 0, 0, 0, 0, 0, 0, 0, 0, 0, 0, 0, 0, 0, 0, 0, 0, 0, 0, 0, 0, 0, 0, 0, 0, 0, 0, 0, 0, 0, 0, 0, 0, 0, 0, 0, 0, 0, 0, 0, 0, 0, 0, 0, 0, 0, 0, 0, 0, 0, 0, 0, 0
0, 0, 0, 0, 0, 0, 0, 0, 0, 0.007419949, 0.0046915854, 0.0037973716, 0.00321332, 0.003242258, 0.0033269038, 0.0035273558, 0.0037237515, 0.0039029836, 0.0039868685, 0.0041471845, 0.0043030684, 0.004380762, 0.004537944, 0.004697061, 0.004776567, 0.0049328287, 0.005081787, 0.0052210125, 0.005287021, 0.005414178, 0.005539553, 0.0056031314, 0.0057345955, 0.0058721993, 0.0060128192, 0.006082363, 0.006216123, 0.006337722, 0.006392676, 0.0064902697, 0.006571903, 0.0066076564, 0.0066719735, 0.00672995, 0.00678468, 0.0068110363, 0.0068602576, 0.0069021345, 0.0069188173, 0.0069406657, 0.006944207, 0.006928556, 0.0069136503, 0.006871785, 0.0068166475, 0.006784948, 0.006714401, 0.0066341236, 0.006589866, 0.006491567, 0.0063786823, 0.0062505663, 0.0061811064, 0.0060326997, 0.0058743916, 0.0057925987, 0.005624746, 0.005452135, 0.0052739778, 0.005182291, 0.0049927672, 0.0047929487, 0.00468918, 0.0044741966, 0.0042507616, 0.0040214234, 0.0039053007, 0.0036705737, 0.0034340664, 0.0033167645, 0.003095372, 0.0029334663, 0.0029069525, 0.0030888275, 0.003809541, 0, 0, 0, 0, 0, 0, 0, 0, 0, 0, 0, 0, 0, 0, 0, 0, 0, 0, 0, 0, 0, 0, 0, 0, 0, 0, 0, 0, 0, 0, 0, 0, 0, 0, 0, 0, 0, 0, 0, 0, 0, 0, 0, 0, 0, 0, 0, 0, 0, 0, 0, 0, 0, 0, 0, 0, 0, 0, 0, 0, 0, 0, 0, 0, 0
0, 0, 0, 0, 0, 0, 0, 0, 0, 0.0062724943, 0.00465008, 0.0041005374, 0.0036310696, 0.0036065911, 0.0036613557, 0.0038174195, 0.003991396, 0.004163157, 0.0042462293, 0.0044066263, 0.004559571, 0.004634056, 0.0047805705, 0.0049255486, 0.004997487, 0.005140684, 0.0052812793, 0.0054180617, 0.0054846117, 0.0056146407, 0.0057428004, 0.0058067194, 0.005936173, 0.006068675, 0.0062032905, 0.0062704724, 0.0064020385, 0.0065270606, 0.0065858928, 0.0066954265, 0.0067930315, 0.006837236, 0.0069175577, 0.0069878814, 0.0070492118, 0.0070765284, 0.0071237753, 0.007160181, 0.0071736146, 0.007190348, 0.0071921987, 0.0071790507, 0.0071672373, 0.0071336906, 0.007088159, 0.0070613343, 0.0069992077, 0.0069243866, 0.006881653, 0.0067835106, 0.0066671893, 0.00653233, 0.006458373, 0.006299085, 0.00612804, 0.006039087, 0.005855944, 0.0056666285, 0.0054697134, 0.005367881, 0.00515572, 0.004930537, 0.004812876, 0.0045678075, 0.004311439, 0.0040464303, 0.0039116642, 0.0036374677, 0.0033572204, 0.003216042, 0.0029465836, 0.0027548028, 0.0027365393, 0.0030299718, 0.0038979445, 0, 0, 0, 0, 0, 0, 0, 0, 0, 0, 0, 0, 0, 0, 0, 0, 0, 0, 0, 0, 0, 0, 0, 0, 0, 0, 0, 0, 0, 0, 0, 0, 0, 0, 0, 0, 0, 0, 0, 0, 0, 0, 0, 0, 0, 0, 0, 0, 0, 0, 0, 0, 0, 0, 0, 0, 0, 0, 0, 0, 0, 0, 0, 0, 0
0, 0, 0, 0, 0, 0, 0, 0, 0, 0.0044694375, 0.003941418, 0.0038007593, 0.003735236, 0.0038266226, 0.0038972388, 0.0040585906, 0.0042313053, 0.0044062496, 0.004492834, 0.004660758, 0.004819525, 0.0048947386, 0.0050384435, 0.0051742108, 0.005240125, 0.0053697773, 0.005499292, 0.005629621, 0.005694929, 0.0058257966, 0.0059557557, 0.006019975, 0.006146819, 0.0062717427, 0.0063942545, 0.0064546824, 0.006573608, 0.0066888668, 0.006744992, 0.006853138, 0.0069548804, 0.0070027686, 0.007092125, 0.007172107, 0.007240521, 0.0072700414, 0.007318656, 0.007352533, 0.007363805, 0.007375134, 0.0073724897, 0.007357642, 0.0073461225, 0.007315911, 0.00727671, 0.007253683, 0.0072001223, 0.007134047, 0.007095271, 0.007004687, 0.0068940404, 0.006762964, 0.0066899136, 0.0065305037, 0.006356636, 0.006265244, 0.00607578, 0.0058778343, 0.005670331, 0.005562237, 0.005336065, 0.005094976, 0.004968504, 0.004704199, 0.004425915, 0.004136702, 0.003988783, 0.0036860318, 0.0033721812, 0.0032115213, 0.0028942546, 0.002644179, 0.0025980547, 0.0028668246, 0, 0, 0, 0, 0, 0, 0, 0, 0, 0, 0, 0, 0, 0, 0, 0, 0, 0, 0, 0, 0, 0, 0, 0, 0, 0, 0, 0, 0, 0, 0, 0, 0, 0, 0, 0, 0, 0, 0, 0, 0, 0, 0, 0, 0, 0, 0, 0, 0, 0, 0, 0, 0, 0, 0, 0, 0, 0, 0, 0, 0, 0, 0, 0, 0, 0
0, 0, 0, 0, 0, 0, 0, 0, 0, 0.0033497722, 0.0033498593, 0.0034349984, 0.003674093, 0.0039186813, 0.0040318253, 0.0042422693, 0.0044405516, 0.0046336153, 0.00472807, 0.004911285, 0.005082946, 0.005163378, 0.0053130114, 0.005448291, 0.005511631, 0.0056338855, 0.005754128, 0.0058770254, 0.0059398757, 0.0060676932, 0.006196338, 0.006259767, 0.0063831424, 0.006499918, 0.0066096094, 0.006662026, 0.006762765, 0.0068601104, 0.0069078933, 0.007001954, 0.0070936745, 0.007138484, 0.007224621, 0.0073040314, 0.007373752, 0.007403992, 0.007453597, 0.0074871583, 0.0074975956, 0.0075065135, 0.0075001796, 0.007481222, 0.0074676313, 0.0074341525, 0.007393579, 0.0073705115, 0.0073185535, 0.007256375, 0.007220476, 0.007136698, 0.0070348415, 0.0069129094, 0.0068444517, 0.006693632, 0.006526414, 0.0064376947, 0.0062517202, 0.006054947, 0.0058468757, 0.005737776, 0.0055083595, 0.005262748, 0.00513373, 0.0048624272, 0.0045753126, 0.004274972, 0.0041205725, 0.0038047193, 0.003480754, 0.0033175382, 0.003003229, 0.0027628567, 0.002708872, 0.0027748158, 0, 0, 0, 0, 0, 0, 0, 0, 0, 0, 0, 0, 0, 0, 0, 0, 0, 0, 0, 0, 0, 0, 0, 0, 0, 0, 0, 0, 0, 0, 0, 0, 0, 0, 0, 0, 0, 0, 0, 0, 0, 0, 0, 0, 0, 0, 0, 0, 0, 0, 0, 0, 0, 0, 0, 0, 0, 0, 0, 0, 0, 0, 0, 0, 0, 0
0, 0, 0, 0, 0, 0, 0, 0, 0.0041797855, 0.0033411498, 0.0032646, 0.0033800555, 0.0037036983, 0.0040256795, 0.0041705994, 0.0044292165, 0.004659897, 0.0048755393, 0.0049793744, 0.0051788366, 0.0053645973, 0.00545128, 0.0056110974, 0.005752187, 0.0058167065, 0.005937172, 0.0060521225, 0.0061672996, 0.006226186, 0.0063463934, 0.0064680553, 0.0065284944, 0.006645043, 0.0067534954, 0.006851823, 0.006897083, 0.0069813877, 0.007059615, 0.0070974184, 0.007171614, 0.007244657, 0.0072808154, 0.007351585, 0.0074181776, 0.007477826, 0.0075041335, 0.007547705, 0.0075772176, 0.0075863595, 0.007592661, 0.0075835083, 0.007560362, 0.007544182, 0.007504225, 0.0074559706, 0.0074291523, 0.0073702605, 0.0073033175, 0.0072660986, 0.007182699, 0.0070852595, 0.0069712484, 0.006907799, 0.0067679463, 0.006612323, 0.0065290853, 0.0063534877, 0.006165989, 0.0059661833, 0.005861056, 0.0056394576, 0.0054011927, 0.005275299, 0.0050095734, 0.0047250357, 0.004423584, 0.004267432, 0.003947288, 0.003626268, 0.0034730418, 0.003221717, 0.00315798, 0.0032569028, 0.0036952596, 0, 0, 0, 0, 0, 0, 0, 0, 0, 0, 0, 0, 0, 0, 0, 0, 0, 0, 0, 0, 0, 0, 0, 0, 0, 0, 0, 0, 0, 0, 0, 0, 0, 0, 0, 0, 0, 0, 0, 0, 0, 0, 0, 0, 0, 0, 0, 0, 0, 0, 0, 0, 0, 0, 0, 0, 0, 0, 0, 0, 0, 0, 0, 0, 0, 0
0, 0, 0, 0, 0, 0, 0, 0, 0.0044499813, 0.0035904727, 0.0035002332, 0.0036039795, 0.0039164694, 0.0042485255, 0.0044035357, 0.0046857283, 0.0049375147, 0.0051688445, 0.0052787927, 0.0054888646, 0.0056843497, 0.0057755983, 0.005943905, 0.006092247, 0.006159299, 0.006281865, 0.006394225, 0.006502317, 0.006556068, 0.0066641984, 0.0067728967, 0.006826728, 0.006931074, 0.0070280214, 0.007114406, 0.0071534985, 0.007224186, 0.007286705, 0.007315835, 0.007370938, 0.0074233133, 0.0074486244, 0.0074968925, 0.0075411345, 0.0075796507, 0.0075960616, 0.0076221945, 0.0076379594, 0.007641677, 0.0076398323, 0.0076253666, 0.0075976774, 0.007578933, 0.0075325244, 0.0074756406, 0.0074434606, 0.007373323, 0.00729494, 0.0072526964, 0.0071614883, 0.0070604067, 0.0069476063, 0.0068863095, 0.006753584, 0.006607689, 0.006529785, 0.0063651996, 0.0061895587, 0.006002276, 0.005904302, 0.0056974418, 0.0054749628, 0.005357045, 0.005106212, 0.004834342, 0.0045402697, 0.004384933, 0.0040599927, 0.0037294652, 0.003575433, 0.003362843, 0.003498605, 0.003826225, 0.005069412, 0, 0, 0, 0, 0, 0, 0, 0, 0, 0, 0, 0, 0, 0, 0, 0, 0, 0, 0, 0, 0, 0, 0, 0, 0, 0, 0, 0, 0, 0, 0, 0, 0, 0, 0, 0, 0, 0, 0, 0, 0, 0, 0, 0, 0, 0, 0, 0, 0, 0, 0, 0, 0, 0, 0, 0, 0, 0, 0, 0, 0, 0, 0, 0, 0, 0
0, 0, 0, 0, 0, 0, 0, 0.005318284, 0.004150091, 0.003933541, 0.004147034, 0.0043087685, 0.0046529504, 0.0049841474, 0.0051396745, 0.0054293806, 0.005693025, 0.0059347255, 0.0060485033, 0.006263617, 0.006463045, 0.0065567666, 0.0067314217, 0.0068879435, 0.0069594556, 0.007089346, 0.007203605, 0.0073049623, 0.0073514185, 0.007437086, 0.0075143324, 0.007549947, 0.007614655, 0.0076707886, 0.007717616, 0.007737855, 0.007772359, 0.007800688, 0.007812556, 0.007831897, 0.007844452, 0.007847761, 0.007848333, 0.007839627, 0.007821521, 0.007808969, 0.007777686, 0.0077398643, 0.007719248, 0.0076756575, 0.007629193, 0.0075784307, 0.0075506056, 0.007488458, 0.007415693, 0.0073751537, 0.0072847526, 0.0071830363, 0.0071283565, 0.007012479, 0.0068892282, 0.006759348, 0.0066920244, 0.006552337, 0.0064049587, 0.006328384, 0.006169288, 0.0060030273, 0.005830113, 0.0057411874, 0.0055575916, 0.005364714, 0.0052639623, 0.0050514224, 0.0048203007, 0.004566092, 0.0044280724, 0.0041285562, 0.0038022257, 0.0036395183, 0.0033766783, 0.0033362678, 0.0034093382, 0, 0, 0, 0, 0, 0, 0, 0, 0, 0, 0, 0, 0, 0, 0, 0, 0, 0, 0, 0, 0, 0, 0, 0, 0, 0, 0, 0, 0, 0, 0, 0, 0, 0, 0, 0, 0, 0, 0, 0, 0, 0, 0, 0, 0, 0, 0, 0, 0, 0, 0, 0, 0, 0, 0, 0, 0, 0, 0, 0, 0, 0, 0, 0, 0, 0, 0
0, 0, 0, 0, 0, 0, 0, 0.0045433384, 0.004177092, 0.0042147953, 0.004519217, 0.0047014686, 0.005063829, 0.0053993408, 0.0055555976, 0.005847664, 0.006115558, 0.006361907, 0.006477765, 0.006695746, 0.006896226, 0.006989981, 0.0071649677, 0.0073226723, 0.0073953066, 0.0075281626, 0.0076455856, 0.007748516, 0.0077946153, 0.0078765135, 0.007944677, 0.007973628, 0.008020645, 0.00805417, 0.008075445, 0.008082197, 0.008089981, 0.008092323, 0.008091845, 0.008087125, 0.008076511, 0.008068634, 0.008046163, 0.008013671, 0.007970478, 0.007944805, 0.007886333, 0.007820631, 0.0077859913, 0.0077154213, 0.0076443767, 0.0075726644, 0.00753592, 0.0074588256, 0.0073741493, 0.007328127, 0.007228005, 0.007116424, 0.007056674, 0.006929965, 0.006795174, 0.0066539296, 0.0065811453, 0.0064313943, 0.006275311, 0.0061950143, 0.006029318, 0.0058574956, 0.0056800838, 0.005589433, 0.0054039066, 0.00521192, 0.005112788, 0.0049068877, 0.0046878755, 0.004452112, 0.0043272, 0.004065652, 0.0038109485, 0.0037083006, 0.003657418, 0.003994106, 0.00426227, 0, 0, 0, 0, 0, 0, 0, 0, 0, 0, 0, 0, 0, 0, 0, 0, 0, 0, 0, 0, 0, 0, 0, 0, 0, 0, 0, 0, 0, 0, 0, 0, 0, 0, 0, 0, 0, 0, 0, 0, 0, 0, 0, 0, 0, 0, 0, 0, 0, 0, 0, 0, 0, 0, 0, 0, 0, 0, 0, 0, 0, 0, 0, 0, 0, 0, 0
0, 0, 0, 0, 0, 0, 0.006302719, 0.0054228865, 0.004612343, 0.004632423, 0.0049399408, 0.0051207677, 0.005477997, 0.0058099697, 0.00596557, 0.0062592053, 0.0065316823, 0.0067846053, 0.0069035385, 0.0071264585, 0.0073294737, 0.007423668, 0.007598276, 0.007755125, 0.007827297, 0.007960229, 0.008078363, 0.008182057, 0.008228367, 0.008309511, 0.008374071, 0.00839968, 0.008436699, 0.008455197, 0.008456669, 0.0084521305, 0.008434853, 0.00841009, 0.0083957445, 0.008363811, 0.008327378, 0.008307277, 0.008262038, 0.008208427, 0.008144481, 0.00810866, 0.008029233, 0.007941438, 0.007895277, 0.0078009693, 0.00770557, 0.007610601, 0.007563109, 0.0074665337, 0.0073650675, 0.0073118084, 0.0071981275, 0.0070747146, 0.0070092045, 0.0068714465, 0.0067256903, 0.006573547, 0.0064952807, 0.0063349428, 0.0061690477, 0.0060839336, 0.0059090573, 0.005727964, 0.0055406108, 0.005444535, 0.0052478104, 0.0050450647, 0.004940911, 0.0047260537, 0.0045009195, 0.0042635407, 0.004140598, 0.0038955356, 0.0036945576, 0.0036516392, 0.0038722334, 0.004895813, 0.0056855935, 0, 0, 0, 0, 0, 0, 0, 0, 0, 0, 0, 0, 0, 0, 0, 0, 0, 0, 0, 0, 0, 0, 0, 0, 0, 0, 0, 0, 0, 0, 0, 0, 0, 0, 0, 0, 0, 0, 0, 0, 0, 0, 0, 0, 0, 0, 0, 0, 0, 0, 0, 0, 0, 0, 0, 0, 0, 0, 0, 0, 0, 0, 0, 0, 0, 0, 0
0, 0, 0, 0, 0, 0, 0.0066283476, 0.0057632606, 0.0050154435, 0.005047968, 0.0053480696, 0.005523195, 0.0058712726, 0.0061981543, 0.0063530505, 0.0066482066, 0.0069254735, 0.007184653, 0.0073069925, 0.0075356252, 0.0077421214, 0.007836897, 0.008010677, 0.008164769, 0.008235027, 0.00836386, 0.008477947, 0.00857809, 0.008623071, 0.00870183, 0.008764275, 0.008788671, 0.008822629, 0.008835776, 0.00882868, 0.008818256, 0.008786066, 0.008741701, 0.008716218, 0.008660606, 0.008600123, 0.008568197, 0.008500762, 0.008427327, 0.008345711, 0.008301543, 0.008205944, 0.008101886, 0.008047313, 0.007934877, 0.007820135, 0.007704709, 0.0076468172, 0.0075302916, 0.007410197, 0.007348287, 0.0072184396, 0.0070801955, 0.007007729, 0.0068569058, 0.006699382, 0.0065361587, 0.006452541, 0.0062820255, 0.006106569, 0.006016829, 0.0058327205, 0.005641404, 0.005441893, 0.005339089, 0.0051266914, 0.0049055773, 0.0047915615, 0.0045559374, 0.0043084673, 0.004047131, 0.0039118747, 0.003643357, 0.0034274128, 0.0033847205, 0.0036304044, 0.0046981764, 0, 0, 0, 0, 0, 0, 0, 0, 0, 0, 0, 0, 0, 0, 0, 0, 0, 0, 0, 0, 0, 0, 0, 0, 0, 0, 0, 0, 0, 0, 0, 0, 0, 0, 0, 0, 0, 0, 0, 0, 0, 0, 0, 0, 0, 0, 0, 0, 0, 0, 0, 0, 0, 0, 0, 0, 0, 0, 0, 0, 0, 0, 0, 0, 0, 0, 0, 0
0, 0, 0, 0, 0, 0, 0.0054549905, 0.0051548732, 0.0050114435, 0.005263079, 0.005638089, 0.005830005, 0.0061959643, 0.006532895, 0.0066916966, 0.0069939336, 0.0072781933, 0.0075444253, 0.0076699723, 0.007904776, 0.008115499, 0.0082117105, 0.008385918, 0.008537596, 0.008605712, 0.0087287, 0.008835816, 0.00892858, 0.008970104, 0.00904285, 0.009101064, 0.009124076, 0.009156917, 0.009170341, 0.00916374, 0.009152858, 0.009117675, 0.009066634, 0.009035852, 0.008966419, 0.0088888565, 0.008847699, 0.008761408, 0.008669312, 0.008570738, 0.008518741, 0.008408871, 0.008291644, 0.008230793, 0.008105425, 0.007976801, 0.007846276, 0.007780549, 0.007647645, 0.007511202, 0.007441209, 0.0072960793, 0.007142919, 0.0070633446, 0.006898963, 0.006728937, 0.006554139, 0.006465276, 0.0062848027, 0.0061000036, 0.0060055973, 0.0058124335, 0.0056113494, 0.00540029, 0.0052908235, 0.0050629787, 0.0048232814, 0.004698902, 0.004439966, 0.004165276, 0.0038723128, 0.0037194795, 0.0034138523, 0.0031680255, 0.0031141704, 0.0032664808, 0, 0, 0, 0, 0, 0, 0, 0, 0, 0, 0, 0, 0, 0, 0, 0, 0, 0, 0, 0, 0, 0, 0, 0, 0, 0, 0, 0, 0, 0, 0, 0, 0, 0, 0, 0, 0, 0, 0, 0, 0, 0, 0, 0, 0, 0, 0, 0, 0, 0, 0, 0, 0, 0, 0, 0, 0, 0, 0, 0, 0, 0, 0, 0, 0, 0, 0, 0, 0
0, 0, 0, 0, 0, 0, 0.0046377187, 0.0046073934, 0.0048555713, 0.0053100483, 0.0057852203, 0.006007991, 0.006415977, 0.0067805224, 0.00695011, 0.0072696353, 0.0075671854, 0.007844074, 0.00797426, 0.008217049, 0.008434809, 0.008533818, 0.008712032, 0.008865491, 0.008933544, 0.009054324, 0.009157126, 0.009243813, 0.009281701, 0.009346901, 0.009398135, 0.009418409, 0.009447484, 0.00946029, 0.009455406, 0.0094464375, 0.009415089, 0.0093664, 0.009336085, 0.009264427, 0.009180063, 0.0091340365, 0.009035187, 0.008928261, 0.008814409, 0.008754742, 0.008630881, 0.008501603, 0.008435087, 0.008299507, 0.008160866, 0.008019813, 0.007948601, 0.0078041493, 0.00765612, 0.00758008, 0.0074230605, 0.007258213, 0.007172939, 0.0069972137, 0.00681603, 0.0066305758, 0.0065365443, 0.0063462695, 0.006151906, 0.006052974, 0.005850443, 0.005639609, 0.005418315, 0.005303171, 0.0050630555, 0.0048092385, 0.0046771714, 0.0044012773, 0.0041071856, 0.0037917756, 0.0036267242, 0.003297693, 0.0030508337, 0.0030283497, 0.0034702627, 0, 0, 0, 0, 0, 0, 0, 0, 0, 0, 0, 0, 0, 0, 0, 0, 0, 0, 0, 0, 0, 0, 0, 0, 0, 0, 0, 0, 0, 0, 0, 0, 0, 0, 0, 0, 0, 0, 0, 0, 0, 0, 0, 0, 0, 0, 0, 0, 0, 0, 0, 0, 0, 0, 0, 0, 0, 0, 0, 0, 0, 0, 0, 0, 0, 0, 0, 0, 0
0, 0, 0, 0, 0, 0.0060571185, 0.0047625406, 0.004603033, 0.0048300577, 0.005327002, 0.005845961, 0.006088899, 0.0065338966, 0.006931011, 0.0071149515, 0.007459504, 0.007777177, 0.008070006, 0.008207124, 0.008462159, 0.008690775, 0.008794745, 0.008982368, 0.009143628, 0.009215087, 0.009341181, 0.009446657, 0.009533618, 0.009570482, 0.009631914, 0.009677083, 0.009694078, 0.0097167995, 0.009724705, 0.009717723, 0.009708864, 0.009679623, 0.009635265, 0.009607324, 0.00953985, 0.00945745, 0.009410781, 0.009307881, 0.0091933375, 0.009069432, 0.0090043275, 0.008869329, 0.008729159, 0.008657595, 0.00851281, 0.008365702, 0.008216461, 0.008141146, 0.007988237, 0.007831352, 0.0077510155, 0.007585322, 0.007412059, 0.0073227026, 0.0071388693, 0.0069491933, 0.006755275, 0.00665688, 0.0064573428, 0.0062539107, 0.0061504543, 0.005938353, 0.005718082, 0.005487646, 0.005368052, 0.005118988, 0.004856376, 0.0047199526, 0.0044355723, 0.0041345153, 0.003814537, 0.0036487773, 0.0033236186, 0.0030795867, 0.0030362606, 0.003154522, 0, 0, 0, 0, 0, 0, 0, 0, 0, 0, 0, 0, 0, 0, 0, 0, 0, 0, 0, 0, 0, 0, 0, 0, 0, 0, 0, 0, 0, 0, 0, 0, 0, 0, 0, 0, 0, 0, 0, 0, 0, 0, 0, 0, 0, 0, 0, 0, 0, 0, 0, 0, 0, 0, 0, 0, 0, 0, 0, 0, 0, 0, 0, 0, 0, 0, 0, 0, 0
0, 0, 0, 0, 0, 0.0050951866, 0.004643059, 0.0046020197, 0.004875354, 0.005361141, 0.0058767153, 0.006123797, 0.0065862504, 0.0070074988, 0.0072043953, 0.0075741755, 0.007914271, 0.008226129, 0.008371639, 0.008641445, 0.008883272, 0.008993539, 0.009193515, 0.009367061, 0.009444586, 0.009582326, 0.009698285, 0.009793515, 0.0098334355, 0.009898108, 0.0099432105, 0.009958879, 0.00997706, 0.009979122, 0.009966235, 0.009954837, 0.009922476, 0.00987777, 0.009850757, 0.009786985, 0.009709096, 0.009664744, 0.009565126, 0.0094519025, 0.009326577, 0.009260083, 0.009120402, 0.008974195, 0.008899263, 0.008747104, 0.008592632, 0.008435742, 0.008356394, 0.008194941, 0.008029192, 0.007944316, 0.0077699954, 0.0075887498, 0.007495792, 0.007305032, 0.007108923, 0.0069080973, 0.0068063154, 0.006599435, 0.0063877455, 0.006279951, 0.006059478, 0.005830861, 0.005592682, 0.005469479, 0.0052138893, 0.0049457555, 0.004806743, 0.004518276, 0.0042159953, 0.003902363, 0.003745876, 0.0034670152, 0.0033481948, 0.003419981, 0.0038502137, 0, 0, 0, 0, 0, 0, 0, 0, 0, 0, 0, 0, 0, 0, 0, 0, 0, 0, 0, 0, 0, 0, 0, 0, 0, 0, 0, 0, 0, 0, 0, 0, 0, 0, 0, 0, 0, 0, 0, 0, 0, 0, 0, 0, 0, 0, 0, 0, 0, 0, 0, 0, 0, 0, 0, 0, 0, 0, 0, 0, 0, 0, 0, 0, 0, 0, 0, 0, 0
0, 0, 0, 0, 0, 0.005571155, 0.004698756, 0.004653835, 0.004935427, 0.005408338, 0.0059109647, 0.006155721, 0.0066219512, 0.0070556733, 0.0072607305, 0.007648411, 0.008006203, 0.008334358, 0.00848717, 0.008770185, 0.009023525, 0.00913934, 0.009350306, 0.009535286, 0.009618897, 0.009769299, 0.009898575, 0.010006528, 0.0100523885, 0.010127294, 0.010179883, 0.0101979235, 0.010218115, 0.010218912, 0.010202202, 0.0101882275, 0.0101503935, 0.010101631, 0.010073337, 0.010009218, 0.009934418, 0.009892611, 0.009799568, 0.009693773, 0.009575351, 0.0095115425, 0.009375756, 0.009230401, 0.009154913, 0.008999759, 0.008839823, 0.00867573, 0.008592044, 0.008420724, 0.008243864, 0.0081532085, 0.00796734, 0.0077755535, 0.007677824, 0.007478596, 0.0072751697, 0.00706794, 0.0069629317, 0.006749628, 0.006531594, 0.0064203767, 0.0061930493, 0.0059578167, 0.005713742, 0.0055876635, 0.005327317, 0.0050542457, 0.0049125785, 0.004617773, 0.004308327, 0.0039910176, 0.0038381352, 0.0035957412, 0.0036139532, 0.003843535, 0.005002351, 0, 0, 0, 0, 0, 0, 0, 0, 0, 0, 0, 0, 0, 0, 0, 0, 0, 0, 0, 0, 0, 0, 0, 0, 0, 0, 0, 0, 0, 0, 0, 0, 0, 0, 0, 0, 0, 0, 0, 0, 0, 0, 0, 0, 0, 0, 0, 0, 0, 0, 0, 0, 0, 0, 0, 0, 0, 0, 0, 0, 0, 0, 0, 0, 0, 0, 0, 0, 0
0, 0, 0, 0, 0, 0.0047694114, 0.004491396, 0.0045702634, 0.0049610436, 0.0054632626, 0.0059703644, 0.0062150955, 0.0066817435, 0.0071186298, 0.007326147, 0.0077203005, 0.008085847, 0.008422086, 0.008578983, 0.00886959, 0.009129907, 0.009249108, 0.009466352, 0.009657938, 0.0097451005, 0.009903725, 0.010042508, 0.010161442, 0.010213166, 0.010300297, 0.010364703, 0.010388436, 0.010418338, 0.010425826, 0.010412627, 0.010399196, 0.010360762, 0.01030978, 0.010280329, 0.010214971, 0.010141161, 0.010101092, 0.01001391, 0.009916296, 0.009807594, 0.009748652, 0.009621734, 0.009483032, 0.00940981, 0.009256078, 0.0090939365, 0.008923852, 0.008835971, 0.008654462, 0.008465395, 0.008368166, 0.008168641, 0.00796379, 0.007859781, 0.0076491875, 0.007436004, 0.00722034, 0.0071114376, 0.0068911044, 0.006666602, 0.006552294, 0.0063189305, 0.006078699, 0.005830167, 0.0057023424, 0.005438075, 0.005160291, 0.005015206, 0.004710357, 0.0043845605, 0.004044814, 0.003880581, 0.0036268628, 0.0036450508, 0.0038156903, 0, 0, 0, 0, 0, 0, 0, 0, 0, 0, 0, 0, 0, 0, 0, 0, 0, 0, 0, 0, 0, 0, 0, 0, 0, 0, 0, 0, 0, 0, 0, 0, 0, 0, 0, 0, 0, 0, 0, 0, 0, 0, 0, 0, 0, 0, 0, 0, 0, 0, 0, 0, 0, 0, 0, 0, 0, 0, 0, 0, 0, 0, 0, 0, 0, 0, 0, 0, 0, 0
0, 0, 0, 0, 0, 0.0042653503, 0.0043341806, 0.0045154714, 0.0050147213, 0.0055575883, 0.006076774, 0.0063226866, 0.0067868256, 0.0072184126, 0.0074231164, 0.0078116497, 0.008173353, 0.008507747, 0.0086644245, 0.008956209, 0.009218541, 0.009338949, 0.009558932, 0.009753056, 0.009841389, 0.010002571, 0.010144489, 0.010268174, 0.010323218, 0.010418748, 0.010494207, 0.010524126, 0.0105672795, 0.010587782, 0.010586232, 0.01057771, 0.010547205, 0.010501356, 0.01047372, 0.010410531, 0.0103383055, 0.010299294, 0.010215185, 0.010122777, 0.010020513, 0.0099653, 0.009846093, 0.00971466, 0.009644118, 0.009493885, 0.009331824, 0.009158535, 0.009067784, 0.008878544, 0.00867967, 0.008576764, 0.008365405, 0.008147799, 0.008037333, 0.007813829, 0.0075880783, 0.0073609245, 0.0072466456, 0.0070165745, 0.006783463, 0.0066654067, 0.006425569, 0.006179882, 0.005926931, 0.0057972968, 0.005529534, 0.0052476856, 0.00509983, 0.0047860467, 0.00444384, 0.0040781572, 0.003898795, 0.0036304714, 0.003763574, 0.004161873, 0, 0, 0, 0, 0, 0, 0, 0, 0, 0, 0, 0, 0, 0, 0, 0, 0, 0, 0, 0, 0, 0, 0, 0, 0, 0, 0, 0, 0, 0, 0, 0, 0, 0, 0, 0, 0, 0, 0, 0, 0, 0, 0, 0, 0, 0, 0, 0, 0, 0, 0, 0, 0, 0, 0, 0, 0, 0, 0, 0, 0, 0, 0, 0, 0, 0, 0, 0, 0, 0
0, 0, 0, 0, 0.0059970994, 0.004634878, 0.004513185, 0.004685964, 0.0051901173, 0.0057342392, 0.0062475186, 0.0064880815, 0.006939027, 0.0073547987, 0.0075512645, 0.007923914, 0.008271801, 0.008595736, 0.008748662, 0.009035935, 0.009297542, 0.009418485, 0.009640589, 0.009837208, 0.009926605, 0.010088615, 0.010230709, 0.010354386, 0.010409757, 0.010508121, 0.010589763, 0.010624115, 0.010678544, 0.010713013, 0.010726833, 0.010726049, 0.010710007, 0.010676285, 0.010653529, 0.010597597, 0.010529839, 0.010492162, 0.010409885, 0.010318416, 0.010217266, 0.010162981, 0.010046006, 0.009916969, 0.009847733, 0.00969932, 0.009537606, 0.009362953, 0.009271036, 0.009078544, 0.008875017, 0.008769367, 0.008551196, 0.008324888, 0.008209336, 0.0079743, 0.007735763, 0.007494899, 0.0073738783, 0.007130758, 0.006885657, 0.0067621423, 0.0065124463, 0.0062583084, 0.0059980527, 0.0058651827, 0.0055921674, 0.0053060544, 0.0051562837, 0.0048391866, 0.004492964, 0.0041227033, 0.0039405776, 0.0036540516, 0.0036318046, 0.003727314, 0, 0, 0, 0, 0, 0, 0, 0, 0, 0, 0, 0, 0, 0, 0, 0, 0, 0, 0, 0, 0, 0, 0, 0, 0, 0, 0, 0, 0, 0, 0, 0, 0, 0, 0, 0, 0, 0, 0, 0, 0, 0, 0, 0, 0, 0, 0, 0, 0, 0, 0, 0, 0, 0, 0, 0, 0, 0, 0, 0, 0, 0, 0, 0, 0, 0, 0, 0, 0, 0
0, 0, 0, 0, 0.0052174297, 0.004757919, 0.0048169717, 0.0050004115, 0.0054847538, 0.0059961453, 0.006477286, 0.0067027872, 0.00712524, 0.007514243, 0.0076980297, 0.008046979, 0.008374454, 0.008682544, 0.0088293385, 0.009108706, 0.00936788, 0.009489194, 0.009714824, 0.009916826, 0.010008796, 0.010175179, 0.010319297, 0.010443466, 0.010498905, 0.010597678, 0.010681601, 0.010718119, 0.0107795, 0.010824177, 0.010850877, 0.0108573, 0.010856035, 0.010836443, 0.010819768, 0.010774351, 0.010713899, 0.010678797, 0.010599115, 0.010507889, 0.010405352, 0.010349796, 0.010230016, 0.010098373, 0.010028049, 0.009877791, 0.009714504, 0.009538845, 0.009446669, 0.00925407, 0.009050622, 0.008944797, 0.008725171, 0.008495442, 0.008377044, 0.008134167, 0.007884982, 0.0076308623, 0.00750265, 0.0072442056, 0.006983848, 0.0068526976, 0.006588516, 0.0063205766, 0.0060477923, 0.005909089, 0.00562557, 0.005331115, 0.005178462, 0.004859142, 0.0045203357, 0.004179483, 0.0040291753, 0.0038791343, 0.004154879, 0.0044278614, 0, 0, 0, 0, 0, 0, 0, 0, 0, 0, 0, 0, 0, 0, 0, 0, 0, 0, 0, 0, 0, 0, 0, 0, 0, 0, 0, 0, 0, 0, 0, 0, 0, 0, 0, 0, 0, 0, 0, 0, 0, 0, 0, 0, 0, 0, 0, 0, 0, 0, 0, 0, 0, 0, 0, 0, 0, 0, 0, 0, 0, 0, 0, 0, 0, 0, 0, 0, 0, 0
0, 0, 0, 0.0071035284, 0.0060863574, 0.0051667523, 0.0052199676, 0.0053964313, 0.0058412626, 0.0063012512, 0.006733712, 0.0069372756, 0.0073208883, 0.0076767365, 0.007845802, 0.0081687765, 0.008474416, 0.008764894, 0.008905, 0.009174718, 0.009429382, 0.009550479, 0.009778914, 0.00998687, 0.010082602, 0.010256883, 0.010407997, 0.010537581, 0.010595121, 0.010697143, 0.0107839275, 0.010822006, 0.010887185, 0.010937337, 0.01097143, 0.01098233, 0.010991018, 0.010982029, 0.010970859, 0.01093579, 0.010884375, 0.010852854, 0.01077898, 0.010690839, 0.010588796, 0.010532673, 0.010410367, 0.010274973, 0.01020244, 0.010048063, 0.009881773, 0.009704145, 0.009611674, 0.00941911, 0.009216665, 0.009111465, 0.008892453, 0.008661783, 0.008542178, 0.008294384, 0.008037159, 0.007771905, 0.0076370225, 0.0073633716, 0.0070856772, 0.0069455206, 0.006662594, 0.006375514, 0.006083469, 0.0059353006, 0.005633572, 0.0053227725, 0.0051629813, 0.0048327604, 0.004492497, 0.0041749584, 0.0040569897, 0.0040693427, 0.004853986, 0.005652171, 0, 0, 0, 0, 0, 0, 0, 0, 0, 0, 0, 0, 0, 0, 0, 0, 0, 0, 0, 0, 0, 0, 0, 0, 0, 0, 0, 0, 0, 0, 0, 0, 0, 0, 0, 0, 0, 0, 0, 0, 0, 0, 0, 0, 0, 0, 0, 0, 0, 0, 0, 0, 0, 0, 0, 0, 0, 0, 0, 0, 0, 0, 0, 0, 0, 0, 0, 0, 0, 0
0, 0, 0, 0.00614585, 0.005812955, 0.005426046, 0.0055768504, 0.005752363, 0.0061613903, 0.0065722507, 0.0069584893, 0.0071415054, 0.0074894973, 0.007816532, 0.007973307, 0.008274996, 0.008563281, 0.008839895, 0.008974177, 0.00923469, 0.009483062, 0.009602264, 0.009829323, 0.010039438, 0.010137435, 0.0103186695, 0.010478724, 0.010618006, 0.010680219, 0.010790892, 0.010884745, 0.010925668, 0.010995687, 0.011049686, 0.011087359, 0.011100054, 0.011113384, 0.011110467, 0.011103015, 0.011076078, 0.011033422, 0.01100633, 0.0109407, 0.010859718, 0.010762791, 0.01070844, 0.010587892, 0.010452238, 0.010379047, 0.010222736, 0.010054103, 0.009874572, 0.009781122, 0.009587146, 0.009383548, 0.009277766, 0.0090574, 0.008824536, 0.008703246, 0.008451181, 0.008187154, 0.007912635, 0.007771934, 0.0074842824, 0.0071895174, 0.0070397677, 0.0067358934, 0.006425786, 0.0061092204, 0.005948557, 0.0056217476, 0.005286168, 0.0051140627, 0.0047601657, 0.0043983837, 0.0040697665, 0.0039551277, 0.003974134, 0.0043951706, 0, 0, 0, 0, 0, 0, 0, 0, 0, 0, 0, 0, 0, 0, 0, 0, 0, 0, 0, 0, 0, 0, 0, 0, 0, 0, 0, 0, 0, 0, 0, 0, 0, 0, 0, 0, 0, 0, 0, 0, 0, 0, 0, 0, 0, 0, 0, 0, 0, 0, 0, 0, 0, 0, 0, 0, 0, 0, 0, 0, 0, 0, 0, 0, 0, 0, 0, 0, 0, 0, 0
0, 0, 0, 0.0069275196, 0.00613605, 0.0056033637, 0.005764909, 0.005939247, 0.00633242, 0.0067205406, 0.0070843985, 0.0072575845, 0.0075887335, 0.007902862, 0.008054379, 0.00834766, 0.008629175, 0.008899957, 0.009031252, 0.009285669, 0.00952796, 0.009644127, 0.009865644, 0.010072114, 0.010169406, 0.010351715, 0.010517316, 0.010665585, 0.0107333055, 0.010855764, 0.010960973, 0.011007062, 0.011085681, 0.011145901, 0.011187839, 0.011202029, 0.011218034, 0.011218455, 0.011213078, 0.011191742, 0.01115643, 0.011133493, 0.011076614, 0.0110045755, 0.010915937, 0.010865259, 0.010750924, 0.010619773, 0.010548398, 0.010394127, 0.0102265, 0.010046968, 0.009953145, 0.009757355, 0.009550703, 0.009442982, 0.009218255, 0.008980198, 0.008856097, 0.008598024, 0.0083272, 0.008043998, 0.0078981025, 0.007598384, 0.007288349, 0.0071296366, 0.0068050236, 0.006470934, 0.006127587, 0.005952817, 0.005596904, 0.005231881, 0.0050451565, 0.004661729, 0.004271088, 0.003921452, 0.0038108882, 0.003965718, 0.005140968, 0, 0, 0, 0, 0, 0, 0, 0, 0, 0, 0, 0, 0, 0, 0, 0, 0, 0, 0, 0, 0, 0, 0, 0, 0, 0, 0, 0, 0, 0, 0, 0, 0, 0, 0, 0, 0, 0, 0, 0, 0, 0, 0, 0, 0, 0, 0, 0, 0, 0, 0, 0, 0, 0, 0, 0, 0, 0, 0, 0, 0, 0, 0, 0, 0, 0, 0, 0, 0, 0, 0
0, 0, 0, 0.005864962, 0.0055109593, 0.005349256, 0.00564048, 0.005847631, 0.006280815, 0.00669228, 0.007071444, 0.0072504897, 0.0075914874, 0.007914313, 0.008069804, 0.008370608, 0.008658132, 0.008933068, 0.00906558, 0.009320365, 0.00956028, 0.009674281, 0.009890382, 0.010090532, 0.010184922, 0.010363249, 0.010528374, 0.010680577, 0.010751891, 0.010883977, 0.011000774, 0.01105283, 0.011142939, 0.0112129785, 0.011262502, 0.011279772, 0.01130049, 0.011304569, 0.011301266, 0.011284285, 0.011254398, 0.0112345675, 0.01118476, 0.011120212, 0.011039406, 0.010992527, 0.010885438, 0.0107608065, 0.010692173, 0.01054328, 0.010379879, 0.010203355, 0.010110324, 0.009914878, 0.009706159, 0.009596667, 0.009367128, 0.009123094, 0.008995675, 0.00873077, 0.008452611, 0.008161775, 0.008011603, 0.007702049, 0.007379654, 0.007213467, 0.0068709827, 0.0065146396, 0.0061452864, 0.005956162, 0.0055702394, 0.005174791, 0.0049733957, 0.004563959, 0.0041538808, 0.0037900985, 0.003664129, 0.0036440832, 0, 0, 0, 0, 0, 0, 0, 0, 0, 0, 0, 0, 0, 0, 0, 0, 0, 0, 0, 0, 0, 0, 0, 0, 0, 0, 0, 0, 0, 0, 0, 0, 0, 0, 0, 0, 0, 0, 0, 0, 0, 0, 0, 0, 0, 0, 0, 0, 0, 0, 0, 0, 0, 0, 0, 0, 0, 0, 0, 0, 0, 0, 0, 0, 0, 0, 0, 0, 0, 0, 0, 0
0, 0, 0, 0.00471883, 0.0046136794, 0.0047987523, 0.005269719, 0.005534086, 0.006049623, 0.006519703, 0.006943188, 0.0071402984, 0.0075114723, 0.007858349, 0.008024454, 0.008343525, 0.0086464165, 0.008933327, 0.009070703, 0.009332668, 0.009576573, 0.009691353, 0.009906629, 0.010103365, 0.010195388, 0.0103686955, 0.010529708, 0.010680416, 0.010752119, 0.010887742, 0.011011151, 0.011067528, 0.011166998, 0.011247226, 0.011306376, 0.011328114, 0.011356634, 0.01136734, 0.011366711, 0.01135484, 0.011329842, 0.011312389, 0.011267351, 0.011207671, 0.01113179, 0.011087402, 0.010985166, 0.01086551, 0.010799384, 0.010655781, 0.010497718, 0.010326078, 0.010235129, 0.010042835, 0.009835622, 0.009726159, 0.009495116, 0.009248266, 0.009119044, 0.00884977, 0.008566437, 0.008270018, 0.008116969, 0.007800842, 0.0074699437, 0.0072984993, 0.0069427527, 0.006568606, 0.006176937, 0.005974814, 0.005560106, 0.0051336368, 0.004916994, 0.0044821706, 0.0040671886, 0.00375472, 0.0036967578, 0.0039471462, 0, 0, 0, 0, 0, 0, 0, 0, 0, 0, 0, 0, 0, 0, 0, 0, 0, 0, 0, 0, 0, 0, 0, 0, 0, 0, 0, 0, 0, 0, 0, 0, 0, 0, 0, 0, 0, 0, 0, 0, 0, 0, 0, 0, 0, 0, 0, 0, 0, 0, 0, 0, 0, 0, 0, 0, 0, 0, 0, 0, 0, 0, 0, 0, 0, 0, 0, 0, 0, 0, 0, 0
0, 0, 0, 0.0039576446, 0.003963179, 0.0043269387, 0.0049100346, 0.0052154684, 0.0057973964, 0.0063214065, 0.006789101, 0.0070050387, 0.007408254, 0.007780395, 0.007957232, 0.008294731, 0.008613176, 0.008912968, 0.009055926, 0.009327813, 0.009579421, 0.0096973805, 0.009917031, 0.010115275, 0.010207011, 0.010377795, 0.010534865, 0.01068137, 0.010751305, 0.010884179, 0.011006881, 0.011063589, 0.011166114, 0.011251791, 0.011318312, 0.011344095, 0.0113811325, 0.011400058, 0.011403284, 0.011398573, 0.011379167, 0.011364156, 0.011323239, 0.011266799, 0.0111935735, 0.011150525, 0.011051144, 0.010934536, 0.010870114, 0.010730217, 0.01057639, 0.010409768, 0.010321465, 0.010134183, 0.0099319, 0.009824658, 0.009597638, 0.009353666, 0.0092254495, 0.008957052, 0.008673633, 0.008376214, 0.008222363, 0.0079040695, 0.007569816, 0.0073960144, 0.007033497, 0.0066490746, 0.00624238, 0.006030692, 0.0055921557, 0.005135129, 0.0049011125, 0.004428915, 0.0039829803, 0.0036819363, 0.003679064, 0.0043590525, 0, 0, 0, 0, 0, 0, 0, 0, 0, 0, 0, 0, 0, 0, 0, 0, 0, 0, 0, 0, 0, 0, 0, 0, 0, 0, 0, 0, 0, 0, 0, 0, 0, 0, 0, 0, 0, 0, 0, 0, 0, 0, 0, 0, 0, 0, 0, 0, 0, 0, 0, 0, 0, 0, 0, 0, 0, 0, 0, 0, 0, 0, 0, 0, 0, 0, 0, 0, 0, 0, 0, 0
0, 0, 0, 0.0038353116, 0.0038558543, 0.0042249504, 0.004804465, 0.0051097404, 0.005697574, 0.006234685, 0.0067192004, 0.00694372, 0.0073621986, 0.0077466546, 0.0079284115, 0.008274143, 0.008598716, 0.008903867, 0.009049241, 0.009325415, 0.009581419, 0.009701336, 0.009924589, 0.010125198, 0.010217406, 0.010387858, 0.010542431, 0.010684698, 0.0107518565, 0.010878819, 0.010995129, 0.011049157, 0.011147454, 0.011231419, 0.011299402, 0.011327016, 0.011369429, 0.011395143, 0.011402087, 0.011404642, 0.011391856, 0.011379683, 0.01134357, 0.011291032, 0.0112213, 0.011179927, 0.011084318, 0.010971538, 0.010909228, 0.010773203, 0.010623472, 0.010461153, 0.010375079, 0.010193429, 0.009997705, 0.009894088, 0.009674954, 0.009439034, 0.009314635, 0.009053419, 0.008776013, 0.008483332, 0.008331499, 0.008016352, 0.007684713, 0.0075120507, 0.007150815, 0.006766308, 0.006356329, 0.0061414363, 0.005691131, 0.0052131945, 0.0049641132, 0.0044499016, 0.003939639, 0.0035257053, 0.003414632, 0.0034755855, 0, 0, 0, 0, 0, 0, 0, 0, 0, 0, 0, 0, 0, 0, 0, 0, 0, 0, 0, 0, 0, 0, 0, 0, 0, 0, 0, 0, 0, 0, 0, 0, 0, 0, 0, 0, 0, 0, 0, 0, 0, 0, 0, 0, 0, 0, 0, 0, 0, 0, 0, 0, 0, 0, 0, 0, 0, 0, 0, 0, 0, 0, 0, 0, 0, 0, 0, 0, 0, 0, 0, 0
0, 0, 0.0061596325, 0.004601907, 0.0043861833, 0.004550117, 0.0050278665, 0.005296884, 0.005832104, 0.006336846, 0.006802782, 0.007021354, 0.00743159, 0.007809666, 0.007988332, 0.008327311, 0.008644687, 0.008942366, 0.009084099, 0.009353043, 0.009602267, 0.009719191, 0.009937205, 0.01013381, 0.010224325, 0.01039148, 0.010542632, 0.010680369, 0.010744795, 0.0108649535, 0.010973382, 0.011023167, 0.011113438, 0.011190766, 0.0112545155, 0.011281123, 0.011323452, 0.011351633, 0.011360446, 0.011367611, 0.011360158, 0.011350817, 0.011320092, 0.011273189, 0.011209722, 0.011171643, 0.011083092, 0.010978191, 0.010919582, 0.010790553, 0.010646692, 0.010489473, 0.010406044, 0.010229721, 0.010040371, 0.0099407565, 0.009730756, 0.009505093, 0.009386267, 0.009136101, 0.008869367, 0.0085861925, 0.008438676, 0.00813181, 0.007808401, 0.0076400656, 0.007288248, 0.0069142235, 0.0065147867, 0.0063047265, 0.0058616395, 0.0053850277, 0.00513297, 0.004603564, 0.0040641627, 0.0036119241, 0.0034848521, 0.003555478, 0, 0, 0, 0, 0, 0, 0, 0, 0, 0, 0, 0, 0, 0, 0, 0, 0, 0, 0, 0, 0, 0, 0, 0, 0, 0, 0, 0, 0, 0, 0, 0, 0, 0, 0, 0, 0, 0, 0, 0, 0, 0, 0, 0, 0, 0, 0, 0, 0, 0, 0, 0, 0, 0, 0, 0, 0, 0, 0, 0, 0, 0, 0, 0, 0, 0, 0, 0, 0, 0, 0, 0
0, 0, 0.0056015756, 0.0050004227, 0.00489154, 0.0050557377, 0.0054613785, 0.0056923153, 0.0061597396, 0.0066110804, 0.007036885, 0.0072393464, 0.007623267, 0.007980263, 0.008149334, 0.008470017, 0.008769353, 0.009048479, 0.009180564, 0.009430145, 0.009659931, 0.009767436, 0.009968077, 0.01014986, 0.010234107, 0.010390586, 0.010533109, 0.010663498, 0.010724397, 0.0108374925, 0.010938614, 0.0109844785, 0.011066808, 0.011136457, 0.011193362, 0.011217014, 0.011254816, 0.011280331, 0.011288516, 0.011295676, 0.011290102, 0.011282278, 0.011255831, 0.0112146875, 0.011158959, 0.011125539, 0.011047358, 0.010953663, 0.010900712, 0.0107825175, 0.010648134, 0.010498467, 0.010418312, 0.010248132, 0.010065212, 0.009968994, 0.0097669745, 0.00955148, 0.009438242, 0.009200163, 0.00894575, 0.008674669, 0.008532921, 0.008237441, 0.007925595, 0.0077635716, 0.0074261427, 0.007069436, 0.0066906847, 0.0064919987, 0.006073371, 0.0056218365, 0.005382295, 0.0048779785, 0.004366933, 0.0039594993, 0.0038676776, 0.0040236553, 0, 0, 0, 0, 0, 0, 0, 0, 0, 0, 0, 0, 0, 0, 0, 0, 0, 0, 0, 0, 0, 0, 0, 0, 0, 0, 0, 0, 0, 0, 0, 0, 0, 0, 0, 0, 0, 0, 0, 0, 0, 0, 0, 0, 0, 0, 0, 0, 0, 0, 0, 0, 0, 0, 0, 0, 0, 0, 0, 0, 0, 0, 0, 0, 0, 0, 0, 0, 0, 0, 0, 0
0, 0, 0.0067167054, 0.0055041444, 0.005372164, 0.0055399667, 0.005927275, 0.0061412673, 0.0065678786, 0.006976357, 0.007362203, 0.0075464523, 0.007897971, 0.008227127, 0.008383613, 0.008680809, 0.0089571765, 0.009213013, 0.009332915, 0.009556873, 0.009759926, 0.0098540895, 0.010028846, 0.010187192, 0.010261082, 0.010399624, 0.010527491, 0.01064614, 0.010702065, 0.010806507, 0.010900295, 0.01094282, 0.0110184485, 0.011081078, 0.011130852, 0.011150985, 0.0111819375, 0.011201418, 0.011207036, 0.011210122, 0.011202123, 0.011193809, 0.01116825, 0.011130488, 0.011080517, 0.01105101, 0.010982278, 0.01089993, 0.010853112, 0.010747165, 0.010624628, 0.010485247, 0.010409653, 0.010247279, 0.010071149, 0.009978292, 0.009783524, 0.00957648, 0.009468122, 0.009240917, 0.008998365, 0.008739429, 0.008603711, 0.008319985, 0.008020046, 0.007864188, 0.007540774, 0.007201327, 0.0068441983, 0.006658086, 0.0062681916, 0.005850737, 0.005631006, 0.0051745065, 0.004732896, 0.004437092, 0.0044217524, 0.0047290735, 0, 0, 0, 0, 0, 0, 0, 0, 0, 0, 0, 0, 0, 0, 0, 0, 0, 0, 0, 0, 0, 0, 0, 0, 0, 0, 0, 0, 0, 0, 0, 0, 0, 0, 0, 0, 0, 0, 0, 0, 0, 0, 0, 0, 0, 0, 0, 0, 0, 0, 0, 0, 0, 0, 0, 0, 0, 0, 0, 0, 0, 0, 0, 0, 0, 0, 0, 0, 0, 0, 0, 0
0, 0, 0.005960033, 0.0054759504, 0.0055027357, 0.0058370032, 0.006292821, 0.006521148, 0.006952461, 0.007345683, 0.0077059334, 0.007875789, 0.008197875, 0.008499309, 0.008642814, 0.008915799, 0.009169706, 0.009403304, 0.00951195, 0.0097121885, 0.009890214, 0.009971496, 0.010120655, 0.010254993, 0.010317721, 0.010436171, 0.010547049, 0.010651506, 0.010701278, 0.010795234, 0.0108802095, 0.0109187085, 0.010986805, 0.01104207, 0.011084125, 0.011100417, 0.011123803, 0.011136058, 0.011138202, 0.011135096, 0.011121974, 0.011111579, 0.01108307, 0.011044183, 0.010995171, 0.010966854, 0.010902525, 0.010826851, 0.010784151, 0.010687948, 0.01057602, 0.010447313, 0.010376687, 0.010223268, 0.010054783, 0.009965363, 0.009777287, 0.009577599, 0.009473268, 0.009255057, 0.009022517, 0.008774098, 0.008643659, 0.008369772, 0.008079383, 0.007928104, 0.007614363, 0.0072859456, 0.0069422484, 0.0067638587, 0.0063912617, 0.005993891, 0.0057856566, 0.005360892, 0.0049841492, 0.004851369, 0.004987893, 0.00569617, 0, 0, 0, 0, 0, 0, 0, 0, 0, 0, 0, 0, 0, 0, 0, 0, 0, 0, 0, 0, 0, 0, 0, 0, 0, 0, 0, 0, 0, 0, 0, 0, 0, 0, 0, 0, 0, 0, 0, 0, 0, 0, 0, 0, 0, 0, 0, 0, 0, 0, 0, 0, 0, 0, 0, 0, 0, 0, 0, 0, 0, 0, 0, 0, 0, 0, 0, 0, 0, 0, 0, 0
0, 0, 0.005261628, 0.005274999, 0.00546544, 0.005997622, 0.006552093, 0.0068085673, 0.007268924, 0.0076661543, 0.008014442, 0.008174586, 0.008473474, 0.00874989, 0.008881141, 0.009131204, 0.009364724, 0.00957991, 0.009679915, 0.009863423, 0.010024781, 0.010097634, 0.01023016, 0.010348228, 0.010403151, 0.010506691, 0.010603911, 0.010695815, 0.0107398005, 0.010822603, 0.010896939, 0.010930215, 0.010987852, 0.011032881, 0.01106541, 0.011077212, 0.01109243, 0.011097389, 0.01109626, 0.011086965, 0.011068273, 0.011055247, 0.011021597, 0.010977978, 0.010924756, 0.010894765, 0.010827958, 0.010751842, 0.010709863, 0.010616915, 0.010510635, 0.010389078, 0.01032223, 0.010176296, 0.0100145275, 0.009928198, 0.009745823, 0.0095517775, 0.009450351, 0.009238418, 0.009012805, 0.00877178, 0.00864498, 0.008378276, 0.008094042, 0.007945418, 0.0076358547, 0.007310626, 0.0069689443, 0.0067911725, 0.006417985, 0.0060154777, 0.005802098, 0.0053612324, 0.004972716, 0.0049084467, 0.0051959995, 0.006958676, 0, 0, 0, 0, 0, 0, 0, 0, 0, 0, 0, 0, 0, 0, 0, 0, 0, 0, 0, 0, 0, 0, 0, 0, 0, 0, 0, 0, 0, 0, 0, 0, 0, 0, 0, 0, 0, 0, 0, 0, 0, 0, 0, 0, 0, 0, 0, 0, 0, 0, 0, 0, 0, 0, 0, 0, 0, 0, 0, 0, 0, 0, 0, 0, 0, 0, 0, 0, 0, 0, 0, 0
0, 0, 0.0052662324, 0.005375037, 0.0056016757, 0.00618598, 0.0067732707, 0.007040995, 0.0075143664, 0.007913333, 0.008253784, 0.008407133, 0.008688408, 0.008944343, 0.009065137, 0.009295155, 0.009510977, 0.009712048, 0.009806198, 0.009980429, 0.010135143, 0.010205414, 0.01033322, 0.010447058, 0.010499658, 0.010598065, 0.010689024, 0.010773512, 0.010813273, 0.010886837, 0.0109503735, 0.0109777665, 0.011023165, 0.011055966, 0.011077219, 0.011083881, 0.011090219, 0.0110879475, 0.01108376, 0.011069288, 0.011045939, 0.01103066, 0.010992031, 0.010942573, 0.010882626, 0.0108489795, 0.010774815, 0.010691923, 0.010647108, 0.010549961, 0.010441762, 0.010320502, 0.0102545, 0.01011102, 0.009952209, 0.00986733, 0.009687762, 0.009495959, 0.009395524, 0.00918555, 0.008962035, 0.008723729, 0.008598535, 0.008335198, 0.00805368, 0.0079060225, 0.0075968197, 0.0072691105, 0.0069221626, 0.0067404415, 0.006356265, 0.0059367353, 0.005711089, 0.0052318033, 0.004764189, 0.0044827, 0.00449598, 0, 0, 0, 0, 0, 0, 0, 0, 0, 0, 0, 0, 0, 0, 0, 0, 0, 0, 0, 0, 0, 0, 0, 0, 0, 0, 0, 0, 0, 0, 0, 0, 0, 0, 0, 0, 0, 0, 0, 0, 0, 0, 0, 0, 0, 0, 0, 0, 0, 0, 0, 0, 0, 0, 0, 0, 0, 0, 0, 0, 0, 0, 0, 0, 0, 0, 0, 0, 0, 0, 0, 0, 0
0, 0.008367971, 0.006205827, 0.005804273, 0.0059339483, 0.006418941, 0.0069601163, 0.007214432, 0.007671533, 0.008060722, 0.008392766, 0.008541443, 0.008812157, 0.009055653, 0.00916977, 0.009386468, 0.009590235, 0.009782228, 0.009873284, 0.010044631, 0.01020043, 0.010272536, 0.01040561, 0.010525369, 0.010580728, 0.010683214, 0.010775652, 0.010858989, 0.010897129, 0.010965515, 0.0110214995, 0.011044402, 0.011079796, 0.011102149, 0.0111132795, 0.011115249, 0.011113093, 0.011103817, 0.011096575, 0.011077032, 0.0110495575, 0.011032412, 0.0109897675, 0.01093496, 0.010868105, 0.010830334, 0.010746932, 0.010653781, 0.010603674, 0.010496399, 0.010379136, 0.01025065, 0.010181857, 0.010033985, 0.009872038, 0.0097858375, 0.009603616, 0.009408508, 0.009306304, 0.009092284, 0.008864988, 0.0086236615, 0.008497257, 0.008232598, 0.007950369, 0.0078021786, 0.007491018, 0.0071591306, 0.0068053496, 0.006619179, 0.0062249633, 0.005796326, 0.0055679064, 0.005091988, 0.004649263, 0.004427508, 0.004485396, 0, 0, 0, 0, 0, 0, 0, 0, 0, 0, 0, 0, 0, 0, 0, 0, 0, 0, 0, 0, 0, 0, 0, 0, 0, 0, 0, 0, 0, 0, 0, 0, 0, 0, 0, 0, 0, 0, 0, 0, 0, 0, 0, 0, 0, 0, 0, 0, 0, 0, 0, 0, 0, 0, 0, 0, 0, 0, 0, 0, 0, 0, 0, 0, 0, 0, 0, 0, 0, 0, 0, 0, 0
0, 0.006957868, 0.0060857907, 0.005930071, 0.0060692606, 0.006519948, 0.007018985, 0.007256763, 0.007691502, 0.008069914, 0.008398427, 0.008546894, 0.008818242, 0.009062044, 0.0091758715, 0.00939122, 0.009593178, 0.009784114, 0.009875629, 0.0100500155, 0.010212341, 0.010288798, 0.0104324985, 0.010563705, 0.010624482, 0.0107365595, 0.010836265, 0.010923982, 0.010963336, 0.011032409, 0.011087284, 0.01110895, 0.011141071, 0.011159338, 0.011165722, 0.011165078, 0.011157209, 0.011141642, 0.011131296, 0.011105657, 0.011072806, 0.011053024, 0.011005343, 0.010944991, 0.0108712725, 0.010829467, 0.010736708, 0.010632184, 0.010575863, 0.010455273, 0.0103245275, 0.010183185, 0.010108392, 0.009949907, 0.009778637, 0.009688116, 0.009497187, 0.009293197, 0.009186292, 0.008962679, 0.008725884, 0.008475828, 0.008345678, 0.008074705, 0.0077880817, 0.007638158, 0.007323654, 0.006988104, 0.006628988, 0.006439615, 0.0060388944, 0.005608164, 0.005383742, 0.0049414327, 0.004609561, 0.004666359, 0.0049418975, 0, 0, 0, 0, 0, 0, 0, 0, 0, 0, 0, 0, 0, 0, 0, 0, 0, 0, 0, 0, 0, 0, 0, 0, 0, 0, 0, 0, 0, 0, 0, 0, 0, 0, 0, 0, 0, 0, 0, 0, 0, 0, 0, 0, 0, 0, 0, 0, 0, 0, 0, 0, 0, 0, 0, 0, 0, 0, 0, 0, 0, 0, 0, 0, 0, 0, 0, 0, 0, 0, 0, 0, 0
0, 0.0059495154, 0.0055535347, 0.005682319, 0.0058827214, 0.0063755703, 0.006874363, 0.007108363, 0.0075379936, 0.007918458, 0.008255835, 0.0084106345, 0.008696595, 0.0089555755, 0.009076663, 0.009304964, 0.009518158, 0.009719179, 0.009815536, 0.010000035, 0.010173717, 0.010256364, 0.010413067, 0.010557434, 0.010624652, 0.010748616, 0.010858681, 0.010955045, 0.010998283, 0.011074026, 0.011134833, 0.011159365, 0.011196551, 0.011219099, 0.011228044, 0.0112278955, 0.011218915, 0.011199518, 0.01118649, 0.011154009, 0.011113393, 0.011089634, 0.011033858, 0.010965481, 0.01088349, 0.0108373, 0.010734622, 0.010618524, 0.010555686, 0.010420694, 0.010274318, 0.010117185, 0.010034609, 0.0098613, 0.009676368, 0.0095792925, 0.009375775, 0.00915923, 0.009046042, 0.008809693, 0.008560183, 0.008297999, 0.00816233, 0.007881592, 0.0075873593, 0.007434537, 0.0071159177, 0.006777597, 0.00641568, 0.006224465, 0.005818475, 0.005380136, 0.0051519796, 0.0047089155, 0.004418555, 0.004709962, 0.0053381794, 0, 0, 0, 0, 0, 0, 0, 0, 0, 0, 0, 0, 0, 0, 0, 0, 0, 0, 0, 0, 0, 0, 0, 0, 0, 0, 0, 0, 0, 0, 0, 0, 0, 0, 0, 0, 0, 0, 0, 0, 0, 0, 0, 0, 0, 0, 0, 0, 0, 0, 0, 0, 0, 0, 0, 0, 0, 0, 0, 0, 0, 0, 0, 0, 0, 0, 0, 0, 0, 0, 0, 0, 0
0, 0.0052630017, 0.00501813, 0.0052693253, 0.0055057458, 0.0060375575, 0.006553271, 0.006793033, 0.007234502, 0.0076308334, 0.007989039, 0.008155853, 0.008467385, 0.008752873, 0.008886919, 0.009139641, 0.009375309, 0.009596562, 0.009702376, 0.009904726, 0.010095316, 0.010186154, 0.010358485, 0.010517499, 0.01059162, 0.010728688, 0.01085067, 0.010958098, 0.011006549, 0.011092498, 0.0111636715, 0.0111935865, 0.01124158, 0.011274287, 0.01129182, 0.011294868, 0.011289686, 0.011270118, 0.011255422, 0.011217255, 0.011168018, 0.011139312, 0.011072933, 0.010993791, 0.01090116, 0.0108496025, 0.010735795, 0.010607427, 0.010537864, 0.010388002, 0.01022522, 0.01005099, 0.0099598, 0.009769648, 0.009568891, 0.009464465, 0.00924696, 0.009017533, 0.008897976, 0.00864915, 0.008387238, 0.008112775, 0.007971102, 0.0076793567, 0.007376113, 0.0072197826, 0.0068966346, 0.006557023, 0.006196216, 0.006005834, 0.0055999313, 0.005154761, 0.0049177697, 0.004435103, 0.0040341886, 0.0039379946, 0.004032673, 0, 0, 0, 0, 0, 0, 0, 0, 0, 0, 0, 0, 0, 0, 0, 0, 0, 0, 0, 0, 0, 0, 0, 0, 0, 0, 0, 0, 0, 0, 0, 0, 0, 0, 0, 0, 0, 0, 0, 0, 0, 0, 0, 0, 0, 0, 0, 0, 0, 0, 0, 0, 0, 0, 0, 0, 0, 0, 0, 0, 0, 0, 0, 0, 0, 0, 0, 0, 0, 0, 0, 0, 0
0, 0.0047842627, 0.004582488, 0.0048538637, 0.005093987, 0.0056307227, 0.006154326, 0.0063998275, 0.0068569477, 0.0072739674, 0.007657423, 0.007838118, 0.008179003, 0.008494641, 0.008643655, 0.008925773, 0.009189226, 0.009436661, 0.00955485, 0.009780804, 0.00999327, 0.0100943595, 0.010285831, 0.010462011, 0.010543937, 0.010695311, 0.010829897, 0.010948511, 0.011001999, 0.01109782, 0.011178998, 0.011214, 0.011272843, 0.011316474, 0.011344079, 0.011351437, 0.011352645, 0.011335984, 0.011321168, 0.011279752, 0.011223662, 0.011190487, 0.011113819, 0.011023448, 0.010919394, 0.01086202, 0.010736172, 0.010594934, 0.010518379, 0.010353587, 0.010174407, 0.009982841, 0.009882921, 0.009675527, 0.00945865, 0.009346754, 0.0091159, 0.008874937, 0.008750066, 0.008491068, 0.0082190195, 0.00793425, 0.007787476, 0.007485655, 0.00717377, 0.007014078, 0.006686865, 0.0063477745, 0.0059927637, 0.0058071, 0.005414073, 0.004983809, 0.0047539272, 0.0042812037, 0.0038799806, 0.0037776367, 0.0038828095, 0, 0, 0, 0, 0, 0, 0, 0, 0, 0, 0, 0, 0, 0, 0, 0, 0, 0, 0, 0, 0, 0, 0, 0, 0, 0, 0, 0, 0, 0, 0, 0, 0, 0, 0, 0, 0, 0, 0, 0, 0, 0, 0, 0, 0, 0, 0, 0, 0, 0, 0, 0, 0, 0, 0, 0, 0, 0, 0, 0, 0, 0, 0, 0, 0, 0, 0, 0, 0, 0, 0, 0, 0
0, 0.004441956, 0.0042515593, 0.00450628, 0.0047347764, 0.0052538007, 0.0057722847, 0.0060197096, 0.006487647, 0.0069224434, 0.0073284097, 0.007521452, 0.007888776, 0.0082319975, 0.008394998, 0.008705234, 0.008996286, 0.00927037, 0.009401473, 0.009652411, 0.009888438, 0.0100007495, 0.01021304, 0.010407782, 0.010498098, 0.010664215, 0.010810999, 0.010938992, 0.010996217, 0.011098299, 0.011184845, 0.011222589, 0.011287399, 0.011337336, 0.01137135, 0.011381805, 0.011388369, 0.011375085, 0.01136115, 0.011319003, 0.011259209, 0.011223052, 0.011138959, 0.01103974, 0.010925688, 0.010863012, 0.010725998, 0.010572631, 0.010489562, 0.010311012, 0.010116941, 0.009909489, 0.009801442, 0.009577852, 0.0093458835, 0.009227086, 0.008983881, 0.008732544, 0.00860321, 0.008335834, 0.008055865, 0.007763277, 0.007612448, 0.007302852, 0.006983861, 0.0068212235, 0.0064904327, 0.006152318, 0.0058045704, 0.0056258435, 0.0052545597, 0.0048604575, 0.0046565207, 0.0042590564, 0.003979941, 0.0040466283, 0.004219551, 0, 0, 0, 0, 0, 0, 0, 0, 0, 0, 0, 0, 0, 0, 0, 0, 0, 0, 0, 0, 0, 0, 0, 0, 0, 0, 0, 0, 0, 0, 0, 0, 0, 0, 0, 0, 0, 0, 0, 0, 0, 0, 0, 0, 0, 0, 0, 0, 0, 0, 0, 0, 0, 0, 0, 0, 0, 0, 0, 0, 0, 0, 0, 0, 0, 0, 0, 0, 0, 0, 0, 0, 0
0, 0.0041884333, 0.004002089, 0.004235895, 0.004451089, 0.0049489206, 0.0054582832, 0.0057056486, 0.0061803972, 0.0066287816, 0.007052618, 0.0072556445, 0.0076444675, 0.008010776, 0.008185752, 0.008520375, 0.008835734, 0.009133315, 0.009275811, 0.009548509, 0.00980479, 0.009926669, 0.010156854, 0.010367617, 0.010465156, 0.010643785, 0.010800038, 0.010934207, 0.010993412, 0.01109727, 0.011183682, 0.011220978, 0.01128468, 0.011333853, 0.011367593, 0.011378104, 0.011385361, 0.011373004, 0.0113592995, 0.011317289, 0.011256037, 0.011218543, 0.011130265, 0.011025101, 0.010903669, 0.010836837, 0.010690737, 0.010527332, 0.010439017, 0.010249573, 0.010043985, 0.009824225, 0.009709727, 0.00947304, 0.009228142, 0.009103218, 0.008848872, 0.008587745, 0.008454005, 0.00817886, 0.00789214, 0.0075932685, 0.007439452, 0.007124126, 0.006799774, 0.0066347127, 0.0063000782, 0.0059603415, 0.005615192, 0.0054399366, 0.0050824163, 0.0047174743, 0.0045377985, 0.0042256718, 0.004126886, 0.0045310124, 0.004879047, 0, 0, 0, 0, 0, 0, 0, 0, 0, 0, 0, 0, 0, 0, 0, 0, 0, 0, 0, 0, 0, 0, 0, 0, 0, 0, 0, 0, 0, 0, 0, 0, 0, 0, 0, 0, 0, 0, 0, 0, 0, 0, 0, 0, 0, 0, 0, 0, 0, 0, 0, 0, 0, 0, 0, 0, 0, 0, 0, 0, 0, 0, 0, 0, 0, 0, 0, 0, 0, 0, 0, 0, 0
0, 0.003988929, 0.0038067747, 0.004029706, 0.0042379573, 0.0047254656, 0.0052320566, 0.0054809507, 0.005963245, 0.00642386, 0.006862784, 0.0070741433, 0.007480875, 0.00786642, 0.008051431, 0.008406313, 0.008741397, 0.009057176, 0.009208025, 0.009495682, 0.0097646415, 0.009892018, 0.010132063, 0.010351094, 0.010452258, 0.010636963, 0.01079744, 0.01093345, 0.010992606, 0.011094494, 0.011176624, 0.011211163, 0.011268411, 0.011310593, 0.011337593, 0.011344989, 0.011346826, 0.01133057, 0.011315465, 0.0112709645, 0.011207552, 0.011168737, 0.01107718, 0.0109674875, 0.010840177, 0.010770037, 0.0106166825, 0.010445843, 0.010353896, 0.010157199, 0.0099444995, 0.009717324, 0.009598902, 0.009354005, 0.009100286, 0.008970878, 0.008707461, 0.00843761, 0.008299826, 0.008017345, 0.0077244476, 0.007420692, 0.0072648423, 0.0069455975, 0.0066173356, 0.006450267, 0.0061111725, 0.0057659973, 0.005414379, 0.005235634, 0.0048710364, 0.0045003113, 0.004319612, 0.0040192106, 0.00400588, 0.0048661116, 0.0058332267, 0, 0, 0, 0, 0, 0, 0, 0, 0, 0, 0, 0, 0, 0, 0, 0, 0, 0, 0, 0, 0, 0, 0, 0, 0, 0, 0, 0, 0, 0, 0, 0, 0, 0, 0, 0, 0, 0, 0, 0, 0, 0, 0, 0, 0, 0, 0, 0, 0, 0, 0, 0, 0, 0, 0, 0, 0, 0, 0, 0, 0, 0, 0, 0, 0, 0, 0, 0, 0, 0, 0, 0, 0
0, 0.0038314909, 0.0036599052, 0.0038928136, 0.0041058334, 0.004602662, 0.005118556, 0.0053722425, 0.0058649005, 0.0063368157, 0.006788079, 0.0070059816, 0.0074265543, 0.007826475, 0.008018699, 0.008387562, 0.008735234, 0.009061236, 0.009216049, 0.009509334, 0.009780878, 0.009908589, 0.010147575, 0.010364233, 0.010463855, 0.010645228, 0.010802164, 0.010934418, 0.010991458, 0.011088331, 0.011164258, 0.011195096, 0.01124379, 0.011276011, 0.011292066, 0.011294054, 0.011285459, 0.011259861, 0.011240546, 0.0111886775, 0.011118876, 0.011077129, 0.010979764, 0.010864113, 0.010730613, 0.010657262, 0.010497633, 0.0103209615, 0.010226446, 0.0100255795, 0.009809632, 0.009579796, 0.009460155, 0.009212579, 0.0089555895, 0.008824167, 0.008556084, 0.008280989, 0.008140511, 0.0078530675, 0.007556317, 0.0072500524, 0.007093242, 0.0067725847, 0.006442606, 0.006274261, 0.005930964, 0.005578564, 0.005215271, 0.005028484, 0.004642138, 0.004238945, 0.0040352885, 0.0036587298, 0.0034459762, 0.003556444, 0, 0, 0, 0, 0, 0, 0, 0, 0, 0, 0, 0, 0, 0, 0, 0, 0, 0, 0, 0, 0, 0, 0, 0, 0, 0, 0, 0, 0, 0, 0, 0, 0, 0, 0, 0, 0, 0, 0, 0, 0, 0, 0, 0, 0, 0, 0, 0, 0, 0, 0, 0, 0, 0, 0, 0, 0, 0, 0, 0, 0, 0, 0, 0, 0, 0, 0, 0, 0, 0, 0, 0, 0, 0
0, 0.0037515175, 0.0036064337, 0.00387871, 0.0041091954, 0.0046327366, 0.0051656826, 0.005425151, 0.005926231, 0.0064040394, 0.0068601384, 0.007080331, 0.007505309, 0.007909154, 0.0081030205, 0.008474054, 0.008822288, 0.009146618, 0.009299644, 0.009587451, 0.00985086, 0.00997363, 0.010201232, 0.010405192, 0.010498263, 0.0106667215, 0.010811737, 0.010933713, 0.010986258, 0.011075254, 0.011143789, 0.011170773, 0.011210795, 0.011232632, 0.011236481, 0.011231816, 0.011209452, 0.011169978, 0.011143944, 0.011079524, 0.010998297, 0.010951327, 0.0108445175, 0.010720441, 0.010579395, 0.010502547, 0.010336517, 0.010154717, 0.0100581795, 0.009854502, 0.009637523, 0.009408291, 0.009289433, 0.009044123, 0.008789464, 0.008659006, 0.0083921915, 0.008117463, 0.007977096, 0.0076897163, 0.007393789, 0.0070889946, 0.006933261, 0.00661485, 0.00628668, 0.0061187553, 0.0057745064, 0.0054177046, 0.0050455183, 0.004852282, 0.0044489885, 0.004023046, 0.0038053798, 0.003394564, 0.0031358956, 0.0032139195, 0, 0, 0, 0, 0, 0, 0, 0, 0, 0, 0, 0, 0, 0, 0, 0, 0, 0, 0, 0, 0, 0, 0, 0, 0, 0, 0, 0, 0, 0, 0, 0, 0, 0, 0, 0, 0, 0, 0, 0, 0, 0, 0, 0, 0, 0, 0, 0, 0, 0, 0, 0, 0, 0, 0, 0, 0, 0, 0, 0, 0, 0, 0, 0, 0, 0, 0, 0, 0, 0, 0, 0, 0, 0
0, 0.0038681142, 0.0037677903, 0.0040885075, 0.00433615, 0.0048803873, 0.0054209116, 0.005680846, 0.006178564, 0.0066492143, 0.0070956526, 0.0073103993, 0.0077230944, 0.008113363, 0.008299899, 0.008655651, 0.008987748, 0.009295593, 0.009440179, 0.009710598, 0.009956066, 0.01006942, 0.010277563, 0.010461134, 0.010543904, 0.010692119, 0.01081835, 0.010924168, 0.010969829, 0.011047177, 0.011106099, 0.011128582, 0.0111592375, 0.011170292, 0.011161579, 0.011149823, 0.011112305, 0.011056797, 0.011022789, 0.010942907, 0.010847792, 0.01079456, 0.010676725, 0.010543531, 0.010394698, 0.0103144655, 0.010142405, 0.009955858, 0.009857511, 0.009651517, 0.009434283, 0.009207073, 0.009090081, 0.008849795, 0.008601608, 0.008474606, 0.008214559, 0.007946294, 0.007808997, 0.007528003, 0.0072385683, 0.0069404966, 0.006788251, 0.006476706, 0.0061550974, 0.005990065, 0.005650455, 0.005296205, 0.0049243057, 0.0047306526, 0.0043264353, 0.003901934, 0.003687596, 0.0032924677, 0.0030669128, 0.003182281, 0, 0, 0, 0, 0, 0, 0, 0, 0, 0, 0, 0, 0, 0, 0, 0, 0, 0, 0, 0, 0, 0, 0, 0, 0, 0, 0, 0, 0, 0, 0, 0, 0, 0, 0, 0, 0, 0, 0, 0, 0, 0, 0, 0, 0, 0, 0, 0, 0, 0, 0, 0, 0, 0, 0, 0, 0, 0, 0, 0, 0, 0, 0, 0, 0, 0, 0, 0, 0, 0, 0, 0, 0, 0
0, 0.0044902833, 0.0043350044, 0.0046049706, 0.0048365765, 0.0053571532, 0.0058777276, 0.0061276266, 0.0066037313, 0.007050072, 0.0074692657, 0.007669194, 0.008050292, 0.008407143, 0.008576673, 0.0088986065, 0.009197988, 0.009475047, 0.009605038, 0.00984756, 0.010066763, 0.010167432, 0.01035059, 0.010509435, 0.010579921, 0.010704012, 0.010807613, 0.010893179, 0.010929867, 0.010991431, 0.011036692, 0.0110528, 0.011070918, 0.011069143, 0.011046549, 0.011027483, 0.010974666, 0.010903654, 0.010861975, 0.010767672, 0.010660046, 0.010601463, 0.010474808, 0.010334809, 0.010180702, 0.010098273, 0.009922566, 0.009733106, 0.009633641, 0.009426359, 0.009209666, 0.008985172, 0.008870406, 0.008636315, 0.008396361, 0.0082739405, 0.008023833, 0.0077660857, 0.007634165, 0.007364004, 0.0070854956, 0.0067985677, 0.006651819, 0.0063514137, 0.006040857, 0.005881309, 0.005552427, 0.005208705, 0.0048474907, 0.004659563, 0.004268711, 0.0038620036, 0.0036589794, 0.0032923548, 0.003099902, 0.0032369667, 0, 0, 0, 0, 0, 0, 0, 0, 0, 0, 0, 0, 0, 0, 0, 0, 0, 0, 0, 0, 0, 0, 0, 0, 0, 0, 0, 0, 0, 0, 0, 0, 0, 0, 0, 0, 0, 0, 0, 0, 0, 0, 0, 0, 0, 0, 0, 0, 0, 0, 0, 0, 0, 0, 0, 0, 0, 0, 0, 0, 0, 0, 0, 0, 0, 0, 0, 0, 0, 0, 0, 0, 0, 0
0.007810283, 0.0064756395, 0.0052979765, 0.0053126127, 0.0054919915, 0.005953835, 0.0064367303, 0.0066700014, 0.007112734, 0.0075231176, 0.007902523, 0.008081137, 0.008417452, 0.0087278215, 0.008874037, 0.00915021, 0.0094064, 0.009643407, 0.009754712, 0.009962548, 0.010149927, 0.010235686, 0.010390638, 0.010522955, 0.010580611, 0.010680013, 0.010760324, 0.010824351, 0.010850883, 0.01089337, 0.0109207295, 0.010928233, 0.010929577, 0.0109114535, 0.010872975, 0.01084625, 0.010778585, 0.010694034, 0.010646223, 0.010541233, 0.010425336, 0.010363633, 0.010232545, 0.010090291, 0.00993546, 0.009852974, 0.0096775945, 0.009488899, 0.009390014, 0.009184425, 0.008970449, 0.008750076, 0.00863799, 0.008410796, 0.008179389, 0.008061863, 0.007822438, 0.007576331, 0.0074504684, 0.007192881, 0.006927076, 0.006652979, 0.0065126945, 0.006225622, 0.005928904, 0.0057765534, 0.005462866, 0.0051354957, 0.0047922553, 0.0046140305, 0.0042440873, 0.003860291, 0.0036691807, 0.0033257469, 0.0031520578, 0.0032984493, 0, 0, 0, 0, 0, 0, 0, 0, 0, 0, 0, 0, 0, 0, 0, 0, 0, 0, 0, 0, 0, 0, 0, 0, 0, 0, 0, 0, 0, 0, 0, 0, 0, 0, 0, 0, 0, 0, 0, 0, 0, 0, 0, 0, 0, 0, 0, 0, 0, 0, 0, 0, 0, 0, 0, 0, 0, 0, 0, 0, 0, 0, 0, 0, 0, 0, 0, 0, 0, 0, 0, 0, 0, 0
0.0066911154, 0.006217744, 0.0056708767, 0.0058087106, 0.0060034273, 0.006467807, 0.0069359806, 0.0071579125, 0.007571792, 0.007946501, 0.0082850065, 0.008441761, 0.008732614, 0.0089964, 0.009119437, 0.009349929, 0.00956226, 0.009757889, 0.00984959, 0.010020565, 0.010174227, 0.010244183, 0.010369882, 0.010475726, 0.010521162, 0.010597708, 0.010656869, 0.010700806, 0.0107175335, 0.010740519, 0.010748575, 0.010746436, 0.010728827, 0.010692517, 0.010637229, 0.010602862, 0.010521567, 0.010425978, 0.010373714, 0.010261957, 0.010142121, 0.010079442, 0.009948138, 0.009807743, 0.009656233, 0.009575778, 0.009405028, 0.009221611, 0.009125536, 0.008926002, 0.00871849, 0.008505179, 0.008396915, 0.008177949, 0.007955594, 0.007842974, 0.0076140263, 0.007379083, 0.0072590094, 0.0070132795, 0.006759668, 0.00649794, 0.00636405, 0.006090134, 0.00580759, 0.005662824, 0.005365659, 0.0050568283, 0.004734118, 0.0045668404, 0.004219379, 0.0038575754, 0.0036765866, 0.0033498975, 0.0031867262, 0.0033374873, 0, 0, 0, 0, 0, 0, 0, 0, 0, 0, 0, 0, 0, 0, 0, 0, 0, 0, 0, 0, 0, 0, 0, 0, 0, 0, 0, 0, 0, 0, 0, 0, 0, 0, 0, 0, 0, 0, 0, 0, 0, 0, 0, 0, 0, 0, 0, 0, 0, 0, 0, 0, 0, 0, 0, 0, 0, 0, 0, 0, 0, 0, 0, 0, 0, 0, 0, 0, 0, 0, 0, 0, 0, 0
0.0059797596, 0.0057364996, 0.0056209597, 0.0059802765, 0.006233807, 0.0067589097, 0.007243259, 0.007463326, 0.007860838, 0.008208597, 0.00851474, 0.008654333, 0.008910214, 0.009138947, 0.00924441, 0.009439969, 0.009617378, 0.009778112, 0.009852535, 0.009989912, 0.010111935, 0.010166975, 0.010265042, 0.010346532, 0.010381085, 0.010438307, 0.010480585, 0.010508775, 0.010517697, 0.010524728, 0.010516207, 0.01050561, 0.010471204, 0.010418844, 0.010349161, 0.010308326, 0.010216187, 0.010112633, 0.010057507, 0.009942196, 0.009821369, 0.009759037, 0.009629916, 0.009493457, 0.009347411, 0.009270218, 0.0091070095, 0.00893232, 0.008841064, 0.008651627, 0.008454669, 0.008252079, 0.008149127, 0.007940604, 0.0077285036, 0.0076210443, 0.007402446, 0.0071781348, 0.007063431, 0.0068284804, 0.0065858047, 0.006335185, 0.006206984, 0.005944896, 0.005675172, 0.0055372976, 0.005255242, 0.0049633463, 0.004659421, 0.0045020925, 0.004174708, 0.0038318334, 0.0036592353, 0.0033461181, 0.003191118, 0.0033446087, 0, 0, 0, 0, 0, 0, 0, 0, 0, 0, 0, 0, 0, 0, 0, 0, 0, 0, 0, 0, 0, 0, 0, 0, 0, 0, 0, 0, 0, 0, 0, 0, 0, 0, 0, 0, 0, 0, 0, 0, 0, 0, 0, 0, 0, 0, 0, 0, 0, 0, 0, 0, 0, 0, 0, 0, 0, 0, 0, 0, 0, 0, 0, 0, 0, 0, 0, 0, 0, 0, 0, 0, 0, 0
0.0055101737, 0.0053312765, 0.005372306, 0.005837084, 0.006120944, 0.006672679, 0.007152169, 0.0073619536, 0.007729847, 0.008042409, 0.008313233, 0.008436214, 0.008661458, 0.0088626435, 0.008954889, 0.009123511, 0.009271446, 0.00939952, 0.009456524, 0.009557578, 0.009642258, 0.009679047, 0.009742252, 0.009793333, 0.009814884, 0.009850403, 0.009876015, 0.009890455, 0.009892879, 0.009886671, 0.009864133, 0.009846479, 0.009798135, 0.009733041, 0.009653083, 0.009608319, 0.009511269, 0.009406958, 0.00935293, 0.0092422655, 0.009128756, 0.00907078, 0.008951639, 0.008826649, 0.008694131, 0.008624724, 0.008479554, 0.008326167, 0.008246669, 0.0080827465, 0.007912701, 0.007736943, 0.007647078, 0.0074632764, 0.0072743087, 0.0071777585, 0.0069803973, 0.0067767473, 0.0066724066, 0.0064582303, 0.0062363073, 0.0060066027, 0.0058888546, 0.005647466, 0.0053984867, 0.0052710944, 0.0050102486, 0.004740662, 0.00446033, 0.004315333, 0.0040135267, 0.0036964286, 0.0035363224, 0.0032461411, 0.0031074146, 0.003264377, 0, 0, 0, 0, 0, 0, 0, 0, 0, 0, 0, 0, 0, 0, 0, 0, 0, 0, 0, 0, 0, 0, 0, 0, 0, 0, 0, 0, 0, 0, 0, 0, 0, 0, 0, 0, 0, 0, 0, 0, 0, 0, 0, 0, 0, 0, 0, 0, 0, 0, 0, 0, 0, 0, 0, 0, 0, 0, 0, 0, 0, 0, 0, 0, 0, 0, 0, 0, 0, 0, 0, 0, 0, 0
0.005677505, 0.0054445257, 0.005325222, 0.005649527, 0.0058792536, 0.0063518756, 0.0067820586, 0.0069751865, 0.0073205065, 0.0076198145, 0.007882864, 0.008003343, 0.008225662, 0.008425774, 0.008518211, 0.008688215, 0.008838606, 0.008969783, 0.009028427, 0.009132217, 0.009218926, 0.009256309, 0.009320339, 0.009371722, 0.00939339, 0.009429375, 0.009455669, 0.009471078, 0.0094740875, 0.009469487, 0.009449321, 0.009433111, 0.009388553, 0.009328296, 0.009254283, 0.009213021, 0.009123825, 0.009028473, 0.008979221, 0.008878441, 0.008774897, 0.008721933, 0.008612736, 0.008497732, 0.008375315, 0.008311078, 0.008176585, 0.008034499, 0.007960922, 0.0078091775, 0.007651521, 0.0074879644, 0.007403984, 0.0072313924, 0.0070527527, 0.006961194, 0.0067734546, 0.006579387, 0.006479801, 0.0062752985, 0.0060634096, 0.0058440445, 0.0057314234, 0.0055000647, 0.005260261, 0.0051370296, 0.0048835566, 0.0046201902, 0.0043454687, 0.004203178, 0.003907073, 0.0035970379, 0.0034411137, 0.0031603205, 0.003029354, 0.003186413, 0, 0, 0, 0, 0, 0, 0, 0, 0, 0, 0, 0, 0, 0, 0, 0, 0, 0, 0, 0, 0, 0, 0, 0, 0, 0, 0, 0, 0, 0, 0, 0, 0, 0, 0, 0, 0, 0, 0, 0, 0, 0, 0, 0, 0, 0, 0, 0, 0, 0, 0, 0, 0, 0, 0, 0, 0, 0, 0, 0, 0, 0, 0, 0, 0, 0, 0, 0, 0, 0, 0, 0, 0, 0
0.0061709704, 0.0057267253, 0.0051981616, 0.005291057, 0.0054506427, 0.0058348156, 0.0062184115, 0.0063978694, 0.006727672, 0.0070209745, 0.0072828443, 0.0074036093, 0.007627696, 0.007831351, 0.007926244, 0.008103146, 0.008263443, 0.008407192, 0.008472843, 0.008591409, 0.008693073, 0.008737612, 0.008814846, 0.008877416, 0.008903776, 0.008947559, 0.008979847, 0.009000304, 0.00900592, 0.009007224, 0.008994465, 0.008982562, 0.008947598, 0.008898413, 0.008836683, 0.008801861, 0.008726247, 0.008644819, 0.00860257, 0.0085159475, 0.008426332, 0.008380246, 0.008284649, 0.008183016, 0.0080737, 0.008015835, 0.007893573, 0.007763228, 0.007695353, 0.007554601, 0.0074074375, 0.007253876, 0.007174602, 0.007011242, 0.006841385, 0.0067540994, 0.006574622, 0.006388638, 0.0062930593, 0.0060967905, 0.005893671, 0.0056835087, 0.005575571, 0.0053535444, 0.005122219, 0.0050027524, 0.0047557773, 0.0044970857, 0.0042256345, 0.0040846355, 0.0037912196, 0.003485153, 0.0033321131, 0.0030586089, 0.0029340324, 0.0030899202, 0, 0, 0, 0, 0, 0, 0, 0, 0, 0, 0, 0, 0, 0, 0, 0, 0, 0, 0, 0, 0, 0, 0, 0, 0, 0, 0, 0, 0, 0, 0, 0, 0, 0, 0, 0, 0, 0, 0, 0, 0, 0, 0, 0, 0, 0, 0, 0, 0, 0, 0, 0, 0, 0, 0, 0, 0, 0, 0, 0, 0, 0, 0, 0, 0, 0, 0, 0, 0, 0, 0, 0, 0, 0
0.007065161, 0.0058180518, 0.00470146, 0.0046588434, 0.0047906963, 0.005145057, 0.0055153356, 0.0056918124, 0.006020778, 0.006317209, 0.0065842527, 0.0067079994, 0.00693851, 0.0071497965, 0.007249292, 0.007437403, 0.0076122163, 0.007773698, 0.00784912, 0.00798867, 0.008112052, 0.0081673125, 0.008264843, 0.008345147, 0.008379106, 0.008435628, 0.008478076, 0.008507718, 0.008518016, 0.008529632, 0.008529067, 0.008524002, 0.008503872, 0.008470667, 0.008425716, 0.008399446, 0.008340895, 0.008276353, 0.008242447, 0.008172003, 0.008098324, 0.008060047, 0.00797977, 0.007892999, 0.007797833, 0.007746714, 0.007637091, 0.0075182025, 0.0074556065, 0.007324497, 0.0071860715, 0.007040607, 0.0069652856, 0.0068095657, 0.0066474243, 0.006563822, 0.0063916626, 0.0062124413, 0.0061202636, 0.005930728, 0.005734576, 0.00553168, 0.005427558, 0.005213153, 0.0049890773, 0.004872898, 0.004631299, 0.0043764226, 0.0041070012, 0.003966515, 0.0036736014, 0.0033682643, 0.0032161598, 0.0029457791, 0.0028239777, 0.002976448, 0, 0, 0, 0, 0, 0, 0, 0, 0, 0, 0, 0, 0, 0, 0, 0, 0, 0, 0, 0, 0, 0, 0, 0, 0, 0, 0, 0, 0, 0, 0, 0, 0, 0, 0, 0, 0, 0, 0, 0, 0, 0, 0, 0, 0, 0, 0, 0, 0, 0, 0, 0, 0, 0, 0, 0, 0, 0, 0, 0, 0, 0, 0, 0, 0, 0, 0, 0, 0, 0, 0, 0, 0, 0
0, 0.003864385, 0.003685346, 0.0038564433, 0.00402377, 0.0044069635, 0.0047875163, 0.0049673333, 0.0053022974, 0.005605548, 0.005880436, 0.006008495, 0.006248508, 0.00647058, 0.0065761227, 0.0067779906, 0.006968554, 0.007147767, 0.007232725, 0.0073922956, 0.007536264, 0.007601761, 0.007719033, 0.007817418, 0.00785957, 0.007930856, 0.007986505, 0.008029126, 0.008046135, 0.008072282, 0.008087786, 0.00809132, 0.008089348, 0.008075153, 0.0080494005, 0.008032663, 0.007992816, 0.007946215, 0.00792094, 0.007866927, 0.0078088525, 0.0077780667, 0.0077121924, 0.007638906, 0.007556337, 0.007511107, 0.0074125826, 0.0073036193, 0.0072454717, 0.007122552, 0.0069916192, 0.0068531716, 0.006781372, 0.006632847, 0.0064778146, 0.0063978215, 0.0062326225, 0.0060599754, 0.005970922, 0.0057874103, 0.0055970596, 0.0053999634, 0.005298782, 0.0050901193, 0.00487166, 0.004758132, 0.0045211045, 0.0042695384, 0.0040020985, 0.0038619481, 0.0035682574, 0.003260344, 0.0031062763, 0.0028312418, 0.002703411, 0.0028473765, 0, 0, 0, 0, 0, 0, 0, 0, 0, 0, 0, 0, 0, 0, 0, 0, 0, 0, 0, 0, 0, 0, 0, 0, 0, 0, 0, 0, 0, 0, 0, 0, 0, 0, 0, 0, 0, 0, 0, 0, 0, 0, 0, 0, 0, 0, 0, 0, 0, 0, 0, 0, 0, 0, 0, 0, 0, 0, 0, 0, 0, 0, 0, 0, 0, 0, 0, 0, 0, 0, 0, 0, 0, 0
0, 0.0031491965, 0.0030313835, 0.0032375057, 0.0034096586, 0.0037921926, 0.004168388, 0.004346384, 0.004679813, 0.004984841, 0.005264669, 0.0053962697, 0.0056451513, 0.0058780075, 0.005989382, 0.00620358, 0.0064069233, 0.006599158, 0.006690735, 0.0068635135, 0.007021018, 0.007093347, 0.007224327, 0.007336436, 0.0073856064, 0.0074710674, 0.007541124, 0.0075987135, 0.0076234653, 0.007665826, 0.007698318, 0.00771065, 0.0077269105, 0.007731643, 0.0077250446, 0.0077178315, 0.007696546, 0.007667526, 0.00765052, 0.007612164, 0.0075681023, 0.007543752, 0.0074896016, 0.0074268025, 0.007353592, 0.0073128133, 0.0072226394, 0.00712143, 0.007066949, 0.006951012, 0.0068265963, 0.006694601, 0.0066260104, 0.0064841686, 0.006335956, 0.0062594456, 0.0061011068, 0.0059353784, 0.0058496636, 0.0056726336, 0.005488296, 0.0052968324, 0.0051982533, 0.004994636, 0.0047811517, 0.004670036, 0.0044379956, 0.0041911853, 0.003927714, 0.0037890214, 0.003496355, 0.0031855719, 0.0030279658, 0.0027405415, 0.0025927888, 0.002717213, 0, 0, 0, 0, 0, 0, 0, 0, 0, 0, 0, 0, 0, 0, 0, 0, 0, 0, 0, 0, 0, 0, 0, 0, 0, 0, 0, 0, 0, 0, 0, 0, 0, 0, 0, 0, 0, 0, 0, 0, 0, 0, 0, 0, 0, 0, 0, 0, 0, 0, 0, 0, 0, 0, 0, 0, 0, 0, 0, 0, 0, 0, 0, 0, 0, 0, 0, 0, 0, 0, 0, 0, 0, 0
0, 0.0028983233, 0.00274831, 0.002901692, 0.0030496249, 0.003392413, 0.0037401489, 0.0039076316, 0.0042263097, 0.0045237667, 0.0048019304, 0.0049343966, 0.005187546, 0.0054267338, 0.005541617, 0.005762665, 0.0059721763, 0.0061696605, 0.006263493, 0.006440802, 0.006602981, 0.006678066, 0.0068155625, 0.006936216, 0.006990467, 0.0070874286, 0.007170461, 0.0072414624, 0.0072729522, 0.007328479, 0.007374251, 0.0073932763, 0.0074236677, 0.0074435757, 0.0074531185, 0.007454211, 0.007449504, 0.0074365316, 0.00742717, 0.0074028713, 0.0073710578, 0.0073520713, 0.007307078, 0.0072519835, 0.0071855723, 0.0071479785, 0.0070641595, 0.0069692093, 0.006917854, 0.006808042, 0.006689539, 0.0065632774, 0.006497473, 0.006361195, 0.0062188194, 0.0061452873, 0.005993329, 0.0058345078, 0.00575242, 0.0055827415, 0.005405662, 0.0052208994, 0.005125499, 0.0049281204, 0.004720971, 0.0046132263, 0.00438854, 0.0041502323, 0.0038958385, 0.0037616827, 0.0034775154, 0.0031725862, 0.0030159627, 0.0027225642, 0.002552049, 0.0026427223, 0, 0, 0, 0, 0, 0, 0, 0, 0, 0, 0, 0, 0, 0, 0, 0, 0, 0, 0, 0, 0, 0, 0, 0, 0, 0, 0, 0, 0, 0, 0, 0, 0, 0, 0, 0, 0, 0, 0, 0, 0, 0, 0, 0, 0, 0, 0, 0, 0, 0, 0, 0, 0, 0, 0, 0, 0, 0, 0, 0, 0, 0, 0, 0, 0, 0, 0, 0, 0, 0, 0, 0, 0, 0
0, 0.0028433811, 0.0026730443, 0.0027794465, 0.0029022729, 0.0031998872, 0.0035121716, 0.0036653704, 0.0039621745, 0.00424525, 0.0045150863, 0.004645138, 0.004895665, 0.005133833, 0.005248369, 0.0054682097, 0.005675563, 0.005870039, 0.0059622764, 0.006136461, 0.0062967017, 0.006371547, 0.006510688, 0.0066358163, 0.006693247, 0.0067979866, 0.0068895556, 0.006968534, 0.0070035113, 0.007065091, 0.0071161273, 0.0071379896, 0.007174789, 0.0072028725, 0.007222745, 0.007229645, 0.007237423, 0.007237327, 0.007234274, 0.0072218394, 0.0072002453, 0.0071857297, 0.007148459, 0.0070996573, 0.0070390585, 0.007004298, 0.0069262628, 0.006837294, 0.0067890105, 0.0066850823, 0.0065722577, 0.006451135, 0.006387675, 0.0062557072, 0.006117629, 0.0060464386, 0.005899748, 0.0057472987, 0.005668769, 0.005506917, 0.005338223, 0.0051619713, 0.00507082, 0.0048820665, 0.0046839644, 0.0045812097, 0.004367607, 0.004142112, 0.0039029333, 0.0037772665, 0.003512544, 0.00323098, 0.0030877576, 0.0028255405, 0.0026913267, 0.0027989603, 0, 0, 0, 0, 0, 0, 0, 0, 0, 0, 0, 0, 0, 0, 0, 0, 0, 0, 0, 0, 0, 0, 0, 0, 0, 0, 0, 0, 0, 0, 0, 0, 0, 0, 0, 0, 0, 0, 0, 0, 0, 0, 0, 0, 0, 0, 0, 0, 0, 0, 0, 0, 0, 0, 0, 0, 0, 0, 0, 0, 0, 0, 0, 0, 0, 0, 0, 0, 0, 0, 0, 0, 0, 0
0, 0.0028714482, 0.0026939039, 0.0027793415, 0.0028889298, 0.0031595286, 0.0034471026, 0.0035894085, 0.0038672946, 0.0041353162, 0.004393131, 0.004518055, 0.004759296, 0.0049885316, 0.005098438, 0.0053086714, 0.005506033, 0.0056905495, 0.0057781627, 0.0059442865, 0.006098917, 0.0061719893, 0.0063097677, 0.006436017, 0.006494545, 0.006601952, 0.006695692, 0.006775164, 0.0068096584, 0.006868927, 0.006916796, 0.006937193, 0.0069720293, 0.007000314, 0.0070229764, 0.007032198, 0.0070463, 0.0070538055, 0.0070547685, 0.007050163, 0.0070358734, 0.007024739, 0.0069936533, 0.006950509, 0.006895559, 0.006863798, 0.0067918473, 0.006709402, 0.006664398, 0.0065669054, 0.006459882, 0.0063438388, 0.00628268, 0.006154838, 0.0060205176, 0.0059513906, 0.0058095264, 0.0056630964, 0.0055880854, 0.005434092, 0.00527433, 0.0051076966, 0.0050215474, 0.004843181, 0.0046563186, 0.004559513, 0.004359092, 0.004148793, 0.0039274334, 0.0038121308, 0.0035718558, 0.0033231117, 0.0032016034, 0.0030053433, 0.0030267518, 0.0036933485, 0.0044114734, 0, 0, 0, 0, 0, 0, 0, 0, 0, 0, 0, 0, 0, 0, 0, 0, 0, 0, 0, 0, 0, 0, 0, 0, 0, 0, 0, 0, 0, 0, 0, 0, 0, 0, 0, 0, 0, 0, 0, 0, 0, 0, 0, 0, 0, 0, 0, 0, 0, 0, 0, 0, 0, 0, 0, 0, 0, 0, 0, 0, 0, 0, 0, 0, 0, 0, 0, 0, 0, 0, 0, 0, 0
0, 0.0029327015, 0.0027547653, 0.0028406188, 0.0029498183, 0.0032175123, 0.0034992942, 0.003637797, 0.0039064074, 0.004163463, 0.0044087945, 0.004526925, 0.0047538197, 0.004967528, 0.005069338, 0.005263011, 0.0054440727, 0.0056135133, 0.0056943144, 0.005848708, 0.005994314, 0.0060639596, 0.0061965007, 0.006318956, 0.006375804, 0.006479511, 0.0065685012, 0.0066418145, 0.0066726697, 0.0067237657, 0.00676301, 0.0067791366, 0.006806328, 0.006828608, 0.006847204, 0.0068552154, 0.0068682544, 0.006876244, 0.0068778256, 0.0068751476, 0.0068633417, 0.006853565, 0.0068258625, 0.0067871427, 0.0067373775, 0.006708547, 0.006642925, 0.006567119, 0.0065254634, 0.0064348094, 0.0063342704, 0.0062242565, 0.0061659934, 0.006043665, 0.005914935, 0.005848689, 0.0057133185, 0.005574065, 0.0055029714, 0.005357394, 0.0052066017, 0.0050494988, 0.004968297, 0.0048002778, 0.0046243384, 0.004533315, 0.0043451535, 0.004148248, 0.0039415243, 0.0038339884, 0.0036102731, 0.0033784772, 0.003264729, 0.003074739, 0.0030475543, 0.0033898947, 0.0036594719, 0, 0, 0, 0, 0, 0, 0, 0, 0, 0, 0, 0, 0, 0, 0, 0, 0, 0, 0, 0, 0, 0, 0, 0, 0, 0, 0, 0, 0, 0, 0, 0, 0, 0, 0, 0, 0, 0, 0, 0, 0, 0, 0, 0, 0, 0, 0, 0, 0, 0, 0, 0, 0, 0, 0, 0, 0, 0, 0, 0, 0, 0, 0, 0, 0, 0, 0, 0, 0, 0, 0, 0, 0
0, 0.0030161936, 0.0028411679, 0.0029415216, 0.003059567, 0.0033432927, 0.0036355155, 0.0037766127, 0.0040450627, 0.004295388, 0.0045286473, 0.0046391417, 0.0048481063, 0.0050417027, 0.0051330714, 0.005305671, 0.005466257, 0.005616641, 0.005688582, 0.005826855, 0.0059581986, 0.0060213814, 0.0061418726, 0.0062529966, 0.0063043274, 0.0063970448, 0.006475044, 0.0065375385, 0.0065630823, 0.0066038393, 0.00663308, 0.0066443686, 0.006662202, 0.006675589, 0.006685906, 0.006689926, 0.0066954074, 0.0066965558, 0.0066950805, 0.0066872058, 0.006671816, 0.0066610635, 0.0066330614, 0.0065962235, 0.006550332, 0.0065239132, 0.0064639603, 0.006394435, 0.006356084, 0.0062721833, 0.0061788037, 0.006076453, 0.006022167, 0.005908275, 0.005788857, 0.005727569, 0.0056022136, 0.005473096, 0.005406921, 0.0052710166, 0.005129341, 0.004981075, 0.0049042543, 0.004744979, 0.0045779194, 0.0044915383, 0.004312731, 0.004125114, 0.003926819, 0.0038227409, 0.0036026228, 0.00336537, 0.0032422456, 0.003007049, 0.0028629822, 0.0029649667, 0.003105522, 0, 0, 0, 0, 0, 0, 0, 0, 0, 0, 0, 0, 0, 0, 0, 0, 0, 0, 0, 0, 0, 0, 0, 0, 0, 0, 0, 0, 0, 0, 0, 0, 0, 0, 0, 0, 0, 0, 0, 0, 0, 0, 0, 0, 0, 0, 0, 0, 0, 0, 0, 0, 0, 0, 0, 0, 0, 0, 0, 0, 0, 0, 0, 0, 0, 0, 0, 0, 0, 0, 0, 0, 0
0, 0.003135533, 0.0029637315, 0.0030852237, 0.003216455, 0.0035243703, 0.0038328809, 0.003978406, 0.0042485315, 0.0044919257, 0.0047113523, 0.0048129405, 0.0050014565, 0.005172468, 0.005252161, 0.0054014027, 0.0055390424, 0.0056671635, 0.0057282187, 0.0058451365, 0.005955744, 0.0060086274, 0.006108877, 0.0062002386, 0.0062420424, 0.006316837, 0.0063788006, 0.0064275144, 0.0064470232, 0.00647723, 0.006497343, 0.006504369, 0.0065137735, 0.0065180375, 0.0065181702, 0.006516702, 0.0065104743, 0.0064995144, 0.00649217, 0.006473626, 0.006449864, 0.0064361026, 0.006404624, 0.006367444, 0.00632384, 0.006299247, 0.006243972, 0.0061800946, 0.006144773, 0.0060675517, 0.0059818886, 0.0058886744, 0.0058395765, 0.0057373773, 0.005630972, 0.005576486, 0.005464744, 0.0053487094, 0.0052887285, 0.0051640463, 0.0050320616, 0.004892349, 0.004819477, 0.0046678744, 0.004508426, 0.00442578, 0.004254289, 0.0040735146, 0.0038805031, 0.003778028, 0.0035573416, 0.0033109793, 0.0031780808, 0.0029060051, 0.0026875858, 0.002671757, 0.0027609097, 0, 0, 0, 0, 0, 0, 0, 0, 0, 0, 0, 0, 0, 0, 0, 0, 0, 0, 0, 0, 0, 0, 0, 0, 0, 0, 0, 0, 0, 0, 0, 0, 0, 0, 0, 0, 0, 0, 0, 0, 0, 0, 0, 0, 0, 0, 0, 0, 0, 0, 0, 0, 0, 0, 0, 0, 0, 0, 0, 0, 0, 0, 0, 0, 0, 0, 0, 0, 0, 0, 0, 0, 0
0, 0.0033146532, 0.003140204, 0.0032775707, 0.0034192011, 0.0037444069, 0.0040612356, 0.004207139, 0.004471445, 0.0047017285, 0.0049028522, 0.0049939696, 0.005159973, 0.0053073307, 0.005375052, 0.005500277, 0.0056139496, 0.005717773, 0.0057665003, 0.0058584698, 0.0059435926, 0.005983554, 0.0060579926, 0.0061241635, 0.006153944, 0.0062064813, 0.006249243, 0.0062822774, 0.0062952763, 0.0063145016, 0.006325979, 0.00632905, 0.0063303467, 0.00632568, 0.0063150334, 0.0063075353, 0.0062881075, 0.0062633636, 0.006249336, 0.0062185302, 0.0061851502, 0.0061677755, 0.006131739, 0.0060933996, 0.006051283, 0.0060282275, 0.0059771324, 0.005918384, 0.0058860565, 0.00581561, 0.0057381955, 0.0056551336, 0.005611866, 0.0055228416, 0.005431007, 0.0053839446, 0.0052870912, 0.0051853717, 0.0051320815, 0.0050196936, 0.0048985467, 0.004768466, 0.0047001783, 0.0045572305, 0.0044063446, 0.0043279645, 0.004164849, 0.0039920076, 0.0038065165, 0.0037074978, 0.0034936501, 0.0032544949, 0.003125897, 0.00286448, 0.0026588643, 0.0026475247, 0.0027241504, 0, 0, 0, 0, 0, 0, 0, 0, 0, 0, 0, 0, 0, 0, 0, 0, 0, 0, 0, 0, 0, 0, 0, 0, 0, 0, 0, 0, 0, 0, 0, 0, 0, 0, 0, 0, 0, 0, 0, 0, 0, 0, 0, 0, 0, 0, 0, 0, 0, 0, 0, 0, 0, 0, 0, 0, 0, 0, 0, 0, 0, 0, 0, 0, 0, 0, 0, 0, 0, 0, 0, 0, 0
0, 0.0035844313, 0.0033844248, 0.0035078453, 0.003645712, 0.0039633336, 0.0042684707, 0.0044067986, 0.0046527316, 0.004861735, 0.0050399816, 0.0051194364, 0.0052620713, 0.0053861993, 0.0054423357, 0.0055443044, 0.0056344145, 0.0057141497, 0.0057506408, 0.0058176476, 0.0058772014, 0.005904278, 0.005953004, 0.005994342, 0.006012247, 0.0060426826, 0.0060662325, 0.0060832333, 0.006089322, 0.0060968315, 0.006098437, 0.0060970127, 0.006089282, 0.0060748598, 0.0060533523, 0.0060400274, 0.006008503, 0.0059718853, 0.0059523084, 0.0059118723, 0.0058713104, 0.005851346, 0.0058122817, 0.0057733706, 0.00573286, 0.0057112845, 0.0056642215, 0.0056108884, 0.0055816453, 0.0055184136, 0.0054496326, 0.0053768414, 0.005339303, 0.005262598, 0.0051838243, 0.005143462, 0.0050598388, 0.0049709845, 0.0049239174, 0.0048236214, 0.0047144312, 0.004596154, 0.0045336927, 0.004402553, 0.004263443, 0.0041909856, 0.004039523, 0.0038782954, 0.0037048503, 0.0036125495, 0.0034146975, 0.0031986476, 0.0030861965, 0.0028727723, 0.0027600988, 0.003006928, 0.003418037, 0, 0, 0, 0, 0, 0, 0, 0, 0, 0, 0, 0, 0, 0, 0, 0, 0, 0, 0, 0, 0, 0, 0, 0, 0, 0, 0, 0, 0, 0, 0, 0, 0, 0, 0, 0, 0, 0, 0, 0, 0, 0, 0, 0, 0, 0, 0, 0, 0, 0, 0, 0, 0, 0, 0, 0, 0, 0, 0, 0, 0, 0, 0, 0, 0, 0, 0, 0, 0, 0, 0, 0, 0
0, 0.0039948197, 0.003695977, 0.0037307243, 0.0038377154, 0.004111329, 0.0043843337, 0.004508484, 0.004727763, 0.004911553, 0.00506613, 0.005134234, 0.0052549634, 0.0053579053, 0.005403587, 0.0054845754, 0.0055535287, 0.005611941, 0.005637696, 0.0056833564, 0.0057217805, 0.0057384553, 0.0057668816, 0.005788779, 0.0057974476, 0.005810458, 0.0058181253, 0.005820999, 0.0058206264, 0.0058164247, 0.0058073862, 0.0058008987, 0.005783308, 0.00575893, 0.005727617, 0.005709464, 0.005669007, 0.0056250226, 0.00560243, 0.0055574235, 0.0055140294, 0.005493257, 0.0054534883, 0.0054153265, 0.0053769127, 0.0053569293, 0.005314145, 0.005266522, 0.0052406928, 0.0051851706, 0.0051251994, 0.005061948, 0.0050294036, 0.0049628215, 0.00489405, 0.0048585404, 0.004784665, 0.0047056396, 0.0046638334, 0.0045746816, 0.0044778716, 0.0043732612, 0.004318062, 0.004201925, 0.0040782103, 0.004013349, 0.0038769932, 0.0037306673, 0.0035724253, 0.0034881716, 0.0033082194, 0.0031136102, 0.003013324, 0.0028244695, 0.0027174747, 0.0028560683, 0.0030681852, 0, 0, 0, 0, 0, 0, 0, 0, 0, 0, 0, 0, 0, 0, 0, 0, 0, 0, 0, 0, 0, 0, 0, 0, 0, 0, 0, 0, 0, 0, 0, 0, 0, 0, 0, 0, 0, 0, 0, 0, 0, 0, 0, 0, 0, 0, 0, 0, 0, 0, 0, 0, 0, 0, 0, 0, 0, 0, 0, 0, 0, 0, 0, 0, 0, 0, 0, 0, 0, 0, 0, 0, 0
0, 0.0046253945, 0.004013199, 0.0038439345, 0.0038964178, 0.004107619, 0.0043452657, 0.004455721, 0.0046512, 0.0048138695, 0.004949133, 0.005008091, 0.0051111686, 0.0051968787, 0.005233913, 0.005297689, 0.005349315, 0.005390716, 0.0054081636, 0.005437714, 0.005461157, 0.0054707434, 0.0054858928, 0.0054956395, 0.005498552, 0.005500731, 0.005498217, 0.005491284, 0.0054861456, 0.0054727783, 0.0054549794, 0.0054440997, 0.005418409, 0.0053865644, 0.0053488505, 0.005328093, 0.0052838996, 0.0052380813, 0.005215183, 0.005170593, 0.0051282644, 0.0051081814, 0.0050699385, 0.0050336136, 0.0049977857, 0.004979539, 0.0049413424, 0.004899768, 0.0048775566, 0.004830041, 0.004778829, 0.004724391, 0.004696109, 0.0046374244, 0.0045758095, 0.0045438013, 0.0044769943, 0.004405766, 0.0043683, 0.004289326, 0.0042048786, 0.0041146087, 0.004067185, 0.0039674374, 0.0038606941, 0.0038042907, 0.0036846155, 0.0035544697, 0.0034118735, 0.0033351246, 0.003169439, 0.00298602, 0.0028884476, 0.0026914377, 0.0025338726, 0.0025268288, 0.0026199725, 0, 0, 0, 0, 0, 0, 0, 0, 0, 0, 0, 0, 0, 0, 0, 0, 0, 0, 0, 0, 0, 0, 0, 0, 0, 0, 0, 0, 0, 0, 0, 0, 0, 0, 0, 0, 0, 0, 0, 0, 0, 0, 0, 0, 0, 0, 0, 0, 0, 0, 0, 0, 0, 0, 0, 0, 0, 0, 0, 0, 0, 0, 0, 0, 0, 0, 0, 0, 0, 0, 0, 0, 0
0, 0.0055316444, 0.004071695, 0.0037073444, 0.003728826, 0.003911134, 0.004132017, 0.0042350995, 0.004416732, 0.0045664236, 0.004689247, 0.0047421004, 0.004832986, 0.0049064253, 0.004937122, 0.0049883947, 0.0050273887, 0.005056548, 0.0050681224, 0.0050865323, 0.0051001217, 0.0051053297, 0.005112776, 0.0051161703, 0.0051163016, 0.0051135593, 0.005106603, 0.005095414, 0.005088236, 0.0050708875, 0.0050492673, 0.0050367857, 0.00500816, 0.004974581, 0.0049366057, 0.004916396, 0.0048743654, 0.0048319497, 0.004811083, 0.004770561, 0.0047321008, 0.0047136815, 0.00467842, 0.004644779, 0.004612123, 0.0045958017, 0.0045624278, 0.004527146, 0.0045085205, 0.0044689295, 0.004426283, 0.004380188, 0.004355881, 0.0043044887, 0.004249589, 0.00422085, 0.004160791, 0.00409733, 0.0040643127, 0.003995511, 0.003923082, 0.0038465376, 0.0038065114, 0.0037221746, 0.0036312146, 0.0035827286, 0.003478842, 0.0033641548, 0.003236645, 0.003167112, 0.003014441, 0.0028401157, 0.0027442381, 0.002539709, 0.0023482074, 0.002263137, 0.0023026115, 0, 0, 0, 0, 0, 0, 0, 0, 0, 0, 0, 0, 0, 0, 0, 0, 0, 0, 0, 0, 0, 0, 0, 0, 0, 0, 0, 0, 0, 0, 0, 0, 0, 0, 0, 0, 0, 0, 0, 0, 0, 0, 0, 0, 0, 0, 0, 0, 0, 0, 0, 0, 0, 0, 0, 0, 0, 0, 0, 0, 0, 0, 0, 0, 0, 0, 0, 0, 0, 0, 0, 0, 0
0, 0, 0.0034380846, 0.0033334557, 0.0033817284, 0.0035713487, 0.0037844065, 0.003882807, 0.0040551033, 0.004196279, 0.004311235, 0.004360317, 0.0044437908, 0.0045097126, 0.0045367335, 0.0045804437, 0.0046119723, 0.004633782, 0.0046418495, 0.004653705, 0.0046615386, 0.004664309, 0.0046677627, 0.004668513, 0.004667736, 0.0046639056, 0.0046570417, 0.004646826, 0.0046405387, 0.004625441, 0.0046067517, 0.004596024, 0.0045715687, 0.004543374, 0.0045118798, 0.0044952007, 0.0044607082, 0.0044258623, 0.004408653, 0.0043748347, 0.0043420023, 0.0043259985, 0.004295012, 0.004265352, 0.004236784, 0.004222765, 0.0041945204, 0.0041654063, 0.004150232, 0.004118364, 0.004083856, 0.0040460886, 0.004025836, 0.0039826105, 0.0039358325, 0.003911204, 0.00385984, 0.0038058315, 0.0037777985, 0.0037198248, 0.0036588744, 0.00359434, 0.0035605526, 0.0034889109, 0.0034107931, 0.003368885, 0.0032782315, 0.0031774594, 0.0030645868, 0.0030027782, 0.0028661448, 0.0027092136, 0.0026225403, 0.0024374437, 0.0022658939, 0.0021958502, 0.0022353632, 0, 0, 0, 0, 0, 0, 0, 0, 0, 0, 0, 0, 0, 0, 0, 0, 0, 0, 0, 0, 0, 0, 0, 0, 0, 0, 0, 0, 0, 0, 0, 0, 0, 0, 0, 0, 0, 0, 0, 0, 0, 0, 0, 0, 0, 0, 0, 0, 0, 0, 0, 0, 0, 0, 0, 0, 0, 0, 0, 0, 0, 0, 0, 0, 0, 0, 0, 0, 0, 0, 0, 0, 0
0, 0, 0.0033442243, 0.0030577192, 0.003053125, 0.0031831905, 0.003366562, 0.0034550477, 0.0036128468, 0.0037438998, 0.0038516864, 0.003897926, 0.00397686, 0.0040395185, 0.004065224, 0.0041066944, 0.0041363086, 0.004156567, 0.00416391, 0.0041743848, 0.0041810074, 0.004183313, 0.004186268, 0.0041872733, 0.0041871113, 0.0041853394, 0.004181881, 0.0041768225, 0.0041736397, 0.0041657086, 0.004155295, 0.004149035, 0.0041342913, 0.004116697, 0.0040962696, 0.0040851743, 0.0040617483, 0.004037051, 0.0040244767, 0.0039990777, 0.003973633, 0.003960968, 0.003936228, 0.003912283, 0.0038893132, 0.0038780037, 0.0038554731, 0.0038326029, 0.0038207485, 0.0037959374, 0.0037689935, 0.0037393481, 0.0037233157, 0.00368896, 0.003651625, 0.003632004, 0.0035909025, 0.0035474277, 0.0035247272, 0.0034772295, 0.0034265954, 0.0033719095, 0.0033428145, 0.003280521, 0.0032117974, 0.003174747, 0.0030944492, 0.003005325, 0.0029059527, 0.0028518438, 0.002733482, 0.002600338, 0.0025286984, 0.0023834293, 0.0022743838, 0.002332045, 0.0025129293, 0.0034077642, 0, 0, 0, 0, 0, 0, 0, 0, 0, 0, 0, 0, 0, 0, 0, 0, 0, 0, 0, 0, 0, 0, 0, 0, 0, 0, 0, 0, 0, 0, 0, 0, 0, 0, 0, 0, 0, 0, 0, 0, 0, 0, 0, 0, 0, 0, 0, 0, 0, 0, 0, 0, 0, 0, 0, 0, 0, 0, 0, 0, 0, 0, 0, 0, 0, 0, 0, 0, 0, 0, 0, 0
0, 0, 0.003440164, 0.002789826, 0.002717696, 0.002777727, 0.0029233291, 0.0029983502, 0.0031359382, 0.0032537663, 0.0033532868, 0.0033970217, 0.0034733177, 0.003536007, 0.003562568, 0.0036068575, 0.0036404366, 0.0036653366, 0.0036749865, 0.0036904002, 0.0037016312, 0.0037061146, 0.0037133733, 0.0037186283, 0.0037208213, 0.0037243674, 0.003727286, 0.0037298047, 0.0037308417, 0.0037321243, 0.003731821, 0.0037309316, 0.0037275297, 0.0037218987, 0.0037137943, 0.003708904, 0.0036974158, 0.0036839573, 0.0036765821, 0.0036609343, 0.0036444683, 0.0036360896, 0.0036193961, 0.0036030617, 0.00358734, 0.0035795744, 0.003563859, 0.0035474056, 0.0035387368, 0.0035203914, 0.0034999417, 0.0034773012, 0.0034650809, 0.0034389172, 0.003410419, 0.0033954093, 0.0033637139, 0.003329466, 0.003311202, 0.0032721194, 0.0032290118, 0.003181014, 0.003155047, 0.0030987994, 0.0030362778, 0.003002501, 0.0029296533, 0.0028492226, 0.0027601756, 0.00271198, 0.0026076862, 0.0024925708, 0.0024319987, 0.0023122067, 0.0022262433, 0.0022678352, 0.002385347, 0.002797423, 0, 0, 0, 0, 0, 0, 0, 0, 0, 0, 0, 0, 0, 0, 0, 0, 0, 0, 0, 0, 0, 0, 0, 0, 0, 0, 0, 0, 0, 0, 0, 0, 0, 0, 0, 0, 0, 0, 0, 0, 0, 0, 0, 0, 0, 0, 0, 0, 0, 0, 0, 0, 0, 0, 0, 0, 0, 0, 0, 0, 0, 0, 0, 0, 0, 0, 0, 0, 0, 0, 0, 0
0, 0, 0.0025681818, 0.0023657451, 0.0023301966, 0.0023787136, 0.0024929584, 0.0025542062, 0.0026705344, 0.0027747548, 0.0028668926, 0.0029087788, 0.0029844153, 0.003049882, 0.0030787676, 0.0031295388, 0.0031715152, 0.0032060505, 0.0032209316, 0.0032467383, 0.0032682181, 0.0032775796, 0.003294272, 0.0033085071, 0.0033149882, 0.0033271136, 0.003338583, 0.0033495266, 0.003354763, 0.0033642284, 0.0033724764, 0.0033760713, 0.003382217, 0.003386752, 0.003389563, 0.003390162, 0.0033897285, 0.0033870903, 0.0033850665, 0.0033796076, 0.00337279, 0.0033690552, 0.0033614982, 0.0033541776, 0.0033469012, 0.0033431468, 0.0033349597, 0.003325362, 0.0033198448, 0.0033071712, 0.003292077, 0.003274575, 0.0032650067, 0.0032443309, 0.0032217663, 0.0032096847, 0.0031837234, 0.0031547984, 0.0031388889, 0.003103961, 0.0030643267, 0.0030194637, 0.0029950293, 0.002941824, 0.0028828944, 0.0028511644, 0.0027829357, 0.002707594, 0.0026238111, 0.0025783163, 0.0024791993, 0.0023687251, 0.0023095808, 0.0021882209, 0.0020830738, 0.0020564883, 0.0021053317, 0.0023316536, 0, 0, 0, 0, 0, 0, 0, 0, 0, 0, 0, 0, 0, 0, 0, 0, 0, 0, 0, 0, 0, 0, 0, 0, 0, 0, 0, 0, 0, 0, 0, 0, 0, 0, 0, 0, 0, 0, 0, 0, 0, 0, 0, 0, 0, 0, 0, 0, 0, 0, 0, 0, 0, 0, 0, 0, 0, 0, 0, 0, 0, 0, 0, 0, 0, 0, 0, 0, 0, 0, 0, 0
0, 0, 0.0025319797, 0.0021719085, 0.0020744663, 0.0020439334, 0.0021166354, 0.0021650281, 0.0022649546, 0.002360492, 0.0024490266, 0.0024905498, 0.0025675048, 0.0026369283, 0.0026688254, 0.002727264, 0.0027790314, 0.0028249747, 0.0028460005, 0.0028844732, 0.0029188108, 0.0029345793, 0.0029636428, 0.002989748, 0.003001851, 0.0030245802, 0.0030451654, 0.0030637546, 0.003072239, 0.0030877173, 0.0031015994, 0.003108161, 0.0031208093, 0.0031327838, 0.003144009, 0.0031490678, 0.0031578457, 0.0031647536, 0.0031674067, 0.003171191, 0.0031732616, 0.0031739138, 0.00317495, 0.0031759487, 0.0031767464, 0.0031768945, 0.0031760419, 0.0031729718, 0.0031703543, 0.0031626914, 0.0031514778, 0.003137097, 0.0031288362, 0.0031103129, 0.0030892654, 0.0030778358, 0.0030526193, 0.0030239148, 0.003008014, 0.0029728943, 0.0029329588, 0.00288818, 0.0028638504, 0.002811526, 0.002754093, 0.0027233288, 0.0026571418, 0.0025834644, 0.0025001434, 0.0024542594, 0.0023529825, 0.0022372573, 0.0021737486, 0.0020380232, 0.001905587, 0.0018282803, 0.0018408789, 0.0019940168, 0, 0, 0, 0, 0, 0, 0, 0, 0, 0, 0, 0, 0, 0, 0, 0, 0, 0, 0, 0, 0, 0, 0, 0, 0, 0, 0, 0, 0, 0, 0, 0, 0, 0, 0, 0, 0, 0, 0, 0, 0, 0, 0, 0, 0, 0, 0, 0, 0, 0, 0, 0, 0, 0, 0, 0, 0, 0, 0, 0, 0, 0, 0, 0, 0, 0, 0, 0, 0, 0, 0, 0
0, 0, 0.00287957, 0.002037714, 0.0018595811, 0.0017668933, 0.0018213559, 0.0018662548, 0.0019636871, 0.0020592262, 0.0021487458, 0.0021909422, 0.002270254, 0.0023430495, 0.0023771916, 0.002441474, 0.0025006565, 0.0025554702, 0.0025814378, 0.002630507, 0.002676046, 0.002697533, 0.0027379978, 0.0027754833, 0.0027929705, 0.002825298, 0.0028537088, 0.0028781602, 0.0028889775, 0.00290853, 0.0029261287, 0.0029345779, 0.002951597, 0.0029688661, 0.0029861513, 0.0029945264, 0.0030103948, 0.0030245504, 0.003030793, 0.003041626, 0.0030504728, 0.0030543706, 0.0030616068, 0.003068625, 0.0030752146, 0.0030781673, 0.0030827508, 0.0030846857, 0.003084315, 0.0030804055, 0.0030717584, 0.0030584638, 0.0030502323, 0.0030307896, 0.0030077735, 0.002995007, 0.0029667253, 0.0029347127, 0.0029172592, 0.00287931, 0.0028370558, 0.0027905088, 0.0027657317, 0.0027129631, 0.002655586, 0.0026249434, 0.002558459, 0.0024838531, 0.0023986108, 0.0023513746, 0.0022461799, 0.0021251526, 0.0020583924, 0.0019141227, 0.0017684851, 0.0016677711, 0.0016622471, 0.0017728409, 0, 0, 0, 0, 0, 0, 0, 0, 0, 0, 0, 0, 0, 0, 0, 0, 0, 0, 0, 0, 0, 0, 0, 0, 0, 0, 0, 0, 0, 0, 0, 0, 0, 0, 0, 0, 0, 0, 0, 0, 0, 0, 0, 0, 0, 0, 0, 0, 0, 0, 0, 0, 0, 0, 0, 0, 0, 0, 0, 0, 0, 0, 0, 0, 0, 0, 0, 0, 0, 0, 0, 0
0, 0, 0, 0.0016300497, 0.0015678658, 0.0015578681, 0.0016390315, 0.0016914377, 0.0017985628, 0.0018992472, 0.001990944, 0.0020335508, 0.0021131034, 0.0021861985, 0.0022207082, 0.0022863355, 0.0023481087, 0.002406703, 0.0024350476, 0.0024896099, 0.002541593, 0.0025666144, 0.0026145643, 0.0026593397, 0.0026804025, 0.002719053, 0.0027526382, 0.0027809914, 0.0027935512, 0.002816067, 0.0028368763, 0.0028469996, 0.0028675827, 0.0028886478, 0.0029099514, 0.0029205154, 0.0029407416, 0.0029592735, 0.0029677972, 0.002982786, 0.002995519, 0.0030011404, 0.0030114967, 0.0030211841, 0.0030302627, 0.0030343572, 0.0030412977, 0.0030454579, 0.003046109, 0.0030436267, 0.0030354578, 0.0030214519, 0.003012301, 0.0029901688, 0.002963537, 0.0029486876, 0.0029161165, 0.002880195, 0.0028610472, 0.0028199665, 0.0027754146, 0.0027272932, 0.0027019244, 0.002648105, 0.0025896705, 0.0025583182, 0.0024903775, 0.0024140545, 0.0023275022, 0.0022797568, 0.0021745353, 0.0020554783, 0.0019907714, 0.001853408, 0.0017188588, 0.0016319121, 0.0016322095, 0.0017382513, 0, 0, 0, 0, 0, 0, 0, 0, 0, 0, 0, 0, 0, 0, 0, 0, 0, 0, 0, 0, 0, 0, 0, 0, 0, 0, 0, 0, 0, 0, 0, 0, 0, 0, 0, 0, 0, 0, 0, 0, 0, 0, 0, 0, 0, 0, 0, 0, 0, 0, 0, 0, 0, 0, 0, 0, 0, 0, 0, 0, 0, 0, 0, 0, 0, 0, 0, 0, 0, 0, 0, 0
0, 0, 0, 0.0015533387, 0.0015015146, 0.0015123605, 0.0016086719, 0.0016661804, 0.0017790232, 0.00188015, 0.0019689547, 0.00200931, 0.0020838792, 0.0021520637, 0.0021842907, 0.0022460318, 0.0023050692, 0.0023622734, 0.0023902387, 0.0024450896, 0.0024984218, 0.0025243682, 0.002574726, 0.0026222072, 0.002644472, 0.0026856146, 0.0027215318, 0.002752271, 0.002766104, 0.0027913186, 0.0028149737, 0.0028266392, 0.0028499404, 0.0028734677, 0.0028967445, 0.0029081558, 0.0029299813, 0.002950015, 0.0029592, 0.002975598, 0.0029894796, 0.0029955502, 0.003006382, 0.0030160388, 0.003024599, 0.0030283132, 0.0030341102, 0.0030369435, 0.003036715, 0.0030322878, 0.0030220004, 0.0030053416, 0.0029947471, 0.002969312, 0.0029393225, 0.002922813, 0.0028873757, 0.002849164, 0.0028290225, 0.0027865744, 0.0027408805, 0.0026919546, 0.0026660594, 0.0026111545, 0.0025512218, 0.0025190702, 0.0024496934, 0.0023726528, 0.0022872216, 0.0022410892, 0.0021414354, 0.0020320895, 0.0019742087, 0.0018553151, 0.0017485099, 0.0017113659, 0.0017621784, 0.0021765518, 0, 0, 0, 0, 0, 0, 0, 0, 0, 0, 0, 0, 0, 0, 0, 0, 0, 0, 0, 0, 0, 0, 0, 0, 0, 0, 0, 0, 0, 0, 0, 0, 0, 0, 0, 0, 0, 0, 0, 0, 0, 0, 0, 0, 0, 0, 0, 0, 0, 0, 0, 0, 0, 0, 0, 0, 0, 0, 0, 0, 0, 0, 0, 0, 0, 0, 0, 0, 0, 0, 0, 0
0, 0, 0, 0.0017204284, 0.001651407, 0.00163919, 0.0017236711, 0.0017766231, 0.0018801043, 0.0019705584, 0.0020476563, 0.002082243, 0.0021456417, 0.002203686, 0.0022312799, 0.002284985, 0.002337563, 0.0023896254, 0.002415581, 0.0024670642, 0.0025179659, 0.0025430755, 0.0025919885, 0.0026385009, 0.0026605185, 0.0027013908, 0.0027376718, 0.0027696176, 0.002784321, 0.0028115683, 0.0028371932, 0.0028497009, 0.0028742035, 0.0028982526, 0.002921304, 0.0029322943, 0.0029532067, 0.002972219, 0.0029809363, 0.0029965471, 0.003009978, 0.0030157876, 0.0030258324, 0.0030339644, 0.0030401347, 0.00304226, 0.0030442416, 0.003042065, 0.0030392334, 0.0030295805, 0.0030144071, 0.0029934717, 0.0029809834, 0.0029525603, 0.0029203014, 0.0029030952, 0.0028669117, 0.0028283892, 0.0028082083, 0.0027656953, 0.0027199856, 0.0026706408, 0.002644408, 0.0025886397, 0.0025276912, 0.0024951447, 0.002425698, 0.0023503657, 0.0022693074, 0.0022266796, 0.002136794, 0.0020408332, 0.001990954, 0.0018894316, 0.0017976462, 0.0017572406, 0.0017845089, 0.002004136, 0, 0, 0, 0, 0, 0, 0, 0, 0, 0, 0, 0, 0, 0, 0, 0, 0, 0, 0, 0, 0, 0, 0, 0, 0, 0, 0, 0, 0, 0, 0, 0, 0, 0, 0, 0, 0, 0, 0, 0, 0, 0, 0, 0, 0, 0, 0, 0, 0, 0, 0, 0, 0, 0, 0, 0, 0, 0, 0, 0, 0, 0, 0, 0, 0, 0, 0, 0, 0, 0, 0, 0
0, 0, 0, 0.0020562967, 0.0019504031, 0.0018775392, 0.0019236546, 0.0019626622, 0.0020433364, 0.0021147036, 0.002174997, 0.0022018899, 0.002251415, 0.002297242, 0.0023194314, 0.0023636296, 0.0024080637, 0.002453203, 0.0024760407, 0.0025220283, 0.0025681807, 0.0025912249, 0.0026365125, 0.0026801424, 0.0027010334, 0.0027401736, 0.0027756921, 0.0028077688, 0.002822611, 0.0028507153, 0.0028769237, 0.0028894513, 0.0029134422, 0.002936008, 0.0029569992, 0.0029667746, 0.0029850318, 0.0030015316, 0.003009111, 0.003022918, 0.003035088, 0.003040424, 0.0030492744, 0.0030554796, 0.003058416, 0.0030583632, 0.003054672, 0.0030456816, 0.0030391305, 0.0030222398, 0.0030004713, 0.002974393, 0.0029599352, 0.0029288463, 0.002895357, 0.0028779118, 0.0028417695, 0.00280352, 0.002783507, 0.0027409827, 0.002695094, 0.0026453924, 0.0026190265, 0.0025631478, 0.002502682, 0.002470798, 0.0024039757, 0.0023335738, 0.0022601227, 0.0022222484, 0.0021441572, 0.0020615829, 0.00201845, 0.0019290472, 0.0018411947, 0.0017812103, 0.0017807374, 0.001885536, 0, 0, 0, 0, 0, 0, 0, 0, 0, 0, 0, 0, 0, 0, 0, 0, 0, 0, 0, 0, 0, 0, 0, 0, 0, 0, 0, 0, 0, 0, 0, 0, 0, 0, 0, 0, 0, 0, 0, 0, 0, 0, 0, 0, 0, 0, 0, 0, 0, 0, 0, 0, 0, 0, 0, 0, 0, 0, 0, 0, 0, 0, 0, 0, 0, 0, 0, 0, 0, 0, 0, 0
0, 0, 0, 0.002519846, 0.0023205325, 0.0021247938, 0.002113021, 0.0021351061, 0.0021926195, 0.002247912, 0.0022955036, 0.0023167878, 0.002356141, 0.0023928867, 0.0024108319, 0.0024466568, 0.0024831262, 0.0025205899, 0.0025397465, 0.002578637, 0.0026184176, 0.0026384701, 0.00267869, 0.0027182193, 0.0027373207, 0.0027737299, 0.0028074728, 0.002838492, 0.0028530583, 0.002880541, 0.002906057, 0.00291803, 0.0029405414, 0.002960962, 0.002979394, 0.0029878258, 0.0030029027, 0.0030165715, 0.0030228195, 0.003034398, 0.0030447068, 0.0030491403, 0.0030561897, 0.003059615, 0.0030586822, 0.0030560456, 0.003046301, 0.003030394, 0.0030202216, 0.0029962973, 0.0029684065, 0.0029377507, 0.0029216043, 0.0028880402, 0.0028531402, 0.002835124, 0.0027981082, 0.002759123, 0.0027386905, 0.0026953828, 0.0026489408, 0.002599247, 0.0025731595, 0.0025186774, 0.0024611817, 0.0024314714, 0.002370429, 0.0023082432, 0.0022448713, 0.002212544, 0.0021461989, 0.0020758226, 0.0020383613, 0.0019584608, 0.0018763718, 0.001820378, 0.0018278357, 0.002034533, 0.002725126, 0, 0, 0, 0, 0, 0, 0, 0, 0, 0, 0, 0, 0, 0, 0, 0, 0, 0, 0, 0, 0, 0, 0, 0, 0, 0, 0, 0, 0, 0, 0, 0, 0, 0, 0, 0, 0, 0, 0, 0, 0, 0, 0, 0, 0, 0, 0, 0, 0, 0, 0, 0, 0, 0, 0, 0, 0, 0, 0, 0, 0, 0, 0, 0, 0, 0, 0, 0, 0, 0, 0
0, 0, 0, 0.002949498, 0.0025798113, 0.00224852, 0.0021963946, 0.0022106378, 0.0022617783, 0.0023158945, 0.0023637256, 0.0023851087, 0.0024237994, 0.0024582837, 0.0024744067, 0.0025052254, 0.0025350405, 0.0025647082, 0.0025797205, 0.0026103514, 0.00264224, 0.0026587457, 0.0026925215, 0.0027265209, 0.0027432872, 0.0027759157, 0.002806792, 0.002835776, 0.0028495889, 0.0028758852, 0.002900274, 0.0029116746, 0.002932997, 0.0029519994, 0.002968543, 0.002975894, 0.0029886963, 0.0029995309, 0.003004319, 0.003012953, 0.003019958, 0.0030226645, 0.0030259253, 0.0030250447, 0.0030190193, 0.003013669, 0.002998298, 0.0029770073, 0.002964284, 0.0029355425, 0.0029038116, 0.0028700412, 0.0028525353, 0.0028166287, 0.002779688, 0.0027606771, 0.0027216456, 0.0026807908, 0.0026596095, 0.0026154132, 0.002568815, 0.0025203144, 0.0024955242, 0.0024447246, 0.0023930364, 0.002367009, 0.0023147764, 0.00226279, 0.0022105307, 0.0021839472, 0.0021286402, 0.0020683666, 0.002035372, 0.0019626482, 0.0018839708, 0.0018209196, 0.001814336, 0.0019236563, 0.0022224858, 0, 0, 0, 0, 0, 0, 0, 0, 0, 0, 0, 0, 0, 0, 0, 0, 0, 0, 0, 0, 0, 0, 0, 0, 0, 0, 0, 0, 0, 0, 0, 0, 0, 0, 0, 0, 0, 0, 0, 0, 0, 0, 0, 0, 0, 0, 0, 0, 0, 0, 0, 0, 0, 0, 0, 0, 0, 0, 0, 0, 0, 0, 0, 0, 0, 0, 0, 0, 0, 0, 0
0, 0, 0, 0.002619564, 0.0024519293, 0.002192229, 0.002142347, 0.0021598584, 0.0022230954, 0.0022921693, 0.0023540396, 0.002381521, 0.0024296588, 0.0024694572, 0.0024866015, 0.002516538, 0.0025420468, 0.0025649073, 0.0025759614, 0.002598224, 0.0026218295, 0.0026343188, 0.0026607157, 0.002688255, 0.002702255, 0.002729977, 0.0027573106, 0.0027838547, 0.0027968178, 0.0028218443, 0.0028454787, 0.0028566543, 0.0028773772, 0.0028954956, 0.002910754, 0.002917246, 0.0029279965, 0.0029357348, 0.0029386857, 0.0029428008, 0.0029443232, 0.0029441693, 0.0029410727, 0.0029339173, 0.002921913, 0.0029139547, 0.0028940663, 0.0028693813, 0.0028554841, 0.002825034, 0.0027921312, 0.0027571742, 0.0027389608, 0.0027014366, 0.0026625022, 0.0026425063, 0.002601507, 0.002559361, 0.0025378568, 0.0024938874, 0.0024490543, 0.002404016, 0.0023816347, 0.0023374725, 0.0022941509, 0.0022728036, 0.0022310307, 0.002189796, 0.0021479034, 0.002126308, 0.0020799737, 0.0020274322, 0.0019977405, 0.0019304184, 0.001853988, 0.0017829901, 0.0017624084, 0.0017994151, 0.00195545, 0, 0, 0, 0, 0, 0, 0, 0, 0, 0, 0, 0, 0, 0, 0, 0, 0, 0, 0, 0, 0, 0, 0, 0, 0, 0, 0, 0, 0, 0, 0, 0, 0, 0, 0, 0, 0, 0, 0, 0, 0, 0, 0, 0, 0, 0, 0, 0, 0, 0, 0, 0, 0, 0, 0, 0, 0, 0, 0, 0, 0, 0, 0, 0, 0, 0, 0, 0, 0, 0, 0
0, 0, 0, 0.002994873, 0.0025463465, 0.0020808447, 0.0019954308, 0.0020140186, 0.0020930285, 0.0021836369, 0.002266467, 0.0023029633, 0.002365675, 0.0024151935, 0.0024354802, 0.0024681627, 0.0024925359, 0.0025114873, 0.0025196997, 0.0025353609, 0.002551701, 0.0025604784, 0.0025795118, 0.002600389, 0.0026114157, 0.0026339923, 0.0026573527, 0.0026809603, 0.0026929046, 0.0027163469, 0.0027387654, 0.0027494107, 0.0027687058, 0.0027851826, 0.002798178, 0.0028032712, 0.0028105786, 0.0028138638, 0.002814101, 0.0028118563, 0.002806264, 0.0028023047, 0.002791794, 0.0027778223, 0.002760346, 0.0027501972, 0.002727434, 0.0027016136, 0.002687715, 0.002658164, 0.002626531, 0.0025925033, 0.0025745395, 0.0025369534, 0.002497501, 0.0024772142, 0.002436096, 0.0023946022, 0.0023738323, 0.0023325072, 0.0022920216, 0.002253171, 0.0022344554, 0.0021988812, 0.0021653366, 0.0021491374, 0.0021173689, 0.0020857316, 0.0020523404, 0.002034364, 0.0019945751, 0.0019472515, 0.0019200778, 0.0018574854, 0.0017861769, 0.0017223271, 0.0017079042, 0.0017874704, 0.002202189, 0.0025826618, 0, 0, 0, 0, 0, 0, 0, 0, 0, 0, 0, 0, 0, 0, 0, 0, 0, 0, 0, 0, 0, 0, 0, 0, 0, 0, 0, 0, 0, 0, 0, 0, 0, 0, 0, 0, 0, 0, 0, 0, 0, 0, 0, 0, 0, 0, 0, 0, 0, 0, 0, 0, 0, 0, 0, 0, 0, 0, 0, 0, 0, 0, 0, 0, 0, 0, 0, 0, 0, 0
0, 0, 0, 0, 0.002135195, 0.001880021, 0.0018015173, 0.001822564, 0.001915381, 0.0020246306, 0.00212497, 0.0021691706, 0.0022445004, 0.0023027682, 0.0023263001, 0.0023631642, 0.0023893109, 0.0024077378, 0.0024150289, 0.0024274862, 0.0024390584, 0.0024449597, 0.0024577025, 0.0024722128, 0.0024799805, 0.0024970484, 0.0025156324, 0.0025352202, 0.0025452976, 0.0025653315, 0.0025843063, 0.0025930128, 0.0026084243, 0.0026201878, 0.0026281355, 0.002630459, 0.0026318054, 0.0026287066, 0.0026255336, 0.0026163007, 0.0026036282, 0.0025962463, 0.0025796986, 0.0025610414, 0.0025402398, 0.0025292316, 0.0025060591, 0.002481526, 0.0024686803, 0.002441949, 0.0024134105, 0.0023823695, 0.0023657398, 0.0023305109, 0.0022930754, 0.002273902, 0.002235311, 0.0021972053, 0.0021784878, 0.002142237, 0.002108281, 0.0020773632, 0.0020630553, 0.002036691, 0.0020125916, 0.0020009552, 0.0019779364, 0.0019534898, 0.0019262353, 0.0019109041, 0.0018755029, 0.0018318655, 0.0018063006, 0.0017468092, 0.0016784886, 0.0016151025, 0.001597322, 0.0016422106, 0.0018827203, 0.0020434866, 0, 0, 0, 0, 0, 0, 0, 0, 0, 0, 0, 0, 0, 0, 0, 0, 0, 0, 0, 0, 0, 0, 0, 0, 0, 0, 0, 0, 0, 0, 0, 0, 0, 0, 0, 0, 0, 0, 0, 0, 0, 0, 0, 0, 0, 0, 0, 0, 0, 0, 0, 0, 0, 0, 0, 0, 0, 0, 0, 0, 0, 0, 0, 0, 0, 0, 0, 0, 0, 0
0, 0, 0, 0, 0.0023678755, 0.0017693182, 0.0016293188, 0.0016467283, 0.0017448142, 0.0018620504, 0.0019685172, 0.002014798, 0.0020934173, 0.002154586, 0.0021792762, 0.002218867, 0.0022475661, 0.002267966, 0.0022758069, 0.0022879029, 0.0022971814, 0.0023010848, 0.0023086884, 0.0023167317, 0.0023211201, 0.0023313279, 0.0023430088, 0.0023560144, 0.0023627633, 0.0023762018, 0.0023882322, 0.002393391, 0.0024012541, 0.0024052088, 0.0024048467, 0.0024032034, 0.002396773, 0.0023864277, 0.002379882, 0.0023646706, 0.002347282, 0.0023380378, 0.002318982, 0.0022992806, 0.0022792316, 0.0022689307, 0.0022482919, 0.002227361, 0.0022167137, 0.0021945594, 0.002170814, 0.002144644, 0.0021304884, 0.0020999974, 0.0020675466, 0.0020508892, 0.0020177106, 0.0019854517, 0.0019699743, 0.0019407211, 0.0019143752, 0.0018917441, 0.0018815962, 0.0018637202, 0.00184769, 0.0018397513, 0.0018235203, 0.0018048893, 0.0017825412, 0.0017694103, 0.0017379466, 0.0016976992, 0.0016736323, 0.0016164769, 0.0015481621, 0.0014770288, 0.0014480543, 0.0014362356, 0.0015446652, 0.0016321477, 0, 0, 0, 0, 0, 0, 0, 0, 0, 0, 0, 0, 0, 0, 0, 0, 0, 0, 0, 0, 0, 0, 0, 0, 0, 0, 0, 0, 0, 0, 0, 0, 0, 0, 0, 0, 0, 0, 0, 0, 0, 0, 0, 0, 0, 0, 0, 0, 0, 0, 0, 0, 0, 0, 0, 0, 0, 0, 0, 0, 0, 0, 0, 0, 0, 0, 0, 0, 0, 0
0, 0, 0, 0, 0, 0.0015478838, 0.0015046879, 0.0015305615, 0.0016269473, 0.0017349132, 0.0018303535, 0.0018715167, 0.0019413074, 0.0019964343, 0.0020193018, 0.0020572385, 0.0020864261, 0.0021085297, 0.002117044, 0.0021298123, 0.0021375318, 0.0021397981, 0.0021424675, 0.0021434953, 0.0021438703, 0.002145023, 0.002147454, 0.0021509584, 0.002152876, 0.0021565568, 0.0021589263, 0.002159218, 0.002157412, 0.0021519372, 0.0021427, 0.002136932, 0.0021231638, 0.0021070438, 0.0020984185, 0.002079948, 0.002061106, 0.0020519122, 0.002033995, 0.002017094, 0.0020008227, 0.0019929507, 0.0019774411, 0.0019619227, 0.0019539983, 0.0019376423, 0.0019200769, 0.0019002814, 0.0018895426, 0.0018662967, 0.0018413095, 0.0018286383, 0.0018035158, 0.0017793907, 0.0017679329, 0.0017468281, 0.0017287399, 0.0017139432, 0.0017076535, 0.0016969658, 0.0016875465, 0.0016827224, 0.0016720305, 0.0016588761, 0.001641823, 0.0016311437, 0.0016047747, 0.0015697218, 0.0015483146, 0.0014965334, 0.0014329575, 0.0013629793, 0.0013312822, 0.0013009933, 0.0013659607, 0.001425471, 0, 0, 0, 0, 0, 0, 0, 0, 0, 0, 0, 0, 0, 0, 0, 0, 0, 0, 0, 0, 0, 0, 0, 0, 0, 0, 0, 0, 0, 0, 0, 0, 0, 0, 0, 0, 0, 0, 0, 0, 0, 0, 0, 0, 0, 0, 0, 0, 0, 0, 0, 0, 0, 0, 0, 0, 0, 0, 0, 0, 0, 0, 0, 0, 0, 0, 0, 0, 0, 0
0, 0, 0, 0, 0, 0.00162708, 0.0015251748, 0.0015252539, 0.0015787636, 0.0016528198, 0.0017210362, 0.0017507507, 0.0018020753, 0.0018439627, 0.0018620163, 0.0018937363, 0.0019199075, 0.0019407256, 0.001948994, 0.0019606436, 0.001965931, 0.0019663565, 0.0019635125, 0.0019570438, 0.0019530861, 0.0019445319, 0.0019362924, 0.0019287325, 0.0019251931, 0.0019180806, 0.0019102832, 0.0019057656, 0.0018950653, 0.0018818196, 0.001866259, 0.0018578313, 0.0018401524, 0.0018218559, 0.0018126952, 0.0017946629, 0.001777519, 0.0017695423, 0.0017550763, 0.0017424827, 0.00173142, 0.0017263528, 0.0017165082, 0.001706756, 0.0017017463, 0.0016914795, 0.0016803509, 0.0016681618, 0.0016615081, 0.0016473846, 0.0016324339, 0.0016248212, 0.001610022, 0.001595971, 0.0015893524, 0.0015774661, 0.001567873, 0.0015608686, 0.0015581738, 0.0015540266, 0.001550553, 0.0015486814, 0.0015438806, 0.0015366392, 0.0015255598, 0.0015181521, 0.0014985227, 0.0014712979, 0.0014543828, 0.0014131999, 0.0013628005, 0.0013097995, 0.0012885045, 0.0012884623, 0.0014447867, 0.0016422564, 0, 0, 0, 0, 0, 0, 0, 0, 0, 0, 0, 0, 0, 0, 0, 0, 0, 0, 0, 0, 0, 0, 0, 0, 0, 0, 0, 0, 0, 0, 0, 0, 0, 0, 0, 0, 0, 0, 0, 0, 0, 0, 0, 0, 0, 0, 0, 0, 0, 0, 0, 0, 0, 0, 0, 0, 0, 0, 0, 0, 0, 0, 0, 0, 0, 0, 0, 0, 0, 0
0, 0, 0, 0, 0, 0.0018934977, 0.0016340708, 0.0015795205, 0.0015600754, 0.0015882779, 0.0016245742, 0.0016417927, 0.0016727134, 0.001699759, 0.0017121356, 0.0017348061, 0.0017547986, 0.0017711887, 0.0017775509, 0.001785675, 0.0017869421, 0.001785114, 0.0017769922, 0.0017639907, 0.0017561832, 0.0017391958, 0.0017217163, 0.001704666, 0.0016964157, 0.0016803663, 0.0016648574, 0.0016570685, 0.0016409704, 0.0016241801, 0.0016069411, 0.0015982932, 0.0015814068, 0.0015651431, 0.0015574036, 0.0015426597, 0.0015291345, 0.0015230415, 0.0015124268, 0.0015038246, 0.0014970368, 0.0014940357, 0.0014884172, 0.0014831582, 0.0014805011, 0.0014752977, 0.0014703643, 0.0014660166, 0.0014639569, 0.0014600429, 0.001456495, 0.0014548233, 0.0014517688, 0.0014489077, 0.001447754, 0.001446035, 0.0014456866, 0.0014467388, 0.0014477519, 0.0014502859, 0.0014529806, 0.0014540888, 0.0014552675, 0.0014542122, 0.0014495146, 0.0014454909, 0.0014334011, 0.001414971, 0.0014033313, 0.0013749045, 0.001341165, 0.00130922, 0.0012993055, 0.0013177304, 0.0014489623, 0.0015716099, 0, 0, 0, 0, 0, 0, 0, 0, 0, 0, 0, 0, 0, 0, 0, 0, 0, 0, 0, 0, 0, 0, 0, 0, 0, 0, 0, 0, 0, 0, 0, 0, 0, 0, 0, 0, 0, 0, 0, 0, 0, 0, 0, 0, 0, 0, 0, 0, 0, 0, 0, 0, 0, 0, 0, 0, 0, 0, 0, 0, 0, 0, 0, 0, 0, 0, 0, 0, 0, 0
0, 0, 0, 0, 0, 0.0021568772, 0.0016835257, 0.0015807803, 0.0015054864, 0.0015030819, 0.0015197577, 0.0015293459, 0.001547586, 0.0015641232, 0.0015716947, 0.0015859633, 0.0015983602, 0.001608226, 0.0016114437, 0.0016141455, 0.00161086, 0.0016069381, 0.0015948344, 0.0015779127, 0.0015679201, 0.0015463892, 0.001523717, 0.0015013102, 0.0014904364, 0.0014697592, 0.0014506142, 0.0014416147, 0.0014247355, 0.0014092874, 0.001395257, 0.0013887986, 0.0013768503, 0.0013661678, 0.0013611806, 0.0013516623, 0.0013426959, 0.0013386199, 0.0013312518, 0.0013254636, 0.0013210983, 0.0013191778, 0.0013159496, 0.0013132006, 0.0013120635, 0.0013107802, 0.0013110876, 0.0013139229, 0.0013162727, 0.0013222675, 0.0013298655, 0.0013339294, 0.0013425029, 0.0013511, 0.0013554894, 0.0013644269, 0.0013734769, 0.0013827967, 0.0013875151, 0.0013967612, 0.0014053903, 0.0014093026, 0.0014157796, 0.001419591, 0.0014199733, 0.0014186638, 0.0014124102, 0.0014006066, 0.0013928773, 0.0013736981, 0.0013517527, 0.001332594, 0.0013287192, 0.001355582, 0.0015003887, 0.0016644589, 0.0022721004, 0, 0, 0, 0, 0, 0, 0, 0, 0, 0, 0, 0, 0, 0, 0, 0, 0, 0, 0, 0, 0, 0, 0, 0, 0, 0, 0, 0, 0, 0, 0, 0, 0, 0, 0, 0, 0, 0, 0, 0, 0, 0, 0, 0, 0, 0, 0, 0, 0, 0, 0, 0, 0, 0, 0, 0, 0, 0, 0, 0, 0, 0, 0, 0, 0, 0, 0, 0, 0
0, 0, 0, 0, 0, 0.0018418918, 0.001570866, 0.0014758001, 0.0013959847, 0.0013915811, 0.0014084106, 0.001417958, 0.0014346573, 0.001447319, 0.0014523718, 0.0014600941, 0.0014653673, 0.001467686, 0.0014674646, 0.0014640868, 0.0014563514, 0.0014508693, 0.001436737, 0.001418878, 0.001408816, 0.0013871974, 0.0013644941, 0.0013418022, 0.0013309075, 0.0013103717, 0.0012923055, 0.0012842949, 0.0012708579, 0.0012604449, 0.0012528056, 0.0012499145, 0.0012453255, 0.0012417379, 0.0012401805, 0.0012369353, 0.0012332681, 0.0012313676, 0.0012273652, 0.0012237689, 0.0012209639, 0.0012197772, 0.0012178689, 0.0012169483, 0.0012169662, 0.0012187279, 0.0012236218, 0.0012321328, 0.0012378271, 0.001251891, 0.0012684208, 0.0012774025, 0.0012959124, 0.0013146928, 0.0013240643, 0.0013424258, 0.0013601062, 0.0013765974, 0.0013843509, 0.001398765, 0.001411566, 0.0014172236, 0.0014266216, 0.0014330071, 0.0014355298, 0.0014352108, 0.0014308793, 0.001421345, 0.0014146082, 0.0013973968, 0.0013758977, 0.0013534237, 0.0013448508, 0.0013494309, 0.0014342705, 0.0015348975, 0.0018303137, 0, 0, 0, 0, 0, 0, 0, 0, 0, 0, 0, 0, 0, 0, 0, 0, 0, 0, 0, 0, 0, 0, 0, 0, 0, 0, 0, 0, 0, 0, 0, 0, 0, 0, 0, 0, 0, 0, 0, 0, 0, 0, 0, 0, 0, 0, 0, 0, 0, 0, 0, 0, 0, 0, 0, 0, 0, 0, 0, 0, 0, 0, 0, 0, 0, 0, 0, 0, 0
0, 0, 0, 0, 0, 0.00203605, 0.0014905038, 0.001365695, 0.0012823099, 0.0012916148, 0.0013212911, 0.0013354302, 0.0013572245, 0.0013701881, 0.0013737951, 0.0013767644, 0.0013750038, 0.0013696015, 0.0013656483, 0.0013559295, 0.0013439729, 0.0013372828, 0.0013224639, 0.001305938, 0.0012972106, 0.0012789371, 0.0012600978, 0.0012416847, 0.001232848, 0.0012166527, 0.0012033766, 0.00119815, 0.0011907914, 0.0011872374, 0.0011870024, 0.0011878688, 0.0011909162, 0.0011946567, 0.0011965219, 0.0011998555, 0.001202052, 0.0012026507, 0.0012031513, 0.0012030491, 0.0012029008, 0.0012029639, 0.0012033709, 0.0012051037, 0.0012066063, 0.0012115417, 0.0012200152, 0.0012327532, 0.0012408209, 0.0012601953, 0.001282929, 0.0012951486, 0.0013205025, 0.0013466, 0.0013594906, 0.0013845064, 0.0014077115, 0.0014283224, 0.00143756, 0.0014541217, 0.001467682, 0.0014734308, 0.0014826233, 0.0014881904, 0.0014895655, 0.0014884365, 0.0014822151, 0.0014699538, 0.0014614931, 0.0014390523, 0.0014087814, 0.0013706058, 0.0013498227, 0.0013148024, 0.0013228041, 0.0013627795, 0.001516596, 0, 0, 0, 0, 0, 0, 0, 0, 0, 0, 0, 0, 0, 0, 0, 0, 0, 0, 0, 0, 0, 0, 0, 0, 0, 0, 0, 0, 0, 0, 0, 0, 0, 0, 0, 0, 0, 0, 0, 0, 0, 0, 0, 0, 0, 0, 0, 0, 0, 0, 0, 0, 0, 0, 0, 0, 0, 0, 0, 0, 0, 0, 0, 0, 0, 0, 0, 0, 0
0, 0, 0, 0, 0, 0, 0.0013166432, 0.001259779, 0.0012249504, 0.0012532095, 0.0012940515, 0.0013115125, 0.0013364747, 0.0013483715, 0.0013502138, 0.0013475523, 0.0013386322, 0.0013256253, 0.0013181908, 0.0013023068, 0.0012861501, 0.0012782373, 0.0012629912, 0.0012485995, 0.001241667, 0.0012281573, 0.0012152748, 0.0012036784, 0.0011983388, 0.0011894596, 0.0011835571, 0.0011819853, 0.0011820203, 0.001185732, 0.0011923913, 0.0011965232, 0.0012057733, 0.001215706, 0.0012205392, 0.0012298768, 0.0012383002, 0.0012419539, 0.0012483669, 0.0012539579, 0.0012589775, 0.0012614992, 0.0012666516, 0.0012726532, 0.0012762272, 0.0012851625, 0.0012971978, 0.0013131861, 0.0013228208, 0.0013451667, 0.0013711154, 0.0013850572, 0.0014138869, 0.00144301, 0.0014572954, 0.0014843851, 0.0015084948, 0.0015289056, 0.0015375933, 0.0015521509, 0.0015629895, 0.0015673296, 0.0015732243, 0.0015752169, 0.0015728307, 0.001569644, 0.0015590112, 0.0015416961, 0.0015302232, 0.0014999581, 0.0014586746, 0.001404753, 0.0013735859, 0.0013105245, 0.0012768464, 0.0012904974, 0.0013875354, 0, 0, 0, 0, 0, 0, 0, 0, 0, 0, 0, 0, 0, 0, 0, 0, 0, 0, 0, 0, 0, 0, 0, 0, 0, 0, 0, 0, 0, 0, 0, 0, 0, 0, 0, 0, 0, 0, 0, 0, 0, 0, 0, 0, 0, 0, 0, 0, 0, 0, 0, 0, 0, 0, 0, 0, 0, 0, 0, 0, 0, 0, 0, 0, 0, 0, 0, 0, 0
0, 0, 0, 0, 0, 0, 0.0014268918, 0.0013500545, 0.0012872498, 0.0013019372, 0.0013355915, 0.001350363, 0.0013699172, 0.0013760817, 0.0013748071, 0.001365725, 0.0013502453, 0.0013311781, 0.0013209278, 0.0013004224, 0.0012812888, 0.0012725503, 0.0012573035, 0.0012451491, 0.0012400951, 0.0012317452, 0.00122549, 0.0012212882, 0.0012200676, 0.0012195151, 0.0012219802, 0.0012245588, 0.0012320551, 0.0012422552, 0.0012543778, 0.0012609633, 0.0012746044, 0.0012887899, 0.0012959859, 0.0013102739, 0.0013243227, 0.0013312502, 0.0013446455, 0.0013575772, 0.0013698272, 0.0013758541, 0.0013875574, 0.0013995277, 0.0014057191, 0.001419413, 0.0014352, 0.0014541892, 0.0014649618, 0.0014890934, 0.0015159484, 0.0015299813, 0.0015585276, 0.0015863583, 0.0015996129, 0.0016237586, 0.0016440541, 0.0016599647, 0.0016661966, 0.0016757018, 0.0016814573, 0.0016831367, 0.001684038, 0.0016812123, 0.0016741505, 0.00166862, 0.0016533256, 0.0016314375, 0.0016173483, 0.0015818349, 0.0015344319, 0.0014738633, 0.0014393621, 0.0013711912, 0.001342568, 0.0013745531, 0.0016572817, 0, 0, 0, 0, 0, 0, 0, 0, 0, 0, 0, 0, 0, 0, 0, 0, 0, 0, 0, 0, 0, 0, 0, 0, 0, 0, 0, 0, 0, 0, 0, 0, 0, 0, 0, 0, 0, 0, 0, 0, 0, 0, 0, 0, 0, 0, 0, 0, 0, 0, 0, 0, 0, 0, 0, 0, 0, 0, 0, 0, 0, 0, 0, 0, 0, 0, 0, 0, 0
0, 0, 0, 0, 0, 0, 0.0017403595, 0.00159333, 0.001435009, 0.0014029494, 0.001412519, 0.0014191888, 0.0014268344, 0.0014246117, 0.0014203055, 0.0014064756, 0.0013880163, 0.0013669378, 0.0013561301, 0.0013353385, 0.001316803, 0.0013088563, 0.0012960188, 0.0012873597, 0.0012845151, 0.001281597, 0.0012817709, 0.0012848334, 0.0012873297, 0.0012945692, 0.0013045769, 0.0013106127, 0.001324339, 0.0013395133, 0.0013553051, 0.0013632679, 0.0013794244, 0.001395967, 0.0014045688, 0.0014225176, 0.0014413375, 0.0014509794, 0.0014709531, 0.0014911997, 0.0015110136, 0.001520658, 0.0015393373, 0.0015575049, 0.0015665938, 0.0015851395, 0.00160492, 0.0016265922, 0.0016381629, 0.0016626428, 0.0016882336, 0.0017010003, 0.0017257239, 0.0017483884, 0.0017585132, 0.001775861, 0.0017890298, 0.0017977585, 0.0018006103, 0.0018034636, 0.0018033235, 0.0018022521, 0.0017979929, 0.001790603, 0.0017792797, 0.0017719198, 0.001753292, 0.0017288453, 0.0017137928, 0.001677525, 0.0016309568, 0.0015738651, 0.0015421108, 0.001480611, 0.0014519406, 0.0014712145, 0.0016271109, 0, 0, 0, 0, 0, 0, 0, 0, 0, 0, 0, 0, 0, 0, 0, 0, 0, 0, 0, 0, 0, 0, 0, 0, 0, 0, 0, 0, 0, 0, 0, 0, 0, 0, 0, 0, 0, 0, 0, 0, 0, 0, 0, 0, 0, 0, 0, 0, 0, 0, 0, 0, 0, 0, 0, 0, 0, 0, 0, 0, 0, 0, 0, 0, 0, 0, 0, 0, 0
0, 0, 0, 0, 0, 0, 0.002018896, 0.0018800435, 0.0016145277, 0.0014968335, 0.0014652916, 0.0014623686, 0.0014634168, 0.001465105, 0.0014653297, 0.0014643441, 0.0014623783, 0.0014602724, 0.0014594509, 0.0014588856, 0.0014601925, 0.0014617217, 0.0014663457, 0.0014730489, 0.0014771343, 0.001486367, 0.0014970793, 0.0015091507, 0.0015155674, 0.0015295316, 0.0015447892, 0.0015528112, 0.0015695071, 0.0015858389, 0.0016020403, 0.0016099933, 0.0016263464, 0.0016442378, 0.00165406, 0.001675674, 0.0016999701, 0.0017130618, 0.001740583, 0.00176922, 0.0017977379, 0.0018117991, 0.0018390554, 0.0018652463, 0.0018778454, 0.0019019009, 0.0019245008, 0.0019453474, 0.0019549946, 0.001972385, 0.0019870535, 0.0019931449, 0.002002544, 0.0020080325, 0.002009401, 0.0020094693, 0.0020067033, 0.0020014017, 0.0019980636, 0.001990115, 0.0019808915, 0.0019757554, 0.0019642285, 0.0019506083, 0.0019339614, 0.0019243959, 0.001902603, 0.0018772997, 0.001863077, 0.0018309922, 0.0017944912, 0.0017542694, 0.0017337918, 0.0016978977, 0.001693464, 0.0017238916, 0.0019431947, 0.002552696, 0.0029759607, 0, 0, 0, 0, 0, 0, 0, 0, 0, 0, 0, 0, 0, 0, 0, 0, 0, 0, 0, 0, 0, 0, 0, 0, 0, 0, 0, 0, 0, 0, 0, 0, 0, 0, 0, 0, 0, 0, 0, 0, 0, 0, 0, 0, 0, 0, 0, 0, 0, 0, 0, 0, 0, 0, 0, 0, 0, 0, 0, 0, 0, 0, 0, 0, 0, 0, 0
0, 0, 0, 0, 0, 0, 0.0024684407, 0.0021163286, 0.0016220091, 0.001442201, 0.0014079673, 0.0014114026, 0.0014297732, 0.0014503675, 0.0014600547, 0.0014779696, 0.0014948149, 0.0015112599, 0.0015196886, 0.0015365466, 0.0015538516, 0.0015625631, 0.001579644, 0.0015957024, 0.0016034014, 0.0016177247, 0.001630939, 0.0016431472, 0.0016490073, 0.0016605438, 0.0016722397, 0.0016782922, 0.0016907478, 0.0017032353, 0.0017161918, 0.0017230595, 0.0017379026, 0.0017553774, 0.0017652131, 0.0017873176, 0.0018122037, 0.0018256211, 0.0018535281, 0.0018820944, 0.0019103771, 0.001924214, 0.0019509663, 0.0019761347, 0.0019880284, 0.0020096586, 0.0020280872, 0.0020428544, 0.002048644, 0.0020573519, 0.0020625188, 0.0020638476, 0.0020638232, 0.0020608257, 0.0020583712, 0.0020518703, 0.0020440111, 0.0020347917, 0.0020297882, 0.0020192903, 0.002007639, 0.002001491, 0.0019878363, 0.0019717966, 0.001952993, 0.0019424892, 0.0019188465, 0.0018917093, 0.0018768588, 0.0018442351, 0.0018074891, 0.0017667804, 0.001745253, 0.0017029159, 0.0016760763, 0.0016816041, 0.0017839322, 0.0020841407, 0.0022612303, 0, 0, 0, 0, 0, 0, 0, 0, 0, 0, 0, 0, 0, 0, 0, 0, 0, 0, 0, 0, 0, 0, 0, 0, 0, 0, 0, 0, 0, 0, 0, 0, 0, 0, 0, 0, 0, 0, 0, 0, 0, 0, 0, 0, 0, 0, 0, 0, 0, 0, 0, 0, 0, 0, 0, 0, 0, 0, 0, 0, 0, 0, 0, 0, 0, 0, 0
0, 0, 0, 0, 0, 0, 0, 0.0019843813, 0.0015032776, 0.0013441527, 0.0013364429, 0.001352877, 0.0013964373, 0.0014398079, 0.0014602633, 0.0014985729, 0.0015346665, 0.0015693103, 0.0015863024, 0.0016190814, 0.0016504572, 0.0016651384, 0.0016924146, 0.0017158397, 0.0017261339, 0.0017432398, 0.0017565592, 0.0017666635, 0.0017707205, 0.001777464, 0.0017832473, 0.0017861895, 0.0017922146, 0.0017991454, 0.0018078024, 0.0018130585, 0.0018256645, 0.0018416655, 0.0018509125, 0.0018718146, 0.0018952959, 0.0019075854, 0.0019332302, 0.0019585907, 0.0019830493, 0.001994782, 0.0020170193, 0.0020370039, 0.0020459015, 0.0020605975, 0.0020705732, 0.0020755592, 0.0020761234, 0.002074339, 0.002069411, 0.002066151, 0.0020582157, 0.0020490247, 0.0020442512, 0.0020342912, 0.002024129, 0.002013574, 0.0020081627, 0.0019966012, 0.0019838687, 0.0019770598, 0.0019616182, 0.0019436801, 0.0019226598, 0.0019109348, 0.0018845471, 0.0018543884, 0.0018378526, 0.0018012482, 0.0017595799, 0.0017111071, 0.0016841464, 0.0016239966, 0.001561472, 0.0015361664, 0.001530666, 0.001644472, 0.0017347746, 0, 0, 0, 0, 0, 0, 0, 0, 0, 0, 0, 0, 0, 0, 0, 0, 0, 0, 0, 0, 0, 0, 0, 0, 0, 0, 0, 0, 0, 0, 0, 0, 0, 0, 0, 0, 0, 0, 0, 0, 0, 0, 0, 0, 0, 0, 0, 0, 0, 0, 0, 0, 0, 0, 0, 0, 0, 0, 0, 0, 0, 0, 0, 0, 0, 0, 0
0, 0, 0, 0, 0, 0, 0, 0, 0.00137737, 0.0012963084, 0.0013078348, 0.0013319271, 0.0013907801, 0.0014503847, 0.0014789001, 0.001532567, 0.0015828118, 0.0016301182, 0.00165277, 0.0016958627, 0.0017355118, 0.0017537085, 0.0017861484, 0.0018128488, 0.0018240731, 0.0018415742, 0.0018535303, 0.0018605421, 0.0018625396, 0.0018642435, 0.0018641108, 0.0018638162, 0.0018636623, 0.0018650611, 0.0018690386, 0.0018723028, 0.0018814633, 0.0018942378, 0.0019017201, 0.0019187577, 0.0019375962, 0.0019473213, 0.0019668618, 0.0019855823, 0.0020028064, 0.0020106365, 0.002024547, 0.0020353135, 0.0020393257, 0.0020436614, 0.0020427713, 0.0020368241, 0.0020321952, 0.0020208107, 0.002007829, 0.0020012388, 0.0019884259, 0.0019765669, 0.0019710127, 0.0019604864, 0.0019507351, 0.0019409715, 0.0019357349, 0.0019243492, 0.0019114276, 0.0019042866, 0.0018878833, 0.0018687048, 0.0018460708, 0.0018331816, 0.0018044987, 0.0017711421, 0.001752518, 0.0017116914, 0.0016644528, 0.0016090912, 0.0015775323, 0.0015058514, 0.0014260975, 0.0013883489, 0.0013448367, 0.0013972431, 0.0014526392, 0, 0, 0, 0, 0, 0, 0, 0, 0, 0, 0, 0, 0, 0, 0, 0, 0, 0, 0, 0, 0, 0, 0, 0, 0, 0, 0, 0, 0, 0, 0, 0, 0, 0, 0, 0, 0, 0, 0, 0, 0, 0, 0, 0, 0, 0, 0, 0, 0, 0, 0, 0, 0, 0, 0, 0, 0, 0, 0, 0, 0, 0, 0, 0, 0, 0, 0
0, 0, 0, 0, 0, 0, 0, 0, 0.0015596285, 0.001375233, 0.0013425781, 0.0013583415, 0.0014148585, 0.0014800645, 0.0015125462, 0.0015742691, 0.0016317331, 0.0016845663, 0.0017092666, 0.0017554555, 0.0017965703, 0.0018149285, 0.001847317, 0.0018731068, 0.0018835135, 0.0018992745, 0.0019088995, 0.0019129092, 0.0019130958, 0.0019109992, 0.0019066058, 0.0019040061, 0.00189915, 0.0018959773, 0.0018953641, 0.0018962906, 0.0019002589, 0.00190743, 0.0019116509, 0.0019214797, 0.0019320537, 0.0019372808, 0.0019472279, 0.0019559117, 0.001962523, 0.0019651006, 0.0019679014, 0.0019673535, 0.0019656387, 0.0019587749, 0.0019476174, 0.0019326038, 0.0019241737, 0.0019065759, 0.0018898023, 0.001881937, 0.0018679847, 0.0018564183, 0.0018513146, 0.001842516, 0.001834838, 0.0018266002, 0.0018220766, 0.0018118324, 0.0017997229, 0.0017927751, 0.0017770563, 0.0017581555, 0.0017354786, 0.0017225591, 0.0016930009, 0.0016581953, 0.0016388993, 0.001596294, 0.0015476063, 0.0014920234, 0.0014608353, 0.0013930018, 0.0013220296, 0.001291205, 0.0012721327, 0.0014049915, 0.0015838963, 0, 0, 0, 0, 0, 0, 0, 0, 0, 0, 0, 0, 0, 0, 0, 0, 0, 0, 0, 0, 0, 0, 0, 0, 0, 0, 0, 0, 0, 0, 0, 0, 0, 0, 0, 0, 0, 0, 0, 0, 0, 0, 0, 0, 0, 0, 0, 0, 0, 0, 0, 0, 0, 0, 0, 0, 0, 0, 0, 0, 0, 0, 0, 0, 0, 0, 0
0, 0, 0, 0, 0, 0, 0, 0, 0.0018421488, 0.0014844921, 0.0013946759, 0.0013993091, 0.0014489483, 0.0015164887, 0.0015505222, 0.0016157327, 0.0016746531, 0.0017273679, 0.0017512224, 0.0017942834, 0.0018311186, 0.0018473122, 0.0018748447, 0.0018959006, 0.0019041444, 0.001915871, 0.0019218974, 0.0019226555, 0.0019214741, 0.0019166667, 0.001909508, 0.0019056066, 0.001897809, 0.0018909421, 0.0018856626, 0.0018837639, 0.0018812371, 0.0018801811, 0.0018800177, 0.0018797494, 0.0018792431, 0.0018786059, 0.0018764683, 0.0018728995, 0.0018675154, 0.0018640641, 0.001855327, 0.0018437164, 0.0018368183, 0.0018208288, 0.0018021849, 0.0017822167, 0.001772183, 0.0017531432, 0.0017366147, 0.0017295186, 0.0017173563, 0.0017081805, 0.0017044519, 0.0016982624, 0.0016929255, 0.0016870317, 0.0016836128, 0.0016754933, 0.0016656247, 0.0016598452, 0.0016465378, 0.0016303151, 0.0016099857, 0.0015979456, 0.0015703598, 0.0015373662, 0.0015189919, 0.0014790999, 0.0014346695, 0.0013858654, 0.0013597159, 0.001305048, 0.0012526702, 0.0012325274, 0.0012297552, 0.0013339055, 0.0014395542, 0, 0, 0, 0, 0, 0, 0, 0, 0, 0, 0, 0, 0, 0, 0, 0, 0, 0, 0, 0, 0, 0, 0, 0, 0, 0, 0, 0, 0, 0, 0, 0, 0, 0, 0, 0, 0, 0, 0, 0, 0, 0, 0, 0, 0, 0, 0, 0, 0, 0, 0, 0, 0, 0, 0, 0, 0, 0, 0, 0, 0, 0, 0, 0, 0, 0, 0
0, 0, 0, 0, 0, 0, 0, 0, 0.0017446053, 0.001521656, 0.0014262664, 0.0014287011, 0.0014805808, 0.0015528185, 0.0015887959, 0.0016554361, 0.0017130245, 0.0017616632, 0.0017827041, 0.0018190542, 0.0018480393, 0.0018600416, 0.0018792647, 0.0018925843, 0.0018970625, 0.0019022817, 0.0019028373, 0.0018995055, 0.0018966276, 0.0018889697, 0.0018797062, 0.0018746416, 0.0018644853, 0.0018542161, 0.0018438995, 0.0018387528, 0.0018285332, 0.0018182809, 0.0018129683, 0.0018015128, 0.0017892265, 0.001782579, 0.0017684095, 0.0017530657, 0.0017363538, 0.0017275834, 0.0017090747, 0.0016891683, 0.0016787958, 0.001657228, 0.0016353952, 0.0016145544, 0.0016048999, 0.0015878478, 0.0015743057, 0.0015687299, 0.0015599565, 0.0015537449, 0.0015513521, 0.0015479503, 0.0015452512, 0.0015424616, 0.001540693, 0.0015364005, 0.0015306999, 0.0015271258, 0.0015183862, 0.0015062947, 0.0014902055, 0.0014803726, 0.001456982, 0.0014293072, 0.0014137715, 0.0013805546, 0.0013443741, 0.0013058862, 0.0012859923, 0.0012451677, 0.0012079705, 0.0011943943, 0.0011979394, 0.0013026319, 0.0014319379, 0.0019123773, 0, 0, 0, 0, 0, 0, 0, 0, 0, 0, 0, 0, 0, 0, 0, 0, 0, 0, 0, 0, 0, 0, 0, 0, 0, 0, 0, 0, 0, 0, 0, 0, 0, 0, 0, 0, 0, 0, 0, 0, 0, 0, 0, 0, 0, 0, 0, 0, 0, 0, 0, 0, 0, 0, 0, 0, 0, 0, 0, 0, 0, 0, 0, 0, 0, 0
0, 0, 0, 0, 0, 0, 0, 0, 0.0020865428, 0.0016043837, 0.0014607524, 0.0014611614, 0.0015181944, 0.0015957737, 0.0016330455, 0.0016991895, 0.0017529684, 0.0017953612, 0.0018127079, 0.0018405907, 0.001859913, 0.0018668136, 0.0018757664, 0.0018788497, 0.0018785599, 0.0018749122, 0.0018681547, 0.0018588075, 0.0018535516, 0.0018420957, 0.0018297795, 0.0018232862, 0.0018100129, 0.0017955048, 0.001779772, 0.0017714163, 0.0017535914, 0.0017345581, 0.0017245612, 0.0017036956, 0.001681613, 0.0016701674, 0.0016465642, 0.0016223424, 0.0015977606, 0.001585383, 0.0015605508, 0.0015360102, 0.0015240816, 0.001500917, 0.0014794626, 0.0014605562, 0.001452223, 0.0014382937, 0.0014278506, 0.0014238225, 0.0014180198, 0.0014144705, 0.001413398, 0.0014126345, 0.0014134897, 0.001414879, 0.0014156324, 0.0014166103, 0.0014166223, 0.0014158924, 0.0014123977, 0.0014055741, 0.0013946056, 0.0013876385, 0.0013705931, 0.0013502627, 0.0013390229, 0.0013150334, 0.0012890426, 0.0012609148, 0.0012461578, 0.0012148565, 0.0011831927, 0.0011694229, 0.001159047, 0.0012120066, 0.0012849829, 0.0015097754, 0, 0, 0, 0, 0, 0, 0, 0, 0, 0, 0, 0, 0, 0, 0, 0, 0, 0, 0, 0, 0, 0, 0, 0, 0, 0, 0, 0, 0, 0, 0, 0, 0, 0, 0, 0, 0, 0, 0, 0, 0, 0, 0, 0, 0, 0, 0, 0, 0, 0, 0, 0, 0, 0, 0, 0, 0, 0, 0, 0, 0, 0, 0, 0, 0, 0
0, 0, 0, 0, 0, 0, 0, 0, 0, 0.0016037588, 0.0015186024, 0.0015215724, 0.0015775681, 0.0016528406, 0.0016884606, 0.001749965, 0.0017974928, 0.0018327407, 0.0018461887, 0.0018652454, 0.0018753238, 0.001877376, 0.0018758746, 0.0018684955, 0.0018630743, 0.0018500042, 0.0018348796, 0.0018186442, 0.0018103588, 0.0017938365, 0.0017770088, 0.0017684541, 0.001750564, 0.001731334, 0.0017100989, 0.001698799, 0.0016745835, 0.0016490967, 0.0016360296, 0.0016091677, 0.0015816172, 0.0015675857, 0.0015392097, 0.0015105939, 0.0014823138, 0.0014683014, 0.0014413946, 0.0014161321, 0.0014043435, 0.0013822459, 0.0013628099, 0.0013464245, 0.0013393679, 0.0013278194, 0.0013194577, 0.0013163217, 0.0013124093, 0.001311094, 0.0013114136, 0.0013139469, 0.0013188991, 0.0013255567, 0.0013292759, 0.0013363896, 0.0013421132, 0.001343974, 0.0013456226, 0.0013436149, 0.0013380991, 0.0013341997, 0.0013245352, 0.0013129156, 0.0013063313, 0.0012921195, 0.0012757857, 0.001256545, 0.0012452988, 0.0012192349, 0.0011881096, 0.001171898, 0.0011446961, 0.001151733, 0.0011832664, 0.0012963553, 0, 0, 0, 0, 0, 0, 0, 0, 0, 0, 0, 0, 0, 0, 0, 0, 0, 0, 0, 0, 0, 0, 0, 0, 0, 0, 0, 0, 0, 0, 0, 0, 0, 0, 0, 0, 0, 0, 0, 0, 0, 0, 0, 0, 0, 0, 0, 0, 0, 0, 0, 0, 0, 0, 0, 0, 0, 0, 0, 0, 0, 0, 0, 0, 0, 0
0, 0, 0, 0, 0, 0, 0, 0, 0, 0.0018826469, 0.0016742111, 0.0016413912, 0.0016586572, 0.0017160302, 0.0017460656, 0.0017991835, 0.0018403298, 0.0018694748, 0.0018798144, 0.0018924881, 0.0018957042, 0.0018940573, 0.001884778, 0.0018695563, 0.0018603277, 0.0018396685, 0.0018177001, 0.0017954744, 0.0017846251, 0.0017628968, 0.0017413936, 0.0017303865, 0.0017076544, 0.0016834611, 0.0016575397, 0.0016440164, 0.0016158818, 0.0015871031, 0.0015726463, 0.0015439609, 0.0015153583, 0.0015012273, 0.0014727421, 0.0014444311, 0.0014165384, 0.0014028993, 0.001377004, 0.0013535796, 0.0013427676, 0.0013230249, 0.0013060641, 0.0012917342, 0.0012856005, 0.0012751976, 0.0012678074, 0.0012653647, 0.0012627542, 0.0012635738, 0.0012653907, 0.001271737, 0.0012811231, 0.0012928789, 0.0012992461, 0.001311458, 0.0013215555, 0.0013254174, 0.0013306123, 0.0013324894, 0.001331845, 0.0013309753, 0.001328518, 0.0013250174, 0.0013227669, 0.0013172947, 0.0013086626, 0.0012957909, 0.001287132, 0.0012648191, 0.0012359235, 0.0012200605, 0.0011931546, 0.0012058164, 0.0012531049, 0.0015298828, 0, 0, 0, 0, 0, 0, 0, 0, 0, 0, 0, 0, 0, 0, 0, 0, 0, 0, 0, 0, 0, 0, 0, 0, 0, 0, 0, 0, 0, 0, 0, 0, 0, 0, 0, 0, 0, 0, 0, 0, 0, 0, 0, 0, 0, 0, 0, 0, 0, 0, 0, 0, 0, 0, 0, 0, 0, 0, 0, 0, 0, 0, 0, 0, 0, 0
0, 0, 0, 0, 0, 0, 0, 0, 0, 0.0022632582, 0.0018430382, 0.0017607254, 0.0017245198, 0.001759099, 0.0017833908, 0.0018308554, 0.0018697456, 0.0018972884, 0.0019067002, 0.0019176285, 0.0019182839, 0.0019152734, 0.0019034398, 0.0018855807, 0.0018749386, 0.0018516992, 0.0018273114, 0.0018030407, 0.0017909227, 0.0017665013, 0.0017415954, 0.0017288241, 0.0017025316, 0.0016749536, 0.0016462404, 0.0016315036, 0.0016018566, 0.0015727726, 0.0015586202, 0.0015314245, 0.0015053715, 0.0014926839, 0.0014675931, 0.0014425518, 0.0014178789, 0.0014058845, 0.001383276, 0.0013627814, 0.0013534384, 0.0013366159, 0.0013220292, 0.0013095217, 0.0013040685, 0.0012947676, 0.0012882934, 0.0012863446, 0.0012854211, 0.0012887805, 0.0012920613, 0.0013016508, 0.0013148059, 0.0013298333, 0.0013376205, 0.0013521484, 0.001364331, 0.0013690062, 0.0013760508, 0.0013804348, 0.0013835441, 0.0013849606, 0.0013878925, 0.0013902884, 0.0013910674, 0.0013909951, 0.0013868305, 0.0013771915, 0.001369837, 0.0013499417, 0.0013244629, 0.0013108399, 0.0012903475, 0.0013110425, 0.0013615688, 0.0016362432, 0.0022137791, 0, 0, 0, 0, 0, 0, 0, 0, 0, 0, 0, 0, 0, 0, 0, 0, 0, 0, 0, 0, 0, 0, 0, 0, 0, 0, 0, 0, 0, 0, 0, 0, 0, 0, 0, 0, 0, 0, 0, 0, 0, 0, 0, 0, 0, 0, 0, 0, 0, 0, 0, 0, 0, 0, 0, 0, 0, 0, 0, 0, 0, 0, 0, 0, 0
0, 0, 0, 0, 0, 0, 0, 0, 0, 0.0022171705, 0.0019273798, 0.0018218437, 0.0017417403, 0.0017608977, 0.0017844823, 0.0018365836, 0.0018813037, 0.0019140352, 0.0019256179, 0.0019399772, 0.0019440588, 0.0019426014, 0.001933979, 0.0019196507, 0.0019108561, 0.0018915631, 0.0018707252, 0.0018490162, 0.0018377746, 0.0018144313, 0.001789597, 0.0017764699, 0.0017492013, 0.0017208765, 0.0016920153, 0.0016775319, 0.0016492164, 0.0016225916, 0.0016099571, 0.001586422, 0.001564777, 0.0015544902, 0.0015340891, 0.0015140654, 0.0014942065, 0.0014844147, 0.0014659291, 0.0014492029, 0.0014415439, 0.0014277129, 0.0014158956, 0.00140559, 0.00140111, 0.0013938083, 0.0013891708, 0.0013880794, 0.0013892564, 0.0013948036, 0.0013991101, 0.0014108047, 0.0014252093, 0.0014408834, 0.0014484259, 0.0014622707, 0.0014733924, 0.001477758, 0.001484484, 0.0014897014, 0.0014944883, 0.001496921, 0.0015023513, 0.0015068641, 0.0015083867, 0.0015089348, 0.0015045077, 0.0014937884, 0.0014859308, 0.0014653585, 0.0014395396, 0.0014258178, 0.0014019496, 0.0014027699, 0.001427065, 0.0015686338, 0.0018088362, 0, 0, 0, 0, 0, 0, 0, 0, 0, 0, 0, 0, 0, 0, 0, 0, 0, 0, 0, 0, 0, 0, 0, 0, 0, 0, 0, 0, 0, 0, 0, 0, 0, 0, 0, 0, 0, 0, 0, 0, 0, 0, 0, 0, 0, 0, 0, 0, 0, 0, 0, 0, 0, 0, 0, 0, 0, 0, 0, 0, 0, 0, 0, 0, 0
0, 0, 0, 0, 0, 0, 0, 0, 0, 0.002753899, 0.0020650097, 0.0018637206, 0.0017120152, 0.0017289661, 0.0017596156, 0.0018275407, 0.0018859463, 0.0019286666, 0.0019446706, 0.0019669603, 0.0019788095, 0.0019814263, 0.0019814903, 0.0019762109, 0.0019719994, 0.0019616336, 0.0019492005, 0.0019345486, 0.0019261697, 0.0019075837, 0.0018861995, 0.001874605, 0.001849988, 0.0018244046, 0.0017985892, 0.0017858634, 0.00176144, 0.0017391929, 0.0017289884, 0.0017104172, 0.0016938115, 0.0016860339, 0.0016710124, 0.0016562875, 0.0016418927, 0.0016347927, 0.0016211984, 0.0016088219, 0.001603135, 0.001593007, 0.0015842251, 0.0015768573, 0.0015738107, 0.0015692438, 0.0015670196, 0.00156704, 0.0015699993, 0.0015768245, 0.0015815696, 0.0015930922, 0.0016062364, 0.0016192448, 0.0016252584, 0.00163569, 0.0016434637, 0.0016464561, 0.0016509204, 0.0016546564, 0.0016584272, 0.0016602472, 0.0016637985, 0.0016657168, 0.0016654655, 0.0016614498, 0.0016519363, 0.0016358175, 0.0016251853, 0.001599476, 0.0015677941, 0.0015501633, 0.0015134357, 0.0014865751, 0.0014879522, 0.0015743067, 0.0019105091, 0, 0, 0, 0, 0, 0, 0, 0, 0, 0, 0, 0, 0, 0, 0, 0, 0, 0, 0, 0, 0, 0, 0, 0, 0, 0, 0, 0, 0, 0, 0, 0, 0, 0, 0, 0, 0, 0, 0, 0, 0, 0, 0, 0, 0, 0, 0, 0, 0, 0, 0, 0, 0, 0, 0, 0, 0, 0, 0, 0, 0, 0, 0, 0, 0
0, 0, 0, 0, 0, 0, 0, 0, 0, 0, 0.0019918631, 0.0017918359, 0.0016602157, 0.0017032964, 0.0017452991, 0.0018309227, 0.0019015537, 0.0019541727, 0.0019747645, 0.00200672, 0.0020292199, 0.0020374497, 0.0020496717, 0.0020567724, 0.0020588753, 0.0020607377, 0.0020592203, 0.002054097, 0.002049999, 0.002038798, 0.002023781, 0.002015168, 0.0019961772, 0.0019764423, 0.0019566864, 0.0019471078, 0.0019288547, 0.0019127085, 0.0019052379, 0.0018923141, 0.0018811229, 0.0018759947, 0.0018662423, 0.0018571144, 0.0018480512, 0.0018437186, 0.0018354194, 0.0018278639, 0.0018243692, 0.0018180603, 0.0018128183, 0.0018086826, 0.0018070589, 0.0018050553, 0.0018049788, 0.0018057051, 0.0018092686, 0.0018157583, 0.0018197787, 0.0018290561, 0.0018387754, 0.0018475206, 0.0018512189, 0.0018566359, 0.0018598044, 0.00186057, 0.0018610472, 0.001860851, 0.0018601367, 0.0018594356, 0.0018570934, 0.0018515048, 0.0018473829, 0.0018350158, 0.0018167055, 0.0017921317, 0.0017775655, 0.0017433781, 0.0017019844, 0.0016782471, 0.0016251056, 0.0015712483, 0.0015521925, 0.0015699401, 0.0017310182, 0, 0, 0, 0, 0, 0, 0, 0, 0, 0, 0, 0, 0, 0, 0, 0, 0, 0, 0, 0, 0, 0, 0, 0, 0, 0, 0, 0, 0, 0, 0, 0, 0, 0, 0, 0, 0, 0, 0, 0, 0, 0, 0, 0, 0, 0, 0, 0, 0, 0, 0, 0, 0, 0, 0, 0, 0, 0, 0, 0, 0, 0, 0, 0, 0
0, 0, 0, 0, 0, 0, 0, 0, 0, 0, 0.0018338629, 0.0017686768, 0.0017011937, 0.0017429641, 0.001781919, 0.001863648, 0.0019349952, 0.001992913, 0.002017658, 0.0020600904, 0.0020951047, 0.0021103343, 0.0021367632, 0.0021584316, 0.002167767, 0.0021829712, 0.0021936463, 0.0021993187, 0.0022001227, 0.0021978621, 0.002190844, 0.002186208, 0.002174949, 0.0021628318, 0.002150892, 0.0021450392, 0.002134209, 0.002124895, 0.0021207358, 0.0021136806, 0.0021078703, 0.0021051837, 0.0021005396, 0.002096317, 0.002092297, 0.0020903405, 0.0020869246, 0.0020839034, 0.0020824203, 0.002079783, 0.0020775378, 0.0020759285, 0.002075339, 0.002074547, 0.002074934, 0.0020756985, 0.0020784352, 0.0020827283, 0.0020852552, 0.0020910003, 0.0020960958, 0.0020997184, 0.0021008023, 0.0021009224, 0.0020986632, 0.0020966036, 0.0020915447, 0.0020850645, 0.0020768514, 0.002072043, 0.0020602173, 0.0020447222, 0.002035429, 0.0020126484, 0.0019846575, 0.0019510117, 0.0019319193, 0.0018886073, 0.0018367687, 0.0018070636, 0.0017390514, 0.0016650136, 0.0016322052, 0.0016129668, 0.0017685635, 0.0022882663, 0, 0, 0, 0, 0, 0, 0, 0, 0, 0, 0, 0, 0, 0, 0, 0, 0, 0, 0, 0, 0, 0, 0, 0, 0, 0, 0, 0, 0, 0, 0, 0, 0, 0, 0, 0, 0, 0, 0, 0, 0, 0, 0, 0, 0, 0, 0, 0, 0, 0, 0, 0, 0, 0, 0, 0, 0, 0, 0, 0, 0, 0, 0, 0
0, 0, 0, 0, 0, 0, 0, 0, 0, 0, 0.002348105, 0.0021842835, 0.0019221229, 0.0018500359, 0.0018570016, 0.0019061561, 0.0019697682, 0.0020329114, 0.0020627726, 0.0021187903, 0.0021694386, 0.0021927436, 0.002235622, 0.0022734292, 0.0022903054, 0.002320183, 0.0023437582, 0.0023610294, 0.0023670746, 0.0023747776, 0.002376857, 0.0023762959, 0.0023732954, 0.002369075, 0.0023645414, 0.0023624855, 0.0023587218, 0.0023558782, 0.0023547476, 0.0023532973, 0.0023521772, 0.0023516843, 0.002351092, 0.0023505464, 0.0023501653, 0.0023500682, 0.0023500058, 0.0023501546, 0.002350144, 0.0023500735, 0.0023496428, 0.002348788, 0.002348206, 0.0023472148, 0.0023461918, 0.0023459126, 0.0023459601, 0.0023466556, 0.002347234, 0.0023481678, 0.00234817, 0.0023464854, 0.0023446684, 0.0023391952, 0.0023312666, 0.0023261355, 0.0023143755, 0.0022996415, 0.0022823613, 0.002272509, 0.0022503624, 0.0022244644, 0.0022100573, 0.00217786, 0.0021409562, 0.002099024, 0.0020758363, 0.0020241337, 0.001963238, 0.0019288776, 0.0018507745, 0.0017639144, 0.0017221952, 0.0016693047, 0.0017284038, 0.0019278697, 0, 0, 0, 0, 0, 0, 0, 0, 0, 0, 0, 0, 0, 0, 0, 0, 0, 0, 0, 0, 0, 0, 0, 0, 0, 0, 0, 0, 0, 0, 0, 0, 0, 0, 0, 0, 0, 0, 0, 0, 0, 0, 0, 0, 0, 0, 0, 0, 0, 0, 0, 0, 0, 0, 0, 0, 0, 0, 0, 0, 0, 0, 0, 0
0, 0, 0, 0, 0, 0, 0, 0, 0, 0, 0.0031981168, 0.002783032, 0.0021574323, 0.0019198856, 0.0018895405, 0.0019119723, 0.001979909, 0.0020589156, 0.0020983366, 0.002174173, 0.00224439, 0.0022772977, 0.0023385405, 0.0023934182, 0.0024184603, 0.0024631943, 0.002500324, 0.0025296053, 0.0025413532, 0.002559135, 0.0025703493, 0.0025738268, 0.0025783582, 0.0025807605, 0.002582317, 0.002583049, 0.002584688, 0.002586796, 0.0025878728, 0.00259027, 0.0025925497, 0.0025936584, 0.0025954351, 0.0025967082, 0.0025981322, 0.0025987006, 0.002600144, 0.0026014643, 0.002601911, 0.0026024908, 0.002601984, 0.0026003516, 0.0025989572, 0.0025956358, 0.002591513, 0.0025893538, 0.002585056, 0.002580637, 0.0025784392, 0.0025734697, 0.0025674226, 0.002559719, 0.002555026, 0.0025435267, 0.0025293238, 0.0025209342, 0.0025017778, 0.002479106, 0.0024532422, 0.0024389825, 0.0024079077, 0.0023734341, 0.0023549185, 0.0023152367, 0.0022713027, 0.0022223657, 0.0021955406, 0.0021362535, 0.0020682183, 0.002030192, 0.001946905, 0.0018563803, 0.0018128111, 0.0017534024, 0.0018099404, 0.0021647837, 0.0024973408, 0, 0, 0, 0, 0, 0, 0, 0, 0, 0, 0, 0, 0, 0, 0, 0, 0, 0, 0, 0, 0, 0, 0, 0, 0, 0, 0, 0, 0, 0, 0, 0, 0, 0, 0, 0, 0, 0, 0, 0, 0, 0, 0, 0, 0, 0, 0, 0, 0, 0, 0, 0, 0, 0, 0, 0, 0, 0, 0, 0, 0, 0, 0
0, 0, 0, 0, 0, 0, 0, 0, 0, 0, 0, 0.002854668, 0.00216484, 0.0018612264, 0.0018252844, 0.0018652444, 0.0019637118, 0.0020725075, 0.0021255258, 0.0022258935, 0.0023176214, 0.0023604496, 0.0024399953, 0.0025115395, 0.0025441218, 0.0026029688, 0.0026525534, 0.0026931295, 0.002709888, 0.0027371296, 0.0027566152, 0.0027640143, 0.0027747585, 0.0027821322, 0.0027879567, 0.0027905651, 0.0027953833, 0.0027999785, 0.0028021927, 0.0028063888, 0.0028099595, 0.002811549, 0.0028138636, 0.002815142, 0.0028160238, 0.002816375, 0.0028168233, 0.0028170971, 0.002816903, 0.0028160647, 0.0028135509, 0.0028091192, 0.0028062472, 0.0027989221, 0.0027903304, 0.0027855514, 0.0027754472, 0.002764484, 0.0027587144, 0.0027465608, 0.0027331882, 0.0027184165, 0.0027104067, 0.0026925358, 0.002671957, 0.0026605204, 0.0026352187, 0.002606272, 0.002574114, 0.002556843, 0.0025198997, 0.0024800175, 0.0024588665, 0.0024138724, 0.0023644622, 0.002309278, 0.0022791738, 0.0022131123, 0.0021385984, 0.0020981345, 0.0020112882, 0.0019202728, 0.0018768413, 0.0018158391, 0.0018631245, 0.0021951068, 0.0025307217, 0, 0, 0, 0, 0, 0, 0, 0, 0, 0, 0, 0, 0, 0, 0, 0, 0, 0, 0, 0, 0, 0, 0, 0, 0, 0, 0, 0, 0, 0, 0, 0, 0, 0, 0, 0, 0, 0, 0, 0, 0, 0, 0, 0, 0, 0, 0, 0, 0, 0, 0, 0, 0, 0, 0, 0, 0, 0, 0, 0, 0, 0, 0
0, 0, 0, 0, 0, 0, 0, 0, 0, 0, 0, 0, 0.002015164, 0.0017461412, 0.001733603, 0.0018187794, 0.0019548454, 0.002093458, 0.002159057, 0.0022808588, 0.0023909407, 0.0024418335, 0.002536162, 0.0026205722, 0.0026589856, 0.0027281404, 0.002787043, 0.0028357578, 0.0028564562, 0.002891067, 0.0029172201, 0.0029274984, 0.0029436222, 0.0029552344, 0.0029641227, 0.0029677646, 0.002974146, 0.002979436, 0.0029817498, 0.002985867, 0.0029888009, 0.002989708, 0.002990385, 0.0029897124, 0.0029878232, 0.0029867194, 0.0029841275, 0.0029810164, 0.0029793319, 0.0029749891, 0.0029688529, 0.00296042, 0.0029553366, 0.0029431921, 0.0029288835, 0.002920997, 0.0029040617, 0.002885572, 0.0028758105, 0.0028555354, 0.0028345902, 0.0028127087, 0.0028013971, 0.0027775145, 0.0027518354, 0.0027379647, 0.0027081533, 0.002675911, 0.0026405542, 0.0026219443, 0.0025825596, 0.00253991, 0.0025172746, 0.002468757, 0.0024148843, 0.002354586, 0.0023215006, 0.0022497338, 0.002169842, 0.002126886, 0.0020357873, 0.0019392534, 0.0018910104, 0.0018065758, 0.001780118, 0.0019047264, 0.002045877, 0, 0, 0, 0, 0, 0, 0, 0, 0, 0, 0, 0, 0, 0, 0, 0, 0, 0, 0, 0, 0, 0, 0, 0, 0, 0, 0, 0, 0, 0, 0, 0, 0, 0, 0, 0, 0, 0, 0, 0, 0, 0, 0, 0, 0, 0, 0, 0, 0, 0, 0, 0, 0, 0, 0, 0, 0, 0, 0, 0, 0, 0, 0
0, 0, 0, 0, 0, 0, 0, 0, 0, 0, 0, 0, 0.0018445487, 0.0017506522, 0.0017527285, 0.0018443863, 0.0019876743, 0.0021374593, 0.0022088678, 0.0023424195, 0.0024626334, 0.0025180653, 0.0026199978, 0.0027106719, 0.002751897, 0.0028257435, 0.0028887922, 0.0029414895, 0.0029643024, 0.0030030587, 0.0030336047, 0.0030462479, 0.003066821, 0.0030825897, 0.0030945106, 0.003099263, 0.003106632, 0.0031119343, 0.003113865, 0.0031162663, 0.0031166438, 0.0031160181, 0.00311292, 0.0031081846, 0.0031019081, 0.0030983398, 0.0030906643, 0.003082675, 0.0030784516, 0.003069176, 0.0030583309, 0.0030450257, 0.0030376818, 0.0030203713, 0.003000334, 0.0029894633, 0.002966003, 0.002940378, 0.0029269175, 0.0028997445, 0.002871993, 0.002844694, 0.002831039, 0.0028031352, 0.002774463, 0.0027595523, 0.0027280776, 0.0026946375, 0.0026588743, 0.0026400033, 0.0025998016, 0.00255603, 0.002532437, 0.002481816, 0.002425099, 0.002361711, 0.0023269108, 0.0022516286, 0.0021684454, 0.0021237344, 0.0020285826, 0.0019247325, 0.001869954, 0.001759756, 0.001670939, 0.0016617989, 0.0017061812, 0, 0, 0, 0, 0, 0, 0, 0, 0, 0, 0, 0, 0, 0, 0, 0, 0, 0, 0, 0, 0, 0, 0, 0, 0, 0, 0, 0, 0, 0, 0, 0, 0, 0, 0, 0, 0, 0, 0, 0, 0, 0, 0, 0, 0, 0, 0, 0, 0, 0, 0, 0, 0, 0, 0, 0, 0, 0, 0, 0, 0, 0, 0
0, 0, 0, 0, 0, 0, 0, 0, 0, 0, 0, 0, 0.0023494107, 0.002041191, 0.0019553455, 0.001945641, 0.0020530734, 0.002194861, 0.0022663933, 0.002402185, 0.002524212, 0.0025801454, 0.002682086, 0.0027716574, 0.0028122666, 0.0028847775, 0.0029469, 0.0029995304, 0.0030224198, 0.003062664, 0.003095686, 0.0031098824, 0.0031342837, 0.0031541896, 0.0031694986, 0.003175504, 0.0031844052, 0.0031891477, 0.0031902343, 0.003189725, 0.003186058, 0.0031830121, 0.0031748745, 0.0031644134, 0.003152267, 0.0031457704, 0.003132309, 0.0031182156, 0.003111062, 0.0030962466, 0.0030802814, 0.0030626222, 0.0030529501, 0.003031498, 0.00300742, 0.0029944074, 0.0029662824, 0.0029361288, 0.002920538, 0.002889075, 0.002858142, 0.0028282255, 0.0028137239, 0.0027850277, 0.0027558522, 0.0027409452, 0.0027101121, 0.0026773093, 0.0026417994, 0.002622879, 0.002582578, 0.0025382722, 0.0025143975, 0.0024629626, 0.0024057624, 0.0023421182, 0.0023075726, 0.0022327171, 0.0021500592, 0.002105478, 0.002009767, 0.001904475, 0.0018485095, 0.0017347992, 0.0016431736, 0.0016553437, 0.0017530262, 0.0022488027, 0, 0, 0, 0, 0, 0, 0, 0, 0, 0, 0, 0, 0, 0, 0, 0, 0, 0, 0, 0, 0, 0, 0, 0, 0, 0, 0, 0, 0, 0, 0, 0, 0, 0, 0, 0, 0, 0, 0, 0, 0, 0, 0, 0, 0, 0, 0, 0, 0, 0, 0, 0, 0, 0, 0, 0, 0, 0, 0, 0, 0, 0
0, 0, 0, 0, 0, 0, 0, 0, 0, 0, 0, 0, 0.003170504, 0.0023857001, 0.0021618397, 0.0020259228, 0.0021020547, 0.0022398352, 0.0023116814, 0.0024462538, 0.002564702, 0.0026179478, 0.0027137524, 0.0027968907, 0.0028343226, 0.0029016603, 0.0029595993, 0.0030096625, 0.0030320138, 0.0030718856, 0.0031061505, 0.0031216256, 0.0031493022, 0.0031724917, 0.0031905982, 0.0031974684, 0.0032067937, 0.0032103073, 0.0032099804, 0.0032053036, 0.0031963026, 0.003190482, 0.0031764149, 0.0031602376, 0.0031424535, 0.0031331764, 0.0031140363, 0.003094624, 0.0030847713, 0.003064851, 0.0030446397, 0.00302374, 0.0030128532, 0.0029897057, 0.0029642957, 0.0029508732, 0.0029219696, 0.0028911887, 0.0028753323, 0.0028437823, 0.0028132133, 0.0027840638, 0.0027700728, 0.0027426544, 0.0027154074, 0.002701447, 0.0026722604, 0.0026405416, 0.0026055898, 0.002586931, 0.0025463968, 0.0025018486, 0.0024782822, 0.0024278585, 0.0023728802, 0.0023125696, 0.002280099, 0.0022098524, 0.00213166, 0.0020893845, 0.0019976348, 0.0018971954, 0.0018443054, 0.0017397063, 0.0016613826, 0.0016880118, 0.0017902836, 0.0023000678, 0, 0, 0, 0, 0, 0, 0, 0, 0, 0, 0, 0, 0, 0, 0, 0, 0, 0, 0, 0, 0, 0, 0, 0, 0, 0, 0, 0, 0, 0, 0, 0, 0, 0, 0, 0, 0, 0, 0, 0, 0, 0, 0, 0, 0, 0, 0, 0, 0, 0, 0, 0, 0, 0, 0, 0, 0, 0, 0, 0, 0, 0
0, 0, 0, 0, 0, 0, 0, 0, 0, 0, 0, 0, 0, 0.0023789846, 0.002151112, 0.002027672, 0.0021193644, 0.002264586, 0.0023364092, 0.0024662942, 0.0025763756, 0.0026249578, 0.002711811, 0.002787047, 0.0028209658, 0.0028824296, 0.002936339, 0.0029838276, 0.0030053789, 0.0030449668, 0.0030801822, 0.0030963842, 0.0031256082, 0.0031502994, 0.003168949, 0.0031755266, 0.003183301, 0.0031833013, 0.0031807662, 0.0031709825, 0.0031563276, 0.003147677, 0.0031285945, 0.0031078937, 0.0030863446, 0.003075383, 0.0030529676, 0.0030300985, 0.0030185776, 0.0029958552, 0.0029738746, 0.002952568, 0.0029417758, 0.0029198835, 0.0028968987, 0.0028846222, 0.002858772, 0.0028312355, 0.0028170177, 0.0027885851, 0.0027607502, 0.0027342588, 0.0027215418, 0.002696515, 0.0026713873, 0.002658434, 0.0026309553, 0.0026005236, 0.0025665371, 0.0025479759, 0.0025083288, 0.0024651403, 0.002442588, 0.0023952448, 0.002344737, 0.002290526, 0.002261512, 0.0021984032, 0.0021274078, 0.002088528, 0.002003578, 0.0019094477, 0.001859671, 0.0017582679, 0.0016695965, 0.0016387219, 0.0016715861, 0.0018867808, 0, 0, 0, 0, 0, 0, 0, 0, 0, 0, 0, 0, 0, 0, 0, 0, 0, 0, 0, 0, 0, 0, 0, 0, 0, 0, 0, 0, 0, 0, 0, 0, 0, 0, 0, 0, 0, 0, 0, 0, 0, 0, 0, 0, 0, 0, 0, 0, 0, 0, 0, 0, 0, 0, 0, 0, 0, 0, 0, 0, 0, 0
0, 0, 0, 0, 0, 0, 0, 0, 0, 0, 0, 0, 0, 0.0021851973, 0.0021182979, 0.002072084, 0.002156532, 0.0022829275, 0.0023452514, 0.0024584762, 0.0025558968, 0.0025997804, 0.0026790164, 0.0027489786, 0.002781109, 0.0028397895, 0.0028921717, 0.002939053, 0.002960614, 0.0030005486, 0.0030362678, 0.0030527127, 0.0030821336, 0.0031053238, 0.003121247, 0.0031261719, 0.0031295994, 0.003124497, 0.0031192887, 0.0031042472, 0.0030850961, 0.003074457, 0.0030526747, 0.0030306615, 0.0030089116, 0.002997881, 0.0029756404, 0.0029528302, 0.002941536, 0.002919546, 0.0028990298, 0.0028801225, 0.002871187, 0.0028536366, 0.0028354719, 0.0028258502, 0.0028051469, 0.00278259, 0.002770732, 0.002746469, 0.0027220966, 0.0026980606, 0.0026863685, 0.0026631923, 0.002639662, 0.002627497, 0.0026016063, 0.0025725493, 0.0025401865, 0.0025227075, 0.0024853405, 0.0024455916, 0.0024249898, 0.0023824386, 0.0023379456, 0.0022905557, 0.0022652773, 0.0022099384, 0.0021467928, 0.0021116985, 0.002034419, 0.0019470253, 0.0018997585, 0.001798112, 0.0016927617, 0.0016063419, 0.0015864396, 0.0016361509, 0, 0, 0, 0, 0, 0, 0, 0, 0, 0, 0, 0, 0, 0, 0, 0, 0, 0, 0, 0, 0, 0, 0, 0, 0, 0, 0, 0, 0, 0, 0, 0, 0, 0, 0, 0, 0, 0, 0, 0, 0, 0, 0, 0, 0, 0, 0, 0, 0, 0, 0, 0, 0, 0, 0, 0, 0, 0, 0, 0, 0, 0
0, 0, 0, 0, 0, 0, 0, 0, 0, 0, 0, 0, 0, 0.002757508, 0.0025724424, 0.002290831, 0.0022321565, 0.0022850898, 0.0023262934, 0.0024150587, 0.002501987, 0.0025435223, 0.0026214013, 0.0026927667, 0.002725863, 0.0027871565, 0.0028421003, 0.0028914066, 0.0029139589, 0.002955412, 0.0029917806, 0.0030078199, 0.0030352594, 0.0030552368, 0.0030667437, 0.0030690425, 0.0030667982, 0.0030566407, 0.0030491732, 0.003030715, 0.0030098758, 0.0029992147, 0.0029787242, 0.0029593052, 0.0029410177, 0.0029319762, 0.0029137055, 0.0028949548, 0.0028856283, 0.0028677946, 0.002851562, 0.002837532, 0.0028312113, 0.002819002, 0.0028061888, 0.0027992027, 0.0027837527, 0.0027659088, 0.002756073, 0.0027352588, 0.002713158, 0.0026908552, 0.002679567, 0.0026572382, 0.0026347882, 0.0026231597, 0.002598779, 0.002572003, 0.0025422114, 0.0025263543, 0.0024927945, 0.0024574262, 0.0024391809, 0.0024017203, 0.0023627777, 0.0023213255, 0.0022990536, 0.0022502316, 0.0021940635, 0.0021628821, 0.0020940306, 0.002015777, 0.0019729561, 0.0018796518, 0.0017798946, 0.001696775, 0.0016824298, 0.0018073458, 0.0023360185, 0, 0, 0, 0, 0, 0, 0, 0, 0, 0, 0, 0, 0, 0, 0, 0, 0, 0, 0, 0, 0, 0, 0, 0, 0, 0, 0, 0, 0, 0, 0, 0, 0, 0, 0, 0, 0, 0, 0, 0, 0, 0, 0, 0, 0, 0, 0, 0, 0, 0, 0, 0, 0, 0, 0, 0, 0, 0, 0, 0, 0
0, 0, 0, 0, 0, 0, 0, 0, 0, 0, 0, 0, 0, 0.003721182, 0.0032318565, 0.0025112515, 0.0022474846, 0.0022218898, 0.0022476136, 0.0023277928, 0.0024187576, 0.0024641298, 0.0025508811, 0.0026311558, 0.0026686145, 0.0027377175, 0.0027993983, 0.0028538073, 0.0028785516, 0.002922809, 0.0029600703, 0.0029759607, 0.00300134, 0.0030179587, 0.0030251408, 0.0030254654, 0.0030194486, 0.003007102, 0.0029989542, 0.002980942, 0.0029626454, 0.0029539396, 0.0029384245, 0.0029253445, 0.0029135854, 0.0029078394, 0.0028962628, 0.0028838315, 0.0028777467, 0.0028656982, 0.0028550085, 0.0028459139, 0.0028417034, 0.0028337368, 0.0028247444, 0.002819601, 0.0028072037, 0.0027924397, 0.0027841146, 0.0027656727, 0.0027453094, 0.0027237253, 0.0027128286, 0.0026911763, 0.0026695956, 0.0026585448, 0.0026359893, 0.0026114436, 0.0025844472, 0.0025702764, 0.0025402957, 0.0025086852, 0.0024924108, 0.002458629, 0.0024229474, 0.0023845336, 0.002363915, 0.0023191257, 0.0022684245, 0.002240462, 0.0021796345, 0.0021121337, 0.0020757362, 0.0019983884, 0.0019206698, 0.0018672757, 0.0018710698, 0.0020318038, 0.0025788397, 0.002986551, 0, 0, 0, 0, 0, 0, 0, 0, 0, 0, 0, 0, 0, 0, 0, 0, 0, 0, 0, 0, 0, 0, 0, 0, 0, 0, 0, 0, 0, 0, 0, 0, 0, 0, 0, 0, 0, 0, 0, 0, 0, 0, 0, 0, 0, 0, 0, 0, 0, 0, 0, 0, 0, 0, 0, 0, 0, 0, 0, 0
0, 0, 0, 0, 0, 0, 0, 0, 0, 0, 0, 0, 0, 0, 0.0032659152, 0.002461686, 0.0021129628, 0.0020772752, 0.0021112696, 0.002214697, 0.0023285057, 0.0023837243, 0.0024877405, 0.00258249, 0.002626331, 0.0027068912, 0.0027779143, 0.002839794, 0.0028673697, 0.0029158841, 0.0029552237, 0.0029713532, 0.0029963513, 0.0030119661, 0.0030182432, 0.0030182025, 0.0030130907, 0.003002987, 0.0029968454, 0.0029838507, 0.0029720077, 0.0029670114, 0.0029592316, 0.0029540178, 0.002949923, 0.0029480376, 0.002943385, 0.0029376573, 0.0029345218, 0.0029276365, 0.0029212348, 0.002914909, 0.0029117314, 0.002904952, 0.002896907, 0.002892088, 0.002880739, 0.002867291, 0.0028596695, 0.0028431984, 0.0028246734, 0.0028048358, 0.0027945237, 0.0027740537, 0.002753707, 0.0027434176, 0.0027221087, 0.0026989318, 0.0026736604, 0.0026602198, 0.002631723, 0.0026013101, 0.0025853706, 0.0025516988, 0.002515759, 0.0024768761, 0.0024561074, 0.0024116775, 0.0023624764, 0.00233613, 0.0022798935, 0.002219327, 0.002187424, 0.0021209305, 0.002055199, 0.0020094183, 0.0020091692, 0.0021223815, 0.0025476047, 0.0029332468, 0, 0, 0, 0, 0, 0, 0, 0, 0, 0, 0, 0, 0, 0, 0, 0, 0, 0, 0, 0, 0, 0, 0, 0, 0, 0, 0, 0, 0, 0, 0, 0, 0, 0, 0, 0, 0, 0, 0, 0, 0, 0, 0, 0, 0, 0, 0, 0, 0, 0, 0, 0, 0, 0, 0, 0, 0, 0, 0, 0
0, 0, 0, 0, 0, 0, 0, 0, 0, 0, 0, 0, 0, 0, 0, 0.0022339842, 0.0019221995, 0.0019343401, 0.0019899101, 0.0021291238, 0.002269614, 0.0023358809, 0.0024583307, 0.0025684538, 0.0026190558, 0.0027116952, 0.002793094, 0.0028631366, 0.0028941305, 0.0029479703, 0.00299101, 0.0030086937, 0.0030364085, 0.0030547162, 0.0030647286, 0.0030669053, 0.0030677258, 0.0030650531, 0.0030629376, 0.0030585646, 0.0030557844, 0.0030552074, 0.003055906, 0.003058279, 0.0030609316, 0.0030619425, 0.003062912, 0.003061636, 0.0030602503, 0.0030565672, 0.0030513133, 0.003044857, 0.0030411682, 0.0030324743, 0.003022403, 0.0030167708, 0.0030044594, 0.0029913555, 0.002984394, 0.002969737, 0.0029535403, 0.0029360885, 0.002926914, 0.0029080715, 0.00288894, 0.0028788454, 0.0028577435, 0.00283431, 0.0028079464, 0.0027939023, 0.0027635568, 0.0027305377, 0.0027130544, 0.0026756763, 0.0026353176, 0.002591777, 0.0025688459, 0.0025200278, 0.002467661, 0.002440083, 0.0023817725, 0.0023193916, 0.0022861583, 0.0022148388, 0.0021375834, 0.002060299, 0.0020287456, 0.0020155746, 0.0021570385, 0.0023107617, 0, 0, 0, 0, 0, 0, 0, 0, 0, 0, 0, 0, 0, 0, 0, 0, 0, 0, 0, 0, 0, 0, 0, 0, 0, 0, 0, 0, 0, 0, 0, 0, 0, 0, 0, 0, 0, 0, 0, 0, 0, 0, 0, 0, 0, 0, 0, 0, 0, 0, 0, 0, 0, 0, 0, 0, 0, 0, 0, 0
0, 0, 0, 0, 0, 0, 0, 0, 0, 0, 0, 0, 0, 0, 0, 0.0019881774, 0.0018831498, 0.0019183097, 0.0019763762, 0.0021227219, 0.0022748846, 0.0023476225, 0.0024835512, 0.002606343, 0.002662941, 0.0027663142, 0.002857027, 0.0029352491, 0.0029695542, 0.0030294973, 0.003078184, 0.0030985242, 0.0031321584, 0.0031568625, 0.0031745431, 0.0031812163, 0.0031917975, 0.0031996635, 0.00320293, 0.0032094019, 0.0032161146, 0.0032198285, 0.0032277652, 0.0032359727, 0.0032431253, 0.0032460778, 0.0032496015, 0.0032502098, 0.0032494653, 0.0032457404, 0.003239283, 0.0032301778, 0.0032247922, 0.0032122266, 0.0031984337, 0.0031911845, 0.0031766084, 0.0031626914, 0.0031559463, 0.0031423257, 0.003128078, 0.0031123299, 0.0031040143, 0.0030861013, 0.0030667826, 0.0030562596, 0.0030335984, 0.0030075035, 0.0029777738, 0.0029616416, 0.00292648, 0.002887601, 0.0028668877, 0.0028224394, 0.0027742805, 0.002722332, 0.0026950513, 0.0026378767, 0.0025769798, 0.0025450327, 0.0024778852, 0.0024047282, 0.0023651293, 0.0022772476, 0.0021749504, 0.0020558753, 0.001992552, 0.0018787632, 0.0018440678, 0.0018811629, 0, 0, 0, 0, 0, 0, 0, 0, 0, 0, 0, 0, 0, 0, 0, 0, 0, 0, 0, 0, 0, 0, 0, 0, 0, 0, 0, 0, 0, 0, 0, 0, 0, 0, 0, 0, 0, 0, 0, 0, 0, 0, 0, 0, 0, 0, 0, 0, 0, 0, 0, 0, 0, 0, 0, 0, 0, 0, 0, 0
0, 0, 0, 0, 0, 0, 0, 0, 0, 0, 0, 0, 0, 0, 0, 0.0025288817, 0.0021963406, 0.002070258, 0.0020856645, 0.0021952689, 0.0023439967, 0.0024197083, 0.0025655099, 0.002698581, 0.0027599947, 0.0028723194, 0.002970816, 0.003056203, 0.0030940846, 0.003160825, 0.0032165996, 0.0032407623, 0.0032825677, 0.003316504, 0.0033446434, 0.0033568875, 0.0033787072, 0.0033981965, 0.0034070942, 0.0034238787, 0.0034393007, 0.0034466262, 0.003459979, 0.0034718474, 0.0034810316, 0.0034843504, 0.0034882675, 0.0034885395, 0.0034873479, 0.003481949, 0.0034728888, 0.003460394, 0.0034531655, 0.0034366234, 0.003418561, 0.003409335, 0.0033916042, 0.0033750113, 0.00336722, 0.0033518984, 0.0033366971, 0.0033201014, 0.0033111258, 0.0032917224, 0.0032700542, 0.0032581047, 0.003231887, 0.0032016244, 0.0031670213, 0.003148015, 0.0031065794, 0.0030605348, 0.0030355807, 0.002982268, 0.0029241547, 0.0028617717, 0.002828876, 0.0027604902, 0.002687799, 0.0026497177, 0.0025696913, 0.0024823726, 0.0024350847, 0.0023303765, 0.0022088885, 0.0020688022, 0.0019948487, 0.0018619641, 0.0018352544, 0.0019220593, 0.0024332008, 0, 0, 0, 0, 0, 0, 0, 0, 0, 0, 0, 0, 0, 0, 0, 0, 0, 0, 0, 0, 0, 0, 0, 0, 0, 0, 0, 0, 0, 0, 0, 0, 0, 0, 0, 0, 0, 0, 0, 0, 0, 0, 0, 0, 0, 0, 0, 0, 0, 0, 0, 0, 0, 0, 0, 0, 0, 0, 0
0, 0, 0, 0, 0, 0, 0, 0, 0, 0, 0, 0, 0, 0, 0, 0.003449942, 0.0026166008, 0.002251702, 0.0022177564, 0.0022950617, 0.002447547, 0.0025293806, 0.0026867965, 0.002830052, 0.0028958584, 0.0030156423, 0.0031212005, 0.0032133474, 0.0032547268, 0.003329359, 0.003393932, 0.0034228857, 0.0034743226, 0.003519107, 0.0035583703, 0.0035762854, 0.0036094165, 0.003639497, 0.0036534301, 0.0036789784, 0.003701326, 0.003711286, 0.0037283862, 0.0037418522, 0.0037512786, 0.0037542311, 0.0037570244, 0.003755609, 0.0037534481, 0.0037460136, 0.0037346845, 0.0037198698, 0.0037111863, 0.0036917438, 0.0036702047, 0.0036589897, 0.0036368757, 0.003615506, 0.0036051194, 0.0035847826, 0.0035639394, 0.003542016, 0.0035304814, 0.003506055, 0.0034793564, 0.0034650601, 0.0034336697, 0.0033984834, 0.003358503, 0.0033365563, 0.0032887359, 0.0032352349, 0.0032062896, 0.0031438337, 0.0030759086, 0.0030029174, 0.002964613, 0.0028846373, 0.0028002057, 0.0027561667, 0.0026639618, 0.0025646777, 0.0025116252, 0.0023972336, 0.002269964, 0.0021309974, 0.0020607805, 0.0019417404, 0.0019281209, 0.0020139143, 0.00251436, 0, 0, 0, 0, 0, 0, 0, 0, 0, 0, 0, 0, 0, 0, 0, 0, 0, 0, 0, 0, 0, 0, 0, 0, 0, 0, 0, 0, 0, 0, 0, 0, 0, 0, 0, 0, 0, 0, 0, 0, 0, 0, 0, 0, 0, 0, 0, 0, 0, 0, 0, 0, 0, 0, 0, 0, 0, 0, 0
0, 0, 0, 0, 0, 0, 0, 0, 0, 0, 0, 0, 0, 0, 0, 0, 0.0027142959, 0.002337676, 0.002303405, 0.0023926506, 0.0025627431, 0.0026527476, 0.0028230497, 0.0029756294, 0.0030450402, 0.0031722407, 0.0032848036, 0.003384951, 0.0034309328, 0.0035150582, 0.00358982, 0.0036240607, 0.0036865969, 0.0037421272, 0.0037920098, 0.0038150577, 0.0038579395, 0.003896645, 0.0039144293, 0.00394646, 0.00397343, 0.003985094, 0.0040044, 0.004018281, 0.004026832, 0.004029111, 0.0040305825, 0.004027452, 0.004024491, 0.004015689, 0.0040033846, 0.003987595, 0.003978422, 0.003957452, 0.00393358, 0.003920761, 0.003893868, 0.0038660283, 0.0038519285, 0.003822803, 0.0037928093, 0.0037619672, 0.003746149, 0.0037136832, 0.0036797083, 0.0036621126, 0.0036248039, 0.003583975, 0.0035387415, 0.0035140992, 0.0034601633, 0.0033996524, 0.0033670168, 0.0032967383, 0.0032203358, 0.0031384255, 0.003095701, 0.003006741, 0.0029134976, 0.0028650796, 0.002764916, 0.002658763, 0.00260325, 0.0024866387, 0.0023618664, 0.002230924, 0.002165542, 0.0020483176, 0.0019912168, 0.002011698, 0.0021990018, 0, 0, 0, 0, 0, 0, 0, 0, 0, 0, 0, 0, 0, 0, 0, 0, 0, 0, 0, 0, 0, 0, 0, 0, 0, 0, 0, 0, 0, 0, 0, 0, 0, 0, 0, 0, 0, 0, 0, 0, 0, 0, 0, 0, 0, 0, 0, 0, 0, 0, 0, 0, 0, 0, 0, 0, 0, 0, 0
0, 0, 0, 0, 0, 0, 0, 0, 0, 0, 0, 0, 0, 0, 0, 0, 0.0027198938, 0.002503412, 0.0024595635, 0.0025228087, 0.0026841727, 0.0027740484, 0.002948953, 0.003108529, 0.0031822785, 0.003317717, 0.0034397393, 0.0035500568, 0.0036013243, 0.0036965476, 0.0037828502, 0.0038227518, 0.0038961219, 0.00396174, 0.0040208376, 0.0040479302, 0.0040983194, 0.0041431175, 0.0041633714, 0.0041993163, 0.0042290655, 0.0042414917, 0.004261491, 0.004275296, 0.004282923, 0.0042847767, 0.004285124, 0.004280996, 0.0042777946, 0.0042687366, 0.004256489, 0.0042408505, 0.0042316527, 0.0042104255, 0.004184879, 0.0041707098, 0.004139654, 0.0041055214, 0.004087277, 0.0040489957, 0.0040086815, 0.003967443, 0.003946733, 0.0039049063, 0.0038627451, 0.0038414232, 0.0037973693, 0.0037505657, 0.0036994175, 0.0036719365, 0.0036120866, 0.0035454505, 0.0035094302, 0.0034325714, 0.003350013, 0.0032624053, 0.0032169274, 0.0031227537, 0.0030246663, 0.0029743079, 0.0028707262, 0.0027627381, 0.0027070458, 0.0025920002, 0.0024712372, 0.0023458884, 0.0022826637, 0.0021616013, 0.0020764312, 0.0020713669, 0.0022402287, 0.0028272935, 0, 0, 0, 0, 0, 0, 0, 0, 0, 0, 0, 0, 0, 0, 0, 0, 0, 0, 0, 0, 0, 0, 0, 0, 0, 0, 0, 0, 0, 0, 0, 0, 0, 0, 0, 0, 0, 0, 0, 0, 0, 0, 0, 0, 0, 0, 0, 0, 0, 0, 0, 0, 0, 0, 0, 0, 0, 0
0, 0, 0, 0, 0, 0, 0, 0, 0, 0, 0, 0, 0, 0, 0, 0, 0.0036041127, 0.0029952999, 0.0028122398, 0.0027022148, 0.0027924574, 0.0028692975, 0.00304036, 0.0032089504, 0.0032883605, 0.0034362264, 0.0035705005, 0.0036930302, 0.0037501757, 0.0038570547, 0.003954179, 0.00399917, 0.0040822495, 0.004156248, 0.0042224317, 0.0042526014, 0.004307938, 0.0043561603, 0.0043776757, 0.0044155396, 0.0044460553, 0.0044586663, 0.004478828, 0.0044924887, 0.0045000114, 0.004501933, 0.004502077, 0.004498372, 0.0044950247, 0.00448633, 0.0044746636, 0.004459402, 0.0044503133, 0.004428847, 0.0044023725, 0.004387422, 0.004353602, 0.0043147057, 0.004293392, 0.0042478354, 0.0041996185, 0.004149521, 0.0041244486, 0.0040741437, 0.0040238686, 0.0039986935, 0.0039475267, 0.0038939074, 0.003836599, 0.003806106, 0.0037404455, 0.0036682265, 0.0036297028, 0.0035482661, 0.003462101, 0.0033716615, 0.0033253198, 0.0032299412, 0.0031315489, 0.00308113, 0.002977503, 0.0028700158, 0.0028147856, 0.0027007854, 0.0025815226, 0.0024570625, 0.0023934483, 0.0022678948, 0.002168902, 0.002151482, 0.002282059, 0.00283405, 0, 0, 0, 0, 0, 0, 0, 0, 0, 0, 0, 0, 0, 0, 0, 0, 0, 0, 0, 0, 0, 0, 0, 0, 0, 0, 0, 0, 0, 0, 0, 0, 0, 0, 0, 0, 0, 0, 0, 0, 0, 0, 0, 0, 0, 0, 0, 0, 0, 0, 0, 0, 0, 0, 0, 0, 0, 0
0, 0, 0, 0, 0, 0, 0, 0, 0, 0, 0, 0, 0, 0, 0, 0, 0, 0.0036793016, 0.0032944102, 0.002858915, 0.002838767, 0.0029030652, 0.0030807094, 0.0032674205, 0.0033558444, 0.0035201507, 0.0036682715, 0.0038025896, 0.003865191, 0.0039817584, 0.004087753, 0.0041367966, 0.004227053, 0.004307494, 0.004378562, 0.0044109207, 0.0044690976, 0.0045191622, 0.004541058, 0.0045791524, 0.0046093995, 0.0046220967, 0.0046425667, 0.0046569225, 0.004665967, 0.00466851, 0.004669932, 0.004667137, 0.0046644253, 0.004656188, 0.004644515, 0.004629161, 0.0046199723, 0.004598029, 0.004571152, 0.0045558265, 0.0045209476, 0.0044802446, 0.004457823, 0.0044090115, 0.004356503, 0.0043010605, 0.0042730477, 0.004216385, 0.0041592484, 0.0041305413, 0.004072549, 0.0040126108, 0.003949422, 0.003916042, 0.0038456728, 0.0037697898, 0.0037299553, 0.003646596, 0.0035595954, 0.0034697533, 0.003423754, 0.0033298335, 0.0032332072, 0.0031838336, 0.0030816363, 0.0029749773, 0.0029194888, 0.0028041773, 0.0026824214, 0.0025529943, 0.0024857433, 0.0023485408, 0.002221826, 0.002175935, 0.0021754855, 0.002377091, 0, 0, 0, 0, 0, 0, 0, 0, 0, 0, 0, 0, 0, 0, 0, 0, 0, 0, 0, 0, 0, 0, 0, 0, 0, 0, 0, 0, 0, 0, 0, 0, 0, 0, 0, 0, 0, 0, 0, 0, 0, 0, 0, 0, 0, 0, 0, 0, 0, 0, 0, 0, 0, 0, 0, 0, 0, 0
0, 0, 0, 0, 0, 0, 0, 0, 0, 0, 0, 0, 0, 0, 0, 0, 0, 0.0050402265, 0.0038113196, 0.0028651934, 0.002796016, 0.002871158, 0.0030791275, 0.0032904407, 0.0033882188, 0.0035664716, 0.003724772, 0.0038670953, 0.0039333072, 0.0040563936, 0.0041680885, 0.0042198165, 0.0043150005, 0.0044001024, 0.004475124, 0.0045088567, 0.004569399, 0.0046206894, 0.004643027, 0.004681161, 0.004711945, 0.0047249915, 0.004746666, 0.0047631743, 0.0047749104, 0.0047788206, 0.0047829254, 0.004782374, 0.00478028, 0.0047725798, 0.0047607534, 0.0047444175, 0.004734739, 0.004712166, 0.0046853814, 0.004670254, 0.004636267, 0.004596779, 0.004574816, 0.0045271204, 0.004474319, 0.004417697, 0.0043882113, 0.0043276935, 0.0042658956, 0.004234777, 0.0041718585, 0.0041074683, 0.0040408354, 0.004006059, 0.003933791, 0.003857165, 0.003817386, 0.0037353279, 0.00365018, 0.0035625745, 0.0035180126, 0.0034272627, 0.0033333458, 0.0032849743, 0.0031841206, 0.0030771028, 0.0030206654, 0.002902203, 0.0027746982, 0.0026370832, 0.0025639818, 0.0024100912, 0.0022525613, 0.0021809323, 0.0020983652, 0.0022341127, 0.0027982404, 0, 0, 0, 0, 0, 0, 0, 0, 0, 0, 0, 0, 0, 0, 0, 0, 0, 0, 0, 0, 0, 0, 0, 0, 0, 0, 0, 0, 0, 0, 0, 0, 0, 0, 0, 0, 0, 0, 0, 0, 0, 0, 0, 0, 0, 0, 0, 0, 0, 0, 0, 0, 0, 0, 0, 0, 0
0, 0, 0, 0, 0, 0, 0, 0, 0, 0, 0, 0, 0, 0, 0, 0, 0, 0, 0.0028323715, 0.0026713333, 0.0027466672, 0.0028431339, 0.0030687305, 0.0032867254, 0.003386431, 0.0035680332, 0.0037293236, 0.003874445, 0.0039420286, 0.0040682633, 0.004183452, 0.004237041, 0.00433644, 0.004425629, 0.0045046373, 0.0045402274, 0.004603681, 0.00465708, 0.004680401, 0.0047203754, 0.0047531207, 0.004767398, 0.0047921985, 0.004812228, 0.004827718, 0.0048335297, 0.0048413128, 0.00484335, 0.0048421244, 0.004835623, 0.0048235375, 0.004806735, 0.004796836, 0.0047741556, 0.004748289, 0.0047339755, 0.0047029457, 0.0046671666, 0.004647314, 0.0046033156, 0.004553617, 0.00449873, 0.0044694813, 0.0044085467, 0.004345571, 0.004313648, 0.004249228, 0.0041841194, 0.004117616, 0.0040835626, 0.004013011, 0.0039393576, 0.0039012637, 0.0038227465, 0.0037413007, 0.0036574118, 0.003614648, 0.0035269584, 0.0034358045, 0.0033885376, 0.0032886998, 0.0031811737, 0.0031240718, 0.003002299, 0.002870044, 0.0027260182, 0.0026487324, 0.0024832324, 0.0023061957, 0.0022190262, 0.002079499, 0.0020758784, 0.002259992, 0, 0, 0, 0, 0, 0, 0, 0, 0, 0, 0, 0, 0, 0, 0, 0, 0, 0, 0, 0, 0, 0, 0, 0, 0, 0, 0, 0, 0, 0, 0, 0, 0, 0, 0, 0, 0, 0, 0, 0, 0, 0, 0, 0, 0, 0, 0, 0, 0, 0, 0, 0, 0, 0, 0, 0, 0
0, 0, 0, 0, 0, 0, 0, 0, 0, 0, 0, 0, 0, 0, 0, 0, 0, 0, 0.0033055632, 0.002942677, 0.0028494936, 0.0028922008, 0.0030549755, 0.0032456028, 0.0033381276, 0.0035125723, 0.0036712177, 0.0038160975, 0.0038843444, 0.004012801, 0.004131127, 0.0041868575, 0.004291168, 0.0043856185, 0.0044697286, 0.0045077703, 0.004575988, 0.0046337703, 0.004659072, 0.0047031953, 0.0047403458, 0.0047567505, 0.004785852, 0.0048105405, 0.0048302957, 0.0048384233, 0.004849958, 0.004855203, 0.004855258, 0.0048505603, 0.00483959, 0.0048237457, 0.00481438, 0.004793583, 0.004770615, 0.0047582844, 0.0047317725, 0.004701444, 0.0046845973, 0.0046461476, 0.00460147, 0.0045508957, 0.004523498, 0.004465723, 0.004405186, 0.004374525, 0.004312927, 0.004251148, 0.0041888, 0.004157166, 0.00409182, 0.0040233764, 0.003987989, 0.003914454, 0.0038375908, 0.0037576363, 0.0037167852, 0.003632389, 0.0035441245, 0.0034977882, 0.003400102, 0.003293762, 0.0032369047, 0.0031156274, 0.0029834812, 0.0028393646, 0.0027626047, 0.0025983758, 0.0024230217, 0.0023352364, 0.0021871724, 0.0021681902, 0.0024984379, 0.002856302, 0, 0, 0, 0, 0, 0, 0, 0, 0, 0, 0, 0, 0, 0, 0, 0, 0, 0, 0, 0, 0, 0, 0, 0, 0, 0, 0, 0, 0, 0, 0, 0, 0, 0, 0, 0, 0, 0, 0, 0, 0, 0, 0, 0, 0, 0, 0, 0, 0, 0, 0, 0, 0, 0, 0, 0
0, 0, 0, 0, 0, 0, 0, 0, 0, 0, 0, 0, 0, 0, 0, 0, 0, 0, 0.0044500525, 0.003426575, 0.0029658808, 0.0029119954, 0.0029782462, 0.0031356935, 0.0032221426, 0.0033916682, 0.00355025, 0.0036969723, 0.0037667616, 0.003898954, 0.0040226956, 0.0040812176, 0.00419214, 0.0042934204, 0.004384452, 0.0044259736, 0.0045008967, 0.0045652813, 0.0045939074, 0.004644631, 0.0046878383, 0.0047071227, 0.0047416105, 0.0047712415, 0.0047955704, 0.004805846, 0.004821185, 0.00482964, 0.0048313485, 0.0048296507, 0.004821867, 0.0048095128, 0.004802196, 0.0047859713, 0.0047684177, 0.0047590453, 0.004738643, 0.004714941, 0.0047014584, 0.004669562, 0.0046316185, 0.004587278, 0.0045630317, 0.0045113578, 0.0044569103, 0.0044291876, 0.0043736575, 0.0043180217, 0.0042621857, 0.0042334977, 0.0041747163, 0.004112496, 0.0040799477, 0.004011702, 0.0039395927, 0.0038638415, 0.003824754, 0.0037441647, 0.0036593562, 0.0036149037, 0.0035211032, 0.0034190135, 0.003364382, 0.0032482282, 0.0031222627, 0.0029862004, 0.0029145982, 0.002763753, 0.002606397, 0.002529231, 0.0024021291, 0.0023941572, 0.0027094688, 0.0030644059, 0, 0, 0, 0, 0, 0, 0, 0, 0, 0, 0, 0, 0, 0, 0, 0, 0, 0, 0, 0, 0, 0, 0, 0, 0, 0, 0, 0, 0, 0, 0, 0, 0, 0, 0, 0, 0, 0, 0, 0, 0, 0, 0, 0, 0, 0, 0, 0, 0, 0, 0, 0, 0, 0, 0, 0
0, 0, 0, 0, 0, 0, 0, 0, 0, 0, 0, 0, 0, 0, 0, 0, 0, 0, 0, 0.0035225188, 0.0028850408, 0.00277878, 0.002802352, 0.0029552844, 0.0030438015, 0.0032196234, 0.0033847082, 0.0035381294, 0.0036110498, 0.0037503205, 0.0038815427, 0.0039441083, 0.0040629916, 0.00417252, 0.0042718067, 0.004317307, 0.004400522, 0.0044731684, 0.004505754, 0.0045646313, 0.004615327, 0.004638128, 0.0046787527, 0.0047134887, 0.0047422075, 0.004754322, 0.004773556, 0.0047860867, 0.004789893, 0.004792871, 0.004790425, 0.0047843885, 0.004780413, 0.004771387, 0.004761176, 0.0047555827, 0.004742559, 0.0047259894, 0.0047156494, 0.004690845, 0.004659977, 0.004623414, 0.004603105, 0.004559554, 0.0045129834, 0.004488997, 0.004440681, 0.004392258, 0.0043426966, 0.004317153, 0.004264403, 0.0042073745, 0.0041772835, 0.004114072, 0.0040464937, 0.0039753676, 0.0039385674, 0.003861976, 0.0037814616, 0.003739726, 0.003651033, 0.0035555877, 0.003504754, 0.0033970363, 0.0032811065, 0.0031569947, 0.00309238, 0.0029578512, 0.0028199514, 0.0027521532, 0.0026351388, 0.002599009, 0.002793883, 0.0030544866, 0.003945305, 0, 0, 0, 0, 0, 0, 0, 0, 0, 0, 0, 0, 0, 0, 0, 0, 0, 0, 0, 0, 0, 0, 0, 0, 0, 0, 0, 0, 0, 0, 0, 0, 0, 0, 0, 0, 0, 0, 0, 0, 0, 0, 0, 0, 0, 0, 0, 0, 0, 0, 0, 0, 0, 0, 0
0, 0, 0, 0, 0, 0, 0, 0, 0, 0, 0, 0, 0, 0, 0, 0, 0, 0, 0, 0.0033369649, 0.0026944084, 0.002580789, 0.0025995686, 0.0027557546, 0.0028478336, 0.0030329125, 0.003207989, 0.0033712883, 0.0034491206, 0.0035976127, 0.0037376406, 0.003804439, 0.003931612, 0.004049542, 0.0041571097, 0.0042069606, 0.0042988705, 0.0043806816, 0.0044179186, 0.004485816, 0.004544727, 0.0045713126, 0.0046186824, 0.0046590683, 0.0046927813, 0.0047070524, 0.004730807, 0.0047483593, 0.0047549796, 0.004764281, 0.00476927, 0.0047712573, 0.004771403, 0.004770865, 0.0047687897, 0.0047667357, 0.004760774, 0.0047506634, 0.004743629, 0.004725486, 0.0047017853, 0.004672818, 0.0046566073, 0.0046214466, 0.004582896, 0.0045628417, 0.004521296, 0.0044785487, 0.004433951, 0.0044106217, 0.0043617897, 0.0043089907, 0.0042809984, 0.0042220703, 0.0041589844, 0.004092034, 0.0040570903, 0.003984706, 0.003908348, 0.0038683978, 0.0037849438, 0.0036954982, 0.0036483423, 0.0035489888, 0.0034421873, 0.0033276582, 0.0032681664, 0.0031438672, 0.0030138616, 0.0029471805, 0.0028160021, 0.00271326, 0.0027159126, 0.002794196, 0.0030762923, 0, 0, 0, 0, 0, 0, 0, 0, 0, 0, 0, 0, 0, 0, 0, 0, 0, 0, 0, 0, 0, 0, 0, 0, 0, 0, 0, 0, 0, 0, 0, 0, 0, 0, 0, 0, 0, 0, 0, 0, 0, 0, 0, 0, 0, 0, 0, 0, 0, 0, 0, 0, 0, 0, 0
0, 0, 0, 0, 0, 0, 0, 0, 0, 0, 0, 0, 0, 0, 0, 0, 0, 0, 0, 0, 0.00264506, 0.0025291415, 0.0024768026, 0.0025948198, 0.0026812118, 0.0028685299, 0.0030531718, 0.0032274562, 0.0033104634, 0.0034686327, 0.003617327, 0.0036881357, 0.0038227607, 0.003948019, 0.0040635313, 0.0041174106, 0.004218195, 0.0043091923, 0.0043511433, 0.00442811, 0.004496253, 0.0045268103, 0.0045815865, 0.0046285605, 0.004667991, 0.0046850555, 0.0047145435, 0.0047385786, 0.004748578, 0.004765494, 0.004778739, 0.004789274, 0.0047937017, 0.0048007946, 0.004805386, 0.0048064045, 0.004805794, 0.004800827, 0.0047963797, 0.004783667, 0.004766065, 0.0047439644, 0.00473147, 0.004703148, 0.0046715937, 0.0046544634, 0.0046181483, 0.0045794933, 0.0045378897, 0.0045159417, 0.004469609, 0.004419264, 0.004392846, 0.00433686, 0.00427692, 0.0042127836, 0.004179249, 0.004108748, 0.0040339804, 0.0039949315, 0.003913517, 0.0038270517, 0.0037817091, 0.0036860122, 0.0035828322, 0.0034714167, 0.0034127608, 0.003288309, 0.00315321, 0.0030810283, 0.0029287483, 0.0027809714, 0.0027077496, 0.0027516393, 0.0031896085, 0, 0, 0, 0, 0, 0, 0, 0, 0, 0, 0, 0, 0, 0, 0, 0, 0, 0, 0, 0, 0, 0, 0, 0, 0, 0, 0, 0, 0, 0, 0, 0, 0, 0, 0, 0, 0, 0, 0, 0, 0, 0, 0, 0, 0, 0, 0, 0, 0, 0, 0, 0, 0, 0, 0
0, 0, 0, 0, 0, 0, 0, 0, 0, 0, 0, 0, 0, 0, 0, 0, 0, 0, 0, 0, 0.003101278, 0.0027312168, 0.002374009, 0.00240019, 0.0024789055, 0.0026790595, 0.0028879237, 0.0030842393, 0.0031767178, 0.003351364, 0.0035137369, 0.0035909952, 0.0037382604, 0.0038762896, 0.0040054363, 0.004066722, 0.0041826004, 0.0042897565, 0.0043400843, 0.0044334647, 0.004517216, 0.0045555974, 0.0046252543, 0.004686239, 0.0047393213, 0.004763297, 0.004806209, 0.004844181, 0.0048613013, 0.0048923623, 0.0049195443, 0.0049422807, 0.004952133, 0.004968374, 0.004979653, 0.004983417, 0.004987623, 0.004987564, 0.0049858745, 0.0049798256, 0.004969837, 0.0049560666, 0.004947984, 0.004928369, 0.004904465, 0.0048908126, 0.0048598037, 0.00482449, 0.0047849244, 0.004763378, 0.0047172587, 0.004667143, 0.0046404474, 0.0045835413, 0.004521187, 0.004452483, 0.004415731, 0.004337271, 0.0042523723, 0.004208044, 0.004115655, 0.0040184166, 0.0039677555, 0.0038604904, 0.0037444057, 0.0036167707, 0.0035479085, 0.0033978212, 0.0032293373, 0.0031372127, 0.0029380356, 0.0027288252, 0.0025520353, 0.0025058233, 0.0025954908, 0.0029462622, 0, 0, 0, 0, 0, 0, 0, 0, 0, 0, 0, 0, 0, 0, 0, 0, 0, 0, 0, 0, 0, 0, 0, 0, 0, 0, 0, 0, 0, 0, 0, 0, 0, 0, 0, 0, 0, 0, 0, 0, 0, 0, 0, 0, 0, 0, 0, 0, 0, 0, 0, 0, 0, 0
0, 0, 0, 0, 0, 0, 0, 0, 0, 0, 0, 0, 0, 0, 0, 0, 0, 0, 0, 0, 0, 0.0026126392, 0.002402556, 0.0024075045, 0.002479113, 0.0026786295, 0.0028932958, 0.0030965363, 0.003192292, 0.0033732727, 0.0035418929, 0.003622287, 0.0037755158, 0.003919796, 0.004055067, 0.0041191094, 0.0042409473, 0.00435377, 0.004406553, 0.0045052483, 0.004594356, 0.004635163, 0.0047099846, 0.0047762175, 0.0048347865, 0.0048615895, 0.0049101086, 0.004953182, 0.004972826, 0.0050083026, 0.0050391066, 0.005064908, 0.0050757905, 0.0050933696, 0.005105391, 0.005109476, 0.005114195, 0.00511487, 0.005113756, 0.005109032, 0.005100606, 0.0050884, 0.005080904, 0.005062718, 0.005039628, 0.005026295, 0.004995471, 0.0049595493, 0.0049183173, 0.004895942, 0.0048473524, 0.0047940607, 0.00476557, 0.0047037047, 0.004635569, 0.004559597, 0.004518766, 0.004431385, 0.0043361033, 0.0042864014, 0.0041828766, 0.004073554, 0.004016811, 0.0038975854, 0.0037684834, 0.0036273424, 0.0035512743, 0.003385542, 0.0031992248, 0.0030975302, 0.0028755362, 0.0026333062, 0.0023912662, 0.0022866416, 0.0021742657, 0.002246621, 0, 0, 0, 0, 0, 0, 0, 0, 0, 0, 0, 0, 0, 0, 0, 0, 0, 0, 0, 0, 0, 0, 0, 0, 0, 0, 0, 0, 0, 0, 0, 0, 0, 0, 0, 0, 0, 0, 0, 0, 0, 0, 0, 0, 0, 0, 0, 0, 0, 0, 0, 0, 0, 0
0, 0, 0, 0, 0, 0, 0, 0, 0, 0, 0, 0, 0, 0, 0, 0, 0, 0, 0, 0, 0, 0.0033228106, 0.0026786118, 0.0025286274, 0.002566592, 0.00273643, 0.0029451612, 0.0031518957, 0.003250639, 0.0034383899, 0.0036143123, 0.003698223, 0.0038584208, 0.0040090126, 0.0041495874, 0.0042161443, 0.004342039, 0.0044582575, 0.004512643, 0.0046140384, 0.004705947, 0.004748307, 0.0048264163, 0.004896106, 0.0049585905, 0.0049871695, 0.0050394377, 0.005085792, 0.0051067816, 0.005144781, 0.0051770573, 0.0052039665, 0.005215256, 0.0052331225, 0.0052451994, 0.0052492633, 0.0052538156, 0.0052544745, 0.0052534034, 0.0052485582, 0.0052401237, 0.005227694, 0.005219757, 0.0052003926, 0.0051761647, 0.0051619327, 0.0051290398, 0.00509045, 0.0050457953, 0.005021443, 0.0049684523, 0.004909919, 0.004878585, 0.004811034, 0.004736235, 0.0046528317, 0.0046078316, 0.004511325, 0.004406763, 0.004351609, 0.00423648, 0.0041148374, 0.0040516006, 0.0039194142, 0.0037779533, 0.0036253026, 0.0035438177, 0.0033686527, 0.0031749795, 0.0030704031, 0.0028452126, 0.0026017562, 0.0023583237, 0.0022533329, 0.0021584807, 0.0024348767, 0.0027753136, 0, 0, 0, 0, 0, 0, 0, 0, 0, 0, 0, 0, 0, 0, 0, 0, 0, 0, 0, 0, 0, 0, 0, 0, 0, 0, 0, 0, 0, 0, 0, 0, 0, 0, 0, 0, 0, 0, 0, 0, 0, 0, 0, 0, 0, 0, 0, 0, 0, 0, 0, 0, 0
0, 0, 0, 0, 0, 0, 0, 0, 0, 0, 0, 0, 0, 0, 0, 0, 0, 0, 0, 0, 0, 0, 0.002932917, 0.0027083254, 0.0026987586, 0.0028166168, 0.0030138576, 0.0032258967, 0.0033291187, 0.00352706, 0.0037126956, 0.0038009468, 0.003968561, 0.004125197, 0.0042704027, 0.004338741, 0.004467095, 0.004585064, 0.004640168, 0.0047429507, 0.0048363595, 0.0048795864, 0.004959791, 0.0050320644, 0.0050971326, 0.0051268283, 0.005181381, 0.0052293795, 0.0052510602, 0.005290278, 0.005323221, 0.0053504496, 0.0053616497, 0.005379218, 0.0053906776, 0.0053944006, 0.005398161, 0.0053975685, 0.005395653, 0.005389285, 0.005378759, 0.005363874, 0.005354516, 0.005332108, 0.0053041675, 0.005287895, 0.005250802, 0.0052074753, 0.005157954, 0.0051308423, 0.0050725024, 0.005008711, 0.0049747364, 0.0049018655, 0.0048219166, 0.0047334908, 0.004685881, 0.004583585, 0.004472009, 0.0044129984, 0.004289011, 0.00415771, 0.0040891743, 0.0039469968, 0.003797001, 0.0036381644, 0.0035549551, 0.0033799652, 0.0031923803, 0.0030936361, 0.0028869447, 0.002673309, 0.0024716528, 0.0023914964, 0.0023470405, 0.002645129, 0.002997522, 0, 0, 0, 0, 0, 0, 0, 0, 0, 0, 0, 0, 0, 0, 0, 0, 0, 0, 0, 0, 0, 0, 0, 0, 0, 0, 0, 0, 0, 0, 0, 0, 0, 0, 0, 0, 0, 0, 0, 0, 0, 0, 0, 0, 0, 0, 0, 0, 0, 0, 0, 0, 0
0, 0, 0, 0, 0, 0, 0, 0, 0, 0, 0, 0, 0, 0, 0, 0, 0, 0, 0, 0, 0, 0, 0.0035793574, 0.00293023, 0.002826894, 0.002874488, 0.0030674087, 0.0032923059, 0.0034035875, 0.003616202, 0.0038137138, 0.0039069485, 0.004082588, 0.004244523, 0.004393161, 0.00446274, 0.0045929365, 0.0047120405, 0.004767677, 0.004871784, 0.004966844, 0.0050111865, 0.005093783, 0.005168542, 0.005235846, 0.005266839, 0.0053230682, 0.005372533, 0.0053946483, 0.005434607, 0.0054678586, 0.0054951445, 0.0055063777, 0.0055235266, 0.005534017, 0.0055366755, 0.0055384366, 0.0055350796, 0.0055317427, 0.005521838, 0.005507618, 0.005488684, 0.0054771416, 0.005450092, 0.005416922, 0.005398048, 0.0053555146, 0.005306959, 0.005252324, 0.0052227904, 0.005159964, 0.0050922134, 0.0050565423, 0.0049809297, 0.0048988247, 0.0048089954, 0.0047606053, 0.004656268, 0.004542025, 0.0044811405, 0.0043527987, 0.0042161467, 0.004145026, 0.0039977888, 0.0038451348, 0.0036867894, 0.0036056917, 0.0034390248, 0.0032668023, 0.0031787467, 0.002999654, 0.0028210136, 0.0026565904, 0.0025901222, 0.0025382617, 0.0027284527, 0.0029883282, 0.0038742041, 0, 0, 0, 0, 0, 0, 0, 0, 0, 0, 0, 0, 0, 0, 0, 0, 0, 0, 0, 0, 0, 0, 0, 0, 0, 0, 0, 0, 0, 0, 0, 0, 0, 0, 0, 0, 0, 0, 0, 0, 0, 0, 0, 0, 0, 0, 0, 0, 0, 0, 0, 0
0, 0, 0, 0, 0, 0, 0, 0, 0, 0, 0, 0, 0, 0, 0, 0, 0, 0, 0, 0, 0, 0, 0.0036683406, 0.0029916433, 0.0028665513, 0.0028973634, 0.0030973037, 0.0033392536, 0.0034595102, 0.0036884723, 0.0038983363, 0.003996174, 0.0041786744, 0.0043450682, 0.004496503, 0.0045671826, 0.0046994337, 0.0048204297, 0.0048772558, 0.004983978, 0.005081991, 0.005127874, 0.005213557, 0.0052917004, 0.005361758, 0.00539386, 0.0054523726, 0.0055033485, 0.005526314, 0.0055673025, 0.005601355, 0.005628733, 0.0056396765, 0.0056562615, 0.005665227, 0.005667087, 0.0056659156, 0.005659385, 0.0056539974, 0.0056400048, 0.005621331, 0.005597991, 0.0055842614, 0.0055523743, 0.005514446, 0.005493066, 0.0054459423, 0.0053932434, 0.0053353235, 0.0053047254, 0.005239846, 0.005170999, 0.0051350202, 0.0050594835, 0.0049779853, 0.00488891, 0.004840963, 0.0047377096, 0.0046242564, 0.004563848, 0.004435853, 0.004299365, 0.004228609, 0.0040827333, 0.0039332546, 0.0037811452, 0.0037044517, 0.0035500051, 0.0033939143, 0.0033153715, 0.0031570515, 0.0029978955, 0.0028408517, 0.0027668981, 0.0026497503, 0.0026395607, 0.0027108088, 0.0029784136, 0, 0, 0, 0, 0, 0, 0, 0, 0, 0, 0, 0, 0, 0, 0, 0, 0, 0, 0, 0, 0, 0, 0, 0, 0, 0, 0, 0, 0, 0, 0, 0, 0, 0, 0, 0, 0, 0, 0, 0, 0, 0, 0, 0, 0, 0, 0, 0, 0, 0, 0, 0
0, 0, 0, 0, 0, 0, 0, 0, 0, 0, 0, 0, 0, 0, 0, 0, 0, 0, 0, 0, 0, 0, 0, 0.0031177108, 0.0029898842, 0.0029505482, 0.0031214338, 0.003366843, 0.0034934862, 0.0037353868, 0.0039549274, 0.0040563745, 0.004243945, 0.00441332, 0.0045674522, 0.004639429, 0.004774497, 0.0048986995, 0.004957245, 0.005067773, 0.0051701018, 0.005218132, 0.0053080106, 0.0053899325, 0.0054632304, 0.0054966733, 0.0055576963, 0.0056109056, 0.0056346836, 0.0056772367, 0.0057124696, 0.005740489, 0.005751663, 0.005767759, 0.0057757343, 0.005776853, 0.0057740607, 0.0057650027, 0.0057583656, 0.0057416167, 0.0057202345, 0.005693964, 0.005678776, 0.0056438847, 0.0056031393, 0.0055806083, 0.005531592, 0.005477711, 0.0054196315, 0.0053893314, 0.0053256326, 0.005258358, 0.005223262, 0.005149287, 0.0050693634, 0.004982114, 0.004935179, 0.004834092, 0.0047237286, 0.0046651983, 0.0045414525, 0.0044104373, 0.0043426515, 0.004203804, 0.004062151, 0.0039191977, 0.0038474323, 0.0037035726, 0.003557957, 0.0034842035, 0.003332801, 0.0031742465, 0.0030044387, 0.002915682, 0.0027433024, 0.0026371295, 0.00265842, 0.0030328524, 0, 0, 0, 0, 0, 0, 0, 0, 0, 0, 0, 0, 0, 0, 0, 0, 0, 0, 0, 0, 0, 0, 0, 0, 0, 0, 0, 0, 0, 0, 0, 0, 0, 0, 0, 0, 0, 0, 0, 0, 0, 0, 0, 0, 0, 0, 0, 0, 0, 0, 0, 0
0, 0, 0, 0, 0, 0, 0, 0, 0, 0, 0, 0, 0, 0, 0, 0, 0, 0, 0, 0, 0, 0, 0, 0.0037676252, 0.0033601932, 0.0030442467, 0.003139642, 0.0033769482, 0.0035062048, 0.003755063, 0.003979675, 0.004082775, 0.00427249, 0.004443893, 0.0046004127, 0.00467382, 0.0048124185, 0.004940859, 0.0050018216, 0.005117152, 0.0052240486, 0.0052744085, 0.00536859, 0.0054543843, 0.0055311155, 0.005566173, 0.005629676, 0.005685372, 0.005710446, 0.0057549933, 0.0057922257, 0.005821758, 0.00583365, 0.005850822, 0.005860003, 0.0058616465, 0.005859994, 0.005852007, 0.005845892, 0.005829742, 0.005808819, 0.0057830513, 0.005767928, 0.0057333685, 0.0056932126, 0.005671092, 0.005623547, 0.005571838, 0.0055168467, 0.005487927, 0.0054275235, 0.005363165, 0.005329298, 0.0052574063, 0.0051792874, 0.0050938656, 0.0050478494, 0.0049496214, 0.004843591, 0.0047876416, 0.0046710153, 0.004548413, 0.0044851773, 0.00435594, 0.0042237537, 0.0040894845, 0.004021489, 0.0038834277, 0.0037410094, 0.0036668265, 0.003511501, 0.003342486, 0.003155496, 0.0030552081, 0.0028538373, 0.0027066832, 0.002700897, 0.0030013132, 0.0038614573, 0, 0, 0, 0, 0, 0, 0, 0, 0, 0, 0, 0, 0, 0, 0, 0, 0, 0, 0, 0, 0, 0, 0, 0, 0, 0, 0, 0, 0, 0, 0, 0, 0, 0, 0, 0, 0, 0, 0, 0, 0, 0, 0, 0, 0, 0, 0, 0, 0, 0, 0
0, 0, 0, 0, 0, 0, 0, 0, 0, 0, 0, 0, 0, 0, 0, 0, 0, 0, 0, 0, 0, 0, 0, 0.003886323, 0.003479862, 0.0030934475, 0.0031526552, 0.0033746262, 0.0035002716, 0.0037452017, 0.0039687296, 0.004071719, 0.0042620418, 0.004434916, 0.004594178, 0.004669326, 0.004811946, 0.004945021, 0.005008483, 0.005128738, 0.005240529, 0.005293177, 0.005391534, 0.005480768, 0.0055606673, 0.005597328, 0.0056641777, 0.00572279, 0.0057494207, 0.0057970607, 0.005837389, 0.005870244, 0.005883858, 0.0059050852, 0.0059187976, 0.0059230453, 0.005926502, 0.005924078, 0.0059208963, 0.0059100487, 0.0058939345, 0.0058721756, 0.005859028, 0.005828428, 0.0057922443, 0.0057723317, 0.005729107, 0.005682239, 0.005631626, 0.0056048185, 0.0055482946, 0.005486912, 0.005454435, 0.005384687, 0.005308681, 0.00522529, 0.005180558, 0.0050861062, 0.0049847793, 0.0049320366, 0.004822383, 0.0047082137, 0.0046492657, 0.0045290603, 0.004404568, 0.0042759445, 0.004209945, 0.004072983, 0.0039277477, 0.0038506524, 0.0036866297, 0.003505426, 0.0033042682, 0.003196455, 0.0029741656, 0.0027757632, 0.0027116996, 0.0027403051, 0.0029863387, 0, 0, 0, 0, 0, 0, 0, 0, 0, 0, 0, 0, 0, 0, 0, 0, 0, 0, 0, 0, 0, 0, 0, 0, 0, 0, 0, 0, 0, 0, 0, 0, 0, 0, 0, 0, 0, 0, 0, 0, 0, 0, 0, 0, 0, 0, 0, 0, 0, 0, 0
0, 0, 0, 0, 0, 0, 0, 0, 0, 0, 0, 0, 0, 0, 0, 0, 0, 0, 0, 0, 0, 0, 0, 0, 0.0035571884, 0.0032725953, 0.0032182273, 0.003365374, 0.0034709084, 0.0036970647, 0.0039156843, 0.004018494, 0.004210442, 0.0043861195, 0.0045489734, 0.0046261065, 0.004773309, 0.0049116667, 0.0049776095, 0.0051031066, 0.00521974, 0.0052747773, 0.0053775893, 0.005470886, 0.0055547613, 0.0055934004, 0.0056643295, 0.005727342, 0.0057560126, 0.005808373, 0.0058534862, 0.0058919336, 0.0059085824, 0.0059366086, 0.0059581976, 0.0059667225, 0.005979533, 0.0059865657, 0.0059879906, 0.005986279, 0.0059784967, 0.005964242, 0.005954782, 0.0059311194, 0.005901845, 0.0058850967, 0.0058483086, 0.0058071613, 0.005761359, 0.0057364563, 0.0056834402, 0.005624873, 0.005593679, 0.0055267704, 0.005453793, 0.005373874, 0.005331325, 0.00524102, 0.0051447884, 0.0050946334, 0.0049906345, 0.00488211, 0.0048260754, 0.0047105392, 0.0045898263, 0.0044630016, 0.004397095, 0.004258301, 0.0041087847, 0.004028909, 0.0038577693, 0.0036691627, 0.003461789, 0.0033512106, 0.0031200799, 0.002895236, 0.002803657, 0.002751838, 0.003107549, 0.003504487, 0, 0, 0, 0, 0, 0, 0, 0, 0, 0, 0, 0, 0, 0, 0, 0, 0, 0, 0, 0, 0, 0, 0, 0, 0, 0, 0, 0, 0, 0, 0, 0, 0, 0, 0, 0, 0, 0, 0, 0, 0, 0, 0, 0, 0, 0, 0, 0, 0, 0
0, 0, 0, 0, 0, 0, 0, 0, 0, 0, 0, 0, 0, 0, 0, 0, 0, 0, 0, 0, 0, 0, 0, 0, 0.0047428017, 0.0037352608, 0.0033075493, 0.003309634, 0.0033870223, 0.0035956409, 0.0038158624, 0.003921324, 0.004119218, 0.004300358, 0.0044682147, 0.0045480863, 0.004700865, 0.004845231, 0.0049142507, 0.0050458875, 0.005168452, 0.005226289, 0.0053348206, 0.0054334984, 0.005522917, 0.0055646426, 0.0056412956, 0.0057102093, 0.005742215, 0.0058009485, 0.0058532157, 0.005899145, 0.0059197852, 0.0059567234, 0.005988198, 0.0060020015, 0.006025578, 0.0060439287, 0.006050712, 0.006059728, 0.0060615847, 0.0060566925, 0.0060517355, 0.006036864, 0.006016014, 0.006003248, 0.005973771, 0.0059384853, 0.005897095, 0.0058742757, 0.0058243657, 0.005768772, 0.0057391752, 0.0056759478, 0.0056072073, 0.0055322596, 0.0054921852, 0.0054069487, 0.005315057, 0.0052670166, 0.0051660617, 0.005059535, 0.0050042216, 0.004889374, 0.0047680777, 0.004640344, 0.004573624, 0.0044330824, 0.0042808503, 0.004199796, 0.004026726, 0.0038379405, 0.00363329, 0.0035253114, 0.0033009783, 0.0030819043, 0.0029907196, 0.002928106, 0.0032439278, 0.003631457, 0, 0, 0, 0, 0, 0, 0, 0, 0, 0, 0, 0, 0, 0, 0, 0, 0, 0, 0, 0, 0, 0, 0, 0, 0, 0, 0, 0, 0, 0, 0, 0, 0, 0, 0, 0, 0, 0, 0, 0, 0, 0, 0, 0, 0, 0, 0, 0, 0, 0
0, 0, 0, 0, 0, 0, 0, 0, 0, 0, 0, 0, 0, 0, 0, 0, 0, 0, 0, 0, 0, 0, 0, 0, 0, 0.0038966958, 0.003253016, 0.0031688195, 0.0032363492, 0.0034495695, 0.0036818872, 0.003792559, 0.003999087, 0.0041871173, 0.0043614856, 0.0044446504, 0.004604517, 0.004756315, 0.004829316, 0.0049689217, 0.0050993613, 0.005161038, 0.0052772597, 0.0053836335, 0.0054807523, 0.0055260793, 0.005610641, 0.0056878063, 0.00572365, 0.005790507, 0.005851106, 0.005905775, 0.005930854, 0.0059773484, 0.006018592, 0.006037482, 0.0060711596, 0.006099251, 0.0061108684, 0.0061292094, 0.006140097, 0.006144221, 0.0061437297, 0.0061378563, 0.0061255656, 0.006116937, 0.0060947086, 0.0060652485, 0.0060286275, 0.0060077324, 0.005960916, 0.005908829, 0.0058808317, 0.0058219093, 0.0057580406, 0.0056883576, 0.0056508696, 0.005570379, 0.0054823384, 0.005435323, 0.005335529, 0.005228517, 0.0051724594, 0.0050554345, 0.0049323873, 0.004803226, 0.004735822, 0.0045947614, 0.004443287, 0.004363181, 0.004192889, 0.0040087732, 0.0038113412, 0.0037078524, 0.0034933367, 0.0032800755, 0.0031854114, 0.0030763652, 0.0032354884, 0.0035030842, 0.004453896, 0, 0, 0, 0, 0, 0, 0, 0, 0, 0, 0, 0, 0, 0, 0, 0, 0, 0, 0, 0, 0, 0, 0, 0, 0, 0, 0, 0, 0, 0, 0, 0, 0, 0, 0, 0, 0, 0, 0, 0, 0, 0, 0, 0, 0, 0, 0, 0, 0
0, 0, 0, 0, 0, 0, 0, 0, 0, 0, 0, 0, 0, 0, 0, 0, 0, 0, 0, 0, 0, 0, 0, 0, 0, 0.0037984324, 0.0031347992, 0.003030154, 0.0030944832, 0.003307097, 0.0035424037, 0.0036552923, 0.0038666793, 0.004061451, 0.0042435573, 0.0043309173, 0.0044995006, 0.004660882, 0.004738649, 0.0048877904, 0.005028259, 0.0050949533, 0.0052208, 0.005336634, 0.0054433695, 0.00549349, 0.0055874824, 0.0056737545, 0.0057143993, 0.0057902774, 0.005859988, 0.005923217, 0.005952784, 0.0060076355, 0.0060570743, 0.00607963, 0.0061205146, 0.006155074, 0.0061697345, 0.0061941473, 0.006211675, 0.0062228763, 0.006226163, 0.006227765, 0.0062231147, 0.00621813, 0.006202404, 0.0061786273, 0.006146574, 0.0061274134, 0.0060844305, 0.00603578, 0.0060096635, 0.0059542907, 0.0058945008, 0.005828904, 0.005793455, 0.0057166303, 0.0056310534, 0.0055848993, 0.005485563, 0.005377887, 0.0053210696, 0.005202876, 0.005078713, 0.0049491967, 0.0048820926, 0.004742598, 0.004593849, 0.0045154304, 0.0043497393, 0.0041713105, 0.003979483, 0.0038782938, 0.0036653734, 0.0034414134, 0.0033296032, 0.0031325514, 0.00305244, 0.0031002704, 0.0033535734, 0, 0, 0, 0, 0, 0, 0, 0, 0, 0, 0, 0, 0, 0, 0, 0, 0, 0, 0, 0, 0, 0, 0, 0, 0, 0, 0, 0, 0, 0, 0, 0, 0, 0, 0, 0, 0, 0, 0, 0, 0, 0, 0, 0, 0, 0, 0, 0, 0
0, 0, 0, 0, 0, 0, 0, 0, 0, 0, 0, 0, 0, 0, 0, 0, 0, 0, 0, 0, 0, 0, 0, 0, 0, 0, 0.0032318311, 0.0030533543, 0.0030633518, 0.003205584, 0.003413373, 0.0035220855, 0.0037347556, 0.0039370432, 0.004129442, 0.004222396, 0.004402323, 0.0045745596, 0.004657905, 0.0048184446, 0.004969721, 0.005041691, 0.0051785815, 0.005305331, 0.005422449, 0.005477721, 0.005581839, 0.005677979, 0.005723085, 0.005807798, 0.0058855526, 0.005956726, 0.005989913, 0.00605118, 0.0061058733, 0.0061307773, 0.006175453, 0.0062128864, 0.006229011, 0.006256067, 0.0062768203, 0.0062919967, 0.0062975935, 0.0063044806, 0.0063052312, 0.0063029323, 0.0062923757, 0.0062733274, 0.0062455186, 0.0062283725, 0.0061888546, 0.006143216, 0.0061183977, 0.006065326, 0.0060076294, 0.0059438124, 0.005909442, 0.0058343397, 0.0057505863, 0.0057050968, 0.005607051, 0.0055002114, 0.005444017, 0.0053266324, 0.005203525, 0.005075066, 0.0050088298, 0.0048712073, 0.004724853, 0.0046479814, 0.0044853045, 0.004309972, 0.004120027, 0.004019154, 0.0038033503, 0.0035675492, 0.0034429599, 0.0031950918, 0.0030163145, 0.0030072355, 0.003350173, 0, 0, 0, 0, 0, 0, 0, 0, 0, 0, 0, 0, 0, 0, 0, 0, 0, 0, 0, 0, 0, 0, 0, 0, 0, 0, 0, 0, 0, 0, 0, 0, 0, 0, 0, 0, 0, 0, 0, 0, 0, 0, 0, 0, 0, 0, 0, 0, 0
0, 0, 0, 0, 0, 0, 0, 0, 0, 0, 0, 0, 0, 0, 0, 0, 0, 0, 0, 0, 0, 0, 0, 0, 0, 0, 0.003950693, 0.003244058, 0.003110587, 0.0031120009, 0.0032808518, 0.0033868444, 0.0036075108, 0.0038237704, 0.0040309737, 0.0041309493, 0.0043243584, 0.0045091384, 0.0045983214, 0.0047700857, 0.0049324315, 0.00500978, 0.0051571736, 0.005294585, 0.0054222383, 0.005482479, 0.005596039, 0.0057008276, 0.005750148, 0.0058426666, 0.0059270277, 0.0060039205, 0.006039381, 0.006104638, 0.0061623068, 0.006188134, 0.006233764, 0.006271469, 0.006287526, 0.006315014, 0.0063366443, 0.0063531613, 0.0063597183, 0.006369144, 0.0063727647, 0.0063721165, 0.0063646063, 0.0063490113, 0.0063246037, 0.0063091773, 0.0062725837, 0.0062288255, 0.0062047, 0.006152127, 0.006094163, 0.006030092, 0.005995406, 0.005920604, 0.005837645, 0.005792875, 0.0056970282, 0.00559293, 0.005538209, 0.005423778, 0.005302886, 0.005176004, 0.005109867, 0.0049721515, 0.004825562, 0.004748306, 0.004585747, 0.0044103614, 0.0042208796, 0.0041202437, 0.003905276, 0.0036711306, 0.0035478482, 0.00330298, 0.0031246461, 0.0031121843, 0.0034267595, 0.0043290188, 0, 0, 0, 0, 0, 0, 0, 0, 0, 0, 0, 0, 0, 0, 0, 0, 0, 0, 0, 0, 0, 0, 0, 0, 0, 0, 0, 0, 0, 0, 0, 0, 0, 0, 0, 0, 0, 0, 0, 0, 0, 0, 0, 0, 0, 0, 0, 0
0, 0, 0, 0, 0, 0, 0, 0, 0, 0, 0, 0, 0, 0, 0, 0, 0, 0, 0, 0, 0, 0, 0, 0, 0, 0, 0.0041585206, 0.0032815891, 0.0030565269, 0.0029738508, 0.0031367019, 0.0032507197, 0.0034932252, 0.0037314857, 0.0039573, 0.004065555, 0.004273345, 0.004470064, 0.0045645917, 0.004745959, 0.004917386, 0.004999292, 0.0051553976, 0.0053018513, 0.0054381914, 0.0055027357, 0.005624608, 0.0057365256, 0.005788946, 0.0058868076, 0.0059757605, 0.006055651, 0.006092438, 0.0061595826, 0.0062179407, 0.006244011, 0.00628975, 0.006327043, 0.0063430825, 0.0063702334, 0.006391927, 0.0064087855, 0.0064154365, 0.006425104, 0.006429307, 0.0064289393, 0.0064228666, 0.006408888, 0.0063866707, 0.006372356, 0.006337484, 0.0062948978, 0.006270701, 0.0062173638, 0.006157469, 0.0060914997, 0.0060558817, 0.0059800507, 0.0058969716, 0.005852869, 0.005759182, 0.0056582047, 0.0056050792, 0.0054934192, 0.005373998, 0.0052462267, 0.0051792935, 0.005038352, 0.0048878402, 0.0048090904, 0.0046427716, 0.004465048, 0.0042754966, 0.0041756313, 0.0039648977, 0.0037397612, 0.0036228965, 0.0033931264, 0.003213128, 0.0031781062, 0.0033559115, 0.0040954794, 0, 0, 0, 0, 0, 0, 0, 0, 0, 0, 0, 0, 0, 0, 0, 0, 0, 0, 0, 0, 0, 0, 0, 0, 0, 0, 0, 0, 0, 0, 0, 0, 0, 0, 0, 0, 0, 0, 0, 0, 0, 0, 0, 0, 0, 0, 0, 0
0, 0, 0, 0, 0, 0, 0, 0, 0, 0, 0, 0, 0, 0, 0, 0, 0, 0, 0, 0, 0, 0, 0, 0, 0, 0, 0, 0.0032000178, 0.0029523238, 0.0028532401, 0.0030235527, 0.0031465031, 0.0034111752, 0.0036708305, 0.003914854, 0.0040305466, 0.0042502037, 0.0044561294, 0.0045543443, 0.0047422457, 0.0049189106, 0.005003558, 0.0051654736, 0.0053176233, 0.0054604155, 0.0055280444, 0.005655704, 0.0057726987, 0.0058271987, 0.0059283557, 0.006019276, 0.006100366, 0.0061372654, 0.0062044514, 0.00626316, 0.0062893336, 0.006335656, 0.006374187, 0.0063909013, 0.0064193564, 0.0064421752, 0.006459583, 0.006466451, 0.00647584, 0.0064794933, 0.006478851, 0.0064721527, 0.0064584236, 0.0064365547, 0.006422587, 0.006388381, 0.0063455966, 0.006321111, 0.0062662885, 0.0062042014, 0.006135568, 0.0060990616, 0.0060213306, 0.005937721, 0.005893644, 0.005800985, 0.0057017324, 0.005649168, 0.0055381735, 0.0054175854, 0.005286868, 0.005217522, 0.005070904, 0.0049142763, 0.00483234, 0.004660614, 0.0044794944, 0.004287863, 0.0041879416, 0.0039787423, 0.0037569061, 0.0036411942, 0.003405677, 0.0031856156, 0.0030994273, 0.003047941, 0.0032630682, 0, 0, 0, 0, 0, 0, 0, 0, 0, 0, 0, 0, 0, 0, 0, 0, 0, 0, 0, 0, 0, 0, 0, 0, 0, 0, 0, 0, 0, 0, 0, 0, 0, 0, 0, 0, 0, 0, 0, 0, 0, 0, 0, 0, 0, 0, 0, 0
0, 0, 0, 0, 0, 0, 0, 0, 0, 0, 0, 0, 0, 0, 0, 0, 0, 0, 0, 0, 0, 0, 0, 0, 0, 0, 0, 0.0031760223, 0.003039536, 0.0028838937, 0.0029934726, 0.0031065126, 0.003373651, 0.0036466806, 0.003903111, 0.0040232474, 0.004250199, 0.004460275, 0.004559838, 0.004749627, 0.004928083, 0.0050134454, 0.0051770564, 0.005331734, 0.00547755, 0.005546887, 0.0056776186, 0.005797399, 0.0058530266, 0.0059555583, 0.006047166, 0.0061282716, 0.006165322, 0.006232464, 0.006292057, 0.006319207, 0.006368045, 0.0064100074, 0.006428474, 0.0064607174, 0.0064868396, 0.0065063667, 0.0065140086, 0.006523644, 0.0065263854, 0.006524815, 0.0065166764, 0.0065012816, 0.00647826, 0.006463883, 0.006428634, 0.006384847, 0.006359866, 0.006303733, 0.0062399767, 0.006169424, 0.0061320453, 0.006052923, 0.005968256, 0.005923932, 0.0058309906, 0.0057311626, 0.0056780973, 0.0055648703, 0.0054411213, 0.005305609, 0.005233486, 0.0050810343, 0.0049184337, 0.0048335153, 0.004657198, 0.004471962, 0.004277049, 0.0041756053, 0.003962976, 0.0037349986, 0.003614295, 0.003358817, 0.0030930273, 0.002966913, 0.002789513, 0.0028921575, 0.0035264082, 0, 0, 0, 0, 0, 0, 0, 0, 0, 0, 0, 0, 0, 0, 0, 0, 0, 0, 0, 0, 0, 0, 0, 0, 0, 0, 0, 0, 0, 0, 0, 0, 0, 0, 0, 0, 0, 0, 0, 0, 0, 0, 0, 0, 0, 0, 0
0, 0, 0, 0, 0, 0, 0, 0, 0, 0, 0, 0, 0, 0, 0, 0, 0, 0, 0, 0, 0, 0, 0, 0, 0, 0, 0, 0.004191913, 0.00369144, 0.0030759184, 0.003027139, 0.0031147539, 0.0033712296, 0.0036486564, 0.003909825, 0.0040318957, 0.0042600986, 0.0044700815, 0.004569172, 0.0047576656, 0.00493448, 0.0050191795, 0.005181605, 0.0053355945, 0.005481617, 0.005551157, 0.005682652, 0.0058033844, 0.0058595245, 0.005963115, 0.00605539, 0.006137518, 0.0061751544, 0.0062440797, 0.0063064713, 0.006335545, 0.0063889516, 0.0064364225, 0.0064577307, 0.0064954874, 0.006526131, 0.0065492317, 0.0065576592, 0.006568283, 0.006570147, 0.0065677236, 0.0065572443, 0.006539066, 0.006513286, 0.0064976313, 0.006460339, 0.0064149797, 0.0063893963, 0.0063321707, 0.0062680324, 0.006197425, 0.0061599375, 0.006080711, 0.0059956596, 0.005950945, 0.005857033, 0.005755213, 0.005700977, 0.0055847624, 0.005456994, 0.0053173155, 0.005243267, 0.005087165, 0.0049215574, 0.004835678, 0.0046572294, 0.004469722, 0.0042724973, 0.004169475, 0.003952098, 0.003716958, 0.0035911603, 0.0033215405, 0.0030313171, 0.002885666, 0.0026369228, 0.0025622277, 0.0027392586, 0, 0, 0, 0, 0, 0, 0, 0, 0, 0, 0, 0, 0, 0, 0, 0, 0, 0, 0, 0, 0, 0, 0, 0, 0, 0, 0, 0, 0, 0, 0, 0, 0, 0, 0, 0, 0, 0, 0, 0, 0, 0, 0, 0, 0, 0, 0
0, 0, 0, 0, 0, 0, 0, 0, 0, 0, 0, 0, 0, 0, 0, 0, 0, 0, 0, 0, 0, 0, 0, 0, 0, 0, 0, 0, 0.0038344515, 0.003179279, 0.003075188, 0.0031470114, 0.0033866884, 0.00365723, 0.003915002, 0.004036299, 0.004263021, 0.004471724, 0.0045702015, 0.0047567347, 0.0049312687, 0.0050148326, 0.005175071, 0.005327288, 0.0054714913, 0.0055405037, 0.005671606, 0.0057928003, 0.0058494452, 0.005954691, 0.006049628, 0.0061350134, 0.0061745215, 0.0062478124, 0.006314975, 0.006346655, 0.006405845, 0.006459168, 0.0064834505, 0.006526407, 0.0065613873, 0.006587573, 0.0065968884, 0.006608001, 0.0066090445, 0.006605639, 0.0065926197, 0.0065710773, 0.0065421946, 0.0065251263, 0.0064854687, 0.006438582, 0.0064124875, 0.0063557625, 0.0062925983, 0.0062236045, 0.0061868657, 0.006109276, 0.0060251714, 0.0059806635, 0.005886312, 0.0057829716, 0.00572783, 0.005609476, 0.0054797106, 0.0053386996, 0.005264647, 0.005108962, 0.0049452265, 0.0048602107, 0.004684137, 0.0044990373, 0.0043031164, 0.004200441, 0.003983895, 0.003749667, 0.0036250972, 0.0033600295, 0.0030766858, 0.0029339138, 0.002680279, 0.0025813673, 0.0028970472, 0.003276703, 0, 0, 0, 0, 0, 0, 0, 0, 0, 0, 0, 0, 0, 0, 0, 0, 0, 0, 0, 0, 0, 0, 0, 0, 0, 0, 0, 0, 0, 0, 0, 0, 0, 0, 0, 0, 0, 0, 0, 0, 0, 0, 0, 0, 0, 0
0, 0, 0, 0, 0, 0, 0, 0, 0, 0, 0, 0, 0, 0, 0, 0, 0, 0, 0, 0, 0, 0, 0, 0, 0, 0, 0, 0, 0, 0.0034110183, 0.0032261491, 0.0032408189, 0.0034052196, 0.0036446005, 0.00389393, 0.0040144953, 0.0042425953, 0.0044536497, 0.004552993, 0.0047406, 0.004915423, 0.0049987086, 0.0051582656, 0.0053095915, 0.005452843, 0.0055215326, 0.0056526707, 0.005775041, 0.005832843, 0.005941609, 0.006041325, 0.006132253, 0.00617471, 0.0062542884, 0.006327289, 0.006361562, 0.006425821, 0.0064837164, 0.0065099387, 0.0065562497, 0.0065937685, 0.006620964, 0.0066309087, 0.0066419025, 0.006641695, 0.006637717, 0.006622597, 0.006598831, 0.0065680705, 0.0065501654, 0.006509475, 0.00646249, 0.006436836, 0.0063816467, 0.00632109, 0.006255059, 0.0062200367, 0.006145324, 0.0060636285, 0.0060199476, 0.005926249, 0.005823235, 0.005768032, 0.0056498107, 0.005521227, 0.0053831907, 0.005310953, 0.005160218, 0.0050027138, 0.004921083, 0.0047520185, 0.004573931, 0.0043856185, 0.004287058, 0.0040797386, 0.0038583083, 0.0037420557, 0.003499596, 0.0032478743, 0.0031234426, 0.0029060352, 0.0028254578, 0.003110451, 0.003475584, 0, 0, 0, 0, 0, 0, 0, 0, 0, 0, 0, 0, 0, 0, 0, 0, 0, 0, 0, 0, 0, 0, 0, 0, 0, 0, 0, 0, 0, 0, 0, 0, 0, 0, 0, 0, 0, 0, 0, 0, 0, 0, 0, 0, 0, 0
0, 0, 0, 0, 0, 0, 0, 0, 0, 0, 0, 0, 0, 0, 0, 0, 0, 0, 0, 0, 0, 0, 0, 0, 0, 0, 0, 0, 0, 0.004230011, 0.0034895376, 0.0033553622, 0.0033770844, 0.0035798217, 0.0038292778, 0.003954015, 0.004192125, 0.004411461, 0.004514254, 0.004707584, 0.004887066, 0.004972139, 0.005134907, 0.0052882833, 0.005433539, 0.0055031315, 0.0056363973, 0.005761865, 0.0058217263, 0.005935148, 0.0060409075, 0.006138191, 0.006183891, 0.006269583, 0.00634786, 0.0063843657, 0.0064520375, 0.006512335, 0.0065391273, 0.006586457, 0.0066240886, 0.006651417, 0.006660987, 0.0066713956, 0.006670745, 0.006666359, 0.006651019, 0.006627403, 0.0065973317, 0.006580143, 0.006541376, 0.0064969617, 0.006472791, 0.006420636, 0.006363498, 0.0063015316, 0.0062684817, 0.006197449, 0.0061186347, 0.006076021, 0.0059845136, 0.0058835265, 0.0058292663, 0.0057137758, 0.00558969, 0.005457118, 0.0053884014, 0.0052458216, 0.0050974824, 0.005020765, 0.0048619905, 0.004695351, 0.004519721, 0.0044279182, 0.004237089, 0.004036205, 0.003932131, 0.0037184737, 0.0035021044, 0.003396514, 0.0032098754, 0.003120989, 0.0032970505, 0.0035660823, 0.0045029293, 0, 0, 0, 0, 0, 0, 0, 0, 0, 0, 0, 0, 0, 0, 0, 0, 0, 0, 0, 0, 0, 0, 0, 0, 0, 0, 0, 0, 0, 0, 0, 0, 0, 0, 0, 0, 0, 0, 0, 0, 0, 0, 0, 0, 0
0, 0, 0, 0, 0, 0, 0, 0, 0, 0, 0, 0, 0, 0, 0, 0, 0, 0, 0, 0, 0, 0, 0, 0, 0, 0, 0, 0, 0, 0.0044745514, 0.003552987, 0.0033239138, 0.0032630062, 0.0034628862, 0.0037300081, 0.0038637768, 0.0041170116, 0.0043481714, 0.0044560656, 0.0046588806, 0.00484675, 0.0049359933, 0.0051063295, 0.005266508, 0.005417558, 0.005489781, 0.00562832, 0.0057586194, 0.0058208616, 0.0059396224, 0.0060506784, 0.006153459, 0.0062018856, 0.0062923413, 0.00637484, 0.006412718, 0.006482473, 0.0065435967, 0.0065706116, 0.0066177645, 0.0066548632, 0.0066817543, 0.006691223, 0.0067018066, 0.0067018075, 0.006698272, 0.0066851894, 0.0066651367, 0.006639314, 0.006624381, 0.0065906136, 0.0065513453, 0.0065296465, 0.006481885, 0.006429224, 0.0063710026, 0.0063394723, 0.0062714266, 0.0061955964, 0.0061544483, 0.0060652574, 0.0059674596, 0.005915119, 0.005804479, 0.005685999, 0.0055609597, 0.0054962663, 0.005362948, 0.005224534, 0.0051531894, 0.0050062486, 0.004852702, 0.0046916287, 0.0046080337, 0.004434464, 0.004252903, 0.0041589593, 0.0039663534, 0.0037688906, 0.0036699066, 0.003480629, 0.0033397893, 0.0033615532, 0.0035051883, 0.0042454153, 0, 0, 0, 0, 0, 0, 0, 0, 0, 0, 0, 0, 0, 0, 0, 0, 0, 0, 0, 0, 0, 0, 0, 0, 0, 0, 0, 0, 0, 0, 0, 0, 0, 0, 0, 0, 0, 0, 0, 0, 0, 0, 0, 0, 0
0, 0, 0, 0, 0, 0, 0, 0, 0, 0, 0, 0, 0, 0, 0, 0, 0, 0, 0, 0, 0, 0, 0, 0, 0, 0, 0, 0, 0, 0, 0.0034883833, 0.0032364733, 0.0031571984, 0.003356382, 0.0036294796, 0.0037670461, 0.004028125, 0.004268593, 0.004381599, 0.0045954464, 0.004794914, 0.0048899213, 0.00507151, 0.005242184, 0.0054025888, 0.005478994, 0.005624922, 0.0057617575, 0.005826899, 0.0059505873, 0.006065765, 0.0061723804, 0.006222563, 0.0063164546, 0.006402024, 0.006441464, 0.0065133576, 0.006575926, 0.0066034375, 0.006651298, 0.006689078, 0.0067165983, 0.00672653, 0.0067390245, 0.00674217, 0.0067405878, 0.00673256, 0.006718728, 0.0066997395, 0.0066885594, 0.0066621555, 0.0066298475, 0.0066110734, 0.0065687797, 0.006520142, 0.006464938, 0.0064345375, 0.006368398, 0.006294454, 0.006254388, 0.006168084, 0.0060739964, 0.0060240054, 0.005918396, 0.0058065075, 0.0056887683, 0.0056279856, 0.0055028237, 0.005373603, 0.0053073806, 0.0051710363, 0.0050289594, 0.0048804125, 0.00480301, 0.0046419404, 0.0044712108, 0.00438166, 0.004193867, 0.003992811, 0.0038865774, 0.003663224, 0.0034389766, 0.003274205, 0.0032561445, 0.003441962, 0, 0, 0, 0, 0, 0, 0, 0, 0, 0, 0, 0, 0, 0, 0, 0, 0, 0, 0, 0, 0, 0, 0, 0, 0, 0, 0, 0, 0, 0, 0, 0, 0, 0, 0, 0, 0, 0, 0, 0, 0, 0, 0, 0, 0
0, 0, 0, 0, 0, 0, 0, 0, 0, 0, 0, 0, 0, 0, 0, 0, 0, 0, 0, 0, 0, 0, 0, 0, 0, 0, 0, 0, 0, 0, 0.0035290592, 0.003387093, 0.0032224916, 0.0033194262, 0.003543901, 0.0036712862, 0.0039282925, 0.004174892, 0.0042929198, 0.004519069, 0.004732167, 0.004833932, 0.005028505, 0.0052112923, 0.0053824, 0.0054639787, 0.0056183194, 0.0057624257, 0.005830621, 0.0059593813, 0.006078275, 0.0061882352, 0.006240002, 0.006337151, 0.0064260033, 0.0064670932, 0.0065423395, 0.0066081174, 0.0066373073, 0.006688501, 0.0067291036, 0.0067595835, 0.0067712087, 0.006787351, 0.006795343, 0.0067967023, 0.006795538, 0.0067894077, 0.006779044, 0.00677198, 0.006753564, 0.0067283004, 0.0067128427, 0.006675857, 0.0066304808, 0.0065772207, 0.0065474436, 0.00648199, 0.006408923, 0.0063699125, 0.006286171, 0.0061958786, 0.0061481814, 0.006048071, 0.0059419023, 0.0058302484, 0.0057724956, 0.0056541055, 0.005531497, 0.0054686423, 0.005339512, 0.005204857, 0.0050627515, 0.004988174, 0.0048306794, 0.0046600867, 0.004568911, 0.0043727453, 0.004155278, 0.0040363227, 0.0037760774, 0.003490114, 0.0032222678, 0.0031356409, 0.003234606, 0.0039926902, 0, 0, 0, 0, 0, 0, 0, 0, 0, 0, 0, 0, 0, 0, 0, 0, 0, 0, 0, 0, 0, 0, 0, 0, 0, 0, 0, 0, 0, 0, 0, 0, 0, 0, 0, 0, 0, 0, 0, 0, 0, 0, 0, 0
0, 0, 0, 0, 0, 0, 0, 0, 0, 0, 0, 0, 0, 0, 0, 0, 0, 0, 0, 0, 0, 0, 0, 0, 0, 0, 0, 0, 0, 0, 0.004724811, 0.004181367, 0.0034543495, 0.003302362, 0.0034411314, 0.0035554213, 0.0038107184, 0.004068798, 0.004194082, 0.0044349167, 0.0046620974, 0.0047705397, 0.004977455, 0.005171476, 0.005352875, 0.005439044, 0.0056020482, 0.005753728, 0.0058252052, 0.00596005, 0.006084121, 0.0061986647, 0.0062524737, 0.0063539683, 0.006446955, 0.0064903004, 0.006570405, 0.006641316, 0.006672863, 0.006728763, 0.0067740497, 0.006809435, 0.0068233274, 0.0068449886, 0.006859156, 0.0068639456, 0.0068701743, 0.006872102, 0.0068695904, 0.0068663056, 0.0068549355, 0.006836017, 0.0068232375, 0.0067905723, 0.0067480123, 0.006695852, 0.0066663926, 0.0066013155, 0.006528998, 0.0064905314, 0.0064092157, 0.006322343, 0.006276741, 0.006181151, 0.0060794903, 0.0059719714, 0.0059163156, 0.0058013783, 0.005681978, 0.0056206235, 0.005493709, 0.0053605633, 0.0052182637, 0.005142699, 0.004981164, 0.004802815, 0.0047065695, 0.0044985125, 0.0042661605, 0.0041395174, 0.0038635843, 0.0035630486, 0.0032763628, 0.0031716404, 0.003172057, 0.0035235728, 0, 0, 0, 0, 0, 0, 0, 0, 0, 0, 0, 0, 0, 0, 0, 0, 0, 0, 0, 0, 0, 0, 0, 0, 0, 0, 0, 0, 0, 0, 0, 0, 0, 0, 0, 0, 0, 0, 0, 0, 0, 0, 0, 0
0, 0, 0, 0, 0, 0, 0, 0, 0, 0, 0, 0, 0, 0, 0, 0, 0, 0, 0, 0, 0, 0, 0, 0, 0, 0, 0, 0, 0, 0, 0, 0.00443018, 0.0035110333, 0.00319607, 0.0032945622, 0.0034101184, 0.0036826609, 0.003961724, 0.0040964787, 0.004353213, 0.004593081, 0.004706902, 0.004923246, 0.0051253196, 0.0053143906, 0.005404349, 0.005575352, 0.005734707, 0.005809917, 0.0059525413, 0.006084139, 0.0062053725, 0.006262475, 0.006369714, 0.0064678644, 0.006513769, 0.0065987343, 0.0066743796, 0.006708775, 0.0067695845, 0.0068199974, 0.0068604588, 0.0068772207, 0.006904712, 0.0069253515, 0.0069335704, 0.006946663, 0.0069554867, 0.006959137, 0.0069588227, 0.0069525694, 0.0069379946, 0.006927413, 0.0068978127, 0.006857297, 0.006806377, 0.006777427, 0.0067130867, 0.0066420096, 0.006604335, 0.006525339, 0.006440876, 0.0063966746, 0.0063038846, 0.0062047616, 0.0060990904, 0.006044011, 0.005929641, 0.005810036, 0.005748111, 0.0056194714, 0.0054824706, 0.0053345975, 0.005255648, 0.0050858483, 0.0048983046, 0.004797577, 0.0045807995, 0.004343573, 0.00421685, 0.0039484664, 0.003668324, 0.0034183755, 0.0033425777, 0.0034960327, 0.004791162, 0.0064146672, 0, 0, 0, 0, 0, 0, 0, 0, 0, 0, 0, 0, 0, 0, 0, 0, 0, 0, 0, 0, 0, 0, 0, 0, 0, 0, 0, 0, 0, 0, 0, 0, 0, 0, 0, 0, 0, 0, 0, 0, 0, 0, 0
0, 0, 0, 0, 0, 0, 0, 0, 0, 0, 0, 0, 0, 0, 0, 0, 0, 0, 0, 0, 0, 0, 0, 0, 0, 0, 0, 0, 0, 0, 0, 0, 0.00342997, 0.0030721624, 0.003165027, 0.0032859854, 0.0035761811, 0.003874087, 0.0040171267, 0.0042864713, 0.004534316, 0.0046511507, 0.00487181, 0.005078063, 0.0052715484, 0.0053643654, 0.0055417903, 0.005708867, 0.005788332, 0.0059400345, 0.0060807317, 0.0062105022, 0.0062713698, 0.0063850074, 0.0064882613, 0.0065362854, 0.0066247033, 0.0067036557, 0.0067395135, 0.0068039326, 0.006858232, 0.006903085, 0.0069223526, 0.006955401, 0.0069817617, 0.0069930954, 0.007012004, 0.007025782, 0.0070335264, 0.007034958, 0.0070320605, 0.007019982, 0.0070104594, 0.006982792, 0.006944207, 0.006895175, 0.006867084, 0.006805045, 0.0067361817, 0.0066994675, 0.0066223666, 0.0065396363, 0.0064960797, 0.006404298, 0.0063055945, 0.0061997, 0.006144324, 0.00602866, 0.005906273, 0.0058425413, 0.005709145, 0.0055662156, 0.005410924, 0.005328146, 0.005150597, 0.0049568694, 0.00485387, 0.0046356223, 0.004402054, 0.0042799995, 0.0040258835, 0.003765609, 0.0035262138, 0.003439106, 0.0034505413, 0.003994963, 0.004504656, 0, 0, 0, 0, 0, 0, 0, 0, 0, 0, 0, 0, 0, 0, 0, 0, 0, 0, 0, 0, 0, 0, 0, 0, 0, 0, 0, 0, 0, 0, 0, 0, 0, 0, 0, 0, 0, 0, 0, 0, 0, 0, 0
0, 0, 0, 0, 0, 0, 0, 0, 0, 0, 0, 0, 0, 0, 0, 0, 0, 0, 0, 0, 0, 0, 0, 0, 0, 0, 0, 0, 0, 0, 0, 0, 0.003403858, 0.0031468652, 0.0031501255, 0.0032443427, 0.0035171998, 0.0038187306, 0.0039651417, 0.0042392584, 0.0044882027, 0.004605002, 0.0048252568, 0.0050318893, 0.0052279853, 0.00532248, 0.0055053616, 0.0056794845, 0.0057632327, 0.0059236563, 0.00607327, 0.006211124, 0.006275289, 0.006394547, 0.006501562, 0.0065506496, 0.006640664, 0.0067207236, 0.006757149, 0.0068228184, 0.006879405, 0.006927693, 0.0069489107, 0.0069865077, 0.007018028, 0.0070316517, 0.007054705, 0.007071662, 0.0070816, 0.0070837, 0.0070817014, 0.007070271, 0.007060977, 0.007034719, 0.0069981553, 0.006951897, 0.0069254315, 0.00686676, 0.006801399, 0.0067660855, 0.006691048, 0.006609702, 0.006566572, 0.006474855, 0.0063758525, 0.006269398, 0.006213631, 0.006095993, 0.0059712217, 0.0059054536, 0.0057672057, 0.0056182705, 0.005457462, 0.005371905, 0.005190639, 0.004995782, 0.004893448, 0.0046793465, 0.004453457, 0.0043361834, 0.0040925625, 0.0038362665, 0.003574588, 0.0034506463, 0.003267439, 0.0032987094, 0.003429152, 0, 0, 0, 0, 0, 0, 0, 0, 0, 0, 0, 0, 0, 0, 0, 0, 0, 0, 0, 0, 0, 0, 0, 0, 0, 0, 0, 0, 0, 0, 0, 0, 0, 0, 0, 0, 0, 0, 0, 0, 0, 0, 0
0, 0, 0, 0, 0, 0, 0, 0, 0, 0, 0, 0, 0, 0, 0, 0, 0, 0, 0, 0, 0, 0, 0, 0, 0, 0, 0, 0, 0, 0, 0, 0, 0.0044927555, 0.0035386155, 0.0032332449, 0.003266039, 0.003494114, 0.0037869948, 0.0039315964, 0.00420151, 0.004446353, 0.004561113, 0.0047785253, 0.004984567, 0.005182359, 0.00527849, 0.0054658647, 0.0056459694, 0.005732862, 0.005899485, 0.0060552633, 0.0061984085, 0.0062646954, 0.0063873683, 0.0064960695, 0.006545729, 0.0066363644, 0.0067164386, 0.00675275, 0.0068189222, 0.0068769357, 0.0069278907, 0.006950886, 0.0069924644, 0.007028149, 0.007043615, 0.0070696096, 0.007087978, 0.0070980107, 0.0070997328, 0.007096778, 0.007085083, 0.0070756027, 0.007050052, 0.0070155202, 0.0069724224, 0.0069479863, 0.0068936916, 0.0068325284, 0.0067994106, 0.006727503, 0.00664829, 0.0066058957, 0.0065154964, 0.0064176093, 0.006312153, 0.0062565496, 0.0061388514, 0.006012747, 0.005945903, 0.005804934, 0.005652628, 0.0054893405, 0.0054033585, 0.0052230847, 0.005032043, 0.0049326, 0.004726317, 0.0045097815, 0.004396876, 0.0041603465, 0.0039055415, 0.003632829, 0.0034958373, 0.0032705336, 0.0033208895, 0.003631231, 0.0056531196, 0, 0, 0, 0, 0, 0, 0, 0, 0, 0, 0, 0, 0, 0, 0, 0, 0, 0, 0, 0, 0, 0, 0, 0, 0, 0, 0, 0, 0, 0, 0, 0, 0, 0, 0, 0, 0, 0, 0, 0, 0, 0
0, 0, 0, 0, 0, 0, 0, 0, 0, 0, 0, 0, 0, 0, 0, 0, 0, 0, 0, 0, 0, 0, 0, 0, 0, 0, 0, 0, 0, 0, 0, 0, 0, 0.0036812772, 0.0032899023, 0.0032944067, 0.0034859828, 0.0037573336, 0.0038939642, 0.0041527767, 0.0043910993, 0.0045041693, 0.004720967, 0.004928905, 0.0051297876, 0.005227881, 0.005419082, 0.005602629, 0.0056912145, 0.0058604437, 0.00601821, 0.00616284, 0.0062298677, 0.0063536665, 0.00646329, 0.0065134214, 0.0066047586, 0.0066854423, 0.0067224153, 0.006789988, 0.0068500834, 0.006903949, 0.0069287443, 0.006973837, 0.0070128567, 0.0070296912, 0.0070572426, 0.0070757624, 0.0070848316, 0.0070858593, 0.0070813717, 0.0070683514, 0.007058693, 0.007033754, 0.0070011215, 0.0069615855, 0.0069393474, 0.0068896944, 0.006833591, 0.006802719, 0.006735166, 0.0066601792, 0.0066196416, 0.006532912, 0.006438744, 0.0063367044, 0.006282641, 0.0061678053, 0.006043018, 0.005976509, 0.0058353622, 0.0056834985, 0.0055215745, 0.0054370123, 0.0052614748, 0.0050776373, 0.004982722, 0.0047861356, 0.0045797685, 0.004471676, 0.004244307, 0.003998058, 0.0037338308, 0.0036002968, 0.003369121, 0.0033194136, 0.0034482223, 0.0041060844, 0, 0, 0, 0, 0, 0, 0, 0, 0, 0, 0, 0, 0, 0, 0, 0, 0, 0, 0, 0, 0, 0, 0, 0, 0, 0, 0, 0, 0, 0, 0, 0, 0, 0, 0, 0, 0, 0, 0, 0, 0, 0
0, 0, 0, 0, 0, 0, 0, 0, 0, 0, 0, 0, 0, 0, 0, 0, 0, 0, 0, 0, 0, 0, 0, 0, 0, 0, 0, 0, 0, 0, 0, 0, 0, 0.0037786702, 0.0034824181, 0.0034202621, 0.003494573, 0.0037028934, 0.003823603, 0.004068423, 0.0043056365, 0.0044205873, 0.004643691, 0.0048587527, 0.0050656437, 0.005165995, 0.005359887, 0.00554432, 0.0056328382, 0.005800852, 0.0059570842, 0.0061003184, 0.006167117, 0.006291048, 0.006402054, 0.006452878, 0.006546728, 0.0066302577, 0.0066688457, 0.0067396057, 0.0068033715, 0.0068607936, 0.0068873097, 0.0069357967, 0.006977536, 0.0069953674, 0.0070238267, 0.0070423577, 0.007050611, 0.007051088, 0.007045703, 0.0070322203, 0.007022764, 0.0069990116, 0.006969108, 0.0069332547, 0.0069133104, 0.0068686204, 0.0068174386, 0.0067892624, 0.0067270505, 0.006657286, 0.006619646, 0.006538681, 0.006450218, 0.006353891, 0.006302589, 0.006192373, 0.006071829, 0.0060071466, 0.005869321, 0.0057211313, 0.0055638137, 0.00548213, 0.0053136763, 0.00513841, 0.0050483807, 0.00486246, 0.0046668597, 0.004564567, 0.0043487772, 0.0041160975, 0.0038669521, 0.0037389775, 0.0034940208, 0.0033258842, 0.0033111514, 0.0035345429, 0.0041569048, 0, 0, 0, 0, 0, 0, 0, 0, 0, 0, 0, 0, 0, 0, 0, 0, 0, 0, 0, 0, 0, 0, 0, 0, 0, 0, 0, 0, 0, 0, 0, 0, 0, 0, 0, 0, 0, 0, 0, 0, 0
0, 0, 0, 0, 0, 0, 0, 0, 0, 0, 0, 0, 0, 0, 0, 0, 0, 0, 0, 0, 0, 0, 0, 0, 0, 0, 0, 0, 0, 0, 0, 0, 0, 0.005045589, 0.0039593824, 0.0036514988, 0.0034640692, 0.0035837796, 0.0036907997, 0.0039351177, 0.0041857646, 0.004308737, 0.0045468705, 0.0047736503, 0.0049883407, 0.0050908956, 0.0052869506, 0.005470373, 0.005557434, 0.0057221907, 0.0058746603, 0.006015614, 0.0060817427, 0.0062059565, 0.0063190586, 0.0063718227, 0.006469681, 0.0065582893, 0.006599372, 0.00667537, 0.0067436965, 0.006805644, 0.0068340795, 0.0068857106, 0.0069295773, 0.0069482946, 0.0069785416, 0.006998181, 0.0070072403, 0.007008243, 0.0070039774, 0.0069922297, 0.006984096, 0.006963374, 0.0069372617, 0.006905966, 0.006888078, 0.00684833, 0.0068021016, 0.0067763706, 0.0067192665, 0.0066551687, 0.0066203997, 0.0065454217, 0.0064632404, 0.006373237, 0.0063249306, 0.006220968, 0.0061060865, 0.006044451, 0.0059128413, 0.0057711285, 0.0056206975, 0.0055429274, 0.0053824815, 0.0052162353, 0.0051307646, 0.004954587, 0.004769243, 0.004672338, 0.0044688648, 0.004250331, 0.004016074, 0.0038937554, 0.003646736, 0.0034326804, 0.0033697323, 0.003465473, 0.0041020554, 0, 0, 0, 0, 0, 0, 0, 0, 0, 0, 0, 0, 0, 0, 0, 0, 0, 0, 0, 0, 0, 0, 0, 0, 0, 0, 0, 0, 0, 0, 0, 0, 0, 0, 0, 0, 0, 0, 0, 0, 0
0, 0, 0, 0, 0, 0, 0, 0, 0, 0, 0, 0, 0, 0, 0, 0, 0, 0, 0, 0, 0, 0, 0, 0, 0, 0, 0, 0, 0, 0, 0, 0, 0, 0, 0.0040917457, 0.0036551852, 0.0033064468, 0.00339102, 0.003502975, 0.0037711442, 0.004048353, 0.004183011, 0.0044402652, 0.0046799476, 0.0049018785, 0.005006402, 0.005203291, 0.00538469, 0.005470231, 0.005631279, 0.0057807392, 0.0059195254, 0.0059856237, 0.0061107636, 0.0062273117, 0.006282116, 0.006385321, 0.006479873, 0.006523943, 0.006605746, 0.006679624, 0.0067461226, 0.0067762984, 0.0068310997, 0.006878054, 0.0068980907, 0.006931159, 0.0069541708, 0.006966872, 0.006969909, 0.006970066, 0.0069629974, 0.0069573596, 0.006941864, 0.0069212825, 0.006895391, 0.006880213, 0.006845307, 0.006803548, 0.006779806, 0.006727158, 0.0066673807, 0.0066348184, 0.0065644565, 0.0064872387, 0.006402538, 0.006356967, 0.006259253, 0.0061512724, 0.00609344, 0.005969734, 0.0058362265, 0.005694039, 0.0056200502, 0.005467807, 0.005308955, 0.005227272, 0.005058533, 0.0048809866, 0.0047882064, 0.0045939027, 0.004386073, 0.00416297, 0.004045317, 0.0038017326, 0.003570816, 0.003482349, 0.0034623153, 0.003886305, 0.0049200733, 0, 0, 0, 0, 0, 0, 0, 0, 0, 0, 0, 0, 0, 0, 0, 0, 0, 0, 0, 0, 0, 0, 0, 0, 0, 0, 0, 0, 0, 0, 0, 0, 0, 0, 0, 0, 0, 0, 0, 0
0, 0, 0, 0, 0, 0, 0, 0, 0, 0, 0, 0, 0, 0, 0, 0, 0, 0, 0, 0, 0, 0, 0, 0, 0, 0, 0, 0, 0, 0, 0, 0, 0, 0, 0.003940478, 0.0035056234, 0.0031254895, 0.0032122547, 0.003332138, 0.003622851, 0.003922364, 0.0040666093, 0.0043380763, 0.004586614, 0.0048129293, 0.0049182014, 0.0051147467, 0.0052944995, 0.0053787567, 0.0055378256, 0.0056856014, 0.005824296, 0.005890904, 0.0060184957, 0.0061387345, 0.006196069, 0.0063047064, 0.0064049517, 0.006452005, 0.006539574, 0.006618625, 0.0066897376, 0.0067220717, 0.0067808717, 0.006831759, 0.0068540066, 0.006891775, 0.0069202236, 0.006939539, 0.006945905, 0.0069528148, 0.0069530513, 0.006951022, 0.0069427476, 0.0069291447, 0.0069094948, 0.0068973843, 0.0068675345, 0.006830259, 0.0068084, 0.0067590876, 0.0067021046, 0.0066708047, 0.0066033783, 0.0065290295, 0.006447935, 0.006404783, 0.0063124713, 0.006211289, 0.0061571496, 0.0060415114, 0.0059163785, 0.005781995, 0.0057117078, 0.0055657867, 0.0054122824, 0.0053328774, 0.0051677567, 0.0049940436, 0.004903036, 0.0047126827, 0.0045089317, 0.0042889304, 0.004171579, 0.0039226445, 0.003663874, 0.0035413594, 0.0033640491, 0.0033992, 0.0036814993, 0, 0, 0, 0, 0, 0, 0, 0, 0, 0, 0, 0, 0, 0, 0, 0, 0, 0, 0, 0, 0, 0, 0, 0, 0, 0, 0, 0, 0, 0, 0, 0, 0, 0, 0, 0, 0, 0, 0, 0
0, 0, 0, 0, 0, 0, 0, 0, 0, 0, 0, 0, 0, 0, 0, 0, 0, 0, 0, 0, 0, 0, 0, 0, 0, 0, 0, 0, 0, 0, 0, 0, 0, 0, 0, 0.0034203567, 0.0031578783, 0.0031575882, 0.0032508976, 0.0035231907, 0.0038256678, 0.003973016, 0.004249722, 0.0045004445, 0.004726477, 0.004831447, 0.0050269035, 0.005205681, 0.005289796, 0.0054491158, 0.0055979295, 0.0057389354, 0.005807018, 0.00593823, 0.006063127, 0.0061231465, 0.0062366985, 0.0063422797, 0.006391772, 0.006484304, 0.006568203, 0.0066436487, 0.0066783787, 0.006742095, 0.0067980876, 0.0068230913, 0.0068667973, 0.0069022025, 0.006929201, 0.0069397357, 0.006954998, 0.006963571, 0.0069656568, 0.006965327, 0.006959599, 0.0069473614, 0.0069384486, 0.006914437, 0.0068815844, 0.0068617268, 0.006815202, 0.0067604645, 0.00673016, 0.0066643865, 0.0065919165, 0.0065132496, 0.0064717648, 0.0063833804, 0.006287626, 0.006236567, 0.006127382, 0.006008767, 0.0058802073, 0.0058122873, 0.005669684, 0.005518244, 0.005439113, 0.005274208, 0.0050994186, 0.0050077904, 0.004815422, 0.0046088286, 0.004383399, 0.004262088, 0.0040002936, 0.0037142646, 0.0035677713, 0.0033062878, 0.0032172576, 0.00359983, 0.004019257, 0, 0, 0, 0, 0, 0, 0, 0, 0, 0, 0, 0, 0, 0, 0, 0, 0, 0, 0, 0, 0, 0, 0, 0, 0, 0, 0, 0, 0, 0, 0, 0, 0, 0, 0, 0, 0, 0, 0
0, 0, 0, 0, 0, 0, 0, 0, 0, 0, 0, 0, 0, 0, 0, 0, 0, 0, 0, 0, 0, 0, 0, 0, 0, 0, 0, 0, 0, 0, 0, 0, 0, 0, 0, 0.0044851834, 0.003519401, 0.0032074666, 0.0032374582, 0.0034620694, 0.0037543948, 0.0038999314, 0.0041736118, 0.0044209734, 0.004644534, 0.00474854, 0.0049433494, 0.0051228134, 0.0052077887, 0.0053695617, 0.005522268, 0.0056677125, 0.0057382537, 0.0058747265, 0.0060049505, 0.0060674762, 0.0061863577, 0.0062966356, 0.0063484525, 0.006445446, 0.006533776, 0.006613802, 0.0066509023, 0.006719686, 0.006781101, 0.0068090665, 0.006859166, 0.006901595, 0.0069360426, 0.006950554, 0.006974136, 0.006990813, 0.0069969757, 0.0070047635, 0.007006772, 0.007001989, 0.00699656, 0.0069787833, 0.0069511295, 0.0069333697, 0.0068904473, 0.0068380395, 0.006808742, 0.0067446413, 0.0066739693, 0.006597243, 0.0065567135, 0.0064708036, 0.006377563, 0.0063279956, 0.0062218057, 0.0061059734, 0.005979457, 0.0059122397, 0.005769797, 0.0056169033, 0.0055366824, 0.005368536, 0.005189646, 0.0050955983, 0.0048973584, 0.004682903, 0.004448153, 0.004321892, 0.0040483987, 0.003748889, 0.0035938763, 0.003306999, 0.0031702714, 0.0034663875, 0.0038780887, 0, 0, 0, 0, 0, 0, 0, 0, 0, 0, 0, 0, 0, 0, 0, 0, 0, 0, 0, 0, 0, 0, 0, 0, 0, 0, 0, 0, 0, 0, 0, 0, 0, 0, 0, 0, 0, 0, 0
0, 0, 0, 0, 0, 0, 0, 0, 0, 0, 0, 0, 0, 0, 0, 0, 0, 0, 0, 0, 0, 0, 0, 0, 0, 0, 0, 0, 0, 0, 0, 0, 0, 0, 0, 0, 0.0036274611, 0.0032304756, 0.0032327448, 0.0034224584, 0.0036960645, 0.003835261, 0.004100148, 0.004342535, 0.0045642075, 0.0046682996, 0.004864714, 0.005047354, 0.0051342244, 0.0053008073, 0.005459277, 0.005611305, 0.005685065, 0.0058281207, 0.0059642256, 0.006029437, 0.006153707, 0.006268873, 0.006323127, 0.0064242547, 0.006516731, 0.0066012647, 0.0066405497, 0.006714193, 0.006780734, 0.0068114004, 0.0068675033, 0.006916366, 0.006957932, 0.006975913, 0.0070066173, 0.007030517, 0.0070402836, 0.0070552137, 0.007064012, 0.007065819, 0.0070634745, 0.007051694, 0.007029054, 0.007013599, 0.0069745374, 0.0069255354, 0.006897554, 0.006835624, 0.0067668823, 0.0066914144, 0.006651076, 0.0065655243, 0.0064718653, 0.0064220503, 0.0063151396, 0.006197996, 0.006069682, 0.006001318, 0.005856146, 0.0056999815, 0.005617967, 0.0054455446, 0.00526123, 0.0051641804, 0.0049591023, 0.004737002, 0.00449442, 0.0043648295, 0.004086038, 0.003783056, 0.00362554, 0.0033185114, 0.0030897034, 0.0030797753, 0.0031908355, 0, 0, 0, 0, 0, 0, 0, 0, 0, 0, 0, 0, 0, 0, 0, 0, 0, 0, 0, 0, 0, 0, 0, 0, 0, 0, 0, 0, 0, 0, 0, 0, 0, 0, 0, 0, 0, 0, 0
0, 0, 0, 0, 0, 0, 0, 0, 0, 0, 0, 0, 0, 0, 0, 0, 0, 0, 0, 0, 0, 0, 0, 0, 0, 0, 0, 0, 0, 0, 0, 0, 0, 0, 0, 0, 0.0036795216, 0.0033918596, 0.0033340391, 0.003416674, 0.0036351061, 0.0037610426, 0.004014929, 0.004256371, 0.004481075, 0.0045873537, 0.004788806, 0.0049777078, 0.0050678714, 0.0052415603, 0.005407755, 0.0055674626, 0.0056448006, 0.0057947, 0.0059370776, 0.006005199, 0.006134882, 0.0062551154, 0.006311734, 0.0064175953, 0.006514354, 0.006603199, 0.006644836, 0.0067225825, 0.0067941775, 0.006827329, 0.006888941, 0.006943742, 0.006991314, 0.0070124576, 0.007049105, 0.0070789885, 0.007091423, 0.00711164, 0.007125196, 0.0071312576, 0.007131363, 0.0071236617, 0.007105312, 0.007091663, 0.0070565096, 0.007010773, 0.0069843912, 0.0069247195, 0.00685706, 0.006781814, 0.006741125, 0.006653705, 0.0065576793, 0.0065061436, 0.006395759, 0.006275042, 0.0061432202, 0.006073163, 0.0059244074, 0.005764967, 0.0056809955, 0.0055051246, 0.0053169415, 0.00521804, 0.0050089457, 0.004782729, 0.004538079, 0.0044081365, 0.0041321847, 0.0038358986, 0.0036815978, 0.0033714762, 0.0031025931, 0.0030038618, 0.0030989083, 0.0037516954, 0, 0, 0, 0, 0, 0, 0, 0, 0, 0, 0, 0, 0, 0, 0, 0, 0, 0, 0, 0, 0, 0, 0, 0, 0, 0, 0, 0, 0, 0, 0, 0, 0, 0, 0, 0, 0, 0
0, 0, 0, 0, 0, 0, 0, 0, 0, 0, 0, 0, 0, 0, 0, 0, 0, 0, 0, 0, 0, 0, 0, 0, 0, 0, 0, 0, 0, 0, 0, 0, 0, 0, 0, 0, 0.0048977304, 0.0038554007, 0.003563954, 0.0033997102, 0.0035374705, 0.0036518015, 0.0039048071, 0.0041550784, 0.004389696, 0.00450057, 0.0047112834, 0.004909295, 0.0050044185, 0.0051879217, 0.005363254, 0.0055311676, 0.0056125033, 0.005769554, 0.0059181526, 0.005989299, 0.0061243377, 0.0062498413, 0.0063089, 0.006419782, 0.0065214317, 0.0066145444, 0.0066582877, 0.0067407372, 0.006816855, 0.0068526166, 0.0069193356, 0.0069790594, 0.007031554, 0.0070551075, 0.007096202, 0.0071302005, 0.0071442802, 0.0071673887, 0.007183097, 0.0071910582, 0.0071916506, 0.0071855183, 0.0071689943, 0.0071565392, 0.007123526, 0.0070803026, 0.0070548565, 0.0069967597, 0.006929232, 0.0068528536, 0.006811119, 0.0067211594, 0.006622101, 0.0065688835, 0.006455333, 0.0063315365, 0.006197214, 0.0061261156, 0.0059756446, 0.0058148154, 0.0057304394, 0.005553355, 0.0053643994, 0.00526518, 0.005055996, 0.0048317607, 0.004591897, 0.0044658617, 0.0042016916, 0.003922666, 0.0037785256, 0.0034900985, 0.0032368517, 0.0031356034, 0.0032179332, 0.0038464023, 0, 0, 0, 0, 0, 0, 0, 0, 0, 0, 0, 0, 0, 0, 0, 0, 0, 0, 0, 0, 0, 0, 0, 0, 0, 0, 0, 0, 0, 0, 0, 0, 0, 0, 0, 0, 0, 0
0, 0, 0, 0, 0, 0, 0, 0, 0, 0, 0, 0, 0, 0, 0, 0, 0, 0, 0, 0, 0, 0, 0, 0, 0, 0, 0, 0, 0, 0, 0, 0, 0, 0, 0, 0, 0, 0.0040164166, 0.0036021841, 0.003283997, 0.0033877904, 0.0035049007, 0.0037742085, 0.004040423, 0.0042878287, 0.004404653, 0.0046268716, 0.0048368676, 0.0049379664, 0.0051329504, 0.005318999, 0.005496593, 0.005582116, 0.005746281, 0.0059016007, 0.0059756557, 0.006116633, 0.0062478287, 0.0063096187, 0.0064258007, 0.0065323156, 0.006630404, 0.0066766995, 0.006763663, 0.0068439324, 0.006881825, 0.006952225, 0.007015387, 0.0070705754, 0.007095288, 0.0071385503, 0.0071740663, 0.0071888505, 0.0072124833, 0.007227805, 0.0072345366, 0.0072345315, 0.0072270953, 0.007209999, 0.0071974434, 0.007165027, 0.007122146, 0.0070969155, 0.0070386566, 0.0069703828, 0.0068927645, 0.006850386, 0.006758532, 0.0066581657, 0.006604556, 0.006490776, 0.0063673337, 0.006234165, 0.006163717, 0.0060145445, 0.005855348, 0.005771864, 0.0055963146, 0.0054099225, 0.005312222, 0.005107676, 0.0048907567, 0.0046614506, 0.0045422674, 0.004295158, 0.00403787, 0.0039061657, 0.003642115, 0.003401314, 0.003263467, 0.003286224, 0.0036950877, 0.004695188, 0, 0, 0, 0, 0, 0, 0, 0, 0, 0, 0, 0, 0, 0, 0, 0, 0, 0, 0, 0, 0, 0, 0, 0, 0, 0, 0, 0, 0, 0, 0, 0, 0, 0, 0, 0, 0
0, 0, 0, 0, 0, 0, 0, 0, 0, 0, 0, 0, 0, 0, 0, 0, 0, 0, 0, 0, 0, 0, 0, 0, 0, 0, 0, 0, 0, 0, 0, 0, 0, 0, 0, 0, 0, 0, 0.003525252, 0.0032611245, 0.003235857, 0.0033077076, 0.0035307736, 0.00379029, 0.004051686, 0.0041798386, 0.0044295755, 0.0046695033, 0.0047853626, 0.0050079897, 0.0052180197, 0.0054151216, 0.0055092224, 0.0056888945, 0.005857373, 0.0059379856, 0.006091589, 0.0062344824, 0.006302079, 0.0064290212, 0.006545367, 0.006651457, 0.0067011793, 0.006793454, 0.0068775215, 0.006916512, 0.0069878814, 0.007050501, 0.0071043014, 0.0071278024, 0.0071686003, 0.0072002835, 0.0072130174, 0.007231272, 0.0072402693, 0.0072394954, 0.0072359056, 0.0072221207, 0.0071997824, 0.0071853204, 0.00715011, 0.007105488, 0.00707955, 0.007020374, 0.0069523915, 0.00687656, 0.0068358574, 0.006749598, 0.006656977, 0.0066080187, 0.00650493, 0.0063932585, 0.006271579, 0.0062067625, 0.00606843, 0.0059190122, 0.00584018, 0.005675028, 0.0055007865, 0.005410421, 0.005223917, 0.005030074, 0.004828868, 0.004725316, 0.004511282, 0.004286142, 0.004168213, 0.0039187423, 0.0036507973, 0.0033811233, 0.003265154, 0.0031735508, 0.0035353184, 0.0039534853, 0, 0, 0, 0, 0, 0, 0, 0, 0, 0, 0, 0, 0, 0, 0, 0, 0, 0, 0, 0, 0, 0, 0, 0, 0, 0, 0, 0, 0, 0, 0, 0, 0, 0, 0, 0
0, 0, 0, 0, 0, 0, 0, 0, 0, 0, 0, 0, 0, 0, 0, 0, 0, 0, 0, 0, 0, 0, 0, 0, 0, 0, 0, 0, 0, 0, 0, 0, 0, 0, 0, 0, 0, 0, 0.004695884, 0.0036934228, 0.0032828664, 0.0032595259, 0.003399754, 0.0036469405, 0.0039209016, 0.0040587345, 0.004328389, 0.004585847, 0.0047093704, 0.004944476, 0.00516398, 0.0053683934, 0.0054655788, 0.0056505124, 0.0058240383, 0.0059070033, 0.006065074, 0.0062123053, 0.0062818173, 0.0064121094, 0.006530737, 0.006637939, 0.006687812, 0.0067799743, 0.006863069, 0.006901279, 0.0069708354, 0.0070317993, 0.007083584, 0.0071060928, 0.0071445587, 0.00717393, 0.007184962, 0.007199848, 0.0072050723, 0.0072011007, 0.0071959435, 0.0071796225, 0.007155761, 0.007140948, 0.00710549, 0.0070612407, 0.007035721, 0.0069782073, 0.006913245, 0.0068413806, 0.0068034986, 0.0067233224, 0.006637655, 0.006592513, 0.0064969403, 0.0063926065, 0.0062778927, 0.006216267, 0.0060845483, 0.0059414078, 0.005866098, 0.0057084123, 0.0055427845, 0.005457376, 0.005281693, 0.0051002274, 0.004912681, 0.0048160353, 0.004615283, 0.004401796, 0.00428901, 0.004048494, 0.0037873508, 0.0035226122, 0.0034072085, 0.0033088748, 0.0036362568, 0.0040585552, 0, 0, 0, 0, 0, 0, 0, 0, 0, 0, 0, 0, 0, 0, 0, 0, 0, 0, 0, 0, 0, 0, 0, 0, 0, 0, 0, 0, 0, 0, 0, 0, 0, 0, 0, 0
0, 0, 0, 0, 0, 0, 0, 0, 0, 0, 0, 0, 0, 0, 0, 0, 0, 0, 0, 0, 0, 0, 0, 0, 0, 0, 0, 0, 0, 0, 0, 0, 0, 0, 0, 0, 0, 0, 0, 0.003841251, 0.0032122706, 0.003130486, 0.0032359385, 0.0034990949, 0.0038012676, 0.0039524273, 0.0042443997, 0.0045175646, 0.004646306, 0.0048883553, 0.005111633, 0.0053180796, 0.0054161344, 0.005602654, 0.0057779197, 0.005861818, 0.006021451, 0.0061701094, 0.006239996, 0.006370691, 0.0064889523, 0.0065953517, 0.006644489, 0.0067354767, 0.006817241, 0.006854774, 0.0069239144, 0.0069845966, 0.007036683, 0.007059291, 0.007097716, 0.0071262997, 0.007136821, 0.007150146, 0.0071536973, 0.0071483273, 0.0071425918, 0.0071258037, 0.007102308, 0.007088001, 0.00705391, 0.007012009, 0.0069880136, 0.006934317, 0.00687391, 0.0068078297, 0.006772669, 0.006698524, 0.006619114, 0.0065771244, 0.006487439, 0.0063890805, 0.0062801954, 0.006221607, 0.006096046, 0.005960015, 0.005888481, 0.0057392204, 0.0055828793, 0.0055025937, 0.0053379545, 0.005168209, 0.0049920897, 0.0049011945, 0.0047113844, 0.0045088786, 0.00440156, 0.0041731247, 0.0039275712, 0.003678513, 0.0035661, 0.003432699, 0.003603492, 0.0039008965, 0.004958429, 0, 0, 0, 0, 0, 0, 0, 0, 0, 0, 0, 0, 0, 0, 0, 0, 0, 0, 0, 0, 0, 0, 0, 0, 0, 0, 0, 0, 0, 0, 0, 0, 0, 0, 0
0, 0, 0, 0, 0, 0, 0, 0, 0, 0, 0, 0, 0, 0, 0, 0, 0, 0, 0, 0, 0, 0, 0, 0, 0, 0, 0, 0, 0, 0, 0, 0, 0, 0, 0, 0, 0, 0, 0, 0.0037450206, 0.0030968485, 0.0030035272, 0.003109986, 0.0033936878, 0.0037209366, 0.0038829637, 0.0041903714, 0.004470139, 0.004599443, 0.004839559, 0.0050587985, 0.005261373, 0.0053575644, 0.0055413037, 0.005714547, 0.0057975044, 0.005955396, 0.0061020707, 0.0061709527, 0.006299451, 0.0064156516, 0.0065201935, 0.00656888, 0.006658999, 0.0067408634, 0.0067790737, 0.006850173, 0.0069136308, 0.006969038, 0.006993414, 0.007034962, 0.007066227, 0.0070777987, 0.0070929783, 0.007098035, 0.007094015, 0.0070889387, 0.0070737796, 0.007052285, 0.0070392606, 0.00700816, 0.006970151, 0.0069484524, 0.006899931, 0.006845066, 0.006784395, 0.00675192, 0.006682737, 0.0066077914, 0.0065679173, 0.006482717, 0.0063885506, 0.00628451, 0.006228698, 0.0061093844, 0.0059805084, 0.0059129936, 0.0057722996, 0.005625217, 0.005549781, 0.0053952616, 0.0052352757, 0.005068226, 0.0049813553, 0.004799553, 0.0046043587, 0.0045008156, 0.0042802705, 0.004041899, 0.0037897592, 0.0036644393, 0.0034469746, 0.0033662647, 0.0034250896, 0.0037159747, 0, 0, 0, 0, 0, 0, 0, 0, 0, 0, 0, 0, 0, 0, 0, 0, 0, 0, 0, 0, 0, 0, 0, 0, 0, 0, 0, 0, 0, 0, 0, 0, 0, 0, 0
0, 0, 0, 0, 0, 0, 0, 0, 0, 0, 0, 0, 0, 0, 0, 0, 0, 0, 0, 0, 0, 0, 0, 0, 0, 0, 0, 0, 0, 0, 0, 0, 0, 0, 0, 0, 0, 0, 0, 0, 0.0032081741, 0.003099797, 0.0031207113, 0.0033680024, 0.003692236, 0.0038557148, 0.0041622203, 0.004434714, 0.004559002, 0.00478805, 0.004997107, 0.0051913746, 0.0052845273, 0.005462828, 0.0056315507, 0.005712421, 0.005866474, 0.0060094474, 0.006076602, 0.006202168, 0.00631634, 0.006420127, 0.006468838, 0.0065599354, 0.0066442285, 0.0066841235, 0.006759411, 0.006828111, 0.0068892557, 0.0069166706, 0.0069639734, 0.0070010917, 0.007015457, 0.007035974, 0.007045449, 0.0070456136, 0.007042539, 0.0070310584, 0.0070131966, 0.0070019523, 0.0069749868, 0.0069417115, 0.0069226483, 0.006879664, 0.0068303742, 0.006774856, 0.006744703, 0.0066796383, 0.006608239, 0.006570091, 0.0064879847, 0.0063980217, 0.006298532, 0.006245265, 0.006131995, 0.006009944, 0.005946126, 0.0058135428, 0.005675093, 0.005603939, 0.0054574213, 0.0053044762, 0.0051435228, 0.0050590895, 0.004880796, 0.004688197, 0.004585222, 0.004365176, 0.004122695, 0.0038571057, 0.0037172462, 0.00344219, 0.0032506415, 0.0032478706, 0.0036437896, 0, 0, 0, 0, 0, 0, 0, 0, 0, 0, 0, 0, 0, 0, 0, 0, 0, 0, 0, 0, 0, 0, 0, 0, 0, 0, 0, 0, 0, 0, 0, 0, 0, 0, 0
0, 0, 0, 0, 0, 0, 0, 0, 0, 0, 0, 0, 0, 0, 0, 0, 0, 0, 0, 0, 0, 0, 0, 0, 0, 0, 0, 0, 0, 0, 0, 0, 0, 0, 0, 0, 0, 0, 0, 0, 0.0039393906, 0.0035367915, 0.003254718, 0.0034046911, 0.0036966556, 0.003849718, 0.0041358154, 0.004388982, 0.0045044823, 0.004718688, 0.0049168174, 0.0051039755, 0.0051940074, 0.0053679105, 0.0055329856, 0.0056119557, 0.0057625766, 0.005902745, 0.005968841, 0.0060931686, 0.0062075797, 0.0063128625, 0.0063625067, 0.0064564, 0.006544298, 0.006586367, 0.006666121, 0.0067401184, 0.006807323, 0.006837929, 0.0068920963, 0.0069362503, 0.006954087, 0.0069816643, 0.0069981106, 0.0070044124, 0.0070043043, 0.0069984407, 0.0069860127, 0.006977636, 0.0069560152, 0.006928477, 0.006912239, 0.0068749804, 0.006831358, 0.006780617, 0.0067527364, 0.0066915564, 0.0066239615, 0.0065876963, 0.0065094344, 0.0064233057, 0.0063287048, 0.006277901, 0.006170245, 0.0060546338, 0.0059939376, 0.0058681117, 0.005736428, 0.005668479, 0.005527711, 0.0053792866, 0.005221139, 0.0051373937, 0.0049593686, 0.0047651352, 0.004660652, 0.0044360985, 0.0041869795, 0.0039110743, 0.003764265, 0.0034697242, 0.0032438908, 0.0032134375, 0.0035251537, 0.0044903997, 0, 0, 0, 0, 0, 0, 0, 0, 0, 0, 0, 0, 0, 0, 0, 0, 0, 0, 0, 0, 0, 0, 0, 0, 0, 0, 0, 0, 0, 0, 0, 0, 0, 0
0, 0, 0, 0, 0, 0, 0, 0, 0, 0, 0, 0, 0, 0, 0, 0, 0, 0, 0, 0, 0, 0, 0, 0, 0, 0, 0, 0, 0, 0, 0, 0, 0, 0, 0, 0, 0, 0, 0, 0, 0.0041658534, 0.0037900126, 0.0034197166, 0.0034828645, 0.0037045642, 0.0038301346, 0.004076764, 0.0043056807, 0.0044137626, 0.004619145, 0.0048142634, 0.005000563, 0.0050909068, 0.0052647647, 0.0054295366, 0.0055081267, 0.0056581725, 0.0057983287, 0.005864987, 0.005991569, 0.0061091585, 0.006218183, 0.006269886, 0.006367634, 0.006458936, 0.0065024, 0.0065852073, 0.0066625327, 0.006733372, 0.0067664017, 0.0068259425, 0.006876324, 0.0068976698, 0.006932432, 0.006956338, 0.006970276, 0.006973852, 0.0069754915, 0.0069703734, 0.006965525, 0.0069513884, 0.0069310386, 0.006918348, 0.006887424, 0.006849459, 0.0068039107, 0.006778368, 0.0067218426, 0.006658268, 0.0066241035, 0.0065501207, 0.0064685605, 0.006378659, 0.006330507, 0.0062282053, 0.006117953, 0.0060600904, 0.005939187, 0.0058120587, 0.0057460647, 0.005608785, 0.00546244, 0.005304546, 0.00522042, 0.005040451, 0.004843081, 0.004736999, 0.0045081954, 0.004255033, 0.0039766193, 0.0038285789, 0.003525395, 0.0032538536, 0.0031610914, 0.0031624779, 0.0034270184, 0, 0, 0, 0, 0, 0, 0, 0, 0, 0, 0, 0, 0, 0, 0, 0, 0, 0, 0, 0, 0, 0, 0, 0, 0, 0, 0, 0, 0, 0, 0, 0, 0, 0
0, 0, 0, 0, 0, 0, 0, 0, 0, 0, 0, 0, 0, 0, 0, 0, 0, 0, 0, 0, 0, 0, 0, 0, 0, 0, 0, 0, 0, 0, 0, 0, 0, 0, 0, 0, 0, 0, 0, 0, 0, 0.00420389, 0.0038602366, 0.0036514208, 0.0036822862, 0.0037551264, 0.003951181, 0.004169049, 0.0042779585, 0.004491247, 0.0046961163, 0.004891677, 0.0049857064, 0.005165516, 0.0053341, 0.005414388, 0.005567462, 0.0057114656, 0.0057801865, 0.0059119356, 0.006035159, 0.006150028, 0.0062040347, 0.006305771, 0.0063992864, 0.0064433683, 0.0065267566, 0.006604536, 0.006676625, 0.0067103566, 0.006772844, 0.0068275225, 0.006851585, 0.0068923263, 0.0069235642, 0.006945535, 0.006953516, 0.006964053, 0.006968078, 0.006967779, 0.0069625634, 0.006950441, 0.006941694, 0.006918142, 0.0068863104, 0.0068460214, 0.006822992, 0.0067710425, 0.006712076, 0.0066802204, 0.006610557, 0.0065337103, 0.00644885, 0.006403035, 0.0063055926, 0.0061996984, 0.006143997, 0.0060268096, 0.0059021674, 0.005837382, 0.00570128, 0.005554627, 0.0053955275, 0.005310421, 0.005128176, 0.004928413, 0.004821636, 0.004592845, 0.0043427674, 0.004070707, 0.003927075, 0.0036291764, 0.0033412941, 0.003222512, 0.0031389263, 0.0035251407, 0.003966125, 0, 0, 0, 0, 0, 0, 0, 0, 0, 0, 0, 0, 0, 0, 0, 0, 0, 0, 0, 0, 0, 0, 0, 0, 0, 0, 0, 0, 0, 0, 0, 0, 0
0, 0, 0, 0, 0, 0, 0, 0, 0, 0, 0, 0, 0, 0, 0, 0, 0, 0, 0, 0, 0, 0, 0, 0, 0, 0, 0, 0, 0, 0, 0, 0, 0, 0, 0, 0, 0, 0, 0, 0, 0, 0.006017869, 0.0048272214, 0.0038325477, 0.0035515607, 0.00357296, 0.0037513832, 0.0039907102, 0.0041134353, 0.004353, 0.004579831, 0.0047914702, 0.004891615, 0.005080754, 0.005256036, 0.0053391773, 0.0054976717, 0.0056475424, 0.0057196026, 0.0058580777, 0.0059883343, 0.0061090146, 0.0061655226, 0.006270891, 0.0063657234, 0.006409978, 0.006492946, 0.0065701175, 0.006642185, 0.006676176, 0.006739906, 0.006797127, 0.0068228263, 0.0068682367, 0.0069058887, 0.006935573, 0.0069479835, 0.0069678663, 0.0069814553, 0.0069858213, 0.0069897035, 0.0069861477, 0.0069814385, 0.0069650384, 0.0069391606, 0.006903945, 0.0068831593, 0.0068356595, 0.006780928, 0.00675101, 0.0066859797, 0.00661356, 0.0065335673, 0.0064901784, 0.006397267, 0.0062955916, 0.0062414613, 0.006126558, 0.00600343, 0.0059385304, 0.0058015618, 0.0056534274, 0.005491592, 0.005405502, 0.005221798, 0.00502199, 0.0049163643, 0.004692524, 0.0044527124, 0.004197044, 0.0040637515, 0.0037898885, 0.0035249628, 0.0034144267, 0.0033327637, 0.0036867887, 0.004129128, 0, 0, 0, 0, 0, 0, 0, 0, 0, 0, 0, 0, 0, 0, 0, 0, 0, 0, 0, 0, 0, 0, 0, 0, 0, 0, 0, 0, 0, 0, 0, 0, 0
0, 0, 0, 0, 0, 0, 0, 0, 0, 0, 0, 0, 0, 0, 0, 0, 0, 0, 0, 0, 0, 0, 0, 0, 0, 0, 0, 0, 0, 0, 0, 0, 0, 0, 0, 0, 0, 0, 0, 0, 0, 0, 0.0057525216, 0.0037034745, 0.0032857023, 0.0033137118, 0.003534573, 0.0038196757, 0.0039625824, 0.004234854, 0.0044843573, 0.0047115083, 0.004817199, 0.005014427, 0.005195828, 0.0052817883, 0.0054464815, 0.0056028957, 0.0056782993, 0.005823518, 0.0059600384, 0.0060857744, 0.0061443634, 0.0062526395, 0.006349552, 0.006394467, 0.0064785, 0.0065565906, 0.0066295257, 0.0066642165, 0.0067293285, 0.0067884456, 0.00681542, 0.0068645217, 0.006907093, 0.006943801, 0.006959835, 0.006987602, 0.0070092315, 0.0070176297, 0.0070292447, 0.0070325867, 0.007030918, 0.007020353, 0.0069998843, 0.0069692656, 0.0069504813, 0.006906835, 0.0068559838, 0.006828087, 0.006766957, 0.0066989926, 0.0066229985, 0.006581847, 0.0064932844, 0.006394907, 0.006342298, 0.0062294197, 0.006106397, 0.006041063, 0.005902299, 0.0057513053, 0.0055869166, 0.0054996414, 0.0053150477, 0.005117469, 0.0050141476, 0.004799155, 0.0045734737, 0.0043380433, 0.004216669, 0.003969445, 0.0037273797, 0.003621157, 0.003502236, 0.0036921992, 0.0040035034, 0.005103452, 0, 0, 0, 0, 0, 0, 0, 0, 0, 0, 0, 0, 0, 0, 0, 0, 0, 0, 0, 0, 0, 0, 0, 0, 0, 0, 0, 0, 0, 0, 0, 0
0, 0, 0, 0, 0, 0, 0, 0, 0, 0, 0, 0, 0, 0, 0, 0, 0, 0, 0, 0, 0, 0, 0, 0, 0, 0, 0, 0, 0, 0, 0, 0, 0, 0, 0, 0, 0, 0, 0, 0, 0, 0, 0, 0.0032907648, 0.003140756, 0.0031809537, 0.0034080301, 0.0037120709, 0.0038663112, 0.004158176, 0.0044203117, 0.004654375, 0.0047621084, 0.0049628983, 0.005147925, 0.0052360785, 0.0054057073, 0.0055674748, 0.0056456, 0.0057959305, 0.0059365956, 0.006065984, 0.006126284, 0.0062378133, 0.0063384315, 0.006385171, 0.0064731166, 0.006555187, 0.0066317907, 0.006668054, 0.0067361286, 0.0067975214, 0.0068258676, 0.0068775765, 0.006923883, 0.0069651823, 0.0069838823, 0.00701729, 0.007044413, 0.00705537, 0.007071619, 0.007079358, 0.007079827, 0.007073182, 0.0070564956, 0.007029823, 0.0070130965, 0.0069732754, 0.0069260094, 0.0068997224, 0.006842175, 0.006777734, 0.0067051924, 0.006665956, 0.0065801344, 0.0064844945, 0.0064328015, 0.0063212765, 0.006198502, 0.0061327363, 0.005991607, 0.005837816, 0.0056708595, 0.0055829245, 0.005398456, 0.005204234, 0.00510401, 0.004898119, 0.004685079, 0.004464609, 0.004350784, 0.0041157724, 0.003871788, 0.0037509226, 0.0035405485, 0.0034653337, 0.0035278907, 0.0038270962, 0, 0, 0, 0, 0, 0, 0, 0, 0, 0, 0, 0, 0, 0, 0, 0, 0, 0, 0, 0, 0, 0, 0, 0, 0, 0, 0, 0, 0, 0, 0, 0
0, 0, 0, 0, 0, 0, 0, 0, 0, 0, 0, 0, 0, 0, 0, 0, 0, 0, 0, 0, 0, 0, 0, 0, 0, 0, 0, 0, 0, 0, 0, 0, 0, 0, 0, 0, 0, 0, 0, 0, 0, 0, 0, 0.004257521, 0.0034799099, 0.0033378506, 0.0034076064, 0.0036781314, 0.003829625, 0.004120175, 0.0043794205, 0.004609665, 0.0047159214, 0.004915456, 0.005102192, 0.0051917713, 0.0053653703, 0.005531187, 0.0056110523, 0.005764188, 0.0059068627, 0.006038523, 0.0061002346, 0.006215268, 0.00632069, 0.00637033, 0.006464926, 0.006553401, 0.0066357045, 0.0066744494, 0.0067465124, 0.0068110498, 0.006840706, 0.006895312, 0.006944385, 0.0069885985, 0.00700892, 0.0070454865, 0.007075232, 0.0070874384, 0.007105486, 0.0071151108, 0.007116266, 0.007111919, 0.0070979656, 0.0070746313, 0.007059831, 0.007023897, 0.0069800694, 0.006955469, 0.0069005797, 0.0068383915, 0.006768008, 0.0067296233, 0.0066457796, 0.0065518906, 0.0065007545, 0.006390159, 0.006267414, 0.0062011657, 0.0060586315, 0.0059031644, 0.005735417, 0.0056475243, 0.0054648244, 0.005274489, 0.0051771216, 0.0049776128, 0.0047717695, 0.0045571094, 0.0044448874, 0.004207196, 0.00394756, 0.0038096122, 0.0035352665, 0.003341169, 0.0033370736, 0.0037350766, 0, 0, 0, 0, 0, 0, 0, 0, 0, 0, 0, 0, 0, 0, 0, 0, 0, 0, 0, 0, 0, 0, 0, 0, 0, 0, 0, 0, 0, 0, 0, 0
0, 0, 0, 0, 0, 0, 0, 0, 0, 0, 0, 0, 0, 0, 0, 0, 0, 0, 0, 0, 0, 0, 0, 0, 0, 0, 0, 0, 0, 0, 0, 0, 0, 0, 0, 0, 0, 0, 0, 0, 0, 0, 0, 0.006108197, 0.0038811231, 0.003527626, 0.0034545243, 0.0036847559, 0.0038238186, 0.00409379, 0.0043374537, 0.0045574047, 0.0046608737, 0.0048587257, 0.0050473493, 0.005138942, 0.005316314, 0.005485178, 0.005565867, 0.005719533, 0.0058625457, 0.005995023, 0.0060577495, 0.0061766277, 0.0062878616, 0.0063410103, 0.0064425524, 0.0065375036, 0.006625666, 0.0066668056, 0.006742994, 0.006811302, 0.00684267, 0.0069002598, 0.0069523444, 0.0069992486, 0.007020684, 0.0070588184, 0.007089448, 0.007101907, 0.007120099, 0.0071297144, 0.007131101, 0.0071280985, 0.00711626, 0.0070962193, 0.0070830104, 0.007050581, 0.0070101363, 0.006986853, 0.0069341282, 0.0068727443, 0.0068033044, 0.0067652552, 0.006681945, 0.0065892367, 0.0065388605, 0.0064293686, 0.006307346, 0.006241414, 0.0060996218, 0.005945207, 0.005779398, 0.005692648, 0.005513309, 0.0053269835, 0.0052313874, 0.0050352644, 0.0048309932, 0.0046144333, 0.004500142, 0.0042547565, 0.003982322, 0.0038364388, 0.0035400635, 0.0033099966, 0.0032776308, 0.0035885905, 0.004555681, 0, 0, 0, 0, 0, 0, 0, 0, 0, 0, 0, 0, 0, 0, 0, 0, 0, 0, 0, 0, 0, 0, 0, 0, 0, 0, 0, 0, 0, 0, 0
0, 0, 0, 0, 0, 0, 0, 0, 0, 0, 0, 0, 0, 0, 0, 0, 0, 0, 0, 0, 0, 0, 0, 0, 0, 0, 0, 0, 0, 0, 0, 0, 0, 0, 0, 0, 0, 0, 0, 0, 0, 0, 0, 0, 0.0038140877, 0.0036542313, 0.0035697175, 0.0037089237, 0.003813432, 0.0040393625, 0.0042628716, 0.0044766623, 0.0045802225, 0.0047816657, 0.004975756, 0.005069958, 0.0052515534, 0.005422214, 0.0055029932, 0.005655894, 0.0057977797, 0.005930423, 0.00599389, 0.006116137, 0.006232456, 0.0062883296, 0.0063957176, 0.006495872, 0.006588182, 0.0066312477, 0.0067110844, 0.0067830235, 0.006816369, 0.0068781176, 0.006934084, 0.0069841836, 0.0070068515, 0.007046622, 0.007078062, 0.0070903646, 0.007108252, 0.0071176672, 0.007119177, 0.0071171112, 0.007107478, 0.007090297, 0.007078654, 0.007049503, 0.0070121093, 0.0069899564, 0.0069386414, 0.0068785856, 0.0068098893, 0.0067720604, 0.006689996, 0.0065983785, 0.006549086, 0.0064417263, 0.006322423, 0.006258128, 0.0061196983, 0.0059693777, 0.005808391, 0.005724345, 0.0055499445, 0.005367439, 0.0052732965, 0.005077925, 0.0048721423, 0.004651665, 0.0045345593, 0.00428339, 0.0040066615, 0.0038588801, 0.00355394, 0.003278579, 0.0031836885, 0.0031810268, 0.0034403577, 0, 0, 0, 0, 0, 0, 0, 0, 0, 0, 0, 0, 0, 0, 0, 0, 0, 0, 0, 0, 0, 0, 0, 0, 0, 0, 0, 0, 0, 0, 0
0, 0, 0, 0, 0, 0, 0, 0, 0, 0, 0, 0, 0, 0, 0, 0, 0, 0, 0, 0, 0, 0, 0, 0, 0, 0, 0, 0, 0, 0, 0, 0, 0, 0, 0, 0, 0, 0, 0, 0, 0, 0, 0, 0, 0.0052003944, 0.004590881, 0.0038422942, 0.0036914705, 0.0037334745, 0.003912446, 0.0041338545, 0.0043580025, 0.00446785, 0.0046806773, 0.0048837615, 0.0049809143, 0.005165592, 0.00533665, 0.0054167653, 0.0055674543, 0.005707636, 0.005840301, 0.0059043723, 0.006029336, 0.0061494103, 0.006207565, 0.006318454, 0.0064218533, 0.0065167677, 0.006561124, 0.0066442215, 0.006719974, 0.0067555374, 0.006822215, 0.006883055, 0.0069373273, 0.006961524, 0.007003396, 0.0070362925, 0.0070489002, 0.007067451, 0.007077559, 0.0070796246, 0.007079035, 0.0070716757, 0.0070574055, 0.007047427, 0.0070216395, 0.0069872695, 0.006966636, 0.0069180606, 0.0068602776, 0.006793755, 0.0067572165, 0.0066776653, 0.0065891687, 0.0065411488, 0.0064376625, 0.006323058, 0.00626134, 0.0061288853, 0.005985475, 0.0058315885, 0.0057509113, 0.0055825342, 0.005404132, 0.005311349, 0.0051170327, 0.0049097384, 0.004687255, 0.0045693764, 0.0043188008, 0.004046286, 0.0039018816, 0.0036006996, 0.003307741, 0.00318556, 0.003090381, 0.0034452619, 0, 0, 0, 0, 0, 0, 0, 0, 0, 0, 0, 0, 0, 0, 0, 0, 0, 0, 0, 0, 0, 0, 0, 0, 0, 0, 0, 0, 0, 0, 0
0, 0, 0, 0, 0, 0, 0, 0, 0, 0, 0, 0, 0, 0, 0, 0, 0, 0, 0, 0, 0, 0, 0, 0, 0, 0, 0, 0, 0, 0, 0, 0, 0, 0, 0, 0, 0, 0, 0, 0, 0, 0, 0, 0, 0.0075967074, 0.0056736856, 0.0038767648, 0.0034871185, 0.0035090884, 0.003707303, 0.003963362, 0.0042153033, 0.0043350514, 0.0045622205, 0.0047722487, 0.004871189, 0.005056163, 0.0052249096, 0.005303767, 0.005451973, 0.005590752, 0.005723994, 0.005788955, 0.0059164143, 0.006039254, 0.006098747, 0.0062121013, 0.006317075, 0.006414307, 0.0064597954, 0.0065456987, 0.0066256267, 0.006663638, 0.006735534, 0.006801416, 0.00685971, 0.0068858135, 0.006930775, 0.006965816, 0.0069795, 0.006999911, 0.007012137, 0.0070155542, 0.007017651, 0.0070135584, 0.007002965, 0.0069948477, 0.0069731493, 0.006942802, 0.0069242823, 0.0068800007, 0.006826959, 0.0067651793, 0.0067311656, 0.006656534, 0.006572754, 0.0065272357, 0.0064288117, 0.0063197836, 0.0062612435, 0.006135971, 0.0060002515, 0.0058540544, 0.0057770647, 0.0056150593, 0.0054420624, 0.005351006, 0.0051595266, 0.004954335, 0.0047347657, 0.004619289, 0.0043763905, 0.004116255, 0.0039802906, 0.0036986745, 0.0034235313, 0.003306439, 0.0032053494, 0.0035174263, 0.0044337576, 0, 0, 0, 0, 0, 0, 0, 0, 0, 0, 0, 0, 0, 0, 0, 0, 0, 0, 0, 0, 0, 0, 0, 0, 0, 0, 0, 0, 0, 0
0, 0, 0, 0, 0, 0, 0, 0, 0, 0, 0, 0, 0, 0, 0, 0, 0, 0, 0, 0, 0, 0, 0, 0, 0, 0, 0, 0, 0, 0, 0, 0, 0, 0, 0, 0, 0, 0, 0, 0, 0, 0, 0, 0, 0, 0.004362297, 0.0033438369, 0.0031626169, 0.0032390081, 0.0035067894, 0.0038023284, 0.0040756552, 0.004201782, 0.0044346163, 0.0046449443, 0.004742539, 0.004923894, 0.005088795, 0.005166245, 0.005312805, 0.00545237, 0.005587325, 0.0056534247, 0.005783493, 0.005909028, 0.0059693404, 0.0060848305, 0.006191767, 0.006291286, 0.0063382215, 0.0064277723, 0.0065117385, 0.006551885, 0.00662837, 0.0066984757, 0.006760481, 0.0067882184, 0.006836429, 0.00687441, 0.0068898266, 0.0069137504, 0.006930198, 0.0069357324, 0.006942161, 0.0069425288, 0.006936669, 0.0069310972, 0.0069142487, 0.0068889325, 0.0068731983, 0.00683504, 0.006788364, 0.0067334613, 0.006702623, 0.0066342745, 0.0065564276, 0.0065138894, 0.006420716, 0.006317014, 0.0062614502, 0.006142477, 0.006013936, 0.0058749774, 0.0058015347, 0.0056465087, 0.005479902, 0.0053919116, 0.0052064494, 0.005007893, 0.0047967657, 0.0046862573, 0.0044557056, 0.004212134, 0.0040857918, 0.0038256112, 0.0035679962, 0.0034525457, 0.0033108871, 0.0034604473, 0.0041865744, 0.004730615, 0, 0, 0, 0, 0, 0, 0, 0, 0, 0, 0, 0, 0, 0, 0, 0, 0, 0, 0, 0, 0, 0, 0, 0, 0, 0, 0, 0, 0
0, 0, 0, 0, 0, 0, 0, 0, 0, 0, 0, 0, 0, 0, 0, 0, 0, 0, 0, 0, 0, 0, 0, 0, 0, 0, 0, 0, 0, 0, 0, 0, 0, 0, 0, 0, 0, 0, 0, 0, 0, 0, 0, 0, 0, 0, 0.0032519838, 0.0031470004, 0.0031980204, 0.003419786, 0.0036913762, 0.0039526257, 0.0040741777, 0.004299148, 0.00450216, 0.0045963735, 0.0047722915, 0.004934362, 0.0050114254, 0.005159293, 0.0053020143, 0.0054408717, 0.005508923, 0.0056426306, 0.0057709203, 0.0058325487, 0.005950228, 0.0060599893, 0.0061625014, 0.00621139, 0.0063046888, 0.006392779, 0.006434868, 0.0065148617, 0.006587875, 0.00665273, 0.006681902, 0.0067331474, 0.0067749764, 0.0067927213, 0.0068221297, 0.00684411, 0.0068525122, 0.0068645603, 0.0068705487, 0.00687014, 0.006867353, 0.0068557253, 0.006836109, 0.0068232305, 0.0067913975, 0.006751392, 0.0067030485, 0.0066755665, 0.0066133705, 0.006540923, 0.006500627, 0.0064120097, 0.0063129067, 0.006259664, 0.006145912, 0.0060228864, 0.005890414, 0.005820282, 0.005672292, 0.0055133943, 0.005429733, 0.005253556, 0.005065583, 0.004866516, 0.0047626225, 0.0045464323, 0.004317817, 0.0041986485, 0.003949777, 0.003690417, 0.0035613384, 0.0033337895, 0.0032337608, 0.0033970368, 0.0035390104, 0, 0, 0, 0, 0, 0, 0, 0, 0, 0, 0, 0, 0, 0, 0, 0, 0, 0, 0, 0, 0, 0, 0, 0, 0, 0, 0, 0, 0
0, 0, 0, 0, 0, 0, 0, 0, 0, 0, 0, 0, 0, 0, 0, 0, 0, 0, 0, 0, 0, 0, 0, 0, 0, 0, 0, 0, 0, 0, 0, 0, 0, 0, 0, 0, 0, 0, 0, 0, 0, 0, 0, 0, 0, 0, 0.004476367, 0.003607941, 0.0034267637, 0.003412814, 0.003596606, 0.0038223518, 0.0039340057, 0.0041460027, 0.004341116, 0.0044329814, 0.0046067894, 0.0047700894, 0.00484889, 0.005002099, 0.0051509123, 0.0052957814, 0.0053667515, 0.005504872, 0.0056369747, 0.005700482, 0.0058215787, 0.00593499, 0.0060420064, 0.0060930783, 0.0061908164, 0.00628295, 0.0063268477, 0.006409435, 0.0064846547, 0.006551533, 0.0065818243, 0.0066361753, 0.0066822954, 0.0067027067, 0.006738007, 0.0067661568, 0.0067777997, 0.0067962683, 0.006808001, 0.006812938, 0.006812634, 0.0068057943, 0.0067908172, 0.0067803212, 0.0067534414, 0.006718177, 0.0066744178, 0.006649072, 0.0065908656, 0.0065216925, 0.0064831506, 0.006397974, 0.0063028787, 0.006251706, 0.0061422577, 0.006024245, 0.0058972305, 0.005830403, 0.0056897993, 0.0055393255, 0.0054603145, 0.00529512, 0.005119583, 0.0049338974, 0.0048370115, 0.004634049, 0.0044175917, 0.0043032314, 0.004059989, 0.0037950552, 0.0036554404, 0.0033783617, 0.0031753895, 0.0032540392, 0.0035079066, 0, 0, 0, 0, 0, 0, 0, 0, 0, 0, 0, 0, 0, 0, 0, 0, 0, 0, 0, 0, 0, 0, 0, 0, 0, 0, 0, 0, 0
0, 0, 0, 0, 0, 0, 0, 0, 0, 0, 0, 0, 0, 0, 0, 0, 0, 0, 0, 0, 0, 0, 0, 0, 0, 0, 0, 0, 0, 0, 0, 0, 0, 0, 0, 0, 0, 0, 0, 0, 0, 0, 0, 0, 0, 0, 0.0064840904, 0.003960903, 0.0035271375, 0.0033200274, 0.0034449815, 0.003650834, 0.0037581902, 0.0039667133, 0.004162109, 0.0042552445, 0.004433958, 0.004604485, 0.004687692, 0.00484968, 0.0050072162, 0.0051597115, 0.0052339924, 0.0053780964, 0.005514963, 0.005580821, 0.0057070456, 0.005825947, 0.005938614, 0.0059924144, 0.00609552, 0.006191824, 0.006237257, 0.0063222707, 0.0063993344, 0.0064682406, 0.006499666, 0.0065571945, 0.006607528, 0.006630365, 0.0066710003, 0.0067048143, 0.0067192316, 0.0067428746, 0.0067594736, 0.006768671, 0.006770215, 0.006767069, 0.0067553804, 0.0067461627, 0.0067216433, 0.006688125, 0.00664576, 0.0066209645, 0.0065637752, 0.0064961794, 0.006458726, 0.0063765924, 0.006285248, 0.006236404, 0.006132022, 0.006019274, 0.0058979434, 0.005834142, 0.005700256, 0.0055575846, 0.0054831067, 0.0053279176, 0.0051639196, 0.0049901204, 0.004899121, 0.004707945, 0.004501691, 0.004391661, 0.00415613, 0.0038979026, 0.0037612743, 0.0034893507, 0.0032859116, 0.0033459677, 0.0035766095, 0.0045053503, 0, 0, 0, 0, 0, 0, 0, 0, 0, 0, 0, 0, 0, 0, 0, 0, 0, 0, 0, 0, 0, 0, 0, 0, 0, 0, 0, 0
0, 0, 0, 0, 0, 0, 0, 0, 0, 0, 0, 0, 0, 0, 0, 0, 0, 0, 0, 0, 0, 0, 0, 0, 0, 0, 0, 0, 0, 0, 0, 0, 0, 0, 0, 0, 0, 0, 0, 0, 0, 0, 0, 0, 0, 0, 0, 0.0034289614, 0.0032295776, 0.003104748, 0.003228694, 0.0034387254, 0.0035503733, 0.0037682543, 0.0039745313, 0.004073241, 0.004263595, 0.004446188, 0.0045351894, 0.0047086747, 0.004875876, 0.005036846, 0.005114848, 0.0052655507, 0.005409182, 0.0054784697, 0.0056113526, 0.0057370784, 0.005856133, 0.005913056, 0.0060216584, 0.006122027, 0.006169106, 0.006256463, 0.0063352427, 0.006406221, 0.006438936, 0.006499235, 0.006553248, 0.0065778983, 0.0066223475, 0.006659934, 0.0066760634, 0.0067029805, 0.006722531, 0.0067342906, 0.006737135, 0.0067359065, 0.006725807, 0.006717234, 0.0066930205, 0.006659216, 0.0066157673, 0.0065904236, 0.0065324926, 0.0064657102, 0.0064291703, 0.0063504064, 0.006263857, 0.006217729, 0.0061195064, 0.006012755, 0.005897054, 0.005836012, 0.0057076295, 0.005571019, 0.0054996083, 0.005351568, 0.0051954444, 0.005030164, 0.004943693, 0.0047610113, 0.0045632226, 0.0044577285, 0.004232567, 0.003988295, 0.0038605959, 0.003606169, 0.0034005905, 0.003378635, 0.003513932, 0.0042609335, 0, 0, 0, 0, 0, 0, 0, 0, 0, 0, 0, 0, 0, 0, 0, 0, 0, 0, 0, 0, 0, 0, 0, 0, 0, 0, 0, 0
0, 0, 0, 0, 0, 0, 0, 0, 0, 0, 0, 0, 0, 0, 0, 0, 0, 0, 0, 0, 0, 0, 0, 0, 0, 0, 0, 0, 0, 0, 0, 0, 0, 0, 0, 0, 0, 0, 0, 0, 0, 0, 0, 0, 0, 0, 0, 0.003671442, 0.0032520622, 0.0029292756, 0.0030088625, 0.0032232322, 0.0033418948, 0.0035761236, 0.0037979558, 0.0039043718, 0.004109201, 0.0043052994, 0.004400575, 0.0045853546, 0.004762578, 0.0049319547, 0.005013878, 0.005172309, 0.005323393, 0.0053961035, 0.0055362103, 0.005669159, 0.005794321, 0.0058537517, 0.0059663053, 0.006069626, 0.006117795, 0.00620692, 0.006287373, 0.006360103, 0.0063940473, 0.006456742, 0.006512975, 0.006538529, 0.0065846895, 0.0066238535, 0.006640712, 0.006668778, 0.0066892747, 0.0067021176, 0.0067054573, 0.0067054257, 0.0066960854, 0.006687584, 0.006663201, 0.0066285473, 0.0065840213, 0.006558121, 0.0065000392, 0.006434561, 0.006399401, 0.006324676, 0.006243896, 0.0062008738, 0.0061089983, 0.006008037, 0.00589736, 0.0058385404, 0.005713856, 0.0055805426, 0.0055108606, 0.0053658974, 0.0052136537, 0.0050526517, 0.0049683545, 0.00479023, 0.0045981356, 0.0044957595, 0.004278562, 0.004044372, 0.0039212643, 0.0036680666, 0.0034268065, 0.0032627042, 0.0032494054, 0.0034378585, 0, 0, 0, 0, 0, 0, 0, 0, 0, 0, 0, 0, 0, 0, 0, 0, 0, 0, 0, 0, 0, 0, 0, 0, 0, 0, 0, 0
0, 0, 0, 0, 0, 0, 0, 0, 0, 0, 0, 0, 0, 0, 0, 0, 0, 0, 0, 0, 0, 0, 0, 0, 0, 0, 0, 0, 0, 0, 0, 0, 0, 0, 0, 0, 0, 0, 0, 0, 0, 0, 0, 0, 0, 0, 0, 0.0035655063, 0.0031542904, 0.0027808056, 0.0028371476, 0.0030498044, 0.0031722381, 0.0034184372, 0.003654514, 0.0037677826, 0.0039862143, 0.004194446, 0.004294839, 0.0044890344, 0.004674344, 0.0048511005, 0.004936791, 0.005102114, 0.0052600238, 0.005336039, 0.0054824534, 0.0056201476, 0.0057488023, 0.0058094407, 0.005923463, 0.006027393, 0.0060757613, 0.0061654835, 0.006246825, 0.0063207075, 0.006355064, 0.006418972, 0.006475875, 0.006501808, 0.0065479744, 0.0065866415, 0.006603211, 0.006630703, 0.0066508497, 0.0066638263, 0.0066672736, 0.006668145, 0.0066595464, 0.006651569, 0.006627949, 0.0065938057, 0.006550131, 0.0065249037, 0.006468468, 0.0064059715, 0.0063726236, 0.006302315, 0.0062265527, 0.0061862133, 0.0060991743, 0.006002628, 0.0058955457, 0.0058377627, 0.005715243, 0.005583332, 0.0055141035, 0.005369704, 0.0052178823, 0.005057537, 0.0049732993, 0.004796129, 0.004605787, 0.004504754, 0.004291048, 0.004059723, 0.0039370386, 0.0036769004, 0.0034064632, 0.0031682593, 0.0030977936, 0.0032063404, 0.003870041, 0, 0, 0, 0, 0, 0, 0, 0, 0, 0, 0, 0, 0, 0, 0, 0, 0, 0, 0, 0, 0, 0, 0, 0, 0, 0, 0
0, 0, 0, 0, 0, 0, 0, 0, 0, 0, 0, 0, 0, 0, 0, 0, 0, 0, 0, 0, 0, 0, 0, 0, 0, 0, 0, 0, 0, 0, 0, 0, 0, 0, 0, 0, 0, 0, 0, 0, 0, 0, 0, 0, 0, 0, 0, 0, 0.0030595893, 0.0028058738, 0.0027790482, 0.0029470292, 0.0030628433, 0.0033112012, 0.0035572548, 0.003676048, 0.0039052062, 0.004122323, 0.0042265374, 0.004427084, 0.004617769, 0.0047998363, 0.004887618, 0.005057506, 0.005219428, 0.005297343, 0.005446411, 0.005585693, 0.005714242, 0.0057745543, 0.0058870898, 0.0059892884, 0.0060368064, 0.006125276, 0.006205919, 0.006279654, 0.0063139354, 0.0063775494, 0.0064338422, 0.006459156, 0.006504263, 0.0065415483, 0.0065571964, 0.006583426, 0.0066027357, 0.0066154404, 0.006619044, 0.006620368, 0.006613118, 0.006605866, 0.0065842606, 0.0065526552, 0.0065119783, 0.006488378, 0.0064361603, 0.0063773957, 0.006345863, 0.0062791957, 0.0062066833, 0.006167797, 0.006083447, 0.00598904, 0.0058835354, 0.005826542, 0.0057053724, 0.0055739405, 0.0055049914, 0.0053605055, 0.005207797, 0.0050459285, 0.0049611344, 0.0047828704, 0.004591952, 0.0044913385, 0.004278537, 0.004048255, 0.0039255614, 0.0036642281, 0.0033878884, 0.0031336157, 0.0030476928, 0.0031004988, 0.003723248, 0.004227705, 0, 0, 0, 0, 0, 0, 0, 0, 0, 0, 0, 0, 0, 0, 0, 0, 0, 0, 0, 0, 0, 0, 0, 0, 0, 0
0, 0, 0, 0, 0, 0, 0, 0, 0, 0, 0, 0, 0, 0, 0, 0, 0, 0, 0, 0, 0, 0, 0, 0, 0, 0, 0, 0, 0, 0, 0, 0, 0, 0, 0, 0, 0, 0, 0, 0, 0, 0, 0, 0, 0, 0, 0, 0, 0.0039965753, 0.0031175835, 0.0028136205, 0.0028980975, 0.0030026028, 0.0032507314, 0.003505596, 0.0036293897, 0.0038662492, 0.0040889736, 0.0041954126, 0.004398985, 0.004591562, 0.0047747255, 0.004862984, 0.0050334358, 0.0051954403, 0.005273031, 0.0054208613, 0.005557979, 0.005683978, 0.0057426463, 0.005851831, 0.005951054, 0.005997227, 0.0060834456, 0.0061622234, 0.006234262, 0.0062679714, 0.006329666, 0.0063842204, 0.0064085363, 0.0064517944, 0.0064873165, 0.0065022954, 0.0065272804, 0.0065456256, 0.006557745, 0.006561258, 0.006562768, 0.006556395, 0.006550003, 0.0065308204, 0.0065026325, 0.0064661903, 0.006444913, 0.0063970317, 0.006342066, 0.006312127, 0.006247354, 0.006176004, 0.006137476, 0.0060534487, 0.0059595816, 0.0058553126, 0.0057990653, 0.0056792363, 0.005549683, 0.005481411, 0.005337696, 0.0051850197, 0.0050224504, 0.004937202, 0.004758482, 0.0045681866, 0.0044680284, 0.004257245, 0.0040305834, 0.003910515, 0.003655596, 0.003384433, 0.003118907, 0.0030071659, 0.0028995594, 0.0030572417, 0.003194686, 0, 0, 0, 0, 0, 0, 0, 0, 0, 0, 0, 0, 0, 0, 0, 0, 0, 0, 0, 0, 0, 0, 0, 0, 0, 0
0, 0, 0, 0, 0, 0, 0, 0, 0, 0, 0, 0, 0, 0, 0, 0, 0, 0, 0, 0, 0, 0, 0, 0, 0, 0, 0, 0, 0, 0, 0, 0, 0, 0, 0, 0, 0, 0, 0, 0, 0, 0, 0, 0, 0, 0, 0, 0, 0, 0.0031971456, 0.0028225845, 0.0028750906, 0.0029746797, 0.0032246867, 0.003487432, 0.0036151048, 0.003857539, 0.004083135, 0.0041899225, 0.00439289, 0.004583752, 0.0047637946, 0.004850484, 0.0050170403, 0.005174904, 0.0052503734, 0.0053937333, 0.005526699, 0.005649067, 0.005706009, 0.005812322, 0.005908873, 0.0059538335, 0.006037713, 0.0061139893, 0.006183874, 0.006216136, 0.0062753838, 0.0063277157, 0.006351029, 0.0063926363, 0.0064267637, 0.0064413613, 0.0064655654, 0.0064830864, 0.006494103, 0.0064970898, 0.0064980076, 0.0064916597, 0.006485708, 0.0064678523, 0.006442434, 0.006409633, 0.0063902237, 0.0063460777, 0.006293973, 0.0062649194, 0.0062012933, 0.006129822, 0.0060910303, 0.0060068243, 0.0059138467, 0.005810985, 0.005756192, 0.0056396704, 0.0055136345, 0.005447165, 0.005306945, 0.005156219, 0.0049956413, 0.0049115187, 0.0047349622, 0.004547683, 0.0044496516, 0.0042448374, 0.0040268796, 0.0039122086, 0.0036702037, 0.0034123426, 0.003149471, 0.0030268924, 0.0028570846, 0.0029559701, 0.003202486, 0, 0, 0, 0, 0, 0, 0, 0, 0, 0, 0, 0, 0, 0, 0, 0, 0, 0, 0, 0, 0, 0, 0, 0, 0, 0
0, 0, 0, 0, 0, 0, 0, 0, 0, 0, 0, 0, 0, 0, 0, 0, 0, 0, 0, 0, 0, 0, 0, 0, 0, 0, 0, 0, 0, 0, 0, 0, 0, 0, 0, 0, 0, 0, 0, 0, 0, 0, 0, 0, 0, 0, 0, 0, 0, 0.0032052214, 0.0029419134, 0.0029148052, 0.0029889005, 0.0032195814, 0.0034828836, 0.0036121965, 0.0038572839, 0.0040822965, 0.0041878577, 0.004387431, 0.0045734914, 0.004748161, 0.0048316354, 0.0049919463, 0.005143123, 0.005215555, 0.005352852, 0.005481381, 0.005600376, 0.0056562754, 0.0057608453, 0.0058560367, 0.0059004, 0.0059827757, 0.0060575525, 0.0061249677, 0.006156114, 0.0062131183, 0.006263479, 0.006286315, 0.0063271364, 0.00636126, 0.0063756984, 0.006399704, 0.006416785, 0.0064268927, 0.0064293942, 0.006428926, 0.006421423, 0.0064152777, 0.006397912, 0.0063737743, 0.0063427794, 0.006324538, 0.0062825843, 0.006232541, 0.00620445, 0.006141728, 0.0060711056, 0.006032787, 0.005949707, 0.0058588195, 0.005759754, 0.0057073818, 0.005596181, 0.0054760585, 0.0054123295, 0.0052776313, 0.005132304, 0.0049767666, 0.0048951777, 0.0047244276, 0.0045439815, 0.004450219, 0.0042555076, 0.0040503545, 0.0039434964, 0.0037200225, 0.0034837797, 0.0032428391, 0.0031294792, 0.0029676259, 0.0030501625, 0.0032745753, 0.004146707, 0, 0, 0, 0, 0, 0, 0, 0, 0, 0, 0, 0, 0, 0, 0, 0, 0, 0, 0, 0, 0, 0, 0, 0, 0
0, 0, 0, 0, 0, 0, 0, 0, 0, 0, 0, 0, 0, 0, 0, 0, 0, 0, 0, 0, 0, 0, 0, 0, 0, 0, 0, 0, 0, 0, 0, 0, 0, 0, 0, 0, 0, 0, 0, 0, 0, 0, 0, 0, 0, 0, 0, 0, 0, 0.0042216647, 0.0033090257, 0.0030007318, 0.003019934, 0.0032121588, 0.003469428, 0.003597999, 0.0038407631, 0.0040619196, 0.0041653896, 0.0043598986, 0.004540623, 0.0047096843, 0.004790065, 0.0049437433, 0.0050882553, 0.0051575894, 0.0052893935, 0.0054137073, 0.005529976, 0.005585195, 0.0056892713, 0.0057845055, 0.0058286395, 0.0059104436, 0.0059842872, 0.006050392, 0.006080774, 0.0061366777, 0.006186752, 0.0062097046, 0.0062513687, 0.006286736, 0.0063021, 0.0063274126, 0.0063453256, 0.006355293, 0.00635737, 0.0063561993, 0.0063481596, 0.0063417517, 0.0063242293, 0.0063004955, 0.006270454, 0.0062528546, 0.006212351, 0.0061642616, 0.0061371597, 0.006077218, 0.0060095643, 0.005972805, 0.005893768, 0.005807943, 0.0057149553, 0.0056657465, 0.00556168, 0.005448933, 0.0053890627, 0.0052618645, 0.0051240316, 0.0049765073, 0.0048990427, 0.004737124, 0.004566875, 0.0044787778, 0.004296564, 0.004106323, 0.0040079392, 0.0038035184, 0.0035893118, 0.0033703586, 0.0032652055, 0.003097808, 0.0030978331, 0.0032307762, 0.003934523, 0, 0, 0, 0, 0, 0, 0, 0, 0, 0, 0, 0, 0, 0, 0, 0, 0, 0, 0, 0, 0, 0, 0, 0, 0
0, 0, 0, 0, 0, 0, 0, 0, 0, 0, 0, 0, 0, 0, 0, 0, 0, 0, 0, 0, 0, 0, 0, 0, 0, 0, 0, 0, 0, 0, 0, 0, 0, 0, 0, 0, 0, 0, 0, 0, 0, 0, 0, 0, 0, 0, 0, 0, 0, 0, 0.003413051, 0.003031472, 0.0030274938, 0.0031912292, 0.0034324261, 0.0035552697, 0.003788422, 0.004003015, 0.0041038143, 0.0042947005, 0.0044726194, 0.0046381955, 0.0047168336, 0.004866123, 0.0050056987, 0.005072201, 0.0051999274, 0.0053203963, 0.0054344847, 0.005489019, 0.0055921585, 0.005687264, 0.0057315384, 0.0058133933, 0.005887184, 0.0059531177, 0.0059837317, 0.00604036, 0.0060919556, 0.0061159558, 0.0061600613, 0.0061988137, 0.006215509, 0.0062437984, 0.0062642037, 0.0062762043, 0.0062791165, 0.006279286, 0.0062723733, 0.0062663406, 0.0062497733, 0.0062269014, 0.006197988, 0.0061813598, 0.006143233, 0.00609837, 0.0060734428, 0.0060181553, 0.0059561837, 0.0059226984, 0.0058507645, 0.005772364, 0.005687227, 0.0056420816, 0.0055460157, 0.00544155, 0.0053857975, 0.005266992, 0.005138424, 0.0050005973, 0.004928262, 0.0047774836, 0.0046190424, 0.0045370576, 0.004368193, 0.0041920813, 0.00410087, 0.0039114514, 0.003711161, 0.003500021, 0.0033919667, 0.0031851681, 0.0030441468, 0.0030341328, 0.0032108522, 0, 0, 0, 0, 0, 0, 0, 0, 0, 0, 0, 0, 0, 0, 0, 0, 0, 0, 0, 0, 0, 0, 0, 0, 0
0, 0, 0, 0, 0, 0, 0, 0, 0, 0, 0, 0, 0, 0, 0, 0, 0, 0, 0, 0, 0, 0, 0, 0, 0, 0, 0, 0, 0, 0, 0, 0, 0, 0, 0, 0, 0, 0, 0, 0, 0, 0, 0, 0, 0, 0, 0, 0, 0, 0, 0.0034496759, 0.003173248, 0.003113391, 0.0031756044, 0.003361243, 0.0034691049, 0.0036869936, 0.0038963736, 0.0039965855, 0.0041879904, 0.0043667695, 0.00453306, 0.0046113348, 0.0047591235, 0.004896131, 0.004961133, 0.0050854743, 0.0052028904, 0.005314287, 0.005367603, 0.0054693054, 0.0055637937, 0.0056079747, 0.005690301, 0.005764679, 0.005832207, 0.00586377, 0.0059228293, 0.0059776455, 0.0060034827, 0.0060517234, 0.006094842, 0.006114079, 0.0061467243, 0.0061714603, 0.006187469, 0.0061923736, 0.0061963242, 0.006192897, 0.006188593, 0.0061752135, 0.006155273, 0.006129586, 0.006114764, 0.0060809627, 0.0060414504, 0.006019455, 0.0059716078, 0.005917818, 0.00588876, 0.0058260425, 0.005756857, 0.005680395, 0.0056393575, 0.0055513787, 0.0054549584, 0.0054031867, 0.0052934247, 0.0051747225, 0.0050475933, 0.004980949, 0.004841947, 0.004695635, 0.004619743, 0.00446278, 0.00429828, 0.0042127627, 0.0040333793, 0.00384034, 0.003629531, 0.0035166955, 0.003281249, 0.0030676296, 0.0030022042, 0.0031010013, 0.0037491356, 0, 0, 0, 0, 0, 0, 0, 0, 0, 0, 0, 0, 0, 0, 0, 0, 0, 0, 0, 0, 0, 0, 0, 0
0, 0, 0, 0, 0, 0, 0, 0, 0, 0, 0, 0, 0, 0, 0, 0, 0, 0, 0, 0, 0, 0, 0, 0, 0, 0, 0, 0, 0, 0, 0, 0, 0, 0, 0, 0, 0, 0, 0, 0, 0, 0, 0, 0, 0, 0, 0, 0, 0, 0, 0.0045674574, 0.0035821393, 0.0033024056, 0.003128674, 0.0032300553, 0.0033224688, 0.0035324595, 0.0037456986, 0.0038490796, 0.0040465784, 0.004230853, 0.0044004056, 0.0044796267, 0.004627947, 0.0047644167, 0.004828544, 0.004950922, 0.0050656097, 0.005174416, 0.0052265115, 0.0053263535, 0.005419939, 0.005464027, 0.005547309, 0.005623611, 0.005693852, 0.0057269423, 0.005789757, 0.005848755, 0.005876978, 0.0059298584, 0.0059779864, 0.005999606, 0.00603749, 0.0060674865, 0.006089279, 0.0060970024, 0.006106736, 0.0061090826, 0.006107535, 0.006099644, 0.0060854093, 0.0060656946, 0.006053912, 0.0060269297, 0.0059951437, 0.0059774825, 0.0059385262, 0.0058943, 0.005870326, 0.0058174734, 0.0057574874, 0.005689318, 0.0056520547, 0.005571543, 0.005482319, 0.005434831, 0.0053334716, 0.0052242894, 0.0051079714, 0.0050470084, 0.0049192305, 0.0047840932, 0.004713619, 0.0045669405, 0.004411604, 0.00433007, 0.0041580508, 0.0039709383, 0.0037641148, 0.0036525298, 0.0034182442, 0.003201997, 0.0031318842, 0.0032085602, 0.0038364462, 0, 0, 0, 0, 0, 0, 0, 0, 0, 0, 0, 0, 0, 0, 0, 0, 0, 0, 0, 0, 0, 0, 0, 0
0, 0, 0, 0, 0, 0, 0, 0, 0, 0, 0, 0, 0, 0, 0, 0, 0, 0, 0, 0, 0, 0, 0, 0, 0, 0, 0, 0, 0, 0, 0, 0, 0, 0, 0, 0, 0, 0, 0, 0, 0, 0, 0, 0, 0, 0, 0, 0, 0, 0, 0, 0.0036921438, 0.0032944998, 0.002969877, 0.0030308184, 0.0031223681, 0.0033427833, 0.0035694083, 0.003678576, 0.0038852054, 0.0040752194, 0.004248274, 0.0043285256, 0.00447784, 0.0046143085, 0.0046785497, 0.004800305, 0.0049145236, 0.005022215, 0.005073884, 0.0051729414, 0.0052664103, 0.00531108, 0.005395947, 0.005475343, 0.0055491277, 0.0055843443, 0.005651413, 0.0057145497, 0.005744811, 0.005802051, 0.0058541894, 0.005878126, 0.0059208125, 0.005956219, 0.0059839305, 0.0059949467, 0.0060117673, 0.006021185, 0.006023328, 0.006022841, 0.0060165087, 0.006005091, 0.005997522, 0.005979269, 0.0059567024, 0.005943726, 0.0059142923, 0.0058795935, 0.005860017, 0.0058157393, 0.005763489, 0.0057025207, 0.00566856, 0.005594254, 0.0055120066, 0.005468072, 0.0053747045, 0.005274411, 0.005167475, 0.0051113423, 0.004993532, 0.0048678685, 0.0048018466, 0.004663138, 0.0045148814, 0.0044367877, 0.0042708167, 0.0040898626, 0.0038905784, 0.0037839, 0.0035602767, 0.0033483447, 0.0032686454, 0.0032604246, 0.0036774368, 0.0046689664, 0, 0, 0, 0, 0, 0, 0, 0, 0, 0, 0, 0, 0, 0, 0, 0, 0, 0, 0, 0, 0, 0, 0
0, 0, 0, 0, 0, 0, 0, 0, 0, 0, 0, 0, 0, 0, 0, 0, 0, 0, 0, 0, 0, 0, 0, 0, 0, 0, 0, 0, 0, 0, 0, 0, 0, 0, 0, 0, 0, 0, 0, 0, 0, 0, 0, 0, 0, 0, 0, 0, 0, 0, 0, 0.0035431888, 0.003140823, 0.0027810633, 0.0028347364, 0.0029280821, 0.0031574662, 0.0033934887, 0.003506624, 0.0037184425, 0.0039103734, 0.0040835002, 0.004163881, 0.004313501, 0.0044506006, 0.0045153825, 0.00463901, 0.004755256, 0.0048651425, 0.004917728, 0.0050190417, 0.005114867, 0.005160865, 0.005248738, 0.0053316453, 0.005409438, 0.0054465397, 0.005517434, 0.005584078, 0.0056158453, 0.005675999, 0.005731326, 0.005756958, 0.0058037457, 0.005843842, 0.0058774687, 0.0058916737, 0.0059153647, 0.0059326263, 0.0059386576, 0.0059464104, 0.0059487564, 0.0059461887, 0.0059432704, 0.005934329, 0.005920595, 0.0059119044, 0.0058907005, 0.005863476, 0.00584726, 0.0058091125, 0.0057623, 0.0057064644, 0.005675368, 0.005606708, 0.005530723, 0.005489998, 0.0054034526, 0.0053108665, 0.005211795, 0.005159526, 0.0050493814, 0.0049309465, 0.0048681665, 0.0047357255, 0.0045929076, 0.0045173033, 0.0043561365, 0.0041801347, 0.003986242, 0.0038825332, 0.0036613138, 0.0034329244, 0.0033262486, 0.0031779867, 0.0032300584, 0.0035117597, 0, 0, 0, 0, 0, 0, 0, 0, 0, 0, 0, 0, 0, 0, 0, 0, 0, 0, 0, 0, 0, 0, 0
0, 0, 0, 0, 0, 0, 0, 0, 0, 0, 0, 0, 0, 0, 0, 0, 0, 0, 0, 0, 0, 0, 0, 0, 0, 0, 0, 0, 0, 0, 0, 0, 0, 0, 0, 0, 0, 0, 0, 0, 0, 0, 0, 0, 0, 0, 0, 0, 0, 0, 0, 0, 0.0030100124, 0.0027625158, 0.0027357927, 0.002801689, 0.0030052825, 0.0032344842, 0.0033460432, 0.0035545903, 0.0037425193, 0.0039122766, 0.0039909305, 0.0041396497, 0.0042783823, 0.004344761, 0.0044723563, 0.004593975, 0.0047097323, 0.004765385, 0.0048721605, 0.004973164, 0.0050213654, 0.00511384, 0.005200579, 0.005282078, 0.005320587, 0.005394382, 0.0054630404, 0.005495867, 0.0055581867, 0.00561578, 0.0056427643, 0.0056930347, 0.005737566, 0.0057764137, 0.005793715, 0.0058233943, 0.005847195, 0.005856891, 0.0058720955, 0.0058821137, 0.0058875247, 0.005888457, 0.0058869817, 0.0058802147, 0.0058744936, 0.005858331, 0.00583524, 0.0058208373, 0.005785658, 0.005741902, 0.005689913, 0.0056609497, 0.005597481, 0.005527061, 0.0054895314, 0.0054095276, 0.0053232647, 0.0052302326, 0.005181, 0.0050761835, 0.004962771, 0.004902469, 0.0047744187, 0.004635457, 0.004561576, 0.0044035465, 0.004230719, 0.004039105, 0.003935796, 0.0037119952, 0.0034673607, 0.0033423475, 0.0031231446, 0.0030669873, 0.003456356, 0.003865879, 0, 0, 0, 0, 0, 0, 0, 0, 0, 0, 0, 0, 0, 0, 0, 0, 0, 0, 0, 0, 0, 0
0, 0, 0, 0, 0, 0, 0, 0, 0, 0, 0, 0, 0, 0, 0, 0, 0, 0, 0, 0, 0, 0, 0, 0, 0, 0, 0, 0, 0, 0, 0, 0, 0, 0, 0, 0, 0, 0, 0, 0, 0, 0, 0, 0, 0, 0, 0, 0, 0, 0, 0, 0, 0.0038890564, 0.0030213797, 0.0027196838, 0.0027268974, 0.0028797775, 0.0030908033, 0.003196312, 0.003394881, 0.0035748081, 0.0037388997, 0.0038163636, 0.0039643636, 0.0041055954, 0.00417446, 0.0043082223, 0.0044372603, 0.0045610867, 0.004621007, 0.0047359713, 0.0048441067, 0.004895639, 0.0049934303, 0.0050844247, 0.005169015, 0.005208912, 0.0052847126, 0.00535533, 0.005388993, 0.005452785, 0.005512242, 0.0055404175, 0.005593347, 0.0056415643, 0.005684367, 0.0057038474, 0.0057384544, 0.005767085, 0.00577933, 0.005799636, 0.0058154035, 0.0058259293, 0.0058294213, 0.0058318186, 0.0058283033, 0.0058237026, 0.0058090477, 0.005786576, 0.005772364, 0.0057376404, 0.0056952895, 0.005646078, 0.005618848, 0.005560144, 0.005495526, 0.0054607545, 0.0053864107, 0.005305444, 0.0052170306, 0.005169912, 0.00506927, 0.00495932, 0.0049007135, 0.0047759246, 0.004639834, 0.004567013, 0.0044114213, 0.0042403857, 0.004050858, 0.0039484077, 0.0037251976, 0.0034798249, 0.003352543, 0.0031206808, 0.0030310985, 0.0033520348, 0.0037624885, 0, 0, 0, 0, 0, 0, 0, 0, 0, 0, 0, 0, 0, 0, 0, 0, 0, 0, 0, 0, 0, 0
0, 0, 0, 0, 0, 0, 0, 0, 0, 0, 0, 0, 0, 0, 0, 0, 0, 0, 0, 0, 0, 0, 0, 0, 0, 0, 0, 0, 0, 0, 0, 0, 0, 0, 0, 0, 0, 0, 0, 0, 0, 0, 0, 0, 0, 0, 0, 0, 0, 0, 0, 0, 0, 0.0030484018, 0.0026723915, 0.0026528905, 0.0027678756, 0.0029539282, 0.0030504593, 0.0032358866, 0.003408151, 0.0035692106, 0.003646663, 0.0037970226, 0.003942941, 0.0040146317, 0.0041550207, 0.004291814, 0.0044241613, 0.0044881166, 0.0046112556, 0.0047270227, 0.004782032, 0.004885922, 0.0049816486, 0.005069698, 0.005111309, 0.0051893047, 0.005261378, 0.005295604, 0.0053606383, 0.005421358, 0.0054502888, 0.0055047264, 0.005554729, 0.005599772, 0.0056202016, 0.0056569865, 0.005687973, 0.005701606, 0.0057246624, 0.0057425504, 0.0057550007, 0.005759039, 0.0057621603, 0.0057579502, 0.0057529956, 0.005737114, 0.0057130246, 0.0056982115, 0.0056629465, 0.0056212945, 0.0055743135, 0.0055489554, 0.0054945494, 0.005434965, 0.0054028803, 0.005333547, 0.0052568205, 0.005172074, 0.0051264768, 0.0050286707, 0.0049212123, 0.0048638596, 0.00474131, 0.0046071666, 0.0045355284, 0.004381787, 0.0042131967, 0.0040272293, 0.0039270925, 0.003710631, 0.0034735908, 0.0033502416, 0.0031117778, 0.002947705, 0.002993079, 0.0031233008, 0, 0, 0, 0, 0, 0, 0, 0, 0, 0, 0, 0, 0, 0, 0, 0, 0, 0, 0, 0, 0, 0
0, 0, 0, 0, 0, 0, 0, 0, 0, 0, 0, 0, 0, 0, 0, 0, 0, 0, 0, 0, 0, 0, 0, 0, 0, 0, 0, 0, 0, 0, 0, 0, 0, 0, 0, 0, 0, 0, 0, 0, 0, 0, 0, 0, 0, 0, 0, 0, 0, 0, 0, 0, 0, 0.0029908023, 0.002725114, 0.002657265, 0.0026796756, 0.002815482, 0.0028992507, 0.0030742984, 0.0032464825, 0.0034118963, 0.003492107, 0.0036485693, 0.0038005854, 0.003875423, 0.0040218616, 0.0041642003, 0.004302375, 0.004369344, 0.0044986582, 0.0046207067, 0.004678606, 0.004788145, 0.0048887827, 0.0049807657, 0.0050236946, 0.005104229, 0.005177767, 0.005212441, 0.005277799, 0.005338495, 0.0053671245, 0.0054212804, 0.0054705883, 0.005514729, 0.005534939, 0.0055709127, 0.005601668, 0.005615085, 0.005637825, 0.005654999, 0.005666364, 0.005669787, 0.0056710076, 0.005665021, 0.0056590317, 0.0056407847, 0.0056153187, 0.005599962, 0.0055645593, 0.005524129, 0.0054797055, 0.005456056, 0.005405581, 0.0053500226, 0.0053199893, 0.0052544638, 0.0051812995, 0.0050989743, 0.0050543724, 0.0049582096, 0.0048523815, 0.004795693, 0.0046744025, 0.0045416737, 0.004470739, 0.00431922, 0.0041535744, 0.003972908, 0.0038766123, 0.003670647, 0.0034474828, 0.0033305204, 0.0030958834, 0.0029034037, 0.0028796212, 0.0030086604, 0.0036968112, 0, 0, 0, 0, 0, 0, 0, 0, 0, 0, 0, 0, 0, 0, 0, 0, 0, 0, 0, 0, 0
0, 0, 0, 0, 0, 0, 0, 0, 0, 0, 0, 0, 0, 0, 0, 0, 0, 0, 0, 0, 0, 0, 0, 0, 0, 0, 0, 0, 0, 0, 0, 0, 0, 0, 0, 0, 0, 0, 0, 0, 0, 0, 0, 0, 0, 0, 0, 0, 0, 0, 0, 0, 0, 0.0038957943, 0.0030159287, 0.0027611242, 0.0025859757, 0.0026584433, 0.002734687, 0.0029148213, 0.0031003838, 0.0032785428, 0.0033643413, 0.003529844, 0.0036880686, 0.0037648198, 0.003914659, 0.004059169, 0.004198867, 0.0042666625, 0.0043983688, 0.0045235436, 0.0045832577, 0.004696582, 0.004800856, 0.0048959414, 0.004940073, 0.0050220434, 0.0050963154, 0.0051307282, 0.005195229, 0.005254136, 0.005281678, 0.0053331177, 0.005379404, 0.0054204636, 0.005438883, 0.0054716356, 0.0054992633, 0.0055113803, 0.005531733, 0.0055465526, 0.0055554747, 0.0055575683, 0.0055568367, 0.005549365, 0.00554283, 0.005524076, 0.0054986468, 0.0054836315, 0.005449757, 0.005411446, 0.005369945, 0.005347959, 0.005300651, 0.005248265, 0.005219534, 0.005156301, 0.005084658, 0.0050038034, 0.0049596936, 0.004864145, 0.004758778, 0.0047021518, 0.0045813243, 0.004449554, 0.0043793153, 0.004229959, 0.0040684408, 0.0038943388, 0.0038025451, 0.003608638, 0.003401037, 0.0032926507, 0.003073918, 0.0028875112, 0.0028461076, 0.0029530525, 0.0036118957, 0, 0, 0, 0, 0, 0, 0, 0, 0, 0, 0, 0, 0, 0, 0, 0, 0, 0, 0, 0, 0
0, 0, 0, 0, 0, 0, 0, 0, 0, 0, 0, 0, 0, 0, 0, 0, 0, 0, 0, 0, 0, 0, 0, 0, 0, 0, 0, 0, 0, 0, 0, 0, 0, 0, 0, 0, 0, 0, 0, 0, 0, 0, 0, 0, 0, 0, 0, 0, 0, 0, 0, 0, 0, 0, 0.0030588312, 0.0027163376, 0.0024328926, 0.0024913307, 0.0025770923, 0.0027821907, 0.0029898405, 0.0031837348, 0.003274978, 0.003447792, 0.0036094498, 0.0036867126, 0.0038354069, 0.003977458, 0.0041142413, 0.004180649, 0.0043099797, 0.0044337604, 0.0044933776, 0.004606594, 0.0047114273, 0.004806974, 0.004851199, 0.0049328017, 0.0050058467, 0.00503948, 0.005101613, 0.005157775, 0.0051838225, 0.0052316147, 0.0052737594, 0.005310375, 0.0053263824, 0.0053545833, 0.005378008, 0.0053881705, 0.005404976, 0.0054171467, 0.005424023, 0.0054253107, 0.005423868, 0.005416309, 0.0054103374, 0.0053934916, 0.0053704972, 0.005356835, 0.0053259023, 0.005290742, 0.005252108, 0.005231377, 0.0051865233, 0.0051359734, 0.0051082317, 0.005046388, 0.004975536, 0.004894641, 0.004850613, 0.004755025, 0.0046493993, 0.0045928024, 0.004472252, 0.0043414757, 0.0042722025, 0.004126208, 0.0039694267, 0.0038026115, 0.0037151785, 0.0035322087, 0.0033377341, 0.0032360863, 0.0030282312, 0.0028343273, 0.0027192798, 0.0027303621, 0.0029580214, 0, 0, 0, 0, 0, 0, 0, 0, 0, 0, 0, 0, 0, 0, 0, 0, 0, 0, 0, 0, 0
0, 0, 0, 0, 0, 0, 0, 0, 0, 0, 0, 0, 0, 0, 0, 0, 0, 0, 0, 0, 0, 0, 0, 0, 0, 0, 0, 0, 0, 0, 0, 0, 0, 0, 0, 0, 0, 0, 0, 0, 0, 0, 0, 0, 0, 0, 0, 0, 0, 0, 0, 0, 0, 0, 0.002909714, 0.0026058059, 0.0023278564, 0.002401696, 0.0024961247, 0.0027160444, 0.0029338745, 0.0031338208, 0.0032269312, 0.003400863, 0.00356098, 0.0036362836, 0.003779817, 0.003915286, 0.004044762, 0.0041077044, 0.0042300625, 0.0043477197, 0.004404624, 0.0045136563, 0.0046148007, 0.004707062, 0.004749665, 0.0048284037, 0.0048986473, 0.004930907, 0.004990458, 0.005044022, 0.0050685154, 0.0051130643, 0.005151501, 0.005184085, 0.0051982054, 0.005222138, 0.0052417894, 0.0052499226, 0.0052639325, 0.0052739806, 0.0052798954, 0.0052811126, 0.005280492, 0.005275102, 0.0052705333, 0.0052572177, 0.0052379146, 0.005226369, 0.0051992578, 0.0051672934, 0.0051314156, 0.005111792, 0.0050688917, 0.005019768, 0.0049926676, 0.00493162, 0.004861344, 0.0047810692, 0.004737134, 0.0046416624, 0.0045365747, 0.004480497, 0.0043613254, 0.004233426, 0.0041659917, 0.0040245554, 0.0038741543, 0.0037146052, 0.0036310027, 0.0034565846, 0.0032701641, 0.0031719105, 0.0029658612, 0.0027568364, 0.0025860528, 0.0025471097, 0.0026961535, 0.0033400971, 0, 0, 0, 0, 0, 0, 0, 0, 0, 0, 0, 0, 0, 0, 0, 0, 0, 0, 0, 0
0, 0, 0, 0, 0, 0, 0, 0, 0, 0, 0, 0, 0, 0, 0, 0, 0, 0, 0, 0, 0, 0, 0, 0, 0, 0, 0, 0, 0, 0, 0, 0, 0, 0, 0, 0, 0, 0, 0, 0, 0, 0, 0, 0, 0, 0, 0, 0, 0, 0, 0, 0, 0, 0, 0, 0.0027147965, 0.0025254774, 0.0024992004, 0.0025535915, 0.0027268631, 0.0029253901, 0.0031171266, 0.003207318, 0.0033756495, 0.0035290532, 0.0036006735, 0.0037358664, 0.0038621554, 0.003981553, 0.0040393663, 0.00415179, 0.004259983, 0.0043123607, 0.004413145, 0.004506969, 0.0045932657, 0.0046332967, 0.0047073807, 0.00477427, 0.0048051514, 0.00486241, 0.004914087, 0.0049378253, 0.004980664, 0.0050170976, 0.005047259, 0.0050601764, 0.005081716, 0.0050990586, 0.005106438, 0.005119062, 0.005128278, 0.0051343604, 0.005136367, 0.0051375637, 0.0051351073, 0.005132299, 0.005122861, 0.0051079756, 0.005098405, 0.0050750226, 0.0050465516, 0.0050133867, 0.004994994, 0.0049539516, 0.0049067605, 0.004880277, 0.0048210365, 0.004752543, 0.0046741273, 0.004631093, 0.004537768, 0.0044354093, 0.00438115, 0.0042660604, 0.0041431454, 0.0040787533, 0.003943883, 0.0038007768, 0.0036485232, 0.003568681, 0.0034005821, 0.00321915, 0.0031226913, 0.0029170434, 0.002698926, 0.00249534, 0.0024215067, 0.0024127818, 0.0026213243, 0, 0, 0, 0, 0, 0, 0, 0, 0, 0, 0, 0, 0, 0, 0, 0, 0, 0, 0, 0
0, 0, 0, 0, 0, 0, 0, 0, 0, 0, 0, 0, 0, 0, 0, 0, 0, 0, 0, 0, 0, 0, 0, 0, 0, 0, 0, 0, 0, 0, 0, 0, 0, 0, 0, 0, 0, 0, 0, 0, 0, 0, 0, 0, 0, 0, 0, 0, 0, 0, 0, 0, 0, 0, 0, 0.004065492, 0.0032524557, 0.0027474859, 0.0026869013, 0.002757533, 0.0029241028, 0.003103512, 0.0031893298, 0.0033491415, 0.003493755, 0.0035607333, 0.0036866846, 0.0038033577, 0.0039127213, 0.003965346, 0.0040670545, 0.0041647307, 0.0042121, 0.004303209, 0.0043889955, 0.0044685425, 0.0045057056, 0.004575524, 0.0046393224, 0.0046692146, 0.0047251554, 0.0047758636, 0.0047991946, 0.0048415666, 0.004877968, 0.004907894, 0.004920821, 0.0049426258, 0.0049602734, 0.004967771, 0.004980785, 0.0049913228, 0.0049989144, 0.0050019235, 0.005005454, 0.0050059417, 0.005004695, 0.004998832, 0.004987898, 0.0049801613, 0.0049609873, 0.004936203, 0.0049063955, 0.0048894286, 0.004851336, 0.004806881, 0.0047819135, 0.0047259475, 0.004661234, 0.004587128, 0.004546435, 0.004458458, 0.0043618204, 0.004310602, 0.0042025372, 0.004087012, 0.0040266295, 0.0038997156, 0.003764345, 0.0036192173, 0.0035427108, 0.0033806432, 0.0032047885, 0.0031110197, 0.0029107411, 0.0026968843, 0.002490969, 0.0024094612, 0.0023784977, 0.0027321412, 0.0031000434, 0, 0, 0, 0, 0, 0, 0, 0, 0, 0, 0, 0, 0, 0, 0, 0, 0, 0, 0
0, 0, 0, 0, 0, 0, 0, 0, 0, 0, 0, 0, 0, 0, 0, 0, 0, 0, 0, 0, 0, 0, 0, 0, 0, 0, 0, 0, 0, 0, 0, 0, 0, 0, 0, 0, 0, 0, 0, 0, 0, 0, 0, 0, 0, 0, 0, 0, 0, 0, 0, 0, 0, 0, 0, 0, 0.0027694546, 0.0025639092, 0.0025469437, 0.0026506956, 0.0028210199, 0.0029892751, 0.003067228, 0.0032103518, 0.0033403262, 0.0034012515, 0.0035161457, 0.003622962, 0.0037222353, 0.003769207, 0.0038590333, 0.003944195, 0.003985169, 0.0040643713, 0.0041403417, 0.0042124176, 0.0042469907, 0.004313051, 0.004374321, 0.00440337, 0.004458103, 0.0045082197, 0.004531663, 0.0045754365, 0.004615142, 0.004650942, 0.004667414, 0.004697635, 0.004724465, 0.0047365674, 0.0047583147, 0.004776754, 0.0047919615, 0.004798432, 0.0048088855, 0.0048161955, 0.004818531, 0.0048204167, 0.0048183626, 0.004815974, 0.0048074457, 0.0047935033, 0.004773943, 0.0047619105, 0.00473344, 0.0046987324, 0.0046789246, 0.0046342425, 0.00458237, 0.004522995, 0.0044904593, 0.0044197156, 0.004341393, 0.0042991913, 0.0042092246, 0.004111201, 0.0040591992, 0.003947937, 0.0038269903, 0.0036952605, 0.0036255426, 0.0034775485, 0.0033182686, 0.0032345566, 0.0030580289, 0.0028707306, 0.0026806504, 0.0025932172, 0.0024741082, 0.0025261429, 0.002642059, 0, 0, 0, 0, 0, 0, 0, 0, 0, 0, 0, 0, 0, 0, 0, 0, 0, 0, 0
0, 0, 0, 0, 0, 0, 0, 0, 0, 0, 0, 0, 0, 0, 0, 0, 0, 0, 0, 0, 0, 0, 0, 0, 0, 0, 0, 0, 0, 0, 0, 0, 0, 0, 0, 0, 0, 0, 0, 0, 0, 0, 0, 0, 0, 0, 0, 0, 0, 0, 0, 0, 0, 0, 0, 0, 0.0030650047, 0.0027117182, 0.0026208586, 0.0026191985, 0.0027327582, 0.0028736372, 0.0029440792, 0.0030803173, 0.0032088477, 0.0032703842, 0.003387724, 0.003497431, 0.0035994207, 0.0036474701, 0.0037385481, 0.0038237765, 0.0038645433, 0.003943329, 0.004018965, 0.0040913587, 0.004126156, 0.004192568, 0.0042545446, 0.004283726, 0.0043387725, 0.004389533, 0.004413698, 0.0044598384, 0.0045033065, 0.0045447373, 0.0045646727, 0.004602281, 0.0046370476, 0.0046532652, 0.004682632, 0.0047081336, 0.00472952, 0.0047389977, 0.0047549875, 0.0047674756, 0.0047725732, 0.0047803596, 0.0047848835, 0.0047858884, 0.0047846055, 0.004777894, 0.0047651143, 0.004756334, 0.0047342735, 0.0047057336, 0.004689083, 0.004650848, 0.0046064667, 0.0045554475, 0.0045273644, 0.004465483, 0.004396147, 0.004358652, 0.004277123, 0.004186964, 0.004138147, 0.004033516, 0.003918662, 0.0037934228, 0.003727, 0.0035872895, 0.0034384467, 0.0033605644, 0.003197039, 0.003022342, 0.0028376812, 0.0027458335, 0.0025912612, 0.0025744245, 0.0026888612, 0.0033306193, 0, 0, 0, 0, 0, 0, 0, 0, 0, 0, 0, 0, 0, 0, 0, 0, 0, 0
0, 0, 0, 0, 0, 0, 0, 0, 0, 0, 0, 0, 0, 0, 0, 0, 0, 0, 0, 0, 0, 0, 0, 0, 0, 0, 0, 0, 0, 0, 0, 0, 0, 0, 0, 0, 0, 0, 0, 0, 0, 0, 0, 0, 0, 0, 0, 0, 0, 0, 0, 0, 0, 0, 0, 0, 0.0040313113, 0.0030727135, 0.0027859274, 0.0025650626, 0.0025939052, 0.002709597, 0.0027773515, 0.002916609, 0.0030524498, 0.00311809, 0.003243195, 0.0033598233, 0.0034679165, 0.0035187795, 0.0036141302, 0.0037025588, 0.003744429, 0.0038250454, 0.0039023233, 0.003976224, 0.004011926, 0.004079858, 0.0041434653, 0.004173515, 0.004230524, 0.004284206, 0.004310026, 0.0043605245, 0.004409894, 0.004458486, 0.0044822693, 0.004528774, 0.004572444, 0.004593012, 0.004630947, 0.0046642898, 0.0046931934, 0.0047059455, 0.0047284258, 0.00474728, 0.0047556018, 0.004770016, 0.0047816136, 0.004786261, 0.004792356, 0.004793025, 0.004787347, 0.004781882, 0.0047662496, 0.004744127, 0.0047306796, 0.0046991324, 0.0046614315, 0.004617796, 0.004593541, 0.004539607, 0.004478143, 0.0044443076, 0.0043701236, 0.0042862077, 0.004240609, 0.004141755, 0.004032795, 0.0039142203, 0.0038515625, 0.0037202088, 0.003581383, 0.0035090758, 0.0033576211, 0.0031954572, 0.003022998, 0.0029361008, 0.0027869274, 0.0027662076, 0.0028737204, 0.0035095906, 0, 0, 0, 0, 0, 0, 0, 0, 0, 0, 0, 0, 0, 0, 0, 0, 0, 0
0, 0, 0, 0, 0, 0, 0, 0, 0, 0, 0, 0, 0, 0, 0, 0, 0, 0, 0, 0, 0, 0, 0, 0, 0, 0, 0, 0, 0, 0, 0, 0, 0, 0, 0, 0, 0, 0, 0, 0, 0, 0, 0, 0, 0, 0, 0, 0, 0, 0, 0, 0, 0, 0, 0, 0, 0, 0.0030959407, 0.002725868, 0.0023907062, 0.0023886482, 0.0025112608, 0.0025869834, 0.0027428346, 0.0028928278, 0.0029641807, 0.0030987985, 0.003223008, 0.0033372466, 0.0033909199, 0.0034913092, 0.0035835337, 0.0036273282, 0.003710978, 0.0037905162, 0.0038665421, 0.0039032686, 0.0039737397, 0.0040402757, 0.0040720874, 0.0041332426, 0.004192223, 0.0042210654, 0.004278121, 0.004334792, 0.0043910816, 0.004419023, 0.0044737565, 0.0045259413, 0.0045505734, 0.004596376, 0.0046372362, 0.0046730484, 0.0046890643, 0.004717839, 0.0047427756, 0.004754137, 0.0047746026, 0.0047921627, 0.0047998363, 0.0048118574, 0.0048186597, 0.004819056, 0.004816948, 0.0048073716, 0.004791539, 0.0047811475, 0.0047559394, 0.0047245487, 0.0046872376, 0.0046660844, 0.0046187923, 0.0045635896, 0.0045328834, 0.0044646086, 0.004386497, 0.0043437667, 0.0042504137, 0.0041476623, 0.004035773, 0.0039767628, 0.0038531013, 0.0037222037, 0.0036539128, 0.00351044, 0.0033568349, 0.0031925286, 0.0031085385, 0.0029557026, 0.002893184, 0.0029481435, 0.0034082755, 0.004425315, 0, 0, 0, 0, 0, 0, 0, 0, 0, 0, 0, 0, 0, 0, 0, 0, 0
0, 0, 0, 0, 0, 0, 0, 0, 0, 0, 0, 0, 0, 0, 0, 0, 0, 0, 0, 0, 0, 0, 0, 0, 0, 0, 0, 0, 0, 0, 0, 0, 0, 0, 0, 0, 0, 0, 0, 0, 0, 0, 0, 0, 0, 0, 0, 0, 0, 0, 0, 0, 0, 0, 0, 0, 0, 0.0028699648, 0.0025075953, 0.002170175, 0.0021852849, 0.0023306154, 0.0024172706, 0.0025905666, 0.0027520475, 0.002827258, 0.0029677106, 0.0030958892, 0.0032135397, 0.0032687034, 0.003372583, 0.0034685489, 0.0035138857, 0.0036006845, 0.0036829254, 0.00376178, 0.0037999873, 0.0038739075, 0.003944782, 0.003979247, 0.0040465854, 0.0041123717, 0.0041448204, 0.0042089554, 0.0042725042, 0.0043355185, 0.004366587, 0.004427598, 0.004485673, 0.0045134556, 0.0045651635, 0.0046116374, 0.0046529267, 0.0046715387, 0.0047052754, 0.0047347313, 0.0047481474, 0.0047725188, 0.004793792, 0.004803285, 0.004819036, 0.0048301057, 0.0048351726, 0.004835539, 0.004831794, 0.0048215953, 0.004814238, 0.0047947294, 0.0047688507, 0.0047367373, 0.004718388, 0.0046761464, 0.004626136, 0.0045979223, 0.00453502, 0.004462509, 0.0044225054, 0.004335138, 0.0042384006, 0.004132737, 0.0040768944, 0.003958774, 0.0038327684, 0.0037662166, 0.003625705, 0.003472649, 0.0033040433, 0.0032139823, 0.0030287209, 0.0028704915, 0.002829826, 0.0029254488, 0.0032884062, 0, 0, 0, 0, 0, 0, 0, 0, 0, 0, 0, 0, 0, 0, 0, 0, 0
0, 0, 0, 0, 0, 0, 0, 0, 0, 0, 0, 0, 0, 0, 0, 0, 0, 0, 0, 0, 0, 0, 0, 0, 0, 0, 0, 0, 0, 0, 0, 0, 0, 0, 0, 0, 0, 0, 0, 0, 0, 0, 0, 0, 0, 0, 0, 0, 0, 0, 0, 0, 0, 0, 0, 0, 0, 0, 0.002261125, 0.0020766747, 0.002080217, 0.002218967, 0.0023052902, 0.0024793765, 0.0026402527, 0.0027147238, 0.00285318, 0.0029800993, 0.0030973083, 0.0031528808, 0.0032581827, 0.0033565036, 0.0034034024, 0.0034936673, 0.0035795593, 0.0036619594, 0.0037021048, 0.003780589, 0.003856614, 0.003894041, 0.0039675334, 0.0040394673, 0.0040747584, 0.0041442504, 0.004211967, 0.004278379, 0.0043110186, 0.0043747937, 0.004435473, 0.004464595, 0.0045190835, 0.004568829, 0.0046134586, 0.004633788, 0.0046706973, 0.00470275, 0.0047171833, 0.0047430787, 0.0047657844, 0.004775868, 0.004793349, 0.004806553, 0.0048150225, 0.004817372, 0.0048181294, 0.004813035, 0.0048081647, 0.004793225, 0.0047719143, 0.0047440324, 0.0047275163, 0.0046895086, 0.004644023, 0.004618254, 0.0045599253, 0.0044924603, 0.004455193, 0.0043737805, 0.004282778, 0.0041826307, 0.0041292342, 0.0040151835, 0.0038914809, 0.0038257479, 0.0036846062, 0.0035286122, 0.0033525464, 0.0032550637, 0.0030422285, 0.0028225179, 0.0027291174, 0.0026608089, 0.002827752, 0, 0, 0, 0, 0, 0, 0, 0, 0, 0, 0, 0, 0, 0, 0, 0, 0
0, 0, 0, 0, 0, 0, 0, 0, 0, 0, 0, 0, 0, 0, 0, 0, 0, 0, 0, 0, 0, 0, 0, 0, 0, 0, 0, 0, 0, 0, 0, 0, 0, 0, 0, 0, 0, 0, 0, 0, 0, 0, 0, 0, 0, 0, 0, 0, 0, 0, 0, 0, 0, 0, 0, 0, 0, 0, 0.0027972204, 0.0022332566, 0.0020975068, 0.0021784336, 0.0022485463, 0.0024015547, 0.0025491267, 0.0026186479, 0.0027495092, 0.0028713972, 0.0029861617, 0.0030411405, 0.00314675, 0.0032469998, 0.00329546, 0.0033889918, 0.0034789064, 0.0035656698, 0.0036082375, 0.0036910935, 0.003771972, 0.003811613, 0.0038892177, 0.0039643766, 0.0040009143, 0.0040715225, 0.0041392627, 0.004204636, 0.004236598, 0.004298825, 0.0043584676, 0.0043872353, 0.0044417977, 0.0044923527, 0.004538198, 0.004559159, 0.0045975256, 0.0046304623, 0.004645103, 0.004671416, 0.004694162, 0.004704354, 0.0047221095, 0.0047364677, 0.0047471644, 0.004750906, 0.004754599, 0.0047528273, 0.0047496464, 0.004738157, 0.004720065, 0.0046953717, 0.0046806643, 0.0046460987, 0.004604478, 0.0045806877, 0.0045270366, 0.004464654, 0.0044300933, 0.0043539987, 0.00426875, 0.004173722, 0.004122426, 0.00401221, 0.0038910918, 0.0038261155, 0.0036865557, 0.0035311761, 0.003356116, 0.0032601622, 0.0030531525, 0.0028516122, 0.0027805476, 0.0028613422, 0.0038275723, 0.0050744857, 0, 0, 0, 0, 0, 0, 0, 0, 0, 0, 0, 0, 0, 0, 0, 0
0, 0, 0, 0, 0, 0, 0, 0, 0, 0, 0, 0, 0, 0, 0, 0, 0, 0, 0, 0, 0, 0, 0, 0, 0, 0, 0, 0, 0, 0, 0, 0, 0, 0, 0, 0, 0, 0, 0, 0, 0, 0, 0, 0, 0, 0, 0, 0, 0, 0, 0, 0, 0, 0, 0, 0, 0, 0, 0, 0.002371194, 0.0021682866, 0.0021654132, 0.0022089896, 0.0023296408, 0.002460181, 0.0025240234, 0.0026471128, 0.002764471, 0.0028771176, 0.0029317955, 0.0030378455, 0.003140095, 0.0031897048, 0.0032862255, 0.0033795068, 0.003469723, 0.003513847, 0.00359976, 0.0036831137, 0.0037236575, 0.0038020506, 0.0038763215, 0.003911673, 0.003979189, 0.0040423935, 0.0041028606, 0.0041322443, 0.00418912, 0.0042443625, 0.004271106, 0.004323063, 0.004371752, 0.0044166124, 0.004437391, 0.0044754436, 0.004508228, 0.0045229276, 0.0045492956, 0.004572146, 0.004582447, 0.0046006814, 0.00461586, 0.004627523, 0.0046320218, 0.0046370635, 0.0046366137, 0.0046342327, 0.0046246876, 0.0046088207, 0.0045868144, 0.0045734947, 0.0045423596, 0.004504592, 0.004483076, 0.0044342247, 0.004376991, 0.0043452806, 0.0042748624, 0.004195147, 0.0041055465, 0.0040571294, 0.0039522247, 0.0038361882, 0.0037738762, 0.0036398084, 0.0034915332, 0.0033271564, 0.0032389106, 0.003054174, 0.0028811994, 0.0028204178, 0.002850684, 0.0033000438, 0.0036919937, 0, 0, 0, 0, 0, 0, 0, 0, 0, 0, 0, 0, 0, 0, 0, 0
0, 0, 0, 0, 0, 0, 0, 0, 0, 0, 0, 0, 0, 0, 0, 0, 0, 0, 0, 0, 0, 0, 0, 0, 0, 0, 0, 0, 0, 0, 0, 0, 0, 0, 0, 0, 0, 0, 0, 0, 0, 0, 0, 0, 0, 0, 0, 0, 0, 0, 0, 0, 0, 0, 0, 0, 0, 0, 0, 0.0028190285, 0.002264938, 0.002130678, 0.0021454738, 0.0022390166, 0.002359098, 0.0024203816, 0.0025409434, 0.0026576505, 0.0027705368, 0.0028256308, 0.002932629, 0.0030360029, 0.0030862577, 0.0031837872, 0.0032777905, 0.0033688915, 0.0034132805, 0.0034993931, 0.0035818366, 0.0036213952, 0.0036967052, 0.0037662731, 0.003798949, 0.0038597183, 0.0039155004, 0.0039679375, 0.0039932993, 0.004042679, 0.0040909443, 0.0041147266, 0.0041611944, 0.0042056404, 0.0042471825, 0.0042664977, 0.0043025073, 0.0043343646, 0.0043489244, 0.004375559, 0.004399199, 0.0044098212, 0.004428979, 0.0044450336, 0.0044569634, 0.004461483, 0.0044663856, 0.004466093, 0.0044639204, 0.0044550705, 0.0044410094, 0.00442164, 0.0044100103, 0.0043825647, 0.004349568, 0.0043303673, 0.0042868233, 0.0042356374, 0.0042068497, 0.004142856, 0.004069868, 0.003987672, 0.0039429544, 0.0038456596, 0.0037381696, 0.0036801915, 0.003555194, 0.0034174453, 0.003265967, 0.0031851449, 0.0030152486, 0.0028450685, 0.0027697575, 0.002684006, 0.0027993121, 0.0029835582, 0.0035845651, 0, 0, 0, 0, 0, 0, 0, 0, 0, 0, 0, 0, 0, 0, 0
0, 0, 0, 0, 0, 0, 0, 0, 0, 0, 0, 0, 0, 0, 0, 0, 0, 0, 0, 0, 0, 0, 0, 0, 0, 0, 0, 0, 0, 0, 0, 0, 0, 0, 0, 0, 0, 0, 0, 0, 0, 0, 0, 0, 0, 0, 0, 0, 0, 0, 0, 0, 0, 0, 0, 0, 0, 0, 0, 0.0028001976, 0.0022137172, 0.0020425715, 0.0020461604, 0.0021285163, 0.0022470104, 0.0023094371, 0.002433726, 0.002554247, 0.0026698369, 0.002725482, 0.0028328719, 0.0029351627, 0.0029844837, 0.0030799063, 0.0031712612, 0.0032592432, 0.0033019148, 0.0033842733, 0.003461896, 0.003498929, 0.0035679948, 0.0036304074, 0.0036589438, 0.0037115032, 0.0037585346, 0.003802164, 0.0038230517, 0.0038637705, 0.0039038155, 0.003923579, 0.0039626667, 0.004000385, 0.004036172, 0.004053314, 0.004085631, 0.004115452, 0.0041296477, 0.00415614, 0.004180471, 0.0041916464, 0.0042117145, 0.0042282175, 0.0042402726, 0.0042443792, 0.004248886, 0.004247952, 0.004245749, 0.004237846, 0.004225857, 0.0042095617, 0.0041998746, 0.0041772854, 0.0041493843, 0.0041329917, 0.004095468, 0.0040511037, 0.0040261117, 0.003969687, 0.0039054838, 0.0038326236, 0.0037927674, 0.0037059325, 0.0036089937, 0.0035563577, 0.003442124, 0.0033152045, 0.0031745592, 0.0030986096, 0.0029351318, 0.002757712, 0.0026667477, 0.0025032957, 0.0024365408, 0.002477352, 0.0026868319, 0, 0, 0, 0, 0, 0, 0, 0, 0, 0, 0, 0, 0, 0, 0
0, 0, 0, 0, 0, 0, 0, 0, 0, 0, 0, 0, 0, 0, 0, 0, 0, 0, 0, 0, 0, 0, 0, 0, 0, 0, 0, 0, 0, 0, 0, 0, 0, 0, 0, 0, 0, 0, 0, 0, 0, 0, 0, 0, 0, 0, 0, 0, 0, 0, 0, 0, 0, 0, 0, 0, 0, 0, 0, 0, 0.002166817, 0.0019816908, 0.0019615018, 0.00201907, 0.0021368528, 0.0022026692, 0.0023350932, 0.0024614302, 0.0025791067, 0.0026347404, 0.0027395927, 0.0028372465, 0.0028837593, 0.0029729712, 0.0030574985, 0.0031381543, 0.0031770163, 0.0032518643, 0.0033218681, 0.0033547205, 0.0034154002, 0.003469008, 0.003493434, 0.0035374886, 0.0035763532, 0.0036116627, 0.003628364, 0.0036608332, 0.003692331, 0.003708185, 0.0037390427, 0.0037690958, 0.003798165, 0.0038123138, 0.0038398784, 0.0038666683, 0.0038797862, 0.0039054444, 0.003929556, 0.0039407467, 0.0039607086, 0.0039769844, 0.0039884807, 0.003992253, 0.0039962926, 0.0039955373, 0.0039937985, 0.003987682, 0.003978378, 0.003966278, 0.0039589196, 0.003941261, 0.0039190683, 0.0039060449, 0.0038755527, 0.0038390232, 0.0038181953, 0.0037714057, 0.0037175203, 0.0036556267, 0.003621691, 0.0035467604, 0.0034614867, 0.00341475, 0.0033116995, 0.0031955594, 0.003065055, 0.0029937797, 0.0028383255, 0.002664452, 0.0025723167, 0.0023952124, 0.0022929423, 0.0023169483, 0.0026641178, 0, 0, 0, 0, 0, 0, 0, 0, 0, 0, 0, 0, 0, 0, 0
0, 0, 0, 0, 0, 0, 0, 0, 0, 0, 0, 0, 0, 0, 0, 0, 0, 0, 0, 0, 0, 0, 0, 0, 0, 0, 0, 0, 0, 0, 0, 0, 0, 0, 0, 0, 0, 0, 0, 0, 0, 0, 0, 0, 0, 0, 0, 0, 0, 0, 0, 0, 0, 0, 0, 0, 0, 0, 0, 0, 0.0024796922, 0.0019887835, 0.0019053126, 0.0019217156, 0.0020429902, 0.0021141076, 0.0022554377, 0.0023847907, 0.0025006307, 0.0025534537, 0.0026513075, 0.002740083, 0.0027817865, 0.0028607524, 0.0029347197, 0.0030049144, 0.0030387226, 0.00310314, 0.0031629596, 0.0031908238, 0.0032418335, 0.0032868222, 0.0033071453, 0.0033435712, 0.0033754315, 0.0034041302, 0.00341755, 0.0034435638, 0.0034686092, 0.0034808358, 0.0035048446, 0.0035283125, 0.0035512699, 0.0035627384, 0.0035856448, 0.0036090792, 0.0036207975, 0.0036442112, 0.0036664233, 0.0036767148, 0.003694841, 0.0037094718, 0.003719782, 0.0037233455, 0.0037273595, 0.0037279713, 0.0037272584, 0.0037240756, 0.003718856, 0.0037114806, 0.0037067179, 0.0036946586, 0.0036788434, 0.0036694857, 0.0036469179, 0.003619394, 0.003603618, 0.0035673757, 0.0035248229, 0.003474778, 0.0034468032, 0.0033836628, 0.0033103032, 0.003269093, 0.0031773448, 0.0030727973, 0.0029542788, 0.0028895414, 0.002748479, 0.0025918856, 0.0025098873, 0.0023528773, 0.0022621017, 0.0022832502, 0.0026037288, 0.0033835704, 0, 0, 0, 0, 0, 0, 0, 0, 0, 0, 0, 0, 0, 0
0, 0, 0, 0, 0, 0, 0, 0, 0, 0, 0, 0, 0, 0, 0, 0, 0, 0, 0, 0, 0, 0, 0, 0, 0, 0, 0, 0, 0, 0, 0, 0, 0, 0, 0, 0, 0, 0, 0, 0, 0, 0, 0, 0, 0, 0, 0, 0, 0, 0, 0, 0, 0, 0, 0, 0, 0, 0, 0, 0, 0.0024080367, 0.0019056234, 0.0018210701, 0.0018501795, 0.0019845313, 0.0020593638, 0.002200922, 0.0023240265, 0.0024294825, 0.0024766803, 0.002562173, 0.0026384657, 0.0026738485, 0.0027403845, 0.0028026053, 0.0028611135, 0.0028890616, 0.0029422669, 0.0029913122, 0.0030138942, 0.0030555464, 0.0030923584, 0.0031089007, 0.0031390411, 0.0031656849, 0.0031898373, 0.0032013026, 0.0032233088, 0.0032447195, 0.0032551496, 0.0032755097, 0.0032951063, 0.003314515, 0.0033242218, 0.0033439086, 0.003364166, 0.0033741624, 0.0033942503, 0.0034129648, 0.0034214668, 0.0034361954, 0.003447787, 0.0034562547, 0.0034595064, 0.003464449, 0.003467563, 0.0034684676, 0.0034694588, 0.003469202, 0.0034671512, 0.0034653593, 0.0034599414, 0.0034517208, 0.0034463597, 0.0034331668, 0.0034155897, 0.0034050725, 0.0033799217, 0.0033484413, 0.0033095714, 0.003286825, 0.0032342502, 0.0031712363, 0.003135511, 0.0030551485, 0.0029624123, 0.0028577498, 0.0028008043, 0.0026773808, 0.002541382, 0.002470095, 0.0023291847, 0.0022236663, 0.0022079397, 0.0023220286, 0.0026070084, 0, 0, 0, 0, 0, 0, 0, 0, 0, 0, 0, 0, 0, 0
0, 0, 0, 0, 0, 0, 0, 0, 0, 0, 0, 0, 0, 0, 0, 0, 0, 0, 0, 0, 0, 0, 0, 0, 0, 0, 0, 0, 0, 0, 0, 0, 0, 0, 0, 0, 0, 0, 0, 0, 0, 0, 0, 0, 0, 0, 0, 0, 0, 0, 0, 0, 0, 0, 0, 0, 0, 0, 0, 0, 0, 0.0018683507, 0.0018322935, 0.001867795, 0.001981375, 0.0020444947, 0.0021633697, 0.0022658515, 0.0023532002, 0.0023923686, 0.0024632912, 0.0025267974, 0.002556295, 0.002611748, 0.0026632731, 0.0027115364, 0.0027344653, 0.0027778256, 0.0028174717, 0.0028357808, 0.0028695054, 0.0028996433, 0.0029135505, 0.0029389006, 0.0029618922, 0.002983343, 0.002993676, 0.0030143668, 0.0030348273, 0.0030450402, 0.0030647803, 0.0030839744, 0.003102755, 0.0031119823, 0.0031301684, 0.0031479495, 0.0031565987, 0.0031728833, 0.0031874764, 0.003193793, 0.0032044882, 0.0032131912, 0.0032205137, 0.003223867, 0.00323046, 0.0032368905, 0.0032398917, 0.0032456436, 0.0032506408, 0.0032546148, 0.0032561552, 0.0032582716, 0.003258795, 0.003258382, 0.0032551421, 0.0032484545, 0.0032432612, 0.0032282493, 0.0032062086, 0.0031760293, 0.0031576077, 0.0031134943, 0.003059161, 0.0030280661, 0.0029578728, 0.0028771814, 0.002785848, 0.0027360863, 0.0026286256, 0.0025090498, 0.0024448135, 0.002310917, 0.0021878472, 0.002146686, 0.0021819083, 0.0025602367, 0, 0, 0, 0, 0, 0, 0, 0, 0, 0, 0, 0, 0, 0
0, 0, 0, 0, 0, 0, 0, 0, 0, 0, 0, 0, 0, 0, 0, 0, 0, 0, 0, 0, 0, 0, 0, 0, 0, 0, 0, 0, 0, 0, 0, 0, 0, 0, 0, 0, 0, 0, 0, 0, 0, 0, 0, 0, 0, 0, 0, 0, 0, 0, 0, 0, 0, 0, 0, 0, 0, 0, 0, 0, 0, 0.002289893, 0.0021372386, 0.001995892, 0.0020073808, 0.0020377953, 0.0021126366, 0.0021879494, 0.0022572281, 0.002289396, 0.0023492377, 0.0024041054, 0.0024299303, 0.002478433, 0.0025234127, 0.002565348, 0.002585135, 0.002622487, 0.0026563928, 0.0026720995, 0.0027010469, 0.0027270457, 0.0027391845, 0.0027613495, 0.0027820717, 0.0028018283, 0.0028118868, 0.0028324511, 0.0028537333, 0.0028643722, 0.0028854527, 0.002906095, 0.0029256814, 0.0029350084, 0.0029528453, 0.0029692373, 0.002976719, 0.002990058, 0.0030012454, 0.0030060655, 0.0030143978, 0.0030221422, 0.0030303882, 0.003034873, 0.00304463, 0.0030549704, 0.0030604315, 0.0030708755, 0.0030812507, 0.0030915148, 0.0030966743, 0.0031070015, 0.003116863, 0.0031212936, 0.0031278254, 0.0031305577, 0.003129761, 0.0031227989, 0.0031074837, 0.0030830598, 0.0030674986, 0.0030291553, 0.0029813456, 0.002953914, 0.0028920933, 0.0028213619, 0.0027408043, 0.00269704, 0.00260144, 0.0024937275, 0.0024346272, 0.0023072066, 0.002178089, 0.0021240232, 0.0020907333, 0.0022486537, 0, 0, 0, 0, 0, 0, 0, 0, 0, 0, 0, 0, 0, 0
0, 0, 0, 0, 0, 0, 0, 0, 0, 0, 0, 0, 0, 0, 0, 0, 0, 0, 0, 0, 0, 0, 0, 0, 0, 0, 0, 0, 0, 0, 0, 0, 0, 0, 0, 0, 0, 0, 0, 0, 0, 0, 0, 0, 0, 0, 0, 0, 0, 0, 0, 0, 0, 0, 0, 0, 0, 0, 0, 0, 0, 0.002896028, 0.0025130517, 0.0020893656, 0.0019735394, 0.0019717496, 0.002013057, 0.002074232, 0.0021369618, 0.0021672687, 0.0022247806, 0.0022782874, 0.0023034401, 0.0023509767, 0.0023949258, 0.0024354104, 0.0024545449, 0.0024903335, 0.0025229272, 0.0025378976, 0.002565721, 0.002590626, 0.0026019819, 0.002623236, 0.0026428467, 0.0026618866, 0.002671613, 0.0026920242, 0.0027136556, 0.0027248815, 0.0027469315, 0.002768614, 0.0027889602, 0.0027985268, 0.0028162736, 0.0028320565, 0.0028388784, 0.0028508718, 0.002861344, 0.0028661594, 0.0028754913, 0.0028856727, 0.0028976705, 0.002904242, 0.0029189338, 0.002934135, 0.0029418627, 0.0029573517, 0.0029729868, 0.0029890782, 0.0029975125, 0.0030151557, 0.00303252, 0.0030406725, 0.0030545655, 0.003063344, 0.0030649088, 0.003062114, 0.0030500034, 0.0030283611, 0.0030140004, 0.0029787342, 0.0029352256, 0.0029102718, 0.0028547086, 0.0027910173, 0.0027185474, 0.0026785985, 0.002591164, 0.002492513, 0.0024385776, 0.0023222878, 0.0022040387, 0.002153802, 0.0021219712, 0.0023271248, 0.0029910943, 0, 0, 0, 0, 0, 0, 0, 0, 0, 0, 0, 0, 0
0, 0, 0, 0, 0, 0, 0, 0, 0, 0, 0, 0, 0, 0, 0, 0, 0, 0, 0, 0, 0, 0, 0, 0, 0, 0, 0, 0, 0, 0, 0, 0, 0, 0, 0, 0, 0, 0, 0, 0, 0, 0, 0, 0, 0, 0, 0, 0, 0, 0, 0, 0, 0, 0, 0, 0, 0, 0, 0, 0, 0, 0.0029362694, 0.0025322088, 0.0019895316, 0.0018253423, 0.0018187277, 0.0018654516, 0.0019370036, 0.0020092614, 0.0020433858, 0.0021075034, 0.002166296, 0.0021937632, 0.0022452204, 0.0022922142, 0.0023352995, 0.0023555795, 0.0023936355, 0.0024283007, 0.0024445376, 0.002474063, 0.0025004577, 0.0025122552, 0.0025339222, 0.0025537938, 0.0025727262, 0.002582274, 0.0026020557, 0.0026228833, 0.002633621, 0.002655283, 0.00267665, 0.002696736, 0.0027063438, 0.0027241227, 0.0027399536, 0.0027472232, 0.0027604955, 0.0027732607, 0.0027797588, 0.002793485, 0.0028092659, 0.0028273212, 0.0028370006, 0.002857029, 0.0028773965, 0.0028875868, 0.0029076154, 0.0029276505, 0.002948621, 0.0029592533, 0.0029812066, 0.0030022226, 0.0030119224, 0.0030278587, 0.0030373854, 0.0030390578, 0.003035583, 0.0030227613, 0.0030006992, 0.002986617, 0.002952399, 0.0029112976, 0.0028880497, 0.0028365476, 0.002777286, 0.002709533, 0.0026722413, 0.0025900628, 0.0024979708, 0.0024482077, 0.0023426379, 0.002237561, 0.0021934442, 0.0021680503, 0.002363359, 0.0030277444, 0.0035044122, 0, 0, 0, 0, 0, 0, 0, 0, 0, 0, 0, 0
0, 0, 0, 0, 0, 0, 0, 0, 0, 0, 0, 0, 0, 0, 0, 0, 0, 0, 0, 0, 0, 0, 0, 0, 0, 0, 0, 0, 0, 0, 0, 0, 0, 0, 0, 0, 0, 0, 0, 0, 0, 0, 0, 0, 0, 0, 0, 0, 0, 0, 0, 0, 0, 0, 0, 0, 0, 0, 0, 0, 0, 0, 0.0022855168, 0.0017654379, 0.0016367796, 0.0016476264, 0.0017231371, 0.0018161819, 0.00190404, 0.0019443852, 0.002019298, 0.0020866427, 0.0021177186, 0.002175528, 0.0022277709, 0.002275464, 0.0022978052, 0.0023396206, 0.0023778493, 0.0023956758, 0.0024283978, 0.0024573486, 0.0024703592, 0.002494028, 0.0025150622, 0.002534652, 0.0025441088, 0.0025632419, 0.0025827927, 0.0025927238, 0.0026129037, 0.0026331027, 0.0026530935, 0.00266278, 0.0026813492, 0.002698963, 0.0027073545, 0.0027242613, 0.0027415236, 0.0027508067, 0.0027705226, 0.0027925249, 0.0028164475, 0.0028286905, 0.0028533966, 0.0028776987, 0.002889536, 0.0029126608, 0.0029355055, 0.002958488, 0.0029698715, 0.002992043, 0.003011843, 0.0030203348, 0.0030329532, 0.003038329, 0.0030377419, 0.003029725, 0.0030131435, 0.0029886218, 0.0029737642, 0.00293947, 0.0028995606, 0.0028774652, 0.0028282674, 0.0027712965, 0.0027060318, 0.0026697917, 0.0025901513, 0.0025010044, 0.0024525984, 0.002349741, 0.0022422774, 0.0021909599, 0.0021193104, 0.0021635822, 0.0024358036, 0.002616458, 0, 0, 0, 0, 0, 0, 0, 0, 0, 0, 0, 0
0, 0, 0, 0, 0, 0, 0, 0, 0, 0, 0, 0, 0, 0, 0, 0, 0, 0, 0, 0, 0, 0, 0, 0, 0, 0, 0, 0, 0, 0, 0, 0, 0, 0, 0, 0, 0, 0, 0, 0, 0, 0, 0, 0, 0, 0, 0, 0, 0, 0, 0, 0, 0, 0, 0, 0, 0, 0, 0, 0, 0, 0, 0, 0.0016053378, 0.0015502976, 0.0015669354, 0.0016469246, 0.0017470669, 0.0018442746, 0.0018898449, 0.0019741782, 0.0020497034, 0.0020844084, 0.0021484764, 0.0022058089, 0.002257655, 0.0022816095, 0.0023268384, 0.0023683188, 0.002387498, 0.002423179, 0.00245501, 0.0024693033, 0.002495384, 0.002518713, 0.0025399032, 0.0025500278, 0.002569581, 0.0025887804, 0.002598452, 0.0026181901, 0.0026384832, 0.0026591169, 0.002669653, 0.0026904328, 0.0027112223, 0.0027216023, 0.0027425394, 0.0027647184, 0.002776295, 0.002800713, 0.0028266828, 0.0028534678, 0.0028667592, 0.002893165, 0.0029181961, 0.0029303508, 0.002953699, 0.002976447, 0.0029979255, 0.0030080476, 0.0030265953, 0.0030412034, 0.0030466586, 0.0030525597, 0.003050939, 0.003047081, 0.0030330536, 0.0030115505, 0.002983871, 0.0029680564, 0.0029331425, 0.0028935631, 0.0028719332, 0.0028236404, 0.0027674374, 0.0027026297, 0.0026666133, 0.0025870234, 0.0024970681, 0.0024479337, 0.0023410462, 0.0022215378, 0.0021581808, 0.002035956, 0.0019622883, 0.002018101, 0.0020859875, 0, 0, 0, 0, 0, 0, 0, 0, 0, 0, 0, 0
0, 0, 0, 0, 0, 0, 0, 0, 0, 0, 0, 0, 0, 0, 0, 0, 0, 0, 0, 0, 0, 0, 0, 0, 0, 0, 0, 0, 0, 0, 0, 0, 0, 0, 0, 0, 0, 0, 0, 0, 0, 0, 0, 0, 0, 0, 0, 0, 0, 0, 0, 0, 0, 0, 0, 0, 0, 0, 0, 0, 0, 0, 0, 0.001868454, 0.0016510545, 0.0016164279, 0.0016447875, 0.001731689, 0.0018310876, 0.0018797133, 0.0019708504, 0.0020526298, 0.0020899293, 0.0021583114, 0.00221901, 0.002273445, 0.0022986508, 0.0023456695, 0.0023887847, 0.0024087501, 0.0024463516, 0.0024805753, 0.0024962714, 0.00252543, 0.0025519163, 0.0025761458, 0.002587552, 0.0026094771, 0.0026307004, 0.0026411226, 0.0026626624, 0.0026850197, 0.0027082074, 0.002720145, 0.002744318, 0.0027684001, 0.0027805122, 0.0028047666, 0.0028294171, 0.0028418137, 0.0028672088, 0.0028927978, 0.0029178786, 0.0029300882, 0.0029535745, 0.0029756173, 0.0029861492, 0.0030062944, 0.0030249688, 0.0030417638, 0.0030492456, 0.003061626, 0.0030696392, 0.003071697, 0.0030707563, 0.003062822, 0.0030560528, 0.0030372546, 0.00301205, 0.0029819612, 0.0029655066, 0.0029297085, 0.0028897775, 0.0028678377, 0.002819091, 0.0027623544, 0.002696246, 0.00265952, 0.002578261, 0.0024861153, 0.002435635, 0.0023248077, 0.0021996333, 0.0021323522, 0.0020010038, 0.0019253547, 0.0020568022, 0.0022805408, 0, 0, 0, 0, 0, 0, 0, 0, 0, 0, 0, 0
0, 0, 0, 0, 0, 0, 0, 0, 0, 0, 0, 0, 0, 0, 0, 0, 0, 0, 0, 0, 0, 0, 0, 0, 0, 0, 0, 0, 0, 0, 0, 0, 0, 0, 0, 0, 0, 0, 0, 0, 0, 0, 0, 0, 0, 0, 0, 0, 0, 0, 0, 0, 0, 0, 0, 0, 0, 0, 0, 0, 0, 0, 0, 0.0022963064, 0.0017897601, 0.0016881188, 0.0016634802, 0.0017436546, 0.0018484647, 0.0018998828, 0.0019958434, 0.002080576, 0.0021190557, 0.002189349, 0.002251413, 0.0023069005, 0.002332326, 0.0023798156, 0.0024233963, 0.002444173, 0.0024834983, 0.002520013, 0.0025371462, 0.002569901, 0.0026003069, 0.0026284652, 0.0026418034, 0.0026677172, 0.0026923858, 0.002704544, 0.002729728, 0.0027552554, 0.0027816764, 0.002795055, 0.0028218187, 0.002847936, 0.0028606798, 0.0028854997, 0.0029092112, 0.0029206749, 0.0029426373, 0.0029634214, 0.0029829086, 0.0029918908, 0.0030089105, 0.0030246037, 0.003032143, 0.0030457757, 0.0030578761, 0.0030678771, 0.0030718606, 0.0030776383, 0.0030795536, 0.003078964, 0.00307359, 0.0030623775, 0.0030544903, 0.0030336927, 0.0030076024, 0.0029768066, 0.0029599853, 0.002923475, 0.0028824685, 0.002859912, 0.0028092135, 0.0027504559, 0.0026821643, 0.0026442192, 0.0025606058, 0.0024665238, 0.002415077, 0.0023031945, 0.0021793924, 0.002114468, 0.0019923078, 0.0019315628, 0.0020740645, 0.0022944892, 0.0030587444, 0, 0, 0, 0, 0, 0, 0, 0, 0, 0, 0
0, 0, 0, 0, 0, 0, 0, 0, 0, 0, 0, 0, 0, 0, 0, 0, 0, 0, 0, 0, 0, 0, 0, 0, 0, 0, 0, 0, 0, 0, 0, 0, 0, 0, 0, 0, 0, 0, 0, 0, 0, 0, 0, 0, 0, 0, 0, 0, 0, 0, 0, 0, 0, 0, 0, 0, 0, 0, 0, 0, 0, 0, 0, 0.002264183, 0.001776587, 0.001681081, 0.001674295, 0.0017693262, 0.0018815645, 0.0019348867, 0.0020311472, 0.0021147209, 0.0021526585, 0.0022219655, 0.0022836141, 0.0023388297, 0.0023645249, 0.0024123448, 0.0024569554, 0.0024782754, 0.002519594, 0.0025590525, 0.0025780122, 0.0026144332, 0.0026487117, 0.0026807871, 0.002695932, 0.002725418, 0.0027537646, 0.0027676707, 0.0027956108, 0.0028236709, 0.0028518115, 0.0028655122, 0.0028926767, 0.0029180995, 0.0029300062, 0.0029521536, 0.0029716943, 0.0029805182, 0.0029961856, 0.0030096434, 0.0030213087, 0.0030263136, 0.0030354904, 0.0030432295, 0.0030467515, 0.0030528312, 0.0030574761, 0.0030604186, 0.0030612573, 0.0030615379, 0.003059459, 0.003057369, 0.0030503098, 0.0030386616, 0.003031028, 0.0030113452, 0.0029865394, 0.0029567908, 0.0029402936, 0.0029036824, 0.0028616888, 0.0028384347, 0.0027857746, 0.002724655, 0.0026540402, 0.002615164, 0.0025298644, 0.0024345394, 0.002382898, 0.0022711486, 0.002148481, 0.0020841486, 0.0019577176, 0.001865064, 0.0018846948, 0.0019718818, 0.0022752567, 0, 0, 0, 0, 0, 0, 0, 0, 0, 0, 0
0, 0, 0, 0, 0, 0, 0, 0, 0, 0, 0, 0, 0, 0, 0, 0, 0, 0, 0, 0, 0, 0, 0, 0, 0, 0, 0, 0, 0, 0, 0, 0, 0, 0, 0, 0, 0, 0, 0, 0, 0, 0, 0, 0, 0, 0, 0, 0, 0, 0, 0, 0, 0, 0, 0, 0, 0, 0, 0, 0, 0, 0, 0, 0, 0.0017638035, 0.0017204501, 0.0017319832, 0.0018186707, 0.0019203874, 0.0019683857, 0.0020566126, 0.0021346463, 0.0021705572, 0.0022373556, 0.0022981719, 0.0023535136, 0.002379553, 0.00242861, 0.0024750552, 0.002497653, 0.002541858, 0.0025845424, 0.0026052038, 0.0026446208, 0.0026815522, 0.002715793, 0.002732028, 0.0027631873, 0.002792918, 0.00280737, 0.002835657, 0.002863352, 0.0028899612, 0.002902732, 0.0029270248, 0.0029486858, 0.0029584186, 0.0029754469, 0.002988781, 0.002994152, 0.003002686, 0.0030086392, 0.0030126274, 0.0030140225, 0.0030158425, 0.0030165287, 0.0030164453, 0.003015776, 0.003014012, 0.0030113193, 0.0030097398, 0.0030064243, 0.0030018524, 0.0029990042, 0.0029916943, 0.00298115, 0.0029743046, 0.002957173, 0.0029351846, 0.0029079984, 0.0028924884, 0.0028574793, 0.0028157216, 0.0027921903, 0.00273919, 0.0026775454, 0.0026065821, 0.0025676298, 0.0024827074, 0.0023884235, 0.0023377617, 0.002228071, 0.0021070717, 0.002042379, 0.0019071203, 0.0017781365, 0.0016986942, 0.0017012443, 0.0017984, 0, 0, 0, 0, 0, 0, 0, 0, 0, 0, 0
0, 0, 0, 0, 0, 0, 0, 0, 0, 0, 0, 0, 0, 0, 0, 0, 0, 0, 0, 0, 0, 0, 0, 0, 0, 0, 0, 0, 0, 0, 0, 0, 0, 0, 0, 0, 0, 0, 0, 0, 0, 0, 0, 0, 0, 0, 0, 0, 0, 0, 0, 0, 0, 0, 0, 0, 0, 0, 0, 0, 0, 0, 0, 0, 0.00215829, 0.002011627, 0.0018705365, 0.0018757049, 0.0019371358, 0.0019739745, 0.0020493714, 0.0021219295, 0.002156531, 0.0022223403, 0.002283329, 0.0023400013, 0.0023668883, 0.0024182368, 0.0024675424, 0.002491811, 0.002538658, 0.002583815, 0.0026052718, 0.0026459354, 0.0026829457, 0.0027168333, 0.002732701, 0.00276242, 0.0027904003, 0.0028038616, 0.002829235, 0.0028530462, 0.0028748862, 0.0028851016, 0.0029036058, 0.0029194567, 0.0029262889, 0.0029369362, 0.0029437614, 0.0029459945, 0.002948084, 0.0029478979, 0.0029459812, 0.0029445929, 0.0029410839, 0.0029367788, 0.0029343697, 0.0029290614, 0.0029232374, 0.00291714, 0.0029142222, 0.0029085306, 0.0029025262, 0.0028993208, 0.0028919235, 0.0028821526, 0.0028762198, 0.002861691, 0.0028431204, 0.0028199616, 0.0028063408, 0.0027749033, 0.0027363384, 0.0027141005, 0.0026637325, 0.0026047907, 0.0025369942, 0.0024997874, 0.002419339, 0.002330821, 0.0022834206, 0.0021816406, 0.002069887, 0.0020100505, 0.0018841506, 0.0017614758, 0.0016890911, 0.0017065756, 0.0019804311, 0, 0, 0, 0, 0, 0, 0, 0, 0, 0, 0
0, 0, 0, 0, 0, 0, 0, 0, 0, 0, 0, 0, 0, 0, 0, 0, 0, 0, 0, 0, 0, 0, 0, 0, 0, 0, 0, 0, 0, 0, 0, 0, 0, 0, 0, 0, 0, 0, 0, 0, 0, 0, 0, 0, 0, 0, 0, 0, 0, 0, 0, 0, 0, 0, 0, 0, 0, 0, 0, 0, 0, 0, 0, 0, 0.0027206503, 0.0023635256, 0.001969456, 0.0018669489, 0.0018899988, 0.001919952, 0.0019918703, 0.0020663342, 0.0021025196, 0.0021714116, 0.0022351563, 0.0022943271, 0.0023224414, 0.0023761366, 0.002427505, 0.0024524077, 0.0025003306, 0.0025451574, 0.002566177, 0.0026049984, 0.0026393693, 0.0026697451, 0.0026837622, 0.0027095194, 0.0027328723, 0.0027438237, 0.0027633882, 0.0027806892, 0.0027957188, 0.0028023138, 0.0028137858, 0.002822844, 0.0028263398, 0.0028308416, 0.002832237, 0.0028319207, 0.0028291557, 0.0028247407, 0.002819231, 0.0028161097, 0.0028094845, 0.0028024798, 0.0027987326, 0.0027912187, 0.0027836312, 0.0027763848, 0.0027729073, 0.002766202, 0.0027596839, 0.002756292, 0.0027489641, 0.0027401473, 0.0027349864, 0.0027233032, 0.0027090549, 0.0026913132, 0.0026807052, 0.002655108, 0.0026227836, 0.0026037411, 0.002559867, 0.002507688, 0.0024474813, 0.0024147092, 0.0023437392, 0.0022664166, 0.0022254416, 0.0021386766, 0.0020459795, 0.0019975004, 0.0018999017, 0.0018135824, 0.001785575, 0.0018266405, 0.0021368486, 0.0028277505, 0, 0, 0, 0, 0, 0, 0, 0, 0, 0
0, 0, 0, 0, 0, 0, 0, 0, 0, 0, 0, 0, 0, 0, 0, 0, 0, 0, 0, 0, 0, 0, 0, 0, 0, 0, 0, 0, 0, 0, 0, 0, 0, 0, 0, 0, 0, 0, 0, 0, 0, 0, 0, 0, 0, 0, 0, 0, 0, 0, 0, 0, 0, 0, 0, 0, 0, 0, 0, 0, 0, 0, 0, 0, 0.0027633915, 0.0023889625, 0.0018869478, 0.0017437751, 0.0017681216, 0.0018040676, 0.0018894512, 0.0019748195, 0.0020149802, 0.0020897787, 0.0021573373, 0.0022189291, 0.002247576, 0.0023017712, 0.0023523758, 0.002376222, 0.002421042, 0.002461708, 0.002480129, 0.0025133968, 0.0025420317, 0.0025665562, 0.0025775568, 0.0025973863, 0.0026146248, 0.0026220232, 0.0026347602, 0.0026445854, 0.0026518349, 0.0026548244, 0.0026590307, 0.0026615935, 0.002662089, 0.0026613874, 0.0026583744, 0.0026560933, 0.002650432, 0.0026436606, 0.002636386, 0.002632637, 0.0026248195, 0.0026168027, 0.0026129219, 0.002605173, 0.002597743, 0.0025908572, 0.0025876716, 0.0025815272, 0.0025758639, 0.0025731255, 0.0025670365, 0.0025605273, 0.0025570267, 0.0025495528, 0.0025411407, 0.0025304218, 0.0025238725, 0.0025065995, 0.002483213, 0.0024687848, 0.0024344507, 0.002392714, 0.0023442442, 0.0023177962, 0.0022606219, 0.0021990545, 0.0021666838, 0.0020995378, 0.0020297775, 0.0019945195, 0.0019253555, 0.0018683483, 0.0018571413, 0.0018922974, 0.0021375355, 0.0027663726, 0.0031827732, 0, 0, 0, 0, 0, 0, 0, 0, 0
0, 0, 0, 0, 0, 0, 0, 0, 0, 0, 0, 0, 0, 0, 0, 0, 0, 0, 0, 0, 0, 0, 0, 0, 0, 0, 0, 0, 0, 0, 0, 0, 0, 0, 0, 0, 0, 0, 0, 0, 0, 0, 0, 0, 0, 0, 0, 0, 0, 0, 0, 0, 0, 0, 0, 0, 0, 0, 0, 0, 0, 0, 0, 0, 0, 0.0021690377, 0.0016795085, 0.0015680018, 0.0016226084, 0.001670691, 0.0017733828, 0.0018690111, 0.001912412, 0.0019909504, 0.0020595437, 0.0021202855, 0.0021479316, 0.0021986812, 0.0022436401, 0.0022640214, 0.0023008338, 0.002332508, 0.0023464991, 0.0023708201, 0.002391145, 0.0024083483, 0.0024158994, 0.0024290408, 0.002439389, 0.0024432435, 0.0024486806, 0.0024514194, 0.0024516236, 0.0024510953, 0.0024490696, 0.002445898, 0.0024439082, 0.002439257, 0.0024332618, 0.0024299659, 0.0024229167, 0.0024155788, 0.0024082419, 0.0024044767, 0.002397207, 0.0023901316, 0.002386773, 0.002380415, 0.0023747638, 0.002369781, 0.0023677316, 0.0023641372, 0.0023614636, 0.0023602766, 0.0023582773, 0.0023567837, 0.002356118, 0.0023554098, 0.002354645, 0.0023527918, 0.0023508354, 0.0023434581, 0.0023304322, 0.0023215818, 0.0022989705, 0.0022702343, 0.002236097, 0.0022172672, 0.0021767535, 0.0021327294, 0.002109724, 0.0020617296, 0.0020111385, 0.0019849471, 0.0019304218, 0.00187638, 0.0018364058, 0.0018337343, 0.0019125424, 0.0021778857, 0.0023422872, 0, 0, 0, 0, 0, 0, 0, 0, 0
0, 0, 0, 0, 0, 0, 0, 0, 0, 0, 0, 0, 0, 0, 0, 0, 0, 0, 0, 0, 0, 0, 0, 0, 0, 0, 0, 0, 0, 0, 0, 0, 0, 0, 0, 0, 0, 0, 0, 0, 0, 0, 0, 0, 0, 0, 0, 0, 0, 0, 0, 0, 0, 0, 0, 0, 0, 0, 0, 0, 0, 0, 0, 0, 0, 0, 0.0015025524, 0.0014637982, 0.0015277927, 0.0015767582, 0.0016790007, 0.0017724001, 0.0018140471, 0.0018884308, 0.0019523274, 0.0020067384, 0.0020307219, 0.0020726577, 0.0021070638, 0.002121564, 0.0021463097, 0.0021657513, 0.0021739495, 0.0021876663, 0.0021986947, 0.002207885, 0.0022118152, 0.0022178444, 0.002221431, 0.0022218996, 0.0022207778, 0.0022168916, 0.002211034, 0.0022077053, 0.0022005313, 0.0021933983, 0.0021897263, 0.0021824942, 0.0021753472, 0.0021719045, 0.0021652484, 0.0021590483, 0.0021532662, 0.0021504282, 0.0021453914, 0.0021410096, 0.0021390535, 0.0021358507, 0.0021335718, 0.0021325173, 0.0021324505, 0.0021333576, 0.0021356626, 0.002137539, 0.0021420296, 0.0021479395, 0.0021514343, 0.002159335, 0.0021678414, 0.0021755, 0.0021784324, 0.0021813188, 0.0021792254, 0.0021761986, 0.002166338, 0.0021518106, 0.0021332428, 0.002122485, 0.0020990267, 0.0020723215, 0.0020578245, 0.0020257945, 0.0019882447, 0.0019665908, 0.0019152706, 0.0018508015, 0.0017750765, 0.0017386995, 0.0017004551, 0.0017691501, 0.0018344785, 0, 0, 0, 0, 0, 0, 0, 0, 0
0, 0, 0, 0, 0, 0, 0, 0, 0, 0, 0, 0, 0, 0, 0, 0, 0, 0, 0, 0, 0, 0, 0, 0, 0, 0, 0, 0, 0, 0, 0, 0, 0, 0, 0, 0, 0, 0, 0, 0, 0, 0, 0, 0, 0, 0, 0, 0, 0, 0, 0, 0, 0, 0, 0, 0, 0, 0, 0, 0, 0, 0, 0, 0, 0, 0, 0.0016779816, 0.0015140946, 0.0015110415, 0.0015401762, 0.0016158216, 0.0016915932, 0.0017264225, 0.0017884074, 0.0018410456, 0.0018842249, 0.0019023939, 0.0019315748, 0.0019525382, 0.001960215, 0.0019714152, 0.0019782858, 0.0019808537, 0.0019841732, 0.0019867031, 0.0019881811, 0.001988479, 0.0019878894, 0.0019847853, 0.0019822977, 0.0019749254, 0.0019654275, 0.0019548768, 0.0019494983, 0.0019390505, 0.0019295259, 0.0019251994, 0.0019175326, 0.001911048, 0.0019083905, 0.0019037973, 0.0019002397, 0.0018976126, 0.0018967226, 0.0018959196, 0.001896171, 0.0018967296, 0.0018984124, 0.0019015142, 0.0019055736, 0.0019083269, 0.001915115, 0.0019240784, 0.0019292878, 0.0019415133, 0.0019558345, 0.0019638038, 0.0019804854, 0.0019978103, 0.002014299, 0.0020216587, 0.0020339761, 0.0020422814, 0.0020450207, 0.0020476596, 0.0020471467, 0.002043788, 0.0020410868, 0.0020336926, 0.0020224927, 0.002015098, 0.001995632, 0.0019671966, 0.0019484846, 0.0018995644, 0.0018317583, 0.0017481336, 0.0017065005, 0.0016633424, 0.0017935402, 0.0019922913, 0, 0, 0, 0, 0, 0, 0, 0, 0
0, 0, 0, 0, 0, 0, 0, 0, 0, 0, 0, 0, 0, 0, 0, 0, 0, 0, 0, 0, 0, 0, 0, 0, 0, 0, 0, 0, 0, 0, 0, 0, 0, 0, 0, 0, 0, 0, 0, 0, 0, 0, 0, 0, 0, 0, 0, 0, 0, 0, 0, 0, 0, 0, 0, 0, 0, 0, 0, 0, 0, 0, 0, 0, 0, 0, 0.001978918, 0.0016149466, 0.0015230812, 0.0015246387, 0.0015632263, 0.001615393, 0.0016408926, 0.0016877424, 0.0017269625, 0.0017572119, 0.00176893, 0.0017853781, 0.0017934007, 0.0017950095, 0.0017949998, 0.0017921083, 0.0017903724, 0.0017861655, 0.0017818927, 0.0017771311, 0.0017744236, 0.0017676639, 0.0017585717, 0.0017530365, 0.0017405943, 0.0017269681, 0.0017131052, 0.0017065775, 0.0016946602, 0.00168507, 0.0016811014, 0.0016747301, 0.0016707449, 0.0016694771, 0.0016682503, 0.0016686002, 0.0016705579, 0.0016722425, 0.0016771167, 0.0016837774, 0.0016875598, 0.0016960782, 0.0017055692, 0.0017161751, 0.0017220805, 0.0017353309, 0.0017507956, 0.0017596202, 0.0017787967, 0.0018003318, 0.0018118285, 0.0018356158, 0.0018593639, 0.0018822692, 0.0018930361, 0.00191286, 0.0019296719, 0.0019371064, 0.0019507253, 0.001962583, 0.001972718, 0.0019768865, 0.0019827958, 0.0019841033, 0.0019822605, 0.001972554, 0.0019518994, 0.0019365421, 0.00189383, 0.0018347242, 0.0017648715, 0.0017331028, 0.0017130134, 0.0018609955, 0.0020602741, 0.0027428535, 0, 0, 0, 0, 0, 0, 0, 0
0, 0, 0, 0, 0, 0, 0, 0, 0, 0, 0, 0, 0, 0, 0, 0, 0, 0, 0, 0, 0, 0, 0, 0, 0, 0, 0, 0, 0, 0, 0, 0, 0, 0, 0, 0, 0, 0, 0, 0, 0, 0, 0, 0, 0, 0, 0, 0, 0, 0, 0, 0, 0, 0, 0, 0, 0, 0, 0, 0, 0, 0, 0, 0, 0, 0, 0.0019129966, 0.0016578686, 0.0015098597, 0.0014866904, 0.0014929883, 0.0015269958, 0.0015459579, 0.0015816801, 0.00161069, 0.0016310277, 0.0016378309, 0.001644797, 0.0016447784, 0.0016428343, 0.0016367694, 0.0016291576, 0.0016252219, 0.0016172659, 0.0016090987, 0.0016003471, 0.0015952821, 0.0015837288, 0.0015698794, 0.0015621644, 0.0015461553, 0.0015299192, 0.0015147263, 0.0015079892, 0.0014967491, 0.0014885642, 0.0014856509, 0.0014820071, 0.0014811764, 0.001481677, 0.0014842917, 0.00148925, 0.0014963604, 0.0015009567, 0.0015122772, 0.0015257603, 0.0015332423, 0.0015488828, 0.0015657039, 0.0015831282, 0.0015923715, 0.0016119629, 0.0016334263, 0.0016448757, 0.0016694285, 0.0016957361, 0.0017092543, 0.001736482, 0.0017634747, 0.0017894977, 0.001802004, 0.0018259021, 0.0018483673, 0.0018591151, 0.0018803057, 0.0019007354, 0.0019201462, 0.0019290204, 0.001943804, 0.0019530917, 0.0019549057, 0.0019514483, 0.001936879, 0.0019247337, 0.0018902293, 0.001842223, 0.0017866652, 0.0017611544, 0.0017379357, 0.0018143536, 0.0019182505, 0.002205187, 0, 0, 0, 0, 0, 0, 0, 0
0, 0, 0, 0, 0, 0, 0, 0, 0, 0, 0, 0, 0, 0, 0, 0, 0, 0, 0, 0, 0, 0, 0, 0, 0, 0, 0, 0, 0, 0, 0, 0, 0, 0, 0, 0, 0, 0, 0, 0, 0, 0, 0, 0, 0, 0, 0, 0, 0, 0, 0, 0, 0, 0, 0, 0, 0, 0, 0, 0, 0, 0, 0, 0, 0, 0, 0.0023524673, 0.0017436751, 0.0014586723, 0.0014088452, 0.0013947812, 0.0014234517, 0.001441022, 0.0014735023, 0.0014982395, 0.0015140239, 0.0015187098, 0.0015225242, 0.001520687, 0.0015185197, 0.0015125376, 0.0015056378, 0.0015019687, 0.0014940838, 0.0014853368, 0.0014746106, 0.001468477, 0.0014541787, 0.001438003, 0.0014292957, 0.001411567, 0.001394918, 0.0013803294, 0.0013742168, 0.0013647156, 0.0013589942, 0.0013575074, 0.0013567618, 0.0013592255, 0.0013614302, 0.0013680526, 0.0013775422, 0.0013898597, 0.001397163, 0.0014142118, 0.0014339046, 0.0014444651, 0.0014667036, 0.0014899849, 0.0015138902, 0.0015260818, 0.0015511495, 0.0015775084, 0.0015910518, 0.0016189214, 0.0016470377, 0.0016611358, 0.0016888358, 0.0017155833, 0.0017413116, 0.0017538681, 0.0017783624, 0.0018022845, 0.00181426, 0.001838214, 0.0018617471, 0.001884337, 0.0018946906, 0.0019121444, 0.0019236322, 0.0019264183, 0.0019250738, 0.0019130836, 0.0019026049, 0.0018728129, 0.0018310233, 0.0017803608, 0.0017543962, 0.0017168926, 0.0017507987, 0.0018319832, 0.0022489491, 0, 0, 0, 0, 0, 0, 0, 0
0, 0, 0, 0, 0, 0, 0, 0, 0, 0, 0, 0, 0, 0, 0, 0, 0, 0, 0, 0, 0, 0, 0, 0, 0, 0, 0, 0, 0, 0, 0, 0, 0, 0, 0, 0, 0, 0, 0, 0, 0, 0, 0, 0, 0, 0, 0, 0, 0, 0, 0, 0, 0, 0, 0, 0, 0, 0, 0, 0, 0, 0, 0, 0, 0, 0, 0, 0.0016248164, 0.0013376657, 0.0012920876, 0.0012872716, 0.0013224088, 0.0013418124, 0.001376365, 0.0014015122, 0.0014179453, 0.0014233376, 0.001429897, 0.0014322605, 0.0014324998, 0.0014318743, 0.0014299095, 0.0014283408, 0.0014237129, 0.0014166185, 0.001406569, 0.0014005434, 0.0013863051, 0.0013702199, 0.0013616905, 0.0013453229, 0.0013303302, 0.0013180139, 0.0013130191, 0.0013063037, 0.001303151, 0.0013029521, 0.0013051212, 0.0013108876, 0.0013149508, 0.001325507, 0.0013390568, 0.001355565, 0.0013650631, 0.0013860496, 0.0014098841, 0.0014224397, 0.0014489618, 0.0014764918, 0.0015047715, 0.0015189945, 0.0015479217, 0.0015772484, 0.0015917808, 0.0016207629, 0.001648776, 0.0016622938, 0.001688161, 0.0017124484, 0.001735649, 0.0017468203, 0.0017690356, 0.0017910192, 0.0018020034, 0.001823527, 0.0018444771, 0.0018637322, 0.0018723792, 0.0018862579, 0.0018941107, 0.0018952426, 0.0018910165, 0.0018771449, 0.0018662723, 0.0018357441, 0.0017932142, 0.0017387152, 0.0017081888, 0.0016503704, 0.0016329979, 0.0016656547, 0.0018737335, 0, 0, 0, 0, 0, 0, 0, 0
0, 0, 0, 0, 0, 0, 0, 0, 0, 0, 0, 0, 0, 0, 0, 0, 0, 0, 0, 0, 0, 0, 0, 0, 0, 0, 0, 0, 0, 0, 0, 0, 0, 0, 0, 0, 0, 0, 0, 0, 0, 0, 0, 0, 0, 0, 0, 0, 0, 0, 0, 0, 0, 0, 0, 0, 0, 0, 0, 0, 0, 0, 0, 0, 0, 0, 0, 0.0013559979, 0.0012441534, 0.0012156963, 0.0012168635, 0.0012517878, 0.0012712572, 0.0013062565, 0.0013336742, 0.0013540307, 0.0013620429, 0.0013751088, 0.0013854842, 0.0013899838, 0.0013973007, 0.0014024398, 0.0014038362, 0.0014041206, 0.0014004644, 0.001393096, 0.0013882922, 0.001376586, 0.0013635269, 0.0013568818, 0.0013439358, 0.001332692, 0.0013240209, 0.0013209374, 0.0013173762, 0.0013173843, 0.0013188068, 0.0013242813, 0.0013336727, 0.0013396725, 0.0013540807, 0.0013712402, 0.0013903677, 0.0014008023, 0.0014232822, 0.0014476716, 0.0014606011, 0.0014875465, 0.0015158405, 0.0015448084, 0.001559598, 0.0015890297, 0.0016180999, 0.0016323966, 0.0016599455, 0.001685795, 0.0016980316, 0.0017208968, 0.001742071, 0.0017617432, 0.0017713116, 0.0017898851, 0.00180757, 0.0018161415, 0.0018320472, 0.0018464299, 0.001858288, 0.0018629242, 0.0018683858, 0.0018683492, 0.0018658111, 0.0018548665, 0.0018351484, 0.0018216092, 0.0017863263, 0.0017390354, 0.0016783695, 0.0016435685, 0.001570034, 0.0015160863, 0.0015140616, 0.0016006939, 0, 0, 0, 0, 0, 0, 0, 0
0, 0, 0, 0, 0, 0, 0, 0, 0, 0, 0, 0, 0, 0, 0, 0, 0, 0, 0, 0, 0, 0, 0, 0, 0, 0, 0, 0, 0, 0, 0, 0, 0, 0, 0, 0, 0, 0, 0, 0, 0, 0, 0, 0, 0, 0, 0, 0, 0, 0, 0, 0, 0, 0, 0, 0, 0, 0, 0, 0, 0, 0, 0, 0, 0, 0, 0, 0.0015541087, 0.0013275407, 0.0012561171, 0.0012085903, 0.0012241259, 0.0012394597, 0.0012723921, 0.0013025687, 0.0013286062, 0.0013403975, 0.0013617788, 0.001381076, 0.0013900764, 0.0014055779, 0.0014176933, 0.0014221806, 0.0014275983, 0.0014285411, 0.0014254724, 0.0014228671, 0.0014163373, 0.0014084234, 0.0014045511, 0.0013969796, 0.001390921, 0.0013870597, 0.0013861521, 0.0013868265, 0.0013909215, 0.0013943908, 0.0014042159, 0.0014176723, 0.0014256422, 0.0014434691, 0.001462758, 0.0014829575, 0.0014930777, 0.0015138423, 0.001535348, 0.0015464622, 0.0015693367, 0.0015936563, 0.0016188285, 0.0016317649, 0.001657384, 0.0016823482, 0.0016944753, 0.0017175741, 0.0017389848, 0.0017491867, 0.0017683544, 0.0017861718, 0.001802914, 0.0018109337, 0.0018262711, 0.0018396969, 0.0018457178, 0.0018557237, 0.0018624711, 0.0018657709, 0.0018655646, 0.0018612737, 0.0018515609, 0.0018441636, 0.0018242078, 0.0017963174, 0.0017790303, 0.0017372466, 0.0016849374, 0.001620984, 0.0015850851, 0.0015106791, 0.001457009, 0.001458409, 0.001604672, 0.0020895416, 0, 0, 0, 0, 0, 0, 0
0, 0, 0, 0, 0, 0, 0, 0, 0, 0, 0, 0, 0, 0, 0, 0, 0, 0, 0, 0, 0, 0, 0, 0, 0, 0, 0, 0, 0, 0, 0, 0, 0, 0, 0, 0, 0, 0, 0, 0, 0, 0, 0, 0, 0, 0, 0, 0, 0, 0, 0, 0, 0, 0, 0, 0, 0, 0, 0, 0, 0, 0, 0, 0, 0, 0, 0, 0.0019527476, 0.0014632865, 0.0013332663, 0.001229704, 0.0012264752, 0.0012391986, 0.0012731351, 0.0013084655, 0.0013417341, 0.0013573875, 0.0013870556, 0.001414339, 0.0014268867, 0.0014490947, 0.0014668946, 0.0014739379, 0.0014843838, 0.0014904344, 0.001493034, 0.0014933946, 0.0014930397, 0.0014918355, 0.0014910781, 0.0014897105, 0.0014894934, 0.0014910222, 0.0014928038, 0.0014984239, 0.0015073331, 0.001513147, 0.0015274017, 0.0015447526, 0.0015542397, 0.0015741008, 0.0015938074, 0.0016124748, 0.0016211694, 0.0016374326, 0.0016528564, 0.0016604987, 0.0016760824, 0.0016922966, 0.0017094153, 0.0017181148, 0.0017355094, 0.0017523203, 0.0017603629, 0.0017757923, 0.001790841, 0.0017981667, 0.0018127111, 0.0018272508, 0.0018416247, 0.0018486857, 0.0018617067, 0.0018722762, 0.0018764663, 0.0018818857, 0.0018829283, 0.0018791271, 0.001875019, 0.0018624415, 0.0018434125, 0.0018314566, 0.0018024072, 0.0017660907, 0.0017450314, 0.0016971371, 0.0016411016, 0.00157669, 0.0015422199, 0.0014732645, 0.0014247942, 0.0014238026, 0.0015213673, 0.0017455108, 0, 0, 0, 0, 0, 0, 0
0, 0, 0, 0, 0, 0, 0, 0, 0, 0, 0, 0, 0, 0, 0, 0, 0, 0, 0, 0, 0, 0, 0, 0, 0, 0, 0, 0, 0, 0, 0, 0, 0, 0, 0, 0, 0, 0, 0, 0, 0, 0, 0, 0, 0, 0, 0, 0, 0, 0, 0, 0, 0, 0, 0, 0, 0, 0, 0, 0, 0, 0, 0, 0, 0, 0, 0, 0, 0.0014659541, 0.0013590686, 0.0012505858, 0.0012463143, 0.0012615381, 0.001303414, 0.0013470569, 0.0013881029, 0.0014074459, 0.0014434494, 0.0014762288, 0.0014911834, 0.0015176301, 0.0015393461, 0.0015484982, 0.0015633684, 0.0015746154, 0.0015831447, 0.0015865691, 0.0015925078, 0.0015973874, 0.0015998638, 0.0016046419, 0.00161022, 0.0016170723, 0.0016214043, 0.0016317042, 0.0016449922, 0.0016525912, 0.0016700622, 0.0016892388, 0.0016992385, 0.0017185025, 0.0017359931, 0.0017505536, 0.0017567654, 0.0017666284, 0.0017745168, 0.001777973, 0.0017843568, 0.001790927, 0.0017976068, 0.0018009478, 0.001807219, 0.0018130244, 0.0018158496, 0.0018217161, 0.0018285105, 0.0018324552, 0.0018416445, 0.0018524518, 0.0018643572, 0.001870433, 0.0018815956, 0.001890465, 0.0018935467, 0.0018962926, 0.0018938554, 0.0018857386, 0.0018791824, 0.0018608863, 0.0018354817, 0.0018202807, 0.0017843945, 0.0017418962, 0.0017182399, 0.001666238, 0.0016082121, 0.0015443449, 0.0015111926, 0.0014458314, 0.0013980577, 0.0013940809, 0.0014846065, 0.0018416849, 0, 0, 0, 0, 0, 0, 0
0, 0, 0, 0, 0, 0, 0, 0, 0, 0, 0, 0, 0, 0, 0, 0, 0, 0, 0, 0, 0, 0, 0, 0, 0, 0, 0, 0, 0, 0, 0, 0, 0, 0, 0, 0, 0, 0, 0, 0, 0, 0, 0, 0, 0, 0, 0, 0, 0, 0, 0, 0, 0, 0, 0, 0, 0, 0, 0, 0, 0, 0, 0, 0, 0, 0, 0, 0, 0.0016191571, 0.0014357242, 0.0012874209, 0.0012861653, 0.0013065896, 0.0013585233, 0.0014105679, 0.0014579647, 0.001479698, 0.0015194317, 0.0015547052, 0.0015704546, 0.0015987317, 0.0016224742, 0.0016329493, 0.0016513087, 0.0016667792, 0.0016801747, 0.0016863254, 0.0016973946, 0.0017077086, 0.0017127603, 0.0017226583, 0.0017328265, 0.0017438737, 0.0017498779, 0.0017635091, 0.0017789654, 0.0017872585, 0.0018049894, 0.0018229233, 0.0018316244, 0.0018470642, 0.0018593842, 0.0018679056, 0.0018707545, 0.0018738124, 0.0018742507, 0.0018737703, 0.00187184, 0.0018690764, 0.0018656452, 0.0018635395, 0.0018588568, 0.0018536525, 0.0018511608, 0.0018473971, 0.0018458248, 0.0018462546, 0.0018492779, 0.00185538, 0.0018634809, 0.0018677708, 0.001876108, 0.0018825177, 0.00188449, 0.0018850408, 0.00188094, 0.0018708007, 0.001863255, 0.0018426967, 0.0018149868, 0.0017984939, 0.0017604872, 0.001716423, 0.0016923032, 0.0016401873, 0.0015829116, 0.0015213669, 0.0014890378, 0.0014235494, 0.0013664878, 0.0013501509, 0.0013809295, 0.001563421, 0, 0, 0, 0, 0, 0, 0
0, 0, 0, 0, 0, 0, 0, 0, 0, 0, 0, 0, 0, 0, 0, 0, 0, 0, 0, 0, 0, 0, 0, 0, 0, 0, 0, 0, 0, 0, 0, 0, 0, 0, 0, 0, 0, 0, 0, 0, 0, 0, 0, 0, 0, 0, 0, 0, 0, 0, 0, 0, 0, 0, 0, 0, 0, 0, 0, 0, 0, 0, 0, 0, 0, 0, 0, 0, 0.001507301, 0.0014401298, 0.0013479596, 0.0013532595, 0.0013755292, 0.0014314972, 0.0014871139, 0.0015367611, 0.0015590136, 0.0015994726, 0.0016344134, 0.0016501663, 0.0016782201, 0.0017024009, 0.0017134583, 0.0017335446, 0.0017515284, 0.001767944, 0.0017756074, 0.0017903432, 0.0018043324, 0.0018110842, 0.0018244153, 0.0018374262, 0.001850677, 0.0018574948, 0.0018716451, 0.001886345, 0.001893686, 0.0019081369, 0.0019213283, 0.001926976, 0.0019357865, 0.0019410332, 0.0019425321, 0.0019419191, 0.001938677, 0.0019329439, 0.0019294086, 0.0019209994, 0.0019112309, 0.0018998872, 0.0018936858, 0.0018804391, 0.0018669446, 0.0018604663, 0.0018490548, 0.001840522, 0.0018374767, 0.0018342858, 0.0018341461, 0.0018362971, 0.0018378164, 0.001840651, 0.0018425081, 0.00184261, 0.0018404861, 0.0018347395, 0.0018241167, 0.0018166932, 0.0017973355, 0.001771991, 0.001756953, 0.0017226936, 0.0016835592, 0.0016622534, 0.0016163568, 0.0015660259, 0.0015109342, 0.0014815193, 0.0014188469, 0.0013559124, 0.0013295048, 0.0013128978, 0.0013903709, 0, 0, 0, 0, 0, 0, 0
0, 0, 0, 0, 0, 0, 0, 0, 0, 0, 0, 0, 0, 0, 0, 0, 0, 0, 0, 0, 0, 0, 0, 0, 0, 0, 0, 0, 0, 0, 0, 0, 0, 0, 0, 0, 0, 0, 0, 0, 0, 0, 0, 0, 0, 0, 0, 0, 0, 0, 0, 0, 0, 0, 0, 0, 0, 0, 0, 0, 0, 0, 0, 0, 0, 0, 0, 0, 0.0018183636, 0.0016855607, 0.0014868286, 0.0014455332, 0.0014574253, 0.0015042792, 0.0015572781, 0.0016055987, 0.001627372, 0.0016663667, 0.0016997702, 0.0017147277, 0.0017413858, 0.001765117, 0.0017759749, 0.0017963296, 0.0018150427, 0.001832411, 0.0018407825, 0.0018567306, 0.001872062, 0.0018795339, 0.0018938362, 0.0019073248, 0.0019202674, 0.0019264967, 0.0019384365, 0.0019495934, 0.0019545236, 0.0019631458, 0.0019689621, 0.001970665, 0.0019718392, 0.0019698169, 0.0019648278, 0.0019614368, 0.0019529833, 0.0019428272, 0.0019370619, 0.0019243691, 0.0019099463, 0.0018937868, 0.0018850889, 0.0018670331, 0.001849046, 0.0018404758, 0.0018248439, 0.0018116081, 0.0018059718, 0.001796753, 0.0017897332, 0.0017842044, 0.0017817628, 0.0017771759, 0.0017724336, 0.0017699447, 0.0017638846, 0.0017562394, 0.0017460202, 0.001739646, 0.0017245105, 0.0017057031, 0.0016948392, 0.0016707666, 0.0016434141, 0.0016283806, 0.0015958591, 0.0015593749, 0.001518231, 0.0014956596, 0.0014461696, 0.0013952616, 0.0013744836, 0.0013744292, 0.0015288955, 0.0020155197, 0, 0, 0, 0, 0, 0
0, 0, 0, 0, 0, 0, 0, 0, 0, 0, 0, 0, 0, 0, 0, 0, 0, 0, 0, 0, 0, 0, 0, 0, 0, 0, 0, 0, 0, 0, 0, 0, 0, 0, 0, 0, 0, 0, 0, 0, 0, 0, 0, 0, 0, 0, 0, 0, 0, 0, 0, 0, 0, 0, 0, 0, 0, 0, 0, 0, 0, 0, 0, 0, 0, 0, 0, 0, 0.002323323, 0.00199954, 0.0016175652, 0.0015161402, 0.001515034, 0.0015498876, 0.0015986708, 0.0016454117, 0.0016667302, 0.0017043921, 0.0017364863, 0.0017506293, 0.0017761552, 0.0017988485, 0.0018094056, 0.0018293249, 0.0018474511, 0.0018642393, 0.001872134, 0.0018874189, 0.0019015474, 0.0019082016, 0.0019207196, 0.0019320337, 0.0019419314, 0.0019463393, 0.001953835, 0.0019593367, 0.0019611032, 0.001962445, 0.0019608925, 0.001959004, 0.0019535413, 0.0019459258, 0.001936439, 0.0019310075, 0.0019192584, 0.0019059688, 0.0018987564, 0.0018830509, 0.0018657208, 0.0018470421, 0.0018373575, 0.0018178432, 0.0017989172, 0.0017898752, 0.0017730033, 0.0017575935, 0.0017503946, 0.0017365967, 0.0017235099, 0.0017107759, 0.0017045677, 0.0016924338, 0.0016812341, 0.0016760544, 0.0016663066, 0.0016571953, 0.0016482002, 0.0016438058, 0.0016348164, 0.0016256284, 0.0016209146, 0.0016108571, 0.0015997313, 0.0015933132, 0.0015787287, 0.001560832, 0.0015387131, 0.0015259981, 0.0014973596, 0.0014691505, 0.0014605531, 0.0014844277, 0.001657154, 0.0021530525, 0.0025099744, 0, 0, 0, 0, 0
0, 0, 0, 0, 0, 0, 0, 0, 0, 0, 0, 0, 0, 0, 0, 0, 0, 0, 0, 0, 0, 0, 0, 0, 0, 0, 0, 0, 0, 0, 0, 0, 0, 0, 0, 0, 0, 0, 0, 0, 0, 0, 0, 0, 0, 0, 0, 0, 0, 0, 0, 0, 0, 0, 0, 0, 0, 0, 0, 0, 0, 0, 0, 0, 0, 0, 0, 0, 0, 0.0018844225, 0.001644777, 0.001529574, 0.0015210258, 0.0015489287, 0.0015969017, 0.0016446402, 0.0016663687, 0.0017046679, 0.0017366757, 0.0017506918, 0.0017758096, 0.0017979862, 0.0018083432, 0.0018271712, 0.001844022, 0.0018588711, 0.0018656177, 0.0018780031, 0.0018889951, 0.0018937184, 0.0019021647, 0.0019086536, 0.0019131774, 0.0019146601, 0.0019157787, 0.0019145593, 0.0019129706, 0.001907825, 0.0019003781, 0.001896006, 0.0018863295, 0.0018756005, 0.0018639341, 0.0018577535, 0.0018443103, 0.0018292186, 0.0018209855, 0.0018033254, 0.0017842497, 0.0017645747, 0.0017548727, 0.001735975, 0.0017179914, 0.0017096137, 0.0016934741, 0.0016780753, 0.0016704387, 0.0016548014, 0.0016383994, 0.0016213724, 0.0016129491, 0.001596421, 0.0015817388, 0.0015751745, 0.0015638275, 0.0015549271, 0.0015487161, 0.0015466957, 0.0015447183, 0.001545691, 0.0015469957, 0.0015509668, 0.0015553844, 0.0015575016, 0.0015599913, 0.0015596823, 0.0015553915, 0.0015516022, 0.0015410119, 0.0015293817, 0.0015267959, 0.0015471763, 0.0016558741, 0.0019179052, 0.0020571933, 0, 0, 0, 0, 0
0, 0, 0, 0, 0, 0, 0, 0, 0, 0, 0, 0, 0, 0, 0, 0, 0, 0, 0, 0, 0, 0, 0, 0, 0, 0, 0, 0, 0, 0, 0, 0, 0, 0, 0, 0, 0, 0, 0, 0, 0, 0, 0, 0, 0, 0, 0, 0, 0, 0, 0, 0, 0, 0, 0, 0, 0, 0, 0, 0, 0, 0, 0, 0, 0, 0, 0, 0, 0, 0, 0.0016058701, 0.0014366087, 0.0014109847, 0.001430112, 0.0014848493, 0.0015410197, 0.0015661499, 0.0016091176, 0.0016430892, 0.0016573941, 0.0016819469, 0.0017023346, 0.0017110715, 0.0017261175, 0.0017375908, 0.00174581, 0.0017487982, 0.0017525734, 0.0017537158, 0.0017530537, 0.0017493522, 0.0017424313, 0.0017324074, 0.0017264057, 0.0017129305, 0.001698092, 0.0016904246, 0.0016752366, 0.0016607797, 0.0016540671, 0.0016416901, 0.0016304895, 0.0016195563, 0.0016138831, 0.0016015223, 0.0015874172, 0.0015798251, 0.0015638714, 0.0015473804, 0.0015313159, 0.0015237042, 0.0015093924, 0.0014965914, 0.0014907038, 0.0014795446, 0.001469006, 0.0014637064, 0.0014530489, 0.0014419726, 0.0014310115, 0.0014257226, 0.0014160724, 0.0014083283, 0.0014052336, 0.0014010608, 0.0013996023, 0.0014014102, 0.0014036444, 0.0014111088, 0.0014227089, 0.0014297679, 0.0014460555, 0.0014632575, 0.0014717651, 0.0014875305, 0.0014997383, 0.0015064509, 0.0015070898, 0.0015011806, 0.0014853377, 0.0014744876, 0.0014566248, 0.0014813117, 0.0016358604, 0.001783527, 0, 0, 0, 0, 0
0, 0, 0, 0, 0, 0, 0, 0, 0, 0, 0, 0, 0, 0, 0, 0, 0, 0, 0, 0, 0, 0, 0, 0, 0, 0, 0, 0, 0, 0, 0, 0, 0, 0, 0, 0, 0, 0, 0, 0, 0, 0, 0, 0, 0, 0, 0, 0, 0, 0, 0, 0, 0, 0, 0, 0, 0, 0, 0, 0, 0, 0, 0, 0, 0, 0, 0, 0, 0, 0, 0.0016780725, 0.0013813444, 0.001342189, 0.0013583491, 0.0014167266, 0.0014754087, 0.0015008909, 0.0015432945, 0.001575783, 0.0015889603, 0.0016110628, 0.0016281375, 0.0016350754, 0.0016461738, 0.001653484, 0.0016574429, 0.0016582297, 0.0016575481, 0.0016538694, 0.0016506031, 0.0016411237, 0.0016279868, 0.0016115484, 0.0016022586, 0.0015825471, 0.0015622756, 0.0015522457, 0.0015331692, 0.0015161703, 0.0015087194, 0.0014954435, 0.0014842588, 0.0014740182, 0.0014691801, 0.0014590106, 0.0014482599, 0.0014427134, 0.0014314979, 0.0014204276, 0.0014099148, 0.0014050098, 0.0013957527, 0.0013873995, 0.0013835635, 0.0013764938, 0.0013704306, 0.0013675375, 0.0013624656, 0.0013582525, 0.0013550577, 0.0013539713, 0.0013528884, 0.0013536348, 0.001354451, 0.0013571667, 0.001361461, 0.0013669905, 0.0013703775, 0.0013789501, 0.0013896788, 0.0013956161, 0.0014085204, 0.0014217177, 0.0014280522, 0.0014391658, 0.001446479, 0.0014477064, 0.0014452697, 0.0014322593, 0.0014061781, 0.0013883841, 0.0013488628, 0.0013286568, 0.0013877723, 0.0014641342, 0, 0, 0, 0, 0
0, 0, 0, 0, 0, 0, 0, 0, 0, 0, 0, 0, 0, 0, 0, 0, 0, 0, 0, 0, 0, 0, 0, 0, 0, 0, 0, 0, 0, 0, 0, 0, 0, 0, 0, 0, 0, 0, 0, 0, 0, 0, 0, 0, 0, 0, 0, 0, 0, 0, 0, 0, 0, 0, 0, 0, 0, 0, 0, 0, 0, 0, 0, 0, 0, 0, 0, 0, 0, 0, 0.001412566, 0.0013095851, 0.0012920144, 0.0013175762, 0.0013732846, 0.0014266799, 0.0014493875, 0.0014864698, 0.0015142367, 0.0015252366, 0.0015426242, 0.0015551624, 0.0015597928, 0.0015661226, 0.0015690331, 0.0015688953, 0.0015677249, 0.0015633076, 0.0015556017, 0.0015503105, 0.0015368323, 0.001519698, 0.0014992928, 0.001488115, 0.0014649007, 0.0014413858, 0.0014299362, 0.0014081519, 0.0013891091, 0.0013807849, 0.0013664954, 0.0013549705, 0.0013455634, 0.0013414022, 0.0013339792, 0.0013272963, 0.0013243835, 0.0013193195, 0.0013152842, 0.0013122329, 0.0013108463, 0.0013084405, 0.0013061723, 0.001305142, 0.0013034567, 0.0013026529, 0.0013026159, 0.0013035844, 0.0013062528, 0.0013108569, 0.0013139254, 0.0013215899, 0.0013307573, 0.0013356882, 0.0013455622, 0.0013552686, 0.0013644109, 0.0013686552, 0.0013770679, 0.001385077, 0.0013888383, 0.0013958625, 0.0014016528, 0.0014040315, 0.0014072096, 0.001406929, 0.0014016286, 0.0013963471, 0.0013789042, 0.0013498089, 0.0013306972, 0.0012873956, 0.0012568115, 0.001290207, 0.001347085, 0, 0, 0, 0, 0
0, 0, 0, 0, 0, 0, 0, 0, 0, 0, 0, 0, 0, 0, 0, 0, 0, 0, 0, 0, 0, 0, 0, 0, 0, 0, 0, 0, 0, 0, 0, 0, 0, 0, 0, 0, 0, 0, 0, 0, 0, 0, 0, 0, 0, 0, 0, 0, 0, 0, 0, 0, 0, 0, 0, 0, 0, 0, 0, 0, 0, 0, 0, 0, 0, 0, 0, 0, 0, 0, 0.0015415628, 0.0013844447, 0.0013425788, 0.0013311479, 0.0013625192, 0.0013998249, 0.0014166025, 0.0014447161, 0.0014660285, 0.0014744891, 0.0014874763, 0.0014958206, 0.0014984639, 0.0015011247, 0.0015007413, 0.0014976852, 0.0014952327, 0.0014882097, 0.0014782882, 0.0014721936, 0.0014572853, 0.0014391172, 0.0014183453, 0.0014071536, 0.0013838217, 0.0013602371, 0.0013486949, 0.0013265354, 0.0013070314, 0.0012983405, 0.0012838438, 0.0012725958, 0.0012643532, 0.0012611572, 0.0012562914, 0.0012536594, 0.0012531743, 0.0012538393, 0.0012565663, 0.0012607874, 0.00126312, 0.001267904, 0.0012722947, 0.0012743287, 0.0012785814, 0.0012832909, 0.00128599, 0.0012923505, 0.0013008837, 0.0013117375, 0.0013181445, 0.001332369, 0.0013480544, 0.0013561061, 0.0013718194, 0.001386296, 0.0013987407, 0.0014039691, 0.0014124378, 0.001418144, 0.0014198365, 0.0014211314, 0.0014197797, 0.0014181418, 0.0014133452, 0.0014063158, 0.0013963386, 0.0013899625, 0.0013733831, 0.0013503182, 0.001336374, 0.0013080467, 0.0013007785, 0.0013871773, 0.0015143646, 0.002066587, 0, 0, 0, 0
0, 0, 0, 0, 0, 0, 0, 0, 0, 0, 0, 0, 0, 0, 0, 0, 0, 0, 0, 0, 0, 0, 0, 0, 0, 0, 0, 0, 0, 0, 0, 0, 0, 0, 0, 0, 0, 0, 0, 0, 0, 0, 0, 0, 0, 0, 0, 0, 0, 0, 0, 0, 0, 0, 0, 0, 0, 0, 0, 0, 0, 0, 0, 0, 0, 0, 0, 0, 0, 0, 0.0018560163, 0.0015571986, 0.0014554556, 0.001369531, 0.0013641586, 0.0013830673, 0.0013942762, 0.0014157223, 0.0014333522, 0.0014406906, 0.0014522136, 0.0014593428, 0.0014615371, 0.0014631776, 0.0014618807, 0.0014580924, 0.00145537, 0.0014479236, 0.0014379909, 0.0014320997, 0.00141854, 0.0014025852, 0.0013846954, 0.0013751391, 0.00135553, 0.0013354502, 0.0013253541, 0.0013061437, 0.0012888954, 0.0012812627, 0.0012687519, 0.0012595317, 0.0012537126, 0.0012519325, 0.0012501368, 0.0012509723, 0.0012523873, 0.0012574203, 0.001265163, 0.0012747935, 0.0012799569, 0.0012903631, 0.0013003215, 0.0013049876, 0.0013141087, 0.0013234413, 0.001328324, 0.0013392204, 0.0013519486, 0.001366746, 0.0013749291, 0.0013929204, 0.0014120986, 0.0014218319, 0.0014410667, 0.0014586904, 0.0014736338, 0.0014798355, 0.0014891255, 0.0014936829, 0.0014941025, 0.0014914001, 0.0014845111, 0.0014796535, 0.0014685671, 0.0014560856, 0.001443037, 0.001436434, 0.0014227654, 0.0014078169, 0.0014001407, 0.0013880049, 0.0013981891, 0.001483898, 0.001581781, 0.0018567547, 0, 0, 0, 0
0, 0, 0, 0, 0, 0, 0, 0, 0, 0, 0, 0, 0, 0, 0, 0, 0, 0, 0, 0, 0, 0, 0, 0, 0, 0, 0, 0, 0, 0, 0, 0, 0, 0, 0, 0, 0, 0, 0, 0, 0, 0, 0, 0, 0, 0, 0, 0, 0, 0, 0, 0, 0, 0, 0, 0, 0, 0, 0, 0, 0, 0, 0, 0, 0, 0, 0, 0, 0, 0, 0.0023004885, 0.0016849047, 0.0015196069, 0.0013747215, 0.001348636, 0.0013622605, 0.0013735591, 0.0013971888, 0.0014185427, 0.0014277447, 0.0014426168, 0.001452727, 0.0014563584, 0.0014603827, 0.001461156, 0.0014588934, 0.0014568435, 0.0014509608, 0.0014429698, 0.001438372, 0.0014281753, 0.0014166847, 0.001404398, 0.0013979478, 0.0013848408, 0.0013715029, 0.0013649213, 0.0013522407, 0.0013410152, 0.001336317, 0.001328834, 0.0013242696, 0.001322515, 0.0013227221, 0.0013247877, 0.001329177, 0.0013322694, 0.0013405117, 0.0013513034, 0.0013639419, 0.0013706532, 0.0013839297, 0.0013968039, 0.0014029883, 0.0014151603, 0.001427379, 0.001433687, 0.001447175, 0.0014619484, 0.0014780534, 0.0014866143, 0.0015046807, 0.0015237847, 0.0015335793, 0.0015529495, 0.0015712929, 0.0015872504, 0.0015939522, 0.0016036654, 0.0016077608, 0.0016073503, 0.0016020226, 0.0015913057, 0.0015842846, 0.0015682998, 0.0015510666, 0.0015342674, 0.0015263078, 0.0015113852, 0.0014974093, 0.001490927, 0.001481415, 0.0014916476, 0.0015741993, 0.0016798538, 0.0021551587, 0, 0, 0, 0
0, 0, 0, 0, 0, 0, 0, 0, 0, 0, 0, 0, 0, 0, 0, 0, 0, 0, 0, 0, 0, 0, 0, 0, 0, 0, 0, 0, 0, 0, 0, 0, 0, 0, 0, 0, 0, 0, 0, 0, 0, 0, 0, 0, 0, 0, 0, 0, 0, 0, 0, 0, 0, 0, 0, 0, 0, 0, 0, 0, 0, 0, 0, 0, 0, 0, 0, 0, 0, 0, 0, 0.0015843319, 0.0014614005, 0.0013309557, 0.0013144474, 0.0013417501, 0.0013600425, 0.0013966145, 0.0014287662, 0.0014425269, 0.0014651566, 0.0014817526, 0.0014878525, 0.0014967592, 0.0015013408, 0.0015023327, 0.0015016932, 0.0014986302, 0.0014938717, 0.0014912545, 0.0014857718, 0.0014803332, 0.0014751407, 0.0014727517, 0.0014685694, 0.0014648744, 0.001463216, 0.0014603944, 0.0014587234, 0.0014583339, 0.0014586484, 0.0014608459, 0.0014649922, 0.0014677732, 0.0014744293, 0.0014827653, 0.001487517, 0.0014982875, 0.0015107694, 0.0015243922, 0.0015314228, 0.0015453058, 0.0015588544, 0.0015653939, 0.0015784441, 0.0015914707, 0.0015981572, 0.0016116523, 0.001625596, 0.0016397899, 0.0016468918, 0.0016613507, 0.001676337, 0.001684095, 0.0016998844, 0.001715469, 0.0017296575, 0.0017357192, 0.0017445305, 0.0017476716, 0.0017467758, 0.0017398468, 0.0017269913, 0.0017186408, 0.0016990327, 0.0016773291, 0.0016547218, 0.0016433505, 0.0016200098, 0.0015949622, 0.0015814004, 0.0015531321, 0.0015331862, 0.001560186, 0.0016177744, 0.0018804745, 0, 0, 0, 0
0, 0, 0, 0, 0, 0, 0, 0, 0, 0, 0, 0, 0, 0, 0, 0, 0, 0, 0, 0, 0, 0, 0, 0, 0, 0, 0, 0, 0, 0, 0, 0, 0, 0, 0, 0, 0, 0, 0, 0, 0, 0, 0, 0, 0, 0, 0, 0, 0, 0, 0, 0, 0, 0, 0, 0, 0, 0, 0, 0, 0, 0, 0, 0, 0, 0, 0, 0, 0, 0, 0, 0.0016474144, 0.0014491035, 0.0012933518, 0.0012956262, 0.001346204, 0.0013750336, 0.0014292955, 0.0014749948, 0.0014942975, 0.0015259347, 0.0015495413, 0.0015586573, 0.0015725245, 0.0015813101, 0.0015857385, 0.0015865724, 0.0015868638, 0.001586301, 0.0015861341, 0.001586516, 0.0015883433, 0.0015919334, 0.0015944263, 0.0016006171, 0.0016081752, 0.0016124033, 0.001621416, 0.0016308414, 0.0016356056, 0.0016452544, 0.0016552233, 0.0016658669, 0.001671436, 0.0016830259, 0.0016951092, 0.0017013092, 0.0017141373, 0.0017272959, 0.0017407925, 0.0017474978, 0.0017605864, 0.00177331, 0.001779516, 0.0017914342, 0.0018030076, 0.001808683, 0.0018193437, 0.0018292071, 0.0018378127, 0.0018417591, 0.001849169, 0.0018564617, 0.0018603614, 0.0018687383, 0.0018780136, 0.0018870876, 0.0018912146, 0.001897154, 0.0018987452, 0.0018974805, 0.0018901634, 0.0018770591, 0.0018683486, 0.0018474426, 0.0018223353, 0.0017932568, 0.0017769748, 0.0017400298, 0.0016953013, 0.0016690725, 0.0016083218, 0.0015418469, 0.0014951375, 0.0014980007, 0.0016033264, 0, 0, 0, 0
0, 0, 0, 0, 0, 0, 0, 0, 0, 0, 0, 0, 0, 0, 0, 0, 0, 0, 0, 0, 0, 0, 0, 0, 0, 0, 0, 0, 0, 0, 0, 0, 0, 0, 0, 0, 0, 0, 0, 0, 0, 0, 0, 0, 0, 0, 0, 0, 0, 0, 0, 0, 0, 0, 0, 0, 0, 0, 0, 0, 0, 0, 0, 0, 0, 0, 0, 0, 0, 0, 0, 0.0014223648, 0.0013627892, 0.0012988319, 0.0013314288, 0.0014016409, 0.0014385643, 0.0015063965, 0.0015624099, 0.0015858599, 0.0016245381, 0.0016535531, 0.0016649412, 0.0016827123, 0.0016950022, 0.0017026629, 0.0017053718, 0.001709655, 0.0017143295, 0.0017173082, 0.0017250639, 0.0017355938, 0.0017492011, 0.0017569502, 0.0017741756, 0.0017934848, 0.0018035775, 0.0018242352, 0.0018443263, 0.0018540673, 0.001872559, 0.0018897712, 0.0019060618, 0.001914014, 0.0019294849, 0.0019441481, 0.0019512929, 0.0019650906, 0.0019780993, 0.0019905574, 0.0019965752, 0.002008121, 0.0020189923, 0.00202404, 0.0020332173, 0.0020409145, 0.0020443182, 0.002049539, 0.002052599, 0.0020531814, 0.002052646, 0.002050657, 0.0020480943, 0.0020470046, 0.0020456992, 0.0020461136, 0.0020478354, 0.002048969, 0.0020506762, 0.0020501525, 0.0020484766, 0.0020420442, 0.002030693, 0.002023076, 0.0020036623, 0.0019776481, 0.0019437857, 0.0019234068, 0.001873618, 0.0018098048, 0.0017716116, 0.001682045, 0.0015801078, 0.0014894808, 0.0014660379, 0.0015116151, 0, 0, 0, 0
0, 0, 0, 0, 0, 0, 0, 0, 0, 0, 0, 0, 0, 0, 0, 0, 0, 0, 0, 0, 0, 0, 0, 0, 0, 0, 0, 0, 0, 0, 0, 0, 0, 0, 0, 0, 0, 0, 0, 0, 0, 0, 0, 0, 0, 0, 0, 0, 0, 0, 0, 0, 0, 0, 0, 0, 0, 0, 0, 0, 0, 0, 0, 0, 0, 0, 0, 0, 0, 0, 0, 0.0016256389, 0.0015382982, 0.0014312703, 0.0014454635, 0.0015126544, 0.001550665, 0.0016224639, 0.0016828218, 0.0017081677, 0.0017502729, 0.0017824582, 0.001795492, 0.0018164351, 0.0018319606, 0.0018438501, 0.0018490825, 0.001859489, 0.0018713876, 0.0018784362, 0.0018952909, 0.0019157389, 0.0019395574, 0.0019524969, 0.0019800358, 0.0020095075, 0.0020245754, 0.0020545016, 0.002083177, 0.0020966686, 0.0021217228, 0.0021441279, 0.0021641294, 0.002173483, 0.0021907778, 0.002206367, 0.0022135589, 0.0022266917, 0.002238288, 0.002248646, 0.0022534437, 0.0022623187, 0.0022698368, 0.0022729898, 0.002277714, 0.0022800793, 0.002280242, 0.0022783678, 0.0022734217, 0.0022655106, 0.0022604668, 0.0022490874, 0.0022368706, 0.0022308866, 0.002220085, 0.0022113456, 0.0022051244, 0.0022028398, 0.0021992, 0.0021956845, 0.0021935515, 0.0021881196, 0.002179651, 0.0021738724, 0.002157657, 0.0021334558, 0.002098675, 0.0020763471, 0.0020200058, 0.0019459972, 0.0019017223, 0.001799533, 0.0016866892, 0.0015930483, 0.0015772355, 0.0017154374, 0.0022946903, 0, 0, 0
0, 0, 0, 0, 0, 0, 0, 0, 0, 0, 0, 0, 0, 0, 0, 0, 0, 0, 0, 0, 0, 0, 0, 0, 0, 0, 0, 0, 0, 0, 0, 0, 0, 0, 0, 0, 0, 0, 0, 0, 0, 0, 0, 0, 0, 0, 0, 0, 0, 0, 0, 0, 0, 0, 0, 0, 0, 0, 0, 0, 0, 0, 0, 0, 0, 0, 0, 0, 0, 0, 0, 0.0020388102, 0.0018786405, 0.0016401131, 0.0015975578, 0.0016473638, 0.0016826114, 0.0017530173, 0.0018138405, 0.0018398177, 0.0018835054, 0.0019180755, 0.0019325803, 0.0019575364, 0.0019784588, 0.001997297, 0.00200653, 0.002025873, 0.002047636, 0.0020597645, 0.0020867882, 0.0021169565, 0.0021498562, 0.002166996, 0.0022025143, 0.0022388124, 0.002256922, 0.0022924682, 0.0023258815, 0.0023413808, 0.0023698378, 0.0023947181, 0.0024163253, 0.0024259961, 0.0024432826, 0.0024578439, 0.0024641796, 0.0024751127, 0.002483734, 0.0024906006, 0.002493471, 0.002497984, 0.0025007117, 0.0025012859, 0.0025005264, 0.0024968092, 0.0024936972, 0.0024848878, 0.002472778, 0.002457658, 0.0024490426, 0.0024305687, 0.0024112677, 0.0024017075, 0.0023836128, 0.0023675214, 0.0023538987, 0.0023481306, 0.002338109, 0.002330083, 0.002326569, 0.002319957, 0.0023124835, 0.002307708, 0.0022941788, 0.0022728117, 0.0022404126, 0.002219097, 0.0021644258, 0.0020921666, 0.0020492293, 0.0019518093, 0.00184611, 0.0017576856, 0.0017385691, 0.0018184462, 0.0020689482, 0, 0, 0
0, 0, 0, 0, 0, 0, 0, 0, 0, 0, 0, 0, 0, 0, 0, 0, 0, 0, 0, 0, 0, 0, 0, 0, 0, 0, 0, 0, 0, 0, 0, 0, 0, 0, 0, 0, 0, 0, 0, 0, 0, 0, 0, 0, 0, 0, 0, 0, 0, 0, 0, 0, 0, 0, 0, 0, 0, 0, 0, 0, 0, 0, 0, 0, 0, 0, 0, 0, 0, 0, 0, 0.002583384, 0.0022056522, 0.0017935045, 0.0017158521, 0.0017606356, 0.0017961204, 0.0018677427, 0.0019298638, 0.0019566799, 0.0020028774, 0.0020413287, 0.0020584625, 0.0020901558, 0.0021199044, 0.0021493328, 0.0021643455, 0.002195418, 0.0022287655, 0.0022463351, 0.0022830837, 0.002321468, 0.0023607707, 0.0023804656, 0.002419861, 0.0024586022, 0.0024774882, 0.0025139714, 0.0025477172, 0.002563492, 0.0025922128, 0.002617417, 0.002638848, 0.0026482802, 0.0026644764, 0.0026771426, 0.00268223, 0.0026898663, 0.0026944824, 0.002696467, 0.0026966787, 0.002695777, 0.0026930233, 0.0026908512, 0.002684524, 0.0026753077, 0.0026694485, 0.0026553234, 0.0026379998, 0.0026180348, 0.0026072469, 0.0025845713, 0.0025613715, 0.0025497945, 0.0025271403, 0.002505662, 0.0024855153, 0.0024761588, 0.00245888, 0.0024438011, 0.0024371317, 0.0024253607, 0.0024142903, 0.002408428, 0.0023941211, 0.0023743007, 0.002345544, 0.0023269164, 0.0022800392, 0.002219151, 0.0021834665, 0.0021030935, 0.0020159527, 0.001942006, 0.001926137, 0.0020143846, 0.0024722023, 0.002910279, 0, 0
0, 0, 0, 0, 0, 0, 0, 0, 0, 0, 0, 0, 0, 0, 0, 0, 0, 0, 0, 0, 0, 0, 0, 0, 0, 0, 0, 0, 0, 0, 0, 0, 0, 0, 0, 0, 0, 0, 0, 0, 0, 0, 0, 0, 0, 0, 0, 0, 0, 0, 0, 0, 0, 0, 0, 0, 0, 0, 0, 0, 0, 0, 0, 0, 0, 0, 0, 0, 0, 0, 0, 0, 0.0019733403, 0.0018170453, 0.0017803356, 0.0018339757, 0.0018719225, 0.001947576, 0.0020136337, 0.0020424812, 0.0020940069, 0.0021396764, 0.002161236, 0.0022032163, 0.0022450166, 0.0022875804, 0.0023092823, 0.0023531187, 0.0023977815, 0.0024201553, 0.0024648, 0.0025086417, 0.0025509126, 0.0025712922, 0.0026105153, 0.0026472816, 0.0026648396, 0.0026983407, 0.0027291242, 0.0027436083, 0.0027705596, 0.0027945363, 0.0028152268, 0.0028242255, 0.0028392633, 0.00284989, 0.0028535347, 0.002857615, 0.0028577656, 0.002854679, 0.0028522161, 0.0028458796, 0.0028380218, 0.0028334279, 0.0028225044, 0.002808933, 0.0028009885, 0.0027828098, 0.0027619565, 0.0027389505, 0.0027268967, 0.0027021645, 0.0026768392, 0.0026641795, 0.002638676, 0.0026128802, 0.0025867694, 0.0025737488, 0.0025480702, 0.0025238472, 0.002512408, 0.0024915014, 0.0024722507, 0.0024629503, 0.0024438722, 0.0024222205, 0.0023958138, 0.0023801213, 0.002342647, 0.0022962303, 0.0022696322, 0.002210027, 0.0021449353, 0.0020875866, 0.0020733175, 0.002128478, 0.0023880466, 0.0025537957, 0, 0
0, 0, 0, 0, 0, 0, 0, 0, 0, 0, 0, 0, 0, 0, 0, 0, 0, 0, 0, 0, 0, 0, 0, 0, 0, 0, 0, 0, 0, 0, 0, 0, 0, 0, 0, 0, 0, 0, 0, 0, 0, 0, 0, 0, 0, 0, 0, 0, 0, 0, 0, 0, 0, 0, 0, 0, 0, 0, 0, 0, 0, 0, 0, 0, 0, 0, 0, 0, 0, 0, 0, 0, 0.0022561634, 0.0019528838, 0.0018414556, 0.0018739803, 0.0019099636, 0.0019881455, 0.0020601912, 0.0020929112, 0.002153393, 0.002209923, 0.0022374098, 0.0022922216, 0.002347461, 0.0024031773, 0.0024310332, 0.002486148, 0.0025396594, 0.0025655536, 0.002615222, 0.0026615066, 0.0027038518, 0.0027235872, 0.00276006, 0.0027930131, 0.0028083296, 0.0028371317, 0.0028639538, 0.0028766273, 0.002900833, 0.0029228984, 0.0029421556, 0.002950426, 0.002963716, 0.0029719286, 0.0029741228, 0.0029745332, 0.0029707039, 0.0029633653, 0.0029587115, 0.0029480169, 0.0029360058, 0.002929403, 0.0029147267, 0.0028974963, 0.002887668, 0.0028660235, 0.0028420582, 0.0028163726, 0.0028032614, 0.0027765816, 0.0027495031, 0.002735841, 0.00270775, 0.0026781044, 0.0026463957, 0.002629876, 0.0025959061, 0.0025619823, 0.0025455116, 0.0025138687, 0.0024842666, 0.002470344, 0.002443533, 0.0024174366, 0.0023901595, 0.0023756602, 0.0023437731, 0.0023071254, 0.0022868267, 0.00224163, 0.0021917538, 0.0021463188, 0.0021353208, 0.0021930388, 0.0025248101, 0.0028907724, 0, 0
0, 0, 0, 0, 0, 0, 0, 0, 0, 0, 0, 0, 0, 0, 0, 0, 0, 0, 0, 0, 0, 0, 0, 0, 0, 0, 0, 0, 0, 0, 0, 0, 0, 0, 0, 0, 0, 0, 0, 0, 0, 0, 0, 0, 0, 0, 0, 0, 0, 0, 0, 0, 0, 0, 0, 0, 0, 0, 0, 0, 0, 0, 0, 0, 0, 0, 0, 0, 0, 0, 0, 0, 0.0027738882, 0.0020710323, 0.0018606657, 0.0018739776, 0.0019093214, 0.001992595, 0.002074245, 0.0021127379, 0.0021858264, 0.0022557422, 0.0022900803, 0.0023579772, 0.0024253095, 0.0024915051, 0.0025238495, 0.0025865643, 0.0026453598, 0.0026731195, 0.0027249695, 0.0027715946, 0.0028130226, 0.0028318209, 0.0028659087, 0.0028960437, 0.0029099248, 0.0029358512, 0.00295988, 0.0029712413, 0.0029928016, 0.0030121633, 0.0030285283, 0.0030352462, 0.0030450665, 0.0030496775, 0.0030499413, 0.0030467678, 0.0030393442, 0.003028637, 0.0030224286, 0.0030085156, 0.0029930577, 0.002984751, 0.0029663672, 0.002945425, 0.0029337867, 0.0029085283, 0.002881181, 0.0028526017, 0.0028380442, 0.0028089616, 0.002779763, 0.002764945, 0.0027343787, 0.0027013284, 0.0026651649, 0.002645845, 0.0026052638, 0.0025634675, 0.002542663, 0.002501959, 0.002463285, 0.0024448852, 0.00240989, 0.0023770314, 0.0023450907, 0.002328853, 0.0022950475, 0.0022579776, 0.002237731, 0.0021925971, 0.0021408687, 0.0020877807, 0.0020680926, 0.0020843912, 0.0022818751, 0.0024799947, 0, 0
0, 0, 0, 0, 0, 0, 0, 0, 0, 0, 0, 0, 0, 0, 0, 0, 0, 0, 0, 0, 0, 0, 0, 0, 0, 0, 0, 0, 0, 0, 0, 0, 0, 0, 0, 0, 0, 0, 0, 0, 0, 0, 0, 0, 0, 0, 0, 0, 0, 0, 0, 0, 0, 0, 0, 0, 0, 0, 0, 0, 0, 0, 0, 0, 0, 0, 0, 0, 0, 0, 0, 0, 0, 0.0019202778, 0.0018151718, 0.0018413761, 0.0018796428, 0.0019718523, 0.0020664006, 0.0021122536, 0.0022006694, 0.002285034, 0.0023259495, 0.0024053312, 0.0024814482, 0.0025538409, 0.0025884898, 0.0026542363, 0.002714609, 0.0027426716, 0.0027945188, 0.0028408577, 0.002881909, 0.0029006384, 0.0029347471, 0.0029653322, 0.0029793922, 0.0030057835, 0.0030294976, 0.0030403656, 0.003059921, 0.0030759154, 0.003087779, 0.0030919423, 0.0030964778, 0.0030959654, 0.003093936, 0.0030865266, 0.0030756465, 0.0030621148, 0.0030546398, 0.00303819, 0.0030197692, 0.0030097996, 0.0029880134, 0.0029633811, 0.0029500457, 0.0029213806, 0.0028909626, 0.0028597096, 0.0028439707, 0.0028128887, 0.0027819534, 0.002766363, 0.0027340634, 0.0026988569, 0.0026598813, 0.0026389593, 0.0025947075, 0.0025483835, 0.0025248986, 0.0024784452, 0.0024332805, 0.0024113862, 0.0023690346, 0.0023280904, 0.0022874186, 0.0022666436, 0.0022231361, 0.0021753253, 0.0021490436, 0.0020900106, 0.0020202224, 0.0019414434, 0.0019034656, 0.0018592387, 0.0019329381, 0.0020386449, 0, 0
0, 0, 0, 0, 0, 0, 0, 0, 0, 0, 0, 0, 0, 0, 0, 0, 0, 0, 0, 0, 0, 0, 0, 0, 0, 0, 0, 0, 0, 0, 0, 0, 0, 0, 0, 0, 0, 0, 0, 0, 0, 0, 0, 0, 0, 0, 0, 0, 0, 0, 0, 0, 0, 0, 0, 0, 0, 0, 0, 0, 0, 0, 0, 0, 0, 0, 0, 0, 0, 0, 0, 0, 0, 0.0020413916, 0.0018207575, 0.001806826, 0.0018413553, 0.0019408471, 0.0020512487, 0.0021057457, 0.0022106667, 0.0023088716, 0.0023553532, 0.002443128, 0.0025239235, 0.0025981728, 0.0026329188, 0.002697777, 0.0027566932, 0.002784053, 0.0028347073, 0.0028804732, 0.0029220171, 0.0029414177, 0.00297778, 0.003011237, 0.0030267916, 0.0030557394, 0.0030808337, 0.0030917781, 0.0031100712, 0.0031228075, 0.0031300355, 0.003131422, 0.0031303454, 0.0031243444, 0.0031198338, 0.003108395, 0.0030945349, 0.0030787745, 0.0030702592, 0.0030519068, 0.0030313188, 0.0030201818, 0.0029958244, 0.0029688717, 0.0029543554, 0.0029238923, 0.002892, 0.0028598763, 0.0028439686, 0.0028126314, 0.0027817967, 0.002766178, 0.00273369, 0.0026980748, 0.0026584775, 0.0026371547, 0.0025920942, 0.0025446177, 0.0025203424, 0.0024712277, 0.0024221812, 0.0023976949, 0.002348726, 0.0022989295, 0.0022473026, 0.0022203284, 0.0021630141, 0.0020993375, 0.0020643591, 0.0019859963, 0.0018938335, 0.001788626, 0.0017346019, 0.0016480233, 0.0016582008, 0.0017264799, 0, 0
0, 0, 0, 0, 0, 0, 0, 0, 0, 0, 0, 0, 0, 0, 0, 0, 0, 0, 0, 0, 0, 0, 0, 0, 0, 0, 0, 0, 0, 0, 0, 0, 0, 0, 0, 0, 0, 0, 0, 0, 0, 0, 0, 0, 0, 0, 0, 0, 0, 0, 0, 0, 0, 0, 0, 0, 0, 0, 0, 0, 0, 0, 0, 0, 0, 0, 0, 0, 0, 0, 0, 0, 0, 0.0022184574, 0.0018007549, 0.0017592576, 0.0017978599, 0.0019159748, 0.0020468608, 0.002110787, 0.0022313367, 0.0023406877, 0.0023910003, 0.0024831463, 0.0025648382, 0.002637346, 0.002670557, 0.0027321652, 0.0027878706, 0.0028138065, 0.002862436, 0.002907284, 0.002949105, 0.0029690007, 0.0030071612, 0.0030428846, 0.003059725, 0.003090644, 0.0031170666, 0.0031282948, 0.00314598, 0.0031570564, 0.003161324, 0.0031609994, 0.0031562538, 0.0031469774, 0.003141029, 0.003127409, 0.003112143, 0.0030955696, 0.0030867693, 0.0030679316, 0.0030468646, 0.003035463, 0.0030107154, 0.0029836628, 0.0029693046, 0.0029396543, 0.002909266, 0.002879315, 0.002864613, 0.002835813, 0.0028072768, 0.0027926515, 0.002761899, 0.0027278978, 0.002689957, 0.0026694972, 0.0026260803, 0.0025800637, 0.0025562027, 0.0025069767, 0.0024558713, 0.00242954, 0.0023749506, 0.0023170419, 0.0022551236, 0.002222388, 0.0021521873, 0.0020745061, 0.0020321498, 0.0019390503, 0.0018324725, 0.0017135827, 0.0016527165, 0.0015496326, 0.001532725, 0.0015826666, 0, 0
0, 0, 0, 0, 0, 0, 0, 0, 0, 0, 0, 0, 0, 0, 0, 0, 0, 0, 0, 0, 0, 0, 0, 0, 0, 0, 0, 0, 0, 0, 0, 0, 0, 0, 0, 0, 0, 0, 0, 0, 0, 0, 0, 0, 0, 0, 0, 0, 0, 0, 0, 0, 0, 0, 0, 0, 0, 0, 0, 0, 0, 0, 0, 0, 0, 0, 0, 0, 0, 0, 0, 0, 0, 0.0017769228, 0.001673577, 0.0017157303, 0.0017760571, 0.0019245917, 0.002076228, 0.0021476634, 0.0022788192, 0.0023937628, 0.0024452992, 0.002537532, 0.0026168213, 0.0026855727, 0.0027167324, 0.002773933, 0.002825874, 0.0028501851, 0.0028961687, 0.0029390461, 0.002979345, 0.0029987677, 0.0030360424, 0.003071125, 0.0030876826, 0.0031182887, 0.003144673, 0.0031558464, 0.0031736097, 0.0031847325, 0.0031890932, 0.0031888962, 0.0031845025, 0.0031759755, 0.0031706565, 0.0031584864, 0.003145138, 0.0031307486, 0.003123051, 0.003106292, 0.0030874338, 0.0030771473, 0.003054877, 0.0030307274, 0.0030180393, 0.002992167, 0.0029663015, 0.0029413288, 0.002929095, 0.0029051036, 0.002880798, 0.002868078, 0.0028407774, 0.0028103753, 0.002776317, 0.0027579553, 0.0027188312, 0.0026766295, 0.002654312, 0.0026071572, 0.0025563163, 0.0025291953, 0.002471567, 0.002408634, 0.0023402197, 0.0023036755, 0.0022256875, 0.0021401276, 0.0020941927, 0.0019948962, 0.001885343, 0.0017682248, 0.001710493, 0.0016184674, 0.0016191931, 0.0016784776, 0, 0
0, 0, 0, 0, 0, 0, 0, 0, 0, 0, 0, 0, 0, 0, 0, 0, 0, 0, 0, 0, 0, 0, 0, 0, 0, 0, 0, 0, 0, 0, 0, 0, 0, 0, 0, 0, 0, 0, 0, 0, 0, 0, 0, 0, 0, 0, 0, 0, 0, 0, 0, 0, 0, 0, 0, 0, 0, 0, 0, 0, 0, 0, 0, 0, 0, 0, 0, 0, 0, 0, 0, 0, 0, 0.0018199119, 0.0017117879, 0.0017684702, 0.0018366671, 0.001997815, 0.0021567831, 0.0022300084, 0.002362045, 0.0024750775, 0.0025249803, 0.0026132802, 0.0026883064, 0.0027528263, 0.0027819292, 0.0028353725, 0.00288392, 0.0029067793, 0.0029500134, 0.0029900447, 0.0030273774, 0.0030452092, 0.0030791888, 0.0031108898, 0.0031259651, 0.0031540585, 0.0031789388, 0.0031898324, 0.0032080272, 0.0032207572, 0.0032279948, 0.0032296346, 0.0032296018, 0.0032261412, 0.0032235999, 0.0032174727, 0.0032100978, 0.0032016276, 0.0031968264, 0.0031857216, 0.0031722782, 0.0031648125, 0.0031481485, 0.0031299447, 0.00312037, 0.0031010027, 0.0030818265, 0.00306332, 0.0030542836, 0.0030360415, 0.0030167447, 0.0030064022, 0.0029839552, 0.0029588111, 0.0029308456, 0.0029158248, 0.0028834378, 0.0028476936, 0.0028283983, 0.002786435, 0.0027394695, 0.0027137643, 0.0026576412, 0.002594893, 0.0025256798, 0.0024885265, 0.0024088707, 0.0023216095, 0.002274941, 0.0021755816, 0.0020686127, 0.0019585197, 0.0019070546, 0.0018392253, 0.001921944, 0.0020988872, 0.0029542525, 0
0, 0, 0, 0, 0, 0, 0, 0, 0, 0, 0, 0, 0, 0, 0, 0, 0, 0, 0, 0, 0, 0, 0, 0, 0, 0, 0, 0, 0, 0, 0, 0, 0, 0, 0, 0, 0, 0, 0, 0, 0, 0, 0, 0, 0, 0, 0, 0, 0, 0, 0, 0, 0, 0, 0, 0, 0, 0, 0, 0, 0, 0, 0, 0, 0, 0, 0, 0, 0, 0, 0, 0, 0, 0.0020542704, 0.0019027935, 0.0019277985, 0.0019862773, 0.0021340582, 0.0022830386, 0.0023518025, 0.0024749914, 0.002580206, 0.002626671, 0.002708949, 0.0027795385, 0.002840933, 0.0028688272, 0.0029204756, 0.0029675257, 0.0029895697, 0.0030309346, 0.0030689044, 0.0031036283, 0.0031198945, 0.0031504133, 0.003178662, 0.0031921228, 0.003217741, 0.0032412333, 0.0032519838, 0.0032712133, 0.0032867452, 0.0032985902, 0.0033031332, 0.0033099875, 0.0033147037, 0.003316608, 0.0033195822, 0.0033214667, 0.003322097, 0.0033217454, 0.003319397, 0.0033147107, 0.0033116045, 0.0033036268, 0.0032942006, 0.0032890008, 0.003278023, 0.003266915, 0.0032556413, 0.0032498974, 0.0032376188, 0.003223797, 0.0032161986, 0.0031994458, 0.003180825, 0.0031604455, 0.00314944, 0.0031255374, 0.0030986802, 0.0030838202, 0.0030504733, 0.0030117626, 0.0029898875, 0.0029409071, 0.0028844601, 0.0028201886, 0.0027849583, 0.0027082318, 0.00262264, 0.002576432, 0.0024771173, 0.0023690988, 0.002255421, 0.002199813, 0.0021125085, 0.0021306912, 0.0022244568, 0.00258473, 0
0, 0, 0, 0, 0, 0, 0, 0, 0, 0, 0, 0, 0, 0, 0, 0, 0, 0, 0, 0, 0, 0, 0, 0, 0, 0, 0, 0, 0, 0, 0, 0, 0, 0, 0, 0, 0, 0, 0, 0, 0, 0, 0, 0, 0, 0, 0, 0, 0, 0, 0, 0, 0, 0, 0, 0, 0, 0, 0, 0, 0, 0, 0, 0, 0, 0, 0, 0, 0, 0, 0, 0, 0, 0.0024078365, 0.002181146, 0.0021388128, 0.002174536, 0.0022922114, 0.0024227588, 0.0024846666, 0.002597075, 0.002694057, 0.0027374648, 0.0028153795, 0.0028838268, 0.0029448043, 0.0029730967, 0.0030259057, 0.0030743692, 0.0030970457, 0.003139508, 0.0031781232, 0.003212902, 0.0032289969, 0.0032590148, 0.0032868572, 0.0033001, 0.003325636, 0.0033498756, 0.0033613585, 0.0033830248, 0.0034025495, 0.0034198428, 0.0034277246, 0.0034424325, 0.0034561148, 0.0034627013, 0.003475529, 0.003487715, 0.0034988676, 0.0035037692, 0.0035121506, 0.003518459, 0.0035208666, 0.0035240888, 0.0035255705, 0.003525604, 0.0035247258, 0.0035225851, 0.0035194037, 0.0035173588, 0.0035119033, 0.0035044488, 0.0035000227, 0.0034898482, 0.0034784006, 0.003465645, 0.003458661, 0.0034434404, 0.0034259136, 0.0034160337, 0.0033933206, 0.0033656573, 0.0033495554, 0.0033116105, 0.0032652079, 0.0032092961, 0.003177462, 0.0031056684, 0.0030221653, 0.0029758255, 0.0028734563, 0.002757457, 0.0026279788, 0.002559708, 0.002431245, 0.0023696278, 0.0023999575, 0.0025972554, 0
0, 0, 0, 0, 0, 0, 0, 0, 0, 0, 0, 0, 0, 0, 0, 0, 0, 0, 0, 0, 0, 0, 0, 0, 0, 0, 0, 0, 0, 0, 0, 0, 0, 0, 0, 0, 0, 0, 0, 0, 0, 0, 0, 0, 0, 0, 0, 0, 0, 0, 0, 0, 0, 0, 0, 0, 0, 0, 0, 0, 0, 0, 0, 0, 0, 0, 0, 0, 0, 0, 0, 0, 0, 0.002893681, 0.002474375, 0.0023142374, 0.0023220181, 0.0024141734, 0.0025356235, 0.0025952721, 0.002704631, 0.0028002404, 0.0028433963, 0.0029222788, 0.0029932256, 0.0030580056, 0.0030885316, 0.0031464635, 0.0032001287, 0.0032254274, 0.0032729262, 0.0033161775, 0.0033552765, 0.0033734345, 0.0034075403, 0.0034394078, 0.0034547097, 0.0034843816, 0.0035129276, 0.003526769, 0.0035533695, 0.0035784703, 0.0036020419, 0.0036133858, 0.0036351953, 0.0036564833, 0.0036670566, 0.0036882348, 0.0037093738, 0.0037301606, 0.0037402643, 0.0037595378, 0.003777608, 0.0037860593, 0.0038016886, 0.003815301, 0.00382123, 0.003831584, 0.0038398295, 0.0038460265, 0.0038482838, 0.003851122, 0.0038516128, 0.0038510205, 0.0038482833, 0.0038437836, 0.0038377026, 0.003834106, 0.0038258557, 0.0038158458, 0.0038101657, 0.0037968345, 0.0037795538, 0.0037687554, 0.0037415081, 0.0037047465, 0.0036569298, 0.0036282905, 0.0035609114, 0.0034786556, 0.003431477, 0.00332387, 0.0031966055, 0.003048307, 0.0029676012, 0.0028102207, 0.0027389661, 0.002806326, 0.003448996, 0
0, 0, 0, 0, 0, 0, 0, 0, 0, 0, 0, 0, 0, 0, 0, 0, 0, 0, 0, 0, 0, 0, 0, 0, 0, 0, 0, 0, 0, 0, 0, 0, 0, 0, 0, 0, 0, 0, 0, 0, 0, 0, 0, 0, 0, 0, 0, 0, 0, 0, 0, 0, 0, 0, 0, 0, 0, 0, 0, 0, 0, 0, 0, 0, 0, 0, 0, 0, 0, 0, 0, 0, 0, 0.0035300949, 0.0026113552, 0.0023592205, 0.0023636734, 0.002467439, 0.0026030825, 0.0026685726, 0.0027879328, 0.0028919529, 0.002939252, 0.0030263565, 0.0031058362, 0.0031795332, 0.0032146212, 0.003281641, 0.003344492, 0.003374339, 0.0034307, 0.0034824244, 0.0035299645, 0.003552274, 0.003594641, 0.0036346256, 0.0036539633, 0.0036916167, 0.0037281325, 0.0037458201, 0.0037800102, 0.0038124982, 0.0038431417, 0.0038578499, 0.0038858994, 0.0039129113, 0.0039262497, 0.0039530485, 0.0039804997, 0.0040087425, 0.0040230723, 0.0040519703, 0.0040808767, 0.0040950747, 0.004122794, 0.0041487035, 0.0041607223, 0.0041826856, 0.004201782, 0.004218086, 0.0042251516, 0.0042370656, 0.004246085, 0.004249511, 0.0042542145, 0.0042559993, 0.0042551407, 0.0042539486, 0.004250023, 0.0042444244, 0.004241088, 0.004232711, 0.004220979, 0.0042131306, 0.0041915663, 0.0041602766, 0.004116888, 0.0040899934, 0.004024762, 0.003942256, 0.0038938532, 0.0037812914, 0.0036443486, 0.0034799136, 0.003387838, 0.0031971652, 0.003060261, 0.003061907, 0.003344243, 0
0, 0, 0, 0, 0, 0, 0, 0, 0, 0, 0, 0, 0, 0, 0, 0, 0, 0, 0, 0, 0, 0, 0, 0, 0, 0, 0, 0, 0, 0, 0, 0, 0, 0, 0, 0, 0, 0, 0, 0, 0, 0, 0, 0, 0, 0, 0, 0, 0, 0, 0, 0, 0, 0, 0, 0, 0, 0, 0, 0, 0, 0, 0, 0, 0, 0, 0, 0, 0, 0, 0, 0, 0, 0, 0.0023358674, 0.0022897497, 0.0023337163, 0.0024809323, 0.0026422343, 0.0027178822, 0.002855094, 0.0029753908, 0.0030305085, 0.0031329494, 0.0032271715, 0.0033150872, 0.003356933, 0.0034370953, 0.0035125695, 0.0035485087, 0.0036165845, 0.003679616, 0.0037380767, 0.003765712, 0.003818483, 0.0038687005, 0.0038931356, 0.003940741, 0.0039869975, 0.004009434, 0.0040528993, 0.004094014, 0.004132284, 0.0041502984, 0.0041841874, 0.004215639, 0.004230967, 0.004261348, 0.004292663, 0.00432585, 0.004343211, 0.0043795183, 0.004417335, 0.004436488, 0.0044746865, 0.0045114113, 0.0045287814, 0.0045609586, 0.00458936, 0.004613909, 0.0046248436, 0.0046439893, 0.0046596806, 0.0046661594, 0.004676418, 0.0046827327, 0.004685421, 0.0046854364, 0.0046832026, 0.0046783085, 0.0046748887, 0.004666, 0.004653245, 0.0046448293, 0.0046223113, 0.004590027, 0.0045454935, 0.0045179925, 0.0044511915, 0.0043667336, 0.004316982, 0.0042006047, 0.004057701, 0.0038833811, 0.003784051, 0.0035691168, 0.003378145, 0.0033294328, 0.0034335724, 0
0, 0, 0, 0, 0, 0, 0, 0, 0, 0, 0, 0, 0, 0, 0, 0, 0, 0, 0, 0, 0, 0, 0, 0, 0, 0, 0, 0, 0, 0, 0, 0, 0, 0, 0, 0, 0, 0, 0, 0, 0, 0, 0, 0, 0, 0, 0, 0, 0, 0, 0, 0, 0, 0, 0, 0, 0, 0, 0, 0, 0, 0, 0, 0, 0, 0, 0, 0, 0, 0, 0, 0, 0, 0, 0.0024268301, 0.0023371335, 0.0023697987, 0.0025113502, 0.0026815722, 0.0027647836, 0.0029203442, 0.0030613057, 0.0031268955, 0.0032499728, 0.0033639015, 0.003470176, 0.0035208329, 0.0036175323, 0.0037083963, 0.0037515338, 0.0038332448, 0.0039089085, 0.0039791344, 0.004012375, 0.004075901, 0.004136396, 0.0041658254, 0.004223349, 0.004279304, 0.0043065907, 0.004359446, 0.004409338, 0.0044554314, 0.0044769123, 0.0045166276, 0.004552468, 0.004569419, 0.004602653, 0.0046366835, 0.0046731574, 0.004692702, 0.0047342917, 0.0047787344, 0.004801613, 0.004847435, 0.004891699, 0.0049125636, 0.004950881, 0.0049840696, 0.0050121425, 0.005024406, 0.0050457977, 0.005063467, 0.0050708433, 0.00508252, 0.005089947, 0.005092853, 0.0050926865, 0.005088782, 0.005080744, 0.0050750957, 0.0050604036, 0.005040588, 0.005028415, 0.004998278, 0.004958536, 0.004907057, 0.004876244, 0.0048032166, 0.004713285, 0.0046610488, 0.0045396606, 0.0043917545, 0.0042125112, 0.0041108504, 0.0038933347, 0.0037147447, 0.0036951853, 0.0040621352, 0.005520838
0, 0, 0, 0, 0, 0, 0, 0, 0, 0, 0, 0, 0, 0, 0, 0, 0, 0, 0, 0, 0, 0, 0, 0, 0, 0, 0, 0, 0, 0, 0, 0, 0, 0, 0, 0, 0, 0, 0, 0, 0, 0, 0, 0, 0, 0, 0, 0, 0, 0, 0, 0, 0, 0, 0, 0, 0, 0, 0, 0, 0, 0, 0, 0, 0, 0, 0, 0, 0, 0, 0, 0, 0, 0, 0.0027656076, 0.0024756852, 0.0024549463, 0.0025535503, 0.002724262, 0.0028148477, 0.0029913837, 0.0031562147, 0.003233921, 0.0033804963, 0.0035165695, 0.003643586, 0.0037039625, 0.0038190896, 0.003926776, 0.003977797, 0.0040741903, 0.004163269, 0.004245433, 0.004284322, 0.0043582586, 0.004428533, 0.0044626426, 0.004529434, 0.0045942827, 0.0046259607, 0.0046873908, 0.004745504, 0.004799206, 0.00482407, 0.0048696203, 0.004910047, 0.004928807, 0.004965095, 0.0050017824, 0.005041045, 0.0050621354, 0.005107324, 0.0051558395, 0.0051807403, 0.0052302014, 0.005277065, 0.005298674, 0.005337335, 0.0053691915, 0.005394673, 0.0054052356, 0.0054228124, 0.005436275, 0.0054414985, 0.0054489006, 0.0054519037, 0.0054499055, 0.0054469425, 0.005436638, 0.0054204236, 0.0054100184, 0.0053846333, 0.005352631, 0.005333997, 0.005290532, 0.005237551, 0.0051732804, 0.0051363185, 0.00505156, 0.0049503986, 0.0048927236, 0.004760635, 0.0046020155, 0.0044119162, 0.0043047857, 0.0040744534, 0.003871077, 0.003822236, 0.0039970046, 0.0046106093
0, 0, 0, 0, 0, 0, 0, 0, 0, 0, 0, 0, 0, 0, 0, 0, 0, 0, 0, 0, 0, 0, 0, 0, 0, 0, 0, 0, 0, 0, 0, 0, 0, 0, 0, 0, 0, 0, 0, 0, 0, 0, 0, 0, 0, 0, 0, 0, 0, 0, 0, 0, 0, 0, 0, 0, 0, 0, 0, 0, 0, 0, 0, 0, 0, 0, 0, 0, 0, 0, 0, 0, 0, 0, 0.0030686238, 0.0025151628, 0.0024656, 0.002565394, 0.002761448, 0.0028666744, 0.003071978, 0.003263148, 0.0033530034, 0.0035223686, 0.0036793214, 0.003825812, 0.0038955063, 0.0040283725, 0.004152441, 0.0042113154, 0.0043224245, 0.004425163, 0.004519863, 0.004564591, 0.0046495744, 0.004729954, 0.004768849, 0.0048448294, 0.00491854, 0.0049544256, 0.005023943, 0.0050894734, 0.0051500476, 0.0051780315, 0.0052291797, 0.005274377, 0.0052952417, 0.005334981, 0.005374401, 0.0054159355, 0.005437944, 0.0054845633, 0.005533555, 0.0055582183, 0.005606144, 0.0056498204, 0.0056693256, 0.005702845, 0.005728545, 0.0057467795, 0.005753462, 0.0057626986, 0.005767006, 0.0057674614, 0.0057648816, 0.0057569416, 0.005743108, 0.0057337363, 0.005709909, 0.0056788865, 0.005660606, 0.0056186225, 0.0055692345, 0.0055415207, 0.0054796096, 0.0054081706, 0.005325677, 0.005279764, 0.0051772394, 0.0050581372, 0.0049912403, 0.0048400415, 0.0046611, 0.004448692, 0.0043287748, 0.004065443, 0.0038021985, 0.0037000326, 0.003672837, 0.0039739297
0, 0, 0, 0, 0, 0, 0, 0, 0, 0, 0, 0, 0, 0, 0, 0, 0, 0, 0, 0, 0, 0, 0, 0, 0, 0, 0, 0, 0, 0, 0, 0, 0, 0, 0, 0, 0, 0, 0, 0, 0, 0, 0, 0, 0, 0, 0, 0, 0, 0, 0, 0, 0, 0, 0, 0, 0, 0, 0, 0, 0, 0, 0, 0, 0, 0, 0, 0, 0, 0, 0, 0, 0, 0, 0.002446833, 0.0023457468, 0.002378257, 0.0025654908, 0.0028122389, 0.0029363732, 0.003171613, 0.003385457, 0.0034850042, 0.0036715395, 0.0038441457, 0.0040054764, 0.0040824125, 0.0042293114, 0.0043673287, 0.0044330065, 0.004557684, 0.0046737385, 0.004781531, 0.004832581, 0.0049297125, 0.0050217435, 0.0050661573, 0.00515261, 0.00523599, 0.0052763973, 0.0053541795, 0.0054270593, 0.0054938695, 0.005524763, 0.005581289, 0.005631134, 0.0056541115, 0.00569722, 0.0057389294, 0.005781129, 0.005802751, 0.0058469907, 0.0058913985, 0.005913037, 0.005953648, 0.0059889173, 0.0060040983, 0.006029003, 0.006046291, 0.006056088, 0.006058421, 0.006058149, 0.0060514477, 0.006045694, 0.0060289702, 0.006004636, 0.0059722383, 0.005952814, 0.005907694, 0.005854496, 0.0058249314, 0.0057601277, 0.0056876973, 0.0056484533, 0.005563475, 0.0054690004, 0.0053638336, 0.0053065764, 0.0051813037, 0.005038656, 0.0049595847, 0.0047832234, 0.004578205, 0.004338908, 0.0042048474, 0.003909869, 0.003603374, 0.0034708881, 0.003355752, 0.0035581482
0, 0, 0, 0, 0, 0, 0, 0, 0, 0, 0, 0, 0, 0, 0, 0, 0, 0, 0, 0, 0, 0, 0, 0, 0, 0, 0, 0, 0, 0, 0, 0, 0, 0, 0, 0, 0, 0, 0, 0, 0, 0, 0, 0, 0, 0, 0, 0, 0, 0, 0, 0, 0, 0, 0, 0, 0, 0, 0, 0, 0, 0, 0, 0, 0, 0, 0, 0, 0, 0, 0, 0, 0, 0, 0.0024772258, 0.0023780228, 0.0024250702, 0.0026438078, 0.0029160855, 0.0030500286, 0.0032998244, 0.0035243365, 0.0036283208, 0.0038231174, 0.0040039383, 0.004173726, 0.0042550857, 0.0044113696, 0.004559445, 0.0046304194, 0.004766417, 0.004894495, 0.005014975, 0.0050725206, 0.005182841, 0.0052877916, 0.005338525, 0.005437028, 0.005531343, 0.0055767433, 0.0056633586, 0.0057437113, 0.0058168774, 0.0058506196, 0.005912501, 0.0059672273, 0.005992185, 0.00603834, 0.0060807783, 0.006120888, 0.00614025, 0.006177405, 0.0062117763, 0.006227593, 0.0062558446, 0.0062791365, 0.006288624, 0.006303366, 0.0063121333, 0.0063146073, 0.0063132257, 0.0063048527, 0.006287826, 0.006275769, 0.006243778, 0.0062004505, 0.0061455206, 0.006113804, 0.006042431, 0.005961966, 0.005918673, 0.005826674, 0.0057275672, 0.0056751836, 0.0055641746, 0.0054440177, 0.005313162, 0.0052430904, 0.005091808, 0.004922865, 0.0048306356, 0.004628547, 0.0043996237, 0.0041394825, 0.0039967243, 0.003688346, 0.0033728539, 0.0032361583, 0.003106583, 0.003283035
0, 0, 0, 0, 0, 0, 0, 0, 0, 0, 0, 0, 0, 0, 0, 0, 0, 0, 0, 0, 0, 0, 0, 0, 0, 0, 0, 0, 0, 0, 0, 0, 0, 0, 0, 0, 0, 0, 0, 0, 0, 0, 0, 0, 0, 0, 0, 0, 0, 0, 0, 0, 0, 0, 0, 0, 0, 0, 0, 0, 0, 0, 0, 0, 0, 0, 0, 0, 0, 0, 0, 0, 0, 0, 0.002759224, 0.0026042564, 0.0026280861, 0.0028181542, 0.0030755417, 0.003204573, 0.003447928, 0.0036690903, 0.0037724536, 0.0039676614, 0.004150997, 0.004324887, 0.0044087893, 0.0045710434, 0.004726215, 0.0048011835, 0.0049460223, 0.0050842026, 0.0052159852, 0.0052796076, 0.0054025436, 0.0055204392, 0.005577611, 0.00568849, 0.005794089, 0.0058445893, 0.005940323, 0.0060282634, 0.006108173, 0.006145019, 0.006212658, 0.006272444, 0.0062994305, 0.006348088, 0.00639008, 0.0064259507, 0.0064415354, 0.0064682825, 0.0064893574, 0.006497904, 0.0065114466, 0.0065209037, 0.006524258, 0.0065282416, 0.0065287673, 0.006524575, 0.0065200636, 0.006504753, 0.0064787613, 0.006460961, 0.0064146644, 0.006353063, 0.00627617, 0.006232411, 0.0061354465, 0.0060282215, 0.005971478, 0.0058526895, 0.005727312, 0.005661947, 0.0055250786, 0.00537895, 0.005221737, 0.005138349, 0.004960349, 0.0047653858, 0.004660831, 0.0044363705, 0.004189718, 0.00391871, 0.0037737468, 0.0034686455, 0.003166428, 0.0030385153, 0.002922848, 0.00309578
0, 0, 0, 0, 0, 0, 0, 0, 0, 0, 0, 0, 0, 0, 0, 0, 0, 0, 0, 0, 0, 0, 0, 0, 0, 0, 0, 0, 0, 0, 0, 0, 0, 0, 0, 0, 0, 0, 0, 0, 0, 0, 0, 0, 0, 0, 0, 0, 0, 0, 0, 0, 0, 0, 0, 0, 0, 0, 0, 0, 0, 0, 0, 0, 0, 0, 0, 0, 0, 0, 0, 0, 0, 0, 0.0031871786, 0.002933146, 0.0029064121, 0.0030231946, 0.003238583, 0.0033543657, 0.0035810121, 0.0037942005, 0.003895698, 0.0040902463, 0.004275576, 0.004453559, 0.0045400914, 0.004708297, 0.0048702043, 0.0049488135, 0.005101478, 0.005248167, 0.0053893225, 0.0054579354, 0.005591514, 0.005720453, 0.005783173, 0.0059047546, 0.0060203145, 0.0060754316, 0.0061795227, 0.006275022, 0.006361784, 0.0064019356, 0.0064757406, 0.006540766, 0.006569907, 0.0066211955, 0.0066627664, 0.0066943783, 0.0067064646, 0.0067237597, 0.006732858, 0.006734915, 0.0067352178, 0.0067319386, 0.00672944, 0.0067231776, 0.006714819, 0.0067029325, 0.006694806, 0.0066716727, 0.0066365735, 0.006613414, 0.006554487, 0.006477727, 0.006383598, 0.006330563, 0.0062143104, 0.006086902, 0.006019895, 0.005880313, 0.00573347, 0.005657157, 0.005497797, 0.0053280783, 0.0051462534, 0.005050288, 0.0048473836, 0.0046288995, 0.0045136292, 0.0042707147, 0.0040111286, 0.00373447, 0.0035898695, 0.0032924798, 0.003006764, 0.0028889119, 0.0027900457, 0.0029647287
0, 0, 0, 0, 0, 0, 0, 0, 0, 0, 0, 0, 0, 0, 0, 0, 0, 0, 0, 0, 0, 0, 0, 0, 0, 0, 0, 0, 0, 0, 0, 0, 0, 0, 0, 0, 0, 0, 0, 0, 0, 0, 0, 0, 0, 0, 0, 0, 0, 0, 0, 0, 0, 0, 0, 0, 0, 0, 0, 0, 0, 0, 0, 0, 0, 0, 0, 0, 0, 0, 0, 0, 0, 0, 0.0037759428, 0.0032621184, 0.0031373228, 0.0031495108, 0.0033269885, 0.0034350886, 0.003656546, 0.0038714875, 0.0039751814, 0.004175725, 0.004368553, 0.004554724, 0.004645538, 0.0048226444, 0.004993404, 0.0050763288, 0.005237371, 0.0053921067, 0.0055410904, 0.005613605, 0.005755065, 0.005891977, 0.005958677, 0.0060879863, 0.0062109693, 0.0062696086, 0.006380724, 0.0064831018, 0.006576628, 0.0066200234, 0.0066999276, 0.0067703463, 0.006801723, 0.006856233, 0.006898928, 0.006929248, 0.0069398545, 0.0069526327, 0.006955626, 0.0069542383, 0.0069469814, 0.0069356686, 0.0069290358, 0.006914269, 0.006897156, 0.0068761273, 0.006863264, 0.006830394, 0.0067849965, 0.006756564, 0.006686877, 0.0065994784, 0.0064949826, 0.0064369333, 0.006310627, 0.00617274, 0.00610016, 0.005948215, 0.005787078, 0.0057028313, 0.005526192, 0.005337458, 0.005135412, 0.0050291284, 0.004805922, 0.0045684045, 0.0044444706, 0.004186358, 0.0039149043, 0.0036303638, 0.003483596, 0.0031856198, 0.0029043797, 0.0027900422, 0.002697716, 0.0028725662
0, 0, 0, 0, 0, 0, 0, 0, 0, 0, 0, 0, 0, 0, 0, 0, 0, 0, 0, 0, 0, 0, 0, 0, 0, 0, 0, 0, 0, 0, 0, 0, 0, 0, 0, 0, 0, 0, 0, 0, 0, 0, 0, 0, 0, 0, 0, 0, 0, 0, 0, 0, 0, 0, 0, 0, 0, 0, 0, 0, 0, 0, 0, 0, 0, 0, 0, 0, 0, 0, 0, 0, 0, 0, 0.004553021, 0.00334683, 0.0031272331, 0.0031009, 0.003294036, 0.003413447, 0.0036569051, 0.0038910876, 0.0040035243, 0.0042200894, 0.0044274405, 0.004627118, 0.0047243405, 0.004913539, 0.005095507, 0.0051835803, 0.0053540654, 0.0055170734, 0.0056732395, 0.005748985, 0.005896452, 0.006038776, 0.0061079906, 0.006242341, 0.00637042, 0.0064317584, 0.0065484117, 0.0066567506, 0.006756326, 0.0068027233, 0.0068884986, 0.0069639958, 0.006997612, 0.0070559937, 0.007101826, 0.0071346923, 0.007146437, 0.0071612364, 0.0071660522, 0.0071652913, 0.007158775, 0.0071468926, 0.0071392213, 0.0071207252, 0.007097634, 0.0070684794, 0.0070509473, 0.0070083314, 0.006953323, 0.0069205114, 0.0068434384, 0.006750748, 0.006643024, 0.006583918, 0.0064560296, 0.006316129, 0.006241918, 0.006084884, 0.005915857, 0.0058266725, 0.005638611, 0.005437034, 0.005221646, 0.0051087425, 0.0048725614, 0.0046229595, 0.004493174, 0.0042235497, 0.0039402326, 0.003642932, 0.003489383, 0.0031769057, 0.0028799272, 0.0027577667, 0.002652134, 0.0028210834
0, 0, 0, 0, 0, 0, 0, 0, 0, 0, 0, 0, 0, 0, 0, 0, 0, 0, 0, 0, 0, 0, 0, 0, 0, 0, 0, 0, 0, 0, 0, 0, 0, 0, 0, 0, 0, 0, 0, 0, 0, 0, 0, 0, 0, 0, 0, 0, 0, 0, 0, 0, 0, 0, 0, 0, 0, 0, 0, 0, 0, 0, 0, 0, 0, 0, 0, 0, 0, 0, 0, 0, 0, 0, 0, 0.002804508, 0.0027772703, 0.002916293, 0.0031829232, 0.0033273315, 0.0036094622, 0.0038729913, 0.0039978507, 0.004236059, 0.0044617048, 0.0046771974, 0.0047815368, 0.0049836156, 0.005176923, 0.005270284, 0.0054503274, 0.005621763, 0.0057852166, 0.005864184, 0.0060172398, 0.006164209, 0.0062355455, 0.00637398, 0.0065062987, 0.006569896, 0.0066914866, 0.006805115, 0.006910143, 0.0069592716, 0.0070501575, 0.0071304142, 0.0071662767, 0.0072289766, 0.0072792745, 0.0073175416, 0.0073324167, 0.007354642, 0.0073678745, 0.0073715146, 0.007373633, 0.0073691094, 0.0073643206, 0.0073493626, 0.007326456, 0.0072943885, 0.007274547, 0.0072266366, 0.007166798, 0.007132244, 0.0070535624, 0.0069619003, 0.006857206, 0.0068000653, 0.006676127, 0.0065391385, 0.0064654876, 0.006307708, 0.0061354786, 0.006043985, 0.005850479, 0.005643266, 0.0054227747, 0.0053076665, 0.005067787, 0.0048148716, 0.0046831924, 0.0044085234, 0.0041171955, 0.0038072062, 0.0036449665, 0.003309477, 0.0029804036, 0.002839173, 0.0026957814, 0.0028463977
0, 0, 0, 0, 0, 0, 0, 0, 0, 0, 0, 0, 0, 0, 0, 0, 0, 0, 0, 0, 0, 0, 0, 0, 0, 0, 0, 0, 0, 0, 0, 0, 0, 0, 0, 0, 0, 0, 0, 0, 0, 0, 0, 0, 0, 0, 0, 0, 0, 0, 0, 0, 0, 0, 0, 0, 0, 0, 0, 0, 0, 0, 0, 0, 0, 0, 0, 0, 0, 0, 0, 0, 0, 0, 0, 0.002631296, 0.0026199894, 0.0027974513, 0.0030984262, 0.0032582502, 0.0035679908, 0.0038555642, 0.0039912383, 0.004248661, 0.00449061, 0.004719588, 0.004829731, 0.005041944, 0.0052440404, 0.0053415224, 0.00552967, 0.0057089454, 0.0058798287, 0.0059622778, 0.0061217323, 0.0062743844, 0.006348336, 0.0064917468, 0.0066290083, 0.006695145, 0.0068219868, 0.006940905, 0.0070513156, 0.007103033, 0.0071989056, 0.00728394, 0.007322173, 0.0073897294, 0.007445715, 0.0074912277, 0.007510517, 0.0075431103, 0.0075687678, 0.0075792777, 0.0075953505, 0.0076044784, 0.0076059913, 0.007601877, 0.0075869528, 0.007560143, 0.0075421026, 0.0074970094, 0.0074403794, 0.0074079167, 0.00733484, 0.007250471, 0.0071540107, 0.0071008317, 0.006983972, 0.0068522524, 0.0067804856, 0.006624952, 0.0064536296, 0.0063623562, 0.0061694784, 0.0059638554, 0.005746513, 0.0056335814, 0.005399009, 0.005151792, 0.0050227167, 0.004752028, 0.0044614226, 0.0041474677, 0.003980874, 0.0036301357, 0.0032747278, 0.003115437, 0.0029289972, 0.0030499443
0, 0, 0, 0, 0, 0, 0, 0, 0, 0, 0, 0, 0, 0, 0, 0, 0, 0, 0, 0, 0, 0, 0, 0, 0, 0, 0, 0, 0, 0, 0, 0, 0, 0, 0, 0, 0, 0, 0, 0, 0, 0, 0, 0, 0, 0, 0, 0, 0, 0, 0, 0, 0, 0, 0, 0, 0, 0, 0, 0, 0, 0, 0, 0, 0, 0, 0, 0, 0, 0, 0, 0, 0, 0, 0, 0.002673269, 0.0026434918, 0.0027971496, 0.003092427, 0.0032537703, 0.0035715536, 0.0038705268, 0.0040122317, 0.004281412, 0.0045336783, 0.0047709728, 0.0048845136, 0.005102475, 0.0053097596, 0.0054097953, 0.0056035244, 0.005789306, 0.0059672655, 0.006053314, 0.0062198727, 0.006379374, 0.006456652, 0.0066064284, 0.006749878, 0.00681905, 0.0069519114, 0.007076807, 0.007193086, 0.0072477353, 0.007349513, 0.0074403775, 0.0074815666, 0.0075555206, 0.007619063, 0.007673808, 0.00769855, 0.0077436003, 0.007783702, 0.0078019993, 0.007834692, 0.007860843, 0.007870742, 0.007882712, 0.007882402, 0.007868382, 0.00785617, 0.007822115, 0.007776586, 0.0077498206, 0.0076885317, 0.007616254, 0.007531379, 0.007483613, 0.0073765065, 0.0072528436, 0.00718458, 0.0070352843, 0.006869788, 0.0067815296, 0.0065953145, 0.006397682, 0.0061899843, 0.006082376, 0.0058592134, 0.0056237946, 0.005500514, 0.0052407924, 0.004959937, 0.0046543228, 0.0044915215, 0.0041482304, 0.0038039153, 0.0036546648, 0.0035094402, 0.0036896972
0, 0, 0, 0, 0, 0, 0, 0, 0, 0, 0, 0, 0, 0, 0, 0, 0, 0, 0, 0, 0, 0, 0, 0, 0, 0, 0, 0, 0, 0, 0, 0, 0, 0, 0, 0, 0, 0, 0, 0, 0, 0, 0, 0, 0, 0, 0, 0, 0, 0, 0, 0, 0, 0, 0, 0, 0, 0, 0, 0, 0, 0, 0, 0, 0, 0, 0, 0, 0, 0, 0, 0, 0, 0, 0, 0.0027801772, 0.0027390574, 0.002871582, 0.0031535826, 0.0033112606, 0.003626379, 0.0039269556, 0.004070383, 0.0043438138, 0.0046003815, 0.004841362, 0.0049565188, 0.0051773386, 0.0053873966, 0.005489049, 0.00568659, 0.0058773663, 0.0060612867, 0.006150683, 0.006324088, 0.0064906008, 0.006571356, 0.0067281174, 0.006878208, 0.00695065, 0.0070900214, 0.007221531, 0.0073446324, 0.0074028694, 0.0075119482, 0.00761073, 0.0076560997, 0.00773924, 0.007813363, 0.007880216, 0.007911599, 0.007971101, 0.008027109, 0.008053734, 0.008103667, 0.008147617, 0.008166617, 0.008196787, 0.008214263, 0.008217416, 0.008213527, 0.008195626, 0.00816554, 0.008146372, 0.008099837, 0.00804175, 0.007970444, 0.007929324, 0.007835014, 0.007723558, 0.0076612234, 0.007523576, 0.007369694, 0.0072873044, 0.0071130646, 0.0069278437, 0.006732853, 0.006631578, 0.0064208773, 0.006197243, 0.006079577, 0.0058304453, 0.00555986, 0.005265159, 0.0051087015, 0.0047833957, 0.004476917, 0.0043667923, 0.0044334824, 0.005504561
0, 0, 0, 0, 0, 0, 0, 0, 0, 0, 0, 0, 0, 0, 0, 0, 0, 0, 0, 0, 0, 0, 0, 0, 0, 0, 0, 0, 0, 0, 0, 0, 0, 0, 0, 0, 0, 0, 0, 0, 0, 0, 0, 0, 0, 0, 0, 0, 0, 0, 0, 0, 0, 0, 0, 0, 0, 0, 0, 0, 0, 0, 0, 0, 0, 0, 0, 0, 0, 0, 0, 0, 0, 0, 0, 0.0028933985, 0.0028481635, 0.0029736867, 0.0032496466, 0.0034047076, 0.0037156409, 0.0040137097, 0.0041564847, 0.0044296565, 0.0046871123, 0.0049297526, 0.0050459523, 0.0052694767, 0.0054826797, 0.005586122, 0.0057876655, 0.005982963, 0.006172106, 0.006264298, 0.006443654, 0.0066164234, 0.0067003537, 0.00686336, 0.0070197103, 0.007095288, 0.0072410665, 0.0073794406, 0.0075100614, 0.0075723417, 0.0076902146, 0.0077989115, 0.00784974, 0.00794488, 0.008032424, 0.008114161, 0.008153407, 0.008229357, 0.008302273, 0.00833744, 0.008404569, 0.008465786, 0.008493449, 0.008541057, 0.008576093, 0.008596898, 0.008601743, 0.008600773, 0.008586518, 0.008574878, 0.00854283, 0.008498759, 0.00844156, 0.008407644, 0.008328361, 0.00823265, 0.008178422, 0.00805718, 0.007919679, 0.007845322, 0.0076864418, 0.007515213, 0.0073321024, 0.007235882, 0.00703318, 0.0068146163, 0.0066984645, 0.006450145, 0.0061774324, 0.0058773397, 0.005716813, 0.00537951, 0.0050501125, 0.0049179983, 0.004866065, 0.005389443
0, 0, 0, 0, 0, 0, 0, 0, 0, 0, 0, 0, 0, 0, 0, 0, 0, 0, 0, 0, 0, 0, 0, 0, 0, 0, 0, 0, 0, 0, 0, 0, 0, 0, 0, 0, 0, 0, 0, 0, 0, 0, 0, 0, 0, 0, 0, 0, 0, 0, 0, 0, 0, 0, 0, 0, 0, 0, 0, 0, 0, 0, 0, 0, 0, 0, 0, 0, 0, 0, 0, 0, 0, 0, 0, 0.0029950482, 0.0029490849, 0.0030761964, 0.0033532744, 0.003508008, 0.0038170172, 0.004112457, 0.004254023, 0.0045257094, 0.004783141, 0.0050278874, 0.0051458683, 0.0053739366, 0.0055926945, 0.0056990543, 0.0059064454, 0.0061072884, 0.006301775, 0.006396526, 0.006581167, 0.006759291, 0.0068459497, 0.007014464, 0.007176639, 0.007255282, 0.0074074925, 0.007553037, 0.007691617, 0.0077581657, 0.007885408, 0.0080047455, 0.008061529, 0.0081696985, 0.008271822, 0.008369392, 0.008416881, 0.008509714, 0.008599499, 0.008643025, 0.008726382, 0.008803208, 0.008838374, 0.008900859, 0.008950818, 0.008986606, 0.00899891, 0.0090124495, 0.009011824, 0.0090065785, 0.008986707, 0.008954609, 0.008909929, 0.008882683, 0.008817653, 0.00873768, 0.008691768, 0.008587828, 0.00846779, 0.008401897, 0.008258582, 0.008099799, 0.007925094, 0.007831295, 0.0076294825, 0.007406316, 0.0072857267, 0.0070240116, 0.006730556, 0.0063996064, 0.0062185773, 0.005824864, 0.0054055597, 0.005206581, 0.0049385736, 0.0050776927
0, 0, 0, 0, 0, 0, 0, 0, 0, 0, 0, 0, 0, 0, 0, 0, 0, 0, 0, 0, 0, 0, 0, 0, 0, 0, 0, 0, 0, 0, 0, 0, 0, 0, 0, 0, 0, 0, 0, 0, 0, 0, 0, 0, 0, 0, 0, 0, 0, 0, 0, 0, 0, 0, 0, 0, 0, 0, 0, 0, 0, 0, 0, 0, 0, 0, 0, 0, 0, 0, 0, 0, 0, 0, 0, 0.003079342, 0.0030338396, 0.0031659384, 0.0034479136, 0.0036041695, 0.003914207, 0.0042090346, 0.004350234, 0.004621615, 0.0048804837, 0.005128976, 0.005249718, 0.005484709, 0.005711636, 0.0058221417, 0.0060375966, 0.006245686, 0.0064463685, 0.0065439516, 0.006733912, 0.006917347, 0.0070067425, 0.0071811434, 0.0073497607, 0.0074318917, 0.0075916452, 0.007745167, 0.007892204, 0.0079630995, 0.008099679, 0.008229095, 0.008291306, 0.008411322, 0.008526525, 0.008638118, 0.008692843, 0.008800399, 0.008904792, 0.008955422, 0.0090521695, 0.009141127, 0.00918207, 0.0092552975, 0.009315751, 0.009362095, 0.009379687, 0.009403671, 0.009413098, 0.009412517, 0.009401443, 0.009377712, 0.009341483, 0.009318561, 0.009262825, 0.009193331, 0.009153146, 0.00906169, 0.00895493, 0.008895503, 0.0087639615, 0.008614051, 0.008443484, 0.008349748, 0.008143255, 0.007908817, 0.0077799144, 0.0074954056, 0.007169371, 0.0067928387, 0.0065825735, 0.006114355, 0.0055940566, 0.0053327796, 0.0049148872, 0.0048900084
0, 0, 0, 0, 0, 0, 0, 0, 0, 0, 0, 0, 0, 0, 0, 0, 0, 0, 0, 0, 0, 0, 0, 0, 0, 0, 0, 0, 0, 0, 0, 0, 0, 0, 0, 0, 0, 0, 0, 0, 0, 0, 0, 0, 0, 0, 0, 0, 0, 0, 0, 0, 0, 0, 0, 0, 0, 0, 0, 0, 0, 0, 0, 0, 0, 0, 0, 0, 0, 0, 0, 0, 0, 0, 0, 0.0031818794, 0.0031387093, 0.0032840741, 0.0035829036, 0.0037472572, 0.004071862, 0.0043793535, 0.004526357, 0.004809471, 0.0050812387, 0.0053443643, 0.005473186, 0.0057259486, 0.005971797, 0.0060919225, 0.0063260994, 0.0065513547, 0.0067673726, 0.0068721073, 0.0070759524, 0.007273499, 0.007370428, 0.007561304, 0.0077484227, 0.007840516, 0.008021189, 0.008196307, 0.008364446, 0.008445639, 0.008601633, 0.00874923, 0.008820074, 0.008956611, 0.009087653, 0.0092146695, 0.009276917, 0.009398796, 0.009515988, 0.009572163, 0.00967813, 0.009773524, 0.0098166, 0.009892844, 0.00995528, 0.010003667, 0.010022526, 0.010049419, 0.01006203, 0.010063033, 0.01005416, 0.01003057, 0.009991678, 0.009966415, 0.009904387, 0.009827886, 0.009784453, 0.009687522, 0.009576964, 0.009516156, 0.009381985, 0.009228559, 0.009051957, 0.008953598, 0.008733767, 0.008479046, 0.008336879, 0.008019086, 0.007649825, 0.0072187814, 0.006976504, 0.00643428, 0.0058283303, 0.005521835, 0.0050173094, 0.004930003
0, 0, 0, 0, 0, 0, 0, 0, 0, 0, 0, 0, 0, 0, 0, 0, 0, 0, 0, 0, 0, 0, 0, 0, 0, 0, 0, 0, 0, 0, 0, 0, 0, 0, 0, 0, 0, 0, 0, 0, 0, 0, 0, 0, 0, 0, 0, 0, 0, 0, 0, 0, 0, 0, 0, 0, 0, 0, 0, 0, 0, 0, 0, 0, 0, 0, 0, 0, 0, 0, 0, 0, 0, 0, 0, 0.003197384, 0.0031559845, 0.003308935, 0.0036194567, 0.0037907022, 0.0041301963, 0.004452944, 0.004607527, 0.0049050706, 0.0051897955, 0.00546457, 0.005598792, 0.0058615096, 0.006116868, 0.00624168, 0.006485123, 0.006719611, 0.0069448203, 0.007054129, 0.0072671124, 0.0074740965, 0.007575912, 0.0077771656, 0.007975515, 0.0080735255, 0.008266568, 0.008454184, 0.00863469, 0.008721741, 0.008888667, 0.009045534, 0.009120291, 0.009262942, 0.0093981195, 0.009527177, 0.009589709, 0.00971068, 0.009825194, 0.009879321, 0.009979846, 0.010068047, 0.010106991, 0.0101739755, 0.0102261575, 0.010263703, 0.010277093, 0.010293231, 0.0102956155, 0.010291677, 0.010273237, 0.010239608, 0.010189329, 0.010157697, 0.010081528, 0.009988995, 0.00993701, 0.009822084, 0.009692681, 0.009622289, 0.009469162, 0.009297839, 0.0091052875, 0.00899984, 0.008767896, 0.00850384, 0.008358233, 0.008036617, 0.007668951, 0.0072472813, 0.007013424, 0.0064966045, 0.0059273513, 0.005642756, 0.005186885, 0.0051497933
0, 0, 0, 0, 0, 0, 0, 0, 0, 0, 0, 0, 0, 0, 0, 0, 0, 0, 0, 0, 0, 0, 0, 0, 0, 0, 0, 0, 0, 0, 0, 0, 0, 0, 0, 0, 0, 0, 0, 0, 0, 0, 0, 0, 0, 0, 0, 0, 0, 0, 0, 0, 0, 0, 0, 0, 0, 0, 0, 0, 0, 0, 0, 0, 0, 0, 0, 0, 0, 0, 0, 0, 0, 0, 0, 0.0031900706, 0.0031507262, 0.0033119621, 0.0036361746, 0.0038159091, 0.0041745952, 0.0045176474, 0.004682294, 0.0049987133, 0.0053002443, 0.0055894437, 0.0057300534, 0.0060043004, 0.0062701916, 0.0064001777, 0.006653997, 0.0068991617, 0.007135321, 0.007250084, 0.0074740066, 0.0076918653, 0.007799088, 0.008010972, 0.008220151, 0.008323602, 0.008527707, 0.00872651, 0.008918158, 0.009010618, 0.009187567, 0.009352951, 0.009431211, 0.009579138, 0.009716898, 0.009845887, 0.009907324, 0.0100242505, 0.010132232, 0.010182265, 0.010272907, 0.010349223, 0.010381545, 0.010433896, 0.010469923, 0.010490021, 0.010494358, 0.010492335, 0.0104769, 0.010464289, 0.0104290545, 0.010378839, 0.010311483, 0.010270927, 0.010175738, 0.010062181, 0.009998815, 0.009859271, 0.009702661, 0.009617883, 0.009434984, 0.009233646, 0.009012604, 0.008894018, 0.008638989, 0.008357362, 0.0082057025, 0.007878553, 0.007516028, 0.007113544, 0.006895869, 0.0064282473, 0.005936735, 0.00570465, 0.0053869965, 0.005520985
0, 0, 0, 0, 0, 0, 0, 0, 0, 0, 0, 0, 0, 0, 0, 0, 0, 0, 0, 0, 0, 0, 0, 0, 0, 0, 0, 0, 0, 0, 0, 0, 0, 0, 0, 0, 0, 0, 0, 0, 0, 0, 0, 0, 0, 0, 0, 0, 0, 0, 0, 0, 0, 0, 0, 0, 0, 0, 0, 0, 0, 0, 0, 0, 0, 0, 0, 0, 0, 0, 0, 0, 0, 0, 0, 0.003161259, 0.003124836, 0.0032969527, 0.0036383586, 0.0038282443, 0.0042089727, 0.004574832, 0.0047505386, 0.0050878176, 0.0054081352, 0.005713791, 0.005861839, 0.006149747, 0.0064282897, 0.00656447, 0.00683078, 0.007088858, 0.0073381397, 0.007459491, 0.0076961666, 0.0079259975, 0.008038817, 0.008261114, 0.008479734, 0.008587655, 0.0088001685, 0.00900712, 0.009206462, 0.009302581, 0.009486406, 0.0096575655, 0.009738034, 0.009888994, 0.010027339, 0.01015409, 0.010213404, 0.010323888, 0.010422939, 0.010467653, 0.010546242, 0.010608545, 0.010633224, 0.010668935, 0.010686528, 0.010686698, 0.010680644, 0.010657136, 0.010619802, 0.010596254, 0.010539071, 0.010467022, 0.010377857, 0.010326256, 0.0102082165, 0.010070244, 0.0099937515, 0.009825753, 0.00963724, 0.009535177, 0.009315715, 0.009076009, 0.008816241, 0.008678881, 0.008388799, 0.008077742, 0.007914089, 0.0075697163, 0.0072004814, 0.006803952, 0.0065952637, 0.006162273, 0.005742245, 0.0055707856, 0.005471016, 0.0060254824
0, 0, 0, 0, 0, 0, 0, 0, 0, 0, 0, 0, 0, 0, 0, 0, 0, 0, 0, 0, 0, 0, 0, 0, 0, 0, 0, 0, 0, 0, 0, 0, 0, 0, 0, 0, 0, 0, 0, 0, 0, 0, 0, 0, 0, 0, 0, 0, 0, 0, 0, 0, 0, 0, 0, 0, 0, 0, 0, 0, 0, 0, 0, 0, 0, 0, 0, 0, 0, 0, 0, 0, 0, 0, 0, 0.0031172787, 0.0030868636, 0.0032781344, 0.003643004, 0.0038449077, 0.0042487523, 0.004636187, 0.0048221005, 0.0051787216, 0.0055169393, 0.005839431, 0.0059955064, 0.006298772, 0.0065919477, 0.0067351884, 0.0070155854, 0.007287829, 0.007551311, 0.0076796855, 0.00792997, 0.008172348, 0.008290844, 0.008523361, 0.008750359, 0.008861825, 0.009080472, 0.009292178, 0.00949518, 0.0095928665, 0.009779069, 0.00995155, 0.010032227, 0.010182519, 0.010318003, 0.010439499, 0.010495203, 0.0105964895, 0.010684268, 0.01072275, 0.010787824, 0.010835682, 0.010852708, 0.010872518, 0.010873225, 0.0108555, 0.010840005, 0.010796615, 0.010737772, 0.0107028745, 0.010621956, 0.010525104, 0.010410607, 0.010346266, 0.01020242, 0.010037651, 0.009947088, 0.009749005, 0.009527585, 0.009407898, 0.009150956, 0.008871411, 0.0085707605, 0.00841288, 0.008082917, 0.007734992, 0.007554535, 0.0071801166, 0.0067859944, 0.006369351, 0.006152278, 0.0057068113, 0.0052857758, 0.00512573, 0.005137751, 0.006299415
0, 0, 0, 0, 0, 0, 0, 0, 0, 0, 0, 0, 0, 0, 0, 0, 0, 0, 0, 0, 0, 0, 0, 0, 0, 0, 0, 0, 0, 0, 0, 0, 0, 0, 0, 0, 0, 0, 0, 0, 0, 0, 0, 0, 0, 0, 0, 0, 0, 0, 0, 0, 0, 0, 0, 0, 0, 0, 0, 0, 0, 0, 0, 0, 0, 0, 0, 0, 0, 0, 0, 0, 0, 0, 0, 0.0030853725, 0.003068686, 0.003293341, 0.00368702, 0.0039005834, 0.0043233014, 0.004725713, 0.0049185175, 0.005288651, 0.0056408723, 0.0059778974, 0.0061414326, 0.006459653, 0.006767327, 0.0069175204, 0.0072112577, 0.0074963258, 0.0077724117, 0.007907057, 0.008169689, 0.008423746, 0.008547774, 0.0087902155, 0.009025149, 0.009139749, 0.009363017, 0.00957727, 0.009781082, 0.009878529, 0.010063316, 0.010233056, 0.010311971, 0.010457568, 0.010586704, 0.010699741, 0.010750285, 0.010839858, 0.010914114, 0.010945345, 0.0109956125, 0.011028702, 0.011038494, 0.011044013, 0.011030785, 0.010999041, 0.010976282, 0.010917269, 0.010840378, 0.010795332, 0.010691962, 0.010570227, 0.010429468, 0.010351633, 0.010180639, 0.009988343, 0.009883711, 0.009656713, 0.009405235, 0.009270079, 0.00898124, 0.008668778, 0.008334507, 0.008159732, 0.0077958265, 0.0074140406, 0.007216662, 0.0068083615, 0.006379714, 0.0059263776, 0.005689368, 0.005196432, 0.004704347, 0.0044862065, 0.0042368416, 0.004397236
0, 0, 0, 0, 0, 0, 0, 0, 0, 0, 0, 0, 0, 0, 0, 0, 0, 0, 0, 0, 0, 0, 0, 0, 0, 0, 0, 0, 0, 0, 0, 0, 0, 0, 0, 0, 0, 0, 0, 0, 0, 0, 0, 0, 0, 0, 0, 0, 0, 0, 0, 0, 0, 0, 0, 0, 0, 0, 0, 0, 0, 0, 0, 0, 0, 0, 0, 0, 0, 0, 0, 0, 0, 0, 0, 0.0031468528, 0.0031512752, 0.0034095477, 0.003819862, 0.0040372973, 0.004463433, 0.0048676105, 0.0050616236, 0.0054361867, 0.0057957796, 0.0061425664, 0.0063116285, 0.006641298, 0.006960221, 0.007115743, 0.0074192965, 0.0077131204, 0.007997608, 0.008136545, 0.008407815, 0.008670966, 0.008799512, 0.009050559, 0.009292667, 0.009410086, 0.00963702, 0.009852651, 0.010055709, 0.010152036, 0.010333175, 0.01049798, 0.010573903, 0.0107125295, 0.010833518, 0.010936691, 0.010981706, 0.011058838, 0.011119025, 0.011142825, 0.0111779785, 0.011196107, 0.011198786, 0.011191028, 0.011165719, 0.011122818, 0.011094561, 0.011023605, 0.010932754, 0.010879609, 0.010757473, 0.010614062, 0.010449309, 0.01035899, 0.010162513, 0.009944762, 0.009827623, 0.009576434, 0.009301771, 0.009155498, 0.008845415, 0.008512731, 0.00815871, 0.007974051, 0.007589932, 0.0071861385, 0.0069768443, 0.0065424563, 0.0060847853, 0.00559992, 0.0053461217, 0.0048175924, 0.0042848256, 0.004042675, 0.0037308556, 0.0038340318
0, 0, 0, 0, 0, 0, 0, 0, 0, 0, 0, 0, 0, 0, 0, 0, 0, 0, 0, 0, 0, 0, 0, 0, 0, 0, 0, 0, 0, 0, 0, 0, 0, 0, 0, 0, 0, 0, 0, 0, 0, 0, 0, 0, 0, 0, 0, 0, 0, 0, 0, 0, 0, 0, 0, 0, 0, 0, 0, 0, 0, 0, 0, 0, 0, 0, 0, 0, 0, 0, 0, 0, 0, 0, 0, 0.0034947153, 0.0034755208, 0.0036882204, 0.004065548, 0.0042700707, 0.0046757795, 0.0050662495, 0.005255717, 0.0056255087, 0.005985133, 0.006335739, 0.0065074977, 0.006843449, 0.007168637, 0.0073270374, 0.0076353773, 0.007932987, 0.00822065, 0.008361134, 0.008636173, 0.008904048, 0.009035302, 0.009291797, 0.00953874, 0.009658004, 0.00988718, 0.010102845, 0.0103037795, 0.010398384, 0.010574845, 0.010733806, 0.010806542, 0.010938402, 0.011052, 0.011147001, 0.011187423, 0.011254448, 0.011302968, 0.011320503, 0.01134221, 0.01134662, 0.011342441, 0.011321764, 0.01128481, 0.01123136, 0.011198093, 0.011117282, 0.011015699, 0.010956532, 0.0108207585, 0.01066149, 0.010478709, 0.010378877, 0.010162862, 0.009925955, 0.00979995, 0.009532661, 0.00924484, 0.009093208, 0.008774583, 0.008435597, 0.008076525, 0.007889397, 0.0074995365, 0.007087945, 0.006873661, 0.0064271586, 0.00595541, 0.0054564374, 0.0051966393, 0.004660749, 0.004132573, 0.003899807, 0.0036245564, 0.0037694355
0, 0, 0, 0, 0, 0, 0, 0, 0, 0, 0, 0, 0, 0, 0, 0, 0, 0, 0, 0, 0, 0, 0, 0, 0, 0, 0, 0, 0, 0, 0, 0, 0, 0, 0, 0, 0, 0, 0, 0, 0, 0, 0, 0, 0, 0, 0, 0, 0, 0, 0, 0, 0, 0, 0, 0, 0, 0, 0, 0, 0, 0, 0, 0, 0, 0, 0, 0, 0, 0, 0, 0, 0, 0, 0.0059020207, 0.004319718, 0.0040510185, 0.0040636105, 0.0043665953, 0.0045493683, 0.004925401, 0.0052971398, 0.0054801065, 0.0058411127, 0.0061964877, 0.0065457337, 0.0067176474, 0.0070546516, 0.007381112, 0.007540089, 0.007849108, 0.008146481, 0.008433299, 0.008573262, 0.0088477405, 0.009115598, 0.009247133, 0.009504267, 0.009751608, 0.009870779, 0.010098756, 0.010311701, 0.010508398, 0.010600355, 0.010771042, 0.010923907, 0.01099372, 0.0111201005, 0.011228543, 0.011318416, 0.011356185, 0.011417042, 0.011458398, 0.0114718005, 0.011484201, 0.011478002, 0.011468189, 0.011436177, 0.011388209, 0.011324435, 0.011286314, 0.011196474, 0.01108641, 0.011023153, 0.010879262, 0.010711275, 0.010519299, 0.010414612, 0.010188992, 0.0099434415, 0.009813741, 0.009541316, 0.009251741, 0.009100545, 0.008785, 0.008451145, 0.00809813, 0.007913939, 0.007529113, 0.007120894, 0.006907565, 0.0064620064, 0.0059906174, 0.0054928353, 0.005234608, 0.0047057928, 0.004193079, 0.0039722114, 0.0037276023, 0.0038977899
0, 0, 0, 0, 0, 0, 0, 0, 0, 0, 0, 0, 0, 0, 0, 0, 0, 0, 0, 0, 0, 0, 0, 0, 0, 0, 0, 0, 0, 0, 0, 0, 0, 0, 0, 0, 0, 0, 0, 0, 0, 0, 0, 0, 0, 0, 0, 0, 0, 0, 0, 0, 0, 0, 0, 0, 0, 0, 0, 0, 0, 0, 0, 0, 0, 0, 0, 0, 0, 0, 0, 0, 0, 0, 0.0049401307, 0.0043064994, 0.0041804113, 0.004281863, 0.0045996057, 0.004782846, 0.0051558553, 0.0055228886, 0.0057034097, 0.006059689, 0.00641073, 0.006756379, 0.0069266167, 0.007260728, 0.007584774, 0.007742549, 0.00804937, 0.0083442945, 0.00862823, 0.008766612, 0.009037445, 0.009301367, 0.009430754, 0.009683331, 0.009925488, 0.010041839, 0.01026359, 0.010469641, 0.010658868, 0.010746959, 0.010910036, 0.0110560665, 0.011122882, 0.011244074, 0.011348561, 0.0114352815, 0.011471635, 0.011529917, 0.011568278, 0.011579943, 0.011588088, 0.011576314, 0.011563404, 0.011524161, 0.011468357, 0.0113965785, 0.011354532, 0.011257425, 0.0111413775, 0.011075805, 0.010928434, 0.010758756, 0.010566671, 0.010462414, 0.01023875, 0.009996654, 0.009869387, 0.009603468, 0.009322774, 0.009176888, 0.008873197, 0.008552424, 0.008212638, 0.008034859, 0.0076622018, 0.007265182, 0.0070571993, 0.0066220253, 0.0061604874, 0.0056716143, 0.00541718, 0.004894276, 0.0043850057, 0.004165402, 0.003925213, 0.004106274
0, 0, 0, 0, 0, 0, 0, 0, 0, 0, 0, 0, 0, 0, 0, 0, 0, 0, 0, 0, 0, 0, 0, 0, 0, 0, 0, 0, 0, 0, 0, 0, 0, 0, 0, 0, 0, 0, 0, 0, 0, 0, 0, 0, 0, 0, 0, 0, 0, 0, 0, 0, 0, 0, 0, 0, 0, 0, 0, 0, 0, 0, 0, 0, 0, 0, 0, 0, 0, 0, 0, 0, 0, 0, 0.0042736945, 0.004008879, 0.0040347367, 0.004320571, 0.0047269845, 0.0049359933, 0.0053407717, 0.005723596, 0.005908331, 0.0062679173, 0.0066176103, 0.0069592474, 0.0071269637, 0.0074554663, 0.007774008, 0.00792922, 0.008231326, 0.008521877, 0.00880137, 0.008937277, 0.009202325, 0.0094590625, 0.009584269, 0.009827561, 0.010059232, 0.010170123, 0.010380837, 0.010575827, 0.010754416, 0.010837329, 0.010990852, 0.011128303, 0.011191327, 0.011306024, 0.011405252, 0.011488008, 0.011522852, 0.011578994, 0.01161644, 0.0116279395, 0.011636178, 0.011624569, 0.011611481, 0.011571444, 0.011513865, 0.011439365, 0.011395768, 0.01129564, 0.011177661, 0.011111654, 0.010965276, 0.010799486, 0.010614371, 0.010514748, 0.010302173, 0.010073463, 0.009953609, 0.00970348, 0.009439721, 0.009302493, 0.009016814, 0.008714529, 0.008393466, 0.008225054, 0.007870743, 0.0074920934, 0.007293286, 0.006876181, 0.0064311814, 0.00595505, 0.0057045426, 0.005182303, 0.004662944, 0.004435306, 0.004181978, 0.0043692845
0, 0, 0, 0, 0, 0, 0, 0, 0, 0, 0, 0, 0, 0, 0, 0, 0, 0, 0, 0, 0, 0, 0, 0, 0, 0, 0, 0, 0, 0, 0, 0, 0, 0, 0, 0, 0, 0, 0, 0, 0, 0, 0, 0, 0, 0, 0, 0, 0, 0, 0, 0, 0, 0, 0, 0, 0, 0, 0, 0, 0, 0, 0, 0, 0, 0, 0, 0, 0, 0, 0, 0, 0, 0, 0.003928437, 0.0038214712, 0.003930367, 0.004340548, 0.004824279, 0.005060172, 0.0055028643, 0.005908863, 0.0061008953, 0.0064684874, 0.006819279, 0.007157052, 0.0073216185, 0.0076424233, 0.0079524815, 0.008103608, 0.008397607, 0.008680705, 0.008952796, 0.009084839, 0.009341196, 0.009587544, 0.009706884, 0.009937048, 0.010154695, 0.010258321, 0.01045487, 0.010636425, 0.010802492, 0.010879583, 0.011021877, 0.011149259, 0.01120749, 0.011313326, 0.011404404, 0.011480009, 0.011511891, 0.0115636615, 0.011599396, 0.011610983, 0.011621352, 0.01161378, 0.011603174, 0.011568461, 0.011515899, 0.011445621, 0.011403883, 0.011307047, 0.011192565, 0.011128748, 0.010988135, 0.010830603, 0.010656566, 0.010563648, 0.010366589, 0.010155657, 0.010045385, 0.009815146, 0.009572093, 0.009445415, 0.0091812825, 0.008901473, 0.008603719, 0.008447284, 0.008117863, 0.007764841, 0.00757896, 0.0071870824, 0.00676497, 0.006306566, 0.0060617807, 0.005542157, 0.005012156, 0.0047756424, 0.004509313, 0.004708916
0, 0, 0, 0, 0, 0, 0, 0, 0, 0, 0, 0, 0, 0, 0, 0, 0, 0, 0, 0, 0, 0, 0, 0, 0, 0, 0, 0, 0, 0, 0, 0, 0, 0, 0, 0, 0, 0, 0, 0, 0, 0, 0, 0, 0, 0, 0, 0, 0, 0, 0, 0, 0, 0, 0, 0, 0, 0, 0, 0, 0, 0, 0, 0, 0, 0, 0, 0, 0, 0, 0, 0, 0, 0, 0.0040680333, 0.0039706035, 0.004075539, 0.0044852137, 0.004978611, 0.005221499, 0.0056794, 0.0060984897, 0.006295505, 0.006669194, 0.007020648, 0.0073540644, 0.007514912, 0.007826245, 0.008125092, 0.008270292, 0.008552394, 0.008823708, 0.009084046, 0.009210022, 0.009453963, 0.009686485, 0.009798466, 0.010013159, 0.010214994, 0.010310919, 0.010492464, 0.010660069, 0.010813395, 0.0108843995, 0.011015424, 0.011131881, 0.011184837, 0.011280018, 0.011360549, 0.0114264, 0.011453887, 0.011498515, 0.011530088, 0.011541003, 0.011552608, 0.01154982, 0.011542714, 0.0115164695, 0.011473515, 0.011412935, 0.011375863, 0.011288151, 0.01118281, 0.011123824, 0.010993648, 0.010847919, 0.010687242, 0.010601618, 0.010420388, 0.010226668, 0.010125402, 0.0099139325, 0.00969047, 0.00957405, 0.009331311, 0.009074746, 0.008802314, 0.008659327, 0.008358207, 0.008034648, 0.007863599, 0.007500597, 0.007104699, 0.0066684633, 0.0064328196, 0.005927399, 0.0054074335, 0.0051765325, 0.004932467, 0.0051753935
0, 0, 0, 0, 0, 0, 0, 0, 0, 0, 0, 0, 0, 0, 0, 0, 0, 0, 0, 0, 0, 0, 0, 0, 0, 0, 0, 0, 0, 0, 0, 0, 0, 0, 0, 0, 0, 0, 0, 0, 0, 0, 0, 0, 0, 0, 0, 0, 0, 0, 0, 0, 0, 0, 0, 0, 0, 0, 0, 0, 0, 0, 0, 0, 0, 0, 0, 0, 0, 0, 0, 0, 0, 0, 0.0053639673, 0.004472462, 0.004446309, 0.0047426587, 0.005194433, 0.0054276427, 0.005877076, 0.006295015, 0.0064923638, 0.00686603, 0.007215425, 0.0075435573, 0.0077002887, 0.008001266, 0.008287394, 0.008425578, 0.008693005, 0.008949168, 0.009194313, 0.009312558, 0.009540749, 0.009757292, 0.0098610865, 0.010059509, 0.010245332, 0.010333423, 0.010500048, 0.010653925, 0.010794619, 0.010859871, 0.01097991, 0.011086035, 0.0111338515, 0.011218799, 0.011289225, 0.011345163, 0.011368055, 0.01140481, 0.011430744, 0.011439945, 0.011450618, 0.01145068, 0.011446227, 0.011427548, 0.011394279, 0.011344544, 0.011313066, 0.011236933, 0.011143816, 0.011091274, 0.010974755, 0.010843633, 0.010698035, 0.01062002, 0.010453985, 0.010275331, 0.010181543, 0.009985048, 0.009776616, 0.009667996, 0.009442049, 0.00920424, 0.0089530265, 0.008821643, 0.008544945, 0.00824675, 0.008088134, 0.0077483226, 0.0073726103, 0.0069537666, 0.0067269183, 0.0062445444, 0.0057683564, 0.0055752154, 0.0054547605, 0.0058474597
0, 0, 0, 0, 0, 0, 0, 0, 0, 0, 0, 0, 0, 0, 0, 0, 0, 0, 0, 0, 0, 0, 0, 0, 0, 0, 0, 0, 0, 0, 0, 0, 0, 0, 0, 0, 0, 0, 0, 0, 0, 0, 0, 0, 0, 0, 0, 0, 0, 0, 0, 0, 0, 0, 0, 0, 0, 0, 0, 0, 0, 0, 0, 0, 0, 0, 0, 0, 0, 0, 0, 0, 0, 0, 0.004950065, 0.004572954, 0.0046179234, 0.0049527786, 0.005400423, 0.0056281514, 0.006066913, 0.0064764847, 0.006670407, 0.007038429, 0.007382239, 0.0077036833, 0.007856585, 0.008147972, 0.008422504, 0.008554178, 0.008807608, 0.0090485485, 0.009277983, 0.009388492, 0.009601052, 0.009802212, 0.009898386, 0.0100814, 0.0102518145, 0.010332325, 0.010484317, 0.010624213, 0.010752022, 0.010811293, 0.010920562, 0.011017042, 0.011060518, 0.01113732, 0.011200392, 0.011249534, 0.01126925, 0.0113003235, 0.011321572, 0.01132892, 0.011337429, 0.0113374945, 0.011333942, 0.011318883, 0.011291181, 0.011248685, 0.01122144, 0.0111546805, 0.011072665, 0.011026395, 0.010923952, 0.010808468, 0.010679309, 0.010609498, 0.010459265, 0.010294971, 0.010207652, 0.010022618, 0.009823917, 0.009719781, 0.009502692, 0.009274446, 0.009034226, 0.00890877, 0.008644784, 0.008358966, 0.008205751, 0.007873835, 0.007500583, 0.0070792893, 0.0068507395, 0.006373501, 0.0059449296, 0.0058146594, 0.0059780627, 0.0068410723
0, 0, 0, 0, 0, 0, 0, 0, 0, 0, 0, 0, 0, 0, 0, 0, 0, 0, 0, 0, 0, 0, 0, 0, 0, 0, 0, 0, 0, 0, 0, 0, 0, 0, 0, 0, 0, 0, 0, 0, 0, 0, 0, 0, 0, 0, 0, 0, 0, 0, 0, 0, 0, 0, 0, 0, 0, 0, 0, 0, 0, 0, 0, 0, 0, 0, 0, 0, 0, 0, 0, 0, 0, 0, 0.0044733942, 0.004479212, 0.004634674, 0.005076688, 0.005553805, 0.005783389, 0.0062152757, 0.0066135013, 0.0068016513, 0.007159547, 0.007494928, 0.0078091347, 0.007958595, 0.008242994, 0.008509514, 0.008636784, 0.00888016, 0.009110129, 0.009327996, 0.009432653, 0.009633575, 0.009823193, 0.009913498, 0.010084334, 0.010241782, 0.0103155775, 0.010453613, 0.010579693, 0.010694295, 0.010747511, 0.010845879, 0.010933405, 0.010973135, 0.011043944, 0.01110273, 0.01114906, 0.011167661, 0.011196803, 0.011216314, 0.011222692, 0.011229403, 0.011227544, 0.011223282, 0.01120717, 0.011179337, 0.011138213, 0.01111233, 0.011049957, 0.0109749, 0.010933177, 0.010841955, 0.01074017, 0.010626684, 0.010564956, 0.010430442, 0.010280591, 0.010199375, 0.010024073, 0.009831351, 0.00972903, 0.009513317, 0.009284391, 0.009042401, 0.008915896, 0.008649169, 0.008359175, 0.008202863, 0.00786126, 0.0074713556, 0.0070237257, 0.006778008, 0.006260133, 0.0058020274, 0.005683697, 0.006093085, 0.008230354
0, 0, 0, 0, 0, 0, 0, 0, 0, 0, 0, 0, 0, 0, 0, 0, 0, 0, 0, 0, 0, 0, 0, 0, 0, 0, 0, 0, 0, 0, 0, 0, 0, 0, 0, 0, 0, 0, 0, 0, 0, 0, 0, 0, 0, 0, 0, 0, 0, 0, 0, 0, 0, 0, 0, 0, 0, 0, 0, 0, 0, 0, 0, 0, 0, 0, 0, 0, 0, 0, 0, 0, 0, 0, 0.0044640494, 0.0045472975, 0.004725944, 0.005188413, 0.005663566, 0.0058877924, 0.0063048, 0.0066870674, 0.006867822, 0.0072129085, 0.0075385193, 0.00784622, 0.007993243, 0.0082739005, 0.008537319, 0.00866294, 0.0089025395, 0.009128108, 0.009340897, 0.009442928, 0.009638511, 0.009822222, 0.009909265, 0.010072872, 0.010221773, 0.0102906935, 0.01041811, 0.010532765, 0.010636134, 0.010683959, 0.010772452, 0.010852093, 0.010888557, 0.010954863, 0.011011072, 0.011056768, 0.011075563, 0.0111053735, 0.011125446, 0.0111319395, 0.0111377, 0.0111334985, 0.011127569, 0.01110758, 0.011075687, 0.0110313315, 0.011004395, 0.010941551, 0.01086851, 0.010828824, 0.0107434625, 0.010650225, 0.010547196, 0.010491386, 0.01036918, 0.010230906, 0.0101548, 0.009987231, 0.009798365, 0.009696216, 0.009477445, 0.009241133, 0.008988196, 0.008855083, 0.008573425, 0.008266799, 0.00810154, 0.007740454, 0.0073274393, 0.006849941, 0.00658489, 0.006012663, 0.0054533323, 0.0052395165, 0.005146684, 0
0, 0, 0, 0, 0, 0, 0, 0, 0, 0, 0, 0, 0, 0, 0, 0, 0, 0, 0, 0, 0, 0, 0, 0, 0, 0, 0, 0, 0, 0, 0, 0, 0, 0, 0, 0, 0, 0, 0, 0, 0, 0, 0, 0, 0, 0, 0, 0, 0, 0, 0, 0, 0, 0, 0, 0, 0, 0, 0, 0, 0, 0, 0, 0, 0, 0, 0, 0, 0, 0, 0, 0, 0, 0.006891687, 0.005144024, 0.0048139165, 0.004913067, 0.00529141, 0.005722565, 0.005931424, 0.006325465, 0.0066907224, 0.006864693, 0.007198711, 0.007516964, 0.007820516, 0.007966611, 0.00824725, 0.008512207, 0.008638772, 0.008880319, 0.009107316, 0.009320937, 0.009423046, 0.009618547, 0.009801499, 0.0098878825, 0.010049521, 0.010195512, 0.0102626365, 0.010385626, 0.010494913, 0.010592405, 0.010637217, 0.010719941, 0.010794397, 0.010828819, 0.010891746, 0.0109460745, 0.010991064, 0.011009914, 0.011040186, 0.0110606225, 0.011067039, 0.011072082, 0.011065896, 0.0110583585, 0.01103426, 0.010997782, 0.010948826, 0.010919942, 0.010854091, 0.010779115, 0.010738787, 0.010653097, 0.010560455, 0.010459354, 0.010404875, 0.010286424, 0.010152308, 0.010078144, 0.0099136, 0.009725493, 0.009622396, 0.009398736, 0.009153, 0.008885923, 0.008744041, 0.008442878, 0.008115205, 0.007939572, 0.0075594615, 0.007131566, 0.0066451854, 0.0063789687, 0.005814449, 0.0052852468, 0.0050990605, 0.0050890697, 0
0, 0, 0, 0, 0, 0, 0, 0, 0, 0, 0, 0, 0, 0, 0, 0, 0, 0, 0, 0, 0, 0, 0, 0, 0, 0, 0, 0, 0, 0, 0, 0, 0, 0, 0, 0, 0, 0, 0, 0, 0, 0, 0, 0, 0, 0, 0, 0, 0, 0, 0, 0, 0, 0, 0, 0, 0, 0, 0, 0, 0, 0, 0, 0, 0, 0, 0, 0, 0, 0, 0, 0, 0, 0.00563706, 0.0049300045, 0.0047998, 0.004909692, 0.0052708946, 0.0056802514, 0.0058810897, 0.0062644947, 0.0066241105, 0.006796297, 0.0071282564, 0.007445981, 0.007750556, 0.007897829, 0.0081820665, 0.008451725, 0.008580912, 0.008827725, 0.009059427, 0.009276973, 0.009380729, 0.009578672, 0.009763876, 0.009851377, 0.010015473, 0.010164194, 0.010232707, 0.01035847, 0.010470161, 0.01056949, 0.010614853, 0.010698383, 0.0107729705, 0.010807178, 0.010869352, 0.010922625, 0.01096631, 0.01098438, 0.011013133, 0.011031765, 0.011037288, 0.011040192, 0.011031652, 0.011022745, 0.010995755, 0.01095617, 0.010904151, 0.010873608, 0.010804269, 0.010725226, 0.010682421, 0.010591061, 0.010491505, 0.010383265, 0.01032517, 0.010199698, 0.010059261, 0.009982359, 0.0098127425, 0.00961981, 0.009514126, 0.00928392, 0.009028669, 0.008748321, 0.008598522, 0.008279288, 0.007932403, 0.0077476995, 0.007352831, 0.006918685, 0.006440743, 0.006187413, 0.0056805345, 0.0052967574, 0.0052462104, 0.0056849653, 0
0, 0, 0, 0, 0, 0, 0, 0, 0, 0, 0, 0, 0, 0, 0, 0, 0, 0, 0, 0, 0, 0, 0, 0, 0, 0, 0, 0, 0, 0, 0, 0, 0, 0, 0, 0, 0, 0, 0, 0, 0, 0, 0, 0, 0, 0, 0, 0, 0, 0, 0, 0, 0, 0, 0, 0, 0, 0, 0, 0, 0, 0, 0, 0, 0, 0, 0, 0, 0, 0, 0, 0, 0, 0.0046766377, 0.0043652216, 0.0044822968, 0.004652938, 0.0050745406, 0.005511125, 0.00572134, 0.0061208797, 0.006494573, 0.006673075, 0.007016306, 0.007343124, 0.0076553244, 0.00780611, 0.0080969455, 0.008373181, 0.008505763, 0.008758883, 0.008996361, 0.009218777, 0.009324671, 0.009526428, 0.009715262, 0.009804851, 0.009973958, 0.010129274, 0.010201588, 0.0103357565, 0.010456324, 0.010564035, 0.01061343, 0.010703755, 0.0107835345, 0.010819674, 0.010884331, 0.010938505, 0.010981505, 0.010998698, 0.011024811, 0.011040026, 0.011043574, 0.011042403, 0.011029934, 0.011019414, 0.010989367, 0.010947352, 0.010893267, 0.010861593, 0.010789407, 0.010705691, 0.010659837, 0.010560419, 0.010450609, 0.01032973, 0.010264737, 0.010124533, 0.009969206, 0.009885211, 0.009702441, 0.009498169, 0.009387397, 0.0091474615, 0.008882323, 0.008590724, 0.008434625, 0.008100821, 0.0077379975, 0.007545476, 0.0071371477, 0.006695202, 0.0062195575, 0.0059727817, 0.0054975483, 0.0052031116, 0.005257063, 0.0063115945, 0
0, 0, 0, 0, 0, 0, 0, 0, 0, 0, 0, 0, 0, 0, 0, 0, 0, 0, 0, 0, 0, 0, 0, 0, 0, 0, 0, 0, 0, 0, 0, 0, 0, 0, 0, 0, 0, 0, 0, 0, 0, 0, 0, 0, 0, 0, 0, 0, 0, 0, 0, 0, 0, 0, 0, 0, 0, 0, 0, 0, 0, 0, 0, 0, 0, 0, 0, 0, 0, 0, 0, 0, 0, 0.003978858, 0.0038173066, 0.004072066, 0.0042912522, 0.0047811866, 0.0052642548, 0.005493473, 0.005925598, 0.0063269367, 0.0065176566, 0.0068817176, 0.007224898, 0.0075495625, 0.00770546, 0.008005058, 0.008288575, 0.008424493, 0.0086842505, 0.008928081, 0.009156321, 0.009264768, 0.00947157, 0.009665488, 0.009757834, 0.009933459, 0.01009676, 0.01017373, 0.0103181545, 0.0104498835, 0.0105687035, 0.010623305, 0.01072294, 0.01081025, 0.010849354, 0.01091845, 0.010975285, 0.0110193025, 0.011036379, 0.011061123, 0.011073512, 0.011074973, 0.01106904, 0.011051013, 0.011037693, 0.011002446, 0.010955987, 0.010898078, 0.010864727, 0.010788998, 0.010700919, 0.010652346, 0.010546019, 0.01042709, 0.010294085, 0.010222099, 0.010066177, 0.009893751, 0.009801055, 0.009601871, 0.009382602, 0.0092650885, 0.00901318, 0.008737414, 0.008435713, 0.008274405, 0.007929367, 0.007553547, 0.0073537203, 0.0069298437, 0.0064725787, 0.0059839073, 0.005732187, 0.0052469494, 0.004905403, 0.0048658676, 0.005112977, 0
0, 0, 0, 0, 0, 0, 0, 0, 0, 0, 0, 0, 0, 0, 0, 0, 0, 0, 0, 0, 0, 0, 0, 0, 0, 0, 0, 0, 0, 0, 0, 0, 0, 0, 0, 0, 0, 0, 0, 0, 0, 0, 0, 0, 0, 0, 0, 0, 0, 0, 0, 0, 0, 0, 0, 0, 0, 0, 0, 0, 0, 0, 0, 0, 0, 0, 0, 0, 0, 0, 0, 0, 0, 0.0035224669, 0.0034462425, 0.0037643681, 0.004004153, 0.004525597, 0.005036307, 0.0052790935, 0.0057378057, 0.006164266, 0.0063664895, 0.0067510745, 0.0071108723, 0.0074482164, 0.0076092766, 0.00791731, 0.008207787, 0.008346872, 0.008613212, 0.008863832, 0.009099038, 0.0092111025, 0.009424715, 0.009625306, 0.009721091, 0.009903821, 0.0100748, 0.010155868, 0.010308834, 0.010449545, 0.010577292, 0.010636052, 0.010742939, 0.010836013, 0.0108773885, 0.010950269, 0.011009881, 0.011056237, 0.01107429, 0.0110999625, 0.011112078, 0.011112775, 0.011103484, 0.011080205, 0.011063413, 0.011020447, 0.010965914, 0.010900389, 0.010863635, 0.010781704, 0.010688501, 0.010637462, 0.010526308, 0.0104016, 0.010261314, 0.0101848, 0.010018334, 0.0098335305, 0.009734208, 0.009521803, 0.009290084, 0.0091668, 0.008904261, 0.008619414, 0.008310005, 0.008144952, 0.00779251, 0.007407311, 0.0072014807, 0.0067616696, 0.0062835007, 0.0057727876, 0.0055134334, 0.005039293, 0.00480084, 0.004879352, 0.0054857233, 0
0, 0, 0, 0, 0, 0, 0, 0, 0, 0, 0, 0, 0, 0, 0, 0, 0, 0, 0, 0, 0, 0, 0, 0, 0, 0, 0, 0, 0, 0, 0, 0, 0, 0, 0, 0, 0, 0, 0, 0, 0, 0, 0, 0, 0, 0, 0, 0, 0, 0, 0, 0, 0, 0, 0, 0, 0, 0, 0, 0, 0, 0, 0, 0, 0, 0, 0, 0, 0, 0, 0, 0, 0, 0.0034632063, 0.0033970515, 0.0036849424, 0.003909101, 0.0044080247, 0.0049094018, 0.005151565, 0.005615182, 0.0060507813, 0.006258444, 0.0066535254, 0.0070228097, 0.007368119, 0.0075323475, 0.007845958, 0.008141486, 0.008283173, 0.008555276, 0.008812551, 0.009055318, 0.00917125, 0.0093927225, 0.009600699, 0.009699952, 0.009889049, 0.010065876, 0.010149791, 0.0103082, 0.010453809, 0.010585874, 0.010646542, 0.010756403, 0.0108513655, 0.010893528, 0.010967518, 0.011028353, 0.011076416, 0.011095572, 0.011123766, 0.011137992, 0.011139396, 0.011129957, 0.011103832, 0.011084503, 0.011034208, 0.010969875, 0.010893852, 0.0108519355, 0.010760628, 0.010659957, 0.010605961, 0.01049008, 0.010361746, 0.0102183055, 0.010139993, 0.009969497, 0.009779747, 0.009677646, 0.009459395, 0.009221964, 0.009095847, 0.008828522, 0.008540014, 0.008228372, 0.008062808, 0.007709619, 0.0073228423, 0.0071148938, 0.0066660265, 0.006169445, 0.0056302752, 0.005354937, 0.004863383, 0.0047121956, 0.0049601, 0.0066145384, 0
0, 0, 0, 0, 0, 0, 0, 0, 0, 0, 0, 0, 0, 0, 0, 0, 0, 0, 0, 0, 0, 0, 0, 0, 0, 0, 0, 0, 0, 0, 0, 0, 0, 0, 0, 0, 0, 0, 0, 0, 0, 0, 0, 0, 0, 0, 0, 0, 0, 0, 0, 0, 0, 0, 0, 0, 0, 0, 0, 0, 0, 0, 0, 0, 0, 0, 0, 0, 0, 0, 0, 0, 0, 0.00438499, 0.0036960666, 0.0038159026, 0.0039977017, 0.0044405083, 0.0049069254, 0.0051369686, 0.0055839955, 0.0060102735, 0.006215007, 0.006607177, 0.0069754655, 0.007321041, 0.0074857627, 0.0078007765, 0.008098567, 0.008241701, 0.008517455, 0.008779399, 0.00902784, 0.009146771, 0.009374079, 0.009587518, 0.009689126, 0.009882351, 0.010062774, 0.010148163, 0.010309207, 0.010457057, 0.010590535, 0.010651505, 0.010761718, 0.010856222, 0.01089788, 0.010970808, 0.011030792, 0.011078624, 0.01109809, 0.011127652, 0.0111438865, 0.011146481, 0.011139208, 0.011113513, 0.011093496, 0.011039479, 0.010968494, 0.0108834505, 0.010836612, 0.010735454, 0.010625703, 0.010567628, 0.010444967, 0.010311566, 0.010164673, 0.010085278, 0.009913077, 0.009722441, 0.009620111, 0.009401471, 0.009164252, 0.009038572, 0.008772847, 0.008487648, 0.008181152, 0.008019154, 0.007674852, 0.0072981142, 0.007095092, 0.0066538, 0.0061574075, 0.005603895, 0.0053127864, 0.004757967, 0.0044218376, 0.004424606, 0, 0
0, 0, 0, 0, 0, 0, 0, 0, 0, 0, 0, 0, 0, 0, 0, 0, 0, 0, 0, 0, 0, 0, 0, 0, 0, 0, 0, 0, 0, 0, 0, 0, 0, 0, 0, 0, 0, 0, 0, 0, 0, 0, 0, 0, 0, 0, 0, 0, 0, 0, 0, 0, 0, 0, 0, 0, 0, 0, 0, 0, 0, 0, 0, 0, 0, 0, 0, 0, 0, 0, 0, 0, 0, 0.0040119905, 0.003762276, 0.0039606816, 0.0041424055, 0.0045612096, 0.0049960166, 0.0052109254, 0.005630969, 0.006035759, 0.0062316605, 0.0066094794, 0.0069677057, 0.0073066237, 0.0074692145, 0.007781734, 0.008078617, 0.00822182, 0.0084981695, 0.008761443, 0.009011226, 0.0091309035, 0.009359605, 0.009573869, 0.00967589, 0.009869943, 0.0100513315, 0.010137438, 0.010300228, 0.010450039, 0.01058536, 0.010647196, 0.010758573, 0.010853412, 0.010894935, 0.010966771, 0.011025282, 0.011071231, 0.011089694, 0.011117844, 0.011133879, 0.011136736, 0.01113074, 0.011107062, 0.011087936, 0.011035007, 0.010963465, 0.010875577, 0.010826479, 0.010719532, 0.010602376, 0.010540238, 0.010408809, 0.010266848, 0.010112442, 0.010029727, 0.009852525, 0.009658425, 0.009555037, 0.009335443, 0.009098903, 0.008974296, 0.008712547, 0.00843404, 0.008137456, 0.007981752, 0.007652959, 0.0072962283, 0.0071049165, 0.0066902237, 0.006223957, 0.005704328, 0.005432657, 0.0049305554, 0.004683181, 0.004748782, 0, 0
0, 0, 0, 0, 0, 0, 0, 0, 0, 0, 0, 0, 0, 0, 0, 0, 0, 0, 0, 0, 0, 0, 0, 0, 0, 0, 0, 0, 0, 0, 0, 0, 0, 0, 0, 0, 0, 0, 0, 0, 0, 0, 0, 0, 0, 0, 0, 0, 0, 0, 0, 0, 0, 0, 0, 0, 0, 0, 0, 0, 0, 0, 0, 0, 0, 0, 0, 0, 0, 0, 0, 0, 0, 0.0037674352, 0.0037920137, 0.004099687, 0.0042983927, 0.004715719, 0.005127622, 0.00532837, 0.0057195597, 0.0060975756, 0.0062815645, 0.0066392105, 0.0069822, 0.007310298, 0.0074691228, 0.007775892, 0.008069289, 0.008211195, 0.008485287, 0.008746335, 0.008993569, 0.009111757, 0.009337296, 0.009548404, 0.009648911, 0.0098407725, 0.010021327, 0.010107498, 0.010271974, 0.010424598, 0.010563732, 0.010627638, 0.010743089, 0.010841479, 0.0108843045, 0.010957732, 0.011015836, 0.011060298, 0.011077588, 0.011102972, 0.011116125, 0.011117914, 0.011110879, 0.011087969, 0.011070039, 0.011020613, 0.010953166, 0.010868949, 0.010821092, 0.010714783, 0.010595238, 0.010530616, 0.010391643, 0.010239425, 0.010073136, 0.009984522, 0.009795979, 0.009591882, 0.009484166, 0.009257506, 0.009016438, 0.008890651, 0.008628854, 0.008353557, 0.008063892, 0.007913207, 0.0075979414, 0.0072602676, 0.0070811375, 0.006697643, 0.00627548, 0.005823088, 0.0056017577, 0.0052702106, 0.005373516, 0.005696612, 0, 0
0, 0, 0, 0, 0, 0, 0, 0, 0, 0, 0, 0, 0, 0, 0, 0, 0, 0, 0, 0, 0, 0, 0, 0, 0, 0, 0, 0, 0, 0, 0, 0, 0, 0, 0, 0, 0, 0, 0, 0, 0, 0, 0, 0, 0, 0, 0, 0, 0, 0, 0, 0, 0, 0, 0, 0, 0, 0, 0, 0, 0, 0, 0, 0, 0, 0, 0, 0, 0, 0, 0, 0, 0.005422399, 0.0041724364, 0.0040074144, 0.0042889956, 0.0044800504, 0.004876742, 0.0052618543, 0.0054480745, 0.0058102193, 0.0061611244, 0.0063328077, 0.0066688345, 0.0069948924, 0.0073104696, 0.007464191, 0.0077636084, 0.008051799, 0.008191544, 0.008461867, 0.008719182, 0.008962444, 0.009078574, 0.009299944, 0.009507093, 0.0096059805, 0.009795068, 0.009974311, 0.010060448, 0.010225705, 0.010380586, 0.010523319, 0.010589359, 0.010709768, 0.010813406, 0.010858624, 0.010936088, 0.010996931, 0.011042462, 0.011059827, 0.011084079, 0.011095007, 0.011095452, 0.0110859675, 0.011062098, 0.011044441, 0.010997258, 0.010934146, 0.010855593, 0.01081061, 0.010709196, 0.010592059, 0.010527302, 0.010384864, 0.010224749, 0.010047016, 0.009951444, 0.009748068, 0.009528951, 0.009413949, 0.009173752, 0.008921079, 0.008790405, 0.008520379, 0.008239149, 0.007946092, 0.0077945325, 0.0074799173, 0.0071465117, 0.00697141, 0.0066010393, 0.0062031597, 0.0057964553, 0.005613701, 0.0054291245, 0.005921288, 0.006680308, 0, 0
0, 0, 0, 0, 0, 0, 0, 0, 0, 0, 0, 0, 0, 0, 0, 0, 0, 0, 0, 0, 0, 0, 0, 0, 0, 0, 0, 0, 0, 0, 0, 0, 0, 0, 0, 0, 0, 0, 0, 0, 0, 0, 0, 0, 0, 0, 0, 0, 0, 0, 0, 0, 0, 0, 0, 0, 0, 0, 0, 0, 0, 0, 0, 0, 0, 0, 0, 0, 0, 0, 0, 0, 0.0046755844, 0.0042253733, 0.0041961498, 0.0044679795, 0.0046438654, 0.005008776, 0.005364135, 0.005536362, 0.0058720866, 0.006198989, 0.0063598393, 0.0066766473, 0.0069868444, 0.007289789, 0.007438321, 0.007729324, 0.0080111325, 0.008148285, 0.008414417, 0.008668663, 0.008910058, 0.009025561, 0.009246019, 0.0094529465, 0.009551878, 0.009741245, 0.009920711, 0.01000684, 0.01017182, 0.0103262635, 0.010468729, 0.010535103, 0.01065714, 0.010763764, 0.0108110355, 0.010892847, 0.010958619, 0.011008892, 0.011028345, 0.011055833, 0.011068484, 0.011069064, 0.011058951, 0.011034034, 0.011015921, 0.010968302, 0.010906103, 0.010829809, 0.010786518, 0.0106887305, 0.010574904, 0.010511222, 0.010369215, 0.0102061, 0.010021765, 0.0099216215, 0.009706404, 0.009473224, 0.0093506, 0.009094517, 0.008825722, 0.008686866, 0.008400688, 0.008103358, 0.007794055, 0.007634166, 0.007302652, 0.00695187, 0.0067679617, 0.0063811326, 0.0059709684, 0.0055640815, 0.005389668, 0.005237645, 0.005610938, 0.005933697, 0, 0
0, 0, 0, 0, 0, 0, 0, 0, 0, 0, 0, 0, 0, 0, 0, 0, 0, 0, 0, 0, 0, 0, 0, 0, 0, 0, 0, 0, 0, 0, 0, 0, 0, 0, 0, 0, 0, 0, 0, 0, 0, 0, 0, 0, 0, 0, 0, 0, 0, 0, 0, 0, 0, 0, 0, 0, 0, 0, 0, 0, 0, 0, 0, 0, 0, 0, 0, 0, 0, 0, 0, 0.006041611, 0.0051846085, 0.004322964, 0.004284829, 0.004551635, 0.004720008, 0.0050663585, 0.0054031545, 0.005566572, 0.0058851843, 0.006195986, 0.0063490956, 0.0066516767, 0.006949368, 0.0072415713, 0.007385378, 0.007667666, 0.007942431, 0.008076747, 0.008338794, 0.008591337, 0.00883363, 0.008950379, 0.009174894, 0.00938716, 0.009488747, 0.009683094, 0.009865708, 0.009952552, 0.010117068, 0.010268545, 0.010406667, 0.010470964, 0.010589292, 0.010694273, 0.010741534, 0.010825986, 0.010896486, 0.0109534385, 0.0109765595, 0.011011763, 0.011030971, 0.011034399, 0.01102823, 0.011004942, 0.010986952, 0.010938621, 0.010874518, 0.010796038, 0.010751687, 0.010652482, 0.010538192, 0.010474786, 0.010333589, 0.010171194, 0.009986148, 0.009884811, 0.009665044, 0.009423952, 0.009295986, 0.009026889, 0.008742015, 0.008594097, 0.008288024, 0.00796818, 0.0076334574, 0.007459946, 0.007098258, 0.006713557, 0.006511239, 0.0060847066, 0.005635985, 0.005206093, 0.0050372817, 0.0049926895, 0.0058916053, 0.006878954, 0, 0
0, 0, 0, 0, 0, 0, 0, 0, 0, 0, 0, 0, 0, 0, 0, 0, 0, 0, 0, 0, 0, 0, 0, 0, 0, 0, 0, 0, 0, 0, 0, 0, 0, 0, 0, 0, 0, 0, 0, 0, 0, 0, 0, 0, 0, 0, 0, 0, 0, 0, 0, 0, 0, 0, 0, 0, 0, 0, 0, 0, 0, 0, 0, 0, 0, 0, 0, 0, 0, 0, 0, 0.0046732742, 0.0043608523, 0.004015894, 0.004148165, 0.0044777133, 0.0046608155, 0.0050220187, 0.005363526, 0.0055269827, 0.005842659, 0.006147654, 0.0062974473, 0.0065924297, 0.0068819, 0.007165923, 0.0073057152, 0.007580415, 0.007848218, 0.007979549, 0.008237078, 0.008487712, 0.008731251, 0.008850043, 0.009080656, 0.009300859, 0.00940657, 0.009608437, 0.00979663, 0.009885164, 0.010050421, 0.010199657, 0.01033329, 0.010394575, 0.010507403, 0.010608212, 0.010654338, 0.010738608, 0.010812306, 0.0108753815, 0.010902549, 0.010946968, 0.010976289, 0.010984524, 0.010987239, 0.010970756, 0.010955232, 0.010909469, 0.010845041, 0.010763603, 0.010717061, 0.010612918, 0.010494033, 0.010428924, 0.010285807, 0.010123852, 0.009940542, 0.009840233, 0.009621629, 0.009379115, 0.009248889, 0.008972093, 0.008674743, 0.008518983, 0.008193948, 0.007851324, 0.007490004, 0.0073016793, 0.006907206, 0.006484684, 0.0062615997, 0.0057897824, 0.0052940794, 0.004829816, 0.0046561197, 0.0046085925, 0.00506122, 0, 0, 0
0, 0, 0, 0, 0, 0, 0, 0, 0, 0, 0, 0, 0, 0, 0, 0, 0, 0, 0, 0, 0, 0, 0, 0, 0, 0, 0, 0, 0, 0, 0, 0, 0, 0, 0, 0, 0, 0, 0, 0, 0, 0, 0, 0, 0, 0, 0, 0, 0, 0, 0, 0, 0, 0, 0, 0, 0, 0, 0, 0, 0, 0, 0, 0, 0, 0, 0, 0, 0, 0, 0, 0.0036440287, 0.0035190699, 0.0035419648, 0.003869133, 0.004290165, 0.00449985, 0.004895523, 0.0052565327, 0.005426255, 0.0057494, 0.0060567986, 0.0062061856, 0.0064986427, 0.0067837, 0.007062301, 0.0071991524, 0.007467421, 0.007728916, 0.00785711, 0.008109265, 0.008356324, 0.008598784, 0.008718051, 0.008951484, 0.009176392, 0.009284707, 0.009492149, 0.009685052, 0.0097755445, 0.00994359, 0.010094042, 0.010227839, 0.010288949, 0.01040076, 0.01050048, 0.01054627, 0.010631037, 0.010707091, 0.010774589, 0.010804815, 0.010857007, 0.010896008, 0.010909598, 0.0109237125, 0.010918294, 0.010907929, 0.0108706, 0.010811828, 0.0107323695, 0.0106854495, 0.010578605, 0.0104552405, 0.010387759, 0.010240705, 0.0100769, 0.0098941745, 0.009794895, 0.009578818, 0.009337646, 0.0092073325, 0.008927471, 0.0086227935, 0.008461464, 0.008122396, 0.0077615203, 0.007378497, 0.007178269, 0.006757726, 0.0063067432, 0.0060682576, 0.005563558, 0.005033673, 0.0045471727, 0.004382405, 0.00450765, 0.005831388, 0, 0, 0
0, 0, 0, 0, 0, 0, 0, 0, 0, 0, 0, 0, 0, 0, 0, 0, 0, 0, 0, 0, 0, 0, 0, 0, 0, 0, 0, 0, 0, 0, 0, 0, 0, 0, 0, 0, 0, 0, 0, 0, 0, 0, 0, 0, 0, 0, 0, 0, 0, 0, 0, 0, 0, 0, 0, 0, 0, 0, 0, 0, 0, 0, 0, 0, 0, 0, 0, 0, 0, 0, 0, 0.0031777646, 0.0031287135, 0.0032743334, 0.0036637033, 0.0041140034, 0.0043332223, 0.0047432655, 0.0051152916, 0.005289207, 0.0056182947, 0.00592816, 0.006077626, 0.0063684173, 0.006650233, 0.006924326, 0.0070587066, 0.007322149, 0.0075783734, 0.0077039474, 0.007950488, 0.008192055, 0.008429448, 0.008546402, 0.008776071, 0.008998576, 0.009106157, 0.009312872, 0.009506634, 0.009598018, 0.009769509, 0.009925397, 0.010066041, 0.010130754, 0.01025011, 0.010356747, 0.0104056625, 0.010495434, 0.01057546, 0.010646303, 0.010678261, 0.010734644, 0.010779508, 0.01079701, 0.010820654, 0.010827097, 0.010823022, 0.010798856, 0.01075207, 0.010682552, 0.010639452, 0.010537376, 0.010415906, 0.010348178, 0.010199775, 0.010034491, 0.009851516, 0.00975256, 0.009538187, 0.009299022, 0.009169433, 0.008889705, 0.0085824, 0.008418737, 0.008071981, 0.0077002198, 0.007303688, 0.0070960056, 0.006660638, 0.006195536, 0.0059507056, 0.005436514, 0.004903036, 0.0044160318, 0.004240446, 0.004177732, 0, 0, 0, 0
0, 0, 0, 0, 0, 0, 0, 0, 0, 0, 0, 0, 0, 0, 0, 0, 0, 0, 0, 0, 0, 0, 0, 0, 0, 0, 0, 0, 0, 0, 0, 0, 0, 0, 0, 0, 0, 0, 0, 0, 0, 0, 0, 0, 0, 0, 0, 0, 0, 0, 0, 0, 0, 0, 0, 0, 0, 0, 0, 0, 0, 0, 0, 0, 0, 0, 0, 0, 0, 0, 0, 0.003887029, 0.0034997747, 0.0033706843, 0.0036467593, 0.0040335036, 0.004231738, 0.00461463, 0.0049724453, 0.0051420596, 0.0054652044, 0.0057704397, 0.005917499, 0.006202759, 0.0064789075, 0.0067473827, 0.006879068, 0.0071377633, 0.0073896935, 0.0075130393, 0.0077545126, 0.007989891, 0.0082196975, 0.008332345, 0.008552868, 0.008766013, 0.008869403, 0.0090693645, 0.009259046, 0.009350125, 0.009523715, 0.009686255, 0.009837212, 0.009908304, 0.010041334, 0.010161573, 0.010216657, 0.010317176, 0.010404883, 0.01048032, 0.010513562, 0.01057152, 0.010618259, 0.010637178, 0.0106655685, 0.010679785, 0.010681042, 0.010669655, 0.010637731, 0.010583518, 0.01054774, 0.010458757, 0.01034748, 0.010283861, 0.01014158, 0.009980583, 0.009800568, 0.009703141, 0.009491734, 0.009256105, 0.009128352, 0.008852284, 0.008547964, 0.00838522, 0.008038792, 0.007664925, 0.0072643473, 0.0070541855, 0.0066132084, 0.0061439145, 0.005898637, 0.0053920234, 0.004892886, 0.0045069735, 0.004430059, 0.0047070514, 0, 0, 0, 0
0, 0, 0, 0, 0, 0, 0, 0, 0, 0, 0, 0, 0, 0, 0, 0, 0, 0, 0, 0, 0, 0, 0, 0, 0, 0, 0, 0, 0, 0, 0, 0, 0, 0, 0, 0, 0, 0, 0, 0, 0, 0, 0, 0, 0, 0, 0, 0, 0, 0, 0, 0, 0, 0, 0, 0, 0, 0, 0, 0, 0, 0, 0, 0, 0, 0, 0, 0, 0, 0, 0.0056038448, 0.004150029, 0.003756321, 0.003545146, 0.0037202896, 0.0040227785, 0.00418766, 0.004520151, 0.0048442073, 0.0050015245, 0.005305782, 0.0055970317, 0.0057379343, 0.0060120253, 0.006277786, 0.006537427, 0.00666527, 0.0069173328, 0.007163879, 0.007284903, 0.007521569, 0.0077509717, 0.0079726335, 0.008080397, 0.00828992, 0.008491489, 0.008589327, 0.008779809, 0.008963409, 0.009052687, 0.009226208, 0.009392789, 0.009551686, 0.009627991, 0.00977347, 0.009907287, 0.009969301, 0.010082683, 0.010181063, 0.010263958, 0.010299784, 0.010360725, 0.010408402, 0.010427646, 0.01045708, 0.010474408, 0.010478152, 0.010474648, 0.010454094, 0.010413974, 0.010386014, 0.010312963, 0.01021736, 0.010161123, 0.01003273, 0.009883755, 0.0097141545, 0.009621304, 0.009418508, 0.009191057, 0.00906742, 0.008800107, 0.008505141, 0.008347138, 0.008009921, 0.0076443707, 0.007250177, 0.0070421947, 0.0066030254, 0.0061317324, 0.005884768, 0.005377937, 0.004902035, 0.0046184985, 0.0046616485, 0.0055235303, 0, 0, 0, 0
0, 0, 0, 0, 0, 0, 0, 0, 0, 0, 0, 0, 0, 0, 0, 0, 0, 0, 0, 0, 0, 0, 0, 0, 0, 0, 0, 0, 0, 0, 0, 0, 0, 0, 0, 0, 0, 0, 0, 0, 0, 0, 0, 0, 0, 0, 0, 0, 0, 0, 0, 0, 0, 0, 0, 0, 0, 0, 0, 0, 0, 0, 0, 0, 0, 0, 0, 0, 0, 0, 0.004195043, 0.0036670621, 0.0035283193, 0.0035312776, 0.0037343444, 0.004005806, 0.004149914, 0.0044413116, 0.004731103, 0.004873875, 0.0051538344, 0.005425195, 0.0055573974, 0.005815608, 0.006066773, 0.0063130762, 0.006435091, 0.006676486, 0.0069144014, 0.007031654, 0.0072616735, 0.0074844286, 0.0076985224, 0.007802003, 0.008001978, 0.008193578, 0.008286773, 0.00846887, 0.008646219, 0.008733217, 0.008904169, 0.0090701915, 0.009230571, 0.0093085235, 0.009458416, 0.009598781, 0.009664717, 0.009787118, 0.009895284, 0.009987973, 0.0100283455, 0.0100971265, 0.010150298, 0.010171386, 0.010203409, 0.010222173, 0.010226666, 0.01022512, 0.010208767, 0.010175619, 0.010152319, 0.0100909425, 0.010009406, 0.009961021, 0.009849148, 0.00971715, 0.009564217, 0.009479428, 0.009291734, 0.009078611, 0.008962115, 0.0087089045, 0.008428815, 0.008278877, 0.007959066, 0.007611934, 0.00723541, 0.007035028, 0.006606997, 0.0061373324, 0.005886427, 0.0053628064, 0.004869178, 0.0045889774, 0.004626931, 0.005072132, 0, 0, 0, 0
0, 0, 0, 0, 0, 0, 0, 0, 0, 0, 0, 0, 0, 0, 0, 0, 0, 0, 0, 0, 0, 0, 0, 0, 0, 0, 0, 0, 0, 0, 0, 0, 0, 0, 0, 0, 0, 0, 0, 0, 0, 0, 0, 0, 0, 0, 0, 0, 0, 0, 0, 0, 0, 0, 0, 0, 0, 0, 0, 0, 0, 0, 0, 0, 0, 0, 0, 0, 0, 0, 0.003302501, 0.0031676304, 0.0031938334, 0.0033941572, 0.0036713677, 0.0039561028, 0.0040952973, 0.0043678037, 0.0046339543, 0.0047650314, 0.0050230147, 0.005274059, 0.005396787, 0.0056369216, 0.005870577, 0.006100211, 0.0062140017, 0.0064402996, 0.006664533, 0.006775587, 0.006994817, 0.0072082314, 0.0074138753, 0.0075134276, 0.0077054054, 0.007889387, 0.007978898, 0.008154337, 0.008325983, 0.0084104445, 0.008576521, 0.008738069, 0.008893784, 0.008969352, 0.009114822, 0.009252188, 0.009317376, 0.009440879, 0.009553546, 0.009654575, 0.009700147, 0.009780374, 0.009844902, 0.009871031, 0.009910891, 0.009934188, 0.009939572, 0.009938093, 0.0099205915, 0.009886793, 0.009863885, 0.009806042, 0.009732072, 0.009688841, 0.009589984, 0.009473782, 0.009338182, 0.009262298, 0.009092682, 0.008897046, 0.008789152, 0.008552938, 0.008290643, 0.008150227, 0.007851631, 0.0075287726, 0.0071789348, 0.0069920784, 0.0065884185, 0.006135412, 0.00588789, 0.0053585335, 0.004850552, 0.0046129795, 0.0047673914, 0.0060458533, 0, 0, 0, 0
0, 0, 0, 0, 0, 0, 0, 0, 0, 0, 0, 0, 0, 0, 0, 0, 0, 0, 0, 0, 0, 0, 0, 0, 0, 0, 0, 0, 0, 0, 0, 0, 0, 0, 0, 0, 0, 0, 0, 0, 0, 0, 0, 0, 0, 0, 0, 0, 0, 0, 0, 0, 0, 0, 0, 0, 0, 0, 0, 0, 0, 0, 0, 0, 0, 0, 0, 0, 0, 0, 0.0034740274, 0.0030518272, 0.0030752, 0.0033121845, 0.0036182557, 0.003913158, 0.004052006, 0.0043155043, 0.0045668143, 0.0046892827, 0.004928868, 0.0051615685, 0.0052752914, 0.005496965, 0.0057124305, 0.00592332, 0.0060276776, 0.006235328, 0.006441569, 0.0065441392, 0.006747612, 0.006947167, 0.0071410835, 0.0072353887, 0.0074181845, 0.007593695, 0.007679283, 0.0078470465, 0.008011488, 0.00809261, 0.008251998, 0.008406691, 0.008554744, 0.008626083, 0.008762578, 0.008890757, 0.008951825, 0.009068379, 0.009178145, 0.0092807505, 0.009329083, 0.009417966, 0.009494037, 0.009526259, 0.009577451, 0.009609187, 0.009617459, 0.009618485, 0.009599749, 0.009562905, 0.009538356, 0.009478489, 0.009405402, 0.00936399, 0.009271524, 0.009164858, 0.009041669, 0.008972721, 0.008817637, 0.00863716, 0.008536967, 0.008316223, 0.008070105, 0.007938448, 0.00765966, 0.0073606116, 0.0070393807, 0.0068686325, 0.006500328, 0.0060862065, 0.005859051, 0.0053735524, 0.004907234, 0.0046494785, 0.0046768114, 0, 0, 0, 0, 0
0, 0, 0, 0, 0, 0, 0, 0, 0, 0, 0, 0, 0, 0, 0, 0, 0, 0, 0, 0, 0, 0, 0, 0, 0, 0, 0, 0, 0, 0, 0, 0, 0, 0, 0, 0, 0, 0, 0, 0, 0, 0, 0, 0, 0, 0, 0, 0, 0, 0, 0, 0, 0, 0, 0, 0, 0, 0, 0, 0, 0, 0, 0, 0, 0, 0, 0, 0, 0, 0, 0.0031956898, 0.0030527797, 0.0031082837, 0.0033521417, 0.003647558, 0.0039311876, 0.0040641795, 0.0043150648, 0.0045512835, 0.0046654968, 0.004887776, 0.005102677, 0.0052072634, 0.005410809, 0.0056078956, 0.005800054, 0.005894874, 0.006082766, 0.00626917, 0.0063619893, 0.0065465253, 0.0067286487, 0.0069067176, 0.0069934987, 0.007162606, 0.0073252143, 0.0074045504, 0.0075602895, 0.0077135097, 0.0077892705, 0.007939293, 0.008085299, 0.008225612, 0.008292894, 0.0084205335, 0.0085386755, 0.008594376, 0.00869985, 0.008799387, 0.008894377, 0.008940126, 0.009027391, 0.009106104, 0.009140915, 0.009199272, 0.009239034, 0.009250845, 0.009257562, 0.009241379, 0.009204721, 0.009179685, 0.009118292, 0.009044027, 0.00900263, 0.00891139, 0.008807981, 0.008689317, 0.00862327, 0.008475422, 0.008303821, 0.008208296, 0.007998074, 0.007763912, 0.0076388386, 0.0073745167, 0.007093585, 0.0067948657, 0.006637274, 0.0063012955, 0.0059329574, 0.0057381233, 0.005354941, 0.00509433, 0.0052341395, 0.0055361707, 0, 0, 0, 0, 0
0, 0, 0, 0, 0, 0, 0, 0, 0, 0, 0, 0, 0, 0, 0, 0, 0, 0, 0, 0, 0, 0, 0, 0, 0, 0, 0, 0, 0, 0, 0, 0, 0, 0, 0, 0, 0, 0, 0, 0, 0, 0, 0, 0, 0, 0, 0, 0, 0, 0, 0, 0, 0, 0, 0, 0, 0, 0, 0, 0, 0, 0, 0, 0, 0, 0, 0, 0, 0, 0.004513671, 0.003494184, 0.0032572125, 0.0032997434, 0.00351179, 0.0037740497, 0.0040310924, 0.0041530984, 0.0043846513, 0.0046022474, 0.0047071185, 0.0049104313, 0.005106279, 0.0052015106, 0.005386957, 0.0055659916, 0.005740339, 0.0058261384, 0.005995601, 0.006163504, 0.0062470436, 0.0064129843, 0.006576647, 0.0067362213, 0.0068140063, 0.0069648777, 0.007109559, 0.0071798377, 0.0073178886, 0.00745432, 0.0075222547, 0.00765836, 0.0077931467, 0.007924642, 0.007987936, 0.008107684, 0.008216573, 0.008266826, 0.008359602, 0.008444253, 0.008523369, 0.008561298, 0.0086341305, 0.008701546, 0.008732338, 0.008786232, 0.008825739, 0.008838665, 0.008849244, 0.008837692, 0.008805308, 0.008781983, 0.008723064, 0.008650283, 0.008609218, 0.008517752, 0.00841355, 0.008294017, 0.008227539, 0.008079488, 0.00790939, 0.007815635, 0.0076109916, 0.0073847864, 0.007264168, 0.007010096, 0.0067402255, 0.006453315, 0.0063023544, 0.005981, 0.0056341775, 0.005457737, 0.005152344, 0.005115123, 0.0058704484, 0.006747822, 0, 0, 0, 0, 0
0, 0, 0, 0, 0, 0, 0, 0, 0, 0, 0, 0, 0, 0, 0, 0, 0, 0, 0, 0, 0, 0, 0, 0, 0, 0, 0, 0, 0, 0, 0, 0, 0, 0, 0, 0, 0, 0, 0, 0, 0, 0, 0, 0, 0, 0, 0, 0, 0, 0, 0, 0, 0, 0, 0, 0, 0, 0, 0, 0, 0, 0, 0, 0, 0, 0, 0, 0, 0.0054602674, 0.004698626, 0.0037061856, 0.0034853306, 0.0035238508, 0.0037153207, 0.003952285, 0.0041870545, 0.004299465, 0.004513252, 0.004713933, 0.0048101647, 0.004995407, 0.005172891, 0.0052590924, 0.005427138, 0.0055896407, 0.005748182, 0.0058260877, 0.0059800795, 0.0061324514, 0.0062080035, 0.0063579897, 0.006504991, 0.0066469894, 0.0067156064, 0.0068473998, 0.0069716084, 0.0070315287, 0.007148539, 0.007264012, 0.007322065, 0.0074397204, 0.007558708, 0.0076770843, 0.007734578, 0.007843375, 0.007940843, 0.007984624, 0.008062873, 0.008129834, 0.008188433, 0.008215463, 0.008265572, 0.008311032, 0.008331854, 0.008368628, 0.008395786, 0.008404308, 0.008409879, 0.0083979005, 0.008368161, 0.008346933, 0.008292541, 0.008223644, 0.008183946, 0.008093972, 0.007988732, 0.007866102, 0.0077976175, 0.0076456787, 0.007472854, 0.0073787677, 0.0071762763, 0.006955422, 0.0068384544, 0.0065922164, 0.00632937, 0.006046941, 0.0058965664, 0.005573433, 0.0052195713, 0.0050385757, 0.004726933, 0.004703909, 0.0055267345, 0.0064243064, 0, 0, 0, 0, 0
0, 0, 0, 0, 0, 0, 0, 0, 0, 0, 0, 0, 0, 0, 0, 0, 0, 0, 0, 0, 0, 0, 0, 0, 0, 0, 0, 0, 0, 0, 0, 0, 0, 0, 0, 0, 0, 0, 0, 0, 0, 0, 0, 0, 0, 0, 0, 0, 0, 0, 0, 0, 0, 0, 0, 0, 0, 0, 0, 0, 0, 0, 0, 0, 0, 0, 0, 0, 0.004099767, 0.003837646, 0.0034997212, 0.0035340472, 0.0036265166, 0.003863503, 0.004111636, 0.0043466385, 0.0044576027, 0.004666681, 0.004859911, 0.004951378, 0.0051258584, 0.005290837, 0.0053704395, 0.0055252654, 0.00567533, 0.0058217873, 0.0058937958, 0.00603605, 0.006175974, 0.0062451116, 0.0063814158, 0.006513912, 0.006640545, 0.0067009497, 0.006815282, 0.0069214064, 0.0069717523, 0.007069045, 0.0071638557, 0.007211426, 0.0073078955, 0.007406467, 0.007504857, 0.007552802, 0.0076428307, 0.0077219666, 0.007756519, 0.007815876, 0.007862727, 0.007900039, 0.007915979, 0.0079429895, 0.007964724, 0.00797361, 0.007986925, 0.007992533, 0.007991528, 0.007980867, 0.007957563, 0.007921749, 0.007899193, 0.007845138, 0.0077784206, 0.0077399155, 0.007651853, 0.0075465785, 0.007421793, 0.0073514627, 0.0071949093, 0.0070181573, 0.0069228746, 0.006720498, 0.0065028337, 0.006388655, 0.006148571, 0.005890771, 0.0056107473, 0.005460541, 0.0051351213, 0.0047778925, 0.0045957877, 0.004287713, 0.0042456323, 0.004613616, 0, 0, 0, 0, 0, 0
0, 0, 0, 0, 0, 0, 0, 0, 0, 0, 0, 0, 0, 0, 0, 0, 0, 0, 0, 0, 0, 0, 0, 0, 0, 0, 0, 0, 0, 0, 0, 0, 0, 0, 0, 0, 0, 0, 0, 0, 0, 0, 0, 0, 0, 0, 0, 0, 0, 0, 0, 0, 0, 0, 0, 0, 0, 0, 0, 0, 0, 0, 0, 0, 0, 0, 0, 0, 0.003301645, 0.0032251326, 0.0032460566, 0.003480713, 0.0036292146, 0.003930904, 0.004211981, 0.004466837, 0.00458507, 0.0048049022, 0.005004566, 0.0050979014, 0.0052730865, 0.0054358556, 0.005513536, 0.005663885, 0.0058088265, 0.0059497124, 0.0060186246, 0.0061535034, 0.0062845536, 0.006348372, 0.006472585, 0.0065908614, 0.0067022624, 0.006755109, 0.0068542077, 0.006945435, 0.006988403, 0.007070316, 0.0071489704, 0.00718754, 0.007264168, 0.0073398147, 0.0074127885, 0.007447243, 0.0075097536, 0.007561713, 0.0075832605, 0.007617852, 0.007642755, 0.0076602204, 0.0076666484, 0.007675636, 0.007678996, 0.007678279, 0.007670868, 0.0076539926, 0.007641268, 0.0076074735, 0.0075631933, 0.0075105308, 0.007481542, 0.0074184495, 0.007347594, 0.007308181, 0.0072194533, 0.0071138334, 0.0069875764, 0.006916031, 0.0067561413, 0.0065756286, 0.0064789355, 0.006274574, 0.00605743, 0.0059442515, 0.0057066423, 0.0054510385, 0.0051724864, 0.0050228327, 0.0047028586, 0.0043659825, 0.0042057727, 0.003990548, 0.0042049857, 0.005382528, 0, 0, 0, 0, 0, 0
0, 0, 0, 0, 0, 0, 0, 0, 0, 0, 0, 0, 0, 0, 0, 0, 0, 0, 0, 0, 0, 0, 0, 0, 0, 0, 0, 0, 0, 0, 0, 0, 0, 0, 0, 0, 0, 0, 0, 0, 0, 0, 0, 0, 0, 0, 0, 0, 0, 0, 0, 0, 0, 0, 0, 0, 0, 0, 0, 0, 0, 0, 0, 0, 0, 0, 0, 0.005046219, 0.003790866, 0.0034563905, 0.0033011406, 0.003489805, 0.0036317396, 0.0039400486, 0.00424633, 0.0045362874, 0.00467397, 0.004932585, 0.0051687914, 0.005278745, 0.005483613, 0.0056714234, 0.0057600285, 0.005929102, 0.006089731, 0.006243288, 0.0063171675, 0.0064578285, 0.006586948, 0.006646277, 0.0067542074, 0.00684821, 0.0069295145, 0.0069667054, 0.0070358147, 0.0071006487, 0.0071322666, 0.007193989, 0.0072530545, 0.00728073, 0.0073302966, 0.0073690573, 0.007394067, 0.007400954, 0.007404054, 0.0073946244, 0.0073865163, 0.0073662046, 0.0073446888, 0.007324675, 0.0073153703, 0.0072975224, 0.0072771762, 0.0072644236, 0.0072309324, 0.007182844, 0.0071523734, 0.007079542, 0.006993064, 0.00689847, 0.006849822, 0.00675212, 0.006655132, 0.006606429, 0.006505181, 0.0063938107, 0.0062654526, 0.006193246, 0.0060313134, 0.005847528, 0.0057483255, 0.0055384454, 0.005315653, 0.005199771, 0.0049581956, 0.004697422, 0.004409569, 0.0042540147, 0.0039268387, 0.0036258213, 0.0035284539, 0.0036296828, 0.004507015, 0, 0, 0, 0, 0, 0, 0
0, 0, 0, 0, 0, 0, 0, 0, 0, 0, 0, 0, 0, 0, 0, 0, 0, 0, 0, 0, 0, 0, 0, 0, 0, 0, 0, 0, 0, 0, 0, 0, 0, 0, 0, 0, 0, 0, 0, 0, 0, 0, 0, 0, 0, 0, 0, 0, 0, 0, 0, 0, 0, 0, 0, 0, 0, 0, 0, 0, 0, 0, 0, 0, 0, 0, 0, 0.003697319, 0.0032531961, 0.0031500084, 0.0032021217, 0.0034391177, 0.0035845616, 0.0038913079, 0.004198087, 0.004494892, 0.004637432, 0.0049092337, 0.00516019, 0.005278023, 0.0054987916, 0.0057025044, 0.005798987, 0.0059834924, 0.0061590066, 0.006326984, 0.0064077973, 0.006560981, 0.0066996934, 0.0067622834, 0.0068729753, 0.0069643958, 0.0070387884, 0.007071204, 0.007129626, 0.0071829665, 0.0072092586, 0.0072611705, 0.0073109646, 0.0073341946, 0.007374124, 0.00740167, 0.0074127708, 0.0074118143, 0.0073974472, 0.0073692333, 0.0073515275, 0.0073119407, 0.007271424, 0.0072327945, 0.0072143, 0.007178222, 0.0071401484, 0.00711871, 0.0070687495, 0.0070056776, 0.0069685304, 0.0068830815, 0.006785019, 0.0066786828, 0.006624053, 0.006514488, 0.0064062374, 0.006352537, 0.0062438394, 0.00612838, 0.005999169, 0.0059276023, 0.0057683843, 0.0055877347, 0.0054902686, 0.0052835257, 0.00506378, 0.00494953, 0.0047111576, 0.0044544246, 0.00416855, 0.0040111104, 0.0036712547, 0.0033425651, 0.0032286271, 0.0033151251, 0.0042097406, 0, 0, 0, 0, 0, 0, 0
0, 0, 0, 0, 0, 0, 0, 0, 0, 0, 0, 0, 0, 0, 0, 0, 0, 0, 0, 0, 0, 0, 0, 0, 0, 0, 0, 0, 0, 0, 0, 0, 0, 0, 0, 0, 0, 0, 0, 0, 0, 0, 0, 0, 0, 0, 0, 0, 0, 0, 0, 0, 0, 0, 0, 0, 0, 0, 0, 0, 0, 0, 0, 0, 0, 0, 0, 0.0028106926, 0.002740957, 0.0027933933, 0.0030302927, 0.0033398678, 0.003500427, 0.0038178908, 0.0041265828, 0.004424406, 0.004568274, 0.004843876, 0.0051010917, 0.005222626, 0.0054519726, 0.005665233, 0.005766851, 0.0059626624, 0.0061506275, 0.0063319863, 0.0064197993, 0.006587038, 0.006738863, 0.0068075005, 0.0069281966, 0.0070262854, 0.007104103, 0.007136709, 0.0071929656, 0.0072412523, 0.007263909, 0.007307429, 0.0073474864, 0.0073656663, 0.0073957797, 0.007413811, 0.007416647, 0.007411876, 0.0073905084, 0.0073557585, 0.007334403, 0.0072864923, 0.007234345, 0.0071800565, 0.0071524126, 0.0070948834, 0.0070328563, 0.0069992007, 0.006926047, 0.0068431026, 0.0067979167, 0.0067004547, 0.0065952297, 0.0064845034, 0.006427859, 0.006313747, 0.006199544, 0.0061424472, 0.0060267593, 0.005905958, 0.0057744505, 0.005703067, 0.005547386, 0.0053741867, 0.005281316, 0.0050852466, 0.004877047, 0.0047689797, 0.004544332, 0.004304438, 0.0040403404, 0.0038961086, 0.0035848024, 0.0032797826, 0.0031649536, 0.003121564, 0, 0, 0, 0, 0, 0, 0, 0
0, 0, 0, 0, 0, 0, 0, 0, 0, 0, 0, 0, 0, 0, 0, 0, 0, 0, 0, 0, 0, 0, 0, 0, 0, 0, 0, 0, 0, 0, 0, 0, 0, 0, 0, 0, 0, 0, 0, 0, 0, 0, 0, 0, 0, 0, 0, 0, 0, 0, 0, 0, 0, 0, 0, 0, 0, 0, 0, 0, 0, 0, 0, 0, 0, 0, 0, 0.0029630985, 0.0026749168, 0.0027192652, 0.002970068, 0.003289253, 0.0034504493, 0.0037643244, 0.00406539, 0.004354428, 0.0044942223, 0.004763587, 0.0050163246, 0.0051363106, 0.0053639943, 0.0055777472, 0.005680379, 0.005879169, 0.006072173, 0.0062602405, 0.0063519375, 0.00652801, 0.0066899373, 0.006763961, 0.006895851, 0.0070050335, 0.0070933863, 0.0071305605, 0.007194037, 0.0072462917, 0.0072692386, 0.0073098657, 0.007343603, 0.00735724, 0.007377569, 0.00738579, 0.007381137, 0.0073739137, 0.0073506683, 0.0073163537, 0.007295616, 0.0072480813, 0.0071929838, 0.007130527, 0.007096307, 0.007021375, 0.0069370684, 0.0068914727, 0.0067939386, 0.006689528, 0.0066354806, 0.0065248855, 0.0064129382, 0.0063001756, 0.0062436135, 0.0061288783, 0.0060118292, 0.0059518595, 0.005828414, 0.0056984513, 0.0055603352, 0.0054874634, 0.0053331903, 0.0051677227, 0.00508109, 0.0049004485, 0.004710343, 0.004611805, 0.0044066384, 0.0041902573, 0.0039608767, 0.0038428372, 0.003617558, 0.0034787825, 0.0034944967, 0.0038166456, 0, 0, 0, 0, 0, 0, 0, 0
0, 0, 0, 0, 0, 0, 0, 0, 0, 0, 0, 0, 0, 0, 0, 0, 0, 0, 0, 0, 0, 0, 0, 0, 0, 0, 0, 0, 0, 0, 0, 0, 0, 0, 0, 0, 0, 0, 0, 0, 0, 0, 0, 0, 0, 0, 0, 0, 0, 0, 0, 0, 0, 0, 0, 0, 0, 0, 0, 0, 0, 0, 0, 0, 0, 0, 0.004086608, 0.0031682537, 0.0028573014, 0.0028744668, 0.0030694765, 0.0033444588, 0.0034881185, 0.0037724702, 0.0040487875, 0.004315983, 0.0044458704, 0.00469692, 0.004934485, 0.0050477735, 0.005263881, 0.0054687457, 0.0055676796, 0.005760549, 0.0059488593, 0.0061332723, 0.006223654, 0.0063978946, 0.0065596686, 0.006634686, 0.006770622, 0.0068870084, 0.0069850693, 0.0070278337, 0.0071025644, 0.0071647214, 0.0071916073, 0.0072368407, 0.0072703594, 0.007282177, 0.007295481, 0.007294955, 0.0072818757, 0.0072713615, 0.0072436207, 0.007208831, 0.0071891774, 0.007144657, 0.007092654, 0.0070307613, 0.0069952128, 0.0069137453, 0.0068184775, 0.006765818, 0.006652716, 0.0065322607, 0.0064709354, 0.0063486043, 0.006228976, 0.0061127315, 0.0060554272, 0.0059396327, 0.0058193784, 0.005756553, 0.005623951, 0.0054825363, 0.0053332928, 0.0052563203, 0.0050988863, 0.004937755, 0.0048559965, 0.004689715, 0.0045175366, 0.004428262, 0.004240729, 0.004039962, 0.003831079, 0.003731084, 0.0035853926, 0.0036575438, 0.0038711864, 0.0048825894, 0, 0, 0, 0, 0, 0, 0, 0
0, 0, 0, 0, 0, 0, 0, 0, 0, 0, 0, 0, 0, 0, 0, 0, 0, 0, 0, 0, 0, 0, 0, 0, 0, 0, 0, 0, 0, 0, 0, 0, 0, 0, 0, 0, 0, 0, 0, 0, 0, 0, 0, 0, 0, 0, 0, 0, 0, 0, 0, 0, 0, 0, 0, 0, 0, 0, 0, 0, 0, 0, 0, 0, 0, 0, 0.0040075392, 0.0032513076, 0.0030628145, 0.0030911933, 0.0032602425, 0.0034898901, 0.0036112848, 0.0038550838, 0.00409543, 0.0043300185, 0.004444596, 0.0046674344, 0.004879753, 0.0049817823, 0.0051777237, 0.0053647254, 0.005455746, 0.0056341067, 0.0058082617, 0.0059789377, 0.0060619935, 0.006222385, 0.006371374, 0.006440885, 0.006568122, 0.0066802464, 0.0067785326, 0.0068229977, 0.0069035515, 0.006973994, 0.0070051965, 0.0070582177, 0.0070967134, 0.007109623, 0.0071219406, 0.007116526, 0.007095476, 0.007080701, 0.0070448397, 0.007004239, 0.00698301, 0.0069383075, 0.0068893535, 0.0068330173, 0.006800613, 0.0067245066, 0.0066322465, 0.006580156, 0.0064653736, 0.006340679, 0.0062760278, 0.006146669, 0.006020087, 0.0058982996, 0.0058388133, 0.0057196347, 0.0055961367, 0.005530858, 0.0053918846, 0.005241499, 0.0050820913, 0.0050005508, 0.0048363497, 0.004674257, 0.0045943568, 0.0044362824, 0.0042764717, 0.0041935197, 0.0040164823, 0.0038196426, 0.0036067409, 0.003504162, 0.0033689938, 0.003525106, 0.0038297544, 0.0049883667, 0, 0, 0, 0, 0, 0, 0, 0
0, 0, 0, 0, 0, 0, 0, 0, 0, 0, 0, 0, 0, 0, 0, 0, 0, 0, 0, 0, 0, 0, 0, 0, 0, 0, 0, 0, 0, 0, 0, 0, 0, 0, 0, 0, 0, 0, 0, 0, 0, 0, 0, 0, 0, 0, 0, 0, 0, 0, 0, 0, 0, 0, 0, 0, 0, 0, 0, 0, 0, 0, 0, 0, 0, 0, 0.0033394245, 0.00314125, 0.0031900534, 0.003267517, 0.0034641288, 0.0036773246, 0.0037842682, 0.0039949873, 0.004200379, 0.0043998687, 0.0044969986, 0.0046856306, 0.0048656445, 0.004952612, 0.00512041, 0.0052820356, 0.0053612115, 0.0055168667, 0.0056690644, 0.0058170008, 0.0058887503, 0.0060256687, 0.006151625, 0.006209892, 0.006316551, 0.0064113257, 0.0064959424, 0.006535515, 0.0066094534, 0.0066774087, 0.006708659, 0.0067641707, 0.006806692, 0.0068217507, 0.0068371664, 0.0068318094, 0.0068075107, 0.006789715, 0.0067460304, 0.0066965623, 0.0066710333, 0.0066204676, 0.0065704514, 0.006517994, 0.0064893495, 0.006423265, 0.0063426667, 0.0062962496, 0.0061914423, 0.0060731685, 0.0060104225, 0.0058811116, 0.005751167, 0.0056242207, 0.0055622538, 0.0054397793, 0.005314909, 0.005249784, 0.0051114946, 0.0049609714, 0.0047997665, 0.004716464, 0.004548368, 0.004383076, 0.0043025287, 0.0041454616, 0.0039899587, 0.0039103907, 0.0037398818, 0.0035471052, 0.0033330133, 0.0032273603, 0.0030820668, 0.0032261342, 0.003531223, 0, 0, 0, 0, 0, 0, 0, 0, 0
0, 0, 0, 0, 0, 0, 0, 0, 0, 0, 0, 0, 0, 0, 0, 0, 0, 0, 0, 0, 0, 0, 0, 0, 0, 0, 0, 0, 0, 0, 0, 0, 0, 0, 0, 0, 0, 0, 0, 0, 0, 0, 0, 0, 0, 0, 0, 0, 0, 0, 0, 0, 0, 0, 0, 0, 0, 0, 0, 0, 0, 0, 0, 0, 0, 0.0039114645, 0.003244591, 0.0031462444, 0.0033098564, 0.0034221362, 0.0036510746, 0.0038661456, 0.003967517, 0.004159108, 0.004339255, 0.004509094, 0.00459032, 0.0047451695, 0.004890598, 0.00496041, 0.005094939, 0.0052246377, 0.0052882014, 0.0054136785, 0.0055366857, 0.0056561413, 0.0057136565, 0.005822143, 0.005919925, 0.005964342, 0.006044114, 0.006113121, 0.0061735613, 0.0062016807, 0.006255342, 0.0063068513, 0.0063316175, 0.006377437, 0.006415233, 0.006429544, 0.006445654, 0.006442841, 0.006420394, 0.006402411, 0.00635588, 0.0062999707, 0.006270461, 0.006211623, 0.0061553936, 0.0061007817, 0.0060728886, 0.006012732, 0.0059419977, 0.005901619, 0.0058096317, 0.00570299, 0.0056448914, 0.0055216234, 0.0053937696, 0.005266165, 0.005203541, 0.005081027, 0.00495944, 0.004897852, 0.004769101, 0.004630164, 0.0044796937, 0.0044006063, 0.00423775, 0.0040729395, 0.0039916052, 0.0038320157, 0.0036750867, 0.003595706, 0.0034304862, 0.003251559, 0.0030697733, 0.0029921676, 0.0029303897, 0.003106847, 0.0032506506, 0, 0, 0, 0, 0, 0, 0, 0, 0
0, 0, 0, 0, 0, 0, 0, 0, 0, 0, 0, 0, 0, 0, 0, 0, 0, 0, 0, 0, 0, 0, 0, 0, 0, 0, 0, 0, 0, 0, 0, 0, 0, 0, 0, 0, 0, 0, 0, 0, 0, 0, 0, 0, 0, 0, 0, 0, 0, 0, 0, 0, 0, 0, 0, 0, 0, 0, 0, 0, 0, 0, 0, 0, 0.0045121135, 0.0039896965, 0.0033519545, 0.0032820986, 0.003461429, 0.003578443, 0.0038139443, 0.004029772, 0.0041288943, 0.0043116887, 0.004476774, 0.004625992, 0.004695223, 0.0048229843, 0.0049379, 0.0049914042, 0.005092067, 0.005186861, 0.005233022, 0.005323137, 0.0054119127, 0.0054981625, 0.0055397376, 0.005617624, 0.0056866, 0.005717012, 0.005769318, 0.0058110184, 0.0058439435, 0.005858066, 0.0058839624, 0.005908361, 0.005920495, 0.005943855, 0.0059642657, 0.0059722746, 0.0059805824, 0.005975776, 0.005955273, 0.0059389304, 0.0058946363, 0.005838491, 0.0058076195, 0.005743514, 0.005679757, 0.00561778, 0.005587109, 0.005523948, 0.005455191, 0.0054174173, 0.0053331405, 0.0052364646, 0.005183605, 0.0050700773, 0.00494985, 0.0048278254, 0.004767728, 0.0046508275, 0.0045378273, 0.0044820406, 0.0043691127, 0.004250106, 0.0041205278, 0.0040512662, 0.0039043333, 0.0037489654, 0.0036698293, 0.003510418, 0.0033507654, 0.0032705476, 0.0031073934, 0.0029453721, 0.0028170245, 0.0027947086, 0.0029568598, 0.003627307, 0.0041408367, 0, 0, 0, 0, 0, 0, 0, 0, 0
0, 0, 0, 0, 0, 0, 0, 0, 0, 0, 0, 0, 0, 0, 0, 0, 0, 0, 0, 0, 0, 0, 0, 0, 0, 0, 0, 0, 0, 0, 0, 0, 0, 0, 0, 0, 0, 0, 0, 0, 0, 0, 0, 0, 0, 0, 0, 0, 0, 0, 0, 0, 0, 0, 0, 0, 0, 0, 0, 0, 0, 0, 0, 0, 0.004281469, 0.0038177238, 0.0033898633, 0.0034006408, 0.0035888131, 0.003703114, 0.0039322935, 0.0041437056, 0.004241177, 0.00441925, 0.0045767324, 0.0047145984, 0.0047762645, 0.0048862207, 0.0049798223, 0.0050212806, 0.0050947447, 0.0051589413, 0.005188244, 0.0052439156, 0.0052963784, 0.0053469026, 0.005371064, 0.005416053, 0.0054549105, 0.0054714563, 0.0054978137, 0.0055150143, 0.0055233375, 0.005524727, 0.0055235685, 0.0055188765, 0.005515988, 0.005509807, 0.0055029406, 0.00549877, 0.0054877847, 0.0054710335, 0.005445687, 0.005429001, 0.005386943, 0.005334394, 0.005304758, 0.005240752, 0.0051732636, 0.0051044202, 0.0050694253, 0.004998471, 0.004924219, 0.0048853946, 0.0048028, 0.0047121923, 0.0046638995, 0.0045613507, 0.004453784, 0.004344334, 0.0042901402, 0.00418459, 0.004083893, 0.0040349304, 0.0039381906, 0.0038390749, 0.0037328221, 0.003675548, 0.0035513262, 0.003414293, 0.0033418417, 0.003191064, 0.0030339828, 0.002953957, 0.0027935829, 0.0026455962, 0.0025603077, 0.002579857, 0.0028893813, 0.003687928, 0, 0, 0, 0, 0, 0, 0, 0, 0, 0
0, 0, 0, 0, 0, 0, 0, 0, 0, 0, 0, 0, 0, 0, 0, 0, 0, 0, 0, 0, 0, 0, 0, 0, 0, 0, 0, 0, 0, 0, 0, 0, 0, 0, 0, 0, 0, 0, 0, 0, 0, 0, 0, 0, 0, 0, 0, 0, 0, 0, 0, 0, 0, 0, 0, 0, 0, 0, 0, 0, 0, 0, 0, 0, 0.0034372834, 0.0033053388, 0.0032519314, 0.0034025414, 0.0036283403, 0.0037469862, 0.003976035, 0.0041855024, 0.0042819055, 0.004457949, 0.004611815, 0.004744175, 0.004802385, 0.004903705, 0.0049862647, 0.0050208755, 0.005079024, 0.005123672, 0.005141651, 0.005170335, 0.0051914435, 0.0052073663, 0.0052136257, 0.0052233627, 0.0052287965, 0.005230157, 0.0052296338, 0.005223525, 0.00521101, 0.0052022296, 0.005179592, 0.0051511596, 0.0051350426, 0.0051007625, 0.00506399, 0.0050452882, 0.005006918, 0.0049676853, 0.004926749, 0.0049050916, 0.004858361, 0.0048066895, 0.0047785523, 0.004718105, 0.0046522906, 0.0045814584, 0.004544591, 0.004467998, 0.00438844, 0.0043476853, 0.004264519, 0.004178676, 0.004134658, 0.004045025, 0.0039538364, 0.003862382, 0.0038170004, 0.0037280319, 0.0036411239, 0.0035986032, 0.0035147292, 0.003429942, 0.0033411572, 0.0032939315, 0.0031916797, 0.0030774893, 0.0030154954, 0.0028826303, 0.0027380737, 0.0026629576, 0.002514572, 0.0023954103, 0.0023775727, 0.0024451977, 0.0028263528, 0, 0, 0, 0, 0, 0, 0, 0, 0, 0, 0
0, 0, 0, 0, 0, 0, 0, 0, 0, 0, 0, 0, 0, 0, 0, 0, 0, 0, 0, 0, 0, 0, 0, 0, 0, 0, 0, 0, 0, 0, 0, 0, 0, 0, 0, 0, 0, 0, 0, 0, 0, 0, 0, 0, 0, 0, 0, 0, 0, 0, 0, 0, 0, 0, 0, 0, 0, 0, 0, 0, 0, 0, 0, 0.0036725143, 0.0030988278, 0.0030051114, 0.0030806602, 0.003309533, 0.0035681932, 0.003694219, 0.003930501, 0.004142899, 0.004239713, 0.00441586, 0.004568593, 0.0046984944, 0.004755285, 0.004853331, 0.0049325437, 0.0049656015, 0.0050191483, 0.0050571384, 0.005070265, 0.0050856387, 0.005086908, 0.005076451, 0.005067651, 0.005044082, 0.0050153737, 0.0050000334, 0.004968857, 0.0049369135, 0.0049033402, 0.0048854137, 0.004846064, 0.0048006475, 0.0047755116, 0.00472024, 0.0046592033, 0.0046272753, 0.0045615155, 0.0044953288, 0.004430617, 0.0043994356, 0.0043387553, 0.004279863, 0.0042507807, 0.004191554, 0.0041295276, 0.0040623196, 0.004026624, 0.003951118, 0.003872154, 0.0038319866, 0.0037511555, 0.003671602, 0.0036327573, 0.003557229, 0.0034846773, 0.0034140523, 0.0033794295, 0.0033096191, 0.003238646, 0.0032024458, 0.0031287135, 0.0030525734, 0.0029737714, 0.0029329546, 0.002847503, 0.0027554731, 0.0027058967, 0.0025975748, 0.002475288, 0.0024100058, 0.0022839976, 0.002220193, 0.002366371, 0.0025777987, 0.0030732127, 0, 0, 0, 0, 0, 0, 0, 0, 0, 0, 0
0, 0, 0, 0, 0, 0, 0, 0, 0, 0, 0, 0, 0, 0, 0, 0, 0, 0, 0, 0, 0, 0, 0, 0, 0, 0, 0, 0, 0, 0, 0, 0, 0, 0, 0, 0, 0, 0, 0, 0, 0, 0, 0, 0, 0, 0, 0, 0, 0, 0, 0, 0, 0, 0, 0, 0, 0, 0, 0, 0, 0, 0, 0, 0.00340532, 0.0028671604, 0.0028031704, 0.002915362, 0.0031610255, 0.0034298075, 0.0035593833, 0.0038014378, 0.004018177, 0.0041167014, 0.0042941365, 0.0044465642, 0.00457495, 0.004630636, 0.0047273682, 0.004805779, 0.0048391926, 0.004894352, 0.004934346, 0.0049481965, 0.0049626557, 0.0049588783, 0.0049365293, 0.0049190964, 0.004873091, 0.0048168944, 0.004786837, 0.004725162, 0.004665257, 0.0046076393, 0.0045796805, 0.004523617, 0.0044649704, 0.004433855, 0.004366105, 0.0042903526, 0.0042495723, 0.0041635223, 0.004074821, 0.0039867214, 0.003944207, 0.0038637521, 0.0037904999, 0.0037564365, 0.0036920882, 0.0036300272, 0.0035665834, 0.0035336022, 0.0034643568, 0.003391233, 0.0033540302, 0.0032798261, 0.0032085076, 0.0031746451, 0.003112309, 0.0030567057, 0.003005667, 0.0029809203, 0.0029309134, 0.0028771136, 0.0028483355, 0.0027864226, 0.0027190198, 0.0026484404, 0.0026125293, 0.0025404312, 0.0024678449, 0.0024307042, 0.002350804, 0.0022588423, 0.002207933, 0.002109589, 0.0020918727, 0.0024224864, 0.0029273387, 0.004503696, 0, 0, 0, 0, 0, 0, 0, 0, 0, 0, 0
0, 0, 0, 0, 0, 0, 0, 0, 0, 0, 0, 0, 0, 0, 0, 0, 0, 0, 0, 0, 0, 0, 0, 0, 0, 0, 0, 0, 0, 0, 0, 0, 0, 0, 0, 0, 0, 0, 0, 0, 0, 0, 0, 0, 0, 0, 0, 0, 0, 0, 0, 0, 0, 0, 0, 0, 0, 0, 0, 0, 0, 0, 0, 0.0026442513, 0.0025126205, 0.002538941, 0.0027176663, 0.0029714706, 0.0032365527, 0.0033650382, 0.0036065208, 0.0038245325, 0.0039235004, 0.004101913, 0.004253521, 0.0043800185, 0.0044349656, 0.004529462, 0.0046069664, 0.004640436, 0.0046973857, 0.00474143, 0.00475809, 0.0047788033, 0.004780381, 0.0047604605, 0.0047425083, 0.0046914527, 0.0046237744, 0.0045855697, 0.004504, 0.0044208467, 0.0043402677, 0.004301431, 0.00422696, 0.0041540815, 0.004117402, 0.0040410566, 0.0039579077, 0.003913275, 0.0038176333, 0.0037166362, 0.0036134447, 0.0035627556, 0.0034654448, 0.0033758648, 0.0033345842, 0.003258577, 0.0031897535, 0.0031250217, 0.003093039, 0.0030286764, 0.0029622293, 0.0029284558, 0.0028613457, 0.0027972574, 0.002767407, 0.002713775, 0.002668538, 0.0026306573, 0.0026133875, 0.00257887, 0.0025419476, 0.002521296, 0.0024751788, 0.002422181, 0.002364748, 0.0023351375, 0.0022774902, 0.0022232365, 0.0021975143, 0.0021466515, 0.0020927126, 0.002064797, 0.0020218692, 0.002050952, 0.0022361926, 0.0023543418, 0, 0, 0, 0, 0, 0, 0, 0, 0, 0, 0, 0
0, 0, 0, 0, 0, 0, 0, 0, 0, 0, 0, 0, 0, 0, 0, 0, 0, 0, 0, 0, 0, 0, 0, 0, 0, 0, 0, 0, 0, 0, 0, 0, 0, 0, 0, 0, 0, 0, 0, 0, 0, 0, 0, 0, 0, 0, 0, 0, 0, 0, 0, 0, 0, 0, 0, 0, 0, 0, 0, 0, 0, 0, 0.002595148, 0.0022633625, 0.0022369395, 0.0023046033, 0.0025155677, 0.0027649682, 0.0030159922, 0.0031377994, 0.0033690701, 0.0035804163, 0.0036772557, 0.0038517981, 0.004000844, 0.004124887, 0.004178539, 0.0042708437, 0.004346514, 0.0043793945, 0.0044365157, 0.004482458, 0.0045008296, 0.0045274887, 0.0045375773, 0.00452806, 0.0045155184, 0.0044745146, 0.0044136187, 0.0043768883, 0.004293509, 0.004201931, 0.0041076215, 0.004060848, 0.00396941, 0.003881666, 0.0038385575, 0.0037528006, 0.003663773, 0.003617387, 0.0035200913, 0.003416893, 0.003310307, 0.0032566031, 0.0031514133, 0.0030511443, 0.0030036634, 0.002915121, 0.0028349096, 0.00276212, 0.0027280098, 0.0026619716, 0.0025979334, 0.0025663485, 0.0025039236, 0.0024442016, 0.0024161679, 0.0023660385, 0.0023240806, 0.002290396, 0.0022760453, 0.0022498812, 0.0022248803, 0.002211494, 0.0021819128, 0.0021472815, 0.0021081448, 0.0020873467, 0.0020465353, 0.0020098279, 0.0019936564, 0.0019664348, 0.0019501615, 0.0019525269, 0.0020219907, 0.0023043414, 0.0029341565, 0.003209582, 0, 0, 0, 0, 0, 0, 0, 0, 0, 0, 0, 0
0, 0, 0, 0, 0, 0, 0, 0, 0, 0, 0, 0, 0, 0, 0, 0, 0, 0, 0, 0, 0, 0, 0, 0, 0, 0, 0, 0, 0, 0, 0, 0, 0, 0, 0, 0, 0, 0, 0, 0, 0, 0, 0, 0, 0, 0, 0, 0, 0, 0, 0, 0, 0, 0, 0, 0, 0, 0, 0, 0, 0, 0.0026341937, 0.0023930199, 0.002090574, 0.002089601, 0.0021569415, 0.0023501702, 0.0025716596, 0.0027942923, 0.0029031485, 0.0031114875, 0.003304455, 0.0033941672, 0.0035580161, 0.0037000761, 0.0038202924, 0.0038726598, 0.003963925, 0.00403926, 0.0040718555, 0.004128644, 0.004174175, 0.0041928575, 0.0042214976, 0.0042369775, 0.004237143, 0.0042311084, 0.0042056474, 0.0041627106, 0.004134645, 0.0040665655, 0.003984982, 0.0038934285, 0.0038451855, 0.0037464167, 0.0036473575, 0.0035983764, 0.0035018288, 0.003405632, 0.0033572863, 0.0032594677, 0.0031591773, 0.00305648, 0.003004773, 0.002901075, 0.0027988476, 0.002748927, 0.002652339, 0.002561556, 0.0024778314, 0.0024388754, 0.002365899, 0.00229896, 0.0022675635, 0.0022071889, 0.0021506727, 0.002124037, 0.0020749448, 0.0020323708, 0.0019968362, 0.0019816782, 0.0019556768, 0.0019344474, 0.0019250547, 0.0019069731, 0.0018879032, 0.0018662609, 0.001853894, 0.0018290163, 0.0018057488, 0.0017958663, 0.0017814469, 0.0017858858, 0.0018073313, 0.001965768, 0.0025450839, 0.004240244, 0.004952176, 0, 0, 0, 0, 0, 0, 0, 0, 0, 0, 0, 0
0, 0, 0, 0, 0, 0, 0, 0, 0, 0, 0, 0, 0, 0, 0, 0, 0, 0, 0, 0, 0, 0, 0, 0, 0, 0, 0, 0, 0, 0, 0, 0, 0, 0, 0, 0, 0, 0, 0, 0, 0, 0, 0, 0, 0, 0, 0, 0, 0, 0, 0, 0, 0, 0, 0, 0, 0, 0, 0, 0, 0, 0.002387987, 0.0021825868, 0.001983435, 0.0020043978, 0.0020616078, 0.0022188611, 0.0023991142, 0.002582742, 0.0026730534, 0.0028478352, 0.0030117487, 0.0030890964, 0.0032332507, 0.0033618456, 0.0034751906, 0.0035262227, 0.0036172941, 0.0036949809, 0.0037290442, 0.0037880118, 0.0038345382, 0.003853387, 0.0038813564, 0.0038972043, 0.003901301, 0.0038991175, 0.0038862024, 0.0038612725, 0.0038437694, 0.003798675, 0.0037390583, 0.0036648049, 0.0036229792, 0.0035308695, 0.0034317407, 0.0033804595, 0.003276989, 0.0031743078, 0.0031234298, 0.0030233148, 0.0029249948, 0.002827565, 0.0027790954, 0.0026818046, 0.0025843997, 0.002535661, 0.002438376, 0.0023424227, 0.0022503552, 0.0022066871, 0.002125172, 0.0020528412, 0.002020251, 0.0019610086, 0.0019083581, 0.0018839961, 0.0018381717, 0.0017964091, 0.0017585482, 0.0017414378, 0.00171139, 0.0016873712, 0.0016774695, 0.0016619744, 0.0016500066, 0.0016380566, 0.0016313193, 0.0016161982, 0.0015997876, 0.0015921204, 0.001583011, 0.0015976186, 0.0016275673, 0.0017917389, 0.0022266125, 0, 0, 0, 0, 0, 0, 0, 0, 0, 0, 0, 0, 0, 0
0, 0, 0, 0, 0, 0, 0, 0, 0, 0, 0, 0, 0, 0, 0, 0, 0, 0, 0, 0, 0, 0, 0, 0, 0, 0, 0, 0, 0, 0, 0, 0, 0, 0, 0, 0, 0, 0, 0, 0, 0, 0, 0, 0, 0, 0, 0, 0, 0, 0, 0, 0, 0, 0, 0, 0, 0, 0, 0, 0, 0.0025559796, 0.002122529, 0.001980153, 0.0018726155, 0.001913597, 0.001962612, 0.0020878352, 0.0022283073, 0.0023721217, 0.002443087, 0.0025806334, 0.002710734, 0.0027727191, 0.0028901205, 0.0029993143, 0.0031004497, 0.0031483518, 0.0032380437, 0.003318603, 0.0033552628, 0.0034198395, 0.0034707282, 0.003490963, 0.0035204298, 0.0035362134, 0.0035409392, 0.0035400302, 0.003532559, 0.0035185425, 0.0035086675, 0.003482995, 0.0034459291, 0.003395379, 0.0033644205, 0.0032913177, 0.0032049776, 0.0031577437, 0.0030583208, 0.0029555596, 0.002903827, 0.0028024225, 0.002704226, 0.0026095854, 0.0025633678, 0.002472512, 0.0023819618, 0.0023364366, 0.0022440602, 0.0021500029, 0.0020561465, 0.0020104612, 0.0019235268, 0.0018460936, 0.0018120809, 0.0017527898, 0.0017039884, 0.0016823179, 0.0016426197, 0.0016057737, 0.00156993, 0.0015524903, 0.0015192459, 0.001490104, 0.0014776522, 0.0014580806, 0.0014450155, 0.0014345103, 0.0014288943, 0.0014165081, 0.0014009554, 0.001393324, 0.0013873491, 0.0014258161, 0.0014866865, 0.0017690726, 0.0021492396, 0, 0, 0, 0, 0, 0, 0, 0, 0, 0, 0, 0, 0, 0
0, 0, 0, 0, 0, 0, 0, 0, 0, 0, 0, 0, 0, 0, 0, 0, 0, 0, 0, 0, 0, 0, 0, 0, 0, 0, 0, 0, 0, 0, 0, 0, 0, 0, 0, 0, 0, 0, 0, 0, 0, 0, 0, 0, 0, 0, 0, 0, 0, 0, 0, 0, 0, 0, 0, 0, 0, 0, 0, 0, 0.0021921832, 0.0018329319, 0.0017504538, 0.0017175322, 0.0017765505, 0.0018211966, 0.001923518, 0.0020331002, 0.0021436375, 0.0021981648, 0.0023033365, 0.002402529, 0.0024496214, 0.0025402997, 0.0026265532, 0.0027107783, 0.0027524277, 0.0028346407, 0.0029142562, 0.002952308, 0.0030219196, 0.0030793163, 0.0031027459, 0.0031381394, 0.0031587172, 0.0031666756, 0.0031671242, 0.0031629463, 0.0031538263, 0.0031480042, 0.0031326944, 0.0031113653, 0.0030801499, 0.0030601933, 0.0030098613, 0.0029455333, 0.002908155, 0.0028252401, 0.0027338862, 0.0026863185, 0.00259036, 0.0024958919, 0.0024042442, 0.0023599863, 0.002274052, 0.002190002, 0.00214832, 0.0020642565, 0.0019776882, 0.0018889375, 0.0018446685, 0.0017576875, 0.0016777955, 0.0016420219, 0.0015803393, 0.0015315568, 0.0015114001, 0.0014767437, 0.0014459261, 0.0014154622, 0.0013998717, 0.001367391, 0.0013357301, 0.0013211248, 0.001296356, 0.0012783345, 0.0012654901, 0.0012600175, 0.0012478037, 0.0012321988, 0.0012239723, 0.0012185896, 0.0012762574, 0.0013710451, 0.0019209608, 0.003016786, 0, 0, 0, 0, 0, 0, 0, 0, 0, 0, 0, 0, 0, 0
0, 0, 0, 0, 0, 0, 0, 0, 0, 0, 0, 0, 0, 0, 0, 0, 0, 0, 0, 0, 0, 0, 0, 0, 0, 0, 0, 0, 0, 0, 0, 0, 0, 0, 0, 0, 0, 0, 0, 0, 0, 0, 0, 0, 0, 0, 0, 0, 0, 0, 0, 0, 0, 0, 0, 0, 0, 0, 0, 0, 0.0016264634, 0.0015024578, 0.0014861184, 0.0015185805, 0.0015914857, 0.0016328157, 0.0017168098, 0.0018011909, 0.001885207, 0.0019264275, 0.0020069936, 0.002083678, 0.0021201489, 0.0021898455, 0.0022560668, 0.0023213183, 0.0023543732, 0.0024219626, 0.0024919189, 0.002526816, 0.0025949103, 0.002656266, 0.0026830886, 0.0027274222, 0.0027580434, 0.0027757485, 0.0027808445, 0.002784276, 0.0027814368, 0.0027781455, 0.0027685699, 0.0027549427, 0.0027358602, 0.0027235933, 0.0026924922, 0.0026511909, 0.0026263294, 0.0025680808, 0.0024995822, 0.0024621345, 0.002382849, 0.0023005526, 0.0022182737, 0.0021778392, 0.0020993417, 0.002023443, 0.0019861388, 0.0019122761, 0.0018370854, 0.0017590546, 0.0017189834, 0.0016379763, 0.0015588378, 0.0015218784, 0.0014554019, 0.0014015004, 0.0013791549, 0.001342661, 0.0013132408, 0.0012865007, 0.0012729785, 0.0012439203, 0.0012133294, 0.0011982092, 0.0011707788, 0.0011496615, 0.0011359209, 0.0011311914, 0.0011232427, 0.0011142193, 0.0011097739, 0.001111995, 0.0011655934, 0.0012316069, 0.0014231782, 0, 0, 0, 0, 0, 0, 0, 0, 0, 0, 0, 0, 0, 0, 0
0, 0, 0, 0, 0, 0, 0, 0, 0, 0, 0, 0, 0, 0, 0, 0, 0, 0, 0, 0, 0, 0, 0, 0, 0, 0, 0, 0, 0, 0, 0, 0, 0, 0, 0, 0, 0, 0, 0, 0, 0, 0, 0, 0, 0, 0, 0, 0, 0, 0, 0, 0, 0, 0, 0, 0, 0, 0, 0, 0.0016059325, 0.0013520096, 0.0012675994, 0.0012726971, 0.0013239937, 0.0013911764, 0.0014242211, 0.00148555, 0.0015431109, 0.0016011713, 0.0016305358, 0.0016908149, 0.0017518592, 0.0017816729, 0.0018387077, 0.0018920914, 0.0019418339, 0.0019664753, 0.002015945, 0.0020679766, 0.0020952392, 0.002151176, 0.0022079854, 0.002235415, 0.0022861098, 0.0023285034, 0.0023614154, 0.002373871, 0.002391772, 0.0024007035, 0.0024023575, 0.0024006376, 0.0023938664, 0.002382791, 0.002375695, 0.0023584415, 0.002336147, 0.0023227858, 0.0022905176, 0.0022499799, 0.0022263564, 0.0021729898, 0.0021132294, 0.0020494375, 0.00201696, 0.0019523867, 0.0018889598, 0.0018582774, 0.0017976703, 0.001736811, 0.0016734, 0.001640324, 0.0015704512, 0.0014975192, 0.0014611393, 0.0013912752, 0.001329514, 0.0013025545, 0.0012576081, 0.00122237, 0.0011939497, 0.0011806388, 0.0011533987, 0.0011243348, 0.0011095861, 0.0010812588, 0.0010588312, 0.0010458289, 0.0010430597, 0.0010432714, 0.0010505879, 0.0010582097, 0.0010955916, 0.0012114096, 0.0013257024, 0.0016753618, 0, 0, 0, 0, 0, 0, 0, 0, 0, 0, 0, 0, 0, 0, 0
0, 0, 0, 0, 0, 0, 0, 0, 0, 0, 0, 0, 0, 0, 0, 0, 0, 0, 0, 0, 0, 0, 0, 0, 0, 0, 0, 0, 0, 0, 0, 0, 0, 0, 0, 0, 0, 0, 0, 0, 0, 0, 0, 0, 0, 0, 0, 0, 0, 0, 0, 0, 0, 0, 0, 0, 0, 0, 0.0025742692, 0.0017302404, 0.0012647508, 0.0011406563, 0.0011347266, 0.0011641304, 0.0012057594, 0.0012245788, 0.0012559654, 0.0012826058, 0.0013110084, 0.0013270898, 0.0013658123, 0.001411559, 0.001435775, 0.0014844334, 0.0015304907, 0.0015709411, 0.0015891518, 0.0016226888, 0.0016553744, 0.0016728374, 0.0017108168, 0.0017545649, 0.0017784651, 0.0018280012, 0.0018774358, 0.0019230705, 0.0019433076, 0.0019774223, 0.002002477, 0.0020114488, 0.0020233712, 0.0020286788, 0.002028583, 0.002027339, 0.0020227523, 0.0020160088, 0.0020120072, 0.0020016616, 0.0019868566, 0.0019772144, 0.0019522345, 0.0019200247, 0.0018817432, 0.0018609255, 0.0018175294, 0.0017731118, 0.001750988, 0.0017071126, 0.0016633755, 0.0016176994, 0.001593249, 0.0015397249, 0.0014800571, 0.0014480952, 0.0013822379, 0.0013181806, 0.001288193, 0.001234434, 0.0011904704, 0.0011553346, 0.0011398293, 0.0011106456, 0.0010810319, 0.0010656309, 0.0010350733, 0.0010097134, 0.0009941191, 0.0009912717, 0.0009980057, 0.0010237203, 0.0010472538, 0.0011363457, 0.001330887, 0.0014809432, 0, 0, 0, 0, 0, 0, 0, 0, 0, 0, 0, 0, 0, 0, 0, 0
0, 0, 0, 0, 0, 0, 0, 0, 0, 0, 0, 0, 0, 0, 0, 0, 0, 0, 0, 0, 0, 0, 0, 0, 0, 0, 0, 0, 0, 0, 0, 0, 0, 0, 0, 0, 0, 0, 0, 0, 0, 0, 0, 0, 0, 0, 0, 0, 0, 0, 0, 0, 0, 0, 0, 0, 0, 0, 0.0016561961, 0.0013623867, 0.0011194504, 0.0010310431, 0.0010204341, 0.0010260803, 0.0010388785, 0.001042734, 0.0010437422, 0.0010392712, 0.0010368839, 0.0010388508, 0.0010513946, 0.0010761148, 0.0010921576, 0.0011289171, 0.001166105, 0.0011994436, 0.0012135532, 0.001236882, 0.0012562047, 0.0012661594, 0.0012884124, 0.0013181333, 0.0013360295, 0.0013779446, 0.0014253167, 0.0014744935, 0.0014982962, 0.0015423241, 0.0015802333, 0.0015967262, 0.0016248273, 0.0016472739, 0.0016656452, 0.0016732756, 0.0016863203, 0.0016963789, 0.0017004694, 0.0017077264, 0.0017126258, 0.0017139479, 0.0017131425, 0.0017068577, 0.0016955687, 0.0016881337, 0.0016703177, 0.0016489242, 0.0016373578, 0.0016129878, 0.0015871874, 0.0015595421, 0.001544458, 0.0015106804, 0.0014702794, 0.0014473762, 0.0013967904, 0.0013420859, 0.0013144694, 0.001261274, 0.0012134713, 0.0011732802, 0.0011555038, 0.001122752, 0.0010902178, 0.0010734433, 0.0010384575, 0.0010057841, 0.000981501, 0.0009749809, 0.0009781512, 0.0010149933, 0.0010534447, 0.0011988435, 0.0014761927, 0.001641892, 0, 0, 0, 0, 0, 0, 0, 0, 0, 0, 0, 0, 0, 0, 0, 0
0, 0, 0, 0, 0, 0, 0, 0, 0, 0, 0, 0, 0, 0, 0, 0, 0, 0, 0, 0, 0, 0, 0, 0, 0, 0, 0, 0, 0, 0, 0, 0, 0, 0, 0, 0, 0, 0, 0, 0, 0, 0, 0, 0, 0, 0, 0, 0, 0, 0, 0, 0, 0, 0, 0, 0, 0, 0.0013373798, 0.001250098, 0.0010596762, 0.0009467513, 0.0009002928, 0.0008913067, 0.00088340434, 0.0008754425, 0.0008684692, 0.0008475551, 0.00081969326, 0.0007921902, 0.00078063464, 0.0007660358, 0.00076458906, 0.00076841644, 0.00078313774, 0.00080340804, 0.0008239648, 0.00083355495, 0.00084936986, 0.00086243893, 0.00086899835, 0.00088460284, 0.00090614, 0.00091974705, 0.0009532391, 0.0009924757, 0.0010353081, 0.0010567781, 0.0010991435, 0.0011402459, 0.0011604668, 0.0012004648, 0.001241109, 0.0012820744, 0.0013018822, 0.0013392795, 0.0013717528, 0.0013860209, 0.0014104126, 0.0014305663, 0.0014396705, 0.0014560492, 0.0014709706, 0.0014838714, 0.0014895779, 0.0014985279, 0.0015026282, 0.0015025658, 0.0014985004, 0.0014898604, 0.0014775879, 0.0014703197, 0.0014542073, 0.0014342078, 0.0014224933, 0.0013948116, 0.0013608545, 0.0013418582, 0.0013014429, 0.0012603903, 0.0012216959, 0.0012038418, 0.0011698824, 0.0011359376, 0.0011179815, 0.001079548, 0.0010395554, 0.0010036066, 0.0009899951, 0.0009818753, 0.001021709, 0.0010722744, 0.0012698537, 0.0015950291, 0, 0, 0, 0, 0, 0, 0, 0, 0, 0, 0, 0, 0, 0, 0, 0, 0
0, 0, 0, 0, 0, 0, 0, 0, 0, 0, 0, 0, 0, 0, 0, 0, 0, 0, 0, 0, 0, 0, 0, 0, 0, 0, 0, 0, 0, 0, 0, 0, 0, 0, 0, 0, 0, 0, 0, 0, 0, 0, 0, 0, 0, 0, 0, 0, 0, 0, 0, 0, 0, 0, 0, 0, 0.0019624103, 0.0013438129, 0.0011211914, 0.0008894609, 0.00079628377, 0.0007565364, 0.00074458966, 0.0007248361, 0.0007030339, 0.00068969215, 0.00065669377, 0.00061707734, 0.00057442876, 0.0005538894, 0.000517458, 0.0004897229, 0.00047938517, 0.00046576685, 0.00046007964, 0.00045905152, 0.00046003165, 0.0004638097, 0.00047079995, 0.00047590022, 0.0004906618, 0.00051170395, 0.00052475993, 0.000553867, 0.0005858972, 0.0006178477, 0.0006336343, 0.00066568115, 0.00070008537, 0.0007191642, 0.00076280604, 0.0008159514, 0.00087726634, 0.00090998533, 0.0009746496, 0.0010341378, 0.0010604113, 0.0011053823, 0.00114166, 0.0011577709, 0.0011884829, 0.0012205215, 0.0012552228, 0.0012733988, 0.0013093655, 0.0013406663, 0.0013530835, 0.0013701206, 0.0013771007, 0.001376645, 0.0013746769, 0.0013700612, 0.0013648962, 0.0013624714, 0.0013566412, 0.0013464736, 0.0013389974, 0.0013187934, 0.001291557, 0.0012603947, 0.0012444187, 0.0012125523, 0.0011805532, 0.0011638002, 0.001127707, 0.0010872983, 0.0010466891, 0.0010293529, 0.0010147839, 0.0010611428, 0.0011244196, 0.0013607417, 0, 0, 0, 0, 0, 0, 0, 0, 0, 0, 0, 0, 0, 0, 0, 0, 0, 0
0, 0, 0, 0, 0, 0, 0, 0, 0, 0, 0, 0, 0, 0, 0, 0, 0, 0, 0, 0, 0, 0, 0, 0, 0, 0, 0, 0, 0, 0, 0, 0, 0, 0, 0, 0, 0, 0, 0, 0, 0, 0, 0, 0, 0, 0, 0, 0, 0, 0, 0, 0, 0, 0, 0, 0, 0.0012920458, 0.0010414054, 0.00091262563, 0.0007448118, 0.000660142, 0.0006111839, 0.0005917953, 0.0005568542, 0.0005227014, 0.0005049455, 0.0004660764, 0.0004220035, 0.00037371382, 0.00034885848, 0.00030015054, 0.00025416366, 0.00023265692, 0.0001933152, 0.0001598156, 0.00013225572, 0.00012083045, 0.0001045813, 9.7596574e-05, 9.8307086e-05, 0.00010863766, 0.0001290641, 0.00014231094, 0.00017120918, 0.00019973931, 0.00022468626, 0.00023540421, 0.0002564187, 0.00028048965, 0.00029540207, 0.00033524868, 0.00039183896, 0.00046502132, 0.00050643133, 0.0005934065, 0.0006781116, 0.00071715267, 0.0007853184, 0.0008412802, 0.00086584716, 0.0009124364, 0.0009616691, 0.0010172414, 0.0010472469, 0.0011100653, 0.0011693418, 0.001195278, 0.0012364016, 0.0012614208, 0.0012727431, 0.0012750068, 0.001277396, 0.0012808366, 0.001284021, 0.0012923314, 0.0013002931, 0.0013022942, 0.0012998775, 0.001286123, 0.0012624962, 0.001248397, 0.0012183686, 0.0011892344, 0.0011753088, 0.0011479435, 0.0011190599, 0.0010906658, 0.0010795083, 0.0010809051, 0.0011564126, 0.0012408133, 0.0014853616, 0, 0, 0, 0, 0, 0, 0, 0, 0, 0, 0, 0, 0, 0, 0, 0, 0, 0
0, 0, 0, 0, 0, 0, 0, 0, 0, 0, 0, 0, 0, 0, 0, 0, 0, 0, 0, 0, 0, 0, 0, 0, 0, 0, 0, 0, 0, 0, 0, 0, 0, 0, 0, 0, 0, 0, 0, 0, 0, 0, 0, 0, 0, 0, 0, 0, 0, 0, 0, 0, 0, 0, 0, 0.0014288533, 0.0010519011, 0.0007959751, 0.0007132931, 0.00060090673, 0.0005278183, 0.00047006187, 0.00044352165, 0.00039301938, 0.00034545784, 0.00032257865, 0.0002772512, 0.00023100205, 0.0001823768, 0.00015685958, 0.00010485424, 5.128579e-05, 2.4393052e-05, -2.9690771e-05, -8.280686e-05, -0.0001328883, -0.0001559397, -0.00019610925, -0.00022480072, -0.00023345507, -0.00023899623, -0.00022922462, -0.00021994267, -0.00019573125, -0.00016976657, -0.00014754287, -0.00013842757, -0.00012245898, -0.00010518846, -9.354869e-05, -5.994619e-05, -7.761215e-06, 6.5904846e-05, 0.0001093752, 0.00020516483, 0.00030500183, 0.00035325586, 0.0004415429, 0.00051765935, 0.00055204204, 0.000617284, 0.0006841928, 0.0007589118, 0.00079952716, 0.0008862084, 0.00097245484, 0.0010124163, 0.0010807235, 0.0011293986, 0.0011590559, 0.0011683052, 0.0011814629, 0.0011930321, 0.0011998491, 0.0012172861, 0.0012361996, 0.0012445416, 0.0012539558, 0.0012493507, 0.001229965, 0.0012158169, 0.0011839968, 0.0011545949, 0.001142528, 0.0011247748, 0.0011160304, 0.0011180706, 0.0011269271, 0.0011788311, 0.0013192792, 0.0014338447, 0, 0, 0, 0, 0, 0, 0, 0, 0, 0, 0, 0, 0, 0, 0, 0, 0, 0, 0
0, 0, 0, 0, 0, 0, 0, 0, 0, 0, 0, 0, 0, 0, 0, 0, 0, 0, 0, 0, 0, 0, 0, 0, 0, 0, 0, 0, 0, 0, 0, 0, 0, 0, 0, 0, 0, 0, 0, 0, 0, 0, 0, 0, 0, 0, 0, 0, 0, 0, 0, 0, 0, 0, 0, 0.00092689384, 0.0007532186, 0.00059060205, 0.0005352359, 0.00045533996, 0.00039304185, 0.0003324412, 0.00030191187, 0.00024034845, 0.00018114792, 0.0001529066, 9.944382e-05, 4.9232847e-05, -1.3937242e-07, -2.4813406e-05, -7.513842e-05, -0.00012771755, -0.00015501778, -0.00021182167, -0.0002710385, -0.00033146222, -0.00036143695, -0.00041880563, -0.00046883346, -0.00048976205, -0.0005198927, -0.00053391774, -0.0005350628, -0.00052711455, -0.00051152584, -0.0004931602, -0.00048440855, -0.00046800493, -0.0004507218, -0.00044021395, -0.00041126946, -0.00036638565, -0.0003023453, -0.00026335448, -0.00017397065, -7.527934e-05, -2.5198164e-05, 7.22707e-05, 0.00016274244, 0.00020528924, 0.00028700166, 0.00036935793, 0.00045844755, 0.0005063747, 0.0006088001, 0.0007147727, 0.0007663477, 0.0008611026, 0.00093794835, 0.0009948274, 0.001016679, 0.0010511909, 0.0010795203, 0.0010932583, 0.001122724, 0.0011527868, 0.0011665602, 0.0011869429, 0.0011916852, 0.0011776105, 0.0011645487, 0.0011311144, 0.0010983901, 0.0010855333, 0.0010723498, 0.0010819455, 0.0011266822, 0.001169614, 0.0013148816, 0.0015470063, 0.001673667, 0, 0, 0, 0, 0, 0, 0, 0, 0, 0, 0, 0, 0, 0, 0, 0, 0, 0, 0
0, 0, 0, 0, 0, 0, 0, 0, 0, 0, 0, 0, 0, 0, 0, 0, 0, 0, 0, 0, 0, 0, 0, 0, 0, 0, 0, 0, 0, 0, 0, 0, 0, 0, 0, 0, 0, 0, 0, 0, 0, 0, 0, 0, 0, 0, 0, 0, 0, 0, 0, 0, 0, 0, 0.0006986751, 0.000655374, 0.00051872834, 0.00040768724, 0.00036675856, 0.00030247233, 0.00024660083, 0.00018876177, 0.00015833227, 9.470266e-05, 3.097784e-05, -2.1597594e-07, -5.967282e-05, -0.00011443856, -0.00016630281, -0.00019129062, -0.00024083459, -0.0002906555, -0.00031579574, -0.0003678279, -0.000422586, -0.000479923, -0.0005099413, -0.00057110365, -0.0006324759, -0.000661939, -0.0007151598, -0.00075685896, -0.0007725029, -0.0007920278, -0.0007973313, -0.000791393, -0.00078571145, -0.00077043613, -0.00075174373, -0.0007409007, -0.00071387255, -0.000677445, -0.00062790676, -0.0005977172, -0.00052696816, -0.00044447547, -0.00039998107, -0.00030791643, -0.00021487463, -0.00016887058, -7.7886e-05, 1.3054197e-05, 0.00010810167, 0.00015812581, 0.0002640332, 0.00037683267, 0.00043437953, 0.00054655306, 0.0006489934, 0.00073663966, 0.00077472144, 0.00084131275, 0.0008985404, 0.00092495774, 0.00097599585, 0.0010247548, 0.0010473904, 0.0010853888, 0.001107318, 0.0011087361, 0.00110171, 0.0010762815, 0.001044791, 0.0010313303, 0.00101854, 0.0010399957, 0.0011293951, 0.0012188005, 0.0015186131, 0.0018205463, 0, 0, 0, 0, 0, 0, 0, 0, 0, 0, 0, 0, 0, 0, 0, 0, 0, 0, 0, 0
0, 0, 0, 0, 0, 0, 0, 0, 0, 0, 0, 0, 0, 0, 0, 0, 0, 0, 0, 0, 0, 0, 0, 0, 0, 0, 0, 0, 0, 0, 0, 0, 0, 0, 0, 0, 0, 0, 0, 0, 0, 0, 0, 0, 0, 0, 0, 0, 0, 0, 0, 0, 0, 0.0009135493, 0.00063045596, 0.00051569566, 0.00035450122, 0.00024890353, 0.00020929222, 0.00014444815, 8.83347e-05, 3.3218323e-05, 4.8105067e-06, -5.3487463e-05, -0.00011271033, -0.00014228391, -0.00020019502, -0.0002557053, -0.00030895602, -0.00033510925, -0.00038610215, -0.0004353884, -0.00045974218, -0.0005072559, -0.00055391114, -0.00060185185, -0.000626708, -0.00067926786, -0.00073714805, -0.000767652, -0.0008301452, -0.0008905484, -0.00091833086, -0.00096548075, -0.0009977787, -0.0010135174, -0.0010154699, -0.0010101426, -0.0009954307, -0.0009857587, -0.0009627861, -0.00093593245, -0.0009029913, -0.0008833426, -0.0008369866, -0.0007788132, -0.00074531254, -0.0006704821, -0.0005872832, -0.0005437452, -0.00045427433, -0.00036402853, -0.00027238257, -0.00022527097, -0.0001274998, -2.198124e-05, 3.360156e-05, 0.00014912112, 0.00026602074, 0.0003790486, 0.00043280626, 0.0005339209, 0.0006257722, 0.00066892995, 0.00074979896, 0.0008248104, 0.000859993, 0.00092355435, 0.0009735039, 0.0010046352, 0.0010118801, 0.0010109394, 0.0009965495, 0.0009882664, 0.000982452, 0.0010170152, 0.0011459725, 0.0012766552, 0.0018232777, 0, 0, 0, 0, 0, 0, 0, 0, 0, 0, 0, 0, 0, 0, 0, 0, 0, 0, 0, 0, 0
0, 0, 0, 0, 0, 0, 0, 0, 0, 0, 0, 0, 0, 0, 0, 0, 0, 0, 0, 0, 0, 0, 0, 0, 0, 0, 0, 0, 0, 0, 0, 0, 0, 0, 0, 0, 0, 0, 0, 0, 0, 0, 0, 0, 0, 0, 0, 0, 0, 0, 0, 0, 0, 0.00063343724, 0.00047084677, 0.00037940365, 0.00023073034, 0.000121714234, 7.717466e-05, 9.89789e-07, -6.410099e-05, -0.00012230416, -0.00015013486, -0.00020278484, -0.0002534444, -0.00027854257, -0.00032789196, -0.00037693026, -0.00042709528, -0.00045261742, -0.0005040993, -0.00055516866, -0.0005800176, -0.0006267377, -0.0006695298, -0.00070878665, -0.0007278996, -0.0007674991, -0.00081141014, -0.0008360376, -0.0008911901, -0.0009526221, -0.0009844716, -0.001046479, -0.001099645, -0.001138147, -0.0011510628, -0.0011640764, -0.001162961, -0.0011588034, -0.0011472972, -0.0011332479, -0.001118017, -0.0011091749, -0.0010873751, -0.0010558609, -0.001035455, -0.0009848491, -0.000920429, -0.0008843116, -0.00080683694, -0.0007260819, -0.00064528076, -0.00060462183, -0.00052123476, -0.00043189773, -0.00038355537, -0.00027782333, -0.00016035263, -3.4534856e-05, 2.9551182e-05, 0.00015760919, 0.000280123, 0.00033872708, 0.00044896323, 0.00055101933, 0.0005992634, 0.00069045194, 0.00077295303, 0.0008428905, 0.00087105326, 0.00091152726, 0.00093306677, 0.00093987887, 0.0009603921, 0.0010320371, 0.001227302, 0.0013713202, 0, 0, 0, 0, 0, 0, 0, 0, 0, 0, 0, 0, 0, 0, 0, 0, 0, 0, 0, 0, 0, 0
0, 0, 0, 0, 0, 0, 0, 0, 0, 0, 0, 0, 0, 0, 0, 0, 0, 0, 0, 0, 0, 0, 0, 0, 0, 0, 0, 0, 0, 0, 0, 0, 0, 0, 0, 0, 0, 0, 0, 0, 0, 0, 0, 0, 0, 0, 0, 0, 0, 0, 0, 0, 0.00082627666, 0.00057616545, 0.00037560385, 0.00029491738, 0.0001581326, 4.530112e-05, -5.3131384e-06, -9.7398464e-05, -0.00017822844, -0.00024855975, -0.0002795399, -0.00033507217, -0.00038270862, -0.00040443687, -0.0004448851, -0.00048477977, -0.0005260501, -0.00054793176, -0.0005946714, -0.0006446028, -0.0006695533, -0.0007174093, -0.0007605143, -0.00079712877, -0.0008132897, -0.00084315357, -0.00087285327, -0.0008891191, -0.00092667155, -0.0009735291, -0.0010002058, -0.0010582169, -0.0011170764, -0.001168812, -0.0011905074, -0.0012228912, -0.0012418702, -0.001247596, -0.0012539142, -0.0012573241, -0.0012606619, -0.0012621385, -0.0012627888, -0.0012562255, -0.0012489366, -0.0012240243, -0.0011847591, -0.0011599998, -0.0011033621, -0.0010402714, -0.00097524526, -0.000942218, -0.0008753087, -0.0008034498, -0.000763593, -0.00067331415, -0.00056579657, -0.00044055577, -0.0003729143, -0.00023211344, -9.0496724e-05, -2.1501606e-05, 0.00010966634, 0.00023230257, 0.00029074083, 0.0004038919, 0.0005142476, 0.0006209008, 0.00067118806, 0.0007607168, 0.00083217886, 0.00086311135, 0.0009324121, 0.001070091, 0.0014343358, 0.001815188, 0, 0, 0, 0, 0, 0, 0, 0, 0, 0, 0, 0, 0, 0, 0, 0, 0, 0, 0, 0, 0, 0
0, 0, 0, 0, 0, 0, 0, 0, 0, 0, 0, 0, 0, 0, 0, 0, 0, 0, 0, 0, 0, 0, 0, 0, 0, 0, 0, 0, 0, 0, 0, 0, 0, 0, 0, 0, 0, 0, 0, 0, 0, 0, 0, 0, 0, 0, 0, 0, 0, 0, 0, 0.000876842, 0.00076529745, 0.0005315179, 0.000350066, 0.0002765733, 0.00014884178, 3.3035303e-05, -2.2513781e-05, -0.0001283099, -0.00022675656, -0.0003150742, -0.00035452927, -0.00042329196, -0.00047918415, -0.0005032705, -0.00054448034, -0.00057991355, -0.00061308884, -0.0006302586, -0.0006675186, -0.00070976635, -0.0007320609, -0.00077750173, -0.0008200395, -0.0008569865, -0.00087267754, -0.000899208, -0.000921146, -0.0009312266, -0.0009526925, -0.0009795213, -0.0009958947, -0.0010357397, -0.0010824508, -0.0011316941, -0.0011553534, -0.0011989018, -0.0012351826, -0.0012504039, -0.0012767655, -0.0012991087, -0.0013199381, -0.0013304751, -0.0013502619, -0.0013651869, -0.0013699903, -0.0013706498, -0.0013597904, -0.0013496118, -0.0013212832, -0.0012839857, -0.0012398652, -0.0012166013, -0.0011656808, -0.001108994, -0.0010768798, -0.0010021338, -0.000909001, -0.0007946735, -0.00073025917, -0.00059058965, -0.00044365725, -0.00037027715, -0.00022790443, -9.290653e-05, -2.7682265e-05, 9.994309e-05, 0.0002291524, 0.00036335707, 0.00043185783, 0.00056592724, 0.00069158035, 0.0007520032, 0.0008887924, 0.0011007667, 0.0013403877, 0, 0, 0, 0, 0, 0, 0, 0, 0, 0, 0, 0, 0, 0, 0, 0, 0, 0, 0, 0, 0, 0, 0
0, 0, 0, 0, 0, 0, 0, 0, 0, 0, 0, 0, 0, 0, 0, 0, 0, 0, 0, 0, 0, 0, 0, 0, 0, 0, 0, 0, 0, 0, 0, 0, 0, 0, 0, 0, 0, 0, 0, 0, 0, 0, 0, 0, 0, 0, 0, 0, 0, 0, 0, 0.0008880582, 0.000755761, 0.00054368353, 0.00038616994, 0.00032003745, 0.00019791976, 8.099656e-05, 2.2821116e-05, -9.2501745e-05, -0.00020466669, -0.00030994174, -0.00035833323, -0.00044647703, -0.000521302, -0.0005536398, -0.0006086085, -0.00065259787, -0.00068801595, -0.0007038594, -0.0007343196, -0.0007667106, -0.0007838223, -0.00081916875, -0.00085500453, -0.00088860915, -0.00090387434, -0.00092970376, -0.00094941474, -0.0009573727, -0.0009706242, -0.0009825946, -0.0009897578, -0.001007542, -0.0010321852, -0.0010642717, -0.0010826126, -0.0011226096, -0.0011640794, -0.0011846554, -0.0012244103, -0.0012614331, -0.001296441, -0.0013135439, -0.001347126, -0.0013781313, -0.0013922831, -0.0014160578, -0.0014332517, -0.0014390256, -0.0014444784, -0.0014403381, -0.0014253953, -0.001413977, -0.0013829381, -0.0013417843, -0.0013171192, -0.001257175, -0.0011805722, -0.0010842761, -0.0010282489, -0.0009022565, -0.0007624924, -0.0006898708, -0.000543541, -0.00039990034, -0.0003297073, -0.0001903778, -4.761247e-05, 0.00010500711, 0.00018579901, 0.0003546376, 0.0005284509, 0.00061878056, 0.00083489093, 0.0012207084, 0.0018157779, 0, 0, 0, 0, 0, 0, 0, 0, 0, 0, 0, 0, 0, 0, 0, 0, 0, 0, 0, 0, 0, 0, 0
0, 0, 0, 0, 0, 0, 0, 0, 0, 0, 0, 0, 0, 0, 0, 0, 0, 0, 0, 0, 0, 0, 0, 0, 0, 0, 0, 0, 0, 0, 0, 0, 0, 0, 0, 0, 0, 0, 0, 0, 0, 0, 0, 0, 0, 0, 0, 0, 0, 0, 0.001254894, 0.00092591415, 0.0008005269, 0.0006153927, 0.0004766735, 0.00041503066, 0.0002959774, 0.00017792088, 0.0001181491, -2.5196014e-06, -0.00012291488, -0.00023960313, -0.00029526214, -0.00040058733, -0.0004957109, -0.0005390125, -0.00061708933, -0.0006824741, -0.0007353309, -0.0007574827, -0.0007943544, -0.0008248353, -0.0008380538, -0.00086257583, -0.0008864445, -0.0009101839, -0.0009216638, -0.0009436834, -0.00096218963, -0.0009698915, -0.0009809372, -0.000987365, -0.0009890589, -0.0009909786, -0.0009942125, -0.0010025443, -0.0010097417, -0.001031799, -0.0010638678, -0.0010829552, -0.0011242895, -0.0011668002, -0.0012086303, -0.0012289827, -0.0012689752, -0.0013078032, -0.0013271361, -0.0013657595, -0.0014048951, -0.0014243437, -0.0014616037, -0.0014928158, -0.0015124689, -0.0015166948, -0.0015125099, -0.0014920456, -0.0014760658, -0.0014336117, -0.0013774867, -0.0013056463, -0.0012628267, -0.0011620311, -0.001041691, -0.0009749876, -0.0008317229, -0.000681317, -0.0006053156, -0.00045195603, -0.00029510792, -0.00012810179, -3.8942002e-05, 0.0001523601, 0.00036101596, 0.00047356597, 0.00072677486, 0.0010403097, 0, 0, 0, 0, 0, 0, 0, 0, 0, 0, 0, 0, 0, 0, 0, 0, 0, 0, 0, 0, 0, 0, 0, 0
0, 0, 0, 0, 0, 0, 0, 0, 0, 0, 0, 0, 0, 0, 0, 0, 0, 0, 0, 0, 0, 0, 0, 0, 0, 0, 0, 0, 0, 0, 0, 0, 0, 0, 0, 0, 0, 0, 0, 0, 0, 0, 0, 0, 0, 0, 0, 0, 0, 0, 0.0013929965, 0.0010333624, 0.0009169649, 0.0007517184, 0.0006239249, 0.0005639535, 0.000445112, 0.00032403224, 0.00026227557, 0.00013653278, 1.0309539e-05, -0.00011427392, -0.00017505907, -0.0002924321, -0.00040351078, -0.00045667528, -0.00055780605, -0.000650485, -0.0007325633, -0.0007685238, -0.00082937727, -0.0008747026, -0.00089187385, -0.0009170455, -0.00093409297, -0.0009473582, -0.00095390435, -0.00096736813, -0.0009813668, -0.000988053, -0.000998472, -0.0010040915, -0.0010040454, -0.0009983476, -0.0009869945, -0.0009735548, -0.0009687386, -0.00096635905, -0.0009770663, -0.0009878351, -0.0010181483, -0.0010555456, -0.0010952118, -0.0011146528, -0.0011522038, -0.0011883843, -0.0012067542, -0.0012467933, -0.001292819, -0.0013185173, -0.0013749168, -0.0014329369, -0.0014837177, -0.0015041574, -0.0015305353, -0.001535587, -0.0015309463, -0.0015100916, -0.0014774052, -0.0014347419, -0.0014089046, -0.0013439757, -0.00125602, -0.00120231, -0.0010744709, -0.00092476443, -0.0008439309, -0.0006753639, -0.0005021075, -0.00032318037, -0.00022982825, -2.9891267e-05, 0.00019666848, 0.00032763297, 0.0006156196, 0, 0, 0, 0, 0, 0, 0, 0, 0, 0, 0, 0, 0, 0, 0, 0, 0, 0, 0, 0, 0, 0, 0, 0, 0
0, 0, 0, 0, 0, 0, 0, 0, 0, 0, 0, 0, 0, 0, 0, 0, 0, 0, 0, 0, 0, 0, 0, 0, 0, 0, 0, 0, 0, 0, 0, 0, 0, 0, 0, 0, 0, 0, 0, 0, 0, 0, 0, 0, 0, 0, 0, 0, 0, 0.002657621, 0.0016266933, 0.0012213498, 0.0011117525, 0.0009611179, 0.0008400635, 0.00078069716, 0.0006600238, 0.0005345021, 0.00046938943, 0.00033634756, 0.00020107976, 6.6414315e-05, 2.3344862e-07, -0.00012883643, -0.00025339265, -0.00031412128, -0.00043410447, -0.0005511928, -0.00066345173, -0.00071653764, -0.00081281766, -0.00089150894, -0.0009227073, -0.0009696142, -0.0009978713, -0.0010132659, -0.0010185423, -0.0010268929, -0.0010354593, -0.0010399505, -0.0010486238, -0.0010535991, -0.0010535336, -0.0010457642, -0.0010277377, -0.0010013112, -0.0009870036, -0.00096189085, -0.00094770873, -0.0009464926, -0.000956184, -0.0009781776, -0.001006587, -0.0010208876, -0.0010478696, -0.0010716858, -0.0010828467, -0.0011080449, -0.0011419805, -0.0011635056, -0.0012164788, -0.0012805363, -0.0013471349, -0.0013782053, -0.0014284163, -0.0014574373, -0.0014640057, -0.0014640011, -0.0014524322, -0.0014363603, -0.0014266052, -0.0014011825, -0.0013564439, -0.0013230558, -0.0012282155, -0.0010951085, -0.0010161386, -0.0008405571, -0.00065354403, -0.00046824495, -0.00037758355, -0.00019767293, 4.139064e-06, 0.00014207076, 0.00047893776, 0, 0, 0, 0, 0, 0, 0, 0, 0, 0, 0, 0, 0, 0, 0, 0, 0, 0, 0, 0, 0, 0, 0, 0, 0
0, 0, 0, 0, 0, 0, 0, 0, 0, 0, 0, 0, 0, 0, 0, 0, 0, 0, 0, 0, 0, 0, 0, 0, 0, 0, 0, 0, 0, 0, 0, 0, 0, 0, 0, 0, 0, 0, 0, 0, 0, 0, 0, 0, 0, 0, 0, 0, 0, 0.0020582331, 0.0016534592, 0.0014194555, 0.0013461807, 0.0012321974, 0.0011258064, 0.0010700253, 0.0009516353, 0.00082268973, 0.00075452816, 0.00061202666, 0.00046332047, 0.00031210517, 0.0002370336, 8.976065e-05, -5.2126194e-05, -0.000121709134, -0.00025902872, -0.00039597068, -0.00053302484, -0.0006011939, -0.00073269167, -0.00085229665, -0.0009049185, -0.0009927499, -0.0010555139, -0.0010958367, -0.0011094343, -0.0011283109, -0.0011405316, -0.0011454587, -0.001154003, -0.0011601655, -0.0011610605, -0.001155792, -0.0011383517, -0.0011082243, -0.0010896956, -0.001050384, -0.0010153553, -0.001002231, -0.000987314, -0.000986851, -0.0009967309, -0.0010027625, -0.0010125082, -0.001016677, -0.0010165483, -0.0010158608, -0.0010204144, -0.0010273264, -0.0010534344, -0.0010980587, -0.0011564768, -0.0011873235, -0.0012443316, -0.0012854734, -0.0012982519, -0.0013094316, -0.0013081011, -0.0013047975, -0.0013050698, -0.0013075472, -0.0013032203, -0.0012931786, -0.0012447552, -0.0011489288, -0.0010816545, -0.00091623643, -0.00072650413, -0.00054152275, -0.00046244846, -0.00035222288, -0.00031649426, -0.00030207695, 0, 0, 0, 0, 0, 0, 0, 0, 0, 0, 0, 0, 0, 0, 0, 0, 0, 0, 0, 0, 0, 0, 0, 0, 0, 0
0, 0, 0, 0, 0, 0, 0, 0, 0, 0, 0, 0, 0, 0, 0, 0, 0, 0, 0, 0, 0, 0, 0, 0, 0, 0, 0, 0, 0, 0, 0, 0, 0, 0, 0, 0, 0, 0, 0, 0, 0, 0, 0, 0, 0, 0, 0, 0.0032135765, 0.0028252262, 0.0020149413, 0.0017454412, 0.0016407903, 0.0016061956, 0.0015384048, 0.0014562571, 0.0014084724, 0.0013001267, 0.0011752738, 0.0011069814, 0.0009580833, 0.0007961551, 0.0006250252, 0.00053801684, 0.00036446712, 0.00019504559, 0.00011252572, -4.775843e-05, -0.0002054808, -0.0003627518, -0.00044199385, -0.00060081785, -0.00075668405, -0.00083077024, -0.0009666083, -0.0010801358, -0.0011678251, -0.0012020334, -0.0012540282, -0.0012896758, -0.0013032665, -0.0013243025, -0.0013395078, -0.0013444972, -0.0013478245, -0.0013390956, -0.0013161035, -0.0012994428, -0.0012580899, -0.0012122873, -0.0011903223, -0.0011532736, -0.0011282373, -0.001113336, -0.0011080805, -0.0010961416, -0.0010770307, -0.0010642926, -0.0010329175, -0.0010003359, -0.0009867604, -0.0009707983, -0.0009749449, -0.0010002258, -0.0010187627, -0.0010602629, -0.0010951064, -0.0011063885, -0.0011142008, -0.001106639, -0.0010956145, -0.0010933059, -0.0010988904, -0.0011138829, -0.0011198733, -0.0011145722, -0.001065729, -0.0010198124, -0.0008854331, -0.000707606, -0.0005258205, -0.00045345185, -0.0004142806, -0.0006692273, -0.0007913399, 0, 0, 0, 0, 0, 0, 0, 0, 0, 0, 0, 0, 0, 0, 0, 0, 0, 0, 0, 0, 0, 0, 0, 0, 0, 0
0, 0, 0, 0, 0, 0, 0, 0, 0, 0, 0, 0, 0, 0, 0, 0, 0, 0, 0, 0, 0, 0, 0, 0, 0, 0, 0, 0, 0, 0, 0, 0, 0, 0, 0, 0, 0, 0, 0, 0, 0, 0, 0, 0, 0, 0, 0, 0.0027445508, 0.0024785139, 0.0020654502, 0.0019151596, 0.0018787339, 0.0018685681, 0.0018367772, 0.0017809896, 0.0017438653, 0.0016539823, 0.0015434938, 0.0014802277, 0.0013360572, 0.0011696684, 0.000984333, 0.0008864446, 0.0006849366, 0.00048244512, 0.0003826473, 0.00018924056, 4.0439636e-06, -0.0001754537, -0.00026450527, -0.0004441674, -0.00062673824, -0.0007179601, -0.00089664134, -0.0010633848, -0.0012104086, -0.0012744354, -0.001382623, -0.0014653429, -0.0014985217, -0.0015518334, -0.0015920019, -0.0016078077, -0.0016313089, -0.0016424791, -0.001638566, -0.0016301449, -0.001600953, -0.0015583608, -0.0015334475, -0.0014823762, -0.0014345347, -0.0013923475, -0.0013732563, -0.0013345979, -0.0012901196, -0.0012642697, -0.0012040387, -0.0011355578, -0.0011009553, -0.0010373367, -0.0009900307, -0.00096519623, -0.00096110464, -0.0009650641, -0.0009731957, -0.00097449333, -0.00096433354, -0.00093666295, -0.00090025325, -0.000883683, -0.00086386065, -0.0008655556, -0.00087262964, -0.0008861205, -0.0008749041, -0.000851611, -0.00076108665, -0.00061911205, -0.00045630435, -0.0003836999, -0.00030646689, 0, 0, 0, 0, 0, 0, 0, 0, 0, 0, 0, 0, 0, 0, 0, 0, 0, 0, 0, 0, 0, 0, 0, 0, 0, 0, 0, 0
0, 0, 0, 0, 0, 0, 0, 0, 0, 0, 0, 0, 0, 0, 0, 0, 0, 0, 0, 0, 0, 0, 0, 0, 0, 0, 0, 0, 0, 0, 0, 0, 0, 0, 0, 0, 0, 0, 0, 0, 0, 0, 0, 0, 0, 0, 0.0037646878, 0.002610407, 0.0023567355, 0.002126513, 0.0020770133, 0.0020838936, 0.0020876622, 0.002078971, 0.0020450521, 0.002019278, 0.0019518787, 0.0018640502, 0.0018111406, 0.0016853682, 0.0015300029, 0.0013455674, 0.0012433021, 0.0010243278, 0.00079313014, 0.00067640917, 0.00044635686, 0.00022568861, 1.596925e-05, -8.573172e-05, -0.00028794887, -0.00049320527, -0.0005979065, -0.0008106642, -0.0010241355, -0.0012300313, -0.0013268511, -0.0015021476, -0.0016493094, -0.0017119846, -0.001817952, -0.0019017243, -0.0019367547, -0.0019963353, -0.0020413187, -0.002070356, -0.0020777583, -0.002076561, -0.002052728, -0.0020326846, -0.00198034, -0.0019169538, -0.0018493641, -0.001815633, -0.0017472809, -0.0016750704, -0.001636045, -0.0015492821, -0.0014502112, -0.0013970481, -0.001288957, -0.0011870568, -0.0011016789, -0.0010674733, -0.0010143269, -0.00097575004, -0.00095804856, -0.0009167465, -0.0008609191, -0.0007915071, -0.0007557598, -0.00069222914, -0.00065228844, -0.0006430719, -0.0006405985, -0.0006385275, -0.0006291593, -0.0005797829, -0.0004950721, -0.00041380327, -0.0003856035, -0.00032009793, 0, 0, 0, 0, 0, 0, 0, 0, 0, 0, 0, 0, 0, 0, 0, 0, 0, 0, 0, 0, 0, 0, 0, 0, 0, 0, 0, 0
0, 0, 0, 0, 0, 0, 0, 0, 0, 0, 0, 0, 0, 0, 0, 0, 0, 0, 0, 0, 0, 0, 0, 0, 0, 0, 0, 0, 0, 0, 0, 0, 0, 0, 0, 0, 0, 0, 0, 0, 0, 0, 0, 0, 0, 0, 0.0026233732, 0.0022556833, 0.0021629902, 0.0021172073, 0.0021544439, 0.002200898, 0.0022175112, 0.002228316, 0.0022128262, 0.0021969646, 0.0021515319, 0.0020882327, 0.0020489083, 0.0019502186, 0.0018200721, 0.0016542102, 0.0015574845, 0.0013399939, 0.001096739, 0.00096951873, 0.000710714, 0.0004550885, 0.0002097392, 9.08819e-05, -0.00014262323, -0.00037560554, -0.0004942208, -0.0007375898, -0.0009900761, -0.0012463733, -0.0013726865, -0.00161325, -0.0018298199, -0.0019268176, -0.0020972325, -0.0022389812, -0.0023006233, -0.0024099618, -0.002502852, -0.0025791056, -0.0026096758, -0.0026518453, -0.002664354, -0.0026583846, -0.002622269, -0.0025583883, -0.0024748726, -0.0024288748, -0.002332988, -0.0022330913, -0.0021813032, -0.00207094, -0.0019464808, -0.0018783909, -0.0017315737, -0.0015768165, -0.0014258792, -0.0013553156, -0.0012286934, -0.0011228897, -0.0010759273, -0.0009876402, -0.00089580455, -0.0007924578, -0.00073697226, -0.0006269082, -0.0005317493, -0.0004946775, -0.00044497696, -0.00041830857, -0.00040729906, -0.0003759682, -0.00034329144, -0.00039155432, -0.0004971438, 0, 0, 0, 0, 0, 0, 0, 0, 0, 0, 0, 0, 0, 0, 0, 0, 0, 0, 0, 0, 0, 0, 0, 0, 0, 0, 0, 0, 0
0, 0, 0, 0, 0, 0, 0, 0, 0, 0, 0, 0, 0, 0, 0, 0, 0, 0, 0, 0, 0, 0, 0, 0, 0, 0, 0, 0, 0, 0, 0, 0, 0, 0, 0, 0, 0, 0, 0, 0, 0, 0, 0, 0, 0.0020244454, 0.0018865747, 0.0016719984, 0.0016530815, 0.001694089, 0.0018187349, 0.0019513728, 0.0020630138, 0.002107879, 0.0021733544, 0.0022077782, 0.0022147158, 0.0022109346, 0.0021873394, 0.0021682254, 0.002114626, 0.0020360518, 0.0019268946, 0.0018589719, 0.0016942363, 0.0014918232, 0.0013769165, 0.0011246835, 0.0008494634, 0.00055982545, 0.0004112667, 0.000110252724, -0.00019552954, -0.00034994358, -0.00066336145, -0.000983684, -0.0013126003, -0.0014791533, -0.0018117678, -0.0021354882, -0.0022904691, -0.0025818862, -0.0028470515, -0.0029694703, -0.0031983913, -0.003407393, -0.0035989834, -0.003687, -0.003843452, -0.0039659636, -0.0040112017, -0.0040642787, -0.0040650736, -0.0040171123, -0.00397768, -0.0038758735, -0.00375331, -0.003687177, -0.0035457204, -0.0033880232, -0.003300466, -0.0031016767, -0.002867756, -0.0026011493, -0.0024591365, -0.0021694351, -0.0018879124, -0.0017557769, -0.0015134874, -0.0012989003, -0.0010995447, -0.0010006109, -0.0007978967, -0.000589675, -0.00048808017, -0.0003052261, -0.00016704384, -0.00011891556, -6.800432e-05, -6.9290494e-05, 0, 0, 0, 0, 0, 0, 0, 0, 0, 0, 0, 0, 0, 0, 0, 0, 0, 0, 0, 0, 0, 0, 0, 0, 0, 0, 0, 0, 0, 0, 0
0, 0, 0, 0, 0, 0, 0, 0, 0, 0, 0, 0, 0, 0, 0, 0, 0, 0, 0, 0, 0, 0, 0, 0, 0, 0, 0, 0, 0, 0, 0, 0, 0, 0, 0, 0, 0, 0, 0, 0, 0, 0, 0, 0.0021031005, 0.0015910863, 0.0014653157, 0.0013568348, 0.0013833119, 0.0014286321, 0.0015492475, 0.0016802568, 0.0018004822, 0.0018536908, 0.0019420397, 0.0020049524, 0.0020261465, 0.002047618, 0.0020426156, 0.0020304674, 0.0019882023, 0.0019214826, 0.001829642, 0.0017734235, 0.0016385841, 0.0014722723, 0.0013764963, 0.0011604548, 0.00091278116, 0.0006371288, 0.0004898567, 0.00017972423, -0.0001467615, -0.0003145863, -0.0006555279, -0.0010021605, -0.0013531303, -0.0015301728, -0.0018841922, -0.002234674, -0.002406841, -0.0027395089, -0.0030539315, -0.0032033355, -0.0034873697, -0.0037514498, -0.0039961883, -0.004110587, -0.0043191677, -0.0044953013, -0.004568619, -0.004679845, -0.0047390233, -0.0047449307, -0.004728564, -0.0046635065, -0.0045634764, -0.004503238, -0.0043663164, -0.0042064087, -0.0041160746, -0.003909034, -0.0036606635, -0.0033673728, -0.003206358, -0.002862617, -0.0025080352, -0.0023334313, -0.00200193, -0.0017003497, -0.0014250698, -0.0012927019, -0.0010282845, -0.0007590793, -0.0006252129, -0.00037775314, -0.00018086578, -0.00010738056, -3.0095885e-05, -5.0214552e-05, 0, 0, 0, 0, 0, 0, 0, 0, 0, 0, 0, 0, 0, 0, 0, 0, 0, 0, 0, 0, 0, 0, 0, 0, 0, 0, 0, 0, 0, 0, 0
0, 0, 0, 0, 0, 0, 0, 0, 0, 0, 0, 0, 0, 0, 0, 0, 0, 0, 0, 0, 0, 0, 0, 0, 0, 0, 0, 0, 0, 0, 0, 0, 0, 0, 0, 0, 0, 0, 0, 0, 0, 0, 0, 0.0013543717, 0.0011395385, 0.0010751938, 0.0010332237, 0.0010719134, 0.0011096678, 0.0012055851, 0.0013122959, 0.0014179472, 0.0014684269, 0.0015615326, 0.0016392309, 0.0016706791, 0.0017147554, 0.0017300833, 0.001726264, 0.0016955325, 0.0016371126, 0.0015542397, 0.0015047883, 0.0013909355, 0.001257152, 0.0011817315, 0.0010107653, 0.0008087476, 0.00057199184, 0.00044030102, 0.00015076726, -0.0001677174, -0.000335785, -0.00068240834, -0.0010374641, -0.0013949961, -0.0015739328, -0.00193239, -0.002290534, -0.0024692335, -0.002824037, -0.00317139, -0.0033405304, -0.0036680787, -0.0039769015, -0.004264116, -0.004398682, -0.004646612, -0.004863204, -0.004958254, -0.005118532, -0.005234637, -0.005302766, -0.0053181355, -0.005311179, -0.0052573807, -0.005214417, -0.005100609, -0.004952377, -0.0048647355, -0.0046622334, -0.004418002, -0.00412756, -0.0039644167, -0.0036064815, -0.0032169034, -0.003016609, -0.0026168295, -0.0022341614, -0.00187589, -0.0017047959, -0.0013707835, -0.0010414195, -0.00088040263, -0.00058568444, -0.0003542078, -0.00025671464, -9.053205e-05, 0, 0, 0, 0, 0, 0, 0, 0, 0, 0, 0, 0, 0, 0, 0, 0, 0, 0, 0, 0, 0, 0, 0, 0, 0, 0, 0, 0, 0, 0, 0, 0
0, 0, 0, 0, 0, 0, 0, 0, 0, 0, 0, 0, 0, 0, 0, 0, 0, 0, 0, 0, 0, 0, 0, 0, 0, 0, 0, 0, 0, 0, 0, 0, 0, 0, 0, 0, 0, 0, 0, 0, 0, 0.0013266949, 0.0010105339, 0.0008399813, 0.00073445815, 0.0007060018, 0.00069156726, 0.0007183594, 0.0007418574, 0.0008008136, 0.00086720043, 0.000936948, 0.0009718806, 0.001042339, 0.0011097351, 0.0011407522, 0.0011923559, 0.0012229506, 0.0012280059, 0.0012148835, 0.0011709954, 0.0011003047, 0.0010571447, 0.00096025236, 0.0008520964, 0.0007935511, 0.00066456274, 0.0005125325, 0.000327795, 0.00022130378, -2.1467515e-05, -0.00030191062, -0.00045407764, -0.0007755215, -0.0011118544, -0.0014531837, -0.0016243199, -0.0019669633, -0.0023123876, -0.002486908, -0.0028407476, -0.003198773, -0.0033773452, -0.0037289676, -0.0040661613, -0.0043811086, -0.0045282594, -0.0048002773, -0.005039595, -0.005147369, -0.0053382213, -0.005496198, -0.0056184535, -0.0056644324, -0.0057217944, -0.005728543, -0.005711595, -0.0056384015, -0.0055155726, -0.0054369867, -0.005248636, -0.005019735, -0.004750304, -0.0045993747, -0.0042636115, -0.0038835737, -0.0036794993, -0.0032530231, -0.0028171267, -0.002391249, -0.0021868167, -0.0017985688, -0.0014449431, -0.001284503, -0.0010084262, -0.0007900995, -0.00062272424, 0, 0, 0, 0, 0, 0, 0, 0, 0, 0, 0, 0, 0, 0, 0, 0, 0, 0, 0, 0, 0, 0, 0, 0, 0, 0, 0, 0, 0, 0, 0, 0, 0
0, 0, 0, 0, 0, 0, 0, 0, 0, 0, 0, 0, 0, 0, 0, 0, 0, 0, 0, 0, 0, 0, 0, 0, 0, 0, 0, 0, 0, 0, 0, 0, 0, 0, 0, 0, 0, 0, 0, 0, 0, 0.00083102245, 0.0006658897, 0.00050349865, 0.00040650068, 0.0003776843, 0.00034609056, 0.00033950407, 0.00034231192, 0.0003548284, 0.00037199445, 0.00039115496, 0.00040132413, 0.0004257171, 0.00045553825, 0.00047246495, 0.0005067686, 0.00053687155, 0.00054721517, 0.00055210665, 0.0005317598, 0.00048442098, 0.00045233482, 0.00037612824, 0.00029061732, 0.00024554375, 0.00014988569, 4.0503346e-05, -9.258694e-05, -0.00017102873, -0.0003547839, -0.00057563797, -0.00069903536, -0.0009672491, -0.001256161, -0.001555381, -0.0017066306, -0.0020117182, -0.0023227714, -0.0024818452, -0.0028095664, -0.0031505665, -0.0033244437, -0.00367366, -0.00401454, -0.0043371897, -0.0044884463, -0.004766963, -0.005013033, -0.0051242965, -0.0053265747, -0.005505301, -0.005661911, -0.005730496, -0.0058419257, -0.0059079905, -0.005919995, -0.0058980007, -0.005813913, -0.0057497253, -0.0055835512, -0.005374621, -0.005130893, -0.0049962723, -0.004698793, -0.0043567577, -0.0041671614, -0.0037527485, -0.0033018978, -0.0028391387, -0.0026149559, -0.002210766, -0.0019175662, -0.001833683, -0.00180432, -0.0018691212, 0, 0, 0, 0, 0, 0, 0, 0, 0, 0, 0, 0, 0, 0, 0, 0, 0, 0, 0, 0, 0, 0, 0, 0, 0, 0, 0, 0, 0, 0, 0, 0, 0, 0
0, 0, 0, 0, 0, 0, 0, 0, 0, 0, 0, 0, 0, 0, 0, 0, 0, 0, 0, 0, 0, 0, 0, 0, 0, 0, 0, 0, 0, 0, 0, 0, 0, 0, 0, 0, 0, 0, 0, 0, 0.00057885115, 0.00053573615, 0.0003961694, 0.00024988243, 0.00013257717, 8.586701e-05, 1.0448318e-05, -4.5555294e-05, -6.801884e-05, -0.000106483865, -0.00014108742, -0.00017538504, -0.00019235421, -0.00022410494, -0.0002491023, -0.0002574357, -0.0002639629, -0.00025825514, -0.00025295193, -0.00024214882, -0.00024176693, -0.00026086014, -0.00027791053, -0.00032620216, -0.00038722157, -0.00042052698, -0.00049095694, -0.00056814775, -0.00065856514, -0.00071145955, -0.0008361853, -0.0009898095, -0.0010780637, -0.0012744039, -0.0014931348, -0.0017269742, -0.0018476971, -0.002094894, -0.0023507788, -0.0024830182, -0.002759454, -0.003053223, -0.0032064184, -0.0035192182, -0.0038331456, -0.0041361847, -0.004280307, -0.004547957, -0.0047860155, -0.0048941663, -0.005092702, -0.005273162, -0.0054413276, -0.0055201505, -0.005662064, -0.0057719294, -0.005809066, -0.005839436, -0.0058034468, -0.0057600923, -0.005627192, -0.0054435013, -0.005223559, -0.005102716, -0.0048393537, -0.0045390506, -0.00437014, -0.0039888015, -0.0035520357, -0.0030847304, -0.002856459, -0.0024709636, -0.0023091773, -0.002380668, -0.0028907717, -0.003724681, 0, 0, 0, 0, 0, 0, 0, 0, 0, 0, 0, 0, 0, 0, 0, 0, 0, 0, 0, 0, 0, 0, 0, 0, 0, 0, 0, 0, 0, 0, 0, 0, 0, 0
0, 0, 0, 0, 0, 0, 0, 0, 0, 0, 0, 0, 0, 0, 0, 0, 0, 0, 0, 0, 0, 0, 0, 0, 0, 0, 0, 0, 0, 0, 0, 0, 0, 0, 0, 0, 0, 0, 0, 0.000608308, 0.00043915721, 0.00036387917, 0.00021178552, 5.636841e-05, -9.417966e-05, -0.00016526208, -0.0002967791, -0.00041206105, -0.00046369605, -0.0005560774, -0.00063971075, -0.000721417, -0.00076292915, -0.0008457787, -0.0009266547, -0.0009637159, -0.0010256376, -0.001065807, -0.0010778267, -0.0010870149, -0.0010868184, -0.0010893259, -0.0010949767, -0.0011173738, -0.0011542515, -0.0011763049, -0.001225769, -0.0012782011, -0.0013346495, -0.00136599, -0.0014378093, -0.0015261164, -0.0015771973, -0.0016950808, -0.0018317134, -0.0019848247, -0.0020668847, -0.0022395914, -0.0024226957, -0.002518647, -0.0027215793, -0.0029409553, -0.0030570219, -0.0033002435, -0.003552658, -0.0038051486, -0.003928754, -0.0041640024, -0.004379558, -0.0044786762, -0.004662498, -0.004830808, -0.004989537, -0.00506605, -0.005211323, -0.0053386567, -0.0053906227, -0.005461642, -0.0054757576, -0.005458601, -0.0053740493, -0.0052298973, -0.0050396426, -0.004931633, -0.004694842, -0.0044260216, -0.004275666, -0.0039309985, -0.0035249295, -0.0030876545, -0.0028798238, -0.0025615331, -0.0025245808, -0.0027237693, -0.0035386174, 0, 0, 0, 0, 0, 0, 0, 0, 0, 0, 0, 0, 0, 0, 0, 0, 0, 0, 0, 0, 0, 0, 0, 0, 0, 0, 0, 0, 0, 0, 0, 0, 0, 0, 0
0, 0, 0, 0, 0, 0, 0, 0, 0, 0, 0, 0, 0, 0, 0, 0, 0, 0, 0, 0, 0, 0, 0, 0, 0, 0, 0, 0, 0, 0, 0, 0, 0, 0, 0, 0, 0, 0, 0.0006534636, 0.0005001377, 0.00031957132, 0.0002355619, 7.4619296e-05, -9.3645285e-05, -0.00027471493, -0.00036821855, -0.0005547763, -0.00073135155, -0.0008128092, -0.00096128404, -0.0010929779, -0.0012154471, -0.0012761503, -0.0013996239, -0.0015268816, -0.0015899813, -0.0017080645, -0.0018056543, -0.0018442331, -0.001899228, -0.0019294526, -0.0019443468, -0.0019499827, -0.0019638173, -0.0019854964, -0.001999226, -0.0020304823, -0.0020621775, -0.0020901212, -0.002103336, -0.0021282998, -0.0021566516, -0.0021733153, -0.002213786, -0.0022658557, -0.002331958, -0.0023705084, -0.0024575798, -0.00255659, -0.0026098576, -0.0027244256, -0.0028503027, -0.0029184474, -0.0030653197, -0.003226368, -0.0033984627, -0.0034872564, -0.0036652784, -0.003839145, -0.0039227675, -0.004080155, -0.004224599, -0.0043579596, -0.0044218833, -0.0045449734, -0.004660099, -0.004712652, -0.0048009856, -0.004854218, -0.0048627253, -0.004837511, -0.0047516986, -0.0046098502, -0.004521377, -0.004316791, -0.004078923, -0.003945492, -0.0036418631, -0.0032872078, -0.0029250253, -0.0027789935, -0.0026761822, -0.0028193307, -0.0028664095, 0, 0, 0, 0, 0, 0, 0, 0, 0, 0, 0, 0, 0, 0, 0, 0, 0, 0, 0, 0, 0, 0, 0, 0, 0, 0, 0, 0, 0, 0, 0, 0, 0, 0, 0, 0
0, 0, 0, 0, 0, 0, 0, 0, 0, 0, 0, 0, 0, 0, 0, 0, 0, 0, 0, 0, 0, 0, 0, 0, 0, 0, 0, 0, 0, 0, 0, 0, 0, 0, 0, 0, 0, 0.00046704503, 0.00045963467, 0.0003436112, 0.0001837378, 0.00010391307, -5.440738e-05, -0.00022411544, -0.0004182669, -0.00052475365, -0.00074939243, -0.0009767188, -0.0010859836, -0.0012899756, -0.0014710679, -0.0016341731, -0.0017129788, -0.0018706119, -0.0020341175, -0.0021174792, -0.0022828083, -0.0024355017, -0.0025036386, -0.002618188, -0.0027023552, -0.002759403, -0.0027796282, -0.0028106535, -0.0028348397, -0.0028463784, -0.002867211, -0.0028825405, -0.0028871347, -0.0028848147, -0.002870252, -0.0028465919, -0.002832618, -0.002803322, -0.0027771124, -0.0027580129, -0.0027529942, -0.0027512002, -0.0027607954, -0.0027686728, -0.0027890115, -0.0028149236, -0.0028307273, -0.0028698652, -0.002922709, -0.00299265, -0.0030340317, -0.0031294916, -0.0032382838, -0.0032953257, -0.0034093626, -0.0035172994, -0.003613728, -0.0036577955, -0.003739553, -0.0038169003, -0.0038551309, -0.003929986, -0.0039961464, -0.0040222406, -0.004049744, -0.004031032, -0.00395718, -0.0038988416, -0.0037458802, -0.0035526871, -0.0034440171, -0.003205521, -0.0029508648, -0.0027326434, -0.0026849932, -0.0029452087, -0.0038010213, 0, 0, 0, 0, 0, 0, 0, 0, 0, 0, 0, 0, 0, 0, 0, 0, 0, 0, 0, 0, 0, 0, 0, 0, 0, 0, 0, 0, 0, 0, 0, 0, 0, 0, 0, 0, 0
0, 0, 0, 0, 0, 0, 0, 0, 0, 0, 0, 0, 0, 0, 0, 0, 0, 0, 0, 0, 0, 0, 0, 0, 0, 0, 0, 0, 0, 0, 0, 0, 0, 0, 0, 0, -0.00019447858, 6.28133e-05, 0.00012312943, 8.6813285e-05, -2.688499e-05, -9.114653e-05, -0.00022628637, -0.0003773284, -0.0005579949, -0.00066163635, -0.0008923333, -0.0011432163, -0.0012709459, -0.0015195223, -0.0017489434, -0.0019573367, -0.002056372, -0.0022501803, -0.0024462033, -0.0025457728, -0.0027473713, -0.002943399, -0.0030364844, -0.0032060381, -0.0033485114, -0.003460518, -0.00350486, -0.0035734535, -0.003620398, -0.003637607, -0.0036618283, -0.003671155, -0.0036613778, -0.0036481454, -0.0036053048, -0.003542987, -0.0035054702, -0.003421643, -0.0033310764, -0.0032388999, -0.003194104, -0.0031090148, -0.0030317188, -0.002995072, -0.0029241352, -0.002854718, -0.002820716, -0.0027557889, -0.0027004997, -0.002659883, -0.0026474842, -0.0026408413, -0.00265951, -0.0026779678, -0.0027265954, -0.002781153, -0.0028298092, -0.0028501395, -0.0028817267, -0.002907407, -0.0029211487, -0.002954878, -0.0030012345, -0.0030283844, -0.0030816754, -0.0031168817, -0.0031119224, -0.003089313, -0.003002237, -0.002870856, -0.0027968811, -0.002661643, -0.0026006985, -0.0026874577, -0.0027973102, -0.0029865473, 0, 0, 0, 0, 0, 0, 0, 0, 0, 0, 0, 0, 0, 0, 0, 0, 0, 0, 0, 0, 0, 0, 0, 0, 0, 0, 0, 0, 0, 0, 0, 0, 0, 0, 0, 0, 0, 0
0, 0, 0, 0, 0, 0, 0, 0, 0, 0, 0, 0, 0, 0, 0, 0, 0, 0, 0, 0, 0, 0, 0, 0, 0, 0, 0, 0, 0, 0, 0, 0, 0, 0, 0, -0.0010046819, -0.0005645454, -0.0003124626, -0.0002656894, -0.00027070535, -0.00034016982, -0.00038434617, -0.00048284786, -0.0005982074, -0.0007407663, -0.0008254782, -0.0010258332, -0.0012628499, -0.0013911793, -0.001657302, -0.0019215917, -0.002172321, -0.0022924035, -0.002524518, -0.0027529295, -0.0028669438, -0.003095706, -0.0033200155, -0.0034289465, -0.0036354444, -0.0038210277, -0.0039795414, -0.0040473877, -0.0041598487, -0.0042419424, -0.004272804, -0.0043167, -0.0043349024, -0.0043248027, -0.0043081897, -0.004253723, -0.0041715293, -0.004121621, -0.004006551, -0.0038752372, -0.0037316864, -0.0036568115, -0.0035043338, -0.0033503957, -0.0032737618, -0.0031203362, -0.0029658414, -0.0028888134, -0.0027358315, -0.0025865587, -0.0024457197, -0.0023807082, -0.0022663588, -0.0021799388, -0.0021484373, -0.0021082005, -0.0020894893, -0.0020784677, -0.0020724507, -0.0020545216, -0.0020301212, -0.0020173716, -0.001999042, -0.0020010078, -0.0020126794, -0.002054952, -0.0021104156, -0.0021514285, -0.002157743, -0.002131863, -0.002061858, -0.0020231172, -0.0020048488, -0.0022340342, -0.0028754289, -0.0034282822, 0, 0, 0, 0, 0, 0, 0, 0, 0, 0, 0, 0, 0, 0, 0, 0, 0, 0, 0, 0, 0, 0, 0, 0, 0, 0, 0, 0, 0, 0, 0, 0, 0, 0, 0, 0, 0, 0, 0
0, 0, 0, 0, 0, 0, 0, 0, 0, 0, 0, 0, 0, 0, 0, 0, 0, 0, 0, 0, 0, 0, 0, 0, 0, 0, 0, 0, 0, 0, 0, 0, 0, 0, -0.0010168271, -0.0009242202, -0.00076943124, -0.000691494, -0.0006811638, -0.0006967878, -0.00074092345, -0.00076931843, -0.0008332997, -0.00090936676, -0.0010045958, -0.0010630428, -0.0012091253, -0.0013978103, -0.0015077767, -0.0017532689, -0.002019191, -0.0022885818, -0.0024220885, -0.0026828437, -0.0029370717, -0.00306225, -0.003308892, -0.0035479972, -0.0036635012, -0.0038845271, -0.0040887743, -0.0042731185, -0.004356654, -0.0045031738, -0.0046221986, -0.0046706167, -0.0047446555, -0.0047856434, -0.0047917273, -0.0047808667, -0.004732982, -0.004653354, -0.0046028085, -0.004483153, -0.0043405937, -0.0041757384, -0.0040856325, -0.0038915363, -0.0036820907, -0.0035730617, -0.0033505948, -0.0031258534, -0.0030139491, -0.002791968, -0.0025725744, -0.0023552116, -0.0022478558, -0.0020402428, -0.0018505947, -0.0017658565, -0.0016209609, -0.0015101249, -0.0014264646, -0.0013912189, -0.0013260349, -0.0012615427, -0.0012286812, -0.0011659518, -0.001119559, -0.0011068321, -0.0011107413, -0.0011488275, -0.0011993364, -0.0012187982, -0.0012303108, -0.0012061468, -0.0011945704, -0.001260956, -0.0017620104, -0.002845784, 0, 0, 0, 0, 0, 0, 0, 0, 0, 0, 0, 0, 0, 0, 0, 0, 0, 0, 0, 0, 0, 0, 0, 0, 0, 0, 0, 0, 0, 0, 0, 0, 0, 0, 0, 0, 0, 0, 0, 0
0, 0, 0, 0, 0, 0, 0, 0, 0, 0, 0, 0, 0, 0, 0, 0, 0, 0, 0, 0, 0, 0, 0, 0, 0, 0, 0, 0, 0, 0, 0, 0, 0, -0.0018618187, -0.0012858576, -0.0011210338, -0.0010486898, -0.0010854385, -0.0011102217, -0.0011558902, -0.0011974563, -0.0012176518, -0.001260259, -0.0013069897, -0.0013637346, -0.0013982832, -0.001488198, -0.0016138483, -0.0016924144, -0.0018812275, -0.002105562, -0.0023525693, -0.0024805258, -0.0027395196, -0.0029976387, -0.0031249474, -0.003374873, -0.0036141241, -0.003728957, -0.003946503, -0.0041480917, -0.0043351087, -0.004423096, -0.0045870845, -0.004733023, -0.0047970647, -0.004903941, -0.0049766367, -0.0050101164, -0.005011811, -0.004985543, -0.004925179, -0.00488369, -0.0047810655, -0.0046534985, -0.0044988557, -0.004410068, -0.0042077885, -0.00397341, -0.0038460218, -0.0035782447, -0.0033016445, -0.0031633868, -0.0028917163, -0.0026265907, -0.0023627763, -0.002229538, -0.0019596608, -0.0016896533, -0.0015584374, -0.0013123744, -0.0011003742, -0.0009304752, -0.00086033985, -0.00074380316, -0.0006463501, -0.0006007641, -0.0005121786, -0.00043039786, -0.00039594315, -0.00035290536, -0.00034973648, -0.00037710366, -0.00039319295, -0.00041227695, -0.0004121421, -0.00042183773, -0.00053469307, -0.0008691946, 0, 0, 0, 0, 0, 0, 0, 0, 0, 0, 0, 0, 0, 0, 0, 0, 0, 0, 0, 0, 0, 0, 0, 0, 0, 0, 0, 0, 0, 0, 0, 0, 0, 0, 0, 0, 0, 0, 0, 0, 0
0, 0, 0, 0, 0, 0, 0, 0, 0, 0, 0, 0, 0, 0, 0, 0, 0, 0, 0, 0, 0, 0, 0, 0, 0, 0, 0, 0, 0, 0, 0, 0, 0, -0.0014838143, -0.0013534892, -0.0013340834, -0.001400616, -0.0015135277, -0.0015646768, -0.0016443878, -0.0016962528, -0.0017160354, -0.0017483137, -0.0017781015, -0.0018102813, -0.0018288518, -0.0018759884, -0.0019437263, -0.001988191, -0.0021022505, -0.0022512092, -0.002431998, -0.0025317685, -0.0027453837, -0.0029708024, -0.0030850107, -0.0033135787, -0.0035345221, -0.003640468, -0.0038412106, -0.0040265797, -0.004199342, -0.004282852, -0.00444457, -0.004599698, -0.0046729054, -0.0048036017, -0.0049048276, -0.0049685063, -0.0049848254, -0.004986744, -0.004953256, -0.004924648, -0.0048489342, -0.004751051, -0.0046281284, -0.0045546773, -0.0043774866, -0.0041557755, -0.0040286398, -0.0037488306, -0.0034485208, -0.003296189, -0.0029961076, -0.002706658, -0.0024235516, -0.002280879, -0.001986879, -0.0016757098, -0.0015152195, -0.0011942255, -0.00089259044, -0.000632668, -0.0005226724, -0.0003426892, -0.00020658685, -0.00014901326, -4.3976062e-05, 5.656269e-05, 0.00010457404, 0.00018635605, 0.00023570476, 0.0002513598, 0.00025133812, 0.00025496242, 0.00025690522, 0.00022909997, -5.9774105e-05, 0, 0, 0, 0, 0, 0, 0, 0, 0, 0, 0, 0, 0, 0, 0, 0, 0, 0, 0, 0, 0, 0, 0, 0, 0, 0, 0, 0, 0, 0, 0, 0, 0, 0, 0, 0, 0, 0, 0, 0, 0, 0
0, 0, 0, 0, 0, 0, 0, 0, 0, 0, 0, 0, 0, 0, 0, 0, 0, 0, 0, 0, 0, 0, 0, 0, 0, 0, 0, 0, 0, 0, 0, 0, -0.0016849888, -0.0014738815, -0.0015455831, -0.0016273307, -0.0018175013, -0.0019943644, -0.0020672695, -0.0021790322, -0.0022481089, -0.0022710776, -0.0023006056, -0.002317929, -0.002331346, -0.0023376513, -0.0023535911, -0.0023767364, -0.0023929954, -0.002436737, -0.0025006884, -0.0025898258, -0.002644418, -0.002774035, -0.0029267557, -0.0030099286, -0.0031837954, -0.0033615348, -0.003449028, -0.0036179745, -0.0037753482, -0.0039216736, -0.003992297, -0.0041331057, -0.0042751315, -0.004345894, -0.0044805785, -0.00459587, -0.0046806764, -0.004708933, -0.0047358363, -0.0047259964, -0.0047091083, -0.004658577, -0.004590888, -0.004506561, -0.004455674, -0.004327384, -0.0041514877, -0.004043959, -0.0037929236, -0.0035064048, -0.0033560754, -0.0030536386, -0.002760715, -0.002479265, -0.0023408504, -0.0020557288, -0.0017472748, -0.0015816994, -0.0012314768, -0.0008752048, -0.0005428075, -0.00039403263, -0.00014272494, 4.7574278e-05, 0.00012354796, 0.00025179752, 0.00036593477, 0.00042229734, 0.0005307628, 0.00062293006, 0.00069215096, 0.0007217781, 0.00078604853, 0.00084469246, 0.00084841787, 0, 0, 0, 0, 0, 0, 0, 0, 0, 0, 0, 0, 0, 0, 0, 0, 0, 0, 0, 0, 0, 0, 0, 0, 0, 0, 0, 0, 0, 0, 0, 0, 0, 0, 0, 0, 0, 0, 0, 0, 0, 0, 0
0, 0, 0, 0, 0, 0, 0, 0, 0, 0, 0, 0, 0, 0, 0, 0, 0, 0, 0, 0, 0, 0, 0, 0, 0, 0, 0, 0, 0, 0, 0, -0.003051016, -0.0021224066, -0.0017977554, -0.0019247626, -0.0020453455, -0.002301526, -0.0025283878, -0.0026225331, -0.0027685205, -0.0028611694, -0.002890224, -0.002921389, -0.0029266146, -0.0029176085, -0.0029100112, -0.00289394, -0.002879206, -0.0028727318, -0.0028605806, -0.0028514608, -0.0028517651, -0.0028578443, -0.002886411, -0.0029405954, -0.002976804, -0.003064924, -0.003170136, -0.0032264306, -0.0033424417, -0.0034552116, -0.0035599999, -0.0036097649, -0.003708398, -0.0038114684, -0.0038657743, -0.0039767264, -0.0040821265, -0.0041684676, -0.004201503, -0.004242862, -0.004248965, -0.0042408267, -0.004207394, -0.0041614184, -0.004109657, -0.0040802835, -0.0040065586, -0.0038956066, -0.0038218873, -0.0036350563, -0.0034020687, -0.0032724084, -0.003000212, -0.0027268135, -0.0024647354, -0.0023380178, -0.0020848678, -0.0018142983, -0.001666389, -0.0013398118, -0.0009819117, -0.0006184939, -0.0004454496, -0.00013419893, 0.00011697189, 0.00021865156, 0.00038560832, 0.0005227743, 0.0005878731, 0.0007206891, 0.00085508253, 0.0009908052, 0.0010650471, 0.0012422722, 0.0013862428, 0.0014655117, 0, 0, 0, 0, 0, 0, 0, 0, 0, 0, 0, 0, 0, 0, 0, 0, 0, 0, 0, 0, 0, 0, 0, 0, 0, 0, 0, 0, 0, 0, 0, 0, 0, 0, 0, 0, 0, 0, 0, 0, 0, 0, 0
0, 0, 0, 0, 0, 0, 0, 0, 0, 0, 0, 0, 0, 0, 0, 0, 0, 0, 0, 0, 0, 0, 0, 0, 0, 0, 0, 0, 0, 0, -0.0030232552, -0.002677823, -0.0022702166, -0.0022005655, -0.0023860778, -0.0025202464, -0.0028058647, -0.003070357, -0.0031854087, -0.0033737523, -0.0035015012, -0.0035434172, -0.0035868508, -0.0035854252, -0.0035521945, -0.003527607, -0.0034725454, -0.0034162342, -0.0033883227, -0.003331639, -0.0032692123, -0.0032011578, -0.0031665827, -0.0031025999, -0.003053849, -0.0030370613, -0.0030205033, -0.003028909, -0.0030416832, -0.0030798104, -0.0031258867, -0.0031688455, -0.0031877176, -0.0032226557, -0.003261209, -0.0032845133, -0.0033409684, -0.0034050627, -0.0034685144, -0.0034962723, -0.0035365357, -0.0035506955, -0.003547458, -0.0035244983, -0.0034901071, -0.003456808, -0.0034418723, -0.0034104225, -0.0033619762, -0.0033255145, -0.0032204408, -0.0030688227, -0.0029768934, -0.0027676208, -0.0025402792, -0.0023145822, -0.0022060424, -0.0019957244, -0.001781532, -0.0016656696, -0.001403626, -0.0010977839, -0.0007612467, -0.0005891922, -0.00025739765, 3.4506695e-05, 0.00016048843, 0.00037112558, 0.00054167374, 0.0006207312, 0.0007857326, 0.000975303, 0.0011981429, 0.0013260443, 0.0016885073, 0, 0, 0, 0, 0, 0, 0, 0, 0, 0, 0, 0, 0, 0, 0, 0, 0, 0, 0, 0, 0, 0, 0, 0, 0, 0, 0, 0, 0, 0, 0, 0, 0, 0, 0, 0, 0, 0, 0, 0, 0, 0, 0, 0, 0
0, 0, 0, 0, 0, 0, 0, 0, 0, 0, 0, 0, 0, 0, 0, 0, 0, 0, 0, 0, 0, 0, 0, 0, 0, 0, 0, 0, 0, -0.0024327894, -0.0023164437, -0.0022787473, -0.0023196929, -0.0024965235, -0.002764485, -0.0029152895, -0.0032254609, -0.0035235407, -0.0036607995, -0.0038991263, -0.0040782206, -0.0041425154, -0.004219897, -0.004232091, -0.004190305, -0.004153886, -0.004063113, -0.0039633345, -0.0039139395, -0.0038159434, -0.0037135552, -0.00359788, -0.0035348586, -0.003401093, -0.0032650698, -0.0031992544, -0.0030781075, -0.0029789754, -0.002940004, -0.0028806836, -0.0028392908, -0.0028017994, -0.0027813604, -0.0027360606, -0.0026917546, -0.0026733768, -0.0026490511, -0.0026440332, -0.0026556111, -0.0026649183, -0.0026844875, -0.0026937465, -0.0026918016, -0.0026733605, -0.0026417365, -0.0026117398, -0.0026008931, -0.0025876344, -0.0025789547, -0.00257123, -0.0025403232, -0.0024769695, -0.0024303612, -0.002307508, -0.0021518166, -0.0019820973, -0.0018978686, -0.0017369336, -0.0015828594, -0.0015025835, -0.001323376, -0.001105346, -0.0008457433, -0.0007034999, -0.0004081435, -0.00011995894, 1.3624767e-05, 0.00025064946, 0.00045210816, 0.0005473106, 0.0007525656, 0.0010223922, 0.001379029, 0.001546184, 0, 0, 0, 0, 0, 0, 0, 0, 0, 0, 0, 0, 0, 0, 0, 0, 0, 0, 0, 0, 0, 0, 0, 0, 0, 0, 0, 0, 0, 0, 0, 0, 0, 0, 0, 0, 0, 0, 0, 0, 0, 0, 0, 0, 0, 0
0, 0, 0, 0, 0, 0, 0, 0, 0, 0, 0, 0, 0, 0, 0, 0, 0, 0, 0, 0, 0, 0, 0, 0, 0, 0, 0, 0, -0.000943201, -0.0013800188, -0.0016742145, -0.0018322917, -0.0021819626, -0.0025505673, -0.0029149991, -0.0030927367, -0.0034414507, -0.0037767836, -0.0039364053, -0.004230166, -0.0044721984, -0.004568678, -0.00470602, -0.004764495, -0.004748797, -0.0047167153, -0.0046165786, -0.004489949, -0.0044227634, -0.004288684, -0.0041517336, -0.004002438, -0.003920947, -0.0037413454, -0.0035429555, -0.0034392667, -0.0032308102, -0.0030326818, -0.002941689, -0.0027796072, -0.0026416497, -0.0025161337, -0.0024537914, -0.002325081, -0.0021939827, -0.00212976, -0.0020115052, -0.0019156134, -0.001848124, -0.0018247766, -0.0017961202, -0.0017796052, -0.0017710152, -0.0017455454, -0.0017075088, -0.0016670445, -0.001649827, -0.0016287063, -0.001627205, -0.001631877, -0.001645203, -0.001650964, -0.0016467487, -0.001614153, -0.0015467795, -0.0014520637, -0.0013999165, -0.001296461, -0.0012003309, -0.0011535669, -0.0010546651, -0.0009321514, -0.0007754189, -0.0006820123, -0.00047055035, -0.00023752055, -0.00011945904, 0.00010738322, 0.00031878694, 0.0004236271, 0.00066234975, 0.0010203888, 0.0016261461, 0.0018709598, 0, 0, 0, 0, 0, 0, 0, 0, 0, 0, 0, 0, 0, 0, 0, 0, 0, 0, 0, 0, 0, 0, 0, 0, 0, 0, 0, 0, 0, 0, 0, 0, 0, 0, 0, 0, 0, 0, 0, 0, 0, 0, 0, 0, 0, 0
0, 0, 0, 0, 0, 0, 0, 0, 0, 0, 0, 0, 0, 0, 0, 0, 0, 0, 0, 0, 0, 0, 0, 0, 0, 0, 0, 0.0003927534, 8.450515e-06, -0.0005328605, -0.0010210372, -0.0012743119, -0.001792788, -0.0022953986, -0.0027563155, -0.0029711807, -0.0033742886, -0.0037538472, -0.0039362167, -0.004281613, -0.004588022, -0.0047210436, -0.004935032, -0.0050708316, -0.005121542, -0.0051162275, -0.0050522042, -0.004935817, -0.0048658187, -0.004714035, -0.004553217, -0.0043799677, -0.004286239, -0.0040802024, -0.0038461147, -0.0037195613, -0.0034520086, -0.0031784854, -0.0030448646, -0.0027936914, -0.0025671197, -0.0023605786, -0.002260631, -0.0020590746, -0.0018521694, -0.0017471643, -0.0015389293, -0.0013452207, -0.0011796224, -0.0011106286, -0.0010028788, -0.0009293558, -0.0009001679, -0.00084608834, -0.0007876869, -0.0007245487, -0.0006943385, -0.00064563454, -0.00062089704, -0.00061914796, -0.0006363884, -0.0006742555, -0.00069663813, -0.0007360322, -0.0007550584, -0.0007466245, -0.00073419773, -0.0006997189, -0.00066459575, -0.0006485245, -0.0006176128, -0.0005790156, -0.0005198679, -0.00047876473, -0.000369298, -0.00022376268, -0.00014057368, 3.9422346e-05, 0.00023055625, 0.00033248847, 0.00057160907, 0.00096445536, 0, 0, 0, 0, 0, 0, 0, 0, 0, 0, 0, 0, 0, 0, 0, 0, 0, 0, 0, 0, 0, 0, 0, 0, 0, 0, 0, 0, 0, 0, 0, 0, 0, 0, 0, 0, 0, 0, 0, 0, 0, 0, 0, 0, 0, 0, 0, 0
0, 0, 0, 0, 0, 0, 0, 0, 0, 0, 0, 0, 0, 0, 0, 0, 0, 0, 0, 0, 0, 0, 0, 0, 0, 0, 0.0014348369, 0.000797637, 0.0005578824, 0.000119138414, -0.00035626662, -0.00061900856, -0.0011793337, -0.0017471814, -0.0022850067, -0.002536546, -0.0030044706, -0.0034359514, -0.0036409823, -0.00403306, -0.004394136, -0.004559157, -0.00484891, -0.005072124, -0.0052157706, -0.0052551744, -0.005270929, -0.0052120076, -0.0051605487, -0.0050272997, -0.0048675756, -0.004687075, -0.0045890906, -0.004374069, -0.0041293856, -0.00399476, -0.00370306, -0.0033899397, -0.0032307056, -0.0029177351, -0.0026256172, -0.002355315, -0.0022259818, -0.001969645, -0.0017065394, -0.001570863, -0.001291559, -0.0010123882, -0.00074808096, -0.0006277299, -0.00041933527, -0.00025693537, -0.00019061904, -7.7765246e-05, 2.1947355e-05, 0.00011972972, 0.00016732673, 0.00025460712, 0.00032034604, 0.00034208564, 0.00035697906, 0.00033080243, 0.0003036143, 0.00023001352, 0.0001485336, 7.762461e-05, 4.929359e-05, 4.978333e-06, -2.8502287e-05, -4.3846467e-05, -7.372921e-05, -0.00010089684, -0.00011733877, -0.00011774861, -9.6438256e-05, -3.7249833e-05, 7.205958e-06, 0.00012138964, 0.0002608764, 0.000342644, 0.0005317631, 0, 0, 0, 0, 0, 0, 0, 0, 0, 0, 0, 0, 0, 0, 0, 0, 0, 0, 0, 0, 0, 0, 0, 0, 0, 0, 0, 0, 0, 0, 0, 0, 0, 0, 0, 0, 0, 0, 0, 0, 0, 0, 0, 0, 0, 0, 0, 0, 0
0, 0, 0, 0, 0, 0, 0, 0, 0, 0, 0, 0, 0, 0, 0, 0, 0, 0, 0, 0, 0, 0, 0, 0, 0, 0.0015127275, 0.0013024436, 0.0010353038, 0.0009096726, 0.0006345933, 0.00027555836, 5.7243054e-05, -0.00044368615, -0.0009989694, -0.0015648457, -0.0018411203, -0.0023667142, -0.0028525873, -0.0030822663, -0.0035171774, -0.0039214576, -0.0041111284, -0.0044590603, -0.0047562737, -0.0049898797, -0.005079072, -0.0051965644, -0.005230833, -0.005218483, -0.005145591, -0.005022027, -0.004862077, -0.004771315, -0.0045691878, -0.004338625, -0.004211208, -0.0039309636, -0.0036192783, -0.0034549797, -0.0031203043, -0.002792048, -0.002479958, -0.0023298466, -0.0020351529, -0.0017359911, -0.0015816627, -0.0012587338, -0.00092251465, -0.0005831287, -0.00041818316, -0.000110385816, 0.00015519842, 0.00026971844, 0.0004674736, 0.0006323495, 0.000779257, 0.00084845966, 0.0009794063, 0.0010937435, 0.0011410972, 0.001208281, 0.001227681, 0.001217253, 0.0011568653, 0.001056866, 0.0009375653, 0.00087670714, 0.00076086516, 0.00065514137, 0.00060595956, 0.00051346084, 0.0004304415, 0.00036215677, 0.00033572235, 0.00030562395, 0.00031366153, 0.00033219034, 0.00038757923, 0.00044068406, 0.00046435976, 0.00061103975, 0, 0, 0, 0, 0, 0, 0, 0, 0, 0, 0, 0, 0, 0, 0, 0, 0, 0, 0, 0, 0, 0, 0, 0, 0, 0, 0, 0, 0, 0, 0, 0, 0, 0, 0, 0, 0, 0, 0, 0, 0, 0, 0, 0, 0, 0, 0, 0, 0
0, 0, 0, 0, 0, 0, 0, 0, 0, 0, 0, 0, 0, 0, 0, 0, 0, 0, 0, 0, 0, 0, 0, 0.0017366603, 0.0016064441, 0.0012520257, 0.0011210281, 0.0010673048, 0.0010421057, 0.000949007, 0.0007578978, 0.0006183213, 0.0002533883, -0.000207298, -0.00072984496, -0.0010021308, -0.0015464479, -0.002070318, -0.0023207152, -0.0027954977, -0.0032366086, -0.0034442046, -0.003831845, -0.0041778656, -0.0044773314, -0.004606931, -0.0048179487, -0.004954164, -0.0049919356, -0.0050080293, -0.0049545835, -0.004846056, -0.004776052, -0.0046112123, -0.004417519, -0.0043100817, -0.004072936, -0.0038014166, -0.0036536169, -0.0033379123, -0.0030087724, -0.0026798628, -0.00251825, -0.0021997364, -0.0018803544, -0.0017175449, -0.001380168, -0.0010236718, -0.00065025955, -0.0004604713, -8.515069e-05, 0.00026728268, 0.00042904052, 0.0007194055, 0.00096570945, 0.0011780736, 0.0012752659, 0.0014555693, 0.0016183164, 0.0016918324, 0.001816425, 0.0018986162, 0.0019193062, 0.0019136147, 0.001846443, 0.001729438, 0.0016586112, 0.0015022191, 0.0013392572, 0.0012578313, 0.0011009533, 0.0009611396, 0.0008517727, 0.00081378286, 0.00078125927, 0.000809634, 0.0008392475, 0.00087834307, 0.00078572094, 0, 0, 0, 0, 0, 0, 0, 0, 0, 0, 0, 0, 0, 0, 0, 0, 0, 0, 0, 0, 0, 0, 0, 0, 0, 0, 0, 0, 0, 0, 0, 0, 0, 0, 0, 0, 0, 0, 0, 0, 0, 0, 0, 0, 0, 0, 0, 0, 0, 0, 0
0, 0, 0, 0, 0, 0, 0, 0, 0, 0, 0, 0, 0, 0, 0, 0, 0, 0, 0, 0, 0, 0, 0, 0.00093097694, 0.00091232115, 0.0007978153, 0.0007774987, 0.00084956095, 0.00089638424, 0.0009640545, 0.0009530512, 0.0009071808, 0.00072705, 0.0004301267, 3.2630105e-05, -0.000194779, -0.00068689504, -0.0011988138, -0.001454191, -0.0019519507, -0.0024234438, -0.0026464332, -0.0030632, -0.0034392416, -0.0037758327, -0.0039297966, -0.004204569, -0.0044244137, -0.004508689, -0.0046191267, -0.004652328, -0.0046167145, -0.0045778356, -0.0044681947, -0.0043273205, -0.0042477236, -0.0040708454, -0.003866017, -0.0037504232, -0.0034908422, -0.003197572, -0.0028832925, -0.0027225553, -0.0023999678, -0.0020775204, -0.0019156357, -0.0015863217, -0.0012438027, -0.00088191713, -0.0006931977, -0.0003026401, 9.1231064e-05, 0.00028321915, 0.0006462371, 0.00097159046, 0.0012582042, 0.0013883897, 0.0016275859, 0.001841748, 0.0019402704, 0.0021180762, 0.002264483, 0.0023213772, 0.0023941167, 0.0024018232, 0.0023414833, 0.0022884356, 0.002145132, 0.0019644632, 0.001864467, 0.0016573886, 0.0014609953, 0.0013119255, 0.0012700564, 0.0012811887, 0.0014395574, 0.0015625982, 0.0017092125, 0, 0, 0, 0, 0, 0, 0, 0, 0, 0, 0, 0, 0, 0, 0, 0, 0, 0, 0, 0, 0, 0, 0, 0, 0, 0, 0, 0, 0, 0, 0, 0, 0, 0, 0, 0, 0, 0, 0, 0, 0, 0, 0, 0, 0, 0, 0, 0, 0, 0, 0, 0
0, 0, 0, 0, 0, 0, 0, 0, 0, 0, 0, 0, 0, 0, 0, 0, 0, 0, 0, 0, 0, 0, 0.00022439391, 0.00031997773, 0.00029372989, 0.00022534053, 0.00024292499, 0.00036433066, 0.00044973826, 0.0006285881, 0.00076964154, 0.0008119886, 0.00082255853, 0.0007242034, 0.00051400915, 0.00036948154, 1.4062939e-05, -0.00040903315, -0.0006372948, -0.0011122286, -0.0015902229, -0.0018228777, -0.0022626214, -0.0026597665, -0.00301536, -0.003179773, -0.0034851544, -0.0037541515, -0.0038701603, -0.004054802, -0.0041678846, -0.004208269, -0.0042039515, -0.0041549904, -0.004068512, -0.004016244, -0.003898676, -0.0037640724, -0.0036869892, -0.0035045182, -0.0032795863, -0.0030148616, -0.0028724093, -0.0025762247, -0.002274259, -0.0021237445, -0.0018228606, -0.0015185633, -0.0012024649, -0.0010365791, -0.000684754, -0.0003069972, -0.0001119594, 0.00027813428, 0.00065512914, 0.001005635, 0.0011694925, 0.0014718556, 0.0017420549, 0.0018663045, 0.0020942972, 0.002297144, 0.0023881684, 0.002540546, 0.0026399498, 0.0026727198, 0.0026618007, 0.0025872693, 0.0024489532, 0.0023593192, 0.0021509596, 0.0019289159, 0.0017524466, 0.0017086285, 0.0017765991, 0.002115875, 0.0024190038, 0.0029892882, 0, 0, 0, 0, 0, 0, 0, 0, 0, 0, 0, 0, 0, 0, 0, 0, 0, 0, 0, 0, 0, 0, 0, 0, 0, 0, 0, 0, 0, 0, 0, 0, 0, 0, 0, 0, 0, 0, 0, 0, 0, 0, 0, 0, 0, 0, 0, 0, 0, 0, 0, 0
0, 0, 0, 0, 0, 0, 0, 0, 0, 0, 0, 0, 0, 0, 0, 0, 0, 0, 0, 0, 0, 9.6806165e-05, 2.846755e-05, -0.00012261525, -0.00021241153, -0.0003653564, -0.00041456576, -0.00033470767, -0.000253085, -3.842997e-05, 0.00019361515, 0.00029881237, 0.00046382775, 0.0005494579, 0.000542976, 0.00050263264, 0.00034576192, 9.018542e-05, -7.148645e-05, -0.00045107593, -0.00088149315, -0.0011055777, -0.0015479681, -0.0019564875, -0.0023213378, -0.002488436, -0.0027991273, -0.0030817308, -0.0032106088, -0.003435446, -0.0036023543, -0.0037031819, -0.0037282067, -0.0037312298, -0.0036865582, -0.003652811, -0.0035751397, -0.0034910904, -0.0034457596, -0.0033378568, -0.003194475, -0.0030082983, -0.0029015262, -0.0026677854, -0.0024173923, -0.0022900274, -0.002035506, -0.0017845031, -0.0015321717, -0.0014016426, -0.0011227303, -0.00080979435, -0.00063976075, -0.00027664492, 0.0001026888, 0.0004825448, 0.00066803093, 0.0010224337, 0.0013464752, 0.0014960136, 0.001772692, 0.002023831, 0.0021416384, 0.0023597307, 0.0025427483, 0.002672404, 0.002712849, 0.002740692, 0.002701177, 0.0026593325, 0.0025426454, 0.0023992828, 0.0022720494, 0.0022431866, 0.0023290154, 0.0027122512, 0, 0, 0, 0, 0, 0, 0, 0, 0, 0, 0, 0, 0, 0, 0, 0, 0, 0, 0, 0, 0, 0, 0, 0, 0, 0, 0, 0, 0, 0, 0, 0, 0, 0, 0, 0, 0, 0, 0, 0, 0, 0, 0, 0, 0, 0, 0, 0, 0, 0, 0, 0, 0, 0
0, 0, 0, 0, 0, 0, 0, 0, 0, 0, 0, 0, 0, 0, 0, 0, 0, 0, 0, -0.0006456313, -0.000348945, -0.00018175847, -0.00022340707, -0.0004835459, -0.0006357977, -0.0009172181, -0.0011050368, -0.0011505736, -0.0011168164, -0.00095437665, -0.0007133038, -0.00058249536, -0.0003305381, -0.0001147516, 4.7980044e-05, 0.00010560357, 0.00016056937, 0.00012052939, 5.9086153e-05, -0.00014784718, -0.00045693113, -0.0006399821, -0.001036824, -0.0014332043, -0.0017945253, -0.0019584964, -0.00225706, -0.0025267515, -0.0026517138, -0.0028796063, -0.0030680024, -0.0032013499, -0.0032445737, -0.0032808732, -0.003259045, -0.0032324858, -0.0031645182, -0.0030947567, -0.0030625607, -0.0029993868, -0.0029230772, -0.0028199714, -0.0027561155, -0.0026069265, -0.0024346963, -0.0023424816, -0.002152394, -0.0019624461, -0.0017766606, -0.0016836389, -0.001487642, -0.0012636393, -0.001136608, -0.0008496973, -0.0005236228, -0.0001683861, 1.5021871e-05, 0.00038382105, 0.00074050395, 0.00090935983, 0.0012263185, 0.0015171783, 0.0016559717, 0.0019200074, 0.002161346, 0.0023663759, 0.0024502922, 0.0025775312, 0.002659106, 0.0026934016, 0.0027844242, 0.00292735, 0.0030681794, 0.0031361193, 0.0031013337, 0, 0, 0, 0, 0, 0, 0, 0, 0, 0, 0, 0, 0, 0, 0, 0, 0, 0, 0, 0, 0, 0, 0, 0, 0, 0, 0, 0, 0, 0, 0, 0, 0, 0, 0, 0, 0, 0, 0, 0, 0, 0, 0, 0, 0, 0, 0, 0, 0, 0, 0, 0, 0, 0, 0
0, 0, 0, 0, 0, 0, 0, 0, 0, 0, 0, 0, 0, 0, 0, 0, 0, 0, -0.0014119633, -0.00078871445, -0.00047622144, -0.0004102987, -0.000493814, -0.00079029385, -0.000981315, -0.0013817819, -0.0017344332, -0.0019632406, -0.0020149352, -0.00199024, -0.001827067, -0.0017117712, -0.0014516235, -0.0011790324, -0.00091117935, -0.0007829721, -0.0005509523, -0.0003788369, -0.0003273456, -0.00031271446, -0.000430467, -0.0005368667, -0.0008241678, -0.0011627513, -0.001497173, -0.0016503477, -0.0019254234, -0.0021639178, -0.0022734688, -0.0024766994, -0.0026542435, -0.0027922976, -0.002841424, -0.0028907326, -0.0028741593, -0.0028440864, -0.002758673, -0.002664985, -0.0026223543, -0.0025529177, -0.002497851, -0.0024444114, -0.0024137457, -0.0023421799, -0.0022524863, -0.0022001409, -0.002084294, -0.001959581, -0.0018360694, -0.0017763819, -0.0016548126, -0.0015201805, -0.0014428471, -0.0012599566, -0.0010334521, -0.0007625082, -0.0006116238, -0.00028590832, 5.7113488e-05, 0.0002282239, 0.0005620071, 0.0008784884, 0.0010304765, 0.0013240488, 0.0016013017, 0.0018535771, 0.0019665158, 0.0021639622, 0.002344972, 0.0024547258, 0.0028235817, 0.003558764, 0.004274871, 0.004581627, 0, 0, 0, 0, 0, 0, 0, 0, 0, 0, 0, 0, 0, 0, 0, 0, 0, 0, 0, 0, 0, 0, 0, 0, 0, 0, 0, 0, 0, 0, 0, 0, 0, 0, 0, 0, 0, 0, 0, 0, 0, 0, 0, 0, 0, 0, 0, 0, 0, 0, 0, 0, 0, 0, 0, 0
0, 0, 0, 0, 0, 0, 0, 0, 0, 0, 0, 0, 0, 0, 0, 0, 0, -0.0027849858, -0.0021088808, -0.0012320193, -0.0008444463, -0.00076615496, -0.00079382636, -0.0010423827, -0.0012323371, -0.0016960773, -0.002193325, -0.00262436, -0.0027862114, -0.0029684622, -0.0029641292, -0.0029050533, -0.0027128702, -0.002455861, -0.002155244, -0.001991618, -0.0016486815, -0.0013114808, -0.0011596613, -0.0009226702, -0.0008150172, -0.00081874523, -0.0009380831, -0.0011687301, -0.0014418142, -0.0015754233, -0.0018144087, -0.0020139213, -0.0021029564, -0.0022659688, -0.0024119134, -0.0025337182, -0.0025796231, -0.0026273238, -0.0026054261, -0.0025676293, -0.0024491663, -0.0023028115, -0.0022295087, -0.002100464, -0.0020032711, -0.001936084, -0.0019111389, -0.0018712968, -0.0018348667, -0.0018147441, -0.0017636105, -0.0017010337, -0.0016341124, -0.0016018404, -0.0015416866, -0.0014835523, -0.0014529448, -0.0013794319, -0.001277917, -0.001134047, -0.0010428436, -0.0008194073, -0.00054875616, -0.0004005276, -9.213264e-05, 0.00022064045, 0.00037587844, 0.0006823657, 0.0009804746, 0.0012620072, 0.0013933383, 0.0016393436, 0.001891328, 0.0020510082, 0.0026216751, 0.004278978, 0.005785355, 0, 0, 0, 0, 0, 0, 0, 0, 0, 0, 0, 0, 0, 0, 0, 0, 0, 0, 0, 0, 0, 0, 0, 0, 0, 0, 0, 0, 0, 0, 0, 0, 0, 0, 0, 0, 0, 0, 0, 0, 0, 0, 0, 0, 0, 0, 0, 0, 0, 0, 0, 0, 0, 0, 0, 0, 0
0, 0, 0, 0, 0, 0, 0, 0, 0, 0, 0, 0, 0, 0, 0, 0, -0.011686987, -0.0055659963, -0.0038623705, -0.0022478127, -0.0015560618, -0.0013599062, -0.0011756251, -0.0012518715, -0.0013827801, -0.0018017654, -0.0023663912, -0.0029665404, -0.0032401502, -0.003667596, -0.003889639, -0.0039248, -0.0038736737, -0.0037007895, -0.0034348639, -0.0032715714, -0.002890682, -0.0024601608, -0.0022388063, -0.0018230949, -0.0015009267, -0.001395106, -0.0013154044, -0.0013963922, -0.0015758239, -0.0016785109, -0.0018728198, -0.002034759, -0.0021045418, -0.002229665, -0.002341772, -0.0024394204, -0.0024784612, -0.0025198257, -0.0024919359, -0.0024471935, -0.0022982303, -0.0020900492, -0.0019764032, -0.0017513591, -0.0015568851, -0.0014071815, -0.0013503224, -0.0012710016, -0.0012279325, -0.001214927, -0.0011951843, -0.0011757906, -0.0011549175, -0.001146107, -0.0011356442, -0.0011391761, -0.0011468758, -0.001169081, -0.0011884766, -0.0011827819, -0.0011635962, -0.0010795012, -0.0009306398, -0.0008331528, -0.0006021508, -0.00033685623, -0.00019531864, 9.935375e-05, 0.0004014192, 0.00070246885, 0.0008503569, 0.001148022, 0.001485511, 0.0016940318, 0.0022161477, 0, 0, 0, 0, 0, 0, 0, 0, 0, 0, 0, 0, 0, 0, 0, 0, 0, 0, 0, 0, 0, 0, 0, 0, 0, 0, 0, 0, 0, 0, 0, 0, 0, 0, 0, 0, 0, 0, 0, 0, 0, 0, 0, 0, 0, 0, 0, 0, 0, 0, 0, 0, 0, 0, 0, 0, 0, 0, 0
0, 0, 0, 0, 0, 0, 0, 0, 0, 0, 0, 0, 0, 0, 0, -0.009354316, -0.008594325, -0.006132916, -0.005028701, -0.0035241488, -0.0025746932, -0.0022186518, -0.001704904, -0.0014728613, -0.0014713777, -0.0016957971, -0.0021867699, -0.002850597, -0.0032047713, -0.0038593432, -0.0043442855, -0.0045047, -0.004667807, -0.0046508485, -0.0044901758, -0.0043612393, -0.00401508, -0.003566822, -0.0033142515, -0.002788103, -0.0022981125, -0.0020944232, -0.0018152813, -0.0017235284, -0.0017816243, -0.001843242, -0.0019847746, -0.002116421, -0.0021743665, -0.0022793335, -0.002375278, -0.00246263, -0.002499823, -0.0025446722, -0.002522416, -0.00247804, -0.0023135548, -0.0020598022, -0.0019094364, -0.0015880972, -0.0012727618, -0.0009950474, -0.00087637524, -0.0006864747, -0.0005626293, -0.00052213506, -0.00047443475, -0.00045684393, -0.00045893702, -0.00046569688, -0.000492379, -0.0005419664, -0.0005766562, -0.00066751667, -0.00077772693, -0.0008879871, -0.0009343979, -0.0009925985, -0.0009868674, -0.00095748587, -0.000847827, -0.00067716656, -0.00057207013, -0.00032943333, -5.3380285e-05, 0.00024742412, 0.00040664658, 0.0007625173, 0.0012388353, 0.0015509524, 0.0022939327, 0, 0, 0, 0, 0, 0, 0, 0, 0, 0, 0, 0, 0, 0, 0, 0, 0, 0, 0, 0, 0, 0, 0, 0, 0, 0, 0, 0, 0, 0, 0, 0, 0, 0, 0, 0, 0, 0, 0, 0, 0, 0, 0, 0, 0, 0, 0, 0, 0, 0, 0, 0, 0, 0, 0, 0, 0, 0, 0
0, 0, 0, 0, 0, 0, 0, 0, 0, 0, 0, 0, 0, 0, -0.008936657, -0.0074250577, -0.0070606293, -0.006397575, -0.0059016855, -0.004829223, -0.0037756702, -0.0032818047, -0.0024151858, -0.0017917941, -0.0015965, -0.0014709149, -0.0017086504, -0.0022639206, -0.0026252226, -0.0034083084, -0.004128668, -0.004424247, -0.0048544575, -0.005069977, -0.0050908355, -0.0050350134, -0.004797754, -0.004407513, -0.0041625244, -0.0036009548, -0.0030080574, -0.0027294036, -0.0022723281, -0.002000565, -0.0019123266, -0.0019200587, -0.0019921067, -0.002093826, -0.0021470154, -0.0022553094, -0.0023655463, -0.0024763197, -0.0025282016, -0.0026081696, -0.0026226179, -0.0025932584, -0.0024460156, -0.0021830322, -0.00201605, -0.001634498, -0.0012223733, -0.00081622315, -0.00062501954, -0.0002840794, -1.5442798e-05, 8.8649744e-05, 0.00023711605, 0.00031553584, 0.0003372611, 0.00033133486, 0.00029219713, 0.00021950023, 0.00017003182, 4.3974942e-05, -0.00011570793, -0.00029738303, -0.0003893841, -0.00055957714, -0.0006873234, -0.00072845584, -0.00075741095, -0.00071402383, -0.00066595967, -0.00052299316, -0.0003209403, -6.5606255e-05, 8.416787e-05, 0.00046559604, 0.0010810234, 0.0013197369, 0, 0, 0, 0, 0, 0, 0, 0, 0, 0, 0, 0, 0, 0, 0, 0, 0, 0, 0, 0, 0, 0, 0, 0, 0, 0, 0, 0, 0, 0, 0, 0, 0, 0, 0, 0, 0, 0, 0, 0, 0, 0, 0, 0, 0, 0, 0, 0, 0, 0, 0, 0, 0, 0, 0, 0, 0, 0, 0, 0
0, 0, 0, 0, 0, 0, 0, 0, 0, 0, 0, 0, -0.00865609, -0.0068430924, -0.00651483, -0.006308721, -0.0065988963, -0.0067668506, -0.0066467007, -0.0060034865, -0.004999201, -0.004431594, -0.003291484, -0.0022830935, -0.0018701438, -0.0012966136, -0.0011196622, -0.0013681847, -0.0016365828, -0.0023723126, -0.0032114803, -0.0036129123, -0.0043037403, -0.0047963844, -0.0050724945, -0.0051283687, -0.0050795455, -0.0048245215, -0.004626046, -0.004106643, -0.003481121, -0.003157009, -0.002559754, -0.002111798, -0.0018541532, -0.0017907267, -0.0017576212, -0.0018061501, -0.0018492119, -0.001964661, -0.0021140543, -0.0022881369, -0.0023792565, -0.0025460257, -0.0026497745, -0.0026613446, -0.002585762, -0.0023726113, -0.0022209922, -0.0018477462, -0.001406269, -0.00092348724, -0.0006761164, -0.00019051161, 0.00025011375, 0.000442727, 0.000758127, 0.0009716891, 0.0010850861, 0.0011081862, 0.001101916, 0.0010394896, 0.000990945, 0.00086390774, 0.0006964466, 0.0004909565, 0.0003776256, 0.00014126414, -8.422503e-05, -0.00018362758, -0.00033934612, -0.00042610036, -0.00044332148, -0.0004326604, -0.00036458162, -0.00022606215, -0.00012978399, 0.00019530657, 0, 0, 0, 0, 0, 0, 0, 0, 0, 0, 0, 0, 0, 0, 0, 0, 0, 0, 0, 0, 0, 0, 0, 0, 0, 0, 0, 0, 0, 0, 0, 0, 0, 0, 0, 0, 0, 0, 0, 0, 0, 0, 0, 0, 0, 0, 0, 0, 0, 0, 0, 0, 0, 0, 0, 0, 0, 0, 0, 0, 0, 0
0, 0, 0, 0, 0, 0, 0, 0, 0, 0, 0, 0, -0.002748877, -0.004102075, -0.00447181, -0.005294851, -0.006249731, -0.006962914, -0.0071024857, -0.0068675363, -0.0060526226, -0.0054961783, -0.0042356243, -0.002947959, -0.0023487408, -0.0013320472, -0.00066767173, -0.00046057062, -0.00053966086, -0.0010190362, -0.0017887842, -0.0022199082, -0.0030729147, -0.0038144188, -0.004370829, -0.004565411, -0.0047725397, -0.004729253, -0.004615723, -0.0042203213, -0.0036399907, -0.0033064187, -0.002624212, -0.0020228308, -0.0015829959, -0.0014303852, -0.0012453548, -0.0011879548, -0.0011982733, -0.0012874792, -0.001462526, -0.0017127797, -0.0018586244, -0.002159418, -0.0024145981, -0.0025020598, -0.0025700333, -0.0024861023, -0.0023928175, -0.002120283, -0.0017472715, -0.0012835177, -0.0010214128, -0.0004543706, 0.00013193475, 0.0004168305, 0.0009336282, 0.0013443569, 0.001622609, 0.0017107453, 0.0017980875, 0.001793071, 0.0017647222, 0.001669011, 0.0015271958, 0.0013394739, 0.0012286877, 0.0009769229, 0.0007020717, 0.000566412, 0.00032284544, 0.00013770802, 6.77873e-05, -5.2996544e-05, -0.00019068539, -0.00024951514, -0.00028643015, 0, 0, 0, 0, 0, 0, 0, 0, 0, 0, 0, 0, 0, 0, 0, 0, 0, 0, 0, 0, 0, 0, 0, 0, 0, 0, 0, 0, 0, 0, 0, 0, 0, 0, 0, 0, 0, 0, 0, 0, 0, 0, 0, 0, 0, 0, 0, 0, 0, 0, 0, 0, 0, 0, 0, 0, 0, 0, 0, 0, 0, 0, 0
0, 0, 0, 0, 0, 0, 0, 0, 0, 0, 0.011683519, 0.008717093, 0.0022379283, -0.0007698544, -0.0018227053, -0.0036515342, -0.00528494, -0.0065425276, -0.006939223, -0.0071730125, -0.006699644, -0.0062495195, -0.005067986, -0.0036864816, -0.0029789547, -0.0016372552, -0.0005330429, 0.00016986688, 0.0003324948, 0.00027091545, -0.0002248624, -0.00058445655, -0.0014199878, -0.002289136, -0.0030715251, -0.0033996184, -0.0038852294, -0.0041065533, -0.004112399, -0.0039160214, -0.0034678215, -0.003167475, -0.0024790717, -0.0017786669, -0.0011746878, -0.00092852843, -0.00055755407, -0.00033962794, -0.0002841511, -0.00027943245, -0.0004173752, -0.00069728866, -0.00088457495, -0.0013162504, -0.0017522118, -0.0019410668, -0.0022176958, -0.0023419834, -0.0023511583, -0.0022792711, -0.0020902604, -0.0017693518, -0.0015548571, -0.0010205886, -0.00037516715, -2.7725875e-05, 0.00066876574, 0.001297841, 0.0017916035, 0.0019750537, 0.0022192104, 0.0023244945, 0.0023377459, 0.0023076446, 0.00222184, 0.0020871845, 0.002000826, 0.0017873333, 0.0015263103, 0.0013861934, 0.0011182071, 0.0009033445, 0.00081609754, 0.00061329524, 0.00011242279, -0.000112425645, 0, 0, 0, 0, 0, 0, 0, 0, 0, 0, 0, 0, 0, 0, 0, 0, 0, 0, 0, 0, 0, 0, 0, 0, 0, 0, 0, 0, 0, 0, 0, 0, 0, 0, 0, 0, 0, 0, 0, 0, 0, 0, 0, 0, 0, 0, 0, 0, 0, 0, 0, 0, 0, 0, 0, 0, 0, 0, 0, 0, 0, 0, 0, 0
0, 0, 0, 0, 0, 0, 0, 0, 0, 0.025665855, 0.014115092, 0.010635999, 0.0057033636, 0.0025172422, 0.0011953379, -0.0012361838, -0.0034426919, -0.005252888, -0.005929791, -0.0067134937, -0.006724614, -0.0064738505, -0.005577034, -0.0043176347, -0.0036087022, -0.0021368908, -0.0007444526, 0.0003704293, 0.000766861, 0.0011775371, 0.0010934995, 0.00089601154, 0.0002732784, -0.0005408317, -0.0014143483, -0.0018311443, -0.0025489272, -0.0030366315, -0.0031765266, -0.0032327932, -0.0029932838, -0.0027722688, -0.0021760038, -0.001466037, -0.0007612912, -0.00044046136, 0.00010775052, 0.00051094044, 0.0006546627, 0.0008196332, 0.00080467283, 0.0005930235, 0.0004137011, -6.78384e-05, -0.000633263, -0.0009129375, -0.0014063147, -0.0017775565, -0.0019181018, -0.0021198168, -0.0022124306, -0.0021592118, -0.0020632092, -0.0017105584, -0.0011497501, -0.00080307754, -2.6888772e-05, 0.0007696459, 0.0014752353, 0.0017675727, 0.0022114953, 0.0024776827, 0.0025556528, 0.0026292698, 0.002627545, 0.0025758548, 0.002534877, 0.002419469, 0.0022585213, 0.0021647261, 0.0019773478, 0.0018449129, 0.0018092529, 0.0016988443, 0, 0, 0, 0, 0, 0, 0, 0, 0, 0, 0, 0, 0, 0, 0, 0, 0, 0, 0, 0, 0, 0, 0, 0, 0, 0, 0, 0, 0, 0, 0, 0, 0, 0, 0, 0, 0, 0, 0, 0, 0, 0, 0, 0, 0, 0, 0, 0, 0, 0, 0, 0, 0, 0, 0, 0, 0, 0, 0, 0, 0, 0, 0, 0, 0, 0
0, 0, 0, 0, 0, 0, 0, 0, 0.022646174, 0.019462988, 0.014187459, 0.0119350515, 0.008389952, 0.0055485554, 0.0042204047, 0.001602645, -0.0009337352, -0.003187375, -0.0041218456, -0.0054662186, -0.0060414416, -0.0060520954, -0.005604487, -0.0046662176, -0.0040613627, -0.0026711426, -0.0011891307, 0.00017369736, 0.0007431355, 0.0015612377, 0.001912292, 0.0019206229, 0.0016500882, 0.0010633796, 0.00026990994, -0.00016265076, -0.0010036649, -0.0016982508, -0.0019595341, -0.0022722122, -0.0022865422, -0.0021821372, -0.0017723923, -0.0011608716, -0.0004540098, -9.806493e-05, 0.0005680168, 0.0011277995, 0.0013581257, 0.0017052013, 0.0018740352, 0.0018301259, 0.0017194299, 0.0013258203, 0.00076041056, 0.00044570788, -0.00017988872, -0.00075019797, -0.0010097492, -0.0014855001, -0.001895522, -0.0021864113, -0.0022625492, -0.0022315697, -0.0019256535, -0.0016697505, -0.0009867126, -0.00016328618, 0.0006677975, 0.0010486859, 0.001691671, 0.0021536925, 0.0023185892, 0.0025369546, 0.0026463375, 0.002699182, 0.0027180589, 0.002759049, 0.0028181043, 0.0028556888, 0.0029250889, 0.002997078, 0.0030621712, 0.0032335762, 0, 0, 0, 0, 0, 0, 0, 0, 0, 0, 0, 0, 0, 0, 0, 0, 0, 0, 0, 0, 0, 0, 0, 0, 0, 0, 0, 0, 0, 0, 0, 0, 0, 0, 0, 0, 0, 0, 0, 0, 0, 0, 0, 0, 0, 0, 0, 0, 0, 0, 0, 0, 0, 0, 0, 0, 0, 0, 0, 0, 0, 0, 0, 0, 0, 0
0, 0, 0, 0, 0, 0, 0, 0.013195583, 0.01494599, 0.014853526, 0.013426111, 0.012423909, 0.010263266, 0.008000205, 0.0068195844, 0.004340879, 0.0017632361, -0.0007149875, -0.0018285359, -0.003635358, -0.004750805, -0.0050393282, -0.005119813, -0.0046328166, -0.0042098006, -0.0030786677, -0.0016952598, -0.0002676908, 0.00038975163, 0.0014763351, 0.0021815356, 0.0023860524, 0.0025035774, 0.002252393, 0.0016812044, 0.0013073473, 0.00047715358, -0.00032153694, -0.00066604913, -0.0011871462, -0.0014471066, -0.0014722093, -0.0013102685, -0.00089287147, -0.00028970666, 5.0418414e-05, 0.00074772094, 0.0013978347, 0.0016881707, 0.0021827107, 0.002535254, 0.002703498, 0.0027027742, 0.002514041, 0.0020987452, 0.0018281215, 0.0012212987, 0.00058392336, 0.00026155578, -0.00039419995, -0.0010558536, -0.0016675773, -0.0019250864, -0.0022774276, -0.0023503057, -0.0022686839, -0.0018774819, -0.001237946, -0.00045950687, -5.5405748e-05, 0.0007139989, 0.0013675069, 0.0016340597, 0.0020379853, 0.0022904887, 0.0024583058, 0.0025400647, 0.0027697184, 0.003180975, 0.0034809224, 0.0041339016, 0.0044302368, 0.004632626, 0, 0, 0, 0, 0, 0, 0, 0, 0, 0, 0, 0, 0, 0, 0, 0, 0, 0, 0, 0, 0, 0, 0, 0, 0, 0, 0, 0, 0, 0, 0, 0, 0, 0, 0, 0, 0, 0, 0, 0, 0, 0, 0, 0, 0, 0, 0, 0, 0, 0, 0, 0, 0, 0, 0, 0, 0, 0, 0, 0, 0, 0, 0, 0, 0, 0, 0
0, 0, 0, 0, 0, 0, 0.0033471247, 0.005627818, 0.008925872, 0.011153082, 0.012076948, 0.012024552, 0.011150977, 0.009613591, 0.008681419, 0.006568031, 0.0041962625, 0.0017299046, 0.00054395804, -0.0015520968, -0.0030981852, -0.0036312193, -0.0042242417, -0.004229999, -0.0040304833, -0.003266723, -0.0021158804, -0.0007720694, -0.0001045338, 0.0010973788, 0.0020281721, 0.0023784025, 0.0028346416, 0.0029364883, 0.0026647663, 0.0024019384, 0.0016971208, 0.0009004348, 0.0005195197, -0.00013042227, -0.00058065186, -0.0007204473, -0.000813358, -0.00064260757, -0.00022379615, 5.814275e-05, 0.0007020486, 0.0013661704, 0.0016816816, 0.0022583732, 0.002742123, 0.0030977472, 0.0032095003, 0.0032716913, 0.0031011282, 0.00293712, 0.0024911757, 0.0019372661, 0.0016267169, 0.0009396331, 0.00016462585, -0.0006488852, -0.0010394816, -0.0017172721, -0.0021758531, -0.0023019041, -0.0023305004, -0.0020693534, -0.0015632833, -0.0012406345, -0.0005056292, 0.00026266518, 0.000624808, 0.0012423988, 0.0016825825, 0.0019844307, 0.002124888, 0.002527872, 0.0033492798, 0.00398627, 0.005869644, 0, 0, 0, 0, 0, 0, 0, 0, 0, 0, 0, 0, 0, 0, 0, 0, 0, 0, 0, 0, 0, 0, 0, 0, 0, 0, 0, 0, 0, 0, 0, 0, 0, 0, 0, 0, 0, 0, 0, 0, 0, 0, 0, 0, 0, 0, 0, 0, 0, 0, 0, 0, 0, 0, 0, 0, 0, 0, 0, 0, 0, 0, 0, 0, 0, 0, 0, 0, 0
0, 0, 0, 0, -0.003169362, -0.0014664327, 0.0010182428, 0.0023581798, 0.0053550266, 0.008339078, 0.010485373, 0.011064107, 0.011255682, 0.010472735, 0.009832591, 0.00819118, 0.006159855, 0.0038670085, 0.0026919292, 0.00046711773, -0.0013740878, -0.0020992626, -0.003125514, -0.0035902616, -0.0036141386, -0.0032483346, -0.002391002, -0.0012147528, -0.0005824305, 0.00062909926, 0.00167143, 0.0021134468, 0.0028183612, 0.0032277827, 0.0032624428, 0.0031303258, 0.0026118394, 0.0018892093, 0.0015097847, 0.00080394227, 0.00023242181, 7.5686594e-06, -0.0002996469, -0.00037412686, -0.0001722544, 2.6973445e-05, 0.00056644966, 0.0011928157, 0.0015077001, 0.002111481, 0.002664421, 0.0031466328, 0.0033475081, 0.0036315403, 0.00371918, 0.00368404, 0.003470399, 0.0030937013, 0.0028495886, 0.0022476332, 0.0014893515, 0.0006114841, 0.00015590424, -0.00071705825, -0.0014607228, -0.0017627914, -0.0022011795, -0.0023926415, -0.0023136642, -0.0021653974, -0.0016560926, -0.0009193513, -0.0005035923, 0.00031651344, 0.0010039884, 0.0015021393, 0.0017054445, 0.002209899, 0.0034007179, 0.003927262, 0, 0, 0, 0, 0, 0, 0, 0, 0, 0, 0, 0, 0, 0, 0, 0, 0, 0, 0, 0, 0, 0, 0, 0, 0, 0, 0, 0, 0, 0, 0, 0, 0, 0, 0, 0, 0, 0, 0, 0, 0, 0, 0, 0, 0, 0, 0, 0, 0, 0, 0, 0, 0, 0, 0, 0, 0, 0, 0, 0, 0, 0, 0, 0, 0, 0, 0, 0, 0, 0
0, 0, 0, -0.0027529083, -0.002500853, -0.0016392493, -0.0001518456, 0.00084811833, 0.0034795187, 0.006588969, 0.009309578, 0.010276305, 0.011251066, 0.011111056, 0.010728284, 0.0095048705, 0.007778352, 0.0056571304, 0.0045072087, 0.0022049642, 0.00013940115, -0.00073740917, -0.0021180487, -0.0029681593, -0.003183759, -0.0031694726, -0.0025800727, -0.0015612118, -0.0009676241, 0.00023679466, 0.0013492282, 0.0018534729, 0.0027389757, 0.0033904882, 0.0036867438, 0.0036734438, 0.0033356787, 0.0026987386, 0.002329921, 0.0015949424, 0.0009454694, 0.00066161377, 0.0001941854, -8.232147e-05, -7.5849035e-05, 4.3996137e-05, 0.00048008378, 0.0010666163, 0.0013780117, 0.0019976967, 0.002594932, 0.0031605165, 0.0034234757, 0.003873874, 0.0041734627, 0.0042517716, 0.0042544156, 0.004061265, 0.0038922958, 0.0034048758, 0.0027056707, 0.0018251626, 0.0013427476, 0.00036263058, -0.00056257454, -0.0009864769, -0.0017380649, -0.002325095, -0.0026723642, -0.002724824, -0.0025343348, -0.0019460471, -0.0015282813, -0.0005558996, 0.0004338362, 0.0012515032, 0.0015584333, 0.0020041226, 0, 0, 0, 0, 0, 0, 0, 0, 0, 0, 0, 0, 0, 0, 0, 0, 0, 0, 0, 0, 0, 0, 0, 0, 0, 0, 0, 0, 0, 0, 0, 0, 0, 0, 0, 0, 0, 0, 0, 0, 0, 0, 0, 0, 0, 0, 0, 0, 0, 0, 0, 0, 0, 0, 0, 0, 0, 0, 0, 0, 0, 0, 0, 0, 0, 0, 0, 0, 0, 0, 0, 0

