0, 0, 0, 0, 0, 0, 0, 0, 0, 0, 0, 0, 0, 0, 0, 0, 0, 0, 0, 0, 0, 0, 0, 0, 0, 0, 0, 0, 0, 0, 0, 0, 0, 0, 0, 0, 0, 0, 0, 0, 0, 0, 0, 0, 0, 0, 0, 0, 0, 0, 0, 0, 0, 0, 0, 0, 0, 0, 0, 0, 0, 0, 0, 0, 0, 0, 0, 0, 0, 0, 0, 0, 0, 0.0017303446, 0.002184602, 0.0023918962, 0.002305631, 0.0018280644, 0.0011816943, 0.0008881996, 0.00047831007, 0.00032007004, 0.00030501984, 0.00031454576, 0.0003172792, 0.00031769343, 0.0003264094, 0.0003542913, 0.00033724404, 0.00028180692, 1.9095956e-05, -0.00049805996, -0.0012922304, -0.0017860947, -0.0029177996, -0.004118116, -0.004681095, -0.0055841487, -0.006017497, -0.0060182023, -0.005583363, -0.0046379375, -0.0033121805, -0.0025552455, -0.0009760985, 0.00047947175, 0.0010789281, 0.0018834244, 0.0020626388, 0.0016035286, 0.0011609509, -4.6655838e-05, -0.0015005135, -0.0022410648, -0.0035933205, -0.004603966, -0.004932405, -0.0051626433, -0.0047579086, -0.0036960626, -0.0029440315, -0.0011256443, 0.0008643183, 0.0018243566, 0.0035035522, 0.0046800445, 0.0051879445, 0.0051555606, 0.004484824, 0.00304074, 0.0020666854, -0.00025394306, -0.0028526417, -0.004166638, -0.006656326, -0.008750097, -0.010199211, -0.01059795, -0.010587726, -0.009393242, -0.008380906, -0.0058285515, -0.0032050656, -0.0012006636, -0.00053026056, 0.000204552, 0.00033782082, 0.000291103, 0.00014008285, 0
0, 0, 0, 0, 0, 0, 0, 0, 0, 0, 0, 0, 0, 0, 0, 0, 0, 0, 0, 0, 0, 0, 0, 0, 0, 0, 0, 0, 0, 0, 0, 0, 0, 0, 0, 0, 0, 0, 0, 0, 0, 0, 0, 0, 0, 0, 0, 0, 0, 0, 0, 0, 0, 0, 0, 0, 0, 0, 0, 0, 0, 0, 0, 0, 0, 0, 0, 0, 0, 0, 0, 0, 0, 7.176251e-06, 0.000633006, 0.0010208308, 0.0011047609, 0.001045621, 0.00078600773, 0.00064150034, 0.00042055885, 0.00034041618, 0.00034119384, 0.00037145693, 0.00039814375, 0.00043169069, 0.00045988424, 0.0005349494, 0.0005797795, 0.00056137895, 0.0003880845, -9.923739e-06, -0.00065336307, -0.0010617878, -0.0020246347, -0.0030930648, -0.003620353, -0.0045338008, -0.005095943, -0.005200428, -0.005019824, -0.0043489644, -0.0032725616, -0.0026203212, -0.001196032, 0.00019853373, 0.00080875616, 0.0017167203, 0.0020928981, 0.001889362, 0.0015817578, 0.00062585174, -0.0006354909, -0.0013145279, -0.002623879, -0.0037020356, -0.0041019404, -0.0045418614, -0.0044144904, -0.0036621445, -0.0030603209, -0.0015007888, 0.00032836155, 0.001254378, 0.0029611932, 0.004283573, 0.0050320746, 0.00514818, 0.004807286, 0.0037078527, 0.0029013592, 0.000878073, -0.0014972644, -0.0027376316, -0.005165812, -0.0073249307, -0.008966406, -0.009510685, -0.009883765, -0.009138793, -0.008341422, -0.006107056, -0.0035999005, -0.0015460283, -0.0008110278, 0.00012840288, 0.00040498716, 0.0004048909, 0, 0
0, 0, 0, 0, 0, 0, 0, 0, 0, 0, 0, 0, 0, 0, 0, 0, 0, 0, 0, 0, 0, 0, 0, 0, 0, 0, 0, 0, 0, 0, 0, 0, 0, 0, 0, 0, 0, 0, 0, 0, 0, 0, 0, 0, 0, 0, 0, 0, 0, 0, 0, 0, 0, 0, 0, 0, 0, 0, 0, 0, 0, 0, 0, 0, 0, 0, 0, 0, 0, 0, 0, -0.0029489018, -0.0024762861, -0.0012543186, -0.0007280006, -0.0003793938, -0.0002348289, -1.4863641e-05, 0.00010296404, 0.00013382851, 0.00018021233, 0.00024540574, 0.00028751467, 0.00037489698, 0.00045736867, 0.00055792014, 0.00062700856, 0.00079750083, 0.00095663324, 0.0010006331, 0.0009583145, 0.00069918134, 0.00020946443, -0.000118298936, -0.0009234547, -0.0018839998, -0.0023936764, -0.0033727896, -0.0041485466, -0.004406026, -0.0045887455, -0.0042862506, -0.0035155793, -0.0029785, -0.001689464, -0.00028727212, 0.00038183443, 0.0015155743, 0.0022284621, 0.0024147383, 0.002299951, 0.0016812719, 0.000644404, 2.1393304e-05, -0.001301314, -0.002551532, -0.0030888743, -0.003880451, -0.0041714227, -0.0038475322, -0.0034423193, -0.0021909385, -0.0005030679, 0.0004275702, 0.002291323, 0.003939912, 0.0051361066, 0.005500587, 0.0056668515, 0.005034082, 0.0044275653, 0.0027169886, 0.000504058, -0.00071899086, -0.0032473032, -0.0056790328, -0.0077524306, -0.008569261, -0.009589589, -0.009576889, -0.009129285, -0.007416752, -0.0050659124, -0.002795674, -0.0018397922, -0.00017278637, 0.00047559667, 0, 0, 0
0, 0, 0, 0, 0, 0, 0, 0, 0, 0, 0, 0, 0, 0, 0, 0, 0, 0, 0, 0, 0, 0, 0, 0, 0, 0, 0, 0, 0, 0, 0, 0, 0, 0, 0, 0, 0, 0, 0, 0, 0, 0, 0, 0, 0, 0, 0, 0, 0, 0, 0, 0, 0, 0, 0, 0, 0, 0, 0, 0, 0, 0, 0, 0, 0, 0, 0, 0, 0, 0, -0.005518227, -0.003493707, -0.0028342241, -0.0020484987, -0.001693439, -0.0014513874, -0.0013237431, -0.0010367627, -0.000732566, -0.00058720156, -0.00032374795, -0.00010001346, -1.938058e-06, 0.00017246383, 0.0003333332, 0.00052262744, 0.00064471544, 0.0009429851, 0.0012587863, 0.0013891665, 0.0015235526, 0.0014404322, 0.0011283315, 0.00089065614, 0.00026141581, -0.0005612977, -0.0010315804, -0.0020305328, -0.0029791899, -0.0033808823, -0.0039338386, -0.004049151, -0.0036578362, -0.0032753667, -0.002196939, -0.0008474442, -0.00013938172, 0.0011994086, 0.0022657292, 0.0028954109, 0.003012585, 0.0028257694, 0.0021131271, 0.0015927143, 0.0003313115, -0.0010502819, -0.0017196003, -0.0028791113, -0.0036378694, -0.003824908, -0.0036688591, -0.0028442417, -0.0014139968, -0.00052980264, 0.0014219548, 0.0033832758, 0.005065547, 0.0057153646, 0.0064861877, 0.006434637, 0.006086827, 0.0047898134, 0.0028223358, 0.001648073, -0.00094034744, -0.0036399188, -0.0061765173, -0.007295927, -0.009075992, -0.010045664, -0.010152047, -0.009497358, -0.007842976, -0.005463612, -0.0038926417, 0, 0, 0, 0, 0
0, 0, 0, 0, 0, 0, 0, 0, 0, 0, 0, 0, 0, 0, 0, 0, 0, 0, 0, 0, 0, 0, 0, 0, 0, 0, 0, 0, 0, 0, 0, 0, 0, 0, 0, 0, 0, 0, 0, 0, 0, 0, 0, 0, 0, 0, 0, 0, 0, 0, 0, 0, 0, 0, 0, 0, 0, 0, 0, 0, 0, 0, 0, 0, 0, 0, 0, 0, -0.0046972614, -0.0044583594, -0.0039910153, -0.003217387, -0.00288568, -0.002473301, -0.0022788325, -0.0021374428, -0.002050469, -0.0018085182, -0.0014855156, -0.0013081843, -0.00095510995, -0.0006387849, -0.0004990232, -0.00025190378, -2.0814688e-05, 0.00024961244, 0.0004188776, 0.0008363634, 0.0013141853, 0.0015405135, 0.0018882876, 0.0020286785, 0.0019416994, 0.0018184708, 0.0014169276, 0.0008038693, 0.0004188159, -0.0004837197, -0.0014763317, -0.0019602745, -0.002793006, -0.003295076, -0.0033242018, -0.0031405054, -0.0023934704, -0.001243938, -0.0005736604, 0.0008297368, 0.002143627, 0.0031692563, 0.0035203674, 0.0038248242, 0.003555432, 0.0032134457, 0.0021801486, 0.00082551, 9.443922e-05, -0.0013274251, -0.0025009147, -0.0032120708, -0.003339393, -0.0030698732, -0.0020948874, -0.0013700301, 0.00044025623, 0.0025148848, 0.0045497604, 0.005449241, 0.006816632, 0.007413907, 0.00738044, 0.0066477987, 0.0051067844, 0.0040806797, 0.0016378452, -0.0011358614, -0.0039778254, -0.0053415, -0.007833253, -0.009958792, -0.010870201, -0.012164561, -0.012462579, -0.01138325, 0, 0, 0, 0, 0, 0
0, 0, 0, 0, 0, 0, 0, 0, 0, 0, 0, 0, 0, 0, 0, 0, 0, 0, 0, 0, 0, 0, 0, 0, 0, 0, 0, 0, 0, 0, 0, 0, 0, 0, 0, 0, 0, 0, 0, 0, 0, 0, 0, 0, 0, 0, 0, 0, 0, 0, 0, 0, 0, 0, 0, 0, 0, 0, 0, 0, 0, 0, 0, 0, 0, 0, 0, -0.0030269884, -0.0029840935, -0.0029487372, -0.0028370805, -0.0026840025, -0.0026104373, -0.002513015, -0.002469279, -0.0024253153, -0.0023834242, -0.0022296833, -0.0019776619, -0.0018240504, -0.001492156, -0.0011700433, -0.0010211983, -0.0007483614, -0.00048382697, -0.00017452387, 1.934654e-05, 0.00050389743, 0.0010912288, 0.0013930615, 0.0019335483, 0.0023083868, 0.0024800403, 0.0024914728, 0.002367317, 0.00203346, 0.0017799976, 0.0010983498, 0.00022347986, -0.00025460674, -0.0011980155, -0.001963738, -0.0023652443, -0.0023869537, -0.0020468289, -0.0012391575, -0.0006946527, 0.000578209, 0.0019495533, 0.0032232588, 0.0037610768, 0.004524609, 0.004760425, 0.0046587875, 0.0040245815, 0.002902796, 0.0022139403, 0.0007218553, -0.00071518216, -0.0018600732, -0.0022576766, -0.0025929022, -0.002229243, -0.0017772341, -0.00038541292, 0.001505556, 0.0036263007, 0.004667624, 0.006489896, 0.0076948265, 0.007993579, 0.007921013, 0.0069760224, 0.006209391, 0.0041776933, 0.0016314164, -0.0012243581, -0.0027049752, -0.0057355603, -0.0090779085, -0.01103668, -0.01545941, -0.018348804, 0, 0, 0, 0, 0, 0, 0
0, 0, 0, 0, 0, 0, 0, 0, 0, 0, 0, 0, 0, 0, 0, 0, 0, 0, 0, 0, 0, 0, 0, 0, 0, 0, 0, 0, 0, 0, 0, 0, 0, 0, 0, 0, 0, 0, 0, 0, 0, 0, 0, 0, 0, 0, 0, 0, 0, 0, 0, 0, 0, 0, 0, 0, 0, 0, 0, 0, 0, 0, 0, 0, 0, 0, 0, -0.0016952566, -0.0017792354, -0.0018170724, -0.001925063, -0.0020503895, -0.00210786, -0.002204799, -0.0022806237, -0.0023245618, -0.0023267327, -0.0022693207, -0.0021188443, -0.002012648, -0.001761135, -0.0014915288, -0.0013588889, -0.0011023338, -0.0008446094, -0.0005403321, -0.0003519125, 0.00012359968, 0.0007257546, 0.0010541544, 0.0016982078, 0.0022464443, 0.0026469377, 0.0027881984, 0.0029482904, 0.0029228441, 0.002827214, 0.0024500904, 0.0018254397, 0.0014341107, 0.0005624201, -0.0002888768, -0.00092532404, -0.0011095825, -0.0011504409, -0.00074088323, -0.00038046384, 0.00059765804, 0.0018206462, 0.003134313, 0.0037677293, 0.004857233, 0.0055575524, 0.0057134693, 0.005583477, 0.0048731603, 0.004330616, 0.0029910014, 0.0015016139, 9.990556e-05, -0.0004986275, -0.0013639503, -0.0016429268, -0.001526257, -0.00075882976, 0.0006600232, 0.002549473, 0.0035822797, 0.0056018624, 0.0072506154, 0.007836599, 0.008406665, 0.008129027, 0.0076875263, 0.0062779444, 0.004286313, 0.0018241542, 0.00042362296, -0.0028598076, -0.007415925, -0.010418162, -0.019972134, 0, 0, 0, 0, 0, 0, 0, 0
0, 0, 0, 0, 0, 0, 0, 0, 0, 0, 0, 0, 0, 0, 0, 0, 0, 0, 0, 0, 0, 0, 0, 0, 0, 0, 0, 0, 0, 0, 0, 0, 0, 0, 0, 0, 0, 0, 0, 0, 0, 0, 0, 0, 0, 0, 0, 0, 0, 0, 0, 0, 0, 0, 0, 0, 0, 0, 0, 0, 0, 0, 0, 0, 0, -0.0010901844, -0.00091608247, -0.0009247798, -0.0009779057, -0.0010318861, -0.0011943637, -0.0013945996, -0.0014928279, -0.0016652215, -0.0018000222, -0.0018979184, -0.0019299538, -0.0019473943, -0.0018895858, -0.0018326998, -0.0016741551, -0.001478555, -0.0013733373, -0.0011553471, -0.0009248726, -0.00065511646, -0.0004913751, -8.316873e-05, 0.00044329907, 0.0007416487, 0.0013668977, 0.0019680434, 0.0024973007, 0.002728068, 0.0031093673, 0.003354557, 0.0034100432, 0.0033518947, 0.0030370897, 0.0027826298, 0.0021162222, 0.0013444695, 0.00064049225, 0.00036709826, 5.7329515e-05, 0.00011432033, 0.00028362733, 0.0008922394, 0.0018182126, 0.0029720503, 0.0035930767, 0.004812118, 0.005835384, 0.0062105414, 0.00658654, 0.0063838647, 0.0060666427, 0.0050718654, 0.0037504344, 0.0023153226, 0.0016209546, 0.0004076167, -0.00040722184, -0.0006102259, -0.00052985, 0.00023548315, 0.0016230163, 0.002494221, 0.0044082645, 0.006244268, 0.0070189396, 0.008097572, 0.008428761, 0.008311222, 0.007599831, 0.0064285346, 0.0049013905, 0.0039351466, 0.0010262452, -0.0049550445, -0.007322421, 0, 0, 0, 0, 0, 0, 0, 0, 0
0, 0, 0, 0, 0, 0, 0, 0, 0, 0, 0, 0, 0, 0, 0, 0, 0, 0, 0, 0, 0, 0, 0, 0, 0, 0, 0, 0, 0, 0, 0, 0, 0, 0, 0, 0, 0, 0, 0, 0, 0, 0, 0, 0, 0, 0, 0, 0, 0, 0, 0, 0, 0, 0, 0, 0, 0, 0, 0, 0, 0, 0, 0, 0, -0.0007547685, -0.00070141203, -0.0005543094, -0.00046305786, -0.0004595454, -0.00049163564, -0.00061258266, -0.000778645, -0.0008646897, -0.0010211371, -0.0011485729, -0.0012486448, -0.0012883457, -0.0013365617, -0.0013340034, -0.0013114631, -0.0012282289, -0.0011007646, -0.0010247702, -0.0008540024, -0.0006597051, -0.0004346305, -0.00030314756, 1.3291805e-05, 0.000416344, 0.00064860564, 0.0011570225, 0.0016895257, 0.002215724, 0.0024715704, 0.0029536828, 0.0033677216, 0.0035313356, 0.003730117, 0.0037044, 0.0035943915, 0.0031865956, 0.0025935147, 0.0019508831, 0.0016598376, 0.001218101, 0.0010301297, 0.0010452878, 0.0013055658, 0.0018765198, 0.0027366616, 0.0032553, 0.004398085, 0.0055442876, 0.0060583157, 0.006835543, 0.007137421, 0.0070785857, 0.0065555866, 0.005585803, 0.0043344353, 0.003659888, 0.0023301195, 0.0011862818, 0.00074378157, 0.00022683933, 0.000311905, 0.0010514589, 0.0016499431, 0.0031889263, 0.0049302513, 0.005765947, 0.00714963, 0.007952931, 0.008107439, 0.008028309, 0.0077854698, 0.007783632, 0.007877802, 0.0071316683, 0, 0, 0, 0, 0, 0, 0, 0, 0, 0, 0
0, 0, 0, 0, 0, 0, 0, 0, 0, 0, 0, 0, 0, 0, 0, 0, 0, 0, 0, 0, 0, 0, 0, 0, 0, 0, 0, 0, 0, 0, 0, 0, 0, 0, 0, 0, 0, 0, 0, 0, 0, 0, 0, 0, 0, 0, 0, 0, 0, 0, 0, 0, 0, 0, 0, 0, 0, 0, 0, 0, 0, 0, 0, -0.00089894416, -0.00059043913, -0.00047780495, -0.00028997898, -0.00015988693, -0.00010225412, -0.00010113344, -0.0001471049, -0.00023450419, -0.0002832065, -0.00037400948, -0.000447938, -0.00050514826, -0.00052781205, -0.00055743015, -0.0005600852, -0.0005499843, -0.00050492876, -0.0004271816, -0.00037608322, -0.0002508819, -9.974402e-05, 7.5915654e-05, 0.0001750523, 0.00040539252, 0.00068724906, 0.0008480986, 0.0012056981, 0.0015985306, 0.0020186862, 0.0022384443, 0.0026900063, 0.0031380877, 0.0033454334, 0.0036828136, 0.0038560485, 0.0038605076, 0.0036854409, 0.0032914663, 0.0027739112, 0.0025082126, 0.0020372057, 0.0017137112, 0.0016244039, 0.0016147479, 0.0018570379, 0.0023755084, 0.0027380476, 0.003645967, 0.004714218, 0.0052618873, 0.00626318, 0.0069639417, 0.0071480502, 0.007136024, 0.0066361614, 0.005743865, 0.005193106, 0.003976205, 0.002742812, 0.0021758785, 0.0012584586, 0.0007769864, 0.0008692925, 0.0011492667, 0.0021409658, 0.0035477045, 0.0043175435, 0.0057896166, 0.006941713, 0.0073387926, 0.007821992, 0.008459405, 0.010077341, 0.011548901, 0.01541041, 0, 0, 0, 0, 0, 0, 0, 0, 0, 0, 0
0, 0, 0, 0, 0, 0, 0, 0, 0, 0, 0, 0, 0, 0, 0, 0, 0, 0, 0, 0, 0, 0, 0, 0, 0, 0, 0, 0, 0, 0, 0, 0, 0, 0, 0, 0, 0, 0, 0, 0, 0, 0, 0, 0, 0, 0, 0, 0, 0, 0, 0, 0, 0, 0, 0, 0, 0, 0, 0, 0, 0, -0.0014898764, -0.0013000274, -0.000840782, -0.0005258204, -0.00039814244, -0.00017810683, -1.6263747e-06, 0.00012152425, 0.00016183419, 0.00020320261, 0.0002083153, 0.00020380493, 0.00019399861, 0.00019263072, 0.00020147629, 0.00020962875, 0.0002342566, 0.0002699544, 0.00029133583, 0.00033903675, 0.0003979648, 0.00043364402, 0.0005202646, 0.00062762207, 0.00075433165, 0.00082552474, 0.0009883383, 0.0011810195, 0.0012885943, 0.0015215185, 0.0017747532, 0.0020499723, 0.0022001793, 0.0025305033, 0.0028951464, 0.0030805166, 0.0034241714, 0.0036736375, 0.0037395027, 0.003718294, 0.0034844545, 0.003090717, 0.002862851, 0.0024091513, 0.0020204498, 0.001868509, 0.0016722492, 0.0016529696, 0.0018539986, 0.002049009, 0.002637282, 0.0034700437, 0.003954661, 0.0049718013, 0.005893572, 0.006257207, 0.0066948826, 0.006693869, 0.006266727, 0.0059149032, 0.0049987882, 0.003901774, 0.0033310861, 0.0022518486, 0.0014075116, 0.0009763786, 0.0009589502, 0.0013558344, 0.0022707644, 0.0028725504, 0.0042373384, 0.005686669, 0.0063972254, 0.007623714, 0.009031619, 0.012225058, 0, 0, 0, 0, 0, 0, 0, 0, 0, 0, 0, 0, 0
0, 0, 0, 0, 0, 0, 0, 0, 0, 0, 0, 0, 0, 0, 0, 0, 0, 0, 0, 0, 0, 0, 0, 0, 0, 0, 0, 0, 0, 0, 0, 0, 0, 0, 0, 0, 0, 0, 0, 0, 0, 0, 0, 0, 0, 0, 0, 0, 0, 0, 0, 0, 0, 0, 0, 0, 0, 0, 0, 0, -0.0018267634, -0.0013727031, -0.0011698056, -0.00083630165, -0.0005726994, -0.00045238857, -0.00022058342, -3.880055e-06, 0.00018525425, 0.00026550092, 0.0003966998, 0.00049432524, 0.00053416414, 0.000605733, 0.00067567057, 0.00075218733, 0.00079454255, 0.00088749896, 0.0009859182, 0.0010337309, 0.0011216386, 0.0011960581, 0.001231101, 0.001302629, 0.0013802692, 0.001468223, 0.0015182589, 0.0016359745, 0.001778691, 0.001857317, 0.0020197628, 0.002178844, 0.0023342033, 0.002416014, 0.0026007076, 0.0028206843, 0.0029417833, 0.0031898348, 0.0034024594, 0.0034752649, 0.0035123453, 0.0033713698, 0.0030642014, 0.0028658998, 0.002429633, 0.0020006374, 0.0018062767, 0.001480716, 0.0012681694, 0.0012110587, 0.0012548958, 0.0015164425, 0.0020318604, 0.0023831401, 0.0032319834, 0.0041643605, 0.0046084793, 0.0053436095, 0.0057668607, 0.0058154156, 0.005698177, 0.0052026273, 0.0044183494, 0.00394947, 0.0029394478, 0.0019683836, 0.0012146591, 0.0009743601, 0.0008465645, 0.0012238517, 0.0015930319, 0.0026735237, 0.004363959, 0.005565916, 0.008303295, 0.009677867, 0, 0, 0, 0, 0, 0, 0, 0, 0, 0, 0, 0, 0, 0
0, 0, 0, 0, 0, 0, 0, 0, 0, 0, 0, 0, 0, 0, 0, 0, 0, 0, 0, 0, 0, 0, 0, 0, 0, 0, 0, 0, 0, 0, 0, 0, 0, 0, 0, 0, 0, 0, 0, 0, 0, 0, 0, 0, 0, 0, 0, 0, 0, 0, 0, 0, 0, 0, 0, 0, 0, 0, 0, 0, -0.0015200875, -0.0012346889, -0.0011092057, -0.0008982724, -0.00070644065, -0.0006070497, -0.00039281315, -0.00016097882, 7.235616e-05, 0.00018403193, 0.00039067664, 0.0005722565, 0.0006538703, 0.00080118916, 0.0009366295, 0.0010724349, 0.0011437119, 0.0012974417, 0.0014608062, 0.0015413845, 0.0016890045, 0.001812849, 0.0018658729, 0.0019593167, 0.0020396716, 0.0021156643, 0.0021558104, 0.0022515678, 0.0023730749, 0.0024411303, 0.002580334, 0.0027012955, 0.0027936718, 0.0028317242, 0.002904392, 0.002986981, 0.0030356813, 0.003146292, 0.0032564814, 0.0032976505, 0.0033171317, 0.0032048577, 0.0029387334, 0.0027553828, 0.002320435, 0.0018495666, 0.0016178691, 0.0011868088, 0.0008271217, 0.0005701, 0.00049275416, 0.00046948862, 0.00066062383, 0.0008481351, 0.0014080633, 0.0021658563, 0.0025842616, 0.003406497, 0.004087887, 0.0045182104, 0.004618413, 0.004570361, 0.004199483, 0.0039057648, 0.003151568, 0.002274472, 0.0014260984, 0.0010670016, 0.00057683635, 0.00048527206, 0.0006092236, 0.0012627465, 0.0028881244, 0.0045740167, 0.010547148, 0, 0, 0, 0, 0, 0, 0, 0, 0, 0, 0, 0, 0, 0, 0
0, 0, 0, 0, 0, 0, 0, 0, 0, 0, 0, 0, 0, 0, 0, 0, 0, 0, 0, 0, 0, 0, 0, 0, 0, 0, 0, 0, 0, 0, 0, 0, 0, 0, 0, 0, 0, 0, 0, 0, 0, 0, 0, 0, 0, 0, 0, 0, 0, 0, 0, 0, 0, 0, 0, 0, 0, 0, -0.0029592526, -0.002249952, -0.0015027198, -0.0012236274, -0.0011398756, -0.0010079411, -0.0008788364, -0.0008058357, -0.00063173706, -0.0004206275, -0.00018161743, -5.6812158e-05, 0.00019399392, 0.0004372385, 0.0005524604, 0.00076680485, 0.00096098176, 0.0011453496, 0.0012385221, 0.0014353488, 0.0016479455, 0.0017565947, 0.001967909, 0.002159943, 0.002246298, 0.0023995652, 0.0025249254, 0.0026257485, 0.0026715246, 0.0027685643, 0.0028865088, 0.0029539112, 0.003094026, 0.003216731, 0.003300864, 0.0033265068, 0.0033509922, 0.0033529825, 0.0033506418, 0.003347962, 0.0033496812, 0.0033479664, 0.003313442, 0.0031910874, 0.0029389858, 0.002760977, 0.0023201462, 0.0018071329, 0.0015400137, 0.0010142967, 0.0005275251, 0.00011081146, -6.1960105e-05, -0.00031443947, -0.00040671896, -0.00037754167, -0.00014606363, 0.00032015736, 0.0006276846, 0.0013330164, 0.0020607181, 0.002694152, 0.0029446597, 0.0032659392, 0.003309113, 0.0032190655, 0.0028284858, 0.002210122, 0.0014711159, 0.001100075, 0.00045764574, 6.0839044e-05, -1.2634554e-05, 0.00015870195, 0.0008933228, 0.001539903, 0, 0, 0, 0, 0, 0, 0, 0, 0, 0, 0, 0, 0, 0, 0, 0
0, 0, 0, 0, 0, 0, 0, 0, 0, 0, 0, 0, 0, 0, 0, 0, 0, 0, 0, 0, 0, 0, 0, 0, 0, 0, 0, 0, 0, 0, 0, 0, 0, 0, 0, 0, 0, 0, 0, 0, 0, 0, 0, 0, 0, 0, 0, 0, 0, 0, 0, 0, 0, 0, 0, 0, 0, -0.0022483037, -0.0021220653, -0.0017844052, -0.0014348169, -0.0012540629, -0.0012001497, -0.0011168069, -0.0010325096, -0.0009831015, -0.0008594403, -0.0006950938, -0.0004895622, -0.00037365532, -0.000120934536, 0.0001468118, 0.00028206856, 0.0005442269, 0.0007863635, 0.0010093338, 0.0011180243, 0.0013404937, 0.0015801067, 0.0017063586, 0.0019664452, 0.0022228484, 0.0023471965, 0.0025794543, 0.002779365, 0.0029396056, 0.0030073335, 0.0031314485, 0.0032605033, 0.0033319243, 0.0034828773, 0.0036262493, 0.0037374282, 0.003775709, 0.0038157036, 0.0038100649, 0.0037933984, 0.0037418285, 0.003679438, 0.0036462485, 0.0035656397, 0.003429671, 0.0031899004, 0.003021683, 0.002590841, 0.0020590718, 0.0017682916, 0.0011658809, 0.0005703858, 1.6438997e-05, -0.00023534073, -0.000672571, -0.0009960538, -0.0011020289, -0.0011759914, -0.0010364183, -0.00088412076, -0.00043651, 0.00014605245, 0.00077441667, 0.0010775783, 0.0016052345, 0.0019595397, 0.0020490284, 0.0020315151, 0.0017510644, 0.0012594298, 0.0009650801, 0.00036337652, -0.00013661211, -0.00031457798, -0.00042957673, -0.000215471, 0, 0, 0, 0, 0, 0, 0, 0, 0, 0, 0, 0, 0, 0, 0, 0, 0
0, 0, 0, 0, 0, 0, 0, 0, 0, 0, 0, 0, 0, 0, 0, 0, 0, 0, 0, 0, 0, 0, 0, 0, 0, 0, 0, 0, 0, 0, 0, 0, 0, 0, 0, 0, 0, 0, 0, 0, 0, 0, 0, 0, 0, 0, 0, 0, 0, 0, 0, 0, 0, 0, 0, 0, -0.0015762688, -0.0015466643, -0.0014950132, -0.0013917956, -0.0012978903, -0.0012367851, -0.0012143302, -0.0011708117, -0.0011194927, -0.0010885744, -0.0010099551, -0.0009005534, -0.00075160136, -0.00066121144, -0.00044803406, -0.00019817229, -6.3010324e-05, 0.0002141825, 0.00048422566, 0.0007356665, 0.0008551869, 0.0010914429, 0.0013390034, 0.0014707085, 0.0017513128, 0.0020479993, 0.002199397, 0.0024986018, 0.0027761222, 0.0030125848, 0.003113672, 0.0032894528, 0.0034501564, 0.0035315764, 0.0037015127, 0.0038736546, 0.00402996, 0.004096164, 0.0041951407, 0.004243028, 0.004246307, 0.004217843, 0.004155799, 0.0041176598, 0.004028026, 0.0038997757, 0.0036929585, 0.003548614, 0.003165564, 0.0026639479, 0.0023752088, 0.0017452516, 0.0010777722, 0.00041531704, 9.751962e-05, -0.00049352593, -0.0010047358, -0.0012209178, -0.0015536015, -0.0017162466, -0.0017244725, -0.0015900059, -0.0012736947, -0.00081946194, -0.0005595406, -2.0223115e-05, 0.00047404948, 0.00067659916, 0.0009417972, 0.0009797526, 0.00078840996, 0.0006219746, 0.00020679599, -0.00022603544, -0.00044784573, -0.00075154396, 0, 0, 0, 0, 0, 0, 0, 0, 0, 0, 0, 0, 0, 0, 0, 0, 0, 0
0, 0, 0, 0, 0, 0, 0, 0, 0, 0, 0, 0, 0, 0, 0, 0, 0, 0, 0, 0, 0, 0, 0, 0, 0, 0, 0, 0, 0, 0, 0, 0, 0, 0, 0, 0, 0, 0, 0, 0, 0, 0, 0, 0, 0, 0, 0, 0, 0, 0, 0, 0, 0, 0, 0, -0.0014664276, -0.0012227611, -0.0011155483, -0.001097388, -0.0011006685, -0.0011243959, -0.0011449811, -0.0011494446, -0.0011416568, -0.001114949, -0.0010968844, -0.0010509441, -0.0009875061, -0.0008969845, -0.00083817745, -0.00068855507, -0.0004922621, -0.00037793096, -0.00012431091, 0.00014352662, 0.00040573024, 0.0005306626, 0.00077241566, 0.0010160683, 0.0011438896, 0.0014174003, 0.0017176066, 0.0018767124, 0.002206424, 0.002535992, 0.0028409422, 0.0029780264, 0.0032205605, 0.003431822, 0.0035328458, 0.0037352438, 0.0039442126, 0.0041529266, 0.0042525823, 0.004430509, 0.004564955, 0.004611381, 0.00465901, 0.0046552606, 0.0046389163, 0.0045839543, 0.0044960366, 0.004350632, 0.0042460295, 0.003955707, 0.0035444105, 0.0032932037, 0.0027090495, 0.0020387121, 0.0013229374, 0.00096150563, 0.0002541429, -0.00040783262, -0.0007144766, -0.0012571664, -0.0016762874, -0.0018274931, -0.0019975926, -0.0019847006, -0.001799103, -0.001648609, -0.0012597766, -0.00080429914, -0.00057785603, -0.00018768583, 5.3810487e-05, 0.000114909606, 9.0662325e-05, -1.6063701e-05, -0.00015152514, 0, 0, 0, 0, 0, 0, 0, 0, 0, 0, 0, 0, 0, 0, 0, 0, 0, 0, 0, 0
0, 0, 0, 0, 0, 0, 0, 0, 0, 0, 0, 0, 0, 0, 0, 0, 0, 0, 0, 0, 0, 0, 0, 0, 0, 0, 0, 0, 0, 0, 0, 0, 0, 0, 0, 0, 0, 0, 0, 0, 0, 0, 0, 0, 0, 0, 0, 0, 0, 0, 0, 0, 0, -0.0019001215, -0.0014878149, -0.0012531283, -0.0009889769, -0.0008794324, -0.00086452987, -0.00088417326, -0.00093779474, -0.0009929248, -0.0010130842, -0.0010313641, -0.0010233622, -0.0010131786, -0.0009846009, -0.0009480212, -0.00089815975, -0.0008655932, -0.0007793138, -0.00065414916, -0.00057369564, -0.00037742243, -0.00014468789, 0.00010301693, 0.00022641501, 0.00046485616, 0.00069849147, 0.0008173351, 0.0010662925, 0.001339958, 0.0014875516, 0.0018050178, 0.002145571, 0.0024875738, 0.0026516959, 0.002955722, 0.0032265065, 0.0033534858, 0.0036012605, 0.0038538831, 0.0041140886, 0.004244934, 0.004499217, 0.0047244853, 0.0048203403, 0.0049682665, 0.0050564315, 0.0050808317, 0.0050976058, 0.005079086, 0.0050169462, 0.0049640522, 0.0047947452, 0.004521662, 0.0043395488, 0.0038779299, 0.0032929243, 0.0026092483, 0.0022424757, 0.0014838546, 0.0007223766, 0.0003503271, -0.00035571534, -0.0009806675, -0.0012507843, -0.0016859169, -0.001961462, -0.0020668737, -0.002054336, -0.0019070524, -0.0016246215, -0.0014538629, -0.0011146681, -0.00086041784, -0.00071092596, -0.0006347859, -0.00031455487, 0, 0, 0, 0, 0, 0, 0, 0, 0, 0, 0, 0, 0, 0, 0, 0, 0, 0, 0, 0, 0
0, 0, 0, 0, 0, 0, 0, 0, 0, 0, 0, 0, 0, 0, 0, 0, 0, 0, 0, 0, 0, 0, 0, 0, 0, 0, 0, 0, 0, 0, 0, 0, 0, 0, 0, 0, 0, 0, 0, 0, 0, 0, 0, 0, 0, 0, 0, 0, 0, 0, 0, 0, 0, -0.0013685613, -0.0011419578, -0.0010175845, -0.00083743274, -0.00074274, -0.00072064996, -0.0007157977, -0.0007508538, -0.00080252043, -0.00082634244, -0.00085650664, -0.00085942453, -0.00085250195, -0.00082834234, -0.0007971039, -0.0007616431, -0.00074273883, -0.00069784565, -0.00063417415, -0.0005895593, -0.00046606685, -0.0002938665, -8.6000015e-05, 2.508153e-05, 0.00024829013, 0.00046772324, 0.00057625, 0.00079712813, 0.0010315172, 0.0011570634, 0.0014319444, 0.0017418363, 0.0020786214, 0.0022510004, 0.002589032, 0.0029063777, 0.003057088, 0.0033500544, 0.0036419563, 0.0039424794, 0.0040957048, 0.0044024517, 0.0046976376, 0.004834584, 0.005077262, 0.00526594, 0.0053400486, 0.0054504257, 0.005520027, 0.0055520055, 0.0055523263, 0.005508679, 0.0053865076, 0.005286892, 0.0049962825, 0.0045711487, 0.0040128594, 0.0036898954, 0.0029741551, 0.0021956929, 0.00179438, 0.0009909981, 0.00021877345, -0.0001427258, -0.00079287693, -0.0013194795, -0.0016974712, -0.001824424, -0.0019466035, -0.0019038599, -0.001838302, -0.0016855171, -0.0016385169, -0.0017172189, -0.0016766418, 0, 0, 0, 0, 0, 0, 0, 0, 0, 0, 0, 0, 0, 0, 0, 0, 0, 0, 0, 0, 0, 0
0, 0, 0, 0, 0, 0, 0, 0, 0, 0, 0, 0, 0, 0, 0, 0, 0, 0, 0, 0, 0, 0, 0, 0, 0, 0, 0, 0, 0, 0, 0, 0, 0, 0, 0, 0, 0, 0, 0, 0, 0, 0, 0, 0, 0, 0, 0, 0, 0, 0, 0, 0, -0.0013210023, -0.0011084471, -0.00094181777, -0.00087209395, -0.00075544935, -0.00066522066, -0.0006298627, -0.0005825509, -0.00057170127, -0.00059125636, -0.0006054511, -0.00062911125, -0.0006314355, -0.0006236803, -0.0005934451, -0.0005501737, -0.00050401443, -0.00048284148, -0.00044700073, -0.00041526058, -0.0003956665, -0.00033553492, -0.00023109131, -8.004998e-05, 8.899475e-06, 0.000201546, 0.00040073393, 0.0004998319, 0.00069678423, 0.0008954083, 0.0009981833, 0.0012189515, 0.0014725978, 0.0017646633, 0.0019226323, 0.0022508125, 0.0025807843, 0.0027425631, 0.0030594284, 0.003372585, 0.003687303, 0.0038468135, 0.0041695717, 0.0044943197, 0.004654602, 0.004960885, 0.0052354545, 0.005356502, 0.005565394, 0.0057301754, 0.0058560027, 0.0059044673, 0.005967509, 0.005973349, 0.0059488397, 0.00582839, 0.0055929, 0.0052220766, 0.0049842694, 0.0044072797, 0.0037146658, 0.003334335, 0.0025273133, 0.001691822, 0.0012760364, 0.00047517044, -0.00025171426, -0.0008664133, -0.0011201836, -0.0015038848, -0.0017228215, -0.0017850159, -0.0018847995, -0.0021467453, -0.0028865638, -0.0031142866, 0, 0, 0, 0, 0, 0, 0, 0, 0, 0, 0, 0, 0, 0, 0, 0, 0, 0, 0, 0, 0, 0
0, 0, 0, 0, 0, 0, 0, 0, 0, 0, 0, 0, 0, 0, 0, 0, 0, 0, 0, 0, 0, 0, 0, 0, 0, 0, 0, 0, 0, 0, 0, 0, 0, 0, 0, 0, 0, 0, 0, 0, 0, 0, 0, 0, 0, 0, 0, 0, 0, 0, -0.0024718137, -0.0018412955, -0.0014287244, -0.0010390297, -0.0008722328, -0.0008170748, -0.00072138075, -0.00062411855, -0.00057365786, -0.00047851593, -0.00040776195, -0.00037164945, -0.00036401814, -0.00035596476, -0.00034072608, -0.0003260424, -0.00028011997, -0.00021438385, -0.00013996361, -0.00010374154, -4.4029286e-05, -6.2553704e-06, 6.631067e-06, 3.420572e-05, 8.610665e-05, 0.00017946337, 0.00024170024, 0.00039196797, 0.000561435, 0.0006494699, 0.00082559406, 0.0009964333, 0.0010801647, 0.0012502159, 0.0014375865, 0.0016593109, 0.001784957, 0.0020618208, 0.002360006, 0.0025125453, 0.0028174573, 0.003118115, 0.0034144504, 0.0035619608, 0.0038596527, 0.0041679465, 0.004326976, 0.004652453, 0.0049754106, 0.0051305387, 0.005419534, 0.005671192, 0.0058801756, 0.0059682797, 0.006110628, 0.006203945, 0.006230443, 0.006237135, 0.006164319, 0.005985556, 0.0058483905, 0.0054689534, 0.004948481, 0.0046391822, 0.003936631, 0.0031454333, 0.0027268196, 0.0018684589, 0.0010175784, 0.00022508019, -0.00013261884, -0.0007474667, -0.0012321848, -0.0014441527, -0.001871843, -0.0022444536, 0, 0, 0, 0, 0, 0, 0, 0, 0, 0, 0, 0, 0, 0, 0, 0, 0, 0, 0, 0, 0, 0, 0, 0
0, 0, 0, 0, 0, 0, 0, 0, 0, 0, 0, 0, 0, 0, 0, 0, 0, 0, 0, 0, 0, 0, 0, 0, 0, 0, 0, 0, 0, 0, 0, 0, 0, 0, 0, 0, 0, 0, 0, 0, 0, 0, 0, 0, 0, 0, 0, 0, 0, 0, -0.0016898847, -0.00140862, -0.0012237148, -0.00096181565, -0.00082216767, -0.00077377795, -0.00068437005, -0.00058020756, -0.0005190818, -0.00038553672, -0.00025556583, -0.00015071414, -0.00011077885, -4.752847e-05, 7.5400203e-06, 3.8277823e-05, 0.000111747504, 0.00020594917, 0.0003160913, 0.00037341978, 0.00047804476, 0.000555405, 0.00058176974, 0.0006170838, 0.00064930564, 0.00070326315, 0.0007426209, 0.0008475516, 0.0009797091, 0.0010522553, 0.0012020245, 0.0013468197, 0.0014149612, 0.0015413704, 0.0016669923, 0.0018108131, 0.0018950694, 0.002092, 0.0023213038, 0.0024439131, 0.002696866, 0.0029499263, 0.0031962327, 0.0033167417, 0.0035578436, 0.003810814, 0.0039463257, 0.0042397743, 0.004558827, 0.0047231074, 0.0050493423, 0.0053552072, 0.005625103, 0.005742663, 0.005938913, 0.0060831727, 0.0061373324, 0.0062124566, 0.006239858, 0.0062023248, 0.0061505367, 0.005963422, 0.00564778, 0.0054387413, 0.004920953, 0.004277513, 0.003912906, 0.0031161665, 0.0022576414, 0.0013920477, 0.0009760091, 0.00020363518, -0.00052232743, -0.0009097145, -0.0018887891, 0, 0, 0, 0, 0, 0, 0, 0, 0, 0, 0, 0, 0, 0, 0, 0, 0, 0, 0, 0, 0, 0, 0, 0, 0
0, 0, 0, 0, 0, 0, 0, 0, 0, 0, 0, 0, 0, 0, 0, 0, 0, 0, 0, 0, 0, 0, 0, 0, 0, 0, 0, 0, 0, 0, 0, 0, 0, 0, 0, 0, 0, 0, 0, 0, 0, 0, 0, 0, 0, 0, 0, 0, 0, -0.0014175174, -0.001215964, -0.0010470502, -0.0009610711, -0.000814117, -0.00070939254, -0.0006668138, -0.00058327155, -0.0004810515, -0.00041687334, -0.00026341315, -9.0263966e-05, 7.8120014e-05, 0.0001540493, 0.00028677427, 0.0004011845, 0.00045551488, 0.00056776736, 0.00069466355, 0.0008405507, 0.0009184029, 0.0010730465, 0.0012067258, 0.001260265, 0.0013392011, 0.0013914673, 0.0014385537, 0.0014666156, 0.001538383, 0.0016327767, 0.0016869436, 0.0018028432, 0.0019167523, 0.0019686297, 0.0020577703, 0.0021315862, 0.002205208, 0.0022482183, 0.0023554133, 0.002492954, 0.002571921, 0.0027427906, 0.002921483, 0.0030968054, 0.0031825774, 0.0033508663, 0.003526543, 0.003622278, 0.003840583, 0.0040988172, 0.0042411573, 0.0045430437, 0.0048489487, 0.005137084, 0.005267624, 0.0054927994, 0.0056641833, 0.005730838, 0.005832169, 0.0059001744, 0.00593267, 0.0059308806, 0.005875824, 0.0057300082, 0.0056165042, 0.005300132, 0.0048587085, 0.004591012, 0.003968676, 0.003251135, 0.0024886164, 0.0021079786, 0.0013531654, 0.00047089695, -0.00016690031, 0, 0, 0, 0, 0, 0, 0, 0, 0, 0, 0, 0, 0, 0, 0, 0, 0, 0, 0, 0, 0, 0, 0, 0, 0, 0
0, 0, 0, 0, 0, 0, 0, 0, 0, 0, 0, 0, 0, 0, 0, 0, 0, 0, 0, 0, 0, 0, 0, 0, 0, 0, 0, 0, 0, 0, 0, 0, 0, 0, 0, 0, 0, 0, 0, 0, 0, 0, 0, 0, 0, 0, 0, -0.0011665709, -0.001102652, -0.0009948082, -0.0008590087, -0.00074726774, -0.0006951508, -0.000595192, -0.00050484744, -0.00046317538, -0.00038032644, -0.0002829405, -0.00022184465, -6.7418136e-05, 0.00012543204, 0.000337678, 0.0004432857, 0.00064320856, 0.0008228059, 0.0009057929, 0.001065662, 0.0012272856, 0.0014033885, 0.0014976909, 0.0016932655, 0.0018816119, 0.0019662892, 0.0021075772, 0.0022107523, 0.0022862945, 0.0023188293, 0.0023831266, 0.0024533127, 0.00249171, 0.0025733733, 0.0026534835, 0.002688954, 0.0027447052, 0.0027771806, 0.0027949084, 0.0028028642, 0.0028269077, 0.0028698833, 0.0028999164, 0.002974634, 0.003063308, 0.003157886, 0.0032052686, 0.003296453, 0.0033880682, 0.0034375796, 0.0035555903, 0.003710119, 0.0038028366, 0.004017146, 0.004257762, 0.0045057763, 0.0046257386, 0.004844059, 0.005021423, 0.005092617, 0.00520355, 0.0052795624, 0.00532929, 0.005343898, 0.0053454037, 0.005293914, 0.0052414415, 0.005072956, 0.0048124995, 0.004647731, 0.0042605354, 0.0038293924, 0.0034150835, 0.0032334684, 0.002888104, 0.0022191105, 0, 0, 0, 0, 0, 0, 0, 0, 0, 0, 0, 0, 0, 0, 0, 0, 0, 0, 0, 0, 0, 0, 0, 0, 0, 0, 0
0, 0, 0, 0, 0, 0, 0, 0, 0, 0, 0, 0, 0, 0, 0, 0, 0, 0, 0, 0, 0, 0, 0, 0, 0, 0, 0, 0, 0, 0, 0, 0, 0, 0, 0, 0, 0, 0, 0, 0, 0, 0, 0, 0, 0, 0, 0, -0.00067348365, -0.0006644737, -0.0005979427, -0.00051959965, -0.00044358982, -0.0004030839, -0.000313422, -0.00021685558, -0.00016842362, -7.406434e-05, 2.613022e-05, 8.454181e-05, 0.0002303219, 0.0004227049, 0.00065332535, 0.00077689654, 0.0010254878, 0.0012621033, 0.0013730051, 0.0015813618, 0.001779215, 0.0019805382, 0.0020862978, 0.0023080902, 0.0025353297, 0.0026456802, 0.0028475055, 0.003013538, 0.0031417394, 0.0031931659, 0.0032785973, 0.0033488949, 0.003380642, 0.0034405584, 0.003493563, 0.0035148503, 0.003543134, 0.0035455306, 0.0035233565, 0.003505873, 0.0034642715, 0.0034251467, 0.0034095272, 0.0033886516, 0.003383044, 0.0033897208, 0.00339543, 0.0034067454, 0.0034151792, 0.0034189576, 0.0034331968, 0.0034677607, 0.0034970972, 0.0035828769, 0.0037038783, 0.003852214, 0.0039322986, 0.004095031, 0.004246326, 0.004313322, 0.0044242255, 0.0045026382, 0.0045507834, 0.0045646424, 0.0045705717, 0.0045408336, 0.004509148, 0.004403737, 0.004244312, 0.0041514994, 0.0039815363, 0.003926002, 0.0041060913, 0.004309537, 0.0048162565, 0, 0, 0, 0, 0, 0, 0, 0, 0, 0, 0, 0, 0, 0, 0, 0, 0, 0, 0, 0, 0, 0, 0, 0, 0, 0, 0, 0
0, 0, 0, 0, 0, 0, 0, 0, 0, 0, 0, 0, 0, 0, 0, 0, 0, 0, 0, 0, 0, 0, 0, 0, 0, 0, 0, 0, 0, 0, 0, 0, 0, 0, 0, 0, 0, 0, 0, 0, 0, 0, 0, 0, 0, 0, -2.8957318e-06, -0.00020780123, -0.00022113719, -0.000192839, -0.00014714924, -9.053888e-05, -5.5342334e-05, 3.4029217e-05, 0.00014386281, 0.0002018669, 0.00031736164, 0.0004307036, 0.0004910551, 0.00063023507, 0.0008115531, 0.0010396764, 0.0011674712, 0.0014383942, 0.0017121168, 0.0018443572, 0.0020947028, 0.0023273511, 0.002552133, 0.0026656545, 0.0029010726, 0.0031485215, 0.0032736033, 0.00351725, 0.0037379155, 0.0039222897, 0.003999376, 0.004125742, 0.0042198035, 0.004257105, 0.0043163863, 0.0043581882, 0.0043724873, 0.004385336, 0.004371285, 0.0043272073, 0.0042946925, 0.0042117615, 0.0041126474, 0.004060786, 0.003956519, 0.003858892, 0.0037715768, 0.003731724, 0.003656213, 0.0035807511, 0.0035415632, 0.0034620971, 0.003386962, 0.003354585, 0.0033062676, 0.0032857028, 0.003296733, 0.0033142695, 0.0033719281, 0.0034532466, 0.003498271, 0.003588309, 0.0036635338, 0.0037110236, 0.0037224565, 0.0037190856, 0.0036771672, 0.0036403604, 0.0035337543, 0.0033937949, 0.003327676, 0.003300094, 0.0036543682, 0.0046030944, 0.005397185, 0, 0, 0, 0, 0, 0, 0, 0, 0, 0, 0, 0, 0, 0, 0, 0, 0, 0, 0, 0, 0, 0, 0, 0, 0, 0, 0, 0, 0
0, 0, 0, 0, 0, 0, 0, 0, 0, 0, 0, 0, 0, 0, 0, 0, 0, 0, 0, 0, 0, 0, 0, 0, 0, 0, 0, 0, 0, 0, 0, 0, 0, 0, 0, 0, 0, 0, 0, 0, 0, 0, 0, 0, 0.00050461834, 0.0004356863, 0.00025469906, 0.00021538846, 0.00022458806, 0.0002608338, 0.00029947964, 0.00034638462, 0.00037784135, 0.0004636555, 0.00057856535, 0.0006437426, 0.0007771871, 0.00090840727, 0.0009737506, 0.0011133663, 0.0012818564, 0.00149197, 0.0016134615, 0.0018796712, 0.0021632928, 0.00230561, 0.0025822758, 0.0028426268, 0.0030881932, 0.0032086633, 0.0034514514, 0.0037039358, 0.0038337857, 0.004095532, 0.004347002, 0.0045729964, 0.0046723303, 0.004842546, 0.0049732416, 0.005025235, 0.005104603, 0.0051560095, 0.005171879, 0.00518494, 0.0051701567, 0.00512289, 0.0050860834, 0.0049873106, 0.004856814, 0.0047818935, 0.0046169544, 0.0044402536, 0.0042613503, 0.0041735955, 0.0040041283, 0.003841015, 0.0037608452, 0.0035997718, 0.0034369228, 0.0033561355, 0.0031978209, 0.00304997, 0.0029233776, 0.0028713555, 0.0027969335, 0.0027688036, 0.0027706774, 0.0028012504, 0.0028479937, 0.0028878122, 0.0028981918, 0.0028912842, 0.0028392016, 0.0027962537, 0.0026759037, 0.0025290963, 0.0024665683, 0.002496392, 0.0031986937, 0.004813828, 0, 0, 0, 0, 0, 0, 0, 0, 0, 0, 0, 0, 0, 0, 0, 0, 0, 0, 0, 0, 0, 0, 0, 0, 0, 0, 0, 0, 0, 0
0, 0, 0, 0, 0, 0, 0, 0, 0, 0, 0, 0, 0, 0, 0, 0, 0, 0, 0, 0, 0, 0, 0, 0, 0, 0, 0, 0, 0, 0, 0, 0, 0, 0, 0, 0, 0, 0, 0, 0, 0, 0, 0, 0, 0.00057391275, 0.00054670713, 0.00057348167, 0.0006597554, 0.00070472545, 0.0007805793, 0.0008357343, 0.0008840878, 0.000913023, 0.0009895163, 0.0010968457, 0.0011609917, 0.0013000272, 0.0014425828, 0.0015127609, 0.0016549397, 0.0018105145, 0.0019958038, 0.002102301, 0.0023408812, 0.0026060287, 0.002744031, 0.003021717, 0.0032924945, 0.0035507544, 0.0036760494, 0.0039226245, 0.0041714874, 0.004298746, 0.004557386, 0.0048144897, 0.0050569484, 0.0051687798, 0.0053691505, 0.005534714, 0.005603521, 0.0057140514, 0.005790106, 0.0058157993, 0.0058442433, 0.0058424836, 0.005806896, 0.0057753194, 0.005682889, 0.0055490346, 0.0054663136, 0.0052732113, 0.0050466377, 0.00479732, 0.004669018, 0.004411811, 0.0041629565, 0.00404221, 0.0038075312, 0.0035759313, 0.0034603185, 0.0032260783, 0.0029886367, 0.0027547225, 0.0026438565, 0.0024449881, 0.002292292, 0.0022368766, 0.0021694207, 0.0021499854, 0.0021541885, 0.0021565561, 0.002143704, 0.0020938476, 0.002052381, 0.0019463487, 0.0018385185, 0.0018036743, 0.0018543238, 0.0022893818, 0, 0, 0, 0, 0, 0, 0, 0, 0, 0, 0, 0, 0, 0, 0, 0, 0, 0, 0, 0, 0, 0, 0, 0, 0, 0, 0, 0, 0, 0, 0
0, 0, 0, 0, 0, 0, 0, 0, 0, 0, 0, 0, 0, 0, 0, 0, 0, 0, 0, 0, 0, 0, 0, 0, 0, 0, 0, 0, 0, 0, 0, 0, 0, 0, 0, 0, 0, 0, 0, 0, 0, 0, 0, 0.0014385072, 0.0009240299, 0.0008857681, 0.0009824415, 0.0011454874, 0.0012235785, 0.0013514092, 0.0014421544, 0.001507701, 0.0015378076, 0.0016061212, 0.0016972235, 0.001753086, 0.0018812375, 0.0020211407, 0.002091392, 0.0022313881, 0.002373873, 0.002530275, 0.0026172865, 0.0028125371, 0.0030347735, 0.0031543376, 0.0034038173, 0.0036585936, 0.003910363, 0.004033667, 0.004274823, 0.004513322, 0.0046332004, 0.0048750327, 0.005116718, 0.005350171, 0.0054614353, 0.005670407, 0.005855358, 0.005937438, 0.0060770167, 0.006182456, 0.006221935, 0.0062754024, 0.00629459, 0.0062787, 0.0062572593, 0.0061850096, 0.0060696253, 0.005994024, 0.0058082864, 0.005574812, 0.00529913, 0.005149432, 0.004836675, 0.004519891, 0.0043644644, 0.0040629916, 0.0037738143, 0.0036315455, 0.0033471873, 0.003057054, 0.0027597612, 0.0026102553, 0.0023204004, 0.0020596124, 0.00194663, 0.001765556, 0.0016478461, 0.0015827317, 0.0015624495, 0.0015264262, 0.0014745292, 0.0014393588, 0.0013686891, 0.0013718433, 0.0014402402, 0.0016928454, 0, 0, 0, 0, 0, 0, 0, 0, 0, 0, 0, 0, 0, 0, 0, 0, 0, 0, 0, 0, 0, 0, 0, 0, 0, 0, 0, 0, 0, 0, 0, 0
0, 0, 0, 0, 0, 0, 0, 0, 0, 0, 0, 0, 0, 0, 0, 0, 0, 0, 0, 0, 0, 0, 0, 0, 0, 0, 0, 0, 0, 0, 0, 0, 0, 0, 0, 0, 0, 0, 0, 0, 0, 0, 0.0016432824, 0.0013991364, 0.0012815292, 0.0013068083, 0.0014614362, 0.0016667196, 0.0017673646, 0.0019433579, 0.0020774577, 0.0021742936, 0.0022128315, 0.0022823669, 0.0023586587, 0.0024033776, 0.0025083027, 0.0026299406, 0.0026933006, 0.0028207651, 0.0029452897, 0.00307207, 0.0031385908, 0.003283043, 0.003447319, 0.003537077, 0.0037318002, 0.0039414726, 0.004159237, 0.0042688292, 0.0044869995, 0.004703216, 0.0048106546, 0.005024864, 0.0052365502, 0.0054430384, 0.005543532, 0.0057376837, 0.0059206854, 0.006006583, 0.0061631403, 0.0062921345, 0.0063445037, 0.0064230138, 0.006465017, 0.006471299, 0.0064607663, 0.0064116633, 0.0063248035, 0.0062660375, 0.00611562, 0.0059169456, 0.005667601, 0.0055248435, 0.0052095, 0.004867298, 0.004692305, 0.0043441746, 0.004006973, 0.0038428735, 0.0035214846, 0.0032003436, 0.0028720144, 0.0027042145, 0.002363796, 0.0020311244, 0.0018737458, 0.0015923467, 0.0013694061, 0.0012129319, 0.0011570945, 0.001075611, 0.0010130252, 0.0009824747, 0.00094374776, 0.001051268, 0.0012643929, 0.0019757564, 0, 0, 0, 0, 0, 0, 0, 0, 0, 0, 0, 0, 0, 0, 0, 0, 0, 0, 0, 0, 0, 0, 0, 0, 0, 0, 0, 0, 0, 0, 0, 0
0, 0, 0, 0, 0, 0, 0, 0, 0, 0, 0, 0, 0, 0, 0, 0, 0, 0, 0, 0, 0, 0, 0, 0, 0, 0, 0, 0, 0, 0, 0, 0, 0, 0, 0, 0, 0, 0, 0, 0, 0, 0.0029561021, 0.00205954, 0.0016954371, 0.0017218937, 0.0017930982, 0.0019878333, 0.0022117905, 0.0023233779, 0.0025311639, 0.0027046471, 0.0028378956, 0.002890795, 0.0029753803, 0.0030466118, 0.0030825532, 0.0031616841, 0.003254171, 0.0033039397, 0.0034056036, 0.0035052507, 0.0035993375, 0.0036456464, 0.003739177, 0.003841037, 0.0038966052, 0.0040195626, 0.0041606254, 0.004316865, 0.0043998, 0.004571236, 0.00474653, 0.0048345663, 0.0050094463, 0.005180528, 0.0053475006, 0.0054294136, 0.005590819, 0.005750352, 0.005829228, 0.005981146, 0.0061190273, 0.006179564, 0.006277793, 0.0063400664, 0.00636489, 0.006363846, 0.0063356278, 0.0062762434, 0.0062355446, 0.006130402, 0.0059898407, 0.0058050733, 0.0056942296, 0.005432053, 0.0051212455, 0.0049521374, 0.004597019, 0.004236789, 0.00405856, 0.0037093977, 0.0033670207, 0.0030233627, 0.0028483046, 0.002489487, 0.0021232404, 0.00194045, 0.0015898206, 0.0012787371, 0.0010293641, 0.0009325261, 0.00079340854, 0.0007205908, 0.00070558285, 0.0007170238, 0.0008000164, 0.000866996, 0, 0, 0, 0, 0, 0, 0, 0, 0, 0, 0, 0, 0, 0, 0, 0, 0, 0, 0, 0, 0, 0, 0, 0, 0, 0, 0, 0, 0, 0, 0, 0, 0
0, 0, 0, 0, 0, 0, 0, 0, 0, 0, 0, 0, 0, 0, 0, 0, 0, 0, 0, 0, 0, 0, 0, 0, 0, 0, 0, 0, 0, 0, 0, 0, 0, 0, 0, 0, 0, 0, 0, 0, 0.0031508217, 0.0027246617, 0.002239622, 0.0021217985, 0.0022382431, 0.0023320846, 0.0025445246, 0.0027698313, 0.0028832315, 0.0031030867, 0.003302207, 0.0034677347, 0.0035364558, 0.0036450084, 0.0037241846, 0.0037569352, 0.0038168547, 0.003877827, 0.0039099124, 0.0039764135, 0.0040406613, 0.004098237, 0.004123643, 0.004169955, 0.00421289, 0.0042350874, 0.0042849006, 0.0043467316, 0.0044246055, 0.0044700163, 0.00457191, 0.0046847435, 0.0047441125, 0.004864381, 0.00498419, 0.005101024, 0.0051586507, 0.0052734655, 0.005390756, 0.0054514757, 0.005576526, 0.0057019605, 0.0057614017, 0.005866315, 0.00594171, 0.0059817056, 0.0059881974, 0.0059769284, 0.0059389616, 0.005911969, 0.005844974, 0.005759437, 0.00564875, 0.005580019, 0.005405774, 0.0051757363, 0.005038863, 0.0047302414, 0.0043894006, 0.0042133033, 0.003857916, 0.0035056756, 0.0031560368, 0.0029799584, 0.0026221105, 0.002250458, 0.002059414, 0.0016759458, 0.0013072231, 0.0009804952, 0.0008426024, 0.0006381996, 0.000562639, 0.0005856994, 0.0007388958, 0.00097568164, 0, 0, 0, 0, 0, 0, 0, 0, 0, 0, 0, 0, 0, 0, 0, 0, 0, 0, 0, 0, 0, 0, 0, 0, 0, 0, 0, 0, 0, 0, 0, 0, 0, 0
0, 0, 0, 0, 0, 0, 0, 0, 0, 0, 0, 0, 0, 0, 0, 0, 0, 0, 0, 0, 0, 0, 0, 0, 0, 0, 0, 0, 0, 0, 0, 0, 0, 0, 0, 0, 0, 0, 0, 0.0025204134, 0.0024408137, 0.0023831332, 0.0023863346, 0.0025293664, 0.0027450623, 0.0028612392, 0.0030921176, 0.0033173678, 0.0034288971, 0.003648765, 0.0038579656, 0.004045319, 0.0041271076, 0.0042624315, 0.0043591186, 0.004394931, 0.00444744, 0.004484198, 0.0044997004, 0.0045272196, 0.004550286, 0.0045660706, 0.0045705847, 0.004572059, 0.004564759, 0.0045583327, 0.004543629, 0.0045313565, 0.0045282436, 0.0045317835, 0.004550585, 0.004583733, 0.0046050395, 0.004654073, 0.0047083898, 0.0047642705, 0.0047925166, 0.004849126, 0.004909077, 0.0049418984, 0.0050171656, 0.005105044, 0.00515163, 0.005242181, 0.0053168954, 0.005365376, 0.0053780004, 0.0053808475, 0.00535892, 0.005341603, 0.005298888, 0.005250625, 0.005196687, 0.005164206, 0.0050777094, 0.0049471525, 0.0048604268, 0.0046415143, 0.0043687006, 0.004217118, 0.003895206, 0.0035609854, 0.0032237747, 0.0030543967, 0.002711384, 0.002353841, 0.002168256, 0.0017838827, 0.001393258, 0.0010201245, 0.00085106934, 0.0005816019, 0.00048080634, 0.0005406817, 0.0008433599, 0, 0, 0, 0, 0, 0, 0, 0, 0, 0, 0, 0, 0, 0, 0, 0, 0, 0, 0, 0, 0, 0, 0, 0, 0, 0, 0, 0, 0, 0, 0, 0, 0, 0, 0
0, 0, 0, 0, 0, 0, 0, 0, 0, 0, 0, 0, 0, 0, 0, 0, 0, 0, 0, 0, 0, 0, 0, 0, 0, 0, 0, 0, 0, 0, 0, 0, 0, 0, 0, 0, 0, 0, 0.0030138493, 0.0023665188, 0.00220201, 0.0022715917, 0.002533635, 0.002850739, 0.003159815, 0.0033038307, 0.0035684865, 0.0038073845, 0.003920903, 0.004141577, 0.004354438, 0.0045534386, 0.0046441196, 0.0048017283, 0.00492124, 0.0049654488, 0.0050248126, 0.0050516278, 0.005056109, 0.0050518485, 0.0050355997, 0.0050090533, 0.0049928147, 0.004952871, 0.0049030813, 0.004874216, 0.0048094355, 0.0047376165, 0.0046636444, 0.00462768, 0.004561777, 0.0045081754, 0.0044860863, 0.004451278, 0.00442764, 0.0044108653, 0.0044040577, 0.0043920735, 0.0043832655, 0.0043814196, 0.0043880213, 0.0044128876, 0.0044323485, 0.004481527, 0.0045335083, 0.0045760055, 0.0045904955, 0.004603876, 0.0045961943, 0.0045865383, 0.0045592785, 0.004530581, 0.0045062373, 0.0044955295, 0.00446914, 0.004421355, 0.004383029, 0.004267482, 0.004095677, 0.003989674, 0.0037445852, 0.0034688183, 0.0031762247, 0.003025913, 0.002717267, 0.0023928804, 0.0022222584, 0.0018633857, 0.0014929915, 0.001132576, 0.00096467946, 0.00067428657, 0.00048717082, 0.0004448632, 0, 0, 0, 0, 0, 0, 0, 0, 0, 0, 0, 0, 0, 0, 0, 0, 0, 0, 0, 0, 0, 0, 0, 0, 0, 0, 0, 0, 0, 0, 0, 0, 0, 0, 0, 0
0, 0, 0, 0, 0, 0, 0, 0, 0, 0, 0, 0, 0, 0, 0, 0, 0, 0, 0, 0, 0, 0, 0, 0, 0, 0, 0, 0, 0, 0, 0, 0, 0, 0, 0, 0, 0, 0.0021886723, 0.0021676337, 0.00206695, 0.002169654, 0.0023088688, 0.002675244, 0.0030726665, 0.0034441878, 0.0036136515, 0.0039200974, 0.004186817, 0.004309433, 0.0045403973, 0.004758445, 0.0049642953, 0.0050612977, 0.0052362597, 0.005378469, 0.005434383, 0.0055127004, 0.005548037, 0.0055509657, 0.0055334936, 0.005490873, 0.0054315235, 0.005397175, 0.0053217364, 0.005236907, 0.0051907715, 0.005089227, 0.0049737073, 0.004845572, 0.0047773924, 0.0046377466, 0.004500834, 0.004435722, 0.004313839, 0.0042050257, 0.0041081314, 0.004062725, 0.003975699, 0.0038916746, 0.0038512421, 0.0037781184, 0.0037222959, 0.003703164, 0.003683786, 0.0036848604, 0.0036982594, 0.0037059274, 0.0037178034, 0.0037193187, 0.0037157629, 0.0037008813, 0.0036825773, 0.0036680182, 0.0036642314, 0.0036626812, 0.0036606328, 0.0036548446, 0.0036231587, 0.0035521945, 0.003499361, 0.003358592, 0.0031769853, 0.0029638237, 0.00284798, 0.0026002373, 0.0023284398, 0.0021820092, 0.0018708546, 0.0015603626, 0.0012987634, 0.001196956, 0.0010377654, 0.0008356774, 0, 0, 0, 0, 0, 0, 0, 0, 0, 0, 0, 0, 0, 0, 0, 0, 0, 0, 0, 0, 0, 0, 0, 0, 0, 0, 0, 0, 0, 0, 0, 0, 0, 0, 0, 0, 0
0, 0, 0, 0, 0, 0, 0, 0, 0, 0, 0, 0, 0, 0, 0, 0, 0, 0, 0, 0, 0, 0, 0, 0, 0, 0, 0, 0, 0, 0, 0, 0, 0, 0, 0, 0, 0.0025542632, 0.002020082, 0.0018916477, 0.0019442992, 0.0022096965, 0.002388061, 0.0027896478, 0.0032067408, 0.0036033636, 0.0037887348, 0.0041278102, 0.004425725, 0.004561056, 0.0048106373, 0.0050388337, 0.005250825, 0.005351102, 0.0055376496, 0.0056992387, 0.005767147, 0.005872464, 0.0059326766, 0.0059454744, 0.005937907, 0.005893336, 0.0058198795, 0.0057755546, 0.0056767873, 0.0055667125, 0.0055078287, 0.005379531, 0.0052337595, 0.0050670304, 0.004975774, 0.0047801635, 0.0045750164, 0.004472049, 0.0042708353, 0.0040805615, 0.0039034132, 0.0038194857, 0.0036578022, 0.0035007035, 0.0034227555, 0.00327098, 0.003130519, 0.0030677237, 0.0029622612, 0.0028884336, 0.0028447707, 0.0028320958, 0.0028192424, 0.0028139332, 0.0028109464, 0.002801952, 0.0027876524, 0.0027736838, 0.0027683647, 0.0027661738, 0.0027747606, 0.0027816915, 0.0027946911, 0.0027953926, 0.0027870242, 0.0027459017, 0.0026687833, 0.0025551443, 0.0024848485, 0.002320791, 0.0021246476, 0.0020144226, 0.0017779206, 0.0015614895, 0.0014746055, 0.0015096341, 0.001677808, 0, 0, 0, 0, 0, 0, 0, 0, 0, 0, 0, 0, 0, 0, 0, 0, 0, 0, 0, 0, 0, 0, 0, 0, 0, 0, 0, 0, 0, 0, 0, 0, 0, 0, 0, 0, 0, 0
0, 0, 0, 0, 0, 0, 0, 0, 0, 0, 0, 0, 0, 0, 0, 0, 0, 0, 0, 0, 0, 0, 0, 0, 0, 0, 0, 0, 0, 0, 0, 0, 0, 0, 0, 0, 0.0017331659, 0.001699288, 0.0017299835, 0.001944807, 0.002282608, 0.0024741648, 0.0028752252, 0.0032801556, 0.0036724408, 0.0038602815, 0.004213092, 0.0045321514, 0.0046784882, 0.00494679, 0.005186933, 0.0054046907, 0.005506889, 0.005698286, 0.005870857, 0.0059481077, 0.006078698, 0.0061707664, 0.0062000556, 0.0062233107, 0.0062010554, 0.0061389343, 0.0060965987, 0.0059936866, 0.0058727283, 0.00580636, 0.0056616124, 0.005496853, 0.005306705, 0.005201464, 0.004970262, 0.00471849, 0.0045883073, 0.004325603, 0.004067528, 0.0038203413, 0.0037013388, 0.0034722558, 0.0032507153, 0.003141188, 0.0029234479, 0.0027092586, 0.002606033, 0.0024150996, 0.0022546705, 0.0021318758, 0.0020850853, 0.0020181136, 0.0019776644, 0.0019639058, 0.001941692, 0.0019211207, 0.0019002766, 0.0018905934, 0.0018769101, 0.0018751685, 0.0018807824, 0.0019030886, 0.0019356279, 0.0019524981, 0.0019787773, 0.0019852426, 0.0019624254, 0.0019386747, 0.0018651184, 0.0017627997, 0.0017060671, 0.0016018926, 0.0015532961, 0.0016636291, 0.0018776073, 0, 0, 0, 0, 0, 0, 0, 0, 0, 0, 0, 0, 0, 0, 0, 0, 0, 0, 0, 0, 0, 0, 0, 0, 0, 0, 0, 0, 0, 0, 0, 0, 0, 0, 0, 0, 0, 0, 0
0, 0, 0, 0, 0, 0, 0, 0, 0, 0, 0, 0, 0, 0, 0, 0, 0, 0, 0, 0, 0, 0, 0, 0, 0, 0, 0, 0, 0, 0, 0, 0, 0, 0, 0, 0.0014065405, 0.001366696, 0.0015298184, 0.0016619721, 0.0019903893, 0.0023636103, 0.002556129, 0.0029415586, 0.0033208039, 0.0036902386, 0.003869913, 0.0042162603, 0.00453992, 0.0046911314, 0.0049715913, 0.0052213385, 0.005443931, 0.0055463105, 0.0057368833, 0.0059099533, 0.0059902035, 0.0061342916, 0.0062509375, 0.006296422, 0.006355584, 0.006370049, 0.0063395086, 0.006309285, 0.006223434, 0.006109261, 0.006043193, 0.0058953315, 0.005723912, 0.005525929, 0.0054154936, 0.00517071, 0.00489786, 0.004753018, 0.0044543385, 0.0041507618, 0.0038508351, 0.0037047153, 0.003420087, 0.0031456277, 0.0030111053, 0.0027441967, 0.00247742, 0.0023447797, 0.0020867554, 0.0018483606, 0.0016422148, 0.0015539911, 0.0014088752, 0.001303897, 0.0012638861, 0.0012011789, 0.0011536384, 0.0011138947, 0.0010960331, 0.0010654283, 0.0010468555, 0.0010444047, 0.001055393, 0.0010880865, 0.0011112352, 0.0011647226, 0.0012169466, 0.0012551206, 0.0012649825, 0.0012637282, 0.001246415, 0.001249014, 0.0013624453, 0.0017560328, 0.002033819, 0, 0, 0, 0, 0, 0, 0, 0, 0, 0, 0, 0, 0, 0, 0, 0, 0, 0, 0, 0, 0, 0, 0, 0, 0, 0, 0, 0, 0, 0, 0, 0, 0, 0, 0, 0, 0, 0, 0, 0
0, 0, 0, 0, 0, 0, 0, 0, 0, 0, 0, 0, 0, 0, 0, 0, 0, 0, 0, 0, 0, 0, 0, 0, 0, 0, 0, 0, 0, 0, 0, 0, 0, 0, 0.0019120782, 0.0015603941, 0.0013781439, 0.00156319, 0.0017161437, 0.0020705075, 0.0024443758, 0.0026300885, 0.002993331, 0.0033428457, 0.0036810734, 0.0038465548, 0.0041704383, 0.0044814073, 0.004630675, 0.004912036, 0.0051668906, 0.0053931857, 0.005495569, 0.0056818714, 0.0058473507, 0.0059237187, 0.006064753, 0.0061884336, 0.0062416364, 0.0063251005, 0.006372375, 0.006378132, 0.0063651493, 0.0063095046, 0.006217875, 0.006160013, 0.0060233865, 0.0058591426, 0.005668261, 0.005561606, 0.005324215, 0.005055733, 0.0049109375, 0.0046051126, 0.004283795, 0.003955931, 0.0037919548, 0.0034685652, 0.0031541493, 0.0030005097, 0.0026988448, 0.0023998783, 0.0022506139, 0.0019537448, 0.0016644461, 0.0013926813, 0.0012666095, 0.001041833, 0.00085642847, 0.0007789505, 0.0006509027, 0.00055182836, 0.00047386205, 0.00044065903, 0.0003849853, 0.00034486488, 0.00033229007, 0.00032408416, 0.00034139896, 0.0003590864, 0.0004096064, 0.00047229757, 0.0005339292, 0.0005597364, 0.00059352355, 0.0006147794, 0.0006444175, 0.00091859396, 0.0022875539, 0.0035221744, 0, 0, 0, 0, 0, 0, 0, 0, 0, 0, 0, 0, 0, 0, 0, 0, 0, 0, 0, 0, 0, 0, 0, 0, 0, 0, 0, 0, 0, 0, 0, 0, 0, 0, 0, 0, 0, 0, 0, 0
0, 0, 0, 0, 0, 0, 0, 0, 0, 0, 0, 0, 0, 0, 0, 0, 0, 0, 0, 0, 0, 0, 0, 0, 0, 0, 0, 0, 0, 0, 0, 0, 0, 0.0017002121, 0.0015597045, 0.0014838753, 0.0014958276, 0.0017008967, 0.0018459571, 0.0021747127, 0.0025200576, 0.002691373, 0.0030249145, 0.0033429787, 0.003647302, 0.0037954268, 0.0040876134, 0.004373406, 0.004513394, 0.004784151, 0.005036148, 0.005262875, 0.0053651384, 0.0055470783, 0.0057019168, 0.005771153, 0.0058966815, 0.0060076155, 0.0060579544, 0.006144232, 0.006206435, 0.006237601, 0.006239486, 0.006215348, 0.0061528203, 0.0061076656, 0.0059926244, 0.0058474503, 0.0056754253, 0.005579072, 0.005365445, 0.0051227263, 0.0049905255, 0.0047060098, 0.004397685, 0.004071166, 0.0039033415, 0.003563257, 0.0032247768, 0.0030584296, 0.0027330548, 0.002416609, 0.0022604791, 0.0019499336, 0.0016412041, 0.0013366909, 0.0011883756, 0.0009053311, 0.0006493962, 0.00053422304, 0.00033176396, 0.00016555293, 3.125523e-05, -2.4990493e-05, -0.000119131924, -0.00018935605, -0.00021516111, -0.00024716416, -0.00025246682, -0.0002446644, -0.00021278072, -0.00016266774, -0.00010555777, -8.002901e-05, -4.6376805e-05, -4.0438325e-05, -3.867539e-05, 9.05237e-06, 0, 0, 0, 0, 0, 0, 0, 0, 0, 0, 0, 0, 0, 0, 0, 0, 0, 0, 0, 0, 0, 0, 0, 0, 0, 0, 0, 0, 0, 0, 0, 0, 0, 0, 0, 0, 0, 0, 0, 0, 0, 0
0, 0, 0, 0, 0, 0, 0, 0, 0, 0, 0, 0, 0, 0, 0, 0, 0, 0, 0, 0, 0, 0, 0, 0, 0, 0, 0, 0, 0, 0, 0, 0, 0.0022644596, 0.0017067102, 0.0014943908, 0.0015052716, 0.001639332, 0.0018635734, 0.0019957735, 0.0022835534, 0.0025851328, 0.002736261, 0.003032537, 0.0033154995, 0.003584532, 0.0037149969, 0.003970547, 0.004222792, 0.0043479204, 0.0045959344, 0.0048340997, 0.0050538834, 0.0051540663, 0.0053309863, 0.005475777, 0.005537416, 0.0056426893, 0.0057307947, 0.0057703587, 0.005840515, 0.005897289, 0.005934828, 0.005944109, 0.0059408667, 0.0059032883, 0.0058712414, 0.0057812673, 0.00565965, 0.005511756, 0.005429002, 0.0052464916, 0.005041467, 0.0049301013, 0.0046883863, 0.0044197505, 0.004124701, 0.0039681643, 0.0036404284, 0.0033017208, 0.0031315933, 0.002796114, 0.0024712111, 0.0023134148, 0.0020041338, 0.0016995269, 0.0013945955, 0.0012416026, 0.0009372239, 0.0006418896, 0.00050135696, 0.00023956031, 9.72421e-06, -0.00018541195, -0.00026977487, -0.0004130487, -0.0005238994, -0.000567592, -0.00063181506, -0.00066544715, -0.0006718195, -0.0006656398, -0.0006393821, -0.0006034997, -0.000588295, -0.00058018294, -0.0006068196, -0.0006150632, -0.0005185219, 0, 0, 0, 0, 0, 0, 0, 0, 0, 0, 0, 0, 0, 0, 0, 0, 0, 0, 0, 0, 0, 0, 0, 0, 0, 0, 0, 0, 0, 0, 0, 0, 0, 0, 0, 0, 0, 0, 0, 0, 0, 0
0, 0, 0, 0, 0, 0, 0, 0, 0, 0, 0, 0, 0, 0, 0, 0, 0, 0, 0, 0, 0, 0, 0, 0, 0, 0, 0, 0, 0, 0, 0, 0, 0.0015997029, 0.001505326, 0.0015326652, 0.0016023775, 0.0017979781, 0.0020268378, 0.0021464615, 0.0023935852, 0.0026476972, 0.0027747487, 0.0030271155, 0.0032711, 0.0035037627, 0.0036163342, 0.0038354995, 0.004049839, 0.0041568964, 0.0043710396, 0.0045818607, 0.0047820243, 0.004874557, 0.0050396994, 0.005173631, 0.005228213, 0.0053157066, 0.005380093, 0.0054063913, 0.0054515814, 0.0054881657, 0.0055148876, 0.0055229776, 0.0055241105, 0.005500217, 0.005476535, 0.005406187, 0.005305784, 0.0051802583, 0.005110521, 0.0049581514, 0.004791391, 0.004702486, 0.0045114923, 0.0042975214, 0.004056157, 0.0039241365, 0.003637945, 0.003328122, 0.0031679007, 0.002842741, 0.002522868, 0.0023672509, 0.0020660122, 0.001775488, 0.0014892187, 0.0013448913, 0.0010525073, 0.00075626816, 0.00060873304, 0.0003208107, 5.155645e-05, -0.00019031142, -0.0002989574, -0.0004904259, -0.00064679846, -0.0007116917, -0.0008158623, -0.00088696094, -0.0009110994, -0.00093978643, -0.0009471803, -0.00094615977, -0.0009509164, -0.0009982887, -0.0011153131, -0.0011645703, 0, 0, 0, 0, 0, 0, 0, 0, 0, 0, 0, 0, 0, 0, 0, 0, 0, 0, 0, 0, 0, 0, 0, 0, 0, 0, 0, 0, 0, 0, 0, 0, 0, 0, 0, 0, 0, 0, 0, 0, 0, 0, 0
0, 0, 0, 0, 0, 0, 0, 0, 0, 0, 0, 0, 0, 0, 0, 0, 0, 0, 0, 0, 0, 0, 0, 0, 0, 0, 0, 0, 0, 0, 0.0022011867, 0.0017631502, 0.0014703292, 0.0015692427, 0.0017956733, 0.0019199115, 0.0021607222, 0.0023774563, 0.0024767397, 0.0026609285, 0.0028329808, 0.0029163389, 0.0030808237, 0.003243587, 0.003403299, 0.0034812375, 0.0036314258, 0.0037729803, 0.003840524, 0.003971141, 0.004097138, 0.0042181155, 0.0042756395, 0.0043820743, 0.0044717435, 0.0045085684, 0.0045635495, 0.0045934436, 0.0046002986, 0.0046003857, 0.0045885993, 0.0045690704, 0.0045566442, 0.0045254515, 0.004483973, 0.0044581043, 0.004393432, 0.004310982, 0.0042122407, 0.0041578063, 0.004042432, 0.0039226334, 0.0038623714, 0.0037414005, 0.0036173284, 0.0034823318, 0.0034088595, 0.0032442426, 0.0030532235, 0.0029480192, 0.0027209565, 0.0024776354, 0.0023529045, 0.0021020144, 0.001855326, 0.0016153272, 0.001497366, 0.0012636345, 0.0010284432, 0.0009085705, 0.0006649239, 0.00041670745, 0.00017060176, 5.042531e-05, -0.00017927935, -0.0003902006, -0.00048744207, -0.0006628325, -0.0008135818, -0.0008799184, -0.0010004392, -0.0011183431, -0.0012735891, -0.0013867823, -0.0017017622, 0, 0, 0, 0, 0, 0, 0, 0, 0, 0, 0, 0, 0, 0, 0, 0, 0, 0, 0, 0, 0, 0, 0, 0, 0, 0, 0, 0, 0, 0, 0, 0, 0, 0, 0, 0, 0, 0, 0, 0, 0, 0, 0, 0, 0
0, 0, 0, 0, 0, 0, 0, 0, 0, 0, 0, 0, 0, 0, 0, 0, 0, 0, 0, 0, 0, 0, 0, 0, 0, 0, 0, 0, 0, 0.0018570691, 0.001739207, 0.0016466321, 0.001614027, 0.0017649455, 0.0019949046, 0.0021166415, 0.002349176, 0.0025556977, 0.0026484663, 0.002814179, 0.0029601944, 0.003028538, 0.0031600962, 0.003288909, 0.0034158651, 0.0034786616, 0.0035990514, 0.00370973, 0.0037607204, 0.0038536212, 0.00393596, 0.00401059, 0.0040452764, 0.0041099535, 0.0041661155, 0.0041896235, 0.004225145, 0.0042411173, 0.004241464, 0.0042271637, 0.004197059, 0.0041538626, 0.0041288, 0.0040719924, 0.0040078154, 0.003972929, 0.0038969347, 0.003811051, 0.0037154432, 0.0036642726, 0.0035562997, 0.0034437228, 0.0033867473, 0.0032743278, 0.0031636339, 0.0030525306, 0.0029954477, 0.0028740535, 0.0027383207, 0.0026636354, 0.0025014149, 0.0023223667, 0.0022273995, 0.0020291288, 0.0018231351, 0.0016141405, 0.0015100336, 0.0013029658, 0.0010981339, 0.0009960135, 0.0007906068, 0.00058175914, 0.00036962688, 0.00026290113, 5.15503e-05, -0.00015319219, -0.00025180198, -0.00043887555, -0.0006113927, -0.00069248537, -0.0008519851, -0.0010321923, -0.0013013829, -0.0015135038, -0.0023282631, 0, 0, 0, 0, 0, 0, 0, 0, 0, 0, 0, 0, 0, 0, 0, 0, 0, 0, 0, 0, 0, 0, 0, 0, 0, 0, 0, 0, 0, 0, 0, 0, 0, 0, 0, 0, 0, 0, 0, 0, 0, 0, 0, 0, 0
0, 0, 0, 0, 0, 0, 0, 0, 0, 0, 0, 0, 0, 0, 0, 0, 0, 0, 0, 0, 0, 0, 0, 0, 0, 0, 0, 0, 0, 0.0015410569, 0.0015084145, 0.0015512643, 0.0017088098, 0.0019254003, 0.0021637755, 0.0022825273, 0.0025069925, 0.002707024, 0.0027961063, 0.0029529368, 0.003085279, 0.0031444016, 0.0032535645, 0.0033566426, 0.0034569153, 0.0035064712, 0.0036017809, 0.0036872644, 0.003724872, 0.0037883902, 0.0038358704, 0.0038712027, 0.0038852748, 0.003909423, 0.003930134, 0.0039391858, 0.0039518187, 0.0039526075, 0.0039473358, 0.0039221677, 0.0038788493, 0.0038181397, 0.0037826088, 0.0037028962, 0.0036163481, 0.0035715415, 0.0034790917, 0.0033842998, 0.0032867293, 0.0032367434, 0.003132441, 0.0030223413, 0.002965398, 0.0028493076, 0.0027348895, 0.0026248188, 0.002571715, 0.0024674498, 0.002362656, 0.0023088804, 0.002196566, 0.0020758212, 0.0020117485, 0.0018729798, 0.0017208091, 0.0015554795, 0.001469244, 0.0012931515, 0.0011164882, 0.0010286437, 0.0008550653, 0.0006827876, 0.0005087737, 0.00042034473, 0.00024121838, 5.984351e-05, -3.0742325e-05, -0.00021074248, -0.00038690947, -0.0004743131, -0.00065648666, -0.0008832096, -0.0012284372, -0.0014312599, 0, 0, 0, 0, 0, 0, 0, 0, 0, 0, 0, 0, 0, 0, 0, 0, 0, 0, 0, 0, 0, 0, 0, 0, 0, 0, 0, 0, 0, 0, 0, 0, 0, 0, 0, 0, 0, 0, 0, 0, 0, 0, 0, 0, 0, 0
0, 0, 0, 0, 0, 0, 0, 0, 0, 0, 0, 0, 0, 0, 0, 0, 0, 0, 0, 0, 0, 0, 0, 0, 0, 0, 0, 0.0024507304, 0.0021414259, 0.0015066758, 0.0014649351, 0.0015428273, 0.001769673, 0.002022403, 0.0022703137, 0.0023890594, 0.0026117463, 0.0028109027, 0.002900307, 0.0030569478, 0.0031859726, 0.003241379, 0.0033397027, 0.003426514, 0.0035074686, 0.0035464792, 0.0036207614, 0.0036863314, 0.0037137226, 0.0037559331, 0.0037794248, 0.0037859038, 0.0037844158, 0.003775921, 0.0037654133, 0.0037601797, 0.0037488877, 0.0037334375, 0.0037219056, 0.0036877622, 0.0036361658, 0.0035657848, 0.003523921, 0.003430164, 0.003326685, 0.003273064, 0.0031649682, 0.0030584754, 0.0029546747, 0.0029034826, 0.002799852, 0.002691127, 0.002633729, 0.0025139, 0.0023903956, 0.0022698299, 0.0022120583, 0.002103314, 0.002003527, 0.0019568095, 0.0018682433, 0.0017834214, 0.0017409679, 0.0016513101, 0.0015507183, 0.0014347131, 0.0013712564, 0.0012346115, 0.0010900394, 0.0010164549, 0.00087037135, 0.0007262772, 0.0005824038, 0.000510011, 0.00036204795, 0.00020891633, 0.00012990425, -3.1416093e-05, -0.0001977201, -0.00028368624, -0.00047076948, -0.00072171143, -0.0012347947, -0.0014487696, 0, 0, 0, 0, 0, 0, 0, 0, 0, 0, 0, 0, 0, 0, 0, 0, 0, 0, 0, 0, 0, 0, 0, 0, 0, 0, 0, 0, 0, 0, 0, 0, 0, 0, 0, 0, 0, 0, 0, 0, 0, 0, 0, 0, 0, 0
0, 0, 0, 0, 0, 0, 0, 0, 0, 0, 0, 0, 0, 0, 0, 0, 0, 0, 0, 0, 0, 0, 0, 0, 0, 0, 0, 0.0014239736, 0.0013792109, 0.0013101388, 0.0014329188, 0.0015424883, 0.0018000454, 0.0020646532, 0.0023160405, 0.002435026, 0.0026589094, 0.0028608276, 0.0029526402, 0.0031154251, 0.0032500415, 0.0033073719, 0.0034046706, 0.0034851122, 0.0035550208, 0.003586805, 0.0036451095, 0.0036945164, 0.0037140907, 0.0037408874, 0.0037491596, 0.0037377728, 0.0037263357, 0.0036960864, 0.0036619157, 0.0036450585, 0.0036125039, 0.003579915, 0.0035620716, 0.0035198294, 0.0034643146, 0.0033916004, 0.0033487717, 0.003251021, 0.0031408232, 0.0030829245, 0.002964268, 0.00284672, 0.0027339226, 0.0026794735, 0.0025724235, 0.0024636944, 0.0024069268, 0.0022875771, 0.0021604204, 0.0020312013, 0.00196781, 0.0018460249, 0.0017351016, 0.0016845992, 0.0015945637, 0.001517549, 0.0014825886, 0.0014160436, 0.0013476221, 0.0012710751, 0.0012283535, 0.0011329715, 0.0010254856, 0.0009682261, 0.00084963284, 0.00072930666, 0.00060695794, 0.00054497, 0.0004179624, 0.00028575133, 0.00021738524, 7.454472e-05, -7.682602e-05, -0.00015642658, -0.00032925428, -0.0005222879, 0, 0, 0, 0, 0, 0, 0, 0, 0, 0, 0, 0, 0, 0, 0, 0, 0, 0, 0, 0, 0, 0, 0, 0, 0, 0, 0, 0, 0, 0, 0, 0, 0, 0, 0, 0, 0, 0, 0, 0, 0, 0, 0, 0, 0, 0, 0, 0
0, 0, 0, 0, 0, 0, 0, 0, 0, 0, 0, 0, 0, 0, 0, 0, 0, 0, 0, 0, 0, 0, 0, 0, 0, 0, 0.0015174352, 0.0011942642, 0.0011194097, 0.0011893549, 0.0014049395, 0.0015345797, 0.0018049651, 0.002068242, 0.0023161971, 0.0024336858, 0.0026557, 0.0028598022, 0.002953937, 0.0031241088, 0.0032690596, 0.0033314896, 0.003437518, 0.0035221244, 0.0035898215, 0.0036187049, 0.0036680338, 0.0037052354, 0.0037190323, 0.0037346333, 0.0037331986, 0.0037136036, 0.0036979304, 0.0036573983, 0.0036099933, 0.0035854427, 0.0035369885, 0.0034901276, 0.0034665775, 0.0034169422, 0.0033596933, 0.003289947, 0.003249759, 0.003158013, 0.003052784, 0.0029961236, 0.0028769716, 0.0027547702, 0.0026341537, 0.0025754697, 0.0024616206, 0.002349365, 0.0022927015, 0.0021752173, 0.002051047, 0.0019215893, 0.0018557315, 0.0017255988, 0.0016016783, 0.0015437391, 0.0014380919, 0.0013478785, 0.0013076315, 0.0012355952, 0.0011708436, 0.0011084806, 0.0010765214, 0.0010086405, 0.0009325871, 0.0008906098, 0.00080036634, 0.0007018662, 0.00059639657, 0.00054103136, 0.00042625357, 0.0003047894, 0.00024151352, 0.0001090155, -3.3357835e-05, -0.00010815635, -0.0002695552, -0.00048453637, 0, 0, 0, 0, 0, 0, 0, 0, 0, 0, 0, 0, 0, 0, 0, 0, 0, 0, 0, 0, 0, 0, 0, 0, 0, 0, 0, 0, 0, 0, 0, 0, 0, 0, 0, 0, 0, 0, 0, 0, 0, 0, 0, 0, 0, 0, 0, 0
0, 0, 0, 0, 0, 0, 0, 0, 0, 0, 0, 0, 0, 0, 0, 0, 0, 0, 0, 0, 0, 0, 0, 0, 0, 0, 0.0010848866, 0.0010258643, 0.0010357898, 0.0011737213, 0.0014043046, 0.00153319, 0.0017934095, 0.002044623, 0.0022814688, 0.0023944934, 0.0026095554, 0.002810027, 0.0029039264, 0.0030792486, 0.0032336868, 0.0033025208, 0.0034228005, 0.003519174, 0.0035941703, 0.003625008, 0.0036739297, 0.003706772, 0.0037172132, 0.0037267036, 0.0037213836, 0.0037012822, 0.0036860576, 0.0036466136, 0.0035979124, 0.0035712002, 0.00351618, 0.003460451, 0.0034329328, 0.0033772779, 0.0033189112, 0.0032538867, 0.0032180303, 0.0031383962, 0.003047164, 0.0029977902, 0.0028903948, 0.0027745853, 0.0026539883, 0.0025934647, 0.0024729988, 0.002353943, 0.0022946082, 0.002175504, 0.002053759, 0.0019282646, 0.0018642743, 0.0017344233, 0.0016045066, 0.0015409777, 0.0014199961, 0.0013082438, 0.0012565991, 0.0011617392, 0.0010766631, 0.0010008127, 0.0009658908, 0.00090003124, 0.0008353282, 0.00080194394, 0.0007309212, 0.0006508547, 0.00056039623, 0.0005107728, 0.00040344396, 0.00028655693, 0.00022421626, 9.2861956e-05, -4.8119575e-05, -0.0001202406, -0.00025602902, 0, 0, 0, 0, 0, 0, 0, 0, 0, 0, 0, 0, 0, 0, 0, 0, 0, 0, 0, 0, 0, 0, 0, 0, 0, 0, 0, 0, 0, 0, 0, 0, 0, 0, 0, 0, 0, 0, 0, 0, 0, 0, 0, 0, 0, 0, 0, 0, 0
0, 0, 0, 0, 0, 0, 0, 0, 0, 0, 0, 0, 0, 0, 0, 0, 0, 0, 0, 0, 0, 0, 0, 0, 0, 0.0010024197, 0.00090387044, 0.0009488897, 0.0010098142, 0.0011861173, 0.0014068914, 0.0015246179, 0.0017614495, 0.001992411, 0.0022125097, 0.0023180703, 0.0025202418, 0.0027111024, 0.002802172, 0.0029754073, 0.0031351913, 0.0032090535, 0.003342831, 0.003455375, 0.003545616, 0.003582436, 0.0036398843, 0.003677299, 0.003688833, 0.0036994994, 0.0036963709, 0.0036824583, 0.0036716138, 0.0036427546, 0.0036046468, 0.0035822988, 0.0035324495, 0.0034776041, 0.0034492458, 0.003391275, 0.0033314466, 0.0032702012, 0.0032382277, 0.0031713287, 0.0030986113, 0.0030594557, 0.0029734564, 0.002876492, 0.0027687456, 0.0027115464, 0.0025918384, 0.0024678314, 0.0024047557, 0.0022785163, 0.0021531177, 0.0020287333, 0.0019661998, 0.0018402466, 0.0017119139, 0.0016467242, 0.0015168762, 0.0013883646, 0.0013259604, 0.0012049606, 0.0010905159, 0.0009850862, 0.00093649153, 0.0008480717, 0.000770301, 0.0007340456, 0.0006639551, 0.0005906238, 0.00050850894, 0.0004626617, 0.00036157074, 0.0002471939, 0.0001850205, 5.1990944e-05, -8.9572066e-05, -0.00015793524, -0.00026223855, 0, 0, 0, 0, 0, 0, 0, 0, 0, 0, 0, 0, 0, 0, 0, 0, 0, 0, 0, 0, 0, 0, 0, 0, 0, 0, 0, 0, 0, 0, 0, 0, 0, 0, 0, 0, 0, 0, 0, 0, 0, 0, 0, 0, 0, 0, 0, 0, 0
0, 0, 0, 0, 0, 0, 0, 0, 0, 0, 0, 0, 0, 0, 0, 0, 0, 0, 0, 0, 0, 0, 0, 0, 0.0016530249, 0.001115853, 0.00088472525, 0.0009335485, 0.0010023946, 0.0011790645, 0.0013801107, 0.0014843747, 0.0016948256, 0.0019026407, 0.002102976, 0.0021996323, 0.0023858256, 0.002562878, 0.0026484951, 0.0028144056, 0.0029735377, 0.0030494703, 0.0031919763, 0.0033190171, 0.0034261676, 0.003471616, 0.0035445674, 0.003594081, 0.003610761, 0.0036305566, 0.0036369888, 0.0036348854, 0.003631322, 0.0036196106, 0.003600632, 0.0035879528, 0.0035553921, 0.0035129907, 0.0034886864, 0.0034352164, 0.0033776884, 0.0033187561, 0.0032895494, 0.0032322404, 0.0031758212, 0.0031468943, 0.0030847006, 0.0030138069, 0.0029302188, 0.002883158, 0.002777464, 0.0026583537, 0.0025949776, 0.0024636406, 0.0023307372, 0.0022006533, 0.0021368405, 0.002010503, 0.0018831171, 0.0018184449, 0.0016858029, 0.0015492033, 0.0014797352, 0.0013398108, 0.001200038, 0.0010640526, 0.0009987954, 0.00087684294, 0.0007680662, 0.000718761, 0.00062881754, 0.0005442403, 0.00045719213, 0.0004106542, 0.00030877357, 0.00019439313, 0.00013326919, 4.369145e-06, -0.0001288678, -0.00018857309, 0, 0, 0, 0, 0, 0, 0, 0, 0, 0, 0, 0, 0, 0, 0, 0, 0, 0, 0, 0, 0, 0, 0, 0, 0, 0, 0, 0, 0, 0, 0, 0, 0, 0, 0, 0, 0, 0, 0, 0, 0, 0, 0, 0, 0, 0, 0, 0, 0, 0
0, 0, 0, 0, 0, 0, 0, 0, 0, 0, 0, 0, 0, 0, 0, 0, 0, 0, 0, 0, 0, 0, 0, 0, 0.00086515554, 0.0007890781, 0.00078231574, 0.0008854259, 0.00096014614, 0.0011291933, 0.0013102039, 0.001402643, 0.0015885989, 0.0017731518, 0.0019532184, 0.0020405478, 0.0022100033, 0.0023724139, 0.0024516815, 0.002607271, 0.00276028, 0.002835065, 0.0029800597, 0.003115482, 0.0032364829, 0.0032898271, 0.003380165, 0.003446797, 0.003471632, 0.0035072323, 0.0035291503, 0.003543209, 0.0035485406, 0.0035567263, 0.0035611684, 0.0035609505, 0.003553015, 0.0035327952, 0.003518018, 0.0034790738, 0.00343041, 0.0033775123, 0.0033511892, 0.0033010324, 0.0032552371, 0.0032337534, 0.0031908911, 0.003144228, 0.0030880533, 0.0030547814, 0.002974713, 0.0028753306, 0.0028185274, 0.0026939923, 0.0025597608, 0.0024236958, 0.0023562198, 0.0022231422, 0.002091, 0.0020244976, 0.0018888509, 0.0017475755, 0.0016748108, 0.0015246943, 0.0013696399, 0.0012118748, 0.0011336933, 0.0009804163, 0.0008366578, 0.0007697086, 0.0006464504, 0.0005341148, 0.00042633121, 0.0003719155, 0.00025781995, 0.00013712682, 7.6604025e-05, -3.695074e-05, -0.00014112481, -0.00018557707, 0, 0, 0, 0, 0, 0, 0, 0, 0, 0, 0, 0, 0, 0, 0, 0, 0, 0, 0, 0, 0, 0, 0, 0, 0, 0, 0, 0, 0, 0, 0, 0, 0, 0, 0, 0, 0, 0, 0, 0, 0, 0, 0, 0, 0, 0, 0, 0, 0, 0
0, 0, 0, 0, 0, 0, 0, 0, 0, 0, 0, 0, 0, 0, 0, 0, 0, 0, 0, 0, 0, 0, 0, 0.0005834009, 0.00053818413, 0.00053938944, 0.00064446684, 0.0007944511, 0.000875981, 0.0010421177, 0.0012079835, 0.0012909343, 0.0014553539, 0.0016180006, 0.0017775353, 0.0018555532, 0.0020082623, 0.0021564502, 0.002229424, 0.0023740665, 0.002517645, 0.0025891017, 0.0027301414, 0.0028664886, 0.002993724, 0.003052365, 0.0031568224, 0.0032407986, 0.0032751926, 0.0033311849, 0.0033734923, 0.003407405, 0.00342242, 0.0034507688, 0.0034768758, 0.003488473, 0.0035057634, 0.0035113927, 0.003508687, 0.003491979, 0.0034616366, 0.0034221467, 0.0034010373, 0.0033598938, 0.0033220719, 0.0033051358, 0.0032735234, 0.003242408, 0.0032071099, 0.0031860343, 0.003133267, 0.0030622222, 0.0030188279, 0.0029166986, 0.0027961286, 0.0026643998, 0.0025960621, 0.0024568415, 0.0023163154, 0.002245594, 0.0021019795, 0.001954506, 0.0018787829, 0.0017225887, 0.0015599525, 0.0013905085, 0.0013042638, 0.0011300433, 0.00095853984, 0.0008752864, 0.0007167771, 0.00056809594, 0.00042762136, 0.00035928073, 0.00022421461, 9.313037e-05, 3.2357373e-05, -5.9254173e-05, -0.00010638166, 0, 0, 0, 0, 0, 0, 0, 0, 0, 0, 0, 0, 0, 0, 0, 0, 0, 0, 0, 0, 0, 0, 0, 0, 0, 0, 0, 0, 0, 0, 0, 0, 0, 0, 0, 0, 0, 0, 0, 0, 0, 0, 0, 0, 0, 0, 0, 0, 0, 0, 0
0, 0, 0, 0, 0, 0, 0, 0, 0, 0, 0, 0, 0, 0, 0, 0, 0, 0, 0, 0, 0, 0, 0, 0.00028335748, 0.00030372475, 0.0003942615, 0.00054042577, 0.0007066003, 0.0007899181, 0.00095127895, 0.001104798, 0.0011791273, 0.001324049, 0.0014650768, 0.0016025875, 0.0016706693, 0.0018055427, 0.0019389354, 0.0020057382, 0.0021388596, 0.0022715835, 0.002337715, 0.0024687715, 0.0025977306, 0.0027223132, 0.0027818442, 0.002893021, 0.0029909923, 0.0030348778, 0.0031124153, 0.0031778233, 0.0032340044, 0.0032595731, 0.0033070866, 0.0033513359, 0.003371941, 0.0034087123, 0.0034355787, 0.0034444802, 0.003451569, 0.0034451871, 0.003427456, 0.0034157468, 0.00338926, 0.0033620729, 0.0033490723, 0.0033235312, 0.0032984838, 0.0032720838, 0.0032571452, 0.0032223074, 0.0031757646, 0.0031462235, 0.003073443, 0.0029806122, 0.0028688703, 0.0028070968, 0.002673933, 0.0025313704, 0.002457377, 0.0023053847, 0.0021494103, 0.0020696274, 0.0019074304, 0.0017390961, 0.0015641924, 0.0014745754, 0.0012898569, 0.0011017106, 0.0010071761, 0.0008193897, 0.0006351766, 0.0004572772, 0.00037168572, 0.00021406745, 8.513523e-05, 3.583212e-05, -2.6963236e-05, 0, 0, 0, 0, 0, 0, 0, 0, 0, 0, 0, 0, 0, 0, 0, 0, 0, 0, 0, 0, 0, 0, 0, 0, 0, 0, 0, 0, 0, 0, 0, 0, 0, 0, 0, 0, 0, 0, 0, 0, 0, 0, 0, 0, 0, 0, 0, 0, 0, 0, 0, 0
0, 0, 0, 0, 0, 0, 0, 0, 0, 0, 0, 0, 0, 0, 0, 0, 0, 0, 0, 0, 0, 0, 0.0002816733, 0.00022152749, 0.0002462987, 0.0003563273, 0.0005055915, 0.0006656556, 0.0007447511, 0.0008957771, 0.0010357165, 0.001101897, 0.0012269962, 0.0013447782, 0.0014585011, 0.001515328, 0.0016291373, 0.0017460779, 0.00180561, 0.0019257964, 0.0020459408, 0.0021054426, 0.002222326, 0.0023371556, 0.0024495602, 0.0025052077, 0.002613737, 0.0027179404, 0.0027680192, 0.0028627987, 0.0029495722, 0.0030280608, 0.003064096, 0.0031304313, 0.003189661, 0.00321632, 0.0032641906, 0.0033040103, 0.0033204723, 0.0033461538, 0.003362662, 0.0033698918, 0.0033703076, 0.003365866, 0.0033549042, 0.0033474457, 0.0033284395, 0.0033047758, 0.0032771651, 0.0032624556, 0.0032307762, 0.0031949119, 0.003174493, 0.003125381, 0.00306157, 0.002979163, 0.002930574, 0.0028184725, 0.002688198, 0.0026167745, 0.002465318, 0.0023048136, 0.0022224518, 0.0020543167, 0.0018817496, 0.0017038668, 0.0016125933, 0.0014249464, 0.0012294133, 0.0011293949, 0.00092340197, 0.0007120529, 0.0004997081, 0.00039727517, 0.00021368517, 9.7465105e-05, 8.490889e-05, 0.00013616582, 0, 0, 0, 0, 0, 0, 0, 0, 0, 0, 0, 0, 0, 0, 0, 0, 0, 0, 0, 0, 0, 0, 0, 0, 0, 0, 0, 0, 0, 0, 0, 0, 0, 0, 0, 0, 0, 0, 0, 0, 0, 0, 0, 0, 0, 0, 0, 0, 0, 0, 0, 0
0, 0, 0, 0, 0, 0, 0, 0, 0, 0, 0, 0, 0, 0, 0, 0, 0, 0, 0, 0, 0, 0.00026345148, 0.0002571535, 0.00028137618, 0.0003160878, 0.0004214839, 0.000553837, 0.00069501513, 0.0007657936, 0.0009015952, 0.0010258598, 0.0010826865, 0.0011876606, 0.0012826486, 0.0013717497, 0.0014158818, 0.0015069605, 0.0016036658, 0.0016544716, 0.0017591635, 0.0018643938, 0.0019163227, 0.002016746, 0.0021132582, 0.0022072692, 0.0022545294, 0.0023502605, 0.002449056, 0.0024994393, 0.002600409, 0.002699977, 0.0027954949, 0.0028403383, 0.0029229186, 0.0029943855, 0.003025396, 0.0030791494, 0.0031231048, 0.0031423492, 0.0031766694, 0.0032075215, 0.0032345876, 0.0032465793, 0.0032655548, 0.0032749837, 0.0032756347, 0.0032668235, 0.0032456429, 0.0032146664, 0.003196959, 0.0031587014, 0.0031197201, 0.003100176, 0.0030598165, 0.0030139887, 0.0029566518, 0.0029220108, 0.002837426, 0.0027308292, 0.0026691922, 0.0025319012, 0.002378734, 0.0022979088, 0.0021307466, 0.0019582757, 0.00178108, 0.001690774, 0.0015051045, 0.0013117726, 0.0012109346, 0.0010002048, 0.00077655044, 0.0005461127, 0.00043346419, 0.00023178884, 9.476279e-05, 5.119177e-05, 0, 0, 0, 0, 0, 0, 0, 0, 0, 0, 0, 0, 0, 0, 0, 0, 0, 0, 0, 0, 0, 0, 0, 0, 0, 0, 0, 0, 0, 0, 0, 0, 0, 0, 0, 0, 0, 0, 0, 0, 0, 0, 0, 0, 0, 0, 0, 0, 0, 0, 0, 0, 0
0, 0, 0, 0, 0, 0, 0, 0, 0, 0, 0, 0, 0, 0, 0, 0, 0, 0, 0, 0, 0.00025901606, 0.00025291817, 0.00030176522, 0.00039013778, 0.00044050984, 0.0005498831, 0.0006684825, 0.0007916437, 0.00085283286, 0.00097184855, 0.0010803312, 0.0011292252, 0.0012167633, 0.001291879, 0.0013594219, 0.0013921732, 0.0014604112, 0.0015351654, 0.0015758061, 0.0016615759, 0.0017495463, 0.0017929965, 0.0018763967, 0.0019538794, 0.0020270643, 0.002063455, 0.0021387613, 0.0022198327, 0.002263245, 0.0023554596, 0.0024540913, 0.0025541058, 0.0026028077, 0.0026944478, 0.0027732926, 0.0028072065, 0.0028639154, 0.0029071192, 0.0029254141, 0.0029591224, 0.0029917764, 0.003026549, 0.0030444087, 0.0030782411, 0.0031045063, 0.0031128344, 0.003116959, 0.0031025321, 0.0030710706, 0.003051146, 0.0030054038, 0.0029578267, 0.0029345201, 0.0028896953, 0.002846254, 0.0027991363, 0.0027721438, 0.002707779, 0.0026247378, 0.00257527, 0.002460604, 0.0023269872, 0.002254433, 0.002100156, 0.0019375021, 0.0017688677, 0.001682897, 0.0015063729, 0.0013222636, 0.0012263274, 0.0010243022, 0.0008084889, 0.00058946974, 0.0004884658, 0.0003372433, 0.00026967158, 0, 0, 0, 0, 0, 0, 0, 0, 0, 0, 0, 0, 0, 0, 0, 0, 0, 0, 0, 0, 0, 0, 0, 0, 0, 0, 0, 0, 0, 0, 0, 0, 0, 0, 0, 0, 0, 0, 0, 0, 0, 0, 0, 0, 0, 0, 0, 0, 0, 0, 0, 0, 0, 0
0, 0, 0, 0, 0, 0, 0, 0, 0, 0, 0, 0, 0, 0, 0, 0, 0, 0, 0, 0, 0.00024249898, 0.00026942848, 0.0003789815, 0.0005120394, 0.00057735847, 0.0007007993, 0.00081672915, 0.0009297096, 0.0009847864, 0.0010905591, 0.0011867678, 0.0012299633, 0.0013055849, 0.0013679465, 0.0014206755, 0.0014449582, 0.0014947756, 0.0015494515, 0.0015795939, 0.0016441941, 0.0017127969, 0.0017474158, 0.001813674, 0.0018737776, 0.001928034, 0.0019539853, 0.0020064693, 0.002063282, 0.0020947352, 0.0021654852, 0.0022462914, 0.0023348308, 0.00237992, 0.0024670986, 0.0025448026, 0.0025785437, 0.00263405, 0.002674731, 0.0026905972, 0.00271754, 0.0027425736, 0.0027706511, 0.0027864333, 0.0028193088, 0.002849719, 0.0028614572, 0.0028731208, 0.00286544, 0.0028387276, 0.0028191067, 0.002771424, 0.002718095, 0.0026907634, 0.0026375682, 0.0025866143, 0.0025356745, 0.002508793, 0.0024492953, 0.0023781126, 0.0023371405, 0.0022425842, 0.0021323462, 0.0020716593, 0.0019405268, 0.0017988988, 0.0016491232, 0.0015715725, 0.0014118688, 0.001244165, 0.0011566759, 0.0009737219, 0.00078341656, 0.00060360215, 0.00053406035, 0.0005054403, 0.00065126596, 0, 0, 0, 0, 0, 0, 0, 0, 0, 0, 0, 0, 0, 0, 0, 0, 0, 0, 0, 0, 0, 0, 0, 0, 0, 0, 0, 0, 0, 0, 0, 0, 0, 0, 0, 0, 0, 0, 0, 0, 0, 0, 0, 0, 0, 0, 0, 0, 0, 0, 0, 0, 0, 0
0, 0, 0, 0, 0, 0, 0, 0, 0, 0, 0, 0, 0, 0, 0, 0, 0, 0, 0, 0.00018454889, 0.00024013738, 0.00030015147, 0.00045545798, 0.0006195934, 0.00069720217, 0.00083879457, 0.0009639636, 0.0010766933, 0.0011294655, 0.0012293281, 0.0013191792, 0.0013595949, 0.0014302579, 0.0014875109, 0.0015341289, 0.0015550215, 0.0015939452, 0.0016337208, 0.0016547453, 0.001699888, 0.0017487992, 0.0017737503, 0.0018227069, 0.0018674615, 0.0019069137, 0.0019248393, 0.001958644, 0.0019931046, 0.0020118596, 0.0020554324, 0.0021085676, 0.0021707101, 0.002204071, 0.002271307, 0.0023341682, 0.0023621896, 0.002409318, 0.002443782, 0.0024565957, 0.0024758452, 0.0024896709, 0.002502753, 0.002510153, 0.002526844, 0.0025440303, 0.0025508315, 0.0025573326, 0.0025499712, 0.0025263855, 0.0025087162, 0.0024643708, 0.0024117033, 0.0023834798, 0.0023257423, 0.0022670866, 0.002206434, 0.0021753472, 0.0021091911, 0.0020367808, 0.0019976613, 0.0019127587, 0.0018192537, 0.0017689223, 0.0016622948, 0.0015470536, 0.0014230385, 0.0013577676, 0.0012205669, 0.0010727802, 0.000994738, 0.0008333096, 0.0006786757, 0.0005721757, 0.0005546923, 0.00056539243, 0, 0, 0, 0, 0, 0, 0, 0, 0, 0, 0, 0, 0, 0, 0, 0, 0, 0, 0, 0, 0, 0, 0, 0, 0, 0, 0, 0, 0, 0, 0, 0, 0, 0, 0, 0, 0, 0, 0, 0, 0, 0, 0, 0, 0, 0, 0, 0, 0, 0, 0, 0, 0, 0, 0
0, 0, 0, 0, 0, 0, 0, 0, 0, 0, 0, 0, 0, 0, 0, 0, 0, 0, 0, 0.00013931592, 0.00025184965, 0.0003319394, 0.0005113389, 0.000693159, 0.0007792872, 0.00093830517, 0.0010778165, 0.0011995253, 0.0012549513, 0.0013565645, 0.0014462456, 0.0014867171, 0.0015578951, 0.0016167284, 0.0016647788, 0.0016857934, 0.0017228486, 0.00175584, 0.0017711446, 0.0018015798, 0.0018324858, 0.0018482897, 0.0018799495, 0.0019103008, 0.001938284, 0.0019509285, 0.0019739703, 0.001994108, 0.002003775, 0.002024282, 0.002048777, 0.0020784494, 0.0020949997, 0.0021298425, 0.0021638346, 0.002179548, 0.0022071647, 0.002228542, 0.002236596, 0.002246952, 0.0022500218, 0.002247659, 0.002244971, 0.0022377998, 0.0022294077, 0.0022243701, 0.0022113486, 0.0021918246, 0.0021639173, 0.0021463216, 0.0021048568, 0.0020561079, 0.0020295808, 0.0019728453, 0.0019116541, 0.001844857, 0.0018095669, 0.001734549, 0.001654954, 0.001613259, 0.0015278677, 0.0014407418, 0.0013969265, 0.0013080644, 0.0012162577, 0.0011177344, 0.0010651024, 0.0009513982, 0.0008233995, 0.0007535082, 0.0006060406, 0.00047715486, 0.00046770056, 0.0005761957, 0.0009549043, 0, 0, 0, 0, 0, 0, 0, 0, 0, 0, 0, 0, 0, 0, 0, 0, 0, 0, 0, 0, 0, 0, 0, 0, 0, 0, 0, 0, 0, 0, 0, 0, 0, 0, 0, 0, 0, 0, 0, 0, 0, 0, 0, 0, 0, 0, 0, 0, 0, 0, 0, 0, 0, 0, 0
0, 0, 0, 0, 0, 0, 0, 0, 0, 0, 0, 0, 0, 0, 0, 0, 0, 0, 2.865203e-05, 0.00011614994, 0.00026354517, 0.0003503344, 0.0005344654, 0.0007197375, 0.0008096349, 0.0009799743, 0.0011337138, 0.0012690015, 0.0013304598, 0.0014405319, 0.0015361485, 0.0015788514, 0.0016552053, 0.0017198202, 0.0017742045, 0.0017981689, 0.0018398648, 0.0018734264, 0.0018875035, 0.001910637, 0.0019297954, 0.0019383, 0.0019546398, 0.0019712884, 0.0019887593, 0.001997933, 0.0020156847, 0.0020302772, 0.0020359342, 0.0020433152, 0.002046763, 0.0020476768, 0.0020475565, 0.0020460188, 0.0020433343, 0.0020419562, 0.0020394244, 0.0020376877, 0.002036862, 0.0020337154, 0.0020256657, 0.0020098647, 0.0019987344, 0.0019700923, 0.001934843, 0.0019155703, 0.0018754844, 0.0018341835, 0.001791581, 0.0017701383, 0.001724543, 0.0016765054, 0.0016509682, 0.0015968818, 0.0015370202, 0.0014697061, 0.001432902, 0.0013540059, 0.0012691844, 0.001225313, 0.0011368395, 0.0010507574, 0.0010097923, 0.0009308678, 0.00085413083, 0.000774548, 0.00073221716, 0.00063905853, 0.00052973215, 0.00046773948, 0.00032940847, 0.00019393676, 0.00015706336, 0.00023533528, 0, 0, 0, 0, 0, 0, 0, 0, 0, 0, 0, 0, 0, 0, 0, 0, 0, 0, 0, 0, 0, 0, 0, 0, 0, 0, 0, 0, 0, 0, 0, 0, 0, 0, 0, 0, 0, 0, 0, 0, 0, 0, 0, 0, 0, 0, 0, 0, 0, 0, 0, 0, 0, 0, 0, 0
0, 0, 0, 0, 0, 0, 0, 0, 0, 0, 0, 0, 0, 0, 0, 0, 0, -0.000105700674, -4.963177e-05, 8.846715e-05, 0.00025014323, 0.00033554895, 0.0005107889, 0.00068875053, 0.0007774555, 0.000950635, 0.0011137075, 0.0012621848, 0.0013306622, 0.0014539389, 0.0015609126, 0.0016084315, 0.0016932011, 0.0017663392, 0.0018293728, 0.0018579145, 0.0019081171, 0.0019486466, 0.0019651614, 0.0019903865, 0.0020062637, 0.0020111727, 0.0020176605, 0.0020228578, 0.0020302448, 0.0020357159, 0.0020484743, 0.002060881, 0.002065535, 0.0020689815, 0.0020618723, 0.0020445632, 0.0020321852, 0.0020013992, 0.0019644804, 0.0019453529, 0.0019082096, 0.001875573, 0.0018613193, 0.0018362323, 0.0018119756, 0.001783037, 0.0017651937, 0.0017214356, 0.001666995, 0.0016364674, 0.0015725937, 0.0015077769, 0.0014452204, 0.0014156252, 0.0013584904, 0.0013032507, 0.001276018, 0.0012197953, 0.0011599252, 0.0010939573, 0.0010583167, 0.0009811322, 0.00089792226, 0.00085478247, 0.0007681726, 0.0006850518, 0.0006457906, 0.0005724232, 0.0005039823, 0.00043561275, 0.0003994275, 0.00032070884, 0.00022843386, 0.00017552682, 5.5446588e-05, -7.1146686e-05, -0.000158776, 0, 0, 0, 0, 0, 0, 0, 0, 0, 0, 0, 0, 0, 0, 0, 0, 0, 0, 0, 0, 0, 0, 0, 0, 0, 0, 0, 0, 0, 0, 0, 0, 0, 0, 0, 0, 0, 0, 0, 0, 0, 0, 0, 0, 0, 0, 0, 0, 0, 0, 0, 0, 0, 0, 0, 0, 0
0, 0, 0, 0, 0, 0, 0, 0, 0, 0, 0, 0, 0, 0, 0, 0, 0, -0.00023866764, -0.00014914518, 2.023651e-05, 0.00018290026, 0.00026338687, 0.00042496176, 0.0005897874, 0.00067339384, 0.0008421726, 0.0010078491, 0.0011658559, 0.001239936, 0.001377222, 0.0014978969, 0.0015519822, 0.0016485793, 0.0017323166, 0.0018055591, 0.001839086, 0.0018999954, 0.0019516805, 0.0019735154, 0.0020084202, 0.002031005, 0.0020377855, 0.0020439017, 0.002043964, 0.002043268, 0.0020441748, 0.002049027, 0.0020568897, 0.0020601302, 0.0020620478, 0.0020525926, 0.0020284269, 0.0020106242, 0.0019638014, 0.0019048004, 0.001872471, 0.0018060175, 0.0017420758, 0.0017125286, 0.0016590377, 0.0016112137, 0.0015644723, 0.0015396447, 0.0014840883, 0.0014189752, 0.0013825805, 0.0013054103, 0.001225155, 0.0011461508, 0.0011078945, 0.0010353583, 0.00096690934, 0.00093391427, 0.0008690338, 0.00080405874, 0.00073710806, 0.00070238934, 0.0006297788, 0.0005531167, 0.000513709, 0.0004348017, 0.0003583297, 0.0003220631, 0.00025408503, 0.00019073335, 0.0001285288, 9.610815e-05, 2.5418063e-05, -5.6431414e-05, -0.00010284472, -0.00020173975, -0.00027600635, -0.00030700592, 0, 0, 0, 0, 0, 0, 0, 0, 0, 0, 0, 0, 0, 0, 0, 0, 0, 0, 0, 0, 0, 0, 0, 0, 0, 0, 0, 0, 0, 0, 0, 0, 0, 0, 0, 0, 0, 0, 0, 0, 0, 0, 0, 0, 0, 0, 0, 0, 0, 0, 0, 0, 0, 0, 0, 0, 0
0, 0, 0, 0, 0, 0, 0, 0, 0, 0, 0, 0, 0, 0, 0, 0, -0.00063894095, -0.00038689972, -0.00028438665, -0.00010958595, 4.5318007e-05, 0.00011975396, 0.00026798237, 0.00041925363, 0.00049686333, 0.000656137, 0.0008183617, 0.0009787047, 0.0010562756, 0.0012034994, 0.0013365052, 0.0013973094, 0.0015069041, 0.0016025922, 0.0016866986, 0.0017254759, 0.0017976023, 0.001862126, 0.001891154, 0.0019410768, 0.0019785701, 0.0019919607, 0.0020084374, 0.0020130505, 0.0020105408, 0.0020083624, 0.0020049098, 0.0020037808, 0.0020036986, 0.0020013794, 0.0019911756, 0.001967911, 0.0019499612, 0.0019009407, 0.001835517, 0.001797597, 0.001715362, 0.0016290634, 0.0015866888, 0.0015059236, 0.001431485, 0.0013622744, 0.0013283798, 0.001259759, 0.001187004, 0.0011483271, 0.0010670748, 0.0009817907, 0.0008950948, 0.00085180585, 0.0007673659, 0.00068546186, 0.00064552185, 0.0005680668, 0.00049360655, 0.0004220966, 0.00038687518, 0.00031731187, 0.00024782965, 0.00021315207, 0.0001439629, 7.637255e-05, 4.381881e-05, -1.7624063e-05, -7.56923e-05, -0.00013375859, -0.00016384739, -0.00023051888, -0.00031178203, -0.0003592987, -0.00046031503, -0.0005013866, 0, 0, 0, 0, 0, 0, 0, 0, 0, 0, 0, 0, 0, 0, 0, 0, 0, 0, 0, 0, 0, 0, 0, 0, 0, 0, 0, 0, 0, 0, 0, 0, 0, 0, 0, 0, 0, 0, 0, 0, 0, 0, 0, 0, 0, 0, 0, 0, 0, 0, 0, 0, 0, 0, 0, 0, 0, 0
0, 0, 0, 0, 0, 0, 0, 0, 0, 0, 0, 0, 0, 0, 0, 0, -0.0007300779, -0.00054798694, -0.0004550307, -0.00029458085, -0.00015356383, -8.569206e-05, 4.9271668e-05, 0.00018734034, 0.00025831498, 0.00040565658, 0.00055861205, 0.0007138103, 0.0007908101, 0.000940461, 0.0010807608, 0.0011461941, 0.0012667287, 0.0013735867, 0.0014686548, 0.0015127133, 0.0015954047, 0.001671982, 0.001707704, 0.0017733807, 0.0018288705, 0.0018518473, 0.001886068, 0.0019049579, 0.0019104813, 0.0019092754, 0.001902547, 0.0018936537, 0.0018891867, 0.0018795201, 0.0018662481, 0.0018446324, 0.0018291681, 0.001786584, 0.0017269286, 0.0016910608, 0.001608434, 0.0015153304, 0.0014667702, 0.0013688124, 0.0012735239, 0.0011830869, 0.0011396848, 0.0010552636, 0.00097265316, 0.0009314292, 0.00084811397, 0.0007631398, 0.00067626993, 0.000632289, 0.0005429992, 0.0004532752, 0.00040850323, 0.00032123626, 0.00023794903, 0.00016068801, 0.0001242756, 5.5569137e-05, -9.155201e-06, -4.0352224e-05, -0.00010106686, -0.00015989493, -0.00018819007, -0.0002424409, -0.00029445667, -0.00034707555, -0.00037511703, -0.00044144946, -0.000532147, -0.00059184263, -0.0007322645, 0, 0, 0, 0, 0, 0, 0, 0, 0, 0, 0, 0, 0, 0, 0, 0, 0, 0, 0, 0, 0, 0, 0, 0, 0, 0, 0, 0, 0, 0, 0, 0, 0, 0, 0, 0, 0, 0, 0, 0, 0, 0, 0, 0, 0, 0, 0, 0, 0, 0, 0, 0, 0, 0, 0, 0, 0, 0, 0
0, 0, 0, 0, 0, 0, 0, 0, 0, 0, 0, 0, 0, 0, 0, -0.0018858908, -0.0011748608, -0.0007621384, -0.0006543366, -0.00050337065, -0.0003810668, -0.0003222144, -0.00020383189, -8.1266626e-05, -1.7916975e-05, 0.00011409489, 0.00025259232, 0.00039519844, 0.00046711104, 0.0006100758, 0.0007491877, 0.00081566256, 0.0009416916, 0.0010568182, 0.0011609112, 0.0012094432, 0.00130074, 0.001386357, 0.001427235, 0.0015050548, 0.0015757253, 0.0016071113, 0.001660247, 0.0016980126, 0.0017191542, 0.0017237564, 0.0017233443, 0.0017140287, 0.00170729, 0.0016916458, 0.0016733899, 0.0016507414, 0.0016366426, 0.0016011869, 0.0015530186, 0.0015233222, 0.0014519995, 0.00136693, 0.0013203324, 0.0012214053, 0.0011190267, 0.001016862, 0.00096673163, 0.0008690675, 0.00077522144, 0.000729424, 0.0006401794, 0.0005530808, 0.00046705327, 0.00042369467, 0.00033568198, 0.00024588138, 0.00020035564, 0.000110411354, 2.4297096e-05, -5.4993296e-05, -9.1685775e-05, -0.00015946539, -0.0002207062, -0.00024922143, -0.00030330068, -0.00035431888, -0.00037849066, -0.00042414476, -0.0004673042, -0.0005123782, -0.0005380186, -0.0006054196, -0.00071546336, -0.0007966191, -0.0010202513, 0, 0, 0, 0, 0, 0, 0, 0, 0, 0, 0, 0, 0, 0, 0, 0, 0, 0, 0, 0, 0, 0, 0, 0, 0, 0, 0, 0, 0, 0, 0, 0, 0, 0, 0, 0, 0, 0, 0, 0, 0, 0, 0, 0, 0, 0, 0, 0, 0, 0, 0, 0, 0, 0, 0, 0, 0, 0, 0
0, 0, 0, 0, 0, 0, 0, 0, 0, 0, 0, 0, 0, 0, 0, -0.001350704, -0.0010929027, -0.0008657027, -0.0007933123, -0.0006873189, -0.00059659657, -0.0005508132, -0.00045482776, -0.00035225748, -0.0002984169, -0.00018579904, -6.7071815e-05, 5.615838e-05, 0.00011914188, 0.00024655773, 0.00037464075, 0.00043797216, 0.0005615738, 0.00067891873, 0.0007881377, 0.0008395865, 0.0009369939, 0.0010280435, 0.0010714482, 0.0011545806, 0.0012323998, 0.0012688708, 0.0013343856, 0.0013871152, 0.0014244283, 0.001436988, 0.0014500329, 0.0014489411, 0.0014445313, 0.0014294846, 0.001408087, 0.0013823804, 0.0013679644, 0.001335733, 0.0012969953, 0.0012738504, 0.0012182301, 0.0011500373, 0.0011114231, 0.0010260519, 0.00093272736, 0.00083429983, 0.0007838436, 0.0006823572, 0.0005812001, 0.00053146144, 0.00043380653, 0.00034041994, 0.0002509788, 0.00020749033, 0.00012147391, 3.5631678e-05, -7.1596414e-06, -9.1583475e-05, -0.00017260162, -0.0002472976, -0.00028194193, -0.00034536296, -0.0004017222, -0.0004272472, -0.0004748684, -0.0005170004, -0.0005362726, -0.00057075446, -0.0006021151, -0.0006361685, -0.0006582481, -0.00072748715, -0.00085921015, -0.00095819205, -0.0011913943, 0, 0, 0, 0, 0, 0, 0, 0, 0, 0, 0, 0, 0, 0, 0, 0, 0, 0, 0, 0, 0, 0, 0, 0, 0, 0, 0, 0, 0, 0, 0, 0, 0, 0, 0, 0, 0, 0, 0, 0, 0, 0, 0, 0, 0, 0, 0, 0, 0, 0, 0, 0, 0, 0, 0, 0, 0, 0, 0
0, 0, 0, 0, 0, 0, 0, 0, 0, 0, 0, 0, 0, 0, 0, -0.001221105, -0.0010185794, -0.0009085736, -0.0008747701, -0.000821529, -0.000768085, -0.0007377897, -0.00066923077, -0.0005906897, -0.000548448, -0.00045900184, -0.0003637911, -0.00026445647, -0.0002132134, -0.000108198736, 2.8003976e-07, 5.5560886e-05, 0.0001673386, 0.00027874712, 0.00038711805, 0.00043921915, 0.0005385245, 0.00063069, 0.0006738252, 0.0007553909, 0.00083116506, 0.00086671865, 0.00093290745, 0.0009904358, 0.0010366311, 0.0010548288, 0.0010807897, 0.0010929297, 0.0010941824, 0.0010865718, 0.0010680573, 0.0010413225, 0.001026018, 0.000993189, 0.000958104, 0.0009390756, 0.00089686, 0.000846711, 0.00081821746, 0.0007544762, 0.0006817158, 0.00060054316, 0.0005573805, 0.0004654542, 0.00036811674, 0.00031817667, 0.00021736861, 0.00011860913, 2.3937535e-05, -2.1493881e-05, -0.00010823612, -0.00018998433, -0.00022920064, -0.00030445246, -0.00037500422, -0.00043958818, -0.00046930937, -0.0005238143, -0.0005717422, -0.0005931745, -0.0006320944, -0.0006638961, -0.0006767924, -0.00069798983, -0.00071373774, -0.0007339803, -0.0007519348, -0.0008251402, -0.0009835734, -0.0010980465, 0, 0, 0, 0, 0, 0, 0, 0, 0, 0, 0, 0, 0, 0, 0, 0, 0, 0, 0, 0, 0, 0, 0, 0, 0, 0, 0, 0, 0, 0, 0, 0, 0, 0, 0, 0, 0, 0, 0, 0, 0, 0, 0, 0, 0, 0, 0, 0, 0, 0, 0, 0, 0, 0, 0, 0, 0, 0, 0, 0
0, 0, 0, 0, 0, 0, 0, 0, 0, 0, 0, 0, 0, 0, -0.001434888, -0.0011453679, -0.0009846021, -0.00092676916, -0.00091520784, -0.00089936214, -0.0008772507, -0.0008613375, -0.0008196147, -0.00076670264, -0.00073696877, -0.000672447, -0.00060270313, -0.00052927434, -0.00049145136, -0.00041339046, -0.0003308496, -0.00028762684, -0.0001966507, -0.00010077121, -2.025973e-06, 4.6872152e-05, 0.00014171613, 0.00022953619, 0.00026973613, 0.000343025, 0.0004079919, 0.000437727, 0.0004931862, 0.0005429966, 0.0005865829, 0.0006055891, 0.00063716643, 0.00065910193, 0.00066579063, 0.0006692643, 0.0006590316, 0.00063655275, 0.00062178617, 0.0005887347, 0.00055368454, 0.0005362381, 0.00050120015, 0.0004644966, 0.00044496026, 0.00040247582, 0.00035377318, 0.00029658858, 0.0002649684, 0.00019359119, 0.00011234139, 6.81785e-05, -2.4372916e-05, -0.00012011847, -0.0002151196, -0.0002608088, -0.0003480415, -0.0004272774, -0.00046356098, -0.0005299588, -0.0005891471, -0.000641391, -0.00066518725, -0.0007077098, -0.000744356, -0.00076070055, -0.000788502, -0.000808572, -0.00081528706, -0.00082179415, -0.00082239567, -0.0008292052, -0.00084351323, -0.0009234971, -0.0011099047, -0.0012237092, 0, 0, 0, 0, 0, 0, 0, 0, 0, 0, 0, 0, 0, 0, 0, 0, 0, 0, 0, 0, 0, 0, 0, 0, 0, 0, 0, 0, 0, 0, 0, 0, 0, 0, 0, 0, 0, 0, 0, 0, 0, 0, 0, 0, 0, 0, 0, 0, 0, 0, 0, 0, 0, 0, 0, 0, 0, 0, 0, 0
0, 0, 0, 0, 0, 0, 0, 0, 0, 0, 0, 0, 0, -0.0014714332, -0.0013085554, -0.0010512578, -0.0009403817, -0.0009133621, -0.00091297406, -0.00091773854, -0.000916274, -0.0009114028, -0.0008924185, -0.00086299947, -0.00084490865, -0.0008045633, -0.00075975945, -0.00071250205, -0.0006880922, -0.0006382814, -0.00058524794, -0.00055689004, -0.000494929, -0.00042436924, -0.00034684502, -0.00030666622, -0.00022618932, -0.00015076375, -0.00011664655, -5.707108e-05, -8.517331e-06, 1.2520486e-05, 4.9720482e-05, 8.275947e-05, 0.00011346688, 0.00012817029, 0.00015553621, 0.00017857882, 0.00018773117, 0.00019898718, 0.00019853597, 0.00018489442, 0.00017341929, 0.00014393797, 0.00011041413, 9.374049e-05, 6.2204745e-05, 3.312172e-05, 1.9191039e-05, -8.166604e-06, -3.777589e-05, -7.2487266e-05, -9.2628245e-05, -0.00014079014, -0.00019919347, -0.00023252191, -0.00030613452, -0.00038656747, -0.0004706375, -0.0005125683, -0.0005936773, -0.00066711684, -0.0007001834, -0.0007587928, -0.0008077488, -0.0008490599, -0.0008668222, -0.000897643, -0.00092262914, -0.0009332438, -0.00094956293, -0.00095798285, -0.0009587136, -0.0009531806, -0.00094310427, -0.00094476505, -0.0009605763, -0.0010525247, -0.0012349588, 0, 0, 0, 0, 0, 0, 0, 0, 0, 0, 0, 0, 0, 0, 0, 0, 0, 0, 0, 0, 0, 0, 0, 0, 0, 0, 0, 0, 0, 0, 0, 0, 0, 0, 0, 0, 0, 0, 0, 0, 0, 0, 0, 0, 0, 0, 0, 0, 0, 0, 0, 0, 0, 0, 0, 0, 0, 0, 0, 0, 0
0, 0, 0, 0, 0, 0, 0, 0, 0, 0, 0, 0, 0, -0.0011439135, -0.0010704601, -0.0009296286, -0.0008694069, -0.000861365, -0.000865903, -0.00087920664, -0.00088875985, -0.00089065864, -0.0008879489, -0.0008767188, -0.00086879183, -0.0008496289, -0.00082784734, -0.00080535514, -0.00079427054, -0.0007724869, -0.00074998493, -0.00073791645, -0.0007097792, -0.000673131, -0.0006278004, -0.0006022566, -0.00054805196, -0.0004952295, -0.00047129946, -0.0004312511, -0.00040213636, -0.00039111974, -0.000374187, -0.00036087108, -0.00034770195, -0.0003407212, -0.00032568365, -0.00031019936, -0.00030310082, -0.00029180967, -0.00028753327, -0.00029277973, -0.00029957466, -0.00032074345, -0.0003481006, -0.00036271513, -0.00039039276, -0.0004149493, -0.00042584646, -0.0004453632, -0.00046371363, -0.0004840169, -0.0004958011, -0.000524645, -0.00056189817, -0.000583543, -0.00063323777, -0.00069021486, -0.00075293396, -0.0007852933, -0.000849731, -0.0009100745, -0.00093740894, -0.0009857109, -0.0010249966, -0.0010556208, -0.0010683414, -0.0010882801, -0.0011021672, -0.0011069755, -0.0011122364, -0.0011100399, -0.0011055793, -0.0010912467, -0.0010777968, -0.0010932053, -0.0011268719, -0.001264535, 0, 0, 0, 0, 0, 0, 0, 0, 0, 0, 0, 0, 0, 0, 0, 0, 0, 0, 0, 0, 0, 0, 0, 0, 0, 0, 0, 0, 0, 0, 0, 0, 0, 0, 0, 0, 0, 0, 0, 0, 0, 0, 0, 0, 0, 0, 0, 0, 0, 0, 0, 0, 0, 0, 0, 0, 0, 0, 0, 0, 0, 0
0, 0, 0, 0, 0, 0, 0, 0, 0, 0, 0, 0, -0.0018350662, -0.0012466961, -0.001038866, -0.0008504996, -0.0007949264, -0.0007869348, -0.00079021486, -0.0008016013, -0.0008131873, -0.0008177028, -0.0008238499, -0.0008255123, -0.0008250407, -0.0008232059, -0.0008215643, -0.0008218195, -0.0008228007, -0.0008278033, -0.0008350992, -0.00083890127, -0.00084470276, -0.00084555225, -0.00083908543, -0.0008329863, -0.00081518205, -0.00079464534, -0.0007850391, -0.00077014294, -0.0007630934, -0.0007622964, -0.00076513947, -0.00077058835, -0.00077535195, -0.0007768566, -0.0007774216, -0.00077529426, -0.00077390013, -0.0007711813, -0.00077027234, -0.00077366584, -0.0007776999, -0.00079115696, -0.00081010186, -0.00082057004, -0.0008418375, -0.0008613662, -0.00086996716, -0.0008851414, -0.00089837634, -0.00091178645, -0.0009192902, -0.0009368904, -0.00095909357, -0.00097164535, -0.001000103, -0.0010323398, -0.0010683769, -0.0010874739, -0.0011269893, -0.0011656433, -0.001183598, -0.001216042, -0.0012423297, -0.0012613838, -0.0012683904, -0.001276791, -0.0012794035, -0.0012784086, -0.0012721348, -0.0012595853, -0.0012504508, -0.0012281018, -0.0012143648, -0.0012560663, -0.0013261829, -0.0016289434, 0, 0, 0, 0, 0, 0, 0, 0, 0, 0, 0, 0, 0, 0, 0, 0, 0, 0, 0, 0, 0, 0, 0, 0, 0, 0, 0, 0, 0, 0, 0, 0, 0, 0, 0, 0, 0, 0, 0, 0, 0, 0, 0, 0, 0, 0, 0, 0, 0, 0, 0, 0, 0, 0, 0, 0, 0, 0, 0, 0, 0, 0
0, 0, 0, 0, 0, 0, 0, 0, 0, 0, 0, 0, -0.0012768911, -0.0010376732, -0.00092215446, -0.0007883743, -0.0007371242, -0.0007201548, -0.00071745494, -0.0007180475, -0.00072320504, -0.0007265926, -0.00073408923, -0.000742415, -0.00074704306, -0.0007585861, -0.00077378127, -0.0007942902, -0.00080645777, -0.0008351613, -0.00086816127, -0.0008859126, -0.0009213874, -0.0009559022, -0.0009870024, -0.0010007116, -0.0010231371, -0.0010407037, -0.0010484474, -0.0010642482, -0.001082185, -0.0010925694, -0.0011150041, -0.001138195, -0.0011596109, -0.0011691857, -0.0011856103, -0.0011992439, -0.0012054261, -0.0012164679, -0.0012267048, -0.0012369077, -0.0012423998, -0.0012547902, -0.0012691363, -0.0012766188, -0.0012913888, -0.0013046727, -0.0013104579, -0.0013209544, -0.0013303137, -0.0013397189, -0.0013450005, -0.0013571639, -0.0013705292, -0.0013772863, -0.0013903187, -0.0014020532, -0.0014126821, -0.0014181655, -0.001429363, -0.0014410723, -0.0014470053, -0.0014576244, -0.0014656141, -0.0014692163, -0.0014689008, -0.0014632022, -0.0014517998, -0.0014440427, -0.0014249436, -0.0014005698, -0.0013863994, -0.0013577745, -0.0013457562, -0.0014024238, -0.0014849734, -0.0017863297, 0, 0, 0, 0, 0, 0, 0, 0, 0, 0, 0, 0, 0, 0, 0, 0, 0, 0, 0, 0, 0, 0, 0, 0, 0, 0, 0, 0, 0, 0, 0, 0, 0, 0, 0, 0, 0, 0, 0, 0, 0, 0, 0, 0, 0, 0, 0, 0, 0, 0, 0, 0, 0, 0, 0, 0, 0, 0, 0, 0, 0, 0
0, 0, 0, 0, 0, 0, 0, 0, 0, 0, 0, 0, -0.0012019653, -0.00094886974, -0.0008683447, -0.000771781, -0.00072309177, -0.0006941807, -0.0006836485, -0.0006685661, -0.000660547, -0.0006587182, -0.000660674, -0.0006691591, -0.0006761411, -0.00069621037, -0.0007245294, -0.00076130615, -0.00078287325, -0.00083107624, -0.0008846826, -0.0009128485, -0.0009704247, -0.00102942, -0.0010894699, -0.0011192166, -0.0011773369, -0.0012315917, -0.001257232, -0.0013061851, -0.001353135, -0.001375901, -0.0014204358, -0.0014626969, -0.0015013734, -0.0015191524, -0.0015516126, -0.0015810758, -0.0015950587, -0.0016212913, -0.0016458869, -0.0016687253, -0.0016795929, -0.0016997845, -0.0017178338, -0.0017258408, -0.0017388351, -0.0017480416, -0.0017512928, -0.0017558025, -0.0017592399, -0.0017631947, -0.001765904, -0.0017722355, -0.001778923, -0.0017812188, -0.0017830039, -0.0017786282, -0.0017689178, -0.0017623077, -0.0017473949, -0.0017316487, -0.0017239687, -0.0017091475, -0.001694252, -0.0016771237, -0.0016670362, -0.0016438785, -0.0016156436, -0.0015996685, -0.0015642912, -0.0015256105, -0.0015062209, -0.0014774908, -0.0014899396, -0.0016000823, -0.0016983844, 0, 0, 0, 0, 0, 0, 0, 0, 0, 0, 0, 0, 0, 0, 0, 0, 0, 0, 0, 0, 0, 0, 0, 0, 0, 0, 0, 0, 0, 0, 0, 0, 0, 0, 0, 0, 0, 0, 0, 0, 0, 0, 0, 0, 0, 0, 0, 0, 0, 0, 0, 0, 0, 0, 0, 0, 0, 0, 0, 0, 0, 0, 0
0, 0, 0, 0, 0, 0, 0, 0, 0, 0, 0, -0.0016566903, -0.0012286828, -0.0009765063, -0.00090606965, -0.0008223201, -0.00077269966, -0.0007340215, -0.000716514, -0.0006853748, -0.00066141057, -0.0006525933, -0.000642899, -0.0006451597, -0.0006511929, -0.00067381735, -0.0007098671, -0.0007580834, -0.0007863533, -0.00084899465, -0.00091692706, -0.00095208816, -0.0010238587, -0.0010978419, -0.0011755247, -0.0012156925, -0.0012984578, -0.0013819863, -0.0014230818, -0.0015033823, -0.0015799162, -0.001616559, -0.0016860643, -0.0017503751, -0.0018090033, -0.0018360898, -0.0018861889, -0.0019319003, -0.00195337, -0.0019944364, -0.0020331105, -0.0020696144, -0.0020871186, -0.0021195968, -0.0021477903, -0.0021595815, -0.002177793, -0.0021881089, -0.0021903364, -0.002190685, -0.0021867359, -0.0021824145, -0.0021803905, -0.002177255, -0.0021737085, -0.0021708764, -0.0021605273, -0.0021420645, -0.0021150392, -0.0020987082, -0.0020615472, -0.0020210189, -0.0020001268, -0.0019586673, -0.0019178546, -0.0018767954, -0.001855747, -0.0018117041, -0.0017639609, -0.0017381307, -0.0016827647, -0.0016257913, -0.001599623, -0.0015712837, -0.0016333201, -0.0019013241, -0.0021442065, 0, 0, 0, 0, 0, 0, 0, 0, 0, 0, 0, 0, 0, 0, 0, 0, 0, 0, 0, 0, 0, 0, 0, 0, 0, 0, 0, 0, 0, 0, 0, 0, 0, 0, 0, 0, 0, 0, 0, 0, 0, 0, 0, 0, 0, 0, 0, 0, 0, 0, 0, 0, 0, 0, 0, 0, 0, 0, 0, 0, 0, 0, 0
0, 0, 0, 0, 0, 0, 0, 0, 0, 0, -0.0019045748, -0.0016427725, -0.0012355573, -0.0010407225, -0.000989484, -0.0009279334, -0.00088548445, -0.00084560073, -0.0008249963, -0.00078414386, -0.000747099, -0.0007318031, -0.00070887775, -0.00070082006, -0.00070361356, -0.00072300486, -0.00076054374, -0.0008148352, -0.0008468692, -0.00091799436, -0.0009949979, -0.0010343235, -0.0011139782, -0.0011957232, -0.0012819794, -0.0013274405, -0.0014236429, -0.0015252733, -0.0015773502, -0.0016816928, -0.0017842768, -0.0018340192, -0.0019287667, -0.0020168663, -0.0020972497, -0.0021345168, -0.0022040794, -0.0022672252, -0.0022967556, -0.0023523096, -0.0024038204, -0.0024522194, -0.0024753332, -0.002518893, -0.0025570798, -0.0025736243, -0.0026000706, -0.0026158884, -0.0026194684, -0.0026187648, -0.0026096462, -0.0025956663, -0.0025878039, -0.0025712105, -0.0025527722, -0.0025422452, -0.0025162867, -0.0024820208, -0.0024381317, -0.0024126945, -0.0023555513, -0.0022922298, -0.00225916, -0.002191857, -0.0021248772, -0.0020586778, -0.0020258196, -0.0019594948, -0.0018910948, -0.0018553659, -0.0017797276, -0.0017010774, -0.001665086, -0.0016267638, -0.0017157608, -0.002066127, -0.002319662, 0, 0, 0, 0, 0, 0, 0, 0, 0, 0, 0, 0, 0, 0, 0, 0, 0, 0, 0, 0, 0, 0, 0, 0, 0, 0, 0, 0, 0, 0, 0, 0, 0, 0, 0, 0, 0, 0, 0, 0, 0, 0, 0, 0, 0, 0, 0, 0, 0, 0, 0, 0, 0, 0, 0, 0, 0, 0, 0, 0, 0, 0, 0
0, 0, 0, 0, 0, 0, 0, 0, 0, 0, -0.0015151154, -0.0014028439, -0.00120853, -0.0011222701, -0.0011019293, -0.0010761945, -0.0010519582, -0.0010211535, -0.0010032278, -0.00096369593, -0.00092334737, -0.0009045968, -0.0008740422, -0.00085750455, -0.00085633254, -0.00087007607, -0.0009052863, -0.00095974584, -0.0009929028, -0.0010668971, -0.0011473527, -0.0011884543, -0.0012716291, -0.0013566029, -0.0014461824, -0.0014937771, -0.0015954069, -0.0017057309, -0.0017635298, -0.0018820239, -0.0020022998, -0.0020616225, -0.0021766839, -0.0022848188, -0.0023848156, -0.0024319042, -0.0025200478, -0.002600941, -0.0026388231, -0.0027093173, -0.0027732225, -0.0028316102, -0.0028586928, -0.0029088901, -0.0029527736, -0.0029719896, -0.0030035803, -0.0030242656, -0.0030297074, -0.003030808, -0.0030194225, -0.0029984098, -0.0029851475, -0.0029544882, -0.0029189193, -0.0028991078, -0.0028539873, -0.0028006658, -0.0027378332, -0.0027028008, -0.0026256123, -0.0025403646, -0.0024954875, -0.0024035517, -0.0023112956, -0.002220409, -0.0021756366, -0.0020869959, -0.001997907, -0.00195265, -0.0018599207, -0.00176823, -0.0017275008, -0.001686366, -0.0017837257, -0.0021269333, 0, 0, 0, 0, 0, 0, 0, 0, 0, 0, 0, 0, 0, 0, 0, 0, 0, 0, 0, 0, 0, 0, 0, 0, 0, 0, 0, 0, 0, 0, 0, 0, 0, 0, 0, 0, 0, 0, 0, 0, 0, 0, 0, 0, 0, 0, 0, 0, 0, 0, 0, 0, 0, 0, 0, 0, 0, 0, 0, 0, 0, 0, 0, 0
0, 0, 0, 0, 0, 0, 0, 0, 0, 0, -0.0015720818, -0.0014748427, -0.0013295916, -0.0012855298, -0.001280346, -0.0012766708, -0.0012687569, -0.0012528087, -0.0012419189, -0.0012151535, -0.0011844543, -0.001169248, -0.0011422287, -0.0011261853, -0.0011242577, -0.0011353887, -0.0011675524, -0.0012188219, -0.0012504006, -0.001321713, -0.0013999904, -0.0014403643, -0.001522626, -0.0016077491, -0.0016979644, -0.001746001, -0.0018490605, -0.0019617362, -0.0020211516, -0.0021449807, -0.0022723575, -0.002336125, -0.0024614956, -0.0025810963, -0.002693728, -0.0027473718, -0.0028494187, -0.0029446203, -0.0029897876, -0.0030741575, -0.00314967, -0.0032164438, -0.0032463993, -0.0032995676, -0.0033437337, -0.0033625176, -0.003392905, -0.00341273, -0.0034183154, -0.0034195606, -0.0034070048, -0.0033817731, -0.0033647928, -0.0033232763, -0.0032727937, -0.0032442508, -0.0031801227, -0.0031062872, -0.0030227373, -0.0029773703, -0.002879374, -0.0027729108, -0.0027168738, -0.002602346, -0.0024861023, -0.002370928, -0.0023140274, -0.0022016612, -0.0020901957, -0.0020349305, -0.0019281239, -0.0018383403, -0.0018091744, -0.0018211534, -0.0019760309, 0, 0, 0, 0, 0, 0, 0, 0, 0, 0, 0, 0, 0, 0, 0, 0, 0, 0, 0, 0, 0, 0, 0, 0, 0, 0, 0, 0, 0, 0, 0, 0, 0, 0, 0, 0, 0, 0, 0, 0, 0, 0, 0, 0, 0, 0, 0, 0, 0, 0, 0, 0, 0, 0, 0, 0, 0, 0, 0, 0, 0, 0, 0, 0, 0
0, 0, 0, 0, 0, 0, 0, 0, 0, -0.0042451485, -0.0026606182, -0.0021114608, -0.0016711903, -0.0015612349, -0.0015456664, -0.0015376552, -0.0015372904, -0.0015360133, -0.0015344502, -0.0015287491, -0.0015201147, -0.0015152378, -0.0015065583, -0.0015038658, -0.0015066128, -0.0015227934, -0.0015551004, -0.001602586, -0.0016311962, -0.0016957888, -0.0017672116, -0.0018046281, -0.0018823339, -0.0019646068, -0.0020533206, -0.0021009643, -0.0022029805, -0.0023139433, -0.0023726237, -0.0024943864, -0.0026202581, -0.0026834921, -0.0028082237, -0.002929083, -0.0030441897, -0.0030995563, -0.0032069813, -0.003309371, -0.0033584493, -0.0034514184, -0.003535246, -0.0036078936, -0.0036396682, -0.0036935895, -0.0037345085, -0.003750525, -0.0037738422, -0.0037863418, -0.0037886188, -0.0037843727, -0.003767734, -0.0037380373, -0.003718412, -0.0036696326, -0.0036088056, -0.003573823, -0.0034943786, -0.0034028934, -0.0033004193, -0.0032452587, -0.0031278452, -0.0030018468, -0.0029362484, -0.0028011205, -0.0026633553, -0.0025249794, -0.0024559232, -0.002317158, -0.0021779772, -0.0021092352, -0.0019807958, -0.0018930741, -0.001885437, -0.0020212706, -0.0024802883, 0, 0, 0, 0, 0, 0, 0, 0, 0, 0, 0, 0, 0, 0, 0, 0, 0, 0, 0, 0, 0, 0, 0, 0, 0, 0, 0, 0, 0, 0, 0, 0, 0, 0, 0, 0, 0, 0, 0, 0, 0, 0, 0, 0, 0, 0, 0, 0, 0, 0, 0, 0, 0, 0, 0, 0, 0, 0, 0, 0, 0, 0, 0, 0, 0
0, 0, 0, 0, 0, 0, 0, 0, 0, -0.0036137423, -0.0026494241, -0.0023080416, -0.0019666958, -0.0018624429, -0.0018458675, -0.0018395446, -0.0018481627, -0.001863439, -0.0018727928, -0.0018931428, -0.0019142437, -0.0019247449, -0.0019458272, -0.0019684702, -0.0019811157, -0.0020113965, -0.002049432, -0.0020956695, -0.002121775, -0.0021793514, -0.0022432168, -0.0022770732, -0.0023489348, -0.0024265086, -0.002511497, -0.0025571217, -0.0026548465, -0.0027605873, -0.0028161812, -0.0029312847, -0.0030496598, -0.0031090593, -0.0032260106, -0.0033390208, -0.0034475455, -0.0035002206, -0.0036033303, -0.0037032887, -0.0037519222, -0.0038446712, -0.003929456, -0.004002941, -0.0040346086, -0.004086526, -0.004122429, -0.0041346066, -0.004147587, -0.0041483166, -0.0041442784, -0.004128644, -0.0041022436, -0.0040647015, -0.004041746, -0.003986529, -0.003918824, -0.0038797865, -0.0037907714, -0.0036872982, -0.0035709555, -0.0035084374, -0.0033756895, -0.0032340635, -0.003160427, -0.0030091177, -0.0028537111, -0.0026953775, -0.0026149135, -0.0024498513, -0.0022788409, -0.0021921608, -0.0020259803, -0.001912442, -0.0019078477, -0.0021133586, -0.0026629327, 0, 0, 0, 0, 0, 0, 0, 0, 0, 0, 0, 0, 0, 0, 0, 0, 0, 0, 0, 0, 0, 0, 0, 0, 0, 0, 0, 0, 0, 0, 0, 0, 0, 0, 0, 0, 0, 0, 0, 0, 0, 0, 0, 0, 0, 0, 0, 0, 0, 0, 0, 0, 0, 0, 0, 0, 0, 0, 0, 0, 0, 0, 0, 0, 0
0, 0, 0, 0, 0, 0, 0, 0, 0, -0.002645891, -0.002300128, -0.0021972547, -0.0021124948, -0.0021101588, -0.0021204464, -0.0021486979, -0.002182399, -0.002221551, -0.0022434436, -0.0022919602, -0.0023448034, -0.002372148, -0.0024271875, -0.0024809716, -0.0025070077, -0.0025580742, -0.0026081165, -0.0026587103, -0.0026848596, -0.0027397664, -0.0027995815, -0.002831514, -0.002899822, -0.002973672, -0.003053558, -0.0030959854, -0.0031856883, -0.0032819316, -0.0033323911, -0.0034371442, -0.003544592, -0.003598347, -0.003704056, -0.0038051489, -0.0039018488, -0.0039485716, -0.0040399777, -0.004128621, -0.004171712, -0.0042542866, -0.00433019, -0.0043964605, -0.004424846, -0.0044705495, -0.004499183, -0.004506905, -0.0045092814, -0.004496683, -0.004485491, -0.004454838, -0.0044145645, -0.0043651233, -0.0043370198, -0.004273592, -0.004199332, -0.0041573234, -0.004062696, -0.003952944, -0.0038288946, -0.0037621385, -0.003619681, -0.0034677836, -0.0033886484, -0.003226215, -0.0030587271, -0.0028862872, -0.002797179, -0.002611977, -0.0024141956, -0.002311098, -0.0021064084, -0.001949389, -0.0019260481, -0.0021223875, 0, 0, 0, 0, 0, 0, 0, 0, 0, 0, 0, 0, 0, 0, 0, 0, 0, 0, 0, 0, 0, 0, 0, 0, 0, 0, 0, 0, 0, 0, 0, 0, 0, 0, 0, 0, 0, 0, 0, 0, 0, 0, 0, 0, 0, 0, 0, 0, 0, 0, 0, 0, 0, 0, 0, 0, 0, 0, 0, 0, 0, 0, 0, 0, 0, 0
0, 0, 0, 0, 0, 0, 0, 0, 0, -0.002122402, -0.002071952, -0.0020998681, -0.002203448, -0.0023137263, -0.0023626953, -0.0024478892, -0.0025221289, -0.0025933036, -0.0026297576, -0.0027063133, -0.0027884133, -0.0028310048, -0.0029168117, -0.0030000403, -0.0030396425, -0.003113295, -0.0031797928, -0.0032410314, -0.0032706524, -0.003330253, -0.003393071, -0.0034261895, -0.0034959628, -0.0035694842, -0.003645638, -0.0036847277, -0.0037651649, -0.0038492042, -0.0038930653, -0.003984217, -0.004078401, -0.004125784, -0.0042189024, -0.00430782, -0.004391538, -0.004431433, -0.0045072692, -0.00457822, -0.004611755, -0.004675196, -0.0047329576, -0.004783107, -0.0048045106, -0.004837803, -0.004855749, -0.004858496, -0.004850815, -0.0048260614, -0.004808241, -0.004763012, -0.004707569, -0.0046442114, -0.0046097394, -0.0045356, -0.0044531194, -0.0044078575, -0.00430837, -0.004194935, -0.0040672505, -0.003998542, -0.0038517427, -0.0036946964, -0.003613064, -0.003444742, -0.0032704999, -0.0030896298, -0.0029958566, -0.002798897, -0.0025889003, -0.0024803546, -0.0022695302, -0.002114807, -0.0020875474, -0.0021557792, 0, 0, 0, 0, 0, 0, 0, 0, 0, 0, 0, 0, 0, 0, 0, 0, 0, 0, 0, 0, 0, 0, 0, 0, 0, 0, 0, 0, 0, 0, 0, 0, 0, 0, 0, 0, 0, 0, 0, 0, 0, 0, 0, 0, 0, 0, 0, 0, 0, 0, 0, 0, 0, 0, 0, 0, 0, 0, 0, 0, 0, 0, 0, 0, 0, 0
0, 0, 0, 0, 0, 0, 0, 0, -0.0028918409, -0.0022555592, -0.0021401152, -0.0021865242, -0.002349307, -0.0025225824, -0.0026012827, -0.0027393363, -0.0028570592, -0.0029633483, -0.0030148188, -0.0031178654, -0.0032240413, -0.0032784354, -0.0033876556, -0.0034939062, -0.003544735, -0.00363873, -0.003722703, -0.0037988732, -0.0038351638, -0.003906281, -0.0039785816, -0.0040158955, -0.004092052, -0.004169224, -0.0042452184, -0.004282361, -0.004355632, -0.004428795, -0.004466063, -0.00454281, -0.00462219, -0.0046624164, -0.0047424114, -0.004819333, -0.0048908936, -0.0049239816, -0.004984089, -0.0050352872, -0.005057664, -0.005096757, -0.005129737, -0.005156858, -0.0051678014, -0.0051834146, -0.0051874965, -0.0051843245, -0.005165582, -0.0051302523, -0.005106627, -0.0050488943, -0.0049801655, -0.0049035135, -0.0048626307, -0.00477672, -0.0046845893, -0.0046353093, -0.0045296014, -0.0044121053, -0.004282081, -0.004212266, -0.0040639983, -0.0039053939, -0.0038227667, -0.0036522124, -0.0034741466, -0.0032875803, -0.0031901277, -0.0029856784, -0.0027717415, -0.0026665863, -0.0024929338, -0.0024594706, -0.0025426084, -0.0028888169, 0, 0, 0, 0, 0, 0, 0, 0, 0, 0, 0, 0, 0, 0, 0, 0, 0, 0, 0, 0, 0, 0, 0, 0, 0, 0, 0, 0, 0, 0, 0, 0, 0, 0, 0, 0, 0, 0, 0, 0, 0, 0, 0, 0, 0, 0, 0, 0, 0, 0, 0, 0, 0, 0, 0, 0, 0, 0, 0, 0, 0, 0, 0, 0, 0, 0
0, 0, 0, 0, 0, 0, 0, 0, -0.0030707065, -0.0024534443, -0.0023461415, -0.0023931374, -0.002564105, -0.0027601484, -0.0028545093, -0.0030281376, -0.003181549, -0.0033194753, -0.0033846654, -0.003511197, -0.0036364612, -0.0036991343, -0.0038243786, -0.0039458945, -0.004004282, -0.00411425, -0.0042147343, -0.0043069776, -0.004351089, -0.0044370294, -0.0045221006, -0.004564766, -0.004649845, -0.0047328933, -0.004811498, -0.004848583, -0.0049187928, -0.004984986, -0.0050175167, -0.005082131, -0.0051472797, -0.005180049, -0.0052455347, -0.0053093443, -0.0053682486, -0.0053948164, -0.0054400596, -0.005472436, -0.005484012, -0.005499296, -0.0055066594, -0.0055085584, -0.0055079344, -0.0055024307, -0.0054896814, -0.0054792, -0.005448422, -0.0054022614, -0.005373463, -0.0053055943, -0.0052263634, -0.0051390133, -0.005092949, -0.0049964185, -0.004894123, -0.004840608, -0.0047271987, -0.0046043186, -0.00447062, -0.004399708, -0.0042497027, -0.0040898887, -0.0040066564, -0.0038340706, -0.0036523854, -0.0034592575, -0.0033572232, -0.0031404751, -0.0029123568, -0.0028035664, -0.0026532107, -0.0027637603, -0.003015968, -0.0039550415, 0, 0, 0, 0, 0, 0, 0, 0, 0, 0, 0, 0, 0, 0, 0, 0, 0, 0, 0, 0, 0, 0, 0, 0, 0, 0, 0, 0, 0, 0, 0, 0, 0, 0, 0, 0, 0, 0, 0, 0, 0, 0, 0, 0, 0, 0, 0, 0, 0, 0, 0, 0, 0, 0, 0, 0, 0, 0, 0, 0, 0, 0, 0, 0, 0, 0
0, 0, 0, 0, 0, 0, 0, -0.0037024633, -0.00287394, -0.0026843464, -0.0027898545, -0.0028828317, -0.0030909202, -0.0033025504, -0.0034060962, -0.003605706, -0.003793669, -0.0039690505, -0.0040519955, -0.0042103645, -0.0043604984, -0.0044335006, -0.0045759897, -0.0047146957, -0.0047824327, -0.004914065, -0.0050392314, -0.0051572598, -0.0052137678, -0.005322564, -0.0054260273, -0.005475853, -0.0055711204, -0.0056600063, -0.005741814, -0.005779986, -0.0058508078, -0.0059146313, -0.0059438124, -0.0059960824, -0.006040681, -0.0060601383, -0.0060948166, -0.0061244746, -0.0061492193, -0.0061591635, -0.0061722063, -0.0061735585, -0.006169407, -0.0061521735, -0.0061251177, -0.0060904967, -0.0060710856, -0.0060282997, -0.0059798546, -0.00595308, -0.005892477, -0.0058218036, -0.0057825516, -0.0056965062, -0.0056017567, -0.0054993117, -0.005445366, -0.0053326543, -0.00521342, -0.005151333, -0.0050217905, -0.004884712, -0.004739061, -0.004663011, -0.00450405, -0.0043358738, -0.00424816, -0.004065357, -0.0038720642, -0.0036658244, -0.003556322, -0.003322046, -0.003070593, -0.0029462674, -0.0027500407, -0.002733101, -0.0027965023, 0, 0, 0, 0, 0, 0, 0, 0, 0, 0, 0, 0, 0, 0, 0, 0, 0, 0, 0, 0, 0, 0, 0, 0, 0, 0, 0, 0, 0, 0, 0, 0, 0, 0, 0, 0, 0, 0, 0, 0, 0, 0, 0, 0, 0, 0, 0, 0, 0, 0, 0, 0, 0, 0, 0, 0, 0, 0, 0, 0, 0, 0, 0, 0, 0, 0, 0
0, 0, 0, 0, 0, 0, 0, -0.003203779, -0.0029199624, -0.002899937, -0.0030645577, -0.0031702532, -0.0033875047, -0.0035977694, -0.003699419, -0.0038960872, -0.0040845065, -0.0042637317, -0.004349893, -0.0045148814, -0.0046717376, -0.004747618, -0.004895543, -0.0050397147, -0.0051104976, -0.005249058, -0.0053815786, -0.0055064913, -0.0055659623, -0.00567892, -0.0057840045, -0.0058337958, -0.005927682, -0.0060141836, -0.006093547, -0.0061308313, -0.006200791, -0.006263653, -0.006292196, -0.006341566, -0.0063794875, -0.006393725, -0.006414154, -0.006425519, -0.0064297416, -0.006429675, -0.0064246883, -0.006411492, -0.0064016217, -0.006375032, -0.006339944, -0.0062965294, -0.0062719644, -0.006216994, -0.0061542145, -0.0061195767, -0.0060438463, -0.005959288, -0.005914002, -0.0058181086, -0.0057156137, -0.005606034, -0.005548432, -0.005427965, -0.005300235, -0.0052336487, -0.0050953813, -0.0049501187, -0.004796956, -0.0047172448, -0.004550875, -0.0043749907, -0.0042834296, -0.0040926086, -0.0038914122, -0.0036793465, -0.0035691361, -0.0033433908, -0.0031284513, -0.0030431566, -0.0030024352, -0.0032798925, -0.0034989426, 0, 0, 0, 0, 0, 0, 0, 0, 0, 0, 0, 0, 0, 0, 0, 0, 0, 0, 0, 0, 0, 0, 0, 0, 0, 0, 0, 0, 0, 0, 0, 0, 0, 0, 0, 0, 0, 0, 0, 0, 0, 0, 0, 0, 0, 0, 0, 0, 0, 0, 0, 0, 0, 0, 0, 0, 0, 0, 0, 0, 0, 0, 0, 0, 0, 0, 0
0, 0, 0, 0, 0, 0, -0.0044670817, -0.003840929, -0.003235084, -0.003202203, -0.0033719717, -0.0034776889, -0.0036919645, -0.0038963417, -0.0039943964, -0.004184471, -0.0043680035, -0.0045457934, -0.004632282, -0.004799831, -0.0049601397, -0.0050377925, -0.0051892227, -0.005336451, -0.0054087713, -0.005550257, -0.0056853783, -0.0058125323, -0.0058724727, -0.0059852367, -0.00608821, -0.00613634, -0.006226378, -0.0063087386, -0.0063843327, -0.006419827, -0.0064866305, -0.006546564, -0.0065732794, -0.006618323, -0.00664937, -0.0066589946, -0.0066671562, -0.0066623595, -0.0066483403, -0.006638924, -0.0066161035, -0.0065886085, -0.0065729027, -0.00653744, -0.0064953975, -0.0064454707, -0.0064170347, -0.006352659, -0.006278208, -0.0062370803, -0.006147807, -0.0060503157, -0.005999115, -0.0058931313, -0.0057819323, -0.005664579, -0.005602988, -0.0054740086, -0.0053368364, -0.005265317, -0.005117086, -0.0049623325, -0.0048002745, -0.004716327, -0.004541895, -0.004357967, -0.004262238, -0.0040619313, -0.003849788, -0.0036262472, -0.0035114165, -0.003283842, -0.0030970897, -0.0030525925, -0.0032175859, -0.004034778, -0.0046607065, 0, 0, 0, 0, 0, 0, 0, 0, 0, 0, 0, 0, 0, 0, 0, 0, 0, 0, 0, 0, 0, 0, 0, 0, 0, 0, 0, 0, 0, 0, 0, 0, 0, 0, 0, 0, 0, 0, 0, 0, 0, 0, 0, 0, 0, 0, 0, 0, 0, 0, 0, 0, 0, 0, 0, 0, 0, 0, 0, 0, 0, 0, 0, 0, 0, 0, 0
0, 0, 0, 0, 0, 0, -0.00462719, -0.0040240036, -0.0034799285, -0.0034711878, -0.0036495687, -0.0037573376, -0.00397406, -0.0041793915, -0.0042773266, -0.004466091, -0.0046481816, -0.004825067, -0.0049117543, -0.0050806035, -0.0052431896, -0.005321854, -0.0054746117, -0.005621582, -0.005693138, -0.0058323843, -0.005965137, -0.0060893693, -0.006147838, -0.006256869, -0.0063554677, -0.0064013847, -0.0064870156, -0.006564978, -0.0066362554, -0.0066695316, -0.006731482, -0.0067857187, -0.0068092616, -0.0068469606, -0.0068694223, -0.006874455, -0.0068719108, -0.0068546617, -0.0068264673, -0.006809564, -0.00677189, -0.0067303786, -0.0067084143, -0.0066616787, -0.006610011, -0.0065509337, -0.00651793, -0.006443639, -0.0063585606, -0.0063120048, -0.0062119476, -0.0061040213, -0.006047964, -0.0059325565, -0.0058129146, -0.005687436, -0.005621844, -0.005484039, -0.0053373035, -0.005260635, -0.005101741, -0.004936587, -0.004765019, -0.004676731, -0.004494274, -0.0043028407, -0.0042030327, -0.0039933464, -0.0037683072, -0.0035269593, -0.003401328, -0.003150812, -0.0029469437, -0.0029007797, -0.003086143, -0.0039380114, 0, 0, 0, 0, 0, 0, 0, 0, 0, 0, 0, 0, 0, 0, 0, 0, 0, 0, 0, 0, 0, 0, 0, 0, 0, 0, 0, 0, 0, 0, 0, 0, 0, 0, 0, 0, 0, 0, 0, 0, 0, 0, 0, 0, 0, 0, 0, 0, 0, 0, 0, 0, 0, 0, 0, 0, 0, 0, 0, 0, 0, 0, 0, 0, 0, 0, 0, 0
0, 0, 0, 0, 0, 0, -0.003795069, -0.0035751679, -0.0034494796, -0.0036021296, -0.0038460477, -0.0039725904, -0.00421509, -0.004438599, -0.004543858, -0.004743877, -0.0049335454, -0.005115555, -0.0052040406, -0.0053758975, -0.005540521, -0.005619724, -0.0057720095, -0.005915871, -0.0059849024, -0.0061178114, -0.006243528, -0.0063608377, -0.0064160475, -0.006518625, -0.006611692, -0.006654924, -0.0067355805, -0.0068087145, -0.0068746996, -0.0069049997, -0.0069596227, -0.0070052575, -0.0070239683, -0.007051542, -0.0070636407, -0.0070635704, -0.0070514036, -0.007024766, -0.0069869054, -0.006964705, -0.0069157025, -0.006861621, -0.006832987, -0.0067725284, -0.006706806, -0.006633682, -0.006593811, -0.0065065585, -0.0064098276, -0.0063582566, -0.006249636, -0.0061342926, -0.0060745496, -0.005951732, -0.005824326, -0.005691023, -0.005621712, -0.0054761744, -0.0053209094, -0.005239623, -0.0050708856, -0.004895804, -0.004715467, -0.0046231383, -0.0044338093, -0.004236227, -0.0041335137, -0.0039167344, -0.0036812022, -0.0034232081, -0.003286726, -0.0030112602, -0.0027871772, -0.002735214, -0.0028569011, 0, 0, 0, 0, 0, 0, 0, 0, 0, 0, 0, 0, 0, 0, 0, 0, 0, 0, 0, 0, 0, 0, 0, 0, 0, 0, 0, 0, 0, 0, 0, 0, 0, 0, 0, 0, 0, 0, 0, 0, 0, 0, 0, 0, 0, 0, 0, 0, 0, 0, 0, 0, 0, 0, 0, 0, 0, 0, 0, 0, 0, 0, 0, 0, 0, 0, 0, 0, 0
0, 0, 0, 0, 0, 0, -0.0032977015, -0.0032528243, -0.0033853732, -0.0036769898, -0.003995666, -0.004148164, -0.004430941, -0.004685852, -0.0048046564, -0.005027686, -0.005234529, -0.005428449, -0.00552131, -0.0056987763, -0.0058660633, -0.005945655, -0.0060965894, -0.006236295, -0.006302337, -0.006427549, -0.006544324, -0.006652538, -0.006703345, -0.0067981347, -0.0068842047, -0.006924192, -0.006998463, -0.007064953, -0.007123168, -0.007148875, -0.007192943, -0.007226321, -0.007238488, -0.007252987, -0.007252904, -0.007247442, -0.007225951, -0.007191844, -0.007147232, -0.007121516, -0.0070642866, -0.0069995215, -0.0069644926, -0.0068891314, -0.0068063946, -0.0067153857, -0.0066667683, -0.0065635787, -0.006453665, -0.006396855, -0.0062797638, -0.006158178, -0.006095661, -0.005966937, -0.0058329324, -0.005692605, -0.005619759, -0.005467508, -0.0053053596, -0.005220534, -0.005044467, -0.004861747, -0.004674219, -0.0045788838, -0.004384444, -0.0041830884, -0.0040786117, -0.0038588445, -0.0036193347, -0.0033545427, -0.0032133174, -0.0029284724, -0.00271283, -0.0026923744, -0.0030746895, 0, 0, 0, 0, 0, 0, 0, 0, 0, 0, 0, 0, 0, 0, 0, 0, 0, 0, 0, 0, 0, 0, 0, 0, 0, 0, 0, 0, 0, 0, 0, 0, 0, 0, 0, 0, 0, 0, 0, 0, 0, 0, 0, 0, 0, 0, 0, 0, 0, 0, 0, 0, 0, 0, 0, 0, 0, 0, 0, 0, 0, 0, 0, 0, 0, 0, 0, 0, 0
0, 0, 0, 0, 0, -0.0045635425, -0.0035285729, -0.0033790893, -0.003490315, -0.0038132363, -0.00416742, -0.0043375045, -0.004655042, -0.004942793, -0.0050766193, -0.005326778, -0.0055556702, -0.0057656453, -0.005864274, -0.006049972, -0.006221395, -0.0063018464, -0.0064522866, -0.0065892613, -0.0066530346, -0.0067725233, -0.006882018, -0.0069821556, -0.007028777, -0.0071153706, -0.0071932524, -0.0072292583, -0.007294745, -0.007351421, -0.0073981937, -0.00741755, -0.0074475356, -0.0074652485, -0.0074692424, -0.007468017, -0.007453936, -0.007442592, -0.0074112755, -0.0073698866, -0.007319301, -0.007290549, -0.0072265966, -0.0071527483, -0.00711195, -0.0070227548, -0.0069234027, -0.0068147047, -0.00675729, -0.0066378275, -0.0065143513, -0.0064518605, -0.006325584, -0.006197048, -0.0061314716, -0.00599668, -0.0058559114, -0.005708743, -0.0056324922, -0.0054736184, -0.0053058015, -0.0052183154, -0.0050373, -0.0048496514, -0.0046574897, -0.0045600315, -0.004361855, -0.004157566, -0.0040521347, -0.0038324788, -0.0035954579, -0.003336499, -0.0031998674, -0.0029279855, -0.0027238494, -0.002689604, -0.0027975724, 0, 0, 0, 0, 0, 0, 0, 0, 0, 0, 0, 0, 0, 0, 0, 0, 0, 0, 0, 0, 0, 0, 0, 0, 0, 0, 0, 0, 0, 0, 0, 0, 0, 0, 0, 0, 0, 0, 0, 0, 0, 0, 0, 0, 0, 0, 0, 0, 0, 0, 0, 0, 0, 0, 0, 0, 0, 0, 0, 0, 0, 0, 0, 0, 0, 0, 0, 0, 0
0, 0, 0, 0, 0, -0.0039512417, -0.003572555, -0.003520059, -0.003685044, -0.004017401, -0.0043836143, -0.0045628655, -0.004903838, -0.0052182875, -0.005365541, -0.0056406516, -0.005890742, -0.006117518, -0.0062229084, -0.006418991, -0.00659712, -0.006679933, -0.0068331324, -0.0069710845, -0.007034748, -0.0071526705, -0.007258859, -0.007354151, -0.007397703, -0.0074768784, -0.007546086, -0.007577071, -0.007631645, -0.0076761264, -0.0077092918, -0.0077211997, -0.00773517, -0.0077355145, -0.0077307764, -0.007712043, -0.007682582, -0.0076642386, -0.007621505, -0.007570835, -0.007512438, -0.007480227, -0.007408649, -0.0073264283, -0.007280791, -0.0071801287, -0.0070677195, -0.0069452906, -0.0068810037, -0.0067482227, -0.0066127977, -0.006544825, -0.006408771, -0.006271693, -0.0062020156, -0.006059295, -0.005910883, -0.005755854, -0.005675798, -0.00551019, -0.005337051, -0.0052474206, -0.00506268, -0.0048716925, -0.004675663, -0.004576001, -0.0043727364, -0.0041637104, -0.004056388, -0.003834745, -0.003600448, -0.0033532768, -0.0032284895, -0.0030048573, -0.0029153938, -0.0029827876, -0.0033619732, 0, 0, 0, 0, 0, 0, 0, 0, 0, 0, 0, 0, 0, 0, 0, 0, 0, 0, 0, 0, 0, 0, 0, 0, 0, 0, 0, 0, 0, 0, 0, 0, 0, 0, 0, 0, 0, 0, 0, 0, 0, 0, 0, 0, 0, 0, 0, 0, 0, 0, 0, 0, 0, 0, 0, 0, 0, 0, 0, 0, 0, 0, 0, 0, 0, 0, 0, 0, 0
0, 0, 0, 0, 0, -0.004458985, -0.003738532, -0.0036912046, -0.003889509, -0.004240789, -0.0046212734, -0.0048086788, -0.005168528, -0.0055041984, -0.0056622606, -0.0059580496, -0.00622669, -0.006469902, -0.0065824916, -0.0067913155, -0.006979932, -0.0070670503, -0.007227798, -0.0073716054, -0.0074375332, -0.007558942, -0.007666609, -0.007760594, -0.007802583, -0.00787635, -0.007937539, -0.007963637, -0.008007146, -0.008039368, -0.008059295, -0.008064163, -0.008063296, -0.008047819, -0.008034839, -0.007999423, -0.007953749, -0.007927802, -0.007870778, -0.0078073125, -0.0077373562, -0.0076998547, -0.007618486, -0.007527197, -0.00747719, -0.007368164, -0.007247199, -0.0071162437, -0.007047693, -0.006906264, -0.006761849, -0.0066892337, -0.0065433467, -0.006396353, -0.0063218595, -0.006169385, -0.006011968, -0.005848373, -0.0057643317, -0.0055916347, -0.005412482, -0.0053204335, -0.0051316177, -0.004936183, -0.004734491, -0.00463131, -0.004419755, -0.0042010015, -0.0040887226, -0.0038576445, -0.0036163747, -0.0033692664, -0.0032502133, -0.0030653512, -0.003100942, -0.0033064354, -0.004315785, 0, 0, 0, 0, 0, 0, 0, 0, 0, 0, 0, 0, 0, 0, 0, 0, 0, 0, 0, 0, 0, 0, 0, 0, 0, 0, 0, 0, 0, 0, 0, 0, 0, 0, 0, 0, 0, 0, 0, 0, 0, 0, 0, 0, 0, 0, 0, 0, 0, 0, 0, 0, 0, 0, 0, 0, 0, 0, 0, 0, 0, 0, 0, 0, 0, 0, 0, 0, 0
0, 0, 0, 0, 0, -0.0038958646, -0.0036680351, -0.0037305711, -0.004043312, -0.0044463947, -0.004855413, -0.005053645, -0.0054326463, -0.0057860613, -0.0059526167, -0.0062650805, -0.0065500117, -0.006808858, -0.006929041, -0.007152512, -0.007355001, -0.0074485093, -0.007621478, -0.0077761915, -0.007846877, -0.007975873, -0.00808861, -0.008184665, -0.0082264645, -0.008297799, -0.008353641, -0.008376179, -0.00841126, -0.008433727, -0.00844349, -0.008443167, -0.008431495, -0.008404646, -0.008385512, -0.008336805, -0.008276369, -0.008242696, -0.008169764, -0.008090204, -0.008005047, -0.007960469, -0.007866587, -0.007765223, -0.0077110077, -0.007595309, -0.007469119, -0.007333401, -0.0072625144, -0.0071158526, -0.006964664, -0.0068880874, -0.0067331884, -0.0065758983, -0.006496078, -0.0063331267, -0.006165545, -0.0059928424, -0.005904463, -0.0057237325, -0.005537378, -0.005441926, -0.005246493, -0.00504397, -0.004833582, -0.0047252397, -0.004501856, -0.004269075, -0.0041489224, -0.0039003394, -0.003639277, -0.0033717668, -0.0032440652, -0.0030536584, -0.003092186, -0.003245804, 0, 0, 0, 0, 0, 0, 0, 0, 0, 0, 0, 0, 0, 0, 0, 0, 0, 0, 0, 0, 0, 0, 0, 0, 0, 0, 0, 0, 0, 0, 0, 0, 0, 0, 0, 0, 0, 0, 0, 0, 0, 0, 0, 0, 0, 0, 0, 0, 0, 0, 0, 0, 0, 0, 0, 0, 0, 0, 0, 0, 0, 0, 0, 0, 0, 0, 0, 0, 0, 0
0, 0, 0, 0, 0, -0.0035790657, -0.003633036, -0.0037831098, -0.0041983607, -0.004651892, -0.0050883843, -0.0052960142, -0.005689216, -0.006054411, -0.00622673, -0.006551062, -0.006848594, -0.0071210037, -0.0072482387, -0.007486232, -0.00770347, -0.0078047714, -0.007992878, -0.008161692, -0.008238874, -0.008378678, -0.008499384, -0.008600529, -0.008643848, -0.008716554, -0.0087714745, -0.008792841, -0.008824631, -0.008842497, -0.008847203, -0.008844366, -0.008827351, -0.00879457, -0.008772128, -0.008715307, -0.008644088, -0.00860419, -0.008516752, -0.008421414, -0.0083202515, -0.0082679195, -0.008160571, -0.00804852, -0.0079901945, -0.007868009, -0.0077373423, -0.0075976867, -0.007524809, -0.0073732417, -0.0072157755, -0.0071353666, -0.006971389, -0.0068035093, -0.006718014, -0.006543934, -0.006365191, -0.006181786, -0.0060881786, -0.005897108, -0.005700512, -0.005600133, -0.005394628, -0.0051820525, -0.004960865, -0.0048468243, -0.0046109776, -0.0043639326, -0.0042357296, -0.0039683455, -0.0036838544, -0.0033880542, -0.0032461844, -0.0030427456, -0.0031775092, -0.0035198748, 0, 0, 0, 0, 0, 0, 0, 0, 0, 0, 0, 0, 0, 0, 0, 0, 0, 0, 0, 0, 0, 0, 0, 0, 0, 0, 0, 0, 0, 0, 0, 0, 0, 0, 0, 0, 0, 0, 0, 0, 0, 0, 0, 0, 0, 0, 0, 0, 0, 0, 0, 0, 0, 0, 0, 0, 0, 0, 0, 0, 0, 0, 0, 0, 0, 0, 0, 0, 0, 0
0, 0, 0, 0, -0.0051386994, -0.0039683688, -0.0038615658, -0.0040068394, -0.0044330587, -0.004896119, -0.0053368565, -0.005545103, -0.005938621, -0.0063043605, -0.0064775357, -0.0068051727, -0.0071086637, -0.0073890747, -0.0075211045, -0.007770086, -0.008000053, -0.008108186, -0.008310867, -0.008494501, -0.008578803, -0.008731622, -0.008863154, -0.008973316, -0.009020313, -0.0090991855, -0.009159023, -0.0091823395, -0.009216961, -0.009236767, -0.009242324, -0.009239773, -0.009223019, -0.009189931, -0.009166877, -0.009107721, -0.009032064, -0.008988677, -0.008892503, -0.0087863095, -0.008673302, -0.00861508, -0.008496426, -0.008374612, -0.008312254, -0.0081826495, -0.00804571, -0.007900192, -0.007824258, -0.007666307, -0.007500948, -0.0074158865, -0.0072415546, -0.007062301, -0.00697069, -0.0067837727, -0.006591786, -0.0063945013, -0.0062937317, -0.0060880557, -0.005876961, -0.0057693794, -0.005550081, -0.0053249723, -0.0050930125, -0.004973866, -0.0047279927, -0.0044706166, -0.004337051, -0.004057772, -0.0037601367, -0.0034510086, -0.0033027497, -0.0030788383, -0.0030821222, -0.003170162, 0, 0, 0, 0, 0, 0, 0, 0, 0, 0, 0, 0, 0, 0, 0, 0, 0, 0, 0, 0, 0, 0, 0, 0, 0, 0, 0, 0, 0, 0, 0, 0, 0, 0, 0, 0, 0, 0, 0, 0, 0, 0, 0, 0, 0, 0, 0, 0, 0, 0, 0, 0, 0, 0, 0, 0, 0, 0, 0, 0, 0, 0, 0, 0, 0, 0, 0, 0, 0, 0
0, 0, 0, 0, -0.0044963104, -0.0041078506, -0.0041626263, -0.0043206164, -0.004736927, -0.0051784697, -0.0055984, -0.0057973587, -0.006174371, -0.0065267086, -0.0066945003, -0.0070141354, -0.0073134606, -0.0075933076, -0.0077263736, -0.007979435, -0.008216253, -0.008328638, -0.008541757, -0.008737746, -0.008828668, -0.008995239, -0.009140421, -0.009263633, -0.009316983, -0.009407925, -0.00947881, -0.009507249, -0.009551239, -0.009579113, -0.0095915245, -0.009591913, -0.009580616, -0.009552331, -0.009531375, -0.009475749, -0.009402332, -0.009359466, -0.009262846, -0.009154465, -0.009037826, -0.008977218, -0.008852884, -0.008724205, -0.008658048, -0.008520639, -0.008375171, -0.008221083, -0.008140747, -0.007973605, -0.007798221, -0.0077076876, -0.007521703, -0.007329449, -0.0072309547, -0.0070293867, -0.0068211444, -0.006605886, -0.0064956574, -0.006270448, -0.0060398043, -0.0059229718, -0.005686711, -0.0054473965, -0.0052043833, -0.0050807423, -0.004827787, -0.004564378, -0.0044280263, -0.004144088, -0.0038465888, -0.0035535498, -0.003427477, -0.0033102238, -0.0035594243, -0.0037960683, 0, 0, 0, 0, 0, 0, 0, 0, 0, 0, 0, 0, 0, 0, 0, 0, 0, 0, 0, 0, 0, 0, 0, 0, 0, 0, 0, 0, 0, 0, 0, 0, 0, 0, 0, 0, 0, 0, 0, 0, 0, 0, 0, 0, 0, 0, 0, 0, 0, 0, 0, 0, 0, 0, 0, 0, 0, 0, 0, 0, 0, 0, 0, 0, 0, 0, 0, 0, 0, 0
0, 0, 0, -0.006071606, -0.005217341, -0.0044464376, -0.004501923, -0.0046572727, -0.0050471406, -0.0054522953, -0.005838313, -0.006022306, -0.0063731535, -0.006703152, -0.0068609933, -0.007163396, -0.0074492944, -0.00771969, -0.00784945, -0.008098686, -0.008334854, -0.008448266, -0.008665606, -0.00886946, -0.008965412, -0.009144355, -0.009304189, -0.009443625, -0.00950533, -0.00961297, -0.009699899, -0.009735954, -0.009794172, -0.00983489, -0.009858692, -0.00986428, -0.009862817, -0.009843776, -0.009827332, -0.009780608, -0.0097156195, -0.009676786, -0.0095880525, -0.009486794, -0.00937542, -0.009316657, -0.009193691, -0.009062996, -0.008994466, -0.008850336, -0.008696179, -0.0085323425, -0.008446925, -0.008269124, -0.008082472, -0.007986171, -0.0077877715, -0.007582172, -0.007476555, -0.0072592394, -0.0070332494, -0.006797643, -0.0066765277, -0.0064283446, -0.006174828, -0.00604697, -0.0057906955, -0.005535027, -0.0052794917, -0.0051510353, -0.0048902645, -0.0046206, -0.004481047, -0.004191168, -0.0038914608, -0.0036135828, -0.0035119064, -0.0035267237, -0.004203174, -0.004878611, 0, 0, 0, 0, 0, 0, 0, 0, 0, 0, 0, 0, 0, 0, 0, 0, 0, 0, 0, 0, 0, 0, 0, 0, 0, 0, 0, 0, 0, 0, 0, 0, 0, 0, 0, 0, 0, 0, 0, 0, 0, 0, 0, 0, 0, 0, 0, 0, 0, 0, 0, 0, 0, 0, 0, 0, 0, 0, 0, 0, 0, 0, 0, 0, 0, 0, 0, 0, 0, 0
0, 0, 0, -0.0052011893, -0.0049247458, -0.004609659, -0.0047519375, -0.00490905, -0.005275236, -0.005647385, -0.0060030175, -0.006173649, -0.0065012015, -0.006810356, -0.00695833, -0.007242077, -0.0075112493, -0.0077677863, -0.007891746, -0.008131796, -0.00836214, -0.008473841, -0.008690306, -0.008896861, -0.008995635, -0.009183071, -0.009354959, -0.009509387, -0.009579366, -0.009704242, -0.009808491, -0.0098530445, -0.009927224, -0.009982663, -0.010020035, -0.010032107, -0.010043107, -0.010036473, -0.010026207, -0.009992003, -0.009940066, -0.0099080065, -0.0098328935, -0.009745133, -0.009646067, -0.009592566, -0.0094773425, -0.009350195, -0.009281779, -0.009134949, -0.008975052, -0.008803437, -0.008713566, -0.008526134, -0.008329441, -0.008227892, -0.008018642, -0.0078012743, -0.007689392, -0.0074581034, -0.0072154747, -0.0069605187, -0.0068287, -0.006558332, -0.0062820166, -0.0061428114, -0.0058650225, -0.0055905585, -0.0053192354, -0.005183935, -0.0049112607, -0.0046303007, -0.0044846823, -0.004180338, -0.003864446, -0.003576028, -0.0034757326, -0.0034944848, -0.0038628934, 0, 0, 0, 0, 0, 0, 0, 0, 0, 0, 0, 0, 0, 0, 0, 0, 0, 0, 0, 0, 0, 0, 0, 0, 0, 0, 0, 0, 0, 0, 0, 0, 0, 0, 0, 0, 0, 0, 0, 0, 0, 0, 0, 0, 0, 0, 0, 0, 0, 0, 0, 0, 0, 0, 0, 0, 0, 0, 0, 0, 0, 0, 0, 0, 0, 0, 0, 0, 0, 0, 0
0, 0, 0, -0.0057545393, -0.0051100133, -0.0046820226, -0.0048342003, -0.0049908324, -0.0053467536, -0.005705246, -0.0060489993, -0.0062146047, -0.0065328516, -0.0068329023, -0.006975949, -0.0072489274, -0.007506729, -0.007752033, -0.007870904, -0.008102351, -0.008326173, -0.0084354095, -0.008648588, -0.008853815, -0.0089528235, -0.009142759, -0.009319816, -0.009482137, -0.00955706, -0.009693367, -0.009810697, -0.009861979, -0.009949779, -0.010018629, -0.010069117, -0.010087648, -0.010111421, -0.0101177255, -0.010114165, -0.010093927, -0.010056947, -0.010032624, -0.0099736275, -0.009902025, -0.009818342, -0.009771842, -0.009668724, -0.009550384, -0.009484955, -0.009341265, -0.009181378, -0.009007001, -0.008914971, -0.008722116, -0.008519091, -0.008413996, -0.008197458, -0.007971918, -0.0078555215, -0.0076139756, -0.0073592826, -0.0070904833, -0.0069510187, -0.0066639837, -0.006369287, -0.006220588, -0.005923172, -0.0056288517, -0.0053385817, -0.0051942174, -0.0049039824, -0.004605322, -0.0044504926, -0.0041260924, -0.0037875678, -0.0034810773, -0.0033840914, -0.003520787, -0.004545757, 0, 0, 0, 0, 0, 0, 0, 0, 0, 0, 0, 0, 0, 0, 0, 0, 0, 0, 0, 0, 0, 0, 0, 0, 0, 0, 0, 0, 0, 0, 0, 0, 0, 0, 0, 0, 0, 0, 0, 0, 0, 0, 0, 0, 0, 0, 0, 0, 0, 0, 0, 0, 0, 0, 0, 0, 0, 0, 0, 0, 0, 0, 0, 0, 0, 0, 0, 0, 0, 0, 0
0, 0, 0, -0.0048459554, -0.0045533353, -0.0044224164, -0.0046740565, -0.0048546614, -0.0052390085, -0.005615055, -0.005971504, -0.006142403, -0.006468962, -0.006775034, -0.00692024, -0.0071955724, -0.007452929, -0.007696082, -0.007813416, -0.008041431, -0.008262239, -0.008369964, -0.008579871, -0.00878131, -0.008878196, -0.009063707, -0.009236715, -0.00939618, -0.009470602, -0.009607951, -0.009729053, -0.009783126, -0.009878252, -0.009955823, -0.010016273, -0.010040059, -0.010074802, -0.010092517, -0.010094997, -0.010087569, -0.0100645395, -0.010047631, -0.010003929, -0.00994778, -0.009879043, -0.009839806, -0.009750067, -0.009643748, -0.0095836455, -0.009449074, -0.009295601, -0.009125215, -0.009034306, -0.0088423835, -0.008638561, -0.008532653, -0.0083133895, -0.008084186, -0.007965686, -0.007719615, -0.007460053, -0.0071858275, -0.0070434245, -0.0067491336, -0.006445084, -0.0062906123, -0.0059792968, -0.0056678955, -0.005357676, -0.0052027022, -0.004890072, -0.004569074, -0.004403415, -0.004059303, -0.0037057113, -0.0033870782, -0.0032764385, -0.0032612146, 0, 0, 0, 0, 0, 0, 0, 0, 0, 0, 0, 0, 0, 0, 0, 0, 0, 0, 0, 0, 0, 0, 0, 0, 0, 0, 0, 0, 0, 0, 0, 0, 0, 0, 0, 0, 0, 0, 0, 0, 0, 0, 0, 0, 0, 0, 0, 0, 0, 0, 0, 0, 0, 0, 0, 0, 0, 0, 0, 0, 0, 0, 0, 0, 0, 0, 0, 0, 0, 0, 0, 0
0, 0, 0, -0.0039212396, -0.0038270399, -0.0039690384, -0.0043561966, -0.0045776814, -0.0050180964, -0.005432172, -0.0058168904, -0.0059992103, -0.006345409, -0.0066678654, -0.006820356, -0.007108492, -0.007375942, -0.0076262765, -0.007746113, -0.007977391, -0.0081987735, -0.008306072, -0.008513132, -0.0087087285, -0.008801654, -0.00897732, -0.009138608, -0.009286026, -0.0093547115, -0.009482466, -0.009596975, -0.009649072, -0.009743026, -0.009822718, -0.009887799, -0.009914712, -0.009956701, -0.009982584, -0.009989585, -0.009991891, -0.009979961, -0.009968999, -0.009937636, -0.009893909, -0.009837474, -0.009804282, -0.00972686, -0.009633117, -0.009579399, -0.00945738, -0.009315463, -0.009155056, -0.009068465, -0.008883777, -0.008685004, -0.00858101, -0.008364363, -0.008136837, -0.008019056, -0.0077749034, -0.007518297, -0.007247939, -0.0071075475, -0.006816777, -0.0065139816, -0.0063587055, -0.0060422043, -0.005719601, -0.005392295, -0.0052267956, -0.0048900135, -0.0045429864, -0.004364805, -0.0040007434, -0.0036452285, -0.0033728618, -0.003322348, -0.0035461741, 0, 0, 0, 0, 0, 0, 0, 0, 0, 0, 0, 0, 0, 0, 0, 0, 0, 0, 0, 0, 0, 0, 0, 0, 0, 0, 0, 0, 0, 0, 0, 0, 0, 0, 0, 0, 0, 0, 0, 0, 0, 0, 0, 0, 0, 0, 0, 0, 0, 0, 0, 0, 0, 0, 0, 0, 0, 0, 0, 0, 0, 0, 0, 0, 0, 0, 0, 0, 0, 0, 0, 0
0, 0, 0, -0.0033377563, -0.0033328086, -0.0036155607, -0.0040850323, -0.0043341024, -0.0048158676, -0.005260676, -0.0056694755, -0.005862269, -0.0062269163, -0.006565958, -0.0067262887, -0.0070292642, -0.007309987, -0.0075709806, -0.007694953, -0.007931486, -0.008154308, -0.008260716, -0.008463291, -0.008650899, -0.0087386565, -0.00890156, -0.009047959, -0.009179233, -0.009239708, -0.009351681, -0.009452619, -0.009499209, -0.009584481, -0.009659216, -0.009722306, -0.009749285, -0.0097929295, -0.009822295, -0.00983162, -0.009839826, -0.009835215, -0.009828354, -0.009805666, -0.009770777, -0.009723111, -0.009694434, -0.009626606, -0.009543504, -0.009495631, -0.009386056, -0.0092574, -0.009110135, -0.00902971, -0.008856194, -0.008667124, -0.008567241, -0.008358101, -0.008137594, -0.008023548, -0.007787796, -0.007541039, -0.0072822524, -0.007148131, -0.006869603, -0.006577354, -0.006426127, -0.006113491, -0.0057880133, -0.0054501235, -0.005276319, -0.00491826, -0.004544489, -0.00435141, -0.0039570616, -0.0035781942, -0.0033203082, -0.0033202216, -0.0039279102, 0, 0, 0, 0, 0, 0, 0, 0, 0, 0, 0, 0, 0, 0, 0, 0, 0, 0, 0, 0, 0, 0, 0, 0, 0, 0, 0, 0, 0, 0, 0, 0, 0, 0, 0, 0, 0, 0, 0, 0, 0, 0, 0, 0, 0, 0, 0, 0, 0, 0, 0, 0, 0, 0, 0, 0, 0, 0, 0, 0, 0, 0, 0, 0, 0, 0, 0, 0, 0, 0, 0, 0
0, 0, 0, -0.0032842665, -0.0032899023, -0.0035740056, -0.004035903, -0.004281408, -0.004759677, -0.005205817, -0.0056192703, -0.005815002, -0.0061862012, -0.006532567, -0.0066966787, -0.007007267, -0.0072949156, -0.0075613065, -0.007686973, -0.00792447, -0.008144402, -0.008247954, -0.00844223, -0.008619111, -0.008700808, -0.008850583, -0.008982498, -0.0090981405, -0.009150598, -0.009246387, -0.009331833, -0.009371111, -0.009443451, -0.009507653, -0.009562853, -0.009586573, -0.009625641, -0.009652637, -0.009661584, -0.0096708825, -0.009669396, -0.009664666, -0.009646978, -0.0096173845, -0.009575334, -0.009549409, -0.009487639, -0.009411577, -0.009367791, -0.009267839, -0.009150088, -0.009014594, -0.008940245, -0.008778897, -0.008601676, -0.008507762, -0.008310104, -0.008101402, -0.007993378, -0.007770606, -0.007538498, -0.007295871, -0.0071703605, -0.0069093946, -0.0066337534, -0.0064898306, -0.006188805, -0.005869272, -0.0055307243, -0.0053539546, -0.0049841856, -0.0045906473, -0.004384438, -0.00395515, -0.0035245803, -0.0031733718, -0.0030804428, -0.0031407783, 0, 0, 0, 0, 0, 0, 0, 0, 0, 0, 0, 0, 0, 0, 0, 0, 0, 0, 0, 0, 0, 0, 0, 0, 0, 0, 0, 0, 0, 0, 0, 0, 0, 0, 0, 0, 0, 0, 0, 0, 0, 0, 0, 0, 0, 0, 0, 0, 0, 0, 0, 0, 0, 0, 0, 0, 0, 0, 0, 0, 0, 0, 0, 0, 0, 0, 0, 0, 0, 0, 0, 0
0, 0, -0.005334327, -0.003972554, -0.0037737652, -0.0038835604, -0.0042607896, -0.004476443, -0.004910847, -0.005328986, -0.005725103, -0.0059146723, -0.006276944, -0.0066164494, -0.0067776362, -0.0070829233, -0.0073652165, -0.007625425, -0.0077475896, -0.007976824, -0.008186509, -0.008284174, -0.008465663, -0.0086292075, -0.008704232, -0.008840759, -0.008959694, -0.009062333, -0.009108123, -0.0091902455, -0.009261355, -0.009293441, -0.009351515, -0.009402268, -0.009445084, -0.009463264, -0.009492308, -0.009511332, -0.009517258, -0.009522206, -0.009518874, -0.009513987, -0.009497114, -0.009469278, -0.009429519, -0.009404867, -0.009345588, -0.009272306, -0.009230229, -0.009134686, -0.009023007, -0.008895216, -0.0088253515, -0.008674505, -0.008509497, -0.008422042, -0.00823823, -0.008043816, -0.007943199, -0.007735544, -0.007519639, -0.007294362, -0.00717785, -0.0069355094, -0.0066783214, -0.006543396, -0.0062591624, -0.005954111, -0.0056264414, -0.005453446, -0.0050874865, -0.0046919864, -0.004482164, -0.0040397486, -0.0035873249, -0.0032090857, -0.0031052514, -0.0031773378, 0, 0, 0, 0, 0, 0, 0, 0, 0, 0, 0, 0, 0, 0, 0, 0, 0, 0, 0, 0, 0, 0, 0, 0, 0, 0, 0, 0, 0, 0, 0, 0, 0, 0, 0, 0, 0, 0, 0, 0, 0, 0, 0, 0, 0, 0, 0, 0, 0, 0, 0, 0, 0, 0, 0, 0, 0, 0, 0, 0, 0, 0, 0, 0, 0, 0, 0, 0, 0, 0, 0, 0
0, 0, -0.0048940675, -0.004350323, -0.0042419103, -0.004353749, -0.0046754093, -0.0048621614, -0.005246495, -0.0056266133, -0.0059939404, -0.0061715166, -0.006512692, -0.006833106, -0.0069849817, -0.007271873, -0.007536072, -0.0077783535, -0.007891632, -0.008103214, -0.008295644, -0.008385048, -0.008550348, -0.008698584, -0.008766365, -0.008889239, -0.008995543, -0.009086252, -0.009126217, -0.009196573, -0.009255195, -0.009280687, -0.009325096, -0.009361742, -0.009390447, -0.009401649, -0.009417297, -0.00942397, -0.0094242925, -0.00941956, -0.009408627, -0.009400756, -0.009379494, -0.009349384, -0.009308207, -0.009283106, -0.009222731, -0.009148257, -0.0091056, -0.009009489, -0.008898832, -0.008774336, -0.008707208, -0.008564077, -0.0084096845, -0.008328259, -0.008157896, -0.007977812, -0.007884397, -0.0076914616, -0.0074902247, -0.007279996, -0.0071711317, -0.006944613, -0.006704557, -0.0065786643, -0.0063135414, -0.0060285097, -0.005720822, -0.0055574635, -0.005209804, -0.00483189, -0.0046310183, -0.0042081107, -0.003781737, -0.0034470954, -0.0033764616, -0.0035243302, 0, 0, 0, 0, 0, 0, 0, 0, 0, 0, 0, 0, 0, 0, 0, 0, 0, 0, 0, 0, 0, 0, 0, 0, 0, 0, 0, 0, 0, 0, 0, 0, 0, 0, 0, 0, 0, 0, 0, 0, 0, 0, 0, 0, 0, 0, 0, 0, 0, 0, 0, 0, 0, 0, 0, 0, 0, 0, 0, 0, 0, 0, 0, 0, 0, 0, 0, 0, 0, 0, 0, 0
0, 0, -0.005955915, -0.0048522893, -0.0047203577, -0.00483725, -0.0051504993, -0.0053274, -0.0056870794, -0.006040906, -0.0063824593, -0.006547263, -0.0068628206, -0.007157264, -0.007296119, -0.0075567383, -0.0077953422, -0.008012913, -0.008114379, -0.008303541, -0.008475634, -0.008555478, -0.008703162, -0.008835311, -0.008895467, -0.009003946, -0.0090970425, -0.009175378, -0.009209392, -0.009267779, -0.009314395, -0.009333618, -0.009365222, -0.009388313, -0.009402716, -0.009406542, -0.009407056, -0.009398563, -0.009391422, -0.009372306, -0.009348198, -0.009334393, -0.0093031535, -0.00926541, -0.009218727, -0.0091912635, -0.009126777, -0.009048392, -0.009003781, -0.008904233, -0.008791813, -0.008667775, -0.008602066, -0.008463914, -0.008317102, -0.008240506, -0.008080835, -0.007912241, -0.0078246165, -0.0076428545, -0.0074522956, -0.0072523197, -0.007148753, -0.0069334907, -0.006706602, -0.0065882923, -0.0063406937, -0.006075898, -0.0057899924, -0.005638071, -0.0053140926, -0.00496236, -0.004776605, -0.0043922784, -0.0040251818, -0.0037880791, -0.0037837755, -0.0040599527, 0, 0, 0, 0, 0, 0, 0, 0, 0, 0, 0, 0, 0, 0, 0, 0, 0, 0, 0, 0, 0, 0, 0, 0, 0, 0, 0, 0, 0, 0, 0, 0, 0, 0, 0, 0, 0, 0, 0, 0, 0, 0, 0, 0, 0, 0, 0, 0, 0, 0, 0, 0, 0, 0, 0, 0, 0, 0, 0, 0, 0, 0, 0, 0, 0, 0, 0, 0, 0, 0, 0, 0
0, 0, -0.005359446, -0.0049079, -0.004919725, -0.0051910575, -0.0055726618, -0.005766716, -0.006140048, -0.0064899893, -0.006817389, -0.0069725364, -0.0072652632, -0.007533938, -0.0076593007, -0.007892868, -0.008105078, -0.008298193, -0.0083881365, -0.008556096, -0.008709054, -0.00878013, -0.008911406, -0.009028262, -0.009081192, -0.00917563, -0.00925523, -0.009320667, -0.0093483, -0.009394118, -0.009428643, -0.009441968, -0.009461503, -0.009471713, -0.009472379, -0.009468802, -0.009453663, -0.009428634, -0.009412898, -0.00937655, -0.009335344, -0.009313513, -0.00926762, -0.0092176385, -0.00916129, -0.009129843, -0.009058526, -0.008974473, -0.008927532, -0.008823987, -0.008708969, -0.008584303, -0.00851893, -0.0083829295, -0.008240173, -0.008166181, -0.00801238, -0.007850528, -0.0077663446, -0.0075908853, -0.0074058194, -0.007210857, -0.007109782, -0.0069004414, -0.0066816206, -0.00656827, -0.006332716, -0.0060823187, -0.005812605, -0.0056690224, -0.0053620255, -0.005027988, -0.0048520793, -0.0044950256, -0.004184362, -0.004086741, -0.004210447, -0.0048209047, 0, 0, 0, 0, 0, 0, 0, 0, 0, 0, 0, 0, 0, 0, 0, 0, 0, 0, 0, 0, 0, 0, 0, 0, 0, 0, 0, 0, 0, 0, 0, 0, 0, 0, 0, 0, 0, 0, 0, 0, 0, 0, 0, 0, 0, 0, 0, 0, 0, 0, 0, 0, 0, 0, 0, 0, 0, 0, 0, 0, 0, 0, 0, 0, 0, 0, 0, 0, 0, 0, 0, 0
0, 0, -0.0048168036, -0.004814838, -0.004976502, -0.0054324763, -0.005909562, -0.0061321626, -0.0065386323, -0.006899691, -0.0072236373, -0.0073732994, -0.0076499786, -0.007898368, -0.008012699, -0.008223672, -0.008414084, -0.008587198, -0.008668115, -0.008819665, -0.0089581655, -0.009022452, -0.009141112, -0.009245874, -0.009292793, -0.0093756365, -0.00944371, -0.009497607, -0.009519588, -0.0095543675, -0.009578265, -0.009586518, -0.009595682, -0.0095948465, -0.009582873, -0.009572379, -0.009542192, -0.009500649, -0.009476275, -0.009421952, -0.009362761, -0.009332246, -0.00926987, -0.009205351, -0.00913667, -0.009099915, -0.009019768, -0.008928933, -0.008879141, -0.008771059, -0.008652822, -0.008526084, -0.008459949, -0.008322987, -0.008179815, -0.008105851, -0.00795297, -0.0077927886, -0.0077096187, -0.0075361263, -0.00735232, -0.0071581453, -0.007057412, -0.0068492363, -0.0066325595, -0.0065207873, -0.006289477, -0.0060445056, -0.005780836, -0.005640176, -0.005337667, -0.0050042733, -0.0048265033, -0.004461085, -0.0041460684, -0.004110553, -0.004361733, -0.00585133, 0, 0, 0, 0, 0, 0, 0, 0, 0, 0, 0, 0, 0, 0, 0, 0, 0, 0, 0, 0, 0, 0, 0, 0, 0, 0, 0, 0, 0, 0, 0, 0, 0, 0, 0, 0, 0, 0, 0, 0, 0, 0, 0, 0, 0, 0, 0, 0, 0, 0, 0, 0, 0, 0, 0, 0, 0, 0, 0, 0, 0, 0, 0, 0, 0, 0, 0, 0, 0, 0, 0, 0
0, 0, -0.0048708175, -0.0049597654, -0.005157882, -0.0056694993, -0.0061849514, -0.0064218463, -0.0068479357, -0.007218192, -0.007542565, -0.0076898816, -0.007957796, -0.00819366, -0.008301007, -0.008497224, -0.008672916, -0.00883251, -0.008907414, -0.009048216, -0.009177366, -0.009237457, -0.009348447, -0.009445949, -0.0094893575, -0.009565267, -0.009626379, -0.009673279, -0.009691745, -0.009719838, -0.009737368, -0.009742378, -0.009744834, -0.00973615, -0.009714444, -0.009698426, -0.00965581, -0.00960014, -0.0095681725, -0.009498002, -0.00942295, -0.009384567, -0.009307023, -0.009228384, -0.009146973, -0.009104471, -0.009014035, -0.008914482, -0.008860921, -0.00874628, -0.008622472, -0.008490782, -0.00842233, -0.008280803, -0.008133615, -0.008057849, -0.0079020215, -0.00773992, -0.0076560834, -0.0074817, -0.00729673, -0.007100807, -0.0069989217, -0.006788123, -0.00656838, -0.0064549875, -0.0062200064, -0.0059715505, -0.0057045906, -0.0055623283, -0.005256174, -0.004915832, -0.004731749, -0.004342447, -0.0039692265, -0.003758858, -0.0037826924, 0, 0, 0, 0, 0, 0, 0, 0, 0, 0, 0, 0, 0, 0, 0, 0, 0, 0, 0, 0, 0, 0, 0, 0, 0, 0, 0, 0, 0, 0, 0, 0, 0, 0, 0, 0, 0, 0, 0, 0, 0, 0, 0, 0, 0, 0, 0, 0, 0, 0, 0, 0, 0, 0, 0, 0, 0, 0, 0, 0, 0, 0, 0, 0, 0, 0, 0, 0, 0, 0, 0, 0, 0
0, -0.007693951, -0.0057219057, -0.0053526307, -0.005467891, -0.0059019234, -0.0063882763, -0.006619026, -0.0070410664, -0.0074112955, -0.0077358526, -0.0078825345, -0.008148113, -0.008379749, -0.008484298, -0.00867418, -0.008843151, -0.008996326, -0.0090681845, -0.009203821, -0.009328876, -0.009387357, -0.009495678, -0.009591488, -0.009634324, -0.009709199, -0.009769467, -0.009815766, -0.009834048, -0.009861737, -0.009878574, -0.009883092, -0.009883753, -0.009871756, -0.0098450575, -0.009825748, -0.009775293, -0.009710341, -0.009673282, -0.009592455, -0.0095062945, -0.009462169, -0.009373042, -0.009282819, -0.009189874, -0.009141736, -0.009040335, -0.0089303525, -0.008871834, -0.008747598, -0.008614879, -0.008474792, -0.008402384, -0.008253538, -0.008099838, -0.008021311, -0.00786074, -0.0076949424, -0.0076095937, -0.007432602, -0.0072451667, -0.0070460225, -0.0069421, -0.006726099, -0.006499554, -0.0063821073, -0.006138029, -0.0058798003, -0.0056039332, -0.005457937, -0.005146403, -0.004804685, -0.004622316, -0.004243906, -0.0038994187, -0.0037459945, -0.0038104977, 0, 0, 0, 0, 0, 0, 0, 0, 0, 0, 0, 0, 0, 0, 0, 0, 0, 0, 0, 0, 0, 0, 0, 0, 0, 0, 0, 0, 0, 0, 0, 0, 0, 0, 0, 0, 0, 0, 0, 0, 0, 0, 0, 0, 0, 0, 0, 0, 0, 0, 0, 0, 0, 0, 0, 0, 0, 0, 0, 0, 0, 0, 0, 0, 0, 0, 0, 0, 0, 0, 0, 0, 0
0, -0.0063767526, -0.005581261, -0.0054434277, -0.005573053, -0.005989508, -0.0064516775, -0.0066737286, -0.0070859813, -0.007453736, -0.0077795843, -0.007927728, -0.008196406, -0.008431089, -0.00853688, -0.008728854, -0.008899426, -0.0090538105, -0.009126251, -0.009263069, -0.009390007, -0.009449722, -0.009561158, -0.00966113, -0.009706305, -0.009786105, -0.009851629, -0.009903461, -0.009924517, -0.009957674, -0.009979193, -0.0099856155, -0.0099891, -0.009978605, -0.009951927, -0.009932157, -0.009879792, -0.009812079, -0.009773496, -0.0096889855, -0.009597977, -0.009550906, -0.00945483, -0.009356153, -0.0092537515, -0.00920056, -0.0090887, -0.00896799, -0.008904004, -0.00876887, -0.008625357, -0.008474999, -0.008397768, -0.008240171, -0.008079083, -0.007997322, -0.007830909, -0.007659846, -0.0075720507, -0.0073906053, -0.007198937, -0.0069952323, -0.0068886625, -0.0066661593, -0.006431097, -0.0063088275, -0.0060538687, -0.005784247, -0.00549757, -0.0053469953, -0.005028965, -0.004687715, -0.0045105093, -0.0041646, -0.0039176606, -0.0040047313, -0.0042569116, 0, 0, 0, 0, 0, 0, 0, 0, 0, 0, 0, 0, 0, 0, 0, 0, 0, 0, 0, 0, 0, 0, 0, 0, 0, 0, 0, 0, 0, 0, 0, 0, 0, 0, 0, 0, 0, 0, 0, 0, 0, 0, 0, 0, 0, 0, 0, 0, 0, 0, 0, 0, 0, 0, 0, 0, 0, 0, 0, 0, 0, 0, 0, 0, 0, 0, 0, 0, 0, 0, 0, 0, 0
0, -0.0054442906, -0.0050825193, -0.005206902, -0.005395271, -0.005858338, -0.006328958, -0.0065511544, -0.0069630994, -0.0073329695, -0.007663857, -0.007815455, -0.008092343, -0.008336468, -0.008447341, -0.008649725, -0.008830604, -0.008994675, -0.009071806, -0.009217856, -0.009354085, -0.009418632, -0.009540019, -0.009650132, -0.009700391, -0.0097903665, -0.009865846, -0.009927356, -0.009953163, -0.0099952305, -0.010024718, -0.010034531, -0.010043889, -0.0100382175, -0.010016017, -0.0099984, -0.009950325, -0.009886802, -0.009850163, -0.009769004, -0.009679488, -0.009632227, -0.0095337, -0.00942995, -0.009320441, -0.009263157, -0.009142591, -0.009012819, -0.008944231, -0.008799789, -0.00864688, -0.008487381, -0.008405728, -0.008239933, -0.008071415, -0.007986072, -0.007812611, -0.007634297, -0.007542742, -0.0073535284, -0.007154382, -0.0069433916, -0.006833112, -0.006602988, -0.00635989, -0.006233284, -0.0059698555, -0.0056916573, -0.005396741, -0.005241917, -0.004915004, -0.0045641074, -0.0043823035, -0.004032376, -0.0038166014, -0.0041014752, -0.0046555763, 0, 0, 0, 0, 0, 0, 0, 0, 0, 0, 0, 0, 0, 0, 0, 0, 0, 0, 0, 0, 0, 0, 0, 0, 0, 0, 0, 0, 0, 0, 0, 0, 0, 0, 0, 0, 0, 0, 0, 0, 0, 0, 0, 0, 0, 0, 0, 0, 0, 0, 0, 0, 0, 0, 0, 0, 0, 0, 0, 0, 0, 0, 0, 0, 0, 0, 0, 0, 0, 0, 0, 0, 0
0, -0.0048246915, -0.004601299, -0.0048370995, -0.005058313, -0.0055568647, -0.006042176, -0.0062684054, -0.006685951, -0.0070615043, -0.0074000712, -0.007556453, -0.007845124, -0.0081037665, -0.008222978, -0.00844336, -0.008642858, -0.008825581, -0.00891176, -0.0090756025, -0.009229363, -0.009302484, -0.00944064, -0.009566699, -0.009624504, -0.009728592, -0.009816928, -0.009890048, -0.009921301, -0.009973403, -0.01001165, -0.010025421, -0.010041996, -0.010043449, -0.010028987, -0.010015616, -0.009976726, -0.009922737, -0.00989065, -0.009817732, -0.009734404, -0.009689246, -0.009592211, -0.009486857, -0.009373211, -0.009313252, -0.00918672, -0.009050905, -0.00897929, -0.008829105, -0.00867043, -0.008504909, -0.008420336, -0.008248261, -0.008072986, -0.007983983, -0.0078022936, -0.007614064, -0.0075169927, -0.007316001, -0.007105046, -0.006882884, -0.0067675137, -0.006528419, -0.0062781987, -0.006149021, -0.005881845, -0.005601419, -0.005304378, -0.0051480313, -0.0048155575, -0.004451728, -0.00425825, -0.0038651892, -0.0035438188, -0.0034843043, -0.0035735592, 0, 0, 0, 0, 0, 0, 0, 0, 0, 0, 0, 0, 0, 0, 0, 0, 0, 0, 0, 0, 0, 0, 0, 0, 0, 0, 0, 0, 0, 0, 0, 0, 0, 0, 0, 0, 0, 0, 0, 0, 0, 0, 0, 0, 0, 0, 0, 0, 0, 0, 0, 0, 0, 0, 0, 0, 0, 0, 0, 0, 0, 0, 0, 0, 0, 0, 0, 0, 0, 0, 0, 0, 0
0, -0.00439017, -0.0042054867, -0.004455538, -0.004676987, -0.0051723653, -0.005655744, -0.00588188, -0.0063011483, -0.006681053, -0.0070269895, -0.0071885185, -0.0074904244, -0.007766729, -0.007896258, -0.008139854, -0.008364627, -0.008573073, -0.008671941, -0.008860316, -0.009037742, -0.00912227, -0.009282249, -0.009428331, -0.009495465, -0.0096164895, -0.009719496, -0.009805105, -0.0098418165, -0.009903682, -0.009950489, -0.009968191, -0.0099925, -0.010002455, -0.009997894, -0.00999, -0.009962774, -0.009920637, -0.0098942835, -0.0098317135, -0.009756634, -0.009714701, -0.009621892, -0.009517853, -0.009403086, -0.009341916, -0.00921246, -0.009073619, -0.009000699, -0.00884803, -0.008686888, -0.008518541, -0.008432194, -0.00825572, -0.008074544, -0.007981835, -0.007790941, -0.0075906618, -0.0074866577, -0.0072706556, -0.007044014, -0.006807432, -0.0066858293, -0.0064367265, -0.0061805095, -0.0060498724, -0.005782715, -0.005505344, -0.0052132457, -0.0050599105, -0.004733746, -0.0043754373, -0.004183693, -0.0037900188, -0.00346028, -0.0033916873, -0.003491208, 0, 0, 0, 0, 0, 0, 0, 0, 0, 0, 0, 0, 0, 0, 0, 0, 0, 0, 0, 0, 0, 0, 0, 0, 0, 0, 0, 0, 0, 0, 0, 0, 0, 0, 0, 0, 0, 0, 0, 0, 0, 0, 0, 0, 0, 0, 0, 0, 0, 0, 0, 0, 0, 0, 0, 0, 0, 0, 0, 0, 0, 0, 0, 0, 0, 0, 0, 0, 0, 0, 0, 0, 0
0, -0.0040548034, -0.0038774034, -0.0041035893, -0.004308709, -0.0047754035, -0.005240304, -0.0054609557, -0.005875234, -0.0062561077, -0.0066082384, -0.0067747044, -0.0070901844, -0.007384996, -0.0075254715, -0.0077937846, -0.008046184, -0.008283183, -0.008396118, -0.008611713, -0.008814588, -0.008911284, -0.009094274, -0.009261383, -0.009338191, -0.009477039, -0.009595522, -0.009694164, -0.0097364895, -0.009807987, -0.009862937, -0.009884524, -0.009916669, -0.009935344, -0.009940879, -0.009938502, -0.009922867, -0.009892099, -0.009871177, -0.009818685, -0.009751938, -0.009713308, -0.009625659, -0.009524397, -0.009410489, -0.009349219, -0.009218852, -0.009078705, -0.0090051275, -0.008851082, -0.008688487, -0.008518145, -0.008430293, -0.008249611, -0.008062043, -0.007965249, -0.0077641495, -0.007551382, -0.0074401726, -0.007208553, -0.0069659213, -0.0067147263, -0.0065868064, -0.0063277544, -0.006065851, -0.0059338724, -0.005666939, -0.005393254, -0.0051083113, -0.0049600895, -0.004649154, -0.0043167346, -0.0041444297, -0.0038108083, -0.0035849297, -0.0036664356, -0.003827777, 0, 0, 0, 0, 0, 0, 0, 0, 0, 0, 0, 0, 0, 0, 0, 0, 0, 0, 0, 0, 0, 0, 0, 0, 0, 0, 0, 0, 0, 0, 0, 0, 0, 0, 0, 0, 0, 0, 0, 0, 0, 0, 0, 0, 0, 0, 0, 0, 0, 0, 0, 0, 0, 0, 0, 0, 0, 0, 0, 0, 0, 0, 0, 0, 0, 0, 0, 0, 0, 0, 0, 0, 0
0, -0.0037805315, -0.003602352, -0.003798843, -0.0039854627, -0.0044192355, -0.004861658, -0.0050752605, -0.005482294, -0.005863081, -0.006220767, -0.006391879, -0.006720306, -0.0070323874, -0.00718292, -0.00747373, -0.0077507845, -0.008013199, -0.008138669, -0.008378386, -0.008603538, -0.0087106535, -0.008913218, -0.009098362, -0.009183522, -0.009338155, -0.009471025, -0.009582035, -0.009629688, -0.009710323, -0.009772749, -0.009797767, -0.009836916, -0.009862849, -0.00987647, -0.009878474, -0.009872109, -0.009850707, -0.009834277, -0.009790039, -0.00973033, -0.009694609, -0.009611515, -0.0095130745, -0.009400496, -0.009339431, -0.009208655, -0.009066996, -0.008992309, -0.008835586, -0.008669622, -0.008494936, -0.008404464, -0.008217095, -0.008021117, -0.007919464, -0.007707824, -0.007483534, -0.007366363, -0.007122465, -0.0068677915, -0.006605628, -0.0064728535, -0.0062056496, -0.0059378846, -0.005803757, -0.0055341683, -0.0052595963, -0.004976072, -0.0048298887, -0.0045276647, -0.0042160875, -0.004062858, -0.0038006303, -0.0037338594, -0.004120078, -0.0044408157, 0, 0, 0, 0, 0, 0, 0, 0, 0, 0, 0, 0, 0, 0, 0, 0, 0, 0, 0, 0, 0, 0, 0, 0, 0, 0, 0, 0, 0, 0, 0, 0, 0, 0, 0, 0, 0, 0, 0, 0, 0, 0, 0, 0, 0, 0, 0, 0, 0, 0, 0, 0, 0, 0, 0, 0, 0, 0, 0, 0, 0, 0, 0, 0, 0, 0, 0, 0, 0, 0, 0, 0, 0
0, -0.0035630998, -0.0033856614, -0.0035641356, -0.0037394706, -0.004152847, -0.004581306, -0.0047905743, -0.0051936377, -0.00557567, -0.0059385523, -0.006113599, -0.006452404, -0.006777923, -0.0069361273, -0.0072434475, -0.0075376164, -0.00781721, -0.007951074, -0.008206665, -0.008446423, -0.008560222, -0.008775222, -0.008971742, -0.009062471, -0.009227818, -0.009370701, -0.009490616, -0.009542121, -0.009629111, -0.009696675, -0.009724036, -0.009767569, -0.0097978, -0.009815871, -0.009820295, -0.009819228, -0.009803753, -0.0097902985, -0.009751633, -0.009696628, -0.009662936, -0.009582824, -0.009486495, -0.009374917, -0.009313859, -0.009181962, -0.009037591, -0.008960914, -0.008799182, -0.008626725, -0.008443991, -0.008348873, -0.008151496, -0.007944703, -0.007837613, -0.0076157483, -0.007382607, -0.007261557, -0.007010957, -0.006750471, -0.006483152, -0.006347931, -0.0060759704, -0.0058032684, -0.005666444, -0.00539086, -0.0051094247, -0.004818047, -0.0046674246, -0.0043558325, -0.004035209, -0.0038788689, -0.0036227314, -0.0036295818, -0.0044274167, -0.005309786, 0, 0, 0, 0, 0, 0, 0, 0, 0, 0, 0, 0, 0, 0, 0, 0, 0, 0, 0, 0, 0, 0, 0, 0, 0, 0, 0, 0, 0, 0, 0, 0, 0, 0, 0, 0, 0, 0, 0, 0, 0, 0, 0, 0, 0, 0, 0, 0, 0, 0, 0, 0, 0, 0, 0, 0, 0, 0, 0, 0, 0, 0, 0, 0, 0, 0, 0, 0, 0, 0, 0, 0, 0
0, -0.0034151708, -0.0032466084, -0.0034307966, -0.0036079315, -0.004023234, -0.0044523445, -0.004661808, -0.005065627, -0.0054494827, -0.005815501, -0.0059926547, -0.0063368375, -0.0066691027, -0.006830905, -0.007145341, -0.0074462323, -0.0077318135, -0.007868374, -0.008128844, -0.008372774, -0.008488454, -0.008706784, -0.008906388, -0.008998647, -0.009166975, -0.009312525, -0.009434518, -0.0094867, -0.009574487, -0.009642481, -0.009670044, -0.009713862, -0.0097442325, -0.009762243, -0.009766602, -0.009765966, -0.009751631, -0.009738879, -0.009701587, -0.009647684, -0.009614388, -0.009535073, -0.009439239, -0.009327715, -0.0092663495, -0.009132646, -0.00898473, -0.008905561, -0.00873744, -0.008556582, -0.008363898, -0.008263381, -0.008054752, -0.007836791, -0.007724628, -0.0074942946, -0.0072556017, -0.0071329894, -0.0068809413, -0.0066205873, -0.0063536083, -0.006218406, -0.005945732, -0.005670279, -0.005531408, -0.0052495413, -0.004959085, -0.004655318, -0.004496949, -0.004164917, -0.0038135578, -0.0036352668, -0.003307174, -0.003129435, -0.0032420948, 0, 0, 0, 0, 0, 0, 0, 0, 0, 0, 0, 0, 0, 0, 0, 0, 0, 0, 0, 0, 0, 0, 0, 0, 0, 0, 0, 0, 0, 0, 0, 0, 0, 0, 0, 0, 0, 0, 0, 0, 0, 0, 0, 0, 0, 0, 0, 0, 0, 0, 0, 0, 0, 0, 0, 0, 0, 0, 0, 0, 0, 0, 0, 0, 0, 0, 0, 0, 0, 0, 0, 0, 0, 0
0, -0.0033648964, -0.0032211842, -0.0034413005, -0.003633595, -0.0040701395, -0.0045099505, -0.0047218236, -0.00512711, -0.0055099437, -0.0058739614, -0.0060500614, -0.0063922843, -0.006722228, -0.0068825646, -0.00719313, -0.0074889185, -0.007768391, -0.007901811, -0.008155873, -0.008393155, -0.008505581, -0.008717651, -0.008911287, -0.009000603, -0.009162903, -0.009302351, -0.009417876, -0.00946685, -0.009548444, -0.009610817, -0.009635775, -0.009674945, -0.009701015, -0.009714435, -0.009716482, -0.009711127, -0.009692461, -0.009677685, -0.009636241, -0.009578392, -0.0095431805, -0.009460617, -0.009362363, -0.009248949, -0.009186606, -0.0090505425, -0.008899123, -0.008817683, -0.008643873, -0.008456174, -0.008255679, -0.0081510795, -0.0079341205, -0.007708508, -0.0075931177, -0.007357846, -0.007117103, -0.006994658, -0.006745021, -0.0064887046, -0.0062262374, -0.0060930685, -0.0058234693, -0.005549396, -0.0054101804, -0.0051259696, -0.004830583, -0.004519284, -0.0043559307, -0.004010549, -0.0036401288, -0.0034495767, -0.0030898075, -0.00286899, -0.0029517484, 0, 0, 0, 0, 0, 0, 0, 0, 0, 0, 0, 0, 0, 0, 0, 0, 0, 0, 0, 0, 0, 0, 0, 0, 0, 0, 0, 0, 0, 0, 0, 0, 0, 0, 0, 0, 0, 0, 0, 0, 0, 0, 0, 0, 0, 0, 0, 0, 0, 0, 0, 0, 0, 0, 0, 0, 0, 0, 0, 0, 0, 0, 0, 0, 0, 0, 0, 0, 0, 0, 0, 0, 0, 0
0, -0.0034934042, -0.0033910386, -0.0036560255, -0.003863791, -0.004317762, -0.004761954, -0.004973025, -0.005372986, -0.0057477066, -0.006102194, -0.006273168, -0.0066042976, -0.0069218418, -0.0070754285, -0.0073710727, -0.0076504746, -0.00791298, -0.008037921, -0.008275396, -0.0084966235, -0.008601247, -0.008798085, -0.008977014, -0.009059061, -0.009206943, -0.009331884, -0.009433356, -0.009475645, -0.009544795, -0.009596192, -0.009616223, -0.009646329, -0.009663967, -0.009669068, -0.009666857, -0.009652492, -0.009624602, -0.009605097, -0.009554086, -0.009486749, -0.0094469935, -0.009356163, -0.009251308, -0.009132904, -0.00906857, -0.008929114, -0.008774888, -0.008692132, -0.008515685, -0.008325367, -0.008122366, -0.00801656, -0.007797407, -0.007570239, -0.0074543077, -0.0072190636, -0.006980325, -0.006859644, -0.0066151917, -0.0063657057, -0.0061107655, -0.0059813727, -0.0057187295, -0.005450484, -0.0053137033, -0.005033281, -0.0047408477, -0.004431921, -0.0042697, -0.003927064, -0.0035612988, -0.0033748401, -0.0030303935, -0.0028396207, -0.002957321, 0, 0, 0, 0, 0, 0, 0, 0, 0, 0, 0, 0, 0, 0, 0, 0, 0, 0, 0, 0, 0, 0, 0, 0, 0, 0, 0, 0, 0, 0, 0, 0, 0, 0, 0, 0, 0, 0, 0, 0, 0, 0, 0, 0, 0, 0, 0, 0, 0, 0, 0, 0, 0, 0, 0, 0, 0, 0, 0, 0, 0, 0, 0, 0, 0, 0, 0, 0, 0, 0, 0, 0, 0, 0
0, -0.0040563275, -0.0039048237, -0.0041242507, -0.0043173865, -0.0047495523, -0.0051757554, -0.0053783697, -0.0057616537, -0.006119526, -0.0064564906, -0.0066182213, -0.00692949, -0.0072253156, -0.0073672486, -0.0076384107, -0.007892272, -0.008129115, -0.008241471, -0.008454499, -0.008652377, -0.008745591, -0.008920048, -0.009077241, -0.009148646, -0.009275678, -0.009380487, -0.0094632, -0.0094967615, -0.009549954, -0.009587284, -0.0096008815, -0.009619, -0.009625315, -0.009619165, -0.0096112015, -0.009584908, -0.0095441835, -0.009518012, -0.009453355, -0.009372283, -0.009325987, -0.0092231175, -0.009108147, -0.008982171, -0.00891502, -0.008771718, -0.0086158365, -0.008533014, -0.008357664, -0.008169643, -0.00796991, -0.007865912, -0.0076508005, -0.007427926, -0.0073142755, -0.007084124, -0.0068512526, -0.006733997, -0.0064976104, -0.006257567, -0.006012803, -0.0058886684, -0.005636367, -0.0053780586, -0.005246055, -0.004974934, -0.0046919454, -0.004393513, -0.004237273, -0.003908733, -0.0035610306, -0.0033855336, -0.0030674092, -0.002906572, -0.0030451599, 0, 0, 0, 0, 0, 0, 0, 0, 0, 0, 0, 0, 0, 0, 0, 0, 0, 0, 0, 0, 0, 0, 0, 0, 0, 0, 0, 0, 0, 0, 0, 0, 0, 0, 0, 0, 0, 0, 0, 0, 0, 0, 0, 0, 0, 0, 0, 0, 0, 0, 0, 0, 0, 0, 0, 0, 0, 0, 0, 0, 0, 0, 0, 0, 0, 0, 0, 0, 0, 0, 0, 0, 0, 0
-0.007030559, -0.0058288802, -0.004756076, -0.0047442135, -0.0048899045, -0.00526945, -0.005664603, -0.005854713, -0.006215435, -0.006551555, -0.006865606, -0.0070150825, -0.007300114, -0.0075673694, -0.007694329, -0.007934621, -0.0081570055, -0.008362729, -0.008459969, -0.008643778, -0.008813734, -0.008893408, -0.009041466, -0.009173145, -0.00923225, -0.009335816, -0.00941899, -0.009482237, -0.009506902, -0.009543958, -0.009566802, -0.009573627, -0.009578752, -0.009572208, -0.0095530655, -0.009538392, -0.009498344, -0.009443036, -0.009409423, -0.009329733, -0.009234088, -0.009180887, -0.009065386, -0.008939916, -0.008806224, -0.008736312, -0.008589954, -0.008434055, -0.008352355, -0.008180883, -0.007998574, -0.007805557, -0.0077052186, -0.0074977833, -0.0072829514, -0.007173501, -0.0069520045, -0.006728311, -0.0066159447, -0.0063901236, -0.006161795, -0.005929446, -0.005811532, -0.0055717085, -0.0053255362, -0.0051995376, -0.0049402434, -0.0046693855, -0.0043843263, -0.0042355075, -0.003923481, -0.0035946618, -0.0034290599, -0.0031302674, -0.0029852726, -0.003133004, 0, 0, 0, 0, 0, 0, 0, 0, 0, 0, 0, 0, 0, 0, 0, 0, 0, 0, 0, 0, 0, 0, 0, 0, 0, 0, 0, 0, 0, 0, 0, 0, 0, 0, 0, 0, 0, 0, 0, 0, 0, 0, 0, 0, 0, 0, 0, 0, 0, 0, 0, 0, 0, 0, 0, 0, 0, 0, 0, 0, 0, 0, 0, 0, 0, 0, 0, 0, 0, 0, 0, 0, 0, 0
-0.0060215853, -0.0055913064, -0.005079831, -0.0051753335, -0.005334266, -0.005717757, -0.006105073, -0.0062889587, -0.0066338554, -0.0069500394, -0.007240264, -0.007376444, -0.0076324665, -0.007868257, -0.007978963, -0.008186319, -0.008375919, -0.008549609, -0.008631251, -0.008785128, -0.008926791, -0.00899288, -0.00911485, -0.009221918, -0.009269381, -0.009351367, -0.009415508, -0.009462371, -0.009479721, -0.009503528, -0.009514208, -0.009515043, -0.009507975, -0.009488664, -0.009456265, -0.0094347345, -0.009380723, -0.009311325, -0.009270731, -0.0091778105, -0.009070581, -0.009012218, -0.008887731, -0.008755158, -0.008616369, -0.0085448995, -0.008397505, -0.008243435, -0.0081634745, -0.007997127, -0.007821262, -0.007635387, -0.0075388197, -0.007339446, -0.007133435, -0.00702871, -0.0068172365, -0.006604542, -0.0064980187, -0.0062844804, -0.0060689775, -0.0058496133, -0.0057380483, -0.0055106278, -0.00527634, -0.0051561734, -0.0049084635, -0.004649241, -0.0043764445, -0.004234092, -0.0039359974, -0.003621428, -0.0034626124, -0.0031751504, -0.0030373007, -0.003189082, 0, 0, 0, 0, 0, 0, 0, 0, 0, 0, 0, 0, 0, 0, 0, 0, 0, 0, 0, 0, 0, 0, 0, 0, 0, 0, 0, 0, 0, 0, 0, 0, 0, 0, 0, 0, 0, 0, 0, 0, 0, 0, 0, 0, 0, 0, 0, 0, 0, 0, 0, 0, 0, 0, 0, 0, 0, 0, 0, 0, 0, 0, 0, 0, 0, 0, 0, 0, 0, 0, 0, 0, 0, 0
-0.0053857784, -0.005161629, -0.0050357515, -0.0053294837, -0.0055418303, -0.005983734, -0.006392804, -0.006579533, -0.0069194464, -0.0072207153, -0.0074893534, -0.007612968, -0.0078414185, -0.008047608, -0.008143213, -0.008320795, -0.008481429, -0.008627468, -0.0086956965, -0.0088240225, -0.008941921, -0.008996856, -0.009097818, -0.009185806, -0.009224571, -0.009290958, -0.009342237, -0.009378573, -0.009391391, -0.0094069, -0.009409446, -0.009406003, -0.009389528, -0.009359801, -0.009316256, -0.009289091, -0.0092238765, -0.009143859, -0.009098407, -0.008997276, -0.008884184, -0.0088237915, -0.008696642, -0.008562603, -0.008423306, -0.008352027, -0.008206203, -0.008055004, -0.007976998, -0.007815088, -0.007644223, -0.0074635986, -0.0073698517, -0.0071766367, -0.0069779367, -0.0068772663, -0.0066750394, -0.0064729033, -0.0063721803, -0.006170671, -0.005967336, -0.005759746, -0.00565377, -0.005436706, -0.0052121175, -0.0050966977, -0.00485865, -0.004609268, -0.004346544, -0.004209403, -0.0039220317, -0.0036179733, -0.0034638997, -0.00318419, -0.003051041, -0.00320494, 0, 0, 0, 0, 0, 0, 0, 0, 0, 0, 0, 0, 0, 0, 0, 0, 0, 0, 0, 0, 0, 0, 0, 0, 0, 0, 0, 0, 0, 0, 0, 0, 0, 0, 0, 0, 0, 0, 0, 0, 0, 0, 0, 0, 0, 0, 0, 0, 0, 0, 0, 0, 0, 0, 0, 0, 0, 0, 0, 0, 0, 0, 0, 0, 0, 0, 0, 0, 0, 0, 0, 0, 0, 0
-0.0049679107, -0.0048018424, -0.004818507, -0.0052112816, -0.0054544574, -0.005929772, -0.00634584, -0.0065290225, -0.0068518487, -0.0071265684, -0.0073633194, -0.0074699596, -0.007663805, -0.00783579, -0.007914768, -0.00806074, -0.008192964, -0.008313508, -0.008370059, -0.008476888, -0.008575916, -0.0086225355, -0.008709324, -0.008786575, -0.008821266, -0.008882154, -0.00893081, -0.008966504, -0.008979377, -0.008994922, -0.00899685, -0.0089927595, -0.008974512, -0.008942904, -0.0088980105, -0.008870508, -0.0088055795, -0.008727767, -0.008684281, -0.008589158, -0.00848478, -0.008429649, -0.008314028, -0.008191954, -0.008063843, -0.007997446, -0.007859749, -0.0077147027, -0.0076390603, -0.007481167, -0.0073137684, -0.0071370597, -0.0070456318, -0.006858053, -0.0066664293, -0.0065700603, -0.006377635, -0.006187331, -0.006093114, -0.0059057167, -0.0057173464, -0.00552474, -0.0054259063, -0.005222195, -0.0050099306, -0.0049005235, -0.0046750084, -0.0044395286, -0.00419199, -0.0040628645, -0.0037920258, -0.0035051706, -0.003359788, -0.0030965598, -0.002975549, -0.003131751, 0, 0, 0, 0, 0, 0, 0, 0, 0, 0, 0, 0, 0, 0, 0, 0, 0, 0, 0, 0, 0, 0, 0, 0, 0, 0, 0, 0, 0, 0, 0, 0, 0, 0, 0, 0, 0, 0, 0, 0, 0, 0, 0, 0, 0, 0, 0, 0, 0, 0, 0, 0, 0, 0, 0, 0, 0, 0, 0, 0, 0, 0, 0, 0, 0, 0, 0, 0, 0, 0, 0, 0, 0, 0
-0.005106545, -0.004892433, -0.0047668642, -0.005035633, -0.00523114, -0.005636864, -0.0060093827, -0.0061776405, -0.006479913, -0.0067427233, -0.00697323, -0.0070783943, -0.007271564, -0.007445034, -0.0075253164, -0.00767473, -0.0078113303, -0.007937051, -0.007996422, -0.008109059, -0.008214157, -0.008263896, -0.0083574075, -0.008441907, -0.008480459, -0.008549237, -0.00860564, -0.008648873, -0.008665467, -0.0086885495, -0.008698469, -0.008698799, -0.008690617, -0.008670671, -0.008638926, -0.008618366, -0.008567712, -0.00850428, -0.008467903, -0.0083866455, -0.008295028, -0.00824574, -0.008140831, -0.008028052, -0.007907741, -0.00784459, -0.0077119926, -0.007570021, -0.007495367, -0.0073386594, -0.007172234, -0.0069968766, -0.0069062, -0.0067201415, -0.0065298034, -0.0064337687, -0.006241695, -0.0060512144, -0.0059568756, -0.005769629, -0.005582331, -0.005392038, -0.0052948315, -0.005094722, -0.0048863445, -0.0047788983, -0.004557333, -0.004326047, -0.0040831678, -0.0039564837, -0.00369105, -0.0034107512, -0.0032691427, -0.0030142216, -0.0028998721, -0.003055718, 0, 0, 0, 0, 0, 0, 0, 0, 0, 0, 0, 0, 0, 0, 0, 0, 0, 0, 0, 0, 0, 0, 0, 0, 0, 0, 0, 0, 0, 0, 0, 0, 0, 0, 0, 0, 0, 0, 0, 0, 0, 0, 0, 0, 0, 0, 0, 0, 0, 0, 0, 0, 0, 0, 0, 0, 0, 0, 0, 0, 0, 0, 0, 0, 0, 0, 0, 0, 0, 0, 0, 0, 0, 0
-0.00553734, -0.0051355, -0.0046462873, -0.0047095795, -0.0048424318, -0.0051681716, -0.005497049, -0.005652028, -0.005939344, -0.006197994, -0.006431743, -0.0065406314, -0.006744251, -0.0069309007, -0.0070184595, -0.0071830666, -0.0073350184, -0.007475703, -0.007542328, -0.0076690437, -0.007787681, -0.007843907, -0.007950088, -0.008046859, -0.008091331, -0.008171402, -0.008238578, -0.008292315, -0.008314217, -0.008348553, -0.008371173, -0.00837857, -0.008385865, -0.008383254, -0.008370171, -0.0083593875, -0.008328486, -0.008284589, -0.008257787, -0.008194442, -0.008118615, -0.0080762515, -0.007983203, -0.007879968, -0.0077672545, -0.007707303, -0.0075799087, -0.0074419016, -0.0073688687, -0.0072149653, -0.0070513105, -0.006878726, -0.006789436, -0.006605711, -0.006416541, -0.006320556, -0.006127339, -0.005934487, -0.005838631, -0.005648491, -0.005459186, -0.0052683377, -0.005171456, -0.0049730153, -0.004766935, -0.004660701, -0.0044412506, -0.0042118286, -0.0039705974, -0.0038447403, -0.0035810831, -0.0033035094, -0.003163985, -0.0029146036, -0.0028049743, -0.002958872, 0, 0, 0, 0, 0, 0, 0, 0, 0, 0, 0, 0, 0, 0, 0, 0, 0, 0, 0, 0, 0, 0, 0, 0, 0, 0, 0, 0, 0, 0, 0, 0, 0, 0, 0, 0, 0, 0, 0, 0, 0, 0, 0, 0, 0, 0, 0, 0, 0, 0, 0, 0, 0, 0, 0, 0, 0, 0, 0, 0, 0, 0, 0, 0, 0, 0, 0, 0, 0, 0, 0, 0, 0, 0
-0.0063378573, -0.0052229916, -0.004211808, -0.004155827, -0.004264372, -0.0045630084, -0.0048787617, -0.0050305272, -0.0053169536, -0.005580986, -0.0058255773, -0.0059415647, -0.0061624167, -0.006369421, -0.006467935, -0.006655118, -0.0068295505, -0.0069918022, -0.0070686466, -0.0072146896, -0.0073513435, -0.0074161915, -0.0075385463, -0.0076501216, -0.007701514, -0.0077944985, -0.007873866, -0.007939779, -0.007967996, -0.00801566, -0.0080529805, -0.008068188, -0.008092174, -0.008107474, -0.008113029, -0.008111794, -0.008100443, -0.008076283, -0.0080591235, -0.00801405, -0.007954452, -0.007919242, -0.007838455, -0.007744877, -0.0076399227, -0.0075833676, -0.007462051, -0.0073294914, -0.0072590453, -0.007110281, -0.0069517246, -0.0067839273, -0.006696811, -0.006516539, -0.006329248, -0.0062335236, -0.0060393186, -0.0058438783, -0.005746455, -0.0055527543, -0.0053602955, -0.0051672063, -0.005069624, -0.004870682, -0.004664503, -0.004558227, -0.00433842, -0.004108069, -0.0038652322, -0.0037383183, -0.0034721934, -0.0031921733, -0.0030519317, -0.002802664, -0.002693584, -0.002843159, 0, 0, 0, 0, 0, 0, 0, 0, 0, 0, 0, 0, 0, 0, 0, 0, 0, 0, 0, 0, 0, 0, 0, 0, 0, 0, 0, 0, 0, 0, 0, 0, 0, 0, 0, 0, 0, 0, 0, 0, 0, 0, 0, 0, 0, 0, 0, 0, 0, 0, 0, 0, 0, 0, 0, 0, 0, 0, 0, 0, 0, 0, 0, 0, 0, 0, 0, 0, 0, 0, 0, 0, 0, 0
0, -0.0034996667, -0.0033292365, -0.0034680008, -0.0036101348, -0.003937748, -0.0042647766, -0.004420337, -0.0047140694, -0.004987423, -0.0052447002, -0.0053684, -0.005607478, -0.0058360095, -0.005946244, -0.0061580283, -0.006357317, -0.006543712, -0.0066321124, -0.0068000075, -0.006956877, -0.0070310966, -0.0071710227, -0.0072984034, -0.007357082, -0.0074637444, -0.007555947, -0.007634533, -0.007669164, -0.0077299816, -0.0077806655, -0.0078025754, -0.007840014, -0.007868796, -0.007888073, -0.007893829, -0.007897018, -0.007887989, -0.007878409, -0.007848283, -0.0078027765, -0.007774053, -0.007704994, -0.0076215016, -0.007525217, -0.0074727144, -0.0073590414, -0.0072336984, -0.0071667642, -0.007024972, -0.0068731154, -0.0067114728, -0.006627053, -0.0064513604, -0.006267147, -0.006172316, -0.0059787966, -0.0057824417, -0.0056840684, -0.0054877475, -0.005292017, -0.005095699, -0.0049966667, -0.004795302, -0.00458723, -0.0044800527, -0.0042583025, -0.004025515, -0.003779349, -0.0036503014, -0.0033787696, -0.0030917018, -0.0029475612, -0.0026902875, -0.002573139, -0.002713773, 0, 0, 0, 0, 0, 0, 0, 0, 0, 0, 0, 0, 0, 0, 0, 0, 0, 0, 0, 0, 0, 0, 0, 0, 0, 0, 0, 0, 0, 0, 0, 0, 0, 0, 0, 0, 0, 0, 0, 0, 0, 0, 0, 0, 0, 0, 0, 0, 0, 0, 0, 0, 0, 0, 0, 0, 0, 0, 0, 0, 0, 0, 0, 0, 0, 0, 0, 0, 0, 0, 0, 0, 0, 0
0, -0.0028916267, -0.0027764954, -0.0029519575, -0.0031018772, -0.0034360322, -0.003765525, -0.0039221314, -0.004218993, -0.004498129, -0.0047646295, -0.0048943195, -0.00514788, -0.005394233, -0.005514387, -0.0057476345, -0.005969441, -0.006178387, -0.006277853, -0.006467015, -0.0066434597, -0.0067268554, -0.0068837116, -0.007026258, -0.007091897, -0.007211677, -0.007316181, -0.0074065207, -0.0074467943, -0.0075183953, -0.007578712, -0.007604969, -0.007650195, -0.007685866, -0.0077117877, -0.007721002, -0.0077315066, -0.007730655, -0.0077254917, -0.0077048, -0.0076690526, -0.0076452773, -0.0075860885, -0.0075123156, -0.0074252924, -0.0073772245, -0.0072718756, -0.007154527, -0.0070915176, -0.006957298, -0.006812636, -0.0066577066, -0.0065763206, -0.0064060753, -0.006226434, -0.006133527, -0.005942913, -0.0057476605, -0.0056490856, -0.005451197, -0.0052526067, -0.0050528226, -0.0049521704, -0.004748198, -0.004538591, -0.0044309814, -0.0042087724, -0.0039755413, -0.0037283855, -0.0035983745, -0.0033233028, -0.0030295907, -0.002880365, -0.0026084257, -0.002470605, -0.0025921874, 0, 0, 0, 0, 0, 0, 0, 0, 0, 0, 0, 0, 0, 0, 0, 0, 0, 0, 0, 0, 0, 0, 0, 0, 0, 0, 0, 0, 0, 0, 0, 0, 0, 0, 0, 0, 0, 0, 0, 0, 0, 0, 0, 0, 0, 0, 0, 0, 0, 0, 0, 0, 0, 0, 0, 0, 0, 0, 0, 0, 0, 0, 0, 0, 0, 0, 0, 0, 0, 0, 0, 0, 0, 0
0, -0.0026954669, -0.002551944, -0.0026864754, -0.0028192382, -0.0031281074, -0.003442477, -0.003594451, -0.0038865576, -0.0041658785, -0.0044363667, -0.0045692786, -0.0048314733, -0.005088976, -0.005215616, -0.005463267, -0.005701157, -0.005926981, -0.0060350033, -0.0062409486, -0.0064332043, -0.0065240343, -0.006694567, -0.0068494356, -0.006920767, -0.0070512886, -0.0071656615, -0.0072649443, -0.0073092356, -0.00738781, -0.0074533797, -0.0074814856, -0.0075291214, -0.007565969, -0.0075925477, -0.0076020253, -0.0076133893, -0.00761422, -0.0076103536, -0.0075931028, -0.0075619877, -0.0075410074, -0.007488069, -0.0074212113, -0.0073415283, -0.0072970316, -0.0071986415, -0.0070881485, -0.0070284703, -0.0069009173, -0.0067628324, -0.006614288, -0.006536009, -0.0063718036, -0.006197948, -0.00610771, -0.0059214933, -0.005728994, -0.0056310133, -0.005432905, -0.0052327863, -0.005030958, -0.0049294857, -0.004724844, -0.004516675, -0.004410548, -0.004192518, -0.0039644833, -0.003723147, -0.0035961084, -0.003326725, -0.0030369496, -0.002888034, -0.002609917, -0.002450365, -0.0025404135, 0, 0, 0, 0, 0, 0, 0, 0, 0, 0, 0, 0, 0, 0, 0, 0, 0, 0, 0, 0, 0, 0, 0, 0, 0, 0, 0, 0, 0, 0, 0, 0, 0, 0, 0, 0, 0, 0, 0, 0, 0, 0, 0, 0, 0, 0, 0, 0, 0, 0, 0, 0, 0, 0, 0, 0, 0, 0, 0, 0, 0, 0, 0, 0, 0, 0, 0, 0, 0, 0, 0, 0, 0, 0
0, -0.0026694327, -0.0025085304, -0.0026084976, -0.0027243728, -0.0030061617, -0.0033031148, -0.0034495145, -0.0037351584, -0.0040125377, -0.004283607, -0.004417352, -0.004681847, -0.0049424614, -0.00507108, -0.005323475, -0.0055675535, -0.005800755, -0.0059128143, -0.00612734, -0.0063282703, -0.006423321, -0.0066017155, -0.0067639947, -0.006838918, -0.006976154, -0.007096541, -0.007200865, -0.007247251, -0.007328784, -0.007395623, -0.0074237916, -0.007470376, -0.0075049475, -0.007528558, -0.0075363577, -0.007544264, -0.0075419573, -0.0075368183, -0.007517693, -0.007485943, -0.0074650357, -0.007413102, -0.007348145, -0.007270928, -0.0072278217, -0.0071327835, -0.0070260447, -0.0069684153, -0.0068451543, -0.0067116553, -0.0065680947, -0.006492562, -0.0063341064, -0.0061663357, -0.0060790703, -0.0058983765, -0.0057104435, -0.0056142085, -0.0054183253, -0.0052193087, -0.0050183646, -0.0049175723, -0.004715714, -0.004512948, -0.004410523, -0.0042020236, -0.0039856634, -0.0037580882, -0.0036389178, -0.0033877864, -0.0031206512, -0.0029851028, -0.0027385617, -0.0026168772, -0.0027280368, 0, 0, 0, 0, 0, 0, 0, 0, 0, 0, 0, 0, 0, 0, 0, 0, 0, 0, 0, 0, 0, 0, 0, 0, 0, 0, 0, 0, 0, 0, 0, 0, 0, 0, 0, 0, 0, 0, 0, 0, 0, 0, 0, 0, 0, 0, 0, 0, 0, 0, 0, 0, 0, 0, 0, 0, 0, 0, 0, 0, 0, 0, 0, 0, 0, 0, 0, 0, 0, 0, 0, 0, 0, 0
0, -0.0027248776, -0.0025586432, -0.002648443, -0.0027590296, -0.003032301, -0.0033244272, -0.0034696674, -0.003754745, -0.0040321294, -0.004302206, -0.004434744, -0.00469526, -0.0049503664, -0.005075868, -0.00532202, -0.005560426, -0.0057893647, -0.0058998982, -0.0061125425, -0.0063130194, -0.006408157, -0.0065873927, -0.0067509124, -0.0068267207, -0.006965786, -0.0070880023, -0.0071933777, -0.007239973, -0.007320943, -0.007386152, -0.007413114, -0.0074566426, -0.007487338, -0.0075062746, -0.0075114556, -0.007513509, -0.00750482, -0.00749644, -0.0074711083, -0.0074337344, -0.007410297, -0.007353885, -0.007285058, -0.007204606, -0.0071603805, -0.0070639844, -0.006957164, -0.0068998914, -0.0067776595, -0.0066459994, -0.0065051643, -0.006431418, -0.006277311, -0.0061150864, -0.0060310517, -0.0058571924, -0.0056761666, -0.0055832067, -0.005393263, -0.0051991185, -0.005002783, -0.004904429, -0.0047084875, -0.0045138416, -0.0044165053, -0.004220056, -0.004018337, -0.0038079978, -0.0036987588, -0.0034712285, -0.0032358207, -0.0031213476, -0.0029391523, -0.0029718836, -0.0036404387, -0.004355701, 0, 0, 0, 0, 0, 0, 0, 0, 0, 0, 0, 0, 0, 0, 0, 0, 0, 0, 0, 0, 0, 0, 0, 0, 0, 0, 0, 0, 0, 0, 0, 0, 0, 0, 0, 0, 0, 0, 0, 0, 0, 0, 0, 0, 0, 0, 0, 0, 0, 0, 0, 0, 0, 0, 0, 0, 0, 0, 0, 0, 0, 0, 0, 0, 0, 0, 0, 0, 0, 0, 0, 0, 0
0, -0.002832476, -0.0026672601, -0.0027674066, -0.002884629, -0.003171059, -0.0034745045, -0.0036243973, -0.0039158696, -0.0041951314, -0.004461983, -0.0045909616, -0.0048410906, -0.0050821356, -0.005199664, -0.005429053, -0.0056507504, -0.0058643566, -0.005968013, -0.0061685853, -0.0063593755, -0.0064505385, -0.0066231964, -0.0067818114, -0.006855581, -0.006991485, -0.00711108, -0.0072137346, -0.007258688, -0.0073359753, -0.007397076, -0.0074218363, -0.007460826, -0.0074867983, -0.00750017, -0.00750221, -0.007497222, -0.0074803457, -0.00746751, -0.0074330317, -0.0073864595, -0.0073585254, -0.0072934874, -0.0072166077, -0.0071289768, -0.0070816204, -0.00698022, -0.0068700355, -0.0068115513, -0.0066877, -0.0065553086, -0.006414816, -0.0063417004, -0.006190219, -0.0060327915, -0.0059521133, -0.0057865405, -0.005615068, -0.0055271555, -0.005347012, -0.0051618996, -0.0049735885, -0.004879192, -0.0046910737, -0.004504961, -0.004412436, -0.0042267684, -0.00403736, -0.0038406423, -0.0037386096, -0.0035261586, -0.0033055616, -0.0031972884, -0.0030179298, -0.0029986633, -0.0033416606, -0.0036090899, 0, 0, 0, 0, 0, 0, 0, 0, 0, 0, 0, 0, 0, 0, 0, 0, 0, 0, 0, 0, 0, 0, 0, 0, 0, 0, 0, 0, 0, 0, 0, 0, 0, 0, 0, 0, 0, 0, 0, 0, 0, 0, 0, 0, 0, 0, 0, 0, 0, 0, 0, 0, 0, 0, 0, 0, 0, 0, 0, 0, 0, 0, 0, 0, 0, 0, 0, 0, 0, 0, 0, 0, 0
0, -0.0029864258, -0.002825156, -0.0029484988, -0.00308011, -0.0033941485, -0.0037187212, -0.003875982, -0.004175554, -0.0044542365, -0.004712953, -0.004835503, -0.005068615, -0.0052884324, -0.005394328, -0.0055992263, -0.005796268, -0.0059864577, -0.006079134, -0.0062597855, -0.006433226, -0.0065166913, -0.00667588, -0.006823333, -0.0068922127, -0.0070196353, -0.00713192, -0.007227802, -0.007269305, -0.0073398175, -0.0073944726, -0.007416188, -0.0074494816, -0.0074699936, -0.0074775377, -0.007476315, -0.0074638557, -0.0074383435, -0.007420798, -0.0073761926, -0.007319065, -0.0072859083, -0.0072105397, -0.0071240473, -0.0070278896, -0.006976694, -0.00686896, -0.0067540575, -0.0066937553, -0.0065671694, -0.006433027, -0.0062917653, -0.0062188264, -0.006069117, -0.005916049, -0.0058386927, -0.005682279, -0.0055223657, -0.005440741, -0.0052734227, -0.0051005124, -0.004923033, -0.0048333295, -0.004653816, -0.00447538, -0.0043864935, -0.0042082705, -0.004026507, -0.0038368008, -0.0037375093, -0.003527152, -0.0032992265, -0.0031806524, -0.0029541468, -0.0028167276, -0.00292058, -0.0030600645, 0, 0, 0, 0, 0, 0, 0, 0, 0, 0, 0, 0, 0, 0, 0, 0, 0, 0, 0, 0, 0, 0, 0, 0, 0, 0, 0, 0, 0, 0, 0, 0, 0, 0, 0, 0, 0, 0, 0, 0, 0, 0, 0, 0, 0, 0, 0, 0, 0, 0, 0, 0, 0, 0, 0, 0, 0, 0, 0, 0, 0, 0, 0, 0, 0, 0, 0, 0, 0, 0, 0, 0, 0
0, -0.003185782, -0.0030282354, -0.0031790785, -0.0033276281, -0.0036719579, -0.004016324, -0.0041787727, -0.004480034, -0.004750762, -0.0049943095, -0.005107144, -0.005317882, -0.0055123167, -0.0056047356, -0.0057817837, -0.0059505925, -0.0061133024, -0.006192731, -0.0063481485, -0.006498514, -0.006571346, -0.0067110187, -0.006841202, -0.006902292, -0.007015739, -0.0071157585, -0.0072007864, -0.0072373617, -0.007298681, -0.0073452136, -0.007363407, -0.0073903957, -0.0074052, -0.0074070673, -0.007402737, -0.007383479, -0.007350152, -0.0073283454, -0.0072745406, -0.00720767, -0.0071695433, -0.007084656, -0.0069896593, -0.006886412, -0.00683216, -0.0067194295, -0.0066010263, -0.006539456, -0.00641153, -0.0062768897, -0.0061360635, -0.006063817, -0.0059168423, -0.005768814, -0.005694942, -0.0055476027, -0.005399565, -0.0053245467, -0.0051710657, -0.005011741, -0.004846476, -0.004762117, -0.004591545, -0.0044200737, -0.004334295, -0.004161416, -0.003984574, -0.0037988806, -0.0037008473, -0.003489663, -0.0032535153, -0.0031259248, -0.0028645336, -0.002655843, -0.0026463289, -0.0027364374, 0, 0, 0, 0, 0, 0, 0, 0, 0, 0, 0, 0, 0, 0, 0, 0, 0, 0, 0, 0, 0, 0, 0, 0, 0, 0, 0, 0, 0, 0, 0, 0, 0, 0, 0, 0, 0, 0, 0, 0, 0, 0, 0, 0, 0, 0, 0, 0, 0, 0, 0, 0, 0, 0, 0, 0, 0, 0, 0, 0, 0, 0, 0, 0, 0, 0, 0, 0, 0, 0, 0, 0, 0
0, -0.0034321079, -0.003271345, -0.0034417524, -0.0036025406, -0.003965653, -0.0043165283, -0.004477542, -0.004768223, -0.005021118, -0.0052425177, -0.00534337, -0.005528987, -0.0056974115, -0.005776499, -0.0059264703, -0.006067712, -0.006202502, -0.006268022, -0.0063957903, -0.0065193754, -0.0065792934, -0.006694509, -0.006802532, -0.006853501, -0.006948323, -0.0070324005, -0.007104062, -0.0071347863, -0.0071860487, -0.0072243763, -0.0072391485, -0.007260262, -0.0072698453, -0.0072666286, -0.007259768, -0.007234761, -0.007195146, -0.0071699363, -0.007108879, -0.0070345397, -0.0069927266, -0.006901156, -0.0068010176, -0.0066944193, -0.00663915, -0.006525345, -0.0064070337, -0.006346099, -0.00622015, -0.006088481, -0.0059515783, -0.005881654, -0.005740188, -0.0055989395, -0.0055288957, -0.0053902706, -0.0052527795, -0.0051836907, -0.005042937, -0.0048968303, -0.0047443947, -0.004665876, -0.004505522, -0.004342396, -0.00426017, -0.004093772, -0.0039229323, -0.0037435004, -0.003648863, -0.0034454754, -0.003219432, -0.0030981621, -0.002852685, -0.00266379, -0.0026685826, -0.0027510775, 0, 0, 0, 0, 0, 0, 0, 0, 0, 0, 0, 0, 0, 0, 0, 0, 0, 0, 0, 0, 0, 0, 0, 0, 0, 0, 0, 0, 0, 0, 0, 0, 0, 0, 0, 0, 0, 0, 0, 0, 0, 0, 0, 0, 0, 0, 0, 0, 0, 0, 0, 0, 0, 0, 0, 0, 0, 0, 0, 0, 0, 0, 0, 0, 0, 0, 0, 0, 0, 0, 0, 0, 0
0, -0.0037427857, -0.0035543828, -0.003711264, -0.0038683088, -0.0042220997, -0.0045572207, -0.0047079935, -0.004974975, -0.0052019656, -0.005397437, -0.005485738, -0.005647011, -0.0057919617, -0.0058593443, -0.005985906, -0.0061029093, -0.00621219, -0.00626445, -0.006365291, -0.006461296, -0.0065075103, -0.00659625, -0.0066799317, -0.0067196586, -0.0067943544, -0.0068617063, -0.006919917, -0.006945114, -0.006987313, -0.0070188236, -0.007030762, -0.007047176, -0.0070524467, -0.0070450986, -0.007036096, -0.0070069283, -0.0069628614, -0.006935363, -0.006869883, -0.006791492, -0.0067480803, -0.006654387, -0.0065541244, -0.006449487, -0.006396111, -0.006287086, -0.0061745443, -0.006116785, -0.0059976885, -0.0058737635, -0.005745362, -0.005680027, -0.005547899, -0.00541557, -0.005349889, -0.0052198437, -0.005091296, -0.005027068, -0.0048971265, -0.0047631254, -0.0046235183, -0.0045515303, -0.0044035856, -0.0042517753, -0.004174693, -0.0040179007, -0.0038562596, -0.0036867934, -0.003597979, -0.0034101738, -0.0032081173, -0.00310383, -0.0029092461, -0.0028187344, -0.0030982615, -0.0035369927, 0, 0, 0, 0, 0, 0, 0, 0, 0, 0, 0, 0, 0, 0, 0, 0, 0, 0, 0, 0, 0, 0, 0, 0, 0, 0, 0, 0, 0, 0, 0, 0, 0, 0, 0, 0, 0, 0, 0, 0, 0, 0, 0, 0, 0, 0, 0, 0, 0, 0, 0, 0, 0, 0, 0, 0, 0, 0, 0, 0, 0, 0, 0, 0, 0, 0, 0, 0, 0, 0, 0, 0, 0
0, -0.004170029, -0.0038777299, -0.003941564, -0.0040657734, -0.0043708878, -0.0046684253, -0.00480234, -0.0050382107, -0.005237249, -0.005408061, -0.0054852003, -0.0056259907, -0.0057520266, -0.0058102873, -0.00591839, -0.0060161385, -0.0061047925, -0.006146244, -0.0062242365, -0.0062964563, -0.0063306172, -0.0063957283, -0.006457343, -0.0064870454, -0.0065440363, -0.006597192, -0.00664452, -0.0066654063, -0.0067008464, -0.0067273597, -0.006737282, -0.0067499997, -0.0067521394, -0.006741846, -0.006731483, -0.0067002643, -0.006654707, -0.006626759, -0.006561036, -0.0064835744, -0.0064412006, -0.006351165, -0.0062569003, -0.0061606583, -0.0061121793, -0.006014117, -0.0059134145, -0.005861649, -0.005754715, -0.005643372, -0.0055280463, -0.005469167, -0.005349664, -0.0052284473, -0.0051677288, -0.00504653, -0.0049260566, -0.004866032, -0.0047453553, -0.004622376, -0.0044957036, -0.0044306517, -0.0042971196, -0.004159412, -0.004088914, -0.003944621, -0.0037942783, -0.0036356342, -0.0035525109, -0.0033774362, -0.0031913004, -0.0030961824, -0.0029190572, -0.0028250052, -0.0029813473, -0.0032062777, 0, 0, 0, 0, 0, 0, 0, 0, 0, 0, 0, 0, 0, 0, 0, 0, 0, 0, 0, 0, 0, 0, 0, 0, 0, 0, 0, 0, 0, 0, 0, 0, 0, 0, 0, 0, 0, 0, 0, 0, 0, 0, 0, 0, 0, 0, 0, 0, 0, 0, 0, 0, 0, 0, 0, 0, 0, 0, 0, 0, 0, 0, 0, 0, 0, 0, 0, 0, 0, 0, 0, 0, 0
0, -0.0048076715, -0.0041876063, -0.0040355134, -0.004100504, -0.0043350807, -0.0045901597, -0.004707512, -0.00491524, -0.0050910353, -0.005242495, -0.0053111305, -0.0054369583, -0.0055495757, -0.0056015286, -0.0056970976, -0.005782298, -0.0058578295, -0.0058924207, -0.0059560384, -0.00601312, -0.006039567, -0.0060893465, -0.0061365017, -0.0061595873, -0.0062052007, -0.0062494106, -0.0062901597, -0.006308519, -0.0063399146, -0.006363303, -0.0063718352, -0.0063820207, -0.0063821063, -0.0063707787, -0.0063603623, -0.0063301087, -0.00628751, -0.006261606, -0.006201428, -0.006131332, -0.006093411, -0.0060138977, -0.005932111, -0.005850267, -0.005809435, -0.0057272883, -0.0056427056, -0.0055988985, -0.0055079437, -0.0054124594, -0.0053128335, -0.0052615213, -0.005156148, -0.0050472547, -0.0049917335, -0.0048795757, -0.0047669816, -0.004710864, -0.004598729, -0.004486328, -0.004372415, -0.004314539, -0.004196134, -0.004073555, -0.0040104287, -0.0038793483, -0.003740202, -0.0035901614, -0.003510241, -0.0033391204, -0.0031515004, -0.0030520072, -0.0028503367, -0.0026868477, -0.0026765398, -0.002772234, 0, 0, 0, 0, 0, 0, 0, 0, 0, 0, 0, 0, 0, 0, 0, 0, 0, 0, 0, 0, 0, 0, 0, 0, 0, 0, 0, 0, 0, 0, 0, 0, 0, 0, 0, 0, 0, 0, 0, 0, 0, 0, 0, 0, 0, 0, 0, 0, 0, 0, 0, 0, 0, 0, 0, 0, 0, 0, 0, 0, 0, 0, 0, 0, 0, 0, 0, 0, 0, 0, 0, 0, 0
0, -0.0057281572, -0.0042174854, -0.0038538668, -0.0038819904, -0.0040776595, -0.00430767, -0.004414335, -0.0046033007, -0.004763486, -0.0049020755, -0.004965146, -0.0050814985, -0.0051863976, -0.0052350084, -0.0053249174, -0.005405415, -0.005477171, -0.0055100224, -0.0055703484, -0.0056243786, -0.005649398, -0.0056960406, -0.0057399226, -0.005761501, -0.005804389, -0.0058464543, -0.0058857626, -0.005903563, -0.005933937, -0.005956301, -0.00596434, -0.00597372, -0.005973709, -0.005963837, -0.0059550777, -0.005929938, -0.0058950107, -0.0058740675, -0.0058256825, -0.005769855, -0.0057399054, -0.00567753, -0.0056138975, -0.0055504832, -0.00551881, -0.005454646, -0.0053875525, -0.0053523676, -0.0052782316, -0.005198937, -0.0051146806, -0.0050706645, -0.0049787997, -0.004881612, -0.0048311483, -0.0047276127, -0.004622587, -0.0045701494, -0.004466136, -0.004363471, -0.0042612054, -0.004209769, -0.004105275, -0.003996742, -0.0039403317, -0.0038214922, -0.0036921136, -0.003548726, -0.0034706413, -0.0032996254, -0.0031052066, -0.0029984715, -0.002770517, -0.0025537226, -0.0024479257, -0.0024833272, 0, 0, 0, 0, 0, 0, 0, 0, 0, 0, 0, 0, 0, 0, 0, 0, 0, 0, 0, 0, 0, 0, 0, 0, 0, 0, 0, 0, 0, 0, 0, 0, 0, 0, 0, 0, 0, 0, 0, 0, 0, 0, 0, 0, 0, 0, 0, 0, 0, 0, 0, 0, 0, 0, 0, 0, 0, 0, 0, 0, 0, 0, 0, 0, 0, 0, 0, 0, 0, 0, 0, 0, 0
0, 0, -0.0035133373, -0.0034136025, -0.003465312, -0.0036593955, -0.0038737312, -0.0039724414, -0.004147609, -0.00429715, -0.004427971, -0.0044881543, -0.0046000667, -0.004702654, -0.0047510406, -0.004842206, -0.0049261446, -0.0050033787, -0.005039626, -0.005107902, -0.0051707616, -0.0052002515, -0.005255874, -0.0053078667, -0.0053328974, -0.0053817946, -0.005428717, -0.0054718656, -0.0054912185, -0.00552407, -0.0055485372, -0.005557593, -0.0055693053, -0.005572732, -0.00556797, -0.0055628, -0.005546919, -0.005524145, -0.0055104042, -0.0054785903, -0.0054419264, -0.0054222206, -0.0053809863, -0.0053380146, -0.0052939253, -0.0052713132, -0.0052238973, -0.005172584, -0.0051449765, -0.005085349, -0.0050198035, -0.004948128, -0.0049100416, -0.004828953, -0.0047413334, -0.00469504, -0.0045989207, -0.004500289, -0.0044510327, -0.004353712, -0.004258612, -0.0041651223, -0.0041185548, -0.004024374, -0.003926597, -0.00387544, -0.0037665293, -0.0036458105, -0.0035094495, -0.0034342199, -0.0032674933, -0.0030763578, -0.002971321, -0.0027478647, -0.002538412, -0.0024401015, -0.0024746861, 0, 0, 0, 0, 0, 0, 0, 0, 0, 0, 0, 0, 0, 0, 0, 0, 0, 0, 0, 0, 0, 0, 0, 0, 0, 0, 0, 0, 0, 0, 0, 0, 0, 0, 0, 0, 0, 0, 0, 0, 0, 0, 0, 0, 0, 0, 0, 0, 0, 0, 0, 0, 0, 0, 0, 0, 0, 0, 0, 0, 0, 0, 0, 0, 0, 0, 0, 0, 0, 0, 0, 0, 0
0, 0, -0.0033641015, -0.0030770209, -0.0030719037, -0.0031990423, -0.0033785126, -0.0034659298, -0.0036256805, -0.0037664229, -0.003893085, -0.003952397, -0.004064738, -0.004170652, -0.0042215274, -0.0043199663, -0.004413985, -0.004503903, -0.004547417, -0.004631483, -0.004711063, -0.004749139, -0.0048215617, -0.0048892065, -0.0049214927, -0.004982895, -0.0050401124, -0.0050917803, -0.005114799, -0.0051543517, -0.0051851054, -0.0051973215, -0.0052159335, -0.0052274647, -0.0052323863, -0.0052327113, -0.0052294945, -0.005221759, -0.0052164327, -0.005203312, -0.005187295, -0.0051781596, -0.0051574935, -0.005133582, -0.005105741, -0.005090257, -0.005055651, -0.0050157933, -0.004993648, -0.0049445983, -0.0048886803, -0.004825653, -0.0047914577, -0.004717473, -0.0046360246, -0.004592584, -0.0045014834, -0.004407322, -0.004360085, -0.004266712, -0.0041754614, -0.0040863384, -0.004042177, -0.003953213, -0.0038611786, -0.0038131026, -0.0037106867, -0.0035968716, -0.003467784, -0.0033966457, -0.0032395497, -0.003062403, -0.0029673583, -0.0027742211, -0.002621466, -0.0026579022, -0.0028509516, -0.0038649617, 0, 0, 0, 0, 0, 0, 0, 0, 0, 0, 0, 0, 0, 0, 0, 0, 0, 0, 0, 0, 0, 0, 0, 0, 0, 0, 0, 0, 0, 0, 0, 0, 0, 0, 0, 0, 0, 0, 0, 0, 0, 0, 0, 0, 0, 0, 0, 0, 0, 0, 0, 0, 0, 0, 0, 0, 0, 0, 0, 0, 0, 0, 0, 0, 0, 0, 0, 0, 0, 0, 0, 0
0, 0, -0.0034295656, -0.0027726109, -0.0026979062, -0.002753746, -0.002897795, -0.002973996, -0.0031196317, -0.003254389, -0.0033806085, -0.003441367, -0.0035592518, -0.0036734522, -0.003729453, -0.0038397578, -0.003947849, -0.004053945, -0.0041061807, -0.0042084767, -0.0043070875, -0.0043547805, -0.0044460157, -0.004531631, -0.0045723435, -0.004649299, -0.004720128, -0.0047835554, -0.0048120557, -0.004862152, -0.004903522, -0.004921226, -0.004951341, -0.0049751806, -0.0049933796, -0.005000654, -0.0050120996, -0.0050203227, -0.005023507, -0.00502817, -0.0050301757, -0.0050298194, -0.0050255586, -0.005015396, -0.0049985438, -0.0049876086, -0.0049607265, -0.0049274256, -0.0049084267, -0.004865288, -0.004814709, -0.004756155, -0.004723771, -0.004652791, -0.004573756, -0.0045314254, -0.0044422694, -0.004349634, -0.004302832, -0.004209769, -0.0041181985, -0.0040282668, -0.0039836597, -0.0038940716, -0.0038019163, -0.0037541178, -0.0036531268, -0.0035420842, -0.003417555, -0.003349409, -0.0032002358, -0.0030344727, -0.0029467451, -0.0027712663, -0.0026324554, -0.002637988, -0.0027526717, -0.0031995794, 0, 0, 0, 0, 0, 0, 0, 0, 0, 0, 0, 0, 0, 0, 0, 0, 0, 0, 0, 0, 0, 0, 0, 0, 0, 0, 0, 0, 0, 0, 0, 0, 0, 0, 0, 0, 0, 0, 0, 0, 0, 0, 0, 0, 0, 0, 0, 0, 0, 0, 0, 0, 0, 0, 0, 0, 0, 0, 0, 0, 0, 0, 0, 0, 0, 0, 0, 0, 0, 0, 0, 0
0, 0, -0.0025481957, -0.0023451962, -0.0023106502, -0.0023646282, -0.0024896662, -0.002558868, -0.0026970655, -0.0028316076, -0.0029629148, -0.003027615, -0.003155719, -0.0032822555, -0.003344999, -0.003469437, -0.003592473, -0.0037139633, -0.0037740062, -0.0038921877, -0.004006833, -0.004062451, -0.0041697477, -0.004271354, -0.0043198112, -0.004411903, -0.0044969604, -0.0045737, -0.0046086786, -0.004671831, -0.0047265748, -0.0047510955, -0.0047951727, -0.0048331115, -0.004865562, -0.004879989, -0.0049060774, -0.0049290364, -0.0049395743, -0.0049584694, -0.004973437, -0.0049789096, -0.004984748, -0.0049824812, -0.0049716537, -0.004963051, -0.0049399235, -0.004909628, -0.004891887, -0.004850776, -0.004801583, -0.0047433055, -0.0047106515, -0.0046384423, -0.004557692, -0.0045144586, -0.004423588, -0.004328952, -0.0042809807, -0.0041847676, -0.004089082, -0.0039939904, -0.0039465376, -0.003850867, -0.0037527492, -0.0037021674, -0.0035962758, -0.0034817308, -0.0033553725, -0.0032867973, -0.0031373918, -0.002970814, -0.0028816203, -0.002696896, -0.00252738, -0.0024461688, -0.0024789493, -0.0027097606, 0, 0, 0, 0, 0, 0, 0, 0, 0, 0, 0, 0, 0, 0, 0, 0, 0, 0, 0, 0, 0, 0, 0, 0, 0, 0, 0, 0, 0, 0, 0, 0, 0, 0, 0, 0, 0, 0, 0, 0, 0, 0, 0, 0, 0, 0, 0, 0, 0, 0, 0, 0, 0, 0, 0, 0, 0, 0, 0, 0, 0, 0, 0, 0, 0, 0, 0, 0, 0, 0, 0, 0
0, 0, -0.0025436343, -0.002190345, -0.0020999727, -0.0020916562, -0.0021947036, -0.002260807, -0.0024011598, -0.0025438704, -0.0026864854, -0.0027575109, -0.0028990954, -0.0030395284, -0.003109319, -0.0032472268, -0.003382899, -0.003515945, -0.0035813523, -0.003709871, -0.003834693, -0.0038954837, -0.004013604, -0.004126687, -0.0041811764, -0.004285797, -0.004383473, -0.004472878, -0.0045142383, -0.0045902138, -0.0046580955, -0.0046892054, -0.0047461814, -0.004796826, -0.0048417207, -0.0048622973, -0.0049003125, -0.0049346704, -0.0049504554, -0.0049788286, -0.0050013503, -0.0050098593, -0.0050202096, -0.005021421, -0.005013249, -0.0050057634, -0.004984443, -0.004955176, -0.0049376073, -0.0048959227, -0.0048448346, -0.004783348, -0.0047485777, -0.0046712, -0.0045845807, -0.004538403, -0.004441857, -0.0043416885, -0.0042909323, -0.0041889693, -0.0040868022, -0.003984125, -0.003932241, -0.0038269593, -0.003718293, -0.0036622249, -0.0035456582, -0.003421399, -0.0032864676, -0.0032139602, -0.0030565797, -0.0028800415, -0.002784065, -0.0025788185, -0.0023731769, -0.00222909, -0.0022185075, -0.0023652695, 0, 0, 0, 0, 0, 0, 0, 0, 0, 0, 0, 0, 0, 0, 0, 0, 0, 0, 0, 0, 0, 0, 0, 0, 0, 0, 0, 0, 0, 0, 0, 0, 0, 0, 0, 0, 0, 0, 0, 0, 0, 0, 0, 0, 0, 0, 0, 0, 0, 0, 0, 0, 0, 0, 0, 0, 0, 0, 0, 0, 0, 0, 0, 0, 0, 0, 0, 0, 0, 0, 0, 0
0, 0, -0.0029525983, -0.0021312083, -0.0019665074, -0.0019148577, -0.002021413, -0.0020946737, -0.0022521457, -0.0024118954, -0.0025700263, -0.002648261, -0.0028030057, -0.0029554116, -0.0030306007, -0.003178279, -0.0033220642, -0.0034615132, -0.003529628, -0.003662879, -0.0037922033, -0.0038553618, -0.0039787875, -0.0040980875, -0.0041560424, -0.00426844, -0.004374746, -0.0044733887, -0.0045195688, -0.0046055065, -0.0046831807, -0.004719059, -0.004785158, -0.0048444956, -0.0048978254, -0.0049225176, -0.004968497, -0.005009972, -0.0050288243, -0.0050620665, -0.005087759, -0.00509735, -0.0051090675, -0.005110936, -0.005103259, -0.005096021, -0.005075019, -0.005045369, -0.0050272006, -0.0049833776, -0.0049284273, -0.004861362, -0.004823232, -0.004738286, -0.0046432843, -0.004592821, -0.0044878754, -0.0043798946, -0.00432544, -0.004216381, -0.004106941, -0.00399598, -0.00393947, -0.0038232433, -0.0037018533, -0.0036390831, -0.0035086994, -0.0033710261, -0.0032240755, -0.003146149, -0.0029789794, -0.0027930932, -0.0026922275, -0.0024755169, -0.0022533212, -0.0020802696, -0.0020476717, -0.0021451085, 0, 0, 0, 0, 0, 0, 0, 0, 0, 0, 0, 0, 0, 0, 0, 0, 0, 0, 0, 0, 0, 0, 0, 0, 0, 0, 0, 0, 0, 0, 0, 0, 0, 0, 0, 0, 0, 0, 0, 0, 0, 0, 0, 0, 0, 0, 0, 0, 0, 0, 0, 0, 0, 0, 0, 0, 0, 0, 0, 0, 0, 0, 0, 0, 0, 0, 0, 0, 0, 0, 0, 0
0, 0, 0, -0.0018196965, -0.0017761519, -0.0018259706, -0.001980779, -0.0020716267, -0.0022569308, -0.0024369285, -0.0026093875, -0.0026930054, -0.0028561964, -0.0030143594, -0.0030917602, -0.0032429204, -0.003389034, -0.0035299668, -0.003598554, -0.0037322408, -0.0038618797, -0.0039251787, -0.0040488695, -0.0041687065, -0.0042272266, -0.004341105, -0.004449995, -0.0045522675, -0.004600623, -0.0046913773, -0.004773763, -0.0048118224, -0.0048820525, -0.0049451375, -0.005002283, -0.0050287726, -0.005078201, -0.005122436, -0.005142293, -0.005176912, -0.00520293, -0.005212199, -0.0052230107, -0.0052235555, -0.0052142576, -0.0052061034, -0.005183065, -0.005150831, -0.0051310877, -0.0050834226, -0.0050236154, -0.004950574, -0.0049090204, -0.0048167356, -0.0047139064, -0.004659542, -0.0045468425, -0.004431675, -0.0043738787, -0.0042585125, -0.0041427794, -0.0040242947, -0.0039634206, -0.0038368003, -0.0037032699, -0.003633882, -0.0034898366, -0.0033391532, -0.0031814426, -0.003099322, -0.0029266553, -0.002739948, -0.002640667, -0.0024315668, -0.0022228993, -0.0020678693, -0.0020434426, -0.0021376282, 0, 0, 0, 0, 0, 0, 0, 0, 0, 0, 0, 0, 0, 0, 0, 0, 0, 0, 0, 0, 0, 0, 0, 0, 0, 0, 0, 0, 0, 0, 0, 0, 0, 0, 0, 0, 0, 0, 0, 0, 0, 0, 0, 0, 0, 0, 0, 0, 0, 0, 0, 0, 0, 0, 0, 0, 0, 0, 0, 0, 0, 0, 0, 0, 0, 0, 0, 0, 0, 0, 0, 0
0, 0, 0, -0.001860872, -0.0018273877, -0.001909626, -0.0020970926, -0.002201871, -0.0024084072, -0.002601204, -0.0027796545, -0.0028644137, -0.0030270354, -0.0031822904, -0.0032578162, -0.0034050616, -0.0035474019, -0.0036848967, -0.003751888, -0.003882514, -0.0040087593, -0.004070204, -0.0041896715, -0.0043049604, -0.0043611005, -0.004470681, -0.0045760027, -0.00467621, -0.004724053, -0.0048142383, -0.0048964047, -0.0049343673, -0.0050040134, -0.0050664404, -0.005122817, -0.0051489435, -0.005197437, -0.0052404483, -0.0052596284, -0.0052922172, -0.0053155134, -0.0053232447, -0.0053305025, -0.005326859, -0.0053130104, -0.005302418, -0.0052741864, -0.005236461, -0.005213884, -0.0051607895, -0.005095837, -0.00501808, -0.0049744486, -0.004878298, -0.004772112, -0.0047161584, -0.00460047, -0.0044823037, -0.0044229175, -0.004303859, -0.004183547, -0.004059115, -0.003994514, -0.00385938, -0.003715949, -0.0036412778, -0.0034871036, -0.003327617, -0.003164041, -0.0030806765, -0.0029095262, -0.0027310646, -0.0026388, -0.002450982, -0.002276375, -0.0021846693, -0.0022245592, -0.002703457, 0, 0, 0, 0, 0, 0, 0, 0, 0, 0, 0, 0, 0, 0, 0, 0, 0, 0, 0, 0, 0, 0, 0, 0, 0, 0, 0, 0, 0, 0, 0, 0, 0, 0, 0, 0, 0, 0, 0, 0, 0, 0, 0, 0, 0, 0, 0, 0, 0, 0, 0, 0, 0, 0, 0, 0, 0, 0, 0, 0, 0, 0, 0, 0, 0, 0, 0, 0, 0, 0, 0, 0
0, 0, 0, -0.0021528234, -0.00209965, -0.0021642698, -0.0023521536, -0.0024589577, -0.0026677689, -0.002858677, -0.0030311123, -0.0031115052, -0.0032638907, -0.0034081351, -0.0034782146, -0.0036149514, -0.0037479892, -0.003877484, -0.0039407373, -0.0040642596, -0.0041832738, -0.004240867, -0.0043524625, -0.0044595427, -0.0045116325, -0.004613478, -0.004712037, -0.0048066555, -0.004852132, -0.0049383393, -0.005016997, -0.0050531286, -0.005119247, -0.005177851, -0.005229941, -0.0052538016, -0.0052972, -0.005334784, -0.005351139, -0.0053775995, -0.005394344, -0.0053985454, -0.005398565, -0.005387421, -0.005365953, -0.0053515523, -0.005315807, -0.0052707004, -0.0052446574, -0.0051855235, -0.00511626, -0.0050366847, -0.0049929516, -0.004898432, -0.004795513, -0.0047415, -0.004629709, -0.00451421, -0.0044555333, -0.0043364605, -0.00421369, -0.004084983, -0.0040176986, -0.0038766211, -0.0037272666, -0.0036499617, -0.00349139, -0.0033297325, -0.0031668923, -0.0030852964, -0.0029214707, -0.002755701, -0.0026717142, -0.0025030721, -0.0023462384, -0.0022500877, -0.002260054, -0.0024895733, 0, 0, 0, 0, 0, 0, 0, 0, 0, 0, 0, 0, 0, 0, 0, 0, 0, 0, 0, 0, 0, 0, 0, 0, 0, 0, 0, 0, 0, 0, 0, 0, 0, 0, 0, 0, 0, 0, 0, 0, 0, 0, 0, 0, 0, 0, 0, 0, 0, 0, 0, 0, 0, 0, 0, 0, 0, 0, 0, 0, 0, 0, 0, 0, 0, 0, 0, 0, 0, 0, 0, 0
0, 0, 0, -0.002612139, -0.0025148417, -0.002513869, -0.0026674375, -0.0027634434, -0.0029556756, -0.003132028, -0.003289117, -0.0033617388, -0.0034984252, -0.0036274495, -0.0036901096, -0.0038130519, -0.003933349, -0.004051095, -0.0041087833, -0.0042214547, -0.004329954, -0.0043824725, -0.004484239, -0.004582374, -0.004630362, -0.0047246586, -0.004816702, -0.004905522, -0.0049483483, -0.0050296187, -0.005103423, -0.0051371083, -0.0051981662, -0.0052511566, -0.0052964822, -0.00531648, -0.0053512002, -0.0053792465, -0.0053905556, -0.005406537, -0.005412518, -0.0054113287, -0.0054007373, -0.0053798677, -0.005349387, -0.0053307805, -0.005286987, -0.0052348417, -0.005205735, -0.005141847, -0.0050707664, -0.004992576, -0.0049509187, -0.0048627257, -0.004768316, -0.0047189887, -0.0046161353, -0.004508249, -0.004452371, -0.0043364875, -0.0042139166, -0.004083283, -0.0040148036, -0.0038716404, -0.0037217773, -0.0036449637, -0.0034889076, -0.0033318305, -0.0031758698, -0.003098565, -0.0029454695, -0.0027925454, -0.0027155094, -0.0025598102, -0.0024074896, -0.0022883348, -0.0022643686, -0.0023514973, 0, 0, 0, 0, 0, 0, 0, 0, 0, 0, 0, 0, 0, 0, 0, 0, 0, 0, 0, 0, 0, 0, 0, 0, 0, 0, 0, 0, 0, 0, 0, 0, 0, 0, 0, 0, 0, 0, 0, 0, 0, 0, 0, 0, 0, 0, 0, 0, 0, 0, 0, 0, 0, 0, 0, 0, 0, 0, 0, 0, 0, 0, 0, 0, 0, 0, 0, 0, 0, 0, 0, 0
0, 0, 0, -0.0031997515, -0.0029845815, -0.0028330423, -0.0029212416, -0.0029995802, -0.0031688472, -0.0033286093, -0.0034712981, -0.0035370355, -0.0036601254, -0.003775887, -0.0038320303, -0.0039419434, -0.0040492327, -0.004154078, -0.004205459, -0.0043060444, -0.0044032075, -0.0044506323, -0.0045435587, -0.0046347887, -0.004680041, -0.004769869, -0.0048579834, -0.0049430244, -0.004983735, -0.005060348, -0.005129166, -0.0051602866, -0.0052156937, -0.005261947, -0.0052990057, -0.005314093, -0.0053378297, -0.005353601, -0.0053584385, -0.00536135, -0.0053543486, -0.0053470703, -0.005325253, -0.005294532, -0.0052558836, -0.0052336357, -0.005183645, -0.0051265233, -0.0050956127, -0.0050299647, -0.004959904, -0.004885941, -0.0048475685, -0.004767582, -0.0046832664, -0.0046391883, -0.0045467583, -0.0044478765, -0.004395686, -0.004285102, -0.0041654794, -0.004036748, -0.0039693494, -0.00382948, -0.0036848949, -0.0036116058, -0.00346448, -0.0033181289, -0.0031737427, -0.003102448, -0.0029611108, -0.0028199735, -0.002748481, -0.0026026731, -0.0024575135, -0.0023457282, -0.002334036, -0.0025538215, -0.0034017512, 0, 0, 0, 0, 0, 0, 0, 0, 0, 0, 0, 0, 0, 0, 0, 0, 0, 0, 0, 0, 0, 0, 0, 0, 0, 0, 0, 0, 0, 0, 0, 0, 0, 0, 0, 0, 0, 0, 0, 0, 0, 0, 0, 0, 0, 0, 0, 0, 0, 0, 0, 0, 0, 0, 0, 0, 0, 0, 0, 0, 0, 0, 0, 0, 0, 0, 0, 0, 0, 0, 0
0, 0, 0, -0.0037272398, -0.00329062, -0.0029628219, -0.002998539, -0.0030658462, -0.0032240897, -0.0033780702, -0.0035166992, -0.003580438, -0.0036991343, -0.0038093487, -0.0038620331, -0.003963886, -0.0040615727, -0.004156159, -0.004202371, -0.004293, -0.0043815747, -0.0044253413, -0.004512845, -0.0046008844, -0.0046452084, -0.004733548, -0.0048202216, -0.00490259, -0.004941564, -0.0050136694, -0.005077087, -0.005105272, -0.0051542292, -0.005192976, -0.0052209874, -0.0052311434, -0.0052437014, -0.00524748, -0.005246107, -0.005236784, -0.0052183596, -0.0052058888, -0.005175015, -0.0051370054, -0.005092817, -0.0050683594, -0.00501527, -0.004956586, -0.004925566, -0.0048609665, -0.0047938903, -0.0047248825, -0.004689571, -0.0046169185, -0.0045404923, -0.004500639, -0.0044163642, -0.0043247794, -0.004275903, -0.0041711773, -0.0040571135, -0.003934667, -0.0038709363, -0.0037402129, -0.0036071176, -0.00354037, -0.0034074753, -0.0032759188, -0.0031458752, -0.0030810917, -0.0029515156, -0.0028200897, -0.0027526899, -0.0026131212, -0.0024699732, -0.002347795, -0.002317173, -0.002408678, -0.0027508172, 0, 0, 0, 0, 0, 0, 0, 0, 0, 0, 0, 0, 0, 0, 0, 0, 0, 0, 0, 0, 0, 0, 0, 0, 0, 0, 0, 0, 0, 0, 0, 0, 0, 0, 0, 0, 0, 0, 0, 0, 0, 0, 0, 0, 0, 0, 0, 0, 0, 0, 0, 0, 0, 0, 0, 0, 0, 0, 0, 0, 0, 0, 0, 0, 0, 0, 0, 0, 0, 0, 0
0, 0, 0, -0.0032840932, -0.0030952145, -0.002848039, -0.002876479, -0.0029422364, -0.0031034595, -0.0032645704, -0.003411135, -0.0034785322, -0.0036032808, -0.003716843, -0.0037701852, -0.003870788, -0.003964768, -0.004054071, -0.0040975544, -0.004182935, -0.004267393, -0.0043097846, -0.0043957806, -0.004483777, -0.0045282845, -0.004616664, -0.0047018975, -0.0047811735, -0.004817927, -0.0048844884, -0.004941225, -0.0049658786, -0.005007356, -0.005038258, -0.005058096, -0.005063926, -0.005068005, -0.005063118, -0.005057478, -0.0050402544, -0.00501503, -0.004999643, -0.004964038, -0.0049227215, -0.004876709, -0.004851992, -0.0047994303, -0.0047427453, -0.004712938, -0.0046511986, -0.0045872894, -0.0045218426, -0.004488408, -0.004419622, -0.0043474464, -0.004309635, -0.004229494, -0.004142125, -0.0040954477, -0.0039961496, -0.0038894971, -0.0037773186, -0.0037198057, -0.0036034815, -0.003487036, -0.0034290114, -0.003313998, -0.0031995836, -0.0030844726, -0.0030261641, -0.002907027, -0.0027831185, -0.002718452, -0.0025819603, -0.002437199, -0.0022996322, -0.0022482886, -0.0022409004, -0.0023950723, 0, 0, 0, 0, 0, 0, 0, 0, 0, 0, 0, 0, 0, 0, 0, 0, 0, 0, 0, 0, 0, 0, 0, 0, 0, 0, 0, 0, 0, 0, 0, 0, 0, 0, 0, 0, 0, 0, 0, 0, 0, 0, 0, 0, 0, 0, 0, 0, 0, 0, 0, 0, 0, 0, 0, 0, 0, 0, 0, 0, 0, 0, 0, 0, 0, 0, 0, 0, 0, 0, 0
0, 0, 0, -0.0037400464, -0.0031929924, -0.0026692029, -0.002635488, -0.0026938096, -0.0028572166, -0.0030294608, -0.0031892064, -0.0032629143, -0.0033987272, -0.0035205653, -0.0035767972, -0.0036812194, -0.0037766157, -0.0038655878, -0.003908671, -0.0039931117, -0.0040772404, -0.004119767, -0.0042065848, -0.004295237, -0.004339756, -0.0044271816, -0.0045095403, -0.004584367, -0.004618141, -0.0046779714, -0.004727305, -0.004748149, -0.00478221, -0.004806249, -0.0048203142, -0.004823712, -0.004823662, -0.0048155393, -0.0048086494, -0.0047893645, -0.004763232, -0.004747768, -0.0047126496, -0.004672763, -0.004629136, -0.004606165, -0.004557571, -0.0045051617, -0.0044773975, -0.00441907, -0.0043576634, -0.0042933784, -0.004260321, -0.0041918308, -0.004119803, -0.0040820213, -0.004002139, -0.003916011, -0.0038706504, -0.0037761577, -0.003678248, -0.003578781, -0.003528981, -0.0034299686, -0.0033326647, -0.0032845, -0.0031884143, -0.0030911074, -0.002990146, -0.0029377348, -0.002827543, -0.00270914, -0.0026461415, -0.0025116333, -0.0023676993, -0.0022318386, -0.0021844022, -0.002221739, -0.0026804954, -0.0031307135, 0, 0, 0, 0, 0, 0, 0, 0, 0, 0, 0, 0, 0, 0, 0, 0, 0, 0, 0, 0, 0, 0, 0, 0, 0, 0, 0, 0, 0, 0, 0, 0, 0, 0, 0, 0, 0, 0, 0, 0, 0, 0, 0, 0, 0, 0, 0, 0, 0, 0, 0, 0, 0, 0, 0, 0, 0, 0, 0, 0, 0, 0, 0, 0, 0, 0, 0, 0, 0, 0
0, 0, 0, 0, -0.0026720432, -0.0023890603, -0.0023445897, -0.0023968748, -0.0025606656, -0.0027414202, -0.0029107477, -0.0029889015, -0.0031324057, -0.0032604565, -0.0033194069, -0.0034282773, -0.0035271067, -0.0036184988, -0.0036623587, -0.0037481764, -0.0038335063, -0.003876472, -0.0039635347, -0.004051212, -0.0040946733, -0.004178794, -0.004256704, -0.004325765, -0.00435647, -0.004409938, -0.0044530686, -0.0044709193, -0.004499823, -0.0045200824, -0.004532434, -0.004535684, -0.004536676, -0.004530628, -0.0045251595, -0.0045095272, -0.0044877804, -0.0044747284, -0.0044450387, -0.0044109784, -0.004373652, -0.004353777, -0.0043113683, -0.004264262, -0.0042387825, -0.0041836877, -0.0041236104, -0.0040591178, -0.004025361, -0.0039548315, -0.0038803269, -0.0038413482, -0.0037597893, -0.0036736876, -0.00362939, -0.003539861, -0.0034511846, -0.0033648973, -0.0033228262, -0.003240949, -0.0031615428, -0.0031222284, -0.0030429575, -0.0029605026, -0.0028717495, -0.0028240648, -0.0027213295, -0.002606736, -0.0025446562, -0.002410052, -0.0022638917, -0.0021214718, -0.002066185, -0.0020534026, -0.0022905215, -0.0024718519, 0, 0, 0, 0, 0, 0, 0, 0, 0, 0, 0, 0, 0, 0, 0, 0, 0, 0, 0, 0, 0, 0, 0, 0, 0, 0, 0, 0, 0, 0, 0, 0, 0, 0, 0, 0, 0, 0, 0, 0, 0, 0, 0, 0, 0, 0, 0, 0, 0, 0, 0, 0, 0, 0, 0, 0, 0, 0, 0, 0, 0, 0, 0, 0, 0, 0, 0, 0, 0, 0
0, 0, 0, 0, -0.0029651788, -0.0022196432, -0.0020814813, -0.0021229985, -0.002282556, -0.0024637405, -0.0026322356, -0.0027094728, -0.0028512296, -0.0029784779, -0.0030375745, -0.003148123, -0.0032495118, -0.0033438313, -0.0033891723, -0.003477157, -0.0035636392, -0.0036066696, -0.0036922002, -0.0037762818, -0.0038172903, -0.0038959107, -0.0039680665, -0.0040319767, -0.0040604314, -0.004110165, -0.0041503753, -0.0041672466, -0.0041950545, -0.0042160964, -0.004231032, -0.0042362562, -0.004242107, -0.0042420346, -0.004239664, -0.0042309593, -0.004217024, -0.0042082, -0.0041869613, -0.0041616196, -0.004132358, -0.0041161985, -0.0040801675, -0.004038129, -0.004014644, -0.003962457, -0.0039036286, -0.0038387373, -0.0038042476, -0.0037315404, -0.0036544213, -0.0036143, -0.0035314597, -0.0034463769, -0.0034037784, -0.003320021, -0.0032404517, -0.0031657962, -0.0031301249, -0.0030616897, -0.002995524, -0.0029626265, -0.0028952586, -0.0028230948, -0.0027431264, -0.0026991684, -0.002602151, -0.0024911677, -0.0024299624, -0.0022951523, -0.0021446634, -0.0019875264, -0.0019154962, -0.0018278465, -0.001899246, -0.001990514, 0, 0, 0, 0, 0, 0, 0, 0, 0, 0, 0, 0, 0, 0, 0, 0, 0, 0, 0, 0, 0, 0, 0, 0, 0, 0, 0, 0, 0, 0, 0, 0, 0, 0, 0, 0, 0, 0, 0, 0, 0, 0, 0, 0, 0, 0, 0, 0, 0, 0, 0, 0, 0, 0, 0, 0, 0, 0, 0, 0, 0, 0, 0, 0, 0, 0, 0, 0, 0, 0
0, 0, 0, 0, 0, -0.0018821991, -0.0018671714, -0.0019187655, -0.0020735543, -0.0022400708, -0.0023926238, -0.0024624115, -0.0025916528, -0.0027103918, -0.0027670744, -0.0028757188, -0.0029785591, -0.003076151, -0.003122964, -0.0032139746, -0.003301751, -0.0033445873, -0.003427254, -0.003506191, -0.003543973, -0.0036158927, -0.0036826963, -0.0037434176, -0.0037711586, -0.003821035, -0.0038628168, -0.0038808808, -0.003911994, -0.0039372556, -0.003957523, -0.0039656586, -0.0039779395, -0.003984642, -0.0039860406, -0.0039852015, -0.003979699, -0.0039753127, -0.003963202, -0.003946584, -0.0039246166, -0.0039114803, -0.003880242, -0.0038417699, -0.0038198992, -0.003770489, -0.0037137752, -0.0036498848, -0.0036154722, -0.003542701, -0.0034652185, -0.0034252058, -0.0033435267, -0.0032616886, -0.003221488, -0.003144478, -0.0030728842, -0.0030066, -0.0029752124, -0.002914628, -0.0028554327, -0.0028255673, -0.0027635423, -0.0026960918, -0.0026206644, -0.002579039, -0.0024867798, -0.0023809895, -0.002322537, -0.0021931115, -0.0020472903, -0.0018908399, -0.0018153754, -0.0017052302, -0.0017242811, -0.0017822358, 0, 0, 0, 0, 0, 0, 0, 0, 0, 0, 0, 0, 0, 0, 0, 0, 0, 0, 0, 0, 0, 0, 0, 0, 0, 0, 0, 0, 0, 0, 0, 0, 0, 0, 0, 0, 0, 0, 0, 0, 0, 0, 0, 0, 0, 0, 0, 0, 0, 0, 0, 0, 0, 0, 0, 0, 0, 0, 0, 0, 0, 0, 0, 0, 0, 0, 0, 0, 0, 0
0, 0, 0, 0, 0, -0.0019211023, -0.0018370952, -0.0018579595, -0.0019619637, -0.0020895528, -0.0022124907, -0.0022704697, -0.0023814098, -0.0024888685, -0.002542108, -0.002648088, -0.0027521665, -0.0028531384, -0.0029020247, -0.0029962992, -0.0030854626, -0.0031278306, -0.0032080319, -0.0032818066, -0.003316488, -0.0033828157, -0.003445795, -0.003505482, -0.0035338823, -0.0035866867, -0.003633264, -0.0036540162, -0.0036908197, -0.0037217946, -0.0037474702, -0.0037583539, -0.0037759661, -0.0037881187, -0.0037925718, -0.0037981109, -0.00379967, -0.003798757, -0.0037935106, -0.0037827746, -0.0037650971, -0.003753533, -0.0037245308, -0.00368814, -0.003667298, -0.0036205072, -0.003566956, -0.00350632, -0.0034735817, -0.0034038983, -0.0033296363, -0.0032914036, -0.0032140878, -0.0031375056, -0.003100403, -0.0030294661, -0.002963672, -0.0029019867, -0.0028721138, -0.00281351, -0.0027548554, -0.0027247972, -0.0026620668, -0.0025940705, -0.0025190385, -0.0024785115, -0.0023904662, -0.0022924289, -0.0022393356, -0.0021242383, -0.001997804, -0.0018665551, -0.0018065235, -0.0017399106, -0.001882365, -0.0021206122, 0, 0, 0, 0, 0, 0, 0, 0, 0, 0, 0, 0, 0, 0, 0, 0, 0, 0, 0, 0, 0, 0, 0, 0, 0, 0, 0, 0, 0, 0, 0, 0, 0, 0, 0, 0, 0, 0, 0, 0, 0, 0, 0, 0, 0, 0, 0, 0, 0, 0, 0, 0, 0, 0, 0, 0, 0, 0, 0, 0, 0, 0, 0, 0, 0, 0, 0, 0, 0, 0
0, 0, 0, 0, 0, -0.0022131924, -0.0019433193, -0.0019004887, -0.0019225674, -0.0020034485, -0.0020981394, -0.0021463654, -0.0022440138, -0.0023445524, -0.0023960054, -0.0025010577, -0.0026068466, -0.0027108018, -0.0027611873, -0.0028579182, -0.002947766, -0.0029896656, -0.0030674273, -0.0031374267, -0.0031701545, -0.003232781, -0.0032936083, -0.003353576, -0.0033829433, -0.0034390553, -0.0034903917, -0.0035137932, -0.0035559826, -0.003591636, -0.0036211445, -0.0036335783, -0.0036540946, -0.0036697676, -0.0036759106, -0.0036853445, -0.0036908307, -0.003691671, -0.0036892593, -0.0036801433, -0.0036629234, -0.003651229, -0.0036222162, -0.0035864294, -0.0035663247, -0.003522131, -0.003472614, -0.0034171923, -0.0033873038, -0.0033234903, -0.0032555358, -0.0032204771, -0.003149511, -0.0030792824, -0.0030450318, -0.0029786886, -0.0029154047, -0.0028542213, -0.0028238436, -0.00276241, -0.002699128, -0.0026664496, -0.0025983888, -0.0025259655, -0.0024486647, -0.0024081788, -0.0023236307, -0.002234331, -0.0021879068, -0.0020914224, -0.0019910955, -0.0018925836, -0.0018502322, -0.0018113108, -0.0019178427, -0.0020508755, 0, 0, 0, 0, 0, 0, 0, 0, 0, 0, 0, 0, 0, 0, 0, 0, 0, 0, 0, 0, 0, 0, 0, 0, 0, 0, 0, 0, 0, 0, 0, 0, 0, 0, 0, 0, 0, 0, 0, 0, 0, 0, 0, 0, 0, 0, 0, 0, 0, 0, 0, 0, 0, 0, 0, 0, 0, 0, 0, 0, 0, 0, 0, 0, 0, 0, 0, 0, 0, 0
0, 0, 0, 0, 0, -0.0025474073, -0.0020288343, -0.0019325387, -0.0019007766, -0.0019615968, -0.0020504277, -0.0020983673, -0.0021975043, -0.0023002557, -0.0023528016, -0.0024594835, -0.0025664128, -0.002670884, -0.0027212542, -0.002817431, -0.0029055339, -0.0029463538, -0.003021479, -0.0030886724, -0.0031201476, -0.0031809441, -0.0032409227, -0.0033009984, -0.003330794, -0.003388472, -0.003442218, -0.003467054, -0.0035118356, -0.0035499826, -0.003580994, -0.0035939615, -0.0036155458, -0.0036320805, -0.0036387849, -0.0036490548, -0.0036547221, -0.003655518, -0.0036518357, -0.0036403425, -0.003620598, -0.003607882, -0.0035774903, -0.0035418195, -0.0035223626, -0.0034808456, -0.0034353018, -0.0033853059, -0.0033586991, -0.003301947, -0.0032413388, -0.0032098822, -0.0031452968, -0.0030803278, -0.0030480581, -0.002984197, -0.0029205843, -0.0028564772, -0.0028238043, -0.002756444, -0.0026857317, -0.0026490898, -0.0025736124, -0.002495003, -0.0024139152, -0.0023727564, -0.0022897054, -0.0022068322, -0.0021655853, -0.002083549, -0.0020025258, -0.0019260519, -0.0018941002, -0.0018707756, -0.001996462, -0.0021813298, -0.0029385304, 0, 0, 0, 0, 0, 0, 0, 0, 0, 0, 0, 0, 0, 0, 0, 0, 0, 0, 0, 0, 0, 0, 0, 0, 0, 0, 0, 0, 0, 0, 0, 0, 0, 0, 0, 0, 0, 0, 0, 0, 0, 0, 0, 0, 0, 0, 0, 0, 0, 0, 0, 0, 0, 0, 0, 0, 0, 0, 0, 0, 0, 0, 0, 0, 0, 0, 0, 0, 0
0, 0, 0, 0, 0, -0.002265796, -0.0019774905, -0.0018947045, -0.0018764443, -0.0019592277, -0.0020720854, -0.0021306707, -0.002246933, -0.002360202, -0.0024157297, -0.0025245426, -0.0026299518, -0.0027308492, -0.0027790663, -0.0028702035, -0.0029533438, -0.002991864, -0.0030630727, -0.0031278173, -0.0031586653, -0.0032186902, -0.0032782634, -0.0033380596, -0.0033675202, -0.0034247253, -0.003477916, -0.0035027144, -0.0035475723, -0.0035858713, -0.0036169137, -0.0036298544, -0.0036510439, -0.0036665, -0.003672418, -0.0036806169, -0.0036831729, -0.0036819857, -0.0036737556, -0.003657464, -0.003634089, -0.0036200534, -0.0035883198, -0.0035531628, -0.0035345017, -0.0034950876, -0.0034526952, -0.0034070818, -0.0033830102, -0.0033318836, -0.0032769768, -0.0032481665, -0.0031883318, -0.0031261775, -0.0030945428, -0.0030303164, -0.0029641725, -0.0028952218, -0.0028594497, -0.0027848424, -0.002706354, -0.002665881, -0.002582881, -0.002498089, -0.0024124046, -0.0023697964, -0.0022856607, -0.0022041202, -0.002164481, -0.0020868913, -0.0020097357, -0.0019329487, -0.0018967098, -0.001847837, -0.0018965672, -0.0019969179, -0.00233784, 0, 0, 0, 0, 0, 0, 0, 0, 0, 0, 0, 0, 0, 0, 0, 0, 0, 0, 0, 0, 0, 0, 0, 0, 0, 0, 0, 0, 0, 0, 0, 0, 0, 0, 0, 0, 0, 0, 0, 0, 0, 0, 0, 0, 0, 0, 0, 0, 0, 0, 0, 0, 0, 0, 0, 0, 0, 0, 0, 0, 0, 0, 0, 0, 0, 0, 0, 0, 0
0, 0, 0, 0, 0, -0.0026253518, -0.0019984148, -0.0018831174, -0.0018833538, -0.0020106442, -0.002163785, -0.0022384552, -0.002377861, -0.0025033334, -0.0025615823, -0.002670409, -0.0027708176, -0.0028639827, -0.0029079437, -0.0029905243, -0.0030661547, -0.0031014718, -0.0031679664, -0.0032306018, -0.0032610283, -0.0033211338, -0.0033808236, -0.0034400034, -0.003468964, -0.003524559, -0.0035759308, -0.0035998593, -0.0036435283, -0.0036809766, -0.0037114285, -0.003723887, -0.0037434783, -0.0037563413, -0.0037604324, -0.0037638983, -0.0037604142, -0.0037559299, -0.0037412806, -0.0037196204, -0.003692602, -0.0036777314, -0.003645672, -0.0036112787, -0.0035932222, -0.0035549982, -0.0035140628, -0.0034702094, -0.0034471706, -0.0033986599, -0.0033461226, -0.0033183475, -0.0032598493, -0.003197751, -0.003165477, -0.0030988357, -0.0030286259, -0.0029542616, -0.0029153011, -0.0028342055, -0.0027492389, -0.0027055612, -0.00261706, -0.0025273785, -0.002437701, -0.0023932608, -0.0023058497, -0.0022212628, -0.0021798182, -0.0020971294, -0.0020107473, -0.0019160917, -0.0018658383, -0.0017691737, -0.0017212449, -0.001743425, -0.0018985004, 0, 0, 0, 0, 0, 0, 0, 0, 0, 0, 0, 0, 0, 0, 0, 0, 0, 0, 0, 0, 0, 0, 0, 0, 0, 0, 0, 0, 0, 0, 0, 0, 0, 0, 0, 0, 0, 0, 0, 0, 0, 0, 0, 0, 0, 0, 0, 0, 0, 0, 0, 0, 0, 0, 0, 0, 0, 0, 0, 0, 0, 0, 0, 0, 0, 0, 0, 0, 0
0, 0, 0, 0, 0, 0, -0.0019031656, -0.0018770035, -0.0019574417, -0.0021305343, -0.0023156027, -0.002401832, -0.0025565024, -0.002688287, -0.0027467979, -0.00285224, -0.0029453305, -0.0030290803, -0.0030681696, -0.0031415042, -0.003209373, -0.003241839, -0.003304655, -0.0033662242, -0.0033966894, -0.0034577013, -0.0035180696, -0.0035771143, -0.0036057371, -0.0036601266, -0.0037100571, -0.0037332294, -0.0037755023, -0.0038118463, -0.0038410604, -0.0038526868, -0.0038696113, -0.0038782046, -0.0038795131, -0.003876547, -0.0038660865, -0.0038581782, -0.003837234, -0.0038109852, -0.0037815243, -0.0037661337, -0.003733766, -0.0036993383, -0.0036811517, -0.0036421188, -0.0036000623, -0.003555038, -0.003531283, -0.0034815788, -0.0034278529, -0.003399426, -0.0033392427, -0.003274693, -0.0032410084, -0.0031705014, -0.0030959237, -0.003016813, -0.0029757896, -0.0028906737, -0.0028022504, -0.002757179, -0.0026659386, -0.0025739872, -0.0024822692, -0.0024367773, -0.0023466246, -0.0022579634, -0.002213692, -0.0021228415, -0.0020241658, -0.001911523, -0.0018493832, -0.0017213402, -0.001625868, -0.0016159147, -0.001697518, 0, 0, 0, 0, 0, 0, 0, 0, 0, 0, 0, 0, 0, 0, 0, 0, 0, 0, 0, 0, 0, 0, 0, 0, 0, 0, 0, 0, 0, 0, 0, 0, 0, 0, 0, 0, 0, 0, 0, 0, 0, 0, 0, 0, 0, 0, 0, 0, 0, 0, 0, 0, 0, 0, 0, 0, 0, 0, 0, 0, 0, 0, 0, 0, 0, 0, 0, 0, 0
0, 0, 0, 0, 0, 0, -0.002176746, -0.0021158024, -0.0021561605, -0.0023160584, -0.002498089, -0.0025836588, -0.0027364315, -0.0028650155, -0.0029214567, -0.0030214954, -0.003108081, -0.0031848275, -0.0032203288, -0.0032873794, -0.0033508842, -0.0033820071, -0.0034436767, -0.0035057392, -0.0035370197, -0.0035992782, -0.0036605913, -0.0037198327, -0.0037483724, -0.003802111, -0.0038509986, -0.0038735606, -0.003914724, -0.0039496976, -0.0039770263, -0.003987396, -0.004000836, -0.0040045385, -0.004003027, -0.003993946, -0.0039776987, -0.003967075, -0.0039419844, -0.0039130533, -0.0038818545, -0.003865691, -0.0038319172, -0.0037952487, -0.0037756732, -0.0037331856, -0.0036871477, -0.003637668, -0.0036118152, -0.0035580113, -0.0035005393, -0.003470262, -0.0034063605, -0.0033380853, -0.0033023278, -0.0032279473, -0.0031497502, -0.0030683444, -0.0030266754, -0.0029412606, -0.0028536092, -0.0028091273, -0.0027194072, -0.0026293178, -0.0025393704, -0.0024946497, -0.0024053932, -0.0023157871, -0.002270377, -0.0021754785, -0.0020710516, -0.0019527676, -0.001888517, -0.0017594284, -0.0016762904, -0.0016915582, -0.0019957318, 0, 0, 0, 0, 0, 0, 0, 0, 0, 0, 0, 0, 0, 0, 0, 0, 0, 0, 0, 0, 0, 0, 0, 0, 0, 0, 0, 0, 0, 0, 0, 0, 0, 0, 0, 0, 0, 0, 0, 0, 0, 0, 0, 0, 0, 0, 0, 0, 0, 0, 0, 0, 0, 0, 0, 0, 0, 0, 0, 0, 0, 0, 0, 0, 0, 0, 0, 0, 0
0, 0, 0, 0, 0, 0, -0.0027080989, -0.0025322745, -0.0024192517, -0.0025079206, -0.002655303, -0.0027300492, -0.0028682612, -0.0029883052, -0.0030420236, -0.0031386768, -0.0032231128, -0.003298416, -0.0033336207, -0.0034003037, -0.0034645034, -0.0034962108, -0.0035598548, -0.0036238576, -0.0036559403, -0.003719211, -0.0037807429, -0.003839484, -0.0038674257, -0.0039199856, -0.0039675343, -0.003989325, -0.004028917, -0.0040620277, -0.0040869643, -0.004096056, -0.004106444, -0.004106331, -0.004102913, -0.0040902863, -0.0040711174, -0.0040595564, -0.0040327697, -0.004002741, -0.003969974, -0.0039527537, -0.003915782, -0.0038746914, -0.0038524542, -0.003804567, -0.0037525208, -0.0036971204, -0.0036683271, -0.0036090645, -0.0035467613, -0.0035142319, -0.0034462898, -0.003374098, -0.0033365374, -0.0032590812, -0.0031794512, -0.0030985037, -0.0030578428, -0.002975899, -0.0028931252, -0.0028514836, -0.0027677258, -0.0026840244, -0.0026007995, -0.002559109, -0.0024758226, -0.0023908683, -0.0023472426, -0.0022556763, -0.002155745, -0.0020449897, -0.0019861702, -0.0018699854, -0.0017912983, -0.0017923871, -0.0019397399, 0, 0, 0, 0, 0, 0, 0, 0, 0, 0, 0, 0, 0, 0, 0, 0, 0, 0, 0, 0, 0, 0, 0, 0, 0, 0, 0, 0, 0, 0, 0, 0, 0, 0, 0, 0, 0, 0, 0, 0, 0, 0, 0, 0, 0, 0, 0, 0, 0, 0, 0, 0, 0, 0, 0, 0, 0, 0, 0, 0, 0, 0, 0, 0, 0, 0, 0, 0, 0
0, 0, 0, 0, 0, 0, -0.0031176163, -0.002933736, -0.0026350066, -0.0025854246, -0.0026678257, -0.0027270706, -0.002852798, -0.0029739316, -0.003031017, -0.003137771, -0.003235491, -0.0033255287, -0.003367999, -0.0034491376, -0.0035260213, -0.0035631806, -0.003634853, -0.0037027367, -0.003735112, -0.0037968073, -0.0038547278, -0.003908537, -0.003933872, -0.003980933, -0.0040230067, -0.004042095, -0.004076557, -0.0041046124, -0.004124935, -0.004132, -0.004139216, -0.004138669, -0.004135825, -0.0041256733, -0.004110249, -0.004100498, -0.004076917, -0.0040478143, -0.0040130434, -0.0039936616, -0.003950917, -0.0039033766, -0.003877787, -0.003823786, -0.0037656722, -0.003704152, -0.0036722696, -0.0036060007, -0.0035364637, -0.003500475, -0.0034262333, -0.00334965, -0.0033108878, -0.003233517, -0.0031576, -0.003084372, -0.0030487424, -0.002979224, -0.0029116832, -0.0028782962, -0.0028122703, -0.0027477427, -0.0026842593, -0.0026526563, -0.0025888684, -0.0025229366, -0.0024886297, -0.0024166198, -0.002339415, -0.0022575427, -0.0022155403, -0.0021363462, -0.00209175, -0.002107009, -0.0023259243, -0.0030185916, -0.0035146633, 0, 0, 0, 0, 0, 0, 0, 0, 0, 0, 0, 0, 0, 0, 0, 0, 0, 0, 0, 0, 0, 0, 0, 0, 0, 0, 0, 0, 0, 0, 0, 0, 0, 0, 0, 0, 0, 0, 0, 0, 0, 0, 0, 0, 0, 0, 0, 0, 0, 0, 0, 0, 0, 0, 0, 0, 0, 0, 0, 0, 0, 0, 0, 0, 0, 0, 0
0, 0, 0, 0, 0, 0, -0.003808118, -0.003277274, -0.002592908, -0.002432652, -0.00250228, -0.0025666605, -0.0027070253, -0.0028420305, -0.0029050729, -0.0030226384, -0.0031305507, -0.0032301608, -0.0032773218, -0.0033667558, -0.0034500838, -0.0034895283, -0.0035639473, -0.0036321718, -0.003663983, -0.0037236733, -0.0037790907, -0.0038305626, -0.0038546438, -0.003899153, -0.003938738, -0.003956447, -0.003988091, -0.0040136534, -0.004031926, -0.004038242, -0.0040454725, -0.0040464434, -0.004044932, -0.0040385313, -0.0040272144, -0.0040197344, -0.0039998638, -0.0039736084, -0.003941267, -0.0039230366, -0.0038831173, -0.0038391743, -0.0038156956, -0.003765986, -0.0037122201, -0.0036542725, -0.0036236376, -0.003558687, -0.0034887753, -0.0034523534, -0.0033771682, -0.003300506, -0.003262318, -0.0031872338, -0.0031149928, -0.0030462157, -0.0030130649, -0.002948706, -0.0028865652, -0.0028561498, -0.002796206, -0.0027377845, -0.002680705, -0.0026523552, -0.002595154, -0.0025357627, -0.002504677, -0.0024385427, -0.0023663428, -0.0022872996, -0.0022454537, -0.0021602616, -0.002089854, -0.0020750486, -0.0021520213, -0.0024695008, -0.0026691523, 0, 0, 0, 0, 0, 0, 0, 0, 0, 0, 0, 0, 0, 0, 0, 0, 0, 0, 0, 0, 0, 0, 0, 0, 0, 0, 0, 0, 0, 0, 0, 0, 0, 0, 0, 0, 0, 0, 0, 0, 0, 0, 0, 0, 0, 0, 0, 0, 0, 0, 0, 0, 0, 0, 0, 0, 0, 0, 0, 0, 0, 0, 0, 0, 0, 0, 0
0, 0, 0, 0, 0, 0, 0, -0.003038338, -0.0023299865, -0.0021867063, -0.0022841934, -0.0023605986, -0.0025193053, -0.002666144, -0.0027335845, -0.0028584849, -0.0029725144, -0.0030778765, -0.0031277605, -0.0032218248, -0.0033086203, -0.003348956, -0.003424039, -0.003491526, -0.0035227165, -0.0035807642, -0.0036344791, -0.0036843114, -0.0037077626, -0.0037507063, -0.0037883525, -0.0038050169, -0.0038343924, -0.0038577365, -0.0038746402, -0.0038808207, -0.0038884734, -0.0038915053, -0.0038914809, -0.0038890939, -0.003882682, -0.0038775925, -0.0038631551, -0.003842713, -0.003816947, -0.0038025412, -0.003770799, -0.0037358783, -0.003717094, -0.0036763886, -0.0036308174, -0.0035795246, -0.0035515178, -0.003490294, -0.003422837, -0.0033872034, -0.0033133703, -0.003238546, -0.0032015175, -0.0031293484, -0.0030606561, -0.002995205, -0.0029635716, -0.0029020435, -0.0028421907, -0.0028127134, -0.0027549453, -0.0026984466, -0.002642686, -0.0026150271, -0.002558828, -0.0025000758, -0.0024688754, -0.0024018548, -0.0023261972, -0.0022399882, -0.0021921129, -0.0020864848, -0.0019733869, -0.0019217667, -0.0018683592, -0.0019608228, -0.0020563721, 0, 0, 0, 0, 0, 0, 0, 0, 0, 0, 0, 0, 0, 0, 0, 0, 0, 0, 0, 0, 0, 0, 0, 0, 0, 0, 0, 0, 0, 0, 0, 0, 0, 0, 0, 0, 0, 0, 0, 0, 0, 0, 0, 0, 0, 0, 0, 0, 0, 0, 0, 0, 0, 0, 0, 0, 0, 0, 0, 0, 0, 0, 0, 0, 0, 0, 0
0, 0, 0, 0, 0, 0, 0, 0, -0.002024398, -0.0019960701, -0.00210689, -0.0021834362, -0.0023403, -0.002484714, -0.002551386, -0.0026749158, -0.0027883279, -0.0028937743, -0.0029435796, -0.0030376543, -0.003123817, -0.00316376, -0.0032377294, -0.0033039872, -0.0033345665, -0.0033916598, -0.003444185, -0.003492729, -0.0035154358, -0.0035571381, -0.0035932418, -0.0036092347, -0.0036369096, -0.0036589042, -0.003675768, -0.003682324, -0.0036918952, -0.0036980764, -0.0037001742, -0.0037025877, -0.003701726, -0.0036998705, -0.0036926027, -0.003680971, -0.0036654696, -0.0036565443, -0.0036366715, -0.0036134229, -0.0036002386, -0.0035700554, -0.003533262, -0.0034889467, -0.003463791, -0.0034076555, -0.0033445684, -0.003310982, -0.003241306, -0.0031702737, -0.0031350548, -0.0030663477, -0.0030004655, -0.0029370657, -0.002906074, -0.0028449886, -0.0027848394, -0.0027550862, -0.0026960755, -0.002637818, -0.002579346, -0.0025499465, -0.002489655, -0.0024257533, -0.0023916494, -0.002318005, -0.0022350715, -0.0021397923, -0.0020865323, -0.001967386, -0.0018339624, -0.00176762, -0.001669516, -0.0016895327, -0.0017440463, 0, 0, 0, 0, 0, 0, 0, 0, 0, 0, 0, 0, 0, 0, 0, 0, 0, 0, 0, 0, 0, 0, 0, 0, 0, 0, 0, 0, 0, 0, 0, 0, 0, 0, 0, 0, 0, 0, 0, 0, 0, 0, 0, 0, 0, 0, 0, 0, 0, 0, 0, 0, 0, 0, 0, 0, 0, 0, 0, 0, 0, 0, 0, 0, 0, 0, 0
0, 0, 0, 0, 0, 0, 0, 0, -0.002186954, -0.001992788, -0.0020155103, -0.0020670178, -0.0021934984, -0.0023214591, -0.0023823602, -0.0024974537, -0.00260467, -0.0027050152, -0.0027526664, -0.0028423017, -0.0029246248, -0.002963175, -0.003034857, -0.0030997358, -0.0031298574, -0.0031859619, -0.0032372428, -0.003284358, -0.003306263, -0.00334643, -0.0033815808, -0.00339726, -0.0034245185, -0.0034469834, -0.0034654494, -0.0034733466, -0.0034870012, -0.003498361, -0.003503492, -0.00351223, -0.0035183122, -0.0035201686, -0.0035214003, -0.003519694, -0.0035150158, -0.0035117115, -0.0035030276, -0.0034902745, -0.0034818356, -0.0034598727, -0.003429786, -0.0033908924, -0.0033682017, -0.0033171729, -0.0032600074, -0.0032295468, -0.0031662527, -0.003101043, -0.0030682248, -0.003003605, -0.002940097, -0.0028776054, -0.002846568, -0.0027844887, -0.0027224692, -0.002691591, -0.0026297595, -0.0025675711, -0.0025041378, -0.0024716204, -0.002404096, -0.0023319758, -0.0022938275, -0.002212505, -0.0021234383, -0.0020247411, -0.0019712704, -0.0018557429, -0.0017335179, -0.0016767057, -0.0016111885, -0.0017342758, -0.0019419993, 0, 0, 0, 0, 0, 0, 0, 0, 0, 0, 0, 0, 0, 0, 0, 0, 0, 0, 0, 0, 0, 0, 0, 0, 0, 0, 0, 0, 0, 0, 0, 0, 0, 0, 0, 0, 0, 0, 0, 0, 0, 0, 0, 0, 0, 0, 0, 0, 0, 0, 0, 0, 0, 0, 0, 0, 0, 0, 0, 0, 0, 0, 0, 0, 0, 0, 0
0, 0, 0, 0, 0, 0, 0, 0, -0.0024977142, -0.002031131, -0.0019498415, -0.0019740015, -0.0020690826, -0.0021809146, -0.0022361786, -0.0023423878, -0.002441947, -0.0025349252, -0.0025788804, -0.0026620426, -0.002739015, -0.002775177, -0.0028440044, -0.0029074033, -0.0029370224, -0.0029921748, -0.0030425708, -0.0030887784, -0.0031104027, -0.0031501409, -0.0031854769, -0.0032014828, -0.00323031, -0.0032553808, -0.0032775349, -0.0032879703, -0.0033075996, -0.0033256933, -0.0033343418, -0.003350251, -0.0033636743, -0.0033693097, -0.0033779552, -0.0033839527, -0.0033872258, -0.003387739, -0.0033859562, -0.0033789459, -0.0033729903, -0.0033553021, -0.0033292223, -0.0032943492, -0.003273833, -0.003228452, -0.0031779283, -0.00315122, -0.0030953714, -0.0030367621, -0.0030068278, -0.0029458585, -0.0028840485, -0.002821665, -0.0027900424, -0.0027265707, -0.0026622359, -0.0026299274, -0.0025644714, -0.0024978286, -0.0024287123, -0.0023930338, -0.0023181625, -0.002238735, -0.0021971776, -0.002110767, -0.0020201418, -0.001924843, -0.0018754739, -0.0017738487, -0.0016737771, -0.001630213, -0.0015849866, -0.0016703197, -0.0017825777, 0, 0, 0, 0, 0, 0, 0, 0, 0, 0, 0, 0, 0, 0, 0, 0, 0, 0, 0, 0, 0, 0, 0, 0, 0, 0, 0, 0, 0, 0, 0, 0, 0, 0, 0, 0, 0, 0, 0, 0, 0, 0, 0, 0, 0, 0, 0, 0, 0, 0, 0, 0, 0, 0, 0, 0, 0, 0, 0, 0, 0, 0, 0, 0, 0, 0, 0
0, 0, 0, 0, 0, 0, 0, 0, -0.0022259932, -0.001954279, -0.0018583677, -0.0018732817, -0.001958531, -0.0020661454, -0.0021196965, -0.0022214998, -0.0023149988, -0.002401381, -0.002442021, -0.0025185547, -0.0025901275, -0.002624374, -0.0026898526, -0.0027515122, -0.002780609, -0.0028355995, -0.0028864238, -0.0029335264, -0.0029555487, -0.002997031, -0.0030348003, -0.0030522996, -0.0030850428, -0.0031150503, -0.003142829, -0.0031563533, -0.0031823989, -0.0032070398, -0.0032187446, -0.0032404312, -0.0032587524, -0.00326656, -0.0032792934, -0.0032882823, -0.003293619, -0.0032948179, -0.0032938814, -0.0032874134, -0.003281709, -0.003265082, -0.0032411462, -0.0032100233, -0.0031920632, -0.0031524298, -0.0031088472, -0.0030856717, -0.0030362878, -0.0029831522, -0.0029549534, -0.0028964751, -0.0028352384, -0.0027718544, -0.0027396088, -0.0026741244, -0.0026075204, -0.002573711, -0.0025050794, -0.002434616, -0.002361247, -0.0023231597, -0.0022436685, -0.0021603382, -0.0021174669, -0.002030612, -0.0019428406, -0.0018541686, -0.0018096847, -0.0017207084, -0.0016359523, -0.0015993663, -0.0015611118, -0.0016466787, -0.001787217, -0.0023637973, 0, 0, 0, 0, 0, 0, 0, 0, 0, 0, 0, 0, 0, 0, 0, 0, 0, 0, 0, 0, 0, 0, 0, 0, 0, 0, 0, 0, 0, 0, 0, 0, 0, 0, 0, 0, 0, 0, 0, 0, 0, 0, 0, 0, 0, 0, 0, 0, 0, 0, 0, 0, 0, 0, 0, 0, 0, 0, 0, 0, 0, 0, 0, 0, 0, 0
0, 0, 0, 0, 0, 0, 0, 0, -0.002569017, -0.0019420688, -0.0017790712, -0.0017890701, -0.0018776922, -0.0019900827, -0.0020448389, -0.0021461558, -0.002237042, -0.0023192575, -0.0023576142, -0.0024298183, -0.0024975121, -0.0025299496, -0.0025929227, -0.0026531387, -0.0026819417, -0.002737422, -0.0027898315, -0.002839291, -0.0028628178, -0.0029076438, -0.0029498115, -0.0029699837, -0.003008431, -0.0030446693, -0.0030786444, -0.0030949903, -0.0031262122, -0.0031548198, -0.003168028, -0.0031915347, -0.0032105385, -0.0032183137, -0.0032301024, -0.003236937, -0.003238957, -0.0032382968, -0.0032333168, -0.003223188, -0.0032162885, -0.0031987396, -0.0031761664, -0.0031485264, -0.0031329752, -0.0030985582, -0.0030601344, -0.0030391642, -0.0029935006, -0.002942416, -0.0029149125, -0.0028563454, -0.0027940336, -0.0027289407, -0.0026959104, -0.0026283648, -0.0025595345, -0.0025246907, -0.0024541547, -0.0023818603, -0.0023067282, -0.002267832, -0.0021878716, -0.0021052994, -0.0020635857, -0.001980145, -0.0018974921, -0.0018153706, -0.0017742201, -0.0016912263, -0.0016081904, -0.0015690373, -0.0015102043, -0.0015277007, -0.0015951155, -0.0018415455, 0, 0, 0, 0, 0, 0, 0, 0, 0, 0, 0, 0, 0, 0, 0, 0, 0, 0, 0, 0, 0, 0, 0, 0, 0, 0, 0, 0, 0, 0, 0, 0, 0, 0, 0, 0, 0, 0, 0, 0, 0, 0, 0, 0, 0, 0, 0, 0, 0, 0, 0, 0, 0, 0, 0, 0, 0, 0, 0, 0, 0, 0, 0, 0, 0, 0
0, 0, 0, 0, 0, 0, 0, 0, 0, -0.0018159145, -0.0017419712, -0.0017599312, -0.0018532991, -0.0019680231, -0.0020235598, -0.002125423, -0.0022161661, -0.002297818, -0.002335827, -0.002407204, -0.0024737236, -0.0025055206, -0.0025669406, -0.0026258088, -0.0026544377, -0.0027100828, -0.00276386, -0.0028157253, -0.0028408188, -0.002889553, -0.0029363548, -0.0029589774, -0.0030030648, -0.0030446267, -0.0030835057, -0.003101654, -0.00313506, -0.0031643019, -0.003177041, -0.003198532, -0.0032144138, -0.0032202087, -0.0032273165, -0.0032286593, -0.0032247372, -0.0032207388, -0.0032092938, -0.0031937615, -0.003184977, -0.0031652788, -0.0031427077, -0.0031168624, -0.0031024157, -0.0030704523, -0.0030333959, -0.0030127799, -0.0029667602, -0.0029142217, -0.0028858173, -0.0028250974, -0.002760746, -0.0026935819, -0.002659352, -0.002590349, -0.0025205705, -0.0024855586, -0.0024149772, -0.0023432828, -0.0022693214, -0.002231589, -0.0021545968, -0.0020767276, -0.0020378511, -0.0019607474, -0.0018842949, -0.0018075984, -0.0017685511, -0.0016869475, -0.0016000152, -0.0015552749, -0.0014720706, -0.0014287963, -0.0014416309, -0.0015415471, 0, 0, 0, 0, 0, 0, 0, 0, 0, 0, 0, 0, 0, 0, 0, 0, 0, 0, 0, 0, 0, 0, 0, 0, 0, 0, 0, 0, 0, 0, 0, 0, 0, 0, 0, 0, 0, 0, 0, 0, 0, 0, 0, 0, 0, 0, 0, 0, 0, 0, 0, 0, 0, 0, 0, 0, 0, 0, 0, 0, 0, 0, 0, 0, 0, 0
0, 0, 0, 0, 0, 0, 0, 0, 0, -0.0020572166, -0.0018566009, -0.0018388574, -0.0018968349, -0.002000363, -0.002054011, -0.0021566718, -0.0022503233, -0.0023357791, -0.0023755135, -0.0024500338, -0.0025183419, -0.002550627, -0.0026116134, -0.0026693505, -0.0026973567, -0.0027520244, -0.0028054588, -0.0028577326, -0.0028833752, -0.0029340102, -0.002983261, -0.0030074986, -0.0030543085, -0.003098481, -0.0031390062, -0.0031575605, -0.0031906178, -0.0032178892, -0.003229288, -0.0032470482, -0.0032582076, -0.0032614733, -0.0032631438, -0.0032587633, -0.0032484853, -0.0032412596, -0.003223625, -0.0032027767, -0.0031917596, -0.0031685804, -0.0031435946, -0.0031158207, -0.0031003107, -0.00306589, -0.0030257218, -0.003003222, -0.002953444, -0.0028973513, -0.002867394, -0.0028040493, -0.002737625, -0.002669105, -0.0026345123, -0.0025651485, -0.002496058, -0.0024618034, -0.0023933353, -0.0023245406, -0.0022545198, -0.002219196, -0.0021480105, -0.0020771057, -0.0020419222, -0.00197225, -0.0019022175, -0.0018308151, -0.0017936477, -0.0017150093, -0.0016295168, -0.0015851986, -0.001502089, -0.001464983, -0.0014947389, -0.0017731069, 0, 0, 0, 0, 0, 0, 0, 0, 0, 0, 0, 0, 0, 0, 0, 0, 0, 0, 0, 0, 0, 0, 0, 0, 0, 0, 0, 0, 0, 0, 0, 0, 0, 0, 0, 0, 0, 0, 0, 0, 0, 0, 0, 0, 0, 0, 0, 0, 0, 0, 0, 0, 0, 0, 0, 0, 0, 0, 0, 0, 0, 0, 0, 0, 0, 0
0, 0, 0, 0, 0, 0, 0, 0, 0, -0.002463819, -0.0020345103, -0.0019649835, -0.0019723398, -0.0020610206, -0.0021139984, -0.002221627, -0.002323683, -0.0024173297, -0.002460855, -0.002541177, -0.002613467, -0.0026466043, -0.0027080125, -0.0027643747, -0.0027914795, -0.0028438554, -0.0028948965, -0.0029451984, -0.002969938, -0.0030195618, -0.0030681796, -0.0030921174, -0.0031383873, -0.0031817465, -0.003220859, -0.0032387164, -0.0032700486, -0.0032951497, -0.003305108, -0.0033197815, -0.0033273667, -0.0033286582, -0.0033260845, -0.0033175072, -0.0033026873, -0.0032932006, -0.0032707837, -0.0032451227, -0.003231664, -0.0032034393, -0.003172941, -0.0031389922, -0.003120309, -0.0030793531, -0.003033019, -0.0030077572, -0.00295328, -0.0028939308, -0.0028628674, -0.0027983296, -0.002731467, -0.002663439, -0.0026292, -0.00256129, -0.0024945536, -0.002461775, -0.0023969957, -0.00233272, -0.0022684094, -0.0022362072, -0.0021720505, -0.0021087774, -0.002077225, -0.0020144985, -0.0019509599, -0.0018850219, -0.0018507878, -0.0017781223, -0.0017008482, -0.0016616826, -0.0015914394, -0.0015689476, -0.0016044104, -0.0018790945, -0.0025127816, 0, 0, 0, 0, 0, 0, 0, 0, 0, 0, 0, 0, 0, 0, 0, 0, 0, 0, 0, 0, 0, 0, 0, 0, 0, 0, 0, 0, 0, 0, 0, 0, 0, 0, 0, 0, 0, 0, 0, 0, 0, 0, 0, 0, 0, 0, 0, 0, 0, 0, 0, 0, 0, 0, 0, 0, 0, 0, 0, 0, 0, 0, 0, 0, 0
0, 0, 0, 0, 0, 0, 0, 0, 0, -0.0024536087, -0.0021619408, -0.0020677862, -0.0020332348, -0.0021142852, -0.0021718638, -0.0022937662, -0.0024102014, -0.0025149053, -0.0025626759, -0.0026493433, -0.0027252568, -0.0027594494, -0.00282144, -0.0028770876, -0.0029031765, -0.0029531966, -0.003001556, -0.003048873, -0.0030724227, -0.003119403, -0.0031656944, -0.0031883877, -0.003231833, -0.0032722643, -0.00330878, -0.0033254179, -0.0033550258, -0.0033786192, -0.0033879548, -0.0034011288, -0.0034068576, -0.0034070073, -0.0034019873, -0.0033906265, -0.0033730874, -0.0033622587, -0.003336684, -0.0033069754, -0.003290896, -0.003256569, -0.0032187102, -0.0031766482, -0.003153948, -0.0031056171, -0.0030534572, -0.0030260636, -0.0029689644, -0.0029091001, -0.0028782613, -0.002815189, -0.0027506328, -0.002684835, -0.0026518728, -0.002586654, -0.0025231629, -0.0024920779, -0.0024316018, -0.0023727017, -0.002314804, -0.0022861024, -0.002229169, -0.0021726275, -0.0021441614, -0.0020869111, -0.0020282764, -0.0019675873, -0.0019359563, -0.0018701251, -0.0018008379, -0.0017656027, -0.0016996171, -0.0016615872, -0.0016694601, -0.001792185, -0.0020388456, 0, 0, 0, 0, 0, 0, 0, 0, 0, 0, 0, 0, 0, 0, 0, 0, 0, 0, 0, 0, 0, 0, 0, 0, 0, 0, 0, 0, 0, 0, 0, 0, 0, 0, 0, 0, 0, 0, 0, 0, 0, 0, 0, 0, 0, 0, 0, 0, 0, 0, 0, 0, 0, 0, 0, 0, 0, 0, 0, 0, 0, 0, 0, 0, 0
0, 0, 0, 0, 0, 0, 0, 0, 0, -0.0031112626, -0.0023713512, -0.0021675588, -0.0020550226, -0.0021400347, -0.0022084091, -0.0023523818, -0.0024848038, -0.0025990459, -0.0026497946, -0.0027404171, -0.0028185286, -0.0028534287, -0.0029166834, -0.0029728087, -0.0029990969, -0.0030488826, -0.003096541, -0.0031431853, -0.0031661524, -0.0032115749, -0.003255854, -0.0032772652, -0.0033179733, -0.0033556256, -0.0033898167, -0.003405517, -0.0034338888, -0.0034570408, -0.0034662036, -0.0034786805, -0.0034832945, -0.0034826356, -0.0034759673, -0.0034626182, -0.003443492, -0.0034317, -0.0034042941, -0.0033715288, -0.0033534067, -0.0033138744, -0.0032695842, -0.0032210199, -0.0031952495, -0.0031421313, -0.0030874822, -0.003059893, -0.0030040627, -0.002947265, -0.002918398, -0.0028592593, -0.002798774, -0.0027365957, -0.0027051559, -0.0026429237, -0.002582539, -0.0025533459, -0.0024973338, -0.0024439748, -0.0023925568, -0.0023672096, -0.0023165308, -0.0022651015, -0.0022388503, -0.0021850024, -0.0021292884, -0.0020713536, -0.002041202, -0.0019786777, -0.0019119001, -0.0018766666, -0.0018046245, -0.0017420553, -0.0017262194, -0.0017876842, -0.002135681, 0, 0, 0, 0, 0, 0, 0, 0, 0, 0, 0, 0, 0, 0, 0, 0, 0, 0, 0, 0, 0, 0, 0, 0, 0, 0, 0, 0, 0, 0, 0, 0, 0, 0, 0, 0, 0, 0, 0, 0, 0, 0, 0, 0, 0, 0, 0, 0, 0, 0, 0, 0, 0, 0, 0, 0, 0, 0, 0, 0, 0, 0, 0, 0, 0
0, 0, 0, 0, 0, 0, 0, 0, 0, 0, -0.0023365736, -0.0021277573, -0.0020362746, -0.0021524604, -0.0022334447, -0.0023937754, -0.002533335, -0.0026496244, -0.0027007472, -0.00279196, -0.0028713362, -0.0029073306, -0.0029734168, -0.0030329481, -0.0030609334, -0.003114085, -0.0031648437, -0.0032138098, -0.0032377709, -0.0032841691, -0.00332824, -0.0033491226, -0.00338836, -0.0034243332, -0.003457399, -0.0034725983, -0.0035004506, -0.003523142, -0.0035319054, -0.0035433918, -0.0035464829, -0.003544965, -0.0035365976, -0.0035217367, -0.003501326, -0.0034892675, -0.003460961, -0.003427459, -0.003408643, -0.0033668843, -0.0033199205, -0.0032687094, -0.0032420817, -0.0031885705, -0.0031357023, -0.0031096744, -0.0030582007, -0.003006835, -0.0029805086, -0.0029266004, -0.0028705401, -0.0028119679, -0.0027823097, -0.0027231623, -0.0026659374, -0.0026386385, -0.0025870847, -0.0025390617, -0.0024933016, -0.002470766, -0.002424812, -0.00237681, -0.0023516745, -0.0022992461, -0.0022439477, -0.0021859375, -0.002155723, -0.0020919002, -0.0020223407, -0.0019843052, -0.0019006013, -0.0018134585, -0.0017770033, -0.0017641085, -0.001913301, 0, 0, 0, 0, 0, 0, 0, 0, 0, 0, 0, 0, 0, 0, 0, 0, 0, 0, 0, 0, 0, 0, 0, 0, 0, 0, 0, 0, 0, 0, 0, 0, 0, 0, 0, 0, 0, 0, 0, 0, 0, 0, 0, 0, 0, 0, 0, 0, 0, 0, 0, 0, 0, 0, 0, 0, 0, 0, 0, 0, 0, 0, 0, 0, 0
0, 0, 0, 0, 0, 0, 0, 0, 0, 0, -0.0021782108, -0.002118279, -0.0020944956, -0.0022028787, -0.0022759077, -0.0024210478, -0.0025488776, -0.0026581718, -0.0027074907, -0.002798118, -0.0028802545, -0.0029185454, -0.0029902905, -0.003056341, -0.0030875916, -0.0031474065, -0.0032040516, -0.0032581568, -0.00328408, -0.0033333313, -0.0033786548, -0.0033996855, -0.0034387943, -0.0034742958, -0.0035067904, -0.003521791, -0.003548655, -0.0035701888, -0.003578304, -0.0035881607, -0.0035895675, -0.0035872564, -0.0035774964, -0.0035617764, -0.0035414984, -0.0035297293, -0.0035029366, -0.0034714164, -0.0034536622, -0.0034138374, -0.0033687204, -0.0033196853, -0.0032943867, -0.0032441367, -0.0031956392, -0.003172224, -0.0031262594, -0.0030802144, -0.0030566303, -0.0030073572, -0.0029551513, -0.0028999823, -0.0028718573, -0.0028159304, -0.0027624536, -0.0027372758, -0.0026901904, -0.0026469734, -0.0026055768, -0.002584856, -0.002541864, -0.0024952784, -0.0024702782, -0.002417469, -0.0023607898, -0.0023004778, -0.002268785, -0.0022013073, -0.0021258455, -0.0020839488, -0.001989355, -0.0018845305, -0.0018352238, -0.0017845472, -0.0019251766, -0.0024664823, 0, 0, 0, 0, 0, 0, 0, 0, 0, 0, 0, 0, 0, 0, 0, 0, 0, 0, 0, 0, 0, 0, 0, 0, 0, 0, 0, 0, 0, 0, 0, 0, 0, 0, 0, 0, 0, 0, 0, 0, 0, 0, 0, 0, 0, 0, 0, 0, 0, 0, 0, 0, 0, 0, 0, 0, 0, 0, 0, 0, 0, 0, 0, 0
0, 0, 0, 0, 0, 0, 0, 0, 0, 0, -0.0027869083, -0.002603862, -0.0023350732, -0.0022949998, -0.0023231758, -0.0024157183, -0.0025200993, -0.002621544, -0.0026705142, -0.0027642006, -0.0028526576, -0.0028947417, -0.0029749197, -0.003049563, -0.003084945, -0.0031528578, -0.0032167707, -0.0032767036, -0.003304787, -0.0033568875, -0.0034035586, -0.00342497, -0.0034641726, -0.0034993677, -0.003530873, -0.0035453443, -0.0035710572, -0.003590988, -0.003598445, -0.0036074955, -0.0036081187, -0.003605634, -0.0035959529, -0.003581683, -0.0035638264, -0.0035536038, -0.0035308728, -0.0035040611, -0.0034888948, -0.0034547055, -0.0034152737, -0.0033719144, -0.0033495408, -0.0033050014, -0.0032619894, -0.003241294, -0.0032004963, -0.0031588543, -0.003137181, -0.0030917008, -0.0030428867, -0.0029912244, -0.0029649052, -0.0029127721, -0.0028635594, -0.0028405557, -0.0027980495, -0.0027588438, -0.0027203395, -0.0027004194, -0.0026578174, -0.0026106022, -0.0025849056, -0.0025302132, -0.0024712323, -0.0024078165, -0.0023743208, -0.002302308, -0.0022212462, -0.0021761286, -0.0020747425, -0.0019609476, -0.0019046739, -0.0018230481, -0.0018632151, -0.002063068, 0, 0, 0, 0, 0, 0, 0, 0, 0, 0, 0, 0, 0, 0, 0, 0, 0, 0, 0, 0, 0, 0, 0, 0, 0, 0, 0, 0, 0, 0, 0, 0, 0, 0, 0, 0, 0, 0, 0, 0, 0, 0, 0, 0, 0, 0, 0, 0, 0, 0, 0, 0, 0, 0, 0, 0, 0, 0, 0, 0, 0, 0, 0, 0
0, 0, 0, 0, 0, 0, 0, 0, 0, 0, -0.003781605, -0.0032860169, -0.0025652568, -0.0023140172, -0.0022913024, -0.0023385785, -0.002434487, -0.0025410175, -0.0025942218, -0.0026979186, -0.0027962732, -0.0028431576, -0.0029324368, -0.003015771, -0.003055339, -0.0031304513, -0.0032007291, -0.0032650488, -0.003294604, -0.003348605, -0.0033956273, -0.0034168265, -0.0034553972, -0.0034899972, -0.003520923, -0.0035350386, -0.0035598953, -0.003579397, -0.0035869316, -0.0035964712, -0.003598793, -0.0035975508, -0.0035914616, -0.003581914, -0.0035693843, -0.0035621205, -0.0035453388, -0.0035250757, -0.0035132908, -0.003486376, -0.003454688, -0.0034194503, -0.0034010035, -0.0033638817, -0.0033274442, -0.0033095707, -0.0032735982, -0.003236048, -0.003216194, -0.003173863, -0.003128425, -0.00308071, -0.00305655, -0.0030090376, -0.002964304, -0.0029435155, -0.0029046831, -0.0028682044, -0.0028307124, -0.0028107534, -0.0027668069, -0.0027175092, -0.0026908899, -0.0026338883, -0.0025720857, -0.002505141, -0.002469464, -0.0023930476, -0.0023072204, -0.0022601483, -0.002156525, -0.0020435192, -0.0019879828, -0.001905619, -0.0019489719, -0.0023186265, -0.00267489, 0, 0, 0, 0, 0, 0, 0, 0, 0, 0, 0, 0, 0, 0, 0, 0, 0, 0, 0, 0, 0, 0, 0, 0, 0, 0, 0, 0, 0, 0, 0, 0, 0, 0, 0, 0, 0, 0, 0, 0, 0, 0, 0, 0, 0, 0, 0, 0, 0, 0, 0, 0, 0, 0, 0, 0, 0, 0, 0, 0, 0, 0, 0
0, 0, 0, 0, 0, 0, 0, 0, 0, 0, 0, -0.0033178492, -0.0025025068, -0.0021622884, -0.0021277685, -0.002183599, -0.0023013835, -0.0024284609, -0.0024900082, -0.0026072129, -0.0027159937, -0.0027674716, -0.0028642167, -0.002953777, -0.0029960237, -0.0030758942, -0.0031493579, -0.0032155814, -0.003245515, -0.003299569, -0.0033459978, -0.003366895, -0.003404966, -0.0034397177, -0.0034710544, -0.0034855658, -0.0035117853, -0.0035331268, -0.0035416046, -0.0035546275, -0.0035616423, -0.003563399, -0.0035640828, -0.003561722, -0.0035568995, -0.0035533144, -0.0035436633, -0.0035307705, -0.0035228392, -0.0035040209, -0.0034812964, -0.003455761, -0.0034423957, -0.0034145436, -0.0033860982, -0.003371391, -0.0033406229, -0.0033070613, -0.003288977, -0.003250131, -0.00320836, -0.0031652292, -0.0031433227, -0.0031006509, -0.0030602287, -0.0030411151, -0.0030046133, -0.002968899, -0.0029306768, -0.0029097823, -0.0028641024, -0.002812857, -0.0027852855, -0.0027260738, -0.0026611811, -0.0025901399, -0.002552064, -0.0024702055, -0.0023798046, -0.0023310687, -0.0022266174, -0.002116721, -0.0020636793, -0.0019855548, -0.0020241395, -0.0023737939, -0.0027360048, 0, 0, 0, 0, 0, 0, 0, 0, 0, 0, 0, 0, 0, 0, 0, 0, 0, 0, 0, 0, 0, 0, 0, 0, 0, 0, 0, 0, 0, 0, 0, 0, 0, 0, 0, 0, 0, 0, 0, 0, 0, 0, 0, 0, 0, 0, 0, 0, 0, 0, 0, 0, 0, 0, 0, 0, 0, 0, 0, 0, 0, 0, 0
0, 0, 0, 0, 0, 0, 0, 0, 0, 0, 0, 0, -0.002234957, -0.0019282311, -0.0019170634, -0.0020144503, -0.0021620032, -0.0023077743, -0.0023759198, -0.0025025555, -0.0026178833, -0.0026718387, -0.002772833, -0.0028649522, -0.0029080352, -0.0029885697, -0.0030615623, -0.0031258978, -0.003154989, -0.0032073979, -0.0032528043, -0.0032738068, -0.003312921, -0.0033494474, -0.003383574, -0.0033997751, -0.0034294259, -0.0034552119, -0.003466364, -0.0034851544, -0.0034994786, -0.0035052707, -0.003514155, -0.003520396, -0.0035239086, -0.0035244569, -0.0035228964, -0.003518047, -0.0035144216, -0.0035049866, -0.003492913, -0.0034789122, -0.00347131, -0.003454382, -0.0034347796, -0.0034236156, -0.0033980433, -0.0033683788, -0.0033519946, -0.0033165342, -0.0032787141, -0.0032399388, -0.0032205482, -0.003182453, -0.003145767, -0.0031278487, -0.0030921882, -0.0030551534, -0.0030147969, -0.0029927497, -0.0029447062, -0.0028913717, -0.0028629235, -0.0028014497, -0.0027335314, -0.002657905, -0.0026169068, -0.002528971, -0.0024326632, -0.0023815886, -0.0022736574, -0.0021600404, -0.0021032826, -0.002002195, -0.0019623858, -0.0020853244, -0.002233037, 0, 0, 0, 0, 0, 0, 0, 0, 0, 0, 0, 0, 0, 0, 0, 0, 0, 0, 0, 0, 0, 0, 0, 0, 0, 0, 0, 0, 0, 0, 0, 0, 0, 0, 0, 0, 0, 0, 0, 0, 0, 0, 0, 0, 0, 0, 0, 0, 0, 0, 0, 0, 0, 0, 0, 0, 0, 0, 0, 0, 0, 0, 0
0, 0, 0, 0, 0, 0, 0, 0, 0, 0, 0, 0, -0.0018959724, -0.0018064444, -0.0018137482, -0.0019134842, -0.002057223, -0.0022015462, -0.0022695465, -0.00239642, -0.0025121332, -0.0025662654, -0.0026670306, -0.002758439, -0.0028004039, -0.0028775432, -0.002945762, -0.003005552, -0.0030327295, -0.0030822502, -0.0031273852, -0.0031488754, -0.0031906355, -0.0032309017, -0.003269704, -0.003288113, -0.0033231468, -0.0033549857, -0.0033694566, -0.0033956987, -0.0034181718, -0.0034281607, -0.0034458768, -0.0034604573, -0.0034721983, -0.0034768865, -0.0034839665, -0.0034882552, -0.0034895325, -0.0034910268, -0.0034912901, -0.0034899837, -0.0034883528, -0.0034824074, -0.003471475, -0.00346356, -0.0034428712, -0.0034166567, -0.0034018273, -0.003369527, -0.0033351528, -0.0033002794, -0.0032830318, -0.003248639, -0.003214556, -0.0031972867, -0.0031612054, -0.0031219837, -0.0030780698, -0.0030543518, -0.0030030934, -0.002947123, -0.002917291, -0.0028531977, -0.0027817409, -0.0027016178, -0.0026581518, -0.0025647094, -0.00246322, -0.0024094256, -0.002296373, -0.0021750592, -0.0021114473, -0.0019819788, -0.0018720651, -0.0018450767, -0.0018851109, 0, 0, 0, 0, 0, 0, 0, 0, 0, 0, 0, 0, 0, 0, 0, 0, 0, 0, 0, 0, 0, 0, 0, 0, 0, 0, 0, 0, 0, 0, 0, 0, 0, 0, 0, 0, 0, 0, 0, 0, 0, 0, 0, 0, 0, 0, 0, 0, 0, 0, 0, 0, 0, 0, 0, 0, 0, 0, 0, 0, 0, 0, 0
0, 0, 0, 0, 0, 0, 0, 0, 0, 0, 0, 0, -0.002283948, -0.001986443, -0.0019048267, -0.0018946218, -0.0019901837, -0.0021153155, -0.0021787344, -0.0022996822, -0.002411502, -0.002463685, -0.0025603576, -0.0026468134, -0.0026858966, -0.0027565034, -0.002817774, -0.0028714028, -0.0028961324, -0.0029430983, -0.002988394, -0.0030110267, -0.0030565474, -0.0031016748, -0.003145466, -0.003166695, -0.0032073653, -0.0032454836, -0.0032634814, -0.0032970875, -0.0033277648, -0.003342031, -0.0033682007, -0.0033911136, -0.0034107012, -0.0034196074, -0.0034352643, -0.0034491387, -0.0034555653, -0.0034682404, -0.0034802048, -0.0034902045, -0.003493839, -0.0034968073, -0.0034927034, -0.0034874652, -0.003471244, -0.0034484551, -0.0034350702, -0.00340581, -0.0033744536, -0.0033425184, -0.0033266544, -0.003294616, -0.0032616083, -0.003244156, -0.0032064966, -0.0031640956, -0.0031160137, -0.0030901527, -0.003034751, -0.0029749342, -0.0029435176, -0.0028763565, -0.002802138, -0.0027195208, -0.0026747175, -0.0025787912, -0.0024751048, -0.0024203823, -0.0023044627, -0.002179763, -0.002113711, -0.001978115, -0.0018629207, -0.0018573548, -0.0019557243, -0.0024949794, 0, 0, 0, 0, 0, 0, 0, 0, 0, 0, 0, 0, 0, 0, 0, 0, 0, 0, 0, 0, 0, 0, 0, 0, 0, 0, 0, 0, 0, 0, 0, 0, 0, 0, 0, 0, 0, 0, 0, 0, 0, 0, 0, 0, 0, 0, 0, 0, 0, 0, 0, 0, 0, 0, 0, 0, 0, 0, 0, 0, 0, 0
0, 0, 0, 0, 0, 0, 0, 0, 0, 0, 0, 0, -0.003005923, -0.0022354354, -0.0020167746, -0.0018746846, -0.00193001, -0.0020436826, -0.0021041837, -0.0022205443, -0.002326011, -0.0023744723, -0.0024631766, -0.002540723, -0.0025755493, -0.0026376396, -0.002691461, -0.0027399573, -0.0027631172, -0.0028088172, -0.0028554068, -0.0028795144, -0.0029288102, -0.0029783542, -0.0030271288, -0.0030509396, -0.0030971256, -0.0031413937, -0.0031624956, -0.0032031515, -0.0032418543, -0.0032602346, -0.0032945839, -0.003325495, -0.003352852, -0.0033653455, -0.0033885587, -0.0034103552, -0.0034209806, -0.0034421373, -0.0034622373, -0.003479455, -0.003486276, -0.00349468, -0.0034947717, -0.0034915134, -0.0034789918, -0.0034596547, -0.0034478814, -0.0034215508, -0.00339302, -0.0033631905, -0.0033479987, -0.0033165123, -0.003282705, -0.0032643396, -0.0032240264, -0.0031777713, -0.0031254364, -0.003097329, -0.0030374706, -0.0029742192, -0.0029413276, -0.002872449, -0.002797905, -0.0027156551, -0.0026716627, -0.0025774087, -0.0024752552, -0.002421293, -0.0023068115, -0.0021835759, -0.0021191419, -0.0019901772, -0.0018874753, -0.0018967689, -0.0019987088, -0.0025425744, 0, 0, 0, 0, 0, 0, 0, 0, 0, 0, 0, 0, 0, 0, 0, 0, 0, 0, 0, 0, 0, 0, 0, 0, 0, 0, 0, 0, 0, 0, 0, 0, 0, 0, 0, 0, 0, 0, 0, 0, 0, 0, 0, 0, 0, 0, 0, 0, 0, 0, 0, 0, 0, 0, 0, 0, 0, 0, 0, 0, 0, 0
0, 0, 0, 0, 0, 0, 0, 0, 0, 0, 0, 0, 0, -0.0021607638, -0.0019393903, -0.0018064802, -0.0018728062, -0.0019910377, -0.0020510112, -0.0021614179, -0.0022575003, -0.002300336, -0.002377916, -0.00244469, -0.002474495, -0.0025284584, -0.0025771242, -0.0026230684, -0.0026459128, -0.0026928238, -0.0027424498, -0.0027684649, -0.0028212739, -0.0028749527, -0.0029280335, -0.0029541661, -0.0030054285, -0.003054869, -0.0030789983, -0.0031262408, -0.0031718733, -0.003193851, -0.0032356787, -0.0032737954, -0.003307522, -0.0033229464, -0.003351346, -0.00337769, -0.0033904782, -0.0034152372, -0.0034380849, -0.003457317, -0.0034648133, -0.0034746428, -0.003476496, -0.0034743072, -0.0034642941, -0.0034475413, -0.0034372048, -0.003413644, -0.0033875583, -0.0033590624, -0.0033439004, -0.0033116154, -0.0032755549, -0.0032557873, -0.0032121814, -0.0031622406, -0.0031062046, -0.003076197, -0.0030135047, -0.0029487584, -0.002915833, -0.0028478578, -0.0027756693, -0.0026971498, -0.002655259, -0.002565822, -0.0024681755, -0.0024160123, -0.0023045936, -0.002183436, -0.0021197328, -0.0019898484, -0.0018725283, -0.0018165655, -0.0018411942, -0.0020555023, 0, 0, 0, 0, 0, 0, 0, 0, 0, 0, 0, 0, 0, 0, 0, 0, 0, 0, 0, 0, 0, 0, 0, 0, 0, 0, 0, 0, 0, 0, 0, 0, 0, 0, 0, 0, 0, 0, 0, 0, 0, 0, 0, 0, 0, 0, 0, 0, 0, 0, 0, 0, 0, 0, 0, 0, 0, 0, 0, 0, 0, 0
0, 0, 0, 0, 0, 0, 0, 0, 0, 0, 0, 0, 0, -0.0019178648, -0.0018541197, -0.0018016052, -0.001865901, -0.0019695798, -0.002021657, -0.0021167751, -0.0021987506, -0.0022354128, -0.002301244, -0.002358906, -0.0023852582, -0.0024346898, -0.00248208, -0.0025294474, -0.0025538458, -0.0026046848, -0.002658636, -0.002686416, -0.0027432304, -0.0028004188, -0.0028572248, -0.0028854203, -0.0029407938, -0.002994941, -0.0030215152, -0.0030737538, -0.0031246387, -0.0031492445, -0.0031960167, -0.0032386784, -0.0032763614, -0.0032931566, -0.0033236872, -0.0033509352, -0.0033636612, -0.0033874386, -0.0034083198, -0.0034252054, -0.0034317174, -0.003440177, -0.0034414995, -0.0034393037, -0.0034299176, -0.0034141443, -0.0034044052, -0.003382407, -0.0033573005, -0.0033291013, -0.003313701, -0.0032797868, -0.0032412617, -0.003220186, -0.0031736938, -0.003120948, -0.003062954, -0.0030323616, -0.0029696063, -0.0029063828, -0.0028747888, -0.0028104682, -0.002743055, -0.0026700238, -0.00263106, -0.0025475554, -0.002455777, -0.0024059406, -0.0022982683, -0.0021789453, -0.0021148964, -0.0019793017, -0.0018395517, -0.001719445, -0.0016844474, -0.0017108407, 0, 0, 0, 0, 0, 0, 0, 0, 0, 0, 0, 0, 0, 0, 0, 0, 0, 0, 0, 0, 0, 0, 0, 0, 0, 0, 0, 0, 0, 0, 0, 0, 0, 0, 0, 0, 0, 0, 0, 0, 0, 0, 0, 0, 0, 0, 0, 0, 0, 0, 0, 0, 0, 0, 0, 0, 0, 0, 0, 0, 0, 0
0, 0, 0, 0, 0, 0, 0, 0, 0, 0, 0, 0, 0, -0.0023846151, -0.002222359, -0.0019738586, -0.0019191182, -0.0019614608, -0.0019953535, -0.0020682933, -0.0021381686, -0.0021706908, -0.0022312324, -0.0022862477, -0.0023122816, -0.002363022, -0.0024139432, -0.0024665366, -0.0024938572, -0.002550193, -0.0026086806, -0.0026385847, -0.0026990243, -0.0027591777, -0.0028188117, -0.0028483549, -0.002906644, -0.0029637627, -0.002991729, -0.0030467878, -0.0030999826, -0.0031255726, -0.003173808, -0.00321746, -0.003255247, -0.0032720768, -0.003301771, -0.0033270477, -0.0033384052, -0.0033584766, -0.003374739, -0.0033873846, -0.0033920235, -0.003397647, -0.0033969136, -0.0033940675, -0.0033832914, -0.0033668517, -0.0033569345, -0.0033346927, -0.0033092848, -0.0032806194, -0.0032645164, -0.0032290753, -0.003188696, -0.0031665633, -0.0031183218, -0.0030649311, -0.0030070157, -0.0029771056, -0.0029171864, -0.0028577303, -0.002828402, -0.0027693969, -0.0027074942, -0.0026405544, -0.002604498, -0.002527125, -0.0024410572, -0.0023940962, -0.0022920936, -0.0021783267, -0.002117056, -0.0019867562, -0.0018498948, -0.0017301574, -0.0016978502, -0.0017852278, -0.0022548004, 0, 0, 0, 0, 0, 0, 0, 0, 0, 0, 0, 0, 0, 0, 0, 0, 0, 0, 0, 0, 0, 0, 0, 0, 0, 0, 0, 0, 0, 0, 0, 0, 0, 0, 0, 0, 0, 0, 0, 0, 0, 0, 0, 0, 0, 0, 0, 0, 0, 0, 0, 0, 0, 0, 0, 0, 0, 0, 0, 0, 0
0, 0, 0, 0, 0, 0, 0, 0, 0, 0, 0, 0, 0, -0.00320797, -0.0027864114, -0.0021646519, -0.0019362821, -0.0019125971, -0.0019335392, -0.001998662, -0.002070401, -0.0021051415, -0.0021711546, -0.0022326717, -0.0022623225, -0.002320961, -0.002379825, -0.0024395594, -0.0024700398, -0.0025316747, -0.0025940076, -0.0026252633, -0.0026879634, -0.0027497457, -0.0028106116, -0.0028406093, -0.0028994821, -0.002956866, -0.002984937, -0.0030396257, -0.0030919937, -0.003116914, -0.003163257, -0.0032042998, -0.0032399106, -0.0032553114, -0.0032824026, -0.003304681, -0.003314246, -0.0033299814, -0.0033418073, -0.0033499526, -0.0033527438, -0.0033545669, -0.0033511228, -0.0033469833, -0.0033342943, -0.003316456, -0.003306127, -0.0032832127, -0.003257476, -0.0032282851, -0.0032119884, -0.0031756111, -0.0031342779, -0.0031118018, -0.0030636494, -0.003011586, -0.0029562085, -0.002928142, -0.002871834, -0.0028167828, -0.0027897283, -0.0027353324, -0.0026785033, -0.0026166986, -0.0025833442, -0.0025113537, -0.00243164, -0.0023884324, -0.002295118, -0.0021926677, -0.002138598, -0.0020263328, -0.0019151343, -0.0018306444, -0.0018192179, -0.0019481346, -0.0024491756, -0.0028284397, 0, 0, 0, 0, 0, 0, 0, 0, 0, 0, 0, 0, 0, 0, 0, 0, 0, 0, 0, 0, 0, 0, 0, 0, 0, 0, 0, 0, 0, 0, 0, 0, 0, 0, 0, 0, 0, 0, 0, 0, 0, 0, 0, 0, 0, 0, 0, 0, 0, 0, 0, 0, 0, 0, 0, 0, 0, 0, 0, 0
0, 0, 0, 0, 0, 0, 0, 0, 0, 0, 0, 0, 0, 0, -0.0028249612, -0.0021337841, -0.0018328059, -0.0018009613, -0.0018294514, -0.0019151827, -0.0020067547, -0.0020503365, -0.0021312244, -0.002205702, -0.002241409, -0.0023109883, -0.0023791497, -0.002446219, -0.0024793772, -0.0025448338, -0.0026093032, -0.0026410744, -0.0027038117, -0.0027649303, -0.0028245093, -0.0028535612, -0.0029102555, -0.0029647744, -0.0029913334, -0.0030429966, -0.0030917982, -0.0031150095, -0.0031577183, -0.0031952267, -0.0032273582, -0.0032414112, -0.0032655052, -0.0032846478, -0.0032925166, -0.0033048417, -0.0033132872, -0.003317877, -0.0033187831, -0.0033177724, -0.0033119638, -0.0033069476, -0.0032929007, -0.0032748869, -0.0032647238, -0.003242769, -0.003218292, -0.0031903943, -0.0031746975, -0.0031391843, -0.0030987917, -0.0030769715, -0.0030309611, -0.0029817615, -0.0029302146, -0.0029040508, -0.0028515097, -0.0027996078, -0.0027740651, -0.0027223788, -0.0026686895, -0.0026104352, -0.002579223, -0.0025123938, -0.0024390242, -0.0023998783, -0.002316208, -0.0022265932, -0.0021802264, -0.0020870587, -0.0019988471, -0.0019350661, -0.0019272764, -0.002025351, -0.002427901, -0.0027977496, 0, 0, 0, 0, 0, 0, 0, 0, 0, 0, 0, 0, 0, 0, 0, 0, 0, 0, 0, 0, 0, 0, 0, 0, 0, 0, 0, 0, 0, 0, 0, 0, 0, 0, 0, 0, 0, 0, 0, 0, 0, 0, 0, 0, 0, 0, 0, 0, 0, 0, 0, 0, 0, 0, 0, 0, 0, 0, 0, 0
0, 0, 0, 0, 0, 0, 0, 0, 0, 0, 0, 0, 0, 0, 0, -0.0019523099, -0.0016820977, -0.0016911804, -0.0017382043, -0.0018549543, -0.0019702516, -0.0020231572, -0.0021200413, -0.002207558, -0.0022490325, -0.0023286848, -0.0024044043, -0.0024767763, -0.002511737, -0.002578892, -0.0026434257, -0.00267474, -0.0027352339, -0.0027935233, -0.0028490897, -0.002876071, -0.002927773, -0.002977305, -0.0030015064, -0.0030485273, -0.0030931795, -0.0031143064, -0.0031533784, -0.0031880003, -0.003217393, -0.0032303568, -0.003252174, -0.0032691637, -0.0032757537, -0.0032857151, -0.0032919857, -0.0032947536, -0.0032949122, -0.0032922714, -0.0032857156, -0.0032808336, -0.003268275, -0.0032526571, -0.0032442196, -0.0032259007, -0.0032051844, -0.0031809648, -0.00316698, -0.0031348185, -0.0030977014, -0.0030777876, -0.0030357088, -0.0029907094, -0.0029431304, -0.0029188024, -0.0028688451, -0.0028186878, -0.0027935032, -0.0027427701, -0.002690225, -0.0026342543, -0.0026047677, -0.002542384, -0.0024744018, -0.0024384053, -0.002361886, -0.0022806672, -0.0022388333, -0.002153658, -0.0020683303, -0.0019898098, -0.0019594831, -0.0019503228, -0.002092455, -0.0022437319, 0, 0, 0, 0, 0, 0, 0, 0, 0, 0, 0, 0, 0, 0, 0, 0, 0, 0, 0, 0, 0, 0, 0, 0, 0, 0, 0, 0, 0, 0, 0, 0, 0, 0, 0, 0, 0, 0, 0, 0, 0, 0, 0, 0, 0, 0, 0, 0, 0, 0, 0, 0, 0, 0, 0, 0, 0, 0, 0, 0
0, 0, 0, 0, 0, 0, 0, 0, 0, 0, 0, 0, 0, 0, 0, -0.0017478848, -0.001654882, -0.0016823595, -0.0017306306, -0.0018516375, -0.0019746984, -0.0020321924, -0.0021378836, -0.0022334412, -0.002278271, -0.0023634536, -0.0024436617, -0.0025189104, -0.0025544893, -0.002621984, -0.002685073, -0.0027150146, -0.0027720502, -0.0028256034, -0.0028757127, -0.0028997161, -0.002945821, -0.0029897117, -0.0030112532, -0.0030537837, -0.003094835, -0.0031145315, -0.0031511772, -0.0031841265, -0.0032122904, -0.0032246166, -0.003245369, -0.0032609478, -0.0032670475, -0.0032760815, -0.0032818457, -0.0032847533, -0.0032849798, -0.0032835535, -0.0032793253, -0.0032762263, -0.0032682226, -0.003257927, -0.0032523293, -0.0032397134, -0.00322457, -0.003205492, -0.0031941673, -0.0031673994, -0.0031355203, -0.0031183155, -0.0030811827, -0.0030407342, -0.0029970275, -0.0029740206, -0.0029264665, -0.002877136, -0.0028521866, -0.0028015946, -0.002749446, -0.0026951807, -0.0026667765, -0.0026071547, -0.0025422997, -0.002507729, -0.0024340546, -0.0023545346, -0.0023123415, -0.0022239839, -0.0021269887, -0.00201951, -0.0019634399, -0.0018644748, -0.0018406045, -0.0018803071, 0, 0, 0, 0, 0, 0, 0, 0, 0, 0, 0, 0, 0, 0, 0, 0, 0, 0, 0, 0, 0, 0, 0, 0, 0, 0, 0, 0, 0, 0, 0, 0, 0, 0, 0, 0, 0, 0, 0, 0, 0, 0, 0, 0, 0, 0, 0, 0, 0, 0, 0, 0, 0, 0, 0, 0, 0, 0, 0, 0
0, 0, 0, 0, 0, 0, 0, 0, 0, 0, 0, 0, 0, 0, 0, -0.0022108816, -0.0019188309, -0.0018042702, -0.0018136303, -0.0018977175, -0.0020112717, -0.0020680982, -0.0021754797, -0.0022730753, -0.0023188277, -0.002405337, -0.002486787, -0.0025630214, -0.0025988587, -0.0026662957, -0.0027275276, -0.0027561176, -0.0028091203, -0.0028575636, -0.0029022186, -0.002923359, -0.0029637811, -0.0030030038, -0.0030225173, -0.0030613858, -0.0031001894, -0.0031189306, -0.0031544068, -0.0031868764, -0.0032148976, -0.0032269862, -0.0032478846, -0.0032638034, -0.003270123, -0.0032801856, -0.0032878686, -0.0032935692, -0.0032956877, -0.0032983373, -0.0032993846, -0.0032993471, -0.0032976305, -0.0032941583, -0.0032913757, -0.0032842609, -0.003273836, -0.0032598025, -0.0032509519, -0.003229475, -0.0032034086, -0.0031888406, -0.0031568112, -0.0031210724, -0.0030813664, -0.0030600836, -0.0030152064, -0.0029679297, -0.0029435686, -0.0028939638, -0.0028426105, -0.0027886343, -0.0027605346, -0.0027009924, -0.0026360585, -0.0026010945, -0.0025262167, -0.0024438947, -0.0023995843, -0.0023042392, -0.002195856, -0.00207271, -0.0020074088, -0.0018903505, -0.0018752294, -0.0019672685, -0.0025000018, 0, 0, 0, 0, 0, 0, 0, 0, 0, 0, 0, 0, 0, 0, 0, 0, 0, 0, 0, 0, 0, 0, 0, 0, 0, 0, 0, 0, 0, 0, 0, 0, 0, 0, 0, 0, 0, 0, 0, 0, 0, 0, 0, 0, 0, 0, 0, 0, 0, 0, 0, 0, 0, 0, 0, 0, 0, 0, 0
0, 0, 0, 0, 0, 0, 0, 0, 0, 0, 0, 0, 0, 0, 0, -0.0029927788, -0.00226152, -0.0019365161, -0.0019000812, -0.0019478266, -0.0020553002, -0.002112384, -0.0022208546, -0.002318405, -0.0023638725, -0.0024500526, -0.0025312835, -0.0026076254, -0.0026436788, -0.002710893, -0.0027708197, -0.0027980362, -0.0028473714, -0.002891189, -0.0029310696, -0.0029498837, -0.0029859345, -0.0030215746, -0.0030395638, -0.00307602, -0.0031127387, -0.003130779, -0.0031655023, -0.003197926, -0.0032265952, -0.003239382, -0.003261973, -0.0032803498, -0.003288175, -0.0033023998, -0.0033150942, -0.0033265857, -0.0033319788, -0.0033412778, -0.0033489817, -0.0033522474, -0.0033566793, -0.0033579778, -0.0033572908, -0.0033532968, -0.0033453137, -0.00333359, -0.0033262356, -0.0033083458, -0.0032865552, -0.0032741944, -0.0032467665, -0.003215496, -0.0031803122, -0.003161338, -0.0031207332, -0.0030770386, -0.0030541169, -0.0030066108, -0.0029557783, -0.0029007324, -0.002871456, -0.0028088933, -0.0027405235, -0.0027039452, -0.0026252447, -0.0025388482, -0.0024925352, -0.0023921644, -0.0022798418, -0.002156064, -0.0020926902, -0.0019842142, -0.001976133, -0.002063644, -0.0025679022, 0, 0, 0, 0, 0, 0, 0, 0, 0, 0, 0, 0, 0, 0, 0, 0, 0, 0, 0, 0, 0, 0, 0, 0, 0, 0, 0, 0, 0, 0, 0, 0, 0, 0, 0, 0, 0, 0, 0, 0, 0, 0, 0, 0, 0, 0, 0, 0, 0, 0, 0, 0, 0, 0, 0, 0, 0, 0, 0
0, 0, 0, 0, 0, 0, 0, 0, 0, 0, 0, 0, 0, 0, 0, 0, -0.0023152546, -0.001974761, -0.0019343783, -0.0019828458, -0.0020956183, -0.002155187, -0.0022662869, -0.0023648625, -0.0024103685, -0.0024968893, -0.002578131, -0.0026543103, -0.0026902508, -0.0027567262, -0.0028149418, -0.0028409455, -0.0028876485, -0.0029282533, -0.0029646112, -0.0029817952, -0.0030152064, -0.0030482272, -0.0030651032, -0.0030991815, -0.0031340504, -0.0031515334, -0.003185345, -0.0032180725, -0.0032485728, -0.0032628186, -0.0032891238, -0.003312924, -0.0033240463, -0.0033453777, -0.003365805, -0.0033852207, -0.003394411, -0.0034107552, -0.0034242796, -0.0034295958, -0.0034371517, -0.0034400858, -0.0034397999, -0.0034356955, -0.003427757, -0.0034163038, -0.003409446, -0.0033933774, -0.0033739333, -0.0033630505, -0.0033386576, -0.0033112755, -0.0032809041, -0.0032644784, -0.0032287927, -0.0031893735, -0.0031682071, -0.003122476, -0.0030711074, -0.0030132395, -0.002981714, -0.002913664, -0.0028396032, -0.0028001054, -0.002716705, -0.002626185, -0.0025780178, -0.0024754223, -0.0023632364, -0.0022422904, -0.002180469, -0.0020664611, -0.0020064649, -0.002023492, -0.0021997204, 0, 0, 0, 0, 0, 0, 0, 0, 0, 0, 0, 0, 0, 0, 0, 0, 0, 0, 0, 0, 0, 0, 0, 0, 0, 0, 0, 0, 0, 0, 0, 0, 0, 0, 0, 0, 0, 0, 0, 0, 0, 0, 0, 0, 0, 0, 0, 0, 0, 0, 0, 0, 0, 0, 0, 0, 0, 0, 0
0, 0, 0, 0, 0, 0, 0, 0, 0, 0, 0, 0, 0, 0, 0, 0, -0.002266398, -0.0020680167, -0.0020193637, -0.0020414249, -0.0021404992, -0.0021970484, -0.0023065587, -0.0024069108, -0.0024536932, -0.0025425218, -0.002624837, -0.002700834, -0.0027360714, -0.0028009142, -0.0028569745, -0.0028819523, -0.0029265033, -0.0029651008, -0.0029998845, -0.0030165252, -0.003048837, -0.0030809105, -0.0030970813, -0.0031301745, -0.003164024, -0.0031810023, -0.0032151116, -0.0032489756, -0.003282398, -0.0032990822, -0.0033314065, -0.0033629648, -0.0033785007, -0.0034087307, -0.0034375805, -0.003463992, -0.0034759757, -0.0034968099, -0.0035126093, -0.0035183944, -0.0035257284, -0.0035278802, -0.0035268674, -0.003521538, -0.003512283, -0.0035005556, -0.0034939018, -0.0034783315, -0.0034598839, -0.0034494598, -0.0034270412, -0.0034024264, -0.0033756702, -0.003361238, -0.0033287304, -0.0032918332, -0.0032711914, -0.003225223, -0.0031718907, -0.003109718, -0.0030754497, -0.0030014105, -0.0029210409, -0.0028786205, -0.0027894906, -0.0026945323, -0.0026449405, -0.00254051, -0.002428548, -0.0023086402, -0.0022461393, -0.0021223754, -0.0020271605, -0.002013234, -0.0021497374, -0.0026566824, 0, 0, 0, 0, 0, 0, 0, 0, 0, 0, 0, 0, 0, 0, 0, 0, 0, 0, 0, 0, 0, 0, 0, 0, 0, 0, 0, 0, 0, 0, 0, 0, 0, 0, 0, 0, 0, 0, 0, 0, 0, 0, 0, 0, 0, 0, 0, 0, 0, 0, 0, 0, 0, 0, 0, 0, 0, 0
0, 0, 0, 0, 0, 0, 0, 0, 0, 0, 0, 0, 0, 0, 0, 0, -0.0029506641, -0.0024245149, -0.0022632512, -0.0021441253, -0.0021828567, -0.0022271846, -0.0023303684, -0.0024347256, -0.0024845542, -0.0025783032, -0.0026632438, -0.0027395817, -0.0027742377, -0.0028371296, -0.002891301, -0.00291547, -0.0029586856, -0.002996719, -0.0030315858, -0.0030484686, -0.0030819194, -0.003115514, -0.0031324148, -0.0031668353, -0.0032021105, -0.0032199179, -0.0032562301, -0.003293527, -0.0033318903, -0.003351376, -0.0033906114, -0.003429963, -0.0034494954, -0.0034867693, -0.0035209937, -0.003550555, -0.0035633035, -0.0035840867, -0.0035984053, -0.0036032696, -0.0036086934, -0.0036090277, -0.0036073807, -0.003601394, -0.0035923196, -0.0035809565, -0.0035745322, -0.003559497, -0.0035413143, -0.0035309412, -0.0035087706, -0.0034848233, -0.0034585195, -0.0034439056, -0.0034110565, -0.0033724054, -0.0033506816, -0.0033015977, -0.0032439234, -0.0031771099, -0.0031403801, -0.0030611397, -0.0029755905, -0.0029306302, -0.002837088, -0.0027384975, -0.0026872447, -0.0025806036, -0.0024673205, -0.0023461631, -0.002282638, -0.002153671, -0.0020448077, -0.0020191062, -0.002118921, -0.0025997534, 0, 0, 0, 0, 0, 0, 0, 0, 0, 0, 0, 0, 0, 0, 0, 0, 0, 0, 0, 0, 0, 0, 0, 0, 0, 0, 0, 0, 0, 0, 0, 0, 0, 0, 0, 0, 0, 0, 0, 0, 0, 0, 0, 0, 0, 0, 0, 0, 0, 0, 0, 0, 0, 0, 0, 0, 0, 0
0, 0, 0, 0, 0, 0, 0, 0, 0, 0, 0, 0, 0, 0, 0, 0, 0, -0.0029266311, -0.0026097542, -0.0022355712, -0.0021853754, -0.0022185561, -0.0023241143, -0.0024392342, -0.0024940702, -0.00259541, -0.0026841646, -0.0027617654, -0.002796625, -0.0028592898, -0.002913396, -0.002937377, -0.0029806138, -0.0030193904, -0.003056154, -0.0030743305, -0.003111087, -0.0031486952, -0.0031679296, -0.0032068975, -0.003247131, -0.0032674607, -0.003309005, -0.0033518153, -0.0033961101, -0.003418483, -0.003463458, -0.0035073252, -0.0035285912, -0.003567985, -0.0036021334, -0.0036296116, -0.0036407723, -0.0036579065, -0.0036687895, -0.003672086, -0.0036754564, -0.0036753577, -0.0036741337, -0.0036695518, -0.003662219, -0.003652359, -0.0036463016, -0.0036312265, -0.0036120573, -0.0036010044, -0.0035768324, -0.0035499148, -0.003519844, -0.0035030332, -0.003464857, -0.0034200258, -0.0033950855, -0.003340012, -0.0032769474, -0.003206025, -0.0031677857, -0.0030859313, -0.0029980685, -0.00295221, -0.00285658, -0.0027562496, -0.002704056, -0.002594956, -0.0024789006, -0.002354331, -0.0022886307, -0.0021528027, -0.002026005, -0.0019787564, -0.0019702327, -0.002147764, 0, 0, 0, 0, 0, 0, 0, 0, 0, 0, 0, 0, 0, 0, 0, 0, 0, 0, 0, 0, 0, 0, 0, 0, 0, 0, 0, 0, 0, 0, 0, 0, 0, 0, 0, 0, 0, 0, 0, 0, 0, 0, 0, 0, 0, 0, 0, 0, 0, 0, 0, 0, 0, 0, 0, 0, 0, 0
0, 0, 0, 0, 0, 0, 0, 0, 0, 0, 0, 0, 0, 0, 0, 0, 0, -0.0039675613, -0.0029860272, -0.0022140974, -0.0021239195, -0.0021639382, -0.0022898575, -0.0024210615, -0.0024814485, -0.0025896076, -0.0026828332, -0.002763248, -0.0027996607, -0.0028649513, -0.002921221, -0.0029463607, -0.0029914726, -0.0030328627, -0.003073203, -0.0030936578, -0.0031353503, -0.0031788107, -0.0032012125, -0.0032471311, -0.003294591, -0.0033185177, -0.0033672052, -0.0034162903, -0.0034654343, -0.003489632, -0.0035366062, -0.0035804433, -0.0036006537, -0.0036366957, -0.0036662044, -0.0036881182, -0.003696563, -0.0037091752, -0.003716703, -0.0037193052, -0.0037225478, -0.0037241841, -0.0037241904, -0.0037224218, -0.0037174514, -0.0037083386, -0.003702105, -0.0036854034, -0.003662977, -0.0036497575, -0.0036203424, -0.0035868427, -0.003548716, -0.0035275542, -0.0034803043, -0.0034265232, -0.0033975132, -0.0033354599, -0.0032674263, -0.0031941135, -0.0031553733, -0.0030740043, -0.0029878526, -0.002942771, -0.002849081, -0.002749447, -0.0026973016, -0.0025869787, -0.0024679773, -0.002339244, -0.0022710548, -0.0021278744, -0.0019835762, -0.0019194706, -0.0018484258, -0.0019708925, -0.0024535302, 0, 0, 0, 0, 0, 0, 0, 0, 0, 0, 0, 0, 0, 0, 0, 0, 0, 0, 0, 0, 0, 0, 0, 0, 0, 0, 0, 0, 0, 0, 0, 0, 0, 0, 0, 0, 0, 0, 0, 0, 0, 0, 0, 0, 0, 0, 0, 0, 0, 0, 0, 0, 0, 0, 0, 0, 0
0, 0, 0, 0, 0, 0, 0, 0, 0, 0, 0, 0, 0, 0, 0, 0, 0, 0, -0.002185934, -0.0020363024, -0.0020581237, -0.0021141265, -0.0022526116, -0.0023886722, -0.0024506561, -0.0025618654, -0.002658716, -0.0027443185, -0.0027833255, -0.0028543342, -0.0029159246, -0.0029434396, -0.0029933555, -0.0030394092, -0.003084818, -0.0031081154, -0.0031558913, -0.0032055245, -0.0032311357, -0.0032838392, -0.0033375337, -0.0033646894, -0.0034185844, -0.0034715347, -0.0035224373, -0.003546659, -0.00359169, -0.0036313306, -0.0036489575, -0.0036790993, -0.0037027497, -0.0037200402, -0.0037265916, -0.003736522, -0.003743473, -0.0037464486, -0.0037512525, -0.0037554707, -0.0037569033, -0.0037572747, -0.003752882, -0.0037420748, -0.0037340478, -0.0037124485, -0.0036837212, -0.0036669602, -0.0036292663, -0.0035865186, -0.0035384118, -0.0035120097, -0.0034549136, -0.0033923388, -0.0033597762, -0.003291897, -0.003220807, -0.0031469371, -0.0031091014, -0.0030305143, -0.002948468, -0.002906132, -0.002817145, -0.0027218848, -0.0026712772, -0.0025629038, -0.002444482, -0.0023156826, -0.0022473002, -0.002102894, -0.0019526008, -0.0018805204, -0.0017703051, -0.0017791934, -0.0019433893, 0, 0, 0, 0, 0, 0, 0, 0, 0, 0, 0, 0, 0, 0, 0, 0, 0, 0, 0, 0, 0, 0, 0, 0, 0, 0, 0, 0, 0, 0, 0, 0, 0, 0, 0, 0, 0, 0, 0, 0, 0, 0, 0, 0, 0, 0, 0, 0, 0, 0, 0, 0, 0, 0, 0, 0, 0
0, 0, 0, 0, 0, 0, 0, 0, 0, 0, 0, 0, 0, 0, 0, 0, 0, 0, -0.0025069404, -0.0022128462, -0.0021129546, -0.0021299808, -0.0022245015, -0.0023435054, -0.002402235, -0.002513461, -0.0026150362, -0.002707683, -0.0027507357, -0.0028300593, -0.0028996216, -0.0029310384, -0.0029887646, -0.0030418125, -0.0030939449, -0.0031204256, -0.003174119, -0.0032291298, -0.0032571305, -0.0033136187, -0.003370448, -0.0033985453, -0.00345298, -0.0035047769, -0.0035525337, -0.0035745995, -0.0036144885, -0.0036487207, -0.0036636933, -0.0036895778, -0.003710738, -0.0037270018, -0.0037337283, -0.0037448173, -0.003753835, -0.0037578319, -0.0037649132, -0.0037702902, -0.0037718224, -0.0037710527, -0.0037636384, -0.0037474444, -0.0037360168, -0.0037061698, -0.0036684442, -0.0036469148, -0.0035996966, -0.0035473008, -0.0034898724, -0.0034591942, -0.0033944966, -0.0033261674, -0.0032914276, -0.0032209193, -0.00314946, -0.0030768998, -0.0030400753, -0.0029650817, -0.00288822, -0.0028488769, -0.0027673466, -0.0026798008, -0.0026328722, -0.0025319469, -0.0024208513, -0.002300413, -0.002237234, -0.0021037543, -0.001964783, -0.0018968536, -0.0017864452, -0.0017822416, -0.002050547, -0.0023259155, 0, 0, 0, 0, 0, 0, 0, 0, 0, 0, 0, 0, 0, 0, 0, 0, 0, 0, 0, 0, 0, 0, 0, 0, 0, 0, 0, 0, 0, 0, 0, 0, 0, 0, 0, 0, 0, 0, 0, 0, 0, 0, 0, 0, 0, 0, 0, 0, 0, 0, 0, 0, 0, 0, 0, 0
0, 0, 0, 0, 0, 0, 0, 0, 0, 0, 0, 0, 0, 0, 0, 0, 0, 0, -0.0033399747, -0.0025624663, -0.0021973157, -0.0021454105, -0.0021734706, -0.002273606, -0.00233109, -0.0024458107, -0.0025553452, -0.0026577075, -0.002706141, -0.0027960644, -0.0028763695, -0.0029131495, -0.002980886, -0.003043413, -0.0031035691, -0.003133266, -0.0031922176, -0.003250965, -0.0032799204, -0.0033368857, -0.0033915872, -0.0034178668, -0.0034673684, -0.0035123911, -0.0035526669, -0.0035709913, -0.003604477, -0.0036342603, -0.003647971, -0.0036735209, -0.0036963692, -0.0037160474, -0.0037246558, -0.0037396706, -0.0037517513, -0.0037566654, -0.0037641132, -0.0037675158, -0.0037671085, -0.003761176, -0.0037466488, -0.0037219254, -0.0037056026, -0.0036659853, -0.0036182525, -0.0035920653, -0.0035357128, -0.0034753536, -0.0034113151, -0.003378071, -0.0033098543, -0.0032404435, -0.003205557, -0.0031361275, -0.0030665377, -0.0029962063, -0.0029607355, -0.002889453, -0.0028182657, -0.0027823765, -0.0027092716, -0.002632042, -0.0025909946, -0.002502944, -0.0024069708, -0.0023043728, -0.0022507783, -0.0021395115, -0.0020251768, -0.0019699396, -0.0018827791, -0.0018906269, -0.0021488166, -0.0024264413, 0, 0, 0, 0, 0, 0, 0, 0, 0, 0, 0, 0, 0, 0, 0, 0, 0, 0, 0, 0, 0, 0, 0, 0, 0, 0, 0, 0, 0, 0, 0, 0, 0, 0, 0, 0, 0, 0, 0, 0, 0, 0, 0, 0, 0, 0, 0, 0, 0, 0, 0, 0, 0, 0, 0, 0
0, 0, 0, 0, 0, 0, 0, 0, 0, 0, 0, 0, 0, 0, 0, 0, 0, 0, 0, -0.0026522712, -0.0021659578, -0.0020775814, -0.0020780195, -0.0021793025, -0.0022409824, -0.002366746, -0.0024878054, -0.0026019563, -0.00265612, -0.002758155, -0.0028508832, -0.0028939594, -0.0029738247, -0.0030468784, -0.003115365, -0.0031483066, -0.0032117495, -0.003272037, -0.0033006147, -0.003354757, -0.0034036578, -0.0034261262, -0.003466482, -0.0035012062, -0.0035319552, -0.003546219, -0.0035736894, -0.0036012079, -0.003614979, -0.0036425784, -0.0036693627, -0.0036936193, -0.003704486, -0.0037230733, -0.0037371311, -0.0037419514, -0.0037471368, -0.0037452641, -0.0037412911, -0.0037270372, -0.00370296, -0.0036682938, -0.0036471658, -0.0035980528, -0.0035417567, -0.0035115646, -0.0034480784, -0.0033825883, -0.003315394, -0.0032817344, -0.0032143795, -0.0031478615, -0.003114948, -0.0030493282, -0.0029836195, -0.0029169258, -0.0028832427, -0.0028164762, -0.0027511725, -0.0027190943, -0.002654939, -0.0025890297, -0.002554705, -0.0024820366, -0.0024046774, -0.0023234554, -0.0022813603, -0.0021943003, -0.002104929, -0.0020613363, -0.001989122, -0.001981251, -0.0021520448, -0.0023606564, -0.0030429175, 0, 0, 0, 0, 0, 0, 0, 0, 0, 0, 0, 0, 0, 0, 0, 0, 0, 0, 0, 0, 0, 0, 0, 0, 0, 0, 0, 0, 0, 0, 0, 0, 0, 0, 0, 0, 0, 0, 0, 0, 0, 0, 0, 0, 0, 0, 0, 0, 0, 0, 0, 0, 0, 0, 0
0, 0, 0, 0, 0, 0, 0, 0, 0, 0, 0, 0, 0, 0, 0, 0, 0, 0, 0, -0.0025601597, -0.0020798247, -0.0019863567, -0.0019831609, -0.0020889353, -0.0021547142, -0.0022911124, -0.0024240036, -0.002550163, -0.0026099978, -0.0027239742, -0.0028288625, -0.0028778925, -0.0029692024, -0.0030523886, -0.0031287072, -0.0031644928, -0.0032312507, -0.0032914195, -0.0033188427, -0.0033681206, -0.0034095207, -0.003427342, -0.0034580072, -0.0034835837, -0.0035061173, -0.0035172338, -0.0035409576, -0.0035673918, -0.0035815393, -0.003610966, -0.0036399923, -0.0036664654, -0.0036781041, -0.003696946, -0.0037092867, -0.0037126653, -0.0037129223, -0.0037039013, -0.003695744, -0.003672113, -0.0036385937, -0.0035951063, -0.003569902, -0.0035138668, -0.003451508, -0.0034189762, -0.003352112, -0.0032849764, -0.0032188518, -0.0031864573, -0.003123305, -0.003062252, -0.003032254, -0.0029724555, -0.0029120024, -0.0028503842, -0.002819427, -0.00275845, -0.0026995307, -0.0026710469, -0.0026152718, -0.002559269, -0.0025304463, -0.0024712249, -0.0024099124, -0.0023456018, -0.0023121687, -0.0022420103, -0.0021666866, -0.0021276746, -0.0020516554, -0.0019993053, -0.0020295766, -0.0021028752, -0.0023341316, 0, 0, 0, 0, 0, 0, 0, 0, 0, 0, 0, 0, 0, 0, 0, 0, 0, 0, 0, 0, 0, 0, 0, 0, 0, 0, 0, 0, 0, 0, 0, 0, 0, 0, 0, 0, 0, 0, 0, 0, 0, 0, 0, 0, 0, 0, 0, 0, 0, 0, 0, 0, 0, 0, 0
0, 0, 0, 0, 0, 0, 0, 0, 0, 0, 0, 0, 0, 0, 0, 0, 0, 0, 0, 0, -0.0021152736, -0.0020150838, -0.0019531255, -0.0020297575, -0.002092129, -0.0022323125, -0.0023749506, -0.002511341, -0.0025764846, -0.0027002236, -0.0028145202, -0.0028681848, -0.0029686724, -0.0030594664, -0.0031413343, -0.0031789807, -0.0032472739, -0.0033064804, -0.0033323136, -0.0033764336, -0.0034112271, -0.0034255586, -0.0034496852, -0.0034699629, -0.0034892904, -0.00349928, -0.0035221092, -0.0035485288, -0.0035626777, -0.0035916998, -0.003619162, -0.0036428154, -0.0036525151, -0.0036669036, -0.003673457, -0.0036735802, -0.0036666417, -0.0036498916, -0.0036376456, -0.0036059099, -0.0035650267, -0.0035158612, -0.0034884831, -0.003429215, -0.003365368, -0.0033325145, -0.0032667716, -0.003202427, -0.0031405918, -0.0031108062, -0.003053554, -0.0029988152, -0.0029718243, -0.002918135, -0.0028635853, -0.0028080402, -0.0027802477, -0.0027257204, -0.0026734716, -0.0026480623, -0.0025984228, -0.0025491745, -0.0025241356, -0.0024726056, -0.002418912, -0.0023616732, -0.0023311307, -0.0022659441, -0.0021926318, -0.0021524692, -0.0020667033, -0.00198577, -0.0019615367, -0.0020074667, -0.0023432402, 0, 0, 0, 0, 0, 0, 0, 0, 0, 0, 0, 0, 0, 0, 0, 0, 0, 0, 0, 0, 0, 0, 0, 0, 0, 0, 0, 0, 0, 0, 0, 0, 0, 0, 0, 0, 0, 0, 0, 0, 0, 0, 0, 0, 0, 0, 0, 0, 0, 0, 0, 0, 0, 0, 0
0, 0, 0, 0, 0, 0, 0, 0, 0, 0, 0, 0, 0, 0, 0, 0, 0, 0, 0, 0, -0.002563847, -0.0022627483, -0.001961821, -0.0019698194, -0.0020277963, -0.0021812038, -0.0023436877, -0.0024971736, -0.0025692275, -0.0027032166, -0.0028252313, -0.0028819607, -0.0029876998, -0.0030819864, -0.0031650604, -0.0032025191, -0.0032690929, -0.003324512, -0.0033481612, -0.0033886808, -0.0034214135, -0.0034358655, -0.003462493, -0.0034876803, -0.0035131657, -0.0035263554, -0.0035527067, -0.0035780284, -0.0035897766, -0.0036097742, -0.003624269, -0.00363207, -0.0036330544, -0.0036293548, -0.0036181936, -0.0036098515, -0.0035878017, -0.0035583854, -0.003541157, -0.0035022274, -0.003458446, -0.0034113463, -0.0033866856, -0.0033362033, -0.0032850849, -0.0032594877, -0.0032089408, -0.0031592206, -0.0031104689, -0.003086232, -0.00303818, -0.0029901436, -0.0029664368, -0.0029195459, -0.0028731998, -0.0028280576, -0.0028060088, -0.0027628466, -0.0027202212, -0.0026988662, -0.0026552672, -0.0026081572, -0.0025827806, -0.0025268293, -0.0024634164, -0.002392466, -0.0023542305, -0.0022716485, -0.00218087, -0.0021314465, -0.00202529, -0.0019152338, -0.0018306383, -0.0018191829, -0.0019277555, -0.0022147817, 0, 0, 0, 0, 0, 0, 0, 0, 0, 0, 0, 0, 0, 0, 0, 0, 0, 0, 0, 0, 0, 0, 0, 0, 0, 0, 0, 0, 0, 0, 0, 0, 0, 0, 0, 0, 0, 0, 0, 0, 0, 0, 0, 0, 0, 0, 0, 0, 0, 0, 0, 0, 0, 0
0, 0, 0, 0, 0, 0, 0, 0, 0, 0, 0, 0, 0, 0, 0, 0, 0, 0, 0, 0, 0, -0.002189688, -0.002005031, -0.0019944923, -0.0020469278, -0.0021985853, -0.0023643975, -0.002520936, -0.002594146, -0.0027294098, -0.0028510953, -0.002907315, -0.0030108914, -0.0031026904, -0.0031833127, -0.0032197617, -0.0032849256, -0.0033403558, -0.0033645625, -0.0034076073, -0.0034447648, -0.0034619337, -0.0034939577, -0.003524245, -0.0035530608, -0.0035665773, -0.0035919067, -0.0036135658, -0.0036225512, -0.003636074, -0.0036432454, -0.003643312, -0.0036406296, -0.0036300537, -0.0036130669, -0.003602364, -0.0035770256, -0.0035468678, -0.0035301982, -0.0034946923, -0.0034567348, -0.0034176752, -0.003397901, -0.0033581315, -0.0033181906, -0.003298026, -0.0032576395, -0.003215604, -0.0031716325, -0.0031486792, -0.0031017119, -0.0030537841, -0.0030297178, -0.0029828178, -0.00293768, -0.0028950071, -0.0028743045, -0.0028335936, -0.0027931328, -0.0027722823, -0.0027279183, -0.0026773156, -0.0026490733, -0.0025853948, -0.0025122622, -0.0024302767, -0.002386442, -0.0022935537, -0.0021924612, -0.0021383092, -0.002020841, -0.0018914443, -0.0017628537, -0.0017105074, -0.0016743612, -0.0017610065, 0, 0, 0, 0, 0, 0, 0, 0, 0, 0, 0, 0, 0, 0, 0, 0, 0, 0, 0, 0, 0, 0, 0, 0, 0, 0, 0, 0, 0, 0, 0, 0, 0, 0, 0, 0, 0, 0, 0, 0, 0, 0, 0, 0, 0, 0, 0, 0, 0, 0, 0, 0, 0, 0
0, 0, 0, 0, 0, 0, 0, 0, 0, 0, 0, 0, 0, 0, 0, 0, 0, 0, 0, 0, 0, -0.0027749995, -0.0022270307, -0.0020889028, -0.0021131577, -0.0022385113, -0.00239635, -0.0025516134, -0.002624891, -0.0027608946, -0.0028826199, -0.0029384645, -0.0030406802, -0.0031308362, -0.0032101758, -0.0032463165, -0.0033116196, -0.003368832, -0.0033945234, -0.0034414593, -0.003482994, -0.0035021089, -0.00353743, -0.0035689073, -0.0035967382, -0.003608904, -0.003629786, -0.0036454927, -0.0036513614, -0.0036590614, -0.0036609413, -0.0036568402, -0.0036526232, -0.0036395802, -0.003622018, -0.003611603, -0.0035882576, -0.0035628977, -0.0035495104, -0.0035223758, -0.0034947125, -0.0034668285, -0.0034528926, -0.0034247353, -0.0033956664, -0.003380582, -0.0033478215, -0.0033112057, -0.0032697795, -0.0032474133, -0.0032000302, -0.0031511616, -0.00312654, -0.0030786747, -0.0030332622, -0.002990784, -0.0029700808, -0.0029294065, -0.0028879754, -0.0028661739, -0.0028182883, -0.00276299, -0.0027318527, -0.002661584, -0.002581368, -0.002492601, -0.0024456885, -0.0023470193, -0.0022416054, -0.0021855333, -0.0020646292, -0.0019314433, -0.0017965208, -0.0017405851, -0.0017125503, -0.0019658993, -0.002253002, 0, 0, 0, 0, 0, 0, 0, 0, 0, 0, 0, 0, 0, 0, 0, 0, 0, 0, 0, 0, 0, 0, 0, 0, 0, 0, 0, 0, 0, 0, 0, 0, 0, 0, 0, 0, 0, 0, 0, 0, 0, 0, 0, 0, 0, 0, 0, 0, 0, 0, 0, 0, 0
0, 0, 0, 0, 0, 0, 0, 0, 0, 0, 0, 0, 0, 0, 0, 0, 0, 0, 0, 0, 0, 0, -0.0024076668, -0.0022098178, -0.002194136, -0.0022743328, -0.0024182932, -0.0025725178, -0.0026468125, -0.002785689, -0.0029096403, -0.0029661874, -0.003069738, -0.0031608916, -0.0032415346, -0.0032783886, -0.0033456956, -0.0034056676, -0.0034329689, -0.0034824347, -0.0035252788, -0.0035444659, -0.003578191, -0.0036062659, -0.003629077, -0.0036385779, -0.0036537691, -0.0036646246, -0.0036681888, -0.0036724026, -0.0036723574, -0.003667936, -0.0036642875, -0.0036539582, -0.003640696, -0.0036331844, -0.0036173176, -0.003600991, -0.0035930222, -0.003577739, -0.0035622972, -0.0035460608, -0.0035374, -0.0035184815, -0.0034969156, -0.003484779, -0.0034568529, -0.003422982, -0.003382817, -0.0033608873, -0.0033139565, -0.0032648603, -0.0032402496, -0.0031921575, -0.003146241, -0.0031022422, -0.003080627, -0.0030372497, -0.002992197, -0.0029680515, -0.0029151996, -0.0028546683, -0.002821125, -0.0027473797, -0.0026649584, -0.0025751032, -0.00252815, -0.0024302367, -0.0023266035, -0.0022721307, -0.0021571803, -0.0020353314, -0.0019193948, -0.0018752932, -0.0018724769, -0.002129853, -0.0024147963, 0, 0, 0, 0, 0, 0, 0, 0, 0, 0, 0, 0, 0, 0, 0, 0, 0, 0, 0, 0, 0, 0, 0, 0, 0, 0, 0, 0, 0, 0, 0, 0, 0, 0, 0, 0, 0, 0, 0, 0, 0, 0, 0, 0, 0, 0, 0, 0, 0, 0, 0, 0, 0
0, 0, 0, 0, 0, 0, 0, 0, 0, 0, 0, 0, 0, 0, 0, 0, 0, 0, 0, 0, 0, 0, -0.002891055, -0.0023511776, -0.0022595571, -0.0022791023, -0.0024136845, -0.0025720045, -0.0026495159, -0.002793904, -0.002922793, -0.0029812793, -0.0030881525, -0.0031827248, -0.0032664235, -0.0033048762, -0.0033748613, -0.0034368834, -0.0034647926, -0.0035140654, -0.0035548566, -0.003572163, -0.0036009513, -0.0036231242, -0.0036407665, -0.0036480534, -0.003660268, -0.003669372, -0.0036727234, -0.0036773877, -0.0036793046, -0.0036786373, -0.0036774916, -0.0036736822, -0.003668625, -0.0036658319, -0.0036600344, -0.0036548567, -0.0036525645, -0.0036487083, -0.0036438457, -0.0036365918, -0.0036315026, -0.0036178909, -0.0035992488, -0.0035882948, -0.0035618555, -0.0035292523, -0.0034910587, -0.0034700898, -0.0034258151, -0.0033793729, -0.0033559743, -0.0033095533, -0.0032635797, -0.0032178448, -0.0031949114, -0.0031471385, -0.0030963756, -0.0030691852, -0.0030104958, -0.0029453903, -0.0029103404, -0.0028351748, -0.002753967, -0.0026669935, -0.0026219543, -0.0025281808, -0.0024299496, -0.0023789976, -0.002272923, -0.0021641748, -0.002063034, -0.002023201, -0.0020036532, -0.0021690363, -0.002378171, -0.003072058, 0, 0, 0, 0, 0, 0, 0, 0, 0, 0, 0, 0, 0, 0, 0, 0, 0, 0, 0, 0, 0, 0, 0, 0, 0, 0, 0, 0, 0, 0, 0, 0, 0, 0, 0, 0, 0, 0, 0, 0, 0, 0, 0, 0, 0, 0, 0, 0, 0, 0, 0, 0
0, 0, 0, 0, 0, 0, 0, 0, 0, 0, 0, 0, 0, 0, 0, 0, 0, 0, 0, 0, 0, 0, -0.0029215647, -0.0023623693, -0.0022526674, -0.0022542696, -0.0023876205, -0.0025516558, -0.0026323686, -0.0027826892, -0.0029157328, -0.0029763314, -0.0030868705, -0.003185127, -0.003272151, -0.0033117554, -0.0033838523, -0.0034463482, -0.0034739675, -0.0035215185, -0.0035592108, -0.0035744119, -0.003599176, -0.0036181535, -0.0036342423, -0.0036414922, -0.003655026, -0.0036671518, -0.0036725819, -0.003682037, -0.0036897203, -0.0036961976, -0.003699113, -0.0037041458, -0.0037084161, -0.0037105663, -0.0037145943, -0.003718767, -0.0037207776, -0.0037249338, -0.003726322, -0.0037230428, -0.0037192227, -0.003706586, -0.0036884074, -0.0036772976, -0.003651474, -0.003620649, -0.0035856748, -0.0035669021, -0.0035276501, -0.003486588, -0.0034656257, -0.0034226747, -0.0033779219, -0.0033307816, -0.0033061046, -0.003253945, -0.0031974232, -0.003167221, -0.0031026844, -0.0030335232, -0.0029972016, -0.0029215682, -0.0028419083, -0.0027583293, -0.002714995, -0.0026254603, -0.002531876, -0.0024834622, -0.0023833285, -0.0022795876, -0.0021761046, -0.002127408, -0.002053738, -0.0020635792, -0.0021278462, -0.0023470204, 0, 0, 0, 0, 0, 0, 0, 0, 0, 0, 0, 0, 0, 0, 0, 0, 0, 0, 0, 0, 0, 0, 0, 0, 0, 0, 0, 0, 0, 0, 0, 0, 0, 0, 0, 0, 0, 0, 0, 0, 0, 0, 0, 0, 0, 0, 0, 0, 0, 0, 0, 0
0, 0, 0, 0, 0, 0, 0, 0, 0, 0, 0, 0, 0, 0, 0, 0, 0, 0, 0, 0, 0, 0, 0, -0.0024242753, -0.0023146588, -0.0022593131, -0.0023623894, -0.0025198304, -0.0026003586, -0.0027518207, -0.0028866797, -0.002947773, -0.0030600105, -0.00316016, -0.0032496548, -0.003290169, -0.0033633653, -0.003426042, -0.003453389, -0.0035002665, -0.0035374733, -0.0035529295, -0.0035788382, -0.0036006144, -0.0036208993, -0.003631125, -0.003651022, -0.0036699295, -0.0036790606, -0.0036964295, -0.0037125428, -0.003727953, -0.0037353633, -0.0037488826, -0.0037614848, -0.0037673425, -0.0037779452, -0.0037874265, -0.0037916698, -0.0037986173, -0.0038013463, -0.0037976224, -0.0037933332, -0.0037798064, -0.0037612182, -0.003750451, -0.0037264563, -0.0036991297, -0.0036691613, -0.0036533752, -0.003620162, -0.0035854483, -0.0035673834, -0.0035285691, -0.0034854305, -0.0034373188, -0.003411388, -0.0033556516, -0.0032944202, -0.003261884, -0.0031933472, -0.0031208957, -0.003083262, -0.0030061374, -0.002926254, -0.0028433416, -0.002800755, -0.0027129168, -0.0026209755, -0.0025733097, -0.002474033, -0.0023675968, -0.002252882, -0.0021930146, -0.0020779474, -0.0020139809, -0.002037826, -0.0023269767, 0, 0, 0, 0, 0, 0, 0, 0, 0, 0, 0, 0, 0, 0, 0, 0, 0, 0, 0, 0, 0, 0, 0, 0, 0, 0, 0, 0, 0, 0, 0, 0, 0, 0, 0, 0, 0, 0, 0, 0, 0, 0, 0, 0, 0, 0, 0, 0, 0, 0, 0, 0
0, 0, 0, 0, 0, 0, 0, 0, 0, 0, 0, 0, 0, 0, 0, 0, 0, 0, 0, 0, 0, 0, 0, -0.0028957755, -0.0025737728, -0.002304793, -0.0023408604, -0.0024798084, -0.0025566877, -0.002703587, -0.002835387, -0.0028957836, -0.0030073698, -0.0031083412, -0.0031989107, -0.003240413, -0.0033151906, -0.0033796001, -0.0034080092, -0.0034579195, -0.0035000106, -0.003518574, -0.0035522361, -0.0035831637, -0.0036130229, -0.0036276851, -0.0036564406, -0.0036837915, -0.003696892, -0.003722675, -0.0037472998, -0.0037709912, -0.0037822344, -0.0038028937, -0.0038207325, -0.0038285255, -0.003842058, -0.0038529253, -0.003857489, -0.0038636203, -0.0038644779, -0.0038589232, -0.0038538189, -0.0038398982, -0.0038229013, -0.0038135864, -0.0037937006, -0.0037715675, -0.0037471992, -0.003734149, -0.003706372, -0.0036763826, -0.003660137, -0.003624159, -0.003581926, -0.00353318, -0.0035064665, -0.003448557, -0.00338527, -0.0033516672, -0.0032811305, -0.003206402, -0.0031675086, -0.0030879916, -0.003005906, -0.0029211992, -0.0028776885, -0.0027887924, -0.0026960042, -0.002647652, -0.00254561, -0.0024336372, -0.0023093875, -0.0022424648, -0.0021084144, -0.0020153243, -0.0020191958, -0.0022552244, -0.0028897026, 0, 0, 0, 0, 0, 0, 0, 0, 0, 0, 0, 0, 0, 0, 0, 0, 0, 0, 0, 0, 0, 0, 0, 0, 0, 0, 0, 0, 0, 0, 0, 0, 0, 0, 0, 0, 0, 0, 0, 0, 0, 0, 0, 0, 0, 0, 0, 0, 0, 0, 0
0, 0, 0, 0, 0, 0, 0, 0, 0, 0, 0, 0, 0, 0, 0, 0, 0, 0, 0, 0, 0, 0, 0, -0.0029706443, -0.0026483047, -0.0023209578, -0.0023187106, -0.0024346106, -0.0025035823, -0.002639751, -0.0027654099, -0.0028243472, -0.0029350107, -0.0030367386, -0.0031297705, -0.003172586, -0.0032511484, -0.0033202278, -0.0033514302, -0.003408247, -0.0034590731, -0.003482953, -0.0035284488, -0.0035717315, -0.003612859, -0.0036324265, -0.00366959, -0.0037040145, -0.0037204018, -0.0037523252, -0.0037833606, -0.0038127014, -0.0038263616, -0.003851087, -0.003871492, -0.0038800838, -0.0038942504, -0.003904816, -0.0039086454, -0.0039130533, -0.0039124656, -0.003906485, -0.003901938, -0.003890834, -0.0038782833, -0.0038717564, -0.0038573546, -0.0038406933, -0.0038208545, -0.0038097762, -0.0037850514, -0.0037564388, -0.0037405943, -0.0037045076, -0.003662034, -0.0036126177, -0.0035856508, -0.0035276911, -0.0034643577, -0.0034307495, -0.0033599564, -0.0032842085, -0.0032445574, -0.0031627081, -0.0030779117, -0.0029904358, -0.0029459132, -0.002854951, -0.0027599947, -0.0027103154, -0.0026047837, -0.0024882182, -0.0023578533, -0.0022873676, -0.0021412724, -0.0020136728, -0.001976674, -0.0020189986, -0.0022148974, 0, 0, 0, 0, 0, 0, 0, 0, 0, 0, 0, 0, 0, 0, 0, 0, 0, 0, 0, 0, 0, 0, 0, 0, 0, 0, 0, 0, 0, 0, 0, 0, 0, 0, 0, 0, 0, 0, 0, 0, 0, 0, 0, 0, 0, 0, 0, 0, 0, 0, 0
0, 0, 0, 0, 0, 0, 0, 0, 0, 0, 0, 0, 0, 0, 0, 0, 0, 0, 0, 0, 0, 0, 0, 0, -0.002673071, -0.0024266837, -0.0023346709, -0.0023893914, -0.0024415434, -0.0025612004, -0.0026827753, -0.0027414935, -0.0028538643, -0.002958639, -0.0030551546, -0.0031002376, -0.0031842433, -0.003259953, -0.0032950654, -0.0033609685, -0.0034221734, -0.0034517276, -0.0035088705, -0.0035630884, -0.003613079, -0.0036364587, -0.003679471, -0.003718376, -0.0037366748, -0.0037719535, -0.0038061978, -0.0038381715, -0.0038531218, -0.0038793252, -0.003900809, -0.003909603, -0.0039239037, -0.0039340924, -0.0039376845, -0.0039419127, -0.0039423625, -0.00393945, -0.003937118, -0.0039318646, -0.003925965, -0.003922393, -0.003913671, -0.0039014327, -0.0038847632, -0.0038744723, -0.0038498132, -0.0038200854, -0.0038032345, -0.003765257, -0.003721149, -0.0036714666, -0.0036444997, -0.0035870804, -0.0035246843, -0.0034916997, -0.0034215976, -0.0033460355, -0.0033064322, -0.0032240176, -0.0031379098, -0.0030492758, -0.0030042117, -0.0029117656, -0.0028154722, -0.0027647892, -0.0026570046, -0.0025381697, -0.0024065075, -0.0023355205, -0.002186039, -0.0020419245, -0.0019860722, -0.0019697868, -0.0022343867, -0.002508302, 0, 0, 0, 0, 0, 0, 0, 0, 0, 0, 0, 0, 0, 0, 0, 0, 0, 0, 0, 0, 0, 0, 0, 0, 0, 0, 0, 0, 0, 0, 0, 0, 0, 0, 0, 0, 0, 0, 0, 0, 0, 0, 0, 0, 0, 0, 0, 0, 0, 0
0, 0, 0, 0, 0, 0, 0, 0, 0, 0, 0, 0, 0, 0, 0, 0, 0, 0, 0, 0, 0, 0, 0, 0, -0.0035155378, -0.0027330369, -0.0023722625, -0.0023248382, -0.0023582524, -0.002468485, -0.0025942677, -0.0026562735, -0.0027742595, -0.0028835034, -0.002984004, -0.0030313395, -0.0031204035, -0.0032030426, -0.0032422463, -0.0033168849, -0.0033874619, -0.003421631, -0.0034872417, -0.0035486394, -0.003604466, -0.0036299373, -0.0036762487, -0.003717492, -0.0037368692, -0.0037736194, -0.003808618, -0.0038411564, -0.003856143, -0.0038828722, -0.0039048714, -0.003913961, -0.003929093, -0.0039401767, -0.0039445944, -0.0039508515, -0.003954793, -0.0039574313, -0.0039582937, -0.00395933, -0.003959395, -0.0039586574, -0.003954326, -0.00394508, -0.003929812, -0.0039197933, -0.003894443, -0.00386266, -0.0038444551, -0.0038043335, -0.003758743, -0.0037084417, -0.0036814748, -0.003624644, -0.0035631827, -0.0035306383, -0.0034616434, -0.0033877492, -0.003348877, -0.0032685874, -0.0031844708, -0.0030975714, -0.003053056, -0.0029612214, -0.0028644763, -0.0028136217, -0.0027055717, -0.0025881287, -0.002460043, -0.0023923498, -0.0022512537, -0.0021157127, -0.002061946, -0.0020414768, -0.0022843222, -0.0025617743, 0, 0, 0, 0, 0, 0, 0, 0, 0, 0, 0, 0, 0, 0, 0, 0, 0, 0, 0, 0, 0, 0, 0, 0, 0, 0, 0, 0, 0, 0, 0, 0, 0, 0, 0, 0, 0, 0, 0, 0, 0, 0, 0, 0, 0, 0, 0, 0, 0, 0
0, 0, 0, 0, 0, 0, 0, 0, 0, 0, 0, 0, 0, 0, 0, 0, 0, 0, 0, 0, 0, 0, 0, 0, 0, -0.0028223714, -0.0023234831, -0.0022231115, -0.0022523783, -0.0023711084, -0.0025088652, -0.0025754955, -0.0026999507, -0.002812424, -0.0029155277, -0.002964432, -0.0030571623, -0.0031453916, -0.003188021, -0.0032701094, -0.0033483698, -0.003385802, -0.0034571718, -0.0035231651, -0.0035824068, -0.0036094198, -0.0036583433, -0.0037018356, -0.0037221184, -0.0037601476, -0.0037953684, -0.0038273656, -0.003842162, -0.0038685699, -0.003891374, -0.0039012013, -0.0039178208, -0.0039312206, -0.003936997, -0.0039468105, -0.003955151, -0.0039629717, -0.0039661657, -0.003971657, -0.0039747744, -0.003975372, -0.003973541, -0.0039661457, -0.003952153, -0.0039424323, -0.003917127, -0.0038844084, -0.0038656488, -0.003824421, -0.0037779901, -0.0037271902, -0.0037002298, -0.003643179, -0.0035819763, -0.003549787, -0.0034821932, -0.0034107957, -0.0033739677, -0.003298273, -0.0032192126, -0.0031363964, -0.0030936797, -0.0030039242, -0.0029086361, -0.0028583328, -0.0027522154, -0.00263868, -0.002517917, -0.0024552324, -0.0023267646, -0.0022029537, -0.0021509698, -0.0021066638, -0.0022521357, -0.0024545349, -0.0031387983, 0, 0, 0, 0, 0, 0, 0, 0, 0, 0, 0, 0, 0, 0, 0, 0, 0, 0, 0, 0, 0, 0, 0, 0, 0, 0, 0, 0, 0, 0, 0, 0, 0, 0, 0, 0, 0, 0, 0, 0, 0, 0, 0, 0, 0, 0, 0, 0, 0
0, 0, 0, 0, 0, 0, 0, 0, 0, 0, 0, 0, 0, 0, 0, 0, 0, 0, 0, 0, 0, 0, 0, 0, 0, -0.0027445182, -0.0022535303, -0.0021452587, -0.0021737455, -0.0022934934, -0.0024332786, -0.002500693, -0.002625953, -0.0027392197, -0.0028435967, -0.0028931142, -0.0029892845, -0.0030821862, -0.0031275477, -0.0032160324, -0.0033005879, -0.0033408345, -0.0034172393, -0.0034874578, -0.0035506624, -0.0035796196, -0.0036327173, -0.0036800948, -0.003701829, -0.0037418206, -0.0037776062, -0.0038092243, -0.0038235693, -0.0038496086, -0.003872994, -0.0038834682, -0.003902563, -0.003919061, -0.00392631, -0.0039395695, -0.003951475, -0.0039613275, -0.003965289, -0.0039711567, -0.0039741527, -0.003974461, -0.0039728014, -0.003966633, -0.0039543053, -0.0039454517, -0.003921888, -0.0038900897, -0.0038716549, -0.0038306266, -0.003784328, -0.0037331106, -0.0037056813, -0.00364815, -0.003586497, -0.003554496, -0.003488554, -0.003420729, -0.0033864402, -0.0033164485, -0.003243601, -0.0031664057, -0.0031257449, -0.0030396183, -0.0029469784, -0.0028981187, -0.0027956106, -0.0026874023, -0.0025744701, -0.0025163111, -0.0023960476, -0.0022738006, -0.0022144706, -0.0021189253, -0.0021082961, -0.0021639536, -0.0023726493, 0, 0, 0, 0, 0, 0, 0, 0, 0, 0, 0, 0, 0, 0, 0, 0, 0, 0, 0, 0, 0, 0, 0, 0, 0, 0, 0, 0, 0, 0, 0, 0, 0, 0, 0, 0, 0, 0, 0, 0, 0, 0, 0, 0, 0, 0, 0, 0, 0
0, 0, 0, 0, 0, 0, 0, 0, 0, 0, 0, 0, 0, 0, 0, 0, 0, 0, 0, 0, 0, 0, 0, 0, 0, 0, -0.0023511555, -0.0021884292, -0.0021770343, -0.0022440709, -0.0023606657, -0.0024227041, -0.0025439276, -0.0026572868, -0.0027640432, -0.0028153437, -0.002915646, -0.0030136022, -0.0030618114, -0.0031559528, -0.0032466084, -0.0032898968, -0.003372071, -0.0034478635, -0.0035172242, -0.0035492373, -0.0036084417, -0.0036613557, -0.0036854127, -0.0037286128, -0.0037654494, -0.00379713, -0.0038110304, -0.0038366653, -0.003860417, -0.0038715568, -0.003892657, -0.0039116694, -0.0039202278, -0.0039355215, -0.003948451, -0.0039577857, -0.0039609466, -0.003964181, -0.0039640255, -0.0039632744, -0.003960359, -0.003954724, -0.0039441446, -0.003936313, -0.003914707, -0.0038851176, -0.0038674795, -0.0038272752, -0.0037812488, -0.0037296617, -0.0037020666, -0.0036436901, -0.0035818815, -0.0035501947, -0.0034857101, -0.003421335, -0.003389283, -0.0033246023, -0.0032573792, -0.0031853376, -0.0031468477, -0.0030648198, -0.002975738, -0.0029290211, -0.002831333, -0.0027289223, -0.0026224996, -0.0025674463, -0.0024519614, -0.0023279977, -0.0022632212, -0.0021376424, -0.002062599, -0.002080284, -0.0023560994, 0, 0, 0, 0, 0, 0, 0, 0, 0, 0, 0, 0, 0, 0, 0, 0, 0, 0, 0, 0, 0, 0, 0, 0, 0, 0, 0, 0, 0, 0, 0, 0, 0, 0, 0, 0, 0, 0, 0, 0, 0, 0, 0, 0, 0, 0, 0, 0, 0
0, 0, 0, 0, 0, 0, 0, 0, 0, 0, 0, 0, 0, 0, 0, 0, 0, 0, 0, 0, 0, 0, 0, 0, 0, 0, -0.0028784762, -0.0023383435, -0.0022244826, -0.0021882914, -0.002272305, -0.002329962, -0.0024510734, -0.0025696575, -0.002682694, -0.0027376849, -0.0028444927, -0.0029486348, -0.0029998268, -0.0030999666, -0.0031964388, -0.0032428915, -0.0033313436, -0.003413704, -0.0034897479, -0.003525321, -0.0035913682, -0.0036501882, -0.003676745, -0.0037232984, -0.0037620268, -0.003793963, -0.0038078998, -0.00383357, -0.003857889, -0.0038695454, -0.0038918164, -0.0039118193, -0.0039207675, -0.003936371, -0.0039479523, -0.0039552595, -0.003957102, -0.0039571323, -0.0039540166, -0.0039518573, -0.003947076, -0.0039407676, -0.0039304723, -0.003922926, -0.0039024309, -0.0038738926, -0.0038565916, -0.0038171136, -0.00377102, -0.003719523, -0.0036918113, -0.003633601, -0.0035725052, -0.003541213, -0.0034784211, -0.0034163403, -0.0033856705, -0.0033241427, -0.003260325, -0.003191816, -0.0031552778, -0.0030770574, -0.002992027, -0.0029473775, -0.0028546767, -0.0027580238, -0.0026570018, -0.0026043463, -0.0024936518, -0.0023742833, -0.0023118723, -0.0021905329, -0.002117513, -0.0021341695, -0.0023993135, -0.003060902, 0, 0, 0, 0, 0, 0, 0, 0, 0, 0, 0, 0, 0, 0, 0, 0, 0, 0, 0, 0, 0, 0, 0, 0, 0, 0, 0, 0, 0, 0, 0, 0, 0, 0, 0, 0, 0, 0, 0, 0, 0, 0, 0, 0, 0, 0, 0, 0
0, 0, 0, 0, 0, 0, 0, 0, 0, 0, 0, 0, 0, 0, 0, 0, 0, 0, 0, 0, 0, 0, 0, 0, 0, 0, -0.0030217604, -0.0023684928, -0.0021902383, -0.0020926704, -0.0021678929, -0.0022286288, -0.0023605986, -0.0024906988, -0.002614319, -0.0026739917, -0.0027896583, -0.0029008503, -0.002955056, -0.0030606717, -0.0031616872, -0.0032104491, -0.00330382, -0.0033915371, -0.0034728986, -0.0035111033, -0.0035818366, -0.003644963, -0.0036729362, -0.003722256, -0.0037627455, -0.0037959553, -0.0038106113, -0.0038376383, -0.0038629833, -0.0038751245, -0.0038979875, -0.0039178645, -0.0039263973, -0.003940436, -0.0039504603, -0.003955872, -0.0039567486, -0.0039551444, -0.0039506196, -0.00394775, -0.003941186, -0.0039327447, -0.0039201416, -0.0039116703, -0.0038895446, -0.0038595775, -0.0038420632, -0.0038022522, -0.0037565439, -0.0037060448, -0.003679158, -0.0036225813, -0.0035636805, -0.0035336337, -0.0034726646, -0.0034120418, -0.0033818884, -0.003320937, -0.0032576763, -0.0031904907, -0.003154906, -0.0030794628, -0.0029980757, -0.0029553112, -0.002866909, -0.002774392, -0.0026771824, -0.0026264368, -0.0025204576, -0.0024084486, -0.0023511637, -0.0022422713, -0.002171501, -0.002175286, -0.002356372, -0.0029277941, 0, 0, 0, 0, 0, 0, 0, 0, 0, 0, 0, 0, 0, 0, 0, 0, 0, 0, 0, 0, 0, 0, 0, 0, 0, 0, 0, 0, 0, 0, 0, 0, 0, 0, 0, 0, 0, 0, 0, 0, 0, 0, 0, 0, 0, 0, 0, 0
0, 0, 0, 0, 0, 0, 0, 0, 0, 0, 0, 0, 0, 0, 0, 0, 0, 0, 0, 0, 0, 0, 0, 0, 0, 0, 0, -0.0023141894, -0.0021231903, -0.0020121743, -0.0020880364, -0.0021527275, -0.0022962578, -0.0024385448, -0.0025731937, -0.0026377353, -0.0027611025, -0.0028782077, -0.002934714, -0.0030438507, -0.0031474961, -0.003197005, -0.0032925557, -0.0033820437, -0.0034650553, -0.0035039908, -0.003575805, -0.0036395337, -0.003668215, -0.0037187936, -0.0037614382, -0.0037974059, -0.0038135736, -0.0038433303, -0.0038708588, -0.0038837257, -0.0039071282, -0.003926476, -0.0039345687, -0.0039474075, -0.003956156, -0.003960657, -0.003961285, -0.003959852, -0.003955638, -0.003952541, -0.0039445446, -0.0039328695, -0.0039160997, -0.0039055615, -0.0038793636, -0.0038468502, -0.0038284012, -0.0037878323, -0.0037430984, -0.0036948642, -0.0036696056, -0.003616967, -0.003562148, -0.0035337766, -0.0034757836, -0.0034162889, -0.0033860859, -0.0033238493, -0.0032595377, -0.0031918976, -0.0031566147, -0.0030822577, -0.0030030427, -0.002961459, -0.002875163, -0.0027841975, -0.00268802, -0.0026377894, -0.0025331196, -0.0024233558, -0.0023672257, -0.0022566633, -0.0021620588, -0.0021332284, -0.0021612397, -0.002371632, 0, 0, 0, 0, 0, 0, 0, 0, 0, 0, 0, 0, 0, 0, 0, 0, 0, 0, 0, 0, 0, 0, 0, 0, 0, 0, 0, 0, 0, 0, 0, 0, 0, 0, 0, 0, 0, 0, 0, 0, 0, 0, 0, 0, 0, 0, 0, 0
0, 0, 0, 0, 0, 0, 0, 0, 0, 0, 0, 0, 0, 0, 0, 0, 0, 0, 0, 0, 0, 0, 0, 0, 0, 0, 0, -0.0023072122, -0.0021971895, -0.002044481, -0.002073744, -0.0021293345, -0.002271081, -0.0024204212, -0.002562732, -0.0026302824, -0.0027588096, -0.0028791563, -0.0029365725, -0.0030464423, -0.0031499204, -0.003199053, -0.003292888, -0.0033806695, -0.003461389, -0.0034990527, -0.0035686037, -0.0036303785, -0.0036583424, -0.0037095288, -0.0037542665, -0.0037935674, -0.0038117422, -0.0038457608, -0.0038765178, -0.0038907921, -0.003915809, -0.0039357995, -0.003943819, -0.003956797, -0.0039655687, -0.0039704097, -0.0039714044, -0.003970671, -0.003966787, -0.003963418, -0.0039535435, -0.0039380663, -0.0039166934, -0.003903856, -0.0038735904, -0.0038384348, -0.0038193173, -0.003778997, -0.0037360848, -0.0036914872, -0.0036685618, -0.0036212362, -0.0035715827, -0.0035456356, -0.003491434, -0.0034338427, -0.0034039665, -0.003341234, -0.003275809, -0.003207661, -0.0031721396, -0.0030981118, -0.0030192763, -0.0029778976, -0.0028914392, -0.0027995738, -0.0027015638, -0.0026501627, -0.002542361, -0.0024280916, -0.0023683764, -0.0022438574, -0.002117499, -0.0020605058, -0.001999751, -0.0021349061, -0.0026453056, 0, 0, 0, 0, 0, 0, 0, 0, 0, 0, 0, 0, 0, 0, 0, 0, 0, 0, 0, 0, 0, 0, 0, 0, 0, 0, 0, 0, 0, 0, 0, 0, 0, 0, 0, 0, 0, 0, 0, 0, 0, 0, 0, 0, 0, 0, 0
0, 0, 0, 0, 0, 0, 0, 0, 0, 0, 0, 0, 0, 0, 0, 0, 0, 0, 0, 0, 0, 0, 0, 0, 0, 0, 0, -0.0030345446, -0.0026663675, -0.002190216, -0.0021067078, -0.0021431863, -0.0022754716, -0.0024274641, -0.002573423, -0.0026425072, -0.0027730104, -0.002893777, -0.002951144, -0.0030593532, -0.0031601645, -0.003207893, -0.0032980898, -0.0033815715, -0.0034579048, -0.0034933283, -0.0035586192, -0.0036168457, -0.003643862, -0.0036944868, -0.0037408564, -0.0037836633, -0.0038037887, -0.0038417035, -0.0038766821, -0.0038927803, -0.0039211493, -0.0039440705, -0.0039535016, -0.0039686286, -0.003978879, -0.003984432, -0.003985848, -0.003985246, -0.00398059, -0.0039763777, -0.003963773, -0.003944465, -0.0039193244, -0.0039045792, -0.0038717978, -0.0038356003, -0.003816603, -0.0037779969, -0.0037383968, -0.0036983208, -0.0036778993, -0.0036358132, -0.0035913687, -0.003568274, -0.0035187777, -0.0034649058, -0.0034363447, -0.0033756257, -0.0033115072, -0.0032437434, -0.0032086007, -0.0031350232, -0.0030559567, -0.003014383, -0.0029266803, -0.0028327815, -0.0027320518, -0.002678671, -0.0025666587, -0.0024458822, -0.002381593, -0.0022430986, -0.0020935105, -0.0020186212, -0.0018976288, -0.0018959831, -0.0020591216, 0, 0, 0, 0, 0, 0, 0, 0, 0, 0, 0, 0, 0, 0, 0, 0, 0, 0, 0, 0, 0, 0, 0, 0, 0, 0, 0, 0, 0, 0, 0, 0, 0, 0, 0, 0, 0, 0, 0, 0, 0, 0, 0, 0, 0, 0, 0
0, 0, 0, 0, 0, 0, 0, 0, 0, 0, 0, 0, 0, 0, 0, 0, 0, 0, 0, 0, 0, 0, 0, 0, 0, 0, 0, 0, -0.002766913, -0.0022672787, -0.0021460205, -0.002171885, -0.0022936924, -0.0024428677, -0.0025887408, -0.0026584151, -0.0027890792, -0.0029091157, -0.0029655623, -0.0030714842, -0.003168866, -0.0032146892, -0.0033011255, -0.0033805624, -0.0034523392, -0.0034854938, -0.0035461565, -0.0036009771, -0.0036267221, -0.0036763416, -0.0037235061, -0.0037683204, -0.0037900256, -0.0038313377, -0.0038702097, -0.003888357, -0.0039215432, -0.003949528, -0.003961312, -0.0039807674, -0.0039940127, -0.004001314, -0.0040026987, -0.0040012854, -0.003994529, -0.003988943, -0.003973085, -0.0039508543, -0.0039229426, -0.0039073285, -0.0038739094, -0.0038389172, -0.0038210114, -0.0037855348, -0.0037503561, -0.0037147177, -0.0036965199, -0.0036587503, -0.003619283, -0.0035985645, -0.0035544701, -0.00350621, -0.003480185, -0.003424367, -0.0033641185, -0.0032995248, -0.0032654265, -0.0031934907, -0.0031151925, -0.003073683, -0.0029860823, -0.0028915154, -0.0027899463, -0.0027364742, -0.0026232454, -0.0025003531, -0.0024347152, -0.0022926854, -0.002137567, -0.0020583104, -0.0019196417, -0.0018857737, -0.0021364219, -0.0024108102, 0, 0, 0, 0, 0, 0, 0, 0, 0, 0, 0, 0, 0, 0, 0, 0, 0, 0, 0, 0, 0, 0, 0, 0, 0, 0, 0, 0, 0, 0, 0, 0, 0, 0, 0, 0, 0, 0, 0, 0, 0, 0, 0, 0, 0, 0
0, 0, 0, 0, 0, 0, 0, 0, 0, 0, 0, 0, 0, 0, 0, 0, 0, 0, 0, 0, 0, 0, 0, 0, 0, 0, 0, 0, 0, -0.0024206773, -0.0022511624, -0.0022401423, -0.002314854, -0.0024469008, -0.002590168, -0.002660046, -0.0027916085, -0.0029119228, -0.002967454, -0.0030710828, -0.0031659289, -0.0032104868, -0.0032947883, -0.0033719428, -0.003441314, -0.0034729566, -0.0035310367, -0.003583691, -0.0036085853, -0.003657169, -0.0037042461, -0.0037501405, -0.0037726997, -0.003816706, -0.0038590382, -0.0038793145, -0.0039173164, -0.0039510787, -0.003965624, -0.0039903778, -0.004007712, -0.0040175766, -0.0040194136, -0.004017555, -0.004008931, -0.004002262, -0.0039842287, -0.003960278, -0.0039317654, -0.0039162333, -0.0038841777, -0.0038519166, -0.003835877, -0.0038042697, -0.0037732518, -0.003741623, -0.0037253762, -0.0036915473, -0.0036556877, -0.003637134, -0.0035983245, -0.0035561887, -0.0035335426, -0.0034843788, -0.003429772, -0.0033698028, -0.003337744, -0.0032692985, -0.0031941382, -0.003154111, -0.0030690795, -0.0029777442, -0.0028799986, -0.0028286215, -0.0027199576, -0.0026028797, -0.0025402778, -0.0024076514, -0.0022650347, -0.0021930663, -0.002068501, -0.0020383846, -0.0022665157, -0.0025377658, 0, 0, 0, 0, 0, 0, 0, 0, 0, 0, 0, 0, 0, 0, 0, 0, 0, 0, 0, 0, 0, 0, 0, 0, 0, 0, 0, 0, 0, 0, 0, 0, 0, 0, 0, 0, 0, 0, 0, 0, 0, 0, 0, 0, 0, 0
0, 0, 0, 0, 0, 0, 0, 0, 0, 0, 0, 0, 0, 0, 0, 0, 0, 0, 0, 0, 0, 0, 0, 0, 0, 0, 0, 0, 0, -0.0029773503, -0.002434239, -0.0023250445, -0.002307751, -0.0024174624, -0.002560841, -0.0026325206, -0.0027679575, -0.0028890658, -0.0029446848, -0.0030479387, -0.0031427008, -0.0031872457, -0.003272084, -0.0033501217, -0.0034200205, -0.0034521197, -0.0035105413, -0.0035632146, -0.0035881489, -0.0036364924, -0.0036837733, -0.003730625, -0.0037538945, -0.0038003332, -0.0038457024, -0.0038677577, -0.003910049, -0.0039485297, -0.003965678, -0.0039952495, -0.0040170006, -0.004030331, -0.0040336293, -0.0040335483, -0.0040258425, -0.0040194397, -0.0040022647, -0.0039797644, -0.003953604, -0.0039396994, -0.0039111855, -0.0038827348, -0.0038688895, -0.0038411915, -0.0038138758, -0.0037852703, -0.0037703773, -0.0037392383, -0.00370637, -0.0036895091, -0.003654983, -0.0036179896, -0.0035980903, -0.003554923, -0.0035060707, -0.003451294, -0.003421821, -0.0033583955, -0.0032890711, -0.003252219, -0.003173777, -0.0030895076, -0.002999494, -0.002952182, -0.002852859, -0.002746623, -0.0026906175, -0.0025732783, -0.0024499546, -0.0023887013, -0.0022821391, -0.002245267, -0.0024019515, -0.0026123347, -0.0033255084, 0, 0, 0, 0, 0, 0, 0, 0, 0, 0, 0, 0, 0, 0, 0, 0, 0, 0, 0, 0, 0, 0, 0, 0, 0, 0, 0, 0, 0, 0, 0, 0, 0, 0, 0, 0, 0, 0, 0, 0, 0, 0, 0, 0, 0
0, 0, 0, 0, 0, 0, 0, 0, 0, 0, 0, 0, 0, 0, 0, 0, 0, 0, 0, 0, 0, 0, 0, 0, 0, 0, 0, 0, 0, -0.0031437501, -0.0024882979, -0.0023163166, -0.0022427547, -0.002347364, -0.0024976917, -0.0025728913, -0.002712145, -0.0028355205, -0.0028919852, -0.002997495, -0.0030951658, -0.003141772, -0.003229954, -0.0033115293, -0.0033854907, -0.003419352, -0.0034809252, -0.0035365215, -0.0035625624, -0.003612933, -0.003661845, -0.0037106182, -0.0037351511, -0.0037838037, -0.0038315405, -0.0038549544, -0.0038999824, -0.003941747, -0.003960781, -0.003994352, -0.0040205694, -0.0040387237, -0.0040444825, -0.004049534, -0.004046623, -0.0040427973, -0.004030803, -0.0040141903, -0.0039944677, -0.0039836783, -0.003961454, -0.0039385916, -0.003927037, -0.0039037112, -0.0038791224, -0.0038527097, -0.0038384888, -0.0038085175, -0.0037771566, -0.003761142, -0.0037287532, -0.0036945222, -0.0036761374, -0.0036365492, -0.0035922588, -0.0035427557, -0.003516091, -0.003459479, -0.0033981667, -0.0033654834, -0.0032964675, -0.0032217016, -0.003140968, -0.0030982927, -0.0030082548, -0.0029120492, -0.0028615624, -0.0027560813, -0.0026452981, -0.0025892227, -0.0024826613, -0.0024127807, -0.0024651827, -0.0025905706, -0.0031760237, 0, 0, 0, 0, 0, 0, 0, 0, 0, 0, 0, 0, 0, 0, 0, 0, 0, 0, 0, 0, 0, 0, 0, 0, 0, 0, 0, 0, 0, 0, 0, 0, 0, 0, 0, 0, 0, 0, 0, 0, 0, 0, 0, 0, 0
0, 0, 0, 0, 0, 0, 0, 0, 0, 0, 0, 0, 0, 0, 0, 0, 0, 0, 0, 0, 0, 0, 0, 0, 0, 0, 0, 0, 0, 0, -0.002453982, -0.0022649567, -0.00217298, -0.002269398, -0.0024160887, -0.0024905126, -0.002630118, -0.0027557465, -0.0028142896, -0.0029251175, -0.0030287036, -0.0030783287, -0.0031721091, -0.0032592362, -0.0033380783, -0.00337437, -0.0034413557, -0.0035017524, -0.003530342, -0.0035850152, -0.0036378363, -0.0036899222, -0.003715667, -0.0037662452, -0.003815694, -0.0038397096, -0.003886108, -0.0039298213, -0.0039499826, -0.0039868345, -0.0040180436, -0.00404217, -0.004051653, -0.004064634, -0.004070229, -0.004070981, -0.004068323, -0.0040616146, -0.0040516113, -0.00404587, -0.0040325155, -0.0040171035, -0.004008608, -0.0039901366, -0.0039685937, -0.003943569, -0.003929663, -0.0038990683, -0.0038667277, -0.0038503723, -0.003817271, -0.0037828088, -0.0037645844, -0.0037261853, -0.0036850031, -0.0036409108, -0.0036178427, -0.003569533, -0.0035178, -0.0034901653, -0.0034307656, -0.0033647746, -0.0032913475, -0.0032517365, -0.003167026, -0.0030749117, -0.0030262126, -0.002922775, -0.0028101138, -0.0027497592, -0.002621894, -0.0024950479, -0.002414465, -0.0024219146, -0.0025974237, 0, 0, 0, 0, 0, 0, 0, 0, 0, 0, 0, 0, 0, 0, 0, 0, 0, 0, 0, 0, 0, 0, 0, 0, 0, 0, 0, 0, 0, 0, 0, 0, 0, 0, 0, 0, 0, 0, 0, 0, 0, 0, 0, 0, 0
0, 0, 0, 0, 0, 0, 0, 0, 0, 0, 0, 0, 0, 0, 0, 0, 0, 0, 0, 0, 0, 0, 0, 0, 0, 0, 0, 0, 0, 0, -0.0024627212, -0.0023524666, -0.0021991138, -0.0022206816, -0.002330617, -0.0023967943, -0.0025320197, -0.0026624815, -0.0027251504, -0.002844775, -0.0029565895, -0.0030097873, -0.0031095347, -0.003201176, -0.0032842476, -0.0033227277, -0.0033945846, -0.003460583, -0.0034922916, -0.0035531514, -0.0036112717, -0.003666785, -0.0036935366, -0.0037453487, -0.003795316, -0.0038194822, -0.0038663722, -0.003911144, -0.003932398, -0.0039725644, -0.0040087732, -0.0040402804, -0.0040536853, -0.0040760715, -0.004092236, -0.004098376, -0.004107131, -0.00411202, -0.0041134497, -0.0041129757, -0.0041096974, -0.0041030105, -0.0040981583, -0.0040852954, -0.0040671797, -0.004043553, -0.0040294575, -0.0039975946, -0.0039629256, -0.003945013, -0.003908964, -0.003872479, -0.0038537297, -0.0038158358, -0.003777371, -0.0037391589, -0.0037199655, -0.0036804904, -0.0036383616, -0.0036152806, -0.0035636052, -0.0035033296, -0.0034332718, -0.0033943567, -0.003309371, -0.0032147663, -0.0031636609, -0.0030534775, -0.0029293622, -0.0028602714, -0.0027054464, -0.0025315736, -0.002369923, -0.0023226575, -0.0024220909, -0.002986424, 0, 0, 0, 0, 0, 0, 0, 0, 0, 0, 0, 0, 0, 0, 0, 0, 0, 0, 0, 0, 0, 0, 0, 0, 0, 0, 0, 0, 0, 0, 0, 0, 0, 0, 0, 0, 0, 0, 0, 0, 0, 0, 0, 0
0, 0, 0, 0, 0, 0, 0, 0, 0, 0, 0, 0, 0, 0, 0, 0, 0, 0, 0, 0, 0, 0, 0, 0, 0, 0, 0, 0, 0, 0, -0.0032417441, -0.002854208, -0.002324269, -0.0021808527, -0.0022348077, -0.002292942, -0.0024300362, -0.0025716082, -0.0026404401, -0.0027714695, -0.0028919617, -0.0029481116, -0.0030524987, -0.0031467653, -0.0032321608, -0.003271993, -0.0033469093, -0.0034178402, -0.0034521106, -0.003518717, -0.0035812613, -0.0036393877, -0.0036669115, -0.0037193224, -0.003769077, -0.0037932142, -0.003840107, -0.0038856457, -0.0039081112, -0.0039513963, -0.0039927512, -0.004030845, -0.0040482734, -0.004079657, -0.004106225, -0.0041177403, -0.0041371905, -0.0041524298, -0.00416378, -0.004168052, -0.004173451, -0.0041745463, -0.004173074, -0.004165239, -0.004150781, -0.004128775, -0.00411501, -0.004082843, -0.0040464625, -0.004027489, -0.00398912, -0.0039506904, -0.003931667, -0.0038946373, -0.003859598, -0.003826792, -0.003810976, -0.0037789962, -0.0037436055, -0.0037233478, -0.0036760643, -0.0036175728, -0.0035470014, -0.0035070092, -0.0034181087, -0.0033176194, -0.0032630975, -0.0031440246, -0.003008641, -0.0029332412, -0.0027639596, -0.002572404, -0.0023858144, -0.0023187473, -0.0023303025, -0.0025847654, 0, 0, 0, 0, 0, 0, 0, 0, 0, 0, 0, 0, 0, 0, 0, 0, 0, 0, 0, 0, 0, 0, 0, 0, 0, 0, 0, 0, 0, 0, 0, 0, 0, 0, 0, 0, 0, 0, 0, 0, 0, 0, 0, 0
0, 0, 0, 0, 0, 0, 0, 0, 0, 0, 0, 0, 0, 0, 0, 0, 0, 0, 0, 0, 0, 0, 0, 0, 0, 0, 0, 0, 0, 0, 0, -0.002979738, -0.0023419843, -0.0020989133, -0.0021291908, -0.0021895356, -0.0023401326, -0.002497238, -0.00257293, -0.002714303, -0.0028411802, -0.0028991362, -0.003005948, -0.0031009156, -0.0031869875, -0.003227312, -0.0033041222, -0.0033777643, -0.003413609, -0.0034832638, -0.0035486424, -0.0036084056, -0.003636427, -0.0036893755, -0.0037391123, -0.003763488, -0.0038103496, -0.0038566322, -0.0038797362, -0.003925585, -0.0039706416, -0.0040138783, -0.0040345117, -0.0040729665, -0.004107478, -0.004123014, -0.004150696, -0.004173586, -0.004191586, -0.00419897, -0.0042099245, -0.004215394, -0.004216012, -0.0042118616, -0.004200358, -0.0041806838, -0.0041681076, -0.0041378415, -0.004103008, -0.0040846425, -0.0040471232, -0.004009368, -0.003990967, -0.0039557107, -0.0039231656, -0.00389352, -0.0038793215, -0.0038500007, -0.0038165126, -0.0037968224, -0.0037491366, -0.0036894039, -0.0036162273, -0.003574635, -0.0034820517, -0.0033776734, -0.0033210835, -0.003197393, -0.0030586848, -0.002982248, -0.0028144903, -0.0026308333, -0.0024606949, -0.0024067839, -0.002504655, -0.0033761363, -0.004471892, 0, 0, 0, 0, 0, 0, 0, 0, 0, 0, 0, 0, 0, 0, 0, 0, 0, 0, 0, 0, 0, 0, 0, 0, 0, 0, 0, 0, 0, 0, 0, 0, 0, 0, 0, 0, 0, 0, 0, 0, 0, 0, 0
0, 0, 0, 0, 0, 0, 0, 0, 0, 0, 0, 0, 0, 0, 0, 0, 0, 0, 0, 0, 0, 0, 0, 0, 0, 0, 0, 0, 0, 0, 0, 0, -0.0022937488, -0.0020310483, -0.0020572348, -0.0021200485, -0.0022799976, -0.0024465104, -0.0025258793, -0.0026720373, -0.0028008106, -0.0028592658, -0.002965891, -0.0030611642, -0.0031476375, -0.003188301, -0.003266637, -0.0033418888, -0.0033787522, -0.0034501588, -0.0035167353, -0.0035781167, -0.0036067574, -0.0036609878, -0.0037118022, -0.0037362103, -0.0037836037, -0.003830084, -0.0038532147, -0.0038995417, -0.0039461316, -0.0039914832, -0.004013476, -0.004055575, -0.004094707, -0.004112707, -0.0041456297, -0.0041729095, -0.0041946042, -0.0042033247, -0.004216315, -0.004223448, -0.0042246506, -0.0042224014, -0.0042133057, -0.0041971332, -0.0041863834, -0.004160898, -0.004131142, -0.0041153682, -0.0040825265, -0.004048454, -0.004031558, -0.003998016, -0.0039659054, -0.003934792, -0.0039193197, -0.0038865544, -0.0038484533, -0.003826447, -0.0037743018, -0.0037108618, -0.0036354905, -0.0035932295, -0.003500029, -0.0033961183, -0.003339869, -0.003217972, -0.0030825834, -0.0030093798, -0.0028506792, -0.0026793892, -0.002515019, -0.0024531991, -0.002455157, -0.0028257312, -0.0031763054, 0, 0, 0, 0, 0, 0, 0, 0, 0, 0, 0, 0, 0, 0, 0, 0, 0, 0, 0, 0, 0, 0, 0, 0, 0, 0, 0, 0, 0, 0, 0, 0, 0, 0, 0, 0, 0, 0, 0, 0, 0, 0, 0
0, 0, 0, 0, 0, 0, 0, 0, 0, 0, 0, 0, 0, 0, 0, 0, 0, 0, 0, 0, 0, 0, 0, 0, 0, 0, 0, 0, 0, 0, 0, 0, -0.002304561, -0.0021053047, -0.002067786, -0.0021101355, -0.002251945, -0.0024140154, -0.002492196, -0.0026357095, -0.0027615803, -0.0028189677, -0.0029243815, -0.0030201206, -0.0031084982, -0.0031505448, -0.0032314458, -0.0033093058, -0.0033470718, -0.003420188, -0.003488689, -0.003552445, -0.003582546, -0.003639119, -0.0036920398, -0.0037170986, -0.003764926, -0.0038110623, -0.003833328, -0.0038785383, -0.003923618, -0.003967991, -0.003989508, -0.004031444, -0.004071187, -0.0040901466, -0.0041251886, -0.0041546957, -0.0041779885, -0.004187284, -0.0042008683, -0.004208284, -0.004209939, -0.0042090267, -0.0042027077, -0.0041905437, -0.0041824575, -0.004163298, -0.0041408427, -0.00412856, -0.0041019013, -0.0040727155, -0.004057082, -0.0040243943, -0.003989406, -0.0039524673, -0.0039329682, -0.0038908941, -0.003843315, -0.0038169608, -0.0037577243, -0.0036899953, -0.003613412, -0.0035716493, -0.0034814526, -0.0033815072, -0.003327918, -0.0032119073, -0.0030832277, -0.0030136486, -0.0028632197, -0.0026971155, -0.0025215656, -0.002437275, -0.002313896, -0.0023407089, -0.0024347282, 0, 0, 0, 0, 0, 0, 0, 0, 0, 0, 0, 0, 0, 0, 0, 0, 0, 0, 0, 0, 0, 0, 0, 0, 0, 0, 0, 0, 0, 0, 0, 0, 0, 0, 0, 0, 0, 0, 0, 0, 0, 0, 0
0, 0, 0, 0, 0, 0, 0, 0, 0, 0, 0, 0, 0, 0, 0, 0, 0, 0, 0, 0, 0, 0, 0, 0, 0, 0, 0, 0, 0, 0, 0, 0, -0.0030360962, -0.0023747557, -0.0021316942, -0.0021305692, -0.0022355411, -0.0023842074, -0.0024577337, -0.0025934184, -0.002713625, -0.0027693165, -0.0028737984, -0.0029715851, -0.0030639933, -0.0031085415, -0.003194917, -0.0032771225, -0.0033168143, -0.0033930012, -0.003464512, -0.003531683, -0.0035634225, -0.0036234325, -0.003678499, -0.003704359, -0.0037529045, -0.0037979325, -0.0038195695, -0.0038622562, -0.0039044947, -0.003945826, -0.003965789, -0.0040048673, -0.004042936, -0.0040611844, -0.0040959255, -0.0041262726, -0.0041506346, -0.004160541, -0.00417507, -0.0041840747, -0.004186597, -0.0041883443, -0.004184994, -0.0041775648, -0.0041722064, -0.0041592885, -0.004142997, -0.0041336906, -0.0041117785, -0.0040853797, -0.004070308, -0.004035999, -0.0039961766, -0.0039508287, -0.0039260793, -0.0038728465, -0.003814211, -0.0037829962, -0.0037166846, -0.0036457982, -0.003569643, -0.0035292918, -0.0034439296, -0.003350369, -0.0032999937, -0.0031908427, -0.0030690131, -0.0030028028, -0.0028587338, -0.0026970578, -0.0025200436, -0.0024303652, -0.0022842477, -0.0023261337, -0.002539836, -0.003915445, 0, 0, 0, 0, 0, 0, 0, 0, 0, 0, 0, 0, 0, 0, 0, 0, 0, 0, 0, 0, 0, 0, 0, 0, 0, 0, 0, 0, 0, 0, 0, 0, 0, 0, 0, 0, 0, 0, 0, 0, 0, 0
0, 0, 0, 0, 0, 0, 0, 0, 0, 0, 0, 0, 0, 0, 0, 0, 0, 0, 0, 0, 0, 0, 0, 0, 0, 0, 0, 0, 0, 0, 0, 0, 0, -0.0024653901, -0.0021650319, -0.0021431744, -0.0022179545, -0.0023468246, -0.0024129145, -0.0025378594, -0.002652408, -0.0027069445, -0.002812183, -0.0029138592, -0.0030122197, -0.003060229, -0.0031532664, -0.003241971, -0.0032842145, -0.003364719, -0.0034398304, -0.0035101033, -0.0035435164, -0.003605994, -0.0036627713, -0.0036890288, -0.003738053, -0.003782852, -0.0038040925, -0.00384525, -0.0038850016, -0.003923124, -0.0039416184, -0.0039778342, -0.0040131784, -0.004030426, -0.004064114, -0.0040943054, -0.004120047, -0.004130715, -0.0041478295, -0.004159773, -0.004163936, -0.0041693053, -0.004169949, -0.004166615, -0.004163537, -0.004154795, -0.004142382, -0.004134143, -0.0041138236, -0.0040869378, -0.004071029, -0.004033367, -0.0039875875, -0.0039344085, -0.0039052307, -0.0038426213, -0.003775524, -0.0037409205, -0.0036704233, -0.0035989892, -0.0035256953, -0.003488, -0.0034083945, -0.0033217638, -0.0032748084, -0.003172373, -0.0030570868, -0.002993976, -0.0028569188, -0.002704886, -0.0025394752, -0.0024560783, -0.0023140318, -0.0022972168, -0.0023938655, -0.0028616718, 0, 0, 0, 0, 0, 0, 0, 0, 0, 0, 0, 0, 0, 0, 0, 0, 0, 0, 0, 0, 0, 0, 0, 0, 0, 0, 0, 0, 0, 0, 0, 0, 0, 0, 0, 0, 0, 0, 0, 0, 0, 0
0, 0, 0, 0, 0, 0, 0, 0, 0, 0, 0, 0, 0, 0, 0, 0, 0, 0, 0, 0, 0, 0, 0, 0, 0, 0, 0, 0, 0, 0, 0, 0, 0, -0.0025056044, -0.0022778022, -0.0022134683, -0.00221151, -0.0022976054, -0.002352038, -0.0024656325, -0.002577424, -0.00263262, -0.0027416274, -0.00284858, -0.00295347, -0.00300471, -0.0031046448, -0.0031991617, -0.003243923, -0.0033288833, -0.003407206, -0.0034796628, -0.003513649, -0.0035769823, -0.0036342482, -0.0036608414, -0.0037104406, -0.0037559068, -0.0037775063, -0.003819104, -0.003858651, -0.003896249, -0.0039143, -0.003949405, -0.0039832187, -0.00399986, -0.004031908, -0.0040620035, -0.004089005, -0.004100848, -0.0041213077, -0.004137222, -0.004143665, -0.0041534137, -0.004157969, -0.0041575553, -0.0041556433, -0.0041483645, -0.004135987, -0.004127597, -0.004105316, -0.004075715, -0.004058078, -0.004016344, -0.00396636, -0.0039082994, -0.0038768994, -0.0038100022, -0.003740364, -0.0037053959, -0.0036358587, -0.0035678009, -0.003499706, -0.0034652168, -0.0033927816, -0.0033130106, -0.003269436, -0.0031731722, -0.0030642457, -0.0030048527, -0.002876548, -0.0027361084, -0.0025859121, -0.0025091302, -0.0023648418, -0.0022750413, -0.0022782004, -0.0024570695, -0.0029002598, 0, 0, 0, 0, 0, 0, 0, 0, 0, 0, 0, 0, 0, 0, 0, 0, 0, 0, 0, 0, 0, 0, 0, 0, 0, 0, 0, 0, 0, 0, 0, 0, 0, 0, 0, 0, 0, 0, 0, 0, 0
0, 0, 0, 0, 0, 0, 0, 0, 0, 0, 0, 0, 0, 0, 0, 0, 0, 0, 0, 0, 0, 0, 0, 0, 0, 0, 0, 0, 0, 0, 0, 0, 0, -0.003304382, -0.0025768797, -0.0023588794, -0.0021923722, -0.002221182, -0.0022655197, -0.0023755587, -0.0024926567, -0.0025511216, -0.0026669553, -0.0027799124, -0.002889999, -0.0029436052, -0.00304773, -0.0031462368, -0.0031927987, -0.0032808168, -0.003361443, -0.0034349847, -0.0034689598, -0.0035323296, -0.0035894935, -0.0036162043, -0.0036668407, -0.0037141351, -0.0037368438, -0.0037805631, -0.0038224524, -0.0038623794, -0.0038814258, -0.0039177467, -0.003952235, -0.003968545, -0.004000161, -0.004029959, -0.0040580216, -0.0040710066, -0.0040947427, -0.004114631, -0.0041231513, -0.0041366187, -0.0041441, -0.0041452562, -0.0041435137, -0.0041352254, -0.0041208295, -0.00411082, -0.004085261, -0.0040519144, -0.004032644, -0.0039884085, -0.0039370237, -0.0038793455, -0.0038486016, -0.0037845266, -0.0037192733, -0.003686903, -0.003623768, -0.003563042, -0.0035026937, -0.0034718956, -0.003406869, -0.0033334165, -0.0032929196, -0.003202279, -0.0030991526, -0.0030431822, -0.0029228693, -0.0027930844, -0.0026548177, -0.0025827757, -0.0024390265, -0.0023197972, -0.002290825, -0.0023827797, -0.0028371222, 0, 0, 0, 0, 0, 0, 0, 0, 0, 0, 0, 0, 0, 0, 0, 0, 0, 0, 0, 0, 0, 0, 0, 0, 0, 0, 0, 0, 0, 0, 0, 0, 0, 0, 0, 0, 0, 0, 0, 0, 0
0, 0, 0, 0, 0, 0, 0, 0, 0, 0, 0, 0, 0, 0, 0, 0, 0, 0, 0, 0, 0, 0, 0, 0, 0, 0, 0, 0, 0, 0, 0, 0, 0, 0, -0.0026717538, -0.0023755506, -0.0021072482, -0.0021101434, -0.0021556774, -0.0022770374, -0.0024070372, -0.002471228, -0.0025955352, -0.0027142293, -0.0028273682, -0.002881988, -0.002987285, -0.0030866957, -0.0031340143, -0.0032234772, -0.0033054939, -0.0033795314, -0.0034137995, -0.0034769878, -0.0035346763, -0.003561979, -0.0036139393, -0.00366359, -0.0036877126, -0.003734575, -0.0037799662, -0.0038234333, -0.0038443056, -0.0038839797, -0.0039204145, -0.0039372407, -0.0039689504, -0.0039988393, -0.0040277424, -0.0040417616, -0.0040678713, -0.004090546, -0.0041005434, -0.0041160244, -0.0041247364, -0.004125545, -0.0041230833, -0.004113193, -0.0040955166, -0.0040839734, -0.004055312, -0.004019977, -0.003999854, -0.003955814, -0.0039071115, -0.0038548096, -0.0038278864, -0.0037726897, -0.003717578, -0.0036905867, -0.0036377131, -0.0035863807, -0.00353493, -0.0035079403, -0.0034490526, -0.0033804225, -0.0033418285, -0.0032550641, -0.0031559053, -0.003102132, -0.0029869839, -0.002862986, -0.0027304024, -0.0026607392, -0.0025175365, -0.002385446, -0.0023386914, -0.0023534081, -0.0026696168, -0.0033901678, 0, 0, 0, 0, 0, 0, 0, 0, 0, 0, 0, 0, 0, 0, 0, 0, 0, 0, 0, 0, 0, 0, 0, 0, 0, 0, 0, 0, 0, 0, 0, 0, 0, 0, 0, 0, 0, 0, 0, 0
0, 0, 0, 0, 0, 0, 0, 0, 0, 0, 0, 0, 0, 0, 0, 0, 0, 0, 0, 0, 0, 0, 0, 0, 0, 0, 0, 0, 0, 0, 0, 0, 0, 0, -0.0025913273, -0.0022973567, -0.0020088933, -0.0020102027, -0.0020596911, -0.002193237, -0.0023365228, -0.002406272, -0.0025383593, -0.0026612338, -0.0027754267, -0.0028299266, -0.0029334945, -0.003031478, -0.0030784751, -0.0031678025, -0.003250199, -0.003325073, -0.0033595813, -0.0034239502, -0.0034831066, -0.0035110998, -0.0035651317, -0.0036169328, -0.003642145, -0.0036915476, -0.0037393668, -0.0037859061, -0.0038083752, -0.0038511446, -0.0038901316, -0.0039079194, -0.003940915, -0.003971721, -0.0040011993, -0.0040155733, -0.0040425905, -0.004065907, -0.004075801, -0.0040906915, -0.0040982617, -0.0040975674, -0.0040942538, -0.0040820776, -0.0040624267, -0.0040499014, -0.0040203244, -0.003985617, -0.003966406, -0.0039262497, -0.0038839316, -0.003841049, -0.0038194547, -0.0037767587, -0.0037345286, -0.0037137177, -0.003672599, -0.0036307762, -0.003586435, -0.0035622227, -0.0035069357, -0.0034406295, -0.0034026636, -0.003316847, -0.0032185656, -0.0031651556, -0.0030506502, -0.00292665, -0.0027928755, -0.0027219257, -0.0025729805, -0.0024217148, -0.0023527497, -0.0022656855, -0.0023274312, -0.0025488173, 0, 0, 0, 0, 0, 0, 0, 0, 0, 0, 0, 0, 0, 0, 0, 0, 0, 0, 0, 0, 0, 0, 0, 0, 0, 0, 0, 0, 0, 0, 0, 0, 0, 0, 0, 0, 0, 0, 0, 0
0, 0, 0, 0, 0, 0, 0, 0, 0, 0, 0, 0, 0, 0, 0, 0, 0, 0, 0, 0, 0, 0, 0, 0, 0, 0, 0, 0, 0, 0, 0, 0, 0, 0, 0, -0.0022373397, -0.0020336309, -0.0019839494, -0.002018605, -0.0021447227, -0.0022937655, -0.002367137, -0.0025050156, -0.002630336, -0.0027443427, -0.0027976483, -0.0028989187, -0.0029939348, -0.0030396127, -0.003127214, -0.003209319, -0.00328473, -0.0033197093, -0.0033857801, -0.0034470765, -0.0034762903, -0.0035320604, -0.0035852746, -0.003610946, -0.0036610917, -0.0037100168, -0.003757519, -0.0037807082, -0.0038254675, -0.003866573, -0.0038856214, -0.0039207847, -0.0039531616, -0.003983345, -0.0039974935, -0.004022912, -0.004043712, -0.004051986, -0.0040636216, -0.0040678177, -0.0040647015, -0.0040604137, -0.0040468844, -0.004026933, -0.0040148534, -0.003987066, -0.003955929, -0.003939377, -0.0039054789, -0.003871888, -0.003839495, -0.0038240901, -0.0037940533, -0.0037641919, -0.003748947, -0.0037173263, -0.0036823908, -0.0036417295, -0.0036184012, -0.0035636453, -0.0034965852, -0.003457873, -0.0033707712, -0.003270638, -0.0032161628, -0.0030993645, -0.0029718222, -0.0028329755, -0.0027588527, -0.002601466, -0.002434003, -0.0023506077, -0.0022103922, -0.002191859, -0.0024878983, -0.0027839656, 0, 0, 0, 0, 0, 0, 0, 0, 0, 0, 0, 0, 0, 0, 0, 0, 0, 0, 0, 0, 0, 0, 0, 0, 0, 0, 0, 0, 0, 0, 0, 0, 0, 0, 0, 0, 0, 0, 0
0, 0, 0, 0, 0, 0, 0, 0, 0, 0, 0, 0, 0, 0, 0, 0, 0, 0, 0, 0, 0, 0, 0, 0, 0, 0, 0, 0, 0, 0, 0, 0, 0, 0, 0, -0.002899504, -0.002261943, -0.0020277502, -0.00202712, -0.0021309392, -0.002280244, -0.0023550864, -0.00249582, -0.0026223543, -0.0027361263, -0.0027887782, -0.0028881223, -0.0029805773, -0.0030253376, -0.003110854, -0.0031913621, -0.0032663934, -0.003301728, -0.0033691619, -0.003432345, -0.0034625423, -0.0035199025, -0.003573968, -0.0035997892, -0.0036497458, -0.0036979949, -0.0037449475, -0.0037682843, -0.003813634, -0.0038563947, -0.0038767108, -0.003914511, -0.003949079, -0.0039791246, -0.003992346, -0.004014207, -0.004030005, -0.0040355125, -0.0040417323, -0.0040415362, -0.004035787, -0.004030744, -0.0040170243, -0.0039985795, -0.003987922, -0.003964424, -0.003938394, -0.003924946, -0.0038982213, -0.0038731191, -0.0038502607, -0.0038401498, -0.0038202333, -0.0037991593, -0.0037873397, -0.0037604836, -0.0037276337, -0.003686738, -0.00366254, -0.0036053052, -0.003535134, -0.0034952466, -0.0034056816, -0.0033036894, -0.0032483872, -0.003129404, -0.0029989292, -0.002856788, -0.002780662, -0.0026194826, -0.0024469092, -0.0023595863, -0.0022057842, -0.002157489, -0.0024020108, -0.0027010518, 0, 0, 0, 0, 0, 0, 0, 0, 0, 0, 0, 0, 0, 0, 0, 0, 0, 0, 0, 0, 0, 0, 0, 0, 0, 0, 0, 0, 0, 0, 0, 0, 0, 0, 0, 0, 0, 0, 0
0, 0, 0, 0, 0, 0, 0, 0, 0, 0, 0, 0, 0, 0, 0, 0, 0, 0, 0, 0, 0, 0, 0, 0, 0, 0, 0, 0, 0, 0, 0, 0, 0, 0, 0, 0, -0.0023519595, -0.0020745418, -0.0020589211, -0.0021453528, -0.002287254, -0.0023606042, -0.002500421, -0.0026273155, -0.0027420379, -0.002795266, -0.0028952798, -0.002987782, -0.0030319449, -0.003116445, -0.0031960541, -0.0032706412, -0.0033061854, -0.0033743537, -0.003438654, -0.003469695, -0.0035283188, -0.003583171, -0.0036093686, -0.0036595294, -0.003707367, -0.0037540235, -0.003777199, -0.0038227956, -0.0038668148, -0.0038880843, -0.0039280644, -0.0039635603, -0.0039926623, -0.0040042154, -0.004021747, -0.0040320307, -0.0040348037, -0.0040358766, -0.004031923, -0.0040241806, -0.004018853, -0.004005755, -0.0039897566, -0.0039808806, -0.0039616274, -0.003940909, -0.0039302553, -0.0039091525, -0.00388992, -0.0038733194, -0.0038658918, -0.003851331, -0.0038335167, -0.0038226934, -0.003795427, -0.0037601616, -0.0037154576, -0.003688995, -0.0036274598, -0.0035542147, -0.0035129697, -0.0034219844, -0.0033202234, -0.0032653552, -0.0031471902, -0.0030180484, -0.0028772214, -0.0028025706, -0.0026433584, -0.0024732847, -0.002385763, -0.0022198868, -0.0021095157, -0.002148391, -0.002243986, 0, 0, 0, 0, 0, 0, 0, 0, 0, 0, 0, 0, 0, 0, 0, 0, 0, 0, 0, 0, 0, 0, 0, 0, 0, 0, 0, 0, 0, 0, 0, 0, 0, 0, 0, 0, 0, 0, 0
0, 0, 0, 0, 0, 0, 0, 0, 0, 0, 0, 0, 0, 0, 0, 0, 0, 0, 0, 0, 0, 0, 0, 0, 0, 0, 0, 0, 0, 0, 0, 0, 0, 0, 0, 0, -0.00244012, -0.0022267755, -0.00217125, -0.002188771, -0.0022975146, -0.0023635281, -0.002499033, -0.002627882, -0.0027469678, -0.0028027154, -0.0029072182, -0.0030034282, -0.0030490358, -0.0031353068, -0.0032159875, -0.0032912442, -0.0033273147, -0.0033959416, -0.003461217, -0.0034927814, -0.003553067, -0.0036099926, -0.003637123, -0.0036893687, -0.0037390008, -0.003787472, -0.0038112355, -0.0038577898, -0.0039029282, -0.0039245402, -0.0039644022, -0.0039987694, -0.0040251934, -0.0040351064, -0.0040489794, -0.004055249, -0.004056182, -0.0040541706, -0.004048507, -0.0040400163, -0.004034814, -0.004022637, -0.0040086675, -0.0040010866, -0.003984943, -0.003967576, -0.003958554, -0.003940478, -0.003923664, -0.003908683, -0.00390154, -0.0038864147, -0.0038664767, -0.0038536736, -0.0038219346, -0.0037808225, -0.003730221, -0.003701049, -0.0036355294, -0.0035605035, -0.0035189833, -0.0034295507, -0.0033304354, -0.0032774908, -0.0031641424, -0.0030399223, -0.002905264, -0.0028337885, -0.0026817636, -0.0025179673, -0.00243265, -0.0022623641, -0.0021205354, -0.00209333, -0.0021763796, -0.0026481461, 0, 0, 0, 0, 0, 0, 0, 0, 0, 0, 0, 0, 0, 0, 0, 0, 0, 0, 0, 0, 0, 0, 0, 0, 0, 0, 0, 0, 0, 0, 0, 0, 0, 0, 0, 0, 0, 0
0, 0, 0, 0, 0, 0, 0, 0, 0, 0, 0, 0, 0, 0, 0, 0, 0, 0, 0, 0, 0, 0, 0, 0, 0, 0, 0, 0, 0, 0, 0, 0, 0, 0, 0, 0, -0.0032641375, -0.0025672328, -0.0023618701, -0.0022219694, -0.0022790944, -0.002338143, -0.0024741853, -0.0026109542, -0.0027387952, -0.0027990018, -0.002911985, -0.0030154062, -0.003064226, -0.0031559311, -0.0032403294, -0.0033189072, -0.0033557385, -0.0034262284, -0.0034930457, -0.0035254506, -0.0035882704, -0.0036484376, -0.0036776564, -0.0037344762, -0.0037888512, -0.0038412341, -0.0038664502, -0.0039154915, -0.0039610346, -0.0039820503, -0.0040199123, -0.0040507, -0.0040733553, -0.0040816218, -0.004092442, -0.004097161, -0.004097701, -0.004095489, -0.0040902337, -0.00408241, -0.004077573, -0.0040665045, -0.0040539177, -0.0040471414, -0.00403259, -0.0040163654, -0.004007709, -0.0039900816, -0.0039723343, -0.003955244, -0.0039461274, -0.003925783, -0.0038994013, -0.0038828459, -0.0038432225, -0.0037948121, -0.0037379144, -0.0037066152, -0.003638774, -0.0035639887, -0.0035236755, -0.0034375167, -0.0033435759, -0.0032932728, -0.0031861824, -0.0030694648, -0.0029424652, -0.0028749448, -0.0027318937, -0.002578377, -0.0024983147, -0.0023374585, -0.0021997911, -0.0021641538, -0.0022362135, -0.0026900447, 0, 0, 0, 0, 0, 0, 0, 0, 0, 0, 0, 0, 0, 0, 0, 0, 0, 0, 0, 0, 0, 0, 0, 0, 0, 0, 0, 0, 0, 0, 0, 0, 0, 0, 0, 0, 0, 0
0, 0, 0, 0, 0, 0, 0, 0, 0, 0, 0, 0, 0, 0, 0, 0, 0, 0, 0, 0, 0, 0, 0, 0, 0, 0, 0, 0, 0, 0, 0, 0, 0, 0, 0, 0, 0, -0.0027081086, -0.0024246173, -0.0021841342, -0.0022179221, -0.0022787682, -0.0024259475, -0.0025747868, -0.002714354, -0.002779592, -0.002903139, -0.003016653, -0.0030700346, -0.003170168, -0.0032612598, -0.0033445007, -0.0033835026, -0.0034572398, -0.0035268057, -0.0035604434, -0.0036265342, -0.0036911604, -0.003722814, -0.003785414, -0.0038454875, -0.0039026174, -0.003929764, -0.0039805174, -0.00402508, -0.0040449826, -0.0040788073, -0.0041052913, -0.00412413, -0.004131077, -0.004140561, -0.0041453647, -0.004146446, -0.004146016, -0.0041427985, -0.004136808, -0.004132845, -0.0041232547, -0.0041117407, -0.0041054795, -0.0040920596, -0.0040760506, -0.0040671295, -0.0040480937, -0.0040275045, -0.0040054913, -0.003993284, -0.0039650057, -0.003929608, -0.0039086514, -0.0038605535, -0.0038050017, -0.00374309, -0.0037103684, -0.003641736, -0.003568506, -0.0035298397, -0.0034479622, -0.0033594798, -0.0033124276, -0.003212001, -0.003102226, -0.0029829086, -0.002919401, -0.0027852007, -0.002642413, -0.0025684007, -0.0024198804, -0.0022869597, -0.0022249187, -0.0022567764, -0.002566352, -0.003268737, 0, 0, 0, 0, 0, 0, 0, 0, 0, 0, 0, 0, 0, 0, 0, 0, 0, 0, 0, 0, 0, 0, 0, 0, 0, 0, 0, 0, 0, 0, 0, 0, 0, 0, 0, 0, 0
0, 0, 0, 0, 0, 0, 0, 0, 0, 0, 0, 0, 0, 0, 0, 0, 0, 0, 0, 0, 0, 0, 0, 0, 0, 0, 0, 0, 0, 0, 0, 0, 0, 0, 0, 0, 0, 0, -0.0024345883, -0.0022285779, -0.0021745646, -0.0022062382, -0.0023271705, -0.0024773437, -0.0026311472, -0.0027063056, -0.0028512287, -0.0029866027, -0.003050231, -0.0031692958, -0.0032766918, -0.00337298, -0.003417243, -0.0034999559, -0.0035763443, -0.003613383, -0.0036853268, -0.0037560929, -0.0037907474, -0.0038584755, -0.0039214054, -0.0039785258, -0.0040043313, -0.0040494124, -0.004085763, -0.004100761, -0.0041259946, -0.004145713, -0.004161214, -0.004167593, -0.0041783545, -0.004187014, -0.00419056, -0.0041958033, -0.0041986797, -0.0041986764, -0.004197429, -0.0041927975, -0.0041855806, -0.0041809985, -0.004169589, -0.0041541667, -0.0041446476, -0.004121993, -0.0040938198, -0.0040599653, -0.004040991, -0.0039979415, -0.0039479616, -0.003920433, -0.0038615998, -0.0037982264, -0.0037326375, -0.0036992864, -0.0036319653, -0.0035629724, -0.0035273694, -0.0034533183, -0.0033742946, -0.0033328605, -0.0032451078, -0.0031497946, -0.0030456241, -0.0029899077, -0.0028720982, -0.0027457506, -0.002678914, -0.0025374466, -0.00238594, -0.0022365192, -0.0021752813, -0.0021462953, -0.0024052453, -0.0026783827, 0, 0, 0, 0, 0, 0, 0, 0, 0, 0, 0, 0, 0, 0, 0, 0, 0, 0, 0, 0, 0, 0, 0, 0, 0, 0, 0, 0, 0, 0, 0, 0, 0, 0, 0, 0
0, 0, 0, 0, 0, 0, 0, 0, 0, 0, 0, 0, 0, 0, 0, 0, 0, 0, 0, 0, 0, 0, 0, 0, 0, 0, 0, 0, 0, 0, 0, 0, 0, 0, 0, 0, 0, 0, -0.0032302786, -0.0025370468, -0.002233463, -0.0022041232, -0.002273254, -0.0024165476, -0.0025784646, -0.0026592761, -0.0028153856, -0.002961021, -0.0030294212, -0.0031565763, -0.0032714175, -0.003374187, -0.0034213676, -0.0035091585, -0.003589387, -0.003627577, -0.003700827, -0.003770968, -0.0038046564, -0.0038681848, -0.0039257454, -0.0039755898, -0.003997368, -0.0040345266, -0.0040637436, -0.004076041, -0.004097489, -0.0041159666, -0.004132324, -0.0041396455, -0.004152496, -0.0041635623, -0.0041684294, -0.004176487, -0.0041824374, -0.0041855527, -0.004185865, -0.0041838656, -0.0041786744, -0.0041746, -0.0041636974, -0.004147988, -0.004138018, -0.0041128458, -0.004081317, -0.0040431875, -0.0040219175, -0.0039753844, -0.0039233905, -0.0038954497, -0.0038364767, -0.0037741382, -0.0037097991, -0.0036773088, -0.0036118827, -0.003545091, -0.003510906, -0.0034403454, -0.0033657975, -0.0033267776, -0.0032447288, -0.0031563647, -0.0030599337, -0.0030082876, -0.0028985008, -0.0027793755, -0.0027158929, -0.0025795246, -0.002431527, -0.002282336, -0.0022190674, -0.0021787034, -0.0024094128, -0.0026854684, 0, 0, 0, 0, 0, 0, 0, 0, 0, 0, 0, 0, 0, 0, 0, 0, 0, 0, 0, 0, 0, 0, 0, 0, 0, 0, 0, 0, 0, 0, 0, 0, 0, 0, 0, 0
0, 0, 0, 0, 0, 0, 0, 0, 0, 0, 0, 0, 0, 0, 0, 0, 0, 0, 0, 0, 0, 0, 0, 0, 0, 0, 0, 0, 0, 0, 0, 0, 0, 0, 0, 0, 0, 0, 0, -0.002667133, -0.0022230768, -0.0021547806, -0.0021991006, -0.002349881, -0.0025261475, -0.0026140353, -0.0027818622, -0.0029360936, -0.0030081847, -0.0031418288, -0.0032628095, -0.0033712236, -0.0034213783, -0.003513931, -0.0035976286, -0.003636897, -0.0037100394, -0.0037768376, -0.003808033, -0.0038642585, -0.0039130417, -0.0039529772, -0.0039698505, -0.003998056, -0.0040202714, -0.0040300554, -0.0040484597, -0.0040666396, -0.004084592, -0.004092993, -0.0041081146, -0.0041213916, -0.004127386, -0.0041379686, -0.0041465983, -0.004152552, -0.0041542896, -0.004154586, -0.0041505597, -0.004146448, -0.0041345237, -0.0041167517, -0.0041055605, -0.0040777666, -0.00404297, -0.004002454, -0.003980411, -0.003933449, -0.0038828838, -0.003856047, -0.0037998501, -0.0037406844, -0.0036790867, -0.0036478206, -0.0035843425, -0.0035196492, -0.0034865313, -0.0034184007, -0.003347119, -0.003309964, -0.0032324083, -0.003149447, -0.0030594906, -0.003011313, -0.0029084112, -0.002796388, -0.002736616, -0.0026084569, -0.002469873, -0.0023296631, -0.002267731, -0.002203747, -0.0023354404, -0.0025354738, -0.003217251, 0, 0, 0, 0, 0, 0, 0, 0, 0, 0, 0, 0, 0, 0, 0, 0, 0, 0, 0, 0, 0, 0, 0, 0, 0, 0, 0, 0, 0, 0, 0, 0, 0, 0, 0
0, 0, 0, 0, 0, 0, 0, 0, 0, 0, 0, 0, 0, 0, 0, 0, 0, 0, 0, 0, 0, 0, 0, 0, 0, 0, 0, 0, 0, 0, 0, 0, 0, 0, 0, 0, 0, 0, 0, -0.0026449126, -0.0021875843, -0.0021084864, -0.0021460876, -0.0023033752, -0.0024910057, -0.0025841899, -0.0027604394, -0.002920108, -0.0029939797, -0.0031309812, -0.0032554246, -0.0033681362, -0.003420446, -0.0035169844, -0.003603429, -0.0036426876, -0.0037143254, -0.0037764413, -0.0038041056, -0.0038521776, -0.0038914206, -0.0039223256, -0.003934965, -0.0039559826, -0.0039731124, -0.003981279, -0.0039982153, -0.0040167337, -0.004035589, -0.0040446646, -0.0040616863, -0.0040770844, -0.0040840684, -0.0040968964, -0.0041077817, -0.004116056, -0.0041187806, -0.004120357, -0.004116484, -0.0041119303, -0.004097968, -0.004077176, -0.0040641567, -0.0040331003, -0.003995976, -0.0039547137, -0.003932894, -0.003887581, -0.0038398637, -0.0038148074, -0.0037619928, -0.0037060876, -0.0036469933, -0.0036165712, -0.003554546, -0.0034907141, -0.0034581483, -0.0033911748, -0.0033216123, -0.003285363, -0.0032102235, -0.0031303149, -0.003043866, -0.0029979192, -0.0029003806, -0.0027939861, -0.0027373226, -0.0026159936, -0.0024839893, -0.0023450276, -0.0022767927, -0.002164659, -0.002144735, -0.0021991925, -0.0024105865, 0, 0, 0, 0, 0, 0, 0, 0, 0, 0, 0, 0, 0, 0, 0, 0, 0, 0, 0, 0, 0, 0, 0, 0, 0, 0, 0, 0, 0, 0, 0, 0, 0, 0, 0
0, 0, 0, 0, 0, 0, 0, 0, 0, 0, 0, 0, 0, 0, 0, 0, 0, 0, 0, 0, 0, 0, 0, 0, 0, 0, 0, 0, 0, 0, 0, 0, 0, 0, 0, 0, 0, 0, 0, 0, -0.0022988268, -0.0022047914, -0.0021754631, -0.002302621, -0.0024853882, -0.0025789663, -0.0027554443, -0.0029141945, -0.0029873457, -0.0031234021, -0.003247633, -0.0033617434, -0.0034150411, -0.0035134854, -0.003600829, -0.0036397998, -0.0037088236, -0.003765966, -0.0037904722, -0.003831799, -0.0038645477, -0.0038900292, -0.003900472, -0.0039181346, -0.0039338917, -0.0039417357, -0.003959201, -0.003978634, -0.003998835, -0.004008541, -0.0040271394, -0.004043928, -0.004051858, -0.0040664813, -0.004078903, -0.004088262, -0.004091302, -0.0040934384, -0.004088388, -0.0040829983, -0.004066693, -0.0040429295, -0.0040285806, -0.0039954637, -0.0039578085, -0.0039171497, -0.003895919, -0.003851981, -0.0038057994, -0.0037815731, -0.00373086, -0.0036765712, -0.0036191724, -0.0035892318, -0.0035280355, -0.003464853, -0.0034325186, -0.003365811, -0.0032962468, -0.0032602695, -0.0031854433, -0.003105792, -0.0030206016, -0.002975618, -0.0028807963, -0.0027778163, -0.0027230333, -0.0026052475, -0.0024758107, -0.002334353, -0.0022606747, -0.0021196995, -0.0020367587, -0.0020547572, -0.0023369475, 0, 0, 0, 0, 0, 0, 0, 0, 0, 0, 0, 0, 0, 0, 0, 0, 0, 0, 0, 0, 0, 0, 0, 0, 0, 0, 0, 0, 0, 0, 0, 0, 0, 0, 0
0, 0, 0, 0, 0, 0, 0, 0, 0, 0, 0, 0, 0, 0, 0, 0, 0, 0, 0, 0, 0, 0, 0, 0, 0, 0, 0, 0, 0, 0, 0, 0, 0, 0, 0, 0, 0, 0, 0, 0, -0.0028171055, -0.002518506, -0.0022804504, -0.0023409126, -0.0025025278, -0.0025897075, -0.0027559043, -0.002905778, -0.0029748974, -0.0031056108, -0.0032273575, -0.0033408145, -0.00339425, -0.0034934361, -0.0035804186, -0.0036187742, -0.0036852127, -0.0037387651, -0.0037613139, -0.0037991107, -0.003829728, -0.0038547753, -0.0038656592, -0.003885537, -0.0039044193, -0.0039140536, -0.003934906, -0.0039571035, -0.003979378, -0.003990159, -0.004010394, -0.004028811, -0.0040373406, -0.0040531023, -0.0040660165, -0.0040749083, -0.0040773684, -0.004077717, -0.0040704957, -0.004064051, -0.004045628, -0.004020278, -0.004005663, -0.003972847, -0.003936623, -0.0038975498, -0.0038768654, -0.0038334827, -0.0037870472, -0.0037625106, -0.003711309, -0.0036573969, -0.003600628, -0.0035712472, -0.003510868, -0.0034490188, -0.003417055, -0.003351232, -0.0032820837, -0.0032460268, -0.0031703622, -0.0030896917, -0.0030037377, -0.0029587944, -0.002864372, -0.0027626706, -0.002708369, -0.002592114, -0.0024643603, -0.0023235828, -0.0022497294, -0.0021047397, -0.0020075515, -0.0020115492, -0.0022531343, -0.0028951773, 0, 0, 0, 0, 0, 0, 0, 0, 0, 0, 0, 0, 0, 0, 0, 0, 0, 0, 0, 0, 0, 0, 0, 0, 0, 0, 0, 0, 0, 0, 0, 0, 0, 0
0, 0, 0, 0, 0, 0, 0, 0, 0, 0, 0, 0, 0, 0, 0, 0, 0, 0, 0, 0, 0, 0, 0, 0, 0, 0, 0, 0, 0, 0, 0, 0, 0, 0, 0, 0, 0, 0, 0, 0, -0.0029727635, -0.0026979996, -0.002404626, -0.0024076367, -0.0025233016, -0.002593327, -0.0027347405, -0.0028701148, -0.0029349981, -0.0030606024, -0.003180357, -0.0032939722, -0.0033476243, -0.0034476104, -0.0035350285, -0.00357315, -0.0036388745, -0.0036914726, -0.0037134646, -0.0037519108, -0.0037849455, -0.0038146821, -0.0038287397, -0.0038559423, -0.003882662, -0.0038961775, -0.0039235223, -0.003950873, -0.0039771544, -0.0039894218, -0.004012097, -0.004032205, -0.004041213, -0.004056856, -0.0040685805, -0.0040752753, -0.004076402, -0.0040736743, -0.00406354, -0.0040557026, -0.0040352927, -0.0040097926, -0.003995535, -0.003965048, -0.003931624, -0.0038949668, -0.003875067, -0.003831718, -0.0037843818, -0.0037593045, -0.00370708, -0.0036531435, -0.0035973298, -0.003568824, -0.0035106733, -0.003450958, -0.00342014, -0.0033562134, -0.0032882737, -0.003252574, -0.003176982, -0.0030952906, -0.003007705, -0.0029621834, -0.0028665054, -0.00276399, -0.0027094914, -0.0025939045, -0.0024680572, -0.0023317712, -0.0022601972, -0.0021169963, -0.001998845, -0.0019684967, -0.0020259575, -0.002234638, 0, 0, 0, 0, 0, 0, 0, 0, 0, 0, 0, 0, 0, 0, 0, 0, 0, 0, 0, 0, 0, 0, 0, 0, 0, 0, 0, 0, 0, 0, 0, 0, 0, 0
0, 0, 0, 0, 0, 0, 0, 0, 0, 0, 0, 0, 0, 0, 0, 0, 0, 0, 0, 0, 0, 0, 0, 0, 0, 0, 0, 0, 0, 0, 0, 0, 0, 0, 0, 0, 0, 0, 0, 0, 0, -0.0029820811, -0.0027132498, -0.0025319832, -0.0025196509, -0.0025543887, -0.0026620738, -0.0027878557, -0.0028523384, -0.0029799014, -0.0031032828, -0.0032206988, -0.0032761544, -0.0033787284, -0.0034681354, -0.0035071287, -0.003574485, -0.0036292467, -0.0036527903, -0.0036954, -0.003734721, -0.0037728772, -0.0037917679, -0.0038295356, -0.0038669622, -0.0038855353, -0.0039216513, -0.0039560944, -0.0039875433, -0.0040018465, -0.0040277527, -0.0040492704, -0.0040583313, -0.0040731896, -0.0040826485, -0.0040863343, -0.004085845, -0.004079712, -0.0040666037, -0.004057594, -0.0040360987, -0.0040109376, -0.0039975634, -0.003969183, -0.0039385143, -0.0039041084, -0.0038849881, -0.0038427275, -0.0037959802, -0.0037713954, -0.0037197934, -0.0036670617, -0.003613341, -0.003586371, -0.0035319505, -0.0034756751, -0.0034463482, -0.0033849059, -0.0033188388, -0.0032840215, -0.003208943, -0.0031270976, -0.0030383167, -0.002991651, -0.0028936442, -0.0027896063, -0.0027350672, -0.0026201194, -0.00249761, -0.0023676842, -0.0023003048, -0.0021635555, -0.0020388605, -0.0019939854, -0.0020025687, -0.002300413, -0.0025986691, 0, 0, 0, 0, 0, 0, 0, 0, 0, 0, 0, 0, 0, 0, 0, 0, 0, 0, 0, 0, 0, 0, 0, 0, 0, 0, 0, 0, 0, 0, 0, 0, 0
0, 0, 0, 0, 0, 0, 0, 0, 0, 0, 0, 0, 0, 0, 0, 0, 0, 0, 0, 0, 0, 0, 0, 0, 0, 0, 0, 0, 0, 0, 0, 0, 0, 0, 0, 0, 0, 0, 0, 0, 0, -0.004225736, -0.003370066, -0.0026567583, -0.0024351873, -0.002435424, -0.0025286586, -0.0026656226, -0.0027369868, -0.0028775833, -0.0030114013, -0.003136157, -0.003194346, -0.003301619, -0.0033945905, -0.00343539, -0.003506434, -0.0035657785, -0.0035924045, -0.0036415698, -0.0036888525, -0.0037365814, -0.0037608326, -0.0038095983, -0.003858012, -0.0038817925, -0.0039268923, -0.003968203, -0.004004998, -0.0040214243, -0.004050141, -0.004072909, -0.0040818807, -0.0040955194, -0.0041029323, -0.0041041165, -0.004102376, -0.004093913, -0.0040791235, -0.0040696627, -0.0040479195, -0.0040234667, -0.0040103747, -0.003983019, -0.003953657, -0.0039206897, -0.0039024192, -0.0038622576, -0.0038178198, -0.0037943872, -0.0037460993, -0.0036965874, -0.0036470403, -0.0036221782, -0.0035724756, -0.003520506, -0.0034928487, -0.003434253, -0.0033700068, -0.003335708, -0.0032617676, -0.0031798796, -0.0030902002, -0.0030427265, -0.0029430138, -0.0028373236, -0.0027827225, -0.0026692327, -0.0025517358, -0.0024304974, -0.0023690434, -0.002246028, -0.002134542, -0.0020945203, -0.0021039415, -0.002386199, -0.0026902186, 0, 0, 0, 0, 0, 0, 0, 0, 0, 0, 0, 0, 0, 0, 0, 0, 0, 0, 0, 0, 0, 0, 0, 0, 0, 0, 0, 0, 0, 0, 0, 0, 0
0, 0, 0, 0, 0, 0, 0, 0, 0, 0, 0, 0, 0, 0, 0, 0, 0, 0, 0, 0, 0, 0, 0, 0, 0, 0, 0, 0, 0, 0, 0, 0, 0, 0, 0, 0, 0, 0, 0, 0, 0, 0, -0.003990558, -0.0025670256, -0.0022551047, -0.002259254, -0.0023791357, -0.0025437947, -0.0026270056, -0.0027862338, -0.0029322873, -0.0030644669, -0.003125422, -0.003236765, -0.0033332058, -0.0033758604, -0.0034514829, -0.0035164817, -0.00354623, -0.0036024163, -0.0036576118, -0.0037140504, -0.0037428357, -0.003800948, -0.0038579283, -0.0038853658, -0.003937351, -0.003983892, -0.0040242323, -0.0040421993, -0.0040725945, -0.0040963204, -0.0041053123, -0.00411839, -0.0041249553, -0.0041254237, -0.004123361, -0.0041145934, -0.0041002086, -0.0040911413, -0.0040701525, -0.004046309, -0.004033229, -0.004005961, -0.0039761276, -0.003943136, -0.003925219, -0.0038868976, -0.0038451804, -0.003823487, -0.003779526, -0.0037347937, -0.0036904176, -0.003668148, -0.0036233356, -0.003575678, -0.0035500098, -0.0034941987, -0.0034318045, -0.003397929, -0.0033244593, -0.0032426156, -0.0031531884, -0.0031053836, -0.0030051244, -0.0028994582, -0.0028451912, -0.0027346644, -0.0026227676, -0.002510795, -0.0024547982, -0.0023447992, -0.002245061, -0.0022065581, -0.0021920651, -0.002374452, -0.002601192, -0.0033478704, 0, 0, 0, 0, 0, 0, 0, 0, 0, 0, 0, 0, 0, 0, 0, 0, 0, 0, 0, 0, 0, 0, 0, 0, 0, 0, 0, 0, 0, 0, 0, 0
0, 0, 0, 0, 0, 0, 0, 0, 0, 0, 0, 0, 0, 0, 0, 0, 0, 0, 0, 0, 0, 0, 0, 0, 0, 0, 0, 0, 0, 0, 0, 0, 0, 0, 0, 0, 0, 0, 0, 0, 0, 0, 0, -0.0022803086, -0.0021535761, -0.0021676305, -0.0022945784, -0.0024735779, -0.002564403, -0.002736489, -0.0028900334, -0.003025811, -0.0030875455, -0.0032000295, -0.0032980025, -0.0033416497, -0.00342064, -0.0034901213, -0.0035224599, -0.0035847782, -0.0036464066, -0.0037090664, -0.0037408124, -0.0038041205, -0.0038655412, -0.0038949586, -0.00395009, -0.0039989976, -0.00404079, -0.0040592654, -0.004090801, -0.0041153384, -0.0041248025, -0.004138691, -0.004146341, -0.004148387, -0.0041472754, -0.0041404264, -0.0041282014, -0.004120412, -0.0041014063, -0.0040785167, -0.004065854, -0.00403798, -0.004007, -0.0039728065, -0.0039543477, -0.003916012, -0.0038758756, -0.003855334, -0.0038143974, -0.003773673, -0.0037338159, -0.0037140674, -0.003673541, -0.0036300286, -0.0036062566, -0.003553303, -0.0034926287, -0.0034594755, -0.003386812, -0.003306256, -0.003218194, -0.003171621, -0.0030730695, -0.0029696738, -0.00291695, -0.0028101436, -0.0027032495, -0.0025970074, -0.002544204, -0.002438853, -0.002335147, -0.0022861655, -0.0022130301, -0.0022284887, -0.0022989633, -0.0025359257, 0, 0, 0, 0, 0, 0, 0, 0, 0, 0, 0, 0, 0, 0, 0, 0, 0, 0, 0, 0, 0, 0, 0, 0, 0, 0, 0, 0, 0, 0, 0, 0
0, 0, 0, 0, 0, 0, 0, 0, 0, 0, 0, 0, 0, 0, 0, 0, 0, 0, 0, 0, 0, 0, 0, 0, 0, 0, 0, 0, 0, 0, 0, 0, 0, 0, 0, 0, 0, 0, 0, 0, 0, 0, 0, -0.0029040754, -0.0023751413, -0.0022746022, -0.002307843, -0.0024715269, -0.0025629238, -0.002737038, -0.0028898402, -0.0030232198, -0.0030835618, -0.0031933244, -0.003290262, -0.0033344592, -0.003415138, -0.0034876645, -0.0035223074, -0.0035884825, -0.0036540271, -0.0037197086, -0.0037524595, -0.0038167879, -0.0038780156, -0.003907184, -0.003961577, -0.0040098676, -0.004052053, -0.0040707495, -0.0041034482, -0.0041296463, -0.0041402928, -0.0041569523, -0.004167911, -0.0041732998, -0.0041740816, -0.0041709454, -0.004162078, -0.0041558524, -0.0041393954, -0.00411858, -0.0041064993, -0.0040789675, -0.0040471572, -0.0040113875, -0.003992206, -0.0039522513, -0.003911251, -0.0038905747, -0.003850169, -0.0038110043, -0.0037735072, -0.003755166, -0.0037177515, -0.0036771416, -0.0036549044, -0.0036048882, -0.0035467285, -0.0035145553, -0.0034442258, -0.003366381, -0.0032819556, -0.0032373823, -0.0031434323, -0.003044795, -0.002994195, -0.00289158, -0.0027880447, -0.002683491, -0.0026305565, -0.002521, -0.002403879, -0.0023424726, -0.0022235003, -0.0021578965, -0.002184164, -0.0024921838, 0, 0, 0, 0, 0, 0, 0, 0, 0, 0, 0, 0, 0, 0, 0, 0, 0, 0, 0, 0, 0, 0, 0, 0, 0, 0, 0, 0, 0, 0, 0, 0
0, 0, 0, 0, 0, 0, 0, 0, 0, 0, 0, 0, 0, 0, 0, 0, 0, 0, 0, 0, 0, 0, 0, 0, 0, 0, 0, 0, 0, 0, 0, 0, 0, 0, 0, 0, 0, 0, 0, 0, 0, 0, 0, -0.0041118655, -0.0026556738, -0.00242307, -0.0023710008, -0.002514518, -0.0026009611, -0.002766398, -0.0029115423, -0.0030391535, -0.0030973458, -0.003204563, -0.0033007993, -0.0033450355, -0.003427144, -0.0035026267, -0.003538403, -0.0036073443, -0.003674103, -0.0037397766, -0.0037718469, -0.003833344, -0.0038911314, -0.003918297, -0.0039692754, -0.0040157065, -0.004057765, -0.0040768315, -0.004111776, -0.004141424, -0.0041540754, -0.004175563, -0.0041915397, -0.004201999, -0.004204831, -0.004205592, -0.0042001447, -0.0041953097, -0.0041819527, -0.004163556, -0.0041525327, -0.0041263537, -0.0040946696, -0.0040581725, -0.0040384685, -0.0039970623, -0.0039545074, -0.0039330875, -0.003891268, -0.0038514773, -0.003813919, -0.0037956028, -0.0037587085, -0.0037192767, -0.003697646, -0.0036499174, -0.0035943703, -0.0035636895, -0.0034969004, -0.0034231923, -0.0033437447, -0.0033018927, -0.0032138487, -0.0031210482, -0.0030728949, -0.002974344, -0.0028725606, -0.002766894, -0.0027117657, -0.0025945734, -0.0024642926, -0.0023939295, -0.0022515492, -0.0021513517, -0.0021543677, -0.0024018986, -0.0030701063, 0, 0, 0, 0, 0, 0, 0, 0, 0, 0, 0, 0, 0, 0, 0, 0, 0, 0, 0, 0, 0, 0, 0, 0, 0, 0, 0, 0, 0, 0, 0
0, 0, 0, 0, 0, 0, 0, 0, 0, 0, 0, 0, 0, 0, 0, 0, 0, 0, 0, 0, 0, 0, 0, 0, 0, 0, 0, 0, 0, 0, 0, 0, 0, 0, 0, 0, 0, 0, 0, 0, 0, 0, 0, 0, -0.0026707535, -0.0025574015, -0.002489818, -0.0025749893, -0.0026407856, -0.0027826966, -0.0029196718, -0.0030458898, -0.0031047545, -0.003214231, -0.0033129966, -0.0033587313, -0.0034440702, -0.0035225877, -0.0035595447, -0.003630034, -0.003696568, -0.003759894, -0.0037900328, -0.003846897, -0.0038993163, -0.0039240783, -0.0039711427, -0.004015961, -0.004058495, -0.004078853, -0.0041171946, -0.0041517746, -0.00416723, -0.0041948627, -0.004216806, -0.0042316, -0.004236603, -0.0042406227, -0.0042378055, -0.004234176, -0.0042232573, -0.0042076255, -0.0041978485, -0.004174139, -0.0041444115, -0.0041089444, -0.004089509, -0.0040483484, -0.004005544, -0.003983908, -0.0039416063, -0.0039007412, -0.0038616355, -0.0038426644, -0.0038042255, -0.0037634128, -0.003741659, -0.0036937858, -0.0036398438, -0.0036103872, -0.0035465672, -0.003476986, -0.0034019195, -0.0033627683, -0.0032803456, -0.0031929961, -0.0031472524, -0.003052577, -0.0029523969, -0.002845172, -0.0027877952, -0.002663774, -0.0025236926, -0.0024471837, -0.0022868242, -0.0021444743, -0.002101184, -0.0021362896, -0.0023350762, 0, 0, 0, 0, 0, 0, 0, 0, 0, 0, 0, 0, 0, 0, 0, 0, 0, 0, 0, 0, 0, 0, 0, 0, 0, 0, 0, 0, 0, 0, 0
0, 0, 0, 0, 0, 0, 0, 0, 0, 0, 0, 0, 0, 0, 0, 0, 0, 0, 0, 0, 0, 0, 0, 0, 0, 0, 0, 0, 0, 0, 0, 0, 0, 0, 0, 0, 0, 0, 0, 0, 0, 0, 0, 0, -0.003646248, -0.0032226043, -0.0027035023, -0.002597748, -0.002625299, -0.0027434109, -0.0028851526, -0.0030227115, -0.00308709, -0.003205637, -0.0033114497, -0.0033602298, -0.0034504104, -0.00353255, -0.003570806, -0.00364225, -0.0037077588, -0.003767764, -0.0037957877, -0.0038479327, -0.0038956595, -0.003918513, -0.0039634015, -0.0040078904, -0.0040520965, -0.0040739463, -0.00411635, -0.004155797, -0.0041740853, -0.004207217, -0.0042337435, -0.0042523844, -0.0042586895, -0.0042652134, -0.00426456, -0.004262121, -0.0042535556, -0.0042411145, -0.0042330516, -0.004212874, -0.0041868766, -0.004154694, -0.004136894, -0.004098905, -0.004059192, -0.004039067, -0.003998683, -0.0039586234, -0.0039187474, -0.0038987703, -0.0038580599, -0.0038143748, -0.003791057, -0.0037410897, -0.0036862597, -0.003657115, -0.0035943384, -0.003526967, -0.0034547686, -0.0034172428, -0.0033389663, -0.0032563645, -0.0032133716, -0.0031224708, -0.0030249713, -0.002918146, -0.0028599545, -0.002732933, -0.0025884926, -0.0025093798, -0.0023402767, -0.0021740308, -0.002106731, -0.0020717548, -0.0023316725, 0, 0, 0, 0, 0, 0, 0, 0, 0, 0, 0, 0, 0, 0, 0, 0, 0, 0, 0, 0, 0, 0, 0, 0, 0, 0, 0, 0, 0, 0, 0
0, 0, 0, 0, 0, 0, 0, 0, 0, 0, 0, 0, 0, 0, 0, 0, 0, 0, 0, 0, 0, 0, 0, 0, 0, 0, 0, 0, 0, 0, 0, 0, 0, 0, 0, 0, 0, 0, 0, 0, 0, 0, 0, 0, -0.005282049, -0.003969781, -0.002747323, -0.0024860892, -0.002503213, -0.0026395095, -0.0028092326, -0.002968366, -0.0030408972, -0.0031712912, -0.0032852362, -0.0033369632, -0.003432, -0.00351764, -0.003556967, -0.0036294197, -0.003693809, -0.003751587, -0.003778158, -0.0038268862, -0.0038723173, -0.0038944986, -0.003939475, -0.003985131, -0.0040315227, -0.0040545007, -0.0040994827, -0.0041415966, -0.00416149, -0.0041974112, -0.0042264694, -0.0042475183, -0.0042549088, -0.0042638564, -0.0042662853, -0.004265734, -0.0042611943, -0.0042533213, -0.004247736, -0.004232992, -0.00421246, -0.004186648, -0.00417222, -0.004140902, -0.0041076206, -0.0040904293, -0.004055121, -0.0040179766, -0.003978533, -0.0039580865, -0.003915075, -0.0038677296, -0.0038427, -0.0037891292, -0.0037319292, -0.0037017826, -0.0036388077, -0.0035722016, -0.0035018087, -0.0034655824, -0.0033906288, -0.0033125142, -0.0032716072, -0.003185536, -0.0030920033, -0.0029882304, -0.0029313117, -0.0028063029, -0.0026646014, -0.0025874784, -0.0024233968, -0.0022607471, -0.0021932553, -0.002148941, -0.0023829355, -0.0030213648, 0, 0, 0, 0, 0, 0, 0, 0, 0, 0, 0, 0, 0, 0, 0, 0, 0, 0, 0, 0, 0, 0, 0, 0, 0, 0, 0, 0, 0, 0
0, 0, 0, 0, 0, 0, 0, 0, 0, 0, 0, 0, 0, 0, 0, 0, 0, 0, 0, 0, 0, 0, 0, 0, 0, 0, 0, 0, 0, 0, 0, 0, 0, 0, 0, 0, 0, 0, 0, 0, 0, 0, 0, 0, 0, -0.0031177234, -0.0024192752, -0.0022933634, -0.002345213, -0.0025269839, -0.0027232855, -0.002897114, -0.0029741873, -0.0031107292, -0.0032286735, -0.0032821894, -0.0033804604, -0.0034684946, -0.0035088144, -0.003582555, -0.0036475305, -0.0037047896, -0.003730863, -0.0037795529, -0.0038254727, -0.003848236, -0.0038945135, -0.0039417017, -0.003988703, -0.004011795, -0.0040561254, -0.0040974594, -0.0041167145, -0.004152159, -0.0041819415, -0.0042045945, -0.004213282, -0.004225663, -0.004233178, -0.0042354288, -0.0042376015, -0.004236803, -0.0042351307, -0.004228057, -0.0042161164, -0.0041995137, -0.0041898717, -0.0041685854, -0.0041446816, -0.0041316454, -0.0041027474, -0.0040693562, -0.004031084, -0.0040103276, -0.003964965, -0.003914744, -0.003888086, -0.0038313735, -0.0037715784, -0.0037406955, -0.0036777032, -0.0036121472, -0.003544098, -0.0035095103, -0.003438519, -0.003364733, -0.0033262738, -0.0032451153, -0.00315637, -0.0030573986, -0.0030030492, -0.0028837505, -0.0027498726, -0.0026778067, -0.0025247284, -0.0023718355, -0.002304716, -0.0022332906, -0.0023635498, -0.002889316, -0.0032777046, 0, 0, 0, 0, 0, 0, 0, 0, 0, 0, 0, 0, 0, 0, 0, 0, 0, 0, 0, 0, 0, 0, 0, 0, 0, 0, 0, 0, 0
0, 0, 0, 0, 0, 0, 0, 0, 0, 0, 0, 0, 0, 0, 0, 0, 0, 0, 0, 0, 0, 0, 0, 0, 0, 0, 0, 0, 0, 0, 0, 0, 0, 0, 0, 0, 0, 0, 0, 0, 0, 0, 0, 0, 0, 0, -0.0023921658, -0.0023041386, -0.002333251, -0.0024769169, -0.0026532135, -0.0028173209, -0.0028910388, -0.0030240752, -0.0031409354, -0.0031944076, -0.0032942875, -0.0033845815, -0.0034263527, -0.0035031328, -0.0035708079, -0.0036307143, -0.0036581089, -0.0037094236, -0.003757993, -0.0037817871, -0.003829735, -0.0038769008, -0.0039223433, -0.003943849, -0.003984144, -0.004021352, -0.004038845, -0.004071642, -0.004100722, -0.004124958, -0.004135453, -0.00415291, -0.004167465, -0.0041738353, -0.004184791, -0.0041930918, -0.0041960506, -0.004198963, -0.004197953, -0.0041932287, -0.0041898843, -0.0041803624, -0.0041670245, -0.0041581076, -0.0041356804, -0.004105407, -0.0040677744, -0.004046263, -0.003999, -0.0039468748, -0.003919115, -0.0038609647, -0.0038005696, -0.003769973, -0.003708045, -0.003645477, -0.0035814932, -0.003549096, -0.0034828181, -0.0034136865, -0.00337765, -0.0033013057, -0.0032175342, -0.003123754, -0.0030725342, -0.0029600828, -0.002834563, -0.0027668078, -0.0026221317, -0.0024692642, -0.0023940518, -0.00226691, -0.0022319385, -0.002377988, -0.0024873996, 0, 0, 0, 0, 0, 0, 0, 0, 0, 0, 0, 0, 0, 0, 0, 0, 0, 0, 0, 0, 0, 0, 0, 0, 0, 0, 0, 0, 0
0, 0, 0, 0, 0, 0, 0, 0, 0, 0, 0, 0, 0, 0, 0, 0, 0, 0, 0, 0, 0, 0, 0, 0, 0, 0, 0, 0, 0, 0, 0, 0, 0, 0, 0, 0, 0, 0, 0, 0, 0, 0, 0, 0, 0, 0, -0.003254663, -0.0026248596, -0.0024899836, -0.00246603, -0.0025791244, -0.0027174784, -0.002784561, -0.0029097926, -0.0030240547, -0.003077958, -0.0031794072, -0.0032737365, -0.003317763, -0.0033997, -0.0034729964, -0.0035383704, -0.003568296, -0.003624407, -0.0036769973, -0.0037023872, -0.0037516064, -0.0037976564, -0.0038391657, -0.0038582077, -0.0038934227, -0.003925283, -0.0039407006, -0.003970538, -0.0039989734, -0.004025495, -0.0040378617, -0.0040613613, -0.004083291, -0.004094032, -0.004113667, -0.004131558, -0.0041397023, -0.0041534044, -0.004163698, -0.004171407, -0.0041741915, -0.004176733, -0.0041728048, -0.00416771, -0.0041499217, -0.0041215806, -0.004083885, -0.004062094, -0.004014038, -0.003960985, -0.0039331797, -0.003875866, -0.00381668, -0.003787073, -0.003727966, -0.0036690927, -0.003610011, -0.003580044, -0.0035188778, -0.0034544694, -0.0034205555, -0.003348941, -0.00326983, -0.003180947, -0.0031325556, -0.0030261143, -0.0029067926, -0.002842098, -0.0027017677, -0.0025465293, -0.002464737, -0.0023045668, -0.002198561, -0.002285369, -0.0024736815, 0, 0, 0, 0, 0, 0, 0, 0, 0, 0, 0, 0, 0, 0, 0, 0, 0, 0, 0, 0, 0, 0, 0, 0, 0, 0, 0, 0, 0
0, 0, 0, 0, 0, 0, 0, 0, 0, 0, 0, 0, 0, 0, 0, 0, 0, 0, 0, 0, 0, 0, 0, 0, 0, 0, 0, 0, 0, 0, 0, 0, 0, 0, 0, 0, 0, 0, 0, 0, 0, 0, 0, 0, 0, 0, -0.004648262, -0.0028629294, -0.0025521189, -0.002391502, -0.0024610297, -0.0025841198, -0.002648032, -0.0027708793, -0.0028863952, -0.0029416138, -0.003047237, -0.0031468237, -0.003193953, -0.0032823281, -0.0033628321, -0.003435037, -0.0034684304, -0.0035309074, -0.0035884255, -0.003615763, -0.0036663709, -0.0037114187, -0.003749989, -0.0037670915, -0.0037979118, -0.0038264485, -0.0038405114, -0.0038691894, -0.0038983473, -0.003927455, -0.003941951, -0.003970847, -0.0039992174, -0.00401321, -0.0040403474, -0.004065896, -0.004078194, -0.004100823, -0.004121145, -0.0041390234, -0.004146669, -0.0041577285, -0.00416095, -0.0041583567, -0.0041437726, -0.0041165804, -0.0040794355, -0.004057781, -0.004010619, -0.0039592604, -0.0039324756, -0.0038772512, -0.0038209667, -0.0037926931, -0.0037366753, -0.0036813086, -0.0036263792, -0.0035988207, -0.0035419737, -0.0034820929, -0.003450323, -0.0033825876, -0.0033070126, -0.0032218646, -0.0031753175, -0.003073497, -0.002958688, -0.002896373, -0.0027606257, -0.0026097968, -0.0025299764, -0.0023719228, -0.0022625711, -0.0023339551, -0.0025064684, -0.0031657268, 0, 0, 0, 0, 0, 0, 0, 0, 0, 0, 0, 0, 0, 0, 0, 0, 0, 0, 0, 0, 0, 0, 0, 0, 0, 0, 0, 0
0, 0, 0, 0, 0, 0, 0, 0, 0, 0, 0, 0, 0, 0, 0, 0, 0, 0, 0, 0, 0, 0, 0, 0, 0, 0, 0, 0, 0, 0, 0, 0, 0, 0, 0, 0, 0, 0, 0, 0, 0, 0, 0, 0, 0, 0, 0, -0.0025060237, -0.0023541374, -0.0022414632, -0.0023039372, -0.0024259752, -0.0024915368, -0.002619037, -0.002739867, -0.0027977736, -0.0029091144, -0.0030141596, -0.0030641682, -0.0031588492, -0.0032456266, -0.0033247166, -0.0033616442, -0.0034305535, -0.0034934985, -0.0035228375, -0.0035765336, -0.0036224662, -0.0036608286, -0.003677637, -0.0037081386, -0.0037369693, -0.0037513273, -0.0037812693, -0.003812857, -0.0038454507, -0.0038619095, -0.0038949472, -0.0039277463, -0.003943867, -0.0039757714, -0.0040064068, -0.004021341, -0.004049995, -0.0040764594, -0.004099744, -0.0041098446, -0.004125131, -0.004131216, -0.004129913, -0.0041173757, -0.0040923604, -0.0040577566, -0.0040377593, -0.003993845, -0.0039464347, -0.003921579, -0.0038702213, -0.003817313, -0.003790673, -0.0037376957, -0.0036851047, -0.0036333313, -0.0036074196, -0.00355407, -0.0034976744, -0.0034674036, -0.0034016606, -0.0033277525, -0.0032443162, -0.0031986278, -0.0030989263, -0.0029876912, -0.0029274027, -0.0027979596, -0.002656143, -0.0025820357, -0.0024353166, -0.0023240363, -0.0023402844, -0.0024496599, -0.0029942861, 0, 0, 0, 0, 0, 0, 0, 0, 0, 0, 0, 0, 0, 0, 0, 0, 0, 0, 0, 0, 0, 0, 0, 0, 0, 0, 0, 0
0, 0, 0, 0, 0, 0, 0, 0, 0, 0, 0, 0, 0, 0, 0, 0, 0, 0, 0, 0, 0, 0, 0, 0, 0, 0, 0, 0, 0, 0, 0, 0, 0, 0, 0, 0, 0, 0, 0, 0, 0, 0, 0, 0, 0, 0, 0, -0.002699068, -0.0023867746, -0.0021268928, -0.0021509125, -0.0022697994, -0.002337718, -0.0024713895, -0.002598199, -0.0026586016, -0.0027747953, -0.0028838324, -0.0029359306, -0.0030341484, -0.0031255153, -0.0032099015, -0.0032496687, -0.0033239939, -0.0033919618, -0.0034233173, -0.00348087, -0.00353068, -0.0035727222, -0.0035914513, -0.003625917, -0.0036589266, -0.0036754508, -0.0037097898, -0.0037453226, -0.0037817021, -0.0037999183, -0.0038363845, -0.0038718188, -0.0038894047, -0.0039237477, -0.0039570997, -0.003973434, -0.004004383, -0.0040328973, -0.004056896, -0.004066688, -0.004081131, -0.0040867548, -0.0040856865, -0.0040747295, -0.004053638, -0.004024316, -0.004007413, -0.00397018, -0.003929267, -0.003907369, -0.003861089, -0.0038123121, -0.003787645, -0.0037377526, -0.0036881075, -0.0036391665, -0.0036145346, -0.0035633952, -0.003507822, -0.0034779087, -0.003411699, -0.0033365486, -0.0032515647, -0.0032053487, -0.0031055734, -0.0029960598, -0.002937491, -0.002812965, -0.0026780819, -0.0026074133, -0.002462746, -0.0023285383, -0.002251178, -0.0022611173, -0.002428503, 0, 0, 0, 0, 0, 0, 0, 0, 0, 0, 0, 0, 0, 0, 0, 0, 0, 0, 0, 0, 0, 0, 0, 0, 0, 0, 0, 0
0, 0, 0, 0, 0, 0, 0, 0, 0, 0, 0, 0, 0, 0, 0, 0, 0, 0, 0, 0, 0, 0, 0, 0, 0, 0, 0, 0, 0, 0, 0, 0, 0, 0, 0, 0, 0, 0, 0, 0, 0, 0, 0, 0, 0, 0, 0, -0.0026393787, -0.0023321784, -0.0020307722, -0.002030279, -0.002140128, -0.002206912, -0.00234226, -0.0024721168, -0.0025340624, -0.0026527073, -0.0027634758, -0.0028158792, -0.002915712, -0.0030092513, -0.0030969211, -0.003138211, -0.0032161355, -0.0032872902, -0.003320639, -0.0033819082, -0.0034370392, -0.003485887, -0.0035081985, -0.003550365, -0.0035907985, -0.0036108631, -0.0036513533, -0.0036920218, -0.003732496, -0.003752584, -0.0037917723, -0.0038289977, -0.0038472197, -0.0038827432, -0.003917099, -0.003933674, -0.003964469, -0.003991162, -0.004012121, -0.004020244, -0.004030751, -0.004033792, -0.004032279, -0.00402354, -0.004007993, -0.003986531, -0.0039742202, -0.0039458745, -0.003912701, -0.00389449, -0.0038544748, -0.0038114507, -0.003789215, -0.003743822, -0.003698299, -0.0036520236, -0.0036284395, -0.0035774815, -0.0035204897, -0.003488981, -0.003419151, -0.003339878, -0.0032509416, -0.0032030004, -0.0031009489, -0.00299122, -0.0029334512, -0.0028112335, -0.002678971, -0.0026086476, -0.0024599468, -0.002306985, -0.002180201, -0.0021515975, -0.002268255, -0.002763481, 0, 0, 0, 0, 0, 0, 0, 0, 0, 0, 0, 0, 0, 0, 0, 0, 0, 0, 0, 0, 0, 0, 0, 0, 0, 0, 0
0, 0, 0, 0, 0, 0, 0, 0, 0, 0, 0, 0, 0, 0, 0, 0, 0, 0, 0, 0, 0, 0, 0, 0, 0, 0, 0, 0, 0, 0, 0, 0, 0, 0, 0, 0, 0, 0, 0, 0, 0, 0, 0, 0, 0, 0, 0, 0, -0.002261424, -0.002046676, -0.0019806237, -0.002051917, -0.0021102203, -0.0022398438, -0.002369449, -0.0024319042, -0.0025508231, -0.0026613486, -0.0027138542, -0.002813467, -0.0029074969, -0.0029962708, -0.0030382385, -0.0031172277, -0.0031898655, -0.003223912, -0.0032883012, -0.0033484057, -0.0034046534, -0.0034315283, -0.0034828694, -0.0035323596, -0.003556516, -0.003603794, -0.0036501123, -0.0036950025, -0.003716601, -0.0037577285, -0.0037963986, -0.0038148973, -0.0038508205, -0.0038847644, -0.0039007084, -0.003929538, -0.003952733, -0.0039689634, -0.0039743586, -0.0039806208, -0.0039812517, -0.0039799022, -0.003974257, -0.0039647683, -0.003951894, -0.0039439895, -0.003924531, -0.003899598, -0.0038849243, -0.0038518808, -0.0038157701, -0.0037969486, -0.003758054, -0.0037175312, -0.0036736766, -0.0036502304, -0.0035976379, -0.00353673, -0.0035027072, -0.0034275271, -0.003342643, -0.003249317, -0.003199465, -0.0030948434, -0.0029839939, -0.0029258037, -0.0028035417, -0.0026711896, -0.002600792, -0.0024507486, -0.0022931166, -0.002154346, -0.0021147984, -0.002193942, -0.0026687006, -0.003038564, 0, 0, 0, 0, 0, 0, 0, 0, 0, 0, 0, 0, 0, 0, 0, 0, 0, 0, 0, 0, 0, 0, 0, 0, 0, 0
0, 0, 0, 0, 0, 0, 0, 0, 0, 0, 0, 0, 0, 0, 0, 0, 0, 0, 0, 0, 0, 0, 0, 0, 0, 0, 0, 0, 0, 0, 0, 0, 0, 0, 0, 0, 0, 0, 0, 0, 0, 0, 0, 0, 0, 0, 0, 0, -0.0029184304, -0.0022514197, -0.0019875623, -0.0019949789, -0.0020422766, -0.0021649757, -0.0022940838, -0.0023568282, -0.0024754324, -0.0025854881, -0.0026375363, -0.0027365894, -0.00283052, -0.0029191098, -0.0029609392, -0.003039801, -0.0031119864, -0.0031461192, -0.003212004, -0.0032758983, -0.003338476, -0.0033691912, -0.003429219, -0.0034872517, -0.0035154482, -0.0035694954, -0.0036209296, -0.0036693413, -0.003692257, -0.003735023, -0.003774278, -0.0037927753, -0.0038279928, -0.0038605, -0.0038751785, -0.00390057, -0.003919555, -0.0039316327, -0.0039353278, -0.003939199, -0.0039401893, -0.0039398745, -0.0039375965, -0.003933662, -0.003927288, -0.0039225034, -0.0039092414, -0.0038902585, -0.0038787222, -0.0038525632, -0.0038239222, -0.003808768, -0.003776872, -0.0037409891, -0.0036986961, -0.003674535, -0.003619418, -0.0035537505, -0.0035170736, -0.0034368814, -0.0033478758, -0.003251561, -0.0032011408, -0.003095624, -0.002983803, -0.0029255685, -0.00280334, -0.0026720408, -0.0026021574, -0.0024547088, -0.0022989034, -0.0021511472, -0.0020929913, -0.0020606322, -0.0022128713, -0.0023234757, 0, 0, 0, 0, 0, 0, 0, 0, 0, 0, 0, 0, 0, 0, 0, 0, 0, 0, 0, 0, 0, 0, 0, 0, 0, 0
0, 0, 0, 0, 0, 0, 0, 0, 0, 0, 0, 0, 0, 0, 0, 0, 0, 0, 0, 0, 0, 0, 0, 0, 0, 0, 0, 0, 0, 0, 0, 0, 0, 0, 0, 0, 0, 0, 0, 0, 0, 0, 0, 0, 0, 0, 0, 0, 0, -0.0022858742, -0.001976041, -0.0019579232, -0.0019992404, -0.0021178743, -0.0022471258, -0.002310136, -0.002429028, -0.002538618, -0.0025904868, -0.0026896119, -0.00278282, -0.0028706721, -0.0029122273, -0.002990009, -0.0030619353, -0.0030961407, -0.0031631489, -0.0032293503, -0.0032957923, -0.0033290798, -0.0033951704, -0.0034598173, -0.0034910627, -0.003550897, -0.0036062903, -0.0036575315, -0.0036813535, -0.0037253932, -0.0037647393, -0.003783051, -0.0038166766, -0.0038462845, -0.0038592208, -0.0038808994, -0.0038964045, -0.0039061743, -0.0039095245, -0.003914315, -0.003917669, -0.0039191027, -0.003920511, -0.003920125, -0.003916494, -0.0039130794, -0.003901964, -0.0038858866, -0.003876409, -0.0038553826, -0.0038329451, -0.0038210556, -0.0037943155, -0.0037616836, -0.0037199003, -0.0036951962, -0.0036369122, -0.0035678218, -0.0035297677, -0.0034474062, -0.0033579215, -0.0032625396, -0.0032127511, -0.0031092134, -0.0029994873, -0.0029421407, -0.002822472, -0.0026949623, -0.0026281795, -0.0024877738, -0.002339533, -0.0021910786, -0.002124647, -0.0020466, -0.002160378, -0.0023567989, 0, 0, 0, 0, 0, 0, 0, 0, 0, 0, 0, 0, 0, 0, 0, 0, 0, 0, 0, 0, 0, 0, 0, 0, 0, 0
0, 0, 0, 0, 0, 0, 0, 0, 0, 0, 0, 0, 0, 0, 0, 0, 0, 0, 0, 0, 0, 0, 0, 0, 0, 0, 0, 0, 0, 0, 0, 0, 0, 0, 0, 0, 0, 0, 0, 0, 0, 0, 0, 0, 0, 0, 0, 0, 0, -0.0022648855, -0.0020452691, -0.0019725566, -0.001995219, -0.0020976916, -0.0022242062, -0.0022871722, -0.0024063846, -0.0025162557, -0.0025683183, -0.0026674126, -0.0027606708, -0.002847815, -0.0028889582, -0.0029663264, -0.0030387375, -0.003073498, -0.0031417857, -0.003209945, -0.003278708, -0.003313305, -0.0033828046, -0.0034510056, -0.0034841427, -0.0035475595, -0.0036061667, -0.0036594307, -0.0036839684, -0.0037289844, -0.0037684797, -0.003786514, -0.003818536, -0.0038455613, -0.0038568692, -0.003875379, -0.0038887693, -0.0038983207, -0.0039023764, -0.003909688, -0.003916324, -0.0039190943, -0.003922825, -0.0039231875, -0.0039190357, -0.0039151856, -0.0039030786, -0.0038874294, -0.003878779, -0.0038605307, -0.0038415957, -0.0038314736, -0.0038076045, -0.003775817, -0.0037338817, -0.0037086764, -0.0036494115, -0.0035801076, -0.0035423469, -0.0034620906, -0.0033765247, -0.0032856371, -0.0032381888, -0.003139444, -0.0030343572, -0.0029798145, -0.0028658132, -0.0027463222, -0.0026842789, -0.0025551652, -0.0024201279, -0.002284286, -0.002221975, -0.0021449407, -0.0022438772, -0.0024255938, -0.0030955048, 0, 0, 0, 0, 0, 0, 0, 0, 0, 0, 0, 0, 0, 0, 0, 0, 0, 0, 0, 0, 0, 0, 0, 0, 0
0, 0, 0, 0, 0, 0, 0, 0, 0, 0, 0, 0, 0, 0, 0, 0, 0, 0, 0, 0, 0, 0, 0, 0, 0, 0, 0, 0, 0, 0, 0, 0, 0, 0, 0, 0, 0, 0, 0, 0, 0, 0, 0, 0, 0, 0, 0, 0, 0, -0.0029502152, -0.0022924782, -0.0020324872, -0.0020180359, -0.002093197, -0.0022150492, -0.0022774339, -0.0023967333, -0.0025070678, -0.002559211, -0.0026591592, -0.002752664, -0.00283999, -0.0028813733, -0.0029598307, -0.0030337153, -0.0030697659, -0.0031406041, -0.003210505, -0.0032806157, -0.0033157344, -0.0033861583, -0.0034558475, -0.003489858, -0.0035551258, -0.0036155554, -0.0036704107, -0.0036958405, -0.003742386, -0.0037828996, -0.003800976, -0.003832738, -0.0038586217, -0.0038691666, -0.0038863248, -0.0038992304, -0.00390936, -0.0039144056, -0.003923936, -0.003932775, -0.0039360737, -0.003939488, -0.003937987, -0.003930945, -0.0039255614, -0.003911393, -0.0038951547, -0.0038865812, -0.0038693678, -0.0038518587, -0.0038420195, -0.0038180498, -0.0037859443, -0.0037439675, -0.003719158, -0.0036615506, -0.0035958665, -0.003560419, -0.0034858335, -0.0034064334, -0.0033222174, -0.003277627, -0.0031844156, -0.0030855818, -0.0030342026, -0.002928413, -0.0028182066, -0.0027615952, -0.0026448192, -0.0025228495, -0.002398737, -0.0023396462, -0.0022521093, -0.0022854814, -0.0023998132, -0.0029482907, 0, 0, 0, 0, 0, 0, 0, 0, 0, 0, 0, 0, 0, 0, 0, 0, 0, 0, 0, 0, 0, 0, 0, 0, 0
0, 0, 0, 0, 0, 0, 0, 0, 0, 0, 0, 0, 0, 0, 0, 0, 0, 0, 0, 0, 0, 0, 0, 0, 0, 0, 0, 0, 0, 0, 0, 0, 0, 0, 0, 0, 0, 0, 0, 0, 0, 0, 0, 0, 0, 0, 0, 0, 0, 0, -0.0023733524, -0.002069589, -0.002039797, -0.0020955226, -0.0022078226, -0.0022676594, -0.002385119, -0.0024959254, -0.0025489763, -0.0026505443, -0.0027461199, -0.0028353278, -0.0028776359, -0.0029585569, -0.00303599, -0.0030736867, -0.0031475953, -0.0032196522, -0.0032908581, -0.0033262917, -0.003396817, -0.00346649, -0.0035005843, -0.0035665098, -0.0036281687, -0.0036848923, -0.0037112015, -0.0037597655, -0.0038022515, -0.0038213257, -0.0038543309, -0.0038810624, -0.0038918613, -0.003909562, -0.0039229523, -0.00393412, -0.0039395113, -0.003949621, -0.0039579887, -0.003960626, -0.0039617233, -0.0039570485, -0.0039469404, -0.003940408, -0.0039253174, -0.0039090216, -0.0039008518, -0.0038842706, -0.0038663398, -0.0038558925, -0.003830639, -0.0037980173, -0.0037569357, -0.0037332168, -0.0036799668, -0.0036199293, -0.0035877828, -0.0035198801, -0.0034463957, -0.0033677365, -0.0033257254, -0.0032374815, -0.0031441022, -0.003095947, -0.002996779, -0.0028946397, -0.0028424682, -0.0027345475, -0.0026201012, -0.0024973014, -0.0024335312, -0.0023116763, -0.0022375893, -0.0022455514, -0.0024053592, 0, 0, 0, 0, 0, 0, 0, 0, 0, 0, 0, 0, 0, 0, 0, 0, 0, 0, 0, 0, 0, 0, 0, 0, 0
0, 0, 0, 0, 0, 0, 0, 0, 0, 0, 0, 0, 0, 0, 0, 0, 0, 0, 0, 0, 0, 0, 0, 0, 0, 0, 0, 0, 0, 0, 0, 0, 0, 0, 0, 0, 0, 0, 0, 0, 0, 0, 0, 0, 0, 0, 0, 0, 0, 0, -0.0024147304, -0.002187621, -0.0021201156, -0.0021097031, -0.0021896004, -0.002242765, -0.0023565087, -0.0024700838, -0.0025252851, -0.0026315555, -0.0027315111, -0.0028250648, -0.0028695194, -0.002955101, -0.0030366688, -0.0030765398, -0.0031539812, -0.0032290982, -0.003301804, -0.0033377057, -0.0034083114, -0.0034775941, -0.0035116554, -0.0035774293, -0.0036397607, -0.0036981425, -0.0037252884, -0.003775935, -0.003820309, -0.003840303, -0.0038750763, -0.0039034653, -0.0039150235, -0.003933964, -0.0039483393, -0.003960115, -0.003965193, -0.003974466, -0.0039808946, -0.0039823204, -0.0039806683, -0.0039736326, -0.0039623235, -0.0039558685, -0.003941981, -0.0039277547, -0.0039204005, -0.0039048973, -0.0038864869, -0.0038754046, -0.003848858, -0.0038156486, -0.0037758653, -0.0037538377, -0.003705063, -0.0036507281, -0.0036215698, -0.003558886, -0.0034897646, -0.0034141988, -0.0033737845, -0.00328886, -0.0031994698, -0.003153455, -0.0030594708, -0.0029626903, -0.002913166, -0.0028099595, -0.0026975635, -0.0025716156, -0.0025024277, -0.002356762, -0.0022279504, -0.0021949713, -0.0022977334, -0.0027905013, 0, 0, 0, 0, 0, 0, 0, 0, 0, 0, 0, 0, 0, 0, 0, 0, 0, 0, 0, 0, 0, 0, 0, 0
0, 0, 0, 0, 0, 0, 0, 0, 0, 0, 0, 0, 0, 0, 0, 0, 0, 0, 0, 0, 0, 0, 0, 0, 0, 0, 0, 0, 0, 0, 0, 0, 0, 0, 0, 0, 0, 0, 0, 0, 0, 0, 0, 0, 0, 0, 0, 0, 0, 0, -0.003187703, -0.0024810105, -0.0022684596, -0.0021064428, -0.0021380764, -0.0021854423, -0.0023020923, -0.0024248036, -0.0024845563, -0.0025989744, -0.0027062215, -0.0028060665, -0.0028539205, -0.0029453973, -0.003032471, -0.0030744513, -0.0031562026, -0.0032347364, -0.0033103176, -0.0033470031, -0.0034186866, -0.0034877113, -0.0035210734, -0.003586091, -0.0036480762, -0.003706447, -0.0037340696, -0.0037849122, -0.0038298601, -0.0038500698, -0.0038853285, -0.003914327, -0.0039264034, -0.003946192, -0.003961461, -0.0039734705, -0.003978521, -0.003986879, -0.003991924, -0.0039926865, -0.0039901827, -0.0039831875, -0.0039735427, -0.003968142, -0.003957239, -0.003946104, -0.003940232, -0.003926003, -0.003907195, -0.0038956502, -0.0038680679, -0.0038346576, -0.0037966138, -0.003775693, -0.0037305995, -0.0036803733, -0.0036531352, -0.0035934518, -0.0035269263, -0.0034532184, -0.0034142141, -0.0033323572, -0.003246768, -0.003202722, -0.0031124689, -0.0030190668, -0.0029708631, -0.002869414, -0.0027582403, -0.0026336925, -0.0025656752, -0.0024222704, -0.0022952731, -0.0022617504, -0.002357751, -0.0028580963, 0, 0, 0, 0, 0, 0, 0, 0, 0, 0, 0, 0, 0, 0, 0, 0, 0, 0, 0, 0, 0, 0, 0, 0
0, 0, 0, 0, 0, 0, 0, 0, 0, 0, 0, 0, 0, 0, 0, 0, 0, 0, 0, 0, 0, 0, 0, 0, 0, 0, 0, 0, 0, 0, 0, 0, 0, 0, 0, 0, 0, 0, 0, 0, 0, 0, 0, 0, 0, 0, 0, 0, 0, 0, 0, -0.00257142, -0.0022868128, -0.002033475, -0.0020464424, -0.0020972427, -0.0022281548, -0.002365725, -0.0024318565, -0.0025564022, -0.0026716504, -0.002778633, -0.0028298453, -0.0029273333, -0.0030199774, -0.0030646543, -0.0031510543, -0.0032336828, -0.0033126087, -0.0033505803, -0.0034235246, -0.0034923833, -0.0035254299, -0.0035886005, -0.0036489398, -0.0037053917, -0.0037318042, -0.003780705, -0.0038236738, -0.0038428213, -0.0038768516, -0.003905146, -0.0039170966, -0.0039374377, -0.003953525, -0.003966106, -0.003971379, -0.0039800946, -0.003985676, -0.0039868574, -0.003985973, -0.0039814017, -0.003975061, -0.003971485, -0.0039638937, -0.0039555165, -0.003950265, -0.0039366344, -0.0039171698, -0.0039050675, -0.003876824, -0.0038437068, -0.003806861, -0.0037870228, -0.0037446325, -0.0036972787, -0.0036714037, -0.0036145863, -0.0035504783, -0.003479956, -0.003442883, -0.0033655097, -0.0032852788, -0.0032440051, -0.0031581395, -0.0030676622, -0.003020136, -0.0029205899, -0.0028123104, -0.0026937192, -0.0026301946, -0.0024991853, -0.0023827825, -0.0023465066, -0.0023909556, -0.0027534382, -0.0035376335, 0, 0, 0, 0, 0, 0, 0, 0, 0, 0, 0, 0, 0, 0, 0, 0, 0, 0, 0, 0, 0, 0, 0
0, 0, 0, 0, 0, 0, 0, 0, 0, 0, 0, 0, 0, 0, 0, 0, 0, 0, 0, 0, 0, 0, 0, 0, 0, 0, 0, 0, 0, 0, 0, 0, 0, 0, 0, 0, 0, 0, 0, 0, 0, 0, 0, 0, 0, 0, 0, 0, 0, 0, 0, -0.0024942944, -0.0022170919, -0.0019481789, -0.0019609865, -0.00201543, -0.0021572926, -0.0023057652, -0.0023765254, -0.0025086761, -0.0026294088, -0.0027419177, -0.0027955016, -0.0028982703, -0.0029955446, -0.003042539, -0.0031329552, -0.0032192143, -0.0033012044, -0.0033400913, -0.003414138, -0.00348272, -0.0035152854, -0.003576741, -0.0036341478, -0.003687515, -0.0037121007, -0.0037572414, -0.0037967702, -0.0038144644, -0.0038463988, -0.0038737028, -0.003885497, -0.0039060854, -0.003923203, -0.0039370595, -0.0039431816, -0.003953434, -0.003960306, -0.0039625783, -0.0039642034, -0.003962729, -0.003959513, -0.0039575617, -0.0039524506, -0.0039449017, -0.003939661, -0.0039251894, -0.0039045718, -0.0038920143, -0.003863086, -0.0038304082, -0.0037949851, -0.0037763643, -0.0037365186, -0.0036926274, -0.003668604, -0.0036162476, -0.0035574574, -0.0034931675, -0.003459544, -0.003389873, -0.0033172811, -0.003279493, -0.0031997017, -0.0031136256, -0.0030677184, -0.0029702226, -0.0028649697, -0.0027508535, -0.0026906515, -0.0025651213, -0.0024414582, -0.002387991, -0.0023326513, -0.0024273854, -0.0026763505, 0, 0, 0, 0, 0, 0, 0, 0, 0, 0, 0, 0, 0, 0, 0, 0, 0, 0, 0, 0, 0, 0, 0
0, 0, 0, 0, 0, 0, 0, 0, 0, 0, 0, 0, 0, 0, 0, 0, 0, 0, 0, 0, 0, 0, 0, 0, 0, 0, 0, 0, 0, 0, 0, 0, 0, 0, 0, 0, 0, 0, 0, 0, 0, 0, 0, 0, 0, 0, 0, 0, 0, 0, 0, 0, -0.002180379, -0.0019861732, -0.0019439094, -0.0019807664, -0.0021079727, -0.0022547764, -0.0023260054, -0.0024593978, -0.002581468, -0.0026951449, -0.0027493273, -0.0028544958, -0.0029543743, -0.0030024387, -0.0030952396, -0.0031833965, -0.003266459, -0.0033058345, -0.0033803382, -0.0034488493, -0.003480977, -0.003541337, -0.0035966206, -0.0036467689, -0.003669639, -0.003711419, -0.0037482409, -0.0037649663, -0.003795587, -0.0038225828, -0.0038345691, -0.0038562133, -0.0038747527, -0.003890333, -0.0038974169, -0.00390902, -0.003917156, -0.0039199237, -0.00392285, -0.003923166, -0.0039215055, -0.0039201532, -0.003915366, -0.003907411, -0.003901443, -0.0038854298, -0.003864071, -0.0038512829, -0.0038226685, -0.0037911918, -0.0037582743, -0.0037412106, -0.0037047113, -0.0036657136, -0.0036447183, -0.0035995017, -0.0035496703, -0.0034954352, -0.003466945, -0.0034076187, -0.0033444283, -0.0033107952, -0.0032381418, -0.0031570783, -0.0031130367, -0.0030179345, -0.0029140033, -0.0028009596, -0.0027409324, -0.0026130502, -0.0024764044, -0.0024081965, -0.0022959013, -0.0023036823, -0.0026336613, -0.0029525964, 0, 0, 0, 0, 0, 0, 0, 0, 0, 0, 0, 0, 0, 0, 0, 0, 0, 0, 0, 0, 0, 0
0, 0, 0, 0, 0, 0, 0, 0, 0, 0, 0, 0, 0, 0, 0, 0, 0, 0, 0, 0, 0, 0, 0, 0, 0, 0, 0, 0, 0, 0, 0, 0, 0, 0, 0, 0, 0, 0, 0, 0, 0, 0, 0, 0, 0, 0, 0, 0, 0, 0, 0, 0, -0.0028389762, -0.0022184206, -0.0019875267, -0.0019848049, -0.0020785478, -0.0022143442, -0.0022823892, -0.0024107306, -0.0025287112, -0.0026395782, -0.002693038, -0.0027964048, -0.0028951936, -0.002942871, -0.0030349514, -0.0031223819, -0.0032047047, -0.0032437404, -0.0033177487, -0.0033864437, -0.0034185473, -0.0034787825, -0.0035332087, -0.0035816703, -0.0036038174, -0.0036443127, -0.0036805011, -0.0036971315, -0.0037281255, -0.0037559795, -0.003768805, -0.0037922333, -0.0038124213, -0.0038296212, -0.0038370572, -0.003849418, -0.0038576701, -0.0038603833, -0.0038625866, -0.0038626052, -0.00386063, -0.0038590971, -0.0038537527, -0.0038445692, -0.0038380865, -0.003821898, -0.0038010015, -0.003789001, -0.0037626538, -0.0037345137, -0.003705536, -0.0036906202, -0.0036594134, -0.0036265773, -0.0036095465, -0.0035736116, -0.0035346681, -0.0034919023, -0.003469291, -0.0034204088, -0.0033658023, -0.0033357383, -0.0032687287, -0.0031916425, -0.0031490908, -0.0030556398, -0.0029521508, -0.002838867, -0.0027779136, -0.0026477354, -0.0025053166, -0.0024319116, -0.0023020688, -0.0022765778, -0.0025542143, -0.0028775476, 0, 0, 0, 0, 0, 0, 0, 0, 0, 0, 0, 0, 0, 0, 0, 0, 0, 0, 0, 0, 0, 0
0, 0, 0, 0, 0, 0, 0, 0, 0, 0, 0, 0, 0, 0, 0, 0, 0, 0, 0, 0, 0, 0, 0, 0, 0, 0, 0, 0, 0, 0, 0, 0, 0, 0, 0, 0, 0, 0, 0, 0, 0, 0, 0, 0, 0, 0, 0, 0, 0, 0, 0, 0, 0, -0.0023020518, -0.0020192955, -0.0019964573, -0.0020616872, -0.0021792166, -0.0022405924, -0.002359019, -0.0024705199, -0.0025766261, -0.002627703, -0.0027269674, -0.0028220012, -0.0028679683, -0.0029565445, -0.0030410944, -0.0031207483, -0.0031588646, -0.0032316337, -0.003299686, -0.003331712, -0.0033918875, -0.0034461573, -0.0034947246, -0.0035172023, -0.0035584755, -0.0035961708, -0.0036136424, -0.0036467288, -0.003676367, -0.0036901406, -0.0037151242, -0.0037366876, -0.0037546717, -0.0037623255, -0.0037745903, -0.0037826994, -0.0037850558, -0.0037866924, -0.0037855178, -0.0037830248, -0.0037812847, -0.0037759577, -0.0037673411, -0.0037615926, -0.003747158, -0.0037293457, -0.003719189, -0.0036973308, -0.0036742797, -0.0036507172, -0.0036384987, -0.0036136445, -0.0035882608, -0.0035753378, -0.0035483246, -0.0035192934, -0.0034862086, -0.0034678713, -0.003426017, -0.0033762322, -0.0033477824, -0.0032833104, -0.00320815, -0.0031663273, -0.00307439, -0.0029723037, -0.0028605973, -0.0028006535, -0.0026722497, -0.0025314102, -0.0024575936, -0.002315544, -0.0022284787, -0.0022976364, -0.0024118226, 0, 0, 0, 0, 0, 0, 0, 0, 0, 0, 0, 0, 0, 0, 0, 0, 0, 0, 0, 0, 0, 0
0, 0, 0, 0, 0, 0, 0, 0, 0, 0, 0, 0, 0, 0, 0, 0, 0, 0, 0, 0, 0, 0, 0, 0, 0, 0, 0, 0, 0, 0, 0, 0, 0, 0, 0, 0, 0, 0, 0, 0, 0, 0, 0, 0, 0, 0, 0, 0, 0, 0, 0, 0, 0, -0.0023495676, -0.0021304463, -0.0020664085, -0.0020581293, -0.0021363269, -0.0021873554, -0.0022953805, -0.0024025429, -0.0025053953, -0.0025550008, -0.0026499948, -0.0027406446, -0.0027841758, -0.0028685536, -0.0029492602, -0.003025532, -0.0030621374, -0.0031321368, -0.0031978425, -0.0032289608, -0.00328798, -0.0033416874, -0.0033906929, -0.0034137033, -0.0034567835, -0.0034966369, -0.0035152873, -0.003550546, -0.0035821358, -0.0035967613, -0.0036230905, -0.0036454794, -0.0036640654, -0.003671775, -0.0036845994, -0.003693367, -0.0036962447, -0.0036990915, -0.003699208, -0.0036980486, -0.0036970212, -0.0036942184, -0.003688944, -0.0036852418, -0.0036755162, -0.0036627227, -0.0036552607, -0.0036391094, -0.0036220374, -0.0036043844, -0.0035955214, -0.0035772342, -0.0035584234, -0.0035487607, -0.0035283642, -0.003505209, -0.0034767282, -0.0034599344, -0.0034201893, -0.0033705279, -0.0033419419, -0.0032769062, -0.003202019, -0.0031608744, -0.0030714641, -0.00297346, -0.0028663261, -0.0028093138, -0.002687524, -0.0025537414, -0.0024824839, -0.0023383298, -0.0022248384, -0.0022410485, -0.0023584077, -0.0029309033, 0, 0, 0, 0, 0, 0, 0, 0, 0, 0, 0, 0, 0, 0, 0, 0, 0, 0, 0, 0, 0
0, 0, 0, 0, 0, 0, 0, 0, 0, 0, 0, 0, 0, 0, 0, 0, 0, 0, 0, 0, 0, 0, 0, 0, 0, 0, 0, 0, 0, 0, 0, 0, 0, 0, 0, 0, 0, 0, 0, 0, 0, 0, 0, 0, 0, 0, 0, 0, 0, 0, 0, 0, 0, -0.0030975658, -0.0024036008, -0.002194611, -0.0020331373, -0.002060115, -0.0021038414, -0.0022106278, -0.0023208363, -0.0024249838, -0.0024746151, -0.0025682787, -0.0026560002, -0.0026980245, -0.0027789052, -0.0028558448, -0.002928093, -0.0029623648, -0.0030278058, -0.0030888808, -0.0031181404, -0.0031738263, -0.0032260981, -0.0032750382, -0.003298326, -0.0033425034, -0.0033838653, -0.0034035065, -0.0034403778, -0.0034734977, -0.0034885167, -0.0035162235, -0.003539889, -0.0035596802, -0.0035682942, -0.0035831132, -0.003594942, -0.0035997562, -0.003607059, -0.0036117532, -0.0036152499, -0.0036165495, -0.0036190064, -0.0036197035, -0.0036189323, -0.0036155283, -0.0036086878, -0.0036041283, -0.0035936264, -0.003582098, -0.0035698072, -0.0035634139, -0.0035501122, -0.0035355818, -0.0035277156, -0.0035100607, -0.0034880158, -0.003459174, -0.0034420441, -0.0034003113, -0.0033485547, -0.0033190702, -0.003252749, -0.003178359, -0.0031383717, -0.0030530768, -0.0029602218, -0.0028600192, -0.0028069916, -0.0026933078, -0.0025682915, -0.0025015383, -0.0023643016, -0.0022502868, -0.002248821, -0.0023487518, -0.002902189, 0, 0, 0, 0, 0, 0, 0, 0, 0, 0, 0, 0, 0, 0, 0, 0, 0, 0, 0, 0, 0
0, 0, 0, 0, 0, 0, 0, 0, 0, 0, 0, 0, 0, 0, 0, 0, 0, 0, 0, 0, 0, 0, 0, 0, 0, 0, 0, 0, 0, 0, 0, 0, 0, 0, 0, 0, 0, 0, 0, 0, 0, 0, 0, 0, 0, 0, 0, 0, 0, 0, 0, 0, 0, 0, -0.002464909, -0.0021837754, -0.0019322307, -0.0019434544, -0.0019910973, -0.002110577, -0.0022308244, -0.0023402462, -0.0023909654, -0.0024852746, -0.0025722506, -0.0026135712, -0.0026923704, -0.00276569, -0.0028332185, -0.0028646379, -0.0029237827, -0.0029790322, -0.0030053328, -0.0030567346, -0.0031067468, -0.0031547167, -0.003177702, -0.0032219535, -0.0032636372, -0.0032835007, -0.0033212472, -0.0033563173, -0.0033724788, -0.0034022718, -0.0034290573, -0.0034523697, -0.0034628576, -0.003482339, -0.0034999985, -0.003508107, -0.0035223349, -0.0035343992, -0.0035450265, -0.0035498184, -0.0035589777, -0.0035662095, -0.0035687275, -0.0035709904, -0.0035694756, -0.003567635, -0.003561687, -0.0035536743, -0.0035444035, -0.0035392581, -0.0035276455, -0.0035142743, -0.0035063333, -0.003487684, -0.003463579, -0.0034324173, -0.0034139736, -0.0033702296, -0.003317147, -0.0032873375, -0.003221886, -0.0031498075, -0.0031115792, -0.00303047, -0.0029429153, -0.0028482815, -0.0027980334, -0.0026899911, -0.0025706056, -0.0025059513, -0.0023707151, -0.0022443577, -0.0021796837, -0.002201889, -0.0024093443, 0, 0, 0, 0, 0, 0, 0, 0, 0, 0, 0, 0, 0, 0, 0, 0, 0, 0, 0, 0, 0
0, 0, 0, 0, 0, 0, 0, 0, 0, 0, 0, 0, 0, 0, 0, 0, 0, 0, 0, 0, 0, 0, 0, 0, 0, 0, 0, 0, 0, 0, 0, 0, 0, 0, 0, 0, 0, 0, 0, 0, 0, 0, 0, 0, 0, 0, 0, 0, 0, 0, 0, 0, 0, 0, -0.0023444262, -0.0020783732, -0.001824384, -0.0018440379, -0.0018967702, -0.0020243872, -0.0021493854, -0.0022615886, -0.0023130279, -0.0024084318, -0.0024953228, -0.0025362473, -0.00261273, -0.002682124, -0.0027438924, -0.002772325, -0.002825036, -0.0028743108, -0.002898287, -0.0029457877, -0.0029932787, -0.0030400718, -0.003062672, -0.0031060476, -0.0031477644, -0.0031678958, -0.003207202, -0.0032448675, -0.0032629245, -0.003297515, -0.0033296486, -0.0033596808, -0.003373887, -0.0034009055, -0.0034264866, -0.0034385002, -0.0034607758, -0.0034806272, -0.0034985947, -0.0035068318, -0.0035216815, -0.0035338216, -0.0035385885, -0.003544905, -0.003546805, -0.0035463783, -0.0035424058, -0.00353572, -0.0035263721, -0.0035205667, -0.0035077261, -0.0034920096, -0.0034827925, -0.003461327, -0.0034345062, -0.003401638, -0.0033829536, -0.0033394261, -0.0032882409, -0.0032598965, -0.0031977543, -0.003129589, -0.003093102, -0.0030158022, -0.0029313012, -0.0028389243, -0.0027892396, -0.0026820104, -0.0025616186, -0.0024959939, -0.0023547497, -0.0022095118, -0.0020947515, -0.0020749415, -0.0022181866, -0.0027624313, 0, 0, 0, 0, 0, 0, 0, 0, 0, 0, 0, 0, 0, 0, 0, 0, 0, 0, 0, 0
0, 0, 0, 0, 0, 0, 0, 0, 0, 0, 0, 0, 0, 0, 0, 0, 0, 0, 0, 0, 0, 0, 0, 0, 0, 0, 0, 0, 0, 0, 0, 0, 0, 0, 0, 0, 0, 0, 0, 0, 0, 0, 0, 0, 0, 0, 0, 0, 0, 0, 0, 0, 0, 0, 0, -0.0020520869, -0.0018948293, -0.0018525451, -0.0018792076, -0.0019777834, -0.00209254, -0.0022019846, -0.0022529557, -0.002347626, -0.002433563, -0.0024732486, -0.0025463896, -0.0026106143, -0.002666743, -0.002691943, -0.0027392278, -0.0027842065, -0.002806736, -0.0028523232, -0.0028985462, -0.002944764, -0.0029673188, -0.00301096, -0.0030534319, -0.0030743978, -0.0031163641, -0.0031583142, -0.0031793944, -0.003220914, -0.0032612814, -0.0033005555, -0.0033196965, -0.0033560672, -0.0033899846, -0.0034060816, -0.0034355768, -0.0034617845, -0.0034849087, -0.0034952962, -0.0035135972, -0.0035277286, -0.0035331605, -0.0035404824, -0.0035429338, -0.0035424184, -0.0035381028, -0.0035295002, -0.0035172135, -0.0035098922, -0.0034932746, -0.0034736884, -0.00346267, -0.0034382602, -0.0034100225, -0.0033778728, -0.003359916, -0.0033196225, -0.0032731828, -0.0032471633, -0.0031900061, -0.0031259262, -0.0030910873, -0.0030158733, -0.0029323075, -0.0028389322, -0.0027883102, -0.0026773268, -0.002552268, -0.002484143, -0.0023358245, -0.0021768697, -0.0020301621, -0.001979567, -0.001991435, -0.0021745712, 0, 0, 0, 0, 0, 0, 0, 0, 0, 0, 0, 0, 0, 0, 0, 0, 0, 0, 0, 0
0, 0, 0, 0, 0, 0, 0, 0, 0, 0, 0, 0, 0, 0, 0, 0, 0, 0, 0, 0, 0, 0, 0, 0, 0, 0, 0, 0, 0, 0, 0, 0, 0, 0, 0, 0, 0, 0, 0, 0, 0, 0, 0, 0, 0, 0, 0, 0, 0, 0, 0, 0, 0, 0, 0, -0.0029126415, -0.002335259, -0.001974115, -0.001926043, -0.0019616524, -0.00206085, -0.0021671713, -0.0022178523, -0.002310973, -0.002393551, -0.0024311012, -0.002499215, -0.002558155, -0.0026090762, -0.0026323819, -0.0026764416, -0.002719891, -0.00274189, -0.0027873467, -0.0028346307, -0.002881933, -0.002905385, -0.0029511526, -0.0029965749, -0.0030193056, -0.0030657877, -0.0031136195, -0.0031380788, -0.00318767, -0.0032374868, -0.0032865051, -0.0033103991, -0.003355965, -0.003397466, -0.0034164465, -0.003451056, -0.0034808933, -0.003506239, -0.003517357, -0.0035356996, -0.0035489034, -0.003553651, -0.0035590963, -0.0035596364, -0.0035578066, -0.0035501292, -0.0035377995, -0.0035210284, -0.0035114333, -0.003490436, -0.003467089, -0.003454626, -0.003428503, -0.003400301, -0.0033697032, -0.0033533475, -0.0033173207, -0.0032755733, -0.003252259, -0.0031993599, -0.0031385531, -0.003104906, -0.003030862, -0.0029467351, -0.0028512415, -0.0027989983, -0.0026843457, -0.0025553552, -0.0024853908, -0.0023347547, -0.0021732964, -0.0020190168, -0.0019599833, -0.0019478393, -0.0022407707, -0.002535969, 0, 0, 0, 0, 0, 0, 0, 0, 0, 0, 0, 0, 0, 0, 0, 0, 0, 0, 0
0, 0, 0, 0, 0, 0, 0, 0, 0, 0, 0, 0, 0, 0, 0, 0, 0, 0, 0, 0, 0, 0, 0, 0, 0, 0, 0, 0, 0, 0, 0, 0, 0, 0, 0, 0, 0, 0, 0, 0, 0, 0, 0, 0, 0, 0, 0, 0, 0, 0, 0, 0, 0, 0, 0, 0, -0.0020636162, -0.0019043148, -0.0018835791, -0.0019409446, -0.0020476799, -0.0021534562, -0.0022015935, -0.0022876766, -0.0023624583, -0.002396498, -0.0024588131, -0.0025151342, -0.0025665613, -0.002591439, -0.002639841, -0.0026885038, -0.0027137185, -0.0027664844, -0.0028217232, -0.0028782932, -0.0029065832, -0.002963032, -0.0030191739, -0.0030475194, -0.0031055806, -0.0031655552, -0.003196201, -0.0032578828, -0.003319556, -0.0033796383, -0.0034086274, -0.0034622764, -0.003509919, -0.003531268, -0.0035682514, -0.0035986367, -0.0036217286, -0.003630616, -0.0036433793, -0.0036495323, -0.00365054, -0.0036484208, -0.0036407926, -0.0036348694, -0.0036186771, -0.0035974022, -0.0035729401, -0.0035598832, -0.0035325172, -0.003504297, -0.0034901032, -0.0034613893, -0.0034318992, -0.0034008562, -0.0033846952, -0.0033496714, -0.003309792, -0.0032874565, -0.003237076, -0.0031790007, -0.0031466754, -0.0030751685, -0.0029931306, -0.0028992211, -0.002847676, -0.002735418, -0.002611091, -0.0025449402, -0.002404392, -0.0022555573, -0.002107104, -0.0020398644, -0.0019529088, -0.0020051077, -0.0021017299, 0, 0, 0, 0, 0, 0, 0, 0, 0, 0, 0, 0, 0, 0, 0, 0, 0, 0, 0
0, 0, 0, 0, 0, 0, 0, 0, 0, 0, 0, 0, 0, 0, 0, 0, 0, 0, 0, 0, 0, 0, 0, 0, 0, 0, 0, 0, 0, 0, 0, 0, 0, 0, 0, 0, 0, 0, 0, 0, 0, 0, 0, 0, 0, 0, 0, 0, 0, 0, 0, 0, 0, 0, 0, 0, -0.002389339, -0.0020986663, -0.0020150829, -0.0019869297, -0.0020518694, -0.002140483, -0.0021849927, -0.0022692413, -0.0023467592, -0.0023832961, -0.0024524508, -0.0025168916, -0.0025771619, -0.002605984, -0.002662039, -0.0027177932, -0.0027463215, -0.0028055313, -0.0028669538, -0.0029296358, -0.0029609625, -0.003023514, -0.003085336, -0.0031166046, -0.0031794559, -0.0032431113, -0.0032748214, -0.0033378769, -0.0033995004, -0.0034585898, -0.0034865728, -0.0035384463, -0.0035842624, -0.0036046675, -0.0036398103, -0.0036675464, -0.0036874288, -0.0036945066, -0.0037031781, -0.0037053286, -0.0037043646, -0.003698666, -0.0036879012, -0.0036805666, -0.0036620602, -0.003639031, -0.003612995, -0.0035991652, -0.003569933, -0.0035394512, -0.0035237286, -0.0034920769, -0.0034589635, -0.0034238587, -0.003405458, -0.0033661537, -0.00332255, -0.0032987203, -0.0032466117, -0.0031883426, -0.0031567907, -0.0030876726, -0.0030096553, -0.0029211028, -0.0028728116, -0.0027682148, -0.002653102, -0.0025917059, -0.0024616767, -0.0023221239, -0.002177203, -0.0021065392, -0.0019914776, -0.0019865744, -0.00207732, -0.0025567003, 0, 0, 0, 0, 0, 0, 0, 0, 0, 0, 0, 0, 0, 0, 0, 0, 0, 0
0, 0, 0, 0, 0, 0, 0, 0, 0, 0, 0, 0, 0, 0, 0, 0, 0, 0, 0, 0, 0, 0, 0, 0, 0, 0, 0, 0, 0, 0, 0, 0, 0, 0, 0, 0, 0, 0, 0, 0, 0, 0, 0, 0, 0, 0, 0, 0, 0, 0, 0, 0, 0, 0, 0, 0, -0.0031895512, -0.0024365499, -0.002203379, -0.0020105373, -0.0020159192, -0.0020917126, -0.0021374917, -0.002231094, -0.0023218, -0.002365389, -0.0024494037, -0.002528571, -0.002602474, -0.0026373395, -0.002704039, -0.0027687917, -0.002801253, -0.0028674759, -0.002934792, -0.0030026191, -0.0030362178, -0.00310306, -0.0031693887, -0.0032022318, -0.0032677562, -0.003331982, -0.003363439, -0.0034245024, -0.0034824884, -0.0035372875, -0.0035629813, -0.0036105071, -0.0036518213, -0.0036700664, -0.0037009204, -0.0037242344, -0.0037396697, -0.0037445135, -0.0037490798, -0.0037480309, -0.003745573, -0.0037374129, -0.0037252535, -0.0037175342, -0.0036987904, -0.003675915, -0.0036494003, -0.0036349967, -0.0036039583, -0.0035702067, -0.0035527293, -0.003516532, -0.0034783932, -0.0034378204, -0.0034164751, -0.0033714005, -0.0033229087, -0.0032972302, -0.0032430626, -0.0031847977, -0.0031540315, -0.003088233, -0.0030157457, -0.0029350528, -0.0028912935, -0.00279697, -0.002693378, -0.0026380934, -0.002521015, -0.002395061, -0.0022630566, -0.0021981478, -0.0020899847, -0.0020840664, -0.0021704822, -0.002655431, 0, 0, 0, 0, 0, 0, 0, 0, 0, 0, 0, 0, 0, 0, 0, 0, 0, 0
0, 0, 0, 0, 0, 0, 0, 0, 0, 0, 0, 0, 0, 0, 0, 0, 0, 0, 0, 0, 0, 0, 0, 0, 0, 0, 0, 0, 0, 0, 0, 0, 0, 0, 0, 0, 0, 0, 0, 0, 0, 0, 0, 0, 0, 0, 0, 0, 0, 0, 0, 0, 0, 0, 0, 0, 0, -0.0025056363, -0.002210904, -0.0019348435, -0.0019231865, -0.002012057, -0.0020684514, -0.002184436, -0.0022962973, -0.0023501227, -0.0024527218, -0.002548946, -0.0026376848, -0.0026794695, -0.0027580017, -0.0028324593, -0.002868802, -0.0029410056, -0.0030129573, -0.003084181, -0.0031192238, -0.0031880813, -0.0032556343, -0.0032887137, -0.003353482, -0.0034155261, -0.0034451075, -0.003501779, -0.0035544094, -0.0036029657, -0.0036254681, -0.003666716, -0.003701858, -0.0037169398, -0.0037418592, -0.003759282, -0.0037693977, -0.0037718716, -0.00377276, -0.0037688857, -0.0037656513, -0.0037565087, -0.0037442883, -0.0037367197, -0.0037184642, -0.0036957934, -0.0036682554, -0.0036531237, -0.0036193226, -0.0035820268, -0.0035623042, -0.0035213756, -0.0034784295, -0.0034331644, -0.0034093673, -0.0033600265, -0.0033081863, -0.0032813395, -0.0032260898, -0.003168584, -0.0031390425, -0.0030774253, -0.0030116271, -0.002939777, -0.0029010847, -0.0028176433, -0.0027258731, -0.0026767317, -0.0025728238, -0.002460837, -0.0023427838, -0.0022839967, -0.002181062, -0.0021508895, -0.002202187, -0.002566762, -0.003344127, 0, 0, 0, 0, 0, 0, 0, 0, 0, 0, 0, 0, 0, 0, 0, 0, 0
0, 0, 0, 0, 0, 0, 0, 0, 0, 0, 0, 0, 0, 0, 0, 0, 0, 0, 0, 0, 0, 0, 0, 0, 0, 0, 0, 0, 0, 0, 0, 0, 0, 0, 0, 0, 0, 0, 0, 0, 0, 0, 0, 0, 0, 0, 0, 0, 0, 0, 0, 0, 0, 0, 0, 0, 0, -0.0023835658, -0.00210022, -0.0018244919, -0.0018299783, -0.0019444474, -0.0020136966, -0.00215346, -0.002285632, -0.0023479995, -0.002466561, -0.0025762054, -0.0026771964, -0.0027245525, -0.0028134075, -0.00289638, -0.0029360212, -0.0030133652, -0.0030883935, -0.0031611037, -0.0031964218, -0.003264675, -0.0033301837, -0.0033619057, -0.0034227518, -0.0034799364, -0.0035066993, -0.003557254, -0.003603271, -0.003645076, -0.0036640721, -0.0036980377, -0.0037260202, -0.0037376308, -0.003755982, -0.003767347, -0.003772683, -0.0037733295, -0.0037709707, -0.003765258, -0.0037613865, -0.0037517024, -0.003739108, -0.0037314284, -0.0037124252, -0.0036879557, -0.0036577769, -0.0036407337, -0.0036035252, -0.0035626313, -0.003541398, -0.0034975032, -0.0034519183, -0.0034046741, -0.003380132, -0.0033295986, -0.0032774298, -0.0032509067, -0.0031969359, -0.0031420223, -0.00311432, -0.003057933, -0.0029993674, -0.002936178, -0.0029021446, -0.0028285072, -0.0027470558, -0.0027030602, -0.002609029, -0.002506086, -0.002393858, -0.002334678, -0.0022158218, -0.0021220404, -0.0021055343, -0.0022055353, -0.0024983257, 0, 0, 0, 0, 0, 0, 0, 0, 0, 0, 0, 0, 0, 0, 0, 0, 0
0, 0, 0, 0, 0, 0, 0, 0, 0, 0, 0, 0, 0, 0, 0, 0, 0, 0, 0, 0, 0, 0, 0, 0, 0, 0, 0, 0, 0, 0, 0, 0, 0, 0, 0, 0, 0, 0, 0, 0, 0, 0, 0, 0, 0, 0, 0, 0, 0, 0, 0, 0, 0, 0, 0, 0, 0, 0, -0.0019883143, -0.0018233111, -0.00181716, -0.001931048, -0.0020041666, -0.002153807, -0.0022950706, -0.0023615507, -0.0024871642, -0.0026035062, -0.0027111229, -0.0027618222, -0.0028575729, -0.0029464904, -0.0029888542, -0.0030700269, -0.0031469923, -0.0032194913, -0.00325387, -0.0033193543, -0.003380263, -0.0034093012, -0.003464192, -0.0035147376, -0.0035381373, -0.0035815428, -0.0036207193, -0.0036556094, -0.0036713374, -0.0036985474, -0.0037199252, -0.003728339, -0.0037407791, -0.0037476274, -0.0037494353, -0.003748617, -0.0037445552, -0.0037373519, -0.0037328287, -0.0037216444, -0.0037069814, -0.0036980016, -0.0036756003, -0.0036470462, -0.003612567, -0.0035935598, -0.003553205, -0.003510669, -0.0034889837, -0.0034450765, -0.003400238, -0.0033544647, -0.0033308119, -0.0032829316, -0.0032337557, -0.0032089439, -0.003158637, -0.003108034, -0.0030828738, -0.003032331, -0.0029805042, -0.0029246064, -0.002894271, -0.0028285624, -0.0027547402, -0.0027142323, -0.0026262738, -0.0025270658, -0.0024145, -0.0023524296, -0.0022171955, -0.0020799225, -0.0020244224, -0.0020006106, -0.00214344, 0, 0, 0, 0, 0, 0, 0, 0, 0, 0, 0, 0, 0, 0, 0, 0, 0
0, 0, 0, 0, 0, 0, 0, 0, 0, 0, 0, 0, 0, 0, 0, 0, 0, 0, 0, 0, 0, 0, 0, 0, 0, 0, 0, 0, 0, 0, 0, 0, 0, 0, 0, 0, 0, 0, 0, 0, 0, 0, 0, 0, 0, 0, 0, 0, 0, 0, 0, 0, 0, 0, 0, 0, 0, 0, -0.0025160217, -0.0020248464, -0.0019008198, -0.0019717044, -0.0020351594, -0.0021754885, -0.0023131587, -0.0023789022, -0.0025031928, -0.0026192348, -0.0027278804, -0.002779538, -0.0028781455, -0.0029704883, -0.0030144628, -0.0030978245, -0.0031752298, -0.0032459649, -0.0032788815, -0.0033397707, -0.0033949655, -0.0034206642, -0.0034689882, -0.0035123462, -0.0035322113, -0.003569313, -0.003602461, -0.0036320752, -0.0036450182, -0.003667076, -0.0036835957, -0.0036897466, -0.0036982368, -0.0037021148, -0.0037020554, -0.0037005343, -0.0036951054, -0.0036864807, -0.0036810015, -0.0036668582, -0.0036482194, -0.0036368633, -0.0036097171, -0.0035764298, -0.0035385233, -0.0035183653, -0.00347726, -0.0034357207, -0.0034150437, -0.0033738937, -0.0033327695, -0.0032909918, -0.0032698964, -0.0032266988, -0.0031825472, -0.0031602278, -0.0031153455, -0.0030702278, -0.0030477778, -0.0030024971, -0.002955812, -0.0029050538, -0.0028773998, -0.0028166056, -0.0027472673, -0.0027089096, -0.0026242586, -0.0025270998, -0.0024158626, -0.0023546088, -0.0022226998, -0.0020965112, -0.0020555493, -0.0021362214, -0.0028653482, -0.003792706, 0, 0, 0, 0, 0, 0, 0, 0, 0, 0, 0, 0, 0, 0, 0, 0
0, 0, 0, 0, 0, 0, 0, 0, 0, 0, 0, 0, 0, 0, 0, 0, 0, 0, 0, 0, 0, 0, 0, 0, 0, 0, 0, 0, 0, 0, 0, 0, 0, 0, 0, 0, 0, 0, 0, 0, 0, 0, 0, 0, 0, 0, 0, 0, 0, 0, 0, 0, 0, 0, 0, 0, 0, 0, 0, -0.0022104853, -0.0020250648, -0.0020271013, -0.002070682, -0.0021894148, -0.0023171995, -0.0023793976, -0.0024986835, -0.0026112252, -0.0027177143, -0.0027689075, -0.0028675622, -0.002960604, -0.0030048378, -0.0030883227, -0.0031643412, -0.0032321839, -0.0032630812, -0.0033189806, -0.0033685123, -0.0033914638, -0.003433619, -0.003471569, -0.0034889316, -0.003521535, -0.0035510785, -0.0035771164, -0.0035885386, -0.0036072424, -0.0036207472, -0.0036254195, -0.003631948, -0.0036344226, -0.0036333934, -0.003631568, -0.003624998, -0.0036146354, -0.0036079567, -0.0035906537, -0.0035680342, -0.0035546534, -0.0035238634, -0.0034886624, -0.0034506947, -0.0034313435, -0.0033928482, -0.0033550616, -0.0033364291, -0.0032993292, -0.0032625727, -0.003225497, -0.0032068335, -0.0031688653, -0.0031301416, -0.003110503, -0.0030709403, -0.0030308259, -0.0030106835, -0.0029693258, -0.0029256474, -0.0028773812, -0.0028509733, -0.0027922925, -0.002724728, -0.002687339, -0.0026043453, -0.002509964, -0.0024043191, -0.0023475655, -0.00222973, -0.0021226502, -0.00208837, -0.0021322316, -0.0024869705, -0.0027884122, 0, 0, 0, 0, 0, 0, 0, 0, 0, 0, 0, 0, 0, 0, 0, 0
0, 0, 0, 0, 0, 0, 0, 0, 0, 0, 0, 0, 0, 0, 0, 0, 0, 0, 0, 0, 0, 0, 0, 0, 0, 0, 0, 0, 0, 0, 0, 0, 0, 0, 0, 0, 0, 0, 0, 0, 0, 0, 0, 0, 0, 0, 0, 0, 0, 0, 0, 0, 0, 0, 0, 0, 0, 0, 0, -0.0026704564, -0.0021653776, -0.0020512328, -0.0020708009, -0.0021680014, -0.0022874738, -0.0023470868, -0.0024626825, -0.0025724198, -0.002676898, -0.002727421, -0.0028242182, -0.0029154571, -0.0029586619, -0.0030398285, -0.0031126244, -0.0031769297, -0.0032058763, -0.003257856, -0.0033036347, -0.0033246714, -0.0033636652, -0.0033991262, -0.0034156328, -0.0034465468, -0.0034743035, -0.0034986637, -0.003509276, -0.003525822, -0.0035372323, -0.0035412267, -0.0035465648, -0.003548733, -0.0035474978, -0.0035453152, -0.0035382367, -0.0035267316, -0.0035192228, -0.0035005342, -0.0034766707, -0.0034632988, -0.00343299, -0.0034001686, -0.0033664736, -0.0033496264, -0.0033166965, -0.003283897, -0.0032675206, -0.003234246, -0.0032008926, -0.003167187, -0.0031503518, -0.0031160165, -0.0030811727, -0.0030638298, -0.003028246, -0.002991557, -0.0029728792, -0.0029333693, -0.0028903591, -0.0028421828, -0.0028156238, -0.0027568077, -0.0026890368, -0.002651732, -0.0025701309, -0.002479392, -0.002380452, -0.0023284522, -0.002221001, -0.0021159837, -0.0020715145, -0.0020320313, -0.0021455607, -0.0023000143, -0.0028003566, 0, 0, 0, 0, 0, 0, 0, 0, 0, 0, 0, 0, 0, 0, 0
0, 0, 0, 0, 0, 0, 0, 0, 0, 0, 0, 0, 0, 0, 0, 0, 0, 0, 0, 0, 0, 0, 0, 0, 0, 0, 0, 0, 0, 0, 0, 0, 0, 0, 0, 0, 0, 0, 0, 0, 0, 0, 0, 0, 0, 0, 0, 0, 0, 0, 0, 0, 0, 0, 0, 0, 0, 0, 0, -0.0027037433, -0.0021656686, -0.002014005, -0.002021619, -0.0021054544, -0.0022200537, -0.0022791268, -0.0023945614, -0.002504541, -0.0026085728, -0.002658208, -0.0027526433, -0.002840612, -0.0028817395, -0.0029587608, -0.0030274836, -0.0030882354, -0.0031156922, -0.0031656174, -0.0032102745, -0.0032310728, -0.003270587, -0.0033069795, -0.0033239676, -0.0033554407, -0.0033829573, -0.0034064115, -0.003416136, -0.0034311195, -0.0034410683, -0.0034447224, -0.0034496596, -0.0034518722, -0.0034512405, -0.0034495234, -0.0034428563, -0.0034323921, -0.0034254761, -0.0034088613, -0.0033884093, -0.003376973, -0.0033518886, -0.0033253515, -0.0032985175, -0.0032851463, -0.0032580008, -0.0032296071, -0.0032147504, -0.0031838166, -0.0031522347, -0.003119986, -0.003103885, -0.0030710865, -0.0030383586, -0.0030219792, -0.0029885613, -0.0029532283, -0.0029346664, -0.0028950265, -0.0028510648, -0.0028016747, -0.00277446, -0.0027140041, -0.0026456658, -0.0026083547, -0.002528254, -0.0024413306, -0.0023484328, -0.002299881, -0.0021971588, -0.0020871647, -0.0020314357, -0.0019341342, -0.0019113427, -0.0019575437, -0.0021451926, 0, 0, 0, 0, 0, 0, 0, 0, 0, 0, 0, 0, 0, 0, 0
0, 0, 0, 0, 0, 0, 0, 0, 0, 0, 0, 0, 0, 0, 0, 0, 0, 0, 0, 0, 0, 0, 0, 0, 0, 0, 0, 0, 0, 0, 0, 0, 0, 0, 0, 0, 0, 0, 0, 0, 0, 0, 0, 0, 0, 0, 0, 0, 0, 0, 0, 0, 0, 0, 0, 0, 0, 0, 0, 0, -0.0021682677, -0.001987076, -0.0019665353, -0.0020189423, -0.0021269294, -0.00218651, -0.0023053738, -0.0024182368, -0.0025224043, -0.0025712163, -0.0026625416, -0.00274612, -0.002785048, -0.0028571452, -0.0029217436, -0.002979577, -0.003006328, -0.0030559166, -0.0031022874, -0.00312449, -0.0031669964, -0.0032067671, -0.003225138, -0.0032582246, -0.0032863752, -0.0033091148, -0.0033184458, -0.0033329232, -0.0033429214, -0.0033464567, -0.0033518753, -0.0033552304, -0.0033564903, -0.0033557455, -0.0033520567, -0.003345048, -0.003340434, -0.0033294887, -0.0033156287, -0.003307785, -0.00329029, -0.0032713972, -0.0032511041, -0.003240548, -0.0032175768, -0.0031913854, -0.0031772114, -0.0031467753, -0.00311537, -0.0030830908, -0.0030669307, -0.0030345656, -0.0030022105, -0.002985839, -0.0029524146, -0.0029165104, -0.0028974495, -0.0028562506, -0.0028106284, -0.0027594108, -0.0027314837, -0.0026700192, -0.0026015458, -0.0025647, -0.0024868546, -0.0024041585, -0.0023168072, -0.0022711363, -0.002173449, -0.0020649305, -0.0020070996, -0.0018964972, -0.0018441951, -0.0018775737, -0.0021865384, 0, 0, 0, 0, 0, 0, 0, 0, 0, 0, 0, 0, 0, 0, 0
0, 0, 0, 0, 0, 0, 0, 0, 0, 0, 0, 0, 0, 0, 0, 0, 0, 0, 0, 0, 0, 0, 0, 0, 0, 0, 0, 0, 0, 0, 0, 0, 0, 0, 0, 0, 0, 0, 0, 0, 0, 0, 0, 0, 0, 0, 0, 0, 0, 0, 0, 0, 0, 0, 0, 0, 0, 0, 0, 0, -0.0024976677, -0.0020017175, -0.0019148585, -0.0019204665, -0.0020266385, -0.0020893994, -0.0022139621, -0.0023286194, -0.0024315289, -0.0024787611, -0.0025661772, -0.0026449498, -0.0026815415, -0.002749398, -0.002810785, -0.0028667983, -0.0028933615, -0.0029443533, -0.0029934703, -0.0030174812, -0.003064232, -0.0031076644, -0.0031275826, -0.003162996, -0.0031924495, -0.0032159023, -0.003225812, -0.0032419083, -0.0032537878, -0.0032585936, -0.0032664887, -0.003272837, -0.003277362, -0.003278891, -0.0032799132, -0.003278847, -0.0032773784, -0.0032732766, -0.0032667604, -0.003262527, -0.0032518033, -0.003238685, -0.0032226718, -0.0032134175, -0.0031919382, -0.0031659661, -0.003151467, -0.003120518, -0.0030883611, -0.003055577, -0.003039254, -0.0030060876, -0.002972803, -0.0029561033, -0.0029211119, -0.002883466, -0.0028632781, -0.002819935, -0.0027724656, -0.0027201085, -0.0026919204, -0.0026307795, -0.002563766, -0.0025280826, -0.002453412, -0.0023751035, -0.0022935227, -0.0022508882, -0.002160779, -0.002060725, -0.0020077885, -0.0019067646, -0.0018567252, -0.0018845063, -0.0021670435, -0.0028309606, 0, 0, 0, 0, 0, 0, 0, 0, 0, 0, 0, 0, 0, 0
0, 0, 0, 0, 0, 0, 0, 0, 0, 0, 0, 0, 0, 0, 0, 0, 0, 0, 0, 0, 0, 0, 0, 0, 0, 0, 0, 0, 0, 0, 0, 0, 0, 0, 0, 0, 0, 0, 0, 0, 0, 0, 0, 0, 0, 0, 0, 0, 0, 0, 0, 0, 0, 0, 0, 0, 0, 0, 0, 0, -0.0024193001, -0.0019044898, -0.0018148838, -0.0018305801, -0.0019475952, -0.0020135313, -0.0021391672, -0.0022498346, -0.0023471224, -0.0023917574, -0.0024743003, -0.0025492883, -0.0025842881, -0.0026497988, -0.0027100483, -0.002766382, -0.002793469, -0.0028461013, -0.002897922, -0.0029233573, -0.0029730662, -0.003019204, -0.003040275, -0.0030782744, -0.0031101934, -0.0031366716, -0.0031482847, -0.0031688295, -0.0031855735, -0.0031927659, -0.0032055364, -0.003216564, -0.0032263163, -0.0032306202, -0.0032376328, -0.0032423686, -0.0032439062, -0.0032451074, -0.003243609, -0.0032415178, -0.0032343073, -0.0032235284, -0.0032088188, -0.0031997901, -0.0031779723, -0.0031514382, -0.0031365727, -0.0031048628, -0.0030721098, -0.003038663, -0.0030217469, -0.0029873943, -0.0029524895, -0.0029344857, -0.0028969883, -0.0028566234, -0.0028351522, -0.0027896124, -0.0027406719, -0.0026879257, -0.0026598186, -0.0026001176, -0.0025353534, -0.00250142, -0.0024304609, -0.0023569418, -0.0022808495, -0.0022415228, -0.0021586707, -0.0020679915, -0.0020199793, -0.0019236575, -0.0018536935, -0.001847925, -0.001954947, -0.002201565, 0, 0, 0, 0, 0, 0, 0, 0, 0, 0, 0, 0, 0, 0
0, 0, 0, 0, 0, 0, 0, 0, 0, 0, 0, 0, 0, 0, 0, 0, 0, 0, 0, 0, 0, 0, 0, 0, 0, 0, 0, 0, 0, 0, 0, 0, 0, 0, 0, 0, 0, 0, 0, 0, 0, 0, 0, 0, 0, 0, 0, 0, 0, 0, 0, 0, 0, 0, 0, 0, 0, 0, 0, 0, 0, -0.0018358969, -0.001796813, -0.0018216587, -0.0019218633, -0.0019789098, -0.0020882224, -0.0021863214, -0.0022750238, -0.0023166088, -0.0023953866, -0.0024692682, -0.002504346, -0.0025710005, -0.0026332734, -0.0026920156, -0.0027204684, -0.0027754186, -0.0028288534, -0.0028549857, -0.002905543, -0.0029528213, -0.0029748012, -0.0030151012, -0.0030504947, -0.003081818, -0.0030963966, -0.0031232561, -0.0031470458, -0.0031577486, -0.0031768954, -0.0031937347, -0.0032089439, -0.0032157288, -0.0032274504, -0.0032363595, -0.003239437, -0.003242678, -0.0032420477, -0.0032400782, -0.0032330928, -0.003221719, -0.0032060822, -0.0031965903, -0.003174455, -0.0031478507, -0.0031331477, -0.0031018797, -0.0030692487, -0.0030352203, -0.003017517, -0.0029809042, -0.002942559, -0.0029226858, -0.0028811963, -0.0028374689, -0.0028147246, -0.002767241, -0.0027175527, -0.002664727, -0.0026370746, -0.0025791759, -0.0025170266, -0.0024844634, -0.0024172268, -0.0023479057, -0.0022765356, -0.002240019, -0.0021632297, -0.002079156, -0.002033371, -0.0019363783, -0.0018456269, -0.0018162956, -0.001855153, -0.0021840888, 0, 0, 0, 0, 0, 0, 0, 0, 0, 0, 0, 0, 0, 0
0, 0, 0, 0, 0, 0, 0, 0, 0, 0, 0, 0, 0, 0, 0, 0, 0, 0, 0, 0, 0, 0, 0, 0, 0, 0, 0, 0, 0, 0, 0, 0, 0, 0, 0, 0, 0, 0, 0, 0, 0, 0, 0, 0, 0, 0, 0, 0, 0, 0, 0, 0, 0, 0, 0, 0, 0, 0, 0, 0, 0, -0.0022144248, -0.0020655703, -0.0019266888, -0.0019378073, -0.0019686806, -0.0020471234, -0.0021310558, -0.0022145042, -0.0022553622, -0.0023359573, -0.002413196, -0.0024505265, -0.0025218488, -0.0025887017, -0.0026518162, -0.0026818395, -0.0027393734, -0.0027939142, -0.0028201365, -0.0028707774, -0.0029184686, -0.0029410152, -0.002983886, -0.0030234358, -0.003060387, -0.0030780921, -0.0031118814, -0.0031427331, -0.0031566792, -0.0031817441, -0.0032034183, -0.003222135, -0.0032303235, -0.0032439628, -0.0032533451, -0.0032562641, -0.0032580653, -0.003255024, -0.0032518564, -0.0032424724, -0.0032294623, -0.0032126512, -0.003203095, -0.0031808605, -0.003155345, -0.0031414442, -0.003111894, -0.0030800872, -0.0030450549, -0.0030262268, -0.0029861203, -0.0029432198, -0.0029208225, -0.0028746964, -0.0028274816, -0.0028033438, -0.002754883, -0.0027048935, -0.0026527038, -0.0026255515, -0.0025685946, -0.0025083006, -0.002476947, -0.002412399, -0.0023464374, -0.002279128, -0.002244662, -0.0021723895, -0.0020929193, -0.002048883, -0.0019527514, -0.0018529601, -0.0018113243, -0.0017902234, -0.0019317906, 0, 0, 0, 0, 0, 0, 0, 0, 0, 0, 0, 0, 0, 0
0, 0, 0, 0, 0, 0, 0, 0, 0, 0, 0, 0, 0, 0, 0, 0, 0, 0, 0, 0, 0, 0, 0, 0, 0, 0, 0, 0, 0, 0, 0, 0, 0, 0, 0, 0, 0, 0, 0, 0, 0, 0, 0, 0, 0, 0, 0, 0, 0, 0, 0, 0, 0, 0, 0, 0, 0, 0, 0, 0, 0, -0.002780414, -0.0024153902, -0.0020176612, -0.0019209062, -0.0019283214, -0.0019896945, -0.0020744756, -0.0021647331, -0.0022100466, -0.0022993959, -0.0023854282, -0.002426551, -0.0025048943, -0.0025778224, -0.0026454737, -0.0026772623, -0.0027373547, -0.0027929533, -0.002819495, -0.0028704507, -0.0029192711, -0.0029428417, -0.002988724, -0.0030323889, -0.0030741135, -0.0030945144, -0.0031334157, -0.0031688407, -0.0031848506, -0.003213262, -0.0032370952, -0.0032565105, -0.0032644402, -0.0032768843, -0.003284101, -0.0032856, -0.003283964, -0.0032774608, -0.0032724256, -0.0032602362, -0.0032454303, -0.003228009, -0.0032184822, -0.0031972327, -0.0031734388, -0.0031606508, -0.0031324942, -0.0031010117, -0.0030646045, -0.0030444614, -0.0030007053, -0.0029531699, -0.0029284884, -0.0028783958, -0.0028285217, -0.0028037815, -0.0027547162, -0.0027049393, -0.0026534367, -0.0026264628, -0.0025703176, -0.0025112536, -0.0024807458, -0.0024182682, -0.0023547881, -0.0022902864, -0.0022572377, -0.0021879557, -0.0021121309, -0.0020706218, -0.0019800158, -0.0018860018, -0.001846045, -0.0018245848, -0.002006923, -0.0025858528, 0, 0, 0, 0, 0, 0, 0, 0, 0, 0, 0, 0, 0
0, 0, 0, 0, 0, 0, 0, 0, 0, 0, 0, 0, 0, 0, 0, 0, 0, 0, 0, 0, 0, 0, 0, 0, 0, 0, 0, 0, 0, 0, 0, 0, 0, 0, 0, 0, 0, 0, 0, 0, 0, 0, 0, 0, 0, 0, 0, 0, 0, 0, 0, 0, 0, 0, 0, 0, 0, 0, 0, 0, 0, -0.002826406, -0.0024500634, -0.00195102, -0.0018215656, -0.0018318469, -0.0019127413, -0.0020201385, -0.0021302502, -0.0021838106, -0.002287438, -0.002384329, -0.0024300765, -0.002516147, -0.0025947297, -0.0026665842, -0.002699934, -0.002762193, -0.002819041, -0.0028463562, -0.0028988165, -0.0029499296, -0.0029751284, -0.0030240654, -0.0030711486, -0.003116104, -0.0031376823, -0.0031783036, -0.0032148114, -0.0032311627, -0.003259442, -0.0032825207, -0.0033001376, -0.0033071127, -0.0033169752, -0.0033212495, -0.0033211308, -0.0033168376, -0.0033074182, -0.0033012046, -0.0032868334, -0.0032706973, -0.0032529838, -0.0032436019, -0.0032234036, -0.0032007007, -0.0031883235, -0.0031604748, -0.0031280105, -0.0030897355, -0.003068544, -0.0030219886, -0.0029717993, -0.0029459926, -0.0028941045, -0.002843115, -0.0028183314, -0.0027695084, -0.0027201942, -0.002668659, -0.0026421263, -0.0025866542, -0.0025286432, -0.0024988549, -0.0024381387, -0.0023763021, -0.0023132106, -0.0022806672, -0.0022123882, -0.0021375234, -0.0020973813, -0.0020111601, -0.0019242344, -0.0018880562, -0.0018692465, -0.0020417366, -0.0026208567, -0.0030357458, 0, 0, 0, 0, 0, 0, 0, 0, 0, 0, 0, 0
0, 0, 0, 0, 0, 0, 0, 0, 0, 0, 0, 0, 0, 0, 0, 0, 0, 0, 0, 0, 0, 0, 0, 0, 0, 0, 0, 0, 0, 0, 0, 0, 0, 0, 0, 0, 0, 0, 0, 0, 0, 0, 0, 0, 0, 0, 0, 0, 0, 0, 0, 0, 0, 0, 0, 0, 0, 0, 0, 0, 0, 0, -0.0022630598, -0.0017922857, -0.0017035338, -0.0017349218, -0.0018524859, -0.001987596, -0.0021181097, -0.002179993, -0.0022966072, -0.0024033692, -0.0024532208, -0.002545616, -0.002628671, -0.0027036914, -0.002738253, -0.0028021864, -0.0028607438, -0.002888682, -0.0029434662, -0.0029972875, -0.003023835, -0.003075735, -0.0031248913, -0.003170763, -0.00319205, -0.0032316109, -0.003266186, -0.0032815093, -0.0033074452, -0.0033280675, -0.0033435363, -0.0033494262, -0.003357576, -0.0033605308, -0.0033598817, -0.0033548991, -0.003344597, -0.003338006, -0.0033225114, -0.003305357, -0.003287007, -0.0032775863, -0.0032572625, -0.0032342267, -0.0032215132, -0.003192272, -0.0031581349, -0.0031185027, -0.0030967444, -0.0030496079, -0.0029995586, -0.0029739467, -0.0029226756, -0.0028726067, -0.0028481362, -0.0027997831, -0.0027507097, -0.0026993398, -0.0026729691, -0.0026182123, -0.0025616642, -0.0025326854, -0.0024737676, -0.002412992, -0.0023493182, -0.0023161953, -0.0022455633, -0.0021678926, -0.0021260683, -0.0020365538, -0.0019430663, -0.0018986835, -0.0018375467, -0.001878604, -0.0021198431, -0.002279185, 0, 0, 0, 0, 0, 0, 0, 0, 0, 0, 0, 0
0, 0, 0, 0, 0, 0, 0, 0, 0, 0, 0, 0, 0, 0, 0, 0, 0, 0, 0, 0, 0, 0, 0, 0, 0, 0, 0, 0, 0, 0, 0, 0, 0, 0, 0, 0, 0, 0, 0, 0, 0, 0, 0, 0, 0, 0, 0, 0, 0, 0, 0, 0, 0, 0, 0, 0, 0, 0, 0, 0, 0, 0, 0, -0.0017177741, -0.0016915359, -0.0017271403, -0.0018482648, -0.0019902189, -0.00212884, -0.0021947864, -0.0023183348, -0.0024312616, -0.00248343, -0.0025797226, -0.0026659574, -0.0027428912, -0.0027782575, -0.0028434086, -0.0029030894, -0.0029317136, -0.0029881075, -0.00304375, -0.0030713747, -0.0031246836, -0.00317447, -0.003219588, -0.003240125, -0.0032770354, -0.0033084252, -0.003322191, -0.0033457014, -0.0033645835, -0.0033793286, -0.0033851685, -0.003393965, -0.0033981162, -0.0033981688, -0.0033944305, -0.003385106, -0.003378632, -0.0033629255, -0.0033447435, -0.0033252947, -0.0033151645, -0.0032940027, -0.0032699092, -0.0032564064, -0.003226043, -0.0031910676, -0.003151117, -0.0031296914, -0.0030842721, -0.0030368532, -0.0030127603, -0.002964361, -0.002916389, -0.0028926092, -0.0028447963, -0.0027957843, -0.0027445, -0.002718179, -0.0026643053, -0.0026094727, -0.0025815165, -0.0025241016, -0.0024631263, -0.0023977351, -0.0023626937, -0.0022876484, -0.0022039819, -0.0021586758, -0.0020607046, -0.0019530574, -0.0018967866, -0.001790326, -0.0017299803, -0.001787784, -0.0018520467, 0, 0, 0, 0, 0, 0, 0, 0, 0, 0, 0, 0
0, 0, 0, 0, 0, 0, 0, 0, 0, 0, 0, 0, 0, 0, 0, 0, 0, 0, 0, 0, 0, 0, 0, 0, 0, 0, 0, 0, 0, 0, 0, 0, 0, 0, 0, 0, 0, 0, 0, 0, 0, 0, 0, 0, 0, 0, 0, 0, 0, 0, 0, 0, 0, 0, 0, 0, 0, 0, 0, 0, 0, 0, 0, -0.0020637587, -0.0018514608, -0.0018285308, -0.0018894852, -0.0020128188, -0.0021485928, -0.0022149272, -0.0023403955, -0.002454792, -0.0025079383, -0.0026056385, -0.002693262, -0.0027710202, -0.002806531, -0.0028718307, -0.0029314396, -0.0029601625, -0.0030166407, -0.0030724967, -0.0031000946, -0.0031534017, -0.003202584, -0.0032466345, -0.0032662419, -0.0033009872, -0.0033298873, -0.0033426497, -0.0033651162, -0.0033841783, -0.0034006964, -0.003407865, -0.0034198654, -0.0034275886, -0.003429475, -0.0034284955, -0.0034211902, -0.0034152993, -0.0033999442, -0.0033814798, -0.003361575, -0.0033513128, -0.0033293306, -0.0033050769, -0.0032915552, -0.0032617752, -0.0032278711, -0.003190156, -0.003170113, -0.003128381, -0.0030854398, -0.0030636103, -0.0030194374, -0.0029745107, -0.0029518406, -0.0029052063, -0.0028564092, -0.0028052751, -0.0027790077, -0.0027260836, -0.0026723896, -0.0026447922, -0.0025876975, -0.0025257217, -0.0024575223, -0.0024208857, -0.0023411994, -0.0022522837, -0.0022041826, -0.0020999992, -0.001985276, -0.0019250566, -0.0018100544, -0.00175001, -0.0018861812, -0.002105519, 0, 0, 0, 0, 0, 0, 0, 0, 0, 0, 0, 0
0, 0, 0, 0, 0, 0, 0, 0, 0, 0, 0, 0, 0, 0, 0, 0, 0, 0, 0, 0, 0, 0, 0, 0, 0, 0, 0, 0, 0, 0, 0, 0, 0, 0, 0, 0, 0, 0, 0, 0, 0, 0, 0, 0, 0, 0, 0, 0, 0, 0, 0, 0, 0, 0, 0, 0, 0, 0, 0, 0, 0, 0, 0, -0.0025540104, -0.002013286, -0.0019143603, -0.001912972, -0.00202415, -0.002159456, -0.0022259434, -0.0023509676, -0.0024640155, -0.0025165726, -0.0026134283, -0.0027001703, -0.002776921, -0.0028119725, -0.0028757905, -0.0029343388, -0.0029624237, -0.0030175413, -0.0030720811, -0.0030989319, -0.0031507616, -0.0031987457, -0.0032413935, -0.003260492, -0.0032943625, -0.0033229366, -0.0033356543, -0.0033591844, -0.0033812213, -0.0034019114, -0.0034114346, -0.0034285039, -0.003441153, -0.0034452537, -0.0034484155, -0.0034443776, -0.0034396998, -0.0034267106, -0.0034102707, -0.0033922934, -0.0033828297, -0.0033629213, -0.003340802, -0.0033287026, -0.0033022414, -0.0032722112, -0.0032391232, -0.0032217342, -0.003185563, -0.0031477853, -0.0031286164, -0.0030893683, -0.0030485932, -0.0030274722, -0.0029831512, -0.0029354726, -0.0028851118, -0.0028592714, -0.0028066747, -0.0027529306, -0.002725146, -0.0026665304, -0.0026026014, -0.002532135, -0.0024941203, -0.0024117255, -0.00232064, -0.0022715325, -0.0021661362, -0.0020515996, -0.001992724, -0.0018834386, -0.0018328355, -0.00197555, -0.002191761, -0.0029529415, 0, 0, 0, 0, 0, 0, 0, 0, 0, 0, 0
0, 0, 0, 0, 0, 0, 0, 0, 0, 0, 0, 0, 0, 0, 0, 0, 0, 0, 0, 0, 0, 0, 0, 0, 0, 0, 0, 0, 0, 0, 0, 0, 0, 0, 0, 0, 0, 0, 0, 0, 0, 0, 0, 0, 0, 0, 0, 0, 0, 0, 0, 0, 0, 0, 0, 0, 0, 0, 0, 0, 0, 0, 0, -0.0025108934, -0.0019756472, -0.0018807974, -0.0018957594, -0.0020190235, -0.0021577503, -0.00222353, -0.0023446146, -0.0024531276, -0.0025035308, -0.002596859, -0.002680775, -0.0027548543, -0.002788562, -0.002850286, -0.002906685, -0.0029340275, -0.002987434, -0.0030398115, -0.00306555, -0.0031151646, -0.0031614576, -0.0032032782, -0.0032222, -0.0032563799, -0.0032865044, -0.0033003164, -0.0033273918, -0.0033538276, -0.0033797554, -0.0033922414, -0.003414906, -0.0034333004, -0.003440188, -0.003448635, -0.003449788, -0.0034478123, -0.003440452, -0.003429944, -0.0034179555, -0.0034112884, -0.0033969618, -0.0033806078, -0.0033713144, -0.0033508132, -0.0033272423, -0.0033012286, -0.003287182, -0.0032578756, -0.003226589, -0.0032103003, -0.0031764808, -0.0031404253, -0.0031211844, -0.0030799645, -0.0030348382, -0.0029861273, -0.0029608062, -0.0029083958, -0.0028535752, -0.0028246865, -0.0027634704, -0.0026970024, -0.0026241082, -0.002585538, -0.0025026498, -0.0024118596, -0.0023630774, -0.0022579154, -0.0021428948, -0.0020824615, -0.0019622229, -0.0018701383, -0.0018813746, -0.0019622336, -0.0022562183, 0, 0, 0, 0, 0, 0, 0, 0, 0, 0, 0
0, 0, 0, 0, 0, 0, 0, 0, 0, 0, 0, 0, 0, 0, 0, 0, 0, 0, 0, 0, 0, 0, 0, 0, 0, 0, 0, 0, 0, 0, 0, 0, 0, 0, 0, 0, 0, 0, 0, 0, 0, 0, 0, 0, 0, 0, 0, 0, 0, 0, 0, 0, 0, 0, 0, 0, 0, 0, 0, 0, 0, 0, 0, 0, -0.001916151, -0.0018793704, -0.0019131377, -0.002024869, -0.002148906, -0.0022078895, -0.0023176176, -0.0024178505, -0.00246523, -0.0025537736, -0.0026336338, -0.002704404, -0.0027367892, -0.0027962788, -0.002851651, -0.0028783714, -0.002930759, -0.0029815487, -0.0030062068, -0.0030534768, -0.0030979642, -0.00313879, -0.0031578164, -0.0031930108, -0.0032257908, -0.0032417057, -0.0032733355, -0.0033051788, -0.0033364228, -0.0033515443, -0.0033798378, -0.0034041991, -0.0034143256, -0.003429794, -0.0034388136, -0.003441186, -0.0034429291, -0.0034421608, -0.0034396588, -0.0034377477, -0.0034325537, -0.0034247611, -0.0034196826, -0.0034077144, -0.0033926966, -0.0033751603, -0.0033655162, -0.003343685, -0.0033189955, -0.0033056864, -0.0032771497, -0.003245825, -0.0032286118, -0.003191082, -0.003149021, -0.0031027508, -0.0030780588, -0.003025957, -0.002969759, -0.0029396133, -0.002875593, -0.0028064405, -0.0027321225, -0.0026930354, -0.0026107903, -0.0025211135, -0.0024728556, -0.0023675396, -0.0022491806, -0.002184581, -0.0020457078, -0.001905502, -0.0018078005, -0.0018006671, -0.0018902298, 0, 0, 0, 0, 0, 0, 0, 0, 0, 0, 0
0, 0, 0, 0, 0, 0, 0, 0, 0, 0, 0, 0, 0, 0, 0, 0, 0, 0, 0, 0, 0, 0, 0, 0, 0, 0, 0, 0, 0, 0, 0, 0, 0, 0, 0, 0, 0, 0, 0, 0, 0, 0, 0, 0, 0, 0, 0, 0, 0, 0, 0, 0, 0, 0, 0, 0, 0, 0, 0, 0, 0, 0, 0, 0, -0.0022924992, -0.002144777, -0.0020154158, -0.0020393736, -0.0021205326, -0.0021671988, -0.0022625527, -0.0023555248, -0.0024001873, -0.0024847705, -0.0025620526, -0.0026310207, -0.0026626983, -0.002722087, -0.002777709, -0.0028048363, -0.0028574946, -0.0029075865, -0.0029314547, -0.0029770143, -0.0030195336, -0.003059221, -0.0030782162, -0.003114792, -0.0031506694, -0.0031685652, -0.0032051448, -0.0032419276, -0.003278031, -0.0032956575, -0.0033291236, -0.0033592966, -0.003372909, -0.003396627, -0.0034157226, -0.003423771, -0.0034370378, -0.003448373, -0.0034576212, -0.0034613367, -0.0034670185, -0.0034697785, -0.003469886, -0.0034676543, -0.0034624967, -0.0034542286, -0.0034485837, -0.0034341535, -0.0034155017, -0.003404735, -0.003380549, -0.0033525578, -0.003337067, -0.0033026051, -0.0032634682, -0.00321931, -0.003195567, -0.0031443124, -0.0030872056, -0.0030563632, -0.0029907825, -0.0029202206, -0.0028455756, -0.0028066523, -0.002725244, -0.0026368788, -0.0025892048, -0.0024849186, -0.0023671696, -0.002302416, -0.0021616006, -0.002017759, -0.0019226199, -0.001934706, -0.0022445424, 0, 0, 0, 0, 0, 0, 0, 0, 0, 0, 0
0, 0, 0, 0, 0, 0, 0, 0, 0, 0, 0, 0, 0, 0, 0, 0, 0, 0, 0, 0, 0, 0, 0, 0, 0, 0, 0, 0, 0, 0, 0, 0, 0, 0, 0, 0, 0, 0, 0, 0, 0, 0, 0, 0, 0, 0, 0, 0, 0, 0, 0, 0, 0, 0, 0, 0, 0, 0, 0, 0, 0, 0, 0, 0, -0.0028506701, -0.0024803046, -0.0020850229, -0.0019980508, -0.0020413059, -0.0020815535, -0.0021732973, -0.0022668787, -0.0023121117, -0.002397359, -0.0024746498, -0.0025442592, -0.0025766573, -0.0026378992, -0.0026958962, -0.0027238457, -0.0027775434, -0.0028275952, -0.0028510706, -0.0028950556, -0.0029360305, -0.0029751423, -0.00299443, -0.0030327565, -0.003071755, -0.0030917402, -0.0031325538, -0.00317363, -0.0032139018, -0.003233524, -0.0032714251, -0.0033073635, -0.0033244684, -0.003356845, -0.0033864488, -0.0034002042, -0.003425986, -0.0034496412, -0.0034709277, -0.0034804263, -0.0034971728, -0.0035104973, -0.0035156987, -0.003523522, -0.0035275337, -0.0035272737, -0.0035251863, -0.0035166105, -0.00350199, -0.0034928033, -0.0034706162, -0.0034441287, -0.0034293453, -0.0033963853, -0.0033587858, -0.0033168204, -0.0032938477, -0.0032439777, -0.0031879605, -0.003157605, -0.003092754, -0.0030231725, -0.0029495456, -0.0029114361, -0.0028314162, -0.0027449513, -0.0026986601, -0.0025985574, -0.0024883081, -0.0024292332, -0.0023060287, -0.0021904674, -0.002135913, -0.002171017, -0.0025121171, -0.0033280489, 0, 0, 0, 0, 0, 0, 0, 0, 0, 0
0, 0, 0, 0, 0, 0, 0, 0, 0, 0, 0, 0, 0, 0, 0, 0, 0, 0, 0, 0, 0, 0, 0, 0, 0, 0, 0, 0, 0, 0, 0, 0, 0, 0, 0, 0, 0, 0, 0, 0, 0, 0, 0, 0, 0, 0, 0, 0, 0, 0, 0, 0, 0, 0, 0, 0, 0, 0, 0, 0, 0, 0, 0, 0, -0.0028730284, -0.0024872872, -0.001982935, -0.001857395, -0.001905901, -0.0019538736, -0.0020606888, -0.002164524, -0.002212985, -0.002302676, -0.0023826892, -0.0024548266, -0.0024885668, -0.002552666, -0.0026131386, -0.0026420734, -0.0026963176, -0.0027457841, -0.0027687068, -0.0028117404, -0.002852138, -0.0028919203, -0.0029121905, -0.0029535454, -0.0029968142, -0.003018901, -0.0030638578, -0.0031088982, -0.0031529153, -0.003174463, -0.003216343, -0.0032572725, -0.003277636, -0.0033178187, -0.0033573385, -0.0033765798, -0.0034137997, -0.0034486253, -0.0034805725, -0.0034951237, -0.003521191, -0.0035431825, -0.0035523993, -0.00356784, -0.0035783793, -0.0035833325, -0.0035831418, -0.0035774538, -0.0035644926, -0.0035553873, -0.003532901, -0.003505861, -0.003490612, -0.0034575667, -0.0034207231, -0.0033803594, -0.0033584512, -0.00331102, -0.0032578676, -0.0032291207, -0.003167345, -0.0031012679, -0.0030308922, -0.0029942002, -0.0029166602, -0.0028330556, -0.0027887058, -0.0026948126, -0.0025943986, -0.0025422191, -0.002436587, -0.0023408278, -0.0022933553, -0.0023158467, -0.0025665266, -0.0032850646, -0.0037776765, 0, 0, 0, 0, 0, 0, 0, 0, 0
0, 0, 0, 0, 0, 0, 0, 0, 0, 0, 0, 0, 0, 0, 0, 0, 0, 0, 0, 0, 0, 0, 0, 0, 0, 0, 0, 0, 0, 0, 0, 0, 0, 0, 0, 0, 0, 0, 0, 0, 0, 0, 0, 0, 0, 0, 0, 0, 0, 0, 0, 0, 0, 0, 0, 0, 0, 0, 0, 0, 0, 0, 0, 0, 0, -0.0022630307, -0.0017728523, -0.0016827665, -0.0017660541, -0.0018277576, -0.0019542077, -0.002068674, -0.002120068, -0.0022127354, -0.002294532, -0.002368265, -0.0024029277, -0.0024688635, -0.0025302256, -0.002558991, -0.0026130169, -0.0026615425, -0.002684257, -0.0027271162, -0.0027685068, -0.0028106542, -0.0028327864, -0.0028790378, -0.002927654, -0.0029524786, -0.003002532, -0.0030521217, -0.00310021, -0.0031237607, -0.0031698628, -0.003215528, -0.003238592, -0.003285469, -0.0033332605, -0.0033568842, -0.0034034054, -0.0034470027, -0.003486545, -0.00350455, -0.003536779, -0.0035637277, -0.0035751956, -0.0035941554, -0.0036070133, -0.0036131404, -0.0036133064, -0.0036075218, -0.0035937726, -0.0035840396, -0.0035598266, -0.0035307156, -0.00351491, -0.0034810202, -0.0034444663, -0.003405564, -0.0033849387, -0.0033405467, -0.0032914742, -0.0032649918, -0.0032085467, -0.0031476323, -0.0030819136, -0.0030471087, -0.002973495, -0.0028937764, -0.0028515751, -0.002762672, -0.0026675868, -0.0026179054, -0.002514442, -0.0024084721, -0.0023148973, -0.0022863473, -0.0023263067, -0.0025947853, -0.0027773296, 0, 0, 0, 0, 0, 0, 0, 0, 0
0, 0, 0, 0, 0, 0, 0, 0, 0, 0, 0, 0, 0, 0, 0, 0, 0, 0, 0, 0, 0, 0, 0, 0, 0, 0, 0, 0, 0, 0, 0, 0, 0, 0, 0, 0, 0, 0, 0, 0, 0, 0, 0, 0, 0, 0, 0, 0, 0, 0, 0, 0, 0, 0, 0, 0, 0, 0, 0, 0, 0, 0, 0, 0, 0, 0, -0.0016145965, -0.0015969145, -0.0016900214, -0.001753093, -0.0018798794, -0.0019924776, -0.0020426274, -0.002132677, -0.002212405, -0.0022848167, -0.002318953, -0.0023837457, -0.0024439304, -0.002472259, -0.0025251685, -0.002573347, -0.0025959706, -0.0026402806, -0.0026846826, -0.0027313249, -0.002756125, -0.002808653, -0.0028638414, -0.0028919708, -0.0029480197, -0.0030031896, -0.0030565648, -0.0030824947, -0.0031333293, -0.003183705, -0.0032092498, -0.003261357, -0.0033147437, -0.003341355, -0.0033930985, -0.0034414483, -0.0034845395, -0.0035039526, -0.0035383923, -0.0035662155, -0.0035777576, -0.0035960616, -0.0036077478, -0.003612275, -0.0036115835, -0.0036043273, -0.0035891104, -0.003578459, -0.0035524517, -0.003521687, -0.0035051918, -0.0034703754, -0.003434019, -0.003396268, -0.0033766236, -0.0033351001, -0.0032902525, -0.0032660558, -0.003215182, -0.0031598206, -0.0030995396, -0.0030672848, -0.0029983956, -0.002922538, -0.0028821432, -0.0027954723, -0.0027003246, -0.0026487932, -0.002536096, -0.0024061445, -0.0022604002, -0.0021878625, -0.0020810815, -0.0021069534, -0.0021677194, 0, 0, 0, 0, 0, 0, 0, 0, 0
0, 0, 0, 0, 0, 0, 0, 0, 0, 0, 0, 0, 0, 0, 0, 0, 0, 0, 0, 0, 0, 0, 0, 0, 0, 0, 0, 0, 0, 0, 0, 0, 0, 0, 0, 0, 0, 0, 0, 0, 0, 0, 0, 0, 0, 0, 0, 0, 0, 0, 0, 0, 0, 0, 0, 0, 0, 0, 0, 0, 0, 0, 0, 0, 0, 0, -0.001832768, -0.0016744882, -0.0016939315, -0.0017355763, -0.0018352568, -0.0019315637, -0.0019760805, -0.0020579135, -0.002132163, -0.0022007346, -0.0022331509, -0.002295355, -0.0023537532, -0.0023814517, -0.002433993, -0.0024832846, -0.0025071993, -0.0025548106, -0.0026041723, -0.0026570114, -0.0026850714, -0.0027443068, -0.0028061706, -0.0028376365, -0.002899991, -0.0029608728, -0.0030199361, -0.0030484828, -0.003104183, -0.0031587994, -0.0031860657, -0.0032412298, -0.0032965294, -0.0033236933, -0.0033759389, -0.0034236202, -0.003465948, -0.0034847932, -0.0035179553, -0.0035439522, -0.0035542408, -0.003569807, -0.0035787055, -0.003581064, -0.0035794904, -0.0035710423, -0.0035548164, -0.0035437837, -0.00351735, -0.0034860105, -0.0034692413, -0.003433963, -0.0033972259, -0.003359111, -0.0033394932, -0.0032990375, -0.0032564695, -0.0032343026, -0.0031875696, -0.0031370197, -0.0030819073, -0.0030521045, -0.0029880225, -0.002916227, -0.002876957, -0.0027914916, -0.00269488, -0.0026413952, -0.002521402, -0.0023806875, -0.0022208926, -0.002140943, -0.0020276199, -0.0021232448, -0.0023344452, 0, 0, 0, 0, 0, 0, 0, 0, 0
0, 0, 0, 0, 0, 0, 0, 0, 0, 0, 0, 0, 0, 0, 0, 0, 0, 0, 0, 0, 0, 0, 0, 0, 0, 0, 0, 0, 0, 0, 0, 0, 0, 0, 0, 0, 0, 0, 0, 0, 0, 0, 0, 0, 0, 0, 0, 0, 0, 0, 0, 0, 0, 0, 0, 0, 0, 0, 0, 0, 0, 0, 0, 0, 0, 0, -0.0021763968, -0.0017948213, -0.0017171365, -0.0017299271, -0.0017924586, -0.0018689735, -0.001907164, -0.0019808526, -0.002050268, -0.0021159372, -0.0021473302, -0.0022078604, -0.0022653413, -0.0022932617, -0.0023474775, -0.0024003354, -0.0024267263, -0.002480204, -0.0025362025, -0.0025956002, -0.0026268028, -0.0026920158, -0.0027594166, -0.0027933843, -0.002860649, -0.0029260814, -0.002989133, -0.003019533, -0.0030782197, -0.003134835, -0.0031624024, -0.0032169393, -0.003269564, -0.003294754, -0.0033421079, -0.0033848255, -0.0034227283, -0.0034397165, -0.003469821, -0.00349339, -0.0035027028, -0.0035162047, -0.0035235141, -0.0035248075, -0.0035230063, -0.003514364, -0.00349864, -0.0034881332, -0.0034625002, -0.0034317554, -0.0034149215, -0.0033788348, -0.003340188, -0.0032997383, -0.0032790038, -0.0032369974, -0.0031941894, -0.00317254, -0.0031276646, -0.003080006, -0.003028311, -0.0030005113, -0.0029401619, -0.0028719, -0.0028343175, -0.0027512324, -0.0026559124, -0.002603462, -0.002486674, -0.0023538657, -0.002211071, -0.0021437495, -0.0020614495, -0.002177971, -0.0023845974, -0.0031360968, 0, 0, 0, 0, 0, 0, 0, 0
0, 0, 0, 0, 0, 0, 0, 0, 0, 0, 0, 0, 0, 0, 0, 0, 0, 0, 0, 0, 0, 0, 0, 0, 0, 0, 0, 0, 0, 0, 0, 0, 0, 0, 0, 0, 0, 0, 0, 0, 0, 0, 0, 0, 0, 0, 0, 0, 0, 0, 0, 0, 0, 0, 0, 0, 0, 0, 0, 0, 0, 0, 0, 0, 0, 0, -0.0021086063, -0.0018443868, -0.0017063108, -0.0016937314, -0.0017272045, -0.0017923365, -0.0018282257, -0.0019002762, -0.0019703708, -0.0020372043, -0.0020690814, -0.0021308523, -0.0021905538, -0.0022199373, -0.0022782239, -0.0023370818, -0.0023669028, -0.0024276401, -0.0024903186, -0.002555526, -0.0025891773, -0.0026580151, -0.0027280594, -0.0027631954, -0.002832226, -0.002899148, -0.002962734, -0.0029932945, -0.0030513257, -0.0031059624, -0.0031320387, -0.0031817495, -0.0032280118, -0.0032494715, -0.0032888022, -0.0033241424, -0.0033560584, -0.0033709682, -0.0033979113, -0.0034201175, -0.0034290932, -0.0034426213, -0.003450196, -0.0034521618, -0.0034508128, -0.0034430115, -0.0034286536, -0.0034187844, -0.0033946328, -0.003364601, -0.0033475829, -0.0033100203, -0.0032682985, -0.00322405, -0.003201487, -0.0031562836, -0.003111486, -0.0030890119, -0.0030434444, -0.0029958843, -0.0029452913, -0.0029185063, -0.0028605985, -0.0027954779, -0.0027598015, -0.0026812383, -0.002591801, -0.002543055, -0.0024367354, -0.0023197653, -0.0021980463, -0.002140832, -0.0020602867, -0.0020962227, -0.0021915173, -0.0024873815, 0, 0, 0, 0, 0, 0, 0, 0
0, 0, 0, 0, 0, 0, 0, 0, 0, 0, 0, 0, 0, 0, 0, 0, 0, 0, 0, 0, 0, 0, 0, 0, 0, 0, 0, 0, 0, 0, 0, 0, 0, 0, 0, 0, 0, 0, 0, 0, 0, 0, 0, 0, 0, 0, 0, 0, 0, 0, 0, 0, 0, 0, 0, 0, 0, 0, 0, 0, 0, 0, 0, 0, 0, 0, -0.002604282, -0.001946407, -0.0016575825, -0.0016184275, -0.0016374643, -0.0017068769, -0.001746452, -0.0018258253, -0.0019022215, -0.0019740707, -0.0020083874, -0.0020749667, -0.0021394854, -0.0021716764, -0.002236344, -0.00230231, -0.002335648, -0.0024027454, -0.0024705478, -0.002538865, -0.0025734268, -0.0026428646, -0.0027120265, -0.0027462244, -0.002812996, -0.002877145, -0.0029377453, -0.0029665462, -0.003020881, -0.0030708355, -0.0030941367, -0.0031373547, -0.003175969, -0.0031934679, -0.003225298, -0.003254053, -0.0032812597, -0.0032943557, -0.0033188146, -0.0033401062, -0.0033490243, -0.0033630738, -0.0033717125, -0.0033744616, -0.0033734965, -0.0033664962, -0.0033527734, -0.003343453, -0.0033202253, -0.0032906348, -0.0032735274, -0.0032345706, -0.0031905896, -0.0031432253, -0.0031191953, -0.003071319, -0.0030241318, -0.0030005164, -0.0029528546, -0.0029037497, -0.002852422, -0.0028254131, -0.0027685391, -0.0027060024, -0.0026721829, -0.0025991856, -0.0025178152, -0.0024737257, -0.002378579, -0.0022746657, -0.0021648766, -0.0021104647, -0.0020193283, -0.0020100537, -0.0020798603, -0.0025185933, 0, 0, 0, 0, 0, 0, 0, 0
0, 0, 0, 0, 0, 0, 0, 0, 0, 0, 0, 0, 0, 0, 0, 0, 0, 0, 0, 0, 0, 0, 0, 0, 0, 0, 0, 0, 0, 0, 0, 0, 0, 0, 0, 0, 0, 0, 0, 0, 0, 0, 0, 0, 0, 0, 0, 0, 0, 0, 0, 0, 0, 0, 0, 0, 0, 0, 0, 0, 0, 0, 0, 0, 0, 0, 0, -0.0018339638, -0.0015453553, -0.0015140371, -0.0015516899, -0.0016369579, -0.0016828348, -0.0017723303, -0.0018561078, -0.0019343455, -0.001971816, -0.002044286, -0.0021151863, -0.0021505924, -0.0022219517, -0.0022939239, -0.0023297658, -0.0024007123, -0.0024702642, -0.0025385623, -0.0025721828, -0.0026387866, -0.0027038804, -0.002735752, -0.0027974958, -0.0028565282, -0.0029122334, -0.0029387313, -0.0029885806, -0.0030340832, -0.003055095, -0.0030936392, -0.0031276855, -0.0031431508, -0.003171186, -0.0031969931, -0.0032214462, -0.0032331848, -0.0032554662, -0.0032746189, -0.003282695, -0.003295545, -0.0033032259, -0.0033050466, -0.0033036582, -0.0032957308, -0.0032815177, -0.0032721725, -0.0032490517, -0.0032202126, -0.0032034765, -0.0031654136, -0.0031219467, -0.0030747773, -0.0030506728, -0.003002851, -0.002955066, -0.0029309667, -0.0028820373, -0.0028312695, -0.002778124, -0.0027507858, -0.002693583, -0.00263252, -0.002600334, -0.002531818, -0.002456809, -0.0024162778, -0.0023285525, -0.0022309325, -0.002123155, -0.002066416, -0.001956347, -0.001892409, -0.001908236, -0.0021098813, 0, 0, 0, 0, 0, 0, 0, 0
0, 0, 0, 0, 0, 0, 0, 0, 0, 0, 0, 0, 0, 0, 0, 0, 0, 0, 0, 0, 0, 0, 0, 0, 0, 0, 0, 0, 0, 0, 0, 0, 0, 0, 0, 0, 0, 0, 0, 0, 0, 0, 0, 0, 0, 0, 0, 0, 0, 0, 0, 0, 0, 0, 0, 0, 0, 0, 0, 0, 0, 0, 0, 0, 0, 0, 0, -0.0015849507, -0.0014844061, -0.0014725007, -0.0015205686, -0.0016095086, -0.0016569704, -0.0017496651, -0.0018367019, -0.0019190344, -0.0019587155, -0.0020364241, -0.0021125374, -0.002150564, -0.002226367, -0.0023010615, -0.0023377484, -0.0024090381, -0.0024770556, -0.002542354, -0.0025740697, -0.0026360785, -0.002695965, -0.0027251863, -0.0027819932, -0.002836727, -0.0028888355, -0.0029138613, -0.0029618018, -0.0030062364, -0.0030270193, -0.0030656878, -0.0031005489, -0.0031166328, -0.00314626, -0.0031727129, -0.003196639, -0.0032075075, -0.0032263626, -0.0032411986, -0.003246997, -0.0032554483, -0.0032591494, -0.0032575717, -0.0032545866, -0.0032444443, -0.0032288712, -0.003219298, -0.0031968118, -0.0031699024, -0.0031546424, -0.0031202314, -0.003081283, -0.0030389018, -0.0030169415, -0.0029723847, -0.0029269978, -0.0029035604, -0.0028551328, -0.0028038428, -0.0027498316, -0.0027218324, -0.0026639134, -0.0026030033, -0.0025712247, -0.002504347, -0.0024317582, -0.0023925826, -0.0023073019, -0.0022107556, -0.00210127, -0.002041529, -0.001917759, -0.0018154471, -0.0017939279, -0.0018638924, 0, 0, 0, 0, 0, 0, 0, 0
0, 0, 0, 0, 0, 0, 0, 0, 0, 0, 0, 0, 0, 0, 0, 0, 0, 0, 0, 0, 0, 0, 0, 0, 0, 0, 0, 0, 0, 0, 0, 0, 0, 0, 0, 0, 0, 0, 0, 0, 0, 0, 0, 0, 0, 0, 0, 0, 0, 0, 0, 0, 0, 0, 0, 0, 0, 0, 0, 0, 0, 0, 0, 0, 0, 0, 0, -0.0018853678, -0.0016370686, -0.001571248, -0.0015595026, -0.0016251676, -0.0016673567, -0.0017550476, -0.0018410474, -0.0019241828, -0.0019646294, -0.0020444272, -0.0021230597, -0.0021618658, -0.002238387, -0.0023124898, -0.0023480777, -0.0024163276, -0.0024806955, -0.0025421414, -0.0025719006, -0.002629763, -0.0026863094, -0.0027140172, -0.0027688667, -0.0028224676, -0.0028748713, -0.0029006065, -0.0029507536, -0.002998715, -0.0030217532, -0.003065586, -0.0031061403, -0.003124994, -0.0031592723, -0.0031884788, -0.0032125118, -0.00322232, -0.00323751, -0.0032467972, -0.0032496317, -0.0032519558, -0.0032505768, -0.0032448645, -0.003240498, -0.0032285252, -0.0032125777, -0.0032033978, -0.0031829807, -0.0031599654, -0.0031472447, -0.0031192394, -0.0030877776, -0.003053092, -0.0030347386, -0.0029961716, -0.0029548346, -0.0029329648, -0.002886469, -0.002836199, -0.0027823786, -0.0027539367, -0.0026947164, -0.0026322824, -0.0025995001, -0.002530747, -0.002456082, -0.00241609, -0.002329124, -0.0022313907, -0.0021217258, -0.002062283, -0.0019400803, -0.0018422167, -0.0018285225, -0.0019891637, -0.0026255029, 0, 0, 0, 0, 0, 0, 0
0, 0, 0, 0, 0, 0, 0, 0, 0, 0, 0, 0, 0, 0, 0, 0, 0, 0, 0, 0, 0, 0, 0, 0, 0, 0, 0, 0, 0, 0, 0, 0, 0, 0, 0, 0, 0, 0, 0, 0, 0, 0, 0, 0, 0, 0, 0, 0, 0, 0, 0, 0, 0, 0, 0, 0, 0, 0, 0, 0, 0, 0, 0, 0, 0, 0, 0, -0.0024182769, -0.0018346789, -0.00169429, -0.0016128981, -0.0016548305, -0.001692495, -0.0017763383, -0.0018612094, -0.0019435959, -0.0019838011, -0.002062653, -0.0021397152, -0.0021774948, -0.0022511948, -0.0023212545, -0.002354756, -0.0024186317, -0.0024792636, -0.0025378221, -0.0025665616, -0.0026237138, -0.0026804006, -0.0027088227, -0.0027655936, -0.0028223456, -0.002879239, -0.0029077106, -0.0029641276, -0.003019127, -0.0030458893, -0.0030973323, -0.003144858, -0.0031668013, -0.003205935, -0.003237511, -0.0032614793, -0.0032704836, -0.0032828047, -0.0032885417, -0.0032895152, -0.0032886239, -0.0032847142, -0.0032782704, -0.003273815, -0.0032631261, -0.0032495654, -0.0032420298, -0.0032257694, -0.0032079455, -0.0031983247, -0.0031775169, -0.0031538464, -0.0031270436, -0.0031121809, -0.0030795834, -0.0030421861, -0.0030217364, -0.0029770974, -0.0029280712, -0.0028743253, -0.0028457518, -0.0027848466, -0.0027192307, -0.002684606, -0.0026110995, -0.0025311797, -0.0024885, -0.0023970343, -0.0022966415, -0.0021871072, -0.0021292234, -0.002012535, -0.0019186938, -0.0019002912, -0.0019925293, -0.0022653628, 0, 0, 0, 0, 0, 0, 0
0, 0, 0, 0, 0, 0, 0, 0, 0, 0, 0, 0, 0, 0, 0, 0, 0, 0, 0, 0, 0, 0, 0, 0, 0, 0, 0, 0, 0, 0, 0, 0, 0, 0, 0, 0, 0, 0, 0, 0, 0, 0, 0, 0, 0, 0, 0, 0, 0, 0, 0, 0, 0, 0, 0, 0, 0, 0, 0, 0, 0, 0, 0, 0, 0, 0, 0, 0, -0.0018367931, -0.0017235127, -0.0016362541, -0.0016759469, -0.0017153117, -0.0018038226, -0.0018909583, -0.0019730886, -0.0020124922, -0.0020883188, -0.0021607773, -0.0021960814, -0.0022643234, -0.00232916, -0.00236029, -0.0024204229, -0.0024790918, -0.0025374403, -0.0025669744, -0.0026267134, -0.0026875779, -0.0027183234, -0.002780416, -0.002843332, -0.0029070186, -0.0029391763, -0.0030034843, -0.0030664217, -0.003096963, -0.0031551928, -0.0032081422, -0.0032320647, -0.0032738307, -0.0033068466, -0.0033310538, -0.0033401812, -0.0033530963, -0.003360345, -0.0033623993, -0.0033646217, -0.0033647364, -0.0033630836, -0.003361454, -0.0033561587, -0.0033483477, -0.0033436776, -0.0033328747, -0.0033206218, -0.003313739, -0.0032983746, -0.0032801388, -0.0032584255, -0.0032458142, -0.0032163966, -0.0031808643, -0.003160852, -0.003116869, -0.003067903, -0.003013508, -0.002984236, -0.0029211303, -0.0028518767, -0.0028148277, -0.0027357165, -0.0026493978, -0.0026034366, -0.0025058638, -0.0024005761, -0.00228761, -0.002228451, -0.002108644, -0.0020060246, -0.0019788411, -0.0020563328, -0.0025231657, 0, 0, 0, 0, 0, 0, 0
0, 0, 0, 0, 0, 0, 0, 0, 0, 0, 0, 0, 0, 0, 0, 0, 0, 0, 0, 0, 0, 0, 0, 0, 0, 0, 0, 0, 0, 0, 0, 0, 0, 0, 0, 0, 0, 0, 0, 0, 0, 0, 0, 0, 0, 0, 0, 0, 0, 0, 0, 0, 0, 0, 0, 0, 0, 0, 0, 0, 0, 0, 0, 0, 0, 0, 0, 0, -0.002010053, -0.0017944804, -0.0016530119, -0.0016952415, -0.0017396887, -0.0018367489, -0.0019279579, -0.0020101003, -0.002048188, -0.002119945, -0.002187256, -0.0022197212, -0.0022825645, -0.002343071, -0.0023725687, -0.0024313761, -0.0024905384, -0.002551533, -0.002583027, -0.0026477578, -0.002714433, -0.002748274, -0.0028167204, -0.0028862236, -0.002956669, -0.0029923152, -0.0030630252, -0.0031320942, -0.0031653256, -0.0032276907, -0.0032833687, -0.0033082045, -0.0033514127, -0.0033861662, -0.0034131508, -0.0034243187, -0.003442837, -0.0034579216, -0.0034645319, -0.0034765212, -0.0034869525, -0.003495328, -0.003498522, -0.003502242, -0.0035023266, -0.0035009852, -0.0034961978, -0.0034884186, -0.003483395, -0.0034706607, -0.0034540815, -0.0034330247, -0.003420446, -0.003390625, -0.0033542083, -0.003333581, -0.0032882616, -0.0032377476, -0.003181801, -0.0031516578, -0.0030862046, -0.0030137156, -0.0029746501, -0.002890714, -0.002799027, -0.0027502712, -0.0026469945, -0.002535564, -0.0024149853, -0.002350861, -0.0022160646, -0.0020833672, -0.0020292327, -0.0020029868, -0.0021967546, 0, 0, 0, 0, 0, 0, 0
0, 0, 0, 0, 0, 0, 0, 0, 0, 0, 0, 0, 0, 0, 0, 0, 0, 0, 0, 0, 0, 0, 0, 0, 0, 0, 0, 0, 0, 0, 0, 0, 0, 0, 0, 0, 0, 0, 0, 0, 0, 0, 0, 0, 0, 0, 0, 0, 0, 0, 0, 0, 0, 0, 0, 0, 0, 0, 0, 0, 0, 0, 0, 0, 0, 0, 0, 0, -0.0018213784, -0.0017520835, -0.0016826639, -0.0017322437, -0.0017779003, -0.001876699, -0.0019685912, -0.00204927, -0.0020861207, -0.0021547666, -0.0022186127, -0.0022493375, -0.0023093617, -0.0023685829, -0.00239817, -0.0024584963, -0.0025209668, -0.0025862753, -0.0026200586, -0.0026899609, -0.0027619766, -0.0027985023, -0.0028722058, -0.0029465272, -0.0030214442, -0.0030588969, -0.0031333398, -0.0032054698, -0.0032399585, -0.0033044128, -0.0033618277, -0.0033875566, -0.0034332706, -0.0034722022, -0.0035058872, -0.003521422, -0.0035500992, -0.003577382, -0.0035905377, -0.0036158254, -0.0036391693, -0.003659485, -0.0036680605, -0.0036815396, -0.003689582, -0.0036917944, -0.0036921322, -0.0036876702, -0.0036834343, -0.0036705714, -0.0036521745, -0.003627944, -0.0036135581, -0.0035802245, -0.0035404568, -0.0035182617, -0.0034702674, -0.0034172833, -0.0033593255, -0.003328203, -0.0032609915, -0.0031867498, -0.00314659, -0.0030607237, -0.0029669502, -0.0029170846, -0.0028113234, -0.002696144, -0.0025692107, -0.0025003739, -0.0023505096, -0.0021885522, -0.0021097856, -0.001995862, -0.0020229158, 0, 0, 0, 0, 0, 0, 0
0, 0, 0, 0, 0, 0, 0, 0, 0, 0, 0, 0, 0, 0, 0, 0, 0, 0, 0, 0, 0, 0, 0, 0, 0, 0, 0, 0, 0, 0, 0, 0, 0, 0, 0, 0, 0, 0, 0, 0, 0, 0, 0, 0, 0, 0, 0, 0, 0, 0, 0, 0, 0, 0, 0, 0, 0, 0, 0, 0, 0, 0, 0, 0, 0, 0, 0, 0, -0.002158716, -0.0020095569, -0.0018077821, -0.0017976617, -0.0018293606, -0.0019149876, -0.0020020844, -0.0020811192, -0.0021176308, -0.0021863978, -0.002250993, -0.0022823173, -0.0023442328, -0.002406329, -0.0024376544, -0.002502341, -0.002569709, -0.00263995, -0.002676028, -0.002749994, -0.0028255533, -0.0028638633, -0.002940741, -0.0030173834, -0.0030937584, -0.0031316471, -0.0032067993, -0.0032796254, -0.0033145759, -0.0033805901, -0.0034403729, -0.0034678748, -0.0035185602, -0.0035648323, -0.003608081, -0.0036289338, -0.0036696075, -0.0037092387, -0.0037286116, -0.0037660894, -0.003800468, -0.0038306674, -0.0038436698, -0.0038648949, -0.0038793732, -0.0038840435, -0.0038882964, -0.0038854252, -0.003881133, -0.0038666585, -0.0038445534, -0.0038155399, -0.0037985875, -0.0037602296, -0.0037164036, -0.0036924672, -0.00364128, -0.003585624, -0.0035254818, -0.0034934783, -0.0034253548, -0.0033509836, -0.0033112552, -0.0032271787, -0.003136025, -0.0030878983, -0.0029850774, -0.00287206, -0.002746233, -0.0026774183, -0.002526825, -0.0023639794, -0.0022854973, -0.0021848648, -0.002325331, -0.0030305644, 0, 0, 0, 0, 0, 0
0, 0, 0, 0, 0, 0, 0, 0, 0, 0, 0, 0, 0, 0, 0, 0, 0, 0, 0, 0, 0, 0, 0, 0, 0, 0, 0, 0, 0, 0, 0, 0, 0, 0, 0, 0, 0, 0, 0, 0, 0, 0, 0, 0, 0, 0, 0, 0, 0, 0, 0, 0, 0, 0, 0, 0, 0, 0, 0, 0, 0, 0, 0, 0, 0, 0, 0, 0, -0.0027417766, -0.0023577225, -0.0019285475, -0.0018428272, -0.0018578612, -0.0019287707, -0.002012763, -0.0020937643, -0.0021324852, -0.00220663, -0.0022777505, -0.002312647, -0.0023816174, -0.0024504927, -0.0024853281, -0.0025567526, -0.002630278, -0.0027056346, -0.0027437485, -0.0028206676, -0.0028983578, -0.0029373437, -0.0030151894, -0.0030922599, -0.0031683422, -0.0032058887, -0.0032801193, -0.0033526707, -0.0033877948, -0.0034553036, -0.0035182955, -0.003548305, -0.0036055294, -0.003659931, -0.0037123633, -0.0037378669, -0.003787807, -0.0038359363, -0.003859167, -0.0039037026, -0.003944341, -0.003979752, -0.0039951135, -0.0040205666, -0.004038624, -0.0040447162, -0.0040509673, -0.0040483437, -0.004043456, -0.0040266938, -0.0040010572, -0.003967754, -0.0039485246, -0.003906178, -0.0038588054, -0.003833402, -0.0037792309, -0.0037207888, -0.0036586237, -0.003625982, -0.0035577193, -0.0034850028, -0.0034470954, -0.0033677842, -0.0032832385, -0.0032388123, -0.0031438698, -0.003039098, -0.0029219592, -0.0028582318, -0.0027206414, -0.0025763835, -0.00251, -0.0024359853, -0.002592271, -0.0032737313, -0.003804406, 0, 0, 0, 0, 0
0, 0, 0, 0, 0, 0, 0, 0, 0, 0, 0, 0, 0, 0, 0, 0, 0, 0, 0, 0, 0, 0, 0, 0, 0, 0, 0, 0, 0, 0, 0, 0, 0, 0, 0, 0, 0, 0, 0, 0, 0, 0, 0, 0, 0, 0, 0, 0, 0, 0, 0, 0, 0, 0, 0, 0, 0, 0, 0, 0, 0, 0, 0, 0, 0, 0, 0, 0, 0, -0.0021899613, -0.001931667, -0.0018308907, -0.0018380842, -0.0019038877, -0.001992157, -0.0020818715, -0.0021254818, -0.0022105095, -0.0022928922, -0.0023333656, -0.0024129974, -0.0024917927, -0.0025314356, -0.0026110094, -0.0026914463, -0.0027720942, -0.0028121488, -0.002891629, -0.0029706887, -0.0030100762, -0.0030882636, -0.003165343, -0.003240915, -0.0032782508, -0.003351612, -0.003423234, -0.0034584198, -0.0035267365, -0.0035923924, -0.0036242309, -0.0036864341, -0.0037465573, -0.0038041188, -0.003832063, -0.0038855192, -0.003935679, -0.0039594565, -0.004004409, -0.004045106, -0.004080541, -0.004096093, -0.0041220486, -0.004140884, -0.0041473717, -0.004153645, -0.004150054, -0.0041442937, -0.0041253194, -0.004096961, -0.004060952, -0.004040616, -0.003995854, -0.003946155, -0.003919572, -0.0038628522, -0.0038022401, -0.0037382205, -0.0037050317, -0.0036369814, -0.0035670188, -0.0035312504, -0.0034581874, -0.0033815587, -0.0033414185, -0.0032557936, -0.0031608073, -0.0030546288, -0.0029967893, -0.0028729655, -0.0027427797, -0.0026810127, -0.0025932125, -0.0026376129, -0.002932452, -0.0031152787, 0, 0, 0, 0, 0
0, 0, 0, 0, 0, 0, 0, 0, 0, 0, 0, 0, 0, 0, 0, 0, 0, 0, 0, 0, 0, 0, 0, 0, 0, 0, 0, 0, 0, 0, 0, 0, 0, 0, 0, 0, 0, 0, 0, 0, 0, 0, 0, 0, 0, 0, 0, 0, 0, 0, 0, 0, 0, 0, 0, 0, 0, 0, 0, 0, 0, 0, 0, 0, 0, 0, 0, 0, 0, 0, -0.0018868167, -0.0017261483, -0.0017190601, -0.0017908355, -0.001906041, -0.0020255505, -0.0020829816, -0.0021923673, -0.002295612, -0.0023456193, -0.0024430864, -0.0025378573, -0.0025844348, -0.0026766553, -0.0027673948, -0.0028565447, -0.002900217, -0.00298612, -0.003070365, -0.0031119555, -0.0031939792, -0.0032741376, -0.0033519054, -0.003389734, -0.003463126, -0.0035332122, -0.0035669557, -0.0036322447, -0.0036947362, -0.0037250814, -0.0037839387, -0.0038393603, -0.003890393, -0.0039139795, -0.0039568334, -0.003994623, -0.004011951, -0.0040440373, -0.004072901, -0.0040977257, -0.0041084387, -0.0041261637, -0.004138082, -0.004141564, -0.0041418243, -0.004132348, -0.004123809, -0.004099983, -0.004068495, -0.0040305736, -0.0040094377, -0.0039628204, -0.0039105103, -0.0038823932, -0.0038225276, -0.0037587783, -0.0036925806, -0.003659007, -0.0035916613, -0.0035248392, -0.0034915595, -0.003424792, -0.0033555212, -0.003319298, -0.0032411201, -0.0031533753, -0.0030527685, -0.002996736, -0.0028717534, -0.00272905, -0.0026522074, -0.0025016025, -0.0024108947, -0.0025223503, -0.002697283, 0, 0, 0, 0, 0
0, 0, 0, 0, 0, 0, 0, 0, 0, 0, 0, 0, 0, 0, 0, 0, 0, 0, 0, 0, 0, 0, 0, 0, 0, 0, 0, 0, 0, 0, 0, 0, 0, 0, 0, 0, 0, 0, 0, 0, 0, 0, 0, 0, 0, 0, 0, 0, 0, 0, 0, 0, 0, 0, 0, 0, 0, 0, 0, 0, 0, 0, 0, 0, 0, 0, 0, 0, 0, 0, -0.0020089345, -0.001699491, -0.0016806918, -0.0017598531, -0.0018898399, -0.0020196943, -0.002080219, -0.0021927704, -0.0022967851, -0.0023466796, -0.0024437753, -0.0025384952, -0.002585054, -0.0026773086, -0.0027684362, -0.0028588483, -0.002903611, -0.002992566, -0.0030805143, -0.0031240568, -0.003209627, -0.0032926565, -0.0033723696, -0.003410803, -0.003484739, -0.0035537274, -0.003586328, -0.0036477328, -0.0037049644, -0.003732151, -0.0037839147, -0.0038314632, -0.0038737708, -0.0038928047, -0.0039265873, -0.003955706, -0.003968791, -0.0039931997, -0.0040143738, -0.00403154, -0.004038301, -0.004048296, -0.0040529044, -0.004052799, -0.0040468127, -0.004032036, -0.0040213987, -0.0039942088, -0.003960302, -0.0039207386, -0.003898958, -0.0038510044, -0.0037973905, -0.0037686185, -0.0037078273, -0.0036438962, -0.0035779893, -0.0035444952, -0.0034771608, -0.0034092243, -0.003375069, -0.0033051823, -0.0032317417, -0.003193101, -0.003110177, -0.003017518, -0.0029116648, -0.0028525405, -0.0027197169, -0.0025644046, -0.0024782445, -0.002296861, -0.0021390824, -0.0021015126, -0.0021631813, 0, 0, 0, 0, 0
0, 0, 0, 0, 0, 0, 0, 0, 0, 0, 0, 0, 0, 0, 0, 0, 0, 0, 0, 0, 0, 0, 0, 0, 0, 0, 0, 0, 0, 0, 0, 0, 0, 0, 0, 0, 0, 0, 0, 0, 0, 0, 0, 0, 0, 0, 0, 0, 0, 0, 0, 0, 0, 0, 0, 0, 0, 0, 0, 0, 0, 0, 0, 0, 0, 0, 0, 0, 0, 0, -0.0017564925, -0.0016734484, -0.0016838439, -0.0017828943, -0.001916254, -0.0020428286, -0.002100299, -0.0022050997, -0.0023010382, -0.0023471985, -0.0024376994, -0.0025268742, -0.0025713197, -0.002659984, -0.0027488065, -0.002838278, -0.0028832834, -0.002973681, -0.003064191, -0.0031089338, -0.0031969317, -0.0032817104, -0.0033626116, -0.0034014862, -0.0034752483, -0.0035428263, -0.003573967, -0.0036313094, -0.0036829999, -0.003707159, -0.0037520109, -0.003792001, -0.00382667, -0.0038420078, -0.0038686064, -0.0038909388, -0.0039009196, -0.0039185206, -0.0039323363, -0.00394136, -0.0039438396, -0.003944933, -0.0039406293, -0.003936247, -0.003922783, -0.003902002, -0.0038889162, -0.0038573148, -0.0038199916, -0.0037771438, -0.003753847, -0.0037033244, -0.0036479416, -0.0036186883, -0.003557836, -0.0034947137, -0.0034299162, -0.0033968047, -0.003328997, -0.0032585023, -0.0032217645, -0.0031452104, -0.0030631379, -0.0030198959, -0.0029281932, -0.0028281745, -0.0027172964, -0.0026566763, -0.0025226327, -0.0023687521, -0.0022838244, -0.0021035045, -0.0019367492, -0.0018624458, -0.0018908539, 0, 0, 0, 0, 0
0, 0, 0, 0, 0, 0, 0, 0, 0, 0, 0, 0, 0, 0, 0, 0, 0, 0, 0, 0, 0, 0, 0, 0, 0, 0, 0, 0, 0, 0, 0, 0, 0, 0, 0, 0, 0, 0, 0, 0, 0, 0, 0, 0, 0, 0, 0, 0, 0, 0, 0, 0, 0, 0, 0, 0, 0, 0, 0, 0, 0, 0, 0, 0, 0, 0, 0, 0, 0, 0, -0.0019997675, -0.0018405783, -0.0018194239, -0.0018733394, -0.00197719, -0.0020822762, -0.0021307513, -0.0022206574, -0.0023043843, -0.0023454272, -0.0024272865, -0.0025097718, -0.0025513356, -0.0026353048, -0.0027207276, -0.0028079126, -0.0028521463, -0.002941453, -0.0030309139, -0.0030752555, -0.0031618685, -0.0032451737, -0.0033246349, -0.0033629457, -0.0034354609, -0.0035013275, -0.0035314076, -0.0035860213, -0.0036345075, -0.0036568046, -0.0036978386, -0.0037337202, -0.003764384, -0.00377768, -0.0038006906, -0.0038194405, -0.0038272003, -0.0038395561, -0.0038466135, -0.0038479017, -0.0038461918, -0.0038389426, -0.003826288, -0.0038180624, -0.0037973728, -0.003770678, -0.0037550863, -0.0037192912, -0.0036776315, -0.0036305245, -0.0036052875, -0.0035515588, -0.003494398, -0.0034647107, -0.0034044194, -0.0033432327, -0.0032804091, -0.0032477542, -0.0031792284, -0.0031050716, -0.003065503, -0.0029808872, -0.0028891475, -0.0028408978, -0.002739872, -0.0026333197, -0.002520665, -0.0024615794, -0.0023365899, -0.0022010736, -0.002129399, -0.0019838521, -0.0018651502, -0.0018729189, -0.0019915104, -0.0026230935, 0, 0, 0, 0
0, 0, 0, 0, 0, 0, 0, 0, 0, 0, 0, 0, 0, 0, 0, 0, 0, 0, 0, 0, 0, 0, 0, 0, 0, 0, 0, 0, 0, 0, 0, 0, 0, 0, 0, 0, 0, 0, 0, 0, 0, 0, 0, 0, 0, 0, 0, 0, 0, 0, 0, 0, 0, 0, 0, 0, 0, 0, 0, 0, 0, 0, 0, 0, 0, 0, 0, 0, 0, 0, -0.002481857, -0.0021245684, -0.002021066, -0.0019741615, -0.002028554, -0.0021076147, -0.0021478415, -0.0022264137, -0.0023032096, -0.00234157, -0.0024190322, -0.0024976432, -0.0025374135, -0.002618214, -0.0027001488, -0.0027835236, -0.0028255263, -0.0029098275, -0.0029934526, -0.0030345065, -0.0031148742, -0.0031925067, -0.0032676219, -0.0033041732, -0.003374297, -0.0034389575, -0.0034688548, -0.0035237416, -0.003572933, -0.0035956062, -0.0036371716, -0.0036734182, -0.0037041893, -0.0037176134, -0.003740568, -0.0037582058, -0.0037649316, -0.003773522, -0.003775404, -0.0037706683, -0.003765959, -0.003752424, -0.0037338042, -0.0037227068, -0.0036967918, -0.0036656512, -0.0036481794, -0.0036091001, -0.0035643645, -0.0035143965, -0.003487748, -0.0034318678, -0.0033737298, -0.0033441787, -0.0032849421, -0.0032256402, -0.0031644756, -0.0031322753, -0.0030631595, -0.0029860404, -0.002944027, -0.0028530762, -0.0027541262, -0.0027021496, -0.0025947816, -0.0024848676, -0.0023740504, -0.002318707, -0.0022081055, -0.002097549, -0.0020426922, -0.0019384089, -0.0018642915, -0.0018898792, -0.0019756635, -0.0022673644, 0, 0, 0, 0
0, 0, 0, 0, 0, 0, 0, 0, 0, 0, 0, 0, 0, 0, 0, 0, 0, 0, 0, 0, 0, 0, 0, 0, 0, 0, 0, 0, 0, 0, 0, 0, 0, 0, 0, 0, 0, 0, 0, 0, 0, 0, 0, 0, 0, 0, 0, 0, 0, 0, 0, 0, 0, 0, 0, 0, 0, 0, 0, 0, 0, 0, 0, 0, 0, 0, 0, 0, 0, 0, -0.0031232657, -0.0023171632, -0.0021229566, -0.0019937675, -0.0020209244, -0.0020938546, -0.002134899, -0.0022179615, -0.00230064, -0.0023416413, -0.0024229733, -0.0025033127, -0.0025430247, -0.0026221196, -0.0027002448, -0.0027774565, -0.0028156117, -0.0028907403, -0.0029638296, -0.0029996054, -0.0030699063, -0.0031389496, -0.0032077956, -0.003242082, -0.0033096357, -0.003374712, -0.0034057577, -0.0034644848, -0.0035184692, -0.0035435825, -0.0035896504, -0.0036299813, -0.0036644542, -0.0036794222, -0.003704675, -0.0037231343, -0.0037295858, -0.0037365137, -0.0037357577, -0.0037280403, -0.0037218984, -0.0037055025, -0.0036843491, -0.003671974, -0.0036440135, -0.00361149, -0.003593607, -0.0035543104, -0.0035100249, -0.003460707, -0.0034344117, -0.0033791873, -0.0033216444, -0.0032925745, -0.003234207, -0.0031757331, -0.0031151553, -0.0030830966, -0.0030133808, -0.0029345418, -0.0028914101, -0.0027980984, -0.002696591, -0.0026434485, -0.0025345262, -0.0024248592, -0.0023177785, -0.0022660708, -0.0021669762, -0.0020734738, -0.0020289198, -0.0019474655, -0.0018937753, -0.0019311347, -0.002029751, -0.002551584, 0, 0, 0, 0
0, 0, 0, 0, 0, 0, 0, 0, 0, 0, 0, 0, 0, 0, 0, 0, 0, 0, 0, 0, 0, 0, 0, 0, 0, 0, 0, 0, 0, 0, 0, 0, 0, 0, 0, 0, 0, 0, 0, 0, 0, 0, 0, 0, 0, 0, 0, 0, 0, 0, 0, 0, 0, 0, 0, 0, 0, 0, 0, 0, 0, 0, 0, 0, 0, 0, 0, 0, 0, 0, 0, -0.0021556797, -0.0020173686, -0.0019084858, -0.0019513489, -0.0020475532, -0.0021006484, -0.00220649, -0.0023078287, -0.0023564037, -0.002448895, -0.0025351637, -0.002576135, -0.002653956, -0.0027270627, -0.002795895, -0.0028289692, -0.002892627, -0.0029537866, -0.0029837857, -0.0030436222, -0.003104607, -0.0031679147, -0.0032004796, -0.00326711, -0.00333443, -0.0033677206, -0.0034323554, -0.0034933663, -0.003521915, -0.00357454, -0.0036208178, -0.003660634, -0.0036779211, -0.003706841, -0.0037276468, -0.0037348294, -0.0037426907, -0.0037424446, -0.0037355525, -0.0037299246, -0.0037147936, -0.0036949716, -0.003683508, -0.0036576556, -0.0036280479, -0.0036118801, -0.0035767977, -0.0035376137, -0.003493461, -0.0034695943, -0.0034182635, -0.003362786, -0.0033341409, -0.0032758904, -0.003216525, -0.0031544752, -0.0031217246, -0.0030508912, -0.0029717565, -0.002928811, -0.002837082, -0.0027380544, -0.0026864016, -0.0025805705, -0.0024738396, -0.002369741, -0.0023194922, -0.0022225792, -0.0021293873, -0.0020834487, -0.0019936636, -0.0019172132, -0.0018988086, -0.0019431921, -0.0022150255, 0, 0, 0, 0
0, 0, 0, 0, 0, 0, 0, 0, 0, 0, 0, 0, 0, 0, 0, 0, 0, 0, 0, 0, 0, 0, 0, 0, 0, 0, 0, 0, 0, 0, 0, 0, 0, 0, 0, 0, 0, 0, 0, 0, 0, 0, 0, 0, 0, 0, 0, 0, 0, 0, 0, 0, 0, 0, 0, 0, 0, 0, 0, 0, 0, 0, 0, 0, 0, 0, 0, 0, 0, 0, 0, -0.0021992256, -0.0019500097, -0.0018026457, -0.0018739961, -0.0020071191, -0.0020775362, -0.0022133295, -0.002337586, -0.002395119, -0.0025003755, -0.0025932156, -0.0026353716, -0.0027117478, -0.0027791802, -0.0028396521, -0.0028678952, -0.002921821, -0.0029739956, -0.0030001455, -0.003053811, -0.003111059, -0.0031727036, -0.0032054007, -0.0032737462, -0.0033446448, -0.003380278, -0.0034505154, -0.00351753, -0.0035491919, -0.00360774, -0.0036594232, -0.0037040396, -0.0037234847, -0.003756393, -0.0037807785, -0.003789758, -0.0038016485, -0.0038061514, -0.0038042879, -0.0038012115, -0.0037914494, -0.0037773761, -0.0037689721, -0.003749628, -0.0037272645, -0.0037149999, -0.003687919, -0.0036569885, -0.00362089, -0.0036006097, -0.0035548753, -0.0035027445, -0.0034747547, -0.00341579, -0.0033535499, -0.003287596, -0.003252959, -0.0031796182, -0.0031002562, -0.0030583285, -0.0029702613, -0.0028769039, -0.002828489, -0.0027285314, -0.0026259935, -0.0025226732, -0.0024709883, -0.0023668283, -0.0022590144, -0.0022023283, -0.002081868, -0.0019561278, -0.0018537223, -0.0018336109, -0.0019182973, 0, 0, 0, 0
0, 0, 0, 0, 0, 0, 0, 0, 0, 0, 0, 0, 0, 0, 0, 0, 0, 0, 0, 0, 0, 0, 0, 0, 0, 0, 0, 0, 0, 0, 0, 0, 0, 0, 0, 0, 0, 0, 0, 0, 0, 0, 0, 0, 0, 0, 0, 0, 0, 0, 0, 0, 0, 0, 0, 0, 0, 0, 0, 0, 0, 0, 0, 0, 0, 0, 0, 0, 0, 0, 0, -0.0018127735, -0.0017534815, -0.0017355693, -0.001852087, -0.0020153357, -0.0020984737, -0.0022554665, -0.0023959384, -0.0024594695, -0.0025732715, -0.0026702157, -0.0027128225, -0.0027877234, -0.002851394, -0.0029071723, -0.0029332717, -0.0029834923, -0.0030339065, -0.0030599625, -0.0031149013, -0.0031751057, -0.0032408757, -0.0032758026, -0.0033483694, -0.0034228635, -0.0034601376, -0.003533433, -0.0036034766, -0.0036364514, -0.0036980321, -0.00375278, -0.003800441, -0.003821527, -0.003858034, -0.0038871886, -0.0038989638, -0.0039177984, -0.003930518, -0.0039377697, -0.003939359, -0.003939012, -0.003934427, -0.003930848, -0.00392134, -0.003908734, -0.0039011633, -0.003883212, -0.0038606164, -0.0038321754, -0.003815139, -0.0037748124, -0.0037259767, -0.0036984964, -0.0036380193, -0.0035714812, -0.0034994876, -0.0034619912, -0.0033842665, -0.0033035998, -0.0032624288, -0.0031783825, -0.0030916054, -0.0030468141, -0.0029538027, -0.0028555396, -0.0027515804, -0.0026971493, -0.0025819151, -0.0024550983, -0.002385893, -0.00223366, -0.0020668984, -0.0019116624, -0.0018597951, -0.0018737861, 0, 0, 0, 0
0, 0, 0, 0, 0, 0, 0, 0, 0, 0, 0, 0, 0, 0, 0, 0, 0, 0, 0, 0, 0, 0, 0, 0, 0, 0, 0, 0, 0, 0, 0, 0, 0, 0, 0, 0, 0, 0, 0, 0, 0, 0, 0, 0, 0, 0, 0, 0, 0, 0, 0, 0, 0, 0, 0, 0, 0, 0, 0, 0, 0, 0, 0, 0, 0, 0, 0, 0, 0, 0, 0, -0.0019978322, -0.0019064278, -0.0018371114, -0.001930439, -0.0020887405, -0.0021725083, -0.0023329474, -0.0024768133, -0.0025418052, -0.0026576244, -0.0027556547, -0.0027986404, -0.002874097, -0.0029387963, -0.0029969956, -0.0030247818, -0.0030803995, -0.0031380446, -0.0031681934, -0.003232419, -0.0033021125, -0.0033767344, -0.00341523, -0.0034932955, -0.003570536, -0.003608266, -0.0036813973, -0.0037505187, -0.0037832758, -0.003844541, -0.0038998916, -0.0039491956, -0.003971666, -0.004012019, -0.0040467023, -0.0040622745, -0.0040898146, -0.00411292, -0.0041313376, -0.004138709, -0.004149881, -0.004156731, -0.004158708, -0.0041596578, -0.00415645, -0.004153045, -0.004142166, -0.0041250247, -0.0041006184, -0.004085295, -0.00404746, -0.0039995443, -0.0039716726, -0.0039085005, -0.003836691, -0.0037583916, -0.0037176858, -0.003635037, -0.003552425, -0.0035116686, -0.0034306818, -0.0033494702, -0.0033080727, -0.003221604, -0.003127818, -0.0030241525, -0.0029679115, -0.0028448422, -0.0027051421, -0.0026280337, -0.002458656, -0.0022756637, -0.0021137516, -0.002070683, -0.0022048184, -0.0029418508, 0, 0, 0
0, 0, 0, 0, 0, 0, 0, 0, 0, 0, 0, 0, 0, 0, 0, 0, 0, 0, 0, 0, 0, 0, 0, 0, 0, 0, 0, 0, 0, 0, 0, 0, 0, 0, 0, 0, 0, 0, 0, 0, 0, 0, 0, 0, 0, 0, 0, 0, 0, 0, 0, 0, 0, 0, 0, 0, 0, 0, 0, 0, 0, 0, 0, 0, 0, 0, 0, 0, 0, 0, 0, -0.0024688856, -0.0022878349, -0.0020521847, -0.00206831, -0.0021972305, -0.0022735791, -0.0024249621, -0.0025632987, -0.002626412, -0.0027403235, -0.0028390344, -0.0028833342, -0.002963898, -0.0030365575, -0.00310555, -0.0031397366, -0.0032093236, -0.0032821745, -0.003320151, -0.0033993972, -0.0034825415, -0.0035677045, -0.003610193, -0.003692915, -0.0037713663, -0.0038087238, -0.0038796586, -0.0039461474, -0.0039776745, -0.0040374296, -0.00409293, -0.0041439543, -0.004168017, -0.004212991, -0.0042542904, -0.004273736, -0.0043102684, -0.004343286, -0.00437218, -0.004384928, -0.0044067875, -0.0044236956, -0.0044303434, -0.0044393893, -0.0044421586, -0.0044408804, -0.004432512, -0.0044156886, -0.004390187, -0.004373936, -0.0043339916, -0.0042831753, -0.004253559, -0.0041860705, -0.0041091675, -0.0040258206, -0.003982852, -0.0038967796, -0.0038130186, -0.003772375, -0.0036937112, -0.0036165128, -0.0035774778, -0.0034963202, -0.003407435, -0.0033066384, -0.00325083, -0.0031271137, -0.0029852053, -0.0029069495, -0.002735963, -0.0025523352, -0.0023856666, -0.0023319137, -0.0023732933, -0.0026529809, 0, 0, 0
0, 0, 0, 0, 0, 0, 0, 0, 0, 0, 0, 0, 0, 0, 0, 0, 0, 0, 0, 0, 0, 0, 0, 0, 0, 0, 0, 0, 0, 0, 0, 0, 0, 0, 0, 0, 0, 0, 0, 0, 0, 0, 0, 0, 0, 0, 0, 0, 0, 0, 0, 0, 0, 0, 0, 0, 0, 0, 0, 0, 0, 0, 0, 0, 0, 0, 0, 0, 0, 0, 0, -0.00312451, -0.0026751193, -0.0022171992, -0.0021798578, -0.0022916163, -0.0023628324, -0.0025055232, -0.0026371796, -0.0026979316, -0.0028103741, -0.0029122538, -0.0029601427, -0.0030512179, -0.0031387142, -0.003225483, -0.003269351, -0.0033589718, -0.0034519269, -0.003499457, -0.003596231, -0.0036935338, -0.0037885208, -0.0038343056, -0.0039205863, -0.0039995736, -0.004036275, -0.004105457, -0.004169891, -0.004200775, -0.004260397, -0.0043176, -0.0043724603, -0.0043989453, -0.0044497275, -0.00449772, -0.0045205723, -0.0045642634, -0.00460446, -0.0046405257, -0.004656764, -0.004684956, -0.004707106, -0.004715739, -0.0047274856, -0.00473068, -0.0047286935, -0.004717001, -0.004695197, -0.0046633184, -0.004643749, -0.004596979, -0.0045394897, -0.004506696, -0.004433772, -0.0043528154, -0.0042667775, -0.0042230096, -0.0041363244, -0.004052875, -0.004012724, -0.003935124, -0.0038594888, -0.0038217057, -0.0037435512, -0.0036583226, -0.0035618597, -0.0035085548, -0.0033903571, -0.0032554094, -0.0031814156, -0.0030197133, -0.0028447527, -0.0026789356, -0.002619669, -0.0026514528, -0.003171652, -0.0037153147, 0, 0
0, 0, 0, 0, 0, 0, 0, 0, 0, 0, 0, 0, 0, 0, 0, 0, 0, 0, 0, 0, 0, 0, 0, 0, 0, 0, 0, 0, 0, 0, 0, 0, 0, 0, 0, 0, 0, 0, 0, 0, 0, 0, 0, 0, 0, 0, 0, 0, 0, 0, 0, 0, 0, 0, 0, 0, 0, 0, 0, 0, 0, 0, 0, 0, 0, 0, 0, 0, 0, 0, 0, 0, -0.0023914506, -0.0022359227, -0.002240035, -0.002352453, -0.002421487, -0.0025592772, -0.0026874125, -0.0027475748, -0.0028620446, -0.0029713144, -0.0030248123, -0.0031309258, -0.0032376833, -0.0033459135, -0.0034009388, -0.003512665, -0.0036263324, -0.0036833754, -0.0037962936, -0.0039054921, -0.004008262, -0.0040565287, -0.0041461755, -0.0042265984, -0.004263728, -0.004333527, -0.0043992135, -0.0044311, -0.0044936095, -0.004555283, -0.0046159313, -0.0046455567, -0.0047025695, -0.004755951, -0.0047811973, -0.004828756, -0.0048717656, -0.0049096392, -0.004926312, -0.004954462, -0.0049749357, -0.004982021, -0.0049893986, -0.00498655, -0.004980989, -0.0049613905, -0.0049302527, -0.0048885895, -0.0048639635, -0.0048074177, -0.004741196, -0.0047047134, -0.004626227, -0.004542302, -0.0044558304, -0.004412443, -0.0043269573, -0.0042442977, -0.004204215, -0.0041253646, -0.0040476974, -0.0040087323, -0.003928808, -0.0038434502, -0.0037492837, -0.0036982978, -0.0035874518, -0.003463238, -0.0033953367, -0.0032470347, -0.0030839387, -0.0029213815, -0.0028552045, -0.0028263286, -0.0030718432, -0.0032593245, 0, 0
0, 0, 0, 0, 0, 0, 0, 0, 0, 0, 0, 0, 0, 0, 0, 0, 0, 0, 0, 0, 0, 0, 0, 0, 0, 0, 0, 0, 0, 0, 0, 0, 0, 0, 0, 0, 0, 0, 0, 0, 0, 0, 0, 0, 0, 0, 0, 0, 0, 0, 0, 0, 0, 0, 0, 0, 0, 0, 0, 0, 0, 0, 0, 0, 0, 0, 0, 0, 0, 0, 0, 0, -0.0027480763, -0.0024034781, -0.0023067729, -0.0023856263, -0.002448416, -0.002582012, -0.002711158, -0.0027733287, -0.0028947054, -0.0030153152, -0.0030763028, -0.003200184, -0.003327384, -0.0034572757, -0.003522805, -0.0036544572, -0.0037851797, -0.0038494493, -0.0039740466, -0.0040912176, -0.0041994536, -0.0042499388, -0.004343691, -0.004428441, -0.0044678557, -0.0045424467, -0.004613493, -0.004648143, -0.0047167875, -0.0047846935, -0.0048513417, -0.0048836935, -0.0049452577, -0.005001358, -0.005027166, -0.005074067, -0.0051145656, -0.005148237, -0.0051621255, -0.005183376, -0.0051952745, -0.0051974845, -0.005194374, -0.00518061, -0.00516974, -0.005139239, -0.0050972635, -0.0050447243, -0.0050147846, -0.0049480703, -0.004873295, -0.0048333365, -0.00474998, -0.004663999, -0.004577578, -0.0045345756, -0.004449527, -0.004365752, -0.004323887, -0.0042399885, -0.0041548936, -0.0041117915, -0.0040236143, -0.00393167, -0.0038341507, -0.003782929, -0.00367461, -0.0035562685, -0.0034924136, -0.0033529997, -0.003198306, -0.003040006, -0.0029727507, -0.0029369427, -0.0032611722, -0.0036930966, 0, 0
0, 0, 0, 0, 0, 0, 0, 0, 0, 0, 0, 0, 0, 0, 0, 0, 0, 0, 0, 0, 0, 0, 0, 0, 0, 0, 0, 0, 0, 0, 0, 0, 0, 0, 0, 0, 0, 0, 0, 0, 0, 0, 0, 0, 0, 0, 0, 0, 0, 0, 0, 0, 0, 0, 0, 0, 0, 0, 0, 0, 0, 0, 0, 0, 0, 0, 0, 0, 0, 0, 0, 0, -0.00339815, -0.0025470462, -0.002322424, -0.0023754155, -0.0024365135, -0.0025738906, -0.0027112667, -0.0027786249, -0.0029124736, -0.0030482393, -0.003117493, -0.0032593498, -0.0034052604, -0.0035531323, -0.0036269624, -0.0037728383, -0.0039142063, -0.0039824145, -0.0041126204, -0.004233512, -0.004345244, -0.004397925, -0.0044975537, -0.004589808, -0.0046334835, -0.0047168806, -0.004796353, -0.0048350533, -0.004910876, -0.0049844105, -0.0050548944, -0.0050884834, -0.0051506297, -0.005204975, -0.00522895, -0.005270294, -0.0053030797, -0.0053269686, -0.005335354, -0.0053442223, -0.005342602, -0.005337897, -0.0053211306, -0.005294706, -0.005277746, -0.005236138, -0.005184091, -0.0051219687, -0.0050874287, -0.0050122705, -0.0049304785, -0.004887761, -0.0048002964, -0.0047117528, -0.004623519, -0.004579648, -0.0044920193, -0.0044029937, -0.0043574944, -0.0042637726, -0.004166309, -0.004116309, -0.004014053, -0.003908979, -0.0038006802, -0.0037451603, -0.0036303205, -0.0035078353, -0.003442237, -0.0032999169, -0.0031409143, -0.0029727023, -0.002894906, -0.002807119, -0.0029564633, -0.0031691703, 0, 0
0, 0, 0, 0, 0, 0, 0, 0, 0, 0, 0, 0, 0, 0, 0, 0, 0, 0, 0, 0, 0, 0, 0, 0, 0, 0, 0, 0, 0, 0, 0, 0, 0, 0, 0, 0, 0, 0, 0, 0, 0, 0, 0, 0, 0, 0, 0, 0, 0, 0, 0, 0, 0, 0, 0, 0, 0, 0, 0, 0, 0, 0, 0, 0, 0, 0, 0, 0, 0, 0, 0, 0, 0, -0.0023431012, -0.0022539578, -0.002327844, -0.0023941926, -0.0025440902, -0.002697185, -0.0027730851, -0.002924324, -0.0030773093, -0.0031548925, -0.0033127079, -0.003472551, -0.0036317962, -0.0037101954, -0.0038626413, -0.0040071984, -0.0040760296, -0.0042062355, -0.0043275338, -0.004441643, -0.0044965483, -0.0046028537, -0.004704467, -0.00475324, -0.0048469934, -0.004935741, -0.0049783587, -0.005059799, -0.005135885, -0.0052056205, -0.0052378275, -0.005295416, -0.005343226, -0.00536323, -0.0053952523, -0.0054165865, -0.0054272297, -0.005428461, -0.0054226806, -0.0054060216, -0.005394095, -0.005363786, -0.005325611, -0.0053034164, -0.0052526877, -0.0051926905, -0.0051235585, -0.0050857584, -0.0050042556, -0.004916891, -0.004871587, -0.0047794348, -0.0046862536, -0.004593063, -0.004546311, -0.0044518663, -0.004353954, -0.0043031434, -0.004196801, -0.0040845564, -0.0040265433, -0.003907476, -0.003785422, -0.0036610283, -0.003597826, -0.0034684443, -0.0033319597, -0.0032596383, -0.0031034448, -0.0029288118, -0.0027382746, -0.0026430846, -0.0024903563, -0.0024904043, -0.0025864143, 0, 0
0, 0, 0, 0, 0, 0, 0, 0, 0, 0, 0, 0, 0, 0, 0, 0, 0, 0, 0, 0, 0, 0, 0, 0, 0, 0, 0, 0, 0, 0, 0, 0, 0, 0, 0, 0, 0, 0, 0, 0, 0, 0, 0, 0, 0, 0, 0, 0, 0, 0, 0, 0, 0, 0, 0, 0, 0, 0, 0, 0, 0, 0, 0, 0, 0, 0, 0, 0, 0, 0, 0, 0, 0, -0.0024823875, -0.0022550647, -0.0022838, -0.0023473229, -0.0025093916, -0.0026836037, -0.002770444, -0.0029425044, -0.0031126465, -0.003197364, -0.0033660464, -0.0035327962, -0.0036951362, -0.003773991, -0.003924905, -0.004066062, -0.004132847, -0.0042594634, -0.004378852, -0.0044940165, -0.0045507257, -0.004662872, -0.0047722817, -0.0048253704, -0.004927572, -0.0050230264, -0.005067946, -0.0051512574, -0.0052251923, -0.0052892487, -0.0053175604, -0.005366341, -0.005404313, -0.0054191966, -0.0054402812, -0.005449525, -0.0054472303, -0.0054416927, -0.0054222955, -0.0053928485, -0.005374935, -0.005333851, -0.005286852, -0.005260896, -0.0052038277, -0.005138844, -0.0050653126, -0.0050253826, -0.004939729, -0.0048475987, -0.004799751, -0.004701568, -0.004601221, -0.0044996226, -0.0044482653, -0.0043435474, -0.004234669, -0.0041778767, -0.004059151, -0.003933332, -0.0038680956, -0.003733693, -0.0035955438, -0.003454463, -0.0033828511, -0.0032364808, -0.0030833124, -0.0030029654, -0.0028314537, -0.0026418224, -0.0024344304, -0.0023284163, -0.0021414002, -0.0020765131, -0.0021288856, 0, 0
0, 0, 0, 0, 0, 0, 0, 0, 0, 0, 0, 0, 0, 0, 0, 0, 0, 0, 0, 0, 0, 0, 0, 0, 0, 0, 0, 0, 0, 0, 0, 0, 0, 0, 0, 0, 0, 0, 0, 0, 0, 0, 0, 0, 0, 0, 0, 0, 0, 0, 0, 0, 0, 0, 0, 0, 0, 0, 0, 0, 0, 0, 0, 0, 0, 0, 0, 0, 0, 0, 0, 0, 0, -0.0027023093, -0.0022302694, -0.0022271213, -0.0022973695, -0.0024849623, -0.002686728, -0.0027860852, -0.0029783822, -0.0031622692, -0.0032514064, -0.0034242503, -0.003590009, -0.0037474902, -0.0038227558, -0.0039657266, -0.004099004, -0.004162334, -0.004283438, -0.0043998957, -0.004514542, -0.004571712, -0.004685928, -0.0047984454, -0.004853337, -0.0049584056, -0.005055251, -0.005099877, -0.0051800474, -0.0052476474, -0.0053027244, -0.005325853, -0.0053640013, -0.0053917984, -0.0054018083, -0.0054134307, -0.0054134876, -0.005401778, -0.0053915693, -0.005363131, -0.0053254785, -0.0053038853, -0.0052562403, -0.0052038482, -0.005175747, -0.005115178, -0.005047735, -0.0049722483, -0.0049312795, -0.0048432406, -0.004747505, -0.004697245, -0.004592874, -0.0044845482, -0.004373238, -0.004316581, -0.004200995, -0.0040811445, -0.004019119, -0.00389017, -0.0037547704, -0.003684648, -0.0035400956, -0.0033907923, -0.003237862, -0.003160086, -0.003001641, -0.0028374293, -0.0027523465, -0.0025737789, -0.0023813124, -0.0021753446, -0.0020708914, -0.0018841231, -0.0018020498, -0.0018350756, 0, 0
0, 0, 0, 0, 0, 0, 0, 0, 0, 0, 0, 0, 0, 0, 0, 0, 0, 0, 0, 0, 0, 0, 0, 0, 0, 0, 0, 0, 0, 0, 0, 0, 0, 0, 0, 0, 0, 0, 0, 0, 0, 0, 0, 0, 0, 0, 0, 0, 0, 0, 0, 0, 0, 0, 0, 0, 0, 0, 0, 0, 0, 0, 0, 0, 0, 0, 0, 0, 0, 0, 0, 0, 0, -0.0021532266, -0.0020650309, -0.0021680682, -0.0022666834, -0.0024946549, -0.0027241718, -0.0028336176, -0.003039691, -0.003229506, -0.0033189785, -0.0034882934, -0.0036458017, -0.0037922838, -0.0038616166, -0.0039931876, -0.0041166632, -0.0041760704, -0.004291469, -0.004404315, -0.0045164484, -0.004572376, -0.004683875, -0.0047933254, -0.0048463545, -0.0049472293, -0.005038626, -0.0050799144, -0.005152566, -0.0052112998, -0.0052566887, -0.0052749626, -0.005304156, -0.005324209, -0.0053308723, -0.0053367484, -0.0053323074, -0.005316538, -0.0053045326, -0.0052727754, -0.0052324873, -0.005209762, -0.005160217, -0.0051062084, -0.0050774864, -0.005016089, -0.0049484666, -0.0048731747, -0.004832297, -0.0047439006, -0.004646806, -0.0045952634, -0.0044869278, -0.0043726955, -0.0042538946, -0.00419321, -0.0040692887, -0.003941476, -0.003875879, -0.003740759, -0.0036004595, -0.0035282837, -0.003380306, -0.0032278905, -0.003071682, -0.0029923639, -0.002831243, -0.0026662718, -0.0025819796, -0.0024087848, -0.0022282188, -0.0020424135, -0.0019514718, -0.0017968714, -0.0017470287, -0.0017898746, 0, 0
0, 0, 0, 0, 0, 0, 0, 0, 0, 0, 0, 0, 0, 0, 0, 0, 0, 0, 0, 0, 0, 0, 0, 0, 0, 0, 0, 0, 0, 0, 0, 0, 0, 0, 0, 0, 0, 0, 0, 0, 0, 0, 0, 0, 0, 0, 0, 0, 0, 0, 0, 0, 0, 0, 0, 0, 0, 0, 0, 0, 0, 0, 0, 0, 0, 0, 0, 0, 0, 0, 0, 0, 0, -0.002181093, -0.002088812, -0.0022115742, -0.0023206752, -0.0025659255, -0.002805776, -0.0029178825, -0.0031246163, -0.00330971, -0.0033951038, -0.003553574, -0.003697986, -0.0038307607, -0.0038934804, -0.0040134117, -0.004127664, -0.0041834735, -0.0042935116, -0.004402226, -0.0045099035, -0.004563215, -0.0046680034, -0.004769063, -0.004817398, -0.004908185, -0.004988897, -0.0050248867, -0.0050873067, -0.0051368633, -0.0051745423, -0.005189593, -0.0052133757, -0.0052295392, -0.005234833, -0.005239331, -0.005234572, -0.0052197766, -0.0052084755, -0.0051788497, -0.005141038, -0.005119702, -0.0050729155, -0.0050212685, -0.0049936916, -0.0049344567, -0.004869331, -0.004796811, -0.0047574164, -0.004671942, -0.0045772637, -0.004526522, -0.0044188355, -0.0043038935, -0.004183382, -0.004121525, -0.0039949007, -0.003864385, -0.003797674, -0.003661291, -0.0035212857, -0.0034500859, -0.0033053563, -0.0031577449, -0.0030075626, -0.0029315515, -0.002777838, -0.0026221646, -0.0025436056, -0.002384682, -0.0022240803, -0.0020655268, -0.001991906, -0.0018845578, -0.001934245, -0.0020962043, -0.0029044398, 0
0, 0, 0, 0, 0, 0, 0, 0, 0, 0, 0, 0, 0, 0, 0, 0, 0, 0, 0, 0, 0, 0, 0, 0, 0, 0, 0, 0, 0, 0, 0, 0, 0, 0, 0, 0, 0, 0, 0, 0, 0, 0, 0, 0, 0, 0, 0, 0, 0, 0, 0, 0, 0, 0, 0, 0, 0, 0, 0, 0, 0, 0, 0, 0, 0, 0, 0, 0, 0, 0, 0, 0, 0, -0.0024255489, -0.0022825785, -0.0023668553, -0.0024638178, -0.0026919865, -0.0029186767, -0.0030245213, -0.0032186457, -0.0033902228, -0.0034686245, -0.0036125677, -0.0037426967, -0.003862338, -0.0039192312, -0.0040292577, -0.004135981, -0.0041887346, -0.004293556, -0.0043974076, -0.004499527, -0.0045493147, -0.004645907, -0.004736799, -0.004779457, -0.0048582996, -0.0049271835, -0.0049576713, -0.005010598, -0.0050531304, -0.0050863987, -0.00510006, -0.0051224804, -0.005138641, -0.0051442822, -0.0051506027, -0.0051489957, -0.005138646, -0.0051300875, -0.0051066815, -0.005076004, -0.0050583254, -0.005018823, -0.0049741506, -0.0049497727, -0.0048967153, -0.0048374045, -0.0047711735, -0.004735112, -0.0046567465, -0.0045692804, -0.004522058, -0.0044211783, -0.004312456, -0.0041974015, -0.004137936, -0.0040156967, -0.00388922, -0.003824467, -0.003692702, -0.0035586795, -0.0034912017, -0.0033555669, -0.0032192387, -0.003081855, -0.0030128383, -0.0028735623, -0.002732998, -0.0026622966, -0.0025199486, -0.0023766418, -0.0022352533, -0.0021686854, -0.0020648367, -0.0020717788, -0.0021605077, -0.002508793, 0
0, 0, 0, 0, 0, 0, 0, 0, 0, 0, 0, 0, 0, 0, 0, 0, 0, 0, 0, 0, 0, 0, 0, 0, 0, 0, 0, 0, 0, 0, 0, 0, 0, 0, 0, 0, 0, 0, 0, 0, 0, 0, 0, 0, 0, 0, 0, 0, 0, 0, 0, 0, 0, 0, 0, 0, 0, 0, 0, 0, 0, 0, 0, 0, 0, 0, 0, 0, 0, 0, 0, 0, 0, -0.0027984353, -0.002568002, -0.0025702456, -0.0026381873, -0.0028259272, -0.0030262084, -0.0031216848, -0.0032981075, -0.003454675, -0.0035261116, -0.0036572798, -0.0037758294, -0.0038855392, -0.003938226, -0.004040948, -0.004141761, -0.004191755, -0.0042913, -0.0043897727, -0.0044858926, -0.004532498, -0.00462202, -0.0047049737, -0.004743425, -0.0048136422, -0.00487459, -0.004901606, -0.0049495366, -0.00498948, -0.005022563, -0.0050369045, -0.0050614714, -0.00508074, -0.005088297, -0.0050989664, -0.005103032, -0.005099826, -0.005095545, -0.0050820205, -0.0050623976, -0.005050466, -0.005022705, -0.0049891532, -0.004970185, -0.0049274825, -0.0048781377, -0.004822105, -0.004791428, -0.00472417, -0.0046484624, -0.004607342, -0.0045187273, -0.004422423, -0.004319571, -0.004266012, -0.0041548894, -0.0040391795, -0.003979881, -0.003859203, -0.0037371228, -0.0036759933, -0.0035541225, -0.0034329004, -0.003311769, -0.0032508844, -0.0031281903, -0.0030034552, -0.0029401667, -0.002810697, -0.0026766546, -0.0025380133, -0.0024685597, -0.0023432993, -0.0022891304, -0.0023232335, -0.0025247447, 0
0, 0, 0, 0, 0, 0, 0, 0, 0, 0, 0, 0, 0, 0, 0, 0, 0, 0, 0, 0, 0, 0, 0, 0, 0, 0, 0, 0, 0, 0, 0, 0, 0, 0, 0, 0, 0, 0, 0, 0, 0, 0, 0, 0, 0, 0, 0, 0, 0, 0, 0, 0, 0, 0, 0, 0, 0, 0, 0, 0, 0, 0, 0, 0, 0, 0, 0, 0, 0, 0, 0, 0, 0, -0.0033217126, -0.0028662877, -0.0027249886, -0.0027561402, -0.0029049353, -0.003086176, -0.003175065, -0.0033409027, -0.0034889022, -0.0035565707, -0.0036811293, -0.0037938606, -0.0038985983, -0.0039490936, -0.0040475656, -0.0041439966, -0.004191685, -0.0042861653, -0.004379324, -0.0044706115, -0.0045151017, -0.0046011363, -0.004681367, -0.0047187563, -0.004787465, -0.0048479512, -0.004875447, -0.0049253637, -0.0049691685, -0.005007362, -0.0050245114, -0.0050550206, -0.005080448, -0.0050912816, -0.0051089954, -0.005121397, -0.005128545, -0.005130155, -0.005129628, -0.0051242984, -0.005119733, -0.00510668, -0.0050876616, -0.005075642, -0.005046415, -0.0050101746, -0.0049673277, -0.0049432693, -0.0048898403, -0.0048285453, -0.004794922, -0.0047218464, -0.004641988, -0.0045561567, -0.0045110574, -0.0044169435, -0.0043179635, -0.0042670257, -0.0041631977, -0.0040580053, -0.0040051946, -0.003899753, -0.0037946969, -0.0036892982, -0.0036361371, -0.0035277652, -0.0034153268, -0.0033570402, -0.0032343243, -0.003101501, -0.0029564744, -0.0028804708, -0.0027367298, -0.002681399, -0.0027560685, -0.0034114316, 0
0, 0, 0, 0, 0, 0, 0, 0, 0, 0, 0, 0, 0, 0, 0, 0, 0, 0, 0, 0, 0, 0, 0, 0, 0, 0, 0, 0, 0, 0, 0, 0, 0, 0, 0, 0, 0, 0, 0, 0, 0, 0, 0, 0, 0, 0, 0, 0, 0, 0, 0, 0, 0, 0, 0, 0, 0, 0, 0, 0, 0, 0, 0, 0, 0, 0, 0, 0, 0, 0, 0, 0, 0, -0.0040268223, -0.0029828046, -0.0027239537, -0.0027450267, -0.002894868, -0.0030807748, -0.003171118, -0.003338457, -0.003487205, -0.0035552979, -0.0036807423, -0.0037943958, -0.0038996513, -0.00395007, -0.0040476914, -0.0041420227, -0.0041883406, -0.0042795995, -0.0043698335, -0.004459513, -0.004503899, -0.0045913607, -0.004675311, -0.004715352, -0.004790533, -0.0048592156, -0.00489127, -0.004951189, -0.0050056446, -0.005054564, -0.0050769304, -0.0051174313, -0.005152686, -0.005168473, -0.005196975, -0.0052214824, -0.0052423147, -0.005251364, -0.0052665602, -0.0052774614, -0.005281086, -0.005283905, -0.005280149, -0.0052755815, -0.005261008, -0.005238947, -0.005209831, -0.005192658, -0.005153013, -0.0051061437, -0.005080044, -0.005022989, -0.004960542, -0.004893419, -0.004858234, -0.0047842716, -0.0047058333, -0.004665049, -0.004581212, -0.004494809, -0.0044508427, -0.0043617133, -0.0042707175, -0.004177567, -0.004129763, -0.0040305075, -0.003924639, -0.0038682465, -0.0037463617, -0.0036084617, -0.003450133, -0.0033630838, -0.003184548, -0.0030587362, -0.0030644513, -0.0033521086, 0
0, 0, 0, 0, 0, 0, 0, 0, 0, 0, 0, 0, 0, 0, 0, 0, 0, 0, 0, 0, 0, 0, 0, 0, 0, 0, 0, 0, 0, 0, 0, 0, 0, 0, 0, 0, 0, 0, 0, 0, 0, 0, 0, 0, 0, 0, 0, 0, 0, 0, 0, 0, 0, 0, 0, 0, 0, 0, 0, 0, 0, 0, 0, 0, 0, 0, 0, 0, 0, 0, 0, 0, 0, 0, -0.0026116925, -0.0025826371, -0.0026435226, -0.002829852, -0.0030308198, -0.003125713, -0.0032999201, -0.00345487, -0.0035261675, -0.0036581708, -0.0037783142, -0.0038891595, -0.003941761, -0.004042511, -0.0041387193, -0.004185571, -0.0042779427, -0.0043697893, -0.0044626608, -0.0045095584, -0.00460382, -0.0046972516, -0.0047429437, -0.0048313076, -0.004915013, -0.0049550403, -0.005031204, -0.0051017953, -0.005166052, -0.005195721, -0.0052502835, -0.00529927, -0.0053220913, -0.0053652455, -0.0054056216, -0.005443306, -0.005461002, -0.0054935766, -0.005521196, -0.0055327676, -0.005550842, -0.005561426, -0.0055638277, -0.0055626975, -0.005553463, -0.005536368, -0.0055251047, -0.005497043, -0.00546205, -0.0054422338, -0.0053985356, -0.0053510275, -0.00530071, -0.0052745254, -0.0052196323, -0.0051609217, -0.0051298323, -0.005064299, -0.004994263, -0.0049575698, -0.004880665, -0.004798816, -0.0047118976, -0.0046661617, -0.004569238, -0.0044630906, -0.0044056927, -0.004279217, -0.0041323197, -0.003958582, -0.0038602955, -0.003647411, -0.003455722, -0.0034055146, -0.003508323, 0
0, 0, 0, 0, 0, 0, 0, 0, 0, 0, 0, 0, 0, 0, 0, 0, 0, 0, 0, 0, 0, 0, 0, 0, 0, 0, 0, 0, 0, 0, 0, 0, 0, 0, 0, 0, 0, 0, 0, 0, 0, 0, 0, 0, 0, 0, 0, 0, 0, 0, 0, 0, 0, 0, 0, 0, 0, 0, 0, 0, 0, 0, 0, 0, 0, 0, 0, 0, 0, 0, 0, 0, 0, 0, -0.0026496244, -0.0025683208, -0.0026112837, -0.0027765632, -0.002970292, -0.0030648997, -0.0032427935, -0.0034051768, -0.0034810693, -0.003623087, -0.0037535133, -0.0038742882, -0.0039315196, -0.0040404294, -0.0041436716, -0.0041937865, -0.0042926483, -0.004391598, -0.004492479, -0.0045440793, -0.00464923, -0.0047559785, -0.004809273, -0.0049146833, -0.0050170464, -0.005066664, -0.0051620435, -0.0052510914, -0.005332821, -0.005370906, -0.005442029, -0.005507663, -0.005539024, -0.005599906, -0.0056588124, -0.005715217, -0.005741959, -0.0057918434, -0.005835257, -0.0058540986, -0.0058857384, -0.005908801, -0.0059170583, -0.005926762, -0.0059274016, -0.005919413, -0.0059123393, -0.0058925054, -0.0058654975, -0.005849662, -0.005814591, -0.0057764538, -0.0057366593, -0.0057162186, -0.0056735515, -0.0056272494, -0.005602207, -0.0055475943, -0.0054864152, -0.005453182, -0.0053809127, -0.005300687, -0.0052123186, -0.0051649436, -0.0050629214, -0.0049497667, -0.0048881876, -0.0047519505, -0.0045931176, -0.004404861, -0.0042985333, -0.0040702405, -0.003878018, -0.00385233, -0.0042221616, -0.0057418747
0, 0, 0, 0, 0, 0, 0, 0, 0, 0, 0, 0, 0, 0, 0, 0, 0, 0, 0, 0, 0, 0, 0, 0, 0, 0, 0, 0, 0, 0, 0, 0, 0, 0, 0, 0, 0, 0, 0, 0, 0, 0, 0, 0, 0, 0, 0, 0, 0, 0, 0, 0, 0, 0, 0, 0, 0, 0, 0, 0, 0, 0, 0, 0, 0, 0, 0, 0, 0, 0, 0, 0, 0, 0, -0.00296422, -0.0026556882, -0.0026328436, -0.0027333233, -0.0029084512, -0.0030017328, -0.0031847206, -0.0033570263, -0.003438774, -0.0035932064, -0.0037367663, -0.0038706812, -0.0039344635, -0.004056271, -0.004171818, -0.004227894, -0.0043382198, -0.0044480343, -0.0045599733, -0.0046172906, -0.0047348375, -0.0048557026, -0.004916895, -0.0050394796, -0.0051603047, -0.005219293, -0.005333289, -0.005440066, -0.0055386648, -0.0055850185, -0.005672985, -0.005756095, -0.00579655, -0.005876062, -0.005953783, -0.006028112, -0.006063359, -0.00612866, -0.0061857384, -0.0062107337, -0.006253534, -0.0062862784, -0.00629883, -0.0063161366, -0.006323361, -0.0063210307, -0.0063165794, -0.0063012354, -0.0062780753, -0.006263854, -0.0062313853, -0.0061952276, -0.0061568012, -0.006136825, -0.0060948054, -0.006048456, -0.0060231234, -0.005967162, -0.0059032836, -0.0058681015, -0.005790458, -0.0057027466, -0.005604773, -0.0055518993, -0.00543772, -0.0053110993, -0.005242164, -0.0050899778, -0.004913422, -0.004705232, -0.00458809, -0.0043348195, -0.0041041793, -0.0040418473, -0.004199769, -0.0048248866
0, 0, 0, 0, 0, 0, 0, 0, 0, 0, 0, 0, 0, 0, 0, 0, 0, 0, 0, 0, 0, 0, 0, 0, 0, 0, 0, 0, 0, 0, 0, 0, 0, 0, 0, 0, 0, 0, 0, 0, 0, 0, 0, 0, 0, 0, 0, 0, 0, 0, 0, 0, 0, 0, 0, 0, 0, 0, 0, 0, 0, 0, 0, 0, 0, 0, 0, 0, 0, 0, 0, 0, 0, 0, -0.0032402026, -0.002634356, -0.002572973, -0.002658545, -0.0028449679, -0.0029463524, -0.0031457737, -0.003333447, -0.0034221702, -0.0035902371, -0.0037473848, -0.0038955437, -0.003966756, -0.004104051, -0.004235401, -0.0042992085, -0.004424141, -0.0045469883, -0.00467064, -0.004733501, -0.004862355, -0.004995223, -0.005062876, -0.0051994324, -0.005335199, -0.005401809, -0.005530839, -0.0056523113, -0.0057653305, -0.00581904, -0.0059221066, -0.0060212556, -0.006070023, -0.006166168, -0.0062599685, -0.0063490467, -0.006390978, -0.006468185, -0.006535381, -0.006564975, -0.0066154297, -0.0066540935, -0.006669068, -0.006690386, -0.0067007467, -0.006700931, -0.006697472, -0.0066835005, -0.006660118, -0.006645116, -0.006609175, -0.0065668486, -0.0065195607, -0.006494198, -0.0064397235, -0.006379353, -0.0063466704, -0.006275682, -0.0061965445, -0.0061535956, -0.0060602785, -0.0059563243, -0.0058413004, -0.005779675, -0.0056473757, -0.005501285, -0.0054219696, -0.0052474225, -0.0050456077, -0.0048084827, -0.004674642, -0.004379063, -0.0040777326, -0.0039557246, -0.0038963014, -0.0041919923
0, 0, 0, 0, 0, 0, 0, 0, 0, 0, 0, 0, 0, 0, 0, 0, 0, 0, 0, 0, 0, 0, 0, 0, 0, 0, 0, 0, 0, 0, 0, 0, 0, 0, 0, 0, 0, 0, 0, 0, 0, 0, 0, 0, 0, 0, 0, 0, 0, 0, 0, 0, 0, 0, 0, 0, 0, 0, 0, 0, 0, 0, 0, 0, 0, 0, 0, 0, 0, 0, 0, 0, 0, 0, -0.0024975578, -0.0023823318, -0.0024073252, -0.0025797111, -0.0028120764, -0.00292947, -0.0031523956, -0.003355906, -0.0034508896, -0.003629653, -0.0037972284, -0.003957328, -0.0040353243, -0.0041878344, -0.004335891, -0.0044081006, -0.0045489264, -0.0046857875, -0.0048209867, -0.0048889085, -0.0050267125, -0.005167978, -0.0052399365, -0.005385528, -0.0055311173, -0.0056027556, -0.00574187, -0.0058736135, -0.005997429, -0.0060567777, -0.0061717005, -0.006283353, -0.006338322, -0.006446586, -0.0065512913, -0.00664974, -0.0066957506, -0.006779909, -0.0068524764, -0.0068840696, -0.006937634, -0.00697823, -0.0069937506, -0.0070154835, -0.0070257005, -0.007025347, -0.0070212414, -0.0070050284, -0.006977291, -0.0069590327, -0.0069138426, -0.006858122, -0.0067932433, -0.0067576114, -0.006680203, -0.0065947925, -0.006549253, -0.006452568, -0.006348159, -0.0062928996, -0.006175595, -0.0060485033, -0.005911128, -0.0058383457, -0.00568365, -0.005514314, -0.0054227207, -0.005221838, -0.0049912324, -0.0047226185, -0.004571865, -0.0042382143, -0.0038870638, -0.0037314163, -0.0035771637, -0.0037679845
0, 0, 0, 0, 0, 0, 0, 0, 0, 0, 0, 0, 0, 0, 0, 0, 0, 0, 0, 0, 0, 0, 0, 0, 0, 0, 0, 0, 0, 0, 0, 0, 0, 0, 0, 0, 0, 0, 0, 0, 0, 0, 0, 0, 0, 0, 0, 0, 0, 0, 0, 0, 0, 0, 0, 0, 0, 0, 0, 0, 0, 0, 0, 0, 0, 0, 0, 0, 0, 0, 0, 0, 0, 0, -0.0024583535, -0.0023540577, -0.002396388, -0.0026024857, -0.0028602257, -0.002986693, -0.0032217794, -0.003431798, -0.0035289326, -0.0037113738, -0.0038837201, -0.004051213, -0.004134183, -0.004299193, -0.0044624405, -0.0045427666, -0.0046997173, -0.00485123, -0.004998448, -0.0050711483, -0.005216506, -0.005363513, -0.0054378705, -0.005588112, -0.005738241, -0.005812315, -0.005956555, -0.0060939714, -0.0062243245, -0.00628712, -0.006409317, -0.006528129, -0.0065864786, -0.006700532, -0.006809589, -0.0069107474, -0.0069576283, -0.007042546, -0.0071147108, -0.007145727, -0.00719761, -0.0072359173, -0.007250084, -0.007268976, -0.007276104, -0.007272111, -0.0072657657, -0.0072436375, -0.0072074765, -0.007183704, -0.0071244678, -0.007050317, -0.006962788, -0.006914399, -0.006809191, -0.0066938447, -0.006632928, -0.0065053906, -0.0063707414, -0.0063006934, -0.006154976, -0.0060011917, -0.0058383634, -0.005753261, -0.0055742413, -0.0053804233, -0.0052762805, -0.005049699, -0.0047933566, -0.004500488, -0.004338939, -0.003987789, -0.0036250805, -0.0034646085, -0.0032949501, -0.003457275
0, 0, 0, 0, 0, 0, 0, 0, 0, 0, 0, 0, 0, 0, 0, 0, 0, 0, 0, 0, 0, 0, 0, 0, 0, 0, 0, 0, 0, 0, 0, 0, 0, 0, 0, 0, 0, 0, 0, 0, 0, 0, 0, 0, 0, 0, 0, 0, 0, 0, 0, 0, 0, 0, 0, 0, 0, 0, 0, 0, 0, 0, 0, 0, 0, 0, 0, 0, 0, 0, 0, 0, 0, 0, -0.0027073226, -0.002550598, -0.0025706182, -0.0027487148, -0.0029912058, -0.0031122554, -0.003338846, -0.0035426125, -0.0036373355, -0.0038172214, -0.0039898297, -0.0041609583, -0.0042470964, -0.004421379, -0.004597331, -0.0046849395, -0.004857373, -0.005023929, -0.00518407, -0.005262087, -0.00541543, -0.005567494, -0.0056435163, -0.005795673, -0.0059467233, -0.0060211164, -0.006166161, -0.0063050035, -0.006437524, -0.0065015047, -0.0066259033, -0.0067461603, -0.006804722, -0.0069179563, -0.0070243636, -0.0071213734, -0.0071657244, -0.0072453143, -0.0073117064, -0.007339825, -0.007385727, -0.007418035, -0.0074292095, -0.007442247, -0.0074434914, -0.0074329777, -0.007422868, -0.007391743, -0.0073439963, -0.0073133027, -0.0072377524, -0.0071440274, -0.0070337644, -0.00697302, -0.0068413094, -0.0066975467, -0.0066218525, -0.0064643216, -0.0062996983, -0.006214922, -0.006040612, -0.005859481, -0.005670781, -0.005573211, -0.0053700535, -0.005152963, -0.005037593, -0.0047897752, -0.0045152414, -0.004210191, -0.0040457468, -0.0036976642, -0.0033501799, -0.0032003557, -0.0030481613, -0.0032064978
0, 0, 0, 0, 0, 0, 0, 0, 0, 0, 0, 0, 0, 0, 0, 0, 0, 0, 0, 0, 0, 0, 0, 0, 0, 0, 0, 0, 0, 0, 0, 0, 0, 0, 0, 0, 0, 0, 0, 0, 0, 0, 0, 0, 0, 0, 0, 0, 0, 0, 0, 0, 0, 0, 0, 0, 0, 0, 0, 0, 0, 0, 0, 0, 0, 0, 0, 0, 0, 0, 0, 0, 0, 0, -0.0031248478, -0.0028706545, -0.0028400004, -0.00294332, -0.0031412144, -0.0032476373, -0.0034547632, -0.0036480154, -0.00373991, -0.003917368, -0.004091062, -0.004265881, -0.0043549407, -0.0045369514, -0.004723217, -0.004817039, -0.005003109, -0.0051840353, -0.005357426, -0.0054412247, -0.0056040226, -0.00576211, -0.005840016, -0.005993757, -0.0061441064, -0.0062175575, -0.0063605127, -0.006497658, -0.0066287303, -0.006691957, -0.0068142344, -0.0069309906, -0.0069871065, -0.0070938724, -0.0071918303, -0.007279348, -0.00731876, -0.0073883235, -0.007445054, -0.0074684406, -0.0075052013, -0.0075286967, -0.0075356713, -0.0075404802, -0.007533499, -0.007514163, -0.0074992506, -0.0074572293, -0.0073969886, -0.0073593813, -0.007268862, -0.007158509, -0.0070300563, -0.0069596507, -0.0068074097, -0.0066414815, -0.006554134, -0.0063724224, -0.0061828587, -0.006085491, -0.0058858967, -0.005679693, -0.005466848, -0.005357614, -0.005132244, -0.004894922, -0.0047703986, -0.004507315, -0.00422308, -0.003916293, -0.0037547757, -0.003420999, -0.0030985018, -0.0029634188, -0.002835815, -0.0029967164
0, 0, 0, 0, 0, 0, 0, 0, 0, 0, 0, 0, 0, 0, 0, 0, 0, 0, 0, 0, 0, 0, 0, 0, 0, 0, 0, 0, 0, 0, 0, 0, 0, 0, 0, 0, 0, 0, 0, 0, 0, 0, 0, 0, 0, 0, 0, 0, 0, 0, 0, 0, 0, 0, 0, 0, 0, 0, 0, 0, 0, 0, 0, 0, 0, 0, 0, 0, 0, 0, 0, 0, 0, 0, -0.003708208, -0.0031955487, -0.0030662792, -0.0030616699, -0.0032176494, -0.0033147032, -0.0035143078, -0.0037084473, -0.0038025682, -0.003986406, -0.0041677067, -0.0043505146, -0.0044434993, -0.004633405, -0.00482821, -0.004926648, -0.0051230737, -0.0053153127, -0.0055004153, -0.0055898884, -0.00576276, -0.005928431, -0.006008841, -0.0061651417, -0.006315293, -0.0063878796, -0.006528452, -0.0066629727, -0.006791078, -0.00685257, -0.0069702226, -0.007080441, -0.0071325465, -0.007229829, -0.007316649, -0.007392339, -0.0074257264, -0.0074832826, -0.0075283367, -0.007546028, -0.007571866, -0.0075851423, -0.007587178, -0.007582397, -0.0075658024, -0.0075364267, -0.007516321, -0.0074635344, -0.007392058, -0.0073489877, -0.0072476375, -0.007126563, -0.006987118, -0.0069109458, -0.0067464644, -0.0065671946, -0.0064726872, -0.006275608, -0.006069277, -0.0059629725, -0.005744427, -0.0055184737, -0.005285711, -0.0051668137, -0.004923312, -0.0046702716, -0.004539261, -0.004266819, -0.003979308, -0.0036762906, -0.0035194422, -0.0032003755, -0.0028983017, -0.0027743482, -0.0026650473, -0.0028280707
0, 0, 0, 0, 0, 0, 0, 0, 0, 0, 0, 0, 0, 0, 0, 0, 0, 0, 0, 0, 0, 0, 0, 0, 0, 0, 0, 0, 0, 0, 0, 0, 0, 0, 0, 0, 0, 0, 0, 0, 0, 0, 0, 0, 0, 0, 0, 0, 0, 0, 0, 0, 0, 0, 0, 0, 0, 0, 0, 0, 0, 0, 0, 0, 0, 0, 0, 0, 0, 0, 0, 0, 0, 0, -0.0044720224, -0.0032694628, -0.003044388, -0.0029977914, -0.0031666548, -0.0032742643, -0.0034959456, -0.0037110066, -0.0038148987, -0.004016857, -0.004213894, -0.0044093556, -0.004507468, -0.0047057206, -0.004906763, -0.005007919, -0.0052099577, -0.0054088384, -0.0056020305, -0.0056958366, -0.0058775786, -0.006051051, -0.006134616, -0.006295311, -0.0064475816, -0.0065206503, -0.006661257, -0.0067949113, -0.0069212383, -0.0069814185, -0.0070949895, -0.007198906, -0.007247075, -0.0073352135, -0.00741196, -0.0074768746, -0.0075047263, -0.0075510084, -0.0075846384, -0.007596701, -0.0076115606, -0.007614485, -0.0076115658, -0.0075969542, -0.0075705573, -0.0075313733, -0.007506396, -0.007444438, -0.007365021, -0.0073185484, -0.007211943, -0.007087045, -0.006944307, -0.0068664486, -0.0066984673, -0.006515142, -0.0064182803, -0.0062156217, -0.0060023377, -0.005891895, -0.0056635267, -0.0054261, -0.005180903, -0.005055784, -0.004800593, -0.004538116, -0.0044037458, -0.004127871, -0.0038413773, -0.0035432382, -0.0033897045, -0.0030777573, -0.0027818026, -0.0026599998, -0.002552311, -0.0027123957
0, 0, 0, 0, 0, 0, 0, 0, 0, 0, 0, 0, 0, 0, 0, 0, 0, 0, 0, 0, 0, 0, 0, 0, 0, 0, 0, 0, 0, 0, 0, 0, 0, 0, 0, 0, 0, 0, 0, 0, 0, 0, 0, 0, 0, 0, 0, 0, 0, 0, 0, 0, 0, 0, 0, 0, 0, 0, 0, 0, 0, 0, 0, 0, 0, 0, 0, 0, 0, 0, 0, 0, 0, 0, 0, -0.0027055405, -0.0026724942, -0.002791357, -0.0030349041, -0.0031684914, -0.003431363, -0.0036786892, -0.0037964226, -0.0040221233, -0.0042380774, -0.004447571, -0.004550837, -0.00475589, -0.00495999, -0.0050618057, -0.005264599, -0.005465071, -0.0056616054, -0.0057578664, -0.0059456397, -0.006125799, -0.006212765, -0.006379699, -0.0065373583, -0.0066127535, -0.0067572463, -0.0068935696, -0.0070212004, -0.0070813987, -0.007193717, -0.00729446, -0.007340333, -0.007423307, -0.0074941427, -0.007552404, -0.0075766053, -0.0076148296, -0.0076395627, -0.0076469076, -0.0076523256, -0.0076459786, -0.007638524, -0.007614983, -0.007579824, -0.0075322916, -0.007503533, -0.0074352175, -0.0073520364, -0.0073047373, -0.007198524, -0.007076238, -0.006937202, -0.0068614297, -0.0066977786, -0.0065189265, -0.0064242827, -0.0062256376, -0.006015419, -0.005906037, -0.005678578, -0.0054403264, -0.0051928577, -0.005066329, -0.004808474, -0.004544843, -0.0044108466, -0.0041376874, -0.0038561448, -0.0035631973, -0.0034115063, -0.0030993256, -0.0027948061, -0.0026648352, -0.002535575, -0.0026810078
0, 0, 0, 0, 0, 0, 0, 0, 0, 0, 0, 0, 0, 0, 0, 0, 0, 0, 0, 0, 0, 0, 0, 0, 0, 0, 0, 0, 0, 0, 0, 0, 0, 0, 0, 0, 0, 0, 0, 0, 0, 0, 0, 0, 0, 0, 0, 0, 0, 0, 0, 0, 0, 0, 0, 0, 0, 0, 0, 0, 0, 0, 0, 0, 0, 0, 0, 0, 0, 0, 0, 0, 0, 0, 0, -0.002507199, -0.0024929452, -0.0026547292, -0.0029361504, -0.003086648, -0.003379668, -0.0036525424, -0.0037814484, -0.0040262244, -0.004256899, -0.004476646, -0.00458328, -0.004791677, -0.0049954215, -0.005096067, -0.0052959058, -0.0054939734, -0.0056899576, -0.005786868, -0.005977661, -0.006163049, -0.0062531913, -0.0064274026, -0.0065927454, -0.0066718487, -0.006823186, -0.006965189, -0.0070971744, -0.007159019, -0.007273522, -0.007375472, -0.007421715, -0.0075050527, -0.0075758216, -0.0076330793, -0.007656331, -0.007691449, -0.007711593, -0.0077161817, -0.0077154627, -0.007702552, -0.007691693, -0.007661551, -0.0076199374, -0.007567029, -0.0075362823, -0.007465853, -0.0073836693, -0.007338182, -0.007237599, -0.0071231653, -0.0069934684, -0.0069227424, -0.0067697936, -0.006602389, -0.0065136827, -0.0063271336, -0.006128896, -0.0060253437, -0.00580901, -0.005580692, -0.0053418255, -0.0052191205, -0.004968704, -0.004712915, -0.004583216, -0.0043195225, -0.0040479368, -0.0037639637, -0.0036157104, -0.0033061423, -0.0029944445, -0.0028555265, -0.0026973358, -0.0028163656
0, 0, 0, 0, 0, 0, 0, 0, 0, 0, 0, 0, 0, 0, 0, 0, 0, 0, 0, 0, 0, 0, 0, 0, 0, 0, 0, 0, 0, 0, 0, 0, 0, 0, 0, 0, 0, 0, 0, 0, 0, 0, 0, 0, 0, 0, 0, 0, 0, 0, 0, 0, 0, 0, 0, 0, 0, 0, 0, 0, 0, 0, 0, 0, 0, 0, 0, 0, 0, 0, 0, 0, 0, 0, 0, -0.0025388717, -0.002508206, -0.002649629, -0.0029272544, -0.0030796174, -0.0033800118, -0.0036621825, -0.0037956156, -0.004048532, -0.0042852405, -0.0045085032, -0.004615851, -0.004823518, -0.00502427, -0.0051228628, -0.005318113, -0.005512178, -0.005705661, -0.005802138, -0.0059940913, -0.0061831237, -0.0062758964, -0.0064566964, -0.006629456, -0.0067125, -0.006871206, -0.007020059, -0.007158132, -0.0072228066, -0.0073426217, -0.007449463, -0.007498269, -0.0075867614, -0.0076626143, -0.0077241724, -0.007749157, -0.00778699, -0.0078084506, -0.007813297, -0.0078120693, -0.0077977334, -0.0077859983, -0.0077537172, -0.0077101765, -0.007656635, -0.0076263947, -0.0075591877, -0.007483349, -0.0074419286, -0.0073512066, -0.007248257, -0.0071314448, -0.007067567, -0.006929302, -0.006777719, -0.0066973693, -0.006528128, -0.006347907, -0.006253484, -0.0060555316, -0.005845406, -0.005623872, -0.00550947, -0.005274828, -0.0050342204, -0.004911916, -0.00466293, -0.0044059427, -0.0041366783, -0.0039960654, -0.0037030166, -0.003411736, -0.003286644, -0.0031720118, -0.0033432092
0, 0, 0, 0, 0, 0, 0, 0, 0, 0, 0, 0, 0, 0, 0, 0, 0, 0, 0, 0, 0, 0, 0, 0, 0, 0, 0, 0, 0, 0, 0, 0, 0, 0, 0, 0, 0, 0, 0, 0, 0, 0, 0, 0, 0, 0, 0, 0, 0, 0, 0, 0, 0, 0, 0, 0, 0, 0, 0, 0, 0, 0, 0, 0, 0, 0, 0, 0, 0, 0, 0, 0, 0, 0, 0, -0.0026509885, -0.0026095852, -0.0027303463, -0.0029930484, -0.0031402097, -0.003433636, -0.0037117926, -0.003843943, -0.0040949862, -0.00433005, -0.0045511993, -0.0046572653, -0.004861823, -0.005058812, -0.0051554646, -0.005346792, -0.005537282, -0.005728197, -0.0058240243, -0.0060159047, -0.006206807, -0.0063011507, -0.006486017, -0.006663884, -0.006749712, -0.0069144107, -0.0070694447, -0.007214051, -0.007281998, -0.007408548, -0.0075224694, -0.0075749294, -0.007671043, -0.0077548195, -0.007824557, -0.007853663, -0.007899799, -0.007929522, -0.007938287, -0.007944449, -0.007936519, -0.00792764, -0.007900374, -0.0078618275, -0.007814327, -0.0077877557, -0.0077295094, -0.007664246, -0.007628554, -0.007549968, -0.0074600223, -0.0073569883, -0.007300485, -0.007177962, -0.007043484, -0.0069721397, -0.0068218494, -0.006661564, -0.006577532, -0.0064011514, -0.006213067, -0.0060134674, -0.0059096413, -0.005695002, -0.005472419, -0.005358393, -0.0051243645, -0.004880817, -0.004625034, -0.004492037, -0.004219261, -0.003966265, -0.0038783464, -0.003956344, -0.0049216654
0, 0, 0, 0, 0, 0, 0, 0, 0, 0, 0, 0, 0, 0, 0, 0, 0, 0, 0, 0, 0, 0, 0, 0, 0, 0, 0, 0, 0, 0, 0, 0, 0, 0, 0, 0, 0, 0, 0, 0, 0, 0, 0, 0, 0, 0, 0, 0, 0, 0, 0, 0, 0, 0, 0, 0, 0, 0, 0, 0, 0, 0, 0, 0, 0, 0, 0, 0, 0, 0, 0, 0, 0, 0, 0, -0.002773195, -0.0027273183, -0.0028392032, -0.003092267, -0.0032344519, -0.0035183814, -0.0037882507, -0.003916782, -0.004161644, -0.0043917135, -0.004608782, -0.0047130818, -0.0049146325, -0.0051091546, -0.005204639, -0.005393679, -0.00558176, -0.0057705534, -0.005865519, -0.0060564224, -0.0062471926, -0.006341778, -0.00652782, -0.0067079114, -0.006795132, -0.0069635212, -0.00712318, -0.0072734077, -0.007344502, -0.0074777976, -0.007599063, -0.0076553, -0.007759322, -0.0078518195, -0.007931857, -0.007966822, -0.008026072, -0.008070517, -0.008087013, -0.008108725, -0.008115646, -0.008113766, -0.0080999825, -0.008074613, -0.008040314, -0.008020448, -0.007975689, -0.0079234475, -0.0078941, -0.0078277085, -0.007749747, -0.007659244, -0.0076094484, -0.007501333, -0.007382661, -0.007319705, -0.007186901, -0.0070451405, -0.0069708237, -0.0068147937, -0.006647966, -0.006469651, -0.0063761114, -0.0061802524, -0.00597294, -0.0058649452, -0.0056392946, -0.0053987377, -0.005140777, -0.0050048013, -0.0047219046, -0.0044490267, -0.0043420484, -0.004316297, -0.004798214
0, 0, 0, 0, 0, 0, 0, 0, 0, 0, 0, 0, 0, 0, 0, 0, 0, 0, 0, 0, 0, 0, 0, 0, 0, 0, 0, 0, 0, 0, 0, 0, 0, 0, 0, 0, 0, 0, 0, 0, 0, 0, 0, 0, 0, 0, 0, 0, 0, 0, 0, 0, 0, 0, 0, 0, 0, 0, 0, 0, 0, 0, 0, 0, 0, 0, 0, 0, 0, 0, 0, 0, 0, 0, 0, -0.0028772715, -0.0028300092, -0.002941297, -0.0031926902, -0.0033330254, -0.0036118603, -0.0038760486, -0.0040017897, -0.0042417157, -0.0044678007, -0.004682031, -0.0047853105, -0.00498566, -0.005179631, -0.005274959, -0.005463206, -0.005649986, -0.0058369683, -0.005930949, -0.0061199684, -0.006309248, -0.0064032855, -0.0065886825, -0.006768984, -0.006856678, -0.007026683, -0.007189098, -0.0073431563, -0.007416641, -0.0075556473, -0.007683388, -0.007743134, -0.007854796, -0.007956369, -0.008047704, -0.0080894, -0.008164349, -0.008227074, -0.008253522, -0.008295755, -0.008323465, -0.008331831, -0.008338197, -0.0083321715, -0.008316104, -0.008304826, -0.008275682, -0.008236845, -0.008213423, -0.008157659, -0.008089634, -0.0080096135, -0.007965403, -0.007869261, -0.007763707, -0.0077076, -0.0075890305, -0.0074622426, -0.00739564, -0.0072555672, -0.007105229, -0.006943071, -0.006857124, -0.006674195, -0.006475059, -0.0063686753, -0.00614021, -0.005886889, -0.00560388, -0.0054498254, -0.0051159444, -0.0047619836, -0.0045952685, -0.0043777996, -0.00451985
0, 0, 0, 0, 0, 0, 0, 0, 0, 0, 0, 0, 0, 0, 0, 0, 0, 0, 0, 0, 0, 0, 0, 0, 0, 0, 0, 0, 0, 0, 0, 0, 0, 0, 0, 0, 0, 0, 0, 0, 0, 0, 0, 0, 0, 0, 0, 0, 0, 0, 0, 0, 0, 0, 0, 0, 0, 0, 0, 0, 0, 0, 0, 0, 0, 0, 0, 0, 0, 0, 0, 0, 0, 0, 0, -0.0029559513, -0.0029086606, -0.003023769, -0.003279252, -0.0034209273, -0.0037006564, -0.0039641308, -0.004089338, -0.0043280427, -0.004553239, -0.0047672875, -0.0048708026, -0.0050722365, -0.0052676643, -0.0053635635, -0.005552679, -0.0057394654, -0.005925619, -0.006019009, -0.0062066955, -0.0063947076, -0.0064881896, -0.006672676, -0.0068524354, -0.006940051, -0.007110267, -0.007273413, -0.007429174, -0.0075039826, -0.007646903, -0.007780313, -0.007843469, -0.007963073, -0.008074163, -0.008176999, -0.008225301, -0.008315314, -0.008395532, -0.008431488, -0.008493874, -0.0085427, -0.00856186, -0.008589868, -0.008604646, -0.008607494, -0.008604683, -0.008590401, -0.008563592, -0.0085452255, -0.00849837, -0.008438538, -0.008366935, -0.008327013, -0.008240056, -0.008144152, -0.008093024, -0.007984569, -0.007867973, -0.007806473, -0.0076763625, -0.007535411, -0.007381616, -0.007299124, -0.0071208286, -0.0069212327, -0.006811953, -0.006570552, -0.006292865, -0.0059708827, -0.0057908655, -0.005389632, -0.0049442463, -0.0047214082, -0.0043697706, -0.0043655597
0, 0, 0, 0, 0, 0, 0, 0, 0, 0, 0, 0, 0, 0, 0, 0, 0, 0, 0, 0, 0, 0, 0, 0, 0, 0, 0, 0, 0, 0, 0, 0, 0, 0, 0, 0, 0, 0, 0, 0, 0, 0, 0, 0, 0, 0, 0, 0, 0, 0, 0, 0, 0, 0, 0, 0, 0, 0, 0, 0, 0, 0, 0, 0, 0, 0, 0, 0, 0, 0, 0, 0, 0, 0, 0, -0.0030401193, -0.0029945732, -0.0031201707, -0.0033893215, -0.0035375922, -0.0038294203, -0.004103296, -0.004233133, -0.00448052, -0.0047138873, -0.004935979, -0.005043652, -0.005253808, -0.0054582367, -0.0055587133, -0.005756532, -0.005951131, -0.0061443667, -0.00624096, -0.0064342166, -0.0066266875, -0.0067220004, -0.00690914, -0.0070902472, -0.007178172, -0.0073481337, -0.0075103347, -0.00766545, -0.0077407225, -0.007887217, -0.008028815, -0.008097932, -0.008232655, -0.008361615, -0.008483207, -0.008540869, -0.008649524, -0.0087484075, -0.008793779, -0.008875994, -0.0089466525, -0.008977548, -0.009030309, -0.009070173, -0.009096362, -0.009104025, -0.009108097, -0.009096522, -0.009084767, -0.009049927, -0.009000543, -0.008937706, -0.008901738, -0.008821359, -0.008730666, -0.008681671, -0.0085766, -0.008462036, -0.008400724, -0.008268725, -0.008122082, -0.0079590585, -0.007870722, -0.0076779216, -0.007459125, -0.007337841, -0.007066588, -0.0067499173, -0.0063787857, -0.006169821, -0.005701823, -0.0051789614, -0.0049150838, -0.00448483, -0.004424728
0, 0, 0, 0, 0, 0, 0, 0, 0, 0, 0, 0, 0, 0, 0, 0, 0, 0, 0, 0, 0, 0, 0, 0, 0, 0, 0, 0, 0, 0, 0, 0, 0, 0, 0, 0, 0, 0, 0, 0, 0, 0, 0, 0, 0, 0, 0, 0, 0, 0, 0, 0, 0, 0, 0, 0, 0, 0, 0, 0, 0, 0, 0, 0, 0, 0, 0, 0, 0, 0, 0, 0, 0, 0, 0, -0.003047062, -0.0030024482, -0.0031317705, -0.0034064706, -0.003557957, -0.0038568848, -0.004138629, -0.004272553, -0.0045280964, -0.0047695735, -0.004999785, -0.005111482, -0.0053297244, -0.0055423486, -0.0056468765, -0.0058528874, -0.0060556172, -0.0062567894, -0.006357164, -0.0065577175, -0.0067567793, -0.006855011, -0.0070474595, -0.0072330376, -0.007322773, -0.007495614, -0.007659703, -0.007816099, -0.007891871, -0.008039488, -0.008182935, -0.008253504, -0.008392169, -0.008525845, -0.0086517325, -0.008710976, -0.00882109, -0.0089190975, -0.008963311, -0.009042385, -0.009109756, -0.009139315, -0.009190223, -0.00922949, -0.009256021, -0.009264151, -0.00926945, -0.00925919, -0.009248108, -0.009214011, -0.009164277, -0.009099515, -0.009061803, -0.008976565, -0.008879162, -0.008826132, -0.008711973, -0.008586621, -0.008519302, -0.008373689, -0.008211662, -0.008031872, -0.0079349475, -0.007725576, -0.0074922913, -0.007365122, -0.007085843, -0.0067683035, -0.0064054793, -0.006204642, -0.0057612215, -0.0052729426, -0.005029404, -0.004643588, -0.004629511
0, 0, 0, 0, 0, 0, 0, 0, 0, 0, 0, 0, 0, 0, 0, 0, 0, 0, 0, 0, 0, 0, 0, 0, 0, 0, 0, 0, 0, 0, 0, 0, 0, 0, 0, 0, 0, 0, 0, 0, 0, 0, 0, 0, 0, 0, 0, 0, 0, 0, 0, 0, 0, 0, 0, 0, 0, 0, 0, 0, 0, 0, 0, 0, 0, 0, 0, 0, 0, 0, 0, 0, 0, 0, 0, -0.0030263995, -0.00298288, -0.0031156149, -0.003396279, -0.003551734, -0.0038598382, -0.0041517704, -0.0042909477, -0.0045570023, -0.0048089502, -0.005049696, -0.0051666885, -0.005395326, -0.005618227, -0.005727823, -0.005943599, -0.0061556166, -0.0063654175, -0.0064699966, -0.0066786697, -0.006885635, -0.006987859, -0.007188233, -0.007381503, -0.0074749133, -0.0076545742, -0.007824391, -0.00798515, -0.00806248, -0.00821206, -0.008356316, -0.008426987, -0.008565663, -0.008699103, -0.008823988, -0.008882191, -0.008988492, -0.0090801045, -0.009120292, -0.0091900835, -0.009247375, -0.009271821, -0.009312978, -0.009343726, -0.009363305, -0.009368604, -0.009369061, -0.009354608, -0.0093413945, -0.00930241, -0.009246496, -0.0091737, -0.009131148, -0.009034648, -0.008923937, -0.008863528, -0.008732968, -0.008588985, -0.0085116215, -0.008344606, -0.008159619, -0.00795619, -0.00784757, -0.007616462, -0.0073657366, -0.0072323, -0.0069470913, -0.0066347397, -0.006291424, -0.006106753, -0.0057108747, -0.0052950084, -0.005099316, -0.0048383754, -0.0049789394
0, 0, 0, 0, 0, 0, 0, 0, 0, 0, 0, 0, 0, 0, 0, 0, 0, 0, 0, 0, 0, 0, 0, 0, 0, 0, 0, 0, 0, 0, 0, 0, 0, 0, 0, 0, 0, 0, 0, 0, 0, 0, 0, 0, 0, 0, 0, 0, 0, 0, 0, 0, 0, 0, 0, 0, 0, 0, 0, 0, 0, 0, 0, 0, 0, 0, 0, 0, 0, 0, 0, 0, 0, 0, 0, -0.0029739714, -0.0029326198, -0.0030722276, -0.0033639693, -0.0035261754, -0.0038489422, -0.0041555124, -0.0043016276, -0.0045810756, -0.0048457803, -0.005098793, -0.0052218135, -0.005462265, -0.0056964885, -0.005811512, -0.006037224, -0.0062581087, -0.0064758128, -0.006584125, -0.0068001277, -0.0070148786, -0.0071213916, -0.0073311217, -0.0075345347, -0.0076331506, -0.007823099, -0.008002205, -0.008170345, -0.008250392, -0.008403141, -0.008547751, -0.008617502, -0.008752726, -0.008880956, -0.008999376, -0.009053872, -0.009151697, -0.009233178, -0.009267669, -0.009324916, -0.009368556, -0.009385885, -0.009412844, -0.009429895, -0.0094370525, -0.009436556, -0.009426195, -0.0094014, -0.00938282, -0.009332543, -0.009263853, -0.009176786, -0.009126482, -0.009013085, -0.00888369, -0.008813251, -0.008660943, -0.008492946, -0.008402691, -0.008208871, -0.007996119, -0.0077647795, -0.0076425946, -0.007386253, -0.007114727, -0.0069731767, -0.0066777663, -0.006364508, -0.0060314275, -0.005857155, -0.005496131, -0.0051464066, -0.0050052176, -0.004939437, -0.0054585785
0, 0, 0, 0, 0, 0, 0, 0, 0, 0, 0, 0, 0, 0, 0, 0, 0, 0, 0, 0, 0, 0, 0, 0, 0, 0, 0, 0, 0, 0, 0, 0, 0, 0, 0, 0, 0, 0, 0, 0, 0, 0, 0, 0, 0, 0, 0, 0, 0, 0, 0, 0, 0, 0, 0, 0, 0, 0, 0, 0, 0, 0, 0, 0, 0, 0, 0, 0, 0, 0, 0, 0, 0, 0, 0, -0.0028965415, -0.0028608534, -0.0030170183, -0.0033295227, -0.0035025582, -0.0038460516, -0.0041711153, -0.0043255757, -0.0046200072, -0.0048982278, -0.005163855, -0.00529294, -0.0055451626, -0.0057903547, -0.005910439, -0.0061456794, -0.0063747037, -0.0065992163, -0.006710497, -0.0069324393, -0.0071539134, -0.0072641517, -0.0074827434, -0.007696311, -0.0078003528, -0.008001296, -0.008190636, -0.008366977, -0.008450071, -0.008606494, -0.008750949, -0.00881926, -0.008948786, -0.009068528, -0.009176679, -0.009225571, -0.009311645, -0.009380937, -0.00940914, -0.009453333, -0.009483041, -0.009493192, -0.0095049925, -0.00950652, -0.009498203, -0.00949001, -0.009464411, -0.009423895, -0.009397204, -0.009329876, -0.009243105, -0.009136862, -0.009076623, -0.00894262, -0.008791436, -0.008709623, -0.008533218, -0.008339304, -0.008235453, -0.008013521, -0.007772439, -0.0075131026, -0.007377352, -0.007095241, -0.006800613, -0.006648718, -0.006335332, -0.0060073542, -0.0056622005, -0.0054826266, -0.005112953, -0.0047622914, -0.0046305694, -0.004662718, -0.005728359
0, 0, 0, 0, 0, 0, 0, 0, 0, 0, 0, 0, 0, 0, 0, 0, 0, 0, 0, 0, 0, 0, 0, 0, 0, 0, 0, 0, 0, 0, 0, 0, 0, 0, 0, 0, 0, 0, 0, 0, 0, 0, 0, 0, 0, 0, 0, 0, 0, 0, 0, 0, 0, 0, 0, 0, 0, 0, 0, 0, 0, 0, 0, 0, 0, 0, 0, 0, 0, 0, 0, 0, 0, 0, 0, -0.002828161, -0.0028054158, -0.0029926486, -0.0033333332, -0.003518488, -0.0038822836, -0.004223445, -0.004384865, -0.0046915095, -0.0049807266, -0.005256839, -0.005391033, -0.0056532747, -0.005908311, -0.006033212, -0.0062777433, -0.006514901, -0.006746057, -0.006860139, -0.0070869955, -0.007313118, -0.007425941, -0.0076501565, -0.007870211, -0.007977802, -0.008186011, -0.008382411, -0.008564519, -0.00864972, -0.00880823, -0.008951672, -0.0090181865, -0.009141365, -0.009251722, -0.009348324, -0.009391011, -0.009464661, -0.009521963, -0.009544432, -0.009577456, -0.009595737, -0.009599894, -0.009598803, -0.009586248, -0.00956267, -0.009546475, -0.009504052, -0.009445448, -0.009409291, -0.009322139, -0.009214762, -0.009087378, -0.009016455, -0.008860857, -0.0086875735, -0.0085944105, -0.008394887, -0.008176982, -0.008060881, -0.007814153, -0.0075483597, -0.007265157, -0.007117765, -0.0068130796, -0.006496327, -0.006333382, -0.005997124, -0.00564427, -0.005270207, -0.005073727, -0.0046621007, -0.004246329, -0.004061273, -0.0038545984, -0.0040096976
0, 0, 0, 0, 0, 0, 0, 0, 0, 0, 0, 0, 0, 0, 0, 0, 0, 0, 0, 0, 0, 0, 0, 0, 0, 0, 0, 0, 0, 0, 0, 0, 0, 0, 0, 0, 0, 0, 0, 0, 0, 0, 0, 0, 0, 0, 0, 0, 0, 0, 0, 0, 0, 0, 0, 0, 0, 0, 0, 0, 0, 0, 0, 0, 0, 0, 0, 0, 0, 0, 0, 0, 0, 0, 0, -0.002855398, -0.0028518129, -0.0030693072, -0.0034261672, -0.00361582, -0.003985359, -0.004330355, -0.0044935243, -0.004804, -0.0050977743, -0.005379553, -0.005516996, -0.005786584, -0.0060501457, -0.0061796494, -0.0064336597, -0.0066798422, -0.0069185807, -0.0070357216, -0.0072668814, -0.007495231, -0.0076086214, -0.007833104, -0.0080531165, -0.008160642, -0.008368781, -0.008565357, -0.008747533, -0.008832621, -0.0089900335, -0.009130946, -0.00919536, -0.00931273, -0.009414795, -0.009501352, -0.009538802, -0.0096021965, -0.009650356, -0.009668764, -0.009694289, -0.009705183, -0.0097054, -0.009695718, -0.009673199, -0.0096377935, -0.009615024, -0.009557958, -0.00948296, -0.009438018, -0.009332403, -0.009205965, -0.009059329, -0.00897878, -0.00880383, -0.008611117, -0.008508274, -0.008289461, -0.008052521, -0.007927021, -0.0076618935, -0.0073785787, -0.0070789363, -0.0069235223, -0.0066029094, -0.0062692426, -0.006097107, -0.0057401694, -0.0053628753, -0.004960207, -0.0047480124, -0.0043023787, -0.0038484635, -0.0036412696, -0.0033782034, -0.003481746
0, 0, 0, 0, 0, 0, 0, 0, 0, 0, 0, 0, 0, 0, 0, 0, 0, 0, 0, 0, 0, 0, 0, 0, 0, 0, 0, 0, 0, 0, 0, 0, 0, 0, 0, 0, 0, 0, 0, 0, 0, 0, 0, 0, 0, 0, 0, 0, 0, 0, 0, 0, 0, 0, 0, 0, 0, 0, 0, 0, 0, 0, 0, 0, 0, 0, 0, 0, 0, 0, 0, 0, 0, 0, 0, -0.0031607822, -0.0031344555, -0.0033076743, -0.0036321036, -0.0038091345, -0.004158865, -0.0044904323, -0.0046487465, -0.004952761, -0.005243633, -0.005525567, -0.0056641656, -0.005938125, -0.00620845, -0.006342053, -0.006605013, -0.0068604914, -0.007107172, -0.00722731, -0.0074618715, -0.0076898406, -0.007801718, -0.0080209505, -0.008233821, -0.00833741, -0.008537814, -0.008727107, -0.008903031, -0.008985429, -0.009138208, -0.009274931, -0.009337181, -0.00944963, -0.009545887, -0.009625937, -0.00966015, -0.009717512, -0.009760819, -0.009777268, -0.009799561, -0.009807483, -0.009806027, -0.009792504, -0.009765106, -0.009723487, -0.009696842, -0.009630437, -0.009544455, -0.009493492, -0.009375113, -0.009235221, -0.0090748295, -0.008987303, -0.008798336, -0.008591686, -0.008482023, -0.008250173, -0.008001364, -0.007870333, -0.007595281, -0.007303648, -0.006996765, -0.0068380306, -0.006510317, -0.006167961, -0.005990535, -0.005620834, -0.005227893, -0.004808261, -0.004588074, -0.0041309977, -0.0036780152, -0.0034787618, -0.0032491996, -0.0033911066
0, 0, 0, 0, 0, 0, 0, 0, 0, 0, 0, 0, 0, 0, 0, 0, 0, 0, 0, 0, 0, 0, 0, 0, 0, 0, 0, 0, 0, 0, 0, 0, 0, 0, 0, 0, 0, 0, 0, 0, 0, 0, 0, 0, 0, 0, 0, 0, 0, 0, 0, 0, 0, 0, 0, 0, 0, 0, 0, 0, 0, 0, 0, 0, 0, 0, 0, 0, 0, 0, 0, 0, 0, 0, -0.0053644567, -0.003913178, -0.0036578556, -0.0036446895, -0.0038962783, -0.004050885, -0.004368858, -0.0046793977, -0.004830033, -0.005122875, -0.0054069404, -0.0056855488, -0.005823721, -0.006099169, -0.006373323, -0.006509616, -0.0067786383, -0.0070404448, -0.007292494, -0.0074143438, -0.0076497896, -0.007874608, -0.007983347, -0.008193814, -0.008395455, -0.008493052, -0.008681219, -0.008859169, -0.009025329, -0.009103578, -0.009249457, -0.009381063, -0.009441333, -0.0095503675, -0.0096436925, -0.009721241, -0.009754365, -0.009810089, -0.00985278, -0.009869331, -0.009892338, -0.009901182, -0.009899992, -0.0098866755, -0.009858996, -0.009816295, -0.009788676, -0.009719473, -0.009629786, -0.009576749, -0.009454031, -0.009309183, -0.009143146, -0.00905256, -0.008857075, -0.008643897, -0.008531234, -0.008294395, -0.008042278, -0.007910363, -0.007634964, -0.007344678, -0.007040273, -0.0068828794, -0.0065571126, -0.0062149907, -0.006036883, -0.0056640967, -0.0052660964, -0.0048410734, -0.0046186936, -0.0041608284, -0.0037162325, -0.0035259335, -0.0033226982, -0.0034872815
0, 0, 0, 0, 0, 0, 0, 0, 0, 0, 0, 0, 0, 0, 0, 0, 0, 0, 0, 0, 0, 0, 0, 0, 0, 0, 0, 0, 0, 0, 0, 0, 0, 0, 0, 0, 0, 0, 0, 0, 0, 0, 0, 0, 0, 0, 0, 0, 0, 0, 0, 0, 0, 0, 0, 0, 0, 0, 0, 0, 0, 0, 0, 0, 0, 0, 0, 0, 0, 0, 0, 0, 0, 0, -0.004491077, -0.003901498, -0.003774584, -0.0038384062, -0.0040979274, -0.004250066, -0.0045599095, -0.0048619164, -0.0050088204, -0.0052953963, -0.0055748513, -0.0058503808, -0.0059876405, -0.006261893, -0.006535561, -0.006671652, -0.0069403783, -0.0072016795, -0.0074524633, -0.0075732614, -0.007805092, -0.0080239475, -0.008128771, -0.008329999, -0.008520946, -0.008612883, -0.008789634, -0.008956975, -0.00911399, -0.009188272, -0.009327898, -0.009455005, -0.009513774, -0.009621137, -0.009714247, -0.00979278, -0.009826697, -0.00988468, -0.009930198, -0.009948454, -0.009975135, -0.00998749, -0.009987997, -0.009977752, -0.009952845, -0.00991249, -0.00988601, -0.009819195, -0.009732525, -0.009681302, -0.009562488, -0.009421533, -0.009258703, -0.009169345, -0.008975952, -0.008764737, -0.008653392, -0.008420366, -0.008174158, -0.008046107, -0.0077799386, -0.0075001484, -0.007206862, -0.007054873, -0.006738943, -0.0064047086, -0.006229741, -0.005861725, -0.0054667103, -0.0050423536, -0.004819374, -0.004358372, -0.0039094267, -0.003717233, -0.0035136214, -0.003686636
0, 0, 0, 0, 0, 0, 0, 0, 0, 0, 0, 0, 0, 0, 0, 0, 0, 0, 0, 0, 0, 0, 0, 0, 0, 0, 0, 0, 0, 0, 0, 0, 0, 0, 0, 0, 0, 0, 0, 0, 0, 0, 0, 0, 0, 0, 0, 0, 0, 0, 0, 0, 0, 0, 0, 0, 0, 0, 0, 0, 0, 0, 0, 0, 0, 0, 0, 0, 0, 0, 0, 0, 0, 0, -0.0038694565, -0.0036158033, -0.0036264625, -0.0038551292, -0.0041911765, -0.004364582, -0.004699135, -0.0050130826, -0.005163368, -0.0054536914, -0.0057344725, -0.006009404, -0.0061456426, -0.0064162775, -0.006684264, -0.0068168086, -0.00707739, -0.0073296297, -0.0075712977, -0.0076876166, -0.0079108635, -0.008121548, -0.00822243, -0.008416007, -0.008599577, -0.008687821, -0.00885761, -0.009018298, -0.009169454, -0.009241175, -0.009376564, -0.009500985, -0.009559027, -0.009666375, -0.009761429, -0.009843586, -0.009879836, -0.009943179, -0.009994432, -0.010015527, -0.010047832, -0.01006559, -0.01006866, -0.010063279, -0.010042691, -0.010006551, -0.009982279, -0.0099207135, -0.009840963, -0.009793994, -0.009684793, -0.009554418, -0.009402129, -0.0093179885, -0.009134734, -0.008933988, -0.008828188, -0.008607402, -0.008375553, -0.008255467, -0.008006461, -0.007744651, -0.0074689076, -0.007325223, -0.0070246076, -0.006703297, -0.006533965, -0.0061756005, -0.0057877842, -0.0053666728, -0.00514302, -0.0046742302, -0.004207911, -0.0040046526, -0.0037829247, -0.0039593647
0, 0, 0, 0, 0, 0, 0, 0, 0, 0, 0, 0, 0, 0, 0, 0, 0, 0, 0, 0, 0, 0, 0, 0, 0, 0, 0, 0, 0, 0, 0, 0, 0, 0, 0, 0, 0, 0, 0, 0, 0, 0, 0, 0, 0, 0, 0, 0, 0, 0, 0, 0, 0, 0, 0, 0, 0, 0, 0, 0, 0, 0, 0, 0, 0, 0, 0, 0, 0, 0, 0, 0, 0, 0, -0.0035177635, -0.003408187, -0.0034934746, -0.003831823, -0.0042342884, -0.0044302153, -0.004796259, -0.0051300656, -0.005287245, -0.0055873734, -0.005873237, -0.006149203, -0.006284204, -0.006549163, -0.0068074665, -0.006933843, -0.007180387, -0.007417642, -0.007644885, -0.0077545997, -0.007966227, -0.008167753, -0.008264984, -0.008452793, -0.008632004, -0.008718429, -0.008884886, -0.00904254, -0.009190712, -0.009260957, -0.00939386, -0.009516739, -0.009574441, -0.009682557, -0.009780536, -0.009867834, -0.0099073695, -0.00997813, -0.010037282, -0.010062221, -0.01010201, -0.010126804, -0.010133251, -0.010133984, -0.010118855, -0.010087798, -0.010066168, -0.010010672, -0.009939114, -0.009897158, -0.009799935, -0.009683401, -0.00954622, -0.009469988, -0.009303002, -0.009119411, -0.009022489, -0.008820179, -0.008608277, -0.008498748, -0.00827154, -0.008031634, -0.0077766893, -0.0076427176, -0.0073596872, -0.007053577, -0.006890813, -0.006544147, -0.0061658644, -0.0057507916, -0.005527935, -0.005053857, -0.0045708306, -0.0043561948, -0.0041171615, -0.004303
0, 0, 0, 0, 0, 0, 0, 0, 0, 0, 0, 0, 0, 0, 0, 0, 0, 0, 0, 0, 0, 0, 0, 0, 0, 0, 0, 0, 0, 0, 0, 0, 0, 0, 0, 0, 0, 0, 0, 0, 0, 0, 0, 0, 0, 0, 0, 0, 0, 0, 0, 0, 0, 0, 0, 0, 0, 0, 0, 0, 0, 0, 0, 0, 0, 0, 0, 0, 0, 0, 0, 0, 0, 0, -0.0035789101, -0.003480923, -0.0035620874, -0.0038967703, -0.004303962, -0.0045043686, -0.0048811496, -0.005225014, -0.005386542, -0.005693203, -0.0059824693, -0.0062576896, -0.006390702, -0.0066483044, -0.0068952455, -0.007014818, -0.007246202, -0.0074676136, -0.007679759, -0.007782724, -0.007982679, -0.008175502, -0.008269369, -0.00845199, -0.008627614, -0.008712631, -0.00887647, -0.009031634, -0.009177261, -0.009246307, -0.009376787, -0.009497636, -0.009554723, -0.009662782, -0.009762813, -0.009854744, -0.009897554, -0.009976156, -0.010044212, -0.010073688, -0.01012225, -0.010155409, -0.010165792, -0.010173826, -0.0101649435, -0.010139504, -0.010120753, -0.010071925, -0.010008727, -0.009971729, -0.009886437, -0.009784307, -0.009663535, -0.009596116, -0.009448054, -0.009284519, -0.009197827, -0.009016636, -0.008826143, -0.00872745, -0.008522137, -0.008303699, -0.008068763, -0.007943952, -0.0076772035, -0.0073849335, -0.0072283056, -0.006892622, -0.006524507, -0.0061190017, -0.0059004994, -0.0054334397, -0.004955213, -0.0047437893, -0.004522327, -0.00474743
0, 0, 0, 0, 0, 0, 0, 0, 0, 0, 0, 0, 0, 0, 0, 0, 0, 0, 0, 0, 0, 0, 0, 0, 0, 0, 0, 0, 0, 0, 0, 0, 0, 0, 0, 0, 0, 0, 0, 0, 0, 0, 0, 0, 0, 0, 0, 0, 0, 0, 0, 0, 0, 0, 0, 0, 0, 0, 0, 0, 0, 0, 0, 0, 0, 0, 0, 0, 0, 0, 0, 0, 0, 0, -0.0046340954, -0.0038522375, -0.003817865, -0.004048739, -0.004414773, -0.0046045487, -0.0049704136, -0.0053101145, -0.005470567, -0.005775175, -0.006061313, -0.0063313446, -0.0064608394, -0.0067097275, -0.006945995, -0.00705961, -0.00727839, -0.0074870624, -0.007687315, -0.0077848653, -0.007975326, -0.008160266, -0.008250709, -0.008427331, -0.008597802, -0.008680401, -0.008839701, -0.008990499, -0.009132067, -0.009199136, -0.009325814, -0.009443412, -0.0094991205, -0.00960522, -0.009704929, -0.009799111, -0.009844038, -0.009928749, -0.010004666, -0.010038395, -0.010095435, -0.01013679, -0.010150982, -0.010166116, -0.01016352, -0.010144089, -0.0101286, -0.010087001, -0.01003221, -0.010000005, -0.009925624, -0.009836439, -0.00973069, -0.009671509, -0.009541236, -0.009396522, -0.009319453, -0.009157293, -0.008985403, -0.0088958135, -0.00870849, -0.008507257, -0.008287734, -0.008169667, -0.007914422, -0.007631114, -0.0074782865, -0.007149406, -0.0067879697, -0.006390967, -0.0061783586, -0.005730363, -0.0052917735, -0.005114535, -0.005005395, -0.005367702
0, 0, 0, 0, 0, 0, 0, 0, 0, 0, 0, 0, 0, 0, 0, 0, 0, 0, 0, 0, 0, 0, 0, 0, 0, 0, 0, 0, 0, 0, 0, 0, 0, 0, 0, 0, 0, 0, 0, 0, 0, 0, 0, 0, 0, 0, 0, 0, 0, 0, 0, 0, 0, 0, 0, 0, 0, 0, 0, 0, 0, 0, 0, 0, 0, 0, 0, 0, 0, 0, 0, 0, 0, 0, -0.004232302, -0.0038833423, -0.003906628, -0.004164551, -0.0045229727, -0.004706599, -0.005060351, -0.005389582, -0.0055451365, -0.0058401604, -0.0061165914, -0.0063768798, -0.00650156, -0.0067408513, -0.0069677914, -0.007076852, -0.007286709, -0.0074866246, -0.007678702, -0.0077722683, -0.007955373, -0.008133014, -0.008219746, -0.008388947, -0.008551897, -0.008630822, -0.008782976, -0.008927121, -0.009062586, -0.009126806, -0.009248422, -0.009361414, -0.009415007, -0.0095173055, -0.009614215, -0.009707355, -0.0097526, -0.009839509, -0.009919488, -0.009955666, -0.010018027, -0.010064727, -0.010081585, -0.010101802, -0.010104379, -0.010090648, -0.010078311, -0.010043611, -0.00999665, -0.009968595, -0.0099033415, -0.009824565, -0.009730855, -0.009678238, -0.009562034, -0.009432049, -0.009362342, -0.009214227, -0.00905538, -0.00897204, -0.008796348, -0.00860554, -0.008394581, -0.0082798675, -0.008029366, -0.0077485177, -0.0075961156, -0.007266676, -0.006902892, -0.00650295, -0.006289901, -0.005850459, -0.005459565, -0.0053414507, -0.0054926462, -0.006284274
0, 0, 0, 0, 0, 0, 0, 0, 0, 0, 0, 0, 0, 0, 0, 0, 0, 0, 0, 0, 0, 0, 0, 0, 0, 0, 0, 0, 0, 0, 0, 0, 0, 0, 0, 0, 0, 0, 0, 0, 0, 0, 0, 0, 0, 0, 0, 0, 0, 0, 0, 0, 0, 0, 0, 0, 0, 0, 0, 0, 0, 0, 0, 0, 0, 0, 0, 0, 0, 0, 0, 0, 0, 0, -0.0037921795, -0.0037663488, -0.0038819555, -0.004228638, -0.004611102, -0.0047961837, -0.0051440275, -0.0054622884, -0.0056115678, -0.0058937185, -0.0061574397, -0.006405912, -0.0065252744, -0.0067551136, -0.0069741225, -0.0070797, -0.0072832485, -0.0074772746, -0.0076632183, -0.007753671, -0.007929821, -0.008100004, -0.008182659, -0.00834329, -0.008497467, -0.00857213, -0.008716132, -0.008852675, -0.008981271, -0.009042386, -0.0091581615, -0.009265595, -0.009316508, -0.009413396, -0.009505231, -0.009593816, -0.009637155, -0.009721205, -0.009799265, -0.009834873, -0.009896701, -0.00994385, -0.009961203, -0.009983106, -0.009988186, -0.009978043, -0.009967866, -0.009938323, -0.009897132, -0.009872204, -0.009813342, -0.009741649, -0.00965584, -0.009607599, -0.009500658, -0.009380211, -0.009315119, -0.009175425, -0.009023495, -0.008942935, -0.00877193, -0.008584297, -0.008374846, -0.008260229, -0.0080085555, -0.007724432, -0.007569634, -0.0072330846, -0.0068579363, -0.006440392, -0.006215593, -0.0057480363, -0.005338329, -0.0052343453, -0.0056143524, -0.007570761
0, 0, 0, 0, 0, 0, 0, 0, 0, 0, 0, 0, 0, 0, 0, 0, 0, 0, 0, 0, 0, 0, 0, 0, 0, 0, 0, 0, 0, 0, 0, 0, 0, 0, 0, 0, 0, 0, 0, 0, 0, 0, 0, 0, 0, 0, 0, 0, 0, 0, 0, 0, 0, 0, 0, 0, 0, 0, 0, 0, 0, 0, 0, 0, 0, 0, 0, 0, 0, 0, 0, 0, 0, 0, -0.0037736308, -0.003813159, -0.0039487327, -0.004314064, -0.0046975715, -0.004879605, -0.0052179447, -0.005524375, -0.0056674, -0.005937029, -0.006188929, -0.006427019, -0.0065418174, -0.006763941, -0.006976773, -0.0070797773, -0.0072785285, -0.007467796, -0.007648255, -0.007735503, -0.007904488, -0.008066564, -0.008145043, -0.008297219, -0.008443348, -0.008514166, -0.008651288, -0.008781431, -0.008903742, -0.008961726, -0.009071087, -0.009171859, -0.009219276, -0.009309024, -0.00939308, -0.0094734095, -0.009512504, -0.009588164, -0.009658076, -0.009689797, -0.009744908, -0.009786842, -0.009802199, -0.009821396, -0.009825533, -0.009815883, -0.009806393, -0.009778888, -0.009740192, -0.00971658, -0.009660309, -0.009591412, -0.009509128, -0.009462947, -0.009360283, -0.009244111, -0.009180916, -0.009044259, -0.0088937385, -0.008813135, -0.008640469, -0.008449645, -0.00823596, -0.008118938, -0.007862025, -0.0075718616, -0.0074136765, -0.0070691267, -0.0066831294, -0.0062487964, -0.006011686, -0.0055045383, -0.0050109224, -0.004822788, -0.0047471644, 0
0, 0, 0, 0, 0, 0, 0, 0, 0, 0, 0, 0, 0, 0, 0, 0, 0, 0, 0, 0, 0, 0, 0, 0, 0, 0, 0, 0, 0, 0, 0, 0, 0, 0, 0, 0, 0, 0, 0, 0, 0, 0, 0, 0, 0, 0, 0, 0, 0, 0, 0, 0, 0, 0, 0, 0, 0, 0, 0, 0, 0, 0, 0, 0, 0, 0, 0, 0, 0, 0, 0, 0, 0, -0.005863833, -0.004360851, -0.004052359, -0.0041232263, -0.0044230837, -0.004774828, -0.0049466123, -0.005270156, -0.0055658366, -0.005704211, -0.0059654876, -0.006210005, -0.006442086, -0.006554256, -0.006772085, -0.0069813123, -0.0070825256, -0.007277848, -0.007463196, -0.0076387953, -0.0077232188, -0.00788586, -0.008040981, -0.008116005, -0.008261472, -0.008401698, -0.008469899, -0.008602071, -0.008727497, -0.008844441, -0.008899294, -0.009001482, -0.009093707, -0.009136528, -0.009216454, -0.009289898, -0.009358585, -0.009391529, -0.009454485, -0.009511674, -0.009537223, -0.009580893, -0.009612925, -0.009624212, -0.009636972, -0.009637001, -0.009624965, -0.0096147265, -0.009585943, -0.009546007, -0.009521652, -0.009463668, -0.009393071, -0.009309529, -0.009262815, -0.009159295, -0.009042077, -0.008978166, -0.00883931, -0.008685094, -0.008601886, -0.008422427, -0.0082233595, -0.008001002, -0.007879763, -0.00761503, -0.0073181335, -0.007157193, -0.00680861, -0.006421736, -0.0059910016, -0.005758303, -0.0052678827, -0.0048092008, -0.004648558, -0.004649182, 0
0, 0, 0, 0, 0, 0, 0, 0, 0, 0, 0, 0, 0, 0, 0, 0, 0, 0, 0, 0, 0, 0, 0, 0, 0, 0, 0, 0, 0, 0, 0, 0, 0, 0, 0, 0, 0, 0, 0, 0, 0, 0, 0, 0, 0, 0, 0, 0, 0, 0, 0, 0, 0, 0, 0, 0, 0, 0, 0, 0, 0, 0, 0, 0, 0, 0, 0, 0, 0, 0, 0, 0, 0, -0.004826077, -0.004207042, -0.004074616, -0.00415884, -0.004452424, -0.0047924872, -0.0049601444, -0.005278976, -0.0055729775, -0.005711155, -0.0059722518, -0.006216718, -0.0064488114, -0.0065610716, -0.006778874, -0.006987612, -0.007088363, -0.007282461, -0.007466105, -0.007639762, -0.007722998, -0.007882956, -0.008035148, -0.008108592, -0.008250773, -0.008387561, -0.008454065, -0.008582537, -0.008703308, -0.0088142855, -0.008865538, -0.008959149, -0.0090413075, -0.0090785995, -0.009146578, -0.009207275, -0.009262462, -0.009288381, -0.009336906, -0.009379597, -0.009398101, -0.009428163, -0.009447941, -0.009453896, -0.009457817, -0.009451281, -0.009434503, -0.009422287, -0.009389622, -0.00934529, -0.009318542, -0.009255261, -0.00917883, -0.009089294, -0.009039482, -0.008929885, -0.0088063385, -0.008739009, -0.008592561, -0.008429496, -0.0083412845, -0.008150536, -0.007939007, -0.0077044945, -0.0075774794, -0.0073024943, -0.006998279, -0.006835003, -0.0064856154, -0.0061054016, -0.005694132, -0.005478764, -0.0050516534, -0.004734133, -0.0046996623, -0.0051074657, 0
0, 0, 0, 0, 0, 0, 0, 0, 0, 0, 0, 0, 0, 0, 0, 0, 0, 0, 0, 0, 0, 0, 0, 0, 0, 0, 0, 0, 0, 0, 0, 0, 0, 0, 0, 0, 0, 0, 0, 0, 0, 0, 0, 0, 0, 0, 0, 0, 0, 0, 0, 0, 0, 0, 0, 0, 0, 0, 0, 0, 0, 0, 0, 0, 0, 0, 0, 0, 0, 0, 0, 0, 0, -0.004055138, -0.0037737854, -0.003858982, -0.00399936, -0.004352695, -0.004721579, -0.0048990264, -0.0052335653, -0.005540278, -0.0056840503, -0.0059550838, -0.006207956, -0.0064468854, -0.0065620122, -0.006784503, -0.0069966624, -0.007098784, -0.007295211, -0.007481474, -0.0076580364, -0.007742889, -0.007905929, -0.008060659, -0.008135082, -0.008278155, -0.008414137, -0.0084794415, -0.0086040925, -0.008719216, -0.008822707, -0.008869733, -0.008953756, -0.00902539, -0.009057057, -0.009113341, -0.009161902, -0.009204197, -0.00922343, -0.009258062, -0.009286579, -0.009297998, -0.009314312, -0.009321246, -0.009321221, -0.009314529, -0.00929926, -0.009275228, -0.009259691, -0.00922089, -0.009170285, -0.009140139, -0.009069469, -0.008984659, -0.008885656, -0.008830915, -0.008711014, -0.008576518, -0.008503413, -0.008344844, -0.008168441, -0.008073163, -0.007867621, -0.007640734, -0.0073910924, -0.0072570555, -0.006969988, -0.0066566854, -0.0064902487, -0.0061383853, -0.005762176, -0.005363941, -0.0051601133, -0.004773033, -0.0045478875, -0.004612377, -0.005579487, 0
0, 0, 0, 0, 0, 0, 0, 0, 0, 0, 0, 0, 0, 0, 0, 0, 0, 0, 0, 0, 0, 0, 0, 0, 0, 0, 0, 0, 0, 0, 0, 0, 0, 0, 0, 0, 0, 0, 0, 0, 0, 0, 0, 0, 0, 0, 0, 0, 0, 0, 0, 0, 0, 0, 0, 0, 0, 0, 0, 0, 0, 0, 0, 0, 0, 0, 0, 0, 0, 0, 0, 0, 0, -0.0035139539, -0.003363842, -0.0035754882, -0.0037620051, -0.0041809604, -0.004593374, -0.0047876863, -0.0051497607, -0.0054789246, -0.0056326287, -0.0059214076, -0.0061897137, -0.0064414763, -0.006562092, -0.00679388, -0.0070137596, -0.0071194326, -0.0073227934, -0.007516546, -0.007701273, -0.007790306, -0.007961884, -0.00812413, -0.008201612, -0.008349301, -0.008486685, -0.008551545, -0.00867303, -0.008782495, -0.008878598, -0.008921498, -0.008996938, -0.009059686, -0.009086934, -0.009134341, -0.00917349, -0.0092055565, -0.009219306, -0.009241953, -0.009257528, -0.009262254, -0.009264972, -0.009258604, -0.009252013, -0.009232659, -0.009205827, -0.009171436, -0.009151138, -0.009103471, -0.009044887, -0.009010774, -0.008931857, -0.008837716, -0.008728103, -0.008667665, -0.008535452, -0.008387824, -0.008307835, -0.008134927, -0.007943589, -0.007840584, -0.0076190713, -0.007376302, -0.007111367, -0.006970282, -0.0066702724, -0.0063463678, -0.0061755152, -0.0058164517, -0.0054351143, -0.0050346716, -0.004830847, -0.0044425614, -0.004180024, -0.004161055, -0.004397342, 0
0, 0, 0, 0, 0, 0, 0, 0, 0, 0, 0, 0, 0, 0, 0, 0, 0, 0, 0, 0, 0, 0, 0, 0, 0, 0, 0, 0, 0, 0, 0, 0, 0, 0, 0, 0, 0, 0, 0, 0, 0, 0, 0, 0, 0, 0, 0, 0, 0, 0, 0, 0, 0, 0, 0, 0, 0, 0, 0, 0, 0, 0, 0, 0, 0, 0, 0, 0, 0, 0, 0, 0, 0, -0.0031705883, -0.0030983067, -0.0033732138, -0.0035815286, -0.0040337136, -0.0044722543, -0.004678442, -0.0050623775, -0.00541228, -0.0055760383, -0.0058844155, -0.0061710877, -0.0064395736, -0.006567831, -0.006813241, -0.007045108, -0.007156432, -0.0073709628, -0.0075759124, -0.007772165, -0.007867045, -0.008049972, -0.008222737, -0.008304805, -0.008459469, -0.008601071, -0.0086668115, -0.0087879915, -0.008894811, -0.00898669, -0.009027016, -0.009097307, -0.009155155, -0.009179836, -0.009222181, -0.009255358, -0.009280161, -0.009289489, -0.009302118, -0.009306103, -0.009304606, -0.009294125, -0.009273761, -0.009259957, -0.009226072, -0.009184567, -0.009136335, -0.0091095725, -0.009049971, -0.008980886, -0.0089419, -0.008853601, -0.008749746, -0.008629687, -0.0085634915, -0.008419141, -0.00825879, -0.008172497, -0.007986812, -0.0077828877, -0.00767355, -0.007439644, -0.0071845506, -0.0069077495, -0.0067610363, -0.006450647, -0.006117139, -0.005941479, -0.005571721, -0.0051778923, -0.0047648614, -0.0045575364, -0.0041828277, -0.004005106, -0.0040802592, -0.004600028, 0
0, 0, 0, 0, 0, 0, 0, 0, 0, 0, 0, 0, 0, 0, 0, 0, 0, 0, 0, 0, 0, 0, 0, 0, 0, 0, 0, 0, 0, 0, 0, 0, 0, 0, 0, 0, 0, 0, 0, 0, 0, 0, 0, 0, 0, 0, 0, 0, 0, 0, 0, 0, 0, 0, 0, 0, 0, 0, 0, 0, 0, 0, 0, 0, 0, 0, 0, 0, 0, 0, 0, 0, 0, -0.0031502296, -0.0030896668, -0.0033434362, -0.0035407178, -0.003976814, -0.0044087926, -0.0046146438, -0.0050029405, -0.0053621572, -0.0055321753, -0.0058556423, -0.00615927, -0.0064454535, -0.006582347, -0.0068442724, -0.0070914654, -0.007209891, -0.007437812, -0.007655163, -0.007863248, -0.007963939, -0.008158362, -0.008342311, -0.008429569, -0.008593624, -0.008742687, -0.008811377, -0.008937036, -0.009046533, -0.009139691, -0.00918026, -0.009250404, -0.009307568, -0.009331869, -0.009372443, -0.009402532, -0.009422229, -0.009428156, -0.00943265, -0.009426818, -0.00941984, -0.009397797, -0.0093642995, -0.0093435375, -0.009294964, -0.009237845, -0.0091733, -0.009138511, -0.00906346, -0.008980132, -0.0089345705, -0.008834181, -0.008719066, -0.008587879, -0.0085161375, -0.008360756, -0.008189768, -0.008098584, -0.007904449, -0.007693544, -0.007581174, -0.0073417276, -0.0070814644, -0.0067996113, -0.0066504423, -0.0063352585, -0.0059968065, -0.005818179, -0.0054397294, -0.0050312346, -0.0045969854, -0.0043780548, -0.003993106, -0.003891014, -0.0041066133, -0.0054886867, 0
0, 0, 0, 0, 0, 0, 0, 0, 0, 0, 0, 0, 0, 0, 0, 0, 0, 0, 0, 0, 0, 0, 0, 0, 0, 0, 0, 0, 0, 0, 0, 0, 0, 0, 0, 0, 0, 0, 0, 0, 0, 0, 0, 0, 0, 0, 0, 0, 0, 0, 0, 0, 0, 0, 0, 0, 0, 0, 0, 0, 0, 0, 0, 0, 0, 0, 0, 0, 0, 0, 0, 0, 0, -0.0039720074, -0.0033564004, -0.0034628925, -0.003623645, -0.00401178, -0.0044137067, -0.004609169, -0.004984573, -0.0053396686, -0.0055104694, -0.005840402, -0.006155873, -0.0064571616, -0.0066022663, -0.0068808333, -0.0071438635, -0.007269673, -0.007510577, -0.007739214, -0.0079573095, -0.008062838, -0.008267055, -0.008460979, -0.008553423, -0.008727827, -0.008887103, -0.008960812, -0.0090956865, -0.009213252, -0.009313074, -0.009356455, -0.009431156, -0.009491528, -0.009516966, -0.009558722, -0.009588185, -0.009605387, -0.009609446, -0.009608887, -0.009596529, -0.009585861, -0.009555513, -0.009512713, -0.009486888, -0.0094266785, -0.009356074, -0.009276021, -0.009232629, -0.00913992, -0.00903876, -0.008984623, -0.008868005, -0.008738476, -0.008594277, -0.008516539, -0.008350348, -0.008170567, -0.008075918, -0.007876898, -0.007664119, -0.0075516715, -0.0073133754, -0.007055223, -0.006775804, -0.0066279704, -0.0063156146, -0.0059798094, -0.0058022644, -0.00542433, -0.0050107767, -0.0045605344, -0.004327348, -0.0038895714, -0.0036364195, -0.0036498753, 0, 0
0, 0, 0, 0, 0, 0, 0, 0, 0, 0, 0, 0, 0, 0, 0, 0, 0, 0, 0, 0, 0, 0, 0, 0, 0, 0, 0, 0, 0, 0, 0, 0, 0, 0, 0, 0, 0, 0, 0, 0, 0, 0, 0, 0, 0, 0, 0, 0, 0, 0, 0, 0, 0, 0, 0, 0, 0, 0, 0, 0, 0, 0, 0, 0, 0, 0, 0, 0, 0, 0, 0, 0, 0, -0.003616551, -0.003391988, -0.003567461, -0.0037277995, -0.0040940745, -0.0044678147, -0.004650248, -0.005003909, -0.0053446516, -0.0055111847, -0.0058382107, -0.006157401, -0.0064678676, -0.006618753, -0.0069102054, -0.0071861595, -0.0073179496, -0.0075694555, -0.007806723, -0.008031983, -0.008140922, -0.008351966, -0.00855373, -0.00865043, -0.008834391, -0.009004332, -0.009083518, -0.009229531, -0.009357724, -0.009467244, -0.009515094, -0.009597758, -0.009664503, -0.009692535, -0.0097384015, -0.009770908, -0.009790003, -0.00979463, -0.009794214, -0.009780932, -0.009769432, -0.009736589, -0.009690358, -0.009662305, -0.009596409, -0.009517402, -0.009425844, -0.009375491, -0.009266397, -0.009146792, -0.009083124, -0.008947775, -0.008800496, -0.008641049, -0.008556536, -0.008378557, -0.008189628, -0.008091461, -0.007887677, -0.0076732314, -0.0075612436, -0.007325931, -0.0070729726, -0.0068004406, -0.0066563757, -0.0063523063, -0.006026208, -0.005854098, -0.0054889102, -0.005090319, -0.004657623, -0.0044354377, -0.0040314565, -0.0038434626, -0.0039052514, 0, 0
0, 0, 0, 0, 0, 0, 0, 0, 0, 0, 0, 0, 0, 0, 0, 0, 0, 0, 0, 0, 0, 0, 0, 0, 0, 0, 0, 0, 0, 0, 0, 0, 0, 0, 0, 0, 0, 0, 0, 0, 0, 0, 0, 0, 0, 0, 0, 0, 0, 0, 0, 0, 0, 0, 0, 0, 0, 0, 0, 0, 0, 0, 0, 0, 0, 0, 0, 0, 0, 0, 0, 0, 0, -0.0033721735, -0.0033888766, -0.0036576448, -0.0038317116, -0.0041950555, -0.004548581, -0.004718987, -0.0050491053, -0.0053700665, -0.0055287806, -0.0058445446, -0.0061586583, -0.006468962, -0.006621501, -0.006918403, -0.007201166, -0.0073364046, -0.0075945226, -0.007837002, -0.008066271, -0.008176884, -0.008391326, -0.00859693, -0.008696166, -0.008886323, -0.009063899, -0.009147249, -0.009302248, -0.00944009, -0.009559382, -0.0096121235, -0.009704219, -0.00977985, -0.009812125, -0.009866144, -0.009906785, -0.009934014, -0.00994247, -0.009948927, -0.009941343, -0.009932284, -0.009903371, -0.009860014, -0.009832826, -0.0097674485, -0.009686791, -0.009590407, -0.009536278, -0.009416706, -0.009283073, -0.009211377, -0.009058826, -0.008894437, -0.008718992, -0.008627237, -0.008436253, -0.0082360795, -0.008132903, -0.00792058, -0.007699844, -0.007585794, -0.0073487046, -0.007097184, -0.0068289363, -0.00668787, -0.00639132, -0.006075437, -0.0059099616, -0.005562386, -0.0051905327, -0.0048016836, -0.0046142596, -0.0043366672, -0.0044228826, -0.0046897843, 0, 0
0, 0, 0, 0, 0, 0, 0, 0, 0, 0, 0, 0, 0, 0, 0, 0, 0, 0, 0, 0, 0, 0, 0, 0, 0, 0, 0, 0, 0, 0, 0, 0, 0, 0, 0, 0, 0, 0, 0, 0, 0, 0, 0, 0, 0, 0, 0, 0, 0, 0, 0, 0, 0, 0, 0, 0, 0, 0, 0, 0, 0, 0, 0, 0, 0, 0, 0, 0, 0, 0, 0, 0, -0.00478549, -0.0036954028, -0.0035458147, -0.0037894452, -0.0039561223, -0.004301661, -0.004633991, -0.0047932277, -0.0051012104, -0.0054014735, -0.0055507524, -0.0058497465, -0.0061505907, -0.0064515797, -0.0066009266, -0.0068941936, -0.007176211, -0.0073119476, -0.007571451, -0.007815175, -0.008044955, -0.008155546, -0.0083695855, -0.008574743, -0.008674006, -0.0088647865, -0.009044221, -0.009129067, -0.009288235, -0.009431648, -0.009558192, -0.009615073, -0.009716483, -0.009802585, -0.009840564, -0.009906646, -0.009960375, -0.010001246, -0.010016473, -0.010035875, -0.0100397635, -0.010035669, -0.010015697, -0.009979799, -0.0099558765, -0.009895997, -0.009819498, -0.009725567, -0.009671791, -0.009550541, -0.009411525, -0.009335762, -0.009173054, -0.008996654, -0.00880844, -0.008710301, -0.0085066045, -0.00829362, -0.008184082, -0.007958941, -0.007725565, -0.007605643, -0.007358313, -0.007099319, -0.0068261707, -0.0066836798, -0.006386082, -0.0060715973, -0.005908189, -0.005568308, -0.0052112103, -0.0048525142, -0.004692162, -0.004525361, -0.004921422, -0.0055394275, 0, 0
0, 0, 0, 0, 0, 0, 0, 0, 0, 0, 0, 0, 0, 0, 0, 0, 0, 0, 0, 0, 0, 0, 0, 0, 0, 0, 0, 0, 0, 0, 0, 0, 0, 0, 0, 0, 0, 0, 0, 0, 0, 0, 0, 0, 0, 0, 0, 0, 0, 0, 0, 0, 0, 0, 0, 0, 0, 0, 0, 0, 0, 0, 0, 0, 0, 0, 0, 0, 0, 0, 0, 0, -0.004100649, -0.00370296, -0.0036701767, -0.00390484, -0.0040588104, -0.0043797772, -0.0046917577, -0.0048419912, -0.0051328195, -0.0054159043, -0.0055562835, -0.0058374973, -0.006120831, -0.0064058877, -0.006548451, -0.006830167, -0.007104229, -0.0072370092, -0.0074923686, -0.007733251, -0.007960347, -0.008069403, -0.008279588, -0.008480304, -0.008577164, -0.008763221, -0.008938706, -0.009022134, -0.00917973, -0.009324071, -0.009454071, -0.009513698, -0.009622455, -0.0097186575, -0.009762546, -0.009842133, -0.0099110985, -0.009967957, -0.0099911885, -0.0100258505, -0.010043542, -0.010045774, -0.010036783, -0.010010379, -0.009990895, -0.00993942, -0.009871101, -0.009785106, -0.009735084, -0.009620447, -0.009486041, -0.009411468, -0.009248455, -0.0090688, -0.008874393, -0.008772244, -0.00855896, -0.008334848, -0.00821896, -0.007979967, -0.0077311564, -0.0076029883, -0.007338742, -0.007063138, -0.006774593, -0.00662477, -0.006313614, -0.0059863497, -0.005816588, -0.005464476, -0.005097082, -0.004735877, -0.004580532, -0.004437333, -0.004738265, -0.005004663, 0, 0
0, 0, 0, 0, 0, 0, 0, 0, 0, 0, 0, 0, 0, 0, 0, 0, 0, 0, 0, 0, 0, 0, 0, 0, 0, 0, 0, 0, 0, 0, 0, 0, 0, 0, 0, 0, 0, 0, 0, 0, 0, 0, 0, 0, 0, 0, 0, 0, 0, 0, 0, 0, 0, 0, 0, 0, 0, 0, 0, 0, 0, 0, 0, 0, 0, 0, 0, 0, 0, 0, 0, -0.0052209157, -0.0044910735, -0.0037411652, -0.0036982931, -0.0039266422, -0.00407418, -0.0043823803, -0.004684568, -0.0048308577, -0.0051139086, -0.0053871986, -0.0055216053, -0.0057881027, -0.0060543926, -0.00632155, -0.006455117, -0.0067206565, -0.0069812564, -0.0071085533, -0.007354996, -0.007589487, -0.007811348, -0.00791778, -0.008121956, -0.00831576, -0.00840872, -0.008587151, -0.008755387, -0.008835514, -0.008987745, -0.009128906, -0.009258583, -0.009319031, -0.009431804, -0.00953516, -0.009583595, -0.009674391, -0.009756007, -0.009826281, -0.009856292, -0.0099038975, -0.009933595, -0.009941364, -0.00994257, -0.00992549, -0.009910455, -0.009868229, -0.0098095555, -0.00973436, -0.009690203, -0.009587518, -0.009464796, -0.009395558, -0.0092413295, -0.009067173, -0.008874725, -0.008772146, -0.008555303, -0.008324946, -0.008205099, -0.007956261, -0.007694607, -0.0075589838, -0.007277402, -0.0069818455, -0.0066716643, -0.006510785, -0.0061766584, -0.0058248495, -0.005641791, -0.005261, -0.004864983, -0.0044869343, -0.0043371767, -0.0042854794, -0.0050303703, -0.0058520962, 0, 0
0, 0, 0, 0, 0, 0, 0, 0, 0, 0, 0, 0, 0, 0, 0, 0, 0, 0, 0, 0, 0, 0, 0, 0, 0, 0, 0, 0, 0, 0, 0, 0, 0, 0, 0, 0, 0, 0, 0, 0, 0, 0, 0, 0, 0, 0, 0, 0, 0, 0, 0, 0, 0, 0, 0, 0, 0, 0, 0, 0, 0, 0, 0, 0, 0, 0, 0, 0, 0, 0, 0, -0.0040256223, -0.0037527017, -0.0034380897, -0.0035343457, -0.00380989, -0.0039676065, -0.004286118, -0.004593317, -0.004741197, -0.00502587, -0.0052972776, -0.0054289177, -0.0056864163, -0.0059394324, -0.0061905156, -0.0063153836, -0.006563461, -0.0068078423, -0.0069279107, -0.0071623228, -0.007387634, -0.0076024774, -0.0077056778, -0.007903245, -0.008090116, -0.008179475, -0.00835042, -0.008511519, -0.008588324, -0.008734431, -0.008870815, -0.008997102, -0.009056688, -0.00916932, -0.009274542, -0.009324807, -0.009420376, -0.009507918, -0.009584836, -0.009618336, -0.009673328, -0.009710394, -0.009721796, -0.009730384, -0.009720779, -0.009709684, -0.009675828, -0.00962698, -0.009563084, -0.009525146, -0.009435956, -0.009327468, -0.009265368, -0.009124671, -0.008961915, -0.008778026, -0.008678715, -0.008466195, -0.008237123, -0.00811702, -0.007865696, -0.0075984746, -0.0074586035, -0.007165495, -0.0068541584, -0.0065245135, -0.0063527124, -0.0059947595, -0.0056160036, -0.0054180603, -0.005004618, -0.0045752055, -0.0041747093, -0.004024092, -0.003977261, -0.00435791, 0, 0, 0
0, 0, 0, 0, 0, 0, 0, 0, 0, 0, 0, 0, 0, 0, 0, 0, 0, 0, 0, 0, 0, 0, 0, 0, 0, 0, 0, 0, 0, 0, 0, 0, 0, 0, 0, 0, 0, 0, 0, 0, 0, 0, 0, 0, 0, 0, 0, 0, 0, 0, 0, 0, 0, 0, 0, 0, 0, 0, 0, 0, 0, 0, 0, 0, 0, 0, 0, 0, 0, 0, 0, -0.00313759, -0.0030228614, -0.0030154586, -0.003267995, -0.0036091674, -0.0037835513, -0.0041200016, -0.0044360515, -0.0045868256, -0.0048753424, -0.0051477477, -0.005278681, -0.0055316975, -0.0057759774, -0.0060143797, -0.0061318204, -0.006363733, -0.0065915403, -0.0067037093, -0.006924179, -0.0071384916, -0.0073449984, -0.0074447626, -0.0076365583, -0.007817765, -0.0079045305, -0.008070832, -0.008227532, -0.008302293, -0.008444209, -0.008576142, -0.008698204, -0.008755698, -0.008864342, -0.008965734, -0.009014141, -0.009106685, -0.009191681, -0.00926694, -0.009300151, -0.00935576, -0.009395198, -0.009408298, -0.009421122, -0.009416867, -0.009408773, -0.00938178, -0.009341229, -0.009286921, -0.009254235, -0.009176846, -0.0090812445, -0.009025837, -0.008898724, -0.008749383, -0.008578108, -0.0084846895, -0.008283157, -0.008063267, -0.007946938, -0.007701322, -0.007436865, -0.0072971145, -0.0070015225, -0.00668375, -0.0063436, -0.0061650584, -0.0057913885, -0.005394454, -0.005186593, -0.004751829, -0.0043006125, -0.0038899404, -0.0037517159, -0.003862113, -0.0050026625, 0, 0, 0
0, 0, 0, 0, 0, 0, 0, 0, 0, 0, 0, 0, 0, 0, 0, 0, 0, 0, 0, 0, 0, 0, 0, 0, 0, 0, 0, 0, 0, 0, 0, 0, 0, 0, 0, 0, 0, 0, 0, 0, 0, 0, 0, 0, 0, 0, 0, 0, 0, 0, 0, 0, 0, 0, 0, 0, 0, 0, 0, 0, 0, 0, 0, 0, 0, 0, 0, 0, 0, 0, 0, -0.00274427, -0.0026948003, -0.002790414, -0.0030889537, -0.003442729, -0.0036174213, -0.003949983, -0.0042603486, -0.0044085793, -0.0046928953, -0.0049621616, -0.0050914465, -0.0053408314, -0.0055788658, -0.005808006, -0.005919709, -0.006137903, -0.0063502183, -0.0064547146, -0.00666058, -0.006862457, -0.00705953, -0.007155501, -0.0073412005, -0.007518273, -0.007603432, -0.007767638, -0.007922881, -0.00799686, -0.008137122, -0.008266458, -0.008384637, -0.008439587, -0.008542366, -0.00863606, -0.008680205, -0.008763399, -0.008839335, -0.00890674, -0.008936571, -0.008987679, -0.009025418, -0.009038685, -0.009053138, -0.00905181, -0.009045534, -0.009022685, -0.008986936, -0.008938358, -0.008909004, -0.008839149, -0.008752189, -0.008701674, -0.008585454, -0.00844855, -0.008291247, -0.0082051605, -0.00801876, -0.007813668, -0.0077043064, -0.0074709235, -0.0072166235, -0.0070810537, -0.0067920038, -0.0064780214, -0.006138604, -0.0059593967, -0.00558297, -0.005183099, -0.004974402, -0.004540395, -0.0040948535, -0.00369123, -0.0035467201, -0.0034985442, 0, 0, 0, 0
0, 0, 0, 0, 0, 0, 0, 0, 0, 0, 0, 0, 0, 0, 0, 0, 0, 0, 0, 0, 0, 0, 0, 0, 0, 0, 0, 0, 0, 0, 0, 0, 0, 0, 0, 0, 0, 0, 0, 0, 0, 0, 0, 0, 0, 0, 0, 0, 0, 0, 0, 0, 0, 0, 0, 0, 0, 0, 0, 0, 0, 0, 0, 0, 0, 0, 0, 0, 0, 0, 0, -0.0033486695, -0.0030127417, -0.0028809356, -0.0030855616, -0.0033808604, -0.0035330525, -0.0038296813, -0.004112877, -0.0042502168, -0.004517487, -0.0047750208, -0.004899994, -0.005142776, -0.005374921, -0.0055965874, -0.005703733, -0.005910605, -0.006109495, -0.0062067346, -0.006398043, -0.006586606, -0.00677214, -0.006863334, -0.0070415097, -0.007213507, -0.0072971424, -0.007459306, -0.0076137544, -0.007687654, -0.007827033, -0.0079546785, -0.008069846, -0.00812284, -0.00821983, -0.008305877, -0.008345422, -0.0084182145, -0.008483115, -0.008539876, -0.008565135, -0.008608543, -0.008641445, -0.008653276, -0.008666257, -0.008664425, -0.008658004, -0.008634789, -0.008599077, -0.008551079, -0.008522287, -0.008454388, -0.008371265, -0.008323486, -0.008214583, -0.008087906, -0.007944039, -0.0078654755, -0.0076953713, -0.007507396, -0.0074063763, -0.007189301, -0.006950429, -0.0068220375, -0.0065464806, -0.00624446, -0.0059156693, -0.0057413825, -0.005374093, -0.0049847397, -0.00478307, -0.00437059, -0.0039684144, -0.0036591839, -0.003597904, -0.0038224915, 0, 0, 0, 0
0, 0, 0, 0, 0, 0, 0, 0, 0, 0, 0, 0, 0, 0, 0, 0, 0, 0, 0, 0, 0, 0, 0, 0, 0, 0, 0, 0, 0, 0, 0, 0, 0, 0, 0, 0, 0, 0, 0, 0, 0, 0, 0, 0, 0, 0, 0, 0, 0, 0, 0, 0, 0, 0, 0, 0, 0, 0, 0, 0, 0, 0, 0, 0, 0, 0, 0, 0, 0, 0, -0.004777284, -0.0035550173, -0.0032207044, -0.0030334627, -0.0031641738, -0.0033940845, -0.0035184722, -0.0037682983, -0.00401475, -0.0041366215, -0.004378277, -0.004616909, -0.0047348575, -0.004966733, -0.005190773, -0.0054049715, -0.0055077565, -0.005704918, -0.0058919275, -0.0059825876, -0.0061601195, -0.0063346582, -0.0065069767, -0.0065921573, -0.006759942, -0.0069241007, -0.007004684, -0.007162243, -0.0073132897, -0.0073857214, -0.0075223343, -0.007647294, -0.0077595464, -0.007810839, -0.007904333, -0.007985787, -0.008022515, -0.008088297, -0.008144873, -0.008192398, -0.008212772, -0.008247267, -0.008272209, -0.008280606, -0.008287695, -0.008280689, -0.008271755, -0.008243538, -0.0082026385, -0.00814982, -0.008119083, -0.008048582, -0.007965303, -0.007918568, -0.0078141345, -0.0076954295, -0.0075626248, -0.0074907877, -0.0073352614, -0.007163291, -0.007070515, -0.0068703983, -0.006649376, -0.0065301033, -0.006272876, -0.0059892368, -0.005678632, -0.0055131554, -0.005163186, -0.004790623, -0.004597742, -0.0042080213, -0.0038499378, -0.0036461623, -0.0036898626, -0.0043928744, 0, 0, 0, 0
0, 0, 0, 0, 0, 0, 0, 0, 0, 0, 0, 0, 0, 0, 0, 0, 0, 0, 0, 0, 0, 0, 0, 0, 0, 0, 0, 0, 0, 0, 0, 0, 0, 0, 0, 0, 0, 0, 0, 0, 0, 0, 0, 0, 0, 0, 0, 0, 0, 0, 0, 0, 0, 0, 0, 0, 0, 0, 0, 0, 0, 0, 0, 0, 0, 0, 0, 0, 0, 0, -0.0035972197, -0.003148309, -0.0030305472, -0.0030324392, -0.0031987298, -0.0034141832, -0.003525257, -0.0037456688, -0.0039626104, -0.004070578, -0.0042866208, -0.0045042704, -0.004613232, -0.0048302775, -0.005042922, -0.0052473317, -0.005345497, -0.005532907, -0.005709105, -0.0057939254, -0.0059590144, -0.0061205463, -0.0062797214, -0.0063583697, -0.006513889, -0.006667067, -0.0067425272, -0.0068907123, -0.007033157, -0.007101409, -0.0072305626, -0.007349089, -0.0074568866, -0.0075067994, -0.007598403, -0.0076789404, -0.007715029, -0.0077788588, -0.007831532, -0.007872678, -0.007889124, -0.007914126, -0.007928762, -0.007931798, -0.007928366, -0.007911543, -0.007898119, -0.0078615, -0.007812541, -0.0077526146, -0.0077187573, -0.0076433523, -0.0075575155, -0.0075104437, -0.007407896, -0.007294153, -0.0071688117, -0.007101578, -0.006956817, -0.00679705, -0.0067111454, -0.00652606, -0.006322631, -0.0062131854, -0.0059771994, -0.0057169674, -0.005431014, -0.005277955, -0.004951808, -0.0045987843, -0.004413445, -0.0040350375, -0.0036908821, -0.0035154154, -0.0035632148, -0.0039334437, 0, 0, 0, 0
0, 0, 0, 0, 0, 0, 0, 0, 0, 0, 0, 0, 0, 0, 0, 0, 0, 0, 0, 0, 0, 0, 0, 0, 0, 0, 0, 0, 0, 0, 0, 0, 0, 0, 0, 0, 0, 0, 0, 0, 0, 0, 0, 0, 0, 0, 0, 0, 0, 0, 0, 0, 0, 0, 0, 0, 0, 0, 0, 0, 0, 0, 0, 0, 0, 0, 0, 0, 0, 0, -0.00287115, -0.002749933, -0.0027704905, -0.0029412876, -0.003178234, -0.00341562, -0.003528567, -0.0037421556, -0.003944646, -0.0040436047, -0.004240306, -0.0044383584, -0.0045380755, -0.0047379285, -0.0049354355, -0.0051269457, -0.0052193035, -0.005395605, -0.005561395, -0.0056409985, -0.0057956455, -0.005946423, -0.0060944483, -0.006167432, -0.0063114823, -0.0064523923, -0.0065213805, -0.0066561904, -0.006784607, -0.0068459106, -0.006961961, -0.0070693507, -0.007169372, -0.0072168326, -0.00730627, -0.0073871776, -0.007423683, -0.0074880896, -0.007539121, -0.0075759627, -0.0075890757, -0.0076047904, -0.007607624, -0.0076042465, -0.0075882156, -0.007559972, -0.0075413645, -0.007496086, -0.007440096, -0.007373901, -0.0073372233, -0.007256932, -0.007167478, -0.0071191033, -0.007015574, -0.006902714, -0.0067800614, -0.0067148744, -0.006575485, -0.006423143, -0.006341912, -0.006168627, -0.005980441, -0.0058803204, -0.0056666695, -0.005433296, -0.005177595, -0.0050405236, -0.0047457297, -0.00441983, -0.004244956, -0.0038797583, -0.0035448954, -0.0034221576, -0.0035661012, -0.0045846845, 0, 0, 0, 0
0, 0, 0, 0, 0, 0, 0, 0, 0, 0, 0, 0, 0, 0, 0, 0, 0, 0, 0, 0, 0, 0, 0, 0, 0, 0, 0, 0, 0, 0, 0, 0, 0, 0, 0, 0, 0, 0, 0, 0, 0, 0, 0, 0, 0, 0, 0, 0, 0, 0, 0, 0, 0, 0, 0, 0, 0, 0, 0, 0, 0, 0, 0, 0, 0, 0, 0, 0, 0, 0, -0.0030387198, -0.002671697, -0.0026911064, -0.0028964435, -0.0031639454, -0.0034196153, -0.0035373052, -0.0037540856, -0.0039520166, -0.004046266, -0.0042307964, -0.004412878, -0.004503864, -0.0046855602, -0.0048654587, -0.005040888, -0.005125802, -0.0052893916, -0.0054441676, -0.005518824, -0.0056642042, -0.0058063553, -0.005946185, -0.006015082, -0.0061499677, -0.0062798127, -0.006342663, -0.0064632306, -0.006575534, -0.0066283885, -0.0067276927, -0.0068206354, -0.0069093583, -0.0069525912, -0.0070365313, -0.007114877, -0.007150843, -0.0072139916, -0.007262696, -0.007294469, -0.0073039103, -0.0073103015, -0.007301624, -0.00729222, -0.0072646625, -0.0072268737, -0.0072044306, -0.0071531725, -0.0070929457, -0.007023304, -0.006984924, -0.0069009312, -0.0068074795, -0.0067570396, -0.0066492013, -0.006532712, -0.006407877, -0.006342226, -0.0062036766, -0.006054532, -0.005976027, -0.0058107926, -0.00563508, -0.005543015, -0.0053498326, -0.005142884, -0.0049192416, -0.0047998996, -0.0045430167, -0.0042569474, -0.00410239, -0.003778229, -0.0034804016, -0.0033429142, -0.0033867455, 0, 0, 0, 0, 0
0, 0, 0, 0, 0, 0, 0, 0, 0, 0, 0, 0, 0, 0, 0, 0, 0, 0, 0, 0, 0, 0, 0, 0, 0, 0, 0, 0, 0, 0, 0, 0, 0, 0, 0, 0, 0, 0, 0, 0, 0, 0, 0, 0, 0, 0, 0, 0, 0, 0, 0, 0, 0, 0, 0, 0, 0, 0, 0, 0, 0, 0, 0, 0, 0, 0, 0, 0, 0, 0, -0.0027744905, -0.002658362, -0.0027094483, -0.002927499, -0.0031925316, -0.0034465797, -0.0035642784, -0.003781031, -0.0039768033, -0.0040690373, -0.004245702, -0.004416001, -0.004499744, -0.0046647564, -0.0048266654, -0.0049843676, -0.005061286, -0.0052104285, -0.0053531285, -0.0054222806, -0.005557854, -0.00569136, -0.0058239377, -0.0058894022, -0.0060173953, -0.0061392654, -0.0061971243, -0.0063057444, -0.0064039784, -0.0064491797, -0.006532776, -0.006610376, -0.0066857217, -0.006723045, -0.006796647, -0.0068668, -0.0068993536, -0.006956531, -0.0069991094, -0.007023627, -0.0070288354, -0.007025784, -0.0070068855, -0.0069926498, -0.0069566285, -0.006912542, -0.0068878843, -0.006833572, -0.006771525, -0.0067002587, -0.006660795, -0.006573761, -0.0064755897, -0.006422498, -0.006308441, -0.0061854515, -0.00605528, -0.005987797, -0.0058475076, -0.005699744, -0.0056229653, -0.0054634013, -0.0052965754, -0.005210572, -0.0050328695, -0.004846646, -0.0046491507, -0.0045450726, -0.00432368, -0.0040827943, -0.003956798, -0.0037148243, -0.00356639, -0.0037037171, -0.003933516, 0, 0, 0, 0, 0
0, 0, 0, 0, 0, 0, 0, 0, 0, 0, 0, 0, 0, 0, 0, 0, 0, 0, 0, 0, 0, 0, 0, 0, 0, 0, 0, 0, 0, 0, 0, 0, 0, 0, 0, 0, 0, 0, 0, 0, 0, 0, 0, 0, 0, 0, 0, 0, 0, 0, 0, 0, 0, 0, 0, 0, 0, 0, 0, 0, 0, 0, 0, 0, 0, 0, 0, 0, 0, -0.0037574114, -0.0029529769, -0.0027758104, -0.0028201665, -0.0030164977, -0.00325727, -0.003493547, -0.003605263, -0.0038142628, -0.004005712, -0.004095902, -0.0042676916, -0.0044301464, -0.0045085903, -0.004660902, -0.0048077297, -0.004949668, -0.0050188093, -0.005153146, -0.005282575, -0.0053456053, -0.005469561, -0.005592566, -0.0057158177, -0.0057772854, -0.0058984556, -0.0060135527, -0.006067626, -0.00616774, -0.006256317, -0.006296204, -0.0063685663, -0.0064338367, -0.0064955377, -0.0065256865, -0.006584895, -0.0066411654, -0.0066672317, -0.0067126206, -0.0067448756, -0.0067600124, -0.0067606634, -0.006748651, -0.0067214356, -0.006703469, -0.0066611925, -0.0066129058, -0.0065867454, -0.006530049, -0.0064659365, -0.00639217, -0.0063511305, -0.0062602065, -0.0061570187, -0.0061010425, -0.0059808227, -0.005851991, -0.005717057, -0.005647969, -0.005506627, -0.005360785, -0.005285896, -0.0051310966, -0.004970144, -0.0048874374, -0.004717622, -0.0045417277, -0.004357994, -0.004262245, -0.0040610647, -0.0038486386, -0.0037431484, -0.0035711755, -0.0035930248, -0.004168551, -0.004799816, 0, 0, 0, 0, 0
0, 0, 0, 0, 0, 0, 0, 0, 0, 0, 0, 0, 0, 0, 0, 0, 0, 0, 0, 0, 0, 0, 0, 0, 0, 0, 0, 0, 0, 0, 0, 0, 0, 0, 0, 0, 0, 0, 0, 0, 0, 0, 0, 0, 0, 0, 0, 0, 0, 0, 0, 0, 0, 0, 0, 0, 0, 0, 0, 0, 0, 0, 0, 0, 0, 0, 0, 0, -0.0044226544, -0.0038307183, -0.0030527508, -0.0028914935, -0.0029319231, -0.003107407, -0.0033223687, -0.0035366567, -0.003639854, -0.003836355, -0.0040203608, -0.0041078674, -0.0042754607, -0.0044333837, -0.0045090117, -0.004654192, -0.0047914395, -0.0049219383, -0.0049847383, -0.0051061525, -0.005222516, -0.0052790595, -0.0053903717, -0.005501067, -0.0056127226, -0.005668892, -0.0057802815, -0.0058867154, -0.0059369463, -0.0060300175, -0.0061119627, -0.006148733, -0.0062143453, -0.0062711253, -0.0063211457, -0.006344262, -0.0063872035, -0.006425856, -0.006443224, -0.0064727226, -0.006491632, -0.006496395, -0.0064926604, -0.006472774, -0.006439032, -0.0064180703, -0.006370666, -0.006317908, -0.0062896484, -0.0062288377, -0.006160073, -0.0060813967, -0.0060378527, -0.005941916, -0.005834112, -0.0057759867, -0.0056521045, -0.005520472, -0.005384811, -0.0053159734, -0.005177096, -0.0050351685, -0.004962487, -0.0048124995, -0.00465537, -0.0045737424, -0.004404897, -0.0042289225, -0.004045363, -0.0039498485, -0.0037506083, -0.003541137, -0.0034378166, -0.0032746345, -0.0033200872, -0.003956896, -0.004611284, 0, 0, 0, 0, 0
0, 0, 0, 0, 0, 0, 0, 0, 0, 0, 0, 0, 0, 0, 0, 0, 0, 0, 0, 0, 0, 0, 0, 0, 0, 0, 0, 0, 0, 0, 0, 0, 0, 0, 0, 0, 0, 0, 0, 0, 0, 0, 0, 0, 0, 0, 0, 0, 0, 0, 0, 0, 0, 0, 0, 0, 0, 0, 0, 0, 0, 0, 0, 0, 0, 0, 0, 0, -0.0033195051, -0.003109771, -0.0028383199, -0.0028682381, -0.0029452168, -0.0031423345, -0.003350392, -0.0035500566, -0.003645963, -0.0038298385, -0.0040044826, -0.004088672, -0.0042513437, -0.0044062454, -0.004480477, -0.0046226983, -0.004755881, -0.0048801647, -0.00493915, -0.005051794, -0.0051578972, -0.005209175, -0.0053092455, -0.0054080277, -0.005507046, -0.0055566826, -0.005654664, -0.005749016, -0.005793787, -0.0058771013, -0.0059516085, -0.005985149, -0.0060449434, -0.0060948515, -0.006135219, -0.006152085, -0.0061799176, -0.006200759, -0.006208929, -0.006221003, -0.006225368, -0.006219169, -0.006211293, -0.0061849323, -0.0061459914, -0.0061228164, -0.006070581, -0.006012667, -0.005981624, -0.00591494, -0.0058402447, -0.005755781, -0.0057095555, -0.005609272, -0.00549874, -0.0054398663, -0.005316176, -0.0051868935, -0.0050550117, -0.004988724, -0.0048551536, -0.0047190483, -0.0046492056, -0.0045042196, -0.0043494133, -0.0042679515, -0.0040965728, -0.0039146557, -0.0037237226, -0.0036247137, -0.0034199443, -0.0032078424, -0.0031048674, -0.0029459258, -0.0029740476, -0.0032693485, 0, 0, 0, 0, 0, 0
0, 0, 0, 0, 0, 0, 0, 0, 0, 0, 0, 0, 0, 0, 0, 0, 0, 0, 0, 0, 0, 0, 0, 0, 0, 0, 0, 0, 0, 0, 0, 0, 0, 0, 0, 0, 0, 0, 0, 0, 0, 0, 0, 0, 0, 0, 0, 0, 0, 0, 0, 0, 0, 0, 0, 0, 0, 0, 0, 0, 0, 0, 0, 0, 0, 0, 0, 0, -0.002662321, -0.0025984256, -0.0026036173, -0.00277848, -0.002891081, -0.0031190692, -0.0033304528, -0.0035227125, -0.003613258, -0.003786149, -0.003951142, -0.0040314933, -0.0041883416, -0.00433971, -0.0044129523, -0.004553731, -0.004685371, -0.004807561, -0.004864946, -0.00497315, -0.0050737243, -0.0051218495, -0.0052146353, -0.005304235, -0.0053917225, -0.0054344535, -0.005517562, -0.005595621, -0.0056323214, -0.0057007335, -0.005762342, -0.0057902746, -0.0058398987, -0.005880601, -0.0059114276, -0.0059226747, -0.005937449, -0.005943378, -0.005943427, -0.005939607, -0.0059298296, -0.005912404, -0.005900109, -0.0058673024, -0.0058236946, -0.005798569, -0.005742641, -0.0056805294, -0.0056472714, -0.0055762166, -0.0054979785, -0.005411103, -0.0053641736, -0.0052635786, -0.0051545817, -0.0050971974, -0.0049780495, -0.0048549115, -0.0047295424, -0.004666343, -0.0045391885, -0.004408717, -0.004341681, -0.004201272, -0.004049498, -0.00396843, -0.0037952298, -0.0036081136, -0.0034102413, -0.0033085046, -0.0031022565, -0.0029015185, -0.0028125737, -0.0027151732, -0.0029149645, -0.0037608396, 0, 0, 0, 0, 0, 0
0, 0, 0, 0, 0, 0, 0, 0, 0, 0, 0, 0, 0, 0, 0, 0, 0, 0, 0, 0, 0, 0, 0, 0, 0, 0, 0, 0, 0, 0, 0, 0, 0, 0, 0, 0, 0, 0, 0, 0, 0, 0, 0, 0, 0, 0, 0, 0, 0, 0, 0, 0, 0, 0, 0, 0, 0, 0, 0, 0, 0, 0, 0, 0, 0, 0, 0, -0.003829337, -0.0029118392, -0.0026642536, -0.0025489677, -0.002683649, -0.0027826119, -0.0029890751, -0.0031829395, -0.0033595692, -0.0034425245, -0.003601495, -0.0037541697, -0.00382912, -0.003976247, -0.004119567, -0.0041892454, -0.004323363, -0.004448965, -0.0045657293, -0.0046208426, -0.0047250832, -0.004821916, -0.004867802, -0.0049545243, -0.0050338, -0.005104263, -0.005135604, -0.0051898747, -0.0052321325, -0.0052487743, -0.0052742427, -0.005290879, -0.005296627, -0.0053043673, -0.005307789, -0.0053065666, -0.005303854, -0.0052934512, -0.0052766344, -0.0052657034, -0.0052390476, -0.005205476, -0.005164928, -0.0051421286, -0.005091632, -0.005036404, -0.005007371, -0.0049475636, -0.0048857857, -0.0048543853, -0.0047895596, -0.0047218325, -0.004649434, -0.004611071, -0.0045291916, -0.004439907, -0.004392529, -0.004292194, -0.004185307, -0.004073075, -0.0040154704, -0.003898286, -0.0037786465, -0.0037174618, -0.003590615, -0.0034539127, -0.003380583, -0.003221276, -0.0030444595, -0.002851985, -0.0027517413, -0.00255289, -0.0023900145, -0.0023498912, -0.0024734524, -0.00311157, 0, 0, 0, 0, 0, 0, 0
0, 0, 0, 0, 0, 0, 0, 0, 0, 0, 0, 0, 0, 0, 0, 0, 0, 0, 0, 0, 0, 0, 0, 0, 0, 0, 0, 0, 0, 0, 0, 0, 0, 0, 0, 0, 0, 0, 0, 0, 0, 0, 0, 0, 0, 0, 0, 0, 0, 0, 0, 0, 0, 0, 0, 0, 0, 0, 0, 0, 0, 0, 0, 0, 0, 0, 0, -0.0028115292, -0.0024722207, -0.0023897467, -0.0024180976, -0.002580477, -0.0026784055, -0.0028759856, -0.0030622631, -0.0032350516, -0.0033171552, -0.0034757818, -0.0036288071, -0.0037036361, -0.0038498899, -0.0039905165, -0.0040580793, -0.0041871155, -0.0043065497, -0.004416933, -0.00446888, -0.004566917, -0.0046582376, -0.0047012344, -0.00478217, -0.0048546335, -0.004916183, -0.004942626, -0.004984938, -0.005012076, -0.0050199167, -0.005024579, -0.0050168643, -0.0050094463, -0.004990572, -0.0049681435, -0.004943988, -0.004931516, -0.0049048755, -0.0048751673, -0.0048586545, -0.004821195, -0.004776237, -0.0047239596, -0.0046953107, -0.00463442, -0.0045712576, -0.004539691, -0.004477861, -0.0044179265, -0.004388933, -0.004331384, -0.004273543, -0.0042132246, -0.004181324, -0.004113478, -0.0040381444, -0.0039973906, -0.003909027, -0.0038125385, -0.0037094667, -0.00365625, -0.0035481083, -0.0034392164, -0.0033841464, -0.0032714212, -0.0031518212, -0.0030880007, -0.0029504437, -0.0027962383, -0.0026239206, -0.0025311785, -0.002339681, -0.0021729933, -0.0021289957, -0.00225473, -0.0029183356, 0, 0, 0, 0, 0, 0, 0
0, 0, 0, 0, 0, 0, 0, 0, 0, 0, 0, 0, 0, 0, 0, 0, 0, 0, 0, 0, 0, 0, 0, 0, 0, 0, 0, 0, 0, 0, 0, 0, 0, 0, 0, 0, 0, 0, 0, 0, 0, 0, 0, 0, 0, 0, 0, 0, 0, 0, 0, 0, 0, 0, 0, 0, 0, 0, 0, 0, 0, 0, 0, 0, 0, 0, 0, -0.0021274267, -0.0020569176, -0.0020821828, -0.002231047, -0.0024336444, -0.0025374168, -0.0027361945, -0.002921024, -0.0030937714, -0.00317692, -0.0033380324, -0.003493456, -0.0035690463, -0.0037155375, -0.0038542328, -0.0039201714, -0.00404403, -0.00415687, -0.004258694, -0.004305832, -0.004393793, -0.004474227, -0.0045116423, -0.004580638, -0.004640855, -0.0046907645, -0.0047113933, -0.004741896, -0.0047566234, -0.004757502, -0.0047461945, -0.004719514, -0.0047014733, -0.004659905, -0.0046142577, -0.004567711, -0.0045446665, -0.004499245, -0.004453315, -0.004429316, -0.004377396, -0.0043191565, -0.0042539565, -0.004219304, -0.0041480768, -0.0040768906, -0.0040423325, -0.0039765234, -0.0039157155, -0.003887435, -0.0038337877, -0.0037823904, -0.0037303388, -0.0037031812, -0.0036459572, -0.0035823428, -0.0035477376, -0.0034722376, -0.0033893657, -0.0033012019, -0.0032561095, -0.0031654432, -0.0030751443, -0.0030300398, -0.002938794, -0.0028442894, -0.0027945568, -0.0026881392, -0.0025693565, -0.002435014, -0.002361468, -0.0022057383, -0.0020651955, -0.002022693, -0.0020553318, 0, 0, 0, 0, 0, 0, 0, 0
0, 0, 0, 0, 0, 0, 0, 0, 0, 0, 0, 0, 0, 0, 0, 0, 0, 0, 0, 0, 0, 0, 0, 0, 0, 0, 0, 0, 0, 0, 0, 0, 0, 0, 0, 0, 0, 0, 0, 0, 0, 0, 0, 0, 0, 0, 0, 0, 0, 0, 0, 0, 0, 0, 0, 0, 0, 0, 0, 0, 0, 0, 0, 0, 0, 0, 0, -0.0021519521, -0.0019399836, -0.001959501, -0.0021108808, -0.0023101547, -0.0024102638, -0.002601901, -0.0027814042, -0.0029520548, -0.0030349458, -0.003196583, -0.0033518602, -0.0034272175, -0.0035713876, -0.003706328, -0.0037697395, -0.003887617, -0.0039929575, -0.0040852227, -0.0041271844, -0.0042027202, -0.004268765, -0.00429825, -0.004350706, -0.004394126, -0.004427924, -0.0044411086, -0.004458534, -0.0044616633, -0.004457196, -0.004435606, -0.0043975324, -0.0043734345, -0.004317824, -0.004256104, -0.0041919514, -0.004159875, -0.0040960824, -0.004031767, -0.0039987243, -0.003929018, -0.003854412, -0.003775107, -0.0037344508, -0.0036529398, -0.0035737888, -0.0035359606, -0.003464554, -0.0033996215, -0.0033695751, -0.0033137563, -0.0032620395, -0.0032116512, -0.0031861179, -0.0031332818, -0.0030769606, -0.003047257, -0.0029843808, -0.0029182627, -0.0028511288, -0.002817783, -0.0027522026, -0.0026887679, -0.0026571953, -0.0025938817, -0.0025293855, -0.0024961138, -0.0024255137, -0.0023482484, -0.0022636876, -0.0022201578, -0.0021418352, -0.0021195558, -0.0021611096, -0.002416691, 0, 0, 0, 0, 0, 0, 0, 0
0, 0, 0, 0, 0, 0, 0, 0, 0, 0, 0, 0, 0, 0, 0, 0, 0, 0, 0, 0, 0, 0, 0, 0, 0, 0, 0, 0, 0, 0, 0, 0, 0, 0, 0, 0, 0, 0, 0, 0, 0, 0, 0, 0, 0, 0, 0, 0, 0, 0, 0, 0, 0, 0, 0, 0, 0, 0, 0, 0, 0, 0, 0, 0, 0, 0, -0.0027814214, -0.0021910397, -0.0019701987, -0.0019719254, -0.0020816957, -0.0022451947, -0.002331028, -0.0025001399, -0.0026643565, -0.0028245428, -0.002903443, -0.003058223, -0.0032072745, -0.003278913, -0.0034153108, -0.0035413336, -0.0035999538, -0.0037081973, -0.0038035254, -0.0038855206, -0.003921764, -0.003984824, -0.0040364936, -0.0040583336, -0.004093644, -0.004118893, -0.004134855, -0.0041394224, -0.00414156, -0.0041327197, -0.0041235373, -0.004094879, -0.004051951, -0.0040255627, -0.003964779, -0.0038959247, -0.0038218687, -0.0037837508, -0.0037059423, -0.003625141, -0.0035830582, -0.0034955344, -0.003403727, -0.003309915, -0.003262984, -0.0031712402, -0.0030839357, -0.003042468, -0.0029642715, -0.002892594, -0.0028591393, -0.002796918, -0.0027393564, -0.0026843522, -0.0026572957, -0.002603616, -0.002550472, -0.0025242376, -0.0024727227, -0.002423976, -0.002380169, -0.0023601602, -0.0023234545, -0.0022898314, -0.002273422, -0.0022408578, -0.0022072522, -0.0021897936, -0.0021521326, -0.002110887, -0.0020697205, -0.0020533993, -0.0020556333, -0.002187818, -0.0023588368, -0.0030420173, 0, 0, 0, 0, 0, 0, 0, 0
0, 0, 0, 0, 0, 0, 0, 0, 0, 0, 0, 0, 0, 0, 0, 0, 0, 0, 0, 0, 0, 0, 0, 0, 0, 0, 0, 0, 0, 0, 0, 0, 0, 0, 0, 0, 0, 0, 0, 0, 0, 0, 0, 0, 0, 0, 0, 0, 0, 0, 0, 0, 0, 0, 0, 0, 0, 0, 0, 0, 0, 0, 0, 0, 0, 0, -0.0026327595, -0.0021415972, -0.0019988143, -0.002006249, -0.0020953543, -0.0022248928, -0.0022942943, -0.0024348176, -0.0025756254, -0.0027166153, -0.0027867833, -0.0029259517, -0.0030601812, -0.0031244596, -0.003245911, -0.0033565622, -0.0034075666, -0.003500799, -0.003582151, -0.0036513845, -0.003681438, -0.0037327192, -0.003772482, -0.0037880489, -0.0038103494, -0.0038212808, -0.0038216568, -0.0038183127, -0.0038053219, -0.00378386, -0.0037698618, -0.0037343302, -0.0036886206, -0.0036618665, -0.0036010286, -0.0035313158, -0.0034545995, -0.0034141776, -0.0033292992, -0.0032384007, -0.0031904397, -0.0030898366, -0.0029848467, -0.00287832, -0.0028255947, -0.0027232012, -0.002626996, -0.0025815782, -0.0024957599, -0.0024168573, -0.0023799466, -0.0023104458, -0.0022454958, -0.002183558, -0.0021535086, -0.0020963482, -0.002044017, -0.0020202447, -0.0019776067, -0.0019437273, -0.0019196523, -0.0019110452, -0.0018996376, -0.0018932715, -0.0018908456, -0.0018864026, -0.0018810155, -0.0018773315, -0.0018661843, -0.0018499088, -0.001832984, -0.0018298957, -0.0018687727, -0.0020778459, -0.0023127706, -0.0030909635, 0, 0, 0, 0, 0, 0, 0, 0
0, 0, 0, 0, 0, 0, 0, 0, 0, 0, 0, 0, 0, 0, 0, 0, 0, 0, 0, 0, 0, 0, 0, 0, 0, 0, 0, 0, 0, 0, 0, 0, 0, 0, 0, 0, 0, 0, 0, 0, 0, 0, 0, 0, 0, 0, 0, 0, 0, 0, 0, 0, 0, 0, 0, 0, 0, 0, 0, 0, 0, 0, 0, 0, 0, 0, -0.0021347972, -0.0019759599, -0.001971392, -0.0020053205, -0.0021035832, -0.0022164867, -0.0022739125, -0.0023890373, -0.0025044917, -0.0026203624, -0.0026788989, -0.0027947868, -0.0029070557, -0.0029608007, -0.0030614675, -0.00315187, -0.003192948, -0.0032669744, -0.0033306307, -0.0033841177, -0.003407291, -0.0034464814, -0.0034760819, -0.0034873614, -0.0035015184, -0.003504343, -0.0034953253, -0.0034867688, -0.0034622408, -0.0034295162, -0.0034104532, -0.0033672503, -0.003317099, -0.0032893838, -0.003228698, -0.003160696, -0.0030858566, -0.0030458109, -0.0029606936, -0.0028678929, -0.0028184727, -0.0027141224, -0.0026037544, -0.0024906024, -0.0024341622, -0.0023236605, -0.0022187158, -0.002169034, -0.002075509, -0.001990064, -0.0019501485, -0.0018750638, -0.001804792, -0.0017378877, -0.0017059447, -0.0016460166, -0.0015940134, -0.0015715591, -0.0015347283, -0.0015102377, -0.001498567, -0.0014973598, -0.0015026791, -0.001515439, -0.0015235909, -0.0015414571, -0.0015591908, -0.0015667898, -0.0015779684, -0.0015821102, -0.0015818345, -0.0015851225, -0.001632482, -0.0018403268, -0.002072333, 0, 0, 0, 0, 0, 0, 0, 0, 0
0, 0, 0, 0, 0, 0, 0, 0, 0, 0, 0, 0, 0, 0, 0, 0, 0, 0, 0, 0, 0, 0, 0, 0, 0, 0, 0, 0, 0, 0, 0, 0, 0, 0, 0, 0, 0, 0, 0, 0, 0, 0, 0, 0, 0, 0, 0, 0, 0, 0, 0, 0, 0, 0, 0, 0, 0, 0, 0, 0, 0, 0, 0, 0, 0, -0.0023639568, -0.0019755198, -0.0018780793, -0.0019346814, -0.001983697, -0.00209038, -0.0021943161, -0.002243549, -0.0023386364, -0.0024301005, -0.0025202765, -0.0025650777, -0.0026541448, -0.0027403084, -0.0027815923, -0.002858628, -0.0029268924, -0.0029573098, -0.0030106793, -0.0030552724, -0.0030913386, -0.0031064593, -0.0031320616, -0.0031514459, -0.003158452, -0.0031667633, -0.0031657412, -0.0031533726, -0.0031425692, -0.0031129196, -0.0030735047, -0.0030509129, -0.0030008988, -0.0029449414, -0.0029151216, -0.0028520627, -0.0027844522, -0.0027117617, -0.0026734397, -0.002592266, -0.0025042358, -0.0024575975, -0.0023585465, -0.002252364, -0.00214168, -0.0020852468, -0.001972629, -0.0018628339, -0.0018101534, -0.0017107065, -0.0016203914, -0.0015786692, -0.0015010223, -0.0014292938, -0.0013617278, -0.0013294601, -0.0012697115, -0.0012187664, -0.0011971786, -0.0011632477, -0.001142628, -0.0011359573, -0.0011377581, -0.001150615, -0.001173232, -0.0011875378, -0.0012195182, -0.0012542318, -0.0012711568, -0.0013020594, -0.0013289092, -0.0013573231, -0.0013786985, -0.0014671091, -0.0016618593, -0.0017682726, 0, 0, 0, 0, 0, 0, 0, 0, 0
0, 0, 0, 0, 0, 0, 0, 0, 0, 0, 0, 0, 0, 0, 0, 0, 0, 0, 0, 0, 0, 0, 0, 0, 0, 0, 0, 0, 0, 0, 0, 0, 0, 0, 0, 0, 0, 0, 0, 0, 0, 0, 0, 0, 0, 0, 0, 0, 0, 0, 0, 0, 0, 0, 0, 0, 0, 0, 0, 0, 0, 0, 0, 0, -0.002605484, -0.002320054, -0.001935704, -0.0018515722, -0.001908372, -0.0019549339, -0.0020528054, -0.0021434752, -0.0021848835, -0.002261409, -0.0023311246, -0.0023966988, -0.0024283046, -0.0024903947, -0.0025502206, -0.002578787, -0.0026318377, -0.0026780742, -0.002698085, -0.0027320173, -0.002757963, -0.0027764442, -0.002783388, -0.0027941717, -0.0028011207, -0.0028033534, -0.0028044905, -0.0027993338, -0.0027855318, -0.0027747347, -0.0027453501, -0.0027058856, -0.0026828041, -0.00263073, -0.0025718366, -0.0025402247, -0.0024736854, -0.0024040216, -0.0023316175, -0.002294403, -0.002218145, -0.0021374815, -0.0020953845, -0.0020070653, -0.001912481, -0.0018124636, -0.0017606978, -0.0016548339, -0.0015484105, -0.0014963024, -0.0013966043, -0.0013055037, -0.001263728, -0.0011872947, -0.0011178622, -0.0010534805, -0.0010231299, -0.0009668973, -0.00091881084, -0.00089835934, -0.000866574, -0.0008476927, -0.0008420432, -0.0008444112, -0.00085922785, -0.0008853529, -0.00090186903, -0.0009407682, -0.0009847736, -0.0010071633, -0.0010531496, -0.0011013733, -0.0011679459, -0.001221078, -0.0014215717, -0.0018517217, -0.0021410524, 0, 0, 0, 0, 0, 0, 0, 0, 0
0, 0, 0, 0, 0, 0, 0, 0, 0, 0, 0, 0, 0, 0, 0, 0, 0, 0, 0, 0, 0, 0, 0, 0, 0, 0, 0, 0, 0, 0, 0, 0, 0, 0, 0, 0, 0, 0, 0, 0, 0, 0, 0, 0, 0, 0, 0, 0, 0, 0, 0, 0, 0, 0, 0, 0, 0, 0, 0, 0, 0, 0, 0, 0, -0.002403168, -0.0021387592, -0.001857495, -0.0018086744, -0.0018598149, -0.0018982204, -0.0019785624, -0.0020521383, -0.0020851933, -0.0021444098, -0.0021945077, -0.0022378338, -0.002257726, -0.002295165, -0.0023295947, -0.0023458365, -0.0023759627, -0.0024007955, -0.002410868, -0.0024258003, -0.0024341112, -0.0024361627, -0.0024356314, -0.002431551, -0.0024256345, -0.0024220955, -0.0024137814, -0.0024019647, -0.0023846277, -0.002373464, -0.002345687, -0.0023097596, -0.0022889539, -0.0022412674, -0.0021851494, -0.0021542674, -0.0020878646, -0.0020171467, -0.0019445659, -0.0019080266, -0.001834776, -0.0017607856, -0.0017232663, -0.0016459158, -0.0015650295, -0.0014800637, -0.0014360441, -0.001345164, -0.0012520157, -0.0012055666, -0.0011154967, -0.0010319637, -0.0009931643, -0.00092274026, -0.00085997523, -0.000803069, -0.0007763998, -0.0007275507, -0.00068561034, -0.000668032, -0.00064088963, -0.0006257854, -0.0006233705, -0.0006266966, -0.0006429306, -0.00066992076, -0.000686883, -0.0007268196, -0.00077250414, -0.0007966783, -0.0008475036, -0.0009072655, -0.0009989637, -0.0010738786, -0.0013442792, -0.0018240355, 0, 0, 0, 0, 0, 0, 0, 0, 0, 0
0, 0, 0, 0, 0, 0, 0, 0, 0, 0, 0, 0, 0, 0, 0, 0, 0, 0, 0, 0, 0, 0, 0, 0, 0, 0, 0, 0, 0, 0, 0, 0, 0, 0, 0, 0, 0, 0, 0, 0, 0, 0, 0, 0, 0, 0, 0, 0, 0, 0, 0, 0, 0, 0, 0, 0, 0, 0, 0, 0, 0, 0, 0, 0, -0.0018802529, -0.0017823005, -0.0016858539, -0.001698253, -0.0017558414, -0.0017895248, -0.0018554197, -0.0019139617, -0.0019396816, -0.0019834584, -0.0020172503, -0.002042727, -0.002052608, -0.002068545, -0.0020802761, -0.0020850173, -0.0020917174, -0.0020939903, -0.0020933917, -0.0020885568, -0.0020790584, -0.0020655405, -0.0020579367, -0.0020411569, -0.0020235977, -0.0020147364, -0.001996496, -0.0019758237, -0.0019518767, -0.0019381762, -0.0019083554, -0.0018743565, -0.0018556747, -0.001814187, -0.001765775, -0.0017384407, -0.0016782661, -0.0016122542, -0.0015428466, -0.0015079215, -0.0014384692, -0.0013697218, -0.00133548, -0.0012670374, -0.001197836, -0.0011277298, -0.0010923209, -0.0010209, -0.0009492671, -0.00091363845, -0.000844431, -0.00077915523, -0.00074845954, -0.0006917157, -0.00064152165, -0.0005971912, -0.0005771578, -0.000540372, -0.0005102757, -0.00049815944, -0.0004811342, -0.00047509078, -0.0004800528, -0.00048670845, -0.00050757144, -0.0005362501, -0.0005532619, -0.00059121614, -0.0006333016, -0.0006553232, -0.00070293405, -0.00076484174, -0.00087002927, -0.0009549214, -0.0012318786, 0, 0, 0, 0, 0, 0, 0, 0, 0, 0, 0
0, 0, 0, 0, 0, 0, 0, 0, 0, 0, 0, 0, 0, 0, 0, 0, 0, 0, 0, 0, 0, 0, 0, 0, 0, 0, 0, 0, 0, 0, 0, 0, 0, 0, 0, 0, 0, 0, 0, 0, 0, 0, 0, 0, 0, 0, 0, 0, 0, 0, 0, 0, 0, 0, 0, 0, 0, 0, 0, 0, 0, 0, 0, -0.0018870448, -0.0015997973, -0.0015254684, -0.0014935316, -0.0015364987, -0.0015977107, -0.0016277548, -0.0016828983, -0.0017293242, -0.001749123, -0.0017813598, -0.00180323, -0.0018155754, -0.0018183215, -0.001817499, -0.0018098265, -0.0018036375, -0.0017872885, -0.0017656029, -0.0017531016, -0.0017262246, -0.0016969703, -0.0016669839, -0.0016524829, -0.0016236801, -0.0015966329, -0.0015834537, -0.0015567079, -0.0015280173, -0.0014953832, -0.0014776574, -0.0014407625, -0.0014023529, -0.0013828744, -0.001343122, -0.0013004222, -0.0012775816, -0.0012274893, -0.0011720286, -0.0011126499, -0.0010819837, -0.0010201538, -0.00095833966, -0.0009276591, -0.0008669565, -0.00080721715, -0.0007504592, -0.000723353, -0.000672409, -0.00062621344, -0.00060476625, -0.0005646312, -0.00052783766, -0.0005101747, -0.00047681297, -0.0004472819, -0.00042209736, -0.00041125153, -0.0003930374, -0.00038051893, -0.000376924, -0.00037577012, -0.00038388005, -0.0004012695, -0.00041317186, -0.00044136663, -0.00047417573, -0.0004917618, -0.0005278954, -0.00056419784, -0.00058256066, -0.0006238366, -0.0006880713, -0.00082202215, -0.0009332297, -0.0011629888, 0, 0, 0, 0, 0, 0, 0, 0, 0, 0, 0
0, 0, 0, 0, 0, 0, 0, 0, 0, 0, 0, 0, 0, 0, 0, 0, 0, 0, 0, 0, 0, 0, 0, 0, 0, 0, 0, 0, 0, 0, 0, 0, 0, 0, 0, 0, 0, 0, 0, 0, 0, 0, 0, 0, 0, 0, 0, 0, 0, 0, 0, 0, 0, 0, 0, 0, 0, 0, 0, 0, 0, 0, 0, -0.0016771841, -0.0013867737, -0.0013249882, -0.0013067716, -0.0013496872, -0.0014032404, -0.0014283911, -0.0014722365, -0.0015075008, -0.001522065, -0.0015449277, -0.0015578364, -0.0015609378, -0.0015587097, -0.0015464417, -0.0015239046, -0.0015088558, -0.0014720876, -0.0014274936, -0.0014029975, -0.001352763, -0.0013022072, -0.001254007, -0.001231259, -0.0011890596, -0.0011518033, -0.0011344918, -0.0011001407, -0.0010639362, -0.0010235688, -0.0010014855, -0.00095469743, -0.0009065614, -0.0008828002, -0.00083667575, -0.00079291605, -0.00077164744, -0.0007298066, -0.0006868272, -0.0006419389, -0.0006186222, -0.0005701198, -0.00052010297, -0.00049481523, -0.0004446026, -0.00039634205, -0.0003532363, -0.0003344413, -0.00030368863, -0.00028285195, -0.00027604928, -0.00026801412, -0.0002644724, -0.00026330038, -0.0002610649, -0.00025906853, -0.00025902776, -0.00026030137, -0.0002656456, -0.00027578417, -0.00028301417, -0.00030203303, -0.0003280725, -0.0003601522, -0.00037804822, -0.00041640078, -0.00045538388, -0.00047453062, -0.0005112356, -0.00054483855, -0.0005610249, -0.00059800857, -0.00066557986, -0.00084207114, -0.0010310063, -0.0015647333, 0, 0, 0, 0, 0, 0, 0, 0, 0, 0, 0
0, 0, 0, 0, 0, 0, 0, 0, 0, 0, 0, 0, 0, 0, 0, 0, 0, 0, 0, 0, 0, 0, 0, 0, 0, 0, 0, 0, 0, 0, 0, 0, 0, 0, 0, 0, 0, 0, 0, 0, 0, 0, 0, 0, 0, 0, 0, 0, 0, 0, 0, 0, 0, 0, 0, 0, 0, 0, 0, 0, 0, 0, 0, -0.0012707012, -0.0011415705, -0.0011142208, -0.0011157312, -0.0011514806, -0.0011912535, -0.0012090276, -0.001238784, -0.0012612569, -0.001269658, -0.0012813049, -0.0012855039, -0.0012808928, -0.0012747673, -0.0012545645, -0.0012218567, -0.0012009161, -0.0011492486, -0.0010876108, -0.0010539953, -0.0009839302, -0.00091302604, -0.0008447854, -0.0008127206, -0.0007535952, -0.0007019698, -0.0006783489, -0.00063368696, -0.00058871985, -0.0005405753, -0.00051462237, -0.00045914244, -0.00040058664, -0.0003714262, -0.00031475225, -0.00026348035, -0.00024043447, -0.00020002024, -0.00016540574, -0.00013402167, -0.00011875415, -8.70726e-05, -5.4077613e-05, -3.713297e-05, -3.1312773e-06, 2.847624e-05, 5.438311e-05, 6.403877e-05, 7.479678e-05, 7.227266e-05, 6.602921e-05, 4.5314642e-05, 1.7327793e-05, 2.1169913e-06, -2.827303e-05, -5.7288897e-05, -8.605107e-05, -0.00010089442, -0.00013248136, -0.00016776356, -0.00018701429, -0.00022867504, -0.00027428247, -0.00032291305, -0.00034768105, -0.0003975825, -0.00044512632, -0.00046795502, -0.0005096522, -0.00054753275, -0.00056600984, -0.00061037455, -0.00068540196, -0.000811111, -0.0008708016, 0, 0, 0, 0, 0, 0, 0, 0, 0, 0, 0, 0
0, 0, 0, 0, 0, 0, 0, 0, 0, 0, 0, 0, 0, 0, 0, 0, 0, 0, 0, 0, 0, 0, 0, 0, 0, 0, 0, 0, 0, 0, 0, 0, 0, 0, 0, 0, 0, 0, 0, 0, 0, 0, 0, 0, 0, 0, 0, 0, 0, 0, 0, 0, 0, 0, 0, 0, 0, 0, 0, 0, 0, 0, -0.0011782637, -0.0010188142, -0.00093501376, -0.00092255394, -0.0009303487, -0.0009538359, -0.0009767675, -0.0009855788, -0.0009979331, -0.0010035601, -0.0010036646, -0.0010009229, -0.0009927675, -0.0009779944, -0.0009675188, -0.00093948614, -0.0009001166, -0.00087566156, -0.00081723265, -0.00074772217, -0.0007094848, -0.0006281061, -0.00054271723, -0.00045701614, -0.00041557412, -0.0003371535, -0.00026632068, -0.0002336973, -0.00017241063, -0.00011440204, -5.6262885e-05, -2.6320695e-05, 3.5958736e-05, 0.000100929465, 0.00013366225, 0.00019828798, 0.0002575447, 0.0002841488, 0.00032892084, 0.00036211745, 0.00038582462, 0.00039509704, 0.0004114984, 0.0004263425, 0.00043360627, 0.00044685285, 0.0004572502, 0.00046207156, 0.00046117944, 0.0004517135, 0.00042908182, 0.000412396, 0.00036963396, 0.000317111, 0.00028902743, 0.00023130664, 0.0001736641, 0.000116621515, 8.8134286e-05, 2.9572975e-05, -3.121122e-05, -6.2653125e-05, -0.0001275528, -0.00019411843, -0.00026106916, -0.0002939709, -0.00035773308, -0.00041752015, -0.00044551512, -0.0004978438, -0.0005481214, -0.0005755593, -0.0006509486, -0.00079446746, -0.0010416767, -0.0011455719, 0, 0, 0, 0, 0, 0, 0, 0, 0, 0, 0, 0
0, 0, 0, 0, 0, 0, 0, 0, 0, 0, 0, 0, 0, 0, 0, 0, 0, 0, 0, 0, 0, 0, 0, 0, 0, 0, 0, 0, 0, 0, 0, 0, 0, 0, 0, 0, 0, 0, 0, 0, 0, 0, 0, 0, 0, 0, 0, 0, 0, 0, 0, 0, 0, 0, 0, 0, 0, 0, 0, 0, 0, -0.0011227465, -0.0010252346, -0.00085638533, -0.0007807148, -0.0007672731, -0.00076322816, -0.0007676826, -0.00076973246, -0.0007684752, -0.0007610613, -0.0007469884, -0.0007382275, -0.00071766943, -0.0006933303, -0.0006639542, -0.00064713694, -0.00060782576, -0.0005607485, -0.0005338943, -0.0004738489, -0.00040495812, -0.00036711496, -0.00028499504, -0.00019526007, -0.000100295845, -5.2279654e-05, 4.2946347e-05, 0.00013365915, 0.00017682125, 0.00025835945, 0.0003343214, 0.00040610487, 0.00044094928, 0.00050934544, 0.00057697657, 0.0006103367, 0.0006758025, 0.00073777034, 0.0007662819, 0.0008154646, 0.00085180183, 0.00087474653, 0.0008821846, 0.00088998984, 0.0008914707, 0.00089026924, 0.0008842897, 0.0008736144, 0.0008567042, 0.0008456896, 0.000816825, 0.000777113, 0.0007530016, 0.0006956061, 0.0006283298, 0.0005917934, 0.00051565224, 0.00043630946, 0.0003554009, 0.00031438057, 0.00023145252, 0.00014645033, 0.00010318948, 1.5667298e-05, -7.237134e-05, -0.00015923801, -0.00020178485, -0.00028351165, -0.00035986892, -0.00039567065, -0.00046435022, -0.00053291797, -0.00057189784, -0.0006847117, -0.0009186624, -0.0014618739, -0.0016844475, 0, 0, 0, 0, 0, 0, 0, 0, 0, 0, 0, 0
0, 0, 0, 0, 0, 0, 0, 0, 0, 0, 0, 0, 0, 0, 0, 0, 0, 0, 0, 0, 0, 0, 0, 0, 0, 0, 0, 0, 0, 0, 0, 0, 0, 0, 0, 0, 0, 0, 0, 0, 0, 0, 0, 0, 0, 0, 0, 0, 0, 0, 0, 0, 0, 0, 0, 0, 0, 0, 0, 0, 0, -0.0009821579, -0.0008791676, -0.00072919694, -0.0006545085, -0.00063480955, -0.0006112657, -0.00059337984, -0.0005734351, -0.0005614264, -0.00053369114, -0.0005012288, -0.00048346387, -0.00044569722, -0.0004040317, -0.0003578055, -0.00033231723, -0.00027767284, -0.00021868176, -0.0001883037, -0.00012556194, -5.9903865e-05, -2.5115327e-05, 4.9955728e-05, 0.00013414671, 0.00022722856, 0.00027642617, 0.0003783964, 0.0004818335, 0.0005329299, 0.00063218595, 0.0007257735, 0.000812488, 0.0008528979, 0.00092821865, 0.0009971381, 0.0010295794, 0.0010907399, 0.0011479587, 0.001174801, 0.001223031, 0.0012610722, 0.0012869098, 0.0012953941, 0.0013033777, 0.0013003054, 0.001295014, 0.001277444, 0.0012513616, 0.0012180469, 0.0011985578, 0.00115413, 0.0011021425, 0.0010729566, 0.0010077463, 0.0009339818, 0.00089392456, 0.00080857077, 0.0007166269, 0.0006196697, 0.00056945207, 0.00046670964, 0.00036114536, 0.00030754955, 0.00019947335, 9.120159e-05, -1.5982097e-05, -6.862206e-05, -0.0001710502, -0.00026863854, -0.0003157979, -0.00040716247, -0.0005016544, -0.0005548608, -0.00069231214, -0.00089811784, 0, 0, 0, 0, 0, 0, 0, 0, 0, 0, 0, 0, 0, 0
0, 0, 0, 0, 0, 0, 0, 0, 0, 0, 0, 0, 0, 0, 0, 0, 0, 0, 0, 0, 0, 0, 0, 0, 0, 0, 0, 0, 0, 0, 0, 0, 0, 0, 0, 0, 0, 0, 0, 0, 0, 0, 0, 0, 0, 0, 0, 0, 0, 0, 0, 0, 0, 0, 0, 0, 0, 0, 0, 0, -0.0010455019, -0.00083633605, -0.00074231054, -0.0006091821, -0.000531366, -0.0005044215, -0.0004613299, -0.000422712, -0.00038208414, -0.00036069565, -0.00031538945, -0.0002670431, -0.0002424236, -0.0001903978, -0.00013448147, -7.2822775e-05, -3.950066e-05, 3.1216554e-05, 0.00010445831, 0.00014050849, 0.00021072122, 0.00027772086, 0.00031093162, 0.00037892893, 0.00045253336, 0.0005343966, 0.0005788212, 0.00067410036, 0.0007766063, 0.0008293172, 0.0009355013, 0.0010388321, 0.0011355182, 0.0011804948, 0.0012625983, 0.0013332574, 0.0013646006, 0.001420402, 0.0014688397, 0.0014908469, 0.0015307441, 0.001564676, 0.0015911661, 0.0016011313, 0.0016131833, 0.0016133075, 0.001608571, 0.0015891566, 0.0015577028, 0.0015165829, 0.0014928, 0.0014401787, 0.0013815978, 0.0013500373, 0.0012823768, 0.001208177, 0.0011684158, 0.0010825761, 0.0009874913, 0.0008835709, 0.00082885136, 0.00071431615, 0.0005945092, 0.0005334317, 0.00040945897, 0.0002844303, 0.00016009688, 9.809855e-05, -2.4174813e-05, -0.00014464621, -0.00020436385, -0.00032486793, -0.00045574203, -0.0005327295, -0.00073481037, -0.000939512, 0, 0, 0, 0, 0, 0, 0, 0, 0, 0, 0, 0, 0, 0
0, 0, 0, 0, 0, 0, 0, 0, 0, 0, 0, 0, 0, 0, 0, 0, 0, 0, 0, 0, 0, 0, 0, 0, 0, 0, 0, 0, 0, 0, 0, 0, 0, 0, 0, 0, 0, 0, 0, 0, 0, 0, 0, 0, 0, 0, 0, 0, 0, 0, 0, 0, 0, 0, 0, 0, 0, 0, 0, 0, -0.0008906398, -0.0006789994, -0.00059628027, -0.0004749971, -0.0003925526, -0.0003593806, -0.00029997248, -0.00024373861, -0.00018665312, -0.00015739394, -9.717724e-05, -3.6675363e-05, -6.2580907e-06, 5.564872e-05, 0.00012054966, 0.00019144097, 0.00022952542, 0.00031091014, 0.00039511334, 0.00043671823, 0.00051695015, 0.0005913751, 0.0006264859, 0.0006940191, 0.0007603979, 0.0008294043, 0.0008660431, 0.0009447189, 0.001032382, 0.0010787974, 0.0011758799, 0.0012747477, 0.0013713185, 0.0014171598, 0.0015011972, 0.0015733945, 0.0016042001, 0.0016562176, 0.0016962389, 0.0017125906, 0.0017403713, 0.0017634045, 0.0017835238, 0.0017922, 0.0018050325, 0.0018088259, 0.0018064502, 0.0017917422, 0.001763765, 0.0017238859, 0.0017002339, 0.0016471787, 0.0015882743, 0.0015572596, 0.0014914967, 0.0014214838, 0.0013843185, 0.0013043886, 0.001215031, 0.0011145166, 0.0010599912, 0.0009432129, 0.0008179992, 0.0007529101, 0.00061972905, 0.0004844645, 0.0003487231, 0.0002808902, 0.00014423032, 5.8272217e-06, -6.4807e-05, -0.00021159514, -0.00037671175, -0.0004777678, -0.0007935237, -0.0012823874, 0, 0, 0, 0, 0, 0, 0, 0, 0, 0, 0, 0, 0, 0
0, 0, 0, 0, 0, 0, 0, 0, 0, 0, 0, 0, 0, 0, 0, 0, 0, 0, 0, 0, 0, 0, 0, 0, 0, 0, 0, 0, 0, 0, 0, 0, 0, 0, 0, 0, 0, 0, 0, 0, 0, 0, 0, 0, 0, 0, 0, 0, 0, 0, 0, 0, 0, 0, 0, 0, 0, 0, 0, 0, -0.0006363435, -0.0004889588, -0.00042170484, -0.00031166716, -0.00022481679, -0.00018676648, -0.00011527251, -4.6115536e-05, 2.386476e-05, 5.9575737e-05, 0.00013186241, 0.00020369167, 0.00023900536, 0.00030847886, 0.00037888397, 0.00045262702, 0.0004915998, 0.0005738288, 0.00065996416, 0.0007035315, 0.00078935834, 0.0008714827, 0.00091074867, 0.0009844711, 0.0010517156, 0.0011136662, 0.0011440101, 0.0012049581, 0.001269878, 0.001304323, 0.0013785178, 0.0014580109, 0.0015406415, 0.0015816052, 0.0016594708, 0.0017285864, 0.0017583995, 0.0018075081, 0.0018415385, 0.001853551, 0.0018694327, 0.0018787576, 0.0018851677, 0.0018879429, 0.0018927808, 0.0018942101, 0.0018923312, 0.0018811962, 0.0018592468, 0.001825789, 0.001805275, 0.0017579481, 0.0017041503, 0.001675767, 0.0016155859, 0.0015521041, 0.0015189499, 0.0014482443, 0.0013696866, 0.0012798386, 0.0012300501, 0.0011203388, 0.0009986168, 0.0009339282, 0.00079943845, 0.00066086656, 0.0005207787, 0.0004501658, 0.00030783954, 0.00016125148, 8.492351e-05, -7.548182e-05, -0.00025009018, -0.0003427877, -0.0005049401, 0, 0, 0, 0, 0, 0, 0, 0, 0, 0, 0, 0, 0, 0, 0
0, 0, 0, 0, 0, 0, 0, 0, 0, 0, 0, 0, 0, 0, 0, 0, 0, 0, 0, 0, 0, 0, 0, 0, 0, 0, 0, 0, 0, 0, 0, 0, 0, 0, 0, 0, 0, 0, 0, 0, 0, 0, 0, 0, 0, 0, 0, 0, 0, 0, 0, 0, 0, 0, 0, 0, 0, 0, 0, -0.00042040375, -0.0003828029, -0.0002707644, -0.00021381116, -0.00011048626, -2.0699967e-05, 2.0657948e-05, 9.983558e-05, 0.00017728118, 0.00025675632, 0.00029773434, 0.0003813012, 0.00046454612, 0.00050501566, 0.0005831905, 0.0006577803, 0.00073142815, 0.0007684219, 0.0008441665, 0.0009222062, 0.0009623184, 0.0010442543, 0.0011271986, 0.0011683188, 0.0012479319, 0.001320264, 0.0013825706, 0.0014103617, 0.0014594318, 0.0015039507, 0.0015256681, 0.0015709753, 0.0016215004, 0.0016782406, 0.0017084421, 0.0017691251, 0.0018267062, 0.0018524374, 0.0018950651, 0.0019237373, 0.0019321509, 0.0019389888, 0.0019349694, 0.0019251889, 0.0019197895, 0.0019090599, 0.001898986, 0.0018935093, 0.001879966, 0.0018603214, 0.0018326243, 0.0018156632, 0.0017758813, 0.0017296098, 0.0017045253, 0.0016508155, 0.0015941123, 0.0015646351, 0.0015031608, 0.0014363242, 0.0013596534, 0.0013167745, 0.0012200027, 0.0011087742, 0.0010481945, 0.00091900665, 0.0007829131, 0.0006434639, 0.00057347096, 0.00043177343, 0.0002855638, 0.00020910749, 4.683563e-05, -0.00012978766, -0.00022421629, -0.00042807875, 0, 0, 0, 0, 0, 0, 0, 0, 0, 0, 0, 0, 0, 0, 0
0, 0, 0, 0, 0, 0, 0, 0, 0, 0, 0, 0, 0, 0, 0, 0, 0, 0, 0, 0, 0, 0, 0, 0, 0, 0, 0, 0, 0, 0, 0, 0, 0, 0, 0, 0, 0, 0, 0, 0, 0, 0, 0, 0, 0, 0, 0, 0, 0, 0, 0, 0, 0, 0, 0, 0, 0, 0, -0.00019455973, -0.0001954419, -0.00013299478, -2.6090314e-05, 2.8555505e-05, 0.00013056291, 0.00022338079, 0.00026671353, 0.00035022484, 0.00043303106, 0.00051862345, 0.00056323886, 0.0006558716, 0.00074981124, 0.0007955577, 0.00088361785, 0.00096424215, 0.0010384927, 0.001073337, 0.0011405264, 0.0012061874, 0.0012396988, 0.001309138, 0.0013825881, 0.0014205396, 0.0014969007, 0.00156937, 0.0016326832, 0.0016599193, 0.0017041434, 0.00173573, 0.0017478955, 0.0017687937, 0.0017894505, 0.001815146, 0.0018301747, 0.0018640243, 0.0018995217, 0.001916104, 0.0019445097, 0.0019622252, 0.001965958, 0.0019636343, 0.0019490574, 0.0019258742, 0.0019126735, 0.0018855232, 0.0018599908, 0.0018481424, 0.0018251857, 0.0018014198, 0.0017743288, 0.0017590057, 0.001723815, 0.0016828495, 0.0016605977, 0.001612128, 0.0015598772, 0.0015329805, 0.0014773593, 0.0014184628, 0.0013524467, 0.0013157383, 0.0012326625, 0.0011346423, 0.0010801554, 0.0009608774, 0.0008305927, 0.00069430505, 0.0006252829, 0.00048618554, 0.00034322223, 0.00026946285, 0.0001168233, -3.6480425e-05, -0.00010961897, 0, 0, 0, 0, 0, 0, 0, 0, 0, 0, 0, 0, 0, 0, 0, 0
0, 0, 0, 0, 0, 0, 0, 0, 0, 0, 0, 0, 0, 0, 0, 0, 0, 0, 0, 0, 0, 0, 0, 0, 0, 0, 0, 0, 0, 0, 0, 0, 0, 0, 0, 0, 0, 0, 0, 0, 0, 0, 0, 0, 0, 0, 0, 0, 0, 0, 0, 0, 0, 0, 0, 0, 0, 0, -9.6079646e-05, -1.4425159e-05, 0.00011018922, 0.00023830491, 0.00029819456, 0.00040753293, 0.00050575385, 0.000551509, 0.00063900877, 0.0007253855, 0.00081446156, 0.00086111424, 0.0009583452, 0.0010584237, 0.0011081033, 0.0012032238, 0.0012905834, 0.0013674495, 0.0014021035, 0.001464884, 0.0015215639, 0.0015487822, 0.0016037857, 0.0016616905, 0.001691821, 0.0017536192, 0.0018146011, 0.0018709677, 0.0018954372, 0.0019347818, 0.0019593644, 0.0019662746, 0.0019714893, 0.00197017, 0.0019677016, 0.001967491, 0.0019695212, 0.0019745666, 0.001977119, 0.0019802614, 0.0019776009, 0.0019730735, 0.0019574696, 0.0019324308, 0.001900105, 0.0018821243, 0.0018438199, 0.001805542, 0.0017871622, 0.0017524927, 0.001719125, 0.0016859944, 0.0016688397, 0.0016325575, 0.0015928159, 0.0015711995, 0.001524776, 0.0014746315, 0.0014484513, 0.001394453, 0.0013376181, 0.0012761173, 0.0012426726, 0.0011683545, 0.0010816889, 0.0010329966, 0.0009247058, 0.0008026094, 0.0006702959, 0.00060191617, 0.0004627393, 0.0003211013, 0.00025058797, 0.00011539135, 1.2222104e-05, -1.7001328e-05, 0, 0, 0, 0, 0, 0, 0, 0, 0, 0, 0, 0, 0, 0, 0, 0
0, 0, 0, 0, 0, 0, 0, 0, 0, 0, 0, 0, 0, 0, 0, 0, 0, 0, 0, 0, 0, 0, 0, 0, 0, 0, 0, 0, 0, 0, 0, 0, 0, 0, 0, 0, 0, 0, 0, 0, 0, 0, 0, 0, 0, 0, 0, 0, 0, 0, 0, 0, 0, 0, 0, 0, 0, 0.0002641972, 0.00018899226, 0.00022866839, 0.00036838406, 0.00051467534, 0.00058193447, 0.0007044776, 0.00081384426, 0.00086480996, 0.00096093345, 0.0010532264, 0.0011451266, 0.001192209, 0.0012889965, 0.0013880371, 0.0014373583, 0.0015335836, 0.0016231679, 0.0017030648, 0.0017388542, 0.0018027893, 0.0018579228, 0.001882931, 0.0019298528, 0.001974284, 0.0019957994, 0.0020381007, 0.0020786363, 0.0021157921, 0.0021322668, 0.002158722, 0.0021745856, 0.0021775088, 0.0021740731, 0.0021601242, 0.0021388251, 0.0021266865, 0.0021004342, 0.0020731597, 0.0020592134, 0.0020299375, 0.0019979428, 0.0019810593, 0.0019450587, 0.0019064097, 0.0018655512, 0.001844543, 0.0018005406, 0.001755664, 0.0017331659, 0.0016879339, 0.0016429474, 0.001598503, 0.0015764411, 0.0015325868, 0.001488078, 0.0014653595, 0.0014174771, 0.001366583, 0.0013400746, 0.0012845038, 0.0012252697, 0.0011615679, 0.0011278188, 0.0010548577, 0.0009738224, 0.0009290582, 0.00083007716, 0.00071690127, 0.00059052947, 0.0005228056, 0.00038262107, 0.00023976636, 0.00017134675, 5.6206176e-05, 1.3896195e-05, 0, 0, 0, 0, 0, 0, 0, 0, 0, 0, 0, 0, 0, 0, 0, 0, 0
0, 0, 0, 0, 0, 0, 0, 0, 0, 0, 0, 0, 0, 0, 0, 0, 0, 0, 0, 0, 0, 0, 0, 0, 0, 0, 0, 0, 0, 0, 0, 0, 0, 0, 0, 0, 0, 0, 0, 0, 0, 0, 0, 0, 0, 0, 0, 0, 0, 0, 0, 0, 0, 0, 0, 0, 0.00097609597, 0.00059542514, 0.0004870026, 0.0004983074, 0.00063138304, 0.00078453723, 0.0008581583, 0.0009958044, 0.001121809, 0.0011809305, 0.0012931273, 0.001397947, 0.0014976865, 0.00154634, 0.0016415345, 0.0017347658, 0.0017806577, 0.0018699279, 0.0019543662, 0.0020330844, 0.002069574, 0.0021366912, 0.002195824, 0.002222496, 0.0022701265, 0.0023097896, 0.0023266585, 0.0023536226, 0.0023724448, 0.002384785, 0.0023887374, 0.0023931216, 0.0023926983, 0.002389891, 0.002378455, 0.0023577842, 0.0023271746, 0.0023082306, 0.0022636051, 0.002211332, 0.0021828627, 0.0021222287, 0.0020593088, 0.0020277074, 0.0019656299, 0.0019078217, 0.0018548432, 0.0018298483, 0.0017811169, 0.0017318616, 0.0017064188, 0.0016528729, 0.0015960383, 0.0015374094, 0.0015081906, 0.0014508492, 0.0013961828, 0.0013696682, 0.0013167518, 0.001262991, 0.0012352105, 0.0011764396, 0.0011124427, 0.0010423383, 0.0010047248, 0.0009265131, 0.0008434372, 0.0007997124, 0.00070601155, 0.00060112536, 0.00048277885, 0.0004180775, 0.00027992943, 0.00013784795, 7.1618e-05, -2.181028e-05, 0, 0, 0, 0, 0, 0, 0, 0, 0, 0, 0, 0, 0, 0, 0, 0, 0, 0
0, 0, 0, 0, 0, 0, 0, 0, 0, 0, 0, 0, 0, 0, 0, 0, 0, 0, 0, 0, 0, 0, 0, 0, 0, 0, 0, 0, 0, 0, 0, 0, 0, 0, 0, 0, 0, 0, 0, 0, 0, 0, 0, 0, 0, 0, 0, 0, 0, 0, 0, 0, 0, 0, 0, 0, 0.0005821713, 0.0005700322, 0.0005873146, 0.00069460477, 0.00085060555, 0.0010147198, 0.001094754, 0.0012478951, 0.0013933828, 0.001463478, 0.0015972648, 0.0017229358, 0.0018384709, 0.0018926113, 0.0019925884, 0.0020834934, 0.0021256711, 0.0022051004, 0.0022794504, 0.0023502742, 0.0023844815, 0.0024508827, 0.002513529, 0.002542861, 0.0025961183, 0.0026393128, 0.0026559306, 0.002677482, 0.002683047, 0.0026750008, 0.0026673367, 0.0026481757, 0.0026268924, 0.0026161508, 0.0025935296, 0.002567113, 0.0025329217, 0.0025118096, 0.0024601268, 0.0023956208, 0.002358551, 0.0022771845, 0.0021893734, 0.0021450883, 0.0020583207, 0.0019780842, 0.0019076786, 0.0018758039, 0.0018167538, 0.0017597256, 0.0017304354, 0.0016679943, 0.0015990275, 0.00152512, 0.0014873368, 0.0014133358, 0.0013435801, 0.0013106675, 0.0012481777, 0.0011878561, 0.0011575222, 0.0010938522, 0.0010237723, 0.00094450865, 0.00090208516, 0.00081290037, 0.00072021986, 0.00067368953, 0.0005788055, 0.00047892754, 0.00036937295, 0.00030951877, 0.00017973511, 4.684032e-05, -1.09357015e-05, -7.6346114e-05, 0, 0, 0, 0, 0, 0, 0, 0, 0, 0, 0, 0, 0, 0, 0, 0, 0, 0
0, 0, 0, 0, 0, 0, 0, 0, 0, 0, 0, 0, 0, 0, 0, 0, 0, 0, 0, 0, 0, 0, 0, 0, 0, 0, 0, 0, 0, 0, 0, 0, 0, 0, 0, 0, 0, 0, 0, 0, 0, 0, 0, 0, 0, 0, 0, 0, 0, 0, 0, 0, 0, 0, 0, 0.000694022, 0.00053160574, 0.0005528129, 0.00062159734, 0.00080035813, 0.0009908073, 0.00117367, 0.0012613623, 0.0014311259, 0.0015945046, 0.0016745358, 0.0018307758, 0.001980002, 0.0021185386, 0.00218242, 0.0022978582, 0.0023964474, 0.002439517, 0.0025153488, 0.002581346, 0.0026419545, 0.0026714138, 0.0027310376, 0.0027911176, 0.0028211197, 0.0028776801, 0.0029258144, 0.00294471, 0.0029688457, 0.0029728876, 0.002957536, 0.0029444916, 0.0029116638, 0.00287502, 0.0028573584, 0.0028234299, 0.0027907377, 0.002754955, 0.0027341952, 0.0026838165, 0.0026191736, 0.0025807766, 0.0024933524, 0.00239491, 0.0023434164, 0.0022403535, 0.002141717, 0.0020522696, 0.0020110833, 0.0019352541, 0.0018637833, 0.0018279458, 0.0017530473, 0.0016711144, 0.0015819331, 0.0015356049, 0.0014428919, 0.0013542031, 0.0013126482, 0.0012352128, 0.0011630205, 0.0011277582, 0.0010552705, 0.00097555044, 0.000885672, 0.00083710457, 0.0007338135, 0.00062642765, 0.00057298853, 0.00046789914, 0.0003660224, 0.0002620603, 0.00020751043, 9.212397e-05, -1.8795385e-05, -6.0148966e-05, 0, 0, 0, 0, 0, 0, 0, 0, 0, 0, 0, 0, 0, 0, 0, 0, 0, 0, 0
0, 0, 0, 0, 0, 0, 0, 0, 0, 0, 0, 0, 0, 0, 0, 0, 0, 0, 0, 0, 0, 0, 0, 0, 0, 0, 0, 0, 0, 0, 0, 0, 0, 0, 0, 0, 0, 0, 0, 0, 0, 0, 0, 0, 0, 0, 0, 0, 0, 0, 0, 0, 0, 0, 0, 0.00029968048, 0.0003632903, 0.0005126894, 0.0006135432, 0.0008330913, 0.0010493976, 0.0012508644, 0.0013463586, 0.0015299256, 0.0017065138, 0.0017938896, 0.0019653058, 0.0021327154, 0.0022924452, 0.0023674641, 0.002505299, 0.002622431, 0.0026731924, 0.002758903, 0.0028271948, 0.0028843672, 0.0029107672, 0.002961968, 0.0030141266, 0.0030407335, 0.0030936694, 0.0031416933, 0.0031614706, 0.0031897074, 0.0031997117, 0.0031906029, 0.003180043, 0.0031502824, 0.0031134875, 0.0030942073, 0.0030568226, 0.0030213685, 0.0029850658, 0.0029654559, 0.0029197247, 0.0028620972, 0.0028278735, 0.0027478298, 0.0026540754, 0.002603251, 0.00249775, 0.0023909414, 0.002287674, 0.0022382955, 0.0021438294, 0.0020539165, 0.002009445, 0.0019186683, 0.0018222282, 0.0017182082, 0.0016639458, 0.0015534837, 0.0014448388, 0.0013929821, 0.001295176, 0.0012052763, 0.001161814, 0.0010743275, 0.0009809549, 0.00087714486, 0.0008210222, 0.00070138637, 0.00057514006, 0.0005122526, 0.0003888287, 0.00027385124, 0.0001685566, 0.00011849177, 2.1145855e-05, -5.9028986e-05, -7.896985e-05, 0, 0, 0, 0, 0, 0, 0, 0, 0, 0, 0, 0, 0, 0, 0, 0, 0, 0, 0
0, 0, 0, 0, 0, 0, 0, 0, 0, 0, 0, 0, 0, 0, 0, 0, 0, 0, 0, 0, 0, 0, 0, 0, 0, 0, 0, 0, 0, 0, 0, 0, 0, 0, 0, 0, 0, 0, 0, 0, 0, 0, 0, 0, 0, 0, 0, 0, 0, 0, 0, 0, 0, 0, 8.202032e-05, 0.00012318767, 0.00026013906, 0.00046459484, 0.00057902024, 0.00081361894, 0.0010410013, 0.001253258, 0.001354049, 0.0015470816, 0.0017317754, 0.0018219706, 0.0019993146, 0.0021740834, 0.0023444148, 0.002426746, 0.0025827088, 0.0027221541, 0.0027842324, 0.0028913557, 0.0029772194, 0.0030455498, 0.0030746227, 0.003125551, 0.0031715864, 0.0031938658, 0.0032377127, 0.0032783905, 0.0032962793, 0.0033250412, 0.0033413654, 0.0033450264, 0.0033422366, 0.0033291855, 0.00330799, 0.0032951313, 0.0032668984, 0.003236839, 0.0032041138, 0.00318636, 0.0031464554, 0.0030978285, 0.0030695954, 0.003003951, 0.0029264651, 0.0028832075, 0.0027896117, 0.0026887516, 0.0025836243, 0.002530458, 0.002424, 0.002317772, 0.0022647663, 0.0021574362, 0.0020464496, 0.001929042, 0.0018676401, 0.0017419839, 0.0016154036, 0.001553334, 0.0014342791, 0.0013217017, 0.0012673168, 0.0011591016, 0.0010465913, 0.0009254485, 0.000861094, 0.00072411675, 0.0005786934, 0.0005043111, 0.00035790773, 0.00022127289, 0.000105255334, 5.7900375e-05, -1.7825918e-05, -7.128181e-05, 0, 0, 0, 0, 0, 0, 0, 0, 0, 0, 0, 0, 0, 0, 0, 0, 0, 0, 0, 0
0, 0, 0, 0, 0, 0, 0, 0, 0, 0, 0, 0, 0, 0, 0, 0, 0, 0, 0, 0, 0, 0, 0, 0, 0, 0, 0, 0, 0, 0, 0, 0, 0, 0, 0, 0, 0, 0, 0, 0, 0, 0, 0, 0, 0, 0, 0, 0, 0, 0, 0, 0, 0, 0.00017905394, 0.00011767635, 0.00012836108, 0.00024707633, 0.0004374109, 0.00054441876, 0.00076544663, 0.0009847406, 0.0011967146, 0.0012988092, 0.0014955249, 0.0016834057, 0.0017743527, 0.0019514385, 0.002123503, 0.0022931094, 0.0023765797, 0.0025387453, 0.002691463, 0.0027626362, 0.002892714, 0.003004329, 0.0030968075, 0.0031360616, 0.003201239, 0.0032523924, 0.0032740221, 0.0033122927, 0.003344909, 0.0033593152, 0.0033842204, 0.0034040136, 0.0034189306, 0.0034247683, 0.0034321109, 0.0034343065, 0.0034328832, 0.003424834, 0.0034097969, 0.0033875727, 0.0033736895, 0.0033407533, 0.003301019, 0.0032787658, 0.0032293876, 0.0031723266, 0.0031404078, 0.003069258, 0.0029868744, 0.0028940963, 0.00284366, 0.0027367375, 0.0026229226, 0.002564364, 0.0024442943, 0.002320811, 0.0021920947, 0.0021254253, 0.0019890347, 0.0018493495, 0.0017793251, 0.0016407705, 0.0015053743, 0.0014385129, 0.0013057136, 0.0011707393, 0.0010302041, 0.00095711753, 0.00080390787, 0.0006416709, 0.0005581524, 0.0003912646, 0.00023531276, 0.00010839923, 6.214987e-05, -2.5645124e-06, 0, 0, 0, 0, 0, 0, 0, 0, 0, 0, 0, 0, 0, 0, 0, 0, 0, 0, 0, 0, 0
0, 0, 0, 0, 0, 0, 0, 0, 0, 0, 0, 0, 0, 0, 0, 0, 0, 0, 0, 0, 0, 0, 0, 0, 0, 0, 0, 0, 0, 0, 0, 0, 0, 0, 0, 0, 0, 0, 0, 0, 0, 0, 0, 0, 0, 0, 0, 0, 0, 0, 0, 0, 0, 3.849368e-06, 6.7284884e-05, 0.000118066084, 0.00025404873, 0.00042260985, 0.00051385246, 0.0007048353, 0.0009015153, 0.0010995786, 0.0011978488, 0.0013914519, 0.0015784716, 0.0016689603, 0.001843484, 0.0020110141, 0.0021736836, 0.002253802, 0.0024116363, 0.0025646046, 0.0026390126, 0.0027810484, 0.0029129076, 0.0030311628, 0.003083644, 0.0031747222, 0.0032455954, 0.0032739888, 0.0033188213, 0.003351748, 0.0033648887, 0.0033878065, 0.0034087102, 0.003430298, 0.003441903, 0.0034657368, 0.0034885413, 0.003498431, 0.00351355, 0.00351958, 0.0035140815, 0.0035068346, 0.0034849972, 0.003455643, 0.003439306, 0.003405097, 0.0033686026, 0.0033487636, 0.0033033083, 0.0032473484, 0.003176284, 0.0031347838, 0.0030395065, 0.0029294272, 0.002870198, 0.0027448959, 0.0026138083, 0.0024780794, 0.0024081597, 0.002265435, 0.0021176892, 0.0020426617, 0.0018897187, 0.0017344987, 0.0016563801, 0.0014993927, 0.0013405407, 0.0011796373, 0.0010974387, 0.00092953205, 0.00075576035, 0.0006668787, 0.00049246725, 0.00034002564, 0.00023942441, 0.00021094002, 0, 0, 0, 0, 0, 0, 0, 0, 0, 0, 0, 0, 0, 0, 0, 0, 0, 0, 0, 0, 0, 0
0, 0, 0, 0, 0, 0, 0, 0, 0, 0, 0, 0, 0, 0, 0, 0, 0, 0, 0, 0, 0, 0, 0, 0, 0, 0, 0, 0, 0, 0, 0, 0, 0, 0, 0, 0, 0, 0, 0, 0, 0, 0, 0, 0, 0, 0, 0, 0, 0, 0, 0, 0, -6.7439134e-05, -2.7808339e-05, 6.53612e-05, 0.0001292963, 0.00027031734, 0.00041762125, 0.00049322634, 0.0006498549, 0.0008136853, 0.0009856309, 0.0010740977, 0.0012549572, 0.0014349268, 0.0015229402, 0.0016944647, 0.0018581845, 0.0020155048, 0.0020920243, 0.0022420485, 0.0023879497, 0.0024595445, 0.0026005765, 0.0027389338, 0.002871827, 0.0029349674, 0.0030506104, 0.0031482268, 0.0031891942, 0.003254741, 0.003301716, 0.0033198674, 0.003349265, 0.0033743388, 0.0034008615, 0.0034155617, 0.0034479196, 0.003483215, 0.0035008185, 0.003533839, 0.003559404, 0.0035729546, 0.0035750961, 0.0035695368, 0.0035546948, 0.0035454005, 0.0035263777, 0.0035079285, 0.0034987, 0.0034771818, 0.0034469606, 0.0034019223, 0.0033722038, 0.0032969362, 0.0032002972, 0.0031453033, 0.0030242903, 0.0028931857, 0.0027555735, 0.0026846814, 0.0025391087, 0.0023879507, 0.002309756, 0.002147932, 0.001978495, 0.0018912414, 0.0017128877, 0.0015308998, 0.0013484767, 0.0012568319, 0.0010738157, 0.0008921118, 0.0008037136, 0.0006420187, 0.00052904716, 0.00051459734, 0.00054429803, 0, 0, 0, 0, 0, 0, 0, 0, 0, 0, 0, 0, 0, 0, 0, 0, 0, 0, 0, 0, 0, 0
0, 0, 0, 0, 0, 0, 0, 0, 0, 0, 0, 0, 0, 0, 0, 0, 0, 0, 0, 0, 0, 0, 0, 0, 0, 0, 0, 0, 0, 0, 0, 0, 0, 0, 0, 0, 0, 0, 0, 0, 0, 0, 0, 0, 0, 0, 0, 0, 0, 0, 0, -0.00014785092, -0.000105909196, -4.1650223e-06, 0.000112466914, 0.00017626562, 0.00030621036, 0.0004327771, 0.0004945983, 0.0006179986, 0.0007464803, 0.0008843207, 0.00095799315, 0.0011133031, 0.0012759932, 0.0013581245, 0.0015216306, 0.0016808679, 0.0018347304, 0.0019094299, 0.0020545844, 0.002195086, 0.0022634282, 0.0023978914, 0.0025315308, 0.0026653414, 0.0027318622, 0.0028608427, 0.0029790923, 0.0030324543, 0.0031244992, 0.003196013, 0.0032248534, 0.0032718729, 0.003309864, 0.003344545, 0.0033619402, 0.0033988643, 0.0034386285, 0.0034594974, 0.0035012306, 0.0035389487, 0.0035687261, 0.0035795283, 0.0035930434, 0.0035960446, 0.0035951086, 0.0035919046, 0.0035885961, 0.0035870636, 0.0035832317, 0.0035738328, 0.0035515197, 0.0035333983, 0.0034804514, 0.0034039675, 0.003357294, 0.0032494816, 0.0031266708, 0.0029933415, 0.0029237785, 0.0027790878, 0.0026269148, 0.0025477298, 0.002380954, 0.0022018738, 0.002107918, 0.001911697, 0.0017084804, 0.0015030946, 0.0014005288, 0.0011992152, 0.0010101415, 0.0009268002, 0.0008081243, 0.0008040218, 0.0008735877, 0, 0, 0, 0, 0, 0, 0, 0, 0, 0, 0, 0, 0, 0, 0, 0, 0, 0, 0, 0, 0, 0, 0
0, 0, 0, 0, 0, 0, 0, 0, 0, 0, 0, 0, 0, 0, 0, 0, 0, 0, 0, 0, 0, 0, 0, 0, 0, 0, 0, 0, 0, 0, 0, 0, 0, 0, 0, 0, 0, 0, 0, 0, 0, 0, 0, 0, 0, 0, 0, 0, 0, 0, 0, -0.00015555132, -9.741055e-05, 3.5782556e-05, 0.00016801048, 0.00023174396, 0.0003531459, 0.00046543506, 0.00051787426, 0.00061869604, 0.0007178618, 0.00082213385, 0.00087837526, 0.0010004443, 0.0011344011, 0.0012051747, 0.0013510355, 0.0014994321, 0.0016472162, 0.0017201431, 0.0018636383, 0.0020030104, 0.0020709317, 0.0022026408, 0.0023317386, 0.0024604213, 0.0025250658, 0.0026537897, 0.002779696, 0.0028399741, 0.0029513205, 0.0030473273, 0.003089117, 0.0031613605, 0.0032203852, 0.0032702684, 0.0032928407, 0.0033357413, 0.0033769358, 0.0033980566, 0.0034402397, 0.0034813914, 0.0035193833, 0.0035364109, 0.0035644856, 0.0035847314, 0.0035921498, 0.003603118, 0.0036112631, 0.0036144438, 0.0036203358, 0.0036217691, 0.0036136413, 0.0036040314, 0.003570561, 0.0035156282, 0.0034797005, 0.003392026, 0.0032851861, 0.003162425, 0.0030963966, 0.0029562977, 0.002805519, 0.0027259702, 0.0025560423, 0.0023705757, 0.0022718087, 0.002062228, 0.0018401791, 0.0016116841, 0.0014972028, 0.0012743488, 0.0010755592, 0.0009963475, 0.0009289406, 0.0011459626, 0.0016735925, 0, 0, 0, 0, 0, 0, 0, 0, 0, 0, 0, 0, 0, 0, 0, 0, 0, 0, 0, 0, 0, 0, 0
0, 0, 0, 0, 0, 0, 0, 0, 0, 0, 0, 0, 0, 0, 0, 0, 0, 0, 0, 0, 0, 0, 0, 0, 0, 0, 0, 0, 0, 0, 0, 0, 0, 0, 0, 0, 0, 0, 0, 0, 0, 0, 0, 0, 0, 0, 0, 0, 0, 0, -0.00024083343, -0.00013473787, -6.6254775e-05, 7.638162e-05, 0.0002112575, 0.00027403352, 0.00039190627, 0.0004994129, 0.0005490543, 0.00064157764, 0.0007264398, 0.00080943503, 0.00085230405, 0.0009436279, 0.0010456907, 0.0011015363, 0.0012206429, 0.001347875, 0.0014812241, 0.0015492764, 0.001687005, 0.0018264866, 0.0018954162, 0.0020308802, 0.0021620325, 0.0022896559, 0.0023523762, 0.0024766687, 0.0026000594, 0.0026605271, 0.0027787231, 0.0028895247, 0.002941499, 0.0030373763, 0.0031202037, 0.0031907968, 0.0032214455, 0.003275419, 0.0033214418, 0.0033425468, 0.0033820616, 0.0034197953, 0.0034573071, 0.0034755627, 0.0035098367, 0.0035396474, 0.003552451, 0.0035729213, 0.0035871172, 0.0035921063, 0.003598375, 0.0036001406, 0.0035944672, 0.0035880038, 0.0035654653, 0.0035272758, 0.0035015163, 0.003435554, 0.0033491082, 0.0032427975, 0.0031826561, 0.003050539, 0.002903065, 0.0028238844, 0.0026526202, 0.0024632735, 0.0023613092, 0.002142751, 0.0019064608, 0.0016577159, 0.0015324851, 0.0012932223, 0.0010977209, 0.0010280277, 0.00096819527, 0.0010553412, 0, 0, 0, 0, 0, 0, 0, 0, 0, 0, 0, 0, 0, 0, 0, 0, 0, 0, 0, 0, 0, 0, 0, 0
0, 0, 0, 0, 0, 0, 0, 0, 0, 0, 0, 0, 0, 0, 0, 0, 0, 0, 0, 0, 0, 0, 0, 0, 0, 0, 0, 0, 0, 0, 0, 0, 0, 0, 0, 0, 0, 0, 0, 0, 0, 0, 0, 0, 0, 0, 0, 0, 0, 0, -0.00025384614, -0.000112729394, -3.9022434e-05, 0.00010305289, 0.00023404646, 0.000295285, 0.00041064227, 0.00051828165, 0.00056971645, 0.0006661082, 0.0007542252, 0.00083501014, 0.0008739999, 0.0009512536, 0.0010314551, 0.0010739542, 0.0011652238, 0.0012661032, 0.0013762692, 0.001434804, 0.001559164, 0.0016923342, 0.0017610425, 0.0019004582, 0.0020383154, 0.0021718477, 0.0022362124, 0.0023604552, 0.0024803977, 0.0025390845, 0.0026549264, 0.002769407, 0.0028260506, 0.0029360182, 0.003038578, 0.003129434, 0.0031697326, 0.0032393287, 0.0032948086, 0.0033179088, 0.0033571138, 0.003389701, 0.00342019, 0.003435436, 0.003465765, 0.0034947207, 0.0035080023, 0.0035299044, 0.0035439339, 0.003547368, 0.0035475534, 0.0035397613, 0.0035249086, 0.0035151816, 0.0034906028, 0.0034584936, 0.003438224, 0.0033877674, 0.003319654, 0.0032309596, 0.0031785457, 0.0030572691, 0.002915626, 0.0028375338, 0.0026670722, 0.0024769797, 0.002373873, 0.0021516506, 0.001907539, 0.0016471561, 0.0015159337, 0.0012759422, 0.0011286103, 0.0011165203, 0.0011745626, 0, 0, 0, 0, 0, 0, 0, 0, 0, 0, 0, 0, 0, 0, 0, 0, 0, 0, 0, 0, 0, 0, 0, 0, 0
0, 0, 0, 0, 0, 0, 0, 0, 0, 0, 0, 0, 0, 0, 0, 0, 0, 0, 0, 0, 0, 0, 0, 0, 0, 0, 0, 0, 0, 0, 0, 0, 0, 0, 0, 0, 0, 0, 0, 0, 0, 0, 0, 0, 0, 0, 0, 0, 0, -0.00051654613, -0.00028431756, -0.000116929405, -4.0980893e-05, 0.00010067792, 0.00022989493, 0.00029020736, 0.00040546796, 0.0005152412, 0.0005689633, 0.00067448505, 0.0007762947, 0.0008723307, 0.0009181045, 0.0010039471, 0.0010841254, 0.0011224903, 0.0011996162, 0.0012801187, 0.0013682595, 0.0014161246, 0.0015215433, 0.0016409253, 0.0017054877, 0.0018420669, 0.001983882, 0.002124334, 0.002192597, 0.0023230354, 0.002444855, 0.0025026822, 0.0026159124, 0.0027276617, 0.0027839898, 0.0028982812, 0.0030108525, 0.0031163713, 0.0031649438, 0.0032499847, 0.0033182406, 0.003345564, 0.003388129, 0.0034176726, 0.0034396818, 0.0034493166, 0.003468223, 0.0034867215, 0.0034955195, 0.0035101282, 0.0035173055, 0.0035166633, 0.003506376, 0.0034829206, 0.003450323, 0.0034318734, 0.0033926698, 0.0033510872, 0.0033290766, 0.0032806434, 0.00322102, 0.003144391, 0.003097887, 0.0029872248, 0.002853467, 0.002777982, 0.0026110844, 0.0024236275, 0.0023216396, 0.00210105, 0.0018587584, 0.001602708, 0.001477651, 0.0012665244, 0.0012013252, 0.001284263, 0.001638668, 0, 0, 0, 0, 0, 0, 0, 0, 0, 0, 0, 0, 0, 0, 0, 0, 0, 0, 0, 0, 0, 0, 0, 0, 0
0, 0, 0, 0, 0, 0, 0, 0, 0, 0, 0, 0, 0, 0, 0, 0, 0, 0, 0, 0, 0, 0, 0, 0, 0, 0, 0, 0, 0, 0, 0, 0, 0, 0, 0, 0, 0, 0, 0, 0, 0, 0, 0, 0, 0, 0, 0, 0, 0, -0.0005501921, -0.00035353497, -0.00017995544, -0.00010072755, 4.792902e-05, 0.00018439391, 0.0002485834, 0.00037120449, 0.00048745557, 0.0005450107, 0.0006605144, 0.00077818596, 0.0008971793, 0.000955685, 0.0010680464, 0.0011706427, 0.0012178138, 0.0013048624, 0.0013856534, 0.0014665099, 0.001508791, 0.0016009057, 0.0017060232, 0.0017639494, 0.0018895121, 0.0020256003, 0.0021664076, 0.0022366333, 0.0023735492, 0.0025012696, 0.0025612232, 0.0026747517, 0.0027845046, 0.0028394058, 0.002951921, 0.00306606, 0.0031781588, 0.003231005, 0.0033277348, 0.0034073272, 0.0034397377, 0.0034887346, 0.0035182158, 0.003533162, 0.0035369354, 0.003541008, 0.0035430586, 0.003543709, 0.0035438854, 0.0035381617, 0.0035311554, 0.0035065126, 0.0034656895, 0.0034114006, 0.0033810067, 0.0033169715, 0.0032523747, 0.0032204848, 0.0031575288, 0.0030909618, 0.0030140085, 0.0029692694, 0.0028642258, 0.0027361845, 0.0026636228, 0.0025016852, 0.002318506, 0.0022191706, 0.0020044846, 0.00177265, 0.0015428001, 0.0014451339, 0.0013430278, 0.0014312877, 0.0014811897, 0, 0, 0, 0, 0, 0, 0, 0, 0, 0, 0, 0, 0, 0, 0, 0, 0, 0, 0, 0, 0, 0, 0, 0, 0, 0
0, 0, 0, 0, 0, 0, 0, 0, 0, 0, 0, 0, 0, 0, 0, 0, 0, 0, 0, 0, 0, 0, 0, 0, 0, 0, 0, 0, 0, 0, 0, 0, 0, 0, 0, 0, 0, 0, 0, 0, 0, 0, 0, 0, 0, 0, 0, -0.0014909746, -0.0012728614, -0.00075249834, -0.00050322304, -0.0003193934, -0.0002352787, -7.372835e-05, 8.048037e-05, 0.00015411206, 0.0002951711, 0.00042928167, 0.0004948232, 0.00062574004, 0.00075971236, 0.0008996285, 0.0009711031, 0.0011141603, 0.0012506578, 0.0013151647, 0.0014346141, 0.0015421094, 0.0016410096, 0.0016892954, 0.0017866696, 0.0018894093, 0.0019436813, 0.0020591083, 0.0021834604, 0.002316173, 0.0023841262, 0.0025202278, 0.0026518458, 0.0027144428, 0.0028327038, 0.0029443982, 0.002999238, 0.0031094346, 0.0032207514, 0.003331223, 0.0033850162, 0.0034854526, 0.0035711473, 0.0036069364, 0.0036617238, 0.0036935804, 0.0037053216, 0.0037049656, 0.003696104, 0.003680549, 0.0036713888, 0.0036512243, 0.0036263557, 0.0036100848, 0.0035671736, 0.0035066057, 0.003429152, 0.0033851017, 0.0032915443, 0.0031945577, 0.003146994, 0.0030547988, 0.0029653837, 0.0028729583, 0.0028233205, 0.0027136111, 0.0025853126, 0.0025134196, 0.00235336, 0.0021727597, 0.0020754836, 0.0018690715, 0.001654378, 0.0014617062, 0.001399616, 0.0014754744, 0.0021689488, 0.0024956642, 0, 0, 0, 0, 0, 0, 0, 0, 0, 0, 0, 0, 0, 0, 0, 0, 0, 0, 0, 0, 0, 0, 0, 0, 0, 0
0, 0, 0, 0, 0, 0, 0, 0, 0, 0, 0, 0, 0, 0, 0, 0, 0, 0, 0, 0, 0, 0, 0, 0, 0, 0, 0, 0, 0, 0, 0, 0, 0, 0, 0, 0, 0, 0, 0, 0, 0, 0, 0, 0, 0, 0, 0, -0.0014655379, -0.0012615876, -0.0009169385, -0.0006951639, -0.0005188727, -0.00043421856, -0.00026386208, -9.175417e-05, -6.3263665e-06, 0.0001623329, 0.00032575292, 0.00040576985, 0.0005627757, 0.00071915885, 0.00087912194, 0.0009609318, 0.0011280774, 0.0012965497, 0.0013796971, 0.001541066, 0.00169317, 0.0018350432, 0.0019025969, 0.0020313081, 0.002154492, 0.00221463, 0.0023330993, 0.0024529002, 0.0025762324, 0.0026398504, 0.0027698872, 0.002900676, 0.002965013, 0.003089198, 0.0032068286, 0.0032634484, 0.003373977, 0.0034814149, 0.0035857426, 0.003636019, 0.0037312314, 0.0038150018, 0.0038510135, 0.003908247, 0.00394421, 0.0039572143, 0.003955841, 0.0039390814, 0.0039086626, 0.0038894366, 0.0038455573, 0.0037945588, 0.0037654273, 0.0036971888, 0.0036124277, 0.0035092654, 0.003451172, 0.0033262512, 0.003193264, 0.0031263626, 0.0029954482, 0.0028696742, 0.0027469387, 0.0026854966, 0.002557856, 0.0024185174, 0.0023427736, 0.00217778, 0.0019946417, 0.0018972248, 0.0016995711, 0.001517165, 0.0013852081, 0.0013533232, 0.001412986, 0, 0, 0, 0, 0, 0, 0, 0, 0, 0, 0, 0, 0, 0, 0, 0, 0, 0, 0, 0, 0, 0, 0, 0, 0, 0, 0, 0
0, 0, 0, 0, 0, 0, 0, 0, 0, 0, 0, 0, 0, 0, 0, 0, 0, 0, 0, 0, 0, 0, 0, 0, 0, 0, 0, 0, 0, 0, 0, 0, 0, 0, 0, 0, 0, 0, 0, 0, 0, 0, 0, 0, 0, 0, -0.0023732455, -0.0015457597, -0.0013329681, -0.0010670293, -0.0008931937, -0.00074075465, -0.0006629629, -0.00049709546, -0.000317848, -0.00022410341, -3.1421296e-05, 0.0001640206, 0.00026202624, 0.0004551443, 0.00064422796, 0.0008305048, 0.00092370575, 0.001111603, 0.0013036048, 0.0014014706, 0.0015994771, 0.0017982898, 0.0019936296, 0.002088527, 0.002270527, 0.002438732, 0.0025174993, 0.0026633486, 0.0027972031, 0.0029241904, 0.0029871534, 0.0031141322, 0.0032442026, 0.0033099474, 0.0034406234, 0.0035669203, 0.0036272982, 0.0037415796, 0.0038469785, 0.003942871, 0.003987688, 0.004070706, 0.0041444856, 0.00417677, 0.004231467, 0.004269052, 0.0042866217, 0.0042867037, 0.004269038, 0.004228336, 0.004200518, 0.004132822, 0.00405096, 0.0040053357, 0.0039042782, 0.0037882496, 0.003655956, 0.0035837423, 0.0034273302, 0.0032584334, 0.0031716372, 0.0029971644, 0.0028257738, 0.0026599593, 0.002578976, 0.0024182696, 0.0022543313, 0.0021693737, 0.0019896864, 0.0017955842, 0.0016947959, 0.0015026389, 0.0013748033, 0.0014037426, 0.0014861835, 0.0016060516, 0, 0, 0, 0, 0, 0, 0, 0, 0, 0, 0, 0, 0, 0, 0, 0, 0, 0, 0, 0, 0, 0, 0, 0, 0, 0, 0, 0
0, 0, 0, 0, 0, 0, 0, 0, 0, 0, 0, 0, 0, 0, 0, 0, 0, 0, 0, 0, 0, 0, 0, 0, 0, 0, 0, 0, 0, 0, 0, 0, 0, 0, 0, 0, 0, 0, 0, 0, 0, 0, 0, 0, 0, 0, -0.001736566, -0.0014175682, -0.0013044953, -0.0011537314, -0.0010418243, -0.000928583, -0.00086517486, -0.000721145, -0.00055326376, -0.0004605993, -0.00026044552, -4.442597e-05, 6.759252e-05, 0.0002953487, 0.0005223446, 0.00074446003, 0.00085336616, 0.0010676394, 0.0012817021, 0.0013905917, 0.0016143114, 0.0018480859, 0.0020897435, 0.0022116455, 0.0024514524, 0.0026789955, 0.0027854093, 0.0029813366, 0.0031536638, 0.0033065414, 0.0033781452, 0.003516786, 0.0036549321, 0.0037248218, 0.0038651659, 0.0040022214, 0.0040680035, 0.004190267, 0.0042976122, 0.0043882425, 0.004427423, 0.0044956906, 0.0045544277, 0.004580297, 0.004625667, 0.004660674, 0.0046803635, 0.004682725, 0.0046682493, 0.004624396, 0.004591112, 0.0045036897, 0.004392296, 0.004329542, 0.004192234, 0.0040413877, 0.0038778961, 0.0037905048, 0.0036042472, 0.0034023952, 0.0032963254, 0.0030786414, 0.0028574725, 0.0026381947, 0.0025305368, 0.002320726, 0.0021163598, 0.0020151702, 0.0018116396, 0.0016034355, 0.0014985724, 0.0013080243, 0.0012218944, 0.0014694199, 0.001846485, 0, 0, 0, 0, 0, 0, 0, 0, 0, 0, 0, 0, 0, 0, 0, 0, 0, 0, 0, 0, 0, 0, 0, 0, 0, 0, 0, 0, 0
0, 0, 0, 0, 0, 0, 0, 0, 0, 0, 0, 0, 0, 0, 0, 0, 0, 0, 0, 0, 0, 0, 0, 0, 0, 0, 0, 0, 0, 0, 0, 0, 0, 0, 0, 0, 0, 0, 0, 0, 0, 0, 0, 0, -0.0012325885, -0.001175302, -0.0010461165, -0.0009931588, -0.0009881762, -0.0009903171, -0.000984411, -0.0009577494, -0.00093447097, -0.0008654833, -0.0007650912, -0.0007019966, -0.0005510016, -0.00036639927, -0.00026188995, -3.0618365e-05, 0.00022486091, 0.00049580104, 0.00063420174, 0.0009110471, 0.0011824257, 0.0013157697, 0.0015814119, 0.0018516268, 0.0021351208, 0.0022828944, 0.0025892763, 0.002903415, 0.0030595306, 0.00336203, 0.0036434692, 0.0038977065, 0.004015071, 0.0042324443, 0.004432686, 0.0045280065, 0.0047109528, 0.0048842244, 0.0049665472, 0.005118238, 0.005247713, 0.005348798, 0.0053886436, 0.005447448, 0.005484448, 0.0054967483, 0.0055128313, 0.0055215154, 0.0055230623, 0.005520437, 0.0055022207, 0.005458395, 0.005423429, 0.0053246543, 0.0051869783, 0.0051049804, 0.00492104, 0.0047176746, 0.0045022224, 0.0043904753, 0.0041583763, 0.003909524, 0.0037770795, 0.0034937754, 0.0031848804, 0.0028538217, 0.0026827424, 0.0023370115, 0.0020019931, 0.0018449127, 0.0015661856, 0.0013577943, 0.0012923434, 0.0012752931, 0.0013615761, 0, 0, 0, 0, 0, 0, 0, 0, 0, 0, 0, 0, 0, 0, 0, 0, 0, 0, 0, 0, 0, 0, 0, 0, 0, 0, 0, 0, 0, 0, 0
0, 0, 0, 0, 0, 0, 0, 0, 0, 0, 0, 0, 0, 0, 0, 0, 0, 0, 0, 0, 0, 0, 0, 0, 0, 0, 0, 0, 0, 0, 0, 0, 0, 0, 0, 0, 0, 0, 0, 0, 0, 0, 0, -0.0006169357, -0.0006836372, -0.00066915853, -0.0006366792, -0.0006422561, -0.0006568899, -0.00069193006, -0.0007175819, -0.0007223185, -0.0007151125, -0.00067983684, -0.0006145286, -0.0005702923, -0.00045925737, -0.0003169553, -0.0002344707, -4.398025e-05, 0.00017863825, 0.00043013768, 0.00056470395, 0.0008451006, 0.0011323098, 0.0012758675, 0.0015609198, 0.0018452334, 0.0021346929, 0.0022835834, 0.0025909727, 0.00291169, 0.0030752697, 0.0034020913, 0.0037191084, 0.0040185833, 0.0041600266, 0.004425499, 0.004669644, 0.0047839433, 0.004999241, 0.005197582, 0.0052901767, 0.005461265, 0.005608621, 0.005727168, 0.0057746116, 0.0058455686, 0.0058866823, 0.005898264, 0.0059051462, 0.005896979, 0.005878741, 0.0058660638, 0.005832138, 0.00578066, 0.005744727, 0.005647861, 0.0055141756, 0.005433315, 0.0052483734, 0.0050381497, 0.0048108674, 0.0046926076, 0.004447199, 0.004185875, 0.004047253, 0.0037496616, 0.0034192905, 0.0030531085, 0.002858105, 0.0024514245, 0.0020430184, 0.001850007, 0.0015217041, 0.001322983, 0.0012937954, 0.0014747593, 0.0019769624, 0, 0, 0, 0, 0, 0, 0, 0, 0, 0, 0, 0, 0, 0, 0, 0, 0, 0, 0, 0, 0, 0, 0, 0, 0, 0, 0, 0, 0, 0, 0
0, 0, 0, 0, 0, 0, 0, 0, 0, 0, 0, 0, 0, 0, 0, 0, 0, 0, 0, 0, 0, 0, 0, 0, 0, 0, 0, 0, 0, 0, 0, 0, 0, 0, 0, 0, 0, 0, 0, 0, 0, 0, 0, -6.752228e-05, -0.00010616333, -0.00010668041, -0.00011233825, -0.00014666635, -0.00017203068, -0.00022774906, -0.00027558167, -0.00030393733, -0.00030859018, -0.00029797383, -0.00025956577, -0.00023057363, -0.00015436759, -5.5411692e-05, 3.1631196e-06, 0.00013940122, 0.00030558294, 0.00050567824, 0.00061825843, 0.00086634536, 0.0011376548, 0.0012795343, 0.0015685546, 0.001859885, 0.0021512106, 0.0022976745, 0.0025952249, 0.00290315, 0.0030615055, 0.0033842488, 0.0037098923, 0.0040304256, 0.004186178, 0.004485496, 0.0047653257, 0.004897288, 0.005142981, 0.005365522, 0.0054682265, 0.005656351, 0.005820652, 0.005958122, 0.006015832, 0.0061073047, 0.0061648935, 0.0061813053, 0.006191682, 0.006175475, 0.0061394745, 0.006115812, 0.006060119, 0.005991477, 0.0059506902, 0.0058513293, 0.005722931, 0.005646337, 0.0054688654, 0.0052624475, 0.00503313, 0.00491143, 0.004657396, 0.0043876506, 0.0042458847, 0.0039444515, 0.0036108375, 0.0032376691, 0.00303518, 0.0026026426, 0.0021517908, 0.0019349218, 0.0015776125, 0.0014200051, 0.0014260523, 0.0014913215, 0, 0, 0, 0, 0, 0, 0, 0, 0, 0, 0, 0, 0, 0, 0, 0, 0, 0, 0, 0, 0, 0, 0, 0, 0, 0, 0, 0, 0, 0, 0, 0
0, 0, 0, 0, 0, 0, 0, 0, 0, 0, 0, 0, 0, 0, 0, 0, 0, 0, 0, 0, 0, 0, 0, 0, 0, 0, 0, 0, 0, 0, 0, 0, 0, 0, 0, 0, 0, 0, 0, 0, 0, 0.0033130841, 0.002140777, 0.00083199557, 0.0005681628, 0.0005385566, 0.0005142559, 0.00047849992, 0.00045258514, 0.00039174393, 0.00033271432, 0.00028783697, 0.00027368008, 0.0002655752, 0.00028424818, 0.00030277783, 0.00035382237, 0.00041984345, 0.00045760907, 0.0005447645, 0.0006514377, 0.0007852795, 0.0008644411, 0.0010494662, 0.0012707341, 0.0013932119, 0.001656583, 0.0019341271, 0.0022160718, 0.0023567907, 0.0026375854, 0.002921657, 0.0030662648, 0.0033632682, 0.0036703811, 0.003982756, 0.004139153, 0.004447299, 0.0047431258, 0.004884321, 0.0051490283, 0.005387361, 0.005496224, 0.0056942417, 0.005868382, 0.0060186842, 0.0060848687, 0.0061968253, 0.006277932, 0.006305502, 0.006332996, 0.006324375, 0.006283275, 0.0062534767, 0.006178729, 0.0060892045, 0.00603989, 0.0059297015, 0.0057996144, 0.005725214, 0.0055551026, 0.005355994, 0.005129452, 0.005007278, 0.0047474094, 0.0044696056, 0.0043246164, 0.0040205307, 0.003693415, 0.003336572, 0.003146051, 0.0027446374, 0.002334021, 0.002140366, 0.0018390144, 0.0017969452, 0.0018991717, 0, 0, 0, 0, 0, 0, 0, 0, 0, 0, 0, 0, 0, 0, 0, 0, 0, 0, 0, 0, 0, 0, 0, 0, 0, 0, 0, 0, 0, 0, 0, 0, 0
0, 0, 0, 0, 0, 0, 0, 0, 0, 0, 0, 0, 0, 0, 0, 0, 0, 0, 0, 0, 0, 0, 0, 0, 0, 0, 0, 0, 0, 0, 0, 0, 0, 0, 0, 0, 0, 0, 0, 0, 0, 0.0018981604, 0.0016395816, 0.00126677, 0.0011579463, 0.0011542253, 0.0011680934, 0.0011666986, 0.0011561565, 0.0011188635, 0.0010699996, 0.0010228733, 0.00100403, 0.0009819863, 0.0009839303, 0.0009936102, 0.0010271461, 0.0010721413, 0.0010975323, 0.0011521874, 0.0012143803, 0.0012898498, 0.0013354534, 0.0014488884, 0.001598804, 0.0016879512, 0.0018941336, 0.0021284232, 0.0023782048, 0.0025048347, 0.0027581714, 0.0030101181, 0.003136406, 0.0033938289, 0.0036610567, 0.0039393273, 0.004082148, 0.0043700854, 0.0046551283, 0.0047940332, 0.0050574495, 0.0052963034, 0.0054048384, 0.005601475, 0.00577362, 0.0059255427, 0.005994653, 0.0061188773, 0.006219717, 0.0062592593, 0.0063113947, 0.0063234684, 0.0062943962, 0.0062657855, 0.0061846054, 0.006081044, 0.0060226694, 0.005896063, 0.005755465, 0.0056787864, 0.005509438, 0.0053158645, 0.00509374, 0.004972104, 0.0047091213, 0.00442235, 0.0042718607, 0.003958508, 0.0036311576, 0.0032942207, 0.0031251104, 0.0028052884, 0.0025621825, 0.0024977203, 0.0025240167, 0.0026684063, 0, 0, 0, 0, 0, 0, 0, 0, 0, 0, 0, 0, 0, 0, 0, 0, 0, 0, 0, 0, 0, 0, 0, 0, 0, 0, 0, 0, 0, 0, 0, 0, 0, 0
0, 0, 0, 0, 0, 0, 0, 0, 0, 0, 0, 0, 0, 0, 0, 0, 0, 0, 0, 0, 0, 0, 0, 0, 0, 0, 0, 0, 0, 0, 0, 0, 0, 0, 0, 0, 0, 0, 0, 0, 0.0017110849, 0.001526797, 0.0014405876, 0.001494469, 0.0015964806, 0.001651658, 0.0017502448, 0.0018203869, 0.0018438831, 0.0018670913, 0.0018633897, 0.0018426435, 0.0018299276, 0.0018073255, 0.0017981845, 0.001800532, 0.0018184719, 0.0018505536, 0.0018691602, 0.0019089808, 0.0019489377, 0.0019903285, 0.0020131506, 0.002069908, 0.0021500518, 0.0022024873, 0.0023338976, 0.0024994186, 0.0026909104, 0.0027925305, 0.0030005944, 0.0032086943, 0.00331211, 0.0035200373, 0.0037334226, 0.003958345, 0.0040751332, 0.0043169023, 0.004563962, 0.004687014, 0.004925787, 0.0051458445, 0.005246684, 0.0054291706, 0.00558669, 0.005727387, 0.0057924557, 0.0059130224, 0.006019316, 0.0060648355, 0.0061350553, 0.0061692693, 0.00616109, 0.006140664, 0.0060683456, 0.0059615774, 0.0058980784, 0.005756901, 0.0056015085, 0.005518807, 0.0053435294, 0.0051503107, 0.0049334457, 0.0048144436, 0.004552881, 0.004260419, 0.0041034753, 0.0037737947, 0.0034323859, 0.003097606, 0.0029433405, 0.0027073584, 0.0027057729, 0.002876077, 0.003654489, 0.004828961, 0, 0, 0, 0, 0, 0, 0, 0, 0, 0, 0, 0, 0, 0, 0, 0, 0, 0, 0, 0, 0, 0, 0, 0, 0, 0, 0, 0, 0, 0, 0, 0, 0, 0
0, 0, 0, 0, 0, 0, 0, 0, 0, 0, 0, 0, 0, 0, 0, 0, 0, 0, 0, 0, 0, 0, 0, 0, 0, 0, 0, 0, 0, 0, 0, 0, 0, 0, 0, 0, 0, 0, 0, 0.0014908422, 0.0013642896, 0.0013429739, 0.00144214, 0.0016574671, 0.0018888348, 0.001996002, 0.0021871515, 0.0023479944, 0.002416752, 0.0025298945, 0.0026085412, 0.0026532589, 0.0026646922, 0.0026719023, 0.0026701016, 0.0026703277, 0.0026777042, 0.0026986713, 0.0027139487, 0.0027490635, 0.002785428, 0.0028180692, 0.0028321773, 0.0028596842, 0.0028926765, 0.0029148113, 0.0029757204, 0.0030635416, 0.0031793937, 0.0032455367, 0.003389698, 0.0035403208, 0.0036154867, 0.003765195, 0.003916305, 0.0040742946, 0.004157499, 0.004333141, 0.0045192153, 0.0046149036, 0.004805803, 0.0049882377, 0.0050734757, 0.005228523, 0.0053628585, 0.005480626, 0.005534765, 0.0056360606, 0.005727896, 0.005768941, 0.0058379844, 0.0058805333, 0.0058872756, 0.005875285, 0.005817815, 0.0057183634, 0.005654988, 0.005506604, 0.0053379745, 0.0052486532, 0.0050629433, 0.004866731, 0.0046544233, 0.004539517, 0.0042869276, 0.003997998, 0.0038400067, 0.0034987803, 0.0031400141, 0.002799214, 0.0026556225, 0.002487727, 0.0026514512, 0.0030065344, 0.0041981307, 0, 0, 0, 0, 0, 0, 0, 0, 0, 0, 0, 0, 0, 0, 0, 0, 0, 0, 0, 0, 0, 0, 0, 0, 0, 0, 0, 0, 0, 0, 0, 0, 0, 0, 0
0, 0, 0, 0, 0, 0, 0, 0, 0, 0, 0, 0, 0, 0, 0, 0, 0, 0, 0, 0, 0, 0, 0, 0, 0, 0, 0, 0, 0, 0, 0, 0, 0, 0, 0, 0, 0, 0, 0.0007115409, 0.00091043895, 0.001077001, 0.0011807416, 0.0014404617, 0.001743261, 0.0020457222, 0.002188055, 0.0024534608, 0.0026961039, 0.0028101346, 0.003020502, 0.003201036, 0.0033426872, 0.0033970545, 0.0034721787, 0.0035120589, 0.0035230983, 0.0035384349, 0.0035571323, 0.0035704954, 0.0036055571, 0.0036467558, 0.0036861047, 0.0037020736, 0.003725849, 0.0037394231, 0.003743745, 0.003754419, 0.0037747805, 0.0038137378, 0.0038415787, 0.0039111823, 0.0039936784, 0.0040366533, 0.0041227173, 0.0042072367, 0.0042939372, 0.0043393, 0.0044377814, 0.00454804, 0.00460731, 0.0047316398, 0.004858237, 0.004919863, 0.0050356467, 0.0051375073, 0.0052248873, 0.0052637574, 0.005333642, 0.0053944937, 0.005421277, 0.0054658065, 0.00549415, 0.0054983036, 0.005488706, 0.005441174, 0.0053525795, 0.0052928496, 0.0051458008, 0.0049706106, 0.004875682, 0.0046784123, 0.00447423, 0.004262845, 0.004152313, 0.00391331, 0.00364206, 0.0034913206, 0.0031609396, 0.0028086042, 0.0024900453, 0.0023793834, 0.002361487, 0.0026147256, 0.0027494659, 0, 0, 0, 0, 0, 0, 0, 0, 0, 0, 0, 0, 0, 0, 0, 0, 0, 0, 0, 0, 0, 0, 0, 0, 0, 0, 0, 0, 0, 0, 0, 0, 0, 0, 0, 0
0, 0, 0, 0, 0, 0, 0, 0, 0, 0, 0, 0, 0, 0, 0, 0, 0, 0, 0, 0, 0, 0, 0, 0, 0, 0, 0, 0, 0, 0, 0, 0, 0, 0, 0, 0, 0, 0.00037559666, 0.00041259464, 0.00059154595, 0.00087252585, 0.0010351929, 0.0013836267, 0.0017410757, 0.00208749, 0.0022526602, 0.0025677974, 0.0028683562, 0.0030154514, 0.0033031318, 0.0035747597, 0.0038170305, 0.0039226436, 0.0040942016, 0.004213045, 0.0042543383, 0.0043108906, 0.0043502315, 0.004368594, 0.0044105058, 0.0044595194, 0.0045093447, 0.0045317174, 0.0045648487, 0.0045791217, 0.0045783957, 0.004563431, 0.0045391438, 0.004516838, 0.004510228, 0.0045086127, 0.004522391, 0.004532746, 0.0045551425, 0.0045755985, 0.004593503, 0.0046027577, 0.0046239845, 0.004653516, 0.0046719196, 0.004717472, 0.0047732904, 0.0048033283, 0.004865716, 0.004924117, 0.004972951, 0.0049933973, 0.005025254, 0.005045793, 0.0050517875, 0.005056301, 0.0050509665, 0.0050328127, 0.005017413, 0.0049677044, 0.004886485, 0.004831804, 0.004693146, 0.004519726, 0.004422628, 0.004215854, 0.0040002214, 0.003782453, 0.0036718205, 0.0034436851, 0.0031957766, 0.0030617914, 0.0027761539, 0.0024862036, 0.002256177, 0.0022096063, 0.002470762, 0.003291052, 0, 0, 0, 0, 0, 0, 0, 0, 0, 0, 0, 0, 0, 0, 0, 0, 0, 0, 0, 0, 0, 0, 0, 0, 0, 0, 0, 0, 0, 0, 0, 0, 0, 0, 0, 0, 0
0, 0, 0, 0, 0, 0, 0, 0, 0, 0, 0, 0, 0, 0, 0, 0, 0, 0, 0, 0, 0, 0, 0, 0, 0, 0, 0, 0, 0, 0, 0, 0, 0, 0, 0, 0, 0.00080216455, 0.00049845845, 0.00043562514, 0.0005282073, 0.0007853817, 0.0009471456, 0.0013045871, 0.0016796116, 0.0020492335, 0.002228323, 0.002573173, 0.0029054456, 0.0030697414, 0.0033984499, 0.0037252842, 0.0040410906, 0.004189815, 0.004457508, 0.004674104, 0.004761008, 0.004894848, 0.0049875476, 0.005024888, 0.005091147, 0.005154683, 0.00521651, 0.005244459, 0.0052901283, 0.005313789, 0.005315269, 0.0052959616, 0.005251431, 0.0051923445, 0.005161286, 0.0051044524, 0.00505815, 0.005038867, 0.0050029317, 0.0049657184, 0.0049243527, 0.004902272, 0.004855635, 0.0048103672, 0.0047892327, 0.004753654, 0.0047299317, 0.004722776, 0.004716677, 0.0047164704, 0.004716274, 0.0047143246, 0.004703243, 0.0046808105, 0.0046650697, 0.0046250126, 0.0045768474, 0.0045231767, 0.0044944505, 0.004429669, 0.0043486147, 0.004298675, 0.0041732956, 0.0040121577, 0.003918342, 0.0037099824, 0.0034844668, 0.0032534143, 0.003138036, 0.0029086515, 0.002678188, 0.0025636007, 0.0023517548, 0.0022096755, 0.0022084804, 0.002272984, 0.0024087566, 0, 0, 0, 0, 0, 0, 0, 0, 0, 0, 0, 0, 0, 0, 0, 0, 0, 0, 0, 0, 0, 0, 0, 0, 0, 0, 0, 0, 0, 0, 0, 0, 0, 0, 0, 0, 0, 0
0, 0, 0, 0, 0, 0, 0, 0, 0, 0, 0, 0, 0, 0, 0, 0, 0, 0, 0, 0, 0, 0, 0, 0, 0, 0, 0, 0, 0, 0, 0, 0, 0, 0, 0, 0.0009804866, 0.00072935375, 0.0005673198, 0.0005415014, 0.00060943794, 0.0008031055, 0.00093436486, 0.001246782, 0.0016010223, 0.0019694713, 0.0021528201, 0.002510821, 0.002855643, 0.0030248472, 0.003362502, 0.0037040368, 0.0040489873, 0.0042208945, 0.004552724, 0.0048536286, 0.0049871374, 0.00521384, 0.005387842, 0.0054579717, 0.0055737277, 0.005667438, 0.0057479227, 0.0057826624, 0.0058400184, 0.00587402, 0.0058802194, 0.0058677485, 0.005822481, 0.005750235, 0.0057071755, 0.005615862, 0.0055245706, 0.005480595, 0.0053946963, 0.005308599, 0.0052174013, 0.005169617, 0.0050689047, 0.004962421, 0.00490803, 0.004800564, 0.0046996004, 0.0046531614, 0.0045698425, 0.0044991737, 0.0044373856, 0.0044083023, 0.0043493654, 0.004284077, 0.0042480114, 0.004167634, 0.0040785847, 0.0039862585, 0.0039403387, 0.0038511306, 0.0037615623, 0.003713414, 0.0036028326, 0.0034623249, 0.0033780716, 0.003183287, 0.0029588956, 0.002718605, 0.002596634, 0.0023576154, 0.0021340412, 0.0020345268, 0.0019023423, 0.0019861623, 0.0024231276, 0.002828371, 0, 0, 0, 0, 0, 0, 0, 0, 0, 0, 0, 0, 0, 0, 0, 0, 0, 0, 0, 0, 0, 0, 0, 0, 0, 0, 0, 0, 0, 0, 0, 0, 0, 0, 0, 0, 0, 0, 0
0, 0, 0, 0, 0, 0, 0, 0, 0, 0, 0, 0, 0, 0, 0, 0, 0, 0, 0, 0, 0, 0, 0, 0, 0, 0, 0, 0, 0, 0, 0, 0, 0, 0, 0.00089852855, 0.0008237968, 0.0007308819, 0.0007125102, 0.00072433683, 0.00079008896, 0.00092115457, 0.0010131104, 0.0012509767, 0.0015501517, 0.0018882427, 0.0020643487, 0.0024168422, 0.0027610078, 0.0029286756, 0.0032585994, 0.0035878483, 0.0039240615, 0.004095891, 0.0044438997, 0.0047871904, 0.004951525, 0.0052535236, 0.0055085705, 0.0056174723, 0.0057992856, 0.0059407307, 0.00605109, 0.0060959877, 0.006167399, 0.006211787, 0.006223061, 0.0062212693, 0.0061848746, 0.006116493, 0.0060713035, 0.0059659416, 0.0058475332, 0.0057860184, 0.005660303, 0.005532244, 0.0053994604, 0.0053307232, 0.0051870276, 0.0050355666, 0.0049569933, 0.0047960603, 0.004632332, 0.0045515047, 0.0043955673, 0.004251477, 0.0041216244, 0.004061392, 0.0039489, 0.003840596, 0.0037859888, 0.0036729923, 0.003551923, 0.003426711, 0.0033645523, 0.003246952, 0.0031402167, 0.0030900144, 0.002988728, 0.0028717888, 0.0028030935, 0.0026372334, 0.0024337745, 0.0022001038, 0.0020773904, 0.0018347518, 0.0016219795, 0.0015411176, 0.0014844213, 0.001778724, 0.0025601918, 0, 0, 0, 0, 0, 0, 0, 0, 0, 0, 0, 0, 0, 0, 0, 0, 0, 0, 0, 0, 0, 0, 0, 0, 0, 0, 0, 0, 0, 0, 0, 0, 0, 0, 0, 0, 0, 0, 0, 0
0, 0, 0, 0, 0, 0, 0, 0, 0, 0, 0, 0, 0, 0, 0, 0, 0, 0, 0, 0, 0, 0, 0, 0, 0, 0, 0, 0, 0, 0, 0, 0, 0, 0.0020506373, 0.0013154765, 0.0010940031, 0.0009793894, 0.0010146707, 0.0010426003, 0.0011007361, 0.0011761524, 0.0012283168, 0.0013767604, 0.0015912671, 0.0018634254, 0.0020153115, 0.0023362096, 0.0026628322, 0.0028236348, 0.003138188, 0.003445091, 0.0037527017, 0.003909355, 0.004232235, 0.004566884, 0.004735717, 0.0050658034, 0.005369952, 0.0055076485, 0.005747729, 0.0059395693, 0.0060866624, 0.0061453143, 0.006235532, 0.0062920535, 0.006308334, 0.006317236, 0.006293667, 0.006237943, 0.0061976174, 0.006094876, 0.0059675286, 0.0058967085, 0.00574515, 0.005583828, 0.005414983, 0.005328207, 0.0051496625, 0.0049649444, 0.0048705745, 0.0046760673, 0.0044732452, 0.0043694745, 0.0041594445, 0.0039534797, 0.0037596014, 0.0036685348, 0.003499967, 0.0033473307, 0.0032756026, 0.00313577, 0.0029943471, 0.0028479544, 0.0027740775, 0.0026313462, 0.0025038952, 0.002447516, 0.002345376, 0.0022468262, 0.0021936842, 0.0020666686, 0.0019028512, 0.0016998776, 0.0015867538, 0.0013596528, 0.0011835649, 0.0011448497, 0.0012195184, 0.001408658, 0, 0, 0, 0, 0, 0, 0, 0, 0, 0, 0, 0, 0, 0, 0, 0, 0, 0, 0, 0, 0, 0, 0, 0, 0, 0, 0, 0, 0, 0, 0, 0, 0, 0, 0, 0, 0, 0, 0, 0, 0
0, 0, 0, 0, 0, 0, 0, 0, 0, 0, 0, 0, 0, 0, 0, 0, 0, 0, 0, 0, 0, 0, 0, 0, 0, 0, 0, 0, 0, 0, 0, 0, 0, 0.0017510629, 0.0014946739, 0.0014250831, 0.0014223511, 0.0014939373, 0.0015292126, 0.0015801098, 0.0016132962, 0.0016307655, 0.0016910691, 0.0018031433, 0.0019772623, 0.0020861602, 0.0023375566, 0.0026169638, 0.0027603363, 0.003044928, 0.0033226805, 0.0035933838, 0.003728441, 0.00400372, 0.00429135, 0.0044404585, 0.0047438596, 0.005043614, 0.0051866365, 0.0054490524, 0.005670602, 0.0058463328, 0.0059173685, 0.0060271197, 0.006097682, 0.0061195195, 0.006139329, 0.0061289794, 0.006088019, 0.006056004, 0.005967788, 0.0058484846, 0.0057775243, 0.005617228, 0.0054365117, 0.005240112, 0.0051378543, 0.004928844, 0.0047184485, 0.004613136, 0.004401159, 0.0041820197, 0.004068118, 0.0038320152, 0.003588905, 0.0033479696, 0.0032314265, 0.003012669, 0.002816809, 0.0027280007, 0.0025647886, 0.0024115432, 0.0022576714, 0.0021793179, 0.00202387, 0.0018786698, 0.0018143657, 0.0017034621, 0.0016129892, 0.0015704696, 0.0014794704, 0.0013637701, 0.0012111086, 0.0011216335, 0.0009361904, 0.00081546436, 0.00083496416, 0.0012734919, 0, 0, 0, 0, 0, 0, 0, 0, 0, 0, 0, 0, 0, 0, 0, 0, 0, 0, 0, 0, 0, 0, 0, 0, 0, 0, 0, 0, 0, 0, 0, 0, 0, 0, 0, 0, 0, 0, 0, 0, 0, 0
0, 0, 0, 0, 0, 0, 0, 0, 0, 0, 0, 0, 0, 0, 0, 0, 0, 0, 0, 0, 0, 0, 0, 0, 0, 0, 0, 0, 0, 0, 0, 0, 0.0023274363, 0.0018990638, 0.0018560276, 0.0018957834, 0.0020117294, 0.0021244402, 0.0021678763, 0.0022215266, 0.0022355206, 0.002232858, 0.0022263818, 0.002242864, 0.002305659, 0.0023584808, 0.0025044705, 0.0026954056, 0.0028014749, 0.003025446, 0.0032519687, 0.0034747438, 0.003584591, 0.0038036453, 0.004026321, 0.0041407626, 0.00437744, 0.004621281, 0.0047428957, 0.0049780225, 0.0051902398, 0.0053696353, 0.005445264, 0.00556648, 0.0056486977, 0.0056759943, 0.0057058623, 0.005705475, 0.0056778793, 0.0056538633, 0.0055842167, 0.0054835356, 0.0054206923, 0.005270068, 0.005088238, 0.00487965, 0.004768008, 0.004537364, 0.0043063867, 0.004192752, 0.0039705653, 0.0037491492, 0.0036358596, 0.0033988839, 0.003147248, 0.0028860685, 0.0027549118, 0.002500878, 0.0022690804, 0.0021649946, 0.0019801685, 0.001821069, 0.0016718605, 0.001596789, 0.0014442124, 0.0012942331, 0.0012245887, 0.0011037167, 0.0010119063, 0.00097478915, 0.0009073818, 0.00083318853, 0.00073906966, 0.0006846873, 0.0005798997, 0.0005286409, 0.0005404586, 0, 0, 0, 0, 0, 0, 0, 0, 0, 0, 0, 0, 0, 0, 0, 0, 0, 0, 0, 0, 0, 0, 0, 0, 0, 0, 0, 0, 0, 0, 0, 0, 0, 0, 0, 0, 0, 0, 0, 0, 0, 0, 0
0, 0, 0, 0, 0, 0, 0, 0, 0, 0, 0, 0, 0, 0, 0, 0, 0, 0, 0, 0, 0, 0, 0, 0, 0, 0, 0, 0, 0, 0, 0, 0.0048087738, 0.003212237, 0.0025266933, 0.0025126585, 0.002582777, 0.002744114, 0.0028759416, 0.0029240744, 0.0029833454, 0.0029962875, 0.0029879154, 0.0029503284, 0.0029032398, 0.0028714507, 0.0028674195, 0.0028914164, 0.002959756, 0.00300852, 0.0031281074, 0.0032673383, 0.0034170628, 0.003493611, 0.0036466955, 0.0037980399, 0.0038733098, 0.004025649, 0.0041834596, 0.0042653154, 0.004431328, 0.004594621, 0.0047450787, 0.004812074, 0.004926973, 0.0050106663, 0.0050402507, 0.0050737457, 0.0050774715, 0.005055188, 0.0050356574, 0.004979832, 0.0048987647, 0.00484732, 0.004719849, 0.0045568338, 0.0043583056, 0.0042476957, 0.0040116906, 0.0037695412, 0.0036500879, 0.0034199813, 0.0032000912, 0.0030914554, 0.0028694351, 0.0026324145, 0.0023781902, 0.002245845, 0.0019801855, 0.001727693, 0.0016124692, 0.0014104974, 0.0012471628, 0.0011085189, 0.0010427957, 0.0009084279, 0.00077079516, 0.0007035108, 0.0005811154, 0.00048600303, 0.00044924265, 0.0003903036, 0.00033865008, 0.00029141674, 0.00027777723, 0.00030725534, 0.00046212284, 0.0005224651, 0, 0, 0, 0, 0, 0, 0, 0, 0, 0, 0, 0, 0, 0, 0, 0, 0, 0, 0, 0, 0, 0, 0, 0, 0, 0, 0, 0, 0, 0, 0, 0, 0, 0, 0, 0, 0, 0, 0, 0, 0, 0, 0
0, 0, 0, 0, 0, 0, 0, 0, 0, 0, 0, 0, 0, 0, 0, 0, 0, 0, 0, 0, 0, 0, 0, 0, 0, 0, 0, 0, 0, 0, 0.0053475956, 0.004572925, 0.0036495884, 0.0033157426, 0.003362434, 0.0034375086, 0.0035955017, 0.0037172122, 0.0037604626, 0.003813618, 0.003827138, 0.003819702, 0.0037779894, 0.0037070264, 0.0036187738, 0.0035732, 0.003489702, 0.0034285763, 0.0034086653, 0.0033927516, 0.00340755, 0.0034501303, 0.0034791008, 0.003547931, 0.0036205167, 0.003655829, 0.0037235946, 0.0037900016, 0.0038252375, 0.003902427, 0.0039891154, 0.0040807854, 0.004126326, 0.0042104363, 0.004277902, 0.0043025473, 0.004329513, 0.00432685, 0.0042985473, 0.0042766244, 0.0042205113, 0.0041500544, 0.004107591, 0.0040059327, 0.0038737769, 0.0037067435, 0.0036099127, 0.0033924954, 0.0031567465, 0.00303692, 0.0028030628, 0.0025841282, 0.0024797735, 0.002276047, 0.0020657913, 0.0018388458, 0.0017179255, 0.0014669393, 0.0012159344, 0.0010968606, 0.0008859683, 0.00071846705, 0.00058935524, 0.00053353957, 0.00042571969, 0.00031463418, 0.0002571176, 0.00014643816, 5.2201205e-05, 1.3384679e-05, -4.9893468e-05, -0.000101686775, -0.00013335068, -0.00011918177, 9.49157e-05, 0, 0, 0, 0, 0, 0, 0, 0, 0, 0, 0, 0, 0, 0, 0, 0, 0, 0, 0, 0, 0, 0, 0, 0, 0, 0, 0, 0, 0, 0, 0, 0, 0, 0, 0, 0, 0, 0, 0, 0, 0, 0, 0, 0, 0
0, 0, 0, 0, 0, 0, 0, 0, 0, 0, 0, 0, 0, 0, 0, 0, 0, 0, 0, 0, 0, 0, 0, 0, 0, 0, 0, 0, 0, 0.0047380934, 0.0042573037, 0.0040654917, 0.003905654, 0.0039800853, 0.004168934, 0.0042713066, 0.0044490863, 0.0045704953, 0.0046097017, 0.004653143, 0.0046594935, 0.0046512485, 0.004612278, 0.0045409133, 0.004434842, 0.0043694004, 0.0042187353, 0.0040555024, 0.003974204, 0.003823584, 0.003699008, 0.0036103888, 0.0035792412, 0.003540881, 0.0035232715, 0.003517209, 0.0035039876, 0.0034870151, 0.0034781788, 0.003465035, 0.003463017, 0.003475673, 0.0034866538, 0.0035148503, 0.0035440833, 0.003555492, 0.0035623617, 0.0035427662, 0.003496266, 0.0034649542, 0.0033925653, 0.0033137496, 0.0032730624, 0.0031856396, 0.0030838402, 0.0029589974, 0.0028845596, 0.0027099536, 0.0025040896, 0.002393298, 0.0021679848, 0.0019527775, 0.0018522172, 0.0016640014, 0.0014830362, 0.001294413, 0.0011941988, 0.0009797434, 0.00075468956, 0.000642615, 0.00043484362, 0.00026428746, 0.00013857851, 8.9230794e-05, 4.7422814e-06, -7.7540215e-05, -0.00012185504, -0.00021329673, -0.00030279384, -0.00034486543, -0.0004231588, -0.00050029106, -0.00055950903, -0.0005636108, 0, 0, 0, 0, 0, 0, 0, 0, 0, 0, 0, 0, 0, 0, 0, 0, 0, 0, 0, 0, 0, 0, 0, 0, 0, 0, 0, 0, 0, 0, 0, 0, 0, 0, 0, 0, 0, 0, 0, 0, 0, 0, 0, 0, 0, 0
0, 0, 0, 0, 0, 0, 0, 0, 0, 0, 0, 0, 0, 0, 0, 0, 0, 0, 0, 0, 0, 0, 0, 0, 0, 0, 0, 0, 0.0021781186, 0.0028381252, 0.0031878669, 0.0033736918, 0.0037982508, 0.0042424207, 0.004644979, 0.0048181326, 0.005095331, 0.0052791056, 0.0053381794, 0.005402769, 0.005413783, 0.005404952, 0.0053665363, 0.005299817, 0.0051963255, 0.0051280237, 0.004954409, 0.004738336, 0.004618996, 0.0043713134, 0.0041298717, 0.0039151143, 0.0038219034, 0.0036668377, 0.0035480089, 0.0034978616, 0.0034052078, 0.0033122788, 0.0032644682, 0.003167639, 0.0030754153, 0.0029972978, 0.0029653707, 0.0029160257, 0.0028848606, 0.0028725802, 0.0028445383, 0.0027985699, 0.0027263318, 0.0026814954, 0.0025807112, 0.0024769795, 0.0024277538, 0.002334628, 0.002247713, 0.0021581592, 0.0021074724, 0.0019860486, 0.0018302866, 0.0017394237, 0.0015422249, 0.0013419581, 0.0012472001, 0.001073857, 0.0009194672, 0.0007716395, 0.0006960574, 0.0005344891, 0.00035624037, 0.00026216925, 7.554925e-05, -9.119436e-05, -0.00021914189, -0.00026722052, -0.0003412217, -0.000403421, -0.00043690138, -0.0005154134, -0.0006091488, -0.0006598061, -0.0007676348, -0.00088955945, -0.00096927246, -0.0010205203, 0, 0, 0, 0, 0, 0, 0, 0, 0, 0, 0, 0, 0, 0, 0, 0, 0, 0, 0, 0, 0, 0, 0, 0, 0, 0, 0, 0, 0, 0, 0, 0, 0, 0, 0, 0, 0, 0, 0, 0, 0, 0, 0, 0, 0, 0
0, 0, 0, 0, 0, 0, 0, 0, 0, 0, 0, 0, 0, 0, 0, 0, 0, 0, 0, 0, 0, 0, 0, 0, 0, 0, 0, -0.00014288384, 0.0004728881, 0.001332271, 0.0020774037, 0.0024563784, 0.0032182212, 0.0039395634, 0.0045711314, 0.004844385, 0.005297937, 0.0056264563, 0.0057456344, 0.005901265, 0.0059667635, 0.0059734145, 0.0059509585, 0.0058928328, 0.005799219, 0.0057364926, 0.005571617, 0.0053515974, 0.0052228374, 0.0049378234, 0.0046339347, 0.004334046, 0.0041928887, 0.0039372453, 0.0037218595, 0.0036273184, 0.0034541003, 0.0032883512, 0.0032042312, 0.003030815, 0.0028542608, 0.0026841073, 0.0026053372, 0.0024661545, 0.0023564333, 0.0023118367, 0.0022328964, 0.0021514366, 0.0020503728, 0.0019914876, 0.0018600299, 0.0017236703, 0.0016587073, 0.0015412786, 0.0014450463, 0.0013675833, 0.001332413, 0.0012557223, 0.0011549122, 0.0010911142, 0.0009390083, 0.0007701504, 0.00068636314, 0.000532388, 0.00040247806, 0.00029223875, 0.00024051638, 0.000136124, 1.8102963e-05, -4.8139278e-05, -0.00019438963, -0.00034252545, -0.0004685427, -0.00051811343, -0.0005923443, -0.0006490829, -0.00067990995, -0.00076473725, -0.00089633884, -0.0009768192, -0.0011331853, -0.001302144, 0, 0, 0, 0, 0, 0, 0, 0, 0, 0, 0, 0, 0, 0, 0, 0, 0, 0, 0, 0, 0, 0, 0, 0, 0, 0, 0, 0, 0, 0, 0, 0, 0, 0, 0, 0, 0, 0, 0, 0, 0, 0, 0, 0, 0, 0, 0, 0
0, 0, 0, 0, 0, 0, 0, 0, 0, 0, 0, 0, 0, 0, 0, 0, 0, 0, 0, 0, 0, 0, 0, 0, 0, 0, -0.0018052196, -0.0008678272, -0.00049513165, 0.00020853536, 0.0009653157, 0.0013754211, 0.002232466, 0.0030873541, 0.0038861344, 0.0042520915, 0.0049013537, 0.0054259594, 0.0056377887, 0.005960078, 0.006153599, 0.0062086848, 0.006252569, 0.0062318793, 0.0061635664, 0.00611277, 0.005975226, 0.005785368, 0.0056708977, 0.005406446, 0.0051049725, 0.0047839847, 0.0046218256, 0.0043083783, 0.0040206406, 0.0038882908, 0.003641284, 0.0034062066, 0.0032889294, 0.0030485217, 0.0028015517, 0.0025530371, 0.0024320988, 0.0022050648, 0.0020089885, 0.0019249325, 0.0017806259, 0.001652506, 0.0015200465, 0.001448004, 0.0012914228, 0.0011268238, 0.0010459523, 0.00089503126, 0.0007683607, 0.000674037, 0.0006386297, 0.0005807804, 0.00052028714, 0.0004817689, 0.00038084426, 0.00025531062, 0.00018870895, 6.200864e-05, -4.4771914e-05, -0.00012602952, -0.00015842404, -0.00021414668, -0.0002717442, -0.00030739847, -0.000398434, -0.00050979725, -0.0006213718, -0.00066956866, -0.0007462397, -0.00080688985, -0.0008407528, -0.00095345464, -0.0011873349, -0.0013577326, -0.0016177206, 0, 0, 0, 0, 0, 0, 0, 0, 0, 0, 0, 0, 0, 0, 0, 0, 0, 0, 0, 0, 0, 0, 0, 0, 0, 0, 0, 0, 0, 0, 0, 0, 0, 0, 0, 0, 0, 0, 0, 0, 0, 0, 0, 0, 0, 0, 0, 0, 0
0, 0, 0, 0, 0, 0, 0, 0, 0, 0, 0, 0, 0, 0, 0, 0, 0, 0, 0, 0, 0, 0, 0, 0, 0, -0.0021463397, -0.0017939976, -0.0013880408, -0.0011849299, -0.0007182817, -0.0001196796, 0.0002306372, 0.0010103275, 0.0018519781, 0.0027055847, 0.0031225316, 0.0039127474, 0.0046165055, 0.0049263947, 0.0054479097, 0.005828605, 0.0059665767, 0.006146967, 0.0062214, 0.006217565, 0.006192428, 0.0061038053, 0.0059675435, 0.0058826683, 0.0056802183, 0.005435303, 0.0051534614, 0.005001388, 0.004685373, 0.004367844, 0.0042126942, 0.003912813, 0.0036231026, 0.0034797494, 0.0031925894, 0.0028998915, 0.0026018743, 0.002452191, 0.0021581806, 0.0018846238, 0.0017603424, 0.0015408689, 0.0013546116, 0.0011841259, 0.0010990496, 0.00092303334, 0.0007387669, 0.00064576505, 0.000463482, 0.000298404, 0.00016503944, 0.000113989314, 4.015119e-05, -1.11032705e-05, -3.5961042e-05, -9.7964614e-05, -0.00018031847, -0.00022726652, -0.00032215493, -0.00040521898, -0.00046650134, -0.00048762793, -0.0005125094, -0.0005256272, -0.0005340506, -0.0005677563, -0.00063063053, -0.0007131976, -0.00075534894, -0.00083270494, -0.00090428226, -0.00094592414, -0.001082917, -0.0014308702, -0.0018077235, -0.0024012667, 0, 0, 0, 0, 0, 0, 0, 0, 0, 0, 0, 0, 0, 0, 0, 0, 0, 0, 0, 0, 0, 0, 0, 0, 0, 0, 0, 0, 0, 0, 0, 0, 0, 0, 0, 0, 0, 0, 0, 0, 0, 0, 0, 0, 0, 0, 0, 0, 0
0, 0, 0, 0, 0, 0, 0, 0, 0, 0, 0, 0, 0, 0, 0, 0, 0, 0, 0, 0, 0, 0, 0, -0.0029209312, -0.00271076, -0.0020339396, -0.0017990957, -0.0017122092, -0.0016565453, -0.0014502609, -0.0010809106, -0.00083457236, -0.00023355054, 0.0004812789, 0.0012726586, 0.0016850417, 0.002514883, 0.0033176858, 0.0036963308, 0.0043853265, 0.004957899, 0.0051941546, 0.005560416, 0.0057922117, 0.00590959, 0.005933616, 0.005928262, 0.0058688833, 0.005823288, 0.0057028616, 0.0055446792, 0.005342824, 0.005225001, 0.0049582557, 0.004659488, 0.0045037568, 0.004187878, 0.0038741578, 0.0037191522, 0.0034127524, 0.0031081273, 0.0027979286, 0.0026393263, 0.0023143233, 0.0019899702, 0.001833678, 0.0015453898, 0.0012947806, 0.0010766754, 0.00097493106, 0.0007760568, 0.00057660654, 0.00047534824, 0.0002710141, 7.0880254e-05, -0.000109811386, -0.00018651177, -0.00030576703, -0.00038354882, -0.00041233792, -0.0004636999, -0.00051934115, -0.0005502634, -0.00061568094, -0.0006771103, -0.0007250404, -0.00074108323, -0.00075373467, -0.00074377883, -0.0007346895, -0.000723319, -0.00073797413, -0.00078508595, -0.00081910926, -0.0009041748, -0.0010136741, -0.0010782722, -0.0012256539, -0.0014031394, 0, 0, 0, 0, 0, 0, 0, 0, 0, 0, 0, 0, 0, 0, 0, 0, 0, 0, 0, 0, 0, 0, 0, 0, 0, 0, 0, 0, 0, 0, 0, 0, 0, 0, 0, 0, 0, 0, 0, 0, 0, 0, 0, 0, 0, 0, 0, 0, 0, 0, 0
0, 0, 0, 0, 0, 0, 0, 0, 0, 0, 0, 0, 0, 0, 0, 0, 0, 0, 0, 0, 0, 0, 0, -0.001562942, -0.0016027106, -0.0015358914, -0.0015919352, -0.001748945, -0.0018182708, -0.0018686089, -0.0017573456, -0.0016368903, -0.0012713321, -0.0007572461, -0.00011802087, 0.00023882926, 0.0010027046, 0.0017990767, 0.0021966924, 0.0029677902, 0.003675743, 0.003994854, 0.0045446996, 0.004961002, 0.0052432204, 0.005339196, 0.00545758, 0.005499902, 0.0055006337, 0.0054703457, 0.005404342, 0.005298159, 0.0052270396, 0.0050437013, 0.004808232, 0.0046745976, 0.0043868404, 0.004087423, 0.0039374703, 0.003644043, 0.0033578167, 0.0030707703, 0.0029222718, 0.0026087211, 0.0022748231, 0.0021044316, 0.001770536, 0.0014641446, 0.001192617, 0.0010687921, 0.000836713, 0.0006178102, 0.0005093393, 0.00029041508, 6.631904e-05, -0.00015400606, -0.0002569954, -0.00043531772, -0.00056825613, -0.000618077, -0.0006940802, -0.000751724, -0.0007776799, -0.0008259158, -0.00087161054, -0.0009103109, -0.0009252727, -0.0009382823, -0.0009244766, -0.0009082948, -0.00087121624, -0.00084827933, -0.0008636218, -0.0008913727, -0.0010020476, -0.0012105945, -0.0013529584, -0.0015927436, 0, 0, 0, 0, 0, 0, 0, 0, 0, 0, 0, 0, 0, 0, 0, 0, 0, 0, 0, 0, 0, 0, 0, 0, 0, 0, 0, 0, 0, 0, 0, 0, 0, 0, 0, 0, 0, 0, 0, 0, 0, 0, 0, 0, 0, 0, 0, 0, 0, 0, 0, 0
0, 0, 0, 0, 0, 0, 0, 0, 0, 0, 0, 0, 0, 0, 0, 0, 0, 0, 0, 0, 0, 0, -0.0002598535, -0.00056592544, -0.00063508353, -0.0007728308, -0.0010188022, -0.0013537416, -0.0015232516, -0.0018080391, -0.0019622778, -0.0019791932, -0.001883742, -0.0016187875, -0.0011940459, -0.0009287849, -0.000311942, 0.0003861475, 0.0007536992, 0.0015067445, 0.0022557091, 0.002617966, 0.003290408, 0.0038637365, 0.004313548, 0.004490096, 0.004754105, 0.004915982, 0.0049669524, 0.0050249123, 0.005041873, 0.00502388, 0.005000211, 0.004914199, 0.004769744, 0.004675807, 0.0044539985, 0.0042044357, 0.004075042, 0.0038176088, 0.003568193, 0.0033233073, 0.0031979, 0.002928522, 0.0026267965, 0.0024636926, 0.0021240574, 0.00178682, 0.0014718936, 0.001325958, 0.0010558581, 0.00081020774, 0.0006934432, 0.00046469635, 0.00022964692, -1.3686563e-05, -0.00013596186, -0.0003670326, -0.00056366605, -0.0006449908, -0.0007738783, -0.0008645135, -0.00089947076, -0.0009543005, -0.000997473, -0.0010340585, -0.0010492929, -0.0010693612, -0.0010645476, -0.001051864, -0.0010116235, -0.0009733475, -0.0009697866, -0.0009956599, -0.0011410852, -0.0014790685, -0.0017802289, -0.0022803468, 0, 0, 0, 0, 0, 0, 0, 0, 0, 0, 0, 0, 0, 0, 0, 0, 0, 0, 0, 0, 0, 0, 0, 0, 0, 0, 0, 0, 0, 0, 0, 0, 0, 0, 0, 0, 0, 0, 0, 0, 0, 0, 0, 0, 0, 0, 0, 0, 0, 0, 0, 0
0, 0, 0, 0, 0, 0, 0, 0, 0, 0, 0, 0, 0, 0, 0, 0, 0, 0, 0, 0, 0, -0.000121839716, 1.8792638e-05, 0.00013693128, 0.0001697409, 0.00012677933, -9.71787e-05, -0.00047537277, -0.00069704367, -0.0011483604, -0.0015392769, -0.0016914663, -0.0018846545, -0.001905015, -0.001742898, -0.0015956853, -0.0011833587, -0.00064684043, -0.0003439684, 0.00031120307, 0.0010104465, 0.0013673025, 0.002072383, 0.0027304064, 0.003301557, 0.003546192, 0.0039437804, 0.004222026, 0.004321219, 0.0044560963, 0.004534855, 0.0045825937, 0.00459644, 0.0045966217, 0.004546615, 0.004499694, 0.0043644803, 0.004185513, 0.0040856036, 0.0038756928, 0.0036650829, 0.003462338, 0.0033613616, 0.0031495187, 0.0029069784, 0.0027699475, 0.0024664407, 0.0021391092, 0.0018114939, 0.0016538526, 0.0013576406, 0.0010884755, 0.00096363755, 0.0007261623, 0.000491177, 0.00024451836, 0.00011560343, -0.00014573125, -0.0003929791, -0.0005046359, -0.0006964228, -0.00084256846, -0.0008996237, -0.0009871769, -0.0010482788, -0.0010945076, -0.0011140609, -0.0011452922, -0.0011598845, -0.0011601683, -0.0011496894, -0.00113717, -0.001149839, -0.001180393, -0.0013370626, -0.0016666233, 0, 0, 0, 0, 0, 0, 0, 0, 0, 0, 0, 0, 0, 0, 0, 0, 0, 0, 0, 0, 0, 0, 0, 0, 0, 0, 0, 0, 0, 0, 0, 0, 0, 0, 0, 0, 0, 0, 0, 0, 0, 0, 0, 0, 0, 0, 0, 0, 0, 0, 0, 0, 0, 0
0, 0, 0, 0, 0, 0, 0, 0, 0, 0, 0, 0, 0, 0, 0, 0, 0, 0, 0, -0.000707701, -0.000416036, -0.00020014225, 0.000230985, 0.00065433164, 0.0008278987, 0.0010374807, 0.0010187066, 0.0007701981, 0.0005746926, 8.9550274e-05, -0.00044618515, -0.00070568436, -0.0011634743, -0.0014850611, -0.001624107, -0.0016178598, -0.0014589041, -0.0011298888, -0.0009151047, -0.0004080439, 0.00017795232, 0.0004927101, 0.0011475122, 0.0018041906, 0.0024226976, 0.002704675, 0.0031917961, 0.0035586779, 0.003695212, 0.0038866545, 0.003999491, 0.0040750857, 0.0041069626, 0.004158112, 0.0041782227, 0.004171234, 0.004117146, 0.0040119775, 0.0039431388, 0.003781372, 0.0036039685, 0.003429424, 0.0033461705, 0.0031827437, 0.0030049994, 0.0029033793, 0.0026665388, 0.002390835, 0.0020938048, 0.0019443798, 0.0016517197, 0.00137713, 0.0012486973, 0.001008342, 0.00078052154, 0.00054661086, 0.00042305407, 0.00016248187, -0.000105787454, -0.00023619292, -0.0004777699, -0.00068163755, -0.0007676755, -0.0009074106, -0.0010080263, -0.0010792933, -0.0011080499, -0.0011566494, -0.0012000484, -0.0012229183, -0.001284953, -0.0013810104, -0.0014924118, -0.0015527764, -0.0016155143, 0, 0, 0, 0, 0, 0, 0, 0, 0, 0, 0, 0, 0, 0, 0, 0, 0, 0, 0, 0, 0, 0, 0, 0, 0, 0, 0, 0, 0, 0, 0, 0, 0, 0, 0, 0, 0, 0, 0, 0, 0, 0, 0, 0, 0, 0, 0, 0, 0, 0, 0, 0, 0, 0, 0
0, 0, 0, 0, 0, 0, 0, 0, 0, 0, 0, 0, 0, 0, 0, 0, 0, 0, -0.00019370545, -0.0004061193, -0.00029342461, -0.00011702947, 0.00038243565, 0.0009885647, 0.0012873587, 0.0017921467, 0.002089044, 0.0021237724, 0.002041673, 0.0017006391, 0.0011798856, 0.00087859406, 0.0002507092, -0.00033312768, -0.00078311487, -0.00093569554, -0.0010759629, -0.0010014602, -0.0008948744, -0.00057231216, -0.00013620815, 0.00011453746, 0.00066455064, 0.0012539878, 0.0018469363, 0.0021322365, 0.002650725, 0.0030657905, 0.0032250131, 0.0034470237, 0.0035642707, 0.0036262765, 0.0036501703, 0.0036955152, 0.0037324638, 0.0037427552, 0.0037369372, 0.00368638, 0.0036432457, 0.003522683, 0.003370341, 0.0032110608, 0.003136345, 0.0030012496, 0.0028737371, 0.0028053543, 0.0026442276, 0.0024450682, 0.0022156774, 0.0020933512, 0.0018415146, 0.0015886901, 0.0014662421, 0.0012355458, 0.0010219249, 0.0008129888, 0.0007041279, 0.00047117678, 0.00021834618, 8.777722e-05, -0.00017113565, -0.00041343574, -0.0005242204, -0.0007177962, -0.00086993974, -0.0009828458, -0.0010273978, -0.0011033372, -0.0011809669, -0.0012318402, -0.0014032931, -0.0017374231, -0.002070561, -0.0022043874, 0, 0, 0, 0, 0, 0, 0, 0, 0, 0, 0, 0, 0, 0, 0, 0, 0, 0, 0, 0, 0, 0, 0, 0, 0, 0, 0, 0, 0, 0, 0, 0, 0, 0, 0, 0, 0, 0, 0, 0, 0, 0, 0, 0, 0, 0, 0, 0, 0, 0, 0, 0, 0, 0, 0, 0
0, 0, 0, 0, 0, 0, 0, 0, 0, 0, 0, 0, 0, 0, 0, 0, 0, 0.0015437143, 0.0009000319, 0.00016940736, 3.5424713e-07, 7.4492295e-05, 0.00047261163, 0.0011172517, 0.0014903556, 0.0022366482, 0.0028650784, 0.0032686547, 0.0033657262, 0.0033362494, 0.0030243099, 0.0027767252, 0.0021477835, 0.001420763, 0.00071584655, 0.00040907797, -5.479642e-05, -0.00028337692, -0.0003105229, -0.00021524767, 3.9940758e-05, 0.00021297876, 0.0006296943, 0.0011144216, 0.0016352454, 0.0018977307, 0.0024009508, 0.0028287366, 0.002999055, 0.0032344908, 0.0033375414, 0.0033517557, 0.0033437333, 0.0033220346, 0.0033064163, 0.0033002615, 0.003283238, 0.0032454224, 0.0032135118, 0.0031166319, 0.002981733, 0.0028315028, 0.0027595751, 0.0026343234, 0.0025320717, 0.0024846203, 0.002381665, 0.0022564202, 0.002105067, 0.002020436, 0.0018338738, 0.001629522, 0.0015250938, 0.00132212, 0.001135301, 0.0009602395, 0.0008725623, 0.0006864526, 0.00047903438, 0.00036727398, 0.00013132248, -0.00011228131, -0.00023254845, -0.00046129746, -0.00066081603, -0.00082281104, -0.0008905248, -0.0010105112, -0.0011341904, -0.0012131096, -0.001476135, -0.0021821312, -0.0028616942, 0, 0, 0, 0, 0, 0, 0, 0, 0, 0, 0, 0, 0, 0, 0, 0, 0, 0, 0, 0, 0, 0, 0, 0, 0, 0, 0, 0, 0, 0, 0, 0, 0, 0, 0, 0, 0, 0, 0, 0, 0, 0, 0, 0, 0, 0, 0, 0, 0, 0, 0, 0, 0, 0, 0, 0, 0
0, 0, 0, 0, 0, 0, 0, 0, 0, 0, 0, 0, 0, 0, 0, 0, 0.010542525, 0.0045711454, 0.0028868828, 0.0012659704, 0.00061641895, 0.00049466355, 0.0005890733, 0.0010811061, 0.0014409657, 0.0022908235, 0.0031720991, 0.003933682, 0.004231849, 0.0046133664, 0.004671316, 0.0045756926, 0.0041506053, 0.0034713903, 0.002650872, 0.0022340848, 0.0014799626, 0.0009248481, 0.00073974155, 0.0005543436, 0.0005815967, 0.000660543, 0.00092018856, 0.0012813468, 0.0017107169, 0.0019400176, 0.0024056372, 0.0028313557, 0.0030095258, 0.0032622467, 0.00335921, 0.0033227603, 0.003271542, 0.0031428274, 0.0030141037, 0.0029566195, 0.0028581037, 0.002771656, 0.0027264417, 0.002619529, 0.0024855335, 0.0023358644, 0.0022623255, 0.0021320032, 0.002030414, 0.001987234, 0.0019075056, 0.0018257757, 0.0017332038, 0.0016811327, 0.0015612118, 0.0014198542, 0.0013428971, 0.001188191, 0.0010441073, 0.0009139858, 0.0008515633, 0.0007233824, 0.00058169605, 0.0005027612, 0.00032500454, 0.00012224332, 1.2593715e-05, -0.0002146975, -0.00043883215, -0.00064397155, -0.00073928514, -0.0009244136, -0.0011303017, -0.0012523852, -0.001526467, 0, 0, 0, 0, 0, 0, 0, 0, 0, 0, 0, 0, 0, 0, 0, 0, 0, 0, 0, 0, 0, 0, 0, 0, 0, 0, 0, 0, 0, 0, 0, 0, 0, 0, 0, 0, 0, 0, 0, 0, 0, 0, 0, 0, 0, 0, 0, 0, 0, 0, 0, 0, 0, 0, 0, 0, 0, 0, 0
0, 0, 0, 0, 0, 0, 0, 0, 0, 0, 0, 0, 0, 0, 0, 0.00968615, 0.0083048595, 0.0055647218, 0.0043617487, 0.0026730802, 0.0015959867, 0.0012300384, 0.00085720426, 0.0009881568, 0.0012293928, 0.001982283, 0.0029525866, 0.0039637806, 0.004434217, 0.0052237418, 0.0057265707, 0.005847792, 0.0058038495, 0.005382572, 0.0046494445, 0.0042066253, 0.0032778853, 0.00243479, 0.0020867556, 0.0015772397, 0.0013210792, 0.001279406, 0.001340986, 0.0015571883, 0.0018849256, 0.002079562, 0.0025065849, 0.0029379432, 0.0031323999, 0.0034315716, 0.003561589, 0.0035123804, 0.0034320487, 0.0032048007, 0.0029425805, 0.0028142475, 0.0025816972, 0.002384575, 0.0022963376, 0.00212758, 0.0019567315, 0.0017834326, 0.0016993752, 0.0015474327, 0.0014217638, 0.0013682741, 0.0012748855, 0.0011943899, 0.0011219244, 0.0010866694, 0.0010128545, 0.00092900713, 0.0008829298, 0.00079054694, 0.00070594175, 0.00063323363, 0.00060027186, 0.0005372914, 0.00047112, 0.00043270463, 0.00033738752, 0.0002069183, 0.00012641188, -6.2067455e-05, -0.0002767451, -0.0005046873, -0.00062431954, -0.0008876131, -0.0012234005, -0.00142625, -0.0018777535, 0, 0, 0, 0, 0, 0, 0, 0, 0, 0, 0, 0, 0, 0, 0, 0, 0, 0, 0, 0, 0, 0, 0, 0, 0, 0, 0, 0, 0, 0, 0, 0, 0, 0, 0, 0, 0, 0, 0, 0, 0, 0, 0, 0, 0, 0, 0, 0, 0, 0, 0, 0, 0, 0, 0, 0, 0, 0, 0
0, 0, 0, 0, 0, 0, 0, 0, 0, 0, 0, 0, 0, 0, 0.0122600915, 0.009051638, 0.0076347603, 0.0064013475, 0.005688535, 0.0042374153, 0.0028749604, 0.0022753312, 0.0013655119, 0.00097407924, 0.0009929347, 0.0014248274, 0.002266578, 0.0033421433, 0.0039117453, 0.005008349, 0.0059269574, 0.0062799687, 0.0067092604, 0.0067109857, 0.0062726187, 0.0059095565, 0.0049896925, 0.003977062, 0.0034954897, 0.002669565, 0.002086621, 0.0018947179, 0.0016992629, 0.001724358, 0.0019251476, 0.0020787918, 0.0024679957, 0.0029213438, 0.003147209, 0.003536441, 0.0037646722, 0.0037791866, 0.0037087423, 0.0034501632, 0.003097372, 0.0029077257, 0.0025355832, 0.0021965546, 0.002042182, 0.0017577597, 0.0014960812, 0.0012534012, 0.0011411263, 0.0009392187, 0.0007684399, 0.00069294585, 0.00055962824, 0.00044695588, 0.00035656622, 0.00031930755, 0.00025853477, 0.00021028156, 0.00018972614, 0.00015696904, 0.00013721082, 0.00012979929, 0.00013020265, 0.0001380537, 0.00015248168, 0.00015848986, 0.00015488683, 0.0001119207, 7.0489994e-05, -5.6475546e-05, -0.00023641156, -0.00045996145, -0.0005903301, -0.0009145687, -0.0013866272, -0.0015825463, 0, 0, 0, 0, 0, 0, 0, 0, 0, 0, 0, 0, 0, 0, 0, 0, 0, 0, 0, 0, 0, 0, 0, 0, 0, 0, 0, 0, 0, 0, 0, 0, 0, 0, 0, 0, 0, 0, 0, 0, 0, 0, 0, 0, 0, 0, 0, 0, 0, 0, 0, 0, 0, 0, 0, 0, 0, 0, 0, 0
0, 0, 0, 0, 0, 0, 0, 0, 0, 0, 0, 0, 0.015438238, 0.011573815, 0.010102642, 0.008482476, 0.007839812, 0.0073500867, 0.006950358, 0.005794267, 0.0043218206, 0.0035528552, 0.002151313, 0.0011664375, 0.0008890821, 0.00080061547, 0.0012806797, 0.0021935056, 0.002758016, 0.0039861943, 0.0051994184, 0.005748328, 0.0066373497, 0.0071345284, 0.0071434975, 0.00695693, 0.0062556155, 0.0052563674, 0.004710155, 0.0036472015, 0.0027459129, 0.002385769, 0.0018745044, 0.0016392388, 0.001655575, 0.0017467457, 0.0020733438, 0.0025445346, 0.00281016, 0.0033266293, 0.0037185075, 0.0038915214, 0.0038858578, 0.0037091307, 0.0033677707, 0.0031593272, 0.002709327, 0.0022545517, 0.0020337699, 0.0016098983, 0.0012119877, 0.0008486431, 0.0006842346, 0.00039603113, 0.00015826672, 5.4832315e-05, -0.00012860994, -0.00028700844, -0.0004179282, -0.0004716277, -0.0005542139, -0.00060213596, -0.00061333436, -0.00061149994, -0.00058041385, -0.0005283427, -0.0004955482, -0.00041757475, -0.00032219375, -0.00027168833, -0.00018309017, -0.00013877852, -0.00014172097, -0.00020640505, -0.00034532874, -0.0005445346, -0.0006644055, -0.0009947624, 0, 0, 0, 0, 0, 0, 0, 0, 0, 0, 0, 0, 0, 0, 0, 0, 0, 0, 0, 0, 0, 0, 0, 0, 0, 0, 0, 0, 0, 0, 0, 0, 0, 0, 0, 0, 0, 0, 0, 0, 0, 0, 0, 0, 0, 0, 0, 0, 0, 0, 0, 0, 0, 0, 0, 0, 0, 0, 0, 0, 0, 0
0, 0, 0, 0, 0, 0, 0, 0, 0, 0, 0, 0, 0.0071454826, 0.007896399, 0.007805197, 0.0078097074, 0.008051563, 0.008127462, 0.007968388, 0.0071600922, 0.005773225, 0.0049385256, 0.0031997955, 0.0016677454, 0.0010735267, 0.00034028714, 0.00025812828, 0.0007718125, 0.0012118205, 0.00234881, 0.0036705523, 0.0043409164, 0.005585317, 0.006545738, 0.007061622, 0.007116389, 0.006809464, 0.0060299705, 0.0055165687, 0.004372046, 0.0032337592, 0.0027185306, 0.0018651768, 0.0013017418, 0.0010478371, 0.0010352541, 0.001226819, 0.001669845, 0.0019617428, 0.0026048173, 0.003198732, 0.0036073306, 0.003717715, 0.0037444704, 0.0035462014, 0.0033830886, 0.00297145, 0.0024918476, 0.0022374706, 0.0017128657, 0.0011808963, 0.00067239546, 0.00043882756, 3.3443997e-05, -0.00028758892, -0.0004218684, -0.0006542315, -0.000855979, -0.0010349464, -0.0011143503, -0.0012475275, -0.0013368393, -0.0013612806, -0.001366923, -0.0013209279, -0.0012357465, -0.0011822348, -0.0010523773, -0.0008928485, -0.00080516504, -0.00063682225, -0.0005163521, -0.00048575853, -0.000497885, -0.00060577254, -0.0007726377, -0.000839537, 0, 0, 0, 0, 0, 0, 0, 0, 0, 0, 0, 0, 0, 0, 0, 0, 0, 0, 0, 0, 0, 0, 0, 0, 0, 0, 0, 0, 0, 0, 0, 0, 0, 0, 0, 0, 0, 0, 0, 0, 0, 0, 0, 0, 0, 0, 0, 0, 0, 0, 0, 0, 0, 0, 0, 0, 0, 0, 0, 0, 0, 0, 0
0, 0, 0, 0, 0, 0, 0, 0, 0, 0, -0.0073258122, -0.0049565784, 0.0010314458, 0.003949249, 0.0049182777, 0.0064524263, 0.0076257954, 0.008335606, 0.0084511675, 0.008115324, 0.007031075, 0.0062552737, 0.00442042, 0.002512446, 0.0016450293, 0.0002651396, -0.00049365923, -0.00057228416, -0.0003701077, 0.0004390018, 0.0016439512, 0.002333676, 0.003757691, 0.005067305, 0.006050167, 0.0063614245, 0.0065537347, 0.006171661, 0.0057938807, 0.0047691115, 0.0035515514, 0.0029323914, 0.0017832867, 0.00086343434, 0.00026064157, 9.3031056e-05, 3.8708393e-05, 0.0003488778, 0.0006225056, 0.0013276992, 0.0021003, 0.0027695377, 0.003025082, 0.0033427735, 0.0034040157, 0.0033501922, 0.003110251, 0.0027347752, 0.0025075271, 0.0019848403, 0.0013888464, 0.0007688876, 0.00047288596, -5.0911047e-05, -0.00045842942, -0.000622602, -0.00089681294, -0.0011340501, -0.0013588897, -0.0014675894, -0.0016708908, -0.0018357444, -0.0018959566, -0.0019585327, -0.0019460792, -0.0018723684, -0.0018193513, -0.0016842673, -0.0015106839, -0.0014109203, -0.0012081013, -0.0010449837, -0.0009918173, -0.0009467653, -0.0009676958, -0.0011677627, 0, 0, 0, 0, 0, 0, 0, 0, 0, 0, 0, 0, 0, 0, 0, 0, 0, 0, 0, 0, 0, 0, 0, 0, 0, 0, 0, 0, 0, 0, 0, 0, 0, 0, 0, 0, 0, 0, 0, 0, 0, 0, 0, 0, 0, 0, 0, 0, 0, 0, 0, 0, 0, 0, 0, 0, 0, 0, 0, 0, 0, 0, 0, 0
0, 0, 0, 0, 0, 0, 0, 0, 0, -0.01998041, -0.010423512, -0.0074206884, -0.0028593868, 0.00043184325, 0.0018363812, 0.0043068617, 0.0063035707, 0.0077143298, 0.0081545375, 0.008427588, 0.00785284, 0.0072642453, 0.0056143496, 0.0035980141, 0.002569097, 0.00068833417, -0.0007224113, -0.0014841108, -0.0016001923, -0.0013215191, -0.0004622851, 0.00013248141, 0.0015230889, 0.0029996624, 0.004325822, 0.004859946, 0.005557509, 0.005677069, 0.0055170297, 0.0048118914, 0.0037194192, 0.0030860826, 0.0017737892, 0.00055311044, -0.00042379263, -0.00078360544, -0.0011923411, -0.0011529056, -0.0009693441, -0.00033499874, 0.000516244, 0.0013901305, 0.0017822727, 0.0024099285, 0.002790442, 0.0028876974, 0.0029193773, 0.0027671529, 0.0026309676, 0.0022399311, 0.001701346, 0.0010665306, 0.0007433344, 0.00014915678, -0.0003202663, -0.0005063651, -0.000809148, -0.0010692332, -0.0013306907, -0.0014667249, -0.0017428838, -0.0020008516, -0.0021101283, -0.0022664622, -0.0023280175, -0.0023133222, -0.0022869196, -0.002212837, -0.0021152524, -0.002056937, -0.0019283957, -0.0018186369, -0.0017811641, -0.0017010166, 0, 0, 0, 0, 0, 0, 0, 0, 0, 0, 0, 0, 0, 0, 0, 0, 0, 0, 0, 0, 0, 0, 0, 0, 0, 0, 0, 0, 0, 0, 0, 0, 0, 0, 0, 0, 0, 0, 0, 0, 0, 0, 0, 0, 0, 0, 0, 0, 0, 0, 0, 0, 0, 0, 0, 0, 0, 0, 0, 0, 0, 0, 0, 0, 0, 0
0, 0, 0, 0, 0, 0, 0, 0, -0.018356392, -0.015465997, -0.011043867, -0.009084462, -0.005737962, -0.002701748, -0.0012172564, 0.0016466945, 0.0041989903, 0.0062336936, 0.0070008826, 0.007942618, 0.008011976, 0.007711723, 0.006503781, 0.0046838666, 0.0036431039, 0.0015298073, -0.00035404667, -0.0017388193, -0.0021882495, -0.0025484809, -0.0022138266, -0.001818067, -0.0006794429, 0.0007470192, 0.0022252756, 0.0029071902, 0.0040143053, 0.004636888, 0.0047335536, 0.0044903476, 0.0037218651, 0.0031822526, 0.0019055016, 0.0005311536, -0.00074477826, -0.0012904673, -0.0021025152, -0.0024468137, -0.002427027, -0.0020313666, -0.0012690163, -0.00032694067, 0.00015206853, 0.0010260575, 0.0017098896, 0.001965519, 0.0023049037, 0.0024368328, 0.002431098, 0.002269965, 0.0019074124, 0.0013788773, 0.0010833753, 0.0005071709, 3.3418914e-05, -0.000155047, -0.0004578936, -0.0007182095, -0.0009917971, -0.0011421875, -0.0014679447, -0.0018044331, -0.0019611432, -0.0022183075, -0.002375923, -0.0024472806, -0.002466299, -0.0025119241, -0.002608917, -0.0026817669, -0.002831652, -0.00294152, -0.0029764494, -0.003020761, 0, 0, 0, 0, 0, 0, 0, 0, 0, 0, 0, 0, 0, 0, 0, 0, 0, 0, 0, 0, 0, 0, 0, 0, 0, 0, 0, 0, 0, 0, 0, 0, 0, 0, 0, 0, 0, 0, 0, 0, 0, 0, 0, 0, 0, 0, 0, 0, 0, 0, 0, 0, 0, 0, 0, 0, 0, 0, 0, 0, 0, 0, 0, 0, 0, 0
0, 0, 0, 0, 0, 0, 0, -0.011387659, -0.012467568, -0.012170523, -0.0108764395, -0.009965155, -0.0078381095, -0.005342758, -0.00397645, -0.0011272149, 0.0016530054, 0.0040992964, 0.0051254067, 0.0066667474, 0.007398195, 0.007429465, 0.0068303705, 0.0054626376, 0.004564415, 0.002534566, 0.0004650844, -0.0013391753, -0.002060652, -0.0030306028, -0.0032964367, -0.0031679794, -0.0024582727, -0.0012905665, 0.00012143872, 0.00084695505, 0.0021893063, 0.003211133, 0.0035490775, 0.0038105284, 0.003500528, 0.003146119, 0.0021152562, 0.0007945903, -0.00061559817, -0.0012902685, -0.002446756, -0.0032017992, -0.0033903115, -0.003370258, -0.0028758566, -0.0020484994, -0.0015674996, -0.00057929923, 0.00032236803, 0.0007084977, 0.0013249238, 0.0017346161, 0.0018627088, 0.001960154, 0.0018314314, 0.0014966861, 0.0012766994, 0.0008111254, 0.00040623333, 0.00024381632, -1.5820628e-05, -0.00023921927, -0.00048127453, -0.0006202169, -0.0009364542, -0.0012907431, -0.0014699319, -0.0017962423, -0.0020402481, -0.002201708, -0.0022718974, -0.002467381, -0.002878491, -0.0032091353, -0.003979058, -0.004443448, -0.004681266, 0, 0, 0, 0, 0, 0, 0, 0, 0, 0, 0, 0, 0, 0, 0, 0, 0, 0, 0, 0, 0, 0, 0, 0, 0, 0, 0, 0, 0, 0, 0, 0, 0, 0, 0, 0, 0, 0, 0, 0, 0, 0, 0, 0, 0, 0, 0, 0, 0, 0, 0, 0, 0, 0, 0, 0, 0, 0, 0, 0, 0, 0, 0, 0, 0, 0, 0
0, 0, 0, 0, 0, 0, -0.0038894603, -0.0054636816, -0.0078455275, -0.009502195, -0.010158621, -0.010052744, -0.009083059, -0.007300605, -0.006179517, -0.0036379367, -0.0009334827, 0.001659766, 0.0028353534, 0.0048042187, 0.0060994984, 0.0064477087, 0.006498792, 0.0057276837, 0.0050784503, 0.0033995686, 0.0014416247, -0.00050588365, -0.0013886398, -0.0028135194, -0.0036323871, -0.0037860877, -0.0035956046, -0.002837072, -0.0016818532, -0.0010161545, 0.00035783005, 0.001610791, 0.0021273475, 0.0028336663, 0.003014402, 0.0028947466, 0.0022605045, 0.0011863096, -0.0001614663, -0.0008740077, -0.0022332277, -0.00332383, -0.0037125102, -0.004116563, -0.0040140487, -0.0034719438, -0.0030756579, -0.002135813, -0.0011423213, -0.0006726313, 0.00015043368, 0.0007852318, 0.0010262029, 0.0013485426, 0.001443179, 0.0013197955, 0.0011951464, 0.00089098595, 0.0006053389, 0.0004901639, 0.00031158162, 0.00016081004, -5.358994e-06, -0.000101562524, -0.00032128612, -0.00058369985, -0.0007289067, -0.0010336322, -0.0013198723, -0.0015666116, -0.0016888492, -0.0020432356, -0.0028266332, -0.0034839588, -0.005501838, 0, 0, 0, 0, 0, 0, 0, 0, 0, 0, 0, 0, 0, 0, 0, 0, 0, 0, 0, 0, 0, 0, 0, 0, 0, 0, 0, 0, 0, 0, 0, 0, 0, 0, 0, 0, 0, 0, 0, 0, 0, 0, 0, 0, 0, 0, 0, 0, 0, 0, 0, 0, 0, 0, 0, 0, 0, 0, 0, 0, 0, 0, 0, 0, 0, 0, 0, 0, 0
0, 0, 0, 0, 0.00047061834, -0.00017369965, -0.0018387778, -0.0027946716, -0.005066849, -0.0074201394, -0.009135093, -0.009583106, -0.009596074, -0.008574954, -0.007757192, -0.005681608, -0.003246555, -0.0007137375, 0.00051034254, 0.0027247053, 0.004436114, 0.0050429897, 0.0056766663, 0.00551166, 0.0051490217, 0.003955189, 0.0023079677, 0.0004460731, -0.0004837723, -0.002169018, -0.0034160896, -0.0038174249, -0.0041347593, -0.0038402881, -0.0030474504, -0.0025105276, -0.0012630008, 5.422976e-05, 0.0006739645, 0.0017077286, 0.002321368, 0.0024346886, 0.002244513, 0.0015258412, 0.00038491515, -0.00028942697, -0.0017016424, -0.0030034177, -0.0035483327, -0.0043358183, -0.0046539465, -0.004489122, -0.0042384765, -0.0034772318, -0.002508148, -0.0020024779, -0.0010449024, -0.00023788042, 9.275158e-05, 0.0005900107, 0.00085969403, 0.00091212394, 0.0008734389, 0.00072554575, 0.0005660962, 0.00050270313, 0.0004122032, 0.00033813002, 0.0002579641, 0.00021882368, 0.00015865423, 0.000115199684, 8.508531e-05, -3.0515683e-05, -0.00024729458, -0.0005523557, -0.00073489215, -0.0012573929, -0.0024724388, -0.0029429025, 0, 0, 0, 0, 0, 0, 0, 0, 0, 0, 0, 0, 0, 0, 0, 0, 0, 0, 0, 0, 0, 0, 0, 0, 0, 0, 0, 0, 0, 0, 0, 0, 0, 0, 0, 0, 0, 0, 0, 0, 0, 0, 0, 0, 0, 0, 0, 0, 0, 0, 0, 0, 0, 0, 0, 0, 0, 0, 0, 0, 0, 0, 0, 0, 0, 0, 0, 0, 0, 0
0, 0, 0, 0.0004007918, 0.00040113024, 0.00012624438, -0.0008112406, -0.0015457631, -0.003600818, -0.0061095734, -0.008345812, -0.009143675, -0.009889603, -0.009517378, -0.008972567, -0.007330082, -0.005169807, -0.0027381524, -0.0014967282, 0.00088041095, 0.0029045339, 0.003712918, 0.0048144977, 0.0051587922, 0.0050446866, 0.004297604, 0.002977678, 0.0012721141, 0.00034538595, -0.0014835106, -0.0030396406, -0.00363834, -0.0043843077, -0.00450455, -0.004059699, -0.0036585662, -0.0025786054, -0.0012707072, -0.00059355615, 0.0006658372, 0.0016184048, 0.0019247677, 0.0021266988, 0.0017465007, 0.000833248, 0.00021966649, -0.0011857345, -0.0026235771, -0.00328455, -0.004380165, -0.005071439, -0.005272456, -0.0051783575, -0.0046357773, -0.0037379654, -0.003216599, -0.0021561142, -0.0011946777, -0.000783933, -0.00013416413, 0.00027295656, 0.0004551227, 0.00047881572, 0.00044548383, 0.00038116678, 0.00035856882, 0.0003347927, 0.00031422742, 0.0002884312, 0.00028954115, 0.00037349862, 0.0005965769, 0.00074263953, 0.0010026876, 0.0010651133, 0.0008253673, 0.00060204335, -1.5687585e-05, 0, 0, 0, 0, 0, 0, 0, 0, 0, 0, 0, 0, 0, 0, 0, 0, 0, 0, 0, 0, 0, 0, 0, 0, 0, 0, 0, 0, 0, 0, 0, 0, 0, 0, 0, 0, 0, 0, 0, 0, 0, 0, 0, 0, 0, 0, 0, 0, 0, 0, 0, 0, 0, 0, 0, 0, 0, 0, 0, 0, 0, 0, 0, 0, 0, 0, 0, 0, 0, 0, 0, 0

