0, -0.0115906885, -0.012398725, -0.014191727, -0.015101411, -0.016405506, -0.016657049, -0.016333397, -0.014810758, -0.012333908, -0.009307448, -0.0077274437, -0.004653907, -0.0018727727, -0.00063621695, 0.001427648, 0.0027466062, 0.003095601, 0.0028808755, 0.001760005, -2.9334436e-05, -0.0010768131, -0.0033294372, -0.0056498116, -0.0067787743, -0.008807394, -0.01025789, -0.010859233, -0.010805447, -0.010035329, -0.008530175, -0.0075548287, -0.0052297846, -0.0025008167, 0.00039981323, 0.0017920084, 0.004179985, 0.005764433, 0.0062136943, 0.006467918, 0.005973317, 0.0054745167, 0.00399635, 0.0019274974, -0.00052842614, -0.0017914538, -0.004147779, -0.006038567, -0.006763442, -0.007743919, -0.008055543, -0.0076056775, -0.0070780884, -0.0054722866, -0.0033778083, -0.002273246, -0.00019957068, 0.001468979, 0.0021058791, 0.0029294905, 0.0030329723, 0.0022193938, 0.0014287519, -0.0008655567, -0.0038321922, -0.0054220934, -0.0085262805, -0.011148573, -0.012719847, -0.012852382, -0.011112886, -0.0058918316, -0.0019402221, 0.0073015005, 0.014173037, 0.013639901, 0.010389076, 0.0009398451, -0.0077265394, -0.010721861, -0.013697269, -0.013326321, -0.012250281, -0.009061816, -0.0053906017, -0.0020663606, -0.0006906242, 0.0013827125, 0.0025656787, 0.0028406584, 0.0027651577, 0.0018641946, 0.0002505993, -0.0007351916, -0.0028132857, -0.004715889, -0.005520875, -0.0067746514, -0.0075114053, -0.0076587275, -0.0074207853, -0.0063899322, -0.004630972, -0.0035546795, -0.0012254389, 0.0010836228, 0.0021599773, 0.0040543014, 0.0054630204, 0.0061703753, 0.006197773, 0.0055494853, 0.0040633637, 0.0030853273, 0.0008464351, -0.001588447, -0.0028363636, -0.005321142, -0.0076272027, -0.009460282, -0.010100799, -0.010704933, -0.010407863, -0.009964292, -0.008609555, -0.006771278, -0.004598862, -0.0034503238, -0.0012183319, 0.0006318068, 0.0013189286, 0.0021124342, 0.0021202802, 0.0018447918, 0.0007710713, -0.00097282894, -0.0033203969, -0.004666337, -0.0075153117, -0.01026997, -0.011513648, -0.013624153, -0.015187757, -0.01615704, -0.01637861, -0.016188342, -0.015108654, -0.0143130375, -0.0126928445, -0.0119732125
0, -0.012195386, -0.011958534, -0.012944411, -0.013529354, -0.01429184, -0.014147251, -0.013684762, -0.012021471, -0.009592369, -0.006784014, -0.005364325, -0.0026840046, -0.00036508043, 0.0006204434, 0.0021556092, 0.0029549154, 0.0028716533, 0.0025001925, 0.0012111259, -0.00055588345, -0.0015315734, -0.0035432873, -0.005517647, -0.006438982, -0.00800566, -0.008975872, -0.009148932, -0.008919886, -0.007903154, -0.0062943115, -0.005320414, -0.0031069438, -0.000649423, 0.0018199374, 0.0029493223, 0.0047728824, 0.00582196, 0.006038403, 0.0059143407, 0.005159598, 0.004576211, 0.0030293553, 0.0010566695, -0.0011294753, -0.0022010612, -0.0041046734, -0.0055125626, -0.0060030124, -0.006553872, -0.006511697, -0.0058246464, -0.005236598, -0.0036520525, -0.0017645371, -0.0008198686, 0.0008628252, 0.0021027992, 0.002526205, 0.002942534, 0.0027002732, 0.0016757501, 0.0008582518, -0.0012934377, -0.0038494226, -0.0051456233, -0.0075210994, -0.009287799, -0.010006968, -0.009804684, -0.007936224, -0.004030449, -0.0015245427, 0.0034815224, 0.0065811547, 0.006221316, 0.004734149, 8.11236e-05, -0.0049919584, -0.007083706, -0.00972652, -0.010175271, -0.009683119, -0.007676346, -0.004953063, -0.0022147892, -0.000998026, 0.0009760368, 0.0022759503, 0.0026668701, 0.0029135433, 0.0024194806, 0.0012407904, 0.00045733844, -0.0012952983, -0.003018286, -0.0037907835, -0.005080362, -0.0059732203, -0.006242847, -0.006338807, -0.0057407166, -0.0044542025, -0.0036041301, -0.0016638036, 0.00036904024, 0.0013541768, 0.0031647366, 0.0046347524, 0.005568862, 0.005769432, 0.0055623474, 0.0045798244, 0.0038509525, 0.0020687282, 1.4655385e-05, -0.0010736057, -0.0033051798, -0.005468857, -0.0073098913, -0.008018722, -0.008882105, -0.008964297, -0.008736186, -0.007828511, -0.006423982, -0.004633746, -0.0036417171, -0.0016201306, 0.00018481257, 0.0009127266, 0.0018975756, 0.0022066068, 0.0021136976, 0.001452284, 0.00016970502, -0.0017011114, -0.0028203386, -0.0052789114, -0.0077722915, -0.008939204, -0.010995033, -0.012602774, -0.01369652, -0.014016551, -0.014121478, -0.0135234315, -0.013061644, -0.012356261, -0.012824838
0, -0.013466798, -0.01249375, -0.012525567, -0.012651598, -0.012582499, -0.011749994, -0.011008985, -0.008950542, -0.006368884, -0.0036494099, -0.0023530289, -4.9004826e-05, 0.0017454001, 0.002420958, 0.0032640607, 0.0033437738, 0.002631253, 0.0020118603, 0.00040251046, -0.0014521104, -0.0023926387, -0.004194053, -0.0057830634, -0.0064508463, -0.0074063265, -0.0076908353, -0.0072000064, -0.006677646, -0.0051866793, -0.0032797216, -0.0022280673, -1.9734798e-05, 0.002191981, 0.0041741626, 0.004988151, 0.0061070453, 0.006456051, 0.0063498877, 0.005660303, 0.004452984, 0.0036921958, 0.0019219996, -5.012248e-05, -0.0019844212, -0.0028472235, -0.004214193, -0.0050038053, -0.0051795254, -0.0051211193, -0.0045424197, -0.0034586964, -0.002749273, -0.0011089733, 0.00058280653, 0.0013492774, 0.0025697148, 0.0032675897, 0.0034056902, 0.003253867, 0.0025023357, 0.0011382826, 0.0002530444, -0.0017739793, -0.0038473222, -0.004781045, -0.0062391125, -0.006939796, -0.0066996375, -0.006199244, -0.004502677, -0.0022283786, -0.0010783356, 0.00080254074, 0.0017321332, 0.0015687789, 0.0011069966, -0.00043287512, -0.0024807125, -0.0035357398, -0.005341875, -0.0063201906, -0.006401448, -0.0057388428, -0.004206055, -0.0022331795, -0.0012196947, 0.0006595183, 0.0021728077, 0.0027493006, 0.0034698704, 0.0035279207, 0.0028972821, 0.0023563174, 0.00096191827, -0.00061487395, -0.0013954641, -0.0028424934, -0.0040445663, -0.004518245, -0.005109347, -0.0050966954, -0.0044098925, -0.0038354108, -0.0023421352, -0.0005801735, 0.00033978332, 0.0021570958, 0.0038254568, 0.0051587834, 0.0056297355, 0.0060683135, 0.005780884, 0.005382411, 0.004168538, 0.0025269832, 0.0015861153, -0.00046742166, -0.0026182123, -0.004632372, -0.0055022766, -0.0068213474, -0.0074828113, -0.0075637144, -0.0072670323, -0.0064192307, -0.0050822496, -0.004260703, -0.0024287351, -0.00058011734, 0.00025570716, 0.0015992105, 0.00239571, 0.0025731113, 0.0024797637, 0.001772345, 0.00044133113, -0.00044122734, -0.0025387586, -0.004868738, -0.0060341805, -0.008224424, -0.010098704, -0.011538008, -0.012056873, -0.0126363505, -0.012690267, -0.012659442, -0.013074146, -0.014621071
0, -0.014551108, -0.0127787115, -0.011710497, -0.011318963, -0.010338733, -0.008780229, -0.007759706, -0.0053424146, -0.0026943323, -0.00018325656, 0.00092273235, 0.0027089836, 0.0038393347, 0.0041406066, 0.0041953535, 0.0035197693, 0.0022019795, 0.0013654742, -0.00048390013, -0.0023316003, -0.003184702, -0.004656054, -0.0057198, -0.0060588517, -0.0062606637, -0.0057462705, -0.004526117, -0.0036973904, -0.0017489181, 0.00038620163, 0.0014601592, 0.0035179264, 0.005311863, 0.006645258, 0.007077899, 0.007401078, 0.007004214, 0.006564812, 0.0053041386, 0.0036672342, 0.0027563712, 0.00084955915, -0.0009953759, -0.002537316, -0.0031216727, -0.0038280818, -0.0039056046, -0.0037312992, -0.0030262973, -0.0019229488, -0.00051113043, 0.0002676947, 0.001836651, 0.0032024733, 0.003734119, 0.004399098, 0.004495156, 0.004335521, 0.0036288348, 0.0024541116, 0.0009124555, 6.3652966e-05, -0.0016199028, -0.0030246617, -0.0035373175, -0.0040798, -0.0039542615, -0.0032635424, -0.0027768034, -0.0017166017, -0.0008105892, -0.0004890552, -0.00014124211, -7.7610006e-05, -0.00012662502, -0.00016944371, -0.00034172746, -0.00074857584, -0.0010639518, -0.0018632462, -0.002657127, -0.0029420557, -0.0030951411, -0.0025832728, -0.0014809648, -0.0007760434, 0.0007757935, 0.0023126048, 0.0030072585, 0.004121404, 0.0047194893, 0.00468473, 0.0044277664, 0.003503452, 0.0021948002, 0.0014604864, -5.8958172e-05, -0.0015250643, -0.0021924246, -0.003282774, -0.0038912236, -0.0038809574, -0.0036346586, -0.0027161215, -0.0013615997, -0.00057392684, 0.0011340479, 0.002906507, 0.00457597, 0.005303289, 0.00640218, 0.0068892622, 0.0068810936, 0.0063826973, 0.0053052376, 0.004577774, 0.002810561, 0.0007536373, -0.0013758929, -0.0023867863, -0.004141764, -0.005399198, -0.005813289, -0.006203644, -0.006015919, -0.005257839, -0.00467465, -0.0031714088, -0.0014014702, -0.00050352263, 0.0011476722, 0.0024337962, 0.0029008747, 0.0034331107, 0.0033738383, 0.0026657302, 0.0020630672, 0.0004171269, -0.0016665141, -0.002798192, -0.0050895293, -0.0072420784, -0.009069213, -0.009808476, -0.010877372, -0.011528202, -0.01188139, -0.013437596, -0.016576657
0, -0.014890778, -0.011698624, -0.00945728, -0.008611573, -0.0069012297, -0.0048439517, -0.0036779058, -0.0012047137, 0.0011898096, 0.0031977647, 0.003985493, 0.0050490294, 0.005395156, 0.0053022252, 0.004609393, 0.0033248288, 0.0016221848, 0.00069210585, -0.0011495851, -0.0027538594, -0.0034087428, -0.0043491353, -0.0047254604, -0.0046780854, -0.0040781954, -0.0028191262, -0.0010300664, -7.4012537e-06, 0.0021262357, 0.00417631, 0.005110671, 0.0067066075, 0.00783003, 0.008363062, 0.008383923, 0.007932106, 0.0068912804, 0.0061924364, 0.0045450088, 0.0027123597, 0.001783585, 2.6366974e-05, -0.0014191181, -0.0023519034, -0.002582346, -0.002552994, -0.001940428, -0.0014623677, -0.00026509888, 0.001135996, 0.0026065074, 0.0033175142, 0.0045701973, 0.0054359674, 0.005679906, 0.0057569514, 0.005312234, 0.0049184524, 0.003855761, 0.0025372542, 0.0011342354, 0.0004674492, -0.0006604934, -0.0013655323, -0.001529249, -0.0014945173, -0.0010916425, -0.00053201383, -0.00026862553, 0.00010536681, 0.00019567541, 0.00014214714, -7.008751e-05, -0.00025074527, -0.00024145693, -0.00015402013, 0.0001159719, 0.00034960904, 0.00039388242, 0.00027633845, -6.8082176e-05, -0.0002701013, -0.00057612685, -0.00056312466, -0.000110547015, 0.00027981188, 0.0013272441, 0.002597098, 0.0032574008, 0.0044971444, 0.0054521533, 0.00594333, 0.005981974, 0.0056403996, 0.004804696, 0.00423969, 0.0029019888, 0.001406724, 0.0006486122, -0.00077119423, -0.0018891069, -0.0025226544, -0.0026225287, -0.002384832, -0.001624318, -0.0010807137, 0.00026521992, 0.0018724407, 0.0036115001, 0.0044727316, 0.006033951, 0.0071997917, 0.0075808302, 0.007881303, 0.0075460556, 0.0071447096, 0.0059136143, 0.004209088, 0.0022181496, 0.0011894276, -0.000780701, -0.0024649224, -0.0031535414, -0.004170854, -0.004661225, -0.0045763496, -0.004308472, -0.0033390226, -0.0018997766, -0.0010698709, 0.00064969173, 0.0022476385, 0.002941712, 0.0040310943, 0.0046208887, 0.0046001286, 0.004337213, 0.0033076454, 0.0016855563, 0.0007061135, -0.0014563494, -0.00369379, -0.0057717785, -0.006679958, -0.008137173, -0.00919037, -0.009737648, -0.011888648, -0.018196972
0, -0.014817483, -0.008561186, -0.005681344, -0.0046268366, -0.0025928456, -0.0004328887, 0.0006747668, 0.002799608, 0.004588417, 0.0058352984, 0.0062170196, 0.0064753867, 0.00607844, 0.005654685, 0.0044267564, 0.002822809, 0.0010565754, 0.0001910331, -0.0013509349, -0.0024730717, -0.002833049, -0.0031073277, -0.00276246, -0.0023580645, -0.0011152899, 0.00060126634, 0.0025849226, 0.0035955887, 0.005498403, 0.007081958, 0.007711016, 0.008590958, 0.00891884, 0.008672303, 0.008339065, 0.007303225, 0.0058780434, 0.0050668083, 0.0033552414, 0.0016755471, 0.00090534077, -0.00037842352, -0.0011826366, -0.0013953805, -0.0012705005, -0.0006080945, 0.00047303856, 0.0011111326, 0.0024684207, 0.0038130796, 0.0050189965, 0.0055287112, 0.006280411, 0.006590218, 0.0065647964, 0.00616932, 0.005383972, 0.004882294, 0.0037499869, 0.0025783964, 0.0015353807, 0.0011107142, 0.0005204175, 0.0003008693, 0.0003159769, 0.0005204963, 0.0008181837, 0.0010443516, 0.0010917761, 0.001022614, 0.00076696073, 0.00060098607, 0.00028569007, 0.00011058491, 0.00016029135, 0.00027019315, 0.0006049487, 0.0009762417, 0.0011289621, 0.0013003305, 0.001273695, 0.0012038099, 0.0010332483, 0.0009529605, 0.0010956352, 0.0012760937, 0.0018635463, 0.0027203416, 0.0032228879, 0.004294531, 0.0053166673, 0.006117549, 0.0063878796, 0.0066070776, 0.0063664718, 0.006077386, 0.0051948684, 0.003984053, 0.0032933145, 0.0018475464, 0.0004814338, -0.000602636, -0.0009878833, -0.0013881149, -0.0012857969, -0.0010567649, -0.00027642783, 0.00088777806, 0.0023592953, 0.0031720889, 0.0048381262, 0.0063809357, 0.0070408955, 0.0080282185, 0.008469031, 0.008460566, 0.007973508, 0.0069046514, 0.0053789257, 0.004502632, 0.0026560957, 0.00085531245, 2.6867203e-05, -0.0014021796, -0.0024360924, -0.002979802, -0.003040983, -0.002714486, -0.0018176393, -0.0011920951, 0.00029454427, 0.0019101077, 0.0027021072, 0.004140345, 0.005249765, 0.0058792583, 0.005973519, 0.0056721335, 0.004720864, 0.0040257294, 0.002289998, 0.00026296728, -0.0018168722, -0.0027964907, -0.0045003477, -0.0057998253, -0.006350152, -0.0075241295, 0
0, 0, -0.003048948, -0.0012715983, -0.00034225284, 0.0015534977, 0.003417972, 0.0042837034, 0.0057572443, 0.0067530465, 0.007179329, 0.0071723624, 0.0067363405, 0.005798692, 0.0051753703, 0.0037104243, 0.0021073334, 0.0005769731, -9.359836e-05, -0.001127583, -0.0016420919, -0.0016833389, -0.0013322252, -0.0004418458, 0.00018066782, 0.0017009003, 0.003436519, 0.0051673795, 0.0059607765, 0.00728995, 0.008178032, 0.008436464, 0.008573349, 0.008213278, 0.0074032834, 0.006855655, 0.00554766, 0.004072235, 0.0033202858, 0.001884665, 0.0006732042, 0.00019763075, -0.00041738118, -0.0005245086, -0.00011635813, 0.00025975602, 0.0012669924, 0.0024644944, 0.0030785312, 0.004245902, 0.005246726, 0.006000763, 0.006261948, 0.006514987, 0.006383578, 0.0061786487, 0.0055317115, 0.0046566525, 0.0041724076, 0.0031964355, 0.0023247462, 0.0016730881, 0.0014521627, 0.001225298, 0.0012369669, 0.0013002763, 0.0014627256, 0.0015729801, 0.0015477892, 0.0014744769, 0.0012247724, 0.00090065715, 0.00074185844, 0.00049210555, 0.00039273442, 0.0004700463, 0.0005683973, 0.0008468862, 0.0011619665, 0.001305468, 0.0015213303, 0.0016164549, 0.0016224374, 0.0015839052, 0.001543802, 0.0015825451, 0.001652842, 0.0019271768, 0.0023984264, 0.0027081352, 0.003448834, 0.004287907, 0.0051173596, 0.0054886746, 0.006067895, 0.006339966, 0.0063367793, 0.0060277036, 0.0053230836, 0.0048393807, 0.0036780774, 0.0023915435, 0.0011637188, 0.00062863715, -0.00019695151, -0.00063315214, -0.00069574104, -0.00050926115, 8.095136e-05, 0.001049943, 0.0016582863, 0.0030571849, 0.0045704483, 0.0053138277, 0.0066589746, 0.0076714032, 0.008007038, 0.008276088, 0.007981244, 0.0071602124, 0.006584315, 0.0051935143, 0.0036268898, 0.002829629, 0.0013056523, -7.672432e-06, -0.0009796323, -0.0012996936, -0.0015495959, -0.0012442581, -0.00089247315, 0.00014575874, 0.0014973666, 0.0022364203, 0.0037328096, 0.005114548, 0.006215594, 0.006611239, 0.0070082727, 0.0068123336, 0.006485943, 0.005410283, 0.0038769327, 0.002073825, 0.0011429163, -0.00063654396, -0.002170529, -0.0028341445, -0.0039986256, 0
0, 0, 0.0009851209, 0.0021939357, 0.002933203, 0.004438429, 0.005769192, 0.006308446, 0.0070543564, 0.0073035024, 0.007052666, 0.006753831, 0.00585508, 0.004639107, 0.0039525963, 0.0025215687, 0.0011621737, 5.3756063e-05, -0.00035697245, -0.0008222504, -0.00077370356, -0.00056158216, 0.00019209032, 0.0012974319, 0.0019425381, 0.0033242432, 0.0046887062, 0.005868681, 0.006344029, 0.0070012477, 0.007229351, 0.0071798437, 0.0067710476, 0.005994696, 0.0049359174, 0.0043357, 0.0030742872, 0.0018470231, 0.0012887222, 0.00036250617, -0.00022561496, -0.00036963724, -0.00034055265, 9.0466514e-05, 0.000852959, 0.0013215964, 0.0023439794, 0.0033590489, 0.0038255174, 0.004622907, 0.0051991874, 0.005522137, 0.005579958, 0.00547899, 0.0050993445, 0.004819592, 0.0041290135, 0.0033479992, 0.0029572763, 0.002240815, 0.0016839497, 0.0013432543, 0.0012558892, 0.0012212616, 0.0013043915, 0.0013599399, 0.001442981, 0.001434087, 0.0013063104, 0.0012018764, 0.0009425434, 0.000674096, 0.0005580957, 0.00039808912, 0.00035565568, 0.00042806083, 0.00050006446, 0.000688828, 0.0008983796, 0.0009970422, 0.0011581928, 0.0012566445, 0.0012820833, 0.0012958104, 0.0012849548, 0.0012857636, 0.0013026589, 0.001394621, 0.0015969014, 0.0017491287, 0.0021641022, 0.002717057, 0.003369267, 0.0037114923, 0.004369002, 0.004901496, 0.0050872723, 0.005241558, 0.0050583337, 0.004833506, 0.004139455, 0.0031918874, 0.0021230238, 0.0015925572, 0.0006311235, -0.00010138236, -0.00035845154, -0.00062864565, -0.00055725407, -0.00013683528, 0.00020107723, 0.0011062906, 0.0022534628, 0.0028832303, 0.0041728606, 0.0053745313, 0.0058948123, 0.006686597, 0.0070648, 0.0069793426, 0.006765174, 0.0060304, 0.004969871, 0.004356325, 0.003052234, 0.0017671619, 0.00064740976, 0.00019309213, -0.0004288284, -0.0005966596, -0.0004990562, 4.0473824e-05, 0.0009690756, 0.0015430864, 0.0028327925, 0.0041980646, 0.0054965313, 0.0060727927, 0.0069826683, 0.0074555515, 0.007497658, 0.00716601, 0.0063043423, 0.0050095916, 0.004248853, 0.0026210598, 0.0010093681, 0.00026206553, -0.0010031353, 0
0, 0, 0.003465939, 0.0040366566, 0.0045166034, 0.0055114194, 0.0062690554, 0.0065020323, 0.0066354866, 0.0063299746, 0.005632487, 0.005160903, 0.0040332456, 0.0027606764, 0.002113574, 0.0008960092, -9.378794e-05, -0.0007277047, -0.00088486413, -0.0008642983, -0.0004326342, -9.0181624e-05, 0.0007725938, 0.0017682577, 0.002278771, 0.0032555056, 0.0040868046, 0.004681866, 0.0048696226, 0.0049979016, 0.0047898665, 0.0045641568, 0.0038965398, 0.0030010317, 0.0019801196, 0.0014604399, 0.00048296855, -0.0003111073, -0.0006089025, -0.0009607724, -0.0009650188, -0.0008395739, -0.00036687645, 0.00033296397, 0.0011612775, 0.0015909229, 0.0024183274, 0.0031330206, 0.0034287735, 0.0038751308, 0.0041134977, 0.004137312, 0.0040675243, 0.0037715924, 0.0032978384, 0.0030137927, 0.0024011706, 0.0018017383, 0.0015309099, 0.0010856334, 0.0007970455, 0.00067042763, 0.000658533, 0.0007031275, 0.0007837334, 0.00081750087, 0.00084432604, 0.0007971572, 0.0006755417, 0.00059319485, 0.0004068015, 0.00022632451, 0.00015000424, 4.235961e-05, 2.895218e-06, 2.7109043e-05, 5.9161535e-05, 0.00015137726, 0.00026234912, 0.0003176269, 0.00041422102, 0.00047919643, 0.00049757084, 0.00050668145, 0.00048715537, 0.00045598345, 0.00044417978, 0.00044497458, 0.00050665566, 0.0005694403, 0.00077201537, 0.0010853261, 0.0015047875, 0.0017476592, 0.002272735, 0.0027964637, 0.0030332364, 0.003404804, 0.0035749956, 0.003565013, 0.0033342745, 0.002829448, 0.0021069238, 0.0016952903, 0.00084605813, 6.030855e-05, -0.00027818067, -0.0008044867, -0.0010905556, -0.0011102118, -0.0010163765, -0.00062556315, 1.5128741e-05, 0.00041595704, 0.0013383197, 0.0023489154, 0.0028547808, 0.0037931083, 0.004536014, 0.004986002, 0.0050797383, 0.004985949, 0.0045309463, 0.0041851765, 0.0033131207, 0.0023036692, 0.0012936037, 0.00083308213, 8.1497026e-05, -0.0003557582, -0.00043488442, -0.00030205658, 0.00019571655, 0.0005637773, 0.0014951536, 0.002617808, 0.0038394853, 0.004451627, 0.005594301, 0.006506625, 0.006833016, 0.0071561397, 0.0069877775, 0.0063262354, 0.0058301487, 0.0045842887, 0.0031547784, 0.0024502045, 0.0012421967, 0
0, 0, 0.004315562, 0.0041463017, 0.0043826047, 0.0049085133, 0.0051814425, 0.005177399, 0.0048780995, 0.0042269235, 0.0032926758, 0.0027494787, 0.0015805183, 0.00041077222, -0.00013062822, -0.0010419656, -0.0016341681, -0.0018431293, -0.0018016517, -0.0014629111, -0.0008688963, -0.00051569997, 0.00022593768, 0.0009343713, 0.0012537397, 0.0017903924, 0.0021613904, 0.0023363533, 0.0023419375, 0.00218225, 0.0017928061, 0.0015180322, 0.00083783676, 5.2171763e-05, -0.00073054654, -0.0010835628, -0.0016448825, -0.0019468365, -0.0019870908, -0.0018434265, -0.0014363428, -0.001155709, -0.0004953012, 0.00022299863, 0.00092469226, 0.0012511881, 0.0018259598, 0.0022695083, 0.002433997, 0.0026381393, 0.0026668853, 0.0025170331, 0.0023780568, 0.0019910068, 0.0015072863, 0.0012525658, 0.0007677741, 0.00037139407, 0.00021912526, 1.4796733e-05, -6.706614e-05, -6.076629e-05, -3.8598035e-05, 1.5471076e-05, 5.4036336e-05, 6.081917e-05, 4.8083748e-05, 4.5051024e-06, -6.332932e-05, -0.00010394665, -0.00019552448, -0.0002953463, -0.0003456517, -0.00044119701, -0.00052073266, -0.00057268003, -0.000584987, -0.0005789489, -0.0005372188, -0.00050756923, -0.00044639478, -0.00040318604, -0.00039451307, -0.00040843038, -0.00045867733, -0.00052640034, -0.0005580564, -0.00059504743, -0.0005762565, -0.00054054055, -0.00041537377, -0.0002229782, 2.923652e-05, 0.00017556791, 0.000504048, 0.000868184, 0.0010561708, 0.001420271, 0.0017258076, 0.0018363716, 0.0019322212, 0.0018183066, 0.0014761089, 0.0012282094, 0.0006208297, -5.879776e-05, -0.00039497155, -0.001006901, -0.0014833144, -0.0017811791, -0.0018567163, -0.0018584648, -0.001667644, -0.0015034829, -0.0010487746, -0.0004449833, -9.955044e-05, 0.0006417843, 0.0013821071, 0.0020271153, 0.0022839445, 0.002615627, 0.002659434, 0.0025669402, 0.0021695825, 0.0015474117, 0.0008045055, 0.0004262286, -0.00026616, -0.00078234565, -0.00094932585, -0.0010722439, -0.0009094098, -0.0007260596, -0.00017015391, 0.00060927984, 0.0015723718, 0.0021032086, 0.0032100629, 0.004277586, 0.0047547645, 0.005509886, 0.0059014554, 0.005855736, 0.005662457, 0.004972252, 0.004013012, 0.0035301044, 0.0028937275, 0
0, 0, 0.0028393895, 0.0029429107, 0.0030613896, 0.0032163435, 0.003098726, 0.002920244, 0.0023402234, 0.0015101237, 0.0005100956, -2.3088038e-05, -0.0010827496, -0.002030319, -0.0024249095, -0.0029932228, -0.0032230238, -0.0031137574, -0.002950144, -0.0024711362, -0.0018929057, -0.0016039453, -0.0010800096, -0.00066608796, -0.0005062905, -0.0002815373, -0.00018218426, -0.00021245341, -0.00027944974, -0.0005200445, -0.00090172316, -0.0011380119, -0.0016672144, -0.002200111, -0.0026318354, -0.0027790845, -0.0028919382, -0.0027456107, -0.0025807647, -0.0021032838, -0.0014978244, -0.0011748108, -0.000537642, 4.2774656e-05, 0.000538893, 0.00075250224, 0.001107502, 0.0013590768, 0.0014407453, 0.001502713, 0.001413824, 0.0011705341, 0.0009975377, 0.00057939615, 0.00012995201, -8.024252e-05, -0.0004247857, -0.00063412683, -0.0006862861, -0.00070460775, -0.00065259595, -0.0005870884, -0.0005640355, -0.0005515772, -0.0005833036, -0.0006096558, -0.0006632562, -0.0006994407, -0.0007117911, -0.00071300444, -0.0007216518, -0.0007589895, -0.0007933161, -0.00089337636, -0.0010185847, -0.0011376493, -0.00118331, -0.0012317967, -0.001218734, -0.0011936525, -0.0011299354, -0.0010813161, -0.001073686, -0.0011022841, -0.0011839159, -0.0012871369, -0.0013335499, -0.0013868562, -0.001364033, -0.0013214576, -0.0011851274, -0.0010068509, -0.0008166421, -0.0007219997, -0.00053315016, -0.00033035412, -0.0002170959, 4.0824438e-05, 0.0003316571, 0.0004786626, 0.00073419424, 0.00087358616, 0.0008303459, 0.000729358, 0.00037589882, -0.00013480688, -0.000424336, -0.0010176465, -0.0015623242, -0.001999755, -0.002168724, -0.002405192, -0.0025130934, -0.0025223156, -0.0024545623, -0.0022663062, -0.0021250204, -0.0017526771, -0.001279948, -0.00076018926, -0.0005056221, -6.178317e-05, 0.0002260628, 0.00029001638, 0.0002396238, -3.9401144e-05, -0.00049290876, -0.00075831794, -0.0013019578, -0.0017815877, -0.0019724467, -0.0022212223, -0.0022726117, -0.0022218588, -0.0019673265, -0.001511559, -0.000859597, -0.0004655744, 0.00043356983, 0.0014207048, 0.0019163581, 0.0028357138, 0.0035549672, 0.0039680647, 0.0040403227, 0.0039276886, 0.0036091905, 0.0034867749, 0.0035998488, 0
0, 0, 0.0015944435, 0.0013961659, 0.0013195237, 0.001087105, 0.0006502017, 0.00034991885, -0.0003874616, -0.0012549802, -0.0021762028, -0.002628386, -0.0034534605, -0.004094005, -0.0043197414, -0.00455352, -0.00449684, -0.0041966634, -0.0039841915, -0.0035040607, -0.0030385205, -0.0028352544, -0.002510818, -0.002294501, -0.0022219236, -0.0021368673, -0.0021251352, -0.0021889287, -0.0022511156, -0.0024380193, -0.0026974138, -0.002843521, -0.0031307568, -0.0033405796, -0.0033899145, -0.003335218, -0.0030577958, -0.0025850933, -0.002296627, -0.0016702283, -0.0010513517, -0.0007667373, -0.00027334745, 0.00011315853, 0.00040719894, 0.00052713347, 0.0007202932, 0.00084591075, 0.00087642594, 0.0008534657, 0.00069890026, 0.0004130668, 0.0002307662, -0.0001717771, -0.0005552279, -0.00071424415, -0.0009308365, -0.0010004701, -0.0009886102, -0.0009070915, -0.00080987794, -0.00075850694, -0.0007614017, -0.0008245574, -0.0009380609, -0.0009984012, -0.0010953363, -0.0011336387, -0.0011129263, -0.0010897001, -0.0010461052, -0.0010438961, -0.0010674457, -0.001165525, -0.0013098975, -0.0014552386, -0.0015123049, -0.0015715475, -0.0015498155, -0.0015148447, -0.0014241714, -0.0013501558, -0.0013339894, -0.0013577619, -0.0014494059, -0.0015702038, -0.0016243799, -0.0016852414, -0.0016533604, -0.0015995555, -0.0014322757, -0.0012240531, -0.0010222724, -0.00093386375, -0.0007854804, -0.0006555746, -0.0005858145, -0.00041241257, -0.00017641619, -3.6549296e-05, 0.00025780927, 0.0005116576, 0.00064322684, 0.0006426183, 0.00049092376, 0.00015162816, -7.342113e-05, -0.00058655295, -0.0011181836, -0.0016014384, -0.0018118898, -0.0021641457, -0.002433384, -0.0025421889, -0.0027151261, -0.0028237998, -0.0028492315, -0.002829456, -0.002705217, -0.0024831095, -0.0023455995, -0.0020522575, -0.0017937197, -0.0017004083, -0.0016223539, -0.0017131764, -0.0019658157, -0.0021400922, -0.0025426662, -0.0029551112, -0.0031433755, -0.0034474982, -0.0036260486, -0.003661345, -0.003615196, -0.003404523, -0.0030207867, -0.0027623617, -0.002119359, -0.0013360025, -0.0009100161, -4.159544e-05, 0.0007637282, 0.0014066648, 0.0016435279, 0.0019406487, 0.00212841, 0.0023291558, 0.0036845515, 0
0, 0, 0.00053542934, -0.00023384336, -0.00046952476, -0.0009773183, -0.0016139558, -0.0019734814, -0.0027413128, -0.0035200005, -0.0042419643, -0.0045603593, -0.0050709373, -0.0053723417, -0.0054358537, -0.0053906995, -0.0051473924, -0.0047750548, -0.00456774, -0.004164395, -0.003824864, -0.0036884537, -0.0034786176, -0.003333129, -0.003276829, -0.0031893444, -0.0031366297, -0.0031257796, -0.003138053, -0.0031931624, -0.0032677292, -0.0032985182, -0.0033089367, -0.0031967047, -0.0029138727, -0.0027048453, -0.0021722524, -0.0015459579, -0.0012241154, -0.00061545137, -0.00010447728, 0.000103385624, 0.00042395366, 0.000638175, 0.00078200916, 0.00083689706, 0.00091997965, 0.0009572703, 0.0009505193, 0.0008667346, 0.00067484245, 0.00038450985, 0.00021500241, -0.00013156471, -0.00042868688, -0.0005398902, -0.00066743395, -0.00067696837, -0.00065035885, -0.0005748708, -0.00052462245, -0.0005468299, -0.0005903928, -0.00073130825, -0.00090582605, -0.0009883842, -0.001111774, -0.0011584001, -0.0011346013, -0.0011075147, -0.0010544315, -0.0010420167, -0.0010597471, -0.0011448094, -0.0012733313, -0.0013996954, -0.0014463156, -0.0014835106, -0.0014395313, -0.0013930172, -0.0012793015, -0.0011803712, -0.0011510984, -0.0011472424, -0.0012107381, -0.0013077696, -0.0013527189, -0.0014015954, -0.0013648911, -0.0013099766, -0.0011378779, -0.0009158947, -0.00068955665, -0.0005862485, -0.00040821254, -0.00025933722, -0.00018716541, -2.4513782e-05, 0.00018529063, 0.00031055033, 0.000588845, 0.00086196925, 0.001065081, 0.0011198558, 0.0011092527, 0.00092856435, 0.00077975256, 0.00039353583, -6.0471382e-05, -0.00052265706, -0.00074292877, -0.0011472746, -0.0015030616, -0.0016656436, -0.001968857, -0.0022443787, -0.0023703568, -0.0025872188, -0.0027412365, -0.0028175395, -0.0028264734, -0.0027977736, -0.002738724, -0.0027131161, -0.0027019056, -0.0027778808, -0.0029621196, -0.0030934694, -0.0034184032, -0.0037887357, -0.0039753695, -0.0043195197, -0.0045906827, -0.004688327, -0.0047935247, -0.0047630672, -0.0045833862, -0.004434613, -0.0040197917, -0.0034600636, -0.0031356397, -0.00242895, -0.0017013138, -0.0010269573, -0.00073240476, -0.00026171576, 4.639826e-05, 0.00015536735, 0, 0
0, 0, 0, -0.0018513296, -0.0020337375, -0.0025803403, -0.003253934, -0.0036031543, -0.004274726, -0.004861417, -0.0053139008, -0.0054783057, -0.0056695733, -0.005674264, -0.0056118486, -0.0053814617, -0.0050533544, -0.0046892576, -0.0045108045, -0.004188306, -0.0039232033, -0.0038103126, -0.003609089, -0.0034243846, -0.0033339702, -0.0031575165, -0.002997474, -0.0028615615, -0.002802602, -0.0026912922, -0.002560311, -0.0024741143, -0.0022313967, -0.0018684769, -0.0013785091, -0.0010953216, -0.0004878932, 0.000112957045, 0.00038987392, 0.00086607423, 0.0012209488, 0.001352475, 0.0015378989, 0.0016457279, 0.0017053939, 0.0017229487, 0.0017329655, 0.0016967113, 0.0016550794, 0.0015149119, 0.0012996003, 0.001031642, 0.0008901859, 0.0006219759, 0.00040788716, 0.00032978074, 0.0002327879, 0.00019541329, 0.00018769556, 0.00016611992, 0.00010644475, -1.0405929e-05, -8.906717e-05, -0.00027180612, -0.0004560027, -0.0005367346, -0.0006556654, -0.00071009353, -0.00071204914, -0.000702774, -0.000686029, -0.00069597206, -0.0007157971, -0.0007839329, -0.00087290467, -0.0009520385, -0.0009774591, -0.0009856821, -0.0009337889, -0.0008896768, -0.0007833425, -0.00068111107, -0.00064093084, -0.0005927248, -0.000586226, -0.00060351565, -0.0006122425, -0.0006091609, -0.00055597594, -0.0005054797, -0.00035799813, -0.00016135862, 6.025434e-05, 0.00017359795, 0.00039465283, 0.00060523674, 0.000707815, 0.00091561134, 0.001137233, 0.0012553858, 0.0015034161, 0.0017492052, 0.0019605302, 0.0020406581, 0.0021269284, 0.0020946306, 0.0020308902, 0.0018124013, 0.0014940309, 0.001109822, 0.00090443844, 0.00048636884, 7.600524e-05, -0.0001226729, -0.0005052929, -0.0008689437, -0.0010441714, -0.0013792557, -0.0016878265, -0.0019601537, -0.0020800352, -0.0022868114, -0.0024558094, -0.0025316183, -0.002682485, -0.0028550532, -0.0030748239, -0.0032070754, -0.0035193507, -0.0038844026, -0.004078853, -0.004469549, -0.004829351, -0.0049854694, -0.0052295006, -0.0053599468, -0.0053561064, -0.005300213, -0.0050793323, -0.004720421, -0.004495772, -0.0039743683, -0.00339112, -0.002795348, -0.0025093292, -0.0020047287, -0.0016629717, -0.0015859063, 0, 0
0, 0, 0, -0.0028830366, -0.0029901532, -0.003442889, -0.004012333, -0.004288906, -0.004768914, -0.0051117456, -0.0052945754, -0.0053241006, -0.0052658822, -0.00507387, -0.0049396106, -0.00462243, -0.0042780647, -0.003941248, -0.0037822165, -0.0034846747, -0.0032061643, -0.003069151, -0.0027909759, -0.0025032244, -0.0023574806, -0.0020694626, -0.0017945707, -0.001534448, -0.0014061591, -0.0011384604, -0.0008306746, -0.00065287703, -0.00023829193, 0.00025130223, 0.0007883267, 0.0010598163, 0.0015763153, 0.0020215164, 0.0022089202, 0.0025106105, 0.0027229325, 0.0028014272, 0.002915537, 0.0029837268, 0.0030106886, 0.0030075079, 0.0029600991, 0.0028502077, 0.0027712022, 0.0025719916, 0.0023384546, 0.0021018342, 0.0019911958, 0.0017969796, 0.0016411302, 0.0015749139, 0.0014544532, 0.0013309091, 0.0012627083, 0.0011080694, 0.0009321006, 0.0007470795, 0.00065636734, 0.00048850954, 0.00035028099, 0.00029421123, 0.00020612436, 0.00014271626, 9.092545e-05, 6.5547465e-05, 1.171798e-05, -4.5702294e-05, -7.4329146e-05, -0.00012653456, -0.00016747059, -0.0001907701, -0.0001943073, -0.00018400603, -0.00015078121, -0.00012687113, -6.556657e-05, 1.02976055e-05, 5.2531963e-05, 0.00014533167, 0.00024540562, 0.00034706658, 0.0003969657, 0.00049331883, 0.0005901112, 0.00064151315, 0.0007584898, 0.00090482493, 0.001089381, 0.0011964738, 0.0014364029, 0.0016993998, 0.0018338002, 0.0020976912, 0.0023455655, 0.0024618502, 0.0026795967, 0.0028818122, 0.0030694727, 0.0031561127, 0.0033044629, 0.0034001304, 0.0034198076, 0.0033856118, 0.003240475, 0.002983386, 0.0028179644, 0.002432081, 0.0020027047, 0.0017831227, 0.001351569, 0.0009416336, 0.0007463016, 0.00037092774, 8.828624e-06, -0.00034594611, -0.00052147004, -0.000866376, -0.0011983163, -0.0013585531, -0.0016653591, -0.0019600652, -0.0022563282, -0.0024109965, -0.002745084, -0.0031228522, -0.0033283106, -0.0037620142, -0.0042030932, -0.004415122, -0.004798021, -0.005093795, -0.005270989, -0.005308736, -0.0052775196, -0.005108709, -0.0049779057, -0.004636845, -0.0042129615, -0.0037376606, -0.0034934739, -0.0030356045, -0.0027265786, -0.002683661, 0, 0
0, 0, 0, -0.0032035054, -0.0032333038, -0.0035135467, -0.0038858517, -0.0040531605, -0.004302005, -0.0044128946, -0.0043838737, -0.004321909, -0.004117546, -0.0038326238, -0.0036707986, -0.0033280007, -0.0029797156, -0.0026359095, -0.0024648667, -0.0021180988, -0.0017562474, -0.0015684867, -0.001183705, -0.0007970177, -0.0006077704, -0.0002431956, 0.000102635364, 0.00044126358, 0.0006141603, 0.0009809246, 0.0013895686, 0.0016115191, 0.0020826815, 0.002564634, 0.0030151445, 0.0032161672, 0.0035527286, 0.0038005472, 0.0038956185, 0.004044806, 0.0041603274, 0.004210965, 0.004298523, 0.004357297, 0.0043653455, 0.0043428848, 0.004236039, 0.004049944, 0.0039340113, 0.0036797004, 0.0034318345, 0.0032224017, 0.0031359035, 0.0029925, 0.0028644074, 0.0027957254, 0.002631295, 0.0024207248, 0.0023006066, 0.002046096, 0.0018027981, 0.0016030085, 0.001525457, 0.0014151367, 0.0013489329, 0.0013236848, 0.0012684466, 0.0011877067, 0.0010749955, 0.0010102891, 0.0008793596, 0.000772141, 0.0007348981, 0.00069918163, 0.0007071537, 0.00073746045, 0.0007534178, 0.0007742708, 0.00077581767, 0.00077213347, 0.00077009894, 0.0007988827, 0.0008329111, 0.0009494531, 0.0011257807, 0.0013370939, 0.0014445384, 0.001641012, 0.0017964952, 0.0018578743, 0.0019598177, 0.0020616779, 0.0021989269, 0.0022890237, 0.0025181165, 0.0027989119, 0.0029494448, 0.0032463751, 0.0035109017, 0.0036250516, 0.003816795, 0.003976004, 0.0041283653, 0.0042094067, 0.0043840786, 0.004564349, 0.004646666, 0.004767555, 0.004791756, 0.00468778, 0.0045850836, 0.0042901584, 0.003907669, 0.0036988086, 0.0032734917, 0.0028650684, 0.0026717444, 0.0023043489, 0.0019491209, 0.0015875977, 0.0014001383, 0.001008695, 0.00060146756, 0.00039624504, -6.861337e-06, -0.00039055874, -0.0007535539, -0.00093101047, -0.0012916486, -0.0016797071, -0.0018894109, -0.0023433738, -0.0028343226, -0.003086042, -0.0035790687, -0.0040229387, -0.004376011, -0.004508755, -0.0046743657, -0.0047040503, -0.0046702633, -0.004515498, -0.004261948, -0.003933389, -0.003751905, -0.003397393, -0.0031756873, -0.0031770964, 0, 0
0, 0, 0, -0.0029400191, -0.002896332, -0.0029745682, -0.0031179234, -0.0031713059, -0.0032057553, -0.0031353123, -0.002969343, -0.0028561463, -0.0025823961, -0.00226057, -0.0020874194, -0.0017234278, -0.0013424304, -0.00094430003, -0.0007373344, -0.00030665658, 0.00014189733, 0.0003686363, 0.0008151064, 0.0012357753, 0.0014330221, 0.0018023731, 0.00214955, 0.0024958337, 0.0026753538, 0.003055962, 0.0034668583, 0.003679407, 0.00409896, 0.0044783964, 0.0047809905, 0.004896646, 0.0050581056, 0.0051483866, 0.005178097, 0.0052289185, 0.0052865795, 0.00531908, 0.0053813583, 0.005413702, 0.0053810026, 0.005331249, 0.005160991, 0.0049120807, 0.004770569, 0.0044861617, 0.004239064, 0.004054725, 0.00398458, 0.0038692765, 0.003751708, 0.0036795156, 0.0034915358, 0.0032458582, 0.0031081834, 0.0028307359, 0.0025904505, 0.0024233712, 0.0023712078, 0.0023203618, 0.0023065251, 0.002298787, 0.0022529734, 0.002147744, 0.0019864268, 0.0018942325, 0.0017161245, 0.0015855285, 0.0015484442, 0.0015353577, 0.0015858831, 0.0016597548, 0.0016916272, 0.0017237858, 0.0017062144, 0.0016834219, 0.0016334137, 0.0016171082, 0.0016357675, 0.0017418647, 0.0019375905, 0.002191988, 0.0023255732, 0.0025734517, 0.0027662835, 0.0028377844, 0.0029413481, 0.0030231657, 0.0031283814, 0.0032018959, 0.003402212, 0.0036654214, 0.003811131, 0.0041033514, 0.0043631177, 0.00447209, 0.00464647, 0.0047793547, 0.0049046483, 0.0049752374, 0.0051450245, 0.005351524, 0.0054606823, 0.0056642545, 0.0058055483, 0.005840259, 0.0058104172, 0.005657008, 0.0054012043, 0.005247489, 0.0049153822, 0.0045793536, 0.004416217, 0.004100562, 0.003788552, 0.0034612468, 0.0032865617, 0.0029102694, 0.0025014705, 0.0022896992, 0.0018630318, 0.0014472492, 0.0010525003, 0.0008618539, 0.0004846477, 9.5488904e-05, -0.00011026737, -0.0005546216, -0.0010457253, -0.0013061297, -0.0018424792, -0.0023693587, -0.0028477095, -0.0030570556, -0.0033981914, -0.0036227317, -0.0036894395, -0.0037340424, -0.003670606, -0.0035200228, -0.0034232123, -0.0032331748, -0.0031725825, -0.0032467758, 0, 0
0, 0, 0, -0.0024032095, -0.0022839552, -0.002154645, -0.0020813146, -0.002035132, -0.0018984702, -0.0016976987, -0.0014411308, -0.0012949998, -0.0009727771, -0.00061475916, -0.0004230837, -1.6421483e-05, 0.00041858348, 0.000876037, 0.0011108085, 0.0015846938, 0.0020495267, 0.0022725577, 0.0026888535, 0.0030581492, 0.0032255251, 0.0035334239, 0.0038227718, 0.004114816, 0.004266449, 0.004584361, 0.004913273, 0.0050750766, 0.0053742537, 0.0056150877, 0.0057754614, 0.0058245845, 0.005871834, 0.0058767726, 0.005873592, 0.0058704135, 0.005878912, 0.005885158, 0.005888187, 0.0058531347, 0.0057517914, 0.005671153, 0.0054537924, 0.005184257, 0.005043517, 0.0047794245, 0.0045667337, 0.0044156928, 0.0043586274, 0.004260359, 0.0041526756, 0.004085421, 0.0039152177, 0.0037021246, 0.003587015, 0.0033642838, 0.00318362, 0.0030701896, 0.003039218, 0.0030147987, 0.0030061018, 0.0029937518, 0.0029314877, 0.0028085613, 0.0026385882, 0.0025468876, 0.0023805064, 0.0022712816, 0.002246641, 0.0022583657, 0.0023302943, 0.002420789, 0.0024588495, 0.002499355, 0.002485358, 0.0024616572, 0.0024034164, 0.0023681805, 0.0023724288, 0.0024401955, 0.0025872341, 0.0027907095, 0.002901105, 0.0031122987, 0.0032855081, 0.0033532842, 0.003456727, 0.0035389531, 0.003634725, 0.0036973867, 0.003862349, 0.004077345, 0.0041971803, 0.004442831, 0.004669598, 0.004768652, 0.0049352185, 0.005068711, 0.005192816, 0.005259376, 0.0054132324, 0.0055981837, 0.0056989, 0.0059014754, 0.0060785203, 0.006198547, 0.006230264, 0.0062318654, 0.0061563067, 0.0060943593, 0.005935936, 0.005746029, 0.0056433775, 0.0054248055, 0.0051863175, 0.004920303, 0.0047747414, 0.004457083, 0.0041073062, 0.0039231605, 0.0035444307, 0.0031613747, 0.00278111, 0.0025925282, 0.0022160397, 0.0018329893, 0.001635801, 0.0012216198, 0.00077372394, 0.00053605594, 3.695504e-05, -0.0004804662, -0.0009927333, -0.0012383073, -0.0016894431, -0.0020673578, -0.0022226286, -0.0024578169, -0.0025919229, -0.002638589, -0.0026415626, -0.0026623155, -0.0028528292, -0.0030707198, 0, 0
0, 0, 0, -0.001875368, -0.0016596616, -0.0013299212, -0.0010766465, -0.0009525259, -0.0006857956, -0.00038563035, -5.2897998e-05, 0.00012498518, 0.000501952, 0.0009076087, 0.0011211325, 0.0015651247, 0.0020240932, 0.00248183, 0.0027047393, 0.003128207, 0.003510333, 0.0036831447, 0.003991455, 0.0042546415, 0.004372796, 0.004592489, 0.004801833, 0.005011675, 0.0051175603, 0.005328803, 0.005528581, 0.0056192856, 0.005771874, 0.0058753444, 0.005925528, 0.0059332117, 0.005923333, 0.005893578, 0.005875058, 0.005832076, 0.0057781404, 0.0057440787, 0.0056540626, 0.005526798, 0.0053568464, 0.0052571697, 0.005038656, 0.0048147603, 0.004709615, 0.0045267884, 0.0043870155, 0.004283326, 0.0042394022, 0.0041550584, 0.004061414, 0.0040081823, 0.003888618, 0.003758166, 0.0036931038, 0.0035746205, 0.0034833995, 0.0034243197, 0.0034044946, 0.0033723959, 0.0033319285, 0.0033021544, 0.0032193197, 0.0031086407, 0.002987288, 0.002929867, 0.0028376628, 0.002790062, 0.0027850305, 0.0028087916, 0.002862406, 0.0029211356, 0.0029452, 0.0029728545, 0.0029709372, 0.0029611194, 0.0029346067, 0.0029164117, 0.0029160264, 0.0029393192, 0.002994621, 0.0030746947, 0.0031196736, 0.0032123239, 0.0033013732, 0.0033436834, 0.0034254421, 0.003509602, 0.0036042575, 0.0036579715, 0.0037790327, 0.0039178673, 0.00399238, 0.004147974, 0.004306525, 0.0043854155, 0.0045411834, 0.0046945186, 0.004845878, 0.004921135, 0.005071538, 0.0052206228, 0.0052944543, 0.0054402747, 0.0055829734, 0.0057209954, 0.0057870755, 0.005909336, 0.006009564, 0.006047593, 0.0060916157, 0.0060847015, 0.0060602934, 0.005970462, 0.005830976, 0.005651615, 0.005550675, 0.005331281, 0.005094563, 0.0049703233, 0.0047089932, 0.004426212, 0.004116956, 0.0039522205, 0.0036054354, 0.0032419364, 0.003056616, 0.0026807685, 0.0022967877, 0.0021001813, 0.0016926187, 0.0012608403, 0.00080475403, 0.0005698606, 9.705072e-05, -0.0003597782, -0.00057305227, -0.0009522608, -0.0012543466, -0.0014803195, -0.0015742322, -0.0017800735, -0.0022054806, -0.0026514141, 0, 0
0, 0, 0, -0.0014039356, -0.0010651108, -0.00059692585, -0.00022778237, -5.144339e-05, 0.0003059157, 0.00067803997, 0.0010679234, 0.0012694751, 0.0016837206, 0.0021101937, 0.0023255984, 0.0027532082, 0.0031618609, 0.0035331976, 0.003699831, 0.003991309, 0.004228086, 0.0043286583, 0.004503645, 0.0046569295, 0.0047294106, 0.004872074, 0.005011273, 0.0051403036, 0.005197684, 0.0052902247, 0.005347621, 0.0053621945, 0.0053654374, 0.005341868, 0.005302965, 0.0052813, 0.0052357344, 0.005183513, 0.0051513966, 0.0050648306, 0.0049403086, 0.004862837, 0.0046816217, 0.004480083, 0.004279587, 0.0041867276, 0.0040276186, 0.0039117155, 0.003869815, 0.003810223, 0.0037649015, 0.003713924, 0.0036826585, 0.0036099372, 0.003533369, 0.0034987482, 0.003445092, 0.0034181948, 0.0034142472, 0.0034192565, 0.0034286634, 0.0034248387, 0.0034138311, 0.003368807, 0.0032981974, 0.003257985, 0.0031808962, 0.003125264, 0.0031024457, 0.0031033307, 0.0031225851, 0.0031507846, 0.0031625228, 0.003173355, 0.0031637838, 0.0031398435, 0.0031265428, 0.00310654, 0.003103551, 0.0031092777, 0.003130187, 0.0031522582, 0.0031580755, 0.0031499215, 0.0031114623, 0.0030488619, 0.0030141594, 0.002953593, 0.0029230553, 0.0029236032, 0.0029573513, 0.0030249122, 0.0031049992, 0.0031425306, 0.0032027764, 0.003240536, 0.0032540574, 0.0032833638, 0.0033364424, 0.003378353, 0.003498612, 0.0036617396, 0.0038460887, 0.003937262, 0.004101678, 0.004229521, 0.0042797257, 0.004361916, 0.0044433926, 0.0045535006, 0.00462581, 0.0048073167, 0.005024736, 0.005137267, 0.005344641, 0.0054985574, 0.0055475924, 0.0055863988, 0.0055567864, 0.0054834797, 0.005439212, 0.0053500445, 0.0052672992, 0.005226778, 0.0051358812, 0.0050112545, 0.004830831, 0.0047167474, 0.004445016, 0.0041317074, 0.003967618, 0.0036395716, 0.003322928, 0.0031696234, 0.0028654572, 0.0025476452, 0.0021951506, 0.0020016937, 0.0015789586, 0.0011227123, 0.00089090416, 0.0004421778, 3.6919904e-05, -0.00031037276, -0.0004647374, -0.00075557665, -0.0010553009, -0.001182012, 0, 0
0, 0, 0, -0.000446904, -0.00032272108, 4.221005e-05, 0.0004376523, 0.00063611986, 0.0010322393, 0.0014284265, 0.0018248433, 0.0020224066, 0.0024139667, 0.0027939666, 0.0029760276, 0.0033156737, 0.0036076093, 0.003839547, 0.0039308933, 0.004069392, 0.0041616876, 0.004196981, 0.0042605163, 0.004328562, 0.0043668514, 0.004450043, 0.004528933, 0.0045811287, 0.004590671, 0.0045678164, 0.004488582, 0.004431618, 0.0042977263, 0.004159536, 0.0040401467, 0.003990514, 0.0039071185, 0.003827326, 0.0037799901, 0.003655022, 0.0034802798, 0.0033761605, 0.0031498452, 0.0029309515, 0.0027584957, 0.0026992513, 0.0026425933, 0.0026589595, 0.0026852107, 0.002747284, 0.0027881893, 0.0027840098, 0.0027652544, 0.0027093862, 0.0026596305, 0.002648342, 0.0026673817, 0.0027452246, 0.0028015447, 0.0029279962, 0.0030393132, 0.0031011524, 0.0031081142, 0.0030784076, 0.0030163317, 0.002986772, 0.0029564078, 0.0029871627, 0.0030790293, 0.003140081, 0.003264808, 0.0033535312, 0.0033728564, 0.003351495, 0.0032605908, 0.0031358043, 0.0030756139, 0.002986826, 0.002960262, 0.0029705272, 0.0030211546, 0.003074607, 0.003086954, 0.0030597362, 0.002951553, 0.0027769194, 0.0026777186, 0.0024873072, 0.0023456889, 0.0023024222, 0.0022721924, 0.0022964382, 0.00233328, 0.0023422106, 0.0023220987, 0.002245783, 0.002192594, 0.0020820433, 0.00200715, 0.0019966178, 0.0020434775, 0.0021751751, 0.0023593367, 0.0024561493, 0.0026297711, 0.002751857, 0.0027915146, 0.0028392219, 0.002877838, 0.0029537228, 0.0030171128, 0.0032045327, 0.003462159, 0.0036064307, 0.0038946406, 0.004142486, 0.0042404905, 0.0043772766, 0.004447946, 0.00448394, 0.004500635, 0.0045499266, 0.004628611, 0.004675854, 0.0047673075, 0.004822156, 0.004805217, 0.0047635287, 0.0046149534, 0.0043984354, 0.0042753113, 0.004021237, 0.0037789424, 0.0036655788, 0.0034506272, 0.0032316071, 0.0029791433, 0.002832058, 0.0024887936, 0.0020857165, 0.0018690274, 0.0014257617, 0.0009966714, 0.0006031848, 0.00042208075, 8.902893e-05, -0.00018736826, -0.00027186878, 0, 0
0, 0, 0, 0.0001261058, 0.00019440214, 0.00048331832, 0.00085711, 0.0010499887, 0.0014280713, 0.0017870703, 0.0021233202, 0.0022822185, 0.0025811063, 0.0028507155, 0.0029725726, 0.0031837102, 0.0033423216, 0.0034424022, 0.0034709992, 0.0034926685, 0.0034828107, 0.0034733275, 0.003457, 0.0034557742, 0.003461351, 0.003477542, 0.0034821343, 0.0034478272, 0.0034084625, 0.003279317, 0.0030878542, 0.0029757493, 0.002739228, 0.0025166678, 0.0023345314, 0.0022609679, 0.0021423127, 0.0020380437, 0.0019816023, 0.0018446613, 0.0016693012, 0.0015706224, 0.0013704911, 0.0012020135, 0.0011062878, 0.0010937408, 0.001140039, 0.0012606137, 0.0013346293, 0.0014769512, 0.0015764287, 0.0016151776, 0.0016156496, 0.0016014015, 0.0016053831, 0.0016272713, 0.0017267185, 0.0019006757, 0.0020082192, 0.0022370361, 0.0024403015, 0.0025773311, 0.002615727, 0.0026428883, 0.0026384997, 0.0026411293, 0.002685068, 0.0028000544, 0.0029768767, 0.0030763305, 0.0032609513, 0.0033784506, 0.0033987088, 0.0033534092, 0.0032124685, 0.0030255087, 0.002934669, 0.0027936196, 0.002732293, 0.0027318979, 0.0027696304, 0.0028120915, 0.0028162487, 0.002761238, 0.00260761, 0.0023717685, 0.0022376673, 0.0019738735, 0.0017589335, 0.0016802918, 0.0015816019, 0.0015379477, 0.0015018474, 0.0014708204, 0.001360951, 0.0011822011, 0.0010734699, 0.00084683584, 0.00065581244, 0.0005897094, 0.0005350239, 0.0005839027, 0.0007069684, 0.0007814477, 0.0009247607, 0.0010310974, 0.0010659128, 0.0011071243, 0.0011381956, 0.0012018637, 0.0012572199, 0.0014259646, 0.0016665199, 0.0018054625, 0.002094358, 0.0023635714, 0.0024809293, 0.0026740201, 0.0028218708, 0.0029532602, 0.0030235525, 0.003188769, 0.003393495, 0.0035070255, 0.003737208, 0.003938194, 0.0040715747, 0.0041054427, 0.004104846, 0.004026784, 0.0039673774, 0.003828843, 0.0036854206, 0.0036163582, 0.0034813604, 0.0033357057, 0.0031543786, 0.0030427314, 0.0027711482, 0.0024373853, 0.0022530786, 0.0018653714, 0.0014759892, 0.0011045112, 0.0009301748, 0.00061779504, 0.00040628613, 0.00036847536, 0, 0
0, 0, 0, 0.00047606698, 0.0004430238, 0.0006240966, 0.0009487343, 0.0011184261, 0.0014372098, 0.0017141944, 0.0019456743, 0.0020454375, 0.0022169808, 0.0023550128, 0.0024122496, 0.002501821, 0.0025550928, 0.0025684787, 0.0025607424, 0.0025186366, 0.0024509176, 0.002411648, 0.0023296657, 0.002250221, 0.0022117645, 0.0021317792, 0.002034515, 0.0019013756, 0.0018165202, 0.0016074813, 0.0013541202, 0.0012174512, 0.0009427875, 0.00069208967, 0.0004866341, 0.000402692, 0.00026687814, 0.0001564983, 0.00010384535, -6.8533136e-06, -0.00012746429, -0.00018891033, -0.0002998172, -0.0003705041, -0.00037392162, -0.00034581946, -0.00023415893, -6.97072e-05, 2.0543946e-05, 0.00019200316, 0.0003281368, 0.0004217569, 0.00045758774, 0.00052649406, 0.00062191003, 0.0006895476, 0.0008753759, 0.0011256775, 0.0012680283, 0.0015616484, 0.0018295619, 0.0020371687, 0.0021146787, 0.002226692, 0.0023109042, 0.0023555288, 0.0024718654, 0.0026350436, 0.0028347238, 0.002937923, 0.0031217744, 0.0032378803, 0.0032598488, 0.0032261822, 0.0031046574, 0.002936978, 0.0028520843, 0.0027087985, 0.0026211839, 0.0025983355, 0.002578073, 0.002554966, 0.0025280304, 0.0024208308, 0.00223258, 0.0019770295, 0.0018351199, 0.0015517186, 0.0013016785, 0.0011966169, 0.0010275479, 0.0008955372, 0.0007648721, 0.00068833295, 0.00049716805, 0.00025213129, 0.00011426081, -0.00016939857, -0.00042744927, -0.0005340719, -0.0006862095, -0.0007520644, -0.0007468335, -0.000726665, -0.0006718009, -0.0006189998, -0.00059759285, -0.00056178425, -0.00052017096, -0.00044890086, -0.00039595208, -0.00024894546, -5.050654e-05, 6.334153e-05, 0.00030636197, 0.0005498838, 0.00066586764, 0.00088260794, 0.0010842608, 0.0012875664, 0.0013957189, 0.0016334795, 0.0019014882, 0.002043589, 0.0023308762, 0.0025994729, 0.0028237298, 0.0029133474, 0.0030440204, 0.003114991, 0.0031324914, 0.0031423795, 0.0031283125, 0.00311435, 0.0030687528, 0.0029893217, 0.002861493, 0.0027762577, 0.0025613143, 0.0022945332, 0.002146665, 0.0018337524, 0.0015124447, 0.0011945923, 0.0010410195, 0.0007741935, 0.0006837842, 0.00077211426, 0, 0
0, 0, 0, 0, 0.00023612371, 0.00043130535, 0.0007200372, 0.0008604164, 0.0011043722, 0.0012887362, 0.00141453, 0.0014580823, 0.0015149022, 0.0015423839, 0.0015487107, 0.0015504385, 0.0015374953, 0.0015059882, 0.0014812166, 0.0014093525, 0.0013055926, 0.0012417799, 0.0010932, 0.0009222982, 0.00083088235, 0.0006381252, 0.0004334028, 0.00021615395, 0.0001025854, -0.00013373213, -0.00037746294, -0.00049939496, -0.00073472894, -0.00094813947, -0.0011294826, -0.001206625, -0.0013340907, -0.0014293176, -0.0014666608, -0.0015229519, -0.001556467, -0.0015645048, -0.0015602631, -0.0015238174, -0.0014494406, -0.0013974993, -0.0012668691, -0.0011098357, -0.0010257268, -0.00085402036, -0.0006827594, -0.00051133306, -0.00042312487, -0.0002349284, -2.2382963e-05, 9.571839e-05, 0.00035774417, 0.0006500199, 0.00080347987, 0.0011108323, 0.0014005173, 0.0016552629, 0.0017677465, 0.0019665635, 0.002141956, 0.0022254495, 0.0023912694, 0.0025582113, 0.0027220768, 0.0027994127, 0.0029347138, 0.0030297276, 0.0030577441, 0.0030716923, 0.0030346867, 0.0029619676, 0.0029178178, 0.0028237817, 0.002728455, 0.0026799936, 0.0025767158, 0.0024533726, 0.0023798016, 0.0022033418, 0.0019860754, 0.0017361401, 0.0016037549, 0.0013350206, 0.0010725564, 0.00094624574, 0.0007044591, 0.00047137687, 0.0002370582, 0.00011608205, -0.00013742852, -0.0004053493, -0.0005426189, -0.0008161044, -0.0010761578, -0.001196827, -0.001412031, -0.0015875712, -0.0017208765, -0.0017721868, -0.0018462398, -0.0018859287, -0.001893829, -0.0018857929, -0.0018450262, -0.0017708939, -0.0017219587, -0.0016018575, -0.0014556904, -0.0013740797, -0.0011950848, -0.0009976783, -0.0008928467, -0.00067194155, -0.0004368577, -0.00018782093, -5.8612994e-05, 0.00020737865, 0.0004785169, 0.00061382493, 0.0008798803, 0.0011352098, 0.0013751081, 0.0014880947, 0.0016990167, 0.0018881802, 0.0019739673, 0.002125839, 0.0022464525, 0.002291815, 0.002345781, 0.0023422583, 0.0022759552, 0.0022198998, 0.0020668437, 0.0018710365, 0.0017618684, 0.0015285827, 0.00128034, 0.001017286, 0.00088048365, 0.00061581767, 0.00045289923, 0, 0, 0
0, 0, 0, 0, -7.787181e-05, 8.571225e-05, 0.00031290253, 0.0004177587, 0.0005875559, 0.0006968572, 0.0007477207, 0.0007540817, 0.0007371609, 0.0006946241, 0.0006685156, 0.00061332074, 0.00055674696, 0.00049440295, 0.00045725316, 0.00036230392, 0.00022773845, 0.00014307951, -6.143768e-05, -0.00030534464, -0.00043734643, -0.00071059086, -0.000979325, -0.0012269351, -0.0013393005, -0.0015390052, -0.0017085306, -0.0017844875, -0.0019253304, -0.0020576657, -0.0021826818, -0.0022406732, -0.0023411086, -0.0024095832, -0.0024277945, -0.0024274036, -0.0023780325, -0.002337314, -0.0022325714, -0.0021099797, -0.0019825848, -0.0019191486, -0.0017914518, -0.0016553737, -0.0015801843, -0.0014061321, -0.001191313, -0.0009325108, -0.0007885323, -0.00048086897, -0.00016271885, -5.094109e-06, 0.00030097758, 0.0005915808, 0.00073152, 0.001003871, 0.0012712759, 0.0015387457, 0.0016724269, 0.0019366656, 0.0021851228, 0.0022983588, 0.0024933375, 0.0026415193, 0.0027471671, 0.0027883768, 0.0028583515, 0.0029229058, 0.0029560057, 0.0030238004, 0.00308722, 0.0031307663, 0.0031384642, 0.0031131194, 0.0030244004, 0.0029557429, 0.0027771355, 0.0025607864, 0.0024452305, 0.0022108569, 0.0019812733, 0.0017575079, 0.001644974, 0.0014098721, 0.0011501372, 0.001008423, 0.0007024149, 0.0003755526, 4.680076e-05, -0.00011190296, -0.00040802095, -0.0006705128, -0.00078977435, -0.0010129208, -0.0012303211, -0.001342202, -0.0015782864, -0.001827633, -0.0020747292, -0.0021897058, -0.002387689, -0.002527583, -0.0025726317, -0.0026143135, -0.002601014, -0.0025511878, -0.0025186206, -0.0024472284, -0.0023695899, -0.0023265888, -0.0022233198, -0.002084656, -0.0019987284, -0.00179331, -0.0015502556, -0.0012858822, -0.0011522014, -0.00089302956, -0.0006554171, -0.0005458161, -0.00034061004, -0.00014272564, 6.31238e-05, 0.00017239068, 0.00040580909, 0.0006532199, 0.00077797385, 0.0010185887, 0.0012305802, 0.001319725, 0.0014546929, 0.0015258902, 0.0015337814, 0.0015164475, 0.0014464344, 0.001339332, 0.0012751397, 0.0011286086, 0.0009552991, 0.00074916973, 0.00063324254, 0.00039530804, 0.00024263663, 0, 0, 0
0, 0, 0, 0, -0.00041745236, -0.0002776977, -0.00010910648, -3.611986e-05, 7.590167e-05, 0.00013932594, 0.0001541358, 0.00014467133, 9.7110875e-05, 2.1076727e-05, -2.3685338e-05, -0.00011905032, -0.00021632748, -0.0003157534, -0.0003686914, -0.00048939954, -0.0006420986, -0.0007337766, -0.0009491109, -0.0012002882, -0.0013344397, -0.0016048719, -0.0018561678, -0.0020642283, -0.0021470326, -0.002268001, -0.0023391764, -0.0023626823, -0.0024016087, -0.0024468433, -0.0025071474, -0.0025411393, -0.002605387, -0.0026446974, -0.002647233, -0.0026076122, -0.0025058077, -0.0024345517, -0.0022658966, -0.0020866606, -0.0019201263, -0.0018452535, -0.0017089584, -0.001573573, -0.0014973211, -0.0013088755, -0.0010565182, -0.00073669583, -0.00055701076, -0.00017858722, 0.0001928446, 0.00036530045, 0.00067163876, 0.0009253334, 0.0010370776, 0.0012471629, 0.0014650746, 0.0017140044, 0.0018522874, 0.0021473123, 0.0024398766, 0.0025726694, 0.0027894028, 0.0029278165, 0.0029955928, 0.003011619, 0.0030311935, 0.0030644913, 0.0030944105, 0.0031860375, 0.0033073637, 0.0034228642, 0.0034640408, 0.0034860042, 0.003407148, 0.0033296612, 0.0031146635, 0.0028544068, 0.0027216629, 0.0024732824, 0.0022631432, 0.0020847772, 0.0019992196, 0.0018118202, 0.0015745483, 0.0014305095, 0.0010930529, 0.00071128836, 0.0003250227, 0.00014365348, -0.00017526078, -0.00042642257, -0.00052894925, -0.00070656143, -0.00088025, -0.0009773106, -0.0012074481, -0.0014862509, -0.0017914056, -0.0019421333, -0.0022139002, -0.0024209833, -0.0024951813, -0.0025870677, -0.002620858, -0.0026256298, -0.0026256386, -0.0026315732, -0.0026440935, -0.0026479538, -0.0026347565, -0.0025721404, -0.0025167873, -0.0023574086, -0.0021453553, -0.0019074229, -0.0017884021, -0.0015675499, -0.0013811443, -0.0013010819, -0.0011579759, -0.00101735, -0.00085515104, -0.00076099567, -0.00054481096, -0.00029981174, -0.00017257623, 7.701222e-05, 0.00030117205, 0.0003988149, 0.0005587969, 0.00067167456, 0.00074282446, 0.0007652137, 0.0007874311, 0.00078112003, 0.00076651055, 0.0007104392, 0.00061125413, 0.00046083165, 0.00036631472, 0.00015719977, 8.316762e-06, 0, 0, 0
0, 0, 0, 0, -0.00066856435, -0.0005424985, -0.0004168542, -0.0003674154, -0.0002948504, -0.00025480162, -0.00024827095, -0.00025854484, -0.00030649998, -0.00039002293, -0.00044316982, -0.00056602317, -0.0007007745, -0.0008370021, -0.00090407545, -0.0010367049, -0.001172752, -0.0012445828, -0.0013992391, -0.0015684242, -0.0016568465, -0.0018330975, -0.0019929004, -0.00211623, -0.002159109, -0.0022041327, -0.002202048, -0.0021896507, -0.002157752, -0.0021353827, -0.0021344353, -0.0021412554, -0.0021600795, -0.0021660356, -0.002155943, -0.0020959948, -0.001974257, -0.0018917172, -0.0016959391, -0.0014829512, -0.0012797831, -0.0011869642, -0.0010187732, -0.0008593777, -0.0007743213, -0.00057482516, -0.00031809614, 3.6920505e-07, 0.00017747509, 0.0005465737, 0.00090062764, 0.0010604262, 0.0013316255, 0.0015379741, 0.0016224531, 0.0017759562, 0.0019429857, 0.0021551056, 0.0022820241, 0.0025678033, 0.0028657375, 0.0030044303, 0.0032349715, 0.003383293, 0.0034514435, 0.003463048, 0.0034658397, 0.0034765357, 0.0034952855, 0.0035684484, 0.0036796348, 0.0037928915, 0.003834988, 0.0038622334, 0.0037923194, 0.0037211103, 0.0035232932, 0.0032888367, 0.003172923, 0.0029666394, 0.0028073427, 0.0026855618, 0.0026286757, 0.0024945212, 0.0022997702, 0.0021720794, 0.0018573415, 0.0014880059, 0.0011093747, 0.00093156577, 0.00062052975, 0.00037937282, 0.00028244, 0.000116291165, -4.6578232e-05, -0.00013924825, -0.0003622413, -0.0006372789, -0.0009418858, -0.0010935188, -0.0013707238, -0.0015901198, -0.0016743125, -0.001797424, -0.0018805378, -0.0019540014, -0.0019949938, -0.0020919994, -0.0022019343, -0.0022545257, -0.0023353612, -0.0023600839, -0.0023460917, -0.0022660461, -0.002131344, -0.0019705133, -0.0018901506, -0.001744444, -0.001627397, -0.0015783211, -0.001488228, -0.0013881793, -0.0012586433, -0.0011800302, -0.0009979715, -0.00079730264, -0.00069686485, -0.0005083363, -0.00034803708, -0.00027973726, -0.00016334976, -6.400101e-05, 3.0284267e-05, 7.735746e-05, 0.00016920203, 0.00024647135, 0.00027369775, 0.0002934967, 0.00025467583, 0.00014766074, 6.888138e-05, -0.00012395064, -0.00028292462, 0, 0, 0
0, 0, 0, 0, -0.0007738033, -0.00065418216, -0.0005584298, -0.0005269261, -0.0004840546, -0.00045699472, -0.00044499102, -0.0004471252, -0.00047417294, -0.00053956924, -0.000587646, -0.0007108882, -0.00085599715, -0.0010005629, -0.001065886, -0.0011732979, -0.0012461576, -0.00127101, -0.001305161, -0.0013310673, -0.0013452441, -0.001380909, -0.0014241495, -0.001463456, -0.0014765577, -0.0014809984, -0.0014512583, -0.0014249445, -0.0013568443, -0.0012826762, -0.0012168519, -0.0011898205, -0.0011463332, -0.0011060575, -0.0010810838, -0.0010069053, -0.0008856837, -0.0008051159, -0.0006092955, -0.00038307038, -0.00015202358, -4.098118e-05, 0.00016467978, 0.0003510451, 0.00044108124, 0.0006277525, 0.0008396669, 0.0010870383, 0.0012229993, 0.0015079346, 0.00178685, 0.0019154196, 0.002137823, 0.0023102344, 0.0023809625, 0.0025074822, 0.0026404257, 0.0028077257, 0.002908658, 0.003141021, 0.0033933395, 0.0035161248, 0.0037328107, 0.0038906774, 0.0039821803, 0.00400601, 0.004025438, 0.0040321625, 0.0040396377, 0.004072563, 0.004127761, 0.00418476, 0.004204309, 0.004207759, 0.004151561, 0.004101507, 0.0039697583, 0.003819928, 0.0037475245, 0.003621398, 0.0035261116, 0.0034525413, 0.0034161364, 0.0033231827, 0.0031790093, 0.0030823897, 0.0028419832, 0.0025575361, 0.0022621453, 0.0021208655, 0.0018637201, 0.0016462933, 0.0015499463, 0.0013693778, 0.0011847048, 0.0010836395, 0.00085758726, 0.0006030066, 0.0003392774, 0.00021265523, -1.6127877e-05, -0.00020161927, -0.0002785402, -0.0004103228, -0.00053278735, -0.0006691235, -0.0007469042, -0.00092146423, -0.001107674, -0.0011970435, -0.0013502061, -0.0014506683, -0.0014782372, -0.0014920344, -0.0014662329, -0.001424247, -0.0014039505, -0.0013722003, -0.0013519459, -0.0013424134, -0.0013124127, -0.0012525502, -0.0011544961, -0.0010928868, -0.0009554803, -0.0008202884, -0.0007610136, -0.0006681789, -0.00061165536, -0.0005935163, -0.0005646006, -0.0005242291, -0.00045373538, -0.0004055705, -0.00029173246, -0.00017680333, -0.00012877703, -7.035797e-05, -7.918394e-05, -0.00016535025, -0.00023787002, -0.00043146365, -0.000618702, 0, 0, 0
0, 0, 0, 0, -0.00077493227, -0.0006470725, -0.00056881306, -0.00055012316, -0.0005282715, -0.00050580024, -0.00047633212, -0.000461694, -0.00044372803, -0.00045611354, -0.0004779311, -0.00055223156, -0.0006539702, -0.0007542052, -0.0007934291, -0.0008339181, -0.0008136919, -0.000781754, -0.0006859054, -0.00057139527, -0.0005169089, -0.00042936672, -0.00038050997, -0.0003650736, -0.0003636983, -0.00035644835, -0.00032288724, -0.0002911005, -0.0001959617, -6.820711e-05, 7.272435e-05, 0.00014112947, 0.00026395306, 0.00036479838, 0.00040944526, 0.0004999697, 0.0006110433, 0.00068067625, 0.0008526507, 0.0010628576, 0.0012938207, 0.001409996, 0.001630059, 0.0018208933, 0.001903878, 0.002049249, 0.0021801577, 0.0023150002, 0.0023885227, 0.002550777, 0.002729015, 0.0028200808, 0.002996693, 0.0031552967, 0.0032261326, 0.003351867, 0.0034649603, 0.003579315, 0.0036409511, 0.0037776001, 0.0039304653, 0.0040102773, 0.0041669104, 0.004306025, 0.0044139894, 0.0044540856, 0.0045070974, 0.004531028, 0.0045357863, 0.0045387037, 0.0045377146, 0.004533156, 0.004528362, 0.004510601, 0.00448176, 0.0044637634, 0.004423894, 0.0043821903, 0.004361299, 0.004319533, 0.0042758742, 0.004225521, 0.0041954187, 0.0041199364, 0.0040182117, 0.003957065, 0.0038178437, 0.00366438, 0.0035071338, 0.0034288703, 0.0032717504, 0.0031091087, 0.0030230454, 0.002837705, 0.0026324813, 0.002523183, 0.0022969868, 0.0020732072, 0.001868192, 0.001776565, 0.0016167978, 0.0014818704, 0.0014187549, 0.0012886005, 0.0011382713, 0.00095681, 0.00085490785, 0.0006358687, 0.00041471585, 0.00031065024, 0.00012776013, -1.4040383e-05, -7.05606e-05, -0.00016292407, -0.0002439085, -0.0003300003, -0.0003774257, -0.00047936777, -0.0005784672, -0.0006202573, -0.0006744802, -0.0006789337, -0.0006352515, -0.00060086726, -0.0005254547, -0.0004660364, -0.00045015686, -0.00045284245, -0.000496158, -0.00052688224, -0.0005872041, -0.0006192029, -0.0006009857, -0.00057180534, -0.0004839002, -0.00038387583, -0.00034099037, -0.0002905755, -0.00030601607, -0.0003964116, -0.00047019208, -0.00067306525, -0.0009292056, 0, 0, 0
0, 0, 0, 0, -0.00078124413, -0.00059010333, -0.00051219255, -0.0004955989, -0.0004730064, -0.00043524048, -0.0003685213, -0.0003262346, -0.00023589171, -0.00015900134, -0.00013208626, -0.000106686355, -0.00011095954, -0.000119071876, -0.000114332484, -6.847774e-05, 3.7680704e-05, 0.00011299626, 0.00029619495, 0.00049594016, 0.00059077656, 0.0007500418, 0.0008544088, 0.0009068298, 0.0009208843, 0.00094669184, 0.000998999, 0.0010439343, 0.0011777445, 0.0013637398, 0.0015777536, 0.0016854551, 0.0018828624, 0.0020412563, 0.002104497, 0.0022074466, 0.0022995553, 0.0023499762, 0.0024732403, 0.0026330422, 0.002823432, 0.0029240414, 0.0031196654, 0.0032848099, 0.0033497333, 0.0034401736, 0.0034863353, 0.003511389, 0.0035249293, 0.0035698982, 0.0036512613, 0.003706508, 0.0038394406, 0.003985832, 0.0040568206, 0.00418071, 0.0042685075, 0.004318296, 0.0043321378, 0.004349987, 0.0043727746, 0.0043918644, 0.0044510467, 0.004535802, 0.0046332343, 0.004680884, 0.004761822, 0.004812426, 0.0048241867, 0.004822649, 0.004796792, 0.0047630994, 0.004748782, 0.0047348756, 0.004747991, 0.0047647557, 0.0048119742, 0.0048626484, 0.004882863, 0.0049025174, 0.0048879622, 0.0048413845, 0.0048092366, 0.0047369315, 0.00466777, 0.0046389415, 0.0045980243, 0.0045776446, 0.0045659784, 0.0045567513, 0.0045183147, 0.0044383057, 0.0043799845, 0.0042287842, 0.0040431162, 0.0039440417, 0.0037476374, 0.0035723906, 0.0034304033, 0.0033719165, 0.003271369, 0.0031747126, 0.0031206708, 0.0029887652, 0.0028185744, 0.002613063, 0.0025013797, 0.0022729505, 0.0020558704, 0.0019569553, 0.0017826759, 0.0016354957, 0.0015672981, 0.0014293906, 0.0012734303, 0.0010891338, 0.0009868328, 0.0007705536, 0.000559, 0.000463697, 0.00030878006, 0.00021142655, 0.00016665722, 0.0001574358, 0.00014663993, 0.00012151587, 9.6593256e-05, 1.636832e-05, -9.7653035e-05, -0.00016129477, -0.00028325853, -0.00037373102, -0.00041295524, -0.00041272922, -0.00038237136, -0.00033768034, -0.00032079848, -0.00031665975, -0.00036789163, -0.0004815494, -0.00056028005, -0.0007397503, 0, 0, 0, 0
0, 0, 0, 0, 0, -0.00048756527, -0.00040779548, -0.00037756245, -0.00032008308, -0.00023828766, -0.000113996575, -3.625954e-05, 0.00013878044, 0.00031802847, 0.00040129278, 0.00054488116, 0.00065762305, 0.00075510045, 0.00080581324, 0.00092668226, 0.0010857409, 0.0011805635, 0.0013935473, 0.0016188311, 0.0017273639, 0.0019197144, 0.0020663626, 0.0021686326, 0.0022091272, 0.002287813, 0.0023903174, 0.0024583424, 0.0026357125, 0.002862312, 0.0031157585, 0.0032424517, 0.0034747832, 0.0036583808, 0.0037282691, 0.003827483, 0.0038903384, 0.003916816, 0.003977812, 0.0040653585, 0.0041846177, 0.004252778, 0.0043914095, 0.0045085605, 0.004550524, 0.004591437, 0.004577095, 0.004528415, 0.0045011155, 0.0044616056, 0.0044634305, 0.004483785, 0.0045600976, 0.004666118, 0.004720413, 0.0048104213, 0.0048514707, 0.0048314086, 0.0048009665, 0.0047152136, 0.00462532, 0.004589484, 0.0045520226, 0.004567821, 0.004629201, 0.0046701496, 0.0047545694, 0.0048199696, 0.004839551, 0.004849198, 0.0048292195, 0.00480226, 0.004794925, 0.004807045, 0.0048631434, 0.004906435, 0.0050111585, 0.0051159887, 0.00515924, 0.0052139238, 0.0052196207, 0.005183651, 0.0051565864, 0.00510232, 0.0050716875, 0.0050720503, 0.0051089786, 0.005186015, 0.005278525, 0.005320345, 0.0053765983, 0.0053799767, 0.005359829, 0.0052807657, 0.0051660473, 0.0051031485, 0.004981626, 0.004880359, 0.0048041507, 0.0047726203, 0.0047104713, 0.0046302252, 0.00457696, 0.0044380645, 0.004258247, 0.004050413, 0.0039420566, 0.0037300996, 0.003537979, 0.003452103, 0.0032987923, 0.0031584362, 0.003086817, 0.002928029, 0.00273537, 0.0025036356, 0.0023746337, 0.0020999855, 0.0018220703, 0.0016895107, 0.0014505719, 0.0012559555, 0.0011042793, 0.0010404185, 0.0009248934, 0.000808522, 0.0007451654, 0.0006045721, 0.00044848127, 0.00036821965, 0.0002147512, 8.594481e-05, -5.4819443e-06, -3.701462e-05, -7.9000914e-05, -0.00011066235, -0.00013040152, -0.00019116241, -0.00029258386, -0.0004437872, -0.00053934933, -0.0007597204, 0, 0, 0, 0
0, 0, 0, 0, 0, -0.00035691436, -0.00023763014, -0.00017964191, -5.9596052e-05, 8.604971e-05, 0.0002724889, 0.00038132898, 0.00062235986, 0.0008762605, 0.0010009088, 0.0012338967, 0.0014388959, 0.0016201253, 0.0017061175, 0.0018781608, 0.0020622867, 0.0021612362, 0.0023726842, 0.0025959783, 0.0027081403, 0.0029243398, 0.0031204333, 0.0032935848, 0.0033736916, 0.003529892, 0.0036945567, 0.003784346, 0.0039835367, 0.0042053717, 0.0044369977, 0.004549942, 0.0047552474, 0.004915918, 0.0049757413, 0.0050541186, 0.005088124, 0.0050951964, 0.0051046107, 0.005125282, 0.0051682424, 0.0051976987, 0.005263788, 0.005321328, 0.005339504, 0.0053436607, 0.0053014252, 0.005222994, 0.0051774182, 0.005090229, 0.005028169, 0.0050113257, 0.0050068647, 0.005029823, 0.005044042, 0.0050594257, 0.005035856, 0.0049599432, 0.0049038315, 0.0047682165, 0.004627443, 0.004565136, 0.0044733, 0.004435981, 0.0044508087, 0.004472693, 0.004529728, 0.0045822314, 0.0046005296, 0.004616651, 0.004612332, 0.0046079587, 0.0046136105, 0.0046524913, 0.0047330004, 0.0047867903, 0.004909427, 0.005030346, 0.005082634, 0.0051604924, 0.005198678, 0.005205627, 0.0052037574, 0.005205294, 0.0052343057, 0.0052644676, 0.005357624, 0.005483416, 0.0056171617, 0.0056786537, 0.005777164, 0.005834793, 0.005848421, 0.005851595, 0.0058349785, 0.0058242264, 0.0058058086, 0.005794339, 0.0057841334, 0.005774851, 0.005737264, 0.00566223, 0.0056084483, 0.0054704836, 0.005301177, 0.005117259, 0.005024756, 0.0048470185, 0.0046841945, 0.004608246, 0.004462197, 0.0043128184, 0.0042326124, 0.004053647, 0.0038456258, 0.003609056, 0.003481566, 0.003213128, 0.002935255, 0.002795938, 0.0025228977, 0.002263203, 0.00202077, 0.0019061441, 0.0016889425, 0.0014846568, 0.0013863023, 0.00119569, 0.001012119, 0.0009230721, 0.00075208565, 0.00059462205, 0.0004542602, 0.00039079392, 0.00027371355, 0.00016325703, 0.00010696697, -1.5451038e-05, -0.00016080108, -0.0003419569, -0.00045083108, -0.00072697934, 0, 0, 0, 0
0, 0, 0, 0, 0, -0.00019966431, -3.361864e-05, 5.8918922e-05, 0.00025475866, 0.00046542412, 0.0006967728, 0.00082101853, 0.0010838457, 0.001357671, 0.0014946467, 0.0017615813, 0.0020122686, 0.0022438539, 0.0023532303, 0.0025628207, 0.002766821, 0.002869352, 0.003079668, 0.003301316, 0.0034166402, 0.0036544066, 0.003896019, 0.0041337977, 0.0042489623, 0.004469042, 0.0046733688, 0.004769451, 0.0049499418, 0.0051165847, 0.005270431, 0.005342098, 0.005471664, 0.0055768187, 0.005618004, 0.0056749107, 0.005698878, 0.005700548, 0.005690122, 0.0056712762, 0.0056541217, 0.005647996, 0.0056407284, 0.0056349635, 0.005629221, 0.0056044436, 0.005554626, 0.0054765744, 0.0054284516, 0.005320475, 0.005207961, 0.0051538497, 0.005055274, 0.0049707396, 0.0049320757, 0.0048554433, 0.0047705234, 0.004669748, 0.0046131206, 0.004491611, 0.0043703485, 0.004314678, 0.004222113, 0.004161822, 0.004135179, 0.004132572, 0.0041411733, 0.0041564954, 0.004162908, 0.0041711098, 0.0041761952, 0.0041902363, 0.0042046863, 0.004254336, 0.0043327156, 0.004381029, 0.0044889245, 0.0046010944, 0.004655121, 0.004754803, 0.0048419163, 0.004921436, 0.00496144, 0.0050491863, 0.00515465, 0.00521485, 0.0053468905, 0.0054833703, 0.005609327, 0.0056647877, 0.005758603, 0.005833607, 0.0058668926, 0.00593173, 0.006000318, 0.0060367393, 0.0061108917, 0.0061775427, 0.0062209517, 0.0062290668, 0.00621137, 0.0061475574, 0.0061006965, 0.005986342, 0.005857286, 0.005725814, 0.0056609525, 0.005532058, 0.005398758, 0.0053277146, 0.0051711765, 0.004991714, 0.004893347, 0.004682543, 0.004461244, 0.0042381603, 0.004127336, 0.003905925, 0.003678328, 0.0035595694, 0.0033075206, 0.003035432, 0.0027484044, 0.0026029241, 0.0023166998, 0.0020480126, 0.0019232434, 0.0016942107, 0.0014881634, 0.0013910077, 0.0012021759, 0.0010146769, 0.0008259787, 0.0007320098, 0.0005474781, 0.00037108053, 0.00028660684, 0.00012242746, -4.3871718e-05, -0.00022641597, -0.00032446563, -0.0004888445, 0, 0, 0, 0
0, 0, 0, 0, 0, -6.1115265e-05, 0.000118179705, 0.0002448356, 0.000509779, 0.00076760846, 0.0010155378, 0.0011372119, 0.0013793495, 0.0016241393, 0.0017486925, 0.0020022204, 0.0022594768, 0.0025154785, 0.002640851, 0.0028831586, 0.0031121941, 0.0032224031, 0.0034382283, 0.0036563468, 0.0037693542, 0.004007128, 0.0042593973, 0.0045176055, 0.0046441276, 0.0048806723, 0.0050814427, 0.0051647685, 0.0052951793, 0.005383494, 0.0054441234, 0.005469421, 0.0055185584, 0.005571616, 0.005599273, 0.00565206, 0.005691823, 0.005703143, 0.0057039484, 0.0056741526, 0.00561925, 0.00558583, 0.005515714, 0.005450441, 0.0054214313, 0.005368993, 0.0053152954, 0.005246694, 0.0052027367, 0.0050910055, 0.0049480298, 0.0048671435, 0.004695278, 0.0045234133, 0.0044421745, 0.0042960937, 0.0041757734, 0.0040799174, 0.004038966, 0.0039664893, 0.0039001, 0.0038677128, 0.0038035149, 0.0037420443, 0.0036870241, 0.0036630614, 0.0036240232, 0.0035981054, 0.0035901587, 0.0035848222, 0.0035938595, 0.0036182012, 0.003636037, 0.003682982, 0.003743823, 0.0037788227, 0.0038579346, 0.0039497204, 0.004000764, 0.00411443, 0.0042441254, 0.004389975, 0.0044685006, 0.0046339408, 0.0048035597, 0.004886229, 0.005039746, 0.0051690745, 0.0052702613, 0.0053118514, 0.0053848983, 0.0054570776, 0.005497343, 0.0055920295, 0.005705723, 0.0057672644, 0.0058897897, 0.0059952, 0.0060643773, 0.0060814624, 0.006079457, 0.00603736, 0.006006527, 0.005937523, 0.0058704866, 0.0058090556, 0.005778244, 0.005706546, 0.005607047, 0.0055420916, 0.00537766, 0.005170775, 0.0050557484, 0.004816578, 0.004584749, 0.0043769823, 0.004283654, 0.0041123703, 0.003944859, 0.003855374, 0.003652281, 0.0034087142, 0.0031280671, 0.002978583, 0.0026759673, 0.0023870862, 0.0022533108, 0.0020099008, 0.0017930354, 0.0016900265, 0.0014843198, 0.0012687065, 0.0010397378, 0.0009220255, 0.00068840006, 0.00046998673, 0.00037016527, 0.00019036506, 2.6670192e-05, -0.0001409688, -0.00022855081, -0.00037090876, 0, 0, 0, 0
0, 0, 0, 0, 0, -1.9467798e-05, 0.00017241802, 0.00031452448, 0.00061142485, 0.000885592, 0.0011254258, 0.0012336757, 0.0014351453, 0.0016306938, 0.0017317988, 0.0019490212, 0.0021898132, 0.0024494377, 0.002582263, 0.0028442682, 0.0030895008, 0.0032032516, 0.003413394, 0.0036083409, 0.0037045293, 0.0039024753, 0.004113388, 0.004333038, 0.004441627, 0.004642845, 0.004804992, 0.0048663192, 0.004946145, 0.0049764276, 0.004977511, 0.004975444, 0.004981219, 0.0050119176, 0.0050374665, 0.0051017883, 0.0051663276, 0.005191143, 0.0052121403, 0.0051855873, 0.005113145, 0.005064093, 0.0049539558, 0.004846895, 0.004799998, 0.004723286, 0.0046623787, 0.0045999135, 0.0045615393, 0.0044600572, 0.00431885, 0.00423437, 0.0040462827, 0.0038506, 0.00375766, 0.003594876, 0.0034738148, 0.003396149, 0.0033706964, 0.0033364238, 0.003309328, 0.0032934707, 0.003250999, 0.0031930483, 0.0031246098, 0.0030894778, 0.0030251057, 0.0029782124, 0.0029639218, 0.0029553089, 0.0029711893, 0.0030044247, 0.0030248384, 0.0030690585, 0.0031154267, 0.003139826, 0.0031947906, 0.0032643934, 0.0033072494, 0.0034131021, 0.0035485714, 0.003712027, 0.0038020615, 0.003990473, 0.0041761617, 0.004262583, 0.0044137374, 0.004530699, 0.0046166894, 0.004651928, 0.004716863, 0.0047878562, 0.004829505, 0.0049282764, 0.0050442573, 0.0051054847, 0.0052233688, 0.0053202477, 0.0053816685, 0.0053972704, 0.0054014474, 0.0053815776, 0.005368487, 0.005346147, 0.005335754, 0.0053332644, 0.0053302986, 0.00530764, 0.005244529, 0.00519259, 0.0050447956, 0.004845584, 0.004733107, 0.004500225, 0.004280418, 0.0040923357, 0.0040117227, 0.0038707233, 0.0037387768, 0.0036684063, 0.0035046935, 0.003300717, 0.003057603, 0.002926004, 0.0026568952, 0.0023982185, 0.0022778132, 0.0020569356, 0.0018551215, 0.001756227, 0.0015513846, 0.0013272072, 0.001082113, 0.00095508766, 0.0007038723, 0.00047414322, 0.0003725215, 0.00019803295, 5.005759e-05, -9.479542e-05, -0.0001697693, -0.0002907078, 0, 0, 0, 0
0, 0, 0, 0, 0, -7.698482e-05, 9.9130186e-05, 0.00023565901, 0.00052536966, 0.0007896449, 0.0010093711, 0.0011026717, 0.0012651527, 0.0014146828, 0.001492326, 0.0016661973, 0.0018732038, 0.0021103397, 0.00223558, 0.0024855807, 0.0027164104, 0.0028194305, 0.0029971919, 0.0031423166, 0.003207157, 0.0033325946, 0.0034639146, 0.003605418, 0.003677967, 0.0038167965, 0.00393283, 0.003977381, 0.004035692, 0.0040568206, 0.004056419, 0.0040550847, 0.0040635676, 0.004097712, 0.0041252105, 0.004194089, 0.004264225, 0.004291914, 0.004319061, 0.0042976756, 0.00422833, 0.0041796328, 0.0040675914, 0.0039550294, 0.0039044195, 0.0038195984, 0.0037546896, 0.0036976426, 0.0036667436, 0.0035908017, 0.0034884291, 0.0034270522, 0.003289292, 0.003144335, 0.0030748954, 0.0029521894, 0.0028599226, 0.0027992958, 0.002778569, 0.0027479392, 0.0027195737, 0.0027024876, 0.0026584798, 0.0026012936, 0.0025369336, 0.002505275, 0.002449914, 0.0024142398, 0.0024060493, 0.0024097355, 0.0024365236, 0.0024774726, 0.0025001657, 0.002545254, 0.0025877287, 0.0026087053, 0.002652804, 0.0027051235, 0.0027362606, 0.0028118896, 0.0029083546, 0.0030259658, 0.0030913877, 0.003229762, 0.0033680932, 0.0034337286, 0.0035522624, 0.0036520844, 0.0037364245, 0.003774962, 0.0038494326, 0.0039260867, 0.0039663073, 0.0040506064, 0.004136792, 0.004178397, 0.004252692, 0.0043080007, 0.0043390333, 0.0043456433, 0.004345795, 0.00433799, 0.004334947, 0.004335446, 0.0043460717, 0.004360734, 0.0043656356, 0.004360549, 0.0043222625, 0.0042869803, 0.0041817077, 0.004035519, 0.0039518923, 0.0037762388, 0.0036057534, 0.0034527672, 0.0033836334, 0.0032553358, 0.0031293062, 0.0030624655, 0.0029132878, 0.0027388213, 0.0025421826, 0.0024391117, 0.002233565, 0.002040517, 0.0019512546, 0.0017858929, 0.0016287166, 0.0015483449, 0.0013741177, 0.0011749375, 0.0009528028, 0.0008370663, 0.0006082889, 0.00040112584, 0.0003102972, 0.00015521629, 2.2802662e-05, -0.000107807486, -0.0001724634, -0.00025681342, 0, 0, 0, 0
0, 0, 0, 0, 0, -0.00019139134, -9.440565e-05, 2.0904656e-05, 0.00027961764, 0.0005180777, 0.0007121647, 0.0007917141, 0.00092268124, 0.001033628, 0.0010890993, 0.0012138315, 0.001367501, 0.0015499227, 0.0016481509, 0.0018453447, 0.002024471, 0.0021013422, 0.0022235755, 0.0023060886, 0.002336299, 0.0023860415, 0.0024364647, 0.0024994216, 0.002536669, 0.0026196926, 0.0027056702, 0.0027463627, 0.0028174752, 0.0028714016, 0.0029107654, 0.0029275136, 0.0029607324, 0.0029998205, 0.0030223348, 0.0030705184, 0.0031147457, 0.0031314497, 0.0031477385, 0.0031359848, 0.0030966494, 0.003068764, 0.0030028147, 0.0029327464, 0.0028991897, 0.0028386784, 0.0027888557, 0.0027476817, 0.0027288825, 0.0026915628, 0.0026515026, 0.0026297208, 0.0025833352, 0.0025349876, 0.0025109749, 0.0024646963, 0.0024208422, 0.0023778286, 0.0023557679, 0.0023089012, 0.0022572803, 0.0022302265, 0.0021763663, 0.0021272623, 0.0020889824, 0.0020752775, 0.002059993, 0.0020608914, 0.0020670842, 0.0020887074, 0.0021191163, 0.002153959, 0.002172022, 0.0022087204, 0.0022471473, 0.0022674089, 0.0023097934, 0.0023532652, 0.002374469, 0.0024144955, 0.002451206, 0.0024864238, 0.0025045052, 0.0025434624, 0.0025884563, 0.0026141864, 0.002673602, 0.0027442428, 0.002824086, 0.0028656898, 0.0029472392, 0.0030199504, 0.0030509261, 0.0031001985, 0.0031327019, 0.003143136, 0.003154506, 0.0031562685, 0.0031519516, 0.0031486745, 0.0031415387, 0.0031346, 0.0031309505, 0.0031217383, 0.0031079461, 0.0030873762, 0.0030743415, 0.0030420963, 0.0030003453, 0.0029751675, 0.002915653, 0.0028436787, 0.0028035215, 0.0027164414, 0.0026213306, 0.0025182397, 0.0024632511, 0.002344972, 0.0022150248, 0.0021461009, 0.0020013957, 0.0018516708, 0.0017027995, 0.0016311149, 0.0014974776, 0.0013797218, 0.0013265199, 0.0012270148, 0.0011271612, 0.0010732132, 0.0009512593, 0.00080724165, 0.0006444511, 0.00055937807, 0.00039124634, 0.00023769753, 0.00016914695, 4.627416e-05, -7.2095274e-05, -0.00020649386, -0.00027568822, 0, 0, 0, 0, 0
0, 0, 0, 0, 0, 0, -0.00037545612, -0.00027486944, -5.5092114e-05, 0.00014079869, 0.00029636134, 0.00035847395, 0.00045491144, 0.00052605465, 0.00055775786, 0.00062459434, 0.00070661696, 0.0008072901, 0.00086296647, 0.0009768133, 0.001080317, 0.001123466, 0.0011869967, 0.0012198725, 0.001226993, 0.0012308387, 0.0012341694, 0.0012512391, 0.0012677466, 0.0013194984, 0.0013939942, 0.0014378227, 0.0015317175, 0.001624113, 0.0017043193, 0.0017376274, 0.0017890716, 0.0018215328, 0.0018320408, 0.0018451877, 0.0018530956, 0.0018570493, 0.0018669893, 0.0018824851, 0.0019031509, 0.001914573, 0.0019360894, 0.0019513527, 0.0019553206, 0.0019562377, 0.0019502892, 0.001943602, 0.0019424821, 0.0019490259, 0.0019710513, 0.0019882002, 0.002032425, 0.0020830063, 0.0021070638, 0.0021451407, 0.0021612928, 0.0021502357, 0.0021348258, 0.0020889225, 0.0020336208, 0.0020070092, 0.001965128, 0.0019470211, 0.0019560538, 0.001969487, 0.0020081466, 0.002051107, 0.002070345, 0.002099104, 0.0021133693, 0.0021173994, 0.0021183256, 0.0021243393, 0.0021428606, 0.0021575964, 0.0021953634, 0.0022348994, 0.0022511396, 0.0022680336, 0.002257498, 0.0022192362, 0.0021922337, 0.002131632, 0.0020777418, 0.0020590893, 0.0020465767, 0.0020699832, 0.002121459, 0.002152334, 0.0022106303, 0.0022479116, 0.002254705, 0.0022427763, 0.002202287, 0.0021753323, 0.0021176422, 0.0020665969, 0.0020315235, 0.002020513, 0.0020070472, 0.0019941323, 0.0019831078, 0.0019437955, 0.0018776429, 0.0017899099, 0.001742228, 0.0016495261, 0.0015733977, 0.0015444515, 0.0015063056, 0.0014892404, 0.0014847015, 0.001473196, 0.0014450677, 0.001388198, 0.0013476204, 0.0012448323, 0.0011223999, 0.0010583533, 0.0009331028, 0.0008208551, 0.00072735595, 0.0006880298, 0.0006223718, 0.00056908844, 0.00054484315, 0.0004957609, 0.00044062076, 0.00040925035, 0.00033822042, 0.0002574176, 0.00017054276, 0.00012638996, 4.0288338e-05, -4.0275303e-05, -7.854534e-05, -0.00015624845, -0.00025071576, -0.00038212744, -0.0004574417, 0, 0, 0, 0, 0
0, 0, 0, 0, 0, 0, -0.0006702149, -0.0005806401, -0.00041141812, -0.00027879325, -0.00018226291, -0.00014652386, -9.772735e-05, -7.43842e-05, -6.9277834e-05, -6.527439e-05, -6.100587e-05, -4.9498612e-05, -4.009588e-05, -1.5277086e-05, 1.3393817e-05, 2.7176859e-05, 4.9934304e-05, 6.3402695e-05, 6.65395e-05, 6.788946e-05, 6.887329e-05, 7.855549e-05, 8.950093e-05, 0.00012872118, 0.00019340173, 0.00023470717, 0.0003307281, 0.00043380063, 0.000528913, 0.000568847, 0.0006280517, 0.0006580013, 0.000663709, 0.00066484127, 0.00066656584, 0.00067331217, 0.00070745393, 0.00077540113, 0.00087552215, 0.00093426526, 0.0010584344, 0.001176241, 0.0012279745, 0.0013124258, 0.0013725341, 0.0014178245, 0.0014394133, 0.0014901437, 0.0015613349, 0.0016066036, 0.0017152057, 0.0018385788, 0.0019002138, 0.002011215, 0.00209212, 0.0021350686, 0.002143132, 0.0021401057, 0.0021272323, 0.0021231542, 0.0021307482, 0.0021676174, 0.0022330347, 0.0022730706, 0.0023560792, 0.0024250962, 0.0024483718, 0.0024666009, 0.0024486657, 0.0024071108, 0.0023836324, 0.002343819, 0.0023256652, 0.0023266796, 0.0023456933, 0.0023747212, 0.0023864883, 0.0023914876, 0.0023582366, 0.0022814765, 0.0022289853, 0.0021072936, 0.0019847308, 0.0019309944, 0.0018502396, 0.0018093794, 0.0017988601, 0.0017982224, 0.0017901147, 0.0017546357, 0.001722308, 0.0016287013, 0.0015063178, 0.0014407112, 0.0013150949, 0.0012136418, 0.0011473044, 0.0011265542, 0.0010997622, 0.0010721576, 0.0010499867, 0.0009767868, 0.000860368, 0.0007107684, 0.00063042465, 0.00047669985, 0.00035354748, 0.00030938708, 0.00025911513, 0.00025179447, 0.00025790447, 0.0002727502, 0.00027016771, 0.00023330233, 0.00020089663, 0.000114060786, 1.3672636e-05, -3.5165805e-05, -0.00011875086, -0.00017542904, -0.0002045895, -0.00021143645, -0.00021777669, -0.00022486087, -0.00023196891, -0.00025608466, -0.00029127847, -0.0003108506, -0.00034869785, -0.00037823082, -0.00039629472, -0.0004014455, -0.0004074546, -0.00041491413, -0.00042226902, -0.0004523772, -0.000519036, -0.00064401486, -0.0007257055, 0, 0, 0, 0, 0
0, 0, 0, 0, 0, 0, -0.0009503995, -0.0008698993, -0.00075352116, -0.00069486676, -0.0006712899, -0.00066840486, -0.00067735586, -0.0007046836, -0.0007246618, -0.0007746742, -0.0008331215, -0.00089187117, -0.0009184701, -0.0009611971, -0.0009849834, -0.0009890943, -0.0009829709, -0.0009627877, -0.0009498286, -0.0009232048, -0.0008990151, -0.0008773863, -0.00086588727, -0.0008366656, -0.0007930527, -0.00076419086, -0.00069203874, -0.00060480897, -0.00051246764, -0.00046834044, -0.00039071502, -0.0003312631, -0.00030745336, -0.00026486593, -0.00021489005, -0.00018126704, -8.727595e-05, 4.8425216e-05, 0.00022370029, 0.0003223256, 0.000529409, 0.0007318173, 0.000825353, 0.0009896355, 0.0011221205, 0.001230671, 0.0012804386, 0.0013817949, 0.001497798, 0.0015643623, 0.0017155232, 0.0018837535, 0.0019695312, 0.0021332738, 0.0022740718, 0.0023840277, 0.0024282099, 0.0025014472, 0.0025667339, 0.0026010228, 0.0026800234, 0.0027763466, 0.0028852916, 0.0029404664, 0.0030404106, 0.0031103464, 0.0031291712, 0.003130573, 0.0030877802, 0.0030160737, 0.002976095, 0.0029012924, 0.002846468, 0.0028291794, 0.00281319, 0.0028117765, 0.002810667, 0.0027948713, 0.0027463054, 0.0026562496, 0.0025963613, 0.0024552208, 0.0023020671, 0.0022274295, 0.0020919722, 0.001979198, 0.001882918, 0.0018361039, 0.0017336302, 0.0016064039, 0.0015307253, 0.00135655, 0.0011622864, 0.0010637278, 0.0008785172, 0.0007258672, 0.00061549677, 0.00057486893, 0.00051112805, 0.00044893572, 0.0004100668, 0.00030463433, 0.00015771667, -2.1965476e-05, -0.00011742793, -0.00030257303, -0.00045856574, -0.0005192994, -0.000602373, -0.00064116885, -0.00065008266, -0.0006630894, -0.0006889913, -0.0007402766, -0.0007750827, -0.0008548703, -0.0009310631, -0.00096141576, -0.000997684, -0.0009976969, -0.0009689207, -0.0009490691, -0.0009111897, -0.0008902199, -0.0008892687, -0.0009054066, -0.0009358158, -0.0009509229, -0.000970059, -0.0009641146, -0.00093097956, -0.00090629177, -0.0008504989, -0.00080089696, -0.00078419625, -0.0007783664, -0.00082859263, -0.00096258905, -0.0010594528, 0, 0, 0, 0, 0
0, 0, 0, 0, 0, 0, -0.001213456, -0.0011338355, -0.0010549023, -0.0010614535, -0.0011063592, -0.0011342632, -0.0011943938, -0.0012602647, -0.00129613, -0.0013752345, -0.0014632215, -0.0015539523, -0.0015970264, -0.0016705611, -0.0017177167, -0.0017287888, -0.0017254513, -0.0016940967, -0.0016716984, -0.0016230025, -0.0015795832, -0.0015480019, -0.0015364123, -0.0015171067, -0.0014934934, -0.0014764811, -0.001425949, -0.0013493175, -0.0012478216, -0.0011899874, -0.001066173, -0.00093858136, -0.0008746753, -0.00074488646, -0.00060648465, -0.00053096405, -0.00036187336, -0.00016491105, 5.8745878e-05, 0.00017836328, 0.00042561156, 0.0006713766, 0.0007894794, 0.0010102518, 0.001208091, 0.0013871356, 0.0014724118, 0.001641067, 0.0018145032, 0.0019051047, 0.0020947326, 0.0022925995, 0.0023924378, 0.0025882265, 0.002772678, 0.0029421449, 0.0030214516, 0.003172178, 0.0033157347, 0.0033860682, 0.0035241125, 0.003656422, 0.0037773242, 0.0038309458, 0.0039185537, 0.0039730943, 0.003986326, 0.0039844383, 0.0039487067, 0.0038885607, 0.0038529122, 0.0037776707, 0.0037052152, 0.0036719262, 0.0036120845, 0.0035577042, 0.0035302332, 0.003467735, 0.0033869573, 0.0032809633, 0.0032178282, 0.0030733228, 0.0029101889, 0.002824224, 0.002648159, 0.0024698593, 0.0022893902, 0.0021974107, 0.0020061936, 0.0018013305, 0.0016928192, 0.0014642723, 0.0012260309, 0.0011070085, 0.00087840797, 0.0006742406, 0.00050224666, 0.0004277149, 0.00029488213, 0.00016970666, 0.000104636216, -3.7557318e-05, -0.00020013773, -0.00037953767, -0.0004720463, -0.00065338705, -0.00081633753, -0.000886873, -0.0010028776, -0.0010903098, -0.0011273623, -0.0011978633, -0.0012746076, -0.0013614252, -0.0014066241, -0.0014916814, -0.0015556182, -0.0015749441, -0.0015831138, -0.0015524229, -0.0014954071, -0.0014635184, -0.0014070107, -0.0013752107, -0.0013710529, -0.0013823668, -0.0014058494, -0.0014152516, -0.0014164688, -0.0013832944, -0.0013149255, -0.0012708334, -0.0011752654, -0.0010893225, -0.001057242, -0.0010300577, -0.0010794334, -0.0012541583, -0.0013944439, 0, 0, 0, 0, 0
0, 0, 0, 0, 0, 0, -0.0014669362, -0.0013593684, -0.0012773918, -0.0013211512, -0.0014098929, -0.0014568475, -0.0015453631, -0.0016252847, -0.0016637251, -0.0017414276, -0.0018231294, -0.0019068386, -0.0019471195, -0.0020173967, -0.0020644718, -0.002076463, -0.002075715, -0.0020460887, -0.0020239719, -0.0019739177, -0.0019269113, -0.0018898568, -0.0018750011, -0.0018482225, -0.0018158178, -0.0017933262, -0.0017279238, -0.0016277959, -0.00148987, -0.0014078224, -0.0012228724, -0.0010183807, -0.00091162825, -0.0006927623, -0.00046852155, -0.0003546381, -0.00012351219, 0.00011269342, 0.00035429027, 0.00047697357, 0.0007255349, 0.0009766779, 0.0011025586, 0.0013539747, 0.0016045247, 0.0018549445, 0.0019801296, 0.0022291925, 0.0024740363, 0.002593692, 0.0028258797, 0.0030479531, 0.0031556736, 0.0033660217, 0.0035719492, 0.0037759335, 0.0038771494, 0.0040766164, 0.004267029, 0.00435631, 0.004517588, 0.0046505895, 0.004752892, 0.0047928574, 0.004853064, 0.0048920587, 0.004905419, 0.00492227, 0.0049268943, 0.0049166135, 0.004904256, 0.0048622573, 0.004795589, 0.0047533647, 0.0046537477, 0.004538965, 0.00447774, 0.0043500424, 0.004217341, 0.004078749, 0.0040061553, 0.0038507078, 0.0036770662, 0.0035822191, 0.0033759854, 0.0031503197, 0.0029114578, 0.0027894804, 0.0025438825, 0.002299073, 0.002176905, 0.0019317539, 0.0016836792, 0.0015583822, 0.0013070029, 0.0010586333, 0.0008187635, 0.000703436, 0.00048319172, 0.00027653135, 0.00017793379, -1.0709281e-05, -0.00019034119, -0.00036331252, -0.00044787192, -0.0006124688, -0.0007692396, -0.0008436885, -0.0009837031, -0.0011139554, -0.0011766006, -0.0013002486, -0.0014232744, -0.0015423296, -0.0015980661, -0.0016951436, -0.0017643821, -0.0017861235, -0.0018015819, -0.0017830444, -0.0017414003, -0.0017173447, -0.0016738726, -0.0016482397, -0.0016436294, -0.001646994, -0.0016543227, -0.0016536077, -0.0016330419, -0.0015787093, -0.0014909308, -0.0014379576, -0.0013253099, -0.0012222009, -0.0011816566, -0.0011385903, -0.0011802278, -0.0013917278, -0.0016100674, 0, 0, 0, 0, 0
0, 0, 0, 0, 0, 0, -0.0014006362, -0.0013505251, -0.0013050577, -0.0013501849, -0.0014273123, -0.0014652265, -0.0015304118, -0.0015801067, -0.0016002149, -0.0016336128, -0.0016603098, -0.0016804249, -0.0016878123, -0.0016961732, -0.0016954753, -0.0016912883, -0.0016747413, -0.0016460188, -0.0016267978, -0.0015776347, -0.0015109912, -0.001422393, -0.0013682571, -0.0012385179, -0.0010805475, -0.0009920859, -0.0007995865, -0.00059183186, -0.00037365805, -0.00026162097, -3.1976953e-05, 0.00020671818, 0.00033028983, 0.00058705604, 0.00085568783, 0.0009929597, 0.0012684016, 0.0015382286, 0.0017968551, 0.001921914, 0.002166853, 0.00241327, 0.0025405851, 0.002810247, 0.0031055417, 0.0034256068, 0.0035922416, 0.0039291047, 0.0042550033, 0.0044086147, 0.0046903803, 0.0049366844, 0.0050482363, 0.005255423, 0.005452362, 0.0056486926, 0.0057475003, 0.0059433035, 0.0061271023, 0.0062103523, 0.006351915, 0.006454802, 0.006520847, 0.0065433085, 0.006577171, 0.0066100815, 0.006630604, 0.0066829473, 0.006746017, 0.0068049603, 0.00682625, 0.0068393685, 0.0068007996, 0.0067600687, 0.0066387528, 0.006475293, 0.0063834614, 0.0061917338, 0.006001185, 0.0058185714, 0.0057293163, 0.005548904, 0.0053554014, 0.005250401, 0.0050219297, 0.00477234, 0.00451247, 0.004382613, 0.0041306326, 0.0038941342, 0.0037818672, 0.0035651643, 0.0033481584, 0.0032347688, 0.0029897385, 0.002714832, 0.0024129585, 0.002255777, 0.0019402372, 0.0016385434, 0.0014973428, 0.0012386334, 0.0010102559, 0.000804166, 0.0007060646, 0.0005133558, 0.00032080562, 0.00022428946, 3.2928496e-05, -0.00015031824, -0.00023680936, -0.0003963064, -0.0005362292, -0.0006597424, -0.00071730337, -0.00082880224, -0.0009400573, -0.0009958697, -0.0011050834, -0.0012047377, -0.001286962, -0.0013197929, -0.0013677521, -0.0013936621, -0.0013995792, -0.0014001277, -0.0013894913, -0.0013808779, -0.0013579963, -0.0013261641, -0.0012829535, -0.0012565939, -0.0011962986, -0.0011322376, -0.0011028725, -0.0010631322, -0.0010793105, -0.0011906581, -0.0012650565, 0, 0, 0, 0, 0
0, 0, 0, 0, 0, 0, -0.0013573627, -0.0012849119, -0.0011810047, -0.0011624526, -0.0011829557, -0.0011973153, -0.0012259544, -0.0012507942, -0.0012612693, -0.0012764565, -0.0012795485, -0.0012663109, -0.0012526043, -0.0012123666, -0.0011590209, -0.0011289584, -0.0010650236, -0.0009966549, -0.0009600505, -0.0008779342, -0.0007762724, -0.000645419, -0.00056684815, -0.00038236383, -0.00016648916, -5.0316743e-05, 0.0001891464, 0.00042573392, 0.0006496885, 0.0007557862, 0.000958704, 0.0011579192, 0.0012601269, 0.0014771462, 0.0017172109, 0.0018464318, 0.002119578, 0.002403742, 0.0026874891, 0.0028264683, 0.0030961654, 0.0033564388, 0.0034850584, 0.0037447202, 0.0040142583, 0.004297354, 0.0044433093, 0.004739204, 0.005030227, 0.005170019, 0.005432036, 0.0056664273, 0.0057732007, 0.0059692417, 0.006148823, 0.0063202837, 0.0064047887, 0.006571887, 0.006732593, 0.0068081827, 0.0069443537, 0.0070546865, 0.0071364692, 0.007167562, 0.007214705, 0.007249746, 0.007265552, 0.007297226, 0.0073284544, 0.0073528267, 0.0073588733, 0.0073510557, 0.0073089176, 0.007273469, 0.0071745776, 0.007045023, 0.00697234, 0.006818316, 0.006660773, 0.006503798, 0.0064248596, 0.006261666, 0.006084157, 0.00598796, 0.0057799346, 0.005554199, 0.0053188265, 0.005200508, 0.004967939, 0.004745018, 0.0046376926, 0.0044284645, 0.004219061, 0.0041106394, 0.0038800754, 0.0036274518, 0.0033553361, 0.0032151365, 0.0029347658, 0.0026646997, 0.0025360435, 0.0022921667, 0.0020626625, 0.0018391846, 0.0017271597, 0.0014994731, 0.0012672239, 0.0011511241, 0.00092558103, 0.0007189461, 0.0006258949, 0.00046349465, 0.00033033523, 0.0002156217, 0.00016040976, 4.4098233e-05, -8.848837e-05, -0.00016174962, -0.00031747544, -0.000474157, -0.0006158141, -0.0006765002, -0.0007719556, -0.0008321836, -0.0008510594, -0.0008737335, -0.00088831875, -0.0008963799, -0.0009179344, -0.0009455119, -0.00097149384, -0.0009809185, -0.000988265, -0.0009806942, -0.00097428466, -0.0009730084, -0.0010299345, -0.0012084988, -0.0013203389, 0, 0, 0, 0, 0
0, 0, 0, 0, 0, 0, -0.0013590205, -0.0012371322, -0.0010188391, -0.0009063637, -0.0008538084, -0.00083896663, -0.0008227743, -0.0008170493, -0.00081557385, -0.0008077808, -0.0007830812, -0.00073084846, -0.0006927262, -0.000594097, -0.0004731456, -0.00040829615, -0.00027630446, -0.00014716273, -8.4037456e-05, 4.288467e-05, 0.00017934294, 0.00033720795, 0.0004272461, 0.000631389, 0.00086328253, 0.000985976, 0.001234099, 0.001471721, 0.0016867552, 0.0017844238, 0.0019631637, 0.002130253, 0.0022146087, 0.0023961514, 0.0026060145, 0.00272404, 0.002985563, 0.0032733334, 0.003572132, 0.0037204209, 0.004005906, 0.0042691273, 0.0043914784, 0.004620163, 0.00483396, 0.005042607, 0.0051473607, 0.0053605926, 0.0055785067, 0.0056880196, 0.005903864, 0.006108823, 0.0062049157, 0.006381594, 0.006537811, 0.0066779815, 0.0067444006, 0.0068744966, 0.0070047346, 0.0070700096, 0.0071984706, 0.007318512, 0.0074221403, 0.007465333, 0.0075309253, 0.0075672446, 0.00757463, 0.007571123, 0.007548497, 0.007513104, 0.007492193, 0.0074454816, 0.007392872, 0.0073641124, 0.0073002535, 0.0072265794, 0.007185615, 0.007095171, 0.0069936016, 0.0068808827, 0.0068200715, 0.006688977, 0.006543744, 0.0064656134, 0.006298645, 0.0061190263, 0.0059289364, 0.00583103, 0.0056308773, 0.005427461, 0.0053251064, 0.0051195826, 0.004911943, 0.004806888, 0.004593438, 0.0043766783, 0.004160108, 0.004053298, 0.0038447636, 0.003643617, 0.0035452347, 0.0033487913, 0.0031466512, 0.0029316177, 0.0028179784, 0.0025788448, 0.0023290392, 0.0022034498, 0.0019599316, 0.0017388192, 0.0016401783, 0.0014693063, 0.0013291878, 0.0012062846, 0.0011455789, 0.0010147607, 0.0008624786, 0.00077768904, 0.00059548364, 0.0004085367, 0.00023445288, 0.00015721782, 2.8723332e-05, -6.509875e-05, -0.000101521146, -0.0001638226, -0.00022725032, -0.00026408434, -0.00035193088, -0.000454958, -0.0005605342, -0.0006093696, -0.0006906226, -0.00074643083, -0.0007670621, -0.0008118129, -0.000913438, -0.0011943892, -0.0014520008, 0, 0, 0, 0, 0
0, 0, 0, 0, 0, 0, -0.001429339, -0.0011525693, -0.00080451765, -0.0006145554, -0.0004943257, -0.000449314, -0.00038029763, -0.00033007067, -0.00030796818, -0.0002598279, -0.00019255336, -9.2568414e-05, -2.816767e-05, 0.00012753112, 0.00031007922, 0.00040644608, 0.0005995365, 0.0007832899, 0.00086972443, 0.0010330869, 0.0011905022, 0.0013532982, 0.0014402231, 0.0016293837, 0.00183949, 0.0019506599, 0.0021776953, 0.0024001205, 0.002606805, 0.002702523, 0.0028795677, 0.003043681, 0.0031245549, 0.0032929657, 0.0034812344, 0.0035858979, 0.0038178568, 0.004076014, 0.0043477723, 0.0044831685, 0.0047422503, 0.0049737236, 0.0050762966, 0.0052547185, 0.0054027457, 0.005532226, 0.005594467, 0.005722091, 0.0058613163, 0.005936428, 0.006095584, 0.0062591336, 0.006338717, 0.006486029, 0.0066114743, 0.0067143054, 0.0067592454, 0.0068425573, 0.006926686, 0.006971644, 0.007069483, 0.0071749436, 0.007278477, 0.0073252516, 0.0073989215, 0.0074356417, 0.0074379914, 0.007411711, 0.0073526213, 0.0072761644, 0.007237054, 0.007166328, 0.0071130563, 0.007093791, 0.0070666606, 0.007045877, 0.0070337197, 0.006998731, 0.006943125, 0.0068649454, 0.0068183457, 0.0067143883, 0.0066023786, 0.006545211, 0.0064299554, 0.00631236, 0.0061875004, 0.006120586, 0.005974688, 0.0058113267, 0.0057233926, 0.0055381595, 0.0053461255, 0.005250233, 0.005064019, 0.004890909, 0.0047343667, 0.0046619563, 0.0045254533, 0.004392983, 0.0043254173, 0.004181819, 0.004021232, 0.003839865, 0.003741204, 0.00353026, 0.00330685, 0.0031934713, 0.0029702594, 0.0027605954, 0.0026634193, 0.0024856057, 0.0023264755, 0.002176882, 0.0021018942, 0.0019447405, 0.0017731745, 0.0016818603, 0.0014916257, 0.0013000057, 0.0011186618, 0.0010352624, 0.0008869984, 0.0007617987, 0.0007050828, 0.0005939146, 0.0004728092, 0.00040474843, 0.00025197215, 8.319034e-05, -8.7044275e-05, -0.0001671841, -0.00030833052, -0.00041904548, -0.00046457665, -0.0005493641, -0.0006558568, -0.00078225345, 0, 0, 0, 0, 0, 0
0, 0, 0, 0, 0, 0, 0, -0.0007166683, -0.0005270426, -0.00032111263, -0.00014925525, -7.5353884e-05, 5.3431777e-05, 0.00016431657, 0.00021675523, 0.00032447328, 0.00044794197, 0.000598134, 0.00068497454, 0.0008806875, 0.001097907, 0.0012103671, 0.0014337011, 0.0016451679, 0.0017440979, 0.0019272037, 0.0020940749, 0.0022523664, 0.0023311647, 0.002493621, 0.0026675332, 0.0027596247, 0.0029525675, 0.0031525192, 0.0033527876, 0.003451106, 0.0036412203, 0.0038213248, 0.003907829, 0.0040759416, 0.004242443, 0.004327087, 0.0045023565, 0.004686705, 0.004877122, 0.004972151, 0.0051549016, 0.0053187814, 0.0053909267, 0.0055130078, 0.0056071742, 0.00568114, 0.005714427, 0.005782253, 0.0058613224, 0.005907305, 0.0060122604, 0.006128111, 0.0061864234, 0.0062947944, 0.006382008, 0.0064424183, 0.006463202, 0.006491993, 0.006515166, 0.0065292306, 0.006568729, 0.006626509, 0.0066969837, 0.0067329225, 0.0067950003, 0.006829547, 0.006832827, 0.0068098097, 0.0067542074, 0.006682447, 0.0066468646, 0.0065878006, 0.0065541314, 0.006547625, 0.0065504913, 0.0065618115, 0.006564959, 0.0065559424, 0.006518771, 0.006453195, 0.006412541, 0.006324599, 0.0062400657, 0.0062026093, 0.0061393827, 0.0060876138, 0.006036624, 0.0060072495, 0.0059333094, 0.0058341157, 0.005774782, 0.00564026, 0.0054943203, 0.005421303, 0.005282975, 0.0051618326, 0.0050590364, 0.005012701, 0.004924104, 0.0048323134, 0.0047824145, 0.004671746, 0.0045456775, 0.0044058785, 0.0043317964, 0.0041777375, 0.0040182234, 0.0039370675, 0.0037728755, 0.003606323, 0.0035222324, 0.0033522802, 0.0031792377, 0.0030024026, 0.0029125002, 0.0027295165, 0.002543442, 0.002449853, 0.0022629728, 0.0020793413, 0.0019020783, 0.0018167141, 0.001653035, 0.0014966406, 0.0014193427, 0.0012605153, 0.0010891791, 0.0009972298, 0.0008008835, 0.000594376, 0.00038942392, 0.000291746, 0.00011255133, -4.0704424e-05, -0.00010863029, -0.0002365707, -0.0003718124, -0.0005007464, 0, 0, 0, 0, 0, 0
0, 0, 0, 0, 0, 0, 0, -0.00049752434, -0.00030800607, -7.808728e-05, 0.00013686808, 0.00023700665, 0.00042473373, 0.00060119, 0.00068747444, 0.0008611649, 0.0010419418, 0.0012344217, 0.0013355692, 0.0015466178, 0.0017653106, 0.0018755945, 0.0020934928, 0.0023032322, 0.0024036157, 0.002593474, 0.0027681962, 0.0029288584, 0.0030048962, 0.0031519083, 0.0032978987, 0.0033728895, 0.0035305654, 0.0037011222, 0.0038842086, 0.003978983, 0.0041696653, 0.0043537095, 0.0044399765, 0.0045957128, 0.00472607, 0.0047820327, 0.0048790555, 0.004963517, 0.0050442033, 0.0050852373, 0.0051695816, 0.005254784, 0.0052959234, 0.0053710276, 0.0054322346, 0.005478811, 0.0054979254, 0.0055329525, 0.0055712503, 0.0055940337, 0.005648562, 0.005712556, 0.005745683, 0.005806841, 0.0058509205, 0.005869021, 0.005867476, 0.005846776, 0.0058130296, 0.0057963324, 0.005772641, 0.0057695685, 0.0057882373, 0.0058034062, 0.0058369283, 0.0058625774, 0.005868796, 0.005864812, 0.005841754, 0.0058099786, 0.005795143, 0.005775462, 0.005774408, 0.0057806964, 0.0058016465, 0.005821859, 0.005826964, 0.0058191465, 0.005783174, 0.0057230885, 0.0056880442, 0.005618839, 0.005564552, 0.0055465885, 0.0055304985, 0.0055350447, 0.0055468567, 0.00555047, 0.0055449265, 0.0055160113, 0.0054922584, 0.0054297377, 0.005356151, 0.00531884, 0.0052491436, 0.0051890924, 0.005134866, 0.0051072966, 0.0050452827, 0.0049683275, 0.004923691, 0.0048247534, 0.0047188476, 0.004613885, 0.0045638066, 0.004469856, 0.004382269, 0.0043387874, 0.0042464146, 0.0041377665, 0.004074864, 0.00393022, 0.0037626082, 0.0035793674, 0.003484835, 0.00329582, 0.0031114034, 0.0030217944, 0.0028467309, 0.0026742765, 0.0025003252, 0.002411652, 0.002230106, 0.0020424991, 0.0019464557, 0.0017494959, 0.0015456496, 0.0014413744, 0.0012286078, 0.0010132772, 0.00079953356, 0.00069490506, 0.000492677, 0.00030164229, 0.00021006356, 3.1151718e-05, -0.00014161986, -0.00029888775, 0, 0, 0, 0, 0, 0
0, 0, 0, 0, 0, 0, 0, -0.00038048957, -0.0001555298, 8.998474e-05, 0.00033511265, 0.00045390605, 0.000685471, 0.0009128942, 0.001026118, 0.0012523913, 0.0014765996, 0.001695688, 0.0018023727, 0.0020088772, 0.0022067698, 0.0023031782, 0.0024931144, 0.0026818924, 0.0027763338, 0.0029646994, 0.0031485297, 0.003321733, 0.0034025991, 0.0035514617, 0.0036851647, 0.0037484919, 0.0038734863, 0.00400442, 0.004146907, 0.004222395, 0.0043777693, 0.0045284815, 0.004597412, 0.0047135544, 0.0047930097, 0.004817969, 0.0048416015, 0.0048409477, 0.0048323963, 0.0048301755, 0.0048368913, 0.004861593, 0.00487979, 0.004922078, 0.0049628587, 0.004993047, 0.0050028944, 0.0050130496, 0.005015165, 0.0050154096, 0.0050178077, 0.005025341, 0.005030632, 0.005040586, 0.005042397, 0.0050272252, 0.0050116116, 0.004964715, 0.004903348, 0.0048709433, 0.0048107253, 0.0047653997, 0.004739892, 0.0047342796, 0.0047339485, 0.0047422424, 0.004747411, 0.004756991, 0.004764827, 0.004773192, 0.004779063, 0.0047960565, 0.0048199627, 0.0048334827, 0.0048589543, 0.0048755393, 0.004878157, 0.0048694443, 0.00484307, 0.004805884, 0.004786834, 0.0047561093, 0.0047443514, 0.0047475407, 0.004771516, 0.0048129507, 0.0048599215, 0.0048818495, 0.0049172235, 0.0049379417, 0.0049431096, 0.004946331, 0.004945705, 0.004945834, 0.0049482593, 0.004950395, 0.0049436796, 0.00493373, 0.0048960582, 0.0048335292, 0.0047945757, 0.004707804, 0.004620218, 0.0045435224, 0.004511718, 0.004461975, 0.004425832, 0.004409119, 0.004368589, 0.004305425, 0.004261794, 0.004148504, 0.0040054857, 0.0038439722, 0.0037605213, 0.0035950379, 0.0034357554, 0.0033584004, 0.0032050195, 0.0030464488, 0.0028744375, 0.0027819467, 0.0025838157, 0.002372071, 0.0022633101, 0.0020445057, 0.0018285569, 0.0017225003, 0.0015133218, 0.0013053536, 0.0010940873, 0.0009859696, 0.00076373614, 0.0005338011, 0.00041613297, 0.00017889406, -3.442668e-05, 0, 0, 0, 0, 0, 0, 0
0, 0, 0, 0, 0, 0, 0, 0, -4.1071686e-05, 0.00019195856, 0.00044737355, 0.00057284866, 0.0008197983, 0.0010668621, 0.0011913201, 0.001440384, 0.0016831717, 0.0019104367, 0.0020159283, 0.0022093577, 0.002381887, 0.002462763, 0.0026208898, 0.0027827043, 0.0028673748, 0.0030453824, 0.0032306989, 0.0034126593, 0.0034984916, 0.0036531019, 0.0037811522, 0.0038354665, 0.0039292206, 0.004011786, 0.0040929476, 0.0041348967, 0.0042211125, 0.0043050563, 0.0043428745, 0.0044028154, 0.004434491, 0.0044383397, 0.0044238796, 0.004388299, 0.0043459465, 0.0043269824, 0.004300718, 0.004294168, 0.0042977575, 0.0043130536, 0.0043289578, 0.004333962, 0.0043299384, 0.0043076565, 0.0042693084, 0.0042461655, 0.0041970937, 0.0041502174, 0.004129319, 0.004093019, 0.0040616677, 0.004029593, 0.00401142, 0.0039688237, 0.003917766, 0.003889964, 0.0038331856, 0.0037799205, 0.003734988, 0.0037167491, 0.0036902565, 0.0036773954, 0.0036758624, 0.00368118, 0.0036954107, 0.0037158444, 0.0037277828, 0.0037536172, 0.003779619, 0.0037917122, 0.003812072, 0.003825945, 0.0038305102, 0.0038365452, 0.0038420104, 0.0038519534, 0.003860028, 0.0038846892, 0.003921838, 0.003944751, 0.0039967955, 0.004051933, 0.0041040117, 0.004127619, 0.004169479, 0.0042064083, 0.004224579, 0.0042635156, 0.0043087024, 0.00433385, 0.0043867975, 0.00443622, 0.00447143, 0.004480559, 0.004478423, 0.004450023, 0.0044279722, 0.0043748417, 0.004320077, 0.0042738835, 0.004256096, 0.004231385, 0.004216165, 0.004208702, 0.0041851182, 0.004139877, 0.0041065216, 0.004018515, 0.003908583, 0.0037875494, 0.0037261227, 0.003605218, 0.0034873004, 0.0034281542, 0.0033041988, 0.003164364, 0.0030006762, 0.0029088988, 0.0027081126, 0.0024918169, 0.0023817774, 0.0021647317, 0.0019575641, 0.001857989, 0.0016637779, 0.0014676863, 0.0012590545, 0.0011472323, 0.00090595894, 0.0006419616, 0.00050328486, 0.00022315036, -1.7248047e-05, 0, 0, 0, 0, 0, 0, 0
0, 0, 0, 0, 0, 0, 0, 0, 3.4758697e-05, 0.00025324343, 0.000497372, 0.00061615667, 0.00084774185, 0.001079355, 0.0011969984, 0.0014344171, 0.0016674392, 0.0018853327, 0.0019855455, 0.0021657732, 0.0023211783, 0.002391948, 0.0025269126, 0.00266334, 0.002735304, 0.0028894579, 0.0030547949, 0.0032216185, 0.003301408, 0.0034450465, 0.0035592206, 0.0036037217, 0.0036684824, 0.003706937, 0.0037291574, 0.003737362, 0.003752482, 0.0037683137, 0.0037762832, 0.0037897832, 0.0037962417, 0.0037957525, 0.0037864323, 0.0037674773, 0.003742672, 0.0037296207, 0.0037054103, 0.0036856257, 0.0036773002, 0.0036611971, 0.0036404305, 0.0036084312, 0.0035865891, 0.0035304583, 0.0034593537, 0.003419677, 0.0033368948, 0.0032561417, 0.0032189377, 0.0031545002, 0.0031055391, 0.0030709533, 0.0030576203, 0.0030353845, 0.0030137142, 0.0030015549, 0.0029724753, 0.0029366333, 0.0028963347, 0.002876044, 0.0028388272, 0.0028103422, 0.0028004383, 0.002789455, 0.0027882012, 0.0027932709, 0.0027971822, 0.0028063797, 0.0028166492, 0.0028221507, 0.0028348875, 0.0028524373, 0.0028642633, 0.0028967694, 0.0029430992, 0.003002601, 0.0030362422, 0.0031074365, 0.0031787178, 0.003212535, 0.003273422, 0.003323025, 0.0033614724, 0.003377402, 0.0034060848, 0.0034364911, 0.0034542754, 0.0034976003, 0.003552424, 0.003583462, 0.0036497666, 0.0037157892, 0.0037738385, 0.0037977323, 0.003833279, 0.0038520272, 0.0038558752, 0.0038552042, 0.0038474412, 0.0038367782, 0.003831068, 0.0038186472, 0.0038023917, 0.0037910661, 0.0037587555, 0.0037102776, 0.0036799908, 0.0036097816, 0.003532579, 0.0034545169, 0.0034162593, 0.0033405807, 0.0032622553, 0.0032198846, 0.0031236766, 0.0030053498, 0.00286039, 0.0027779897, 0.0025976798, 0.002405585, 0.0023088935, 0.0021207775, 0.0019425488, 0.001856359, 0.0016844867, 0.0015025791, 0.0012986786, 0.0011856572, 0.00093548856, 0.000655831, 0.0005079805, 0.00021014613, -4.043525e-05, 0, 0, 0, 0, 0, 0, 0
0, 0, 0, 0, 0, 0, 0, 0, 6.618321e-05, 0.0002719428, 0.0004957996, 0.0006012063, 0.00080032344, 0.000994129, 0.0010920358, 0.0012913108, 0.001491388, 0.001684353, 0.0017754618, 0.0019431972, 0.0020901498, 0.0021563952, 0.0022781296, 0.0023916487, 0.002447662, 0.0025618873, 0.0026801142, 0.0027992895, 0.002857054, 0.0029636002, 0.003050644, 0.0030846058, 0.0031312713, 0.0031500608, 0.0031461616, 0.003138439, 0.003117453, 0.0030974715, 0.0030900966, 0.0030834398, 0.003088389, 0.003094492, 0.0031110945, 0.003127705, 0.0031366525, 0.003136152, 0.0031230743, 0.0030937456, 0.0030736024, 0.0030248158, 0.0029679083, 0.0029053476, 0.0028723953, 0.0028035517, 0.002730879, 0.0026932692, 0.0026166392, 0.0025409108, 0.002504883, 0.002440235, 0.002389821, 0.0023566054, 0.0023462982, 0.0023356746, 0.0023329798, 0.0023322487, 0.0023275975, 0.0023145054, 0.0022916745, 0.002277332, 0.0022458266, 0.002215186, 0.0022014834, 0.0021786639, 0.002161522, 0.0021486883, 0.0021433942, 0.0021351909, 0.0021313948, 0.0021319445, 0.0021406203, 0.0021628789, 0.00218041, 0.0022296058, 0.0022964, 0.0023755233, 0.002417086, 0.0024981748, 0.0025693842, 0.0025995492, 0.0026475154, 0.0026805797, 0.0027028793, 0.0027120325, 0.0027304685, 0.002753531, 0.0027677862, 0.0028017976, 0.002841981, 0.0028636102, 0.0029088622, 0.0029558952, 0.0030045453, 0.0030294417, 0.0030802777, 0.003130799, 0.003155055, 0.003199051, 0.003232829, 0.0032520671, 0.0032551247, 0.0032473993, 0.0032215049, 0.0032025576, 0.0031554122, 0.003100891, 0.0030728905, 0.0030190572, 0.0029704522, 0.002926348, 0.0029047288, 0.002858141, 0.0028019547, 0.0027683822, 0.0026880642, 0.0025879967, 0.0024688053, 0.002403135, 0.0022637793, 0.0021201456, 0.0020488722, 0.0019097816, 0.001773835, 0.0017051921, 0.0015608347, 0.001398467, 0.00120988, 0.0011042084, 0.0008696635, 0.0006068045, 0.0004671047, 0.00018356615, -5.7739016e-05, 0, 0, 0, 0, 0, 0, 0
0, 0, 0, 0, 0, 0, 0, 0, 2.4527506e-05, 0.0002257084, 0.0004348658, 0.0005289225, 0.000697057, 0.0008494682, 0.0009235213, 0.001072352, 0.0012244802, 0.0013786264, 0.0014552657, 0.0016040705, 0.0017419037, 0.0018047966, 0.001916464, 0.0020079985, 0.002046718, 0.0021130324, 0.0021697753, 0.0022231576, 0.0022501298, 0.0023060348, 0.0023631337, 0.0023906257, 0.0024391997, 0.0024731676, 0.0024881922, 0.0024886206, 0.0024789784, 0.0024630702, 0.0024560725, 0.002450183, 0.00246002, 0.0024712512, 0.0025035592, 0.0025405807, 0.0025689106, 0.002575753, 0.0025694026, 0.0025350524, 0.0025088, 0.002444672, 0.0023756602, 0.002312657, 0.0022857238, 0.0022422513, 0.0022104115, 0.0021970659, 0.0021707432, 0.0021402647, 0.0021226597, 0.0020838124, 0.0020440733, 0.002009851, 0.001996457, 0.0019788889, 0.0019729256, 0.0019730737, 0.0019763387, 0.0019784484, 0.0019747843, 0.0019701638, 0.0019559688, 0.0019376192, 0.0019280547, 0.0019101185, 0.0018953028, 0.001884137, 0.0018798823, 0.0018738284, 0.0018720533, 0.0018733362, 0.001882193, 0.00190192, 0.0019165915, 0.0019556133, 0.002005087, 0.002059212, 0.0020856056, 0.0021328137, 0.0021685685, 0.0021818036, 0.0022004796, 0.002213024, 0.0022254938, 0.0022333555, 0.0022540344, 0.0022806246, 0.002294832, 0.0023209883, 0.0023398327, 0.0023456996, 0.0023510482, 0.002353105, 0.0023600904, 0.0023679615, 0.0023951714, 0.0024376526, 0.0024628886, 0.002515471, 0.00256077, 0.0025874616, 0.0025913278, 0.0025788138, 0.0025423681, 0.0025178657, 0.00246358, 0.0024116477, 0.0023892808, 0.0023538114, 0.002327711, 0.0023036175, 0.0022893006, 0.0022511592, 0.0021965893, 0.0021629117, 0.0020844764, 0.001995665, 0.0019025251, 0.0018560269, 0.0017650696, 0.0016779214, 0.0016351234, 0.0015483028, 0.0014541066, 0.0014021675, 0.0012849395, 0.0011470836, 0.0009877728, 0.00090026716, 0.0007104123, 0.0005009822, 0.00038916807, 0.0001570223, -4.8285445e-05, 0, 0, 0, 0, 0, 0, 0
0, 0, 0, 0, 0, 0, 0, 0, -9.76378e-05, 0.00010445811, 0.00030672693, 0.0003944932, 0.0005425277, 0.0006617619, 0.0007141576, 0.0008118663, 0.000908677, 0.001012077, 0.0010673332, 0.0011838092, 0.0013020211, 0.0013583184, 0.0014578527, 0.0015314317, 0.0015568729, 0.001586284, 0.0015945289, 0.0015954393, 0.0015979852, 0.0016155646, 0.0016553942, 0.0016835938, 0.001751182, 0.001822253, 0.0018822969, 0.0019048221, 0.001933255, 0.0019428357, 0.0019435448, 0.0019445512, 0.0019537352, 0.0019634545, 0.001993175, 0.0020308434, 0.0020645391, 0.0020757795, 0.002080832, 0.0020605987, 0.0020426454, 0.001998505, 0.0019567155, 0.0019316955, 0.0019284182, 0.001941696, 0.001976744, 0.0019988217, 0.002042986, 0.0020756081, 0.0020844527, 0.0020849595, 0.0020660637, 0.0020366327, 0.0020214075, 0.0019958587, 0.0019817743, 0.0019796486, 0.0019839192, 0.001995401, 0.0020081087, 0.0020132388, 0.0020196557, 0.0020215116, 0.0020215842, 0.0020225819, 0.002027067, 0.0020358854, 0.0020415236, 0.002053714, 0.0020652122, 0.002070219, 0.0020789169, 0.0020865889, 0.0020902974, 0.0020974025, 0.0021028582, 0.0021038086, 0.002101763, 0.0020918942, 0.0020752824, 0.0020656793, 0.0020478053, 0.0020373622, 0.002039964, 0.0020468542, 0.0020701168, 0.002099441, 0.0021128962, 0.0021301014, 0.0021269734, 0.00211657, 0.0020799914, 0.0020302543, 0.001980962, 0.0019606424, 0.0019346172, 0.001930472, 0.0019354282, 0.001952996, 0.0019693505, 0.0019712108, 0.001963955, 0.0019321203, 0.0018824633, 0.0018542912, 0.001799708, 0.0017565122, 0.0017410438, 0.0017207324, 0.0017071572, 0.0016881838, 0.0016731712, 0.0016279072, 0.0015621886, 0.0015231946, 0.0014390781, 0.001356448, 0.001284997, 0.0012549943, 0.0012057862, 0.0011650658, 0.001144752, 0.0010965363, 0.0010308073, 0.0009899763, 0.0008927058, 0.0007788955, 0.00065534224, 0.0005917241, 0.00046187945, 0.00032563935, 0.00025296616, 9.8603174e-05, -3.8677907e-05, 0, 0, 0, 0, 0, 0, 0
0, 0, 0, 0, 0, 0, 0, 0, -0.00027605155, -7.6241544e-05, 0.000119233126, 0.00020288015, 0.00033796323, 0.000433211, 0.00046842973, 0.00052165677, 0.0005646937, 0.00061284914, 0.00064245507, 0.00071544084, 0.0008032759, 0.00084926205, 0.0009356766, 0.0010018517, 0.0010239299, 0.0010448027, 0.0010410678, 0.001028174, 0.0010244361, 0.0010335752, 0.0010745628, 0.0011078775, 0.00119552, 0.001297612, 0.0013946317, 0.001436001, 0.0014983834, 0.0015337369, 0.0015435038, 0.0015551444, 0.0015675075, 0.001577345, 0.001607514, 0.0016501285, 0.0016980376, 0.0017207729, 0.0017582898, 0.0017819172, 0.0017894211, 0.0018013862, 0.0018198516, 0.001856895, 0.0018847587, 0.0019593276, 0.0020535116, 0.0021041494, 0.0022027201, 0.002284778, 0.0023161275, 0.002356675, 0.0023708872, 0.0023678804, 0.0023638431, 0.0023571826, 0.0023587174, 0.002363719, 0.0023814472, 0.002406613, 0.0024341263, 0.0024471814, 0.0024703683, 0.0024899933, 0.0024992544, 0.0025188278, 0.0025418587, 0.0025681376, 0.0025815258, 0.0026061216, 0.0026238775, 0.0026291206, 0.002631193, 0.0026217415, 0.0026127615, 0.002586735, 0.002550333, 0.0025042235, 0.0024778887, 0.002420297, 0.0023598054, 0.0023303898, 0.0022773985, 0.0022378385, 0.0022160993, 0.0022119519, 0.002213501, 0.002219915, 0.0022210707, 0.0022116427, 0.0021784785, 0.0021516876, 0.0020791534, 0.0019885846, 0.0018926992, 0.0018469052, 0.0017659274, 0.0017026577, 0.00167724, 0.0016342115, 0.0015930659, 0.0015441234, 0.0015151578, 0.0014487575, 0.001377276, 0.0013428788, 0.0012832835, 0.0012413226, 0.0012271985, 0.0012080725, 0.0011912355, 0.0011635103, 0.0011424067, 0.0010831924, 0.0010040549, 0.0009599715, 0.0008712349, 0.0007936772, 0.0007376577, 0.00071870233, 0.0006958691, 0.00068194437, 0.0006732887, 0.0006434198, 0.00058979355, 0.0005537511, 0.00046773124, 0.00037284353, 0.00028069317, 0.00023820315, 0.00016078164, 8.596484e-05, 4.5257548e-05, -4.4055236e-05, -9.891895e-05, 0, 0, 0, 0, 0, 0, 0
0, 0, 0, 0, 0, 0, 0, 0, -0.00046177884, -0.00027699315, -9.66457e-05, -1.9747882e-05, 0.00010091315, 0.00017706964, 0.00019989435, 0.00022180776, 0.0002257508, 0.0002303305, 0.00023811497, 0.00027095375, 0.000328004, 0.00036353042, 0.00043975434, 0.00050959847, 0.00053805305, 0.0005784854, 0.0005996124, 0.0006121824, 0.0006201114, 0.0006486196, 0.0007028042, 0.00074071717, 0.0008352517, 0.0009442688, 0.0010515553, 0.0010999348, 0.0011802926, 0.0012381304, 0.0012603288, 0.0012979538, 0.0013370034, 0.0013604001, 0.0014189392, 0.0014937673, 0.0015811041, 0.0016272902, 0.0017199975, 0.0018094301, 0.0018525939, 0.0019379016, 0.0020267556, 0.002124863, 0.0021783886, 0.0022938682, 0.0024162808, 0.0024777092, 0.0025952014, 0.0026984836, 0.0027432037, 0.0028182303, 0.0028771874, 0.0029266058, 0.0029499864, 0.0029973793, 0.0030474896, 0.00307339, 0.0031253458, 0.0031746938, 0.003218693, 0.0032380952, 0.003271842, 0.0033003215, 0.0033134539, 0.0033391244, 0.00336472, 0.003388879, 0.0033993542, 0.0034147636, 0.0034197725, 0.0034176405, 0.0034033833, 0.0033759288, 0.0033574528, 0.0033117111, 0.0032555524, 0.0031904324, 0.0031549654, 0.0030792244, 0.0029988894, 0.002957997, 0.0028772412, 0.0028015343, 0.0027337465, 0.0027031512, 0.0026466248, 0.0025919753, 0.0025632302, 0.0024983562, 0.0024192538, 0.0023735056, 0.00227025, 0.0021549484, 0.0020343915, 0.0019744334, 0.0018585819, 0.001750282, 0.0016986699, 0.0015980895, 0.0014968358, 0.0013915403, 0.0013374625, 0.0012288943, 0.001125893, 0.0010789958, 0.0009983233, 0.00093689834, 0.0009126279, 0.00087202986, 0.00083263905, 0.00078382535, 0.00075342035, 0.0006795233, 0.00059220893, 0.00054654846, 0.00045913042, 0.00038736142, 0.0003395676, 0.00032504197, 0.00031001697, 0.00030165032, 0.0002947948, 0.00026711967, 0.00021590122, 0.0001821033, 0.00010432359, 2.422495e-05, -4.5848414e-05, -7.4867e-05, -0.0001221431, -0.00016660253, -0.00019481209, -0.00027431763, -0.00035617247, 0, 0, 0, 0, 0, 0, 0
0, 0, 0, 0, 0, 0, 0, 0, -0.0005809788, -0.00044620698, -0.00029154256, -0.00022635347, -0.00012654117, -6.663924e-05, -5.0300256e-05, -3.9463564e-05, -4.6604026e-05, -5.6028086e-05, -5.6745008e-05, -4.2802665e-05, -3.9981082e-06, 2.4256022e-05, 9.3338924e-05, 0.00016954124, 0.00020692221, 0.00027597597, 0.00033670873, 0.00039271568, 0.00042100388, 0.00048231077, 0.00055450236, 0.00059549947, 0.0006866932, 0.00078615436, 0.00088704005, 0.00093603664, 0.0010288773, 0.0011154906, 0.0011577639, 0.0012441459, 0.0013385687, 0.0013905461, 0.0015057737, 0.0016359674, 0.0017786553, 0.0018532595, 0.0020057645, 0.002159193, 0.0022352347, 0.0023849383, 0.0025308193, 0.0026721566, 0.0027408071, 0.002873396, 0.0029986305, 0.0030583362, 0.0031723364, 0.0032805463, 0.0033333055, 0.003438334, 0.003545369, 0.0036560376, 0.0037125484, 0.003825976, 0.003935853, 0.003987613, 0.0040815766, 0.0041600033, 0.004221872, 0.0042470694, 0.0042878315, 0.0043186783, 0.004331293, 0.0043518827, 0.0043662456, 0.00437273, 0.0043723537, 0.0043634917, 0.0043431306, 0.0043286816, 0.004292027, 0.004246607, 0.004221239, 0.0041667637, 0.004108161, 0.0040458497, 0.0040128487, 0.0039415793, 0.0038604583, 0.003815292, 0.003714975, 0.0036017357, 0.003477823, 0.0034128737, 0.0032791577, 0.0031427667, 0.0030742732, 0.0029377625, 0.0028024865, 0.002735409, 0.002602083, 0.0024695965, 0.002337388, 0.0022712315, 0.0021386885, 0.0020048555, 0.0019370717, 0.0017984839, 0.0016552687, 0.0015085007, 0.0014348399, 0.0012899328, 0.0011527874, 0.0010886204, 0.00097127544, 0.0008691537, 0.0008233965, 0.000739659, 0.00066122686, 0.0005818823, 0.00054042286, 0.0004531659, 0.000362964, 0.00031862519, 0.0002359299, 0.00016756794, 0.000118056916, 0.00010038988, 7.521078e-05, 5.49001e-05, 4.297312e-05, 9.525168e-06, -3.9811148e-05, -6.973741e-05, -0.00013533018, -0.00020047727, -0.00025630835, -0.0002794502, -0.00031811994, -0.00035851653, -0.00038707492, -0.00047604344, -0.0005840181, 0, 0, 0, 0, 0, 0, 0
0, 0, 0, 0, 0, 0, 0, 0, -0.0006913495, -0.00055566506, -0.00042217982, -0.0003702844, -0.00029328404, -0.00024377697, -0.00022690071, -0.00020443283, -0.00019073789, -0.00017825326, -0.00017010634, -0.00014552067, -0.0001059413, -8.002113e-05, -1.6732647e-05, 5.8882408e-05, 0.00010000643, 0.00018693769, 0.00027836382, 0.00037293587, 0.00042083787, 0.00051663065, 0.0006111896, 0.0006580026, 0.0007516024, 0.00084725284, 0.00094784633, 0.0010009493, 0.0011147858, 0.0012409415, 0.0013092009, 0.0014562637, 0.0016163238, 0.001700491, 0.0018754343, 0.0020570413, 0.0022435742, 0.0023381577, 0.0025292078, 0.0027208787, 0.0028160838, 0.003003207, 0.003182462, 0.003349438, 0.0034272596, 0.0035708442, 0.003699797, 0.0037603101, 0.0038780072, 0.0039975597, 0.0040601436, 0.004193619, 0.0043390985, 0.004493626, 0.0045724525, 0.004728304, 0.004874623, 0.0049419464, 0.005061364, 0.0051586297, 0.005233965, 0.005264248, 0.0053125876, 0.005347269, 0.005360282, 0.0053777928, 0.005383441, 0.005376181, 0.005367389, 0.0053397883, 0.0052995537, 0.005275259, 0.0052201087, 0.0051590563, 0.0051274416, 0.005064066, 0.0050018514, 0.0049400465, 0.0049081324, 0.004838562, 0.004755455, 0.00470659, 0.004590929, 0.0044495524, 0.004283589, 0.0041928636, 0.00400071, 0.0038017577, 0.0037025332, 0.0035092775, 0.003327127, 0.00324088, 0.0030776483, 0.0029239112, 0.0027748768, 0.002700653, 0.0025506625, 0.0023966497, 0.0023178502, 0.0021565019, 0.0019910797, 0.0018236588, 0.0017399304, 0.0015740343, 0.0014111969, 0.0013313658, 0.0011756086, 0.0010268019, 0.0009557158, 0.0008213248, 0.0006979446, 0.000584732, 0.00053137494, 0.00043026826, 0.0003363579, 0.00029211328, 0.00020950785, 0.00013556586, 7.114299e-05, 4.242791e-05, -8.516718e-06, -5.326836e-05, -7.451774e-05, -0.00011712599, -0.00016234333, -0.00018620184, -0.00023557695, -0.00028506495, -0.000332382, -0.0003549014, -0.00040001987, -0.0004549954, -0.0004931123, -0.0006088587, -0.0007572796, 0, 0, 0, 0, 0, 0, 0
0, 0, 0, 0, 0, 0, 0, 0, -0.0007477892, -0.0005940165, -0.00046903171, -0.0004260581, -0.00036369558, -0.00031508945, -0.00029151907, -0.0002411161, -0.00018532445, -0.00012592973, -9.588045e-05, -3.6809637e-05, 2.0961485e-05, 4.9967715e-05, 0.0001109606, 0.0001800171, 0.00021917332, 0.0003091622, 0.00041556245, 0.00053555553, 0.00059872697, 0.000726191, 0.0008494213, 0.00090821524, 0.0010210264, 0.0011320852, 0.0012499763, 0.0013142985, 0.0014580402, 0.0016247586, 0.0017164868, 0.0019134063, 0.0021213999, 0.0022267478, 0.0024358383, 0.0026394702, 0.002837324, 0.0029348012, 0.003129026, 0.0033241906, 0.0034223842, 0.003618853, 0.0038120137, 0.0039967904, 0.004084619, 0.004249878, 0.004402539, 0.0044756234, 0.0046194694, 0.0047659096, 0.0048416853, 0.0049995687, 0.00516403, 0.005330048, 0.005411528, 0.0055670617, 0.0057079466, 0.0057716887, 0.005885029, 0.0059799757, 0.00605832, 0.006091999, 0.006149695, 0.006195281, 0.0062135113, 0.0062400675, 0.0062520965, 0.006248315, 0.006240402, 0.0062128655, 0.006170881, 0.006145093, 0.0060852454, 0.0060170903, 0.0059808944, 0.005906105, 0.0058293613, 0.0057499595, 0.005708419, 0.005619025, 0.00551699, 0.0054597124, 0.005329799, 0.005177315, 0.005001963, 0.0049067275, 0.0047047795, 0.004493958, 0.0043878476, 0.004178591, 0.003977281, 0.0038802747, 0.0036934363, 0.00351337, 0.0033358342, 0.0032469495, 0.0030676196, 0.002886084, 0.0027949645, 0.0026131216, 0.0024335457, 0.002257245, 0.0021701832, 0.001997028, 0.0018228967, 0.0017346559, 0.0015553972, 0.0013744872, 0.0012849699, 0.0011121726, 0.0009527083, 0.00081037165, 0.00074566214, 0.00062820036, 0.0005234654, 0.00047453478, 0.0003802071, 0.00028745912, 0.00019479253, 0.00014897173, 6.157707e-05, -1.5636933e-05, -4.9152586e-05, -0.000105671556, -0.0001508391, -0.00017071291, -0.00020867822, -0.00024883632, -0.00029536374, -0.00032193772, -0.0003836766, -0.00046372396, -0.0005156088, -0.0006633721, -0.00090258487, 0, 0, 0, 0, 0, 0, 0
0, 0, 0, 0, 0, 0, 0, 0, -0.0007927154, -0.00056297367, -0.00043364643, -0.00039154265, -0.00032825107, -0.00026941727, -0.00023554986, -0.00015312714, -5.2272815e-05, 5.8423044e-05, 0.00011358592, 0.00021623765, 0.00030377074, 0.00034188217, 0.0004107904, 0.00047927338, 0.00051733636, 0.0006078176, 0.0007217915, 0.0008581851, 0.0009325527, 0.0010869805, 0.0012407758, 0.0013152958, 0.0014588161, 0.0015989133, 0.0017442318, 0.0018219759, 0.0019922657, 0.0021845934, 0.002288226, 0.002505268, 0.0027260098, 0.0028342218, 0.0030413747, 0.0032333448, 0.0034123994, 0.0034988911, 0.0036709122, 0.0038473425, 0.003938652, 0.0041279807, 0.0043240995, 0.004522226, 0.004620499, 0.0048128706, 0.0049986634, 0.005089248, 0.005266825, 0.005441207, 0.005527167, 0.0056959223, 0.0058570034, 0.006005781, 0.006074081, 0.0061968914, 0.006301643, 0.006348089, 0.0064321947, 0.0065085855, 0.0065805833, 0.006615354, 0.0066819144, 0.0067419573, 0.0067682816, 0.006811074, 0.0068381517, 0.00684805, 0.0068466053, 0.006831901, 0.006802837, 0.00678334, 0.0067349384, 0.0066739516, 0.006638705, 0.0065586697, 0.006465505, 0.0063592833, 0.006301499, 0.006178189, 0.0060467822, 0.0059788153, 0.00583911, 0.0056936056, 0.005540656, 0.0054609897, 0.0052948114, 0.0051201046, 0.0050299023, 0.0048447875, 0.004654682, 0.004558105, 0.0043623094, 0.0041629467, 0.003959463, 0.0038561877, 0.003647419, 0.0034384322, 0.00333517, 0.003133652, 0.0029410874, 0.0027577947, 0.002668995, 0.0024946968, 0.0023203264, 0.0022315816, 0.0020492065, 0.001860897, 0.001765891, 0.0015788358, 0.0014023498, 0.0012419594, 0.0011683722, 0.0010334983, 0.00091085455, 0.0008521632, 0.000735334, 0.0006145334, 0.00048778043, 0.00042350555, 0.00029823286, 0.00018636051, 0.0001382058, 5.9269536e-05, 6.5580315e-07, -2.337458e-05, -6.783895e-05, -0.000115641276, -0.00017528085, -0.00021123643, -0.00029778408, -0.00040679588, -0.00047082233, -0.00061091164, 0, 0, 0, 0, 0, 0, 0, 0
0, 0, 0, 0, 0, 0, 0, 0, 0, -0.00043967416, -0.00032385788, -0.00027472837, -0.00019300147, -0.00011352853, -6.796819e-05, 4.170649e-05, 0.00017583763, 0.00032436987, 0.00039913063, 0.000540066, 0.0006613319, 0.00071376644, 0.0008056615, 0.00089095585, 0.0009357434, 0.0010377432, 0.0011630895, 0.0013126323, 0.0013946807, 0.0015673888, 0.0017435858, 0.0018305212, 0.0020000162, 0.0021652654, 0.0023314592, 0.0024171087, 0.0025970014, 0.0027894573, 0.0028895899, 0.0030929963, 0.0032927867, 0.0033886456, 0.0035688968, 0.0037330675, 0.0038853225, 0.003959345, 0.0041086474, 0.004266066, 0.004349512, 0.0045266957, 0.0047157933, 0.004912359, 0.0050118724, 0.005210626, 0.0054061976, 0.0055020466, 0.0056885323, 0.005865824, 0.005950058, 0.0061072684, 0.006246358, 0.0063640075, 0.006414286, 0.006498588, 0.006565662, 0.0065951, 0.006651262, 0.0067095887, 0.0067739384, 0.006808245, 0.0068784943, 0.006945328, 0.006975215, 0.007024075, 0.007055476, 0.0070692934, 0.0070704343, 0.0070639714, 0.007048527, 0.0070378375, 0.00700954, 0.006968567, 0.006941707, 0.0068719643, 0.006778176, 0.006660495, 0.006594126, 0.006451731, 0.0063053016, 0.0062337136, 0.006097859, 0.0059730164, 0.005856312, 0.0057991934, 0.0056833858, 0.0055597047, 0.0054930565, 0.00534778, 0.0051855016, 0.005098204, 0.0049132076, 0.004717116, 0.004512703, 0.004408103, 0.004195793, 0.003982575, 0.0038771254, 0.0036713532, 0.0034748826, 0.0032884732, 0.003198755, 0.0030247825, 0.0028548678, 0.002769959, 0.0025979332, 0.0024213032, 0.0023315013, 0.0021514536, 0.0019759368, 0.0018097542, 0.0017309114, 0.0015812939, 0.0014392582, 0.0013694586, 0.0012286762, 0.0010823027, 0.0009291611, 0.00085133506, 0.0006983624, 0.0005575581, 0.0004944201, 0.0003849706, 0.0002955642, 0.00025617, 0.00018133488, 0.000103550155, 1.4020872e-05, -3.733442e-05, -0.00015566495, -0.00029644073, -0.00037461572, -0.0005331457, 0, 0, 0, 0, 0, 0, 0, 0
0, 0, 0, 0, 0, 0, 0, 0, 0, -0.00028773648, -0.00015259378, -8.7522916e-05, 2.8085193e-05, 0.00013759856, 0.00019591373, 0.0003271275, 0.00047972263, 0.00064674584, 0.0007319508, 0.00089747476, 0.001048828, 0.0011178185, 0.0012446789, 0.0013638979, 0.0014239955, 0.0015519415, 0.0016954405, 0.0018560158, 0.0019415943, 0.0021194797, 0.0023005744, 0.002390469, 0.0025669243, 0.0027382772, 0.0029059544, 0.0029893916, 0.0031570245, 0.0033261944, 0.0034108928, 0.0035781858, 0.003739646, 0.0038172326, 0.0039658127, 0.004107186, 0.0042450647, 0.0043141446, 0.0044555864, 0.004603932, 0.0046811514, 0.004840953, 0.0050052633, 0.00517022, 0.005252009, 0.0054134126, 0.0055711083, 0.005648361, 0.0057986104, 0.0059406497, 0.0060075456, 0.0061305277, 0.006236574, 0.0063234805, 0.0063597434, 0.0064196778, 0.00646808, 0.0064904243, 0.0065363883, 0.0065886504, 0.006648563, 0.006680395, 0.0067436663, 0.006799619, 0.006822556, 0.0068549733, 0.0068684616, 0.0068662856, 0.006861462, 0.006849023, 0.006837446, 0.006832429, 0.0068218396, 0.006804548, 0.006790613, 0.0067468826, 0.006677254, 0.0065811854, 0.0065248823, 0.0064019086, 0.0062757926, 0.0062152315, 0.0061038407, 0.006007261, 0.0059223315, 0.005882059, 0.0058005624, 0.0057107373, 0.005660377, 0.0055459547, 0.00541252, 0.0053395373, 0.0051841983, 0.0050207158, 0.0048524495, 0.0047668144, 0.004592743, 0.004415309, 0.0043258127, 0.0041463263, 0.0039678733, 0.0037919488, 0.0037055828, 0.0035368588, 0.0033740385, 0.0032944176, 0.0031371645, 0.002979166, 0.0028990917, 0.0027365072, 0.0025723616, 0.0024092183, 0.0023285863, 0.002169381, 0.0020124356, 0.0019343211, 0.0017774897, 0.0016183037, 0.001455932, 0.0013739604, 0.0012110253, 0.0010538618, 0.000978805, 0.000837584, 0.0007071594, 0.00064492004, 0.00052304706, 0.0003995196, 0.00026818347, 0.00019791818, 4.5378492e-05, -0.00012526535, -0.00021617733, -0.000390462, 0, 0, 0, 0, 0, 0, 0, 0
0, 0, 0, 0, 0, 0, 0, 0, 0, -0.00010305038, 5.881591e-05, 0.00014459545, 0.00030489892, 0.00045359638, 0.00052740047, 0.0006803921, 0.0008438092, 0.001016534, 0.0011048286, 0.0012814712, 0.0014539689, 0.0015378353, 0.0017005731, 0.0018589402, 0.0019376208, 0.0020962157, 0.0022582654, 0.0024240753, 0.002507801, 0.0026758043, 0.002842368, 0.0029244423, 0.0030853732, 0.0032408822, 0.003390519, 0.0034630857, 0.00360386, 0.003738959, 0.0038044793, 0.003931588, 0.004054886, 0.0041160304, 0.0042395685, 0.0043670833, 0.00449967, 0.0045676236, 0.004705214, 0.0048419177, 0.0049086143, 0.00503566, 0.005151211, 0.005253457, 0.005299977, 0.0053860694, 0.0054670805, 0.005507105, 0.005587159, 0.005667218, 0.0057065813, 0.005782227, 0.0058514737, 0.005912258, 0.0059394008, 0.005988149, 0.006032704, 0.0060548615, 0.006101327, 0.006151634, 0.006203206, 0.006227784, 0.0062703057, 0.0062989364, 0.0063066185, 0.006307903, 0.0062923697, 0.0062664445, 0.0062523875, 0.0062274807, 0.0062118466, 0.006208038, 0.0062063034, 0.0062063965, 0.006204513, 0.006191971, 0.006162912, 0.0061157257, 0.0060859816, 0.0060178624, 0.005944834, 0.0059087495, 0.0058400827, 0.0057766647, 0.0057156235, 0.0056845127, 0.0056177606, 0.00554124, 0.0054982216, 0.005402626, 0.005296373, 0.0052409773, 0.0051294435, 0.0050211917, 0.004917374, 0.004866346, 0.0047629694, 0.004653545, 0.004595294, 0.004470199, 0.0043332805, 0.0041864165, 0.004110675, 0.0039582355, 0.0038090826, 0.0037368175, 0.0035965133, 0.003458842, 0.0033895771, 0.0032477274, 0.0030993936, 0.0029443752, 0.00286463, 0.0027018713, 0.0025371497, 0.0024550767, 0.002292881, 0.0021342214, 0.0019778616, 0.0018997885, 0.0017422456, 0.0015815231, 0.0014998423, 0.0013339435, 0.0011658504, 0.0010812109, 0.00091142004, 0.0007406102, 0.0005673308, 0.0004788906, 0.00029596343, 0.00010321487, 5.12175e-06, -0.00017078508, 0, 0, 0, 0, 0, 0, 0, 0
0, 0, 0, 0, 0, 0, 0, 0, 0, 8.660573e-05, 0.0002689578, 0.00037496455, 0.0005842399, 0.00078049843, 0.0008742344, 0.0010560796, 0.0012337485, 0.0014107347, 0.0014998086, 0.0016802847, 0.0018644746, 0.0019577243, 0.0021453116, 0.0023318944, 0.0024238273, 0.002602835, 0.0027733264, 0.0029338647, 0.0030103496, 0.0031567155, 0.0032962414, 0.0033640685, 0.0034968066, 0.00362523, 0.003748337, 0.0038073917, 0.0039195283, 0.0040234365, 0.0040725362, 0.0041665705, 0.004258549, 0.0043054246, 0.00440384, 0.004510168, 0.004622915, 0.004680007, 0.004791134, 0.004891701, 0.0049358383, 0.00500865, 0.005058946, 0.005087709, 0.0050954837, 0.005102549, 0.0051055234, 0.0051077954, 0.0051168576, 0.00513368, 0.0051449058, 0.0051719015, 0.005203035, 0.005236118, 0.00525284, 0.005286455, 0.0053204624, 0.0053377775, 0.00537281, 0.0054064607, 0.0054346514, 0.0054451763, 0.005456903, 0.0054546962, 0.0054484135, 0.0054266043, 0.005395851, 0.005361803, 0.0053455858, 0.00531857, 0.0053019603, 0.005298045, 0.005297889, 0.005304959, 0.005309957, 0.005320467, 0.0053291535, 0.005333372, 0.0053334082, 0.005328962, 0.005318892, 0.00531197, 0.0052939574, 0.005269326, 0.005235898, 0.005215188, 0.0051654447, 0.005105279, 0.005072007, 0.0050015156, 0.0049308427, 0.0048975367, 0.004838714, 0.0047927722, 0.0047584665, 0.0047439686, 0.004714619, 0.0046772137, 0.0046529346, 0.0045897276, 0.0045049577, 0.0044003967, 0.004342417, 0.0042203306, 0.004096862, 0.0040365634, 0.0039200047, 0.003806809, 0.0037498735, 0.0036314714, 0.0035028073, 0.0033611185, 0.0032854083, 0.0031263456, 0.0029618938, 0.00287984, 0.0027197283, 0.0025672077, 0.0024207875, 0.002348113, 0.0021993227, 0.0020406188, 0.001955926, 0.0017754973, 0.0015817155, 0.0014811854, 0.0012761253, 0.0010693019, 0.0008628035, 0.0007594365, 0.0005513358, 0.00034410675, 0.00024631398, 9.493847e-05, 0, 0, 0, 0, 0, 0, 0, 0
0, 0, 0, 0, 0, 0, 0, 0, 0, 0.0002570545, 0.00043136915, 0.0005503367, 0.0008046655, 0.0010520746, 0.0011689891, 0.0013873194, 0.0015875435, 0.0017754725, 0.0018672273, 0.0020509367, 0.0022391516, 0.0023352914, 0.002530327, 0.0027242946, 0.002818738, 0.0029982938, 0.0031613074, 0.0033061332, 0.0033721065, 0.0034938382, 0.0036064156, 0.0036607797, 0.0037674552, 0.0038717648, 0.0039720233, 0.004019726, 0.0041086143, 0.0041876943, 0.0042235563, 0.004289225, 0.0043497104, 0.0043793023, 0.00443899, 0.0045001577, 0.0045603956, 0.0045886287, 0.0046374956, 0.004671551, 0.0046817213, 0.0046875593, 0.00467463, 0.004646098, 0.0046275277, 0.0045857644, 0.0045430986, 0.0045229923, 0.004487206, 0.0044585564, 0.004447135, 0.0044298214, 0.004419286, 0.00441426, 0.0044132117, 0.004413082, 0.004413799, 0.0044139363, 0.004412584, 0.0044073327, 0.0043964745, 0.004388761, 0.0043694363, 0.0043471796, 0.004335961, 0.004314797, 0.004296454, 0.004281344, 0.004275125, 0.0042655426, 0.0042598527, 0.0042585786, 0.0042597684, 0.0042668753, 0.004273186, 0.0042923912, 0.004320799, 0.0043568597, 0.004376825, 0.004417823, 0.004456888, 0.0044744937, 0.00450405, 0.0045237453, 0.004531962, 0.004531546, 0.0045227744, 0.004506151, 0.004496139, 0.004475789, 0.004459327, 0.0044539343, 0.0044512223, 0.004459819, 0.0044775796, 0.004488254, 0.0045083035, 0.0045198197, 0.004519922, 0.004505296, 0.0044687116, 0.0044111, 0.004375852, 0.00429691, 0.0042126435, 0.0041703703, 0.0040871804, 0.0040044617, 0.0039619096, 0.0038706409, 0.0037661574, 0.0036447009, 0.003577452, 0.0034320331, 0.003277548, 0.0031993645, 0.0030455173, 0.0028975126, 0.0027541427, 0.0026825208, 0.0025345627, 0.0023737138, 0.0022867103, 0.0020978542, 0.0018908221, 0.0017820755, 0.0015580431, 0.0013300454, 0.0011005632, 0.0009846605, 0.00074997934, 0.00051967445, 0.00041905977, 0.0003130769, 0, 0, 0, 0, 0, 0, 0, 0
0, 0, 0, 0, 0, 0, 0, 0, 0, 0.00037442017, 0.0005062016, 0.0006343543, 0.0009290413, 0.0012213646, 0.0013585282, 0.0016107748, 0.0018357481, 0.002039928, 0.002137001, 0.0023264321, 0.0025144003, 0.0026086366, 0.0027963414, 0.002978864, 0.0030660816, 0.003228977, 0.0033733482, 0.0034987116, 0.0035551065, 0.0036585627, 0.0037542712, 0.0038005887, 0.0038914774, 0.0039796317, 0.0040620677, 0.0040999283, 0.004166751, 0.004220377, 0.004242, 0.0042754277, 0.0042969864, 0.004303868, 0.004310484, 0.004307618, 0.0042943857, 0.0042834026, 0.004252366, 0.004209611, 0.0041845543, 0.004129369, 0.0040706173, 0.0040118336, 0.003983121, 0.0039274767, 0.0038737112, 0.0038470635, 0.003792909, 0.0037368608, 0.0037082229, 0.0036506604, 0.0035943687, 0.003540937, 0.0035153353, 0.0034659493, 0.0034173406, 0.0033928615, 0.003342697, 0.003291292, 0.0032407588, 0.0032169458, 0.0031756214, 0.0031469117, 0.0031384667, 0.003133728, 0.0031427885, 0.0031604683, 0.0031706207, 0.003190024, 0.0032051937, 0.003210814, 0.0032191947, 0.0032275252, 0.0032335, 0.0032525414, 0.0032845226, 0.0033304184, 0.0033579532, 0.0034195152, 0.0034857509, 0.0035192948, 0.003585281, 0.0036480576, 0.003706607, 0.0037344396, 0.003788029, 0.0038404113, 0.0038664993, 0.003919076, 0.003971757, 0.003997819, 0.00404863, 0.0040969364, 0.00414202, 0.0041629947, 0.00420094, 0.004231764, 0.004243706, 0.0042592417, 0.0042618485, 0.0042512696, 0.0042413357, 0.0042133695, 0.004177058, 0.0041565066, 0.004111384, 0.004060575, 0.004032376, 0.0039682225, 0.0038901777, 0.0037949013, 0.0037404501, 0.0036191528, 0.0034848421, 0.0034146083, 0.0032709136, 0.0031251577, 0.0029772758, 0.0029016775, 0.0027445685, 0.0025753744, 0.0024848462, 0.0022904654, 0.0020788803, 0.0019676806, 0.0017377839, 0.0015010354, 0.0012578566, 0.0011324635, 0.00087079767, 0.00060160237, 0.0004773202, 0.00031987406, 0, 0, 0, 0, 0, 0, 0, 0
0, 0, 0, 0, 0, 0, 0, 0, 0, 0.0003250232, 0.00050442695, 0.00065034017, 0.00097271934, 0.0012852799, 0.0014308344, 0.0016984484, 0.0019383092, 0.0021559466, 0.0022584193, 0.0024545027, 0.0026416744, 0.00273234, 0.0029071078, 0.0030704183, 0.0031467865, 0.0032878157, 0.0034127345, 0.0035234103, 0.0035742999, 0.0036694102, 0.0037581697, 0.0038006045, 0.0038813446, 0.003954209, 0.0040154653, 0.0040406585, 0.0040787207, 0.0040998724, 0.0041042366, 0.0041011036, 0.0040824404, 0.0040673055, 0.0040252497, 0.00396702, 0.0038931465, 0.003850878, 0.003758005, 0.0036587918, 0.0036089735, 0.0035132624, 0.0034274708, 0.0033541007, 0.0033217026, 0.0032627815, 0.00320584, 0.0031758936, 0.0031092705, 0.0030307753, 0.0029871135, 0.0028928833, 0.002793687, 0.002694488, 0.0026460807, 0.0025526558, 0.0024636886, 0.0024205514, 0.0023367358, 0.0022570197, 0.0021846576, 0.002152766, 0.0021012053, 0.0020703005, 0.0020636579, 0.0020678828, 0.0020919477, 0.0021288549, 0.0021494122, 0.002189569, 0.0022235725, 0.002237394, 0.0022591094, 0.0022768388, 0.0022861618, 0.0023102288, 0.0023460547, 0.002396277, 0.0024267032, 0.0024965727, 0.0025754576, 0.0026174048, 0.0027050914, 0.002797911, 0.002896916, 0.0029492357, 0.0030599695, 0.0031782778, 0.0032393073, 0.0033615446, 0.0034780053, 0.003531708, 0.003626439, 0.003702098, 0.0037601944, 0.0037840132, 0.0038251579, 0.0038621463, 0.0038804135, 0.0039173346, 0.003953975, 0.0039874474, 0.004001732, 0.004022939, 0.004031665, 0.004030745, 0.0040181563, 0.0039923103, 0.0039749034, 0.0039318167, 0.0038768842, 0.0038083957, 0.0037684878, 0.0036766236, 0.0035690486, 0.0035096921, 0.003380678, 0.003239205, 0.003086456, 0.0030062564, 0.0028385052, 0.0026610259, 0.0025680014, 0.002372587, 0.0021637948, 0.0020545723, 0.0018281501, 0.0015917671, 0.0013441743, 0.0012146537, 0.0009423819, 0.000665497, 0.000542662, 0.00040476111, 0, 0, 0, 0, 0, 0, 0, 0
0, 0, 0, 0, 0, 0, 0, 0, 0, 0.0004107578, 0.000554052, 0.0006839092, 0.0009795947, 0.0012712958, 0.0014088722, 0.001666892, 0.001905441, 0.002127596, 0.0022331343, 0.002433774, 0.0026203406, 0.0027080558, 0.0028715075, 0.0030184356, 0.0030858044, 0.0032099374, 0.0033222, 0.003425556, 0.0034744404, 0.0035667757, 0.0036508676, 0.0036890863, 0.0037557394, 0.003806306, 0.0038382013, 0.0038468267, 0.0038500791, 0.0038368106, 0.003824944, 0.0037921504, 0.0037476807, 0.00372077, 0.0036564437, 0.0035768321, 0.0034817357, 0.0034289695, 0.0033155472, 0.0031967377, 0.0031377077, 0.003024624, 0.0029225932, 0.002833161, 0.0027925186, 0.0027156968, 0.0026384804, 0.0025973048, 0.0025060943, 0.0024006828, 0.0023429291, 0.0022200518, 0.0020929144, 0.0019686022, 0.0019093533, 0.0017988255, 0.0016993457, 0.0016533218, 0.0015676534, 0.00148935, 0.0014190198, 0.0013875504, 0.0013341621, 0.0012968169, 0.0012851888, 0.0012770852, 0.0012880613, 0.0013140461, 0.001330894, 0.0013682444, 0.0014063515, 0.0014247064, 0.0014598636, 0.0014952611, 0.0015142292, 0.0015576403, 0.0016110748, 0.0016762647, 0.0017130174, 0.001793631, 0.0018814856, 0.0019274713, 0.0020234827, 0.0021267268, 0.00224072, 0.0023028604, 0.0024385145, 0.0025876425, 0.0026656778, 0.0028229298, 0.0029729803, 0.00304204, 0.0031632523, 0.003259051, 0.0033317797, 0.0033616377, 0.00341438, 0.0034658527, 0.0034934056, 0.0035541677, 0.0036211933, 0.0036893638, 0.0037215261, 0.0037767328, 0.00381427, 0.0038250329, 0.003830421, 0.0038170097, 0.0038047929, 0.0037726632, 0.0037325285, 0.0036843782, 0.0036563887, 0.003590737, 0.0035087562, 0.0034606846, 0.0033490786, 0.0032170345, 0.0030667197, 0.0029859934, 0.0028164808, 0.002639002, 0.0025475943, 0.0023588815, 0.002160489, 0.0020569721, 0.0018405427, 0.0016103091, 0.0013640755, 0.0012343922, 0.0009657424, 0.00071297557, 0.0006170176, 0.00055206113, 0, 0, 0, 0, 0, 0, 0, 0
0, 0, 0, 0, 0, 0, 0, 0, 0, 0.00058573496, 0.0006335492, 0.00071908446, 0.0009505047, 0.0011997542, 0.0013215994, 0.0015571186, 0.0017835462, 0.0020010755, 0.0021058794, 0.0023055996, 0.002489064, 0.0025737653, 0.0027284361, 0.0028642314, 0.0029259878, 0.0030402825, 0.0031459844, 0.0032457842, 0.0032933787, 0.0033819084, 0.0034577174, 0.003489228, 0.003536776, 0.0035619948, 0.0035647934, 0.0035586283, 0.0035341717, 0.0034983563, 0.0034778735, 0.0034338231, 0.0033862903, 0.0033606973, 0.003303909, 0.0032369767, 0.0031575318, 0.0031128977, 0.0030146535, 0.0029073947, 0.0028517195, 0.0027391836, 0.0026276957, 0.0025185414, 0.002464568, 0.0023559444, 0.0022435123, 0.0021849019, 0.0020620911, 0.0019322732, 0.0018654951, 0.0017312401, 0.0016010323, 0.0014809157, 0.0014261481, 0.0013286194, 0.0012465314, 0.0012104769, 0.0011457335, 0.0010874879, 0.001032934, 0.0010065908, 0.00095613825, 0.00091052405, 0.00089046935, 0.0008582961, 0.00083882426, 0.00083349674, 0.00083611876, 0.0008507726, 0.00087683153, 0.00089386984, 0.0009358746, 0.0009887485, 0.0010193329, 0.001088673, 0.0011680562, 0.0012556127, 0.0013016851, 0.0013965792, 0.0014928326, 0.001540906, 0.001637148, 0.0017358117, 0.0018412704, 0.0018979941, 0.0020211542, 0.0021564686, 0.0022275501, 0.0023726001, 0.0025150718, 0.0025830073, 0.0027085468, 0.0028176499, 0.002910877, 0.002952913, 0.0030321323, 0.0031104246, 0.003150918, 0.003235338, 0.0033224497, 0.0034064515, 0.00344486, 0.0035095257, 0.0035527658, 0.003565348, 0.0035727143, 0.0035601847, 0.003548388, 0.003518337, 0.0034832591, 0.0034445336, 0.0034230757, 0.0033726268, 0.0033076596, 0.0032680128, 0.003171992, 0.003052992, 0.00291338, 0.0028374163, 0.002677022, 0.0025095132, 0.002423885, 0.0022489328, 0.002066456, 0.0019709852, 0.0017687777, 0.0015480802, 0.0013055108, 0.0011759608, 0.0009083159, 0.00067467714, 0.00061191374, 0.00073300157, 0, 0, 0, 0, 0, 0, 0, 0
0, 0, 0, 0, 0, 0, 0, 0, 0, 0.00079101976, 0.0006231113, 0.0006640597, 0.0008508813, 0.0010737969, 0.00118483, 0.0014023642, 0.0016147322, 0.0018213799, 0.0019214755, 0.00211185, 0.0022855096, 0.0023652168, 0.0025098778, 0.0026369677, 0.0026951013, 0.0028038686, 0.0029055888, 0.0030017889, 0.0030471105, 0.00312912, 0.003194895, 0.0032201211, 0.0032534932, 0.0032641108, 0.0032545847, 0.0032438443, 0.0032141306, 0.0031786785, 0.0031603624, 0.0031243812, 0.0030895616, 0.0030720166, 0.003034864, 0.0029920842, 0.0029403316, 0.0029103274, 0.0028410142, 0.0027591775, 0.0027137573, 0.0026146898, 0.0025054964, 0.002387372, 0.0023252887, 0.002195805, 0.0020611424, 0.001992825, 0.0018567734, 0.001724573, 0.0016610477, 0.0015411325, 0.0014330294, 0.0013389223, 0.0012974975, 0.0012256204, 0.0011668721, 0.0011415457, 0.0010963893, 0.0010554431, 0.0010151989, 0.0009945134, 0.0009511084, 0.00090510875, 0.00088161964, 0.00083584205, 0.00079555734, 0.0007654627, 0.00075564056, 0.0007482616, 0.0007591545, 0.0007719311, 0.0008121989, 0.0008712965, 0.00090697315, 0.0009883828, 0.0010795202, 0.0011764556, 0.0012260209, 0.0013253979, 0.0014233191, 0.0014711376, 0.0015640104, 0.0016537914, 0.0017424016, 0.0017870767, 0.001878395, 0.0019734288, 0.002022502, 0.0021237913, 0.0022291103, 0.0022830653, 0.0023925684, 0.0025023315, 0.0026099458, 0.0026625234, 0.0027649044, 0.0028634334, 0.0029112324, 0.0030030473, 0.0030878808, 0.0031618644, 0.003193471, 0.003243509, 0.0032737588, 0.0032812736, 0.0032815519, 0.0032652097, 0.0032522394, 0.0032200927, 0.003183357, 0.003143589, 0.0031220955, 0.0030733147, 0.0030126402, 0.002976216, 0.0028887927, 0.0027809832, 0.0026542908, 0.002585098, 0.0024382698, 0.0022841631, 0.002205479, 0.0020450533, 0.0018781793, 0.0017907034, 0.0016041017, 0.0013963472, 0.0011629316, 0.0010362132, 0.0007685945, 0.000515243, 0.00042212577, 0, 0, 0, 0, 0, 0, 0, 0, 0
0, 0, 0, 0, 0, 0, 0, 0, 0, 0, 0.00039161954, 0.0004688748, 0.00067765574, 0.0008986658, 0.00100584, 0.0012129777, 0.0014122663, 0.0016034206, 0.0016948836, 0.0018674708, 0.002024003, 0.0020959717, 0.0022283264, 0.0023477818, 0.0024038379, 0.0025103323, 0.0026106979, 0.0027040476, 0.0027470875, 0.002823715, 0.0028843987, 0.0029080065, 0.0029416638, 0.0029588495, 0.0029629944, 0.0029614845, 0.0029536958, 0.0029417237, 0.0029347746, 0.002919159, 0.002901014, 0.00289075, 0.0028674752, 0.0028398517, 0.002806716, 0.0027876357, 0.0027432987, 0.0026886696, 0.0026568053, 0.0025829058, 0.0024951648, 0.0023944946, 0.0023400409, 0.0022256314, 0.0021088005, 0.0020514051, 0.0019421024, 0.0018434272, 0.00179873, 0.0017180464, 0.0016476266, 0.0015850287, 0.0015560462, 0.0015019323, 0.0014526304, 0.001429771, 0.0013874879, 0.0013496901, 0.0013156806, 0.0012996419, 0.0012679615, 0.0012352356, 0.001218097, 0.0011828415, 0.0011488767, 0.0011208135, 0.0011106496, 0.0011008239, 0.0011075273, 0.001117626, 0.0011508367, 0.0011995524, 0.0012286139, 0.0012936047, 0.001364919, 0.0014404346, 0.0014795323, 0.0015602763, 0.0016439913, 0.0016865254, 0.0017710731, 0.0018523944, 0.0019272908, 0.0019616995, 0.0020242773, 0.002080382, 0.002107284, 0.0021623955, 0.0022243499, 0.0022595294, 0.0023395321, 0.0024313591, 0.002530149, 0.002580091, 0.0026768406, 0.002764708, 0.0028040807, 0.002872135, 0.0029256141, 0.0029650459, 0.0029798343, 0.0030004086, 0.0030096956, 0.003010243, 0.0030031346, 0.0029848292, 0.0029716115, 0.0029379288, 0.0028962835, 0.0028482052, 0.002821718, 0.0027631857, 0.002694837, 0.0026560915, 0.0025678189, 0.0024642614, 0.0023457033, 0.0022813524, 0.0021443826, 0.001999369, 0.0019248363, 0.0017725857, 0.0016152058, 0.0015334145, 0.0013598804, 0.0011680874, 0.0009535664, 0.0008378021, 0.0005974282, 0.00038419626, 0.00031663178, 0, 0, 0, 0, 0, 0, 0, 0, 0
0, 0, 0, 0, 0, 0, 0, 0, 0, 0, 0.00023425138, 0.0002948568, 0.00048058477, 0.0006890492, 0.0007913472, 0.0009877422, 0.0011724882, 0.0013446625, 0.0014255025, 0.0015762632, 0.0017131672, 0.0017772348, 0.0018987537, 0.002014216, 0.0020704265, 0.0021797603, 0.002283438, 0.0023783133, 0.0024214415, 0.0024981804, 0.0025621622, 0.002589765, 0.002638158, 0.0026798898, 0.0027175462, 0.0027351805, 0.0027675484, 0.0027938432, 0.0028037855, 0.0028156089, 0.0028155206, 0.0028113509, 0.0027961635, 0.0027752009, 0.0027517872, 0.0027398674, 0.0027154298, 0.002688769, 0.0026735596, 0.002637488, 0.0025922018, 0.00253811, 0.0025086347, 0.0024476862, 0.0023889241, 0.0023619053, 0.0023145897, 0.002276609, 0.0022604333, 0.0022307248, 0.0022000745, 0.0021636868, 0.0021426447, 0.0020952364, 0.0020435695, 0.0020176694, 0.0019692085, 0.0019287771, 0.0018988802, 0.0018878108, 0.0018720722, 0.0018617187, 0.0018574974, 0.0018495889, 0.0018426956, 0.0018389211, 0.001839131, 0.0018452376, 0.0018596187, 0.0018695573, 0.0018935737, 0.0019202812, 0.0019337374, 0.0019597893, 0.0019853355, 0.002013204, 0.002029387, 0.0020688355, 0.0021194955, 0.0021488976, 0.002213387, 0.0022800353, 0.002341463, 0.0023682616, 0.0024120745, 0.0024435606, 0.00245609, 0.002479282, 0.0025063623, 0.0025234222, 0.002566601, 0.0026210153, 0.002681433, 0.0027113883, 0.0027654273, 0.002806185, 0.0028202261, 0.0028355306, 0.0028363988, 0.0028278283, 0.0028218287, 0.0028091872, 0.0027972518, 0.0027913933, 0.0027780826, 0.0027587204, 0.0027453098, 0.002708887, 0.0026592892, 0.0025979995, 0.0025636184, 0.0024885694, 0.0024057275, 0.0023612853, 0.0022659653, 0.002160668, 0.0020446086, 0.0019822232, 0.0018490447, 0.0017063268, 0.0016321471, 0.0014801666, 0.0013244557, 0.0012449162, 0.0010799689, 0.0009032161, 0.0007102127, 0.0006076528, 0.0004007031, 0.00024698538, 0.00023707196, 0, 0, 0, 0, 0, 0, 0, 0, 0
0, 0, 0, 0, 0, 0, 0, 0, 0, 0, 0.000102917256, 0.00011738698, 0.00026344953, 0.00045663497, 0.00055331754, 0.00073732255, 0.0009059716, 0.0010588898, 0.001129644, 0.0012612969, 0.001383287, 0.0014423168, 0.0015591622, 0.0016768016, 0.0017359813, 0.0018531757, 0.0019648673, 0.002066507, 0.0021127453, 0.0021961536, 0.0022703244, 0.0023054418, 0.0023748884, 0.002446565, 0.002521679, 0.0025599687, 0.0026351614, 0.0027027552, 0.0027316464, 0.0027763587, 0.0028023294, 0.0028087304, 0.002811634, 0.0028070242, 0.0028019815, 0.0028010663, 0.0028039808, 0.0028130298, 0.0028190354, 0.002831767, 0.0028431022, 0.0028519488, 0.0028559049, 0.002864828, 0.0028772745, 0.0028854767, 0.0029053753, 0.0029272872, 0.0029374964, 0.0029525054, 0.0029553645, 0.0029423118, 0.002929627, 0.0028940765, 0.002850351, 0.002827893, 0.0027870378, 0.0027566373, 0.0027398402, 0.0027365098, 0.002738545, 0.002748934, 0.0027560047, 0.0027718262, 0.002788979, 0.0028071858, 0.0028168373, 0.002837063, 0.0028571652, 0.0028660367, 0.002879054, 0.0028825174, 0.002879977, 0.0028670526, 0.0028467982, 0.0028255733, 0.0028169237, 0.0028079536, 0.0028136356, 0.002822388, 0.0028498902, 0.0028854166, 0.0029209906, 0.0029363714, 0.0029591182, 0.0029702142, 0.0029720245, 0.0029710252, 0.0029680207, 0.0029670957, 0.002967677, 0.0029708587, 0.0029731502, 0.0029721493, 0.002962205, 0.002937871, 0.0029198907, 0.0028741274, 0.0028203852, 0.0027663985, 0.0027415026, 0.002698682, 0.0026655998, 0.0026517988, 0.002626172, 0.0025966323, 0.002577997, 0.0025293776, 0.0024642725, 0.0023844447, 0.0023404285, 0.0022471996, 0.0021499093, 0.0021003368, 0.001998832, 0.0018925704, 0.001778567, 0.00171773, 0.0015870498, 0.0014447026, 0.0013698463, 0.0012154968, 0.0010581984, 0.0009791574, 0.0008199151, 0.0006556378, 0.00048014114, 0.00038637835, 0.00019007997, 1.5726977e-05, -3.152184e-05, 0, 0, 0, 0, 0, 0, 0, 0, 0
0, 0, 0, 0, 0, 0, 0, 0, 0, 0, -0.00017975864, -0.00013183731, 3.9397073e-05, 0.00023171735, 0.00032380095, 0.0004947539, 0.0006476037, 0.00078433653, 0.00084769796, 0.0009675626, 0.001083094, 0.0011409892, 0.0012597458, 0.0013834855, 0.0014466172, 0.0015725779, 0.0016934257, 0.0018044867, 0.0018557115, 0.0019507972, 0.0020393757, 0.0020831234, 0.0021728026, 0.0022687034, 0.0023716697, 0.0024249775, 0.0025319457, 0.002633295, 0.0026797352, 0.0027608173, 0.0028251521, 0.0028515952, 0.0028958921, 0.0029340142, 0.0029727116, 0.0029939937, 0.0030427803, 0.003099993, 0.0031313666, 0.0031975063, 0.0032655508, 0.0033331714, 0.003366663, 0.0034333477, 0.0034996893, 0.00353263, 0.0035966386, 0.003655631, 0.0036820862, 0.0037266458, 0.0037577983, 0.0037744043, 0.0037777063, 0.0037765193, 0.0037698112, 0.0037663036, 0.00376213, 0.0037647896, 0.003774891, 0.0037823631, 0.0038008105, 0.0038214554, 0.0038319742, 0.0038520894, 0.0038707405, 0.0038877458, 0.003895675, 0.00390989, 0.0039205616, 0.0039235987, 0.003922709, 0.0039097355, 0.0038980958, 0.0038652231, 0.0038220186, 0.0037736169, 0.003749159, 0.0037035753, 0.0036659203, 0.0036509354, 0.0036284805, 0.0036137803, 0.003602214, 0.0035958856, 0.00357924, 0.00355556, 0.0035409236, 0.0035066858, 0.0034667114, 0.0034448733, 0.0033977646, 0.003345667, 0.0032874276, 0.003255394, 0.00318407, 0.0031024513, 0.0030581488, 0.0029654445, 0.002872686, 0.0027867432, 0.0027477406, 0.0026786104, 0.0026196232, 0.0025924528, 0.0025388356, 0.0024799036, 0.002446474, 0.0023691428, 0.0022771794, 0.0021738035, 0.0021197372, 0.002010857, 0.001904305, 0.0018524424, 0.0017507173, 0.0016483833, 0.00154068, 0.0014831906, 0.0013590258, 0.001221682, 0.0011488793, 0.0009978177, 0.00084432244, 0.00076793815, 0.00061686884, 0.00046521684, 0.00030578478, 0.00022012835, 3.6024398e-05, -0.00013808695, -0.00019060653, 0, 0, 0, 0, 0, 0, 0, 0, 0
0, 0, 0, 0, 0, 0, 0, 0, 0, 0, -0.00035641275, -0.00029995647, -0.00012428376, 5.8916336e-05, 0.00014387346, 0.0002988523, 0.00043661465, 0.00056138466, 0.00062051223, 0.0007355408, 0.0008506438, 0.0009095554, 0.0010316838, 0.0011592561, 0.001224263, 0.001354145, 0.0014803541, 0.0015997756, 0.001656802, 0.0017660804, 0.0018718869, 0.0019246361, 0.0020321666, 0.002144363, 0.0022622633, 0.0023229725, 0.0024461928, 0.002568752, 0.002628786, 0.0027449408, 0.0028557896, 0.0029095383, 0.0030150854, 0.0031195432, 0.0032246697, 0.0032779786, 0.003386755, 0.003498172, 0.0035545675, 0.0036675846, 0.0037790816, 0.003887161, 0.0039394703, 0.0040402254, 0.0041349493, 0.0041797133, 0.0042635025, 0.004339404, 0.0043745344, 0.0044398466, 0.0044999677, 0.0045563965, 0.0045837853, 0.0046377336, 0.0046913866, 0.004718151, 0.0047708247, 0.0048202216, 0.004863553, 0.004882098, 0.004912051, 0.0049321293, 0.0049387505, 0.004945955, 0.0049465466, 0.0049422043, 0.004938649, 0.004929352, 0.0049175266, 0.0049104537, 0.0048931492, 0.0048699584, 0.0048556537, 0.0048210775, 0.004778038, 0.0047267145, 0.0046980833, 0.004635553, 0.0045673116, 0.0045317267, 0.0044587106, 0.004384844, 0.0043105683, 0.00427316, 0.0041972855, 0.004119378, 0.004079565, 0.0039975015, 0.003911299, 0.003866142, 0.0037709584, 0.0036688165, 0.0035600644, 0.0035035785, 0.0033870954, 0.0032673387, 0.0032070675, 0.0030881735, 0.0029745763, 0.0028688062, 0.0028188494, 0.002723331, 0.0026299981, 0.0025826695, 0.0024844145, 0.0023787492, 0.0023227364, 0.0022044096, 0.0020796813, 0.0019529494, 0.001890702, 0.0017715029, 0.0016613404, 0.0016095152, 0.0015104774, 0.001413211, 0.0013123516, 0.0012589898, 0.001144497, 0.0010190351, 0.00095281284, 0.0008158687, 0.00067715655, 0.00060840405, 0.0004725935, 0.0003365725, 0.00019238972, 0.000113962225, -5.8669935e-05, -0.00023002132, -0.0002856918, 0, 0, 0, 0, 0, 0, 0, 0, 0
0, 0, 0, 0, 0, 0, 0, 0, 0, 0, -0.00044825082, -0.0003883529, -0.00021582188, -4.6842168e-05, 2.931963e-05, 0.00016697681, 0.0002907133, 0.00040666718, 0.00046323455, 0.0005761504, 0.0006910501, 0.0007498518, 0.0008702477, 0.0009937888, 0.0010562245, 0.0011814325, 0.0013061551, 0.0014304621, 0.0014926239, 0.0016170668, 0.0017420667, 0.0018047321, 0.0019302339, 0.0020562042, 0.0021829724, 0.0022470087, 0.0023771946, 0.0025116927, 0.0025811912, 0.0027259118, 0.00287948, 0.0029596195, 0.0031256096, 0.0032959022, 0.003465904, 0.0035495244, 0.0037122006, 0.0038677293, 0.0039427183, 0.0040875273, 0.0042260205, 0.004358499, 0.0044224486, 0.0045451424, 0.0046596667, 0.0047134957, 0.0048144874, 0.0049079633, 0.004952942, 0.0050422247, 0.005134429, 0.0052326038, 0.005284222, 0.005391647, 0.0055012573, 0.0055549997, 0.005656104, 0.0057430845, 0.005810812, 0.0058365827, 0.0058723358, 0.0058890395, 0.005891329, 0.005886471, 0.0058717863, 0.005849938, 0.0058368878, 0.0058074724, 0.0057750354, 0.005758119, 0.005723735, 0.0056890626, 0.0056715156, 0.0056351773, 0.0055950456, 0.005547282, 0.00551916, 0.0054516797, 0.0053669563, 0.005317784, 0.0052067437, 0.005082239, 0.004949207, 0.004881051, 0.0047441013, 0.0046087317, 0.004542063, 0.0044104992, 0.0042795166, 0.0042132707, 0.004077417, 0.0039358465, 0.0037891944, 0.0037150169, 0.003566937, 0.0034221334, 0.0033518563, 0.003216593, 0.0030882363, 0.0029642775, 0.0029025238, 0.0027762868, 0.0026426194, 0.0025722284, 0.002424864, 0.002271037, 0.002193088, 0.0020381722, 0.0018883757, 0.0017477667, 0.0016817941, 0.0015590225, 0.001447502, 0.0013949961, 0.0012937121, 0.0011938831, 0.0010922104, 0.0010399865, 0.00093234057, 0.0008208171, 0.0007639594, 0.0006495449, 0.0005351538, 0.0004782125, 0.00036401523, 0.00024567381, 0.000115032526, 4.1732183e-05, -0.00012490664, -0.00029855015, -0.0003578615, 0, 0, 0, 0, 0, 0, 0, 0, 0
0, 0, 0, 0, 0, 0, 0, 0, 0, 0, -0.0004885663, -0.00042682316, -0.00025774728, -0.00010232855, -3.460942e-05, 8.6501044e-05, 0.00019737623, 0.00030508864, 0.00035905655, 0.0004680437, 0.0005785577, 0.000634099, 0.00074497977, 0.00085560913, 0.00091116206, 0.0010240598, 0.0011417232, 0.0012670364, 0.0013330914, 0.0014714926, 0.0016160046, 0.0016893311, 0.0018352618, 0.001977985, 0.0021165975, 0.0021849717, 0.0023227804, 0.0024668644, 0.0025432082, 0.002707305, 0.0028885028, 0.002985174, 0.003187472, 0.0033954938, 0.0036008665, 0.0037004002, 0.003890527, 0.0040678997, 0.0041522533, 0.004314656, 0.004471673, 0.0046261363, 0.004702691, 0.0048534228, 0.0049987524, 0.0050685103, 0.0052015358, 0.0053265905, 0.005387023, 0.005506725, 0.0056287507, 0.0057566375, 0.005822961, 0.0059586214, 0.00609313, 0.006157462, 0.0062749824, 0.0063720434, 0.0064448346, 0.006472076, 0.006510146, 0.0065301163, 0.006534843, 0.0065365937, 0.00653002, 0.006515729, 0.006505254, 0.006476914, 0.006438463, 0.0064158216, 0.0063656713, 0.0063118734, 0.00628465, 0.0062304134, 0.0061760345, 0.006118095, 0.0060860263, 0.0060110986, 0.0059163948, 0.0058601936, 0.005729281, 0.0055767978, 0.00540924, 0.0053224172, 0.0051473225, 0.004975035, 0.0048908475, 0.004726357, 0.0045649167, 0.0044840486, 0.0043196306, 0.0041496214, 0.003974889, 0.0038868543, 0.0037126748, 0.0035448442, 0.0034641356, 0.0033091218, 0.0031599666, 0.0030111612, 0.00293498, 0.0027757448, 0.0026054878, 0.0025164352, 0.0023333726, 0.0021496248, 0.0020600192, 0.0018892328, 0.0017333173, 0.0015934324, 0.0015288565, 0.0014078935, 0.0012937381, 0.0012376207, 0.0011253007, 0.0010119532, 0.00089858985, 0.00084281265, 0.0007347375, 0.0006331791, 0.0005849535, 0.00049295474, 0.00040413917, 0.00035972358, 0.00026758164, 0.00016576891, 4.590242e-05, -2.4016264e-05, -0.000188453, -0.00036725609, -0.00043076437, 0, 0, 0, 0, 0, 0, 0, 0, 0
0, 0, 0, 0, 0, 0, 0, 0, 0, 0, -0.00051125634, -0.00044801357, -0.0002818624, -0.00013839825, -7.833207e-05, 2.7720107e-05, 0.00012630649, 0.00022516852, 0.0002754829, 0.0003775758, 0.00047965202, 0.00052974705, 0.0006274825, 0.0007225052, 0.0007701423, 0.00086912676, 0.0009781684, 0.0011020126, 0.0011701743, 0.0013183515, 0.0014783756, 0.0015607398, 0.0017259369, 0.001886909, 0.0020415278, 0.0021169048, 0.0022669912, 0.0024220792, 0.002503723, 0.0026779706, 0.0028680789, 0.0029682834, 0.0031751976, 0.003384306, 0.003588252, 0.0036866686, 0.003875154, 0.004053775, 0.0041406793, 0.0043133907, 0.004488764, 0.004669884, 0.004762465, 0.004949569, 0.0051346007, 0.005224634, 0.0053971624, 0.0055582356, 0.0056347046, 0.005781091, 0.005921834, 0.006059779, 0.006128056, 0.0062618204, 0.0063876836, 0.0064456593, 0.006548239, 0.006630299, 0.0066922726, 0.0067169154, 0.0067567294, 0.006788558, 0.006802905, 0.006829531, 0.006852536, 0.0068677934, 0.006870457, 0.0068618227, 0.0068310522, 0.006807214, 0.0067448094, 0.006668049, 0.006626595, 0.0065412726, 0.006455974, 0.006370923, 0.006327493, 0.006234924, 0.0061289547, 0.006068879, 0.005932776, 0.005776493, 0.0056054485, 0.0055167545, 0.0053373547, 0.0051592914, 0.005071439, 0.004897595, 0.0047238134, 0.004635799, 0.004455113, 0.004266605, 0.00407145, 0.003972634, 0.0037759433, 0.0035848403, 0.0034922133, 0.003312479, 0.0031371026, 0.002961203, 0.0028715902, 0.002687118, 0.0024960309, 0.0023989435, 0.0022053143, 0.0020187488, 0.0019302692, 0.0017662651, 0.0016205336, 0.0014907974, 0.0014300187, 0.0013119291, 0.0011928959, 0.0011315362, 0.0010046294, 0.000874364, 0.0007462371, 0.0006851747, 0.00057258434, 0.0004753884, 0.00043249782, 0.00035569718, 0.00028531355, 0.00025005624, 0.00017425769, 8.4586776e-05, -2.7446034e-05, -9.487471e-05, -0.00025728837, -0.00044201678, -0.0005114636, 0, 0, 0, 0, 0, 0, 0, 0, 0
0, 0, 0, 0, 0, 0, 0, 0, 0, 0, -0.00054519344, -0.00047870618, -0.0003138678, -0.00018055708, -0.00012661742, -3.2790787e-05, 5.491647e-05, 0.00014471979, 0.0001911002, 0.00028565948, 0.0003797004, 0.00042550353, 0.00051389454, 0.0005994101, 0.00064256095, 0.0007338591, 0.00083752396, 0.000958794, 0.0010267552, 0.0011763558, 0.0013404866, 0.0014259788, 0.0015993586, 0.001770815, 0.0019372456, 0.002018814, 0.002180868, 0.0023458698, 0.0024310513, 0.0026083179, 0.0027945533, 0.0028899773, 0.0030821434, 0.0032717083, 0.0034550007, 0.003543895, 0.0037174916, 0.0038891197, 0.003975922, 0.004155411, 0.0043460247, 0.0045483843, 0.0046530594, 0.0048655076, 0.005075636, 0.005177583, 0.005371823, 0.0055507794, 0.005634336, 0.005790424, 0.0059335944, 0.00606605, 0.006128646, 0.006245939, 0.0063503995, 0.006396715, 0.0064761755, 0.0065387203, 0.0065884218, 0.0066104806, 0.0066529084, 0.0066972952, 0.006720978, 0.006770768, 0.0068201227, 0.0068609724, 0.006875111, 0.0068847165, 0.0068639177, 0.0068414304, 0.0067744125, 0.006684002, 0.006632798, 0.0065237866, 0.006411242, 0.006298823, 0.0062428, 0.006129521, 0.0060110153, 0.0059483307, 0.005814377, 0.005668524, 0.005513522, 0.0054338467, 0.005272145, 0.005108629, 0.005026137, 0.0048586656, 0.0046856203, 0.0045962804, 0.004410512, 0.0042147674, 0.0040106457, 0.003906509, 0.0036974947, 0.0034911796, 0.0033899609, 0.0031916848, 0.002997829, 0.0028060623, 0.0027103636, 0.0025193095, 0.0023297584, 0.0022364329, 0.0020550492, 0.0018844919, 0.0018044554, 0.001656208, 0.0015229797, 0.0014005251, 0.0013412954, 0.0012222978, 0.0010979857, 0.0010330105, 0.0008980692, 0.0007607286, 0.0006278291, 0.0005654992, 0.00045265027, 0.00035814662, 0.00031752966, 0.00024714431, 0.00018477553, 0.00015374876, 8.594395e-05, 3.3363756e-06, -0.0001030256, -0.00016812638, -0.00032638153, -0.0005143309, -0.00060254766, 0, 0, 0, 0, 0, 0, 0, 0, 0
0, 0, 0, 0, 0, 0, 0, 0, 0, 0, -0.0006121249, -0.0005287088, -0.00036266315, -0.00023420439, -0.0001828736, -9.51072e-05, -1.43747875e-05, 6.8287634e-05, 0.00011137588, 0.00020014228, 0.00028998917, 0.00033451125, 0.00042190618, 0.0005084659, 0.00055259815, 0.0006457968, 0.0007494417, 0.00086723914, 0.0009318159, 0.0010719141, 0.0012242174, 0.0013036438, 0.0014661803, 0.0016305819, 0.0017948359, 0.0018769396, 0.0020422875, 0.0022108918, 0.0022969479, 0.0024723215, 0.002650602, 0.0027397955, 0.0029159533, 0.0030872133, 0.0032531421, 0.0033347243, 0.003497423, 0.0036635373, 0.0037493992, 0.003928976, 0.0041200495, 0.0043208655, 0.004423398, 0.004628457, 0.004827548, 0.0049229935, 0.005103367, 0.005268842, 0.0053460635, 0.0054903855, 0.0056224717, 0.0057436447, 0.0058003957, 0.005905769, 0.005998889, 0.0060402453, 0.006111917, 0.006170408, 0.006219623, 0.0062424885, 0.0062877215, 0.0063348324, 0.006359314, 0.0064090425, 0.0064559802, 0.0064933854, 0.0065060244, 0.0065142703, 0.006495438, 0.006475221, 0.0064145885, 0.0063312594, 0.006283004, 0.0061772983, 0.0060632643, 0.005944773, 0.005884655, 0.005763082, 0.005639557, 0.0055766767, 0.0054478273, 0.0053141774, 0.005176208, 0.005105767, 0.004961931, 0.0048136427, 0.0047373623, 0.0045795906, 0.004413557, 0.004327251, 0.0041478826, 0.003959607, 0.0037636743, 0.003663536, 0.0034611067, 0.003258725, 0.0031584476, 0.002961098, 0.002768934, 0.0025824436, 0.0024913824, 0.0023140786, 0.0021434533, 0.002060751, 0.0019008896, 0.0017490742, 0.0016763755, 0.0015374954, 0.0014063535, 0.0012804571, 0.0012184805, 0.0010939471, 0.0009671291, 0.0009027344, 0.00077323616, 0.00064585946, 0.0005250878, 0.00046850895, 0.00036494268, 0.00027558889, 0.00023615202, 0.00016583687, 0.00010234299, 7.094025e-05, 4.0839823e-06, -7.513418e-05, -0.00017595782, -0.00023801209, -0.00038736727, -0.0005243279, 0, 0, 0, 0, 0, 0, 0, 0, 0, 0
0, 0, 0, 0, 0, 0, 0, 0, 0, 0, 0, -0.00054116227, -0.000415704, -0.0002850228, -0.00023188864, -0.00014279984, -6.371645e-05, 1.5211625e-05, 5.611943e-05, 0.00014111976, 0.00022942513, 0.0002744018, 0.00036588192, 0.00045987693, 0.00050832814, 0.000609171, 0.0007160907, 0.0008294537, 0.0008885916, 0.0010113994, 0.0011397429, 0.0012058194, 0.0013415334, 0.0014821793, 0.0016285743, 0.0017041173, 0.0018600484, 0.0020220121, 0.002104798, 0.0022724513, 0.0024407457, 0.002524252, 0.0026888005, 0.0028495705, 0.003007436, 0.0030860032, 0.0032440047, 0.003405201, 0.0034873693, 0.003655188, 0.0038260813, 0.003997202, 0.004081545, 0.004245316, 0.004399604, 0.0044726417, 0.0046106656, 0.004739431, 0.004801118, 0.0049203457, 0.0050350423, 0.0051454455, 0.005198986, 0.005301807, 0.00539757, 0.005442152, 0.005523627, 0.005594186, 0.00565413, 0.0056804633, 0.0057264804, 0.0057640225, 0.0057795323, 0.0058040945, 0.005819261, 0.005824357, 0.0058227438, 0.005810499, 0.005785255, 0.005767637, 0.0057226564, 0.0056653353, 0.005632257, 0.0055574602, 0.0054715443, 0.0053752465, 0.0053238114, 0.0052157096, 0.005102174, 0.0050437786, 0.0049239, 0.0048000785, 0.004672015, 0.0046062395, 0.004470829, 0.004329951, 0.004257316, 0.0041076746, 0.003952681, 0.003873364, 0.0037116017, 0.0035458037, 0.003376081, 0.0032899035, 0.0031154135, 0.0029394939, 0.002851725, 0.0026780204, 0.0025087404, 0.0023458, 0.0022669109, 0.0021142564, 0.0019674245, 0.0018955731, 0.0017537448, 0.0016132621, 0.0015432327, 0.0014035337, 0.0012649489, 0.0011288049, 0.0010620926, 0.00093224715, 0.0008085804, 0.0007494006, 0.00063695613, 0.0005323521, 0.00043509642, 0.00038887677, 0.00030083643, 0.00021832848, 0.0001791599, 0.000104459454, 3.3342803e-05, -1.6098548e-06, -7.295853e-05, -0.00015102862, -0.00024589786, -0.00030410587, -0.00044963308, -0.00059776, 0, 0, 0, 0, 0, 0, 0, 0, 0, 0
0, 0, 0, 0, 0, 0, 0, 0, 0, 0, 0, -0.0006126446, -0.00046420557, -0.00032012956, -0.0002623317, -0.00016651435, -8.405025e-05, -5.001705e-06, 3.4884546e-05, 0.00011667038, 0.00020223175, 0.0002467386, 0.00033994502, 0.00043903463, 0.0004907743, 0.00059752626, 0.0007066945, 0.00081577915, 0.00086973136, 0.00097619556, 0.0010812088, 0.0011337129, 0.0012405368, 0.0013528459, 0.0014740374, 0.0015384528, 0.0016748359, 0.0018192556, 0.0018934429, 0.002043579, 0.002194163, 0.002269073, 0.002417601, 0.0025649266, 0.0027118544, 0.002785497, 0.0029334994, 0.0030816514, 0.0031551416, 0.0032989942, 0.0034356492, 0.0035624786, 0.003621839, 0.0037324112, 0.0038333747, 0.003881102, 0.003973229, 0.004064044, 0.0041099614, 0.0042038686, 0.004300859, 0.0043997727, 0.004449359, 0.0045480123, 0.004644236, 0.004690773, 0.004779125, 0.0048585497, 0.004925554, 0.004953321, 0.004995724, 0.00501909, 0.0050235423, 0.0050187926, 0.004999013, 0.004969333, 0.0049526463, 0.0049187327, 0.0048871003, 0.004872551, 0.0048454534, 0.0048182486, 0.004803353, 0.004767853, 0.0047214613, 0.004661552, 0.0046264143, 0.004546666, 0.0044557797, 0.0044068717, 0.004303212, 0.004192579, 0.0040754518, 0.0040144357, 0.0038878056, 0.0037558714, 0.0036883778, 0.0035517425, 0.0034144856, 0.003346187, 0.0032107527, 0.003077097, 0.0029445083, 0.0028781076, 0.0027443848, 0.0026087028, 0.0025402782, 0.0024028048, 0.002266221, 0.002132392, 0.0020667019, 0.0019376229, 0.0018102615, 0.0017464516, 0.0016170773, 0.0014836659, 0.0014150717, 0.0012745224, 0.001131641, 0.0009907673, 0.0009227933, 0.00079499057, 0.0006810298, 0.0006296109, 0.000537119, 0.0004553208, 0.00037909552, 0.0003414456, 0.00026491322, 0.00018502558, 0.00014396259, 6.086534e-05, -2.1449141e-05, -6.161737e-05, -0.00014028924, -0.00022004951, -0.00031123596, -0.0003664864, -0.00050879945, -0.000694206, 0, 0, 0, 0, 0, 0, 0, 0, 0, 0
0, 0, 0, 0, 0, 0, 0, 0, 0, 0, 0, -0.0007002007, -0.0005017216, -0.00034491863, -0.00028172665, -0.00017538428, -8.460866e-05, -1.2424076e-06, 3.9044295e-05, 0.000118591925, 0.0001994431, 0.00024140353, 0.00033030976, 0.00042693474, 0.0004779794, 0.0005838309, 0.0006914158, 0.00079697155, 0.0008482158, 0.00094667205, 0.0010400163, 0.0010853423, 0.0011753663, 0.0012682816, 0.0013679824, 0.0014211249, 0.0015337355, 0.0016524032, 0.0017129538, 0.001834604, 0.0019556263, 0.0020158165, 0.0021356212, 0.0022554977, 0.0023763855, 0.002437342, 0.002559769, 0.0026810395, 0.0027400695, 0.0028519058, 0.002952394, 0.0030397044, 0.0030788118, 0.0031499532, 0.0032152443, 0.0032471376, 0.003311891, 0.003380427, 0.0034166197, 0.0034928715, 0.0035729131, 0.003654102, 0.0036943117, 0.0037730092, 0.003848848, 0.0038855725, 0.003956229, 0.0040211836, 0.0040767677, 0.004099737, 0.0041334922, 0.0041486286, 0.0041487827, 0.004134979, 0.0041058487, 0.0040674885, 0.004047409, 0.004010019, 0.003980898, 0.003970221, 0.0039558006, 0.0039469763, 0.0039428645, 0.003931489, 0.003911503, 0.003879267, 0.0038579511, 0.0038049675, 0.0037396534, 0.003703116, 0.0036236893, 0.003537223, 0.003444266, 0.0033953432, 0.003293013, 0.0031856853, 0.0031307696, 0.003020408, 0.0029111758, 0.002857721, 0.0027537707, 0.0026542647, 0.0025583971, 0.002511237, 0.0024166147, 0.0023191588, 0.0022687537, 0.0021643743, 0.0020561272, 0.0019458552, 0.0018904299, 0.0017792472, 0.0016673307, 0.0016107237, 0.0014951564, 0.0013750362, 0.0013128193, 0.0011845168, 0.0010532164, 0.00092377054, 0.00086179195, 0.0007468409, 0.0006467523, 0.00060238264, 0.0005229484, 0.00045148536, 0.0003814988, 0.00034521733, 0.00026746327, 0.0001816042, 0.00013602525, 4.239817e-05, -5.0577237e-05, -9.549272e-05, -0.00018094578, -0.00026401115, -0.0003559646, -0.00041016232, -0.00053380645, 0, 0, 0, 0, 0, 0, 0, 0, 0, 0, 0
0, 0, 0, 0, 0, 0, 0, 0, 0, 0, 0, 0, -0.00051119, -0.00036549265, -0.0002974415, -0.00017820245, -7.556558e-05, 1.642535e-05, 5.9299113e-05, 0.00014065857, 0.00021890178, 0.0002583484, 0.00034044063, 0.0004292479, 0.00047637313, 0.0005748588, 0.00067668717, 0.00077864225, 0.00082891877, 0.0009266548, 0.0010198198, 0.0010646477, 0.0011519735, 0.0012380701, 0.0013253912, 0.0013699974, 0.0014607545, 0.0015520559, 0.0015973301, 0.0016857703, 0.001771387, 0.0018133204, 0.0018959794, 0.0019780535, 0.0020605389, 0.0021021706, 0.00218606, 0.0022695686, 0.0023102993, 0.0023874769, 0.0024570967, 0.0025184643, 0.0025467626, 0.002600757, 0.0026544188, 0.0026821373, 0.0027402658, 0.0028019976, 0.0028337021, 0.0028972246, 0.0029578898, 0.003012288, 0.0030362792, 0.003077667, 0.0031116584, 0.0031267584, 0.0031552445, 0.0031829076, 0.0032097162, 0.0032223428, 0.0032445628, 0.0032603133, 0.0032649601, 0.00326681, 0.0032589324, 0.0032432408, 0.0032337739, 0.0032146305, 0.003198354, 0.0031919542, 0.0031823032, 0.0031745546, 0.0031702847, 0.0031589381, 0.0031416223, 0.003116702, 0.0031010709, 0.0030636147, 0.0030194472, 0.002995542, 0.0029453773, 0.002893026, 0.0028380447, 0.0028091343, 0.0027476666, 0.002681163, 0.0026463147, 0.0025744736, 0.0025015941, 0.0024653526, 0.002394082, 0.002325061, 0.002258181, 0.0022250472, 0.0021574015, 0.002085235, 0.0020466393, 0.0019638787, 0.0018748534, 0.0017816764, 0.0017343523, 0.0016393156, 0.0015443775, 0.0014970489, 0.0014022168, 0.001306091, 0.0012570055, 0.0011565153, 0.0010536874, 0.00095131923, 0.0009015621, 0.00080691813, 0.00072019617, 0.00067944854, 0.0006013672, 0.0005241874, 0.00044376755, 0.00040129933, 0.00031086407, 0.00021349391, 0.00016296457, 6.140542e-05, -3.6989695e-05, -8.376904e-05, -0.00017247707, -0.00025931824, -0.00035691538, -0.00041469285, -0.0005464252, 0, 0, 0, 0, 0, 0, 0, 0, 0, 0, 0
0, 0, 0, 0, 0, 0, 0, 0, 0, 0, 0, 0, -0.000521625, -0.00035386087, -0.00027286907, -0.00012708925, 1.4336613e-06, 0.00011790178, 0.00017238823, 0.00027435567, 0.00036808464, 0.00041233018, 0.00049743673, 0.00058003474, 0.0006212399, 0.00070491876, 0.00079092913, 0.0008793567, 0.0009241003, 0.0010138729, 0.0011024465, 0.0011456888, 0.0012292085, 0.0013078867, 0.0013808102, 0.0014150174, 0.0014789546, 0.0015372164, 0.0015642393, 0.0016142087, 0.0016587065, 0.0016790666, 0.001715796, 0.0017474055, 0.0017743588, 0.0017864561, 0.0018087745, 0.0018299195, 0.0018407587, 0.0018642355, 0.0018912785, 0.0019226938, 0.0019400711, 0.001977426, 0.0020169867, 0.0020368532, 0.0020750223, 0.0021083017, 0.0021221682, 0.0021428878, 0.0021530981, 0.002152228, 0.0021477619, 0.0021317482, 0.002108374, 0.002095012, 0.0020680034, 0.0020445876, 0.0020290504, 0.0020252096, 0.0020264436, 0.0020396137, 0.002050318, 0.002077895, 0.0021097274, 0.002140322, 0.0021534304, 0.0021725236, 0.0021802138, 0.0021795218, 0.0021693744, 0.0021494327, 0.0021367904, 0.0021086186, 0.0020802803, 0.00205543, 0.0020450086, 0.0020288462, 0.0020188568, 0.0020160538, 0.0020141783, 0.0020159967, 0.0020193816, 0.0020209034, 0.0020223965, 0.0020207136, 0.0020183919, 0.002010426, 0.0019972415, 0.0019884494, 0.0019663067, 0.0019379191, 0.0019038583, 0.0018849741, 0.001843854, 0.0017988861, 0.0017752093, 0.0017261409, 0.0016753069, 0.0016230611, 0.0015963636, 0.0015418535, 0.0014865022, 0.00145882, 0.0014043635, 0.001351527, 0.0013258242, 0.0012748552, 0.0012230744, 0.0011676939, 0.0011376046, 0.0010706906, 0.0009928135, 0.0009496024, 0.0008549856, 0.000752162, 0.00064481364, 0.0005906836, 0.00048367179, 0.0003804935, 0.00033089504, 0.00023574574, 0.0001448022, 9.98573e-05, 6.9945086e-06, -9.725887e-05, -0.0002250806, -0.00030108163, -0.00046606472, 0, 0, 0, 0, 0, 0, 0, 0, 0, 0, 0
0, 0, 0, 0, 0, 0, 0, 0, 0, 0, 0, 0, -0.00046786273, -0.00029233666, -0.00020663021, -5.2222786e-05, 8.419238e-05, 0.00020970088, 0.0002694449, 0.00038385106, 0.00049108197, 0.0005418474, 0.0006377661, 0.0007272493, 0.00077020563, 0.00085414056, 0.00093686307, 0.001018871, 0.0010594921, 0.0011392572, 0.0012162706, 0.0012534179, 0.0013244391, 0.0013909732, 0.0014526335, 0.0014818503, 0.0015376576, 0.0015908503, 0.0016167304, 0.0016666777, 0.0017131605, 0.0017346261, 0.0017732395, 0.0018055206, 0.001831472, 0.0018422403, 0.0018598927, 0.001874026, 0.0018805555, 0.0018945865, 0.0019106988, 0.0019290798, 0.0019384904, 0.0019561457, 0.0019702527, 0.001975374, 0.00198126, 0.0019816186, 0.0019798477, 0.001973597, 0.0019656043, 0.0019578063, 0.001954369, 0.0019483812, 0.0019424955, 0.0019391292, 0.0019310861, 0.0019214336, 0.0019116258, 0.0019071458, 0.0019007024, 0.001899248, 0.0019008884, 0.0019091864, 0.0019231125, 0.0019395725, 0.0019474416, 0.0019598168, 0.0019653083, 0.0019651775, 0.001959517, 0.0019485177, 0.0019420359, 0.0019293217, 0.0019194914, 0.0019145655, 0.0019141398, 0.0019168004, 0.0019222575, 0.0019253659, 0.0019310926, 0.0019353968, 0.0019378794, 0.0019385628, 0.0019394335, 0.0019399064, 0.0019399263, 0.001938764, 0.0019343776, 0.0019303395, 0.0019175855, 0.001898384, 0.001873642, 0.0018598607, 0.0018307193, 0.0018015489, 0.0017874064, 0.0017602184, 0.0017332424, 0.0017039528, 0.0016875435, 0.0016498562, 0.0016056005, 0.0015812615, 0.0015296534, 0.0014761136, 0.0014491765, 0.0013952986, 0.0013406702, 0.0012828385, 0.0012515447, 0.0011816925, 0.0011002849, 0.0010550842, 0.0009575801, 0.00085406896, 0.0007493756, 0.0006977986, 0.0005981331, 0.00050399546, 0.00045863265, 0.00036984376, 0.00027973272, 0.00023227479, 0.00012818992, 5.1059656e-06, -0.00014611897, -0.00023393688, -0.00041765717, 0, 0, 0, 0, 0, 0, 0, 0, 0, 0, 0
0, 0, 0, 0, 0, 0, 0, 0, 0, 0, 0, 0, -0.00038150567, -0.00020419338, -0.0001170201, 3.9401166e-05, 0.00017742386, 0.00030582794, 0.00036800726, 0.0004895027, 0.0006063206, 0.00066243776, 0.00076905615, 0.00086798903, 0.0009147953, 0.0010042989, 0.0010894716, 0.0011707632, 0.0012098342, 0.0012843276, 0.0013533601, 0.0013858636, 0.0014467497, 0.0015028846, 0.001555085, 0.0015803418, 0.0016304783, 0.0016818779, 0.0017084902, 0.0017627229, 0.0018165497, 0.0018422625, 0.0018897858, 0.0019311798, 0.0019659495, 0.0019808689, 0.0020060232, 0.0020258266, 0.0020343547, 0.0020496945, 0.002063321, 0.002074, 0.0020773432, 0.0020781069, 0.0020697461, 0.0020622802, 0.0020422272, 0.0020188168, 0.002007292, 0.0019876813, 0.0019766195, 0.0019774023, 0.0019824768, 0.0020004245, 0.0020244268, 0.002036679, 0.0020579093, 0.0020711066, 0.0020742822, 0.0020720751, 0.0020614234, 0.0020450125, 0.002035892, 0.0020181737, 0.0020039408, 0.0019942608, 0.0019909898, 0.0019869108, 0.001985214, 0.001985194, 0.0019872647, 0.001993027, 0.0019976227, 0.0020104337, 0.0020273554, 0.0020467872, 0.0020566538, 0.0020746414, 0.0020875672, 0.0020913966, 0.00209298, 0.0020873214, 0.0020769127, 0.0020710472, 0.002059875, 0.0020511623, 0.0020478463, 0.0020422018, 0.0020358835, 0.0020316944, 0.0020203337, 0.002004577, 0.0019856135, 0.0019755813, 0.0019557904, 0.0019383841, 0.0019308215, 0.001917347, 0.0019036456, 0.0018852741, 0.001872984, 0.0018402891, 0.0017959331, 0.0017696734, 0.001710546, 0.0016450039, 0.0016107372, 0.0015408741, 0.0014700589, 0.0013981467, 0.0013609701, 0.0012828817, 0.0011978876, 0.0011527572, 0.0010585268, 0.0009618585, 0.0008658541, 0.0008187244, 0.00072675844, 0.0006372114, 0.0005925766, 0.00050070183, 0.00040077354, 0.0003458146, 0.00022243227, 7.647611e-05, -9.707212e-05, -0.00019428757, -0.0003928191, 0, 0, 0, 0, 0, 0, 0, 0, 0, 0, 0
0, 0, 0, 0, 0, 0, 0, 0, 0, 0, 0, 0, -0.00029708882, -0.00012729113, -4.2238466e-05, 0.000112291564, 0.00024943313, 0.0003773855, 0.0004395745, 0.00056180084, 0.0006809725, 0.0007390702, 0.00085110415, 0.0009569148, 0.0010075256, 0.0011046542, 0.0011969128, 0.0012845255, 0.0013265148, 0.0014059414, 0.0014789108, 0.0015129867, 0.0015763933, 0.0016343637, 0.0016882555, 0.001714191, 0.001765776, 0.0018192012, 0.0018469583, 0.001904509, 0.0019625926, 0.0019909267, 0.0020444444, 0.002092776, 0.0021355706, 0.0021549077, 0.0021895585, 0.0022192576, 0.0022324803, 0.0022560968, 0.0022760192, 0.0022907066, 0.00229532, 0.0022977272, 0.0022905637, 0.0022839732, 0.002266927, 0.0022487582, 0.002240765, 0.0022301455, 0.002229933, 0.0022429794, 0.002254503, 0.002285709, 0.0023228333, 0.0023414565, 0.00237462, 0.0023980702, 0.0024091178, 0.0024097143, 0.0024016867, 0.0023832775, 0.0023713082, 0.002344656, 0.002318249, 0.0022954736, 0.0022861727, 0.0022725754, 0.0022667497, 0.0022669602, 0.0022742827, 0.0022904116, 0.0023014047, 0.0023274682, 0.0023560687, 0.0023829516, 0.0023945158, 0.0024116195, 0.0024188284, 0.002418294, 0.0024094402, 0.0023925516, 0.0023713873, 0.0023605023, 0.002340265, 0.002323401, 0.0023162493, 0.0023035803, 0.0022912535, 0.0022846009, 0.0022694694, 0.0022517783, 0.0022320868, 0.0022217259, 0.002200944, 0.0021808534, 0.0021712373, 0.002152043, 0.00213081, 0.0021037373, 0.0020868795, 0.0020451164, 0.00199175, 0.0019609279, 0.0018920187, 0.0018153426, 0.0017749016, 0.0016917316, 0.0016076053, 0.0015240535, 0.001482421, 0.0013984813, 0.0013122672, 0.001268044, 0.001177731, 0.0010858695, 0.0009931698, 0.0009465689, 0.00085233623, 0.0007556197, 0.00070551474, 0.0005994125, 0.00048148513, 0.00041640087, 0.00027185044, 0.00010514337, -8.479175e-05, -0.00018684525, -0.00039098182, 0, 0, 0, 0, 0, 0, 0, 0, 0, 0, 0
0, 0, 0, 0, 0, 0, 0, 0, 0, 0, 0, 0, -0.00026390632, -0.00010943119, -2.5016752e-05, 0.0001340697, 0.00027584037, 0.00040559328, 0.0004675161, 0.0005874369, 0.00070337905, 0.00076013315, 0.0008711991, 0.0009791638, 0.0010319421, 0.0011354049, 0.0012363651, 0.0013347818, 0.0013829023, 0.0014760001, 0.0015640096, 0.0016059245, 0.001685678, 0.0017602444, 0.0018302626, 0.0018637631, 0.0019283548, 0.001990816, 0.0020216207, 0.0020825402, 0.002141825, 0.0021704405, 0.0022250817, 0.0022759635, 0.0023234882, 0.002346212, 0.0023896627, 0.0024304918, 0.0024498862, 0.0024867156, 0.0025209629, 0.0025519934, 0.0025660447, 0.002590716, 0.0026110362, 0.0026198765, 0.002635958, 0.0026512267, 0.0026588957, 0.00267505, 0.002692855, 0.0027129936, 0.0027239555, 0.0027472614, 0.0027707177, 0.0027817755, 0.0028016083, 0.0028172424, 0.0028281547, 0.002831645, 0.002834619, 0.0028319166, 0.002828657, 0.0028191432, 0.002807343, 0.0027953011, 0.0027897747, 0.0027811397, 0.0027771338, 0.0027771946, 0.0027819488, 0.002791912, 0.002798207, 0.002811687, 0.0028235847, 0.0028308344, 0.0028320411, 0.0028288763, 0.0028181463, 0.0028102163, 0.0027905242, 0.0027677007, 0.0027440258, 0.0027324518, 0.0027103156, 0.0026894985, 0.0026793417, 0.0026588596, 0.0026372967, 0.0026256966, 0.0026005972, 0.002572907, 0.0025422026, 0.0025256143, 0.002490187, 0.0024516354, 0.0024312672, 0.0023882645, 0.0023415803, 0.0022900738, 0.0022621213, 0.0022014792, 0.0021345485, 0.0020988404, 0.0020235814, 0.0019435493, 0.0019021009, 0.001817415, 0.0017317117, 0.0016460491, 0.0016032964, 0.001517216, 0.0014293197, 0.0013843824, 0.001291969, 0.001196253, 0.0010966451, 0.0010452418, 0.0009387494, 0.00082649576, 0.00076788635, 0.00064434484, 0.0005100377, 0.0004377627, 0.000280877, 0.000104497914, -9.165942e-05, -0.00019213457, -0.0003471432, 0, 0, 0, 0, 0, 0, 0, 0, 0, 0, 0
0, 0, 0, 0, 0, 0, 0, 0, 0, 0, 0, 0, -0.00030782574, -0.00016481175, -7.337195e-05, 0.00010084688, 0.00025357114, 0.00038905622, 0.00045184733, 0.0005701749, 0.00068174215, 0.00073606556, 0.00084352074, 0.00095055683, 0.001004091, 0.0011115491, 0.0012195976, 0.00132794, 0.0013820446, 0.0014890792, 0.001593571, 0.0016446058, 0.0017444515, 0.0018413378, 0.0019349761, 0.00198017, 0.0020663857, 0.0021462468, 0.002183723, 0.0022539713, 0.0023187818, 0.0023495432, 0.002408453, 0.0024652896, 0.002521659, 0.0025499715, 0.0026070145, 0.0026638748, 0.0026919146, 0.0027468584, 0.0028001722, 0.0028525596, 0.002878759, 0.0029319283, 0.0029869117, 0.0030151198, 0.0030725624, 0.0031289617, 0.003155707, 0.0032036656, 0.0032413346, 0.0032667543, 0.0032749495, 0.003283398, 0.0032844776, 0.0032836783, 0.0032824748, 0.0032855447, 0.0032951704, 0.003302552, 0.0033215152, 0.0033432916, 0.003354192, 0.0033741647, 0.0033897264, 0.0033997754, 0.0034027665, 0.0034052979, 0.0034043516, 0.0034028876, 0.0033977975, 0.0033892363, 0.0033831422, 0.0033667507, 0.0033444082, 0.0033164553, 0.0033008598, 0.003267716, 0.0032340116, 0.0032177428, 0.0031876261, 0.0031612355, 0.0031374528, 0.0031259987, 0.0031018606, 0.0030745466, 0.0030591777, 0.0030248354, 0.0029858553, 0.002964725, 0.0029197484, 0.002871519, 0.0028200361, 0.0027928343, 0.0027349761, 0.0026715782, 0.0026377328, 0.0025658172, 0.0024891468, 0.002409074, 0.0023681906, 0.002285911, 0.002204295, 0.0021640218, 0.0020845286, 0.0020059065, 0.001966581, 0.0018869739, 0.0018053077, 0.0017206816, 0.0016770447, 0.0015866744, 0.0014918373, 0.0014426245, 0.0013409599, 0.0012348014, 0.0011238374, 0.0010663678, 0.0009472513, 0.00082249456, 0.0007581116, 0.00062515674, 0.00048601071, 0.00041344255, 0.00026030865, 9.188251e-05, -9.517417e-05, -0.00019136527, -0.0003393876, 0, 0, 0, 0, 0, 0, 0, 0, 0, 0, 0
0, 0, 0, 0, 0, 0, 0, 0, 0, 0, 0, 0, -0.0003993498, -0.00024480195, -0.00014828301, 3.470681e-05, 0.00019455119, 0.00033434838, 0.00039822282, 0.0005163342, 0.0006259567, 0.0006791189, 0.0007847849, 0.0008917797, 0.0009459289, 0.001055767, 0.0011671542, 0.0012797648, 0.0013362468, 0.0014489384, 0.0015608909, 0.001616442, 0.0017277607, 0.0018396982, 0.0019520468, 0.002007699, 0.0021157544, 0.0022169505, 0.002264345, 0.0023527157, 0.0024340185, 0.0024727893, 0.0025481705, 0.0026232363, 0.00270004, 0.0027393643, 0.0028197926, 0.0029005832, 0.0029403046, 0.0030171808, 0.003089938, 0.0031600927, 0.0031949824, 0.003266557, 0.0033424436, 0.0033823904, 0.003465435, 0.0035491856, 0.003589561, 0.0036627923, 0.0037208602, 0.003759539, 0.0037714054, 0.0037818658, 0.0037802325, 0.003777509, 0.0037737372, 0.0037781906, 0.0037947586, 0.0038076416, 0.003841051, 0.0038804351, 0.0039006295, 0.0039384123, 0.003968956, 0.0039894525, 0.0039957548, 0.004000805, 0.0039971923, 0.0039923503, 0.0039764894, 0.0039513623, 0.0039350633, 0.0038947733, 0.0038455774, 0.003790226, 0.0037613446, 0.0037037984, 0.0036498522, 0.0036253093, 0.003582147, 0.0035463118, 0.0035139553, 0.0034975102, 0.0034606867, 0.0034157026, 0.0033895802, 0.00333029, 0.0032630884, 0.003227311, 0.003153041, 0.0030772581, 0.0030011474, 0.0029628023, 0.0028844273, 0.0028015138, 0.0027576315, 0.0026644145, 0.002565089, 0.00246225, 0.0024106463, 0.0023093442, 0.0022131144, 0.002167466, 0.0020810354, 0.0019995875, 0.0019597064, 0.0018790155, 0.0017942312, 0.0017028693, 0.0016543898, 0.0015523293, 0.0014446374, 0.001389238, 0.0012764634, 0.0011617686, 0.0010449612, 0.0009854782, 0.00086411025, 0.00073930214, 0.0006756423, 0.0005466498, 0.0004155537, 0.0003489725, 0.00021123547, 6.196479e-05, -0.00010471788, -0.0001913385, -0.00032624506, 0, 0, 0, 0, 0, 0, 0, 0, 0, 0, 0
0, 0, 0, 0, 0, 0, 0, 0, 0, 0, 0, 0, -0.00049205153, -0.00032637294, -0.00023127071, -5.06982e-05, 0.0001066161, 0.00024338269, 0.00030570658, 0.00042170397, 0.00053055753, 0.0005840238, 0.00069124147, 0.00080041215, 0.00085579435, 0.0009672397, 0.0010784836, 0.0011887113, 0.0012433479, 0.0013516572, 0.0014593876, 0.0015135615, 0.0016239788, 0.0017387404, 0.0018584053, 0.0019194435, 0.0020415762, 0.0021608262, 0.0022184297, 0.002329069, 0.0024344735, 0.0024859472, 0.002588037, 0.0026913127, 0.0027974588, 0.0028517405, 0.0029617392, 0.0030708632, 0.003123693, 0.0032237247, 0.0033149149, 0.0033981435, 0.0034378564, 0.0035163297, 0.0035968835, 0.003638952, 0.0037270861, 0.0038187145, 0.0038645575, 0.003952382, 0.004030064, 0.004092644, 0.004117614, 0.0041558715, 0.004182583, 0.004193748, 0.004216308, 0.0042435606, 0.004277835, 0.0042973245, 0.0043388642, 0.004379893, 0.004398608, 0.0044296267, 0.0044494625, 0.004457052, 0.0044566863, 0.004449438, 0.0044357567, 0.004426964, 0.004405319, 0.004376645, 0.004359026, 0.0043160813, 0.004263092, 0.00420172, 0.004168763, 0.0041006557, 0.0040331795, 0.004000843, 0.0039403914, 0.0038847232, 0.0038301293, 0.0038014923, 0.0037379558, 0.0036631727, 0.0036212357, 0.0035289382, 0.0034281851, 0.0033760215, 0.0032709967, 0.0031686798, 0.00307139, 0.003024501, 0.0029324053, 0.0028384808, 0.002789392, 0.002685211, 0.0025733006, 0.0024563705, 0.0023973712, 0.0022812514, 0.002170552, 0.002118016, 0.0020183376, 0.001924098, 0.0018776265, 0.0017831516, 0.001682934, 0.0015749598, 0.0015181811, 0.0014004764, 0.0012803196, 0.0012204276, 0.0011026429, 0.0009884108, 0.0008769842, 0.00082182005, 0.0007111972, 0.00059900864, 0.000542103, 0.0004268564, 0.00031003435, 0.00025068104, 0.00012773582, -6.9827865e-06, -0.00015820403, -0.00023424102, -0.00033831722, 0, 0, 0, 0, 0, 0, 0, 0, 0, 0, 0
0, 0, 0, 0, 0, 0, 0, 0, 0, 0, 0, 0, 0, -0.00040363026, -0.000320878, -0.0001529111, -9.212001e-06, 0.0001134572, 0.00016961592, 0.00027677792, 0.00038151993, 0.0004343315, 0.0005424182, 0.0006536257, 0.0007099812, 0.0008219769, 0.0009309459, 0.0010356458, 0.0010864729, 0.0011862197, 0.0012854241, 0.0013357748, 0.0014400312, 0.0015510983, 0.001669903, 0.0017317423, 0.0018588547, 0.0019877295, 0.0020519807, 0.0021791582, 0.00230489, 0.0023675, 0.0024933964, 0.0026216758, 0.0027534158, 0.0028204625, 0.0029556176, 0.00308886, 0.00315329, 0.0032750238, 0.0033853839, 0.0034841064, 0.0035298672, 0.0036165677, 0.0037006214, 0.0037429382, 0.0038300008, 0.003921147, 0.003967996, 0.0040626577, 0.00415572, 0.0042438125, 0.004285238, 0.0043623364, 0.0044325064, 0.0044655204, 0.004528795, 0.004588712, 0.0046441215, 0.0046692463, 0.00471229, 0.0047428845, 0.0047528157, 0.004761301, 0.0047553456, 0.004738005, 0.0047265696, 0.004701374, 0.0046766917, 0.0046652425, 0.004643764, 0.0046217046, 0.004609089, 0.0045779496, 0.0045363307, 0.0044829543, 0.004451924, 0.004382595, 0.0043063494, 0.004266728, 0.004186544, 0.004105236, 0.0040209536, 0.0039765057, 0.003880884, 0.0037744564, 0.0037170888, 0.0035953764, 0.0034675035, 0.0034028252, 0.0032751665, 0.0031538084, 0.0030409705, 0.0029876027, 0.0028846546, 0.0027821392, 0.002729277, 0.0026180656, 0.0024990286, 0.0023739305, 0.0023101713, 0.0021828592, 0.0020585544, 0.001998232, 0.0018814065, 0.0017681726, 0.0017118095, 0.0015975346, 0.0014787557, 0.0013549683, 0.0012917059, 0.0011648085, 0.0010409802, 0.0009814262, 0.0008682359, 0.0007635448, 0.0006659077, 0.0006188742, 0.0005261896, 0.00043246004, 0.00038438616, 0.0002852522, 0.00018165508, 0.00012768064, 1.2249106e-05, -0.000120658166, -0.00027678898, -0.00035411425, 0, 0, 0, 0, 0, 0, 0, 0, 0, 0, 0, 0
0, 0, 0, 0, 0, 0, 0, 0, 0, 0, 0, 0, 0, -0.000510016, -0.0004268298, -0.00027054697, -0.0001483456, -4.8660444e-05, -2.7113228e-06, 8.7979715e-05, 0.00018164446, 0.00023058458, 0.00033320798, 0.00044073927, 0.00049538916, 0.0006038995, 0.00070858514, 0.00080810906, 0.000856231, 0.00095084374, 0.0010460959, 0.0010950061, 0.0011971162, 0.0013064719, 0.001423422, 0.0014845056, 0.0016106832, 0.0017404691, 0.0018061311, 0.0019381093, 0.002070964, 0.002137816, 0.002273161, 0.002411652, 0.0025539903, 0.0026265215, 0.0027729953, 0.0029190578, 0.0029908183, 0.0031297037, 0.0032602325, 0.0033810732, 0.0034377626, 0.0035447548, 0.0036452103, 0.0036938621, 0.0037900233, 0.0038865434, 0.0039354376, 0.0040349183, 0.004136531, 0.0042397473, 0.0042916057, 0.004394697, 0.0044950424, 0.00454339, 0.004634659, 0.004715918, 0.0047833133, 0.004810769, 0.004851614, 0.0048722182, 0.004875125, 0.0048675663, 0.0048457133, 0.0048152055, 0.0047985464, 0.004766067, 0.0047378545, 0.0047258846, 0.004705735, 0.0046875253, 0.004677539, 0.0046523237, 0.0046161003, 0.0045656464, 0.0045347176, 0.004461893, 0.0043764687, 0.0043300274, 0.0042316616, 0.0041277534, 0.0040186686, 0.0039619696, 0.0038435066, 0.0037177743, 0.0036522597, 0.0035166861, 0.00337756, 0.0033077179, 0.0031697983, 0.0030369172, 0.0029109502, 0.0028504725, 0.0027329158, 0.0026167384, 0.002557887, 0.002436939, 0.0023106907, 0.0021795332, 0.0021125914, 0.0019775801, 0.0018431006, 0.0017767849, 0.0016466107, 0.0015195204, 0.0014566743, 0.0013314978, 0.0012058273, 0.0010800572, 0.0010176358, 0.00089571945, 0.0007799555, 0.00072525983, 0.00062324194, 0.0005312342, 0.0004478386, 0.00040852668, 0.0003319313, 0.00025436954, 0.00021409002, 0.000128707, 3.564789e-05, -1.446974e-05, -0.00012463694, -0.00025723904, -0.00042261096, -0.0005110593, 0, 0, 0, 0, 0, 0, 0, 0, 0, 0, 0, 0
0, 0, 0, 0, 0, 0, 0, 0, 0, 0, 0, 0, 0, -0.0006372603, -0.00054622855, -0.00039608177, -0.00029505324, -0.00021899835, -0.00018391747, -0.000112492875, -3.4972032e-05, 6.620178e-06, 9.506558e-05, 0.00018904163, 0.00023727953, 0.00033412292, 0.00042970374, 0.00052341796, 0.0005699725, 0.0006640751, 0.000761694, 0.0008124725, 0.00091859995, 0.0010305126, 0.0011476047, 0.0012076994, 0.0013302842, 0.0014551836, 0.0015182215, 0.0016453722, 0.0017739242, 0.0018388461, 0.0019705251, 0.0021052673, 0.002243719, 0.0023143634, 0.002457888, 0.0026036028, 0.0026768933, 0.002823634, 0.0029692543, 0.0031118966, 0.003181479, 0.0033159696, 0.0034436248, 0.0035048057, 0.0036222877, 0.0037343197, 0.0037886228, 0.0038948013, 0.0039990796, 0.0041030073, 0.004155044, 0.004258644, 0.0043596434, 0.0044080513, 0.0044982773, 0.00457691, 0.0046409825, 0.0046669296, 0.00470581, 0.00472729, 0.004731972, 0.0047309124, 0.0047191875, 0.004700816, 0.004690164, 0.004667721, 0.0046446673, 0.00463306, 0.0046089794, 0.004581934, 0.004566263, 0.0045284713, 0.0044792714, 0.0044163326, 0.004379456, 0.0042952374, 0.004198517, 0.0041462104, 0.0040354705, 0.003919042, 0.003798867, 0.0037378091, 0.0036139104, 0.003487388, 0.003422886, 0.0032910665, 0.0031555898, 0.0030866992, 0.002947382, 0.0028074663, 0.0026684639, 0.0025996435, 0.002463595, 0.0023291986, 0.002262473, 0.0021291277, 0.001994879, 0.0018590431, 0.0017904418, 0.0016523926, 0.001514997, 0.0014472337, 0.0013149566, 0.0011881366, 0.0011268706, 0.001008172, 0.00089391053, 0.0007832271, 0.00072918175, 0.000624207, 0.000523984, 0.0004760424, 0.00038564668, 0.00030317047, 0.00022853263, 0.00019362752, 0.00012656316, 5.9770835e-05, 2.5244752e-05, -4.810333e-05, -0.00012912365, -0.00017337318, -0.0002727191, -0.00039636402, -0.0005614186, -0.0006625335, 0, 0, 0, 0, 0, 0, 0, 0, 0, 0, 0, 0
0, 0, 0, 0, 0, 0, 0, 0, 0, 0, 0, 0, 0, -0.0007627722, -0.0006564122, -0.0005108092, -0.00042598738, -0.00036697183, -0.00033999677, -0.0002841938, -0.00022296445, -0.00019028562, -0.000121551115, -4.9286064e-05, -1.2224196e-05, 6.370004e-05, 0.0001423244, 0.00022491445, 0.00026829643, 0.0003603057, 0.00046000877, 0.00051256263, 0.00062215136, 0.00073592085, 0.00085155066, 0.0009096132, 0.0010259661, 0.0011427483, 0.001201569, 0.0013205966, 0.0014420071, 0.0015037529, 0.0016291997, 0.0017572585, 0.0018876523, 0.0019536077, 0.0020869977, 0.002222786, 0.0022919646, 0.002433798, 0.0025806928, 0.002731811, 0.0028082859, 0.0029608721, 0.0031100768, 0.0031824107, 0.0033210039, 0.0034502265, 0.0035109418, 0.0036244213, 0.0037282214, 0.0038240426, 0.003869549, 0.003955985, 0.0040361458, 0.004073463, 0.0041417405, 0.0042013987, 0.00425288, 0.0042757452, 0.0043159113, 0.004349076, 0.004363079, 0.0043861335, 0.0044027655, 0.0044120885, 0.004413556, 0.004408753, 0.0043924046, 0.004379638, 0.0043451553, 0.0042991876, 0.0042721666, 0.0042101764, 0.0041378182, 0.00405543, 0.004010598, 0.003914237, 0.0038099012, 0.0037551427, 0.003641649, 0.0035248469, 0.003406978, 0.0033481894, 0.0032314232, 0.003114615, 0.0030555385, 0.0029344684, 0.002807448, 0.0027413638, 0.0026037786, 0.0024598737, 0.0023116097, 0.0022366694, 0.0020869598, 0.001939727, 0.0018676672, 0.0017265345, 0.0015887507, 0.0014526406, 0.0013849104, 0.0012504434, 0.0011187288, 0.0010547742, 0.00093207613, 0.00081811287, 0.0007646011, 0.00066417723, 0.0005711971, 0.00048301482, 0.00043997928, 0.00035465203, 0.00026985668, 0.00022789724, 0.00014605759, 6.879401e-05, -2.2601498e-06, -3.521608e-05, -9.715456e-05, -0.00015552127, -0.0001843228, -0.00024294193, -0.00030560655, -0.00033977194, -0.0004182772, -0.00052069896, -0.00065047987, -0.00070417474, 0, 0, 0, 0, 0, 0, 0, 0, 0, 0, 0, 0
0, 0, 0, 0, 0, 0, 0, 0, 0, 0, 0, 0, 0, -0.00076194684, -0.0007108528, -0.0006003947, -0.0005278454, -0.00047800798, -0.0004555063, -0.00040961595, -0.0003611478, -0.00033620282, -0.0002862556, -0.00023665829, -0.00021182594, -0.0001606106, -0.00010446095, -3.9830265e-05, -3.3313474e-06, 7.8528814e-05, 0.00017175775, 0.00022173101, 0.0003264205, 0.00043418433, 0.00054200314, 0.0005953758, 0.00070118875, 0.0008072289, 0.0008610563, 0.00097190205, 0.0010879838, 0.0011480658, 0.0012717777, 0.0013981746, 0.0015250599, 0.0015880482, 0.0017126926, 0.0018361027, 0.0018980504, 0.0020244254, 0.0021563533, 0.0022955835, 0.0023677351, 0.0025154173, 0.002664634, 0.0027384951, 0.002882103, 0.0030169424, 0.003079982, 0.0031957855, 0.003297387, 0.0033854325, 0.003424829, 0.0034955542, 0.003556472, 0.0035837782, 0.00363316, 0.0036775675, 0.0037199613, 0.0037412457, 0.003784765, 0.003829387, 0.0038517222, 0.0038947817, 0.0039328276, 0.0039611305, 0.0039700386, 0.003974506, 0.0039588544, 0.0039433665, 0.0038981715, 0.003836886, 0.0038014965, 0.003723427, 0.0036381127, 0.0035477213, 0.0035009836, 0.0034048362, 0.0033051185, 0.0032539142, 0.003148829, 0.0030410888, 0.0029322123, 0.0028777577, 0.0027688695, 0.0026591185, 0.002603189, 0.0024874895, 0.0023648157, 0.002300413, 0.0021654135, 0.0020231104, 0.0018759624, 0.0018016238, 0.0016536606, 0.0015094492, 0.0014394342, 0.0013036696, 0.0011726277, 0.00104474, 0.0009817331, 0.0008578265, 0.0007381936, 0.0006807385, 0.0005719502, 0.00047266408, 0.00042697764, 0.00034262222, 0.0002663014, 0.00019479459, 0.00015957419, 8.836084e-05, 1.4727677e-05, -2.2869124e-05, -9.822327e-05, -0.00017094177, -0.00023785593, -0.0002684197, -0.0003232377, -0.0003701902, -0.00039120525, -0.00043024353, -0.00046885043, -0.000490033, -0.00054342096, -0.0006259073, -0.0007491793, -0.00080845295, 0, 0, 0, 0, 0, 0, 0, 0, 0, 0, 0, 0
0, 0, 0, 0, 0, 0, 0, 0, 0, 0, 0, 0, 0, -0.00085370295, -0.0007947358, -0.0006790368, -0.00060758606, -0.0005613572, -0.0005413263, -0.0005018776, -0.00046199563, -0.00044229705, -0.00040461417, -0.00036992674, -0.00035348258, -0.00032049912, -0.00028374375, -0.00023831251, -0.00021111635, -0.00014674627, -7.002558e-05, -2.7956754e-05, 6.1196435e-05, 0.00015362313, 0.00024631887, 0.0002922295, 0.0003834046, 0.00047565287, 0.00052323844, 0.0006237451, 0.0007330829, 0.00079121196, 0.000913263, 0.0010395917, 0.0011660644, 0.0012280998, 0.0013482347, 0.0014623452, 0.0015174181, 0.0016254813, 0.0017337712, 0.0018461575, 0.001904509, 0.0020255244, 0.0021509824, 0.0022144604, 0.0023406467, 0.002462431, 0.0025204394, 0.0026289776, 0.0027260392, 0.0028110973, 0.002849301, 0.002917874, 0.0029775642, 0.0030045807, 0.003054157, 0.0030995712, 0.0031430654, 0.0031647116, 0.003208277, 0.0032518108, 0.0032731444, 0.0033131302, 0.0033465328, 0.0033691411, 0.0033749195, 0.003373375, 0.0033529582, 0.0033358498, 0.0032894183, 0.0032298828, 0.0031965473, 0.0031252531, 0.003050355, 0.0029736392, 0.0029347874, 0.0028558222, 0.0027740297, 0.0027315638, 0.0026427847, 0.0025483894, 0.0024490368, 0.0023977032, 0.0022920999, 0.0021826795, 0.0021263629, 0.0020101417, 0.0018888412, 0.0018263293, 0.001697998, 0.0015665459, 0.0014341922, 0.0013683964, 0.0012394068, 0.001115306, 0.001055198, 0.0009387381, 0.00082577515, 0.00071476295, 0.0006597511, 0.00055109325, 0.0004452069, 0.0003938817, 0.0002955577, 0.00020432813, 0.0001618152, 8.3239865e-05, 1.2265807e-05, -5.3546795e-05, -8.56011e-05, -0.00015010539, -0.00021640332, -0.00025012472, -0.0003175506, -0.00038188018, -0.0004392741, -0.0004644347, -0.0005068163, -0.0005380543, -0.0005500239, -0.000569004, -0.0005860987, -0.0005967388, -0.0006314164, -0.0007026284, -0.00082848215, -0.0008931824, 0, 0, 0, 0, 0, 0, 0, 0, 0, 0, 0, 0
0, 0, 0, 0, 0, 0, 0, 0, 0, 0, 0, 0, 0, -0.00094417523, -0.0008774339, -0.00074892136, -0.0006741387, -0.0006305174, -0.00061299687, -0.0005797484, -0.00054599385, -0.0005288951, -0.0004952121, -0.00046362396, -0.00044875446, -0.00042043053, -0.0003915525, -0.00035805246, -0.00033831428, -0.00029139855, -0.00023444602, -0.00020261957, -0.00013375482, -6.0333572e-05, 1.50537135e-05, 5.2946165e-05, 0.00012881655, 0.0002059739, 0.00024604294, 0.00033170226, 0.0004270899, 0.00047887757, 0.00058950705, 0.0007068352, 0.0008262367, 0.00088535825, 0.000999696, 0.0011064841, 0.001156421, 0.0012497915, 0.001336618, 0.001421065, 0.0014635494, 0.0015507359, 0.001641507, 0.0016881226, 0.0017829371, 0.0018780179, 0.0019249875, 0.0020167974, 0.0021042766, 0.0021867366, 0.0022260116, 0.0023007889, 0.002370875, 0.002404082, 0.002466465, 0.0025226856, 0.0025715965, 0.0025931397, 0.0026299343, 0.0026583911, 0.0026693982, 0.0026850982, 0.0026922172, 0.0026907348, 0.0026866393, 0.0026719207, 0.002648806, 0.0026343968, 0.0026006417, 0.0025615727, 0.0025404026, 0.0024959121, 0.0024490752, 0.0024000083, 0.0023743748, 0.002319929, 0.002259788, 0.0022269723, 0.0021551473, 0.0020743827, 0.0019849467, 0.0019371823, 0.0018365186, 0.001730221, 0.0016755554, 0.001564233, 0.0014514008, 0.0013948823, 0.0012824498, 0.0011717768, 0.0010640727, 0.001011703, 0.0009105654, 0.0008141066, 0.00076730235, 0.00067559106, 0.00058495457, 0.0004937728, 0.00044776802, 0.00035473605, 0.0002610847, 0.00021449363, 0.00012271672, 3.4792633e-05, -7.067284e-06, -8.552165e-05, -0.00015683922, -0.00022237684, -0.00025369853, -0.00031469727, -0.00037442314, -0.0004036926, -0.0004600296, -0.0005111551, -0.0005542413, -0.00057213625, -0.0005997806, -0.0006170637, -0.0006226111, -0.00063022185, -0.00063901005, -0.00064678676, -0.000678769, -0.00075302325, -0.0008888049, -0.00095883687, 0, 0, 0, 0, 0, 0, 0, 0, 0, 0, 0, 0
0, 0, 0, 0, 0, 0, 0, 0, 0, 0, 0, 0, 0, -0.0010230172, -0.00094765105, -0.00080166856, -0.0007209236, -0.00067993044, -0.00066541176, -0.00063861435, -0.00060920994, -0.0005928271, -0.000556978, -0.0005192354, -0.0005005709, -0.0004648253, -0.0004315932, -0.00039890435, -0.00038185992, -0.00034449997, -0.0003011628, -0.0002769736, -0.00022354309, -0.0001641507, -0.000100714045, -6.827576e-05, -3.078716e-06, 6.177921e-05, 9.445903e-05, 0.00016228948, 0.00023583737, 0.00027555926, 0.00036105388, 0.0004538903, 0.00055165746, 0.0006014255, 0.0007003343, 0.0007949197, 0.0008393789, 0.00092131156, 0.0009942012, 0.0010602756, 0.001091939, 0.0011542926, 0.0012171636, 0.0012491668, 0.0013143537, 0.0013813126, 0.0014153644, 0.0014842747, 0.0015540861, 0.001624356, 0.0016596585, 0.0017304027, 0.001800925, 0.0018356487, 0.0019022011, 0.0019616145, 0.0020098037, 0.0020287428, 0.0020548378, 0.0020654232, 0.0020653333, 0.0020562727, 0.0020387024, 0.0020169185, 0.0020056842, 0.0019847634, 0.0019672592, 0.0019599395, 0.0019471578, 0.0019351887, 0.001928713, 0.0019133895, 0.0018936429, 0.0018678538, 0.0018523175, 0.0018152731, 0.001769747, 0.0017438072, 0.0016855889, 0.0016192491, 0.0015453479, 0.0015057334, 0.0014221339, 0.0013341759, 0.0012891869, 0.0011987251, 0.0011090107, 0.0010647721, 0.0009781475, 0.00089433003, 0.0008138479, 0.00077480817, 0.0006992368, 0.00062612357, 0.00059001974, 0.0005179048, 0.0004445753, 0.00036903657, 0.00033025345, 0.00025056693, 0.00016852237, 0.00012706315, 4.4190758e-05, -3.6357415e-05, -7.509128e-05, -0.00014843892, -0.00021622541, -0.00027908187, -0.00030883087, -0.000365345, -0.00041781386, -0.0004422739, -0.00048702606, -0.0005251682, -0.000555743, -0.0005680836, -0.00058705366, -0.00060025614, -0.0006057818, -0.0006173381, -0.000635046, -0.00064881815, -0.0006956945, -0.000789614, -0.00094989256, -0.0010296062, 0, 0, 0, 0, 0, 0, 0, 0, 0, 0, 0, 0
0, 0, 0, 0, 0, 0, 0, 0, 0, 0, 0, 0, 0, -0.0011064255, -0.0010059275, -0.0008196067, -0.00072538183, -0.00068395137, -0.0006709554, -0.0006476313, -0.00061950664, -0.00060226227, -0.00056157814, -0.00051503425, -0.0004909768, -0.00044403318, -0.00040086167, -0.00036161297, -0.00034285834, -0.00030535864, -0.0002650774, -0.00024312084, -0.00019440944, -0.00013899618, -7.849203e-05, -4.7317524e-05, 1.43041625e-05, 7.238916e-05, 9.968882e-05, 0.00015145738, 0.00020171654, 0.00022719118, 0.0002808051, 0.00033928562, 0.00040367703, 0.00043802275, 0.0005096574, 0.00058252405, 0.0006182567, 0.00068626343, 0.0007484807, 0.00080507476, 0.0008317179, 0.0008827332, 0.00093154935, 0.0009554659, 0.0010022137, 0.0010478693, 0.0010702924, 0.0011143691, 0.0011576635, 0.0012008088, 0.0012226652, 0.0012675839, 0.001314651, 0.0013388102, 0.0013868016, 0.0014313847, 0.0014678988, 0.0014818286, 0.0014993154, 0.0015024026, 0.0014990036, 0.00148445, 0.0014637428, 0.0014425411, 0.0014334464, 0.0014207115, 0.0014164535, 0.0014171988, 0.0014222319, 0.001428283, 0.0014302081, 0.0014295654, 0.0014207661, 0.0014027415, 0.0013902163, 0.0013588879, 0.001320616, 0.0012996518, 0.0012552115, 0.0012085252, 0.001160064, 0.0011350543, 0.0010834734, 0.0010299638, 0.001002637, 0.000947247, 0.0008914005, 0.0008632959, 0.00080698205, 0.0007503592, 0.0006935728, 0.0006650898, 0.0006076594, 0.0005489038, 0.0005188988, 0.00045724926, 0.0003934164, 0.00032777342, 0.00029436537, 0.00022666003, 0.00015825995, 0.00012411957, 5.6857458e-05, -7.961408e-06, -3.9268994e-05, -9.9603276e-05, -0.00015737466, -0.00021308464, -0.00024008554, -0.00029160225, -0.0003387665, -0.00036041636, -0.0003994255, -0.00043271805, -0.00046102866, -0.00047358044, -0.00049667386, -0.00051908335, -0.00053114543, -0.0005591234, -0.0005959951, -0.0006201388, -0.0006896722, -0.00081407634, -0.0010253427, -0.0011327591, 0, 0, 0, 0, 0, 0, 0, 0, 0, 0, 0, 0
0, 0, 0, 0, 0, 0, 0, 0, 0, 0, 0, 0, 0, -0.0012308664, -0.0010278077, -0.00077683793, -0.00066845067, -0.0006205245, -0.0006051357, -0.0005773821, -0.00054449134, -0.0005245875, -0.00047772026, -0.00042402593, -0.00039611346, -0.0003410075, -0.00028966783, -0.00024304517, -0.00022105905, -0.00017790194, -0.00013308827, -0.00010917065, -5.6883087e-05, 1.6114009e-06, 6.476111e-05, 9.6821226e-05, 0.0001588396, 0.0002144492, 0.00023887417, 0.00028072618, 0.00031468342, 0.00032963906, 0.00035801352, 0.00038720516, 0.0004202453, 0.00043876935, 0.0004795251, 0.00052418234, 0.0005473713, 0.0005941378, 0.000640145, 0.00068459497, 0.00070622587, 0.0007482079, 0.0007881176, 0.00080712006, 0.0008424267, 0.0008728775, 0.0008858648, 0.0009067827, 0.0009209735, 0.0009297572, 0.00093292614, 0.00093879044, 0.0009464896, 0.0009516867, 0.0009651065, 0.0009818383, 0.000999312, 0.0010073392, 0.0010202259, 0.0010275746, 0.0010290871, 0.0010285091, 0.0010256956, 0.0010238527, 0.0010242685, 0.0010289536, 0.0010386127, 0.0010446438, 0.0010568773, 0.0010656646, 0.0010676114, 0.0010650223, 0.0010531852, 0.0010330626, 0.0010206101, 0.0009931094, 0.0009647585, 0.00095139927, 0.00092759135, 0.0009084022, 0.0008928582, 0.00088594685, 0.0008722309, 0.0008572938, 0.0008488894, 0.00082966185, 0.0008067018, 0.00079372217, 0.00076454895, 0.000731311, 0.00069399894, 0.00067375874, 0.0006299133, 0.00058143545, 0.0005555919, 0.00050141785, 0.0004453303, 0.00038896094, 0.00036107228, 0.000306447, 0.00025383977, 0.00022839967, 0.00017919815, 0.00013185476, 0.00010855187, 6.164978e-05, 1.3485655e-05, -3.63249e-05, -6.162049e-05, -0.00011202596, -0.00016088161, -0.00018442926, -0.00022952184, -0.0002719917, -0.00031252226, -0.00033233396, -0.00037161124, -0.0004122095, -0.00043365895, -0.00048029062, -0.0005349693, -0.00056730985, -0.0006525528, -0.0007974107, -0.0010789287, -0.0012920818, 0, 0, 0, 0, 0, 0, 0, 0, 0, 0, 0, 0
0, 0, 0, 0, 0, 0, 0, 0, 0, 0, 0, 0, 0, 0, -0.00079124136, -0.0006650317, -0.0005619557, -0.0004991587, -0.00047535653, -0.00043171435, -0.00038556926, -0.00036020388, -0.00030454586, -0.00024455946, -0.00021394007, -0.00015382654, -9.711029e-05, -4.4498644e-05, -1.9307523e-05, 3.0622556e-05, 8.187424e-05, 0.00010888861, 0.00016590748, 0.00022710943, 0.00029057832, 0.0003220197, 0.00038201042, 0.00043490762, 0.00045777883, 0.0004959083, 0.00052464934, 0.00053615996, 0.0005554279, 0.0005721746, 0.0005888233, 0.00059747807, 0.0006154339, 0.0006340398, 0.0006434868, 0.0006625455, 0.00068201794, 0.0007019988, 0.000712254, 0.0007333357, 0.00075497647, 0.0007656819, 0.0007854887, 0.0008007393, 0.0008056629, 0.00080831384, 0.0008007945, 0.0007839182, 0.00077279756, 0.00074787484, 0.00072288554, 0.0007116173, 0.00069371425, 0.0006837852, 0.0006822801, 0.0006843975, 0.00069292536, 0.0007055428, 0.0007128188, 0.0007285387, 0.0007457072, 0.0007638219, 0.00077301485, 0.00079123105, 0.0008079935, 0.0008151391, 0.0008255032, 0.0008292144, 0.0008282663, 0.0008210675, 0.00080830586, 0.0007929864, 0.0007855389, 0.00077333534, 0.0007671211, 0.00076685357, 0.0007720001, 0.0007838384, 0.00079958874, 0.0008080449, 0.00082408526, 0.0008371119, 0.00084189273, 0.00084752624, 0.00084745185, 0.00084524846, 0.00083661784, 0.0008226222, 0.0008031687, 0.0007912813, 0.0007630004, 0.00072890776, 0.0007099608, 0.0006694801, 0.0006271216, 0.00058479153, 0.00056399533, 0.00052349316, 0.00048457738, 0.0004655367, 0.00042756065, 0.00038866117, 0.0003684275, 0.00032533723, 0.00027817124, 0.00022666901, 0.00019950657, 0.00014253036, 8.260008e-05, 5.179043e-05, -1.1222661e-05, -7.503467e-05, -0.00013871102, -0.00017007235, -0.00023162892, -0.00029192297, -0.00032199782, -0.0003829695, -0.00044857318, -0.00048522194, -0.00057546445, -0.0007049776, -0.00084951153, 0, 0, 0, 0, 0, 0, 0, 0, 0, 0, 0, 0, 0
0, 0, 0, 0, 0, 0, 0, 0, 0, 0, 0, 0, 0, 0, -0.0007253528, -0.0005840056, -0.0004543041, -0.0003614538, -0.00032319585, -0.00025321112, -0.00018534223, -0.00015110937, -8.164085e-05, -1.1772584e-05, 2.2740078e-05, 9.001846e-05, 0.00015419311, 0.00021523787, 0.00024494386, 0.00030356954, 0.0003622238, 0.00039188899, 0.00045166153, 0.0005112112, 0.0005689652, 0.00059647544, 0.0006481221, 0.0006941555, 0.00071474456, 0.0007513456, 0.0007819725, 0.0007952683, 0.0008185892, 0.00083806907, 0.00085364794, 0.0008596832, 0.0008673766, 0.00086854066, 0.000866709, 0.00085893204, 0.00084727706, 0.00083381595, 0.0008270441, 0.0008146536, 0.0008052371, 0.00080176006, 0.0007967506, 0.0007921766, 0.00078894146, 0.0007784071, 0.0007607381, 0.0007354792, 0.0007203921, 0.0006867361, 0.0006511411, 0.00063368946, 0.00060198945, 0.00057754107, 0.0005626753, 0.0005591385, 0.0005593184, 0.00056778913, 0.00057451363, 0.0005917163, 0.0006121762, 0.00063355925, 0.00064383727, 0.00066222687, 0.0006765219, 0.0006818786, 0.00068900874, 0.0006923211, 0.00069301896, 0.00069398654, 0.0006965488, 0.00070365705, 0.000709743, 0.00072783633, 0.00075385394, 0.00076944823, 0.000804307, 0.000841327, 0.0008773106, 0.00089414837, 0.0009243728, 0.00094965205, 0.0009602574, 0.0009776979, 0.0009906546, 0.0009956758, 0.0010029668, 0.001006603, 0.0010063128, 0.0010044072, 0.0009969147, 0.0009844269, 0.00097651995, 0.00095781276, 0.00093600136, 0.0009114236, 0.00089813827, 0.0008692507, 0.00083704654, 0.000819478, 0.0007809989, 0.00073743914, 0.00071371434, 0.0006622339, 0.0006056632, 0.000544132, 0.0005113577, 0.0004413521, 0.00036490368, 0.0003243089, 0.00023926757, 0.00015103984, 6.266594e-05, 1.9358606e-05, -6.405504e-05, -0.00014274378, -0.00018046689, -0.00025404664, -0.00032975728, -0.00037139232, -0.00047327543, -0.00061930076, -0.0007886427, 0, 0, 0, 0, 0, 0, 0, 0, 0, 0, 0, 0, 0
0, 0, 0, 0, 0, 0, 0, 0, 0, 0, 0, 0, 0, 0, -0.0007261998, -0.000545787, -0.00037748166, -0.00025015615, -0.00019548468, -9.479819e-05, 1.0584032e-07, 4.60502e-05, 0.00013545237, 0.00022133368, 0.0002631096, 0.00034431618, 0.00042300386, 0.0004995665, 0.00053711084, 0.00061037304, 0.0006807718, 0.00071451, 0.0007784094, 0.0008358221, 0.00088589184, 0.00090827415, 0.00094842643, 0.0009841935, 0.0010011393, 0.001033597, 0.0010646373, 0.0010794534, 0.0011072641, 0.0011314198, 0.0011495468, 0.001155491, 0.0011596273, 0.0011518294, 0.0011433881, 0.0011182199, 0.0010840235, 0.0010437033, 0.0010221576, 0.0009786449, 0.0009373824, 0.00091847667, 0.00088499463, 0.00085699285, 0.0008445478, 0.0008212375, 0.00079852314, 0.0007749904, 0.0007625704, 0.0007361246, 0.0007075998, 0.00069287786, 0.0006637451, 0.00063727936, 0.0006158648, 0.0006075743, 0.00059576205, 0.0005900949, 0.0005893088, 0.0005912924, 0.0005967302, 0.00060404366, 0.0006079248, 0.00061539706, 0.0006225687, 0.0006263774, 0.00063576404, 0.00064925756, 0.00065820676, 0.00068156194, 0.0007130753, 0.00075318664, 0.00077624, 0.00082716614, 0.00088217214, 0.00091005245, 0.00096437323, 0.0010140538, 0.0010575571, 0.0010767668, 0.0011106711, 0.00113972, 0.0011529168, 0.0011775468, 0.0012008284, 0.0012123066, 0.0012347882, 0.0012562696, 0.0012757869, 0.0012845071, 0.0012990669, 0.0013096154, 0.0013132028, 0.0013166469, 0.0013141449, 0.0013043628, 0.0012962997, 0.0012733517, 0.0012408929, 0.0012211112, 0.0011746447, 0.0011196455, 0.0010892798, 0.0010240353, 0.00095378736, 0.0008789218, 0.0008396269, 0.00075618306, 0.00066529046, 0.0006169342, 0.00051527936, 0.0004091853, 0.00030196918, 0.0002489103, 0.0001457968, 4.7655645e-05, 5.407919e-07, -9.138518e-05, -0.00018529379, -0.0002363083, -0.00035848326, -0.0005322316, -0.00079833384, 0, 0, 0, 0, 0, 0, 0, 0, 0, 0, 0, 0, 0
0, 0, 0, 0, 0, 0, 0, 0, 0, 0, 0, 0, 0, 0, -0.00079011946, -0.0005285045, -0.0003333264, -0.00017944897, -0.00011079984, 1.8062123e-05, 0.00013978095, 0.00019846685, 0.0003110727, 0.00041793054, 0.00046958294, 0.0005706271, 0.00066994224, 0.0007679534, 0.00081624347, 0.00090985216, 0.0009971904, 0.0010377275, 0.0011109244, 0.0011719541, 0.0012205584, 0.0012406728, 0.0012743331, 0.0013026838, 0.0013158789, 0.0013417436, 0.0013669642, 0.0013790702, 0.0014014555, 0.0014197448, 0.0014317012, 0.0014344825, 0.001432548, 0.0014195145, 0.0014087207, 0.001378971, 0.0013395026, 0.001291892, 0.0012655641, 0.001209511, 0.0011514851, 0.0011227854, 0.0010680166, 0.0010184047, 0.0009960621, 0.0009565637, 0.0009238438, 0.00089720124, 0.0008855318, 0.00086411956, 0.00084308133, 0.0008322436, 0.0008093682, 0.00078549655, 0.00076145516, 0.0007496251, 0.00072693446, 0.00070596073, 0.000696459, 0.000679774, 0.00066664466, 0.0006575772, 0.0006547073, 0.00065278745, 0.00065747125, 0.0006628697, 0.00068118144, 0.0007105852, 0.0007296394, 0.00077594194, 0.0008320528, 0.0008955749, 0.0009290377, 0.0009970292, 0.0010634942, 0.0010950546, 0.0011535359, 0.0012051471, 0.0012502077, 0.0012707672, 0.001309212, 0.0013457397, 0.0013636951, 0.0014001764, 0.0014374856, 0.0014565367, 0.001494941, 0.0015325426, 0.0015678033, 0.0015842015, 0.0016136153, 0.0016380996, 0.0016481127, 0.0016630645, 0.0016696864, 0.001666067, 0.0016598868, 0.0016381453, 0.0016038292, 0.0015820934, 0.0015297376, 0.0014669425, 0.0014321351, 0.0013574498, 0.00127747, 0.0011931563, 0.0011493503, 0.0010576074, 0.00095927704, 0.0009074007, 0.0007983355, 0.00068318023, 0.00056368834, 0.00050289487, 0.00038059687, 0.00025916466, 0.00019915636, 7.9912075e-05, -4.2397674e-05, -0.00010750063, -0.00025264738, -0.00041269572, 0, 0, 0, 0, 0, 0, 0, 0, 0, 0, 0, 0, 0, 0
0, 0, 0, 0, 0, 0, 0, 0, 0, 0, 0, 0, 0, 0, 0, -0.00046877202, -0.0002965449, -0.00012957118, -5.1370633e-05, 9.795832e-05, 0.00024072245, 0.00030974226, 0.00044287666, 0.00056972913, 0.00063119, 0.00075174746, 0.00087070436, 0.0009883204, 0.0010461052, 0.0011576847, 0.0012608058, 0.0013082942, 0.0013933503, 0.001464037, 0.0015204957, 0.0015437726, 0.0015821937, 0.001612396, 0.001625253, 0.0016474058, 0.0016646376, 0.0016712727, 0.0016799072, 0.0016818622, 0.0016772276, 0.0016725084, 0.0016587962, 0.0016397353, 0.0016284263, 0.0016023717, 0.0015711421, 0.0015338603, 0.0015125927, 0.0014642859, 0.0014089528, 0.0013791095, 0.0013167715, 0.0012540553, 0.0012236194, 0.0011669281, 0.001117681, 0.0010768767, 0.00105951, 0.0010293834, 0.0010032213, 0.0009908762, 0.0009664483, 0.0009412878, 0.0009146981, 0.00090085674, 0.0008728325, 0.00084529835, 0.00083230936, 0.00080892333, 0.0007904081, 0.00077842537, 0.0007753793, 0.0007761911, 0.0007877748, 0.00079789036, 0.00082711974, 0.00086771813, 0.0008918156, 0.0009460402, 0.001006142, 0.0010690597, 0.0011005227, 0.0011618742, 0.0012197089, 0.0012471154, 0.0012992857, 0.0013491195, 0.0013982136, 0.0014230061, 0.0014736903, 0.0015260496, 0.0015528162, 0.0016072281, 0.0016614628, 0.0016881403, 0.0017394873, 0.0017867403, 0.0018282718, 0.0018465979, 0.0018778577, 0.0019017601, 0.0019109092, 0.0019232517, 0.0019270389, 0.0019215076, 0.0019149274, 0.0018936015, 0.0018610415, 0.001840386, 0.0017903725, 0.0017294352, 0.001695246, 0.0016204504, 0.0015388555, 0.0014517454, 0.0014063573, 0.0013116028, 0.0012110862, 0.0011582498, 0.0010467721, 0.0009267365, 0.00079789304, 0.00073027145, 0.00058954186, 0.00044389168, 0.00036992982, 0.00022029641, 6.6129476e-05, -1.4582676e-05, -0.00018699227, -0.0003614859, 0, 0, 0, 0, 0, 0, 0, 0, 0, 0, 0, 0, 0, 0
0, 0, 0, 0, 0, 0, 0, 0, 0, 0, 0, 0, 0, 0, 0, -0.00043518562, -0.00025627983, -7.787043e-05, 6.2717927e-06, 0.0001669147, 0.00032040136, 0.00039494853, 0.0005396222, 0.0006788482, 0.0007466992, 0.00087953423, 0.0010094576, 0.0011361091, 0.0011977197, 0.0013154031, 0.0014238145, 0.0014738513, 0.0015650445, 0.0016444345, 0.0017123818, 0.0017422907, 0.001794463, 0.0018366268, 0.0018540268, 0.0018809304, 0.0018965163, 0.0018998927, 0.001897566, 0.0018844722, 0.001863289, 0.0018507864, 0.0018243258, 0.0017984242, 0.0017863057, 0.0017637791, 0.0017421002, 0.0017183622, 0.0017046105, 0.0016712841, 0.0016283309, 0.0016030469, 0.0015456261, 0.0014815326, 0.001448295, 0.0013819542, 0.0013188805, 0.0012614841, 0.001235336, 0.001187768, 0.0011460345, 0.0011270441, 0.0010920399, 0.0010599704, 0.0010301041, 0.0010159566, 0.0009897758, 0.00096748304, 0.0009582293, 0.00094433513, 0.0009370946, 0.0009373333, 0.0009405341, 0.00095361844, 0.00097586017, 0.0009901933, 0.0010244407, 0.001064221, 0.0010854945, 0.0011295337, 0.0011739602, 0.0012175214, 0.0012387498, 0.001280222, 0.0013214541, 0.0013426815, 0.0013881247, 0.0014390525, 0.0014964435, 0.001527507, 0.0015933831, 0.0016626529, 0.0016976409, 0.0017668154, 0.0018322814, 0.0018628857, 0.0019185137, 0.0019654587, 0.0020030444, 0.0020182938, 0.0020417045, 0.0020561388, 0.0020602348, 0.0020629284, 0.0020589093, 0.0020487267, 0.0020414058, 0.0020219076, 0.0019946108, 0.0019776758, 0.001936232, 0.0018842359, 0.0018542237, 0.0017861195, 0.0017084127, 0.0016222906, 0.0015764774, 0.0014799939, 0.0013769538, 0.0013226633, 0.0012076674, 0.0010824965, 0.000945789, 0.0008730852, 0.0007195503, 0.0005571549, 0.0004733174, 0.00030155244, 0.00012315738, 3.0263938e-05, -0.0001645347, -0.00035483393, 0, 0, 0, 0, 0, 0, 0, 0, 0, 0, 0, 0, 0, 0
0, 0, 0, 0, 0, 0, 0, 0, 0, 0, 0, 0, 0, 0, 0, -0.0004089717, -0.00021797855, -3.0468855e-05, 5.631299e-05, 0.00021911426, 0.00037239297, 0.0004467212, 0.0005917944, 0.000732819, 0.00080181716, 0.00093660166, 0.0010662391, 0.0011892942, 0.0012477799, 0.0013577971, 0.0014578452, 0.0015042373, 0.0015906009, 0.0016699616, 0.0017435815, 0.0017783752, 0.0018430843, 0.0018993237, 0.0019234765, 0.0019618056, 0.001985183, 0.0019908133, 0.001990103, 0.0019752495, 0.0019501846, 0.0019353844, 0.001904521, 0.0018753757, 0.0018622715, 0.0018392706, 0.0018191043, 0.0017990934, 0.0017880509, 0.0017619125, 0.0017281793, 0.0017079314, 0.001660788, 0.0016057667, 0.0015761824, 0.0015144466, 0.0014514135, 0.0013891701, 0.0013588754, 0.0013005239, 0.0012465224, 0.0012215761, 0.001176375, 0.0011378183, 0.0011064021, 0.001093568, 0.0010741779, 0.0010635139, 0.0010614111, 0.0010632665, 0.0010718377, 0.0010861311, 0.0010951388, 0.0011166502, 0.0011421058, 0.0011558894, 0.0011844648, 0.0012128783, 0.0012267233, 0.0012533319, 0.0012787014, 0.0013036715, 0.0013164553, 0.0013440868, 0.0013767544, 0.0013958542, 0.0014411513, 0.0014964145, 0.001560547, 0.0015951195, 0.001667337, 0.001740482, 0.0017763979, 0.001844664, 0.0019060874, 0.0019335366, 0.0019814111, 0.0020196321, 0.0020485702, 0.0020596979, 0.002075612, 0.0020832682, 0.0020841672, 0.0020810745, 0.0020725457, 0.002059877, 0.0020522492, 0.0020342928, 0.0020115671, 0.0019977905, 0.0019641013, 0.0019207171, 0.0018947402, 0.0018334036, 0.0017594885, 0.001673547, 0.0016266826, 0.0015263328, 0.001418311, 0.0013616008, 0.001242191, 0.0011137498, 0.00097508007, 0.0009017552, 0.0007473685, 0.00058325543, 0.0004978606, 0.0003205245, 0.00013360559, 3.56458e-05, -0.00017034446, -0.00037011877, 0, 0, 0, 0, 0, 0, 0, 0, 0, 0, 0, 0, 0, 0
0, 0, 0, 0, 0, 0, 0, 0, 0, 0, 0, 0, 0, 0, 0, -0.00041648917, -0.0002159068, -2.4612797e-05, 6.1305334e-05, 0.00021802515, 0.00036226647, 0.00043185565, 0.0005683006, 0.00070222106, 0.0007680281, 0.0008961248, 0.0010173112, 0.0011289767, 0.0011807585, 0.0012759676, 0.001360756, 0.0013998825, 0.0014735145, 0.0015435008, 0.0016118988, 0.0016457719, 0.0017118463, 0.0017732107, 0.0018009199, 0.0018481641, 0.0018821751, 0.0018937876, 0.0019060426, 0.0019048091, 0.0018928848, 0.0018840631, 0.0018629347, 0.0018396553, 0.0018277711, 0.0018039335, 0.0017792592, 0.001752958, 0.0017388812, 0.0017086924, 0.0016754214, 0.001657481, 0.00161942, 0.0015784337, 0.0015570755, 0.0015126364, 0.0014661413, 0.0014173854, 0.0013922735, 0.0013412513, 0.0012908232, 0.001266688, 0.0012221704, 0.0011846875, 0.0011561655, 0.0011456935, 0.0011326643, 0.0011299329, 0.0011319523, 0.001141047, 0.0011545495, 0.0011701583, 0.0011783276, 0.00119483, 0.0012111304, 0.0012191434, 0.0012346267, 0.0012495732, 0.0012570905, 0.0012728653, 0.0012907998, 0.0013120159, 0.0013244457, 0.0013537552, 0.0013905491, 0.0014121201, 0.0014616337, 0.0015183499, 0.0015792889, 0.001610193, 0.0016709886, 0.0017279111, 0.0017543357, 0.0018022823, 0.0018433376, 0.0018613465, 0.0018928898, 0.0019194728, 0.0019418766, 0.0019515215, 0.001967059, 0.0019766446, 0.0019788833, 0.0019779352, 0.0019704218, 0.0019574596, 0.0019493649, 0.0019302411, 0.0019070293, 0.0018935461, 0.0018616185, 0.0018210497, 0.0017966484, 0.0017382117, 0.0016656664, 0.0015792793, 0.001531472, 0.001428522, 0.001318336, 0.0012612748, 0.0011433385, 0.0010200199, 0.0008904519, 0.0008230469, 0.0006821417, 0.0005322219, 0.00045361902, 0.00028824765, 0.000110462934, 1.5680514e-05, -0.00018752019, -0.00038935867, 0, 0, 0, 0, 0, 0, 0, 0, 0, 0, 0, 0, 0, 0
0, 0, 0, 0, 0, 0, 0, 0, 0, 0, 0, 0, 0, 0, 0, -0.0004909409, -0.00028314718, -9.544062e-05, -1.4486396e-05, 0.00012872505, 0.00025766023, 0.00031960953, 0.00044165508, 0.00056251313, 0.0006222689, 0.00073851796, 0.00084752875, 0.0009463563, 0.0009915892, 0.001073548, 0.0011453679, 0.0011781522, 0.0012393187, 0.0012967401, 0.001352807, 0.0013806508, 0.0014358944, 0.0014888209, 0.001513741, 0.0015591027, 0.0015972647, 0.0016133479, 0.0016394373, 0.0016575288, 0.0016679977, 0.0016705187, 0.0016702637, 0.0016630766, 0.00165685, 0.0016388238, 0.0016135783, 0.0015823073, 0.001565078, 0.0015291461, 0.0014936863, 0.0014769002, 0.001445787, 0.0014186774, 0.001406455, 0.0013837876, 0.0013618211, 0.0013383479, 0.0013255312, 0.0012973748, 0.0012665716, 0.0012507127, 0.0012198869, 0.0011922917, 0.001170429, 0.0011621143, 0.0011510416, 0.0011468735, 0.0011468058, 0.0011491238, 0.0011527925, 0.0011561242, 0.0011574181, 0.0011593952, 0.0011610604, 0.001162171, 0.0011657324, 0.0011727575, 0.0011780991, 0.0011934071, 0.0012152797, 0.0012438417, 0.0012605247, 0.0012982162, 0.0013411144, 0.0013640054, 0.0014114659, 0.001458539, 0.0015020409, 0.0015216159, 0.0015557368, 0.0015828452, 0.0015939532, 0.0016122551, 0.0016274032, 0.001634654, 0.0016497348, 0.0016669544, 0.0016862011, 0.0016961659, 0.0017148796, 0.0017292598, 0.0017338941, 0.0017367965, 0.0017305485, 0.0017161111, 0.0017063344, 0.0016827012, 0.001654521, 0.0016387748, 0.0016034405, 0.0015612999, 0.0015368903, 0.0014797735, 0.0014102972, 0.0013282716, 0.0012832166, 0.0011870256, 0.0010857825, 0.0010342217, 0.00092976954, 0.0008236126, 0.00071446586, 0.0006582223, 0.00054087024, 0.00041533445, 0.0003488253, 0.00020717454, 5.146348e-05, -3.3548356e-05, -0.00022177676, -0.00041912263, 0, 0, 0, 0, 0, 0, 0, 0, 0, 0, 0, 0, 0, 0
0, 0, 0, 0, 0, 0, 0, 0, 0, 0, 0, 0, 0, 0, 0, -0.00063772075, -0.0004191389, -0.0002424162, -0.00017095734, -4.8820842e-05, 5.8982987e-05, 0.00011068644, 0.00021309838, 0.00031549996, 0.00036633504, 0.0004659307, 0.0005598938, 0.00064593874, 0.0006855612, 0.00075813354, 0.0008225884, 0.0008520515, 0.0009062454, 0.00095516955, 0.001000162, 0.0010214596, 0.0010620133, 0.0010998463, 0.0011178035, 0.0011517316, 0.0011839103, 0.0011995991, 0.0012305543, 0.0012608293, 0.0012890745, 0.0013017865, 0.0013228974, 0.0013360807, 0.0013389734, 0.0013366417, 0.0013235625, 0.0013013796, 0.0012879292, 0.0012589133, 0.0012304749, 0.0012176936, 0.0011965205, 0.0011821217, 0.0011774772, 0.0011723674, 0.0011708752, 0.0011704107, 0.0011696503, 0.0011661475, 0.0011590282, 0.0011540746, 0.0011421059, 0.0011284525, 0.0011147651, 0.0011083373, 0.0010965518, 0.0010861333, 0.0010812525, 0.0010716742, 0.0010619037, 0.0010518905, 0.001046944, 0.0010376066, 0.001029981, 0.0010273743, 0.0010257396, 0.0010307274, 0.0010361773, 0.0010530902, 0.0010775456, 0.0011079408, 0.0011246839, 0.0011598533, 0.0011950934, 0.0012118022, 0.0012416899, 0.0012649711, 0.0012803598, 0.0012850636, 0.0012892699, 0.0012880851, 0.0012862532, 0.0012817872, 0.0012789357, 0.001279011, 0.0012833902, 0.0012933903, 0.0013073481, 0.0013149681, 0.0013292354, 0.0013391934, 0.001341689, 0.0013402199, 0.0013292555, 0.0013096923, 0.0012972073, 0.0012681717, 0.0012351217, 0.0012173923, 0.001179164, 0.0011367827, 0.0011134067, 0.001061693, 0.0010022761, 0.0009351103, 0.00089901953, 0.00082309317, 0.0007446275, 0.0007049808, 0.0006254857, 0.0005451091, 0.00046224255, 0.00041921792, 0.00032858987, 0.00023020651, 0.00017742788, 6.328312e-05, -6.62771e-05, -0.00013940704, -0.00030755298, -0.00049291615, 0, 0, 0, 0, 0, 0, 0, 0, 0, 0, 0, 0, 0, 0
0, 0, 0, 0, 0, 0, 0, 0, 0, 0, 0, 0, 0, 0, 0, -0.00081686815, -0.00058580615, -0.0004297623, -0.00037182358, -0.0002780411, -0.00019807937, -0.0001599243, -8.427815e-05, -8.2607185e-06, 2.9830439e-05, 0.00010514528, 0.00017781323, 0.00024664868, 0.00027941118, 0.0003414946, 0.00039911832, 0.0004261541, 0.00047665427, 0.0005219734, 0.0005619784, 0.00057996676, 0.00061199075, 0.0006393997, 0.0006517249, 0.00067489775, 0.0006978912, 0.00071002205, 0.0007365288, 0.00076657766, 0.00079923176, 0.00081593473, 0.000848393, 0.0008772638, 0.0008895808, 0.0009090289, 0.0009206553, 0.00092509104, 0.0009250884, 0.0009220118, 0.000916965, 0.00091450784, 0.00091107015, 0.00091078447, 0.0009120442, 0.0009174328, 0.0009260554, 0.0009367561, 0.0009424196, 0.00095339457, 0.00096232834, 0.0009655687, 0.0009690302, 0.000968274, 0.0009638033, 0.00096032856, 0.0009515218, 0.0009405439, 0.0009345325, 0.0009218573, 0.00090933545, 0.0008976318, 0.0008923428, 0.00088294013, 0.0008755975, 0.00087295787, 0.00087062037, 0.0008731795, 0.0008764151, 0.00088645116, 0.0008998828, 0.00091483496, 0.00092221785, 0.0009353084, 0.0009441755, 0.00094629434, 0.0009451415, 0.000936864, 0.0009229599, 0.00091467146, 0.0008970434, 0.0008800048, 0.00087224785, 0.0008589585, 0.00084971095, 0.0008466684, 0.00084368343, 0.00084311195, 0.00084245973, 0.00084130507, 0.0008363061, 0.0008269416, 0.00082038675, 0.00080357946, 0.00078148866, 0.0007548225, 0.0007401777, 0.0007088895, 0.0006759178, 0.0006588666, 0.0006234686, 0.0005861004, 0.00056671584, 0.0005264433, 0.00048421844, 0.00044001747, 0.00041718522, 0.00037024022, 0.00032185717, 0.00029718596, 0.0002467444, 0.00019389471, 0.00013736117, 0.00010719503, 4.259396e-05, -2.9079858e-05, -6.8073285e-05, -0.0001545316, -0.000258928, -0.0003218595, -0.00047512827, -0.0006205809, 0, 0, 0, 0, 0, 0, 0, 0, 0, 0, 0, 0, 0, 0
0, 0, 0, 0, 0, 0, 0, 0, 0, 0, 0, 0, 0, 0, 0, -0.00089212274, -0.00074824155, -0.0006227593, -0.00057951297, -0.00051721197, -0.0004703697, -0.0004490098, -0.000407457, -0.0003660169, -0.00034501482, -0.0003028341, -0.00026011458, -0.00021707197, -0.000195336, -0.00015174621, -0.000108074346, -8.639851e-05, -4.3936296e-05, -3.2889775e-06, 3.4347468e-05, 5.1734183e-05, 8.336822e-05, 0.00011078327, 0.00012317757, 0.00014609832, 0.00016756175, 0.00017821978, 0.00020046742, 0.00022476217, 0.00025213248, 0.0002671529, 0.00029958514, 0.00033518826, 0.00035404484, 0.00039315535, 0.00043330473, 0.00047271495, 0.000491601, 0.0005263568, 0.00055610045, 0.0005688753, 0.0005905786, 0.0006079276, 0.0006153643, 0.0006289181, 0.00064212625, 0.0006565511, 0.00066444033, 0.0006813262, 0.0006986678, 0.000706865, 0.0007212064, 0.000731764, 0.00073810015, 0.0007397387, 0.0007406568, 0.0007393065, 0.000738196, 0.00073585205, 0.0007341656, 0.0007332447, 0.00073289935, 0.0007316752, 0.00072905334, 0.0007271342, 0.00072208315, 0.00071579625, 0.0007121976, 0.0007036848, 0.0006928473, 0.00067884685, 0.0006703564, 0.0006500966, 0.0006246942, 0.0006099194, 0.0005767638, 0.00054045854, 0.0005045941, 0.00048788052, 0.00045844892, 0.00043520945, 0.00042568598, 0.00040986683, 0.0003964346, 0.00038983597, 0.00037488376, 0.00035547244, 0.00032957163, 0.00031421, 0.0002796626, 0.00024248556, 0.00022388755, 0.00018782105, 0.00015392587, 0.00012245735, 0.00010763353, 7.939049e-05, 5.2250783e-05, 3.8721442e-05, 1.1331034e-05, -1.6841865e-05, -3.073713e-05, -5.757877e-05, -8.207992e-05, -0.00010422951, -0.000114608534, -0.00013493428, -0.00015576999, -0.00016669276, -0.00019064984, -0.00021806665, -0.00024989888, -0.0002676092, -0.00030651744, -0.00035052435, -0.0003748841, -0.00043126603, -0.00050883705, -0.0005628955, -0.0007200222, -0.00090771145, 0, 0, 0, 0, 0, 0, 0, 0, 0, 0, 0, 0, 0, 0
0, 0, 0, 0, 0, 0, 0, 0, 0, 0, 0, 0, 0, 0, 0, -0.0011533346, -0.0009536124, -0.00081800105, -0.0007829175, -0.00074866705, -0.0007362966, -0.0007330597, -0.0007288252, -0.0007253037, -0.00072346226, -0.00071859977, -0.00071107893, -0.00070019317, -0.00069322926, -0.0006766354, -0.00065667153, -0.00064548774, -0.0006209075, -0.0005932577, -0.0005631707, -0.0005473828, -0.0005146644, -0.00048084947, -0.0004636837, -0.00042962865, -0.0003970634, -0.00038179083, -0.00035356384, -0.00032801094, -0.00030307568, -0.00028990014, -0.00026010483, -0.00022310253, -0.0002010126, -0.00014925204, -8.804953e-05, -2.013853e-05, 1.483975e-05, 8.335431e-05, 0.00014592953, 0.00017392909, 0.00022220233, 0.00026067896, 0.00027674902, 0.00030434784, 0.0003287505, 0.00035304515, 0.00036574353, 0.00039266347, 0.00042066778, 0.000434412, 0.00046012347, 0.0004822409, 0.00050015055, 0.00050776877, 0.0005211322, 0.0005333414, 0.00053942925, 0.0005520391, 0.0005649669, 0.00057675043, 0.000581437, 0.0005868984, 0.0005854123, 0.00058160385, 0.0005679048, 0.0005464159, 0.00053300685, 0.00050150574, 0.0004644216, 0.0004225689, 0.00040012877, 0.00035252728, 0.00030170605, 0.00027527323, 0.00022129546, 0.0001678282, 0.00011827174, 9.57517e-05, 5.636716e-05, 2.3948929e-05, 9.643702e-06, -1.7196548e-05, -4.501502e-05, -6.052344e-05, -9.6916425e-05, -0.00014224832, -0.0001965522, -0.00022629648, -0.00028799215, -0.00034797672, -0.00037586867, -0.00042530187, -0.00046560043, -0.0004973352, -0.00051058317, -0.0005331749, -0.000552941, -0.0005625339, -0.00058214826, -0.00060245756, -0.0006122977, -0.0006298288, -0.00064303767, -0.0006512319, -0.0006536938, -0.0006560388, -0.00065659994, -0.0006566712, -0.00065773685, -0.0006611844, -0.000667783, -0.00067225564, -0.00068290206, -0.0006954406, -0.0007028317, -0.00072390767, -0.00076805556, -0.0008095423, -0.0009687839, -0.0012535858, 0, 0, 0, 0, 0, 0, 0, 0, 0, 0, 0, 0, 0, 0
0, 0, 0, 0, 0, 0, 0, 0, 0, 0, 0, 0, 0, 0, 0, -0.0015009547, -0.0011641841, -0.0010103609, -0.0009829414, -0.0009757987, -0.0009964362, -0.001010572, -0.0010411408, -0.0010725039, -0.001087681, -0.0011158558, -0.0011397372, -0.0011584183, -0.0011657485, -0.0011770909, -0.001184248, -0.001186268, -0.0011866799, -0.0011806976, -0.0011669173, -0.0011566938, -0.0011289804, -0.0010916019, -0.0010697615, -0.0010217504, -0.0009716562, -0.000947271, -0.00090205384, -0.0008627259, -0.0008280009, -0.0008112585, -0.0007758962, -0.0007339589, -0.0007091084, -0.0006500653, -0.0005785326, -0.00049694686, -0.0004539734, -0.00036748158, -0.00028502228, -0.00024658814, -0.00017668636, -0.00011569642, -8.8010005e-05, -3.638632e-05, 1.2811227e-05, 6.170588e-05, 8.6484884e-05, 0.00013604449, 0.00018401333, 0.00020666637, 0.00024780424, 0.0002824058, 0.00031060175, 0.00032280624, 0.00034488682, 0.00036555095, 0.00037584646, 0.00039644723, 0.0004160557, 0.00043163996, 0.0004369506, 0.00044030897, 0.00043209424, 0.00042332045, 0.0003964898, 0.00035885806, 0.00033678248, 0.00028788054, 0.00023479543, 0.00017915432, 0.00015077794, 9.293645e-05, 3.353242e-05, 3.2530234e-06, -5.8588357e-05, -0.000121003686, -0.00018261265, -0.00021259206, -0.00027027086, -0.0003250332, -0.00035174048, -0.00040530905, -0.0004611417, -0.00049079943, -0.00055463106, -0.00062507525, -0.0007007491, -0.0007394397, -0.00081540964, -0.00088501273, -0.00091620797, -0.0009696311, -0.0010110631, -0.0010419309, -0.0010542106, -0.0010745575, -0.0010920818, -0.0011007099, -0.0011185867, -0.0011368551, -0.0011454832, -0.0011598166, -0.0011683197, -0.0011694003, -0.0011671057, -0.0011574826, -0.0011420392, -0.0011326607, -0.0011120229, -0.0010906641, -0.0010694866, -0.0010589623, -0.0010372286, -0.0010140775, -0.001002545, -0.0009848485, -0.0009921852, -0.0010164343, -0.0011229933, 0, 0, 0, 0, 0, 0, 0, 0, 0, 0, 0, 0, 0, 0, 0
0, 0, 0, 0, 0, 0, 0, 0, 0, 0, 0, 0, 0, 0, 0, 0, -0.0013046208, -0.001198898, -0.0011823418, -0.0011996455, -0.0012494889, -0.0012789258, -0.0013399036, -0.0013992323, -0.0014272231, -0.0014786088, -0.0015228033, -0.0015599913, -0.0015763454, -0.0016062077, -0.0016333375, -0.0016459709, -0.0016684522, -0.0016845464, -0.0016903086, -0.0016881742, -0.0016722371, -0.001639637, -0.0016174499, -0.0015635396, -0.0015014283, -0.001469227, -0.0014058831, -0.001346695, -0.0012920923, -0.0012658242, -0.00121306, -0.0011565802, -0.0011257796, -0.0010576198, -0.0009800657, -0.00089473574, -0.0008502109, -0.0007598232, -0.0006706256, -0.0006271933, -0.0005430559, -0.00046193632, -0.00042189765, -0.0003417635, -0.0002603845, -0.00017819634, -0.00013731739, -5.816358e-05, 1.454627e-05, 4.755873e-05, 0.00010538316, 0.00015177726, 0.00018797691, 0.00020290911, 0.00022877452, 0.00025130156, 0.00026183616, 0.00028150468, 0.0002975816, 0.00030704838, 0.00030826055, 0.00030160247, 0.00028177619, 0.00026679752, 0.00022768829, 0.00017890394, 0.00015215208, 9.653863e-05, 4.073981e-05, -1.4097618e-05, -4.130552e-05, -9.619013e-05, -0.00015385501, -0.00018433633, -0.00024975734, -0.0003217781, -0.0004003885, -0.00044180965, -0.000527575, -0.0006155299, -0.0006598309, -0.0007482207, -0.0008362677, -0.0008801821, -0.0009677919, -0.0010547051, -0.0011395628, -0.0011804587, -0.001257806, -0.0013270747, -0.0013579854, -0.0014119707, -0.001455704, -0.0014906697, -0.0015055904, -0.0015322209, -0.0015564435, -0.001568263, -0.0015914454, -0.001612637, -0.0016217134, -0.001634938, -0.0016393963, -0.0016334541, -0.0016264004, -0.001604301, -0.0015726327, -0.0015536862, -0.0015112214, -0.0014642224, -0.0014137722, -0.0013873037, -0.0013311806, -0.0012710616, -0.0012407484, -0.0011876641, -0.0011732014, -0.0011995895, -0.0013595315, 0, 0, 0, 0, 0, 0, 0, 0, 0, 0, 0, 0, 0, 0, 0
0, 0, 0, 0, 0, 0, 0, 0, 0, 0, 0, 0, 0, 0, 0, 0, -0.0015904472, -0.0014015181, -0.0013721127, -0.0013957575, -0.0014704838, -0.0015141137, -0.0016026344, -0.0016853557, -0.0017229593, -0.001789367, -0.0018439961, -0.0018883572, -0.001907766, -0.0019434002, -0.0019774258, -0.0019943097, -0.0020265833, -0.0020540988, -0.0020721236, -0.0020760274, -0.0020714835, -0.0020486468, -0.002030333, -0.0019815888, -0.0019201853, -0.0018863061, -0.0018148723, -0.0017414612, -0.001667506, -0.0016302511, -0.001554464, -0.0014759, -0.0014351796, -0.0013507272, -0.0012625551, -0.0011719243, -0.0011262267, -0.0010346667, -0.0009432815, -0.00089745724, -0.000804707, -0.0007091613, -0.00065983535, -0.0005575404, -0.00045100984, -0.0003431105, -0.00029008553, -0.00018893222, -9.815146e-05, -5.773194e-05, 1.2220098e-05, 6.778666e-05, 0.000110760535, 0.00012834744, 0.00015773147, 0.00018153623, 0.00019176128, 0.00020876448, 0.00021930254, 0.00022094087, 0.00021755029, 0.0002014029, 0.00017260721, 0.00015372325, 0.000108567205, 5.649845e-05, 2.9137605e-05, -2.5435575e-05, -7.81178e-05, -0.00012902358, -0.00015450422, -0.00020785909, -0.00026753874, -0.00030075706, -0.00037564218, -0.00046288996, -0.00056258385, -0.00061646866, -0.0007301809, -0.00084773696, -0.00090653915, -0.0010216663, -0.0011317842, -0.0011844524, -0.0012846014, -0.0013776153, -0.001463342, -0.0015035735, -0.0015792289, -0.0016486684, -0.0016810984, -0.0017411897, -0.0017950421, -0.0018429843, -0.0018650369, -0.0019059742, -0.0019430167, -0.0019600529, -0.001990419, -0.0020141094, -0.0020226876, -0.0020319137, -0.0020289656, -0.0020129376, -0.001999909, -0.0019641432, -0.00191672, -0.0018890819, -0.0018272029, -0.0017577907, -0.0016816398, -0.0016409681, -0.0015542925, -0.0014615128, -0.0014143989, -0.001329646, -0.001295248, -0.0013257036, -0.0015868268, 0, 0, 0, 0, 0, 0, 0, 0, 0, 0, 0, 0, 0, 0, 0
0, 0, 0, 0, 0, 0, 0, 0, 0, 0, 0, 0, 0, 0, 0, 0, -0.0018489374, -0.0015216692, -0.0014822228, -0.0015205481, -0.001623498, -0.0016817279, -0.0017967366, -0.0019007474, -0.0019468036, -0.00202589, -0.0020880508, -0.0021360526, -0.0021561915, -0.0021917867, -0.0022238384, -0.0022392177, -0.0022679667, -0.0022921285, -0.0023080397, -0.0023117457, -0.0023090919, -0.0022914784, -0.0022769934, -0.0022374226, -0.002185211, -0.0021550658, -0.0020875933, -0.0020119108, -0.0019286504, -0.0018843713, -0.0017908738, -0.0016916965, -0.0016404429, -0.0015358886, -0.0014307991, -0.0013274287, -0.0012768632, -0.0011777938, -0.0010802816, -0.0010314769, -0.0009320532, -0.0008286692, -0.00077505526, -0.00066405203, -0.0005492659, -0.00043421058, -0.00037813486, -0.0002718715, -0.00017677293, -0.00013417535, -5.933191e-05, 2.3873345e-06, 5.2591884e-05, 7.397308e-05, 0.00011070472, 0.00014053483, 0.00015309901, 0.00017297652, 0.00018444746, 0.00018528583, 0.00018127193, 0.00016430358, 0.00013597323, 0.000118022064, 7.574211e-05, 2.7316584e-05, 1.5831397e-06, -5.108734e-05, -0.00010478257, -0.00016044387, -0.00018981221, -0.0002538397, -0.0003272715, -0.00036825056, -0.00045968045, -0.00056380726, -0.0006798217, -0.00074141484, -0.00086886424, -0.0009976882, -0.00106101, -0.0011831536, -0.001297788, -0.0013519233, -0.0014537376, -0.0015476095, -0.001634785, -0.0016765599, -0.0017577567, -0.0018368308, -0.0018756327, -0.001951195, -0.0020228776, -0.0020891821, -0.0021199812, -0.0021762615, -0.0022242845, -0.002244833, -0.002278176, -0.0023000345, -0.002306362, -0.0023092297, -0.0022987183, -0.0022743335, -0.0022570102, -0.0022123915, -0.0021554776, -0.0021227212, -0.0020496296, -0.0019670317, -0.0018750092, -0.001825576, -0.0017195101, -0.0016052786, -0.0015466827, -0.0014365092, -0.0013674867, -0.0013675742, -0.0014472583, 0, 0, 0, 0, 0, 0, 0, 0, 0, 0, 0, 0, 0, 0, 0
0, 0, 0, 0, 0, 0, 0, 0, 0, 0, 0, 0, 0, 0, 0, 0, -0.0015743304, -0.0014856134, -0.0014869816, -0.0015700402, -0.001702217, -0.0017723929, -0.0019074662, -0.0020270688, -0.0020796664, -0.00216984, -0.00224106, -0.0022964068, -0.0023193099, -0.0023577244, -0.0023882492, -0.002400884, -0.0024205816, -0.002431921, -0.0024337987, -0.002430918, -0.0024173064, -0.0023935416, -0.0023781105, -0.0023406253, -0.0022948845, -0.0022687693, -0.002209586, -0.0021398638, -0.0020585996, -0.0020135322, -0.0019148368, -0.0018062185, -0.0017489697, -0.0016306173, -0.0015103517, -0.0013921026, -0.0013344948, -0.0012225033, -0.0011139597, -0.00106049, -0.0009539173, -0.0008468478, -0.00079297787, -0.00068441767, -0.00057581894, -0.00046935675, -0.00041781057, -0.00031998203, -0.00023092417, -0.0001900169, -0.00011515983, -4.9088885e-05, 8.718144e-06, 3.47043e-05, 8.105431e-05, 0.000120326236, 0.00013724329, 0.00016508815, 0.00018370645, 0.00019162415, 0.00019141263, 0.00018274985, 0.00016392436, 0.00015094808, 0.00011796233, 7.619938e-05, 5.21732e-05, -1.6561296e-06, -6.298554e-05, -0.0001321112, -0.00017000343, -0.0002529287, -0.00034545638, -0.0003952095, -0.0005010731, -0.0006145322, -0.0007335352, -0.0007943228, -0.000916131, -0.0010355915, -0.0010935945, -0.0012052862, -0.0013113057, -0.0013624032, -0.0014615228, -0.0015576929, -0.0016524844, -0.0017000069, -0.0017959438, -0.0018927823, -0.0019410037, -0.00203522, -0.0021239682, -0.0022044429, -0.002240828, -0.0023047903, -0.0023558713, -0.002376347, -0.0024073794, -0.002425622, -0.0024302367, -0.0024309743, -0.0024202256, -0.0023973447, -0.002381198, -0.00233925, -0.0022845622, -0.002252649, -0.002180196, -0.0020968667, -0.0020030036, -0.0019521078, -0.0018424427, -0.0017234058, -0.0016618599, -0.001544839, -0.0014700152, -0.0014703303, -0.0015689968, 0, 0, 0, 0, 0, 0, 0, 0, 0, 0, 0, 0, 0, 0, 0
0, 0, 0, 0, 0, 0, 0, 0, 0, 0, 0, 0, 0, 0, 0, 0, -0.0016025602, -0.0015039513, -0.001508456, -0.0016010437, -0.0017407208, -0.0018134108, -0.0019509722, -0.0020718277, -0.002125375, -0.0022188937, -0.0022962373, -0.0023598582, -0.0023870778, -0.002432998, -0.002466972, -0.0024790918, -0.0024929175, -0.0024923875, -0.0024782168, -0.0024665701, -0.0024354546, -0.0023962061, -0.0023743645, -0.002327812, -0.0022782264, -0.0022521187, -0.0021958859, -0.0021317892, -0.002057387, -0.0020158375, -0.0019236187, -0.0018197515, -0.0017638996, -0.0016459234, -0.001522643, -0.0013979846, -0.0013361796, -0.0012146246, -0.0010964103, -0.0010385948, -0.0009256702, -0.000816687, -0.0007638391, -0.0006613687, -0.0005631659, -0.00046931696, -0.00042408542, -0.00033748563, -0.00025616155, -0.00021741832, -0.00014340936, -7.4090945e-05, -1.0379706e-05, 1.9061776e-05, 7.245956e-05, 0.00011820656, 0.00013811911, 0.00017165874, 0.0001963864, 0.00021153167, 0.00021557028, 0.00021647115, 0.0002080786, 0.0002001639, 0.0001761856, 0.00014008809, 0.00011722422, 6.1647464e-05, -6.4526303e-06, -8.606307e-05, -0.00012978882, -0.00022399737, -0.00032521726, -0.00037771044, -0.0004849423, -0.0005934916, -0.00070168613, -0.0007551551, -0.0008599444, -0.0009610634, -0.0010103943, -0.0011072372, -0.0012032611, -0.0012516851, -0.0013500687, -0.0014518099, -0.0015575871, -0.0016120655, -0.001723243, -0.0018348357, -0.0018895377, -0.0019937996, -0.0020882795, -0.0021702119, -0.002206011, -0.0022668748, -0.0023137797, -0.0023323614, -0.0023612648, -0.0023810829, -0.002388157, -0.0023970106, -0.0023978206, -0.0023885802, -0.0023796228, -0.0023519583, -0.0023107168, -0.0022850484, -0.0022240193, -0.002151219, -0.002067728, -0.002022146, -0.0019230664, -0.0018141697, -0.001757434, -0.0016500251, -0.0015892608, -0.0016008031, -0.0017285774, 0, 0, 0, 0, 0, 0, 0, 0, 0, 0, 0, 0, 0, 0, 0
0, 0, 0, 0, 0, 0, 0, 0, 0, 0, 0, 0, 0, 0, 0, 0, -0.0017113357, -0.0015846291, -0.0015766104, -0.0016501707, -0.0017730296, -0.0018367685, -0.00195607, -0.0020598366, -0.0021059057, -0.0021880488, -0.0022592696, -0.002321901, -0.0023500668, -0.0023993878, -0.0024367606, -0.0024498058, -0.0024629754, -0.0024580099, -0.002435839, -0.0024188545, -0.0023752374, -0.0023218533, -0.0022928228, -0.002232603, -0.0021717264, -0.0021413502, -0.0020798547, -0.0020154978, -0.001945587, -0.0019079314, -0.0018265538, -0.0017361902, -0.0016875862, -0.0015836286, -0.0014722229, -0.0013558948, -0.0012967149, -0.0011778371, -0.0010596379, -0.0010014406, -0.00088789046, -0.0007799595, -0.00072860485, -0.00063109165, -0.00053975196, -0.00045349708, -0.00041190712, -0.00033124365, -0.00025360702, -0.00021579157, -0.00014204814, -7.169704e-05, -6.901637e-06, 2.2811482e-05, 7.5829295e-05, 0.00011985241, 0.00013853355, 0.00016967366, 0.00019266192, 0.00020781679, 0.00021251732, 0.0002161182, 0.00021158479, 0.000205679, 0.0001855654, 0.00015288174, 0.00013144882, 7.868047e-05, 1.3906218e-05, -6.0982355e-05, -0.0001015166, -0.00018713665, -0.0002768567, -0.0003224538, -0.0004142898, -0.0005060211, -0.0005970773, -0.0006422428, -0.0007315498, -0.0008199226, -0.00086417526, -0.00095376367, -0.0010464549, -0.0010944665, -0.0011944014, -0.0012998596, -0.0014106106, -0.0014674345, -0.0015818615, -0.0016936187, -0.0017467611, -0.0018450102, -0.00193015, -0.0020013514, -0.0020318893, -0.0020840203, -0.0021261908, -0.0021444699, -0.0021775868, -0.002207937, -0.002222255, -0.0022482537, -0.0022679914, -0.0022780942, -0.0022786327, -0.0022695293, -0.0022460863, -0.0022289434, -0.0021845573, -0.00212823, -0.0020620315, -0.0020254757, -0.0019453225, -0.0018556443, -0.0018084239, -0.0017208041, -0.0016829993, -0.001708086, -0.0018608442, 0, 0, 0, 0, 0, 0, 0, 0, 0, 0, 0, 0, 0, 0, 0
0, 0, 0, 0, 0, 0, 0, 0, 0, 0, 0, 0, 0, 0, 0, 0, -0.0018487624, -0.0016946783, -0.0016698722, -0.0017102949, -0.0018007786, -0.0018485434, -0.0019366838, -0.0020111455, -0.002043531, -0.0021008088, -0.0021508217, -0.0021961753, -0.0022173666, -0.002255997, -0.0022869466, -0.0022983253, -0.0023105377, -0.0023068893, -0.0022868442, -0.0022707882, -0.0022277099, -0.0021721595, -0.0021409488, -0.00207409, -0.00200481, -0.0019700795, -0.0019008879, -0.0018318539, -0.0017618228, -0.0017261653, -0.0016532161, -0.0015768077, -0.001536837, -0.0014524403, -0.001361875, -0.0012655159, -0.0012156261, -0.001113235, -0.0010089715, -0.0009567348, -0.0008535523, -0.0007540666, -0.0007063484, -0.0006147868, -0.0005281369, -0.00044486916, -0.00040428806, -0.0003249916, -0.00024849092, -0.00021136271, -0.00014002867, -7.3932504e-05, -1.5466547e-05, 1.0299154e-05, 5.4320048e-05, 8.83611e-05, 0.0001020206, 0.00012362092, 0.0001385568, 0.00014763055, 0.00015005171, 0.00015042219, 0.00014384897, 0.00013745851, 0.00011781501, 8.8091525e-05, 6.956811e-05, 2.6162932e-05, -2.39444e-05, -7.9173515e-05, -0.00010817382, -0.00016835656, -0.00023112773, -0.00026348, -0.0003305842, -0.000401792, -0.00047760824, -0.0005172098, -0.000599295, -0.000684716, -0.00072854885, -0.0008183481, -0.00091095915, -0.0009583823, -0.0010551168, -0.0011543384, -0.0012554583, -0.0013062394, -0.0014063221, -0.0015011325, -0.0015452125, -0.0016250551, -0.0016931003, -0.0017506987, -0.0017762055, -0.0018225355, -0.0018654729, -0.0018867315, -0.0019303854, -0.0019757843, -0.0019985975, -0.0020416693, -0.002077565, -0.0021021026, -0.0021094198, -0.0021137383, -0.002104029, -0.0020942113, -0.0020655189, -0.002026449, -0.001979276, -0.0019528443, -0.0018941493, -0.0018271236, -0.0017921418, -0.0017329587, -0.0017343345, -0.001784348, -0.001982977, 0, 0, 0, 0, 0, 0, 0, 0, 0, 0, 0, 0, 0, 0, 0
0, 0, 0, 0, 0, 0, 0, 0, 0, 0, 0, 0, 0, 0, 0, 0, -0.0020109522, -0.0018055587, -0.0017513047, -0.0017417386, -0.0017935416, -0.0018248222, -0.0018832196, -0.0019302167, -0.0019491964, -0.0019791478, -0.0020008902, -0.002017542, -0.0020249225, -0.0020382355, -0.0020494922, -0.0020537716, -0.0020580192, -0.0020541686, -0.0020403662, -0.0020291547, -0.0019975142, -0.0019533823, -0.0019269856, -0.0018670623, -0.0018008349, -0.0017662806, -0.0016960603, -0.0016255447, -0.001555804, -0.0015214601, -0.0014540085, -0.0013878203, -0.0013546238, -0.0012870712, -0.0012168348, -0.0011432035, -0.0011052634, -0.0010273294, -0.0009473027, -0.00090672873, -0.00082538516, -0.00074480183, -0.0007050073, -0.00062652037, -0.0005490698, -0.00047214696, -0.0004340771, -0.00035950844, -0.00028850534, -0.00025487752, -0.00019261008, -0.00013834589, -9.362523e-05, -7.5083524e-05, -4.5183053e-05, -2.3710318e-05, -1.541595e-05, -2.4714734e-06, 6.7050632e-06, 1.2212536e-05, 1.354538e-05, 1.2675015e-05, 5.789624e-06, -2.5774682e-07, -1.7892053e-05, -4.239988e-05, -5.6643334e-05, -8.743375e-05, -0.00011931245, -0.0001511113, -0.00016696166, -0.00019935223, -0.00023431068, -0.00025358057, -0.00029781574, -0.00035162835, -0.00041612948, -0.00045212335, -0.00053016364, -0.00061356917, -0.0006562775, -0.0007421962, -0.0008269903, -0.0008685784, -0.0009495945, -0.0010282454, -0.0011049747, -0.0011427669, -0.0012165549, -0.0012864077, -0.0013192708, -0.0013802072, -0.0014351049, -0.0014855138, -0.0015096162, -0.001557206, -0.001605739, -0.0016310175, -0.0016842362, -0.0017395695, -0.0017669362, -0.0018174243, -0.0018584306, -0.0018865555, -0.0018955726, -0.0019043694, -0.0019016225, -0.0018965239, -0.0018800878, -0.0018569758, -0.0018284714, -0.0018121786, -0.0017742249, -0.0017289406, -0.0017059334, -0.0016784472, -0.0017390653, -0.0018391158, -0.0021651522, 0, 0, 0, 0, 0, 0, 0, 0, 0, 0, 0, 0, 0, 0, 0
0, 0, 0, 0, 0, 0, 0, 0, 0, 0, 0, 0, 0, 0, 0, 0, -0.0022260118, -0.0018803811, -0.0017705353, -0.0016950377, -0.0017145689, -0.0017355566, -0.0017784612, -0.0018120615, -0.0018238646, -0.0018368593, -0.001836964, -0.0018275153, -0.0018206734, -0.0018055659, -0.0017914193, -0.0017851812, -0.0017741867, -0.0017639615, -0.0017524037, -0.001745186, -0.0017258341, -0.0016977007, -0.0016797787, -0.0016365071, -0.0015848267, -0.0015567038, -0.001497532, -0.001436341, -0.0013749804, -0.0013448002, -0.0012857823, -0.0012286673, -0.0012006613, -0.0011449339, -0.0010893224, -0.0010338356, -0.0010063235, -0.00095197675, -0.00089835905, -0.0008716913, -0.000818473, -0.0007649191, -0.00073773286, -0.000682112, -0.00062431267, -0.000564566, -0.0005344566, -0.0004753803, -0.00042028085, -0.00039509035, -0.00035042685, -0.00031450816, -0.00028713475, -0.00027645146, -0.00025931865, -0.0002457417, -0.0002395041, -0.00022718143, -0.00021512237, -0.00020438356, -0.00020009608, -0.00019490602, -0.00019579189, -0.00019890103, -0.00021025608, -0.00022719582, -0.00023677574, -0.00025623903, -0.00027394216, -0.00028910846, -0.0002960017, -0.00030984578, -0.00032661538, -0.00033729977, -0.0003656705, -0.0004057184, -0.00045816856, -0.00048838137, -0.00055450364, -0.00062401145, -0.00065851875, -0.0007249785, -0.0007861085, -0.0008143958, -0.00086659886, -0.00091471954, -0.00096120493, -0.0009846663, -0.0010326831, -0.0010819649, -0.001106949, -0.0011570532, -0.0012070542, -0.0012571327, -0.0012822716, -0.0013328737, -0.0013843195, -0.0014105721, -0.0014640553, -0.0015173494, -0.0015427638, -0.0015883801, -0.0016238074, -0.0016476602, -0.0016553858, -0.0016638277, -0.0016648354, -0.0016633325, -0.0016575414, -0.0016496072, -0.0016393149, -0.0016326681, -0.0016134653, -0.0015853399, -0.001570262, -0.0015597654, -0.0016579475, -0.0018094695, -0.0024841505, 0, 0, 0, 0, 0, 0, 0, 0, 0, 0, 0, 0, 0, 0, 0
0, 0, 0, 0, 0, 0, 0, 0, 0, 0, 0, 0, 0, 0, 0, 0, 0, -0.0014912745, -0.0014198357, -0.0013651367, -0.0013857987, -0.0014065825, -0.0014503255, -0.0014864211, -0.0014996072, -0.0015142597, -0.0015123298, -0.0014955478, -0.0014828715, -0.001452774, -0.0014210528, -0.0014058826, -0.0013786339, -0.0013557213, -0.0013362557, -0.0013273323, -0.0013099705, -0.0012918245, -0.0012823003, -0.0012624277, -0.0012428716, -0.0012336366, -0.0012169896, -0.0012025026, -0.0011888684, -0.0011817738, -0.0011655386, -0.0011451462, -0.0011331665, -0.0011062773, -0.0010772846, -0.0010496991, -0.0010374514, -0.0010180185, -0.0010059364, -0.0010026275, -0.0010004302, -0.0010020363, -0.0010033041, -0.0010051072, -0.0010044585, -0.0010009425, -0.0009985082, -0.0009934461, -0.000989478, -0.0009883184, -0.0009876264, -0.0009884596, -0.0009890263, -0.000988423, -0.0009837714, -0.0009727884, -0.0009646491, -0.0009439756, -0.0009198461, -0.0008956064, -0.000884468, -0.0008653415, -0.00085146824, -0.00084663887, -0.00084087113, -0.00083875965, -0.0008383678, -0.0008374256, -0.000835081, -0.0008314677, -0.0008293987, -0.0008258216, -0.0008238906, -0.00082384975, -0.0008256834, -0.0008302056, -0.0008361257, -0.0008389919, -0.00084271986, -0.000842192, -0.00084006606, -0.00083278574, -0.00082328665, -0.0008186014, -0.00081160787, -0.00081029884, -0.0008174209, -0.0008245836, -0.0008463733, -0.00087611546, -0.0008930075, -0.0009284566, -0.00096389226, -0.0009970313, -0.0010124273, -0.0010405802, -0.0010659362, -0.0010778143, -0.0011010991, -0.0011244789, -0.0011363637, -0.0011598732, -0.001182595, -0.0012036952, -0.0012135035, -0.0012315114, -0.0012474362, -0.001254863, -0.0012693206, -0.0012834762, -0.001296522, -0.0013015452, -0.001306019, -0.0013023048, -0.0012996212, -0.0013092902, -0.0013854987, -0.0014642366, 0, 0, 0, 0, 0, 0, 0, 0, 0, 0, 0, 0, 0, 0, 0, 0
0, 0, 0, 0, 0, 0, 0, 0, 0, 0, 0, 0, 0, 0, 0, 0, 0, -0.0014322924, -0.0013477175, -0.0012653903, -0.0012635108, -0.001275472, -0.0013059455, -0.0013340443, -0.001345161, -0.0013597622, -0.0013634025, -0.0013570251, -0.0013508773, -0.0013352596, -0.0013181572, -0.0013098189, -0.001293959, -0.0012787154, -0.001262853, -0.0012542558, -0.0012357472, -0.0012157435, -0.0012057277, -0.0011876212, -0.0011747214, -0.0011710371, -0.0011700642, -0.001176884, -0.0011886347, -0.0011951583, -0.0012070137, -0.0012145161, -0.0012160251, -0.0012147285, -0.001209269, -0.0012032323, -0.0012011896, -0.0012013429, -0.0012084659, -0.0012148224, -0.0012324572, -0.0012545789, -0.0012664249, -0.0012897418, -0.0013108831, -0.0013290157, -0.0013372839, -0.001352839, -0.0013680693, -0.001375647, -0.0013903782, -0.0014038072, -0.0014144611, -0.0014182169, -0.0014214085, -0.0014179541, -0.0014137788, -0.0014013619, -0.0013858508, -0.0013695598, -0.0013616723, -0.0013470025, -0.0013334572, -0.0013270831, -0.0013144822, -0.0013014997, -0.0012945108, -0.0012789362, -0.0012615015, -0.0012432009, -0.0012341534, -0.0012166601, -0.00119986, -0.001191419, -0.0011734554, -0.0011532161, -0.0011293243, -0.0011156579, -0.0010850581, -0.0010506284, -0.0010327047, -0.0009973764, -0.0009658985, -0.0009524294, -0.00093171716, -0.0009201787, -0.0009181181, -0.0009204086, -0.00093035825, -0.00094486796, -0.00095254806, -0.0009669509, -0.0009781726, -0.000985467, -0.0009878393, -0.0009909895, -0.0009936249, -0.0009953743, -0.0010013053, -0.0010117618, -0.0010189057, -0.0010371329, -0.0010595038, -0.0010844705, -0.001097241, -0.001121861, -0.0011437938, -0.0011532666, -0.0011693033, -0.001181527, -0.0011898449, -0.001192243, -0.0011936441, -0.0011945348, -0.0011996151, -0.0012446351, -0.0014012556, -0.001540246, 0, 0, 0, 0, 0, 0, 0, 0, 0, 0, 0, 0, 0, 0, 0, 0
0, 0, 0, 0, 0, 0, 0, 0, 0, 0, 0, 0, 0, 0, 0, 0, 0, -0.0015741616, -0.0014266399, -0.0012592484, -0.0012138227, -0.001211729, -0.0012213992, -0.0012345307, -0.00124003, -0.0012476932, -0.0012511723, -0.0012513419, -0.0012508401, -0.0012498852, -0.0012503114, -0.0012510505, -0.0012529199, -0.0012535872, -0.0012508716, -0.0012477594, -0.0012379101, -0.0012243193, -0.0012169927, -0.0012040295, -0.0011969389, -0.0011968381, -0.0012050254, -0.0012241943, -0.0012521583, -0.0012683484, -0.0013024226, -0.0013356456, -0.0013510085, -0.0013782678, -0.0014015564, -0.0014229291, -0.0014338611, -0.0014580665, -0.0014866957, -0.0015028655, -0.001538532, -0.0015772283, -0.001596956, -0.0016353937, -0.0016708357, -0.0017027017, -0.0017175091, -0.0017455254, -0.0017724044, -0.0017854653, -0.001810764, -0.0018343362, -0.0018553701, -0.0018646533, -0.001880118, -0.0018906897, -0.0018941213, -0.0018979048, -0.0018983888, -0.0018966373, -0.0018949517, -0.0018891693, -0.0018795206, -0.0018728245, -0.0018554038, -0.0018323272, -0.0018187156, -0.0017876374, -0.0017528131, -0.0017162426, -0.0016979153, -0.0016616303, -0.0016252322, -0.0016066824, -0.0015673969, -0.0015243745, -0.0014771055, -0.0014519747, -0.0013996348, -0.0013466914, -0.0013210488, -0.0012735976, -0.0012335129, -0.0012166767, -0.0011891773, -0.001169015, -0.0011540967, -0.0011480484, -0.001136728, -0.0011247388, -0.0011178551, -0.0011017654, -0.0010830162, -0.001062931, -0.001052983, -0.001034917, -0.0010209157, -0.001016129, -0.0010117269, -0.0010150436, -0.0010195782, -0.0010338308, -0.0010535379, -0.001076395, -0.0010881646, -0.0011102494, -0.0011280385, -0.001134651, -0.0011423946, -0.001142948, -0.0011369615, -0.0011319402, -0.0011197869, -0.0011120603, -0.001116186, -0.0011726114, -0.0013913484, -0.0016227221, 0, 0, 0, 0, 0, 0, 0, 0, 0, 0, 0, 0, 0, 0, 0, 0
0, 0, 0, 0, 0, 0, 0, 0, 0, 0, 0, 0, 0, 0, 0, 0, 0, -0.0017374208, -0.001493991, -0.0012644705, -0.0012041056, -0.0011981291, -0.0012007946, -0.0012065152, -0.001208505, -0.0012103663, -0.0012109021, -0.0012120621, -0.0012135542, -0.0012190264, -0.0012286792, -0.0012349237, -0.0012496065, -0.0012652938, -0.0012796253, -0.0012857638, -0.0012949758, -0.0013003144, -0.0013018425, -0.0013046735, -0.001310099, -0.0013149931, -0.0013310154, -0.0013565843, -0.0013916043, -0.0014122609, -0.001458296, -0.0015082998, -0.0015337948, -0.0015842178, -0.0016329647, -0.0016804045, -0.0017040244, -0.0017519841, -0.0018016716, -0.0018272403, -0.0018797911, -0.0019331287, -0.0019595833, -0.00201068, -0.0020582105, -0.0021014665, -0.0021216474, -0.0021596907, -0.0021958214, -0.0022134257, -0.0022478262, -0.002280957, -0.0023123168, -0.0023271206, -0.0023545332, -0.0023780153, -0.0023880647, -0.002404761, -0.0024170948, -0.002425065, -0.0024271943, -0.0024270697, -0.0024197567, -0.002413111, -0.0023930888, -0.0023641598, -0.0023463732, -0.0023050322, -0.0022574968, -0.0022061996, -0.0021799179, -0.0021268465, -0.0020732589, -0.0020461043, -0.001990616, -0.0019331806, -0.0018741845, -0.0018442736, -0.0017844954, -0.0017267499, -0.0016994058, -0.0016488228, -0.0016043977, -0.0015843264, -0.0015471849, -0.0015120525, -0.0014763391, -0.0014576669, -0.0014179142, -0.0013749546, -0.0013526117, -0.0013077352, -0.0012649259, -0.0012269883, -0.0012104189, -0.0011828236, -0.001162934, -0.0011558281, -0.0011471992, -0.0011452584, -0.001146399, -0.0011516458, -0.0011595283, -0.0011685496, -0.0011729549, -0.0011802288, -0.0011836383, -0.0011833012, -0.0011775683, -0.0011646722, -0.0011448738, -0.0011327399, -0.0011058357, -0.0010817496, -0.0010759771, -0.0010994222, -0.0012073973, -0.0012776373, 0, 0, 0, 0, 0, 0, 0, 0, 0, 0, 0, 0, 0, 0, 0, 0
0, 0, 0, 0, 0, 0, 0, 0, 0, 0, 0, 0, 0, 0, 0, 0, 0, -0.001406643, -0.0013362012, -0.001231648, -0.0012108901, -0.0012160126, -0.0012337839, -0.001249313, -0.0012549722, -0.0012626441, -0.0012669284, -0.0012700864, -0.0012719352, -0.0012771148, -0.001286161, -0.0012924906, -0.001309349, -0.0013317361, -0.001358874, -0.0013736789, -0.0014045793, -0.0014349015, -0.0014493595, -0.001476423, -0.0015019736, -0.0015147963, -0.001542114, -0.0015738131, -0.0016120395, -0.001634142, -0.0016842149, -0.0017414214, -0.0017719436, -0.0018352426, -0.0018996838, -0.0019643223, -0.001996724, -0.002061678, -0.002127113, -0.0021599967, -0.0022259208, -0.0022919069, -0.0023245623, -0.0023884291, -0.0024489607, -0.0025051057, -0.0025314216, -0.002580997, -0.0026273695, -0.0026497236, -0.0026931223, -0.002734751, -0.0027741094, -0.0027926415, -0.0028266555, -0.0028553002, -0.0028672705, -0.0028860918, -0.0028983238, -0.0029044433, -0.002905289, -0.0029025478, -0.002893457, -0.0028862061, -0.0028658914, -0.0028370672, -0.0028193356, -0.002777416, -0.002727639, -0.0026720185, -0.00264268, -0.0025820588, -0.0025201198, -0.0024889167, -0.0024264725, -0.0023643875, -0.002302943, -0.0022724923, -0.0022121975, -0.0021534392, -0.0021247605, -0.0020689848, -0.0020148873, -0.0019881064, -0.0019339765, -0.0018776311, -0.001818001, -0.0017867303, -0.0017219655, -0.0016558412, -0.0016233132, -0.0015618545, -0.0015084655, -0.001465441, -0.0014479888, -0.0014203156, -0.0014003331, -0.0013924338, -0.0013793014, -0.0013679119, -0.0013622051, -0.001350225, -0.0013369488, -0.0013230233, -0.0013160954, -0.0013025327, -0.001288902, -0.0012817176, -0.0012656988, -0.0012460994, -0.001221573, -0.0012071369, -0.0011743405, -0.0011411877, -0.0011294453, -0.0011390727, -0.0012358058, -0.001307995, 0, 0, 0, 0, 0, 0, 0, 0, 0, 0, 0, 0, 0, 0, 0, 0
0, 0, 0, 0, 0, 0, 0, 0, 0, 0, 0, 0, 0, 0, 0, 0, 0, -0.0014232729, -0.0013496734, -0.0012576665, -0.001256738, -0.0012724439, -0.0013118519, -0.0013490124, -0.0013651776, -0.0013920999, -0.001412005, -0.0014254159, -0.0014300054, -0.0014366808, -0.0014427527, -0.0014467514, -0.0014591288, -0.0014801353, -0.001511602, -0.0015311446, -0.0015765689, -0.0016266933, -0.0016520756, -0.0017016134, -0.0017476475, -0.0017693116, -0.0018105776, -0.001851288, -0.0018947432, -0.0019184825, -0.0019711475, -0.0020312483, -0.0020636304, -0.002131632, -0.002202053, -0.002273248, -0.0023089664, -0.0023805317, -0.002452564, -0.002488766, -0.0025617946, -0.0026358927, -0.0026731342, -0.0027473143, -0.0028192513, -0.0028867836, -0.002918615, -0.0029782243, -0.0030332478, -0.0030592962, -0.0031090893, -0.0031559453, -0.0031993303, -0.00321923, -0.0032543358, -0.0032815626, -0.0032917436, -0.0033047323, -0.0033085684, -0.0033050312, -0.0033011443, -0.0032904304, -0.0032766368, -0.0032685925, -0.0032497523, -0.003226053, -0.0032118184, -0.0031778319, -0.0031358409, -0.003086431, -0.003059429, -0.0030019584, -0.0029415393, -0.0029109395, -0.0028495956, -0.0027887255, -0.002728023, -0.002697439, -0.0026352203, -0.00257133, -0.0025386058, -0.0024713173, -0.0024017973, -0.0023662408, -0.0022931984, -0.0022181014, -0.0021415988, -0.00210322, -0.0020271502, -0.001953782, -0.0019191174, -0.0018556624, -0.0018024663, -0.0017606181, -0.0017434933, -0.0017150206, -0.0016909967, -0.0016794872, -0.0016554821, -0.0016281104, -0.0016128442, -0.0015792022, -0.0015429723, -0.001507117, -0.0014904044, -0.0014604205, -0.0014356514, -0.0014249092, -0.0014054391, -0.0013864324, -0.0013646756, -0.0013518269, -0.0013214373, -0.0012894563, -0.0012787065, -0.0012955145, -0.0014140875, -0.0014998515, 0, 0, 0, 0, 0, 0, 0, 0, 0, 0, 0, 0, 0, 0, 0, 0
0, 0, 0, 0, 0, 0, 0, 0, 0, 0, 0, 0, 0, 0, 0, 0, 0, -0.001574264, -0.0014853884, -0.0013664069, -0.0013584752, -0.0013766211, -0.0014288253, -0.0014858969, -0.0015135127, -0.0015644918, -0.0016070484, -0.001638934, -0.0016507044, -0.0016670094, -0.0016770716, -0.0016814464, -0.0016923853, -0.001711048, -0.0017413516, -0.001761323, -0.0018100213, -0.0018670551, -0.0018971157, -0.0019574848, -0.0020155197, -0.0020431792, -0.0020960658, -0.002147066, -0.0021991082, -0.0022263953, -0.0022850293, -0.0023495273, -0.002383524, -0.0024537318, -0.0025246937, -0.0025949012, -0.0026294908, -0.0026984762, -0.002767798, -0.0028029874, -0.002875291, -0.0029503035, -0.0029887091, -0.0030663633, -0.003142551, -0.0032144235, -0.0032481018, -0.0033105714, -0.0033669688, -0.0033934193, -0.003443373, -0.0034899986, -0.0035329717, -0.003552566, -0.0035866615, -0.0036118233, -0.0036204285, -0.0036291338, -0.0036271268, -0.0036169738, -0.0036099155, -0.0035939761, -0.0035775665, -0.0035696072, -0.0035539498, -0.0035370411, -0.0035273323, -0.0035036535, -0.0034726395, -0.0034335868, -0.0034111864, -0.0033617362, -0.0033078177, -0.0032799183, -0.0032228671, -0.00316478, -0.0031045945, -0.0030732118, -0.0030071402, -0.0029359916, -0.0028984826, -0.0028201635, -0.0027385356, -0.0026970068, -0.0026136169, -0.0025316156, -0.0024527456, -0.0024149418, -0.0023430204, -0.002276203, -0.0022449105, -0.0021869491, -0.0021356577, -0.002090772, -0.002070239, -0.0020314672, -0.0019933642, -0.001973819, -0.001932476, -0.0018871097, -0.001862898, -0.0018124044, -0.0017618083, -0.0017148224, -0.0016936994, -0.001657346, -0.001628724, -0.0016166492, -0.0015955312, -0.0015753348, -0.0015525861, -0.0015392355, -0.0015082543, -0.0014790661, -0.0014730523, -0.0015130094, -0.0016780111, -0.0017864091, 0, 0, 0, 0, 0, 0, 0, 0, 0, 0, 0, 0, 0, 0, 0, 0
0, 0, 0, 0, 0, 0, 0, 0, 0, 0, 0, 0, 0, 0, 0, 0, 0, -0.0018396681, -0.0017255464, -0.0015512938, -0.0015132681, -0.0015251971, -0.0015764209, -0.0016421614, -0.0016764587, -0.0017437446, -0.0018049054, -0.0018559746, -0.0018770993, -0.0019107711, -0.0019354457, -0.0019457275, -0.0019654627, -0.0019884147, -0.0020191018, -0.0020380393, -0.0020831474, -0.0021359767, -0.0021642207, -0.002222204, -0.0022804472, -0.0023093221, -0.002366813, -0.0024248932, -0.002485236, -0.0025168124, -0.0025833505, -0.0026539776, -0.0026900643, -0.002762336, -0.0028322318, -0.0028981457, -0.0029296584, -0.0029911052, -0.0030521005, -0.003083294, -0.0031481425, -0.0032169274, -0.003252555, -0.0033249287, -0.0033960494, -0.0034623165, -0.0034929211, -0.0035487975, -0.0035979135, -0.0036206134, -0.0036633152, -0.003703663, -0.0037421442, -0.0037603672, -0.0037934259, -0.0038198095, -0.0038296564, -0.0038416877, -0.0038437021, -0.0038376155, -0.0038324317, -0.0038201015, -0.00380733, -0.0038013216, -0.003790123, -0.0037786472, -0.0037719891, -0.0037548349, -0.0037307225, -0.0036984922, -0.0036793891, -0.0036362144, -0.0035880895, -0.0035628052, -0.0035105068, -0.003456105, -0.0033984703, -0.0033678724, -0.0033024505, -0.0032307694, -0.003192796, -0.0031137788, -0.0030326976, -0.0029921967, -0.002913089, -0.0028385401, -0.0027701177, -0.0027382714, -0.002678516, -0.0026223762, -0.002594882, -0.0025401586, -0.002484738, -0.0024285095, -0.0023999335, -0.0023421578, -0.002283802, -0.0022545876, -0.0021961476, -0.0021383362, -0.002109798, -0.002054192, -0.0020022485, -0.0019558943, -0.0019351899, -0.0018985391, -0.0018665848, -0.0018514863, -0.0018212012, -0.0017880794, -0.0017494962, -0.0017277033, -0.0016807723, -0.0016424041, -0.0016385125, -0.0017146344, -0.0019885958, -0.002162271, 0, 0, 0, 0, 0, 0, 0, 0, 0, 0, 0, 0, 0, 0, 0, 0
0, 0, 0, 0, 0, 0, 0, 0, 0, 0, 0, 0, 0, 0, 0, 0, 0, -0.0022495256, -0.0020656537, -0.0017722339, -0.0016884349, -0.0016926248, -0.0017397824, -0.0018064487, -0.0018418698, -0.001912999, -0.0019814167, -0.0020443753, -0.002073151, -0.0021252092, -0.0021702454, -0.0021906446, -0.0022285106, -0.0022646836, -0.0023020848, -0.0023219525, -0.002364556, -0.0024105776, -0.0024345277, -0.0024837803, -0.0025346864, -0.0025609976, -0.0026158013, -0.0026742225, -0.002737159, -0.0027704423, -0.0028403196, -0.0029130322, -0.0029495629, -0.0030209613, -0.0030878696, -0.0031485932, -0.0031768319, -0.00323039, -0.0032822527, -0.0033085179, -0.003362977, -0.0034207765, -0.0034507413, -0.0035111685, -0.0035697266, -0.0036232907, -0.0036475467, -0.0036907538, -0.0037275525, -0.0037441174, -0.00377509, -0.0038053934, -0.003836312, -0.003852089, -0.003883357, -0.003912176, -0.0039248397, -0.003945075, -0.003958148, -0.003964108, -0.003964841, -0.0039629396, -0.0039581633, -0.0039552078, -0.0039482075, -0.0039390563, -0.003933165, -0.0039173514, -0.003894684, -0.0038646527, -0.0038471916, -0.0038080418, -0.0037650336, -0.003742643, -0.003696744, -0.0036496415, -0.0036005704, -0.0035747695, -0.0035197574, -0.0034596915, -0.0034279437, -0.0033620999, -0.003295157, -0.003262113, -0.0031984656, -0.0031394742, -0.0030855702, -0.003060138, -0.0030107244, -0.0029603762, -0.002933781, -0.0028761819, -0.0028120037, -0.0027418344, -0.0027051265, -0.0026304703, -0.0025568423, -0.0025214106, -0.0024547693, -0.0023946296, -0.0023670343, -0.0023161322, -0.00227022, -0.0022278747, -0.0022076103, -0.0021673243, -0.0021250022, -0.0021020963, -0.0020515139, -0.0019928017, -0.0019245569, -0.0018868356, -0.0018069828, -0.0017373498, -0.0017215391, -0.001803278, -0.0022371667, -0.0026408937, 0, 0, 0, 0, 0, 0, 0, 0, 0, 0, 0, 0, 0, 0, 0, 0
0, 0, 0, 0, 0, 0, 0, 0, 0, 0, 0, 0, 0, 0, 0, 0, 0, -0.002798751, -0.0023752751, -0.0019186916, -0.001827415, -0.0018392274, -0.0019005877, -0.0019735, -0.002009317, -0.0020786333, -0.002145785, -0.0022118604, -0.0022445528, -0.0023089591, -0.0023713831, -0.0024014232, -0.0024585628, -0.0025115076, -0.0025607522, -0.0025843428, -0.0026301823, -0.0026745028, -0.002696333, -0.0027396816, -0.0027839963, -0.0028069383, -0.0028554082, -0.0029080538, -0.0029652016, -0.0029954251, -0.0030584692, -0.003123441, -0.0031558303, -0.0032190757, -0.0032783698, -0.003332273, -0.003357267, -0.0034040853, -0.003448184, -0.00346992, -0.0035137471, -0.0035587642, -0.0035814792, -0.0036268062, -0.0036699185, -0.0037088622, -0.0037262852, -0.0037569043, -0.0037822106, -0.0037932398, -0.0038134658, -0.0038335025, -0.0038554901, -0.0038675996, -0.0038937381, -0.0039211544, -0.003934702, -0.0039597545, -0.0039809984, -0.0039968016, -0.0040026093, -0.004009509, -0.0040108804, -0.004009786, -0.0040046223, -0.003995609, -0.003989518, -0.00397381, -0.003952939, -0.0039269454, -0.003912301, -0.0038805823, -0.003846567, -0.0038290499, -0.0037938803, -0.003758804, -0.0037238842, -0.003706149, -0.0036691218, -0.003628991, -0.0036076899, -0.0035629268, -0.00351642, -0.0034929928, -0.0034466677, -0.0034015826, -0.0033574544, -0.003335239, -0.0032890684, -0.0032383883, -0.0032105718, -0.0031491194, -0.003080091, -0.003005003, -0.002966171, -0.0028884378, -0.0028139022, -0.002778972, -0.0027151362, -0.0026597881, -0.0026349002, -0.0025887594, -0.0025448205, -0.0024994407, -0.0024752086, -0.002422183, -0.0023611335, -0.0023271837, -0.0022518225, -0.0021657543, -0.0020682407, -0.0020152447, -0.0019025804, -0.0017946293, -0.0017546108, -0.0017508835, -0.0018785661, 0, 0, 0, 0, 0, 0, 0, 0, 0, 0, 0, 0, 0, 0, 0, 0, 0
0, 0, 0, 0, 0, 0, 0, 0, 0, 0, 0, 0, 0, 0, 0, 0, 0, 0, -0.0020398882, -0.0019129864, -0.001917227, -0.0019540747, -0.002047321, -0.00213681, -0.0021771183, -0.0022501668, -0.0023177804, -0.0023847332, -0.0024186608, -0.0024880257, -0.0025587701, -0.002594054, -0.0026627576, -0.0027275058, -0.0027875819, -0.00281572, -0.00286878, -0.0029180034, -0.0029413602, -0.0029863506, -0.0030301323, -0.003051897, -0.003095763, -0.003140461, -0.0031861335, -0.0032093327, -0.0032563284, -0.0033037995, -0.0033274905, -0.0033743265, -0.0034199008, -0.0034633656, -0.0034841711, -0.0035235565, -0.003559905, -0.0035769686, -0.0036095872, -0.0036406647, -0.0036558027, -0.0036851857, -0.0037132162, -0.0037393675, -0.003751525, -0.003773662, -0.003792397, -0.0038004548, -0.0038143503, -0.0038268352, -0.0038398923, -0.0038470884, -0.0038635037, -0.0038822952, -0.0038923232, -0.003912672, -0.00393184, -0.003947791, -0.0039539146, -0.0039616986, -0.003963284, -0.0039620297, -0.003956475, -0.003948177, -0.0039432705, -0.0039323377, -0.003919784, -0.0039055233, -0.003897768, -0.003880756, -0.0038617265, -0.0038515194, -0.0038302874, -0.0038088597, -0.0037883085, -0.0037784695, -0.0037590035, -0.0037384026, -0.0037272589, -0.003702481, -0.003674089, -0.003658463, -0.003624368, -0.0035864725, -0.003544919, -0.0035227535, -0.0034753976, -0.003423875, -0.003396455, -0.0033382666, -0.0032762024, -0.0032114976, -0.0031787802, -0.0031139094, -0.0030515448, -0.003021747, -0.0029656165, -0.0029136352, -0.0028885119, -0.0028382007, -0.0027849001, -0.002725413, -0.0026926342, -0.0026203329, -0.0025390172, -0.0024951173, -0.002401249, -0.0022992562, -0.0021882409, -0.0021292313, -0.0020064632, -0.0018935881, -0.0018554687, -0.0018714669, -0.0020453497, 0, 0, 0, 0, 0, 0, 0, 0, 0, 0, 0, 0, 0, 0, 0, 0, 0
0, 0, 0, 0, 0, 0, 0, 0, 0, 0, 0, 0, 0, 0, 0, 0, 0, 0, -0.0022047695, -0.0020316245, -0.0020221346, -0.0020617498, -0.0021703227, -0.0022792756, -0.002328722, -0.002417188, -0.002495801, -0.0025693818, -0.002605466, -0.0026773931, -0.002749375, -0.0027850908, -0.002855513, -0.0029231587, -0.0029874786, -0.0030183168, -0.0030773089, -0.0031331943, -0.003160038, -0.0032117597, -0.0032606355, -0.0032837961, -0.0033273245, -0.0033663157, -0.0034006916, -0.0034163017, -0.0034450341, -0.0034718502, -0.003485111, -0.0035121876, -0.0035407408, -0.003570535, -0.0035855074, -0.0036144608, -0.0036402876, -0.0036515372, -0.0036707618, -0.0036864192, -0.0036934153, -0.0037067481, -0.0037207145, -0.00373624, -0.003744572, -0.0037617846, -0.0037779768, -0.0037849918, -0.0037961623, -0.0038033081, -0.0038075612, -0.0038091594, -0.0038126372, -0.0038175697, -0.0038208833, -0.003828995, -0.0038382155, -0.0038464416, -0.0038495262, -0.003852508, -0.0038509131, -0.0038488063, -0.0038435194, -0.0038389743, -0.0038375244, -0.003836927, -0.0038390614, -0.003842681, -0.0038444523, -0.0038463231, -0.0038444882, -0.0038418474, -0.0038336068, -0.0038228314, -0.0038120234, -0.0038071538, -0.0037988266, -0.0037913707, -0.003787332, -0.0037768106, -0.003761115, -0.0037506903, -0.0037238288, -0.0036892053, -0.0036482993, -0.0036262327, -0.0035804438, -0.0035341806, -0.003511336, -0.0034663063, -0.00342201, -0.0033776795, -0.0033552167, -0.003308985, -0.0032604607, -0.0032351776, -0.0031821055, -0.0031251772, -0.0030950336, -0.003030536, -0.002959277, -0.002880444, -0.0028380987, -0.0027481972, -0.0026527331, -0.0026034366, -0.0025025539, -0.0023986006, -0.002290059, -0.0022338617, -0.0021215742, -0.002034006, -0.0020220215, -0.0021482809, -0.0025008868, 0, 0, 0, 0, 0, 0, 0, 0, 0, 0, 0, 0, 0, 0, 0, 0, 0
0, 0, 0, 0, 0, 0, 0, 0, 0, 0, 0, 0, 0, 0, 0, 0, 0, 0, -0.002589756, -0.0022349902, -0.0021202422, -0.0021409972, -0.0022470471, -0.0023747983, -0.002436383, -0.0025494178, -0.0026493105, -0.0027387561, -0.0027804337, -0.0028590986, -0.0029329767, -0.0029684666, -0.0030369775, -0.003102512, -0.003165579, -0.0031962967, -0.0032564944, -0.003315477, -0.0033446671, -0.003401754, -0.0034559565, -0.003481296, -0.003526832, -0.0035637424, -0.0035913216, -0.0036017867, -0.0036176394, -0.003629254, -0.003634527, -0.0036457847, -0.0036595177, -0.0036759484, -0.003684626, -0.0037011756, -0.0037140772, -0.0037183934, -0.003722413, -0.0037216486, -0.0037201643, -0.0037173578, -0.0037171843, -0.0037218458, -0.0037260654, -0.003737461, -0.0037500034, -0.0037555548, -0.0037631793, -0.003764762, -0.0037605271, -0.0037568437, -0.0037483221, -0.0037406948, -0.0037379959, -0.0037353553, -0.0037360261, -0.0037380045, -0.0037388313, -0.0037387458, -0.0037362375, -0.0037345209, -0.0037318638, -0.0037328287, -0.003735479, -0.0037456765, -0.0037618317, -0.0037813857, -0.003791278, -0.0038086136, -0.003820039, -0.0038229728, -0.0038235122, -0.0038190745, -0.0038131715, -0.0038106833, -0.003807874, -0.0038077433, -0.0038080541, -0.0038072977, -0.0038014778, -0.0037955886, -0.0037765591, -0.0037480816, -0.0037131638, -0.0036945392, -0.0036577573, -0.003624198, -0.0036090137, -0.003581632, -0.003556147, -0.0035291656, -0.0035139527, -0.0034782328, -0.003433578, -0.003407515, -0.0033479037, -0.0032787789, -0.0032411013, -0.0031600497, -0.0030722886, -0.0029787077, -0.0029301147, -0.0028301515, -0.0027280974, -0.0026768385, -0.0025744918, -0.0024718707, -0.0023671375, -0.0023136502, -0.0022082455, -0.002134791, -0.0021392116, -0.0023692423, -0.0031452486, 0, 0, 0, 0, 0, 0, 0, 0, 0, 0, 0, 0, 0, 0, 0, 0, 0
0, 0, 0, 0, 0, 0, 0, 0, 0, 0, 0, 0, 0, 0, 0, 0, 0, 0, -0.0031454386, -0.0023603276, -0.0021460778, -0.0021560006, -0.0022660927, -0.0024120726, -0.002484911, -0.0026219944, -0.00274514, -0.0028548616, -0.0029051693, -0.0029979341, -0.0030815206, -0.003120381, -0.0031930748, -0.003260275, -0.0033230335, -0.0033532197, -0.0034119005, -0.0034693782, -0.00349802, -0.003554752, -0.003609368, -0.003634997, -0.0036809186, -0.0037174532, -0.003743168, -0.0037521413, -0.0037637118, -0.003769615, -0.0037715514, -0.0037752737, -0.0037806386, -0.003787713, -0.0037913797, -0.0037971814, -0.0037981456, -0.0037961428, -0.0037864812, -0.0037710401, -0.0037621183, -0.0037445368, -0.0037305194, -0.0037226635, -0.003721265, -0.0037224165, -0.0037262293, -0.00372777, -0.003727641, -0.0037216127, -0.0037096685, -0.003702221, -0.0036867855, -0.0036738024, -0.0036691027, -0.003664305, -0.0036648258, -0.0036682677, -0.0036702177, -0.0036730717, -0.0036738266, -0.0036737786, -0.0036744392, -0.0036790122, -0.0036836911, -0.0036988587, -0.003721176, -0.003747985, -0.0037616026, -0.003786292, -0.0038044448, -0.00381042, -0.0038162407, -0.0038162202, -0.0038143273, -0.003813926, -0.0038156253, -0.0038214624, -0.0038254317, -0.0038335482, -0.0038381617, -0.0038379587, -0.0038308622, -0.0038151373, -0.003793619, -0.003781942, -0.0037595874, -0.003740644, -0.0037325392, -0.0037177885, -0.0037016582, -0.0036792406, -0.0036642442, -0.00362482, -0.0035716093, -0.0035399268, -0.0034677123, -0.0033861783, -0.0033428827, -0.0032524788, -0.0031583589, -0.003060687, -0.003010622, -0.0029075146, -0.0028011212, -0.002746938, -0.0026367218, -0.0025243626, -0.0024091164, -0.0023504621, -0.002235461, -0.002149294, -0.002138306, -0.0022376229, 0, 0, 0, 0, 0, 0, 0, 0, 0, 0, 0, 0, 0, 0, 0, 0, 0, 0
0, 0, 0, 0, 0, 0, 0, 0, 0, 0, 0, 0, 0, 0, 0, 0, 0, 0, 0, -0.0022059346, -0.0021147705, -0.0021365967, -0.0022553902, -0.0024101338, -0.0024887372, -0.0026395526, -0.002778902, -0.0029063784, -0.0029660126, -0.0030775885, -0.0031793641, -0.003226718, -0.0033143484, -0.003392863, -0.0034629286, -0.0034950946, -0.0035550199, -0.0036104445, -0.0036370703, -0.00368883, -0.003738337, -0.0037617928, -0.003804613, -0.0038400276, -0.0038664655, -0.0038762963, -0.0038897693, -0.003897149, -0.0038994164, -0.0039023904, -0.0039049487, -0.0039072717, -0.0039079254, -0.00390672, -0.0038999538, -0.0038938948, -0.003876083, -0.0038520365, -0.0038386113, -0.0038114325, -0.0037869578, -0.003767738, -0.0037602352, -0.003748821, -0.0037398292, -0.0037352738, -0.0037241615, -0.0037091984, -0.0036911175, -0.0036817756, -0.0036647255, -0.0036530902, -0.0036500106, -0.003649924, -0.0036562795, -0.0036660538, -0.0036710773, -0.0036796033, -0.0036847836, -0.0036863543, -0.0036885927, -0.0036926132, -0.0036964174, -0.003709132, -0.0037289753, -0.0037539345, -0.0037671318, -0.003792032, -0.0038121361, -0.0038197562, -0.003830239, -0.0038359915, -0.0038405412, -0.0038434286, -0.0038520421, -0.0038652595, -0.0038732865, -0.003890355, -0.0039056588, -0.003911574, -0.0039180624, -0.003917405, -0.003911067, -0.0039066514, -0.0038968057, -0.0038868608, -0.003881651, -0.0038690793, -0.0038502123, -0.0038205944, -0.0038006154, -0.0037492905, -0.0036833466, -0.003645725, -0.0035638679, -0.0034769643, -0.0034326706, -0.0033437142, -0.0032536674, -0.0031599945, -0.003110863, -0.0030060513, -0.0028908614, -0.0028292125, -0.002698426, -0.002559183, -0.0024144687, -0.0023419322, -0.002207531, -0.0021298907, -0.002145161, -0.002369401, 0, 0, 0, 0, 0, 0, 0, 0, 0, 0, 0, 0, 0, 0, 0, 0, 0, 0
0, 0, 0, 0, 0, 0, 0, 0, 0, 0, 0, 0, 0, 0, 0, 0, 0, 0, 0, -0.0024062789, -0.002174452, -0.002161233, -0.002250321, -0.00239986, -0.0024793681, -0.0026356764, -0.0027840203, -0.0029242672, -0.0029918067, -0.0031218615, -0.0032448065, -0.0033031234, -0.003412225, -0.0035098377, -0.0035947533, -0.003632687, -0.0036998356, -0.003757476, -0.0037835173, -0.0038313428, -0.003875224, -0.0038958183, -0.003934076, -0.003967363, -0.0039944514, -0.004005312, -0.00402192, -0.004032356, -0.004035748, -0.004039796, -0.0040413328, -0.004040694, -0.0040394454, -0.004034222, -0.0040240893, -0.004016823, -0.0039977115, -0.003973253, -0.003959633, -0.0039314474, -0.003904093, -0.003879254, -0.0038680078, -0.0038470635, -0.0038272145, -0.0038172174, -0.0037962988, -0.0037741086, -0.0037520505, -0.0037418404, -0.0037251282, -0.0037155228, -0.0037139247, -0.003716952, -0.0037262468, -0.0037387472, -0.003744999, -0.0037558412, -0.003762849, -0.003764874, -0.0037669442, -0.0037686347, -0.0037703672, -0.0037776974, -0.00379126, -0.0038103168, -0.003821047, -0.0038431366, -0.0038636094, -0.0038726793, -0.0038883851, -0.0039016712, -0.0039146775, -0.003921715, -0.0039381115, -0.0039581377, -0.003969247, -0.0039923936, -0.0040141875, -0.004023632, -0.0040383707, -0.004046839, -0.0040491866, -0.004048276, -0.0040429044, -0.004032933, -0.004026083, -0.00400746, -0.003979908, -0.003940713, -0.00391604, -0.0038564806, -0.0037848596, -0.003745703, -0.0036636486, -0.003580109, -0.003538684, -0.0034564044, -0.0033726026, -0.0032822625, -0.0032328197, -0.0031220168, -0.0029922635, -0.002919785, -0.0027605924, -0.0025853028, -0.0024001931, -0.0023074576, -0.0021387003, -0.0020543328, -0.0020945685, -0.0025487738, 0, 0, 0, 0, 0, 0, 0, 0, 0, 0, 0, 0, 0, 0, 0, 0, 0, 0
0, 0, 0, 0, 0, 0, 0, 0, 0, 0, 0, 0, 0, 0, 0, 0, 0, 0, 0, -0.0026800947, -0.0022077844, -0.0021641813, -0.0022430024, -0.0024008672, -0.0024857488, -0.0026522381, -0.0028106954, -0.0029624158, -0.003036389, -0.003181115, -0.0033207696, -0.0033879795, -0.0035151185, -0.0036302332, -0.0037310452, -0.0037758516, -0.0038544575, -0.0039198757, -0.0039483714, -0.0039986065, -0.0040419437, -0.0040616314, -0.004097869, -0.004129775, -0.0041564796, -0.004167696, -0.004185332, -0.0041968008, -0.004200421, -0.0042042457, -0.0042040446, -0.004200749, -0.0041979905, -0.004190337, -0.004179648, -0.0041730725, -0.0041575893, -0.004138924, -0.0041285865, -0.004106718, -0.0040840353, -0.004061273, -0.0040498693, -0.0040266095, -0.004002852, -0.003990695, -0.003966026, -0.003941661, -0.0039188084, -0.003908474, -0.0038911963, -0.003879839, -0.0038766514, -0.0038750966, -0.0038785855, -0.0038850529, -0.0038886964, -0.003895504, -0.0039006523, -0.003902411, -0.0039045368, -0.0039060095, -0.0039072274, -0.003911963, -0.003921224, -0.0039352216, -0.003943777, -0.0039628563, -0.003983252, -0.003993527, -0.004013875, -0.0040335157, -0.004052675, -0.0040624025, -0.0040826406, -0.004103991, -0.004114926, -0.004136477, -0.0041559446, -0.004164217, -0.004177181, -0.004184529, -0.0041854666, -0.0041834596, -0.004174255, -0.004158304, -0.0041478667, -0.0041218153, -0.0040881885, -0.004045766, -0.004020946, -0.003963997, -0.0038985366, -0.0038632671, -0.003789409, -0.0037128679, -0.0036739311, -0.0035940136, -0.003508589, -0.0034127857, -0.0033592465, -0.0032373704, -0.0030925118, -0.003010919, -0.0028297042, -0.002627208, -0.0024092766, -0.0022980098, -0.0020864685, -0.0019384845, -0.0019192282, -0.0020179325, 0, 0, 0, 0, 0, 0, 0, 0, 0, 0, 0, 0, 0, 0, 0, 0, 0, 0
0, 0, 0, 0, 0, 0, 0, 0, 0, 0, 0, 0, 0, 0, 0, 0, 0, 0, 0, -0.0021774343, -0.002078443, -0.0020975932, -0.002239246, -0.002432824, -0.0025312789, -0.0027199953, -0.0028957673, -0.0030610983, -0.003140718, -0.0032948176, -0.0034419135, -0.0035124288, -0.003646001, -0.003768193, -0.0038771466, -0.003926579, -0.004015099, -0.0040908805, -0.004124323, -0.0041833706, -0.00423334, -0.0042553293, -0.0042944504, -0.0043273503, -0.0043541966, -0.004365332, -0.004382874, -0.0043944195, -0.004398093, -0.0044019734, -0.0044014473, -0.0043973397, -0.0043941764, -0.0043862993, -0.004377093, -0.0043721246, -0.0043617897, -0.0043504187, -0.004344209, -0.0043307575, -0.0043157404, -0.0042990656, -0.0042900066, -0.0042707766, -0.0042501534, -0.004239621, -0.004218731, -0.0041985298, -0.004179474, -0.0041704453, -0.0041534533, -0.0041384585, -0.0041318485, -0.004120748, -0.0041127154, -0.004107532, -0.004106086, -0.00410527, -0.004106888, -0.0041083847, -0.004112234, -0.0041169506, -0.0041197166, -0.004126179, -0.0041347924, -0.0041460283, -0.004152837, -0.0041687796, -0.0041874736, -0.00419765, -0.004218729, -0.0042396244, -0.0042586713, -0.0042674467, -0.00428354, -0.0042976276, -0.004304051, -0.004315387, -0.004324129, -0.0043273373, -0.004331003, -0.0043303086, -0.0043240804, -0.004318594, -0.004302594, -0.004280158, -0.0042669256, -0.004236886, -0.004202746, -0.0041643283, -0.0041432837, -0.0040970366, -0.00404436, -0.004015196, -0.0039506983, -0.0038774903, -0.0038373591, -0.003749648, -0.0036511426, -0.0035403145, -0.0034795378, -0.0033457365, -0.0031931123, -0.0031090924, -0.002924882, -0.0027190666, -0.0024940744, -0.0023769108, -0.0021484613, -0.001979443, -0.0019510874, -0.0020525947, 0, 0, 0, 0, 0, 0, 0, 0, 0, 0, 0, 0, 0, 0, 0, 0, 0, 0
0, 0, 0, 0, 0, 0, 0, 0, 0, 0, 0, 0, 0, 0, 0, 0, 0, 0, 0, -0.002199108, -0.0020957026, -0.0021256637, -0.0022960121, -0.0025198588, -0.002632524, -0.0028467516, -0.0030431163, -0.003222801, -0.00330704, -0.0034651114, -0.0036102822, -0.003678284, -0.0038056348, -0.0039222133, -0.0040287124, -0.0040784916, -0.0041714148, -0.004255576, -0.004294344, -0.0043648314, -0.0044253017, -0.0044517843, -0.004497382, -0.0045341486, -0.004563191, -0.0045751785, -0.0045948545, -0.0046093897, -0.004614997, -0.004623165, -0.0046273815, -0.0046277246, -0.0046266913, -0.0046225763, -0.004617284, -0.004614559, -0.0046089804, -0.0046033543, -0.0046002064, -0.004593, -0.0045840354, -0.004573146, -0.0045670676, -0.004553867, -0.0045400728, -0.0045332955, -0.0045207054, -0.0045093275, -0.0044983416, -0.0044926093, -0.0044799284, -0.0044651143, -0.004456952, -0.00443994, -0.0044235312, -0.0044097053, -0.0044043604, -0.004397857, -0.0043972884, -0.004398951, -0.004405223, -0.0044137244, -0.0044182306, -0.004426929, -0.0044351765, -0.004443406, -0.004447889, -0.0044584177, -0.0044716015, -0.0044790604, -0.0044949288, -0.0045098397, -0.004521611, -0.0045258454, -0.004530736, -0.0045317365, -0.0045310133, -0.004528029, -0.004523765, -0.004521279, -0.004515377, -0.0045072264, -0.0044949898, -0.0044867424, -0.004465735, -0.004438896, -0.004423798, -0.0043916414, -0.0043580323, -0.0043236814, -0.0043060267, -0.0042687026, -0.004225286, -0.0041999887, -0.0041394765, -0.0040627583, -0.0040179202, -0.0039156224, -0.0037989658, -0.0036711455, -0.0036038093, -0.0034632876, -0.0033139875, -0.0032353327, -0.0030674965, -0.0028817295, -0.0026750292, -0.0025650526, -0.0023471944, -0.0021903685, -0.0021735642, -0.0023104532, 0, 0, 0, 0, 0, 0, 0, 0, 0, 0, 0, 0, 0, 0, 0, 0, 0, 0
0, 0, 0, 0, 0, 0, 0, 0, 0, 0, 0, 0, 0, 0, 0, 0, 0, 0, 0, -0.0023893805, -0.0022487154, -0.0022672636, -0.002433748, -0.0026677363, -0.00278765, -0.003017374, -0.0032276474, -0.003416841, -0.003503423, -0.0036609517, -0.0037989668, -0.0038616166, -0.003976721, -0.004081535, -0.004179757, -0.0042271907, -0.0043196008, -0.004408265, -0.0044506784, -0.0045299456, -0.004599388, -0.0046297684, -0.0046819816, -0.004723784, -0.0047575077, -0.0047721514, -0.004798206, -0.0048211436, -0.004831594, -0.004850398, -0.0048657237, -0.0048768, -0.0048806313, -0.004885325, -0.0048871865, -0.004887456, -0.0048873825, -0.004886579, -0.004885829, -0.004883322, -0.004879175, -0.0048734327, -0.0048700874, -0.0048628463, -0.004855893, -0.004853012, -0.004848692, -0.004846366, -0.00484479, -0.0048436737, -0.004839214, -0.0048308484, -0.0048251543, -0.0048113856, -0.004796419, -0.0047828667, -0.004777587, -0.004771305, -0.004771237, -0.0047732373, -0.004780225, -0.0047886926, -0.0047926544, -0.004798953, -0.0048025222, -0.0048039407, -0.0048043774, -0.004805762, -0.0048091137, -0.0048114494, -0.0048168907, -0.0048209354, -0.004821353, -0.0048194714, -0.0048118317, -0.004799722, -0.004792598, -0.00477797, -0.004764317, -0.0047582407, -0.0047471863, -0.0047358745, -0.004721214, -0.0047117453, -0.0046874173, -0.004656089, -0.004638403, -0.0046006707, -0.0045619113, -0.0045237755, -0.0045049563, -0.0044662743, -0.004422314, -0.0043963976, -0.004332623, -0.004249245, -0.0041997237, -0.0040862, -0.003957969, -0.0038214843, -0.003752076, -0.0036131022, -0.0034745003, -0.0034045624, -0.0032591769, -0.0030996802, -0.0029187733, -0.002820724, -0.002624321, -0.0024907985, -0.0024893314, -0.0026622517, 0, 0, 0, 0, 0, 0, 0, 0, 0, 0, 0, 0, 0, 0, 0, 0, 0, 0
0, 0, 0, 0, 0, 0, 0, 0, 0, 0, 0, 0, 0, 0, 0, 0, 0, 0, 0, -0.0026815783, -0.0024993806, -0.0024986893, -0.0026395232, -0.002860507, -0.0029770583, -0.0032041396, -0.0034147291, -0.0036043876, -0.0036904844, -0.0038447124, -0.0039763288, -0.0040349537, -0.004141181, -0.0042379205, -0.0043304074, -0.0043761334, -0.004467373, -0.004557509, -0.004601327, -0.004684095, -0.004757148, -0.004789418, -0.0048451787, -0.004891248, -0.004930988, -0.0049494645, -0.004985258, -0.0050203, -0.0050375364, -0.0050709597, -0.0051011425, -0.0051266765, -0.005137332, -0.0051541715, -0.005166281, -0.0051710336, -0.00517879, -0.005185339, -0.0051881284, -0.0051928223, -0.005196073, -0.0051977695, -0.005198075, -0.005197868, -0.0051974324, -0.005197558, -0.005199097, -0.0052027344, -0.00520781, -0.00521026, -0.0052140863, -0.0052151894, -0.0052145356, -0.0052110096, -0.0052056788, -0.005200491, -0.005198641, -0.0051972377, -0.005199029, -0.00520086, -0.0052048624, -0.005207543, -0.0052077556, -0.005205198, -0.0051988256, -0.005189725, -0.0051847897, -0.0051753577, -0.0051674773, -0.0051642586, -0.0051583364, -0.0051514218, -0.005141056, -0.005134174, -0.0051167444, -0.005095706, -0.0050845454, -0.0050626528, -0.005043463, -0.0050352323, -0.0050209565, -0.0050072046, -0.0049897586, -0.0049783853, -0.0049487576, -0.0049098497, -0.004887399, -0.004838438, -0.004786919, -0.0047356053, -0.004710356, -0.0046598637, -0.0046059135, -0.004575804, -0.0045055593, -0.0044183484, -0.0043678163, -0.004254478, -0.00412871, -0.0039966363, -0.0039301803, -0.0037983381, -0.0036686808, -0.0036036815, -0.0034690183, -0.0033204115, -0.0031510422, -0.0030598366, -0.0028843456, -0.0027933693, -0.0028259412, -0.0030746288, 0, 0, 0, 0, 0, 0, 0, 0, 0, 0, 0, 0, 0, 0, 0, 0, 0, 0
0, 0, 0, 0, 0, 0, 0, 0, 0, 0, 0, 0, 0, 0, 0, 0, 0, 0, 0, -0.0031121254, -0.0028406922, -0.0027964818, -0.0028759262, -0.0030617102, -0.0031665885, -0.0033771, -0.0035769849, -0.0037596098, -0.0038432924, -0.0039942376, -0.004124315, -0.0041826153, -0.004289179, -0.004387249, -0.004481726, -0.004528361, -0.004621028, -0.0047117476, -0.004755538, -0.00483774, -0.0049104225, -0.0049427464, -0.0049999263, -0.005049599, -0.005095528, -0.0051181703, -0.005163901, -0.0052109356, -0.005234658, -0.005281641, -0.005325876, -0.005365234, -0.0053825947, -0.005412361, -0.0054364805, -0.0054469956, -0.0054660933, -0.00548388, -0.0054925364, -0.00550914, -0.0055246213, -0.005538206, -0.0055441377, -0.0055540525, -0.0055616763, -0.0055649364, -0.005571015, -0.005577638, -0.0055852523, -0.005589371, -0.00559785, -0.0056059044, -0.005609683, -0.0056163142, -0.0056217383, -0.005626113, -0.0056280345, -0.005631272, -0.005633229, -0.005633393, -0.005630971, -0.005624127, -0.005618874, -0.0056050234, -0.0055878954, -0.005569363, -0.005560135, -0.0055426625, -0.005527041, -0.0055198516, -0.00550587, -0.0054908493, -0.005472486, -0.0054617985, -0.005437317, -0.0054095974, -0.0053951447, -0.0053667137, -0.005340636, -0.005328692, -0.0053066597, -0.0052844738, -0.0052580787, -0.005242004, -0.005202424, -0.0051522185, -0.0051235454, -0.005060795, -0.004993664, -0.00492564, -0.0048919898, -0.0048255725, -0.004758346, -0.004723246, -0.004647299, -0.0045608436, -0.004513288, -0.004409619, -0.0042964984, -0.0041766013, -0.004114973, -0.003989127, -0.0038588624, -0.0037911325, -0.0036460361, -0.003482128, -0.0032967182, -0.003200082, -0.0030320163, -0.003011091, -0.0031233472, -0.0035978125, 0, 0, 0, 0, 0, 0, 0, 0, 0, 0, 0, 0, 0, 0, 0, 0, 0, 0
0, 0, 0, 0, 0, 0, 0, 0, 0, 0, 0, 0, 0, 0, 0, 0, 0, 0, 0, -0.0037383859, -0.0032148655, -0.003077881, -0.0030622713, -0.0032137819, -0.0033098795, -0.0035081285, -0.0036982044, -0.0038734702, -0.0039548157, -0.0041046115, -0.004237905, -0.0042992686, -0.004413759, -0.0045205113, -0.004622616, -0.0046722884, -0.0047687567, -0.0048606284, -0.004904228, -0.0049858033, -0.005058655, -0.005091824, -0.0051523955, -0.0052078087, -0.0052611986, -0.005287919, -0.005342423, -0.0053983545, -0.00542664, -0.0054827267, -0.005536504, -0.005586068, -0.0056088036, -0.005649997, -0.005686098, -0.005702863, -0.005734847, -0.005766109, -0.00578166, -0.005812734, -0.005843111, -0.0058715306, -0.0058846236, -0.0059078718, -0.0059267096, -0.0059344266, -0.00594717, -0.005957257, -0.005966094, -0.00597043, -0.0059796507, -0.005989849, -0.0059953756, -0.0060067438, -0.006017823, -0.00602712, -0.00603056, -0.0060345484, -0.006033648, -0.006031082, -0.0060215252, -0.006006381, -0.0059970045, -0.005975999, -0.0059535755, -0.005931688, -0.0059212823, -0.0059017, -0.005883454, -0.0058743893, -0.005855421, -0.005833645, -0.0058077183, -0.0057929377, -0.0057601896, -0.005723959, -0.0057050637, -0.005666759, -0.0056287628, -0.0056100553, -0.0055727786, -0.0055340608, -0.0054911785, -0.0054671853, -0.0054132068, -0.005350398, -0.0053159357, -0.0052419235, -0.005163424, -0.005083151, -0.0050431094, -0.0049638804, -0.0048852903, -0.0048457407, -0.004764455, -0.004678619, -0.004633473, -0.0045382124, -0.0044352687, -0.004323891, -0.004264695, -0.00413798, -0.00399773, -0.003921354, -0.003751856, -0.0035555228, -0.0033321397, -0.0032159977, -0.0030173524, -0.003022075, -0.003219352, -0.0043110857, 0, 0, 0, 0, 0, 0, 0, 0, 0, 0, 0, 0, 0, 0, 0, 0, 0, 0
0, 0, 0, 0, 0, 0, 0, 0, 0, 0, 0, 0, 0, 0, 0, 0, 0, 0, 0, -0.004568861, -0.0033781917, -0.0031510307, -0.003102545, -0.003268603, -0.0033722683, -0.0035792184, -0.0037707372, -0.0039445288, -0.0040253787, -0.0041765296, -0.0043149902, -0.004380268, -0.0045039165, -0.004619891, -0.0047294307, -0.0047818543, -0.004881995, -0.0049757664, -0.0050202776, -0.0051046317, -0.0051827417, -0.0052196863, -0.005289803, -0.0053560752, -0.0054200795, -0.005451609, -0.005514302, -0.0055766483, -0.0056076013, -0.0056686536, -0.00572802, -0.005784426, -0.005811288, -0.0058621373, -0.005909353, -0.0059320005, -0.0059758965, -0.006018881, -0.006040332, -0.006083179, -0.0061258553, -0.0061675576, -0.006187589, -0.006224936, -0.0062573575, -0.006271286, -0.0062943986, -0.00631151, -0.006323925, -0.006328962, -0.006338059, -0.0063474504, -0.0063526044, -0.0063637253, -0.0063749272, -0.006384108, -0.0063872254, -0.006389296, -0.0063851466, -0.006380605, -0.0063671297, -0.006349135, -0.0063390634, -0.006318359, -0.006298098, -0.006279285, -0.0062702824, -0.0062524118, -0.006233081, -0.0062222374, -0.006197287, -0.006166776, -0.006130323, -0.006110036, -0.006066151, -0.006019055, -0.0059945835, -0.005944427, -0.0058923727, -0.005865575, -0.005810028, -0.005751157, -0.0056881905, -0.005654951, -0.005584971, -0.0055103116, -0.0054714805, -0.005391307, -0.005308266, -0.0052233264, -0.005180317, -0.005093684, -0.005005919, -0.004961456, -0.0048709, -0.0047772755, -0.004729126, -0.004629199, -0.0045229373, -0.0044077854, -0.004345873, -0.0042111115, -0.004058283, -0.0039735246, -0.003783683, -0.0035618697, -0.003307291, -0.0031722237, -0.002919674, -0.00279536, -0.0028299934, 0, 0, 0, 0, 0, 0, 0, 0, 0, 0, 0, 0, 0, 0, 0, 0, 0, 0, 0
0, 0, 0, 0, 0, 0, 0, 0, 0, 0, 0, 0, 0, 0, 0, 0, 0, 0, 0, 0, -0.0029587958, -0.0029152867, -0.0030177839, -0.0032436657, -0.0033647495, -0.0035925088, -0.0037936587, -0.0039717094, -0.0040540905, -0.004208509, -0.004351728, -0.0044196676, -0.0045488533, -0.00466977, -0.0047826176, -0.004836259, -0.0049383803, -0.005035063, -0.0050818613, -0.0051734084, -0.0052626864, -0.005306457, -0.005391913, -0.005473819, -0.0055517266, -0.005589059, -0.005660607, -0.0057289405, -0.005762164, -0.005827486, -0.0058919275, -0.0059555, -0.0059867864, -0.0060478793, -0.006106285, -0.0061342777, -0.006187798, -0.0062382678, -0.0062627904, -0.006311206, -0.0063597052, -0.006408954, -0.006433629, -0.0064820326, -0.0065271948, -0.0065476787, -0.006583216, -0.0066107837, -0.006630564, -0.0066379937, -0.0066496683, -0.0066593983, -0.0066642407, -0.006674542, -0.0066850055, -0.0066937245, -0.0066966307, -0.006698585, -0.0066943704, -0.006690016, -0.0066775093, -0.006661864, -0.0066536414, -0.006637496, -0.0066223736, -0.0066076843, -0.0065999883, -0.0065820906, -0.006558877, -0.006544642, -0.0065102424, -0.0064678863, -0.0064188074, -0.006392419, -0.0063372874, -0.006280551, -0.006251666, -0.0061926804, -0.006130566, -0.0060978616, -0.0060282783, -0.005953102, -0.005872869, -0.005831369, -0.0057467297, -0.0056615444, -0.005619217, -0.005534892, -0.0054504406, -0.005364295, -0.005319887, -0.005227616, -0.005129552, -0.0050781434, -0.004971009, -0.004858299, -0.004800152, -0.004680332, -0.0045555634, -0.0044241464, -0.0043552113, -0.004208494, -0.0040464993, -0.0039583268, -0.0037639183, -0.0035415392, -0.0032923024, -0.00316319, -0.0029340722, -0.0028564774, -0.0029248497, 0, 0, 0, 0, 0, 0, 0, 0, 0, 0, 0, 0, 0, 0, 0, 0, 0, 0, 0
0, 0, 0, 0, 0, 0, 0, 0, 0, 0, 0, 0, 0, 0, 0, 0, 0, 0, 0, 0, -0.0029784788, -0.002909933, -0.002984229, -0.0032044319, -0.0033270514, -0.0035614923, -0.0037696164, -0.003953977, -0.004039151, -0.0041988366, -0.0043465914, -0.0044164243, -0.0045486474, -0.0046711997, -0.0047850274, -0.0048392443, -0.004943694, -0.0050452272, -0.0050958567, -0.0051976833, -0.005300889, -0.0053525977, -0.005454615, -0.0055525224, -0.0056441175, -0.0056870775, -0.0057677976, -0.0058429665, -0.0058792573, -0.005951248, -0.00602396, -0.0060980525, -0.006135459, -0.006209367, -0.0062800082, -0.0063131996, -0.006374655, -0.006429393, -0.006454727, -0.0065032686, -0.0065516834, -0.006602331, -0.0066286735, -0.006682843, -0.0067364895, -0.006762082, -0.0068085217, -0.0068467017, -0.0068755643, -0.0068868175, -0.0069045643, -0.0069184485, -0.0069248592, -0.0069376896, -0.0069505703, -0.0069622123, -0.0069667473, -0.006972105, -0.0069714384, -0.0069687995, -0.0069594537, -0.0069465064, -0.006939454, -0.006925324, -0.006911481, -0.006896563, -0.00688784, -0.0068658963, -0.0068356316, -0.0068169325, -0.006772133, -0.0067186616, -0.0066590547, -0.0066280374, -0.0065654297, -0.0065034414, -0.006472757, -0.0064106304, -0.0063453116, -0.006310492, -0.0062349057, -0.0061513614, -0.006060615, -0.0060133887, -0.0059173186, -0.005821919, -0.005775169, -0.0056838095, -0.0055941218, -0.0055027707, -0.005455149, -0.005353763, -0.005242093, -0.0051820073, -0.0050539067, -0.004916536, -0.0048450986, -0.0046985215, -0.0045483857, -0.0043954095, -0.004317591, -0.004157872, -0.0039900527, -0.0039017654, -0.0037134583, -0.0035068544, -0.0032876073, -0.0031827898, -0.003040936, -0.003154546, -0.003368682, 0, 0, 0, 0, 0, 0, 0, 0, 0, 0, 0, 0, 0, 0, 0, 0, 0, 0, 0
0, 0, 0, 0, 0, 0, 0, 0, 0, 0, 0, 0, 0, 0, 0, 0, 0, 0, 0, 0, -0.0033097186, -0.0031044784, -0.0030062173, -0.0031593568, -0.0032683355, -0.0034936087, -0.0037040024, -0.0038950196, -0.003984139, -0.00415204, -0.0043072444, -0.004380512, -0.004518225, -0.004645278, -0.0047634477, -0.004820114, -0.004930705, -0.0050407797, -0.005096469, -0.005210144, -0.0053262473, -0.005384491, -0.0054991287, -0.00560821, -0.005709029, -0.0057561053, -0.005844039, -0.005926278, -0.0059665227, -0.0060474025, -0.0061312634, -0.0062184264, -0.0062627573, -0.0063504125, -0.0064332937, -0.006471607, -0.006540546, -0.0065991865, -0.0066253534, -0.006673801, -0.006721076, -0.0067710853, -0.00679772, -0.006853707, -0.006911177, -0.006939361, -0.0069919494, -0.0070370785, -0.0070731454, -0.007087935, -0.007112344, -0.0071324375, -0.007141788, -0.007160294, -0.0071786307, -0.0071955626, -0.007202707, -0.007212777, -0.007215773, -0.0072142947, -0.00720562, -0.007191273, -0.007182705, -0.007164534, -0.007145601, -0.007125239, -0.0071136258, -0.007085783, -0.007049546, -0.0070278323, -0.006977029, -0.006917819, -0.0068533607, -0.0068202154, -0.0067545, -0.006690644, -0.0066594617, -0.006597176, -0.00653211, -0.006497294, -0.0064214272, -0.006335801, -0.006240796, -0.0061903754, -0.006085978, -0.0059797685, -0.005927074, -0.0058230665, -0.005720314, -0.0056157056, -0.005561378, -0.0054460396, -0.0053192237, -0.00525098, -0.005104907, -0.0049477043, -0.00486577, -0.0046974453, -0.004526067, -0.004353752, -0.004267504, -0.0040941983, -0.003917929, -0.0038275574, -0.003640033, -0.0034410886, -0.0032377718, -0.0031458347, -0.0030555935, -0.0033441598, -0.0037958482, 0, 0, 0, 0, 0, 0, 0, 0, 0, 0, 0, 0, 0, 0, 0, 0, 0, 0, 0
0, 0, 0, 0, 0, 0, 0, 0, 0, 0, 0, 0, 0, 0, 0, 0, 0, 0, 0, 0, -0.0036565857, -0.0032289117, -0.002968279, -0.0030767613, -0.0031768018, -0.003395555, -0.0036087183, -0.0038084087, -0.0039033175, -0.0040837927, -0.004252017, -0.0043315743, -0.004481824, -0.004620871, -0.0047508907, -0.004813595, -0.0049367244, -0.0050595296, -0.005121472, -0.0052466607, -0.0053726556, -0.00543494, -0.005555993, -0.0056697777, -0.0057745907, -0.005823652, -0.0059162537, -0.0060047335, -0.0060487096, -0.006138454, -0.006232502, -0.0063303933, -0.006379947, -0.0064774347, -0.00656879, -0.0066109, -0.006686462, -0.0067508705, -0.006779648, -0.0068328744, -0.006884104, -0.006937233, -0.0069650547, -0.0070228656, -0.0070817033, -0.0071103987, -0.0071639866, -0.0072104023, -0.0072483565, -0.0072644483, -0.0072922134, -0.0073164334, -0.0073280567, -0.0073513584, -0.00737442, -0.0073953387, -0.0074042315, -0.0074166204, -0.007420096, -0.007418059, -0.0074065938, -0.0073870085, -0.00737516, -0.007349348, -0.0073225247, -0.0072951736, -0.007280891, -0.007249369, -0.0072116842, -0.0071898988, -0.0071399156, -0.0070817657, -0.007017688, -0.0069843754, -0.006917038, -0.00685051, -0.006817732, -0.0067524826, -0.0066850265, -0.00664943, -0.0065727374, -0.0064865747, -0.0063899597, -0.006337833, -0.0062274556, -0.0061112144, -0.006051914, -0.005932217, -0.005811569, -0.0056889085, -0.0056260433, -0.0054953545, -0.0053559598, -0.0052823727, -0.005126896, -0.004960766, -0.004874207, -0.004695583, -0.0045119845, -0.0043256404, -0.0042318227, -0.0040426375, -0.0038501986, -0.003751967, -0.0035495355, -0.0033377688, -0.0031231833, -0.0030245155, -0.0028986416, -0.0029829713, -0.003094613, 0, 0, 0, 0, 0, 0, 0, 0, 0, 0, 0, 0, 0, 0, 0, 0, 0, 0, 0
0, 0, 0, 0, 0, 0, 0, 0, 0, 0, 0, 0, 0, 0, 0, 0, 0, 0, 0, 0, -0.0030462407, -0.0029343762, -0.002845902, -0.0029681805, -0.0030667733, -0.0032852732, -0.003505443, -0.0037178067, -0.0038204745, -0.0040180096, -0.004204292, -0.004292942, -0.0044613658, -0.0046186047, -0.004766703, -0.0048382776, -0.00497851, -0.00511668, -0.00518522, -0.005321213, -0.0054540234, -0.0055184527, -0.00564186, -0.005756758, -0.005863033, -0.005913402, -0.0060101217, -0.0061045415, -0.0061519537, -0.0062487796, -0.0063489545, -0.006451194, -0.00650216, -0.0066014193, -0.0066941804, -0.0067374096, -0.0068168533, -0.0068879724, -0.006921067, -0.0069839866, -0.0070452928, -0.0071069417, -0.007138118, -0.0072001982, -0.0072602187, -0.007288498, -0.0073399837, -0.007383231, -0.0074182744, -0.007433227, -0.0074596014, -0.00748378, -0.0074957083, -0.0075198608, -0.0075435936, -0.007564765, -0.007573371, -0.0075845565, -0.00758569, -0.007582122, -0.0075670662, -0.007542995, -0.007528555, -0.00749717, -0.007465069, -0.0074335444, -0.007417963, -0.0073860683, -0.007350849, -0.007331102, -0.0072860364, -0.0072323363, -0.007170618, -0.0071373, -0.0070672133, -0.0069945487, -0.0069578295, -0.0068838233, -0.006807997, -0.006769028, -0.0066870535, -0.006597823, -0.0064993096, -0.0064462298, -0.006332539, -0.0062098857, -0.0061459634, -0.0060142623, -0.0058790217, -0.005741081, -0.005671165, -0.0055287704, -0.005381738, -0.0053058215, -0.0051482064, -0.004981426, -0.004894408, -0.004713258, -0.004523394, -0.0043258583, -0.0042244517, -0.0040161237, -0.0037998261, -0.0036882195, -0.0034572447, -0.0032175884, -0.002984679, -0.002886455, -0.0028064505, -0.0030437678, -0.0032591848, 0, 0, 0, 0, 0, 0, 0, 0, 0, 0, 0, 0, 0, 0, 0, 0, 0, 0, 0
0, 0, 0, 0, 0, 0, 0, 0, 0, 0, 0, 0, 0, 0, 0, 0, 0, 0, 0, 0, -0.0033389973, -0.0031073897, -0.0028304358, -0.002878777, -0.0029654903, -0.0031839937, -0.0034188372, -0.0036508255, -0.0037636312, -0.003981241, -0.0041866223, -0.0042844717, -0.0044707945, -0.0046458114, -0.0048117363, -0.0048920796, -0.0050488748, -0.0052016457, -0.005276371, -0.005421879, -0.005560438, -0.0056266394, -0.0057522724, -0.005869181, -0.0059788465, -0.006031559, -0.006134713, -0.006236637, -0.006287681, -0.0063903634, -0.00649318, -0.0065944134, -0.0066435486, -0.006737894, -0.006825983, -0.006867713, -0.00694707, -0.0070225038, -0.0070593264, -0.0071319225, -0.007203945, -0.0072750943, -0.007310033, -0.0073770285, -0.00743815, -0.007465877, -0.0075145867, -0.007554244, -0.00758571, -0.007599129, -0.0076229624, -0.007644984, -0.00765584, -0.007677443, -0.007698298, -0.007716013, -0.0077227913, -0.007730598, -0.007729014, -0.0077245045, -0.007708278, -0.0076839486, -0.007669539, -0.0076380437, -0.0076053957, -0.007573254, -0.0075575663, -0.007526092, -0.0074928096, -0.0074745533, -0.007432853, -0.007382171, -0.007321456, -0.007287436, -0.007213154, -0.0071324366, -0.007090519, -0.0070047267, -0.006917354, -0.0068730474, -0.0067824936, -0.006687995, -0.00658717, -0.0065337634, -0.006420096, -0.0062971585, -0.0062324395, -0.0060975216, -0.0059569473, -0.005812651, -0.005739492, -0.005591515, -0.005440832, -0.0053639016, -0.0052053253, -0.005038138, -0.0049505606, -0.004766508, -0.0045698625, -0.0043604425, -0.004250946, -0.0040221647, -0.0037798365, -0.0036532346, -0.003388781, -0.0031133487, -0.0028498082, -0.002744657, -0.0027068006, -0.0032454226, -0.0038507937, 0, 0, 0, 0, 0, 0, 0, 0, 0, 0, 0, 0, 0, 0, 0, 0, 0, 0, 0
0, 0, 0, 0, 0, 0, 0, 0, 0, 0, 0, 0, 0, 0, 0, 0, 0, 0, 0, 0, -0.004027982, -0.0033758795, -0.0027751217, -0.0027742079, -0.0028655075, -0.003110111, -0.0033754173, -0.003634675, -0.0037591641, -0.003996425, -0.0042170123, -0.004321289, -0.004519092, -0.004704975, -0.0048820022, -0.004968104, -0.0051365774, -0.0053003514, -0.0053799986, -0.00553392, -0.0056789233, -0.0057477565, -0.0058784224, -0.006000774, -0.006117233, -0.006174065, -0.006286098, -0.006397127, -0.006452225, -0.0065609636, -0.0066660624, -0.006765597, -0.0068127024, -0.006901463, -0.0069840145, -0.007023448, -0.0071000867, -0.007175894, -0.0072138216, -0.0072902334, -0.007366941, -0.0074419533, -0.007478171, -0.0075463066, -0.007606767, -0.007633756, -0.0076808566, -0.0077194846, -0.0077509847, -0.0077646174, -0.007788923, -0.007810517, -0.007820609, -0.007839387, -0.007855796, -0.0078684045, -0.007872779, -0.007876767, -0.007873499, -0.007869016, -0.007854602, -0.00783377, -0.007821352, -0.0077935723, -0.0077631976, -0.007731318, -0.00771503, -0.0076813814, -0.007645273, -0.007625605, -0.007581516, -0.0075290794, -0.007466546, -0.007431384, -0.00735363, -0.0072675515, -0.0072222133, -0.0071284696, -0.007032538, -0.0069841454, -0.006886646, -0.006787627, -0.006685189, -0.006632038, -0.0065208045, -0.0064018182, -0.006339318, -0.0062086717, -0.006071276, -0.005928757, -0.0058559147, -0.0057073827, -0.0055547548, -0.005476346, -0.0053139026, -0.005141684, -0.0050510624, -0.004859646, -0.004653521, -0.0044321115, -0.0043155286, -0.0040704864, -0.003808679, -0.0036710016, -0.0033810646, -0.003073734, -0.0027673992, -0.0026321574, -0.0024753914, -0.002559563, 0, 0, 0, 0, 0, 0, 0, 0, 0, 0, 0, 0, 0, 0, 0, 0, 0, 0, 0, 0
0, 0, 0, 0, 0, 0, 0, 0, 0, 0, 0, 0, 0, 0, 0, 0, 0, 0, 0, 0, 0, -0.002639092, -0.0025350288, -0.0026743093, -0.002803756, -0.0031033778, -0.0034075014, -0.0036938495, -0.0038283684, -0.004079556, -0.0043081376, -0.004414954, -0.00461598, -0.0048044818, -0.004984888, -0.0050731944, -0.005247282, -0.0054176683, -0.005500975, -0.005662201, -0.005814616, -0.0058871666, -0.00602536, -0.0061555705, -0.0062803673, -0.0063413847, -0.0064619137, -0.0065807886, -0.0066393376, -0.0067537413, -0.0068625696, -0.0069637424, -0.0070111128, -0.0070996536, -0.0071811886, -0.007219986, -0.0072951587, -0.007368864, -0.007405583, -0.0074791675, -0.0075521534, -0.0076229726, -0.0076568727, -0.007720496, -0.007777223, -0.007802953, -0.00784909, -0.00788915, -0.007923916, -0.007939588, -0.0079675, -0.007990999, -0.008001135, -0.008018066, -0.008030272, -0.008037925, -0.008039944, -0.008040353, -0.008035749, -0.008031462, -0.008019244, -0.008002, -0.007991439, -0.007966726, -0.007937243, -0.007903373, -0.007884878, -0.00784494, -0.007800618, -0.0077765835, -0.007724414, -0.0076656863, -0.007599523, -0.0075634043, -0.007485253, -0.007399923, -0.0073549817, -0.007261674, -0.007165321, -0.0071163774, -0.007017376, -0.006916539, -0.00681281, -0.006759444, -0.00664904, -0.006532674, -0.006472172, -0.0063461293, -0.0062138326, -0.00607579, -0.006004739, -0.0058580516, -0.005704352, -0.005624332, -0.0054567717, -0.0052775894, -0.0051831673, -0.0049839625, -0.0047704224, -0.0045424653, -0.004423052, -0.0041728644, -0.003906446, -0.0037662287, -0.0034694439, -0.0031508536, -0.0028273012, -0.002681599, -0.0025050126, -0.0025956703, 0, 0, 0, 0, 0, 0, 0, 0, 0, 0, 0, 0, 0, 0, 0, 0, 0, 0, 0, 0
0, 0, 0, 0, 0, 0, 0, 0, 0, 0, 0, 0, 0, 0, 0, 0, 0, 0, 0, 0, 0, -0.002670622, -0.0025670591, -0.0027388795, -0.0028856627, -0.0032147062, -0.0035394896, -0.0038383403, -0.00397686, -0.004232515, -0.0044624833, -0.004569154, -0.0047692787, -0.0049567455, -0.005137028, -0.0052258233, -0.005401935, -0.005575983, -0.0056617404, -0.0058290227, -0.0059885713, -0.006064989, -0.006210939, -0.0063482877, -0.00647893, -0.0065424517, -0.0066670016, -0.0067891427, -0.0068493127, -0.00696714, -0.0070800665, -0.0071863136, -0.007236616, -0.0073311497, -0.007417979, -0.007458851, -0.0075361314, -0.0076088174, -0.0076437886, -0.0077115954, -0.0077766795, -0.007838736, -0.007868321, -0.00792428, -0.00797563, -0.00799952, -0.008044242, -0.0080850925, -0.008122118, -0.008139035, -0.008169035, -0.008193325, -0.008203125, -0.008217834, -0.008226453, -0.008229806, -0.008229769, -0.008226603, -0.008219592, -0.008214662, -0.008201712, -0.008184171, -0.008173434, -0.008147656, -0.008115497, -0.008076677, -0.008054901, -0.0080067385, -0.0079527795, -0.007923783, -0.007862185, -0.0077961762, -0.0077261166, -0.007689602, -0.007613529, -0.007533324, -0.0074916356, -0.007405322, -0.007314971, -0.00726832, -0.007171642, -0.007070179, -0.006963431, -0.006908049, -0.0067931702, -0.0066732396, -0.006611372, -0.0064842394, -0.006352776, -0.0062168688, -0.006147095, -0.006002566, -0.005849804, -0.0057696, -0.0056005884, -0.005419296, -0.005323924, -0.00512407, -0.0049122977, -0.004689377, -0.0045736437, -0.004333446, -0.0040792227, -0.0039455616, -0.0036613392, -0.0033534607, -0.0030401112, -0.0029013804, -0.0027531742, -0.002892374, 0, 0, 0, 0, 0, 0, 0, 0, 0, 0, 0, 0, 0, 0, 0, 0, 0, 0, 0, 0
0, 0, 0, 0, 0, 0, 0, 0, 0, 0, 0, 0, 0, 0, 0, 0, 0, 0, 0, 0, 0, -0.0030326538, -0.0028655897, -0.0029938398, -0.0031282357, -0.0034417417, -0.0037564924, -0.004048087, -0.0041838093, -0.0044359965, -0.004664851, -0.004771675, -0.0049728653, -0.005161992, -0.005344204, -0.0054339767, -0.0056122253, -0.005789135, -0.0058767144, -0.0060484502, -0.006213719, -0.006293303, -0.006445121, -0.0065869507, -0.006719732, -0.006783459, -0.0069071003, -0.0070274584, -0.007086968, -0.007204661, -0.0073200115, -0.0074316286, -0.0074855355, -0.007588388, -0.00768336, -0.007727691, -0.0078097964, -0.0078835655, -0.007917741, -0.007981526, -0.008040217, -0.008094936, -0.008120986, -0.008170893, -0.008217893, -0.00824031, -0.008282635, -0.008321298, -0.00835554, -0.008370807, -0.0083970465, -0.008417215, -0.008424862, -0.008435577, -0.008440463, -0.008440319, -0.008438469, -0.00843169, -0.00842065, -0.008413528, -0.008395912, -0.008373081, -0.008359616, -0.008328177, -0.0082905395, -0.008246389, -0.008221934, -0.008168453, -0.008109131, -0.008077465, -0.008010705, -0.007940227, -0.007867291, -0.007830184, -0.00775483, -0.0076776734, -0.0076382486, -0.0075572585, -0.007471801, -0.0074268957, -0.0073316367, -0.0072279326, -0.007115608, -0.007056333, -0.0069325073, -0.006803275, -0.006737211, -0.0066031297, -0.006467196, -0.0063296463, -0.0062597445, -0.0061166873, -0.005966662, -0.0058881924, -0.005723425, -0.0055478117, -0.005456058, -0.0052653183, -0.005066141, -0.004859392, -0.004753211, -0.0045341495, -0.0043028886, -0.004180841, -0.0039197905, -0.0036346014, -0.003345034, -0.0032206047, -0.0031114835, -0.003299399, 0, 0, 0, 0, 0, 0, 0, 0, 0, 0, 0, 0, 0, 0, 0, 0, 0, 0, 0, 0
0, 0, 0, 0, 0, 0, 0, 0, 0, 0, 0, 0, 0, 0, 0, 0, 0, 0, 0, 0, 0, -0.0036099383, -0.0033253743, -0.0033479652, -0.0034461177, -0.0037112744, -0.003997507, -0.004272752, -0.0044037616, -0.004652096, -0.0048831077, -0.004992567, -0.005200727, -0.0053972737, -0.0055858702, -0.0056782006, -0.0058605084, -0.006040668, -0.0061298013, -0.0063053207, -0.0064751306, -0.0065571554, -0.0067137456, -0.006858956, -0.006992961, -0.007056376, -0.007177837, -0.00729499, -0.0073528374, -0.007468153, -0.007583332, -0.0076973946, -0.007753315, -0.007861292, -0.00796174, -0.008008406, -0.008093811, -0.008168914, -0.008203068, -0.008265642, -0.008322284, -0.008374731, -0.008399912, -0.008448426, -0.00849435, -0.008515948, -0.008555592, -0.0085892, -0.008615967, -0.008626775, -0.008643657, -0.0086550275, -0.008658992, -0.008663851, -0.008664872, -0.008662068, -0.008659036, -0.008649206, -0.008633651, -0.008623546, -0.008598643, -0.008567573, -0.00855, -0.008511006, -0.008467683, -0.008420515, -0.00839549, -0.008342612, -0.008285129, -0.008254392, -0.008188759, -0.008117718, -0.008042187, -0.008003126, -0.007923152, -0.007841424, -0.0077999867, -0.0077154925, -0.0076273126, -0.007581222, -0.0074831084, -0.00737551, -0.007257405, -0.007194601, -0.007062616, -0.0069243847, -0.006853901, -0.0067115393, -0.0065690796, -0.0064270208, -0.006355802, -0.006211909, -0.0060636173, -0.005986948, -0.005827744, -0.005660453, -0.005573886, -0.0053958306, -0.0052123237, -0.005023994, -0.00492777, -0.004729728, -0.0045198337, -0.0044083605, -0.0041685803, -0.0039073066, -0.0036524148, -0.0035543113, -0.0035278853, -0.0038163078, 0, 0, 0, 0, 0, 0, 0, 0, 0, 0, 0, 0, 0, 0, 0, 0, 0, 0, 0, 0
0, 0, 0, 0, 0, 0, 0, 0, 0, 0, 0, 0, 0, 0, 0, 0, 0, 0, 0, 0, 0, -0.004406947, -0.0038136372, -0.0036449754, -0.0036967641, -0.0039176363, -0.0041877413, -0.004458168, -0.0045893206, -0.004842446, -0.0050826813, -0.005197801, -0.0054181204, -0.005626172, -0.0058240355, -0.0059200507, -0.0061079627, -0.0062922193, -0.006383242, -0.006562783, -0.00673766, -0.0068224925, -0.006984984, -0.007135848, -0.0072744912, -0.007339519, -0.0074627525, -0.0075799557, -0.0076373904, -0.0077513293, -0.007865022, -0.007977925, -0.008033394, -0.008140667, -0.008240242, -0.008286307, -0.008370447, -0.008444191, -0.008477893, -0.008540149, -0.008597729, -0.008652235, -0.008678663, -0.008729581, -0.008776859, -0.008798372, -0.0088354675, -0.008863196, -0.008881091, -0.008886799, -0.008893216, -0.008895231, -0.0088952985, -0.008894361, -0.008892235, -0.00888796, -0.008884441, -0.008873048, -0.008854358, -0.008841811, -0.008810565, -0.008772045, -0.008750737, -0.008705431, -0.008658241, -0.008610574, -0.008586673, -0.008537987, -0.0084861955, -0.008458289, -0.008396841, -0.008326721, -0.00824778, -0.008205342, -0.008116119, -0.008022937, -0.007975529, -0.007879739, -0.007782335, -0.007732603, -0.0076293144, -0.007518607, -0.0073986067, -0.00733489, -0.0072005126, -0.0070587, -0.0069859414, -0.006838351, -0.0066899145, -0.006541869, -0.0064679477, -0.006319115, -0.006167413, -0.006089765, -0.0059300424, -0.005764132, -0.0056789904, -0.005505136, -0.0053273123, -0.005145844, -0.005053421, -0.0048631174, -0.004660824, -0.0045529897, -0.0043207034, -0.004072321, -0.0038534366, -0.0037960783, -0.003948018, -0.0045327027, 0, 0, 0, 0, 0, 0, 0, 0, 0, 0, 0, 0, 0, 0, 0, 0, 0, 0, 0, 0
0, 0, 0, 0, 0, 0, 0, 0, 0, 0, 0, 0, 0, 0, 0, 0, 0, 0, 0, 0, 0, -0.005427238, -0.004032535, -0.00371417, -0.0037602952, -0.003999453, -0.0042919456, -0.0045808363, -0.0047203535, -0.004989178, -0.00524474, -0.005367402, -0.005601905, -0.005822241, -0.0060300236, -0.0061299764, -0.0063244994, -0.006514127, -0.006607735, -0.006792965, -0.0069744373, -0.007063001, -0.007233659, -0.007393447, -0.0075409054, -0.0076101813, -0.0077410163, -0.007863925, -0.007923234, -0.008039225, -0.008152605, -0.0082630925, -0.008316745, -0.008419113, -0.008512884, -0.008555942, -0.008634365, -0.008703731, -0.008735837, -0.008796695, -0.008854884, -0.008911446, -0.008939105, -0.008992149, -0.009040027, -0.009061105, -0.009095465, -0.009118263, -0.009129739, -0.009132025, -0.009131704, -0.0091278115, -0.009125462, -0.009120818, -0.00911662, -0.009111573, -0.009107976, -0.009096325, -0.009076505, -0.0090630865, -0.009028918, -0.00898664, -0.008963286, -0.008914301, -0.008864866, -0.008816612, -0.008793046, -0.008746235, -0.008697198, -0.008670655, -0.008611042, -0.008540585, -0.008458005, -0.008412581, -0.008315026, -0.008211265, -0.008158223, -0.008051484, -0.00794519, -0.007892192, -0.0077851913, -0.0076743257, -0.007556767, -0.00749472, -0.0073634135, -0.0072231595, -0.00715021, -0.0070002316, -0.006846853, -0.0066917245, -0.006613611, -0.006455567, -0.0062938663, -0.006211003, -0.006040541, -0.005863154, -0.0057719997, -0.0055853575, -0.0053942422, -0.0051994296, -0.0051004793, -0.004897567, -0.0046834154, -0.0045698564, -0.004326445, -0.0040681376, -0.0038509895, -0.0038117166, -0.0041372827, -0.0055223596, 0, 0, 0, 0, 0, 0, 0, 0, 0, 0, 0, 0, 0, 0, 0, 0, 0, 0, 0, 0
0, 0, 0, 0, 0, 0, 0, 0, 0, 0, 0, 0, 0, 0, 0, 0, 0, 0, 0, 0, 0, 0, -0.0035636881, -0.0035762668, -0.003688446, -0.0040014237, -0.0043366705, -0.0046556597, -0.0048074345, -0.0050977212, -0.005371378, -0.005501985, -0.005750658, -0.005982967, -0.006201149, -0.0063058552, -0.006509143, -0.0067069363, -0.006804517, -0.006997487, -0.007186717, -0.0072792945, -0.0074582086, -0.0076268376, -0.007783844, -0.007857987, -0.007998368, -0.00812968, -0.00819257, -0.008313694, -0.0084292, -0.008538705, -0.008590851, -0.008688665, -0.008776433, -0.008816402, -0.008888921, -0.008953338, -0.008983448, -0.009041142, -0.0090971, -0.009151878, -0.009178555, -0.009229284, -0.009274077, -0.0092933355, -0.009324054, -0.009343742, -0.00935312, -0.009354739, -0.00935347, -0.009348712, -0.009345804, -0.009339743, -0.009333635, -0.009326663, -0.0093221795, -0.009309397, -0.009289072, -0.009275526, -0.009241519, -0.009199298, -0.009175891, -0.009126116, -0.009074521, -0.009022984, -0.008997399, -0.0089461785, -0.008892956, -0.008864594, -0.008801999, -0.008729643, -0.008645927, -0.0085999435, -0.008501097, -0.008395444, -0.00834111, -0.008231432, -0.008122258, -0.008068205, -0.007960367, -0.00785072, -0.0077359867, -0.0076757036, -0.007547774, -0.0074093053, -0.0073363935, -0.0071842847, -0.007025694, -0.006862393, -0.006779272, -0.006609631, -0.0064340695, -0.0063433833, -0.0061549186, -0.0059560724, -0.0058527514, -0.0056390697, -0.0054178745, -0.0051913373, -0.0050764238, -0.00484269, -0.004600267, -0.004473827, -0.0042073224, -0.003927983, -0.003681183, -0.0036084196, -0.0036794916, 0, 0, 0, 0, 0, 0, 0, 0, 0, 0, 0, 0, 0, 0, 0, 0, 0, 0, 0, 0, 0
0, 0, 0, 0, 0, 0, 0, 0, 0, 0, 0, 0, 0, 0, 0, 0, 0, 0, 0, 0, 0, 0, -0.0036561205, -0.0036079243, -0.0037055947, -0.0040140813, -0.004364229, -0.004705636, -0.004869197, -0.0051814453, -0.005474027, -0.005613021, -0.005876737, -0.006122899, -0.006354423, -0.006465862, -0.0066823424, -0.006892484, -0.006995696, -0.0071985777, -0.0073954156, -0.007490983, -0.0076750005, -0.0078480765, -0.008009539, -0.008086103, -0.008231761, -0.008368578, -0.008434154, -0.008559879, -0.008678453, -0.008789063, -0.008841007, -0.008937415, -0.0090230955, -0.009061942, -0.009132321, -0.009194732, -0.009223659, -0.009278165, -0.009329562, -0.009378397, -0.009401572, -0.009444868, -0.009482471, -0.009498668, -0.0095250895, -0.009543266, -0.00955407, -0.009557046, -0.009559135, -0.009556976, -0.009554612, -0.009547649, -0.009538274, -0.009526435, -0.009519356, -0.009502076, -0.009479142, -0.009465227, -0.009432268, -0.00939257, -0.009370376, -0.009321797, -0.009268726, -0.009212282, -0.009183051, -0.009123201, -0.009061094, -0.0090288045, -0.008960881, -0.008886977, -0.008806039, -0.008762733, -0.008670704, -0.008572398, -0.008521435, -0.008416957, -0.008310795, -0.008257305, -0.008149475, -0.008039037, -0.00792331, -0.007862509, -0.007733474, -0.007593412, -0.0075191166, -0.0073628305, -0.0071979584, -0.007026372, -0.006938449, -0.0067579797, -0.0065696975, -0.0064717424, -0.006266226, -0.006045909, -0.0059298435, -0.0056866086, -0.0054305117, -0.0051650982, -0.0050298553, -0.0047552055, -0.004474124, -0.004330053, -0.0040350445, -0.0037450076, -0.0035315044, -0.0035088481, -0.0037902913, 0, 0, 0, 0, 0, 0, 0, 0, 0, 0, 0, 0, 0, 0, 0, 0, 0, 0, 0, 0, 0
0, 0, 0, 0, 0, 0, 0, 0, 0, 0, 0, 0, 0, 0, 0, 0, 0, 0, 0, 0, 0, 0, -0.0041250563, -0.0037688413, -0.0037837734, -0.0040250523, -0.004373559, -0.0047356635, -0.0049117906, -0.005248462, -0.0055625318, -0.005711146, -0.005993074, -0.0062569305, -0.0065064556, -0.006626876, -0.006860833, -0.007086735, -0.007196758, -0.0074099293, -0.0076128254, -0.007709803, -0.007894348, -0.008065749, -0.00822473, -0.008300095, -0.008444015, -0.008580065, -0.008645554, -0.008771652, -0.008890881, -0.00900205, -0.009054337, -0.009151578, -0.0092387535, -0.009278574, -0.009351401, -0.009415635, -0.009445, -0.009498643, -0.009546121, -0.009588254, -0.009607362, -0.009641764, -0.009671258, -0.00968409, -0.009706339, -0.009723952, -0.00973716, -0.009742066, -0.009748048, -0.009748577, -0.009746576, -0.009738007, -0.009723674, -0.009704604, -0.009693623, -0.009669133, -0.009641519, -0.009626595, -0.009594262, -0.009557763, -0.009537461, -0.009492242, -0.009440021, -0.009381024, -0.009349277, -0.0092825955, -0.009212971, -0.009177485, -0.009105455, -0.009031833, -0.008955953, -0.008916726, -0.008834632, -0.008746979, -0.008700888, -0.008604106, -0.008502025, -0.00844914, -0.008339958, -0.008225668, -0.00810488, -0.0080414405, -0.007907512, -0.0077627855, -0.0076862173, -0.007524936, -0.007354289, -0.0071760155, -0.007084512, -0.006896536, -0.0067004105, -0.0065983525, -0.006383331, -0.0061506163, -0.006026739, -0.005763543, -0.005481, -0.0051824143, -0.005028325, -0.0047123358, -0.004387046, -0.004220734, -0.0038835683, -0.0035631552, -0.0033616975, -0.0033906419, -0.0040715123, 0, 0, 0, 0, 0, 0, 0, 0, 0, 0, 0, 0, 0, 0, 0, 0, 0, 0, 0, 0, 0
0, 0, 0, 0, 0, 0, 0, 0, 0, 0, 0, 0, 0, 0, 0, 0, 0, 0, 0, 0, 0, 0, -0.0045304615, -0.0037621532, -0.0037299946, -0.0039681364, -0.0043498958, -0.004748815, -0.004941748, -0.0053075994, -0.0056458083, -0.005805292, -0.006107529, -0.0063911974, -0.0066600638, -0.006789945, -0.007041287, -0.007281541, -0.007397157, -0.0076179393, -0.00782392, -0.007920916, -0.008103033, -0.008270137, -0.008423853, -0.008496482, -0.008634926, -0.008765913, -0.008829055, -0.008951077, -0.009066815, -0.009175649, -0.009227144, -0.00932414, -0.009412845, -0.009454069, -0.009530358, -0.009598197, -0.009628949, -0.009684115, -0.009730884, -0.009769856, -0.009786669, -0.009815836, -0.009840219, -0.009851016, -0.009870485, -0.0098875025, -0.009901735, -0.009907367, -0.009914931, -0.009916056, -0.009913792, -0.009903288, -0.009884994, -0.009860419, -0.00984639, -0.0098163, -0.00978503, -0.0097692255, -0.009737392, -0.009703741, -0.009685615, -0.009644861, -0.00959658, -0.009539999, -0.009508811, -0.009441803, -0.00937086, -0.009334714, -0.00926223, -0.009190261, -0.009118372, -0.009081881, -0.009006307, -0.0089252805, -0.0088821305, -0.008789759, -0.008689188, -0.008636085, -0.008524421, -0.008405843, -0.008280235, -0.008214624, -0.008076917, -0.007929552, -0.007852042, -0.0076890504, -0.0075162896, -0.0073353294, -0.007242194, -0.0070510046, -0.0068521095, -0.0067488956, -0.006532131, -0.0062975343, -0.0061721564, -0.00590322, -0.0056093633, -0.0052916813, -0.005124665, -0.004775949, -0.0044088955, -0.004218672, -0.0038271176, -0.003440199, -0.003134268, -0.0030627612, -0.0031557397, 0, 0, 0, 0, 0, 0, 0, 0, 0, 0, 0, 0, 0, 0, 0, 0, 0, 0, 0, 0, 0
0, 0, 0, 0, 0, 0, 0, 0, 0, 0, 0, 0, 0, 0, 0, 0, 0, 0, 0, 0, 0, 0, -0.0035213097, -0.0034305986, -0.003520509, -0.0038845695, -0.004334712, -0.004777676, -0.0049870294, -0.0053788587, -0.005737689, -0.005906502, -0.006226242, -0.0065260734, -0.006809353, -0.006945386, -0.007206615, -0.007453146, -0.0075705373, -0.007792727, -0.007997788, -0.008093971, -0.008274152, -0.008439303, -0.008591366, -0.008662964, -0.008798839, -0.008926138, -0.008986995, -0.009103838, -0.009214163, -0.0093179615, -0.009367382, -0.009461311, -0.009548651, -0.009589775, -0.009666778, -0.009736145, -0.009767734, -0.0098246895, -0.009873215, -0.0099135395, -0.009930948, -0.009960932, -0.009985628, -0.009996463, -0.010015871, -0.010032239, -0.010045505, -0.01005059, -0.010056877, -0.01005705, -0.010054594, -0.010044064, -0.0100263655, -0.010002481, -0.009988812, -0.009959224, -0.009928354, -0.009912809, -0.009881528, -0.009849205, -0.009832143, -0.009794664, -0.009751372, -0.009700931, -0.009673021, -0.009612361, -0.009546704, -0.009512589, -0.009443033, -0.009372681, -0.009301433, -0.009265105, -0.009189561, -0.009108346, -0.009065074, -0.0089722, -0.008870902, -0.0088172415, -0.008704356, -0.008584865, -0.008459278, -0.008394277, -0.008258945, -0.008115658, -0.00804048, -0.007882443, -0.007713951, -0.0075355116, -0.007442998, -0.007251789, -0.007052276, -0.006948943, -0.00673311, -0.006501553, -0.006378348, -0.006113866, -0.0058224564, -0.005502008, -0.0053307177, -0.004966032, -0.0045722397, -0.0043645557, -0.0039306283, -0.0034936944, -0.0031369645, -0.0030443058, -0.0031312902, 0, 0, 0, 0, 0, 0, 0, 0, 0, 0, 0, 0, 0, 0, 0, 0, 0, 0, 0, 0, 0
0, 0, 0, 0, 0, 0, 0, 0, 0, 0, 0, 0, 0, 0, 0, 0, 0, 0, 0, 0, 0, 0, -0.0039002162, -0.0037291194, -0.0038009174, -0.00415332, -0.004601087, -0.005041205, -0.0052494556, -0.0056413943, -0.006004541, -0.0061766496, -0.0065029245, -0.006805799, -0.0070852633, -0.007216466, -0.0074628023, -0.007690357, -0.007798115, -0.008003901, -0.008199117, -0.008293314, -0.008475621, -0.00864928, -0.008812789, -0.008890155, -0.009035313, -0.009167688, -0.009229413, -0.009344749, -0.009451058, -0.009549942, -0.009596995, -0.009686644, -0.009769894, -0.009809058, -0.00988155, -0.009946268, -0.00997589, -0.010030681, -0.010080983, -0.010127875, -0.010150158, -0.010191981, -0.010229238, -0.0102457525, -0.010273598, -0.010293719, -0.010305961, -0.010309423, -0.0103124855, -0.010312286, -0.010311652, -0.0103100715, -0.010307746, -0.010303105, -0.010299221, -0.010286976, -0.010267398, -0.0102545405, -0.010223195, -0.010185839, -0.010165703, -0.010124135, -0.010082319, -0.01004046, -0.010019104, -0.00997388, -0.00992315, -0.009895122, -0.009833122, -0.009763122, -0.009686055, -0.009645242, -0.0095599685, -0.0094707515, -0.009424789, -0.009330028, -0.0092310775, -0.009179813, -0.00907351, -0.008962545, -0.008847433, -0.008788379, -0.008667302, -0.008541051, -0.00847538, -0.008337271, -0.008187729, -0.008024295, -0.007936914, -0.0077505177, -0.0075496323, -0.0074443393, -0.007225393, -0.006995908, -0.0068769604, -0.0066288225, -0.0063631423, -0.0060740635, -0.0059186947, -0.0055824295, -0.005207652, -0.0050049666, -0.0045734355, -0.004138021, -0.003808946, -0.0037524535, -0.003946514, 0, 0, 0, 0, 0, 0, 0, 0, 0, 0, 0, 0, 0, 0, 0, 0, 0, 0, 0, 0, 0
0, 0, 0, 0, 0, 0, 0, 0, 0, 0, 0, 0, 0, 0, 0, 0, 0, 0, 0, 0, 0, 0, -0.0045389435, -0.0042204973, -0.004216256, -0.0044574994, -0.0048402883, -0.005243469, -0.0054395823, -0.005815135, -0.006167838, -0.006335641, -0.006653379, -0.006945941, -0.0072124023, -0.0073363376, -0.0075672246, -0.0077804686, -0.007882203, -0.008079137, -0.008270156, -0.008364062, -0.008548337, -0.008725942, -0.008893553, -0.008972764, -0.009120773, -0.009254927, -0.0093174, -0.009434456, -0.009543539, -0.0096467035, -0.009696347, -0.009791746, -0.009880539, -0.009922001, -0.009997861, -0.010063836, -0.010093583, -0.010148064, -0.010198552, -0.010247425, -0.010271608, -0.010319123, -0.010363669, -0.010384032, -0.010418972, -0.010444277, -0.01045948, -0.01046368, -0.010467652, -0.010468787, -0.010469442, -0.010472262, -0.010476971, -0.010481054, -0.010481727, -0.010477641, -0.010463562, -0.010452133, -0.010421068, -0.010381091, -0.010359088, -0.010313825, -0.0102693755, -0.0102268, -0.0102057485, -0.010162196, -0.010113494, -0.010086205, -0.0100243045, -0.009952318, -0.009871783, -0.009829145, -0.009741026, -0.009651173, -0.009605983, -0.009514553, -0.00942035, -0.009371359, -0.009268473, -0.00915848, -0.009041781, -0.008981286, -0.008856737, -0.008728054, -0.008662022, -0.008525466, -0.00838026, -0.008222831, -0.008138499, -0.007957116, -0.0077590235, -0.0076543363, -0.0074355514, -0.007207087, -0.0070897224, -0.006848754, -0.00659688, -0.006328763, -0.006186201, -0.0058790916, -0.005536169, -0.005349958, -0.004953958, -0.00456569, -0.004316025, -0.004318476, -0.0046403864, 0, 0, 0, 0, 0, 0, 0, 0, 0, 0, 0, 0, 0, 0, 0, 0, 0, 0, 0, 0, 0
0, 0, 0, 0, 0, 0, 0, 0, 0, 0, 0, 0, 0, 0, 0, 0, 0, 0, 0, 0, 0, 0, -0.0054417755, -0.004740714, -0.004591928, -0.00468163, -0.0050117406, -0.0053974, -0.0055893026, -0.005958774, -0.006304996, -0.006468951, -0.006777409, -0.0070593446, -0.007314839, -0.007433411, -0.0076551596, -0.007861683, -0.007961134, -0.008155545, -0.008346547, -0.0084408345, -0.008626036, -0.008803818, -0.008970516, -0.0090488065, -0.009194621, -0.009327115, -0.009389262, -0.0095077595, -0.00962139, -0.009732361, -0.009786919, -0.009893319, -0.0099937795, -0.0100407405, -0.01012649, -0.0102003915, -0.010233135, -0.010292183, -0.0103457775, -0.010397617, -0.010423519, -0.0104756765, -0.010526449, -0.010550348, -0.0105925985, -0.010624951, -0.010646, -0.010652641, -0.010660181, -0.010663873, -0.010665535, -0.010670175, -0.010676904, -0.010683615, -0.010685809, -0.010685065, -0.010674124, -0.010664119, -0.010635238, -0.010596683, -0.010575094, -0.01052977, -0.010484383, -0.010440102, -0.010417988, -0.010372038, -0.010320588, -0.010291713, -0.0102265, -0.010151015, -0.010067199, -0.010023259, -0.00993379, -0.009844565, -0.009800334, -0.0097114835, -0.0096192835, -0.009570544, -0.009465528, -0.009349067, -0.009221378, -0.00915406, -0.009014783, -0.00887202, -0.008799995, -0.008654856, -0.008506462, -0.008350652, -0.008268464, -0.008092912, -0.00790093, -0.0077989, -0.007584203, -0.007358673, -0.00724287, -0.007006391, -0.006762514, -0.0065070176, -0.0063726427, -0.006084722, -0.005763438, -0.0055889306, -0.0052212873, -0.0048876214, -0.004782401, -0.0049248906, -0.005624564, 0, 0, 0, 0, 0, 0, 0, 0, 0, 0, 0, 0, 0, 0, 0, 0, 0, 0, 0, 0, 0
0, 0, 0, 0, 0, 0, 0, 0, 0, 0, 0, 0, 0, 0, 0, 0, 0, 0, 0, 0, 0, 0, -0.006637572, -0.004935811, -0.0046476047, -0.0046841633, -0.005038476, -0.0054502687, -0.0056509953, -0.006029053, -0.006374981, -0.0065364502, -0.0068383478, -0.007113596, -0.007365044, -0.007482991, -0.0077062366, -0.007916978, -0.00801922, -0.008219404, -0.008414935, -0.008510795, -0.008697253, -0.008874144, -0.009038574, -0.009115612, -0.009259253, -0.009391272, -0.009454086, -0.009576202, -0.009696443, -0.009816867, -0.009877034, -0.009995968, -0.01010987, -0.010163667, -0.010263054, -0.010349759, -0.010388431, -0.010457718, -0.010519335, -0.010577251, -0.010605757, -0.010662664, -0.0107186735, -0.010745472, -0.010794738, -0.010835211, -0.010865012, -0.010875857, -0.010890872, -0.010899561, -0.010902603, -0.010907738, -0.01091259, -0.010916625, -0.010917612, -0.01091561, -0.010905723, -0.01089712, -0.0108727515, -0.010839771, -0.01082087, -0.010779916, -0.010736452, -0.010691199, -0.010667593, -0.010617129, -0.010560152, -0.010528444, -0.0104576, -0.010377189, -0.010289364, -0.010243774, -0.010151385, -0.010059252, -0.010013368, -0.009920504, -0.009822506, -0.009770118, -0.009655751, -0.0095266355, -0.009383043, -0.009306728, -0.009148178, -0.008986209, -0.00890535, -0.008745179, -0.008586369, -0.008425526, -0.008342648, -0.008168606, -0.00798029, -0.007880139, -0.007668478, -0.007443833, -0.007327822, -0.0070895934, -0.006843492, -0.0065863137, -0.0064513176, -0.0061623342, -0.0058384687, -0.0056613917, -0.005286516, -0.0049553877, -0.004935999, -0.0052346606, -0.006946387, 0, 0, 0, 0, 0, 0, 0, 0, 0, 0, 0, 0, 0, 0, 0, 0, 0, 0, 0, 0, 0
0, 0, 0, 0, 0, 0, 0, 0, 0, 0, 0, 0, 0, 0, 0, 0, 0, 0, 0, 0, 0, 0, 0, -0.0042911205, -0.004270876, -0.004527325, -0.004966611, -0.0054178475, -0.0056288047, -0.0060154567, -0.00636036, -0.0065198387, -0.006817422, -0.007091302, -0.0073462697, -0.0074679563, -0.0077017583, -0.007925348, -0.008034047, -0.008245855, -0.0084500015, -0.008548989, -0.008739815, -0.008919783, -0.009087711, -0.009166966, -0.009316885, -0.009457068, -0.009524566, -0.009656749, -0.009787242, -0.00991766, -0.0099827815, -0.010111539, -0.010236099, -0.010295759, -0.010407944, -0.010508999, -0.010555182, -0.010639059, -0.010713748, -0.010781793, -0.0108142765, -0.010877197, -0.010937904, -0.01096719, -0.011022337, -0.011070948, -0.011111047, -0.011127553, -0.011153496, -0.0111706285, -0.011176426, -0.011183638, -0.011186586, -0.011186386, -0.011185114, -0.011179933, -0.011169814, -0.011162528, -0.011143112, -0.011116905, -0.011101412, -0.011065913, -0.011024851, -0.010978231, -0.0109526925, -0.010896529, -0.010832769, -0.010797648, -0.0107204495, -0.010634385, -0.010541215, -0.010492756, -0.010393292, -0.010291641, -0.010239909, -0.0101335505, -0.010020885, -0.009960992, -0.0098320795, -0.009689031, -0.009531775, -0.009448558, -0.009275585, -0.009098077, -0.009009113, -0.008832267, -0.008657282, -0.0084819505, -0.0083928285, -0.008208656, -0.00801288, -0.007909558, -0.007691706, -0.0074596815, -0.007339025, -0.0070897336, -0.006830002, -0.006557031, -0.0064134616, -0.0061057587, -0.005760703, -0.0055717155, -0.005168178, -0.0047900113, -0.004620694, -0.0046896515, 0, 0, 0, 0, 0, 0, 0, 0, 0, 0, 0, 0, 0, 0, 0, 0, 0, 0, 0, 0, 0, 0
0, 0, 0, 0, 0, 0, 0, 0, 0, 0, 0, 0, 0, 0, 0, 0, 0, 0, 0, 0, 0, 0, 0, -0.004348144, -0.0042861737, -0.0044894796, -0.00490571, -0.0053470945, -0.0055545443, -0.0059345243, -0.006273205, -0.0064303703, -0.0067265113, -0.007004369, -0.0072687427, -0.007396849, -0.007645774, -0.0078854235, -0.008001728, -0.008227006, -0.008442192, -0.0085459305, -0.008745979, -0.008936611, -0.009118099, -0.009205551, -0.009374301, -0.009535162, -0.009612945, -0.009763759, -0.009909295, -0.010050202, -0.0101192035, -0.010254097, -0.010384593, -0.01044795, -0.010570039, -0.010684726, -0.010738859, -0.010839892, -0.01093102, -0.01101268, -0.011050497, -0.011120923, -0.011186097, -0.011217155, -0.011276474, -0.011331756, -0.011381414, -0.0114036845, -0.011441689, -0.011469807, -0.011479967, -0.011492572, -0.011496605, -0.011494343, -0.011491565, -0.01148363, -0.011472845, -0.0114663, -0.011449853, -0.011427773, -0.011414063, -0.011380605, -0.011338244, -0.011286745, -0.011257753, -0.011193625, -0.011121731, -0.011082833, -0.010999179, -0.010907547, -0.010808377, -0.010756123, -0.010646309, -0.01052989, -0.010469066, -0.010342607, -0.0102093015, -0.010139805, -0.009994493, -0.009839513, -0.009674205, -0.009587695, -0.009408063, -0.009221409, -0.009126153, -0.008933043, -0.008736707, -0.00853666, -0.008434723, -0.008225457, -0.008006645, -0.007892785, -0.0076552215, -0.0074040443, -0.0072736447, -0.007003859, -0.006721608, -0.0064241425, -0.0062679104, -0.0059348275, -0.0055668247, -0.005368918, -0.00496132, -0.004627979, -0.004629047, -0.004855135, 0, 0, 0, 0, 0, 0, 0, 0, 0, 0, 0, 0, 0, 0, 0, 0, 0, 0, 0, 0, 0, 0
0, 0, 0, 0, 0, 0, 0, 0, 0, 0, 0, 0, 0, 0, 0, 0, 0, 0, 0, 0, 0, 0, 0, -0.0048958166, -0.0046206443, -0.004549024, -0.0048490716, -0.005243329, -0.005438354, -0.005804347, -0.0061383066, -0.0062957047, -0.0065968037, -0.006884967, -0.007163569, -0.0072997147, -0.007565262, -0.007820871, -0.00794452, -0.008183271, -0.008410821, -0.008520776, -0.008734692, -0.008942479, -0.009145771, -0.009245961, -0.00944253, -0.009632592, -0.00972435, -0.009899949, -0.01006402, -0.010216711, -0.010289348, -0.010429071, -0.010563519, -0.010629549, -0.010759941, -0.010887373, -0.010949424, -0.011068024, -0.011176926, -0.011273668, -0.011317376, -0.011396261, -0.011465979, -0.011498459, -0.011560558, -0.01162004, -0.011676842, -0.011703701, -0.011752224, -0.011791124, -0.01180607, -0.011826255, -0.0118344305, -0.011833227, -0.011830085, -0.011820772, -0.011808677, -0.011801775, -0.011784938, -0.011762054, -0.011747457, -0.011710021, -0.011660598, -0.011599292, -0.011564734, -0.011489362, -0.011407531, -0.01136455, -0.011274496, -0.01117801, -0.011073491, -0.011017597, -0.010897403, -0.01076548, -0.010695308, -0.010547585, -0.010392468, -0.010312963, -0.010150792, -0.009984336, -0.009812303, -0.00972351, -0.009539294, -0.009345171, -0.009244068, -0.009033371, -0.008811806, -0.008580374, -0.008461318, -0.008216893, -0.007963827, -0.007833805, -0.0075659165, -0.007286733, -0.007142785, -0.0068460545, -0.0065367343, -0.006212152, -0.0060428227, -0.005686215, -0.0053008245, -0.005098215, -0.0046970816, -0.0044240234, -0.004686696, -0.0052685295, 0, 0, 0, 0, 0, 0, 0, 0, 0, 0, 0, 0, 0, 0, 0, 0, 0, 0, 0, 0, 0, 0
0, 0, 0, 0, 0, 0, 0, 0, 0, 0, 0, 0, 0, 0, 0, 0, 0, 0, 0, 0, 0, 0, 0, -0.0054287356, -0.0048049823, -0.0044791494, -0.004709586, -0.0050801514, -0.005270213, -0.005634782, -0.0059756287, -0.0061390055, -0.0064555444, -0.00676204, -0.007060327, -0.007206278, -0.007490518, -0.0077632493, -0.007894892, -0.0081486935, -0.008391021, -0.008508714, -0.008739722, -0.008967372, -0.009194128, -0.009307159, -0.009531338, -0.009749373, -0.009854571, -0.010054307, -0.0102373725, -0.010403626, -0.010481248, -0.010628655, -0.01076994, -0.010839836, -0.010979843, -0.011120135, -0.011189606, -0.011324394, -0.011449421, -0.011560306, -0.011609768, -0.011697472, -0.011772535, -0.011806781, -0.011871561, -0.011934277, -0.011995839, -0.012025795, -0.012081668, -0.012128542, -0.012147365, -0.012174261, -0.012186931, -0.0121875955, -0.012184539, -0.0121740345, -0.012159671, -0.01215128, -0.012130976, -0.012103387, -0.012085717, -0.012040459, -0.011980646, -0.011907035, -0.011865912, -0.011777763, -0.011684873, -0.011637339, -0.011540358, -0.011439056, -0.011329866, -0.0112710465, -0.011142657, -0.010998517, -0.010920661, -0.010755401, -0.010581019, -0.010491872, -0.010311892, -0.010130451, -0.009946323, -0.00985224, -0.0096575245, -0.009450658, -0.009341627, -0.009110938, -0.008863398, -0.008600987, -0.008465082, -0.0081858365, -0.007898004, -0.0077510895, -0.0074508945, -0.007141247, -0.006982553, -0.006656943, -0.0063192192, -0.005967796, -0.005786144, -0.0054089576, -0.0050117457, -0.004807371, -0.004409733, -0.004120528, -0.0041423743, -0.004272553, 0, 0, 0, 0, 0, 0, 0, 0, 0, 0, 0, 0, 0, 0, 0, 0, 0, 0, 0, 0, 0, 0
0, 0, 0, 0, 0, 0, 0, 0, 0, 0, 0, 0, 0, 0, 0, 0, 0, 0, 0, 0, 0, 0, 0, -0.004402106, -0.0042627356, -0.0042173364, -0.004484456, -0.0048616477, -0.005056451, -0.005436032, -0.005798376, -0.0059739053, -0.006316286, -0.006648769, -0.0069719874, -0.0071298876, -0.007436991, -0.007731248, -0.00787327, -0.008147139, -0.008409186, -0.008536673, -0.008786979, -0.009033893, -0.009279612, -0.009402115, -0.009644917, -0.00988119, -0.009995292, -0.0102123115, -0.010411511, -0.010592707, -0.010677373, -0.01083825, -0.010992447, -0.0110687455, -0.011221458, -0.011374572, -0.011450459, -0.011597949, -0.011735069, -0.011856977, -0.011911494, -0.012007719, -0.012089617, -0.012126698, -0.012196552, -0.012263707, -0.012329567, -0.012361563, -0.012421544, -0.012472495, -0.012493107, -0.012523054, -0.01253754, -0.012538422, -0.01253495, -0.012522357, -0.012504791, -0.012494412, -0.012469662, -0.012436655, -0.012415915, -0.012363595, -0.012295254, -0.012211678, -0.012165168, -0.0120659, -0.011962197, -0.011909682, -0.011803995, -0.01169547, -0.011580003, -0.011518077, -0.011382903, -0.011230273, -0.011147345, -0.010969837, -0.010780581, -0.010683005, -0.010484788, -0.010284234, -0.010080736, -0.009977006, -0.009763068, -0.009536581, -0.009417345, -0.009165476, -0.008895511, -0.008609383, -0.008461261, -0.008156892, -0.007843479, -0.007683663, -0.007357387, -0.0070213787, -0.006849292, -0.0064962087, -0.0061304425, -0.0057513504, -0.005556644, -0.005156921, -0.0047472, -0.0045437985, -0.004177507, -0.0040012267, -0.0042900005, -0.0045853956, 0, 0, 0, 0, 0, 0, 0, 0, 0, 0, 0, 0, 0, 0, 0, 0, 0, 0, 0, 0, 0, 0
0, 0, 0, 0, 0, 0, 0, 0, 0, 0, 0, 0, 0, 0, 0, 0, 0, 0, 0, 0, 0, 0, 0, -0.0046999413, -0.0043948623, -0.004090815, -0.0042604622, -0.0046232576, -0.0048249215, -0.0052305474, -0.005625137, -0.005817224, -0.006191356, -0.006553369, -0.0069040325, -0.0070751216, -0.0074082087, -0.0077282833, -0.007883177, -0.008182724, -0.008469479, -0.008608591, -0.008879995, -0.00914426, -0.009403108, -0.009530753, -0.009781659, -0.01002503, -0.010142829, -0.010368754, -0.01058007, -0.010776549, -0.010869792, -0.011048509, -0.0112202875, -0.0113047175, -0.01147172, -0.011635952, -0.011716395, -0.0118715605, -0.012015371, -0.012144232, -0.012202476, -0.012306766, -0.012397267, -0.012438736, -0.012516654, -0.012590495, -0.012661139, -0.012694843, -0.012756774, -0.012808139, -0.0128286425, -0.012857821, -0.012870801, -0.012869739, -0.012864954, -0.012849532, -0.01282857, -0.012816432, -0.012788038, -0.012751613, -0.012729203, -0.012673671, -0.012602021, -0.012514048, -0.012464769, -0.012358072, -0.012244722, -0.012186615, -0.0120691145, -0.011948944, -0.011822865, -0.011756337, -0.011613218, -0.011454024, -0.011367932, -0.011183283, -0.01098423, -0.010880541, -0.010666988, -0.010447482, -0.010222561, -0.010107566, -0.009871024, -0.009622876, -0.009493537, -0.009223491, -0.0089382315, -0.008638984, -0.008484849, -0.0081685055, -0.007842118, -0.0076751593, -0.007332972, -0.006978412, -0.0067959134, -0.0064196787, -0.006027848, -0.005619834, -0.0054098335, -0.004978798, -0.0045391126, -0.004323584, -0.003953443, -0.0038655072, -0.0046247626, -0.005510047, 0, 0, 0, 0, 0, 0, 0, 0, 0, 0, 0, 0, 0, 0, 0, 0, 0, 0, 0, 0, 0, 0
0, 0, 0, 0, 0, 0, 0, 0, 0, 0, 0, 0, 0, 0, 0, 0, 0, 0, 0, 0, 0, 0, 0, -0.0056070974, -0.004697041, -0.0039220788, -0.0040143686, -0.0043943087, -0.004614496, -0.0050611757, -0.005494824, -0.0057045994, -0.006110312, -0.0064994157, -0.006874495, -0.007057274, -0.007413893, -0.0077584763, -0.007926019, -0.008251283, -0.008563003, -0.00871374, -0.009005609, -0.009285193, -0.009553701, -0.009684153, -0.009938, -0.010182609, -0.0103015285, -0.010532072, -0.010752672, -0.010963099, -0.011064644, -0.0112611735, -0.011449974, -0.011541785, -0.011720492, -0.011891746, -0.011974226, -0.012131631, -0.012277117, -0.012409146, -0.012469958, -0.012581463, -0.012681269, -0.012727656, -0.012814994, -0.0128964735, -0.012971904, -0.0130067775, -0.013069301, -0.01311924, -0.013138708, -0.013165463, -0.013176045, -0.013172416, -0.013166321, -0.01314807, -0.013123899, -0.013110079, -0.013078445, -0.013039567, -0.013016362, -0.01296033, -0.0128891375, -0.01280126, -0.012751268, -0.012640726, -0.012519203, -0.0124555165, -0.012324406, -0.012188947, -0.012048351, -0.01197534, -0.011821849, -0.011655897, -0.011567501, -0.011379042, -0.011175458, -0.011068485, -0.010845776, -0.01061329, -0.010372438, -0.010248939, -0.009995263, -0.009731626, -0.00959565, -0.009315312, -0.009023617, -0.0087209325, -0.008565629, -0.008246974, -0.007917189, -0.007747679, -0.007398494, -0.0070338426, -0.0068450733, -0.006453531, -0.006042051, -0.00560953, -0.0053849504, -0.004919105, -0.0044339118, -0.0041900333, -0.003739043, -0.0034690208, -0.0035514787, 0, 0, 0, 0, 0, 0, 0, 0, 0, 0, 0, 0, 0, 0, 0, 0, 0, 0, 0, 0, 0, 0, 0
0, 0, 0, 0, 0, 0, 0, 0, 0, 0, 0, 0, 0, 0, 0, 0, 0, 0, 0, 0, 0, 0, 0, 0, -0.0035861651, -0.0035035862, -0.0037835666, -0.00424908, -0.0044998457, -0.0049954024, -0.0054658367, -0.0056905043, -0.006120503, -0.0065287026, -0.0069194757, -0.007109469, -0.0074801906, -0.00783963, -0.008015063, -0.008356901, -0.008685623, -0.008844659, -0.009151424, -0.009443031, -0.009719899, -0.009853223, -0.010110918, -0.010358329, -0.010478805, -0.010714217, -0.010942553, -0.011163692, -0.011271349, -0.011480318, -0.011680114, -0.011776296, -0.011960754, -0.012134038, -0.012216351, -0.01237222, -0.012516549, -0.01264961, -0.012712054, -0.012829288, -0.012936805, -0.012987345, -0.013082256, -0.013169166, -0.013247166, -0.0132823065, -0.013343842, -0.013392064, -0.013410672, -0.013436121, -0.013446009, -0.013441728, -0.013435055, -0.013414534, -0.013386733, -0.013370621, -0.013333951, -0.013290444, -0.013265535, -0.013207435, -0.013136018, -0.013048805, -0.012998848, -0.012886406, -0.0127592515, -0.01269114, -0.012548222, -0.012398573, -0.012243417, -0.012163673, -0.011999105, -0.011825918, -0.011735258, -0.011544189, -0.0113392165, -0.011231465, -0.011005891, -0.010768661, -0.010521799, -0.01039511, -0.01013558, -0.009867727, -0.009730614, -0.0094497595, -0.009159423, -0.008858973, -0.008704702, -0.008387384, -0.008057718, -0.007887898, -0.0075375456, -0.0071711782, -0.0069812285, -0.0065866793, -0.0061700093, -0.0057284334, -0.005497039, -0.0050110696, -0.0044955616, -0.0042321235, -0.003735089, -0.0034185757, -0.0034935216, 0, 0, 0, 0, 0, 0, 0, 0, 0, 0, 0, 0, 0, 0, 0, 0, 0, 0, 0, 0, 0, 0, 0
0, 0, 0, 0, 0, 0, 0, 0, 0, 0, 0, 0, 0, 0, 0, 0, 0, 0, 0, 0, 0, 0, 0, 0, -0.0035404302, -0.003464614, -0.0037900857, -0.0043004313, -0.004570261, -0.00509567, -0.00558674, -0.005819076, -0.0062605394, -0.006676262, -0.0070714154, -0.0072626434, -0.0076344847, -0.007994001, -0.008169607, -0.008512405, -0.008843613, -0.009004464, -0.009316083, -0.009613618, -0.009897145, -0.010033884, -0.0102980975, -0.010551699, -0.010675109, -0.010916074, -0.011149907, -0.011376463, -0.011486537, -0.011699702, -0.011902212, -0.011999163, -0.012183696, -0.012355619, -0.0124369655, -0.012590885, -0.0127342595, -0.012868164, -0.012931793, -0.013052508, -0.013164237, -0.013216542, -0.013313943, -0.013401202, -0.013477556, -0.013511407, -0.013570142, -0.013616452, -0.013634676, -0.013660836, -0.013672631, -0.01367005, -0.013663661, -0.013641824, -0.013609775, -0.013590523, -0.013546332, -0.013494703, -0.013465987, -0.013401848, -0.01332669, -0.013237866, -0.013187516, -0.013074144, -0.012944712, -0.0128745595, -0.012725737, -0.012567915, -0.012403534, -0.01231922, -0.01214642, -0.01196701, -0.011874172, -0.011680465, -0.011474515, -0.011366615, -0.011141349, -0.010905113, -0.01066011, -0.010534881, -0.0102795325, -0.010017531, -0.009883797, -0.009609791, -0.0093254475, -0.009028841, -0.0088755535, -0.008559034, -0.008229753, -0.008060551, -0.007713285, -0.0073535703, -0.0071684886, -0.006786129, -0.006383858, -0.005956179, -0.00573078, -0.005253005, -0.004739902, -0.0044762427, -0.0039830343, -0.0036946742, -0.0038285102, 0, 0, 0, 0, 0, 0, 0, 0, 0, 0, 0, 0, 0, 0, 0, 0, 0, 0, 0, 0, 0, 0, 0
0, 0, 0, 0, 0, 0, 0, 0, 0, 0, 0, 0, 0, 0, 0, 0, 0, 0, 0, 0, 0, 0, 0, 0, -0.003907323, -0.003772154, -0.0040683458, -0.0045732055, -0.00484271, -0.0053669666, -0.0058554998, -0.0060862675, -0.006524619, -0.0069366065, -0.007326206, -0.007513588, -0.007875397, -0.008222362, -0.008391071, -0.00872041, -0.009040012, -0.009196252, -0.009501789, -0.009797782, -0.010083954, -0.010223129, -0.010493409, -0.010752852, -0.010878604, -0.011122519, -0.011356885, -0.011581906, -0.01169064, -0.011900454, -0.012099296, -0.012194623, -0.012376548, -0.012547106, -0.012628168, -0.012782295, -0.01292674, -0.013062122, -0.0131264385, -0.013247941, -0.013359025, -0.013410333, -0.013504243, -0.013586346, -0.013656814, -0.01368787, -0.0137418965, -0.013785447, -0.013803327, -0.013830532, -0.013844947, -0.013845191, -0.013839651, -0.013817563, -0.013782224, -0.01376015, -0.0137084555, -0.01364804, -0.013614924, -0.013542801, -0.013461611, -0.013369109, -0.01331788, -0.013204162, -0.013075438, -0.013005891, -0.012857741, -0.012699708, -0.012534263, -0.012449134, -0.012274182, -0.012092281, -0.011998095, -0.011802072, -0.011594112, -0.011485604, -0.011260205, -0.011025631, -0.01078472, -0.010662497, -0.010415041, -0.010162726, -0.010033975, -0.009769286, -0.009491882, -0.009199069, -0.009046579, -0.008730661, -0.008402702, -0.008235288, -0.007895538, -0.00754989, -0.007374539, -0.0070164893, -0.0066438215, -0.0062482497, -0.0060391356, -0.0055932533, -0.005110837, -0.004862836, -0.0044058524, -0.0041708667, -0.004369857, 0, 0, 0, 0, 0, 0, 0, 0, 0, 0, 0, 0, 0, 0, 0, 0, 0, 0, 0, 0, 0, 0, 0
0, 0, 0, 0, 0, 0, 0, 0, 0, 0, 0, 0, 0, 0, 0, 0, 0, 0, 0, 0, 0, 0, 0, 0, -0.00448545, -0.0042824154, -0.0045215515, -0.0049865246, -0.00523976, -0.005736331, -0.006203318, -0.0064254478, -0.006849968, -0.0072510387, -0.00763001, -0.007811456, -0.008159048, -0.008488748, -0.008648022, -0.008958011, -0.00925952, -0.009407976, -0.009701297, -0.009990262, -0.010274094, -0.010413358, -0.010684853, -0.010944965, -0.011070279, -0.011311087, -0.011539654, -0.011756981, -0.011861703, -0.012063709, -0.012256579, -0.012349685, -0.012529357, -0.012699891, -0.0127816675, -0.01293787, -0.01308402, -0.013219863, -0.01328376, -0.013402669, -0.013508857, -0.013557078, -0.0136437295, -0.013718074, -0.01378132, -0.01380913, -0.013857785, -0.013897862, -0.013914674, -0.0139411185, -0.013956343, -0.01395799, -0.013953162, -0.013931836, -0.013895732, -0.013872607, -0.013817794, -0.013753124, -0.01371758, -0.013640574, -0.013555074, -0.013459685, -0.013407655, -0.013294237, -0.013167888, -0.013100143, -0.01295676, -0.012804298, -0.012644434, -0.012561867, -0.012391306, -0.0122121405, -0.012118641, -0.011922407, -0.011712894, -0.0116033405, -0.011376046, -0.011141047, -0.010901749, -0.010781367, -0.010539387, -0.010294369, -0.010169557, -0.0099124005, -0.009641273, -0.009352828, -0.009202059, -0.008889337, -0.008565959, -0.008402192, -0.00807317, -0.0077440743, -0.0075792675, -0.007246418, -0.0069031185, -0.006539392, -0.006346674, -0.0059347413, -0.005491551, -0.0052682003, -0.0048826975, -0.004769137, -0.005111303, 0, 0, 0, 0, 0, 0, 0, 0, 0, 0, 0, 0, 0, 0, 0, 0, 0, 0, 0, 0, 0, 0, 0
0, 0, 0, 0, 0, 0, 0, 0, 0, 0, 0, 0, 0, 0, 0, 0, 0, 0, 0, 0, 0, 0, 0, 0, -0.0052606384, -0.0049057887, -0.005012585, -0.005397761, -0.0056241024, -0.006082092, -0.0065230764, -0.006735361, -0.0071448563, -0.007534732, -0.007904209, -0.008080871, -0.008417882, -0.008735169, -0.008887621, -0.009183281, -0.00947076, -0.009612864, -0.00989545, -0.01017658, -0.010454721, -0.010591672, -0.010858521, -0.011112666, -0.011234262, -0.011466218, -0.01168465, -0.011891652, -0.011991593, -0.012185641, -0.012373015, -0.0124644395, -0.0126427105, -0.012813509, -0.01289553, -0.0130518405, -0.013196611, -0.013329015, -0.013390358, -0.013503042, -0.013602061, -0.013646597, -0.013726269, -0.013794698, -0.013853242, -0.013879067, -0.013924238, -0.013960851, -0.013975813, -0.013998901, -0.014011289, -0.014011346, -0.014006206, -0.013985661, -0.013951537, -0.01392983, -0.013878116, -0.013816467, -0.013782225, -0.013707059, -0.013622478, -0.013527528, -0.013475798, -0.013363394, -0.013239402, -0.013173462, -0.013035009, -0.012889292, -0.012737349, -0.012658979, -0.012496612, -0.012324531, -0.012233796, -0.012041307, -0.011833211, -0.011723666, -0.011495549, -0.011259286, -0.011019321, -0.01089902, -0.010658167, -0.010415867, -0.010292987, -0.01004044, -0.009774565, -0.00949184, -0.009344062, -0.009037713, -0.008721588, -0.008561876, -0.008241877, -0.007923237, -0.0077640526, -0.0074431687, -0.00711153, -0.006758003, -0.0065695737, -0.0061655715, -0.0057365685, -0.0055297795, -0.0052318866, -0.0053700786, -0.006133799, 0, 0, 0, 0, 0, 0, 0, 0, 0, 0, 0, 0, 0, 0, 0, 0, 0, 0, 0, 0, 0, 0, 0
0, 0, 0, 0, 0, 0, 0, 0, 0, 0, 0, 0, 0, 0, 0, 0, 0, 0, 0, 0, 0, 0, 0, 0, -0.0063154884, -0.005519466, -0.0053594983, -0.0056480914, -0.0058546485, -0.0062942496, -0.006726272, -0.006935184, -0.007338663, -0.0077239345, -0.008089955, -0.008265275, -0.008599948, -0.008914836, -0.009066037, -0.009358949, -0.009643547, -0.009784011, -0.010062983, -0.010339742, -0.0106123835, -0.010745982, -0.011004736, -0.011249339, -0.011365744, -0.011587065, -0.011795242, -0.011993399, -0.012089642, -0.012278095, -0.012461799, -0.012552049, -0.012728228, -0.012896559, -0.012976732, -0.013127802, -0.0132651385, -0.013388592, -0.013445248, -0.01354878, -0.013640413, -0.013682088, -0.013758131, -0.013825267, -0.013883682, -0.013909475, -0.013953844, -0.013988008, -0.014001014, -0.014018945, -0.014025661, -0.014021133, -0.01401465, -0.01399365, -0.013962689, -0.013943789, -0.013899572, -0.013846576, -0.013816612, -0.013749304, -0.013670908, -0.013580146, -0.013529905, -0.013419712, -0.013297752, -0.013233031, -0.01309783, -0.012956818, -0.012811087, -0.012736378, -0.012582002, -0.012418237, -0.012331635, -0.012146778, -0.011945108, -0.011838116, -0.011614015, -0.011379918, -0.01114069, -0.011020223, -0.010778796, -0.01053601, -0.010413314, -0.010162305, -0.009899743, -0.009621972, -0.009477114, -0.009176542, -0.008865077, -0.008706775, -0.0083873775, -0.008065642, -0.007903519, -0.0075735855, -0.0072285025, -0.006856404, -0.006656209, -0.006222491, -0.005756205, -0.0055312035, -0.005230464, -0.005586612, -0.007489325, 0, 0, 0, 0, 0, 0, 0, 0, 0, 0, 0, 0, 0, 0, 0, 0, 0, 0, 0, 0, 0, 0, 0
0, 0, 0, 0, 0, 0, 0, 0, 0, 0, 0, 0, 0, 0, 0, 0, 0, 0, 0, 0, 0, 0, 0, 0, -0.0077061383, -0.0057357745, -0.005355213, -0.005645515, -0.00586825, -0.006337796, -0.0067892466, -0.0070043365, -0.007415873, -0.0078059738, -0.008176252, -0.008353917, -0.008694442, -0.009016457, -0.009171584, -0.009472688, -0.0097646685, -0.009908267, -0.010191496, -0.0104690455, -0.010738902, -0.01086972, -0.011121217, -0.011357168, -0.011469179, -0.01168237, -0.0118838, -0.012077133, -0.01217153, -0.012357024, -0.012538166, -0.012626807, -0.012798533, -0.012960163, -0.013036046, -0.013176617, -0.01330187, -0.013412879, -0.013463795, -0.013557993, -0.013643699, -0.013683839, -0.013759329, -0.013828235, -0.013889324, -0.013916202, -0.013961407, -0.013993898, -0.014005193, -0.014017986, -0.01401885, -0.014009203, -0.014001021, -0.0139790885, -0.013950974, -0.013934846, -0.013898083, -0.013854338, -0.013829206, -0.013771023, -0.013700445, -0.0136158895, -0.013568158, -0.0134620005, -0.013343182, -0.0132799335, -0.013147589, -0.013009681, -0.012867602, -0.012795044, -0.012645889, -0.012488896, -0.012406329, -0.012230785, -0.012039566, -0.011937895, -0.011723729, -0.011497786, -0.011263602, -0.011144484, -0.010903494, -0.010659219, -0.010535403, -0.010282463, -0.010018859, -0.009741249, -0.009596571, -0.009295443, -0.008980512, -0.00881876, -0.008488107, -0.008148781, -0.007975558, -0.007619408, -0.0072436943, -0.0068370905, -0.0066180364, -0.0061413986, -0.005617478, -0.0053516487, -0.004904658, -0.0048056627, 0, 0, 0, 0, 0, 0, 0, 0, 0, 0, 0, 0, 0, 0, 0, 0, 0, 0, 0, 0, 0, 0, 0, 0
0, 0, 0, 0, 0, 0, 0, 0, 0, 0, 0, 0, 0, 0, 0, 0, 0, 0, 0, 0, 0, 0, 0, 0, 0, -0.0049500503, -0.005041955, -0.0054822895, -0.0057448475, -0.0062657357, -0.006748746, -0.006975449, -0.00740497, -0.007808831, -0.00819098, -0.008374368, -0.008726527, -0.009061186, -0.009222867, -0.009537111, -0.009841338, -0.009990142, -0.010281412, -0.010563024, -0.010832954, -0.010962744, -0.011210455, -0.011441947, -0.01155179, -0.011761503, -0.011960622, -0.012152367, -0.012246041, -0.012429572, -0.012607265, -0.012693345, -0.012858021, -0.013010067, -0.013080461, -0.013209124, -0.013322558, -0.013423017, -0.013469557, -0.0135570355, -0.013638993, -0.013678364, -0.013753866, -0.013823956, -0.013886147, -0.013913382, -0.013958331, -0.013989144, -0.01399924, -0.014009277, -0.014007312, -0.013995673, -0.013987043, -0.013965682, -0.013939913, -0.013925593, -0.013893222, -0.013854538, -0.013832031, -0.0137792025, -0.013714217, -0.013635574, -0.013591, -0.013491324, -0.013379224, -0.013319158, -0.013192827, -0.013059827, -0.012921364, -0.012850288, -0.012703957, -0.012550952, -0.012471228, -0.012303599, -0.012123181, -0.012027673, -0.011826275, -0.011611801, -0.011386009, -0.011269576, -0.011030475, -0.010784031, -0.010657981, -0.010399243, -0.010129129, -0.009844603, -0.009696136, -0.009386106, -0.009058834, -0.008889051, -0.008537904, -0.008172031, -0.007983537, -0.0075941235, -0.0071838093, -0.006744694, -0.0065114843, -0.0060136956, -0.00548411, -0.0052245515, -0.0048172525, -0.004801671, 0, 0, 0, 0, 0, 0, 0, 0, 0, 0, 0, 0, 0, 0, 0, 0, 0, 0, 0, 0, 0, 0, 0, 0
0, 0, 0, 0, 0, 0, 0, 0, 0, 0, 0, 0, 0, 0, 0, 0, 0, 0, 0, 0, 0, 0, 0, 0, 0, -0.004954637, -0.004962207, -0.0053635514, -0.005620696, -0.006148542, -0.006651398, -0.006889941, -0.0073434203, -0.0077692443, -0.0081707025, -0.008362829, -0.008731132, -0.00908057, -0.009249246, -0.009576369, -0.009891732, -0.010045265, -0.010343535, -0.010629322, -0.010900794, -0.011030756, -0.0112782065, -0.011509459, -0.011619344, -0.011829421, -0.012028896, -0.0122199645, -0.0123128155, -0.0124930795, -0.01266523, -0.0127476435, -0.012903705, -0.013046384, -0.013112232, -0.013232843, -0.013340107, -0.013436336, -0.013481371, -0.013566696, -0.01364694, -0.013685446, -0.013758968, -0.013826637, -0.013885743, -0.0139113655, -0.013953333, -0.0139823165, -0.013992082, -0.014002665, -0.014002988, -0.013994751, -0.013988087, -0.0139705455, -0.013947823, -0.013934486, -0.013903168, -0.013864246, -0.013841428, -0.013788686, -0.013725561, -0.013651691, -0.013610615, -0.0135203125, -0.013419563, -0.013365506, -0.013250621, -0.0131271295, -0.012995288, -0.01292642, -0.012782832, -0.012631817, -0.012553424, -0.012390084, -0.01221668, -0.012125705, -0.011934313, -0.011729875, -0.011511927, -0.011398005, -0.011160705, -0.010911442, -0.010782465, -0.0105155865, -0.010235387, -0.009939469, -0.009784898, -0.009461296, -0.009117581, -0.008938087, -0.008563871, -0.008170233, -0.007966422, -0.007544536, -0.007102165, -0.0066355444, -0.006392065, -0.005887685, -0.0053890245, -0.005172921, -0.004963756, -0.0053711506, 0, 0, 0, 0, 0, 0, 0, 0, 0, 0, 0, 0, 0, 0, 0, 0, 0, 0, 0, 0, 0, 0, 0, 0
0, 0, 0, 0, 0, 0, 0, 0, 0, 0, 0, 0, 0, 0, 0, 0, 0, 0, 0, 0, 0, 0, 0, 0, 0, -0.0054862145, -0.005063572, -0.005270233, -0.005488731, -0.0059982873, -0.006519686, -0.00677286, -0.0072579635, -0.007713731, -0.0081409225, -0.008344322, -0.00873216, -0.009097524, -0.009272943, -0.009611321, -0.009934734, -0.0100912405, -0.0103937425, -0.010681836, -0.010954765, -0.011085348, -0.011334454, -0.011567763, -0.011678762, -0.0118905045, -0.0120904315, -0.012279822, -0.01237087, -0.012545544, -0.012710278, -0.012788649, -0.012936838, -0.013073255, -0.013136919, -0.013255716, -0.013363833, -0.013462678, -0.0135090025, -0.013595942, -0.013675728, -0.013713046, -0.013782306, -0.013843873, -0.013896575, -0.013919207, -0.013956778, -0.013984383, -0.013994681, -0.014009047, -0.014015728, -0.014015259, -0.014012427, -0.014001582, -0.013983405, -0.013971226, -0.013939982, -0.0138989175, -0.013874776, -0.013819845, -0.013756977, -0.013687323, -0.013649984, -0.013570303, -0.013483424, -0.013436904, -0.013337001, -0.013226625, -0.013104628, -0.013039175, -0.012900056, -0.012750905, -0.012673021, -0.012510763, -0.012339686, -0.012250469, -0.012063811, -0.011864761, -0.011651472, -0.011539107, -0.011302706, -0.011050844, -0.010919316, -0.01064523, -0.010355984, -0.0100499755, -0.009889967, -0.009554573, -0.009197088, -0.009009529, -0.008616582, -0.008200168, -0.007983451, -0.0075335526, -0.0070609073, -0.00656325, -0.0063043274, -0.0057711336, -0.005255506, -0.0050449288, -0.0049411077, -0.0059163086, 0, 0, 0, 0, 0, 0, 0, 0, 0, 0, 0, 0, 0, 0, 0, 0, 0, 0, 0, 0, 0, 0, 0, 0
0, 0, 0, 0, 0, 0, 0, 0, 0, 0, 0, 0, 0, 0, 0, 0, 0, 0, 0, 0, 0, 0, 0, 0, 0, -0.0059433603, -0.0049469676, -0.0050564087, -0.0052757068, -0.0058165505, -0.0063801385, -0.0066541466, -0.0071774065, -0.0076656397, -0.0081198905, -0.008335022, -0.008743081, -0.009124563, -0.009306567, -0.00965505, -0.009984835, -0.010143309, -0.0104481885, -0.0107373195, -0.011011097, -0.011142276, -0.011393097, -0.011628524, -0.0117406035, -0.011953722, -0.012153158, -0.012339452, -0.012427987, -0.012596278, -0.012753823, -0.012828858, -0.012971648, -0.013105688, -0.013169542, -0.013290877, -0.01340388, -0.01350809, -0.013556704, -0.013646183, -0.013725586, -0.013761547, -0.013826301, -0.013881765, -0.013928555, -0.013948857, -0.013983539, -0.014011406, -0.014023109, -0.014042422, -0.01405614, -0.0140635455, -0.014064545, -0.01406078, -0.0140479095, -0.014037637, -0.014008731, -0.013968605, -0.013944648, -0.013890286, -0.013829405, -0.013764078, -0.013730034, -0.013659062, -0.013583165, -0.013542849, -0.01345561, -0.013357126, -0.01324518, -0.0131837735, -0.013050604, -0.01290481, -0.012827772, -0.0126663465, -0.012495671, -0.012406821, -0.012221422, -0.012024266, -0.011813197, -0.011701759, -0.011466101, -0.011213367, -0.011080794, -0.010803407, -0.010509959, -0.010199351, -0.010036955, -0.009696279, -0.0093322275, -0.009140692, -0.008737524, -0.008307282, -0.008081973, -0.0076110447, -0.007111617, -0.0065794694, -0.0062993146, -0.0057110586, -0.0051109903, -0.004836009, -0.0044784676, -0.004567377, 0, 0, 0, 0, 0, 0, 0, 0, 0, 0, 0, 0, 0, 0, 0, 0, 0, 0, 0, 0, 0, 0, 0, 0
0, 0, 0, 0, 0, 0, 0, 0, 0, 0, 0, 0, 0, 0, 0, 0, 0, 0, 0, 0, 0, 0, 0, 0, 0, -0.0045000375, -0.004408293, -0.00477428, -0.005058342, -0.0056832815, -0.0062998794, -0.006593402, -0.0071468796, -0.007657958, -0.0081311185, -0.008354696, -0.0087782685, -0.00917308, -0.009360638, -0.009717754, -0.010053017, -0.01021323, -0.010519999, -0.010809933, -0.011084183, -0.01121569, -0.011467774, -0.011704805, -0.011817566, -0.012031532, -0.012230074, -0.012413582, -0.01250011, -0.012663847, -0.012816868, -0.012890099, -0.013031091, -0.013165509, -0.013230383, -0.013354846, -0.013471591, -0.01357878, -0.013628262, -0.013718552, -0.013797023, -0.013832062, -0.013894702, -0.013948361, -0.013994333, -0.0140147805, -0.014051062, -0.014081888, -0.014095371, -0.014118496, -0.0141359605, -0.014146975, -0.014149771, -0.014149825, -0.014141233, -0.014133373, -0.014109882, -0.014075776, -0.0140548935, -0.0140065355, -0.013950986, -0.013889953, -0.013857789, -0.013790347, -0.01371814, -0.013679924, -0.013597534, -0.013504917, -0.013399415, -0.0133413235, -0.013214436, -0.013073904, -0.012998997, -0.012840764, -0.012672057, -0.01258393, -0.012399727, -0.012203985, -0.011994577, -0.011884108, -0.011650275, -0.01139909, -0.011267088, -0.010990803, -0.010698341, -0.010388821, -0.0102270795, -0.0098879505, -0.009525167, -0.009334028, -0.008930407, -0.008497002, -0.008268627, -0.007787856, -0.0072724647, -0.0067167846, -0.0064215404, -0.0057942313, -0.005141176, -0.0048349537, -0.004414697, -0.0044915224, 0, 0, 0, 0, 0, 0, 0, 0, 0, 0, 0, 0, 0, 0, 0, 0, 0, 0, 0, 0, 0, 0, 0, 0
0, 0, 0, 0, 0, 0, 0, 0, 0, 0, 0, 0, 0, 0, 0, 0, 0, 0, 0, 0, 0, 0, 0, 0, 0, -0.004405475, -0.0043289983, -0.004751168, -0.005059893, -0.0057201874, -0.006354828, -0.0066528874, -0.0072107073, -0.007724215, -0.008200673, -0.0084266, -0.008855757, -0.009256718, -0.009447145, -0.009809008, -0.010147202, -0.010308173, -0.010615586, -0.010905589, -0.011180024, -0.011311736, -0.011564546, -0.011802731, -0.011916136, -0.0121311005, -0.0123299165, -0.012513088, -0.01259924, -0.012762284, -0.012915186, -0.012988618, -0.013130929, -0.013267136, -0.013332751, -0.013458315, -0.013574768, -0.013680549, -0.013729046, -0.013817413, -0.013894845, -0.013929944, -0.013994387, -0.014052157, -0.014104289, -0.0141281625, -0.014171283, -0.014207629, -0.014222925, -0.014247693, -0.014264263, -0.014272966, -0.014274663, -0.014273259, -0.014265894, -0.014259978, -0.014242935, -0.014217881, -0.014202066, -0.014163169, -0.014114697, -0.0140571315, -0.014025172, -0.013955748, -0.0138797015, -0.013839344, -0.013753417, -0.013659344, -0.0135553125, -0.013498952, -0.01337693, -0.013242179, -0.013170088, -0.013016705, -0.012851576, -0.012764723, -0.012582611, -0.012388512, -0.012180951, -0.012071536, -0.011840398, -0.011592344, -0.011461973, -0.0111890435, -0.010899881, -0.01059396, -0.010434199, -0.010099638, -0.009742638, -0.009554695, -0.009158097, -0.008731294, -0.008505663, -0.008028495, -0.00751406, -0.00695785, -0.006662553, -0.0060387743, -0.0054020793, -0.0051140497, -0.00476508, -0.00494475, 0, 0, 0, 0, 0, 0, 0, 0, 0, 0, 0, 0, 0, 0, 0, 0, 0, 0, 0, 0, 0, 0, 0, 0
0, 0, 0, 0, 0, 0, 0, 0, 0, 0, 0, 0, 0, 0, 0, 0, 0, 0, 0, 0, 0, 0, 0, 0, 0, -0.0048792185, -0.0047022947, -0.0050455565, -0.0053277947, -0.0059486832, -0.0065529156, -0.0068379184, -0.0073739258, -0.007871255, -0.008336782, -0.008559006, -0.008983226, -0.0093811555, -0.009570349, -0.009929978, -0.010265787, -0.010425558, -0.0107306, -0.011018731, -0.011292118, -0.011423729, -0.011676888, -0.0119162, -0.012030466, -0.012247226, -0.012448327, -0.012634227, -0.012721967, -0.012888515, -0.013045525, -0.013121154, -0.013267314, -0.013406348, -0.013472836, -0.013598427, -0.013712913, -0.013815495, -0.013862468, -0.013948498, -0.014026109, -0.014062534, -0.014132032, -0.014198049, -0.0142603, -0.014289559, -0.014342298, -0.014385256, -0.014402469, -0.014427386, -0.014440384, -0.014443403, -0.014442157, -0.014436078, -0.01442702, -0.014421739, -0.014408969, -0.0143915145, -0.014380036, -0.014349486, -0.014306869, -0.014251018, -0.014218212, -0.014144121, -0.0140605355, -0.014016018, -0.013922339, -0.01382265, -0.013716209, -0.01365974, -0.013539495, -0.013407954, -0.0133375665, -0.013186933, -0.013023398, -0.0129369665, -0.012754827, -0.012560517, -0.01235341, -0.012244609, -0.012015623, -0.011770397, -0.0116416, -0.011371314, -0.011084252, -0.010780151, -0.0106213745, -0.010290059, -0.009938515, -0.0097543625, -0.009367422, -0.008952462, -0.008733329, -0.008269567, -0.0077694114, -0.0072303256, -0.0069463504, -0.006358114, -0.0057902145, -0.005557581, -0.0053755604, -0.0057394193, 0, 0, 0, 0, 0, 0, 0, 0, 0, 0, 0, 0, 0, 0, 0, 0, 0, 0, 0, 0, 0, 0, 0, 0
0, 0, 0, 0, 0, 0, 0, 0, 0, 0, 0, 0, 0, 0, 0, 0, 0, 0, 0, 0, 0, 0, 0, 0, 0, -0.0056866272, -0.0053263423, -0.005496776, -0.0057178745, -0.0062554223, -0.006808966, -0.007075779, -0.007584297, -0.00806179, -0.008512257, -0.008728005, -0.009140781, -0.009528513, -0.009713035, -0.0100638475, -0.010391989, -0.010548378, -0.010847878, -0.011132308, -0.011403824, -0.011535153, -0.0117888255, -0.012029726, -0.012145098, -0.012364828, -0.012569838, -0.012760631, -0.012851215, -0.013024228, -0.013188057, -0.013267068, -0.013419424, -0.01356361, -0.013632051, -0.013760434, -0.013876312, -0.013979345, -0.014026546, -0.014113916, -0.014194361, -0.014233041, -0.014308603, -0.014382653, -0.014453928, -0.014487572, -0.014548278, -0.014596876, -0.014615636, -0.014641351, -0.0146524515, -0.014651946, -0.014648734, -0.014639059, -0.014627739, -0.014621916, -0.014609802, -0.014594535, -0.014584559, -0.014556678, -0.014515553, -0.014458984, -0.014424893, -0.014346365, -0.014256591, -0.01420862, -0.0141080925, -0.014002501, -0.013891509, -0.013833471, -0.013710708, -0.013576793, -0.013504967, -0.013350827, -0.013182745, -0.013093734, -0.01290654, -0.012707705, -0.012497536, -0.012387892, -0.012158505, -0.011913979, -0.011785586, -0.011515597, -0.0112274485, -0.010921382, -0.01076174, -0.010429642, -0.010079908, -0.0098981075, -0.009518537, -0.009114735, -0.008902241, -0.008453064, -0.007967543, -0.007442909, -0.007167033, -0.0066047097, -0.006105298, -0.0059458585, -0.006067808, -0.0069184382, 0, 0, 0, 0, 0, 0, 0, 0, 0, 0, 0, 0, 0, 0, 0, 0, 0, 0, 0, 0, 0, 0, 0, 0
0, 0, 0, 0, 0, 0, 0, 0, 0, 0, 0, 0, 0, 0, 0, 0, 0, 0, 0, 0, 0, 0, 0, 0, 0, -0.006829165, -0.0059830598, -0.0058492124, -0.005996962, -0.0064667766, -0.0069976575, -0.0072590797, -0.007759757, -0.008229651, -0.008670764, -0.008881191, -0.00928227, -0.009657947, -0.009836587, -0.010176554, -0.010495824, -0.010648654, -0.0109429695, -0.011224652, -0.011495702, -0.011627479, -0.011883237, -0.012127354, -0.0122445915, -0.012468554, -0.012678723, -0.012875658, -0.012969801, -0.013150311, -0.0133221345, -0.013405174, -0.01356576, -0.013717996, -0.013790511, -0.01392704, -0.014050862, -0.01416187, -0.014212896, -0.01430757, -0.014394688, -0.014436285, -0.014517174, -0.014595597, -0.014670377, -0.01470561, -0.014769294, -0.014820756, -0.014841005, -0.014869814, -0.014884028, -0.014886355, -0.01488423, -0.014875777, -0.014863967, -0.014857332, -0.014842249, -0.014822943, -0.014810621, -0.014778093, -0.014732446, -0.014671906, -0.014636086, -0.014554313, -0.014461517, -0.014411822, -0.014307367, -0.014197055, -0.014080308, -0.014019008, -0.01388867, -0.013745654, -0.013668725, -0.013503658, -0.013323862, -0.013229046, -0.013030955, -0.012822639, -0.012604848, -0.012492153, -0.012258351, -0.012010917, -0.011881229, -0.011608287, -0.011316365, -0.011005555, -0.01084358, -0.010507478, -0.010155718, -0.009973874, -0.009596879, -0.00919894, -0.008990265, -0.008548907, -0.008067979, -0.007539085, -0.0072560622, -0.006668961, -0.0061469693, -0.0060003255, -0.006372745, -0.008508237, 0, 0, 0, 0, 0, 0, 0, 0, 0, 0, 0, 0, 0, 0, 0, 0, 0, 0, 0, 0, 0, 0, 0, 0
0, 0, 0, 0, 0, 0, 0, 0, 0, 0, 0, 0, 0, 0, 0, 0, 0, 0, 0, 0, 0, 0, 0, 0, 0, -0.008339097, -0.0062162685, -0.0058396272, -0.0059780744, -0.0064793173, -0.0070470525, -0.007322362, -0.007840685, -0.008316978, -0.008756698, -0.008964399, -0.009358161, -0.009725507, -0.0099002225, -0.010233842, -0.010549285, -0.010701306, -0.010995686, -0.011279541, -0.011554329, -0.0116884485, -0.011949667, -0.012199902, -0.01232038, -0.012551339, -0.012768807, -0.012973727, -0.013071988, -0.013260915, -0.013441275, -0.013528716, -0.013698475, -0.013860907, -0.013939028, -0.014087883, -0.014225447, -0.01435069, -0.014408687, -0.014516185, -0.014613403, -0.014658846, -0.014744378, -0.014823683, -0.0148968985, -0.014931013, -0.014992904, -0.015044794, -0.015066382, -0.015100425, -0.015122405, -0.015133301, -0.015135042, -0.015132176, -0.015121966, -0.015114267, -0.015093765, -0.015065549, -0.015047991, -0.015004796, -0.0149495555, -0.014881791, -0.014843405, -0.014758223, -0.014663231, -0.014612397, -0.014504699, -0.014388799, -0.014263797, -0.014197286, -0.014054564, -0.013897212, -0.013812548, -0.013631503, -0.013436172, -0.0133338645, -0.013121415, -0.012900088, -0.012670577, -0.012552674, -0.012309578, -0.012054279, -0.011921116, -0.011641784, -0.011343797, -0.011027197, -0.010862427, -0.010520952, -0.010164733, -0.009981127, -0.009601858, -0.009203072, -0.0089944545, -0.008552815, -0.008067963, -0.007525154, -0.0072284844, -0.00659106, -0.00596068, -0.0057109296, -0.00556154, 0, 0, 0, 0, 0, 0, 0, 0, 0, 0, 0, 0, 0, 0, 0, 0, 0, 0, 0, 0, 0, 0, 0, 0, 0
0, 0, 0, 0, 0, 0, 0, 0, 0, 0, 0, 0, 0, 0, 0, 0, 0, 0, 0, 0, 0, 0, 0, 0, 0, 0, -0.0053750593, -0.005513145, -0.005753909, -0.0063657146, -0.0069888504, -0.007280484, -0.007817894, -0.008301266, -0.008741826, -0.0089489715, -0.009340947, -0.009707668, -0.009882917, -0.010219593, -0.010540638, -0.010696224, -0.010998844, -0.011291744, -0.011575847, -0.011714669, -0.011985319, -0.012245566, -0.012371235, -0.012612971, -0.012841717, -0.013058072, -0.013161874, -0.013361626, -0.013552193, -0.013644491, -0.013823884, -0.013996759, -0.014080573, -0.014242207, -0.014394479, -0.014535582, -0.0146015305, -0.014723836, -0.014833306, -0.014883367, -0.0149744125, -0.015054624, -0.015125468, -0.015157777, -0.0152166365, -0.015268086, -0.01529094, -0.015330311, -0.015360581, -0.015380608, -0.015386519, -0.015389378, -0.015380117, -0.015370907, -0.015343597, -0.015304588, -0.015280761, -0.015224862, -0.015158116, -0.015081333, -0.015039447, -0.014948697, -0.014848839, -0.014795258, -0.014680526, -0.014554867, -0.014417033, -0.0143431, -0.014184368, -0.0140101835, -0.013917186, -0.01372003, -0.013509536, -0.013399976, -0.01317349, -0.01293804, -0.012694107, -0.012568848, -0.01231124, -0.01204229, -0.011902786, -0.01161211, -0.011304807, -0.010980435, -0.010812114, -0.0104639735, -0.010101293, -0.0099143805, -0.009528545, -0.009123521, -0.008911992, -0.008465351, -0.007976694, -0.007432211, -0.007135991, -0.0065058935, -0.005903417, -0.005681785, -0.0056286985, 0, 0, 0, 0, 0, 0, 0, 0, 0, 0, 0, 0, 0, 0, 0, 0, 0, 0, 0, 0, 0, 0, 0, 0, 0
0, 0, 0, 0, 0, 0, 0, 0, 0, 0, 0, 0, 0, 0, 0, 0, 0, 0, 0, 0, 0, 0, 0, 0, 0, 0, -0.0054404866, -0.005485554, -0.0056983847, -0.006280582, -0.006891645, -0.007179784, -0.0077115223, -0.008190653, -0.008629689, -0.008837319, -0.009233587, -0.00960879, -0.009789657, -0.010139715, -0.010475946, -0.010639374, -0.010957732, -0.011265425, -0.011563283, -0.011708601, -0.0119921, -0.012265687, -0.012398386, -0.012655079, -0.0128996065, -0.01313198, -0.01324356, -0.013458111, -0.013661812, -0.01375998, -0.013950047, -0.014132496, -0.014221043, -0.014392725, -0.014556172, -0.014709712, -0.014782195, -0.014917613, -0.015038943, -0.015094021, -0.015192878, -0.015277332, -0.015349638, -0.015382015, -0.015440597, -0.01549253, -0.015516156, -0.015558459, -0.015592819, -0.015616963, -0.015624401, -0.015628584, -0.0156172495, -0.015605729, -0.015571183, -0.015522681, -0.015493709, -0.015427417, -0.015351106, -0.015265726, -0.015219716, -0.015120736, -0.015011278, -0.01495215, -0.014824292, -0.014682861, -0.014527537, -0.0144445, -0.014268078, -0.014077637, -0.013977269, -0.01376698, -0.013544784, -0.013429437, -0.0131907305, -0.012941297, -0.012681043, -0.012546759, -0.012269741, -0.011980855, -0.011831631, -0.011522904, -0.011200005, -0.010862485, -0.010688383, -0.01032946, -0.009956228, -0.009764001, -0.009367153, -0.008951428, -0.008734992, -0.008280957, -0.007791169, -0.0072577605, -0.006975473, -0.006406668, -0.0059615322, -0.005889238, -0.006337368, 0, 0, 0, 0, 0, 0, 0, 0, 0, 0, 0, 0, 0, 0, 0, 0, 0, 0, 0, 0, 0, 0, 0, 0, 0
0, 0, 0, 0, 0, 0, 0, 0, 0, 0, 0, 0, 0, 0, 0, 0, 0, 0, 0, 0, 0, 0, 0, 0, 0, 0, -0.0061549144, -0.0057158098, -0.005784087, -0.006211175, -0.0067552268, -0.007024313, -0.0075328634, -0.008001819, -0.00844052, -0.008651251, -0.00905902, -0.009451119, -0.009641842, -0.010012981, -0.01037077, -0.010544751, -0.010883121, -0.011208875, -0.01152305, -0.011676126, -0.011974663, -0.0122636305, -0.012404485, -0.012678731, -0.012942112, -0.013193804, -0.013314995, -0.013547879, -0.013768113, -0.013873525, -0.014075762, -0.014267714, -0.014360191, -0.014538686, -0.014708681, -0.014869441, -0.014945922, -0.015090115, -0.015221053, -0.015280986, -0.015389297, -0.015482292, -0.01556148, -0.0155965295, -0.015659023, -0.015712889, -0.015736872, -0.015778672, -0.015811156, -0.015832243, -0.015837802, -0.015837537, -0.015820907, -0.01580644, -0.015765842, -0.015711145, -0.01567919, -0.015607144, -0.015524918, -0.015432827, -0.015382699, -0.0152737405, -0.015151375, -0.01508462, -0.0149396295, -0.014779338, -0.0146047715, -0.0145125985, -0.0143191945, -0.014114761, -0.014008481, -0.013787908, -0.013556313, -0.013435989, -0.013185821, -0.012921986, -0.012643694, -0.012499174, -0.012199492, -0.011886139, -0.011724556, -0.01139162, -0.011046115, -0.01068817, -0.010504514, -0.010127528, -0.009736875, -0.009536023, -0.00912236, -0.008690869, -0.00846746, -0.00800233, -0.0075081396, -0.006981124, -0.0067081014, -0.006177889, -0.0058356137, -0.005882212, -0.007028323, 0, 0, 0, 0, 0, 0, 0, 0, 0, 0, 0, 0, 0, 0, 0, 0, 0, 0, 0, 0, 0, 0, 0, 0, 0
0, 0, 0, 0, 0, 0, 0, 0, 0, 0, 0, 0, 0, 0, 0, 0, 0, 0, 0, 0, 0, 0, 0, 0, 0, 0, -0.0068497653, -0.0057395645, -0.0056953835, -0.006024199, -0.006527661, -0.006785179, -0.0072816117, -0.0077507026, -0.008199366, -0.008418005, -0.008846024, -0.009261843, -0.009465048, -0.009861111, -0.010242815, -0.01042816, -0.010787877, -0.0111332685, -0.0114654945, -0.011627202, -0.011942517, -0.012248197, -0.012397667, -0.012689449, -0.01297131, -0.0132420985, -0.013372927, -0.013624628, -0.013862386, -0.013975826, -0.014191943, -0.01439438, -0.014490997, -0.014675739, -0.014849975, -0.015014423, -0.01509287, -0.01524177, -0.015379149, -0.015442999, -0.015560303, -0.015663197, -0.015751883, -0.015791096, -0.015859982, -0.01591669, -0.015940625, -0.015979705, -0.016006526, -0.01602025, -0.016021868, -0.016014047, -0.01599098, -0.01597388, -0.015929032, -0.015871493, -0.01583839, -0.015764004, -0.015678564, -0.01558094, -0.015527159, -0.015408216, -0.015272902, -0.01519879, -0.0150379175, -0.014861167, -0.014670581, -0.014570924, -0.014363968, -0.014147709, -0.014036198, -0.013805724, -0.013563677, -0.013437613, -0.0131742, -0.012894346, -0.012597371, -0.012442542, -0.012120565, -0.011783265, -0.011609192, -0.011250934, -0.010879958, -0.01049676, -0.010300535, -0.009898451, -0.00948292, -0.009269773, -0.008832133, -0.0083782235, -0.008144494, -0.0076614916, -0.0071548354, -0.0066227326, -0.0063499357, -0.0058202394, -0.005433082, -0.0053764945, -0.00562225, 0, 0, 0, 0, 0, 0, 0, 0, 0, 0, 0, 0, 0, 0, 0, 0, 0, 0, 0, 0, 0, 0, 0, 0, 0
0, 0, 0, 0, 0, 0, 0, 0, 0, 0, 0, 0, 0, 0, 0, 0, 0, 0, 0, 0, 0, 0, 0, 0, 0, 0, -0.005510077, -0.0052725584, -0.0053276643, -0.005699709, -0.0062049297, -0.0064643547, -0.006971958, -0.0074609625, -0.0079354085, -0.008168098, -0.008624779, -0.009068825, -0.0092854705, -0.009706883, -0.0101120835, -0.010308533, -0.010689652, -0.011055698, -0.011407962, -0.011579287, -0.011913173, -0.0122360885, -0.01239366, -0.012701004, -0.012997577, -0.013282975, -0.013421175, -0.01368783, -0.013940624, -0.014061442, -0.014291577, -0.0145060895, -0.014607757, -0.014800478, -0.014980379, -0.015148313, -0.015228118, -0.015379797, -0.015520615, -0.015586731, -0.01570984, -0.015819926, -0.015915927, -0.015958501, -0.016032476, -0.016091429, -0.016115295, -0.016151607, -0.016173124, -0.01618018, -0.016178364, -0.01616427, -0.01613644, -0.016117603, -0.016070249, -0.016011093, -0.015977079, -0.01590041, -0.0158111, -0.015707662, -0.01565008, -0.015522305, -0.015376989, -0.015297752, -0.0151266195, -0.014940019, -0.014740014, -0.014635642, -0.014419154, -0.014192757, -0.014075666, -0.013833208, -0.013577759, -0.013444396, -0.013165397, -0.012869159, -0.012555441, -0.012392234, -0.012053556, -0.011698995, -0.011515948, -0.011138789, -0.010746958, -0.010340573, -0.010131819, -0.0097029, -0.009258585, -0.0090306075, -0.008563114, -0.008079676, -0.007831569, -0.0073212767, -0.0067907544, -0.0062431414, -0.005969458, -0.0054699355, -0.005210747, -0.0052872514, -0.0059286696, 0, 0, 0, 0, 0, 0, 0, 0, 0, 0, 0, 0, 0, 0, 0, 0, 0, 0, 0, 0, 0, 0, 0, 0, 0
0, 0, 0, 0, 0, 0, 0, 0, 0, 0, 0, 0, 0, 0, 0, 0, 0, 0, 0, 0, 0, 0, 0, 0, 0, 0, -0.0058206064, -0.0051875054, -0.0051097875, -0.005357936, -0.0058422964, -0.006109228, -0.006647352, -0.0071753515, -0.007689125, -0.007940442, -0.008430934, -0.008904014, -0.00913349, -0.00957827, -0.010004594, -0.010211364, -0.010613078, -0.011000186, -0.011373346, -0.011554801, -0.011907619, -0.012246973, -0.012411634, -0.012730766, -0.013036751, -0.013330073, -0.013472125, -0.013747095, -0.01400942, -0.014135651, -0.014377312, -0.014603818, -0.014711258, -0.014914504, -0.015102579, -0.015276368, -0.01535822, -0.01551253, -0.015654821, -0.015721632, -0.015846126, -0.015957989, -0.01605582, -0.016099198, -0.01617435, -0.016233483, -0.01625705, -0.016292, -0.01631142, -0.01631602, -0.01631298, -0.016296702, -0.016267244, -0.016247582, -0.016198497, -0.016136648, -0.016100675, -0.016018672, -0.01592242, -0.015810944, -0.015749259, -0.0156136025, -0.015461647, -0.015379641, -0.01520422, -0.015014198, -0.014810514, -0.014703865, -0.014480982, -0.014245285, -0.014122553, -0.013866879, -0.013596626, -0.013455707, -0.013161916, -0.012852461, -0.012527815, -0.012360032, -0.012013637, -0.01165255, -0.01146623, -0.011081431, -0.010679435, -0.010258929, -0.010041431, -0.009591679, -0.009122371, -0.008880655, -0.008383511, -0.007868048, -0.0076030353, -0.0070570884, -0.0064885067, -0.005902573, -0.0056124097, -0.005104451, -0.004955592, -0.0052248463, -0.007056466, 0, 0, 0, 0, 0, 0, 0, 0, 0, 0, 0, 0, 0, 0, 0, 0, 0, 0, 0, 0, 0, 0, 0, 0, 0
0, 0, 0, 0, 0, 0, 0, 0, 0, 0, 0, 0, 0, 0, 0, 0, 0, 0, 0, 0, 0, 0, 0, 0, 0, 0, -0.0069057075, -0.0051051476, -0.0048408993, -0.004988958, -0.005494586, -0.0057854014, -0.0063774316, -0.006957008, -0.0075150086, -0.0077851885, -0.008307275, -0.008805092, -0.009045143, -0.009508351, -0.009951594, -0.010166711, -0.010585553, -0.010990506, -0.011381634, -0.01157173, -0.011940297, -0.012292497, -0.012462197, -0.012789028, -0.01309966, -0.013395461, -0.013538442, -0.0138155725, -0.0140814595, -0.014210208, -0.014458729, -0.014694188, -0.014806523, -0.015019902, -0.01521737, -0.015398722, -0.015483388, -0.015641352, -0.015784865, -0.015851367, -0.015974374, -0.016083537, -0.016178368, -0.016220208, -0.016292706, -0.016350055, -0.01637303, -0.016407914, -0.016428139, -0.016434088, -0.016431773, -0.016416738, -0.016387714, -0.016367782, -0.016316516, -0.016249757, -0.016210396, -0.016119912, -0.01601378, -0.015892377, -0.015826266, -0.015683325, -0.015526743, -0.015443258, -0.015266219, -0.01507546, -0.014870305, -0.014762186, -0.014534402, -0.014290973, -0.014163405, -0.01389673, -0.013615093, -0.0134688085, -0.01316582, -0.012849972, -0.012522072, -0.012353718, -0.012008061, -0.01164933, -0.011464545, -0.011082292, -0.010681214, -0.010258842, -0.010039068, -0.0095815705, -0.00910015, -0.008850761, -0.008334751, -0.007795357, -0.007516167, -0.0069366046, -0.006325036, -0.005682811, -0.00535707, -0.00474736, -0.0043642274, -0.004347094, 0, 0, 0, 0, 0, 0, 0, 0, 0, 0, 0, 0, 0, 0, 0, 0, 0, 0, 0, 0, 0, 0, 0, 0, 0, 0
0, 0, 0, 0, 0, 0, 0, 0, 0, 0, 0, 0, 0, 0, 0, 0, 0, 0, 0, 0, 0, 0, 0, 0, 0, 0, 0, -0.004246328, -0.00426395, -0.0046475935, -0.005262041, -0.0055926065, -0.0062484983, -0.006875746, -0.007468323, -0.0077517955, -0.008294396, -0.0088067, -0.009052476, -0.009525872, -0.009978236, -0.010197779, -0.010625719, -0.011039604, -0.011439289, -0.011633409, -0.012009255, -0.012367473, -0.01253955, -0.01286995, -0.013182519, -0.013478757, -0.013621543, -0.013898042, -0.0141635835, -0.014292438, -0.014542502, -0.014781242, -0.014895993, -0.015115443, -0.015319742, -0.015507779, -0.01559542, -0.015757728, -0.015903352, -0.015970102, -0.0160917, -0.016197877, -0.016288828, -0.016328638, -0.016397512, -0.01645244, -0.016474828, -0.016509602, -0.016531067, -0.016539, -0.016537715, -0.016524196, -0.01649508, -0.016474355, -0.016419655, -0.016346864, -0.016303582, -0.01620413, -0.016088385, -0.015958259, -0.015888304, -0.015739422, -0.015578845, -0.015494091, -0.015314974, -0.015122178, -0.014914371, -0.0148043865, -0.014571991, -0.014323006, -0.014192563, -0.013920441, -0.013634734, -0.0134872515, -0.013183502, -0.012868988, -0.012544055, -0.012377573, -0.012036476, -0.011683239, -0.011501459, -0.011126042, -0.010732878, -0.010319182, -0.010103855, -0.009655059, -0.0091808215, -0.008933839, -0.008419539, -0.0078763245, -0.0075927125, -0.0069979294, -0.0063610915, -0.0056814603, -0.005332176, -0.004667116, -0.0042259856, -0.0041895113, 0, 0, 0, 0, 0, 0, 0, 0, 0, 0, 0, 0, 0, 0, 0, 0, 0, 0, 0, 0, 0, 0, 0, 0, 0, 0
0, 0, 0, 0, 0, 0, 0, 0, 0, 0, 0, 0, 0, 0, 0, 0, 0, 0, 0, 0, 0, 0, 0, 0, 0, 0, 0, -0.0041260542, -0.0041638976, -0.004608898, -0.0052816947, -0.005636202, -0.006327837, -0.0069761197, -0.0075789024, -0.007864729, -0.008409005, -0.008920852, -0.00916613, -0.009638071, -0.010088545, -0.010306828, -0.010731068, -0.011140226, -0.011534475, -0.011725882, -0.012097105, -0.01245236, -0.012623814, -0.012954268, -0.013268124, -0.013565982, -0.013709389, -0.01398603, -0.014250342, -0.0143781975, -0.014625752, -0.014862265, -0.014976396, -0.015195671, -0.015401844, -0.015593145, -0.01568272, -0.01584914, -0.015998201, -0.016066145, -0.016189162, -0.016295267, -0.016385192, -0.016424311, -0.016491765, -0.016545478, -0.01656743, -0.016601438, -0.016622493, -0.016629951, -0.016628321, -0.01661344, -0.016581876, -0.016559444, -0.016500516, -0.016422518, -0.016376555, -0.01627158, -0.016150685, -0.01601612, -0.015944365, -0.015792241, -0.015628746, -0.015542449, -0.015359745, -0.0151625015, -0.014949634, -0.014837131, -0.014600199, -0.014348174, -0.014217012, -0.013945512, -0.01366315, -0.013518238, -0.0132209845, -0.012913185, -0.012594073, -0.01242998, -0.012092555, -0.011742417, -0.011562425, -0.011192564, -0.010808747, -0.010409681, -0.010203737, -0.009777153, -0.00932821, -0.009094148, -0.008604708, -0.008083236, -0.007808762, -0.0072282413, -0.0065995813, -0.0059227333, -0.0055740816, -0.004916728, -0.004513107, -0.0045121918, 0, 0, 0, 0, 0, 0, 0, 0, 0, 0, 0, 0, 0, 0, 0, 0, 0, 0, 0, 0, 0, 0, 0, 0, 0, 0
0, 0, 0, 0, 0, 0, 0, 0, 0, 0, 0, 0, 0, 0, 0, 0, 0, 0, 0, 0, 0, 0, 0, 0, 0, 0, 0, -0.004492808, -0.0044978, -0.004910561, -0.005576465, -0.0059286584, -0.006610633, -0.0072420957, -0.007824454, -0.008099965, -0.008625031, -0.009120674, -0.009358889, -0.009817665, -0.010255007, -0.010466204, -0.010874845, -0.0112664355, -0.011642615, -0.011825464, -0.012181958, -0.012526889, -0.012695256, -0.013023208, -0.013338404, -0.013639664, -0.013784802, -0.01406382, -0.014327969, -0.014454679, -0.01469813, -0.014929474, -0.015040913, -0.015255534, -0.015459083, -0.015649956, -0.015740173, -0.015909167, -0.016061693, -0.01613143, -0.016257854, -0.016366823, -0.01645902, -0.016499165, -0.0165682, -0.016622648, -0.016644543, -0.016677659, -0.016696453, -0.01670074, -0.016697168, -0.016678011, -0.016641866, -0.016617205, -0.016554493, -0.016474154, -0.016427645, -0.01632243, -0.016202347, -0.016068852, -0.015997406, -0.015845375, -0.015680574, -0.015592948, -0.015406335, -0.015203915, -0.014985338, -0.014870247, -0.014629516, -0.0143765, -0.014246054, -0.013978609, -0.013703306, -0.013562706, -0.013274489, -0.012974827, -0.012661343, -0.012498919, -0.012162806, -0.011812424, -0.011632552, -0.011265006, -0.010888728, -0.01050479, -0.0103095155, -0.009910471, -0.009495667, -0.009280529, -0.008830729, -0.008349765, -0.008095525, -0.007555245, -0.006966803, -0.0063310587, -0.006004149, -0.0053971815, -0.005063536, -0.005105301, 0, 0, 0, 0, 0, 0, 0, 0, 0, 0, 0, 0, 0, 0, 0, 0, 0, 0, 0, 0, 0, 0, 0, 0, 0, 0
0, 0, 0, 0, 0, 0, 0, 0, 0, 0, 0, 0, 0, 0, 0, 0, 0, 0, 0, 0, 0, 0, 0, 0, 0, 0, 0, -0.005119457, -0.005083759, -0.0054304413, -0.0060451226, -0.0063730804, -0.00700619, -0.0075895875, -0.008127848, -0.008383722, -0.008874809, -0.009343165, -0.009569802, -0.010007946, -0.01042583, -0.010627163, -0.011014743, -0.011383962, -0.011738027, -0.01191056, -0.012249434, -0.01258211, -0.012746529, -0.013070841, -0.013386785, -0.013691152, -0.013837946, -0.014119523, -0.014383865, -0.014509741, -0.014749555, -0.01497589, -0.015084596, -0.015294165, -0.0154936975, -0.015682332, -0.015772117, -0.015941378, -0.01609533, -0.016166097, -0.016294809, -0.016406432, -0.01650145, -0.016543044, -0.016614767, -0.016671157, -0.016693471, -0.016726227, -0.016743008, -0.016743638, -0.016737908, -0.016713979, -0.01667354, -0.016647117, -0.016582415, -0.016502503, -0.016457068, -0.016355416, -0.01623966, -0.016110063, -0.016040107, -0.015889902, -0.015725037, -0.015636785, -0.015448036, -0.0152424, -0.01502065, -0.014904249, -0.0146619845, -0.014409375, -0.014279948, -0.014016098, -0.0137462355, -0.013608738, -0.0133269, -0.013032761, -0.012723099, -0.0125617245, -0.012226232, -0.011875353, -0.01169528, -0.011328682, -0.010957257, -0.010584043, -0.010396901, -0.010019808, -0.00963409, -0.009435882, -0.009023808, -0.008584852, -0.008353097, -0.007860685, -0.0073257606, -0.006753246, -0.006464561, -0.005959988, -0.0057850434, -0.005923742, 0, 0, 0, 0, 0, 0, 0, 0, 0, 0, 0, 0, 0, 0, 0, 0, 0, 0, 0, 0, 0, 0, 0, 0, 0, 0
0, 0, 0, 0, 0, 0, 0, 0, 0, 0, 0, 0, 0, 0, 0, 0, 0, 0, 0, 0, 0, 0, 0, 0, 0, 0, 0, -0.0059469366, -0.0058154147, -0.006005197, -0.0065163565, -0.0068042297, -0.0073690903, -0.007894495, -0.008383582, -0.008618143, -0.009073304, -0.009513443, -0.009728197, -0.010146066, -0.010546364, -0.010739294, -0.011110429, -0.011463511, -0.011802408, -0.011968209, -0.01229566, -0.012620433, -0.012782143, -0.01310328, -0.013418142, -0.013722339, -0.01386924, -0.014150233, -0.01441323, -0.0145380385, -0.014775417, -0.014998893, -0.01510625, -0.015313399, -0.015510789, -0.015697487, -0.015786313, -0.015953625, -0.016105821, -0.01617578, -0.016303062, -0.016413748, -0.016508795, -0.016550748, -0.01662376, -0.016681714, -0.016704787, -0.01673831, -0.01675476, -0.016754027, -0.016747318, -0.016721247, -0.016678896, -0.016652003, -0.016587343, -0.016509077, -0.016464971, -0.016366716, -0.016254414, -0.016127596, -0.01605861, -0.015909685, -0.015745472, -0.015657492, -0.015469293, -0.0152647775, -0.015044632, -0.014929253, -0.014688952, -0.014437994, -0.014309204, -0.014046076, -0.013776298, -0.013638783, -0.013356886, -0.013063215, -0.012754624, -0.012594037, -0.012260374, -0.011911445, -0.011732305, -0.01136739, -0.010997863, -0.01062761, -0.010442762, -0.010072708, -0.009698356, -0.009507669, -0.00911433, -0.008698982, -0.00848081, -0.008019227, -0.0075211665, -0.006998824, -0.0067474996, -0.006381673, -0.0065368856, -0.006940586, 0, 0, 0, 0, 0, 0, 0, 0, 0, 0, 0, 0, 0, 0, 0, 0, 0, 0, 0, 0, 0, 0, 0, 0, 0, 0
0, 0, 0, 0, 0, 0, 0, 0, 0, 0, 0, 0, 0, 0, 0, 0, 0, 0, 0, 0, 0, 0, 0, 0, 0, 0, 0, -0.0069519444, -0.0065563153, -0.0064178645, -0.0067909607, -0.007041195, -0.0075544883, -0.008041728, -0.00849964, -0.0087208925, -0.009153436, -0.00957598, -0.009783615, -0.010189941, -0.010581913, -0.010771578, -0.011138026, -0.011488346, -0.011826241, -0.011992042, -0.012319825, -0.012644733, -0.012806145, -0.0131255835, -0.013437329, -0.013737368, -0.013881888, -0.014158179, -0.0144172115, -0.0145403985, -0.014775719, -0.014998704, -0.015106285, -0.015314176, -0.015511839, -0.015697561, -0.01578526, -0.015949216, -0.016096724, -0.016164042, -0.016285924, -0.01639165, -0.016483001, -0.016523704, -0.016595347, -0.016653486, -0.01667705, -0.016712116, -0.01673019, -0.01673096, -0.016724775, -0.01669987, -0.016658792, -0.016632564, -0.01656925, -0.016492357, -0.016448926, -0.0163516, -0.016239658, -0.016112655, -0.016043536, -0.015894547, -0.01573126, -0.015644278, -0.015459546, -0.015260321, -0.015046618, -0.014934478, -0.014699847, -0.014451954, -0.014323399, -0.014058231, -0.013783375, -0.013642649, -0.013354419, -0.013055881, -0.012745198, -0.012584925, -0.012253519, -0.011908188, -0.011730601, -0.011367048, -0.010994917, -0.010617711, -0.010427897, -0.010046103, -0.009659467, -0.009463046, -0.009060422, -0.008639141, -0.008419242, -0.007955913, -0.007456894, -0.0069351927, -0.0066882437, -0.006375051, -0.006842774, -0.0077309767, 0, 0, 0, 0, 0, 0, 0, 0, 0, 0, 0, 0, 0, 0, 0, 0, 0, 0, 0, 0, 0, 0, 0, 0, 0, 0
0, 0, 0, 0, 0, 0, 0, 0, 0, 0, 0, 0, 0, 0, 0, 0, 0, 0, 0, 0, 0, 0, 0, 0, 0, 0, 0, -0.007729741, -0.0068525355, -0.006404224, -0.0067255283, -0.0069715492, -0.007484852, -0.007973815, -0.008433418, -0.008655466, -0.009089577, -0.009513732, -0.009722316, -0.010131446, -0.0105278315, -0.0107206255, -0.011095452, -0.011456552, -0.011806703, -0.011978508, -0.012316966, -0.012649077, -0.012812449, -0.013132158, -0.013440212, -0.013733959, -0.013874832, -0.014144299, -0.014397939, -0.014519303, -0.014752836, -0.014976007, -0.015084222, -0.015293418, -0.0154916635, -0.015676167, -0.015762486, -0.015922105, -0.01606365, -0.01612773, -0.016242897, -0.016342236, -0.01642815, -0.016466577, -0.016535088, -0.016591836, -0.016615327, -0.016651342, -0.01667149, -0.016674915, -0.016670298, -0.016648367, -0.016610082, -0.016585093, -0.01652381, -0.016448038, -0.016404796, -0.01630715, -0.016194336, -0.016066452, -0.01599711, -0.015848279, -0.015686834, -0.015601486, -0.015421859, -0.01522992, -0.015024856, -0.014917008, -0.014689951, -0.014446623, -0.014318782, -0.014051507, -0.013770466, -0.013625545, -0.013328324, -0.013022009, -0.012706457, -0.012544928, -0.01221331, -0.011868786, -0.011691172, -0.011324546, -0.010943332, -0.010549151, -0.01034795, -0.009938274, -0.009519308, -0.009305868, -0.008869332, -0.008415486, -0.008179878, -0.00768635, -0.0071579306, -0.006604339, -0.0063363765, -0.0059290184, -0.005950128, -0.0061303987, 0, 0, 0, 0, 0, 0, 0, 0, 0, 0, 0, 0, 0, 0, 0, 0, 0, 0, 0, 0, 0, 0, 0, 0, 0, 0
0, 0, 0, 0, 0, 0, 0, 0, 0, 0, 0, 0, 0, 0, 0, 0, 0, 0, 0, 0, 0, 0, 0, 0, 0, 0, 0, -0.006412735, -0.006012986, -0.0056565236, -0.0059435735, -0.006196896, -0.00676373, -0.0073323683, -0.0078766765, -0.008139167, -0.0086463345, -0.00913134, -0.009366198, -0.009821091, -0.010257888, -0.010470059, -0.010882955, -0.011281853, -0.011667478, -0.011855252, -0.012220091, -0.012569416, -0.012737775, -0.013061143, -0.013366308, -0.013653948, -0.013791577, -0.014054977, -0.014304092, -0.014423782, -0.014653921, -0.0148723405, -0.014977162, -0.015177797, -0.0153651945, -0.015538044, -0.01561866, -0.015767692, -0.015900437, -0.015960706, -0.016069489, -0.016163476, -0.016243987, -0.016279554, -0.016341947, -0.016392956, -0.016414057, -0.016446993, -0.016466381, -0.01647115, -0.016467761, -0.016449107, -0.016414508, -0.016391516, -0.016334523, -0.016263561, -0.01622299, -0.016131978, -0.016027825, -0.015910152, -0.015846325, -0.015708636, -0.015557826, -0.015477721, -0.015308428, -0.015127231, -0.014933751, -0.014832025, -0.014617413, -0.014386157, -0.014263682, -0.014004569, -0.013727048, -0.013581929, -0.013280201, -0.012965092, -0.0126380315, -0.012469986, -0.012124286, -0.011763021, -0.011575446, -0.011184197, -0.010769107, -0.0103291515, -0.010100038, -0.0096248835, -0.009128965, -0.00887379, -0.008348519, -0.007801055, -0.0075174947, -0.0069277626, -0.006311237, -0.005707833, -0.0054534385, -0.0052797673, -0.006282436, -0.0075070593, 0, 0, 0, 0, 0, 0, 0, 0, 0, 0, 0, 0, 0, 0, 0, 0, 0, 0, 0, 0, 0, 0, 0, 0, 0, 0
0, 0, 0, 0, 0, 0, 0, 0, 0, 0, 0, 0, 0, 0, 0, 0, 0, 0, 0, 0, 0, 0, 0, 0, 0, 0, 0, -0.007537819, -0.006294952, -0.0052779154, -0.0054478575, -0.0057028723, -0.0063131736, -0.0069430224, -0.0075489855, -0.007840162, -0.008398305, -0.008925725, -0.009178669, -0.009664516, -0.010126415, -0.010349427, -0.010780944, -0.011194734, -0.011591162, -0.011782798, -0.012152538, -0.01250377, -0.012672434, -0.012995962, -0.013301886, -0.013591177, -0.013729845, -0.013995716, -0.014246284, -0.014365791, -0.0145931, -0.014804499, -0.014904424, -0.01509308, -0.015267822, -0.015429493, -0.015505609, -0.015648331, -0.015778212, -0.01583809, -0.015947377, -0.01604212, -0.016122468, -0.016157279, -0.016216787, -0.016263751, -0.01628279, -0.01631195, -0.016328784, -0.016332204, -0.016328461, -0.016309658, -0.016275544, -0.016252972, -0.016197486, -0.016129581, -0.016091442, -0.016007293, -0.015912566, -0.015806468, -0.015748711, -0.015622612, -0.015481485, -0.0154051315, -0.015241047, -0.015062452, -0.014870422, -0.014769523, -0.014558107, -0.014333205, -0.014215283, -0.013967515, -0.013702426, -0.013563095, -0.013270711, -0.012960328, -0.0126328925, -0.012462852, -0.012109995, -0.011738874, -0.011545818, -0.011143104, -0.010716106, -0.010263584, -0.01002756, -0.009536307, -0.00902024, -0.008753075, -0.0081996005, -0.007617664, -0.007314141, -0.006677897, -0.006003244, -0.005320637, -0.0050083073, -0.004593535, -0.0046666465, 0, 0, 0, 0, 0, 0, 0, 0, 0, 0, 0, 0, 0, 0, 0, 0, 0, 0, 0, 0, 0, 0, 0, 0, 0, 0, 0
0, 0, 0, 0, 0, 0, 0, 0, 0, 0, 0, 0, 0, 0, 0, 0, 0, 0, 0, 0, 0, 0, 0, 0, 0, 0, 0, 0, -0.0046240883, -0.0045458125, -0.0049595837, -0.005274589, -0.005969835, -0.0066645634, -0.007323426, -0.0076372544, -0.008234519, -0.008793738, -0.009060348, -0.009569902, -0.010051111, -0.010282153, -0.010726588, -0.011148612, -0.011548837, -0.011740724, -0.012108379, -0.012455774, -0.012622364, -0.012942775, -0.013247466, -0.013537304, -0.013676667, -0.013943803, -0.0141941225, -0.014312415, -0.014534329, -0.014736304, -0.014830126, -0.015005195, -0.0151662, -0.015316146, -0.015387659, -0.015523919, -0.015650483, -0.015709553, -0.015817948, -0.015911596, -0.015989415, -0.016022373, -0.016077153, -0.016118843, -0.016135395, -0.01616077, -0.016175725, -0.016178902, -0.01617552, -0.016157746, -0.016124709, -0.016102653, -0.016048243, -0.015982104, -0.015945442, -0.015866222, -0.015779542, -0.015684154, -0.015632387, -0.015518394, -0.0153881265, -0.0153161725, -0.015158347, -0.014982873, -0.014792032, -0.01469181, -0.014483086, -0.014264509, -0.014151435, -0.013916438, -0.013666946, -0.013535573, -0.013257824, -0.012958588, -0.012637559, -0.012469114, -0.01211661, -0.011743985, -0.011550045, -0.011146529, -0.0107209, -0.01027136, -0.010037029, -0.009548312, -0.009031954, -0.008762923, -0.0082016755, -0.00760586, -0.007292851, -0.006631868, -0.005923741, -0.0051976973, -0.0048602005, -0.0043925955, -0.004449131, 0, 0, 0, 0, 0, 0, 0, 0, 0, 0, 0, 0, 0, 0, 0, 0, 0, 0, 0, 0, 0, 0, 0, 0, 0, 0, 0
0, 0, 0, 0, 0, 0, 0, 0, 0, 0, 0, 0, 0, 0, 0, 0, 0, 0, 0, 0, 0, 0, 0, 0, 0, 0, 0, 0, -0.004382583, -0.0043250015, -0.0047939955, -0.0051348344, -0.0058732536, -0.0065991012, -0.0072787763, -0.0076002977, -0.008209415, -0.008778189, -0.009049124, -0.009566835, -0.010055195, -0.010289204, -0.010737709, -0.011160687, -0.011558082, -0.011747388, -0.01210793, -0.012446865, -0.012609248, -0.012922009, -0.013220553, -0.013505562, -0.013642851, -0.013905438, -0.014150125, -0.014264927, -0.014478242, -0.014669719, -0.014757896, -0.014921304, -0.01507155, -0.015212561, -0.015280337, -0.015410776, -0.015532596, -0.015589403, -0.015693126, -0.015781112, -0.015852112, -0.015881425, -0.015928892, -0.015964303, -0.015978478, -0.01600103, -0.016015848, -0.016021147, -0.016019339, -0.016004903, -0.015974743, -0.015953593, -0.015900113, -0.015834115, -0.01579753, -0.015719304, -0.015635908, -0.015546613, -0.01549879, -0.015394125, -0.015273673, -0.015206342, -0.015056587, -0.0148870535, -0.014700596, -0.01460224, -0.014397945, -0.0141859185, -0.014077317, -0.013853758, -0.013618484, -0.01349488, -0.013232917, -0.012948442, -0.012640113, -0.012477175, -0.0121345995, -0.011771641, -0.01158296, -0.011191627, -0.010781141, -0.010349355, -0.010124381, -0.009654302, -0.009154838, -0.008893156, -0.008344171, -0.0077573624, -0.007448135, -0.0067937514, -0.0060924315, -0.0053780293, -0.0050520753, -0.004632656, -0.004764036, 0, 0, 0, 0, 0, 0, 0, 0, 0, 0, 0, 0, 0, 0, 0, 0, 0, 0, 0, 0, 0, 0, 0, 0, 0, 0, 0
0, 0, 0, 0, 0, 0, 0, 0, 0, 0, 0, 0, 0, 0, 0, 0, 0, 0, 0, 0, 0, 0, 0, 0, 0, 0, 0, 0, -0.0047142208, -0.0045860377, -0.0050109206, -0.005340506, -0.0060630394, -0.006772209, -0.007432605, -0.0077440594, -0.008334353, -0.008887415, -0.009151806, -0.0096591385, -0.010139671, -0.010370117, -0.010811643, -0.011226766, -0.011615261, -0.011799525, -0.0121492455, -0.012476563, -0.012633133, -0.012934075, -0.013221028, -0.013494587, -0.013626044, -0.01387702, -0.014109804, -0.014218713, -0.014420767, -0.014602218, -0.014685941, -0.014841839, -0.014986028, -0.015122044, -0.01518747, -0.015312814, -0.015428659, -0.015481966, -0.015577502, -0.015656348, -0.015717717, -0.015742384, -0.015781749, -0.015811168, -0.015823364, -0.015844226, -0.015860133, -0.015868617, -0.01586889, -0.015858954, -0.015832653, -0.015813068, -0.015761178, -0.015694866, -0.015657628, -0.015577788, -0.015493327, -0.015404922, -0.015358588, -0.015258941, -0.015145853, -0.015082906, -0.014942627, -0.014782705, -0.014605129, -0.014510814, -0.01431398, -0.014109258, -0.014004466, -0.013789455, -0.013564536, -0.013446844, -0.013198197, -0.012928567, -0.012636077, -0.012481171, -0.012155294, -0.01180998, -0.011630837, -0.011260421, -0.0108734695, -0.010467439, -0.0102559645, -0.00981329, -0.009340789, -0.009092293, -0.008569323, -0.0080092745, -0.0077143605, -0.0070926202, -0.0064316746, -0.005768959, -0.005474889, -0.005135516, -0.005350693, 0, 0, 0, 0, 0, 0, 0, 0, 0, 0, 0, 0, 0, 0, 0, 0, 0, 0, 0, 0, 0, 0, 0, 0, 0, 0, 0
0, 0, 0, 0, 0, 0, 0, 0, 0, 0, 0, 0, 0, 0, 0, 0, 0, 0, 0, 0, 0, 0, 0, 0, 0, 0, 0, 0, -0.005345038, -0.0051369476, -0.005486561, -0.005784861, -0.006451636, -0.0071099764, -0.0077241436, -0.008014582, -0.008567114, -0.009088299, -0.009338866, -0.009821935, -0.01028138, -0.010502231, -0.010925598, -0.011323884, -0.011696528, -0.011873376, -0.012209002, -0.012522983, -0.0126728695, -0.012960284, -0.013232801, -0.013491155, -0.013614672, -0.013849725, -0.014067285, -0.014169209, -0.014359607, -0.014532645, -0.014613385, -0.014765379, -0.014907178, -0.015040641, -0.015104401, -0.015224968, -0.015334065, -0.015383446, -0.01547019, -0.01554005, -0.015593354, -0.015614483, -0.01564819, -0.015673853, -0.015684862, -0.01570441, -0.015720248, -0.015729768, -0.015730962, -0.015723625, -0.01570044, -0.015682317, -0.015632981, -0.015568165, -0.015531041, -0.015450328, -0.015364094, -0.015274092, -0.015227434, -0.015128956, -0.015020241, -0.014960756, -0.014829628, -0.01468084, -0.014514877, -0.014426147, -0.014239006, -0.014041973, -0.013940326, -0.013730943, -0.013512016, -0.013398042, -0.013158708, -0.012901553, -0.012624297, -0.012477928, -0.012170507, -0.011845151, -0.011676476, -0.011328119, -0.010964757, -0.010583885, -0.0103856195, -0.0099702, -0.009526076, -0.009292158, -0.008799002, -0.008270605, -0.007992925, -0.0074109836, -0.0068035196, -0.006221518, -0.005984993, -0.005808753, -0.0062039928, 0, 0, 0, 0, 0, 0, 0, 0, 0, 0, 0, 0, 0, 0, 0, 0, 0, 0, 0, 0, 0, 0, 0, 0, 0, 0, 0
0, 0, 0, 0, 0, 0, 0, 0, 0, 0, 0, 0, 0, 0, 0, 0, 0, 0, 0, 0, 0, 0, 0, 0, 0, 0, 0, 0, -0.0062346663, -0.005848592, -0.0060386932, -0.0062802755, -0.006865615, -0.007466903, -0.0080365725, -0.00830757, -0.008825362, -0.009315481, -0.009551538, -0.010006424, -0.010438685, -0.0106462715, -0.011043776, -0.011417923, -0.011769232, -0.011936673, -0.012256057, -0.012556496, -0.012700112, -0.012975494, -0.0132354, -0.013480019, -0.013596311, -0.013816805, -0.014020777, -0.014116846, -0.014297692, -0.014464859, -0.014543947, -0.014693925, -0.01483447, -0.014965594, -0.015027435, -0.015142737, -0.015245162, -0.015290995, -0.015371261, -0.015436162, -0.0154866455, -0.015507175, -0.015540445, -0.015565929, -0.0155764995, -0.015594202, -0.01560689, -0.015612823, -0.015612416, -0.015602918, -0.01557991, -0.015562705, -0.015516615, -0.015455765, -0.015420567, -0.015342512, -0.015256779, -0.015165488, -0.015117834, -0.015017888, -0.014909922, -0.014851936, -0.0147264125, -0.014586167, -0.014430117, -0.014346362, -0.014167957, -0.013977318, -0.013877996, -0.013671986, -0.013456111, -0.013344102, -0.01311067, -0.012862713, -0.012598008, -0.012458993, -0.012167551, -0.011859078, -0.011699016, -0.011367768, -0.011021694, -0.010659002, -0.010470332, -0.0100756865, -0.009654378, -0.009432377, -0.008962897, -0.008456578, -0.008189014, -0.0076268865, -0.007047535, -0.0065352577, -0.006373877, -0.006516395, -0.007432285, 0, 0, 0, 0, 0, 0, 0, 0, 0, 0, 0, 0, 0, 0, 0, 0, 0, 0, 0, 0, 0, 0, 0, 0, 0, 0, 0
0, 0, 0, 0, 0, 0, 0, 0, 0, 0, 0, 0, 0, 0, 0, 0, 0, 0, 0, 0, 0, 0, 0, 0, 0, 0, 0, 0, -0.0074667414, -0.006558063, -0.0064293873, -0.0065967077, -0.0071151913, -0.0076933955, -0.008250561, -0.008515857, -0.009020402, -0.009494264, -0.009720794, -0.010154014, -0.010561803, -0.010756265, -0.011127178, -0.01147579, -0.011804705, -0.011962583, -0.012266466, -0.012555675, -0.0126948375, -0.012962478, -0.013215071, -0.013451709, -0.013563789, -0.013775604, -0.013971686, -0.014064423, -0.014240188, -0.014404684, -0.014483017, -0.014632253, -0.014771233, -0.014899334, -0.0149589395, -0.01506878, -0.015165636, -0.015209135, -0.015286551, -0.015351793, -0.015405583, -0.015428438, -0.015466523, -0.015495255, -0.015506151, -0.015521548, -0.015528299, -0.015526244, -0.01552176, -0.015505646, -0.015479292, -0.015461911, -0.015418368, -0.015362886, -0.01533065, -0.015257828, -0.015174856, -0.015082951, -0.015033938, -0.0149302045, -0.014818494, -0.014759368, -0.014633273, -0.014495062, -0.014342871, -0.014261281, -0.014087232, -0.01389966, -0.013801286, -0.013596326, -0.013381314, -0.013270097, -0.013039749, -0.01279762, -0.012541612, -0.012407675, -0.012127126, -0.011829488, -0.011674609, -0.011352778, -0.011015401, -0.010661743, -0.010478164, -0.010095597, -0.009688596, -0.009474017, -0.009017807, -0.008518323, -0.0082497755, -0.0076733055, -0.007062091, -0.0065197675, -0.0063694865, -0.0067782956, -0.009088362, 0, 0, 0, 0, 0, 0, 0, 0, 0, 0, 0, 0, 0, 0, 0, 0, 0, 0, 0, 0, 0, 0, 0, 0, 0, 0, 0
0, 0, 0, 0, 0, 0, 0, 0, 0, 0, 0, 0, 0, 0, 0, 0, 0, 0, 0, 0, 0, 0, 0, 0, 0, 0, 0, 0, -0.0091049, -0.0067942142, -0.0063957633, -0.0065514706, -0.0071026892, -0.007720909, -0.008305786, -0.008579898, -0.009093824, -0.009567562, -0.009791089, -0.01021357, -0.010605493, -0.0107907355, -0.011142071, -0.011471378, -0.011783597, -0.01193467, -0.012228199, -0.01251126, -0.012648702, -0.012914363, -0.013165771, -0.013401236, -0.013512647, -0.013722941, -0.013917987, -0.01401046, -0.0141865015, -0.014352046, -0.014431094, -0.014581266, -0.014719913, -0.0148461135, -0.014904222, -0.015010582, -0.015104588, -0.015147431, -0.01522562, -0.015294977, -0.015355673, -0.015382437, -0.015428169, -0.015461929, -0.015473937, -0.015487717, -0.015488481, -0.015477716, -0.015468686, -0.015444338, -0.015412601, -0.015394054, -0.0153510105, -0.015298867, -0.015268873, -0.015199877, -0.015118523, -0.015024671, -0.014973376, -0.01486317, -0.01474379, -0.014680781, -0.014547851, -0.014404449, -0.014248811, -0.014165936, -0.013989887, -0.013800363, -0.013700918, -0.013493462, -0.013276151, -0.013164117, -0.01293322, -0.012692416, -0.012439196, -0.012307093, -0.012030527, -0.01173631, -0.011582559, -0.011262286, -0.010925717, -0.0105733555, -0.010391168, -0.010013231, -0.009613021, -0.009402149, -0.008951835, -0.008451954, -0.008178617, -0.007577388, -0.0069094677, -0.006246972, -0.005984029, -0.0058265724, 0, 0, 0, 0, 0, 0, 0, 0, 0, 0, 0, 0, 0, 0, 0, 0, 0, 0, 0, 0, 0, 0, 0, 0, 0, 0, 0, 0
0, 0, 0, 0, 0, 0, 0, 0, 0, 0, 0, 0, 0, 0, 0, 0, 0, 0, 0, 0, 0, 0, 0, 0, 0, 0, 0, 0, 0, -0.0058268383, -0.0059869955, -0.006252336, -0.00692107, -0.007599542, -0.00821789, -0.008502658, -0.009029732, -0.009508827, -0.009732828, -0.010153038, -0.010539558, -0.010721397, -0.011065279, -0.011387703, -0.011694762, -0.011844062, -0.012136239, -0.012420346, -0.012559065, -0.012828079, -0.013083622, -0.013323178, -0.013436688, -0.013651392, -0.013851104, -0.013945999, -0.014127392, -0.014298309, -0.01437997, -0.0145347165, -0.014677175, -0.014805906, -0.014864984, -0.01497293, -0.015068861, -0.015112999, -0.015194901, -0.015269701, -0.01533718, -0.015367631, -0.015420211, -0.015459096, -0.015472583, -0.015487005, -0.015485326, -0.0154699655, -0.015458214, -0.015428417, -0.015392161, -0.015371923, -0.015326625, -0.0152733205, -0.015242826, -0.015172325, -0.015087723, -0.014988422, -0.014933534, -0.014814502, -0.014685141, -0.014616962, -0.014473859, -0.014320922, -0.014156609, -0.014069746, -0.013885954, -0.01368898, -0.01358574, -0.013370789, -0.013146058, -0.013030464, -0.012793048, -0.012546494, -0.012288311, -0.01215385, -0.011872487, -0.011573079, -0.011416499, -0.011090235, -0.010747756, -0.010390722, -0.010206873, -0.009827388, -0.0094282385, -0.00921854, -0.008771667, -0.008275452, -0.008003867, -0.00740647, -0.0067473347, -0.0061118305, -0.0058755707, -0.005808071, 0, 0, 0, 0, 0, 0, 0, 0, 0, 0, 0, 0, 0, 0, 0, 0, 0, 0, 0, 0, 0, 0, 0, 0, 0, 0, 0, 0
0, 0, 0, 0, 0, 0, 0, 0, 0, 0, 0, 0, 0, 0, 0, 0, 0, 0, 0, 0, 0, 0, 0, 0, 0, 0, 0, 0, 0, -0.0058194036, -0.0058825254, -0.0061173574, -0.006752579, -0.0074177342, -0.008030553, -0.008313708, -0.008838819, -0.0093175005, -0.00954189, -0.009963923, -0.010353986, -0.010538247, -0.010888186, -0.011217981, -0.011533267, -0.011686838, -0.0119876135, -0.01228021, -0.012423055, -0.012700262, -0.012963776, -0.013211536, -0.013329221, -0.013552469, -0.01376122, -0.013860716, -0.014051623, -0.014232217, -0.014318738, -0.014483285, -0.014635261, -0.014773165, -0.014836713, -0.014953196, -0.015056812, -0.015104449, -0.01519271, -0.0152727915, -0.015344877, -0.015377414, -0.015433968, -0.015476534, -0.015491826, -0.015509718, -0.015511062, -0.015497886, -0.015486774, -0.015457235, -0.015419471, -0.015397721, -0.015348198, -0.015289022, -0.015254993, -0.015176688, -0.015083331, -0.014974786, -0.014915296, -0.014786908, -0.014647918, -0.014574881, -0.014421745, -0.014258647, -0.014083767, -0.013991417, -0.013796272, -0.013587222, -0.013477723, -0.013249828, -0.013011753, -0.01288937, -0.01263821, -0.012377778, -0.012105491, -0.011963997, -0.011668414, -0.011354948, -0.011191399, -0.01085157, -0.010496507, -0.010128251, -0.009939545, -0.009551933, -0.009147188, -0.0089359125, -0.008489308, -0.008000195, -0.007736076, -0.0071678986, -0.0065767504, -0.006105824, -0.0060232147, -0.006467066, 0, 0, 0, 0, 0, 0, 0, 0, 0, 0, 0, 0, 0, 0, 0, 0, 0, 0, 0, 0, 0, 0, 0, 0, 0, 0, 0, 0
0, 0, 0, 0, 0, 0, 0, 0, 0, 0, 0, 0, 0, 0, 0, 0, 0, 0, 0, 0, 0, 0, 0, 0, 0, 0, 0, 0, 0, -0.0065081636, -0.0060537746, -0.0061319615, -0.0065952297, -0.007183192, -0.00775676, -0.008027473, -0.0085368585, -0.009009296, -0.009233619, -0.009660886, -0.010062169, -0.010253855, -0.010621079, -0.010969953, -0.01130423, -0.011466862, -0.011784397, -0.012091824, -0.012241388, -0.012530997, -0.012806515, -0.013066213, -0.0131900115, -0.013425782, -0.013647196, -0.013753167, -0.013956804, -0.014150485, -0.014243636, -0.01442194, -0.0145883225, -0.014741117, -0.01481212, -0.014942925, -0.01505941, -0.01511254, -0.015209485, -0.015295143, -0.015370083, -0.015403476, -0.015461377, -0.015506261, -0.015523434, -0.015546729, -0.015555332, -0.01554989, -0.015542277, -0.015517885, -0.0154818, -0.01545937, -0.0154051315, -0.015337557, -0.015298423, -0.015208695, -0.015103932, -0.014985052, -0.014920959, -0.014784356, -0.014637882, -0.014561102, -0.014399973, -0.014227704, -0.014042162, -0.013943907, -0.013735641, -0.0135119865, -0.013394695, -0.013150479, -0.012895044, -0.012763614, -0.012493508, -0.012212891, -0.011919505, -0.011767149, -0.011449718, -0.011114464, -0.010940225, -0.01057954, -0.010204593, -0.00981754, -0.009619838, -0.009215502, -0.008796259, -0.008579104, -0.00812492, -0.007636257, -0.0073766056, -0.0068289214, -0.0062832567, -0.0059226826, -0.0059630396, -0.0071200537, 0, 0, 0, 0, 0, 0, 0, 0, 0, 0, 0, 0, 0, 0, 0, 0, 0, 0, 0, 0, 0, 0, 0, 0, 0, 0, 0, 0
0, 0, 0, 0, 0, 0, 0, 0, 0, 0, 0, 0, 0, 0, 0, 0, 0, 0, 0, 0, 0, 0, 0, 0, 0, 0, 0, 0, 0, -0.007181862, -0.0060078627, -0.005961781, -0.0063103116, -0.006844627, -0.0073866355, -0.007646799, -0.008143824, -0.008614539, -0.008841519, -0.009280385, -0.0097000245, -0.009902697, -0.010294291, -0.010668652, -0.011027584, -0.011201794, -0.011540609, -0.011866754, -0.012024986, -0.012331229, -0.012622931, -0.012899121, -0.013031192, -0.013283588, -0.013521174, -0.013634938, -0.013853606, -0.014061668, -0.014161947, -0.014354831, -0.014536725, -0.014706002, -0.01478542, -0.014932994, -0.015064743, -0.015124504, -0.015232373, -0.01532504, -0.015403642, -0.015437886, -0.015497075, -0.015543953, -0.015562947, -0.015591887, -0.015608444, -0.015611932, -0.015608455, -0.015590522, -0.015557205, -0.015534497, -0.015476346, -0.0154011585, -0.015357227, -0.015257345, -0.015142816, -0.015015852, -0.014948227, -0.014805646, -0.014653498, -0.014573807, -0.014405684, -0.014224532, -0.014028142, -0.013923716, -0.01370197, -0.0134634655, -0.013338411, -0.013077966, -0.012805281, -0.012664641, -0.012374905, -0.012072791, -0.011756072, -0.011591625, -0.011249223, -0.01088845, -0.010701394, -0.010315007, -0.009914337, -0.009501515, -0.0092909355, -0.008861123, -0.008417595, -0.008189352, -0.007716253, -0.007215551, -0.006953304, -0.006407953, -0.005868469, -0.0054688076, -0.005406882, -0.005648937, 0, 0, 0, 0, 0, 0, 0, 0, 0, 0, 0, 0, 0, 0, 0, 0, 0, 0, 0, 0, 0, 0, 0, 0, 0, 0, 0, 0
0, 0, 0, 0, 0, 0, 0, 0, 0, 0, 0, 0, 0, 0, 0, 0, 0, 0, 0, 0, 0, 0, 0, 0, 0, 0, 0, 0, 0, -0.0056744465, -0.00542951, -0.0054883915, -0.005877406, -0.0064028343, -0.0069367755, -0.0071959966, -0.007697439, -0.008180162, -0.008415502, -0.0088748885, -0.009318804, -0.009534508, -0.009952845, -0.010353557, -0.010737209, -0.010923004, -0.011283273, -0.011629271, -0.011797036, -0.012122435, -0.012433623, -0.012729885, -0.012872038, -0.0131442305, -0.013400424, -0.013522732, -0.013756937, -0.013978588, -0.014085145, -0.014290052, -0.014484418, -0.014667175, -0.014753782, -0.014916112, -0.015062447, -0.0151290875, -0.015248965, -0.015350885, -0.01543585, -0.015472395, -0.015534911, -0.015584949, -0.015605754, -0.015639074, -0.015661078, -0.015670227, -0.015669301, -0.015655097, -0.015623032, -0.015599918, -0.015539117, -0.01545931, -0.015412731, -0.015307439, -0.015188091, -0.015056968, -0.014987488, -0.014840891, -0.014683686, -0.014600663, -0.014424608, -0.014233397, -0.014025345, -0.013914629, -0.013679975, -0.013428508, -0.013297085, -0.013023737, -0.012737508, -0.012589729, -0.012284351, -0.011964593, -0.011628406, -0.011453505, -0.011089169, -0.010705147, -0.010506031, -0.0100945085, -0.009667191, -0.009226104, -0.009000788, -0.008540337, -0.008065443, -0.007821625, -0.0073186154, -0.00679233, -0.0065205977, -0.005970343, -0.0054663722, -0.0052012596, -0.0052750297, -0.0059139268, 0, 0, 0, 0, 0, 0, 0, 0, 0, 0, 0, 0, 0, 0, 0, 0, 0, 0, 0, 0, 0, 0, 0, 0, 0, 0, 0, 0
0, 0, 0, 0, 0, 0, 0, 0, 0, 0, 0, 0, 0, 0, 0, 0, 0, 0, 0, 0, 0, 0, 0, 0, 0, 0, 0, 0, 0, -0.0058812476, -0.005247174, -0.0051732888, -0.0054313177, -0.00592301, -0.0064621717, -0.006730362, -0.0072555346, -0.0077652032, -0.00801452, -0.008501621, -0.008972309, -0.009200964, -0.009643861, -0.010066939, -0.01047103, -0.010666342, -0.011044584, -0.011407954, -0.011584598, -0.011928106, -0.012258472, -0.012574586, -0.01272686, -0.013018745, -0.013293194, -0.013423687, -0.013672175, -0.013905066, -0.014016288, -0.014229435, -0.014431399, -0.014622515, -0.014713765, -0.0148864705, -0.015044183, -0.015116651, -0.01524795, -0.015360314, -0.015454205, -0.015494554, -0.015563314, -0.015617993, -0.015640603, -0.015676923, -0.015700962, -0.015711192, -0.015710462, -0.015695883, -0.015662739, -0.015638875, -0.015576619, -0.015495825, -0.015449033, -0.015343786, -0.01522486, -0.015093659, -0.015023584, -0.014874167, -0.014711334, -0.014624427, -0.014438767, -0.014236349, -0.014016509, -0.013900094, -0.013654808, -0.013394157, -0.013258476, -0.012977274, -0.012683228, -0.012531249, -0.012216454, -0.011885878, -0.011537457, -0.011356017, -0.010977708, -0.010578608, -0.010371285, -0.009941863, -0.009494169, -0.009029668, -0.008791363, -0.008302342, -0.0077954126, -0.007534288, -0.0069946707, -0.006429905, -0.006139071, -0.0055561834, -0.005049015, -0.004900169, -0.0051687695, -0.0070032547, 0, 0, 0, 0, 0, 0, 0, 0, 0, 0, 0, 0, 0, 0, 0, 0, 0, 0, 0, 0, 0, 0, 0, 0, 0, 0, 0, 0
0, 0, 0, 0, 0, 0, 0, 0, 0, 0, 0, 0, 0, 0, 0, 0, 0, 0, 0, 0, 0, 0, 0, 0, 0, 0, 0, 0, 0, -0.006907389, -0.0050893193, -0.004822801, -0.0049658953, -0.0054617473, -0.006034744, -0.0063224984, -0.006885965, -0.007430155, -0.0076948777, -0.00820933, -0.008702946, -0.008941553, -0.009402085, -0.009840402, -0.010257751, -0.010459261, -0.010849232, -0.011224251, -0.011406852, -0.011762921, -0.012106751, -0.012437154, -0.012596673, -0.012903169, -0.013191305, -0.013328163, -0.013587648, -0.013829141, -0.013943721, -0.014162334, -0.014368691, -0.014564234, -0.014657973, -0.01483662, -0.015001511, -0.015078081, -0.015218136, -0.015339817, -0.015442595, -0.015487201, -0.01556334, -0.015623595, -0.015648251, -0.01568698, -0.01571136, -0.015720379, -0.01571866, -0.015701786, -0.015666444, -0.01564187, -0.015579375, -0.015500181, -0.015454664, -0.015352993, -0.015237754, -0.015108753, -0.015038878, -0.014887457, -0.014719316, -0.014628652, -0.014434041, -0.014221738, -0.013992765, -0.013872432, -0.013620993, -0.013356219, -0.013219084, -0.012935508, -0.012638921, -0.012485402, -0.012166874, -0.011831763, -0.0114786, -0.011294804, -0.010912175, -0.010508821, -0.010299271, -0.009864528, -0.009409241, -0.008933757, -0.008688345, -0.008181434, -0.0076512843, -0.007376408, -0.0068043354, -0.0061991517, -0.00588414, -0.0052408474, -0.004638877, -0.0042627337, -0.0042472626, 0, 0, 0, 0, 0, 0, 0, 0, 0, 0, 0, 0, 0, 0, 0, 0, 0, 0, 0, 0, 0, 0, 0, 0, 0, 0, 0, 0, 0
0, 0, 0, 0, 0, 0, 0, 0, 0, 0, 0, 0, 0, 0, 0, 0, 0, 0, 0, 0, 0, 0, 0, 0, 0, 0, 0, 0, 0, 0, -0.0041454807, -0.004158399, -0.0045228386, -0.005110159, -0.0057413788, -0.0060520214, -0.0066521866, -0.00722317, -0.0074981353, -0.008028216, -0.0085325735, -0.008775331, -0.009242535, -0.009686119, -0.010107943, -0.010311454, -0.010705252, -0.01108375, -0.011267992, -0.011627407, -0.011974909, -0.012309503, -0.012471448, -0.012783375, -0.013077572, -0.013217701, -0.013483457, -0.013730764, -0.013847959, -0.014071023, -0.014281075, -0.014479849, -0.014575078, -0.014756835, -0.014925429, -0.015004119, -0.01514896, -0.015276082, -0.015384686, -0.015432218, -0.015514137, -0.015579286, -0.015605994, -0.015647708, -0.015673557, -0.015682673, -0.015680594, -0.015662763, -0.01562666, -0.015601958, -0.015540051, -0.0154630095, -0.015419129, -0.015321429, -0.015210116, -0.015084093, -0.015014915, -0.0148631055, -0.01469238, -0.0145996995, -0.014400225, -0.014183263, -0.013950888, -0.013829645, -0.013578026, -0.013314932, -0.013179033, -0.012897839, -0.012602851, -0.012449638, -0.012131094, -0.011795574, -0.011442891, -0.011259977, -0.010881072, -0.010483962, -0.010278354, -0.009852351, -0.009405421, -0.008936124, -0.00869245, -0.0081858495, -0.00765103, -0.0073717902, -0.006786449, -0.0061604823, -0.0058316016, -0.0051521175, -0.004502567, -0.0040730187, -0.0040375693, 0, 0, 0, 0, 0, 0, 0, 0, 0, 0, 0, 0, 0, 0, 0, 0, 0, 0, 0, 0, 0, 0, 0, 0, 0, 0, 0, 0, 0
0, 0, 0, 0, 0, 0, 0, 0, 0, 0, 0, 0, 0, 0, 0, 0, 0, 0, 0, 0, 0, 0, 0, 0, 0, 0, 0, 0, 0, 0, -0.0039177244, -0.003950868, -0.004366587, -0.004997555, -0.005659551, -0.005980632, -0.006592822, -0.0071663433, -0.007439992, -0.007964361, -0.008460894, -0.008699661, -0.009159375, -0.009596721, -0.010013324, -0.010214309, -0.010603181, -0.010976359, -0.01115766, -0.011510678, -0.011851673, -0.012180216, -0.01233959, -0.012647582, -0.012939858, -0.013079813, -0.013346774, -0.013596778, -0.013715646, -0.013942448, -0.014156112, -0.01435776, -0.014454189, -0.014637697, -0.014807321, -0.0148863485, -0.015031779, -0.015159486, -0.01526906, -0.01531722, -0.015400939, -0.015468843, -0.015497096, -0.015542209, -0.015571646, -0.015584107, -0.015583454, -0.015567959, -0.015533601, -0.015509551, -0.015448852, -0.015373103, -0.015330167, -0.015234545, -0.015125807, -0.015002572, -0.014934765, -0.014785386, -0.014616566, -0.014524779, -0.014327072, -0.014112307, -0.013883214, -0.013764078, -0.013517802, -0.013260855, -0.013128198, -0.012852899, -0.012562534, -0.012411134, -0.012095249, -0.011762368, -0.011413584, -0.011233756, -0.010863848, -0.010480535, -0.010283562, -0.009877624, -0.009453284, -0.009007032, -0.00877455, -0.008288954, -0.0077729505, -0.007502343, -0.006932416, -0.0063193003, -0.005995748, -0.0053258096, -0.0046916674, -0.0043027773, -0.0043013864, 0, 0, 0, 0, 0, 0, 0, 0, 0, 0, 0, 0, 0, 0, 0, 0, 0, 0, 0, 0, 0, 0, 0, 0, 0, 0, 0, 0, 0
0, 0, 0, 0, 0, 0, 0, 0, 0, 0, 0, 0, 0, 0, 0, 0, 0, 0, 0, 0, 0, 0, 0, 0, 0, 0, 0, 0, 0, 0, -0.00416194, -0.004162678, -0.004538673, -0.005152023, -0.005798488, -0.006109819, -0.0066980543, -0.0072430586, -0.007501829, -0.007996659, -0.008466064, -0.008692605, -0.0091309175, -0.009550648, -0.009952432, -0.010146716, -0.010522762, -0.01088304, -0.011057768, -0.011397501, -0.01172529, -0.012041563, -0.012195418, -0.012493864, -0.0127791315, -0.012916499, -0.013180097, -0.013428723, -0.013547524, -0.013775142, -0.013989998, -0.014192719, -0.014289403, -0.0144729, -0.014641485, -0.014719588, -0.014862473, -0.014986848, -0.015092914, -0.015139442, -0.01522081, -0.015288147, -0.015316902, -0.015364604, -0.015398342, -0.015416009, -0.015418059, -0.015407385, -0.015376609, -0.015353708, -0.01529434, -0.015218768, -0.015175773, -0.0150803635, -0.014972981, -0.014852608, -0.014786909, -0.014642797, -0.014480452, -0.014392101, -0.0142016, -0.013994198, -0.013772499, -0.013657163, -0.013418594, -0.01316967, -0.013040965, -0.012773531, -0.012490337, -0.012342238, -0.012032567, -0.0117059145, -0.011364642, -0.011189497, -0.010831899, -0.010465889, -0.010279664, -0.009899362, -0.009505239, -0.009092574, -0.008877831, -0.008428937, -0.007951157, -0.0077003324, -0.007171741, -0.006602645, -0.0063023516, -0.005681942, -0.005104759, -0.0047882646, -0.0048279017, 0, 0, 0, 0, 0, 0, 0, 0, 0, 0, 0, 0, 0, 0, 0, 0, 0, 0, 0, 0, 0, 0, 0, 0, 0, 0, 0, 0, 0
0, 0, 0, 0, 0, 0, 0, 0, 0, 0, 0, 0, 0, 0, 0, 0, 0, 0, 0, 0, 0, 0, 0, 0, 0, 0, 0, 0, 0, 0, -0.0046610916, -0.004623224, -0.0049308087, -0.0054880506, -0.0060814386, -0.0063661304, -0.0069010626, -0.007394289, -0.0076284613, -0.008077853, -0.008507768, -0.00871693, -0.009124881, -0.009519279, -0.009899388, -0.010083818, -0.010441319, -0.010784214, -0.010950586, -0.011274405, -0.011587516, -0.011890947, -0.012039102, -0.012327528, -0.012604406, -0.012738025, -0.0129948035, -0.013237462, -0.013353622, -0.013576306, -0.013786948, -0.013986107, -0.014081174, -0.014261483, -0.014426848, -0.014503182, -0.014641947, -0.014761287, -0.014861585, -0.014905273, -0.014981472, -0.01504525, -0.015073064, -0.015120837, -0.015156994, -0.015178616, -0.015183018, -0.015177026, -0.015149806, -0.015128161, -0.015069959, -0.01499431, -0.014951047, -0.014855485, -0.014749466, -0.014632504, -0.014569491, -0.014432498, -0.014278783, -0.014194995, -0.014013465, -0.01381434, -0.013599998, -0.013488033, -0.013256097, -0.013014095, -0.012889132, -0.012629994, -0.012356242, -0.012213181, -0.0119141005, -0.011598279, -0.01126837, -0.011099228, -0.0107551925, -0.010405787, -0.010229442, -0.009872619, -0.00950712, -0.009128047, -0.008931828, -0.0085233, -0.008090003, -0.007862947, -0.0073858174, -0.0068747574, -0.0066070287, -0.0060637146, -0.005592759, -0.005432294, -0.0055640973, 0, 0, 0, 0, 0, 0, 0, 0, 0, 0, 0, 0, 0, 0, 0, 0, 0, 0, 0, 0, 0, 0, 0, 0, 0, 0, 0, 0, 0
0, 0, 0, 0, 0, 0, 0, 0, 0, 0, 0, 0, 0, 0, 0, 0, 0, 0, 0, 0, 0, 0, 0, 0, 0, 0, 0, 0, 0, 0, -0.0053605675, -0.0052358955, -0.005396983, -0.005853277, -0.0063699204, -0.006620681, -0.007093074, -0.0075303824, -0.0077390717, -0.00814279, -0.008534076, -0.008726162, -0.009103881, -0.0094721895, -0.009829094, -0.01000272, -0.01034014, -0.010664989, -0.0108231995, -0.011132264, -0.011433263, -0.011726922, -0.011870784, -0.012151656, -0.012421004, -0.012550671, -0.012798568, -0.013031214, -0.013142041, -0.013353866, -0.0135540385, -0.013743858, -0.013834863, -0.014008143, -0.014168038, -0.014241926, -0.014375977, -0.01449038, -0.014585307, -0.014626098, -0.014696666, -0.014755201, -0.01478081, -0.0148253115, -0.014859937, -0.014881839, -0.014886885, -0.014882776, -0.014857598, -0.014836856, -0.014779955, -0.014705156, -0.014662333, -0.014568191, -0.014464641, -0.014352159, -0.014292011, -0.014162023, -0.014016263, -0.01393661, -0.01376263, -0.013569765, -0.013360182, -0.013250252, -0.013022208, -0.012784837, -0.012662861, -0.012411492, -0.012148341, -0.01201144, -0.011725904, -0.011424151, -0.011107542, -0.010944711, -0.0106126405, -0.010275204, -0.010105337, -0.009763192, -0.0094160205, -0.009059892, -0.008876955, -0.008498386, -0.008099432, -0.007890943, -0.0074534686, -0.0069872057, -0.0067456127, -0.0062734475, -0.005942007, -0.0060971314, -0.0064784423, 0, 0, 0, 0, 0, 0, 0, 0, 0, 0, 0, 0, 0, 0, 0, 0, 0, 0, 0, 0, 0, 0, 0, 0, 0, 0, 0, 0, 0
0, 0, 0, 0, 0, 0, 0, 0, 0, 0, 0, 0, 0, 0, 0, 0, 0, 0, 0, 0, 0, 0, 0, 0, 0, 0, 0, 0, 0, 0, -0.0062383264, -0.0058765635, -0.0057380996, -0.006061455, -0.0065086707, -0.006733411, -0.007161277, -0.007560847, -0.007752931, -0.008127696, -0.008494536, -0.008675807, -0.009033519, -0.009382964, -0.009721688, -0.0098865945, -0.010207405, -0.010517455, -0.010669171, -0.0109673655, -0.011259988, -0.011547224, -0.011688313, -0.011963456, -0.012226101, -0.012351618, -0.012589783, -0.01281051, -0.012914716, -0.013112537, -0.013298758, -0.013475645, -0.0135607235, -0.013724018, -0.01387602, -0.01394669, -0.0140755, -0.014185462, -0.014276219, -0.01431488, -0.014380715, -0.014433895, -0.014456678, -0.014495457, -0.014524811, -0.014542742, -0.014546316, -0.0145407, -0.01451559, -0.014495409, -0.014440495, -0.014368509, -0.01432729, -0.014236736, -0.014137361, -0.014029515, -0.013971948, -0.013847633, -0.0137078315, -0.013631064, -0.013462585, -0.013274167, -0.013068018, -0.012959467, -0.012733973, -0.012499982, -0.012380343, -0.01213552, -0.011881671, -0.011750448, -0.011477453, -0.011188536, -0.010883486, -0.010725497, -0.010400851, -0.010068055, -0.009899719, -0.009560307, -0.009216921, -0.008866946, -0.008688237, -0.008320278, -0.007934067, -0.0077324286, -0.007308314, -0.0068540275, -0.0066180313, -0.006161244, -0.0058873813, -0.006338416, -0.007172468, 0, 0, 0, 0, 0, 0, 0, 0, 0, 0, 0, 0, 0, 0, 0, 0, 0, 0, 0, 0, 0, 0, 0, 0, 0, 0, 0, 0, 0
0, 0, 0, 0, 0, 0, 0, 0, 0, 0, 0, 0, 0, 0, 0, 0, 0, 0, 0, 0, 0, 0, 0, 0, 0, 0, 0, 0, 0, 0, -0.0069241114, -0.0061286474, -0.005704203, -0.005969514, -0.0064003295, -0.0066198814, -0.0070392983, -0.007432642, -0.007622637, -0.007994542, -0.008359439, -0.008539502, -0.008893738, -0.00923751, -0.009568695, -0.009729434, -0.010041598, -0.010343472, -0.0104915695, -0.010783554, -0.011070691, -0.011352809, -0.011491174, -0.011760144, -0.012015258, -0.012136445, -0.012364755, -0.012574304, -0.012672546, -0.012857974, -0.013031329, -0.013195511, -0.013274575, -0.01342646, -0.013568531, -0.013634951, -0.013756659, -0.013861421, -0.013948242, -0.0139852, -0.014047395, -0.014096041, -0.014116045, -0.014148402, -0.014170753, -0.014182088, -0.014182946, -0.014173559, -0.014147457, -0.014127881, -0.01407589, -0.0140085295, -0.0139699355, -0.01388459, -0.013789874, -0.0136859035, -0.0136301275, -0.013509295, -0.01337334, -0.013298729, -0.013135112, -0.012951997, -0.012751067, -0.012644995, -0.012424047, -0.012194223, -0.012076716, -0.01183653, -0.011588435, -0.011460534, -0.011194858, -0.010913391, -0.010614455, -0.010458537, -0.0101353405, -0.009800059, -0.009628981, -0.009281855, -0.0089288745, -0.00856874, -0.008385074, -0.008007398, -0.007611341, -0.0074044564, -0.006968796, -0.006500879, -0.0062566106, -0.0057751164, -0.0054211435, -0.005457771, -0.0056286524, 0, 0, 0, 0, 0, 0, 0, 0, 0, 0, 0, 0, 0, 0, 0, 0, 0, 0, 0, 0, 0, 0, 0, 0, 0, 0, 0, 0, 0
0, 0, 0, 0, 0, 0, 0, 0, 0, 0, 0, 0, 0, 0, 0, 0, 0, 0, 0, 0, 0, 0, 0, 0, 0, 0, 0, 0, 0, 0, -0.0054830383, -0.005317954, -0.0052816886, -0.0056181024, -0.0060715773, -0.006300346, -0.006739875, -0.0071555935, -0.007357028, -0.007751085, -0.008135184, -0.008323293, -0.008690362, -0.009042609, -0.009378689, -0.009540803, -0.009854437, -0.01015637, -0.010304024, -0.0105939815, -0.010877444, -0.011153712, -0.011288358, -0.011548562, -0.01179386, -0.011910155, -0.012128955, -0.0123298615, -0.012424078, -0.012601696, -0.012766718, -0.012921481, -0.012995414, -0.013136188, -0.013266824, -0.013327675, -0.013439345, -0.013536217, -0.0136175295, -0.01365248, -0.0137113435, -0.013756573, -0.013774504, -0.0138014695, -0.013817321, -0.013821955, -0.013819863, -0.013806194, -0.013778896, -0.013759962, -0.0137115745, -0.013649768, -0.013614164, -0.013534264, -0.013443327, -0.013341436, -0.013286246, -0.013166546, -0.013032746, -0.01296008, -0.0128021985, -0.012627063, -0.012435564, -0.01233424, -0.012121827, -0.011898556, -0.011783358, -0.011546099, -0.0112994, -0.0111718895, -0.010906919, -0.010626164, -0.010327569, -0.010171378, -0.009845662, -0.009504173, -0.009328416, -0.008968423, -0.008598291, -0.00821775, -0.008022939, -0.007621385, -0.0071995263, -0.006979136, -0.006516619, -0.0060264645, -0.005776706, -0.005314369, -0.005073036, -0.005408653, -0.0057729515, 0, 0, 0, 0, 0, 0, 0, 0, 0, 0, 0, 0, 0, 0, 0, 0, 0, 0, 0, 0, 0, 0, 0, 0, 0, 0, 0, 0, 0
0, 0, 0, 0, 0, 0, 0, 0, 0, 0, 0, 0, 0, 0, 0, 0, 0, 0, 0, 0, 0, 0, 0, 0, 0, 0, 0, 0, 0, 0, -0.005665275, -0.0053072246, -0.004971179, -0.0051944135, -0.005631859, -0.0058695655, -0.006341613, -0.0067973686, -0.0070188455, -0.0074502844, -0.007866223, -0.008067904, -0.008457521, -0.008827243, -0.00917716, -0.009344953, -0.009668209, -0.009977088, -0.010126995, -0.010418502, -0.010699194, -0.010968367, -0.011097972, -0.011346478, -0.011579677, -0.011690334, -0.011899766, -0.012094211, -0.012186122, -0.012360014, -0.012521186, -0.012670131, -0.012740033, -0.012870573, -0.012988624, -0.013042877, -0.013141787, -0.013227894, -0.013301633, -0.013333883, -0.013389059, -0.013431762, -0.013448326, -0.013472026, -0.013483227, -0.0134825185, -0.013477885, -0.013460321, -0.013431819, -0.013413454, -0.013368382, -0.013311576, -0.013278641, -0.013203248, -0.013114708, -0.013013195, -0.012957656, -0.01283728, -0.012704627, -0.012633672, -0.012482109, -0.012317181, -0.012138255, -0.012043383, -0.011842938, -0.011628278, -0.01151583, -0.011280835, -0.011032882, -0.010903905, -0.010635469, -0.010351798, -0.010051269, -0.009894232, -0.009566551, -0.009220658, -0.009041188, -0.008670071, -0.008283379, -0.007881198, -0.0076738005, -0.0072441665, -0.0067909355, -0.0065538078, -0.006056282, -0.0055326372, -0.00527, -0.0048076417, -0.0046813576, -0.0056090853, -0.0067298687, 0, 0, 0, 0, 0, 0, 0, 0, 0, 0, 0, 0, 0, 0, 0, 0, 0, 0, 0, 0, 0, 0, 0, 0, 0, 0, 0, 0, 0
0, 0, 0, 0, 0, 0, 0, 0, 0, 0, 0, 0, 0, 0, 0, 0, 0, 0, 0, 0, 0, 0, 0, 0, 0, 0, 0, 0, 0, 0, -0.0066311746, -0.0055316184, -0.004612917, -0.004727129, -0.0051742704, -0.0054313033, -0.0059511787, -0.006455827, -0.006700097, -0.007171539, -0.0076194, -0.007834251, -0.008245539, -0.008632767, -0.00899742, -0.0091720065, -0.009507277, -0.009825729, -0.009978969, -0.010273675, -0.010552046, -0.01081339, -0.0109375585, -0.011173162, -0.011393018, -0.011497573, -0.011697247, -0.01188546, -0.011975401, -0.012146537, -0.012305037, -0.0124491025, -0.012515444, -0.012636248, -0.012741831, -0.01278927, -0.012874772, -0.012949485, -0.01301482, -0.01304418, -0.013095738, -0.013136585, -0.0131524345, -0.013174263, -0.013182519, -0.01317798, -0.01317131, -0.013150323, -0.013120334, -0.0131021375, -0.013059143, -0.013006021, -0.012975102, -0.012903145, -0.012816535, -0.012715156, -0.012659289, -0.012538142, -0.012406253, -0.0123367645, -0.012190878, -0.012035387, -0.01186859, -0.011780209, -0.011591909, -0.011386499, -0.011277142, -0.011045321, -0.010796839, -0.010666864, -0.010396068, -0.010110978, -0.009811095, -0.009655205, -0.009330285, -0.008986301, -0.008806793, -0.00843223, -0.008036714, -0.0076201158, -0.007403611, -0.0069527347, -0.006474379, -0.0062232125, -0.005694164, -0.005131585, -0.004844358, -0.00430667, -0.003976844, -0.0040665544, 0, 0, 0, 0, 0, 0, 0, 0, 0, 0, 0, 0, 0, 0, 0, 0, 0, 0, 0, 0, 0, 0, 0, 0, 0, 0, 0, 0, 0, 0
0, 0, 0, 0, 0, 0, 0, 0, 0, 0, 0, 0, 0, 0, 0, 0, 0, 0, 0, 0, 0, 0, 0, 0, 0, 0, 0, 0, 0, 0, 0, -0.0040346496, -0.003944077, -0.00427056, -0.0048091435, -0.005099703, -0.005675834, -0.0062252325, -0.00648787, -0.006988178, -0.007456009, -0.007678177, -0.008100413, -0.008495892, -0.0088679185, -0.009046052, -0.009388311, -0.009712567, -0.009867822, -0.010163746, -0.0104388865, -0.010692477, -0.010811422, -0.011034976, -0.011242199, -0.0113408975, -0.011530331, -0.011710633, -0.011797412, -0.011963218, -0.012116453, -0.012254101, -0.0123164095, -0.012427809, -0.0125224, -0.012564186, -0.012638885, -0.012704629, -0.01276356, -0.012790689, -0.012839358, -0.012878653, -0.012893912, -0.012914232, -0.012920285, -0.01291278, -0.01290455, -0.012880668, -0.012849006, -0.012830598, -0.0127885705, -0.012737959, -0.012708594, -0.012639888, -0.012556183, -0.012456911, -0.012401746, -0.012281897, -0.01215169, -0.012083498, -0.011941765, -0.011792767, -0.0116345715, -0.011550905, -0.011371991, -0.011174863, -0.011068983, -0.010842471, -0.01059768, -0.010469177, -0.010201581, -0.00992106, -0.009627929, -0.009476212, -0.009160951, -0.008826778, -0.00865162, -0.008283633, -0.007890783, -0.007472723, -0.0072540767, -0.006796855, -0.0063101877, -0.00605424, -0.0055137454, -0.004935337, -0.004637787, -0.0040724524, -0.0037052229, -0.003775102, 0, 0, 0, 0, 0, 0, 0, 0, 0, 0, 0, 0, 0, 0, 0, 0, 0, 0, 0, 0, 0, 0, 0, 0, 0, 0, 0, 0, 0, 0
0, 0, 0, 0, 0, 0, 0, 0, 0, 0, 0, 0, 0, 0, 0, 0, 0, 0, 0, 0, 0, 0, 0, 0, 0, 0, 0, 0, 0, 0, 0, -0.0037721605, -0.0037065824, -0.0040862416, -0.004672668, -0.004983657, -0.00559221, -0.0061627897, -0.0064319726, -0.006938968, -0.007406782, -0.0076272828, -0.008044248, -0.008433723, -0.00880029, -0.008976211, -0.009314666, -0.009635341, -0.009788578, -0.010079399, -0.010347744, -0.010592747, -0.010706888, -0.0109203225, -0.011117113, -0.011210629, -0.011390001, -0.011560733, -0.011642809, -0.011799318, -0.011943251, -0.012071811, -0.0121296635, -0.0122324955, -0.012319336, -0.0123577835, -0.012426912, -0.012488437, -0.012544353, -0.012570346, -0.0126170935, -0.012654648, -0.012669034, -0.012687506, -0.012691478, -0.012681835, -0.012672598, -0.012647056, -0.012614471, -0.012595968, -0.012554652, -0.012506028, -0.0124781225, -0.012413189, -0.012334044, -0.012239733, -0.012187014, -0.012071708, -0.011945495, -0.011879088, -0.011740875, -0.011595681, -0.011441968, -0.011361003, -0.011188167, -0.010998302, -0.010896381, -0.01067841, -0.010443, -0.01031945, -0.010062286, -0.009793172, -0.009512871, -0.009368057, -0.009067554, -0.008749027, -0.008581642, -0.008228605, -0.007849505, -0.007443805, -0.0072310255, -0.0067854235, -0.006311422, -0.0060625323, -0.005537994, -0.0049780505, -0.0046911263, -0.004153799, -0.0038348683, -0.0039663617, 0, 0, 0, 0, 0, 0, 0, 0, 0, 0, 0, 0, 0, 0, 0, 0, 0, 0, 0, 0, 0, 0, 0, 0, 0, 0, 0, 0, 0, 0
0, 0, 0, 0, 0, 0, 0, 0, 0, 0, 0, 0, 0, 0, 0, 0, 0, 0, 0, 0, 0, 0, 0, 0, 0, 0, 0, 0, 0, 0, 0, -0.0039973212, -0.0038753087, -0.0042216545, -0.004797933, -0.005106168, -0.0057070465, -0.006264573, -0.0065253736, -0.0070130005, -0.0074597797, -0.0076696156, -0.008066138, -0.0084363185, -0.008785192, -0.008952727, -0.009275081, -0.009580361, -0.009726134, -0.010002867, -0.01025839, -0.0104921935, -0.010601363, -0.010805964, -0.010994852, -0.0110843945, -0.011255154, -0.011415988, -0.011492665, -0.011637691, -0.011770069, -0.011888331, -0.011941875, -0.012038192, -0.012121538, -0.012159187, -0.01222802, -0.012290071, -0.0123461755, -0.012371873, -0.01241716, -0.012452351, -0.012465474, -0.012481608, -0.012484079, -0.0124739595, -0.012464781, -0.0124399485, -0.012408259, -0.0123903565, -0.012350299, -0.012303586, -0.0122769335, -0.012215601, -0.012141681, -0.012054038, -0.012005026, -0.011897192, -0.011777757, -0.011714262, -0.011580765, -0.011439104, -0.011288428, -0.011209211, -0.011041234, -0.010858733, -0.010761651, -0.010555529, -0.010334248, -0.010218315, -0.009976888, -0.009723715, -0.009459184, -0.009322384, -0.00903823, -0.008737055, -0.008578952, -0.0082456395, -0.007887854, -0.0075049326, -0.007304145, -0.006884036, -0.0064385543, -0.006205557, -0.005717179, -0.005200523, -0.0049383678, -0.0044586984, -0.0042107166, -0.004410187, 0, 0, 0, 0, 0, 0, 0, 0, 0, 0, 0, 0, 0, 0, 0, 0, 0, 0, 0, 0, 0, 0, 0, 0, 0, 0, 0, 0, 0, 0
0, 0, 0, 0, 0, 0, 0, 0, 0, 0, 0, 0, 0, 0, 0, 0, 0, 0, 0, 0, 0, 0, 0, 0, 0, 0, 0, 0, 0, 0, 0, -0.0044823866, -0.004295099, -0.004579718, -0.0051075094, -0.005393554, -0.00595097, -0.0064656925, -0.0067056865, -0.007153807, -0.007564684, -0.0077581885, -0.008124764, -0.00846802, -0.008791663, -0.008946822, -0.0092445295, -0.009525314, -0.009659185, -0.009913682, -0.010150291, -0.010369621, -0.010473211, -0.0106692845, -0.010852034, -0.01093876, -0.011103416, -0.011256434, -0.011328445, -0.011463111, -0.011585159, -0.011694739, -0.011745108, -0.011837795, -0.011921201, -0.011959877, -0.012031907, -0.012097082, -0.012154745, -0.012180387, -0.012224116, -0.012256643, -0.01226839, -0.012282671, -0.012285181, -0.012277086, -0.0122695165, -0.012248331, -0.012220158, -0.012203663, -0.0121656535, -0.012120095, -0.012094122, -0.012034799, -0.011964668, -0.011882931, -0.011837564, -0.011738192, -0.011627351, -0.011567905, -0.01144143, -0.011305141, -0.011159027, -0.011082099, -0.010919953, -0.010746108, -0.010654581, -0.010462037, -0.010256791, -0.010149382, -0.0099250665, -0.009688319, -0.009439035, -0.009309598, -0.009040279, -0.00875515, -0.008606085, -0.008293393, -0.007959799, -0.0076041524, -0.0074178083, -0.0070277574, -0.0066139484, -0.006397831, -0.0059471508, -0.005478648, -0.0052476767, -0.004855124, -0.0047417544, -0.0050861966, 0, 0, 0, 0, 0, 0, 0, 0, 0, 0, 0, 0, 0, 0, 0, 0, 0, 0, 0, 0, 0, 0, 0, 0, 0, 0, 0, 0, 0, 0
0, 0, 0, 0, 0, 0, 0, 0, 0, 0, 0, 0, 0, 0, 0, 0, 0, 0, 0, 0, 0, 0, 0, 0, 0, 0, 0, 0, 0, 0, 0, -0.005208921, -0.0048745717, -0.0050239856, -0.0054596625, -0.0057092984, -0.006203645, -0.0066629443, -0.0068774824, -0.007279481, -0.0076505765, -0.007826373, -0.008161515, -0.00847702, -0.008774439, -0.008916538, -0.009187661, -0.009441619, -0.009562234, -0.009791797, -0.010007032, -0.010210167, -0.010307712, -0.010495304, -0.01067309, -0.010758013, -0.010919245, -0.01106796, -0.011137273, -0.011265809, -0.011381573, -0.011486187, -0.011535018, -0.011626926, -0.011712399, -0.0117528625, -0.011828998, -0.01189762, -0.011956878, -0.011982428, -0.012024891, -0.012055435, -0.012066415, -0.012080493, -0.012085277, -0.012081835, -0.012077268, -0.012062459, -0.012039948, -0.012025504, -0.011989942, -0.011944786, -0.011918571, -0.011858814, -0.011789373, -0.011710632, -0.011667842, -0.011575141, -0.011472572, -0.01141743, -0.011299227, -0.011170394, -0.0110307755, -0.010957065, -0.010802117, -0.010637278, -0.010551176, -0.010371327, -0.010180417, -0.010080446, -0.00987093, -0.0096481135, -0.009411492, -0.009288099, -0.0090309, -0.008759561, -0.008618398, -0.00832442, -0.008013419, -0.0076828585, -0.007509352, -0.0071439436, -0.0067514074, -0.006544424, -0.0061100796, -0.0056636846, -0.0054533244, -0.0051567317, -0.0053014336, -0.006067343, 0, 0, 0, 0, 0, 0, 0, 0, 0, 0, 0, 0, 0, 0, 0, 0, 0, 0, 0, 0, 0, 0, 0, 0, 0, 0, 0, 0, 0, 0
0, 0, 0, 0, 0, 0, 0, 0, 0, 0, 0, 0, 0, 0, 0, 0, 0, 0, 0, 0, 0, 0, 0, 0, 0, 0, 0, 0, 0, 0, 0, -0.0062601445, -0.0054930937, -0.0053659747, -0.005680422, -0.005894809, -0.006336702, -0.006752441, -0.0069467234, -0.007310924, -0.0076486683, -0.0078096096, -0.008118096, -0.008410231, -0.008685905, -0.008817386, -0.009066931, -0.009299045, -0.009408906, -0.009617838, -0.00981527, -0.010004289, -0.010096435, -0.010276529, -0.010450235, -0.010534133, -0.010694392, -0.010842526, -0.0109115355, -0.011039132, -0.011153789, -0.011257871, -0.01130685, -0.011400167, -0.011488397, -0.011530555, -0.011610254, -0.011681857, -0.011742995, -0.011769101, -0.011812019, -0.011843043, -0.011854498, -0.0118708275, -0.011879853, -0.0118825985, -0.011881604, -0.0118740825, -0.011857825, -0.01184575, -0.011812978, -0.011768147, -0.011741355, -0.011679708, -0.011608757, -0.011529968, -0.011487955, -0.0113985995, -0.011301512, -0.011249708, -0.011138697, -0.0110169705, -0.010884177, -0.010813694, -0.01066533, -0.010507611, -0.010425481, -0.0102543095, -0.010073094, -0.009978183, -0.009779033, -0.00956635, -0.009339753, -0.009221247, -0.008974153, -0.008714162, -0.008579415, -0.008300244, -0.008006307, -0.007693749, -0.007528815, -0.007177315, -0.0067909313, -0.006582618, -0.0061346954, -0.0056603407, -0.0054342225, -0.0051361737, -0.005495034, -0.0073928107, 0, 0, 0, 0, 0, 0, 0, 0, 0, 0, 0, 0, 0, 0, 0, 0, 0, 0, 0, 0, 0, 0, 0, 0, 0, 0, 0, 0, 0, 0
0, 0, 0, 0, 0, 0, 0, 0, 0, 0, 0, 0, 0, 0, 0, 0, 0, 0, 0, 0, 0, 0, 0, 0, 0, 0, 0, 0, 0, 0, 0, -0.007682646, -0.0057565, -0.0053675952, -0.005633372, -0.0058402377, -0.0062700952, -0.0066696424, -0.0068540904, -0.007197086, -0.007513389, -0.0076640476, -0.007953681, -0.008229477, -0.008490903, -0.0086158365, -0.008853383, -0.009073911, -0.009178203, -0.009376546, -0.009564347, -0.009745305, -0.00983419, -0.010009399, -0.010180765, -0.010264351, -0.010425628, -0.010576275, -0.0106469225, -0.010778064, -0.010896305, -0.01100384, -0.011054452, -0.011150954, -0.011242131, -0.011285938, -0.011368869, -0.011443855, -0.011508646, -0.011536649, -0.011583519, -0.011618578, -0.011632233, -0.011653137, -0.011667231, -0.011675526, -0.011677423, -0.011675601, -0.011664459, -0.011654588, -0.011625136, -0.011581985, -0.011555458, -0.011493346, -0.011421222, -0.011341336, -0.011298987, -0.011209889, -0.011114481, -0.011064013, -0.010956741, -0.010839388, -0.010711074, -0.010642696, -0.010498036, -0.01034354, -0.010262844, -0.010094607, -0.009916789, -0.009824031, -0.009629932, -0.0094235465, -0.009204181, -0.009089612, -0.008850862, -0.008599582, -0.008469342, -0.008199313, -0.007914604, -0.0076108463, -0.007449693, -0.007103236, -0.0067159166, -0.0065034865, -0.0060354313, -0.0055161444, -0.005251862, -0.004807657, -0.004709425, 0, 0, 0, 0, 0, 0, 0, 0, 0, 0, 0, 0, 0, 0, 0, 0, 0, 0, 0, 0, 0, 0, 0, 0, 0, 0, 0, 0, 0, 0, 0
0, 0, 0, 0, 0, 0, 0, 0, 0, 0, 0, 0, 0, 0, 0, 0, 0, 0, 0, 0, 0, 0, 0, 0, 0, 0, 0, 0, 0, 0, 0, 0, -0.005032186, -0.0050117536, -0.005349986, -0.0055693774, -0.0060099317, -0.0064099603, -0.0065921107, -0.006926868, -0.007232478, -0.007377575, -0.0076564574, -0.007923364, -0.008178781, -0.008301834, -0.008537507, -0.008758141, -0.008862927, -0.009062272, -0.009250635, -0.009431535, -0.009520166, -0.009694989, -0.009866761, -0.009951127, -0.010115349, -0.01027088, -0.01034452, -0.010482476, -0.01060784, -0.010721794, -0.010775228, -0.010876501, -0.010971683, -0.011017233, -0.011104142, -0.011183901, -0.011254919, -0.011286403, -0.011340721, -0.011383298, -0.011400414, -0.011427339, -0.011445945, -0.011457451, -0.011460612, -0.0114611555, -0.011452776, -0.011444514, -0.011418755, -0.011379702, -0.011355132, -0.011296192, -0.011225962, -0.011146367, -0.011103671, -0.011013186, -0.010916211, -0.01086524, -0.01075743, -0.010640661, -0.010513238, -0.010445333, -0.010300974, -0.010145435, -0.010063717, -0.009892926, -0.009712549, -0.009618822, -0.009424156, -0.009219385, -0.009003752, -0.008891572, -0.00865814, -0.008411822, -0.008283559, -0.008016088, -0.0077323588, -0.007428748, -0.007267698, -0.00692238, -0.0065380433, -0.0063278703, -0.0058667227, -0.0053601107, -0.0051070247, -0.0047032675, -0.0046788156, 0, 0, 0, 0, 0, 0, 0, 0, 0, 0, 0, 0, 0, 0, 0, 0, 0, 0, 0, 0, 0, 0, 0, 0, 0, 0, 0, 0, 0, 0, 0
0, 0, 0, 0, 0, 0, 0, 0, 0, 0, 0, 0, 0, 0, 0, 0, 0, 0, 0, 0, 0, 0, 0, 0, 0, 0, 0, 0, 0, 0, 0, 0, -0.005068214, -0.004769626, -0.004995743, -0.005192809, -0.0056161457, -0.006011721, -0.006192566, -0.00652457, -0.0068266327, -0.006969831, -0.0072457013, -0.007511437, -0.007768656, -0.007893867, -0.008136262, -0.008366179, -0.00847608, -0.008685733, -0.0088833235, -0.009071553, -0.009163143, -0.009342719, -0.009518575, -0.0096050715, -0.009774463, -0.009936807, -0.010014482, -0.010161382, -0.010296023, -0.010418603, -0.010475831, -0.010583497, -0.010683723, -0.01073159, -0.01082318, -0.010908948, -0.010987444, -0.011023274, -0.011086829, -0.011138306, -0.011159308, -0.011192192, -0.011213943, -0.011225968, -0.011228784, -0.011228563, -0.011220348, -0.011213021, -0.011190991, -0.011157846, -0.011136631, -0.011084473, -0.011019447, -0.010942407, -0.010899855, -0.010807737, -0.010707432, -0.010654542, -0.010543131, -0.010423568, -0.010294349, -0.010225703, -0.010079289, -0.009920389, -0.00983629, -0.00965938, -0.009472105, -0.009374926, -0.00917437, -0.0089656245, -0.008748375, -0.008636067, -0.008402825, -0.008156193, -0.00802701, -0.007755984, -0.0074665574, -0.0071566394, -0.006993192, -0.0066470755, -0.0062702894, -0.0060685147, -0.005638153, -0.0051957495, -0.004998903, -0.004805766, -0.0051925923, 0, 0, 0, 0, 0, 0, 0, 0, 0, 0, 0, 0, 0, 0, 0, 0, 0, 0, 0, 0, 0, 0, 0, 0, 0, 0, 0, 0, 0, 0, 0
0, 0, 0, 0, 0, 0, 0, 0, 0, 0, 0, 0, 0, 0, 0, 0, 0, 0, 0, 0, 0, 0, 0, 0, 0, 0, 0, 0, 0, 0, 0, 0, -0.005364426, -0.004500463, -0.0045779133, -0.004745679, -0.005140895, -0.0055258046, -0.0057045887, -0.006035864, -0.006340002, -0.0064850682, -0.0067657894, -0.00703816, -0.0073041394, -0.0074346582, -0.0076892106, -0.007933134, -0.008050363, -0.00827484, -0.00848639, -0.00868675, -0.008783644, -0.008972314, -0.0091560045, -0.009246207, -0.009423094, -0.009593742, -0.009675992, -0.009832709, -0.009977514, -0.010109648, -0.010171184, -0.010286071, -0.0103921, -0.010442542, -0.010538886, -0.010630069, -0.010714907, -0.0107543655, -0.010825679, -0.010884539, -0.0109087825, -0.010946438, -0.010970182, -0.010981692, -0.010983565, -0.010981172, -0.010971902, -0.010964936, -0.010945813, -0.010918319, -0.010900615, -0.010855745, -0.010796875, -0.010723199, -0.010681144, -0.010587399, -0.010483073, -0.010427609, -0.01031109, -0.010187229, -0.010054983, -0.009985106, -0.00983638, -0.009673996, -0.009587468, -0.009403951, -0.009207947, -0.009105896, -0.008895306, -0.008677342, -0.008452258, -0.008336634, -0.0080974735, -0.007844784, -0.0077122804, -0.0074331737, -0.00713389, -0.006814077, -0.0066466713, -0.006296594, -0.0059249904, -0.005730409, -0.0053260284, -0.004931765, -0.004773971, -0.0047425954, -0.0056999815, 0, 0, 0, 0, 0, 0, 0, 0, 0, 0, 0, 0, 0, 0, 0, 0, 0, 0, 0, 0, 0, 0, 0, 0, 0, 0, 0, 0, 0, 0, 0
0, 0, 0, 0, 0, 0, 0, 0, 0, 0, 0, 0, 0, 0, 0, 0, 0, 0, 0, 0, 0, 0, 0, 0, 0, 0, 0, 0, 0, 0, 0, 0, -0.004147795, -0.0039531207, -0.0041033123, -0.0042638155, -0.004636294, -0.0050075473, -0.005183717, -0.0055167996, -0.0058293035, -0.0059800055, -0.006273694, -0.006560019, -0.0068400875, -0.006977471, -0.007246001, -0.0075039896, -0.007628309, -0.007867075, -0.008092727, -0.00830649, -0.00840966, -0.008609988, -0.008803851, -0.00889879, -0.009084519, -0.009263824, -0.009350434, -0.009516156, -0.009670118, -0.009811113, -0.009876711, -0.009998828, -0.010110456, -0.010163066, -0.010263107, -0.010357223, -0.010445144, -0.010486251, -0.010561177, -0.010623993, -0.010650136, -0.010691004, -0.010716599, -0.010728538, -0.010730132, -0.010726735, -0.010716695, -0.010709769, -0.010691984, -0.010667502, -0.010651753, -0.010611269, -0.0105560655, -0.010484335, -0.010442305, -0.010346822, -0.010238643, -0.010180767, -0.010059264, -0.009931012, -0.009795663, -0.009724652, -0.009574185, -0.009409764, -0.009321658, -0.009133136, -0.008929222, -0.008822239, -0.008600397, -0.008370087, -0.008132794, -0.008011343, -0.0077612894, -0.0074986066, -0.0073612253, -0.0070720245, -0.006761976, -0.006431396, -0.0062589594, -0.0059014163, -0.0055282163, -0.005335927, -0.004943394, -0.0045651323, -0.004407865, -0.0042773443, -0.0045026857, 0, 0, 0, 0, 0, 0, 0, 0, 0, 0, 0, 0, 0, 0, 0, 0, 0, 0, 0, 0, 0, 0, 0, 0, 0, 0, 0, 0, 0, 0, 0
0, 0, 0, 0, 0, 0, 0, 0, 0, 0, 0, 0, 0, 0, 0, 0, 0, 0, 0, 0, 0, 0, 0, 0, 0, 0, 0, 0, 0, 0, 0, 0, -0.0042372695, -0.0037559434, -0.003726229, -0.0038376544, -0.0041581583, -0.0045118574, -0.0046867663, -0.005026482, -0.005353416, -0.0055129025, -0.005825282, -0.0061296304, -0.0064255535, -0.006569882, -0.006850332, -0.0071186814, -0.0072480473, -0.007497135, -0.0077337115, -0.00795926, -0.008068321, -0.008280063, -0.008484355, -0.008583854, -0.00877762, -0.008963603, -0.009053253, -0.009224835, -0.009384782, -0.009532039, -0.009600761, -0.009728667, -0.009844864, -0.009899138, -0.010001064, -0.010095297, -0.010182224, -0.010222731, -0.01029673, -0.010359673, -0.010386313, -0.0104290405, -0.010457235, -0.010471649, -0.01047434, -0.010472285, -0.010462627, -0.01045552, -0.01043714, -0.010411849, -0.010395879, -0.010355025, -0.01029973, -0.010227606, -0.010185172, -0.010088172, -0.009977143, -0.009917648, -0.009792398, -0.009660575, -0.0095224045, -0.009450475, -0.009298607, -0.009133298, -0.009044453, -0.008853386, -0.008644488, -0.008534014, -0.008302895, -0.0080612395, -0.007811505, -0.0076837307, -0.0074217035, -0.007148257, -0.0070059425, -0.0067075687, -0.0063887644, -0.0060488186, -0.0058713173, -0.0055033127, -0.0051211594, -0.00492636, -0.0045388923, -0.0041966657, -0.004081553, -0.004128264, -0.0046632304, 0, 0, 0, 0, 0, 0, 0, 0, 0, 0, 0, 0, 0, 0, 0, 0, 0, 0, 0, 0, 0, 0, 0, 0, 0, 0, 0, 0, 0, 0, 0
0, 0, 0, 0, 0, 0, 0, 0, 0, 0, 0, 0, 0, 0, 0, 0, 0, 0, 0, 0, 0, 0, 0, 0, 0, 0, 0, 0, 0, 0, 0, 0, -0.004944413, -0.0036124894, -0.003365105, -0.0034404949, -0.003735626, -0.004089029, -0.0042681107, -0.004621306, -0.00496576, -0.005134635, -0.005465435, -0.0057859193, -0.0060941395, -0.0062431204, -0.0065302975, -0.0068032495, -0.0069347396, -0.007188558, -0.007431529, -0.0076650246, -0.007778459, -0.007998924, -0.008210878, -0.008313395, -0.008511532, -0.00869985, -0.008790102, -0.008962442, -0.009123542, -0.009272935, -0.00934316, -0.009474321, -0.009593413, -0.0096486425, -0.009750985, -0.009843376, -0.009926634, -0.009964934, -0.010034766, -0.01009493, -0.010121006, -0.010164387, -0.01019542, -0.010213627, -0.010218218, -0.010219216, -0.01021058, -0.010203115, -0.010182371, -0.01015329, -0.010135273, -0.010090636, -0.010032665, -0.009959284, -0.009916527, -0.009819241, -0.009707989, -0.009648039, -0.0095213, -0.009387173, -0.009246499, -0.009173338, -0.009019719, -0.008853565, -0.008764603, -0.008573401, -0.008363633, -0.008252055, -0.0080172, -0.007769495, -0.007511954, -0.007379935, -0.0071093845, -0.0068283337, -0.0066827782, -0.0063790833, -0.0060556033, -0.0057099396, -0.0055286614, -0.005149894, -0.00475218, -0.0045484463, -0.004145065, -0.003807544, -0.0037197256, -0.003986327, -0.0054582665, 0, 0, 0, 0, 0, 0, 0, 0, 0, 0, 0, 0, 0, 0, 0, 0, 0, 0, 0, 0, 0, 0, 0, 0, 0, 0, 0, 0, 0, 0, 0
0, 0, 0, 0, 0, 0, 0, 0, 0, 0, 0, 0, 0, 0, 0, 0, 0, 0, 0, 0, 0, 0, 0, 0, 0, 0, 0, 0, 0, 0, 0, 0, 0, -0.0029161016, -0.0029561198, -0.0030787045, -0.0034177026, -0.0037935243, -0.003981299, -0.0043495796, -0.0047072745, -0.004882169, -0.0052232672, -0.005550789, -0.005862675, -0.0060122483, -0.0062988624, -0.006570054, -0.0067007104, -0.0069538536, -0.0071979356, -0.007434222, -0.00754939, -0.007773164, -0.007987102, -0.008089954, -0.008286847, -0.008471733, -0.00855973, -0.008727304, -0.008884239, -0.009031087, -0.009100655, -0.009231679, -0.009351313, -0.009406612, -0.009508093, -0.009597838, -0.009676661, -0.009712285, -0.0097766565, -0.009832416, -0.009857027, -0.009899345, -0.009931523, -0.009952456, -0.009958494, -0.009961773, -0.0099535305, -0.009945405, -0.009921442, -0.009887599, -0.009866983, -0.0098178275, -0.009757118, -0.009683393, -0.009641254, -0.009546196, -0.009437734, -0.009378849, -0.009253354, -0.009118822, -0.008976215, -0.008901867, -0.008746205, -0.0085793, -0.00849066, -0.008301615, -0.008095389, -0.0079857735, -0.0077544176, -0.0075090197, -0.0072518424, -0.007119533, -0.006847756, -0.006565493, -0.006419657, -0.006116515, -0.0057945265, -0.0054498804, -0.005268116, -0.0048844484, -0.004473833, -0.0042593996, -0.0038226834, -0.0034218228, -0.0032736007, -0.0032091101, 0, 0, 0, 0, 0, 0, 0, 0, 0, 0, 0, 0, 0, 0, 0, 0, 0, 0, 0, 0, 0, 0, 0, 0, 0, 0, 0, 0, 0, 0, 0, 0
0, 0, 0, 0, 0, 0, 0, 0, 0, 0, 0, 0, 0, 0, 0, 0, 0, 0, 0, 0, 0, 0, 0, 0, 0, 0, 0, 0, 0, 0, 0, 0, 0, -0.0027183623, -0.0027881723, -0.0029247236, -0.0032851123, -0.0036743777, -0.0038664294, -0.0042392793, -0.0045973454, -0.0047712387, -0.0051083323, -0.0054297796, -0.0057340423, -0.005879571, -0.006158029, -0.0064217024, -0.006548975, -0.00679628, -0.0070358594, -0.007268196, -0.007381459, -0.007601027, -0.007809718, -0.00790941, -0.008098957, -0.008275271, -0.008358725, -0.008517278, -0.008666008, -0.008805995, -0.008872844, -0.008999612, -0.009116172, -0.009170218, -0.009269177, -0.009355698, -0.009430281, -0.009463437, -0.009522438, -0.009572907, -0.009595119, -0.009633528, -0.009663266, -0.009682875, -0.009688561, -0.009691081, -0.009681533, -0.009672302, -0.009645329, -0.009607539, -0.009584926, -0.009532661, -0.00947057, -0.009397819, -0.00935705, -0.009266219, -0.009162696, -0.009106325, -0.00898478, -0.008852404, -0.008710146, -0.008635478, -0.008479096, -0.008312596, -0.008225139, -0.008040723, -0.007842095, -0.007737228, -0.007516336, -0.0072815022, -0.0070340894, -0.0069061243, -0.0066418257, -0.0063662133, -0.0062238392, -0.005928132, -0.0056150462, -0.0052805752, -0.005104089, -0.0047298493, -0.004324761, -0.0041105794, -0.0036670377, -0.0032474778, -0.0030850125, -0.0029884442, 0, 0, 0, 0, 0, 0, 0, 0, 0, 0, 0, 0, 0, 0, 0, 0, 0, 0, 0, 0, 0, 0, 0, 0, 0, 0, 0, 0, 0, 0, 0, 0
0, 0, 0, 0, 0, 0, 0, 0, 0, 0, 0, 0, 0, 0, 0, 0, 0, 0, 0, 0, 0, 0, 0, 0, 0, 0, 0, 0, 0, 0, 0, 0, 0, -0.0031587218, -0.0031422218, -0.0032481467, -0.0035656448, -0.003920625, -0.004094998, -0.004429003, -0.0047435523, -0.004894382, -0.0051848115, -0.005461721, -0.005726438, -0.005854449, -0.006102205, -0.0063393596, -0.00645407, -0.0066760276, -0.0068881703, -0.0070904503, -0.007187847, -0.0073751374, -0.0075524966, -0.0076373983, -0.007799719, -0.007951975, -0.008024353, -0.008161611, -0.008289205, -0.008407352, -0.008463028, -0.00856775, -0.008663976, -0.00870894, -0.008792556, -0.0088674035, -0.008932598, -0.008961403, -0.009010886, -0.009049518, -0.009064742, -0.009087403, -0.009100151, -0.009103592, -0.009102022, -0.009092688, -0.009075121, -0.009063202, -0.009032525, -0.008992418, -0.008968754, -0.008914205, -0.008850323, -0.008777288, -0.00873746, -0.008651118, -0.008555946, -0.008505031, -0.008396126, -0.008277379, -0.008148033, -0.008079367, -0.007934182, -0.007779011, -0.0076979683, -0.007529251, -0.0073518488, -0.0072599566, -0.007069593, -0.0068699634, -0.0066600037, -0.0065507246, -0.006322906, -0.0060820514, -0.005956541, -0.005695095, -0.0054194555, -0.005128689, -0.004977325, -0.004661501, -0.0043279366, -0.004155754, -0.003813358, -0.0035305202, -0.003456021, -0.0035665706, 0, 0, 0, 0, 0, 0, 0, 0, 0, 0, 0, 0, 0, 0, 0, 0, 0, 0, 0, 0, 0, 0, 0, 0, 0, 0, 0, 0, 0, 0, 0, 0
0, 0, 0, 0, 0, 0, 0, 0, 0, 0, 0, 0, 0, 0, 0, 0, 0, 0, 0, 0, 0, 0, 0, 0, 0, 0, 0, 0, 0, 0, 0, 0, 0, -0.0036048926, -0.0034846836, -0.0035514613, -0.003815715, -0.0041359873, -0.004295832, -0.0046021338, -0.004888559, -0.005025142, -0.005287502, -0.005538824, -0.005781555, -0.005900037, -0.006130841, -0.006352288, -0.0064589498, -0.006663179, -0.006854727, -0.0070338678, -0.0071191518, -0.007282868, -0.0074388916, -0.007514543, -0.0076613813, -0.007801856, -0.007869199, -0.0079969205, -0.008113847, -0.008218936, -0.008267173, -0.0083559025, -0.008435872, -0.008473339, -0.008543958, -0.008609284, -0.00866822, -0.008694526, -0.008739589, -0.008772696, -0.008784515, -0.008798548, -0.008800924, -0.008793778, -0.00878739, -0.008770251, -0.008748074, -0.008735058, -0.008704064, -0.008664769, -0.008641349, -0.008586284, -0.008520033, -0.008443409, -0.008401746, -0.008312931, -0.008218197, -0.008168902, -0.008066269, -0.007957177, -0.0078397365, -0.0077773095, -0.0076442794, -0.007500012, -0.007423914, -0.0072647133, -0.0070975213, -0.0070114275, -0.006834788, -0.0066522853, -0.006462631, -0.00636436, -0.0061595794, -0.005941969, -0.0058279578, -0.0055891336, -0.0053359335, -0.0050683925, -0.0049292496, -0.004640204, -0.004338201, -0.004185069, -0.0038955733, -0.0037128571, -0.0037253974, -0.0041229012, 0, 0, 0, 0, 0, 0, 0, 0, 0, 0, 0, 0, 0, 0, 0, 0, 0, 0, 0, 0, 0, 0, 0, 0, 0, 0, 0, 0, 0, 0, 0, 0
0, 0, 0, 0, 0, 0, 0, 0, 0, 0, 0, 0, 0, 0, 0, 0, 0, 0, 0, 0, 0, 0, 0, 0, 0, 0, 0, 0, 0, 0, 0, 0, 0, -0.0041681533, -0.0037858977, -0.00378234, -0.0039808336, -0.004278048, -0.00443082, -0.004723083, -0.004992395, -0.0051193037, -0.0053614136, -0.0055929567, -0.0058176825, -0.005927876, -0.0061431094, -0.0063490784, -0.006447389, -0.0066331136, -0.0068032397, -0.0069590644, -0.0070324508, -0.0071730316, -0.0073086494, -0.0073754955, -0.0075078392, -0.0076370756, -0.0076995413, -0.007817758, -0.0079237865, -0.008015814, -0.008056508, -0.008128878, -0.0081922375, -0.008221817, -0.0082788775, -0.0083338935, -0.008385908, -0.008409721, -0.008450457, -0.008479042, -0.008488032, -0.008495038, -0.0084889885, -0.008473147, -0.008462762, -0.0084391935, -0.008413434, -0.008399593, -0.008368631, -0.008330293, -0.008307186, -0.0082516745, -0.008182885, -0.008102219, -0.008058353, -0.00796604, -0.007870453, -0.007822168, -0.0077248984, -0.007625148, -0.007519854, -0.0074639875, -0.0073438263, -0.0072111203, -0.007140149, -0.006990011, -0.0068315477, -0.006750143, -0.0065846085, -0.00641628, -0.006244102, -0.0061557684, -0.005972541, -0.005777601, -0.005674917, -0.005458098, -0.005225423, -0.0049763024, -0.0048453817, -0.004569796, -0.0042759376, -0.0041244724, -0.0038362066, -0.0036756103, -0.0037369556, -0.004538, 0, 0, 0, 0, 0, 0, 0, 0, 0, 0, 0, 0, 0, 0, 0, 0, 0, 0, 0, 0, 0, 0, 0, 0, 0, 0, 0, 0, 0, 0, 0, 0
0, 0, 0, 0, 0, 0, 0, 0, 0, 0, 0, 0, 0, 0, 0, 0, 0, 0, 0, 0, 0, 0, 0, 0, 0, 0, 0, 0, 0, 0, 0, 0, 0, -0.004598695, -0.0038221192, -0.00377699, -0.0039715134, -0.004286387, -0.0044460427, -0.004744511, -0.0050110873, -0.0051342803, -0.005365982, -0.005584922, -0.005796351, -0.005899748, -0.0061011007, -0.0062922523, -0.006382769, -0.0065516774, -0.006703653, -0.0068404675, -0.006904572, -0.0070271045, -0.0071464563, -0.0072059687, -0.0073254122, -0.007443435, -0.0075006415, -0.0076082116, -0.0077029443, -0.0077824392, -0.007816508, -0.007875242, -0.007925255, -0.007948597, -0.007994484, -0.008040729, -0.008086137, -0.008107361, -0.008143804, -0.008168265, -0.008174943, -0.0081768995, -0.008165162, -0.008143636, -0.008130615, -0.008102742, -0.008074077, -0.008059402, -0.008027753, -0.007989539, -0.00796653, -0.007910725, -0.00784076, -0.0077583026, -0.0077135353, -0.0076199737, -0.0075249313, -0.0074779005, -0.007385139, -0.007292691, -0.0071965866, -0.0071456493, -0.0070354776, -0.006912085, -0.006845341, -0.0067030406, -0.006552048, -0.0064745834, -0.0063180286, -0.006160787, -0.006002289, -0.0059217727, -0.0057557304, -0.0055794977, -0.00548633, -0.0052881, -0.005072648, -0.0048380503, -0.0047130054, -0.0044448017, -0.0041488754, -0.0039907517, -0.0036694254, -0.003415036, -0.0033668866, -0.0034999612, 0, 0, 0, 0, 0, 0, 0, 0, 0, 0, 0, 0, 0, 0, 0, 0, 0, 0, 0, 0, 0, 0, 0, 0, 0, 0, 0, 0, 0, 0, 0, 0
0, 0, 0, 0, 0, 0, 0, 0, 0, 0, 0, 0, 0, 0, 0, 0, 0, 0, 0, 0, 0, 0, 0, 0, 0, 0, 0, 0, 0, 0, 0, 0, 0, -0.0035877405, -0.0034720653, -0.0035364407, -0.0038287872, -0.0041840463, -0.0043546064, -0.0046644905, -0.0049335156, -0.0050558443, -0.005282662, -0.005493635, -0.0056948173, -0.005792456, -0.005981301, -0.0061592315, -0.0062431144, -0.0063991267, -0.006539041, -0.006664819, -0.0067236833, -0.0068361294, -0.006945379, -0.006999762, -0.007108304, -0.007214835, -0.0072661517, -0.007361855, -0.007445185, -0.007514043, -0.0075433017, -0.007593244, -0.0076355897, -0.007655423, -0.0076946025, -0.0077345273, -0.0077740382, -0.0077924794, -0.007823745, -0.007843573, -0.007848197, -0.0078465, -0.007831624, -0.007807334, -0.0077930293, -0.0077625816, -0.0077311755, -0.007715159, -0.0076811435, -0.0076412074, -0.007617678, -0.007561681, -0.007492738, -0.0074122036, -0.0073687336, -0.0072782105, -0.0071866447, -0.0071413624, -0.0070523736, -0.006963807, -0.0068718484, -0.006823168, -0.006717803, -0.006599783, -0.0065359147, -0.006399891, -0.006255734, -0.006181851, -0.0060330136, -0.005884122, -0.0057350793, -0.0056596706, -0.0055047246, -0.005340721, -0.005254002, -0.005069224, -0.004867404, -0.0046464955, -0.0045280815, -0.0042726267, -0.0039889584, -0.003837434, -0.0035330292, -0.0033078582, -0.003281288, -0.0034730749, 0, 0, 0, 0, 0, 0, 0, 0, 0, 0, 0, 0, 0, 0, 0, 0, 0, 0, 0, 0, 0, 0, 0, 0, 0, 0, 0, 0, 0, 0, 0, 0
0, 0, 0, 0, 0, 0, 0, 0, 0, 0, 0, 0, 0, 0, 0, 0, 0, 0, 0, 0, 0, 0, 0, 0, 0, 0, 0, 0, 0, 0, 0, 0, 0, -0.0035850757, -0.0034016545, -0.003440762, -0.0036993779, -0.0040369574, -0.0042021326, -0.00450475, -0.0047689024, -0.0048890165, -0.0051110024, -0.005315521, -0.0055079483, -0.0056005274, -0.0057783015, -0.005945396, -0.006024449, -0.0061726575, -0.006307684, -0.00643086, -0.00648884, -0.006599375, -0.0067048836, -0.0067562317, -0.006856478, -0.006952123, -0.006997415, -0.0070813475, -0.007154462, -0.007215974, -0.007242688, -0.007289399, -0.007329995, -0.0073489486, -0.007385594, -0.0074213524, -0.007454955, -0.0074700816, -0.007494615, -0.0075089205, -0.0075114537, -0.007507198, -0.007491551, -0.007467208, -0.0074528363, -0.0074213324, -0.007387373, -0.0073695206, -0.0073312544, -0.0072875167, -0.0072627217, -0.007206125, -0.007139563, -0.007064017, -0.0070236395, -0.0069396757, -0.0068537546, -0.006810594, -0.0067239422, -0.0066356524, -0.006542784, -0.006493627, -0.0063881245, -0.006271772, -0.006209684, -0.0060786516, -0.005940942, -0.0058705825, -0.005728464, -0.0055853184, -0.0054410626, -0.005367747, -0.005216993, -0.0050577857, -0.004974008, -0.004796645, -0.0046048095, -0.0043969853, -0.004286447, -0.0040502753, -0.0037943628, -0.00366274, -0.0034249586, -0.003344775, -0.003442238, -0.003940125, 0, 0, 0, 0, 0, 0, 0, 0, 0, 0, 0, 0, 0, 0, 0, 0, 0, 0, 0, 0, 0, 0, 0, 0, 0, 0, 0, 0, 0, 0, 0, 0
0, 0, 0, 0, 0, 0, 0, 0, 0, 0, 0, 0, 0, 0, 0, 0, 0, 0, 0, 0, 0, 0, 0, 0, 0, 0, 0, 0, 0, 0, 0, 0, 0, -0.004084054, -0.0035795004, -0.0034872664, -0.0035899666, -0.003855331, -0.0040000044, -0.004277242, -0.0045281067, -0.0046438538, -0.004859527, -0.0050581205, -0.0052435803, -0.0053320974, -0.005501472, -0.0056610876, -0.005737306, -0.0058824685, -0.006018103, -0.0061448216, -0.006205032, -0.0063192495, -0.006425718, -0.0064760232, -0.006570925, -0.0066578984, -0.0066982955, -0.006772685, -0.006838698, -0.0068966853, -0.0069230264, -0.006971075, -0.0070140855, -0.007033973, -0.0070705796, -0.007102915, -0.0071302177, -0.007141498, -0.0071583763, -0.0071667344, -0.0071674613, -0.007162017, -0.0071479874, -0.00712649, -0.007113337, -0.0070828213, -0.007047219, -0.007027565, -0.006984496, -0.006935814, -0.006909231, -0.0068513644, -0.006787175, -0.006717431, -0.0066806623, -0.006604033, -0.0065238387, -0.006482391, -0.0063965255, -0.0063058664, -0.006208871, -0.0061576623, -0.0060493434, -0.0059330384, -0.0058721723, -0.0057454775, -0.0056138295, -0.0055465316, -0.005409542, -0.0052691977, -0.0051250393, -0.005051013, -0.0048980676, -0.0047370875, -0.004653088, -0.0044775675, -0.004291388, -0.0040938566, -0.003990378, -0.0037726592, -0.003542047, -0.0034269483, -0.0032380389, -0.0032698459, -0.0034980471, -0.0047391704, 0, 0, 0, 0, 0, 0, 0, 0, 0, 0, 0, 0, 0, 0, 0, 0, 0, 0, 0, 0, 0, 0, 0, 0, 0, 0, 0, 0, 0, 0, 0, 0
0, 0, 0, 0, 0, 0, 0, 0, 0, 0, 0, 0, 0, 0, 0, 0, 0, 0, 0, 0, 0, 0, 0, 0, 0, 0, 0, 0, 0, 0, 0, 0, 0, -0.0049236035, -0.0036441623, -0.003412131, -0.003391783, -0.0036023466, -0.0037292491, -0.003982262, -0.0042192154, -0.004330647, -0.004540743, -0.004735674, -0.004917388, -0.0050037717, -0.00516884, -0.0053248904, -0.0053999815, -0.00554506, -0.0056838146, -0.0058159493, -0.0058792112, -0.0059990645, -0.006108682, -0.006159314, -0.0062521202, -0.006334241, -0.006371745, -0.006440934, -0.0065038158, -0.0065618893, -0.0065893955, -0.006641264, -0.0066882595, -0.006709539, -0.0067467676, -0.0067761866, -0.0067973556, -0.0068050534, -0.0068150423, -0.0068186126, -0.006818282, -0.006813527, -0.0068034236, -0.0067872363, -0.0067765554, -0.0067494456, -0.0067142863, -0.00669381, -0.006647347, -0.0065947953, -0.006566652, -0.0065074526, -0.006445019, -0.006379724, -0.006345874, -0.0062750103, -0.0061989883, -0.0061586183, -0.006072392, -0.005978634, -0.0058775283, -0.005824428, -0.0057138004, -0.0055979425, -0.005538355, -0.005415887, -0.0052891686, -0.005224012, -0.0050896523, -0.0049490244, -0.0048014037, -0.0047247834, -0.004565855, -0.0043992563, -0.004313123, -0.004135518, -0.003950976, -0.003758963, -0.0036597447, -0.0034540389, -0.0032397236, -0.0031335403, -0.0029543084, -0.0029179342, -0.0029952659, 0, 0, 0, 0, 0, 0, 0, 0, 0, 0, 0, 0, 0, 0, 0, 0, 0, 0, 0, 0, 0, 0, 0, 0, 0, 0, 0, 0, 0, 0, 0, 0, 0
0, 0, 0, 0, 0, 0, 0, 0, 0, 0, 0, 0, 0, 0, 0, 0, 0, 0, 0, 0, 0, 0, 0, 0, 0, 0, 0, 0, 0, 0, 0, 0, 0, 0, -0.0031121373, -0.003035241, -0.0030819955, -0.0032794315, -0.0033960596, -0.0036320838, -0.0038587218, -0.0039673457, -0.0041750036, -0.0043698144, -0.004551936, -0.0046385424, -0.0048034787, -0.0049591926, -0.005034313, -0.0051801843, -0.005321117, -0.0054567023, -0.0055219876, -0.00564575, -0.0057583945, -0.0058100065, -0.0059034065, -0.005984914, -0.0060219895, -0.006090499, -0.0061539114, -0.006214258, -0.0062434454, -0.0062991236, -0.006349473, -0.006371889, -0.0064096292, -0.0064369435, -0.006454334, -0.006459754, -0.0064657605, -0.0064673317, -0.0064670607, -0.0064648953, -0.0064597744, -0.0064498284, -0.006442161, -0.0064200955, -0.0063879346, -0.006368061, -0.006321574, -0.006268189, -0.0062397346, -0.0061807004, -0.006120104, -0.006057952, -0.0060259267, -0.005958695, -0.0058849724, -0.005845121, -0.005758691, -0.005663557, -0.0055610244, -0.0055075875, -0.005397487, -0.005284047, -0.0052262195, -0.005107753, -0.0049845316, -0.0049204202, -0.004786333, -0.00464333, -0.0044910675, -0.0044115894, -0.0042466875, -0.00407482, -0.0039865403, -0.0038060888, -0.003620223, -0.0034283625, -0.0033299394, -0.0031278685, -0.0029245955, -0.0028298555, -0.002698862, -0.002779363, -0.002952889, 0, 0, 0, 0, 0, 0, 0, 0, 0, 0, 0, 0, 0, 0, 0, 0, 0, 0, 0, 0, 0, 0, 0, 0, 0, 0, 0, 0, 0, 0, 0, 0, 0
0, 0, 0, 0, 0, 0, 0, 0, 0, 0, 0, 0, 0, 0, 0, 0, 0, 0, 0, 0, 0, 0, 0, 0, 0, 0, 0, 0, 0, 0, 0, 0, 0, 0, -0.0030489953, -0.0028726596, -0.0027956197, -0.0029373101, -0.0030390183, -0.003258368, -0.0034782419, -0.0035856962, -0.003793904, -0.0039914274, -0.004177004, -0.004265114, -0.0044323225, -0.004589047, -0.0046642227, -0.0048095877, -0.004949594, -0.005084419, -0.005149553, -0.005273695, -0.0053875083, -0.005439935, -0.005535385, -0.00561921, -0.0056574875, -0.0057284543, -0.0057944153, -0.005857231, -0.005887615, -0.005945513, -0.0059976624, -0.006020719, -0.0060590915, -0.0060864883, -0.0061035375, -0.006108882, -0.0061151697, -0.0061179292, -0.006118772, -0.0061197956, -0.006118957, -0.0061138505, -0.006108687, -0.006091536, -0.006063766, -0.006045882, -0.0060030078, -0.0059528844, -0.005926068, -0.0058702664, -0.0058128946, -0.0057538976, -0.0057232417, -0.0056583546, -0.005586379, -0.005547205, -0.005461969, -0.0053684297, -0.00526834, -0.00521655, -0.00511058, -0.00500192, -0.0049464623, -0.0048322347, -0.004711578, -0.0046480466, -0.00451369, -0.004368806, -0.00421396, -0.0041332664, -0.003966449, -0.0037936026, -0.0037051558, -0.003524045, -0.0033364932, -0.0031406896, -0.0030393184, -0.002830298, -0.0026221452, -0.0025289557, -0.0024269558, -0.0026544891, -0.0030416911, 0, 0, 0, 0, 0, 0, 0, 0, 0, 0, 0, 0, 0, 0, 0, 0, 0, 0, 0, 0, 0, 0, 0, 0, 0, 0, 0, 0, 0, 0, 0, 0, 0
0, 0, 0, 0, 0, 0, 0, 0, 0, 0, 0, 0, 0, 0, 0, 0, 0, 0, 0, 0, 0, 0, 0, 0, 0, 0, 0, 0, 0, 0, 0, 0, 0, 0, -0.0031302616, -0.0027315873, -0.0024944532, -0.0025948351, -0.0026888705, -0.0029018691, -0.0031203642, -0.0032280032, -0.003437614, -0.0036374866, -0.0038255795, -0.003914729, -0.0040831603, -0.0042391927, -0.004313321, -0.0044551473, -0.0045902855, -0.0047199363, -0.0047826553, -0.004903182, -0.0050154505, -0.005067893, -0.00516496, -0.005251577, -0.005291402, -0.005365368, -0.005433551, -0.0054976544, -0.005528303, -0.005586415, -0.0056388373, -0.0056622135, -0.005702048, -0.005731945, -0.0057523414, -0.005759607, -0.0057696984, -0.0057760747, -0.0057783755, -0.005781727, -0.0057827756, -0.0057795923, -0.0057755895, -0.005761503, -0.0057381303, -0.005722891, -0.0056861644, -0.0056429007, -0.0056195348, -0.0055703013, -0.0055185473, -0.005463871, -0.0054349527, -0.005372771, -0.005303196, -0.0052653276, -0.0051834183, -0.0050943485, -0.00500005, -0.004951572, -0.004852475, -0.0047505824, -0.0046981215, -0.0045889304, -0.004471881, -0.004409668, -0.0042772437, -0.004134316, -0.003982197, -0.0039033734, -0.0037413444, -0.0035740535, -0.0034883253, -0.0033114958, -0.0031251325, -0.0029257133, -0.0028203358, -0.0025984684, -0.0023696772, -0.0022612645, -0.0021008004, -0.0021135672, -0.0021879107, 0, 0, 0, 0, 0, 0, 0, 0, 0, 0, 0, 0, 0, 0, 0, 0, 0, 0, 0, 0, 0, 0, 0, 0, 0, 0, 0, 0, 0, 0, 0, 0, 0
0, 0, 0, 0, 0, 0, 0, 0, 0, 0, 0, 0, 0, 0, 0, 0, 0, 0, 0, 0, 0, 0, 0, 0, 0, 0, 0, 0, 0, 0, 0, 0, 0, 0, -0.0022397726, -0.0021617296, -0.0021381977, -0.0022864093, -0.0023890403, -0.0026091686, -0.0028289645, -0.0029361136, -0.0031435967, -0.0033407307, -0.0035257656, -0.00361321, -0.003777646, -0.003928532, -0.0039994847, -0.0041339737, -0.0042605735, -0.0043814923, -0.004440123, -0.0045537814, -0.004661462, -0.004712651, -0.004808961, -0.004896461, -0.004936963, -0.005012128, -0.005080667, -0.005144066, -0.0051741023, -0.00523087, -0.005282615, -0.005306249, -0.0053480766, -0.0053819623, -0.0054078307, -0.0054179616, -0.005433417, -0.005443676, -0.0054472494, -0.005451625, -0.0054523004, -0.0054484913, -0.005444531, -0.005431713, -0.005412073, -0.005399665, -0.005370236, -0.005335572, -0.005316653, -0.005276023, -0.0052315835, -0.005182607, -0.005156037, -0.0050978158, -0.005032195, -0.0049965563, -0.004919967, -0.004837618, -0.004751099, -0.00470666, -0.004615813, -0.004521589, -0.0044728047, -0.004370278, -0.0042594275, -0.0042004036, -0.004074896, -0.003940019, -0.003797606, -0.003724183, -0.0035737841, -0.0034185534, -0.003338586, -0.0031720798, -0.0029928999, -0.0027966292, -0.0026908913, -0.0024639885, -0.0022245517, -0.0021087653, -0.0019288727, -0.0019169914, -0.0019862368, 0, 0, 0, 0, 0, 0, 0, 0, 0, 0, 0, 0, 0, 0, 0, 0, 0, 0, 0, 0, 0, 0, 0, 0, 0, 0, 0, 0, 0, 0, 0, 0, 0
0, 0, 0, 0, 0, 0, 0, 0, 0, 0, 0, 0, 0, 0, 0, 0, 0, 0, 0, 0, 0, 0, 0, 0, 0, 0, 0, 0, 0, 0, 0, 0, 0, 0, -0.0020124314, -0.0019399807, -0.0019378167, -0.0020967536, -0.0022012277, -0.0024203756, -0.002634, -0.0027366078, -0.0029333257, -0.0031184112, -0.0032911804, -0.0033726261, -0.0035252674, -0.0036648763, -0.0037302214, -0.003853337, -0.003968713, -0.004078794, -0.0041323784, -0.0042368406, -0.004337212, -0.004385584, -0.004477695, -0.0045626084, -0.0046021547, -0.0046755075, -0.004742137, -0.0048030093, -0.004831747, -0.004886187, -0.00493673, -0.0049603786, -0.0050037485, -0.00504117, -0.0050718766, -0.0050845076, -0.0051044263, -0.0051177265, -0.0051221256, -0.0051268423, -0.005126702, -0.00512209, -0.00511813, -0.005106819, -0.0050911894, -0.005081749, -0.005059771, -0.005033694, -0.0050191837, -0.0049868706, -0.0049497043, -0.004906884, -0.0048830574, -0.0048302053, -0.004770364, -0.0047379225, -0.004668582, -0.004594311, -0.004516414, -0.00447625, -0.0043936917, -0.004307501, -0.004262691, -0.0041686087, -0.0040673814, -0.004013787, -0.003900577, -0.0037799869, -0.0036533244, -0.0035881216, -0.003454459, -0.0033156422, -0.0032437134, -0.0030927078, -0.0029282155, -0.0027456733, -0.002646327, -0.0024314485, -0.0022034475, -0.0020940579, -0.0019319169, -0.0019483353, -0.0020300308, 0, 0, 0, 0, 0, 0, 0, 0, 0, 0, 0, 0, 0, 0, 0, 0, 0, 0, 0, 0, 0, 0, 0, 0, 0, 0, 0, 0, 0, 0, 0, 0, 0
0, 0, 0, 0, 0, 0, 0, 0, 0, 0, 0, 0, 0, 0, 0, 0, 0, 0, 0, 0, 0, 0, 0, 0, 0, 0, 0, 0, 0, 0, 0, 0, 0, 0, -0.002025967, -0.001941515, -0.0019089808, -0.0020451199, -0.002140274, -0.002341694, -0.002536341, -0.0026287131, -0.0028034565, -0.0029660931, -0.0031169706, -0.0031879682, -0.003321388, -0.0034439152, -0.0035015442, -0.0036106114, -0.0037132902, -0.003811661, -0.0038595947, -0.0039533987, -0.0040441435, -0.0040880996, -0.004172454, -0.0042510238, -0.0042879055, -0.0043566534, -0.0044194045, -0.0044767815, -0.0045039095, -0.0045554894, -0.0046040765, -0.0046271468, -0.0046704253, -0.0047089187, -0.004741477, -0.0047552013, -0.00477731, -0.0047922614, -0.0047972784, -0.004802964, -0.0048038033, -0.0048007895, -0.0047980943, -0.004790657, -0.004780442, -0.0047742985, -0.004759513, -0.0047408245, -0.004729799, -0.0047039874, -0.0046726596, -0.004635394, -0.004614499, -0.004568063, -0.0045156926, -0.004487385, -0.004426988, -0.004362034, -0.0042931093, -0.004257303, -0.004182937, -0.004104925, -0.0040643746, -0.0039800326, -0.0038906839, -0.0038441115, -0.0037467747, -0.003644166, -0.0035363985, -0.003480662, -0.0033654799, -0.0032445893, -0.0031815916, -0.003048811, -0.0029045756, -0.0027452332, -0.00265878, -0.0024723443, -0.0022759025, -0.0021835382, -0.0020586795, -0.0021140694, -0.0022098566, 0, 0, 0, 0, 0, 0, 0, 0, 0, 0, 0, 0, 0, 0, 0, 0, 0, 0, 0, 0, 0, 0, 0, 0, 0, 0, 0, 0, 0, 0, 0, 0, 0
0, 0, 0, 0, 0, 0, 0, 0, 0, 0, 0, 0, 0, 0, 0, 0, 0, 0, 0, 0, 0, 0, 0, 0, 0, 0, 0, 0, 0, 0, 0, 0, 0, 0, -0.0021567845, -0.0020600276, -0.0019908547, -0.0020912974, -0.0021702137, -0.0023409212, -0.0025056787, -0.0025830243, -0.0027275982, -0.0028603936, -0.0029830637, -0.0030410024, -0.003150888, -0.0032535526, -0.0033025423, -0.0033966582, -0.0034865572, -0.0035732079, -0.0036153595, -0.003697607, -0.003776886, -0.0038152146, -0.0038889535, -0.003958383, -0.0039913375, -0.004053559, -0.0041112304, -0.004164792, -0.0041902047, -0.0042387224, -0.0042842384, -0.0043058875, -0.0043464857, -0.004382685, -0.0044135526, -0.004426736, -0.004448437, -0.0044640535, -0.004469797, -0.004477803, -0.004482185, -0.004483872, -0.0044839894, -0.004482742, -0.0044792257, -0.0044764383, -0.00446805, -0.0044549545, -0.0044464474, -0.004425001, -0.0043979976, -0.004365715, -0.0043477477, -0.0043083834, -0.0042647226, -0.004241324, -0.004191226, -0.0041367034, -0.004077492, -0.0040461738, -0.0039803716, -0.0039106356, -0.0038744917, -0.003800101, -0.0037231792, -0.0036837652, -0.0036025944, -0.0035177788, -0.0034283088, -0.0033815403, -0.0032834874, -0.0031790286, -0.0031242548, -0.0030093475, -0.0028863242, -0.002753436, -0.0026826055, -0.0025327555, -0.0023811453, -0.002315206, -0.0022549683, -0.0023889015, -0.0025157318, 0, 0, 0, 0, 0, 0, 0, 0, 0, 0, 0, 0, 0, 0, 0, 0, 0, 0, 0, 0, 0, 0, 0, 0, 0, 0, 0, 0, 0, 0, 0, 0, 0
0, 0, 0, 0, 0, 0, 0, 0, 0, 0, 0, 0, 0, 0, 0, 0, 0, 0, 0, 0, 0, 0, 0, 0, 0, 0, 0, 0, 0, 0, 0, 0, 0, 0, -0.0023917018, -0.0022680636, -0.0021295098, -0.002173624, -0.0022299762, -0.0023619977, -0.0024923468, -0.0025533412, -0.0026661383, -0.002768479, -0.0028630882, -0.0029082452, -0.0029953492, -0.003079244, -0.0031202997, -0.003200794, -0.0032788336, -0.0033542167, -0.0033907343, -0.0034611465, -0.0035280648, -0.0035602448, -0.0036221687, -0.0036811728, -0.0037096215, -0.0037645118, -0.0038167827, -0.0038661188, -0.003889681, -0.0039344714, -0.003975853, -0.0039951885, -0.004030807, -0.004062148, -0.0040888484, -0.0041004317, -0.0041201985, -0.004135922, -0.00414244, -0.0041535664, -0.004162601, -0.0041701207, -0.0041733654, -0.0041784532, -0.004180978, -0.0041809217, -0.0041773226, -0.0041681696, -0.0041613597, -0.004143274, -0.0041199727, -0.0040924465, -0.0040774737, -0.004045609, -0.0040112087, -0.0039929547, -0.003953761, -0.0039102877, -0.0038613763, -0.0038348755, -0.0037779906, -0.0037166951, -0.003684847, -0.0036197146, -0.0035535137, -0.0035200745, -0.0034522337, -0.003381771, -0.003306944, -0.0032673627, -0.0031829649, -0.0030915483, -0.0030434015, -0.0029427253, -0.002836739, -0.0027252736, -0.0026673093, -0.002548217, -0.0024384265, -0.0024016895, -0.0024369732, -0.0027523234, -0.002977201, 0, 0, 0, 0, 0, 0, 0, 0, 0, 0, 0, 0, 0, 0, 0, 0, 0, 0, 0, 0, 0, 0, 0, 0, 0, 0, 0, 0, 0, 0, 0, 0, 0
0, 0, 0, 0, 0, 0, 0, 0, 0, 0, 0, 0, 0, 0, 0, 0, 0, 0, 0, 0, 0, 0, 0, 0, 0, 0, 0, 0, 0, 0, 0, 0, 0, 0, -0.0027701494, -0.0025588307, -0.0022579883, -0.0022179773, -0.0022491645, -0.002345021, -0.0024466487, -0.0024942996, -0.0025816443, -0.0026602522, -0.0027331987, -0.0027685293, -0.002838382, -0.0029080918, -0.0029429635, -0.0030122693, -0.0030801706, -0.003145266, -0.0031764202, -0.003235563, -0.0032907084, -0.0033170427, -0.003367792, -0.0034168717, -0.0034409752, -0.0034885514, -0.0035349864, -0.0035794403, -0.0036006595, -0.0036405858, -0.0036766164, -0.0036930484, -0.0037227867, -0.0037485645, -0.0037708147, -0.0037807801, -0.003798686, -0.0038143606, -0.0038215746, -0.003835048, -0.003847378, -0.0038586336, -0.0038637512, -0.0038724456, -0.0038782374, -0.003879656, -0.0038788165, -0.0038724071, -0.0038670606, -0.0038523308, -0.0038331365, -0.003810776, -0.0037988236, -0.0037740655, -0.0037482337, -0.003734668, -0.0037054985, -0.0036723085, -0.0036335725, -0.0036119013, -0.0035640846, -0.0035110603, -0.0034831564, -0.0034257153, -0.003367293, -0.0033379798, -0.0032788026, -0.0032176916, -0.0031525395, -0.0031178228, -0.0030430132, -0.0029609033, -0.0029173077, -0.0028259198, -0.002729896, -0.0026297558, -0.002577991, -0.0024727057, -0.002379946, -0.0023558112, -0.0024513449, -0.003032458, -0.003608755, 0, 0, 0, 0, 0, 0, 0, 0, 0, 0, 0, 0, 0, 0, 0, 0, 0, 0, 0, 0, 0, 0, 0, 0, 0, 0, 0, 0, 0, 0, 0, 0, 0
0, 0, 0, 0, 0, 0, 0, 0, 0, 0, 0, 0, 0, 0, 0, 0, 0, 0, 0, 0, 0, 0, 0, 0, 0, 0, 0, 0, 0, 0, 0, 0, 0, 0, -0.00332409, -0.0027933181, -0.0022498595, -0.0021538942, -0.0021729742, -0.0022516395, -0.002338296, -0.0023786565, -0.0024518077, -0.0025172823, -0.0025784865, -0.0026084818, -0.0026685894, -0.0027295726, -0.0027602527, -0.0028214017, -0.0028807567, -0.0029366626, -0.0029630174, -0.0030123028, -0.0030574931, -0.0030789983, -0.0031206068, -0.0031614252, -0.0031817795, -0.0032224732, -0.0032625773, -0.0033009192, -0.003319098, -0.0033527822, -0.0033826164, -0.003396033, -0.0034203185, -0.0034417298, -0.0034610745, -0.0034702134, -0.0034874056, -0.0035034134, -0.00351098, -0.0035250892, -0.0035377648, -0.0035490089, -0.0035539458, -0.0035622127, -0.0035678227, -0.0035694665, -0.0035697531, -0.0035656954, -0.0035619675, -0.0035513157, -0.003537001, -0.0035199635, -0.0035108132, -0.0034919183, -0.0034724113, -0.0034622625, -0.003440553, -0.0034155012, -0.003385548, -0.003368285, -0.0033289974, -0.0032838995, -0.0032595505, -0.003208333, -0.0031550552, -0.0031280313, -0.003073135, -0.0030165159, -0.0029563978, -0.0029244358, -0.0028555791, -0.0027794363, -0.0027386963, -0.0026523597, -0.0025600963, -0.0024624579, -0.0024115436, -0.002306932, -0.002211261, -0.0021799204, -0.0022072021, -0.0023862587, 0, 0, 0, 0, 0, 0, 0, 0, 0, 0, 0, 0, 0, 0, 0, 0, 0, 0, 0, 0, 0, 0, 0, 0, 0, 0, 0, 0, 0, 0, 0, 0, 0, 0
0, 0, 0, 0, 0, 0, 0, 0, 0, 0, 0, 0, 0, 0, 0, 0, 0, 0, 0, 0, 0, 0, 0, 0, 0, 0, 0, 0, 0, 0, 0, 0, 0, 0, 0, -0.0021976125, -0.0020227209, -0.0019855597, -0.0020089063, -0.002085541, -0.002167413, -0.002205468, -0.0022746972, -0.0023368876, -0.0023952099, -0.0024236962, -0.0024803644, -0.0025368636, -0.002564955, -0.0026198584, -0.0026719044, -0.0027197266, -0.0027419722, -0.0027831427, -0.002820758, -0.0028386917, -0.0028735735, -0.002908109, -0.00292533, -0.0029596046, -0.0029928146, -0.0030241164, -0.0030386564, -0.0030652923, -0.0030888042, -0.0030995153, -0.0031195134, -0.0031383762, -0.0031568503, -0.0031660318, -0.0031837407, -0.0032002646, -0.0032078405, -0.0032212005, -0.0032318889, -0.0032401776, -0.003243474, -0.0032486673, -0.0032521528, -0.003253279, -0.0032541275, -0.003252555, -0.0032507207, -0.0032447784, -0.003235454, -0.0032233258, -0.0032164021, -0.0032014837, -0.003185483, -0.003177156, -0.0031596418, -0.0031398041, -0.0031162954, -0.0031026874, -0.0030711137, -0.003033476, -0.0030125373, -0.0029670212, -0.0029176623, -0.00289196, -0.002838979, -0.0027836584, -0.002725367, -0.0026946233, -0.0026289504, -0.002556602, -0.002517616, -0.002433618, -0.0023417664, -0.0022424287, -0.0021904276, -0.0020860399, -0.0020019119, -0.0019865504, -0.002087361, -0.0024040672, 0, 0, 0, 0, 0, 0, 0, 0, 0, 0, 0, 0, 0, 0, 0, 0, 0, 0, 0, 0, 0, 0, 0, 0, 0, 0, 0, 0, 0, 0, 0, 0, 0, 0
0, 0, 0, 0, 0, 0, 0, 0, 0, 0, 0, 0, 0, 0, 0, 0, 0, 0, 0, 0, 0, 0, 0, 0, 0, 0, 0, 0, 0, 0, 0, 0, 0, 0, 0, -0.0022226337, -0.0019205523, -0.0018119401, -0.0018176553, -0.0018779181, -0.0019556032, -0.001993723, -0.0020647163, -0.0021295438, -0.002189878, -0.0022188297, -0.0022749254, -0.0023288112, -0.002354788, -0.0024041322, -0.0024494668, -0.0024903142, -0.002509155, -0.0025439658, -0.0025759547, -0.0025913336, -0.0026212863, -0.0026506656, -0.0026651802, -0.00269329, -0.0027196268, -0.0027435503, -0.0027544538, -0.002774275, -0.0027920913, -0.0028005838, -0.002817431, -0.0028348633, -0.0028532112, -0.002862558, -0.0028809109, -0.0028975552, -0.002904867, -0.0029168355, -0.0029251326, -0.002930228, -0.0029318684, -0.002934087, -0.0029357236, -0.0029364752, -0.0029379856, -0.0029388655, -0.0029388024, -0.0029369746, -0.0029320803, -0.0029238283, -0.0029184853, -0.002905961, -0.002891587, -0.0028840222, -0.0028682188, -0.0028512143, -0.002832089, -0.002821286, -0.0027963456, -0.0027658993, -0.0027484344, -0.0027090637, -0.002664242, -0.0026401342, -0.0025889897, -0.0025345993, -0.0024771728, -0.002447056, -0.0023833215, -0.0023135247, -0.0022757328, -0.0021935515, -0.002101668, -0.0019999768, -0.0019463671, -0.0018398957, -0.0017640714, -0.0017640846, -0.0019693882, -0.0027350977, 0, 0, 0, 0, 0, 0, 0, 0, 0, 0, 0, 0, 0, 0, 0, 0, 0, 0, 0, 0, 0, 0, 0, 0, 0, 0, 0, 0, 0, 0, 0, 0, 0, 0
0, 0, 0, 0, 0, 0, 0, 0, 0, 0, 0, 0, 0, 0, 0, 0, 0, 0, 0, 0, 0, 0, 0, 0, 0, 0, 0, 0, 0, 0, 0, 0, 0, 0, 0, -0.002541309, -0.0018242246, -0.0016152288, -0.0016045442, -0.0016532334, -0.0017307447, -0.0017703086, -0.0018454646, -0.001914076, -0.0019766993, -0.002005995, -0.0020610983, -0.00211151, -0.0021350614, -0.0021785987, -0.0022175119, -0.0022521855, -0.002268158, -0.0022978887, -0.0023255046, -0.0023387123, -0.0023643665, -0.0023888054, -0.0024005047, -0.0024226124, -0.0024424044, -0.00245953, -0.0024672875, -0.0024814452, -0.0024946735, -0.0025013695, -0.002515545, -0.0025311948, -0.0025481565, -0.00255688, -0.0025740794, -0.0025894379, -0.002596068, -0.0026065854, -0.0026135086, -0.0026173007, -0.0026183866, -0.002619758, -0.0026210507, -0.0026219334, -0.0026241636, -0.0026265443, -0.0026274617, -0.0026279963, -0.0026258093, -0.0026202905, -0.0026162085, -0.0026058115, -0.0025931778, -0.002586325, -0.0025720147, -0.0025571513, -0.0025413504, -0.0025327404, -0.0025133311, -0.002489465, -0.0024755243, -0.002443035, -0.002404395, -0.0023829322, -0.002336026, -0.0022848062, -0.0022298482, -0.0022009818, -0.0021399779, -0.002073476, -0.002037509, -0.0019588307, -0.0018695699, -0.0017688299, -0.0017146386, -0.0016042332, -0.001513835, -0.0014933557, -0.0015506826, 0, 0, 0, 0, 0, 0, 0, 0, 0, 0, 0, 0, 0, 0, 0, 0, 0, 0, 0, 0, 0, 0, 0, 0, 0, 0, 0, 0, 0, 0, 0, 0, 0, 0, 0
0, 0, 0, 0, 0, 0, 0, 0, 0, 0, 0, 0, 0, 0, 0, 0, 0, 0, 0, 0, 0, 0, 0, 0, 0, 0, 0, 0, 0, 0, 0, 0, 0, 0, 0, 0, -0.0014424714, -0.0013706571, -0.0013787885, -0.0014412878, -0.0015239214, -0.0015651446, -0.001642529, -0.0017118823, -0.0017732689, -0.0018012938, -0.0018524178, -0.0018974028, -0.00191784, -0.0019548656, -0.0019874088, -0.0020164037, -0.0020298287, -0.0020549837, -0.0020782126, -0.0020892064, -0.0021098703, -0.0021287424, -0.002137392, -0.002153125, -0.002166626, -0.0021780832, -0.0021832958, -0.0021931615, -0.0022030063, -0.0022081777, -0.002219337, -0.0022316903, -0.0022448301, -0.0022514784, -0.002264508, -0.0022763354, -0.0022815086, -0.0022902228, -0.0022966417, -0.002301028, -0.0023026837, -0.002305272, -0.002307505, -0.0023085785, -0.0023107931, -0.0023128153, -0.002313574, -0.0023140947, -0.002312687, -0.0023091282, -0.0023063843, -0.0022993267, -0.0022902186, -0.0022851299, -0.0022741926, -0.0022624861, -0.0022499997, -0.0022432117, -0.0022281369, -0.0022098299, -0.0021991502, -0.0021740035, -0.0021433362, -0.0021259661, -0.0020869784, -0.00204302, -0.001994511, -0.0019686911, -0.0019137295, -0.0018534852, -0.0018209994, -0.0017498501, -0.0016689247, -0.0015767621, -0.0015267236, -0.0014236921, -0.0013373184, -0.0013162532, -0.0013632866, 0, 0, 0, 0, 0, 0, 0, 0, 0, 0, 0, 0, 0, 0, 0, 0, 0, 0, 0, 0, 0, 0, 0, 0, 0, 0, 0, 0, 0, 0, 0, 0, 0, 0, 0
0, 0, 0, 0, 0, 0, 0, 0, 0, 0, 0, 0, 0, 0, 0, 0, 0, 0, 0, 0, 0, 0, 0, 0, 0, 0, 0, 0, 0, 0, 0, 0, 0, 0, 0, 0, -0.0012710511, -0.0012110686, -0.001221428, -0.0012838566, -0.001363813, -0.0014032011, -0.0014760058, -0.0015396993, -0.0015945263, -0.0016188989, -0.0016623121, -0.0016993817, -0.0017158674, -0.0017454765, -0.0017714326, -0.0017946869, -0.0018055289, -0.0018255954, -0.0018435846, -0.001851743, -0.0018660976, -0.001878092, -0.0018831714, -0.0018919259, -0.0018992323, -0.0019057113, -0.0019088826, -0.0019154665, -0.0019224532, -0.0019261291, -0.0019337033, -0.0019411289, -0.0019481911, -0.0019515116, -0.0019577977, -0.0019637605, -0.0019666343, -0.001972342, -0.0019780512, -0.0019834037, -0.0019858812, -0.0019900987, -0.001993047, -0.0019939805, -0.0019949956, -0.0019948361, -0.0019944496, -0.0019932736, -0.0019917209, -0.001990079, -0.0019891618, -0.0019869108, -0.0019837688, -0.0019817092, -0.0019764486, -0.0019694485, -0.0019606743, -0.0019556396, -0.0019440311, -0.0019303255, -0.0019225555, -0.0019047572, -0.0018835891, -0.0018715176, -0.0018440238, -0.00181176, -0.0017746423, -0.0017542518, -0.0017098187, -0.0016604209, -0.0016337003, -0.0015753597, -0.0015094654, -0.0014348092, -0.0013944888, -0.0013126855, -0.0012504513, -0.0012425913, -0.0013157657, 0, 0, 0, 0, 0, 0, 0, 0, 0, 0, 0, 0, 0, 0, 0, 0, 0, 0, 0, 0, 0, 0, 0, 0, 0, 0, 0, 0, 0, 0, 0, 0, 0, 0, 0
0, 0, 0, 0, 0, 0, 0, 0, 0, 0, 0, 0, 0, 0, 0, 0, 0, 0, 0, 0, 0, 0, 0, 0, 0, 0, 0, 0, 0, 0, 0, 0, 0, 0, 0, 0, -0.0012326397, -0.0011506418, -0.0011506914, -0.0011954558, -0.0012604028, -0.0012929034, -0.0013526311, -0.0014036515, -0.0014463343, -0.0014648692, -0.0014971355, -0.0015239513, -0.001535749, -0.0015568925, -0.0015755022, -0.001592146, -0.0015998412, -0.0016135114, -0.0016246004, -0.0016290785, -0.0016356478, -0.0016394045, -0.0016404793, -0.0016416513, -0.0016425368, -0.0016441571, -0.0016453189, -0.001648592, -0.0016525349, -0.0016544876, -0.00165779, -0.0016595994, -0.0016597653, -0.0016593079, -0.0016580258, -0.0016571317, -0.0016572175, -0.0016589009, -0.0016626336, -0.0016676834, -0.0016702925, -0.0016749419, -0.0016775818, -0.001677999, -0.0016770482, -0.0016744097, -0.001672828, -0.0016700461, -0.0016689032, -0.0016698849, -0.0016712031, -0.0016748988, -0.0016788151, -0.0016803376, -0.0016818555, -0.0016804409, -0.001675942, -0.0016726798, -0.0016646404, -0.0016554105, -0.0016505101, -0.0016404244, -0.0016295413, -0.0016235205, -0.0016096185, -0.0015920587, -0.0015699182, -0.0015569363, -0.0015272001, -0.0014927102, -0.0014737975, -0.0014325589, -0.0013865698, -0.0013355011, -0.0013084289, -0.0012562611, -0.0012272295, -0.0012364708, -0.0013392969, 0, 0, 0, 0, 0, 0, 0, 0, 0, 0, 0, 0, 0, 0, 0, 0, 0, 0, 0, 0, 0, 0, 0, 0, 0, 0, 0, 0, 0, 0, 0, 0, 0, 0, 0
0, 0, 0, 0, 0, 0, 0, 0, 0, 0, 0, 0, 0, 0, 0, 0, 0, 0, 0, 0, 0, 0, 0, 0, 0, 0, 0, 0, 0, 0, 0, 0, 0, 0, 0, 0, -0.0012648876, -0.0011568022, -0.0011423783, -0.0011601115, -0.0012014665, -0.0012232735, -0.0012635246, -0.0012971768, -0.00132423, -0.0013355957, -0.0013544725, -0.0013693399, -0.0013756931, -0.0013868753, -0.0013965302, -0.001404851, -0.0014084252, -0.0014138775, -0.0014165242, -0.0014166057, -0.0014143767, -0.0014093323, -0.0014061906, -0.0013994107, -0.0013934801, -0.0013893819, -0.0013881673, -0.001387095, -0.0013869783, -0.0013867916, -0.001385358, -0.0013817563, -0.0013758242, -0.0013721619, -0.001364546, -0.0013578862, -0.0013554421, -0.0013529002, -0.0013536315, -0.0013567006, -0.0013586704, -0.0013621585, -0.0013638635, -0.0013637566, -0.0013617126, -0.0013582405, -0.0013565194, -0.0013542962, -0.0013551215, -0.0013597105, -0.0013633873, -0.0013725648, -0.0013827921, -0.0013875023, -0.0013949976, -0.0013990373, -0.001399395, -0.0013984427, -0.0013952652, -0.0013918694, -0.0013904892, -0.0013889993, -0.0013888704, -0.0013890585, -0.0013889698, -0.0013864527, -0.0013802062, -0.0013753098, -0.0013619048, -0.0013441772, -0.0013339997, -0.0013113713, -0.0012862757, -0.0012594555, -0.0012461911, -0.0012257781, -0.0012357341, -0.0012675787, -0.0014166553, 0, 0, 0, 0, 0, 0, 0, 0, 0, 0, 0, 0, 0, 0, 0, 0, 0, 0, 0, 0, 0, 0, 0, 0, 0, 0, 0, 0, 0, 0, 0, 0, 0, 0, 0
0, 0, 0, 0, 0, 0, 0, 0, 0, 0, 0, 0, 0, 0, 0, 0, 0, 0, 0, 0, 0, 0, 0, 0, 0, 0, 0, 0, 0, 0, 0, 0, 0, 0, 0, 0, -0.0013491702, -0.0011983532, -0.0011635765, -0.0011469581, -0.0011609944, -0.001171107, -0.0011906826, -0.0012063443, -0.001217427, -0.00122131, -0.0012260869, -0.0012279839, -0.0012281637, -0.0012276876, -0.0012263809, -0.0012243137, -0.0012228113, -0.0012183379, -0.0012114629, -0.0012069318, -0.0011957675, -0.0011822634, -0.0011750403, -0.001160527, -0.0011473384, -0.0011365566, -0.0011322068, -0.0011251682, -0.0011193781, -0.0011165055, -0.0011099621, -0.0011016253, -0.0010912917, -0.0010856322, -0.0010742033, -0.0010640065, -0.0010598676, -0.0010539939, -0.0010516132, -0.001052011, -0.0010527781, -0.0010545308, -0.0010555286, -0.0010555044, -0.0010545495, -0.0010532591, -0.0010529424, -0.0010541135, -0.0010587327, -0.0010672972, -0.001072924, -0.0010860327, -0.0011000994, -0.0011068237, -0.0011186382, -0.0011276122, -0.0011337671, -0.0011360872, -0.001140261, -0.0011453214, -0.001148616, -0.0011570689, -0.0011679687, -0.00117399, -0.0011861552, -0.0011968393, -0.0012046454, -0.0012070904, -0.0012089805, -0.0012071303, -0.0012050425, -0.0011992465, -0.0011918495, -0.001184249, -0.0011816125, -0.0011869997, -0.0012363639, -0.0012985695, -0.0015417795, 0, 0, 0, 0, 0, 0, 0, 0, 0, 0, 0, 0, 0, 0, 0, 0, 0, 0, 0, 0, 0, 0, 0, 0, 0, 0, 0, 0, 0, 0, 0, 0, 0, 0, 0
0, 0, 0, 0, 0, 0, 0, 0, 0, 0, 0, 0, 0, 0, 0, 0, 0, 0, 0, 0, 0, 0, 0, 0, 0, 0, 0, 0, 0, 0, 0, 0, 0, 0, 0, 0, -0.0014777329, -0.0012375758, -0.0011742996, -0.0011212012, -0.0011122607, -0.0011131146, -0.0011163977, -0.0011173487, -0.0011144772, -0.0011115549, -0.0011028746, -0.0010915356, -0.0010852179, -0.001071788, -0.0010580119, -0.0010440282, -0.0010368676, -0.0010216273, -0.0010048946, -0.0009958269, -0.000976328, -0.00095520174, -0.0009442874, -0.00092265324, -0.0009022618, -0.0008842338, -0.0008761993, -0.0008618906, -0.00084931497, -0.0008432737, -0.00083130127, -0.00081866153, -0.00080543745, -0.0007987212, -0.000785563, -0.0007738492, -0.00076885644, -0.0007610387, -0.0007561711, -0.00075397716, -0.0007535911, -0.00075392314, -0.0007550625, -0.00075586035, -0.00075794884, -0.0007611761, -0.00076347543, -0.0007698625, -0.00077916024, -0.00079132203, -0.00079826446, -0.00081329414, -0.0008288602, -0.0008365502, -0.000851288, -0.0008650195, -0.00087821385, -0.0008848456, -0.0008990078, -0.0009151107, -0.0009240173, -0.0009437036, -0.00096528395, -0.000976496, -0.0009986638, -0.0010198144, -0.0010386542, -0.0010469835, -0.0010613867, -0.0010729004, -0.0010776733, -0.0010855445, -0.0010909922, -0.0010949544, -0.0010975989, -0.00111324, -0.0011788616, -0.0012595621, -0.0016342322, 0, 0, 0, 0, 0, 0, 0, 0, 0, 0, 0, 0, 0, 0, 0, 0, 0, 0, 0, 0, 0, 0, 0, 0, 0, 0, 0, 0, 0, 0, 0, 0, 0, 0, 0
0, 0, 0, 0, 0, 0, 0, 0, 0, 0, 0, 0, 0, 0, 0, 0, 0, 0, 0, 0, 0, 0, 0, 0, 0, 0, 0, 0, 0, 0, 0, 0, 0, 0, 0, 0, -0.0015743109, -0.001208628, -0.0011274862, -0.0010588074, -0.0010405822, -0.0010369122, -0.0010306351, -0.0010212134, -0.0010070727, -0.0009982587, -0.0009774835, -0.00095355505, -0.0009408495, -0.0009147403, -0.0008884487, -0.0008624277, -0.00084956095, -0.0008237343, -0.0007975415, -0.00078416144, -0.00075684395, -0.00072874065, -0.0007146078, -0.00068660104, -0.000659738, -0.0006348582, -0.0006232483, -0.000601745, -0.0005822006, -0.00057299697, -0.0005554361, -0.0005386978, -0.00052280293, -0.0005152431, -0.00050106243, -0.0004885803, -0.00048313427, -0.00047410268, -0.0004674959, -0.00046337166, -0.00046212834, -0.00046150715, -0.0004632606, -0.00046507383, -0.00047052975, -0.00047850778, -0.00048343695, -0.0004950794, -0.0005086381, -0.0005236367, -0.00053150096, -0.0005474289, -0.00056372606, -0.0005720238, -0.00058936374, -0.000608148, -0.0006291612, -0.000640678, -0.00066584075, -0.0006938411, -0.0007086317, -0.0007395105, -0.0007710194, -0.00078662205, -0.0008170985, -0.000846082, -0.0008734513, -0.00088642654, -0.00091104396, -0.00093382533, -0.00094447145, -0.00096372596, -0.0009794928, -0.0009910034, -0.0009958595, -0.0010104583, -0.0010555269, -0.0011033466, -0.0012396543, 0, 0, 0, 0, 0, 0, 0, 0, 0, 0, 0, 0, 0, 0, 0, 0, 0, 0, 0, 0, 0, 0, 0, 0, 0, 0, 0, 0, 0, 0, 0, 0, 0, 0, 0
0, 0, 0, 0, 0, 0, 0, 0, 0, 0, 0, 0, 0, 0, 0, 0, 0, 0, 0, 0, 0, 0, 0, 0, 0, 0, 0, 0, 0, 0, 0, 0, 0, 0, 0, 0, -0.0012051383, -0.001067597, -0.001017836, -0.0009684058, -0.0009510722, -0.00094539113, -0.0009325489, -0.00091437664, -0.0008902771, -0.0008762073, -0.0008445075, -0.0008094814, -0.0007911918, -0.00075397803, -0.00071683805, -0.0006802778, -0.0006623456, -0.0006269072, -0.00059180986, -0.0005743288, -0.00053938624, -0.0005045749, -0.000487345, -0.00045360025, -0.00042136898, -0.0003909622, -0.00037655278, -0.00034928613, -0.0003239782, -0.00031197985, -0.0002893831, -0.0002684933, -0.000249378, -0.00024060204, -0.00022461328, -0.0002108898, -0.00020492532, -0.00019484312, -0.00018711902, -0.0001817783, -0.0001800799, -0.00017881577, -0.00018081315, -0.00018318079, -0.00019055669, -0.00020152674, -0.00020815071, -0.00022320337, -0.00023982048, -0.00025727344, -0.00026607327, -0.00028371677, -0.00030189214, -0.0003114466, -0.0003323017, -0.0003565093, -0.0003849627, -0.0004007836, -0.0004355691, -0.00047360008, -0.00049336004, -0.0005335865, -0.00057346205, -0.0005928818, -0.00063057325, -0.000666703, -0.00070166565, -0.0007188959, -0.0007529611, -0.00078626594, -0.00080241973, -0.0008328187, -0.0008593584, -0.00088107464, -0.00089089415, -0.00091566093, -0.0009718622, -0.0010249292, -0.0011712189, 0, 0, 0, 0, 0, 0, 0, 0, 0, 0, 0, 0, 0, 0, 0, 0, 0, 0, 0, 0, 0, 0, 0, 0, 0, 0, 0, 0, 0, 0, 0, 0, 0, 0, 0
0, 0, 0, 0, 0, 0, 0, 0, 0, 0, 0, 0, 0, 0, 0, 0, 0, 0, 0, 0, 0, 0, 0, 0, 0, 0, 0, 0, 0, 0, 0, 0, 0, 0, 0, 0, -0.0011524296, -0.0010039043, -0.0009482909, -0.0008868074, -0.0008584018, -0.00084756996, -0.00082444726, -0.0007959246, -0.00076134794, -0.00074213906, -0.0007005658, -0.0006562029, -0.00063341606, -0.00058753695, -0.0005420031, -0.00049721217, -0.0004751501, -0.00043143952, -0.00038820686, -0.00036675134, -0.00032422456, -0.00028257497, -0.00026224766, -0.00022314314, -0.0001864611, -0.00015217095, -0.00013592196, -0.00010495473, -7.588196e-05, -6.195847e-05, -3.538628e-05, -1.0586055e-05, 1.2068003e-05, 2.2494338e-05, 4.128557e-05, 5.7057576e-05, 6.371246e-05, 7.479935e-05, 8.3099614e-05, 8.869904e-05, 9.05011e-05, 9.195885e-05, 9.007096e-05, 8.7775996e-05, 8.0282276e-05, 6.8908674e-05, 6.182499e-05, 4.555596e-05, 2.6946185e-05, 6.911678e-06, -3.4477684e-06, -2.469652e-05, -4.7059188e-05, -5.8921152e-05, -8.4757055e-05, -0.00011444403, -0.00014860461, -0.00016744882, -0.00020842288, -0.00025267916, -0.00027564476, -0.00032218432, -0.00036858575, -0.0003914097, -0.00043613586, -0.0004799386, -0.00052334083, -0.00054503017, -0.00058876054, -0.00063258404, -0.00065422937, -0.0006961476, -0.0007347812, -0.00077032653, -0.0007884482, -0.0008360604, -0.00093317195, -0.0010186528, -0.0012427906, 0, 0, 0, 0, 0, 0, 0, 0, 0, 0, 0, 0, 0, 0, 0, 0, 0, 0, 0, 0, 0, 0, 0, 0, 0, 0, 0, 0, 0, 0, 0, 0, 0, 0, 0
0, 0, 0, 0, 0, 0, 0, 0, 0, 0, 0, 0, 0, 0, 0, 0, 0, 0, 0, 0, 0, 0, 0, 0, 0, 0, 0, 0, 0, 0, 0, 0, 0, 0, 0, 0, -0.0012379339, -0.0010099225, -0.0009213056, -0.00081746024, -0.0007646911, -0.0007448408, -0.00070688763, -0.0006659184, -0.0006203896, -0.0005961893, -0.0005456267, -0.00049343554, -0.00046707215, -0.0004147077, -0.00036290786, -0.0003117583, -0.0002863687, -0.00023582025, -0.00018535677, -0.00016021679, -0.000110474255, -6.221056e-05, -3.897105e-05, 5.1816214e-06, 4.5873774e-05, 8.304928e-05, 0.000100468664, 0.00013337193, 0.00016449373, 0.00017945665, 0.00020859063, 0.00023634294, 0.00026222283, 0.00027420366, 0.00029582492, 0.00031371834, 0.00032113673, 0.00033298534, 0.00034108027, 0.0003459579, 0.00034732072, 0.00034804814, 0.0003459665, 0.00034375797, 0.00033689153, 0.0003263034, 0.00031952313, 0.00030315045, 0.00028320545, 0.00026020533, 0.0002477513, 0.0002212763, 0.00019294671, 0.00017801387, 0.00014630082, 0.000111678215, 7.368189e-05, 5.3301297e-05, 9.793146e-06, -3.695957e-05, -6.139709e-05, -0.00011162446, -0.00016300962, -0.00018896314, -0.00024100563, -0.00029323762, -0.00034592857, -0.00037246657, -0.00042598543, -0.0004798053, -0.00050657283, -0.00055910216, -0.0006094705, -0.000658866, -0.00068516994, -0.0007536105, -0.00088511757, -0.0010038047, -0.0014210568, 0, 0, 0, 0, 0, 0, 0, 0, 0, 0, 0, 0, 0, 0, 0, 0, 0, 0, 0, 0, 0, 0, 0, 0, 0, 0, 0, 0, 0, 0, 0, 0, 0, 0, 0
0, 0, 0, 0, 0, 0, 0, 0, 0, 0, 0, 0, 0, 0, 0, 0, 0, 0, 0, 0, 0, 0, 0, 0, 0, 0, 0, 0, 0, 0, 0, 0, 0, 0, 0, 0, -0.0014234582, -0.0009987328, -0.00087599416, -0.00073678046, -0.00066242233, -0.0006339691, -0.00058136793, -0.0005283004, -0.00047247633, -0.0004437677, -0.000385229, -0.00032628365, -0.0002969185, -0.00023884617, -0.00018177573, -0.00012530449, -9.7067e-05, -4.0689476e-05, 1.5735402e-05, 4.387456e-05, 9.9495104e-05, 0.00015317457, 0.00017891816, 0.00022754713, 0.00027172593, 0.00031153113, 0.0003299718, 0.00036456974, 0.00039698833, 0.00041264962, 0.0004431622, 0.00047261594, 0.0005004255, 0.000513415, 0.00053688855, 0.0005561341, 0.000563972, 0.00057599385, 0.0005833095, 0.0005867264, 0.0005872268, 0.0005861913, 0.0005828236, 0.00058025005, 0.00057303475, 0.000562622, 0.00055597076, 0.00053933443, 0.00051802414, 0.0004920996, 0.00047760303, 0.00044592738, 0.000411558, 0.0003935649, 0.00035635667, 0.0003176153, 0.00027708465, 0.00025594933, 0.00021163213, 0.0001640959, 0.00013904925, 8.6348504e-05, 3.0625546e-05, 1.7249001e-06, -5.748452e-05, -0.00011815396, -0.00017965442, -0.00021060643, -0.00027266573, -0.00033463835, -0.00036549274, -0.00042656754, -0.00048686724, -0.00054796017, -0.00058073824, -0.000660921, -0.0007817753, -0.0008592222, 0, 0, 0, 0, 0, 0, 0, 0, 0, 0, 0, 0, 0, 0, 0, 0, 0, 0, 0, 0, 0, 0, 0, 0, 0, 0, 0, 0, 0, 0, 0, 0, 0, 0, 0, 0
0, 0, 0, 0, 0, 0, 0, 0, 0, 0, 0, 0, 0, 0, 0, 0, 0, 0, 0, 0, 0, 0, 0, 0, 0, 0, 0, 0, 0, 0, 0, 0, 0, 0, 0, 0, 0, -0.0008437245, -0.0007642512, -0.00063854083, -0.00055426644, -0.0005197219, -0.00045568982, -0.00039251221, -0.00032818725, -0.0002955333, -0.00022997706, -0.00016476946, -0.00013248606, -6.8896166e-05, -6.41538e-06, 5.5299613e-05, 8.6024476e-05, 0.00014723616, 0.00020808938, 0.00023828667, 0.00029758882, 0.00035472674, 0.00038206807, 0.0004337103, 0.00048092488, 0.00052364374, 0.00054346153, 0.0005804136, 0.0006146349, 0.0006310366, 0.00066265155, 0.00069283036, 0.00072115846, 0.0007343606, 0.00075812463, 0.00077763054, 0.0007854899, 0.0007972438, 0.00080378016, 0.0008057728, 0.0008053065, 0.0008021053, 0.0007965432, 0.0007929546, 0.0007839275, 0.00077208184, 0.00076477777, 0.00074689253, 0.00072399963, 0.0006958713, 0.00067990477, 0.00064482965, 0.0006063362, 0.00058620214, 0.0005449822, 0.0005029677, 0.00046004416, 0.000438074, 0.00039230046, 0.00034324132, 0.0003171932, 0.00026170205, 0.00020161956, 0.00017010512, 0.00010469677, 3.717553e-05, -3.109698e-05, -6.524782e-05, -0.00013327356, -0.00020078185, -0.00023448377, -0.00030193414, -0.00037015512, -0.00044193526, -0.0004816842, -0.0005800233, -0.0007288738, -0.00082584925, 0, 0, 0, 0, 0, 0, 0, 0, 0, 0, 0, 0, 0, 0, 0, 0, 0, 0, 0, 0, 0, 0, 0, 0, 0, 0, 0, 0, 0, 0, 0, 0, 0, 0, 0, 0
0, 0, 0, 0, 0, 0, 0, 0, 0, 0, 0, 0, 0, 0, 0, 0, 0, 0, 0, 0, 0, 0, 0, 0, 0, 0, 0, 0, 0, 0, 0, 0, 0, 0, 0, 0, 0, -0.00079854333, -0.0007029494, -0.00055448076, -0.00045545422, -0.00041522234, -0.00034153994, -0.00027033943, -0.00019889291, -0.0001630489, -9.129322e-05, -2.0165291e-05, 1.502233e-05, 8.442049e-05, 0.0001525179, 0.00021939682, 0.00025236362, 0.00031741482, 0.00038103646, 0.00041223306, 0.00047298276, 0.0005310715, 0.00055896904, 0.0006121228, 0.0006615832, 0.0007073336, 0.0007288113, 0.000769094, 0.0008061811, 0.0008236147, 0.0008566637, 0.0008871314, 0.0009149901, 0.0009277192, 0.00095053914, 0.00096925424, 0.0009768787, 0.0009884425, 0.0009949374, 0.0009965027, 0.0009956171, 0.0009910588, 0.0009833359, 0.0009784403, 0.00096665625, 0.0009520124, 0.00094345806, 0.0009234036, 0.00089897256, 0.00086975517, 0.00085329585, 0.0008170986, 0.0007771115, 0.000756102, 0.0007126506, 0.0006679194, 0.00062197965, 0.0005983889, 0.0005492672, 0.0004967045, 0.00046881745, 0.0004094898, 0.0003453829, 0.00031175144, 0.00024204607, 0.00017038404, 9.819963e-05, 6.22299e-05, -9.178602e-06, -8.0213045e-05, -0.00011585684, -0.00018799954, -0.0002626471, -0.0003435323, -0.0003891326, -0.0005036731, -0.0006868365, -0.0008280046, 0, 0, 0, 0, 0, 0, 0, 0, 0, 0, 0, 0, 0, 0, 0, 0, 0, 0, 0, 0, 0, 0, 0, 0, 0, 0, 0, 0, 0, 0, 0, 0, 0, 0, 0, 0
0, 0, 0, 0, 0, 0, 0, 0, 0, 0, 0, 0, 0, 0, 0, 0, 0, 0, 0, 0, 0, 0, 0, 0, 0, 0, 0, 0, 0, 0, 0, 0, 0, 0, 0, 0, 0, -0.00079927477, -0.00066377665, -0.0004859015, -0.00037353247, -0.00032836647, -0.00024658284, -0.00016865652, -9.124776e-05, -5.2646377e-05, 2.4379364e-05, 0.000100839985, 0.00013869036, 0.00021336979, 0.0002865988, 0.00035795962, 0.000392866, 0.00046073296, 0.0005259444, 0.0005574522, 0.0006180242, 0.00067555485, 0.0007032583, 0.0007566137, 0.0008074847, 0.00085586193, 0.00087897666, 0.00092292303, 0.0009633371, 0.0009821404, 0.0010168491, 0.0010475555, 0.0010743629, 0.0010863277, 0.0011075198, 0.0011250643, 0.0011324139, 0.0011441229, 0.0011513934, 0.0011539614, 0.0011534593, 0.0011489192, 0.0011401238, 0.0011342204, 0.0011198134, 0.0011021228, 0.0010920917, 0.0010696031, 0.0010436983, 0.0010140366, 0.0009977407, 0.0009620792, 0.00092253316, 0.00090141693, 0.00085679896, 0.00080959534, 0.000759836, 0.00073398, 0.0006800187, 0.0006226109, 0.0005924639, 0.0005291375, 0.0004618273, 0.00042691757, 0.00035513175, 0.0002818295, 0.00020801924, 0.00017118243, 9.767582e-05, 2.3842404e-05, -1.3490924e-05, -8.986384e-05, -0.00016987759, -0.0002571283, -0.00030573303, -0.00042072913, -0.0005614991, -0.00062009576, 0, 0, 0, 0, 0, 0, 0, 0, 0, 0, 0, 0, 0, 0, 0, 0, 0, 0, 0, 0, 0, 0, 0, 0, 0, 0, 0, 0, 0, 0, 0, 0, 0, 0, 0, 0
0, 0, 0, 0, 0, 0, 0, 0, 0, 0, 0, 0, 0, 0, 0, 0, 0, 0, 0, 0, 0, 0, 0, 0, 0, 0, 0, 0, 0, 0, 0, 0, 0, 0, 0, 0, 0, -0.0006141077, -0.00055686873, -0.00041942173, -0.00030663342, -0.00025849673, -0.00017016183, -8.626554e-05, -3.921844e-06, 3.6940084e-05, 0.000118028234, 0.00019818897, 0.0002378645, 0.00031618561, 0.0003929733, 0.00046763418, 0.0005039675, 0.00057403796, 0.000640405, 0.0006721083, 0.0007325193, 0.00078944763, 0.0008169045, 0.0008701171, 0.00092178205, 0.0009719391, 0.0009963146, 0.0010430919, 0.0010864078, 0.0011063869, 0.0011426149, 0.0011735415, 0.0011994153, 0.0012106728, 0.0012302333, 0.0012465807, 0.001253611, 0.0012654439, 0.001273768, 0.001277941, 0.0012782224, 0.0012748217, 0.0012660845, 0.0012598082, 0.0012437059, 0.0012235467, 0.0012122139, 0.0011874463, 0.0011599219, 0.0011297588, 0.0011135002, 0.0010783614, 0.0010392014, 0.0010180292, 0.00097244966, 0.00092264096, 0.0008688997, 0.0008406711, 0.0007817008, 0.0007196176, 0.00068748416, 0.0006211681, 0.00055215944, 0.0005168148, 0.00044468234, 0.00037116394, 0.0002966607, 0.00025909697, 0.00018344543, 0.00010633729, 6.705938e-05, -1.3534324e-05, -9.8408316e-05, -0.00019094546, -0.00024230112, -0.00036143186, -0.00050035556, -0.000556825, 0, 0, 0, 0, 0, 0, 0, 0, 0, 0, 0, 0, 0, 0, 0, 0, 0, 0, 0, 0, 0, 0, 0, 0, 0, 0, 0, 0, 0, 0, 0, 0, 0, 0, 0, 0
0, 0, 0, 0, 0, 0, 0, 0, 0, 0, 0, 0, 0, 0, 0, 0, 0, 0, 0, 0, 0, 0, 0, 0, 0, 0, 0, 0, 0, 0, 0, 0, 0, 0, 0, 0, 0, -0.00056533446, -0.0005094566, -0.00037221095, -0.0002538248, -0.00020210058, -0.00010726656, -1.7985656e-05, 6.8401416e-05, 0.0001108944, 0.00019428611, 0.00027601898, 0.00031632633, 0.00039593093, 0.00047418388, 0.00055049284, 0.00058771035, 0.00065963576, 0.0007276252, 0.0007600174, 0.000821663, 0.00087948353, 0.0009072764, 0.0009612179, 0.0010136112, 0.0010647713, 0.0010898003, 0.0011380783, 0.0011829603, 0.0012036643, 0.0012410127, 0.0012725445, 0.0012982233, 0.001309175, 0.0013277873, 0.0013430506, 0.001349633, 0.0013608821, 0.0013693379, 0.0013742244, 0.0013750001, 0.001372589, 0.0013644728, 0.0013582042, 0.0013415253, 0.001319998, 0.00130776, 0.001280957, 0.0012515956, 0.0012198341, 0.0012029596, 0.0011667695, 0.001126712, 0.0011049096, 0.0010575383, 0.0010049873, 0.0009477073, 0.0009175147, 0.00085463707, 0.00078917603, 0.00075577357, 0.0006876, 0.0006179651, 0.0005826296, 0.0005107304, 0.00043705327, 0.00036143098, 0.00032291037, 0.0002442244, 0.00016338073, 0.00012208642, 3.738136e-05, -5.1545263e-05, -0.00014867421, -0.00020268207, -0.00032837526, -0.00047426755, -0.0005327153, 0, 0, 0, 0, 0, 0, 0, 0, 0, 0, 0, 0, 0, 0, 0, 0, 0, 0, 0, 0, 0, 0, 0, 0, 0, 0, 0, 0, 0, 0, 0, 0, 0, 0, 0, 0
0, 0, 0, 0, 0, 0, 0, 0, 0, 0, 0, 0, 0, 0, 0, 0, 0, 0, 0, 0, 0, 0, 0, 0, 0, 0, 0, 0, 0, 0, 0, 0, 0, 0, 0, 0, 0, -0.00054421846, -0.00048570335, -0.00033904426, -0.00021113828, -0.00015545645, -5.408888e-05, 3.9525978e-05, 0.00012874724, 0.00017198757, 0.00025623073, 0.00033791744, 0.0003779624, 0.00045710578, 0.00053505617, 0.0006118132, 0.0006494833, 0.0007231949, 0.00079376023, 0.0008275966, 0.00089230144, 0.0009531754, 0.0009823166, 0.0010384038, 0.0010921869, 0.0011440123, 0.0011692313, 0.0012178174, 0.001263198, 0.0012843106, 0.0013227351, 0.0013554135, 0.00138225, 0.0013935433, 0.0014123217, 0.0014269399, 0.0014329472, 0.0014427581, 0.0014497369, 0.0014535271, 0.0014539962, 0.0014513965, 0.0014435863, 0.0014375066, 0.0014209802, 0.0013991871, 0.0013865158, 0.0013582, 0.001326608, 0.0012921677, 0.0012738823, 0.0012348687, 0.0011920478, 0.001168905, 0.0011188105, 0.0010634821, 0.0010033252, 0.00097168237, 0.00090600725, 0.0008381238, 0.0008036828, 0.0007339876, 0.00066336663, 0.00062764314, 0.0005550075, 0.00048012412, 0.00040254733, 0.00036273643, 0.0002807964, 0.00019632689, 0.00015324955, 6.523339e-05, -2.660648e-05, -0.00012703346, -0.00018321782, -0.0003148597, -0.0004671872, -0.00052712165, 0, 0, 0, 0, 0, 0, 0, 0, 0, 0, 0, 0, 0, 0, 0, 0, 0, 0, 0, 0, 0, 0, 0, 0, 0, 0, 0, 0, 0, 0, 0, 0, 0, 0, 0, 0
0, 0, 0, 0, 0, 0, 0, 0, 0, 0, 0, 0, 0, 0, 0, 0, 0, 0, 0, 0, 0, 0, 0, 0, 0, 0, 0, 0, 0, 0, 0, 0, 0, 0, 0, 0, 0, -0.0005306731, -0.0004700729, -0.00031441427, -0.00017734445, -0.00011808624, -1.1758052e-05, 8.48298e-05, 0.0001755561, 0.00021919138, 0.0003038529, 0.00038541167, 0.00042530478, 0.0005038961, 0.00058150396, 0.00065845175, 0.00069663906, 0.0007721583, 0.0008457681, 0.0008815586, 0.00095076894, 0.0010163253, 0.001047573, 0.0011073733, 0.0011635766, 0.0012165316, 0.0012419173, 0.0012906231, 0.0013362075, 0.0013576814, 0.0013974049, 0.0014321206, 0.001461221, 0.0014736006, 0.0014939, 0.0015088106, 0.0015144417, 0.0015225722, 0.0015271386, 0.0015285204, 0.001527939, 0.0015240135, 0.0015158054, 0.0015098067, 0.0014938754, 0.0014724139, 0.0014596884, 0.0014305525, 0.0013969118, 0.00135933, 0.0013391929, 0.0012962471, 0.0012494996, 0.0012245955, 0.00117124, 0.0011130312, 0.0010501699, 0.0010172239, 0.00094897, 0.0008783595, 0.000842456, 0.0007698813, 0.00069640396, 0.0006593103, 0.000583858, 0.00050628517, 0.0004259549, 0.00038462877, 0.00029984777, 0.00021269899, 0.0001684267, 7.8284414e-05, -1.5570082e-05, -0.00011850864, -0.00017658767, -0.00031389776, -0.0004737741, -0.00053628895, 0, 0, 0, 0, 0, 0, 0, 0, 0, 0, 0, 0, 0, 0, 0, 0, 0, 0, 0, 0, 0, 0, 0, 0, 0, 0, 0, 0, 0, 0, 0, 0, 0, 0, 0, 0
0, 0, 0, 0, 0, 0, 0, 0, 0, 0, 0, 0, 0, 0, 0, 0, 0, 0, 0, 0, 0, 0, 0, 0, 0, 0, 0, 0, 0, 0, 0, 0, 0, 0, 0, 0, 0, -0.0005276485, -0.00046431646, -0.00029965024, -0.00015514204, -9.3421186e-05, 1.60187e-05, 0.00011424834, 0.00020628722, 0.00025073835, 0.0003369669, 0.00042034662, 0.00046106204, 0.0005412491, 0.00062014034, 0.00069842, 0.00073744357, 0.0008150805, 0.00089186104, 0.00092965504, 0.0010035812, 0.0010743449, 0.0011082164, 0.0011726846, 0.0012324913, 0.0012877843, 0.001313876, 0.0013634438, 0.0014097429, 0.0014317664, 0.0014730552, 0.001510204, 0.0015422063, 0.0015560272, 0.0015788322, 0.001595131, 0.0016009491, 0.0016084061, 0.0016112219, 0.0016103339, 0.0016087344, 0.0016031847, 0.0015941727, 0.0015881544, 0.0015725238, 0.0015515254, 0.0015388726, 0.0015091143, 0.0014737259, 0.0014332115, 0.0014113103, 0.0013644554, 0.00131368, 0.0012868477, 0.0012300693, 0.0011688087, 0.0011029769, 0.0010684762, 0.0009967897, 0.00092197687, 0.000883703, 0.00080599484, 0.000727209, 0.0006874977, 0.0006072541, 0.0005254717, 0.00044172493, 0.00039898185, 0.00031184725, 0.00022283231, 0.00017761362, 8.5570224e-05, -1.0583026e-05, -0.000116789015, -0.0001770811, -0.00032134683, -0.0004950163, -0.00056579534, 0, 0, 0, 0, 0, 0, 0, 0, 0, 0, 0, 0, 0, 0, 0, 0, 0, 0, 0, 0, 0, 0, 0, 0, 0, 0, 0, 0, 0, 0, 0, 0, 0, 0, 0, 0
0, 0, 0, 0, 0, 0, 0, 0, 0, 0, 0, 0, 0, 0, 0, 0, 0, 0, 0, 0, 0, 0, 0, 0, 0, 0, 0, 0, 0, 0, 0, 0, 0, 0, 0, 0, 0, -0.0005466061, -0.00047571716, -0.00029842806, -0.00014769848, -8.4039886e-05, 2.7912263e-05, 0.00012814999, 0.00022270624, 0.00026876337, 0.00035903414, 0.00044709924, 0.00049028784, 0.0005750456, 0.0006580126, 0.00073961366, 0.0007801255, 0.00086060865, 0.00094061607, 0.0009803141, 0.001058537, 0.0011342516, 0.0011707674, 0.0012403969, 0.0013047784, 0.0013637738, 0.0013913655, 0.0014431246, 0.001491192, 0.001513935, 0.0015568847, 0.0015961091, 0.0016306106, 0.0016457443, 0.0016711857, 0.001689634, 0.0016962077, 0.0017045519, 0.0017072822, 0.0017057348, 0.0017036451, 0.0016971389, 0.0016873566, 0.001681148, 0.0016652575, 0.0016439452, 0.0016310214, 0.0016002132, 0.0015629411, 0.0015197968, 0.0014962989, 0.0014459228, 0.0013915098, 0.0013628672, 0.0013026239, 0.0012379487, 0.0011686672, 0.0011322004, 0.0010559303, 0.0009756345, 0.00093425653, 0.0008497986, 0.00076402066, 0.0007208648, 0.0006342154, 0.00054723816, 0.00045944506, 0.00041511527, 0.00032538336, 0.00023394999, 0.00018752321, 9.248912e-05, -7.710182e-06, -0.00011920976, -0.00018260848, -0.00033353647, -0.0005253961, -0.0006299162, 0, 0, 0, 0, 0, 0, 0, 0, 0, 0, 0, 0, 0, 0, 0, 0, 0, 0, 0, 0, 0, 0, 0, 0, 0, 0, 0, 0, 0, 0, 0, 0, 0, 0, 0, 0
0, 0, 0, 0, 0, 0, 0, 0, 0, 0, 0, 0, 0, 0, 0, 0, 0, 0, 0, 0, 0, 0, 0, 0, 0, 0, 0, 0, 0, 0, 0, 0, 0, 0, 0, 0, 0, -0.0006025936, -0.0004999981, -0.00030778963, -0.00015293456, -8.736562e-05, 2.823493e-05, 0.00013230201, 0.00023153589, 0.00028031747, 0.0003769525, 0.00047210557, 0.0005190226, 0.00061091495, 0.00070027367, 0.00078722544, 0.0008300423, 0.0009147099, 0.0009985433, 0.0010401474, 0.0011224666, 0.0012027838, 0.0012418401, 0.0013166544, 0.0013862804, 0.0014500368, 0.0014797078, 0.0015350742, 0.0015856462, 0.0016093795, 0.0016539112, 0.001694404, 0.0017302488, 0.0017461787, 0.0017733759, 0.0017937943, 0.0018014251, 0.0018116509, 0.0018159873, 0.0018153342, 0.0018134451, 0.0018068376, 0.0017965378, 0.0017898545, 0.0017727329, 0.0017498913, 0.0017360576, 0.0017031834, 0.0016634087, 0.0016174308, 0.0015923436, 0.001538602, 0.0014807439, 0.0014502542, 0.0013863483, 0.0013179004, 0.0012445983, 0.001205977, 0.0011247849, 0.001038738, 0.0009942085, 0.0009029625, 0.0008100694, 0.0007633612, 0.00066996354, 0.00057691475, 0.0004839962, 0.00043735697, 0.0003435058, 0.0002479936, 0.0001993946, 9.9460034e-05, -6.6583e-06, -0.00012474279, -0.00019121617, -0.00034160962, -0.0004747239, 0, 0, 0, 0, 0, 0, 0, 0, 0, 0, 0, 0, 0, 0, 0, 0, 0, 0, 0, 0, 0, 0, 0, 0, 0, 0, 0, 0, 0, 0, 0, 0, 0, 0, 0, 0, 0
0, 0, 0, 0, 0, 0, 0, 0, 0, 0, 0, 0, 0, 0, 0, 0, 0, 0, 0, 0, 0, 0, 0, 0, 0, 0, 0, 0, 0, 0, 0, 0, 0, 0, 0, 0, 0, 0, -0.00047024208, -0.00032828393, -0.00017134607, -0.00010122765, 2.5351652e-05, 0.00014178507, 0.00025428322, 0.00030993507, 0.00042083664, 0.00053064054, 0.0005849401, 0.00069183914, 0.0007960042, 0.0008973723, 0.0009470342, 0.0010445331, 0.0011397363, 0.0011865477, 0.0012783605, 0.0013674666, 0.0014107445, 0.0014942262, 0.0015727951, 0.0016456798, 0.0016798199, 0.0017432316, 0.0018003188, 0.001826436, 0.0018742634, 0.0019160882, 0.0019522002, 0.0019680737, 0.0019955563, 0.002017501, 0.002026365, 0.002039865, 0.0020478251, 0.0020501749, 0.0020492005, 0.0020429792, 0.0020307868, 0.002022342, 0.0020005903, 0.0019721198, 0.001955289, 0.0019163787, 0.0018707261, 0.0018187126, 0.0017904682, 0.0017299771, 0.001664426, 0.0016298824, 0.0015573725, 0.0014802368, 0.0013984177, 0.0013557168, 0.0012666322, 0.0011729193, 0.0011244181, 0.0010247037, 0.0009221007, 0.0008700108, 0.0007647335, 0.0006585148, 0.0005515951, 0.0004978503, 0.00038965914, 0.00027985606, 0.0002240868, 0.00010994613, -1.0220672e-05, -0.00014206904, -0.00021531855, -0.00038234092, -0.00057331007, 0, 0, 0, 0, 0, 0, 0, 0, 0, 0, 0, 0, 0, 0, 0, 0, 0, 0, 0, 0, 0, 0, 0, 0, 0, 0, 0, 0, 0, 0, 0, 0, 0, 0, 0, 0, 0
0, 0, 0, 0, 0, 0, 0, 0, 0, 0, 0, 0, 0, 0, 0, 0, 0, 0, 0, 0, 0, 0, 0, 0, 0, 0, 0, 0, 0, 0, 0, 0, 0, 0, 0, 0, 0, 0, -0.00052070036, -0.00034457233, -0.00018083918, -0.000107164255, 2.731387e-05, 0.00015154982, 0.00027120515, 0.00033013677, 0.0004466981, 0.0005615753, 0.00061840646, 0.00073061616, 0.0008407877, 0.00094892393, 0.0010021593, 0.0011067569, 0.0012085289, 0.0012581531, 0.0013546327, 0.0014470873, 0.0014916708, 0.0015772254, 0.0016578209, 0.0017329645, 0.0017683847, 0.0018346688, 0.0018945672, 0.0019220497, 0.001971889, 0.0020149676, 0.0020515996, 0.002067526, 0.0020950707, 0.002117132, 0.0021261822, 0.0021403264, 0.0021489873, 0.0021517703, 0.0021508231, 0.0021439756, 0.0021303836, 0.0021209638, 0.0020969254, 0.002066062, 0.0020481355, 0.0020073005, 0.0019598773, 0.0019061376, 0.0018768947, 0.0018139181, 0.0017450991, 0.0017086407, 0.0016318726, 0.0015504967, 0.0014648337, 0.0014205204, 0.0013289452, 0.0012335071, 0.0011843875, 0.0010833214, 0.0009785885, 0.0009249231, 0.0008154279, 0.0007034164, 0.00058954605, 0.0005320886, 0.00041619843, 0.00029893566, 0.00023958276, 0.00011877672, -7.6045108e-06, -0.00014512146, -0.00021977043, -0.0003704275, 0, 0, 0, 0, 0, 0, 0, 0, 0, 0, 0, 0, 0, 0, 0, 0, 0, 0, 0, 0, 0, 0, 0, 0, 0, 0, 0, 0, 0, 0, 0, 0, 0, 0, 0, 0, 0, 0
0, 0, 0, 0, 0, 0, 0, 0, 0, 0, 0, 0, 0, 0, 0, 0, 0, 0, 0, 0, 0, 0, 0, 0, 0, 0, 0, 0, 0, 0, 0, 0, 0, 0, 0, 0, 0, 0, 0, -0.00034288198, -0.00018984792, -0.00011292544, 3.049142e-05, 0.00016303474, 0.00028948925, 0.0003511894, 0.00047226154, 0.00059066335, 0.0006491407, 0.0007648211, 0.0008791652, 0.0009922604, 0.0010481564, 0.001158142, 0.0012647663, 0.0013165238, 0.0014160282, 0.0015100179, 0.0015548908, 0.0016405631, 0.0017208129, 0.0017960789, 0.0018317989, 0.0018992338, 0.001960947, 0.001989423, 0.0020413226, 0.0020861921, 0.0021240627, 0.0021405264, 0.0021687616, 0.0021912397, 0.0022004484, 0.0022147186, 0.0022233753, 0.0022258314, 0.0022245827, 0.0022168045, 0.0022017963, 0.0021916188, 0.002166049, 0.00213389, 0.0021154857, 0.0020739946, 0.0020262084, 0.0019719796, 0.0019424125, 0.0018782618, 0.0018074578, 0.0017697217, 0.0016899797, 0.0016054934, 0.0015170928, 0.0014716674, 0.0013785491, 0.0012823896, 0.0012330586, 0.0011316822, 0.001026106, 0.00097168225, 0.0008596901, 0.0007439428, 0.00062542816, 0.00056536077, 0.00044437492, 0.00032226066, 0.00026070766, 0.00013561733, 4.94567e-06, -0.00013743604, -0.0002143944, -0.00036801677, 0, 0, 0, 0, 0, 0, 0, 0, 0, 0, 0, 0, 0, 0, 0, 0, 0, 0, 0, 0, 0, 0, 0, 0, 0, 0, 0, 0, 0, 0, 0, 0, 0, 0, 0, 0, 0, 0
0, 0, 0, 0, 0, 0, 0, 0, 0, 0, 0, 0, 0, 0, 0, 0, 0, 0, 0, 0, 0, 0, 0, 0, 0, 0, 0, 0, 0, 0, 0, 0, 0, 0, 0, 0, 0, 0, 0, -0.00035359323, -0.0001952119, -0.00011444981, 3.686311e-05, 0.00017642174, 0.0003083766, 0.0003723276, 0.0004968179, 0.000617748, 0.0006771737, 0.00079463667, 0.00091090176, 0.0010260479, 0.0010830689, 0.0011951186, 0.0013034829, 0.0013557491, 0.0014557638, 0.0015491887, 0.0015933872, 0.0016773583, 0.0017556421, 0.001829264, 0.0018644067, 0.0019312756, 0.0019932445, 0.0020220908, 0.0020751639, 0.0021214373, 0.002160666, 0.0021777134, 0.0022069286, 0.0022299415, 0.0022392431, 0.0022535054, 0.0022616964, 0.0022634782, 0.0022618002, 0.0022530032, 0.0022369479, 0.0022262295, 0.0021997974, 0.0021671415, 0.0021485307, 0.002106911, 0.0020593395, 0.0020052947, 0.001975792, 0.001911489, 0.0018403019, 0.0018022283, 0.0017216959, 0.0016362072, 0.0015470184, 0.0015012841, 0.0014078829, 0.0013118662, 0.0012627043, 0.0011616792, 0.0010563552, 0.0010019727, 0.00088963984, 0.00077318976, 0.0006535477, 0.00059291517, 0.0004707125, 0.00034738888, 0.00028524324, 0.00015867599, 2.555365e-05, -0.0001211746, -0.00020109252, -0.00036158258, 0, 0, 0, 0, 0, 0, 0, 0, 0, 0, 0, 0, 0, 0, 0, 0, 0, 0, 0, 0, 0, 0, 0, 0, 0, 0, 0, 0, 0, 0, 0, 0, 0, 0, 0, 0, 0, 0
0, 0, 0, 0, 0, 0, 0, 0, 0, 0, 0, 0, 0, 0, 0, 0, 0, 0, 0, 0, 0, 0, 0, 0, 0, 0, 0, 0, 0, 0, 0, 0, 0, 0, 0, 0, 0, 0, 0, -0.00035946103, -0.00019369165, -0.00010949774, 4.7711987e-05, 0.00019173244, 0.0003270347, 0.0003923035, 0.0005187907, 0.0006409229, 0.00070065894, 0.0008182909, 0.000934013, 0.0010480417, 0.0011042895, 0.0012146457, 0.0013209562, 0.0013721641, 0.0014699943, 0.0015611193, 0.001604161, 0.001685661, 0.0017616329, 0.0018329443, 0.001866962, 0.0019319445, 0.0019924326, 0.0020207993, 0.0020732242, 0.0021194078, 0.0021589953, 0.0021762631, 0.002205878, 0.00222921, 0.0022384895, 0.0022524646, 0.0022599837, 0.0022609532, 0.0022587844, 0.0022490595, 0.0022320896, 0.002221017, 0.002193952, 0.0021606174, 0.0021417553, 0.0020996297, 0.0020517125, 0.0019975977, 0.001968141, 0.0019042967, 0.0018339395, 0.0017964694, 0.0017174252, 0.0016335981, 0.0015461094, 0.0015011855, 0.0014092957, 0.0013145541, 0.001266042, 0.0011662395, 0.0010623642, 0.0010088262, 0.00089855684, 0.000784429, 0.00066740095, 0.00060805294, 0.00048825383, 0.00036710754, 0.00030572675, 0.00017986717, 4.5445246e-05, -0.00010540462, -0.000188553, -0.000356301, 0, 0, 0, 0, 0, 0, 0, 0, 0, 0, 0, 0, 0, 0, 0, 0, 0, 0, 0, 0, 0, 0, 0, 0, 0, 0, 0, 0, 0, 0, 0, 0, 0, 0, 0, 0, 0, 0
0, 0, 0, 0, 0, 0, 0, 0, 0, 0, 0, 0, 0, 0, 0, 0, 0, 0, 0, 0, 0, 0, 0, 0, 0, 0, 0, 0, 0, 0, 0, 0, 0, 0, 0, 0, 0, 0, 0, -0.00035893507, -0.00018711013, -0.00010034999, 5.9994934e-05, 0.0002050995, 0.00034062754, 0.00040581144, 0.0005321564, 0.00065378845, 0.0007130185, 0.00082887715, 0.000941751, 0.0010518422, 0.0011058083, 0.0012113278, 0.0013127185, 0.0013616442, 0.001455521, 0.0015435586, 0.0015853912, 0.0016647852, 0.0017388831, 0.0018081599, 0.0018410569, 0.0019034765, 0.001961234, 0.0019882529, 0.0020382947, 0.0020826494, 0.002121045, 0.0021379392, 0.002167041, 0.0021899743, 0.0021990552, 0.0022123735, 0.0022191477, 0.0022190143, 0.0022163303, 0.0022056566, 0.002187851, 0.0021763684, 0.0021484494, 0.002114212, 0.002094821, 0.0020515292, 0.0020025647, 0.001947778, 0.0019182658, 0.0018549359, 0.001786286, 0.001750075, 0.0016742939, 0.0015943901, 0.0015108068, 0.0014677735, 0.0013792112, 0.0012872159, 0.0012399296, 0.0011424811, 0.0010413533, 0.0009894496, 0.00088302116, 0.0007735228, 0.00066159246, 0.0006048136, 0.0004898034, 0.00037260805, 0.00031270212, 0.00018852204, 5.3588203e-05, -0.00010057716, -0.00018663183, -0.000361452, 0, 0, 0, 0, 0, 0, 0, 0, 0, 0, 0, 0, 0, 0, 0, 0, 0, 0, 0, 0, 0, 0, 0, 0, 0, 0, 0, 0, 0, 0, 0, 0, 0, 0, 0, 0, 0, 0
0, 0, 0, 0, 0, 0, 0, 0, 0, 0, 0, 0, 0, 0, 0, 0, 0, 0, 0, 0, 0, 0, 0, 0, 0, 0, 0, 0, 0, 0, 0, 0, 0, 0, 0, 0, 0, 0, 0, -0.00035824662, -0.0001821982, -9.437166e-05, 6.531796e-05, 0.00020774655, 0.00033990465, 0.0004035133, 0.0005269844, 0.0006458826, 0.00070372695, 0.0008161722, 0.000924499, 0.0010290311, 0.0010799082, 0.0011789463, 0.0012742602, 0.001320435, 0.0014097949, 0.0014946802, 0.0015354357, 0.0016132705, 0.0016860919, 0.0017536461, 0.001785536, 0.001845353, 0.0018998964, 0.0019252134, 0.0019720355, 0.0020136614, 0.0020500359, 0.0020662067, 0.002094242, 0.0021162974, 0.002124961, 0.0021373765, 0.002142988, 0.0021416417, 0.0021383609, 0.0021266637, 0.0021081138, 0.0020963107, 0.00206784, 0.002032918, 0.0020131005, 0.001968969, 0.0019189998, 0.0018636247, 0.0018340528, 0.001771516, 0.0017050992, 0.0016705242, 0.0015988252, 0.0015238603, 0.0014454095, 0.0014048232, 0.0013207407, 0.0012326431, 0.0011870461, 0.0010929293, 0.0009953643, 0.0009454102, 0.0008436346, 0.00073961687, 0.0006336651, 0.0005798816, 0.00047029334, 0.00035737996, 0.00029913103, 0.0001767915, 4.192281e-05, -0.00011402352, -0.00020175107, -0.00038356514, 0, 0, 0, 0, 0, 0, 0, 0, 0, 0, 0, 0, 0, 0, 0, 0, 0, 0, 0, 0, 0, 0, 0, 0, 0, 0, 0, 0, 0, 0, 0, 0, 0, 0, 0, 0, 0, 0
0, 0, 0, 0, 0, 0, 0, 0, 0, 0, 0, 0, 0, 0, 0, 0, 0, 0, 0, 0, 0, 0, 0, 0, 0, 0, 0, 0, 0, 0, 0, 0, 0, 0, 0, 0, 0, 0, 0, -0.0003686885, -0.00019039938, -0.00010352683, 5.224453e-05, 0.00018927733, 0.0003157597, 0.000376685, 0.0004951871, 0.0006094814, 0.0006650854, 0.00077293953, 0.000876133, 0.000974864, 0.001022699, 0.0011154076, 0.0012049132, 0.0012485547, 0.0013335616, 0.0014154086, 0.0014550161, 0.0015311443, 0.0016023676, 0.0016681221, 0.0016988312, 0.001755951, 0.0018074638, 0.0018312423, 0.0018752262, 0.0019147046, 0.0019495562, 0.0019651512, 0.0019923544, 0.0020136482, 0.0020218964, 0.002033203, 0.0020374071, 0.002034675, 0.0020307591, 0.0020181327, 0.001999222, 0.0019874652, 0.0019593695, 0.0019251483, 0.0019056749, 0.0018620789, 0.0018125614, 0.0017577355, 0.0017286239, 0.0016675603, 0.0016035555, 0.0015705822, 0.0015028605, 0.001432549, 0.0013589993, 0.0013208123, 0.0012412419, 0.001157205, 0.0011134911, 0.0010230233, 0.0009290982, 0.0008811619, 0.00078388484, 0.00068495487, 0.00058428996, 0.00053322566, 0.0004287841, 0.00032004298, 0.0002632997, 0.00014304991, 8.716787e-06, -0.00014748414, -0.00023510623, -0.000420767, 0, 0, 0, 0, 0, 0, 0, 0, 0, 0, 0, 0, 0, 0, 0, 0, 0, 0, 0, 0, 0, 0, 0, 0, 0, 0, 0, 0, 0, 0, 0, 0, 0, 0, 0, 0, 0, 0
0, 0, 0, 0, 0, 0, 0, 0, 0, 0, 0, 0, 0, 0, 0, 0, 0, 0, 0, 0, 0, 0, 0, 0, 0, 0, 0, 0, 0, 0, 0, 0, 0, 0, 0, 0, 0, 0, 0, -0.0003995976, -0.00022264537, -0.00013804717, 1.3471477e-05, 0.00014528322, 0.00026569303, 0.00032348017, 0.0004359094, 0.000544777, 0.0005977842, 0.0007006472, 0.00079892727, 0.0008925253, 0.00093781104, 0.001025487, 0.0011101909, 0.0011516107, 0.0012326848, 0.0013112793, 0.0013494216, 0.0014227653, 0.0014913732, 0.0015543727, 0.0015836613, 0.0016378798, 0.0016867925, 0.001709509, 0.0017517675, 0.0017902217, 0.0018246733, 0.0018402463, 0.0018674338, 0.0018883549, 0.0018962701, 0.0019065591, 0.001909316, 0.001905278, 0.0019008311, 0.0018875696, 0.0018689638, 0.0018577295, 0.001831274, 0.0017993175, 0.0017810873, 0.0017401007, 0.0016930724, 0.0016405703, 0.0016125774, 0.001553812, 0.0014923785, 0.0014608188, 0.0013962354, 0.0013293596, 0.0012595413, 0.0012232191, 0.0011473405, 0.0010667533, 0.0010247426, 0.00093758764, 0.00084714714, 0.00080105365, 0.00070754654, 0.0006127215, 0.00051650585, 0.00046766238, 0.00036771366, 0.00026324147, 0.00020843928, 9.1689595e-05, -4.0166953e-05, -0.00019414489, -0.00027791504, -0.0004158274, 0, 0, 0, 0, 0, 0, 0, 0, 0, 0, 0, 0, 0, 0, 0, 0, 0, 0, 0, 0, 0, 0, 0, 0, 0, 0, 0, 0, 0, 0, 0, 0, 0, 0, 0, 0, 0, 0
0, 0, 0, 0, 0, 0, 0, 0, 0, 0, 0, 0, 0, 0, 0, 0, 0, 0, 0, 0, 0, 0, 0, 0, 0, 0, 0, 0, 0, 0, 0, 0, 0, 0, 0, 0, 0, 0, 0, -0.00041058805, -0.0002760474, -0.00019460898, -4.592996e-05, 8.1433194e-05, 0.00019603771, 0.00025062094, 0.00035677248, 0.00045981433, 0.0005101056, 0.000607907, 0.0007016694, 0.0007910808, 0.00083426083, 0.00091800943, 0.0009989355, 0.0010384931, 0.001115878, 0.0011907961, 0.0012270723, 0.001296708, 0.0013616176, 0.0014211582, 0.0014488178, 0.0015001937, 0.0015468752, 0.0015688142, 0.0016101958, 0.001648421, 0.001683084, 0.0016987547, 0.0017261504, 0.0017469763, 0.001754646, 0.0017641728, 0.001765968, 0.0017609634, 0.0017562083, 0.001742921, 0.0017251009, 0.0017146369, 0.0016905074, 0.001661591, 0.0016451475, 0.0016079354, 0.0015646808, 0.0015157725, 0.0014894278, 0.0014336865, 0.0013748395, 0.0013445058, 0.0012822258, 0.0012176343, 0.0011501684, 0.0011150789, 0.0010418186, 0.0009641465, 0.00092365907, 0.0008397259, 0.0007526229, 0.0007082057, 0.0006181654, 0.00052683434, 0.0004343635, 0.00038747667, 0.0002917009, 0.0001919378, 0.0001397462, 2.8403188e-05, -9.817308e-05, -0.00024875285, -0.0003328538, -0.00047902684, 0, 0, 0, 0, 0, 0, 0, 0, 0, 0, 0, 0, 0, 0, 0, 0, 0, 0, 0, 0, 0, 0, 0, 0, 0, 0, 0, 0, 0, 0, 0, 0, 0, 0, 0, 0, 0, 0
0, 0, 0, 0, 0, 0, 0, 0, 0, 0, 0, 0, 0, 0, 0, 0, 0, 0, 0, 0, 0, 0, 0, 0, 0, 0, 0, 0, 0, 0, 0, 0, 0, 0, 0, 0, 0, 0, 0, -0.00049151486, -0.0003453888, -0.00026215328, -0.00011497971, 7.639194e-06, 0.000116248404, 0.00016759701, 0.0002673515, 0.00036421814, 0.00041159993, 0.0005042288, 0.0005933494, 0.00067873416, 0.00072012376, 0.0008004762, 0.0008780863, 0.00091595476, 0.0009898874, 0.0010610819, 0.0010954582, 0.0011612702, 0.0012225178, 0.0012787181, 0.0013049201, 0.0013538972, 0.0013989194, 0.0014201874, 0.0014605745, 0.0014981548, 0.0015323202, 0.0015477793, 0.001574671, 0.0015948929, 0.0016022718, 0.0016112509, 0.0016127512, 0.0016076182, 0.0016030326, 0.001590326, 0.001573711, 0.0015640637, 0.0015419971, 0.0015156885, 0.0015007926, 0.0014669101, 0.0014272777, 0.0013820209, 0.001357452, 0.0013050227, 0.0012488837, 0.0012197121, 0.0011595128, 0.0010967243, 0.0010310758, 0.0009969982, 0.00092603144, 0.00085112295, 0.0008122032, 0.00073165173, 0.00064818194, 0.00060561794, 0.00051924266, 0.00043162098, 0.00034287138, 0.000297925, 0.00020642192, 0.00011164113, 6.22052e-05, -4.325717e-05, -0.0001640565, -0.0003098975, -0.00039385917, -0.0005664658, 0, 0, 0, 0, 0, 0, 0, 0, 0, 0, 0, 0, 0, 0, 0, 0, 0, 0, 0, 0, 0, 0, 0, 0, 0, 0, 0, 0, 0, 0, 0, 0, 0, 0, 0, 0, 0, 0
0, 0, 0, 0, 0, 0, 0, 0, 0, 0, 0, 0, 0, 0, 0, 0, 0, 0, 0, 0, 0, 0, 0, 0, 0, 0, 0, 0, 0, 0, 0, 0, 0, 0, 0, 0, 0, 0, 0, -0.00059538987, -0.0004189242, -0.0003338205, -0.00018852264, -7.0614784e-05, 3.1681237e-05, 7.9747464e-05, 0.00017268556, 0.00026289086, 0.00030719393, 0.00039389395, 0.000477936, 0.0005588978, 0.0005983333, 0.0006750775, 0.00074929016, 0.0007855325, 0.00085620576, 0.0009242411, 0.00095701823, 0.0010198526, 0.001078504, 0.0011325112, 0.0011578063, 0.0012052334, 0.0012488338, 0.0012693863, 0.0013082714, 0.0013441185, 0.001376251, 0.0013906984, 0.0014156546, 0.001434491, 0.0014413701, 0.0014499516, 0.0014519554, 0.001447937, 0.0014439813, 0.0014328393, 0.0014177955, 0.0014089309, 0.0013883444, 0.0013636479, 0.0013496056, 0.0013177592, 0.0012806564, 0.0012383595, 0.001215359, 0.0011659962, 0.0011128975, 0.0010851242, 0.0010273942, 0.00096688885, 0.0009035282, 0.0008707339, 0.0008023998, 0.0007306986, 0.00069354486, 0.0006170023, 0.0005377972, 0.00049739436, 0.0004153466, 0.00033197278, 0.00024745057, 0.00020472775, 0.00011799337, 2.8351473e-05, -1.8255549e-05, -0.00011858378, -0.0002350679, -0.00037419325, -0.00044541952, 0, 0, 0, 0, 0, 0, 0, 0, 0, 0, 0, 0, 0, 0, 0, 0, 0, 0, 0, 0, 0, 0, 0, 0, 0, 0, 0, 0, 0, 0, 0, 0, 0, 0, 0, 0, 0, 0, 0
0, 0, 0, 0, 0, 0, 0, 0, 0, 0, 0, 0, 0, 0, 0, 0, 0, 0, 0, 0, 0, 0, 0, 0, 0, 0, 0, 0, 0, 0, 0, 0, 0, 0, 0, 0, 0, 0, 0, 0, -0.00048076228, -0.0004069366, -0.00026632028, -0.00015290054, -5.7318404e-05, -1.29253185e-05, 7.2440314e-05, 0.00015538615, 0.00019622174, 0.0002765076, 0.0003546721, 0.00043049842, 0.00046760903, 0.00054012873, 0.00061059, 0.0006451307, 0.00071256276, 0.00077788264, 0.0008094713, 0.0008703489, 0.00092752837, 0.0009805457, 0.0010053971, 0.0010519588, 0.0010943644, 0.0011141372, 0.0011509066, 0.0011839434, 0.0012129433, 0.001225807, 0.001247869, 0.0012647312, 0.001271118, 0.0012797094, 0.0012829644, 0.0012811391, 0.001278451, 0.0012698085, 0.0012569553, 0.0012489486, 0.0012297592, 0.0012062035, 0.0011926364, 0.0011619491, 0.0011264833, 0.0010864201, 0.0010647904, 0.0010184993, 0.00096876814, 0.0009426732, 0.00088833267, 0.0008310904, 0.0007709102, 0.00073966867, 0.00067488453, 0.000606991, 0.00057192415, 0.00049973547, 0.0004252333, 0.00038732286, 0.0003102932, 0.00023205063, 0.00015263857, 0.00011252565, 3.12239e-05, -5.270859e-05, -9.6579526e-05, -0.00019193641, -0.00030667015, -0.0004508577, -0.0005279847, 0, 0, 0, 0, 0, 0, 0, 0, 0, 0, 0, 0, 0, 0, 0, 0, 0, 0, 0, 0, 0, 0, 0, 0, 0, 0, 0, 0, 0, 0, 0, 0, 0, 0, 0, 0, 0, 0, 0
0, 0, 0, 0, 0, 0, 0, 0, 0, 0, 0, 0, 0, 0, 0, 0, 0, 0, 0, 0, 0, 0, 0, 0, 0, 0, 0, 0, 0, 0, 0, 0, 0, 0, 0, 0, 0, 0, 0, 0, -0.00058285764, -0.00049739337, -0.00034927533, -0.00023999489, -0.00015241736, -0.000112337635, -3.5317415e-05, 3.990189e-05, 7.712455e-05, 0.00015066439, 0.00022267642, 0.0002928799, 0.00032728835, 0.00039495574, 0.00046096748, 0.0004934747, 0.00055736885, 0.00061965396, 0.00065001607, 0.00070892624, 0.0007647189, 0.0008168056, 0.00084126694, 0.00088705064, 0.00092829444, 0.00094724016, 0.0009818104, 0.0010119696, 0.0010378432, 0.0010491908, 0.0010686582, 0.0010839408, 0.0010900536, 0.0010991292, 0.0011041214, 0.0011049822, 0.001103829, 0.0010982995, 0.0010882176, 0.0010814446, 0.001064256, 0.0010422483, 0.0010294165, 0.0010002741, 0.0009667439, 0.00092912314, 0.0009089278, 0.00086608954, 0.00082014315, 0.0007960377, 0.00074567815, 0.0006923079, 0.00063596346, 0.0006066459, 0.0005458041, 0.00048203926, 0.00044917173, 0.00038163425, 0.00031218262, 0.00027687036, 0.00020522806, 0.00013258324, 5.904021e-05, 2.1940348e-05, -5.3195974e-05, -0.00013057135, -0.00017126309, -0.0002611491, -0.00037491458, -0.0005319384, -0.00062407454, 0, 0, 0, 0, 0, 0, 0, 0, 0, 0, 0, 0, 0, 0, 0, 0, 0, 0, 0, 0, 0, 0, 0, 0, 0, 0, 0, 0, 0, 0, 0, 0, 0, 0, 0, 0, 0, 0, 0
0, 0, 0, 0, 0, 0, 0, 0, 0, 0, 0, 0, 0, 0, 0, 0, 0, 0, 0, 0, 0, 0, 0, 0, 0, 0, 0, 0, 0, 0, 0, 0, 0, 0, 0, 0, 0, 0, 0, 0, -0.0006913782, -0.00058641477, -0.00043316017, -0.00033143422, -0.00025346447, -0.0002181853, -0.00014994404, -8.2498314e-05, -4.8898615e-05, 1.7984421e-05, 8.395204e-05, 0.00014834834, 0.0001800213, 0.00024228575, 0.0003033147, 0.00033340574, 0.00039272546, 0.00045089828, 0.00047947498, 0.0005350862, 0.0005883161, 0.00063835067, 0.00066200685, 0.00070618273, 0.00074597815, 0.0007641278, 0.00079695473, 0.00082524895, 0.0008491533, 0.0008596306, 0.00087778113, 0.000892437, 0.0008985353, 0.0009084121, 0.00091501046, 0.000918158, 0.0009183462, 0.00091556506, 0.000908358, 0.0009029992, 0.0008886584, 0.00086934015, 0.0008579768, 0.0008318132, 0.00080154435, 0.00076748285, 0.0007491577, 0.000710209, 0.00066825096, 0.0006461564, 0.0005997845, 0.0005503161, 0.0004978451, 0.00047049765, 0.00041363164, 0.00035405153, 0.00032337554, 0.00026052602, 0.00019598061, 0.00016333521, 9.721711e-05, 3.0417385e-05, -3.6850466e-05, -7.0723356e-05, -0.00013891226, -0.0002090066, -0.0002458806, -0.00032827363, -0.00043689794, -0.0006010372, -0.00071452564, 0, 0, 0, 0, 0, 0, 0, 0, 0, 0, 0, 0, 0, 0, 0, 0, 0, 0, 0, 0, 0, 0, 0, 0, 0, 0, 0, 0, 0, 0, 0, 0, 0, 0, 0, 0, 0, 0, 0
0, 0, 0, 0, 0, 0, 0, 0, 0, 0, 0, 0, 0, 0, 0, 0, 0, 0, 0, 0, 0, 0, 0, 0, 0, 0, 0, 0, 0, 0, 0, 0, 0, 0, 0, 0, 0, 0, 0, 0, -0.0006847595, -0.00063298724, -0.0005140952, -0.00042575, -0.00035842933, -0.00032791556, -0.00026839742, -0.00020859203, -0.00017844734, -0.000117896016, -5.790703e-05, 1.056938e-06, 3.0008436e-05, 8.698006e-05, 0.00014265052, 0.00017002696, 0.00022397192, 0.0002769288, 0.0003028662, 0.00035366786, 0.00040246578, 0.000448768, 0.00047080757, 0.00051235675, 0.0005501441, 0.0005675531, 0.00059922296, 0.00062672835, 0.0006502424, 0.0006606194, 0.0006786732, 0.0006935379, 0.0006998144, 0.0007101012, 0.0007173673, 0.0007215823, 0.00072241505, 0.0007213341, 0.0007163951, 0.0007123507, 0.0007011598, 0.0006857361, 0.000676433, 0.0006547445, 0.0006291001, 0.0005996212, 0.00058353774, 0.00054877467, 0.0005107107, 0.00049046165, 0.00044757043, 0.0004015896, 0.00035270498, 0.00032725942, 0.00027429676, 0.00021901046, 0.00019057209, 0.00013243892, 7.2874296e-05, 4.2718246e-05, -1.802013e-05, -7.907871e-05, -0.00014022893, -0.00017073625, -0.00023180059, -0.00029397194, -0.00032645673, -0.00039937953, -0.00049504056, -0.00062127475, -0.0006754567, 0, 0, 0, 0, 0, 0, 0, 0, 0, 0, 0, 0, 0, 0, 0, 0, 0, 0, 0, 0, 0, 0, 0, 0, 0, 0, 0, 0, 0, 0, 0, 0, 0, 0, 0, 0, 0, 0, 0
0, 0, 0, 0, 0, 0, 0, 0, 0, 0, 0, 0, 0, 0, 0, 0, 0, 0, 0, 0, 0, 0, 0, 0, 0, 0, 0, 0, 0, 0, 0, 0, 0, 0, 0, 0, 0, 0, 0, 0, -0.0007867634, -0.0007280001, -0.0006071751, -0.00052487705, -0.0004659132, -0.00043963036, -0.00038808293, -0.0003356236, -0.0003088573, -0.00025466157, -0.00020036848, -0.00014667779, -0.00012020324, -6.826066e-05, -1.7589402e-05, 7.221932e-06, 5.5856573e-05, 0.0001031271, 0.00012626195, 0.00017139869, 0.00021474504, 0.00025613193, 0.00027601802, 0.00031406403, 0.00034940313, 0.00036593643, 0.0003965388, 0.00042366856, 0.0004473523, 0.0004578872, 0.00047629376, 0.0004913062, 0.0004975106, 0.0005075845, 0.0005145002, 0.0005184465, 0.00051927584, 0.00051870075, 0.0005151302, 0.0005121835, 0.00050385424, 0.000492319, 0.00048525617, 0.0004685188, 0.00044791453, 0.000423352, 0.00040957564, 0.0003788758, 0.00034440972, 0.0003257852, 0.000286054, 0.00024327033, 0.00019795456, 0.00017436428, 0.0001256421, 7.4919524e-05, 4.8898408e-05, -4.2899082e-06, -5.8716014e-05, -8.633451e-05, -0.00014207295, -0.00019799116, -0.00025356162, -0.000281094, -0.00033554054, -0.00039017037, -0.00041857414, -0.00048314137, -0.000571978, -0.0006976187, -0.0007568924, 0, 0, 0, 0, 0, 0, 0, 0, 0, 0, 0, 0, 0, 0, 0, 0, 0, 0, 0, 0, 0, 0, 0, 0, 0, 0, 0, 0, 0, 0, 0, 0, 0, 0, 0, 0, 0, 0, 0
0, 0, 0, 0, 0, 0, 0, 0, 0, 0, 0, 0, 0, 0, 0, 0, 0, 0, 0, 0, 0, 0, 0, 0, 0, 0, 0, 0, 0, 0, 0, 0, 0, 0, 0, 0, 0, 0, 0, 0, -0.00090876716, -0.00084195874, -0.0007110231, -0.00062937755, -0.00057580386, -0.00055289204, -0.0005084263, -0.00046289858, -0.00043955265, -0.0003918492, -0.00034344534, -0.00029494058, -0.0002708715, -0.00022338566, -0.0001770575, -0.00015442335, -0.000110355046, -6.7832094e-05, -4.722693e-05, -7.2821126e-06, 3.104712e-05, 6.779011e-05, 8.555228e-05, 0.00011988081, 0.00015217644, 0.00016755727, 0.00019639383, 0.00022244807, 0.00024540102, 0.00025564304, 0.0002735823, 0.00028801497, 0.0002939497, 0.00030336663, 0.00030950963, 0.00031285637, 0.00031349924, 0.00031300442, 0.00031025606, 0.00030808308, 0.00030196476, 0.00029348067, 0.0002882892, 0.0002756145, 0.00025941586, 0.0002392969, 0.0002276072, 0.00020090022, 0.00016994681, 0.00015298421, 0.00011646012, 7.7199606e-05, 3.5657056e-05, 1.42385625e-05, -2.9855377e-05, -7.543425e-05, -9.875486e-05, -0.00014655293, -0.00019576018, -0.00022084745, -0.00027184797, -0.00032328287, -0.00037434336, -0.000399547, -0.00044884163, -0.000497499, -0.00052276836, -0.0005815445, -0.00066849974, -0.00080238783, -0.0008688797, 0, 0, 0, 0, 0, 0, 0, 0, 0, 0, 0, 0, 0, 0, 0, 0, 0, 0, 0, 0, 0, 0, 0, 0, 0, 0, 0, 0, 0, 0, 0, 0, 0, 0, 0, 0, 0, 0, 0
0, 0, 0, 0, 0, 0, 0, 0, 0, 0, 0, 0, 0, 0, 0, 0, 0, 0, 0, 0, 0, 0, 0, 0, 0, 0, 0, 0, 0, 0, 0, 0, 0, 0, 0, 0, 0, 0, 0, 0, -0.0010400652, -0.0009656842, -0.0008223142, -0.0007375241, -0.0006866967, -0.00066624844, -0.0006279182, -0.00058929797, -0.0005694215, -0.00052844826, -0.00048619896, -0.00044305885, -0.00042135813, -0.00037816976, -0.00033577692, -0.0003150061, -0.0002746287, -0.00023593052, -0.00021727118, -0.00018120129, -0.00014667983, -0.00011358802, -9.7562246e-05, -6.673178e-05, -3.7600774e-05, -2.378013e-05, 2.0885655e-06, 2.5438301e-05, 4.5926245e-05, 5.5080658e-05, 7.112093e-05, 8.415014e-05, 8.960924e-05, 9.8450866e-05, 0.00010455526, 0.00010813106, 0.00010905943, 0.000109255474, 0.000107445376, 0.00010586172, 0.00010126558, 9.477078e-05, 9.0758826e-05, 8.077964e-05, 6.7962814e-05, 5.151041e-05, 4.1751755e-05, 1.9029836e-05, -7.892601e-06, -2.2906377e-05, -5.544883e-05, -9.071267e-05, -0.00012790294, -0.00014704202, -0.00018616853, -0.00022631092, -0.00024687228, -0.00028893564, -0.00033265701, -0.00035522162, -0.0004014513, -0.0004487495, -0.0004960818, -0.0005194516, -0.00056510855, -0.00061007903, -0.0006334954, -0.00068989175, -0.00077894283, -0.0009236362, -0.0009971493, 0, 0, 0, 0, 0, 0, 0, 0, 0, 0, 0, 0, 0, 0, 0, 0, 0, 0, 0, 0, 0, 0, 0, 0, 0, 0, 0, 0, 0, 0, 0, 0, 0, 0, 0, 0, 0, 0, 0
0, 0, 0, 0, 0, 0, 0, 0, 0, 0, 0, 0, 0, 0, 0, 0, 0, 0, 0, 0, 0, 0, 0, 0, 0, 0, 0, 0, 0, 0, 0, 0, 0, 0, 0, 0, 0, 0, 0, 0, -0.0011954637, -0.0011078137, -0.0009385963, -0.00084291934, -0.0007920551, -0.0007737008, -0.0007415448, -0.0007100763, -0.0006938161, -0.00065996486, -0.00062406994, -0.00058664323, -0.00056755374, -0.0005290533, -0.00049090426, -0.00047213607, -0.0004356019, -0.00040063408, -0.00038374297, -0.00035101429, -0.00031961495, -0.00028953538, -0.00027501595, -0.00024721076, -0.00022144383, -0.0002094318, -0.00018738554, -0.00016808536, -0.00015151288, -0.00014416022, -0.00013106351, -0.00011989798, -0.00011491352, -0.00010617836, -9.9131656e-05, -9.400323e-05, -9.223364e-05, -9.0429145e-05, -9.08813e-05, -9.190589e-05, -9.543614e-05, -0.000100885176, -0.00010427717, -0.00011259245, -0.0001230988, -0.00013620316, -0.0001440117, -0.00016241682, -0.00018466517, -0.00019723093, -0.0002249273, -0.00025554546, -0.00028809794, -0.00030481565, -0.0003390135, -0.00037391606, -0.00039168954, -0.00042802453, -0.00046595943, -0.0004856479, -0.00052640896, -0.00056876894, -0.0006117685, -0.000633156, -0.0006751847, -0.000717392, -0.00074007746, -0.0007979508, -0.00089753716, -0.0010665224, -0.001152564, 0, 0, 0, 0, 0, 0, 0, 0, 0, 0, 0, 0, 0, 0, 0, 0, 0, 0, 0, 0, 0, 0, 0, 0, 0, 0, 0, 0, 0, 0, 0, 0, 0, 0, 0, 0, 0, 0, 0
0, 0, 0, 0, 0, 0, 0, 0, 0, 0, 0, 0, 0, 0, 0, 0, 0, 0, 0, 0, 0, 0, 0, 0, 0, 0, 0, 0, 0, 0, 0, 0, 0, 0, 0, 0, 0, 0, 0, 0, -0.0014023111, -0.0012768308, -0.0010457725, -0.0009306911, -0.000880701, -0.0008656354, -0.0008417127, -0.00081871095, -0.00080654037, -0.00078009366, -0.0007510129, -0.000719841, -0.0007037116, -0.00067089824, -0.0006381725, -0.00062210736, -0.0005907294, -0.00056070636, -0.00054613606, -0.00051754754, -0.0004899225, -0.0004631635, -0.0004502245, -0.00042559506, -0.0004032162, -0.00039305034, -0.00037495795, -0.00035979293, -0.00034730442, -0.0003418288, -0.00033185104, -0.0003225402, -0.00031798266, -0.00030913384, -0.00030081428, -0.0002938561, -0.0002911332, -0.0002875877, -0.00028670882, -0.00028733528, -0.0002903624, -0.0002954431, -0.00029863027, -0.00030597675, -0.0003145127, -0.00032465538, -0.00033048788, -0.00034432398, -0.00036137822, -0.0003712886, -0.0003936182, -0.00041903512, -0.00044670628, -0.00046102612, -0.0004903887, -0.0005201051, -0.0005350255, -0.000565322, -0.0005965892, -0.000612726, -0.000646265, -0.00068139425, -0.00071742537, -0.0007355014, -0.0007714647, -0.0008086953, -0.00082984305, -0.00088986725, -0.0010102023, -0.0012388766, -0.0013608432, 0, 0, 0, 0, 0, 0, 0, 0, 0, 0, 0, 0, 0, 0, 0, 0, 0, 0, 0, 0, 0, 0, 0, 0, 0, 0, 0, 0, 0, 0, 0, 0, 0, 0, 0, 0, 0, 0, 0
0, 0, 0, 0, 0, 0, 0, 0, 0, 0, 0, 0, 0, 0, 0, 0, 0, 0, 0, 0, 0, 0, 0, 0, 0, 0, 0, 0, 0, 0, 0, 0, 0, 0, 0, 0, 0, 0, 0, 0, -0.0016829063, -0.0014232908, -0.0011037623, -0.0009848198, -0.0009459801, -0.0009371874, -0.0009250464, -0.00091221195, -0.00090459245, -0.0008864361, -0.00086490053, -0.0008409291, -0.0008283688, -0.00080269197, -0.000777169, -0.0007646079, -0.0007402537, -0.00071692123, -0.0007054888, -0.0006828493, -0.0006602977, -0.0006379379, -0.0006269632, -0.00060601975, -0.0005870584, -0.0005785742, -0.0005637643, -0.0005518208, -0.00054227293, -0.0005381182, -0.0005303549, -0.00052258704, -0.0005184972, -0.00050989847, -0.0005013206, -0.00049372565, -0.0004906854, -0.00048661523, -0.00048560282, -0.00048627114, -0.0004896338, -0.00049507944, -0.0004982316, -0.0005051302, -0.000512221, -0.000519774, -0.0005239007, -0.00053351215, -0.0005455988, -0.00055283314, -0.0005697415, -0.000589656, -0.0006120073, -0.0006237498, -0.0006477757, -0.00067173113, -0.0006834697, -0.00070662727, -0.00072947046, -0.00074103154, -0.0007646425, -0.000789062, -0.00081409526, -0.00082670944, -0.00085189677, -0.0008789101, -0.0008955096, -0.0009496699, -0.0010800369, -0.0013968169, -0.0016442398, 0, 0, 0, 0, 0, 0, 0, 0, 0, 0, 0, 0, 0, 0, 0, 0, 0, 0, 0, 0, 0, 0, 0, 0, 0, 0, 0, 0, 0, 0, 0, 0, 0, 0, 0, 0, 0, 0, 0
0, 0, 0, 0, 0, 0, 0, 0, 0, 0, 0, 0, 0, 0, 0, 0, 0, 0, 0, 0, 0, 0, 0, 0, 0, 0, 0, 0, 0, 0, 0, 0, 0, 0, 0, 0, 0, 0, 0, 0, 0, -0.0012224851, -0.0010912004, -0.0010178087, -0.0009987379, -0.00099731, -0.000997698, -0.0009958108, -0.000993137, -0.0009844723, -0.0009720387, -0.0009568592, -0.00094865536, -0.0009317228, -0.0009148633, -0.00090666534, -0.00089073076, -0.00087518716, -0.0008674504, -0.0008517316, -0.00083538616, -0.00081846735, -0.0008099591, -0.0007932489, -0.00077779376, -0.00077074324, -0.00075843127, -0.0007483922, -0.00074014685, -0.0007365511, -0.0007297293, -0.0007229163, -0.0007192927, -0.0007118475, -0.00070460176, -0.0006984622, -0.0006961862, -0.00069363526, -0.00069412973, -0.00069551746, -0.00070017454, -0.00070657703, -0.0007100263, -0.0007169281, -0.0007233021, -0.0007292245, -0.00073218584, -0.0007386014, -0.0007466696, -0.0007515524, -0.00076327665, -0.00077755906, -0.00079391355, -0.0008025533, -0.00081994734, -0.0008364935, -0.000844246, -0.0008583741, -0.00087081594, -0.000876529, -0.00088730187, -0.0008976007, -0.00090759154, -0.00091247365, -0.00092231674, -0.0009346683, -0.00094437937, -0.0009847073, -0.001084696, -0.0012358838, 0, 0, 0, 0, 0, 0, 0, 0, 0, 0, 0, 0, 0, 0, 0, 0, 0, 0, 0, 0, 0, 0, 0, 0, 0, 0, 0, 0, 0, 0, 0, 0, 0, 0, 0, 0, 0, 0, 0, 0
0, 0, 0, 0, 0, 0, 0, 0, 0, 0, 0, 0, 0, 0, 0, 0, 0, 0, 0, 0, 0, 0, 0, 0, 0, 0, 0, 0, 0, 0, 0, 0, 0, 0, 0, 0, 0, 0, 0, 0, 0, -0.0013261706, -0.0011658426, -0.0010790363, -0.0010600098, -0.0010617182, -0.0010714437, -0.0010805293, -0.0010836165, -0.0010864704, -0.0010852498, -0.0010811108, -0.0010782545, -0.0010717353, -0.0010646115, -0.0010610153, -0.0010537682, -0.001046126, -0.0010420487, -0.0010331193, -0.0010230233, -0.0010119114, -0.0010060288, -0.0009940302, -0.000982254, -0.0009766681, -0.00096637895, -0.0009573102, -0.00094940467, -0.00094581157, -0.00093893224, -0.00093258044, -0.0009294558, -0.00092359027, -0.0009187534, -0.00091556355, -0.00091477094, -0.0009151361, -0.0009182942, -0.0009208068, -0.0009272471, -0.0009348188, -0.00093870633, -0.0009461162, -0.0009525344, -0.0009579599, -0.00096041773, -0.0009652321, -0.0009705399, -0.00097361824, -0.0009806625, -0.0009891225, -0.000998608, -0.0010034128, -0.0010125024, -0.0010198617, -0.0010226455, -0.001026001, -0.001026278, -0.0010253479, -0.0010214796, -0.0010154495, -0.0010076613, -0.0010033259, -0.0009944905, -0.0009898142, -0.0009932095, -0.0010319137, -0.0011624583, -0.0013880162, 0, 0, 0, 0, 0, 0, 0, 0, 0, 0, 0, 0, 0, 0, 0, 0, 0, 0, 0, 0, 0, 0, 0, 0, 0, 0, 0, 0, 0, 0, 0, 0, 0, 0, 0, 0, 0, 0, 0, 0
0, 0, 0, 0, 0, 0, 0, 0, 0, 0, 0, 0, 0, 0, 0, 0, 0, 0, 0, 0, 0, 0, 0, 0, 0, 0, 0, 0, 0, 0, 0, 0, 0, 0, 0, 0, 0, 0, 0, 0, 0, -0.001571752, -0.0013082912, -0.0011636345, -0.0011315309, -0.0011348058, -0.0011546019, -0.0011773801, -0.001187737, -0.001205035, -0.0012178178, -0.0012269125, -0.0012303167, -0.0012354547, -0.001238787, -0.0012398255, -0.0012408347, -0.001240278, -0.0012394661, -0.0012366445, -0.0012323324, -0.0012267547, -0.0012234966, -0.0012163488, -0.0012086043, -0.0012046442, -0.0011966623, -0.0011887609, -0.0011810174, -0.0011772802, -0.0011701038, -0.00116372, -0.001160936, -0.0011565371, -0.0011540295, -0.001153649, -0.0011543821, -0.0011576449, -0.001163168, -0.0011666197, -0.0011744094, -0.0011827819, -0.0011869805, -0.0011949118, -0.0012019107, -0.0012077517, -0.0012102983, -0.0012146933, -0.0012183269, -0.0012199573, -0.0012229318, -0.0012255585, -0.0012275645, -0.001228104, -0.0012277918, -0.0012249786, -0.0012223127, -0.0012143384, -0.0012022514, -0.0011946105, -0.001176124, -0.0011534854, -0.0011270558, -0.0011125687, -0.0010822611, -0.0010559139, -0.0010497262, -0.0010792972, -0.0012471692, -0.0016838782, 0, 0, 0, 0, 0, 0, 0, 0, 0, 0, 0, 0, 0, 0, 0, 0, 0, 0, 0, 0, 0, 0, 0, 0, 0, 0, 0, 0, 0, 0, 0, 0, 0, 0, 0, 0, 0, 0, 0, 0
0, 0, 0, 0, 0, 0, 0, 0, 0, 0, 0, 0, 0, 0, 0, 0, 0, 0, 0, 0, 0, 0, 0, 0, 0, 0, 0, 0, 0, 0, 0, 0, 0, 0, 0, 0, 0, 0, 0, 0, 0, -0.0019182173, -0.0014139367, -0.0012271472, -0.0012023122, -0.0012141374, -0.0012530286, -0.0012947867, -0.0013141106, -0.001348436, -0.0013770928, -0.001400775, -0.0014109563, -0.0014284826, -0.0014424446, -0.0014481609, -0.0014572267, -0.0014634875, -0.0014656289, -0.0014683866, -0.0014693274, -0.0014688883, -0.001468252, -0.0014660655, -0.0014627463, -0.001460669, -0.0014557727, -0.0014497342, -0.001442873, -0.0014393443, -0.001432372, -0.0014261449, -0.0014236269, -0.0014200573, -0.0014188666, -0.00142021, -0.0014218012, -0.0014265726, -0.0014330958, -0.0014368448, -0.0014448118, -0.0014531194, -0.0014572451, -0.0014652245, -0.0014725706, -0.0014789185, -0.0014816875, -0.0014859643, -0.0014883602, -0.0014887962, -0.0014880475, -0.00148506, -0.0014797606, -0.0014761665, -0.0014668403, -0.0014543997, -0.0014467866, -0.0014285478, -0.0014055455, -0.0013920552, -0.0013608237, -0.0013234025, -0.0012794479, -0.0012550605, -0.001202405, -0.0011501334, -0.0011292635, -0.0011210026, -0.001197218, 0, 0, 0, 0, 0, 0, 0, 0, 0, 0, 0, 0, 0, 0, 0, 0, 0, 0, 0, 0, 0, 0, 0, 0, 0, 0, 0, 0, 0, 0, 0, 0, 0, 0, 0, 0, 0, 0, 0, 0, 0
0, 0, 0, 0, 0, 0, 0, 0, 0, 0, 0, 0, 0, 0, 0, 0, 0, 0, 0, 0, 0, 0, 0, 0, 0, 0, 0, 0, 0, 0, 0, 0, 0, 0, 0, 0, 0, 0, 0, 0, 0, 0, -0.0013379927, -0.0012636256, -0.0012837929, -0.0013115766, -0.0013765383, -0.0014394767, -0.0014681099, -0.0015194172, -0.0015634515, -0.0016012745, -0.0016180056, -0.0016476758, -0.0016723337, -0.001682841, -0.0017004508, -0.0017139274, -0.0017192914, -0.001727865, -0.0017342527, -0.0017389727, -0.0017408233, -0.0017435664, -0.0017448846, -0.001744942, -0.00174377, -0.0017406734, -0.001736073, -0.0017333736, -0.0017276949, -0.0017224579, -0.0017203337, -0.0017174734, -0.001716957, -0.0017188267, -0.0017205916, -0.0017253611, -0.0017314568, -0.0017347415, -0.0017417588, -0.0017488706, -0.0017524243, -0.0017594115, -0.001766062, -0.0017718698, -0.0017742764, -0.0017775332, -0.0017781227, -0.0017772625, -0.0017728329, -0.0017649279, -0.0017534788, -0.0017464272, -0.0017298063, -0.0017096787, -0.0016982043, -0.0016719864, -0.0016406327, -0.0016227326, -0.0015816801, -0.0015326404, -0.0014745082, -0.0014418716, -0.0013703181, -0.0012962503, -0.001263999, -0.0012354128, -0.0013052392, 0, 0, 0, 0, 0, 0, 0, 0, 0, 0, 0, 0, 0, 0, 0, 0, 0, 0, 0, 0, 0, 0, 0, 0, 0, 0, 0, 0, 0, 0, 0, 0, 0, 0, 0, 0, 0, 0, 0, 0, 0
0, 0, 0, 0, 0, 0, 0, 0, 0, 0, 0, 0, 0, 0, 0, 0, 0, 0, 0, 0, 0, 0, 0, 0, 0, 0, 0, 0, 0, 0, 0, 0, 0, 0, 0, 0, 0, 0, 0, 0, 0, 0, -0.0014416524, -0.0013750246, -0.001414753, -0.0014527888, -0.0015366423, -0.0016156834, -0.0016515494, -0.001716209, -0.00177275, -0.00182242, -0.0018449285, -0.0018856473, -0.001920646, -0.0019360572, -0.0019628636, -0.001984589, -0.0019937826, -0.0020092526, -0.0020216668, -0.0020319263, -0.002036301, -0.0020439047, -0.0020498682, -0.002052144, -0.0020552338, -0.0020561886, -0.0020552373, -0.0020541495, -0.0020513898, -0.0020485418, -0.002047364, -0.002046023, -0.0020463278, -0.0020483772, -0.0020499947, -0.0020540836, -0.0020588748, -0.0020613498, -0.0020664292, -0.0020713387, -0.0020737178, -0.0020782824, -0.0020823572, -0.0020855586, -0.0020865197, -0.002086858, -0.002084221, -0.0020816112, -0.0020733653, -0.002061043, -0.002044789, -0.0020351321, -0.0020132232, -0.001987528, -0.001973249, -0.0019412125, -0.0019038892, -0.001882762, -0.0018347027, -0.001777548, -0.0017098105, -0.0016716336, -0.0015874322, -0.0014995189, -0.0014609547, -0.0014268574, -0.0015118024, 0, 0, 0, 0, 0, 0, 0, 0, 0, 0, 0, 0, 0, 0, 0, 0, 0, 0, 0, 0, 0, 0, 0, 0, 0, 0, 0, 0, 0, 0, 0, 0, 0, 0, 0, 0, 0, 0, 0, 0, 0
0, 0, 0, 0, 0, 0, 0, 0, 0, 0, 0, 0, 0, 0, 0, 0, 0, 0, 0, 0, 0, 0, 0, 0, 0, 0, 0, 0, 0, 0, 0, 0, 0, 0, 0, 0, 0, 0, 0, 0, 0, 0, -0.0016662376, -0.0015705617, -0.001602632, -0.0016416286, -0.0017315386, -0.0018188521, -0.0018592437, -0.0019330874, -0.0019988501, -0.0020578403, -0.0020850906, -0.0021352964, -0.0021799104, -0.0022001578, -0.0022363928, -0.002267222, -0.0022807005, -0.002304154, -0.0023236016, -0.0023398243, -0.0023469299, -0.0023595802, -0.0023702958, -0.0023749617, -0.002382877, -0.0023887812, -0.002392819, -0.0023942327, -0.0023960902, -0.0023972504, -0.0023977405, -0.0023989861, -0.002400889, -0.0024034388, -0.0024049557, -0.002408187, -0.0024112666, -0.0024127094, -0.0024150508, -0.0024166612, -0.0024171395, -0.0024174547, -0.00241677, -0.002414758, -0.0024131145, -0.002408084, -0.002400356, -0.0023952802, -0.002382374, -0.002365685, -0.002345082, -0.0023333523, -0.002306987, -0.002276679, -0.002259898, -0.0022228467, -0.002180215, -0.0021564704, -0.0021028642, -0.0020401618, -0.0019666096, -0.0019254322, -0.0018349978, -0.0017414758, -0.0017013624, -0.0016712105, -0.001776807, 0, 0, 0, 0, 0, 0, 0, 0, 0, 0, 0, 0, 0, 0, 0, 0, 0, 0, 0, 0, 0, 0, 0, 0, 0, 0, 0, 0, 0, 0, 0, 0, 0, 0, 0, 0, 0, 0, 0, 0, 0
0, 0, 0, 0, 0, 0, 0, 0, 0, 0, 0, 0, 0, 0, 0, 0, 0, 0, 0, 0, 0, 0, 0, 0, 0, 0, 0, 0, 0, 0, 0, 0, 0, 0, 0, 0, 0, 0, 0, 0, 0, 0, -0.0019688795, -0.0018144742, -0.001817091, -0.0018506652, -0.0019396722, -0.0020327559, -0.0020769723, -0.0021592176, -0.0022334433, -0.0023008566, -0.002332267, -0.002390911, -0.0024441883, -0.0024689161, -0.0025142953, -0.0025542604, -0.0025722052, -0.0026042154, -0.0026313802, -0.002654391, -0.0026646573, -0.0026830381, -0.0026992552, -0.0027066644, -0.0027201911, -0.0027319994, -0.0027421655, -0.0027466144, -0.002754336, -0.0027605963, -0.0027632508, -0.0027679086, -0.0027718348, -0.0027750337, -0.0027763688, -0.0027783264, -0.0027791408, -0.0027790235, -0.002777571, -0.002774494, -0.0027722835, -0.0027665203, -0.0027589486, -0.0027494258, -0.0027439527, -0.002731443, -0.0027165706, -0.002708157, -0.0026890445, -0.0026667318, -0.0026408983, -0.0026265434, -0.0025947704, -0.0025587878, -0.0025389786, -0.002495514, -0.0024463853, -0.0024193875, -0.0023597921, -0.0022915315, -0.002213185, -0.0021698845, -0.0020766393, -0.001984602, -0.0019489919, -0.0019433979, -0.002102079, 0, 0, 0, 0, 0, 0, 0, 0, 0, 0, 0, 0, 0, 0, 0, 0, 0, 0, 0, 0, 0, 0, 0, 0, 0, 0, 0, 0, 0, 0, 0, 0, 0, 0, 0, 0, 0, 0, 0, 0, 0
0, 0, 0, 0, 0, 0, 0, 0, 0, 0, 0, 0, 0, 0, 0, 0, 0, 0, 0, 0, 0, 0, 0, 0, 0, 0, 0, 0, 0, 0, 0, 0, 0, 0, 0, 0, 0, 0, 0, 0, 0, 0, -0.0023341458, -0.0020469455, -0.0020032858, -0.0020323112, -0.0021273969, -0.0022332794, -0.0022841939, -0.0023788891, -0.0024641084, -0.0025411046, -0.0025770266, -0.0026441822, -0.002706027, -0.00273491, -0.0027889642, -0.0028376537, -0.002860039, -0.0029006796, -0.002936165, -0.0029670345, -0.002981005, -0.0030065908, -0.003029699, -0.0030405556, -0.0030608973, -0.003079652, -0.0030966522, -0.0031044602, -0.0031182957, -0.0031298192, -0.0031346162, -0.0031424302, -0.003147894, -0.0031511066, -0.0031518359, -0.0031516515, -0.0031489218, -0.0031466365, -0.00314007, -0.0031307533, -0.0031250725, -0.0031116842, -0.003095655, -0.003077155, -0.003067047, -0.0030452947, -0.0030213252, -0.0030085577, -0.0029811386, -0.002950864, -0.0029172194, -0.0028989643, -0.002859217, -0.00281468, -0.0027904857, -0.0027379605, -0.0026795692, -0.0026479845, -0.0025795274, -0.0025029904, -0.0024166391, -0.0023695875, -0.0022700094, -0.0021782566, -0.0021499884, -0.0021960572, -0.0024948828, 0, 0, 0, 0, 0, 0, 0, 0, 0, 0, 0, 0, 0, 0, 0, 0, 0, 0, 0, 0, 0, 0, 0, 0, 0, 0, 0, 0, 0, 0, 0, 0, 0, 0, 0, 0, 0, 0, 0, 0, 0
0, 0, 0, 0, 0, 0, 0, 0, 0, 0, 0, 0, 0, 0, 0, 0, 0, 0, 0, 0, 0, 0, 0, 0, 0, 0, 0, 0, 0, 0, 0, 0, 0, 0, 0, 0, 0, 0, 0, 0, 0, 0, -0.0026393195, -0.0021615585, -0.0021085104, -0.0021488136, -0.0022713237, -0.0024017286, -0.0024630807, -0.002575379, -0.0026747917, -0.0027637372, -0.002805004, -0.0028821474, -0.0029530919, -0.0029864828, -0.0030493482, -0.0031069112, -0.003133729, -0.0031834664, -0.0032281138, -0.003268107, -0.0032866474, -0.0033211755, -0.003352991, -0.0033680433, -0.0033965178, -0.0034229285, -0.0034469285, -0.0034579649, -0.0034775408, -0.0034934958, -0.0035000122, -0.0035100635, -0.0035161148, -0.0035182824, -0.0035178962, -0.0035143534, -0.0035070844, -0.0035020625, -0.0034892322, -0.0034727552, -0.0034631952, -0.0034413391, -0.0034162053, -0.0033878612, -0.0033726708, -0.0033404476, -0.003305849, -0.003287677, -0.003249466, -0.0032083918, -0.003163689, -0.0031398477, -0.003088676, -0.0030322473, -0.0030019628, -0.0029370373, -0.0028661627, -0.0028283675, -0.002747337, -0.0026580046, -0.002558218, -0.0025039106, -0.0023885828, -0.0022818353, -0.0022498863, -0.0023235192, -0.0028365972, 0, 0, 0, 0, 0, 0, 0, 0, 0, 0, 0, 0, 0, 0, 0, 0, 0, 0, 0, 0, 0, 0, 0, 0, 0, 0, 0, 0, 0, 0, 0, 0, 0, 0, 0, 0, 0, 0, 0, 0, 0
0, 0, 0, 0, 0, 0, 0, 0, 0, 0, 0, 0, 0, 0, 0, 0, 0, 0, 0, 0, 0, 0, 0, 0, 0, 0, 0, 0, 0, 0, 0, 0, 0, 0, 0, 0, 0, 0, 0, 0, 0, 0, -0.0022295653, -0.002108998, -0.002154299, -0.0022203692, -0.0023787785, -0.002534538, -0.0026061619, -0.002736118, -0.0028505574, -0.0029528923, -0.0030003132, -0.0030891479, -0.0031710658, -0.003209711, -0.0032827435, -0.0033503848, -0.0033822237, -0.0034422823, -0.0034974637, -0.0035482347, -0.0035721618, -0.003617239, -0.0036590956, -0.0036788473, -0.0037161417, -0.0037502737, -0.0037808353, -0.0037946883, -0.0038190442, -0.003838534, -0.0038463424, -0.0038578305, -0.0038639165, -0.0038645458, -0.0038628555, -0.0038557306, -0.0038436989, -0.0038358716, -0.0038167941, -0.0037932538, -0.003779814, -0.0037497322, -0.0037155098, -0.003677314, -0.0036568507, -0.0036134406, -0.0035669163, -0.0035424703, -0.0034911986, -0.0034365156, -0.003377773, -0.0033467016, -0.0032807468, -0.003209339, -0.0031714952, -0.0030912599, -0.0030049675, -0.002959304, -0.0028625594, -0.0027567723, -0.0026394443, -0.00257583, -0.0024402984, -0.002310269, -0.002263201, -0.0022680964, -0.0024370456, 0, 0, 0, 0, 0, 0, 0, 0, 0, 0, 0, 0, 0, 0, 0, 0, 0, 0, 0, 0, 0, 0, 0, 0, 0, 0, 0, 0, 0, 0, 0, 0, 0, 0, 0, 0, 0, 0, 0, 0, 0
0, 0, 0, 0, 0, 0, 0, 0, 0, 0, 0, 0, 0, 0, 0, 0, 0, 0, 0, 0, 0, 0, 0, 0, 0, 0, 0, 0, 0, 0, 0, 0, 0, 0, 0, 0, 0, 0, 0, 0, 0, 0, -0.0024099615, -0.0022317597, -0.0022490746, -0.0023105256, -0.002470708, -0.0026351602, -0.0027123834, -0.0028545598, -0.0029821382, -0.003098032, -0.0031522927, -0.0032546094, -0.0033495806, -0.003394635, -0.0034800705, -0.0035599733, -0.0035979375, -0.0036702435, -0.0037378245, -0.0038009847, -0.003830948, -0.0038876, -0.0039399755, -0.0039645326, -0.0040102415, -0.0040514236, -0.004087691, -0.0041039367, -0.0041322308, -0.0041547073, -0.004163622, -0.0041766237, -0.004183051, -0.0041827937, -0.004180243, -0.0041704928, -0.00415474, -0.004144714, -0.0041204942, -0.0040908693, -0.0040740683, -0.004036542, -0.00399388, -0.003946168, -0.003920534, -0.0038657389, -0.0038063976, -0.0037750679, -0.0037092245, -0.0036388477, -0.0035637137, -0.0035242105, -0.0034409976, -0.0033521522, -0.0033055006, -0.003207643, -0.0031035796, -0.0030490155, -0.002934192, -0.0028100945, -0.0026744902, -0.0026020473, -0.0024519681, -0.002320712, -0.0022857932, -0.0023697708, -0.0027033081, 0, 0, 0, 0, 0, 0, 0, 0, 0, 0, 0, 0, 0, 0, 0, 0, 0, 0, 0, 0, 0, 0, 0, 0, 0, 0, 0, 0, 0, 0, 0, 0, 0, 0, 0, 0, 0, 0, 0, 0, 0
0, 0, 0, 0, 0, 0, 0, 0, 0, 0, 0, 0, 0, 0, 0, 0, 0, 0, 0, 0, 0, 0, 0, 0, 0, 0, 0, 0, 0, 0, 0, 0, 0, 0, 0, 0, 0, 0, 0, 0, 0, 0, -0.0028834199, -0.0024926085, -0.0023761094, -0.0024059317, -0.0025394529, -0.0027001484, -0.0027794018, -0.002929948, -0.0030693721, -0.003199298, -0.0032610032, -0.003378382, -0.003488448, -0.0035409385, -0.0036411637, -0.003735556, -0.003780799, -0.0038674728, -0.0039492184, -0.0040259343, -0.004062285, -0.0041307444, -0.0041933395, -0.004222337, -0.0042757294, -0.004322981, -0.0043641664, -0.0043824706, -0.0044143666, -0.004439876, -0.0044500805, -0.004465161, -0.004472907, -0.004473135, -0.004470458, -0.00445972, -0.0044418327, -0.0044303844, -0.004402507, -0.004368148, -0.0043485505, -0.004304566, -0.0042542173, -0.0041974965, -0.0041668233, -0.0041008005, -0.004028594, -0.0039902735, -0.0039093294, -0.003822498, -0.0037297478, -0.0036811293, -0.0035792566, -0.0034712164, -0.003414887, -0.0032974891, -0.0031736302, -0.0031091466, -0.0029745188, -0.002831159, -0.002677427, -0.0025968268, -0.002434477, -0.0023051556, -0.0022852349, -0.0024869565, -0.0032937624, 0, 0, 0, 0, 0, 0, 0, 0, 0, 0, 0, 0, 0, 0, 0, 0, 0, 0, 0, 0, 0, 0, 0, 0, 0, 0, 0, 0, 0, 0, 0, 0, 0, 0, 0, 0, 0, 0, 0, 0, 0
0, 0, 0, 0, 0, 0, 0, 0, 0, 0, 0, 0, 0, 0, 0, 0, 0, 0, 0, 0, 0, 0, 0, 0, 0, 0, 0, 0, 0, 0, 0, 0, 0, 0, 0, 0, 0, 0, 0, 0, 0, 0, -0.0035585533, -0.0026684634, -0.0024278408, -0.0024387427, -0.0025607718, -0.002723901, -0.0028069285, -0.0029681532, -0.003121503, -0.0032671813, -0.003337133, -0.0034713347, -0.0035981103, -0.0036588842, -0.0037755205, -0.0038860564, -0.0039392305, -0.0040414874, -0.004138219, -0.004228771, -0.0042715194, -0.0043515475, -0.0044237925, -0.0044569345, -0.0045173545, -0.0045703477, -0.0046162046, -0.0046365913, -0.0046722502, -0.004701062, -0.004712763, -0.004730498, -0.004740256, -0.0047418503, -0.004739536, -0.0047287703, -0.004709921, -0.004697592, -0.0046671582, -0.0046290373, -0.004607078, -0.004557394, -0.004500079, -0.0044349777, -0.004399537, -0.0043228623, -0.004238667, -0.0041937297, -0.004098391, -0.0039958353, -0.0038859565, -0.003828303, -0.0037075505, -0.0035796121, -0.0035129376, -0.0033744038, -0.0032289457, -0.0031536384, -0.0029974848, -0.0028335531, -0.0026615427, -0.0025731714, -0.0023992094, -0.0022610337, -0.0022300796, -0.0023093037, 0, 0, 0, 0, 0, 0, 0, 0, 0, 0, 0, 0, 0, 0, 0, 0, 0, 0, 0, 0, 0, 0, 0, 0, 0, 0, 0, 0, 0, 0, 0, 0, 0, 0, 0, 0, 0, 0, 0, 0, 0, 0
0, 0, 0, 0, 0, 0, 0, 0, 0, 0, 0, 0, 0, 0, 0, 0, 0, 0, 0, 0, 0, 0, 0, 0, 0, 0, 0, 0, 0, 0, 0, 0, 0, 0, 0, 0, 0, 0, 0, 0, 0, 0, 0, -0.0024694626, -0.0023763527, -0.002403731, -0.0025393183, -0.00271462, -0.002804926, -0.0029827813, -0.003154378, -0.0033188034, -0.0033980757, -0.0035506107, -0.0036953085, -0.0037647067, -0.0038983037, -0.004025326, -0.00408649, -0.0042042173, -0.0043154126, -0.0044192015, -0.004467976, -0.0045588342, -0.004640286, -0.004677417, -0.0047449307, -0.0048039104, -0.004854907, -0.00487761, -0.0049174335, -0.0049497355, -0.004962908, -0.004983166, -0.004994807, -0.004997518, -0.0049955132, -0.0049847504, -0.0049651186, -0.0049520656, -0.0049194647, -0.004878044, -0.0048540365, -0.0047993776, -0.004735759, -0.0046631997, -0.0046235635, -0.004537654, -0.004443104, -0.004392521, -0.0042849914, -0.0041688243, -0.0040439917, -0.0039782533, -0.0038399524, -0.0036928384, -0.003616049, -0.003456029, -0.0032881254, -0.0032012744, -0.003021903, -0.002835354, -0.0026430613, -0.0025467628, -0.00236634, -0.0022511818, -0.002254099, -0.0024747276, 0, 0, 0, 0, 0, 0, 0, 0, 0, 0, 0, 0, 0, 0, 0, 0, 0, 0, 0, 0, 0, 0, 0, 0, 0, 0, 0, 0, 0, 0, 0, 0, 0, 0, 0, 0, 0, 0, 0, 0, 0, 0
0, 0, 0, 0, 0, 0, 0, 0, 0, 0, 0, 0, 0, 0, 0, 0, 0, 0, 0, 0, 0, 0, 0, 0, 0, 0, 0, 0, 0, 0, 0, 0, 0, 0, 0, 0, 0, 0, 0, 0, 0, 0, 0, -0.0026257327, -0.0023902995, -0.0023856962, -0.0025039925, -0.0026912473, -0.0027915714, -0.0029924922, -0.0031872836, -0.003373554, -0.0034631588, -0.0036351976, -0.0037978159, -0.0038758514, -0.00402572, -0.0041680587, -0.004236577, -0.0043681455, -0.004491944, -0.004607141, -0.004661187, -0.004761634, -0.0048517003, -0.0048927907, -0.0049675587, -0.005032959, -0.0050896644, -0.0051148064, -0.0051589357, -0.0051945066, -0.00520898, -0.0052310154, -0.005243565, -0.005246533, -0.0052444255, -0.005233117, -0.0052124592, -0.005198693, -0.005164116, -0.0051200166, -0.00509439, -0.0050356393, -0.0049670036, -0.0048884978, -0.00484554, -0.0047524683, -0.004650002, -0.004595294, -0.004478689, -0.004352351, -0.004215964, -0.004143811, -0.0039913934, -0.0038280769, -0.0037424231, -0.0035632937, -0.0033744012, -0.0032764259, -0.0030736474, -0.0028622586, -0.0026444977, -0.002535734, -0.0023354131, -0.002224863, -0.0022581504, -0.0027246352, 0, 0, 0, 0, 0, 0, 0, 0, 0, 0, 0, 0, 0, 0, 0, 0, 0, 0, 0, 0, 0, 0, 0, 0, 0, 0, 0, 0, 0, 0, 0, 0, 0, 0, 0, 0, 0, 0, 0, 0, 0, 0
0, 0, 0, 0, 0, 0, 0, 0, 0, 0, 0, 0, 0, 0, 0, 0, 0, 0, 0, 0, 0, 0, 0, 0, 0, 0, 0, 0, 0, 0, 0, 0, 0, 0, 0, 0, 0, 0, 0, 0, 0, 0, 0, -0.0028678605, -0.0023744004, -0.0023403876, -0.0024598842, -0.0026738269, -0.0027896105, -0.0030203394, -0.0032419453, -0.0034514673, -0.003551521, -0.003742459, -0.0039218487, -0.0040075453, -0.004171693, -0.004326902, -0.004401352, -0.004543692, -0.004677002, -0.0048007374, -0.004858762, -0.004966826, -0.005064098, -0.0051086973, -0.005190168, -0.0052617854, -0.0053238044, -0.005351265, -0.0053991284, -0.0054372754, -0.0054526096, -0.005475524, -0.005488192, -0.005490664, -0.0054882187, -0.005476132, -0.005454541, -0.00544025, -0.005404422, -0.0053587365, -0.0053320345, -0.005270804, -0.005199034, -0.005116677, -0.005071648, -0.0049740314, -0.004866583, -0.00480925, -0.0046870983, -0.0045545385, -0.004410987, -0.0043348484, -0.004173374, -0.0039993483, -0.003907624, -0.003714935, -0.0035102672, -0.0034034725, -0.003180966, -0.0029463025, -0.002700324, -0.0025749702, -0.0023339908, -0.0021577887, -0.0021281617, -0.0022216546, 0, 0, 0, 0, 0, 0, 0, 0, 0, 0, 0, 0, 0, 0, 0, 0, 0, 0, 0, 0, 0, 0, 0, 0, 0, 0, 0, 0, 0, 0, 0, 0, 0, 0, 0, 0, 0, 0, 0, 0, 0, 0
0, 0, 0, 0, 0, 0, 0, 0, 0, 0, 0, 0, 0, 0, 0, 0, 0, 0, 0, 0, 0, 0, 0, 0, 0, 0, 0, 0, 0, 0, 0, 0, 0, 0, 0, 0, 0, 0, 0, 0, 0, 0, 0, -0.002305963, -0.0022120352, -0.002246345, -0.0024383992, -0.0026983446, -0.0028327934, -0.0030950825, -0.003341833, -0.0035717995, -0.0036807086, -0.003887214, -0.004080004, -0.004171658, -0.0043464904, -0.0045106295, -0.0045889104, -0.0047379215, -0.004876769, -0.0050053005, -0.005065619, -0.005178264, -0.005280322, -0.0053273933, -0.005413639, -0.0054897326, -0.0055555752, -0.005584622, -0.0056347814, -0.005674223, -0.005689872, -0.005713042, -0.005725497, -0.005727666, -0.005725022, -0.0057127103, -0.0056909397, -0.0056765615, -0.0056405207, -0.005594444, -0.0055674864, -0.0055054934, -0.005432612, -0.0053488966, -0.005303048, -0.005203597, -0.0050942088, -0.0050357613, -0.0049112863, -0.0047763237, -0.0046301484, -0.0045526014, -0.004388019, -0.0042102733, -0.004116406, -0.0039183935, -0.0037066746, -0.0035954749, -0.003361939, -0.0031121324, -0.002845662, -0.0027077973, -0.0024378113, -0.0022318345, -0.0021910665, -0.0022909287, 0, 0, 0, 0, 0, 0, 0, 0, 0, 0, 0, 0, 0, 0, 0, 0, 0, 0, 0, 0, 0, 0, 0, 0, 0, 0, 0, 0, 0, 0, 0, 0, 0, 0, 0, 0, 0, 0, 0, 0, 0, 0
0, 0, 0, 0, 0, 0, 0, 0, 0, 0, 0, 0, 0, 0, 0, 0, 0, 0, 0, 0, 0, 0, 0, 0, 0, 0, 0, 0, 0, 0, 0, 0, 0, 0, 0, 0, 0, 0, 0, 0, 0, 0, 0, -0.002351656, -0.0022536882, -0.0023000138, -0.0025231133, -0.002812835, -0.0029601355, -0.0032434026, -0.0035060619, -0.003748325, -0.003862449, -0.004078042, -0.004278494, -0.0043734903, -0.0045536966, -0.0047218017, -0.004801473, -0.004952441, -0.0050923615, -0.0052218335, -0.005282621, -0.0053965175, -0.0055002063, -0.005548163, -0.0056363377, -0.005713921, -0.0057807756, -0.0058100675, -0.0058603613, -0.0058995713, -0.0059150667, -0.005937968, -0.0059504597, -0.005952928, -0.0059505766, -0.00593885, -0.0059177317, -0.005903659, -0.005868108, -0.0058224024, -0.00579563, -0.005734115, -0.0056618643, -0.005578815, -0.0055332873, -0.0054345587, -0.0053256983, -0.005267452, -0.005143443, -0.0050090672, -0.0048639374, -0.0047870926, -0.0046245665, -0.0044496953, -0.0043574083, -0.0041626412, -0.003953796, -0.003843616, -0.0036105316, -0.0033583457, -0.0030860181, -0.0029440445, -0.0026658247, -0.0024615363, -0.0024312513, -0.002570936, 0, 0, 0, 0, 0, 0, 0, 0, 0, 0, 0, 0, 0, 0, 0, 0, 0, 0, 0, 0, 0, 0, 0, 0, 0, 0, 0, 0, 0, 0, 0, 0, 0, 0, 0, 0, 0, 0, 0, 0, 0, 0
0, 0, 0, 0, 0, 0, 0, 0, 0, 0, 0, 0, 0, 0, 0, 0, 0, 0, 0, 0, 0, 0, 0, 0, 0, 0, 0, 0, 0, 0, 0, 0, 0, 0, 0, 0, 0, 0, 0, 0, 0, 0, 0, -0.0026245585, -0.0024857984, -0.002520638, -0.0027392874, -0.0030341458, -0.003184259, -0.0034714814, -0.0037361449, -0.003979424, -0.004093988, -0.0043103816, -0.0045113, -0.0046063433, -0.004786088, -0.0049528466, -0.005031541, -0.00518015, -0.0053176116, -0.005444727, -0.0055046035, -0.005616938, -0.005719393, -0.00576682, -0.0058537736, -0.0059297616, -0.0059946147, -0.006022828, -0.0060710213, -0.0061085443, -0.006123378, -0.0061457134, -0.006158343, -0.006161556, -0.0061596786, -0.006148845, -0.006128433, -0.0061144824, -0.006079163, -0.0060336767, -0.006007083, -0.005946365, -0.0058754366, -0.005794303, -0.0057499646, -0.005653663, -0.005547211, -0.0054901536, -0.005368377, -0.005236317, -0.005094091, -0.0050191707, -0.0048614163, -0.004693064, -0.004604672, -0.0044188616, -0.0042199055, -0.004114817, -0.0038916739, -0.0036488115, -0.0033846619, -0.0032465968, -0.0029779659, -0.0027925086, -0.002778779, -0.0029610326, 0, 0, 0, 0, 0, 0, 0, 0, 0, 0, 0, 0, 0, 0, 0, 0, 0, 0, 0, 0, 0, 0, 0, 0, 0, 0, 0, 0, 0, 0, 0, 0, 0, 0, 0, 0, 0, 0, 0, 0, 0, 0
0, 0, 0, 0, 0, 0, 0, 0, 0, 0, 0, 0, 0, 0, 0, 0, 0, 0, 0, 0, 0, 0, 0, 0, 0, 0, 0, 0, 0, 0, 0, 0, 0, 0, 0, 0, 0, 0, 0, 0, 0, 0, 0, -0.003551376, -0.0032712177, -0.0032432184, -0.003379491, -0.0036277582, -0.0037608505, -0.0040199086, -0.004261629, -0.004485938, -0.0045921877, -0.0047938516, -0.004981725, -0.0050706128, -0.005238434, -0.0053936993, -0.0054669674, -0.00560545, -0.005734425, -0.0058545624, -0.0059113847, -0.0060182894, -0.0061154137, -0.0061599924, -0.0062406166, -0.006309441, -0.0063665984, -0.0063910387, -0.006432388, -0.006464743, -0.0064778267, -0.006498132, -0.006510389, -0.0065138824, -0.006512057, -0.006500655, -0.0064784223, -0.0064631547, -0.0064246184, -0.0063760546, -0.0063483347, -0.0062865694, -0.006216842, -0.0061391112, -0.0060970294, -0.006005956, -0.005904795, -0.005850126, -0.0057324935, -0.0056036985, -0.0054646055, -0.0053915507, -0.0052390243, -0.005078417, -0.004995095, -0.0048219278, -0.004638165, -0.0045413794, -0.0043357336, -0.0041113067, -0.0038694765, -0.0037472541, -0.0035380698, -0.0035055708, -0.0036332833, -0.00418023, 0, 0, 0, 0, 0, 0, 0, 0, 0, 0, 0, 0, 0, 0, 0, 0, 0, 0, 0, 0, 0, 0, 0, 0, 0, 0, 0, 0, 0, 0, 0, 0, 0, 0, 0, 0, 0, 0, 0, 0, 0, 0
0, 0, 0, 0, 0, 0, 0, 0, 0, 0, 0, 0, 0, 0, 0, 0, 0, 0, 0, 0, 0, 0, 0, 0, 0, 0, 0, 0, 0, 0, 0, 0, 0, 0, 0, 0, 0, 0, 0, 0, 0, 0, 0, -0.004281505, -0.003719881, -0.0035881875, -0.0036197598, -0.003833255, -0.003958878, -0.0042100833, -0.0044469875, -0.0046672644, -0.0047715926, -0.0049693626, -0.005153347, -0.0052402616, -0.0054043354, -0.0055563, -0.0056281043, -0.005764253, -0.005891672, -0.0060107824, -0.0060672704, -0.0061733937, -0.006269704, -0.006313747, -0.006393008, -0.006460118, -0.0065154596, -0.0065390235, -0.0065786946, -0.0066097807, -0.006622362, -0.006641839, -0.006653389, -0.0066560125, -0.006653575, -0.0066404976, -0.006615954, -0.0065993555, -0.0065578953, -0.0065064956, -0.006477404, -0.0064133536, -0.0063419016, -0.0062631182, -0.00622066, -0.0061289887, -0.0060270764, -0.00597186, -0.0058526387, -0.005721565, -0.005579348, -0.005504457, -0.0053478456, -0.005182776, -0.005097138, -0.0049189064, -0.004729513, -0.0046294895, -0.0044162152, -0.0041820547, -0.0039282185, -0.0038000222, -0.0035879984, -0.003614231, -0.00385256, -0.0051277834, 0, 0, 0, 0, 0, 0, 0, 0, 0, 0, 0, 0, 0, 0, 0, 0, 0, 0, 0, 0, 0, 0, 0, 0, 0, 0, 0, 0, 0, 0, 0, 0, 0, 0, 0, 0, 0, 0, 0, 0, 0, 0
0, 0, 0, 0, 0, 0, 0, 0, 0, 0, 0, 0, 0, 0, 0, 0, 0, 0, 0, 0, 0, 0, 0, 0, 0, 0, 0, 0, 0, 0, 0, 0, 0, 0, 0, 0, 0, 0, 0, 0, 0, 0, 0, -0.0052535227, -0.003941307, -0.0036960528, -0.003667331, -0.0038837527, -0.0040155076, -0.004279198, -0.0045263683, -0.0047544525, -0.0048618736, -0.005064587, -0.0052524847, -0.0053410046, -0.005508044, -0.0056627514, -0.0057358425, -0.005874585, -0.006004379, -0.0061257253, -0.006183223, -0.0062912595, -0.0063891206, -0.006433926, -0.0065145986, -0.0065830345, -0.006639526, -0.006663579, -0.006704156, -0.006735774, -0.006748494, -0.0067678737, -0.006778799, -0.0067802593, -0.0067770653, -0.006762139, -0.0067353784, -0.006717536, -0.0066733416, -0.006618837, -0.0065881396, -0.0065205563, -0.006445191, -0.006362118, -0.0063174195, -0.006220951, -0.0061138393, -0.006055951, -0.0059308186, -0.0057933354, -0.005643953, -0.005565033, -0.005399572, -0.005224322, -0.0051329727, -0.0049419547, -0.0047376873, -0.004629391, -0.0043977816, -0.004142471, -0.0038648262, -0.00372339, -0.0034758179, -0.0033958235, -0.003468649, 0, 0, 0, 0, 0, 0, 0, 0, 0, 0, 0, 0, 0, 0, 0, 0, 0, 0, 0, 0, 0, 0, 0, 0, 0, 0, 0, 0, 0, 0, 0, 0, 0, 0, 0, 0, 0, 0, 0, 0, 0, 0, 0
0, 0, 0, 0, 0, 0, 0, 0, 0, 0, 0, 0, 0, 0, 0, 0, 0, 0, 0, 0, 0, 0, 0, 0, 0, 0, 0, 0, 0, 0, 0, 0, 0, 0, 0, 0, 0, 0, 0, 0, 0, 0, 0, 0, -0.0035429474, -0.0034681573, -0.0035493232, -0.0038024713, -0.003947714, -0.004235209, -0.0045028813, -0.004748301, -0.004863415, -0.005080107, -0.0052802265, -0.0053744935, -0.005552317, -0.005716774, -0.0057944087, -0.005941357, -0.0060781413, -0.0062054037, -0.006265412, -0.0063781473, -0.006480362, -0.0065272255, -0.0066121803, -0.006684885, -0.0067455326, -0.0067715263, -0.00681549, -0.0068494086, -0.0068628667, -0.0068830214, -0.006893717, -0.0068942285, -0.006890406, -0.006873893, -0.00684527, -0.0068263737, -0.0067796945, -0.0067220153, -0.006689357, -0.0066169035, -0.006535357, -0.0064447327, -0.006395784, -0.0062901257, -0.006173091, -0.0061100936, -0.0059745754, -0.0058264714, -0.0056660273, -0.0055813426, -0.0054035364, -0.005214304, -0.005115266, -0.0049072416, -0.004683729, -0.0045649866, -0.0043108934, -0.004032296, -0.00373573, -0.0035906574, -0.003367434, -0.0034061424, -0.0035925708, 0, 0, 0, 0, 0, 0, 0, 0, 0, 0, 0, 0, 0, 0, 0, 0, 0, 0, 0, 0, 0, 0, 0, 0, 0, 0, 0, 0, 0, 0, 0, 0, 0, 0, 0, 0, 0, 0, 0, 0, 0, 0, 0
0, 0, 0, 0, 0, 0, 0, 0, 0, 0, 0, 0, 0, 0, 0, 0, 0, 0, 0, 0, 0, 0, 0, 0, 0, 0, 0, 0, 0, 0, 0, 0, 0, 0, 0, 0, 0, 0, 0, 0, 0, 0, 0, 0, -0.003668008, -0.00347734, -0.003437651, -0.0036658365, -0.0038144835, -0.0041197496, -0.004408897, -0.004674989, -0.004799944, -0.005035426, -0.005253626, -0.0053566257, -0.0055511966, -0.005731257, -0.005816107, -0.0059761135, -0.006124051, -0.0062607634, -0.006324969, -0.0064453185, -0.006554597, -0.0066049285, -0.006696614, -0.0067759906, -0.006842916, -0.0068718027, -0.0069207093, -0.006958335, -0.006973076, -0.006994745, -0.0070056715, -0.007005632, -0.0070012896, -0.0069834427, -0.0069531607, -0.0069332714, -0.0068840533, -0.006822669, -0.0067876605, -0.006709195, -0.0066196364, -0.0065190294, -0.0064644385, -0.0063464334, -0.0062161814, -0.0061462894, -0.0059969663, -0.005834837, -0.005660364, -0.0055684913, -0.005375994, -0.0051711486, -0.005063907, -0.0048386315, -0.004596639, -0.004468278, -0.004194254, -0.0038952164, -0.0035807122, -0.0034307286, -0.003228066, -0.0034337598, -0.0038720341, 0, 0, 0, 0, 0, 0, 0, 0, 0, 0, 0, 0, 0, 0, 0, 0, 0, 0, 0, 0, 0, 0, 0, 0, 0, 0, 0, 0, 0, 0, 0, 0, 0, 0, 0, 0, 0, 0, 0, 0, 0, 0, 0
0, 0, 0, 0, 0, 0, 0, 0, 0, 0, 0, 0, 0, 0, 0, 0, 0, 0, 0, 0, 0, 0, 0, 0, 0, 0, 0, 0, 0, 0, 0, 0, 0, 0, 0, 0, 0, 0, 0, 0, 0, 0, 0, 0, -0.003951572, -0.0035041731, -0.0032953422, -0.0035027007, -0.0036558537, -0.0039775637, -0.004285009, -0.004569519, -0.0047036977, -0.0049581244, -0.005195662, -0.005308425, -0.0055223024, -0.0057207975, -0.0058143623, -0.0059904475, -0.006152621, -0.0063017025, -0.0063716467, -0.0065024532, -0.0066213435, -0.0066762255, -0.0067766723, -0.006864234, -0.006938568, -0.006970735, -0.0070252926, -0.0070671067, -0.007083383, -0.007107042, -0.0071188053, -0.0071185944, -0.007113898, -0.0070950068, -0.0070630265, -0.007041998, -0.006989806, -0.0069242385, -0.0068865186, -0.006801314, -0.006703177, -0.0065920427, -0.0065316143, -0.0064008078, -0.006256526, -0.0061793313, -0.0060147764, -0.005837098, -0.005646758, -0.005546919, -0.005338263, -0.0051172823, -0.0050019366, -0.0047608432, -0.004503889, -0.004368539, -0.004081814, -0.0037715605, -0.0034437927, -0.00328335, -0.0030289406, -0.0030030457, -0.0030868265, 0, 0, 0, 0, 0, 0, 0, 0, 0, 0, 0, 0, 0, 0, 0, 0, 0, 0, 0, 0, 0, 0, 0, 0, 0, 0, 0, 0, 0, 0, 0, 0, 0, 0, 0, 0, 0, 0, 0, 0, 0, 0, 0
0, 0, 0, 0, 0, 0, 0, 0, 0, 0, 0, 0, 0, 0, 0, 0, 0, 0, 0, 0, 0, 0, 0, 0, 0, 0, 0, 0, 0, 0, 0, 0, 0, 0, 0, 0, 0, 0, 0, 0, 0, 0, 0, 0, -0.003146416, -0.003061803, -0.0030904077, -0.0033505745, -0.0035138677, -0.0038475348, -0.00416487, -0.0044610593, -0.0046021286, -0.0048720376, -0.005126888, -0.005248793, -0.005481144, -0.005697828, -0.0058002025, -0.00599311, -0.0061708326, -0.0063342536, -0.0064108293, -0.006554138, -0.0066844285, -0.006744628, -0.006854768, -0.0069509675, -0.0070327795, -0.007068204, -0.007128317, -0.0071743303, -0.0071922564, -0.007218236, -0.007231338, -0.007231693, -0.007226912, -0.0072073415, -0.007173852, -0.0071516605, -0.0070963795, -0.007026557, -0.0069862017, -0.006894731, -0.006789042, -0.006669114, -0.0066038454, -0.006462401, -0.0063061933, -0.006222532, -0.0060442034, -0.0058515784, -0.005645275, -0.0055372547, -0.0053118565, -0.005074259, -0.0049509252, -0.0046948115, -0.0044252723, -0.00428509, -0.0039927633, -0.0036850052, -0.0033724024, -0.0032262616, -0.0030185198, -0.0030652725, -0.0031909153, 0, 0, 0, 0, 0, 0, 0, 0, 0, 0, 0, 0, 0, 0, 0, 0, 0, 0, 0, 0, 0, 0, 0, 0, 0, 0, 0, 0, 0, 0, 0, 0, 0, 0, 0, 0, 0, 0, 0, 0, 0, 0, 0
0, 0, 0, 0, 0, 0, 0, 0, 0, 0, 0, 0, 0, 0, 0, 0, 0, 0, 0, 0, 0, 0, 0, 0, 0, 0, 0, 0, 0, 0, 0, 0, 0, 0, 0, 0, 0, 0, 0, 0, 0, 0, 0, 0, -0.0032420948, -0.003115556, -0.0030710842, -0.0032839025, -0.0034325363, -0.0037503925, -0.004064673, -0.0043660253, -0.0045118444, -0.004793889, -0.0050630863, -0.005192564, -0.0054405234, -0.005672906, -0.005783061, -0.0059913425, -0.006183811, -0.0063613364, -0.006444699, -0.0066006817, -0.006742392, -0.0068077818, -0.0069272704, -0.007031421, -0.007119864, -0.007158158, -0.007223169, -0.00727317, -0.007292702, -0.007321326, -0.0073363665, -0.0073379143, -0.0073334677, -0.0073139016, -0.007279438, -0.0072564143, -0.0071988604, -0.0071257036, -0.0070834174, -0.0069874763, -0.006876744, -0.006751219, -0.0066828774, -0.0065346304, -0.006370559, -0.006282445, -0.006093991, -0.0058893757, -0.005669425, -0.005553988, -0.0053128675, -0.005058957, -0.004927478, -0.004655563, -0.0043720715, -0.0042260448, -0.003926292, -0.0036216232, -0.003335211, -0.0032192369, -0.0031391475, -0.0034513408, -0.0037185762, 0, 0, 0, 0, 0, 0, 0, 0, 0, 0, 0, 0, 0, 0, 0, 0, 0, 0, 0, 0, 0, 0, 0, 0, 0, 0, 0, 0, 0, 0, 0, 0, 0, 0, 0, 0, 0, 0, 0, 0, 0, 0, 0
0, 0, 0, 0, 0, 0, 0, 0, 0, 0, 0, 0, 0, 0, 0, 0, 0, 0, 0, 0, 0, 0, 0, 0, 0, 0, 0, 0, 0, 0, 0, 0, 0, 0, 0, 0, 0, 0, 0, 0, 0, 0, 0, 0, -0.0037578146, -0.003488539, -0.0031762903, -0.0032602092, -0.0033785703, -0.0036704093, -0.0039818375, -0.0042900923, -0.004441043, -0.004734763, -0.005016292, -0.0051518534, -0.005411834, -0.005656106, -0.0057721403, -0.005992194, -0.00619646, -0.006385431, -0.006474242, -0.0066404063, -0.0067910776, -0.0068605514, -0.006987189, -0.0070973495, -0.0071909097, -0.007231497, -0.007300584, -0.0073541207, -0.007375254, -0.007406641, -0.007423915, -0.0074270386, -0.0074231536, -0.0074041574, -0.007369663, -0.0073464825, -0.0072881244, -0.0072136587, -0.007170522, -0.0070727393, -0.006959922, -0.006832238, -0.0067627407, -0.0066119162, -0.006444658, -0.0063545266, -0.0061610686, -0.005949772, -0.00572115, -0.005600563, -0.0053477497, -0.0050801625, -0.0049412674, -0.0046534594, -0.004352771, -0.004197728, -0.003879556, -0.003557447, -0.0032609075, -0.0031485045, -0.0031330641, -0.0037947146, -0.0045178463, 0, 0, 0, 0, 0, 0, 0, 0, 0, 0, 0, 0, 0, 0, 0, 0, 0, 0, 0, 0, 0, 0, 0, 0, 0, 0, 0, 0, 0, 0, 0, 0, 0, 0, 0, 0, 0, 0, 0, 0, 0, 0, 0
0, 0, 0, 0, 0, 0, 0, 0, 0, 0, 0, 0, 0, 0, 0, 0, 0, 0, 0, 0, 0, 0, 0, 0, 0, 0, 0, 0, 0, 0, 0, 0, 0, 0, 0, 0, 0, 0, 0, 0, 0, 0, 0, 0, -0.004545668, -0.003814757, -0.0031498065, -0.0031684388, -0.003283232, -0.0035852806, -0.0039138566, -0.0042389547, -0.004397386, -0.0047041504, -0.004996001, -0.005135963, -0.0054036546, -0.0056548202, -0.0057742684, -0.006000975, -0.006211851, -0.006406983, -0.006498676, -0.0066700308, -0.006825207, -0.0068965503, -0.0070267254, -0.007140087, -0.0072369296, -0.0072792037, -0.0073515284, -0.0074081104, -0.007430639, -0.0074644363, -0.007483442, -0.007487667, -0.007484208, -0.007465942, -0.007432243, -0.0074094716, -0.007352033, -0.00727853, -0.0072358316, -0.007138861, -0.0070267664, -0.0068996716, -0.0068304725, -0.0066803885, -0.0065139686, -0.0064243115, -0.006231534, -0.00602029, -0.0057905046, -0.0056686406, -0.0054116114, -0.005137344, -0.0049938792, -0.0046944083, -0.0043777847, -0.0042127213, -0.0038691089, -0.003511559, -0.0031623368, -0.0030106204, -0.0028395494, -0.0029410198, 0, 0, 0, 0, 0, 0, 0, 0, 0, 0, 0, 0, 0, 0, 0, 0, 0, 0, 0, 0, 0, 0, 0, 0, 0, 0, 0, 0, 0, 0, 0, 0, 0, 0, 0, 0, 0, 0, 0, 0, 0, 0, 0, 0
0, 0, 0, 0, 0, 0, 0, 0, 0, 0, 0, 0, 0, 0, 0, 0, 0, 0, 0, 0, 0, 0, 0, 0, 0, 0, 0, 0, 0, 0, 0, 0, 0, 0, 0, 0, 0, 0, 0, 0, 0, 0, 0, 0, 0, -0.0029367134, -0.002835965, -0.0030098956, -0.0031634604, -0.0035169413, -0.0038787937, -0.004225735, -0.0043918, -0.004708915, -0.005006242, -0.005147793, -0.005417184, -0.005669122, -0.0057888324, -0.006015869, -0.0062268907, -0.006421684, -0.006513013, -0.0066833314, -0.006837278, -0.0069080596, -0.007037651, -0.00715145, -0.007249711, -0.0072930325, -0.0073678647, -0.0074268747, -0.0074504535, -0.0074856984, -0.0075052567, -0.0075094863, -0.007505923, -0.007487778, -0.0074550193, -0.0074330964, -0.0073779193, -0.0073073576, -0.00726627, -0.007172277, -0.0070628785, -0.0069381665, -0.006870156, -0.0067229196, -0.0065602716, -0.0064731063, -0.0062862937, -0.0060821623, -0.0058596944, -0.0057414146, -0.0054904674, -0.0052198805, -0.0050771497, -0.0047761914, -0.0044533336, -0.0042829476, -0.003923021, -0.0035398926, -0.0031550254, -0.0029823575, -0.0027684122, -0.0028570427, 0, 0, 0, 0, 0, 0, 0, 0, 0, 0, 0, 0, 0, 0, 0, 0, 0, 0, 0, 0, 0, 0, 0, 0, 0, 0, 0, 0, 0, 0, 0, 0, 0, 0, 0, 0, 0, 0, 0, 0, 0, 0, 0, 0
0, 0, 0, 0, 0, 0, 0, 0, 0, 0, 0, 0, 0, 0, 0, 0, 0, 0, 0, 0, 0, 0, 0, 0, 0, 0, 0, 0, 0, 0, 0, 0, 0, 0, 0, 0, 0, 0, 0, 0, 0, 0, 0, 0, 0, -0.0028332502, -0.0027466659, -0.0029622545, -0.0031356995, -0.0035217642, -0.0039049096, -0.0042626504, -0.0044309422, -0.004747784, -0.005040936, -0.00517956, -0.0054425704, -0.0056880172, -0.0058045606, -0.006025428, -0.006230085, -0.006418284, -0.0065062693, -0.0066698873, -0.006817619, -0.0068858503, -0.007011453, -0.0071233544, -0.007221533, -0.0072653354, -0.0073418627, -0.007402546, -0.0074267313, -0.0074623832, -0.0074811885, -0.0074840463, -0.00747985, -0.0074611353, -0.0074290307, -0.007408078, -0.0073560164, -0.0072896616, -0.007250841, -0.007161334, -0.00705587, -0.0069346563, -0.0068683703, -0.0067252317, -0.006568373, -0.0064849462, -0.006307919, -0.006116325, -0.0059085344, -0.0057980255, -0.0055626477, -0.0053069126, -0.0051710145, -0.0048821247, -0.00456866, -0.0044018948, -0.0040464965, -0.0036646456, -0.0032806818, -0.0031111855, -0.0029197568, -0.00305152, 0, 0, 0, 0, 0, 0, 0, 0, 0, 0, 0, 0, 0, 0, 0, 0, 0, 0, 0, 0, 0, 0, 0, 0, 0, 0, 0, 0, 0, 0, 0, 0, 0, 0, 0, 0, 0, 0, 0, 0, 0, 0, 0, 0
0, 0, 0, 0, 0, 0, 0, 0, 0, 0, 0, 0, 0, 0, 0, 0, 0, 0, 0, 0, 0, 0, 0, 0, 0, 0, 0, 0, 0, 0, 0, 0, 0, 0, 0, 0, 0, 0, 0, 0, 0, 0, 0, 0, 0, -0.0030071181, -0.0028785286, -0.0030706266, -0.0032395402, -0.003620732, -0.003997024, -0.004343399, -0.0045045405, -0.0048054405, -0.005081919, -0.0052124574, -0.0054601836, -0.0056919265, -0.005802161, -0.006011175, -0.0062045907, -0.00638188, -0.0064644567, -0.0066178516, -0.006756633, -0.006821058, -0.006940746, -0.0070491214, -0.0071459794, -0.0071897535, -0.007266852, -0.0073283142, -0.007352599, -0.007387754, -0.0074052447, -0.0074063935, -0.0074014207, -0.007381758, -0.007350277, -0.0073303375, -0.0072815903, -0.0072198417, -0.0071835644, -0.00709909, -0.006998248, -0.0068813143, -0.0068171984, -0.006678831, -0.006528713, -0.0064496514, -0.006283854, -0.006107084, -0.005917297, -0.0058167656, -0.0056025283, -0.005369029, -0.0052444316, -0.0049784402, -0.0046885493, -0.0045338795, -0.0042039696, -0.0038496738, -0.003497245, -0.0033463421, -0.003201338, -0.0033818486, 0, 0, 0, 0, 0, 0, 0, 0, 0, 0, 0, 0, 0, 0, 0, 0, 0, 0, 0, 0, 0, 0, 0, 0, 0, 0, 0, 0, 0, 0, 0, 0, 0, 0, 0, 0, 0, 0, 0, 0, 0, 0, 0, 0
0, 0, 0, 0, 0, 0, 0, 0, 0, 0, 0, 0, 0, 0, 0, 0, 0, 0, 0, 0, 0, 0, 0, 0, 0, 0, 0, 0, 0, 0, 0, 0, 0, 0, 0, 0, 0, 0, 0, 0, 0, 0, 0, 0, 0, -0.0033131673, -0.003137543, -0.00328274, -0.0034320613, -0.0037781242, -0.0041211336, -0.00443525, -0.004580784, -0.0048521226, -0.0051019196, -0.0052203187, -0.0054464424, -0.0056596543, -0.00576154, -0.0059554074, -0.0061351857, -0.0062999194, -0.006376569, -0.0065191407, -0.0066485526, -0.0067089014, -0.006822175, -0.006926048, -0.007020229, -0.0070632068, -0.007139394, -0.0072002257, -0.0072242157, -0.0072585824, -0.007275111, -0.0072752493, -0.007269991, -0.007250241, -0.0072199292, -0.0072010625, -0.007155373, -0.0070977667, -0.0070638023, -0.0069840867, -0.0068879463, -0.0067755105, -0.006713722, -0.006580472, -0.006436889, -0.0063618757, -0.006206285, -0.0060427114, -0.005869323, -0.005778008, -0.0055841953, -0.005373346, -0.0052608415, -0.005020829, -0.004759901, -0.004621135, -0.0043269834, -0.0040161093, -0.003720947, -0.003607525, -0.0035623275, -0.0038479143, 0, 0, 0, 0, 0, 0, 0, 0, 0, 0, 0, 0, 0, 0, 0, 0, 0, 0, 0, 0, 0, 0, 0, 0, 0, 0, 0, 0, 0, 0, 0, 0, 0, 0, 0, 0, 0, 0, 0, 0, 0, 0, 0, 0
0, 0, 0, 0, 0, 0, 0, 0, 0, 0, 0, 0, 0, 0, 0, 0, 0, 0, 0, 0, 0, 0, 0, 0, 0, 0, 0, 0, 0, 0, 0, 0, 0, 0, 0, 0, 0, 0, 0, 0, 0, 0, 0, 0, 0, -0.0037506162, -0.003473568, -0.0035206378, -0.003632262, -0.0039185197, -0.004213649, -0.0044866293, -0.0046135085, -0.004851216, -0.005072123, -0.0051777824, -0.0053813145, -0.005575404, -0.005668858, -0.00584762, -0.006014229, -0.0061675375, -0.006239084, -0.006372458, -0.006494077, -0.006551053, -0.0066583063, -0.006757197, -0.00684722, -0.0068884077, -0.0069615575, -0.007020251, -0.0070434976, -0.007077033, -0.0070935274, -0.007094405, -0.007089699, -0.0070715174, -0.0070431945, -0.007025385, -0.006982253, -0.0069274893, -0.006895141, -0.006819032, -0.0067266845, -0.0066184234, -0.0065588024, -0.0064302394, -0.0062918877, -0.0062198862, -0.0060711675, -0.00591603, -0.0057530003, -0.0056677046, -0.005487732, -0.0052930405, -0.0051896097, -0.004969715, -0.004731921, -0.004606055, -0.0043414133, -0.004069346, -0.0038379836, -0.0037782858, -0.003931277, -0.004521012, 0, 0, 0, 0, 0, 0, 0, 0, 0, 0, 0, 0, 0, 0, 0, 0, 0, 0, 0, 0, 0, 0, 0, 0, 0, 0, 0, 0, 0, 0, 0, 0, 0, 0, 0, 0, 0, 0, 0, 0, 0, 0, 0, 0
0, 0, 0, 0, 0, 0, 0, 0, 0, 0, 0, 0, 0, 0, 0, 0, 0, 0, 0, 0, 0, 0, 0, 0, 0, 0, 0, 0, 0, 0, 0, 0, 0, 0, 0, 0, 0, 0, 0, 0, 0, 0, 0, 0, 0, -0.004390691, -0.0038196403, -0.0036734864, -0.0037316715, -0.0039525144, -0.0042058965, -0.0044461284, -0.004558767, -0.004771215, -0.0049706697, -0.0050668214, -0.005253345, -0.005432778, -0.005519566, -0.005686513, -0.005843117, -0.005988069, -0.006056094, -0.006183424, -0.0062999977, -0.00635457, -0.006457024, -0.006550832, -0.0066355327, -0.006674031, -0.0067422274, -0.0067972555, -0.0068193153, -0.0068519586, -0.0068693687, -0.006872564, -0.006869272, -0.0068540173, -0.006828205, -0.0068114307, -0.0067697167, -0.0067161894, -0.0066844258, -0.0066099456, -0.0065199984, -0.006414829, -0.006356899, -0.006231983, -0.0060968883, -0.0060263015, -0.0058800564, -0.005727159, -0.0055665853, -0.00548284, -0.0053070956, -0.0051184404, -0.0050187195, -0.004807804, -0.0045803892, -0.0044601983, -0.00420738, -0.003948724, -0.0037414038, -0.0037096795, -0.0040492816, -0.005456246, 0, 0, 0, 0, 0, 0, 0, 0, 0, 0, 0, 0, 0, 0, 0, 0, 0, 0, 0, 0, 0, 0, 0, 0, 0, 0, 0, 0, 0, 0, 0, 0, 0, 0, 0, 0, 0, 0, 0, 0, 0, 0, 0, 0
0, 0, 0, 0, 0, 0, 0, 0, 0, 0, 0, 0, 0, 0, 0, 0, 0, 0, 0, 0, 0, 0, 0, 0, 0, 0, 0, 0, 0, 0, 0, 0, 0, 0, 0, 0, 0, 0, 0, 0, 0, 0, 0, 0, 0, -0.005290212, -0.003927558, -0.003598049, -0.0036273706, -0.0038214803, -0.004059623, -0.004287741, -0.004395132, -0.004598388, -0.0047900523, -0.0048825857, -0.005062236, -0.005234873, -0.005318367, -0.005478907, -0.0056299875, -0.005770621, -0.005836936, -0.0059616594, -0.0060759857, -0.0061293095, -0.006228649, -0.006317984, -0.006397113, -0.0064326194, -0.006494987, -0.0065454002, -0.0065659527, -0.006597401, -0.006616004, -0.0066220746, -0.0066205324, -0.006608661, -0.0065851123, -0.0065689567, -0.006527554, -0.0064734975, -0.00644147, -0.006366829, -0.0062778518, -0.0061746957, -0.0061179893, -0.0059953146, -0.0058616586, -0.005791122, -0.005643391, -0.00548724, -0.0053222934, -0.0052362047, -0.0050559156, -0.0048636384, -0.004762525, -0.0045494298, -0.0043205163, -0.004199617, -0.0039452594, -0.0036832485, -0.0034594194, -0.003398029, -0.0034830594, 0, 0, 0, 0, 0, 0, 0, 0, 0, 0, 0, 0, 0, 0, 0, 0, 0, 0, 0, 0, 0, 0, 0, 0, 0, 0, 0, 0, 0, 0, 0, 0, 0, 0, 0, 0, 0, 0, 0, 0, 0, 0, 0, 0, 0
0, 0, 0, 0, 0, 0, 0, 0, 0, 0, 0, 0, 0, 0, 0, 0, 0, 0, 0, 0, 0, 0, 0, 0, 0, 0, 0, 0, 0, 0, 0, 0, 0, 0, 0, 0, 0, 0, 0, 0, 0, 0, 0, 0, 0, 0, -0.0033750727, -0.0032883093, -0.0033443011, -0.0035515826, -0.003792694, -0.00402471, -0.004134705, -0.004344013, -0.0045415964, -0.0046365866, -0.0048199007, -0.004994153, -0.005077794, -0.005237677, -0.005387628, -0.0055274824, -0.0055935993, -0.005718207, -0.005832447, -0.005885534, -0.005983417, -0.00606973, -0.006144261, -0.0061770785, -0.0062341653, -0.006280122, -0.0062990505, -0.0063289423, -0.006348198, -0.006356469, -0.006356266, -0.0063468404, -0.0063247206, -0.006308796, -0.006266925, -0.0062115747, -0.0061788736, -0.0061035175, -0.006014984, -0.005913424, -0.005857721, -0.0057368064, -0.0056035514, -0.0055324114, -0.005381381, -0.0052192737, -0.0050462373, -0.004955623, -0.0047659576, -0.004564305, -0.004458484, -0.0042362, -0.003998294, -0.003873281, -0.0036137807, -0.0033584198, -0.0031752049, -0.003160702, -0.0034272524, 0, 0, 0, 0, 0, 0, 0, 0, 0, 0, 0, 0, 0, 0, 0, 0, 0, 0, 0, 0, 0, 0, 0, 0, 0, 0, 0, 0, 0, 0, 0, 0, 0, 0, 0, 0, 0, 0, 0, 0, 0, 0, 0, 0, 0
0, 0, 0, 0, 0, 0, 0, 0, 0, 0, 0, 0, 0, 0, 0, 0, 0, 0, 0, 0, 0, 0, 0, 0, 0, 0, 0, 0, 0, 0, 0, 0, 0, 0, 0, 0, 0, 0, 0, 0, 0, 0, 0, 0, 0, 0, -0.003314149, -0.0030496598, -0.0030589695, -0.0032251766, -0.0034607286, -0.0037016564, -0.0038184351, -0.0040428024, -0.0042547486, -0.0043562055, -0.004550085, -0.0047316183, -0.0048177186, -0.0049809287, -0.005132431, -0.0052731945, -0.0053396956, -0.0054650465, -0.005579948, -0.0056331684, -0.0057306513, -0.0058154133, -0.0058871903, -0.0059182406, -0.005971568, -0.0060140225, -0.006031542, -0.006059502, -0.006078341, -0.006087242, -0.0060875365, -0.0060790954, -0.006057502, -0.0060415254, -0.005999171, -0.0059431293, -0.0059101945, -0.0058351182, -0.0057479213, -0.0056486405, -0.0055942996, -0.005475795, -0.005343644, -0.0052723153, -0.0051189982, -0.0049519227, -0.004771781, -0.0046769893, -0.0044781254, -0.004266457, -0.0041554086, -0.003921948, -0.0036719635, -0.0035407715, -0.003270244, -0.003012682, -0.002861412, -0.0029000635, -0.003526011, 0, 0, 0, 0, 0, 0, 0, 0, 0, 0, 0, 0, 0, 0, 0, 0, 0, 0, 0, 0, 0, 0, 0, 0, 0, 0, 0, 0, 0, 0, 0, 0, 0, 0, 0, 0, 0, 0, 0, 0, 0, 0, 0, 0, 0
0, 0, 0, 0, 0, 0, 0, 0, 0, 0, 0, 0, 0, 0, 0, 0, 0, 0, 0, 0, 0, 0, 0, 0, 0, 0, 0, 0, 0, 0, 0, 0, 0, 0, 0, 0, 0, 0, 0, 0, 0, 0, 0, 0, 0, 0, -0.0034051773, -0.0027922685, -0.0027492, -0.0028831612, -0.0031217018, -0.0033766592, -0.0035019175, -0.0037433403, -0.0039710347, -0.004079451, -0.004284754, -0.0044743135, -0.0045632543, -0.0047299354, -0.0048829494, -0.0050238525, -0.005090175, -0.005215018, -0.0053293016, -0.005382232, -0.005479, -0.005562825, -0.0056330985, -0.0056633404, -0.005714578, -0.0057548326, -0.005771271, -0.005797337, -0.00581458, -0.0058223875, -0.0058223438, -0.0058134897, -0.0057917577, -0.0057758577, -0.0057339417, -0.005678989, -0.0056468956, -0.0055740965, -0.0054901475, -0.005394809, -0.0053425706, -0.005228129, -0.005099399, -0.0050292728, -0.0048773065, -0.004709954, -0.0045278394, -0.004431538, -0.0042287377, -0.0040120143, -0.0038980455, -0.0036574984, -0.003398211, -0.0032611922, -0.002975853, -0.0026944175, -0.0024839446, -0.0024469586, -0.0025577424, 0, 0, 0, 0, 0, 0, 0, 0, 0, 0, 0, 0, 0, 0, 0, 0, 0, 0, 0, 0, 0, 0, 0, 0, 0, 0, 0, 0, 0, 0, 0, 0, 0, 0, 0, 0, 0, 0, 0, 0, 0, 0, 0, 0, 0
0, 0, 0, 0, 0, 0, 0, 0, 0, 0, 0, 0, 0, 0, 0, 0, 0, 0, 0, 0, 0, 0, 0, 0, 0, 0, 0, 0, 0, 0, 0, 0, 0, 0, 0, 0, 0, 0, 0, 0, 0, 0, 0, 0, 0, 0, -0.0024723161, -0.0023566694, -0.0023861502, -0.0025768005, -0.002838929, -0.0031099315, -0.0032418824, -0.003494957, -0.003731988, -0.0038440945, -0.0040551517, -0.004248143, -0.004337909, -0.004504728, -0.004656053, -0.004794051, -0.004858621, -0.004979726, -0.0050904388, -0.0051417085, -0.005235724, -0.0053175525, -0.0053864475, -0.0054161125, -0.0054663476, -0.005505278, -0.0055209235, -0.005545103, -0.005560145, -0.005565807, -0.0055648703, -0.005554699, -0.005532828, -0.005517341, -0.0054771774, -0.0054252124, -0.005395054, -0.0053267246, -0.0052479007, -0.0051581534, -0.0051089223, -0.0050007915, -0.0048785657, -0.0048118057, -0.0046664774, -0.0045055663, -0.004329511, -0.004235981, -0.0040381677, -0.0038257896, -0.0037135624, -0.0034757035, -0.0032176515, -0.0030804903, -0.0027924287, -0.0025046298, -0.0022817112, -0.0022351707, -0.0023330047, 0, 0, 0, 0, 0, 0, 0, 0, 0, 0, 0, 0, 0, 0, 0, 0, 0, 0, 0, 0, 0, 0, 0, 0, 0, 0, 0, 0, 0, 0, 0, 0, 0, 0, 0, 0, 0, 0, 0, 0, 0, 0, 0, 0, 0
0, 0, 0, 0, 0, 0, 0, 0, 0, 0, 0, 0, 0, 0, 0, 0, 0, 0, 0, 0, 0, 0, 0, 0, 0, 0, 0, 0, 0, 0, 0, 0, 0, 0, 0, 0, 0, 0, 0, 0, 0, 0, 0, 0, 0, 0, -0.0022640985, -0.002161519, -0.0022007502, -0.0024044174, -0.0026734336, -0.002947082, -0.0030791743, -0.0033306202, -0.0035642881, -0.003674341, -0.0038806684, -0.0040684254, -0.004155426, -0.0043162163, -0.0044609266, -0.0045916014, -0.004652387, -0.004765747, -0.004868926, -0.004916809, -0.0050048702, -0.005082371, -0.005148537, -0.005177285, -0.005226222, -0.0052640545, -0.0052789864, -0.005301428, -0.0053142053, -0.0053174444, -0.005315438, -0.0053039854, -0.005282315, -0.005267584, -0.0052301846, -0.005182474, -0.0051548244, -0.005092163, -0.0050195903, -0.0049367375, -0.0048912023, -0.0047912835, -0.004678653, -0.004617288, -0.004484011, -0.0043364638, -0.004174722, -0.004088605, -0.0039058847, -0.0037086012, -0.0036040207, -0.0033817238, -0.0031395562, -0.0030105938, -0.0027394893, -0.0024710747, -0.0022750045, -0.0022463074, -0.002379462, 0, 0, 0, 0, 0, 0, 0, 0, 0, 0, 0, 0, 0, 0, 0, 0, 0, 0, 0, 0, 0, 0, 0, 0, 0, 0, 0, 0, 0, 0, 0, 0, 0, 0, 0, 0, 0, 0, 0, 0, 0, 0, 0, 0, 0
0, 0, 0, 0, 0, 0, 0, 0, 0, 0, 0, 0, 0, 0, 0, 0, 0, 0, 0, 0, 0, 0, 0, 0, 0, 0, 0, 0, 0, 0, 0, 0, 0, 0, 0, 0, 0, 0, 0, 0, 0, 0, 0, 0, 0, 0, -0.0023210826, -0.0021853067, -0.0022082548, -0.00238806, -0.0026394357, -0.0028963403, -0.0030197534, -0.003253253, -0.0034689636, -0.0035703355, -0.0037602626, -0.0039331904, -0.0040133335, -0.00416153, -0.004294441, -0.0044137225, -0.0044688014, -0.004571022, -0.004663511, -0.004706354, -0.004785631, -0.004856231, -0.0049175303, -0.0049445727, -0.004991091, -0.0050273165, -0.005041473, -0.005062259, -0.0050731, -0.005074419, -0.005071604, -0.005059331, -0.005038257, -0.005024427, -0.0049901507, -0.0049469834, -0.004921996, -0.0048651965, -0.0047990936, -0.004723577, -0.0046821753, -0.004591728, -0.0044909418, -0.004436386, -0.004318936, -0.004189678, -0.004048354, -0.003973013, -0.0038128472, -0.0036391732, -0.003547034, -0.0033507997, -0.0031371973, -0.0030235546, -0.0027857192, -0.0025546555, -0.0024014239, -0.0023958099, -0.002566782, 0, 0, 0, 0, 0, 0, 0, 0, 0, 0, 0, 0, 0, 0, 0, 0, 0, 0, 0, 0, 0, 0, 0, 0, 0, 0, 0, 0, 0, 0, 0, 0, 0, 0, 0, 0, 0, 0, 0, 0, 0, 0, 0, 0, 0
0, 0, 0, 0, 0, 0, 0, 0, 0, 0, 0, 0, 0, 0, 0, 0, 0, 0, 0, 0, 0, 0, 0, 0, 0, 0, 0, 0, 0, 0, 0, 0, 0, 0, 0, 0, 0, 0, 0, 0, 0, 0, 0, 0, 0, 0, -0.0025089686, -0.002338053, -0.0023400316, -0.0024814564, -0.0026986687, -0.002923428, -0.0030311507, -0.003234155, -0.0034208912, -0.0035086626, -0.0036734773, -0.0038244256, -0.0038948504, -0.004025513, -0.0041431426, -0.004248581, -0.0042971014, -0.00438636, -0.004466706, -0.0045038727, -0.0045727324, -0.004634719, -0.0046895463, -0.004714127, -0.00475689, -0.00479061, -0.004803839, -0.0048229573, -0.004832243, -0.004832302, -0.004829064, -0.00481655, -0.004796462, -0.0047836546, -0.0047523207, -0.0047133234, -0.004690742, -0.0046393927, -0.0045795473, -0.0045113307, -0.0044741547, -0.0043937885, -0.0043054996, -0.0042583174, -0.004157782, -0.004048326, -0.003929132, -0.0038655943, -0.0037300696, -0.0035828087, -0.0035045214, -0.0033379346, -0.0031572469, -0.003061731, -0.0028650244, -0.0026852016, -0.0026006834, -0.0026373898, -0.0028860925, 0, 0, 0, 0, 0, 0, 0, 0, 0, 0, 0, 0, 0, 0, 0, 0, 0, 0, 0, 0, 0, 0, 0, 0, 0, 0, 0, 0, 0, 0, 0, 0, 0, 0, 0, 0, 0, 0, 0, 0, 0, 0, 0, 0, 0
0, 0, 0, 0, 0, 0, 0, 0, 0, 0, 0, 0, 0, 0, 0, 0, 0, 0, 0, 0, 0, 0, 0, 0, 0, 0, 0, 0, 0, 0, 0, 0, 0, 0, 0, 0, 0, 0, 0, 0, 0, 0, 0, 0, 0, 0, -0.0028143588, -0.0025700836, -0.0025327895, -0.0026112774, -0.0027817406, -0.0029674573, -0.003057152, -0.0032258208, -0.0033806083, -0.003453421, -0.0035906602, -0.003717525, -0.003777219, -0.0038889337, -0.0039903717, -0.0040816935, -0.0041236114, -0.004200555, -0.0042693387, -0.0043010074, -0.004359684, -0.004412794, -0.0044604074, -0.004481977, -0.0045199846, -0.004550319, -0.0045622825, -0.004579422, -0.0045873704, -0.004586656, -0.00458327, -0.0045710467, -0.004552179, -0.0045403466, -0.004511784, -0.004476404, -0.004456046, -0.004409658, -0.0043557407, -0.00429464, -0.0042616003, -0.0041908054, -0.0041142586, -0.004073843, -0.0039885747, -0.0038966155, -0.0037965677, -0.0037431577, -0.0036289245, -0.003503908, -0.003437259, -0.0032950887, -0.0031409415, -0.0030599008, -0.0028974349, -0.0027693212, -0.0027864785, -0.0029100867, -0.003381158, 0, 0, 0, 0, 0, 0, 0, 0, 0, 0, 0, 0, 0, 0, 0, 0, 0, 0, 0, 0, 0, 0, 0, 0, 0, 0, 0, 0, 0, 0, 0, 0, 0, 0, 0, 0, 0, 0, 0, 0, 0, 0, 0, 0, 0
0, 0, 0, 0, 0, 0, 0, 0, 0, 0, 0, 0, 0, 0, 0, 0, 0, 0, 0, 0, 0, 0, 0, 0, 0, 0, 0, 0, 0, 0, 0, 0, 0, 0, 0, 0, 0, 0, 0, 0, 0, 0, 0, 0, 0, 0, -0.0032836564, -0.002826785, -0.0027068707, -0.0026899902, -0.0028124903, -0.002965773, -0.0030410837, -0.0031824855, -0.0033113363, -0.0033716673, -0.003485609, -0.0035916527, -0.0036418573, -0.0037367982, -0.003823904, -0.0039027196, -0.003939002, -0.0040054927, -0.0040645404, -0.004091659, -0.0041415775, -0.0041866694, -0.004227172, -0.004245592, -0.0042782477, -0.004304359, -0.004314668, -0.0043292097, -0.00433567, -0.004334297, -0.00433089, -0.0043192296, -0.004301688, -0.0042907917, -0.0042648446, -0.004232832, -0.0042144535, -0.0041726637, -0.004124311, -0.004069848, -0.00404049, -0.0039780284, -0.0039110803, -0.0038759438, -0.0038021575, -0.003722616, -0.0036358768, -0.0035893747, -0.0034891544, -0.0033784502, -0.0033188865, -0.003190713, -0.0030498866, -0.0029753193, -0.002825783, -0.0027172242, -0.0027979482, -0.0030144444, -0.004082026, 0, 0, 0, 0, 0, 0, 0, 0, 0, 0, 0, 0, 0, 0, 0, 0, 0, 0, 0, 0, 0, 0, 0, 0, 0, 0, 0, 0, 0, 0, 0, 0, 0, 0, 0, 0, 0, 0, 0, 0, 0, 0, 0, 0, 0
0, 0, 0, 0, 0, 0, 0, 0, 0, 0, 0, 0, 0, 0, 0, 0, 0, 0, 0, 0, 0, 0, 0, 0, 0, 0, 0, 0, 0, 0, 0, 0, 0, 0, 0, 0, 0, 0, 0, 0, 0, 0, 0, 0, 0, 0, -0.0039555295, -0.0029249273, -0.0027154202, -0.0026372347, -0.00274111, -0.0028817006, -0.00295059, -0.003078141, -0.0031922364, -0.0032450438, -0.0033441253, -0.0034360283, -0.003479585, -0.003562123, -0.003638166, -0.0037073558, -0.0037392557, -0.0037975886, -0.0038491993, -0.0038727785, -0.003915832, -0.003954291, -0.0039883745, -0.0040037925, -0.0040308363, -0.0040521175, -0.0040604062, -0.0040718107, -0.0040762615, -0.0040740427, -0.0040706475, -0.0040596523, -0.0040435614, -0.004033683, -0.004010123, -0.003981192, -0.0039645783, -0.0039269454, -0.0038834196, -0.0038343272, -0.0038078534, -0.0037516463, -0.0036912486, -0.0036594449, -0.0035924462, -0.0035198082, -0.0034401636, -0.003397128, -0.0033037926, -0.0031996968, -0.00314313, -0.003020035, -0.0028826846, -0.0028089667, -0.0026584966, -0.0025378598, -0.002541435, -0.002623239, 0, 0, 0, 0, 0, 0, 0, 0, 0, 0, 0, 0, 0, 0, 0, 0, 0, 0, 0, 0, 0, 0, 0, 0, 0, 0, 0, 0, 0, 0, 0, 0, 0, 0, 0, 0, 0, 0, 0, 0, 0, 0, 0, 0, 0, 0
0, 0, 0, 0, 0, 0, 0, 0, 0, 0, 0, 0, 0, 0, 0, 0, 0, 0, 0, 0, 0, 0, 0, 0, 0, 0, 0, 0, 0, 0, 0, 0, 0, 0, 0, 0, 0, 0, 0, 0, 0, 0, 0, 0, 0, 0, 0, -0.002550905, -0.002470441, -0.0024649058, -0.0025791929, -0.0027200198, -0.0027879323, -0.002912264, -0.0030215357, -0.0030715535, -0.003164125, -0.0032488182, -0.0032886257, -0.0033635553, -0.003432326, -0.0034946965, -0.003523389, -0.0035759492, -0.0036222225, -0.0036432252, -0.003681257, -0.0037145156, -0.0037432231, -0.0037558929, -0.0037775822, -0.003794003, -0.0038001102, -0.0038080001, -0.0038102465, -0.003807067, -0.0038036655, -0.0037934042, -0.0037788297, -0.0037699142, -0.003748599, -0.0037223028, -0.0037071286, -0.0036726808, -0.0036326207, -0.0035871728, -0.0035625855, -0.0035099904, -0.003452883, -0.003422634, -0.0033584184, -0.00328835, -0.0032112286, -0.0031695222, -0.00307886, -0.0029771756, -0.002921706, -0.0028002595, -0.0026641982, -0.0025916498, -0.0024490647, -0.0023585034, -0.002450288, -0.0026099395, 0, 0, 0, 0, 0, 0, 0, 0, 0, 0, 0, 0, 0, 0, 0, 0, 0, 0, 0, 0, 0, 0, 0, 0, 0, 0, 0, 0, 0, 0, 0, 0, 0, 0, 0, 0, 0, 0, 0, 0, 0, 0, 0, 0, 0, 0
0, 0, 0, 0, 0, 0, 0, 0, 0, 0, 0, 0, 0, 0, 0, 0, 0, 0, 0, 0, 0, 0, 0, 0, 0, 0, 0, 0, 0, 0, 0, 0, 0, 0, 0, 0, 0, 0, 0, 0, 0, 0, 0, 0, 0, 0, 0, -0.0025445903, -0.0023877104, -0.0022946468, -0.002378086, -0.0025107511, -0.0025776036, -0.0027017235, -0.0028109176, -0.0028604735, -0.0029514958, -0.003033397, -0.0030714497, -0.0031423348, -0.0032066398, -0.0032645175, -0.003291154, -0.0033398562, -0.0033827093, -0.0034020552, -0.0034368266, -0.0034663603, -0.0034910035, -0.0035014853, -0.003518615, -0.0035306832, -0.0035348278, -0.0035396316, -0.0035398907, -0.0035360884, -0.0035327824, -0.0035233991, -0.0035102153, -0.0035022134, -0.003482757, -0.0034584007, -0.003444228, -0.0034117566, -0.0033737172, -0.0033302507, -0.0033065258, -0.0032554055, -0.00319938, -0.0031695028, -0.0031056989, -0.003036064, -0.002959556, -0.002918404, -0.0028294034, -0.0027300848, -0.0026760388, -0.0025575636, -0.0024247307, -0.0023542275, -0.0022198334, -0.0021589785, -0.002376369, -0.0027155387, 0, 0, 0, 0, 0, 0, 0, 0, 0, 0, 0, 0, 0, 0, 0, 0, 0, 0, 0, 0, 0, 0, 0, 0, 0, 0, 0, 0, 0, 0, 0, 0, 0, 0, 0, 0, 0, 0, 0, 0, 0, 0, 0, 0, 0, 0
0, 0, 0, 0, 0, 0, 0, 0, 0, 0, 0, 0, 0, 0, 0, 0, 0, 0, 0, 0, 0, 0, 0, 0, 0, 0, 0, 0, 0, 0, 0, 0, 0, 0, 0, 0, 0, 0, 0, 0, 0, 0, 0, 0, 0, 0, 0, -0.0026535343, -0.0023211122, -0.002103695, -0.002156756, -0.0022812127, -0.0023465264, -0.002469054, -0.00257729, -0.002626378, -0.0027161038, -0.0027961286, -0.0028330758, -0.002901314, -0.0029627713, -0.0030179282, -0.0030433037, -0.0030898147, -0.0031309153, -0.0031493728, -0.0031822312, -0.0032096712, -0.0032315988, -0.0032405437, -0.0032544357, -0.0032633736, -0.0032661904, -0.003268857, -0.0032679772, -0.0032641173, -0.0032610733, -0.003252669, -0.0032408438, -0.003233482, -0.0032153644, -0.0031922988, -0.0031787797, -0.0031474987, -0.0031106477, -0.0030683267, -0.0030451622, -0.002994793, -0.0029392282, -0.0029094536, -0.0028458545, -0.0027764922, -0.0027009593, -0.002660672, -0.0025745404, -0.0024799278, -0.0024288313, -0.002317758, -0.0021935387, -0.0021271927, -0.0019969535, -0.00191388, -0.0019710467, -0.002048777, 0, 0, 0, 0, 0, 0, 0, 0, 0, 0, 0, 0, 0, 0, 0, 0, 0, 0, 0, 0, 0, 0, 0, 0, 0, 0, 0, 0, 0, 0, 0, 0, 0, 0, 0, 0, 0, 0, 0, 0, 0, 0, 0, 0, 0, 0
0, 0, 0, 0, 0, 0, 0, 0, 0, 0, 0, 0, 0, 0, 0, 0, 0, 0, 0, 0, 0, 0, 0, 0, 0, 0, 0, 0, 0, 0, 0, 0, 0, 0, 0, 0, 0, 0, 0, 0, 0, 0, 0, 0, 0, 0, 0, -0.002003879, -0.0019262276, -0.0018643502, -0.0019387304, -0.0020594713, -0.0021211398, -0.002236381, -0.0023385421, -0.002385041, -0.0024703161, -0.0025466634, -0.0025819174, -0.0026471298, -0.0027060607, -0.0027593402, -0.0027839632, -0.002829429, -0.00286972, -0.0028878478, -0.0029199629, -0.002946326, -0.002966775, -0.0029748415, -0.0029870083, -0.0029943746, -0.002996512, -0.0029982904, -0.002997313, -0.0029938247, -0.0029911352, -0.0029836532, -0.0029728008, -0.0029659015, -0.0029488006, -0.0029267445, -0.0029137651, -0.0028838096, -0.0028485325, -0.0028078624, -0.00278554, -0.002736931, -0.0026830314, -0.0026540875, -0.0025920924, -0.0025245051, -0.002451408, -0.002412756, -0.0023311127, -0.0022432504, -0.0021966614, -0.0020974702, -0.0019902964, -0.0019349987, -0.001832961, -0.0017866024, -0.0018825601, -0.0019780896, 0, 0, 0, 0, 0, 0, 0, 0, 0, 0, 0, 0, 0, 0, 0, 0, 0, 0, 0, 0, 0, 0, 0, 0, 0, 0, 0, 0, 0, 0, 0, 0, 0, 0, 0, 0, 0, 0, 0, 0, 0, 0, 0, 0, 0, 0
0, 0, 0, 0, 0, 0, 0, 0, 0, 0, 0, 0, 0, 0, 0, 0, 0, 0, 0, 0, 0, 0, 0, 0, 0, 0, 0, 0, 0, 0, 0, 0, 0, 0, 0, 0, 0, 0, 0, 0, 0, 0, 0, 0, 0, 0, 0, -0.0019324719, -0.0018376656, -0.0017381774, -0.0017770361, -0.0018704976, -0.0019214867, -0.0020197502, -0.00210949, -0.0021510154, -0.002227995, -0.0022978615, -0.0023304224, -0.0023912792, -0.0024470785, -0.0024981648, -0.0025220246, -0.0025664642, -0.00260614, -0.002623982, -0.0026555846, -0.0026812893, -0.00270098, -0.0027087042, -0.0027202012, -0.0027271572, -0.0027292718, -0.0027311628, -0.0027306012, -0.002727759, -0.002725405, -0.0027185138, -0.0027082493, -0.002701682, -0.0026853238, -0.0026644762, -0.0026523138, -0.0026244551, -0.0025918684, -0.0025545647, -0.0025340645, -0.0024893507, -0.0024395045, -0.0024124803, -0.002354404, -0.0022908784, -0.0022221594, -0.002185922, -0.0021098389, -0.0020292008, -0.001987189, -0.0019001667, -0.0018116226, -0.001769996, -0.0017112213, -0.001749031, -0.0019966124, -0.0021694968, 0, 0, 0, 0, 0, 0, 0, 0, 0, 0, 0, 0, 0, 0, 0, 0, 0, 0, 0, 0, 0, 0, 0, 0, 0, 0, 0, 0, 0, 0, 0, 0, 0, 0, 0, 0, 0, 0, 0, 0, 0, 0, 0, 0, 0, 0
0, 0, 0, 0, 0, 0, 0, 0, 0, 0, 0, 0, 0, 0, 0, 0, 0, 0, 0, 0, 0, 0, 0, 0, 0, 0, 0, 0, 0, 0, 0, 0, 0, 0, 0, 0, 0, 0, 0, 0, 0, 0, 0, 0, 0, 0, 0, -0.0021190941, -0.0019490528, -0.0017020322, -0.0016587336, -0.0017093146, -0.0017462793, -0.0018244316, -0.0018996784, -0.0019351817, -0.0020019426, -0.0020634388, -0.0020925028, -0.002147288, -0.0021985453, -0.0022462243, -0.00226873, -0.002310983, -0.0023489187, -0.0023660467, -0.0023963256, -0.0024210196, -0.0024400386, -0.002447558, -0.002458977, -0.0024662577, -0.0024686789, -0.0024713252, -0.0024714388, -0.002469067, -0.0024669028, -0.0024602453, -0.0024501856, -0.0024438368, -0.0024282525, -0.0024089785, -0.0023979468, -0.0023731964, -0.0023448307, -0.0023125622, -0.0022948973, -0.0022561464, -0.0022125447, -0.002188719, -0.002137063, -0.0020800536, -0.0020178608, -0.0019849318, -0.0019155014, -0.0018416573, -0.0018031659, -0.0017238151, -0.0016449178, -0.0016096745, -0.001571481, -0.0016609987, -0.0021051227, -0.0025361618, 0, 0, 0, 0, 0, 0, 0, 0, 0, 0, 0, 0, 0, 0, 0, 0, 0, 0, 0, 0, 0, 0, 0, 0, 0, 0, 0, 0, 0, 0, 0, 0, 0, 0, 0, 0, 0, 0, 0, 0, 0, 0, 0, 0, 0, 0
0, 0, 0, 0, 0, 0, 0, 0, 0, 0, 0, 0, 0, 0, 0, 0, 0, 0, 0, 0, 0, 0, 0, 0, 0, 0, 0, 0, 0, 0, 0, 0, 0, 0, 0, 0, 0, 0, 0, 0, 0, 0, 0, 0, 0, 0, 0, -0.0024791406, -0.0020580585, -0.0016194067, -0.0015248351, -0.0015538692, -0.0015835195, -0.0016496454, -0.0017141531, -0.0017445451, -0.0018014883, -0.0018539148, -0.0018787165, -0.001926089, -0.0019709012, -0.0020132107, -0.0020333314, -0.002071261, -0.002105538, -0.002121101, -0.0021485991, -0.002171274, -0.0021891263, -0.0021963944, -0.0022078545, -0.0022158667, -0.002218687, -0.0022223012, -0.0022231848, -0.0022212851, -0.002219192, -0.0022126415, -0.0022027795, -0.0021966586, -0.002182144, -0.00216492, -0.0021553824, -0.0021344847, -0.0021111504, -0.0020849318, -0.0020705492, -0.0020389669, -0.0020030288, -0.0019832682, -0.0019400558, -0.0018918489, -0.0018386916, -0.001810185, -0.001749298, -0.001683093, -0.0016477958, -0.0015730178, -0.0014951021, -0.0014580069, -0.001404644, -0.0014268693, -0.0015558903, 0, 0, 0, 0, 0, 0, 0, 0, 0, 0, 0, 0, 0, 0, 0, 0, 0, 0, 0, 0, 0, 0, 0, 0, 0, 0, 0, 0, 0, 0, 0, 0, 0, 0, 0, 0, 0, 0, 0, 0, 0, 0, 0, 0, 0, 0, 0
0, 0, 0, 0, 0, 0, 0, 0, 0, 0, 0, 0, 0, 0, 0, 0, 0, 0, 0, 0, 0, 0, 0, 0, 0, 0, 0, 0, 0, 0, 0, 0, 0, 0, 0, 0, 0, 0, 0, 0, 0, 0, 0, 0, 0, 0, 0, 0, -0.001523951, -0.0013930106, -0.0013633401, -0.0014057263, -0.0014361967, -0.0014991123, -0.0015567917, -0.0015829925, -0.0016308463, -0.0016738811, -0.0016940208, -0.0017324938, -0.0017689796, -0.001803666, -0.0018203023, -0.0018516282, -0.0018801169, -0.0018930377, -0.0019162131, -0.0019356477, -0.001951615, -0.0019583786, -0.0019696627, -0.0019782812, -0.0019816202, -0.0019863404, -0.0019882557, -0.0019870487, -0.0019852428, -0.001979214, -0.0019700609, -0.0019645065, -0.0019517066, -0.0019372157, -0.0019293932, -0.0019127764, -0.0018946148, -0.0018744905, -0.0018634782, -0.0018392395, -0.0018115295, -0.0017962212, -0.0017626607, -0.0017250746, -0.0016832318, -0.0016605259, -0.0016112038, -0.0015556752, -0.0015250992, -0.0014578662, -0.0013839966, -0.0013471782, -0.001290096, -0.0013002859, -0.0014166586, 0, 0, 0, 0, 0, 0, 0, 0, 0, 0, 0, 0, 0, 0, 0, 0, 0, 0, 0, 0, 0, 0, 0, 0, 0, 0, 0, 0, 0, 0, 0, 0, 0, 0, 0, 0, 0, 0, 0, 0, 0, 0, 0, 0, 0, 0, 0
0, 0, 0, 0, 0, 0, 0, 0, 0, 0, 0, 0, 0, 0, 0, 0, 0, 0, 0, 0, 0, 0, 0, 0, 0, 0, 0, 0, 0, 0, 0, 0, 0, 0, 0, 0, 0, 0, 0, 0, 0, 0, 0, 0, 0, 0, 0, 0, -0.0013916865, -0.0012716376, -0.0012512677, -0.0012946195, -0.0013235832, -0.00138069, -0.0014302202, -0.0014518048, -0.0014896739, -0.0015223998, -0.0015374492, -0.001565773, -0.0015924609, -0.0016178306, -0.0016300566, -0.0016531341, -0.0016741543, -0.0016837788, -0.0017012148, -0.0017163567, -0.0017294493, -0.0017353273, -0.0017458416, -0.0017546364, -0.0017583305, -0.0017641492, -0.0017672833, -0.0017673487, -0.0017662252, -0.0017616702, -0.0017543802, -0.0017498902, -0.0017397532, -0.0017286841, -0.0017229005, -0.0017108246, -0.0016978725, -0.0016836515, -0.0016759426, -0.0016588649, -0.0016394288, -0.0016287217, -0.0016054134, -0.001579439, -0.0015505215, -0.0015347232, -0.0014996325, -0.0014584898, -0.0014350428, -0.0013814635, -0.0013205518, -0.0012901962, -0.0012473065, -0.0012760753, -0.0014105832, 0, 0, 0, 0, 0, 0, 0, 0, 0, 0, 0, 0, 0, 0, 0, 0, 0, 0, 0, 0, 0, 0, 0, 0, 0, 0, 0, 0, 0, 0, 0, 0, 0, 0, 0, 0, 0, 0, 0, 0, 0, 0, 0, 0, 0, 0, 0
0, 0, 0, 0, 0, 0, 0, 0, 0, 0, 0, 0, 0, 0, 0, 0, 0, 0, 0, 0, 0, 0, 0, 0, 0, 0, 0, 0, 0, 0, 0, 0, 0, 0, 0, 0, 0, 0, 0, 0, 0, 0, 0, 0, 0, 0, 0, 0, -0.0014008665, -0.0012562909, -0.0012093299, -0.0012324098, -0.0012530396, -0.0012955944, -0.0013320942, -0.0013475968, -0.0013736682, -0.0013951425, -0.0014046574, -0.001422173, -0.0014384522, -0.0014539534, -0.001461371, -0.0014754494, -0.0014882964, -0.001494198, -0.0015051092, -0.0015150117, -0.0015242324, -0.0015286844, -0.0015372876, -0.0015452973, -0.0015489493, -0.0015552823, -0.0015596445, -0.001561438, -0.0015613452, -0.0015592374, -0.0015548947, -0.0015520968, -0.0015457008, -0.0015387917, -0.0015352694, -0.0015281128, -0.001520649, -0.0015124985, -0.0015080634, -0.0014983404, -0.0014872891, -0.0014812498, -0.0014683204, -0.0014539929, -0.0014381971, -0.0014294437, -0.0014095226, -0.0013848258, -0.0013700414, -0.0013347522, -0.001293702, -0.0012741626, -0.0012551607, -0.0013103357, -0.0014642496, 0, 0, 0, 0, 0, 0, 0, 0, 0, 0, 0, 0, 0, 0, 0, 0, 0, 0, 0, 0, 0, 0, 0, 0, 0, 0, 0, 0, 0, 0, 0, 0, 0, 0, 0, 0, 0, 0, 0, 0, 0, 0, 0, 0, 0, 0, 0
0, 0, 0, 0, 0, 0, 0, 0, 0, 0, 0, 0, 0, 0, 0, 0, 0, 0, 0, 0, 0, 0, 0, 0, 0, 0, 0, 0, 0, 0, 0, 0, 0, 0, 0, 0, 0, 0, 0, 0, 0, 0, 0, 0, 0, 0, 0, 0, -0.0014917369, -0.0013067309, -0.0012136888, -0.0012028158, -0.0012104514, -0.0012324769, -0.0012530634, -0.0012616321, -0.001275279, -0.0012854043, -0.0012895303, -0.0012967159, -0.0013031178, -0.0013092151, -0.001312084, -0.0013174714, -0.0013222845, -0.0013244969, -0.0013286021, -0.0013325842, -0.0013369049, -0.0013393011, -0.0013446251, -0.0013504539, -0.001353469, -0.0013592537, -0.0013642064, -0.0013676505, -0.0013687192, -0.0013695215, -0.0013687793, -0.0013679842, -0.001365952, -0.0013637003, -0.0013626551, -0.001360707, -0.0013590108, -0.0013573392, -0.0013564638, -0.0013545187, -0.0013521027, -0.0013507411, -0.0013477214, -0.0013441781, -0.0013399622, -0.0013374679, -0.0013310402, -0.0013214496, -0.0013150495, -0.0012983872, -0.0012796036, -0.0012731506, -0.0012862391, -0.001382904, -0.0015741367, 0, 0, 0, 0, 0, 0, 0, 0, 0, 0, 0, 0, 0, 0, 0, 0, 0, 0, 0, 0, 0, 0, 0, 0, 0, 0, 0, 0, 0, 0, 0, 0, 0, 0, 0, 0, 0, 0, 0, 0, 0, 0, 0, 0, 0, 0, 0
0, 0, 0, 0, 0, 0, 0, 0, 0, 0, 0, 0, 0, 0, 0, 0, 0, 0, 0, 0, 0, 0, 0, 0, 0, 0, 0, 0, 0, 0, 0, 0, 0, 0, 0, 0, 0, 0, 0, 0, 0, 0, 0, 0, 0, 0, 0, 0, -0.001671097, -0.0013852265, -0.001221602, -0.0011734654, -0.0011688925, -0.0011726096, -0.0011793773, -0.0011819567, -0.0011848754, -0.0011852551, -0.0011848295, -0.0011832606, -0.0011812716, -0.0011791217, -0.0011780686, -0.0011758631, -0.0011734464, -0.0011721976, -0.0011697423, -0.001167718, -0.0011665567, -0.0011664572, -0.0011673302, -0.0011697143, -0.001171398, -0.0011754239, -0.0011799373, -0.0011843207, -0.0011863293, -0.0011897966, -0.0011924712, -0.0011936205, -0.0011958317, -0.0011981877, -0.0011995966, -0.0012028083, -0.0012068662, -0.0012118224, -0.0012145706, -0.0012204443, -0.0012264255, -0.0012294162, -0.0012351997, -0.0012405739, -0.0012453645, -0.0012474938, -0.0012507978, -0.0012522424, -0.0012520176, -0.0012497684, -0.0012496809, -0.001255435, -0.0013052912, -0.0014731635, -0.0017687755, 0, 0, 0, 0, 0, 0, 0, 0, 0, 0, 0, 0, 0, 0, 0, 0, 0, 0, 0, 0, 0, 0, 0, 0, 0, 0, 0, 0, 0, 0, 0, 0, 0, 0, 0, 0, 0, 0, 0, 0, 0, 0, 0, 0, 0, 0, 0
0, 0, 0, 0, 0, 0, 0, 0, 0, 0, 0, 0, 0, 0, 0, 0, 0, 0, 0, 0, 0, 0, 0, 0, 0, 0, 0, 0, 0, 0, 0, 0, 0, 0, 0, 0, 0, 0, 0, 0, 0, 0, 0, 0, 0, 0, 0, 0, -0.0019561835, -0.0014004342, -0.0011793489, -0.0011150693, -0.0011055613, -0.0011005703, -0.0010991618, -0.0010977926, -0.0010930797, -0.0010863018, -0.0010824219, -0.0010740346, -0.0010654638, -0.0010568362, -0.0010524999, -0.0010439607, -0.0010354252, -0.0010312698, -0.0010230058, -0.0010154471, -0.0010090863, -0.0010064351, -0.0010025837, -0.0010008834, -0.0010008358, -0.0010021639, -0.0010052631, -0.0010095965, -0.0010120422, -0.0010173147, -0.0010227943, -0.0010255785, -0.0010313945, -0.0010377029, -0.001041185, -0.0010490317, -0.0010582671, -0.0010691296, -0.0010751007, -0.0010878628, -0.0011010336, -0.0011075869, -0.0011203062, -0.0011321419, -0.0011429234, -0.0011479139, -0.0011569107, -0.0011646146, -0.0011677952, -0.0011735631, -0.0011834182, -0.0011954702, -0.0012657158, -0.0014981033, -0.0020769194, 0, 0, 0, 0, 0, 0, 0, 0, 0, 0, 0, 0, 0, 0, 0, 0, 0, 0, 0, 0, 0, 0, 0, 0, 0, 0, 0, 0, 0, 0, 0, 0, 0, 0, 0, 0, 0, 0, 0, 0, 0, 0, 0, 0, 0, 0, 0
0, 0, 0, 0, 0, 0, 0, 0, 0, 0, 0, 0, 0, 0, 0, 0, 0, 0, 0, 0, 0, 0, 0, 0, 0, 0, 0, 0, 0, 0, 0, 0, 0, 0, 0, 0, 0, 0, 0, 0, 0, 0, 0, 0, 0, 0, 0, 0, 0, -0.0011936605, -0.0010757825, -0.0010300261, -0.0010217596, -0.0010142345, -0.0010080575, -0.0010040231, -0.0009940602, -0.0009820961, -0.00097563345, -0.0009621466, -0.00094829476, -0.00093437225, -0.0009273966, -0.0009136096, -0.0009000675, -0.00089336623, -0.00088053645, -0.0008684403, -0.0008576736, -0.00085291144, -0.0008449345, -0.00083933666, -0.00083750236, -0.00083587115, -0.0008368952, -0.0008403095, -0.0008427559, -0.0008489711, -0.00085632154, -0.0008603473, -0.0008690272, -0.0008785643, -0.0008837944, -0.000895465, -0.0009089176, -0.0009243415, -0.0009327672, -0.0009505529, -0.0009689481, -0.0009780836, -0.0009956142, -0.0010117202, -0.0010261214, -0.0010326174, -0.0010445332, -0.0010550702, -0.0010599347, -0.0010695545, -0.0010838988, -0.0010974965, -0.0011594084, -0.0013014693, 0, 0, 0, 0, 0, 0, 0, 0, 0, 0, 0, 0, 0, 0, 0, 0, 0, 0, 0, 0, 0, 0, 0, 0, 0, 0, 0, 0, 0, 0, 0, 0, 0, 0, 0, 0, 0, 0, 0, 0, 0, 0, 0, 0, 0, 0, 0, 0
0, 0, 0, 0, 0, 0, 0, 0, 0, 0, 0, 0, 0, 0, 0, 0, 0, 0, 0, 0, 0, 0, 0, 0, 0, 0, 0, 0, 0, 0, 0, 0, 0, 0, 0, 0, 0, 0, 0, 0, 0, 0, 0, 0, 0, 0, 0, 0, 0, -0.0011985875, -0.0009877362, -0.00088690285, -0.0008612137, -0.0008302978, -0.0008088013, -0.0007987884, -0.00077837467, -0.0007569543, -0.0007457965, -0.0007227676, -0.00069898856, -0.0006748817, -0.00066287443, -0.0006392423, -0.0006165922, -0.00060577545, -0.0005852386, -0.0005664012, -0.0005493558, -0.0005415082, -0.0005274321, -0.00051565573, -0.00051082444, -0.000503488, -0.0004998232, -0.0005001399, -0.0005018385, -0.0005080753, -0.00051769306, -0.00052358647, -0.00053717406, -0.00055273506, -0.0005611608, -0.0005793737, -0.00059942843, -0.00062139035, -0.00063303846, -0.00065743225, -0.00068260345, -0.0006951841, -0.000719669, -0.000742402, -0.0007628648, -0.0007721143, -0.0007889531, -0.00080387085, -0.0008110506, -0.00082732073, -0.000855001, -0.0008811412, -0.000997772, -0.0013113215, 0, 0, 0, 0, 0, 0, 0, 0, 0, 0, 0, 0, 0, 0, 0, 0, 0, 0, 0, 0, 0, 0, 0, 0, 0, 0, 0, 0, 0, 0, 0, 0, 0, 0, 0, 0, 0, 0, 0, 0, 0, 0, 0, 0, 0, 0, 0, 0
0, 0, 0, 0, 0, 0, 0, 0, 0, 0, 0, 0, 0, 0, 0, 0, 0, 0, 0, 0, 0, 0, 0, 0, 0, 0, 0, 0, 0, 0, 0, 0, 0, 0, 0, 0, 0, 0, 0, 0, 0, 0, 0, 0, 0, 0, 0, 0, 0, -0.0012575772, -0.0009444846, -0.0008160361, -0.00078322674, -0.00074259884, -0.00071413215, -0.0007009428, -0.00067452976, -0.0006472082, -0.00063307525, -0.00060403015, -0.0005741643, -0.00054404966, -0.00052901456, -0.00049964193, -0.0004716223, -0.00045830372, -0.0004332495, -0.00041048785, -0.00038994043, -0.0003805224, -0.0003633723, -0.000348707, -0.00034245805, -0.00033254575, -0.00032665982, -0.0003253143, -0.0003264861, -0.00033243862, -0.00034284202, -0.0003495566, -0.00036555403, -0.00038435895, -0.0003946376, -0.000416651, -0.00044054043, -0.00046638024, -0.00047997423, -0.00050824264, -0.0005375364, -0.00055234047, -0.0005817109, -0.0006098402, -0.0006359705, -0.00064805517, -0.0006701782, -0.0006897503, -0.00069895934, -0.0007182242, -0.0007465395, -0.0007700533, -0.00085605774, -0.0009849922, 0, 0, 0, 0, 0, 0, 0, 0, 0, 0, 0, 0, 0, 0, 0, 0, 0, 0, 0, 0, 0, 0, 0, 0, 0, 0, 0, 0, 0, 0, 0, 0, 0, 0, 0, 0, 0, 0, 0, 0, 0, 0, 0, 0, 0, 0, 0, 0
0, 0, 0, 0, 0, 0, 0, 0, 0, 0, 0, 0, 0, 0, 0, 0, 0, 0, 0, 0, 0, 0, 0, 0, 0, 0, 0, 0, 0, 0, 0, 0, 0, 0, 0, 0, 0, 0, 0, 0, 0, 0, 0, 0, 0, 0, 0, 0, 0, -0.0009685746, -0.00083526835, -0.0007387116, -0.0007087435, -0.000666662, -0.00063322566, -0.00061702676, -0.0005838878, -0.0005495048, -0.0005318015, -0.0004955601, -0.00045873164, -0.00042175065, -0.0004033926, -0.00036752774, -0.0003333062, -0.00031698856, -0.00028638236, -0.00025852086, -0.00023352899, -0.00022208742, -0.00020146198, -0.00018386893, -0.00017633013, -0.00016422215, -0.00015657139, -0.00015399496, -0.00015477813, -0.00016047369, -0.00017161557, -0.00017903229, -0.0001971812, -0.00021908883, -0.00023122493, -0.0002574554, -0.0002859591, -0.00031669522, -0.00033280544, -0.00036633073, -0.00040136525, -0.00041923998, -0.00045528886, -0.00049107545, -0.00052535796, -0.00054165884, -0.0005721536, -0.000599647, -0.0006124848, -0.0006383518, -0.0006720033, -0.0006974867, -0.0007837455, -0.0009097135, 0, 0, 0, 0, 0, 0, 0, 0, 0, 0, 0, 0, 0, 0, 0, 0, 0, 0, 0, 0, 0, 0, 0, 0, 0, 0, 0, 0, 0, 0, 0, 0, 0, 0, 0, 0, 0, 0, 0, 0, 0, 0, 0, 0, 0, 0, 0, 0
0, 0, 0, 0, 0, 0, 0, 0, 0, 0, 0, 0, 0, 0, 0, 0, 0, 0, 0, 0, 0, 0, 0, 0, 0, 0, 0, 0, 0, 0, 0, 0, 0, 0, 0, 0, 0, 0, 0, 0, 0, 0, 0, 0, 0, 0, 0, 0, 0, -0.00091879495, -0.00078823423, -0.0006924051, -0.0006608763, -0.00061361655, -0.00057333196, -0.0005532904, -0.0005121049, -0.0004694944, -0.0004476806, -0.00040363063, -0.0003593311, -0.0003152436, -0.00029346737, -0.00025089728, -0.00021018008, -0.00019068677, -0.00015384163, -0.00012035219, -9.037859e-05, -7.6776094e-05, -5.2505206e-05, -3.235766e-05, -2.3868135e-05, -1.0373316e-05, -1.9297488e-06, 1.0003065e-06, 2.7996725e-07, -5.587233e-06, -1.7313081e-05, -2.529733e-05, -4.5169592e-05, -6.968867e-05, -8.3452265e-05, -0.00011372009, -0.00014711321, -0.0001832081, -0.00020219602, -0.00024192472, -0.00028370047, -0.00030523486, -0.00034922484, -0.00039373097, -0.00043771177, -0.00045916226, -0.0005003971, -0.00053894724, -0.0005573226, -0.00059441855, -0.00064011256, -0.00067240006, -0.00077429507, -0.00091443287, 0, 0, 0, 0, 0, 0, 0, 0, 0, 0, 0, 0, 0, 0, 0, 0, 0, 0, 0, 0, 0, 0, 0, 0, 0, 0, 0, 0, 0, 0, 0, 0, 0, 0, 0, 0, 0, 0, 0, 0, 0, 0, 0, 0, 0, 0, 0, 0
0, 0, 0, 0, 0, 0, 0, 0, 0, 0, 0, 0, 0, 0, 0, 0, 0, 0, 0, 0, 0, 0, 0, 0, 0, 0, 0, 0, 0, 0, 0, 0, 0, 0, 0, 0, 0, 0, 0, 0, 0, 0, 0, 0, 0, 0, 0, 0, 0, -0.0009479411, -0.00079964363, -0.00068573747, -0.00064696936, -0.0005878201, -0.0005375406, -0.000512831, -0.00046270693, -0.0004114548, -0.00038557808, -0.00033385932, -0.00028238547, -0.00023181942, -0.00020693493, -0.00015836899, -0.00011187632, -8.955385e-05, -4.7175905e-05, -8.496939e-06, 2.5964217e-05, 4.1424188e-05, 6.8677386e-05, 9.061611e-05, 9.9580684e-05, 0.000113369926, 0.000121495366, 0.00012386343, 0.00012282847, 0.000116220246, 0.00010386512, 9.546462e-05, 7.4434836e-05, 4.797845e-05, 3.2919877e-05, -6.2389654e-07, -3.8284194e-05, -7.9462596e-05, -0.00010123846, -0.00014699191, -0.00019530213, -0.00022031086, -0.0002717581, -0.00032457916, -0.00037788524, -0.000404432, -0.00045674504, -0.00050750194, -0.00053239195, -0.0005834546, -0.0006449326, -0.0006860396, -0.0008071889, -0.00096230226, 0, 0, 0, 0, 0, 0, 0, 0, 0, 0, 0, 0, 0, 0, 0, 0, 0, 0, 0, 0, 0, 0, 0, 0, 0, 0, 0, 0, 0, 0, 0, 0, 0, 0, 0, 0, 0, 0, 0, 0, 0, 0, 0, 0, 0, 0, 0, 0
0, 0, 0, 0, 0, 0, 0, 0, 0, 0, 0, 0, 0, 0, 0, 0, 0, 0, 0, 0, 0, 0, 0, 0, 0, 0, 0, 0, 0, 0, 0, 0, 0, 0, 0, 0, 0, 0, 0, 0, 0, 0, 0, 0, 0, 0, 0, 0, 0, -0.001025462, -0.0008503624, -0.0007089175, -0.000659988, -0.00058630516, -0.0005257795, -0.0004967921, -0.00043882406, -0.0003804876, -0.00035121906, -0.00029308896, -0.00023596821, -0.00018037125, -0.00015318596, -0.00010037489, -4.9936214e-05, -2.5707828e-05, 2.0346848e-05, 6.247037e-05, 9.989169e-05, 0.00011660141, 0.00014567174, 0.0001686467, 0.00017774642, 0.00019120851, 0.00019848689, 0.00019976929, 0.00019821676, 0.00019078242, 0.0001776032, 0.00016886093, 0.00014701238, 0.00011938246, 0.00010352725, 6.7737696e-05, 2.705759e-05, -1.8008272e-05, -4.194321e-05, -9.2376744e-05, -0.00014576848, -0.00017346008, -0.00023040557, -0.0002892546, -0.00034951896, -0.00037994646, -0.0004410335, -0.0005020355, -0.0005327448, -0.00059709494, -0.0006754308, -0.0007270833, -0.00087483396, -0.0010556505, 0, 0, 0, 0, 0, 0, 0, 0, 0, 0, 0, 0, 0, 0, 0, 0, 0, 0, 0, 0, 0, 0, 0, 0, 0, 0, 0, 0, 0, 0, 0, 0, 0, 0, 0, 0, 0, 0, 0, 0, 0, 0, 0, 0, 0, 0, 0, 0
0, 0, 0, 0, 0, 0, 0, 0, 0, 0, 0, 0, 0, 0, 0, 0, 0, 0, 0, 0, 0, 0, 0, 0, 0, 0, 0, 0, 0, 0, 0, 0, 0, 0, 0, 0, 0, 0, 0, 0, 0, 0, 0, 0, 0, 0, 0, 0, 0, -0.001162793, -0.000926389, -0.0007461012, -0.00068721815, -0.0006028872, -0.0005370258, -0.0005059605, -0.0004442146, -0.00038203606, -0.00035092665, -0.00028917374, -0.00022893153, -0.00017064977, -0.00014239618, -8.780117e-05, -3.5990248e-05, -1.1185956e-05, 3.5936653e-05, 7.913841e-05, 0.00011762481, 0.0001347843, 0.00016459788, 0.00018803326, 0.00019721019, 0.00021052318, 0.00021735697, 0.00021789188, 0.00021597101, 0.00020789057, 0.0001942027, 0.00018528312, 0.00016308883, 0.00013502724, 0.0001188635, 8.218936e-05, 4.006638e-05, -6.842555e-06, -3.1911808e-05, -8.478808e-05, -0.00014080809, -0.00016972539, -0.00022932982, -0.00029096365, -0.0003543387, -0.00038653606, -0.00045169282, -0.0005179378, -0.0005517638, -0.0006241647, -0.0007158677, -0.0007786671, -0.00096760166, -0.001212697, 0, 0, 0, 0, 0, 0, 0, 0, 0, 0, 0, 0, 0, 0, 0, 0, 0, 0, 0, 0, 0, 0, 0, 0, 0, 0, 0, 0, 0, 0, 0, 0, 0, 0, 0, 0, 0, 0, 0, 0, 0, 0, 0, 0, 0, 0, 0, 0
0, 0, 0, 0, 0, 0, 0, 0, 0, 0, 0, 0, 0, 0, 0, 0, 0, 0, 0, 0, 0, 0, 0, 0, 0, 0, 0, 0, 0, 0, 0, 0, 0, 0, 0, 0, 0, 0, 0, 0, 0, 0, 0, 0, 0, 0, 0, 0, 0, -0.0013762512, -0.000982805, -0.0007757793, -0.0007154217, -0.00063332374, -0.00057063164, -0.00054093986, -0.00048095686, -0.0004195502, -0.00038859047, -0.00032699402, -0.0002668857, -0.00020905228, -0.00018122378, -0.00012774227, -7.7318866e-05, -5.3354543e-05, -7.863907e-06, 3.4061366e-05, 7.1568895e-05, 8.85064e-05, 0.00011811394, 0.00014167716, 0.00015104369, 0.00016480156, 0.00017191318, 0.00017276875, 0.00017088458, 0.00016286683, 0.00014925614, 0.0001404001, 0.000118587755, 9.112723e-05, 7.525866e-05, 3.939594e-05, -1.9824809e-06, -4.82719e-05, -7.303756e-05, -0.00012540071, -0.00018090417, -0.0002095664, -0.00026845527, -0.0003290522, -0.00039106706, -0.000422537, -0.00048612567, -0.0005506487, -0.0005836536, -0.0006549393, -0.0007481324, -0.0008148592, -0.0010367866, -0.0014484077, 0, 0, 0, 0, 0, 0, 0, 0, 0, 0, 0, 0, 0, 0, 0, 0, 0, 0, 0, 0, 0, 0, 0, 0, 0, 0, 0, 0, 0, 0, 0, 0, 0, 0, 0, 0, 0, 0, 0, 0, 0, 0, 0, 0, 0, 0, 0, 0
0, 0, 0, 0, 0, 0, 0, 0, 0, 0, 0, 0, 0, 0, 0, 0, 0, 0, 0, 0, 0, 0, 0, 0, 0, 0, 0, 0, 0, 0, 0, 0, 0, 0, 0, 0, 0, 0, 0, 0, 0, 0, 0, 0, 0, 0, 0, 0, 0, 0, -0.00093079143, -0.000795603, -0.00074779766, -0.0006797099, -0.00062626734, -0.00060028315, -0.0005466316, -0.0004904338, -0.00046174187, -0.0004044256, -0.00034827803, -0.00029437692, -0.00026849605, -0.0002191231, -0.00017285901, -0.00015089392, -0.000109319175, -7.085614e-05, -3.606156e-05, -2.015982e-05, 8.145699e-06, 3.123194e-05, 4.0668652e-05, 5.4918353e-05, 6.286494e-05, 6.460818e-05, 6.319834e-05, 5.5951637e-05, 4.3282416e-05, 3.496851e-05, 1.443915e-05, -1.10652645e-05, -2.5777006e-05, -5.888888e-05, -9.6903554e-05, -0.00013959425, -0.00016242884, -0.00021092428, -0.0002624634, -0.00028911533, -0.00034361595, -0.000399415, -0.00045586898, -0.00048419953, -0.00054073724, -0.00059724547, -0.00062598183, -0.000688434, -0.00077144796, -0.0008293208, -0.000987602, 0, 0, 0, 0, 0, 0, 0, 0, 0, 0, 0, 0, 0, 0, 0, 0, 0, 0, 0, 0, 0, 0, 0, 0, 0, 0, 0, 0, 0, 0, 0, 0, 0, 0, 0, 0, 0, 0, 0, 0, 0, 0, 0, 0, 0, 0, 0, 0, 0
0, 0, 0, 0, 0, 0, 0, 0, 0, 0, 0, 0, 0, 0, 0, 0, 0, 0, 0, 0, 0, 0, 0, 0, 0, 0, 0, 0, 0, 0, 0, 0, 0, 0, 0, 0, 0, 0, 0, 0, 0, 0, 0, 0, 0, 0, 0, 0, 0, 0, -0.0010117041, -0.0008629348, -0.00081290153, -0.0007468729, -0.00070017634, -0.0006783242, -0.00063316827, -0.00058559916, -0.00056118745, -0.0005119703, -0.0004635575, -0.00041707398, -0.00039470804, -0.00035216575, -0.00031235002, -0.00029346315, -0.00025777117, -0.00022459649, -0.00019423544, -0.00018017138, -0.0001547401, -0.00013340074, -0.00012448496, -0.00011063966, -0.00010236766, -9.99273e-05, -0.000100862715, -0.000106819265, -0.00011794014, -0.00012528153, -0.00014331582, -0.0001655396, -0.00017821301, -0.00020645384, -0.00023877848, -0.00027486245, -0.000294282, -0.00033556862, -0.00037967102, -0.0004024955, -0.00044914035, -0.00049643597, -0.0005435088, -0.00056673837, -0.0006121742, -0.0006565552, -0.000679156, -0.0007309698, -0.000811647, -0.00087591755, -0.0010741373, 0, 0, 0, 0, 0, 0, 0, 0, 0, 0, 0, 0, 0, 0, 0, 0, 0, 0, 0, 0, 0, 0, 0, 0, 0, 0, 0, 0, 0, 0, 0, 0, 0, 0, 0, 0, 0, 0, 0, 0, 0, 0, 0, 0, 0, 0, 0, 0, 0
0, 0, 0, 0, 0, 0, 0, 0, 0, 0, 0, 0, 0, 0, 0, 0, 0, 0, 0, 0, 0, 0, 0, 0, 0, 0, 0, 0, 0, 0, 0, 0, 0, 0, 0, 0, 0, 0, 0, 0, 0, 0, 0, 0, 0, 0, 0, 0, 0, 0, -0.0011832017, -0.00096705975, -0.0009007855, -0.0008245691, -0.00078173645, -0.0007639702, -0.0007290778, -0.00069278857, -0.00067407294, -0.00063635095, -0.0005988781, -0.0005626908, -0.0005453234, -0.0005119261, -0.0004806033, -0.0004656832, -0.0004373827, -0.0004110097, -0.00038659282, -0.0003752302, -0.0003544237, -0.00033670853, -0.0003292369, -0.00031740378, -0.000310177, -0.00030780712, -0.00030845942, -0.00031329296, -0.00032241226, -0.00032838012, -0.00034303486, -0.000360865, -0.00037084677, -0.00039291815, -0.0004178579, -0.0004455279, -0.00046035292, -0.00049186155, -0.00052557146, -0.000543048, -0.0005786751, -0.00061448157, -0.0006494021, -0.0006662149, -0.00069804327, -0.00072793866, -0.00074316503, -0.0007814743, -0.0008565908, -0.0009274853, -0.001205083, 0, 0, 0, 0, 0, 0, 0, 0, 0, 0, 0, 0, 0, 0, 0, 0, 0, 0, 0, 0, 0, 0, 0, 0, 0, 0, 0, 0, 0, 0, 0, 0, 0, 0, 0, 0, 0, 0, 0, 0, 0, 0, 0, 0, 0, 0, 0, 0, 0
0, 0, 0, 0, 0, 0, 0, 0, 0, 0, 0, 0, 0, 0, 0, 0, 0, 0, 0, 0, 0, 0, 0, 0, 0, 0, 0, 0, 0, 0, 0, 0, 0, 0, 0, 0, 0, 0, 0, 0, 0, 0, 0, 0, 0, 0, 0, 0, 0, 0, -0.0013578194, -0.0010500435, -0.00097236794, -0.000893676, -0.00085861364, -0.0008462834, -0.0008239432, -0.0008012362, -0.0007895629, -0.0007655087, -0.0007414196, -0.00071774534, -0.0007061324, -0.000683639, -0.0006622212, -0.00065196154, -0.0006322839, -0.0006138209, -0.00059657876, -0.0005885346, -0.00057380204, -0.0005612968, -0.00055602053, -0.00054774916, -0.00054274837, -0.00054131873, -0.00054193044, -0.0005456839, -0.00055251387, -0.00055700913, -0.0005678118, -0.00058073894, -0.0005879026, -0.00060359825, -0.0006208784, -0.00063957984, -0.000649431, -0.000670168, -0.00069195987, -0.00070314953, -0.00072571734, -0.0007479939, -0.0007690036, -0.00077877013, -0.0007963419, -0.0008118003, -0.00081974023, -0.0008429089, -0.00089680246, -0.0009460563, -0.0010730773, 0, 0, 0, 0, 0, 0, 0, 0, 0, 0, 0, 0, 0, 0, 0, 0, 0, 0, 0, 0, 0, 0, 0, 0, 0, 0, 0, 0, 0, 0, 0, 0, 0, 0, 0, 0, 0, 0, 0, 0, 0, 0, 0, 0, 0, 0, 0, 0, 0
0, 0, 0, 0, 0, 0, 0, 0, 0, 0, 0, 0, 0, 0, 0, 0, 0, 0, 0, 0, 0, 0, 0, 0, 0, 0, 0, 0, 0, 0, 0, 0, 0, 0, 0, 0, 0, 0, 0, 0, 0, 0, 0, 0, 0, 0, 0, 0, 0, 0, -0.0012213371, -0.0010719678, -0.0010128414, -0.00094910467, -0.00092601916, -0.0009204476, -0.00091256195, -0.0009050896, -0.00090102357, -0.00089212734, -0.0008823747, -0.0008721396, -0.0008668848, -0.0008562397, -0.0008455575, -0.0008403098, -0.00082990626, -0.00081989693, -0.0008104023, -0.0008059663, -0.00079785095, -0.0007911558, -0.0007883826, -0.0007841924, -0.00078187836, -0.00078153785, -0.0007821133, -0.0007847272, -0.0007890716, -0.0007919576, -0.0007988493, -0.00080716703, -0.00081177324, -0.00082161004, -0.0008321068, -0.00084270147, -0.00084802776, -0.00085843087, -0.0008684108, -0.0008731547, -0.00088219467, -0.0008902098, -0.00089674094, -0.00089926313, -0.00090292824, -0.00090605614, -0.0009089973, -0.00092652335, -0.0009853791, -0.0010429819, -0.0011986844, 0, 0, 0, 0, 0, 0, 0, 0, 0, 0, 0, 0, 0, 0, 0, 0, 0, 0, 0, 0, 0, 0, 0, 0, 0, 0, 0, 0, 0, 0, 0, 0, 0, 0, 0, 0, 0, 0, 0, 0, 0, 0, 0, 0, 0, 0, 0, 0, 0
0, 0, 0, 0, 0, 0, 0, 0, 0, 0, 0, 0, 0, 0, 0, 0, 0, 0, 0, 0, 0, 0, 0, 0, 0, 0, 0, 0, 0, 0, 0, 0, 0, 0, 0, 0, 0, 0, 0, 0, 0, 0, 0, 0, 0, 0, 0, 0, 0, 0, -0.0013834145, -0.0011583708, -0.0010777591, -0.0010011523, -0.0009853799, -0.000986603, -0.0009942923, -0.0010029842, -0.0010068365, -0.0010131382, -0.0010177415, -0.0010207281, -0.0010217554, -0.0010228629, -0.0010229362, -0.0010226656, -0.0010214839, -0.0010197619, -0.0010176823, -0.0010166784, -0.0010147962, -0.0010133664, -0.0010128552, -0.0010122975, -0.0010122273, -0.00101273, -0.001013173, -0.0010143778, -0.0010162741, -0.0010174946, -0.0010206505, -0.0010247737, -0.0010271211, -0.0010320749, -0.001036904, -0.0010409566, -0.001042386, -0.0010439731, -0.0010435127, -0.0010424844, -0.0010387882, -0.0010329871, -0.0010250828, -0.0010203375, -0.0010099073, -0.0010008961, -0.0009995156, -0.00101732, -0.0011032114, -0.0011930042, -0.001441469, 0, 0, 0, 0, 0, 0, 0, 0, 0, 0, 0, 0, 0, 0, 0, 0, 0, 0, 0, 0, 0, 0, 0, 0, 0, 0, 0, 0, 0, 0, 0, 0, 0, 0, 0, 0, 0, 0, 0, 0, 0, 0, 0, 0, 0, 0, 0, 0, 0
0, 0, 0, 0, 0, 0, 0, 0, 0, 0, 0, 0, 0, 0, 0, 0, 0, 0, 0, 0, 0, 0, 0, 0, 0, 0, 0, 0, 0, 0, 0, 0, 0, 0, 0, 0, 0, 0, 0, 0, 0, 0, 0, 0, 0, 0, 0, 0, 0, 0, -0.0016776639, -0.0012361988, -0.0011256167, -0.0010402447, -0.0010373419, -0.0010468846, -0.0010720236, -0.001097222, -0.0011087211, -0.0011292221, -0.0011466966, -0.0011616087, -0.0011682059, -0.0011798287, -0.0011896018, -0.0011938085, -0.0012009386, -0.0012065533, -0.0012109845, -0.0012128042, -0.001216054, -0.001218811, -0.0012200532, -0.0012223071, -0.0012240172, -0.0012250118, -0.0012252436, -0.0012251788, -0.0012247625, -0.001224523, -0.001224287, -0.0012244588, -0.0012247099, -0.0012253096, -0.0012252857, -0.0012237618, -0.0012220818, -0.0012164675, -0.0012075093, -0.0012017153, -0.0011873071, -0.0011693481, -0.0011479523, -0.0011360927, -0.0011104696, -0.0010855353, -0.0010765392, -0.0010827751, -0.0011777305, -0.0012972984, -0.0017659435, 0, 0, 0, 0, 0, 0, 0, 0, 0, 0, 0, 0, 0, 0, 0, 0, 0, 0, 0, 0, 0, 0, 0, 0, 0, 0, 0, 0, 0, 0, 0, 0, 0, 0, 0, 0, 0, 0, 0, 0, 0, 0, 0, 0, 0, 0, 0, 0, 0
0, 0, 0, 0, 0, 0, 0, 0, 0, 0, 0, 0, 0, 0, 0, 0, 0, 0, 0, 0, 0, 0, 0, 0, 0, 0, 0, 0, 0, 0, 0, 0, 0, 0, 0, 0, 0, 0, 0, 0, 0, 0, 0, 0, 0, 0, 0, 0, 0, 0, 0, -0.001155622, -0.001104155, -0.0010678391, -0.0010903147, -0.0011101301, -0.0011530664, -0.0011931598, -0.0012111864, -0.0012433402, -0.0012711113, -0.0012952554, -0.0013061552, -0.001326031, -0.001343392, -0.0013511246, -0.0013648041, -0.001376232, -0.0013855892, -0.001389622, -0.0013967768, -0.0014026504, -0.0014052268, -0.0014095675, -0.0014127094, -0.0014143125, -0.0014144921, -0.0014136686, -0.0014115265, -0.0014100674, -0.0014067837, -0.0014032789, -0.0014014659, -0.001397581, -0.0013928335, -0.0013861869, -0.0013818706, -0.0013704434, -0.0013550044, -0.0013455785, -0.0013231292, -0.0012959773, -0.001263824, -0.0012457955, -0.0012059825, -0.0011634366, -0.001143685, -0.001121845, -0.0011607468, -0.0012147508, 0, 0, 0, 0, 0, 0, 0, 0, 0, 0, 0, 0, 0, 0, 0, 0, 0, 0, 0, 0, 0, 0, 0, 0, 0, 0, 0, 0, 0, 0, 0, 0, 0, 0, 0, 0, 0, 0, 0, 0, 0, 0, 0, 0, 0, 0, 0, 0, 0, 0
0, 0, 0, 0, 0, 0, 0, 0, 0, 0, 0, 0, 0, 0, 0, 0, 0, 0, 0, 0, 0, 0, 0, 0, 0, 0, 0, 0, 0, 0, 0, 0, 0, 0, 0, 0, 0, 0, 0, 0, 0, 0, 0, 0, 0, 0, 0, 0, 0, 0, 0, -0.0012050145, -0.0011540714, -0.0011283635, -0.0011650278, -0.0011919471, -0.0012473612, -0.0012975774, -0.0013199678, -0.0013596476, -0.0013938012, -0.0014236361, -0.0014372425, -0.0014622621, -0.0014844821, -0.001494546, -0.0015125286, -0.001527828, -0.0015406199, -0.0015462223, -0.0015561013, -0.001564284, -0.0015678492, -0.0015738269, -0.001578198, -0.0015805571, -0.0015809064, -0.0015798142, -0.001576548, -0.0015741338, -0.0015682342, -0.0015611176, -0.001557214, -0.0015486944, -0.0015390025, -0.0015273072, -0.0015205215, -0.0015044468, -0.0014843903, -0.0014726943, -0.0014455904, -0.0014131749, -0.0013747993, -0.001353131, -0.001304663, -0.0012509604, -0.0012247445, -0.0011888143, -0.0012160427, -0.0012689221, 0, 0, 0, 0, 0, 0, 0, 0, 0, 0, 0, 0, 0, 0, 0, 0, 0, 0, 0, 0, 0, 0, 0, 0, 0, 0, 0, 0, 0, 0, 0, 0, 0, 0, 0, 0, 0, 0, 0, 0, 0, 0, 0, 0, 0, 0, 0, 0, 0, 0
0, 0, 0, 0, 0, 0, 0, 0, 0, 0, 0, 0, 0, 0, 0, 0, 0, 0, 0, 0, 0, 0, 0, 0, 0, 0, 0, 0, 0, 0, 0, 0, 0, 0, 0, 0, 0, 0, 0, 0, 0, 0, 0, 0, 0, 0, 0, 0, 0, 0, 0, -0.0013301283, -0.0012686967, -0.0012337647, -0.0012715772, -0.0013003031, -0.0013598552, -0.0014135631, -0.0014374416, -0.001479757, -0.0015161206, -0.0015480514, -0.0015626977, -0.0015898126, -0.0016141903, -0.0016254239, -0.0016457728, -0.0016634536, -0.0016785369, -0.0016852642, -0.0016969871, -0.0017068487, -0.0017111222, -0.0017182565, -0.0017234278, -0.0017261958, -0.0017265772, -0.0017251706, -0.0017207726, -0.0017175422, -0.0017091288, -0.0016985774, -0.0016925487, -0.0016793269, -0.0016645378, -0.0016480028, -0.0016389152, -0.0016189273, -0.0015958209, -0.001582965, -0.0015541476, -0.001520586, -0.0014813923, -0.0014593721, -0.0014102153, -0.0013563887, -0.001330902, -0.0013008517, -0.0013464731, -0.001414615, 0, 0, 0, 0, 0, 0, 0, 0, 0, 0, 0, 0, 0, 0, 0, 0, 0, 0, 0, 0, 0, 0, 0, 0, 0, 0, 0, 0, 0, 0, 0, 0, 0, 0, 0, 0, 0, 0, 0, 0, 0, 0, 0, 0, 0, 0, 0, 0, 0, 0
0, 0, 0, 0, 0, 0, 0, 0, 0, 0, 0, 0, 0, 0, 0, 0, 0, 0, 0, 0, 0, 0, 0, 0, 0, 0, 0, 0, 0, 0, 0, 0, 0, 0, 0, 0, 0, 0, 0, 0, 0, 0, 0, 0, 0, 0, 0, 0, 0, 0, 0, -0.0014986864, -0.0014251142, -0.0013731589, -0.0014023505, -0.0014284888, -0.0014843367, -0.0015355394, -0.0015584643, -0.0015992814, -0.0016347306, -0.0016661966, -0.0016807661, -0.001708174, -0.0017332565, -0.0017449943, -0.0017667576, -0.0017861753, -0.0018033385, -0.001810977, -0.00182448, -0.0018357252, -0.0018405076, -0.001848218, -0.0018532879, -0.0018555635, -0.0018555124, -0.0018528184, -0.0018466891, -0.0018423434, -0.001831109, -0.0018169294, -0.0018088385, -0.0017908476, -0.0017710726, -0.0017496201, -0.0017383429, -0.0017146834, -0.0016892, -0.0016756932, -0.0016466662, -0.0016142421, -0.0015775757, -0.0015573426, -0.0015130218, -0.0014673717, -0.0014483262, -0.0014403895, -0.0015276967, -0.0016227606, 0, 0, 0, 0, 0, 0, 0, 0, 0, 0, 0, 0, 0, 0, 0, 0, 0, 0, 0, 0, 0, 0, 0, 0, 0, 0, 0, 0, 0, 0, 0, 0, 0, 0, 0, 0, 0, 0, 0, 0, 0, 0, 0, 0, 0, 0, 0, 0, 0, 0
0, 0, 0, 0, 0, 0, 0, 0, 0, 0, 0, 0, 0, 0, 0, 0, 0, 0, 0, 0, 0, 0, 0, 0, 0, 0, 0, 0, 0, 0, 0, 0, 0, 0, 0, 0, 0, 0, 0, 0, 0, 0, 0, 0, 0, 0, 0, 0, 0, 0, 0, -0.0017151585, -0.0016164875, -0.0015262525, -0.001534886, -0.0015547614, -0.001602188, -0.0016481215, -0.0016691455, -0.0017074092, -0.0017413907, -0.0017722759, -0.0017868167, -0.0018145661, -0.0018406372, -0.001853034, -0.0018766689, -0.0018985743, -0.0019183342, -0.0019273056, -0.0019432601, -0.0019562782, -0.0019616066, -0.0019696292, -0.0019740136, -0.0019747147, -0.001973639, -0.0019685254, -0.0019595213, -0.0019535606, -0.0019388918, -0.0019206853, -0.0019103512, -0.0018875817, -0.0018624731, -0.001835796, -0.0018220327, -0.0017937873, -0.0017649302, -0.0017502365, -0.0017199297, -0.0016877291, -0.0016526167, -0.0016336752, -0.0015934211, -0.0015554978, -0.0015435303, -0.001565627, -0.0017296089, -0.0018876037, 0, 0, 0, 0, 0, 0, 0, 0, 0, 0, 0, 0, 0, 0, 0, 0, 0, 0, 0, 0, 0, 0, 0, 0, 0, 0, 0, 0, 0, 0, 0, 0, 0, 0, 0, 0, 0, 0, 0, 0, 0, 0, 0, 0, 0, 0, 0, 0, 0, 0
0, 0, 0, 0, 0, 0, 0, 0, 0, 0, 0, 0, 0, 0, 0, 0, 0, 0, 0, 0, 0, 0, 0, 0, 0, 0, 0, 0, 0, 0, 0, 0, 0, 0, 0, 0, 0, 0, 0, 0, 0, 0, 0, 0, 0, 0, 0, 0, 0, 0, 0, -0.0019866657, -0.0018226908, -0.0016544542, -0.0016341214, -0.0016477421, -0.0016892385, -0.0017330162, -0.0017537243, -0.0017922719, -0.0018275449, -0.001860472, -0.0018762326, -0.0019066046, -0.0019357024, -0.0019497586, -0.0019769825, -0.0020027536, -0.002026505, -0.0020374646, -0.0020569323, -0.0020726104, -0.002078816, -0.0020875975, -0.0020914117, -0.002090321, -0.0020879952, -0.0020798328, -0.0020673336, -0.0020594704, -0.0020408123, -0.0020182275, -0.0020054595, -0.001977488, -0.0019465871, -0.001913662, -0.0018966512, -0.0018620462, -0.0018271141, -0.0018096302, -0.0017743107, -0.0017379895, -0.0016994285, -0.0016789398, -0.0016358738, -0.001595982, -0.0015841455, -0.0016167931, -0.0018498471, -0.0021185158, 0, 0, 0, 0, 0, 0, 0, 0, 0, 0, 0, 0, 0, 0, 0, 0, 0, 0, 0, 0, 0, 0, 0, 0, 0, 0, 0, 0, 0, 0, 0, 0, 0, 0, 0, 0, 0, 0, 0, 0, 0, 0, 0, 0, 0, 0, 0, 0, 0, 0
0, 0, 0, 0, 0, 0, 0, 0, 0, 0, 0, 0, 0, 0, 0, 0, 0, 0, 0, 0, 0, 0, 0, 0, 0, 0, 0, 0, 0, 0, 0, 0, 0, 0, 0, 0, 0, 0, 0, 0, 0, 0, 0, 0, 0, 0, 0, 0, 0, 0, 0, -0.0022212057, -0.001940186, -0.0017000276, -0.0016704068, -0.0016848925, -0.0017309573, -0.0017804841, -0.0018042012, -0.0018491294, -0.0018910799, -0.00193074, -0.0019496974, -0.0019864903, -0.0020216194, -0.0020386435, -0.0020714775, -0.002102638, -0.0021315827, -0.00214491, -0.002168822, -0.0021879356, -0.0021954388, -0.0022058925, -0.0022099947, -0.0022078822, -0.0022046168, -0.0021940742, -0.002178514, -0.0021689779, -0.0021465267, -0.0021195873, -0.0021044908, -0.0020711555, -0.0020340323, -0.0019938347, -0.0019728425, -0.0019295488, -0.0018853452, -0.0018630103, -0.0018177772, -0.0017712682, -0.0017224721, -0.0016968271, -0.0016434387, -0.0015932174, -0.0015756363, -0.0015866195, -0.0017116009, -0.0017974846, 0, 0, 0, 0, 0, 0, 0, 0, 0, 0, 0, 0, 0, 0, 0, 0, 0, 0, 0, 0, 0, 0, 0, 0, 0, 0, 0, 0, 0, 0, 0, 0, 0, 0, 0, 0, 0, 0, 0, 0, 0, 0, 0, 0, 0, 0, 0, 0, 0, 0
0, 0, 0, 0, 0, 0, 0, 0, 0, 0, 0, 0, 0, 0, 0, 0, 0, 0, 0, 0, 0, 0, 0, 0, 0, 0, 0, 0, 0, 0, 0, 0, 0, 0, 0, 0, 0, 0, 0, 0, 0, 0, 0, 0, 0, 0, 0, 0, 0, 0, 0, -0.0018743043, -0.0017860697, -0.001660503, -0.0016546797, -0.0016758643, -0.0017344998, -0.0017969917, -0.0018273869, -0.0018854667, -0.0019400085, -0.0019913935, -0.0020159069, -0.0020627256, -0.0021066759, -0.0021276267, -0.0021676219, -0.0022049672, -0.002239264, -0.0022550174, -0.002283115, -0.0023057573, -0.0023146896, -0.0023272948, -0.00233264, -0.002330888, -0.0023274634, -0.0023160721, -0.002298912, -0.0022883636, -0.0022633446, -0.0022331139, -0.0022160904, -0.0021780643, -0.002134956, -0.0020873928, -0.002062101, -0.002008967, -0.001953159, -0.0019243909, -0.0018651935, -0.0018033005, -0.0017380576, -0.0017040605, -0.0016350233, -0.001574672, -0.0015575013, -0.0015943651, -0.0018060827, -0.0019516737, 0, 0, 0, 0, 0, 0, 0, 0, 0, 0, 0, 0, 0, 0, 0, 0, 0, 0, 0, 0, 0, 0, 0, 0, 0, 0, 0, 0, 0, 0, 0, 0, 0, 0, 0, 0, 0, 0, 0, 0, 0, 0, 0, 0, 0, 0, 0, 0, 0, 0
0, 0, 0, 0, 0, 0, 0, 0, 0, 0, 0, 0, 0, 0, 0, 0, 0, 0, 0, 0, 0, 0, 0, 0, 0, 0, 0, 0, 0, 0, 0, 0, 0, 0, 0, 0, 0, 0, 0, 0, 0, 0, 0, 0, 0, 0, 0, 0, 0, 0, 0, -0.0020310194, -0.0018801065, -0.0016634966, -0.001630814, -0.0016518651, -0.001721929, -0.0018020885, -0.0018418877, -0.0019184032, -0.0019901732, -0.0020569488, -0.0020884932, -0.0021477093, -0.002202087, -0.0022275238, -0.00227504, -0.0023182766, -0.002357075, -0.0023746835, -0.0024057825, -0.0024308458, -0.0024407655, -0.0024552091, -0.0024621966, -0.0024617873, -0.0024589289, -0.002448293, -0.002431458, -0.0024207784, -0.0023950303, -0.0023632701, -0.002345095, -0.0023039412, -0.0022564172, -0.0022026738, -0.00217359, -0.002111318, -0.0020440281, -0.0020085715, -0.0019338812, -0.0018540362, -0.0017684296, -0.0017235422, -0.0016324851, -0.0015536501, -0.0015319705, -0.0015901627, -0.0019656336, -0.0023285167, 0, 0, 0, 0, 0, 0, 0, 0, 0, 0, 0, 0, 0, 0, 0, 0, 0, 0, 0, 0, 0, 0, 0, 0, 0, 0, 0, 0, 0, 0, 0, 0, 0, 0, 0, 0, 0, 0, 0, 0, 0, 0, 0, 0, 0, 0, 0, 0, 0, 0
0, 0, 0, 0, 0, 0, 0, 0, 0, 0, 0, 0, 0, 0, 0, 0, 0, 0, 0, 0, 0, 0, 0, 0, 0, 0, 0, 0, 0, 0, 0, 0, 0, 0, 0, 0, 0, 0, 0, 0, 0, 0, 0, 0, 0, 0, 0, 0, 0, 0, 0, -0.002422064, -0.0020427664, -0.0016546455, -0.0015997308, -0.0016257564, -0.0017156247, -0.0018190406, -0.0018702489, -0.0019681484, -0.002058873, -0.0021421162, -0.0021809347, -0.002252987, -0.0023176693, -0.0023474433, -0.0024019827, -0.0024500948, -0.0024920874, -0.0025107458, -0.0025431665, -0.0025689942, -0.0025792816, -0.0025945392, -0.0026027013, -0.0026038769, -0.0026018976, -0.0025930111, -0.0025777763, -0.002567759, -0.0025428275, -0.0025112252, -0.0024928185, -0.0024504757, -0.0024006695, -0.0023432449, -0.002311654, -0.0022427652, -0.0021663446, -0.0021253058, -0.0020372442, -0.0019406787, -0.0018349843, -0.0017787863, -0.0016621221, -0.001552645, -0.0015115179, -0.0014994141, -0.0016081668, 0, 0, 0, 0, 0, 0, 0, 0, 0, 0, 0, 0, 0, 0, 0, 0, 0, 0, 0, 0, 0, 0, 0, 0, 0, 0, 0, 0, 0, 0, 0, 0, 0, 0, 0, 0, 0, 0, 0, 0, 0, 0, 0, 0, 0, 0, 0, 0, 0, 0, 0
0, 0, 0, 0, 0, 0, 0, 0, 0, 0, 0, 0, 0, 0, 0, 0, 0, 0, 0, 0, 0, 0, 0, 0, 0, 0, 0, 0, 0, 0, 0, 0, 0, 0, 0, 0, 0, 0, 0, 0, 0, 0, 0, 0, 0, 0, 0, 0, 0, 0, 0, 0, -0.001662677, -0.0015540067, -0.0015732459, -0.0016196938, -0.0017413317, -0.0018708515, -0.0019334755, -0.0020515963, -0.0021593138, -0.0022568507, -0.0023018902, -0.0023847863, -0.002458266, -0.0024916567, -0.0025520076, -0.0026039593, -0.002647973, -0.0026671167, -0.0026997929, -0.0027252047, -0.0027353172, -0.0027504163, -0.002759026, -0.0027613568, -0.0027601912, -0.0027531367, -0.0027397664, -0.002730643, -0.0027072558, -0.0026766907, -0.002658619, -0.0026166178, -0.002566439, -0.0025077546, -0.002475049, -0.0024028146, -0.0023210251, -0.0022763952, -0.0021793633, -0.002071121, -0.0019507385, -0.0018860602, -0.001750233, -0.0016193119, -0.0015674802, -0.0015379963, -0.0016502629, 0, 0, 0, 0, 0, 0, 0, 0, 0, 0, 0, 0, 0, 0, 0, 0, 0, 0, 0, 0, 0, 0, 0, 0, 0, 0, 0, 0, 0, 0, 0, 0, 0, 0, 0, 0, 0, 0, 0, 0, 0, 0, 0, 0, 0, 0, 0, 0, 0, 0, 0
0, 0, 0, 0, 0, 0, 0, 0, 0, 0, 0, 0, 0, 0, 0, 0, 0, 0, 0, 0, 0, 0, 0, 0, 0, 0, 0, 0, 0, 0, 0, 0, 0, 0, 0, 0, 0, 0, 0, 0, 0, 0, 0, 0, 0, 0, 0, 0, 0, 0, 0, 0, -0.0016996047, -0.0015881483, -0.0016258755, -0.0016833608, -0.0018266658, -0.0019750947, -0.0020458915, -0.0021779214, -0.002297003, -0.0024039182, -0.0024530573, -0.0025432443, -0.0026228384, -0.0026588158, -0.0027232114, -0.002778004, -0.002823499, -0.002842923, -0.0028755674, -0.002900476, -0.0029103013, -0.0029250472, -0.0029337513, -0.0029367676, -0.002936075, -0.0029302547, -0.0029181435, -0.0029096238, -0.002887404, -0.0028577677, -0.0028401106, -0.0027987482, -0.0027490347, -0.0026904372, -0.0026576049, -0.0025844392, -0.0025007732, -0.0024547295, -0.0023538244, -0.002240368, -0.0021135425, -0.0020451562, -0.001901559, -0.0017642555, -0.0017116958, -0.0016926123, -0.0018326497, 0, 0, 0, 0, 0, 0, 0, 0, 0, 0, 0, 0, 0, 0, 0, 0, 0, 0, 0, 0, 0, 0, 0, 0, 0, 0, 0, 0, 0, 0, 0, 0, 0, 0, 0, 0, 0, 0, 0, 0, 0, 0, 0, 0, 0, 0, 0, 0, 0, 0, 0
0, 0, 0, 0, 0, 0, 0, 0, 0, 0, 0, 0, 0, 0, 0, 0, 0, 0, 0, 0, 0, 0, 0, 0, 0, 0, 0, 0, 0, 0, 0, 0, 0, 0, 0, 0, 0, 0, 0, 0, 0, 0, 0, 0, 0, 0, 0, 0, 0, 0, 0, 0, -0.0018830993, -0.0017435449, -0.0017709021, -0.0018291463, -0.0019784681, -0.0021337192, -0.0022075912, -0.0023447718, -0.0024681168, -0.0025787095, -0.0026295602, -0.002722879, -0.002805352, -0.0028426247, -0.0029093218, -0.0029657392, -0.0030123035, -0.003032045, -0.0030650222, -0.0030900366, -0.0030998457, -0.003114742, -0.003123713, -0.0031270157, -0.0031265204, -0.0031210165, -0.003109105, -0.0031006336, -0.003078436, -0.0030487117, -0.0030309916, -0.002989652, -0.002940118, -0.0028817437, -0.0028490887, -0.0027760174, -0.002692181, -0.0026459412, -0.0025444974, -0.0024305824, -0.0023038741, -0.0022359956, -0.0020945976, -0.0019632073, -0.0019162894, -0.001917954, -0.0020880883, 0, 0, 0, 0, 0, 0, 0, 0, 0, 0, 0, 0, 0, 0, 0, 0, 0, 0, 0, 0, 0, 0, 0, 0, 0, 0, 0, 0, 0, 0, 0, 0, 0, 0, 0, 0, 0, 0, 0, 0, 0, 0, 0, 0, 0, 0, 0, 0, 0, 0, 0
0, 0, 0, 0, 0, 0, 0, 0, 0, 0, 0, 0, 0, 0, 0, 0, 0, 0, 0, 0, 0, 0, 0, 0, 0, 0, 0, 0, 0, 0, 0, 0, 0, 0, 0, 0, 0, 0, 0, 0, 0, 0, 0, 0, 0, 0, 0, 0, 0, 0, 0, 0, -0.0021435786, -0.0019737901, -0.0019802994, -0.0020328686, -0.0021759325, -0.002327962, -0.0024007272, -0.002536362, -0.0026587076, -0.00276874, -0.00281942, -0.0029127225, -0.0029954414, -0.003032906, -0.0031000786, -0.0031569565, -0.003203978, -0.0032240008, -0.0032576104, -0.0032833316, -0.0032934973, -0.0033090378, -0.003318523, -0.0033219436, -0.003321365, -0.003315295, -0.0033024356, -0.0032933073, -0.003269636, -0.0032385434, -0.0032201475, -0.003177743, -0.003127475, -0.0030685768, -0.0030357304, -0.0029623592, -0.0028780806, -0.0028316074, -0.002729769, -0.002615828, -0.0024902031, -0.0024237263, -0.0022886747, -0.0021731085, -0.0021406794, -0.002191997, -0.0024252376, 0, 0, 0, 0, 0, 0, 0, 0, 0, 0, 0, 0, 0, 0, 0, 0, 0, 0, 0, 0, 0, 0, 0, 0, 0, 0, 0, 0, 0, 0, 0, 0, 0, 0, 0, 0, 0, 0, 0, 0, 0, 0, 0, 0, 0, 0, 0, 0, 0, 0, 0
0, 0, 0, 0, 0, 0, 0, 0, 0, 0, 0, 0, 0, 0, 0, 0, 0, 0, 0, 0, 0, 0, 0, 0, 0, 0, 0, 0, 0, 0, 0, 0, 0, 0, 0, 0, 0, 0, 0, 0, 0, 0, 0, 0, 0, 0, 0, 0, 0, 0, 0, 0, -0.0024891014, -0.0022551196, -0.0022112927, -0.002249119, -0.0023760265, -0.0025210474, -0.0025918412, -0.0027249425, -0.002845545, -0.0029541699, -0.0030042473, -0.0030964266, -0.0031782428, -0.0032152117, -0.0032817144, -0.0033381535, -0.0033851578, -0.003405325, -0.003439578, -0.0034662217, -0.0034769285, -0.003493356, -0.0035032388, -0.003506468, -0.003505466, -0.00349793, -0.003482974, -0.0034726423, -0.0034462628, -0.0034126423, -0.0033930806, -0.0033485207, -0.0032964176, -0.0032360014, -0.003202333, -0.0031272285, -0.0030408655, -0.002993134, -0.0028882134, -0.0027703699, -0.0026401533, -0.0025714927, -0.0024352008, -0.002333168, -0.0023218861, -0.0024765811, -0.0028901305, 0, 0, 0, 0, 0, 0, 0, 0, 0, 0, 0, 0, 0, 0, 0, 0, 0, 0, 0, 0, 0, 0, 0, 0, 0, 0, 0, 0, 0, 0, 0, 0, 0, 0, 0, 0, 0, 0, 0, 0, 0, 0, 0, 0, 0, 0, 0, 0, 0, 0, 0
0, 0, 0, 0, 0, 0, 0, 0, 0, 0, 0, 0, 0, 0, 0, 0, 0, 0, 0, 0, 0, 0, 0, 0, 0, 0, 0, 0, 0, 0, 0, 0, 0, 0, 0, 0, 0, 0, 0, 0, 0, 0, 0, 0, 0, 0, 0, 0, 0, 0, 0, 0, -0.0029652072, -0.0025457689, -0.0023958127, -0.0024119625, -0.0025247554, -0.0026704473, -0.0027428486, -0.0028790887, -0.003001715, -0.0031112782, -0.0031615472, -0.0032536194, -0.003335034, -0.003371858, -0.0034378064, -0.0034939917, -0.003541096, -0.0035615251, -0.0035965093, -0.0036241102, -0.0036353744, -0.0036525792, -0.003662689, -0.003665156, -0.0036634312, -0.0036537473, -0.003635746, -0.0036237016, -0.0035938069, -0.0035565984, -0.003535377, -0.0034877707, -0.003432806, -0.0033695414, -0.0033344203, -0.0032560774, -0.003165714, -0.0031155702, -0.0030045758, -0.0028780764, -0.0027356143, -0.0026590994, -0.002503838, -0.0023851667, -0.0023750642, -0.0026165142, -0.0035141588, 0, 0, 0, 0, 0, 0, 0, 0, 0, 0, 0, 0, 0, 0, 0, 0, 0, 0, 0, 0, 0, 0, 0, 0, 0, 0, 0, 0, 0, 0, 0, 0, 0, 0, 0, 0, 0, 0, 0, 0, 0, 0, 0, 0, 0, 0, 0, 0, 0, 0, 0
0, 0, 0, 0, 0, 0, 0, 0, 0, 0, 0, 0, 0, 0, 0, 0, 0, 0, 0, 0, 0, 0, 0, 0, 0, 0, 0, 0, 0, 0, 0, 0, 0, 0, 0, 0, 0, 0, 0, 0, 0, 0, 0, 0, 0, 0, 0, 0, 0, 0, 0, 0, -0.0036027094, -0.0026832304, -0.002443397, -0.0024580422, -0.0025869177, -0.0027506389, -0.0028303114, -0.0029770967, -0.0031062711, -0.0032197223, -0.0032713376, -0.0033654126, -0.0034482232, -0.0034856368, -0.0035527511, -0.0036101528, -0.0036585343, -0.003679639, -0.0037160176, -0.003745051, -0.0037568356, -0.003774841, -0.0037848596, -0.0037862968, -0.003783655, -0.0037713584, -0.0037499105, -0.003735905, -0.0037017984, -0.0036602723, -0.0036368642, -0.0035849847, -0.0035258196, -0.0034582447, -0.0034209187, -0.0033379127, -0.0032423304, -0.0031892469, -0.0030712518, -0.002935721, -0.0027804307, -0.0026951681, -0.002515429, -0.0023535846, -0.0023046434, -0.002345589, 0, 0, 0, 0, 0, 0, 0, 0, 0, 0, 0, 0, 0, 0, 0, 0, 0, 0, 0, 0, 0, 0, 0, 0, 0, 0, 0, 0, 0, 0, 0, 0, 0, 0, 0, 0, 0, 0, 0, 0, 0, 0, 0, 0, 0, 0, 0, 0, 0, 0, 0, 0
0, 0, 0, 0, 0, 0, 0, 0, 0, 0, 0, 0, 0, 0, 0, 0, 0, 0, 0, 0, 0, 0, 0, 0, 0, 0, 0, 0, 0, 0, 0, 0, 0, 0, 0, 0, 0, 0, 0, 0, 0, 0, 0, 0, 0, 0, 0, 0, 0, 0, 0, 0, 0, -0.0023936643, -0.002358567, -0.002412224, -0.0025834257, -0.0027700956, -0.0028574448, -0.0030149776, -0.0031509134, -0.0032691646, -0.0033227836, -0.0034204535, -0.0035066989, -0.0035457881, -0.003616359, -0.0036771444, -0.0037287646, -0.0037513438, -0.0037903818, -0.0038214417, -0.003833999, -0.003852887, -0.003862944, -0.003863382, -0.003859796, -0.003844919, -0.0038200684, -0.003804031, -0.0037654035, -0.0037187634, -0.0036926542, -0.003635045, -0.0035699003, -0.0034962113, -0.0034557842, -0.0033667926, -0.0032654146, -0.0032095714, -0.0030861844, -0.0029457572, -0.0027861756, -0.0026994846, -0.0025198467, -0.0023675864, -0.0023300424, -0.0024116475, 0, 0, 0, 0, 0, 0, 0, 0, 0, 0, 0, 0, 0, 0, 0, 0, 0, 0, 0, 0, 0, 0, 0, 0, 0, 0, 0, 0, 0, 0, 0, 0, 0, 0, 0, 0, 0, 0, 0, 0, 0, 0, 0, 0, 0, 0, 0, 0, 0, 0, 0, 0
0, 0, 0, 0, 0, 0, 0, 0, 0, 0, 0, 0, 0, 0, 0, 0, 0, 0, 0, 0, 0, 0, 0, 0, 0, 0, 0, 0, 0, 0, 0, 0, 0, 0, 0, 0, 0, 0, 0, 0, 0, 0, 0, 0, 0, 0, 0, 0, 0, 0, 0, 0, 0, -0.0024450393, -0.0023682683, -0.0024096083, -0.0025690913, -0.002753397, -0.0028410812, -0.0030005001, -0.0031391077, -0.0032607242, -0.0033162246, -0.0034182074, -0.0035094018, -0.003551172, -0.003627185, -0.0036934302, -0.0037500488, -0.003774878, -0.0038177262, -0.0038516389, -0.0038651729, -0.0038852326, -0.0038953968, -0.0038950234, -0.003890766, -0.0038738267, -0.0038459797, -0.0038281207, -0.0037850058, -0.00373282, -0.0037035486, -0.003638804, -0.0035657424, -0.0034840486, -0.0034396641, -0.00334318, -0.0032354177, -0.0031769464, -0.0030500027, -0.0029086394, -0.0027526703, -0.0026707873, -0.0025130222, -0.002419297, -0.0024386002, -0.0027156442, 0, 0, 0, 0, 0, 0, 0, 0, 0, 0, 0, 0, 0, 0, 0, 0, 0, 0, 0, 0, 0, 0, 0, 0, 0, 0, 0, 0, 0, 0, 0, 0, 0, 0, 0, 0, 0, 0, 0, 0, 0, 0, 0, 0, 0, 0, 0, 0, 0, 0, 0, 0
0, 0, 0, 0, 0, 0, 0, 0, 0, 0, 0, 0, 0, 0, 0, 0, 0, 0, 0, 0, 0, 0, 0, 0, 0, 0, 0, 0, 0, 0, 0, 0, 0, 0, 0, 0, 0, 0, 0, 0, 0, 0, 0, 0, 0, 0, 0, 0, 0, 0, 0, 0, 0, -0.0027377983, -0.0024633238, -0.0024466172, -0.0025452697, -0.0027055873, -0.0027875148, -0.0029415933, -0.003079653, -0.003203514, -0.0032609089, -0.0033677341, -0.0034648534, -0.0035098467, -0.0035926134, -0.0036654565, -0.0037281935, -0.0037557313, -0.003803117, -0.003840216, -0.0038548366, -0.0038762237, -0.003886682, -0.0038859302, -0.0038811665, -0.003862953, -0.0038328804, -0.0038135066, -0.0037664208, -0.0037086818, -0.0036759926, -0.0036032842, -0.003521186, -0.003429895, -0.0033808376, -0.0032755819, -0.0031605195, -0.003099147, -0.0029682608, -0.0028260034, -0.0026730758, -0.0025948116, -0.0024515656, -0.002396879, -0.0024613375, -0.0030088353, 0, 0, 0, 0, 0, 0, 0, 0, 0, 0, 0, 0, 0, 0, 0, 0, 0, 0, 0, 0, 0, 0, 0, 0, 0, 0, 0, 0, 0, 0, 0, 0, 0, 0, 0, 0, 0, 0, 0, 0, 0, 0, 0, 0, 0, 0, 0, 0, 0, 0, 0, 0
0, 0, 0, 0, 0, 0, 0, 0, 0, 0, 0, 0, 0, 0, 0, 0, 0, 0, 0, 0, 0, 0, 0, 0, 0, 0, 0, 0, 0, 0, 0, 0, 0, 0, 0, 0, 0, 0, 0, 0, 0, 0, 0, 0, 0, 0, 0, 0, 0, 0, 0, 0, 0, -0.0030232854, -0.0024759283, -0.0024130484, -0.0024709243, -0.0026153345, -0.0026933088, -0.0028440552, -0.0029830032, -0.0031105757, -0.0031705443, -0.0032835535, -0.0033876735, -0.003436316, -0.0035264546, -0.0036063434, -0.0036754215, -0.0037057563, -0.0037578363, -0.0037981607, -0.0038139536, -0.0038367475, -0.0038478284, -0.0038470526, -0.003842205, -0.003823366, -0.00379211, -0.003771706, -0.003721516, -0.0036589275, -0.003623062, -0.0035427345, -0.0034514982, -0.0033502476, -0.0032961883, -0.0031813015, -0.0030577525, -0.0029926598, -0.0028557456, -0.0027094928, -0.0025552362, -0.0024772335, -0.0023347177, -0.00226403, -0.0022883543, -0.002464153, 0, 0, 0, 0, 0, 0, 0, 0, 0, 0, 0, 0, 0, 0, 0, 0, 0, 0, 0, 0, 0, 0, 0, 0, 0, 0, 0, 0, 0, 0, 0, 0, 0, 0, 0, 0, 0, 0, 0, 0, 0, 0, 0, 0, 0, 0, 0, 0, 0, 0, 0, 0
0, 0, 0, 0, 0, 0, 0, 0, 0, 0, 0, 0, 0, 0, 0, 0, 0, 0, 0, 0, 0, 0, 0, 0, 0, 0, 0, 0, 0, 0, 0, 0, 0, 0, 0, 0, 0, 0, 0, 0, 0, 0, 0, 0, 0, 0, 0, 0, 0, 0, 0, 0, 0, -0.0024694088, -0.0022946177, -0.0022713249, -0.0023437946, -0.0024869726, -0.0025648344, -0.0027181285, -0.0028627361, -0.0029977227, -0.0030618033, -0.0031831944, -0.0032955618, -0.0033482043, -0.00344596, -0.003532848, -0.003608124, -0.0036411183, -0.0036976668, -0.003741274, -0.0037582857, -0.0037827059, -0.0037948245, -0.0037946561, -0.0037900102, -0.0037713407, -0.0037397707, -0.003718963, -0.0036669988, -0.00360099, -0.003562749, -0.003476346, -0.003377406, -0.0032673813, -0.0032085998, -0.003084224, -0.0029512246, -0.00288154, -0.0027356779, -0.0025814155, -0.0024217851, -0.002343607, -0.0022130606, -0.0021923953, -0.0022690552, -0.0026026794, 0, 0, 0, 0, 0, 0, 0, 0, 0, 0, 0, 0, 0, 0, 0, 0, 0, 0, 0, 0, 0, 0, 0, 0, 0, 0, 0, 0, 0, 0, 0, 0, 0, 0, 0, 0, 0, 0, 0, 0, 0, 0, 0, 0, 0, 0, 0, 0, 0, 0, 0, 0
0, 0, 0, 0, 0, 0, 0, 0, 0, 0, 0, 0, 0, 0, 0, 0, 0, 0, 0, 0, 0, 0, 0, 0, 0, 0, 0, 0, 0, 0, 0, 0, 0, 0, 0, 0, 0, 0, 0, 0, 0, 0, 0, 0, 0, 0, 0, 0, 0, 0, 0, 0, 0, -0.0025996387, -0.0022666666, -0.0021904586, -0.0022118238, -0.0023429343, -0.0024215144, -0.0025821559, -0.002737505, -0.002883928, -0.0029535126, -0.0030852733, -0.003206765, -0.0032634905, -0.0033685782, -0.0034619805, -0.0035427643, -0.003578215, -0.0036389413, -0.0036859177, -0.0037042743, -0.0037308342, -0.003744369, -0.0037453182, -0.0037411607, -0.0037232698, -0.003692257, -0.0036715616, -0.0036193803, -0.0035521353, -0.0035128149, -0.0034231201, -0.003319441, -0.0032033217, -0.003141005, -0.003008766, -0.0028666516, -0.0027919272, -0.0026348508, -0.0024679652, -0.0022953644, -0.002211911, -0.0020804657, -0.002104173, -0.0022556942, -0.0030627807, 0, 0, 0, 0, 0, 0, 0, 0, 0, 0, 0, 0, 0, 0, 0, 0, 0, 0, 0, 0, 0, 0, 0, 0, 0, 0, 0, 0, 0, 0, 0, 0, 0, 0, 0, 0, 0, 0, 0, 0, 0, 0, 0, 0, 0, 0, 0, 0, 0, 0, 0, 0
0, 0, 0, 0, 0, 0, 0, 0, 0, 0, 0, 0, 0, 0, 0, 0, 0, 0, 0, 0, 0, 0, 0, 0, 0, 0, 0, 0, 0, 0, 0, 0, 0, 0, 0, 0, 0, 0, 0, 0, 0, 0, 0, 0, 0, 0, 0, 0, 0, 0, 0, 0, 0, -0.0030512803, -0.002244727, -0.002093149, -0.002069116, -0.0022009143, -0.0022851406, -0.0024602327, -0.0026304645, -0.0027902517, -0.002865775, -0.0030077512, -0.003137421, -0.003197672, -0.0033087158, -0.003407008, -0.0034920732, -0.0035294325, -0.0035937165, -0.0036437162, -0.003663399, -0.0036922656, -0.0037074832, -0.0037098094, -0.0037062403, -0.0036894614, -0.0036597291, -0.0036397013, -0.003588812, -0.0035227782, -0.0034839674, -0.003394703, -0.0032905762, -0.0031725925, -0.0031088346, -0.0029722843, -0.0028237675, -0.002744934, -0.0025774564, -0.0023965852, -0.002205711, -0.002110699, -0.0019455871, -0.0018834111, -0.0019210656, 0, 0, 0, 0, 0, 0, 0, 0, 0, 0, 0, 0, 0, 0, 0, 0, 0, 0, 0, 0, 0, 0, 0, 0, 0, 0, 0, 0, 0, 0, 0, 0, 0, 0, 0, 0, 0, 0, 0, 0, 0, 0, 0, 0, 0, 0, 0, 0, 0, 0, 0, 0, 0
0, 0, 0, 0, 0, 0, 0, 0, 0, 0, 0, 0, 0, 0, 0, 0, 0, 0, 0, 0, 0, 0, 0, 0, 0, 0, 0, 0, 0, 0, 0, 0, 0, 0, 0, 0, 0, 0, 0, 0, 0, 0, 0, 0, 0, 0, 0, 0, 0, 0, 0, 0, 0, 0, -0.0019046946, -0.0018664658, -0.001927064, -0.0020918117, -0.002187322, -0.002380618, -0.0025649697, -0.0027354422, -0.0028152363, -0.0029638307, -0.0030982522, -0.0031602466, -0.0032740566, -0.0033743936, -0.0034611854, -0.0034994376, -0.0035655159, -0.0036173991, -0.0036379625, -0.0036684282, -0.0036851382, -0.0036886197, -0.0036855675, -0.0036700368, -0.0036418214, -0.0036228357, -0.0035747003, -0.0035122035, -0.0034754574, -0.0033906423, -0.0032907927, -0.0031764254, -0.003113981, -0.0029787067, -0.0028293862, -0.002749297, -0.0025773323, -0.0023889071, -0.0021869442, -0.002085053, -0.0019042423, -0.0018255688, -0.0018578052, 0, 0, 0, 0, 0, 0, 0, 0, 0, 0, 0, 0, 0, 0, 0, 0, 0, 0, 0, 0, 0, 0, 0, 0, 0, 0, 0, 0, 0, 0, 0, 0, 0, 0, 0, 0, 0, 0, 0, 0, 0, 0, 0, 0, 0, 0, 0, 0, 0, 0, 0, 0, 0
0, 0, 0, 0, 0, 0, 0, 0, 0, 0, 0, 0, 0, 0, 0, 0, 0, 0, 0, 0, 0, 0, 0, 0, 0, 0, 0, 0, 0, 0, 0, 0, 0, 0, 0, 0, 0, 0, 0, 0, 0, 0, 0, 0, 0, 0, 0, 0, 0, 0, 0, 0, 0, 0, -0.0018383473, -0.0018057245, -0.0018823487, -0.0020614914, -0.0021629566, -0.002365277, -0.0025548725, -0.002727916, -0.0028081972, -0.0029565892, -0.0030897686, -0.003150851, -0.0032625755, -0.0033607776, -0.003445785, -0.0034832838, -0.0035483271, -0.0035997962, -0.003620364, -0.0036510825, -0.0036682747, -0.003672339, -0.0036696189, -0.0036550448, -0.0036284928, -0.0036107702, -0.0035662062, -0.0035090866, -0.0034756127, -0.003398329, -0.0033070531, -0.0032015345, -0.0031433043, -0.0030158723, -0.0028734796, -0.0027963344, -0.002629409, -0.0024451418, -0.0022467396, -0.0021469393, -0.0019737312, -0.0019146238, -0.001962507, 0, 0, 0, 0, 0, 0, 0, 0, 0, 0, 0, 0, 0, 0, 0, 0, 0, 0, 0, 0, 0, 0, 0, 0, 0, 0, 0, 0, 0, 0, 0, 0, 0, 0, 0, 0, 0, 0, 0, 0, 0, 0, 0, 0, 0, 0, 0, 0, 0, 0, 0, 0, 0
0, 0, 0, 0, 0, 0, 0, 0, 0, 0, 0, 0, 0, 0, 0, 0, 0, 0, 0, 0, 0, 0, 0, 0, 0, 0, 0, 0, 0, 0, 0, 0, 0, 0, 0, 0, 0, 0, 0, 0, 0, 0, 0, 0, 0, 0, 0, 0, 0, 0, 0, 0, 0, 0, -0.0019406598, -0.0018926341, -0.0019493263, -0.0021189554, -0.002217051, -0.0024123222, -0.0025939667, -0.002758502, -0.0028344558, -0.00297439, -0.0030995226, -0.0031568108, -0.003261386, -0.0033530514, -0.0034322408, -0.003467253, -0.0035280008, -0.0035764105, -0.0035958635, -0.0036251307, -0.003641643, -0.0036457046, -0.003643163, -0.00362938, -0.0036044521, -0.0035879582, -0.0035471474, -0.0034958029, -0.0034660418, -0.0033978086, -0.003317369, -0.003223907, -0.0031720824, -0.0030578491, -0.002929034, -0.0028589477, -0.0027067878, -0.0025384857, -0.0023579265, -0.0022680967, -0.002118426, -0.0020905857, -0.002156123, 0, 0, 0, 0, 0, 0, 0, 0, 0, 0, 0, 0, 0, 0, 0, 0, 0, 0, 0, 0, 0, 0, 0, 0, 0, 0, 0, 0, 0, 0, 0, 0, 0, 0, 0, 0, 0, 0, 0, 0, 0, 0, 0, 0, 0, 0, 0, 0, 0, 0, 0, 0, 0
0, 0, 0, 0, 0, 0, 0, 0, 0, 0, 0, 0, 0, 0, 0, 0, 0, 0, 0, 0, 0, 0, 0, 0, 0, 0, 0, 0, 0, 0, 0, 0, 0, 0, 0, 0, 0, 0, 0, 0, 0, 0, 0, 0, 0, 0, 0, 0, 0, 0, 0, 0, 0, 0, -0.0023793003, -0.002277993, -0.0022406771, -0.0023409803, -0.0024102074, -0.0025545415, -0.0026911139, -0.0028156177, -0.0028733816, -0.002980663, -0.0030773259, -0.003121709, -0.0032026402, -0.0032732072, -0.003333614, -0.0033601462, -0.0034061614, -0.003443107, -0.0034581781, -0.003481458, -0.003495104, -0.0034986367, -0.0034964962, -0.0034844219, -0.0034624012, -0.003447897, -0.0034125466, -0.003369287, -0.003344838, -0.003290295, -0.003227716, -0.0031560627, -0.0031165848, -0.003029801, -0.0029319108, -0.0028786743, -0.0027635444, -0.002637947, -0.0025102715, -0.0024541714, -0.002404496, -0.0025635497, -0.002763199, 0, 0, 0, 0, 0, 0, 0, 0, 0, 0, 0, 0, 0, 0, 0, 0, 0, 0, 0, 0, 0, 0, 0, 0, 0, 0, 0, 0, 0, 0, 0, 0, 0, 0, 0, 0, 0, 0, 0, 0, 0, 0, 0, 0, 0, 0, 0, 0, 0, 0, 0, 0, 0
0, 0, 0, 0, 0, 0, 0, 0, 0, 0, 0, 0, 0, 0, 0, 0, 0, 0, 0, 0, 0, 0, 0, 0, 0, 0, 0, 0, 0, 0, 0, 0, 0, 0, 0, 0, 0, 0, 0, 0, 0, 0, 0, 0, 0, 0, 0, 0, 0, 0, 0, 0, 0, 0, -0.0026945116, -0.002498714, -0.0023400632, -0.0023831942, -0.0024346649, -0.0025519952, -0.0026669053, -0.0027724667, -0.0028216536, -0.0029132322, -0.0029959828, -0.0030340308, -0.0031032802, -0.0031633435, -0.00321441, -0.0032367439, -0.0032753567, -0.0033064338, -0.0033192018, -0.0033391884, -0.0033511799, -0.003354392, -0.0033524167, -0.0033413577, -0.0033205529, -0.0033067577, -0.003272938, -0.0032315163, -0.0032082035, -0.003156484, -0.0030978832, -0.0030316801, -0.0029954168, -0.0029161125, -0.0028270516, -0.0027786198, -0.0026735968, -0.0025586947, -0.002442431, -0.0023935903, -0.0023730185, -0.0026492223, -0.0030251825, 0, 0, 0, 0, 0, 0, 0, 0, 0, 0, 0, 0, 0, 0, 0, 0, 0, 0, 0, 0, 0, 0, 0, 0, 0, 0, 0, 0, 0, 0, 0, 0, 0, 0, 0, 0, 0, 0, 0, 0, 0, 0, 0, 0, 0, 0, 0, 0, 0, 0, 0, 0, 0
0, 0, 0, 0, 0, 0, 0, 0, 0, 0, 0, 0, 0, 0, 0, 0, 0, 0, 0, 0, 0, 0, 0, 0, 0, 0, 0, 0, 0, 0, 0, 0, 0, 0, 0, 0, 0, 0, 0, 0, 0, 0, 0, 0, 0, 0, 0, 0, 0, 0, 0, 0, 0, 0, -0.0029368321, -0.002569701, -0.0022962475, -0.0023096297, -0.0023532407, -0.0024577214, -0.0025606453, -0.0026543525, -0.0026977253, -0.0027780726, -0.0028501814, -0.0028832348, -0.0029431998, -0.0029949865, -0.003038773, -0.003057763, -0.003090613, -0.0031169872, -0.00312776, -0.00314464, -0.0031547116, -0.0031570103, -0.0031550853, -0.003144531, -0.0031249425, -0.003111877, -0.0030796085, -0.00303979, -0.0030172653, -0.0029671444, -0.002910308, -0.0028462396, -0.0028112456, -0.0027349317, -0.0026493215, -0.0026026834, -0.002501451, -0.00239012, -0.002276277, -0.002226591, -0.0021836248, -0.0022978894, -0.0023989459, 0, 0, 0, 0, 0, 0, 0, 0, 0, 0, 0, 0, 0, 0, 0, 0, 0, 0, 0, 0, 0, 0, 0, 0, 0, 0, 0, 0, 0, 0, 0, 0, 0, 0, 0, 0, 0, 0, 0, 0, 0, 0, 0, 0, 0, 0, 0, 0, 0, 0, 0, 0, 0
0, 0, 0, 0, 0, 0, 0, 0, 0, 0, 0, 0, 0, 0, 0, 0, 0, 0, 0, 0, 0, 0, 0, 0, 0, 0, 0, 0, 0, 0, 0, 0, 0, 0, 0, 0, 0, 0, 0, 0, 0, 0, 0, 0, 0, 0, 0, 0, 0, 0, 0, 0, 0, 0, -0.0023192125, -0.002219578, -0.00210276, -0.0021365888, -0.002180427, -0.0022812206, -0.002378931, -0.0024666558, -0.0025067092, -0.0025799957, -0.002644979, -0.0026745363, -0.0027279332, -0.0027740265, -0.002812925, -0.002829866, -0.0028590076, -0.0028820147, -0.002891295, -0.0029052931, -0.0029130254, -0.002913904, -0.0029116068, -0.0029011692, -0.0028829046, -0.0028708454, -0.002840941, -0.0028036574, -0.0027823404, -0.0027343717, -0.0026792106, -0.0026164192, -0.0025819486, -0.0025065895, -0.0024217058, -0.0023754777, -0.0022754206, -0.0021672281, -0.0020634225, -0.002024848, -0.0020311484, -0.0022594344, -0.0024337184, 0, 0, 0, 0, 0, 0, 0, 0, 0, 0, 0, 0, 0, 0, 0, 0, 0, 0, 0, 0, 0, 0, 0, 0, 0, 0, 0, 0, 0, 0, 0, 0, 0, 0, 0, 0, 0, 0, 0, 0, 0, 0, 0, 0, 0, 0, 0, 0, 0, 0, 0, 0, 0
0, 0, 0, 0, 0, 0, 0, 0, 0, 0, 0, 0, 0, 0, 0, 0, 0, 0, 0, 0, 0, 0, 0, 0, 0, 0, 0, 0, 0, 0, 0, 0, 0, 0, 0, 0, 0, 0, 0, 0, 0, 0, 0, 0, 0, 0, 0, 0, 0, 0, 0, 0, 0, 0, -0.0023419412, -0.002172684, -0.0019466873, -0.0019322875, -0.0019648322, -0.0020548224, -0.0021479067, -0.002232249, -0.0022705025, -0.0023395014, -0.0023996192, -0.0024267505, -0.0024757457, -0.0025181884, -0.002554388, -0.0025702426, -0.0025974007, -0.0026185089, -0.0026267467, -0.002638499, -0.0026439761, -0.0026432327, -0.0026404487, -0.0026301385, -0.0026135363, -0.0026028114, -0.0025764185, -0.00254319, -0.0025239035, -0.0024797735, -0.0024277996, -0.0023674779, -0.0023340685, -0.002260399, -0.002176774, -0.0021310546, -0.0020318693, -0.0019258418, -0.0018295556, -0.001800427, -0.0018601598, -0.0023138784, -0.0027811788, 0, 0, 0, 0, 0, 0, 0, 0, 0, 0, 0, 0, 0, 0, 0, 0, 0, 0, 0, 0, 0, 0, 0, 0, 0, 0, 0, 0, 0, 0, 0, 0, 0, 0, 0, 0, 0, 0, 0, 0, 0, 0, 0, 0, 0, 0, 0, 0, 0, 0, 0, 0, 0
0, 0, 0, 0, 0, 0, 0, 0, 0, 0, 0, 0, 0, 0, 0, 0, 0, 0, 0, 0, 0, 0, 0, 0, 0, 0, 0, 0, 0, 0, 0, 0, 0, 0, 0, 0, 0, 0, 0, 0, 0, 0, 0, 0, 0, 0, 0, 0, 0, 0, 0, 0, 0, 0, -0.0026672217, -0.0022163603, -0.0017735884, -0.0017068003, -0.0017297784, -0.0018117053, -0.0019020138, -0.001984172, -0.00202116, -0.002086922, -0.0021432752, -0.0021685117, -0.0022139985, -0.0022538565, -0.0022883408, -0.0023035717, -0.0023297619, -0.0023499439, -0.0023575877, -0.0023680662, -0.002372153, -0.0023703906, -0.0023675, -0.0023579523, -0.00234365, -0.0023346273, -0.0023125717, -0.0022845517, -0.0022679835, -0.0022291823, -0.0021822804, -0.00212672, -0.0020955538, -0.0020261635, -0.0019466325, -0.0019027921, -0.0018068824, -0.0017026226, -0.0016032621, -0.0015666705, -0.0015648596, -0.0016888728, 0, 0, 0, 0, 0, 0, 0, 0, 0, 0, 0, 0, 0, 0, 0, 0, 0, 0, 0, 0, 0, 0, 0, 0, 0, 0, 0, 0, 0, 0, 0, 0, 0, 0, 0, 0, 0, 0, 0, 0, 0, 0, 0, 0, 0, 0, 0, 0, 0, 0, 0, 0, 0, 0
0, 0, 0, 0, 0, 0, 0, 0, 0, 0, 0, 0, 0, 0, 0, 0, 0, 0, 0, 0, 0, 0, 0, 0, 0, 0, 0, 0, 0, 0, 0, 0, 0, 0, 0, 0, 0, 0, 0, 0, 0, 0, 0, 0, 0, 0, 0, 0, 0, 0, 0, 0, 0, 0, 0, -0.0016082829, -0.001482333, -0.0014739702, -0.0015039877, -0.0015891177, -0.0016783392, -0.0017579902, -0.0017933206, -0.0018551938, -0.0019074365, -0.0019306474, -0.0019724998, -0.0020093443, -0.0020417, -0.0020561416, -0.0020812047, -0.002100602, -0.0021079744, -0.002118031, -0.0021220015, -0.0021205682, -0.0021181742, -0.0021104428, -0.0020990407, -0.0020919193, -0.0020744472, -0.0020518587, -0.0020382265, -0.0020055552, -0.001965196, -0.0019165264, -0.0018890086, -0.0018273374, -0.0017561666, -0.0017166787, -0.0016297637, -0.0015341039, -0.001441966, -0.0014077062, -0.0014042315, -0.0015219662, 0, 0, 0, 0, 0, 0, 0, 0, 0, 0, 0, 0, 0, 0, 0, 0, 0, 0, 0, 0, 0, 0, 0, 0, 0, 0, 0, 0, 0, 0, 0, 0, 0, 0, 0, 0, 0, 0, 0, 0, 0, 0, 0, 0, 0, 0, 0, 0, 0, 0, 0, 0, 0, 0
0, 0, 0, 0, 0, 0, 0, 0, 0, 0, 0, 0, 0, 0, 0, 0, 0, 0, 0, 0, 0, 0, 0, 0, 0, 0, 0, 0, 0, 0, 0, 0, 0, 0, 0, 0, 0, 0, 0, 0, 0, 0, 0, 0, 0, 0, 0, 0, 0, 0, 0, 0, 0, 0, 0, -0.0014435627, -0.0013246611, -0.0013186928, -0.0013469633, -0.001426484, -0.0015092682, -0.001582507, -0.0016146292, -0.0016705119, -0.0017171378, -0.001737684, -0.001774514, -0.0018069403, -0.0018356272, -0.0018485527, -0.0018712821, -0.0018892195, -0.0018962867, -0.0019062968, -0.0019110178, -0.0019111149, -0.0019097168, -0.001904512, -0.0018962544, -0.0018910079, -0.0018778157, -0.0018601703, -0.0018493754, -0.0018231267, -0.0017902422, -0.0017503903, -0.0017277849, -0.0016770564, -0.0016184512, -0.0015859436, -0.0015142676, -0.0014357499, -0.0013636912, -0.0013410538, -0.0013647107, -0.001505825, 0, 0, 0, 0, 0, 0, 0, 0, 0, 0, 0, 0, 0, 0, 0, 0, 0, 0, 0, 0, 0, 0, 0, 0, 0, 0, 0, 0, 0, 0, 0, 0, 0, 0, 0, 0, 0, 0, 0, 0, 0, 0, 0, 0, 0, 0, 0, 0, 0, 0, 0, 0, 0, 0
0, 0, 0, 0, 0, 0, 0, 0, 0, 0, 0, 0, 0, 0, 0, 0, 0, 0, 0, 0, 0, 0, 0, 0, 0, 0, 0, 0, 0, 0, 0, 0, 0, 0, 0, 0, 0, 0, 0, 0, 0, 0, 0, 0, 0, 0, 0, 0, 0, 0, 0, 0, 0, 0, 0, -0.0014330051, -0.0012921924, -0.0012612405, -0.0012789824, -0.001340994, -0.0014094765, -0.0014708099, -0.0014977815, -0.001544611, -0.001583456, -0.0016004158, -0.0016305897, -0.0016567516, -0.0016798448, -0.0016902856, -0.0017089895, -0.0017243602, -0.0017306501, -0.0017403093, -0.0017458778, -0.0017478039, -0.0017474683, -0.0017447767, -0.0017393435, -0.001735627, -0.0017259723, -0.0017127962, -0.0017047059, -0.00168504, -0.001660362, -0.0016306019, -0.0016137941, -0.0015761984, -0.0015329826, -0.0015090056, -0.0014563417, -0.001400057, -0.0013539997, -0.0013460944, -0.0014010282, -0.001565013, 0, 0, 0, 0, 0, 0, 0, 0, 0, 0, 0, 0, 0, 0, 0, 0, 0, 0, 0, 0, 0, 0, 0, 0, 0, 0, 0, 0, 0, 0, 0, 0, 0, 0, 0, 0, 0, 0, 0, 0, 0, 0, 0, 0, 0, 0, 0, 0, 0, 0, 0, 0, 0, 0
0, 0, 0, 0, 0, 0, 0, 0, 0, 0, 0, 0, 0, 0, 0, 0, 0, 0, 0, 0, 0, 0, 0, 0, 0, 0, 0, 0, 0, 0, 0, 0, 0, 0, 0, 0, 0, 0, 0, 0, 0, 0, 0, 0, 0, 0, 0, 0, 0, 0, 0, 0, 0, 0, 0, -0.001503274, -0.0013404137, -0.0012799781, -0.0012839978, -0.001321984, -0.0013708628, -0.0014163879, -0.0014366783, -0.0014721528, -0.0015013592, -0.001513977, -0.001535989, -0.0015546214, -0.0015707976, -0.0015781975, -0.0015916899, -0.0016034059, -0.0016085146, -0.0016169444, -0.0016226385, -0.0016255812, -0.0016259459, -0.0016249439, -0.0016215947, -0.0016191016, -0.0016124889, -0.0016034761, -0.001598008, -0.0015848159, -0.0015686478, -0.0015492608, -0.0015383847, -0.0015140946, -0.0014861374, -0.001470628, -0.0014368935, -0.0014032737, -0.0013861805, -0.001396246, -0.0014958398, -0.0017014141, 0, 0, 0, 0, 0, 0, 0, 0, 0, 0, 0, 0, 0, 0, 0, 0, 0, 0, 0, 0, 0, 0, 0, 0, 0, 0, 0, 0, 0, 0, 0, 0, 0, 0, 0, 0, 0, 0, 0, 0, 0, 0, 0, 0, 0, 0, 0, 0, 0, 0, 0, 0, 0, 0
0, 0, 0, 0, 0, 0, 0, 0, 0, 0, 0, 0, 0, 0, 0, 0, 0, 0, 0, 0, 0, 0, 0, 0, 0, 0, 0, 0, 0, 0, 0, 0, 0, 0, 0, 0, 0, 0, 0, 0, 0, 0, 0, 0, 0, 0, 0, 0, 0, 0, 0, 0, 0, 0, 0, -0.0016492362, -0.0014456448, -0.0013421054, -0.0013288365, -0.0013394019, -0.0013675656, -0.0013970023, -0.0014104702, -0.0014340952, -0.0014532411, -0.0014613079, -0.0014747928, -0.0014856484, -0.0014948001, -0.0014990743, -0.0015072897, -0.0015149888, -0.001518549, -0.0015248823, -0.0015295502, -0.0015322672, -0.0015328167, -0.0015324376, -0.0015304417, -0.0015289453, -0.0015250964, -0.001520077, -0.0015170868, -0.0015101085, -0.0015015082, -0.0014910781, -0.0014851639, -0.0014716649, -0.0014555847, -0.0014465158, -0.0014268778, -0.0014106112, -0.0014200681, -0.0014513393, -0.0016264324, -0.001946585, 0, 0, 0, 0, 0, 0, 0, 0, 0, 0, 0, 0, 0, 0, 0, 0, 0, 0, 0, 0, 0, 0, 0, 0, 0, 0, 0, 0, 0, 0, 0, 0, 0, 0, 0, 0, 0, 0, 0, 0, 0, 0, 0, 0, 0, 0, 0, 0, 0, 0, 0, 0, 0, 0
0, 0, 0, 0, 0, 0, 0, 0, 0, 0, 0, 0, 0, 0, 0, 0, 0, 0, 0, 0, 0, 0, 0, 0, 0, 0, 0, 0, 0, 0, 0, 0, 0, 0, 0, 0, 0, 0, 0, 0, 0, 0, 0, 0, 0, 0, 0, 0, 0, 0, 0, 0, 0, 0, 0, -0.0018943228, -0.0015789948, -0.0014022429, -0.0013685904, -0.0013542987, -0.0013669921, -0.0013843721, -0.0013924984, -0.0014062554, -0.0014164783, -0.0014203216, -0.0014260255, -0.0014299428, -0.0014331582, -0.0014347947, -0.001438267, -0.0014422796, -0.0014442548, -0.0014479905, -0.0014506461, -0.0014520944, -0.0014522763, -0.001451872, -0.0014508861, -0.0014502942, -0.0014491115, -0.0014479375, -0.0014472161, -0.0014453154, -0.0014423786, -0.0014379501, -0.0014351441, -0.0014279871, -0.001418426, -0.0014125826, -0.0013993215, -0.0013897963, -0.001409516, -0.0014513748, -0.0016940888, -0.0023228698, 0, 0, 0, 0, 0, 0, 0, 0, 0, 0, 0, 0, 0, 0, 0, 0, 0, 0, 0, 0, 0, 0, 0, 0, 0, 0, 0, 0, 0, 0, 0, 0, 0, 0, 0, 0, 0, 0, 0, 0, 0, 0, 0, 0, 0, 0, 0, 0, 0, 0, 0, 0, 0, 0
0, 0, 0, 0, 0, 0, 0, 0, 0, 0, 0, 0, 0, 0, 0, 0, 0, 0, 0, 0, 0, 0, 0, 0, 0, 0, 0, 0, 0, 0, 0, 0, 0, 0, 0, 0, 0, 0, 0, 0, 0, 0, 0, 0, 0, 0, 0, 0, 0, 0, 0, 0, 0, 0, 0, -0.002259063, -0.0016426457, -0.0014012258, -0.0013581418, -0.0013357439, -0.001343565, -0.0013555922, -0.0013606094, -0.001367739, -0.0013709834, -0.0013713847, -0.0013707083, -0.0013689711, -0.0013674924, -0.0013670041, -0.001366774, -0.0013672849, -0.0013676964, -0.0013684416, -0.0013686349, -0.0013682103, -0.0013678799, -0.001367349, -0.001367484, -0.0013679197, -0.0013695784, -0.0013719115, -0.0013731132, -0.0013749767, -0.0013756048, -0.0013742236, -0.0013727222, -0.001367741, -0.0013598807, -0.0013547328, -0.0013425184, -0.0013330551, -0.0013478441, -0.0013788717, -0.0015190678, 0, 0, 0, 0, 0, 0, 0, 0, 0, 0, 0, 0, 0, 0, 0, 0, 0, 0, 0, 0, 0, 0, 0, 0, 0, 0, 0, 0, 0, 0, 0, 0, 0, 0, 0, 0, 0, 0, 0, 0, 0, 0, 0, 0, 0, 0, 0, 0, 0, 0, 0, 0, 0, 0, 0
0, 0, 0, 0, 0, 0, 0, 0, 0, 0, 0, 0, 0, 0, 0, 0, 0, 0, 0, 0, 0, 0, 0, 0, 0, 0, 0, 0, 0, 0, 0, 0, 0, 0, 0, 0, 0, 0, 0, 0, 0, 0, 0, 0, 0, 0, 0, 0, 0, 0, 0, 0, 0, 0, 0, 0, -0.0014646793, -0.0013261259, -0.0012950731, -0.0012800364, -0.0012889644, -0.0012994567, -0.0013028614, -0.0013056514, -0.0013036933, -0.0013015048, -0.0012957155, -0.0012895234, -0.001284068, -0.0012817142, -0.0012779165, -0.0012748997, -0.0012735114, -0.0012709392, -0.0012683723, -0.0012661845, -0.0012653614, -0.0012650171, -0.0012667102, -0.0012683398, -0.001272966, -0.0012787101, -0.0012816327, -0.0012867383, -0.0012900631, -0.0012905663, -0.0012896934, -0.0012854538, -0.0012776287, -0.0012724479, -0.0012606909, -0.0012552651, -0.0012862891, -0.0013355816, -0.0015478695, 0, 0, 0, 0, 0, 0, 0, 0, 0, 0, 0, 0, 0, 0, 0, 0, 0, 0, 0, 0, 0, 0, 0, 0, 0, 0, 0, 0, 0, 0, 0, 0, 0, 0, 0, 0, 0, 0, 0, 0, 0, 0, 0, 0, 0, 0, 0, 0, 0, 0, 0, 0, 0, 0, 0
0, 0, 0, 0, 0, 0, 0, 0, 0, 0, 0, 0, 0, 0, 0, 0, 0, 0, 0, 0, 0, 0, 0, 0, 0, 0, 0, 0, 0, 0, 0, 0, 0, 0, 0, 0, 0, 0, 0, 0, 0, 0, 0, 0, 0, 0, 0, 0, 0, 0, 0, 0, 0, 0, 0, 0, -0.0014845447, -0.0012806135, -0.0012333856, -0.0012038182, -0.0012077786, -0.0012150944, -0.001216842, -0.0012156782, -0.0012094863, -0.001205169, -0.0011953781, -0.0011854181, -0.0011760354, -0.001171783, -0.0011638424, -0.0011566512, -0.0011532843, -0.0011470603, -0.0011418615, -0.0011383421, -0.0011374255, -0.001137811, -0.0011413178, -0.0011441659, -0.0011517799, -0.0011608726, -0.0011655925, -0.0011744793, -0.001181458, -0.0011855485, -0.0011862692, -0.001184766, -0.001178897, -0.0011744358, -0.0011642409, -0.0011627402, -0.0012091058, -0.001279634, -0.0016336995, 0, 0, 0, 0, 0, 0, 0, 0, 0, 0, 0, 0, 0, 0, 0, 0, 0, 0, 0, 0, 0, 0, 0, 0, 0, 0, 0, 0, 0, 0, 0, 0, 0, 0, 0, 0, 0, 0, 0, 0, 0, 0, 0, 0, 0, 0, 0, 0, 0, 0, 0, 0, 0, 0, 0
0, 0, 0, 0, 0, 0, 0, 0, 0, 0, 0, 0, 0, 0, 0, 0, 0, 0, 0, 0, 0, 0, 0, 0, 0, 0, 0, 0, 0, 0, 0, 0, 0, 0, 0, 0, 0, 0, 0, 0, 0, 0, 0, 0, 0, 0, 0, 0, 0, 0, 0, 0, 0, 0, 0, 0, -0.0015648026, -0.0012264285, -0.0011581499, -0.001110761, -0.0011067209, -0.0011082838, -0.0011074552, -0.0011017016, -0.0010915226, -0.0010853688, -0.0010722394, -0.0010587039, -0.0010453821, -0.0010388694, -0.001026222, -0.0010144082, -0.0010089849, -0.0009994966, -0.000992413, -0.000988493, -0.0009878789, -0.0009895342, -0.0009950286, -0.0009989848, -0.0010090781, -0.0010212801, -0.0010278424, -0.0010412397, -0.0010538686, -0.0010645555, -0.0010687092, -0.0010740706, -0.001074723, -0.0010731377, -0.0010677684, -0.0010681751, -0.00110208, -0.0011463491, -0.0012807867, 0, 0, 0, 0, 0, 0, 0, 0, 0, 0, 0, 0, 0, 0, 0, 0, 0, 0, 0, 0, 0, 0, 0, 0, 0, 0, 0, 0, 0, 0, 0, 0, 0, 0, 0, 0, 0, 0, 0, 0, 0, 0, 0, 0, 0, 0, 0, 0, 0, 0, 0, 0, 0, 0, 0
0, 0, 0, 0, 0, 0, 0, 0, 0, 0, 0, 0, 0, 0, 0, 0, 0, 0, 0, 0, 0, 0, 0, 0, 0, 0, 0, 0, 0, 0, 0, 0, 0, 0, 0, 0, 0, 0, 0, 0, 0, 0, 0, 0, 0, 0, 0, 0, 0, 0, 0, 0, 0, 0, 0, 0, -0.0012328537, -0.0010991466, -0.0010526003, -0.0010100313, -0.0009981195, -0.000991079, -0.0009866313, -0.0009750846, -0.0009608599, -0.000953161, -0.0009370975, -0.0009203017, -0.00090303813, -0.00089430215, -0.00087710255, -0.0008612581, -0.00085425447, -0.00084271166, -0.00083525525, -0.00083240384, -0.0008326261, -0.0008362018, -0.00084338966, -0.0008481302, -0.0008599084, -0.0008743134, -0.0008824078, -0.00090011524, -0.0009191599, -0.0009381522, -0.00094704755, -0.00096241245, -0.0009734642, -0.0009773485, -0.0009836956, -0.000998702, -0.00105203, -0.0011073234, -0.0012638469, 0, 0, 0, 0, 0, 0, 0, 0, 0, 0, 0, 0, 0, 0, 0, 0, 0, 0, 0, 0, 0, 0, 0, 0, 0, 0, 0, 0, 0, 0, 0, 0, 0, 0, 0, 0, 0, 0, 0, 0, 0, 0, 0, 0, 0, 0, 0, 0, 0, 0, 0, 0, 0, 0, 0
0, 0, 0, 0, 0, 0, 0, 0, 0, 0, 0, 0, 0, 0, 0, 0, 0, 0, 0, 0, 0, 0, 0, 0, 0, 0, 0, 0, 0, 0, 0, 0, 0, 0, 0, 0, 0, 0, 0, 0, 0, 0, 0, 0, 0, 0, 0, 0, 0, 0, 0, 0, 0, 0, 0, 0, -0.0012175883, -0.0010583615, -0.0009979605, -0.0009301721, -0.0008995242, -0.0008799594, -0.00087105687, -0.00085331727, -0.0008354503, -0.0008263928, -0.000807885, -0.00078838394, -0.00076785113, -0.00075743604, -0.00073705096, -0.000718909, -0.0007112888, -0.00069987326, -0.0006939406, -0.0006934968, -0.0006949973, -0.0007007971, -0.0007094032, -0.0007145917, -0.000726824, -0.00074194645, -0.0007507932, -0.000771317, -0.0007951876, -0.0008209916, -0.00083394087, -0.00085834466, -0.0008794777, -0.00088898337, -0.00090931676, -0.00094717054, -0.0010456081, -0.0011383273, -0.0013872648, 0, 0, 0, 0, 0, 0, 0, 0, 0, 0, 0, 0, 0, 0, 0, 0, 0, 0, 0, 0, 0, 0, 0, 0, 0, 0, 0, 0, 0, 0, 0, 0, 0, 0, 0, 0, 0, 0, 0, 0, 0, 0, 0, 0, 0, 0, 0, 0, 0, 0, 0, 0, 0, 0, 0
0, 0, 0, 0, 0, 0, 0, 0, 0, 0, 0, 0, 0, 0, 0, 0, 0, 0, 0, 0, 0, 0, 0, 0, 0, 0, 0, 0, 0, 0, 0, 0, 0, 0, 0, 0, 0, 0, 0, 0, 0, 0, 0, 0, 0, 0, 0, 0, 0, 0, 0, 0, 0, 0, 0, 0, -0.0013353251, -0.0010856827, -0.0009880153, -0.000874292, -0.00082100683, -0.00079002685, -0.00077778636, -0.0007559714, -0.00073584076, -0.00072596635, -0.00070583104, -0.00068471, -0.0006625487, -0.000651452, -0.000630296, -0.000612489, -0.0006055832, -0.00059626944, -0.00059330225, -0.00059585285, -0.0005986547, -0.00060633523, -0.0006157027, -0.00062098476, -0.0006327496, -0.00064735004, -0.0006560732, -0.0006769904, -0.0007023431, -0.00073082285, -0.0007454475, -0.0007738264, -0.00079934276, -0.00081123755, -0.0008377774, -0.0008864886, -0.00101275, -0.001140278, -0.0016112227, 0, 0, 0, 0, 0, 0, 0, 0, 0, 0, 0, 0, 0, 0, 0, 0, 0, 0, 0, 0, 0, 0, 0, 0, 0, 0, 0, 0, 0, 0, 0, 0, 0, 0, 0, 0, 0, 0, 0, 0, 0, 0, 0, 0, 0, 0, 0, 0, 0, 0, 0, 0, 0, 0, 0
0, 0, 0, 0, 0, 0, 0, 0, 0, 0, 0, 0, 0, 0, 0, 0, 0, 0, 0, 0, 0, 0, 0, 0, 0, 0, 0, 0, 0, 0, 0, 0, 0, 0, 0, 0, 0, 0, 0, 0, 0, 0, 0, 0, 0, 0, 0, 0, 0, 0, 0, 0, 0, 0, 0, 0, -0.0015528731, -0.0010946622, -0.0009646594, -0.0008268581, -0.00076668453, -0.00073413877, -0.00072190893, -0.0007005431, -0.00068084995, -0.0006710472, -0.0006510189, -0.00063010317, -0.0006087655, -0.0005983824, -0.0005794289, -0.00056462665, -0.000559393, -0.0005535488, -0.0005536438, -0.00055835635, -0.0005618761, -0.00057022856, -0.0005794241, -0.0005843076, -0.0005951732, -0.0006085, -0.00061655464, -0.0006359004, -0.0006594843, -0.00068590796, -0.00069943763, -0.000725448, -0.0007483654, -0.0007587531, -0.00078105635, -0.00082007766, -0.0009080658, -0.0009767547, 0, 0, 0, 0, 0, 0, 0, 0, 0, 0, 0, 0, 0, 0, 0, 0, 0, 0, 0, 0, 0, 0, 0, 0, 0, 0, 0, 0, 0, 0, 0, 0, 0, 0, 0, 0, 0, 0, 0, 0, 0, 0, 0, 0, 0, 0, 0, 0, 0, 0, 0, 0, 0, 0, 0, 0
0, 0, 0, 0, 0, 0, 0, 0, 0, 0, 0, 0, 0, 0, 0, 0, 0, 0, 0, 0, 0, 0, 0, 0, 0, 0, 0, 0, 0, 0, 0, 0, 0, 0, 0, 0, 0, 0, 0, 0, 0, 0, 0, 0, 0, 0, 0, 0, 0, 0, 0, 0, 0, 0, 0, 0, 0, -0.0009597451, -0.0008883728, -0.0007932708, -0.0007488048, -0.0007256218, -0.00071676756, -0.0007005922, -0.0006842688, -0.000675823, -0.00065820967, -0.00064014836, -0.0006226664, -0.0006145659, -0.000600684, -0.0005910582, -0.0005880797, -0.00058578356, -0.0005878316, -0.00059290224, -0.00059609284, -0.0006031765, -0.00061087415, -0.00061502773, -0.0006244729, -0.00063623855, -0.0006433265, -0.0006600094, -0.0006795306, -0.0007007393, -0.0007112584, -0.0007308168, -0.00074708014, -0.0007541723, -0.0007698353, -0.0008021552, -0.0008828794, -0.000948401, 0, 0, 0, 0, 0, 0, 0, 0, 0, 0, 0, 0, 0, 0, 0, 0, 0, 0, 0, 0, 0, 0, 0, 0, 0, 0, 0, 0, 0, 0, 0, 0, 0, 0, 0, 0, 0, 0, 0, 0, 0, 0, 0, 0, 0, 0, 0, 0, 0, 0, 0, 0, 0, 0, 0, 0
0, 0, 0, 0, 0, 0, 0, 0, 0, 0, 0, 0, 0, 0, 0, 0, 0, 0, 0, 0, 0, 0, 0, 0, 0, 0, 0, 0, 0, 0, 0, 0, 0, 0, 0, 0, 0, 0, 0, 0, 0, 0, 0, 0, 0, 0, 0, 0, 0, 0, 0, 0, 0, 0, 0, 0, 0, -0.0009663466, -0.00089982984, -0.0008184536, -0.00078771746, -0.00077613234, -0.000772162, -0.0007637267, -0.00075344305, -0.00074762333, -0.00073527783, -0.00072307535, -0.00071237993, -0.0007078929, -0.00070124015, -0.0006978004, -0.00069724675, -0.0006979854, -0.0007005575, -0.00070401933, -0.0007058858, -0.0007098344, -0.00071458146, -0.0007173639, -0.0007245293, -0.00073401013, -0.000739693, -0.0007526353, -0.0007669466, -0.00078135997, -0.00078808673, -0.0007998609, -0.00080881215, -0.00081273756, -0.0008237923, -0.0008555502, -0.0009442504, -0.0010177647, 0, 0, 0, 0, 0, 0, 0, 0, 0, 0, 0, 0, 0, 0, 0, 0, 0, 0, 0, 0, 0, 0, 0, 0, 0, 0, 0, 0, 0, 0, 0, 0, 0, 0, 0, 0, 0, 0, 0, 0, 0, 0, 0, 0, 0, 0, 0, 0, 0, 0, 0, 0, 0, 0, 0, 0
0, 0, 0, 0, 0, 0, 0, 0, 0, 0, 0, 0, 0, 0, 0, 0, 0, 0, 0, 0, 0, 0, 0, 0, 0, 0, 0, 0, 0, 0, 0, 0, 0, 0, 0, 0, 0, 0, 0, 0, 0, 0, 0, 0, 0, 0, 0, 0, 0, 0, 0, 0, 0, 0, 0, 0, 0, -0.0010708756, -0.000997784, -0.00091456977, -0.00089116907, -0.0008893459, -0.0008901703, -0.00089051656, -0.00088825973, -0.000886385, -0.0008819751, -0.00087814167, -0.00087610236, -0.00087593903, -0.0008771649, -0.00087991933, -0.0008815307, -0.0008846815, -0.0008869362, -0.0008878715, -0.00088792626, -0.00088791025, -0.00088844966, -0.0008892611, -0.0008924802, -0.0008978092, -0.0009011773, -0.0009085452, -0.0009159756, -0.00092235, -0.0009249428, -0.0009285998, -0.00093076273, -0.00093208725, -0.00094058097, -0.0009750972, -0.0010753708, -0.0011581276, 0, 0, 0, 0, 0, 0, 0, 0, 0, 0, 0, 0, 0, 0, 0, 0, 0, 0, 0, 0, 0, 0, 0, 0, 0, 0, 0, 0, 0, 0, 0, 0, 0, 0, 0, 0, 0, 0, 0, 0, 0, 0, 0, 0, 0, 0, 0, 0, 0, 0, 0, 0, 0, 0, 0, 0
0, 0, 0, 0, 0, 0, 0, 0, 0, 0, 0, 0, 0, 0, 0, 0, 0, 0, 0, 0, 0, 0, 0, 0, 0, 0, 0, 0, 0, 0, 0, 0, 0, 0, 0, 0, 0, 0, 0, 0, 0, 0, 0, 0, 0, 0, 0, 0, 0, 0, 0, 0, 0, 0, 0, 0, 0, -0.0012431681, -0.0011615524, -0.0010711665, -0.0010509362, -0.001056858, -0.0010621707, -0.0010721908, -0.001079808, -0.0010829059, -0.0010885134, -0.0010943208, -0.0011010142, -0.0011047954, -0.0011128169, -0.0011205494, -0.0011238421, -0.0011287086, -0.0011306753, -0.0011297881, -0.0011284834, -0.0011248346, -0.0011208814, -0.0011191384, -0.0011165816, -0.0011152381, -0.001114799, -0.0011138564, -0.0011118944, -0.0011082776, -0.0011057949, -0.0010998608, -0.0010939094, -0.0010922344, -0.0010983465, -0.0011401001, -0.0012647719, -0.0013662315, 0, 0, 0, 0, 0, 0, 0, 0, 0, 0, 0, 0, 0, 0, 0, 0, 0, 0, 0, 0, 0, 0, 0, 0, 0, 0, 0, 0, 0, 0, 0, 0, 0, 0, 0, 0, 0, 0, 0, 0, 0, 0, 0, 0, 0, 0, 0, 0, 0, 0, 0, 0, 0, 0, 0, 0
0, 0, 0, 0, 0, 0, 0, 0, 0, 0, 0, 0, 0, 0, 0, 0, 0, 0, 0, 0, 0, 0, 0, 0, 0, 0, 0, 0, 0, 0, 0, 0, 0, 0, 0, 0, 0, 0, 0, 0, 0, 0, 0, 0, 0, 0, 0, 0, 0, 0, 0, 0, 0, 0, 0, 0, 0, -0.001482956, -0.001381659, -0.0012680867, -0.0012446475, -0.0012572436, -0.0012676002, -0.0012890714, -0.0013086721, -0.001317647, -0.001334194, -0.001349323, -0.0013633663, -0.0013700746, -0.001382406, -0.0013928632, -0.0013970799, -0.0014030768, -0.001405448, -0.0014041348, -0.0014022223, -0.0013963059, -0.0013884245, -0.0013839579, -0.0013744473, -0.0013643199, -0.001358931, -0.0013470608, -0.0013332862, -0.001317167, -0.0013082604, -0.0012891953, -0.0012704638, -0.0012629719, -0.0012617125, -0.0013123018, -0.0014887437, -0.0016394762, 0, 0, 0, 0, 0, 0, 0, 0, 0, 0, 0, 0, 0, 0, 0, 0, 0, 0, 0, 0, 0, 0, 0, 0, 0, 0, 0, 0, 0, 0, 0, 0, 0, 0, 0, 0, 0, 0, 0, 0, 0, 0, 0, 0, 0, 0, 0, 0, 0, 0, 0, 0, 0, 0, 0, 0
0, 0, 0, 0, 0, 0, 0, 0, 0, 0, 0, 0, 0, 0, 0, 0, 0, 0, 0, 0, 0, 0, 0, 0, 0, 0, 0, 0, 0, 0, 0, 0, 0, 0, 0, 0, 0, 0, 0, 0, 0, 0, 0, 0, 0, 0, 0, 0, 0, 0, 0, 0, 0, 0, 0, 0, 0, -0.0017918177, -0.0016363845, -0.0014669707, -0.0014356994, -0.0014583467, -0.001475843, -0.0015123632, -0.0015463437, -0.0015617561, -0.0015894078, -0.0016129096, -0.0016323343, -0.0016406573, -0.0016548047, -0.0016657701, -0.0016701665, -0.001676561, -0.001679693, -0.0016790369, -0.0016771904, -0.0016703631, -0.0016593948, -0.0016524306, -0.0016359842, -0.0016165779, -0.0016058272, -0.0015822889, -0.0015557229, -0.0015257258, -0.0015092934, -0.0014737175, -0.0014360072, -0.0014182851, -0.0013970208, -0.0014380303, -0.0016591302, -0.00189845, 0, 0, 0, 0, 0, 0, 0, 0, 0, 0, 0, 0, 0, 0, 0, 0, 0, 0, 0, 0, 0, 0, 0, 0, 0, 0, 0, 0, 0, 0, 0, 0, 0, 0, 0, 0, 0, 0, 0, 0, 0, 0, 0, 0, 0, 0, 0, 0, 0, 0, 0, 0, 0, 0, 0, 0
0, 0, 0, 0, 0, 0, 0, 0, 0, 0, 0, 0, 0, 0, 0, 0, 0, 0, 0, 0, 0, 0, 0, 0, 0, 0, 0, 0, 0, 0, 0, 0, 0, 0, 0, 0, 0, 0, 0, 0, 0, 0, 0, 0, 0, 0, 0, 0, 0, 0, 0, 0, 0, 0, 0, 0, 0, -0.0020827034, -0.0018285072, -0.00160811, -0.0015854879, -0.0016280125, -0.0016557012, -0.001711079, -0.0017610044, -0.0017831943, -0.0018218869, -0.0018527757, -0.001876516, -0.0018859401, -0.0019007695, -0.0019113588, -0.0019155017, -0.0019218832, -0.00192548, -0.0019255895, -0.0019239881, -0.0019167125, -0.001903179, -0.0018940814, -0.0018715102, -0.0018437853, -0.0018282881, -0.0017943197, -0.0017562007, -0.0017131038, -0.0016892954, -0.0016364738, -0.00157762, -0.0015478478, -0.0015001284, -0.0015064847, -0.0016257395, -0.0017072187, 0, 0, 0, 0, 0, 0, 0, 0, 0, 0, 0, 0, 0, 0, 0, 0, 0, 0, 0, 0, 0, 0, 0, 0, 0, 0, 0, 0, 0, 0, 0, 0, 0, 0, 0, 0, 0, 0, 0, 0, 0, 0, 0, 0, 0, 0, 0, 0, 0, 0, 0, 0, 0, 0, 0, 0
0, 0, 0, 0, 0, 0, 0, 0, 0, 0, 0, 0, 0, 0, 0, 0, 0, 0, 0, 0, 0, 0, 0, 0, 0, 0, 0, 0, 0, 0, 0, 0, 0, 0, 0, 0, 0, 0, 0, 0, 0, 0, 0, 0, 0, 0, 0, 0, 0, 0, 0, 0, 0, 0, 0, 0, 0, -0.0018745149, -0.001790728, -0.0016768472, -0.0016858177, -0.0017505394, -0.001788265, -0.0018616546, -0.0019264849, -0.0019550729, -0.002004219, -0.0020428419, -0.0020715944, -0.0020826582, -0.0020995121, -0.0021109267, -0.0021152964, -0.002121883, -0.0021258006, -0.0021261035, -0.0021243843, -0.002116065, -0.0021000209, -0.0020890317, -0.0020612022, -0.002026722, -0.0020073238, -0.0019650317, -0.0019176195, -0.0018638347, -0.0018337774, -0.0017662178, -0.0016894749, -0.0016505639, -0.0015900374, -0.001611088, -0.0018106509, -0.0019519947, 0, 0, 0, 0, 0, 0, 0, 0, 0, 0, 0, 0, 0, 0, 0, 0, 0, 0, 0, 0, 0, 0, 0, 0, 0, 0, 0, 0, 0, 0, 0, 0, 0, 0, 0, 0, 0, 0, 0, 0, 0, 0, 0, 0, 0, 0, 0, 0, 0, 0, 0, 0, 0, 0, 0, 0
0, 0, 0, 0, 0, 0, 0, 0, 0, 0, 0, 0, 0, 0, 0, 0, 0, 0, 0, 0, 0, 0, 0, 0, 0, 0, 0, 0, 0, 0, 0, 0, 0, 0, 0, 0, 0, 0, 0, 0, 0, 0, 0, 0, 0, 0, 0, 0, 0, 0, 0, 0, 0, 0, 0, 0, 0, -0.0021403455, -0.0019880626, -0.0017763299, -0.0017571517, -0.001824366, -0.0018672739, -0.0019526515, -0.0020292348, -0.0020632416, -0.0021222471, -0.0021694861, -0.0022055712, -0.0022197927, -0.0022417535, -0.0022570034, -0.0022626524, -0.0022710713, -0.0022756793, -0.002275745, -0.0022735358, -0.0022634864, -0.0022447328, -0.0022319427, -0.0021996596, -0.0021596153, -0.0021371203, -0.0020877281, -0.0020325268, -0.001969985, -0.0019350103, -0.0018560111, -0.001765459, -0.001719151, -0.0016479309, -0.0016887387, -0.002048696, -0.0023998898, 0, 0, 0, 0, 0, 0, 0, 0, 0, 0, 0, 0, 0, 0, 0, 0, 0, 0, 0, 0, 0, 0, 0, 0, 0, 0, 0, 0, 0, 0, 0, 0, 0, 0, 0, 0, 0, 0, 0, 0, 0, 0, 0, 0, 0, 0, 0, 0, 0, 0, 0, 0, 0, 0, 0, 0
0, 0, 0, 0, 0, 0, 0, 0, 0, 0, 0, 0, 0, 0, 0, 0, 0, 0, 0, 0, 0, 0, 0, 0, 0, 0, 0, 0, 0, 0, 0, 0, 0, 0, 0, 0, 0, 0, 0, 0, 0, 0, 0, 0, 0, 0, 0, 0, 0, 0, 0, 0, 0, 0, 0, 0, 0, -0.0026284687, -0.0022425174, -0.0018407452, -0.0017821612, -0.0018462744, -0.0018916536, -0.0019844351, -0.0020696775, -0.0021082126, -0.002176698, -0.0022336827, -0.0022795042, -0.0022983307, -0.0023289064, -0.0023511746, -0.0023596266, -0.0023718865, -0.0023783331, -0.002378506, -0.0023758775, -0.00236429, -0.0023432483, -0.0023289665, -0.0022931194, -0.002248256, -0.0022228486, -0.0021667758, -0.0021039716, -0.0020333566, -0.0019943146, -0.0019072713, -0.001808116, -0.0017566509, -0.0016688133, -0.0016576218, -0.0017678313, 0, 0, 0, 0, 0, 0, 0, 0, 0, 0, 0, 0, 0, 0, 0, 0, 0, 0, 0, 0, 0, 0, 0, 0, 0, 0, 0, 0, 0, 0, 0, 0, 0, 0, 0, 0, 0, 0, 0, 0, 0, 0, 0, 0, 0, 0, 0, 0, 0, 0, 0, 0, 0, 0, 0, 0, 0
0, 0, 0, 0, 0, 0, 0, 0, 0, 0, 0, 0, 0, 0, 0, 0, 0, 0, 0, 0, 0, 0, 0, 0, 0, 0, 0, 0, 0, 0, 0, 0, 0, 0, 0, 0, 0, 0, 0, 0, 0, 0, 0, 0, 0, 0, 0, 0, 0, 0, 0, 0, 0, 0, 0, 0, 0, 0, -0.0019368293, -0.0017850734, -0.0017572581, -0.0018239401, -0.0018705097, -0.0019680131, -0.0020602844, -0.002102977, -0.0021809095, -0.0022483217, -0.0023051284, -0.002329496, -0.00237055, -0.0024016758, -0.0024138032, -0.0024315813, -0.0024410994, -0.0024424382, -0.0024398768, -0.0024277654, -0.0024055138, -0.00239042, -0.0023521918, -0.0023035144, -0.002275513, -0.0022128404, -0.0021419672, -0.0020630825, -0.00202039, -0.0019282332, -0.0018294723, -0.0017813798, -0.0017100549, -0.0017337585, -0.0018971489, 0, 0, 0, 0, 0, 0, 0, 0, 0, 0, 0, 0, 0, 0, 0, 0, 0, 0, 0, 0, 0, 0, 0, 0, 0, 0, 0, 0, 0, 0, 0, 0, 0, 0, 0, 0, 0, 0, 0, 0, 0, 0, 0, 0, 0, 0, 0, 0, 0, 0, 0, 0, 0, 0, 0, 0, 0
0, 0, 0, 0, 0, 0, 0, 0, 0, 0, 0, 0, 0, 0, 0, 0, 0, 0, 0, 0, 0, 0, 0, 0, 0, 0, 0, 0, 0, 0, 0, 0, 0, 0, 0, 0, 0, 0, 0, 0, 0, 0, 0, 0, 0, 0, 0, 0, 0, 0, 0, 0, 0, 0, 0, 0, 0, 0, -0.002120143, -0.0018328934, -0.0017326556, -0.0017765575, -0.0018207341, -0.0019211153, -0.0020210173, -0.0020682686, -0.0021558474, -0.0022335707, -0.0023009675, -0.002330644, -0.002381723, -0.0024216685, -0.0024374968, -0.002461015, -0.002474156, -0.002477398, -0.0024753108, -0.002463597, -0.0024413979, -0.0024261174, -0.0023869164, -0.0023358583, -0.0023059573, -0.0022377062, -0.0021591322, -0.0020714211, -0.002024579, -0.0019265838, -0.0018300741, -0.0017892526, -0.0017575521, -0.0018845823, -0.002209322, 0, 0, 0, 0, 0, 0, 0, 0, 0, 0, 0, 0, 0, 0, 0, 0, 0, 0, 0, 0, 0, 0, 0, 0, 0, 0, 0, 0, 0, 0, 0, 0, 0, 0, 0, 0, 0, 0, 0, 0, 0, 0, 0, 0, 0, 0, 0, 0, 0, 0, 0, 0, 0, 0, 0, 0, 0
0, 0, 0, 0, 0, 0, 0, 0, 0, 0, 0, 0, 0, 0, 0, 0, 0, 0, 0, 0, 0, 0, 0, 0, 0, 0, 0, 0, 0, 0, 0, 0, 0, 0, 0, 0, 0, 0, 0, 0, 0, 0, 0, 0, 0, 0, 0, 0, 0, 0, 0, 0, 0, 0, 0, 0, 0, 0, -0.0025252812, -0.0018618808, -0.0016758133, -0.0017079572, -0.0017543318, -0.0018639738, -0.001974684, -0.0020271156, -0.0021246674, -0.002211673, -0.0022877478, -0.0023215534, -0.0023803988, -0.0024272206, -0.0024459795, -0.0024742326, -0.00249048, -0.0024954947, -0.0024939142, -0.0024828315, -0.002460901, -0.0024456598, -0.0024062118, -0.0023541239, -0.0023231385, -0.0022513364, -0.0021669145, -0.0020710991, -0.0020194466, -0.001911339, -0.0018059629, -0.0017629878, -0.0017423711, -0.0019526602, -0.002656613, 0, 0, 0, 0, 0, 0, 0, 0, 0, 0, 0, 0, 0, 0, 0, 0, 0, 0, 0, 0, 0, 0, 0, 0, 0, 0, 0, 0, 0, 0, 0, 0, 0, 0, 0, 0, 0, 0, 0, 0, 0, 0, 0, 0, 0, 0, 0, 0, 0, 0, 0, 0, 0, 0, 0, 0, 0
0, 0, 0, 0, 0, 0, 0, 0, 0, 0, 0, 0, 0, 0, 0, 0, 0, 0, 0, 0, 0, 0, 0, 0, 0, 0, 0, 0, 0, 0, 0, 0, 0, 0, 0, 0, 0, 0, 0, 0, 0, 0, 0, 0, 0, 0, 0, 0, 0, 0, 0, 0, 0, 0, 0, 0, 0, 0, 0, -0.001620381, -0.0015682, -0.0016386507, -0.0016958922, -0.0018217862, -0.0019446881, -0.0020021917, -0.0021080931, -0.0022018782, -0.0022835087, -0.002319897, -0.0023833325, -0.0024341815, -0.0024547058, -0.002485852, -0.0025040915, -0.0025101383, -0.002508677, -0.0024974141, -0.0024749006, -0.0024594355, -0.0024193851, -0.0023667424, -0.0023354187, -0.0022623762, -0.0021754724, -0.0020748226, -0.0020194338, -0.0019003171, -0.001777109, -0.0017209807, -0.0016531387, -0.0017115443, 0, 0, 0, 0, 0, 0, 0, 0, 0, 0, 0, 0, 0, 0, 0, 0, 0, 0, 0, 0, 0, 0, 0, 0, 0, 0, 0, 0, 0, 0, 0, 0, 0, 0, 0, 0, 0, 0, 0, 0, 0, 0, 0, 0, 0, 0, 0, 0, 0, 0, 0, 0, 0, 0, 0, 0, 0, 0
0, 0, 0, 0, 0, 0, 0, 0, 0, 0, 0, 0, 0, 0, 0, 0, 0, 0, 0, 0, 0, 0, 0, 0, 0, 0, 0, 0, 0, 0, 0, 0, 0, 0, 0, 0, 0, 0, 0, 0, 0, 0, 0, 0, 0, 0, 0, 0, 0, 0, 0, 0, 0, 0, 0, 0, 0, 0, 0, -0.0015865497, -0.0015418086, -0.0016236397, -0.0016862265, -0.0018212234, -0.0019506396, -0.0020105918, -0.00212005, -0.002216029, -0.0022992285, -0.0023362325, -0.002400761, -0.0024525877, -0.0024735606, -0.0025056775, -0.0025246483, -0.0025308519, -0.0025291892, -0.0025169281, -0.0024929717, -0.0024766538, -0.002435347, -0.002382056, -0.002350786, -0.0022785654, -0.002192879, -0.0020929577, -0.0020373445, -0.0019153245, -0.0017850144, -0.0017234583, -0.0016420002, -0.0016893805, 0, 0, 0, 0, 0, 0, 0, 0, 0, 0, 0, 0, 0, 0, 0, 0, 0, 0, 0, 0, 0, 0, 0, 0, 0, 0, 0, 0, 0, 0, 0, 0, 0, 0, 0, 0, 0, 0, 0, 0, 0, 0, 0, 0, 0, 0, 0, 0, 0, 0, 0, 0, 0, 0, 0, 0, 0, 0
0, 0, 0, 0, 0, 0, 0, 0, 0, 0, 0, 0, 0, 0, 0, 0, 0, 0, 0, 0, 0, 0, 0, 0, 0, 0, 0, 0, 0, 0, 0, 0, 0, 0, 0, 0, 0, 0, 0, 0, 0, 0, 0, 0, 0, 0, 0, 0, 0, 0, 0, 0, 0, 0, 0, 0, 0, 0, 0, -0.0016834296, -0.0016131526, -0.0016829263, -0.0017424822, -0.0018733112, -0.001999236, -0.0020574087, -0.0021633487, -0.0022559103, -0.0023358003, -0.0023711945, -0.002432952, -0.0024825195, -0.0025027678, -0.002533802, -0.0025523615, -0.002558195, -0.0025564104, -0.002543406, -0.002518242, -0.0025012079, -0.00245861, -0.002404822, -0.0023738998, -0.0023037603, -0.0022221685, -0.0021280288, -0.0020759292, -0.0019620133, -0.0018421216, -0.0017876892, -0.0017281641, -0.0018121614, 0, 0, 0, 0, 0, 0, 0, 0, 0, 0, 0, 0, 0, 0, 0, 0, 0, 0, 0, 0, 0, 0, 0, 0, 0, 0, 0, 0, 0, 0, 0, 0, 0, 0, 0, 0, 0, 0, 0, 0, 0, 0, 0, 0, 0, 0, 0, 0, 0, 0, 0, 0, 0, 0, 0, 0, 0, 0
0, 0, 0, 0, 0, 0, 0, 0, 0, 0, 0, 0, 0, 0, 0, 0, 0, 0, 0, 0, 0, 0, 0, 0, 0, 0, 0, 0, 0, 0, 0, 0, 0, 0, 0, 0, 0, 0, 0, 0, 0, 0, 0, 0, 0, 0, 0, 0, 0, 0, 0, 0, 0, 0, 0, 0, 0, 0, 0, -0.0018554954, -0.0017543611, -0.0018007666, -0.0018511345, -0.0019666953, -0.0020797448, -0.0021323068, -0.0022281222, -0.0023118064, -0.0023838398, -0.0024156165, -0.0024709052, -0.002515154, -0.0025332593, -0.0025613524, -0.0025783344, -0.0025838853, -0.0025822122, -0.0025697125, -0.0025449786, -0.0025280842, -0.0024857102, -0.002432712, -0.0024024823, -0.002334971, -0.0022580153, -0.0021711034, -0.0021237496, -0.0020228704, -0.0019237774, -0.0018846177, -0.0018713027, -0.002021526, 0, 0, 0, 0, 0, 0, 0, 0, 0, 0, 0, 0, 0, 0, 0, 0, 0, 0, 0, 0, 0, 0, 0, 0, 0, 0, 0, 0, 0, 0, 0, 0, 0, 0, 0, 0, 0, 0, 0, 0, 0, 0, 0, 0, 0, 0, 0, 0, 0, 0, 0, 0, 0, 0, 0, 0, 0, 0
0, 0, 0, 0, 0, 0, 0, 0, 0, 0, 0, 0, 0, 0, 0, 0, 0, 0, 0, 0, 0, 0, 0, 0, 0, 0, 0, 0, 0, 0, 0, 0, 0, 0, 0, 0, 0, 0, 0, 0, 0, 0, 0, 0, 0, 0, 0, 0, 0, 0, 0, 0, 0, 0, 0, 0, 0, 0, 0, -0.0020988104, -0.0019370919, -0.0019412255, -0.0019765988, -0.0020695645, -0.0021656032, -0.0022108057, -0.0022937176, -0.0023661456, -0.0024280776, -0.0024551202, -0.002501744, -0.0025386764, -0.0025536977, -0.002577094, -0.0025915226, -0.0025965446, -0.0025952538, -0.0025842993, -0.0025618135, -0.0025461135, -0.0025061327, -0.0024554366, -0.0024263766, -0.002361482, -0.0022877688, -0.0022050417, -0.0021603513, -0.002067217, -0.0019840898, -0.00196026, -0.0020107816, -0.0022992645, 0, 0, 0, 0, 0, 0, 0, 0, 0, 0, 0, 0, 0, 0, 0, 0, 0, 0, 0, 0, 0, 0, 0, 0, 0, 0, 0, 0, 0, 0, 0, 0, 0, 0, 0, 0, 0, 0, 0, 0, 0, 0, 0, 0, 0, 0, 0, 0, 0, 0, 0, 0, 0, 0, 0, 0, 0, 0
0, 0, 0, 0, 0, 0, 0, 0, 0, 0, 0, 0, 0, 0, 0, 0, 0, 0, 0, 0, 0, 0, 0, 0, 0, 0, 0, 0, 0, 0, 0, 0, 0, 0, 0, 0, 0, 0, 0, 0, 0, 0, 0, 0, 0, 0, 0, 0, 0, 0, 0, 0, 0, 0, 0, 0, 0, 0, 0, -0.002414545, -0.0021096375, -0.0020473711, -0.0020660502, -0.0021391462, -0.0022225091, -0.0022624345, -0.0023357093, -0.002399309, -0.0024529798, -0.0024760556, -0.002515058, -0.002545192, -0.0025572074, -0.002575743, -0.0025869978, -0.0025907224, -0.002589449, -0.002579821, -0.002559775, -0.0025456042, -0.0025087488, -0.0024609582, -0.0024331708, -0.0023702772, -0.002297623, -0.0022144006, -0.0021687355, -0.0020719192, -0.001984327, -0.0019607327, -0.0020400584, -0.0025255054, 0, 0, 0, 0, 0, 0, 0, 0, 0, 0, 0, 0, 0, 0, 0, 0, 0, 0, 0, 0, 0, 0, 0, 0, 0, 0, 0, 0, 0, 0, 0, 0, 0, 0, 0, 0, 0, 0, 0, 0, 0, 0, 0, 0, 0, 0, 0, 0, 0, 0, 0, 0, 0, 0, 0, 0, 0, 0
0, 0, 0, 0, 0, 0, 0, 0, 0, 0, 0, 0, 0, 0, 0, 0, 0, 0, 0, 0, 0, 0, 0, 0, 0, 0, 0, 0, 0, 0, 0, 0, 0, 0, 0, 0, 0, 0, 0, 0, 0, 0, 0, 0, 0, 0, 0, 0, 0, 0, 0, 0, 0, 0, 0, 0, 0, 0, 0, -0.0026793529, -0.0021605082, -0.0020579426, -0.0020717585, -0.0021423423, -0.0022248554, -0.0022641893, -0.0023358446, -0.0023974117, -0.0024486533, -0.0024704055, -0.0025067385, -0.002534008, -0.0025445435, -0.0025601126, -0.00256872, -0.0025703423, -0.0025683509, -0.0025581592, -0.0025385793, -0.0025249775, -0.0024896797, -0.0024433837, -0.0024161981, -0.002353786, -0.0022802888, -0.002194324, -0.0021463057, -0.0020413713, -0.0019368653, -0.0018970701, -0.0018945369, -0.0020307046, 0, 0, 0, 0, 0, 0, 0, 0, 0, 0, 0, 0, 0, 0, 0, 0, 0, 0, 0, 0, 0, 0, 0, 0, 0, 0, 0, 0, 0, 0, 0, 0, 0, 0, 0, 0, 0, 0, 0, 0, 0, 0, 0, 0, 0, 0, 0, 0, 0, 0, 0, 0, 0, 0, 0, 0, 0, 0
0, 0, 0, 0, 0, 0, 0, 0, 0, 0, 0, 0, 0, 0, 0, 0, 0, 0, 0, 0, 0, 0, 0, 0, 0, 0, 0, 0, 0, 0, 0, 0, 0, 0, 0, 0, 0, 0, 0, 0, 0, 0, 0, 0, 0, 0, 0, 0, 0, 0, 0, 0, 0, 0, 0, 0, 0, 0, 0, -0.0021970663, -0.0020179332, -0.0019757072, -0.0019987058, -0.0020795194, -0.0021696975, -0.002212559, -0.0022906784, -0.0023580412, -0.0024145069, -0.0024387161, -0.0024791348, -0.0025093937, -0.002520937, -0.0025372508, -0.0025450848, -0.0025446697, -0.002541393, -0.0025284311, -0.002506428, -0.002491754, -0.002454673, -0.00240687, -0.002378878, -0.0023144411, -0.0022383644, -0.0021499433, -0.0021010872, -0.0019967125, -0.001898779, -0.0018660966, -0.0018880958, -0.002062786, 0, 0, 0, 0, 0, 0, 0, 0, 0, 0, 0, 0, 0, 0, 0, 0, 0, 0, 0, 0, 0, 0, 0, 0, 0, 0, 0, 0, 0, 0, 0, 0, 0, 0, 0, 0, 0, 0, 0, 0, 0, 0, 0, 0, 0, 0, 0, 0, 0, 0, 0, 0, 0, 0, 0, 0, 0, 0
0, 0, 0, 0, 0, 0, 0, 0, 0, 0, 0, 0, 0, 0, 0, 0, 0, 0, 0, 0, 0, 0, 0, 0, 0, 0, 0, 0, 0, 0, 0, 0, 0, 0, 0, 0, 0, 0, 0, 0, 0, 0, 0, 0, 0, 0, 0, 0, 0, 0, 0, 0, 0, 0, 0, 0, 0, 0, 0, -0.002305717, -0.001995694, -0.00188813, -0.0018992393, -0.0019764376, -0.0020745273, -0.00212276, -0.0022125486, -0.0022913786, -0.0023589418, -0.0023883998, -0.002438432, -0.0024767092, -0.0024913747, -0.0025121442, -0.0025216183, -0.0025202215, -0.0025156846, -0.0024991736, -0.0024728498, -0.0024559936, -0.0024145972, -0.002362507, -0.0023322392, -0.0022629914, -0.0021818627, -0.0020893638, -0.0020397718, -0.001940298, -0.0018666803, -0.0018610099, -0.0019914473, -0.0023336702, 0, 0, 0, 0, 0, 0, 0, 0, 0, 0, 0, 0, 0, 0, 0, 0, 0, 0, 0, 0, 0, 0, 0, 0, 0, 0, 0, 0, 0, 0, 0, 0, 0, 0, 0, 0, 0, 0, 0, 0, 0, 0, 0, 0, 0, 0, 0, 0, 0, 0, 0, 0, 0, 0, 0, 0, 0, 0
0, 0, 0, 0, 0, 0, 0, 0, 0, 0, 0, 0, 0, 0, 0, 0, 0, 0, 0, 0, 0, 0, 0, 0, 0, 0, 0, 0, 0, 0, 0, 0, 0, 0, 0, 0, 0, 0, 0, 0, 0, 0, 0, 0, 0, 0, 0, 0, 0, 0, 0, 0, 0, 0, 0, 0, 0, 0, 0, 0, -0.0016672086, -0.0016135674, -0.0016389863, -0.0017434368, -0.001869496, -0.0019314338, -0.0020467953, -0.0021488857, -0.002237412, -0.0022765899, -0.0023445056, -0.0023979747, -0.0024191078, -0.0024498515, -0.0024651666, -0.0024657294, -0.0024607934, -0.0024413948, -0.0024101983, -0.002390456, -0.0023427824, -0.0022834963, -0.0022491014, -0.0021698854, -0.0020755974, -0.0019659144, -0.0019061303, -0.0017834491, -0.0016825569, -0.0016595814, -0.0017206194, 0, 0, 0, 0, 0, 0, 0, 0, 0, 0, 0, 0, 0, 0, 0, 0, 0, 0, 0, 0, 0, 0, 0, 0, 0, 0, 0, 0, 0, 0, 0, 0, 0, 0, 0, 0, 0, 0, 0, 0, 0, 0, 0, 0, 0, 0, 0, 0, 0, 0, 0, 0, 0, 0, 0, 0, 0, 0, 0
0, 0, 0, 0, 0, 0, 0, 0, 0, 0, 0, 0, 0, 0, 0, 0, 0, 0, 0, 0, 0, 0, 0, 0, 0, 0, 0, 0, 0, 0, 0, 0, 0, 0, 0, 0, 0, 0, 0, 0, 0, 0, 0, 0, 0, 0, 0, 0, 0, 0, 0, 0, 0, 0, 0, 0, 0, 0, 0, 0, -0.0015779587, -0.0015354202, -0.0015662742, -0.0016797044, -0.0018126221, -0.0018771994, -0.0019964662, -0.0021007631, -0.0021902549, -0.0022296386, -0.0022976827, -0.0023512219, -0.002372437, -0.002403643, -0.0024199777, -0.0024217248, -0.002417501, -0.0023995573, -0.0023698325, -0.0023507746, -0.0023044532, -0.002246434, -0.0022126343, -0.0021344372, -0.0020402549, -0.0019289897, -0.0018674204, -0.0017382775, -0.0016263291, -0.0015959303, -0.0016414685, 0, 0, 0, 0, 0, 0, 0, 0, 0, 0, 0, 0, 0, 0, 0, 0, 0, 0, 0, 0, 0, 0, 0, 0, 0, 0, 0, 0, 0, 0, 0, 0, 0, 0, 0, 0, 0, 0, 0, 0, 0, 0, 0, 0, 0, 0, 0, 0, 0, 0, 0, 0, 0, 0, 0, 0, 0, 0, 0
0, 0, 0, 0, 0, 0, 0, 0, 0, 0, 0, 0, 0, 0, 0, 0, 0, 0, 0, 0, 0, 0, 0, 0, 0, 0, 0, 0, 0, 0, 0, 0, 0, 0, 0, 0, 0, 0, 0, 0, 0, 0, 0, 0, 0, 0, 0, 0, 0, 0, 0, 0, 0, 0, 0, 0, 0, 0, 0, 0, -0.0016130444, -0.0015467085, -0.0015691748, -0.0016712385, -0.0017963279, -0.0018573888, -0.0019694788, -0.0020665831, -0.002148803, -0.0021846765, -0.0022461505, -0.0022942233, -0.002313291, -0.0023413247, -0.0023564093, -0.0023586897, -0.0023552186, -0.0023394746, -0.0023126195, -0.0022951616, -0.0022523869, -0.0021985879, -0.002167313, -0.0020950907, -0.0020086248, -0.0019069056, -0.0018508966, -0.0017353009, -0.0016424783, -0.0016250878, -0.0017041491, 0, 0, 0, 0, 0, 0, 0, 0, 0, 0, 0, 0, 0, 0, 0, 0, 0, 0, 0, 0, 0, 0, 0, 0, 0, 0, 0, 0, 0, 0, 0, 0, 0, 0, 0, 0, 0, 0, 0, 0, 0, 0, 0, 0, 0, 0, 0, 0, 0, 0, 0, 0, 0, 0, 0, 0, 0, 0, 0
0, 0, 0, 0, 0, 0, 0, 0, 0, 0, 0, 0, 0, 0, 0, 0, 0, 0, 0, 0, 0, 0, 0, 0, 0, 0, 0, 0, 0, 0, 0, 0, 0, 0, 0, 0, 0, 0, 0, 0, 0, 0, 0, 0, 0, 0, 0, 0, 0, 0, 0, 0, 0, 0, 0, 0, 0, 0, 0, 0, -0.0017028631, -0.0016079375, -0.0016164844, -0.0016941298, -0.0017987547, -0.0018506431, -0.0019460185, -0.002028139, -0.0020972365, -0.0021270707, -0.0021779889, -0.0022175508, -0.002233252, -0.0022564558, -0.0022690268, -0.0022711093, -0.0022681868, -0.0022545888, -0.0022307986, -0.002215185, -0.002176637, -0.00212827, -0.0021003573, -0.0020366323, -0.0019620478, -0.0018768873, -0.0018314696, -0.0017436232, -0.0016914454, -0.0017008962, -0.0018416592, 0, 0, 0, 0, 0, 0, 0, 0, 0, 0, 0, 0, 0, 0, 0, 0, 0, 0, 0, 0, 0, 0, 0, 0, 0, 0, 0, 0, 0, 0, 0, 0, 0, 0, 0, 0, 0, 0, 0, 0, 0, 0, 0, 0, 0, 0, 0, 0, 0, 0, 0, 0, 0, 0, 0, 0, 0, 0, 0
0, 0, 0, 0, 0, 0, 0, 0, 0, 0, 0, 0, 0, 0, 0, 0, 0, 0, 0, 0, 0, 0, 0, 0, 0, 0, 0, 0, 0, 0, 0, 0, 0, 0, 0, 0, 0, 0, 0, 0, 0, 0, 0, 0, 0, 0, 0, 0, 0, 0, 0, 0, 0, 0, 0, 0, 0, 0, 0, 0, -0.0018346476, -0.0016863361, -0.0016710034, -0.0017099954, -0.0017847067, -0.0018238578, -0.0018972768, -0.0019609896, -0.0020147732, -0.0020379885, -0.0020776794, -0.0021084894, -0.002120682, -0.0021388489, -0.0021488145, -0.0021503784, -0.0021479297, -0.002136298, -0.002115674, -0.002101932, -0.002067781, -0.0020249847, -0.0020004702, -0.0019451987, -0.0018819169, -0.0018121987, -0.0017767661, -0.0017165117, -0.0017127601, -0.0017618019, -0.002028563, 0, 0, 0, 0, 0, 0, 0, 0, 0, 0, 0, 0, 0, 0, 0, 0, 0, 0, 0, 0, 0, 0, 0, 0, 0, 0, 0, 0, 0, 0, 0, 0, 0, 0, 0, 0, 0, 0, 0, 0, 0, 0, 0, 0, 0, 0, 0, 0, 0, 0, 0, 0, 0, 0, 0, 0, 0, 0, 0
0, 0, 0, 0, 0, 0, 0, 0, 0, 0, 0, 0, 0, 0, 0, 0, 0, 0, 0, 0, 0, 0, 0, 0, 0, 0, 0, 0, 0, 0, 0, 0, 0, 0, 0, 0, 0, 0, 0, 0, 0, 0, 0, 0, 0, 0, 0, 0, 0, 0, 0, 0, 0, 0, 0, 0, 0, 0, 0, 0, -0.0020110214, -0.0017410512, -0.0016870673, -0.0016767691, -0.0017200749, -0.0017467141, -0.001798804, -0.0018452287, -0.0018847584, -0.001902027, -0.0019315436, -0.0019545453, -0.0019636352, -0.0019772414, -0.0019846794, -0.0019858307, -0.0019838382, -0.0019745831, -0.0019575572, -0.0019461625, -0.0019174648, -0.001881133, -0.0018601823, -0.0018129082, -0.0017585045, -0.0016985283, -0.0016682678, -0.0016200219, -0.0016381717, -0.0017128177, -0.0021584693, 0, 0, 0, 0, 0, 0, 0, 0, 0, 0, 0, 0, 0, 0, 0, 0, 0, 0, 0, 0, 0, 0, 0, 0, 0, 0, 0, 0, 0, 0, 0, 0, 0, 0, 0, 0, 0, 0, 0, 0, 0, 0, 0, 0, 0, 0, 0, 0, 0, 0, 0, 0, 0, 0, 0, 0, 0, 0, 0
0, 0, 0, 0, 0, 0, 0, 0, 0, 0, 0, 0, 0, 0, 0, 0, 0, 0, 0, 0, 0, 0, 0, 0, 0, 0, 0, 0, 0, 0, 0, 0, 0, 0, 0, 0, 0, 0, 0, 0, 0, 0, 0, 0, 0, 0, 0, 0, 0, 0, 0, 0, 0, 0, 0, 0, 0, 0, 0, 0, -0.0021411527, -0.0016908546, -0.001607224, -0.0015657409, -0.0015883754, -0.0016059476, -0.0016417219, -0.0016739855, -0.0017016133, -0.0017137273, -0.0017341969, -0.0017498565, -0.0017560022, -0.0017650297, -0.0017699029, -0.0017705683, -0.0017692308, -0.0017627507, -0.0017506927, -0.001742426, -0.001721136, -0.0016933657, -0.0016769487, -0.001639082, -0.001594269, -0.001543036, -0.0015160447, -0.001468585, -0.0014627945, -0.0014958784, -0.0016355565, 0, 0, 0, 0, 0, 0, 0, 0, 0, 0, 0, 0, 0, 0, 0, 0, 0, 0, 0, 0, 0, 0, 0, 0, 0, 0, 0, 0, 0, 0, 0, 0, 0, 0, 0, 0, 0, 0, 0, 0, 0, 0, 0, 0, 0, 0, 0, 0, 0, 0, 0, 0, 0, 0, 0, 0, 0, 0, 0
0, 0, 0, 0, 0, 0, 0, 0, 0, 0, 0, 0, 0, 0, 0, 0, 0, 0, 0, 0, 0, 0, 0, 0, 0, 0, 0, 0, 0, 0, 0, 0, 0, 0, 0, 0, 0, 0, 0, 0, 0, 0, 0, 0, 0, 0, 0, 0, 0, 0, 0, 0, 0, 0, 0, 0, 0, 0, 0, 0, -0.0016509494, -0.0014810534, -0.0014265997, -0.0013907173, -0.0014018238, -0.0014126634, -0.0014354324, -0.001455733, -0.0014726142, -0.0014797308, -0.0014912509, -0.0014993305, -0.0015022091, -0.0015062337, -0.0015082902, -0.0015085394, -0.0015079423, -0.0015048012, -0.0014987418, -0.0014942875, -0.0014822038, -0.0014652042, -0.0014547346, -0.0014297062, -0.0013990677, -0.0013635906, -0.0013452824, -0.0013172851, -0.0013332624, -0.0013768206, -0.0015346156, 0, 0, 0, 0, 0, 0, 0, 0, 0, 0, 0, 0, 0, 0, 0, 0, 0, 0, 0, 0, 0, 0, 0, 0, 0, 0, 0, 0, 0, 0, 0, 0, 0, 0, 0, 0, 0, 0, 0, 0, 0, 0, 0, 0, 0, 0, 0, 0, 0, 0, 0, 0, 0, 0, 0, 0, 0, 0, 0
0, 0, 0, 0, 0, 0, 0, 0, 0, 0, 0, 0, 0, 0, 0, 0, 0, 0, 0, 0, 0, 0, 0, 0, 0, 0, 0, 0, 0, 0, 0, 0, 0, 0, 0, 0, 0, 0, 0, 0, 0, 0, 0, 0, 0, 0, 0, 0, 0, 0, 0, 0, 0, 0, 0, 0, 0, 0, 0, 0, -0.0016087138, -0.0013580131, -0.0012739092, -0.0012003677, -0.001189309, -0.0011918221, -0.0012003749, -0.0012082165, -0.0012137366, -0.0012154551, -0.001217235, -0.00121702, -0.0012165523, -0.0012153594, -0.001214732, -0.0012149635, -0.00121526, -0.0012161003, -0.0012163654, -0.0012159483, -0.0012135755, -0.0012085357, -0.0012049506, -0.001195491, -0.0011835423, -0.0011710528, -0.0011669458, -0.0011769522, -0.0012556374, -0.0013462035, -0.0016128388, 0, 0, 0, 0, 0, 0, 0, 0, 0, 0, 0, 0, 0, 0, 0, 0, 0, 0, 0, 0, 0, 0, 0, 0, 0, 0, 0, 0, 0, 0, 0, 0, 0, 0, 0, 0, 0, 0, 0, 0, 0, 0, 0, 0, 0, 0, 0, 0, 0, 0, 0, 0, 0, 0, 0, 0, 0, 0, 0
0, 0, 0, 0, 0, 0, 0, 0, 0, 0, 0, 0, 0, 0, 0, 0, 0, 0, 0, 0, 0, 0, 0, 0, 0, 0, 0, 0, 0, 0, 0, 0, 0, 0, 0, 0, 0, 0, 0, 0, 0, 0, 0, 0, 0, 0, 0, 0, 0, 0, 0, 0, 0, 0, 0, 0, 0, 0, 0, 0, -0.0017768953, -0.0012517393, -0.0011216287, -0.0010051396, -0.00097088015, -0.00096438784, -0.00095718435, -0.0009508885, -0.0009433151, -0.0009390443, -0.0009299635, -0.00092117913, -0.0009173362, -0.00091156457, -0.00090899493, -0.0009098483, -0.0009115313, -0.00091651996, -0.0009230105, -0.00092659064, -0.0009337888, -0.0009409077, -0.0009444483, -0.0009515736, -0.0009594609, -0.000971084, -0.0009810656, -0.0010251177, -0.001156281, -0.0012948879, -0.001827803, 0, 0, 0, 0, 0, 0, 0, 0, 0, 0, 0, 0, 0, 0, 0, 0, 0, 0, 0, 0, 0, 0, 0, 0, 0, 0, 0, 0, 0, 0, 0, 0, 0, 0, 0, 0, 0, 0, 0, 0, 0, 0, 0, 0, 0, 0, 0, 0, 0, 0, 0, 0, 0, 0, 0, 0, 0, 0, 0
0, 0, 0, 0, 0, 0, 0, 0, 0, 0, 0, 0, 0, 0, 0, 0, 0, 0, 0, 0, 0, 0, 0, 0, 0, 0, 0, 0, 0, 0, 0, 0, 0, 0, 0, 0, 0, 0, 0, 0, 0, 0, 0, 0, 0, 0, 0, 0, 0, 0, 0, 0, 0, 0, 0, 0, 0, 0, 0, 0, 0, -0.0009778101, -0.0009057388, -0.0008097901, -0.00076282804, -0.00074759, -0.00072283944, -0.0007000333, -0.0006773616, -0.0006662838, -0.00064559863, -0.00062813034, -0.0006211823, -0.00061146385, -0.00060767186, -0.0006098544, -0.00061288796, -0.00062226807, -0.0006351057, -0.00064251997, -0.0006593845, -0.0006787953, -0.0006895373, -0.0007133343, -0.00074081816, -0.00077475974, -0.00079636165, -0.00086049724, -0.0009798423, -0.0010643268, 0, 0, 0, 0, 0, 0, 0, 0, 0, 0, 0, 0, 0, 0, 0, 0, 0, 0, 0, 0, 0, 0, 0, 0, 0, 0, 0, 0, 0, 0, 0, 0, 0, 0, 0, 0, 0, 0, 0, 0, 0, 0, 0, 0, 0, 0, 0, 0, 0, 0, 0, 0, 0, 0, 0, 0, 0, 0, 0, 0
0, 0, 0, 0, 0, 0, 0, 0, 0, 0, 0, 0, 0, 0, 0, 0, 0, 0, 0, 0, 0, 0, 0, 0, 0, 0, 0, 0, 0, 0, 0, 0, 0, 0, 0, 0, 0, 0, 0, 0, 0, 0, 0, 0, 0, 0, 0, 0, 0, 0, 0, 0, 0, 0, 0, 0, 0, 0, 0, 0, 0, -0.0008485749, -0.0007712914, -0.0006546997, -0.00058326503, -0.0005563125, -0.0005098196, -0.0004675333, -0.00042790227, -0.00040940454, -0.00037625912, -0.00034975036, -0.00033951597, -0.00032554296, -0.00032037406, -0.00032350054, -0.00032787057, -0.00034147687, -0.00036078264, -0.00037236355, -0.0003996315, -0.00043224407, -0.0004506922, -0.00049184065, -0.0005390714, -0.0005952168, -0.0006291488, -0.0007217864, -0.00087881397, -0.000987419, 0, 0, 0, 0, 0, 0, 0, 0, 0, 0, 0, 0, 0, 0, 0, 0, 0, 0, 0, 0, 0, 0, 0, 0, 0, 0, 0, 0, 0, 0, 0, 0, 0, 0, 0, 0, 0, 0, 0, 0, 0, 0, 0, 0, 0, 0, 0, 0, 0, 0, 0, 0, 0, 0, 0, 0, 0, 0, 0, 0
0, 0, 0, 0, 0, 0, 0, 0, 0, 0, 0, 0, 0, 0, 0, 0, 0, 0, 0, 0, 0, 0, 0, 0, 0, 0, 0, 0, 0, 0, 0, 0, 0, 0, 0, 0, 0, 0, 0, 0, 0, 0, 0, 0, 0, 0, 0, 0, 0, 0, 0, 0, 0, 0, 0, 0, 0, 0, 0, 0, 0, -0.00081125455, -0.0007055185, -0.0005424442, -0.00043724143, -0.00039623975, -0.00032499683, -0.00026145577, -0.00020351414, -0.00017709551, -0.00013066438, -9.415944e-05, -8.0004545e-05, -6.0377813e-05, -5.2349427e-05, -5.5119548e-05, -6.0173235e-05, -7.7299075e-05, -0.000103184466, -0.00011933585, -0.0001581087, -0.00020529308, -0.0002319515, -0.00029137, -0.00035857272, -0.0004358917, -0.00048114383, -0.00059993734, -0.00080357236, -0.00096817, 0, 0, 0, 0, 0, 0, 0, 0, 0, 0, 0, 0, 0, 0, 0, 0, 0, 0, 0, 0, 0, 0, 0, 0, 0, 0, 0, 0, 0, 0, 0, 0, 0, 0, 0, 0, 0, 0, 0, 0, 0, 0, 0, 0, 0, 0, 0, 0, 0, 0, 0, 0, 0, 0, 0, 0, 0, 0, 0, 0
0, 0, 0, 0, 0, 0, 0, 0, 0, 0, 0, 0, 0, 0, 0, 0, 0, 0, 0, 0, 0, 0, 0, 0, 0, 0, 0, 0, 0, 0, 0, 0, 0, 0, 0, 0, 0, 0, 0, 0, 0, 0, 0, 0, 0, 0, 0, 0, 0, 0, 0, 0, 0, 0, 0, 0, 0, 0, 0, 0, 0, -0.00080244854, -0.00065516395, -0.00045324248, -0.00032034653, -0.00026671553, -0.00017203951, -8.7375505e-05, -1.1130387e-05, 2.3394865e-05, 8.385524e-05, 0.0001316367, 0.00015037865, 0.00017717459, 0.0001901581, 0.00018951969, 0.00018436284, 0.0001645992, 0.00013235936, 0.000111561705, 6.0943745e-05, -1.451594e-06, -3.6655303e-05, -0.000114348884, -0.00020085105, -0.00029706978, -0.000350679, -0.00047703163, -0.0006325688, -0.00069811236, 0, 0, 0, 0, 0, 0, 0, 0, 0, 0, 0, 0, 0, 0, 0, 0, 0, 0, 0, 0, 0, 0, 0, 0, 0, 0, 0, 0, 0, 0, 0, 0, 0, 0, 0, 0, 0, 0, 0, 0, 0, 0, 0, 0, 0, 0, 0, 0, 0, 0, 0, 0, 0, 0, 0, 0, 0, 0, 0, 0
0, 0, 0, 0, 0, 0, 0, 0, 0, 0, 0, 0, 0, 0, 0, 0, 0, 0, 0, 0, 0, 0, 0, 0, 0, 0, 0, 0, 0, 0, 0, 0, 0, 0, 0, 0, 0, 0, 0, 0, 0, 0, 0, 0, 0, 0, 0, 0, 0, 0, 0, 0, 0, 0, 0, 0, 0, 0, 0, 0, 0, -0.00060603744, -0.0005405145, -0.0003754456, -0.0002317686, -0.0001688975, -5.4383952e-05, 4.9473623e-05, 0.00014310937, 0.00018549495, 0.0002599906, 0.00031939213, 0.0003431172, 0.00037824668, 0.00039693125, 0.00039915796, 0.0003943262, 0.00037250065, 0.00033450697, 0.0003095053, 0.00024785686, 0.00017150628, 0.00012838977, 3.3712993e-05, -7.058835e-05, -0.00018507765, -0.00024757846, -0.0003889163, -0.00054859504, -0.0006126051, 0, 0, 0, 0, 0, 0, 0, 0, 0, 0, 0, 0, 0, 0, 0, 0, 0, 0, 0, 0, 0, 0, 0, 0, 0, 0, 0, 0, 0, 0, 0, 0, 0, 0, 0, 0, 0, 0, 0, 0, 0, 0, 0, 0, 0, 0, 0, 0, 0, 0, 0, 0, 0, 0, 0, 0, 0, 0, 0, 0
0, 0, 0, 0, 0, 0, 0, 0, 0, 0, 0, 0, 0, 0, 0, 0, 0, 0, 0, 0, 0, 0, 0, 0, 0, 0, 0, 0, 0, 0, 0, 0, 0, 0, 0, 0, 0, 0, 0, 0, 0, 0, 0, 0, 0, 0, 0, 0, 0, 0, 0, 0, 0, 0, 0, 0, 0, 0, 0, 0, 0, -0.00057310227, -0.0005072451, -0.00033640387, -0.0001790568, -0.00010802107, 2.3207642e-05, 0.00014334777, 0.00025221615, 0.0003016758, 0.00038914144, 0.0004595957, 0.00048804318, 0.0005309284, 0.0005546925, 0.00055947126, 0.00055475504, 0.00053093897, 0.00048806256, 0.0004595547, 0.00038894505, 0.0003014156, 0.00025195486, 0.00014343647, 2.3656055e-05, -0.000108090135, -0.00017994443, -0.000341127, -0.0005185368, -0.0005874693, 0, 0, 0, 0, 0, 0, 0, 0, 0, 0, 0, 0, 0, 0, 0, 0, 0, 0, 0, 0, 0, 0, 0, 0, 0, 0, 0, 0, 0, 0, 0, 0, 0, 0, 0, 0, 0, 0, 0, 0, 0, 0, 0, 0, 0, 0, 0, 0, 0, 0, 0, 0, 0, 0, 0, 0, 0, 0, 0, 0
0, 0, 0, 0, 0, 0, 0, 0, 0, 0, 0, 0, 0, 0, 0, 0, 0, 0, 0, 0, 0, 0, 0, 0, 0, 0, 0, 0, 0, 0, 0, 0, 0, 0, 0, 0, 0, 0, 0, 0, 0, 0, 0, 0, 0, 0, 0, 0, 0, 0, 0, 0, 0, 0, 0, 0, 0, 0, 0, 0, 0, -0.0006006159, -0.0005285729, -0.0003413503, -0.00016899624, -9.1116635e-05, 5.3214637e-05, 0.00018587631, 0.00030670542, 0.00036194405, 0.00046029655, 0.0005400974, 0.00057246647, 0.0006214774, 0.00064903277, 0.0006553425, 0.00065043225, 0.00062474725, 0.00057818176, 0.0005471842, 0.0004704969, 0.00037559515, 0.00032194884, 0.00020377485, 7.222636e-05, -7.41058e-05, -0.00015457813, -0.000335217, -0.0005317003, -0.0006063657, 0, 0, 0, 0, 0, 0, 0, 0, 0, 0, 0, 0, 0, 0, 0, 0, 0, 0, 0, 0, 0, 0, 0, 0, 0, 0, 0, 0, 0, 0, 0, 0, 0, 0, 0, 0, 0, 0, 0, 0, 0, 0, 0, 0, 0, 0, 0, 0, 0, 0, 0, 0, 0, 0, 0, 0, 0, 0, 0, 0
0, 0, 0, 0, 0, 0, 0, 0, 0, 0, 0, 0, 0, 0, 0, 0, 0, 0, 0, 0, 0, 0, 0, 0, 0, 0, 0, 0, 0, 0, 0, 0, 0, 0, 0, 0, 0, 0, 0, 0, 0, 0, 0, 0, 0, 0, 0, 0, 0, 0, 0, 0, 0, 0, 0, 0, 0, 0, 0, 0, 0, -0.0006788756, -0.000599486, -0.0003949337, -0.0002096823, -0.00012705855, 2.5184889e-05, 0.00016510313, 0.0002933612, 0.00035244, 0.00045811676, 0.00054446154, 0.00057960954, 0.0006329727, 0.00066318485, 0.00067038543, 0.0006654743, 0.00063901965, 0.0005908698, 0.0005588807, 0.0004797662, 0.00038192375, 0.00032650685, 0.0002036435, 6.552364e-05, -9.042542e-05, -0.00017743486, -0.00037591803, -0.0005953113, -0.00067872694, 0, 0, 0, 0, 0, 0, 0, 0, 0, 0, 0, 0, 0, 0, 0, 0, 0, 0, 0, 0, 0, 0, 0, 0, 0, 0, 0, 0, 0, 0, 0, 0, 0, 0, 0, 0, 0, 0, 0, 0, 0, 0, 0, 0, 0, 0, 0, 0, 0, 0, 0, 0, 0, 0, 0, 0, 0, 0, 0, 0
0, 0, 0, 0, 0, 0, 0, 0, 0, 0, 0, 0, 0, 0, 0, 0, 0, 0, 0, 0, 0, 0, 0, 0, 0, 0, 0, 0, 0, 0, 0, 0, 0, 0, 0, 0, 0, 0, 0, 0, 0, 0, 0, 0, 0, 0, 0, 0, 0, 0, 0, 0, 0, 0, 0, 0, 0, 0, 0, 0, 0, -0.000824912, -0.00073388533, -0.0005061132, -0.0003099678, -0.000225344, -7.24692e-05, 6.706569e-05, 0.00019576894, 0.00025521568, 0.00036235782, 0.00045052698, 0.00048666913, 0.00054192665, 0.0005738912, 0.0005828288, 0.0005788118, 0.0005543641, 0.00050845847, 0.00047767098, 0.00040126132, 0.00030610937, 0.0002519455, 0.00013144975, -5.4503707e-06, -0.00016251906, -0.00025202762, -0.00046464847, -0.00071788847, -0.00081993017, 0, 0, 0, 0, 0, 0, 0, 0, 0, 0, 0, 0, 0, 0, 0, 0, 0, 0, 0, 0, 0, 0, 0, 0, 0, 0, 0, 0, 0, 0, 0, 0, 0, 0, 0, 0, 0, 0, 0, 0, 0, 0, 0, 0, 0, 0, 0, 0, 0, 0, 0, 0, 0, 0, 0, 0, 0, 0, 0, 0
0, 0, 0, 0, 0, 0, 0, 0, 0, 0, 0, 0, 0, 0, 0, 0, 0, 0, 0, 0, 0, 0, 0, 0, 0, 0, 0, 0, 0, 0, 0, 0, 0, 0, 0, 0, 0, 0, 0, 0, 0, 0, 0, 0, 0, 0, 0, 0, 0, 0, 0, 0, 0, 0, 0, 0, 0, 0, 0, 0, 0, -0.0010634895, -0.0009468224, -0.0006773531, -0.00047278314, -0.0003909512, -0.0002487326, -0.000121288875, -3.7992515e-06, 5.0733026e-05, 0.0001493576, 0.00023116134, 0.0002650412, 0.0003177466, 0.00034994484, 0.00036177706, 0.0003601121, 0.00034190837, 0.00030393008, 0.000277689, 0.00021142335, 0.00012758264, 7.951781e-05, -2.7992473e-05, -0.00015127768, -0.00029563677, -0.0003801367, -0.0005910019, -0.0008799388, -0.0010319672, 0, 0, 0, 0, 0, 0, 0, 0, 0, 0, 0, 0, 0, 0, 0, 0, 0, 0, 0, 0, 0, 0, 0, 0, 0, 0, 0, 0, 0, 0, 0, 0, 0, 0, 0, 0, 0, 0, 0, 0, 0, 0, 0, 0, 0, 0, 0, 0, 0, 0, 0, 0, 0, 0, 0, 0, 0, 0, 0, 0
0, 0, 0, 0, 0, 0, 0, 0, 0, 0, 0, 0, 0, 0, 0, 0, 0, 0, 0, 0, 0, 0, 0, 0, 0, 0, 0, 0, 0, 0, 0, 0, 0, 0, 0, 0, 0, 0, 0, 0, 0, 0, 0, 0, 0, 0, 0, 0, 0, 0, 0, 0, 0, 0, 0, 0, 0, 0, 0, 0, 0, -0.0013937801, -0.0012087302, -0.00088855904, -0.00069309265, -0.0006231096, -0.000508915, -0.00041075388, -0.00032140446, -0.00027997582, -0.00020514888, -0.00014245081, -0.00011601952, -7.3471936e-05, -4.4794968e-05, -3.0178531e-05, -2.8244693e-05, -3.5695586e-05, -5.847095e-05, -7.565653e-05, -0.00012139236, -0.00018102431, -0.0002157219, -0.00029418565, -0.00038644904, -0.0005007295, -0.00057169166, -0.0007533873, -0.0009404008, 0, 0, 0, 0, 0, 0, 0, 0, 0, 0, 0, 0, 0, 0, 0, 0, 0, 0, 0, 0, 0, 0, 0, 0, 0, 0, 0, 0, 0, 0, 0, 0, 0, 0, 0, 0, 0, 0, 0, 0, 0, 0, 0, 0, 0, 0, 0, 0, 0, 0, 0, 0, 0, 0, 0, 0, 0, 0, 0, 0, 0
0, 0, 0, 0, 0, 0, 0, 0, 0, 0, 0, 0, 0, 0, 0, 0, 0, 0, 0, 0, 0, 0, 0, 0, 0, 0, 0, 0, 0, 0, 0, 0, 0, 0, 0, 0, 0, 0, 0, 0, 0, 0, 0, 0, 0, 0, 0, 0, 0, 0, 0, 0, 0, 0, 0, 0, 0, 0, 0, 0, 0, 0, -0.0013182889, -0.0011274302, -0.0009741587, -0.00092493725, -0.0008577221, -0.0008101478, -0.0007709466, -0.00075334066, -0.0007219388, -0.0006949722, -0.00068290666, -0.00066117855, -0.0006424459, -0.0006273347, -0.00062144105, -0.00061420386, -0.00061427854, -0.0006173118, -0.0006292471, -0.00064810185, -0.00065973017, -0.0006876284, -0.0007260919, -0.0007921642, -0.000847185, -0.0010334237, -0.0012835372, 0, 0, 0, 0, 0, 0, 0, 0, 0, 0, 0, 0, 0, 0, 0, 0, 0, 0, 0, 0, 0, 0, 0, 0, 0, 0, 0, 0, 0, 0, 0, 0, 0, 0, 0, 0, 0, 0, 0, 0, 0, 0, 0, 0, 0, 0, 0, 0, 0, 0, 0, 0, 0, 0, 0, 0, 0, 0, 0, 0, 0
0, 0, 0, 0, 0, 0, 0, 0, 0, 0, 0, 0, 0, 0, 0, 0, 0, 0, 0, 0, 0, 0, 0, 0, 0, 0, 0, 0, 0, 0, 0, 0, 0, 0, 0, 0, 0, 0, 0, 0, 0, 0, 0, 0, 0, 0, 0, 0, 0, 0, 0, 0, 0, 0, 0, 0, 0, 0, 0, 0, 0, 0, -0.0017966588, -0.0015038237, -0.001334516, -0.0013040452, -0.0012998992, -0.0013279082, -0.0013640099, -0.0013820451, -0.0014151682, -0.0014412829, -0.0014507694, -0.0014614555, -0.0014604629, -0.001448759, -0.0014394997, -0.0014155895, -0.0013864947, -0.0013705145, -0.0013352493, -0.0012951127, -0.0012729123, -0.0012252346, -0.0011808024, -0.0011673274, -0.0011914194, -0.0013702575, -0.0017683629, 0, 0, 0, 0, 0, 0, 0, 0, 0, 0, 0, 0, 0, 0, 0, 0, 0, 0, 0, 0, 0, 0, 0, 0, 0, 0, 0, 0, 0, 0, 0, 0, 0, 0, 0, 0, 0, 0, 0, 0, 0, 0, 0, 0, 0, 0, 0, 0, 0, 0, 0, 0, 0, 0, 0, 0, 0, 0, 0, 0, 0
0, 0, 0, 0, 0, 0, 0, 0, 0, 0, 0, 0, 0, 0, 0, 0, 0, 0, 0, 0, 0, 0, 0, 0, 0, 0, 0, 0, 0, 0, 0, 0, 0, 0, 0, 0, 0, 0, 0, 0, 0, 0, 0, 0, 0, 0, 0, 0, 0, 0, 0, 0, 0, 0, 0, 0, 0, 0, 0, 0, 0, 0, -0.0024549118, -0.0019138028, -0.0017374246, -0.0017430582, -0.0018375792, -0.0019720607, -0.002108855, -0.0021730827, -0.0022881844, -0.002380953, -0.0024175334, -0.002469786, -0.0024933643, -0.0024895596, -0.0024780165, -0.0024375392, -0.0023756442, -0.0023371875, -0.0022447004, -0.0021309357, -0.0020659245, -0.0019214168, -0.0017676958, -0.0016385578, -0.0016042684, -0.0016463958, 0, 0, 0, 0, 0, 0, 0, 0, 0, 0, 0, 0, 0, 0, 0, 0, 0, 0, 0, 0, 0, 0, 0, 0, 0, 0, 0, 0, 0, 0, 0, 0, 0, 0, 0, 0, 0, 0, 0, 0, 0, 0, 0, 0, 0, 0, 0, 0, 0, 0, 0, 0, 0, 0, 0, 0, 0, 0, 0, 0, 0, 0
0, 0, 0, 0, 0, 0, 0, 0, 0, 0, 0, 0, 0, 0, 0, 0, 0, 0, 0, 0, 0, 0, 0, 0, 0, 0, 0, 0, 0, 0, 0, 0, 0, 0, 0, 0, 0, 0, 0, 0, 0, 0, 0, 0, 0, 0, 0, 0, 0, 0, 0, 0, 0, 0, 0, 0, 0, 0, 0, 0, 0, 0, 0, -0.0021580616, -0.0021682852, -0.002247943, -0.0024841647, -0.0027504147, -0.0030039183, -0.0031201025, -0.003325327, -0.0034901195, -0.003556042, -0.0036538336, -0.003705863, -0.0037135642, -0.003701437, -0.003646537, -0.0035522915, -0.0034906287, -0.0033378724, -0.0031449534, -0.003033563, -0.002783619, -0.002512037, -0.0022660918, -0.0021834692, -0.002185474, 0, 0, 0, 0, 0, 0, 0, 0, 0, 0, 0, 0, 0, 0, 0, 0, 0, 0, 0, 0, 0, 0, 0, 0, 0, 0, 0, 0, 0, 0, 0, 0, 0, 0, 0, 0, 0, 0, 0, 0, 0, 0, 0, 0, 0, 0, 0, 0, 0, 0, 0, 0, 0, 0, 0, 0, 0, 0, 0, 0, 0, 0
0, 0, 0, 0, 0, 0, 0, 0, 0, 0, 0, 0, 0, 0, 0, 0, 0, 0, 0, 0, 0, 0, 0, 0, 0, 0, 0, 0, 0, 0, 0, 0, 0, 0, 0, 0, 0, 0, 0, 0, 0, 0, 0, 0, 0, 0, 0, 0, 0, 0, 0, 0, 0, 0, 0, 0, 0, 0, 0, 0, 0, 0, 0, -0.0026926533, -0.0027564242, -0.0028925766, -0.0032605042, -0.0036560185, -0.004022599, -0.004188201, -0.004478218, -0.0047098193, -0.004803083, -0.004944051, -0.005024705, -0.0050462256, -0.0050351773, -0.0049700923, -0.004848219, -0.0047659213, -0.0045580887, -0.004292033, -0.004137545, -0.0037895243, -0.0034089885, -0.0030589974, -0.0029380147, -0.0029269431, 0, 0, 0, 0, 0, 0, 0, 0, 0, 0, 0, 0, 0, 0, 0, 0, 0, 0, 0, 0, 0, 0, 0, 0, 0, 0, 0, 0, 0, 0, 0, 0, 0, 0, 0, 0, 0, 0, 0, 0, 0, 0, 0, 0, 0, 0, 0, 0, 0, 0, 0, 0, 0, 0, 0, 0, 0, 0, 0, 0, 0, 0
0, 0, 0, 0, 0, 0, 0, 0, 0, 0, 0, 0, 0, 0, 0, 0, 0, 0, 0, 0, 0, 0, 0, 0, 0, 0, 0, 0, 0, 0, 0, 0, 0, 0, 0, 0, 0, 0, 0, 0, 0, 0, 0, 0, 0, 0, 0, 0, 0, 0, 0, 0, 0, 0, 0, 0, 0, 0, 0, 0, 0, 0, 0, -0.0034150714, -0.0034919325, -0.0036660773, -0.004135214, -0.0046338583, -0.0050900383, -0.005294189, -0.005649895, -0.0059335763, -0.006048467, -0.0062249037, -0.006330816, -0.006366511, -0.0063578784, -0.006287392, -0.0061452086, -0.0060468083, -0.0057952567, -0.005471113, -0.0052825264, -0.0048577515, -0.004392706, -0.003964559, -0.0038172635, -0.003809961, 0, 0, 0, 0, 0, 0, 0, 0, 0, 0, 0, 0, 0, 0, 0, 0, 0, 0, 0, 0, 0, 0, 0, 0, 0, 0, 0, 0, 0, 0, 0, 0, 0, 0, 0, 0, 0, 0, 0, 0, 0, 0, 0, 0, 0, 0, 0, 0, 0, 0, 0, 0, 0, 0, 0, 0, 0, 0, 0, 0, 0, 0
0, 0, 0, 0, 0, 0, 0, 0, 0, 0, 0, 0, 0, 0, 0, 0, 0, 0, 0, 0, 0, 0, 0, 0, 0, 0, 0, 0, 0, 0, 0, 0, 0, 0, 0, 0, 0, 0, 0, 0, 0, 0, 0, 0, 0, 0, 0, 0, 0, 0, 0, 0, 0, 0, 0, 0, 0, 0, 0, 0, 0, 0, 0, -0.00421284, -0.0042802785, -0.004473551, -0.0050009037, -0.0055602593, -0.006068704, -0.0062951804, -0.006689029, -0.0070042615, -0.007133017, -0.0073335795, -0.007458589, -0.007506285, -0.007500469, -0.0074279592, -0.0072719147, -0.0071622455, -0.006879875, -0.0065153665, -0.0063037295, -0.0058295596, -0.0053179087, -0.0048679984, -0.0047325073, -0.004820124, 0, 0, 0, 0, 0, 0, 0, 0, 0, 0, 0, 0, 0, 0, 0, 0, 0, 0, 0, 0, 0, 0, 0, 0, 0, 0, 0, 0, 0, 0, 0, 0, 0, 0, 0, 0, 0, 0, 0, 0, 0, 0, 0, 0, 0, 0, 0, 0, 0, 0, 0, 0, 0, 0, 0, 0, 0, 0, 0, 0, 0, 0
0, 0, 0, 0, 0, 0, 0, 0, 0, 0, 0, 0, 0, 0, 0, 0, 0, 0, 0, 0, 0, 0, 0, 0, 0, 0, 0, 0, 0, 0, 0, 0, 0, 0, 0, 0, 0, 0, 0, 0, 0, 0, 0, 0, 0, 0, 0, 0, 0, 0, 0, 0, 0, 0, 0, 0, 0, 0, 0, 0, 0, 0, 0, -0.0050459583, -0.005005216, -0.0051725875, -0.0056859786, -0.006252373, -0.006771574, -0.007003278, -0.0074069444, -0.007732411, -0.007866536, -0.008078057, -0.008213067, -0.00826779, -0.008263595, -0.00818933, -0.008024227, -0.007907309, -0.007605357, -0.007215716, -0.006990084, -0.006487957, -0.005961269, -0.0055544837, -0.005494583, -0.0059196893, 0, 0, 0, 0, 0, 0, 0, 0, 0, 0, 0, 0, 0, 0, 0, 0, 0, 0, 0, 0, 0, 0, 0, 0, 0, 0, 0, 0, 0, 0, 0, 0, 0, 0, 0, 0, 0, 0, 0, 0, 0, 0, 0, 0, 0, 0, 0, 0, 0, 0, 0, 0, 0, 0, 0, 0, 0, 0, 0, 0, 0, 0
0, 0, 0, 0, 0, 0, 0, 0, 0, 0, 0, 0, 0, 0, 0, 0, 0, 0, 0, 0, 0, 0, 0, 0, 0, 0, 0, 0, 0, 0, 0, 0, 0, 0, 0, 0, 0, 0, 0, 0, 0, 0, 0, 0, 0, 0, 0, 0, 0, 0, 0, 0, 0, 0, 0, 0, 0, 0, 0, 0, 0, 0, 0, -0.0058868118, -0.0054878923, -0.00555992, -0.0059814076, -0.006511205, -0.0070092077, -0.0072324565, -0.007621902, -0.007936909, -0.008067383, -0.008274232, -0.008407393, -0.00846101, -0.0084561845, -0.008379397, -0.008210033, -0.008090152, -0.007781078, -0.007382246, -0.0071511623, -0.0066359537, -0.006097536, -0.0057162195, -0.005725893, -0.0067258957, 0, 0, 0, 0, 0, 0, 0, 0, 0, 0, 0, 0, 0, 0, 0, 0, 0, 0, 0, 0, 0, 0, 0, 0, 0, 0, 0, 0, 0, 0, 0, 0, 0, 0, 0, 0, 0, 0, 0, 0, 0, 0, 0, 0, 0, 0, 0, 0, 0, 0, 0, 0, 0, 0, 0, 0, 0, 0, 0, 0, 0, 0
0, 0, 0, 0, 0, 0, 0, 0, 0, 0, 0, 0, 0, 0, 0, 0, 0, 0, 0, 0, 0, 0, 0, 0, 0, 0, 0, 0, 0, 0, 0, 0, 0, 0, 0, 0, 0, 0, 0, 0, 0, 0, 0, 0, 0, 0, 0, 0, 0, 0, 0, 0, 0, 0, 0, 0, 0, 0, 0, 0, 0, 0, 0, -0.0063988846, -0.0053993054, -0.0053791804, -0.005719477, -0.006202763, -0.006658769, -0.0068619987, -0.00721416, -0.007496453, -0.0076127355, -0.0077962372, -0.007912437, -0.007955547, -0.0079475995, -0.007869238, -0.0077039693, -0.0075884187, -0.0072919186, -0.006910417, -0.0066893282, -0.0061943685, -0.0056665572, -0.00523979, -0.0051490315, -0.0053182603, 0, 0, 0, 0, 0, 0, 0, 0, 0, 0, 0, 0, 0, 0, 0, 0, 0, 0, 0, 0, 0, 0, 0, 0, 0, 0, 0, 0, 0, 0, 0, 0, 0, 0, 0, 0, 0, 0, 0, 0, 0, 0, 0, 0, 0, 0, 0, 0, 0, 0, 0, 0, 0, 0, 0, 0, 0, 0, 0, 0, 0, 0
0, 0, 0, 0, 0, 0, 0, 0, 0, 0, 0, 0, 0, 0, 0, 0, 0, 0, 0, 0, 0, 0, 0, 0, 0, 0, 0, 0, 0, 0, 0, 0, 0, 0, 0, 0, 0, 0, 0, 0, 0, 0, 0, 0, 0, 0, 0, 0, 0, 0, 0, 0, 0, 0, 0, 0, 0, 0, 0, 0, 0, 0, 0, -0.0046944674, -0.0045147883, -0.0045774616, -0.004914251, -0.0053315046, -0.005713484, -0.005880741, -0.0061655687, -0.0063888207, -0.0064789997, -0.0066181016, -0.0067012226, -0.0067245713, -0.0067120185, -0.006635426, -0.006486774, -0.0063850745, -0.0061272713, -0.0057997224, -0.0056118937, -0.005199498, -0.00478613, -0.0045353146, -0.0045744693, -0.0050884746, 0, 0, 0, 0, 0, 0, 0, 0, 0, 0, 0, 0, 0, 0, 0, 0, 0, 0, 0, 0, 0, 0, 0, 0, 0, 0, 0, 0, 0, 0, 0, 0, 0, 0, 0, 0, 0, 0, 0, 0, 0, 0, 0, 0, 0, 0, 0, 0, 0, 0, 0, 0, 0, 0, 0, 0, 0, 0, 0, 0, 0, 0
0, 0, 0, 0, 0, 0, 0, 0, 0, 0, 0, 0, 0, 0, 0, 0, 0, 0, 0, 0, 0, 0, 0, 0, 0, 0, 0, 0, 0, 0, 0, 0, 0, 0, 0, 0, 0, 0, 0, 0, 0, 0, 0, 0, 0, 0, 0, 0, 0, 0, 0, 0, 0, 0, 0, 0, 0, 0, 0, 0, 0, 0, 0, -0.0041067535, -0.0036606258, -0.0036065457, -0.0037518856, -0.004015113, -0.0042697177, -0.0043810164, -0.0045662476, -0.0047046957, -0.004757726, -0.0048337635, -0.0048702355, -0.004866203, -0.0048476555, -0.004775425, -0.0046532173, -0.004573028, -0.0043753707, -0.004132027, -0.003996253, -0.003711508, -0.003466628, -0.003466239, -0.003722176, -0.0053920555, 0, 0, 0, 0, 0, 0, 0, 0, 0, 0, 0, 0, 0, 0, 0, 0, 0, 0, 0, 0, 0, 0, 0, 0, 0, 0, 0, 0, 0, 0, 0, 0, 0, 0, 0, 0, 0, 0, 0, 0, 0, 0, 0, 0, 0, 0, 0, 0, 0, 0, 0, 0, 0, 0, 0, 0, 0, 0, 0, 0, 0, 0
0, 0, 0, 0, 0, 0, 0, 0, 0, 0, 0, 0, 0, 0, 0, 0, 0, 0, 0, 0, 0, 0, 0, 0, 0, 0, 0, 0, 0, 0, 0, 0, 0, 0, 0, 0, 0, 0, 0, 0, 0, 0, 0, 0, 0, 0, 0, 0, 0, 0, 0, 0, 0, 0, 0, 0, 0, 0, 0, 0, 0, 0, 0, -0.0040487777, -0.0026652983, -0.002423356, -0.0023177422, -0.0023879837, -0.0024846492, -0.0025279748, -0.0025957504, -0.0026362862, -0.0026466905, -0.0026501026, -0.002632292, -0.0025941897, -0.0025667422, -0.0024945296, -0.00239705, -0.0023390292, -0.002206572, -0.002059101, -0.0019836167, -0.0018416919, -0.0017425888, -0.0017564403, -0.0018335513, 0, 0, 0, 0, 0, 0, 0, 0, 0, 0, 0, 0, 0, 0, 0, 0, 0, 0, 0, 0, 0, 0, 0, 0, 0, 0, 0, 0, 0, 0, 0, 0, 0, 0, 0, 0, 0, 0, 0, 0, 0, 0, 0, 0, 0, 0, 0, 0, 0, 0, 0, 0, 0, 0, 0, 0, 0, 0, 0, 0, 0, 0, 0
0, 0, 0, 0, 0, 0, 0, 0, 0, 0, 0, 0, 0, 0, 0, 0, 0, 0, 0, 0, 0, 0, 0, 0, 0, 0, 0, 0, 0, 0, 0, 0, 0, 0, 0, 0, 0, 0, 0, 0, 0, 0, 0, 0, 0, 0, 0, 0, 0, 0, 0, 0, 0, 0, 0, 0, 0, 0, 0, 0, 0, 0, 0, 0, -0.0009569022, -0.0008473848, -0.00069600996, -0.0006132301, -0.0005625535, -0.00054187817, -0.0005001978, -0.0004508579, -0.0004223637, -0.00035759242, -0.0002850164, -0.00020628228, -0.0001647595, -7.8007506e-05, 1.1517879e-05, 5.5282264e-05, 0.00013457278, 0.00018953852, 0.00020215695, 0.00018666394, 0.00011030611, -1.1263186e-05, -7.2179515e-05, 0, 0, 0, 0, 0, 0, 0, 0, 0, 0, 0, 0, 0, 0, 0, 0, 0, 0, 0, 0, 0, 0, 0, 0, 0, 0, 0, 0, 0, 0, 0, 0, 0, 0, 0, 0, 0, 0, 0, 0, 0, 0, 0, 0, 0, 0, 0, 0, 0, 0, 0, 0, 0, 0, 0, 0, 0, 0, 0, 0, 0, 0, 0
0, 0, 0, 0, 0, 0, 0, 0, 0, 0, 0, 0, 0, 0, 0, 0, 0, 0, 0, 0, 0, 0, 0, 0, 0, 0, 0, 0, 0, 0, 0, 0, 0, 0, 0, 0, 0, 0, 0, 0, 0, 0, 0, 0, 0, 0, 0, 0, 0, 0, 0, 0, 0, 0, 0, 0, 0, 0, 0, 0, 0, 0, 0, 0, 0.0005755923, 0.00065380544, 0.00086786755, 0.0010768174, 0.0012437424, 0.0013125245, 0.0014321632, 0.001543033, 0.0015986776, 0.0017145354, 0.0018356298, 0.0019602117, 0.0020222166, 0.0021418917, 0.0022440248, 0.0022824795, 0.0023189657, 0.00227804, 0.0022208642, 0.0020267335, 0.001753061, 0.0015211572, 0.001489429, 0, 0, 0, 0, 0, 0, 0, 0, 0, 0, 0, 0, 0, 0, 0, 0, 0, 0, 0, 0, 0, 0, 0, 0, 0, 0, 0, 0, 0, 0, 0, 0, 0, 0, 0, 0, 0, 0, 0, 0, 0, 0, 0, 0, 0, 0, 0, 0, 0, 0, 0, 0, 0, 0, 0, 0, 0, 0, 0, 0, 0, 0, 0
0, 0, 0, 0, 0, 0, 0, 0, 0, 0, 0, 0, 0, 0, 0, 0, 0, 0, 0, 0, 0, 0, 0, 0, 0, 0, 0, 0, 0, 0, 0, 0, 0, 0, 0, 0, 0, 0, 0, 0, 0, 0, 0, 0, 0, 0, 0, 0, 0, 0, 0, 0, 0, 0, 0, 0, 0, 0, 0, 0, 0, 0, 0, 0, 0.0018711372, 0.0018768494, 0.0020935948, 0.0023900107, 0.0026395803, 0.0027390488, 0.002900394, 0.0030376967, 0.0031054579, 0.0032482524, 0.0034054676, 0.0035733853, 0.0036578942, 0.0038137024, 0.003924375, 0.0039499938, 0.0039138054, 0.0037293392, 0.003574376, 0.0031461816, 0.0026328366, 0.0023058243, 0.0024028707, 0, 0, 0, 0, 0, 0, 0, 0, 0, 0, 0, 0, 0, 0, 0, 0, 0, 0, 0, 0, 0, 0, 0, 0, 0, 0, 0, 0, 0, 0, 0, 0, 0, 0, 0, 0, 0, 0, 0, 0, 0, 0, 0, 0, 0, 0, 0, 0, 0, 0, 0, 0, 0, 0, 0, 0, 0, 0, 0, 0, 0, 0, 0
0, 0, 0, 0, 0, 0, 0, 0, 0, 0, 0, 0, 0, 0, 0, 0, 0, 0, 0, 0, 0, 0, 0, 0, 0, 0, 0, 0, 0, 0, 0, 0, 0, 0, 0, 0, 0, 0, 0, 0, 0, 0, 0, 0, 0, 0, 0, 0, 0, 0, 0, 0, 0, 0, 0, 0, 0, 0, 0, 0, 0, 0, 0, 0, 0.0025465698, 0.0023689447, 0.002559854, 0.0029591788, 0.003302318, 0.0034332776, 0.003627159, 0.0037696513, 0.0038363205, 0.0039806203, 0.004150414, 0.0043380256, 0.004429933, 0.0045796693, 0.0046326644, 0.0046022297, 0.004394443, 0.0039682216, 0.0036746901, 0.0029551943, 0.002147121, 0.0014720607, 0.0013073841, 0, 0, 0, 0, 0, 0, 0, 0, 0, 0, 0, 0, 0, 0, 0, 0, 0, 0, 0, 0, 0, 0, 0, 0, 0, 0, 0, 0, 0, 0, 0, 0, 0, 0, 0, 0, 0, 0, 0, 0, 0, 0, 0, 0, 0, 0, 0, 0, 0, 0, 0, 0, 0, 0, 0, 0, 0, 0, 0, 0, 0, 0, 0
0, 0, 0, 0, 0, 0, 0, 0, 0, 0, 0, 0, 0, 0, 0, 0, 0, 0, 0, 0, 0, 0, 0, 0, 0, 0, 0, 0, 0, 0, 0, 0, 0, 0, 0, 0, 0, 0, 0, 0, 0, 0, 0, 0, 0, 0, 0, 0, 0, 0, 0, 0, 0, 0, 0, 0, 0, 0, 0, 0, 0, 0, 0, 0, 0.0012564627, 0.0013637006, 0.0018534396, 0.002443809, 0.002937691, 0.00312515, 0.0033859026, 0.0035405208, 0.003599399, 0.0037166455, 0.003853033, 0.003994369, 0.004050091, 0.0040815272, 0.0039368114, 0.0037780022, 0.003274942, 0.002550779, 0.0021265629, 0.0012106552, 0.00029187894, -0.00047992644, -0.0007085534, 0, 0, 0, 0, 0, 0, 0, 0, 0, 0, 0, 0, 0, 0, 0, 0, 0, 0, 0, 0, 0, 0, 0, 0, 0, 0, 0, 0, 0, 0, 0, 0, 0, 0, 0, 0, 0, 0, 0, 0, 0, 0, 0, 0, 0, 0, 0, 0, 0, 0, 0, 0, 0, 0, 0, 0, 0, 0, 0, 0, 0, 0, 0
0, 0, 0, 0, 0, 0, 0, 0, 0, 0, 0, 0, 0, 0, 0, 0, 0, 0, 0, 0, 0, 0, 0, 0, 0, 0, 0, 0, 0, 0, 0, 0, 0, 0, 0, 0, 0, 0, 0, 0, 0, 0, 0, 0, 0, 0, 0, 0, 0, 0, 0, 0, 0, 0, 0, 0, 0, 0, 0, 0, 0, 0, 0, 0, -0.00060866115, -0.00045089232, 0.000102867314, 0.00077283266, 0.0013998586, 0.0016594931, 0.0020321992, 0.0022203226, 0.0022652925, 0.0023108677, 0.0023363617, 0.0023254289, 0.0022830763, 0.0020645766, 0.0016160816, 0.0013029614, 0.0005366008, -0.00033206845, -0.00077001634, -0.0015919869, -0.0023079638, -0.0029387667, -0.0031919277, 0, 0, 0, 0, 0, 0, 0, 0, 0, 0, 0, 0, 0, 0, 0, 0, 0, 0, 0, 0, 0, 0, 0, 0, 0, 0, 0, 0, 0, 0, 0, 0, 0, 0, 0, 0, 0, 0, 0, 0, 0, 0, 0, 0, 0, 0, 0, 0, 0, 0, 0, 0, 0, 0, 0, 0, 0, 0, 0, 0, 0, 0, 0
0, 0, 0, 0, 0, 0, 0, 0, 0, 0, 0, 0, 0, 0, 0, 0, 0, 0, 0, 0, 0, 0, 0, 0, 0, 0, 0, 0, 0, 0, 0, 0, 0, 0, 0, 0, 0, 0, 0, 0, 0, 0, 0, 0, 0, 0, 0, 0, 0, 0, 0, 0, 0, 0, 0, 0, 0, 0, 0, 0, 0, 0, 0, 0, -0.002577237, -0.0024433678, -0.0020786007, -0.0015784741, -0.0009989341, -0.00072512426, -0.0003092097, -0.00014169497, -0.00014614579, -0.00025969403, -0.00042530053, -0.00062596734, -0.0007615462, -0.0011590075, -0.0017461427, -0.0020978986, -0.0028557668, -0.0035844033, -0.0039021347, -0.0043947725, -0.0047037895, -0.0049930844, -0.005190295, 0, 0, 0, 0, 0, 0, 0, 0, 0, 0, 0, 0, 0, 0, 0, 0, 0, 0, 0, 0, 0, 0, 0, 0, 0, 0, 0, 0, 0, 0, 0, 0, 0, 0, 0, 0, 0, 0, 0, 0, 0, 0, 0, 0, 0, 0, 0, 0, 0, 0, 0, 0, 0, 0, 0, 0, 0, 0, 0, 0, 0, 0, 0

