0.0075889262, 0.0076630474, 0.0076244115, 0.00635025, 0.005079483, 0.0015537238, -0.0024177474, -0.004250799, -0.007248092, -0.009331087, -0.01074266, -0.011224641, -0.011546732, -0.010720936, -0.009899195, -0.007868633, -0.0059614056, -0.004445391, -0.0037648831, -0.002392978, -0.0010761555, -0.00056422583, -0.00018684819, -0.00096899015, -0.0017569864, -0.003602141, -0.004824294, -0.0048158388, -0.004516257, 0, 0, 0, 0, 0, 0, 0, 0, 0, 0, 0, 0, 0, 0, 0, 0, 0, 0, 0, 0, 0, 0, 0, 0, 0, 0, 0, 0, 0, 0, 0, 0, 0, 0, 0, 0, 0, 0, 0, 0, 0, 0, 0, 0, 0, 0, 0, 0, 0, 0, 0, 0, 0, 0, 0, 0, 0, 0, 0, 0, 0, 0, 0, 0, 0, 0, 0, 0, 0, 0, 0, 0, 0, 0, 0, 0, 0, 0, 0, 0, 0, 0, 0, 0, 0, 0, 0, 0, 0, 0, 0, 0, 0, 0, 0, 0, 0, 0, 0, 0, 0, 0, 0, 0, 0, 0, 0, 0, 0, 0, 0, 0, 0, 0, 0, 0, 0, 0, 0, 0, 0
0.0060225124, 0.005800133, 0.0051783836, 0.0037179627, 0.0025712305, -0.00030951036, -0.003347302, -0.0047110394, -0.0069047012, -0.008410471, -0.009422814, -0.009752449, -0.009874116, -0.009028669, -0.00827033, -0.006462912, -0.004802335, -0.0034929782, -0.0029109707, -0.0017821733, -0.00079329364, -0.00045799377, -0.0003361269, -0.0010367237, -0.0016063646, -0.002728381, -0.0032031885, -0.0028987045, -0.0026805778, -0.0027706756, -0.0038012285, -0.0040567294, 0, 0, 0, 0, 0, 0, 0, 0, 0, 0, 0, 0, 0, 0, 0, 0, 0, 0, 0, 0, 0, 0, 0, 0, 0, 0, 0, 0, 0, 0, 0, 0, 0, 0, 0, 0, 0, 0, 0, 0, 0, 0, 0, 0, 0, 0, 0, 0, 0, 0, 0, 0, 0, 0, 0, 0, 0, 0, 0, 0, 0, 0, 0, 0, 0, 0, 0, 0, 0, 0, 0, 0, 0, 0, 0, 0, 0, 0, 0, 0, 0, 0, 0, 0, 0, 0, 0, 0, 0, 0, 0, 0, 0, 0, 0, 0, 0, 0, 0, 0, 0, 0, 0, 0, 0, 0, 0, 0, 0, 0, 0, 0, 0, 0, 0, 0, 0, 0
0.0032331918, 0.0029322444, 0.0018893152, 0.00021643072, -0.0008353054, -0.0031392903, -0.0053312303, -0.0062662615, -0.007699601, -0.0086031975, -0.0091257505, -0.009237966, -0.008988637, -0.007912871, -0.007106499, -0.005312549, -0.0037436506, -0.002574053, -0.0020958139, -0.0012812248, -0.00073620176, -0.00062657415, -0.00079690164, -0.0013588648, -0.0016770051, -0.002120316, -0.0021297997, -0.0019139656, -0.0018885491, -0.0022584107, -0.0030089414, -0.0034918538, -0.0052930564, -0.0064961542, 0, 0, 0, 0, 0, 0, 0, 0, 0, 0, 0, 0, 0, 0, 0, 0, 0, 0, 0, 0, 0, 0, 0, 0, 0, 0, 0, 0, 0, 0, 0, 0, 0, 0, 0, 0, 0, 0, 0, 0, 0, 0, 0, 0, 0, 0, 0, 0, 0, 0, 0, 0, 0, 0, 0, 0, 0, 0, 0, 0, 0, 0, 0, 0, 0, 0, 0, 0, 0, 0, 0, 0, 0, 0, 0, 0, 0, 0, 0, 0, 0, 0, 0, 0, 0, 0, 0, 0, 0, 0, 0, 0, 0, 0, 0, 0, 0, 0, 0, 0, 0, 0, 0, 0, 0, 0, 0, 0, 0, 0, 0, 0, 0, 0, 0, 0
-2.8289474e-05, -0.0003007551, -0.001531694, -0.0033392906, -0.0043331934, -0.0062719015, -0.007886967, -0.008499031, -0.009276739, -0.009553225, -0.009484304, -0.009311774, -0.008530491, -0.0070469067, -0.006110281, -0.004214548, -0.0027196186, -0.0017693782, -0.0014560989, -0.0010741891, -0.001017777, -0.0011139392, -0.0014817799, -0.0018758922, -0.002006968, -0.0020765727, -0.0019867858, -0.0019870494, -0.0020928516, -0.0025300465, -0.0031585959, -0.003564652, -0.0046359403, -0.0060750903, -0.009420307, -0.010859501, 0, 0, 0, 0, 0, 0, 0, 0, 0, 0, 0, 0, 0, 0, 0, 0, 0, 0, 0, 0, 0, 0, 0, 0, 0, 0, 0, 0, 0, 0, 0, 0, 0, 0, 0, 0, 0, 0, 0, 0, 0, 0, 0, 0, 0, 0, 0, 0, 0, 0, 0, 0, 0, 0, 0, 0, 0, 0, 0, 0, 0, 0, 0, 0, 0, 0, 0, 0, 0, 0, 0, 0, 0, 0, 0, 0, 0, 0, 0, 0, 0, 0, 0, 0, 0, 0, 0, 0, 0, 0, 0, 0, 0, 0, 0, 0, 0, 0, 0, 0, 0, 0, 0, 0, 0, 0, 0, 0, 0, 0, 0, 0, 0, 0
-0.0028395418, -0.0030578733, -0.0043658633, -0.006294058, -0.007291186, -0.009062812, -0.010269414, -0.010596585, -0.0107042035, -0.010267887, -0.009505662, -0.008999021, -0.007615369, -0.00572479, -0.0046949615, -0.002844288, -0.001637843, -0.001116944, -0.001044957, -0.0011515155, -0.0014970014, -0.0017233872, -0.002170047, -0.0024471392, -0.0024976467, -0.0024911468, -0.002519795, -0.002740121, -0.0029275613, -0.0033941632, -0.0039096535, -0.004190179, -0.004841588, -0.0058507198, -0.0074492977, -0.008180819, -0.010252578, -0.013928337, -0.014954006, 0, 0, 0, 0, 0, 0, 0, 0, 0, 0, 0, 0, 0, 0, 0, 0, 0, 0, 0, 0, 0, 0, 0, 0, 0, 0, 0, 0, 0, 0, 0, 0, 0, 0, 0, 0, 0, 0, 0, 0, 0, 0, 0, 0, 0, 0, 0, 0, 0, 0, 0, 0, 0, 0, 0, 0, 0, 0, 0, 0, 0, 0, 0, 0, 0, 0, 0, 0, 0, 0, 0, 0, 0, 0, 0, 0, 0, 0, 0, 0, 0, 0, 0, 0, 0, 0, 0, 0, 0, 0, 0, 0, 0, 0, 0, 0, 0, 0, 0, 0, 0, 0, 0, 0, 0, 0, 0, 0, 0, 0, 0
-0.004733185, -0.0049036457, -0.006217166, -0.00817608, -0.009140877, -0.010674178, -0.0113720875, -0.011361876, -0.01072417, -0.009565877, -0.008163749, -0.007377822, -0.0055817347, -0.0035971878, -0.0026664778, -0.0012531158, -0.0006377695, -0.0006804101, -0.00084909674, -0.0013293107, -0.0018920834, -0.002170047, -0.0026290382, -0.0028855612, -0.002947832, -0.0030512514, -0.003271468, -0.0036500788, -0.0038730828, -0.0043159346, -0.0047164336, -0.0049038893, -0.005285308, -0.0057618967, -0.0063616764, -0.0067042722, -0.007760837, -0.008614532, -0.008365145, -0.005947802, -0.004979777, 0, 0, 0, 0, 0, 0, 0, 0, 0, 0, 0, 0, 0, 0, 0, 0, 0, 0, 0, 0, 0, 0, 0, 0, 0, 0, 0, 0, 0, 0, 0, 0, 0, 0, 0, 0, 0, 0, 0, 0, 0, 0, 0, 0, 0, 0, 0, 0, 0, 0, 0, 0, 0, 0, 0, 0, 0, 0, 0, 0, 0, 0, 0, 0, 0, 0, 0, 0, 0, 0, 0, 0, 0, 0, 0, 0, 0, 0, 0, 0, 0, 0, 0, 0, 0, 0, 0, 0, 0, 0, 0, 0, 0, 0, 0, 0, 0, 0, 0, 0, 0, 0, 0, 0, 0, 0, 0, 0, 0
-0.00564171, -0.0057571786, -0.0068987045, -0.008553909, -0.009292395, -0.010209339, -0.0101422, -0.009745718, -0.008439739, -0.006813293, -0.0051379236, -0.0042957626, -0.002614942, -0.0011135517, -0.0005416827, 6.758004e-05, -9.2103755e-06, -0.0004932095, -0.0007938345, -0.0014171572, -0.0020302096, -0.002315477, -0.0027890862, -0.0031048434, -0.0032265298, -0.003491748, -0.0038599833, -0.0042889584, -0.0044935914, -0.004845765, -0.0051188166, -0.005224113, -0.005357499, -0.005375246, -0.0052867956, -0.0052201115, -0.0050402135, -0.004451388, -0.003882568, -0.0022507191, -3.1115513e-05, 0.0021387774, 0.0046281177, 0, 0, 0, 0, 0, 0, 0, 0, 0, 0, 0, 0, 0, 0, 0, 0, 0, 0, 0, 0, 0, 0, 0, 0, 0, 0, 0, 0, 0, 0, 0, 0, 0, 0, 0, 0, 0, 0, 0, 0, 0, 0, 0, 0, 0, 0, 0, 0, 0, 0, 0, 0, 0, 0, 0, 0, 0, 0, 0, 0, 0, 0, 0, 0, 0, 0, 0, 0, 0, 0, 0, 0, 0, 0, 0, 0, 0, 0, 0, 0, 0, 0, 0, 0, 0, 0, 0, 0, 0, 0, 0, 0, 0, 0, 0, 0, 0, 0, 0, 0, 0, 0, 0, 0, 0, 0, 0
-0.0055286232, -0.005557592, -0.006251146, -0.007153467, -0.0074358364, -0.0073930533, -0.006506831, -0.005825168, -0.0042527947, -0.0027171683, -0.0013966162, -0.0008248885, 0.000112034875, 0.00065955485, 0.00074560393, 0.0005511177, 3.8640137e-05, -0.00055945065, -0.0008538433, -0.0014399767, -0.0020405443, -0.002331166, -0.0028370155, -0.003221716, -0.00339032, -0.0037460744, -0.0041335966, -0.004474478, -0.004608041, -0.0048058107, -0.004922516, -0.0049345735, -0.0047959993, -0.004385682, -0.0037231264, -0.0033183985, -0.0023712097, -0.0011916376, -0.00051632174, 0.0009524054, 0.0027021708, 0.0038590154, 0.00682233, 0.012472227, 0.015550185, 0, 0, 0, 0, 0, 0, 0, 0, 0, 0, 0, 0, 0, 0, 0, 0, 0, 0, 0, 0, 0, 0, 0, 0, 0, 0, 0, 0, 0, 0, 0, 0, 0, 0, 0, 0, 0, 0, 0, 0, 0, 0, 0, 0, 0, 0, 0, 0, 0, 0, 0, 0, 0, 0, 0, 0, 0, 0, 0, 0, 0, 0, 0, 0, 0, 0, 0, 0, 0, 0, 0, 0, 0, 0, 0, 0, 0, 0, 0, 0, 0, 0, 0, 0, 0, 0, 0, 0, 0, 0, 0, 0, 0, 0, 0, 0, 0, 0, 0, 0, 0, 0, 0, 0, 0
-0.004410358, -0.004330115, -0.004406681, -0.0043676435, -0.0041527078, -0.0032669436, -0.001969787, -0.0012880292, -8.688599e-05, 0.0007457948, 0.0011952374, 0.0012925296, 0.0012479733, 0.00090911053, 0.0006583036, 9.767202e-05, -0.0004200932, -0.0008755769, -0.0011112994, -0.0016616255, -0.0022943143, -0.002601174, -0.0031141557, -0.0034799336, -0.0036326505, -0.0039191535, -0.0041542053, -0.004273361, -0.0042915107, -0.0042820154, -0.0042043463, -0.004100362, -0.003658247, -0.0028498215, -0.0017474305, -0.0011291219, 0.00018197288, 0.0015409201, 0.002215165, 0.0035079273, 0.004782318, 0.005491978, 0.007318396, 0.009713781, 0.01123645, 0.012017036, 0.014049093, 0, 0, 0, 0, 0, 0, 0, 0, 0, 0, 0, 0, 0, 0, 0, 0, 0, 0, 0, 0, 0, 0, 0, 0, 0, 0, 0, 0, 0, 0, 0, 0, 0, 0, 0, 0, 0, 0, 0, 0, 0, 0, 0, 0, 0, 0, 0, 0, 0, 0, 0, 0, 0, 0, 0, 0, 0, 0, 0, 0, 0, 0, 0, 0, 0, 0, 0, 0, 0, 0, 0, 0, 0, 0, 0, 0, 0, 0, 0, 0, 0, 0, 0, 0, 0, 0, 0, 0, 0, 0, 0, 0, 0, 0, 0, 0, 0, 0, 0, 0, 0, 0, 0
-0.0026875287, -0.0025279536, -0.0021228297, -0.001457196, -0.0009887574, 0.00010794686, 0.0011157388, 0.0014799659, 0.0018352125, 0.0017433742, 0.001354808, 0.0010903601, 0.00047929253, -0.00014387489, -0.00041828098, -0.00083847623, -0.0011341677, -0.0014875468, -0.0017400264, -0.0024029678, -0.003124469, -0.0034319651, -0.0038551372, -0.0040526125, -0.0041023754, -0.004141073, -0.0040702275, -0.0038746395, -0.0037528218, -0.003504766, -0.0031919752, -0.0029519666, -0.0021926481, -0.0010517734, 0.0003208793, 0.0010335423, 0.0024319661, 0.0037348324, 0.0043291217, 0.0053606504, 0.006189303, 0.0065657063, 0.0073502953, 0.008110977, 0.0086904885, 0.0090421755, 0.009805457, 0.011203057, 0.011686866, 0, 0, 0, 0, 0, 0, 0, 0, 0, 0, 0, 0, 0, 0, 0, 0, 0, 0, 0, 0, 0, 0, 0, 0, 0, 0, 0, 0, 0, 0, 0, 0, 0, 0, 0, 0, 0, 0, 0, 0, 0, 0, 0, 0, 0, 0, 0, 0, 0, 0, 0, 0, 0, 0, 0, 0, 0, 0, 0, 0, 0, 0, 0, 0, 0, 0, 0, 0, 0, 0, 0, 0, 0, 0, 0, 0, 0, 0, 0, 0, 0, 0, 0, 0, 0, 0, 0, 0, 0, 0, 0, 0, 0, 0, 0, 0, 0, 0, 0, 0, 0
-0.0011173823, -0.0009546692, -0.00044702154, 0.00023078744, 0.0005980138, 0.0012248356, 0.0014740516, 0.0014125895, 0.0009711557, 0.0002985687, -0.0003881292, -0.00069787307, -0.0012153243, -0.0015664747, -0.001677891, -0.0018287665, -0.002054151, -0.0025590914, -0.002931885, -0.00379832, -0.0045501026, -0.0047956454, -0.004984097, -0.0048730937, -0.0047546066, -0.004431196, -0.0039879153, -0.0034690427, -0.0032144743, -0.0027329167, -0.0021699665, -0.0017881591, -0.0007420206, 0.0006179443, 0.0020786256, 0.002782497, 0.004070079, 0.0051648873, 0.0056255213, 0.006336024, 0.006759032, 0.0068857647, 0.0070315683, 0.0070328284, 0.0068972697, 0.006822631, 0.0067507867, 0.006731201, 0.0064490917, 0.0056107114, 0, 0, 0, 0, 0, 0, 0, 0, 0, 0, 0, 0, 0, 0, 0, 0, 0, 0, 0, 0, 0, 0, 0, 0, 0, 0, 0, 0, 0, 0, 0, 0, 0, 0, 0, 0, 0, 0, 0, 0, 0, 0, 0, 0, 0, 0, 0, 0, 0, 0, 0, 0, 0, 0, 0, 0, 0, 0, 0, 0, 0, 0, 0, 0, 0, 0, 0, 0, 0, 0, 0, 0, 0, 0, 0, 0, 0, 0, 0, 0, 0, 0, 0, 0, 0, 0, 0, 0, 0, 0, 0, 0, 0, 0, 0, 0, 0, 0, 0, 0
-0.00032998048, -0.0002262911, 6.130242e-05, 0.00032325895, 0.0004007349, 0.00034131316, -8.809618e-05, -0.0004266035, -0.0012183866, -0.0019510533, -0.0024617154, -0.0026240374, -0.0027991163, -0.0028549598, -0.0028794291, -0.0030323768, -0.0034763583, -0.004274743, -0.004759477, -0.0056841183, -0.0062536728, -0.0063434206, -0.0061721867, -0.0057019773, -0.005407885, -0.004738638, -0.0039870823, -0.0032384396, -0.0028933957, -0.002232955, -0.0014500957, -0.0009506218, 0.00028780728, 0.0017086273, 0.0030756171, 0.0036856488, 0.0047328416, 0.0055490118, 0.005862697, 0.006270964, 0.006388122, 0.006358762, 0.00617077, 0.005804695, 0.0052356888, 0.004899096, 0.0042327815, 0.003655919, 0.0033659262, 0.00274826, 0.002240138, 0.0023223902, 0, 0, 0, 0, 0, 0, 0, 0, 0, 0, 0, 0, 0, 0, 0, 0, 0, 0, 0, 0, 0, 0, 0, 0, 0, 0, 0, 0, 0, 0, 0, 0, 0, 0, 0, 0, 0, 0, 0, 0, 0, 0, 0, 0, 0, 0, 0, 0, 0, 0, 0, 0, 0, 0, 0, 0, 0, 0, 0, 0, 0, 0, 0, 0, 0, 0, 0, 0, 0, 0, 0, 0, 0, 0, 0, 0, 0, 0, 0, 0, 0, 0, 0, 0, 0, 0, 0, 0, 0, 0, 0, 0, 0, 0, 0, 0, 0, 0
-0.0004586487, -0.00041874908, -0.00042097928, -0.0005963976, -0.00076084724, -0.0012678932, -0.0019909127, -0.0023953267, -0.003165482, -0.0037422618, -0.004065555, -0.004151143, -0.004252538, -0.004385702, -0.004510739, -0.0049534054, -0.0056898235, -0.006612043, -0.0070574256, -0.0077047236, -0.007839634, -0.007707674, -0.007157914, -0.0064072963, -0.0059974077, -0.005131696, -0.0042464207, -0.0034249495, -0.0030469534, -0.0022812153, -0.0013417833, -0.00077090773, 0.0005237, 0.0018355062, 0.0029567068, 0.003420168, 0.00417303, 0.004723899, 0.0049185357, 0.005116292, 0.0050628516, 0.0049610655, 0.0046313964, 0.0040976685, 0.0033254311, 0.0028822643, 0.0020372462, 0.0014191348, 0.001210354, 0.00094610377, 0.00081042864, 0.0004898967, -6.849098e-05, 0, 0, 0, 0, 0, 0, 0, 0, 0, 0, 0, 0, 0, 0, 0, 0, 0, 0, 0, 0, 0, 0, 0, 0, 0, 0, 0, 0, 0, 0, 0, 0, 0, 0, 0, 0, 0, 0, 0, 0, 0, 0, 0, 0, 0, 0, 0, 0, 0, 0, 0, 0, 0, 0, 0, 0, 0, 0, 0, 0, 0, 0, 0, 0, 0, 0, 0, 0, 0, 0, 0, 0, 0, 0, 0, 0, 0, 0, 0, 0, 0, 0, 0, 0, 0, 0, 0, 0, 0, 0, 0, 0, 0, 0, 0, 0, 0
-0.0012409075, -0.0012317324, -0.0014233955, -0.001851079, -0.0021280053, -0.0027844934, -0.0035322746, -0.0039115837, -0.004610403, -0.0051696706, -0.0055991523, -0.005790332, -0.006191722, -0.0066945227, -0.0070010773, -0.007722959, -0.008514024, -0.009186263, -0.009403369, -0.009486938, -0.009094936, -0.008765506, -0.0079769865, -0.0071370564, -0.00671231, -0.0058551603, -0.005019289, -0.0042438246, -0.0038632394, -0.0030253944, -0.001985916, -0.0013943113, -0.00018187123, 0.0008808945, 0.0016711581, 0.0019724392, 0.0024506734, 0.0028033813, 0.002923961, 0.0030171953, 0.0029094368, 0.002791749, 0.002430262, 0.0018515702, 0.0010585708, 0.00063399033, -9.6628435e-05, -0.0005224939, -0.00062219205, -0.000681628, -0.00069436646, -0.00091685564, -0.0012339901, -0.0026132665, 0, 0, 0, 0, 0, 0, 0, 0, 0, 0, 0, 0, 0, 0, 0, 0, 0, 0, 0, 0, 0, 0, 0, 0, 0, 0, 0, 0, 0, 0, 0, 0, 0, 0, 0, 0, 0, 0, 0, 0, 0, 0, 0, 0, 0, 0, 0, 0, 0, 0, 0, 0, 0, 0, 0, 0, 0, 0, 0, 0, 0, 0, 0, 0, 0, 0, 0, 0, 0, 0, 0, 0, 0, 0, 0, 0, 0, 0, 0, 0, 0, 0, 0, 0, 0, 0, 0, 0, 0, 0, 0, 0, 0, 0, 0, 0
-0.0023314562, -0.0023225355, -0.0026062543, -0.0031558992, -0.0034783273, -0.0041793464, -0.004933302, -0.005320734, -0.006094923, -0.0068566645, -0.007617279, -0.008005365, -0.0088043045, -0.009615214, -0.010007702, -0.010707907, -0.011187608, -0.0113132205, -0.0112183085, -0.010736141, -0.010000507, -0.00960184, -0.0088333255, -0.008121204, -0.0077721193, -0.007068125, -0.006358414, -0.005626764, -0.0052268105, -0.0042999648, -0.0032150906, -0.0026584354, -0.0016554254, -0.00093250885, -0.0004882616, -0.00033008686, -5.8494225e-05, 0.00017501575, 0.00025879376, 0.00031481506, 0.00020706115, 9.483991e-05, -0.00026055804, -0.0008185049, -0.0015072272, -0.0018306823, -0.002283926, -0.002414238, -0.0023898282, -0.0022753612, -0.0021954835, -0.0022939064, -0.002476376, -0.0033314656, -0.005378219, -0.006340595, 0, 0, 0, 0, 0, 0, 0, 0, 0, 0, 0, 0, 0, 0, 0, 0, 0, 0, 0, 0, 0, 0, 0, 0, 0, 0, 0, 0, 0, 0, 0, 0, 0, 0, 0, 0, 0, 0, 0, 0, 0, 0, 0, 0, 0, 0, 0, 0, 0, 0, 0, 0, 0, 0, 0, 0, 0, 0, 0, 0, 0, 0, 0, 0, 0, 0, 0, 0, 0, 0, 0, 0, 0, 0, 0, 0, 0, 0, 0, 0, 0, 0, 0, 0, 0, 0, 0, 0, 0, 0, 0, 0, 0, 0
-0.0034413897, -0.0034248545, -0.0037740031, -0.004429949, -0.00480242, -0.0055920947, -0.006442989, -0.006895148, -0.0078535415, -0.008873327, -0.0099224625, -0.010440082, -0.011404995, -0.012190024, -0.012482577, -0.01281351, -0.012765193, -0.012349876, -0.012035202, -0.0113037815, -0.010595952, -0.0102912, -0.009780086, -0.009323046, -0.009082626, -0.008541057, -0.007898603, -0.0071221404, -0.0066726217, -0.0056706117, -0.004651355, -0.0042012883, -0.0035285745, -0.003180094, -0.0030292622, -0.00297006, -0.0028186392, -0.0026470735, -0.0025831962, -0.0025497233, -0.0026620287, -0.0027757317, -0.0031293135, -0.0036357592, -0.0041490807, -0.004333245, -0.0044557545, -0.0042904527, -0.0041573383, -0.0039090947, -0.0037671695, -0.0037888403, -0.0038970935, -0.004488171, -0.006121491, -0.007683612, -0.01327843, -0.016182413, 0, 0, 0, 0, 0, 0, 0, 0, 0, 0, 0, 0, 0, 0, 0, 0, 0, 0, 0, 0, 0, 0, 0, 0, 0, 0, 0, 0, 0, 0, 0, 0, 0, 0, 0, 0, 0, 0, 0, 0, 0, 0, 0, 0, 0, 0, 0, 0, 0, 0, 0, 0, 0, 0, 0, 0, 0, 0, 0, 0, 0, 0, 0, 0, 0, 0, 0, 0, 0, 0, 0, 0, 0, 0, 0, 0, 0, 0, 0, 0, 0, 0, 0, 0, 0, 0, 0, 0, 0, 0, 0, 0
-0.0042985, -0.004282658, -0.004706904, -0.0054885596, -0.005928259, -0.0068510775, -0.007832733, -0.008350503, -0.009435875, -0.010553134, -0.011620812, -0.012100144, -0.012867546, -0.013293305, -0.013359833, -0.013208003, -0.012747526, -0.012120567, -0.011800778, -0.011250952, -0.010889021, -0.010771839, -0.010589282, -0.010354229, -0.010182139, -0.009695953, -0.009009549, -0.008142437, -0.007664848, -0.0067192083, -0.0059526246, -0.005688936, -0.0054244255, -0.005408952, -0.0054412023, -0.005425826, -0.005316707, -0.0051823966, -0.005141079, -0.005150162, -0.0052937544, -0.0054185493, -0.005773979, -0.0062020486, -0.006514051, -0.0065625673, -0.006414851, -0.0060646404, -0.0058820467, -0.0055953297, -0.0054411017, -0.0054175034, -0.00547203, -0.0058251605, -0.006782904, -0.007611788, -0.009586928, -0.01022499, -0.010016738, 0, 0, 0, 0, 0, 0, 0, 0, 0, 0, 0, 0, 0, 0, 0, 0, 0, 0, 0, 0, 0, 0, 0, 0, 0, 0, 0, 0, 0, 0, 0, 0, 0, 0, 0, 0, 0, 0, 0, 0, 0, 0, 0, 0, 0, 0, 0, 0, 0, 0, 0, 0, 0, 0, 0, 0, 0, 0, 0, 0, 0, 0, 0, 0, 0, 0, 0, 0, 0, 0, 0, 0, 0, 0, 0, 0, 0, 0, 0, 0, 0, 0, 0, 0, 0, 0, 0, 0, 0, 0, 0
-0.0046211686, -0.004615021, -0.0051062084, -0.0059892368, -0.0064819334, -0.0074964045, -0.008528029, -0.009046754, -0.010069389, -0.011019521, -0.011802163, -0.012097904, -0.012443825, -0.012439589, -0.012318688, -0.0119145205, -0.011428806, -0.011023245, -0.010887434, -0.010772459, -0.010813586, -0.010851175, -0.010861823, -0.010684238, -0.010504033, -0.009957409, -0.009202193, -0.008351343, -0.007943922, -0.007286649, -0.0069543296, -0.00691911, -0.0070373653, -0.007231052, -0.007315597, -0.0072977897, -0.007193024, -0.0071067554, -0.0071008867, -0.007177859, -0.0073677073, -0.007503483, -0.007838375, -0.008154731, -0.00827487, -0.008225268, -0.007947064, -0.0075895153, -0.007435763, -0.0072157667, -0.0070723956, -0.0069565014, -0.0069112726, -0.0068854955, -0.006988762, -0.0070710946, -0.007081614, -0.006724014, -0.0065346966, -0.0062637427, 0, 0, 0, 0, 0, 0, 0, 0, 0, 0, 0, 0, 0, 0, 0, 0, 0, 0, 0, 0, 0, 0, 0, 0, 0, 0, 0, 0, 0, 0, 0, 0, 0, 0, 0, 0, 0, 0, 0, 0, 0, 0, 0, 0, 0, 0, 0, 0, 0, 0, 0, 0, 0, 0, 0, 0, 0, 0, 0, 0, 0, 0, 0, 0, 0, 0, 0, 0, 0, 0, 0, 0, 0, 0, 0, 0, 0, 0, 0, 0, 0, 0, 0, 0, 0, 0, 0, 0, 0, 0
-0.0042487876, -0.0042537046, -0.004760328, -0.005653274, -0.006145213, -0.0071290624, -0.0080619585, -0.008496337, -0.009272888, -0.0098788785, -0.010259373, -0.010354355, -0.010357301, -0.01016202, -0.010024043, -0.00975571, -0.00960174, -0.009628686, -0.009707431, -0.009942214, -0.010169391, -0.010235322, -0.010205099, -0.009924148, -0.00969419, -0.00909915, -0.008424923, -0.007835978, -0.0076277545, -0.007453305, -0.007598597, -0.0077543603, -0.0081065865, -0.00835106, -0.00840301, -0.008374852, -0.008301422, -0.008303184, -0.008346145, -0.008501603, -0.008727875, -0.008861261, -0.009132714, -0.0093062725, -0.009269273, -0.00917207, -0.00890563, -0.008675195, -0.00859558, -0.008470696, -0.008293942, -0.00798895, -0.007787269, -0.007301432, -0.006704084, -0.006352266, -0.0055466457, -0.0047675506, -0.00448013, -0.0041725514, -0.00413225, 0, 0, 0, 0, 0, 0, 0, 0, 0, 0, 0, 0, 0, 0, 0, 0, 0, 0, 0, 0, 0, 0, 0, 0, 0, 0, 0, 0, 0, 0, 0, 0, 0, 0, 0, 0, 0, 0, 0, 0, 0, 0, 0, 0, 0, 0, 0, 0, 0, 0, 0, 0, 0, 0, 0, 0, 0, 0, 0, 0, 0, 0, 0, 0, 0, 0, 0, 0, 0, 0, 0, 0, 0, 0, 0, 0, 0, 0, 0, 0, 0, 0, 0, 0, 0, 0, 0, 0, 0
-0.0032970975, -0.0033076853, -0.0037549115, -0.0045309407, -0.0049507637, -0.005760085, -0.0064665014, -0.006766607, -0.007240532, -0.0075316373, -0.0076481863, -0.0076535987, -0.007602961, -0.0075438293, -0.0075397245, -0.0076232566, -0.007841607, -0.008148134, -0.008306024, -0.008564387, -0.008666668, -0.008639018, -0.0084222, -0.008034069, -0.0078053838, -0.007355332, -0.0070255413, -0.0069308793, -0.006990637, -0.007305004, -0.0077731516, -0.008010796, -0.008391511, -0.0085815145, -0.008618975, -0.008620482, -0.008667976, -0.008813015, -0.008914683, -0.009141037, -0.009371781, -0.009478949, -0.009638046, -0.009653039, -0.009507763, -0.009405825, -0.009233014, -0.009156207, -0.009136241, -0.0090384325, -0.008746385, -0.008209198, -0.007860563, -0.007044512, -0.0061166403, -0.0056301933, -0.004691982, -0.003944887, -0.0036825319, -0.003396237, -0.003525757, -0.004658819, -0.005486025, 0, 0, 0, 0, 0, 0, 0, 0, 0, 0, 0, 0, 0, 0, 0, 0, 0, 0, 0, 0, 0, 0, 0, 0, 0, 0, 0, 0, 0, 0, 0, 0, 0, 0, 0, 0, 0, 0, 0, 0, 0, 0, 0, 0, 0, 0, 0, 0, 0, 0, 0, 0, 0, 0, 0, 0, 0, 0, 0, 0, 0, 0, 0, 0, 0, 0, 0, 0, 0, 0, 0, 0, 0, 0, 0, 0, 0, 0, 0, 0, 0, 0, 0, 0, 0, 0, 0
-0.0021429274, -0.0021556823, -0.0024899442, -0.0030495482, -0.0033427046, -0.0038795925, -0.0043083727, -0.0044757035, -0.0047179335, -0.0048569106, -0.004939158, -0.0049792733, -0.005095629, -0.0052937116, -0.0054263873, -0.0057371585, -0.006049236, -0.0062759086, -0.006335241, -0.006324527, -0.0061492696, -0.006013162, -0.0056950995, -0.005405858, -0.0053080497, -0.005264778, -0.0054633147, -0.005889403, -0.0061625275, -0.006746057, -0.0072631934, -0.007464396, -0.007736116, -0.007884271, -0.008022188, -0.008120675, -0.008397814, -0.008736456, -0.008901895, -0.0091836555, -0.009377219, -0.009434873, -0.009447195, -0.009320136, -0.009132101, -0.009058034, -0.009003721, -0.0090302015, -0.009024697, -0.008863946, -0.008421881, -0.0077209207, -0.0073062335, -0.0064201886, -0.0055320417, -0.00511525, -0.0043994603, -0.0038953198, -0.0037185044, -0.00347438, -0.003422033, -0.0037540079, -0.0039997785, -0.004505262, 0, 0, 0, 0, 0, 0, 0, 0, 0, 0, 0, 0, 0, 0, 0, 0, 0, 0, 0, 0, 0, 0, 0, 0, 0, 0, 0, 0, 0, 0, 0, 0, 0, 0, 0, 0, 0, 0, 0, 0, 0, 0, 0, 0, 0, 0, 0, 0, 0, 0, 0, 0, 0, 0, 0, 0, 0, 0, 0, 0, 0, 0, 0, 0, 0, 0, 0, 0, 0, 0, 0, 0, 0, 0, 0, 0, 0, 0, 0, 0, 0, 0, 0, 0, 0, 0
-0.0011294145, -0.0011477924, -0.001364436, -0.0016815196, -0.0018323414, -0.0020786405, -0.0022458832, -0.002305577, -0.0023974844, -0.0024862534, -0.0026141158, -0.002703251, -0.002936629, -0.0032170592, -0.0033561243, -0.0035803174, -0.0036694468, -0.0035851325, -0.0034829958, -0.0032021827, -0.002901186, -0.0027762642, -0.0026412723, -0.0027280971, -0.0028695446, -0.0033411235, -0.003996747, -0.004708176, -0.005039699, -0.005582995, -0.0059331213, -0.0060470495, -0.0062234625, -0.006447508, -0.0068213693, -0.007070037, -0.0076364772, -0.0081810225, -0.008406712, -0.008725809, -0.008860879, -0.00886119, -0.008745549, -0.008547838, -0.008404242, -0.00838686, -0.008450922, -0.008520952, -0.008495631, -0.008236488, -0.007688172, -0.0069560735, -0.0065682693, -0.0058229286, -0.0051715663, -0.0048969164, -0.0044691684, -0.0041751354, -0.0040439707, -0.0037423053, -0.0033978731, -0.0031395173, -0.0030716374, -0.0030990802, -0.0031712428, 0, 0, 0, 0, 0, 0, 0, 0, 0, 0, 0, 0, 0, 0, 0, 0, 0, 0, 0, 0, 0, 0, 0, 0, 0, 0, 0, 0, 0, 0, 0, 0, 0, 0, 0, 0, 0, 0, 0, 0, 0, 0, 0, 0, 0, 0, 0, 0, 0, 0, 0, 0, 0, 0, 0, 0, 0, 0, 0, 0, 0, 0, 0, 0, 0, 0, 0, 0, 0, 0, 0, 0, 0, 0, 0, 0, 0, 0, 0, 0, 0, 0, 0, 0, 0
-0.00024761396, -0.00027703593, -0.0003958016, -0.0004969661, -0.000521372, -0.0005134646, -0.00045569387, -0.00042080128, -0.0003657763, -0.00035642603, -0.00041024527, -0.00046008613, -0.00058535533, -0.00069584564, -0.0007232585, -0.00068465364, -0.00050441554, -0.00021781487, -6.237421e-05, 0.0001984272, 0.00029901374, 0.00026096508, -2.2599339e-05, -0.0005801977, -0.00094389886, -0.0017660173, -0.0025833496, -0.003250483, -0.0034988218, -0.0038230047, -0.003992233, -0.00406551, -0.004294458, -0.004734129, -0.0054071373, -0.0058031273, -0.0066110645, -0.007297667, -0.00755769, -0.007885726, -0.007972334, -0.007941402, -0.007794082, -0.0076540136, -0.0076507544, -0.007709306, -0.007874575, -0.007939564, -0.007879861, -0.007536865, -0.006961827, -0.0063124527, -0.0060062846, -0.0054771923, -0.0050696884, -0.004908955, -0.004659622, -0.004430962, -0.004283633, -0.0038688506, -0.003344047, -0.0028841952, -0.0027372567, -0.0027296175, -0.0035080493, -0.0046247137, -0.0063519506, 0, 0, 0, 0, 0, 0, 0, 0, 0, 0, 0, 0, 0, 0, 0, 0, 0, 0, 0, 0, 0, 0, 0, 0, 0, 0, 0, 0, 0, 0, 0, 0, 0, 0, 0, 0, 0, 0, 0, 0, 0, 0, 0, 0, 0, 0, 0, 0, 0, 0, 0, 0, 0, 0, 0, 0, 0, 0, 0, 0, 0, 0, 0, 0, 0, 0, 0, 0, 0, 0, 0, 0, 0, 0, 0, 0, 0, 0, 0, 0, 0, 0, 0
0.00072665757, 0.0006879235, 0.0006607184, 0.0007455334, 0.00082535855, 0.0010389892, 0.0012891422, 0.0014147073, 0.0016468627, 0.0018383851, 0.001983665, 0.0020414623, 0.002143217, 0.0022573057, 0.0023306052, 0.0025172348, 0.0027348755, 0.0029153102, 0.0029629508, 0.0029163428, 0.0026301085, 0.0023890927, 0.0017260499, 0.00088550063, 0.00043716698, -0.00041854076, -0.0011046501, -0.0015494598, -0.001687662, -0.0018652894, -0.00204542, -0.002187471, -0.0026487473, -0.0033685882, -0.0042734933, -0.0047482424, -0.0056319097, -0.0063136616, -0.006555289, -0.0068421774, -0.0069161705, -0.006904169, -0.0068669245, -0.0069193654, -0.0071147056, -0.007243722, -0.00745945, -0.007475302, -0.0073785093, -0.006994308, -0.0064728465, -0.0059750048, -0.0057673915, -0.0054397653, -0.00519596, -0.005091339, -0.004883473, -0.004611021, -0.0044254693, -0.003952703, -0.0034471008, -0.0030885783, -0.0030078357, -0.0031048271, -0.003683514, -0.0041838703, -0.0052042627, -0.00638492, 0, 0, 0, 0, 0, 0, 0, 0, 0, 0, 0, 0, 0, 0, 0, 0, 0, 0, 0, 0, 0, 0, 0, 0, 0, 0, 0, 0, 0, 0, 0, 0, 0, 0, 0, 0, 0, 0, 0, 0, 0, 0, 0, 0, 0, 0, 0, 0, 0, 0, 0, 0, 0, 0, 0, 0, 0, 0, 0, 0, 0, 0, 0, 0, 0, 0, 0, 0, 0, 0, 0, 0, 0, 0, 0, 0, 0, 0, 0, 0, 0, 0
0.0017896782, 0.0017470918, 0.0018100493, 0.0020520398, 0.0022130455, 0.0025772976, 0.0029643504, 0.0031572774, 0.0035298907, 0.0038741787, 0.004178303, 0.004311935, 0.0045411764, 0.004722684, 0.0047968063, 0.004903474, 0.0049260287, 0.0048155733, 0.004695888, 0.0043129157, 0.0037437996, 0.0033987258, 0.002626154, 0.0018195004, 0.001438382, 0.00078687875, 0.00032845902, 3.3556888e-05, -8.690229e-05, -0.0003667697, -0.0008067548, -0.0011109599, -0.0018853734, -0.0028135641, -0.003768163, -0.004211455, -0.0049589616, -0.005472735, -0.005642434, -0.0058472883, -0.0059603904, -0.0060191457, -0.0062039588, -0.006506803, -0.0068693305, -0.0070300177, -0.0072188904, -0.0071612615, -0.007042009, -0.006686938, -0.006300319, -0.006000303, -0.005892866, -0.0057307817, -0.0055745635, -0.0054795835, -0.0052326224, -0.0048880517, -0.004682489, -0.004255892, -0.0039228005, -0.0037845946, -0.003790004, -0.003908204, -0.004109838, -0.0042188508, -0.0044484087, -0.004889267, -0.0056409785, 0, 0, 0, 0, 0, 0, 0, 0, 0, 0, 0, 0, 0, 0, 0, 0, 0, 0, 0, 0, 0, 0, 0, 0, 0, 0, 0, 0, 0, 0, 0, 0, 0, 0, 0, 0, 0, 0, 0, 0, 0, 0, 0, 0, 0, 0, 0, 0, 0, 0, 0, 0, 0, 0, 0, 0, 0, 0, 0, 0, 0, 0, 0, 0, 0, 0, 0, 0, 0, 0, 0, 0, 0, 0, 0, 0, 0, 0, 0, 0, 0
0.0026289248, 0.0025820779, 0.0027034876, 0.003040911, 0.00324639, 0.003679159, 0.0041108793, 0.0043206224, 0.004722107, 0.005088993, 0.00540139, 0.0055292696, 0.00571597, 0.0058018207, 0.005805257, 0.0057273316, 0.0055229063, 0.0051793586, 0.004956513, 0.0044280943, 0.0038286676, 0.003518201, 0.0029065523, 0.0023458758, 0.0020973096, 0.0016739542, 0.0013214413, 0.00095061003, 0.00072236435, 0.00012327537, -0.0006823689, -0.0011466127, -0.0021262132, -0.0030657162, -0.0038585656, -0.0041796947, -0.004660405, -0.0049487343, -0.005043103, -0.0052030412, -0.0054242127, -0.0055840355, -0.0060046962, -0.006484877, -0.0068862103, -0.0070177317, -0.007108089, -0.0069936407, -0.0068872543, -0.006650368, -0.00646865, -0.006384463, -0.0063673174, -0.006326871, -0.0062066247, -0.0061004595, -0.0057960185, -0.005414595, -0.0052256635, -0.00493055, -0.004811548, -0.0048413887, -0.004872332, -0.004868682, -0.004694726, -0.004539654, -0.004182383, -0.0040057697, -0.0042388877, -0.004443038, 0, 0, 0, 0, 0, 0, 0, 0, 0, 0, 0, 0, 0, 0, 0, 0, 0, 0, 0, 0, 0, 0, 0, 0, 0, 0, 0, 0, 0, 0, 0, 0, 0, 0, 0, 0, 0, 0, 0, 0, 0, 0, 0, 0, 0, 0, 0, 0, 0, 0, 0, 0, 0, 0, 0, 0, 0, 0, 0, 0, 0, 0, 0, 0, 0, 0, 0, 0, 0, 0, 0, 0, 0, 0, 0, 0, 0, 0, 0, 0
0.0029638964, 0.002908064, 0.0030270587, 0.0033679826, 0.0035698095, 0.0039780396, 0.004361055, 0.0045393067, 0.0048670983, 0.0051492965, 0.005364706, 0.005438667, 0.0055052307, 0.0054574013, 0.00539155, 0.0051785875, 0.0048618615, 0.004453525, 0.0042254063, 0.0037532188, 0.003305243, 0.0031017147, 0.0027371726, 0.002408992, 0.0022457351, 0.0018864193, 0.0014264651, 0.00079721224, 0.00040651628, -0.0005148668, -0.0015451083, -0.0020580427, -0.0029906773, -0.003723919, -0.0042357487, -0.0044187624, -0.0046762764, -0.0048525278, -0.004940037, -0.005181257, -0.0055721006, -0.005823263, -0.006372412, -0.0068480424, -0.0071200547, -0.0071690776, -0.007132628, -0.0070149787, -0.006960536, -0.0069061266, -0.0069401027, -0.0070297085, -0.0070714504, -0.007092103, -0.0069736266, -0.006855477, -0.0065310197, -0.006186284, -0.0060499078, -0.0059127877, -0.0059369314, -0.005982165, -0.005955379, -0.005723796, -0.005246169, -0.004942193, -0.0043414985, -0.004042933, -0.004659076, -0.0057378616, -0.009829151, 0, 0, 0, 0, 0, 0, 0, 0, 0, 0, 0, 0, 0, 0, 0, 0, 0, 0, 0, 0, 0, 0, 0, 0, 0, 0, 0, 0, 0, 0, 0, 0, 0, 0, 0, 0, 0, 0, 0, 0, 0, 0, 0, 0, 0, 0, 0, 0, 0, 0, 0, 0, 0, 0, 0, 0, 0, 0, 0, 0, 0, 0, 0, 0, 0, 0, 0, 0, 0, 0, 0, 0, 0, 0, 0, 0, 0, 0, 0
0.0027690274, 0.0027022783, 0.0027693224, 0.0030402879, 0.0032040172, 0.0035296294, 0.003818809, 0.0039455993, 0.0041638627, 0.00433292, 0.0044373283, 0.0044580433, 0.0044254498, 0.004294966, 0.0041972743, 0.0039484794, 0.0036419833, 0.0032958812, 0.00311761, 0.0027760721, 0.0024815225, 0.002352751, 0.0021048915, 0.001809743, 0.0016201739, 0.0011191824, 0.00043050712, -0.00043881056, -0.0009246152, -0.001935679, -0.002888594, -0.0033035718, -0.003960824, -0.004391203, -0.004666209, -0.0047760135, -0.004993477, -0.005263393, -0.0054343897, -0.0058701592, -0.0064132935, -0.006696399, -0.0071898615, -0.0074739372, -0.007512805, -0.007467629, -0.0073433174, -0.0072851507, -0.0073025543, -0.0074234246, -0.0076046432, -0.0077680196, -0.007820059, -0.00782931, -0.0076912693, -0.007572487, -0.0072866855, -0.007044756, -0.0069762543, -0.0069543105, -0.0069862613, -0.0068891975, -0.006749394, -0.0062815105, -0.005645192, -0.005314221, -0.004754976, -0.0045432784, -0.0049991366, -0.005576674, -0.006989983, -0.0075325435, -0.007847505, 0, 0, 0, 0, 0, 0, 0, 0, 0, 0, 0, 0, 0, 0, 0, 0, 0, 0, 0, 0, 0, 0, 0, 0, 0, 0, 0, 0, 0, 0, 0, 0, 0, 0, 0, 0, 0, 0, 0, 0, 0, 0, 0, 0, 0, 0, 0, 0, 0, 0, 0, 0, 0, 0, 0, 0, 0, 0, 0, 0, 0, 0, 0, 0, 0, 0, 0, 0, 0, 0, 0, 0, 0, 0, 0, 0, 0
0.002214719, 0.0021425425, 0.0021468957, 0.002327569, 0.0024461753, 0.002684145, 0.0028831023, 0.0029614961, 0.0030768933, 0.003141858, 0.0031531749, 0.003134275, 0.003041958, 0.0028822732, 0.0027836936, 0.0025624097, 0.0023186444, 0.0020549844, 0.001916806, 0.00163353, 0.0013420978, 0.0011867171, 0.00082617503, 0.00034824913, 5.190815e-05, -0.0006567685, -0.0014852874, -0.0023625533, -0.0027919747, -0.00357703, -0.0041994257, -0.00443627, -0.0047701234, -0.0049847197, -0.005191788, -0.005324207, -0.0056813858, -0.006165333, -0.006445229, -0.00704028, -0.0075961747, -0.00782163, -0.008100425, -0.008124959, -0.007973595, -0.007882248, -0.0077683986, -0.007814224, -0.007894056, -0.008112938, -0.008321683, -0.008440837, -0.0084545575, -0.00838606, -0.0082086995, -0.008095959, -0.007880153, -0.0077535585, -0.007735437, -0.007740532, -0.007660481, -0.007353757, -0.0071091903, -0.0065057436, -0.0058893454, -0.0056236642, -0.005240125, -0.0050918497, -0.0051541794, -0.0052204737, -0.0052136304, -0.004902875, -0.004701914, 0, 0, 0, 0, 0, 0, 0, 0, 0, 0, 0, 0, 0, 0, 0, 0, 0, 0, 0, 0, 0, 0, 0, 0, 0, 0, 0, 0, 0, 0, 0, 0, 0, 0, 0, 0, 0, 0, 0, 0, 0, 0, 0, 0, 0, 0, 0, 0, 0, 0, 0, 0, 0, 0, 0, 0, 0, 0, 0, 0, 0, 0, 0, 0, 0, 0, 0, 0, 0, 0, 0, 0, 0, 0, 0, 0, 0
0.0015385537, 0.0014697153, 0.0014267939, 0.0015284574, 0.0016069002, 0.0017663266, 0.0018808129, 0.0019118837, 0.0019226472, 0.0018785002, 0.0017925609, 0.0017340692, 0.0015862279, 0.0014050253, 0.001307148, 0.001104065, 0.00088441756, 0.0006236854, 0.0004694162, 0.0001027583, -0.00034753678, -0.00060653855, -0.0011986521, -0.0018894082, -0.0022635737, -0.003029774, -0.0037517054, -0.004359467, -0.0046086474, -0.0049951905, -0.005251876, -0.0053450493, -0.00550294, -0.005694792, -0.0060005607, -0.0062106755, -0.006738981, -0.0073549883, -0.0076638693, -0.008209633, -0.008576562, -0.008673743, -0.0086983275, -0.008560188, -0.008389011, -0.0083344085, -0.008340672, -0.008495361, -0.008604163, -0.008811734, -0.0089273695, -0.00890995, -0.008853894, -0.008671639, -0.008447617, -0.008343039, -0.008193599, -0.008142911, -0.008138565, -0.00808759, -0.007857834, -0.0073998747, -0.0071129743, -0.0065331073, -0.006071088, -0.0059070583, -0.005693512, -0.005531418, -0.00524989, -0.0050168135, -0.0043520746, -0.003643094, -0.0034314909, -0.003713156, 0, 0, 0, 0, 0, 0, 0, 0, 0, 0, 0, 0, 0, 0, 0, 0, 0, 0, 0, 0, 0, 0, 0, 0, 0, 0, 0, 0, 0, 0, 0, 0, 0, 0, 0, 0, 0, 0, 0, 0, 0, 0, 0, 0, 0, 0, 0, 0, 0, 0, 0, 0, 0, 0, 0, 0, 0, 0, 0, 0, 0, 0, 0, 0, 0, 0, 0, 0, 0, 0, 0, 0, 0, 0, 0, 0
0.0009287128, 0.00086781755, 0.00078607665, 0.000802812, 0.0008324362, 0.0008875118, 0.0008864952, 0.0008548294, 0.0007312863, 0.00055145024, 0.00034213052, 0.00023115399, -2.1449459e-07, -0.00023937732, -0.00036006782, -0.0006077528, -0.00088653195, -0.0012382303, -0.0014529412, -0.0019676315, -0.0025836544, -0.002920213, -0.0036250653, -0.0043302183, -0.0046631834, -0.005243691, -0.005661959, -0.0059036347, -0.0059715314, -0.006050557, -0.006124978, -0.0061831838, -0.0063725174, -0.0066840206, -0.0071232338, -0.0073816516, -0.007931381, -0.008438925, -0.008642694, -0.0089017255, -0.008952199, -0.008915451, -0.008781523, -0.008662238, -0.008645738, -0.008687634, -0.008856404, -0.009071307, -0.009163217, -0.009261277, -0.009211237, -0.009029417, -0.008906252, -0.008640808, -0.0084135495, -0.008333792, -0.008253517, -0.008234933, -0.008214442, -0.008068108, -0.007724833, -0.0072315857, -0.006972881, -0.006527383, -0.0062420485, -0.006153542, -0.0060101384, -0.005762328, -0.005253917, -0.004887132, -0.0040207054, -0.0032688938, -0.0030787874, -0.0033316982, -0.004610046, 0, 0, 0, 0, 0, 0, 0, 0, 0, 0, 0, 0, 0, 0, 0, 0, 0, 0, 0, 0, 0, 0, 0, 0, 0, 0, 0, 0, 0, 0, 0, 0, 0, 0, 0, 0, 0, 0, 0, 0, 0, 0, 0, 0, 0, 0, 0, 0, 0, 0, 0, 0, 0, 0, 0, 0, 0, 0, 0, 0, 0, 0, 0, 0, 0, 0, 0, 0, 0, 0, 0, 0, 0, 0, 0
0.00043201796, 0.00037650418, 0.00023928382, 0.00013228501, 8.6438806e-05, -2.1743355e-05, -0.00019082922, -0.00030582256, -0.00059040525, -0.000920757, -0.0012648039, -0.0014360991, -0.0017732456, -0.0021034938, -0.0022671714, -0.0026011257, -0.0029697204, -0.0034091342, -0.003661512, -0.0042248396, -0.0048304163, -0.005131398, -0.005694234, -0.0061652996, -0.0063547934, -0.006626257, -0.0067553995, -0.0067824265, -0.0067823543, -0.006813052, -0.0069456715, -0.0070615527, -0.0073868684, -0.007801888, -0.008245785, -0.008454594, -0.008794701, -0.008971584, -0.008986018, -0.008880167, -0.008669057, -0.00856442, -0.008434439, -0.0084679825, -0.0086558135, -0.008784767, -0.009046946, -0.009226351, -0.009260078, -0.009197236, -0.008985477, -0.008696275, -0.008550851, -0.008309858, -0.008180365, -0.008160789, -0.00817461, -0.008162871, -0.008108642, -0.007860087, -0.007450432, -0.006994072, -0.0067891665, -0.006476842, -0.0062850737, -0.0062094866, -0.00601398, -0.0056390865, -0.005006528, -0.0046077087, -0.003762779, -0.0030912564, -0.0029042305, -0.00291164, -0.0033166113, -0.0034722872, 0, 0, 0, 0, 0, 0, 0, 0, 0, 0, 0, 0, 0, 0, 0, 0, 0, 0, 0, 0, 0, 0, 0, 0, 0, 0, 0, 0, 0, 0, 0, 0, 0, 0, 0, 0, 0, 0, 0, 0, 0, 0, 0, 0, 0, 0, 0, 0, 0, 0, 0, 0, 0, 0, 0, 0, 0, 0, 0, 0, 0, 0, 0, 0, 0, 0, 0, 0, 0, 0, 0, 0, 0, 0
-4.1725696e-05, -9.90049e-05, -0.00031754395, -0.0005830958, -0.00072233216, -0.0010226301, -0.0013706011, -0.0015650326, -0.0019858577, -0.0024274755, -0.0028657252, -0.003079478, -0.003494142, -0.0038920837, -0.0040858113, -0.0044681006, -0.004857846, -0.005269986, -0.0054842834, -0.0059130215, -0.0063070855, -0.0064768833, -0.0067430404, -0.0069071627, -0.0069564967, -0.0070105074, -0.0070404843, -0.007094301, -0.0071465676, -0.007327744, -0.0076198117, -0.00779996, -0.008190163, -0.008552547, -0.008807521, -0.008875044, -0.008869908, -0.008687368, -0.008546138, -0.008226399, -0.007960959, -0.007885085, -0.007887729, -0.008083119, -0.00838014, -0.00852632, -0.008739032, -0.008785038, -0.008738878, -0.008531705, -0.008240795, -0.007967219, -0.007866224, -0.0077727023, -0.007821976, -0.00787963, -0.007979451, -0.007941211, -0.007842176, -0.0074979183, -0.007054963, -0.006649223, -0.0064870603, -0.006243443, -0.006051233, -0.0059436276, -0.00564163, -0.0051648193, -0.0045110164, -0.004146159, -0.0034437217, -0.0029230441, -0.0027643437, -0.0026317383, -0.0026422811, -0.0027876082, -0.0030445813, 0, 0, 0, 0, 0, 0, 0, 0, 0, 0, 0, 0, 0, 0, 0, 0, 0, 0, 0, 0, 0, 0, 0, 0, 0, 0, 0, 0, 0, 0, 0, 0, 0, 0, 0, 0, 0, 0, 0, 0, 0, 0, 0, 0, 0, 0, 0, 0, 0, 0, 0, 0, 0, 0, 0, 0, 0, 0, 0, 0, 0, 0, 0, 0, 0, 0, 0, 0, 0, 0, 0, 0, 0
-0.0005468668, -0.0006100763, -0.00090919324, -0.0013116485, -0.0015258808, -0.0019664867, -0.0024208159, -0.0026519285, -0.0031161092, -0.0035728686, -0.004012856, -0.004225244, -0.0046335543, -0.005017184, -0.0051986794, -0.0055392743, -0.0058489926, -0.006125696, -0.006249394, -0.00645971, -0.0066094496, -0.006658916, -0.0067106276, -0.0067214775, -0.006725039, -0.006758577, -0.0068592383, -0.0070446734, -0.0071684835, -0.0074668587, -0.0078005777, -0.007963291, -0.008237938, -0.008388268, -0.008367541, -0.008290096, -0.00802449, -0.007679462, -0.0075094844, -0.00724037, -0.0071281507, -0.0071422406, -0.0072979457, -0.0075571127, -0.0078055747, -0.007890375, -0.007936633, -0.007813339, -0.007702382, -0.007436359, -0.007192821, -0.007057085, -0.007046604, -0.007143102, -0.007340464, -0.0074391267, -0.0075407773, -0.007427277, -0.007284821, -0.006890432, -0.006475454, -0.0061501903, -0.0060282783, -0.0058294362, -0.005615892, -0.0054778024, -0.005108181, -0.0046103587, -0.0040348805, -0.0037487973, -0.0032544432, -0.0029290502, -0.0028292597, -0.0026959614, -0.002581676, -0.002578827, -0.002710154, -0.003453776, 0, 0, 0, 0, 0, 0, 0, 0, 0, 0, 0, 0, 0, 0, 0, 0, 0, 0, 0, 0, 0, 0, 0, 0, 0, 0, 0, 0, 0, 0, 0, 0, 0, 0, 0, 0, 0, 0, 0, 0, 0, 0, 0, 0, 0, 0, 0, 0, 0, 0, 0, 0, 0, 0, 0, 0, 0, 0, 0, 0, 0, 0, 0, 0, 0, 0, 0, 0, 0, 0, 0, 0
-0.0009324446, -0.0009968498, -0.0013318807, -0.0017887581, -0.0020274268, -0.0024972577, -0.0029427572, -0.0031541581, -0.0035545302, -0.0039294763, -0.0042824177, -0.004451362, -0.004772401, -0.005068965, -0.005206555, -0.0054554064, -0.005661628, -0.0058176895, -0.005876296, -0.0059610507, -0.0060179876, -0.006041833, -0.006089613, -0.006150759, -0.00619235, -0.0063097556, -0.0064800372, -0.0066898414, -0.0067998837, -0.0070068473, -0.0071663293, -0.00721784, -0.0072474135, -0.007163105, -0.00696727, -0.006838062, -0.006559631, -0.0063277204, -0.0062545184, -0.006220739, -0.006329716, -0.0064231493, -0.006641478, -0.0068308385, -0.006914563, -0.0069019324, -0.006769631, -0.0065428936, -0.00642188, -0.0062230737, -0.0061391704, -0.0061961664, -0.006272775, -0.006485958, -0.0066960678, -0.0067636636, -0.006762914, -0.0065640747, -0.0064094346, -0.006071007, -0.005791584, -0.0056147426, -0.0055524562, -0.005426973, -0.005230589, -0.00509114, -0.0047287876, -0.004294193, -0.0038606322, -0.0036708384, -0.0033877394, -0.0032326726, -0.0031807886, -0.0030539082, -0.0028514266, -0.0026798495, -0.00268514, -0.003053935, -0.004037661, -0.0044857296, 0, 0, 0, 0, 0, 0, 0, 0, 0, 0, 0, 0, 0, 0, 0, 0, 0, 0, 0, 0, 0, 0, 0, 0, 0, 0, 0, 0, 0, 0, 0, 0, 0, 0, 0, 0, 0, 0, 0, 0, 0, 0, 0, 0, 0, 0, 0, 0, 0, 0, 0, 0, 0, 0, 0, 0, 0, 0, 0, 0, 0, 0, 0, 0, 0, 0, 0, 0, 0, 0
-0.0009858044, -0.0010419403, -0.0013518507, -0.0017735249, -0.00198929, -0.002398502, -0.0027601402, -0.0029218905, -0.0032143404, -0.003479544, -0.0037280656, -0.0038463455, -0.004070296, -0.004279521, -0.004379361, -0.0045677554, -0.0047327797, -0.0048647244, -0.0049190302, -0.005017501, -0.0051261396, -0.005190653, -0.005339923, -0.005500825, -0.0055792728, -0.005722865, -0.0058386577, -0.0059078406, -0.0059180385, -0.005879768, -0.005766306, -0.0056877015, -0.0055048256, -0.005311948, -0.00513815, -0.005069382, -0.0049933298, -0.0050286185, -0.005091393, -0.0052873646, -0.005519612, -0.0056244186, -0.0057709343, -0.0058036237, -0.0057179, -0.005638651, -0.0054420545, -0.0052609323, -0.0052019106, -0.005182924, -0.0053022974, -0.005514975, -0.0056320536, -0.0058310814, -0.005920504, -0.005909542, -0.00578234, -0.005568445, -0.0054594716, -0.0052955137, -0.005230907, -0.0052342564, -0.0052367365, -0.0051907175, -0.005036089, -0.0049162502, -0.004616227, -0.004294811, -0.0040223836, -0.0039209975, -0.003792854, -0.003713885, -0.0036595736, -0.003455137, -0.0031196664, -0.002780169, -0.0026714422, -0.0026686438, -0.0029379458, -0.003061274, 0, 0, 0, 0, 0, 0, 0, 0, 0, 0, 0, 0, 0, 0, 0, 0, 0, 0, 0, 0, 0, 0, 0, 0, 0, 0, 0, 0, 0, 0, 0, 0, 0, 0, 0, 0, 0, 0, 0, 0, 0, 0, 0, 0, 0, 0, 0, 0, 0, 0, 0, 0, 0, 0, 0, 0, 0, 0, 0, 0, 0, 0, 0, 0, 0, 0, 0, 0, 0, 0
-0.0007396768, -0.00078407, -0.0010362399, -0.0013815365, -0.001557042, -0.0018841234, -0.0021624437, -0.002283266, -0.002500088, -0.0027020467, -0.0028982444, -0.0029924442, -0.0031700635, -0.0033371483, -0.0034198738, -0.0035858033, -0.0037449887, -0.0038856703, -0.0039492734, -0.0040743877, -0.004216842, -0.0042983433, -0.0044725486, -0.0046289945, -0.004687911, -0.0047520148, -0.0047344384, -0.0046291356, -0.00454277, -0.004310625, -0.004034156, -0.0038981466, -0.0036712096, -0.0035427925, -0.0035345596, -0.003575469, -0.0037381565, -0.003982698, -0.0041196896, -0.0043781134, -0.004556538, -0.004600351, -0.004595425, -0.0044994387, -0.0043702736, -0.004311399, -0.004237826, -0.004258067, -0.0043123583, -0.0045077847, -0.004779687, -0.0050418614, -0.0051393057, -0.0052255574, -0.005162487, -0.005090274, -0.004923656, -0.004808092, -0.0047899927, -0.0048385016, -0.0049595325, -0.005073036, -0.005103135, -0.0050794794, -0.004942569, -0.0048435302, -0.004622667, -0.004425147, -0.0042930176, -0.004251635, -0.0041881963, -0.0040729563, -0.0039639985, -0.003614923, -0.0031419306, -0.0026922782, -0.0025211698, -0.0023217748, -0.0022998105, -0.002359845, -0.0027896669, 0, 0, 0, 0, 0, 0, 0, 0, 0, 0, 0, 0, 0, 0, 0, 0, 0, 0, 0, 0, 0, 0, 0, 0, 0, 0, 0, 0, 0, 0, 0, 0, 0, 0, 0, 0, 0, 0, 0, 0, 0, 0, 0, 0, 0, 0, 0, 0, 0, 0, 0, 0, 0, 0, 0, 0, 0, 0, 0, 0, 0, 0, 0, 0, 0, 0, 0, 0, 0
-0.00044168287, -0.0004778793, -0.0006756736, -0.00094555353, -0.001083558, -0.0013433849, -0.0015685859, -0.0016690149, -0.0018584784, -0.0020499316, -0.0022445146, -0.0023372893, -0.0025029387, -0.002641208, -0.002703204, -0.0028185747, -0.00291949, -0.0029993847, -0.0030319907, -0.0030925965, -0.0031636897, -0.0032057443, -0.00329084, -0.0033469612, -0.0033529294, -0.0033111828, -0.0032003364, -0.0030286293, -0.0029235757, -0.0026912612, -0.00247143, -0.0023868338, -0.0023037633, -0.002356178, -0.0025304833, -0.002649934, -0.0029188723, -0.0031769373, -0.0032831416, -0.0034184528, -0.0034336464, -0.0034018846, -0.0033002703, -0.0032198774, -0.0032313936, -0.0032817207, -0.0034682797, -0.0037461992, -0.003907315, -0.004243134, -0.004541443, -0.0047305776, -0.00476794, -0.004730912, -0.0046016783, -0.0045359647, -0.0044649844, -0.0045175096, -0.004586879, -0.0047726235, -0.00494821, -0.0050382246, -0.005038488, -0.0049533728, -0.0047916602, -0.0047021434, -0.0045449464, -0.004445122, -0.004396074, -0.004375161, -0.0042882427, -0.0040680463, -0.0038916892, -0.003424087, -0.0028998351, -0.0024551551, -0.0022888305, -0.0020623787, -0.0019520028, -0.0019452921, -0.002062434, -0.0022434823, -0.002349644, 0, 0, 0, 0, 0, 0, 0, 0, 0, 0, 0, 0, 0, 0, 0, 0, 0, 0, 0, 0, 0, 0, 0, 0, 0, 0, 0, 0, 0, 0, 0, 0, 0, 0, 0, 0, 0, 0, 0, 0, 0, 0, 0, 0, 0, 0, 0, 0, 0, 0, 0, 0, 0, 0, 0, 0, 0, 0, 0, 0, 0, 0, 0, 0, 0, 0, 0
-0.00024096356, -0.0002726613, -0.00042438414, -0.0006212934, -0.00072197506, -0.0009159961, -0.001093615, -0.0011771253, -0.0013441185, -0.0015234313, -0.0017069152, -0.0017905924, -0.0019225413, -0.0019996096, -0.0020200126, -0.002033897, -0.002019846, -0.0019836777, -0.0019606957, -0.0019158182, -0.0018852998, -0.0018769249, -0.0018627741, -0.0018292511, -0.001798418, -0.0017093013, -0.0016012563, -0.0014972456, -0.0014531225, -0.0013939685, -0.00140114, -0.0014399238, -0.0015957142, -0.001836202, -0.0021064486, -0.002232547, -0.0024336947, -0.0025414554, -0.002557578, -0.0025238516, -0.0024372211, -0.0023949458, -0.0023644394, -0.002464518, -0.0027216654, -0.0029007965, -0.0033179917, -0.0037479575, -0.003944428, -0.004264842, -0.004455554, -0.0045059533, -0.004487445, -0.0044089723, -0.0043568336, -0.0043663033, -0.004473945, -0.0046704593, -0.004778625, -0.0049629807, -0.005049129, -0.005006144, -0.0049392525, -0.004746751, -0.0045375843, -0.0044489987, -0.004328661, -0.0042790864, -0.004246585, -0.0042119687, -0.004052206, -0.0037356429, -0.0035230329, -0.0030424611, -0.0025875305, -0.0022432508, -0.0021151863, -0.0019158936, -0.0017403604, -0.0016533121, -0.0014817581, -0.0012939877, -0.0011680672, 0, 0, 0, 0, 0, 0, 0, 0, 0, 0, 0, 0, 0, 0, 0, 0, 0, 0, 0, 0, 0, 0, 0, 0, 0, 0, 0, 0, 0, 0, 0, 0, 0, 0, 0, 0, 0, 0, 0, 0, 0, 0, 0, 0, 0, 0, 0, 0, 0, 0, 0, 0, 0, 0, 0, 0, 0, 0, 0, 0, 0, 0, 0, 0, 0, 0, 0
-0.00010031368, -0.00012675328, -0.00023081615, -0.0003490282, -0.00040714024, -0.00052123226, -0.0006314044, -0.0006855521, -0.00079787226, -0.0009205993, -0.001040732, -0.001089887, -0.0011467262, -0.0011404456, -0.0011167004, -0.0010419535, -0.00094673294, -0.0008462867, -0.0007987714, -0.00071819103, -0.0006622992, -0.00064251036, -0.000608827, -0.0005660648, -0.00053904357, -0.00048535975, -0.00046159766, -0.0005016779, -0.000551959, -0.0007183381, -0.00097062025, -0.0011243433, -0.0014624686, -0.0017885427, -0.0020328946, -0.002109147, -0.002166152, -0.0021260646, -0.0020886175, -0.002023006, -0.002023844, -0.0020667368, -0.002259888, -0.0025967092, -0.0030377817, -0.0032750634, -0.0037301825, -0.0040975297, -0.0042321435, -0.004391266, -0.0044188304, -0.004371119, -0.0043458785, -0.0043492727, -0.004469403, -0.004573147, -0.0048260577, -0.005058589, -0.005139419, -0.0052007446, -0.0051181884, -0.004914806, -0.004783326, -0.004506112, -0.004271953, -0.004188097, -0.0040909015, -0.0040499056, -0.0039842124, -0.0039157993, -0.0036782548, -0.0033182048, -0.0031129606, -0.0027131978, -0.0023891255, -0.0021549636, -0.0020567353, -0.0018517764, -0.0015893714, -0.0014291173, -0.0010613117, -0.0006702584, -0.00048432424, -0.00014546435, 0, 0, 0, 0, 0, 0, 0, 0, 0, 0, 0, 0, 0, 0, 0, 0, 0, 0, 0, 0, 0, 0, 0, 0, 0, 0, 0, 0, 0, 0, 0, 0, 0, 0, 0, 0, 0, 0, 0, 0, 0, 0, 0, 0, 0, 0, 0, 0, 0, 0, 0, 0, 0, 0, 0, 0, 0, 0, 0, 0, 0, 0, 0, 0, 0, 0
3.5825302e-05, 1.619918e-05, -4.2339918e-05, -8.7292196e-05, -0.000104613224, -0.00013751558, -0.0001720694, -0.00019047261, -0.00023008705, -0.00027263464, -0.00030511967, -0.0003106101, -0.0002895179, -0.00022727938, -0.00018639755, -0.00010134551, -2.8595856e-05, 1.952248e-05, 3.25056e-05, 3.5446796e-05, 1.2686172e-05, -4.4446206e-06, -3.9739072e-05, -6.807815e-05, -8.128207e-05, -0.00012288455, -0.00021729856, -0.0003941211, -0.00051662535, -0.00082302146, -0.0011856257, -0.0013737647, -0.0017274034, -0.0019999477, -0.0021501419, -0.0021785696, -0.0021713404, -0.002145798, -0.0021535303, -0.002253594, -0.0024924, -0.0026633171, -0.0030842398, -0.0035556064, -0.0039979205, -0.0041851946, -0.0044611027, -0.004594174, -0.0046115634, -0.004575233, -0.0045003584, -0.00446771, -0.004490708, -0.0046379827, -0.004897607, -0.0050439634, -0.0052996967, -0.0054265065, -0.0054265074, -0.005306318, -0.0050640423, -0.004758769, -0.0046022255, -0.0043201074, -0.0041193594, -0.0040546274, -0.0039777746, -0.0039104684, -0.0037713815, -0.0036578232, -0.003347747, -0.0029808283, -0.0028026134, -0.002499481, -0.0022757484, -0.0020885372, -0.0019872186, -0.0017338583, -0.0013910912, -0.0011882796, -0.0007519583, -0.00034563823, -0.00018452771, 4.9591645e-06, 0, 0, 0, 0, 0, 0, 0, 0, 0, 0, 0, 0, 0, 0, 0, 0, 0, 0, 0, 0, 0, 0, 0, 0, 0, 0, 0, 0, 0, 0, 0, 0, 0, 0, 0, 0, 0, 0, 0, 0, 0, 0, 0, 0, 0, 0, 0, 0, 0, 0, 0, 0, 0, 0, 0, 0, 0, 0, 0, 0, 0, 0, 0, 0, 0, 0
0.0001394023, 0.00012484123, 9.5401236e-05, 9.453228e-05, 0.00010229658, 0.0001206713, 0.00013222077, 0.00013414047, 0.00013156765, 0.00012692976, 0.00013401777, 0.00014621802, 0.0001893425, 0.00024342535, 0.00026602927, 0.00028511442, 0.00025439673, 0.00016976382, 0.000109581226, -3.6972993e-05, -0.00020141632, -0.000283729, -0.00043706674, -0.00057155534, -0.0006355571, -0.00077365706, -0.00095029944, -0.0011811123, -0.0013159319, -0.0016117172, -0.0019140815, -0.0020550862, -0.0022946026, -0.0024607957, -0.0025609357, -0.0025980037, -0.0026840034, -0.0028400624, -0.0029605564, -0.0032970342, -0.0037408462, -0.0039861547, -0.0044756904, -0.0048928293, -0.0051643024, -0.0052338056, -0.0052485834, -0.00514502, -0.005073558, -0.0049431287, -0.0048873005, -0.004950194, -0.005028092, -0.00525001, -0.005489974, -0.0055848905, -0.005670945, -0.0055879923, -0.005487675, -0.0052079554, -0.004884892, -0.004582746, -0.004452875, -0.004250917, -0.0041255034, -0.0040826085, -0.003997087, -0.0038511942, -0.0035930523, -0.0034224612, -0.0030367498, -0.002664362, -0.002505537, -0.0022528146, -0.002053761, -0.001845135, -0.001721207, -0.0014189254, -0.001051994, -0.0008553715, -0.00047565703, -0.00018488869, -0.000100640355, -0.000113765556, -0.000529175, -0.000841874, 0, 0, 0, 0, 0, 0, 0, 0, 0, 0, 0, 0, 0, 0, 0, 0, 0, 0, 0, 0, 0, 0, 0, 0, 0, 0, 0, 0, 0, 0, 0, 0, 0, 0, 0, 0, 0, 0, 0, 0, 0, 0, 0, 0, 0, 0, 0, 0, 0, 0, 0, 0, 0, 0, 0, 0, 0, 0, 0, 0, 0, 0, 0, 0
-1.2621396e-05, -2.7246957e-05, -8.8846726e-05, -0.00015454195, -0.00018583558, -0.00025647174, -0.00035720822, -0.00042312127, -0.00058303325, -0.00076189043, -0.00093073846, -0.0010048163, -0.0011306662, -0.0012396062, -0.0012957541, -0.0014305405, -0.0016160142, -0.0018643365, -0.002010813, -0.0023352003, -0.0026749058, -0.0028395404, -0.0031392204, -0.003386123, -0.003490121, -0.003668964, -0.0038254973, -0.0039755614, -0.004051969, -0.004212778, -0.0043885917, -0.004482184, -0.0046818824, -0.004907078, -0.0051732985, -0.0053258226, -0.005665725, -0.006029256, -0.006207011, -0.006523838, -0.0067572524, -0.006835088, -0.0069088144, -0.0068799155, -0.0067688394, -0.006694836, -0.0065477733, -0.006452535, -0.0064371005, -0.00647094, -0.006553426, -0.006612725, -0.0066099423, -0.006506385, -0.0062599527, -0.0060894075, -0.0056871222, -0.0052604782, -0.005060406, -0.004721314, -0.0044841184, -0.004336976, -0.004283112, -0.004176832, -0.0040185926, -0.003903055, -0.0035832135, -0.0031577216, -0.0026828388, -0.0024514422, -0.0020433348, -0.0017287148, -0.001599767, -0.0013691189, -0.00113974, -0.0009016389, -0.0007836007, -0.0005657037, -0.00039228454, -0.00032912503, -0.00025890578, -0.00025177098, -0.0002572823, -0.00023996038, -0.0001236038, 0.00012435808, 0.00026797524, 0, 0, 0, 0, 0, 0, 0, 0, 0, 0, 0, 0, 0, 0, 0, 0, 0, 0, 0, 0, 0, 0, 0, 0, 0, 0, 0, 0, 0, 0, 0, 0, 0, 0, 0, 0, 0, 0, 0, 0, 0, 0, 0, 0, 0, 0, 0, 0, 0, 0, 0, 0, 0, 0, 0, 0, 0, 0, 0, 0, 0, 0, 0
-0.00033562473, -0.00035393913, -0.00047108892, -0.0006349856, -0.00072322635, -0.00091620715, -0.0011456445, -0.0012771563, -0.0015673809, -0.0018721786, -0.0021604698, -0.0022909176, -0.0025202453, -0.0027126423, -0.0027998146, -0.0029703202, -0.003157121, -0.003379359, -0.00350606, -0.003785867, -0.004084757, -0.0042334315, -0.004514144, -0.0047601466, -0.004869696, -0.0050688786, -0.005255561, -0.005446935, -0.00554998, -0.005780341, -0.0060489094, -0.006195867, -0.006504794, -0.0068173236, -0.007116853, -0.0072569447, -0.0075064334, -0.0076943757, -0.0077570346, -0.0078063565, -0.0077525424, -0.0076932623, -0.0075351195, -0.007364353, -0.0072224974, -0.0071725734, -0.0071254186, -0.0071448046, -0.007169971, -0.0072163134, -0.0071988786, -0.0070568556, -0.006929026, -0.0065668714, -0.006104568, -0.005857652, -0.0053766454, -0.004959884, -0.0047860635, -0.0045094704, -0.0043058414, -0.004128386, -0.0040324833, -0.0037942966, -0.0034722076, -0.0032777917, -0.0028433902, -0.0023966131, -0.0020020246, -0.0018380262, -0.0015792261, -0.001380069, -0.0012864716, -0.0010892035, -0.00088027766, -0.00069242914, -0.0006184907, -0.0005225588, -0.00050080754, -0.00051382923, -0.0005686564, -0.0006146877, -0.00061200635, -0.00051734253, -0.00030319512, -6.1330844e-05, 1.017515e-05, -0.000101885256, 0, 0, 0, 0, 0, 0, 0, 0, 0, 0, 0, 0, 0, 0, 0, 0, 0, 0, 0, 0, 0, 0, 0, 0, 0, 0, 0, 0, 0, 0, 0, 0, 0, 0, 0, 0, 0, 0, 0, 0, 0, 0, 0, 0, 0, 0, 0, 0, 0, 0, 0, 0, 0, 0, 0, 0, 0, 0, 0, 0, 0, 0
-0.0007863818, -0.0008077836, -0.0009849456, -0.0012499299, -0.0013936398, -0.0016974452, -0.0020293726, -0.002207025, -0.0025783624, -0.0029527817, -0.003306777, -0.003470968, -0.0037693584, -0.004028791, -0.0041453503, -0.004359507, -0.0045620315, -0.0047703604, -0.0048804786, -0.0051155086, -0.0053671054, -0.005496691, -0.0057584383, -0.0060202065, -0.006151574, -0.006417738, -0.0066927113, -0.006980027, -0.0071295626, -0.0074433414, -0.007775679, -0.00794456, -0.008269569, -0.008546756, -0.008743167, -0.008804519, -0.008849946, -0.008795982, -0.008734647, -0.008552371, -0.008313492, -0.008185751, -0.007944795, -0.0077623366, -0.0076627824, -0.0076426836, -0.007639336, -0.0076362314, -0.007614119, -0.007491735, -0.007233707, -0.006837223, -0.0065974495, -0.006076047, -0.0055622356, -0.0053290133, -0.004933086, -0.004631242, -0.0045066252, -0.0042782873, -0.004031293, -0.0037206614, -0.0035360835, -0.0031148125, -0.002657887, -0.0024337654, -0.002033895, -0.0017425918, -0.0015741527, -0.0015258747, -0.0014579007, -0.001367653, -0.0013002891, -0.0011262855, -0.00094294385, -0.00081698655, -0.00078907516, -0.0008084641, -0.0009044688, -0.0009654561, -0.0010719333, -0.0010987654, -0.0010658365, -0.0009039016, -0.00067198917, -0.00050964585, -0.0005183764, -0.0009194032, -0.0017644492, 0, 0, 0, 0, 0, 0, 0, 0, 0, 0, 0, 0, 0, 0, 0, 0, 0, 0, 0, 0, 0, 0, 0, 0, 0, 0, 0, 0, 0, 0, 0, 0, 0, 0, 0, 0, 0, 0, 0, 0, 0, 0, 0, 0, 0, 0, 0, 0, 0, 0, 0, 0, 0, 0, 0, 0, 0, 0, 0, 0, 0
-0.0012404276, -0.0012625187, -0.0014878628, -0.0018325578, -0.0020167907, -0.0023912317, -0.002773492, -0.0029680622, -0.003360829, -0.003751117, -0.004129668, -0.0043124864, -0.0046633724, -0.004992901, -0.0051493547, -0.0054465164, -0.005726361, -0.0059969244, -0.0061318185, -0.0064040804, -0.0066821217, -0.0068238056, -0.0071131666, -0.007412626, -0.007566508, -0.007880908, -0.008196183, -0.008499067, -0.00864224, -0.008909605, -0.009149848, -0.009258116, -0.009441016, -0.009557956, -0.009582612, -0.009555897, -0.009427497, -0.009218353, -0.009093362, -0.008822787, -0.00855334, -0.00842951, -0.008221641, -0.008079349, -0.007990075, -0.007952206, -0.007849861, -0.007654802, -0.007506795, -0.0071013044, -0.0065737693, -0.0059869825, -0.005696884, -0.005172989, -0.0047690305, -0.004617765, -0.00439868, -0.0042352495, -0.00414907, -0.0039219353, -0.003581912, -0.0031274944, -0.0028721297, -0.0023561916, -0.0019109381, -0.0017403918, -0.0015323729, -0.0014951077, -0.0015650671, -0.0016083751, -0.0016506753, -0.0015893189, -0.0015204579, -0.0013437165, -0.0011857705, -0.001117951, -0.0011284903, -0.001227845, -0.0013832654, -0.001457537, -0.0015473749, -0.0015147178, -0.0014502357, -0.0012566316, -0.0010579745, -0.0009598422, -0.0009768187, -0.0011769566, -0.001482548, -0.001584635, 0, 0, 0, 0, 0, 0, 0, 0, 0, 0, 0, 0, 0, 0, 0, 0, 0, 0, 0, 0, 0, 0, 0, 0, 0, 0, 0, 0, 0, 0, 0, 0, 0, 0, 0, 0, 0, 0, 0, 0, 0, 0, 0, 0, 0, 0, 0, 0, 0, 0, 0, 0, 0, 0, 0, 0, 0, 0, 0, 0
-0.0015733088, -0.0015949984, -0.0018597436, -0.002272533, -0.002491467, -0.0029234977, -0.0033416091, -0.0035463143, -0.0039515514, -0.004356339, -0.004764202, -0.0049689785, -0.0053784205, -0.005785048, -0.0059864176, -0.0063831867, -0.0067698043, -0.0071458, -0.0073303063, -0.007692738, -0.00804468, -0.008215433, -0.008543392, -0.008848985, -0.008991678, -0.009252129, -0.00947077, -0.009635626, -0.009695352, -0.00977021, -0.009794514, -0.009792329, -0.009765243, -0.009706384, -0.009601898, -0.009528036, -0.009335267, -0.0090956, -0.008966557, -0.008708719, -0.0084736515, -0.008370157, -0.008192098, -0.008037325, -0.007866637, -0.007757736, -0.0074571297, -0.007014393, -0.0067383214, -0.0061043524, -0.005429868, -0.0048112003, -0.004549813, -0.004155666, -0.003934841, -0.003875288, -0.0038040131, -0.0037107049, -0.0036279655, -0.0033565983, -0.0029440043, -0.0024434447, -0.0021906162, -0.001751424, -0.0014786936, -0.0014212369, -0.0014560294, -0.0016233632, -0.0018053065, -0.0018664483, -0.0018886748, -0.0017860894, -0.0017062317, -0.001542591, -0.00143972, -0.0014440239, -0.0014881765, -0.001634517, -0.0017953964, -0.0018541834, -0.0018868875, -0.0017962316, -0.0017174156, -0.0015437537, -0.0014153006, -0.0013674325, -0.00136967, -0.0014045216, -0.0014957825, -0.0016281068, -0.0020889034, 0, 0, 0, 0, 0, 0, 0, 0, 0, 0, 0, 0, 0, 0, 0, 0, 0, 0, 0, 0, 0, 0, 0, 0, 0, 0, 0, 0, 0, 0, 0, 0, 0, 0, 0, 0, 0, 0, 0, 0, 0, 0, 0, 0, 0, 0, 0, 0, 0, 0, 0, 0, 0, 0, 0, 0, 0, 0, 0
-0.0017718422, -0.0017962136, -0.002106562, -0.0026004182, -0.002863724, -0.003379445, -0.0038653626, -0.004097645, -0.00454949, -0.0049976795, -0.0054515223, -0.005680177, -0.0061373175, -0.0065910104, -0.0068159723, -0.0072606886, -0.007693713, -0.008109951, -0.008310737, -0.00869674, -0.009057618, -0.009225456, -0.0095258085, -0.009763601, -0.00985425, -0.009974141, -0.010013456, -0.009979294, -0.009937303, -0.00981256, -0.0096500525, -0.009562595, -0.009390221, -0.009228231, -0.009067706, -0.008981533, -0.008786145, -0.008558052, -0.008434668, -0.00818162, -0.007935149, -0.007816971, -0.007584664, -0.0073334766, -0.007022449, -0.006831495, -0.0063624615, -0.00578044, -0.0054585813, -0.0047979783, -0.0041875653, -0.0037059467, -0.003528703, -0.0033039653, -0.0032154035, -0.0031973699, -0.0031514284, -0.0030214242, -0.0029088638, -0.0025889634, -0.0021859107, -0.0017858567, -0.001618509, -0.0014026902, -0.0013793628, -0.0014362312, -0.0016398382, -0.0018663956, -0.0020057035, -0.0020229584, -0.0019606338, -0.0018272857, -0.0017611593, -0.0016733011, -0.0016761897, -0.0017745986, -0.0018507199, -0.0020195793, -0.0021476774, -0.0021747623, -0.002141689, -0.0020180007, -0.0019458481, -0.0018283612, -0.0017758197, -0.001757248, -0.00173896, -0.0016566734, -0.0015598733, -0.001549616, -0.0016360116, 0, 0, 0, 0, 0, 0, 0, 0, 0, 0, 0, 0, 0, 0, 0, 0, 0, 0, 0, 0, 0, 0, 0, 0, 0, 0, 0, 0, 0, 0, 0, 0, 0, 0, 0, 0, 0, 0, 0, 0, 0, 0, 0, 0, 0, 0, 0, 0, 0, 0, 0, 0, 0, 0, 0, 0, 0, 0, 0
-0.0018834985, -0.0019136121, -0.002269694, -0.0028436203, -0.0031532038, -0.0037626848, -0.0043331957, -0.004602187, -0.0051147495, -0.0056069805, -0.006087734, -0.0063230614, -0.006778965, -0.0072120368, -0.007419856, -0.007817802, -0.008186585, -0.008518993, -0.008671042, -0.008950506, -0.009201397, -0.0093155, -0.009510874, -0.0096416315, -0.009675484, -0.0096742315, -0.009589377, -0.009440349, -0.009348362, -0.009141599, -0.008918203, -0.008806304, -0.008593274, -0.008398051, -0.0082100965, -0.008111856, -0.007892991, -0.007633905, -0.007489153, -0.00717545, -0.006840931, -0.006669051, -0.0063161408, -0.0059399516, -0.005522681, -0.0052945814, -0.004802493, -0.004284229, -0.004028621, -0.003556022, -0.0031716262, -0.0028998852, -0.0028057087, -0.0026826975, -0.0026027164, -0.002558733, -0.002426155, -0.0022084431, -0.0020701075, -0.0017653941, -0.0014868119, -0.001309404, -0.0012756386, -0.0013273824, -0.0015117188, -0.0016321868, -0.0018689707, -0.0020231206, -0.002045877, -0.0020134056, -0.0019068919, -0.0018214618, -0.0018089308, -0.0018583603, -0.0019957644, -0.002183484, -0.002279508, -0.0024371839, -0.0025033797, -0.0024933852, -0.002401056, -0.0022679665, -0.00221033, -0.0021430152, -0.002121867, -0.0020718684, -0.0020115678, -0.0018090995, -0.0015611843, -0.0014635583, -0.0014401121, -0.001888406, 0, 0, 0, 0, 0, 0, 0, 0, 0, 0, 0, 0, 0, 0, 0, 0, 0, 0, 0, 0, 0, 0, 0, 0, 0, 0, 0, 0, 0, 0, 0, 0, 0, 0, 0, 0, 0, 0, 0, 0, 0, 0, 0, 0, 0, 0, 0, 0, 0, 0, 0, 0, 0, 0, 0, 0, 0, 0
-0.0019134177, -0.0019449372, -0.0023131056, -0.0029115772, -0.0032370891, -0.003882551, -0.0044885017, -0.004772538, -0.0053058523, -0.0058007906, -0.006261959, -0.0064786756, -0.0068802745, -0.0072363396, -0.0073975027, -0.0076860795, -0.007925172, -0.0081094075, -0.00818199, -0.008298385, -0.008394737, -0.008439826, -0.00852117, -0.008571214, -0.008576187, -0.008535998, -0.008431575, -0.008278651, -0.008190239, -0.007999826, -0.0078015076, -0.0077023613, -0.0075062467, -0.007308176, -0.007093241, -0.006972889, -0.0066955346, -0.0063611655, -0.00617256, -0.0057587726, -0.0053110654, -0.005081751, -0.004626017, -0.0041883793, -0.0037790714, -0.0035869067, -0.0032345406, -0.002935274, -0.0028092903, -0.0026055803, -0.0024556718, -0.0023356802, -0.0022786655, -0.0021545796, -0.002000818, -0.0019082336, -0.0016909639, -0.0014508641, -0.0013373002, -0.0011630962, -0.0011063952, -0.0011924081, -0.0012834794, -0.0015271659, -0.0017894995, -0.0019033768, -0.0020590683, -0.0020976595, -0.0020435695, -0.0020036954, -0.0019532742, -0.0019969684, -0.0020613782, -0.0022577771, -0.0024958127, -0.0027111985, -0.0027922573, -0.002876535, -0.0028467444, -0.0027953198, -0.0026549255, -0.0025210618, -0.0024725797, -0.0024107357, -0.0023426495, -0.0021842078, -0.0020560042, -0.00171861, -0.0013521143, -0.0011954493, -0.0010007983, -0.0009931626, 0, 0, 0, 0, 0, 0, 0, 0, 0, 0, 0, 0, 0, 0, 0, 0, 0, 0, 0, 0, 0, 0, 0, 0, 0, 0, 0, 0, 0, 0, 0, 0, 0, 0, 0, 0, 0, 0, 0, 0, 0, 0, 0, 0, 0, 0, 0, 0, 0, 0, 0, 0, 0, 0, 0, 0, 0, 0
-0.0018515242, -0.0018758476, -0.002205474, -0.0027455883, -0.0030392879, -0.0036222269, -0.004172051, -0.0044307704, -0.004916688, -0.005363349, -0.00577016, -0.005956237, -0.0062879655, -0.006561471, -0.006676355, -0.006863351, -0.006994084, -0.00706942, -0.007088795, -0.007102387, -0.007104592, -0.0071077263, -0.007120027, -0.0071266806, -0.0071205217, -0.0070774723, -0.006987461, -0.006855281, -0.0067773233, -0.0066075795, -0.0064311866, -0.00634279, -0.006162622, -0.0059644976, -0.005726256, -0.005585688, -0.005254301, -0.0048565264, -0.0046357363, -0.004161933, -0.0036694051, -0.0034280452, -0.0029803922, -0.0026084208, -0.0023288867, -0.0022236486, -0.0020758198, -0.0019964413, -0.0019752441, -0.0019497009, -0.0019146808, -0.0018373701, -0.0017779708, -0.0016213842, -0.0014328201, -0.0013359421, -0.0011583449, -0.0010374265, -0.0010123388, -0.0010567713, -0.0012344919, -0.0015105458, -0.0016631864, -0.0019463121, -0.0021454422, -0.0022038016, -0.0022448606, -0.0022198884, -0.002192297, -0.00219852, -0.0022828265, -0.0024723099, -0.0025977823, -0.0028673615, -0.003094685, -0.0032167519, -0.0032291263, -0.0031625298, -0.0030095174, -0.0029186564, -0.0027458863, -0.0026151657, -0.0025649641, -0.0024615289, -0.0022849303, -0.0019766106, -0.0017745383, -0.001321794, -0.0008887588, -0.0007064157, -0.00043538635, -0.00025887616, 4.9725095e-05, 0.00014520143, 0, 0, 0, 0, 0, 0, 0, 0, 0, 0, 0, 0, 0, 0, 0, 0, 0, 0, 0, 0, 0, 0, 0, 0, 0, 0, 0, 0, 0, 0, 0, 0, 0, 0, 0, 0, 0, 0, 0, 0, 0, 0, 0, 0, 0, 0, 0, 0, 0, 0, 0, 0, 0, 0, 0, 0
-0.0017181279, -0.0017329445, -0.0020010036, -0.002439451, -0.0026738136, -0.0031319282, -0.003560345, -0.0037628342, -0.0041488865, -0.004513385, -0.004853273, -0.005010166, -0.005288805, -0.0055116196, -0.005600805, -0.0057377215, -0.005825192, -0.0058720754, -0.005883136, -0.0058878246, -0.0058789975, -0.0058720275, -0.005852478, -0.0058177356, -0.0057910364, -0.0057135443, -0.0055979285, -0.0054433993, -0.0053533777, -0.0051578386, -0.0049566375, -0.004857254, -0.0046577184, -0.004440805, -0.0041829566, -0.004033633, -0.00369365, -0.0033092864, -0.0031071296, -0.0026990958, -0.0023102649, -0.0021338917, -0.0018395319, -0.0016410534, -0.0015367325, -0.001512475, -0.0014995945, -0.0015093142, -0.0015144529, -0.0015112688, -0.0014733891, -0.0013919928, -0.0013375834, -0.0012201259, -0.0011240864, -0.0010961818, -0.0010988334, -0.0011948517, -0.0012807543, -0.0015226636, -0.0018288639, -0.0021352612, -0.0022652082, -0.0024453017, -0.0025113046, -0.002512175, -0.002490431, -0.002494044, -0.0025716552, -0.0026446385, -0.0028525703, -0.0031076744, -0.003232345, -0.0034257504, -0.003489132, -0.0033967781, -0.0033009357, -0.0030518747, -0.0027939244, -0.0026817883, -0.0025090002, -0.0023872561, -0.0023268422, -0.0021539424, -0.0018553679, -0.0014211878, -0.0011725683, -0.00067662663, -0.0002582974, -9.457627e-05, 0.00014320141, 0.00030569782, 0.0005162572, 0.00067116733, 0, 0, 0, 0, 0, 0, 0, 0, 0, 0, 0, 0, 0, 0, 0, 0, 0, 0, 0, 0, 0, 0, 0, 0, 0, 0, 0, 0, 0, 0, 0, 0, 0, 0, 0, 0, 0, 0, 0, 0, 0, 0, 0, 0, 0, 0, 0, 0, 0, 0, 0, 0, 0, 0, 0, 0
-0.0015319261, -0.0015422482, -0.0017636605, -0.002116745, -0.0022993027, -0.0026433137, -0.0029522197, -0.0030966874, -0.0033750539, -0.0036486166, -0.003917278, -0.004046172, -0.0042835413, -0.004481023, -0.004562109, -0.0046902606, -0.004779639, -0.0048421538, -0.0048656673, -0.004898897, -0.0049090325, -0.0049021374, -0.004857938, -0.004769533, -0.0047097644, -0.0045634373, -0.004385452, -0.0041758344, -0.0040597576, -0.003812618, -0.003560114, -0.0034362501, -0.003193679, -0.0029485729, -0.0026885495, -0.002552498, -0.0022771105, -0.0020158303, -0.0018974635, -0.001693822, -0.0015402724, -0.001484161, -0.0014162675, -0.0014015281, -0.0014172093, -0.0014259875, -0.0014277803, -0.0014007716, -0.0013781241, -0.0013236939, -0.0012700807, -0.0012312985, -0.0012234963, -0.0012461375, -0.0013396217, -0.001417717, -0.0016346182, -0.0019128955, -0.0020651657, -0.0023704104, -0.0026383703, -0.0028239426, -0.0028765933, -0.002904708, -0.002867862, -0.0028466864, -0.0028414298, -0.002922055, -0.003089771, -0.00319525, -0.0034125338, -0.0035778612, -0.0036197235, -0.0035871982, -0.0033867832, -0.0030548142, -0.0028649478, -0.002499484, -0.0022152301, -0.0021130708, -0.0019704332, -0.0018488057, -0.0017669233, -0.0015142024, -0.0011248103, -0.00064350583, -0.00039823473, 4.0198254e-05, 0.0003622177, 0.00047662217, 0.0006340229, 0.00075215823, 0.00092896586, 0.0010777925, 0.0015567415, 0, 0, 0, 0, 0, 0, 0, 0, 0, 0, 0, 0, 0, 0, 0, 0, 0, 0, 0, 0, 0, 0, 0, 0, 0, 0, 0, 0, 0, 0, 0, 0, 0, 0, 0, 0, 0, 0, 0, 0, 0, 0, 0, 0, 0, 0, 0, 0, 0, 0, 0, 0, 0, 0, 0
-0.0012934592, -0.0013052222, -0.0015031277, -0.001808052, -0.0019621633, -0.00224524, -0.002490876, -0.002603093, -0.002815365, -0.0030203133, -0.003220293, -0.0033169424, -0.003498551, -0.003657196, -0.0037259168, -0.003839954, -0.0039246227, -0.0039868956, -0.004011146, -0.004045293, -0.004050819, -0.004036836, -0.0039652456, -0.0038321135, -0.0037457934, -0.0035462508, -0.003324227, -0.003085166, -0.00295955, -0.0027001062, -0.0024397166, -0.0023135825, -0.002073673, -0.00185063, -0.0016475891, -0.0015575443, -0.001414607, -0.0013397778, -0.0013307732, -0.0013637063, -0.0014436272, -0.0014928896, -0.0015950345, -0.0016824955, -0.0017316594, -0.001736146, -0.0017040373, -0.0016364575, -0.0016013476, -0.0015533316, -0.0015606481, -0.0016383234, -0.001705238, -0.0018954232, -0.0021555014, -0.0023066672, -0.0026288675, -0.0029383216, -0.0030733477, -0.003282269, -0.0033934119, -0.003409188, -0.003388421, -0.0033177377, -0.003256608, -0.0032466114, -0.0032860606, -0.0034005449, -0.0035482803, -0.00361426, -0.0036846942, -0.0036235126, -0.0035323303, -0.0032301995, -0.002806577, -0.002344293, -0.002129251, -0.0017769036, -0.0015481119, -0.0014712123, -0.0013450473, -0.0011798447, -0.0010591516, -0.0007264667, -0.0003015493, 0.000133772, 0.00032694056, 0.0006255627, 0.00080289197, 0.0008566818, 0.0009323231, 0.0010206258, 0.0011860328, 0.0013193071, 0.0017289498, 0, 0, 0, 0, 0, 0, 0, 0, 0, 0, 0, 0, 0, 0, 0, 0, 0, 0, 0, 0, 0, 0, 0, 0, 0, 0, 0, 0, 0, 0, 0, 0, 0, 0, 0, 0, 0, 0, 0, 0, 0, 0, 0, 0, 0, 0, 0, 0, 0, 0, 0, 0, 0, 0, 0
-0.0010153258, -0.0010304863, -0.0012136174, -0.0014916337, -0.0016339471, -0.0019026964, -0.0021459651, -0.0022586402, -0.002466272, -0.002647272, -0.0027967074, -0.0028592607, -0.0029624791, -0.0030430877, -0.0030770816, -0.003132873, -0.0031705147, -0.0031897498, -0.00319301, -0.003187463, -0.0031597423, -0.0031334977, -0.003045397, -0.0029056042, -0.0028195402, -0.0026294065, -0.0024342136, -0.0022468432, -0.0021571612, -0.0019855287, -0.0018273899, -0.0017550427, -0.0016265954, -0.0015220763, -0.0014470437, -0.0014248947, -0.001423525, -0.0014911414, -0.0015504053, -0.0017067698, -0.0018830688, -0.0019682227, -0.0021156252, -0.0022193596, -0.0022722401, -0.0022809706, -0.002276329, -0.0022714902, -0.0022815675, -0.0023469885, -0.0024846022, -0.0026903267, -0.0028134868, -0.0030868158, -0.003375113, -0.0035151262, -0.0037634957, -0.0039383075, -0.0039901873, -0.0040212213, -0.0039727087, -0.0038788829, -0.0038276906, -0.003740985, -0.0036987683, -0.0036980403, -0.0037280098, -0.0037676925, -0.0037633486, -0.0037271127, -0.0035588716, -0.0032502047, -0.0030480418, -0.002581487, -0.0020970034, -0.0016743102, -0.0015039078, -0.0012513511, -0.0010821318, -0.001006508, -0.0008226991, -0.000549972, -0.0003759261, 2.2733251e-05, 0.00042444275, 0.00074722106, 0.0008620143, 0.0009934655, 0.0010297883, 0.0010335781, 0.001055999, 0.001140178, 0.0013040041, 0.0014143637, 0.0016949142, 0.0020314087, 0, 0, 0, 0, 0, 0, 0, 0, 0, 0, 0, 0, 0, 0, 0, 0, 0, 0, 0, 0, 0, 0, 0, 0, 0, 0, 0, 0, 0, 0, 0, 0, 0, 0, 0, 0, 0, 0, 0, 0, 0, 0, 0, 0, 0, 0, 0, 0, 0, 0, 0, 0, 0, 0
-0.00074700476, -0.00076433463, -0.0009318378, -0.0011865945, -0.0013210673, -0.0015884655, -0.001849088, -0.0019746327, -0.0022068114, -0.00239605, -0.0025233817, -0.0025616093, -0.0025942156, -0.0025870493, -0.0025761835, -0.002549869, -0.0025203961, -0.0024853852, -0.0024657045, -0.0024225977, -0.0023739026, -0.0023459748, -0.0022762879, -0.0021835584, -0.002130231, -0.0020224021, -0.0019337661, -0.0018823337, -0.0018719507, -0.0018784393, -0.0019124043, -0.0019365194, -0.0019939349, -0.0020572718, -0.0021232965, -0.0021584253, -0.0022393402, -0.0023426309, -0.0024034625, -0.002537149, -0.0026740115, -0.0027392532, -0.0028577917, -0.002961204, -0.0030556219, -0.0031036541, -0.0032130373, -0.003356154, -0.0034444095, -0.0036544965, -0.0038977927, -0.004148818, -0.004267926, -0.004477229, -0.004631973, -0.0046837316, -0.0047297855, -0.004698848, -0.0046587554, -0.0045462423, -0.004419785, -0.0043076817, -0.0042623603, -0.004193324, -0.0041434546, -0.004117917, -0.0040443246, -0.0039098416, -0.0036836548, -0.003531342, -0.0031520324, -0.002700326, -0.0024630884, -0.0020049922, -0.0016156943, -0.0013258784, -0.0012154027, -0.0010314271, -0.00083500927, -0.00071074767, -0.00038774207, 2.229338e-05, 0.00024306825, 0.0006631416, 0.0009886667, 0.0011717158, 0.0012090637, 0.0012017293, 0.0011435394, 0.0011198416, 0.0011221318, 0.0012054064, 0.001339269, 0.0014071938, 0.0015226366, 0.001635692, 0.0017046272, 0, 0, 0, 0, 0, 0, 0, 0, 0, 0, 0, 0, 0, 0, 0, 0, 0, 0, 0, 0, 0, 0, 0, 0, 0, 0, 0, 0, 0, 0, 0, 0, 0, 0, 0, 0, 0, 0, 0, 0, 0, 0, 0, 0, 0, 0, 0, 0, 0, 0, 0, 0, 0
-0.00056784786, -0.0005855651, -0.0007377956, -0.0009677555, -0.001090667, -0.0013399434, -0.0015903136, -0.0017134867, -0.0019460657, -0.0021395865, -0.0022691132, -0.0023051756, -0.002322029, -0.0022859059, -0.002258338, -0.0022019623, -0.0021560607, -0.002122576, -0.0021093234, -0.0020885263, -0.002074713, -0.0020698947, -0.002062899, -0.002057046, -0.0020557449, -0.0020662544, -0.002112711, -0.002212648, -0.0022836227, -0.00246001, -0.0026634182, -0.0027677068, -0.0029692478, -0.0031483832, -0.003295534, -0.00335644, -0.0034563006, -0.0035370046, -0.0035747082, -0.003651258, -0.0037367532, -0.0037850635, -0.003896897, -0.004033501, -0.0042010327, -0.004297831, -0.0045182104, -0.004768554, -0.004899784, -0.005159269, -0.005388525, -0.005557051, -0.0056106164, -0.0056489133, -0.005597127, -0.0055421116, -0.005389516, -0.005207886, -0.0051171184, -0.0049542184, -0.0048296237, -0.0047389185, -0.0046993857, -0.004612116, -0.004485059, -0.004396008, -0.0041525397, -0.00381397, -0.0033906908, -0.003156716, -0.0026737289, -0.002214201, -0.002007676, -0.001658555, -0.0013977652, -0.0011982514, -0.0011043166, -0.00088350347, -0.00057075144, -0.00037253188, 9.0730755e-05, 0.0005803386, 0.0008060523, 0.0011678078, 0.001370536, 0.0014168445, 0.0013951586, 0.0013043701, 0.001209848, 0.0011807213, 0.0011773519, 0.0012334506, 0.0012849185, 0.0012862125, 0.0012196456, 0.0010934065, 0.0010198973, 0.00076934084, 0, 0, 0, 0, 0, 0, 0, 0, 0, 0, 0, 0, 0, 0, 0, 0, 0, 0, 0, 0, 0, 0, 0, 0, 0, 0, 0, 0, 0, 0, 0, 0, 0, 0, 0, 0, 0, 0, 0, 0, 0, 0, 0, 0, 0, 0, 0, 0, 0, 0, 0, 0
-0.0005371395, -0.0005545375, -0.00069691736, -0.0009048806, -0.0010134153, -0.0012271798, -0.0014345939, -0.0015361503, -0.0017332917, -0.0019148812, -0.0020648816, -0.0021225563, -0.0021976687, -0.0022286521, -0.0022354345, -0.00224923, -0.002280086, -0.0023341407, -0.0023678183, -0.002442744, -0.0025208676, -0.0025597878, -0.002638067, -0.002718813, -0.002762184, -0.0028628923, -0.0029964861, -0.0031749771, -0.0032812902, -0.0035190252, -0.003770973, -0.0038945288, -0.004125402, -0.004325212, -0.0044893688, -0.0045584715, -0.0046751434, -0.0047734114, -0.00482069, -0.0049205115, -0.005037319, -0.0051041516, -0.0052551744, -0.0054293196, -0.005625015, -0.005729559, -0.0059455847, -0.0061561125, -0.006251787, -0.0064074607, -0.006495313, -0.006497673, -0.006464613, -0.006332974, -0.0061320914, -0.0060155373, -0.005775045, -0.0055563585, -0.0054633725, -0.005314112, -0.005200486, -0.005088853, -0.0050212517, -0.0048393887, -0.00457319, -0.004403783, -0.0039941296, -0.003508649, -0.0029867198, -0.0027282205, -0.0022491836, -0.0018520509, -0.0016891821, -0.0014252218, -0.0012105883, -0.0009935494, -0.0008666282, -0.00054897927, -0.00013545003, 9.953475e-05, 0.00058409694, 0.0010144245, 0.0011838211, 0.0014005519, 0.001454626, 0.0013880456, 0.0013303803, 0.0012082922, 0.0011200021, 0.001097213, 0.0010871111, 0.0010838063, 0.0010193248, 0.0009483446, 0.00073202676, 0.0004675057, 0.00033357547, 2.0291438e-05, 0, 0, 0, 0, 0, 0, 0, 0, 0, 0, 0, 0, 0, 0, 0, 0, 0, 0, 0, 0, 0, 0, 0, 0, 0, 0, 0, 0, 0, 0, 0, 0, 0, 0, 0, 0, 0, 0, 0, 0, 0, 0, 0, 0, 0, 0, 0, 0, 0, 0, 0, 0
-0.0006445389, -0.00066337007, -0.00080855493, -0.0010102893, -0.0011115693, -0.0013033117, -0.0014812046, -0.0015671857, -0.0017391406, -0.0019190264, -0.00210526, -0.0021966062, -0.002366206, -0.0025133933, -0.002580989, -0.0027161415, -0.0028660381, -0.0030384378, -0.0031308562, -0.0033178367, -0.0034946923, -0.003576266, -0.0037254882, -0.0038601616, -0.0039247954, -0.004055522, -0.00419873, -0.0043631284, -0.004453863, -0.004647567, -0.004847871, -0.0049466304, -0.005136953, -0.0053168274, -0.0054905005, -0.005576424, -0.005749671, -0.0059276647, -0.0060192174, -0.0062069986, -0.006396129, -0.0064878264, -0.006659311, -0.006808461, -0.006931993, -0.006983672, -0.0070635593, -0.0071041705, -0.007106617, -0.0070692464, -0.0069729285, -0.0068213195, -0.006727772, -0.0065153204, -0.0062863273, -0.006172409, -0.0059591136, -0.005775422, -0.0056942375, -0.0055405675, -0.0053697135, -0.0051473463, -0.0050091315, -0.0046725124, -0.0042603523, -0.0040306463, -0.0035391885, -0.0030305374, -0.0025382163, -0.0023087182, -0.0018994677, -0.0015635024, -0.0014191933, -0.0011577699, -0.00089764973, -0.00060580607, -0.00044206466, -8.036268e-05, 0.00030580265, 0.000494469, 0.0008295506, 0.001063989, 0.001131589, 0.0011652416, 0.0010858126, 0.0009476653, 0.00087540573, 0.0007557548, 0.000686206, 0.00066730863, 0.00063575193, 0.0005631169, 0.00040464723, 0.0002916617, 2.5961466e-05, -0.00023570762, -0.00035538716, -0.000645443, -0.001329627, -0.0015712966, 0, 0, 0, 0, 0, 0, 0, 0, 0, 0, 0, 0, 0, 0, 0, 0, 0, 0, 0, 0, 0, 0, 0, 0, 0, 0, 0, 0, 0, 0, 0, 0, 0, 0, 0, 0, 0, 0, 0, 0, 0, 0, 0, 0, 0, 0, 0, 0, 0, 0
-0.0007945445, -0.0008189336, -0.0009854687, -0.0012087298, -0.0013203796, -0.0015343425, -0.0017384335, -0.0018385059, -0.0020404398, -0.0022535312, -0.002480693, -0.0025976119, -0.0028298795, -0.0030504619, -0.003155625, -0.0033619155, -0.0035753336, -0.0038040928, -0.0039233314, -0.0041615227, -0.004386552, -0.0044903937, -0.004678584, -0.0048428164, -0.0049174437, -0.0050566625, -0.005190137, -0.0053260373, -0.005396839, -0.0055456767, -0.005704052, -0.0057866275, -0.005957794, -0.0061395722, -0.006335789, -0.0064402926, -0.006660782, -0.0068911677, -0.0070065306, -0.007227639, -0.0074200393, -0.0074990825, -0.0076132654, -0.007663565, -0.007650598, -0.007621925, -0.0075244624, -0.007379227, -0.0072909067, -0.0070896856, -0.0068676393, -0.006642977, -0.006535251, -0.0063367076, -0.006162358, -0.006081935, -0.0059255664, -0.0057562077, -0.0056585046, -0.0054208906, -0.0051094154, -0.0047202315, -0.0045012026, -0.004032791, -0.0035543027, -0.0033210977, -0.0028810627, -0.0024823053, -0.0021218602, -0.0019535613, -0.001635039, -0.0013323264, -0.0011821489, -0.0008759758, -0.00055627874, -0.00023251217, -7.661181e-05, 0.00020197977, 0.0004126649, 0.00048675176, 0.0005670162, 0.00056127773, 0.0005293291, 0.00041793814, 0.00026541806, 0.00010803094, 3.853039e-05, -6.9362315e-05, -0.00014040743, -0.00017098995, -0.00024853254, -0.00037718384, -0.00056148955, -0.0006636019, -0.00085301005, -0.0009801015, -0.001016678, -0.0010806135, -0.0012445617, -0.0013538343, 0, 0, 0, 0, 0, 0, 0, 0, 0, 0, 0, 0, 0, 0, 0, 0, 0, 0, 0, 0, 0, 0, 0, 0, 0, 0, 0, 0, 0, 0, 0, 0, 0, 0, 0, 0, 0, 0, 0, 0, 0, 0, 0, 0, 0, 0, 0, 0, 0, 0
-0.00082006917, -0.0008549688, -0.0010582597, -0.0013276469, -0.001465077, -0.0017381351, -0.0020111774, -0.0021479537, -0.0024193989, -0.002683999, -0.0029375593, -0.0030592673, -0.0032904404, -0.0035030383, -0.0036028372, -0.0037942315, -0.0039852094, -0.004185587, -0.004290278, -0.0045057265, -0.004723197, -0.0048306617, -0.0050400454, -0.005240125, -0.0053363396, -0.0055229957, -0.0057046344, -0.0058855833, -0.0059767566, -0.0061626104, -0.00635212, -0.006447574, -0.0066364547, -0.006820819, -0.0070001488, -0.0070882393, -0.007260551, -0.007422915, -0.007497598, -0.0076253507, -0.007712042, -0.007735195, -0.0077350177, -0.007669434, -0.0075401356, -0.007453386, -0.007242717, -0.006995595, -0.0068644998, -0.0066004996, -0.006351408, -0.0061357412, -0.0060440144, -0.0058918023, -0.0057648337, -0.005700569, -0.005542906, -0.005314823, -0.005165854, -0.0047942386, -0.0043390025, -0.0038373906, -0.0035846487, -0.0031069545, -0.0026994841, -0.0025288574, -0.0022504346, -0.0020326534, -0.001832409, -0.0017259219, -0.001482968, -0.0011961544, -0.0010398305, -0.00071764115, -0.00041444934, -0.00017238196, -8.668476e-05, -2.6693838e-06, -3.3755587e-05, -8.507489e-05, -0.00023150843, -0.00040158627, -0.00048622076, -0.00064680993, -0.0007950841, -0.0009283744, -0.0009894118, -0.0011029849, -0.0012171683, -0.0012801504, -0.0014228158, -0.001577792, -0.0017109367, -0.0017561063, -0.001781651, -0.0017124589, -0.0016464352, -0.0014855532, -0.0013630369, -0.0013497132, 0, 0, 0, 0, 0, 0, 0, 0, 0, 0, 0, 0, 0, 0, 0, 0, 0, 0, 0, 0, 0, 0, 0, 0, 0, 0, 0, 0, 0, 0, 0, 0, 0, 0, 0, 0, 0, 0, 0, 0, 0, 0, 0, 0, 0, 0, 0, 0, 0, 0
-0.00060723035, -0.00065506354, -0.0008967085, -0.0012158392, -0.0013801613, -0.0017090408, -0.0020391275, -0.002204323, -0.0025261168, -0.0028215288, -0.00307817, -0.0031911568, -0.0033909157, -0.0035643931, -0.0036441989, -0.0037968012, -0.0039465413, -0.004102675, -0.004186018, -0.0043661576, -0.0045668287, -0.0046747494, -0.004903964, -0.00514828, -0.0052753156, -0.0055384645, -0.0058109583, -0.0060866335, -0.006222685, -0.0064846016, -0.0067230756, -0.0068298145, -0.007011337, -0.007145381, -0.007231589, -0.007258365, -0.0072841183, -0.0072785933, -0.007265443, -0.0072195414, -0.007147136, -0.0071008177, -0.0069869934, -0.0068435003, -0.0066680587, -0.006567959, -0.006346119, -0.006106356, -0.005985179, -0.005752086, -0.0055424557, -0.005362996, -0.005284189, -0.0051404648, -0.004994011, -0.004908861, -0.0046885656, -0.0043769497, -0.0041844673, -0.0037403938, -0.0032585321, -0.0027975384, -0.0025913334, -0.0022518446, -0.0020211504, -0.0019446677, -0.0018490235, -0.0017858101, -0.0016965324, -0.0016274365, -0.0014306006, -0.0011739024, -0.0010382615, -0.00079203094, -0.0006277554, -0.0005835128, -0.00061055046, -0.00075232645, -0.0009769449, -0.0011028608, -0.0013433452, -0.0015363897, -0.0016109289, -0.0017261965, -0.0018230036, -0.0019315472, -0.0019966005, -0.0021556038, -0.00234834, -0.0024506277, -0.0026422949, -0.0027736411, -0.0028007925, -0.002768831, -0.0026224414, -0.0023966718, -0.0022685193, -0.0020229688, -0.0019124249, -0.0020175236, -0.0031211975, 0, 0, 0, 0, 0, 0, 0, 0, 0, 0, 0, 0, 0, 0, 0, 0, 0, 0, 0, 0, 0, 0, 0, 0, 0, 0, 0, 0, 0, 0, 0, 0, 0, 0, 0, 0, 0, 0, 0, 0, 0, 0, 0, 0, 0, 0, 0, 0, 0
-0.0002483034, -0.00030781265, -0.00057367276, -0.0009182451, -0.0010937279, -0.0014359578, -0.0017673483, -0.0019295932, -0.0022429656, -0.0025281236, -0.0027719375, -0.0028778808, -0.0030645684, -0.0032310018, -0.00331039, -0.0034676024, -0.0036252253, -0.0037885087, -0.0038750987, -0.0040633474, -0.0042740325, -0.004387868, -0.004630287, -0.004890674, -0.005028019, -0.005317412, -0.005621379, -0.0059250216, -0.0060703815, -0.006334654, -0.0065478142, -0.0066305087, -0.0067417757, -0.0067780963, -0.0067418027, -0.006698875, -0.0065719998, -0.0064033177, -0.0063082036, -0.0061059315, -0.005900218, -0.005800614, -0.0056145675, -0.005448273, -0.005294493, -0.005218994, -0.0050646635, -0.0049027395, -0.0048193783, -0.0046503125, -0.004479442, -0.004304044, -0.004213679, -0.0040240535, -0.0038156316, -0.0037004293, -0.0034379445, -0.0031226128, -0.0029471498, -0.002580755, -0.0022339225, -0.0019536652, -0.0018481432, -0.0017096596, -0.0016571711, -0.0016545812, -0.0016705112, -0.0016755289, -0.001624884, -0.0015713683, -0.0014169326, -0.0012430028, -0.0011715153, -0.0011043674, -0.0011708386, -0.0013673027, -0.0015019808, -0.0018053403, -0.0021002337, -0.0022274693, -0.0024199483, -0.0025277087, -0.0025579839, -0.0026039327, -0.0026753056, -0.0028117772, -0.0029081, -0.0031439667, -0.003399913, -0.003516292, -0.0036844793, -0.0037259224, -0.0036244337, -0.003527308, -0.0032732899, -0.0029893836, -0.0028507868, -0.0026046664, -0.002455308, -0.0024627522, -0.0027291244, -0.0029911536, 0, 0, 0, 0, 0, 0, 0, 0, 0, 0, 0, 0, 0, 0, 0, 0, 0, 0, 0, 0, 0, 0, 0, 0, 0, 0, 0, 0, 0, 0, 0, 0, 0, 0, 0, 0, 0, 0, 0, 0, 0, 0, 0, 0, 0, 0, 0, 0
5.0135935e-05, -1.6922359e-05, -0.00027951587, -0.00060024025, -0.0007588947, -0.0010574833, -0.0013321063, -0.0014630165, -0.001716484, -0.0019555055, -0.0021743383, -0.0022761628, -0.0024695129, -0.0026589585, -0.0027552943, -0.0029534143, -0.0031587384, -0.003371939, -0.0034825439, -0.0037129403, -0.0039515775, -0.00407143, -0.0043069944, -0.0045346604, -0.0046467604, -0.0048692534, -0.005086492, -0.0052874354, -0.005376425, -0.0055220556, -0.005614675, -0.005639348, -0.005643003, -0.005585186, -0.0054663178, -0.005385239, -0.005183653, -0.004941216, -0.004809977, -0.0045410194, -0.0042836107, -0.0041675726, -0.0039739637, -0.0038376078, -0.0037479305, -0.0037136034, -0.003647843, -0.0035651564, -0.0035119602, -0.0033770746, -0.0032033662, -0.0029973632, -0.0028854338, -0.0026549692, -0.0024297514, -0.0023229455, -0.0021205207, -0.0019274852, -0.0018336641, -0.0016602158, -0.0015249383, -0.0014482655, -0.0014340875, -0.001444992, -0.0014880538, -0.0015127448, -0.0015509768, -0.0015558404, -0.0015158849, -0.0014820141, -0.0014113869, -0.0013887216, -0.0014159522, -0.0015735575, -0.0018648136, -0.0022367183, -0.0024282034, -0.002773501, -0.0030251595, -0.003108713, -0.0032002025, -0.0032257938, -0.0032333622, -0.003279944, -0.0034113666, -0.003638391, -0.0037778877, -0.0040654563, -0.004299041, -0.0043734703, -0.00441409, -0.0043101823, -0.0040959893, -0.0039653163, -0.0036922873, -0.0034331626, -0.0033104443, -0.003063013, -0.0027945035, -0.002654998, -0.0023998423, -0.0022348484, 0, 0, 0, 0, 0, 0, 0, 0, 0, 0, 0, 0, 0, 0, 0, 0, 0, 0, 0, 0, 0, 0, 0, 0, 0, 0, 0, 0, 0, 0, 0, 0, 0, 0, 0, 0, 0, 0, 0, 0, 0, 0, 0, 0, 0, 0, 0, 0
0.0002442315, 0.00017430639, -5.513774e-05, -0.00030281852, -0.00041931024, -0.00063267635, -0.0008228698, -0.00091213273, -0.0010843658, -0.0012540761, -0.0014253914, -0.0015124494, -0.0016930123, -0.0018865096, -0.0019896878, -0.0022094427, -0.002445582, -0.0026948494, -0.0028235363, -0.0030836684, -0.0033374235, -0.0034568356, -0.0036718785, -0.0038497548, -0.0039240597, -0.004041892, -0.0041177073, -0.0041493005, -0.0041483673, -0.0041157724, -0.004049547, -0.00400678, -0.0039072153, -0.0037892147, -0.0036489642, -0.0035686244, -0.0033857576, -0.0031775641, -0.003067005, -0.0028440848, -0.00263803, -0.002549197, -0.002413759, -0.0023402425, -0.002314765, -0.0023103752, -0.0022935034, -0.002237879, -0.0021892297, -0.0020482386, -0.0018618506, -0.0016548503, -0.0015526798, -0.0013692811, -0.0012329381, -0.0011862086, -0.0011324144, -0.0011160723, -0.0011150601, -0.0011205036, -0.0011387025, -0.0011774814, -0.0012053269, -0.0012710826, -0.001334467, -0.0013592154, -0.0013902711, -0.0013998876, -0.0014061622, -0.0014174918, -0.0014823189, -0.0016395204, -0.0017621894, -0.0020941573, -0.0025064375, -0.0029256276, -0.003112577, -0.003407088, -0.003582013, -0.0036309236, -0.0036826003, -0.0037278896, -0.0037690124, -0.0039186073, -0.0041690357, -0.004481105, -0.004634751, -0.004875707, -0.004966989, -0.004946629, -0.00479004, -0.0045346958, -0.004254447, -0.0041233213, -0.0038910985, -0.0036817016, -0.003569076, -0.003285694, -0.0028828224, -0.0026351702, -0.002099784, -0.001649508, -0.0014084461, 0, 0, 0, 0, 0, 0, 0, 0, 0, 0, 0, 0, 0, 0, 0, 0, 0, 0, 0, 0, 0, 0, 0, 0, 0, 0, 0, 0, 0, 0, 0, 0, 0, 0, 0, 0, 0, 0, 0, 0, 0, 0, 0, 0, 0, 0, 0
0.0005114538, 0.00043948652, 0.00025556277, 9.4888725e-05, 2.4536217e-05, -0.00010443199, -0.00021979044, -0.00027175402, -0.00036539746, -0.00045442535, -0.00055109174, -0.0006054943, -0.0007303279, -0.0008772615, -0.0009601483, -0.001145228, -0.001357046, -0.0015916612, -0.0017150398, -0.0019655256, -0.0022089682, -0.0023233069, -0.0025279112, -0.0026892035, -0.002748509, -0.002816166, -0.0028064328, -0.0027215201, -0.0026545434, -0.0024873582, -0.002299402, -0.0022070622, -0.0020373776, -0.001894449, -0.0017745603, -0.0017195495, -0.001613771, -0.0015085253, -0.0014559078, -0.0013540459, -0.0012646255, -0.0012281281, -0.0011777205, -0.0011605561, -0.001163697, -0.0011647907, -0.0011454991, -0.0010791585, -0.0010263806, -0.00089329033, -0.0007510016, -0.00063413836, -0.0005935378, -0.00055488787, -0.0005734774, -0.000601314, -0.00068237446, -0.0007732586, -0.0008147432, -0.00088048045, -0.0009282358, -0.0009764642, -0.0010058497, -0.0010780311, -0.0011577252, -0.0011958893, -0.0012667559, -0.001342665, -0.001449318, -0.00152336, -0.0017268988, -0.0020145352, -0.0021884951, -0.0025788182, -0.0029854912, -0.0033499268, -0.0035012434, -0.0037293946, -0.003872552, -0.0039268257, -0.00403821, -0.004197984, -0.0043070097, -0.0045850156, -0.004910813, -0.005208074, -0.0053155143, -0.0053963386, -0.0052748574, -0.005147731, -0.004813721, -0.0044610463, -0.0041689617, -0.0040542805, -0.0038668206, -0.003674959, -0.0035503453, -0.0032015897, -0.0026992958, -0.002399593, -0.0017710536, -0.0012346759, -0.00092728843, -0.00084844197, 0, 0, 0, 0, 0, 0, 0, 0, 0, 0, 0, 0, 0, 0, 0, 0, 0, 0, 0, 0, 0, 0, 0, 0, 0, 0, 0, 0, 0, 0, 0, 0, 0, 0, 0, 0, 0, 0, 0, 0, 0, 0, 0, 0, 0, 0
0.0010111094, 0.00093521376, 0.00078785024, 0.000689165, 0.0006476927, 0.00056668016, 0.000495235, 0.00046779387, 0.00043416859, 0.00041974746, 0.00040431117, 0.00039073385, 0.00034759528, 0.00028052356, 0.00023599301, 0.00012065731, -3.5310033e-05, -0.00022883457, -0.00033557025, -0.00055938814, -0.0007873948, -0.0009005347, -0.0011183486, -0.0013082455, -0.0013844119, -0.0014801658, -0.0014819608, -0.0013862011, -0.0013068758, -0.0011060378, -0.00088187633, -0.0007740868, -0.00058803166, -0.00045389438, -0.00037297967, -0.00034841674, -0.0003226125, -0.0003162282, -0.00031827105, -0.0003304357, -0.0003496491, -0.00036077196, -0.00038376777, -0.00040556182, -0.0004211197, -0.00042274423, -0.0004041998, -0.00035258525, -0.0003177213, -0.00025055982, -0.00021876069, -0.0002498591, -0.0002896346, -0.00040446655, -0.0005381875, -0.0006023933, -0.00070972426, -0.0007764717, -0.0007923658, -0.00079517387, -0.00078264216, -0.0007945917, -0.0008203868, -0.0009199396, -0.0010697063, -0.0011548054, -0.001333441, -0.0015229125, -0.0017361697, -0.0018566771, -0.002130122, -0.0024439592, -0.0026122746, -0.0029576377, -0.0032897585, -0.0035782815, -0.003699514, -0.0038970802, -0.004059004, -0.004141165, -0.004337242, -0.0045941644, -0.004742868, -0.0050530867, -0.005324012, -0.0054789246, -0.005492444, -0.0053722546, -0.0050751995, -0.0048823757, -0.0044717994, -0.00410725, -0.0038381543, -0.0037351376, -0.003549406, -0.0033156266, -0.0031572427, -0.002735582, -0.0021902146, -0.0018914054, -0.0013063116, -0.00083543314, -0.0005547559, -0.0004769161, 0, 0, 0, 0, 0, 0, 0, 0, 0, 0, 0, 0, 0, 0, 0, 0, 0, 0, 0, 0, 0, 0, 0, 0, 0, 0, 0, 0, 0, 0, 0, 0, 0, 0, 0, 0, 0, 0, 0, 0, 0, 0, 0, 0, 0, 0
0.0016668764, 0.0015874222, 0.0014672278, 0.0014039412, 0.001374732, 0.0013114787, 0.0012591868, 0.0012452601, 0.0012496415, 0.0012878488, 0.0013341416, 0.0013531516, 0.001374715, 0.0013622812, 0.0013382139, 0.0012444183, 0.0010865971, 0.0008783296, 0.0007636639, 0.0005265677, 0.00028745356, 0.00016782673, -6.951485e-05, -0.0002879175, -0.00038061355, -0.00051170593, -0.00055193226, -0.00049689936, -0.00043913, -0.000281123, -9.977161e-05, -1.2684518e-05, 0.00013275543, 0.00022380149, 0.00025833436, 0.0002582443, 0.00023506276, 0.00019185315, 0.0001633238, 9.073446e-05, -1.299792e-06, -5.0562125e-05, -0.00014748213, -0.0002318445, -0.0002984058, -0.00032341675, -0.00035414545, -0.00036134536, -0.00036173878, -0.00037567722, -0.00043680298, -0.0005609666, -0.00064158015, -0.00081095117, -0.00094696897, -0.000989332, -0.0010139792, -0.00096577115, -0.0009217763, -0.00081891206, -0.00073962717, -0.00073848444, -0.00078001415, -0.0009499498, -0.0012075491, -0.0013526485, -0.0016447513, -0.001917501, -0.0021694056, -0.0022902293, -0.002530095, -0.0027751485, -0.0029016854, -0.0031611966, -0.0034218591, -0.0036651355, -0.003774708, -0.00396598, -0.0041358937, -0.0042229514, -0.0044194995, -0.004643934, -0.0047570057, -0.0049481946, -0.0050449874, -0.0050049205, -0.0049289186, -0.004674968, -0.0043241703, -0.0041333614, -0.0037649518, -0.003454961, -0.0032101432, -0.00309939, -0.0028580246, -0.002535499, -0.0023328946, -0.0018546005, -0.0013259195, -0.0010669336, -0.0006104542, -0.00028442158, -8.365287e-05, 1.7682364e-06, 0.00027933373, 0, 0, 0, 0, 0, 0, 0, 0, 0, 0, 0, 0, 0, 0, 0, 0, 0, 0, 0, 0, 0, 0, 0, 0, 0, 0, 0, 0, 0, 0, 0, 0, 0, 0, 0, 0, 0, 0, 0, 0, 0, 0, 0, 0, 0
0.0021696906, 0.0020947694, 0.0020139394, 0.0019921705, 0.0019791515, 0.0019442394, 0.0019224234, 0.0019268419, 0.0019724271, 0.0020521055, 0.0021314612, 0.0021607764, 0.0021795214, 0.0021190946, 0.0020506957, 0.0018308989, 0.0015230139, 0.001178306, 0.001009519, 0.0006995042, 0.0004312905, 0.00031097836, 9.48413e-05, -8.007437e-05, -0.00014624406, -0.00022448355, -0.00022928366, -0.00017213146, -0.00012805827, -2.5616591e-05, 7.342144e-05, 0.000114421695, 0.0001679055, 0.00017522679, 0.0001403064, 0.000111817324, 4.4923756e-05, -3.1673608e-05, -7.731672e-05, -0.00019482811, -0.00035775572, -0.00045315857, -0.00065395376, -0.00084308954, -0.0009995496, -0.0010615038, -0.0011491446, -0.0011902867, -0.001198115, -0.0012108859, -0.0012494735, -0.0013330975, -0.0013868024, -0.0014880808, -0.0015345089, -0.0015252813, -0.0014379324, -0.0012822468, -0.0011934979, -0.0010299523, -0.00093694776, -0.0009658509, -0.0010351863, -0.0012740799, -0.001599262, -0.0017708744, -0.0020862445, -0.0023350138, -0.00251554, -0.0025876383, -0.0027171203, -0.0028532876, -0.0029320784, -0.0031185527, -0.0033384203, -0.0035638225, -0.0036668433, -0.003835569, -0.0039517717, -0.0039958674, -0.004069534, -0.0041252733, -0.0041398983, -0.0041232314, -0.0040238667, -0.00384056, -0.003723017, -0.0034555923, -0.0031716304, -0.003032572, -0.0027700095, -0.002527095, -0.0022801808, -0.0021420044, -0.0018106012, -0.0013908234, -0.0011534437, -0.0006591297, -0.00020088778, -6.5466465e-06, 0.00028705937, 0.0004613717, 0.0005952047, 0.0007020134, 0.0011807703, 0, 0, 0, 0, 0, 0, 0, 0, 0, 0, 0, 0, 0, 0, 0, 0, 0, 0, 0, 0, 0, 0, 0, 0, 0, 0, 0, 0, 0, 0, 0, 0, 0, 0, 0, 0, 0, 0, 0, 0, 0, 0, 0, 0, 0
0.0021494122, 0.00209728, 0.0020877975, 0.0021480613, 0.0021790767, 0.0022359255, 0.0023098662, 0.0023606499, 0.002486312, 0.0026069658, 0.0026716471, 0.0026706392, 0.0025768958, 0.002325472, 0.0021330204, 0.0016335333, 0.0010577341, 0.0005151011, 0.00028172863, -9.072254e-05, -0.0003473743, -0.00043867197, -0.0005560611, -0.0005900222, -0.00057730504, -0.0004992919, -0.00037876674, -0.00025688327, -0.00020836624, -0.0001542207, -0.00016521999, -0.00019435564, -0.00029281576, -0.00043400694, -0.0005995699, -0.0006843902, -0.0008485597, -0.0010056648, -0.0010882348, -0.0012832861, -0.001535319, -0.0016802608, -0.0019831192, -0.0022587741, -0.002463754, -0.0025316714, -0.002591879, -0.0025592684, -0.002515646, -0.002401606, -0.0022959812, -0.002234826, -0.002221057, -0.002202723, -0.0021518813, -0.0021022575, -0.0019507763, -0.0017572333, -0.0016604539, -0.0015031131, -0.0014385374, -0.0015003962, -0.001580635, -0.0018186398, -0.002101991, -0.0022354485, -0.002443316, -0.002552262, -0.002582749, -0.0025837873, -0.0025893701, -0.0026354895, -0.0026822858, -0.0028270837, -0.0030231092, -0.0032243673, -0.0033086955, -0.0034149403, -0.0034233648, -0.0033943122, -0.0032880409, -0.0031384896, -0.0030510682, -0.002852088, -0.0026268247, -0.0023931505, -0.0022802106, -0.0020722966, -0.001887314, -0.0017992149, -0.0016159449, -0.0013978105, -0.0011156081, -0.0009431348, -0.0005331604, -5.9487236e-05, 0.0001832636, 0.0006319831, 0.0009745256, 0.0010927179, 0.0012287447, 0.0012824655, 0.0013775761, 0.0015064297, 0.0021837875, 0.004152537, 0.0049471706, 0, 0, 0, 0, 0, 0, 0, 0, 0, 0, 0, 0, 0, 0, 0, 0, 0, 0, 0, 0, 0, 0, 0, 0, 0, 0, 0, 0, 0, 0, 0, 0, 0, 0, 0, 0, 0, 0, 0, 0, 0, 0, 0
0.0013318879, 0.0013230448, 0.0014180178, 0.001633201, 0.001767461, 0.0020634045, 0.00237043, 0.0025158343, 0.0027454486, 0.0028277924, 0.0027413706, 0.0026443284, 0.002334193, 0.0018286757, 0.0014972289, 0.000730446, -4.0643812e-05, -0.00066672015, -0.00090473087, -0.0012353199, -0.0014068336, -0.0014413852, -0.0014175697, -0.0012807922, -0.0011793046, -0.0009389012, -0.0007029934, -0.0005407304, -0.00050562114, -0.00054537645, -0.0007260866, -0.00086033694, -0.0011855602, -0.0015515129, -0.0019210327, -0.002096924, -0.002418972, -0.0027000648, -0.0028321266, -0.0031016746, -0.003402292, -0.0035635943, -0.0038813874, -0.0041386806, -0.0042781397, -0.00429411, -0.0042162603, -0.00401282, -0.003876888, -0.0035764286, -0.0032955082, -0.0030864133, -0.0030129764, -0.002905107, -0.0028039555, -0.002740927, -0.0025811994, -0.0023965945, -0.0023089806, -0.0021727805, -0.002117741, -0.002158343, -0.0022102043, -0.0023516365, -0.0024908967, -0.002538702, -0.0025646149, -0.0024995902, -0.0023873698, -0.00233409, -0.0022665642, -0.0022755875, -0.0023105512, -0.0024295675, -0.0025820537, -0.0027149832, -0.0027559893, -0.0027594778, -0.0026461037, -0.0025507351, -0.0023062758, -0.0020254261, -0.0018808944, -0.0015960456, -0.001329311, -0.001095592, -0.0009945314, -0.0008191285, -0.00066152215, -0.0005790412, -0.00038625905, -0.00013357618, 0.00019451573, 0.00038735222, 0.0008167226, 0.0012629976, 0.0014708394, 0.0018102867, 0.0020088525, 0.002053264, 0.0020586597, 0.0020202403, 0.002038081, 0.0021044486, 0.00244733, 0.00312182, 0.0033668848, 0, 0, 0, 0, 0, 0, 0, 0, 0, 0, 0, 0, 0, 0, 0, 0, 0, 0, 0, 0, 0, 0, 0, 0, 0, 0, 0, 0, 0, 0, 0, 0, 0, 0, 0, 0, 0, 0, 0, 0, 0, 0, 0
-0.00034376094, -0.00031604854, -0.00015657682, 0.00030763878, 0.0006683635, 0.0015358919, 0.0023582773, 0.0026599788, 0.0029051953, 0.0026493696, 0.0021331278, 0.0018746939, 0.0013550521, 0.00072549423, 0.0003491479, -0.0004587334, -0.0011695436, -0.0016491282, -0.0018045042, -0.001996676, -0.002069203, -0.0020604394, -0.0019455622, -0.0017167428, -0.0015769415, -0.0012950497, -0.0010790206, -0.0010073874, -0.001044448, -0.0012764877, -0.001700935, -0.0019677589, -0.0025636475, -0.003183287, -0.003769555, -0.0040365476, -0.004498426, -0.004857228, -0.0050030276, -0.005254007, -0.0054854373, -0.005598693, -0.0058033364, -0.005928986, -0.0059168153, -0.005849346, -0.0055983905, -0.0052237418, -0.0050086183, -0.004566541, -0.004172646, -0.003881101, -0.0037770588, -0.0036300882, -0.0035118824, -0.0034459452, -0.0032845128, -0.0030967467, -0.003003809, -0.002844589, -0.0027390956, -0.0026904366, -0.0026822693, -0.002678072, -0.0026551292, -0.0026241792, -0.0025113793, -0.002346704, -0.0021809083, -0.002115569, -0.0020424002, -0.0020462703, -0.0020692928, -0.002131115, -0.0021775332, -0.0021709928, -0.0021388426, -0.0020074474, -0.0017899129, -0.001656014, -0.0013595623, -0.0010534495, -0.0009035036, -0.0006156391, -0.0003440213, -8.9662244e-05, 3.1359985e-05, 0.00026682462, 0.00050604757, 0.000633009, 0.0009088551, 0.0012186704, 0.001560343, 0.0017400288, 0.0021035562, 0.0024378016, 0.0025774322, 0.002771586, 0.0028360372, 0.002824584, 0.0027460142, 0.0026433405, 0.0025623203, 0.0025395877, 0.0025532932, 0.0027188207, 0.0028884653, 0, 0, 0, 0, 0, 0, 0, 0, 0, 0, 0, 0, 0, 0, 0, 0, 0, 0, 0, 0, 0, 0, 0, 0, 0, 0, 0, 0, 0, 0, 0, 0, 0, 0, 0, 0, 0, 0, 0, 0, 0, 0, 0
-0.002483256, -0.002525649, -0.0025994282, -0.0018836516, -0.0011010934, 0.0009783935, 0.0028211207, 0.0033329846, 0.0032933105, 0.0021542094, 0.0008739996, 0.0004571131, -9.986994e-05, -0.0006005581, -0.0009053959, -0.001526168, -0.001941901, -0.0020947529, -0.002124624, -0.0021853172, -0.0022278624, -0.0022148981, -0.0020935873, -0.0018880143, -0.00178279, -0.0016268749, -0.0016068788, -0.0017771963, -0.0019439101, -0.0024407704, -0.0031234662, -0.003512756, -0.0043321205, -0.0051341313, -0.005848227, -0.006154668, -0.006642456, -0.0069518993, -0.007045666, -0.007150538, -0.0072012166, -0.007220663, -0.0072436463, -0.0072051245, -0.0070475084, -0.0069141113, -0.006544983, -0.006077219, -0.0058264015, -0.0053337277, -0.0049089855, -0.00459579, -0.004482909, -0.00431802, -0.0041804486, -0.0041030627, -0.003912833, -0.0036844942, -0.0035661361, -0.0033430061, -0.0031542575, -0.0030037554, -0.00294003, -0.00282766, -0.0027197944, -0.0026612056, -0.0025282865, -0.0023837069, -0.0022559846, -0.0022078068, -0.0021476734, -0.0021161821, -0.002098011, -0.002028391, -0.0018928048, -0.0016883347, -0.0015648832, -0.0012899243, -0.0009957282, -0.00084800756, -0.000562092, -0.00029160723, -0.00015967156, 0.000112460606, 0.00041246924, 0.0007487559, 0.0009287313, 0.0013027482, 0.0016811854, 0.0018674072, 0.002222751, 0.0025470515, 0.0028339648, 0.002963368, 0.0031933463, 0.0033749875, 0.003441152, 0.0035120873, 0.003498509, 0.0034643356, 0.0033581003, 0.0032181297, 0.0030499971, 0.0029554383, 0.002772344, 0.002714553, 0.002805216, 0.0033152513, 0, 0, 0, 0, 0, 0, 0, 0, 0, 0, 0, 0, 0, 0, 0, 0, 0, 0, 0, 0, 0, 0, 0, 0, 0, 0, 0, 0, 0, 0, 0, 0, 0, 0, 0, 0, 0, 0, 0, 0, 0, 0
-0.004072062, -0.004391635, -0.00518071, -0.0044923234, -0.0031914725, 0.0007200565, 0.004002423, 0.004673772, 0.0039862664, 0.0015498126, -0.0008951452, -0.0013429825, -0.0016368062, -0.0018381348, -0.0021052219, -0.0025453144, -0.0025313313, -0.0022671327, -0.0021903042, -0.0022040643, -0.0022569313, -0.0022357444, -0.0021056153, -0.0019770323, -0.001953833, -0.0020387124, -0.002326797, -0.0028145022, -0.0031261917, -0.0038679542, -0.0047313105, -0.0051877517, -0.0061019, -0.006946749, -0.007647217, -0.007923785, -0.00830551, -0.008454614, -0.00845446, -0.008355523, -0.00820592, -0.008133775, -0.007999507, -0.007840394, -0.007595248, -0.007428358, -0.007011723, -0.006525395, -0.006274691, -0.005798252, -0.005397579, -0.0050998116, -0.0049880357, -0.004811992, -0.004647741, -0.0045531206, -0.0043227603, -0.0040510814, -0.0039109043, -0.003645759, -0.0034194442, -0.0032366011, -0.0031602578, -0.0030364867, -0.0029455198, -0.002907929, -0.0028378912, -0.002764393, -0.00268567, -0.0026447673, -0.0025512176, -0.002418137, -0.0023253914, -0.0020715175, -0.0017298403, -0.0013329863, -0.0011295739, -0.0007403025, -0.00039750352, -0.00024631017, 2.1269463e-05, 0.00026801167, 0.00039689973, 0.0006976787, 0.0010808412, 0.0015467553, 0.001799969, 0.0023139217, 0.0027918755, 0.0030040257, 0.003359934, 0.0036197014, 0.0037945875, 0.0038570275, 0.0039494424, 0.004013303, 0.0040365527, 0.0040603867, 0.0040434273, 0.004015543, 0.0039136014, 0.0037405256, 0.0034915633, 0.003343135, 0.003041001, 0.002847556, 0.0028556625, 0.0032146976, 0, 0, 0, 0, 0, 0, 0, 0, 0, 0, 0, 0, 0, 0, 0, 0, 0, 0, 0, 0, 0, 0, 0, 0, 0, 0, 0, 0, 0, 0, 0, 0, 0, 0, 0, 0, 0, 0, 0, 0, 0, 0
0, 0, 0, 0, 0, 0, 0, 0, 0, 0, -0.0033535918, -0.0033070776, -0.002918074, -0.0029194201, -0.0036861594, -0.0040750816, -0.0033523357, -0.0026160262, -0.0025026496, -0.0025339848, -0.0024665294, -0.0023440106, -0.0020907496, -0.0020310092, -0.0021026263, -0.002459946, -0.0030688841, -0.0038463534, -0.004271339, -0.0051598, -0.0060741534, -0.0065303026, -0.0074059074, -0.008170198, -0.008750422, -0.008952832, -0.009162553, -0.009125712, -0.009033492, -0.008764855, -0.008471116, -0.0083383415, -0.0081052035, -0.007875808, -0.007585024, -0.0074044834, -0.006979519, -0.00651231, -0.006282019, -0.0058613294, -0.005521588, -0.005271809, -0.0051745614, -0.005009417, -0.004840385, -0.004741059, -0.004507037, -0.004248134, -0.0041231783, -0.0039064125, -0.003747916, -0.003639315, -0.0035990311, -0.0035385338, -0.0034978846, -0.0034813995, -0.0034430549, -0.0033819345, -0.0032822818, -0.0032149802, -0.0030346024, -0.0027749918, -0.0026089635, -0.0022018335, -0.0017163281, -0.0012039574, -0.00095616403, -0.0005052347, -0.00012949646, 3.2167693e-05, 0.00032218618, 0.00061133754, 0.00077343977, 0.0011657648, 0.0016647754, 0.0022446497, 0.0025443882, 0.0031118854, 0.0035807504, 0.003765637, 0.0040331036, 0.004182936, 0.0042510414, 0.0042681806, 0.004294462, 0.004333837, 0.004360171, 0.004411533, 0.0044264104, 0.004406308, 0.0042890604, 0.0040578963, 0.0037281117, 0.00354058, 0.0031697028, 0.002896625, 0.002840333, 0.0029858402, 0.0034750896, 0, 0, 0, 0, 0, 0, 0, 0, 0, 0, 0, 0, 0, 0, 0, 0, 0, 0, 0, 0, 0, 0, 0, 0, 0, 0, 0, 0, 0, 0, 0, 0, 0, 0, 0, 0, 0, 0, 0, 0, 0
0, 0, 0, 0, 0, 0, 0, 0, 0, 0, 0, 0, 0, 0, -0.007516341, -0.006434932, -0.0044220323, -0.0034832635, -0.0034880303, -0.0034172027, -0.002868791, -0.0024960272, -0.002027751, -0.0020411105, -0.0022057144, -0.0028062928, -0.003673295, -0.004638938, -0.005113385, -0.0060143196, -0.0068566804, -0.0072572445, -0.00800219, -0.008619986, -0.009036835, -0.009152773, -0.009189258, -0.00899486, -0.008835258, -0.008456954, -0.008084352, -0.007919261, -0.0076344726, -0.0073682545, -0.0070589357, -0.006877445, -0.0064722234, -0.0060562845, -0.0058638407, -0.0055357413, -0.005296155, -0.005133125, -0.0050713955, -0.0049639046, -0.0048469664, -0.0047776904, -0.004622286, -0.004474071, -0.0044164993, -0.0043511917, -0.004348513, -0.004372771, -0.0043816157, -0.0043749744, -0.0043272977, -0.004288097, -0.004180871, -0.004034289, -0.0038472551, -0.0037368077, -0.003474903, -0.0031416218, -0.0029433356, -0.0024828261, -0.001960824, -0.0014248642, -0.0011673621, -0.00069256686, -0.00027586857, -8.4020256e-05, 0.00028774297, 0.00068285293, 0.0009033423, 0.001407466, 0.0019889597, 0.0025983683, 0.002889458, 0.0033960766, 0.00376245, 0.0038895854, 0.0040503214, 0.0041250396, 0.0041651293, 0.0041858754, 0.004249847, 0.0043474403, 0.004401985, 0.0044913893, 0.0045023724, 0.0044625727, 0.0042790994, 0.003971567, 0.0035863235, 0.0033850712, 0.0030080094, 0.0027195928, 0.002630799, 0.0026146306, 0.0028583426, 0, 0, 0, 0, 0, 0, 0, 0, 0, 0, 0, 0, 0, 0, 0, 0, 0, 0, 0, 0, 0, 0, 0, 0, 0, 0, 0, 0, 0, 0, 0, 0, 0, 0, 0, 0, 0, 0, 0, 0, 0
0, 0, 0, 0, 0, 0, 0, 0, 0, 0, 0, 0, 0, 0, 0, 0, 0, -0.0057336213, -0.005548743, -0.0047109667, -0.0033405938, -0.002648208, -0.002119625, -0.0022078766, -0.0024727944, -0.0032705227, -0.0042827185, -0.0052659432, -0.0056955386, -0.006440197, -0.0070860223, -0.0073836795, -0.007927418, -0.008355981, -0.008593419, -0.008623562, -0.008503321, -0.008184957, -0.00797854, -0.007538416, -0.0071335104, -0.0069593005, -0.0066651483, -0.006401267, -0.006112964, -0.005951022, -0.0056089833, -0.00528959, -0.0051574083, -0.004969034, -0.004875678, -0.004851158, -0.004853446, -0.0048684604, -0.004881137, -0.0048849974, -0.0048974417, -0.0049404358, -0.004982726, -0.0051099136, -0.0052675377, -0.005393685, -0.005425598, -0.00540583, -0.005278354, -0.005182468, -0.004949689, -0.0046891165, -0.0044203354, -0.0042840727, -0.0039987257, -0.0036743807, -0.0034887313, -0.0030622433, -0.002575778, -0.0020627726, -0.0018072026, -0.0013109825, -0.0008325302, -0.0005958025, -0.00011434338, 0.00039519617, 0.00066485436, 0.0012322443, 0.001813634, 0.0023579895, 0.0025983788, 0.0029874, 0.0032463144, 0.0033340238, 0.0034553786, 0.0035488296, 0.0036559997, 0.0037216437, 0.003877432, 0.004040497, 0.0041082636, 0.0041766167, 0.004114154, 0.004028046, 0.0037592796, 0.0034063414, 0.0030339016, 0.002857491, 0.0025475565, 0.0023096993, 0.002221861, 0.0021276106, 0.0021736622, 0.0022773056, 0, 0, 0, 0, 0, 0, 0, 0, 0, 0, 0, 0, 0, 0, 0, 0, 0, 0, 0, 0, 0, 0, 0, 0, 0, 0, 0, 0, 0, 0, 0, 0, 0, 0, 0, 0, 0, 0, 0, 0
0, 0, 0, 0, 0, 0, 0, 0, 0, 0, 0, 0, 0, 0, 0, 0, 0, 0, 0, 0, 0, 0, -0.0028076086, -0.0027835402, -0.0034388679, -0.0043846085, -0.005402365, -0.006103378, -0.006321831, -0.0066660014, -0.006943271, -0.007068615, -0.007317476, -0.007514975, -0.007566432, -0.007515188, -0.0072590974, -0.0068475544, -0.006613276, -0.006151081, -0.0057587326, -0.0055994326, -0.0053442735, -0.005133431, -0.004917828, -0.0048034736, -0.0045820535, -0.0044208216, -0.004380004, -0.004391798, -0.004507537, -0.0046819365, -0.0047782557, -0.0049740374, -0.0051688454, -0.0052676597, -0.005476909, -0.0057121473, -0.0058418196, -0.00611377, -0.0063614333, -0.0065162806, -0.006540987, -0.006472287, -0.0062662493, -0.0061280783, -0.0058189975, -0.005506998, -0.0052193105, -0.005085347, -0.004825193, -0.004543411, -0.004381908, -0.0040007317, -0.0035454899, -0.0030399833, -0.0027772184, -0.0022428161, -0.0016991326, -0.0014231662, -0.0008631016, -0.00029629446, -1.33130825e-05, 0.0005409122, 0.0010575008, 0.0015060615, 0.0016962504, 0.002003805, 0.0022291471, 0.002321939, 0.0024949468, 0.0026786698, 0.0028865887, 0.0029963139, 0.0032083192, 0.003367661, 0.0034090823, 0.003388339, 0.0032229067, 0.0030948839, 0.0027874168, 0.0024696735, 0.0021930998, 0.002077009, 0.0018873013, 0.0017380979, 0.0016729016, 0.0015621373, 0.0014965187, 0.0014671087, 0.0014024654, 0, 0, 0, 0, 0, 0, 0, 0, 0, 0, 0, 0, 0, 0, 0, 0, 0, 0, 0, 0, 0, 0, 0, 0, 0, 0, 0, 0, 0, 0, 0, 0, 0, 0, 0, 0, 0, 0, 0
0, 0, 0, 0, 0, 0, 0, 0, 0, 0, 0, 0, 0, 0, 0, 0, 0, 0, 0, 0, 0, 0, 0, 0, -0.006600169, -0.0065346253, -0.0078306105, -0.0076227775, -0.0073682666, -0.0070219287, -0.006635236, -0.006473581, -0.0063059395, -0.0062415753, -0.006119596, -0.0060034534, -0.0056483787, -0.00518295, -0.004941542, -0.004503065, -0.0041741338, -0.0040551457, -0.0038913356, -0.0037877627, -0.0037061807, -0.003672443, -0.0036434846, -0.0037154912, -0.0038032646, -0.0040826206, -0.0044606756, -0.0048711714, -0.00507203, -0.005450093, -0.0058035348, -0.0059755733, -0.0063183205, -0.0066647027, -0.0068376106, -0.0071655824, -0.0074310363, -0.0075771497, -0.007592825, -0.0075090723, -0.0073032584, -0.0071722125, -0.0068902285, -0.006613958, -0.0063599097, -0.0062392303, -0.00599559, -0.00571672, -0.0055515263, -0.0051548234, -0.004673301, -0.0041341092, -0.0038531432, -0.0032814364, -0.002706186, -0.0024189795, -0.0018518438, -0.0013031922, -0.0010394655, -0.0005401566, -8.9393165e-05, 0.00030208586, 0.00047392392, 0.00077340583, 0.0010351012, 0.0011606187, 0.0014152874, 0.0016772137, 0.0019318516, 0.00204675, 0.002226319, 0.0023048238, 0.0022952969, 0.0021747726, 0.0019475964, 0.0018137976, 0.0015535203, 0.0013498015, 0.00122004, 0.0011780757, 0.0011159605, 0.0010528825, 0.001013073, 0.0009146823, 0.00080959796, 0.0007103982, 0.00063832925, 0, 0, 0, 0, 0, 0, 0, 0, 0, 0, 0, 0, 0, 0, 0, 0, 0, 0, 0, 0, 0, 0, 0, 0, 0, 0, 0, 0, 0, 0, 0, 0, 0, 0, 0, 0, 0, 0, 0
0, 0, 0, 0, 0, 0, 0, 0, 0, 0, 0, 0, 0, 0, 0, 0, 0, 0, 0, 0, 0, 0, 0, 0, 0, 0, -0.0125199305, -0.009826572, -0.00917495, -0.008034906, -0.006370384, -0.0057682875, -0.0050691264, -0.0047261696, -0.0044644633, -0.004306104, -0.0038988974, -0.0034274657, -0.0032037757, -0.002845325, -0.0026381905, -0.0025897068, -0.002578097, -0.0026447498, -0.002765444, -0.002847273, -0.003078038, -0.0034357423, -0.003670303, -0.004234934, -0.00486624, -0.0054773567, -0.005756074, -0.0062508653, -0.006679174, -0.006877483, -0.007256192, -0.0076214313, -0.007797964, -0.008126323, -0.008386797, -0.008536381, -0.008562088, -0.008521381, -0.008389254, -0.008302554, -0.0081109265, -0.007906778, -0.007685844, -0.007564022, -0.0072845123, -0.0069347746, -0.006727072, -0.0062439963, -0.005689878, -0.005104826, -0.0048125507, -0.0042423196, -0.0036970647, -0.0034331048, -0.0029228618, -0.00243559, -0.0022007385, -0.0017490555, -0.0013268993, -0.00094374496, -0.0007692029, -0.00045025398, -0.00015730198, -1.4621469e-05, 0.00026487207, 0.00052422716, 0.0007359892, 0.00081492215, 0.0009034128, 0.0008869036, 0.0008388334, 0.0006767411, 0.00047144233, 0.00037353346, 0.00022539694, 0.00016346849, 0.00017200602, 0.00018884258, 0.0002168135, 0.00020925245, 0.00018766845, 0.00011541824, 2.9183404e-05, -4.818627e-05, -9.0247755e-05, 0, 0, 0, 0, 0, 0, 0, 0, 0, 0, 0, 0, 0, 0, 0, 0, 0, 0, 0, 0, 0, 0, 0, 0, 0, 0, 0, 0, 0, 0, 0, 0, 0, 0, 0, 0, 0, 0, 0
0, 0, 0, 0, 0, 0, 0, 0, 0, 0, 0, 0, 0, 0, 0, 0, 0, 0, 0, 0, 0, 0, 0, 0, 0, 0, 0, 0, -0.013015704, -0.010227264, -0.0062619136, -0.005239233, -0.003907686, -0.0032464627, -0.0028639177, -0.002680553, -0.0022597057, -0.0018291926, -0.0016540447, -0.0014425368, -0.0014255703, -0.0014797484, -0.0016814463, -0.0019742795, -0.0023382523, -0.0025491314, -0.003043183, -0.003658576, -0.004013356, -0.004788806, -0.0055803754, -0.0062986645, -0.0066123, -0.007148458, -0.0075890757, -0.0077866176, -0.008155802, -0.008507335, -0.008677605, -0.008996864, -0.009257246, -0.009422162, -0.009463435, -0.009473138, -0.009411563, -0.009363705, -0.009240211, -0.009072781, -0.0088402955, -0.008693093, -0.008329122, -0.00786879, -0.007604828, -0.007026791, -0.006421272, -0.0058380985, -0.0055653877, -0.005062973, -0.004606044, -0.004387395, -0.0039604343, -0.0035365373, -0.0033237534, -0.0028985823, -0.0024874958, -0.0021137933, -0.001947143, -0.0016556146, -0.0014068942, -0.001292734, -0.001082751, -0.00090752693, -0.0007878504, -0.00075377093, -0.0007386712, -0.00079087634, -0.0008378814, -0.00095764844, -0.0010761417, -0.0011199688, -0.001153098, -0.0011110498, -0.0010254002, -0.0009815842, -0.00091825856, -0.0009000628, -0.0009064878, -0.00093774905, -0.0009788813, -0.0010702643, -0.0012049816, -0.002021619, 0, 0, 0, 0, 0, 0, 0, 0, 0, 0, 0, 0, 0, 0, 0, 0, 0, 0, 0, 0, 0, 0, 0, 0, 0, 0, 0, 0, 0, 0, 0, 0, 0, 0, 0, 0, 0, 0
0, 0, 0, 0, 0, 0, 0, 0, 0, 0, 0, 0, 0, 0, 0, 0, 0, 0, 0, 0, 0, 0, 0, 0, 0, 0, 0, 0, 0, 0, -0.0061273077, -0.0053783935, -0.003111073, -0.0021305021, -0.0016016448, -0.0013965884, -0.00097093463, -0.0006210773, -0.0005235697, -0.00051976764, -0.0007420066, -0.0009180216, -0.001356888, -0.001875838, -0.0024535945, -0.002764218, -0.0034396409, -0.0042023193, -0.0046145828, -0.005474755, -0.0063147056, -0.007056977, -0.00737938, -0.007931146, -0.00838891, -0.00859441, -0.008974774, -0.009327352, -0.009494318, -0.009799303, -0.010037844, -0.010178671, -0.0102099655, -0.010207352, -0.010144065, -0.01009623, -0.009966491, -0.009771199, -0.009483321, -0.0093000475, -0.008854767, -0.008320156, -0.00802929, -0.007432741, -0.0068656937, -0.0063749915, -0.006162424, -0.0057890355, -0.0054504857, -0.0052820235, -0.0049308273, -0.004554913, -0.004358628, -0.003961295, -0.0035847025, -0.0032680999, -0.003141325, -0.002952791, -0.0028291382, -0.002780647, -0.0026969605, -0.0026276603, -0.0025798993, -0.0025663085, -0.0025565675, -0.0025668333, -0.0025781416, -0.0026083603, -0.0026345954, -0.0026377877, -0.0026128236, -0.0025445016, -0.0024564313, -0.002415445, -0.0023520088, -0.0023092981, -0.0022900158, -0.0022436925, -0.002191294, -0.0022250107, -0.0023749438, -0.0034684262, -0.005614606, 0, 0, 0, 0, 0, 0, 0, 0, 0, 0, 0, 0, 0, 0, 0, 0, 0, 0, 0, 0, 0, 0, 0, 0, 0, 0, 0, 0, 0, 0, 0, 0, 0, 0, 0, 0, 0
0, 0, 0, 0, 0, 0, 0, 0, 0, 0, 0, 0, 0, 0, 0, 0, 0, 0, 0, 0, 0, 0, 0, 0, 0, 0, 0, 0, 0, 0, 0, 0, -0.0024159136, -0.0016319401, -0.00090092863, -0.00066038535, -0.00017725272, 7.0258466e-05, 7.05849e-05, -0.00015280055, -0.00060866395, -0.0008948451, -0.0015296182, -0.002207487, -0.0029051737, -0.0032618092, -0.004003216, -0.004798079, -0.0052167354, -0.0060733887, -0.0068990705, -0.0076332893, -0.007957576, -0.008531691, -0.009027707, -0.009253068, -0.009661569, -0.010013262, -0.010166236, -0.010415365, -0.0105685005, -0.010607688, -0.010587927, -0.010491692, -0.010351238, -0.010270419, -0.01008075, -0.009828984, -0.0094911, -0.009288899, -0.008826544, -0.008313259, -0.008050198, -0.0075458647, -0.007116434, -0.0067900843, -0.0066605583, -0.0064368686, -0.0062095206, -0.006080733, -0.0057853656, -0.0054503186, -0.0052754637, -0.004933492, -0.0046392744, -0.004435912, -0.0043766377, -0.0043361727, -0.0043623587, -0.0043825954, -0.0044098822, -0.004406417, -0.0043759225, -0.0043532033, -0.0042972444, -0.0042352644, -0.0042072153, -0.004166433, -0.004149978, -0.004146727, -0.00413516, -0.004104796, -0.0040551606, -0.0040252698, -0.0039545638, -0.0038558152, -0.0037897932, -0.0036163093, -0.0033977064, -0.003199174, -0.0031594427, -0.0033728408, -0.0038342837, 0, 0, 0, 0, 0, 0, 0, 0, 0, 0, 0, 0, 0, 0, 0, 0, 0, 0, 0, 0, 0, 0, 0, 0, 0, 0, 0, 0, 0, 0, 0, 0, 0, 0, 0, 0, 0
0, 0, 0, 0, 0, 0, 0, 0, 0, 0, 0, 0, 0, 0, 0, 0, 0, 0, 0, 0, 0, 0, 0, 0, 0, 0, 0, 0, 0, 0, 0, 0, 0, 0, -0.00078208715, -0.00048236953, 0.00018079866, 0.00029349173, 0.00019109846, -0.00023525085, -0.0008662842, -0.0012250582, -0.0019711477, -0.0027131091, -0.0034367132, -0.0037961255, -0.0045306813, -0.005312838, -0.005722978, -0.006556725, -0.0073512536, -0.008054498, -0.00836791, -0.008931586, -0.009428774, -0.009653354, -0.01004528, -0.010345425, -0.010456405, -0.0105902115, -0.010597308, -0.010482118, -0.01038951, -0.01016779, -0.009936723, -0.009822729, -0.0095872395, -0.009313717, -0.008983109, -0.008798163, -0.0084027825, -0.007997625, -0.0078024846, -0.007453738, -0.0071923905, -0.007027308, -0.0069696894, -0.006861355, -0.0067117484, -0.006611111, -0.0063658673, -0.0060917498, -0.0059570665, -0.00571908, -0.0055566397, -0.0055015003, -0.005517191, -0.0056169685, -0.0057560424, -0.0058189393, -0.0059007467, -0.0059129572, -0.0058679506, -0.0058306307, -0.0057392013, -0.005644953, -0.005605426, -0.005559426, -0.0055619855, -0.0055766245, -0.005609925, -0.005618872, -0.0055845026, -0.0055475193, -0.0054285065, -0.005236495, -0.0051095304, -0.004792986, -0.0044073947, -0.0039947717, -0.003809798, -0.0036231903, -0.0040424527, -0.004610256, 0, 0, 0, 0, 0, 0, 0, 0, 0, 0, 0, 0, 0, 0, 0, 0, 0, 0, 0, 0, 0, 0, 0, 0, 0, 0, 0, 0, 0, 0, 0, 0, 0, 0, 0, 0
0, 0, 0, 0, 0, 0, 0, 0, 0, 0, 0, 0, 0, 0, 0, 0, 0, 0, 0, 0, 0, 0, 0, 0, 0, 0, 0, 0, 0, 0, 0, 0, 0, 0, 0, 0, 0, -0.00039439392, -0.000565777, -0.001342902, -0.0020706367, -0.002398867, -0.0029985516, -0.0035914828, -0.0042170985, -0.0045488495, -0.005259622, -0.006026911, -0.0064147003, -0.0071378723, -0.0077203596, -0.0081416, -0.008305708, -0.00858008, -0.008811244, -0.008908802, -0.009049393, -0.00909064, -0.009068317, -0.008932707, -0.008682258, -0.008353911, -0.008182361, -0.007871854, -0.0076408195, -0.007554403, -0.007410291, -0.0072637876, -0.0070915674, -0.006997331, -0.006802504, -0.0066119707, -0.0065233703, -0.0063759983, -0.0062908023, -0.006272792, -0.0062807337, -0.006301671, -0.006303589, -0.00629683, -0.0062852115, -0.006306475, -0.0063373954, -0.0064436803, -0.0066075823, -0.006819213, -0.006936672, -0.007173109, -0.007373812, -0.007449872, -0.0075490153, -0.0075970516, -0.00762643, -0.007642703, -0.0076842457, -0.007739265, -0.0077708974, -0.007835728, -0.0078836065, -0.007890953, -0.007855147, -0.007737723, -0.0075426414, -0.0074199536, -0.0071288957, -0.0067783496, -0.006581893, -0.0061556483, -0.005701362, -0.005244437, -0.005030695, -0.0047206027, -0.0048112636, -0.00511088, -0.0058379383, 0, 0, 0, 0, 0, 0, 0, 0, 0, 0, 0, 0, 0, 0, 0, 0, 0, 0, 0, 0, 0, 0, 0, 0, 0, 0, 0, 0, 0, 0, 0, 0, 0, 0, 0
0, 0, 0, 0, 0, 0, 0, 0, 0, 0, 0, 0, 0, 0, 0, 0, 0, 0, 0, 0, 0, 0, 0, 0, 0, 0, 0, 0, 0, 0, 0, 0, 0, 0, 0, 0, 0, 0, 0, -0.0025764713, -0.0032853025, -0.0033900049, -0.0035306793, -0.0038473837, -0.0043451167, -0.004647148, -0.0053259605, -0.0060424632, -0.006380305, -0.006939693, -0.007294118, -0.00746772, -0.0075132768, -0.007575493, -0.007625037, -0.0076410123, -0.0076311794, -0.007543279, -0.0074656927, -0.0072423816, -0.0069393027, -0.0066010365, -0.0064410744, -0.006183482, -0.0060306243, -0.0059863157, -0.005923532, -0.0058472236, -0.005733479, -0.0056649423, -0.005518143, -0.0053752232, -0.0053122435, -0.0052216747, -0.0052024703, -0.0052638645, -0.005319097, -0.0054574264, -0.0056125107, -0.0056953216, -0.00587977, -0.006101572, -0.0062268986, -0.006498167, -0.006782071, -0.0070622438, -0.007196699, -0.00744355, -0.0076468596, -0.0077307485, -0.0078742355, -0.008008829, -0.008156726, -0.008236696, -0.008398488, -0.008541109, -0.008596681, -0.008659787, -0.0086409105, -0.008595607, -0.008434244, -0.008193153, -0.007901203, -0.007744924, -0.0074159354, -0.0070627364, -0.006873898, -0.0064689605, -0.006027612, -0.0055433596, -0.0052854572, -0.004760953, -0.004324016, -0.004202419, -0.00426986, 0, 0, 0, 0, 0, 0, 0, 0, 0, 0, 0, 0, 0, 0, 0, 0, 0, 0, 0, 0, 0, 0, 0, 0, 0, 0, 0, 0, 0, 0, 0, 0, 0, 0, 0
0, 0, 0, 0, 0, 0, 0, 0, 0, 0, 0, 0, 0, 0, 0, 0, 0, 0, 0, 0, 0, 0, 0, 0, 0, 0, 0, 0, 0, 0, 0, 0, 0, 0, 0, 0, 0, 0, 0, 0, -0.0052898964, -0.0047368347, -0.0041292734, -0.0040004957, -0.004257442, -0.0044926205, -0.0050808406, -0.0056778546, -0.00592641, -0.006254221, -0.006347652, -0.0062811626, -0.006224695, -0.0061182585, -0.0060329046, -0.005988213, -0.0058661513, -0.00568088, -0.0055624675, -0.0052804197, -0.004957667, -0.0046406533, -0.004504939, -0.004311051, -0.0042242114, -0.004208065, -0.0041879755, -0.0041415524, -0.0040556756, -0.004004599, -0.0039062505, -0.0038381747, -0.0038242755, -0.0038531763, -0.003973259, -0.0041845436, -0.0043171714, -0.0046166996, -0.0049442914, -0.0051158504, -0.005476448, -0.0058568087, -0.006050382, -0.0064299884, -0.006783717, -0.007101145, -0.007245697, -0.0075086895, -0.0077417614, -0.0078526335, -0.008077336, -0.00832073, -0.008579807, -0.008706656, -0.008929241, -0.009078473, -0.009116303, -0.0091080405, -0.008987151, -0.0088880565, -0.008630029, -0.008322918, -0.008002226, -0.007843363, -0.007526021, -0.0071896953, -0.0070057875, -0.006591086, -0.006100113, -0.0055191326, -0.0051937327, -0.004491121, -0.0038097247, -0.0035434088, -0.0033614268, -0.0037513103, 0, 0, 0, 0, 0, 0, 0, 0, 0, 0, 0, 0, 0, 0, 0, 0, 0, 0, 0, 0, 0, 0, 0, 0, 0, 0, 0, 0, 0, 0, 0, 0, 0, 0
0, 0, 0, 0, 0, 0, 0, 0, 0, 0, 0, 0, 0, 0, 0, 0, 0, 0, 0, 0, 0, 0, 0, 0, 0, 0, 0, 0, 0, 0, 0, 0, 0, 0, 0, 0, 0, 0, 0, 0, 0, 0, -0.0050560706, -0.004254698, -0.0040875203, -0.00419074, -0.004580042, -0.0049524736, -0.0050710035, -0.0051299846, -0.004984664, -0.0047404855, -0.004618604, -0.004416267, -0.0042590187, -0.004181267, -0.003992211, -0.003742522, -0.003595956, -0.0032738089, -0.0029408657, -0.0026461952, -0.0025295846, -0.0023763282, -0.002316627, -0.0023071761, -0.0022944359, -0.002265924, -0.002228341, -0.0022162874, -0.0022297357, -0.0023160537, -0.0023921968, -0.002615888, -0.0029309152, -0.0033164609, -0.003526375, -0.0039636604, -0.0044135954, -0.004642646, -0.005107847, -0.005574494, -0.005803051, -0.0062379036, -0.0066329874, -0.0069856206, -0.0071486128, -0.0074545173, -0.0077461787, -0.007892231, -0.008194531, -0.008507135, -0.00880212, -0.008928922, -0.009114345, -0.009187379, -0.009179491, -0.0090814, -0.008893429, -0.008774799, -0.008508484, -0.008225941, -0.007942998, -0.007800544, -0.007498679, -0.007146076, -0.006939547, -0.0064529176, -0.005860738, -0.005167598, -0.004789615, -0.0039983727, -0.003233537, -0.0029027392, -0.0024550378, -0.0023644257, 0, 0, 0, 0, 0, 0, 0, 0, 0, 0, 0, 0, 0, 0, 0, 0, 0, 0, 0, 0, 0, 0, 0, 0, 0, 0, 0, 0, 0, 0, 0, 0, 0, 0
0, 0, 0, 0, 0, 0, 0, 0, 0, 0, 0, 0, 0, 0, 0, 0, 0, 0, 0, 0, 0, 0, 0, 0, 0, 0, 0, 0, 0, 0, 0, 0, 0, 0, 0, 0, 0, 0, 0, 0, 0, 0, 0, -0.004901067, -0.004128841, -0.0040209196, -0.0040206793, -0.0039753043, -0.003911913, -0.0036946905, -0.0033785577, -0.0030452483, -0.0029002551, -0.002671284, -0.002492703, -0.0024003047, -0.0021751672, -0.0018829394, -0.0017161127, -0.0013637539, -0.001024785, -0.00074946607, -0.0006477069, -0.00052032596, -0.0004732453, -0.0004677207, -0.00047501456, -0.0005051218, -0.0005785948, -0.0006416762, -0.0008349705, -0.0011257848, -0.0013066195, -0.0017293253, -0.0022102355, -0.0027161415, -0.0029693216, -0.0034702842, -0.0039663287, -0.0042154877, -0.0047171866, -0.005213318, -0.005454697, -0.0059161973, -0.0063452274, -0.006743179, -0.006932446, -0.0072944956, -0.0076413937, -0.007810958, -0.008141108, -0.008443592, -0.00868245, -0.008766898, -0.008852016, -0.008828099, -0.008781755, -0.008639168, -0.008456813, -0.008358663, -0.008157572, -0.007948586, -0.0077150413, -0.0075806445, -0.0072561493, -0.0068361554, -0.0065861517, -0.006006894, -0.005335399, -0.0045997314, -0.0042191595, -0.0034604468, -0.002749642, -0.0024341391, -0.0019554438, -0.0018213256, -0.0018802944, 0, 0, 0, 0, 0, 0, 0, 0, 0, 0, 0, 0, 0, 0, 0, 0, 0, 0, 0, 0, 0, 0, 0, 0, 0, 0, 0, 0, 0, 0, 0, 0, 0
0, 0, 0, 0, 0, 0, 0, 0, 0, 0, 0, 0, 0, 0, 0, 0, 0, 0, 0, 0, 0, 0, 0, 0, 0, 0, 0, 0, 0, 0, 0, 0, 0, 0, 0, 0, 0, 0, 0, 0, 0, 0, 0, 0, -0.004711392, -0.004330754, -0.0036586928, -0.0028507882, -0.002568961, -0.0021302702, -0.0017453642, -0.0014123303, -0.0012761083, -0.0010586132, -0.0008657457, -0.0007577027, -0.00049116754, -0.00015666807, 2.6255566e-05, 0.00039405513, 0.00071419997, 0.00094144454, 0.0010139958, 0.0010854772, 0.0010847955, 0.0010651666, 0.0009879484, 0.0008453466, 0.0006162534, 0.00046545494, 9.151157e-05, -0.00036711807, -0.00062146457, -0.0011617, -0.0017151537, -0.0022530316, -0.002511601, -0.0030141303, -0.0035126603, -0.0037646352, -0.0042742044, -0.004779521, -0.005026442, -0.005504197, -0.005960732, -0.0063956515, -0.0066044303, -0.007000974, -0.0073656123, -0.0075340252, -0.007834352, -0.008067403, -0.008210615, -0.008244204, -0.008240397, -0.0081631355, -0.008107038, -0.007979578, -0.007847849, -0.007783219, -0.007649868, -0.0074884, -0.0072607826, -0.0071103848, -0.006724023, -0.0062267683, -0.0059432695, -0.005326084, -0.004670528, -0.0040082126, -0.0036837393, -0.0030644834, -0.0025018186, -0.0022514153, -0.0018571562, -0.0017247954, -0.0018049816, 0, 0, 0, 0, 0, 0, 0, 0, 0, 0, 0, 0, 0, 0, 0, 0, 0, 0, 0, 0, 0, 0, 0, 0, 0, 0, 0, 0, 0, 0, 0, 0, 0
0, 0, 0, 0, 0, 0, 0, 0, 0, 0, 0, 0, 0, 0, 0, 0, 0, 0, 0, 0, 0, 0, 0, 0, 0, 0, 0, 0, 0, 0, 0, 0, 0, 0, 0, 0, 0, 0, 0, 0, 0, 0, 0, 0, 0, -0.005356315, -0.0036821165, -0.0016058269, -0.0011688385, -0.0006502046, -0.00029874736, -2.3017208e-05, 9.425168e-05, 0.00031440638, 0.000558329, 0.0007019578, 0.0010347476, 0.0014072532, 0.0015935538, 0.001929113, 0.0021708733, 0.002287654, 0.002301358, 0.002263644, 0.0021665988, 0.0020992288, 0.0019159357, 0.0016477433, 0.0012833741, 0.0010675401, 0.00058516924, 5.4796823e-05, -0.00022040248, -0.00077546906, -0.0013158236, -0.0018292229, -0.0020771618, -0.00256988, -0.003076229, -0.003336792, -0.0038640925, -0.004383241, -0.0046348968, -0.0051198956, -0.005581149, -0.0060155126, -0.006220471, -0.0066022575, -0.0069388784, -0.0070869615, -0.0073314826, -0.007493161, -0.0075640366, -0.0075682923, -0.00752935, -0.0074531673, -0.0074086403, -0.0073154736, -0.0072183646, -0.007165743, -0.0070399856, -0.006856597, -0.006578921, -0.006397381, -0.0059524016, -0.0054284646, -0.0051518977, -0.004596754, -0.0040623285, -0.0035611123, -0.0033242705, -0.0028780391, -0.0024655277, -0.0022728974, -0.0019366263, -0.0017445525, -0.0017461039, -0.0019772921, 0, 0, 0, 0, 0, 0, 0, 0, 0, 0, 0, 0, 0, 0, 0, 0, 0, 0, 0, 0, 0, 0, 0, 0, 0, 0, 0, 0, 0, 0, 0, 0
0, 0, 0, 0, 0, 0, 0, 0, 0, 0, 0, 0, 0, 0, 0, 0, 0, 0, 0, 0, 0, 0, 0, 0, 0, 0, 0, 0, 0, 0, 0, 0, 0, 0, 0, 0, 0, 0, 0, 0, 0, 0, 0, 0, 0, 0, 0, -7.851013e-05, 0.00021302723, 0.000636375, 0.00087378547, 0.0010641068, 0.0011693097, 0.0014269651, 0.0017559688, 0.0019413079, 0.0023268934, 0.0026886961, 0.0028441334, 0.0030755305, 0.003173008, 0.003135862, 0.003078186, 0.0029165514, 0.002717139, 0.002602108, 0.002322333, 0.0019596473, 0.0015174648, 0.0012747472, 0.0007656204, 0.0002446284, -1.5133135e-05, -0.0005276643, -0.0010257827, -0.0015140431, -0.0017604321, -0.0022728825, -0.0028183025, -0.0030993705, -0.0036590018, -0.004190255, -0.0044401526, -0.004906582, -0.0053301286, -0.005711195, -0.0058861827, -0.0062061734, -0.006484945, -0.006606629, -0.0068032206, -0.006923885, -0.006966766, -0.006964565, -0.006929846, -0.0068725366, -0.006837987, -0.006753688, -0.0066390117, -0.006565862, -0.006378924, -0.0061200163, -0.0057745306, -0.0055701816, -0.0051177293, -0.004649238, -0.004424373, -0.004011295, -0.0036473386, -0.003314657, -0.003153141, -0.0028287296, -0.002493902, -0.0023224084, -0.0019863592, -0.0017166212, -0.0016421011, -0.0016889249, 0, 0, 0, 0, 0, 0, 0, 0, 0, 0, 0, 0, 0, 0, 0, 0, 0, 0, 0, 0, 0, 0, 0, 0, 0, 0, 0, 0, 0, 0, 0, 0
0, 0, 0, 0, 0, 0, 0, 0, 0, 0, 0, 0, 0, 0, 0, 0, 0, 0, 0, 0, 0, 0, 0, 0, 0, 0, 0, 0, 0, 0, 0, 0, 0, 0, 0, 0, 0, 0, 0, 0, 0, 0, 0, 0, 0, 0, 0, 0.0011827167, 0.0013212909, 0.0018171949, 0.0018308267, 0.0018921181, 0.001984467, 0.0022755999, 0.002657673, 0.0028574904, 0.0032209, 0.0034913816, 0.003580343, 0.00365705, 0.003600014, 0.0034365172, 0.0033303136, 0.0030950895, 0.0028355184, 0.002688855, 0.0023439196, 0.0019219331, 0.0014430048, 0.001193442, 0.000693594, 0.00020366877, -3.673647e-05, -0.0005123223, -0.0009894203, -0.0014864348, -0.0017487463, -0.0023089384, -0.0029036137, -0.0032023888, -0.003772425, -0.0042792917, -0.004505327, -0.00490595, -0.005244741, -0.0055312878, -0.0056590214, -0.005892956, -0.0061046113, -0.0062004034, -0.0063600224, -0.0064586685, -0.0064921263, -0.006489052, -0.006458029, -0.0064018727, -0.006362626, -0.006250438, -0.0060801688, -0.005970913, -0.005703785, -0.0053758333, -0.0050000465, -0.0048021344, -0.004411002, -0.004061128, -0.0039101783, -0.003652729, -0.0034279174, -0.0031945582, -0.003064752, -0.002769835, -0.0024315582, -0.0022522588, -0.0018959437, -0.0015956984, -0.0014943294, -0.0014610714, -0.0016756612, 0, 0, 0, 0, 0, 0, 0, 0, 0, 0, 0, 0, 0, 0, 0, 0, 0, 0, 0, 0, 0, 0, 0, 0, 0, 0, 0, 0, 0, 0, 0
0, 0, 0, 0, 0, 0, 0, 0, 0, 0, 0, 0, 0, 0, 0, 0, 0, 0, 0, 0, 0, 0, 0, 0, 0, 0, 0, 0, 0, 0, 0, 0, 0, 0, 0, 0, 0, 0, 0, 0, 0, 0, 0, 0, 0, 0, 0, 0, 0, 0.0031598287, 0.0026281357, 0.0025422403, 0.0025938908, 0.002834555, 0.003170447, 0.0033333565, 0.0035871852, 0.0037106012, 0.0037229478, 0.0036607569, 0.0035071387, 0.0032982982, 0.0031835574, 0.002940045, 0.0026581367, 0.002491542, 0.0020925777, 0.0016171294, 0.0011039278, 0.00084643794, 0.00034478024, -0.00013577142, -0.00037062453, -0.0008402837, -0.0013260797, -0.0018492033, -0.0021292148, -0.0027210647, -0.0033204798, -0.0036059974, -0.0041174777, -0.00453284, -0.0047054193, -0.0049930564, -0.005220391, -0.005404221, -0.0054858425, -0.0056385556, -0.0057853465, -0.0058543603, -0.0059698327, -0.006034998, -0.0060423673, -0.0060284105, -0.0059763384, -0.005894646, -0.0058386903, -0.005684874, -0.0054656635, -0.005332249, -0.005027672, -0.004692594, -0.0043554343, -0.0041958406, -0.003913559, -0.0036936752, -0.003605063, -0.003449593, -0.0032798066, -0.0030530985, -0.002912278, -0.0025816988, -0.0022129787, -0.002028362, -0.0016880415, -0.0014277762, -0.0013441044, -0.0013139835, -0.0015458845, 0, 0, 0, 0, 0, 0, 0, 0, 0, 0, 0, 0, 0, 0, 0, 0, 0, 0, 0, 0, 0, 0, 0, 0, 0, 0, 0, 0, 0, 0, 0
0, 0, 0, 0, 0, 0, 0, 0, 0, 0, 0, 0, 0, 0, 0, 0, 0, 0, 0, 0, 0, 0, 0, 0, 0, 0, 0, 0, 0, 0, 0, 0, 0, 0, 0, 0, 0, 0, 0, 0, 0, 0, 0, 0, 0, 0, 0, 0, 0, 0, 0.0033419763, 0.0032259356, 0.0031283298, 0.0031296215, 0.0032956435, 0.0033778276, 0.0034700914, 0.0034481906, 0.0034020122, 0.003260886, 0.0030828817, 0.002887532, 0.0027838217, 0.0025469032, 0.0022345586, 0.0020388456, 0.0015710487, 0.0010334777, 0.0004780933, 0.00020773995, -0.00030726858, -0.0007918757, -0.0010276643, -0.001497905, -0.0019840787, -0.0025019252, -0.0027731676, -0.0033236658, -0.003839782, -0.0040675504, -0.0044421046, -0.004712518, -0.004817157, -0.004985368, -0.0051192334, -0.0052328208, -0.0052849273, -0.0053831306, -0.0054731257, -0.005511103, -0.0055615907, -0.005563932, -0.005516652, -0.0054790517, -0.0053851684, -0.0052670725, -0.005195261, -0.005016272, -0.004787036, -0.0046570925, -0.004380087, -0.0041034645, -0.0038548764, -0.0037479377, -0.0035743995, -0.0034449068, -0.003386629, -0.0032522765, -0.0030581797, -0.0027830624, -0.0026183717, -0.0022590992, -0.0019030515, -0.0017425275, -0.0014772681, -0.0012981835, -0.0012397722, -0.0011785306, -0.0011972034, 0, 0, 0, 0, 0, 0, 0, 0, 0, 0, 0, 0, 0, 0, 0, 0, 0, 0, 0, 0, 0, 0, 0, 0, 0, 0, 0, 0, 0, 0, 0
0, 0, 0, 0, 0, 0, 0, 0, 0, 0, 0, 0, 0, 0, 0, 0, 0, 0, 0, 0, 0, 0, 0, 0, 0, 0, 0, 0, 0, 0, 0, 0, 0, 0, 0, 0, 0, 0, 0, 0, 0, 0, 0, 0, 0, 0, 0, 0, 0, 0, 0, 0.004179334, 0.003685086, 0.0033016433, 0.003200142, 0.0031659584, 0.003071891, 0.0029316838, 0.002848959, 0.0026725081, 0.0024919237, 0.00230147, 0.0021930349, 0.0019201532, 0.0015373483, 0.0013010526, 0.00075783714, 0.00016892554, -0.00040690397, -0.00067861273, -0.0011839599, -0.0016493762, -0.0018730855, -0.0023117627, -0.002751147, -0.0031972935, -0.0034194582, -0.0038421901, -0.004199328, -0.0043420857, -0.00455438, -0.004692002, -0.0047454285, -0.004841904, -0.00493783, -0.0050319023, -0.0050745495, -0.0051425323, -0.0051766424, -0.0051771645, -0.0051412215, -0.0050588013, -0.004943371, -0.0048797373, -0.0047477, -0.0046073305, -0.0045304745, -0.0043557906, -0.0041549127, -0.0040480224, -0.0038331512, -0.003633716, -0.0034686262, -0.0034016275, -0.0032928, -0.0031923603, -0.0031319766, -0.0029669146, -0.0027252468, -0.0024180699, -0.0022519077, -0.0019267029, -0.001650649, -0.0015403858, -0.0013789207, -0.0012743366, -0.0012302463, -0.0011374052, -0.0010685152, -0.0011371851, 0, 0, 0, 0, 0, 0, 0, 0, 0, 0, 0, 0, 0, 0, 0, 0, 0, 0, 0, 0, 0, 0, 0, 0, 0, 0, 0, 0, 0, 0
0, 0, 0, 0, 0, 0, 0, 0, 0, 0, 0, 0, 0, 0, 0, 0, 0, 0, 0, 0, 0, 0, 0, 0, 0, 0, 0, 0, 0, 0, 0, 0, 0, 0, 0, 0, 0, 0, 0, 0, 0, 0, 0, 0, 0, 0, 0, 0, 0, 0, 0, 0, 0.004042371, 0.0036430017, 0.003122159, 0.0029139556, 0.0025907638, 0.002340602, 0.0022282128, 0.0020139383, 0.0018014226, 0.0015643926, 0.001423205, 0.0010671596, 0.00059723697, 0.00032468452, -0.00026106992, -0.00085006095, -0.001392507, -0.0016397377, -0.0020888022, -0.0024935273, -0.0026848535, -0.0030530423, -0.0034042762, -0.0037325604, -0.0038838198, -0.0041453596, -0.004337295, -0.0044062044, -0.004504374, -0.004578612, -0.0046173455, -0.004707323, -0.0048097665, -0.004904797, -0.0049405866, -0.0049716607, -0.004935954, -0.004892662, -0.0047641103, -0.0046027377, -0.0044386494, -0.0043618823, -0.0042206827, -0.004086516, -0.0040170783, -0.0038669556, -0.0037026585, -0.0036172916, -0.0034473382, -0.0032900483, -0.0031575598, -0.0031017438, -0.0030010445, -0.0028871838, -0.0028145825, -0.0026236626, -0.002375857, -0.0021020544, -0.0019692183, -0.0017356283, -0.0015647725, -0.0015033754, -0.0014121104, -0.0013256726, -0.0012682936, -0.0011088838, -0.00092043163, -0.0007927076, -0.0007461391, 0, 0, 0, 0, 0, 0, 0, 0, 0, 0, 0, 0, 0, 0, 0, 0, 0, 0, 0, 0, 0, 0, 0, 0, 0, 0, 0, 0, 0
0, 0, 0, 0, 0, 0, 0, 0, 0, 0, 0, 0, 0, 0, 0, 0, 0, 0, 0, 0, 0, 0, 0, 0, 0, 0, 0, 0, 0, 0, 0, 0, 0, 0, 0, 0, 0, 0, 0, 0, 0, 0, 0, 0, 0, 0, 0, 0, 0, 0, 0, 0, 0, 0.0044743894, 0.0031536878, 0.002697416, 0.002100667, 0.0017393687, 0.0015924746, 0.0013193253, 0.001042169, 0.00072384346, 0.0005368691, 9.341567e-05, -0.00043294168, -0.0007143698, -0.0012771044, -0.0017995087, -0.0022540477, -0.0024547998, -0.0028151525, -0.003138185, -0.0032906781, -0.003581673, -0.0038465632, -0.004071052, -0.0041635004, -0.004303143, -0.004391366, -0.0044233203, -0.0044837533, -0.0045591807, -0.004605065, -0.004706739, -0.004803391, -0.0048658624, -0.0048750592, -0.004836375, -0.0047182175, -0.0046341997, -0.0044395304, -0.0042439136, -0.0040800413, -0.0040128035, -0.0038993128, -0.0037922808, -0.0037344021, -0.0036029147, -0.0034506542, -0.00336819, -0.003197222, -0.003030111, -0.0028823002, -0.0028171171, -0.0026977074, -0.0025723625, -0.0024996533, -0.0023282869, -0.002133214, -0.0019422044, -0.0018569854, -0.0017164097, -0.0016133307, -0.0015699683, -0.0014781537, -0.0013453157, -0.0012520322, -0.001006264, -0.00071264186, -0.0004516989, -0.00035462063, 0, 0, 0, 0, 0, 0, 0, 0, 0, 0, 0, 0, 0, 0, 0, 0, 0, 0, 0, 0, 0, 0, 0, 0, 0, 0, 0, 0, 0
0, 0, 0, 0, 0, 0, 0, 0, 0, 0, 0, 0, 0, 0, 0, 0, 0, 0, 0, 0, 0, 0, 0, 0, 0, 0, 0, 0, 0, 0, 0, 0, 0, 0, 0, 0, 0, 0, 0, 0, 0, 0, 0, 0, 0, 0, 0, 0, 0, 0, 0, 0, 0, 0, 0.0031926245, 0.002416882, 0.0016002235, 0.0011449998, 0.0009623922, 0.00062586984, 0.00028177048, -0.00011239608, -0.00033542348, -0.0008290509, -0.0013534563, -0.0016113255, -0.00209045, -0.0025035834, -0.0028497013, -0.0030018233, -0.0032796743, -0.003537481, -0.0036627373, -0.0039047098, -0.0041222232, -0.0042921924, -0.004355008, -0.004439821, -0.0044904216, -0.004513866, -0.004573898, -0.004653484, -0.004695683, -0.004768752, -0.0048047416, -0.004782582, -0.004745684, -0.004618828, -0.0044346615, -0.0043304954, -0.0041260724, -0.003958321, -0.003845031, -0.0038045514, -0.0037348627, -0.00365158, -0.0035973594, -0.0034584787, -0.0032840723, -0.003187132, -0.0029850197, -0.0027910979, -0.002625362, -0.0025564302, -0.0024394619, -0.002333791, -0.0022791985, -0.0021590972, -0.0020313533, -0.0019095975, -0.0018539254, -0.001751709, -0.0016503658, -0.0015939039, -0.0014532595, -0.0012580985, -0.0011361648, -0.0008502553, -0.0005439522, -0.00028881172, -0.00020612174, 0, 0, 0, 0, 0, 0, 0, 0, 0, 0, 0, 0, 0, 0, 0, 0, 0, 0, 0, 0, 0, 0, 0, 0, 0, 0, 0, 0, 0
0, 0, 0, 0, 0, 0, 0, 0, 0, 0, 0, 0, 0, 0, 0, 0, 0, 0, 0, 0, 0, 0, 0, 0, 0, 0, 0, 0, 0, 0, 0, 0, 0, 0, 0, 0, 0, 0, 0, 0, 0, 0, 0, 0, 0, 0, 0, 0, 0, 0, 0, 0, 0, 0, 0, 0.0017325592, 0.0011183223, 0.00058786455, 0.00037606322, 4.3964474e-07, -0.00038466082, -0.0008249893, -0.0010655642, -0.0015614126, -0.0020322318, -0.0022447843, -0.00261536, -0.0029220001, -0.0031845914, -0.0033067244, -0.0035412256, -0.0037719633, -0.003886697, -0.004109004, -0.0043042116, -0.0044478867, -0.004496532, -0.0045546275, -0.004586257, -0.0046019685, -0.0046430556, -0.004686163, -0.004700529, -0.004698299, -0.0046400535, -0.0045214226, -0.0044418555, -0.0042524966, -0.0040478776, -0.003950869, -0.0037893741, -0.0036877263, -0.0036385483, -0.00362291, -0.003581309, -0.00349829, -0.0034355975, -0.0032701115, -0.0030648413, -0.002955042, -0.0027402039, -0.0025544476, -0.0024166587, -0.0023653512, -0.0022884172, -0.002223665, -0.0021884171, -0.0021038377, -0.0020018758, -0.0018897438, -0.0018312281, -0.0017080943, -0.0015698274, -0.0014917363, -0.0013118575, -0.0010974868, -0.0009795248, -0.0007345136, -0.00051212555, -0.00037018536, -0.00035650138, -0.00051857095, 0, 0, 0, 0, 0, 0, 0, 0, 0, 0, 0, 0, 0, 0, 0, 0, 0, 0, 0, 0, 0, 0, 0, 0, 0, 0, 0, 0
0, 0, 0, 0, 0, 0, 0, 0, 0, 0, 0, 0, 0, 0, 0, 0, 0, 0, 0, 0, 0, 0, 0, 0, 0, 0, 0, 0, 0, 0, 0, 0, 0, 0, 0, 0, 0, 0, 0, 0, 0, 0, 0, 0, 0, 0, 0, 0, 0, 0, 0, 0, 0, 0, 0, 0, 0.0007995177, 6.732663e-05, -0.00014541025, -0.00050189387, -0.0008917728, -0.0013444296, -0.0015816686, -0.0020366716, -0.0024254343, -0.0025898246, -0.0028696784, -0.0031108153, -0.0033414003, -0.0034567541, -0.0036872185, -0.003912639, -0.0040199338, -0.004215413, -0.0043682745, -0.0044613914, -0.004485112, -0.0044983113, -0.004491498, -0.004488288, -0.0044836276, -0.0044674333, -0.004448343, -0.004374685, -0.0042495765, -0.0040785647, -0.003981645, -0.0037828444, -0.0036037795, -0.00353112, -0.0034306713, -0.003388038, -0.0033755165, -0.0033670876, -0.0033209114, -0.0032177959, -0.003143887, -0.0029626878, -0.00275903, -0.0026595443, -0.0024857922, -0.00236383, -0.0022956864, -0.002275835, -0.0022465133, -0.0022044536, -0.0021716657, -0.002077816, -0.0019516835, -0.0018052763, -0.0017279222, -0.0015682777, -0.0014042334, -0.0013199324, -0.0011467277, -0.00096782116, -0.0008790823, -0.00071319944, -0.0005830625, -0.0005193904, -0.0005285448, -0.00068190333, 0, 0, 0, 0, 0, 0, 0, 0, 0, 0, 0, 0, 0, 0, 0, 0, 0, 0, 0, 0, 0, 0, 0, 0, 0, 0, 0, 0
0, 0, 0, 0, 0, 0, 0, 0, 0, 0, 0, 0, 0, 0, 0, 0, 0, 0, 0, 0, 0, 0, 0, 0, 0, 0, 0, 0, 0, 0, 0, 0, 0, 0, 0, 0, 0, 0, 0, 0, 0, 0, 0, 0, 0, 0, 0, 0, 0, 0, 0, 0, 0, 0, 0, 0, 0, -0.00050269376, -0.0006218123, -0.0008765082, -0.001233548, -0.0016559595, -0.0018671473, -0.0022473738, -0.0025524832, -0.0026812546, -0.0029122462, -0.0031356732, -0.0033671928, -0.0034847455, -0.003712652, -0.0039135404, -0.0039979313, -0.004124954, -0.0041892, -0.0041935537, -0.0041784495, -0.0041305902, -0.0040810406, -0.004059629, -0.00401976, -0.0039706873, -0.0039374805, -0.0038459485, -0.0037178213, -0.003560216, -0.0034767692, -0.0033163223, -0.0031882273, -0.0031422498, -0.0030877667, -0.0030677407, -0.003049566, -0.0030302142, -0.0029579254, -0.0028392067, -0.0027660443, -0.002607762, -0.002455554, -0.0023911763, -0.0022998902, -0.0022608677, -0.0022556635, -0.0022552747, -0.0022381633, -0.002179453, -0.0021317762, -0.0020035615, -0.0018457643, -0.0016753674, -0.0015903043, -0.0014263302, -0.0012754655, -0.0012049384, -0.0010704165, -0.0009405318, -0.0008769956, -0.00075558055, -0.00064592814, -0.0005487254, -0.00050730904, -0.0004522702, 0, 0, 0, 0, 0, 0, 0, 0, 0, 0, 0, 0, 0, 0, 0, 0, 0, 0, 0, 0, 0, 0, 0, 0, 0, 0, 0, 0
0, 0, 0, 0, 0, 0, 0, 0, 0, 0, 0, 0, 0, 0, 0, 0, 0, 0, 0, 0, 0, 0, 0, 0, 0, 0, 0, 0, 0, 0, 0, 0, 0, 0, 0, 0, 0, 0, 0, 0, 0, 0, 0, 0, 0, 0, 0, 0, 0, 0, 0, 0, 0, 0, 0, 0, 0, 0, -0.0010536459, -0.001218487, -0.0014842573, -0.0018007946, -0.0019555276, -0.002235171, -0.0024733448, -0.0025830723, -0.0027986085, -0.0030176009, -0.0032360263, -0.0033403186, -0.0035253484, -0.0036603706, -0.0037031882, -0.0037341143, -0.0036989355, -0.0036222483, -0.0035774368, -0.003495691, -0.0034361174, -0.003414068, -0.0033793217, -0.0033443726, -0.0033232805, -0.003268359, -0.0031909726, -0.0030931062, -0.0030405228, -0.002941976, -0.002866602, -0.0028402472, -0.0028041224, -0.0027726968, -0.002723297, -0.0026875876, -0.0025955434, -0.002487908, -0.0024333864, -0.0023337444, -0.0022594947, -0.0022357062, -0.0022175964, -0.0022253608, -0.0022318296, -0.0022242568, -0.002174998, -0.0020776654, -0.0020140265, -0.0018688674, -0.0017159487, -0.0015693269, -0.0015009418, -0.0013765313, -0.0012685619, -0.0012180659, -0.0011166631, -0.0010034055, -0.00094051415, -0.00080243446, -0.0006476846, -0.0004728866, -0.00037839066, -0.00018697717, 9.729687e-06, 0, 0, 0, 0, 0, 0, 0, 0, 0, 0, 0, 0, 0, 0, 0, 0, 0, 0, 0, 0, 0, 0, 0, 0, 0, 0, 0
0, 0, 0, 0, 0, 0, 0, 0, 0, 0, 0, 0, 0, 0, 0, 0, 0, 0, 0, 0, 0, 0, 0, 0, 0, 0, 0, 0, 0, 0, 0, 0, 0, 0, 0, 0, 0, 0, 0, 0, 0, 0, 0, 0, 0, 0, 0, 0, 0, 0, 0, 0, 0, 0, 0, 0, 0, 0, 0, -0.0017431597, -0.0017809407, -0.0018525166, -0.0019098176, -0.002061336, -0.0022434753, -0.0023405994, -0.0025361637, -0.0027215367, -0.0028834648, -0.0029524618, -0.0030607048, -0.0031167723, -0.003121742, -0.003085682, -0.0030033954, -0.0029069246, -0.0028638854, -0.0028009128, -0.0027707699, -0.0027643987, -0.0027625877, -0.0027667608, -0.0027691391, -0.0027697627, -0.0027559162, -0.0027236608, -0.0027027375, -0.0026585422, -0.0026189554, -0.0026010538, -0.0025623306, -0.0025095686, -0.0024376798, -0.002396885, -0.0023162263, -0.002249904, -0.0022247082, -0.0021913054, -0.0021783053, -0.0021783237, -0.0021850623, -0.0021830855, -0.0021506548, -0.0021183772, -0.0020230156, -0.0019001998, -0.0018360785, -0.0017143466, -0.001611893, -0.0015284898, -0.0014923865, -0.0014262616, -0.0013585803, -0.0013191353, -0.0012175334, -0.0010787402, -0.0009959772, -0.00081031374, -0.00060723635, -0.0003935725, -0.00028631696, -8.513729e-05, 6.5786684e-05, 0.00010561366, 0, 0, 0, 0, 0, 0, 0, 0, 0, 0, 0, 0, 0, 0, 0, 0, 0, 0, 0, 0, 0, 0, 0, 0, 0, 0
0, 0, 0, 0, 0, 0, 0, 0, 0, 0, 0, 0, 0, 0, 0, 0, 0, 0, 0, 0, 0, 0, 0, 0, 0, 0, 0, 0, 0, 0, 0, 0, 0, 0, 0, 0, 0, 0, 0, 0, 0, 0, 0, 0, 0, 0, 0, 0, 0, 0, 0, 0, 0, 0, 0, 0, 0, 0, 0, -0.0026333237, -0.002186584, -0.0018431166, -0.0017522287, -0.0017484898, -0.0018715978, -0.001948126, -0.0020953077, -0.002213216, -0.0022984063, -0.0023305153, -0.002376102, -0.0023929079, -0.0023882645, -0.0023554359, -0.0023026015, -0.0022536241, -0.0022369605, -0.0022222134, -0.002228608, -0.0022367572, -0.00225945, -0.0022893155, -0.0023064746, -0.002339977, -0.0023633058, -0.0023685487, -0.0023642436, -0.002346148, -0.002318868, -0.0023020038, -0.0022587492, -0.0022045458, -0.002147041, -0.002122385, -0.0020891114, -0.0020815786, -0.0020848273, -0.0020976285, -0.002108562, -0.002110393, -0.0020988018, -0.00205637, -0.0019755191, -0.0019229602, -0.0018063084, -0.0016953743, -0.001649112, -0.001582233, -0.0015464043, -0.0015270499, -0.0015178898, -0.0014890577, -0.0014302857, -0.0013838225, -0.0012514831, -0.0010710062, -0.0009687204, -0.0007561069, -0.00055072556, -0.00036509466, -0.0002822161, -0.00014557855, -7.082083e-05, -7.572723e-05, 0, 0, 0, 0, 0, 0, 0, 0, 0, 0, 0, 0, 0, 0, 0, 0, 0, 0, 0, 0, 0, 0, 0, 0, 0, 0
0, 0, 0, 0, 0, 0, 0, 0, 0, 0, 0, 0, 0, 0, 0, 0, 0, 0, 0, 0, 0, 0, 0, 0, 0, 0, 0, 0, 0, 0, 0, 0, 0, 0, 0, 0, 0, 0, 0, 0, 0, 0, 0, 0, 0, 0, 0, 0, 0, 0, 0, 0, 0, 0, 0, 0, 0, 0, 0, 0, -0.002553734, -0.0017133877, -0.0014449565, -0.00130185, -0.0013643074, -0.0014116901, -0.001493836, -0.0015475224, -0.001583121, -0.0015994542, -0.001633054, -0.0016659356, -0.001680259, -0.0017025488, -0.0017192694, -0.0017356278, -0.001744427, -0.0017607104, -0.0017743992, -0.0017804343, -0.0017943855, -0.0018155888, -0.0018292278, -0.0018575189, -0.0018786846, -0.0018856527, -0.0018833226, -0.0018690545, -0.0018452469, -0.001831212, -0.0018025468, -0.0017801352, -0.0017748439, -0.0017813584, -0.0018126683, -0.0018583825, -0.0018810639, -0.0019147182, -0.0019243286, -0.0019179345, -0.0018806576, -0.0018096406, -0.0017135158, -0.0016622758, -0.001567592, -0.0015018064, -0.001483311, -0.0014719417, -0.0014811505, -0.0014882747, -0.0014836288, -0.0014467579, -0.0013600976, -0.0012952889, -0.0011271134, -0.00092620595, -0.0008234439, -0.00063269364, -0.0004771046, -0.00036053517, -0.0003146978, -0.0002390574, -0.00017412222, -0.00014753205, 0, 0, 0, 0, 0, 0, 0, 0, 0, 0, 0, 0, 0, 0, 0, 0, 0, 0, 0, 0, 0, 0, 0, 0, 0, 0
0, 0, 0, 0, 0, 0, 0, 0, 0, 0, 0, 0, 0, 0, 0, 0, 0, 0, 0, 0, 0, 0, 0, 0, 0, 0, 0, 0, 0, 0, 0, 0, 0, 0, 0, 0, 0, 0, 0, 0, 0, 0, 0, 0, 0, 0, 0, 0, 0, 0, 0, 0, 0, 0, 0, 0, 0, 0, 0, 0, 0, -0.0011507764, -0.00095210713, -0.0008045162, -0.00081285194, -0.0008291879, -0.00085736957, -0.00087866734, -0.0009067804, -0.0009266025, -0.0009798756, -0.0010462948, -0.0010823518, -0.0011544235, -0.0012186647, -0.0012633771, -0.0012753817, -0.001279449, -0.0012640561, -0.0012535781, -0.0012360745, -0.0012292964, -0.0012298551, -0.001234877, -0.0012402548, -0.0012422389, -0.001241417, -0.001236725, -0.0012324838, -0.0012323735, -0.0012422559, -0.00127153, -0.0013242521, -0.0013582738, -0.0014345085, -0.0015058668, -0.0015347326, -0.0015717875, -0.0015780389, -0.0015697943, -0.001531744, -0.0014730836, -0.0014073726, -0.0013778956, -0.0013355981, -0.0013212484, -0.0013235537, -0.0013380788, -0.0013484369, -0.0013348695, -0.0013136836, -0.0012367303, -0.001110737, -0.0010312757, -0.00085246743, -0.0006727405, -0.0005918155, -0.00046012143, -0.0003718077, -0.00031591218, -0.0002929336, -0.00023744185, -0.00014833886, -8.841553e-05, 4.6135665e-05, 0, 0, 0, 0, 0, 0, 0, 0, 0, 0, 0, 0, 0, 0, 0, 0, 0, 0, 0, 0, 0, 0, 0, 0, 0
0, 0, 0, 0, 0, 0, 0, 0, 0, 0, 0, 0, 0, 0, 0, 0, 0, 0, 0, 0, 0, 0, 0, 0, 0, 0, 0, 0, 0, 0, 0, 0, 0, 0, 0, 0, 0, 0, 0, 0, 0, 0, 0, 0, 0, 0, 0, 0, 0, 0, 0, 0, 0, 0, 0, 0, 0, 0, 0, 0, 0, 0, -0.0005823997, -0.00042241285, -0.00034929428, -0.00033605442, -0.00033320012, -0.00034664018, -0.00037701067, -0.0003984484, -0.0004539194, -0.0005227458, -0.0005605161, -0.0006347463, -0.00069125294, -0.0007110185, -0.00070522475, -0.0006689267, -0.0006186073, -0.0005954348, -0.00056068413, -0.0005438761, -0.0005410542, -0.00054374937, -0.000556513, -0.0005778454, -0.00059112423, -0.000621579, -0.0006575526, -0.00067901344, -0.00073132524, -0.00079813873, -0.0008762956, -0.00091617357, -0.0009908656, -0.0010508734, -0.0010740934, -0.0011074699, -0.0011253513, -0.001128575, -0.0011251548, -0.0011139547, -0.0011045635, -0.0011032732, -0.0011078, -0.0011183271, -0.001122515, -0.0011211175, -0.0010974356, -0.0010425961, -0.0010020123, -0.0008948007, -0.0007570621, -0.00068151404, -0.0005314452, -0.00040251185, -0.00035094365, -0.00027321905, -0.00022031204, -0.00017434852, -0.00014645333, -6.328959e-05, 7.801773e-05, 0.00017963593, 0.00047694496, 0, 0, 0, 0, 0, 0, 0, 0, 0, 0, 0, 0, 0, 0, 0, 0, 0, 0, 0, 0, 0, 0, 0, 0, 0
0, 0, 0, 0, 0, 0, 0, 0, 0, 0, 0, 0, 0, 0, 0, 0, 0, 0, 0, 0, 0, 0, 0, 0, 0, 0, 0, 0, 0, 0, 0, 0, 0, 0, 0, 0, 0, 0, 0, 0, 0, 0, 0, 0, 0, 0, 0, 0, 0, 0, 0, 0, 0, 0, 0, 0, 0, 0, 0, 0, 0, 0, 0, -0.00023049183, -7.0115343e-06, 2.904548e-05, 4.7901212e-05, 4.3383938e-05, 3.1647487e-05, 2.376508e-05, 1.8881876e-06, -3.0321466e-05, -4.9582344e-05, -8.2314e-05, -9.106619e-05, -6.219354e-05, -3.5911526e-05, 2.615118e-05, 7.727408e-05, 9.3361676e-05, 0.00010415314, 9.2512826e-05, 8.0529164e-05, 4.6228433e-05, -2.3820085e-06, -6.354455e-05, -9.735886e-05, -0.00016767185, -0.00023809649, -0.00027318578, -0.0003434205, -0.00041066966, -0.00046873864, -0.00049227144, -0.0005286154, -0.0005565959, -0.00057104323, -0.0006063367, -0.0006510126, -0.00067542965, -0.00072363863, -0.0007671212, -0.0008041155, -0.00081843283, -0.0008343865, -0.00082854164, -0.0008163998, -0.00077532773, -0.0007162733, -0.00064347446, -0.0006026026, -0.0005123394, -0.00041328155, -0.00036279252, -0.00026742395, -0.0001857315, -0.00014961738, -8.0740596e-05, -6.755859e-06, 8.037129e-05, 0.0001313935, 0.0002543515, 0.00041917208, 0.0005267501, 0.00083396916, 0.0013293467, 0, 0, 0, 0, 0, 0, 0, 0, 0, 0, 0, 0, 0, 0, 0, 0, 0, 0, 0, 0, 0, 0, 0, 0
0, 0, 0, 0, 0, 0, 0, 0, 0, 0, 0, 0, 0, 0, 0, 0, 0, 0, 0, 0, 0, 0, 0, 0, 0, 0, 0, 0, 0, 0, 0, 0, 0, 0, 0, 0, 0, 0, 0, 0, 0, 0, 0, 0, 0, 0, 0, 0, 0, 0, 0, 0, 0, 0, 0, 0, 0, 0, 0, 0, 0, 0, 0, 0, 0.00033370525, 0.0003681792, 0.00038889746, 0.00039731164, 0.00041385926, 0.0004242232, 0.000442738, 0.00045323686, 0.00045720564, 0.00047414444, 0.0005140623, 0.00057400984, 0.0006049595, 0.0006512943, 0.0006627152, 0.00065474823, 0.0006176905, 0.0005638318, 0.00053344906, 0.00046605006, 0.00038977218, 0.00030696948, 0.00026529515, 0.00018476445, 0.00011104631, 7.781359e-05, 1.9742389e-05, -2.1537804e-05, -4.1829393e-05, -4.5069286e-05, -4.537705e-05, -5.3920026e-05, -6.698616e-05, -0.000115610426, -0.00019003185, -0.00023271008, -0.00031757672, -0.00038889603, -0.00043418875, -0.0004432898, -0.0004320953, -0.0003855728, -0.0003532257, -0.00028316845, -0.00022181324, -0.00017893105, -0.00016373306, -0.0001388931, -0.00011150421, -9.3620954e-05, -4.6402016e-05, 2.0297464e-05, 6.295213e-05, 0.00016767092, 0.00029267106, 0.00042332773, 0.00048636575, 0.00060325215, 0.00071309536, 0.0007720101, 0.00092227873, 0.0011019642, 0, 0, 0, 0, 0, 0, 0, 0, 0, 0, 0, 0, 0, 0, 0, 0, 0, 0, 0, 0, 0, 0, 0, 0
0, 0, 0, 0, 0, 0, 0, 0, 0, 0, 0, 0, 0, 0, 0, 0, 0, 0, 0, 0, 0, 0, 0, 0, 0, 0, 0, 0, 0, 0, 0, 0, 0, 0, 0, 0, 0, 0, 0, 0, 0, 0, 0, 0, 0, 0, 0, 0, 0, 0, 0, 0, 0, 0, 0, 0, 0, 0, 0, 0, 0, 0, 0, 0, 0.00073467224, 0.0007999489, 0.0008157701, 0.0007959407, 0.000802467, 0.00081463734, 0.00084525265, 0.00087882555, 0.00089900073, 0.0009504602, 0.0010149841, 0.0010731601, 0.0010914137, 0.0010973269, 0.0010644083, 0.0010388796, 0.0009802803, 0.0009214211, 0.0008929003, 0.00083672715, 0.00077904604, 0.00071934634, 0.0006892649, 0.0006293808, 0.0005713525, 0.000544517, 0.0005008255, 0.0004766333, 0.00047384808, 0.00047756577, 0.00048264934, 0.00046720577, 0.00044682017, 0.00038117156, 0.00029165737, 0.000244033, 0.00015715894, 9.8010925e-05, 8.170102e-05, 9.145297e-05, 0.00014357675, 0.00022164756, 0.0002622656, 0.0003257266, 0.00034966343, 0.0003310395, 0.0003104377, 0.0002639871, 0.00023436235, 0.00023278015, 0.00026553596, 0.0003488233, 0.00040766192, 0.0005479633, 0.00069309614, 0.0008120339, 0.0008545476, 0.000900884, 0.00090759253, 0.0009067861, 0.0009386542, 0.001107168, 0, 0, 0, 0, 0, 0, 0, 0, 0, 0, 0, 0, 0, 0, 0, 0, 0, 0, 0, 0, 0, 0, 0, 0
0, 0, 0, 0, 0, 0, 0, 0, 0, 0, 0, 0, 0, 0, 0, 0, 0, 0, 0, 0, 0, 0, 0, 0, 0, 0, 0, 0, 0, 0, 0, 0, 0, 0, 0, 0, 0, 0, 0, 0, 0, 0, 0, 0, 0, 0, 0, 0, 0, 0, 0, 0, 0, 0, 0, 0, 0, 0, 0, 0, 0, 0, 0, 0, 0, 0.0014201826, 0.001378883, 0.0012092812, 0.0011341096, 0.0011261369, 0.001143439, 0.0011893427, 0.001220994, 0.001295048, 0.0013650802, 0.0014053547, 0.001409998, 0.0013927679, 0.0013588967, 0.0013433261, 0.0013234998, 0.0013195049, 0.0013213526, 0.0013271923, 0.0013276123, 0.0013149391, 0.0013014327, 0.0012599298, 0.0012032987, 0.0011733406, 0.0011213667, 0.0010899369, 0.0010788225, 0.0010768715, 0.0010664867, 0.001034622, 0.0010079482, 0.00093653996, 0.0008526974, 0.0008123718, 0.00074844674, 0.0007217502, 0.0007422568, 0.0007690856, 0.0008438438, 0.0009217036, 0.0009518149, 0.0009782646, 0.0009525865, 0.00088527554, 0.0008445034, 0.00077087164, 0.00073447777, 0.0007370666, 0.00078764354, 0.0008893711, 0.0009518229, 0.0010781648, 0.0011747592, 0.001215183, 0.0012114466, 0.0011618934, 0.0010810457, 0.0010434177, 0.0010169043, 0.0011165297, 0, 0, 0, 0, 0, 0, 0, 0, 0, 0, 0, 0, 0, 0, 0, 0, 0, 0, 0, 0, 0, 0, 0, 0
0, 0, 0, 0, 0, 0, 0, 0, 0, 0, 0, 0, 0, 0, 0, 0, 0, 0, 0, 0, 0, 0, 0, 0, 0, 0, 0, 0, 0, 0, 0, 0, 0, 0, 0, 0, 0, 0, 0, 0, 0, 0, 0, 0, 0, 0, 0, 0, 0, 0, 0, 0, 0, 0, 0, 0, 0, 0, 0, 0, 0, 0, 0, 0, 0, 0, 0.0020104684, 0.001525389, 0.001344126, 0.0013148212, 0.0013263781, 0.0013967956, 0.0014443034, 0.0015443529, 0.0016222964, 0.0016616167, 0.0016690313, 0.0016760981, 0.0016953041, 0.0017146043, 0.0017733024, 0.0018489719, 0.00188868, 0.0019626927, 0.0020139958, 0.0020288324, 0.0020191562, 0.0019692464, 0.0018928371, 0.001852839, 0.0017849321, 0.0017434882, 0.0017243807, 0.0017182946, 0.0017007365, 0.0016663045, 0.0016419312, 0.0015809489, 0.0015139385, 0.0014836901, 0.0014421316, 0.0014381385, 0.0014749174, 0.0015041385, 0.001568274, 0.0016159023, 0.0016260538, 0.0016129817, 0.001561212, 0.0014905818, 0.0014568246, 0.0014105971, 0.0014090724, 0.0014274776, 0.0014965035, 0.0015866731, 0.0016290393, 0.0016856106, 0.0016857065, 0.00162505, 0.0015765242, 0.0014605164, 0.0013510233, 0.0013137076, 0.0013194163, 0.0015474943, 0.0022300894, 0, 0, 0, 0, 0, 0, 0, 0, 0, 0, 0, 0, 0, 0, 0, 0, 0, 0, 0, 0, 0, 0, 0
0, 0, 0, 0, 0, 0, 0, 0, 0, 0, 0, 0, 0, 0, 0, 0, 0, 0, 0, 0, 0, 0, 0, 0, 0, 0, 0, 0, 0, 0, 0, 0, 0, 0, 0, 0, 0, 0, 0, 0, 0, 0, 0, 0, 0, 0, 0, 0, 0, 0, 0, 0, 0, 0, 0, 0, 0, 0, 0, 0, 0, 0, 0, 0, 0, 0, 0, 0.0016933541, 0.0014867093, 0.0014470482, 0.001471572, 0.0015840012, 0.0016549513, 0.0017938956, 0.0019017212, 0.0019752057, 0.002005495, 0.0020713184, 0.0021583154, 0.0022106064, 0.002326335, 0.002446439, 0.0025034333, 0.0026006438, 0.002660124, 0.002666761, 0.002648828, 0.002579864, 0.002491732, 0.0024510394, 0.0023918925, 0.0023656148, 0.0023614052, 0.0023615086, 0.0023583635, 0.0023423354, 0.0023284229, 0.0022890724, 0.0022409107, 0.0022181221, 0.0021858804, 0.0021829393, 0.0022079905, 0.0022260896, 0.00225801, 0.00226785, 0.0022617173, 0.0022308612, 0.0021875452, 0.0021495011, 0.0021376037, 0.0021356624, 0.0021660887, 0.0021910926, 0.0022492711, 0.0022926475, 0.0022991379, 0.002268741, 0.0021799481, 0.0020510436, 0.0019807555, 0.0018503275, 0.0017585112, 0.0017372029, 0.0017767359, 0.002027078, 0.002722619, 0.0032573335, 0, 0, 0, 0, 0, 0, 0, 0, 0, 0, 0, 0, 0, 0, 0, 0, 0, 0, 0, 0, 0, 0
0, 0, 0, 0, 0, 0, 0, 0, 0, 0, 0, 0, 0, 0, 0, 0, 0, 0, 0, 0, 0, 0, 0, 0, 0, 0, 0, 0, 0, 0, 0, 0, 0, 0, 0, 0, 0, 0, 0, 0, 0, 0, 0, 0, 0, 0, 0, 0, 0, 0, 0, 0, 0, 0, 0, 0, 0, 0, 0, 0, 0, 0, 0, 0, 0, 0, 0, 0.0019391308, 0.0017118207, 0.0016534782, 0.00167971, 0.0018312953, 0.0019261647, 0.0021125479, 0.002268049, 0.002393904, 0.0024509286, 0.0025646775, 0.002680883, 0.0027390232, 0.0028519188, 0.00295613, 0.00300265, 0.0030774395, 0.0031139571, 0.0031025931, 0.0030803347, 0.0030168733, 0.0029550768, 0.0029336582, 0.0029181046, 0.0029331427, 0.0029633897, 0.002979435, 0.0030065915, 0.0030214302, 0.003022433, 0.0030102497, 0.0029814458, 0.002964683, 0.0029366373, 0.0029246313, 0.0029282486, 0.002932044, 0.002933231, 0.002919462, 0.0029074699, 0.002880395, 0.0028584946, 0.0028489828, 0.0028501344, 0.0028624884, 0.0028855563, 0.0028971455, 0.0029100638, 0.0028901296, 0.0028620192, 0.0027683761, 0.0026362585, 0.0024929878, 0.0024258161, 0.0023147634, 0.002243624, 0.0022241857, 0.0022267597, 0.0023210482, 0.0025807992, 0.002732334, 0, 0, 0, 0, 0, 0, 0, 0, 0, 0, 0, 0, 0, 0, 0, 0, 0, 0, 0, 0, 0, 0
0, 0, 0, 0, 0, 0, 0, 0, 0, 0, 0, 0, 0, 0, 0, 0, 0, 0, 0, 0, 0, 0, 0, 0, 0, 0, 0, 0, 0, 0, 0, 0, 0, 0, 0, 0, 0, 0, 0, 0, 0, 0, 0, 0, 0, 0, 0, 0, 0, 0, 0, 0, 0, 0, 0, 0, 0, 0, 0, 0, 0, 0, 0, 0, 0, 0, 0, 0, 0.0021110843, 0.0020235858, 0.0020037338, 0.0021533007, 0.0022584572, 0.002475173, 0.0026678874, 0.0028277235, 0.0028963352, 0.003014726, 0.0031103697, 0.0031513378, 0.0032248278, 0.0032922898, 0.0033227513, 0.0033724706, 0.0033968173, 0.003393004, 0.0033837324, 0.0033649602, 0.0033646782, 0.0033757666, 0.0034198575, 0.003482967, 0.0035513956, 0.0035843241, 0.0036443956, 0.0036894039, 0.00370422, 0.0037157622, 0.0037068804, 0.0036982475, 0.0036801097, 0.0036683483, 0.0036627844, 0.0036597976, 0.003648915, 0.0036301853, 0.0036193463, 0.0035981014, 0.003580288, 0.0035646458, 0.0035569244, 0.003539297, 0.0035151015, 0.00349858, 0.0034497343, 0.003370953, 0.003319093, 0.0031963957, 0.0030637796, 0.0029408236, 0.0028867298, 0.002794785, 0.0027169655, 0.0026792455, 0.00260368, 0.0025648687, 0.0027271784, 0.0029882046, 0, 0, 0, 0, 0, 0, 0, 0, 0, 0, 0, 0, 0, 0, 0, 0, 0, 0, 0, 0, 0, 0
0, 0, 0, 0, 0, 0, 0, 0, 0, 0, 0, 0, 0, 0, 0, 0, 0, 0, 0, 0, 0, 0, 0, 0, 0, 0, 0, 0, 0, 0, 0, 0, 0, 0, 0, 0, 0, 0, 0, 0, 0, 0, 0, 0, 0, 0, 0, 0, 0, 0, 0, 0, 0, 0, 0, 0, 0, 0, 0, 0, 0, 0, 0, 0, 0, 0, 0, 0, 0.0027024988, 0.0025958314, 0.0024478156, 0.0025093937, 0.0025887436, 0.0027843786, 0.0029788401, 0.003140195, 0.003204514, 0.0033024012, 0.0033706098, 0.003399535, 0.0034585602, 0.0035250443, 0.0035593058, 0.0036235591, 0.003674978, 0.0037154085, 0.0037355695, 0.0037845313, 0.0038528584, 0.003894228, 0.003986272, 0.0040826593, 0.004177411, 0.0042219493, 0.004301312, 0.0043610563, 0.004381644, 0.004405455, 0.004412796, 0.0044137626, 0.004416607, 0.0044224537, 0.004428414, 0.004429435, 0.0044244262, 0.0044095325, 0.004398332, 0.004368735, 0.004327947, 0.0042743757, 0.004243275, 0.0041726185, 0.0040908824, 0.004044966, 0.0039402666, 0.0038183914, 0.0037530165, 0.0036220364, 0.0035011512, 0.0033950564, 0.003345559, 0.003244053, 0.0031238247, 0.0030514556, 0.0028817721, 0.0027248703, 0.0027593733, 0.0029535277, 0.0037704865, 0, 0, 0, 0, 0, 0, 0, 0, 0, 0, 0, 0, 0, 0, 0, 0, 0, 0, 0, 0, 0
0, 0, 0, 0, 0, 0, 0, 0, 0, 0, 0, 0, 0, 0, 0, 0, 0, 0, 0, 0, 0, 0, 0, 0, 0, 0, 0, 0, 0, 0, 0, 0, 0, 0, 0, 0, 0, 0, 0, 0, 0, 0, 0, 0, 0, 0, 0, 0, 0, 0, 0, 0, 0, 0, 0, 0, 0, 0, 0, 0, 0, 0, 0, 0, 0, 0, 0, 0, 0, 0.003321849, 0.0030137273, 0.002863645, 0.0028619485, 0.0029658526, 0.003131522, 0.0032849642, 0.0033470623, 0.0034448002, 0.0035264457, 0.0035696528, 0.0036704415, 0.0037890575, 0.00385107, 0.003971536, 0.004083097, 0.004190157, 0.004244691, 0.0043573277, 0.0044738604, 0.004531792, 0.0046443096, 0.004751912, 0.004852973, 0.004899616, 0.0049785967, 0.005033247, 0.0050518913, 0.0050776526, 0.0050999634, 0.0051128073, 0.005143351, 0.005176331, 0.005203099, 0.0052114, 0.0052147685, 0.005198186, 0.005181056, 0.0051286807, 0.005052207, 0.0049564014, 0.004903827, 0.004792478, 0.0046728575, 0.0046087974, 0.004471405, 0.0043246076, 0.0042507504, 0.004109399, 0.003980442, 0.0038569625, 0.0037922468, 0.0036434268, 0.0034551513, 0.0033421393, 0.0030784365, 0.0027970925, 0.0026156984, 0.0026265495, 0.0028845733, 0, 0, 0, 0, 0, 0, 0, 0, 0, 0, 0, 0, 0, 0, 0, 0, 0, 0, 0, 0, 0
0, 0, 0, 0, 0, 0, 0, 0, 0, 0, 0, 0, 0, 0, 0, 0, 0, 0, 0, 0, 0, 0, 0, 0, 0, 0, 0, 0, 0, 0, 0, 0, 0, 0, 0, 0, 0, 0, 0, 0, 0, 0, 0, 0, 0, 0, 0, 0, 0, 0, 0, 0, 0, 0, 0, 0, 0, 0, 0, 0, 0, 0, 0, 0, 0, 0, 0, 0, 0, 0, 0.0037713493, 0.003262749, 0.0031061426, 0.0030545758, 0.0031808382, 0.003337567, 0.0034097026, 0.003543863, 0.003682563, 0.0037603937, 0.0039356146, 0.0041278074, 0.0042244457, 0.0044106743, 0.0045863353, 0.0047537386, 0.004834629, 0.0049879, 0.0051242933, 0.0051864823, 0.005300665, 0.005407647, 0.0055072713, 0.0055513764, 0.0056226314, 0.005670015, 0.005687701, 0.005721741, 0.0057646595, 0.0057905163, 0.0058463947, 0.0058979704, 0.005933271, 0.005942299, 0.005939426, 0.0059066257, 0.005878335, 0.0057996833, 0.0056973225, 0.005582235, 0.005523305, 0.0054048155, 0.0052805017, 0.00521357, 0.0050664153, 0.0049038315, 0.0048192833, 0.0046478463, 0.0044754697, 0.004295375, 0.004198829, 0.0039847563, 0.0037343495, 0.0035932842, 0.0032776182, 0.002934106, 0.0026383123, 0.002556986, 0.002597364, 0, 0, 0, 0, 0, 0, 0, 0, 0, 0, 0, 0, 0, 0, 0, 0, 0, 0, 0, 0, 0
0, 0, 0, 0, 0, 0, 0, 0, 0, 0, 0, 0, 0, 0, 0, 0, 0, 0, 0, 0, 0, 0, 0, 0, 0, 0, 0, 0, 0, 0, 0, 0, 0, 0, 0, 0, 0, 0, 0, 0, 0, 0, 0, 0, 0, 0, 0, 0, 0, 0, 0, 0, 0, 0, 0, 0, 0, 0, 0, 0, 0, 0, 0, 0, 0, 0, 0, 0, 0, 0, 0.0048564593, 0.003788104, 0.0034434383, 0.0032023436, 0.0032471248, 0.0033893662, 0.0034726264, 0.0036519372, 0.003855461, 0.003967557, 0.004208034, 0.0044552702, 0.0045760595, 0.004806435, 0.00502155, 0.0052214703, 0.005314564, 0.0054846257, 0.0056314957, 0.0056985943, 0.005826187, 0.0059489654, 0.006061277, 0.006110028, 0.0061885784, 0.00624762, 0.006274671, 0.0063331127, 0.006401384, 0.0064373957, 0.0065045985, 0.006553352, 0.0065735835, 0.0065711723, 0.0065408093, 0.006477854, 0.006435847, 0.0063370457, 0.0062297964, 0.006126213, 0.006077268, 0.0059812553, 0.0058743996, 0.00581188, 0.0056625023, 0.005479447, 0.005376564, 0.0051541002, 0.0049153655, 0.0046665557, 0.0045388825, 0.0042772605, 0.0040049194, 0.00386296, 0.003564255, 0.003257522, 0.003024243, 0.003004645, 0.0034595395, 0, 0, 0, 0, 0, 0, 0, 0, 0, 0, 0, 0, 0, 0, 0, 0, 0, 0, 0, 0, 0
0, 0, 0, 0, 0, 0, 0, 0, 0, 0, 0, 0, 0, 0, 0, 0, 0, 0, 0, 0, 0, 0, 0, 0, 0, 0, 0, 0, 0, 0, 0, 0, 0, 0, 0, 0, 0, 0, 0, 0, 0, 0, 0, 0, 0, 0, 0, 0, 0, 0, 0, 0, 0, 0, 0, 0, 0, 0, 0, 0, 0, 0, 0, 0, 0, 0, 0, 0, 0, 0, 0, 0.004454038, 0.0042041573, 0.003583951, 0.0033713852, 0.0034324375, 0.0035119278, 0.0037205336, 0.003971263, 0.0041065845, 0.0043869517, 0.00466354, 0.004795787, 0.0050444924, 0.0052731712, 0.0054842536, 0.0055831354, 0.005770057, 0.0059480425, 0.0060366057, 0.006213696, 0.0063848216, 0.0065346705, 0.0065983725, 0.006704014, 0.0067920787, 0.00683407, 0.0069201933, 0.0070046145, 0.007042898, 0.0071025942, 0.0071309614, 0.007121221, 0.007101305, 0.007033215, 0.006935135, 0.0068797925, 0.0067689735, 0.006671646, 0.0065935575, 0.006559532, 0.006489091, 0.006395803, 0.0063338433, 0.006172092, 0.005958147, 0.0058333976, 0.005557421, 0.0052632056, 0.0049709687, 0.0048304186, 0.004563788, 0.0043133153, 0.00419069, 0.003944283, 0.0037036494, 0.003540153, 0.0035493067, 0.0039936993, 0.005221197, 0, 0, 0, 0, 0, 0, 0, 0, 0, 0, 0, 0, 0, 0, 0, 0, 0, 0, 0, 0
0, 0, 0, 0, 0, 0, 0, 0, 0, 0, 0, 0, 0, 0, 0, 0, 0, 0, 0, 0, 0, 0, 0, 0, 0, 0, 0, 0, 0, 0, 0, 0, 0, 0, 0, 0, 0, 0, 0, 0, 0, 0, 0, 0, 0, 0, 0, 0, 0, 0, 0, 0, 0, 0, 0, 0, 0, 0, 0, 0, 0, 0, 0, 0, 0, 0, 0, 0, 0, 0, 0, 0.0070150774, 0.006079121, 0.004037187, 0.0034210735, 0.0033797175, 0.003453328, 0.003688613, 0.00398285, 0.0041396734, 0.004455451, 0.0047581447, 0.0049002133, 0.0051648146, 0.0054066544, 0.0056351796, 0.0057479185, 0.0059779594, 0.0062207486, 0.006346636, 0.006597732, 0.006827711, 0.007016295, 0.0070936126, 0.0072213565, 0.007327919, 0.0073773013, 0.0074712774, 0.0075528887, 0.0075862235, 0.007632706, 0.00764489, 0.0076157814, 0.0075840885, 0.007489222, 0.007365703, 0.0073010973, 0.0071827387, 0.0070912763, 0.0070241108, 0.0069939354, 0.006923467, 0.0068193744, 0.006748337, 0.0065628355, 0.006319573, 0.006179452, 0.0058761165, 0.0055655614, 0.005275124, 0.0051425756, 0.0049021025, 0.004683899, 0.004576312, 0.004352986, 0.004117175, 0.0039151027, 0.0038699205, 0.0040790103, 0.005021668, 0.005711326, 0, 0, 0, 0, 0, 0, 0, 0, 0, 0, 0, 0, 0, 0, 0, 0, 0, 0, 0
0, 0, 0, 0, 0, 0, 0, 0, 0, 0, 0, 0, 0, 0, 0, 0, 0, 0, 0, 0, 0, 0, 0, 0, 0, 0, 0, 0, 0, 0, 0, 0, 0, 0, 0, 0, 0, 0, 0, 0, 0, 0, 0, 0, 0, 0, 0, 0, 0, 0, 0, 0, 0, 0, 0, 0, 0, 0, 0, 0, 0, 0, 0, 0, 0, 0, 0, 0, 0, 0, 0, 0, 0, 0.003891369, 0.0033052857, 0.0032313666, 0.0033111516, 0.0035941445, 0.003956256, 0.0041462583, 0.0045198677, 0.0048673367, 0.0050284755, 0.005326478, 0.005602531, 0.005874184, 0.006014321, 0.00630923, 0.0066235014, 0.006782644, 0.0070841364, 0.0073381783, 0.0075291693, 0.007603159, 0.007720128, 0.0078150015, 0.0078583285, 0.007938791, 0.008009934, 0.0080407355, 0.008089039, 0.008109447, 0.008087852, 0.0080579035, 0.007960658, 0.007830824, 0.0077629574, 0.007638823, 0.0075381077, 0.0074532162, 0.0074101267, 0.0073091374, 0.007173779, 0.0070893173, 0.0068835877, 0.006631214, 0.0064917933, 0.006200359, 0.005915253, 0.0056566894, 0.0055391914, 0.0053196475, 0.0051013557, 0.004984077, 0.0047214907, 0.0044126543, 0.0040759766, 0.003920119, 0.0037460006, 0.00396396, 0.0041951155, 0, 0, 0, 0, 0, 0, 0, 0, 0, 0, 0, 0, 0, 0, 0, 0, 0, 0, 0
0, 0, 0, 0, 0, 0, 0, 0, 0, 0, 0, 0, 0, 0, 0, 0, 0, 0, 0, 0, 0, 0, 0, 0, 0, 0, 0, 0, 0, 0, 0, 0, 0, 0, 0, 0, 0, 0, 0, 0, 0, 0, 0, 0, 0, 0, 0, 0, 0, 0, 0, 0, 0, 0, 0, 0, 0, 0, 0, 0, 0, 0, 0, 0, 0, 0, 0, 0, 0, 0, 0, 0, 0, 0.00394559, 0.0032947788, 0.0031389126, 0.0032188212, 0.0035622914, 0.0040171253, 0.0042524966, 0.004704845, 0.005112821, 0.0052987514, 0.005643047, 0.005966548, 0.0062916027, 0.0064590406, 0.0068050944, 0.0071532065, 0.0073190727, 0.0076132556, 0.007836905, 0.007988005, 0.008041658, 0.008122512, 0.008187983, 0.008220242, 0.008287434, 0.008360545, 0.008398015, 0.008467735, 0.008514441, 0.00851626, 0.008496124, 0.008414936, 0.008296767, 0.008232472, 0.00810727, 0.007990382, 0.007873468, 0.007811081, 0.0076719117, 0.007508912, 0.007416569, 0.007209453, 0.0069749793, 0.006850854, 0.0065990654, 0.0063554216, 0.006125458, 0.006013207, 0.005780869, 0.0055205314, 0.005374334, 0.005041916, 0.004650443, 0.004205523, 0.0039757923, 0.003578816, 0.0034482277, 0.0035108747, 0, 0, 0, 0, 0, 0, 0, 0, 0, 0, 0, 0, 0, 0, 0, 0, 0, 0, 0
0, 0, 0, 0, 0, 0, 0, 0, 0, 0, 0, 0, 0, 0, 0, 0, 0, 0, 0, 0, 0, 0, 0, 0, 0, 0, 0, 0, 0, 0, 0, 0, 0, 0, 0, 0, 0, 0, 0, 0, 0, 0, 0, 0, 0, 0, 0, 0, 0, 0, 0, 0, 0, 0, 0, 0, 0, 0, 0, 0, 0, 0, 0, 0, 0, 0, 0, 0, 0, 0, 0, 0, 0, 0, 0.0035230508, 0.0032742678, 0.0033367032, 0.0037114061, 0.0042386847, 0.0045120846, 0.005029214, 0.0054845368, 0.0056895306, 0.006067206, 0.0064224605, 0.00677467, 0.006952058, 0.0073030675, 0.0076319044, 0.0077792746, 0.0080247475, 0.008196428, 0.0083033955, 0.00833969, 0.008395181, 0.008446198, 0.008475323, 0.008546334, 0.008634001, 0.0086811315, 0.008770461, 0.00883297, 0.008848294, 0.00883543, 0.0087731695, 0.008678015, 0.008623876, 0.008509786, 0.008387602, 0.008252071, 0.008178637, 0.008022252, 0.0078540975, 0.00776516, 0.007575991, 0.007373124, 0.007268012, 0.007054834, 0.006837858, 0.006609991, 0.006487374, 0.0062161544, 0.005903594, 0.0057315067, 0.0053570513, 0.0049435897, 0.004499538, 0.004279348, 0.0039334754, 0.0040237242, 0.004437285, 0, 0, 0, 0, 0, 0, 0, 0, 0, 0, 0, 0, 0, 0, 0, 0, 0, 0, 0
0, 0, 0, 0, 0, 0, 0, 0, 0, 0, 0, 0, 0, 0, 0, 0, 0, 0, 0, 0, 0, 0, 0, 0, 0, 0, 0, 0, 0, 0, 0, 0, 0, 0, 0, 0, 0, 0, 0, 0, 0, 0, 0, 0, 0, 0, 0, 0, 0, 0, 0, 0, 0, 0, 0, 0, 0, 0, 0, 0, 0, 0, 0, 0, 0, 0, 0, 0, 0, 0, 0, 0, 0, 0, 0, 0.005362595, 0.0049700635, 0.0046777306, 0.0049565593, 0.0051835403, 0.0056582694, 0.006083165, 0.0062722676, 0.0066148583, 0.0069299596, 0.007233247, 0.007382339, 0.0076703858, 0.007934452, 0.00805412, 0.008264836, 0.008438702, 0.008580584, 0.008641929, 0.008752241, 0.00885499, 0.008905502, 0.009006609, 0.009099638, 0.009139604, 0.00919739, 0.00922086, 0.009215172, 0.009205112, 0.009176523, 0.009138727, 0.009114716, 0.00905158, 0.008967833, 0.008867648, 0.008813114, 0.008697247, 0.008570117, 0.008500734, 0.008349525, 0.0081787985, 0.008085463, 0.007879568, 0.007642141, 0.0073683136, 0.007218654, 0.006900896, 0.0065706223, 0.0064047915, 0.006073794, 0.0057418416, 0.0054099564, 0.0052518765, 0.005007131, 0.005046389, 0.005301719, 0.0066076647, 0, 0, 0, 0, 0, 0, 0, 0, 0, 0, 0, 0, 0, 0, 0, 0, 0, 0
0, 0, 0, 0, 0, 0, 0, 0, 0, 0, 0, 0, 0, 0, 0, 0, 0, 0, 0, 0, 0, 0, 0, 0, 0, 0, 0, 0, 0, 0, 0, 0, 0, 0, 0, 0, 0, 0, 0, 0, 0, 0, 0, 0, 0, 0, 0, 0, 0, 0, 0, 0, 0, 0, 0, 0, 0, 0, 0, 0, 0, 0, 0, 0, 0, 0, 0, 0, 0, 0, 0, 0, 0, 0, 0, 0.007982444, 0.006372763, 0.0051853363, 0.005203412, 0.005359873, 0.0057390565, 0.006106581, 0.006275632, 0.0065889894, 0.0068851, 0.007178049, 0.0073245233, 0.007613281, 0.007886922, 0.008015924, 0.008254912, 0.008470039, 0.008662136, 0.008749467, 0.008908924, 0.009050167, 0.009113727, 0.009225464, 0.009309716, 0.009339626, 0.009374524, 0.009382508, 0.009377802, 0.009374236, 0.009366944, 0.009353067, 0.009340519, 0.009300132, 0.009241791, 0.009169851, 0.009129513, 0.00903668, 0.008924003, 0.008858935, 0.0087108575, 0.008537615, 0.008440546, 0.008221915, 0.0079679005, 0.007682798, 0.0075324094, 0.007225614, 0.0069200876, 0.006768476, 0.0064613405, 0.00613689, 0.005780579, 0.005589994, 0.005205502, 0.004912687, 0.0048750886, 0.0052072764, 0, 0, 0, 0, 0, 0, 0, 0, 0, 0, 0, 0, 0, 0, 0, 0, 0, 0
0, 0, 0, 0, 0, 0, 0, 0, 0, 0, 0, 0, 0, 0, 0, 0, 0, 0, 0, 0, 0, 0, 0, 0, 0, 0, 0, 0, 0, 0, 0, 0, 0, 0, 0, 0, 0, 0, 0, 0, 0, 0, 0, 0, 0, 0, 0, 0, 0, 0, 0, 0, 0, 0, 0, 0, 0, 0, 0, 0, 0, 0, 0, 0, 0, 0, 0, 0, 0, 0, 0, 0, 0, 0, 0, 0, 0.006047879, 0.005592629, 0.00539193, 0.0054269745, 0.005660503, 0.005981705, 0.006148069, 0.0064759776, 0.0067989915, 0.0071211234, 0.007280759, 0.007591113, 0.007880629, 0.008015986, 0.008270477, 0.008507837, 0.008729209, 0.00883304, 0.009025496, 0.009194778, 0.009268796, 0.0093915425, 0.00947807, 0.009507722, 0.009546493, 0.009570425, 0.0095924465, 0.009604087, 0.0096248975, 0.009632545, 0.009628884, 0.0096058035, 0.009566188, 0.009511395, 0.009477546, 0.009392331, 0.009281672, 0.009217037, 0.009069903, 0.00889705, 0.00879887, 0.008575309, 0.008317363, 0.008035353, 0.007890326, 0.0076005477, 0.0073123584, 0.00716591, 0.0068545304, 0.0064989007, 0.006076393, 0.0058354326, 0.0052989903, 0.00475018, 0.004526033, 0.0043579377, 0, 0, 0, 0, 0, 0, 0, 0, 0, 0, 0, 0, 0, 0, 0, 0, 0, 0
0, 0, 0, 0, 0, 0, 0, 0, 0, 0, 0, 0, 0, 0, 0, 0, 0, 0, 0, 0, 0, 0, 0, 0, 0, 0, 0, 0, 0, 0, 0, 0, 0, 0, 0, 0, 0, 0, 0, 0, 0, 0, 0, 0, 0, 0, 0, 0, 0, 0, 0, 0, 0, 0, 0, 0, 0, 0, 0, 0, 0, 0, 0, 0, 0, 0, 0, 0, 0, 0, 0, 0, 0, 0, 0, 0, 0.0083062, 0.006831613, 0.005637033, 0.005421378, 0.0054737343, 0.0058015697, 0.0059945355, 0.0063870912, 0.0067697815, 0.0071353554, 0.007308821, 0.00763004, 0.007914841, 0.008045372, 0.008290691, 0.008523685, 0.00874825, 0.008856321, 0.009060915, 0.00924436, 0.009326323, 0.009466518, 0.009575861, 0.009621004, 0.009700634, 0.009775044, 0.009848745, 0.009883128, 0.009939233, 0.00996945, 0.009973805, 0.0099637145, 0.009932314, 0.009880526, 0.009846082, 0.009758901, 0.009649806, 0.009588169, 0.009449713, 0.00928475, 0.00918894, 0.008968324, 0.008713371, 0.008438199, 0.008297808, 0.008013433, 0.007719958, 0.007564473, 0.007221483, 0.0068180244, 0.0063363584, 0.006063712, 0.005467236, 0.004883028, 0.0046683494, 0.004714979, 0.0059778267, 0, 0, 0, 0, 0, 0, 0, 0, 0, 0, 0, 0, 0, 0, 0, 0, 0
0, 0, 0, 0, 0, 0, 0, 0, 0, 0, 0, 0, 0, 0, 0, 0, 0, 0, 0, 0, 0, 0, 0, 0, 0, 0, 0, 0, 0, 0, 0, 0, 0, 0, 0, 0, 0, 0, 0, 0, 0, 0, 0, 0, 0, 0, 0, 0, 0, 0, 0, 0, 0, 0, 0, 0, 0, 0, 0, 0, 0, 0, 0, 0, 0, 0, 0, 0, 0, 0, 0, 0, 0, 0, 0, 0, 0, 0.008240099, 0.0055750194, 0.005201662, 0.005222404, 0.0056162295, 0.0058476003, 0.006307713, 0.0067372746, 0.0071237683, 0.00729842, 0.007609391, 0.007877148, 0.007999973, 0.008233989, 0.00846229, 0.008686147, 0.008795088, 0.009004436, 0.009199749, 0.0092911925, 0.009461713, 0.009617371, 0.009691856, 0.009838363, 0.009982281, 0.010116302, 0.010174645, 0.010264922, 0.010314421, 0.010324505, 0.010320364, 0.010288991, 0.010233717, 0.010198021, 0.010114242, 0.0100176595, 0.00996476, 0.009843261, 0.009688694, 0.009595144, 0.009375207, 0.009119734, 0.008842992, 0.008699346, 0.008400428, 0.008076083, 0.007899738, 0.0075103943, 0.0070634447, 0.0065513197, 0.0062717265, 0.0056851814, 0.0051481524, 0.0049668606, 0.0050654165, 0.0063301288, 0.0073714205, 0, 0, 0, 0, 0, 0, 0, 0, 0, 0, 0, 0, 0, 0, 0, 0
0, 0, 0, 0, 0, 0, 0, 0, 0, 0, 0, 0, 0, 0, 0, 0, 0, 0, 0, 0, 0, 0, 0, 0, 0, 0, 0, 0, 0, 0, 0, 0, 0, 0, 0, 0, 0, 0, 0, 0, 0, 0, 0, 0, 0, 0, 0, 0, 0, 0, 0, 0, 0, 0, 0, 0, 0, 0, 0, 0, 0, 0, 0, 0, 0, 0, 0, 0, 0, 0, 0, 0, 0, 0, 0, 0, 0, 0, 0.005109073, 0.0049617924, 0.0050407643, 0.005425976, 0.005658188, 0.006125554, 0.0065563875, 0.0069338502, 0.007102205, 0.007403217, 0.0076736887, 0.007803463, 0.008060583, 0.008316014, 0.0085652955, 0.008686096, 0.008919178, 0.009142297, 0.009251174, 0.009465332, 0.009676986, 0.009782356, 0.0099920845, 0.010192819, 0.01036927, 0.010442836, 0.01055262, 0.010612042, 0.010624799, 0.010622699, 0.0105916755, 0.010539248, 0.010507877, 0.010440285, 0.010366442, 0.010324343, 0.010217386, 0.0100658145, 0.009970434, 0.009743444, 0.009479811, 0.009190343, 0.009036863, 0.008707275, 0.008340775, 0.008141938, 0.007712785, 0.0072406027, 0.006721927, 0.006445427, 0.0058718123, 0.005321179, 0.0050928397, 0.0048780753, 0.0052378513, 0.005577794, 0, 0, 0, 0, 0, 0, 0, 0, 0, 0, 0, 0, 0, 0, 0, 0
0, 0, 0, 0, 0, 0, 0, 0, 0, 0, 0, 0, 0, 0, 0, 0, 0, 0, 0, 0, 0, 0, 0, 0, 0, 0, 0, 0, 0, 0, 0, 0, 0, 0, 0, 0, 0, 0, 0, 0, 0, 0, 0, 0, 0, 0, 0, 0, 0, 0, 0, 0, 0, 0, 0, 0, 0, 0, 0, 0, 0, 0, 0, 0, 0, 0, 0, 0, 0, 0, 0, 0, 0, 0, 0, 0, 0, 0, 0.0059606503, 0.0054009384, 0.0050016483, 0.005178696, 0.005357923, 0.0057668537, 0.0061690556, 0.0065355813, 0.0067059062, 0.007029899, 0.0073488643, 0.007510751, 0.007840462, 0.0081685595, 0.008483516, 0.008633936, 0.008921029, 0.009192822, 0.009324769, 0.009582005, 0.00983232, 0.0099547515, 0.010192344, 0.010411277, 0.0105962, 0.010671495, 0.010782599, 0.010844479, 0.010859825, 0.010865662, 0.010846569, 0.010810997, 0.010790042, 0.010743939, 0.010686455, 0.010648516, 0.010540786, 0.010379124, 0.010277909, 0.010040669, 0.009768284, 0.009467397, 0.009304891, 0.008951572, 0.008557758, 0.008346995, 0.007902444, 0.007427404, 0.0069159325, 0.0066447235, 0.00607385, 0.005482826, 0.005195525, 0.004718365, 0.0045717936, 0.0046519083, 0, 0, 0, 0, 0, 0, 0, 0, 0, 0, 0, 0, 0, 0, 0, 0
0, 0, 0, 0, 0, 0, 0, 0, 0, 0, 0, 0, 0, 0, 0, 0, 0, 0, 0, 0, 0, 0, 0, 0, 0, 0, 0, 0, 0, 0, 0, 0, 0, 0, 0, 0, 0, 0, 0, 0, 0, 0, 0, 0, 0, 0, 0, 0, 0, 0, 0, 0, 0, 0, 0, 0, 0, 0, 0, 0, 0, 0, 0, 0, 0, 0, 0, 0, 0, 0, 0, 0, 0, 0, 0, 0, 0, 0, 0.0063281967, 0.005683368, 0.0049108965, 0.004847921, 0.004959577, 0.005297399, 0.00568179, 0.0060682045, 0.0062603764, 0.0066514574, 0.007061227, 0.0072736414, 0.0077058203, 0.0081299655, 0.008529507, 0.008717115, 0.0090682665, 0.009388986, 0.009538581, 0.00981855, 0.010075275, 0.010196491, 0.010424793, 0.01062927, 0.010799566, 0.010868929, 0.010974512, 0.011041779, 0.011063917, 0.011090128, 0.011096414, 0.011085694, 0.011074287, 0.011037812, 0.010974564, 0.010928407, 0.010798536, 0.01061689, 0.010509014, 0.010267943, 0.010000597, 0.009706571, 0.009547059, 0.009198158, 0.008810634, 0.008604161, 0.00817002, 0.007706583, 0.0072086384, 0.0069450787, 0.0063921153, 0.0058170455, 0.0055359243, 0.0050859815, 0.0051564258, 0.0056396695, 0, 0, 0, 0, 0, 0, 0, 0, 0, 0, 0, 0, 0, 0, 0, 0
0, 0, 0, 0, 0, 0, 0, 0, 0, 0, 0, 0, 0, 0, 0, 0, 0, 0, 0, 0, 0, 0, 0, 0, 0, 0, 0, 0, 0, 0, 0, 0, 0, 0, 0, 0, 0, 0, 0, 0, 0, 0, 0, 0, 0, 0, 0, 0, 0, 0, 0, 0, 0, 0, 0, 0, 0, 0, 0, 0, 0, 0, 0, 0, 0, 0, 0, 0, 0, 0, 0, 0, 0, 0, 0, 0, 0, 0, 0, 0.005868597, 0.004882203, 0.0045643277, 0.004600994, 0.004875064, 0.005270851, 0.0057122745, 0.005943351, 0.0064264513, 0.006935742, 0.0071966616, 0.007717003, 0.008214903, 0.008673494, 0.008885747, 0.009275646, 0.009620321, 0.009776113, 0.010057407, 0.010305426, 0.010419737, 0.01063282, 0.010822415, 0.010981263, 0.011047249, 0.0111543555, 0.011234528, 0.011267353, 0.011319754, 0.011351972, 0.01135796, 0.011348911, 0.011302384, 0.01121174, 0.011148433, 0.010986389, 0.010784991, 0.01067416, 0.010440466, 0.010194468, 0.009929287, 0.009785622, 0.009470686, 0.009115931, 0.008924001, 0.008511268, 0.008059864, 0.007573541, 0.0073203407, 0.0068035233, 0.0062947725, 0.0060606576, 0.0057342653, 0.0059338748, 0.0064402614, 0.008457896, 0, 0, 0, 0, 0, 0, 0, 0, 0, 0, 0, 0, 0, 0, 0
0, 0, 0, 0, 0, 0, 0, 0, 0, 0, 0, 0, 0, 0, 0, 0, 0, 0, 0, 0, 0, 0, 0, 0, 0, 0, 0, 0, 0, 0, 0, 0, 0, 0, 0, 0, 0, 0, 0, 0, 0, 0, 0, 0, 0, 0, 0, 0, 0, 0, 0, 0, 0, 0, 0, 0, 0, 0, 0, 0, 0, 0, 0, 0, 0, 0, 0, 0, 0, 0, 0, 0, 0, 0, 0, 0, 0, 0, 0, 0, 0.0050835456, 0.004455499, 0.0043926523, 0.0045950934, 0.0050247223, 0.0055436576, 0.005818713, 0.006386871, 0.0069662845, 0.0072541437, 0.007811284, 0.008326931, 0.008791568, 0.009004432, 0.009393609, 0.009736579, 0.009892243, 0.010175815, 0.010429771, 0.010548222, 0.010768909, 0.010963694, 0.011124823, 0.011192426, 0.011305472, 0.0113975685, 0.011437779, 0.011505429, 0.011549107, 0.011556329, 0.011542797, 0.011476962, 0.011358103, 0.011280391, 0.011095332, 0.010885095, 0.010775901, 0.010556019, 0.010334321, 0.010101395, 0.009976147, 0.009699939, 0.009380559, 0.009202007, 0.0088041015, 0.008356379, 0.007875528, 0.0076301475, 0.0071437, 0.006683385, 0.006476278, 0.0061803465, 0.0062853727, 0.0066525824, 0.008412309, 0, 0, 0, 0, 0, 0, 0, 0, 0, 0, 0, 0, 0, 0, 0
0, 0, 0, 0, 0, 0, 0, 0, 0, 0, 0, 0, 0, 0, 0, 0, 0, 0, 0, 0, 0, 0, 0, 0, 0, 0, 0, 0, 0, 0, 0, 0, 0, 0, 0, 0, 0, 0, 0, 0, 0, 0, 0, 0, 0, 0, 0, 0, 0, 0, 0, 0, 0, 0, 0, 0, 0, 0, 0, 0, 0, 0, 0, 0, 0, 0, 0, 0, 0, 0, 0, 0, 0, 0, 0, 0, 0, 0, 0, 0, 0.005428136, 0.004498194, 0.00431409, 0.004441459, 0.0049204514, 0.0055212546, 0.0058350824, 0.006461283, 0.007065929, 0.0073536644, 0.007891344, 0.0083731385, 0.008801364, 0.008998487, 0.009365103, 0.009702065, 0.009861295, 0.010163947, 0.010446947, 0.010579882, 0.01082366, 0.011029211, 0.011191026, 0.011257194, 0.011366879, 0.011456224, 0.011495132, 0.011559484, 0.011597886, 0.01159822, 0.011580582, 0.011505523, 0.011377738, 0.011296349, 0.011108555, 0.0109015545, 0.01079565, 0.010584361, 0.01037307, 0.010153329, 0.010036065, 0.009777327, 0.009473048, 0.009299029, 0.008904481, 0.008456517, 0.007978548, 0.007736235, 0.0072541647, 0.006778673, 0.0065461746, 0.0061214287, 0.005880063, 0.0059217266, 0.0065363287, 0, 0, 0, 0, 0, 0, 0, 0, 0, 0, 0, 0, 0, 0, 0
0, 0, 0, 0, 0, 0, 0, 0, 0, 0, 0, 0, 0, 0, 0, 0, 0, 0, 0, 0, 0, 0, 0, 0, 0, 0, 0, 0, 0, 0, 0, 0, 0, 0, 0, 0, 0, 0, 0, 0, 0, 0, 0, 0, 0, 0, 0, 0, 0, 0, 0, 0, 0, 0, 0, 0, 0, 0, 0, 0, 0, 0, 0, 0, 0, 0, 0, 0, 0, 0, 0, 0, 0, 0, 0, 0, 0, 0, 0, 0, 0, 0.0045842323, 0.0043224567, 0.0044073486, 0.0049237944, 0.0055830423, 0.005920958, 0.006570763, 0.007161947, 0.0074318815, 0.007920387, 0.00834862, 0.008732019, 0.008912609, 0.009260789, 0.009599902, 0.009767043, 0.010094234, 0.010402336, 0.010544378, 0.010794062, 0.010990479, 0.011135009, 0.011191644, 0.011283003, 0.011355394, 0.01138597, 0.011435081, 0.011462766, 0.011461164, 0.011445555, 0.011379055, 0.011263078, 0.011188008, 0.0110115865, 0.010812671, 0.0107084755, 0.010495563, 0.01027544, 0.010042954, 0.009919083, 0.009648301, 0.009334967, 0.009158138, 0.00876258, 0.008320474, 0.007851399, 0.0076106694, 0.007115318, 0.006585777, 0.0063022445, 0.005702993, 0.00513273, 0.0049229087, 0.004860353, 0, 0, 0, 0, 0, 0, 0, 0, 0, 0, 0, 0, 0, 0, 0
0, 0, 0, 0, 0, 0, 0, 0, 0, 0, 0, 0, 0, 0, 0, 0, 0, 0, 0, 0, 0, 0, 0, 0, 0, 0, 0, 0, 0, 0, 0, 0, 0, 0, 0, 0, 0, 0, 0, 0, 0, 0, 0, 0, 0, 0, 0, 0, 0, 0, 0, 0, 0, 0, 0, 0, 0, 0, 0, 0, 0, 0, 0, 0, 0, 0, 0, 0, 0, 0, 0, 0, 0, 0, 0, 0, 0, 0, 0, 0, 0, 0.004781923, 0.004638291, 0.0046205446, 0.005056306, 0.0057014157, 0.0060374555, 0.00667047, 0.007224333, 0.007470951, 0.007911037, 0.008298012, 0.008652963, 0.008824066, 0.00916207, 0.009499223, 0.0096670985, 0.009994521, 0.0102948, 0.010428668, 0.010653944, 0.010819975, 0.01093513, 0.010978666, 0.011047648, 0.011100561, 0.011122258, 0.011157115, 0.011178775, 0.011181482, 0.011172032, 0.011123153, 0.011027497, 0.01096181, 0.010800933, 0.010610548, 0.01050738, 0.010288378, 0.010051715, 0.009793955, 0.009655627, 0.009357216, 0.009024281, 0.008842745, 0.00844999, 0.008023798, 0.0075718584, 0.00733595, 0.0068334104, 0.00626898, 0.005956631, 0.005275075, 0.0045785457, 0.004280693, 0.003974984, 0, 0, 0, 0, 0, 0, 0, 0, 0, 0, 0, 0, 0, 0, 0
0, 0, 0, 0, 0, 0, 0, 0, 0, 0, 0, 0, 0, 0, 0, 0, 0, 0, 0, 0, 0, 0, 0, 0, 0, 0, 0, 0, 0, 0, 0, 0, 0, 0, 0, 0, 0, 0, 0, 0, 0, 0, 0, 0, 0, 0, 0, 0, 0, 0, 0, 0, 0, 0, 0, 0, 0, 0, 0, 0, 0, 0, 0, 0, 0, 0, 0, 0, 0, 0, 0, 0, 0, 0, 0, 0, 0, 0, 0, 0, 0, 0.0065083234, 0.005859899, 0.0051761563, 0.0053302413, 0.005854265, 0.006150348, 0.006718653, 0.0072202254, 0.0074455077, 0.007853943, 0.008221059, 0.008561975, 0.008726194, 0.009046655, 0.009359181, 0.00951187, 0.009803504, 0.010064064, 0.010177821, 0.010366465, 0.010503355, 0.010598411, 0.010634457, 0.010691068, 0.010732884, 0.010749955, 0.010777686, 0.010797773, 0.010805627, 0.010801192, 0.010765883, 0.010685733, 0.01062809, 0.010481545, 0.01030244, 0.01020298, 0.009985128, 0.009740452, 0.009466284, 0.009318168, 0.00900123, 0.008657455, 0.008475529, 0.008092254, 0.007684454, 0.007251627, 0.007023198, 0.006532716, 0.0059828763, 0.0056828884, 0.005044828, 0.004429642, 0.0041943626, 0.0041452358, 0.0051420573, 0, 0, 0, 0, 0, 0, 0, 0, 0, 0, 0, 0, 0, 0
0, 0, 0, 0, 0, 0, 0, 0, 0, 0, 0, 0, 0, 0, 0, 0, 0, 0, 0, 0, 0, 0, 0, 0, 0, 0, 0, 0, 0, 0, 0, 0, 0, 0, 0, 0, 0, 0, 0, 0, 0, 0, 0, 0, 0, 0, 0, 0, 0, 0, 0, 0, 0, 0, 0, 0, 0, 0, 0, 0, 0, 0, 0, 0, 0, 0, 0, 0, 0, 0, 0, 0, 0, 0, 0, 0, 0, 0, 0, 0, 0, 0, 0.006586915, 0.005950022, 0.005756329, 0.0059949146, 0.006192784, 0.0066361995, 0.007077075, 0.0072864764, 0.0076782927, 0.008034752, 0.008360334, 0.008512625, 0.00879896, 0.00906535, 0.009192217, 0.0094324, 0.009648833, 0.009745286, 0.009910991, 0.010039902, 0.0101363445, 0.010174834, 0.0102364, 0.010282778, 0.01030161, 0.010332744, 0.0103547545, 0.010361906, 0.010357087, 0.010322443, 0.010246875, 0.010193411, 0.010058748, 0.009894434, 0.009802685, 0.00959902, 0.009365522, 0.009099874, 0.008955395, 0.008645998, 0.008311647, 0.008135912, 0.007766857, 0.0073735705, 0.006954864, 0.006735047, 0.006270955, 0.0057705697, 0.0055075916, 0.0049713817, 0.0044872267, 0.0043183444, 0.0043513854, 0.005304771, 0, 0, 0, 0, 0, 0, 0, 0, 0, 0, 0, 0, 0, 0
0, 0, 0, 0, 0, 0, 0, 0, 0, 0, 0, 0, 0, 0, 0, 0, 0, 0, 0, 0, 0, 0, 0, 0, 0, 0, 0, 0, 0, 0, 0, 0, 0, 0, 0, 0, 0, 0, 0, 0, 0, 0, 0, 0, 0, 0, 0, 0, 0, 0, 0, 0, 0, 0, 0, 0, 0, 0, 0, 0, 0, 0, 0, 0, 0, 0, 0, 0, 0, 0, 0, 0, 0, 0, 0, 0, 0, 0, 0, 0, 0, 0, 0, 0.0077098184, 0.006423726, 0.005993288, 0.006022906, 0.0063090944, 0.0067036506, 0.0069051287, 0.007287665, 0.007630796, 0.007931634, 0.008067513, 0.008315131, 0.008539168, 0.008645468, 0.008849543, 0.009042194, 0.009132865, 0.0092987055, 0.009440403, 0.009556984, 0.009606671, 0.009690504, 0.009757512, 0.009785552, 0.009829875, 0.009854657, 0.009854486, 0.0098433085, 0.009795698, 0.009713385, 0.009660081, 0.009533149, 0.009384808, 0.009303274, 0.009124438, 0.008920902, 0.008688334, 0.008560659, 0.008282324, 0.007974002, 0.0078087193, 0.0074563893, 0.0070753153, 0.006669602, 0.006459352, 0.0060270526, 0.0055820784, 0.005356176, 0.0049063037, 0.0044957357, 0.004334749, 0.004219, 0.0045420635, 0, 0, 0, 0, 0, 0, 0, 0, 0, 0, 0, 0, 0, 0
0, 0, 0, 0, 0, 0, 0, 0, 0, 0, 0, 0, 0, 0, 0, 0, 0, 0, 0, 0, 0, 0, 0, 0, 0, 0, 0, 0, 0, 0, 0, 0, 0, 0, 0, 0, 0, 0, 0, 0, 0, 0, 0, 0, 0, 0, 0, 0, 0, 0, 0, 0, 0, 0, 0, 0, 0, 0, 0, 0, 0, 0, 0, 0, 0, 0, 0, 0, 0, 0, 0, 0, 0, 0, 0, 0, 0, 0, 0, 0, 0, 0, 0, 0.011128064, 0.006776053, 0.0055519687, 0.0054628383, 0.005685153, 0.0060790135, 0.0062809912, 0.0066553797, 0.0069778636, 0.0072528142, 0.0073759207, 0.0076024565, 0.007812186, 0.007913816, 0.008113807, 0.008309294, 0.008403941, 0.008583502, 0.008745609, 0.008886799, 0.008949462, 0.009060342, 0.009153257, 0.009192405, 0.009251787, 0.009278164, 0.009266523, 0.009246519, 0.009182256, 0.0090910755, 0.009037252, 0.008917397, 0.008784397, 0.008713779, 0.0085630575, 0.008396512, 0.008206048, 0.008098954, 0.007857479, 0.0075784866, 0.0074253166, 0.007093631, 0.0067321192, 0.006349085, 0.00615266, 0.00575601, 0.0053581875, 0.005158941, 0.004760625, 0.0043775975, 0.004209716, 0.0040160785, 0.004295874, 0.005461743, 0, 0, 0, 0, 0, 0, 0, 0, 0, 0, 0, 0, 0
0, 0, 0, 0, 0, 0, 0, 0, 0, 0, 0, 0, 0, 0, 0, 0, 0, 0, 0, 0, 0, 0, 0, 0, 0, 0, 0, 0, 0, 0, 0, 0, 0, 0, 0, 0, 0, 0, 0, 0, 0, 0, 0, 0, 0, 0, 0, 0, 0, 0, 0, 0, 0, 0, 0, 0, 0, 0, 0, 0, 0, 0, 0, 0, 0, 0, 0, 0, 0, 0, 0, 0, 0, 0, 0, 0, 0, 0, 0, 0, 0, 0, 0, 0, 0.00543812, 0.004636723, 0.004625985, 0.0049169124, 0.0053242845, 0.0055219526, 0.0058767456, 0.0061761164, 0.0064350404, 0.0065552485, 0.0067866445, 0.0070129805, 0.0071251066, 0.0073449784, 0.0075567835, 0.0076580727, 0.007848699, 0.008020439, 0.0081709875, 0.008238611, 0.008360126, 0.008464453, 0.00850892, 0.008575853, 0.008604093, 0.008589167, 0.008567365, 0.008501304, 0.008414275, 0.008364931, 0.008257249, 0.00813948, 0.0080777705, 0.00794965, 0.007811674, 0.0076522795, 0.007560265, 0.007346129, 0.0070922165, 0.0069525437, 0.0066511133, 0.0063257352, 0.0059826355, 0.0058072875, 0.0054523856, 0.005094703, 0.0049137264, 0.004542802, 0.0041615823, 0.003976442, 0.0036818278, 0.0036728496, 0.0040882793, 0, 0, 0, 0, 0, 0, 0, 0, 0, 0, 0, 0, 0
0, 0, 0, 0, 0, 0, 0, 0, 0, 0, 0, 0, 0, 0, 0, 0, 0, 0, 0, 0, 0, 0, 0, 0, 0, 0, 0, 0, 0, 0, 0, 0, 0, 0, 0, 0, 0, 0, 0, 0, 0, 0, 0, 0, 0, 0, 0, 0, 0, 0, 0, 0, 0, 0, 0, 0, 0, 0, 0, 0, 0, 0, 0, 0, 0, 0, 0, 0, 0, 0, 0, 0, 0, 0, 0, 0, 0, 0, 0, 0, 0, 0, 0, 0, 0.00435423, 0.0040663467, 0.004058571, 0.0042787944, 0.004620136, 0.0047918656, 0.005108861, 0.0053872853, 0.0056431293, 0.0057685124, 0.0060213474, 0.006277067, 0.006403084, 0.006645272, 0.006866791, 0.0069681755, 0.0071514947, 0.0073088557, 0.0074419016, 0.0075009023, 0.0076071424, 0.0077018132, 0.00774416, 0.007813489, 0.007852268, 0.0078548435, 0.007843713, 0.007801654, 0.007739713, 0.0077020354, 0.0076140137, 0.007511308, 0.007455965, 0.007339629, 0.007213418, 0.007066613, 0.0069812885, 0.0067837234, 0.0065554767, 0.006432739, 0.0061751967, 0.005902085, 0.005613081, 0.005462966, 0.00515322, 0.004831628, 0.004664689, 0.004311633, 0.0039277743, 0.0037283571, 0.0033534341, 0.003130562, 0.0031891693, 0, 0, 0, 0, 0, 0, 0, 0, 0, 0, 0, 0, 0
0, 0, 0, 0, 0, 0, 0, 0, 0, 0, 0, 0, 0, 0, 0, 0, 0, 0, 0, 0, 0, 0, 0, 0, 0, 0, 0, 0, 0, 0, 0, 0, 0, 0, 0, 0, 0, 0, 0, 0, 0, 0, 0, 0, 0, 0, 0, 0, 0, 0, 0, 0, 0, 0, 0, 0, 0, 0, 0, 0, 0, 0, 0, 0, 0, 0, 0, 0, 0, 0, 0, 0, 0, 0, 0, 0, 0, 0, 0, 0, 0, 0, 0, 0, 0.0053250226, 0.004197721, 0.0039231125, 0.0038334746, 0.0040345136, 0.0041689943, 0.004444463, 0.0047088386, 0.004967943, 0.0050996765, 0.0053707333, 0.0056448053, 0.0057774386, 0.0060231145, 0.0062333057, 0.006323947, 0.0064786514, 0.006603186, 0.0067042927, 0.0067488234, 0.00683171, 0.0069129616, 0.006953466, 0.007029379, 0.007089091, 0.0071233567, 0.0071304063, 0.0071259057, 0.0070979754, 0.007075305, 0.007011359, 0.0069243377, 0.0068739424, 0.006762432, 0.006637439, 0.0064928303, 0.006411402, 0.006231234, 0.0060356157, 0.0059349407, 0.0057295146, 0.005513509, 0.005278335, 0.0051519712, 0.0048820497, 0.004590318, 0.0044353926, 0.0041030934, 0.0037381696, 0.0035485143, 0.0031954811, 0.003022964, 0.0033735093, 0.0038230636, 0, 0, 0, 0, 0, 0, 0, 0, 0, 0, 0, 0
0, 0, 0, 0, 0, 0, 0, 0, 0, 0, 0, 0, 0, 0, 0, 0, 0, 0, 0, 0, 0, 0, 0, 0, 0, 0, 0, 0, 0, 0, 0, 0, 0, 0, 0, 0, 0, 0, 0, 0, 0, 0, 0, 0, 0, 0, 0, 0, 0, 0, 0, 0, 0, 0, 0, 0, 0, 0, 0, 0, 0, 0, 0, 0, 0, 0, 0, 0, 0, 0, 0, 0, 0, 0, 0, 0, 0, 0, 0, 0, 0, 0, 0, 0, 0, 0.004194644, 0.0037474143, 0.0034149438, 0.0035095913, 0.0036169863, 0.003864154, 0.0041185883, 0.004376461, 0.004508539, 0.0047796294, 0.005047968, 0.0051743835, 0.005400442, 0.0055822, 0.005656782, 0.0057805693, 0.0058798715, 0.0059648966, 0.006004631, 0.006083813, 0.006167311, 0.006210948, 0.0062975218, 0.00637351, 0.0064283507, 0.00644686, 0.006466048, 0.0064623584, 0.0064516305, 0.006410207, 0.006341874, 0.006298339, 0.006195485, 0.0060749985, 0.005938674, 0.0058651525, 0.005711477, 0.0055551743, 0.0054772864, 0.0053199027, 0.005150527, 0.0049562193, 0.0048473375, 0.0046068328, 0.0043397327, 0.0041972846, 0.0038945375, 0.0035731683, 0.0034127277, 0.0031319323, 0.0030325477, 0.0034026161, 0.0038618462, 0, 0, 0, 0, 0, 0, 0, 0, 0, 0, 0, 0
0, 0, 0, 0, 0, 0, 0, 0, 0, 0, 0, 0, 0, 0, 0, 0, 0, 0, 0, 0, 0, 0, 0, 0, 0, 0, 0, 0, 0, 0, 0, 0, 0, 0, 0, 0, 0, 0, 0, 0, 0, 0, 0, 0, 0, 0, 0, 0, 0, 0, 0, 0, 0, 0, 0, 0, 0, 0, 0, 0, 0, 0, 0, 0, 0, 0, 0, 0, 0, 0, 0, 0, 0, 0, 0, 0, 0, 0, 0, 0, 0, 0, 0, 0, 0, 0.0039205486, 0.0034009132, 0.0029660726, 0.0030044229, 0.0030921903, 0.00331195, 0.0035506305, 0.0037960573, 0.0039212843, 0.004172192, 0.0044134064, 0.0045248386, 0.004719307, 0.0048736813, 0.004938293, 0.005051824, 0.005155821, 0.005257415, 0.0053075557, 0.0054065883, 0.00550293, 0.0055493093, 0.0056341, 0.0057017175, 0.0057460847, 0.0057603363, 0.0057756742, 0.0057775322, 0.0057735937, 0.005751782, 0.0057060844, 0.0056735645, 0.0055903587, 0.0054878197, 0.0053732404, 0.0053132144, 0.0051918896, 0.0050711096, 0.005011029, 0.0048862216, 0.0047460636, 0.0045783585, 0.004482553, 0.0042679315, 0.0040289727, 0.0039026116, 0.0036407302, 0.003374814, 0.0032461945, 0.003022894, 0.0029149898, 0.00305664, 0.0032415604, 0, 0, 0, 0, 0, 0, 0, 0, 0, 0, 0, 0
0, 0, 0, 0, 0, 0, 0, 0, 0, 0, 0, 0, 0, 0, 0, 0, 0, 0, 0, 0, 0, 0, 0, 0, 0, 0, 0, 0, 0, 0, 0, 0, 0, 0, 0, 0, 0, 0, 0, 0, 0, 0, 0, 0, 0, 0, 0, 0, 0, 0, 0, 0, 0, 0, 0, 0, 0, 0, 0, 0, 0, 0, 0, 0, 0, 0, 0, 0, 0, 0, 0, 0, 0, 0, 0, 0, 0, 0, 0, 0, 0, 0, 0, 0, 0, 0, 0.0028715807, 0.0026087533, 0.0025592952, 0.0026099551, 0.0027865728, 0.0030048806, 0.0032330286, 0.0033466339, 0.00356667, 0.0037705183, 0.0038634131, 0.004027887, 0.004167457, 0.004231265, 0.0043566674, 0.004485814, 0.0046172906, 0.004681006, 0.004797303, 0.0048929304, 0.0049318234, 0.004990333, 0.0050233207, 0.0050342646, 0.0050344244, 0.005030678, 0.0050280998, 0.005027043, 0.005020258, 0.0049974145, 0.0049773655, 0.00492031, 0.004845194, 0.004760127, 0.0047154403, 0.004623486, 0.004527147, 0.004476756, 0.00436876, 0.0042457874, 0.0041004317, 0.0040183123, 0.0038364197, 0.0036373178, 0.0035337624, 0.003323796, 0.0031150163, 0.0030136718, 0.0028283182, 0.0027073175, 0.0027774794, 0.002961257, 0.0037490635, 0, 0, 0, 0, 0, 0, 0, 0, 0, 0, 0
0, 0, 0, 0, 0, 0, 0, 0, 0, 0, 0, 0, 0, 0, 0, 0, 0, 0, 0, 0, 0, 0, 0, 0, 0, 0, 0, 0, 0, 0, 0, 0, 0, 0, 0, 0, 0, 0, 0, 0, 0, 0, 0, 0, 0, 0, 0, 0, 0, 0, 0, 0, 0, 0, 0, 0, 0, 0, 0, 0, 0, 0, 0, 0, 0, 0, 0, 0, 0, 0, 0, 0, 0, 0, 0, 0, 0, 0, 0, 0, 0, 0, 0, 0, 0, 0, 0.0033925623, 0.0025069008, 0.002204858, 0.0022053516, 0.0023455413, 0.0025548409, 0.0027693757, 0.0028707015, 0.0030570053, 0.003221153, 0.003295731, 0.0034331242, 0.0035614413, 0.00362557, 0.0037584691, 0.003898584, 0.004036574, 0.0040997257, 0.0042039324, 0.004272634, 0.0042935153, 0.0043130857, 0.0043098493, 0.004293082, 0.004283304, 0.004267302, 0.0042603617, 0.004259862, 0.0042588254, 0.004247873, 0.004236096, 0.004199116, 0.004148531, 0.004089996, 0.004058173, 0.003988137, 0.003907393, 0.003862844, 0.0037657646, 0.003657923, 0.0035375527, 0.003472345, 0.00333225, 0.0031836662, 0.00310782, 0.00295452, 0.0027978155, 0.00271698, 0.0025503184, 0.0024005426, 0.0023554862, 0.0024209616, 0.0027327097, 0, 0, 0, 0, 0, 0, 0, 0, 0, 0, 0
0, 0, 0, 0, 0, 0, 0, 0, 0, 0, 0, 0, 0, 0, 0, 0, 0, 0, 0, 0, 0, 0, 0, 0, 0, 0, 0, 0, 0, 0, 0, 0, 0, 0, 0, 0, 0, 0, 0, 0, 0, 0, 0, 0, 0, 0, 0, 0, 0, 0, 0, 0, 0, 0, 0, 0, 0, 0, 0, 0, 0, 0, 0, 0, 0, 0, 0, 0, 0, 0, 0, 0, 0, 0, 0, 0, 0, 0, 0, 0, 0, 0, 0, 0, 0, 0, 0, 0.002202238, 0.0018912597, 0.0018970871, 0.002048913, 0.0022589173, 0.0024577307, 0.0025449335, 0.0026946445, 0.002818416, 0.0028745842, 0.002981125, 0.0030857716, 0.003139009, 0.0032485866, 0.003359399, 0.0034615118, 0.0035046556, 0.0035681461, 0.0035977284, 0.003601646, 0.003595483, 0.003580321, 0.0035627035, 0.0035545372, 0.0035412747, 0.003532139, 0.003528733, 0.0035207106, 0.0035052712, 0.0034938764, 0.0034634979, 0.0034267174, 0.0033862076, 0.0033638375, 0.0033113875, 0.003244953, 0.0032066316, 0.003121753, 0.0030306634, 0.0029366678, 0.002888657, 0.0027915374, 0.0026939118, 0.0026450772, 0.002543943, 0.0024294553, 0.0023626897, 0.00220545, 0.0020292252, 0.0018949885, 0.0018762252, 0.0019549488, 0, 0, 0, 0, 0, 0, 0, 0, 0, 0, 0
0, 0, 0, 0, 0, 0, 0, 0, 0, 0, 0, 0, 0, 0, 0, 0, 0, 0, 0, 0, 0, 0, 0, 0, 0, 0, 0, 0, 0, 0, 0, 0, 0, 0, 0, 0, 0, 0, 0, 0, 0, 0, 0, 0, 0, 0, 0, 0, 0, 0, 0, 0, 0, 0, 0, 0, 0, 0, 0, 0, 0, 0, 0, 0, 0, 0, 0, 0, 0, 0, 0, 0, 0, 0, 0, 0, 0, 0, 0, 0, 0, 0, 0, 0, 0, 0, 0, 0.0018160971, 0.0017474566, 0.0017725507, 0.0019120257, 0.0020893256, 0.0022484337, 0.0023145634, 0.0024223079, 0.0025065236, 0.0025436925, 0.002613162, 0.0026769023, 0.0027063885, 0.0027604033, 0.0028075594, 0.0028455842, 0.0028592735, 0.0028748272, 0.0028747784, 0.0028714894, 0.0028654775, 0.00286446, 0.0028671399, 0.0028676835, 0.0028637147, 0.002851248, 0.0028419741, 0.0028177227, 0.0027878515, 0.002771288, 0.002737542, 0.0027062949, 0.0026776844, 0.002663065, 0.0026276903, 0.0025782012, 0.0025477018, 0.0024781737, 0.0024040798, 0.0023321232, 0.002298095, 0.0022352317, 0.0021779262, 0.0021499614, 0.0020884655, 0.002005768, 0.0019514235, 0.0018131771, 0.0016503487, 0.0015238, 0.0015111658, 0.0016857432, 0, 0, 0, 0, 0, 0, 0, 0, 0, 0, 0
0, 0, 0, 0, 0, 0, 0, 0, 0, 0, 0, 0, 0, 0, 0, 0, 0, 0, 0, 0, 0, 0, 0, 0, 0, 0, 0, 0, 0, 0, 0, 0, 0, 0, 0, 0, 0, 0, 0, 0, 0, 0, 0, 0, 0, 0, 0, 0, 0, 0, 0, 0, 0, 0, 0, 0, 0, 0, 0, 0, 0, 0, 0, 0, 0, 0, 0, 0, 0, 0, 0, 0, 0, 0, 0, 0, 0, 0, 0, 0, 0, 0, 0, 0, 0, 0, 0, 0.0022080669, 0.0019323301, 0.0018600372, 0.0018530587, 0.0019327014, 0.0020225295, 0.0020612488, 0.0021233861, 0.002170638, 0.002190379, 0.002222819, 0.002240746, 0.0022432914, 0.0022356529, 0.0022162856, 0.0021924137, 0.002180124, 0.002158292, 0.0021429963, 0.0021400454, 0.0021463134, 0.0021660933, 0.0021881203, 0.002195328, 0.002195707, 0.002175259, 0.0021583734, 0.002116337, 0.0020698863, 0.0020476796, 0.0020090032, 0.0019816519, 0.001964682, 0.0019582422, 0.0019415858, 0.0019127304, 0.0018919433, 0.0018403957, 0.001782712, 0.0017276647, 0.001703406, 0.0016635202, 0.0016325319, 0.0016179078, 0.0015824207, 0.0015259116, 0.0014864116, 0.0013863472, 0.0012757288, 0.0012034765, 0.0012063023, 0.0013260725, 0, 0, 0, 0, 0, 0, 0, 0, 0, 0, 0
0, 0, 0, 0, 0, 0, 0, 0, 0, 0, 0, 0, 0, 0, 0, 0, 0, 0, 0, 0, 0, 0, 0, 0, 0, 0, 0, 0, 0, 0, 0, 0, 0, 0, 0, 0, 0, 0, 0, 0, 0, 0, 0, 0, 0, 0, 0, 0, 0, 0, 0, 0, 0, 0, 0, 0, 0, 0, 0, 0, 0, 0, 0, 0, 0, 0, 0, 0, 0, 0, 0, 0, 0, 0, 0, 0, 0, 0, 0, 0, 0, 0, 0, 0, 0, 0, 0, 0.0029379947, 0.002160448, 0.0019226102, 0.0017086845, 0.0016726638, 0.0016893906, 0.0017005989, 0.0017198967, 0.0017348351, 0.0017405074, 0.0017442739, 0.001730489, 0.0017148436, 0.0016676498, 0.001606344, 0.0015433951, 0.0015145921, 0.0014678565, 0.0014410589, 0.0014368067, 0.0014462324, 0.0014706985, 0.0014936412, 0.0014987891, 0.0014899038, 0.0014540742, 0.0014284153, 0.001368465, 0.0013089373, 0.0012831759, 0.0012443413, 0.0012259429, 0.00122422, 0.0012270572, 0.0012312318, 0.0012241628, 0.0012145237, 0.0011840696, 0.0011449413, 0.0011066062, 0.0010906751, 0.0010674541, 0.0010534726, 0.0010477197, 0.001031634, 0.0010035868, 0.0009845742, 0.0009411185, 0.00090625667, 0.0009136607, 0.00095004495, 0.001134529, 0.0014849451, 0, 0, 0, 0, 0, 0, 0, 0, 0, 0
0, 0, 0, 0, 0, 0, 0, 0, 0, 0, 0, 0, 0, 0, 0, 0, 0, 0, 0, 0, 0, 0, 0, 0, 0, 0, 0, 0, 0, 0, 0, 0, 0, 0, 0, 0, 0, 0, 0, 0, 0, 0, 0, 0, 0, 0, 0, 0, 0, 0, 0, 0, 0, 0, 0, 0, 0, 0, 0, 0, 0, 0, 0, 0, 0, 0, 0, 0, 0, 0, 0, 0, 0, 0, 0, 0, 0, 0, 0, 0, 0, 0, 0, 0, 0, 0, 0, 0, 0.002013351, 0.0017183254, 0.0014069438, 0.0013032677, 0.0012662377, 0.0012544484, 0.0012350695, 0.0012210783, 0.0012155058, 0.0012011194, 0.0011736661, 0.0011520217, 0.0010925527, 0.0010171438, 0.0009364204, 0.000897703, 0.0008310684, 0.00078608515, 0.0007732095, 0.00076431286, 0.00076788315, 0.0007667171, 0.0007592732, 0.00072560494, 0.00066797284, 0.00063329795, 0.000560771, 0.00049713015, 0.0004727685, 0.00044349112, 0.00044016217, 0.000455647, 0.00046663737, 0.00048704704, 0.00049812783, 0.00049853395, 0.00048998656, 0.00047433525, 0.0004591103, 0.00045388294, 0.00045020616, 0.00045429313, 0.00045770104, 0.00046454094, 0.0004718745, 0.00047747235, 0.00049811776, 0.00054015906, 0.0006184106, 0.00067867286, 0.000860026, 0.001080703, 0, 0, 0, 0, 0, 0, 0, 0, 0, 0
0, 0, 0, 0, 0, 0, 0, 0, 0, 0, 0, 0, 0, 0, 0, 0, 0, 0, 0, 0, 0, 0, 0, 0, 0, 0, 0, 0, 0, 0, 0, 0, 0, 0, 0, 0, 0, 0, 0, 0, 0, 0, 0, 0, 0, 0, 0, 0, 0, 0, 0, 0, 0, 0, 0, 0, 0, 0, 0, 0, 0, 0, 0, 0, 0, 0, 0, 0, 0, 0, 0, 0, 0, 0, 0, 0, 0, 0, 0, 0, 0, 0, 0, 0, 0, 0, 0, 0, 0.0016424838, 0.0013755019, 0.0010716679, 0.00093879295, 0.0008583677, 0.00082456373, 0.00076636835, 0.00072227325, 0.0007049024, 0.00067370693, 0.0006363348, 0.0006120622, 0.0005491386, 0.0004682665, 0.00037649955, 0.00032957818, 0.00024153925, 0.00016952468, 0.00014088463, 9.579444e-05, 5.7559802e-05, 1.40679595e-05, -1.2570183e-05, -7.6232194e-05, -0.0001498586, -0.00018729117, -0.00025586635, -0.00030666564, -0.00032246453, -0.00033363458, -0.00032205644, -0.00029809217, -0.0002850785, -0.0002618432, -0.00024411902, -0.00023703149, -0.00022393683, -0.00021002865, -0.00019239381, -0.0001814614, -0.00015549536, -0.00012492925, -0.00010836357, -7.239369e-05, -2.7122189e-05, 1.9319773e-06, 7.690954e-05, 0.00017706501, 0.00030172584, 0.00037386952, 0.00053811056, 0.0006891969, 0, 0, 0, 0, 0, 0, 0, 0, 0, 0
0, 0, 0, 0, 0, 0, 0, 0, 0, 0, 0, 0, 0, 0, 0, 0, 0, 0, 0, 0, 0, 0, 0, 0, 0, 0, 0, 0, 0, 0, 0, 0, 0, 0, 0, 0, 0, 0, 0, 0, 0, 0, 0, 0, 0, 0, 0, 0, 0, 0, 0, 0, 0, 0, 0, 0, 0, 0, 0, 0, 0, 0, 0, 0, 0, 0, 0, 0, 0, 0, 0, 0, 0, 0, 0, 0, 0, 0, 0, 0, 0, 0, 0, 0, 0, 0, 0, 0, 0, 0.0010436676, 0.00085457525, 0.00068270287, 0.0005490053, 0.00049112027, 0.00039168893, 0.00031331755, 0.00028035554, 0.00022034433, 0.00015809012, 0.00012304248, 4.182464e-05, -5.5499546e-05, -0.00016546705, -0.00022245421, -0.0003334589, -0.0004339665, -0.00047959652, -0.0005641447, -0.00064641493, -0.0007298235, -0.00077142136, -0.0008512665, -0.00092048716, -0.00094921957, -0.000993357, -0.0010170764, -0.0010211777, -0.0010164086, -0.0010015966, -0.000986773, -0.0009806734, -0.00097034284, -0.0009553569, -0.0009437383, -0.00090860936, -0.00085971167, -0.0008020242, -0.0007711475, -0.0007076373, -0.00064372475, -0.000611619, -0.0005453961, -0.00046930884, -0.00042417934, -0.00031653873, -0.00018545966, -3.843579e-05, 3.834108e-05, 0.00018811935, 0.00028895345, 0, 0, 0, 0, 0, 0, 0, 0, 0, 0
0, 0, 0, 0, 0, 0, 0, 0, 0, 0, 0, 0, 0, 0, 0, 0, 0, 0, 0, 0, 0, 0, 0, 0, 0, 0, 0, 0, 0, 0, 0, 0, 0, 0, 0, 0, 0, 0, 0, 0, 0, 0, 0, 0, 0, 0, 0, 0, 0, 0, 0, 0, 0, 0, 0, 0, 0, 0, 0, 0, 0, 0, 0, 0, 0, 0, 0, 0, 0, 0, 0, 0, 0, 0, 0, 0, 0, 0, 0, 0, 0, 0, 0, 0, 0, 0, 0, 0, 0, 0.0011865991, 0.00078663666, 0.00051316706, 0.00032149538, 0.00024176307, 0.00010468881, -1.0805806e-05, -6.420581e-05, -0.0001689517, -0.00027760243, -0.0003348527, -0.00045574634, -0.0005857668, -0.0007213225, -0.0007890722, -0.0009186948, -0.0010377053, -0.0010936132, -0.0012021117, -0.001308729, -0.0014095024, -0.0014546984, -0.0015281389, -0.0015756397, -0.0015903207, -0.0016055097, -0.001607327, -0.0016050487, -0.0015985658, -0.0015957804, -0.0016009704, -0.0016056069, -0.0016103577, -0.0015960798, -0.0015780459, -0.0015192202, -0.0014364932, -0.0013413158, -0.0012923168, -0.0011947706, -0.0011002194, -0.001054389, -0.0009637357, -0.0008675328, -0.0008141424, -0.0006924962, -0.0005503005, -0.00039663943, -0.00032042086, -0.00019020456, -0.00017359633, -0.00027543254, 0, 0, 0, 0, 0, 0, 0, 0, 0
0, 0, 0, 0, 0, 0, 0, 0, 0, 0, 0, 0, 0, 0, 0, 0, 0, 0, 0, 0, 0, 0, 0, 0, 0, 0, 0, 0, 0, 0, 0, 0, 0, 0, 0, 0, 0, 0, 0, 0, 0, 0, 0, 0, 0, 0, 0, 0, 0, 0, 0, 0, 0, 0, 0, 0, 0, 0, 0, 0, 0, 0, 0, 0, 0, 0, 0, 0, 0, 0, 0, 0, 0, 0, 0, 0, 0, 0, 0, 0, 0, 0, 0, 0, 0, 0, 0, 0, 0, 0, 0.0005913809, 0.0003008794, 9.188453e-05, 1.7325907e-06, -0.00016057352, -0.00031129378, -0.0003866001, -0.00054321735, -0.00070798566, -0.0007922135, -0.0009607978, -0.0011260563, -0.0012839575, -0.0013581844, -0.0014940841, -0.0016145755, -0.0016707755, -0.0017801427, -0.0018868289, -0.001983974, -0.002024935, -0.0020858052, -0.0021179437, -0.0021256204, -0.0021315017, -0.0021325264, -0.0021331762, -0.0021379362, -0.0021501202, -0.0021680335, -0.0021759872, -0.002179384, -0.0021522148, -0.0021244304, -0.002042026, -0.0019354617, -0.0018181555, -0.0017588945, -0.0016416563, -0.0015280017, -0.0014727953, -0.0013633956, -0.0012500263, -0.0011889613, -0.0010536234, -0.0009008912, -0.0007385595, -0.00065885537, -0.0005205401, -0.00047392547, -0.0005264945, 0, 0, 0, 0, 0, 0, 0, 0, 0
0, 0, 0, 0, 0, 0, 0, 0, 0, 0, 0, 0, 0, 0, 0, 0, 0, 0, 0, 0, 0, 0, 0, 0, 0, 0, 0, 0, 0, 0, 0, 0, 0, 0, 0, 0, 0, 0, 0, 0, 0, 0, 0, 0, 0, 0, 0, 0, 0, 0, 0, 0, 0, 0, 0, 0, 0, 0, 0, 0, 0, 0, 0, 0, 0, 0, 0, 0, 0, 0, 0, 0, 0, 0, 0, 0, 0, 0, 0, 0, 0, 0, 0, 0, 0, 0, 0, 0, 0, 0, 0.00013456834, -3.985892e-06, -0.00018043704, -0.00026917004, -0.00044464302, -0.0006242409, -0.00071876653, -0.00091969274, -0.0011307193, -0.0012360999, -0.0014395796, -0.0016273342, -0.0017943858, -0.0018690815, -0.0020002183, -0.0021123365, -0.0021642274, -0.0022658769, -0.0023661866, -0.0024595135, -0.002499885, -0.0025634978, -0.002604699, -0.0026189985, -0.0026404737, -0.0026575665, -0.0026653307, -0.0026800323, -0.0026933085, -0.0027012937, -0.0027002164, -0.002679795, -0.0026265173, -0.0025869878, -0.0024873875, -0.002371038, -0.0022500642, -0.0021896313, -0.002068907, -0.0019471464, -0.0018851015, -0.0017561791, -0.0016163619, -0.0015407215, -0.0013762088, -0.0011972443, -0.0010115184, -0.0009191936, -0.0007440189, -0.0006111349, -0.0005791548, 0, 0, 0, 0, 0, 0, 0, 0, 0
0, 0, 0, 0, 0, 0, 0, 0, 0, 0, 0, 0, 0, 0, 0, 0, 0, 0, 0, 0, 0, 0, 0, 0, 0, 0, 0, 0, 0, 0, 0, 0, 0, 0, 0, 0, 0, 0, 0, 0, 0, 0, 0, 0, 0, 0, 0, 0, 0, 0, 0, 0, 0, 0, 0, 0, 0, 0, 0, 0, 0, 0, 0, 0, 0, 0, 0, 0, 0, 0, 0, 0, 0, 0, 0, 0, 0, 0, 0, 0, 0, 0, 0, 0, 0, 0, 0, 0, 0, 0, -0.00018914856, -0.00029743937, -0.00044417533, -0.00053032057, -0.0007153008, -0.0009170164, -0.0010251846, -0.0012543942, -0.0014908005, -0.0016065103, -0.0018249813, -0.0020192186, -0.002186137, -0.002259281, -0.0023884596, -0.002501223, -0.002554916, -0.0026623039, -0.0027705845, -0.0028751513, -0.0029230851, -0.0030065116, -0.003071781, -0.0030984478, -0.003141851, -0.0031732589, -0.0031845816, -0.0031970423, -0.0031953347, -0.0031763236, -0.003158542, -0.0031033298, -0.003021678, -0.0029722953, -0.002862953, -0.0027477022, -0.0026331376, -0.0025758946, -0.0024582369, -0.0023309693, -0.0022613062, -0.0021067432, -0.0019289555, -0.001831523, -0.0016234668, -0.00140607, -0.0011876699, -0.0010797308, -0.0008715768, -0.0007068275, -0.00067283306, -0.00080305134, 0, 0, 0, 0, 0, 0, 0, 0
0, 0, 0, 0, 0, 0, 0, 0, 0, 0, 0, 0, 0, 0, 0, 0, 0, 0, 0, 0, 0, 0, 0, 0, 0, 0, 0, 0, 0, 0, 0, 0, 0, 0, 0, 0, 0, 0, 0, 0, 0, 0, 0, 0, 0, 0, 0, 0, 0, 0, 0, 0, 0, 0, 0, 0, 0, 0, 0, 0, 0, 0, 0, 0, 0, 0, 0, 0, 0, 0, 0, 0, 0, 0, 0, 0, 0, 0, 0, 0, 0, 0, 0, 0, 0, 0, 0, 0, 0, 0, 0, -0.00053319667, -0.0006391339, -0.0007205988, -0.0009151833, -0.0011355154, -0.0012531521, -0.0014973254, -0.001742154, -0.0018601043, -0.00208026, -0.0022747237, -0.0024439702, -0.0025206432, -0.0026628845, -0.0027975196, -0.0028641128, -0.0029971164, -0.003127972, -0.0032505507, -0.0033066322, -0.0034051947, -0.0034844684, -0.0035171378, -0.0035684432, -0.00360215, -0.0036118203, -0.0036159297, -0.003597451, -0.003553607, -0.0035215807, -0.0034382893, -0.0033355474, -0.0032798904, -0.0031660763, -0.0030542645, -0.0029441842, -0.002888129, -0.0027685275, -0.0026297704, -0.002549987, -0.002366208, -0.0021499998, -0.0020318239, -0.0017836351, -0.0015315965, -0.0012833962, -0.0011608229, -0.0009198151, -0.00070575834, -0.00063019583, -0.0005938825, 0, 0, 0, 0, 0, 0, 0, 0
0, 0, 0, 0, 0, 0, 0, 0, 0, 0, 0, 0, 0, 0, 0, 0, 0, 0, 0, 0, 0, 0, 0, 0, 0, 0, 0, 0, 0, 0, 0, 0, 0, 0, 0, 0, 0, 0, 0, 0, 0, 0, 0, 0, 0, 0, 0, 0, 0, 0, 0, 0, 0, 0, 0, 0, 0, 0, 0, 0, 0, 0, 0, 0, 0, 0, 0, 0, 0, 0, 0, 0, 0, 0, 0, 0, 0, 0, 0, 0, 0, 0, 0, 0, 0, 0, 0, 0, 0, 0, 0, -0.00073180546, -0.0007478441, -0.000821135, -0.0010277715, -0.0012705012, -0.0013970901, -0.0016520758, -0.0018984507, -0.0020153965, -0.002233613, -0.0024309263, -0.0026121335, -0.0026990885, -0.0028703497, -0.0030409321, -0.003125409, -0.0032885445, -0.0034363847, -0.0035626595, -0.0036166126, -0.0037070871, -0.0037770355, -0.0038052418, -0.003850231, -0.0038803883, -0.0038893204, -0.0038925495, -0.0038706786, -0.0038180405, -0.0037798812, -0.003683769, -0.0035710866, -0.003512665, -0.0033970366, -0.0032849908, -0.003171967, -0.0031125867, -0.0029810814, -0.0028241929, -0.0027334928, -0.002524975, -0.0022829326, -0.0021529242, -0.0018842537, -0.0016151172, -0.001349569, -0.0012165757, -0.00094717357, -0.0006880919, -0.00058033987, -0.0004745301, 0, 0, 0, 0, 0, 0, 0, 0
0, 0, 0, 0, 0, 0, 0, 0, 0, 0, 0, 0, 0, 0, 0, 0, 0, 0, 0, 0, 0, 0, 0, 0, 0, 0, 0, 0, 0, 0, 0, 0, 0, 0, 0, 0, 0, 0, 0, 0, 0, 0, 0, 0, 0, 0, 0, 0, 0, 0, 0, 0, 0, 0, 0, 0, 0, 0, 0, 0, 0, 0, 0, 0, 0, 0, 0, 0, 0, 0, 0, 0, 0, 0, 0, 0, 0, 0, 0, 0, 0, 0, 0, 0, 0, 0, 0, 0, 0, 0, 0, -0.0007356513, -0.0007836292, -0.00085903564, -0.001083978, -0.0013539548, -0.0014918786, -0.0017587349, -0.0020058905, -0.0021214413, -0.0023387156, -0.0025432915, -0.0027432987, -0.0028438487, -0.0030477042, -0.0032510632, -0.0033487247, -0.0035266033, -0.0036709895, -0.0037781154, -0.0038192102, -0.003882913, -0.0039306306, -0.0039509945, -0.00398771, -0.004019287, -0.0040319706, -0.004045552, -0.0040340154, -0.0039876946, -0.0039512557, -0.003856557, -0.0037448006, -0.0036867762, -0.003571221, -0.0034553467, -0.0033326175, -0.0032660724, -0.0031167888, -0.0029408408, -0.0028412968, -0.002618769, -0.002369689, -0.0022385013, -0.0019712786, -0.0017039634, -0.0014355482, -0.0012985871, -0.0010175165, -0.00074231176, -0.000625057, -0.0004997823, 0, 0, 0, 0, 0, 0, 0, 0
0, 0, 0, 0, 0, 0, 0, 0, 0, 0, 0, 0, 0, 0, 0, 0, 0, 0, 0, 0, 0, 0, 0, 0, 0, 0, 0, 0, 0, 0, 0, 0, 0, 0, 0, 0, 0, 0, 0, 0, 0, 0, 0, 0, 0, 0, 0, 0, 0, 0, 0, 0, 0, 0, 0, 0, 0, 0, 0, 0, 0, 0, 0, 0, 0, 0, 0, 0, 0, 0, 0, 0, 0, 0, 0, 0, 0, 0, 0, 0, 0, 0, 0, 0, 0, 0, 0, 0, 0, 0, 0, -0.0009737745, -0.00085582235, -0.00089402264, -0.0011138833, -0.0014111901, -0.0015611665, -0.0018404552, -0.0020879898, -0.0022023995, -0.0024203293, -0.002633996, -0.0028518755, -0.0029636251, -0.0031899712, -0.0034094134, -0.003510433, -0.0036835268, -0.0038096602, -0.0038912739, -0.0039193034, -0.0039607896, -0.0039949305, -0.0040121046, -0.0040491885, -0.0040882993, -0.0041064667, -0.004132596, -0.0041334312, -0.0040992205, -0.004068282, -0.0039842525, -0.0038814973, -0.0038264266, -0.003711748, -0.0035892325, -0.003453015, -0.0033781498, -0.003211988, -0.0030223061, -0.002918533, -0.0026947197, -0.0024535395, -0.0023292908, -0.002076866, -0.0018213437, -0.0015580816, -0.0014218139, -0.0011418774, -0.00087743555, -0.0007760282, -0.00075092266, 0, 0, 0, 0, 0, 0, 0, 0
0, 0, 0, 0, 0, 0, 0, 0, 0, 0, 0, 0, 0, 0, 0, 0, 0, 0, 0, 0, 0, 0, 0, 0, 0, 0, 0, 0, 0, 0, 0, 0, 0, 0, 0, 0, 0, 0, 0, 0, 0, 0, 0, 0, 0, 0, 0, 0, 0, 0, 0, 0, 0, 0, 0, 0, 0, 0, 0, 0, 0, 0, 0, 0, 0, 0, 0, 0, 0, 0, 0, 0, 0, 0, 0, 0, 0, 0, 0, 0, 0, 0, 0, 0, 0, 0, 0, 0, 0, 0, 0, 0, -0.00086163543, -0.00088579307, -0.0011205479, -0.001443172, -0.001601031, -0.001886569, -0.0021330994, -0.0022468062, -0.0024668146, -0.0026876363, -0.0029151007, -0.0030310708, -0.0032619673, -0.003478272, -0.0035747243, -0.003735075, -0.0038480228, -0.00392122, -0.0039479546, -0.0039922083, -0.004034304, -0.0040568896, -0.004104379, -0.004151338, -0.0041723433, -0.004202935, -0.004208666, -0.0041822777, -0.0041568493, -0.004085364, -0.003993178, -0.003941162, -0.0038260168, -0.003695217, -0.003546935, -0.0034658434, -0.0032898665, -0.0030970674, -0.00299463, -0.0027797092, -0.0025545903, -0.0024393478, -0.0022038484, -0.001958989, -0.0016991231, -0.0015627224, -0.0012802562, -0.0010061937, -0.00088873925, -0.000752434, 0, 0, 0, 0, 0, 0, 0, 0
0, 0, 0, 0, 0, 0, 0, 0, 0, 0, 0, 0, 0, 0, 0, 0, 0, 0, 0, 0, 0, 0, 0, 0, 0, 0, 0, 0, 0, 0, 0, 0, 0, 0, 0, 0, 0, 0, 0, 0, 0, 0, 0, 0, 0, 0, 0, 0, 0, 0, 0, 0, 0, 0, 0, 0, 0, 0, 0, 0, 0, 0, 0, 0, 0, 0, 0, 0, 0, 0, 0, 0, 0, 0, 0, 0, 0, 0, 0, 0, 0, 0, 0, 0, 0, 0, 0, 0, 0, 0, 0, 0, -0.00085019297, -0.0008995717, -0.0011372883, -0.0014467617, -0.0015982155, -0.0018741974, -0.0021176394, -0.0022321239, -0.0024559828, -0.002679809, -0.0029056142, -0.0030182311, -0.0032372435, -0.0034383903, -0.0035283004, -0.0036814876, -0.0037997293, -0.0038911444, -0.0039305068, -0.004003015, -0.0040717903, -0.004105015, -0.004166734, -0.004217889, -0.004237657, -0.0042618476, -0.00426089, -0.0042323526, -0.0042082057, -0.0041428977, -0.004057683, -0.0040077358, -0.0038936215, -0.0037605423, -0.0036099614, -0.0035289298, -0.0033560465, -0.0031706055, -0.0030732742, -0.0028712342, -0.0026604333, -0.0025517216, -0.0023264086, -0.0020858739, -0.0018258704, -0.0016885452, -0.0014040001, -0.0011229401, -0.0009981, -0.0008511775, -0.000993384, 0, 0, 0, 0, 0, 0, 0
0, 0, 0, 0, 0, 0, 0, 0, 0, 0, 0, 0, 0, 0, 0, 0, 0, 0, 0, 0, 0, 0, 0, 0, 0, 0, 0, 0, 0, 0, 0, 0, 0, 0, 0, 0, 0, 0, 0, 0, 0, 0, 0, 0, 0, 0, 0, 0, 0, 0, 0, 0, 0, 0, 0, 0, 0, 0, 0, 0, 0, 0, 0, 0, 0, 0, 0, 0, 0, 0, 0, 0, 0, 0, 0, 0, 0, 0, 0, 0, 0, 0, 0, 0, 0, 0, 0, 0, 0, 0, 0, 0, -0.001115312, -0.0010901627, -0.0011779638, -0.0014010557, -0.001529558, -0.001786467, -0.002030805, -0.0021486247, -0.0023787166, -0.002602905, -0.002819997, -0.0029250747, -0.0031259535, -0.0033107519, -0.0033960256, -0.0035518447, -0.0036899797, -0.003814536, -0.0038727557, -0.0039817025, -0.0040788716, -0.0041218554, -0.0041933116, -0.004241502, -0.0042559365, -0.0042649666, -0.004248299, -0.004209523, -0.004183085, -0.004119093, -0.004040114, -0.003994397, -0.0038896834, -0.0037677982, -0.0036298654, -0.0035553793, -0.0033959006, -0.0032230306, -0.0031315214, -0.002939628, -0.0027367533, -0.0026308172, -0.00240825, -0.0021682978, -0.0019102329, -0.0017754125, -0.0014986639, -0.0012243309, -0.0010977295, -0.0009100978, -0.0008760827, 0, 0, 0, 0, 0, 0, 0
0, 0, 0, 0, 0, 0, 0, 0, 0, 0, 0, 0, 0, 0, 0, 0, 0, 0, 0, 0, 0, 0, 0, 0, 0, 0, 0, 0, 0, 0, 0, 0, 0, 0, 0, 0, 0, 0, 0, 0, 0, 0, 0, 0, 0, 0, 0, 0, 0, 0, 0, 0, 0, 0, 0, 0, 0, 0, 0, 0, 0, 0, 0, 0, 0, 0, 0, 0, 0, 0, 0, 0, 0, 0, 0, 0, 0, 0, 0, 0, 0, 0, 0, 0, 0, 0, 0, 0, 0, 0, 0, 0, 0, -0.001126832, -0.00093316514, -0.0010612743, -0.0011814713, -0.0014546145, -0.001727709, -0.0018578576, -0.0021013957, -0.0023232652, -0.002525126, -0.002619774, -0.0027993133, -0.0029695586, -0.0030528079, -0.0032177623, -0.0033804576, -0.0035360288, -0.0036085802, -0.0037371, -0.003838091, -0.003877167, -0.003932871, -0.0039606662, -0.00396557, -0.0039600586, -0.0039402237, -0.0039124317, -0.0038967768, -0.00386126, -0.0038155536, -0.0037868603, -0.0037143962, -0.0036212478, -0.0035084758, -0.0034450348, -0.0033050792, -0.0031493502, -0.0030663218, -0.0028901596, -0.0027007223, -0.002600535, -0.0023879257, -0.0021591715, -0.0019178849, -0.0017945803, -0.0015456179, -0.001296909, -0.0011765321, -0.0009726593, -0.00089658075, 0, 0, 0, 0, 0, 0, 0
0, 0, 0, 0, 0, 0, 0, 0, 0, 0, 0, 0, 0, 0, 0, 0, 0, 0, 0, 0, 0, 0, 0, 0, 0, 0, 0, 0, 0, 0, 0, 0, 0, 0, 0, 0, 0, 0, 0, 0, 0, 0, 0, 0, 0, 0, 0, 0, 0, 0, 0, 0, 0, 0, 0, 0, 0, 0, 0, 0, 0, 0, 0, 0, 0, 0, 0, 0, 0, 0, 0, 0, 0, 0, 0, 0, 0, 0, 0, 0, 0, 0, 0, 0, 0, 0, 0, 0, 0, 0, 0, 0, 0, 0, -0.0007467396, -0.0008989672, -0.0010215292, -0.0012981097, -0.0015708071, -0.0016990089, -0.0019370778, -0.0021528571, -0.002350379, -0.0024436153, -0.0026219704, -0.0027923095, -0.0028751772, -0.0030367947, -0.0031915586, -0.0033333395, -0.0033970897, -0.0035060653, -0.003588094, -0.0036195423, -0.0036661418, -0.0036962267, -0.0037068923, -0.0037223753, -0.0037317025, -0.00373514, -0.003733577, -0.003719783, -0.0036852919, -0.0036582523, -0.0035836264, -0.0034842142, -0.0033656785, -0.003300697, -0.003161927, -0.0030132658, -0.002935361, -0.0027715159, -0.002595022, -0.0025009504, -0.0022994315, -0.0020797153, -0.0018454181, -0.0017241528, -0.0014745555, -0.0012142699, -0.0010810556, -0.0008261133, -0.0006502279, 0, 0, 0, 0, 0, 0, 0
0, 0, 0, 0, 0, 0, 0, 0, 0, 0, 0, 0, 0, 0, 0, 0, 0, 0, 0, 0, 0, 0, 0, 0, 0, 0, 0, 0, 0, 0, 0, 0, 0, 0, 0, 0, 0, 0, 0, 0, 0, 0, 0, 0, 0, 0, 0, 0, 0, 0, 0, 0, 0, 0, 0, 0, 0, 0, 0, 0, 0, 0, 0, 0, 0, 0, 0, 0, 0, 0, 0, 0, 0, 0, 0, 0, 0, 0, 0, 0, 0, 0, 0, 0, 0, 0, 0, 0, 0, 0, 0, 0, 0, 0, -0.0007713372, -0.0008121977, -0.0009093511, -0.0011531292, -0.0014019328, -0.0015200685, -0.0017414029, -0.0019464326, -0.0021392233, -0.0022322752, -0.0024127008, -0.002585221, -0.00266815, -0.0028250543, -0.0029673495, -0.003091204, -0.0031453006, -0.0032364428, -0.003307526, -0.0033369893, -0.003388427, -0.0034345177, -0.003456814, -0.0035001086, -0.003537982, -0.0035632988, -0.0035687604, -0.003559441, -0.0035184738, -0.0034855274, -0.0033976142, -0.0032872336, -0.0031635102, -0.0030986473, -0.0029652435, -0.0028269112, -0.0027551735, -0.002603812, -0.0024385431, -0.002349497, -0.0021569247, -0.0019454301, -0.0017171521, -0.0015972954, -0.0013460945, -0.0010778324, -0.0009379272, -0.0006613409, -0.0004448863, 0, 0, 0, 0, 0, 0, 0
0, 0, 0, 0, 0, 0, 0, 0, 0, 0, 0, 0, 0, 0, 0, 0, 0, 0, 0, 0, 0, 0, 0, 0, 0, 0, 0, 0, 0, 0, 0, 0, 0, 0, 0, 0, 0, 0, 0, 0, 0, 0, 0, 0, 0, 0, 0, 0, 0, 0, 0, 0, 0, 0, 0, 0, 0, 0, 0, 0, 0, 0, 0, 0, 0, 0, 0, 0, 0, 0, 0, 0, 0, 0, 0, 0, 0, 0, 0, 0, 0, 0, 0, 0, 0, 0, 0, 0, 0, 0, 0, 0, 0, 0, -0.00065464235, -0.0007014499, -0.0007759603, -0.00097578886, -0.0011911043, -0.0012959932, -0.0014985347, -0.0016927058, -0.0018814008, -0.0019744136, -0.002156971, -0.0023318913, -0.0024147932, -0.0025680638, -0.00270181, -0.002815217, -0.002864689, -0.0029511745, -0.0030255746, -0.0030595146, -0.0031237116, -0.0031852212, -0.0032149062, -0.0032693737, -0.0033107176, -0.0033305825, -0.003330067, -0.0033054037, -0.0032491977, -0.003210508, -0.0031170382, -0.0030090427, -0.0028940928, -0.0028351923, -0.0027146928, -0.002588299, -0.0025214434, -0.0023778088, -0.0022181156, -0.002131873, -0.0019465248, -0.001745105, -0.0015287789, -0.0014149499, -0.0011749407, -0.00091821176, -0.0007854804, -0.00052596506, -0.00032463085, -0.00025449976, 0, 0, 0, 0, 0, 0
0, 0, 0, 0, 0, 0, 0, 0, 0, 0, 0, 0, 0, 0, 0, 0, 0, 0, 0, 0, 0, 0, 0, 0, 0, 0, 0, 0, 0, 0, 0, 0, 0, 0, 0, 0, 0, 0, 0, 0, 0, 0, 0, 0, 0, 0, 0, 0, 0, 0, 0, 0, 0, 0, 0, 0, 0, 0, 0, 0, 0, 0, 0, 0, 0, 0, 0, 0, 0, 0, 0, 0, 0, 0, 0, 0, 0, 0, 0, 0, 0, 0, 0, 0, 0, 0, 0, 0, 0, 0, 0, 0, 0, 0, -0.000742028, -0.00057324645, -0.00060088927, -0.0007516119, -0.00094144663, -0.0010383067, -0.0012299313, -0.0014177052, -0.0016022251, -0.0016932158, -0.0018717261, -0.0020410519, -0.0021204846, -0.0022658221, -0.002392219, -0.0025019203, -0.002551492, -0.0026428388, -0.0027256606, -0.0027639912, -0.002834186, -0.002894482, -0.0029198937, -0.0029581073, -0.0029755482, -0.002968598, -0.0029558518, -0.0029132653, -0.0028518979, -0.0028157707, -0.0027361636, -0.0026492183, -0.002555579, -0.002506018, -0.0023999412, -0.0022823133, -0.002218144, -0.0020781844, -0.001922679, -0.0018396801, -0.0016654172, -0.0014817116, -0.001288161, -0.0011871178, -0.0009743145, -0.0007474555, -0.0006302809, -0.00039817515, -0.00019885268, -9.3138624e-05, 0, 0, 0, 0, 0, 0
0, 0, 0, 0, 0, 0, 0, 0, 0, 0, 0, 0, 0, 0, 0, 0, 0, 0, 0, 0, 0, 0, 0, 0, 0, 0, 0, 0, 0, 0, 0, 0, 0, 0, 0, 0, 0, 0, 0, 0, 0, 0, 0, 0, 0, 0, 0, 0, 0, 0, 0, 0, 0, 0, 0, 0, 0, 0, 0, 0, 0, 0, 0, 0, 0, 0, 0, 0, 0, 0, 0, 0, 0, 0, 0, 0, 0, 0, 0, 0, 0, 0, 0, 0, 0, 0, 0, 0, 0, 0, 0, 0, 0, 0, 0, -0.00031853505, -0.00036108642, -0.00051271415, -0.0007005447, -0.0007969995, -0.0009874135, -0.0011700918, -0.0013434464, -0.0014262489, -0.0015839364, -0.0017292352, -0.0017966083, -0.0019209399, -0.002033597, -0.0021381914, -0.002188178, -0.0022828262, -0.0023677188, -0.0024050137, -0.0024658965, -0.002506005, -0.0025175905, -0.0025240853, -0.0025095947, -0.0024784505, -0.002458214, -0.0024131467, -0.0023651102, -0.0023404201, -0.002288335, -0.0022285872, -0.0021561694, -0.002113832, -0.0020167124, -0.0019029239, -0.0018403052, -0.001704864, -0.0015586212, -0.0014826062, -0.0013280662, -0.0011705061, -0.0010087612, -0.00092496927, -0.0007495861, -0.000562615, -0.00046519568, -0.00026625858, -7.61742e-05, 5.2162857e-05, 0, 0, 0, 0, 0, 0
0, 0, 0, 0, 0, 0, 0, 0, 0, 0, 0, 0, 0, 0, 0, 0, 0, 0, 0, 0, 0, 0, 0, 0, 0, 0, 0, 0, 0, 0, 0, 0, 0, 0, 0, 0, 0, 0, 0, 0, 0, 0, 0, 0, 0, 0, 0, 0, 0, 0, 0, 0, 0, 0, 0, 0, 0, 0, 0, 0, 0, 0, 0, 0, 0, 0, 0, 0, 0, 0, 0, 0, 0, 0, 0, 0, 0, 0, 0, 0, 0, 0, 0, 0, 0, 0, 0, 0, 0, 0, 0, 0, 0, 0, 0, -0.00016075869, -0.00017542283, -0.00031750035, -0.0005112166, -0.00060966413, -0.0007972341, -0.0009661601, -0.0011136447, -0.0011793759, -0.0012968153, -0.0013992433, -0.001446386, -0.0015369222, -0.0016273722, -0.0017203937, -0.0017671274, -0.0018565786, -0.0019325946, -0.0019624797, -0.002002639, -0.0020155616, -0.0020126158, -0.0019920631, -0.0019588312, -0.001921922, -0.001904389, -0.0018738485, -0.0018493485, -0.0018377261, -0.0018099854, -0.001768642, -0.0017067284, -0.0016669676, -0.0015720588, -0.0014601189, -0.0013999016, -0.0012737499, -0.0011443556, -0.0010794869, -0.0009512944, -0.0008246667, -0.0006965927, -0.0006308588, -0.0004939146, -0.0003482885, -0.00027190614, -0.0001125223, 5.4038985e-05, 0.00022339044, 0.00031438054, 0, 0, 0, 0, 0
0, 0, 0, 0, 0, 0, 0, 0, 0, 0, 0, 0, 0, 0, 0, 0, 0, 0, 0, 0, 0, 0, 0, 0, 0, 0, 0, 0, 0, 0, 0, 0, 0, 0, 0, 0, 0, 0, 0, 0, 0, 0, 0, 0, 0, 0, 0, 0, 0, 0, 0, 0, 0, 0, 0, 0, 0, 0, 0, 0, 0, 0, 0, 0, 0, 0, 0, 0, 0, 0, 0, 0, 0, 0, 0, 0, 0, 0, 0, 0, 0, 0, 0, 0, 0, 0, 0, 0, 0, 0, 0, 0, 0, 0, 0, 5.573806e-05, 1.0578755e-05, -0.0001601283, -0.00035888766, -0.00045358035, -0.0006237454, -0.0007637594, -0.0008724606, -0.0009158945, -0.0009856933, -0.0010413767, -0.0010676386, -0.0011233313, -0.0011889994, -0.0012644458, -0.0013038265, -0.001377481, -0.0014347845, -0.0014541856, -0.0014722323, -0.0014643453, -0.0014529693, -0.0014217481, -0.0013885095, -0.0013619937, -0.0013526618, -0.0013408358, -0.0013337961, -0.001328867, -0.0013100471, -0.0012713998, -0.0012084389, -0.0011680725, -0.0010730057, -0.0009660708, -0.00091076805, -0.00080092315, -0.0006952777, -0.00064454577, -0.0005464638, -0.0004507501, -0.00035359917, -0.00030342, -0.00019890998, -8.849258e-05, -3.1019925e-05, 8.972708e-05, 0.00022331669, 0.0003692075, 0.0004280871, 0, 0, 0, 0, 0
0, 0, 0, 0, 0, 0, 0, 0, 0, 0, 0, 0, 0, 0, 0, 0, 0, 0, 0, 0, 0, 0, 0, 0, 0, 0, 0, 0, 0, 0, 0, 0, 0, 0, 0, 0, 0, 0, 0, 0, 0, 0, 0, 0, 0, 0, 0, 0, 0, 0, 0, 0, 0, 0, 0, 0, 0, 0, 0, 0, 0, 0, 0, 0, 0, 0, 0, 0, 0, 0, 0, 0, 0, 0, 0, 0, 0, 0, 0, 0, 0, 0, 0, 0, 0, 0, 0, 0, 0, 0, 0, 0, 0, 0, 0, 0.00019390395, 0.00014747298, -1.4498408e-05, -0.00018969439, -0.00026885458, -0.00040252157, -0.0005023877, -0.000569774, -0.00059295003, -0.00062467897, -0.00064728496, -0.0006593822, -0.00069105683, -0.0007358973, -0.00079030864, -0.0008181733, -0.00086771237, -0.00090090017, -0.0009094963, -0.0009102057, -0.0008924018, -0.00087921193, -0.000850708, -0.00082764693, -0.0008145966, -0.0008116315, -0.0008093674, -0.0008038428, -0.00079676905, -0.0007693155, -0.00072043855, -0.0006506353, -0.0006092063, -0.0005182723, -0.0004243793, -0.0003789667, -0.00029506587, -0.00022121181, -0.0001872825, -0.00012235683, -5.626034e-05, 1.4843593e-05, 5.2783093e-05, 0.00013268978, 0.00021455291, 0.0002556964, 0.00033981155, 0.00043522555, 0.000552844, 0.00060580246, 0, 0, 0, 0, 0
0, 0, 0, 0, 0, 0, 0, 0, 0, 0, 0, 0, 0, 0, 0, 0, 0, 0, 0, 0, 0, 0, 0, 0, 0, 0, 0, 0, 0, 0, 0, 0, 0, 0, 0, 0, 0, 0, 0, 0, 0, 0, 0, 0, 0, 0, 0, 0, 0, 0, 0, 0, 0, 0, 0, 0, 0, 0, 0, 0, 0, 0, 0, 0, 0, 0, 0, 0, 0, 0, 0, 0, 0, 0, 0, 0, 0, 0, 0, 0, 0, 0, 0, 0, 0, 0, 0, 0, 0, 0, 0, 0, 0, 0, 0, 0.00031529067, 0.00029354973, 0.00017493682, 4.184889e-05, -1.5173649e-05, -0.00010465702, -0.00016342274, -0.00019645259, -0.00020522223, -0.00021386384, -0.000219725, -0.00022489198, -0.00024304056, -0.00027072968, -0.00030245568, -0.00031686894, -0.00033812493, -0.0003456574, -0.00034393943, -0.0003307859, -0.000308557, -0.00029581873, -0.0002724242, -0.00025668417, -0.00024891685, -0.00024656006, -0.0002396357, -0.00022152696, -0.00020613098, -0.00016117976, -9.920209e-05, -2.5784428e-05, 1.2667505e-05, 8.867833e-05, 0.00015664648, 0.00018580628, 0.0002334163, 0.0002693679, 0.00028522313, 0.00031805152, 0.0003578724, 0.00040740045, 0.00043519033, 0.0004927775, 0.0005470292, 0.00057150045, 0.00061668217, 0.00066971645, 0.0007564481, 0.0008057298, 0, 0, 0, 0, 0
0, 0, 0, 0, 0, 0, 0, 0, 0, 0, 0, 0, 0, 0, 0, 0, 0, 0, 0, 0, 0, 0, 0, 0, 0, 0, 0, 0, 0, 0, 0, 0, 0, 0, 0, 0, 0, 0, 0, 0, 0, 0, 0, 0, 0, 0, 0, 0, 0, 0, 0, 0, 0, 0, 0, 0, 0, 0, 0, 0, 0, 0, 0, 0, 0, 0, 0, 0, 0, 0, 0, 0, 0, 0, 0, 0, 0, 0, 0, 0, 0, 0, 0, 0, 0, 0, 0, 0, 0, 0, 0, 0, 0, 0, 0, 0, 0.00048163647, 0.00042619256, 0.00032577204, 0.00028702186, 0.00023661295, 0.00021463582, 0.00021104128, 0.000213664, 0.0002218229, 0.00022762807, 0.0002278829, 0.0002226113, 0.00021311903, 0.00020588857, 0.00020539985, 0.00021240387, 0.00022983052, 0.0002416491, 0.00026958785, 0.0002996858, 0.00031425664, 0.0003403046, 0.00035986153, 0.00037513505, 0.00038308554, 0.00040480075, 0.00043977302, 0.00046295917, 0.00051894586, 0.0005821078, 0.00064384897, 0.0006717203, 0.0007182101, 0.0007498551, 0.00075997895, 0.0007705795, 0.0007748009, 0.00077698386, 0.0007866697, 0.0008064197, 0.0008348445, 0.00085049134, 0.00087974523, 0.00089944515, 0.0009047764, 0.0009105964, 0.0009305841, 0.0010068145, 0.0010601459, 0, 0, 0, 0, 0
0, 0, 0, 0, 0, 0, 0, 0, 0, 0, 0, 0, 0, 0, 0, 0, 0, 0, 0, 0, 0, 0, 0, 0, 0, 0, 0, 0, 0, 0, 0, 0, 0, 0, 0, 0, 0, 0, 0, 0, 0, 0, 0, 0, 0, 0, 0, 0, 0, 0, 0, 0, 0, 0, 0, 0, 0, 0, 0, 0, 0, 0, 0, 0, 0, 0, 0, 0, 0, 0, 0, 0, 0, 0, 0, 0, 0, 0, 0, 0, 0, 0, 0, 0, 0, 0, 0, 0, 0, 0, 0, 0, 0, 0, 0, 0, 0, 0.00071734714, 0.0006117972, 0.0005818385, 0.0005629724, 0.0005771827, 0.0006054606, 0.0006213285, 0.0006522726, 0.0006776753, 0.00068774854, 0.00070406025, 0.00071918283, 0.000739037, 0.00075196207, 0.0007849036, 0.00082498766, 0.00084666925, 0.00089107605, 0.0009343143, 0.00095472345, 0.0009926069, 0.0010263526, 0.0010583801, 0.001075247, 0.0011127987, 0.0011568492, 0.0011807475, 0.0012284486, 0.0012707944, 0.0013020465, 0.0013125552, 0.0013234883, 0.0013231406, 0.0013199983, 0.0013108137, 0.0013029362, 0.0013005455, 0.0012999013, 0.0013023147, 0.0013032088, 0.0013013845, 0.001290013, 0.0012666556, 0.0012515528, 0.0012238924, 0.0012351973, 0.0013992155, 0.0016155356, 0, 0, 0, 0, 0
0, 0, 0, 0, 0, 0, 0, 0, 0, 0, 0, 0, 0, 0, 0, 0, 0, 0, 0, 0, 0, 0, 0, 0, 0, 0, 0, 0, 0, 0, 0, 0, 0, 0, 0, 0, 0, 0, 0, 0, 0, 0, 0, 0, 0, 0, 0, 0, 0, 0, 0, 0, 0, 0, 0, 0, 0, 0, 0, 0, 0, 0, 0, 0, 0, 0, 0, 0, 0, 0, 0, 0, 0, 0, 0, 0, 0, 0, 0, 0, 0, 0, 0, 0, 0, 0, 0, 0, 0, 0, 0, 0, 0, 0, 0, 0, 0, 0.0010150006, 0.00086143555, 0.0008368101, 0.00084995304, 0.00090348517, 0.00096892024, 0.0010017987, 0.0010642111, 0.0011204032, 0.0011460745, 0.0011941001, 0.0012405955, 0.0012889891, 0.0013148474, 0.0013696833, 0.0014276174, 0.0014569485, 0.0015149856, 0.0015707951, 0.0015973898, 0.001649096, 0.0016988895, 0.0017478338, 0.0017719065, 0.0018175758, 0.0018568655, 0.0018727805, 0.0018945945, 0.0019024139, 0.0018980597, 0.0018926597, 0.0018793916, 0.0018668807, 0.0018621577, 0.0018568161, 0.0018551992, 0.0018543229, 0.0018475992, 0.0018282234, 0.001792373, 0.001768093, 0.0017093876, 0.0016422862, 0.0016086512, 0.0015509195, 0.0015378877, 0.0016477144, 0.0017722715, 0, 0, 0, 0, 0
0, 0, 0, 0, 0, 0, 0, 0, 0, 0, 0, 0, 0, 0, 0, 0, 0, 0, 0, 0, 0, 0, 0, 0, 0, 0, 0, 0, 0, 0, 0, 0, 0, 0, 0, 0, 0, 0, 0, 0, 0, 0, 0, 0, 0, 0, 0, 0, 0, 0, 0, 0, 0, 0, 0, 0, 0, 0, 0, 0, 0, 0, 0, 0, 0, 0, 0, 0, 0, 0, 0, 0, 0, 0, 0, 0, 0, 0, 0, 0, 0, 0, 0, 0, 0, 0, 0, 0, 0, 0, 0, 0, 0, 0, 0, 0, 0, 0.0011701734, 0.001094288, 0.0010859391, 0.0011309736, 0.0012189837, 0.001318503, 0.0013681223, 0.0014641634, 0.0015545139, 0.0015978597, 0.0016812532, 0.0017608487, 0.0018368462, 0.0018736876, 0.0019448084, 0.0020131385, 0.0020462452, 0.002110382, 0.002171711, 0.0022017958, 0.002261603, 0.0023216424, 0.0023797443, 0.0024065082, 0.0024505716, 0.0024767625, 0.0024819977, 0.0024775984, 0.0024585272, 0.0024337962, 0.0024220522, 0.0024050106, 0.0023991019, 0.0024001023, 0.0024067983, 0.0024110016, 0.0024084493, 0.0023870815, 0.0023385298, 0.0022636638, 0.0022186376, 0.002120415, 0.0020206033, 0.0019733217, 0.0018920061, 0.0018567593, 0.0019658168, 0.0021454648, 0.0029551042, 0, 0, 0, 0
0, 0, 0, 0, 0, 0, 0, 0, 0, 0, 0, 0, 0, 0, 0, 0, 0, 0, 0, 0, 0, 0, 0, 0, 0, 0, 0, 0, 0, 0, 0, 0, 0, 0, 0, 0, 0, 0, 0, 0, 0, 0, 0, 0, 0, 0, 0, 0, 0, 0, 0, 0, 0, 0, 0, 0, 0, 0, 0, 0, 0, 0, 0, 0, 0, 0, 0, 0, 0, 0, 0, 0, 0, 0, 0, 0, 0, 0, 0, 0, 0, 0, 0, 0, 0, 0, 0, 0, 0, 0, 0, 0, 0, 0, 0, 0, 0, 0.0016196911, 0.0014652787, 0.0014321161, 0.0014588061, 0.0015538518, 0.0016722515, 0.0017334851, 0.0018555769, 0.0019755159, 0.0020344113, 0.0021493048, 0.0022580868, 0.0023572631, 0.0024027429, 0.0024851214, 0.0025582921, 0.0025924542, 0.0026571616, 0.0027192854, 0.0027503546, 0.0028135735, 0.0028777297, 0.0029384887, 0.0029649166, 0.0030044282, 0.003021257, 0.0030208414, 0.0030057447, 0.0029803354, 0.00295566, 0.002946194, 0.0029360892, 0.0029366317, 0.0029393386, 0.002943268, 0.002934449, 0.0029214364, 0.0028727872, 0.0027928932, 0.0026880105, 0.0026298675, 0.002509688, 0.0023918615, 0.0023351656, 0.0022288708, 0.0021479125, 0.002158183, 0.002238936, 0.0025624484, 0, 0, 0, 0
0, 0, 0, 0, 0, 0, 0, 0, 0, 0, 0, 0, 0, 0, 0, 0, 0, 0, 0, 0, 0, 0, 0, 0, 0, 0, 0, 0, 0, 0, 0, 0, 0, 0, 0, 0, 0, 0, 0, 0, 0, 0, 0, 0, 0, 0, 0, 0, 0, 0, 0, 0, 0, 0, 0, 0, 0, 0, 0, 0, 0, 0, 0, 0, 0, 0, 0, 0, 0, 0, 0, 0, 0, 0, 0, 0, 0, 0, 0, 0, 0, 0, 0, 0, 0, 0, 0, 0, 0, 0, 0, 0, 0, 0, 0, 0, 0, 0.0023236384, 0.0019787827, 0.0018657594, 0.0018078209, 0.0018825812, 0.002008489, 0.0020779937, 0.0022208097, 0.0023648974, 0.0024365585, 0.0025772462, 0.0027100795, 0.0028290744, 0.00288221, 0.002976378, 0.0030565623, 0.0030929053, 0.0031615342, 0.003227748, 0.003260972, 0.003328793, 0.00339666, 0.0034587232, 0.0034850363, 0.0035236636, 0.0035408242, 0.0035415674, 0.0035316853, 0.0035140864, 0.0034966876, 0.0034892915, 0.003477695, 0.0034672422, 0.0034605318, 0.0034381894, 0.0033966172, 0.0033661996, 0.0032847384, 0.0031792044, 0.0030575101, 0.0029938, 0.0028648023, 0.0027361282, 0.0026710273, 0.0025376934, 0.0024089674, 0.0023347326, 0.0023508626, 0.0025093162, 0, 0, 0, 0
0, 0, 0, 0, 0, 0, 0, 0, 0, 0, 0, 0, 0, 0, 0, 0, 0, 0, 0, 0, 0, 0, 0, 0, 0, 0, 0, 0, 0, 0, 0, 0, 0, 0, 0, 0, 0, 0, 0, 0, 0, 0, 0, 0, 0, 0, 0, 0, 0, 0, 0, 0, 0, 0, 0, 0, 0, 0, 0, 0, 0, 0, 0, 0, 0, 0, 0, 0, 0, 0, 0, 0, 0, 0, 0, 0, 0, 0, 0, 0, 0, 0, 0, 0, 0, 0, 0, 0, 0, 0, 0, 0, 0, 0, 0, 0, 0, 0.0032256944, 0.0024422477, 0.0022084957, 0.002057594, 0.002129901, 0.0022788038, 0.002361916, 0.0025318575, 0.0027016597, 0.002785726, 0.002950522, 0.003106093, 0.0032464562, 0.003309683, 0.0034220999, 0.0035187742, 0.0035624974, 0.0036443034, 0.0037216325, 0.003759838, 0.003835291, 0.0039075427, 0.003971143, 0.0039977725, 0.004038097, 0.004060308, 0.004065072, 0.0040643397, 0.0040535857, 0.0040356396, 0.0040240865, 0.0039951396, 0.003956326, 0.0039319424, 0.0038704413, 0.0037893376, 0.0037411274, 0.0036315748, 0.0035084772, 0.0033776083, 0.003310548, 0.0031731802, 0.0030284587, 0.00295155, 0.0027877204, 0.0026258626, 0.0025433858, 0.0025947602, 0.0031417524, 0, 0, 0, 0
0, 0, 0, 0, 0, 0, 0, 0, 0, 0, 0, 0, 0, 0, 0, 0, 0, 0, 0, 0, 0, 0, 0, 0, 0, 0, 0, 0, 0, 0, 0, 0, 0, 0, 0, 0, 0, 0, 0, 0, 0, 0, 0, 0, 0, 0, 0, 0, 0, 0, 0, 0, 0, 0, 0, 0, 0, 0, 0, 0, 0, 0, 0, 0, 0, 0, 0, 0, 0, 0, 0, 0, 0, 0, 0, 0, 0, 0, 0, 0, 0, 0, 0, 0, 0, 0, 0, 0, 0, 0, 0, 0, 0, 0, 0, 0, 0, 0, 0.0024621224, 0.0022299704, 0.002130153, 0.0022668215, 0.0024705636, 0.0025766417, 0.0027850177, 0.0029863718, 0.0030845643, 0.0032752042, 0.003454852, 0.0036194467, 0.0036951485, 0.0038328872, 0.0039533065, 0.004007809, 0.0041082674, 0.0041995985, 0.0042427983, 0.004324567, 0.004398247, 0.0044601974, 0.0044856803, 0.0045250254, 0.0045494786, 0.0045562945, 0.0045591197, 0.004547046, 0.0045191376, 0.0044990703, 0.0044462737, 0.0043762485, 0.004334526, 0.0042378413, 0.00412495, 0.004063701, 0.003934588, 0.0037997516, 0.0036596328, 0.0035864986, 0.003430913, 0.0032564297, 0.003160315, 0.0029507638, 0.002735542, 0.0025843068, 0.0025801354, 0.002834618, 0, 0, 0, 0
0, 0, 0, 0, 0, 0, 0, 0, 0, 0, 0, 0, 0, 0, 0, 0, 0, 0, 0, 0, 0, 0, 0, 0, 0, 0, 0, 0, 0, 0, 0, 0, 0, 0, 0, 0, 0, 0, 0, 0, 0, 0, 0, 0, 0, 0, 0, 0, 0, 0, 0, 0, 0, 0, 0, 0, 0, 0, 0, 0, 0, 0, 0, 0, 0, 0, 0, 0, 0, 0, 0, 0, 0, 0, 0, 0, 0, 0, 0, 0, 0, 0, 0, 0, 0, 0, 0, 0, 0, 0, 0, 0, 0, 0, 0, 0, 0, 0, 0.0021445453, 0.002105303, 0.0021662707, 0.0023803085, 0.0026390008, 0.002767465, 0.003014012, 0.0032459716, 0.0033573145, 0.0035713078, 0.0037718117, 0.003957187, 0.0040435274, 0.0042030313, 0.004344635, 0.004408892, 0.0045250985, 0.004627023, 0.0046733175, 0.0047574653, 0.0048289937, 0.0048857313, 0.0049082763, 0.0049427846, 0.0049642585, 0.0049699415, 0.0049699894, 0.0049519907, 0.0049134297, 0.0048864107, 0.0048166886, 0.0047265682, 0.004674348, 0.0045567164, 0.00442566, 0.0043570343, 0.004216492, 0.004071762, 0.0039176047, 0.0038343414, 0.003649292, 0.0034332355, 0.0033120008, 0.0030440863, 0.002757337, 0.0025057262, 0.0024292946, 0.0024741022, 0, 0, 0, 0
0, 0, 0, 0, 0, 0, 0, 0, 0, 0, 0, 0, 0, 0, 0, 0, 0, 0, 0, 0, 0, 0, 0, 0, 0, 0, 0, 0, 0, 0, 0, 0, 0, 0, 0, 0, 0, 0, 0, 0, 0, 0, 0, 0, 0, 0, 0, 0, 0, 0, 0, 0, 0, 0, 0, 0, 0, 0, 0, 0, 0, 0, 0, 0, 0, 0, 0, 0, 0, 0, 0, 0, 0, 0, 0, 0, 0, 0, 0, 0, 0, 0, 0, 0, 0, 0, 0, 0, 0, 0, 0, 0, 0, 0, 0, 0, 0, 0, 0.0024858487, 0.0023937873, 0.002381676, 0.0025772937, 0.002845845, 0.0029837233, 0.0032501125, 0.0035005023, 0.0036197233, 0.003845781, 0.004055422, 0.0042489595, 0.004339694, 0.0045095673, 0.004662825, 0.004732915, 0.0048595713, 0.0049693477, 0.005018577, 0.005105546, 0.0051765325, 0.0052301483, 0.005250564, 0.005280355, 0.0052975016, 0.0053012767, 0.005297244, 0.0052747205, 0.005231071, 0.0052012405, 0.005125936, 0.0050298283, 0.0049742945, 0.004849833, 0.004712152, 0.004640382, 0.0044923397, 0.0043357434, 0.0041611413, 0.0040637744, 0.0038430467, 0.0035837635, 0.003439252, 0.003122545, 0.002782585, 0.0024654476, 0.0023474877, 0.0022927052, 0, 0, 0, 0
0, 0, 0, 0, 0, 0, 0, 0, 0, 0, 0, 0, 0, 0, 0, 0, 0, 0, 0, 0, 0, 0, 0, 0, 0, 0, 0, 0, 0, 0, 0, 0, 0, 0, 0, 0, 0, 0, 0, 0, 0, 0, 0, 0, 0, 0, 0, 0, 0, 0, 0, 0, 0, 0, 0, 0, 0, 0, 0, 0, 0, 0, 0, 0, 0, 0, 0, 0, 0, 0, 0, 0, 0, 0, 0, 0, 0, 0, 0, 0, 0, 0, 0, 0, 0, 0, 0, 0, 0, 0, 0, 0, 0, 0, 0, 0, 0, 0, 0.0031838927, 0.002974894, 0.0027430293, 0.0028390924, 0.0030766672, 0.0032100677, 0.0034758074, 0.003728504, 0.0038484563, 0.0040744455, 0.0042819832, 0.0044736564, 0.0045644375, 0.00473674, 0.004896027, 0.0049701333, 0.0051062386, 0.005226321, 0.005280398, 0.0053764447, 0.0054541645, 0.0055118958, 0.005533649, 0.005564881, 0.0055821096, 0.005585599, 0.005580542, 0.0055568893, 0.0055125523, 0.0054827165, 0.005408001, 0.00531299, 0.0052578747, 0.005133305, 0.0049936115, 0.0049193166, 0.0047615957, 0.004586729, 0.004385153, 0.0042717177, 0.004017101, 0.0037261753, 0.0035683806, 0.003233422, 0.0028865666, 0.0025727265, 0.002459298, 0.0024143443, 0, 0, 0, 0
0, 0, 0, 0, 0, 0, 0, 0, 0, 0, 0, 0, 0, 0, 0, 0, 0, 0, 0, 0, 0, 0, 0, 0, 0, 0, 0, 0, 0, 0, 0, 0, 0, 0, 0, 0, 0, 0, 0, 0, 0, 0, 0, 0, 0, 0, 0, 0, 0, 0, 0, 0, 0, 0, 0, 0, 0, 0, 0, 0, 0, 0, 0, 0, 0, 0, 0, 0, 0, 0, 0, 0, 0, 0, 0, 0, 0, 0, 0, 0, 0, 0, 0, 0, 0, 0, 0, 0, 0, 0, 0, 0, 0, 0, 0, 0, 0, 0, 0.0041395533, 0.0035998772, 0.0030463405, 0.003040205, 0.0032438177, 0.003369764, 0.0036280695, 0.0038774258, 0.0039962805, 0.004220751, 0.0044284165, 0.0046223667, 0.0047153956, 0.004894886, 0.005064285, 0.005144391, 0.0052940277, 0.0054285796, 0.0054901703, 0.005600746, 0.005692041, 0.005761827, 0.005788938, 0.005829211, 0.005853042, 0.0058587804, 0.005856384, 0.005833063, 0.005788281, 0.005758114, 0.005682903, 0.0055877683, 0.00553243, 0.005406537, 0.0052613528, 0.0051820986, 0.005008381, 0.0048096655, 0.0045800465, 0.0044529266, 0.0041760355, 0.003874591, 0.0037172295, 0.0033947865, 0.0030767263, 0.002814192, 0.0027458358, 0.0029364494, 0.0039930847, 0, 0, 0
0, 0, 0, 0, 0, 0, 0, 0, 0, 0, 0, 0, 0, 0, 0, 0, 0, 0, 0, 0, 0, 0, 0, 0, 0, 0, 0, 0, 0, 0, 0, 0, 0, 0, 0, 0, 0, 0, 0, 0, 0, 0, 0, 0, 0, 0, 0, 0, 0, 0, 0, 0, 0, 0, 0, 0, 0, 0, 0, 0, 0, 0, 0, 0, 0, 0, 0, 0, 0, 0, 0, 0, 0, 0, 0, 0, 0, 0, 0, 0, 0, 0, 0, 0, 0, 0, 0, 0, 0, 0, 0, 0, 0, 0, 0, 0, 0, 0, 0, 0.003439453, 0.0031191397, 0.0030880629, 0.0032723171, 0.003395023, 0.0036541328, 0.0039095692, 0.004033047, 0.004269819, 0.0044934787, 0.004706267, 0.004809198, 0.005008878, 0.0051976033, 0.005286885, 0.0054540136, 0.0056051705, 0.0056746774, 0.0058006304, 0.005906736, 0.0059910393, 0.0060252342, 0.006078114, 0.0061116074, 0.0061204955, 0.006121315, 0.0060976828, 0.0060500684, 0.006018077, 0.0059387004, 0.0058391117, 0.005781323, 0.005649099, 0.005494192, 0.005408041, 0.0052172127, 0.004999196, 0.004753005, 0.004620586, 0.004341756, 0.0040501906, 0.0039014746, 0.0036003932, 0.0033021735, 0.0030409032, 0.0029536304, 0.002985313, 0.003372039, 0, 0, 0
0, 0, 0, 0, 0, 0, 0, 0, 0, 0, 0, 0, 0, 0, 0, 0, 0, 0, 0, 0, 0, 0, 0, 0, 0, 0, 0, 0, 0, 0, 0, 0, 0, 0, 0, 0, 0, 0, 0, 0, 0, 0, 0, 0, 0, 0, 0, 0, 0, 0, 0, 0, 0, 0, 0, 0, 0, 0, 0, 0, 0, 0, 0, 0, 0, 0, 0, 0, 0, 0, 0, 0, 0, 0, 0, 0, 0, 0, 0, 0, 0, 0, 0, 0, 0, 0, 0, 0, 0, 0, 0, 0, 0, 0, 0, 0, 0, 0, 0, 0.0041245096, 0.0031963277, 0.0030075787, 0.003160505, 0.0032843803, 0.0035593966, 0.0038398036, 0.0039777155, 0.004245825, 0.0045028906, 0.0047485474, 0.0048673237, 0.0050951447, 0.0053074956, 0.0054068216, 0.0055908267, 0.0057554697, 0.0058308393, 0.005967158, 0.006083308, 0.0061777327, 0.006216766, 0.006278807, 0.0063185818, 0.006329332, 0.0063309716, 0.0063056294, 0.006254869, 0.0062207915, 0.006137148, 0.006032598, 0.005972144, 0.0058342256, 0.0056733037, 0.0055841566, 0.005388128, 0.005168296, 0.0049269414, 0.0047999024, 0.0045367307, 0.0042639845, 0.0041236, 0.0038331193, 0.0035296842, 0.003232707, 0.0031068837, 0.0029881268, 0.003125822, 0, 0, 0
0, 0, 0, 0, 0, 0, 0, 0, 0, 0, 0, 0, 0, 0, 0, 0, 0, 0, 0, 0, 0, 0, 0, 0, 0, 0, 0, 0, 0, 0, 0, 0, 0, 0, 0, 0, 0, 0, 0, 0, 0, 0, 0, 0, 0, 0, 0, 0, 0, 0, 0, 0, 0, 0, 0, 0, 0, 0, 0, 0, 0, 0, 0, 0, 0, 0, 0, 0, 0, 0, 0, 0, 0, 0, 0, 0, 0, 0, 0, 0, 0, 0, 0, 0, 0, 0, 0, 0, 0, 0, 0, 0, 0, 0, 0, 0, 0, 0, 0, 0, 0.0029605264, 0.002811939, 0.002965169, 0.0030999195, 0.0034099412, 0.0037320096, 0.0038908469, 0.004199609, 0.0044939574, 0.0047722165, 0.0049046995, 0.005155489, 0.005384271, 0.005489919, 0.0056827716, 0.0058528306, 0.005929838, 0.0060680606, 0.0061852504, 0.0062808227, 0.006320725, 0.00638402, 0.0064241583, 0.0064347154, 0.006435749, 0.0064103035, 0.006360284, 0.006326908, 0.006244772, 0.0061421604, 0.0060829693, 0.0059490846, 0.0057954593, 0.0057114703, 0.0055289734, 0.005326857, 0.0051067523, 0.0049908804, 0.0047483714, 0.0044897827, 0.004352814, 0.0040601455, 0.0037422, 0.0034218128, 0.0032857133, 0.003198088, 0.003750342, 0.0043993075, 0, 0
0, 0, 0, 0, 0, 0, 0, 0, 0, 0, 0, 0, 0, 0, 0, 0, 0, 0, 0, 0, 0, 0, 0, 0, 0, 0, 0, 0, 0, 0, 0, 0, 0, 0, 0, 0, 0, 0, 0, 0, 0, 0, 0, 0, 0, 0, 0, 0, 0, 0, 0, 0, 0, 0, 0, 0, 0, 0, 0, 0, 0, 0, 0, 0, 0, 0, 0, 0, 0, 0, 0, 0, 0, 0, 0, 0, 0, 0, 0, 0, 0, 0, 0, 0, 0, 0, 0, 0, 0, 0, 0, 0, 0, 0, 0, 0, 0, 0, 0, 0, 0.0030366501, 0.0026419885, 0.0027861537, 0.0029389136, 0.0032945096, 0.0036596204, 0.0038370998, 0.004176698, 0.0044934377, 0.0047868555, 0.0049244617, 0.0051810397, 0.0054113497, 0.0055164765, 0.0057069724, 0.005872638, 0.005946832, 0.0060787518, 0.0061890967, 0.0062788553, 0.006316179, 0.0063756816, 0.0064137597, 0.0064240443, 0.0064267474, 0.0064059515, 0.006363637, 0.006334823, 0.0062626586, 0.0061709946, 0.0061180145, 0.005998845, 0.0058636824, 0.005790246, 0.0056306673, 0.0054525374, 0.0052545434, 0.005148246, 0.004920357, 0.004668754, 0.004532384, 0.0042358544, 0.0039091157, 0.003572456, 0.003420179, 0.003244995, 0.0034415894, 0.0036637315, 0, 0
0, 0, 0, 0, 0, 0, 0, 0, 0, 0, 0, 0, 0, 0, 0, 0, 0, 0, 0, 0, 0, 0, 0, 0, 0, 0, 0, 0, 0, 0, 0, 0, 0, 0, 0, 0, 0, 0, 0, 0, 0, 0, 0, 0, 0, 0, 0, 0, 0, 0, 0, 0, 0, 0, 0, 0, 0, 0, 0, 0, 0, 0, 0, 0, 0, 0, 0, 0, 0, 0, 0, 0, 0, 0, 0, 0, 0, 0, 0, 0, 0, 0, 0, 0, 0, 0, 0, 0, 0, 0, 0, 0, 0, 0, 0, 0, 0, 0, 0, 0, 0.0024820657, 0.0024597696, 0.0027023114, 0.002882111, 0.0032752776, 0.0036620826, 0.0038453161, 0.004188051, 0.0044998867, 0.004783539, 0.0049152737, 0.0051595084, 0.0053779273, 0.0054774685, 0.0056578284, 0.0058142263, 0.0058840066, 0.006006729, 0.0061085126, 0.006190881, 0.0062253904, 0.006281489, 0.0063195312, 0.0063314037, 0.0063397153, 0.006327933, 0.0062966836, 0.0062739877, 0.0062143956, 0.0061355326, 0.006089249, 0.005984483, 0.005865128, 0.005799883, 0.005656665, 0.0054936623, 0.0053084563, 0.0052073575, 0.0049878065, 0.0047425786, 0.004609361, 0.0043202555, 0.0040027876, 0.0036710142, 0.0035132985, 0.0032815507, 0.0033030538, 0.0034067787, 0, 0
0, 0, 0, 0, 0, 0, 0, 0, 0, 0, 0, 0, 0, 0, 0, 0, 0, 0, 0, 0, 0, 0, 0, 0, 0, 0, 0, 0, 0, 0, 0, 0, 0, 0, 0, 0, 0, 0, 0, 0, 0, 0, 0, 0, 0, 0, 0, 0, 0, 0, 0, 0, 0, 0, 0, 0, 0, 0, 0, 0, 0, 0, 0, 0, 0, 0, 0, 0, 0, 0, 0, 0, 0, 0, 0, 0, 0, 0, 0, 0, 0, 0, 0, 0, 0, 0, 0, 0, 0, 0, 0, 0, 0, 0, 0, 0, 0, 0, 0, 0, 0.0026430544, 0.0025755335, 0.0028002681, 0.0029743866, 0.0033544481, 0.0037211457, 0.0038916604, 0.0042051487, 0.0044858167, 0.0047400356, 0.0048587797, 0.005080591, 0.0052820793, 0.005375178, 0.005545684, 0.0056952187, 0.005762124, 0.0058794864, 0.0059757903, 0.006053386, 0.0060860408, 0.0061404775, 0.0061798547, 0.0061933603, 0.0062070033, 0.0062021366, 0.0061785784, 0.0061593996, 0.006105887, 0.0060319495, 0.0059877564, 0.005886449, 0.0057702665, 0.0057066474, 0.0055667344, 0.005407383, 0.0052267737, 0.005128529, 0.0049166074, 0.0046825996, 0.004556801, 0.0042867437, 0.0039950996, 0.0036969266, 0.003559956, 0.0033939655, 0.0036497128, 0.004114383, 0, 0
0, 0, 0, 0, 0, 0, 0, 0, 0, 0, 0, 0, 0, 0, 0, 0, 0, 0, 0, 0, 0, 0, 0, 0, 0, 0, 0, 0, 0, 0, 0, 0, 0, 0, 0, 0, 0, 0, 0, 0, 0, 0, 0, 0, 0, 0, 0, 0, 0, 0, 0, 0, 0, 0, 0, 0, 0, 0, 0, 0, 0, 0, 0, 0, 0, 0, 0, 0, 0, 0, 0, 0, 0, 0, 0, 0, 0, 0, 0, 0, 0, 0, 0, 0, 0, 0, 0, 0, 0, 0, 0, 0, 0, 0, 0, 0, 0, 0, 0, 0, 0.0030932946, 0.0029033825, 0.0030146453, 0.0031464943, 0.003459288, 0.0037701784, 0.003914786, 0.0041800677, 0.004418479, 0.004637805, 0.00474233, 0.0049419836, 0.0051286607, 0.0052166353, 0.0053809336, 0.005527407, 0.0055933013, 0.005708707, 0.005801547, 0.005874411, 0.005904705, 0.0059547857, 0.0059913346, 0.006003996, 0.006016845, 0.0060119214, 0.005987898, 0.00596814, 0.0059123468, 0.005834474, 0.005787598, 0.0056808973, 0.0055592665, 0.005493392, 0.005350546, 0.0051911524, 0.005014151, 0.0049190572, 0.0047160387, 0.0044947607, 0.0043768296, 0.004125445, 0.003856887, 0.0035852492, 0.0034602934, 0.0032955823, 0.003417004, 0.003646396, 0, 0
0, 0, 0, 0, 0, 0, 0, 0, 0, 0, 0, 0, 0, 0, 0, 0, 0, 0, 0, 0, 0, 0, 0, 0, 0, 0, 0, 0, 0, 0, 0, 0, 0, 0, 0, 0, 0, 0, 0, 0, 0, 0, 0, 0, 0, 0, 0, 0, 0, 0, 0, 0, 0, 0, 0, 0, 0, 0, 0, 0, 0, 0, 0, 0, 0, 0, 0, 0, 0, 0, 0, 0, 0, 0, 0, 0, 0, 0, 0, 0, 0, 0, 0, 0, 0, 0, 0, 0, 0, 0, 0, 0, 0, 0, 0, 0, 0, 0, 0, 0, 0.0037506765, 0.003285758, 0.0031916457, 0.0032584886, 0.0034826456, 0.0037327888, 0.003852492, 0.0040748306, 0.0042785523, 0.0044710254, 0.004564499, 0.004747081, 0.004921789, 0.0050052484, 0.0051624104, 0.005303268, 0.005366292, 0.0054750317, 0.0055598607, 0.005622982, 0.0056481147, 0.0056882976, 0.005716117, 0.00572505, 0.005731643, 0.0057216077, 0.005693227, 0.005671403, 0.005611169, 0.005528403, 0.0054793633, 0.005368243, 0.0052436125, 0.005177168, 0.0050353953, 0.0048805447, 0.004710659, 0.004619807, 0.0044255774, 0.00421363, 0.0041002384, 0.0038581241, 0.0035977897, 0.0033285387, 0.003198695, 0.0029899268, 0.0029631932, 0.0030631393, 0, 0
0, 0, 0, 0, 0, 0, 0, 0, 0, 0, 0, 0, 0, 0, 0, 0, 0, 0, 0, 0, 0, 0, 0, 0, 0, 0, 0, 0, 0, 0, 0, 0, 0, 0, 0, 0, 0, 0, 0, 0, 0, 0, 0, 0, 0, 0, 0, 0, 0, 0, 0, 0, 0, 0, 0, 0, 0, 0, 0, 0, 0, 0, 0, 0, 0, 0, 0, 0, 0, 0, 0, 0, 0, 0, 0, 0, 0, 0, 0, 0, 0, 0, 0, 0, 0, 0, 0, 0, 0, 0, 0, 0, 0, 0, 0, 0, 0, 0, 0, 0, 0.004627037, 0.0034768356, 0.003168355, 0.0031860955, 0.0033539562, 0.0035713473, 0.0036783929, 0.003879823, 0.0040657, 0.0042424686, 0.0043287347, 0.0044971695, 0.004658118, 0.004734636, 0.004877598, 0.0050036646, 0.005059024, 0.0051523363, 0.0052217315, 0.0052704937, 0.005288881, 0.005317129, 0.0053353305, 0.005340544, 0.0053413664, 0.0053276457, 0.005297424, 0.0052753277, 0.005215822, 0.0051350654, 0.0050875763, 0.00498035, 0.004860987, 0.004797761, 0.0046644066, 0.0045195636, 0.0043604113, 0.0042745215, 0.0040892814, 0.0038841597, 0.0037734755, 0.0035348104, 0.0032736305, 0.0029962203, 0.0028577133, 0.0026151105, 0.0025187584, 0.0025705867, 0, 0
0, 0, 0, 0, 0, 0, 0, 0, 0, 0, 0, 0, 0, 0, 0, 0, 0, 0, 0, 0, 0, 0, 0, 0, 0, 0, 0, 0, 0, 0, 0, 0, 0, 0, 0, 0, 0, 0, 0, 0, 0, 0, 0, 0, 0, 0, 0, 0, 0, 0, 0, 0, 0, 0, 0, 0, 0, 0, 0, 0, 0, 0, 0, 0, 0, 0, 0, 0, 0, 0, 0, 0, 0, 0, 0, 0, 0, 0, 0, 0, 0, 0, 0, 0, 0, 0, 0, 0, 0, 0, 0, 0, 0, 0, 0, 0, 0, 0, 0, 0, 0, 0.0031306671, 0.0029138634, 0.002929248, 0.003090249, 0.003304834, 0.0034107766, 0.0036083257, 0.0037875974, 0.0039542355, 0.0040340256, 0.0041870927, 0.00432978, 0.0043964377, 0.0045185704, 0.0046235104, 0.004668716, 0.004743588, 0.004798117, 0.0048353747, 0.0048493347, 0.004870266, 0.004883503, 0.0048868335, 0.0048855874, 0.0048719635, 0.0048441975, 0.0048243306, 0.004771346, 0.004699565, 0.0046569505, 0.0045600394, 0.0044511193, 0.004393036, 0.004269763, 0.0041355835, 0.003987586, 0.0039073885, 0.003733202, 0.0035382137, 0.003432137, 0.0032012432, 0.0029441423, 0.0026653053, 0.002523446, 0.002267596, 0.0021426424, 0.0021726643, 0, 0
0, 0, 0, 0, 0, 0, 0, 0, 0, 0, 0, 0, 0, 0, 0, 0, 0, 0, 0, 0, 0, 0, 0, 0, 0, 0, 0, 0, 0, 0, 0, 0, 0, 0, 0, 0, 0, 0, 0, 0, 0, 0, 0, 0, 0, 0, 0, 0, 0, 0, 0, 0, 0, 0, 0, 0, 0, 0, 0, 0, 0, 0, 0, 0, 0, 0, 0, 0, 0, 0, 0, 0, 0, 0, 0, 0, 0, 0, 0, 0, 0, 0, 0, 0, 0, 0, 0, 0, 0, 0, 0, 0, 0, 0, 0, 0, 0, 0, 0, 0, 0, 0.0030960783, 0.0026308617, 0.0026191876, 0.0027681612, 0.0029823582, 0.0030878927, 0.0032822974, 0.0034546633, 0.0036099656, 0.0036825552, 0.0038184633, 0.0039415904, 0.00399814, 0.0041007227, 0.0041885423, 0.0042267125, 0.004291424, 0.004340752, 0.0043766955, 0.004390564, 0.004411093, 0.004423227, 0.004425862, 0.004423571, 0.004410468, 0.004385819, 0.0043687364, 0.0043236236, 0.0042625107, 0.0042256704, 0.004139882, 0.004039749, 0.003985045, 0.003867172, 0.003738648, 0.0035990044, 0.0035245, 0.003364088, 0.0031862408, 0.0030896133, 0.0028786266, 0.002641779, 0.0023815914, 0.0022477575, 0.0020019156, 0.0018679824, 0.0018817148, 0, 0
0, 0, 0, 0, 0, 0, 0, 0, 0, 0, 0, 0, 0, 0, 0, 0, 0, 0, 0, 0, 0, 0, 0, 0, 0, 0, 0, 0, 0, 0, 0, 0, 0, 0, 0, 0, 0, 0, 0, 0, 0, 0, 0, 0, 0, 0, 0, 0, 0, 0, 0, 0, 0, 0, 0, 0, 0, 0, 0, 0, 0, 0, 0, 0, 0, 0, 0, 0, 0, 0, 0, 0, 0, 0, 0, 0, 0, 0, 0, 0, 0, 0, 0, 0, 0, 0, 0, 0, 0, 0, 0, 0, 0, 0, 0, 0, 0, 0, 0, 0, 0, 0.0024015515, 0.0022856593, 0.0023016676, 0.0024460237, 0.0026434837, 0.0027418397, 0.0029242032, 0.0030854095, 0.0032282239, 0.0032937503, 0.003414518, 0.003522405, 0.0035719373, 0.0036630484, 0.0037442977, 0.0037813445, 0.0038477972, 0.0039031422, 0.0039459057, 0.003962399, 0.003985504, 0.0039960747, 0.003997016, 0.0039910343, 0.003975646, 0.0039513237, 0.0039355913, 0.0038960823, 0.0038433075, 0.0038110532, 0.0037336433, 0.0036385013, 0.003584722, 0.0034670318, 0.003339423, 0.0032053834, 0.0031361938, 0.0029920537, 0.0028373199, 0.0027547672, 0.0025768343, 0.0023795553, 0.0021641885, 0.002054043, 0.0018550842, 0.0017576526, 0.0017780472, 0, 0
0, 0, 0, 0, 0, 0, 0, 0, 0, 0, 0, 0, 0, 0, 0, 0, 0, 0, 0, 0, 0, 0, 0, 0, 0, 0, 0, 0, 0, 0, 0, 0, 0, 0, 0, 0, 0, 0, 0, 0, 0, 0, 0, 0, 0, 0, 0, 0, 0, 0, 0, 0, 0, 0, 0, 0, 0, 0, 0, 0, 0, 0, 0, 0, 0, 0, 0, 0, 0, 0, 0, 0, 0, 0, 0, 0, 0, 0, 0, 0, 0, 0, 0, 0, 0, 0, 0, 0, 0, 0, 0, 0, 0, 0, 0, 0, 0, 0, 0, 0, 0, 0.002447984, 0.002151986, 0.002097635, 0.00215455, 0.0023080574, 0.0023934327, 0.002559289, 0.0027101552, 0.002843758, 0.0029045355, 0.0030151329, 0.0031136894, 0.0031595128, 0.003245871, 0.0033271972, 0.0033660366, 0.003438968, 0.0035024583, 0.003552286, 0.003570881, 0.0035944881, 0.0036005597, 0.003598188, 0.003585433, 0.0035650441, 0.0035388481, 0.0035235048, 0.0034869444, 0.003440401, 0.0034119927, 0.003342436, 0.003253143, 0.0032011543, 0.0030855602, 0.0029609893, 0.002834745, 0.0027719976, 0.0026467808, 0.0025189351, 0.0024530191, 0.0023151764, 0.0021676621, 0.002011101, 0.001933307, 0.0018068822, 0.0018180272, 0.0019455401, 0.002613183, 0
0, 0, 0, 0, 0, 0, 0, 0, 0, 0, 0, 0, 0, 0, 0, 0, 0, 0, 0, 0, 0, 0, 0, 0, 0, 0, 0, 0, 0, 0, 0, 0, 0, 0, 0, 0, 0, 0, 0, 0, 0, 0, 0, 0, 0, 0, 0, 0, 0, 0, 0, 0, 0, 0, 0, 0, 0, 0, 0, 0, 0, 0, 0, 0, 0, 0, 0, 0, 0, 0, 0, 0, 0, 0, 0, 0, 0, 0, 0, 0, 0, 0, 0, 0, 0, 0, 0, 0, 0, 0, 0, 0, 0, 0, 0, 0, 0, 0, 0, 0, 0, 0.002805389, 0.0020243016, 0.0018834497, 0.0018649499, 0.001988709, 0.0020659887, 0.0022221473, 0.0023670262, 0.0024948595, 0.002552302, 0.0026550533, 0.0027454183, 0.0027874145, 0.0028682402, 0.0029465547, 0.002984747, 0.0030575702, 0.003121832, 0.0031718062, 0.0031897307, 0.003209717, 0.0032095085, 0.0032034689, 0.0031840757, 0.0031594816, 0.0031324846, 0.0031179264, 0.003085564, 0.0030467387, 0.0030236596, 0.0029666037, 0.0028911023, 0.0028459216, 0.0027433033, 0.0026320836, 0.0025218697, 0.0024686158, 0.00236601, 0.0022657414, 0.002215569, 0.0021138021, 0.0020081198, 0.0018965804, 0.0018405428, 0.0017474596, 0.0017486858, 0.001825087, 0.002125442, 0
0, 0, 0, 0, 0, 0, 0, 0, 0, 0, 0, 0, 0, 0, 0, 0, 0, 0, 0, 0, 0, 0, 0, 0, 0, 0, 0, 0, 0, 0, 0, 0, 0, 0, 0, 0, 0, 0, 0, 0, 0, 0, 0, 0, 0, 0, 0, 0, 0, 0, 0, 0, 0, 0, 0, 0, 0, 0, 0, 0, 0, 0, 0, 0, 0, 0, 0, 0, 0, 0, 0, 0, 0, 0, 0, 0, 0, 0, 0, 0, 0, 0, 0, 0, 0, 0, 0, 0, 0, 0, 0, 0, 0, 0, 0, 0, 0, 0, 0, 0, 0, 0, 0.0015924297, 0.0015541473, 0.001595482, 0.0017251719, 0.0018006727, 0.0019510129, 0.0020884434, 0.0022069728, 0.002258661, 0.002348888, 0.002425505, 0.0024607405, 0.0025284486, 0.0025940891, 0.002626028, 0.0026868493, 0.0027404458, 0.0027821865, 0.002796785, 0.0028112493, 0.0028064325, 0.0027984928, 0.0027769408, 0.0027533786, 0.0027305095, 0.002719169, 0.0026954636, 0.0026688706, 0.0026535501, 0.0026155664, 0.0025633583, 0.0025306784, 0.002453589, 0.0023676592, 0.0022818742, 0.0022407735, 0.002161859, 0.0020848394, 0.0020460861, 0.0019671614, 0.0018837819, 0.0017919008, 0.0017423998, 0.0016463569, 0.0015971024, 0.0016167312, 0.001760305, 0
0, 0, 0, 0, 0, 0, 0, 0, 0, 0, 0, 0, 0, 0, 0, 0, 0, 0, 0, 0, 0, 0, 0, 0, 0, 0, 0, 0, 0, 0, 0, 0, 0, 0, 0, 0, 0, 0, 0, 0, 0, 0, 0, 0, 0, 0, 0, 0, 0, 0, 0, 0, 0, 0, 0, 0, 0, 0, 0, 0, 0, 0, 0, 0, 0, 0, 0, 0, 0, 0, 0, 0, 0, 0, 0, 0, 0, 0, 0, 0, 0, 0, 0, 0, 0, 0, 0, 0, 0, 0, 0, 0, 0, 0, 0, 0, 0, 0, 0, 0, 0, 0, 0.0014508116, 0.001414063, 0.0014496932, 0.0015649686, 0.0016316517, 0.0017633105, 0.0018815399, 0.0019802456, 0.0020217877, 0.0020908485, 0.0021465428, 0.0021715912, 0.0022190448, 0.0022644333, 0.0022860013, 0.0023266517, 0.0023628182, 0.0023921072, 0.002402988, 0.0024140729, 0.002410284, 0.0024040337, 0.0023878484, 0.0023721782, 0.002359364, 0.0023535106, 0.0023414665, 0.00232832, 0.0023209446, 0.0023027959, 0.0022757668, 0.0022574503, 0.002210594, 0.0021539875, 0.0020944837, 0.0020649242, 0.0020056216, 0.001943418, 0.0019105925, 0.001840911, 0.0017649886, 0.0016798697, 0.0016333242, 0.0015396285, 0.0014804282, 0.0014867882, 0.0015852338, 0
0, 0, 0, 0, 0, 0, 0, 0, 0, 0, 0, 0, 0, 0, 0, 0, 0, 0, 0, 0, 0, 0, 0, 0, 0, 0, 0, 0, 0, 0, 0, 0, 0, 0, 0, 0, 0, 0, 0, 0, 0, 0, 0, 0, 0, 0, 0, 0, 0, 0, 0, 0, 0, 0, 0, 0, 0, 0, 0, 0, 0, 0, 0, 0, 0, 0, 0, 0, 0, 0, 0, 0, 0, 0, 0, 0, 0, 0, 0, 0, 0, 0, 0, 0, 0, 0, 0, 0, 0, 0, 0, 0, 0, 0, 0, 0, 0, 0, 0, 0, 0, 0, 0.0015175944, 0.0014494788, 0.001424937, 0.001491848, 0.0015378427, 0.0016324675, 0.0017184635, 0.0017886861, 0.0018170795, 0.0018616585, 0.0018951736, 0.0019098991, 0.0019375576, 0.0019636063, 0.0019755624, 0.0019972257, 0.0020174643, 0.0020368623, 0.0020456223, 0.0020579167, 0.00206126, 0.0020599994, 0.002055272, 0.0020515253, 0.002049743, 0.0020487828, 0.0020449474, 0.0020388921, 0.0020354448, 0.0020279968, 0.0020174887, 0.00200954, 0.0019859292, 0.0019534724, 0.0019153786, 0.0018947731, 0.0018494872, 0.0017964372, 0.0017666902, 0.0017017521, 0.0016313182, 0.0015560621, 0.0015173072, 0.0014470592, 0.0014309298, 0.0014790323, 0.001820399, 0
0, 0, 0, 0, 0, 0, 0, 0, 0, 0, 0, 0, 0, 0, 0, 0, 0, 0, 0, 0, 0, 0, 0, 0, 0, 0, 0, 0, 0, 0, 0, 0, 0, 0, 0, 0, 0, 0, 0, 0, 0, 0, 0, 0, 0, 0, 0, 0, 0, 0, 0, 0, 0, 0, 0, 0, 0, 0, 0, 0, 0, 0, 0, 0, 0, 0, 0, 0, 0, 0, 0, 0, 0, 0, 0, 0, 0, 0, 0, 0, 0, 0, 0, 0, 0, 0, 0, 0, 0, 0, 0, 0, 0, 0, 0, 0, 0, 0, 0, 0, 0, 0, 0.0016933208, 0.0015573356, 0.0014311256, 0.0014326806, 0.0014529154, 0.0015042601, 0.0015551613, 0.0015975605, 0.0016143352, 0.0016399759, 0.0016585367, 0.001666924, 0.0016835728, 0.0016991994, 0.0017058979, 0.0017171353, 0.0017281069, 0.0017420094, 0.0017500294, 0.0017655762, 0.001777227, 0.0017812406, 0.0017873752, 0.0017928173, 0.0017969657, 0.0017974289, 0.0017935534, 0.0017844787, 0.0017793808, 0.0017707036, 0.0017639886, 0.0017600852, 0.0017489004, 0.0017320232, 0.0017098653, 0.0016967689, 0.0016646546, 0.0016226248, 0.0015978253, 0.0015431562, 0.0014849511, 0.0014259005, 0.0013967712, 0.001346827, 0.0013408713, 0.0013783622, 0.0015874743, 0
0, 0, 0, 0, 0, 0, 0, 0, 0, 0, 0, 0, 0, 0, 0, 0, 0, 0, 0, 0, 0, 0, 0, 0, 0, 0, 0, 0, 0, 0, 0, 0, 0, 0, 0, 0, 0, 0, 0, 0, 0, 0, 0, 0, 0, 0, 0, 0, 0, 0, 0, 0, 0, 0, 0, 0, 0, 0, 0, 0, 0, 0, 0, 0, 0, 0, 0, 0, 0, 0, 0, 0, 0, 0, 0, 0, 0, 0, 0, 0, 0, 0, 0, 0, 0, 0, 0, 0, 0, 0, 0, 0, 0, 0, 0, 0, 0, 0, 0, 0, 0, 0, 0.0018289668, 0.0015800172, 0.0013642289, 0.0013222443, 0.0013244909, 0.001343795, 0.0013683512, 0.0013913932, 0.00140119, 0.0014173263, 0.0014308606, 0.0014377448, 0.00145255, 0.0014666358, 0.0014722357, 0.0014800078, 0.0014859856, 0.0014949413, 0.0015010374, 0.0015153316, 0.0015288471, 0.0015346166, 0.0015443123, 0.0015518707, 0.0015554422, 0.0015544413, 0.0015460281, 0.0015307422, 0.0015226041, 0.001508961, 0.0015006565, 0.0014978965, 0.0014927054, 0.0014862634, 0.0014776319, 0.0014720556, 0.0014559934, 0.0014312551, 0.0014154684, 0.0013794608, 0.0013409415, 0.0013011554, 0.0012806155, 0.0012414403, 0.0012235051, 0.0012371496, 0.0013438944, 0
0, 0, 0, 0, 0, 0, 0, 0, 0, 0, 0, 0, 0, 0, 0, 0, 0, 0, 0, 0, 0, 0, 0, 0, 0, 0, 0, 0, 0, 0, 0, 0, 0, 0, 0, 0, 0, 0, 0, 0, 0, 0, 0, 0, 0, 0, 0, 0, 0, 0, 0, 0, 0, 0, 0, 0, 0, 0, 0, 0, 0, 0, 0, 0, 0, 0, 0, 0, 0, 0, 0, 0, 0, 0, 0, 0, 0, 0, 0, 0, 0, 0, 0, 0, 0, 0, 0, 0, 0, 0, 0, 0, 0, 0, 0, 0, 0, 0, 0, 0, 0, 0, 0.0013984386, 0.0013244066, 0.0012048383, 0.0011645912, 0.0011601695, 0.001162858, 0.0011721465, 0.0011838917, 0.0011898808, 0.0012014315, 0.0012133627, 0.0012199682, 0.0012343575, 0.0012473055, 0.0012519015, 0.0012559374, 0.0012552389, 0.0012550625, 0.0012561169, 0.0012607952, 0.0012667006, 0.0012695263, 0.0012748308, 0.001279301, 0.0012809514, 0.001279509, 0.0012715836, 0.0012587508, 0.0012520264, 0.0012415234, 0.0012366966, 0.0012361401, 0.0012369921, 0.0012392799, 0.0012425403, 0.001244091, 0.0012449182, 0.0012400226, 0.0012350776, 0.0012216622, 0.0012055493, 0.0011861749, 0.001174499, 0.0011484078, 0.0011334621, 0.0011424317, 0.0012232037, 0
0, 0, 0, 0, 0, 0, 0, 0, 0, 0, 0, 0, 0, 0, 0, 0, 0, 0, 0, 0, 0, 0, 0, 0, 0, 0, 0, 0, 0, 0, 0, 0, 0, 0, 0, 0, 0, 0, 0, 0, 0, 0, 0, 0, 0, 0, 0, 0, 0, 0, 0, 0, 0, 0, 0, 0, 0, 0, 0, 0, 0, 0, 0, 0, 0, 0, 0, 0, 0, 0, 0, 0, 0, 0, 0, 0, 0, 0, 0, 0, 0, 0, 0, 0, 0, 0, 0, 0, 0, 0, 0, 0, 0, 0, 0, 0, 0, 0, 0, 0, 0, 0, 0.0015212942, 0.001262469, 0.0009806873, 0.00089171913, 0.00087550987, 0.0008601699, 0.0008499554, 0.000839111, 0.0008331843, 0.00082031405, 0.0008070801, 0.000800615, 0.0007884789, 0.00077613606, 0.0007691786, 0.00075237034, 0.0007319733, 0.0007106144, 0.0007003547, 0.0006817459, 0.0006665844, 0.00066081516, 0.0006542395, 0.00065551343, 0.00066373695, 0.0006697847, 0.0006841616, 0.000700515, 0.0007092004, 0.0007273494, 0.0007452345, 0.0007536702, 0.0007691216, 0.00078421325, 0.00080142077, 0.000811395, 0.000833202, 0.0008557544, 0.0008666007, 0.000886967, 0.0009050302, 0.0009191011, 0.0009241316, 0.00093316805, 0.0009579927, 0.0009898763, 0.0011349984, 0.0013749665
0, 0, 0, 0, 0, 0, 0, 0, 0, 0, 0, 0, 0, 0, 0, 0, 0, 0, 0, 0, 0, 0, 0, 0, 0, 0, 0, 0, 0, 0, 0, 0, 0, 0, 0, 0, 0, 0, 0, 0, 0, 0, 0, 0, 0, 0, 0, 0, 0, 0, 0, 0, 0, 0, 0, 0, 0, 0, 0, 0, 0, 0, 0, 0, 0, 0, 0, 0, 0, 0, 0, 0, 0, 0, 0, 0, 0, 0, 0, 0, 0, 0, 0, 0, 0, 0, 0, 0, 0, 0, 0, 0, 0, 0, 0, 0, 0, 0, 0, 0, 0, 0, 0, 0.00094515935, 0.0008397983, 0.0007778981, 0.000762258, 0.00074027636, 0.0007174968, 0.00068973564, 0.00067400583, 0.0006401431, 0.0006048852, 0.0005875956, 0.00055506587, 0.0005261767, 0.0005129889, 0.00048814723, 0.00046443232, 0.0004418612, 0.00043115809, 0.00041105135, 0.00039353926, 0.00038632567, 0.00037700502, 0.00037665357, 0.00038541222, 0.0003927138, 0.0004115657, 0.00043421978, 0.00044638873, 0.00047093627, 0.00049425033, 0.00050485146, 0.0005242228, 0.00054266455, 0.0005633134, 0.00057534594, 0.0006028046, 0.0006336388, 0.0006496692, 0.0006814224, 0.00071156136, 0.00073775364, 0.00074890355, 0.0007696562, 0.0008006163, 0.0008292048, 0.0009382656, 0.0011006821
0, 0, 0, 0, 0, 0, 0, 0, 0, 0, 0, 0, 0, 0, 0, 0, 0, 0, 0, 0, 0, 0, 0, 0, 0, 0, 0, 0, 0, 0, 0, 0, 0, 0, 0, 0, 0, 0, 0, 0, 0, 0, 0, 0, 0, 0, 0, 0, 0, 0, 0, 0, 0, 0, 0, 0, 0, 0, 0, 0, 0, 0, 0, 0, 0, 0, 0, 0, 0, 0, 0, 0, 0, 0, 0, 0, 0, 0, 0, 0, 0, 0, 0, 0, 0, 0, 0, 0, 0, 0, 0, 0, 0, 0, 0, 0, 0, 0, 0, 0, 0, 0, 0, 0.0008766398, 0.0007601587, 0.0006808434, 0.00065589097, 0.0006164765, 0.0005770338, 0.0005320512, 0.00050731347, 0.00045526816, 0.0004021791, 0.00037660217, 0.00032981564, 0.0002907302, 0.00027431778, 0.00024682027, 0.00022453199, 0.00020513312, 0.00019602165, 0.00017806557, 0.00016072672, 0.00015271296, 0.00013973651, 0.00013354719, 0.00013554747, 0.00013951496, 0.00015230972, 0.00017002167, 0.00018011154, 0.0002017209, 0.00022358005, 0.00023413822, 0.000254708, 0.00027605513, 0.0003008726, 0.0003154316, 0.00034968613, 0.0003898107, 0.0004114514, 0.00045607146, 0.0005002413, 0.0005412757, 0.00056014943, 0.00059614284, 0.0006391078, 0.0006701133, 0.0007704235, 0.00090856553
0, 0, 0, 0, 0, 0, 0, 0, 0, 0, 0, 0, 0, 0, 0, 0, 0, 0, 0, 0, 0, 0, 0, 0, 0, 0, 0, 0, 0, 0, 0, 0, 0, 0, 0, 0, 0, 0, 0, 0, 0, 0, 0, 0, 0, 0, 0, 0, 0, 0, 0, 0, 0, 0, 0, 0, 0, 0, 0, 0, 0, 0, 0, 0, 0, 0, 0, 0, 0, 0, 0, 0, 0, 0, 0, 0, 0, 0, 0, 0, 0, 0, 0, 0, 0, 0, 0, 0, 0, 0, 0, 0, 0, 0, 0, 0, 0, 0, 0, 0, 0, 0, 0, 0.0008863538, 0.00071170746, 0.0005849354, 0.00054333033, 0.00048006323, 0.00042420978, 0.00036625267, 0.00033588428, 0.00027328831, 0.000211185, 0.00018160146, 0.00012790751, 8.35866e-05, 6.512349e-05, 3.4669676e-05, 1.0584031e-05, -9.610373e-06, -1.921348e-05, -3.8170303e-05, -5.7550486e-05, -6.727082e-05, -8.561965e-05, -9.98357e-05, -0.00010756339, -0.00010874342, -0.00010587847, -9.690872e-05, -9.047035e-05, -7.4403215e-05, -5.48889e-05, -4.4208937e-05, -2.0907108e-05, 5.9959007e-06, 3.8355625e-05, 5.7129488e-05, 0.000101001664, 0.00015246299, 0.00018053659, 0.00023953602, 0.00029982795, 0.00035881874, 0.0003874031, 0.00044396386, 0.0005067711, 0.00054587243, 0.000654121, 0.0007857003
0, 0, 0, 0, 0, 0, 0, 0, 0, 0, 0, 0, 0, 0, 0, 0, 0, 0, 0, 0, 0, 0, 0, 0, 0, 0, 0, 0, 0, 0, 0, 0, 0, 0, 0, 0, 0, 0, 0, 0, 0, 0, 0, 0, 0, 0, 0, 0, 0, 0, 0, 0, 0, 0, 0, 0, 0, 0, 0, 0, 0, 0, 0, 0, 0, 0, 0, 0, 0, 0, 0, 0, 0, 0, 0, 0, 0, 0, 0, 0, 0, 0, 0, 0, 0, 0, 0, 0, 0, 0, 0, 0, 0, 0, 0, 0, 0, 0, 0, 0, 0, 0, 0, 0.00095988926, 0.0006471303, 0.00047992717, 0.000426035, 0.00034455344, 0.0002765496, 0.00021075734, 0.0001775882, 0.000110716566, 4.5267534e-05, 1.4035035e-05, -4.41337e-05, -9.513089e-05, -0.00011787394, -0.00015829083, -0.00019314181, -0.000223775, -0.00023797761, -0.00026446077, -0.000289441, -0.00030157893, -0.00032448155, -0.0003437046, -0.00035702926, -0.0003610566, -0.00036331575, -0.00035815235, -0.00035290717, -0.00033705638, -0.00031462207, -0.00030114647, -0.0002695176, -0.00023172355, -0.00018723137, -0.0001623097, -0.00010690306, -4.41364e-05, -1.0446884e-05, 6.0347727e-05, 0.0001338295, 0.00020808801, 0.0002453274, 0.00032103635, 0.0004036686, 0.0004517064, 0.0005711758, 0.0007011438
0, 0, 0, 0, 0, 0, 0, 0, 0, 0, 0, 0, 0, 0, 0, 0, 0, 0, 0, 0, 0, 0, 0, 0, 0, 0, 0, 0, 0, 0, 0, 0, 0, 0, 0, 0, 0, 0, 0, 0, 0, 0, 0, 0, 0, 0, 0, 0, 0, 0, 0, 0, 0, 0, 0, 0, 0, 0, 0, 0, 0, 0, 0, 0, 0, 0, 0, 0, 0, 0, 0, 0, 0, 0, 0, 0, 0, 0, 0, 0, 0, 0, 0, 0, 0, 0, 0, 0, 0, 0, 0, 0, 0, 0, 0, 0, 0, 0, 0, 0, 0, 0, 0, 0, 0.0005065084, 0.00038081664, 0.00032703075, 0.00023705262, 0.00015956064, 8.673489e-05, 5.099319e-05, -1.963076e-05, -8.869954e-05, -0.00012245984, -0.00018790632, -0.0002504605, -0.00028047332, -0.00033773197, -0.00039059503, -0.00043811128, -0.00045952768, -0.00049776514, -0.0005298416, -0.0005437848, -0.00056784024, -0.00058597734, -0.0005970307, -0.00059958367, -0.00059845153, -0.0005890697, -0.00058118574, -0.0005587303, -0.0005274257, -0.00050842145, -0.0004642482, -0.0004126377, -0.00035458163, -0.0003235356, -0.00025769448, -0.000187134, -0.00015028531, -7.3708856e-05, 6.131566e-06, 8.848088e-05, 0.00013066833, 0.0002180643, 0.000313582, 0.00036756377, 0.00049471116, 0.0006231367
0, 0, 0, 0, 0, 0, 0, 0, 0, 0, 0, 0, 0, 0, 0, 0, 0, 0, 0, 0, 0, 0, 0, 0, 0, 0, 0, 0, 0, 0, 0, 0, 0, 0, 0, 0, 0, 0, 0, 0, 0, 0, 0, 0, 0, 0, 0, 0, 0, 0, 0, 0, 0, 0, 0, 0, 0, 0, 0, 0, 0, 0, 0, 0, 0, 0, 0, 0, 0, 0, 0, 0, 0, 0, 0, 0, 0, 0, 0, 0, 0, 0, 0, 0, 0, 0, 0, 0, 0, 0, 0, 0, 0, 0, 0, 0, 0, 0, 0, 0, 0, 0, 0, 0, 0.00045759845, 0.00033238716, 0.0002752869, 0.00017490677, 8.604146e-05, 3.1333159e-06, -3.694568e-05, -0.00011493794, -0.00019114143, -0.00022889189, -0.00030431882, -0.00037956823, -0.00041696828, -0.0004901388, -0.00055917253, -0.00062162377, -0.0006494516, -0.0006976559, -0.0007349589, -0.00074959575, -0.00077138736, -0.0007839316, -0.0007873423, -0.000785746, -0.0007761679, -0.00075828587, -0.0007461573, -0.0007151733, -0.00067488966, -0.0006511501, -0.0005972073, -0.0005358413, -0.00046918046, -0.00043442493, -0.00036292113, -0.000289091, -0.0002512417, -0.0001733899, -9.206916e-05, -6.8260442e-06, 3.746852e-05, 0.00013039702, 0.00023234214, 0.00028921242, 0.00041954344, 0.0005450829
0, 0, 0, 0, 0, 0, 0, 0, 0, 0, 0, 0, 0, 0, 0, 0, 0, 0, 0, 0, 0, 0, 0, 0, 0, 0, 0, 0, 0, 0, 0, 0, 0, 0, 0, 0, 0, 0, 0, 0, 0, 0, 0, 0, 0, 0, 0, 0, 0, 0, 0, 0, 0, 0, 0, 0, 0, 0, 0, 0, 0, 0, 0, 0, 0, 0, 0, 0, 0, 0, 0, 0, 0, 0, 0, 0, 0, 0, 0, 0, 0, 0, 0, 0, 0, 0, 0, 0, 0, 0, 0, 0, 0, 0, 0, 0, 0, 0, 0, 0, 0, 0, 0, 0, 0.00046023433, 0.0003253421, 0.00026242546, 0.0001494613, 4.775632e-05, -4.6953905e-05, -9.2297996e-05, -0.00017962093, -0.00026395367, -0.00030552945, -0.00038818465, -0.0004703017, -0.0005108526, -0.0005899596, -0.0006645539, -0.0007320286, -0.00076222455, -0.00081401237, -0.0008529017, -0.0008673151, -0.00088663195, -0.000894339, -0.000892067, -0.0008875045, -0.00087214715, -0.00084917905, -0.000834797, -0.00080003665, -0.0007570817, -0.00073233485, -0.0006769007, -0.00061448856, -0.0005467908, -0.00051138765, -0.00043831405, -0.0003626704, -0.00032385366, -0.00024385101, -0.00015996199, -7.1505274e-05, -2.5313502e-05, 7.1712035e-05, 0.0001778941, 0.0002365932, 0.00036813665, 0.0004899606
0, 0, 0, 0, 0, 0, 0, 0, 0, 0, 0, 0, 0, 0, 0, 0, 0, 0, 0, 0, 0, 0, 0, 0, 0, 0, 0, 0, 0, 0, 0, 0, 0, 0, 0, 0, 0, 0, 0, 0, 0, 0, 0, 0, 0, 0, 0, 0, 0, 0, 0, 0, 0, 0, 0, 0, 0, 0, 0, 0, 0, 0, 0, 0, 0, 0, 0, 0, 0, 0, 0, 0, 0, 0, 0, 0, 0, 0, 0, 0, 0, 0, 0, 0, 0, 0, 0, 0, 0, 0, 0, 0, 0, 0, 0, 0, 0, 0, 0, 0, 0, 0, 0, 0, 0.0004771723, 0.00033257395, 0.00026430568, 0.00014126788, 3.0363468e-05, -7.2762756e-05, -0.00012171729, -0.00021534428, -0.00030383372, -0.00034655025, -0.00042916875, -0.00050809927, -0.0005461187, -0.0006188187, -0.0006865366, -0.0007482037, -0.00077623967, -0.00082520227, -0.00086313405, -0.00087764004, -0.0008976683, -0.0009068098, -0.000906248, -0.00090266747, -0.00088929734, -0.00086841744, -0.0008552646, -0.0008234027, -0.00078410795, -0.0007616002, -0.00071077637, -0.00065257313, -0.0005872629, -0.000552149, -0.00047726525, -0.00039700227, -0.00035515733, -0.00026858726, -0.00017833847, -8.4272746e-05, -3.578243e-05, 6.512385e-05, 0.00017459158, 0.00023506282, 0.00037191962, 0.0004999892
0, 0, 0, 0, 0, 0, 0, 0, 0, 0, 0, 0, 0, 0, 0, 0, 0, 0, 0, 0, 0, 0, 0, 0, 0, 0, 0, 0, 0, 0, 0, 0, 0, 0, 0, 0, 0, 0, 0, 0, 0, 0, 0, 0, 0, 0, 0, 0, 0, 0, 0, 0, 0, 0, 0, 0, 0, 0, 0, 0, 0, 0, 0, 0, 0, 0, 0, 0, 0, 0, 0, 0, 0, 0, 0, 0, 0, 0, 0, 0, 0, 0, 0, 0, 0, 0, 0, 0, 0, 0, 0, 0, 0, 0, 0, 0, 0, 0, 0, 0, 0, 0, 0, 0, 0.00049741386, 0.0003428283, 0.00027109284, 0.00014477939, 3.3341817e-05, -6.962438e-05, -0.00011849685, -0.00021119246, -0.00029723698, -0.00033770181, -0.00041373642, -0.00048303328, -0.0005153017, -0.0005755459, -0.00063099974, -0.0006821772, -0.0007061037, -0.0007497227, -0.00078669336, -0.00080229604, -0.0008270964, -0.000842969, -0.0008497041, -0.0008496624, -0.000842689, -0.0008268903, -0.0008159153, -0.0007880956, -0.00075284636, -0.0007323378, -0.00068541366, -0.00063017546, -0.00056584686, -0.0005301048, -0.00045163062, -0.00036486232, -0.00031913523, -0.00022458071, -0.00012768648, -2.9624922e-05, 1.9822288e-05, 0.00012061909, 0.00022889192, 0.00028985643, 0.00044193602, 0.00067316875
0, 0, 0, 0, 0, 0, 0, 0, 0, 0, 0, 0, 0, 0, 0, 0, 0, 0, 0, 0, 0, 0, 0, 0, 0, 0, 0, 0, 0, 0, 0, 0, 0, 0, 0, 0, 0, 0, 0, 0, 0, 0, 0, 0, 0, 0, 0, 0, 0, 0, 0, 0, 0, 0, 0, 0, 0, 0, 0, 0, 0, 0, 0, 0, 0, 0, 0, 0, 0, 0, 0, 0, 0, 0, 0, 0, 0, 0, 0, 0, 0, 0, 0, 0, 0, 0, 0, 0, 0, 0, 0, 0, 0, 0, 0, 0, 0, 0, 0, 0, 0, 0, 0, 0, 0.0005362932, 0.0003673928, 0.00029494238, 0.00017470543, 7.3502786e-05, -1.91397e-05, -6.338778e-05, -0.00014788708, -0.0002264292, -0.0002631329, -0.00033100622, -0.0003913028, -0.00041875523, -0.0004694461, -0.0005158004, -0.0005592839, -0.0005801288, -0.0006198316, -0.0006566434, -0.000673488, -0.0007027344, -0.00072416646, -0.00073567976, -0.0007373391, -0.000732123, -0.00071617134, -0.0007046662, -0.00067543145, -0.00063891883, -0.0006180427, -0.0005709878, -0.0005162799, -0.00045259422, -0.0004171379, -0.00033858643, -0.0002510399, -0.00020470846, -0.00010921545, -1.2731664e-05, 8.235187e-05, 0.00012915548, 0.0002223378, 0.00031996882, 0.00037464412, 0.0005105872, 0.0006954112
0, 0, 0, 0, 0, 0, 0, 0, 0, 0, 0, 0, 0, 0, 0, 0, 0, 0, 0, 0, 0, 0, 0, 0, 0, 0, 0, 0, 0, 0, 0, 0, 0, 0, 0, 0, 0, 0, 0, 0, 0, 0, 0, 0, 0, 0, 0, 0, 0, 0, 0, 0, 0, 0, 0, 0, 0, 0, 0, 0, 0, 0, 0, 0, 0, 0, 0, 0, 0, 0, 0, 0, 0, 0, 0, 0, 0, 0, 0, 0, 0, 0, 0, 0, 0, 0, 0, 0, 0, 0, 0, 0, 0, 0, 0, 0, 0, 0, 0, 0, 0, 0, 0, 0, 0.00060151855, 0.00041882604, 0.0003516373, 0.0002485658, 0.00016669325, 9.192835e-05, 5.5436183e-05, -1.6280617e-05, -8.5293286e-05, -0.00011831221, -0.00018008784, -0.00023559264, -0.00026110513, -0.00030827118, -0.00035132488, -0.00039133854, -0.00041049536, -0.0004473005, -0.00048185128, -0.0004978212, -0.00052558, -0.0005446915, -0.00055212586, -0.0005509338, -0.00053876056, -0.00051531097, -0.0005000546, -0.0004641881, -0.00042282604, -0.0004004432, -0.0003526106, -0.0003004417, -0.00024268177, -0.00021127712, -0.00014265398, -6.6482186e-05, -2.6074202e-05, 5.7433816e-05, 0.00014168912, 0.00022383317, 0.00026371382, 0.00034160237, 0.00042134183, 0.00046561108, 0.00057570153, 0.0007244393
0, 0, 0, 0, 0, 0, 0, 0, 0, 0, 0, 0, 0, 0, 0, 0, 0, 0, 0, 0, 0, 0, 0, 0, 0, 0, 0, 0, 0, 0, 0, 0, 0, 0, 0, 0, 0, 0, 0, 0, 0, 0, 0, 0, 0, 0, 0, 0, 0, 0, 0, 0, 0, 0, 0, 0, 0, 0, 0, 0, 0, 0, 0, 0, 0, 0, 0, 0, 0, 0, 0, 0, 0, 0, 0, 0, 0, 0, 0, 0, 0, 0, 0, 0, 0, 0, 0, 0, 0, 0, 0, 0, 0, 0, 0, 0, 0, 0, 0, 0, 0, 0, 0, 0, 0.00059715507, 0.00049475307, 0.0004445828, 0.00036744724, 0.00030858757, 0.00025410237, 0.0002264777, 0.00016948125, 0.00011127804, 8.233511e-05, 2.651952e-05, -2.5206686e-05, -4.927913e-05, -9.374502e-05, -0.00013378204, -0.00016959319, -0.00018606131, -0.000216398, -0.0002429869, -0.00025453002, -0.00027257984, -0.00028130203, -0.00027816658, -0.00027184255, -0.00025037068, -0.00021935429, -0.00020123308, -0.00016144535, -0.000119056094, -9.729143e-05, -5.340931e-05, -9.25292e-06, 3.5952704e-05, 5.9529197e-05, 0.00010966112, 0.0001645931, 0.00019375923, 0.00025455622, 0.00031647444, 0.0003770653, 0.00040651305, 0.00046370077, 0.00052261405, 0.00055603264, 0.00064434373, 0.0007753807
0, 0, 0, 0, 0, 0, 0, 0, 0, 0, 0, 0, 0, 0, 0, 0, 0, 0, 0, 0, 0, 0, 0, 0, 0, 0, 0, 0, 0, 0, 0, 0, 0, 0, 0, 0, 0, 0, 0, 0, 0, 0, 0, 0, 0, 0, 0, 0, 0, 0, 0, 0, 0, 0, 0, 0, 0, 0, 0, 0, 0, 0, 0, 0, 0, 0, 0, 0, 0, 0, 0, 0, 0, 0, 0, 0, 0, 0, 0, 0, 0, 0, 0, 0, 0, 0, 0, 0, 0, 0, 0, 0, 0, 0, 0, 0, 0, 0, 0, 0, 0, 0, 0, 0, 0.00072949205, 0.0006231211, 0.0005779159, 0.0005167594, 0.00047621527, 0.00043979342, 0.00042070507, 0.00037978118, 0.0003357627, 0.00031338262, 0.00026931975, 0.00022796248, 0.00020871752, 0.00017357735, 0.00014328753, 0.00011806327, 0.00010726486, 8.9534675e-05, 7.692423e-05, 7.264386e-05, 6.886328e-05, 7.2552706e-05, 8.4589476e-05, 9.3783325e-05, 0.00011752006, 0.0001468126, 0.00016282691, 0.00019652926, 0.00023110233, 0.00024831246, 0.00028190602, 0.00031400926, 0.00034490108, 0.00036019605, 0.0003914246, 0.0004242271, 0.0004414095, 0.00047694184, 0.00051296316, 0.00054844725, 0.00056571007, 0.0005996797, 0.00063666515, 0.00065978, 0.0007301626, 0.0008519724
0, 0, 0, 0, 0, 0, 0, 0, 0, 0, 0, 0, 0, 0, 0, 0, 0, 0, 0, 0, 0, 0, 0, 0, 0, 0, 0, 0, 0, 0, 0, 0, 0, 0, 0, 0, 0, 0, 0, 0, 0, 0, 0, 0, 0, 0, 0, 0, 0, 0, 0, 0, 0, 0, 0, 0, 0, 0, 0, 0, 0, 0, 0, 0, 0, 0, 0, 0, 0, 0, 0, 0, 0, 0, 0, 0, 0, 0, 0, 0, 0, 0, 0, 0, 0, 0, 0, 0, 0, 0, 0, 0, 0, 0, 0, 0, 0, 0, 0, 0, 0, 0, 0, 0, 0.0009057346, 0.0007823557, 0.00073393446, 0.00067593687, 0.0006456151, 0.0006232005, 0.0006123375, 0.0005895976, 0.00056588626, 0.00055408303, 0.0005313311, 0.00051048, 0.0005010285, 0.0004846907, 0.0004720356, 0.000463533, 0.00046097834, 0.00045923688, 0.0004622564, 0.00046542587, 0.00047469258, 0.00048709352, 0.0005018183, 0.0005098061, 0.0005267418, 0.0005446281, 0.00055386237, 0.0005728643, 0.00059262116, 0.0006026404, 0.00062283885, 0.00064279884, 0.0006622529, 0.00067160535, 0.0006894277, 0.000705974, 0.00071372633, 0.00072832435, 0.00074157404, 0.00075349305, 0.0007589397, 0.0007696797, 0.00078408216, 0.0007965186, 0.00084852625, 0.0009618441
0, 0, 0, 0, 0, 0, 0, 0, 0, 0, 0, 0, 0, 0, 0, 0, 0, 0, 0, 0, 0, 0, 0, 0, 0, 0, 0, 0, 0, 0, 0, 0, 0, 0, 0, 0, 0, 0, 0, 0, 0, 0, 0, 0, 0, 0, 0, 0, 0, 0, 0, 0, 0, 0, 0, 0, 0, 0, 0, 0, 0, 0, 0, 0, 0, 0, 0, 0, 0, 0, 0, 0, 0, 0, 0, 0, 0, 0, 0, 0, 0, 0, 0, 0, 0, 0, 0, 0, 0, 0, 0, 0, 0, 0, 0, 0, 0, 0, 0, 0, 0, 0, 0, 0, 0.0011096414, 0.0009558858, 0.0008961981, 0.0008299015, 0.0008043797, 0.0007948252, 0.0007925936, 0.0007914117, 0.0007933249, 0.00079523015, 0.0008004479, 0.000806663, 0.00081004144, 0.0008171939, 0.0008250338, 0.00083410146, 0.0008394107, 0.0008518513, 0.0008671989, 0.00087584584, 0.00089377945, 0.0009108117, 0.00092482613, 0.00093036884, 0.000938674, 0.0009441075, 0.0009462352, 0.00095041667, 0.0009555138, 0.00095869554, 0.0009665998, 0.0009765672, 0.0009875064, 0.0009927306, 0.001001381, 0.0010063684, 0.0010072398, 0.0010057952, 0.0010004248, 0.0009919071, 0.0009865917, 0.0009747283, 0.00096551713, 0.0009661229, 0.0009966411, 0.0010989659
0, 0, 0, 0, 0, 0, 0, 0, 0, 0, 0, 0, 0, 0, 0, 0, 0, 0, 0, 0, 0, 0, 0, 0, 0, 0, 0, 0, 0, 0, 0, 0, 0, 0, 0, 0, 0, 0, 0, 0, 0, 0, 0, 0, 0, 0, 0, 0, 0, 0, 0, 0, 0, 0, 0, 0, 0, 0, 0, 0, 0, 0, 0, 0, 0, 0, 0, 0, 0, 0, 0, 0, 0, 0, 0, 0, 0, 0, 0, 0, 0, 0, 0, 0, 0, 0, 0, 0, 0, 0, 0, 0, 0, 0, 0, 0, 0, 0, 0, 0, 0, 0, 0, 0, 0.0013619631, 0.0011321442, 0.0010483504, 0.0009669985, 0.00094952196, 0.0009574664, 0.0009661621, 0.0009893901, 0.0010183955, 0.0010342285, 0.0010670256, 0.0010991903, 0.0011144542, 0.001142702, 0.0011678619, 0.001190752, 0.0012017797, 0.0012240207, 0.00124719, 0.0012591281, 0.0012826348, 0.0013033319, 0.0013188692, 0.0013242487, 0.0013300701, 0.0013304978, 0.0013293357, 0.001325715, 0.0013220791, 0.0013207567, 0.0013199237, 0.0013214329, 0.0013237105, 0.0013243381, 0.0013225862, 0.0013149303, 0.0013085597, 0.0012907602, 0.0012668981, 0.0012377021, 0.0012213223, 0.0011857343, 0.0011512339, 0.0011389223, 0.0011460494, 0.0012359503
0, 0, 0, 0, 0, 0, 0, 0, 0, 0, 0, 0, 0, 0, 0, 0, 0, 0, 0, 0, 0, 0, 0, 0, 0, 0, 0, 0, 0, 0, 0, 0, 0, 0, 0, 0, 0, 0, 0, 0, 0, 0, 0, 0, 0, 0, 0, 0, 0, 0, 0, 0, 0, 0, 0, 0, 0, 0, 0, 0, 0, 0, 0, 0, 0, 0, 0, 0, 0, 0, 0, 0, 0, 0, 0, 0, 0, 0, 0, 0, 0, 0, 0, 0, 0, 0, 0, 0, 0, 0, 0, 0, 0, 0, 0, 0, 0, 0, 0, 0, 0, 0, 0, 0, 0.0016804693, 0.0012520957, 0.001147209, 0.0010726444, 0.0010800614, 0.0011151034, 0.001137, 0.0011859336, 0.0012392681, 0.0012667633, 0.0013213959, 0.0013730479, 0.0013971267, 0.0014408247, 0.0014784805, 0.0015112776, 0.0015264443, 0.0015556625, 0.0015845979, 0.0015990967, 0.0016276141, 0.0016535112, 0.0016745786, 0.0016826731, 0.0016933576, 0.0016969824, 0.0016965691, 0.0016925307, 0.0016860141, 0.0016823133, 0.0016750098, 0.0016674772, 0.0016580509, 0.0016518063, 0.0016343582, 0.0016087252, 0.0015926342, 0.001554096, 0.0015078449, 0.0014546472, 0.0014257755, 0.0013644175, 0.0013036688, 0.0012786557, 0.0012638085, 0.0013429906
0, 0, 0, 0, 0, 0, 0, 0, 0, 0, 0, 0, 0, 0, 0, 0, 0, 0, 0, 0, 0, 0, 0, 0, 0, 0, 0, 0, 0, 0, 0, 0, 0, 0, 0, 0, 0, 0, 0, 0, 0, 0, 0, 0, 0, 0, 0, 0, 0, 0, 0, 0, 0, 0, 0, 0, 0, 0, 0, 0, 0, 0, 0, 0, 0, 0, 0, 0, 0, 0, 0, 0, 0, 0, 0, 0, 0, 0, 0, 0, 0, 0, 0, 0, 0, 0, 0, 0, 0, 0, 0, 0, 0, 0, 0, 0, 0, 0, 0, 0, 0, 0, 0, 0, 0, 0.0011936865, 0.0011559709, 0.0011487094, 0.0011973014, 0.0012645479, 0.0013002623, 0.0013731144, 0.0014463839, 0.0014826738, 0.001553094, 0.0016186878, 0.0016490975, 0.0017043314, 0.0017522884, 0.0017941581, 0.0018134217, 0.0018500171, 0.0018853616, 0.0019027367, 0.0019368193, 0.0019687186, 0.0019963165, 0.002007793, 0.0020250387, 0.002034043, 0.0020355352, 0.0020330811, 0.0020246946, 0.0020186824, 0.0020034942, 0.001983852, 0.0019583304, 0.0019428707, 0.0019052783, 0.0018581928, 0.0018310242, 0.0017698144, 0.0017000819, 0.0016227487, 0.0015815889, 0.001495719, 0.0014113913, 0.001375501, 0.0013428733, 0.001414699
0, 0, 0, 0, 0, 0, 0, 0, 0, 0, 0, 0, 0, 0, 0, 0, 0, 0, 0, 0, 0, 0, 0, 0, 0, 0, 0, 0, 0, 0, 0, 0, 0, 0, 0, 0, 0, 0, 0, 0, 0, 0, 0, 0, 0, 0, 0, 0, 0, 0, 0, 0, 0, 0, 0, 0, 0, 0, 0, 0, 0, 0, 0, 0, 0, 0, 0, 0, 0, 0, 0, 0, 0, 0, 0, 0, 0, 0, 0, 0, 0, 0, 0, 0, 0, 0, 0, 0, 0, 0, 0, 0, 0, 0, 0, 0, 0, 0, 0, 0, 0, 0, 0, 0, 0, 0.001247054, 0.0012142331, 0.0012292139, 0.0013043262, 0.0013966319, 0.0014435857, 0.0015358664, 0.0016250075, 0.0016681935, 0.0017511797, 0.0018285775, 0.0018647285, 0.0019313829, 0.0019905877, 0.0020431692, 0.0020674712, 0.0021132468, 0.0021559598, 0.0021763262, 0.002214909, 0.0022499866, 0.0022800125, 0.002292528, 0.002311473, 0.0023213304, 0.0023226198, 0.002318041, 0.0023045002, 0.0022945672, 0.002268503, 0.002234134, 0.002191111, 0.0021662945, 0.0021099953, 0.0020448668, 0.002008998, 0.0019307637, 0.0018441428, 0.0017496897, 0.0016997976, 0.0015963401, 0.0014948148, 0.0014508985, 0.0014049932, 0.0014715524
0, 0, 0, 0, 0, 0, 0, 0, 0, 0, 0, 0, 0, 0, 0, 0, 0, 0, 0, 0, 0, 0, 0, 0, 0, 0, 0, 0, 0, 0, 0, 0, 0, 0, 0, 0, 0, 0, 0, 0, 0, 0, 0, 0, 0, 0, 0, 0, 0, 0, 0, 0, 0, 0, 0, 0, 0, 0, 0, 0, 0, 0, 0, 0, 0, 0, 0, 0, 0, 0, 0, 0, 0, 0, 0, 0, 0, 0, 0, 0, 0, 0, 0, 0, 0, 0, 0, 0, 0, 0, 0, 0, 0, 0, 0, 0, 0, 0, 0, 0, 0, 0, 0, 0, 0, 0.0013361875, 0.0012962363, 0.0013095147, 0.0013946971, 0.0015015082, 0.0015560096, 0.0016623512, 0.0017638974, 0.001812859, 0.0019068934, 0.001995402, 0.002037359, 0.0021159798, 0.002187342, 0.002251733, 0.0022815086, 0.0023365172, 0.0023854, 0.0024075003, 0.002446754, 0.0024794212, 0.002504932, 0.0025148015, 0.0025279892, 0.0025318507, 0.0025300214, 0.002518768, 0.0024973257, 0.0024828606, 0.0024464424, 0.0024002236, 0.0023450188, 0.0023143422, 0.0022475787, 0.0021739057, 0.0021343713, 0.0020496321, 0.0019567802, 0.0018554451, 0.0018017038, 0.0016893736, 0.0015773941, 0.0015278121, 0.0014713571, 0.0015326146
0, 0, 0, 0, 0, 0, 0, 0, 0, 0, 0, 0, 0, 0, 0, 0, 0, 0, 0, 0, 0, 0, 0, 0, 0, 0, 0, 0, 0, 0, 0, 0, 0, 0, 0, 0, 0, 0, 0, 0, 0, 0, 0, 0, 0, 0, 0, 0, 0, 0, 0, 0, 0, 0, 0, 0, 0, 0, 0, 0, 0, 0, 0, 0, 0, 0, 0, 0, 0, 0, 0, 0, 0, 0, 0, 0, 0, 0, 0, 0, 0, 0, 0, 0, 0, 0, 0, 0, 0, 0, 0, 0, 0, 0, 0, 0, 0, 0, 0, 0, 0, 0, 0, 0, 0, 0.0014096618, 0.0013651807, 0.0013752131, 0.0014644411, 0.0015792372, 0.0016382589, 0.0017538918, 0.001864059, 0.0019170264, 0.0020190645, 0.0021157477, 0.0021620076, 0.0022497121, 0.0023304573, 0.0024037461, 0.002437415, 0.0024982854, 0.0025495773, 0.002571364, 0.002607155, 0.0026330983, 0.002649909, 0.0026550165, 0.002658764, 0.0026537308, 0.0026478367, 0.0026293648, 0.002601819, 0.0025846343, 0.0025434226, 0.0024933736, 0.0024354428, 0.0024039063, 0.00233649, 0.0022631611, 0.0022240845, 0.0021402868, 0.002047888, 0.0019458425, 0.0018910562, 0.0017747743, 0.0016560217, 0.001602185, 0.0015368246, 0.0015924766
0, 0, 0, 0, 0, 0, 0, 0, 0, 0, 0, 0, 0, 0, 0, 0, 0, 0, 0, 0, 0, 0, 0, 0, 0, 0, 0, 0, 0, 0, 0, 0, 0, 0, 0, 0, 0, 0, 0, 0, 0, 0, 0, 0, 0, 0, 0, 0, 0, 0, 0, 0, 0, 0, 0, 0, 0, 0, 0, 0, 0, 0, 0, 0, 0, 0, 0, 0, 0, 0, 0, 0, 0, 0, 0, 0, 0, 0, 0, 0, 0, 0, 0, 0, 0, 0, 0, 0, 0, 0, 0, 0, 0, 0, 0, 0, 0, 0, 0, 0, 0, 0, 0, 0, 0, 0.0014641517, 0.0014178994, 0.0014281268, 0.0015208974, 0.0016406638, 0.0017022426, 0.0018225993, 0.0019365823, 0.0019910804, 0.0020954364, 0.0021939562, 0.0022410708, 0.0023305707, 0.002413199, 0.0024881293, 0.0025222844, 0.0025829899, 0.002632269, 0.0026523438, 0.002683435, 0.002703434, 0.0027137809, 0.002715684, 0.0027134886, 0.0027034502, 0.0026956003, 0.0026743086, 0.002645613, 0.002628417, 0.002588219, 0.0025404084, 0.0024853516, 0.0024553444, 0.0023906967, 0.0023194936, 0.0022811298, 0.00219818, 0.0021057294, 0.0020026723, 0.0019468989, 0.0018275027, 0.0017041162, 0.0016475104, 0.001576599, 0.0016288748
0, 0, 0, 0, 0, 0, 0, 0, 0, 0, 0, 0, 0, 0, 0, 0, 0, 0, 0, 0, 0, 0, 0, 0, 0, 0, 0, 0, 0, 0, 0, 0, 0, 0, 0, 0, 0, 0, 0, 0, 0, 0, 0, 0, 0, 0, 0, 0, 0, 0, 0, 0, 0, 0, 0, 0, 0, 0, 0, 0, 0, 0, 0, 0, 0, 0, 0, 0, 0, 0, 0, 0, 0, 0, 0, 0, 0, 0, 0, 0, 0, 0, 0, 0, 0, 0, 0, 0, 0, 0, 0, 0, 0, 0, 0, 0, 0, 0, 0, 0, 0, 0, 0, 0, 0, 0.0015102527, 0.0014636798, 0.0014761167, 0.0015722193, 0.0016944906, 0.0017568454, 0.0018775577, 0.0019903649, 0.002043673, 0.0021443386, 0.0022378883, 0.0022820986, 0.002365473, 0.0024418458, 0.0025105109, 0.0025416536, 0.0025966733, 0.002641161, 0.0026593183, 0.002687661, 0.0027064392, 0.0027167136, 0.0027189872, 0.0027180137, 0.002709903, 0.0027031815, 0.00268424, 0.0026579713, 0.0026419258, 0.00260378, 0.0025574183, 0.0025030153, 0.0024729033, 0.002406841, 0.0023329135, 0.0022928545, 0.0022062124, 0.0021102414, 0.0020040243, 0.0019468877, 0.001825409, 0.0017010239, 0.0016443237, 0.0015740874, 0.001627903
0, 0, 0, 0, 0, 0, 0, 0, 0, 0, 0, 0, 0, 0, 0, 0, 0, 0, 0, 0, 0, 0, 0, 0, 0, 0, 0, 0, 0, 0, 0, 0, 0, 0, 0, 0, 0, 0, 0, 0, 0, 0, 0, 0, 0, 0, 0, 0, 0, 0, 0, 0, 0, 0, 0, 0, 0, 0, 0, 0, 0, 0, 0, 0, 0, 0, 0, 0, 0, 0, 0, 0, 0, 0, 0, 0, 0, 0, 0, 0, 0, 0, 0, 0, 0, 0, 0, 0, 0, 0, 0, 0, 0, 0, 0, 0, 0, 0, 0, 0, 0, 0, 0, 0, 0, 0.0015507494, 0.0015040337, 0.0015178338, 0.0016149945, 0.0017364536, 0.0017976728, 0.0019148752, 0.0020227476, 0.0020730596, 0.0021668149, 0.0022521012, 0.002291722, 0.0023653803, 0.0024317005, 0.0024905296, 0.0025170993, 0.0025642577, 0.0026033558, 0.002619917, 0.0026475997, 0.0026681817, 0.0026820432, 0.0026864838, 0.0026900857, 0.002686483, 0.0026817524, 0.002666116, 0.0026415307, 0.0026256992, 0.0025866746, 0.0025378373, 0.0024796294, 0.0024471632, 0.0023756328, 0.002295812, 0.0022528775, 0.002161124, 0.0020614557, 0.00195337, 0.0018960495, 0.0017759736, 0.0016554983, 0.0016016791, 0.0015381981, 0.0015978063
0, 0, 0, 0, 0, 0, 0, 0, 0, 0, 0, 0, 0, 0, 0, 0, 0, 0, 0, 0, 0, 0, 0, 0, 0, 0, 0, 0, 0, 0, 0, 0, 0, 0, 0, 0, 0, 0, 0, 0, 0, 0, 0, 0, 0, 0, 0, 0, 0, 0, 0, 0, 0, 0, 0, 0, 0, 0, 0, 0, 0, 0, 0, 0, 0, 0, 0, 0, 0, 0, 0, 0, 0, 0, 0, 0, 0, 0, 0, 0, 0, 0, 0, 0, 0, 0, 0, 0, 0, 0, 0, 0, 0, 0, 0, 0, 0, 0, 0, 0, 0, 0, 0, 0, 0, 0.0015780261, 0.0015304394, 0.0015426201, 0.0016370163, 0.0017540626, 0.0018125236, 0.0019235496, 0.002024886, 0.0020719448, 0.002159029, 0.0022371947, 0.0022731086, 0.00233899, 0.0023972944, 0.0024481635, 0.002470933, 0.002511384, 0.0025454808, 0.0025603548, 0.0025860877, 0.0026063246, 0.0026206335, 0.002625326, 0.0026293618, 0.0026257774, 0.002620868, 0.0026043893, 0.0025780562, 0.0025610602, 0.0025193673, 0.0024677524, 0.0024070556, 0.0023734546, 0.0023001959, 0.002219189, 0.0021760645, 0.0020847798, 0.00198699, 0.0018823873, 0.0018274195, 0.001713216, 0.0016002472, 0.0015507328, 0.0014959855, 0.0015618777
0, 0, 0, 0, 0, 0, 0, 0, 0, 0, 0, 0, 0, 0, 0, 0, 0, 0, 0, 0, 0, 0, 0, 0, 0, 0, 0, 0, 0, 0, 0, 0, 0, 0, 0, 0, 0, 0, 0, 0, 0, 0, 0, 0, 0, 0, 0, 0, 0, 0, 0, 0, 0, 0, 0, 0, 0, 0, 0, 0, 0, 0, 0, 0, 0, 0, 0, 0, 0, 0, 0, 0, 0, 0, 0, 0, 0, 0, 0, 0, 0, 0, 0, 0, 0, 0, 0, 0, 0, 0, 0, 0, 0, 0, 0, 0, 0, 0, 0, 0, 0, 0, 0, 0, 0, 0.0015847022, 0.0015352232, 0.0015427709, 0.0016315312, 0.0017419471, 0.0017969104, 0.0019009503, 0.0019958932, 0.002040064, 0.0021219791, 0.0021955806, 0.0022293422, 0.0022909984, 0.002344933, 0.0023911898, 0.0024115425, 0.002446858, 0.0024756312, 0.0024878285, 0.0025080745, 0.002522727, 0.0025310328, 0.002532544, 0.0025301164, 0.0025202173, 0.0025123649, 0.0024906967, 0.0024607095, 0.0024425332, 0.002400212, 0.0023506312, 0.0022944857, 0.0022639749, 0.0021981094, 0.0021256509, 0.0020870364, 0.0020051177, 0.0019169926, 0.0018221424, 0.0017720148, 0.0016672869, 0.0015632143, 0.0015178055, 0.0014700319, 0.0015395875
0, 0, 0, 0, 0, 0, 0, 0, 0, 0, 0, 0, 0, 0, 0, 0, 0, 0, 0, 0, 0, 0, 0, 0, 0, 0, 0, 0, 0, 0, 0, 0, 0, 0, 0, 0, 0, 0, 0, 0, 0, 0, 0, 0, 0, 0, 0, 0, 0, 0, 0, 0, 0, 0, 0, 0, 0, 0, 0, 0, 0, 0, 0, 0, 0, 0, 0, 0, 0, 0, 0, 0, 0, 0, 0, 0, 0, 0, 0, 0, 0, 0, 0, 0, 0, 0, 0, 0, 0, 0, 0, 0, 0, 0, 0, 0, 0, 0, 0, 0, 0, 0, 0, 0, 0, 0.0015748327, 0.0015231445, 0.0015252472, 0.0016078934, 0.0017117208, 0.0017632681, 0.0018604714, 0.0019488677, 0.0019899467, 0.0020662725, 0.0021349983, 0.00216656, 0.002223965, 0.0022736746, 0.002315477, 0.0023333281, 0.0023630536, 0.0023853213, 0.0023939284, 0.002406429, 0.0024126454, 0.0024121914, 0.0024093494, 0.002398521, 0.0023811662, 0.0023702502, 0.0023440549, 0.0023123515, 0.0022945667, 0.0022555436, 0.002212922, 0.002166831, 0.0021423511, 0.0020897128, 0.002031449, 0.0019999815, 0.0019323074, 0.0018579557, 0.0017760649, 0.0017319961, 0.0016383461, 0.0015433887, 0.0015015636, 0.0014587999, 0.0015295774
0, 0, 0, 0, 0, 0, 0, 0, 0, 0, 0, 0, 0, 0, 0, 0, 0, 0, 0, 0, 0, 0, 0, 0, 0, 0, 0, 0, 0, 0, 0, 0, 0, 0, 0, 0, 0, 0, 0, 0, 0, 0, 0, 0, 0, 0, 0, 0, 0, 0, 0, 0, 0, 0, 0, 0, 0, 0, 0, 0, 0, 0, 0, 0, 0, 0, 0, 0, 0, 0, 0, 0, 0, 0, 0, 0, 0, 0, 0, 0, 0, 0, 0, 0, 0, 0, 0, 0, 0, 0, 0, 0, 0, 0, 0, 0, 0, 0, 0, 0, 0, 0, 0, 0, 0, 0.001565347, 0.0015118686, 0.0015097267, 0.0015874945, 0.0016853135, 0.0017333964, 0.0018227613, 0.0019023626, 0.0019388121, 0.0020057682, 0.0020652956, 0.0020923566, 0.0021410722, 0.0021826217, 0.0022167768, 0.002230977, 0.0022537129, 0.0022692173, 0.0022744865, 0.0022804067, 0.002280489, 0.0022746983, 0.0022695824, 0.0022551625, 0.0022357185, 0.0022243587, 0.0021988207, 0.0021699069, 0.0021543512, 0.0021213603, 0.0020864098, 0.0020494948, 0.0020300017, 0.00198807, 0.001940947, 0.0019151611, 0.0018587123, 0.0017953739, 0.0017240499, 0.0016850943, 0.0016010052, 0.0015143679, 0.0014760869, 0.0014385239, 0.001510835
0, 0, 0, 0, 0, 0, 0, 0, 0, 0, 0, 0, 0, 0, 0, 0, 0, 0, 0, 0, 0, 0, 0, 0, 0, 0, 0, 0, 0, 0, 0, 0, 0, 0, 0, 0, 0, 0, 0, 0, 0, 0, 0, 0, 0, 0, 0, 0, 0, 0, 0, 0, 0, 0, 0, 0, 0, 0, 0, 0, 0, 0, 0, 0, 0, 0, 0, 0, 0, 0, 0, 0, 0, 0, 0, 0, 0, 0, 0, 0, 0, 0, 0, 0, 0, 0, 0, 0, 0, 0, 0, 0, 0, 0, 0, 0, 0, 0, 0, 0, 0, 0, 0, 0, 0, 0.0015759664, 0.0015203691, 0.0015136597, 0.0015858519, 0.0016760202, 0.0017193926, 0.0017977121, 0.0018645414, 0.0018941882, 0.0019470385, 0.0019924168, 0.0020125452, 0.002048163, 0.002078022, 0.0021023788, 0.0021125204, 0.0021287245, 0.0021394826, 0.0021428543, 0.002146012, 0.002144704, 0.002139165, 0.0021348626, 0.0021232704, 0.0021079967, 0.0020991503, 0.0020793572, 0.002056776, 0.0020443937, 0.0020173888, 0.0019873828, 0.0019543106, 0.0019364789, 0.001897531, 0.0018535772, 0.0018294645, 0.0017765596, 0.0017170351, 0.0016500953, 0.0016136297, 0.0015352824, 0.0014553717, 0.0014207388, 0.0013901195, 0.0014665269
0, 0, 0, 0, 0, 0, 0, 0, 0, 0, 0, 0, 0, 0, 0, 0, 0, 0, 0, 0, 0, 0, 0, 0, 0, 0, 0, 0, 0, 0, 0, 0, 0, 0, 0, 0, 0, 0, 0, 0, 0, 0, 0, 0, 0, 0, 0, 0, 0, 0, 0, 0, 0, 0, 0, 0, 0, 0, 0, 0, 0, 0, 0, 0, 0, 0, 0, 0, 0, 0, 0, 0, 0, 0, 0, 0, 0, 0, 0, 0, 0, 0, 0, 0, 0, 0, 0, 0, 0, 0, 0, 0, 0, 0, 0, 0, 0, 0, 0, 0, 0, 0, 0, 0, 0, 0.0016195616, 0.0015575964, 0.0015372576, 0.0015963619, 0.0016734367, 0.0017100037, 0.0017740496, 0.0018258803, 0.0018478616, 0.0018855369, 0.0019164376, 0.0019298053, 0.001953109, 0.001972754, 0.001989567, 0.001996983, 0.0020097105, 0.0020190713, 0.0020223015, 0.002026065, 0.0020265705, 0.0020242666, 0.002022199, 0.0020159644, 0.0020070102, 0.0020015286, 0.0019884126, 0.0019719715, 0.0019622399, 0.0019391066, 0.0019106552, 0.0018769131, 0.0018581646, 0.0018168722, 0.0017705443, 0.0017454373, 0.0016911086, 0.0016309194, 0.0015644898, 0.0015288846, 0.0014538701, 0.0013797134, 0.0013487453, 0.0013261518, 0.0014083262
0, 0, 0, 0, 0, 0, 0, 0, 0, 0, 0, 0, 0, 0, 0, 0, 0, 0, 0, 0, 0, 0, 0, 0, 0, 0, 0, 0, 0, 0, 0, 0, 0, 0, 0, 0, 0, 0, 0, 0, 0, 0, 0, 0, 0, 0, 0, 0, 0, 0, 0, 0, 0, 0, 0, 0, 0, 0, 0, 0, 0, 0, 0, 0, 0, 0, 0, 0, 0, 0, 0, 0, 0, 0, 0, 0, 0, 0, 0, 0, 0, 0, 0, 0, 0, 0, 0, 0, 0, 0, 0, 0, 0, 0, 0, 0, 0, 0, 0, 0, 0, 0, 0, 0, 0, 0.0017028265, 0.0016188823, 0.0015587482, 0.0015900711, 0.0016479711, 0.0016768471, 0.0017277392, 0.001768076, 0.0017847682, 0.0018128782, 0.0018357494, 0.001845714, 0.0018635341, 0.0018794753, 0.001894335, 0.0019013727, 0.0019142341, 0.0019245512, 0.0019284359, 0.0019336719, 0.0019360279, 0.0019362442, 0.0019356366, 0.0019328713, 0.0019276812, 0.0019240881, 0.0019144326, 0.0019007637, 0.001892059, 0.001870123, 0.0018416039, 0.001806776, 0.0017872804, 0.0017447955, 0.0016980062, 0.0016730663, 0.0016199104, 0.0015619938, 0.0014987668, 0.0014652273, 0.0013951845, 0.0013270823, 0.0012994609, 0.0012833897, 0.0013698301
0, 0, 0, 0, 0, 0, 0, 0, 0, 0, 0, 0, 0, 0, 0, 0, 0, 0, 0, 0, 0, 0, 0, 0, 0, 0, 0, 0, 0, 0, 0, 0, 0, 0, 0, 0, 0, 0, 0, 0, 0, 0, 0, 0, 0, 0, 0, 0, 0, 0, 0, 0, 0, 0, 0, 0, 0, 0, 0, 0, 0, 0, 0, 0, 0, 0, 0, 0, 0, 0, 0, 0, 0, 0, 0, 0, 0, 0, 0, 0, 0, 0, 0, 0, 0, 0, 0, 0, 0, 0, 0, 0, 0, 0, 0, 0, 0, 0, 0, 0, 0, 0, 0, 0, 0, 0.0018251322, 0.0016792738, 0.0015394257, 0.00153453, 0.0015759352, 0.0016001792, 0.0016456887, 0.0016837124, 0.0017000363, 0.0017285777, 0.0017533213, 0.00176468, 0.0017858233, 0.0018054843, 0.0018238061, 0.0018323633, 0.0018475705, 0.0018592724, 0.001863532, 0.0018689391, 0.0018710905, 0.0018710053, 0.0018702571, 0.0018672909, 0.0018619655, 0.0018582264, 0.0018482159, 0.0018341491, 0.0018253208, 0.0018035393, 0.001776112, 0.0017436452, 0.0017258852, 0.0016880499, 0.001647544, 0.0016262769, 0.0015812691, 0.001532174, 0.0014778877, 0.0014485776, 0.0013860305, 0.0013237435, 0.0012982144, 0.0012846848, 0.0013714033
0, 0, 0, 0, 0, 0, 0, 0, 0, 0, 0, 0, 0, 0, 0, 0, 0, 0, 0, 0, 0, 0, 0, 0, 0, 0, 0, 0, 0, 0, 0, 0, 0, 0, 0, 0, 0, 0, 0, 0, 0, 0, 0, 0, 0, 0, 0, 0, 0, 0, 0, 0, 0, 0, 0, 0, 0, 0, 0, 0, 0, 0, 0, 0, 0, 0, 0, 0, 0, 0, 0, 0, 0, 0, 0, 0, 0, 0, 0, 0, 0, 0, 0, 0, 0, 0, 0, 0, 0, 0, 0, 0, 0, 0, 0, 0, 0, 0, 0, 0, 0, 0, 0, 0, 0, 0.0019024329, 0.0016457961, 0.0014389824, 0.0014235455, 0.0014659796, 0.0014922215, 0.0015433383, 0.0015885954, 0.0016089883, 0.0016463146, 0.0016802514, 0.0016962125, 0.0017262936, 0.0017537113, 0.0017780886, 0.0017888779, 0.001806988, 0.0018197179, 0.0018240099, 0.00182866, 0.0018292831, 0.0018272533, 0.0018254535, 0.0018204296, 0.0018131944, 0.001808594, 0.0017972175, 0.0017825278, 0.0017738413, 0.0017536255, 0.0017299406, 0.0017035018, 0.0016895602, 0.0016605782, 0.0016301281, 0.0016141315, 0.0015798707, 0.0015411467, 0.0014960874, 0.0014705964, 0.0014137591, 0.0013541585, 0.0013288303, 0.0013137151, 0.0013976365
0, 0, 0, 0, 0, 0, 0, 0, 0, 0, 0, 0, 0, 0, 0, 0, 0, 0, 0, 0, 0, 0, 0, 0, 0, 0, 0, 0, 0, 0, 0, 0, 0, 0, 0, 0, 0, 0, 0, 0, 0, 0, 0, 0, 0, 0, 0, 0, 0, 0, 0, 0, 0, 0, 0, 0, 0, 0, 0, 0, 0, 0, 0, 0, 0, 0, 0, 0, 0, 0, 0, 0, 0, 0, 0, 0, 0, 0, 0, 0, 0, 0, 0, 0, 0, 0, 0, 0, 0, 0, 0, 0, 0, 0, 0, 0, 0, 0, 0, 0, 0, 0, 0, 0, 0, 0.0014093027, 0.0013465598, 0.0012763637, 0.0012999787, 0.0013603944, 0.0013933779, 0.0014564074, 0.0015130582, 0.001539047, 0.0015873978, 0.0016317472, 0.0016525392, 0.0016913041, 0.0017256853, 0.0017550872, 0.0017677023, 0.0017884446, 0.0018028021, 0.0018076899, 0.0018133584, 0.0018146754, 0.0018128541, 0.0018110551, 0.0018059014, 0.0017986544, 0.0017942048, 0.0017834667, 0.0017701591, 0.0017624265, 0.0017450356, 0.001725426, 0.0017042228, 0.0016931987, 0.0016702389, 0.0016453977, 0.0016319006, 0.0016018334, 0.001566074, 0.0015225065, 0.0014971946, 0.0014396189, 0.0013780913, 0.0013514754, 0.0013334788, 0.0014150703
0, 0, 0, 0, 0, 0, 0, 0, 0, 0, 0, 0, 0, 0, 0, 0, 0, 0, 0, 0, 0, 0, 0, 0, 0, 0, 0, 0, 0, 0, 0, 0, 0, 0, 0, 0, 0, 0, 0, 0, 0, 0, 0, 0, 0, 0, 0, 0, 0, 0, 0, 0, 0, 0, 0, 0, 0, 0, 0, 0, 0, 0, 0, 0, 0, 0, 0, 0, 0, 0, 0, 0, 0, 0, 0, 0, 0, 0, 0, 0, 0, 0, 0, 0, 0, 0, 0, 0, 0, 0, 0, 0, 0, 0, 0, 0, 0, 0, 0, 0, 0, 0, 0, 0, 0, 0.001303618, 0.0012447215, 0.001192521, 0.001230548, 0.001302428, 0.0013405824, 0.0014134113, 0.0014793678, 0.0015097515, 0.0015661289, 0.0016172536, 0.0016408594, 0.0016840462, 0.0017215707, 0.0017532489, 0.0017668924, 0.0017899824, 0.0018076279, 0.0018145472, 0.0018251402, 0.0018319819, 0.001835523, 0.0018361913, 0.0018354962, 0.0018320634, 0.0018293177, 0.0018215673, 0.0018105789, 0.0018038105, 0.0017877594, 0.0017686819, 0.0017469906, 0.0017352537, 0.0017097028, 0.0016805764, 0.0016643204, 0.0016276637, 0.0015842983, 0.001532989, 0.0015040246, 0.0014401381, 0.0013740698, 0.0013459853, 0.0013267737, 0.00140886
0, 0, 0, 0, 0, 0, 0, 0, 0, 0, 0, 0, 0, 0, 0, 0, 0, 0, 0, 0, 0, 0, 0, 0, 0, 0, 0, 0, 0, 0, 0, 0, 0, 0, 0, 0, 0, 0, 0, 0, 0, 0, 0, 0, 0, 0, 0, 0, 0, 0, 0, 0, 0, 0, 0, 0, 0, 0, 0, 0, 0, 0, 0, 0, 0, 0, 0, 0, 0, 0, 0, 0, 0, 0, 0, 0, 0, 0, 0, 0, 0, 0, 0, 0, 0, 0, 0, 0, 0, 0, 0, 0, 0, 0, 0, 0, 0, 0, 0, 0, 0, 0, 0, 0, 0, 0.0013214576, 0.0012565792, 0.0011923937, 0.0012259117, 0.0012986956, 0.001338401, 0.0014155958, 0.0014863746, 0.00151912, 0.0015794873, 0.0016332946, 0.0016577492, 0.0017019322, 0.0017399094, 0.0017724226, 0.001786898, 0.0018127661, 0.0018352172, 0.0018453115, 0.001863491, 0.0018788711, 0.0018910455, 0.0018957433, 0.0019020076, 0.0019039686, 0.0019032548, 0.0018982923, 0.0018883449, 0.0018814772, 0.001863853, 0.0018412648, 0.0018140036, 0.0017986007, 0.0017640749, 0.0017240612, 0.0017018444, 0.0016527661, 0.0015972775, 0.0015350082, 0.0015013978, 0.0014302585, 0.0013600723, 0.0013310935, 0.0013121739, 0.0013964134
0, 0, 0, 0, 0, 0, 0, 0, 0, 0, 0, 0, 0, 0, 0, 0, 0, 0, 0, 0, 0, 0, 0, 0, 0, 0, 0, 0, 0, 0, 0, 0, 0, 0, 0, 0, 0, 0, 0, 0, 0, 0, 0, 0, 0, 0, 0, 0, 0, 0, 0, 0, 0, 0, 0, 0, 0, 0, 0, 0, 0, 0, 0, 0, 0, 0, 0, 0, 0, 0, 0, 0, 0, 0, 0, 0, 0, 0, 0, 0, 0, 0, 0, 0, 0, 0, 0, 0, 0, 0, 0, 0, 0, 0, 0, 0, 0, 0, 0, 0, 0, 0, 0, 0, 0, 0.001368715, 0.0013008447, 0.0012283706, 0.0012556168, 0.0013253711, 0.0013646082, 0.0014423068, 0.0015148112, 0.0015486621, 0.0016112621, 0.0016668444, 0.0016920572, 0.001737625, 0.0017772748, 0.0018122484, 0.0018283301, 0.0018583346, 0.0018860374, 0.0018991609, 0.0019238186, 0.0019457195, 0.0019639034, 0.0019711854, 0.0019813555, 0.0019854784, 0.0019852098, 0.0019800244, 0.0019687156, 0.001960806, 0.0019406381, 0.0019146947, 0.0018828458, 0.0018645854, 0.0018231227, 0.0017749043, 0.0017483126, 0.0016904145, 0.0016267302, 0.0015574668, 0.0015208941, 0.0014449785, 0.001371525, 0.0013414467, 0.0013212266, 0.0014056988
0, 0, 0, 0, 0, 0, 0, 0, 0, 0, 0, 0, 0, 0, 0, 0, 0, 0, 0, 0, 0, 0, 0, 0, 0, 0, 0, 0, 0, 0, 0, 0, 0, 0, 0, 0, 0, 0, 0, 0, 0, 0, 0, 0, 0, 0, 0, 0, 0, 0, 0, 0, 0, 0, 0, 0, 0, 0, 0, 0, 0, 0, 0, 0, 0, 0, 0, 0, 0, 0, 0, 0, 0, 0, 0, 0, 0, 0, 0, 0, 0, 0, 0, 0, 0, 0, 0, 0, 0, 0, 0, 0, 0, 0, 0, 0, 0, 0, 0, 0, 0, 0, 0, 0, 0, 0.0014105889, 0.0013412342, 0.0012653763, 0.001289438, 0.001356801, 0.0013953021, 0.0014725594, 0.0015461217, 0.001580969, 0.001646298, 0.0017054334, 0.0017326806, 0.0017827345, 0.001827485, 0.0018678476, 0.0018866613, 0.0019218323, 0.001953995, 0.0019689328, 0.001996207, 0.0020193926, 0.0020372106, 0.002043759, 0.0020516352, 0.002052521, 0.0020504687, 0.002041825, 0.0020278268, 0.002019014, 0.0019979791, 0.0019722711, 0.0019412613, 0.001923453, 0.0018826409, 0.0018345998, 0.0018079138, 0.0017495543, 0.00168507, 0.0016147394, 0.001577397, 0.0014993275, 0.0014223607, 0.0013900385, 0.0013647332, 0.0014455369
0, 0, 0, 0, 0, 0, 0, 0, 0, 0, 0, 0, 0, 0, 0, 0, 0, 0, 0, 0, 0, 0, 0, 0, 0, 0, 0, 0, 0, 0, 0, 0, 0, 0, 0, 0, 0, 0, 0, 0, 0, 0, 0, 0, 0, 0, 0, 0, 0, 0, 0, 0, 0, 0, 0, 0, 0, 0, 0, 0, 0, 0, 0, 0, 0, 0, 0, 0, 0, 0, 0, 0, 0, 0, 0, 0, 0, 0, 0, 0, 0, 0, 0, 0, 0, 0, 0, 0, 0, 0, 0, 0, 0, 0, 0, 0, 0, 0, 0, 0, 0, 0, 0, 0, 0, 0.0014399713, 0.0013696584, 0.0012927842, 0.0013164341, 0.0013835435, 0.0014220312, 0.0014997562, 0.001574812, 0.001610841, 0.0016794986, 0.0017433321, 0.0017733212, 0.0018294374, 0.0018806114, 0.0019270665, 0.0019485775, 0.0019881483, 0.002022906, 0.002038382, 0.002065188, 0.0020858715, 0.0020996644, 0.002103778, 0.0021064726, 0.0021023354, 0.0020980597, 0.0020859698, 0.0020701373, 0.002061048, 0.0020407315, 0.0020172799, 0.0019897532, 0.0019740558, 0.0019379118, 0.0018946524, 0.0018702518, 0.0018159345, 0.0017545304, 0.0016858975, 0.0016487436, 0.0015693591, 0.0014885793, 0.001453378, 0.0014211816, 0.001496357
0, 0, 0, 0, 0, 0, 0, 0, 0, 0, 0, 0, 0, 0, 0, 0, 0, 0, 0, 0, 0, 0, 0, 0, 0, 0, 0, 0, 0, 0, 0, 0, 0, 0, 0, 0, 0, 0, 0, 0, 0, 0, 0, 0, 0, 0, 0, 0, 0, 0, 0, 0, 0, 0, 0, 0, 0, 0, 0, 0, 0, 0, 0, 0, 0, 0, 0, 0, 0, 0, 0, 0, 0, 0, 0, 0, 0, 0, 0, 0, 0, 0, 0, 0, 0, 0, 0, 0, 0, 0, 0, 0, 0, 0, 0, 0, 0, 0, 0, 0, 0, 0, 0, 0, 0, 0.0014620466, 0.0013913322, 0.0013152136, 0.0013407551, 0.0014096247, 0.0014488263, 0.0015278842, 0.0016042033, 0.0016409715, 0.0017116164, 0.0017782243, 0.0018098765, 0.001869587, 0.0019244044, 0.0019739256, 0.0019966438, 0.0020378812, 0.0020732684, 0.0020886885, 0.0021146825, 0.0021338244, 0.0021457165, 0.0021489388, 0.0021501556, 0.00214511, 0.0021406617, 0.0021285624, 0.0021130424, 0.0021040991, 0.0020839327, 0.0020604571, 0.0020329368, 0.0020174056, 0.001981941, 0.001939785, 0.0019159616, 0.001862678, 0.0018016754, 0.0017325063, 0.0016946966, 0.0016130154, 0.001528664, 0.0014912051, 0.0014541268, 0.0015256407
0, 0, 0, 0, 0, 0, 0, 0, 0, 0, 0, 0, 0, 0, 0, 0, 0, 0, 0, 0, 0, 0, 0, 0, 0, 0, 0, 0, 0, 0, 0, 0, 0, 0, 0, 0, 0, 0, 0, 0, 0, 0, 0, 0, 0, 0, 0, 0, 0, 0, 0, 0, 0, 0, 0, 0, 0, 0, 0, 0, 0, 0, 0, 0, 0, 0, 0, 0, 0, 0, 0, 0, 0, 0, 0, 0, 0, 0, 0, 0, 0, 0, 0, 0, 0, 0, 0, 0, 0, 0, 0, 0, 0, 0, 0, 0, 0, 0, 0, 0, 0, 0, 0, 0, 0, 0.0014903783, 0.0014203655, 0.00134863, 0.0013795746, 0.0014525349, 0.0014929321, 0.0015723617, 0.0016466838, 0.0016817609, 0.0017481168, 0.001809771, 0.0018389365, 0.0018939347, 0.0019443026, 0.001990044, 0.0020111788, 0.002050101, 0.002084689, 0.0021004388, 0.0021288302, 0.0021530574, 0.002172827, 0.002180947, 0.0021932614, 0.0021998077, 0.002200688, 0.002197303, 0.0021863785, 0.002177938, 0.0021549151, 0.002123903, 0.0020852985, 0.0020633223, 0.0020143273, 0.0019587881, 0.0019285565, 0.0018628498, 0.0017898743, 0.0017092493, 0.0016660483, 0.0015750465, 0.0014841956, 0.0014448467, 0.001407061, 0.0014806187
0, 0, 0, 0, 0, 0, 0, 0, 0, 0, 0, 0, 0, 0, 0, 0, 0, 0, 0, 0, 0, 0, 0, 0, 0, 0, 0, 0, 0, 0, 0, 0, 0, 0, 0, 0, 0, 0, 0, 0, 0, 0, 0, 0, 0, 0, 0, 0, 0, 0, 0, 0, 0, 0, 0, 0, 0, 0, 0, 0, 0, 0, 0, 0, 0, 0, 0, 0, 0, 0, 0, 0, 0, 0, 0, 0, 0, 0, 0, 0, 0, 0, 0, 0, 0, 0, 0, 0, 0, 0, 0, 0, 0, 0, 0, 0, 0, 0, 0, 0, 0, 0, 0, 0, 0, 0.0014786302, 0.0014090813, 0.0013377096, 0.0013683747, 0.0014408105, 0.0014808441, 0.0015592558, 0.0016318246, 0.001665708, 0.0017291923, 0.0017876391, 0.0018151728, 0.0018671849, 0.0019153014, 0.0019596873, 0.0019804807, 0.0020190594, 0.0020536263, 0.0020694588, 0.0020981943, 0.002123273, 0.002144686, 0.0021538984, 0.002168886, 0.0021782673, 0.0021804792, 0.0021792392, 0.0021696538, 0.0021615596, 0.002138543, 0.0021067888, 0.0020668316, 0.0020439927, 0.001993178, 0.0019360468, 0.0019051315, 0.0018385245, 0.0017650344, 0.001683975, 0.0016405376, 0.001549059, 0.0014580495, 0.0014189071, 0.0013821765, 0.0014569417
0, 0, 0, 0, 0, 0, 0, 0, 0, 0, 0, 0, 0, 0, 0, 0, 0, 0, 0, 0, 0, 0, 0, 0, 0, 0, 0, 0, 0, 0, 0, 0, 0, 0, 0, 0, 0, 0, 0, 0, 0, 0, 0, 0, 0, 0, 0, 0, 0, 0, 0, 0, 0, 0, 0, 0, 0, 0, 0, 0, 0, 0, 0, 0, 0, 0, 0, 0, 0, 0, 0, 0, 0, 0, 0, 0, 0, 0, 0, 0, 0, 0, 0, 0, 0, 0, 0, 0, 0, 0, 0, 0, 0, 0, 0, 0, 0, 0, 0, 0, 0, 0, 0, 0, 0, 0.0014403561, 0.0013710887, 0.001297982, 0.001326071, 0.0013968052, 0.0014364095, 0.0015145018, 0.0015870219, 0.0016208579, 0.001684069, 0.0017421199, 0.0017694808, 0.0018213098, 0.0018696742, 0.0019146049, 0.0019356869, 0.0019746262, 0.0020086966, 0.0020237966, 0.0020502748, 0.0020721182, 0.0020898578, 0.0020971892, 0.0021084906, 0.0021148024, 0.0021157872, 0.0021127793, 0.0021026707, 0.0020948094, 0.0020734111, 0.002044713, 0.0020091832, 0.001989057, 0.0019445615, 0.0018948116, 0.0018679433, 0.0018099868, 0.001745366, 0.0016727461, 0.0016331407, 0.0015481185, 0.0014616537, 0.0014240122, 0.0013886673, 0.0014629969
0, 0, 0, 0, 0, 0, 0, 0, 0, 0, 0, 0, 0, 0, 0, 0, 0, 0, 0, 0, 0, 0, 0, 0, 0, 0, 0, 0, 0, 0, 0, 0, 0, 0, 0, 0, 0, 0, 0, 0, 0, 0, 0, 0, 0, 0, 0, 0, 0, 0, 0, 0, 0, 0, 0, 0, 0, 0, 0, 0, 0, 0, 0, 0, 0, 0, 0, 0, 0, 0, 0, 0, 0, 0, 0, 0, 0, 0, 0, 0, 0, 0, 0, 0, 0, 0, 0, 0, 0, 0, 0, 0, 0, 0, 0, 0, 0, 0, 0, 0, 0, 0, 0, 0, 0, 0.0013855348, 0.0013167063, 0.0012418672, 0.0012676736, 0.0013374484, 0.0013771097, 0.0014559502, 0.0015297435, 0.0015642658, 0.0016288888, 0.0016882923, 0.0017163466, 0.0017695354, 0.001819169, 0.001865031, 0.001886298, 0.0019248512, 0.0019573004, 0.0019710283, 0.0019935083, 0.0020097534, 0.0020205483, 0.002024154, 0.0020281172, 0.0020278508, 0.0020261214, 0.0020192831, 0.002007667, 0.001999997, 0.001980863, 0.001956944, 0.0019285277, 0.0019128042, 0.0018784077, 0.0018400595, 0.0018192662, 0.0017737327, 0.0017215913, 0.0016608321, 0.0016267463, 0.001551443, 0.0014723669, 0.0014373644, 0.0014048724, 0.0014789955
0, 0, 0, 0, 0, 0, 0, 0, 0, 0, 0, 0, 0, 0, 0, 0, 0, 0, 0, 0, 0, 0, 0, 0, 0, 0, 0, 0, 0, 0, 0, 0, 0, 0, 0, 0, 0, 0, 0, 0, 0, 0, 0, 0, 0, 0, 0, 0, 0, 0, 0, 0, 0, 0, 0, 0, 0, 0, 0, 0, 0, 0, 0, 0, 0, 0, 0, 0, 0, 0, 0, 0, 0, 0, 0, 0, 0, 0, 0, 0, 0, 0, 0, 0, 0, 0, 0, 0, 0, 0, 0, 0, 0, 0, 0, 0, 0, 0, 0, 0, 0, 0, 0, 0, 0, 0.0013330507, 0.0012654111, 0.0011924901, 0.0012198177, 0.0012909203, 0.0013310988, 0.0014106912, 0.001484727, 0.0015192463, 0.001583643, 0.0016427339, 0.0016705433, 0.0017232915, 0.0017721789, 0.0018168496, 0.0018373285, 0.0018738856, 0.0019038584, 0.0019161266, 0.0019350685, 0.0019468173, 0.0019521188, 0.0019527479, 0.001950749, 0.0019453695, 0.0019416014, 0.0019321506, 0.0019199094, 0.0019126341, 0.0018956976, 0.0018755231, 0.0018522416, 0.0018394737, 0.0018115158, 0.0017798507, 0.0017624031, 0.0017234636, 0.0016778727, 0.001623828, 0.0015931545, 0.001524708, 0.0014523809, 0.0014205407, 0.0013932919, 0.0014699053
0, 0, 0, 0, 0, 0, 0, 0, 0, 0, 0, 0, 0, 0, 0, 0, 0, 0, 0, 0, 0, 0, 0, 0, 0, 0, 0, 0, 0, 0, 0, 0, 0, 0, 0, 0, 0, 0, 0, 0, 0, 0, 0, 0, 0, 0, 0, 0, 0, 0, 0, 0, 0, 0, 0, 0, 0, 0, 0, 0, 0, 0, 0, 0, 0, 0, 0, 0, 0, 0, 0, 0, 0, 0, 0, 0, 0, 0, 0, 0, 0, 0, 0, 0, 0, 0, 0, 0, 0, 0, 0, 0, 0, 0, 0, 0, 0, 0, 0, 0, 0, 0, 0, 0, 0, 0.0012992299, 0.0012347344, 0.0011709557, 0.0012051464, 0.0012792434, 0.0013197014, 0.0013980962, 0.0014693278, 0.0015020237, 0.0015622163, 0.0016165206, 0.0016418702, 0.0016894898, 0.0017330991, 0.0017725498, 0.001790556, 0.0018227064, 0.0018492759, 0.0018602816, 0.0018774965, 0.0018883274, 0.0018931142, 0.0018935556, 0.0018912201, 0.0018857744, 0.0018821553, 0.0018733975, 0.0018623122, 0.001855725, 0.0018401188, 0.0018209284, 0.0017980764, 0.0017851562, 0.0017560902, 0.0017222745, 0.0017034652, 0.0016616199, 0.0016135218, 0.0015583545, 0.001527874, 0.0014616353, 0.0013940918, 0.0013654135, 0.0013452731, 0.0014273874
0, 0, 0, 0, 0, 0, 0, 0, 0, 0, 0, 0, 0, 0, 0, 0, 0, 0, 0, 0, 0, 0, 0, 0, 0, 0, 0, 0, 0, 0, 0, 0, 0, 0, 0, 0, 0, 0, 0, 0, 0, 0, 0, 0, 0, 0, 0, 0, 0, 0, 0, 0, 0, 0, 0, 0, 0, 0, 0, 0, 0, 0, 0, 0, 0, 0, 0, 0, 0, 0, 0, 0, 0, 0, 0, 0, 0, 0, 0, 0, 0, 0, 0, 0, 0, 0, 0, 0, 0, 0, 0, 0, 0, 0, 0, 0, 0, 0, 0, 0, 0, 0, 0, 0, 0, 0.0013049849, 0.0012467288, 0.0011965135, 0.0012366577, 0.0013101805, 0.0013488643, 0.0014220183, 0.0014867932, 0.0015159736, 0.0015685535, 0.0016145014, 0.0016354296, 0.0016736327, 0.0017076335, 0.0017379919, 0.0017518405, 0.0017769799, 0.0017987455, 0.0018083497, 0.0018247925, 0.0018373266, 0.0018456628, 0.0018482286, 0.0018504821, 0.001849164, 0.0018473028, 0.0018413301, 0.0018320412, 0.0018259994, 0.0018106224, 0.0017903231, 0.0017647893, 0.0017499011, 0.0017157374, 0.0016756763, 0.0016534961, 0.001605045, 0.0015513435, 0.0014925433, 0.0014612558, 0.0013957572, 0.0013319242, 0.0013061094, 0.0012928138, 0.0013806302
0, 0, 0, 0, 0, 0, 0, 0, 0, 0, 0, 0, 0, 0, 0, 0, 0, 0, 0, 0, 0, 0, 0, 0, 0, 0, 0, 0, 0, 0, 0, 0, 0, 0, 0, 0, 0, 0, 0, 0, 0, 0, 0, 0, 0, 0, 0, 0, 0, 0, 0, 0, 0, 0, 0, 0, 0, 0, 0, 0, 0, 0, 0, 0, 0, 0, 0, 0, 0, 0, 0, 0, 0, 0, 0, 0, 0, 0, 0, 0, 0, 0, 0, 0, 0, 0, 0, 0, 0, 0, 0, 0, 0, 0, 0, 0, 0, 0, 0, 0, 0, 0, 0, 0, 0, 0.001422476, 0.0013604327, 0.0012920323, 0.0013168458, 0.0013777456, 0.0014106758, 0.0014735488, 0.0015291548, 0.0015541416, 0.0015986998, 0.0016365494, 0.0016530913, 0.001681989, 0.0017061057, 0.0017267528, 0.0017360827, 0.0017534188, 0.0017693958, 0.00177698, 0.0017913722, 0.0018042927, 0.001815005, 0.0018192765, 0.0018249869, 0.0018265008, 0.0018256543, 0.0018207227, 0.0018116434, 0.001805454, 0.0017896394, 0.0017686959, 0.001742112, 0.0017265708, 0.001690841, 0.0016490052, 0.0016259361, 0.0015760115, 0.0015215261, 0.0014629087, 0.0014321901, 0.0013688043, 0.0013081065, 0.0012841386, 0.0012745227, 0.0013648676
0, 0, 0, 0, 0, 0, 0, 0, 0, 0, 0, 0, 0, 0, 0, 0, 0, 0, 0, 0, 0, 0, 0, 0, 0, 0, 0, 0, 0, 0, 0, 0, 0, 0, 0, 0, 0, 0, 0, 0, 0, 0, 0, 0, 0, 0, 0, 0, 0, 0, 0, 0, 0, 0, 0, 0, 0, 0, 0, 0, 0, 0, 0, 0, 0, 0, 0, 0, 0, 0, 0, 0, 0, 0, 0, 0, 0, 0, 0, 0, 0, 0, 0, 0, 0, 0, 0, 0, 0, 0, 0, 0, 0, 0, 0, 0, 0, 0, 0, 0, 0, 0, 0, 0, 0, 0.0019078314, 0.0016506169, 0.0014413806, 0.0014226118, 0.0014621267, 0.001487455, 0.0015383333, 0.0015854407, 0.0016071247, 0.0016464755, 0.0016799953, 0.0016944124, 0.0017186934, 0.0017376122, 0.0017526178, 0.0017591125, 0.0017709848, 0.0017819004, 0.0017871304, 0.0017971448, 0.0018063746, 0.0018139707, 0.0018167788, 0.0018194315, 0.0018175279, 0.001814865, 0.0018063323, 0.0017942201, 0.0017869885, 0.0017703521, 0.0017505203, 0.0017268588, 0.0017134137, 0.0016828233, 0.001646997, 0.001627087, 0.0015833126, 0.0015343762, 0.0014803996, 0.0014515619, 0.0013909754, 0.0013316865, 0.0013078479, 0.0012974073, 0.0013862122
0, 0, 0, 0, 0, 0, 0, 0, 0, 0, 0, 0, 0, 0, 0, 0, 0, 0, 0, 0, 0, 0, 0, 0, 0, 0, 0, 0, 0, 0, 0, 0, 0, 0, 0, 0, 0, 0, 0, 0, 0, 0, 0, 0, 0, 0, 0, 0, 0, 0, 0, 0, 0, 0, 0, 0, 0, 0, 0, 0, 0, 0, 0, 0, 0, 0, 0, 0, 0, 0, 0, 0, 0, 0, 0, 0, 0, 0, 0, 0, 0, 0, 0, 0, 0, 0, 0, 0, 0, 0, 0, 0, 0, 0, 0, 0, 0, 0, 0, 0, 0, 0, 0, 0, 0, 0.0018120062, 0.001663619, 0.0015162792, 0.0015031749, 0.0015381096, 0.0015605531, 0.0016062647, 0.001649678, 0.0016701597, 0.0017082982, 0.0017418754, 0.0017566546, 0.0017818488, 0.0018014488, 0.0018164667, 0.0018226888, 0.0018332002, 0.0018416299, 0.0018450633, 0.0018504314, 0.0018536644, 0.0018540615, 0.0018528398, 0.0018471522, 0.0018369298, 0.0018302611, 0.0018146497, 0.0017971589, 0.0017880719, 0.0017695229, 0.0017504573, 0.0017301235, 0.0017192174, 0.0016950466, 0.0016667488, 0.0016506681, 0.001614052, 0.0015710209, 0.0015211593, 0.0014936401, 0.0014340713, 0.0013737541, 0.0013487311, 0.0013348059, 0.0014202958
0, 0, 0, 0, 0, 0, 0, 0, 0, 0, 0, 0, 0, 0, 0, 0, 0, 0, 0, 0, 0, 0, 0, 0, 0, 0, 0, 0, 0, 0, 0, 0, 0, 0, 0, 0, 0, 0, 0, 0, 0, 0, 0, 0, 0, 0, 0, 0, 0, 0, 0, 0, 0, 0, 0, 0, 0, 0, 0, 0, 0, 0, 0, 0, 0, 0, 0, 0, 0, 0, 0, 0, 0, 0, 0, 0, 0, 0, 0, 0, 0, 0, 0, 0, 0, 0, 0, 0, 0, 0, 0, 0, 0, 0, 0, 0, 0, 0, 0, 0, 0, 0, 0, 0, 0, 0.0016808587, 0.0015938878, 0.0015249038, 0.0015466599, 0.0015971105, 0.0016239476, 0.0016750584, 0.0017214159, 0.001742936, 0.0017828788, 0.0018185814, 0.0018346155, 0.0018627947, 0.0018856629, 0.0019037287, 0.0019112544, 0.001923618, 0.0019325472, 0.0019356933, 0.0019392356, 0.0019388071, 0.0019338988, 0.0019295422, 0.0019170868, 0.001900181, 0.0018904149, 0.001869237, 0.001847065, 0.0018359693, 0.0018139745, 0.0017922182, 0.001769955, 0.0017582941, 0.001733096, 0.0017040197, 0.0016875379, 0.001649905, 0.0016054771, 0.0015537061, 0.0015250075, 0.0014627426, 0.0013993708, 0.0013726623, 0.0013555754, 0.0014391154
0, 0, 0, 0, 0, 0, 0, 0, 0, 0, 0, 0, 0, 0, 0, 0, 0, 0, 0, 0, 0, 0, 0, 0, 0, 0, 0, 0, 0, 0, 0, 0, 0, 0, 0, 0, 0, 0, 0, 0, 0, 0, 0, 0, 0, 0, 0, 0, 0, 0, 0, 0, 0, 0, 0, 0, 0, 0, 0, 0, 0, 0, 0, 0, 0, 0, 0, 0, 0, 0, 0, 0, 0, 0, 0, 0, 0, 0, 0, 0, 0, 0, 0, 0, 0, 0, 0, 0, 0, 0, 0, 0, 0, 0, 0, 0, 0, 0, 0, 0, 0, 0, 0, 0, 0, 0.001607735, 0.0015442533, 0.0015191576, 0.001572615, 0.0016450544, 0.0016801605, 0.0017435473, 0.0017976244, 0.0018217626, 0.0018650533, 0.0019026985, 0.0019195718, 0.0019496251, 0.001974956, 0.0019959447, 0.0020050274, 0.0020204782, 0.0020321752, 0.0020365315, 0.0020421022, 0.002043038, 0.0020386828, 0.002034459, 0.0020220405, 0.0020051561, 0.0019954105, 0.001973935, 0.0019505614, 0.0019383044, 0.0019125638, 0.0018848908, 0.0018546396, 0.0018382708, 0.0018025207, 0.0017618608, 0.0017394008, 0.001690031, 0.0016346555, 0.0015732605, 0.0015403138, 0.0014707774, 0.0014017741, 0.0013728898, 0.0013530978, 0.0014365108
0, 0, 0, 0, 0, 0, 0, 0, 0, 0, 0, 0, 0, 0, 0, 0, 0, 0, 0, 0, 0, 0, 0, 0, 0, 0, 0, 0, 0, 0, 0, 0, 0, 0, 0, 0, 0, 0, 0, 0, 0, 0, 0, 0, 0, 0, 0, 0, 0, 0, 0, 0, 0, 0, 0, 0, 0, 0, 0, 0, 0, 0, 0, 0, 0, 0, 0, 0, 0, 0, 0, 0, 0, 0, 0, 0, 0, 0, 0, 0, 0, 0, 0, 0, 0, 0, 0, 0, 0, 0, 0, 0, 0, 0, 0, 0, 0, 0, 0, 0, 0, 0, 0, 0, 0, 0.0015796935, 0.001524925, 0.0015197042, 0.0015928975, 0.0016833522, 0.001726446, 0.0018032866, 0.0018672397, 0.001894925, 0.0019432134, 0.0019836454, 0.0020015067, 0.0020333799, 0.002060896, 0.0020847952, 0.0020955335, 0.0021145565, 0.0021301138, 0.002136487, 0.0021462368, 0.0021514893, 0.0021517153, 0.0021498683, 0.0021424212, 0.0021305182, 0.0021230455, 0.0021052824, 0.0020837276, 0.0020714276, 0.0020433422, 0.0020100847, 0.0019710925, 0.0019492469, 0.0019006174, 0.0018451972, 0.0018150406, 0.0017502523, 0.0016802483, 0.0016055153, 0.0015664764, 0.0014858847, 0.0014078134, 0.0013753425, 0.0013507787, 0.0014333122
0, 0, 0, 0, 0, 0, 0, 0, 0, 0, 0, 0, 0, 0, 0, 0, 0, 0, 0, 0, 0, 0, 0, 0, 0, 0, 0, 0, 0, 0, 0, 0, 0, 0, 0, 0, 0, 0, 0, 0, 0, 0, 0, 0, 0, 0, 0, 0, 0, 0, 0, 0, 0, 0, 0, 0, 0, 0, 0, 0, 0, 0, 0, 0, 0, 0, 0, 0, 0, 0, 0, 0, 0, 0, 0, 0, 0, 0, 0, 0, 0, 0, 0, 0, 0, 0, 0, 0, 0, 0, 0, 0, 0, 0, 0, 0, 0, 0, 0, 0, 0, 0, 0, 0, 0, 0.001569556, 0.001518071, 0.0015209242, 0.0016039114, 0.001705636, 0.0017546444, 0.0018431881, 0.001917985, 0.0019505188, 0.0020071901, 0.0020545395, 0.0020754114, 0.0021127723, 0.0021455712, 0.002174667, 0.002187889, 0.0022115144, 0.002231229, 0.0022395323, 0.002252806, 0.0022614044, 0.0022651071, 0.0022651055, 0.00226152, 0.0022534397, 0.0022478101, 0.0022329863, 0.0022129104, 0.0022006822, 0.0021713877, 0.002135116, 0.0020914038, 0.0020666122, 0.0020109625, 0.0019473478, 0.001912808, 0.0018389445, 0.0017595938, 0.0016750507, 0.001630818, 0.0015394936, 0.0014506495, 0.0014131509, 0.0013802227, 0.0014585
0, 0, 0, 0, 0, 0, 0, 0, 0, 0, 0, 0, 0, 0, 0, 0, 0, 0, 0, 0, 0, 0, 0, 0, 0, 0, 0, 0, 0, 0, 0, 0, 0, 0, 0, 0, 0, 0, 0, 0, 0, 0, 0, 0, 0, 0, 0, 0, 0, 0, 0, 0, 0, 0, 0, 0, 0, 0, 0, 0, 0, 0, 0, 0, 0, 0, 0, 0, 0, 0, 0, 0, 0, 0, 0, 0, 0, 0, 0, 0, 0, 0, 0, 0, 0, 0, 0, 0, 0, 0, 0, 0, 0, 0, 0, 0, 0, 0, 0, 0, 0, 0, 0, 0, 0, 0.0015609848, 0.0015104617, 0.0015157255, 0.001602446, 0.0017102815, 0.0017633092, 0.001861762, 0.0019482885, 0.001987152, 0.0020566885, 0.0021165248, 0.0021433725, 0.0021918793, 0.002234615, 0.0022721244, 0.0022889771, 0.0023185655, 0.0023425461, 0.0023523609, 0.0023676525, 0.002377083, 0.0023807122, 0.0023804682, 0.0023761755, 0.0023671552, 0.002360909, 0.002344564, 0.0023225257, 0.0023091936, 0.0022775412, 0.0022391595, 0.002193928, 0.0021686417, 0.0021125874, 0.002049269, 0.0020150042, 0.0019416286, 0.0018617838, 0.0017748069, 0.0017284176, 0.001630787, 0.0015331266, 0.0014905559, 0.0014473266, 0.001518558
0, 0, 0, 0, 0, 0, 0, 0, 0, 0, 0, 0, 0, 0, 0, 0, 0, 0, 0, 0, 0, 0, 0, 0, 0, 0, 0, 0, 0, 0, 0, 0, 0, 0, 0, 0, 0, 0, 0, 0, 0, 0, 0, 0, 0, 0, 0, 0, 0, 0, 0, 0, 0, 0, 0, 0, 0, 0, 0, 0, 0, 0, 0, 0, 0, 0, 0, 0, 0, 0, 0, 0, 0, 0, 0, 0, 0, 0, 0, 0, 0, 0, 0, 0, 0, 0, 0, 0, 0, 0, 0, 0, 0, 0, 0, 0, 0, 0, 0, 0, 0, 0, 0, 0, 0, 0.0015534079, 0.0015029571, 0.0015081968, 0.0015957697, 0.001706718, 0.0017625643, 0.0018692247, 0.0019672315, 0.0020128225, 0.0020971138, 0.0021722917, 0.0022066354, 0.0022692073, 0.0023241895, 0.002371836, 0.0023929102, 0.0024294308, 0.0024583905, 0.0024699832, 0.0024875132, 0.002497536, 0.0025002009, 0.0024988784, 0.0024915303, 0.0024782738, 0.0024695226, 0.0024478566, 0.0024203574, 0.0024043506, 0.0023678278, 0.0023256398, 0.0022781086, 0.002252358, 0.0021968302, 0.0021357627, 0.0021030651, 0.002033033, 0.0019557883, 0.0018696368, 0.0018228125, 0.0017220876, 0.0016184053, 0.0015717655, 0.0015194991, 0.0015839536
0, 0, 0, 0, 0, 0, 0, 0, 0, 0, 0, 0, 0, 0, 0, 0, 0, 0, 0, 0, 0, 0, 0, 0, 0, 0, 0, 0, 0, 0, 0, 0, 0, 0, 0, 0, 0, 0, 0, 0, 0, 0, 0, 0, 0, 0, 0, 0, 0, 0, 0, 0, 0, 0, 0, 0, 0, 0, 0, 0, 0, 0, 0, 0, 0, 0, 0, 0, 0, 0, 0, 0, 0, 0, 0, 0, 0, 0, 0, 0, 0, 0, 0, 0, 0, 0, 0, 0, 0, 0, 0, 0, 0, 0, 0, 0, 0, 0, 0, 0, 0, 0, 0, 0, 0, 0.0015515959, 0.0015013948, 0.0015063831, 0.001593822, 0.0017062483, 0.0017637665, 0.0018760643, 0.001982535, 0.0020332634, 0.0021291065, 0.0022168348, 0.002257347, 0.0023316522, 0.0023969295, 0.0024534124, 0.0024783995, 0.0025219545, 0.0025570116, 0.0025713362, 0.002593706, 0.0026074895, 0.0026125358, 0.0026117864, 0.0026039614, 0.002588143, 0.0025774788, 0.0025510245, 0.0025181172, 0.0024993161, 0.0024572962, 0.0024099117, 0.002357657, 0.0023298087, 0.0022704871, 0.0022061, 0.0021718557, 0.0020984977, 0.002017515, 0.0019271438, 0.0018780257, 0.0017722738, 0.0016627962, 0.0016130718, 0.0015547313, 0.0016153856
0, 0, 0, 0, 0, 0, 0, 0, 0, 0, 0, 0, 0, 0, 0, 0, 0, 0, 0, 0, 0, 0, 0, 0, 0, 0, 0, 0, 0, 0, 0, 0, 0, 0, 0, 0, 0, 0, 0, 0, 0, 0, 0, 0, 0, 0, 0, 0, 0, 0, 0, 0, 0, 0, 0, 0, 0, 0, 0, 0, 0, 0, 0, 0, 0, 0, 0, 0, 0, 0, 0, 0, 0, 0, 0, 0, 0, 0, 0, 0, 0, 0, 0, 0, 0, 0, 0, 0, 0, 0, 0, 0, 0, 0, 0, 0, 0, 0, 0, 0, 0, 0, 0, 0, 0, 0.001551655, 0.0015023351, 0.0015080565, 0.0015955218, 0.001708639, 0.0017668862, 0.0018816532, 0.0019917549, 0.0020446754, 0.0021456624, 0.0022390017, 0.0022824248, 0.0023623535, 0.0024327866, 0.0024943324, 0.0025219505, 0.0025710622, 0.0026124567, 0.0026302536, 0.0026599616, 0.0026811743, 0.002693206, 0.0026955241, 0.0026925632, 0.002679703, 0.002669793, 0.0026437, 0.002609927, 0.0025902893, 0.002545908, 0.0024949021, 0.0024375154, 0.0024064183, 0.002339177, 0.0022649728, 0.0022251282, 0.002139731, 0.0020461984, 0.001944011, 0.0018895768, 0.001774912, 0.0016587164, 0.0016064844, 0.0015449729, 0.0016051453
0, 0, 0, 0, 0, 0, 0, 0, 0, 0, 0, 0, 0, 0, 0, 0, 0, 0, 0, 0, 0, 0, 0, 0, 0, 0, 0, 0, 0, 0, 0, 0, 0, 0, 0, 0, 0, 0, 0, 0, 0, 0, 0, 0, 0, 0, 0, 0, 0, 0, 0, 0, 0, 0, 0, 0, 0, 0, 0, 0, 0, 0, 0, 0, 0, 0, 0, 0, 0, 0, 0, 0, 0, 0, 0, 0, 0, 0, 0, 0, 0, 0, 0, 0, 0, 0, 0, 0, 0, 0, 0, 0, 0, 0, 0, 0, 0, 0, 0, 0, 0, 0, 0, 0, 0, 0.0015376777, 0.0014898407, 0.0014972336, 0.0015854669, 0.0016993502, 0.0017580584, 0.0018734982, 0.0019840219, 0.0020370383, 0.0021379986, 0.0022310978, 0.0022743747, 0.002353984, 0.002424418, 0.0024866492, 0.0025150217, 0.0025668738, 0.0026126925, 0.0026333414, 0.0026697237, 0.0026986622, 0.0027189627, 0.0027254587, 0.0027306057, 0.0027250755, 0.0027184926, 0.0026982888, 0.002669189, 0.0026514207, 0.0026094494, 0.0025588062, 0.0024991003, 0.0024656844, 0.0023915765, 0.0023075875, 0.0022619313, 0.0021636535, 0.0020568056, 0.00194251, 0.0018828842, 0.0017599816, 0.0016386462, 0.0015848818, 0.0015221304, 0.0015828386
0, 0, 0, 0, 0, 0, 0, 0, 0, 0, 0, 0, 0, 0, 0, 0, 0, 0, 0, 0, 0, 0, 0, 0, 0, 0, 0, 0, 0, 0, 0, 0, 0, 0, 0, 0, 0, 0, 0, 0, 0, 0, 0, 0, 0, 0, 0, 0, 0, 0, 0, 0, 0, 0, 0, 0, 0, 0, 0, 0, 0, 0, 0, 0, 0, 0, 0, 0, 0, 0, 0, 0, 0, 0, 0, 0, 0, 0, 0, 0, 0, 0, 0, 0, 0, 0, 0, 0, 0, 0, 0, 0, 0, 0, 0, 0, 0, 0, 0, 0, 0, 0, 0, 0, 0, 0.0014923232, 0.0014463138, 0.0014556994, 0.0015452751, 0.0016604827, 0.0017198253, 0.0018359883, 0.0019463396, 0.0019989552, 0.0020985352, 0.0021897834, 0.0022320184, 0.002309423, 0.0023779718, 0.0024390093, 0.0024670889, 0.0025194515, 0.002566804, 0.0025885194, 0.002627563, 0.0026597995, 0.0026842284, 0.0026931358, 0.002703728, 0.0027043184, 0.0027009512, 0.0026871832, 0.002664466, 0.002649774, 0.002613306, 0.0025668629, 0.002509674, 0.0024768538, 0.0024025876, 0.0023170004, 0.0022701211, 0.0021687774, 0.0020586974, 0.001941557, 0.0018808901, 0.0017566035, 0.0016347622, 0.0015809459, 0.0015180915, 0.0015780276
0, 0, 0, 0, 0, 0, 0, 0, 0, 0, 0, 0, 0, 0, 0, 0, 0, 0, 0, 0, 0, 0, 0, 0, 0, 0, 0, 0, 0, 0, 0, 0, 0, 0, 0, 0, 0, 0, 0, 0, 0, 0, 0, 0, 0, 0, 0, 0, 0, 0, 0, 0, 0, 0, 0, 0, 0, 0, 0, 0, 0, 0, 0, 0, 0, 0, 0, 0, 0, 0, 0, 0, 0, 0, 0, 0, 0, 0, 0, 0, 0, 0, 0, 0, 0, 0, 0, 0, 0, 0, 0, 0, 0, 0, 0, 0, 0, 0, 0, 0, 0, 0, 0, 0, 0, 0.0014096044, 0.0013660818, 0.0013782108, 0.0014691061, 0.0015851406, 0.0016446281, 0.0017605692, 0.0018699622, 0.001921915, 0.0020201332, 0.0021102892, 0.0021521414, 0.002229397, 0.002298437, 0.002360361, 0.0023890163, 0.0024421012, 0.0024892914, 0.0025104708, 0.0025474795, 0.0025769249, 0.0025984736, 0.0026061973, 0.0026152704, 0.0026157321, 0.002612797, 0.0026008256, 0.0025812583, 0.002568565, 0.002536965, 0.0024963156, 0.0024456794, 0.0024164624, 0.002350162, 0.0022735507, 0.002231528, 0.0021403183, 0.002040208, 0.0019321566, 0.0018754582, 0.0017579158, 0.0016408286, 0.0015885651, 0.0015266854, 0.0015846085
0, 0, 0, 0, 0, 0, 0, 0, 0, 0, 0, 0, 0, 0, 0, 0, 0, 0, 0, 0, 0, 0, 0, 0, 0, 0, 0, 0, 0, 0, 0, 0, 0, 0, 0, 0, 0, 0, 0, 0, 0, 0, 0, 0, 0, 0, 0, 0, 0, 0, 0, 0, 0, 0, 0, 0, 0, 0, 0, 0, 0, 0, 0, 0, 0, 0, 0, 0, 0, 0, 0, 0, 0, 0, 0, 0, 0, 0, 0, 0, 0, 0, 0, 0, 0, 0, 0, 0, 0, 0, 0, 0, 0, 0, 0, 0, 0, 0, 0, 0, 0, 0, 0, 0, 0, 0.0013015622, 0.0012628087, 0.001279966, 0.0013709139, 0.001484172, 0.0015415999, 0.0016524456, 0.0017561495, 0.0018053191, 0.0018988057, 0.001986099, 0.0020274967, 0.0021056393, 0.0021776122, 0.0022432585, 0.0022736194, 0.0023287975, 0.0023756707, 0.002395685, 0.00242852, 0.0024519984, 0.0024667846, 0.0024712202, 0.0024743995, 0.0024702863, 0.002465646, 0.0024514848, 0.0024311796, 0.002418795, 0.0023891586, 0.0023527017, 0.0023087976, 0.002284068, 0.0022289874, 0.002166479, 0.0021323822, 0.002058211, 0.0019752467, 0.0018828388, 0.001832935, 0.0017267781, 0.0016180462, 0.0015688397, 0.001510523, 0.0015676593
0, 0, 0, 0, 0, 0, 0, 0, 0, 0, 0, 0, 0, 0, 0, 0, 0, 0, 0, 0, 0, 0, 0, 0, 0, 0, 0, 0, 0, 0, 0, 0, 0, 0, 0, 0, 0, 0, 0, 0, 0, 0, 0, 0, 0, 0, 0, 0, 0, 0, 0, 0, 0, 0, 0, 0, 0, 0, 0, 0, 0, 0, 0, 0, 0, 0, 0, 0, 0, 0, 0, 0, 0, 0, 0, 0, 0, 0, 0, 0, 0, 0, 0, 0, 0, 0, 0, 0, 0, 0, 0, 0, 0, 0, 0, 0, 0, 0, 0, 0, 0, 0, 0, 0, 0, 0.001199765, 0.0011689384, 0.0011908385, 0.001276046, 0.0013783948, 0.0014292924, 0.0015260535, 0.0016151011, 0.0016571175, 0.0017375664, 0.0018149756, 0.0018528878, 0.0019274283, 0.0019992492, 0.0020664372, 0.0020975901, 0.002153338, 0.0021989117, 0.0022176104, 0.0022468867, 0.0022660675, 0.0022769393, 0.002279737, 0.0022806816, 0.0022758115, 0.0022711495, 0.0022574991, 0.002237695, 0.0022254512, 0.0021963813, 0.0021613524, 0.002120994, 0.0020990276, 0.0020519176, 0.002000591, 0.0019731743, 0.0019139036, 0.0018468237, 0.001769613, 0.0017266935, 0.0016329354, 0.0015349231, 0.0014905911, 0.0014403778, 0.0015004412
0, 0, 0, 0, 0, 0, 0, 0, 0, 0, 0, 0, 0, 0, 0, 0, 0, 0, 0, 0, 0, 0, 0, 0, 0, 0, 0, 0, 0, 0, 0, 0, 0, 0, 0, 0, 0, 0, 0, 0, 0, 0, 0, 0, 0, 0, 0, 0, 0, 0, 0, 0, 0, 0, 0, 0, 0, 0, 0, 0, 0, 0, 0, 0, 0, 0, 0, 0, 0, 0, 0, 0, 0, 0, 0, 0, 0, 0, 0, 0, 0, 0, 0, 0, 0, 0, 0, 0, 0, 0, 0, 0, 0, 0, 0, 0, 0, 0, 0, 0, 0, 0, 0, 0, 0, 0.0011621462, 0.0011286687, 0.0011345105, 0.0011984298, 0.0012777959, 0.0013169209, 0.0013896794, 0.0014546987, 0.0014849746, 0.0015431925, 0.001601396, 0.0016312001, 0.0016927395, 0.0017554648, 0.0018160874, 0.0018443627, 0.0018949124, 0.0019357278, 0.0019523903, 0.0019788018, 0.0019973766, 0.0020102826, 0.0020151315, 0.0020223414, 0.0020258077, 0.0020257225, 0.0020207793, 0.002008023, 0.001998423, 0.0019728462, 0.0019399199, 0.0019015853, 0.0018810482, 0.0018380958, 0.0017932998, 0.001769939, 0.0017203462, 0.0016646035, 0.0015995802, 0.0015629095, 0.0014818315, 0.0013971198, 0.0013596399, 0.0013224268, 0.0013893594
0, 0, 0, 0, 0, 0, 0, 0, 0, 0, 0, 0, 0, 0, 0, 0, 0, 0, 0, 0, 0, 0, 0, 0, 0, 0, 0, 0, 0, 0, 0, 0, 0, 0, 0, 0, 0, 0, 0, 0, 0, 0, 0, 0, 0, 0, 0, 0, 0, 0, 0, 0, 0, 0, 0, 0, 0, 0, 0, 0, 0, 0, 0, 0, 0, 0, 0, 0, 0, 0, 0, 0, 0, 0, 0, 0, 0, 0, 0, 0, 0, 0, 0, 0, 0, 0, 0, 0, 0, 0, 0, 0, 0, 0, 0, 0, 0, 0, 0, 0, 0, 0, 0, 0, 0.0016708305, 0.0012458627, 0.0011484857, 0.0010934696, 0.0011201507, 0.0011675743, 0.0011914757, 0.0012349952, 0.0012717894, 0.0012883011, 0.0013200532, 0.0013537557, 0.0013723247, 0.0014134996, 0.0014584427, 0.0015035548, 0.0015248908, 0.0015632053, 0.0015945975, 0.0016076989, 0.0016299421, 0.0016485627, 0.0016657519, 0.0016743118, 0.0016916621, 0.0017081787, 0.0017152827, 0.0017246712, 0.0017249644, 0.0017210651, 0.0017052775, 0.0016802809, 0.0016489704, 0.0016319526, 0.0015965886, 0.0015601034, 0.0015413555, 0.0015017566, 0.0014571205, 0.0014045183, 0.0013745938, 0.0013081479, 0.0012397001, 0.0012108104, 0.0011898628, 0.00126542
0, 0, 0, 0, 0, 0, 0, 0, 0, 0, 0, 0, 0, 0, 0, 0, 0, 0, 0, 0, 0, 0, 0, 0, 0, 0, 0, 0, 0, 0, 0, 0, 0, 0, 0, 0, 0, 0, 0, 0, 0, 0, 0, 0, 0, 0, 0, 0, 0, 0, 0, 0, 0, 0, 0, 0, 0, 0, 0, 0, 0, 0, 0, 0, 0, 0, 0, 0, 0, 0, 0, 0, 0, 0, 0, 0, 0, 0, 0, 0, 0, 0, 0, 0, 0, 0, 0, 0, 0, 0, 0, 0, 0, 0, 0, 0, 0, 0, 0, 0, 0, 0, 0, 0, 0.0013586608, 0.0011377529, 0.001062137, 0.0010005924, 0.0010016027, 0.0010203546, 0.001030186, 0.0010465794, 0.0010580512, 0.0010625564, 0.001071336, 0.0010829216, 0.0010907529, 0.0011108277, 0.0011352034, 0.0011610165, 0.001173462, 0.0011959418, 0.0012147874, 0.0012229345, 0.0012380551, 0.0012532036, 0.0012705262, 0.00128044, 0.001302712, 0.0013269812, 0.0013387913, 0.001359128, 0.0013719362, 0.0013747877, 0.0013731989, 0.0013633348, 0.0013479982, 0.0013392773, 0.0013210397, 0.0013021699, 0.001292304, 0.00127056, 0.0012438109, 0.0012096222, 0.0011891947, 0.0011425809, 0.0010948416, 0.0010762904, 0.0010736011, 0.0011578152
0, 0, 0, 0, 0, 0, 0, 0, 0, 0, 0, 0, 0, 0, 0, 0, 0, 0, 0, 0, 0, 0, 0, 0, 0, 0, 0, 0, 0, 0, 0, 0, 0, 0, 0, 0, 0, 0, 0, 0, 0, 0, 0, 0, 0, 0, 0, 0, 0, 0, 0, 0, 0, 0, 0, 0, 0, 0, 0, 0, 0, 0, 0, 0, 0, 0, 0, 0, 0, 0, 0, 0, 0, 0, 0, 0, 0, 0, 0, 0, 0, 0, 0, 0, 0, 0, 0, 0, 0, 0, 0, 0, 0, 0, 0, 0, 0, 0, 0, 0, 0, 0, 0, 0, 0.0010999051, 0.0009520732, 0.00089755567, 0.00084350276, 0.00082958385, 0.00082715246, 0.00082611706, 0.0008220621, 0.000815397, 0.00081159896, 0.0008047952, 0.0008010988, 0.0008009636, 0.00080426823, 0.00081097207, 0.0008191492, 0.00082325, 0.00083067705, 0.000836898, 0.0008397686, 0.0008458436, 0.0008538348, 0.00086529023, 0.00087273784, 0.0008909587, 0.00091251085, 0.00092381466, 0.00094561477, 0.0009642728, 0.00097190303, 0.000983704, 0.0009916851, 0.0009975741, 0.0010003354, 0.0010061896, 0.0010124921, 0.001015388, 0.0010195269, 0.0010190015, 0.0010114916, 0.0010046749, 0.0009857848, 0.0009654973, 0.0009599247, 0.0009788794, 0.0010725433
0, 0, 0, 0, 0, 0, 0, 0, 0, 0, 0, 0, 0, 0, 0, 0, 0, 0, 0, 0, 0, 0, 0, 0, 0, 0, 0, 0, 0, 0, 0, 0, 0, 0, 0, 0, 0, 0, 0, 0, 0, 0, 0, 0, 0, 0, 0, 0, 0, 0, 0, 0, 0, 0, 0, 0, 0, 0, 0, 0, 0, 0, 0, 0, 0, 0, 0, 0, 0, 0, 0, 0, 0, 0, 0, 0, 0, 0, 0, 0, 0, 0, 0, 0, 0, 0, 0, 0, 0, 0, 0, 0, 0, 0, 0, 0, 0, 0, 0, 0, 0, 0, 0, 0, 0.0008897735, 0.0007661048, 0.0007175362, 0.0006597918, 0.0006305127, 0.00060981157, 0.0006000069, 0.0005801467, 0.0005604224, 0.0005509104, 0.0005333709, 0.0005186712, 0.0005125429, 0.0005024082, 0.00049439736, 0.0004879454, 0.00048521376, 0.0004805962, 0.00047701175, 0.00047566078, 0.00047427253, 0.00047538607, 0.00047973462, 0.00048330144, 0.0004931676, 0.00050623587, 0.00051375513, 0.00053026015, 0.00054860563, 0.0005585017, 0.00057974533, 0.0006029286, 0.0006280266, 0.000641241, 0.00066923996, 0.00069882825, 0.0007138255, 0.0007432678, 0.00077005906, 0.0007921446, 0.00080115016, 0.0008152298, 0.0008283845, 0.00083866355, 0.00088407315, 0.0009902547
0, 0, 0, 0, 0, 0, 0, 0, 0, 0, 0, 0, 0, 0, 0, 0, 0, 0, 0, 0, 0, 0, 0, 0, 0, 0, 0, 0, 0, 0, 0, 0, 0, 0, 0, 0, 0, 0, 0, 0, 0, 0, 0, 0, 0, 0, 0, 0, 0, 0, 0, 0, 0, 0, 0, 0, 0, 0, 0, 0, 0, 0, 0, 0, 0, 0, 0, 0, 0, 0, 0, 0, 0, 0, 0, 0, 0, 0, 0, 0, 0, 0, 0, 0, 0, 0, 0, 0, 0, 0, 0, 0, 0, 0, 0, 0, 0, 0, 0, 0, 0, 0, 0, 0, 0.0007254289, 0.00061337656, 0.0005636481, 0.0004925115, 0.00044376377, 0.0004037033, 0.0003850573, 0.00034973997, 0.0003168477, 0.0003011997, 0.0002717099, 0.00024413387, 0.0002310235, 0.0002059251, 0.00018259267, 0.00016199605, 0.00015316062, 0.00013870314, 0.0001286392, 0.00012508064, 0.00012057205, 0.00011926364, 0.0001207892, 0.0001224571, 0.0001275918, 0.000135006, 0.00013980652, 0.00015260805, 0.00017116226, 0.00018303013, 0.00021212449, 0.0002471548, 0.00028629202, 0.0003068664, 0.0003495659, 0.00039374377, 0.0004162845, 0.00046192078, 0.00050769164, 0.000552954, 0.0005752096, 0.0006191929, 0.0006653236, 0.0006921335, 0.0007667917, 0.000888936
0, 0, 0, 0, 0, 0, 0, 0, 0, 0, 0, 0, 0, 0, 0, 0, 0, 0, 0, 0, 0, 0, 0, 0, 0, 0, 0, 0, 0, 0, 0, 0, 0, 0, 0, 0, 0, 0, 0, 0, 0, 0, 0, 0, 0, 0, 0, 0, 0, 0, 0, 0, 0, 0, 0, 0, 0, 0, 0, 0, 0, 0, 0, 0, 0, 0, 0, 0, 0, 0, 0, 0, 0, 0, 0, 0, 0, 0, 0, 0, 0, 0, 0, 0, 0, 0, 0, 0, 0, 0, 0, 0, 0, 0, 0, 0, 0, 0, 0, 0, 0, 0, 0, 0, 0.0006237102, 0.00051182, 0.0004548999, 0.00036371537, 0.0002934864, 0.0002336984, 0.00020607542, 0.00015400586, 0.00010498718, 8.140275e-05, 3.5274592e-05, -1.0137568e-05, -3.260792e-05, -7.6713724e-05, -0.000118229305, -0.00015454434, -0.00017000083, -0.00019414439, -0.00020941957, -0.0002141317, -0.00021878158, -0.00021866999, -0.00021518614, -0.00021255402, -0.0002056782, -0.00019632619, -0.00019018988, -0.0001734112, -0.00014827444, -0.0001320527, -9.2637776e-05, -4.5912446e-05, 4.7164217e-06, 3.066149e-05, 8.2823215e-05, 0.00013492559, 0.00016102637, 0.00021372862, 0.00026821636, 0.00032589026, 0.0003563053, 0.00042081304, 0.00049257395, 0.00053341634, 0.000635579, 0.00077578734
0, 0, 0, 0, 0, 0, 0, 0, 0, 0, 0, 0, 0, 0, 0, 0, 0, 0, 0, 0, 0, 0, 0, 0, 0, 0, 0, 0, 0, 0, 0, 0, 0, 0, 0, 0, 0, 0, 0, 0, 0, 0, 0, 0, 0, 0, 0, 0, 0, 0, 0, 0, 0, 0, 0, 0, 0, 0, 0, 0, 0, 0, 0, 0, 0, 0, 0, 0, 0, 0, 0, 0, 0, 0, 0, 0, 0, 0, 0, 0, 0, 0, 0, 0, 0, 0, 0, 0, 0, 0, 0, 0, 0, 0, 0, 0, 0, 0, 0, 0, 0, 0, 0, 0, 0.0006619812, 0.0004575013, 0.00038303545, 0.00026898307, 0.0001808439, 0.000105182815, 6.996708e-05, 2.592543e-06, -6.2665604e-05, -9.496097e-05, -0.0001596158, -0.00022453687, -0.00025688758, -0.00032022962, -0.00037958374, -0.00043144252, -0.00045351157, -0.000488481, -0.0005108988, -0.00051775586, -0.0005245928, -0.00052440993, -0.0005190765, -0.00051483436, -0.0005033273, -0.0004869893, -0.00047647173, -0.0004491679, -0.00041178073, -0.0003890295, -0.00033666013, -0.00027771626, -0.00021592082, -0.00018488575, -0.00012367226, -6.401231e-05, -3.463449e-05, 2.4034449e-05, 8.4739506e-05, 0.00015051219, 0.0001861799, 0.0002639167, 0.0003531811, 0.0004044302, 0.0005298985, 0.0006905377
0, 0, 0, 0, 0, 0, 0, 0, 0, 0, 0, 0, 0, 0, 0, 0, 0, 0, 0, 0, 0, 0, 0, 0, 0, 0, 0, 0, 0, 0, 0, 0, 0, 0, 0, 0, 0, 0, 0, 0, 0, 0, 0, 0, 0, 0, 0, 0, 0, 0, 0, 0, 0, 0, 0, 0, 0, 0, 0, 0, 0, 0, 0, 0, 0, 0, 0, 0, 0, 0, 0, 0, 0, 0, 0, 0, 0, 0, 0, 0, 0, 0, 0, 0, 0, 0, 0, 0, 0, 0, 0, 0, 0, 0, 0, 0, 0, 0, 0, 0, 0, 0, 0, 0, 0.00056248374, 0.00038586356, 0.00031143858, 0.00019143429, 9.541736e-05, 1.1112298e-05, -2.8704424e-05, -0.00010659281, -0.00018403516, -0.00022304177, -0.00030175707, -0.00038061236, -0.00041957767, -0.0004950248, -0.0005650825, -0.0006267804, -0.00065363024, -0.0006980381, -0.0007294981, -0.0007406336, -0.0007551762, -0.00076086627, -0.00075908774, -0.00075543055, -0.00074249116, -0.0007210369, -0.00070666184, -0.000669839, -0.00062174717, -0.00059373135, -0.00053133216, -0.00046323246, -0.00039250712, -0.0003568661, -0.00028587057, -0.00021554592, -0.00018049151, -0.00010993016, -3.673124e-05, 4.1764444e-05, 8.375728e-05, 0.0001740885, 0.00027612245, 0.0003345625, 0.0004787115, 0.0006690385
0, 0, 0, 0, 0, 0, 0, 0, 0, 0, 0, 0, 0, 0, 0, 0, 0, 0, 0, 0, 0, 0, 0, 0, 0, 0, 0, 0, 0, 0, 0, 0, 0, 0, 0, 0, 0, 0, 0, 0, 0, 0, 0, 0, 0, 0, 0, 0, 0, 0, 0, 0, 0, 0, 0, 0, 0, 0, 0, 0, 0, 0, 0, 0, 0, 0, 0, 0, 0, 0, 0, 0, 0, 0, 0, 0, 0, 0, 0, 0, 0, 0, 0, 0, 0, 0, 0, 0, 0, 0, 0, 0, 0, 0, 0, 0, 0, 0, 0, 0, 0, 0, 0, 0, 0.00046844402, 0.00031534152, 0.00024645135, 0.00013059232, 3.3927357e-05, -5.3600488e-05, -9.5858835e-05, -0.00017948153, -0.00026337415, -0.00030569496, -0.00039039177, -0.00047325282, -0.0005132187, -0.00058903336, -0.0006579728, -0.000719176, -0.00074661506, -0.00079456554, -0.0008330885, -0.0008488624, -0.0008738158, -0.0008901787, -0.00089756714, -0.00089757703, -0.0008895766, -0.00086986675, -0.00085541414, -0.0008170577, -0.00076701766, -0.00073817174, -0.0006744309, -0.00060477754, -0.00053107034, -0.00049293676, -0.0004145026, -0.00033277177, -0.00029067384, -0.00020369526, -0.00011244038, -1.6467124e-05, 3.3331085e-05, 0.00013661261, 0.0002475025, 0.0003089562, 0.00045985813, 0.0006858638
0, 0, 0, 0, 0, 0, 0, 0, 0, 0, 0, 0, 0, 0, 0, 0, 0, 0, 0, 0, 0, 0, 0, 0, 0, 0, 0, 0, 0, 0, 0, 0, 0, 0, 0, 0, 0, 0, 0, 0, 0, 0, 0, 0, 0, 0, 0, 0, 0, 0, 0, 0, 0, 0, 0, 0, 0, 0, 0, 0, 0, 0, 0, 0, 0, 0, 0, 0, 0, 0, 0, 0, 0, 0, 0, 0, 0, 0, 0, 0, 0, 0, 0, 0, 0, 0, 0, 0, 0, 0, 0, 0, 0, 0, 0, 0, 0, 0, 0, 0, 0, 0, 0, 0, 0.00041880165, 0.0002779341, 0.00021358956, 0.000102726844, 6.9064013e-06, -8.269841e-05, -0.00012662832, -0.00021383406, -0.00030091315, -0.00034412104, -0.00042853813, -0.00050786027, -0.0005447654, -0.00061216176, -0.0006714681, -0.0007238639, -0.00074782816, -0.0007917969, -0.0008310543, -0.00084888056, -0.0008805611, -0.00090571877, -0.00092216034, -0.0009264566, -0.00092610525, -0.00091302383, -0.0009016369, -0.0008695853, -0.0008262942, -0.0008010189, -0.00074453047, -0.0006812174, -0.00061167055, -0.0005744008, -0.0004945425, -0.00040695872, -0.0003602097, -0.00026141223, -0.00015679462, -4.824127e-05, 6.8326663e-06, 0.000117695476, 0.00023101829, 0.00029071863, 0.00042211593, 0.0005436411
0, 0, 0, 0, 0, 0, 0, 0, 0, 0, 0, 0, 0, 0, 0, 0, 0, 0, 0, 0, 0, 0, 0, 0, 0, 0, 0, 0, 0, 0, 0, 0, 0, 0, 0, 0, 0, 0, 0, 0, 0, 0, 0, 0, 0, 0, 0, 0, 0, 0, 0, 0, 0, 0, 0, 0, 0, 0, 0, 0, 0, 0, 0, 0, 0, 0, 0, 0, 0, 0, 0, 0, 0, 0, 0, 0, 0, 0, 0, 0, 0, 0, 0, 0, 0, 0, 0, 0, 0, 0, 0, 0, 0, 0, 0, 0, 0, 0, 0, 0, 0, 0, 0, 0, 0.0004215306, 0.0002893514, 0.00022882149, 0.0001225933, 2.780533e-05, -6.3193824e-05, -0.00010833062, -0.00019810721, -0.00028673152, -0.00032993293, -0.00041238288, -0.00048706227, -0.0005207573, -0.0005805637, -0.00063129026, -0.0006750156, -0.0006948481, -0.00073183834, -0.00076632586, -0.0007828089, -0.00081333995, -0.0008392317, -0.00085729075, -0.00086264464, -0.0008648361, -0.00085547747, -0.0008464615, -0.0008206997, -0.00078554533, -0.00076487305, -0.0007180648, -0.00066449033, -0.0006037525, -0.00057036756, -0.0004966267, -0.00041273842, -0.0003670363, -0.00026943517, -0.00016559155, -5.860037e-05, -4.769179e-06, 0.00010295911, 0.00021305752, 0.00027133795, 0.00039906957, 0.0005172222
0, 0, 0, 0, 0, 0, 0, 0, 0, 0, 0, 0, 0, 0, 0, 0, 0, 0, 0, 0, 0, 0, 0, 0, 0, 0, 0, 0, 0, 0, 0, 0, 0, 0, 0, 0, 0, 0, 0, 0, 0, 0, 0, 0, 0, 0, 0, 0, 0, 0, 0, 0, 0, 0, 0, 0, 0, 0, 0, 0, 0, 0, 0, 0, 0, 0, 0, 0, 0, 0, 0, 0, 0, 0, 0, 0, 0, 0, 0, 0, 0, 0, 0, 0, 0, 0, 0, 0, 0, 0, 0, 0, 0, 0, 0, 0, 0, 0, 0, 0, 0, 0, 0, 0, 0.00046914764, 0.00034491523, 0.00028818095, 0.0001877505, 9.637289e-05, 7.570478e-06, -3.6741054e-05, -0.00012508161, -0.00021204464, -0.00025432638, -0.00033456553, -0.00040719466, -0.0004401453, -0.0004992814, -0.0005498222, -0.00059259316, -0.000611519, -0.0006451271, -0.0006746096, -0.0006880594, -0.0007120009, -0.00073062215, -0.0007414846, -0.0007434009, -0.00073955784, -0.0007259755, -0.00071582553, -0.00068969966, -0.0006568686, -0.00063817657, -0.0005969409, -0.00055047165, -0.00049850036, -0.00046978734, -0.00040626616, -0.0003337702, -0.0002943191, -0.00021009921, -0.00012110189, -2.9581015e-05, 1.6646842e-05, 0.00011077373, 0.00021152603, 0.00026745244, 0.0003963152, 0.00052092754
0, 0, 0, 0, 0, 0, 0, 0, 0, 0, 0, 0, 0, 0, 0, 0, 0, 0, 0, 0, 0, 0, 0, 0, 0, 0, 0, 0, 0, 0, 0, 0, 0, 0, 0, 0, 0, 0, 0, 0, 0, 0, 0, 0, 0, 0, 0, 0, 0, 0, 0, 0, 0, 0, 0, 0, 0, 0, 0, 0, 0, 0, 0, 0, 0, 0, 0, 0, 0, 0, 0, 0, 0, 0, 0, 0, 0, 0, 0, 0, 0, 0, 0, 0, 0, 0, 0, 0, 0, 0, 0, 0, 0, 0, 0, 0, 0, 0, 0, 0, 0, 0, 0, 0, 0.00055724574, 0.0004285025, 0.00037263683, 0.00027738514, 0.00019326444, 0.00011290127, 7.318466e-05, -6.0198804e-06, -8.426715e-05, -0.0001227128, -0.00019721348, -0.0002676273, -0.00030101932, -0.0003637702, -0.00042008274, -0.00046854612, -0.0004894914, -0.00052500126, -0.000552595, -0.0005637372, -0.00058072427, -0.00059029146, -0.00059146946, -0.00058875314, -0.0005765995, -0.0005562816, -0.0005435315, -0.00051335426, -0.00047795853, -0.0004585623, -0.00041701252, -0.00037197693, -0.00032351, -0.0002976697, -0.00024195945, -0.00018104006, -0.00014872088, -8.143704e-05, -1.1710148e-05, 5.9471186e-05, 9.570443e-05, 0.000171621, 0.0002583157, 0.00030958807, 0.000435288, 0.0005640249
0, 0, 0, 0, 0, 0, 0, 0, 0, 0, 0, 0, 0, 0, 0, 0, 0, 0, 0, 0, 0, 0, 0, 0, 0, 0, 0, 0, 0, 0, 0, 0, 0, 0, 0, 0, 0, 0, 0, 0, 0, 0, 0, 0, 0, 0, 0, 0, 0, 0, 0, 0, 0, 0, 0, 0, 0, 0, 0, 0, 0, 0, 0, 0, 0, 0, 0, 0, 0, 0, 0, 0, 0, 0, 0, 0, 0, 0, 0, 0, 0, 0, 0, 0, 0, 0, 0, 0, 0, 0, 0, 0, 0, 0, 0, 0, 0, 0, 0, 0, 0, 0, 0, 0.001035697, 0.00069938065, 0.0005174727, 0.00045782764, 0.0003675468, 0.00029500073, 0.0002296631, 0.00019818167, 0.00013651955, 7.524128e-05, 4.4456017e-05, -1.7505696e-05, -8.020874e-05, -0.00011171168, -0.00017387842, -0.00023249832, -0.00028411267, -0.00030643097, -0.0003433202, -0.000369937, -0.00037956738, -0.0003922382, -0.0003967268, -0.00039391968, -0.0003899088, -0.00037703538, -0.00035806897, -0.00034620104, -0.00031785955, -0.0002832468, -0.00026369002, -0.00022096092, -0.00017410822, -0.0001241558, -9.8057455e-05, -4.4124426e-05, 1.1218815e-05, 3.9183975e-05, 9.520274e-05, 0.00015119028, 0.00020738138, 0.00023599775, 0.00029661017, 0.00036895316, 0.00041406107, 0.0005319094, 0.00066253485
0, 0, 0, 0, 0, 0, 0, 0, 0, 0, 0, 0, 0, 0, 0, 0, 0, 0, 0, 0, 0, 0, 0, 0, 0, 0, 0, 0, 0, 0, 0, 0, 0, 0, 0, 0, 0, 0, 0, 0, 0, 0, 0, 0, 0, 0, 0, 0, 0, 0, 0, 0, 0, 0, 0, 0, 0, 0, 0, 0, 0, 0, 0, 0, 0, 0, 0, 0, 0, 0, 0, 0, 0, 0, 0, 0, 0, 0, 0, 0, 0, 0, 0, 0, 0, 0, 0, 0, 0, 0, 0, 0, 0, 0, 0, 0, 0, 0, 0, 0, 0, 0, 0, 0.0009078252, 0.00071814324, 0.00057325093, 0.0005242216, 0.00045163525, 0.00039630505, 0.0003497513, 0.00032835396, 0.0002874324, 0.00024671044, 0.00022557966, 0.0001809466, 0.00013245482, 0.00010680794, 5.4571774e-05, 3.986898e-06, -4.0883166e-05, -6.0138143e-05, -9.149531e-05, -0.00011327716, -0.00012089158, -0.00013038803, -0.00013420987, -0.00013427083, -0.00013328342, -0.0001296239, -0.0001224235, -0.00011684809, -0.00010023037, -7.489043e-05, -5.894453e-05, -2.0715304e-05, 2.4479841e-05, 7.489838e-05, 0.000101298465, 0.00015510169, 0.00020831033, 0.00023441289, 0.00028539018, 0.00033553623, 0.00038552718, 0.00041071803, 0.00046340784, 0.0005258605, 0.00056561665, 0.0006758359, 0.0008092686
0, 0, 0, 0, 0, 0, 0, 0, 0, 0, 0, 0, 0, 0, 0, 0, 0, 0, 0, 0, 0, 0, 0, 0, 0, 0, 0, 0, 0, 0, 0, 0, 0, 0, 0, 0, 0, 0, 0, 0, 0, 0, 0, 0, 0, 0, 0, 0, 0, 0, 0, 0, 0, 0, 0, 0, 0, 0, 0, 0, 0, 0, 0, 0, 0, 0, 0, 0, 0, 0, 0, 0, 0, 0, 0, 0, 0, 0, 0, 0, 0, 0, 0, 0, 0, 0, 0, 0, 0, 0, 0, 0, 0, 0, 0, 0, 0, 0, 0, 0, 0, 0, 0, 0.0008594828, 0.00072997005, 0.00063261634, 0.0006001327, 0.00055253244, 0.00051657576, 0.00048693502, 0.00047357686, 0.00044849893, 0.00042321143, 0.00040979087, 0.00038044612, 0.00034755224, 0.00032990304, 0.0002937891, 0.00025946693, 0.00023018844, 0.00021811125, 0.00019931755, 0.00018712503, 0.00018310745, 0.0001778568, 0.00017427266, 0.00017013474, 0.00016738691, 0.00016073999, 0.00015489316, 0.00015341533, 0.00015624615, 0.00016861272, 0.00017859199, 0.00020608776, 0.00024220484, 0.00028504172, 0.0003079475, 0.00035465724, 0.0004004904, 0.0004228698, 0.00046708414, 0.0005120922, 0.0005587058, 0.00058269314, 0.0006326029, 0.00069140724, 0.0007294647, 0.0008398907, 0.0009831783
0, 0, 0, 0, 0, 0, 0, 0, 0, 0, 0, 0, 0, 0, 0, 0, 0, 0, 0, 0, 0, 0, 0, 0, 0, 0, 0, 0, 0, 0, 0, 0, 0, 0, 0, 0, 0, 0, 0, 0, 0, 0, 0, 0, 0, 0, 0, 0, 0, 0, 0, 0, 0, 0, 0, 0, 0, 0, 0, 0, 0, 0, 0, 0, 0, 0, 0, 0, 0, 0, 0, 0, 0, 0, 0, 0, 0, 0, 0, 0, 0, 0, 0, 0, 0, 0, 0, 0, 0, 0, 0, 0, 0, 0, 0, 0, 0, 0, 0, 0, 0, 0, 0, 0.0009371836, 0.00082003383, 0.000744522, 0.0007236044, 0.00069667114, 0.00067663967, 0.000658165, 0.0006488817, 0.0006299755, 0.00060978206, 0.0005991516, 0.00057739735, 0.0005549757, 0.0005438859, 0.0005226238, 0.0005046638, 0.00049154024, 0.00048694154, 0.0004815215, 0.0004794932, 0.00047917935, 0.00047891386, 0.00047787593, 0.00047433464, 0.0004713043, 0.0004629779, 0.00045415887, 0.0004509336, 0.00044918092, 0.00045504508, 0.00046086387, 0.00047799322, 0.0005015027, 0.000530184, 0.00054557796, 0.0005763309, 0.000605337, 0.0006192956, 0.0006477822, 0.0006792098, 0.00071487506, 0.00073436275, 0.0007776089, 0.00083448406, 0.00087500585, 0.0010021155, 0.0011738625
0, 0, 0, 0, 0, 0, 0, 0, 0, 0, 0, 0, 0, 0, 0, 0, 0, 0, 0, 0, 0, 0, 0, 0, 0, 0, 0, 0, 0, 0, 0, 0, 0, 0, 0, 0, 0, 0, 0, 0, 0, 0, 0, 0, 0, 0, 0, 0, 0, 0, 0, 0, 0, 0, 0, 0, 0, 0, 0, 0, 0, 0, 0, 0, 0, 0, 0, 0, 0, 0, 0, 0, 0, 0, 0, 0, 0, 0, 0, 0, 0, 0, 0, 0, 0, 0, 0, 0, 0, 0, 0, 0, 0, 0, 0, 0, 0, 0, 0, 0, 0, 0, 0.0015747664, 0.0012999697, 0.0010029317, 0.00090989465, 0.0008937125, 0.0008809966, 0.0008733168, 0.0008623602, 0.00085480855, 0.0008360585, 0.0008140572, 0.0008029602, 0.00078233285, 0.0007645538, 0.0007569277, 0.00074431126, 0.00073580345, 0.00073180016, 0.0007314219, 0.000732777, 0.0007354478, 0.0007367021, 0.0007392841, 0.0007416669, 0.0007433806, 0.0007436753, 0.00074327626, 0.00074316456, 0.0007440958, 0.00074928254, 0.0007586365, 0.0007644866, 0.000777562, 0.0007922963, 0.00080834224, 0.00081621343, 0.00082995696, 0.0008394553, 0.0008428499, 0.0008488609, 0.0008568817, 0.0008690937, 0.000877152, 0.00089972146, 0.00094467454, 0.0009872146, 0.0011507992, 0.0014008761
0, 0, 0, 0, 0, 0, 0, 0, 0, 0, 0, 0, 0, 0, 0, 0, 0, 0, 0, 0, 0, 0, 0, 0, 0, 0, 0, 0, 0, 0, 0, 0, 0, 0, 0, 0, 0, 0, 0, 0, 0, 0, 0, 0, 0, 0, 0, 0, 0, 0, 0, 0, 0, 0, 0, 0, 0, 0, 0, 0, 0, 0, 0, 0, 0, 0, 0, 0, 0, 0, 0, 0, 0, 0, 0, 0, 0, 0, 0, 0, 0, 0, 0, 0, 0, 0, 0, 0, 0, 0, 0, 0, 0, 0, 0, 0, 0, 0, 0, 0, 0, 0, 0.0014046131, 0.001334031, 0.0012284182, 0.0012079597, 0.0012138671, 0.0012350731, 0.001255687, 0.0012690938, 0.0012720727, 0.0012709565, 0.0012644123, 0.0012610252, 0.001256476, 0.0012545788, 0.0012538314, 0.001251338, 0.0012476965, 0.0012438345, 0.0012419276, 0.0012370739, 0.0012302086, 0.0012264767, 0.0012208681, 0.0012211604, 0.001228125, 0.0012333588, 0.0012455487, 0.0012586784, 0.0012655355, 0.0012796677, 0.0012925827, 0.001297968, 0.0013061906, 0.0013116664, 0.0013158388, 0.0013172447, 0.0013167222, 0.0013084267, 0.001300557, 0.0012776807, 0.0012466647, 0.0012089262, 0.0011878697, 0.0011449282, 0.001118618, 0.0011246565, 0.0012049894, 0
0, 0, 0, 0, 0, 0, 0, 0, 0, 0, 0, 0, 0, 0, 0, 0, 0, 0, 0, 0, 0, 0, 0, 0, 0, 0, 0, 0, 0, 0, 0, 0, 0, 0, 0, 0, 0, 0, 0, 0, 0, 0, 0, 0, 0, 0, 0, 0, 0, 0, 0, 0, 0, 0, 0, 0, 0, 0, 0, 0, 0, 0, 0, 0, 0, 0, 0, 0, 0, 0, 0, 0, 0, 0, 0, 0, 0, 0, 0, 0, 0, 0, 0, 0, 0, 0, 0, 0, 0, 0, 0, 0, 0, 0, 0, 0, 0, 0, 0, 0, 0, 0, 0.001796798, 0.0015575329, 0.0013554973, 0.0013262577, 0.0013347048, 0.0013653578, 0.0013994967, 0.0014302591, 0.001443129, 0.0014640451, 0.0014811545, 0.0014896994, 0.0015076833, 0.0015247032, 0.0015316253, 0.0015406039, 0.0015439854, 0.0015440958, 0.0015430984, 0.0015383434, 0.0015294129, 0.0015240278, 0.001514822, 0.0015114532, 0.0015145462, 0.0015173675, 0.0015228238, 0.001526097, 0.0015268483, 0.0015271656, 0.0015248639, 0.0015224965, 0.0015152558, 0.0015068377, 0.0014998871, 0.0014970786, 0.0014906109, 0.0014785789, 0.0014692846, 0.001442678, 0.0014058794, 0.0013594856, 0.0013331777, 0.0012800532, 0.0012491269, 0.0012582706, 0.0013610827, 0
0, 0, 0, 0, 0, 0, 0, 0, 0, 0, 0, 0, 0, 0, 0, 0, 0, 0, 0, 0, 0, 0, 0, 0, 0, 0, 0, 0, 0, 0, 0, 0, 0, 0, 0, 0, 0, 0, 0, 0, 0, 0, 0, 0, 0, 0, 0, 0, 0, 0, 0, 0, 0, 0, 0, 0, 0, 0, 0, 0, 0, 0, 0, 0, 0, 0, 0, 0, 0, 0, 0, 0, 0, 0, 0, 0, 0, 0, 0, 0, 0, 0, 0, 0, 0, 0, 0, 0, 0, 0, 0, 0, 0, 0, 0, 0, 0, 0, 0, 0, 0, 0, 0.0016892612, 0.0015539149, 0.0014250347, 0.0014200696, 0.0014362355, 0.0014808766, 0.0015299398, 0.0015784154, 0.0016014897, 0.0016451774, 0.0016869815, 0.0017079035, 0.0017489003, 0.001785144, 0.00180003, 0.0018225628, 0.001837301, 0.0018473542, 0.0018510104, 0.0018547119, 0.0018526736, 0.0018500487, 0.0018444463, 0.0018413208, 0.0018401232, 0.0018388397, 0.0018319458, 0.0018182794, 0.001809424, 0.0017888792, 0.0017650335, 0.0017518626, 0.0017232985, 0.0016948094, 0.0016700991, 0.0016594919, 0.001639966, 0.0016175034, 0.0016036219, 0.001568951, 0.0015247869, 0.0014717607, 0.0014430033, 0.0013905785, 0.0013817063, 0.0014192563, 0.0016333056, 0
0, 0, 0, 0, 0, 0, 0, 0, 0, 0, 0, 0, 0, 0, 0, 0, 0, 0, 0, 0, 0, 0, 0, 0, 0, 0, 0, 0, 0, 0, 0, 0, 0, 0, 0, 0, 0, 0, 0, 0, 0, 0, 0, 0, 0, 0, 0, 0, 0, 0, 0, 0, 0, 0, 0, 0, 0, 0, 0, 0, 0, 0, 0, 0, 0, 0, 0, 0, 0, 0, 0, 0, 0, 0, 0, 0, 0, 0, 0, 0, 0, 0, 0, 0, 0, 0, 0, 0, 0, 0, 0, 0, 0, 0, 0, 0, 0, 0, 0, 0, 0, 0, 0.001573168, 0.001501672, 0.0014641209, 0.0015098024, 0.0015431031, 0.0016136207, 0.0016832803, 0.0017507541, 0.0017832684, 0.0018461171, 0.0019066702, 0.0019359747, 0.0019913781, 0.0020385236, 0.0020579626, 0.0020887468, 0.0021119565, 0.0021319583, 0.0021411008, 0.00215688, 0.0021674954, 0.0021708698, 0.0021751185, 0.0021767986, 0.0021735113, 0.002168571, 0.0021502385, 0.0021215, 0.0021044877, 0.0020674386, 0.0020273207, 0.0020058807, 0.0019605549, 0.0019145028, 0.0018715496, 0.0018514236, 0.0018120763, 0.0017688714, 0.0017445737, 0.0016898148, 0.00162709, 0.0015570954, 0.0015204599, 0.0014551356, 0.001447086, 0.0015015561, 0.001864009, 0
0, 0, 0, 0, 0, 0, 0, 0, 0, 0, 0, 0, 0, 0, 0, 0, 0, 0, 0, 0, 0, 0, 0, 0, 0, 0, 0, 0, 0, 0, 0, 0, 0, 0, 0, 0, 0, 0, 0, 0, 0, 0, 0, 0, 0, 0, 0, 0, 0, 0, 0, 0, 0, 0, 0, 0, 0, 0, 0, 0, 0, 0, 0, 0, 0, 0, 0, 0, 0, 0, 0, 0, 0, 0, 0, 0, 0, 0, 0, 0, 0, 0, 0, 0, 0, 0, 0, 0, 0, 0, 0, 0, 0, 0, 0, 0, 0, 0, 0, 0, 0, 0, 0.0015456041, 0.0015077789, 0.001534852, 0.0016299473, 0.0016832215, 0.0017868831, 0.0018832502, 0.0019728264, 0.002015236, 0.0020953002, 0.0021688645, 0.002202897, 0.0022638766, 0.0023127738, 0.0023322352, 0.0023631663, 0.0023879723, 0.0024117478, 0.0024238043, 0.0024471297, 0.0024673091, 0.002475656, 0.0024883368, 0.002493938, 0.0024889228, 0.0024811893, 0.0024550313, 0.002417994, 0.0023972315, 0.0023538526, 0.0023082104, 0.0022840796, 0.0022323248, 0.0021771253, 0.0021203682, 0.0020910988, 0.0020286548, 0.001957461, 0.0019181452, 0.0018332102, 0.0017426498, 0.0016474862, 0.0015987186, 0.0015074689, 0.0014592995, 0.0014731959, 0.0015847097, 0
0, 0, 0, 0, 0, 0, 0, 0, 0, 0, 0, 0, 0, 0, 0, 0, 0, 0, 0, 0, 0, 0, 0, 0, 0, 0, 0, 0, 0, 0, 0, 0, 0, 0, 0, 0, 0, 0, 0, 0, 0, 0, 0, 0, 0, 0, 0, 0, 0, 0, 0, 0, 0, 0, 0, 0, 0, 0, 0, 0, 0, 0, 0, 0, 0, 0, 0, 0, 0, 0, 0, 0, 0, 0, 0, 0, 0, 0, 0, 0, 0, 0, 0, 0, 0, 0, 0, 0, 0, 0, 0, 0, 0, 0, 0, 0, 0, 0, 0, 0, 0, 0, 0.0016685098, 0.0016343716, 0.001678606, 0.0018005309, 0.0018688715, 0.0020025785, 0.002127067, 0.002241538, 0.002294919, 0.0023936464, 0.0024802128, 0.0025185621, 0.002584137, 0.0026337777, 0.0026529606, 0.0026830437, 0.0027071314, 0.0027305544, 0.0027425608, 0.0027664343, 0.00278767, 0.002796401, 0.0028085613, 0.002810559, 0.0027986488, 0.002787022, 0.0027534668, 0.0027113627, 0.00268911, 0.0026446301, 0.0025991753, 0.0025750254, 0.0025220516, 0.002462044, 0.0023942443, 0.0023564505, 0.0022710136, 0.002170767, 0.0021157714, 0.0020000318, 0.001881949, 0.0017651112, 0.0017084833, 0.0016096146, 0.0015705463, 0.0015979275, 0.0017540322, 0
0, 0, 0, 0, 0, 0, 0, 0, 0, 0, 0, 0, 0, 0, 0, 0, 0, 0, 0, 0, 0, 0, 0, 0, 0, 0, 0, 0, 0, 0, 0, 0, 0, 0, 0, 0, 0, 0, 0, 0, 0, 0, 0, 0, 0, 0, 0, 0, 0, 0, 0, 0, 0, 0, 0, 0, 0, 0, 0, 0, 0, 0, 0, 0, 0, 0, 0, 0, 0, 0, 0, 0, 0, 0, 0, 0, 0, 0, 0, 0, 0, 0, 0, 0, 0, 0, 0, 0, 0, 0, 0, 0, 0, 0, 0, 0, 0, 0, 0, 0, 0, 0.0027844098, 0.0020345824, 0.0019012564, 0.0018914867, 0.0020179807, 0.002095201, 0.002251408, 0.0024001598, 0.002538132, 0.0026026552, 0.0027213434, 0.0028243517, 0.002869491, 0.0029457093, 0.0030038483, 0.0030269662, 0.0030643088, 0.0030943956, 0.0031211718, 0.0031338183, 0.003156427, 0.0031735585, 0.0031792147, 0.0031824415, 0.003172537, 0.0031472147, 0.0031288683, 0.003083504, 0.0030323577, 0.0030064438, 0.0029554637, 0.0029037169, 0.0028763409, 0.002815833, 0.0027455436, 0.0026630135, 0.0026158413, 0.0025080263, 0.0023824656, 0.0023146202, 0.0021742755, 0.0020340695, 0.0019003304, 0.0018390126, 0.0017466836, 0.0017608382, 0.001846195, 0.002162381, 0
0, 0, 0, 0, 0, 0, 0, 0, 0, 0, 0, 0, 0, 0, 0, 0, 0, 0, 0, 0, 0, 0, 0, 0, 0, 0, 0, 0, 0, 0, 0, 0, 0, 0, 0, 0, 0, 0, 0, 0, 0, 0, 0, 0, 0, 0, 0, 0, 0, 0, 0, 0, 0, 0, 0, 0, 0, 0, 0, 0, 0, 0, 0, 0, 0, 0, 0, 0, 0, 0, 0, 0, 0, 0, 0, 0, 0, 0, 0, 0, 0, 0, 0, 0, 0, 0, 0, 0, 0, 0, 0, 0, 0, 0, 0, 0, 0, 0, 0, 0, 0, 0.0024070828, 0.002113787, 0.0020593242, 0.0021155197, 0.0022707754, 0.002358519, 0.0025335678, 0.0027000408, 0.002855429, 0.002928482, 0.0030639411, 0.003183221, 0.0032362067, 0.0033282365, 0.0034028862, 0.0034344052, 0.003488408, 0.003533209, 0.0035709406, 0.0035870452, 0.0036131043, 0.0036286495, 0.003631527, 0.0036259613, 0.0036038142, 0.003564557, 0.0035392023, 0.0034801823, 0.0034151354, 0.0033818348, 0.0033146131, 0.003244479, 0.0032071648, 0.0031258804, 0.0030333824, 0.0029270889, 0.0028679105, 0.0027364686, 0.0025890474, 0.0025110731, 0.0023510973, 0.0021903862, 0.0020338364, 0.0019605784, 0.0018499527, 0.0018816773, 0.0020207285, 0.0027136235, 0
0, 0, 0, 0, 0, 0, 0, 0, 0, 0, 0, 0, 0, 0, 0, 0, 0, 0, 0, 0, 0, 0, 0, 0, 0, 0, 0, 0, 0, 0, 0, 0, 0, 0, 0, 0, 0, 0, 0, 0, 0, 0, 0, 0, 0, 0, 0, 0, 0, 0, 0, 0, 0, 0, 0, 0, 0, 0, 0, 0, 0, 0, 0, 0, 0, 0, 0, 0, 0, 0, 0, 0, 0, 0, 0, 0, 0, 0, 0, 0, 0, 0, 0, 0, 0, 0, 0, 0, 0, 0, 0, 0, 0, 0, 0, 0, 0, 0, 0, 0, 0, 0.0023853916, 0.0022530768, 0.0022592254, 0.002387099, 0.002576103, 0.0026739587, 0.0028631287, 0.003039332, 0.0032027282, 0.003279635, 0.0034230407, 0.0035517742, 0.0036101334, 0.0037151496, 0.0038054634, 0.0038457855, 0.0039177435, 0.003978904, 0.004029886, 0.0040513426, 0.004084784, 0.004103632, 0.0041068993, 0.0040999483, 0.0040740753, 0.0040301275, 0.004002062, 0.0039364765, 0.0038616145, 0.0038215583, 0.003736418, 0.0036432452, 0.0035928509, 0.003483305, 0.0033605688, 0.0032238122, 0.0031498736, 0.0029918859, 0.0028222282, 0.002734239, 0.0025542143, 0.002369112, 0.0021789412, 0.0020841905, 0.0019162168, 0.001842808, 0.0018711678, 0, 0
0, 0, 0, 0, 0, 0, 0, 0, 0, 0, 0, 0, 0, 0, 0, 0, 0, 0, 0, 0, 0, 0, 0, 0, 0, 0, 0, 0, 0, 0, 0, 0, 0, 0, 0, 0, 0, 0, 0, 0, 0, 0, 0, 0, 0, 0, 0, 0, 0, 0, 0, 0, 0, 0, 0, 0, 0, 0, 0, 0, 0, 0, 0, 0, 0, 0, 0, 0, 0, 0, 0, 0, 0, 0, 0, 0, 0, 0, 0, 0, 0, 0, 0, 0, 0, 0, 0, 0, 0, 0, 0, 0, 0, 0, 0, 0, 0, 0, 0, 0, 0, 0.0031536317, 0.002647394, 0.002619763, 0.00274289, 0.0029415002, 0.0030434271, 0.0032382102, 0.0034174477, 0.0035816422, 0.003658364, 0.0038014087, 0.0039304798, 0.0039898376, 0.0040992545, 0.0041973903, 0.0042425725, 0.004324957, 0.004396197, 0.0044555846, 0.004480387, 0.004519704, 0.004543191, 0.00454855, 0.0045456653, 0.004524869, 0.0044872873, 0.0044627576, 0.0044032517, 0.0043306127, 0.0042895083, 0.0041971337, 0.004090342, 0.00403111, 0.003900428, 0.0037527385, 0.0035892257, 0.0035020092, 0.0033187114, 0.0031261186, 0.0030269672, 0.0028228713, 0.0026088792, 0.0023824165, 0.0022670953, 0.0020552676, 0.0019449813, 0.0019662885, 0, 0
0, 0, 0, 0, 0, 0, 0, 0, 0, 0, 0, 0, 0, 0, 0, 0, 0, 0, 0, 0, 0, 0, 0, 0, 0, 0, 0, 0, 0, 0, 0, 0, 0, 0, 0, 0, 0, 0, 0, 0, 0, 0, 0, 0, 0, 0, 0, 0, 0, 0, 0, 0, 0, 0, 0, 0, 0, 0, 0, 0, 0, 0, 0, 0, 0, 0, 0, 0, 0, 0, 0, 0, 0, 0, 0, 0, 0, 0, 0, 0, 0, 0, 0, 0, 0, 0, 0, 0, 0, 0, 0, 0, 0, 0, 0, 0, 0, 0, 0, 0, 0, 0.0032019825, 0.0029612633, 0.0029646985, 0.003105954, 0.0033099575, 0.0034142057, 0.0036136082, 0.0037967819, 0.003963406, 0.0040407223, 0.004183479, 0.0043108803, 0.004369357, 0.0044781663, 0.0045773257, 0.004623651, 0.0047087204, 0.004782539, 0.0048434706, 0.0048689884, 0.004909203, 0.004933903, 0.004940114, 0.004940099, 0.0049250643, 0.0048967963, 0.004877978, 0.004830773, 0.004768981, 0.0047320323, 0.0046448316, 0.004539259, 0.004479183, 0.004343815, 0.0041881604, 0.0040135435, 0.0039201835, 0.0037231084, 0.0035140696, 0.0034051733, 0.003177246, 0.0029333988, 0.0026736218, 0.0025418543, 0.002303804, 0.0021913003, 0.0022256472, 0, 0
0, 0, 0, 0, 0, 0, 0, 0, 0, 0, 0, 0, 0, 0, 0, 0, 0, 0, 0, 0, 0, 0, 0, 0, 0, 0, 0, 0, 0, 0, 0, 0, 0, 0, 0, 0, 0, 0, 0, 0, 0, 0, 0, 0, 0, 0, 0, 0, 0, 0, 0, 0, 0, 0, 0, 0, 0, 0, 0, 0, 0, 0, 0, 0, 0, 0, 0, 0, 0, 0, 0, 0, 0, 0, 0, 0, 0, 0, 0, 0, 0, 0, 0, 0, 0, 0, 0, 0, 0, 0, 0, 0, 0, 0, 0, 0, 0, 0, 0, 0, 0.004675164, 0.0035176217, 0.003194195, 0.0032053413, 0.0033654913, 0.0035854615, 0.0036975183, 0.003913019, 0.004112371, 0.004293989, 0.0043778773, 0.0045314794, 0.00466653, 0.0047279135, 0.004840783, 0.0049432223, 0.0049908534, 0.0050781206, 0.005153216, 0.0052144215, 0.0052395463, 0.0052784896, 0.0053011216, 0.005306251, 0.00530475, 0.0052898005, 0.005264264, 0.00524789, 0.005207222, 0.00515259, 0.0051191645, 0.005038752, 0.0049397824, 0.004882915, 0.004754032, 0.0046043405, 0.004435225, 0.004344138, 0.0041498174, 0.003938686, 0.0038258072, 0.0035836115, 0.0033179251, 0.0030331262, 0.0028896283, 0.0026363882, 0.0025310188, 0.0025801172, 0, 0
0, 0, 0, 0, 0, 0, 0, 0, 0, 0, 0, 0, 0, 0, 0, 0, 0, 0, 0, 0, 0, 0, 0, 0, 0, 0, 0, 0, 0, 0, 0, 0, 0, 0, 0, 0, 0, 0, 0, 0, 0, 0, 0, 0, 0, 0, 0, 0, 0, 0, 0, 0, 0, 0, 0, 0, 0, 0, 0, 0, 0, 0, 0, 0, 0, 0, 0, 0, 0, 0, 0, 0, 0, 0, 0, 0, 0, 0, 0, 0, 0, 0, 0, 0, 0, 0, 0, 0, 0, 0, 0, 0, 0, 0, 0, 0, 0, 0, 0, 0, 0.0037375719, 0.0032633198, 0.0031557167, 0.0032175994, 0.0034404008, 0.003702164, 0.0038323225, 0.0040817196, 0.00431288, 0.0045244116, 0.0046222676, 0.004801358, 0.004958044, 0.0050289338, 0.0051581007, 0.0052737454, 0.0053270413, 0.0054240604, 0.0055065746, 0.0055730045, 0.00559994, 0.0056408662, 0.005663486, 0.0056676646, 0.005663284, 0.005644223, 0.0056141284, 0.0055954265, 0.005550216, 0.0054914267, 0.00545604, 0.0053728987, 0.0052726823, 0.0052162083, 0.0050896974, 0.004945099, 0.004783603, 0.004697064, 0.004512295, 0.004309045, 0.004198463, 0.0039558886, 0.0036834795, 0.0033897024, 0.003243833, 0.0030003663, 0.00294331, 0.00303255, 0, 0
0, 0, 0, 0, 0, 0, 0, 0, 0, 0, 0, 0, 0, 0, 0, 0, 0, 0, 0, 0, 0, 0, 0, 0, 0, 0, 0, 0, 0, 0, 0, 0, 0, 0, 0, 0, 0, 0, 0, 0, 0, 0, 0, 0, 0, 0, 0, 0, 0, 0, 0, 0, 0, 0, 0, 0, 0, 0, 0, 0, 0, 0, 0, 0, 0, 0, 0, 0, 0, 0, 0, 0, 0, 0, 0, 0, 0, 0, 0, 0, 0, 0, 0, 0, 0, 0, 0, 0, 0, 0, 0, 0, 0, 0, 0, 0, 0, 0, 0, 0, 0.0030431654, 0.002841695, 0.0029355548, 0.0030602275, 0.003367007, 0.0036856923, 0.003839583, 0.0041306913, 0.00439897, 0.0046447157, 0.004758817, 0.0049688728, 0.005154743, 0.005239146, 0.0053937226, 0.0055321767, 0.005595651, 0.005711033, 0.0058088675, 0.005887641, 0.0059195394, 0.005968463, 0.0059966515, 0.0060027023, 0.0059995097, 0.0059783743, 0.0059430837, 0.005920679, 0.005865879, 0.0057953303, 0.00575364, 0.0056575797, 0.005545286, 0.0054831323, 0.0053466894, 0.005194099, 0.0050269663, 0.0049388353, 0.004753391, 0.0045522805, 0.0044435677, 0.0042048167, 0.0039351885, 0.0036453698, 0.0035053713, 0.0033029425, 0.0033838493, 0.0035956386, 0, 0
0, 0, 0, 0, 0, 0, 0, 0, 0, 0, 0, 0, 0, 0, 0, 0, 0, 0, 0, 0, 0, 0, 0, 0, 0, 0, 0, 0, 0, 0, 0, 0, 0, 0, 0, 0, 0, 0, 0, 0, 0, 0, 0, 0, 0, 0, 0, 0, 0, 0, 0, 0, 0, 0, 0, 0, 0, 0, 0, 0, 0, 0, 0, 0, 0, 0, 0, 0, 0, 0, 0, 0, 0, 0, 0, 0, 0, 0, 0, 0, 0, 0, 0, 0, 0, 0, 0, 0, 0, 0, 0, 0, 0, 0, 0, 0, 0, 0, 0, 0, 0.0026141626, 0.0025351988, 0.0027405843, 0.0029052263, 0.0032708868, 0.003632821, 0.0038047757, 0.0041273166, 0.004422387, 0.004691953, 0.0048175477, 0.0050504617, 0.0052596447, 0.0053559327, 0.0055339322, 0.0056947246, 0.0057688346, 0.00590368, 0.0060183303, 0.00611136, 0.006149467, 0.006209238, 0.006246772, 0.006256806, 0.0062601417, 0.006242907, 0.0062080664, 0.006184479, 0.0061242087, 0.0060446546, 0.0059971805, 0.0058874493, 0.005759493, 0.0056889975, 0.005535079, 0.0053639044, 0.0051776534, 0.0050800284, 0.0048770052, 0.0046616, 0.00454768, 0.0043018907, 0.0040284963, 0.003736573, 0.0035971454, 0.0034145936, 0.0036384983, 0.004079898, 0, 0
0, 0, 0, 0, 0, 0, 0, 0, 0, 0, 0, 0, 0, 0, 0, 0, 0, 0, 0, 0, 0, 0, 0, 0, 0, 0, 0, 0, 0, 0, 0, 0, 0, 0, 0, 0, 0, 0, 0, 0, 0, 0, 0, 0, 0, 0, 0, 0, 0, 0, 0, 0, 0, 0, 0, 0, 0, 0, 0, 0, 0, 0, 0, 0, 0, 0, 0, 0, 0, 0, 0, 0, 0, 0, 0, 0, 0, 0, 0, 0, 0, 0, 0, 0, 0, 0, 0, 0, 0, 0, 0, 0, 0, 0, 0, 0, 0, 0, 0, 0, 0.0025072098, 0.0024769611, 0.0027058006, 0.0028779416, 0.0032555081, 0.003628801, 0.0038063668, 0.0041394723, 0.0044433135, 0.00472037, 0.0048496667, 0.005091014, 0.0053100996, 0.005411895, 0.005601447, 0.005773561, 0.005853146, 0.0059983158, 0.0061219116, 0.0062222457, 0.006263549, 0.0063295388, 0.006373447, 0.006386931, 0.006397445, 0.00638685, 0.006357278, 0.0063357134, 0.006277617, 0.006197425, 0.0061484096, 0.0060329004, 0.0058955555, 0.0058192434, 0.005651455, 0.005463353, 0.005256921, 0.005147866, 0.0049202177, 0.0046798065, 0.004553696, 0.0042865016, 0.003996558, 0.0036921923, 0.0035463655, 0.0033311865, 0.0033573904, 0.0034600801, 0, 0
0, 0, 0, 0, 0, 0, 0, 0, 0, 0, 0, 0, 0, 0, 0, 0, 0, 0, 0, 0, 0, 0, 0, 0, 0, 0, 0, 0, 0, 0, 0, 0, 0, 0, 0, 0, 0, 0, 0, 0, 0, 0, 0, 0, 0, 0, 0, 0, 0, 0, 0, 0, 0, 0, 0, 0, 0, 0, 0, 0, 0, 0, 0, 0, 0, 0, 0, 0, 0, 0, 0, 0, 0, 0, 0, 0, 0, 0, 0, 0, 0, 0, 0, 0, 0, 0, 0, 0, 0, 0, 0, 0, 0, 0, 0, 0, 0, 0, 0, 0, 0.0030980944, 0.0026914491, 0.0028316237, 0.0029824027, 0.003332323, 0.0036889473, 0.0038609186, 0.004186099, 0.0044844933, 0.0047573163, 0.0048851175, 0.005124395, 0.0053427615, 0.005444332, 0.005632855, 0.0058029685, 0.005881419, 0.0060236407, 0.006143998, 0.006240466, 0.006279925, 0.006342376, 0.006384426, 0.006397812, 0.006409558, 0.006401626, 0.006375659, 0.006356043, 0.006302359, 0.0062262085, 0.0061786314, 0.0060646716, 0.0059265066, 0.005848815, 0.005676692, 0.005481724, 0.0052647493, 0.005148772, 0.004903235, 0.0046401224, 0.0045014885, 0.0042083836, 0.0038963375, 0.0035852361, 0.0034491369, 0.0033104257, 0.003544714, 0.0037818572, 0, 0
0, 0, 0, 0, 0, 0, 0, 0, 0, 0, 0, 0, 0, 0, 0, 0, 0, 0, 0, 0, 0, 0, 0, 0, 0, 0, 0, 0, 0, 0, 0, 0, 0, 0, 0, 0, 0, 0, 0, 0, 0, 0, 0, 0, 0, 0, 0, 0, 0, 0, 0, 0, 0, 0, 0, 0, 0, 0, 0, 0, 0, 0, 0, 0, 0, 0, 0, 0, 0, 0, 0, 0, 0, 0, 0, 0, 0, 0, 0, 0, 0, 0, 0, 0, 0, 0, 0, 0, 0, 0, 0, 0, 0, 0, 0, 0, 0, 0, 0, 0, 0.0029616982, 0.0028216331, 0.0029851398, 0.0031250215, 0.003443773, 0.0037717442, 0.003931888, 0.0042387345, 0.0045238365, 0.0047873454, 0.004911445, 0.005145105, 0.005358987, 0.0054580364, 0.005640707, 0.0058034267, 0.0058776326, 0.0060108406, 0.0061218957, 0.0062083863, 0.0062426426, 0.006295132, 0.0063281516, 0.006337856, 0.00634332, 0.0063302377, 0.0062996405, 0.006278163, 0.0062217186, 0.0061440147, 0.0060962155, 0.0059819296, 0.0058440943, 0.005766813, 0.005595859, 0.0054022633, 0.0051849172, 0.0050674505, 0.004815306, 0.004540356, 0.0043937084, 0.00408154, 0.0037495508, 0.0034276657, 0.0032972274, 0.0032367455, 0.0038456544, 0.004544913, 0, 0
0, 0, 0, 0, 0, 0, 0, 0, 0, 0, 0, 0, 0, 0, 0, 0, 0, 0, 0, 0, 0, 0, 0, 0, 0, 0, 0, 0, 0, 0, 0, 0, 0, 0, 0, 0, 0, 0, 0, 0, 0, 0, 0, 0, 0, 0, 0, 0, 0, 0, 0, 0, 0, 0, 0, 0, 0, 0, 0, 0, 0, 0, 0, 0, 0, 0, 0, 0, 0, 0, 0, 0, 0, 0, 0, 0, 0, 0, 0, 0, 0, 0, 0, 0, 0, 0, 0, 0, 0, 0, 0, 0, 0, 0, 0, 0, 0, 0, 0, 0.0039857356, 0.0031149273, 0.0029493605, 0.0031169131, 0.0032473204, 0.003536565, 0.0038326234, 0.003978601, 0.0042609875, 0.0045273122, 0.004776988, 0.0048958794, 0.0051219356, 0.005330309, 0.005427039, 0.0056049763, 0.0057628397, 0.005834449, 0.0059626778, 0.0060683494, 0.006148676, 0.0061792596, 0.006223813, 0.0062487037, 0.0062541645, 0.0062507982, 0.0062276837, 0.0061852983, 0.0061573815, 0.0060877358, 0.005997488, 0.0059438315, 0.0058190315, 0.005673046, 0.005593165, 0.0054200687, 0.005227673, 0.0050128987, 0.0048964056, 0.004645349, 0.004368879, 0.0042204363, 0.0039023762, 0.0035618474, 0.003229703, 0.0030908957, 0.002958951, 0.0030989454, 0, 0, 0
0, 0, 0, 0, 0, 0, 0, 0, 0, 0, 0, 0, 0, 0, 0, 0, 0, 0, 0, 0, 0, 0, 0, 0, 0, 0, 0, 0, 0, 0, 0, 0, 0, 0, 0, 0, 0, 0, 0, 0, 0, 0, 0, 0, 0, 0, 0, 0, 0, 0, 0, 0, 0, 0, 0, 0, 0, 0, 0, 0, 0, 0, 0, 0, 0, 0, 0, 0, 0, 0, 0, 0, 0, 0, 0, 0, 0, 0, 0, 0, 0, 0, 0, 0, 0, 0, 0, 0, 0, 0, 0, 0, 0, 0, 0, 0, 0, 0, 0, 0.0033715316, 0.003052738, 0.0030202724, 0.0032024146, 0.0033248963, 0.0035871384, 0.0038528328, 0.0039837016, 0.004238691, 0.0044814516, 0.0047119707, 0.0048231035, 0.0050365743, 0.005235916, 0.005329081, 0.0055011683, 0.0056550065, 0.0057254974, 0.0058530793, 0.005959498, 0.0060408986, 0.0060719554, 0.0061164307, 0.006140376, 0.006144895, 0.0061378255, 0.006107667, 0.0060549006, 0.0060204337, 0.0059359306, 0.005829044, 0.0057665994, 0.0056240866, 0.0054613957, 0.0053742034, 0.0051902737, 0.0049921386, 0.00477622, 0.004660389, 0.004412177, 0.004140606, 0.003995017, 0.0036830183, 0.0033512192, 0.0030419596, 0.00292898, 0.0029129237, 0.0032638512, 0, 0, 0
0, 0, 0, 0, 0, 0, 0, 0, 0, 0, 0, 0, 0, 0, 0, 0, 0, 0, 0, 0, 0, 0, 0, 0, 0, 0, 0, 0, 0, 0, 0, 0, 0, 0, 0, 0, 0, 0, 0, 0, 0, 0, 0, 0, 0, 0, 0, 0, 0, 0, 0, 0, 0, 0, 0, 0, 0, 0, 0, 0, 0, 0, 0, 0, 0, 0, 0, 0, 0, 0, 0, 0, 0, 0, 0, 0, 0, 0, 0, 0, 0, 0, 0, 0, 0, 0, 0, 0, 0, 0, 0, 0, 0, 0, 0, 0, 0, 0, 0.0042377072, 0.0036552236, 0.003061885, 0.003034157, 0.0032197477, 0.0033376012, 0.0035829449, 0.0038260582, 0.0039447914, 0.004174231, 0.0043926816, 0.004601124, 0.004702324, 0.0048983213, 0.005082318, 0.00516839, 0.0053278757, 0.0054711937, 0.0055376138, 0.0056598573, 0.0057643615, 0.0058467537, 0.005879256, 0.0059275264, 0.005955991, 0.005962673, 0.005959293, 0.0059310645, 0.00587793, 0.005842793, 0.0057556396, 0.005643977, 0.0055780658, 0.005425921, 0.005250222, 0.005155924, 0.0049579553, 0.00474866, 0.004526207, 0.004409034, 0.004162311, 0.0038974627, 0.0037566943, 0.0034557334, 0.0031353564, 0.0028444733, 0.0027536456, 0.002885487, 0.0038512833, 0, 0, 0
0, 0, 0, 0, 0, 0, 0, 0, 0, 0, 0, 0, 0, 0, 0, 0, 0, 0, 0, 0, 0, 0, 0, 0, 0, 0, 0, 0, 0, 0, 0, 0, 0, 0, 0, 0, 0, 0, 0, 0, 0, 0, 0, 0, 0, 0, 0, 0, 0, 0, 0, 0, 0, 0, 0, 0, 0, 0, 0, 0, 0, 0, 0, 0, 0, 0, 0, 0, 0, 0, 0, 0, 0, 0, 0, 0, 0, 0, 0, 0, 0, 0, 0, 0, 0, 0, 0, 0, 0, 0, 0, 0, 0, 0, 0, 0, 0, 0, 0.0032787959, 0.0030605898, 0.0028136573, 0.002900045, 0.0031271337, 0.0032538052, 0.0035040611, 0.0037401547, 0.0038521904, 0.0040647453, 0.0042638215, 0.0044528, 0.00454442, 0.0047215475, 0.004886718, 0.0049633346, 0.005103499, 0.00522843, 0.0052861865, 0.005392467, 0.005484673, 0.005559228, 0.0055894186, 0.005636044, 0.0056657805, 0.0056739836, 0.005674942, 0.0056532356, 0.0056093186, 0.0055799466, 0.005506487, 0.005410761, 0.0053527774, 0.0052138222, 0.0050457353, 0.004952524, 0.0047518727, 0.0045364085, 0.00430778, 0.004188649, 0.003941909, 0.003683441, 0.0035483069, 0.0032607166, 0.002950062, 0.0026481473, 0.002531012, 0.0024656632, 0, 0, 0, 0
0, 0, 0, 0, 0, 0, 0, 0, 0, 0, 0, 0, 0, 0, 0, 0, 0, 0, 0, 0, 0, 0, 0, 0, 0, 0, 0, 0, 0, 0, 0, 0, 0, 0, 0, 0, 0, 0, 0, 0, 0, 0, 0, 0, 0, 0, 0, 0, 0, 0, 0, 0, 0, 0, 0, 0, 0, 0, 0, 0, 0, 0, 0, 0, 0, 0, 0, 0, 0, 0, 0, 0, 0, 0, 0, 0, 0, 0, 0, 0, 0, 0, 0, 0, 0, 0, 0, 0, 0, 0, 0, 0, 0, 0, 0, 0, 0, 0, 0.002513492, 0.0024236122, 0.0024248753, 0.0026399305, 0.002926085, 0.003069419, 0.0033377209, 0.0035777802, 0.0036881207, 0.0038927596, 0.0040804828, 0.004256583, 0.004341343, 0.004503662, 0.0046529155, 0.004721161, 0.0048439107, 0.0049499497, 0.004997657, 0.005083759, 0.005156956, 0.0052155703, 0.005239276, 0.0052756523, 0.005298472, 0.0053043566, 0.0053032124, 0.0052835103, 0.005246976, 0.0052236333, 0.005168334, 0.005098545, 0.005055978, 0.004950215, 0.0048142136, 0.0047347867, 0.0045553953, 0.004352085, 0.0041290517, 0.004011499, 0.003768406, 0.00351761, 0.0033889413, 0.0031210077, 0.002836947, 0.0025633376, 0.002458735, 0.002414804, 0, 0, 0, 0
0, 0, 0, 0, 0, 0, 0, 0, 0, 0, 0, 0, 0, 0, 0, 0, 0, 0, 0, 0, 0, 0, 0, 0, 0, 0, 0, 0, 0, 0, 0, 0, 0, 0, 0, 0, 0, 0, 0, 0, 0, 0, 0, 0, 0, 0, 0, 0, 0, 0, 0, 0, 0, 0, 0, 0, 0, 0, 0, 0, 0, 0, 0, 0, 0, 0, 0, 0, 0, 0, 0, 0, 0, 0, 0, 0, 0, 0, 0, 0, 0, 0, 0, 0, 0, 0, 0, 0, 0, 0, 0, 0, 0, 0, 0, 0, 0, 0, 0.0020607128, 0.0020297905, 0.0021222853, 0.0023790533, 0.0026809843, 0.0028279522, 0.0030981465, 0.0033351849, 0.003442768, 0.0036405362, 0.003821068, 0.003989501, 0.004070119, 0.0042242617, 0.0043650507, 0.0044295313, 0.0045439037, 0.004639844, 0.0046813563, 0.004753014, 0.004810577, 0.004854704, 0.0048719095, 0.004897147, 0.0049105636, 0.0049123093, 0.0049045295, 0.004880388, 0.0048424485, 0.0048198607, 0.0047707013, 0.004715758, 0.004684749, 0.0046107047, 0.0045143985, 0.0044562314, 0.0043180645, 0.0041498765, 0.0039537544, 0.0038466845, 0.0036200748, 0.0033834672, 0.0032631094, 0.00301935, 0.00277706, 0.0025732645, 0.0025165908, 0.0025872563, 0, 0, 0, 0
0, 0, 0, 0, 0, 0, 0, 0, 0, 0, 0, 0, 0, 0, 0, 0, 0, 0, 0, 0, 0, 0, 0, 0, 0, 0, 0, 0, 0, 0, 0, 0, 0, 0, 0, 0, 0, 0, 0, 0, 0, 0, 0, 0, 0, 0, 0, 0, 0, 0, 0, 0, 0, 0, 0, 0, 0, 0, 0, 0, 0, 0, 0, 0, 0, 0, 0, 0, 0, 0, 0, 0, 0, 0, 0, 0, 0, 0, 0, 0, 0, 0, 0, 0, 0, 0, 0, 0, 0, 0, 0, 0, 0, 0, 0, 0, 0, 0, 0.002279657, 0.0020775709, 0.0020246904, 0.0022079386, 0.0024578394, 0.0025837868, 0.0028202108, 0.0030312976, 0.0031283237, 0.0033094306, 0.0034781545, 0.0036380093, 0.0037151794, 0.0038637111, 0.004002137, 0.0040659667, 0.0041805143, 0.0042755543, 0.004315519, 0.0043819463, 0.0044327355, 0.004471079, 0.004486225, 0.004508818, 0.004520929, 0.004522303, 0.004514016, 0.004489135, 0.004448025, 0.0044228705, 0.0043666204, 0.004306605, 0.00427563, 0.004210822, 0.0041380497, 0.0040967297, 0.003999464, 0.0038767774, 0.0037252563, 0.0036388796, 0.0034477958, 0.0032384947, 0.003129429, 0.002908954, 0.002703886, 0.0025768455, 0.0025862884, 0.0028635468, 0, 0, 0, 0
0, 0, 0, 0, 0, 0, 0, 0, 0, 0, 0, 0, 0, 0, 0, 0, 0, 0, 0, 0, 0, 0, 0, 0, 0, 0, 0, 0, 0, 0, 0, 0, 0, 0, 0, 0, 0, 0, 0, 0, 0, 0, 0, 0, 0, 0, 0, 0, 0, 0, 0, 0, 0, 0, 0, 0, 0, 0, 0, 0, 0, 0, 0, 0, 0, 0, 0, 0, 0, 0, 0, 0, 0, 0, 0, 0, 0, 0, 0, 0, 0, 0, 0, 0, 0, 0, 0, 0, 0, 0, 0, 0, 0, 0, 0, 0, 0, 0.0031590958, 0.00235609, 0.0021306917, 0.0020005642, 0.002094886, 0.0022638757, 0.0023545325, 0.00253112, 0.002695576, 0.0027737033, 0.0029245275, 0.003070853, 0.0032141965, 0.0032848164, 0.0034236251, 0.0035567412, 0.0036195596, 0.0037338291, 0.0038288727, 0.0038684127, 0.0039330986, 0.003982548, 0.00402258, 0.0040399935, 0.004070346, 0.0040928517, 0.0041003814, 0.0041052513, 0.0040924596, 0.0040592374, 0.0040349904, 0.0039738347, 0.0039013564, 0.0038633554, 0.0037876053, 0.0037146776, 0.0036785626, 0.0036030854, 0.0035162987, 0.0034103882, 0.003348685, 0.0032060083, 0.003037704, 0.0029448327, 0.0027479876, 0.002560839, 0.002466651, 0.0025170972, 0.003068349, 0, 0, 0, 0
0, 0, 0, 0, 0, 0, 0, 0, 0, 0, 0, 0, 0, 0, 0, 0, 0, 0, 0, 0, 0, 0, 0, 0, 0, 0, 0, 0, 0, 0, 0, 0, 0, 0, 0, 0, 0, 0, 0, 0, 0, 0, 0, 0, 0, 0, 0, 0, 0, 0, 0, 0, 0, 0, 0, 0, 0, 0, 0, 0, 0, 0, 0, 0, 0, 0, 0, 0, 0, 0, 0, 0, 0, 0, 0, 0, 0, 0, 0, 0, 0, 0, 0, 0, 0, 0, 0, 0, 0, 0, 0, 0, 0, 0, 0, 0, 0, 0.0023968776, 0.0020470675, 0.0019338377, 0.0018726516, 0.001938422, 0.0020498119, 0.0021100156, 0.0022298458, 0.0023459657, 0.002403249, 0.0025182632, 0.0026345807, 0.0027523683, 0.0028116659, 0.0029307054, 0.0030484952, 0.003105274, 0.003209923, 0.0032975744, 0.0033339183, 0.0033930033, 0.003439542, 0.0034807597, 0.003500909, 0.0035405625, 0.0035775974, 0.0035940036, 0.0036196196, 0.0036299764, 0.0036186606, 0.0036033532, 0.0035531993, 0.003481341, 0.0034403487, 0.0033555082, 0.0032740599, 0.0032361897, 0.003165162, 0.003095985, 0.003021641, 0.0029800285, 0.0028831158, 0.0027611896, 0.0026893353, 0.0025258823, 0.0023557586, 0.0022438143, 0.0022462143, 0.0023910743, 0, 0, 0, 0
0, 0, 0, 0, 0, 0, 0, 0, 0, 0, 0, 0, 0, 0, 0, 0, 0, 0, 0, 0, 0, 0, 0, 0, 0, 0, 0, 0, 0, 0, 0, 0, 0, 0, 0, 0, 0, 0, 0, 0, 0, 0, 0, 0, 0, 0, 0, 0, 0, 0, 0, 0, 0, 0, 0, 0, 0, 0, 0, 0, 0, 0, 0, 0, 0, 0, 0, 0, 0, 0, 0, 0, 0, 0, 0, 0, 0, 0, 0, 0, 0, 0, 0, 0, 0, 0, 0, 0, 0, 0, 0, 0, 0, 0, 0, 0, 0, 0.0017549996, 0.0016061844, 0.0015757204, 0.0015967585, 0.0016714468, 0.0017591332, 0.0018031733, 0.0018893108, 0.0019744167, 0.0020172044, 0.002104424, 0.0021932488, 0.0022829405, 0.0023282499, 0.002419754, 0.0025119153, 0.0025570514, 0.0026416094, 0.0027132744, 0.0027430542, 0.002791685, 0.0028302066, 0.0028659864, 0.0028844008, 0.002923841, 0.0029658298, 0.0029871007, 0.0030275797, 0.0030597234, 0.0030748434, 0.0030735438, 0.0030500665, 0.0029998668, 0.002966981, 0.0028929207, 0.002816494, 0.0027800056, 0.0027129524, 0.0026528328, 0.0025961201, 0.0025670489, 0.0025020093, 0.002419379, 0.0023691729, 0.0022521294, 0.0021349234, 0.002097774, 0.0021555398, 0.0024450594, 0, 0, 0, 0
0, 0, 0, 0, 0, 0, 0, 0, 0, 0, 0, 0, 0, 0, 0, 0, 0, 0, 0, 0, 0, 0, 0, 0, 0, 0, 0, 0, 0, 0, 0, 0, 0, 0, 0, 0, 0, 0, 0, 0, 0, 0, 0, 0, 0, 0, 0, 0, 0, 0, 0, 0, 0, 0, 0, 0, 0, 0, 0, 0, 0, 0, 0, 0, 0, 0, 0, 0, 0, 0, 0, 0, 0, 0, 0, 0, 0, 0, 0, 0, 0, 0, 0, 0, 0, 0, 0, 0, 0, 0, 0, 0, 0, 0, 0, 0, 0, 0.001229791, 0.0011747491, 0.0011752265, 0.0012245425, 0.0012993375, 0.0013754509, 0.0014123996, 0.0014848979, 0.0015575625, 0.0015942149, 0.0016672816, 0.0017384647, 0.0018063138, 0.0018392297, 0.0019038924, 0.0019679035, 0.0019995256, 0.0020598485, 0.0021133649, 0.0021364558, 0.002175072, 0.0022050962, 0.0022304424, 0.0022427917, 0.0022694569, 0.002301, 0.002318996, 0.0023583223, 0.0023983216, 0.0024314362, 0.0024423548, 0.0024491798, 0.0024335443, 0.002417974, 0.0023752893, 0.0023240116, 0.0022976475, 0.0022470523, 0.002200664, 0.0021576765, 0.0021363196, 0.0020898834, 0.0020330264, 0.0019993098, 0.0019248256, 0.0018699252, 0.0019393933, 0.0020937317, 0.0028448384, 0, 0, 0, 0
0, 0, 0, 0, 0, 0, 0, 0, 0, 0, 0, 0, 0, 0, 0, 0, 0, 0, 0, 0, 0, 0, 0, 0, 0, 0, 0, 0, 0, 0, 0, 0, 0, 0, 0, 0, 0, 0, 0, 0, 0, 0, 0, 0, 0, 0, 0, 0, 0, 0, 0, 0, 0, 0, 0, 0, 0, 0, 0, 0, 0, 0, 0, 0, 0, 0, 0, 0, 0, 0, 0, 0, 0, 0, 0, 0, 0, 0, 0, 0, 0, 0, 0, 0, 0, 0, 0, 0, 0, 0, 0, 0, 0, 0, 0, 0, 0, 0.0009122334, 0.0008158235, 0.00080565206, 0.0008319119, 0.0008827022, 0.0009382349, 0.0009666266, 0.0010256771, 0.001088347, 0.0011206078, 0.001184377, 0.0012441232, 0.0012977084, 0.0013220474, 0.0013667365, 0.0014081115, 0.0014281688, 0.0014682387, 0.0015081072, 0.0015273447, 0.0015628303, 0.0015916945, 0.0016121737, 0.001619913, 0.0016327614, 0.0016471194, 0.0016563579, 0.0016804837, 0.0017112489, 0.0017450108, 0.001761205, 0.0017884596, 0.0018054445, 0.0018091396, 0.0018062727, 0.001791892, 0.001781803, 0.0017586604, 0.0017337509, 0.0017073997, 0.0016930404, 0.0016595786, 0.0016183434, 0.0015949458, 0.0015490865, 0.0015337084, 0.0016283691, 0.0017428137, 0, 0, 0, 0, 0
0, 0, 0, 0, 0, 0, 0, 0, 0, 0, 0, 0, 0, 0, 0, 0, 0, 0, 0, 0, 0, 0, 0, 0, 0, 0, 0, 0, 0, 0, 0, 0, 0, 0, 0, 0, 0, 0, 0, 0, 0, 0, 0, 0, 0, 0, 0, 0, 0, 0, 0, 0, 0, 0, 0, 0, 0, 0, 0, 0, 0, 0, 0, 0, 0, 0, 0, 0, 0, 0, 0, 0, 0, 0, 0, 0, 0, 0, 0, 0, 0, 0, 0, 0, 0, 0, 0, 0, 0, 0, 0, 0, 0, 0, 0, 0, 0, 0.00058453984, 0.0005078447, 0.0004888729, 0.00048251066, 0.0004962078, 0.0005168008, 0.0005289187, 0.0005584722, 0.0005956331, 0.0006163359, 0.0006601371, 0.00070311566, 0.0007420283, 0.0007591854, 0.0007890643, 0.00081382017, 0.0008255555, 0.0008501631, 0.00088058965, 0.00089824246, 0.0009367113, 0.00097415556, 0.001003637, 0.0010141695, 0.0010281386, 0.0010361674, 0.001039709, 0.0010484634, 0.0010620458, 0.001082511, 0.0010957832, 0.0011275086, 0.0011635413, 0.0011813458, 0.0012126927, 0.0012347663, 0.001241947, 0.0012500839, 0.0012509304, 0.0012449974, 0.0012389007, 0.0012201293, 0.0011936179, 0.0011787666, 0.0011549675, 0.001172249, 0.0013393885, 0.0015558365, 0, 0, 0, 0, 0
0, 0, 0, 0, 0, 0, 0, 0, 0, 0, 0, 0, 0, 0, 0, 0, 0, 0, 0, 0, 0, 0, 0, 0, 0, 0, 0, 0, 0, 0, 0, 0, 0, 0, 0, 0, 0, 0, 0, 0, 0, 0, 0, 0, 0, 0, 0, 0, 0, 0, 0, 0, 0, 0, 0, 0, 0, 0, 0, 0, 0, 0, 0, 0, 0, 0, 0, 0, 0, 0, 0, 0, 0, 0, 0, 0, 0, 0, 0, 0, 0, 0, 0, 0, 0, 0, 0, 0, 0, 0, 0, 0, 0, 0, 0, 0, 0.00036671892, 0.00033511771, 0.00026607158, 0.00024033258, 0.0002058631, 0.00018105803, 0.00015781498, 0.00014700003, 0.00012987136, 0.00012245875, 0.00012265531, 0.00013019572, 0.000144589, 0.00016136802, 0.00016946314, 0.00018288294, 0.00019192362, 0.00019567444, 0.00020460754, 0.00022189533, 0.00023550245, 0.00027231284, 0.0003178638, 0.0003631791, 0.00038361145, 0.00041684174, 0.00043982454, 0.00044768042, 0.00045787892, 0.00046383723, 0.0004722738, 0.00047996256, 0.0005055455, 0.0005457351, 0.00057014346, 0.0006225421, 0.00067297654, 0.00069562014, 0.00073465664, 0.00076436595, 0.0007836149, 0.00078915316, 0.00079206296, 0.0007870802, 0.0007836085, 0.0007822035, 0.000807761, 0.00089382904, 0.0009498262, 0, 0, 0, 0, 0
0, 0, 0, 0, 0, 0, 0, 0, 0, 0, 0, 0, 0, 0, 0, 0, 0, 0, 0, 0, 0, 0, 0, 0, 0, 0, 0, 0, 0, 0, 0, 0, 0, 0, 0, 0, 0, 0, 0, 0, 0, 0, 0, 0, 0, 0, 0, 0, 0, 0, 0, 0, 0, 0, 0, 0, 0, 0, 0, 0, 0, 0, 0, 0, 0, 0, 0, 0, 0, 0, 0, 0, 0, 0, 0, 0, 0, 0, 0, 0, 0, 0, 0, 0, 0, 0, 0, 0, 0, 0, 0, 0, 0, 0, 0, 0.00025129985, 0.00023576425, 0.00015816875, 7.5181e-05, 4.0100607e-05, -2.1024722e-05, -8.168807e-05, -0.00014858307, -0.0001835048, -0.00025171615, -0.00031009712, -0.0003336062, -0.00036887103, -0.00038911923, -0.00039907635, -0.00040197792, -0.00040740802, -0.00041590678, -0.00042144058, -0.00043290324, -0.00043809935, -0.00043586348, -0.0004176737, -0.0003809437, -0.00033105453, -0.00030355222, -0.00024813612, -0.00019767409, -0.00017619245, -0.00014275183, -0.00012129642, -0.000105999294, -9.7687036e-05, -7.337618e-05, -3.3674565e-05, -7.6607585e-06, 5.4383727e-05, 0.00012368789, 0.00015892538, 0.0002275509, 0.0002895149, 0.00034145857, 0.00036318979, 0.000398555, 0.00042699015, 0.00044075854, 0.00047389336, 0.00052830175, 0.0006210755, 0.0006703975, 0, 0, 0, 0, 0
0, 0, 0, 0, 0, 0, 0, 0, 0, 0, 0, 0, 0, 0, 0, 0, 0, 0, 0, 0, 0, 0, 0, 0, 0, 0, 0, 0, 0, 0, 0, 0, 0, 0, 0, 0, 0, 0, 0, 0, 0, 0, 0, 0, 0, 0, 0, 0, 0, 0, 0, 0, 0, 0, 0, 0, 0, 0, 0, 0, 0, 0, 0, 0, 0, 0, 0, 0, 0, 0, 0, 0, 0, 0, 0, 0, 0, 0, 0, 0, 0, 0, 0, 0, 0, 0, 0, 0, 0, 0, 0, 0, 0, 0, 0, 0.00014290727, 0.00010922741, -1.9992203e-06, -0.00011341483, -0.00016255553, -0.00025375935, -0.00034709633, -0.00044992034, -0.00050462555, -0.0006138778, -0.0007137236, -0.0007570114, -0.00082767004, -0.000877158, -0.00090979773, -0.00092194416, -0.00094331807, -0.0009667257, -0.0009804419, -0.0010123998, -0.0010451669, -0.0010588333, -0.0010743913, -0.0010677603, -0.0010369068, -0.0010133295, -0.00095386594, -0.0008851508, -0.00085050694, -0.00078588084, -0.000731497, -0.0006869524, -0.00066674483, -0.0006255758, -0.0005769053, -0.00054778304, -0.00047891092, -0.00039650587, -0.00035123443, -0.00025649508, -0.00016132533, -7.176976e-05, -3.0002959e-05, 4.7389225e-05, 0.00011999672, 0.00015649636, 0.00023474127, 0.00033043572, 0.00044935403, 0.00050060236, 0, 0, 0, 0, 0
0, 0, 0, 0, 0, 0, 0, 0, 0, 0, 0, 0, 0, 0, 0, 0, 0, 0, 0, 0, 0, 0, 0, 0, 0, 0, 0, 0, 0, 0, 0, 0, 0, 0, 0, 0, 0, 0, 0, 0, 0, 0, 0, 0, 0, 0, 0, 0, 0, 0, 0, 0, 0, 0, 0, 0, 0, 0, 0, 0, 0, 0, 0, 0, 0, 0, 0, 0, 0, 0, 0, 0, 0, 0, 0, 0, 0, 0, 0, 0, 0, 0, 0, 0, 0, 0, 0, 0, 0, 0, 0, 0, 0, 0, 0, -3.0738698e-05, -6.494437e-05, -0.00019418937, -0.000337241, -0.00040405197, -0.0005293591, -0.00065247953, -0.00078133866, -0.00084810436, -0.0009817887, -0.0011063815, -0.0011618463, -0.0012551277, -0.0013240381, -0.0013724203, -0.0013908237, -0.0014225788, -0.0014544276, -0.0014728747, -0.00151628, -0.001566977, -0.0015929091, -0.001637854, -0.0016649262, -0.0016658375, -0.0016555302, -0.0016147561, -0.0015513941, -0.0015140581, -0.0014337809, -0.0013514904, -0.0012730376, -0.001235553, -0.0011628373, -0.0010903354, -0.0010522121, -0.0009683895, -0.00087167596, -0.00081782567, -0.00070122356, -0.0005773426, -0.00045268686, -0.00039128264, -0.00027010814, -0.00014929648, -8.794958e-05, 3.926008e-05, 0.00017806205, 0.00032596325, 0.00038445104, 0, 0, 0, 0, 0
0, 0, 0, 0, 0, 0, 0, 0, 0, 0, 0, 0, 0, 0, 0, 0, 0, 0, 0, 0, 0, 0, 0, 0, 0, 0, 0, 0, 0, 0, 0, 0, 0, 0, 0, 0, 0, 0, 0, 0, 0, 0, 0, 0, 0, 0, 0, 0, 0, 0, 0, 0, 0, 0, 0, 0, 0, 0, 0, 0, 0, 0, 0, 0, 0, 0, 0, 0, 0, 0, 0, 0, 0, 0, 0, 0, 0, 0, 0, 0, 0, 0, 0, 0, 0, 0, 0, 0, 0, 0, 0, 0, 0, 0, 0, -0.00030142473, -0.00029792325, -0.00041707917, -0.0005873481, -0.00067233643, -0.0008332695, -0.0009839296, -0.001130632, -0.0012035297, -0.0013471572, -0.0014823627, -0.0015440173, -0.001651724, -0.0017361664, -0.0017996085, -0.0018251165, -0.0018683737, -0.0019076215, -0.0019279516, -0.0019729552, -0.002024196, -0.002051054, -0.0021018772, -0.0021411048, -0.0021608036, -0.002161664, -0.0021445293, -0.0021028023, -0.0020739825, -0.0020027664, -0.0019176234, -0.0018237401, -0.001774733, -0.0016745114, -0.0015723612, -0.001520269, -0.0014115279, -0.0012934619, -0.0012298573, -0.0010934673, -0.0009475469, -0.0007956148, -0.0007182973, -0.0005607671, -0.00039802885, -0.000314329, -0.00014266204, 3.240326e-05, 0.00020915855, 0.0003095047, 0, 0, 0, 0, 0
0, 0, 0, 0, 0, 0, 0, 0, 0, 0, 0, 0, 0, 0, 0, 0, 0, 0, 0, 0, 0, 0, 0, 0, 0, 0, 0, 0, 0, 0, 0, 0, 0, 0, 0, 0, 0, 0, 0, 0, 0, 0, 0, 0, 0, 0, 0, 0, 0, 0, 0, 0, 0, 0, 0, 0, 0, 0, 0, 0, 0, 0, 0, 0, 0, 0, 0, 0, 0, 0, 0, 0, 0, 0, 0, 0, 0, 0, 0, 0, 0, 0, 0, 0, 0, 0, 0, 0, 0, 0, 0, 0, 0, 0, 0, -0.00037527547, -0.000427029, -0.00060260494, -0.00081208977, -0.0009159861, -0.0011115489, -0.0012880068, -0.001449334, -0.0015262598, -0.0016746034, -0.0018149727, -0.0018811318, -0.002001898, -0.0021056107, -0.0021921417, -0.0022298335, -0.0022955649, -0.0023510095, -0.0023758614, -0.0024214694, -0.0024626981, -0.002481653, -0.002514373, -0.0025374661, -0.002548542, -0.0025489554, -0.002538567, -0.0025125358, -0.0024934176, -0.0024422833, -0.002373675, -0.0022876214, -0.0022383227, -0.0021284192, -0.0020061054, -0.0019412652, -0.0018056617, -0.0016622586, -0.0015873896, -0.0014308785, -0.0012659316, -0.0010935069, -0.0010044186, -0.00081999984, -0.0006264404, -0.00052667834, -0.0003255803, -0.00013768485, -1.4639091e-05, 0, 0, 0, 0, 0, 0
0, 0, 0, 0, 0, 0, 0, 0, 0, 0, 0, 0, 0, 0, 0, 0, 0, 0, 0, 0, 0, 0, 0, 0, 0, 0, 0, 0, 0, 0, 0, 0, 0, 0, 0, 0, 0, 0, 0, 0, 0, 0, 0, 0, 0, 0, 0, 0, 0, 0, 0, 0, 0, 0, 0, 0, 0, 0, 0, 0, 0, 0, 0, 0, 0, 0, 0, 0, 0, 0, 0, 0, 0, 0, 0, 0, 0, 0, 0, 0, 0, 0, 0, 0, 0, 0, 0, 0, 0, 0, 0, 0, 0, 0, -0.0005570624, -0.000489723, -0.00054730184, -0.0007492186, -0.0009861736, -0.0011035025, -0.001324289, -0.0015221533, -0.0016992188, -0.0017816356, -0.0019381784, -0.0020865083, -0.0021575978, -0.0022935981, -0.0024204284, -0.002537652, -0.002592031, -0.002690806, -0.0027736535, -0.002808279, -0.0028634334, -0.0028995578, -0.0029107842, -0.0029202946, -0.0029157149, -0.0029011439, -0.0028912448, -0.002867143, -0.0028373601, -0.002819641, -0.0027768237, -0.0027210754, -0.0026477461, -0.0026031837, -0.0024965762, -0.0023676592, -0.002296188, -0.0021431493, -0.0019800668, -0.0018956462, -0.0017207513, -0.0015375287, -0.0013456552, -0.001245879, -0.0010382335, -0.00081997894, -0.000708722, -0.0004926425, -0.00031852323, -0.0002465492, 0, 0, 0, 0, 0, 0
0, 0, 0, 0, 0, 0, 0, 0, 0, 0, 0, 0, 0, 0, 0, 0, 0, 0, 0, 0, 0, 0, 0, 0, 0, 0, 0, 0, 0, 0, 0, 0, 0, 0, 0, 0, 0, 0, 0, 0, 0, 0, 0, 0, 0, 0, 0, 0, 0, 0, 0, 0, 0, 0, 0, 0, 0, 0, 0, 0, 0, 0, 0, 0, 0, 0, 0, 0, 0, 0, 0, 0, 0, 0, 0, 0, 0, 0, 0, 0, 0, 0, 0, 0, 0, 0, 0, 0, 0, 0, 0, 0, 0, 0, -0.0005266063, -0.0005860878, -0.0006685472, -0.0008909763, -0.0011363988, -0.0012575092, -0.0014877295, -0.0016987595, -0.0018911852, -0.0019814274, -0.0021523247, -0.0023128293, -0.0023898056, -0.0025393325, -0.002684634, -0.0028260928, -0.0028943988, -0.0030220663, -0.0031322653, -0.0031787348, -0.0032519614, -0.0032966877, -0.0033081628, -0.0033102455, -0.0032897945, -0.0032552797, -0.0032348821, -0.0031912692, -0.0031448684, -0.0031202661, -0.0030669721, -0.0030054424, -0.0029305716, -0.0028862117, -0.0027799457, -0.002649146, -0.0025755896, -0.0024158147, -0.002243808, -0.002154309, -0.0019677721, -0.0017697895, -0.0015590339, -0.0014482945, -0.0012156406, -0.0009692978, -0.00084353297, -0.0006048655, -0.00044451206, -0.00047256835, 0, 0, 0, 0, 0, 0
0, 0, 0, 0, 0, 0, 0, 0, 0, 0, 0, 0, 0, 0, 0, 0, 0, 0, 0, 0, 0, 0, 0, 0, 0, 0, 0, 0, 0, 0, 0, 0, 0, 0, 0, 0, 0, 0, 0, 0, 0, 0, 0, 0, 0, 0, 0, 0, 0, 0, 0, 0, 0, 0, 0, 0, 0, 0, 0, 0, 0, 0, 0, 0, 0, 0, 0, 0, 0, 0, 0, 0, 0, 0, 0, 0, 0, 0, 0, 0, 0, 0, 0, 0, 0, 0, 0, 0, 0, 0, 0, 0, 0, 0, -0.00078786677, -0.00077654293, -0.0008560946, -0.0010755404, -0.0013139535, -0.0014312732, -0.0016582869, -0.0018737813, -0.002078437, -0.002176528, -0.0023634986, -0.002536532, -0.0026180735, -0.0027734656, -0.002922144, -0.0030664534, -0.0031366695, -0.0032700968, -0.00338954, -0.0034422132, -0.0035309964, -0.003593896, -0.0036141118, -0.0036307347, -0.0036176739, -0.0035824408, -0.0035592387, -0.003505504, -0.003444567, -0.0034116735, -0.0033401342, -0.0032604372, -0.0031699229, -0.0031189716, -0.003002218, -0.002864261, -0.0027878617, -0.0026237327, -0.0024485681, -0.0023573516, -0.0021658426, -0.0019599474, -0.0017364414, -0.0016175987, -0.0013641436, -0.0010900653, -0.0009474249, -0.0006688694, -0.00045944157, 0, 0, 0, 0, 0, 0, 0
0, 0, 0, 0, 0, 0, 0, 0, 0, 0, 0, 0, 0, 0, 0, 0, 0, 0, 0, 0, 0, 0, 0, 0, 0, 0, 0, 0, 0, 0, 0, 0, 0, 0, 0, 0, 0, 0, 0, 0, 0, 0, 0, 0, 0, 0, 0, 0, 0, 0, 0, 0, 0, 0, 0, 0, 0, 0, 0, 0, 0, 0, 0, 0, 0, 0, 0, 0, 0, 0, 0, 0, 0, 0, 0, 0, 0, 0, 0, 0, 0, 0, 0, 0, 0, 0, 0, 0, 0, 0, 0, 0, 0, 0, -0.0008707056, -0.0009768674, -0.001074487, -0.0013025098, -0.0015365807, -0.0016510249, -0.0018738471, -0.0020908616, -0.0023031295, -0.002406747, -0.0026051917, -0.002787014, -0.0028704004, -0.0030231744, -0.003160243, -0.0032855077, -0.0033446734, -0.00345527, -0.0035567516, -0.0036041713, -0.0036921755, -0.003767707, -0.003798, -0.0038386548, -0.0038487485, -0.0038299381, -0.0038116, -0.0037611634, -0.0036954454, -0.0036574185, -0.003571864, -0.003474537, -0.0033660005, -0.003306786, -0.0031755494, -0.0030257532, -0.002944515, -0.0027722942, -0.0025914602, -0.0024982372, -0.0023039624, -0.0020958332, -0.0018694871, -0.0017484506, -0.0014888891, -0.0012051801, -0.0010570968, -0.0007706888, -0.0005709418, 0, 0, 0, 0, 0, 0, 0
0, 0, 0, 0, 0, 0, 0, 0, 0, 0, 0, 0, 0, 0, 0, 0, 0, 0, 0, 0, 0, 0, 0, 0, 0, 0, 0, 0, 0, 0, 0, 0, 0, 0, 0, 0, 0, 0, 0, 0, 0, 0, 0, 0, 0, 0, 0, 0, 0, 0, 0, 0, 0, 0, 0, 0, 0, 0, 0, 0, 0, 0, 0, 0, 0, 0, 0, 0, 0, 0, 0, 0, 0, 0, 0, 0, 0, 0, 0, 0, 0, 0, 0, 0, 0, 0, 0, 0, 0, 0, 0, 0, 0, -0.0013495563, -0.0011015754, -0.0011904811, -0.0012911322, -0.0015252018, -0.0017642933, -0.0018812738, -0.002109342, -0.002331115, -0.0025478178, -0.002653769, -0.0028566297, -0.0030422478, -0.0031263155, -0.0032755756, -0.0034002261, -0.0035031105, -0.0035475504, -0.0036256155, -0.0036935844, -0.0037265262, -0.0037932477, -0.0038609758, -0.0038929253, -0.003945301, -0.003973958, -0.003973492, -0.0039626327, -0.003921919, -0.0038579423, -0.0038180319, -0.0037240812, -0.0036144133, -0.003492859, -0.003427657, -0.0032861542, -0.0031275144, -0.0030417836, -0.0028605887, -0.0026710432, -0.002573882, -0.0023746085, -0.002165063, -0.0019414782, -0.001823329, -0.0015718878, -0.0013002972, -0.0011613087, -0.00090972794, -0.00078213593, 0, 0, 0, 0, 0, 0, 0
0, 0, 0, 0, 0, 0, 0, 0, 0, 0, 0, 0, 0, 0, 0, 0, 0, 0, 0, 0, 0, 0, 0, 0, 0, 0, 0, 0, 0, 0, 0, 0, 0, 0, 0, 0, 0, 0, 0, 0, 0, 0, 0, 0, 0, 0, 0, 0, 0, 0, 0, 0, 0, 0, 0, 0, 0, 0, 0, 0, 0, 0, 0, 0, 0, 0, 0, 0, 0, 0, 0, 0, 0, 0, 0, 0, 0, 0, 0, 0, 0, 0, 0, 0, 0, 0, 0, 0, 0, 0, 0, 0, -0.0010480365, -0.0010213874, -0.001096047, -0.0013143416, -0.00144816, -0.0017306962, -0.0020140987, -0.0021519607, -0.0024144305, -0.0026541555, -0.002869959, -0.0029701234, -0.003159385, -0.0033368669, -0.0034217623, -0.0035819393, -0.003725958, -0.0038497478, -0.0039027014, -0.0039884625, -0.0040458185, -0.0040648016, -0.0040875697, -0.004097491, -0.00409958, -0.0040995483, -0.0040919106, -0.004072821, -0.00405756, -0.0040125563, -0.0039444696, -0.0039013466, -0.003797296, -0.003673875, -0.0035373482, -0.0034653214, -0.003313109, -0.003146186, -0.0030561523, -0.002862888, -0.0026547792, -0.0025467384, -0.002324528, -0.0020966525, -0.0018640578, -0.0017457944, -0.0015054878, -0.0012639264, -0.0011497848, -0.0009776866, -0.0009503415, 0, 0, 0, 0, 0, 0, 0
0, 0, 0, 0, 0, 0, 0, 0, 0, 0, 0, 0, 0, 0, 0, 0, 0, 0, 0, 0, 0, 0, 0, 0, 0, 0, 0, 0, 0, 0, 0, 0, 0, 0, 0, 0, 0, 0, 0, 0, 0, 0, 0, 0, 0, 0, 0, 0, 0, 0, 0, 0, 0, 0, 0, 0, 0, 0, 0, 0, 0, 0, 0, 0, 0, 0, 0, 0, 0, 0, 0, 0, 0, 0, 0, 0, 0, 0, 0, 0, 0, 0, 0, 0, 0, 0, 0, 0, 0, 0, 0, 0, -0.00077740225, -0.0008080272, -0.0009976369, -0.0012822897, -0.0014362135, -0.0017472404, -0.0020525781, -0.0021997648, -0.0024764973, -0.002720712, -0.002929234, -0.003022095, -0.0031922618, -0.0033523932, -0.003431826, -0.0035912665, -0.0037499887, -0.003902676, -0.0039741164, -0.0040990864, -0.004190984, -0.0042219595, -0.004253617, -0.0042513064, -0.004240715, -0.0042078933, -0.004165197, -0.004115827, -0.0040882058, -0.0040246886, -0.0039458554, -0.0038995498, -0.0037916254, -0.0036646093, -0.0035223288, -0.003446608, -0.0032858883, -0.0031108789, -0.0030169967, -0.0028152184, -0.0025956556, -0.0024800976, -0.0022399174, -0.0019917893, -0.0017392517, -0.0016122541, -0.0013597877, -0.0011201991, -0.0010175238, -0.00091895537, -0.001143987, 0, 0, 0, 0, 0, 0, 0
0, 0, 0, 0, 0, 0, 0, 0, 0, 0, 0, 0, 0, 0, 0, 0, 0, 0, 0, 0, 0, 0, 0, 0, 0, 0, 0, 0, 0, 0, 0, 0, 0, 0, 0, 0, 0, 0, 0, 0, 0, 0, 0, 0, 0, 0, 0, 0, 0, 0, 0, 0, 0, 0, 0, 0, 0, 0, 0, 0, 0, 0, 0, 0, 0, 0, 0, 0, 0, 0, 0, 0, 0, 0, 0, 0, 0, 0, 0, 0, 0, 0, 0, 0, 0, 0, 0, 0, 0, 0, 0, 0, -0.00094096136, -0.00090870174, -0.0010545034, -0.001326115, -0.0014770613, -0.0017863732, -0.0020938339, -0.0022431999, -0.0025243084, -0.0027695873, -0.002972203, -0.0030586573, -0.0032106524, -0.003348914, -0.0034180442, -0.0035617955, -0.0037154737, -0.0038761005, -0.003955799, -0.0041044503, -0.0042233686, -0.0042668777, -0.0043175165, -0.0043225414, -0.0043113083, -0.004270004, -0.004213167, -0.004148108, -0.0041131047, -0.00403716, -0.0039498806, -0.0039007117, -0.0037888724, -0.0036570826, -0.0035063173, -0.003424866, -0.003251492, -0.0030650848, -0.0029666466, -0.0027572808, -0.0025296768, -0.0024089534, -0.0021544115, -0.0018858918, -0.0016088124, -0.0014690827, -0.001192365, -0.0009367501, -0.00083071156, -0.00071452017, 0, 0, 0, 0, 0, 0, 0, 0
0, 0, 0, 0, 0, 0, 0, 0, 0, 0, 0, 0, 0, 0, 0, 0, 0, 0, 0, 0, 0, 0, 0, 0, 0, 0, 0, 0, 0, 0, 0, 0, 0, 0, 0, 0, 0, 0, 0, 0, 0, 0, 0, 0, 0, 0, 0, 0, 0, 0, 0, 0, 0, 0, 0, 0, 0, 0, 0, 0, 0, 0, 0, 0, 0, 0, 0, 0, 0, 0, 0, 0, 0, 0, 0, 0, 0, 0, 0, 0, 0, 0, 0, 0, 0, 0, 0, 0, 0, 0, 0, -0.0012792756, -0.001039601, -0.001028528, -0.001169361, -0.0014143812, -0.0015515608, -0.0018372383, -0.002127677, -0.002271361, -0.002546359, -0.0027917891, -0.0029970342, -0.0030841955, -0.0032330146, -0.0033601313, -0.00342058, -0.0035432638, -0.003674384, -0.00381423, -0.003885284, -0.0040213843, -0.004134768, -0.00417821, -0.0042333817, -0.0042477483, -0.00424216, -0.004212611, -0.0041674143, -0.0041124853, -0.004081878, -0.004012867, -0.003930035, -0.0038819483, -0.00376859, -0.0036301739, -0.0034669724, -0.0033777524, -0.0031888373, -0.002991391, -0.0028903198, -0.0026811783, -0.002457912, -0.0023391652, -0.0020849416, -0.0018089599, -0.0015152736, -0.0013637926, -0.0010597162, -0.00078086596, -0.00067418546, -0.00063155184, 0, 0, 0, 0, 0, 0, 0, 0
0, 0, 0, 0, 0, 0, 0, 0, 0, 0, 0, 0, 0, 0, 0, 0, 0, 0, 0, 0, 0, 0, 0, 0, 0, 0, 0, 0, 0, 0, 0, 0, 0, 0, 0, 0, 0, 0, 0, 0, 0, 0, 0, 0, 0, 0, 0, 0, 0, 0, 0, 0, 0, 0, 0, 0, 0, 0, 0, 0, 0, 0, 0, 0, 0, 0, 0, 0, 0, 0, 0, 0, 0, 0, 0, 0, 0, 0, 0, 0, 0, 0, 0, 0, 0, 0, 0, 0, 0, 0, 0, -0.00085315865, -0.00090621464, -0.0009808769, -0.0011946318, -0.0014454783, -0.0015748518, -0.0018361369, -0.0020997361, -0.0022312345, -0.0024895398, -0.0027318888, -0.0029475053, -0.0030432667, -0.0032097439, -0.003347395, -0.0034084525, -0.0035220936, -0.0036313597, -0.0037395551, -0.0037927362, -0.0038918867, -0.003972886, -0.0040036435, -0.004042549, -0.004053361, -0.004050394, -0.0040328503, -0.004006256, -0.0039737634, -0.0039548962, -0.003908028, -0.0038424002, -0.0038001386, -0.0036919883, -0.0035501258, -0.0033765377, -0.0032806867, -0.0030794805, -0.0028754042, -0.0027745066, -0.0025738482, -0.0023679007, -0.0022592426, -0.0020244827, -0.0017617173, -0.0014703453, -0.0013152224, -0.0009930254, -0.00068104855, -0.0005497554, -0.00040748843, 0, 0, 0, 0, 0, 0, 0, 0
0, 0, 0, 0, 0, 0, 0, 0, 0, 0, 0, 0, 0, 0, 0, 0, 0, 0, 0, 0, 0, 0, 0, 0, 0, 0, 0, 0, 0, 0, 0, 0, 0, 0, 0, 0, 0, 0, 0, 0, 0, 0, 0, 0, 0, 0, 0, 0, 0, 0, 0, 0, 0, 0, 0, 0, 0, 0, 0, 0, 0, 0, 0, 0, 0, 0, 0, 0, 0, 0, 0, 0, 0, 0, 0, 0, 0, 0, 0, 0, 0, 0, 0, 0, 0, 0, 0, 0, 0, 0, 0, -0.00056619995, -0.0007151375, -0.0008335444, -0.0011014009, -0.0013675558, -0.001494363, -0.0017364412, -0.0019693049, -0.0020845088, -0.002314842, -0.0025445458, -0.002767455, -0.0028731872, -0.0030667689, -0.003231128, -0.0033023267, -0.0034257611, -0.0035294918, -0.003618873, -0.0036585077, -0.0037273425, -0.003778893, -0.0037974974, -0.0038192982, -0.0038217248, -0.0038171115, -0.0038003155, -0.003779015, -0.0037567636, -0.0037447952, -0.0037139049, -0.00366445, -0.0036290016, -0.0035317133, -0.0033956997, -0.0032243244, -0.0031285635, -0.002926364, -0.0027226286, -0.0026238794, -0.002433745, -0.0022474744, -0.0021518192, -0.0019466238, -0.0017131559, -0.0014458429, -0.0012993809, -0.0009874727, -0.0006798436, -0.0005508287, -0.00041841832, 0, 0, 0, 0, 0, 0, 0, 0
0, 0, 0, 0, 0, 0, 0, 0, 0, 0, 0, 0, 0, 0, 0, 0, 0, 0, 0, 0, 0, 0, 0, 0, 0, 0, 0, 0, 0, 0, 0, 0, 0, 0, 0, 0, 0, 0, 0, 0, 0, 0, 0, 0, 0, 0, 0, 0, 0, 0, 0, 0, 0, 0, 0, 0, 0, 0, 0, 0, 0, 0, 0, 0, 0, 0, 0, 0, 0, 0, 0, 0, 0, 0, 0, 0, 0, 0, 0, 0, 0, 0, 0, 0, 0, 0, 0, 0, 0, 0, 0, -0.0003177358, -0.0005220993, -0.0006545535, -0.0009339848, -0.0011990824, -0.0013210699, -0.0015439214, -0.0017463672, -0.0018436363, -0.0020388528, -0.0022427905, -0.00245701, -0.0025652896, -0.002774787, -0.0029624014, -0.0030448392, -0.003186734, -0.003300309, -0.0033911702, -0.00342915, -0.0034925733, -0.0035408407, -0.0035596914, -0.0035852252, -0.0035933221, -0.0035902641, -0.0035717366, -0.0035420887, -0.0035089632, -0.0034921146, -0.0034550151, -0.0034050841, -0.00337198, -0.003283922, -0.003163344, -0.003010918, -0.0029245834, -0.0027385207, -0.0025449223, -0.0024496582, -0.0022663616, -0.0020917302, -0.0020051268, -0.001824493, -0.0016227132, -0.0013902168, -0.001261351, -0.0009858063, -0.0007221075, -0.00062244746, -0.0005534629, 0, 0, 0, 0, 0, 0, 0, 0
0, 0, 0, 0, 0, 0, 0, 0, 0, 0, 0, 0, 0, 0, 0, 0, 0, 0, 0, 0, 0, 0, 0, 0, 0, 0, 0, 0, 0, 0, 0, 0, 0, 0, 0, 0, 0, 0, 0, 0, 0, 0, 0, 0, 0, 0, 0, 0, 0, 0, 0, 0, 0, 0, 0, 0, 0, 0, 0, 0, 0, 0, 0, 0, 0, 0, 0, 0, 0, 0, 0, 0, 0, 0, 0, 0, 0, 0, 0, 0, 0, 0, 0, 0, 0, 0, 0, 0, 0, 0, -1.05919125e-05, -0.00014923696, -0.0003577207, -0.00048054112, -0.00073537417, -0.0009780504, -0.0010903605, -0.0012936308, -0.0014719733, -0.0015548618, -0.0017172049, -0.0018882882, -0.0020759786, -0.0021749912, -0.002374203, -0.0025617618, -0.0026469228, -0.002797005, -0.0029211966, -0.003022942, -0.003066651, -0.0031432072, -0.0032085555, -0.003237776, -0.003287853, -0.0033193186, -0.0033253767, -0.003315492, -0.003279985, -0.0032292271, -0.0032011713, -0.003142345, -0.0030777706, -0.00304156, -0.0029583, -0.0028570055, -0.002734779, -0.0026650059, -0.0025086375, -0.00233538, -0.002245722, -0.0020677578, -0.0018964875, -0.0018129973, -0.0016445774, -0.0014645816, -0.001262945, -0.0011523799, -0.000919061, -0.0007117194, -0.00065562763, -0.00075112464, 0, 0, 0, 0, 0, 0, 0, 0
0, 0, 0, 0, 0, 0, 0, 0, 0, 0, 0, 0, 0, 0, 0, 0, 0, 0, 0, 0, 0, 0, 0, 0, 0, 0, 0, 0, 0, 0, 0, 0, 0, 0, 0, 0, 0, 0, 0, 0, 0, 0, 0, 0, 0, 0, 0, 0, 0, 0, 0, 0, 0, 0, 0, 0, 0, 0, 0, 0, 0, 0, 0, 0, 0, 0, 0, 0, 0, 0, 0, 0, 0, 0, 0, 0, 0, 0, 0, 0, 0, 0, 0, 0, 0, 0, 0, 0, 0, 0, 0.00010743077, -1.4721071e-05, -0.00019419406, -0.00029439307, -0.0005037449, -0.0007123201, -0.0008126146, -0.0010006925, -0.0011680786, -0.0012448389, -0.0013896497, -0.0015342135, -0.0016886175, -0.0017699497, -0.0019355979, -0.0020955615, -0.0021701597, -0.0023062157, -0.002425336, -0.0025295925, -0.0025771016, -0.0026646017, -0.0027461785, -0.0027852608, -0.002858486, -0.0029151472, -0.0029329362, -0.0029411232, -0.0029124424, -0.0028566553, -0.0028227177, -0.0027497208, -0.0026741794, -0.0026362368, -0.002559292, -0.0024790622, -0.002388712, -0.0023366744, -0.0022141365, -0.0020667324, -0.0019856538, -0.0018170516, -0.0016487151, -0.0015663386, -0.0014029441, -0.0012348648, -0.001054797, -0.0009595096, -0.0007643597, -0.0005982666, -0.0005497607, 0, 0, 0, 0, 0, 0, 0, 0, 0
0, 0, 0, 0, 0, 0, 0, 0, 0, 0, 0, 0, 0, 0, 0, 0, 0, 0, 0, 0, 0, 0, 0, 0, 0, 0, 0, 0, 0, 0, 0, 0, 0, 0, 0, 0, 0, 0, 0, 0, 0, 0, 0, 0, 0, 0, 0, 0, 0, 0, 0, 0, 0, 0, 0, 0, 0, 0, 0, 0, 0, 0, 0, 0, 0, 0, 0, 0, 0, 0, 0, 0, 0, 0, 0, 0, 0, 0, 0, 0, 0, 0, 0, 0, 0, 0, 0, 0, 0, 0, 0.0003448669, 0.00017556454, 3.2495987e-05, -4.137439e-05, -0.00020073139, -0.00037354935, -0.00046253836, -0.00064053317, -0.0008091627, -0.00088763214, -0.001032416, -0.0011663393, -0.0012966299, -0.0013617093, -0.001489496, -0.0016107728, -0.0016672935, -0.0017724156, -0.0018688394, -0.0019579045, -0.0020003647, -0.002081771, -0.0021615135, -0.002201253, -0.002279032, -0.002345453, -0.0023701645, -0.002393997, -0.0023813953, -0.002338523, -0.0023095622, -0.002244173, -0.0021763819, -0.002143553, -0.0020822778, -0.0020244548, -0.0019620801, -0.0019252253, -0.001832032, -0.0017100165, -0.0016395813, -0.0014869366, -0.0013293031, -0.0012509244, -0.0010959232, -0.00093996647, -0.00077924476, -0.0006977076, -0.00054489286, -0.00046801957, -0.00049917406, 0, 0, 0, 0, 0, 0, 0, 0, 0
0, 0, 0, 0, 0, 0, 0, 0, 0, 0, 0, 0, 0, 0, 0, 0, 0, 0, 0, 0, 0, 0, 0, 0, 0, 0, 0, 0, 0, 0, 0, 0, 0, 0, 0, 0, 0, 0, 0, 0, 0, 0, 0, 0, 0, 0, 0, 0, 0, 0, 0, 0, 0, 0, 0, 0, 0, 0, 0, 0, 0, 0, 0, 0, 0, 0, 0, 0, 0, 0, 0, 0, 0, 0, 0, 0, 0, 0, 0, 0, 0, 0, 0, 0, 0, 0, 0, 0, 0, 0.0009244468, 0.00061046204, 0.00045752487, 0.0003606285, 0.00031213876, 0.00019888791, 5.955822e-05, -1.8639003e-05, -0.00018490921, -0.00035293936, -0.00043330374, -0.0005821729, -0.0007139531, -0.00083258894, -0.0008882928, -0.0009930383, -0.0010883252, -0.0011320333, -0.0012119922, -0.00128384, -0.001349643, -0.0013806489, -0.0014403033, -0.001499036, -0.0015292392, -0.0015907502, -0.0016482555, -0.0016720697, -0.0017034748, -0.001708462, -0.0016891533, -0.0016727558, -0.0016319255, -0.001587089, -0.0015653556, -0.0015250907, -0.0014882596, -0.0014473287, -0.001421324, -0.0013511123, -0.0012526972, -0.001194065, -0.0010648113, -0.0009282118, -0.00085994176, -0.0007253456, -0.0005924157, -0.00045732668, -0.00038844228, -0.00026070463, -0.00022553827, -0.00030746526, 0, 0, 0, 0, 0, 0, 0, 0, 0
0, 0, 0, 0, 0, 0, 0, 0, 0, 0, 0, 0, 0, 0, 0, 0, 0, 0, 0, 0, 0, 0, 0, 0, 0, 0, 0, 0, 0, 0, 0, 0, 0, 0, 0, 0, 0, 0, 0, 0, 0, 0, 0, 0, 0, 0, 0, 0, 0, 0, 0, 0, 0, 0, 0, 0, 0, 0, 0, 0, 0, 0, 0, 0, 0, 0, 0, 0, 0, 0, 0, 0, 0, 0, 0, 0, 0, 0, 0, 0, 0, 0, 0, 0, 0, 0, 0, 0, 0, 0.0010500356, 0.00090332143, 0.00081508764, 0.00076323113, 0.0007348189, 0.0006586284, 0.000551992, 0.00048825733, 0.00034636137, 0.00019734309, 0.00012476962, -1.000041e-05, -0.00012777622, -0.00023191108, -0.00028093415, -0.0003753716, -0.00046569196, -0.0005087213, -0.0005881294, -0.000657004, -0.0007137044, -0.000737324, -0.00077699206, -0.0008097857, -0.0008257029, -0.0008593996, -0.00089589355, -0.00091379863, -0.00094493415, -0.00096543157, -0.0009724986, -0.0009709381, -0.00095939165, -0.0009397413, -0.0009285541, -0.000905053, -0.0008812264, -0.0008523456, -0.00083344505, -0.0007811318, -0.00070765126, -0.0006636524, -0.0005659895, -0.00046230952, -0.00041042283, -0.0003096646, -0.00021223542, -0.00011230013, -5.791426e-05, 6.1839346e-05, 0.0001551349, 0, 0, 0, 0, 0, 0, 0, 0, 0, 0
0, 0, 0, 0, 0, 0, 0, 0, 0, 0, 0, 0, 0, 0, 0, 0, 0, 0, 0, 0, 0, 0, 0, 0, 0, 0, 0, 0, 0, 0, 0, 0, 0, 0, 0, 0, 0, 0, 0, 0, 0, 0, 0, 0, 0, 0, 0, 0, 0, 0, 0, 0, 0, 0, 0, 0, 0, 0, 0, 0, 0, 0, 0, 0, 0, 0, 0, 0, 0, 0, 0, 0, 0, 0, 0, 0, 0, 0, 0, 0, 0, 0, 0, 0, 0, 0, 0, 0, 0.0019549024, 0.0016207471, 0.0012900425, 0.0011933899, 0.0011588751, 0.0011424018, 0.0010941626, 0.0010216777, 0.0009772, 0.00087759405, 0.00077300554, 0.00072243495, 0.0006308044, 0.0005529402, 0.00048338622, 0.0004481977, 0.00037093103, 0.00028201955, 0.0002340102, 0.00013670037, 4.6563182e-05, -2.6350028e-05, -5.4646935e-05, -9.383441e-05, -0.00011397097, -0.00011946433, -0.0001281748, -0.00014164974, -0.00015168669, -0.00017862476, -0.00021062935, -0.00024077957, -0.00025282305, -0.0002674901, -0.0002683359, -0.00026391752, -0.00024901715, -0.0002293925, -0.00020564075, -0.00019167757, -0.00015741111, -0.00011333447, -8.779938e-05, -3.1720465e-05, 2.8698416e-05, 5.9277172e-05, 0.000119435645, 0.00017737223, 0.0002413089, 0.00028168026, 0.00039214178, 0.0005125405, 0, 0, 0, 0, 0, 0, 0, 0, 0, 0
0, 0, 0, 0, 0, 0, 0, 0, 0, 0, 0, 0, 0, 0, 0, 0, 0, 0, 0, 0, 0, 0, 0, 0, 0, 0, 0, 0, 0, 0, 0, 0, 0, 0, 0, 0, 0, 0, 0, 0, 0, 0, 0, 0, 0, 0, 0, 0, 0, 0, 0, 0, 0, 0, 0, 0, 0, 0, 0, 0, 0, 0, 0, 0, 0, 0, 0, 0, 0, 0, 0, 0, 0, 0, 0, 0, 0, 0, 0, 0, 0, 0, 0, 0, 0, 0, 0, 0, 0.0022091568, 0.0019111278, 0.0015983025, 0.0015048434, 0.0014803315, 0.0014719354, 0.0014484059, 0.0014126558, 0.0013910786, 0.0013441159, 0.0012983867, 0.0012778783, 0.0012455621, 0.0012247346, 0.0012075276, 0.001195412, 0.0011558547, 0.0010881181, 0.0010438183, 0.00094086013, 0.0008326412, 0.0007362787, 0.00069667783, 0.00064040103, 0.00061337627, 0.0006090207, 0.0006095542, 0.00060906634, 0.0006043967, 0.00058204826, 0.0005435324, 0.00049770967, 0.0004758153, 0.0004414482, 0.00042494122, 0.00042364345, 0.00043183385, 0.0004473488, 0.00046309578, 0.00046976478, 0.00048002377, 0.00048712388, 0.0004901903, 0.0004973057, 0.00050805276, 0.00051513157, 0.0005332606, 0.00055726984, 0.00059787126, 0.0006330803, 0.0007592775, 0.0009309807, 0, 0, 0, 0, 0, 0, 0, 0, 0, 0
0, 0, 0, 0, 0, 0, 0, 0, 0, 0, 0, 0, 0, 0, 0, 0, 0, 0, 0, 0, 0, 0, 0, 0, 0, 0, 0, 0, 0, 0, 0, 0, 0, 0, 0, 0, 0, 0, 0, 0, 0, 0, 0, 0, 0, 0, 0, 0, 0, 0, 0, 0, 0, 0, 0, 0, 0, 0, 0, 0, 0, 0, 0, 0, 0, 0, 0, 0, 0, 0, 0, 0, 0, 0, 0, 0, 0, 0, 0, 0, 0, 0, 0, 0, 0, 0, 0, 0.0028902236, 0.0021924933, 0.0019706988, 0.0017683811, 0.0017289431, 0.0017374827, 0.0017443694, 0.0017540401, 0.0017585952, 0.0017601968, 0.00176406, 0.0017707233, 0.0017759826, 0.0017925003, 0.0018172199, 0.0018451975, 0.0018561635, 0.0018622517, 0.0018378567, 0.0018128451, 0.0017404677, 0.001649656, 0.0015566626, 0.0015145815, 0.0014476104, 0.0014078768, 0.0013977526, 0.0013901909, 0.0013861299, 0.0013808479, 0.001356819, 0.0013148744, 0.0012616045, 0.0012347026, 0.0011883471, 0.0011585421, 0.0011508164, 0.0011464754, 0.0011483526, 0.0011449512, 0.0011386977, 0.0011148509, 0.0010775615, 0.001055674, 0.0010102424, 0.00096869556, 0.000951295, 0.0009257442, 0.00091741316, 0.0009417611, 0.0009782737, 0.0011383981, 0.0014035504, 0, 0, 0, 0, 0, 0, 0, 0, 0, 0
0, 0, 0, 0, 0, 0, 0, 0, 0, 0, 0, 0, 0, 0, 0, 0, 0, 0, 0, 0, 0, 0, 0, 0, 0, 0, 0, 0, 0, 0, 0, 0, 0, 0, 0, 0, 0, 0, 0, 0, 0, 0, 0, 0, 0, 0, 0, 0, 0, 0, 0, 0, 0, 0, 0, 0, 0, 0, 0, 0, 0, 0, 0, 0, 0, 0, 0, 0, 0, 0, 0, 0, 0, 0, 0, 0, 0, 0, 0, 0, 0, 0, 0, 0, 0, 0, 0, 0.0021930188, 0.0019337084, 0.0018663931, 0.0018577274, 0.0019240322, 0.0019999675, 0.0020341584, 0.002094091, 0.0021459581, 0.002170431, 0.0022168981, 0.002259298, 0.0022789517, 0.002316953, 0.0023563502, 0.0023980697, 0.0024183784, 0.0024527973, 0.002471151, 0.0024721962, 0.0024570725, 0.0024215027, 0.0023722874, 0.0023458474, 0.0022960885, 0.002257686, 0.0022437226, 0.0022233566, 0.002204742, 0.0021932018, 0.0021603906, 0.002113649, 0.0020577933, 0.0020288867, 0.0019752171, 0.0019325501, 0.0019163394, 0.0018924337, 0.0018707706, 0.0018389209, 0.0018158432, 0.0017523406, 0.001668756, 0.0016220224, 0.0015252623, 0.0014324208, 0.001389628, 0.0013152373, 0.0012647333, 0.0012638428, 0.0012988341, 0.0014668549, 0, 0, 0, 0, 0, 0, 0, 0, 0, 0, 0
0, 0, 0, 0, 0, 0, 0, 0, 0, 0, 0, 0, 0, 0, 0, 0, 0, 0, 0, 0, 0, 0, 0, 0, 0, 0, 0, 0, 0, 0, 0, 0, 0, 0, 0, 0, 0, 0, 0, 0, 0, 0, 0, 0, 0, 0, 0, 0, 0, 0, 0, 0, 0, 0, 0, 0, 0, 0, 0, 0, 0, 0, 0, 0, 0, 0, 0, 0, 0, 0, 0, 0, 0, 0, 0, 0, 0, 0, 0, 0, 0, 0, 0, 0, 0, 0, 0, 0.0019127993, 0.0018427141, 0.0018663786, 0.001997859, 0.0021624183, 0.00231412, 0.0023818212, 0.0025026698, 0.0026088732, 0.002657496, 0.0027440086, 0.0028127653, 0.0028401578, 0.0028823712, 0.002914582, 0.0029446075, 0.0029607303, 0.0029958508, 0.0030342985, 0.0030536577, 0.0030892098, 0.003115048, 0.0031257044, 0.0031252115, 0.0031145175, 0.0030956632, 0.0030847245, 0.0030600308, 0.003029805, 0.0030114946, 0.0029679816, 0.002915678, 0.0028569982, 0.002826236, 0.0027647638, 0.0027065428, 0.0026796926, 0.0026304147, 0.0025811978, 0.002520181, 0.0024818983, 0.0023853967, 0.0022651397, 0.0021986298, 0.0020600848, 0.0019213264, 0.0018537573, 0.0017256531, 0.0016200016, 0.001579544, 0.0016136707, 0.0018922304, 0, 0, 0, 0, 0, 0, 0, 0, 0, 0, 0
0, 0, 0, 0, 0, 0, 0, 0, 0, 0, 0, 0, 0, 0, 0, 0, 0, 0, 0, 0, 0, 0, 0, 0, 0, 0, 0, 0, 0, 0, 0, 0, 0, 0, 0, 0, 0, 0, 0, 0, 0, 0, 0, 0, 0, 0, 0, 0, 0, 0, 0, 0, 0, 0, 0, 0, 0, 0, 0, 0, 0, 0, 0, 0, 0, 0, 0, 0, 0, 0, 0, 0, 0, 0, 0, 0, 0, 0, 0, 0, 0, 0, 0, 0, 0, 0, 0, 0.0024045468, 0.002077971, 0.0020858853, 0.0022422601, 0.0024539637, 0.0026583748, 0.0027534375, 0.0029293045, 0.003089127, 0.003162503, 0.0032929354, 0.0033950468, 0.0034341733, 0.0034910536, 0.0035260543, 0.003550285, 0.0035618995, 0.0035894872, 0.003628435, 0.0036529808, 0.0037100308, 0.0037689353, 0.0038178335, 0.0038358592, 0.003855277, 0.003855745, 0.0038498181, 0.0038282487, 0.0037948133, 0.0037740802, 0.0037254086, 0.0036698075, 0.0036077255, 0.0035743366, 0.0035020125, 0.0034239423, 0.003384215, 0.0033058077, 0.003227331, 0.0031419892, 0.0030933025, 0.0029789608, 0.0028410745, 0.0027646217, 0.0026015812, 0.0024299705, 0.002342218, 0.0021667066, 0.0020086982, 0.0019202557, 0.001928607, 0.002049171, 0, 0, 0, 0, 0, 0, 0, 0, 0, 0, 0
0, 0, 0, 0, 0, 0, 0, 0, 0, 0, 0, 0, 0, 0, 0, 0, 0, 0, 0, 0, 0, 0, 0, 0, 0, 0, 0, 0, 0, 0, 0, 0, 0, 0, 0, 0, 0, 0, 0, 0, 0, 0, 0, 0, 0, 0, 0, 0, 0, 0, 0, 0, 0, 0, 0, 0, 0, 0, 0, 0, 0, 0, 0, 0, 0, 0, 0, 0, 0, 0, 0, 0, 0, 0, 0, 0, 0, 0, 0, 0, 0, 0, 0, 0, 0, 0, 0.0034189527, 0.0025995502, 0.0023389396, 0.0023595989, 0.0025328577, 0.0027626515, 0.002990629, 0.0030993025, 0.0033079777, 0.0035064046, 0.0036010307, 0.003776126, 0.003924142, 0.0039857994, 0.004085407, 0.0041568913, 0.004207969, 0.0042286194, 0.004266749, 0.004307699, 0.004331625, 0.004386323, 0.004444389, 0.004494328, 0.004512749, 0.004533142, 0.004532577, 0.0045255916, 0.004501574, 0.004466455, 0.00444538, 0.004397482, 0.0043429933, 0.0042799585, 0.004243858, 0.004159935, 0.004061086, 0.0040074964, 0.0038969133, 0.0037860577, 0.0036748913, 0.003617135, 0.0034926422, 0.0033508118, 0.0032728096, 0.0031019922, 0.0029129393, 0.0028126426, 0.0026081393, 0.002431296, 0.0023765187, 0.002442898, 0.0027600909, 0, 0, 0, 0, 0, 0, 0, 0, 0, 0, 0
0, 0, 0, 0, 0, 0, 0, 0, 0, 0, 0, 0, 0, 0, 0, 0, 0, 0, 0, 0, 0, 0, 0, 0, 0, 0, 0, 0, 0, 0, 0, 0, 0, 0, 0, 0, 0, 0, 0, 0, 0, 0, 0, 0, 0, 0, 0, 0, 0, 0, 0, 0, 0, 0, 0, 0, 0, 0, 0, 0, 0, 0, 0, 0, 0, 0, 0, 0, 0, 0, 0, 0, 0, 0, 0, 0, 0, 0, 0, 0, 0, 0, 0, 0, 0, 0, 0.0027372593, 0.0025193975, 0.002532383, 0.00261466, 0.0028443267, 0.0030925088, 0.0033261545, 0.0034365582, 0.0036501095, 0.0038609386, 0.0039662803, 0.004172632, 0.0043667424, 0.004456561, 0.004618838, 0.004754913, 0.004863207, 0.004907359, 0.0049789357, 0.005035843, 0.0050615477, 0.005110425, 0.005154083, 0.0051853205, 0.005193871, 0.0051951455, 0.005177008, 0.005162335, 0.005125392, 0.00508167, 0.0050582634, 0.0050086975, 0.004954495, 0.0048903744, 0.0048519466, 0.0047584926, 0.0046409843, 0.004574264, 0.004430945, 0.0042819874, 0.00413446, 0.004061536, 0.003916029, 0.0037636636, 0.003682083, 0.003503561, 0.0033009301, 0.003191707, 0.002971387, 0.0028010244, 0.0028246467, 0.0029913906, 0.0037564076, 0, 0, 0, 0, 0, 0, 0, 0, 0, 0, 0
0, 0, 0, 0, 0, 0, 0, 0, 0, 0, 0, 0, 0, 0, 0, 0, 0, 0, 0, 0, 0, 0, 0, 0, 0, 0, 0, 0, 0, 0, 0, 0, 0, 0, 0, 0, 0, 0, 0, 0, 0, 0, 0, 0, 0, 0, 0, 0, 0, 0, 0, 0, 0, 0, 0, 0, 0, 0, 0, 0, 0, 0, 0, 0, 0, 0, 0, 0, 0, 0, 0, 0, 0, 0, 0, 0, 0, 0, 0, 0, 0, 0, 0, 0, 0, 0.0035962157, 0.0031306243, 0.0027579654, 0.0028551458, 0.0029740126, 0.0032487058, 0.003514617, 0.0037495245, 0.0038562482, 0.004058343, 0.004257633, 0.004359634, 0.0045707016, 0.0047887485, 0.00489822, 0.0051124976, 0.005310164, 0.0054777334, 0.0055476534, 0.0056596817, 0.0057399087, 0.0057713813, 0.005821328, 0.0058563547, 0.0058745104, 0.0058763255, 0.005864938, 0.0058354517, 0.005815073, 0.0057661314, 0.0057099257, 0.0056803543, 0.0056197545, 0.005555584, 0.0054814275, 0.005437647, 0.0053312033, 0.0051964032, 0.0051185307, 0.004945046, 0.0047565964, 0.0045630075, 0.004466633, 0.0042770864, 0.004087812, 0.0039901924, 0.0037803561, 0.003546126, 0.003421819, 0.003182496, 0.0030325186, 0.0031254112, 0.0032922556, 0, 0, 0, 0, 0, 0, 0, 0, 0, 0, 0, 0
0, 0, 0, 0, 0, 0, 0, 0, 0, 0, 0, 0, 0, 0, 0, 0, 0, 0, 0, 0, 0, 0, 0, 0, 0, 0, 0, 0, 0, 0, 0, 0, 0, 0, 0, 0, 0, 0, 0, 0, 0, 0, 0, 0, 0, 0, 0, 0, 0, 0, 0, 0, 0, 0, 0, 0, 0, 0, 0, 0, 0, 0, 0, 0, 0, 0, 0, 0, 0, 0, 0, 0, 0, 0, 0, 0, 0, 0, 0, 0, 0, 0, 0, 0, 0, 0.0040660943, 0.0035987177, 0.0032610141, 0.0033832118, 0.0035132612, 0.0038076919, 0.004089763, 0.004334899, 0.0044435295, 0.004640733, 0.004824458, 0.004916286, 0.0051076645, 0.005314721, 0.0054243673, 0.0056505585, 0.0058721695, 0.006069161, 0.0061532673, 0.006289781, 0.0063866056, 0.0064231204, 0.006477738, 0.0065128845, 0.0065315226, 0.0065349536, 0.0065302723, 0.0065092943, 0.006492166, 0.0064437906, 0.00637893, 0.0063417144, 0.0062611266, 0.0061728577, 0.0060730707, 0.0060165096, 0.0058864253, 0.005730144, 0.0056416267, 0.005444275, 0.005223469, 0.004986195, 0.004864005, 0.0046175113, 0.0043681767, 0.0042399606, 0.0039685587, 0.003672587, 0.0035183525, 0.003235363, 0.003114985, 0.0034591989, 0.0039119166, 0, 0, 0, 0, 0, 0, 0, 0, 0, 0, 0, 0
0, 0, 0, 0, 0, 0, 0, 0, 0, 0, 0, 0, 0, 0, 0, 0, 0, 0, 0, 0, 0, 0, 0, 0, 0, 0, 0, 0, 0, 0, 0, 0, 0, 0, 0, 0, 0, 0, 0, 0, 0, 0, 0, 0, 0, 0, 0, 0, 0, 0, 0, 0, 0, 0, 0, 0, 0, 0, 0, 0, 0, 0, 0, 0, 0, 0, 0, 0, 0, 0, 0, 0, 0, 0, 0, 0, 0, 0, 0, 0, 0, 0, 0, 0, 0.0055549834, 0.004278863, 0.00396002, 0.0038238596, 0.0040225014, 0.0041689486, 0.004484264, 0.00478785, 0.005059196, 0.005181095, 0.0053985133, 0.0055884304, 0.005676284, 0.0058477186, 0.006024229, 0.0061173197, 0.006313668, 0.0065116053, 0.0066935797, 0.0067731915, 0.0069057676, 0.007003137, 0.007040484, 0.0070966315, 0.007133644, 0.0071579367, 0.0071665016, 0.0071771964, 0.0071745533, 0.007165351, 0.0071253935, 0.0070549673, 0.0070096552, 0.0069031618, 0.006780048, 0.0066414485, 0.0065656765, 0.0064009866, 0.0062172147, 0.006117801, 0.0059022023, 0.005661506, 0.005395671, 0.005254593, 0.0049600736, 0.0046510883, 0.0044901697, 0.0041488106, 0.0037776348, 0.0035845863, 0.0032236758, 0.0030415417, 0.003388499, 0.0038434956, 0, 0, 0, 0, 0, 0, 0, 0, 0, 0, 0, 0
0, 0, 0, 0, 0, 0, 0, 0, 0, 0, 0, 0, 0, 0, 0, 0, 0, 0, 0, 0, 0, 0, 0, 0, 0, 0, 0, 0, 0, 0, 0, 0, 0, 0, 0, 0, 0, 0, 0, 0, 0, 0, 0, 0, 0, 0, 0, 0, 0, 0, 0, 0, 0, 0, 0, 0, 0, 0, 0, 0, 0, 0, 0, 0, 0, 0, 0, 0, 0, 0, 0, 0, 0, 0, 0, 0, 0, 0, 0, 0, 0, 0, 0, 0, 0.00451705, 0.00419447, 0.004164093, 0.0043436205, 0.0046638935, 0.004837252, 0.005179932, 0.005506036, 0.0058088787, 0.0059499564, 0.0062076394, 0.006430308, 0.0065286616, 0.0067050885, 0.0068652863, 0.0069435337, 0.0071006124, 0.0072537656, 0.0073938905, 0.007455795, 0.0075616105, 0.0076435283, 0.0076761255, 0.007726978, 0.007761604, 0.007786326, 0.007796709, 0.007813702, 0.00781859, 0.007812096, 0.0077713393, 0.007688844, 0.007632641, 0.0074961307, 0.0073341937, 0.0071535283, 0.007056983, 0.0068545914, 0.0066417432, 0.00653121, 0.0062993346, 0.006046598, 0.005766166, 0.0056151664, 0.0052932412, 0.004947387, 0.004765121, 0.004378912, 0.0039621093, 0.003747779, 0.0033479473, 0.0031086493, 0.0031610592, 0, 0, 0, 0, 0, 0, 0, 0, 0, 0, 0, 0, 0
0, 0, 0, 0, 0, 0, 0, 0, 0, 0, 0, 0, 0, 0, 0, 0, 0, 0, 0, 0, 0, 0, 0, 0, 0, 0, 0, 0, 0, 0, 0, 0, 0, 0, 0, 0, 0, 0, 0, 0, 0, 0, 0, 0, 0, 0, 0, 0, 0, 0, 0, 0, 0, 0, 0, 0, 0, 0, 0, 0, 0, 0, 0, 0, 0, 0, 0, 0, 0, 0, 0, 0, 0, 0, 0, 0, 0, 0, 0, 0, 0, 0, 0, 0, 0.005456477, 0.0046918076, 0.0046777036, 0.0049358443, 0.0053009484, 0.0054835663, 0.0058321627, 0.0061626, 0.006480239, 0.0066337036, 0.006924743, 0.007186168, 0.007302846, 0.007509239, 0.007684389, 0.0077636335, 0.007909291, 0.008038523, 0.008148501, 0.008195903, 0.008276381, 0.008340348, 0.008365956, 0.008405498, 0.008430118, 0.008444167, 0.008448634, 0.008452375, 0.008442661, 0.00842797, 0.008369296, 0.008264755, 0.008195695, 0.008029114, 0.007832886, 0.007615898, 0.007502016, 0.0072670556, 0.0070263683, 0.0069038053, 0.0066514052, 0.006381547, 0.0060850615, 0.005925843, 0.0055863927, 0.0052230307, 0.005032873, 0.004636344, 0.004224623, 0.0040244004, 0.003700948, 0.0036686503, 0.0040686806, 0, 0, 0, 0, 0, 0, 0, 0, 0, 0, 0, 0, 0
0, 0, 0, 0, 0, 0, 0, 0, 0, 0, 0, 0, 0, 0, 0, 0, 0, 0, 0, 0, 0, 0, 0, 0, 0, 0, 0, 0, 0, 0, 0, 0, 0, 0, 0, 0, 0, 0, 0, 0, 0, 0, 0, 0, 0, 0, 0, 0, 0, 0, 0, 0, 0, 0, 0, 0, 0, 0, 0, 0, 0, 0, 0, 0, 0, 0, 0, 0, 0, 0, 0, 0, 0, 0, 0, 0, 0, 0, 0, 0, 0, 0, 0, 0.010857038, 0.006701622, 0.0055425763, 0.0054534287, 0.0056331395, 0.0059568603, 0.006124032, 0.0064487807, 0.0067615765, 0.007069467, 0.0072217784, 0.007518757, 0.0077962684, 0.00792486, 0.008158307, 0.008361903, 0.008453629, 0.008618748, 0.008760178, 0.008877013, 0.008926653, 0.009009797, 0.009072403, 0.009095548, 0.009126097, 0.009135726, 0.009128487, 0.009119811, 0.009092811, 0.009049259, 0.009018178, 0.008930639, 0.008803404, 0.008724574, 0.008539272, 0.008322911, 0.008082768, 0.007956252, 0.007695386, 0.0074266493, 0.0072892723, 0.0070054643, 0.0067020818, 0.0063721538, 0.006196595, 0.0058268234, 0.0054381653, 0.0052390997, 0.004837362, 0.004450201, 0.004279822, 0.004080947, 0.0043520727, 0.005493926, 0, 0, 0, 0, 0, 0, 0, 0, 0, 0, 0, 0, 0
0, 0, 0, 0, 0, 0, 0, 0, 0, 0, 0, 0, 0, 0, 0, 0, 0, 0, 0, 0, 0, 0, 0, 0, 0, 0, 0, 0, 0, 0, 0, 0, 0, 0, 0, 0, 0, 0, 0, 0, 0, 0, 0, 0, 0, 0, 0, 0, 0, 0, 0, 0, 0, 0, 0, 0, 0, 0, 0, 0, 0, 0, 0, 0, 0, 0, 0, 0, 0, 0, 0, 0, 0, 0, 0, 0, 0, 0, 0, 0, 0, 0, 0, 0.00772039, 0.006467429, 0.0060372497, 0.006049513, 0.006272383, 0.0065814885, 0.006739587, 0.0070495713, 0.007351414, 0.007647164, 0.0077926237, 0.008075325, 0.008341789, 0.008467452, 0.008701481, 0.0089145815, 0.009013656, 0.009198209, 0.009364399, 0.009510735, 0.009575936, 0.0096884575, 0.009772223, 0.009801587, 0.009834045, 0.009832947, 0.00980321, 0.0097793415, 0.009716662, 0.009634216, 0.009585317, 0.009470132, 0.009329274, 0.009248212, 0.00906282, 0.008845173, 0.008597331, 0.008463837, 0.008182587, 0.0078850305, 0.0077299, 0.007404019, 0.007051976, 0.0066694804, 0.006466961, 0.006041626, 0.0055967155, 0.00537064, 0.0049270326, 0.0045335623, 0.004385374, 0.0042985734, 0.0046492536, 0, 0, 0, 0, 0, 0, 0, 0, 0, 0, 0, 0, 0, 0
0, 0, 0, 0, 0, 0, 0, 0, 0, 0, 0, 0, 0, 0, 0, 0, 0, 0, 0, 0, 0, 0, 0, 0, 0, 0, 0, 0, 0, 0, 0, 0, 0, 0, 0, 0, 0, 0, 0, 0, 0, 0, 0, 0, 0, 0, 0, 0, 0, 0, 0, 0, 0, 0, 0, 0, 0, 0, 0, 0, 0, 0, 0, 0, 0, 0, 0, 0, 0, 0, 0, 0, 0, 0, 0, 0, 0, 0, 0, 0, 0, 0, 0.00709244, 0.006239312, 0.0059565846, 0.0061326646, 0.00629964, 0.0066791316, 0.0070584984, 0.0072405008, 0.0075897146, 0.007922078, 0.008236056, 0.008385179, 0.00866395, 0.008915421, 0.009031186, 0.009245278, 0.009441843, 0.009534936, 0.0097136805, 0.00988399, 0.010046615, 0.010123692, 0.010263161, 0.010371323, 0.010409785, 0.010451939, 0.010448912, 0.010407498, 0.01037477, 0.010288666, 0.010180003, 0.010119174, 0.009986898, 0.009841893, 0.009763185, 0.009587471, 0.009379159, 0.009134161, 0.0089983335, 0.00870444, 0.008382712, 0.008211114, 0.007844203, 0.0074432297, 0.007006455, 0.0067743007, 0.006282933, 0.0057569146, 0.005484551, 0.0049423235, 0.0044736313, 0.0043204143, 0.0043994393, 0.005418263, 0, 0, 0, 0, 0, 0, 0, 0, 0, 0, 0, 0, 0, 0
0, 0, 0, 0, 0, 0, 0, 0, 0, 0, 0, 0, 0, 0, 0, 0, 0, 0, 0, 0, 0, 0, 0, 0, 0, 0, 0, 0, 0, 0, 0, 0, 0, 0, 0, 0, 0, 0, 0, 0, 0, 0, 0, 0, 0, 0, 0, 0, 0, 0, 0, 0, 0, 0, 0, 0, 0, 0, 0, 0, 0, 0, 0, 0, 0, 0, 0, 0, 0, 0, 0, 0, 0, 0, 0, 0, 0, 0, 0, 0, 0, 0.0068838457, 0.0062127043, 0.005430047, 0.0055054035, 0.0059697623, 0.006243058, 0.0067825597, 0.007281331, 0.0075151115, 0.007956022, 0.008364524, 0.008737237, 0.008907845, 0.009214551, 0.009475221, 0.009590059, 0.00979431, 0.009974007, 0.010057319, 0.010216615, 0.010369907, 0.010521697, 0.010595947, 0.010734246, 0.010844709, 0.010884369, 0.010928722, 0.010926856, 0.010886511, 0.010853986, 0.0107673695, 0.010656558, 0.010594105, 0.010459065, 0.010313383, 0.010235116, 0.010061386, 0.009854193, 0.009607908, 0.009470347, 0.009169244, 0.00883465, 0.008653512, 0.008263484, 0.007835011, 0.007368295, 0.007119577, 0.0065855687, 0.00599345, 0.005675361, 0.0050125117, 0.0043930574, 0.0041643134, 0.0041423417, 0.0051753954, 0, 0, 0, 0, 0, 0, 0, 0, 0, 0, 0, 0, 0, 0
0, 0, 0, 0, 0, 0, 0, 0, 0, 0, 0, 0, 0, 0, 0, 0, 0, 0, 0, 0, 0, 0, 0, 0, 0, 0, 0, 0, 0, 0, 0, 0, 0, 0, 0, 0, 0, 0, 0, 0, 0, 0, 0, 0, 0, 0, 0, 0, 0, 0, 0, 0, 0, 0, 0, 0, 0, 0, 0, 0, 0, 0, 0, 0, 0, 0, 0, 0, 0, 0, 0, 0, 0, 0, 0, 0, 0, 0, 0, 0, 0, 0.0047646277, 0.0046278886, 0.004609537, 0.0050323927, 0.005664547, 0.005998412, 0.006646534, 0.007248703, 0.007532421, 0.008068072, 0.008560217, 0.009003673, 0.009204966, 0.009563169, 0.009862673, 0.009992279, 0.010218998, 0.010411454, 0.0104983235, 0.01065824, 0.010804372, 0.010940907, 0.011005381, 0.011121775, 0.011210875, 0.011241567, 0.011272617, 0.011266002, 0.011229384, 0.011202085, 0.01113043, 0.011035914, 0.010980346, 0.010853281, 0.010705578, 0.010622933, 0.010433975, 0.010207435, 0.009943017, 0.009798489, 0.009487986, 0.0091496175, 0.00896864, 0.008580725, 0.008158243, 0.0077016144, 0.007458943, 0.0069344407, 0.006338548, 0.006008663, 0.005293517, 0.004574727, 0.0042720684, 0.0039676395, 0, 0, 0, 0, 0, 0, 0, 0, 0, 0, 0, 0, 0, 0, 0
0, 0, 0, 0, 0, 0, 0, 0, 0, 0, 0, 0, 0, 0, 0, 0, 0, 0, 0, 0, 0, 0, 0, 0, 0, 0, 0, 0, 0, 0, 0, 0, 0, 0, 0, 0, 0, 0, 0, 0, 0, 0, 0, 0, 0, 0, 0, 0, 0, 0, 0, 0, 0, 0, 0, 0, 0, 0, 0, 0, 0, 0, 0, 0, 0, 0, 0, 0, 0, 0, 0, 0, 0, 0, 0, 0, 0, 0, 0, 0, 0, 0.004174677, 0.003995853, 0.004172209, 0.0047391895, 0.0054288246, 0.0057783513, 0.0064560487, 0.0070935837, 0.0073970384, 0.007973457, 0.008506868, 0.008992291, 0.009215318, 0.009619523, 0.009966788, 0.010120416, 0.010392999, 0.01062916, 0.010736286, 0.010932522, 0.011104337, 0.01125173, 0.011315113, 0.011419376, 0.011488653, 0.011509026, 0.01152255, 0.011504742, 0.011466335, 0.011441689, 0.011382581, 0.011305655, 0.011257796, 0.011140732, 0.0109902965, 0.010900264, 0.010686978, 0.010427926, 0.010131159, 0.00997285, 0.009644174, 0.009302841, 0.009125941, 0.008757168, 0.008364291, 0.007946032, 0.0077259173, 0.0072541363, 0.0067227487, 0.0064294925, 0.0058004255, 0.0051989653, 0.0049775564, 0.0049033673, 0, 0, 0, 0, 0, 0, 0, 0, 0, 0, 0, 0, 0, 0, 0
0, 0, 0, 0, 0, 0, 0, 0, 0, 0, 0, 0, 0, 0, 0, 0, 0, 0, 0, 0, 0, 0, 0, 0, 0, 0, 0, 0, 0, 0, 0, 0, 0, 0, 0, 0, 0, 0, 0, 0, 0, 0, 0, 0, 0, 0, 0, 0, 0, 0, 0, 0, 0, 0, 0, 0, 0, 0, 0, 0, 0, 0, 0, 0, 0, 0, 0, 0, 0, 0, 0, 0, 0, 0, 0, 0, 0, 0, 0, 0, 0.0050814836, 0.004177369, 0.0040347623, 0.0042473953, 0.0047994466, 0.0054474324, 0.005772612, 0.006402298, 0.006997683, 0.0072827586, 0.0078269495, 0.008337157, 0.008813602, 0.009038563, 0.009459767, 0.00983887, 0.010011726, 0.010327693, 0.0106108, 0.010742529, 0.0109883975, 0.011206663, 0.011390043, 0.01146657, 0.01158582, 0.011659845, 0.011680223, 0.011690231, 0.011667055, 0.0116228135, 0.0115964, 0.01153726, 0.011464977, 0.011420554, 0.0113078635, 0.01115415, 0.011059034, 0.010828278, 0.010544186, 0.010218451, 0.010046288, 0.009695211, 0.009344285, 0.00916912, 0.008814197, 0.008446019, 0.008058089, 0.007854948, 0.0074270065, 0.0069668083, 0.0067282943, 0.006273822, 0.0059971833, 0.006026126, 0.006635162, 0, 0, 0, 0, 0, 0, 0, 0, 0, 0, 0, 0, 0, 0, 0
0, 0, 0, 0, 0, 0, 0, 0, 0, 0, 0, 0, 0, 0, 0, 0, 0, 0, 0, 0, 0, 0, 0, 0, 0, 0, 0, 0, 0, 0, 0, 0, 0, 0, 0, 0, 0, 0, 0, 0, 0, 0, 0, 0, 0, 0, 0, 0, 0, 0, 0, 0, 0, 0, 0, 0, 0, 0, 0, 0, 0, 0, 0, 0, 0, 0, 0, 0, 0, 0, 0, 0, 0, 0, 0, 0, 0, 0, 0, 0, 0.0051097316, 0.0044282414, 0.004377974, 0.0046392656, 0.0051400214, 0.005706864, 0.0059899087, 0.0065363105, 0.007050661, 0.007296711, 0.007768042, 0.008215915, 0.008646133, 0.008855838, 0.009263206, 0.009646723, 0.009826874, 0.010162122, 0.010468218, 0.010612327, 0.010886055, 0.011135747, 0.011350747, 0.011442415, 0.011589696, 0.011687969, 0.011719005, 0.011745804, 0.011731336, 0.011686564, 0.01165711, 0.011590497, 0.011512047, 0.011465586, 0.011349745, 0.0111930715, 0.011096619, 0.010863468, 0.010576719, 0.010244129, 0.010066173, 0.009700125, 0.009334385, 0.009153599, 0.008792156, 0.008419062, 0.008019789, 0.007807941, 0.007360497, 0.0068950956, 0.006670526, 0.006322849, 0.0063781287, 0.0067308173, 0.008507134, 0, 0, 0, 0, 0, 0, 0, 0, 0, 0, 0, 0, 0, 0, 0
0, 0, 0, 0, 0, 0, 0, 0, 0, 0, 0, 0, 0, 0, 0, 0, 0, 0, 0, 0, 0, 0, 0, 0, 0, 0, 0, 0, 0, 0, 0, 0, 0, 0, 0, 0, 0, 0, 0, 0, 0, 0, 0, 0, 0, 0, 0, 0, 0, 0, 0, 0, 0, 0, 0, 0, 0, 0, 0, 0, 0, 0, 0, 0, 0, 0, 0, 0, 0, 0, 0, 0, 0, 0, 0, 0, 0, 0, 0, 0.006109508, 0.005056135, 0.004717373, 0.0047630644, 0.0050814804, 0.0055390703, 0.0060314704, 0.0062755817, 0.0067472504, 0.0071936822, 0.007408189, 0.007820841, 0.008215982, 0.008600978, 0.008792068, 0.009171104, 0.009538459, 0.009713312, 0.010040046, 0.01033557, 0.01047404, 0.010736456, 0.010978102, 0.0111927455, 0.011286999, 0.011446577, 0.011565173, 0.01160804, 0.011658676, 0.011662441, 0.01162539, 0.011595906, 0.011523464, 0.01143626, 0.01138568, 0.0112633845, 0.011104109, 0.011008551, 0.010784091, 0.010513464, 0.010197241, 0.010024379, 0.00965797, 0.009278633, 0.009087597, 0.008700017, 0.008291661, 0.007842908, 0.0075989007, 0.0070715398, 0.006509312, 0.0062358542, 0.005820084, 0.005941726, 0.006422557, 0.008443364, 0, 0, 0, 0, 0, 0, 0, 0, 0, 0, 0, 0, 0, 0, 0
0, 0, 0, 0, 0, 0, 0, 0, 0, 0, 0, 0, 0, 0, 0, 0, 0, 0, 0, 0, 0, 0, 0, 0, 0, 0, 0, 0, 0, 0, 0, 0, 0, 0, 0, 0, 0, 0, 0, 0, 0, 0, 0, 0, 0, 0, 0, 0, 0, 0, 0, 0, 0, 0, 0, 0, 0, 0, 0, 0, 0, 0, 0, 0, 0, 0, 0, 0, 0, 0, 0, 0, 0, 0, 0, 0, 0, 0, 0.0062767384, 0.0056945896, 0.004971788, 0.0049240743, 0.0050425883, 0.005403665, 0.005827676, 0.0062620165, 0.0064766705, 0.006896857, 0.007306202, 0.0075069377, 0.007900411, 0.008280856, 0.008649864, 0.008831459, 0.009189831, 0.009534943, 0.009698179, 0.009998538, 0.0102612395, 0.010380033, 0.010599322, 0.010799092, 0.010979207, 0.011060957, 0.011206191, 0.011325005, 0.011373057, 0.011440224, 0.011461371, 0.011435215, 0.011407385, 0.011332009, 0.011237308, 0.011182435, 0.011053242, 0.010891554, 0.010797602, 0.010583785, 0.010334103, 0.010042473, 0.009879901, 0.009523121, 0.009135631, 0.008933921, 0.008515066, 0.008065141, 0.0075632543, 0.00728731, 0.00668252, 0.0060197623, 0.0056851776, 0.0051252074, 0.0051028663, 0.005550827, 0, 0, 0, 0, 0, 0, 0, 0, 0, 0, 0, 0, 0, 0, 0, 0
0, 0, 0, 0, 0, 0, 0, 0, 0, 0, 0, 0, 0, 0, 0, 0, 0, 0, 0, 0, 0, 0, 0, 0, 0, 0, 0, 0, 0, 0, 0, 0, 0, 0, 0, 0, 0, 0, 0, 0, 0, 0, 0, 0, 0, 0, 0, 0, 0, 0, 0, 0, 0, 0, 0, 0, 0, 0, 0, 0, 0, 0, 0, 0, 0, 0, 0, 0, 0, 0, 0, 0, 0, 0, 0, 0, 0, 0, 0.0057263826, 0.005219595, 0.004867894, 0.0050455634, 0.005216906, 0.005606013, 0.0060039638, 0.006392976, 0.0065844725, 0.006963972, 0.00734552, 0.0075378683, 0.007924353, 0.0083062695, 0.008676488, 0.008856168, 0.0092040915, 0.009531314, 0.009683312, 0.009956106, 0.010182717, 0.010280217, 0.010450827, 0.010598774, 0.010731877, 0.010793607, 0.010909593, 0.011014725, 0.011061376, 0.011134707, 0.011167665, 0.011151188, 0.011125228, 0.011046609, 0.010942644, 0.010882664, 0.010746092, 0.01058147, 0.010488604, 0.010281738, 0.010045534, 0.009771435, 0.009616704, 0.009269277, 0.008876961, 0.008667619, 0.008227163, 0.007751941, 0.0072266096, 0.0069411094, 0.0063218717, 0.005655468, 0.0053230147, 0.0047549545, 0.004540777, 0.004604671, 0, 0, 0, 0, 0, 0, 0, 0, 0, 0, 0, 0, 0, 0, 0, 0
0, 0, 0, 0, 0, 0, 0, 0, 0, 0, 0, 0, 0, 0, 0, 0, 0, 0, 0, 0, 0, 0, 0, 0, 0, 0, 0, 0, 0, 0, 0, 0, 0, 0, 0, 0, 0, 0, 0, 0, 0, 0, 0, 0, 0, 0, 0, 0, 0, 0, 0, 0, 0, 0, 0, 0, 0, 0, 0, 0, 0, 0, 0, 0, 0, 0, 0, 0, 0, 0, 0, 0, 0, 0, 0, 0, 0, 0, 0.0049129496, 0.00476659, 0.004835413, 0.0051873093, 0.0053946604, 0.005804115, 0.006185117, 0.006541702, 0.006713899, 0.007052728, 0.0073921666, 0.007564794, 0.00791579, 0.008268089, 0.0086133415, 0.008781239, 0.009105157, 0.009408618, 0.00954936, 0.009800985, 0.010006118, 0.010091459, 0.010233847, 0.010349209, 0.010448953, 0.010495199, 0.010584277, 0.010671305, 0.010712655, 0.010783575, 0.010822723, 0.010814136, 0.010790934, 0.010710443, 0.010596707, 0.010531068, 0.010384778, 0.010216995, 0.0101242205, 0.00992016, 0.009688685, 0.009421062, 0.009269954, 0.0089272335, 0.008534247, 0.008321999, 0.007873643, 0.0073946654, 0.006877969, 0.0066033164, 0.006026211, 0.005454715, 0.0052081994, 0.0049500237, 0.0052749775, 0.005606549, 0, 0, 0, 0, 0, 0, 0, 0, 0, 0, 0, 0, 0, 0, 0, 0
0, 0, 0, 0, 0, 0, 0, 0, 0, 0, 0, 0, 0, 0, 0, 0, 0, 0, 0, 0, 0, 0, 0, 0, 0, 0, 0, 0, 0, 0, 0, 0, 0, 0, 0, 0, 0, 0, 0, 0, 0, 0, 0, 0, 0, 0, 0, 0, 0, 0, 0, 0, 0, 0, 0, 0, 0, 0, 0, 0, 0, 0, 0, 0, 0, 0, 0, 0, 0, 0, 0, 0, 0, 0, 0, 0, 0, 0.008274204, 0.005495741, 0.005101588, 0.0050994083, 0.0054678665, 0.005680679, 0.006091089, 0.0064632595, 0.0068014576, 0.006960573, 0.00726255, 0.0075507355, 0.007692144, 0.007973204, 0.008251206, 0.008522612, 0.008655548, 0.008915994, 0.009168129, 0.009289309, 0.009515847, 0.009710815, 0.009795017, 0.00993709, 0.010051274, 0.010144912, 0.010185997, 0.010259933, 0.010326883, 0.010358259, 0.0104134055, 0.010447092, 0.010441974, 0.010421422, 0.0103439875, 0.010227051, 0.01015782, 0.010004222, 0.0098328665, 0.009740159, 0.009537875, 0.009308884, 0.009045125, 0.008897032, 0.008563087, 0.008178964, 0.007970875, 0.0075292615, 0.007060032, 0.0065620933, 0.006300679, 0.0057611335, 0.005265638, 0.005097203, 0.0052041705, 0.006465099, 0.007498057, 0, 0, 0, 0, 0, 0, 0, 0, 0, 0, 0, 0, 0, 0, 0, 0
0, 0, 0, 0, 0, 0, 0, 0, 0, 0, 0, 0, 0, 0, 0, 0, 0, 0, 0, 0, 0, 0, 0, 0, 0, 0, 0, 0, 0, 0, 0, 0, 0, 0, 0, 0, 0, 0, 0, 0, 0, 0, 0, 0, 0, 0, 0, 0, 0, 0, 0, 0, 0, 0, 0, 0, 0, 0, 0, 0, 0, 0, 0, 0, 0, 0, 0, 0, 0, 0, 0, 0, 0, 0, 0, 0, 0.008373842, 0.0068583447, 0.0056145126, 0.005390975, 0.0054558003, 0.0058127274, 0.0060187364, 0.006422303, 0.006791501, 0.0071237125, 0.0072765807, 0.0075571532, 0.0078069596, 0.007922341, 0.008136895, 0.008333874, 0.008515332, 0.008602024, 0.008772438, 0.008946111, 0.009035449, 0.009216369, 0.009391968, 0.009474593, 0.009623565, 0.00974994, 0.009852858, 0.009895091, 0.009960806, 0.010004689, 0.010020592, 0.010043021, 0.010051424, 0.010035387, 0.010014392, 0.009941235, 0.009828802, 0.009760755, 0.009606298, 0.009435381, 0.009343466, 0.009145426, 0.008922552, 0.008668921, 0.008528126, 0.008214993, 0.0078566065, 0.007661049, 0.0072423816, 0.006793223, 0.0063146586, 0.006062525, 0.005534138, 0.005028038, 0.004846087, 0.004936218, 0.006228361, 0, 0, 0, 0, 0, 0, 0, 0, 0, 0, 0, 0, 0, 0, 0, 0, 0
0, 0, 0, 0, 0, 0, 0, 0, 0, 0, 0, 0, 0, 0, 0, 0, 0, 0, 0, 0, 0, 0, 0, 0, 0, 0, 0, 0, 0, 0, 0, 0, 0, 0, 0, 0, 0, 0, 0, 0, 0, 0, 0, 0, 0, 0, 0, 0, 0, 0, 0, 0, 0, 0, 0, 0, 0, 0, 0, 0, 0, 0, 0, 0, 0, 0, 0, 0, 0, 0, 0, 0, 0, 0, 0, 0, 0.0060176686, 0.0055298638, 0.0053041265, 0.005342272, 0.00561925, 0.0060198284, 0.0062305024, 0.0066376263, 0.0070095747, 0.0073421844, 0.007493844, 0.0077681453, 0.008005778, 0.008112304, 0.008301143, 0.00846184, 0.008595682, 0.008654087, 0.008760859, 0.0088660875, 0.008922023, 0.009045146, 0.009179433, 0.009247968, 0.009379769, 0.0094975345, 0.009594009, 0.00963181, 0.009682662, 0.009699917, 0.009697549, 0.009678308, 0.009645914, 0.009601429, 0.009572558, 0.009495528, 0.009387502, 0.009322212, 0.009173108, 0.009005358, 0.008915581, 0.008723527, 0.008510671, 0.008272747, 0.00814304, 0.007859319, 0.0075381515, 0.007362195, 0.006980288, 0.006563474, 0.0061171222, 0.0058833244, 0.005397612, 0.004928641, 0.0047445786, 0.0046345014, 0, 0, 0, 0, 0, 0, 0, 0, 0, 0, 0, 0, 0, 0, 0, 0, 0, 0
0, 0, 0, 0, 0, 0, 0, 0, 0, 0, 0, 0, 0, 0, 0, 0, 0, 0, 0, 0, 0, 0, 0, 0, 0, 0, 0, 0, 0, 0, 0, 0, 0, 0, 0, 0, 0, 0, 0, 0, 0, 0, 0, 0, 0, 0, 0, 0, 0, 0, 0, 0, 0, 0, 0, 0, 0, 0, 0, 0, 0, 0, 0, 0, 0, 0, 0, 0, 0, 0, 0, 0, 0, 0, 0, 0.007977964, 0.0063134762, 0.0050413623, 0.004998556, 0.005143022, 0.005545807, 0.0059901355, 0.006209194, 0.006623399, 0.006996834, 0.007326936, 0.007476516, 0.007748009, 0.007987823, 0.008097937, 0.008300579, 0.008480069, 0.008632401, 0.008697897, 0.008807032, 0.00889551, 0.008936244, 0.009017136, 0.009101793, 0.0091449125, 0.0092275925, 0.009299637, 0.009355463, 0.009375493, 0.009395251, 0.009383318, 0.009365821, 0.009311536, 0.009240666, 0.009161267, 0.009118999, 0.009025609, 0.008913955, 0.008849377, 0.008702936, 0.008537139, 0.008447835, 0.008257866, 0.008051818, 0.007825998, 0.007705311, 0.0074450066, 0.007155765, 0.0069977227, 0.006652575, 0.0062714517, 0.0058669355, 0.005663888, 0.005287118, 0.005048265, 0.005050991, 0.0054757465, 0, 0, 0, 0, 0, 0, 0, 0, 0, 0, 0, 0, 0, 0, 0, 0, 0, 0
0, 0, 0, 0, 0, 0, 0, 0, 0, 0, 0, 0, 0, 0, 0, 0, 0, 0, 0, 0, 0, 0, 0, 0, 0, 0, 0, 0, 0, 0, 0, 0, 0, 0, 0, 0, 0, 0, 0, 0, 0, 0, 0, 0, 0, 0, 0, 0, 0, 0, 0, 0, 0, 0, 0, 0, 0, 0, 0, 0, 0, 0, 0, 0, 0, 0, 0, 0, 0, 0, 0, 0, 0, 0, 0.0045170356, 0.0041518104, 0.004061161, 0.004157388, 0.004493873, 0.0047034603, 0.0051472015, 0.0055917683, 0.005807834, 0.0062169908, 0.0065825772, 0.0068937847, 0.007029488, 0.0072688614, 0.007481767, 0.0075848224, 0.007793032, 0.008012516, 0.008240309, 0.00835303, 0.00856188, 0.0087287305, 0.008791197, 0.0088728145, 0.008903863, 0.008904714, 0.0088864565, 0.008851242, 0.008807483, 0.008784685, 0.00873934, 0.008692096, 0.008664881, 0.008596522, 0.008504006, 0.00838894, 0.008325216, 0.008189934, 0.008046065, 0.007970028, 0.007806643, 0.0076244324, 0.0075261765, 0.0073159575, 0.007089628, 0.0068472596, 0.0067196116, 0.0064510168, 0.0061638597, 0.00601215, 0.0056870235, 0.005323976, 0.00492705, 0.0047305394, 0.0044319397, 0.0045462856, 0.004929642, 0.0065319426, 0, 0, 0, 0, 0, 0, 0, 0, 0, 0, 0, 0, 0, 0, 0, 0, 0, 0
0, 0, 0, 0, 0, 0, 0, 0, 0, 0, 0, 0, 0, 0, 0, 0, 0, 0, 0, 0, 0, 0, 0, 0, 0, 0, 0, 0, 0, 0, 0, 0, 0, 0, 0, 0, 0, 0, 0, 0, 0, 0, 0, 0, 0, 0, 0, 0, 0, 0, 0, 0, 0, 0, 0, 0, 0, 0, 0, 0, 0, 0, 0, 0, 0, 0, 0, 0, 0, 0, 0, 0, 0, 0, 0.003868419, 0.0035725085, 0.0036019746, 0.0038867537, 0.004307691, 0.004532759, 0.0049859914, 0.00543345, 0.005652737, 0.006071746, 0.006447414, 0.0067634, 0.0068972367, 0.007124881, 0.0073148995, 0.007402738, 0.007577226, 0.007763175, 0.007966402, 0.008072161, 0.008278258, 0.008452418, 0.008519009, 0.008602329, 0.008623282, 0.008615731, 0.008579162, 0.008529177, 0.008477179, 0.008452743, 0.008408589, 0.008368084, 0.008345841, 0.008288736, 0.008202235, 0.008082119, 0.008010964, 0.007854662, 0.0076879365, 0.0076022074, 0.0074249553, 0.0072351703, 0.0071337824, 0.0069165532, 0.006679456, 0.00642192, 0.006285732, 0.0059984783, 0.0056952774, 0.005537883, 0.0052079805, 0.0048455372, 0.0044393186, 0.0042272657, 0.0038668609, 0.0038925882, 0.004246156, 0, 0, 0, 0, 0, 0, 0, 0, 0, 0, 0, 0, 0, 0, 0, 0, 0, 0, 0
0, 0, 0, 0, 0, 0, 0, 0, 0, 0, 0, 0, 0, 0, 0, 0, 0, 0, 0, 0, 0, 0, 0, 0, 0, 0, 0, 0, 0, 0, 0, 0, 0, 0, 0, 0, 0, 0, 0, 0, 0, 0, 0, 0, 0, 0, 0, 0, 0, 0, 0, 0, 0, 0, 0, 0, 0, 0, 0, 0, 0, 0, 0, 0, 0, 0, 0, 0, 0, 0, 0, 0, 0, 0.0038977424, 0.0033882963, 0.0032965597, 0.0033905855, 0.0037325085, 0.0041610086, 0.004384439, 0.0048329127, 0.0052821976, 0.005505506, 0.005939425, 0.0063359523, 0.0066723623, 0.006815019, 0.007051674, 0.007237146, 0.0073168213, 0.007462257, 0.0076044044, 0.0077566267, 0.007836957, 0.007999674, 0.008144005, 0.008200977, 0.008271943, 0.008285001, 0.008273958, 0.008233673, 0.00818643, 0.008145756, 0.008128634, 0.008100243, 0.008074175, 0.008057994, 0.008008512, 0.007922105, 0.0077910344, 0.0077102743, 0.0075275647, 0.007332949, 0.007235823, 0.0070453035, 0.0068561146, 0.006759093, 0.006553179, 0.006324971, 0.006069224, 0.005930413, 0.0056331316, 0.0053177644, 0.005155961, 0.0048276475, 0.0044891653, 0.0041319923, 0.003949915, 0.0036336572, 0.0035405965, 0.0036052044, 0, 0, 0, 0, 0, 0, 0, 0, 0, 0, 0, 0, 0, 0, 0, 0, 0, 0, 0
0, 0, 0, 0, 0, 0, 0, 0, 0, 0, 0, 0, 0, 0, 0, 0, 0, 0, 0, 0, 0, 0, 0, 0, 0, 0, 0, 0, 0, 0, 0, 0, 0, 0, 0, 0, 0, 0, 0, 0, 0, 0, 0, 0, 0, 0, 0, 0, 0, 0, 0, 0, 0, 0, 0, 0, 0, 0, 0, 0, 0, 0, 0, 0, 0, 0, 0, 0, 0, 0, 0, 0, 0, 0.0037158264, 0.0032303247, 0.0032422286, 0.0033553827, 0.0036820073, 0.004064859, 0.0042629465, 0.0046654665, 0.0050783083, 0.0052879043, 0.005707022, 0.006106796, 0.0064622834, 0.006617797, 0.006881026, 0.007087636, 0.0071728965, 0.00731753, 0.007440196, 0.0075563155, 0.007614784, 0.0077328305, 0.007842981, 0.0078884335, 0.007948933, 0.007963406, 0.007955151, 0.007919864, 0.007877353, 0.007842387, 0.007828798, 0.007807274, 0.0077841235, 0.007767566, 0.00771307, 0.007615877, 0.0074672946, 0.0073749926, 0.0071653053, 0.006942607, 0.006833717, 0.006629734, 0.006444966, 0.0063566035, 0.006176871, 0.0059775366, 0.0057430747, 0.0056105815, 0.0053169075, 0.004995643, 0.0048306314, 0.0045041265, 0.004200722, 0.0039470172, 0.003857363, 0.0038412674, 0.0042134007, 0.004499062, 0, 0, 0, 0, 0, 0, 0, 0, 0, 0, 0, 0, 0, 0, 0, 0, 0, 0, 0
0, 0, 0, 0, 0, 0, 0, 0, 0, 0, 0, 0, 0, 0, 0, 0, 0, 0, 0, 0, 0, 0, 0, 0, 0, 0, 0, 0, 0, 0, 0, 0, 0, 0, 0, 0, 0, 0, 0, 0, 0, 0, 0, 0, 0, 0, 0, 0, 0, 0, 0, 0, 0, 0, 0, 0, 0, 0, 0, 0, 0, 0, 0, 0, 0, 0, 0, 0, 0, 0, 0, 0.007160463, 0.0061400603, 0.003973542, 0.0033724518, 0.003381849, 0.0034807543, 0.0037504404, 0.0040542674, 0.004209507, 0.004523253, 0.004846804, 0.0050140438, 0.0053602415, 0.005712682, 0.0060511646, 0.0062085376, 0.0064908057, 0.0067260046, 0.006826412, 0.0069972496, 0.0071363184, 0.00725477, 0.007309573, 0.007413774, 0.0075099715, 0.007552236, 0.0076171295, 0.0076469583, 0.007648065, 0.0076276474, 0.0075898976, 0.007549356, 0.0075301547, 0.007494306, 0.007453924, 0.007428031, 0.0073543256, 0.007240385, 0.0070784297, 0.0069803055, 0.0067589916, 0.006522836, 0.006406953, 0.006192278, 0.006007052, 0.005923937, 0.0057649277, 0.005594701, 0.0053882054, 0.005266602, 0.0049864897, 0.004666404, 0.0044975453, 0.004160974, 0.0038621472, 0.0036775912, 0.0036748322, 0.004029066, 0.005206181, 0.006067955, 0, 0, 0, 0, 0, 0, 0, 0, 0, 0, 0, 0, 0, 0, 0, 0, 0, 0, 0
0, 0, 0, 0, 0, 0, 0, 0, 0, 0, 0, 0, 0, 0, 0, 0, 0, 0, 0, 0, 0, 0, 0, 0, 0, 0, 0, 0, 0, 0, 0, 0, 0, 0, 0, 0, 0, 0, 0, 0, 0, 0, 0, 0, 0, 0, 0, 0, 0, 0, 0, 0, 0, 0, 0, 0, 0, 0, 0, 0, 0, 0, 0, 0, 0, 0, 0, 0, 0, 0, 0, 0.004661753, 0.004381938, 0.0036968421, 0.0034734297, 0.0035584553, 0.0036531999, 0.0038779778, 0.004112465, 0.004227377, 0.0044498015, 0.004668215, 0.0047793416, 0.0050134184, 0.005267796, 0.005536654, 0.0056713647, 0.0059319627, 0.0061696884, 0.006278452, 0.006474613, 0.0066458303, 0.0067943884, 0.0068612113, 0.0069807973, 0.0070833955, 0.0071284384, 0.0072035044, 0.0072520617, 0.0072643417, 0.0072642514, 0.0072354944, 0.0071891, 0.007162535, 0.0071051954, 0.0070396643, 0.0070013185, 0.006906836, 0.0067826826, 0.006624256, 0.006532708, 0.0063301288, 0.006111134, 0.0060004154, 0.0057872836, 0.00559573, 0.0055084904, 0.005346317, 0.0051815603, 0.0049888603, 0.004876019, 0.0046134377, 0.004304643, 0.00413629, 0.0037855348, 0.0034524638, 0.0032382032, 0.0032406205, 0.0037026238, 0.0050049326, 0, 0, 0, 0, 0, 0, 0, 0, 0, 0, 0, 0, 0, 0, 0, 0, 0, 0, 0, 0
0, 0, 0, 0, 0, 0, 0, 0, 0, 0, 0, 0, 0, 0, 0, 0, 0, 0, 0, 0, 0, 0, 0, 0, 0, 0, 0, 0, 0, 0, 0, 0, 0, 0, 0, 0, 0, 0, 0, 0, 0, 0, 0, 0, 0, 0, 0, 0, 0, 0, 0, 0, 0, 0, 0, 0, 0, 0, 0, 0, 0, 0, 0, 0, 0, 0, 0, 0, 0, 0, 0.0052882107, 0.0040550143, 0.0036603461, 0.003379152, 0.003432047, 0.0036123553, 0.0037176092, 0.0039310353, 0.004133564, 0.004228401, 0.0044025932, 0.004556988, 0.0046297284, 0.0047729905, 0.0049279924, 0.0051027136, 0.005196636, 0.0053912834, 0.0055861515, 0.0056816544, 0.005868559, 0.006048466, 0.006216948, 0.006294209, 0.0064308057, 0.0065415674, 0.0065877973, 0.006663281, 0.006716795, 0.0067346008, 0.0067485264, 0.0067321532, 0.0066901986, 0.006662169, 0.0065970733, 0.006521047, 0.006477855, 0.006378975, 0.0062618563, 0.0061276127, 0.0060545662, 0.005897543, 0.005725091, 0.0056336503, 0.005442391, 0.0052485694, 0.0051534013, 0.004966973, 0.004779198, 0.0045757256, 0.0044638496, 0.0042146984, 0.0039299745, 0.0037739808, 0.003436195, 0.0030856717, 0.0028085106, 0.0027639228, 0.0031267721, 0, 0, 0, 0, 0, 0, 0, 0, 0, 0, 0, 0, 0, 0, 0, 0, 0, 0, 0, 0, 0
0, 0, 0, 0, 0, 0, 0, 0, 0, 0, 0, 0, 0, 0, 0, 0, 0, 0, 0, 0, 0, 0, 0, 0, 0, 0, 0, 0, 0, 0, 0, 0, 0, 0, 0, 0, 0, 0, 0, 0, 0, 0, 0, 0, 0, 0, 0, 0, 0, 0, 0, 0, 0, 0, 0, 0, 0, 0, 0, 0, 0, 0, 0, 0, 0, 0, 0, 0, 0, 0, 0.0038359454, 0.0033254505, 0.0031518887, 0.0030938415, 0.0032554814, 0.0034814712, 0.003595547, 0.0038100367, 0.004005911, 0.004097001, 0.004266321, 0.004415706, 0.004482311, 0.0046016243, 0.004712212, 0.0048253196, 0.004884587, 0.005008786, 0.0051367423, 0.005202017, 0.005336245, 0.0054772934, 0.005620254, 0.005689109, 0.005814236, 0.005915048, 0.005955518, 0.006018717, 0.006061921, 0.006076914, 0.006091772, 0.0060841744, 0.0060543884, 0.00603269, 0.0059801335, 0.0059165675, 0.005880906, 0.0058003454, 0.0057082446, 0.0056079463, 0.0055561266, 0.005447964, 0.005328575, 0.005262007, 0.005109406, 0.0049319593, 0.004835247, 0.004631175, 0.0044154967, 0.00418873, 0.0040710727, 0.0038271656, 0.0035715397, 0.003438389, 0.003158572, 0.0028685164, 0.002625881, 0.0025639003, 0.00261753, 0, 0, 0, 0, 0, 0, 0, 0, 0, 0, 0, 0, 0, 0, 0, 0, 0, 0, 0, 0, 0
0, 0, 0, 0, 0, 0, 0, 0, 0, 0, 0, 0, 0, 0, 0, 0, 0, 0, 0, 0, 0, 0, 0, 0, 0, 0, 0, 0, 0, 0, 0, 0, 0, 0, 0, 0, 0, 0, 0, 0, 0, 0, 0, 0, 0, 0, 0, 0, 0, 0, 0, 0, 0, 0, 0, 0, 0, 0, 0, 0, 0, 0, 0, 0, 0, 0, 0, 0, 0, 0.0031395839, 0.002871284, 0.002700447, 0.002682735, 0.0027767962, 0.002976699, 0.0032056372, 0.00331712, 0.0035234727, 0.003708153, 0.003794715, 0.003961869, 0.004122415, 0.0041988725, 0.0043410617, 0.004466742, 0.004577408, 0.004627926, 0.00472169, 0.0048040412, 0.0048415894, 0.0049128197, 0.0049848785, 0.005061708, 0.0051017352, 0.005180603, 0.005250532, 0.0052799294, 0.0053251702, 0.00535337, 0.005362212, 0.0053702956, 0.005366059, 0.005349721, 0.005337311, 0.005306622, 0.005268457, 0.0052467487, 0.005196082, 0.0051336754, 0.0050609037, 0.0050217467, 0.004939876, 0.004851724, 0.0048026657, 0.0046889726, 0.0045476346, 0.004465372, 0.004278789, 0.0040668044, 0.003836043, 0.0037166046, 0.0034764505, 0.003242699, 0.0031309319, 0.0029233228, 0.0027625933, 0.0027407226, 0.0028340803, 0.0032249761, 0, 0, 0, 0, 0, 0, 0, 0, 0, 0, 0, 0, 0, 0, 0, 0, 0, 0, 0, 0, 0
0, 0, 0, 0, 0, 0, 0, 0, 0, 0, 0, 0, 0, 0, 0, 0, 0, 0, 0, 0, 0, 0, 0, 0, 0, 0, 0, 0, 0, 0, 0, 0, 0, 0, 0, 0, 0, 0, 0, 0, 0, 0, 0, 0, 0, 0, 0, 0, 0, 0, 0, 0, 0, 0, 0, 0, 0, 0, 0, 0, 0, 0, 0, 0, 0, 0, 0, 0, 0.0027437215, 0.002568438, 0.0023166458, 0.0022843902, 0.002325434, 0.0024756242, 0.0026735333, 0.0028807935, 0.0029801878, 0.00316031, 0.0033131118, 0.0033817864, 0.0035128754, 0.0036485875, 0.0037203436, 0.0038688746, 0.0040163337, 0.004150867, 0.0042110356, 0.004313367, 0.0043891924, 0.004416642, 0.00445302, 0.0044723023, 0.0044866046, 0.004495839, 0.0045226244, 0.0045589325, 0.004577836, 0.0046107946, 0.004630981, 0.004636233, 0.004639065, 0.00463594, 0.004628961, 0.0046242974, 0.004612227, 0.004596229, 0.0045862477, 0.0045597283, 0.0045179343, 0.004457521, 0.00442034, 0.0043373476, 0.004249069, 0.0042045377, 0.00411311, 0.0040131113, 0.003956661, 0.0038259868, 0.0036664954, 0.003478297, 0.0033753384, 0.003158437, 0.0029408417, 0.0028385974, 0.002666123, 0.0025982142, 0.002813154, 0.0031312995, 0.004283557, 0, 0, 0, 0, 0, 0, 0, 0, 0, 0, 0, 0, 0, 0, 0, 0, 0, 0, 0, 0, 0
0, 0, 0, 0, 0, 0, 0, 0, 0, 0, 0, 0, 0, 0, 0, 0, 0, 0, 0, 0, 0, 0, 0, 0, 0, 0, 0, 0, 0, 0, 0, 0, 0, 0, 0, 0, 0, 0, 0, 0, 0, 0, 0, 0, 0, 0, 0, 0, 0, 0, 0, 0, 0, 0, 0, 0, 0, 0, 0, 0, 0, 0, 0, 0, 0, 0, 0, 0, 0.0022951919, 0.0021403788, 0.001991916, 0.002023692, 0.0020795092, 0.0022318943, 0.0024071764, 0.002583487, 0.0026663004, 0.0028114305, 0.0029204064, 0.0029616314, 0.0030274387, 0.0030909274, 0.0031291244, 0.0032262083, 0.003345891, 0.0034739117, 0.0035351417, 0.0036438142, 0.0037256663, 0.003754462, 0.0037870137, 0.0037918084, 0.0037828155, 0.0037788393, 0.0037825224, 0.0038052837, 0.0038220484, 0.0038568748, 0.003882165, 0.0038888655, 0.0038916746, 0.0038876182, 0.003882385, 0.003880122, 0.003875794, 0.0038708728, 0.0038675126, 0.0038551942, 0.003827603, 0.0037740723, 0.0037370485, 0.0036461416, 0.003545722, 0.0034970455, 0.0034101317, 0.0033392727, 0.0033076582, 0.0032442831, 0.0031677415, 0.0030637106, 0.0029984089, 0.002841078, 0.002655551, 0.0025585848, 0.0023834845, 0.002308358, 0.0025258118, 0.002853294, 0, 0, 0, 0, 0, 0, 0, 0, 0, 0, 0, 0, 0, 0, 0, 0, 0, 0, 0, 0, 0, 0
0, 0, 0, 0, 0, 0, 0, 0, 0, 0, 0, 0, 0, 0, 0, 0, 0, 0, 0, 0, 0, 0, 0, 0, 0, 0, 0, 0, 0, 0, 0, 0, 0, 0, 0, 0, 0, 0, 0, 0, 0, 0, 0, 0, 0, 0, 0, 0, 0, 0, 0, 0, 0, 0, 0, 0, 0, 0, 0, 0, 0, 0, 0, 0, 0, 0, 0, 0.0020441546, 0.0018414402, 0.0017687018, 0.001735181, 0.0018085918, 0.0018679836, 0.0020094174, 0.0021625573, 0.002313583, 0.0023839667, 0.0025031082, 0.002580494, 0.0026005802, 0.0026074455, 0.0025900349, 0.0025819787, 0.0025853987, 0.0026253888, 0.0026947819, 0.0027348525, 0.0028138247, 0.0028791036, 0.0029038833, 0.0029341218, 0.0029411435, 0.002935042, 0.0029323518, 0.0029386522, 0.0029672026, 0.00298886, 0.003037755, 0.0030782947, 0.0030910827, 0.0030994923, 0.00309176, 0.0030771324, 0.0030700264, 0.0030591425, 0.0030541832, 0.003054332, 0.0030558847, 0.003049771, 0.003021821, 0.002996056, 0.0029213254, 0.002826485, 0.0027778938, 0.0026913977, 0.002631843, 0.0026135703, 0.0025958542, 0.0025906318, 0.002575238, 0.002556452, 0.002484663, 0.0023609197, 0.0022841045, 0.0021283892, 0.0020532953, 0.002182599, 0.0022986608, 0, 0, 0, 0, 0, 0, 0, 0, 0, 0, 0, 0, 0, 0, 0, 0, 0, 0, 0, 0, 0, 0
0, 0, 0, 0, 0, 0, 0, 0, 0, 0, 0, 0, 0, 0, 0, 0, 0, 0, 0, 0, 0, 0, 0, 0, 0, 0, 0, 0, 0, 0, 0, 0, 0, 0, 0, 0, 0, 0, 0, 0, 0, 0, 0, 0, 0, 0, 0, 0, 0, 0, 0, 0, 0, 0, 0, 0, 0, 0, 0, 0, 0, 0, 0, 0, 0, 0, 0, 0.0015507275, 0.0014493554, 0.00143588, 0.0014735295, 0.0015625686, 0.001617507, 0.0017390142, 0.0018694613, 0.002001565, 0.0020647016, 0.002175414, 0.0022485196, 0.0022653758, 0.002255441, 0.0021973972, 0.0021586046, 0.002084485, 0.0020379745, 0.0020289083, 0.0020356216, 0.0020603393, 0.0020866236, 0.0020965314, 0.0021047355, 0.002097468, 0.0020813413, 0.0020740246, 0.0020718612, 0.002095193, 0.0021169367, 0.002172724, 0.0022269664, 0.0022471382, 0.0022651632, 0.0022538176, 0.002223084, 0.002205115, 0.0021743365, 0.0021599047, 0.0021615059, 0.0021808825, 0.0022124702, 0.0022369383, 0.0022402722, 0.0022209557, 0.0021683064, 0.0021335147, 0.0020610315, 0.0020034532, 0.0019857397, 0.0019782134, 0.0020027938, 0.0020409424, 0.002056111, 0.00206063, 0.002014517, 0.001973401, 0.0018888734, 0.0019228372, 0.0023240014, 0.0026747512, 0, 0, 0, 0, 0, 0, 0, 0, 0, 0, 0, 0, 0, 0, 0, 0, 0, 0, 0, 0, 0, 0
0, 0, 0, 0, 0, 0, 0, 0, 0, 0, 0, 0, 0, 0, 0, 0, 0, 0, 0, 0, 0, 0, 0, 0, 0, 0, 0, 0, 0, 0, 0, 0, 0, 0, 0, 0, 0, 0, 0, 0, 0, 0, 0, 0, 0, 0, 0, 0, 0, 0, 0, 0, 0, 0, 0, 0, 0, 0, 0, 0, 0, 0, 0, 0, 0, 0, 0.0016713007, 0.0012922044, 0.0011867753, 0.0011842374, 0.0012252098, 0.0012884159, 0.0013231275, 0.0013992811, 0.0014866214, 0.0015855638, 0.0016376148, 0.0017394713, 0.001821829, 0.0018490191, 0.0018644842, 0.0018232252, 0.0017849369, 0.0016917684, 0.0016031376, 0.0015430023, 0.0015248479, 0.0015065814, 0.0014980125, 0.0014919094, 0.0014689518, 0.001428225, 0.0013751353, 0.0013478645, 0.0013037222, 0.0012871836, 0.001292196, 0.001326008, 0.0013756977, 0.0013985626, 0.0014257528, 0.00141739, 0.0013767064, 0.0013495422, 0.0012966293, 0.001266799, 0.0012663027, 0.0012982975, 0.0013667722, 0.0014516567, 0.0014916697, 0.0015513477, 0.0015710429, 0.0015654953, 0.0015304284, 0.0014828397, 0.0014623693, 0.0014419361, 0.0014568925, 0.0015006784, 0.001527439, 0.0015732336, 0.0015904255, 0.0015869705, 0.0015832286, 0.0017015707, 0.0022047488, 0, 0, 0, 0, 0, 0, 0, 0, 0, 0, 0, 0, 0, 0, 0, 0, 0, 0, 0, 0, 0, 0, 0
0, 0, 0, 0, 0, 0, 0, 0, 0, 0, 0, 0, 0, 0, 0, 0, 0, 0, 0, 0, 0, 0, 0, 0, 0, 0, 0, 0, 0, 0, 0, 0, 0, 0, 0, 0, 0, 0, 0, 0, 0, 0, 0, 0, 0, 0, 0, 0, 0, 0, 0, 0, 0, 0, 0, 0, 0, 0, 0, 0, 0, 0, 0, 0, 0, 0.0016390601, 0.0013660712, 0.0011162902, 0.0010187287, 0.0010085051, 0.0010186174, 0.0010344055, 0.0010397045, 0.0010480477, 0.0010656337, 0.0011010251, 0.001126159, 0.0011901887, 0.0012609311, 0.0012931825, 0.001337592, 0.0013411945, 0.0013254988, 0.0012658748, 0.0011892653, 0.0011210933, 0.0010954555, 0.0010607182, 0.0010367114, 0.0010228828, 0.0009814409, 0.00091387064, 0.0008228641, 0.0007726011, 0.0006742441, 0.00059821294, 0.00057399465, 0.0005580661, 0.00057825574, 0.0005954151, 0.00062604656, 0.00063098356, 0.00060058193, 0.00057458715, 0.00051592535, 0.0004738841, 0.00046762248, 0.0004945079, 0.0005729893, 0.00068936625, 0.0007539846, 0.0008776108, 0.00097115117, 0.0010007734, 0.0010230421, 0.0010069207, 0.0009919445, 0.0009655683, 0.00096244464, 0.0009893798, 0.0010120191, 0.0010666157, 0.0011224003, 0.0011498395, 0.0012222296, 0.0013713762, 0, 0, 0, 0, 0, 0, 0, 0, 0, 0, 0, 0, 0, 0, 0, 0, 0, 0, 0, 0, 0, 0, 0, 0
0, 0, 0, 0, 0, 0, 0, 0, 0, 0, 0, 0, 0, 0, 0, 0, 0, 0, 0, 0, 0, 0, 0, 0, 0, 0, 0, 0, 0, 0, 0, 0, 0, 0, 0, 0, 0, 0, 0, 0, 0, 0, 0, 0, 0, 0, 0, 0, 0, 0, 0, 0, 0, 0, 0, 0, 0, 0, 0, 0, 0, 0, 0, 0, 0.0013001137, 0.0012430922, 0.0010584907, 0.0009076082, 0.00083631417, 0.0008245139, 0.0008202824, 0.00081174175, 0.0007992329, 0.0007598392, 0.0007115235, 0.000670813, 0.00065734796, 0.0006486862, 0.0006641567, 0.0006789135, 0.0007128745, 0.000736884, 0.00073960633, 0.000721262, 0.00067610294, 0.0006211582, 0.0005959372, 0.00055572303, 0.00052506046, 0.0005087641, 0.00046439603, 0.00039391711, 0.00029542416, 0.00023800996, 0.00011629386, 2.4507551e-06, -4.492621e-05, -0.00010975153, -0.00012963302, -0.0001252638, -0.00010010727, -7.605307e-05, -7.5560856e-05, -8.6401524e-05, -0.00012390057, -0.00016250863, -0.00017400642, -0.00016797328, -0.000114775525, -1.5249952e-05, 4.819859e-05, 0.00018798519, 0.00032215726, 0.00037852474, 0.00045808175, 0.00049369707, 0.0004987936, 0.00049947394, 0.0005064774, 0.0005336661, 0.0005557227, 0.00061410037, 0.0006912444, 0.00073958654, 0.0008838489, 0.0012018033, 0, 0, 0, 0, 0, 0, 0, 0, 0, 0, 0, 0, 0, 0, 0, 0, 0, 0, 0, 0, 0, 0, 0, 0
0, 0, 0, 0, 0, 0, 0, 0, 0, 0, 0, 0, 0, 0, 0, 0, 0, 0, 0, 0, 0, 0, 0, 0, 0, 0, 0, 0, 0, 0, 0, 0, 0, 0, 0, 0, 0, 0, 0, 0, 0, 0, 0, 0, 0, 0, 0, 0, 0, 0, 0, 0, 0, 0, 0, 0, 0, 0, 0, 0, 0, 0, 0, 0, 0.00073019176, 0.00073247205, 0.0006596573, 0.0005771265, 0.0005315452, 0.0005253051, 0.0005343655, 0.00054582703, 0.0005441924, 0.00051542796, 0.00045484566, 0.00037463542, 0.00033208, 0.00025177194, 0.00018811824, 0.00016528604, 0.0001383125, 0.00012876058, 0.00012582068, 0.00011208428, 7.897382e-05, 2.8557757e-05, 1.6998536e-08, -5.4711865e-05, -0.0001022402, -0.00012394435, -0.00017055783, -0.00022961923, -0.00030674323, -0.00035185766, -0.00045177064, -0.00055565353, -0.0006047064, -0.0006856623, -0.0007322625, -0.0007402438, -0.00072892156, -0.0006954646, -0.0006632277, -0.0006534934, -0.0006516027, -0.0006662462, -0.0006751193, -0.00068324344, -0.00066590466, -0.0006122576, -0.00057061604, -0.00046294968, -0.00033629633, -0.00027312216, -0.0001591146, -7.0414135e-05, -3.5145753e-05, 2.582313e-05, 8.701129e-05, 0.00015862263, 0.00019883097, 0.00028707396, 0.0003867853, 0.00044461814, 0.00058809336, 0.00074600166, 0, 0, 0, 0, 0, 0, 0, 0, 0, 0, 0, 0, 0, 0, 0, 0, 0, 0, 0, 0, 0, 0, 0, 0
0, 0, 0, 0, 0, 0, 0, 0, 0, 0, 0, 0, 0, 0, 0, 0, 0, 0, 0, 0, 0, 0, 0, 0, 0, 0, 0, 0, 0, 0, 0, 0, 0, 0, 0, 0, 0, 0, 0, 0, 0, 0, 0, 0, 0, 0, 0, 0, 0, 0, 0, 0, 0, 0, 0, 0, 0, 0, 0, 0, 0, 0, 0, -0.00014001165, 0.00015582932, 0.00019017166, 0.00017328901, 0.00012027064, 8.107754e-05, 7.569274e-05, 9.507524e-05, 0.0001405194, 0.00016327291, 0.00019188755, 0.00018240926, 0.00012957088, 8.9059016e-05, -1.1666954e-05, -0.0001246729, -0.00018010526, -0.00027790832, -0.00035130064, -0.00037948863, -0.00042794584, -0.000478511, -0.00054195715, -0.0005788363, -0.00065688504, -0.0007325617, -0.0007668618, -0.00082839356, -0.0008837253, -0.00093762367, -0.00096487766, -0.001021831, -0.001082473, -0.0011136442, -0.001173319, -0.0012206922, -0.0012359892, -0.0012445425, -0.001224392, -0.0011863663, -0.0011660766, -0.0011321846, -0.0011120526, -0.0011064964, -0.0010992144, -0.001088563, -0.001063552, -0.0010426331, -0.0009802489, -0.0008913551, -0.00083886785, -0.00072472723, -0.00060422847, -0.00054260064, -0.00041464312, -0.00027624404, -0.00012621665, -4.8889106e-05, 0.0001053044, 0.00025545456, 0.0003321856, 0.00050408026, 0.0007021396, 0, 0, 0, 0, 0, 0, 0, 0, 0, 0, 0, 0, 0, 0, 0, 0, 0, 0, 0, 0, 0, 0, 0, 0
0, 0, 0, 0, 0, 0, 0, 0, 0, 0, 0, 0, 0, 0, 0, 0, 0, 0, 0, 0, 0, 0, 0, 0, 0, 0, 0, 0, 0, 0, 0, 0, 0, 0, 0, 0, 0, 0, 0, 0, 0, 0, 0, 0, 0, 0, 0, 0, 0, 0, 0, 0, 0, 0, 0, 0, 0, 0, 0, 0, 0, 0, -0.00038026122, -0.00031563998, -0.000286791, -0.00029484314, -0.00033742134, -0.00039485414, -0.00044666245, -0.00046265227, -0.00046192712, -0.0004175426, -0.0003845196, -0.00031337954, -0.00026103962, -0.00024921584, -0.00026132108, -0.00032049147, -0.00041705533, -0.00047401275, -0.0005917573, -0.0006999276, -0.0007468565, -0.00082738133, -0.0008971818, -0.0009710832, -0.0010122538, -0.0011050899, -0.0012044624, -0.0012525383, -0.0013385752, -0.0014065828, -0.0014559313, -0.0014738297, -0.0015000786, -0.0015189482, -0.0015284314, -0.0015516672, -0.0015826211, -0.0015998293, -0.0016303071, -0.0016457487, -0.001638583, -0.0016265205, -0.0015902133, -0.001543908, -0.001518302, -0.0014665807, -0.0014163732, -0.0013700642, -0.0013476737, -0.0013003901, -0.0012410998, -0.0012040429, -0.0011116154, -0.0009912028, -0.00092027086, -0.00075600494, -0.00056290586, -0.00034522964, -0.00023083422, -1.9171957e-06, 0.00021666038, 0.0003226989, 0.00053991535, 0, 0, 0, 0, 0, 0, 0, 0, 0, 0, 0, 0, 0, 0, 0, 0, 0, 0, 0, 0, 0, 0, 0, 0, 0
0, 0, 0, 0, 0, 0, 0, 0, 0, 0, 0, 0, 0, 0, 0, 0, 0, 0, 0, 0, 0, 0, 0, 0, 0, 0, 0, 0, 0, 0, 0, 0, 0, 0, 0, 0, 0, 0, 0, 0, 0, 0, 0, 0, 0, 0, 0, 0, 0, 0, 0, 0, 0, 0, 0, 0, 0, 0, 0, 0, 0, -0.0007021434, -0.00059841044, -0.0005934193, -0.00069514505, -0.0007473849, -0.00083576917, -0.00090592186, -0.00096818106, -0.0009950445, -0.0010310895, -0.0010317132, -0.001017654, -0.0009668139, -0.00090492953, -0.0008565651, -0.0008431358, -0.00084378745, -0.0008795233, -0.0009080661, -0.0009785428, -0.001055429, -0.0010919704, -0.0011568571, -0.0012105253, -0.0012635153, -0.0012946387, -0.0013724979, -0.0014699169, -0.0015224913, -0.0016249125, -0.0017110172, -0.0017721059, -0.0017920897, -0.0018121615, -0.00181222, -0.0018084152, -0.0018037388, -0.001815993, -0.0018309703, -0.0018768086, -0.0019304048, -0.0019707542, -0.0019799136, -0.00197001, -0.0019213832, -0.0018833876, -0.0017874712, -0.0016772555, -0.001571253, -0.0015241087, -0.0014449229, -0.0013789025, -0.0013465169, -0.0012723169, -0.0011724635, -0.0011097754, -0.00095551787, -0.000761139, -0.0005297464, -0.000402877, -0.00013964775, 0.00011868776, 0.00024330924, 0.0005250346, 0, 0, 0, 0, 0, 0, 0, 0, 0, 0, 0, 0, 0, 0, 0, 0, 0, 0, 0, 0, 0, 0, 0, 0, 0
0, 0, 0, 0, 0, 0, 0, 0, 0, 0, 0, 0, 0, 0, 0, 0, 0, 0, 0, 0, 0, 0, 0, 0, 0, 0, 0, 0, 0, 0, 0, 0, 0, 0, 0, 0, 0, 0, 0, 0, 0, 0, 0, 0, 0, 0, 0, 0, 0, 0, 0, 0, 0, 0, 0, 0, 0, 0, 0, 0, -0.002001915, -0.0012707153, -0.0010672567, -0.0010246341, -0.0011556693, -0.0012261437, -0.0013372077, -0.0014069958, -0.0014584351, -0.0014850639, -0.0015421866, -0.0015947107, -0.00161401, -0.001631847, -0.0016231916, -0.0015994916, -0.0015870943, -0.0015652577, -0.0015524555, -0.0015491329, -0.0015497807, -0.0015563004, -0.001560236, -0.0015657786, -0.0015649694, -0.0015624705, -0.0015655387, -0.0015910646, -0.0016489361, -0.0016887605, -0.0017793907, -0.0018682139, -0.0019391758, -0.0019648154, -0.0019935595, -0.001994447, -0.0019875197, -0.0019693065, -0.0019628196, -0.0019699777, -0.0020092712, -0.0020738216, -0.0021413625, -0.0021668077, -0.0021877352, -0.0021578297, -0.0021226143, -0.0020146868, -0.0018702763, -0.0017132823, -0.0016380391, -0.0015058407, -0.0014018498, -0.0013585807, -0.0012790948, -0.0011933366, -0.0011433739, -0.0010212773, -0.0008656806, -0.00067327154, -0.0005646048, -0.00033370394, -0.00011497409, -2.6999394e-05, 0, 0, 0, 0, 0, 0, 0, 0, 0, 0, 0, 0, 0, 0, 0, 0, 0, 0, 0, 0, 0, 0, 0, 0, 0, 0
0, 0, 0, 0, 0, 0, 0, 0, 0, 0, 0, 0, 0, 0, 0, 0, 0, 0, 0, 0, 0, 0, 0, 0, 0, 0, 0, 0, 0, 0, 0, 0, 0, 0, 0, 0, 0, 0, 0, 0, 0, 0, 0, 0, 0, 0, 0, 0, 0, 0, 0, 0, 0, 0, 0, 0, 0, 0, 0, -0.0028766824, -0.002123794, -0.0016425865, -0.0015414241, -0.0015506565, -0.0016864019, -0.0017594291, -0.0018744081, -0.0019351679, -0.0019628776, -0.0019763247, -0.002019176, -0.0020893533, -0.002130538, -0.0022103358, -0.0022713076, -0.0023062953, -0.002313965, -0.0023125717, -0.002291183, -0.0022742227, -0.002232709, -0.0021877436, -0.002165369, -0.0021203682, -0.0020706945, -0.0020158056, -0.001988895, -0.0019474713, -0.0019365335, -0.0019448035, -0.0019848298, -0.002042667, -0.002100973, -0.0021258674, -0.002159904, -0.0021680442, -0.0021622344, -0.0021363357, -0.0021061474, -0.0020963703, -0.0020965228, -0.0021267945, -0.0021731555, -0.0021950093, -0.0022215573, -0.0022109838, -0.0021881426, -0.0021044782, -0.0019746423, -0.0018144168, -0.001730301, -0.0015698691, -0.0014318516, -0.0013724656, -0.0012684681, -0.001172159, -0.0011224261, -0.0010125822, -0.00088366773, -0.00073314336, -0.0006511147, -0.00048866967, -0.00036494236, -0.00032886112, 0, 0, 0, 0, 0, 0, 0, 0, 0, 0, 0, 0, 0, 0, 0, 0, 0, 0, 0, 0, 0, 0, 0, 0, 0, 0
0, 0, 0, 0, 0, 0, 0, 0, 0, 0, 0, 0, 0, 0, 0, 0, 0, 0, 0, 0, 0, 0, 0, 0, 0, 0, 0, 0, 0, 0, 0, 0, 0, 0, 0, 0, 0, 0, 0, 0, 0, 0, 0, 0, 0, 0, 0, 0, 0, 0, 0, 0, 0, 0, 0, 0, 0, 0, 0, -0.0019015245, -0.0018568418, -0.0018423835, -0.0018794788, -0.0020221097, -0.0022048787, -0.0022925602, -0.0024319144, -0.002506657, -0.0025276546, -0.0025289846, -0.002539396, -0.0025826113, -0.002618747, -0.0027103557, -0.002805739, -0.0028821537, -0.0029087735, -0.0029345064, -0.0029222937, -0.002903968, -0.0028526925, -0.0027940832, -0.0027661305, -0.002715608, -0.0026664885, -0.0026074124, -0.0025724042, -0.0024954767, -0.0024233342, -0.002394163, -0.0023569053, -0.0023462507, -0.00235648, -0.0023661314, -0.0023863632, -0.0023942946, -0.0023893635, -0.002357959, -0.0023028909, -0.002271334, -0.0022118795, -0.0021712545, -0.0021536567, -0.0021501377, -0.0021463812, -0.0021336689, -0.0021195346, -0.002069033, -0.0019826207, -0.0018627944, -0.0017941598, -0.0016519392, -0.0015139492, -0.0014487541, -0.0013245494, -0.001200912, -0.0011360977, -0.0009970464, -0.00084489037, -0.00068672944, -0.00061083905, -0.0004935684, -0.00048723278, -0.00053469586, 0, 0, 0, 0, 0, 0, 0, 0, 0, 0, 0, 0, 0, 0, 0, 0, 0, 0, 0, 0, 0, 0, 0, 0, 0, 0
0, 0, 0, 0, 0, 0, 0, 0, 0, 0, 0, 0, 0, 0, 0, 0, 0, 0, 0, 0, 0, 0, 0, 0, 0, 0, 0, 0, 0, 0, 0, 0, 0, 0, 0, 0, 0, 0, 0, 0, 0, 0, 0, 0, 0, 0, 0, 0, 0, 0, 0, 0, 0, 0, 0, 0, 0, 0, -0.0009115372, -0.001208349, -0.0015118935, -0.001819949, -0.001973416, -0.0022734108, -0.002554544, -0.00268247, -0.0028978197, -0.003042261, -0.0031102519, -0.003120722, -0.0031199905, -0.003124585, -0.0031386726, -0.0031953002, -0.0032761216, -0.0033542258, -0.0033839531, -0.0034133352, -0.0033973258, -0.0033743947, -0.003311537, -0.0032462035, -0.003219213, -0.003183874, -0.003168542, -0.003153674, -0.0031385687, -0.0030828365, -0.0029943518, -0.00294235, -0.0028359336, -0.0027424311, -0.0026763978, -0.0026553033, -0.002633285, -0.0026240267, -0.002617177, -0.0025859834, -0.0025218937, -0.0024774503, -0.0023730905, -0.002265323, -0.0021728547, -0.002135476, -0.0020771786, -0.0020348695, -0.00201627, -0.0019768213, -0.0019232748, -0.0018482074, -0.0018030975, -0.0017022147, -0.0015928652, -0.0015354911, -0.0014130473, -0.0012704552, -0.0011886298, -0.001002256, -0.0007914021, -0.0005764782, -0.00047867146, -0.00034772247, -0.00041360623, 0, 0, 0, 0, 0, 0, 0, 0, 0, 0, 0, 0, 0, 0, 0, 0, 0, 0, 0, 0, 0, 0, 0, 0, 0, 0, 0
0, 0, 0, 0, 0, 0, 0, 0, 0, 0, 0, 0, 0, 0, 0, 0, 0, 0, 0, 0, 0, 0, 0, 0, 0, 0, 0, 0, 0, 0, 0, 0, 0, 0, 0, 0, 0, 0, 0, 0, 0, 0, 0, 0, 0, 0, 0, 0, 0, 0, 0, 0, 0, 0, 0, 0, 0, -0.0002567993, -0.00043285283, -0.00079064886, -0.0011992131, -0.0016252911, -0.0018337867, -0.0022340007, -0.0026089766, -0.002785922, -0.0031091894, -0.0033725654, -0.0035515502, -0.0036063069, -0.0036562674, -0.0036625117, -0.0036640174, -0.0036849587, -0.0037341865, -0.0037932165, -0.0038170132, -0.0038360506, -0.0038061815, -0.0037736613, -0.0036852707, -0.0035910443, -0.0035510296, -0.0035000872, -0.0034924336, -0.0035119618, -0.0035214252, -0.0035146289, -0.0034541273, -0.00340202, -0.0032650782, -0.0031087415, -0.0029651213, -0.0029055683, -0.002819823, -0.0027736127, -0.0027594506, -0.0027318685, -0.0026835944, -0.002645459, -0.0025397327, -0.002405855, -0.0022678932, -0.002204, -0.0020934104, -0.002007955, -0.0019734388, -0.0019145161, -0.0018593314, -0.0017968237, -0.0017615168, -0.001682028, -0.0015928596, -0.0015447366, -0.0014361776, -0.001299102, -0.0012147961, -0.0010087771, -0.00075839955, -0.0004912802, -0.00036711816, -0.00018175741, 0, 0, 0, 0, 0, 0, 0, 0, 0, 0, 0, 0, 0, 0, 0, 0, 0, 0, 0, 0, 0, 0, 0, 0, 0, 0, 0, 0
0, 0, 0, 0, 0, 0, 0, 0, 0, 0, 0, 0, 0, 0, 0, 0, 0, 0, 0, 0, 0, 0, 0, 0, 0, 0, 0, 0, 0, 0, 0, 0, 0, 0, 0, 0, 0, 0, 0, 0, 0, 0, 0, 0, 0, 0, 0, 0, 0, 0, 0, 0, 0, 0, 0, 0, 0.00035416576, -9.77862e-06, -0.00017399514, -0.0005292114, -0.0009280459, -0.0013445586, -0.0015516923, -0.0019603702, -0.0023655652, -0.0025686515, -0.0029728513, -0.0033535084, -0.0036719507, -0.0037958578, -0.0039644414, -0.004046058, -0.004067774, -0.004103238, -0.0041514197, -0.0042111184, -0.004238426, -0.0042687603, -0.0042493143, -0.0042183697, -0.004120498, -0.0039948695, -0.003931416, -0.0038239642, -0.0037642152, -0.003756016, -0.00376402, -0.0037756988, -0.003745953, -0.003706539, -0.0035763637, -0.0033957951, -0.0032005177, -0.003108702, -0.0029572106, -0.0028592227, -0.0028294611, -0.0027957503, -0.0027698404, -0.0027492475, -0.0026775314, -0.0025628298, -0.0024211109, -0.0023475925, -0.0022090757, -0.0020890879, -0.0020373664, -0.0019458721, -0.0018625159, -0.0017756653, -0.0017283945, -0.001625216, -0.0015161424, -0.0014615988, -0.0013516793, -0.0012323172, -0.0011621575, -0.0009873402, -0.00075837574, -0.0004981508, -0.00037565807, -0.00019619122, 0, 0, 0, 0, 0, 0, 0, 0, 0, 0, 0, 0, 0, 0, 0, 0, 0, 0, 0, 0, 0, 0, 0, 0, 0, 0, 0, 0
0, 0, 0, 0, 0, 0, 0, 0, 0, 0, 0, 0, 0, 0, 0, 0, 0, 0, 0, 0, 0, 0, 0, 0, 0, 0, 0, 0, 0, 0, 0, 0, 0, 0, 0, 0, 0, 0, 0, 0, 0, 0, 0, 0, 0, 0, 0, 0, 0, 0, 0, 0, 0, 0, 0, 0.0011155553, 0.00067397824, 0.00032310412, 0.00015175408, -0.00021728667, -0.00061204203, -0.0010046932, -0.0011946103, -0.0015641509, -0.0019372387, -0.0021320847, -0.0025465845, -0.0029840958, -0.0034070907, -0.0035973107, -0.003908869, -0.0041204165, -0.004195138, -0.0043094177, -0.0044090184, -0.0045117335, -0.004562223, -0.0046475283, -0.004690709, -0.0046897684, -0.0046376293, -0.004525084, -0.004452615, -0.0042975796, -0.0041626985, -0.0040773167, -0.004054566, -0.0040313206, -0.0040003853, -0.0039688735, -0.0038594035, -0.0036895047, -0.003481236, -0.003373548, -0.0031753103, -0.003023082, -0.0029695565, -0.002904062, -0.002873882, -0.002860365, -0.0028143707, -0.0027268182, -0.0026013993, -0.0025305978, -0.0023869984, -0.0022532719, -0.002191937, -0.0020780598, -0.0019663777, -0.001842919, -0.0017735611, -0.0016183804, -0.0014516184, -0.0013703704, -0.0012234701, -0.0011025356, -0.0010477239, -0.00093092053, -0.0007809011, -0.00059855665, -0.0005109711, -0.00037033786, 0, 0, 0, 0, 0, 0, 0, 0, 0, 0, 0, 0, 0, 0, 0, 0, 0, 0, 0, 0, 0, 0, 0, 0, 0, 0, 0, 0
0, 0, 0, 0, 0, 0, 0, 0, 0, 0, 0, 0, 0, 0, 0, 0, 0, 0, 0, 0, 0, 0, 0, 0, 0, 0, 0, 0, 0, 0, 0, 0, 0, 0, 0, 0, 0, 0, 0, 0, 0, 0, 0, 0, 0, 0, 0, 0, 0, 0, 0, 0, 0, 0, 0.0024995299, 0.0018671369, 0.0012489744, 0.0008929754, 0.0007169679, 0.00032107648, -0.00011395347, -0.0005379118, -0.00073450984, -0.0010957533, -0.0014348719, -0.0016081722, -0.0019820256, -0.0024039554, -0.0028571098, -0.003082665, -0.0034989128, -0.0038389035, -0.003976587, -0.0041993135, -0.0043816883, -0.004554524, -0.0046417788, -0.0048123603, -0.0049581397, -0.005012124, -0.005065977, -0.0050356896, -0.0049901833, -0.004853097, -0.004690806, -0.0045477194, -0.0044924566, -0.004415231, -0.0043600257, -0.0043291473, -0.0042399764, -0.0041002426, -0.003912887, -0.0038076336, -0.0035920562, -0.003397788, -0.0033170432, -0.0031951098, -0.0031176973, -0.0030874794, -0.0030216696, -0.002928519, -0.0028011154, -0.0027289111, -0.0025807086, -0.0024409106, -0.0023768358, -0.0022576894, -0.0021389686, -0.0020017587, -0.0019204748, -0.0017273315, -0.0015023835, -0.0013865371, -0.0011719281, -0.0010053773, -0.0009438959, -0.000856593, -0.0007993, -0.00076492334, -0.00076276175, 0, 0, 0, 0, 0, 0, 0, 0, 0, 0, 0, 0, 0, 0, 0, 0, 0, 0, 0, 0, 0, 0, 0, 0, 0, 0, 0, 0, 0
0, 0, 0, 0, 0, 0, 0, 0, 0, 0, 0, 0, 0, 0, 0, 0, 0, 0, 0, 0, 0, 0, 0, 0, 0, 0, 0, 0, 0, 0, 0, 0, 0, 0, 0, 0, 0, 0, 0, 0, 0, 0, 0, 0, 0, 0, 0, 0, 0, 0, 0, 0, 0, 0.0038562135, 0.002688509, 0.0023366292, 0.0019252641, 0.0016548734, 0.0015025032, 0.0011158938, 0.00064173574, 0.00014794728, -8.521127e-05, -0.00050361827, -0.00086434203, -0.0010335373, -0.0013782432, -0.00175929, -0.0021887387, -0.002417027, -0.0028762342, -0.0032994314, -0.0034859981, -0.0038033025, -0.004062899, -0.004299114, -0.004417747, -0.0046627307, -0.0049070967, -0.0050194645, -0.005200536, -0.0052988157, -0.0053125597, -0.005273581, -0.005170025, -0.0050434456, -0.0049841683, -0.0048886226, -0.004822527, -0.004794312, -0.0047274134, -0.0046261167, -0.0044783675, -0.0043875673, -0.004182562, -0.0039682067, -0.003866759, -0.003686999, -0.0035422265, -0.00347899, -0.0033560337, -0.0032169344, -0.0030528444, -0.0029639124, -0.0027840876, -0.0026204612, -0.0025486096, -0.002425044, -0.00231757, -0.0022014778, -0.0021308407, -0.0019482067, -0.001705209, -0.0015667727, -0.0012825523, -0.0010299538, -0.00092834205, -0.0007920474, -0.0007650293, -0.0008957017, -0.0010451692, 0, 0, 0, 0, 0, 0, 0, 0, 0, 0, 0, 0, 0, 0, 0, 0, 0, 0, 0, 0, 0, 0, 0, 0, 0, 0, 0, 0, 0
0, 0, 0, 0, 0, 0, 0, 0, 0, 0, 0, 0, 0, 0, 0, 0, 0, 0, 0, 0, 0, 0, 0, 0, 0, 0, 0, 0, 0, 0, 0, 0, 0, 0, 0, 0, 0, 0, 0, 0, 0, 0, 0, 0, 0, 0, 0, 0, 0, 0, 0, 0, 0.0036988012, 0.003251252, 0.0027980586, 0.002661241, 0.0025110613, 0.002390852, 0.0022968892, 0.001998768, 0.0015570639, 0.0010345794, 0.0007698571, 0.00027410724, -0.00015482357, -0.00034825175, -0.0007148514, -0.0010881639, -0.0014995376, -0.0017228216, -0.0021949247, -0.002665935, -0.002885861, -0.003274114, -0.0035914148, -0.003866761, -0.0040001357, -0.004278203, -0.004575118, -0.0047241845, -0.0050039347, -0.0052285753, -0.0053121303, -0.0054141902, -0.005435512, -0.0053982497, -0.0053686006, -0.005309722, -0.0052659526, -0.005249325, -0.005213335, -0.0051521566, -0.005046187, -0.004974213, -0.004795921, -0.0045868717, -0.00447859, -0.0042681755, -0.0040758643, -0.003986611, -0.0038105936, -0.0036214164, -0.003406482, -0.0032900386, -0.0030531683, -0.002833231, -0.0027373543, -0.0025823382, -0.0024726586, -0.002386354, -0.0023389636, -0.0022082508, -0.0020004043, -0.0018644922, -0.0015453794, -0.0012037716, -0.0010434326, -0.00078454736, -0.0006701241, -0.0007842136, -0.00093542936, 0, 0, 0, 0, 0, 0, 0, 0, 0, 0, 0, 0, 0, 0, 0, 0, 0, 0, 0, 0, 0, 0, 0, 0, 0, 0, 0, 0, 0
0, 0, 0, 0, 0, 0, 0, 0, 0, 0, 0, 0, 0, 0, 0, 0, 0, 0, 0, 0, 0, 0, 0, 0, 0, 0, 0, 0, 0, 0, 0, 0, 0, 0, 0, 0, 0, 0, 0, 0, 0, 0, 0, 0, 0, 0, 0, 0, 0, 0, 0, 0.0039797854, 0.0034418257, 0.002963525, 0.0028251288, 0.00281537, 0.0028475916, 0.002871995, 0.002853204, 0.002706871, 0.0023941593, 0.0019441447, 0.0016911596, 0.0011775928, 0.0006994633, 0.0004785337, 6.3677566e-05, -0.00034233218, -0.0007729751, -0.0010054652, -0.0015052345, -0.002027764, -0.0022824053, -0.0027467145, -0.0031298115, -0.0034417084, -0.0035831458, -0.0038632725, -0.0041626524, -0.0043209395, -0.0046445173, -0.0049543446, -0.005094797, -0.0053312145, -0.005491396, -0.005573559, -0.0055913664, -0.005600902, -0.0056021786, -0.0056035626, -0.005601975, -0.0055762175, -0.005506348, -0.0054515526, -0.005304228, -0.0051175435, -0.00501549, -0.004807582, -0.0046070395, -0.0045113014, -0.004321881, -0.0041174106, -0.00387683, -0.0037414543, -0.0034506572, -0.0031593665, -0.0030251958, -0.0027984637, -0.002639506, -0.0025400778, -0.002502477, -0.002415607, -0.0022658436, -0.0021543812, -0.0018537195, -0.001474978, -0.0012750525, -0.0009088824, -0.0006780261, -0.00064581144, 0, 0, 0, 0, 0, 0, 0, 0, 0, 0, 0, 0, 0, 0, 0, 0, 0, 0, 0, 0, 0, 0, 0, 0, 0, 0, 0, 0, 0, 0
0, 0, 0, 0, 0, 0, 0, 0, 0, 0, 0, 0, 0, 0, 0, 0, 0, 0, 0, 0, 0, 0, 0, 0, 0, 0, 0, 0, 0, 0, 0, 0, 0, 0, 0, 0, 0, 0, 0, 0, 0, 0, 0, 0, 0, 0, 0, 0, 0, 0, 0.0029873613, 0.0029602144, 0.002844612, 0.0027297903, 0.0027616988, 0.002805123, 0.002912577, 0.0030212866, 0.0030607013, 0.0030690555, 0.0029350016, 0.0026445421, 0.0024523712, 0.002016156, 0.0015614589, 0.0013382976, 0.00090443034, 0.00047104433, 1.1731639e-05, -0.0002356563, -0.00077474007, -0.0013601247, -0.0016575787, -0.002223971, -0.002710827, -0.0031019195, -0.0032683413, -0.003570239, -0.00386737, -0.0040231138, -0.004354149, -0.004703257, -0.0048779626, -0.00520795, -0.0054811053, -0.0056720125, -0.00573647, -0.0058184923, -0.0058673434, -0.005886554, -0.0059150346, -0.0059181997, -0.005877794, -0.0058382284, -0.005720838, -0.005560758, -0.005469584, -0.005277229, -0.0050874073, -0.0049973633, -0.004824093, -0.004641693, -0.0044194246, -0.0042868713, -0.0039792876, -0.003637229, -0.0034649507, -0.003144949, -0.002885555, -0.0027021891, -0.0026356007, -0.0025281184, -0.00240421, -0.0023176474, -0.0020707825, -0.0017312515, -0.0015426151, -0.0011902794, -0.0009775885, 0, 0, 0, 0, 0, 0, 0, 0, 0, 0, 0, 0, 0, 0, 0, 0, 0, 0, 0, 0, 0, 0, 0, 0, 0, 0, 0, 0, 0, 0, 0
0, 0, 0, 0, 0, 0, 0, 0, 0, 0, 0, 0, 0, 0, 0, 0, 0, 0, 0, 0, 0, 0, 0, 0, 0, 0, 0, 0, 0, 0, 0, 0, 0, 0, 0, 0, 0, 0, 0, 0, 0, 0, 0, 0, 0, 0, 0, 0, 0, 0.0022491217, 0.002083643, 0.0022037213, 0.0022774157, 0.0024367524, 0.002589527, 0.002655875, 0.002777806, 0.0029039427, 0.0029688997, 0.0030760264, 0.003098157, 0.0029858835, 0.0028773006, 0.002578532, 0.0022133137, 0.002018874, 0.0016183512, 0.0011985542, 0.0007451802, 0.00049920497, -4.3052765e-05, -0.0006566378, -0.0009825, -0.0016392558, -0.002248334, -0.0027665, -0.0029890856, -0.0033777857, -0.00372458, -0.0038945647, -0.0042443583, -0.0046160137, -0.004808493, -0.0051915604, -0.0055387383, -0.0058132415, -0.0059176567, -0.0060673077, -0.006162936, -0.006199623, -0.006257336, -0.0062883724, -0.006280406, -0.006257982, -0.006175987, -0.006044964, -0.0059635965, -0.0057786647, -0.005584037, -0.0054906607, -0.005318473, -0.0051549636, -0.004965636, -0.0048500258, -0.0045645004, -0.0042131008, -0.0040204255, -0.0036244637, -0.003249575, -0.0029316563, -0.0028002735, -0.00258962, -0.0024186454, -0.002330801, -0.0021209035, -0.0018569678, -0.0017192786, -0.001512475, -0.0015419925, 0, 0, 0, 0, 0, 0, 0, 0, 0, 0, 0, 0, 0, 0, 0, 0, 0, 0, 0, 0, 0, 0, 0, 0, 0, 0, 0, 0, 0, 0, 0
0, 0, 0, 0, 0, 0, 0, 0, 0, 0, 0, 0, 0, 0, 0, 0, 0, 0, 0, 0, 0, 0, 0, 0, 0, 0, 0, 0, 0, 0, 0, 0, 0, 0, 0, 0, 0, 0, 0, 0, 0, 0, 0, 0, 0, 0, 0, 0.0016495964, 0.0015632805, 0.0014731338, 0.0014282224, 0.0016025462, 0.0017414184, 0.002036004, 0.00227843, 0.0023671256, 0.0024952989, 0.0026049998, 0.0026664243, 0.002800511, 0.0029087148, 0.0029293895, 0.0028941862, 0.0027336227, 0.0024772384, 0.002324378, 0.0019841553, 0.0016086807, 0.0011998909, 0.0009803891, 0.0004964132, -6.5352026e-05, -0.00037708154, -0.0010430771, -0.0017199251, -0.0023513197, -0.0026393945, -0.003158195, -0.0036158506, -0.0038297102, -0.0042453567, -0.004660214, -0.004869881, -0.005288517, -0.005683982, -0.0060223825, -0.006161996, -0.006379578, -0.006531174, -0.0065905345, -0.0066880556, -0.0067592673, -0.0067969696, -0.0068003074, -0.006768949, -0.0066786935, -0.006609622, -0.0064260666, -0.0062033283, -0.006088402, -0.005870165, -0.0056747883, -0.00547991, -0.0053710905, -0.005109038, -0.0047751856, -0.004582151, -0.0041543534, -0.0036978028, -0.0032529004, -0.0030481922, -0.0026920424, -0.0024055992, -0.002280874, -0.0020469963, -0.0018284145, -0.0017409623, -0.0016960987, -0.0019087167, 0, 0, 0, 0, 0, 0, 0, 0, 0, 0, 0, 0, 0, 0, 0, 0, 0, 0, 0, 0, 0, 0, 0, 0, 0, 0, 0, 0, 0, 0, 0
0, 0, 0, 0, 0, 0, 0, 0, 0, 0, 0, 0, 0, 0, 0, 0, 0, 0, 0, 0, 0, 0, 0, 0, 0, 0, 0, 0, 0, 0, 0, 0, 0, 0, 0, 0, 0, 0, 0, 0, 0, 0, 0, 0, 0, 0, 0, 0.00032563604, 0.00047082477, 0.0005243736, 0.0005865421, 0.00082440866, 0.0009980937, 0.0013798838, 0.0017119157, 0.00183717, 0.0020060444, 0.0021112286, 0.0021607263, 0.00227627, 0.0024014555, 0.0024872348, 0.0024979522, 0.0024402272, 0.0022761624, 0.0021607077, 0.0018779389, 0.0015479928, 0.0011906268, 0.0010052975, 0.0006124287, 0.0001643272, -8.95462e-05, -0.0006613442, -0.001295297, -0.0019466974, -0.0022659209, -0.0028762314, -0.0034421114, -0.0037090643, -0.004217276, -0.004699905, -0.0049345996, -0.005393226, -0.005830317, -0.0062230304, -0.0063951365, -0.0066812765, -0.0068980535, -0.006987006, -0.007138992, -0.007264759, -0.0073637203, -0.0074000484, -0.007436277, -0.0074059707, -0.0073586134, -0.0071946178, -0.006951092, -0.0068104016, -0.0065192394, -0.0062404447, -0.005978047, -0.005846639, -0.0055647558, -0.0052363235, -0.0050495216, -0.004625901, -0.004142567, -0.0036260511, -0.0033688608, -0.002884252, -0.0024630092, -0.0022792846, -0.001966904, -0.0017499521, -0.0017016259, -0.0018070206, 0, 0, 0, 0, 0, 0, 0, 0, 0, 0, 0, 0, 0, 0, 0, 0, 0, 0, 0, 0, 0, 0, 0, 0, 0, 0, 0, 0, 0, 0, 0, 0
0, 0, 0, 0, 0, 0, 0, 0, 0, 0, 0, 0, 0, 0, 0, 0, 0, 0, 0, 0, 0, 0, 0, 0, 0, 0, 0, 0, 0, 0, 0, 0, 0, 0, 0, 0, 0, 0, 0, 0, 0, 0, 0, 0, 0, -0.005027678, -0.0032730075, -0.0012607821, -0.0009263973, -0.0007052469, -0.0005836549, -0.00032826737, -0.00014373763, 0.0002880133, 0.0007080822, 0.00088375626, 0.0011406268, 0.001290658, 0.0013443483, 0.0014461224, 0.0015597785, 0.0016663095, 0.0017024613, 0.0017126861, 0.0016224385, 0.0015392125, 0.0013089258, 0.0010174712, 0.00069993, 0.0005397879, 0.00022216042, -0.00011296733, -0.00029868045, -0.00072659366, -0.001232331, -0.0017967297, -0.0020919035, -0.0026908268, -0.003284327, -0.0035743045, -0.0041343765, -0.004665414, -0.0049204193, -0.0054141316, -0.005886462, -0.0063248193, -0.006524066, -0.006871654, -0.007150259, -0.007268225, -0.0074742795, -0.007653547, -0.007809131, -0.007876039, -0.007978619, -0.008017046, -0.008003344, -0.007895346, -0.0076776906, -0.0075342217, -0.007201521, -0.0068431953, -0.006486919, -0.006311787, -0.0059628263, -0.00560149, -0.0054096626, -0.004991207, -0.004513136, -0.0039783786, -0.0036977667, -0.0031343745, -0.0026032266, -0.0023624673, -0.0019612627, -0.0017400518, -0.0017333607, -0.0019465657, 0, 0, 0, 0, 0, 0, 0, 0, 0, 0, 0, 0, 0, 0, 0, 0, 0, 0, 0, 0, 0, 0, 0, 0, 0, 0, 0, 0, 0, 0, 0, 0
0, 0, 0, 0, 0, 0, 0, 0, 0, 0, 0, 0, 0, 0, 0, 0, 0, 0, 0, 0, 0, 0, 0, 0, 0, 0, 0, 0, 0, 0, 0, 0, 0, 0, 0, 0, 0, 0, 0, 0, 0, 0, 0, 0, -0.0045374413, -0.004076511, -0.0032351785, -0.0024058972, -0.002200915, -0.0020540636, -0.0019860605, -0.0018056703, -0.001655505, -0.0012584623, -0.0008075694, -0.0005942017, -0.00024110083, -6.0565017e-06, 7.5122036e-05, 0.00020212177, 0.0003219186, 0.0004479738, 0.0005050204, 0.00057912647, 0.0005689026, 0.0005258202, 0.00036698804, 0.00013056301, -0.00014755364, -0.00028992395, -0.0005658344, -0.0008335447, -0.0009726071, -0.0012832282, -0.0016558284, -0.002092355, -0.0023305826, -0.0028353692, -0.0033619138, -0.003627805, -0.004154892, -0.0046671974, -0.004916125, -0.005404412, -0.005881721, -0.006340467, -0.0065558343, -0.0069443276, -0.0072663766, -0.0074041057, -0.007643584, -0.007847803, -0.008026246, -0.008105762, -0.008241557, -0.0083318995, -0.008352276, -0.00832449, -0.008188162, -0.008077564, -0.007780834, -0.007410855, -0.0070036724, -0.0067942347, -0.0063740294, -0.0059535312, -0.0057408414, -0.005299223, -0.0048167254, -0.0042774295, -0.003987875, -0.0033836472, -0.0027809287, -0.002498998, -0.002036695, -0.0018467229, -0.0018994545, 0, 0, 0, 0, 0, 0, 0, 0, 0, 0, 0, 0, 0, 0, 0, 0, 0, 0, 0, 0, 0, 0, 0, 0, 0, 0, 0, 0, 0, 0, 0, 0, 0
0, 0, 0, 0, 0, 0, 0, 0, 0, 0, 0, 0, 0, 0, 0, 0, 0, 0, 0, 0, 0, 0, 0, 0, 0, 0, 0, 0, 0, 0, 0, 0, 0, 0, 0, 0, 0, 0, 0, 0, 0, 0, 0, -0.0042860466, -0.0037254104, -0.00357624, -0.0033925504, -0.0032511717, -0.0032303412, -0.0032831815, -0.0033609234, -0.0033426518, -0.003275462, -0.0030217562, -0.0026491995, -0.0024449362, -0.0020598953, -0.0017619363, -0.0016510873, -0.0014821906, -0.0013356378, -0.0011748511, -0.0010897764, -0.0009343507, -0.0008367353, -0.000821043, -0.00086448895, -0.0010026156, -0.0012107142, -0.0013297376, -0.0015750307, -0.0018140065, -0.0019324129, -0.0021820774, -0.0024694435, -0.0028063438, -0.0029922691, -0.0033905285, -0.0038126204, -0.004028326, -0.0044617904, -0.004890888, -0.005102909, -0.005526096, -0.0059569236, -0.006391469, -0.0066043916, -0.0070023793, -0.007343168, -0.007488753, -0.0077334573, -0.007926022, -0.008079498, -0.0081454255, -0.008261553, -0.008356839, -0.008394386, -0.00843326, -0.0083967075, -0.008340827, -0.008146339, -0.007849992, -0.007475126, -0.0072672497, -0.006824568, -0.006360689, -0.006122993, -0.0056359526, -0.0051200953, -0.0045576235, -0.0042565945, -0.0036222169, -0.002980135, -0.0026799534, -0.0022050259, -0.0020774493, -0.0021655697, 0, 0, 0, 0, 0, 0, 0, 0, 0, 0, 0, 0, 0, 0, 0, 0, 0, 0, 0, 0, 0, 0, 0, 0, 0, 0, 0, 0, 0, 0, 0, 0, 0
0, 0, 0, 0, 0, 0, 0, 0, 0, 0, 0, 0, 0, 0, 0, 0, 0, 0, 0, 0, 0, 0, 0, 0, 0, 0, 0, 0, 0, 0, 0, 0, 0, 0, 0, 0, 0, 0, 0, 0, 0, 0, -0.0039302134, -0.003518643, -0.0034707277, -0.0035341287, -0.0037264237, -0.0039289203, -0.004036766, -0.004276684, -0.004514287, -0.004678096, -0.004711863, -0.004660895, -0.004457206, -0.004313984, -0.003999757, -0.00372127, -0.0036110636, -0.003440035, -0.0032897186, -0.0031083913, -0.0030003858, -0.002767188, -0.0025505053, -0.002463929, -0.0023554682, -0.0023471203, -0.0024383802, -0.0025145921, -0.002703212, -0.0029090804, -0.0030124064, -0.0032231272, -0.0034550298, -0.0037236714, -0.0038720844, -0.0041892435, -0.004522854, -0.0046919575, -0.005028726, -0.0053595435, -0.00552236, -0.0058489796, -0.0061907494, -0.0065556923, -0.0067442968, -0.0071155573, -0.0074498705, -0.007594647, -0.007830183, -0.0079960935, -0.008103559, -0.008141012, -0.008198227, -0.008249192, -0.008276432, -0.00832928, -0.008354765, -0.008344852, -0.008259717, -0.008075244, -0.0077955085, -0.0076239766, -0.0072263195, -0.0067689195, -0.0065230085, -0.0060043116, -0.0054505696, -0.004854768, -0.0045387577, -0.0038798957, -0.0032334756, -0.002951147, -0.0025750804, -0.0025284905, 0, 0, 0, 0, 0, 0, 0, 0, 0, 0, 0, 0, 0, 0, 0, 0, 0, 0, 0, 0, 0, 0, 0, 0, 0, 0, 0, 0, 0, 0, 0, 0, 0, 0
0, 0, 0, 0, 0, 0, 0, 0, 0, 0, 0, 0, 0, 0, 0, 0, 0, 0, 0, 0, 0, 0, 0, 0, 0, 0, 0, 0, 0, 0, 0, 0, 0, 0, 0, 0, 0, 0, 0, 0, -0.0044888062, -0.0039033128, -0.0032754617, -0.003279638, -0.0035921547, -0.0037921302, -0.0041959938, -0.0045696506, -0.004749504, -0.0051080696, -0.005455408, -0.0057497653, -0.005861496, -0.0059867827, -0.0059639374, -0.005902737, -0.005723542, -0.0055396007, -0.0054657245, -0.005357902, -0.0052616294, -0.0051165572, -0.0050146594, -0.0047597946, -0.0044702776, -0.0043284832, -0.004080567, -0.0039141066, -0.0038568466, -0.0038692704, -0.0039565163, -0.0040867715, -0.0041557886, -0.0042941235, -0.0044441884, -0.004624881, -0.0047293217, -0.004962426, -0.0052170847, -0.005348311, -0.0056123184, -0.005869694, -0.005993153, -0.0062326584, -0.006475831, -0.006743665, -0.0068896827, -0.0071971714, -0.0074975034, -0.00763359, -0.007860419, -0.008016421, -0.0081023425, -0.008122658, -0.008132533, -0.008125336, -0.008124193, -0.0081347255, -0.008151516, -0.0081525985, -0.008118232, -0.008014146, -0.007829014, -0.007704644, -0.007390703, -0.006994112, -0.0067679007, -0.006270042, -0.0057211393, -0.0051238886, -0.0048075314, -0.0041540107, -0.0035485413, -0.0033241438, -0.0032272055, -0.0037474625, 0, 0, 0, 0, 0, 0, 0, 0, 0, 0, 0, 0, 0, 0, 0, 0, 0, 0, 0, 0, 0, 0, 0, 0, 0, 0, 0, 0, 0, 0, 0, 0, 0, 0
0, 0, 0, 0, 0, 0, 0, 0, 0, 0, 0, 0, 0, 0, 0, 0, 0, 0, 0, 0, 0, 0, 0, 0, 0, 0, 0, 0, 0, 0, 0, 0, 0, 0, 0, 0, 0, 0, 0, -0.0026982443, -0.002903174, -0.0028646966, -0.0028766345, -0.0032305024, -0.003792283, -0.0040933555, -0.0046651163, -0.0051728045, -0.005407842, -0.005854132, -0.0062697004, -0.0066358186, -0.006791092, -0.007025088, -0.0071347402, -0.0071424902, -0.0070918133, -0.007015612, -0.006989177, -0.0069708787, -0.006966181, -0.006912059, -0.0068513816, -0.0066570276, -0.0063840416, -0.006230639, -0.0059173047, -0.005640823, -0.0054506334, -0.0053953296, -0.0053548384, -0.0053675696, -0.005377714, -0.005390731, -0.0054019955, -0.0054373057, -0.005470121, -0.005570524, -0.0057140626, -0.005799781, -0.0059913737, -0.0061935904, -0.006291228, -0.006468371, -0.006625282, -0.0067858323, -0.0068758773, -0.0070816334, -0.0073094065, -0.007422659, -0.007630596, -0.0077964677, -0.007905881, -0.007936821, -0.00795345, -0.007923774, -0.007900447, -0.007851551, -0.007807794, -0.00778489, -0.0077241273, -0.0076280865, -0.0074842405, -0.0073908675, -0.007153981, -0.0068434286, -0.0066600256, -0.006241275, -0.0057613314, -0.005229074, -0.004947992, -0.004387509, -0.003932431, -0.0038068683, -0.0038731163, 0, 0, 0, 0, 0, 0, 0, 0, 0, 0, 0, 0, 0, 0, 0, 0, 0, 0, 0, 0, 0, 0, 0, 0, 0, 0, 0, 0, 0, 0, 0, 0, 0, 0, 0
0, 0, 0, 0, 0, 0, 0, 0, 0, 0, 0, 0, 0, 0, 0, 0, 0, 0, 0, 0, 0, 0, 0, 0, 0, 0, 0, 0, 0, 0, 0, 0, 0, 0, 0, 0, 0, -0.0011125894, -0.0011489969, -0.0015403064, -0.0018752983, -0.0020460193, -0.0024673003, -0.0030715147, -0.003809827, -0.004191493, -0.00492044, -0.005571237, -0.0058683315, -0.0064166575, -0.0069066733, -0.0073357276, -0.0075243544, -0.007838556, -0.008046494, -0.008106058, -0.00815295, -0.0081553385, -0.008161864, -0.0082054315, -0.008272939, -0.008309266, -0.008299259, -0.00820806, -0.008020955, -0.007897164, -0.007608782, -0.007306527, -0.007047367, -0.006946347, -0.006800177, -0.006694509, -0.0066399532, -0.0065088044, -0.006353566, -0.006204454, -0.0061428747, -0.006060326, -0.0060429373, -0.0060613747, -0.0061483183, -0.006281128, -0.0063518714, -0.0064736344, -0.0065530995, -0.0066038314, -0.006629648, -0.006701218, -0.0068097943, -0.006876401, -0.0070269387, -0.007186368, -0.0073309247, -0.007388646, -0.007458552, -0.0074596405, -0.0074379398, -0.0073637255, -0.007265719, -0.0072107716, -0.0070877774, -0.006946374, -0.006785924, -0.0066981413, -0.0065013133, -0.006265601, -0.006128982, -0.0058136913, -0.0054418673, -0.005021588, -0.0048071807, -0.0044576344, -0.004459108, -0.0046966807, -0.0053191916, 0, 0, 0, 0, 0, 0, 0, 0, 0, 0, 0, 0, 0, 0, 0, 0, 0, 0, 0, 0, 0, 0, 0, 0, 0, 0, 0, 0, 0, 0, 0, 0, 0, 0, 0
0, 0, 0, 0, 0, 0, 0, 0, 0, 0, 0, 0, 0, 0, 0, 0, 0, 0, 0, 0, 0, 0, 0, 0, 0, 0, 0, 0, 0, 0, 0, 0, 0, -0.005662537, -0.0045038615, -0.0034793767, -0.0014542259, -0.00081764837, -0.00076891464, -0.0009002783, -0.0011846719, -0.0013709762, -0.0018486126, -0.002485752, -0.0032560083, -0.0036678938, -0.0044941963, -0.005280009, -0.0056509147, -0.0063496633, -0.0069954074, -0.0075989, -0.007886602, -0.008428674, -0.008896942, -0.009090054, -0.00938283, -0.009567186, -0.009633868, -0.009745875, -0.009840533, -0.009903931, -0.009915388, -0.009887789, -0.009788708, -0.009713347, -0.00951983, -0.009288609, -0.009058106, -0.008953156, -0.00876654, -0.0085821785, -0.008474607, -0.008204968, -0.0078563355, -0.0074547706, -0.0072471024, -0.006846841, -0.006502728, -0.006364816, -0.0061708675, -0.0060768113, -0.006053637, -0.006011225, -0.0059280354, -0.005783611, -0.005693441, -0.0055012116, -0.005323903, -0.005251584, -0.0051573417, -0.005145536, -0.0052083735, -0.005256326, -0.005353542, -0.0054145358, -0.005424166, -0.0054021096, -0.005333569, -0.0052842903, -0.0051589534, -0.0050013266, -0.0048248176, -0.0047345916, -0.004555904, -0.004379336, -0.004288983, -0.004099233, -0.0038902292, -0.0036661124, -0.0035635359, -0.0034909507, -0.003946419, -0.004524454, 0, 0, 0, 0, 0, 0, 0, 0, 0, 0, 0, 0, 0, 0, 0, 0, 0, 0, 0, 0, 0, 0, 0, 0, 0, 0, 0, 0, 0, 0, 0, 0, 0, 0, 0, 0
0, 0, 0, 0, 0, 0, 0, 0, 0, 0, 0, 0, 0, 0, 0, 0, 0, 0, 0, 0, 0, 0, 0, 0, 0, 0, 0, 0, 0, 0, 0, 0, -0.0041744434, -0.0038188954, -0.0034669344, -0.0030597572, -0.0020587565, -0.0015004878, -0.0013935548, -0.0013738532, -0.0015046571, -0.001615096, -0.0019414304, -0.002427542, -0.0030553034, -0.0034028871, -0.004119255, -0.004821893, -0.0051626274, -0.005821966, -0.0064598676, -0.0070889755, -0.0074031465, -0.008026168, -0.008612282, -0.0088757975, -0.009316293, -0.009635695, -0.009756449, -0.009941349, -0.010065267, -0.010125364, -0.010127556, -0.010073233, -0.009946358, -0.009859006, -0.009647171, -0.009403713, -0.0091623375, -0.009052727, -0.008859927, -0.00867891, -0.008577942, -0.008325066, -0.007988759, -0.0075798845, -0.007357793, -0.0069046016, -0.006477439, -0.0062882453, -0.005979833, -0.005765952, -0.0056854165, -0.005540887, -0.0053749206, -0.0051620477, -0.005039968, -0.004779933, -0.0045236843, -0.004406374, -0.004213539, -0.0040965606, -0.0040576463, -0.004058799, -0.0040771817, -0.004084532, -0.004078103, -0.004047456, -0.00400166, -0.003975421, -0.0039144456, -0.0038370749, -0.0037416902, -0.0036863573, -0.0035592115, -0.0034053747, -0.0033182728, -0.0031299072, -0.0029465961, -0.0028264353, -0.0028310427, -0.0031063326, -0.003576926, 0, 0, 0, 0, 0, 0, 0, 0, 0, 0, 0, 0, 0, 0, 0, 0, 0, 0, 0, 0, 0, 0, 0, 0, 0, 0, 0, 0, 0, 0, 0, 0, 0, 0, 0, 0, 0
0, 0, 0, 0, 0, 0, 0, 0, 0, 0, 0, 0, 0, 0, 0, 0, 0, 0, 0, 0, 0, 0, 0, 0, 0, 0, 0, 0, 0, 0, -0.0051336037, -0.004608043, -0.0033645164, -0.003082132, -0.0031094246, -0.0030603555, -0.0027625593, -0.002444185, -0.0023356518, -0.0022165955, -0.0022030808, -0.0022344152, -0.0023928497, -0.0026996748, -0.0031420044, -0.003397641, -0.0039385795, -0.0044853794, -0.0047555515, -0.005293584, -0.0058369595, -0.0064018895, -0.006696629, -0.0073095164, -0.007928138, -0.008224071, -0.008752311, -0.009168799, -0.00933418, -0.009591233, -0.009762817, -0.0098544145, -0.00986833, -0.0098337, -0.009718561, -0.009633007, -0.009412382, -0.009140527, -0.00884928, -0.008709011, -0.008454862, -0.008228819, -0.008116602, -0.007865889, -0.0075561586, -0.007179763, -0.0069700796, -0.006523957, -0.006071855, -0.0058570434, -0.0054724836, -0.005159739, -0.005026839, -0.004783027, -0.00453865, -0.004273497, -0.0041339127, -0.0038511737, -0.0035795185, -0.0034540372, -0.0032367422, -0.0030774078, -0.0029747805, -0.0029379153, -0.0028717632, -0.0027951149, -0.0027515504, -0.0026640012, -0.0025961895, -0.0025751202, -0.00255938, -0.002571629, -0.002592171, -0.0025963157, -0.002570963, -0.0024749918, -0.0023974057, -0.002199019, -0.0019958331, -0.0019257976, -0.0020404211, -0.0030506256, -0.005053711, 0, 0, 0, 0, 0, 0, 0, 0, 0, 0, 0, 0, 0, 0, 0, 0, 0, 0, 0, 0, 0, 0, 0, 0, 0, 0, 0, 0, 0, 0, 0, 0, 0, 0, 0, 0, 0
0, 0, 0, 0, 0, 0, 0, 0, 0, 0, 0, 0, 0, 0, 0, 0, 0, 0, 0, 0, 0, 0, 0, 0, 0, 0, 0, 0, -0.009302797, -0.0073500616, -0.0047395974, -0.0040961285, -0.0033290787, -0.00315234, -0.0033110357, -0.003400371, -0.00346041, -0.0033774308, -0.003314387, -0.0031886138, -0.0030949428, -0.0030711845, -0.0030989465, -0.003251418, -0.003523809, -0.003691523, -0.0040573967, -0.004433736, -0.0046210466, -0.004998255, -0.005389512, -0.005814903, -0.0060465806, -0.0065540327, -0.0071036215, -0.007378768, -0.007891683, -0.008314635, -0.008486021, -0.008755405, -0.008944552, -0.009069203, -0.009108338, -0.009141473, -0.009107527, -0.009061333, -0.008902464, -0.00865231, -0.008331991, -0.008159316, -0.007815348, -0.007491066, -0.007335572, -0.007024502, -0.006694439, -0.006329874, -0.006131968, -0.0057078046, -0.0052599884, -0.0050357436, -0.0046071233, -0.0042212964, -0.004044837, -0.0037135715, -0.0033949127, -0.0030798686, -0.0029253238, -0.002631566, -0.0023707137, -0.0022565408, -0.0020672553, -0.0019320108, -0.0018367846, -0.00179464, -0.0017004134, -0.0015758089, -0.001503329, -0.0013565514, -0.001240476, -0.001204666, -0.0011884454, -0.00124776, -0.0013607958, -0.001423361, -0.0015176672, -0.0015191854, -0.0014736309, -0.0012966283, -0.0010589053, -0.00089686306, -0.0009345799, -0.0016052763, 0, 0, 0, 0, 0, 0, 0, 0, 0, 0, 0, 0, 0, 0, 0, 0, 0, 0, 0, 0, 0, 0, 0, 0, 0, 0, 0, 0, 0, 0, 0, 0, 0, 0, 0, 0, 0, 0
0, 0, 0, 0, 0, 0, 0, 0, 0, 0, 0, 0, 0, 0, 0, 0, 0, 0, 0, 0, 0, 0, 0, 0, 0, 0, -0.009207931, -0.0072798426, -0.0068070744, -0.0060740067, -0.004941686, -0.004510539, -0.003995104, -0.0038356371, -0.003932174, -0.0040226947, -0.0041773273, -0.004229788, -0.004216871, -0.004135729, -0.0040198644, -0.003966186, -0.0039024453, -0.0039355475, -0.004073061, -0.004172851, -0.0044047195, -0.004649111, -0.004769501, -0.00500478, -0.0052431007, -0.0055065607, -0.005655858, -0.00600409, -0.0064086993, -0.0066196616, -0.0070214504, -0.0073525053, -0.007484267, -0.007685181, -0.007825911, -0.007935033, -0.00798306, -0.0080681, -0.008124401, -0.008132116, -0.008081839, -0.007918828, -0.007639739, -0.00746565, -0.007076356, -0.006664632, -0.0064582876, -0.0060518803, -0.005652412, -0.005252888, -0.0050490787, -0.004626946, -0.0041827923, -0.003955526, -0.0035033892, -0.0030700045, -0.0028629093, -0.0024654055, -0.0020837986, -0.0017173014, -0.0015426909, -0.0012208028, -0.00094970554, -0.0008376146, -0.00066641293, -0.0005654217, -0.0005132457, -0.00049361034, -0.00043919502, -0.00034144337, -0.0002753099, -0.00012633501, 8.831773e-06, 5.800799e-05, 9.650607e-05, 3.9498078e-05, -0.00010763592, -0.00020244202, -0.00038974482, -0.0005020995, -0.000509124, -0.00041176323, -0.00019294779, 5.570059e-05, 0.00014147589, 0, 0, 0, 0, 0, 0, 0, 0, 0, 0, 0, 0, 0, 0, 0, 0, 0, 0, 0, 0, 0, 0, 0, 0, 0, 0, 0, 0, 0, 0, 0, 0, 0, 0, 0, 0, 0, 0, 0
0, 0, 0, 0, 0, 0, 0, 0, 0, 0, 0, 0, 0, 0, 0, 0, 0, 0, 0, 0, 0, 0, 0, -0.0070545436, -0.006761578, -0.0057538506, -0.006116422, -0.00597034, -0.0058555654, -0.0057695503, -0.005540557, -0.005382221, -0.0050979396, -0.004924101, -0.004901948, -0.0049380222, -0.0050490093, -0.005136478, -0.0051516187, -0.005110259, -0.004986708, -0.004908258, -0.0047587375, -0.004670167, -0.0046750074, -0.0047101844, -0.004827455, -0.004973654, -0.0050474578, -0.005187046, -0.0053154794, -0.005449537, -0.0055274544, -0.0057213935, -0.0059618857, -0.0060907737, -0.0063320682, -0.0065162857, -0.0065810545, -0.006661382, -0.006701896, -0.006736921, -0.0067598573, -0.006822842, -0.0068976223, -0.006928926, -0.006948591, -0.0068715126, -0.0066717397, -0.006527904, -0.0061687822, -0.0057451576, -0.005520088, -0.005061612, -0.004607811, -0.0041668494, -0.0039492087, -0.003511768, -0.0030619928, -0.0028320437, -0.0023690616, -0.0019145691, -0.0016942725, -0.0012664662, -0.000852123, -0.0004508873, -0.00025776605, 0.00010482761, 0.000421179, 0.00055536616, 0.0007646486, 0.00088520517, 0.00092642114, 0.00092772127, 0.00092170236, 0.0009390542, 0.00096311484, 0.0010376406, 0.0011246845, 0.0011616444, 0.001198685, 0.0011578443, 0.0010215105, 0.00092214346, 0.00069374056, 0.00049472007, 0.00043246103, 0.00041682497, 0.00055593095, 0.0007905706, 0.0008897352, 0, 0, 0, 0, 0, 0, 0, 0, 0, 0, 0, 0, 0, 0, 0, 0, 0, 0, 0, 0, 0, 0, 0, 0, 0, 0, 0, 0, 0, 0, 0, 0, 0, 0, 0, 0, 0, 0, 0
0, 0, 0, 0, 0, 0, 0, 0, 0, 0, 0, 0, 0, 0, 0, 0, 0, 0, 0, 0, 0, 0, -0.003424461, -0.003797577, -0.004033456, -0.004160628, -0.004507275, -0.005024836, -0.0052798013, -0.0057631168, -0.0060792356, -0.0061467406, -0.0061397315, -0.0060468665, -0.0059865294, -0.005990171, -0.0060592135, -0.0061568758, -0.006189106, -0.0061809486, -0.006055465, -0.0059554973, -0.005719075, -0.005495186, -0.005338387, -0.0052930964, -0.0052630696, -0.00529012, -0.005314314, -0.0053668623, -0.005410984, -0.0054524876, -0.005479037, -0.0055557042, -0.005662469, -0.005720138, -0.005818694, -0.00586933, -0.0058729374, -0.0058416314, -0.00578003, -0.005715658, -0.0056902203, -0.0056626336, -0.0056630895, -0.0056673647, -0.005658911, -0.0055907886, -0.0054306225, -0.005314108, -0.0050146813, -0.004646741, -0.0044453116, -0.004023522, -0.0035933692, -0.0031648201, -0.0029508423, -0.0025154415, -0.0020638634, -0.00183255, -0.0013667446, -0.0009138436, -0.000696394, -0.00027975067, 0.000119959, 0.00051160797, 0.00070508814, 0.0010849455, 0.0014461117, 0.001613712, 0.0019041447, 0.002107746, 0.002208113, 0.0022222148, 0.0021992167, 0.0021452024, 0.0021188378, 0.0020807358, 0.00206463, 0.002061353, 0.002047411, 0.0019964061, 0.0018756561, 0.0017845936, 0.0015552933, 0.0013125002, 0.0012111381, 0.0011007935, 0.0011604445, 0.0013617069, 0.0014391418, 0, 0, 0, 0, 0, 0, 0, 0, 0, 0, 0, 0, 0, 0, 0, 0, 0, 0, 0, 0, 0, 0, 0, 0, 0, 0, 0, 0, 0, 0, 0, 0, 0, 0, 0, 0, 0, 0, 0
0, 0, 0, 0, 0, 0, 0, 0, 0, 0, 0, 0, 0, 0, 0, 0, 0, -0.005239492, -0.0049291914, -0.003669536, -0.0022895932, -0.0018850425, -0.002026776, -0.0023268654, -0.0025345387, -0.0029770795, -0.0035525714, -0.004306939, -0.00471548, -0.005511074, -0.0061590215, -0.0063919146, -0.006667399, -0.0067549516, -0.006782192, -0.006808397, -0.006913481, -0.007059547, -0.00712242, -0.007175162, -0.007088701, -0.0069922893, -0.0067207026, -0.0063990257, -0.006093853, -0.005962709, -0.005758137, -0.005625346, -0.0055788374, -0.0055060484, -0.005441576, -0.0053813807, -0.0053573838, -0.0053306585, -0.005333859, -0.0053406996, -0.005347213, -0.005323914, -0.0052974876, -0.0052137715, -0.005096491, -0.004959409, -0.00488915, -0.0047567557, -0.0046417336, -0.0045889025, -0.0044778865, -0.0043342034, -0.004136578, -0.0040163654, -0.003740548, -0.003432459, -0.0032712654, -0.0029404832, -0.0026016198, -0.0022495547, -0.0020648418, -0.0016685425, -0.0012322275, -0.0010020813, -0.00053588144, -8.9057095e-05, 0.00011923672, 0.0005021314, 0.00084905996, 0.0011795003, 0.0013441222, 0.0016821795, 0.0020369366, 0.0022184157, 0.002570478, 0.0028690477, 0.0030704841, 0.0031266056, 0.00315251, 0.0030875474, 0.0030339768, 0.0029097584, 0.0027880047, 0.002733609, 0.0026357525, 0.002537295, 0.0024064584, 0.0023195862, 0.0021022814, 0.001854942, 0.001741672, 0.0015972375, 0.0016363116, 0.0018125714, 0, 0, 0, 0, 0, 0, 0, 0, 0, 0, 0, 0, 0, 0, 0, 0, 0, 0, 0, 0, 0, 0, 0, 0, 0, 0, 0, 0, 0, 0, 0, 0, 0, 0, 0, 0, 0, 0, 0, 0
0, 0, 0, 0, 0, 0, 0, 0, 0, 0, 0, 0, 0, 0, -0.0043299994, -0.0043326383, -0.003981847, -0.0036644752, -0.0036196134, -0.0031398374, -0.0022716816, -0.0019076574, -0.0016290965, -0.0017489255, -0.001902288, -0.0023361917, -0.0029301592, -0.0036812918, -0.0040982026, -0.004950607, -0.005724862, -0.0060464996, -0.006523453, -0.0068011894, -0.006975265, -0.007058282, -0.007255135, -0.0074829236, -0.0075879977, -0.0077307397, -0.0077353786, -0.0076798806, -0.0074647535, -0.007148483, -0.006788377, -0.0066105113, -0.0062851273, -0.0060164756, -0.005901538, -0.0056937723, -0.005495388, -0.0053019794, -0.0052113617, -0.0050559663, -0.004943136, -0.0049012173, -0.0048360866, -0.0047796518, -0.00474903, -0.004670263, -0.0045571425, -0.004405079, -0.0043164766, -0.0041255746, -0.0039277985, -0.0038275798, -0.0036168788, -0.003378578, -0.0031059328, -0.0029598076, -0.0026624266, -0.0023756698, -0.0022400934, -0.0019831269, -0.0017330396, -0.0014672008, -0.0013194846, -0.0009783737, -0.00056983705, -0.00034445996, 0.00012462524, 0.00057696656, 0.00078385224, 0.0011463533, 0.0014445401, 0.0016980756, 0.001817642, 0.002064341, 0.0023455587, 0.0025034018, 0.0028433732, 0.0031797283, 0.003455346, 0.003554991, 0.0036611017, 0.0036462548, 0.0036011594, 0.0034597013, 0.003282958, 0.0031923545, 0.003019612, 0.0028591817, 0.002693385, 0.0026008931, 0.0023905428, 0.002167118, 0.0020709236, 0.0019778078, 0.0020876525, 0, 0, 0, 0, 0, 0, 0, 0, 0, 0, 0, 0, 0, 0, 0, 0, 0, 0, 0, 0, 0, 0, 0, 0, 0, 0, 0, 0, 0, 0, 0, 0, 0, 0, 0, 0, 0, 0, 0, 0, 0
0, 0, 0, 0, 0, 0, 0, 0, 0, -0.0010227009, -0.0017009119, -0.002058537, -0.0023192053, -0.0021576025, -0.0024353596, -0.0029423188, -0.0032184634, -0.003220452, -0.0032114384, -0.0030271492, -0.0025158604, -0.0022214325, -0.0018044548, -0.001714786, -0.0017804333, -0.002081732, -0.002559613, -0.003174604, -0.0035218836, -0.0042584613, -0.0049816775, -0.005309073, -0.005854128, -0.0062459824, -0.0065399613, -0.00667494, -0.0069560166, -0.0072482927, -0.007384744, -0.0076012746, -0.007702072, -0.00770189, -0.0075994087, -0.0073798317, -0.007082361, -0.0069208965, -0.0066030943, -0.006314349, -0.0061798133, -0.0059147654, -0.0056328946, -0.0053277747, -0.005172142, -0.0048756455, -0.0046230997, -0.004518423, -0.004356159, -0.004247758, -0.0042082565, -0.0041382518, -0.004054411, -0.003932099, -0.0038548477, -0.0036736547, -0.0034670122, -0.0033560372, -0.0031149322, -0.0028394426, -0.002532958, -0.002373306, -0.0020599798, -0.0017735539, -0.0016437682, -0.0014078779, -0.0011909519, -0.0009662323, -0.0008402779, -0.0005403481, -0.00016345031, 5.1698757e-05, 0.00051335804, 0.0009739275, 0.001187917, 0.0015622898, 0.0018547109, 0.00207518, 0.0021670803, 0.0023389927, 0.0025308083, 0.0026437265, 0.0029080869, 0.003201089, 0.0034764924, 0.0035917119, 0.0037526963, 0.0038073794, 0.0037951246, 0.0037022738, 0.0035443564, 0.00345049, 0.0032521829, 0.0030520956, 0.002849721, 0.0027457934, 0.0025355725, 0.0023561192, 0.0023049884, 0.0023533357, 0.002595994, 0, 0, 0, 0, 0, 0, 0, 0, 0, 0, 0, 0, 0, 0, 0, 0, 0, 0, 0, 0, 0, 0, 0, 0, 0, 0, 0, 0, 0, 0, 0, 0, 0, 0, 0, 0, 0, 0, 0, 0, 0
-0.0027304245, -0.0028692414, -0.0031482414, -0.0030212463, -0.0026997672, -0.0014133503, 0.0004005966, 0.0011834045, 0.0017805476, 0.00069216354, -0.00037158496, -0.000820302, -0.0013629952, -0.0014510553, -0.0015183387, -0.0018592202, -0.0023315793, -0.0026884272, -0.002802101, -0.0028431104, -0.0025801223, -0.0023713266, -0.0019749547, -0.0017803997, -0.001781692, -0.0019565828, -0.002301508, -0.0027537856, -0.0030084474, -0.0035569312, -0.004122363, -0.0043946113, -0.004887608, -0.0052970024, -0.005645142, -0.0058094803, -0.006135981, -0.00645349, -0.006598961, -0.0068391957, -0.00698707, -0.007021262, -0.007007734, -0.0068949875, -0.0067132465, -0.006610807, -0.0064084316, -0.006224606, -0.006135409, -0.0059395498, -0.0056882533, -0.005369278, -0.0051899888, -0.0048155645, -0.00445671, -0.0042946567, -0.004022102, -0.003828103, -0.0037582777, -0.003656755, -0.003575213, -0.0034808733, -0.0034233765, -0.0032876867, -0.0031295198, -0.0030427775, -0.0028498871, -0.0026259292, -0.0023725687, -0.0022387882, -0.0019697424, -0.0017081734, -0.0015817205, -0.0013397745, -0.0011085578, -0.00087757746, -0.00075549685, -0.0004803502, -0.00014691515, 4.3674532e-05, 0.00046127028, 0.0008975162, 0.0011093178, 0.0014979392, 0.0018225001, 0.0020775502, 0.0021825738, 0.0023635942, 0.0025326987, 0.0026218048, 0.0028188948, 0.0030357495, 0.0032503349, 0.0033480464, 0.003507823, 0.003605114, 0.0036265673, 0.003614625, 0.0035346933, 0.0034732951, 0.0033175761, 0.0031291205, 0.0029160883, 0.0028043694, 0.0025943986, 0.0024756, 0.0024941417, 0.0027613917, 0, 0, 0, 0, 0, 0, 0, 0, 0, 0, 0, 0, 0, 0, 0, 0, 0, 0, 0, 0, 0, 0, 0, 0, 0, 0, 0, 0, 0, 0, 0, 0, 0, 0, 0, 0, 0, 0, 0, 0, 0, 0
-0.0010684674, -0.0010423511, -0.00089623133, -0.000562671, -0.0003193765, 0.0003689191, 0.0012981232, 0.0017488353, 0.002231194, 0.0018672384, 0.0011253341, 0.0007271723, 5.6949706e-05, -0.00031226073, -0.00043634686, -0.0007420669, -0.0011949681, -0.001682624, -0.0018879849, -0.002135097, -0.0021083364, -0.0020093701, -0.0017581636, -0.0015959914, -0.0015843294, -0.0017007587, -0.001953988, -0.0022771065, -0.002451723, -0.0028171663, -0.0031972113, -0.0033877757, -0.0037614314, -0.004119497, -0.0044689714, -0.004644083, -0.0049912105, -0.005315185, -0.0054588076, -0.005691709, -0.00583883, -0.005878438, -0.0058925813, -0.0058361883, -0.0057429117, -0.0056961617, -0.0056252615, -0.005585365, -0.005568149, -0.0055073122, -0.0053726253, -0.005144592, -0.004998781, -0.0046645743, -0.0043085334, -0.0041354094, -0.003821335, -0.0035709683, -0.0034724183, -0.0033192814, -0.0032036689, -0.0030980746, -0.0030441058, -0.0029333895, -0.0028230632, -0.0027684546, -0.0026591988, -0.0025429162, -0.0024133206, -0.002342068, -0.002183465, -0.0019968555, -0.0018916853, -0.0016623877, -0.0014189406, -0.0011761157, -0.0010559044, -0.0008101032, -0.0005429516, -0.00039653783, -7.631258e-05, 0.0002715502, 0.00045025354, 0.00080669177, 0.0011472647, 0.0014618055, 0.0016074552, 0.0018773237, 0.0021208918, 0.002234626, 0.0024452778, 0.002631992, 0.002790659, 0.0028593831, 0.0029796346, 0.0030787333, 0.0031197346, 0.0031811765, 0.003204864, 0.0031989305, 0.003145643, 0.0030311584, 0.0028551961, 0.0027517402, 0.002559177, 0.0025160613, 0.002618051, 0.0031094344, 0, 0, 0, 0, 0, 0, 0, 0, 0, 0, 0, 0, 0, 0, 0, 0, 0, 0, 0, 0, 0, 0, 0, 0, 0, 0, 0, 0, 0, 0, 0, 0, 0, 0, 0, 0, 0, 0, 0, 0, 0, 0
0.00084783847, 0.0008729388, 0.0010606312, 0.0013241615, 0.0014584718, 0.0017627894, 0.0021771307, 0.0024116589, 0.0027775392, 0.002773045, 0.0023992353, 0.0021261729, 0.0015424311, 0.0010669844, 0.0008826841, 0.00054385833, 0.00013801389, -0.00034769851, -0.00058936403, -0.0009830982, -0.0011796559, -0.0012025362, -0.0011614837, -0.0011175233, -0.0011278815, -0.0012313895, -0.0014196717, -0.0016430713, -0.0017555805, -0.001976408, -0.0021953322, -0.0023079247, -0.0025504641, -0.002829776, -0.0031536208, -0.003329281, -0.0036884737, -0.0040236586, -0.0041692792, -0.0044002277, -0.004540225, -0.0045761103, -0.0045890776, -0.004547798, -0.0044964086, -0.004481462, -0.0044895266, -0.0045407517, -0.004570402, -0.0046061208, -0.0045751673, -0.004461745, -0.0043766773, -0.0041655838, -0.003923951, -0.0038013125, -0.003568779, -0.003370151, -0.00328512, -0.0031381515, -0.0030043963, -0.0028680905, -0.002799092, -0.0026677537, -0.0025609834, -0.0025209298, -0.002471292, -0.0024562718, -0.002459717, -0.0024604897, -0.0024403457, -0.0023670872, -0.0023054949, -0.0021354442, -0.0019245996, -0.0017048885, -0.0015990769, -0.0014002763, -0.0012140791, -0.0011222509, -0.00093310955, -0.00072555227, -0.00061135035, -0.00035622952, -6.3452935e-05, 0.0002650534, 0.0004392095, 0.0007982029, 0.0011542175, 0.0013234199, 0.0016278262, 0.0018685777, 0.0020376896, 0.0020994423, 0.0021944526, 0.0022804197, 0.0023277157, 0.0024359839, 0.0025540995, 0.0026092834, 0.0026903318, 0.0027020455, 0.0026253348, 0.0025618826, 0.0024454158, 0.0024994556, 0.0026636317, 0, 0, 0, 0, 0, 0, 0, 0, 0, 0, 0, 0, 0, 0, 0, 0, 0, 0, 0, 0, 0, 0, 0, 0, 0, 0, 0, 0, 0, 0, 0, 0, 0, 0, 0, 0, 0, 0, 0, 0, 0, 0, 0
0.0019515416, 0.0019172351, 0.0019731526, 0.0021113402, 0.0021831982, 0.002340518, 0.0025635434, 0.0027047615, 0.00299124, 0.0031458884, 0.0030589646, 0.0029272207, 0.0025523289, 0.0021486306, 0.001965803, 0.0016293981, 0.0012648465, 0.0008208617, 0.00057773624, 0.0001098694, -0.00025198184, -0.0003766334, -0.00052739674, -0.0006030561, -0.0006358453, -0.0007176857, -0.00082630804, -0.0009443207, -0.0010003155, -0.0011022182, -0.0011965379, -0.0012477037, -0.0013802524, -0.001581272, -0.0018653774, -0.00203308, -0.002391915, -0.0027352495, -0.0028864094, -0.003127341, -0.00327618, -0.0033162148, -0.0033398927, -0.0033167347, -0.0032934323, -0.0032948304, -0.0033350743, -0.0034110963, -0.0034499443, -0.0035027312, -0.0035016993, -0.0034455142, -0.00340178, -0.003297695, -0.0031914387, -0.0031439543, -0.0030699095, -0.0030262454, -0.0030111077, -0.0029762636, -0.0029069334, -0.0027880373, -0.0027140998, -0.002558307, -0.002426757, -0.002381155, -0.0023439815, -0.0023804556, -0.0024717338, -0.0025262008, -0.0026223117, -0.0026649483, -0.0026577928, -0.0025864698, -0.00245944, -0.00230946, -0.0022351977, -0.0020991846, -0.0019884794, -0.0019429324, -0.0018664747, -0.0017916363, -0.001746313, -0.0016197017, -0.0014277422, -0.0011609689, -0.0010008626, -0.00063552434, -0.00022961745, -2.2374115e-05, 0.00037658552, 0.0007163797, 0.0009679704, 0.0010595553, 0.0011914332, 0.0012927378, 0.0013465271, 0.0014830637, 0.0016672178, 0.0017723084, 0.0019817783, 0.0021437528, 0.0022235713, 0.0022427747, 0.002329473, 0.0026229175, 0.0027581067, 0, 0, 0, 0, 0, 0, 0, 0, 0, 0, 0, 0, 0, 0, 0, 0, 0, 0, 0, 0, 0, 0, 0, 0, 0, 0, 0, 0, 0, 0, 0, 0, 0, 0, 0, 0, 0, 0, 0, 0, 0, 0, 0
0.0022373502, 0.002159514, 0.0021047487, 0.0021622297, 0.0022098366, 0.0023355233, 0.0025125847, 0.0026221713, 0.0028586418, 0.003045781, 0.0030942087, 0.0030527695, 0.0028555053, 0.0025706955, 0.00241936, 0.0021149227, 0.0017808874, 0.0013772727, 0.0011487837, 0.00067127787, 0.00023527777, 5.4614353e-05, -0.00021216503, -0.00036214376, -0.0004037003, -0.00044593215, -0.00045989998, -0.00046192744, -0.00046101896, -0.00045460658, -0.00044769008, -0.00045051792, -0.00049117376, -0.0006126807, -0.00083275966, -0.000974591, -0.0012915187, -0.0016083965, -0.0017516143, -0.0019895376, -0.0021498993, -0.0022012258, -0.0022546193, -0.0022698906, -0.0022858677, -0.0023046597, -0.002368291, -0.0024479728, -0.0024820515, -0.0025190879, -0.0025037804, -0.0024463537, -0.0024091266, -0.0023365603, -0.0022925923, -0.0022906826, -0.002339231, -0.0024522617, -0.0025229247, -0.0026568722, -0.0027322185, -0.0027192566, -0.002681402, -0.0025682522, -0.0024493937, -0.0024040844, -0.0023652362, -0.0024110111, -0.0025337734, -0.0026133591, -0.0027771813, -0.0029075234, -0.0029501303, -0.0029855825, -0.0029673742, -0.002917386, -0.0028874082, -0.0028269321, -0.0027776023, -0.0027608343, -0.002741719, -0.0027314508, -0.0027215378, -0.0026742676, -0.0025721958, -0.0024030504, -0.002292472, -0.0020182645, -0.0016771911, -0.0014855344, -0.001078391, -0.0006769106, -0.00032718238, -0.00018145263, 5.0475872e-05, 0.00022371845, 0.00030205533, 0.00047405538, 0.0006977043, 0.00083260395, 0.0011322255, 0.001427017, 0.0016781411, 0.0018016418, 0.0022007425, 0.0033042787, 0.0037873348, 0, 0, 0, 0, 0, 0, 0, 0, 0, 0, 0, 0, 0, 0, 0, 0, 0, 0, 0, 0, 0, 0, 0, 0, 0, 0, 0, 0, 0, 0, 0, 0, 0, 0, 0, 0, 0, 0, 0, 0, 0, 0, 0
0.0021330826, 0.0020400214, 0.0019340027, 0.0019467283, 0.0019789825, 0.0020785567, 0.002221091, 0.0023066034, 0.0024900348, 0.0026483801, 0.0027228768, 0.002714798, 0.0026053933, 0.0023968727, 0.0022695712, 0.0019872352, 0.0016678215, 0.0012949759, 0.0010874737, 0.0006453093, 0.00021271207, 1.8551431e-05, -0.0002951191, -0.000489894, -0.00054355664, -0.0005779222, -0.00054477813, -0.00047884477, -0.00044084602, -0.00036198657, -0.00028363225, -0.00024919075, -0.00020779541, -0.00023265326, -0.00034128674, -0.00042350174, -0.000622803, -0.0008372814, -0.0009401296, -0.0011223864, -0.0012638604, -0.0013177946, -0.0013972686, -0.0014552274, -0.0015190289, -0.0015595444, -0.0016569796, -0.0017563062, -0.0017959469, -0.0018385822, -0.0018252495, -0.0017638541, -0.001721738, -0.001633308, -0.0015750194, -0.0015714596, -0.0016380481, -0.0018062835, -0.001918641, -0.0021601121, -0.002367275, -0.00249486, -0.0025259522, -0.0025364575, -0.0025109998, -0.0024982241, -0.002499811, -0.0025631806, -0.002696327, -0.0027837686, -0.002976012, -0.0031559148, -0.0032319475, -0.0033502984, -0.003429855, -0.0034831506, -0.003503092, -0.0035315643, -0.0035478042, -0.0035518191, -0.003551866, -0.0035358283, -0.0035187192, -0.0034626033, -0.0033790267, -0.0032735828, -0.003212818, -0.0030660492, -0.0028658567, -0.0027384257, -0.0024258306, -0.0020523795, -0.001655006, -0.0014618469, -0.0011094626, -0.0008164599, -0.00068930327, -0.00045135772, -0.00019493439, -4.752897e-05, 0.00029072096, 0.0006645281, 0.0010435387, 0.0012445328, 0.0017685988, 0, 0, 0, 0, 0, 0, 0, 0, 0, 0, 0, 0, 0, 0, 0, 0, 0, 0, 0, 0, 0, 0, 0, 0, 0, 0, 0, 0, 0, 0, 0, 0, 0, 0, 0, 0, 0, 0, 0, 0, 0, 0, 0, 0, 0
0.0018903924, 0.001801444, 0.0016784673, 0.0016482878, 0.0016507509, 0.0016756674, 0.0017273496, 0.0017645209, 0.0018561926, 0.0019461064, 0.0019926566, 0.0019884123, 0.0019131686, 0.001755682, 0.0016522293, 0.001409182, 0.0011277852, 0.0008075538, 0.00063274143, 0.00025946143, -0.00012308438, -0.00030579072, -0.0006302754, -0.000872014, -0.0009563988, -0.0010540627, -0.0010743403, -0.0010464294, -0.0010214781, -0.0009559812, -0.0008726505, -0.0008264117, -0.00073623453, -0.000666674, -0.00063267496, -0.000628919, -0.0006422911, -0.00067653414, -0.00069993635, -0.0007545531, -0.00081494753, -0.00084504246, -0.0009048397, -0.0009714051, -0.0010594336, -0.001114162, -0.0012393891, -0.0013653189, -0.0014188242, -0.0014938856, -0.0015155785, -0.0014828845, -0.0014486827, -0.0013591645, -0.0012749956, -0.0012506933, -0.0012652479, -0.0013773948, -0.0014659341, -0.0016801405, -0.0019037146, -0.0020996905, -0.0021821745, -0.0023165864, -0.002419735, -0.0024652118, -0.002561167, -0.0026863404, -0.002854931, -0.0029538767, -0.0031651224, -0.0033680953, -0.0034597116, -0.0036217102, -0.0037639572, -0.0038996309, -0.003966427, -0.004094005, -0.004200709, -0.004240181, -0.00427931, -0.004254563, -0.0042178407, -0.004108618, -0.0039814897, -0.0038728772, -0.003831436, -0.0037672217, -0.0036945264, -0.0036394096, -0.0034648823, -0.0031887856, -0.0028170666, -0.0026060948, -0.0021664812, -0.0017481493, -0.0015589084, -0.0012232066, -0.0009194027, -0.000765329, -0.00042939946, -4.7783113e-05, 0.00037927984, 0.0006235166, 0.001256701, 0, 0, 0, 0, 0, 0, 0, 0, 0, 0, 0, 0, 0, 0, 0, 0, 0, 0, 0, 0, 0, 0, 0, 0, 0, 0, 0, 0, 0, 0, 0, 0, 0, 0, 0, 0, 0, 0, 0, 0, 0, 0, 0, 0, 0
0.001485289, 0.0014048392, 0.0012577382, 0.001155619, 0.0011090088, 0.0010145478, 0.00093078316, 0.00089954777, 0.00086319476, 0.0008510179, 0.0008356591, 0.0008182569, 0.00075250573, 0.0006430186, 0.00057352375, 0.00040921694, 0.00021601294, -6.9902303e-06, -0.0001313157, -0.00040622946, -0.00070918014, -0.0008658948, -0.001173365, -0.0014493628, -0.001567959, -0.001759379, -0.001892585, -0.0019780667, -0.0020055175, -0.002031074, -0.002015138, -0.0019913632, -0.001914716, -0.0018051553, -0.0016709386, -0.0015974343, -0.0014462996, -0.0013047338, -0.0012434713, -0.0011435027, -0.001074709, -0.0010501395, -0.0010200132, -0.001020502, -0.0010602149, -0.0010958782, -0.0011926864, -0.0013040444, -0.001357883, -0.0014488435, -0.0015051527, -0.0015162465, -0.0015036736, -0.0014474842, -0.001372489, -0.0013397447, -0.0013049715, -0.0013248909, -0.0013554567, -0.0014480479, -0.0015701383, -0.0017109024, -0.0017867917, -0.0019468365, -0.002114157, -0.0022001725, -0.002382676, -0.0025875901, -0.0028187884, -0.0029407004, -0.003181579, -0.0033980985, -0.00349365, -0.0036642645, -0.0038274138, -0.0040065567, -0.004106329, -0.004321745, -0.0045384844, -0.0046344567, -0.0047747516, -0.0048159263, -0.0047953613, -0.0046860217, -0.0045293653, -0.0043859957, -0.004333719, -0.004273465, -0.0042497595, -0.0042357557, -0.004165994, -0.003996654, -0.0036978081, -0.003500921, -0.0030362904, -0.0025343932, -0.002291183, -0.0018516618, -0.0014822787, -0.0013159524, -0.0009961788, -0.00066960714, -0.0003142878, -0.00010395598, 0, 0, 0, 0, 0, 0, 0, 0, 0, 0, 0, 0, 0, 0, 0, 0, 0, 0, 0, 0, 0, 0, 0, 0, 0, 0, 0, 0, 0, 0, 0, 0, 0, 0, 0, 0, 0, 0, 0, 0, 0, 0, 0, 0, 0, 0
0.0008757057, 0.00079905224, 0.0006017205, 0.00040086397, 0.0002979661, 8.611012e-05, -0.00011721511, -0.00020878596, -0.00036362975, -0.0004850919, -0.00058636913, -0.0006336804, -0.0007264366, -0.000820974, -0.0008694278, -0.0009711448, -0.0010827719, -0.0012135222, -0.0012893988, -0.001467661, -0.0016843191, -0.0018059487, -0.002066412, -0.0023324129, -0.002460335, -0.0026973826, -0.0029021665, -0.0030709025, -0.0031401766, -0.0032440107, -0.00329779, -0.0033049153, -0.0032780317, -0.00319498, -0.0030573015, -0.0029711134, -0.0027775383, -0.00257665, -0.0024796305, -0.002297768, -0.002131484, -0.0020527632, -0.001905564, -0.0017794988, -0.0016886641, -0.0016591091, -0.0016320955, -0.0016398289, -0.0016534693, -0.0016922479, -0.0017330627, -0.0017575074, -0.0017587135, -0.001736797, -0.0016903462, -0.0016633213, -0.0016117558, -0.0015700983, -0.0015537573, -0.001530815, -0.001525147, -0.0015463985, -0.0015695845, -0.0016433762, -0.0017556631, -0.0018274393, -0.0020063978, -0.002234947, -0.002501308, -0.0026400306, -0.0029055295, -0.0031309805, -0.0032252015, -0.0033855282, -0.0035342162, -0.0037084678, -0.0038136842, -0.004066532, -0.004364131, -0.004517814, -0.0047982787, -0.004992112, -0.0050426214, -0.0050475877, -0.004951701, -0.004813311, -0.004747314, -0.0046475893, -0.0045983857, -0.0045858435, -0.004553454, -0.0044591427, -0.004244993, -0.0040836916, -0.0036588565, -0.0031439306, -0.0028767218, -0.0023696728, -0.0019356766, -0.001750475, -0.0014383012, -0.0011992716, -0.0010234591, -0.0009188899, 0, 0, 0, 0, 0, 0, 0, 0, 0, 0, 0, 0, 0, 0, 0, 0, 0, 0, 0, 0, 0, 0, 0, 0, 0, 0, 0, 0, 0, 0, 0, 0, 0, 0, 0, 0, 0, 0, 0, 0, 0, 0, 0, 0, 0, 0
0.00018921767, 0.0001146818, -0.00013820497, -0.00042828883, -0.00057319645, -0.0008537917, -0.0011135333, -0.001234072, -0.0014570407, -0.0016606513, -0.0018485216, -0.0019362669, -0.0020983515, -0.0022430199, -0.0023097137, -0.0024343424, -0.002550918, -0.0026658615, -0.002725915, -0.0028590134, -0.003019738, -0.0031126381, -0.0033201522, -0.0035433923, -0.0036551175, -0.0038698507, -0.0040635522, -0.00422578, -0.004292042, -0.00439023, -0.004443434, -0.0044550193, -0.0044495137, -0.004407034, -0.004327923, -0.004276869, -0.0041599195, -0.0040323893, -0.0039661587, -0.0038253767, -0.003663576, -0.003571974, -0.0033677935, -0.0031444645, -0.0029191996, -0.002810764, -0.0026120788, -0.0024487947, -0.0023841115, -0.002290923, -0.0022383183, -0.002205326, -0.0021891037, -0.0021494788, -0.002097737, -0.0020687582, -0.0020064216, -0.001939191, -0.0019036925, -0.001829444, -0.0017548411, -0.0016861376, -0.0016555007, -0.0016054782, -0.0015836047, -0.0015903625, -0.001655651, -0.0018016017, -0.0020166717, -0.0021396372, -0.0023871465, -0.0026048666, -0.0026954424, -0.002840882, -0.002956813, -0.0030788998, -0.0031552028, -0.0033605674, -0.0036514893, -0.0038251593, -0.004200078, -0.004552437, -0.0046970216, -0.0048925346, -0.0049516954, -0.0048991367, -0.0048476243, -0.004732135, -0.00464098, -0.004611212, -0.004573197, -0.004521183, -0.004389768, -0.0042771646, -0.0039459905, -0.0034974471, -0.0032471824, -0.0027423778, -0.0022872274, -0.0020945512, -0.0018004735, -0.0016648021, -0.0016819822, 0, 0, 0, 0, 0, 0, 0, 0, 0, 0, 0, 0, 0, 0, 0, 0, 0, 0, 0, 0, 0, 0, 0, 0, 0, 0, 0, 0, 0, 0, 0, 0, 0, 0, 0, 0, 0, 0, 0, 0, 0, 0, 0, 0, 0, 0, 0
-0.00036659447, -0.0004346634, -0.0007143699, -0.0010489046, -0.0012099858, -0.001504766, -0.0017662466, -0.0018891923, -0.0021316598, -0.0023774495, -0.0026257797, -0.0027487387, -0.0029881198, -0.003218542, -0.0033309574, -0.0035482103, -0.0037480618, -0.0039243815, -0.004003906, -0.004154246, -0.0043099136, -0.0043944125, -0.0045771915, -0.0047688885, -0.004863517, -0.0050408235, -0.0051927795, -0.005307265, -0.005347105, -0.0053911894, -0.0053957514, -0.0053888024, -0.0053658844, -0.005339102, -0.005312258, -0.0053000804, -0.0052782292, -0.0052565415, -0.005242346, -0.005195272, -0.005107665, -0.0050442424, -0.0048756683, -0.004656908, -0.0043966793, -0.004254628, -0.0039582555, -0.003666872, -0.0035319184, -0.0032961885, -0.0031068611, -0.002949038, -0.0028769989, -0.002739852, -0.0026118145, -0.0025520548, -0.0024426887, -0.0023461778, -0.0023021612, -0.0022193433, -0.0021364016, -0.002040215, -0.001982522, -0.0018451744, -0.0016925234, -0.001621764, -0.0015206282, -0.0015035511, -0.0015791153, -0.0016453181, -0.0018126881, -0.0019913402, -0.0020733578, -0.0022067295, -0.002291093, -0.0023414916, -0.0023665288, -0.0024521744, -0.0026291616, -0.002761274, -0.003104199, -0.0035070737, -0.0037068296, -0.004053755, -0.004282167, -0.0043707383, -0.004368786, -0.0043050065, -0.0042166593, -0.004180671, -0.0041382327, -0.00411863, -0.00406825, -0.0040120315, -0.0038117394, -0.0034902212, -0.0032932723, -0.0028663883, -0.0024698905, -0.0023135443, -0.0021326349, -0.0021443472, 0, 0, 0, 0, 0, 0, 0, 0, 0, 0, 0, 0, 0, 0, 0, 0, 0, 0, 0, 0, 0, 0, 0, 0, 0, 0, 0, 0, 0, 0, 0, 0, 0, 0, 0, 0, 0, 0, 0, 0, 0, 0, 0, 0, 0, 0, 0, 0
-0.00067506114, -0.0007311324, -0.0010016566, -0.0013377693, -0.0014985603, -0.001788207, -0.0020439457, -0.0021659005, -0.002411947, -0.0026702546, -0.0029400173, -0.0030772137, -0.0033546353, -0.0036388044, -0.0037834176, -0.0040719477, -0.004343111, -0.004579139, -0.004682317, -0.0048675607, -0.0050439374, -0.005134688, -0.0053234086, -0.0055150455, -0.0056085163, -0.005782632, -0.0059305024, -0.0060388953, -0.0060748938, -0.0061107944, -0.006109986, -0.006102483, -0.0060858945, -0.0060776453, -0.006081667, -0.0060875793, -0.006104916, -0.006122589, -0.0061271223, -0.006118403, -0.0060738134, -0.0060359966, -0.00592982, -0.005785319, -0.005601103, -0.005493199, -0.005246814, -0.004971549, -0.0048295623, -0.0045469007, -0.0042684283, -0.003989821, -0.0038497653, -0.0035732791, -0.003314118, -0.003195665, -0.0029873583, -0.0028202464, -0.002752045, -0.0026414646, -0.0025500325, -0.0024476522, -0.0023816647, -0.0022056773, -0.0019757876, -0.0018503177, -0.0016098126, -0.0014246742, -0.0013263102, -0.0013128537, -0.0013511927, -0.0014529958, -0.0015150382, -0.0016299153, -0.0016960743, -0.0016971393, -0.0016793826, -0.0016426623, -0.001660036, -0.0017072884, -0.0018952771, -0.0021936775, -0.0023693093, -0.0027300427, -0.0030431286, -0.0032536355, -0.003313561, -0.0033540402, -0.0033296994, -0.0033120252, -0.0032952698, -0.0033132927, -0.0033389986, -0.0033382836, -0.0032751914, -0.003103292, -0.0029758362, -0.0026700196, -0.0024025347, -0.0023478912, -0.0025078712, -0.002732007, 0, 0, 0, 0, 0, 0, 0, 0, 0, 0, 0, 0, 0, 0, 0, 0, 0, 0, 0, 0, 0, 0, 0, 0, 0, 0, 0, 0, 0, 0, 0, 0, 0, 0, 0, 0, 0, 0, 0, 0, 0, 0, 0, 0, 0, 0, 0, 0
-0.00075874716, -0.0008035846, -0.00105352, -0.0013837665, -0.0015476345, -0.001853691, -0.002131473, -0.002263132, -0.0025199235, -0.0027745499, -0.0030297076, -0.0031576075, -0.0034161338, -0.003682219, -0.003818323, -0.004090495, -0.00434679, -0.0045709163, -0.004670232, -0.0048522563, -0.0050293407, -0.005121037, -0.0053132023, -0.0055131875, -0.005614317, -0.0058147535, -0.0060038804, -0.0061679413, -0.0062368377, -0.0063457885, -0.006423711, -0.00645574, -0.006514243, -0.0065687, -0.0066151414, -0.0066331383, -0.006654851, -0.006653815, -0.0066429754, -0.006599091, -0.006526399, -0.0064823967, -0.006389715, -0.0063007586, -0.006214488, -0.006168595, -0.0060615623, -0.0059251077, -0.0058438606, -0.0056483774, -0.0053997156, -0.005092517, -0.0049198107, -0.0045522037, -0.0041825003, -0.004005984, -0.0036822981, -0.0034087752, -0.0032926195, -0.0030995249, -0.0029470848, -0.0028042595, -0.0027239919, -0.0025247843, -0.0022652568, -0.0021167174, -0.0018034347, -0.0015037622, -0.0012579542, -0.001165826, -0.001055748, -0.0010422748, -0.0010626742, -0.001125346, -0.001169203, -0.0011547962, -0.0011242857, -0.0010347983, -0.0009479997, -0.00092214433, -0.00093106367, -0.0010401334, -0.0011316468, -0.0013712154, -0.0016438429, -0.0018920966, -0.0019922138, -0.0021321317, -0.0022008962, -0.0022199207, -0.0022567648, -0.0023175548, -0.002402383, -0.0024433443, -0.0024903638, -0.0024501667, -0.002389806, -0.0022126068, -0.0020879435, -0.0021498199, -0.00299626, 0, 0, 0, 0, 0, 0, 0, 0, 0, 0, 0, 0, 0, 0, 0, 0, 0, 0, 0, 0, 0, 0, 0, 0, 0, 0, 0, 0, 0, 0, 0, 0, 0, 0, 0, 0, 0, 0, 0, 0, 0, 0, 0, 0, 0, 0, 0, 0, 0
-0.00072429253, -0.00076460536, -0.0010098922, -0.0013572113, -0.0015382374, -0.0018888707, -0.0022097682, -0.0023564356, -0.0026238959, -0.0028619585, -0.0030802141, -0.003184749, -0.0033878812, -0.0035859228, -0.0036826849, -0.0038688655, -0.0040371013, -0.0041832263, -0.0042494917, -0.004377275, -0.0045122798, -0.004585931, -0.004748065, -0.004930296, -0.00502916, -0.005242625, -0.0054695755, -0.0056947176, -0.0058019212, -0.0060002645, -0.00617919, -0.006263241, -0.0064229267, -0.0065670675, -0.0066828886, -0.006726416, -0.0067792553, -0.006784423, -0.0067687915, -0.0067025027, -0.0065993066, -0.006540742, -0.006429227, -0.0063464753, -0.006302797, -0.0062940037, -0.006291618, -0.0062903785, -0.006281539, -0.0062265294, -0.0060963943, -0.005873791, -0.005729336, -0.005390966, -0.005014335, -0.0048213927, -0.004440961, -0.0040827566, -0.0039164107, -0.003615442, -0.0033567108, -0.0031244692, -0.0030093864, -0.0027650879, -0.0024870583, -0.002333913, -0.0020049333, -0.0016587075, -0.0013232171, -0.0011708164, -0.0009206072, -0.00075926085, -0.00071011647, -0.0006563128, -0.0006277094, -0.0005897337, -0.0005622077, -0.0004891631, -0.00039904687, -0.0003522455, -0.00027111892, -0.00023368026, -0.00024099891, -0.00031750702, -0.00046785848, -0.00065983157, -0.0007587199, -0.00094022934, -0.0010841052, -0.0011425937, -0.0012449984, -0.0013499853, -0.0014699112, -0.0015327614, -0.0016399397, -0.0016878328, -0.0016825952, -0.0016469111, -0.0017026874, -0.0018008278, 0, 0, 0, 0, 0, 0, 0, 0, 0, 0, 0, 0, 0, 0, 0, 0, 0, 0, 0, 0, 0, 0, 0, 0, 0, 0, 0, 0, 0, 0, 0, 0, 0, 0, 0, 0, 0, 0, 0, 0, 0, 0, 0, 0, 0, 0, 0, 0, 0, 0
-0.0006841709, -0.0007251047, -0.0009824262, -0.0013605849, -0.0015615671, -0.0019517743, -0.0022988087, -0.0024502394, -0.0027083794, -0.0029166553, -0.0030925767, -0.00317277, -0.0033210886, -0.003452347, -0.0035108386, -0.00361287, -0.0036954859, -0.0037619171, -0.0037913455, -0.0038498675, -0.0039179455, -0.0039582346, -0.004055607, -0.0041814344, -0.004257189, -0.0044361535, -0.0046446505, -0.00486656, -0.0049772793, -0.005192454, -0.0054001436, -0.005503076, -0.0057082195, -0.0059070787, -0.006086126, -0.006163874, -0.006289243, -0.0063691423, -0.0063899443, -0.00639055, -0.0063420366, -0.0063050315, -0.0062244018, -0.006157967, -0.006121105, -0.0061155283, -0.006126908, -0.0061582653, -0.0061750184, -0.006191888, -0.0061614886, -0.0060623996, -0.005985311, -0.005781706, -0.0055232635, -0.005377346, -0.005057958, -0.0047103944, -0.0045308517, -0.0041719354, -0.0038239309, -0.003490375, -0.003327796, -0.0030076285, -0.0026924598, -0.0025353008, -0.0022157673, -0.0018782975, -0.0015206401, -0.001338968, -0.0009876885, -0.0006743276, -0.0005371497, -0.00030411693, -0.00012415924, 5.1633724e-06, 5.185863e-05, 0.000117881675, 0.00016716792, 0.00019365852, 0.00025822732, 0.0003298202, 0.00035988167, 0.00039034087, 0.00036594336, 0.0002833008, 0.00022245136, 7.129464e-05, -0.00010095466, -0.00018788369, -0.000353371, -0.00050340104, -0.00064250134, -0.00070874294, -0.0008266223, -0.0009073449, -0.00093496515, -0.0010353272, -0.0014981721, -0.0020795658, 0, 0, 0, 0, 0, 0, 0, 0, 0, 0, 0, 0, 0, 0, 0, 0, 0, 0, 0, 0, 0, 0, 0, 0, 0, 0, 0, 0, 0, 0, 0, 0, 0, 0, 0, 0, 0, 0, 0, 0, 0, 0, 0, 0, 0, 0, 0, 0, 0, 0
-0.00070034113, -0.0007405441, -0.0009997902, -0.0013803053, -0.001579973, -0.00195852, -0.002280502, -0.0024156093, -0.0026372105, -0.0028095248, -0.0029527002, -0.0030174684, -0.0031356905, -0.0032371322, -0.0032813668, -0.003356328, -0.0034141238, -0.003453552, -0.0034669067, -0.00348412, -0.0034969156, -0.0035050584, -0.0035321661, -0.0035825493, -0.0036194732, -0.0037171033, -0.003840093, -0.0039740573, -0.004041294, -0.0041736597, -0.0043098005, -0.004383172, -0.0045454986, -0.0047281743, -0.0049228906, -0.0050215824, -0.005215158, -0.0053945472, -0.005474095, -0.005604146, -0.0056902138, -0.0057181665, -0.0057534217, -0.005770805, -0.00577653, -0.005775655, -0.0057688504, -0.0057586245, -0.005753239, -0.005740673, -0.0057212464, -0.005689886, -0.0056687463, -0.0056125857, -0.0055301795, -0.0054742894, -0.005320757, -0.005103022, -0.0049696653, -0.004662339, -0.004311352, -0.003930108, -0.003733132, -0.0033426844, -0.0029780734, -0.0028108752, -0.0025016463, -0.0022031395, -0.0018824304, -0.0017076472, -0.0013270032, -0.0009148128, -0.000702989, -0.00028601813, 9.153989e-05, 0.00039056598, 0.0005020129, 0.00064683723, 0.0007112361, 0.0007266688, 0.0007518765, 0.00078987045, 0.000815704, 0.00087563344, 0.00093354244, 0.0009636097, 0.0009583263, 0.0008911413, 0.0007442153, 0.00064772344, 0.00043781317, 0.00024317055, 8.826245e-05, 2.6234351e-05, -6.928378e-05, -0.00013161756, -0.00015883101, -0.000278591, -0.0006843792, 0, 0, 0, 0, 0, 0, 0, 0, 0, 0, 0, 0, 0, 0, 0, 0, 0, 0, 0, 0, 0, 0, 0, 0, 0, 0, 0, 0, 0, 0, 0, 0, 0, 0, 0, 0, 0, 0, 0, 0, 0, 0, 0, 0, 0, 0, 0, 0, 0, 0, 0
-0.00076496345, -0.00079798355, -0.0010281894, -0.0013588185, -0.0015262371, -0.0018302011, -0.0020763956, -0.002177883, -0.002346615, -0.0024866343, -0.002612574, -0.002672529, -0.002787934, -0.002897823, -0.0029507626, -0.0030511215, -0.003136885, -0.0031963985, -0.0032138964, -0.0032261175, -0.0032173283, -0.0032096962, -0.003195518, -0.003189147, -0.0031899684, -0.003198537, -0.0032105504, -0.0032186909, -0.0032203994, -0.003223113, -0.0032371865, -0.003254238, -0.0033176388, -0.0034248964, -0.0035751753, -0.0036650482, -0.0038699964, -0.0040980843, -0.0042146514, -0.0044403947, -0.0046451697, -0.004738352, -0.0049060853, -0.005046187, -0.005148266, -0.0051817154, -0.0052112457, -0.0051963506, -0.0051766126, -0.005124929, -0.0050726784, -0.005038995, -0.0050340453, -0.00505081, -0.00509476, -0.005118093, -0.005144589, -0.005113558, -0.0050690453, -0.004914132, -0.004669892, -0.0043427646, -0.004155313, -0.0037592247, -0.0033763498, -0.0032029296, -0.002901424, -0.0026425724, -0.0023858147, -0.0022442811, -0.0019135814, -0.0015038687, -0.0012691029, -0.0007554251, -0.000225855, 0.00025392012, 0.00045577402, 0.00076251914, 0.00094344205, 0.0009962876, 0.0010564094, 0.0010940114, 0.0011159668, 0.0011847386, 0.001292002, 0.0014157597, 0.0014670958, 0.0015084465, 0.0014330775, 0.0013521338, 0.001135886, 0.00090945, 0.0007341271, 0.00067540054, 0.0006172437, 0.0006220041, 0.00062720163, 0.0005266997, 0, 0, 0, 0, 0, 0, 0, 0, 0, 0, 0, 0, 0, 0, 0, 0, 0, 0, 0, 0, 0, 0, 0, 0, 0, 0, 0, 0, 0, 0, 0, 0, 0, 0, 0, 0, 0, 0, 0, 0, 0, 0, 0, 0, 0, 0, 0, 0, 0, 0, 0, 0
-0.0008394358, -0.00086133956, -0.0010490265, -0.0013135701, -0.0014409145, -0.0016596059, -0.0018284891, -0.0018989734, -0.0020245288, -0.0021436166, -0.0022638321, -0.0023247062, -0.0024482147, -0.0025751255, -0.0026395419, -0.0027651165, -0.0028719676, -0.0029423928, -0.0029614733, -0.0029720275, -0.0029604167, -0.002951072, -0.0029307776, -0.0029068193, -0.0028916986, -0.0028519866, -0.0027955559, -0.002721796, -0.0026794942, -0.0025904686, -0.0025087302, -0.0024764622, -0.0024385357, -0.002445409, -0.0025032982, -0.002552498, -0.0026903783, -0.0028724922, -0.0029745004, -0.0031886532, -0.0034062404, -0.0035152289, -0.0037323558, -0.003944051, -0.004134959, -0.0042171828, -0.004345603, -0.004421904, -0.00444114, -0.0044484343, -0.0044268905, -0.004398548, -0.004391148, -0.0044070585, -0.004473881, -0.0045240745, -0.0046394584, -0.004742343, -0.004777982, -0.0047965725, -0.0047253673, -0.004550805, -0.0044275103, -0.00412791, -0.003800823, -0.0036429416, -0.003359169, -0.0031217134, -0.0029117297, -0.0028058097, -0.0025664505, -0.0022555867, -0.002063025, -0.0015994038, -0.0010541329, -0.00048823786, -0.00022078562, 0.00024491228, 0.0005942835, 0.0007251209, 0.00091420294, 0.0010391031, 0.0010921537, 0.0012102847, 0.0013725647, 0.0015747842, 0.0016754053, 0.0018269425, 0.0018566949, 0.0018171495, 0.0016483197, 0.0014230006, 0.0012299414, 0.0011694061, 0.0011573293, 0.0013124029, 0.0014252852, 0.0014279294, 0, 0, 0, 0, 0, 0, 0, 0, 0, 0, 0, 0, 0, 0, 0, 0, 0, 0, 0, 0, 0, 0, 0, 0, 0, 0, 0, 0, 0, 0, 0, 0, 0, 0, 0, 0, 0, 0, 0, 0, 0, 0, 0, 0, 0, 0, 0, 0, 0, 0, 0, 0
-0.00092415046, -0.000939676, -0.0011136408, -0.0013639011, -0.0014836679, -0.0016882991, -0.0018485574, -0.0019172608, -0.0020444633, -0.0021685348, -0.0022938831, -0.0023566748, -0.002481696, -0.0026041486, -0.0026627956, -0.0027665894, -0.0028377986, -0.0028644775, -0.0028619696, -0.0028365178, -0.0028023827, -0.0027865449, -0.0027595407, -0.0027321526, -0.0027158668, -0.0026736443, -0.0026170895, -0.0025446264, -0.0025020402, -0.0024056782, -0.0023011153, -0.002249207, -0.0021541028, -0.0020787406, -0.0020325058, -0.0020231376, -0.0020347682, -0.0020850562, -0.002121825, -0.002212293, -0.0023220824, -0.0023852151, -0.0025318891, -0.0027081375, -0.0029083749, -0.0030138919, -0.0032261107, -0.0034282787, -0.003520873, -0.0036784732, -0.0037864968, -0.00384207, -0.0038556233, -0.0038743813, -0.003910461, -0.0039415983, -0.004032386, -0.004151693, -0.0042162533, -0.0043373224, -0.004421004, -0.0044342093, -0.004408059, -0.004288936, -0.0040984144, -0.0039862506, -0.003750382, -0.0035233637, -0.003322079, -0.0032320174, -0.0030631956, -0.0028796627, -0.0027668753, -0.00247086, -0.002065326, -0.0015713866, -0.001307377, -0.0007855204, -0.0003143182, -0.00010838443, 0.00023738337, 0.0005038178, 0.00061654707, 0.0008298668, 0.0010629559, 0.0013312901, 0.0014700703, 0.0017174897, 0.0018674737, 0.0018903002, 0.0018274147, 0.001656477, 0.0014664977, 0.0014020763, 0.001421612, 0.0017857027, 0.0021671134, 0, 0, 0, 0, 0, 0, 0, 0, 0, 0, 0, 0, 0, 0, 0, 0, 0, 0, 0, 0, 0, 0, 0, 0, 0, 0, 0, 0, 0, 0, 0, 0, 0, 0, 0, 0, 0, 0, 0, 0, 0, 0, 0, 0, 0, 0, 0, 0, 0, 0, 0, 0, 0
-0.0010603634, -0.0010782641, -0.001284586, -0.001597636, -0.00175609, -0.0020458372, -0.0022912812, -0.0023991263, -0.0025919708, -0.0027626732, -0.0029161375, -0.0029865613, -0.0031124384, -0.003214466, -0.0032542332, -0.0033043404, -0.0033077144, -0.0032642735, -0.0032292206, -0.003147186, -0.0030653363, -0.003027938, -0.0029607571, -0.0029000016, -0.0028716917, -0.0028193279, -0.0027726202, -0.0027253644, -0.0026982282, -0.002631924, -0.0025484469, -0.0025017813, -0.0024024087, -0.002296809, -0.0021870944, -0.0021317375, -0.0020234522, -0.0019234957, -0.0018776221, -0.0017969217, -0.0017374529, -0.0017196576, -0.0017171819, -0.0017693952, -0.0018825849, -0.0019619316, -0.002163067, -0.0024108866, -0.0025465917, -0.002821414, -0.0030671994, -0.0032512746, -0.0033160714, -0.0033982932, -0.0034391584, -0.0034529343, -0.003485624, -0.003545829, -0.0035916758, -0.0037178586, -0.0038753098, -0.0040306654, -0.004094525, -0.0041710534, -0.0041599763, -0.0041197306, -0.003979225, -0.0037851797, -0.0035781492, -0.0034837304, -0.0033299085, -0.0032215198, -0.0031740672, -0.0030575073, -0.002865889, -0.0025671793, -0.0023779466, -0.0019402163, -0.0014620929, -0.0012238614, -0.00077764684, -0.00039363315, -0.00022550664, 7.8672354e-05, 0.0003712313, 0.00067892997, 0.0008388528, 0.0011523892, 0.0014149498, 0.0015094483, 0.0015965105, 0.0015446042, 0.0014129934, 0.0013573769, 0.0013807407, 0.0016844043, 0, 0, 0, 0, 0, 0, 0, 0, 0, 0, 0, 0, 0, 0, 0, 0, 0, 0, 0, 0, 0, 0, 0, 0, 0, 0, 0, 0, 0, 0, 0, 0, 0, 0, 0, 0, 0, 0, 0, 0, 0, 0, 0, 0, 0, 0, 0, 0, 0, 0, 0, 0, 0, 0
-0.0012554642, -0.0012786462, -0.0015352544, -0.0019405751, -0.002155516, -0.0025697686, -0.0029413716, -0.0031082146, -0.003403903, -0.0036544797, -0.0038650164, -0.003955812, -0.0041067842, -0.004213838, -0.004250227, -0.0042869486, -0.004276336, -0.004224763, -0.004187495, -0.00409863, -0.0039980575, -0.003944463, -0.0038307642, -0.0037118758, -0.0036530604, -0.0035430018, -0.003446146, -0.0033568805, -0.0033114208, -0.003213612, -0.0031083291, -0.003054974, -0.0029494262, -0.002840336, -0.002716181, -0.0026454963, -0.0024852504, -0.00230408, -0.0022078464, -0.00201139, -0.0018199176, -0.0017319904, -0.0015837299, -0.001487509, -0.0014563119, -0.001467472, -0.0015459347, -0.0016986114, -0.0018007385, -0.0020428682, -0.0023071372, -0.0025548248, -0.0026624089, -0.002833201, -0.0029407828, -0.0029724215, -0.0030059428, -0.0030303267, -0.0030522014, -0.0031377175, -0.0032904989, -0.0034986138, -0.003612138, -0.0038263923, -0.0039811973, -0.0040236423, -0.0040256954, -0.0039230897, -0.0037514523, -0.0036570136, -0.0034877576, -0.0033765435, -0.0033459186, -0.0033168567, -0.0032859072, -0.0031917251, -0.003105936, -0.0028423541, -0.002466441, -0.002249808, -0.0017983529, -0.0013695265, -0.0011745696, -0.000825589, -0.0005112139, -0.00020219275, -4.1413838e-05, 0.00029544203, 0.0006348918, 0.00079173234, 0.0010400332, 0.0011608606, 0.0011676735, 0.0011621196, 0.0012542685, 0, 0, 0, 0, 0, 0, 0, 0, 0, 0, 0, 0, 0, 0, 0, 0, 0, 0, 0, 0, 0, 0, 0, 0, 0, 0, 0, 0, 0, 0, 0, 0, 0, 0, 0, 0, 0, 0, 0, 0, 0, 0, 0, 0, 0, 0, 0, 0, 0, 0, 0, 0, 0, 0, 0
-0.0014665552, -0.0014908909, -0.001779469, -0.0022462208, -0.0024988204, -0.0029961173, -0.003455257, -0.0036651015, -0.004043017, -0.0043681352, -0.0046456154, -0.004767071, -0.0049761822, -0.0051422725, -0.0052108387, -0.005322671, -0.0054034893, -0.0054530804, -0.005465752, -0.0054645985, -0.00542462, -0.005388677, -0.005285069, -0.005145273, -0.0050655296, -0.004894125, -0.0047127055, -0.0045212056, -0.0044207065, -0.0042121112, -0.004004696, -0.0039060875, -0.0037256521, -0.0035632579, -0.0034069698, -0.0033270116, -0.0031592203, -0.0029787668, -0.0028831938, -0.0026808702, -0.0024651412, -0.0023546724, -0.002136872, -0.0019364316, -0.0017673784, -0.0016975923, -0.0015937585, -0.0015473609, -0.0015491281, -0.001605743, -0.0017285187, -0.0019013877, -0.0019986539, -0.0021961767, -0.0023708562, -0.002441267, -0.002543032, -0.0026040515, -0.0026291143, -0.0026942384, -0.002808781, -0.0029892947, -0.0031025656, -0.0033576475, -0.0036133223, -0.0037257401, -0.003887967, -0.0039418703, -0.0038860308, -0.0038264743, -0.0036789505, -0.0035421145, -0.0034925079, -0.003442268, -0.0034471392, -0.0034620154, -0.0034520025, -0.0033555988, -0.003128425, -0.0029684913, -0.0025877014, -0.0021822478, -0.0019879593, -0.0016353888, -0.0013269613, -0.0010382329, -0.00089007, -0.00056767726, -0.00020090942, -6.7633678e-06, 0.0003693973, 0.00067324995, 0.0008804168, 0.0009623009, 0.0011683548, 0, 0, 0, 0, 0, 0, 0, 0, 0, 0, 0, 0, 0, 0, 0, 0, 0, 0, 0, 0, 0, 0, 0, 0, 0, 0, 0, 0, 0, 0, 0, 0, 0, 0, 0, 0, 0, 0, 0, 0, 0, 0, 0, 0, 0, 0, 0, 0, 0, 0, 0, 0, 0, 0, 0
-0.0016617593, -0.0016832425, -0.0019817005, -0.0024690516, -0.002732466, -0.0032510161, -0.0037324037, -0.0039550746, -0.0043644924, -0.004731102, -0.0050602783, -0.0052121077, -0.005492802, -0.00575053, -0.005874019, -0.006113817, -0.006340994, -0.0065424703, -0.006628369, -0.0067610373, -0.006833806, -0.0068462263, -0.0068235365, -0.0067411, -0.0066795307, -0.006520223, -0.0063177017, -0.006074555, -0.0059390296, -0.0056461943, -0.005338113, -0.005183819, -0.004883998, -0.0046017347, -0.0043423027, -0.0042227013, -0.004006824, -0.0038213062, -0.003736816, -0.0035734673, -0.0034005858, -0.0033064513, -0.003099946, -0.0028703224, -0.0026226484, -0.0024939966, -0.002234396, -0.0019875253, -0.0018764181, -0.0016958805, -0.0015898693, -0.0015738672, -0.0016002278, -0.001711329, -0.0018727261, -0.001959148, -0.002120157, -0.0022463363, -0.0022952813, -0.00237472, -0.002453304, -0.0025631306, -0.0026381547, -0.00283768, -0.0030972098, -0.0032404233, -0.003520457, -0.0037439002, -0.0038668532, -0.003886571, -0.0038532973, -0.0037573741, -0.00370212, -0.0036082717, -0.0035671254, -0.0035791588, -0.0035921999, -0.0035876709, -0.0034881837, -0.0033921157, -0.0031169, -0.0027732758, -0.0025946673, -0.0022516928, -0.0019441952, -0.0016640831, -0.0015257327, -0.0012272126, -0.0008724571, -0.00067043194, -0.00023542956, 0.00020046826, 0.00063001167, 0.0008090501, 0, 0, 0, 0, 0, 0, 0, 0, 0, 0, 0, 0, 0, 0, 0, 0, 0, 0, 0, 0, 0, 0, 0, 0, 0, 0, 0, 0, 0, 0, 0, 0, 0, 0, 0, 0, 0, 0, 0, 0, 0, 0, 0, 0, 0, 0, 0, 0, 0, 0, 0, 0, 0, 0, 0, 0
-0.0018338461, -0.0018533579, -0.0021582674, -0.0026543683, -0.002919404, -0.0034353712, -0.0039118505, -0.0041338457, -0.004550385, -0.004938477, -0.0053052926, -0.0054818136, -0.0058246776, -0.006162067, -0.0063312994, -0.006670813, -0.007001765, -0.007303226, -0.00743602, -0.0076577202, -0.0078181485, -0.007876237, -0.007949822, -0.007968382, -0.007957207, -0.007894743, -0.0077801575, -0.0076135383, -0.007510717, -0.007266572, -0.0069735395, -0.006810695, -0.0064580617, -0.0060828016, -0.005707934, -0.0055293893, -0.0052057737, -0.004936609, -0.004821572, -0.004619593, -0.004434511, -0.0043412005, -0.0041413745, -0.003912734, -0.0036463048, -0.0034973174, -0.003170731, -0.0028185446, -0.0026395814, -0.0022941134, -0.001991753, -0.0017661445, -0.0016908835, -0.0016235883, -0.0016597424, -0.0017077096, -0.0018372412, -0.0019745205, -0.002034478, -0.0021246627, -0.002175316, -0.0022077537, -0.0022291786, -0.0023115329, -0.0024774158, -0.0025953923, -0.0028857084, -0.0032027347, -0.003486228, -0.003599975, -0.0037534086, -0.0038041675, -0.0037965884, -0.003741264, -0.0036788916, -0.0036528304, -0.003656739, -0.0036763526, -0.0036606614, -0.0036212546, -0.0034629628, -0.003208041, -0.003056038, -0.0027316345, -0.0024096319, -0.00210934, -0.0019657188, -0.0016764781, -0.0013542644, -0.0011731758, -0.0007762845, -0.0003374464, 0.00038043858, 0.00060359866, 0, 0, 0, 0, 0, 0, 0, 0, 0, 0, 0, 0, 0, 0, 0, 0, 0, 0, 0, 0, 0, 0, 0, 0, 0, 0, 0, 0, 0, 0, 0, 0, 0, 0, 0, 0, 0, 0, 0, 0, 0, 0, 0, 0, 0, 0, 0, 0, 0, 0, 0, 0, 0, 0, 0, 0
-0.0019535536, -0.0019748579, -0.0022926582, -0.0028033762, -0.003074475, -0.0036003685, -0.0040890025, -0.0043199067, -0.00476184, -0.005185464, -0.0055949716, -0.0057944725, -0.0061837295, -0.006563969, -0.0067515885, -0.007120017, -0.007468682, -0.0077792276, -0.007915703, -0.008148669, -0.008333659, -0.008411061, -0.008540222, -0.0086376555, -0.008675114, -0.008728527, -0.008754005, -0.008746824, -0.008726956, -0.008644312, -0.008491407, -0.008385089, -0.008111691, -0.0077683055, -0.007378757, -0.0071765757, -0.006775729, -0.006395561, -0.006216271, -0.005878845, -0.00556656, -0.0054179574, -0.005131594, -0.004851597, -0.004564102, -0.0044134725, -0.0040946356, -0.003751413, -0.0035715122, -0.00319808, -0.002816498, -0.0024519702, -0.0022874605, -0.0020173201, -0.0018477255, -0.0018024598, -0.0017817393, -0.0018246837, -0.0018561671, -0.0019124213, -0.0019332723, -0.0019088692, -0.0018857514, -0.0018468909, -0.0018663743, -0.0019122163, -0.0020866601, -0.0023562966, -0.0026811105, -0.0028481768, -0.0031571647, -0.0033917236, -0.0034701496, -0.0035496652, -0.0035550452, -0.0035410766, -0.0035425993, -0.003572591, -0.0036172743, -0.0036290828, -0.0035977147, -0.0034680502, -0.0033643602, -0.0030945977, -0.0027750696, -0.0024489192, -0.0022931544, -0.0020007095, -0.0017272021, -0.0015974442, -0.0013797135, -0.0012737378, 0, 0, 0, 0, 0, 0, 0, 0, 0, 0, 0, 0, 0, 0, 0, 0, 0, 0, 0, 0, 0, 0, 0, 0, 0, 0, 0, 0, 0, 0, 0, 0, 0, 0, 0, 0, 0, 0, 0, 0, 0, 0, 0, 0, 0, 0, 0, 0, 0, 0, 0, 0, 0, 0, 0, 0, 0, 0
-0.0019547786, -0.0019797753, -0.0023063587, -0.0028261442, -0.0031034686, -0.003649026, -0.004170129, -0.004422284, -0.0049143075, -0.0053921603, -0.0058520725, -0.0060729943, -0.0064935037, -0.006885, -0.007070717, -0.0074216537, -0.0077409325, -0.008020501, -0.008144114, -0.008360549, -0.008542526, -0.008623355, -0.0087696165, -0.00890081, -0.008963692, -0.009089571, -0.009219695, -0.009345057, -0.0093989745, -0.009471392, -0.009475913, -0.009447387, -0.009325134, -0.009120695, -0.008845955, -0.008686995, -0.008333339, -0.00793885, -0.007728427, -0.0072867954, -0.006830425, -0.0066029746, -0.0061629256, -0.005755121, -0.0053847507, -0.005213257, -0.004894646, -0.004599633, -0.0044553084, -0.0041537886, -0.003811781, -0.0034189094, -0.0032086417, -0.00278513, -0.002399535, -0.0022350843, -0.001981138, -0.0018310095, -0.0017901037, -0.0017528173, -0.0017338996, -0.0016878601, -0.0016472745, -0.0015391591, -0.0014312293, -0.001394041, -0.0013821041, -0.0014765186, -0.0016828903, -0.0018222247, -0.0021444284, -0.0024712258, -0.0026152378, -0.0028356868, -0.002959511, -0.003017858, -0.003040217, -0.0031018178, -0.003198671, -0.0032539966, -0.0033476474, -0.0033709826, -0.0033415332, -0.003190718, -0.0029337232, -0.002621549, -0.0024647657, -0.0021846835, -0.0019862691, -0.0019331983, -0.001972993, -0.0024371909, 0, 0, 0, 0, 0, 0, 0, 0, 0, 0, 0, 0, 0, 0, 0, 0, 0, 0, 0, 0, 0, 0, 0, 0, 0, 0, 0, 0, 0, 0, 0, 0, 0, 0, 0, 0, 0, 0, 0, 0, 0, 0, 0, 0, 0, 0, 0, 0, 0, 0, 0, 0, 0, 0, 0, 0, 0, 0
-0.0017719466, -0.0017996914, -0.0021169, -0.0026196362, -0.0028911952, -0.003437378, -0.0039760475, -0.004242008, -0.0047668684, -0.005277537, -0.0057633417, -0.0059930594, -0.0064217816, -0.0068100323, -0.0069907866, -0.007329247, -0.0076390635, -0.007920754, -0.008050716, -0.00828949, -0.00850001, -0.008594848, -0.008764576, -0.008915696, -0.00898886, -0.0091416575, -0.009309057, -0.009481346, -0.009561688, -0.0096936235, -0.00977227, -0.009788974, -0.009777638, -0.0097099785, -0.009590474, -0.009511709, -0.009313845, -0.009053745, -0.008896248, -0.008521495, -0.00806965, -0.007820332, -0.0072950674, -0.0067666383, -0.0062724403, -0.0060478877, -0.0056581334, -0.00535137, -0.0052233506, -0.004987196, -0.0047248267, -0.004383376, -0.0041757715, -0.0036951357, -0.0031655717, -0.0029012985, -0.002415656, -0.0020329556, -0.0018913887, -0.0017082456, -0.0016258175, -0.0015773629, -0.0015445955, -0.0014372227, -0.0012738807, -0.0011812528, -0.0010045435, -0.00088679086, -0.0008752018, -0.0009175212, -0.0010927448, -0.001352936, -0.0014948939, -0.0017610579, -0.0019662513, -0.0021020514, -0.0021521107, -0.0022464325, -0.0023659472, -0.0024411986, -0.00261277, -0.0027695391, -0.0028213025, -0.0028344397, -0.00270901, -0.0024782326, -0.0023477718, -0.0021234266, -0.0020611787, -0.00213468, -0.0024000937, 0, 0, 0, 0, 0, 0, 0, 0, 0, 0, 0, 0, 0, 0, 0, 0, 0, 0, 0, 0, 0, 0, 0, 0, 0, 0, 0, 0, 0, 0, 0, 0, 0, 0, 0, 0, 0, 0, 0, 0, 0, 0, 0, 0, 0, 0, 0, 0, 0, 0, 0, 0, 0, 0, 0, 0, 0, 0, 0
-0.0014039445, -0.0014328407, -0.0017197345, -0.0021721716, -0.0024187912, -0.0029208101, -0.0034219732, -0.0036702394, -0.0041592624, -0.0046321717, -0.0050800107, -0.0052922135, -0.005693183, -0.006068377, -0.006249297, -0.006603273, -0.0069499533, -0.007288288, -0.0074529797, -0.007768325, -0.008056223, -0.0081863655, -0.0084152445, -0.008607513, -0.008694874, -0.008864466, -0.009034696, -0.009197899, -0.009271027, -0.009389769, -0.009467008, -0.009490681, -0.009512278, -0.009505482, -0.009478888, -0.009460913, -0.009417946, -0.00935726, -0.00931181, -0.009166786, -0.008917459, -0.008746842, -0.008317564, -0.007798412, -0.00724124, -0.0069677397, -0.0064680497, -0.006066281, -0.0059056724, -0.005644801, -0.0054092524, -0.005125069, -0.0049465476, -0.0045011425, -0.0039485805, -0.0036450343, -0.0030265225, -0.0024621636, -0.0022248763, -0.0018720967, -0.0016814228, -0.0015982572, -0.0015702078, -0.0014892953, -0.0013361666, -0.0012295877, -0.00097286364, -0.00070427154, -0.00048884697, -0.000419747, -0.00037961954, -0.00046731305, -0.0005484643, -0.0007487531, -0.0009500712, -0.0011106672, -0.0011713771, -0.0012643434, -0.0013522379, -0.0014086933, -0.0015666729, -0.0017753884, -0.0018812466, -0.0020419876, -0.002078221, -0.0019822635, -0.0019064035, -0.0017878829, -0.0019132206, -0.0022041711, -0.0031419862, 0, 0, 0, 0, 0, 0, 0, 0, 0, 0, 0, 0, 0, 0, 0, 0, 0, 0, 0, 0, 0, 0, 0, 0, 0, 0, 0, 0, 0, 0, 0, 0, 0, 0, 0, 0, 0, 0, 0, 0, 0, 0, 0, 0, 0, 0, 0, 0, 0, 0, 0, 0, 0, 0, 0, 0, 0, 0, 0
-0.0009527391, -0.0009820164, -0.0012276066, -0.0016051589, -0.0018088886, -0.0022176951, -0.0026154483, -0.0028084063, -0.0031818165, -0.003539629, -0.0038837218, -0.004051812, -0.0043857405, -0.0047271363, -0.004904322, -0.00527511, -0.005665948, -0.006068432, -0.006270575, -0.0066675143, -0.007040073, -0.0072114808, -0.0075168665, -0.007772335, -0.007884755, -0.008089507, -0.008275494, -0.008440927, -0.008513099, -0.008631801, -0.0087160645, -0.008745777, -0.008781775, -0.008789587, -0.008783692, -0.008784044, -0.008810291, -0.008881372, -0.008928795, -0.009016283, -0.009036674, -0.009002382, -0.008820559, -0.008484313, -0.008021768, -0.007760723, -0.0072242822, -0.006727994, -0.0065114233, -0.006150029, -0.005859515, -0.0055837934, -0.0054315417, -0.0050658877, -0.004597169, -0.0043239426, -0.0037215266, -0.0031002695, -0.0028088153, -0.0023139778, -0.0019731345, -0.0017755023, -0.0017115764, -0.0016023674, -0.0014586966, -0.00135945, -0.0011005353, -0.0007825396, -0.0004595902, -0.0003173576, -0.00010923118, -2.7974871e-05, -3.4013447e-05, -0.00011670648, -0.0002480524, -0.0003738369, -0.00042195493, -0.00047704077, -0.0004932387, -0.0005022922, -0.0005663271, -0.0007241616, -0.00083403994, -0.0010655045, -0.0012312324, -0.0012825114, -0.0012800351, -0.0013193391, -0.0015324487, -0.0017179737, 0, 0, 0, 0, 0, 0, 0, 0, 0, 0, 0, 0, 0, 0, 0, 0, 0, 0, 0, 0, 0, 0, 0, 0, 0, 0, 0, 0, 0, 0, 0, 0, 0, 0, 0, 0, 0, 0, 0, 0, 0, 0, 0, 0, 0, 0, 0, 0, 0, 0, 0, 0, 0, 0, 0, 0, 0, 0, 0, 0
-0.0005699634, -0.00060097745, -0.0008079156, -0.0011060319, -0.0012601179, -0.0015530995, -0.0018159886, -0.001936304, -0.0021610805, -0.0023767527, -0.0025958586, -0.0027101343, -0.0029553333, -0.0032334127, -0.0033878644, -0.003728424, -0.0041033975, -0.0044990378, -0.004700506, -0.005103116, -0.0054940106, -0.0056805946, -0.0060278955, -0.0063369684, -0.0064780177, -0.006739528, -0.0069805523, -0.0072025396, -0.007305106, -0.0074901325, -0.007644876, -0.0077091935, -0.0078056613, -0.007855067, -0.00786749, -0.007870134, -0.00789686, -0.0079830345, -0.008051696, -0.008223236, -0.00839582, -0.008463104, -0.008524707, -0.008454763, -0.008234319, -0.008070064, -0.0076583945, -0.007189277, -0.0069551785, -0.0065235053, -0.0061594667, -0.0058521032, -0.005708175, -0.0054111313, -0.005064315, -0.0048622, -0.004391559, -0.003848554, -0.0035643722, -0.0030118367, -0.0025310717, -0.0021559428, -0.0020066446, -0.0017639329, -0.0015546292, -0.0014462986, -0.0011990947, -0.00089951896, -0.0005677718, -0.0004049925, -0.00012509213, 5.785188e-05, 0.00010749604, 0.00013400355, 9.50816e-05, 3.5560857e-05, 1.1611646e-05, -1.4567441e-06, 4.046069e-05, 7.349524e-05, 0.0001188346, 7.264716e-05, 3.3616152e-06, -0.00020343583, -0.0004273513, -0.00059775775, -0.00066970865, -0.00092828553, -0.0014520959, 0, 0, 0, 0, 0, 0, 0, 0, 0, 0, 0, 0, 0, 0, 0, 0, 0, 0, 0, 0, 0, 0, 0, 0, 0, 0, 0, 0, 0, 0, 0, 0, 0, 0, 0, 0, 0, 0, 0, 0, 0, 0, 0, 0, 0, 0, 0, 0, 0, 0, 0, 0, 0, 0, 0, 0, 0, 0, 0, 0, 0
-0.00032620472, -0.0003616138, -0.0005467709, -0.0007869947, -0.000902811, -0.0011047594, -0.0012612791, -0.0013250042, -0.0014370413, -0.001548307, -0.0016761601, -0.0017492544, -0.0019169904, -0.0021177304, -0.0022314428, -0.0024830617, -0.0027563581, -0.00303721, -0.003178058, -0.003461698, -0.0037516395, -0.0038998844, -0.0042017763, -0.004508175, -0.00466225, -0.0049742567, -0.00529189, -0.005610822, -0.0057672868, -0.006065768, -0.00633507, -0.0064553767, -0.006658989, -0.006803668, -0.006888443, -0.006913697, -0.0069512995, -0.0070025395, -0.0070413975, -0.007151343, -0.0072983806, -0.007380311, -0.0075431387, -0.007669659, -0.0077098086, -0.0076836473, -0.00752775, -0.0072513684, -0.007082223, -0.0067199958, -0.006366084, -0.006047762, -0.00590394, -0.0056388355, -0.0053820503, -0.0052456926, -0.004933025, -0.004545854, -0.0043218145, -0.0038256072, -0.0032950968, -0.0027742246, -0.0025299718, -0.002092159, -0.0017290824, -0.0015712528, -0.0012825852, -0.0009970375, -0.0006968094, -0.00054464146, -0.00025892435, -2.9162076e-05, 5.8210568e-05, 0.00017828109, 0.0002401074, 0.0002618527, 0.00026536328, 0.0002782471, 0.00032799994, 0.00037027875, 0.00046847307, 0.00052149803, 0.00050974294, 0.00039815082, 0.00020169151, -4.143939e-05, -0.00017808989, -0.0004278114, 0, 0, 0, 0, 0, 0, 0, 0, 0, 0, 0, 0, 0, 0, 0, 0, 0, 0, 0, 0, 0, 0, 0, 0, 0, 0, 0, 0, 0, 0, 0, 0, 0, 0, 0, 0, 0, 0, 0, 0, 0, 0, 0, 0, 0, 0, 0, 0, 0, 0, 0, 0, 0, 0, 0, 0, 0, 0, 0, 0, 0, 0
-0.00014816955, -0.00018978784, -0.00036950092, -0.0005854537, -0.00068537635, -0.00085015775, -0.00096264266, -0.001002481, -0.0010659153, -0.0011323631, -0.0012218079, -0.0012769029, -0.0014056507, -0.0015529668, -0.0016311879, -0.0017884584, -0.0019321452, -0.002049353, -0.002098227, -0.0021886476, -0.0022937113, -0.002360327, -0.002531533, -0.0027563984, -0.002888513, -0.0031901686, -0.0035358255, -0.003910446, -0.004101528, -0.004476586, -0.004829078, -0.00499447, -0.005299534, -0.005561629, -0.0057684416, -0.0058487705, -0.0059652417, -0.0060334047, -0.0060550505, -0.006090126, -0.0061392924, -0.006178797, -0.006299491, -0.0064701284, -0.006653525, -0.006732901, -0.006834139, -0.006834509, -0.006795607, -0.0066497396, -0.006435339, -0.0061826603, -0.0060520964, -0.0058009494, -0.005576959, -0.005473714, -0.005268647, -0.0050328034, -0.004891534, -0.0045457263, -0.0041054706, -0.003581651, -0.0032993883, -0.0027290958, -0.002203129, -0.0019712835, -0.0015758342, -0.0012507974, -0.00095842726, -0.000815923, -0.00053514366, -0.0002688436, -0.00014483022, 7.977774e-05, 0.00026673256, 0.00040219352, 0.00044695506, 0.000498003, 0.00052970956, 0.0005528018, 0.00062909623, 0.00072299904, 0.00076014135, 0.0007850241, 0.0007241063, 0.00047350352, 0.00015719964, 0, 0, 0, 0, 0, 0, 0, 0, 0, 0, 0, 0, 0, 0, 0, 0, 0, 0, 0, 0, 0, 0, 0, 0, 0, 0, 0, 0, 0, 0, 0, 0, 0, 0, 0, 0, 0, 0, 0, 0, 0, 0, 0, 0, 0, 0, 0, 0, 0, 0, 0, 0, 0, 0, 0, 0, 0, 0, 0, 0, 0, 0, 0
0.00022608385, 0.0001823736, 1.5474794e-05, -0.000186823, -0.00028329634, -0.0004426069, -0.000538031, -0.0005615156, -0.0005777899, -0.0005879986, -0.0006291679, -0.00066721014, -0.0007764537, -0.0009167675, -0.0009908344, -0.0011267894, -0.0012186252, -0.001243868, -0.0012319123, -0.0011788752, -0.0011267775, -0.0011148643, -0.0011335254, -0.0012074333, -0.0012606244, -0.001385991, -0.0015202613, -0.0016456927, -0.0017019543, -0.0018067479, -0.0019247975, -0.0020016811, -0.0022140138, -0.002516097, -0.0028909333, -0.0030926373, -0.003492294, -0.003845183, -0.0039912392, -0.0042086495, -0.0043275426, -0.0043581263, -0.0043926938, -0.0044431784, -0.0045605367, -0.004653237, -0.0049058837, -0.005222179, -0.0053871335, -0.005687746, -0.0058917757, -0.005954437, -0.0059319315, -0.0058033112, -0.0056156446, -0.0055196476, -0.0053530443, -0.0052402895, -0.005205742, -0.0051688836, -0.005134616, -0.0050330255, -0.004934266, -0.0046174154, -0.0041563334, -0.0038937468, -0.0033620733, -0.002887307, -0.0024996893, -0.0023321651, -0.0020168144, -0.0016818915, -0.0014936521, -0.0010655591, -0.00058626704, -0.00011162263, 9.9590274e-05, 0.00042764563, 0.00060675637, 0.00064845954, 0.00068638026, 0.00074878294, 0.0008200508, 0.0011236601, 0.0019353057, 0.00265527, 0, 0, 0, 0, 0, 0, 0, 0, 0, 0, 0, 0, 0, 0, 0, 0, 0, 0, 0, 0, 0, 0, 0, 0, 0, 0, 0, 0, 0, 0, 0, 0, 0, 0, 0, 0, 0, 0, 0, 0, 0, 0, 0, 0, 0, 0, 0, 0, 0, 0, 0, 0, 0, 0, 0, 0, 0, 0, 0, 0, 0, 0, 0, 0
0.00018858693, 0.00014589283, -2.5463813e-05, -0.00023723335, -0.00033787417, -0.0005003219, -0.00058754307, -0.0006016176, -0.0005873877, -0.000554025, -0.0005446687, -0.0005574115, -0.00062283606, -0.00073455874, -0.0008021915, -0.0009430988, -0.0010630196, -0.0011345542, -0.0011504799, -0.0011567697, -0.0011634865, -0.001178606, -0.0012427542, -0.001345367, -0.0014032343, -0.0015110653, -0.0015792182, -0.00158071, -0.0015535598, -0.001455875, -0.0013440712, -0.0013044676, -0.001300694, -0.001433434, -0.0017083455, -0.0018908337, -0.0023139531, -0.0027643647, -0.002980034, -0.0033556004, -0.0036236553, -0.0037137659, -0.0038222626, -0.0038815888, -0.0039571733, -0.004018682, -0.0042094276, -0.0044911224, -0.0046576927, -0.005008155, -0.005323622, -0.0055403067, -0.005599401, -0.005619342, -0.0055351593, -0.0054698447, -0.0053292615, -0.005218863, -0.0051889787, -0.0051903566, -0.005261551, -0.005345925, -0.005365251, -0.005302794, -0.005065344, -0.0048839212, -0.004438665, -0.003966329, -0.0035469586, -0.0033662077, -0.00304756, -0.0027333011, -0.0025554874, -0.002126382, -0.0015924838, -0.0009978702, -0.0007043885, -0.00018650097, 0.0001743375, 0.0002864356, 0.00040463317, 0.00048007432, 0.00054784276, 0.00082971546, 0, 0, 0, 0, 0, 0, 0, 0, 0, 0, 0, 0, 0, 0, 0, 0, 0, 0, 0, 0, 0, 0, 0, 0, 0, 0, 0, 0, 0, 0, 0, 0, 0, 0, 0, 0, 0, 0, 0, 0, 0, 0, 0, 0, 0, 0, 0, 0, 0, 0, 0, 0, 0, 0, 0, 0, 0, 0, 0, 0, 0, 0, 0, 0, 0, 0
-0.000103194856, -0.00014928704, -0.00035581994, -0.00061781134, -0.0007433288, -0.000950635, -0.0010761312, -0.0011062473, -0.0011142917, -0.0010854517, -0.0010586357, -0.0010549421, -0.0010761861, -0.001138675, -0.0011838482, -0.0012910486, -0.0013966141, -0.0014719384, -0.0014939009, -0.0015138175, -0.0015279296, -0.0015432502, -0.0016033656, -0.0017045322, -0.0017661322, -0.0018931644, -0.0019909728, -0.0020162412, -0.0019916117, -0.0018667291, -0.0016713035, -0.0015667327, -0.0013914721, -0.0013153872, -0.0013760868, -0.0014609382, -0.0017288931, -0.0020959626, -0.0022992634, -0.0027023382, -0.0030482702, -0.0031867237, -0.0033904342, -0.003518194, -0.0036131158, -0.0036625378, -0.003789491, -0.003976076, -0.0040956656, -0.0043818867, -0.0047042253, -0.005013407, -0.005146234, -0.0053427634, -0.005431751, -0.005438166, -0.0053953934, -0.0053201877, -0.0052876286, -0.005263489, -0.0053146686, -0.005428675, -0.00549194, -0.005577549, -0.0055369907, -0.0054522115, -0.005158573, -0.004756643, -0.0043460373, -0.004163421, -0.0038600746, -0.0036057027, -0.0034721298, -0.003136871, -0.0026672075, -0.002068823, -0.0017425136, -0.0011062084, -0.0005923127, -0.00041033793, -0.00019955653, -9.381862e-05, -1.3713815e-05, 0.00034757983, 0, 0, 0, 0, 0, 0, 0, 0, 0, 0, 0, 0, 0, 0, 0, 0, 0, 0, 0, 0, 0, 0, 0, 0, 0, 0, 0, 0, 0, 0, 0, 0, 0, 0, 0, 0, 0, 0, 0, 0, 0, 0, 0, 0, 0, 0, 0, 0, 0, 0, 0, 0, 0, 0, 0, 0, 0, 0, 0, 0, 0, 0, 0, 0, 0, 0
-0.00050104555, -0.00055299967, -0.0008129894, -0.0011551327, -0.0013238739, -0.001622136, -0.0018455387, -0.0019271548, -0.002037602, -0.0020976753, -0.002132984, -0.0021482522, -0.0021837477, -0.002235802, -0.0022698017, -0.002348762, -0.0024237698, -0.002466939, -0.0024702875, -0.0024416135, -0.0023840968, -0.0023538345, -0.0023094444, -0.002307061, -0.002326654, -0.0024075771, -0.0025258458, -0.0026384243, -0.0026761116, -0.0026886116, -0.0026079798, -0.0025382133, -0.0023653468, -0.0021904754, -0.0020616667, -0.0020267137, -0.002033866, -0.002150443, -0.0022447896, -0.0024821775, -0.0027450763, -0.0028732826, -0.0031077117, -0.0033049895, -0.0034628087, -0.0035274704, -0.0036358833, -0.003740401, -0.0038029912, -0.003971604, -0.004213975, -0.0045209415, -0.004687183, -0.0050106337, -0.0052769217, -0.005375764, -0.005494919, -0.0055212392, -0.0055104955, -0.0054713767, -0.0054471213, -0.0054689506, -0.0054989015, -0.0055747535, -0.0056149703, -0.005596112, -0.00544374, -0.005141732, -0.004764541, -0.004581558, -0.0042793076, -0.0040695653, -0.0039815973, -0.003773583, -0.0034412178, -0.002938922, -0.0026338259, -0.0019826128, -0.0014112551, -0.0012060661, -0.0010053947, -0.0009874314, -0.00093566725, 0, 0, 0, 0, 0, 0, 0, 0, 0, 0, 0, 0, 0, 0, 0, 0, 0, 0, 0, 0, 0, 0, 0, 0, 0, 0, 0, 0, 0, 0, 0, 0, 0, 0, 0, 0, 0, 0, 0, 0, 0, 0, 0, 0, 0, 0, 0, 0, 0, 0, 0, 0, 0, 0, 0, 0, 0, 0, 0, 0, 0, 0, 0, 0, 0, 0, 0
-0.00081430096, -0.00086916675, -0.0011684999, -0.001576082, -0.001783339, -0.0021721316, -0.002509664, -0.0026573718, -0.0029127146, -0.0031206165, -0.0032893291, -0.0033619793, -0.003490996, -0.0036085546, -0.0036657194, -0.0037750083, -0.0038621975, -0.0039028835, -0.0038996902, -0.0038434851, -0.003730438, -0.003658967, -0.0035044977, -0.0033642233, -0.003311732, -0.0032629669, -0.0033008086, -0.0034094646, -0.0034773457, -0.003607634, -0.0036928484, -0.003708629, -0.0036784103, -0.00356858, -0.003398256, -0.0033011246, -0.0031121545, -0.0029659946, -0.002918427, -0.002882333, -0.002925159, -0.0029746587, -0.0031234785, -0.0033204374, -0.0035276685, -0.0036208173, -0.003765516, -0.0038541139, -0.0038850533, -0.0039507197, -0.0040631993, -0.004258068, -0.0043893335, -0.0047057653, -0.005052361, -0.0052171643, -0.0054923054, -0.0056624846, -0.0057042926, -0.00571231, -0.005651062, -0.005570997, -0.0055408045, -0.0055194153, -0.0055394736, -0.0055459165, -0.005493231, -0.0052972687, -0.0049697356, -0.004784627, -0.004445771, -0.004207201, -0.0041242978, -0.0039790757, -0.0037636464, -0.003385538, -0.0031289281, -0.0025338756, -0.001985134, -0.0018053441, -0.0017535817, -0.0020395461, -0.0021925396, 0, 0, 0, 0, 0, 0, 0, 0, 0, 0, 0, 0, 0, 0, 0, 0, 0, 0, 0, 0, 0, 0, 0, 0, 0, 0, 0, 0, 0, 0, 0, 0, 0, 0, 0, 0, 0, 0, 0, 0, 0, 0, 0, 0, 0, 0, 0, 0, 0, 0, 0, 0, 0, 0, 0, 0, 0, 0, 0, 0, 0, 0, 0, 0, 0, 0, 0
-0.00095186586, -0.0010045747, -0.001310071, -0.0017339687, -0.0019536414, -0.0023826815, -0.0027909428, -0.0029868174, -0.0033607718, -0.0037069658, -0.004019559, -0.004161923, -0.0044208956, -0.004651491, -0.0047577624, -0.0049510403, -0.0051083607, -0.005214074, -0.0052437168, -0.0052543916, -0.0052003316, -0.0051504313, -0.0050118235, -0.0048404853, -0.004753254, -0.00460131, -0.0045085168, -0.004492043, -0.004511073, -0.004591226, -0.004699998, -0.004753442, -0.0048339334, -0.004848072, -0.0047717746, -0.004699261, -0.004498947, -0.004254189, -0.0041275676, -0.0038914883, -0.0037117433, -0.0036556225, -0.0036282612, -0.0037158998, -0.0038880447, -0.0039879624, -0.0041764732, -0.0043105227, -0.004349866, -0.004377956, -0.0043688943, -0.0043798853, -0.004412944, -0.0045624017, -0.0048263567, -0.0049882946, -0.0053239474, -0.0056056147, -0.005705601, -0.0058070733, -0.005783447, -0.0056737447, -0.005607577, -0.005500857, -0.005468258, -0.0054774787, -0.0054947506, -0.005415276, -0.0051739686, -0.0050010323, -0.0046179146, -0.004281348, -0.0041516395, -0.0039586513, -0.00378155, -0.00351185, -0.0033205494, -0.0028430903, -0.0023707936, -0.0022223953, -0.0023323263, 0, 0, 0, 0, 0, 0, 0, 0, 0, 0, 0, 0, 0, 0, 0, 0, 0, 0, 0, 0, 0, 0, 0, 0, 0, 0, 0, 0, 0, 0, 0, 0, 0, 0, 0, 0, 0, 0, 0, 0, 0, 0, 0, 0, 0, 0, 0, 0, 0, 0, 0, 0, 0, 0, 0, 0, 0, 0, 0, 0, 0, 0, 0, 0, 0, 0, 0, 0, 0
-0.00092450564, -0.00097435975, -0.001264604, -0.00166488, -0.0018727627, -0.002286668, -0.0027000373, -0.0029081425, -0.003326704, -0.0037408108, -0.004138059, -0.0043268516, -0.004681502, -0.0050059506, -0.0051572924, -0.005437744, -0.005685927, -0.0058986815, -0.0059914384, -0.006148408, -0.006261577, -0.0062982743, -0.006325866, -0.0062906523, -0.0062521305, -0.0061441115, -0.0060133776, -0.0058831475, -0.005824901, -0.0057350877, -0.0056925835, -0.005690621, -0.0057175066, -0.0057616895, -0.005787682, -0.00578368, -0.005727811, -0.0055971304, -0.005503045, -0.0052674664, -0.005001068, -0.004873768, -0.0046687177, -0.0045688995, -0.004591341, -0.0046435622, -0.004800878, -0.0049727503, -0.0050412603, -0.0051034666, -0.005045205, -0.004898176, -0.004818945, -0.0047173407, -0.00475768, -0.0048382394, -0.005087123, -0.005374966, -0.005503573, -0.0056855134, -0.005739658, -0.0056711887, -0.005604698, -0.0054582073, -0.005369751, -0.005364721, -0.0054144743, -0.0054486226, -0.0053407913, -0.0052132565, -0.004839923, -0.00440698, -0.004208411, -0.0038963242, -0.0037005448, -0.0035598055, -0.0034844344, -0.0032968905, -0.0030731128, -0.0029594144, 0, 0, 0, 0, 0, 0, 0, 0, 0, 0, 0, 0, 0, 0, 0, 0, 0, 0, 0, 0, 0, 0, 0, 0, 0, 0, 0, 0, 0, 0, 0, 0, 0, 0, 0, 0, 0, 0, 0, 0, 0, 0, 0, 0, 0, 0, 0, 0, 0, 0, 0, 0, 0, 0, 0, 0, 0, 0, 0, 0, 0, 0, 0, 0, 0, 0, 0, 0, 0, 0
-0.00077151944, -0.00082521327, -0.0011083673, -0.0014841376, -0.0016762007, -0.0020545179, -0.002431301, -0.0026221015, -0.0030109384, -0.0034062238, -0.0037995998, -0.0039926367, -0.0043669916, -0.0047232397, -0.004894381, -0.0052231443, -0.0055377353, -0.005843578, -0.005994992, -0.0062946784, -0.00658246, -0.006717019, -0.0069571044, -0.0071446565, -0.0072147017, -0.0072991014, -0.0073000104, -0.0072132144, -0.0071400767, -0.0069525153, -0.0067485343, -0.006656207, -0.0065170843, -0.006459344, -0.006484595, -0.0065221814, -0.0066210176, -0.0067004915, -0.0067128027, -0.006652427, -0.0064700223, -0.006341385, -0.0060484223, -0.0057713846, -0.0055819484, -0.005535181, -0.0055466983, -0.0056680436, -0.0057454826, -0.0058651525, -0.0058529065, -0.005670971, -0.0055313944, -0.005230595, -0.00501138, -0.004962603, -0.0049971812, -0.0051641646, -0.0052700453, -0.005468096, -0.0055847643, -0.005574057, -0.0055193123, -0.0053450745, -0.005171345, -0.0051192315, -0.0051169493, -0.005199121, -0.0052224025, -0.00516628, -0.0048839287, -0.0044288733, -0.0041809096, -0.003751746, -0.0035316246, -0.0036012875, -0.0037426876, -0.004170726, -0.0045231846, -0.004729877, 0, 0, 0, 0, 0, 0, 0, 0, 0, 0, 0, 0, 0, 0, 0, 0, 0, 0, 0, 0, 0, 0, 0, 0, 0, 0, 0, 0, 0, 0, 0, 0, 0, 0, 0, 0, 0, 0, 0, 0, 0, 0, 0, 0, 0, 0, 0, 0, 0, 0, 0, 0, 0, 0, 0, 0, 0, 0, 0, 0, 0, 0, 0, 0, 0, 0, 0, 0, 0, 0
-0.00049342844, -0.00056055846, -0.0008578933, -0.001230387, -0.0014160131, -0.0017709883, -0.0021063385, -0.002269418, -0.0025915015, -0.0029145759, -0.003243228, -0.0034099082, -0.0037473924, -0.004087182, -0.0042564543, -0.004592467, -0.0049278736, -0.005268851, -0.0054434673, -0.0058020493, -0.0061704656, -0.0063562817, -0.006726651, -0.00708779, -0.00726017, -0.007571435, -0.00780777, -0.007931609, -0.007943918, -0.007870104, -0.0076919515, -0.0075804554, -0.0073560704, -0.0071865697, -0.007127128, -0.007148048, -0.007283026, -0.0074911606, -0.0075939, -0.0077343592, -0.0077263964, -0.007657086, -0.0074039856, -0.007055328, -0.0067017917, -0.0065530627, -0.006358921, -0.006328371, -0.006366915, -0.006492574, -0.00657067, -0.0064858706, -0.006369429, -0.0060240063, -0.005633522, -0.0054645883, -0.005242304, -0.0051993816, -0.0052352534, -0.0053687524, -0.0054940684, -0.005511191, -0.0054582627, -0.0052349833, -0.0049297498, -0.004789574, -0.004617143, -0.0046126638, -0.004678323, -0.0046816072, -0.0045333793, -0.0041504945, -0.0038983268, -0.0034048702, -0.0031692446, -0.0035272678, -0.0039988076, -0.0054600886, 0, 0, 0, 0, 0, 0, 0, 0, 0, 0, 0, 0, 0, 0, 0, 0, 0, 0, 0, 0, 0, 0, 0, 0, 0, 0, 0, 0, 0, 0, 0, 0, 0, 0, 0, 0, 0, 0, 0, 0, 0, 0, 0, 0, 0, 0, 0, 0, 0, 0, 0, 0, 0, 0, 0, 0, 0, 0, 0, 0, 0, 0, 0, 0, 0, 0, 0, 0, 0, 0, 0, 0
-3.5093315e-05, -0.000119248594, -0.0004279003, -0.00079076784, -0.0009686113, -0.0013015178, -0.0015989039, -0.0017354195, -0.0019914205, -0.002239522, -0.0025000821, -0.0026398017, -0.0029415248, -0.0032671993, -0.0034346788, -0.0037701263, -0.0040978766, -0.004416415, -0.004573782, -0.0048898617, -0.0052168737, -0.0053889696, -0.005758121, -0.006168034, -0.0063874386, -0.0068416446, -0.0072840056, -0.007667064, -0.007821409, -0.008035446, -0.0081137605, -0.008105723, -0.008019875, -0.007891705, -0.007794606, -0.007779189, -0.007840343, -0.008017351, -0.008132762, -0.008359141, -0.00849808, -0.008510037, -0.008399081, -0.008126083, -0.0077549447, -0.007561339, -0.007219916, -0.0070111705, -0.006971877, -0.0070097693, -0.007121371, -0.0071668574, -0.0071253357, -0.0068857307, -0.0064794626, -0.006250907, -0.005835473, -0.0055716666, -0.0055119907, -0.005513562, -0.005582874, -0.005584962, -0.005524417, -0.005249608, -0.00481059, -0.004569648, -0.0041529364, -0.0039270655, -0.003890894, -0.0039011494, -0.0038574806, -0.0036148622, -0.003414718, -0.0029519317, -0.0026934168, -0.0032554446, -0.0041815853, 0, 0, 0, 0, 0, 0, 0, 0, 0, 0, 0, 0, 0, 0, 0, 0, 0, 0, 0, 0, 0, 0, 0, 0, 0, 0, 0, 0, 0, 0, 0, 0, 0, 0, 0, 0, 0, 0, 0, 0, 0, 0, 0, 0, 0, 0, 0, 0, 0, 0, 0, 0, 0, 0, 0, 0, 0, 0, 0, 0, 0, 0, 0, 0, 0, 0, 0, 0, 0, 0, 0, 0, 0
0.0006566575, 0.00056319154, 0.00028966955, -6.824673e-07, -0.0001411517, -0.0004035713, -0.000633932, -0.00073683716, -0.00092513784, -0.0011095426, -0.0013219066, -0.001447005, -0.0017414289, -0.0020868927, -0.0022705665, -0.0026394448, -0.0029846444, -0.0032888378, -0.0034247886, -0.0036728214, -0.0039105606, -0.004036102, -0.004322259, -0.0046776137, -0.0048852693, -0.0053571104, -0.0058866735, -0.006442304, -0.006716823, -0.0072302464, -0.007658212, -0.007828031, -0.00806705, -0.008178814, -0.00820148, -0.008198392, -0.008206421, -0.008277472, -0.008344043, -0.008526913, -0.008724834, -0.008804469, -0.008878163, -0.008804324, -0.0085861115, -0.008436133, -0.008100375, -0.007791468, -0.0076750675, -0.0075531956, -0.007572903, -0.0076487716, -0.007664742, -0.0075742416, -0.0072777765, -0.0070642703, -0.0065854103, -0.0061644167, -0.006012545, -0.00584398, -0.0058002383, -0.005755096, -0.0056885844, -0.0054079983, -0.004918404, -0.0046165804, -0.0039971415, -0.0035077792, -0.0032562523, -0.0032105667, -0.0031869512, -0.0031122018, -0.003025319, -0.0027715638, -0.0025425795, -0.0025828446, 0, 0, 0, 0, 0, 0, 0, 0, 0, 0, 0, 0, 0, 0, 0, 0, 0, 0, 0, 0, 0, 0, 0, 0, 0, 0, 0, 0, 0, 0, 0, 0, 0, 0, 0, 0, 0, 0, 0, 0, 0, 0, 0, 0, 0, 0, 0, 0, 0, 0, 0, 0, 0, 0, 0, 0, 0, 0, 0, 0, 0, 0, 0, 0, 0, 0, 0, 0, 0, 0, 0, 0, 0, 0
0.0014979638, 0.0014091979, 0.001235156, 0.0011050071, 0.0010481237, 0.0009426866, 0.0008494278, 0.0008076465, 0.00072751474, 0.0006328658, 0.0004889197, 0.00038793733, 0.00011680426, -0.00024059207, -0.00044316528, -0.0008683687, -0.0012835884, -0.0016536183, -0.0018159081, -0.0020966379, -0.0023376935, -0.0024540501, -0.0027032322, -0.0030029, -0.0031788351, -0.0035898983, -0.004083308, -0.0046581896, -0.0049727038, -0.0056380946, -0.0063117, -0.006633305, -0.0072083133, -0.0076544145, -0.0079484265, -0.008040491, -0.008139472, -0.008183778, -0.008210711, -0.008317068, -0.008510662, -0.0086313095, -0.008874393, -0.0090508815, -0.009100872, -0.009070383, -0.008904789, -0.008636038, -0.008485526, -0.008210519, -0.008038471, -0.007990664, -0.00799336, -0.007972432, -0.00781272, -0.007661609, -0.007239683, -0.006757459, -0.006536205, -0.0061927736, -0.005991542, -0.005866564, -0.0057965238, -0.0055671446, -0.0051499372, -0.0048649013, -0.0041941507, -0.0035328476, -0.003064611, -0.002933263, -0.002853502, -0.0029310142, -0.0030094825, -0.0032368833, -0.0033126152, 0, 0, 0, 0, 0, 0, 0, 0, 0, 0, 0, 0, 0, 0, 0, 0, 0, 0, 0, 0, 0, 0, 0, 0, 0, 0, 0, 0, 0, 0, 0, 0, 0, 0, 0, 0, 0, 0, 0, 0, 0, 0, 0, 0, 0, 0, 0, 0, 0, 0, 0, 0, 0, 0, 0, 0, 0, 0, 0, 0, 0, 0, 0, 0, 0, 0, 0, 0, 0, 0, 0, 0, 0, 0, 0
0.0022112317, 0.002135973, 0.0020902713, 0.002166798, 0.0022224106, 0.0023380928, 0.0024459548, 0.0024950267, 0.0025778692, 0.0026245853, 0.0026069838, 0.0025640898, 0.0023960148, 0.002116927, 0.0019403026, 0.0015310035, 0.0010757418, 0.0006091424, 0.00038064172, -5.554799e-05, -0.00046058113, -0.0006534622, -0.0010290297, -0.0014019937, -0.001590802, -0.0019793422, -0.0023992436, -0.002879286, -0.0031510578, -0.0037666347, -0.0044684377, -0.004841009, -0.005596776, -0.0063129375, -0.006921055, -0.007165327, -0.007514396, -0.007698069, -0.007751861, -0.007855153, -0.00803543, -0.008170842, -0.008517032, -0.00890003, -0.0092264665, -0.009342726, -0.009443918, -0.00934714, -0.009229469, -0.008899708, -0.008548144, -0.008294675, -0.008220752, -0.008146608, -0.008063482, -0.00797707, -0.0076727998, -0.0072148927, -0.00695713, -0.0064621596, -0.0060713002, -0.0058114906, -0.005716117, -0.005530806, -0.005249489, -0.005042413, -0.0044860877, -0.003833454, -0.0032849621, -0.0031084442, -0.0029941674, -0.0031841102, -0.003407419, -0.0043814583, 0, 0, 0, 0, 0, 0, 0, 0, 0, 0, 0, 0, 0, 0, 0, 0, 0, 0, 0, 0, 0, 0, 0, 0, 0, 0, 0, 0, 0, 0, 0, 0, 0, 0, 0, 0, 0, 0, 0, 0, 0, 0, 0, 0, 0, 0, 0, 0, 0, 0, 0, 0, 0, 0, 0, 0, 0, 0, 0, 0, 0, 0, 0, 0, 0, 0, 0, 0, 0, 0, 0, 0, 0, 0, 0, 0
0.002542557, 0.002478559, 0.0025355974, 0.0027892848, 0.0029463929, 0.0032692708, 0.0035716482, 0.0037093747, 0.0039521465, 0.004143059, 0.004267865, 0.004299957, 0.0042947466, 0.0041930773, 0.0041060355, 0.0038601412, 0.0035176086, 0.003081579, 0.002832005, 0.002282686, 0.0016857085, 0.0013772812, 0.00075708056, 0.00015850565, -0.00012256594, -0.0006336834, -0.001076979, -0.0014846887, -0.001692717, -0.0021545205, -0.0027140363, -0.003037827, -0.0037723952, -0.004592429, -0.005426685, -0.0058166916, -0.0064777224, -0.006932398, -0.0070854174, -0.007299538, -0.0074974895, -0.0076264148, -0.007977341, -0.008436831, -0.008929827, -0.009157303, -0.009508589, -0.009647512, -0.009620407, -0.0093814805, -0.008981565, -0.008578522, -0.008421469, -0.008229477, -0.008147001, -0.008104143, -0.00792571, -0.0075563323, -0.007301576, -0.0067112586, -0.0061281496, -0.0056659845, -0.005495457, -0.0052508814, -0.00504258, -0.004910737, -0.004536378, -0.004048866, -0.0036432724, -0.0035488938, -0.0036257908, -0.0039973413, -0.0042057666, 0, 0, 0, 0, 0, 0, 0, 0, 0, 0, 0, 0, 0, 0, 0, 0, 0, 0, 0, 0, 0, 0, 0, 0, 0, 0, 0, 0, 0, 0, 0, 0, 0, 0, 0, 0, 0, 0, 0, 0, 0, 0, 0, 0, 0, 0, 0, 0, 0, 0, 0, 0, 0, 0, 0, 0, 0, 0, 0, 0, 0, 0, 0, 0, 0, 0, 0, 0, 0, 0, 0, 0, 0, 0, 0, 0, 0
0.0025281955, 0.0024711771, 0.0025848784, 0.0029427127, 0.0031611389, 0.0036079083, 0.0040200287, 0.004203954, 0.004523414, 0.004780536, 0.004978818, 0.0050565894, 0.0051726815, 0.005239868, 0.005255025, 0.005239213, 0.005134257, 0.00490448, 0.0047345916, 0.0042800885, 0.0036809691, 0.003334602, 0.0025728082, 0.0017667126, 0.0013693307, 0.0006329391, 1.6544742e-05, -0.00047285782, -0.0006821236, -0.0010736975, -0.0014951188, -0.0017403497, -0.002334893, -0.0030885506, -0.0039746095, -0.0044397777, -0.005333231, -0.006073875, -0.0063620755, -0.0067782635, -0.0070510497, -0.007171703, -0.0074524526, -0.007836271, -0.00831679, -0.008572602, -0.009050464, -0.009386349, -0.009469166, -0.009431608, -0.009150902, -0.008749783, -0.008557507, -0.008273829, -0.008150843, -0.008126512, -0.008055427, -0.007822799, -0.0076161693, -0.0070308372, -0.006316101, -0.0056328704, -0.0053449064, -0.0049089463, -0.0046236017, -0.0045053707, -0.004250313, -0.003968419, -0.0038805641, -0.004043446, -0.0047747144, -0.0056810905, -0.006151416, 0, 0, 0, 0, 0, 0, 0, 0, 0, 0, 0, 0, 0, 0, 0, 0, 0, 0, 0, 0, 0, 0, 0, 0, 0, 0, 0, 0, 0, 0, 0, 0, 0, 0, 0, 0, 0, 0, 0, 0, 0, 0, 0, 0, 0, 0, 0, 0, 0, 0, 0, 0, 0, 0, 0, 0, 0, 0, 0, 0, 0, 0, 0, 0, 0, 0, 0, 0, 0, 0, 0, 0, 0, 0, 0, 0, 0
0.002396775, 0.0023475406, 0.0024889866, 0.002885041, 0.0031225963, 0.0035984227, 0.0040178006, 0.004196477, 0.004493592, 0.0047238935, 0.004905902, 0.0049830256, 0.005119263, 0.005242016, 0.0053006895, 0.0054071555, 0.0054716174, 0.0054504974, 0.0053948, 0.005174608, 0.0047952463, 0.0045430046, 0.0039139977, 0.003142344, 0.0027202903, 0.0018572821, 0.0010425049, 0.00033989394, 3.694106e-05, -0.00048549482, -0.0009378998, -0.0011590745, -0.0016404606, -0.0022367411, -0.002992848, -0.0034270238, -0.0043575927, -0.005265287, -0.0056684874, -0.0063160113, -0.006738516, -0.006882489, -0.0071044024, -0.007336961, -0.0076584336, -0.007856562, -0.00829494, -0.008709275, -0.00887181, -0.009049107, -0.00899049, -0.008731734, -0.00856512, -0.008254266, -0.008070575, -0.008034509, -0.0080160005, -0.00792505, -0.007799521, -0.0073350053, -0.006622037, -0.0058064833, -0.0054164133, -0.0047576986, -0.0043003107, -0.004139633, -0.00391383, -0.0038011547, -0.0039895955, -0.004438112, -0.006462079, 0, 0, 0, 0, 0, 0, 0, 0, 0, 0, 0, 0, 0, 0, 0, 0, 0, 0, 0, 0, 0, 0, 0, 0, 0, 0, 0, 0, 0, 0, 0, 0, 0, 0, 0, 0, 0, 0, 0, 0, 0, 0, 0, 0, 0, 0, 0, 0, 0, 0, 0, 0, 0, 0, 0, 0, 0, 0, 0, 0, 0, 0, 0, 0, 0, 0, 0, 0, 0, 0, 0, 0, 0, 0, 0, 0, 0, 0, 0
0.0022354238, 0.00219744, 0.0023491168, 0.0027331011, 0.0029580106, 0.0033950647, 0.0037589797, 0.0039057385, 0.004137009, 0.004310415, 0.0044504046, 0.004511291, 0.0046159714, 0.0046986095, 0.0047323583, 0.004784609, 0.004810473, 0.0047970912, 0.0047729122, 0.004685389, 0.0045357193, 0.0044290065, 0.004123093, 0.0036568458, 0.0033561902, 0.0026324873, 0.0017958535, 0.00092794216, 0.0005070603, -0.00027022924, -0.000930988, -0.0012151723, -0.0017118421, -0.0021750191, -0.0027008615, -0.0030137217, -0.0037576044, -0.004619511, -0.005060575, -0.0058736973, -0.006492649, -0.006710138, -0.0069788755, -0.0071153785, -0.0072503933, -0.0073483903, -0.007626229, -0.007982152, -0.008164742, -0.008475952, -0.008630311, -0.008566845, -0.008459542, -0.00816348, -0.007888998, -0.0077985586, -0.007722639, -0.0076917345, -0.0076371995, -0.0073469626, -0.0067700585, -0.0059917374, -0.0055833934, -0.0048470325, -0.0043169474, -0.0041435626, -0.003989519, -0.0041317465, -0.004445497, -0.004490366, 0, 0, 0, 0, 0, 0, 0, 0, 0, 0, 0, 0, 0, 0, 0, 0, 0, 0, 0, 0, 0, 0, 0, 0, 0, 0, 0, 0, 0, 0, 0, 0, 0, 0, 0, 0, 0, 0, 0, 0, 0, 0, 0, 0, 0, 0, 0, 0, 0, 0, 0, 0, 0, 0, 0, 0, 0, 0, 0, 0, 0, 0, 0, 0, 0, 0, 0, 0, 0, 0, 0, 0, 0, 0, 0, 0, 0, 0, 0, 0
0.0018915723, 0.0018639585, 0.0019924433, 0.002305913, 0.0024878245, 0.0028370016, 0.0031191653, 0.0032301159, 0.0034047118, 0.0035464037, 0.0036798608, 0.0037435351, 0.0038496605, 0.0039017575, 0.0038995878, 0.003831354, 0.003683337, 0.0034806395, 0.0033729037, 0.0031788182, 0.0030476127, 0.0030077945, 0.0029499156, 0.0028425963, 0.0027370185, 0.002366594, 0.0017568438, 0.000937945, 0.00047697537, -0.00047412637, -0.0013591852, -0.0017436858, -0.002361064, -0.0027882191, -0.0031118698, -0.0032771905, -0.003698803, -0.004305801, -0.0046771145, -0.005490717, -0.006259127, -0.006574276, -0.0070070894, -0.0071885744, -0.007228931, -0.007242036, -0.0073255324, -0.0075236624, -0.0076619643, -0.0079756435, -0.008244854, -0.008340757, -0.0082958555, -0.008030784, -0.007644867, -0.007463167, -0.0072038607, -0.0070838453, -0.0070383158, -0.0068606404, -0.0064609125, -0.005849325, -0.005514586, -0.0049393517, -0.0046560257, -0.00463586, -0.0047737844, -0.0053517427, -0.006400019, 0, 0, 0, 0, 0, 0, 0, 0, 0, 0, 0, 0, 0, 0, 0, 0, 0, 0, 0, 0, 0, 0, 0, 0, 0, 0, 0, 0, 0, 0, 0, 0, 0, 0, 0, 0, 0, 0, 0, 0, 0, 0, 0, 0, 0, 0, 0, 0, 0, 0, 0, 0, 0, 0, 0, 0, 0, 0, 0, 0, 0, 0, 0, 0, 0, 0, 0, 0, 0, 0, 0, 0, 0, 0, 0, 0, 0, 0, 0, 0, 0
0.0011785117, 0.001155223, 0.0012067265, 0.0013731255, 0.0014760707, 0.0016797382, 0.0018481091, 0.0019157376, 0.0020320467, 0.0021520925, 0.0022987032, 0.0023801145, 0.0025345879, 0.0026292864, 0.0026357018, 0.002539393, 0.0022856425, 0.0019022349, 0.0016835957, 0.0012560631, 0.00092878204, 0.0008267508, 0.0007527777, 0.00079587405, 0.00082263176, 0.00078947673, 0.000529801, -2.133645e-05, -0.00039823563, -0.0012876177, -0.0022256055, -0.002661448, -0.0033837555, -0.0038534338, -0.004089922, -0.004154208, -0.0042783516, -0.004537509, -0.004754733, -0.0053701093, -0.006128856, -0.006501908, -0.0071104923, -0.007441175, -0.007509753, -0.007483075, -0.0074060564, -0.007398543, -0.0074434387, -0.0076304004, -0.007883792, -0.008057418, -0.008062275, -0.007849834, -0.007389309, -0.007118384, -0.006626296, -0.006298791, -0.0061929603, -0.0060096625, -0.005729234, -0.0052947705, -0.0050602555, -0.0047733295, -0.0051297126, -0.0056095645, -0.00640457, -0.0070717977, 0, 0, 0, 0, 0, 0, 0, 0, 0, 0, 0, 0, 0, 0, 0, 0, 0, 0, 0, 0, 0, 0, 0, 0, 0, 0, 0, 0, 0, 0, 0, 0, 0, 0, 0, 0, 0, 0, 0, 0, 0, 0, 0, 0, 0, 0, 0, 0, 0, 0, 0, 0, 0, 0, 0, 0, 0, 0, 0, 0, 0, 0, 0, 0, 0, 0, 0, 0, 0, 0, 0, 0, 0, 0, 0, 0, 0, 0, 0, 0, 0, 0
0.0001053515, 7.93739e-05, 3.5849985e-06, -4.7249465e-05, -5.9118676e-05, -6.73841e-05, -7.1352115e-05, -7.342838e-05, -6.673639e-05, -2.2087192e-05, 8.282701e-05, 0.00015761888, 0.0003333347, 0.0004946805, 0.0005473374, 0.0005527477, 0.00038126681, 2.1012347e-05, -0.00021766823, -0.0007559587, -0.0012768393, -0.0014936334, -0.0017880523, -0.0018794723, -0.0018644701, -0.0017903208, -0.0017903299, -0.0020040069, -0.002212439, -0.0028130189, -0.003564963, -0.0039505945, -0.0046486524, -0.005155098, -0.005416577, -0.0054609776, -0.0054446273, -0.005428817, -0.0054781632, -0.0057690865, -0.006314274, -0.006644184, -0.0072848233, -0.007727848, -0.007872079, -0.007842718, -0.007664105, -0.0074586356, -0.0073895915, -0.00736792, -0.007494911, -0.007659104, -0.0076946584, -0.0075616306, -0.0071143135, -0.0068038073, -0.0061461725, -0.005612941, -0.00542646, -0.005184504, -0.004994992, -0.0047301194, -0.0045778602, -0.0044712843, -0.0054560485, -0.007005979, -0.009270461, 0, 0, 0, 0, 0, 0, 0, 0, 0, 0, 0, 0, 0, 0, 0, 0, 0, 0, 0, 0, 0, 0, 0, 0, 0, 0, 0, 0, 0, 0, 0, 0, 0, 0, 0, 0, 0, 0, 0, 0, 0, 0, 0, 0, 0, 0, 0, 0, 0, 0, 0, 0, 0, 0, 0, 0, 0, 0, 0, 0, 0, 0, 0, 0, 0, 0, 0, 0, 0, 0, 0, 0, 0, 0, 0, 0, 0, 0, 0, 0, 0, 0, 0
-0.0010783144, -0.0011094353, -0.0013290222, -0.0016238557, -0.0017675314, -0.0020300795, -0.00226192, -0.002366576, -0.0025467165, -0.0026712436, -0.0027198514, -0.0027112693, -0.0026319537, -0.002492596, -0.0024163928, -0.002293707, -0.0022715654, -0.0024053084, -0.0025367683, -0.002913798, -0.0033928778, -0.0036441938, -0.004109195, -0.0044466066, -0.0045485697, -0.0046221847, -0.004590393, -0.004584472, -0.00463116, -0.004864687, -0.0052727624, -0.005519635, -0.0060361, -0.006499645, -0.006821467, -0.0069100396, -0.0069373543, -0.0068318755, -0.0067741647, -0.006754445, -0.0069501842, -0.007129694, -0.0075698146, -0.007952959, -0.008109834, -0.008083473, -0.007857977, -0.007516288, -0.0073505742, -0.007114836, -0.0070592235, -0.007139975, -0.007180368, -0.007124297, -0.0067643677, -0.0064708046, -0.0057685697, -0.0051268316, -0.0048957355, -0.0046633063, -0.004693528, -0.0048114364, -0.0048242006, -0.0047916183, -0.004896572, 0, 0, 0, 0, 0, 0, 0, 0, 0, 0, 0, 0, 0, 0, 0, 0, 0, 0, 0, 0, 0, 0, 0, 0, 0, 0, 0, 0, 0, 0, 0, 0, 0, 0, 0, 0, 0, 0, 0, 0, 0, 0, 0, 0, 0, 0, 0, 0, 0, 0, 0, 0, 0, 0, 0, 0, 0, 0, 0, 0, 0, 0, 0, 0, 0, 0, 0, 0, 0, 0, 0, 0, 0, 0, 0, 0, 0, 0, 0, 0, 0, 0, 0, 0, 0
-0.0020395713, -0.0020724682, -0.0024097674, -0.0029152872, -0.0031761061, -0.0036753095, -0.0041349023, -0.004349678, -0.004747857, -0.005099301, -0.005390772, -0.005507365, -0.005666552, -0.0057126465, -0.0056935335, -0.005589054, -0.0054437174, -0.0053233225, -0.005291742, -0.005315719, -0.0054811817, -0.0056208307, -0.0059942524, -0.0064255055, -0.006627276, -0.0069338745, -0.0070639593, -0.0070467587, -0.0070141093, -0.006973829, -0.0070322407, -0.007107992, -0.00734444, -0.0076628868, -0.007997383, -0.0081414785, -0.008320539, -0.008310283, -0.008242196, -0.008050548, -0.007905305, -0.007883688, -0.007948668, -0.008078012, -0.008128507, -0.008087585, -0.007854495, -0.00746882, -0.00725482, -0.0068707494, -0.006638469, -0.0065887165, -0.006602666, -0.0065799584, -0.0063160188, -0.0060637817, -0.005391967, -0.00472786, -0.0044948515, -0.004381299, -0.004872427, -0.0059579574, -0.0064491294, -0.0067303404, 0, 0, 0, 0, 0, 0, 0, 0, 0, 0, 0, 0, 0, 0, 0, 0, 0, 0, 0, 0, 0, 0, 0, 0, 0, 0, 0, 0, 0, 0, 0, 0, 0, 0, 0, 0, 0, 0, 0, 0, 0, 0, 0, 0, 0, 0, 0, 0, 0, 0, 0, 0, 0, 0, 0, 0, 0, 0, 0, 0, 0, 0, 0, 0, 0, 0, 0, 0, 0, 0, 0, 0, 0, 0, 0, 0, 0, 0, 0, 0, 0, 0, 0, 0, 0, 0
-0.0025877797, -0.0026190805, -0.0030328385, -0.003685633, -0.0040288786, -0.0046915757, -0.0053042844, -0.005592262, -0.0061399657, -0.0066641825, -0.007175294, -0.007422617, -0.0078777075, -0.008232538, -0.008354492, -0.008466024, -0.008402395, -0.008198408, -0.008062116, -0.007771389, -0.0075369473, -0.007473322, -0.007501723, -0.007746865, -0.0079299975, -0.008329702, -0.0086412905, -0.008759489, -0.0087424815, -0.0086055435, -0.008426812, -0.008356055, -0.008300622, -0.008398002, -0.008647684, -0.008809302, -0.009123923, -0.009300162, -0.009301194, -0.009123706, -0.008785407, -0.008601209, -0.008284217, -0.008077452, -0.007938525, -0.007863384, -0.007644361, -0.0073023606, -0.007094365, -0.006660102, -0.0063011986, -0.0061075813, -0.0060707675, -0.00602675, -0.005831791, -0.005622318, -0.004995635, -0.004328454, -0.004106808, -0.0041495655, -0.0051937145, -0.007919692, -0.009559114, 0, 0, 0, 0, 0, 0, 0, 0, 0, 0, 0, 0, 0, 0, 0, 0, 0, 0, 0, 0, 0, 0, 0, 0, 0, 0, 0, 0, 0, 0, 0, 0, 0, 0, 0, 0, 0, 0, 0, 0, 0, 0, 0, 0, 0, 0, 0, 0, 0, 0, 0, 0, 0, 0, 0, 0, 0, 0, 0, 0, 0, 0, 0, 0, 0, 0, 0, 0, 0, 0, 0, 0, 0, 0, 0, 0, 0, 0, 0, 0, 0, 0, 0, 0, 0, 0, 0
-0.0027807832, -0.002813777, -0.0032867563, -0.004048181, -0.0044493373, -0.0052120895, -0.0058905096, -0.0061977445, -0.0067647714, -0.007304522, -0.007863974, -0.008160724, -0.008782199, -0.009392844, -0.009666734, -0.010095838, -0.010309885, -0.010279327, -0.010175021, -0.00982124, -0.009355894, -0.009123965, -0.008757557, -0.0086206095, -0.008653348, -0.008884141, -0.009206946, -0.009441659, -0.009483395, -0.009395555, -0.009134169, -0.0089757005, -0.008687488, -0.008536506, -0.008597373, -0.008709091, -0.009037504, -0.009359435, -0.00945662, -0.009436895, -0.009119647, -0.008879363, -0.00834709, -0.00788101, -0.0075613633, -0.0074480353, -0.0072520166, -0.0070053856, -0.0068421746, -0.006442383, -0.0060195406, -0.005696907, -0.005600631, -0.0055169477, -0.005422659, -0.005293945, -0.0047872635, -0.0041358573, -0.003919787, -0.00407908, -0.005489963, 0, 0, 0, 0, 0, 0, 0, 0, 0, 0, 0, 0, 0, 0, 0, 0, 0, 0, 0, 0, 0, 0, 0, 0, 0, 0, 0, 0, 0, 0, 0, 0, 0, 0, 0, 0, 0, 0, 0, 0, 0, 0, 0, 0, 0, 0, 0, 0, 0, 0, 0, 0, 0, 0, 0, 0, 0, 0, 0, 0, 0, 0, 0, 0, 0, 0, 0, 0, 0, 0, 0, 0, 0, 0, 0, 0, 0, 0, 0, 0, 0, 0, 0, 0, 0, 0, 0, 0, 0
-0.0028109646, -0.0028535626, -0.003390258, -0.0042549716, -0.004710877, -0.0055686366, -0.006301557, -0.0066149873, -0.0071448158, -0.007581634, -0.007995105, -0.00821748, -0.008728032, -0.009327288, -0.00964438, -0.010255694, -0.010749738, -0.011035762, -0.011079963, -0.010953672, -0.010565547, -0.010299911, -0.009716682, -0.009208393, -0.009030469, -0.008875761, -0.008958163, -0.009137014, -0.009204696, -0.009204986, -0.008986939, -0.00881123, -0.008403139, -0.008042146, -0.007858787, -0.007858822, -0.008041624, -0.008371701, -0.008532382, -0.008711217, -0.008590446, -0.0084139, -0.007909062, -0.007366466, -0.0069525456, -0.0068137194, -0.006638815, -0.0064919526, -0.0063874065, -0.006070249, -0.00563682, -0.0052148574, -0.005063878, -0.004964275, -0.0051187607, -0.0052237865, -0.005199704, -0.0047130417, -0.004473462, -0.004581747, 0, 0, 0, 0, 0, 0, 0, 0, 0, 0, 0, 0, 0, 0, 0, 0, 0, 0, 0, 0, 0, 0, 0, 0, 0, 0, 0, 0, 0, 0, 0, 0, 0, 0, 0, 0, 0, 0, 0, 0, 0, 0, 0, 0, 0, 0, 0, 0, 0, 0, 0, 0, 0, 0, 0, 0, 0, 0, 0, 0, 0, 0, 0, 0, 0, 0, 0, 0, 0, 0, 0, 0, 0, 0, 0, 0, 0, 0, 0, 0, 0, 0, 0, 0, 0, 0, 0, 0, 0, 0
-0.0027491604, -0.0028004453, -0.0033700308, -0.004291795, -0.0047850944, -0.0057323435, -0.006562178, -0.006919702, -0.0075048474, -0.007916027, -0.008192367, -0.008304661, -0.008540208, -0.008855946, -0.009055664, -0.009526166, -0.010038177, -0.010499382, -0.010677463, -0.010864181, -0.010764035, -0.010598795, -0.010070016, -0.009385511, -0.00903978, -0.00845737, -0.008118267, -0.008022346, -0.008028335, -0.008033854, -0.007905715, -0.0077699213, -0.007379853, -0.006924866, -0.0065402924, -0.0064148298, -0.0063541806, -0.0065453965, -0.006703485, -0.007019049, -0.0071608447, -0.007125118, -0.006850271, -0.0064225, -0.0060271495, -0.0058848574, -0.005722961, -0.0056451103, -0.005591107, -0.0053684427, -0.0049616965, -0.0044761132, -0.0042788936, -0.004181356, -0.00475711, -0.005363934, -0.006747529, -0.006825544, -0.0063142353, 0, 0, 0, 0, 0, 0, 0, 0, 0, 0, 0, 0, 0, 0, 0, 0, 0, 0, 0, 0, 0, 0, 0, 0, 0, 0, 0, 0, 0, 0, 0, 0, 0, 0, 0, 0, 0, 0, 0, 0, 0, 0, 0, 0, 0, 0, 0, 0, 0, 0, 0, 0, 0, 0, 0, 0, 0, 0, 0, 0, 0, 0, 0, 0, 0, 0, 0, 0, 0, 0, 0, 0, 0, 0, 0, 0, 0, 0, 0, 0, 0, 0, 0, 0, 0, 0, 0, 0, 0, 0, 0
-0.0024833952, -0.0025252907, -0.0030267774, -0.0038599442, -0.004318916, -0.005239411, -0.006119171, -0.0065321284, -0.0072744023, -0.007859552, -0.008252466, -0.00837836, -0.008521655, -0.008591806, -0.008627673, -0.008745438, -0.008954583, -0.009245619, -0.009403847, -0.009683793, -0.009812822, -0.009783359, -0.009487866, -0.00887877, -0.008484778, -0.0076307114, -0.0068666097, -0.0063514514, -0.006198379, -0.006037986, -0.0059270863, -0.005840629, -0.0055605564, -0.005153327, -0.0047018267, -0.004497204, -0.0042188745, -0.0042063417, -0.004307343, -0.004653556, -0.005017994, -0.0051401933, -0.0051952945, -0.005020983, -0.0047550783, -0.004638419, -0.004495178, -0.004453202, -0.00443437, -0.0043001515, -0.003952928, -0.0034521157, -0.0032268567, -0.0031217008, -0.0040689074, -0.005239209, -0.009531924, -0.011536576, 0, 0, 0, 0, 0, 0, 0, 0, 0, 0, 0, 0, 0, 0, 0, 0, 0, 0, 0, 0, 0, 0, 0, 0, 0, 0, 0, 0, 0, 0, 0, 0, 0, 0, 0, 0, 0, 0, 0, 0, 0, 0, 0, 0, 0, 0, 0, 0, 0, 0, 0, 0, 0, 0, 0, 0, 0, 0, 0, 0, 0, 0, 0, 0, 0, 0, 0, 0, 0, 0, 0, 0, 0, 0, 0, 0, 0, 0, 0, 0, 0, 0, 0, 0, 0, 0, 0, 0, 0, 0, 0, 0
-0.0019913963, -0.0020003556, -0.0023239926, -0.002902985, -0.0032300588, -0.0039154463, -0.004641235, -0.005022428, -0.0058164713, -0.0066122124, -0.007329913, -0.007629637, -0.00806336, -0.008254826, -0.008268296, -0.008182953, -0.008042526, -0.007948408, -0.007937398, -0.007988569, -0.008082682, -0.00810883, -0.008025781, -0.007650302, -0.007331982, -0.0064685997, -0.005455373, -0.0045315684, -0.004164227, -0.0036572127, -0.0033831731, -0.0032853677, -0.0030759866, -0.0027807583, -0.0023909358, -0.0021780194, -0.0017969151, -0.0016131948, -0.0016371567, -0.0019249803, -0.0024142342, -0.0026647542, -0.0030502737, -0.0032066037, -0.0031739876, -0.003126594, -0.0030513785, -0.0030495569, -0.0030647551, -0.0030410935, -0.002814009, -0.0023809574, -0.0021696617, -0.0020773783, -0.003112016, -0.003704859, 0, 0, 0, 0, 0, 0, 0, 0, 0, 0, 0, 0, 0, 0, 0, 0, 0, 0, 0, 0, 0, 0, 0, 0, 0, 0, 0, 0, 0, 0, 0, 0, 0, 0, 0, 0, 0, 0, 0, 0, 0, 0, 0, 0, 0, 0, 0, 0, 0, 0, 0, 0, 0, 0, 0, 0, 0, 0, 0, 0, 0, 0, 0, 0, 0, 0, 0, 0, 0, 0, 0, 0, 0, 0, 0, 0, 0, 0, 0, 0, 0, 0, 0, 0, 0, 0, 0, 0, 0, 0, 0, 0, 0, 0
-0.0015440559, -0.0015146006, -0.0016454471, -0.0019331604, -0.0020916804, -0.0024114796, -0.0027651426, -0.0029765724, -0.0035161383, -0.0042478056, -0.0051441886, -0.0056175664, -0.0064998507, -0.007139947, -0.007328081, -0.007428339, -0.0072350125, -0.006897335, -0.0067228777, -0.0064385002, -0.006288853, -0.0062601846, -0.0062263054, -0.006069927, -0.0058857733, -0.0052302405, -0.0042237937, -0.0030592005, -0.002501245, -0.0015692315, -0.0009436833, -0.00073020364, -0.0004200781, -0.00015681735, 0.00015184571, 0.0003343886, 0.00072129915, 0.0010116473, 0.0010619414, 0.0008963142, 0.0004033616, 8.455248e-05, -0.0005545837, -0.0010455042, -0.0013220477, -0.0013940169, -0.0014742507, -0.0015680767, -0.001643534, -0.0018253028, -0.0018714224, -0.0016459246, -0.0015140435, -0.001511857, 0, 0, 0, 0, 0, 0, 0, 0, 0, 0, 0, 0, 0, 0, 0, 0, 0, 0, 0, 0, 0, 0, 0, 0, 0, 0, 0, 0, 0, 0, 0, 0, 0, 0, 0, 0, 0, 0, 0, 0, 0, 0, 0, 0, 0, 0, 0, 0, 0, 0, 0, 0, 0, 0, 0, 0, 0, 0, 0, 0, 0, 0, 0, 0, 0, 0, 0, 0, 0, 0, 0, 0, 0, 0, 0, 0, 0, 0, 0, 0, 0, 0, 0, 0, 0, 0, 0, 0, 0, 0, 0, 0, 0, 0, 0, 0
-0.0015067668, -0.001454761, -0.0014941121, -0.0016319291, -0.001686324, -0.0017212552, -0.0016763288, -0.0016518056, -0.001687175, -0.0019675752, -0.002597105, -0.0030388995, -0.004077432, -0.0051030614, -0.0055256337, -0.006075593, -0.0062000714, -0.0059842994, -0.0057978146, -0.005374323, -0.005011489, -0.0048868936, -0.0047601275, -0.0046976632, -0.0046247495, -0.004248781, -0.0034557004, -0.0022960515, -0.001646612, -0.00038354468, 0.0006564876, 0.0010632514, 0.0016677924, 0.0020773467, 0.0024133692, 0.0025873017, 0.0029738315, 0.003346134, 0.003472624, 0.003489564, 0.0031254988, 0.0028205747, 0.0020793416, 0.0013446702, 0.0007706168, 0.0005610497, 0.0002650508, 1.8045634e-05, -0.00015144584, -0.0006975231, -0.0013500021, -0.0015207196, -0.0015334605, 0, 0, 0, 0, 0, 0, 0, 0, 0, 0, 0, 0, 0, 0, 0, 0, 0, 0, 0, 0, 0, 0, 0, 0, 0, 0, 0, 0, 0, 0, 0, 0, 0, 0, 0, 0, 0, 0, 0, 0, 0, 0, 0, 0, 0, 0, 0, 0, 0, 0, 0, 0, 0, 0, 0, 0, 0, 0, 0, 0, 0, 0, 0, 0, 0, 0, 0, 0, 0, 0, 0, 0, 0, 0, 0, 0, 0, 0, 0, 0, 0, 0, 0, 0, 0, 0, 0, 0, 0, 0, 0, 0, 0, 0, 0, 0, 0
-0.0020244755, -0.0019689908, -0.0020493446, -0.002247695, -0.0023161597, -0.002305475, -0.0020674567, -0.0018776987, -0.0014403238, -0.0010977136, -0.0010689667, -0.0012212627, -0.0018668283, -0.0028293666, -0.0033444131, -0.0042551477, -0.004840163, -0.005035022, -0.00500313, -0.004756673, -0.0044017453, -0.0042363536, -0.004010062, -0.0039300863, -0.0039070435, -0.0037489324, -0.003250099, -0.0023088057, -0.001697422, -0.00033538466, 0.000997556, 0.0015905633, 0.002569265, 0.0032775758, 0.0037968664, 0.0040252344, 0.0044888295, 0.0049716677, 0.0051867072, 0.0054414566, 0.0053351116, 0.00513458, 0.0045060725, 0.0037329989, 0.0030172386, 0.0027247104, 0.0022804053, 0.00191519, 0.0016539266, 0.0006343567, -0.0012773966, -0.0019842586, 0, 0, 0, 0, 0, 0, 0, 0, 0, 0, 0, 0, 0, 0, 0, 0, 0, 0, 0, 0, 0, 0, 0, 0, 0, 0, 0, 0, 0, 0, 0, 0, 0, 0, 0, 0, 0, 0, 0, 0, 0, 0, 0, 0, 0, 0, 0, 0, 0, 0, 0, 0, 0, 0, 0, 0, 0, 0, 0, 0, 0, 0, 0, 0, 0, 0, 0, 0, 0, 0, 0, 0, 0, 0, 0, 0, 0, 0, 0, 0, 0, 0, 0, 0, 0, 0, 0, 0, 0, 0, 0, 0, 0, 0, 0, 0, 0, 0
-0.0029834139, -0.0029266023, -0.0031109112, -0.003495277, -0.0036615403, -0.003816908, -0.0036591627, -0.0034548526, -0.002830224, -0.002040541, -0.0013154595, -0.0010617978, -0.00091046595, -0.0012891701, -0.0016453912, -0.0025262402, -0.0033856474, -0.0040058433, -0.0041956, -0.004338413, -0.004235265, -0.004134151, -0.0039318954, -0.00382203, -0.0038034543, -0.0037560703, -0.0035127713, -0.0028876127, -0.002414263, -0.0012081523, 0.00017148157, 0.00085760513, 0.0021136217, 0.0031396942, 0.0039345426, 0.0042709596, 0.0049018078, 0.005540497, 0.005853769, 0.006375391, 0.0066207484, 0.0066123074, 0.006352634, 0.005859888, 0.0053201932, 0.0050958847, 0.0047403355, 0.004461688, 0.0041865204, 0.0033697186, 0, 0, 0, 0, 0, 0, 0, 0, 0, 0, 0, 0, 0, 0, 0, 0, 0, 0, 0, 0, 0, 0, 0, 0, 0, 0, 0, 0, 0, 0, 0, 0, 0, 0, 0, 0, 0, 0, 0, 0, 0, 0, 0, 0, 0, 0, 0, 0, 0, 0, 0, 0, 0, 0, 0, 0, 0, 0, 0, 0, 0, 0, 0, 0, 0, 0, 0, 0, 0, 0, 0, 0, 0, 0, 0, 0, 0, 0, 0, 0, 0, 0, 0, 0, 0, 0, 0, 0, 0, 0, 0, 0, 0, 0, 0, 0, 0, 0, 0, 0
-0.004172985, -0.004103217, -0.004364974, -0.004909086, -0.005168194, -0.005525801, -0.005580705, -0.0054736463, -0.0049694856, -0.0040993397, -0.0029911357, -0.0024260336, -0.0014811279, -0.0010245615, -0.001025491, -0.0014338001, -0.0021728259, -0.0029624316, -0.0033093945, -0.0038369605, -0.0041151987, -0.0041693705, -0.004166391, -0.004119055, -0.0041080154, -0.0041047186, -0.0040254015, -0.0036949334, -0.0033942682, -0.0025088275, -0.0013303935, -0.00068229967, 0.00062489964, 0.0018309593, 0.0028617065, 0.0033137682, 0.004146082, 0.0049615405, 0.005372786, 0.0061546555, 0.0067976248, 0.0070532267, 0.0074622394, 0.0077143633, 0.0077893618, 0.007874394, 0.007884659, 0.007902856, 0.008148437, 0, 0, 0, 0, 0, 0, 0, 0, 0, 0, 0, 0, 0, 0, 0, 0, 0, 0, 0, 0, 0, 0, 0, 0, 0, 0, 0, 0, 0, 0, 0, 0, 0, 0, 0, 0, 0, 0, 0, 0, 0, 0, 0, 0, 0, 0, 0, 0, 0, 0, 0, 0, 0, 0, 0, 0, 0, 0, 0, 0, 0, 0, 0, 0, 0, 0, 0, 0, 0, 0, 0, 0, 0, 0, 0, 0, 0, 0, 0, 0, 0, 0, 0, 0, 0, 0, 0, 0, 0, 0, 0, 0, 0, 0, 0, 0, 0, 0, 0, 0, 0
-0.005354419, -0.0052721053, -0.0055844276, -0.0062088994, -0.006505601, -0.006949922, -0.007145206, -0.007136287, -0.006864949, -0.006193707, -0.005105718, -0.004441444, -0.0030485662, -0.0018823532, -0.0014893417, -0.0011721711, -0.0014113983, -0.0019939204, -0.0023436605, -0.0030520968, -0.0036648908, -0.0039057424, -0.0042354455, -0.00440029, -0.004448825, -0.004522412, -0.0045538284, -0.0044431384, -0.0042943447, -0.0037619835, -0.0029283739, -0.0024222108, -0.0013035624, -0.00014042009, 0.00096851605, 0.0014867744, 0.0024680025, 0.0034408274, 0.0039435434, 0.004978291, 0.0060546156, 0.006636217, 0.008030886, 0.009810327, 0.010824339, 0.011283337, 0.013009763, 0, 0, 0, 0, 0, 0, 0, 0, 0, 0, 0, 0, 0, 0, 0, 0, 0, 0, 0, 0, 0, 0, 0, 0, 0, 0, 0, 0, 0, 0, 0, 0, 0, 0, 0, 0, 0, 0, 0, 0, 0, 0, 0, 0, 0, 0, 0, 0, 0, 0, 0, 0, 0, 0, 0, 0, 0, 0, 0, 0, 0, 0, 0, 0, 0, 0, 0, 0, 0, 0, 0, 0, 0, 0, 0, 0, 0, 0, 0, 0, 0, 0, 0, 0, 0, 0, 0, 0, 0, 0, 0, 0, 0, 0, 0, 0, 0, 0, 0, 0, 0, 0, 0
-0.006084871, -0.0060349056, -0.006499216, -0.0072632222, -0.007600578, -0.008075849, -0.0082867285, -0.00830531, -0.008165387, -0.0077267196, -0.0068811476, -0.006291456, -0.004851374, -0.0033142439, -0.0026264715, -0.0016035866, -0.0011473633, -0.0012041102, -0.0013836658, -0.0019575155, -0.002695133, -0.0030725154, -0.0037497252, -0.004253881, -0.0044420776, -0.0047254446, -0.004917328, -0.0049882093, -0.00495493, -0.0047127074, -0.0042265705, -0.003900257, -0.0031110682, -0.002191178, -0.0012113737, -0.0007193064, 0.00026377337, 0.0013173299, 0.0019045845, 0.0032378815, 0.004864866, 0.0059092683, 0.008335779, 0.012848156, 0.015556006, 0, 0, 0, 0, 0, 0, 0, 0, 0, 0, 0, 0, 0, 0, 0, 0, 0, 0, 0, 0, 0, 0, 0, 0, 0, 0, 0, 0, 0, 0, 0, 0, 0, 0, 0, 0, 0, 0, 0, 0, 0, 0, 0, 0, 0, 0, 0, 0, 0, 0, 0, 0, 0, 0, 0, 0, 0, 0, 0, 0, 0, 0, 0, 0, 0, 0, 0, 0, 0, 0, 0, 0, 0, 0, 0, 0, 0, 0, 0, 0, 0, 0, 0, 0, 0, 0, 0, 0, 0, 0, 0, 0, 0, 0, 0, 0, 0, 0, 0, 0, 0, 0, 0, 0, 0
-0.00557832, -0.005650351, -0.0065064724, -0.007688549, -0.008205216, -0.008933861, -0.009258246, -0.009298548, -0.009196328, -0.008868152, -0.008229106, -0.007753965, -0.006464675, -0.004843439, -0.0040005897, -0.0024670435, -0.001342924, -0.00072679267, -0.00061030884, -0.0007391694, -0.0012873996, -0.0016756397, -0.002555752, -0.0034177986, -0.0038023465, -0.0044526076, -0.0049375556, -0.005238411, -0.005308715, -0.005285098, -0.005066931, -0.004898226, -0.004458857, -0.003899395, -0.0032395395, -0.0028841584, -0.0021440939, -0.0012092746, -0.00056079734, 0.0012350846, 0.0035335307, 0.0055490094, 0.008257494, 0, 0, 0, 0, 0, 0, 0, 0, 0, 0, 0, 0, 0, 0, 0, 0, 0, 0, 0, 0, 0, 0, 0, 0, 0, 0, 0, 0, 0, 0, 0, 0, 0, 0, 0, 0, 0, 0, 0, 0, 0, 0, 0, 0, 0, 0, 0, 0, 0, 0, 0, 0, 0, 0, 0, 0, 0, 0, 0, 0, 0, 0, 0, 0, 0, 0, 0, 0, 0, 0, 0, 0, 0, 0, 0, 0, 0, 0, 0, 0, 0, 0, 0, 0, 0, 0, 0, 0, 0, 0, 0, 0, 0, 0, 0, 0, 0, 0, 0, 0, 0, 0, 0, 0, 0, 0, 0
-0.0031411066, -0.0034102767, -0.004829286, -0.0066930037, -0.007567837, -0.008968435, -0.009808192, -0.010030243, -0.0101595, -0.009962671, -0.009450627, -0.009048129, -0.007889111, -0.0062879594, -0.0053826314, -0.0035532052, -0.0019312396, -0.0006842175, -0.00022989397, 0.00029201782, 0.00025064335, 2.2275039e-05, -0.00076625164, -0.0018215787, -0.002378935, -0.0034398679, -0.0043272558, -0.0049582743, -0.0051638945, -0.005365913, -0.0053815097, -0.0053557428, -0.005266908, -0.0051529333, -0.004999903, -0.0048672436, -0.0046094134, -0.0042646276, -0.0036900034, -0.0008234565, 0.0010028232, 0, 0, 0, 0, 0, 0, 0, 0, 0, 0, 0, 0, 0, 0, 0, 0, 0, 0, 0, 0, 0, 0, 0, 0, 0, 0, 0, 0, 0, 0, 0, 0, 0, 0, 0, 0, 0, 0, 0, 0, 0, 0, 0, 0, 0, 0, 0, 0, 0, 0, 0, 0, 0, 0, 0, 0, 0, 0, 0, 0, 0, 0, 0, 0, 0, 0, 0, 0, 0, 0, 0, 0, 0, 0, 0, 0, 0, 0, 0, 0, 0, 0, 0, 0, 0, 0, 0, 0, 0, 0, 0, 0, 0, 0, 0, 0, 0, 0, 0, 0, 0, 0, 0, 0, 0, 0, 0, 0, 0
0.00095908676, 0.0004966803, -0.0013307502, -0.0037310736, -0.004958503, -0.007187113, -0.00889528, -0.00952083, -0.010329907, -0.010619189, -0.010429518, -0.01014364, -0.009144838, -0.0076022823, -0.006682425, -0.0047232974, -0.0028179502, -0.0011141034, -0.00036559964, 0.0008433633, 0.0015210796, 0.0016129202, 0.0012862979, 0.00038675327, -0.00020559189, -0.0015038847, -0.0027530547, -0.0037818793, -0.00418019, -0.0047258735, -0.005078092, -0.005269476, -0.005698431, -0.006185034, -0.0069223614, -0.0070993225, -0.0068644807, -0.007889056, -0.008106656, 0, 0, 0, 0, 0, 0, 0, 0, 0, 0, 0, 0, 0, 0, 0, 0, 0, 0, 0, 0, 0, 0, 0, 0, 0, 0, 0, 0, 0, 0, 0, 0, 0, 0, 0, 0, 0, 0, 0, 0, 0, 0, 0, 0, 0, 0, 0, 0, 0, 0, 0, 0, 0, 0, 0, 0, 0, 0, 0, 0, 0, 0, 0, 0, 0, 0, 0, 0, 0, 0, 0, 0, 0, 0, 0, 0, 0, 0, 0, 0, 0, 0, 0, 0, 0, 0, 0, 0, 0, 0, 0, 0, 0, 0, 0, 0, 0, 0, 0, 0, 0, 0, 0, 0, 0, 0, 0, 0, 0, 0, 0
0.0052967733, 0.0047409367, 0.0029834523, 0.0006585433, -0.00064339756, -0.003300245, -0.0057469425, -0.006817645, -0.008579359, -0.009792377, -0.010390298, -0.010425663, -0.009904327, -0.008628615, -0.0077763405, -0.0058579426, -0.0038803166, -0.001951707, -0.0010126007, 0.0007536323, 0.0021815458, 0.0026824488, 0.0031295111, 0.0028141434, 0.002410408, 0.0012627053, -0.00011272422, -0.0015049548, -0.0021606227, -0.0032595831, -0.0041462122, -0.004721225, -0.0062168674, -0.007388614, -0.009642132, -0.010779888, 0, 0, 0, 0, 0, 0, 0, 0, 0, 0, 0, 0, 0, 0, 0, 0, 0, 0, 0, 0, 0, 0, 0, 0, 0, 0, 0, 0, 0, 0, 0, 0, 0, 0, 0, 0, 0, 0, 0, 0, 0, 0, 0, 0, 0, 0, 0, 0, 0, 0, 0, 0, 0, 0, 0, 0, 0, 0, 0, 0, 0, 0, 0, 0, 0, 0, 0, 0, 0, 0, 0, 0, 0, 0, 0, 0, 0, 0, 0, 0, 0, 0, 0, 0, 0, 0, 0, 0, 0, 0, 0, 0, 0, 0, 0, 0, 0, 0, 0, 0, 0, 0, 0, 0, 0, 0, 0, 0, 0, 0, 0, 0, 0, 0
0.008340258, 0.007837348, 0.0066804453, 0.005120342, 0.004102749, 0.0016806584, -0.0009927143, -0.0023311297, -0.004884657, -0.0071306136, -0.008852884, -0.009427488, -0.009833574, -0.009196155, -0.008553426, -0.0068892976, -0.005024003, -0.0030772162, -0.0020595328, 5.6765803e-05, 0.0021103255, 0.003013055, 0.004367031, 0.0049669934, 0.0049772365, 0.0044808104, 0.0033958466, 0.0017862165, 0.00078358763, -0.0012662525, -0.0028101597, -0.0038144435, -0.007442649, -0.009630746, 0, 0, 0, 0, 0, 0, 0, 0, 0, 0, 0, 0, 0, 0, 0, 0, 0, 0, 0, 0, 0, 0, 0, 0, 0, 0, 0, 0, 0, 0, 0, 0, 0, 0, 0, 0, 0, 0, 0, 0, 0, 0, 0, 0, 0, 0, 0, 0, 0, 0, 0, 0, 0, 0, 0, 0, 0, 0, 0, 0, 0, 0, 0, 0, 0, 0, 0, 0, 0, 0, 0, 0, 0, 0, 0, 0, 0, 0, 0, 0, 0, 0, 0, 0, 0, 0, 0, 0, 0, 0, 0, 0, 0, 0, 0, 0, 0, 0, 0, 0, 0, 0, 0, 0, 0, 0, 0, 0, 0, 0, 0, 0, 0, 0, 0, 0
0.009662554, 0.0093757715, 0.009160652, 0.00868252, 0.008118673, 0.0062948, 0.0037693994, 0.0023407857, -0.0006926744, -0.0037791738, -0.006603867, -0.0077748476, -0.009315625, -0.009561458, -0.009230115, -0.007959258, -0.0062800865, -0.004387543, -0.0033397868, -0.0009979694, 0.0015480454, 0.0027973873, 0.005009035, 0.0066202534, 0.0071707256, 0.00776265, 0.00758647, 0.006196212, 0.004716503, 0.00048273898, -0.0014934025, -0.0019720877, 0, 0, 0, 0, 0, 0, 0, 0, 0, 0, 0, 0, 0, 0, 0, 0, 0, 0, 0, 0, 0, 0, 0, 0, 0, 0, 0, 0, 0, 0, 0, 0, 0, 0, 0, 0, 0, 0, 0, 0, 0, 0, 0, 0, 0, 0, 0, 0, 0, 0, 0, 0, 0, 0, 0, 0, 0, 0, 0, 0, 0, 0, 0, 0, 0, 0, 0, 0, 0, 0, 0, 0, 0, 0, 0, 0, 0, 0, 0, 0, 0, 0, 0, 0, 0, 0, 0, 0, 0, 0, 0, 0, 0, 0, 0, 0, 0, 0, 0, 0, 0, 0, 0, 0, 0, 0, 0, 0, 0, 0, 0, 0, 0, 0, 0, 0, 0, 0

