0.00629912, 0.0062404377, 0.005615718, 0.0037475703, 0.0022986983, -0.0013287155, -0.0052463445, -0.0070712003, -0.010164061, -0.012420319, -0.013834706, -0.014196269, -0.014097257, -0.012852552, -0.011868435, -0.00948898, -0.0069484143, -0.0044105537, -0.0031051247, -0.0003810191, 0.0022367963, 0.0033081602, 0.004571782, 0.0045490433, 0.0042019626, 0.0033888423, 0.0029708517, 0.0029302267, 0.002883712, 0, 0, 0, 0, 0, 0, 0, 0, 0, 0, 0, 0, 0, 0, 0, 0, 0, 0, 0, 0, 0, 0, 0, 0, 0, 0, 0, 0, 0, 0, 0, 0, 0, 0, 0, 0, 0, 0, 0, 0, 0, 0, 0, 0, 0, 0, 0, 0, 0, 0, 0, 0, 0, 0, 0, 0, 0, 0, 0, 0, 0, 0, 0, 0, 0, 0, 0, 0, 0, 0, 0, 0, 0, 0, 0, 0, 0, 0, 0, 0, 0, 0, 0, 0, 0, 0, 0, 0, 0, 0, 0, 0, 0, 0, 0, 0, 0, 0, 0, 0, 0, 0, 0, 0, 0, 0, 0, 0, 0, 0, 0, 0, 0, 0, 0, 0, 0, 0, 0, 0, 0
0.004860885, 0.004594895, 0.0036152329, 0.0017045903, 0.00038159688, -0.0027273837, -0.005911888, -0.0073546944, -0.00975322, -0.01145103, -0.012426114, -0.012605025, -0.012232554, -0.010869925, -0.009890415, -0.0076264055, -0.0052986443, -0.003047803, -0.0019255247, 0.00032114307, 0.0023234454, 0.003073954, 0.0038003724, 0.0035167586, 0.0031462053, 0.0023763184, 0.0018758146, 0.0014267832, 0.0009940532, -0.0012083552, -0.0033894468, -0.003882278, 0, 0, 0, 0, 0, 0, 0, 0, 0, 0, 0, 0, 0, 0, 0, 0, 0, 0, 0, 0, 0, 0, 0, 0, 0, 0, 0, 0, 0, 0, 0, 0, 0, 0, 0, 0, 0, 0, 0, 0, 0, 0, 0, 0, 0, 0, 0, 0, 0, 0, 0, 0, 0, 0, 0, 0, 0, 0, 0, 0, 0, 0, 0, 0, 0, 0, 0, 0, 0, 0, 0, 0, 0, 0, 0, 0, 0, 0, 0, 0, 0, 0, 0, 0, 0, 0, 0, 0, 0, 0, 0, 0, 0, 0, 0, 0, 0, 0, 0, 0, 0, 0, 0, 0, 0, 0, 0, 0, 0, 0, 0, 0, 0, 0, 0, 0, 0, 0
0.0021524478, 0.0018619408, 0.00062566507, -0.0014325773, -0.0026961528, -0.0054046945, -0.007942281, -0.009030064, -0.010739563, -0.011796431, -0.0121535035, -0.012029977, -0.011104081, -0.009329943, -0.008218712, -0.005844814, -0.0035869582, -0.0015844966, -0.00066677365, 0.0009909511, 0.0022297967, 0.0025955066, 0.0027213367, 0.0021983697, 0.0018281988, 0.0011347863, 0.0005967143, -1.3901352e-05, -0.00046873765, -0.0018443667, -0.0033160388, -0.004116151, -0.0067124665, -0.008151141, 0, 0, 0, 0, 0, 0, 0, 0, 0, 0, 0, 0, 0, 0, 0, 0, 0, 0, 0, 0, 0, 0, 0, 0, 0, 0, 0, 0, 0, 0, 0, 0, 0, 0, 0, 0, 0, 0, 0, 0, 0, 0, 0, 0, 0, 0, 0, 0, 0, 0, 0, 0, 0, 0, 0, 0, 0, 0, 0, 0, 0, 0, 0, 0, 0, 0, 0, 0, 0, 0, 0, 0, 0, 0, 0, 0, 0, 0, 0, 0, 0, 0, 0, 0, 0, 0, 0, 0, 0, 0, 0, 0, 0, 0, 0, 0, 0, 0, 0, 0, 0, 0, 0, 0, 0, 0, 0, 0, 0, 0, 0, 0, 0, 0, 0, 0
-0.0013262152, -0.0015560121, -0.0028900367, -0.0050321664, -0.006236973, -0.008596533, -0.0105657745, -0.011325931, -0.012340219, -0.012662697, -0.012248247, -0.011740073, -0.010117973, -0.007849083, -0.0065945233, -0.0041511375, -0.0020884583, -0.0005174594, 0.00010115317, 0.0010258444, 0.0014830463, 0.0015135397, 0.0012101143, 0.00060984807, 0.0002851821, -0.00030746235, -0.00085630006, -0.001514215, -0.0019224782, -0.0028577526, -0.003785206, -0.004286673, -0.0054033697, -0.006313968, -0.008365035, -0.009336076, 0, 0, 0, 0, 0, 0, 0, 0, 0, 0, 0, 0, 0, 0, 0, 0, 0, 0, 0, 0, 0, 0, 0, 0, 0, 0, 0, 0, 0, 0, 0, 0, 0, 0, 0, 0, 0, 0, 0, 0, 0, 0, 0, 0, 0, 0, 0, 0, 0, 0, 0, 0, 0, 0, 0, 0, 0, 0, 0, 0, 0, 0, 0, 0, 0, 0, 0, 0, 0, 0, 0, 0, 0, 0, 0, 0, 0, 0, 0, 0, 0, 0, 0, 0, 0, 0, 0, 0, 0, 0, 0, 0, 0, 0, 0, 0, 0, 0, 0, 0, 0, 0, 0, 0, 0, 0, 0, 0, 0, 0, 0, 0, 0, 0
-0.0047593066, -0.0049034003, -0.006206936, -0.008298571, -0.009397175, -0.01135734, -0.012728113, -0.013138783, -0.013387853, -0.012887884, -0.011656401, -0.010775607, -0.008567367, -0.0060325474, -0.004783678, -0.0026075144, -0.0010722241, -0.00018680644, 5.8494104e-05, 0.00024687903, 0.0001058068, -6.677806e-05, -0.0005490157, -0.0011025686, -0.0013744588, -0.0019014861, -0.0024567498, -0.0030810996, -0.0034066914, -0.004004773, -0.0044507305, -0.004626345, -0.0049206614, -0.005309428, -0.006020286, -0.0062274, -0.0062943688, -0.0074652066, -0.0077433246, 0, 0, 0, 0, 0, 0, 0, 0, 0, 0, 0, 0, 0, 0, 0, 0, 0, 0, 0, 0, 0, 0, 0, 0, 0, 0, 0, 0, 0, 0, 0, 0, 0, 0, 0, 0, 0, 0, 0, 0, 0, 0, 0, 0, 0, 0, 0, 0, 0, 0, 0, 0, 0, 0, 0, 0, 0, 0, 0, 0, 0, 0, 0, 0, 0, 0, 0, 0, 0, 0, 0, 0, 0, 0, 0, 0, 0, 0, 0, 0, 0, 0, 0, 0, 0, 0, 0, 0, 0, 0, 0, 0, 0, 0, 0, 0, 0, 0, 0, 0, 0, 0, 0, 0, 0, 0, 0, 0, 0, 0, 0
-0.0073733977, -0.007427692, -0.008574756, -0.010418797, -0.011319575, -0.012730841, -0.013398897, -0.013425358, -0.012886359, -0.01164031, -0.009800875, -0.008706487, -0.0063301283, -0.0040191426, -0.003017985, -0.0015178076, -0.00075635844, -0.00059668074, -0.0006687117, -0.0009858471, -0.0014287423, -0.0016729018, -0.0021756126, -0.0026752632, -0.0029237303, -0.0034322115, -0.003957303, -0.004445301, -0.004645688, -0.004893931, -0.004919931, -0.0048682857, -0.0047100014, -0.0046122703, -0.0045929006, -0.00456436, -0.0045632077, -0.0044875075, -0.004144287, -0.0025255303, -0.0018799001, 0, 0, 0, 0, 0, 0, 0, 0, 0, 0, 0, 0, 0, 0, 0, 0, 0, 0, 0, 0, 0, 0, 0, 0, 0, 0, 0, 0, 0, 0, 0, 0, 0, 0, 0, 0, 0, 0, 0, 0, 0, 0, 0, 0, 0, 0, 0, 0, 0, 0, 0, 0, 0, 0, 0, 0, 0, 0, 0, 0, 0, 0, 0, 0, 0, 0, 0, 0, 0, 0, 0, 0, 0, 0, 0, 0, 0, 0, 0, 0, 0, 0, 0, 0, 0, 0, 0, 0, 0, 0, 0, 0, 0, 0, 0, 0, 0, 0, 0, 0, 0, 0, 0, 0, 0, 0, 0, 0, 0
-0.008636591, -0.008600577, -0.009435417, -0.010783968, -0.01136966, -0.012061663, -0.011978382, -0.011651095, -0.010508876, -0.008867992, -0.0069224257, -0.005904516, -0.0039537135, -0.0023706676, -0.001797134, -0.001148445, -0.0010867852, -0.0014019345, -0.0016299243, -0.002132773, -0.002641549, -0.002892144, -0.0033870472, -0.0038805539, -0.0041284594, -0.0046112766, -0.00502216, -0.00527049, -0.0053104307, -0.0052109747, -0.004916596, -0.0047258474, -0.0043235365, -0.0039481632, -0.0035799828, -0.0033794977, -0.0029209699, -0.0022727693, -0.0018482972, -0.00088689645, 4.0762596e-05, 0.00081231655, 0.0016544997, 0, 0, 0, 0, 0, 0, 0, 0, 0, 0, 0, 0, 0, 0, 0, 0, 0, 0, 0, 0, 0, 0, 0, 0, 0, 0, 0, 0, 0, 0, 0, 0, 0, 0, 0, 0, 0, 0, 0, 0, 0, 0, 0, 0, 0, 0, 0, 0, 0, 0, 0, 0, 0, 0, 0, 0, 0, 0, 0, 0, 0, 0, 0, 0, 0, 0, 0, 0, 0, 0, 0, 0, 0, 0, 0, 0, 0, 0, 0, 0, 0, 0, 0, 0, 0, 0, 0, 0, 0, 0, 0, 0, 0, 0, 0, 0, 0, 0, 0, 0, 0, 0, 0, 0, 0, 0, 0
-0.008346845, -0.008220895, -0.008608868, -0.009276712, -0.009484718, -0.009443068, -0.0087765865, -0.008250654, -0.006944301, -0.0054721725, -0.004023093, -0.0033631416, -0.0022805238, -0.001625813, -0.0014749196, -0.0014843035, -0.0017840455, -0.0022175254, -0.0024510084, -0.0029249536, -0.0034091559, -0.0036564954, -0.004158216, -0.0046497784, -0.0048785354, -0.005254754, -0.0054490473, -0.005398309, -0.0052808463, -0.0049048797, -0.0044234167, -0.0041696797, -0.0036666628, -0.00315725, -0.0025862646, -0.0022602358, -0.0015185692, -0.00069235725, -0.0002822394, 0.0004597301, 0.0011363671, 0.0015484057, 0.002675943, 0.0049590874, 0.006252017, 0, 0, 0, 0, 0, 0, 0, 0, 0, 0, 0, 0, 0, 0, 0, 0, 0, 0, 0, 0, 0, 0, 0, 0, 0, 0, 0, 0, 0, 0, 0, 0, 0, 0, 0, 0, 0, 0, 0, 0, 0, 0, 0, 0, 0, 0, 0, 0, 0, 0, 0, 0, 0, 0, 0, 0, 0, 0, 0, 0, 0, 0, 0, 0, 0, 0, 0, 0, 0, 0, 0, 0, 0, 0, 0, 0, 0, 0, 0, 0, 0, 0, 0, 0, 0, 0, 0, 0, 0, 0, 0, 0, 0, 0, 0, 0, 0, 0, 0, 0, 0, 0, 0, 0, 0
-0.006753575, -0.006557603, -0.006495502, -0.0065248203, -0.006425685, -0.0059160185, -0.0050818166, -0.0046039894, -0.0036519284, -0.0028270755, -0.0022196558, -0.0020127168, -0.0018044439, -0.0018486803, -0.001944574, -0.0022219212, -0.0025492278, -0.0028958684, -0.0030813215, -0.0034917127, -0.003957923, -0.0042024995, -0.004682755, -0.0050906674, -0.0052438504, -0.0053986777, -0.0053064786, -0.0049748425, -0.0047429013, -0.0042163897, -0.0036767805, -0.0034139159, -0.002882524, -0.0022903848, -0.0015810413, -0.0011791053, -0.00031994467, 0.00051158393, 0.00087538577, 0.0014582977, 0.0019206963, 0.0021721409, 0.0028772838, 0.0038772284, 0.0045712222, 0.0049243337, 0.005794992, 0, 0, 0, 0, 0, 0, 0, 0, 0, 0, 0, 0, 0, 0, 0, 0, 0, 0, 0, 0, 0, 0, 0, 0, 0, 0, 0, 0, 0, 0, 0, 0, 0, 0, 0, 0, 0, 0, 0, 0, 0, 0, 0, 0, 0, 0, 0, 0, 0, 0, 0, 0, 0, 0, 0, 0, 0, 0, 0, 0, 0, 0, 0, 0, 0, 0, 0, 0, 0, 0, 0, 0, 0, 0, 0, 0, 0, 0, 0, 0, 0, 0, 0, 0, 0, 0, 0, 0, 0, 0, 0, 0, 0, 0, 0, 0, 0, 0, 0, 0, 0, 0, 0
-0.004577424, -0.004359703, -0.0040297844, -0.003725982, -0.0035163793, -0.0029890004, -0.00243943, -0.0022063877, -0.0018917297, -0.0018014307, -0.0019031543, -0.002007606, -0.002280168, -0.002581724, -0.0027268592, -0.002990715, -0.0032419837, -0.0035354018, -0.0037138122, -0.0041345907, -0.00459804, -0.0048198137, -0.0051855417, -0.0053839856, -0.0054018255, -0.005255406, -0.004882575, -0.0043585515, -0.0040735016, -0.0035163907, -0.0029949872, -0.0027365703, -0.0021746343, -0.0014968757, -0.0006870425, -0.00025007335, 0.0006136393, 0.0013505114, 0.0016386977, 0.0020479842, 0.002314157, 0.002441118, 0.0027601852, 0.0031342793, 0.003455145, 0.0036229908, 0.0038660222, 0.0041399673, 0.0042683166, 0, 0, 0, 0, 0, 0, 0, 0, 0, 0, 0, 0, 0, 0, 0, 0, 0, 0, 0, 0, 0, 0, 0, 0, 0, 0, 0, 0, 0, 0, 0, 0, 0, 0, 0, 0, 0, 0, 0, 0, 0, 0, 0, 0, 0, 0, 0, 0, 0, 0, 0, 0, 0, 0, 0, 0, 0, 0, 0, 0, 0, 0, 0, 0, 0, 0, 0, 0, 0, 0, 0, 0, 0, 0, 0, 0, 0, 0, 0, 0, 0, 0, 0, 0, 0, 0, 0, 0, 0, 0, 0, 0, 0, 0, 0, 0, 0, 0, 0, 0, 0
-0.0026820994, -0.0025029674, -0.002177293, -0.0019237694, -0.0018043899, -0.0016093504, -0.0015466019, -0.0015842456, -0.0017963186, -0.0021360025, -0.0025181784, -0.002701521, -0.0030262782, -0.0032889745, -0.003404859, -0.0036385017, -0.003929243, -0.004317587, -0.0045454213, -0.0050221705, -0.005438216, -0.0055892016, -0.0057295375, -0.005628102, -0.005487411, -0.005054155, -0.0044867075, -0.0038883528, -0.0036040829, -0.0030811639, -0.0025786625, -0.0023075964, -0.001676733, -0.0009091279, -5.30675e-05, 0.00037416897, 0.0011422154, 0.0017054734, 0.001896096, 0.0021205135, 0.0022286214, 0.0022759587, 0.0023926597, 0.0025128282, 0.002579632, 0.0025884232, 0.0025415148, 0.0023740695, 0.0021457097, 0.0015094427, 0, 0, 0, 0, 0, 0, 0, 0, 0, 0, 0, 0, 0, 0, 0, 0, 0, 0, 0, 0, 0, 0, 0, 0, 0, 0, 0, 0, 0, 0, 0, 0, 0, 0, 0, 0, 0, 0, 0, 0, 0, 0, 0, 0, 0, 0, 0, 0, 0, 0, 0, 0, 0, 0, 0, 0, 0, 0, 0, 0, 0, 0, 0, 0, 0, 0, 0, 0, 0, 0, 0, 0, 0, 0, 0, 0, 0, 0, 0, 0, 0, 0, 0, 0, 0, 0, 0, 0, 0, 0, 0, 0, 0, 0, 0, 0, 0, 0, 0, 0
-0.0015707233, -0.0014648007, -0.0013304097, -0.0013458069, -0.0013979117, -0.0015899689, -0.0019004319, -0.0020925987, -0.0025121556, -0.0029168269, -0.0032518976, -0.0033885126, -0.0036196208, -0.003846306, -0.003980081, -0.0043246383, -0.0047873654, -0.005328374, -0.005598271, -0.0060576885, -0.006313787, -0.0063424627, -0.0061922385, -0.005798261, -0.005533007, -0.0049241036, -0.0042968257, -0.0037278503, -0.0034721717, -0.0029868193, -0.0024597566, -0.002154562, -0.0014400432, -0.00062521064, 0.00018693517, 0.0005522052, 0.0011353851, 0.0014849618, 0.0015784026, 0.0016581931, 0.0016887157, 0.0017114532, 0.0017754367, 0.0018083428, 0.001734656, 0.001648144, 0.0013849469, 0.0010208589, 0.00078493875, 0.00013229382, -0.0008139787, -0.0010239052, 0, 0, 0, 0, 0, 0, 0, 0, 0, 0, 0, 0, 0, 0, 0, 0, 0, 0, 0, 0, 0, 0, 0, 0, 0, 0, 0, 0, 0, 0, 0, 0, 0, 0, 0, 0, 0, 0, 0, 0, 0, 0, 0, 0, 0, 0, 0, 0, 0, 0, 0, 0, 0, 0, 0, 0, 0, 0, 0, 0, 0, 0, 0, 0, 0, 0, 0, 0, 0, 0, 0, 0, 0, 0, 0, 0, 0, 0, 0, 0, 0, 0, 0, 0, 0, 0, 0, 0, 0, 0, 0, 0, 0, 0, 0, 0, 0, 0
-0.0011985712, -0.0011600456, -0.001237545, -0.0015088628, -0.0016920349, -0.002115406, -0.002573565, -0.0027988309, -0.0032106284, -0.0035460938, -0.0038117436, -0.0039324863, -0.0041934242, -0.004540637, -0.004761649, -0.005297641, -0.005907683, -0.0064808223, -0.00671172, -0.0069909436, -0.0069776135, -0.0068622986, -0.006451713, -0.005881399, -0.005568208, -0.0049469206, -0.004386299, -0.0039021089, -0.0036740012, -0.003190464, -0.0026025546, -0.0022591625, -0.0014986717, -0.00072492426, -5.847707e-05, 0.00020383991, 0.0005601139, 0.00071490835, 0.0007407686, 0.00075812876, 0.00079917343, 0.0008371682, 0.0009139959, 0.000906317, 0.00073900877, 0.0005950755, 0.00023475727, -0.0001403421, -0.00031351368, -0.00062555337, -0.00081848825, -0.0007523629, -0.00074712763, 0, 0, 0, 0, 0, 0, 0, 0, 0, 0, 0, 0, 0, 0, 0, 0, 0, 0, 0, 0, 0, 0, 0, 0, 0, 0, 0, 0, 0, 0, 0, 0, 0, 0, 0, 0, 0, 0, 0, 0, 0, 0, 0, 0, 0, 0, 0, 0, 0, 0, 0, 0, 0, 0, 0, 0, 0, 0, 0, 0, 0, 0, 0, 0, 0, 0, 0, 0, 0, 0, 0, 0, 0, 0, 0, 0, 0, 0, 0, 0, 0, 0, 0, 0, 0, 0, 0, 0, 0, 0, 0, 0, 0, 0, 0, 0, 0
-0.0012409908, -0.0012409316, -0.0014499106, -0.0018600352, -0.002100807, -0.0026018436, -0.0030849813, -0.0033089535, -0.0037137044, -0.004074252, -0.004431379, -0.0046256315, -0.005076284, -0.005628289, -0.0059372745, -0.0065765767, -0.0071537755, -0.007548646, -0.0076474976, -0.007624306, -0.0073329797, -0.007110587, -0.006577196, -0.0060073934, -0.005733296, -0.0052364697, -0.004807325, -0.0043987692, -0.0041767233, -0.003651568, -0.0029991788, -0.0026381898, -0.001908572, -0.0012689019, -0.0008123307, -0.0006636476, -0.00050705706, -0.000470904, -0.00046546332, -0.0004274614, -0.00032823204, -0.00026780626, -0.00018956642, -0.00025235335, -0.00049022463, -0.00065603555, -0.0010007335, -0.0012533616, -0.0013174749, -0.0013029414, -0.0011213339, -0.00093484565, -0.0009529873, -0.001507649, 0, 0, 0, 0, 0, 0, 0, 0, 0, 0, 0, 0, 0, 0, 0, 0, 0, 0, 0, 0, 0, 0, 0, 0, 0, 0, 0, 0, 0, 0, 0, 0, 0, 0, 0, 0, 0, 0, 0, 0, 0, 0, 0, 0, 0, 0, 0, 0, 0, 0, 0, 0, 0, 0, 0, 0, 0, 0, 0, 0, 0, 0, 0, 0, 0, 0, 0, 0, 0, 0, 0, 0, 0, 0, 0, 0, 0, 0, 0, 0, 0, 0, 0, 0, 0, 0, 0, 0, 0, 0, 0, 0, 0, 0, 0, 0
-0.0014366324, -0.0014495039, -0.0017139207, -0.0021780184, -0.0024390207, -0.0029702403, -0.0034897276, -0.0037428283, -0.004244875, -0.0047643487, -0.0053300713, -0.0056360466, -0.0062890174, -0.006960731, -0.0072808824, -0.0078293765, -0.00817674, -0.008261574, -0.008203321, -0.0079187, -0.0074885553, -0.0072509088, -0.0067847096, -0.0063723377, -0.006191549, -0.005866957, -0.0055457535, -0.0051533515, -0.0049114972, -0.0043263696, -0.0036508613, -0.0033107118, -0.0026983412, -0.0022526484, -0.002004858, -0.0019455072, -0.0019048273, -0.0018891332, -0.0018645173, -0.001761096, -0.0016156563, -0.0015549895, -0.0015229959, -0.0016560373, -0.0019202491, -0.0020645738, -0.0022862598, -0.002329488, -0.0022703481, -0.0020198198, -0.0016968535, -0.0015060795, -0.0015394802, -0.0020473676, -0.0035793032, -0.0043072132, 0, 0, 0, 0, 0, 0, 0, 0, 0, 0, 0, 0, 0, 0, 0, 0, 0, 0, 0, 0, 0, 0, 0, 0, 0, 0, 0, 0, 0, 0, 0, 0, 0, 0, 0, 0, 0, 0, 0, 0, 0, 0, 0, 0, 0, 0, 0, 0, 0, 0, 0, 0, 0, 0, 0, 0, 0, 0, 0, 0, 0, 0, 0, 0, 0, 0, 0, 0, 0, 0, 0, 0, 0, 0, 0, 0, 0, 0, 0, 0, 0, 0, 0, 0, 0, 0, 0, 0, 0, 0, 0, 0, 0, 0
-0.0016846736, -0.0017006765, -0.0019928145, -0.00249237, -0.0027719026, -0.0033516912, -0.0039508143, -0.004260582, -0.0049088555, -0.0056024967, -0.0063324696, -0.0067009344, -0.007408112, -0.008010682, -0.008247559, -0.008551165, -0.008608194, -0.008443362, -0.008300778, -0.00795717, -0.007611402, -0.007457878, -0.0072045573, -0.0070085484, -0.006918064, -0.006711769, -0.006415119, -0.005980639, -0.005711239, -0.0051042996, -0.0044939495, -0.004222363, -0.0037999663, -0.0035586855, -0.0034651982, -0.003449986, -0.0034277835, -0.0033593758, -0.003298966, -0.0031428274, -0.003006231, -0.0029742094, -0.0030228933, -0.0032059245, -0.0034234005, -0.0035026092, -0.0035284052, -0.003350748, -0.0031980327, -0.002839101, -0.0025360705, -0.0024428065, -0.0025171386, -0.0030208451, -0.0043661455, -0.0056201504, -0.010009343, -0.0121911, 0, 0, 0, 0, 0, 0, 0, 0, 0, 0, 0, 0, 0, 0, 0, 0, 0, 0, 0, 0, 0, 0, 0, 0, 0, 0, 0, 0, 0, 0, 0, 0, 0, 0, 0, 0, 0, 0, 0, 0, 0, 0, 0, 0, 0, 0, 0, 0, 0, 0, 0, 0, 0, 0, 0, 0, 0, 0, 0, 0, 0, 0, 0, 0, 0, 0, 0, 0, 0, 0, 0, 0, 0, 0, 0, 0, 0, 0, 0, 0, 0, 0, 0, 0, 0, 0, 0, 0, 0, 0, 0, 0
-0.0019395839, -0.001959101, -0.0022807438, -0.002821253, -0.0031226836, -0.0037540602, -0.0044192118, -0.0047667315, -0.0054890555, -0.00623165, -0.006952662, -0.0072853523, -0.007851963, -0.008236693, -0.008348977, -0.008415126, -0.008311318, -0.008119006, -0.0080180075, -0.007851893, -0.0077578267, -0.007735951, -0.0077150315, -0.007673154, -0.0076229135, -0.007430165, -0.007089978, -0.0066178427, -0.0063529164, -0.00582958, -0.0053987526, -0.0052397684, -0.005043466, -0.004974135, -0.004956449, -0.0049424586, -0.0048707654, -0.004733697, -0.0046499595, -0.0044964277, -0.0044276435, -0.0044421484, -0.004565305, -0.004740658, -0.004841447, -0.004829855, -0.0046575796, -0.004329024, -0.0041401507, -0.0038011116, -0.0036136787, -0.0036486767, -0.0037580254, -0.0041908473, -0.0050514136, -0.005724078, -0.0072483867, -0.007680111, -0.0074925455, 0, 0, 0, 0, 0, 0, 0, 0, 0, 0, 0, 0, 0, 0, 0, 0, 0, 0, 0, 0, 0, 0, 0, 0, 0, 0, 0, 0, 0, 0, 0, 0, 0, 0, 0, 0, 0, 0, 0, 0, 0, 0, 0, 0, 0, 0, 0, 0, 0, 0, 0, 0, 0, 0, 0, 0, 0, 0, 0, 0, 0, 0, 0, 0, 0, 0, 0, 0, 0, 0, 0, 0, 0, 0, 0, 0, 0, 0, 0, 0, 0, 0, 0, 0, 0, 0, 0, 0, 0, 0, 0
-0.0021049262, -0.002129629, -0.002476323, -0.0030418497, -0.00335201, -0.003989479, -0.0046396414, -0.004968122, -0.0056206016, -0.0062391604, -0.0067756143, -0.00699771, -0.007327477, -0.0074975793, -0.007530101, -0.0075252475, -0.007490775, -0.007497042, -0.007528959, -0.00765052, -0.007814166, -0.007892307, -0.007995911, -0.007980058, -0.007915706, -0.0076716137, -0.007304898, -0.0068915514, -0.0066975188, -0.00639045, -0.006227466, -0.0061985217, -0.006210554, -0.0062480983, -0.006237922, -0.0062026973, -0.006075387, -0.005911939, -0.005838393, -0.0057526245, -0.005782217, -0.005838585, -0.005988648, -0.006091337, -0.006042355, -0.005947792, -0.0056443424, -0.0052775852, -0.0051098503, -0.0048718876, -0.0048064417, -0.004895259, -0.0049780784, -0.005176325, -0.005384596, -0.005472979, -0.0054700673, -0.0051554185, -0.0050072144, -0.004920969, 0, 0, 0, 0, 0, 0, 0, 0, 0, 0, 0, 0, 0, 0, 0, 0, 0, 0, 0, 0, 0, 0, 0, 0, 0, 0, 0, 0, 0, 0, 0, 0, 0, 0, 0, 0, 0, 0, 0, 0, 0, 0, 0, 0, 0, 0, 0, 0, 0, 0, 0, 0, 0, 0, 0, 0, 0, 0, 0, 0, 0, 0, 0, 0, 0, 0, 0, 0, 0, 0, 0, 0, 0, 0, 0, 0, 0, 0, 0, 0, 0, 0, 0, 0, 0, 0, 0, 0, 0, 0
-0.0020488177, -0.0020777022, -0.0024236378, -0.0029686599, -0.0032593594, -0.0038322343, -0.0043767584, -0.0046341815, -0.0051084096, -0.0055080126, -0.005812099, -0.0059255287, -0.0060842913, -0.0061844876, -0.0062290793, -0.006344791, -0.0065317294, -0.006801964, -0.0069602425, -0.007285564, -0.0075604995, -0.007656996, -0.007738459, -0.0076595545, -0.007566655, -0.007310934, -0.007032636, -0.0068216096, -0.0067636874, -0.006756216, -0.006867566, -0.0069456375, -0.0070926733, -0.0071667526, -0.007136304, -0.0070874807, -0.006957091, -0.006844779, -0.00681661, -0.006838381, -0.0069524366, -0.007024842, -0.007136661, -0.00712458, -0.0069453768, -0.0068026423, -0.00646859, -0.0061616376, -0.0060467296, -0.00591511, -0.0058927084, -0.005897394, -0.0058761546, -0.00572477, -0.005377684, -0.0051244334, -0.0044925385, -0.0038626217, -0.0036415895, -0.0035009093, -0.0038063822, 0, 0, 0, 0, 0, 0, 0, 0, 0, 0, 0, 0, 0, 0, 0, 0, 0, 0, 0, 0, 0, 0, 0, 0, 0, 0, 0, 0, 0, 0, 0, 0, 0, 0, 0, 0, 0, 0, 0, 0, 0, 0, 0, 0, 0, 0, 0, 0, 0, 0, 0, 0, 0, 0, 0, 0, 0, 0, 0, 0, 0, 0, 0, 0, 0, 0, 0, 0, 0, 0, 0, 0, 0, 0, 0, 0, 0, 0, 0, 0, 0, 0, 0, 0, 0, 0, 0, 0, 0
-0.0017171932, -0.0017462459, -0.0020570122, -0.0025303331, -0.0027754304, -0.0032357397, -0.0036380894, -0.0038140258, -0.0041128104, -0.0043407017, -0.0045109056, -0.004582963, -0.004725983, -0.0049066627, -0.0050223763, -0.0053167944, -0.0056844437, -0.0060838945, -0.0062761996, -0.006603457, -0.006810095, -0.0068587502, -0.0068502496, -0.006735441, -0.0066597904, -0.0065258336, -0.0064784195, -0.006566345, -0.006661678, -0.0069257407, -0.0072193556, -0.0073498436, -0.0075382623, -0.0076087327, -0.0075847353, -0.0075550415, -0.007505539, -0.0075154314, -0.0075516757, -0.0076768477, -0.007822483, -0.0078765, -0.007897554, -0.007769657, -0.007519092, -0.007372447, -0.00709432, -0.0068929917, -0.0068270653, -0.006743398, -0.0066559147, -0.006467227, -0.0063080583, -0.005833079, -0.0051664296, -0.004784903, -0.0040161028, -0.0033825363, -0.0031634893, -0.0029875159, -0.0032951217, -0.0045582857, -0.0054138554, 0, 0, 0, 0, 0, 0, 0, 0, 0, 0, 0, 0, 0, 0, 0, 0, 0, 0, 0, 0, 0, 0, 0, 0, 0, 0, 0, 0, 0, 0, 0, 0, 0, 0, 0, 0, 0, 0, 0, 0, 0, 0, 0, 0, 0, 0, 0, 0, 0, 0, 0, 0, 0, 0, 0, 0, 0, 0, 0, 0, 0, 0, 0, 0, 0, 0, 0, 0, 0, 0, 0, 0, 0, 0, 0, 0, 0, 0, 0, 0, 0, 0, 0, 0, 0, 0, 0
-0.0012060069, -0.0012339461, -0.0014900382, -0.0018672625, -0.0020577642, -0.0024059014, -0.0026971302, -0.0028210625, -0.0030325768, -0.003211098, -0.0033839138, -0.0034782372, -0.0037022105, -0.0039870604, -0.0041514775, -0.004510392, -0.0048726527, -0.005188808, -0.0053156535, -0.0054901205, -0.0055598486, -0.0055625364, -0.0055356957, -0.0055196905, -0.0055366796, -0.0056542936, -0.0059008542, -0.0062572137, -0.0064588776, -0.0068592736, -0.007194629, -0.0073220176, -0.007491382, -0.007572567, -0.007621566, -0.0076526203, -0.007754809, -0.007915802, -0.008010988, -0.008194774, -0.008309, -0.008320288, -0.008235958, -0.008032793, -0.007784036, -0.0076689282, -0.007491392, -0.0073826974, -0.0073400694, -0.0072269076, -0.0070039276, -0.006607047, -0.0063380306, -0.005681502, -0.0049411543, -0.0045751757, -0.003922057, -0.0034368797, -0.0032677478, -0.0030869378, -0.0031738183, -0.0036170396, -0.0038694325, -0.004242211, 0, 0, 0, 0, 0, 0, 0, 0, 0, 0, 0, 0, 0, 0, 0, 0, 0, 0, 0, 0, 0, 0, 0, 0, 0, 0, 0, 0, 0, 0, 0, 0, 0, 0, 0, 0, 0, 0, 0, 0, 0, 0, 0, 0, 0, 0, 0, 0, 0, 0, 0, 0, 0, 0, 0, 0, 0, 0, 0, 0, 0, 0, 0, 0, 0, 0, 0, 0, 0, 0, 0, 0, 0, 0, 0, 0, 0, 0, 0, 0, 0, 0, 0, 0, 0, 0
-0.0006959129, -0.00072597415, -0.00093393185, -0.0012243872, -0.0013689571, -0.0016339856, -0.0018624513, -0.0019660646, -0.002162633, -0.0023609374, -0.0025785442, -0.0026982687, -0.0029608044, -0.0032411702, -0.0033799303, -0.0036335974, -0.0038311668, -0.003955793, -0.0039923075, -0.004029907, -0.004056158, -0.004081477, -0.00418796, -0.0044006594, -0.004552548, -0.0049401633, -0.0054043336, -0.005882667, -0.006105355, -0.0064843865, -0.00675849, -0.0068599572, -0.0070196623, -0.007170698, -0.007362221, -0.007480483, -0.0077540246, -0.0080395825, -0.00816752, -0.00834998, -0.0083951, -0.008362051, -0.008206765, -0.007997072, -0.007815071, -0.007750618, -0.007670899, -0.007609175, -0.0075589498, -0.0073674484, -0.007009576, -0.006481804, -0.006170161, -0.0055064894, -0.0048748935, -0.0045970483, -0.0041419268, -0.0038069866, -0.003669943, -0.0034324871, -0.0032364614, -0.0030900447, -0.003030189, -0.002996053, -0.0030793205, 0, 0, 0, 0, 0, 0, 0, 0, 0, 0, 0, 0, 0, 0, 0, 0, 0, 0, 0, 0, 0, 0, 0, 0, 0, 0, 0, 0, 0, 0, 0, 0, 0, 0, 0, 0, 0, 0, 0, 0, 0, 0, 0, 0, 0, 0, 0, 0, 0, 0, 0, 0, 0, 0, 0, 0, 0, 0, 0, 0, 0, 0, 0, 0, 0, 0, 0, 0, 0, 0, 0, 0, 0, 0, 0, 0, 0, 0, 0, 0, 0, 0, 0, 0, 0
-0.00029226797, -0.0003287216, -0.0005056601, -0.00072770537, -0.00083504204, -0.0010316604, -0.001208462, -0.0012931189, -0.0014636908, -0.0016440226, -0.0018362099, -0.0019339564, -0.0021225223, -0.0022832225, -0.0023471653, -0.002434042, -0.0024705988, -0.0024814627, -0.0024898595, -0.002543361, -0.002685767, -0.0028014586, -0.0031298765, -0.00357594, -0.0038313763, -0.004368591, -0.0048844875, -0.005321066, -0.0054994216, -0.0057793427, -0.005989481, -0.006086884, -0.006305175, -0.006591113, -0.0069536646, -0.007154147, -0.007555069, -0.007895846, -0.008022356, -0.008160796, -0.008144508, -0.008090026, -0.007937263, -0.0077962205, -0.0077208215, -0.007707722, -0.007695055, -0.0076318625, -0.007555745, -0.007284985, -0.006853906, -0.006313998, -0.0060302136, -0.005492868, -0.0050494284, -0.004869717, -0.0045717093, -0.0043003247, -0.0041537, -0.003815587, -0.0034259523, -0.0030416094, -0.0028912206, -0.00285479, -0.0037656892, -0.005104086, -0.007098185, 0, 0, 0, 0, 0, 0, 0, 0, 0, 0, 0, 0, 0, 0, 0, 0, 0, 0, 0, 0, 0, 0, 0, 0, 0, 0, 0, 0, 0, 0, 0, 0, 0, 0, 0, 0, 0, 0, 0, 0, 0, 0, 0, 0, 0, 0, 0, 0, 0, 0, 0, 0, 0, 0, 0, 0, 0, 0, 0, 0, 0, 0, 0, 0, 0, 0, 0, 0, 0, 0, 0, 0, 0, 0, 0, 0, 0, 0, 0, 0, 0, 0, 0
4.30773e-05, 1.8505509e-09, -0.00015004772, -0.00030528594, -0.00037308017, -0.0004885735, -0.00058530946, -0.0006301031, -0.0007192117, -0.0008107089, -0.00090015505, -0.0009412708, -0.0010078726, -0.0010479306, -0.0010578873, -0.0010665214, -0.0010819584, -0.0011422264, -0.0012015214, -0.0014014773, -0.0017240389, -0.0019310236, -0.0024196203, -0.0029660212, -0.0032414282, -0.0037567627, -0.0041846265, -0.004508303, -0.004637149, -0.0048616272, -0.005096271, -0.005237114, -0.0055886386, -0.0060321866, -0.0065267077, -0.0067720124, -0.0072100293, -0.007526413, -0.0076271775, -0.007714774, -0.0076860506, -0.0076496196, -0.00758166, -0.007564825, -0.0076032523, -0.0076285955, -0.0076439744, -0.0075510843, -0.007450079, -0.0071394383, -0.006722485, -0.0062767765, -0.0060678124, -0.005710867, -0.0054392028, -0.0053233313, -0.0050886013, -0.004795545, -0.0046171467, -0.004206188, -0.0037738194, -0.0034124919, -0.0032991616, -0.0033340363, -0.0039524334, -0.0045153094, -0.005583741, -0.0067109694, 0, 0, 0, 0, 0, 0, 0, 0, 0, 0, 0, 0, 0, 0, 0, 0, 0, 0, 0, 0, 0, 0, 0, 0, 0, 0, 0, 0, 0, 0, 0, 0, 0, 0, 0, 0, 0, 0, 0, 0, 0, 0, 0, 0, 0, 0, 0, 0, 0, 0, 0, 0, 0, 0, 0, 0, 0, 0, 0, 0, 0, 0, 0, 0, 0, 0, 0, 0, 0, 0, 0, 0, 0, 0, 0, 0, 0, 0, 0, 0, 0, 0
0.00039207155, 0.0003454319, 0.00023038583, 0.00014944356, 0.00012539879, 0.00010168593, 9.8911485e-05, 0.000101681886, 0.00010880141, 0.000113200535, 0.00011355048, 0.00011237812, 0.00010642113, 9.0044065e-05, 7.392061e-05, 1.341986e-05, -0.00010384135, -0.0002992963, -0.00043124772, -0.00076652394, -0.0011868576, -0.0014207105, -0.0019104652, -0.0023901677, -0.002611987, -0.0030006457, -0.0033137703, -0.0035769085, -0.003705078, -0.0039904397, -0.0043540215, -0.004572366, -0.005074118, -0.0056229634, -0.006152483, -0.0063880584, -0.006768587, -0.0070102103, -0.0070819575, -0.0071537453, -0.007183567, -0.0072028087, -0.007276156, -0.007397042, -0.0075228657, -0.0075661778, -0.007573956, -0.0074497024, -0.0073392317, -0.0070500374, -0.006727262, -0.006436358, -0.006315907, -0.0061219814, -0.0059544533, -0.005860038, -0.0056142793, -0.0052762562, -0.0050810385, -0.004681577, -0.004336621, -0.004113629, -0.0040631876, -0.0040993947, -0.004305676, -0.004442374, -0.0047349297, -0.005296234, -0.0062809726, 0, 0, 0, 0, 0, 0, 0, 0, 0, 0, 0, 0, 0, 0, 0, 0, 0, 0, 0, 0, 0, 0, 0, 0, 0, 0, 0, 0, 0, 0, 0, 0, 0, 0, 0, 0, 0, 0, 0, 0, 0, 0, 0, 0, 0, 0, 0, 0, 0, 0, 0, 0, 0, 0, 0, 0, 0, 0, 0, 0, 0, 0, 0, 0, 0, 0, 0, 0, 0, 0, 0, 0, 0, 0, 0, 0, 0, 0, 0, 0, 0
0.0007566763, 0.0007084481, 0.00062759226, 0.00061050477, 0.0006210615, 0.00066420034, 0.00072053156, 0.00074925646, 0.000799985, 0.00083472976, 0.0008458065, 0.0008406963, 0.0008036962, 0.00072376995, 0.0006645702, 0.0005020388, 0.00027715508, -8.648733e-06, -0.0001716251, -0.0005279102, -0.0009063648, -0.0010955374, -0.0014596154, -0.0017897496, -0.0019405507, -0.0022212716, -0.002499872, -0.0028170748, -0.0030019218, -0.0034381142, -0.0039600874, -0.0042439806, -0.004824352, -0.005369267, -0.0058234893, -0.006006362, -0.0062802224, -0.006454652, -0.006519205, -0.006639703, -0.00678956, -0.006884093, -0.007104345, -0.0073266313, -0.007486425, -0.007525096, -0.00750558, -0.0073720557, -0.007276868, -0.0070709083, -0.0068914485, -0.006767033, -0.0067221504, -0.0066386093, -0.0065113436, -0.0064146863, -0.006145948, -0.005807127, -0.005633987, -0.005331749, -0.0051335534, -0.0050435476, -0.0050248355, -0.0049894378, -0.0048798393, -0.0047794343, -0.004546372, -0.004502261, -0.004871307, -0.00514158, 0, 0, 0, 0, 0, 0, 0, 0, 0, 0, 0, 0, 0, 0, 0, 0, 0, 0, 0, 0, 0, 0, 0, 0, 0, 0, 0, 0, 0, 0, 0, 0, 0, 0, 0, 0, 0, 0, 0, 0, 0, 0, 0, 0, 0, 0, 0, 0, 0, 0, 0, 0, 0, 0, 0, 0, 0, 0, 0, 0, 0, 0, 0, 0, 0, 0, 0, 0, 0, 0, 0, 0, 0, 0, 0, 0, 0, 0, 0, 0
0.0010575438, 0.0010063668, 0.0009416296, 0.000952662, 0.00097535737, 0.0010328898, 0.0010888029, 0.0011114922, 0.0011397173, 0.0011385168, 0.0011006924, 0.001066349, 0.0009639227, 0.000813915, 0.0007209267, 0.0005020018, 0.0002473765, -2.8292572e-05, -0.00016851052, -0.00044381456, -0.0007016374, -0.0008223268, -0.0010503932, -0.0012752342, -0.0013951547, -0.0016712805, -0.0020236962, -0.002472081, -0.0027314033, -0.003302689, -0.0039042444, -0.0041979677, -0.0047353287, -0.005172369, -0.0054945205, -0.0056173517, -0.00581223, -0.005984629, -0.006079259, -0.0063096695, -0.006600074, -0.006759722, -0.0070742415, -0.0073264707, -0.0074641104, -0.0074846176, -0.0074446574, -0.007342743, -0.0072889957, -0.0072089327, -0.0071835164, -0.0071974886, -0.007204167, -0.007179323, -0.007064059, -0.0069675, -0.0067164367, -0.0064466028, -0.0063294317, -0.006164924, -0.0060931696, -0.0060596787, -0.006028735, -0.005878583, -0.0055629993, -0.005347976, -0.004898611, -0.0046869717, -0.005345985, -0.006473294, -0.010814472, 0, 0, 0, 0, 0, 0, 0, 0, 0, 0, 0, 0, 0, 0, 0, 0, 0, 0, 0, 0, 0, 0, 0, 0, 0, 0, 0, 0, 0, 0, 0, 0, 0, 0, 0, 0, 0, 0, 0, 0, 0, 0, 0, 0, 0, 0, 0, 0, 0, 0, 0, 0, 0, 0, 0, 0, 0, 0, 0, 0, 0, 0, 0, 0, 0, 0, 0, 0, 0, 0, 0, 0, 0, 0, 0, 0, 0, 0, 0
0.0012124224, 0.0011562977, 0.0010854634, 0.0010879714, 0.0011025133, 0.0011346084, 0.0011539602, 0.0011552335, 0.0011364935, 0.0010866531, 0.0010030379, 0.0009481011, 0.000812583, 0.0006449571, 0.0005510328, 0.00034955525, 0.00014030538, -6.2994724e-05, -0.00015936412, -0.0003395186, -0.0005079902, -0.00059301814, -0.0007801253, -0.0010177214, -0.0011652703, -0.0015324457, -0.0020012073, -0.0025533724, -0.0028480405, -0.0034395133, -0.003987086, -0.004229483, -0.004635212, -0.0049357605, -0.0051595666, -0.0052573364, -0.0054608616, -0.0057132314, -0.005866043, -0.0062216185, -0.0066110604, -0.006799253, -0.0071229194, -0.007335417, -0.007425048, -0.007432747, -0.007408324, -0.007386555, -0.0073928, -0.0074500795, -0.007552941, -0.0076537332, -0.0076852264, -0.00768254, -0.007582167, -0.007502897, -0.00732218, -0.0071681207, -0.0071166237, -0.0070670275, -0.007050046, -0.0069866483, -0.0069116405, -0.0066441665, -0.0062268134, -0.005984604, -0.0055331206, -0.00533382, -0.0057677827, -0.006363267, -0.007958748, -0.009007543, -0.0095447, 0, 0, 0, 0, 0, 0, 0, 0, 0, 0, 0, 0, 0, 0, 0, 0, 0, 0, 0, 0, 0, 0, 0, 0, 0, 0, 0, 0, 0, 0, 0, 0, 0, 0, 0, 0, 0, 0, 0, 0, 0, 0, 0, 0, 0, 0, 0, 0, 0, 0, 0, 0, 0, 0, 0, 0, 0, 0, 0, 0, 0, 0, 0, 0, 0, 0, 0, 0, 0, 0, 0, 0, 0, 0, 0, 0, 0
0.0011951316, 0.0011347637, 0.0010473392, 0.0010265149, 0.0010274696, 0.001030527, 0.0010201458, 0.0010073084, 0.0009639933, 0.000897222, 0.00080779026, 0.0007552057, 0.00063596835, 0.00050173554, 0.00043036885, 0.00028386633, 0.00013669011, -8.731777e-06, -8.19789e-05, -0.0002364886, -0.00041688667, -0.00052387925, -0.00078506034, -0.001124981, -0.0013269152, -0.0017901534, -0.0023113105, -0.0028510056, -0.003112747, -0.0035936583, -0.0039956924, -0.004164034, -0.0044437014, -0.0046740775, -0.004899614, -0.00502475, -0.00532206, -0.0056906804, -0.005896682, -0.006324124, -0.0067221383, -0.006892037, -0.0071506095, -0.007297367, -0.0073620626, -0.007380669, -0.0074261464, -0.007518168, -0.007586444, -0.00775533, -0.007930018, -0.008058235, -0.008092499, -0.008094253, -0.008025522, -0.007979678, -0.007897761, -0.007858867, -0.007856221, -0.00785999, -0.007820551, -0.0076730973, -0.0075476402, -0.007196392, -0.0067585343, -0.0065345243, -0.0061397403, -0.0059004473, -0.0058805845, -0.005940361, -0.006033331, -0.0059625204, -0.005859596, 0, 0, 0, 0, 0, 0, 0, 0, 0, 0, 0, 0, 0, 0, 0, 0, 0, 0, 0, 0, 0, 0, 0, 0, 0, 0, 0, 0, 0, 0, 0, 0, 0, 0, 0, 0, 0, 0, 0, 0, 0, 0, 0, 0, 0, 0, 0, 0, 0, 0, 0, 0, 0, 0, 0, 0, 0, 0, 0, 0, 0, 0, 0, 0, 0, 0, 0, 0, 0, 0, 0, 0, 0, 0, 0, 0, 0
0.001041545, 0.0009808511, 0.0008804254, 0.00084207015, 0.00083558855, 0.00082867796, 0.00081558304, 0.0008038414, 0.0007681541, 0.000716263, 0.0006495931, 0.00061145006, 0.0005267961, 0.00043147927, 0.00037978296, 0.0002672506, 0.00013835369, -1.6114065e-05, -0.0001066236, -0.000323543, -0.0005985369, -0.0007603653, -0.0011324043, -0.0015599338, -0.0017878637, -0.0022532814, -0.002704959, -0.0031142463, -0.00329693, -0.0036163065, -0.0038849215, -0.0040076287, -0.0042503336, -0.0045168493, -0.0048341965, -0.0050162645, -0.0054227225, -0.005861321, -0.006078934, -0.0064778496, -0.0067936936, -0.0069141537, -0.0070865806, -0.0071971132, -0.0072941, -0.0073520024, -0.0075055757, -0.0077089556, -0.007822559, -0.008046607, -0.008228397, -0.008336651, -0.0083612865, -0.00836614, -0.008346212, -0.008340476, -0.00835351, -0.00839185, -0.008408486, -0.008400425, -0.008290995, -0.008053389, -0.007889799, -0.00750258, -0.0070880274, -0.00688818, -0.006518738, -0.0061696605, -0.0057676197, -0.0055191563, -0.0049172537, -0.0043461886, -0.004200319, -0.0045697354, 0, 0, 0, 0, 0, 0, 0, 0, 0, 0, 0, 0, 0, 0, 0, 0, 0, 0, 0, 0, 0, 0, 0, 0, 0, 0, 0, 0, 0, 0, 0, 0, 0, 0, 0, 0, 0, 0, 0, 0, 0, 0, 0, 0, 0, 0, 0, 0, 0, 0, 0, 0, 0, 0, 0, 0, 0, 0, 0, 0, 0, 0, 0, 0, 0, 0, 0, 0, 0, 0, 0, 0, 0, 0, 0, 0
0.0008229756, 0.00076515, 0.00065811083, 0.00060881296, 0.00059905736, 0.0005922569, 0.0005865904, 0.0005802864, 0.00055745256, 0.000518795, 0.0004643589, 0.00043136583, 0.0003536548, 0.00025844277, 0.00020238046, 6.883476e-05, -0.00010245583, -0.00032214925, -0.00045299783, -0.0007586766, -0.0011191341, -0.0013152825, -0.0017255782, -0.00213493, -0.0023300108, -0.0026858482, -0.0029874835, -0.003238232, -0.0033503566, -0.003565683, -0.0037957663, -0.003925641, -0.0042270976, -0.004591274, -0.0050087227, -0.005229538, -0.005670339, -0.0060741305, -0.0062494474, -0.0065333806, -0.0067297537, -0.006803187, -0.0069279536, -0.007062897, -0.007242681, -0.0073535135, -0.0076085627, -0.007878994, -0.008006524, -0.008220864, -0.008361835, -0.008432404, -0.008449242, -0.008472223, -0.008511793, -0.008543708, -0.008622906, -0.008686487, -0.008694387, -0.008630468, -0.008440568, -0.008137502, -0.007957507, -0.007572052, -0.0071880207, -0.0069995364, -0.006609676, -0.0061418917, -0.0055215256, -0.0051481035, -0.0043419837, -0.003674694, -0.0035012672, -0.0036533233, -0.004454638, 0, 0, 0, 0, 0, 0, 0, 0, 0, 0, 0, 0, 0, 0, 0, 0, 0, 0, 0, 0, 0, 0, 0, 0, 0, 0, 0, 0, 0, 0, 0, 0, 0, 0, 0, 0, 0, 0, 0, 0, 0, 0, 0, 0, 0, 0, 0, 0, 0, 0, 0, 0, 0, 0, 0, 0, 0, 0, 0, 0, 0, 0, 0, 0, 0, 0, 0, 0, 0, 0, 0, 0, 0, 0, 0
0.00059879775, 0.0005449004, 0.00042918435, 0.00035977454, 0.0003401894, 0.00031580267, 0.0002953356, 0.00028167368, 0.000242532, 0.00018309426, 0.00010158042, 5.2615418e-05, -6.2999534e-05, -0.00020407075, -0.00028587176, -0.0004761996, -0.0007076358, -0.000983773, -0.0011380496, -0.0014720842, -0.0018252173, -0.0020013417, -0.0023359628, -0.0026281856, -0.0027544405, -0.0029679376, -0.0031439979, -0.0033119316, -0.0034037132, -0.0036228634, -0.0039062505, -0.0040745945, -0.004459295, -0.0048870165, -0.0053199898, -0.005524633, -0.0058858274, -0.006161271, -0.006265505, -0.0064182305, -0.006531663, -0.0065887333, -0.0067323656, -0.006938186, -0.0072060977, -0.0073556183, -0.0076580117, -0.007925945, -0.008035259, -0.008194548, -0.008282139, -0.008330036, -0.008351848, -0.008414134, -0.008511047, -0.00856779, -0.008669981, -0.008708235, -0.00868735, -0.008549387, -0.008293717, -0.007959281, -0.007778413, -0.0074109985, -0.0070423256, -0.0068502394, -0.0064146067, -0.005858339, -0.0051524057, -0.0047562653, -0.0039578094, -0.003305189, -0.0030878405, -0.002918208, -0.0030231345, -0.0029543296, 0, 0, 0, 0, 0, 0, 0, 0, 0, 0, 0, 0, 0, 0, 0, 0, 0, 0, 0, 0, 0, 0, 0, 0, 0, 0, 0, 0, 0, 0, 0, 0, 0, 0, 0, 0, 0, 0, 0, 0, 0, 0, 0, 0, 0, 0, 0, 0, 0, 0, 0, 0, 0, 0, 0, 0, 0, 0, 0, 0, 0, 0, 0, 0, 0, 0, 0, 0, 0, 0, 0, 0, 0, 0
0.0003864417, 0.00033484664, 0.00019966472, 8.892257e-05, 4.5435117e-05, -2.9256222e-05, -0.00010092946, -0.00014029202, -0.00023238178, -0.0003462345, -0.0004839136, -0.0005614538, -0.0007331979, -0.0009272035, -0.0010327963, -0.0012609937, -0.0015107143, -0.0017778737, -0.0019150099, -0.0021884842, -0.0024473332, -0.0025664393, -0.0027770314, -0.0029499661, -0.003024898, -0.0031651468, -0.0033158464, -0.0035062896, -0.0036235466, -0.0039083585, -0.0042550485, -0.0044454513, -0.00484189, -0.0052261846, -0.0055592693, -0.0056971773, -0.0059083467, -0.0060418923, -0.0060892487, -0.006173088, -0.0062828213, -0.0063590696, -0.006566313, -0.0068391664, -0.0071468013, -0.0072992994, -0.007572493, -0.0077760946, -0.007847905, -0.007941813, -0.007997094, -0.008054825, -0.008094954, -0.0082035465, -0.008334236, -0.008394316, -0.008468754, -0.0084409965, -0.008380393, -0.008171349, -0.007874842, -0.007536386, -0.0073629767, -0.007013609, -0.00664384, -0.006439156, -0.0059586368, -0.0053590583, -0.0046557053, -0.0042865053, -0.0035774272, -0.0029900367, -0.0027601544, -0.002427851, -0.0022479594, -0.002296638, -0.0025143914, 0, 0, 0, 0, 0, 0, 0, 0, 0, 0, 0, 0, 0, 0, 0, 0, 0, 0, 0, 0, 0, 0, 0, 0, 0, 0, 0, 0, 0, 0, 0, 0, 0, 0, 0, 0, 0, 0, 0, 0, 0, 0, 0, 0, 0, 0, 0, 0, 0, 0, 0, 0, 0, 0, 0, 0, 0, 0, 0, 0, 0, 0, 0, 0, 0, 0, 0, 0, 0, 0, 0, 0, 0
0.00017657623, 0.00012475003, -3.9905113e-05, -0.00020694015, -0.00028330777, -0.00042612, -0.00056560436, -0.0006375767, -0.000790538, -0.0009588545, -0.0011426717, -0.0012396208, -0.0014410748, -0.0016505981, -0.0017571518, -0.0019714334, -0.002183534, -0.0023881076, -0.0024858983, -0.0026692522, -0.002834344, -0.0029102834, -0.00305331, -0.003193596, -0.0032675904, -0.0034349293, -0.0036413297, -0.0038954034, -0.0040399563, -0.004354608, -0.0046841633, -0.004845303, -0.005142588, -0.005385114, -0.0055588856, -0.005620195, -0.0057043512, -0.0057661594, -0.00580171, -0.0059059793, -0.006074363, -0.006184294, -0.0064449245, -0.00673092, -0.007001157, -0.0071182256, -0.007300732, -0.0074133547, -0.0074491696, -0.007501561, -0.007559877, -0.007651244, -0.007711108, -0.007845809, -0.00796313, -0.007999043, -0.007997724, -0.007880816, -0.0077806767, -0.0075181923, -0.007208531, -0.0068859905, -0.0067239073, -0.0063904105, -0.0060161357, -0.005802532, -0.0053047743, -0.0047189523, -0.004086591, -0.0037741854, -0.003201679, -0.0027296983, -0.0025326798, -0.002205778, -0.0019831767, -0.0019673181, -0.00208299, -0.002599292, 0, 0, 0, 0, 0, 0, 0, 0, 0, 0, 0, 0, 0, 0, 0, 0, 0, 0, 0, 0, 0, 0, 0, 0, 0, 0, 0, 0, 0, 0, 0, 0, 0, 0, 0, 0, 0, 0, 0, 0, 0, 0, 0, 0, 0, 0, 0, 0, 0, 0, 0, 0, 0, 0, 0, 0, 0, 0, 0, 0, 0, 0, 0, 0, 0, 0, 0, 0, 0, 0, 0, 0
-2.187772e-05, -7.45246e-05, -0.00026724857, -0.00048541414, -0.0005906668, -0.00079068844, -0.0009816149, -0.0010757218, -0.0012639577, -0.0014542186, -0.001645664, -0.0017412482, -0.0019301823, -0.0021151088, -0.0022051525, -0.0023799618, -0.0025454774, -0.0027019281, -0.0027770775, -0.0029237447, -0.0030719058, -0.0031491139, -0.0033160786, -0.0035047976, -0.0036093513, -0.0038389196, -0.004092158, -0.0043580057, -0.004490361, -0.004741273, -0.0049567153, -0.005046438, -0.0051843114, -0.0052703647, -0.0053197234, -0.0053384067, -0.0053838547, -0.005466684, -0.0055296295, -0.0057036676, -0.0059327004, -0.0060595227, -0.0063142073, -0.006539089, -0.0067080823, -0.006767979, -0.0068445522, -0.0068847653, -0.0069019506, -0.0069508953, -0.007036422, -0.007156155, -0.0072209924, -0.0073332493, -0.007381645, -0.007370243, -0.007265397, -0.007062061, -0.0069334265, -0.006647923, -0.006352752, -0.0060615246, -0.005914869, -0.0056020273, -0.0052383905, -0.00503052, -0.004562741, -0.0040506935, -0.0035433974, -0.0033084636, -0.0028964193, -0.0025617154, -0.0024169052, -0.0021572153, -0.001946962, -0.0018464054, -0.0018636086, -0.0020796503, -0.0025379504, -0.0027612112, 0, 0, 0, 0, 0, 0, 0, 0, 0, 0, 0, 0, 0, 0, 0, 0, 0, 0, 0, 0, 0, 0, 0, 0, 0, 0, 0, 0, 0, 0, 0, 0, 0, 0, 0, 0, 0, 0, 0, 0, 0, 0, 0, 0, 0, 0, 0, 0, 0, 0, 0, 0, 0, 0, 0, 0, 0, 0, 0, 0, 0, 0, 0, 0, 0, 0, 0, 0, 0, 0
-0.00017103138, -0.00022293635, -0.00043224124, -0.0006821381, -0.0008045713, -0.0010357983, -0.0012501511, -0.0013518305, -0.0015462803, -0.0017300204, -0.00190514, -0.0019899157, -0.002155192, -0.0023170065, -0.0023973288, -0.0025585324, -0.0027213893, -0.0028875624, -0.0029728257, -0.0031502852, -0.003342137, -0.0034446411, -0.003663094, -0.0038963852, -0.0040158792, -0.004253779, -0.0044774516, -0.0046714884, -0.00475284, -0.0048786616, -0.0049528824, -0.0049726483, -0.0049876138, -0.004989002, -0.005004772, -0.005026641, -0.0051113795, -0.0052580577, -0.0053530554, -0.0055726934, -0.0058034966, -0.0059111044, -0.0060896296, -0.006204178, -0.006257307, -0.0062669315, -0.0062726066, -0.006287473, -0.0063066, -0.006376323, -0.0064795795, -0.0065875733, -0.0066298586, -0.006663516, -0.0066042272, -0.006536711, -0.006336839, -0.0060799285, -0.005942892, -0.0056711626, -0.0054139225, -0.0051645935, -0.005035823, -0.0047532762, -0.00442231, -0.004238086, -0.0038443957, -0.003448875, -0.0030922983, -0.0029373409, -0.0026747764, -0.0024545263, -0.0023502512, -0.0021389697, -0.0019272906, -0.0017457856, -0.0016794081, -0.0016192571, -0.0016387852, -0.0016216034, 0, 0, 0, 0, 0, 0, 0, 0, 0, 0, 0, 0, 0, 0, 0, 0, 0, 0, 0, 0, 0, 0, 0, 0, 0, 0, 0, 0, 0, 0, 0, 0, 0, 0, 0, 0, 0, 0, 0, 0, 0, 0, 0, 0, 0, 0, 0, 0, 0, 0, 0, 0, 0, 0, 0, 0, 0, 0, 0, 0, 0, 0, 0, 0, 0, 0, 0, 0, 0, 0
-0.00025187188, -0.00030118434, -0.0005153778, -0.00078074157, -0.000912075, -0.0011600386, -0.0013871824, -0.0014931457, -0.0016920225, -0.0018758292, -0.0020495544, -0.0021343608, -0.00230363, -0.002477353, -0.0025671676, -0.0027545132, -0.0029513985, -0.0031563293, -0.0032609978, -0.0034744951, -0.0036919203, -0.0038014466, -0.0040184692, -0.0042253393, -0.0043215915, -0.0044926493, -0.004626831, -0.0047169393, -0.0047448925, -0.00476955, -0.004762874, -0.0047538118, -0.004739267, -0.00474936, -0.0048040133, -0.0048516546, -0.00498716, -0.005164458, -0.0052609085, -0.0054493304, -0.0056046015, -0.005661599, -0.0057283514, -0.0057393075, -0.005719735, -0.0057088975, -0.005703773, -0.0057344986, -0.005764099, -0.0058427993, -0.0059208646, -0.005959056, -0.005951999, -0.005871494, -0.00570327, -0.005592879, -0.005342005, -0.005083757, -0.0049606874, -0.004733668, -0.004525468, -0.0043163397, -0.00420395, -0.0039536203, -0.003668626, -0.0035176908, -0.0032172883, -0.0029460385, -0.0027250217, -0.0026333353, -0.0024743134, -0.002317943, -0.0022311248, -0.002030815, -0.0018011736, -0.0015634117, -0.0014494004, -0.0012464342, -0.0010957533, -0.0010516014, -0.0010922572, 0, 0, 0, 0, 0, 0, 0, 0, 0, 0, 0, 0, 0, 0, 0, 0, 0, 0, 0, 0, 0, 0, 0, 0, 0, 0, 0, 0, 0, 0, 0, 0, 0, 0, 0, 0, 0, 0, 0, 0, 0, 0, 0, 0, 0, 0, 0, 0, 0, 0, 0, 0, 0, 0, 0, 0, 0, 0, 0, 0, 0, 0, 0, 0, 0, 0, 0, 0, 0
-0.00029349464, -0.0003397938, -0.0005548309, -0.000831559, -0.000971304, -0.0012398082, -0.0014901351, -0.0016086497, -0.0018334814, -0.0020451455, -0.0022485587, -0.002348943, -0.0025507344, -0.002757151, -0.0028629107, -0.0030783324, -0.0032956663, -0.003509004, -0.003612473, -0.0038101564, -0.0039924583, -0.004076861, -0.0042296858, -0.004357978, -0.0044115847, -0.004496364, -0.004551154, -0.00457901, -0.004585, -0.0045878217, -0.004590763, -0.004597373, -0.004629799, -0.0046956497, -0.00479631, -0.0048571797, -0.0049909693, -0.0051219864, -0.0051795905, -0.005266227, -0.0053059775, -0.0053086695, -0.005288398, -0.0052541657, -0.0052317707, -0.005231371, -0.00525673, -0.0053085443, -0.005337211, -0.0053808508, -0.005378586, -0.0053046346, -0.005237786, -0.0050501428, -0.0048137372, -0.004688854, -0.0044468534, -0.0042324914, -0.0041374317, -0.003963838, -0.0037955868, -0.0036098228, -0.003506267, -0.0032784415, -0.0030359, -0.0029166236, -0.0026999651, -0.0025268532, -0.0023982504, -0.0023439068, -0.0022334277, -0.0020946201, -0.0020081124, -0.0018030133, -0.0015673622, -0.0013229112, -0.0012037156, -0.0009860597, -0.00082242914, -0.0007747751, -0.0007705358, -0.0008496736, -0.0008976687, 0, 0, 0, 0, 0, 0, 0, 0, 0, 0, 0, 0, 0, 0, 0, 0, 0, 0, 0, 0, 0, 0, 0, 0, 0, 0, 0, 0, 0, 0, 0, 0, 0, 0, 0, 0, 0, 0, 0, 0, 0, 0, 0, 0, 0, 0, 0, 0, 0, 0, 0, 0, 0, 0, 0, 0, 0, 0, 0, 0, 0, 0, 0, 0, 0, 0, 0
-0.00034458286, -0.00038808372, -0.00060438644, -0.0008939106, -0.0010436017, -0.001337693, -0.0016202081, -0.0017570436, -0.002021182, -0.002273706, -0.0025157882, -0.0026335043, -0.0028631284, -0.003086098, -0.0031946485, -0.003403778, -0.0035986044, -0.0037740637, -0.003853393, -0.003994192, -0.0041113403, -0.004161234, -0.004244591, -0.00430848, -0.0043341895, -0.0043770694, -0.0044132946, -0.0044497023, -0.0044702445, -0.0045200195, -0.0045857555, -0.004625434, -0.004717257, -0.004818139, -0.004915572, -0.004958219, -0.00502336, -0.005052499, -0.0050529307, -0.0050282907, -0.0049820617, -0.004957286, -0.0049180626, -0.004905526, -0.0049257837, -0.004946076, -0.004994821, -0.005029844, -0.0050329217, -0.004992177, -0.00487834, -0.0046934234, -0.0045804637, -0.004334501, -0.0040922286, -0.003981884, -0.003790724, -0.0036354356, -0.0035655007, -0.0034267034, -0.0032704966, -0.0030847937, -0.0029811533, -0.0027640676, -0.0025542378, -0.0024601826, -0.0023042606, -0.0021931338, -0.002108316, -0.0020662625, -0.0019635237, -0.0018193665, -0.0017314499, -0.0015318462, -0.0013186043, -0.0011105208, -0.001011893, -0.0008332492, -0.00068570836, -0.0006253036, -0.00052788283, -0.0004350901, -0.00036981612, 0, 0, 0, 0, 0, 0, 0, 0, 0, 0, 0, 0, 0, 0, 0, 0, 0, 0, 0, 0, 0, 0, 0, 0, 0, 0, 0, 0, 0, 0, 0, 0, 0, 0, 0, 0, 0, 0, 0, 0, 0, 0, 0, 0, 0, 0, 0, 0, 0, 0, 0, 0, 0, 0, 0, 0, 0, 0, 0, 0, 0, 0, 0, 0, 0, 0, 0
-0.00043457656, -0.00047477646, -0.0006912709, -0.0009901719, -0.001146706, -0.0014581851, -0.0017626123, -0.0019117178, -0.0022018265, -0.0024781346, -0.0027376562, -0.0028601869, -0.0030900391, -0.0032985932, -0.0033943888, -0.0035684477, -0.003718285, -0.0038439685, -0.0038985687, -0.0039927303, -0.0040703085, -0.004104186, -0.0041651344, -0.0042220433, -0.0042509884, -0.0043137986, -0.004388789, -0.0044789882, -0.004529844, -0.004641108, -0.004758892, -0.004816875, -0.004921986, -0.0049999566, -0.0050386554, -0.005041496, -0.005015099, -0.0049547604, -0.0049172216, -0.0048415377, -0.0047842413, -0.004768173, -0.004766378, -0.004800173, -0.004850865, -0.004873972, -0.004895973, -0.0048624636, -0.004818911, -0.004675423, -0.004466991, -0.0042197984, -0.004092915, -0.0038539483, -0.003654706, -0.003572335, -0.003434943, -0.00331511, -0.003253665, -0.0031139876, -0.002942303, -0.0027426018, -0.0026374725, -0.002432579, -0.0022551357, -0.0021818618, -0.0020680998, -0.001985628, -0.0019085183, -0.0018631129, -0.0017475832, -0.0015963593, -0.0015113815, -0.0013339901, -0.0011616406, -0.0010035252, -0.00092894875, -0.00078525516, -0.0006395479, -0.0005623358, -0.00039374563, -0.00020965896, -0.000120297766, 2.0555259e-05, 0, 0, 0, 0, 0, 0, 0, 0, 0, 0, 0, 0, 0, 0, 0, 0, 0, 0, 0, 0, 0, 0, 0, 0, 0, 0, 0, 0, 0, 0, 0, 0, 0, 0, 0, 0, 0, 0, 0, 0, 0, 0, 0, 0, 0, 0, 0, 0, 0, 0, 0, 0, 0, 0, 0, 0, 0, 0, 0, 0, 0, 0, 0, 0, 0, 0
-0.00056776736, -0.0006033849, -0.0008172935, -0.0011182557, -0.0012756548, -0.00158761, -0.0018914384, -0.0020398758, -0.0023279698, -0.0025998217, -0.0028495162, -0.002964849, -0.003175479, -0.0033581783, -0.003439565, -0.0035833733, -0.0037054918, -0.003810588, -0.0038589258, -0.0039502443, -0.0040384037, -0.004082598, -0.0041740467, -0.0042720074, -0.004324781, -0.00443952, -0.004566633, -0.0047031064, -0.0047722687, -0.0049053296, -0.0050197076, -0.005065541, -0.005126888, -0.0051423092, -0.005113015, -0.0050848704, -0.0050116656, -0.0049338816, -0.004899669, -0.004852121, -0.00484084, -0.0048490716, -0.0048849853, -0.004928175, -0.0049504517, -0.004944653, -0.0048867213, -0.0047591766, -0.004670618, -0.004455235, -0.0042126873, -0.003974765, -0.003865831, -0.0036791763, -0.003532909, -0.00347074, -0.0033538123, -0.0032267403, -0.0031536638, -0.0029846858, -0.0027894871, -0.0025851063, -0.0024864776, -0.0023104788, -0.0021727835, -0.0021183442, -0.0020301659, -0.0019502909, -0.0018552291, -0.0017975143, -0.0016606014, -0.0015052042, -0.0014264765, -0.0012767516, -0.0011429334, -0.0010202198, -0.0009596754, -0.0008288384, -0.00067545276, -0.0005883298, -0.00039931596, -0.00021901762, -0.00015281833, -0.00013605521, 0, 0, 0, 0, 0, 0, 0, 0, 0, 0, 0, 0, 0, 0, 0, 0, 0, 0, 0, 0, 0, 0, 0, 0, 0, 0, 0, 0, 0, 0, 0, 0, 0, 0, 0, 0, 0, 0, 0, 0, 0, 0, 0, 0, 0, 0, 0, 0, 0, 0, 0, 0, 0, 0, 0, 0, 0, 0, 0, 0, 0, 0, 0, 0, 0, 0
-0.00073551165, -0.0007662296, -0.0009769695, -0.0012775091, -0.0014329167, -0.0017354831, -0.002023908, -0.0021631669, -0.0024319775, -0.0026844132, -0.0029164248, -0.003023715, -0.0032209367, -0.0033952764, -0.0034748255, -0.0036206124, -0.003753657, -0.0038801846, -0.003943023, -0.004070566, -0.004202712, -0.0042707073, -0.0044105286, -0.004554677, -0.004627744, -0.004775223, -0.0049194917, -0.005053057, -0.0051123216, -0.0052098413, -0.00527201, -0.005288102, -0.005291101, -0.0052617164, -0.0052138264, -0.0051883142, -0.005144902, -0.0051215184, -0.0051191924, -0.005132419, -0.0051612845, -0.0051768394, -0.0051969667, -0.0051837224, -0.0051196776, -0.0050656255, -0.0049147564, -0.004718061, -0.004609495, -0.004387948, -0.004180866, -0.004003885, -0.0039276425, -0.003794955, -0.0036739698, -0.003611524, -0.0034719238, -0.0033044592, -0.003210548, -0.0030094443, -0.0028063492, -0.0026216658, -0.0025413593, -0.0024087946, -0.0023082255, -0.0022652068, -0.0021797542, -0.0020777802, -0.0019474159, -0.0018722349, -0.0017120427, -0.001553893, -0.0014810492, -0.0013518733, -0.0012401781, -0.0011324871, -0.0010751338, -0.0009445868, -0.00079086446, -0.0007078101, -0.0005455325, -0.00042677042, -0.00040869534, -0.000563087, -0.0013459359, -0.0019570822, 0, 0, 0, 0, 0, 0, 0, 0, 0, 0, 0, 0, 0, 0, 0, 0, 0, 0, 0, 0, 0, 0, 0, 0, 0, 0, 0, 0, 0, 0, 0, 0, 0, 0, 0, 0, 0, 0, 0, 0, 0, 0, 0, 0, 0, 0, 0, 0, 0, 0, 0, 0, 0, 0, 0, 0, 0, 0, 0, 0, 0, 0, 0, 0
-0.0010969362, -0.001120974, -0.0013438168, -0.0016724463, -0.0018403567, -0.0021580667, -0.002448843, -0.0025861727, -0.0028485921, -0.0030984571, -0.003339278, -0.0034574457, -0.0036904127, -0.0039209113, -0.004035497, -0.0042622513, -0.0044845277, -0.0046994067, -0.004803112, -0.0050005275, -0.0051811263, -0.005263665, -0.005410474, -0.0055308933, -0.0055812555, -0.0056622876, -0.0057187895, -0.005754658, -0.0057663503, -0.0057822587, -0.0057963687, -0.0058056572, -0.005835203, -0.005883502, -0.0059503415, -0.0059887604, -0.0060659316, -0.0061274893, -0.006145852, -0.0061466047, -0.006090423, -0.0060396628, -0.00589618, -0.0057087154, -0.005499683, -0.0053948965, -0.005199249, -0.0050360365, -0.0049687554, -0.004859757, -0.0047712573, -0.004680418, -0.004626622, -0.004490947, -0.0043128445, -0.0042096497, -0.003984966, -0.0037562423, -0.00364817, -0.003457126, -0.0033069188, -0.0031930914, -0.0031445764, -0.0030501133, -0.0029396438, -0.0028733579, -0.0027148311, -0.0025278442, -0.0023305542, -0.0022349872, -0.0020617559, -0.0019192224, -0.0018587592, -0.0017525584, -0.0016535474, -0.00155045, -0.0014956561, -0.0013823194, -0.0012730733, -0.0012236434, -0.001142252, -0.0010831665, -0.0010579602, -0.0010039804, -0.0009189125, -0.0007752398, -0.0007111361, 0, 0, 0, 0, 0, 0, 0, 0, 0, 0, 0, 0, 0, 0, 0, 0, 0, 0, 0, 0, 0, 0, 0, 0, 0, 0, 0, 0, 0, 0, 0, 0, 0, 0, 0, 0, 0, 0, 0, 0, 0, 0, 0, 0, 0, 0, 0, 0, 0, 0, 0, 0, 0, 0, 0, 0, 0, 0, 0, 0, 0, 0, 0
-0.0012444013, -0.0012681517, -0.0015086252, -0.0018705998, -0.0020570576, -0.0024117026, -0.002735888, -0.00288811, -0.0031765061, -0.003448838, -0.003711485, -0.0038409228, -0.0040984233, -0.0043561785, -0.004485056, -0.004740224, -0.00498704, -0.00521813, -0.005325665, -0.005520171, -0.0056840973, -0.0057538347, -0.005868377, -0.005952701, -0.0059856996, -0.006037369, -0.006077473, -0.0061150333, -0.0061351773, -0.006182942, -0.00624467, -0.006281584, -0.0063665113, -0.006460374, -0.006551554, -0.0065911757, -0.0066478476, -0.006661069, -0.0066475216, -0.006576706, -0.006450392, -0.0063697607, -0.0061835023, -0.0059828637, -0.005790275, -0.005703268, -0.005553468, -0.0054363622, -0.005387297, -0.0052965684, -0.005198843, -0.0050746836, -0.0049987715, -0.004816661, -0.0046015475, -0.0044872104, -0.0042589223, -0.0040499056, -0.003957809, -0.0038022602, -0.0036786022, -0.003569068, -0.003512435, -0.003383421, -0.0032237037, -0.0031321042, -0.002932799, -0.0027271905, -0.0025361355, -0.002450955, -0.002305078, -0.0021883969, -0.0021379113, -0.0020437236, -0.001949503, -0.0018516348, -0.001801588, -0.0017061534, -0.0016209658, -0.0015825017, -0.0015080568, -0.0014173586, -0.001356425, -0.0011892787, -0.00096624024, -0.0007518197, -0.0006938648, -0.0007717191, 0, 0, 0, 0, 0, 0, 0, 0, 0, 0, 0, 0, 0, 0, 0, 0, 0, 0, 0, 0, 0, 0, 0, 0, 0, 0, 0, 0, 0, 0, 0, 0, 0, 0, 0, 0, 0, 0, 0, 0, 0, 0, 0, 0, 0, 0, 0, 0, 0, 0, 0, 0, 0, 0, 0, 0, 0, 0, 0, 0, 0, 0
-0.0013504578, -0.0013749172, -0.0016340174, -0.0020309053, -0.002237638, -0.0026344676, -0.002998991, -0.003169306, -0.0034887227, -0.003784468, -0.004063314, -0.0041987444, -0.0044653816, -0.0047288556, -0.004859477, -0.005116351, -0.0053620944, -0.0055884654, -0.005692318, -0.0058782063, -0.0060333116, -0.006099355, -0.0062112603, -0.006302745, -0.006343542, -0.0064209597, -0.0064992607, -0.006584874, -0.00663085, -0.006728319, -0.0068300166, -0.0068804994, -0.0069745667, -0.007050715, -0.0070968275, -0.0071054543, -0.00708976, -0.0070283944, -0.0069813216, -0.0068595666, -0.0067106136, -0.0066303886, -0.0064668898, -0.006310793, -0.0061712353, -0.0061082267, -0.0059922813, -0.0058798557, -0.005821079, -0.005688324, -0.0055293497, -0.0053410907, -0.00523741, -0.005017903, -0.0047954987, -0.0046885335, -0.004492627, -0.004327042, -0.0042552915, -0.0041267145, -0.004002853, -0.003865289, -0.0037865404, -0.003606444, -0.0034017714, -0.0032953788, -0.0030873227, -0.0029008854, -0.002748816, -0.0026858184, -0.0025811591, -0.0024928232, -0.002450785, -0.002364548, -0.0022726678, -0.0021791717, -0.002134117, -0.002050767, -0.0019755368, -0.0019377614, -0.0018465405, -0.0017125423, -0.0016230237, -0.0013988387, -0.0011447927, -0.0009439524, -0.0009076235, -0.0011135815, -0.0016654028, 0, 0, 0, 0, 0, 0, 0, 0, 0, 0, 0, 0, 0, 0, 0, 0, 0, 0, 0, 0, 0, 0, 0, 0, 0, 0, 0, 0, 0, 0, 0, 0, 0, 0, 0, 0, 0, 0, 0, 0, 0, 0, 0, 0, 0, 0, 0, 0, 0, 0, 0, 0, 0, 0, 0, 0, 0, 0, 0, 0, 0
-0.0014087617, -0.0014338993, -0.0017055863, -0.002126928, -0.0023486472, -0.0027773152, -0.0031736407, -0.003358719, -0.0037039695, -0.004019033, -0.0043097325, -0.0044481545, -0.0047158236, -0.0049744872, -0.005101211, -0.0053488268, -0.005585904, -0.0058086975, -0.005913487, -0.0061092293, -0.006286519, -0.0063687186, -0.0065224124, -0.006666437, -0.0067361104, -0.006873074, -0.0070074503, -0.0071370904, -0.0071983533, -0.0073094643, -0.00739839, -0.007432344, -0.0074751396, -0.007480834, -0.007447541, -0.007417054, -0.007331768, -0.0072223605, -0.0071617966, -0.0070370124, -0.0069145514, -0.006856223, -0.006746284, -0.0066433772, -0.006539713, -0.006483951, -0.006356559, -0.00619993, -0.006108961, -0.005902859, -0.0056722676, -0.0054321936, -0.0053136884, -0.005090422, -0.004894435, -0.0048083207, -0.0046589077, -0.0045306524, -0.0044693365, -0.0043405774, -0.004190004, -0.0040095816, -0.0039090854, -0.0036944922, -0.0034790705, -0.003377975, -0.0032010772, -0.0030638154, -0.002964022, -0.0029236802, -0.0028515244, -0.0027782673, -0.0027383228, -0.0026498907, -0.0025549768, -0.0024620236, -0.0024187574, -0.0023381421, -0.002258068, -0.0022122136, -0.0020937938, -0.0019253914, -0.0018209583, -0.0015839612, -0.0013423354, -0.0011531919, -0.0010993985, -0.0011127661, -0.0012214286, -0.0012363617, 0, 0, 0, 0, 0, 0, 0, 0, 0, 0, 0, 0, 0, 0, 0, 0, 0, 0, 0, 0, 0, 0, 0, 0, 0, 0, 0, 0, 0, 0, 0, 0, 0, 0, 0, 0, 0, 0, 0, 0, 0, 0, 0, 0, 0, 0, 0, 0, 0, 0, 0, 0, 0, 0, 0, 0, 0, 0, 0, 0
-0.001420261, -0.0014452114, -0.0017205178, -0.0021513796, -0.0023797855, -0.002825044, -0.003240955, -0.0034367305, -0.0038042052, -0.0041415193, -0.0044522416, -0.0045992546, -0.004880003, -0.0051464234, -0.005275045, -0.00552463, -0.0057645864, -0.005996001, -0.006108984, -0.006329779, -0.0065441253, -0.006648772, -0.0068529313, -0.0070481044, -0.0071415133, -0.007316737, -0.0074723004, -0.0076007573, -0.0076526776, -0.0077279215, -0.007762667, -0.007764428, -0.007738349, -0.0076770945, -0.007588119, -0.007536037, -0.007423601, -0.0073095663, -0.007254943, -0.007154297, -0.00706562, -0.0070245946, -0.0069431476, -0.006851397, -0.006734275, -0.006661749, -0.00648498, -0.0062660836, -0.0061435387, -0.005882806, -0.0056186137, -0.0053719203, -0.0052605164, -0.005066944, -0.004910986, -0.0048440616, -0.004721758, -0.004598775, -0.0045314, -0.0043763975, -0.0041915565, -0.0039832722, -0.0038755485, -0.0036670342, -0.0034838477, -0.0034066683, -0.0032847384, -0.0032005447, -0.00313746, -0.003108194, -0.0030429116, -0.0029630237, -0.0029173899, -0.0028187542, -0.0027178915, -0.0026238477, -0.0025799798, -0.0024954886, -0.0024014008, -0.0023447925, -0.002202077, -0.0020155634, -0.00190906, -0.0016833344, -0.0014640755, -0.0012742869, -0.0011947155, -0.0010739331, -0.0010279818, -0.0010676229, -0.0012792514, 0, 0, 0, 0, 0, 0, 0, 0, 0, 0, 0, 0, 0, 0, 0, 0, 0, 0, 0, 0, 0, 0, 0, 0, 0, 0, 0, 0, 0, 0, 0, 0, 0, 0, 0, 0, 0, 0, 0, 0, 0, 0, 0, 0, 0, 0, 0, 0, 0, 0, 0, 0, 0, 0, 0, 0, 0, 0, 0
-0.001400125, -0.0014242575, -0.001696763, -0.0021266376, -0.0023560254, -0.0028071587, -0.0032355501, -0.0034403694, -0.0038313332, -0.004198593, -0.004543604, -0.0047081853, -0.005021862, -0.0053160335, -0.0054559787, -0.0057230503, -0.005975596, -0.0062174792, -0.006335825, -0.006568375, -0.006795421, -0.0069063283, -0.007120469, -0.007319035, -0.007410345, -0.007572027, -0.007700497, -0.00779024, -0.00781973, -0.007847083, -0.0078351535, -0.00781599, -0.0077561163, -0.0076743015, -0.007578469, -0.0075279125, -0.0074256607, -0.0073265377, -0.007279072, -0.007187659, -0.007096451, -0.0070482315, -0.006939694, -0.006805071, -0.0066342927, -0.0065340754, -0.006306425, -0.0060523096, -0.00592077, -0.0056608985, -0.0054210555, -0.0052140034, -0.00512438, -0.004969587, -0.0048362133, -0.0047723767, -0.0046392786, -0.0044887103, -0.004404619, -0.0042194687, -0.004019047, -0.0038198181, -0.0037265234, -0.003563074, -0.0034378949, -0.0033898589, -0.0033172213, -0.0032607075, -0.0032012342, -0.0031663221, -0.003082456, -0.0029823047, -0.00292872, -0.0028215046, -0.0027207353, -0.002628732, -0.0025845254, -0.0024927198, -0.0023823415, -0.002315869, -0.0021569212, -0.0019682427, -0.0018669273, -0.001662348, -0.0014646584, -0.0012751969, -0.0011819517, -0.0010019495, -0.00086033077, -0.0008209904, -0.0007843323, 0, 0, 0, 0, 0, 0, 0, 0, 0, 0, 0, 0, 0, 0, 0, 0, 0, 0, 0, 0, 0, 0, 0, 0, 0, 0, 0, 0, 0, 0, 0, 0, 0, 0, 0, 0, 0, 0, 0, 0, 0, 0, 0, 0, 0, 0, 0, 0, 0, 0, 0, 0, 0, 0, 0, 0, 0, 0, 0
-0.0013710482, -0.0013945808, -0.0016629798, -0.0020875633, -0.0023149909, -0.0027659258, -0.0032005808, -0.003411511, -0.0038215355, -0.0042162514, -0.004594964, -0.004777567, -0.0051265974, -0.0054513654, -0.0056037544, -0.005887939, -0.0061466782, -0.0063840705, -0.0064963, -0.0067097917, -0.006909484, -0.0070039458, -0.007180637, -0.0073364987, -0.007405137, -0.0075207897, -0.0076047974, -0.007656335, -0.0076701483, -0.0076755234, -0.0076550758, -0.0076369243, -0.007587708, -0.007524829, -0.007451297, -0.007410768, -0.007322623, -0.0072241006, -0.0071702055, -0.0070509803, -0.006912533, -0.0068347235, -0.006659761, -0.0064585092, -0.0062338635, -0.006115316, -0.005873332, -0.005636626, -0.00552478, -0.00531902, -0.0051407786, -0.004986997, -0.0049162256, -0.0047788317, -0.004635564, -0.00455858, -0.004390568, -0.0042066714, -0.004111232, -0.003920154, -0.0037408813, -0.0035867644, -0.0035220408, -0.0034192007, -0.0033462779, -0.0033168963, -0.0032615017, -0.0031971612, -0.0031130505, -0.0030633349, -0.002953092, -0.0028378144, -0.002781875, -0.00267834, -0.0025860684, -0.0024987059, -0.0024530168, -0.002349739, -0.0022209934, -0.0021461605, -0.0019777361, -0.001794747, -0.0017016846, -0.0015175631, -0.001335566, -0.0011480758, -0.0010498747, -0.00084831484, -0.00066155515, -0.0005865815, -0.0005026138, -0.0005634978, 0, 0, 0, 0, 0, 0, 0, 0, 0, 0, 0, 0, 0, 0, 0, 0, 0, 0, 0, 0, 0, 0, 0, 0, 0, 0, 0, 0, 0, 0, 0, 0, 0, 0, 0, 0, 0, 0, 0, 0, 0, 0, 0, 0, 0, 0, 0, 0, 0, 0, 0, 0, 0, 0, 0, 0, 0, 0
-0.0013451793, -0.0013688435, -0.0016333647, -0.0020497541, -0.0022725884, -0.0027150884, -0.0031435525, -0.0033527233, -0.0037624144, -0.0041614096, -0.0045481934, -0.0047358144, -0.0050956556, -0.005429964, -0.0055855117, -0.005871037, -0.0061221803, -0.006341411, -0.006440588, -0.0066202716, -0.0067778, -0.0068489057, -0.006976554, -0.007083868, -0.007129668, -0.007204994, -0.0072590224, -0.007293669, -0.0073041334, -0.0073130904, -0.007307511, -0.0072996053, -0.00727332, -0.007231368, -0.0071708946, -0.007132518, -0.0070365965, -0.0069122817, -0.0068385922, -0.0066680275, -0.0064674783, -0.0063575855, -0.0061233565, -0.005879912, -0.0056405813, -0.0055268114, -0.0053180917, -0.0051398044, -0.0050617177, -0.004923673, -0.004799068, -0.004674034, -0.0046073277, -0.0044592796, -0.0042895977, -0.0041978797, -0.0040075732, -0.0038200326, -0.003731661, -0.0035736973, -0.003447034, -0.0033532472, -0.0033170031, -0.0032589096, -0.0032066486, -0.0031776156, -0.003106016, -0.0030118949, -0.0028981415, -0.002837084, -0.0027156963, -0.0026036953, -0.002553591, -0.0024635817, -0.002379311, -0.0022875147, -0.0022348005, -0.0021095679, -0.0019583758, -0.0018752107, -0.0017006928, -0.0015241522, -0.0014377201, -0.0012668516, -0.0010926201, -0.00090636575, -0.00080715754, -0.0006024485, -0.00040559913, -0.00031886462, -0.0001839704, -0.000106108775, 0, 0, 0, 0, 0, 0, 0, 0, 0, 0, 0, 0, 0, 0, 0, 0, 0, 0, 0, 0, 0, 0, 0, 0, 0, 0, 0, 0, 0, 0, 0, 0, 0, 0, 0, 0, 0, 0, 0, 0, 0, 0, 0, 0, 0, 0, 0, 0, 0, 0, 0, 0, 0, 0, 0, 0, 0, 0
-0.0013153884, -0.0013394989, -0.0015991636, -0.0020038637, -0.0022187242, -0.0026417656, -0.0030474947, -0.0032439297, -0.0036262476, -0.003996469, -0.0043548504, -0.0045291116, -0.00486484, -0.005179199, -0.005326501, -0.005597418, -0.0058345622, -0.0060389047, -0.0061295154, -0.006289473, -0.0064238375, -0.0064825863, -0.006584478, -0.006667704, -0.006702356, -0.006759175, -0.00680071, -0.006829268, -0.0068389354, -0.006849381, -0.006847402, -0.006840462, -0.006812962, -0.0067629726, -0.006685393, -0.006635026, -0.0065086223, -0.006346978, -0.006253255, -0.006043105, -0.00581029, -0.0056891064, -0.0054464713, -0.0052162968, -0.00501249, -0.0049233614, -0.0047718044, -0.0046507916, -0.0045978827, -0.004496507, -0.004387323, -0.0042585074, -0.0041849236, -0.0040209345, -0.0038430784, -0.0037535317, -0.0035830375, -0.0034363696, -0.0033747072, -0.0032769917, -0.0032100375, -0.003162549, -0.0031413771, -0.0030934573, -0.003027596, -0.002985858, -0.002884329, -0.002765213, -0.0026404595, -0.0025801426, -0.0024699343, -0.0023755098, -0.002332963, -0.0022497803, -0.002156966, -0.0020411008, -0.0019725119, -0.0018152009, -0.0016395228, -0.00154901, -0.0013697401, -0.0011987018, -0.0011160052, -0.0009513418, -0.0007793925, -0.0005947841, -0.0004984864, -0.0003045348, -0.00012054453, -3.6977086e-05, 0.000111868714, 0.00025766628, 0.0005428833, 0.000645581, 0, 0, 0, 0, 0, 0, 0, 0, 0, 0, 0, 0, 0, 0, 0, 0, 0, 0, 0, 0, 0, 0, 0, 0, 0, 0, 0, 0, 0, 0, 0, 0, 0, 0, 0, 0, 0, 0, 0, 0, 0, 0, 0, 0, 0, 0, 0, 0, 0, 0, 0, 0, 0, 0, 0, 0
-0.0012670803, -0.001291725, -0.0015448995, -0.0019342625, -0.0021386151, -0.0025354126, -0.0029072468, -0.0030839324, -0.0034219767, -0.0037427791, -0.00404999, -0.0041992315, -0.0044888086, -0.0047653737, -0.004897497, -0.00514648, -0.005372099, -0.0055724857, -0.0056630312, -0.0058243363, -0.005960772, -0.0060199075, -0.0061212787, -0.006201203, -0.0062334267, -0.006283149, -0.0063142423, -0.006328531, -0.0063296733, -0.0063193487, -0.0062904153, -0.00626796, -0.0062044756, -0.006114655, -0.0059966156, -0.005927252, -0.0057689985, -0.0055871634, -0.0054893084, -0.00528497, -0.005078206, -0.0049771685, -0.0047862153, -0.004616957, -0.004473809, -0.004411793, -0.0043031066, -0.0042048143, -0.0041557117, -0.0040498637, -0.0039274334, -0.0037874186, -0.0037126322, -0.0035600136, -0.0034151303, -0.0033500465, -0.0032406154, -0.0031621354, -0.0031337684, -0.0030929616, -0.0030625518, -0.003027242, -0.003003135, -0.0029354785, -0.0028412214, -0.0027859495, -0.0026665216, -0.0025453046, -0.0024340285, -0.0023837362, -0.0022935946, -0.0022109335, -0.0021683816, -0.0020703557, -0.001945366, -0.0017895824, -0.0017012384, -0.0015124731, -0.0013199197, -0.0012263483, -0.0010487193, -0.00088335277, -0.0008032102, -0.0006418496, -0.00047322322, -0.00029730223, -0.00020894129, -3.841763e-05, 0.000114642295, 0.0001824808, 0.00030400444, 0.00042397252, 0.0005887592, 0.00068100204, 0, 0, 0, 0, 0, 0, 0, 0, 0, 0, 0, 0, 0, 0, 0, 0, 0, 0, 0, 0, 0, 0, 0, 0, 0, 0, 0, 0, 0, 0, 0, 0, 0, 0, 0, 0, 0, 0, 0, 0, 0, 0, 0, 0, 0, 0, 0, 0, 0, 0, 0, 0, 0, 0, 0, 0
-0.0011924657, -0.0012178893, -0.0014634136, -0.0018353073, -0.00202854, -0.0023987922, -0.0027378586, -0.0028959308, -0.003191988, -0.0034663014, -0.0037247182, -0.0038495576, -0.0040931054, -0.004330137, -0.0044460907, -0.004671536, -0.0048850724, -0.00508235, -0.0051737493, -0.0053393045, -0.005480505, -0.00554145, -0.005644259, -0.0057210447, -0.005749707, -0.0057869675, -0.0057984293, -0.0057849176, -0.0057688756, -0.0057185735, -0.0056430735, -0.0055959867, -0.00548288, -0.0053481916, -0.0051970435, -0.0051175375, -0.0049551926, -0.0047942135, -0.004716219, -0.0045683123, -0.0044349586, -0.0043741856, -0.004263122, -0.0041632825, -0.0040693595, -0.004022804, -0.0039257873, -0.003820317, -0.0037633493, -0.0036419334, -0.0035145183, -0.0033892018, -0.0033303946, -0.0032264595, -0.0031475117, -0.0031186237, -0.0030808316, -0.0030615968, -0.0030548002, -0.0030385721, -0.0030074867, -0.002951772, -0.0029132038, -0.0028176513, -0.0027043803, -0.0026456558, -0.0025315834, -0.0024287708, -0.002338879, -0.0022974364, -0.002214409, -0.0021206602, -0.0020652073, -0.0019308527, -0.0017644387, -0.0015730738, -0.001472142, -0.0012701155, -0.0010788321, -0.0009890177, -0.0008213716, -0.00066398457, -0.00058671035, -0.00043011925, -0.00026953127, -0.00011109006, -3.4952536e-05, 0.000103421895, 0.00022004874, 0.00027008608, 0.00035781335, 0.00044440635, 0.0005555797, 0.00062332005, 0.0007566113, 0, 0, 0, 0, 0, 0, 0, 0, 0, 0, 0, 0, 0, 0, 0, 0, 0, 0, 0, 0, 0, 0, 0, 0, 0, 0, 0, 0, 0, 0, 0, 0, 0, 0, 0, 0, 0, 0, 0, 0, 0, 0, 0, 0, 0, 0, 0, 0, 0, 0, 0, 0, 0, 0, 0
-0.0010937571, -0.0011200887, -0.0013568668, -0.0017105136, -0.0018931492, -0.0022408795, -0.002556361, -0.0027020136, -0.0029720324, -0.0032184822, -0.003446965, -0.0035560518, -0.0037675458, -0.0039730864, -0.0040742005, -0.0042728963, -0.004463907, -0.004642733, -0.0047257673, -0.0048759575, -0.0050017033, -0.005054732, -0.005140296, -0.0051978, -0.005215798, -0.0052296156, -0.0052138017, -0.005169421, -0.0051366882, -0.0050512836, -0.004941653, -0.0048790127, -0.0047422317, -0.0045973537, -0.0044541243, -0.0043861214, -0.004262703, -0.004159688, -0.004116266, -0.004044672, -0.003988951, -0.003964243, -0.0039155907, -0.0038591123, -0.0037888684, -0.003747362, -0.0036519533, -0.003544859, -0.003489408, -0.0033817058, -0.003286257, -0.0032111374, -0.0031829285, -0.0031459944, -0.0031328227, -0.0031328506, -0.0031389897, -0.003140081, -0.0031339948, -0.0031028313, -0.0030426052, -0.0029562502, -0.0029055653, -0.0027957484, -0.0026861331, -0.002634524, -0.002540244, -0.0024566473, -0.0023746695, -0.002331191, -0.002230428, -0.0021036225, -0.0020284906, -0.0018561229, -0.0016627413, -0.0014614952, -0.0013623749, -0.0011736955, -0.0010018336, -0.0009214928, -0.00076843885, -0.00061943097, -0.00054458267, -0.000394179, -0.00024675194, -0.000110456975, -4.8734568e-05, 5.8130543e-05, 0.0001439856, 0.00018022412, 0.00024591084, 0.00031388138, 0.00039763315, 0.00044558413, 0.0005258116, 0, 0, 0, 0, 0, 0, 0, 0, 0, 0, 0, 0, 0, 0, 0, 0, 0, 0, 0, 0, 0, 0, 0, 0, 0, 0, 0, 0, 0, 0, 0, 0, 0, 0, 0, 0, 0, 0, 0, 0, 0, 0, 0, 0, 0, 0, 0, 0, 0, 0, 0, 0, 0, 0, 0
-0.0009806474, -0.001007902, -0.0012348641, -0.0015697356, -0.0017424605, -0.0020718249, -0.0023719254, -0.0025109649, -0.002769808, -0.0030061018, -0.0032229673, -0.0033248584, -0.0035177998, -0.003698707, -0.003785188, -0.003950644, -0.0041048615, -0.004244557, -0.0043074368, -0.0044167317, -0.0045021945, -0.004535911, -0.0045849364, -0.0046097245, -0.004613102, -0.0046019196, -0.0045666336, -0.0045090434, -0.004472392, -0.0043854625, -0.0042849057, -0.0042315642, -0.00412392, -0.004021886, -0.0039334064, -0.003896104, -0.0038370183, -0.0037979486, -0.003784939, -0.003767659, -0.0037544775, -0.00374675, -0.003723713, -0.00368526, -0.0036304307, -0.0035979452, -0.0035267132, -0.003455701, -0.0034234626, -0.0033715193, -0.00334073, -0.0033316587, -0.0033343432, -0.0033496274, -0.003369773, -0.003377881, -0.0033823925, -0.0033619592, -0.003340281, -0.0032745989, -0.0031849658, -0.003082645, -0.0030307097, -0.0029302328, -0.002839708, -0.0027984253, -0.0027193082, -0.0026367123, -0.0025388924, -0.0024811272, -0.0023451715, -0.002181885, -0.002091933, -0.0019025914, -0.0017124492, -0.0015318692, -0.001447409, -0.0012896879, -0.0011435216, -0.0010723582, -0.0009301007, -0.00078477897, -0.00071136776, -0.00056784664, -0.00043511685, -0.00032135806, -0.00027242317, -0.00018940946, -0.0001222758, -9.272427e-05, -3.5334426e-05, 2.656981e-05, 9.668489e-05, 0.00013068419, 0.00016193229, 2.7180191e-05, 0, 0, 0, 0, 0, 0, 0, 0, 0, 0, 0, 0, 0, 0, 0, 0, 0, 0, 0, 0, 0, 0, 0, 0, 0, 0, 0, 0, 0, 0, 0, 0, 0, 0, 0, 0, 0, 0, 0, 0, 0, 0, 0, 0, 0, 0, 0, 0, 0, 0, 0, 0, 0, 0
-0.0008671122, -0.0008953835, -0.001112678, -0.0014285633, -0.0015913734, -0.0019028966, -0.002189191, -0.0023230347, -0.002574461, -0.0028051625, -0.0030154714, -0.0031127378, -0.0032916707, -0.003449604, -0.003521045, -0.0036498953, -0.0037606778, -0.0038523695, -0.0038905086, -0.003950168, -0.0039893496, -0.0040018554, -0.004015201, -0.0040144334, -0.004009265, -0.0039905026, -0.0039613983, -0.0039232937, -0.0039017012, -0.0038557611, -0.003809938, -0.0037882703, -0.0037501983, -0.0037210416, -0.0037030443, -0.003697938, -0.0036936128, -0.003694492, -0.0036956456, -0.0036963185, -0.0036925082, -0.0036881566, -0.0036743088, -0.0036546362, -0.0036335092, -0.0036243736, -0.0036115681, -0.0036105893, -0.0036159132, -0.0036379797, -0.0036722657, -0.003712055, -0.0037312165, -0.0037617912, -0.0037740807, -0.00377098, -0.0037429337, -0.0036854206, -0.003647128, -0.0035578837, -0.0034615253, -0.0033695695, -0.0033267536, -0.0032483554, -0.003175753, -0.0031388388, -0.0030559588, -0.0029525163, -0.0028220855, -0.0027467364, -0.0025791042, -0.0023977198, -0.0023058273, -0.0021285254, -0.0019667242, -0.001821826, -0.0017546554, -0.0016256728, -0.0014958226, -0.0014282947, -0.0012873274, -0.0011414457, -0.0010698006, -0.000934474, -0.00081756205, -0.0007218939, -0.00068184873, -0.0006129169, -0.00055295834, -0.000524371, -0.00046628097, -0.00040545774, -0.00034503682, -0.00032114584, -0.00032762735, -0.000571608, -0.0009049746, 0, 0, 0, 0, 0, 0, 0, 0, 0, 0, 0, 0, 0, 0, 0, 0, 0, 0, 0, 0, 0, 0, 0, 0, 0, 0, 0, 0, 0, 0, 0, 0, 0, 0, 0, 0, 0, 0, 0, 0, 0, 0, 0, 0, 0, 0, 0, 0, 0, 0, 0, 0, 0
-0.000762918, -0.00079284393, -0.0010025224, -0.0013003042, -0.0014526669, -0.0017437062, -0.002011187, -0.0021368982, -0.002373624, -0.0025908598, -0.0027877176, -0.0028778105, -0.0030399552, -0.0031765702, -0.0032354721, -0.0033352645, -0.0034132337, -0.0034706048, -0.0034920955, -0.003521796, -0.003537202, -0.0035411508, -0.0035450493, -0.0035464608, -0.0035469127, -0.0035486065, -0.0035523889, -0.0035593784, -0.0035647254, -0.0035793555, -0.0036005217, -0.0036134787, -0.003642627, -0.0036738405, -0.0037044282, -0.0037184684, -0.0037415477, -0.0037574132, -0.0037626713, -0.0037694753, -0.0037741887, -0.0037772907, -0.0037877732, -0.0038084113, -0.0038431713, -0.0038663675, -0.0039237137, -0.003992506, -0.0040293294, -0.0041035796, -0.0041706585, -0.0042219744, -0.004238908, -0.0042523495, -0.0042358004, -0.0042166137, -0.0041593, -0.0040837927, -0.004042243, -0.0039584204, -0.003881391, -0.003814011, -0.0037829026, -0.0037203121, -0.0036490578, -0.0036064258, -0.0035022441, -0.0033692117, -0.0032115825, -0.003125914, -0.0029499233, -0.0027779955, -0.0026972631, -0.002549995, -0.00242065, -0.0023031938, -0.0022455403, -0.0021263028, -0.001996477, -0.0019271201, -0.0017829738, -0.0016394133, -0.001571839, -0.0014498652, -0.0013488124, -0.0012676002, -0.0012324981, -0.0011685684, -0.0011081268, -0.0010780859, -0.0010181202, -0.00095782045, -0.0009000908, -0.00087515026, -0.00085270155, -0.0009278359, -0.0010234548, -0.0012707139, 0, 0, 0, 0, 0, 0, 0, 0, 0, 0, 0, 0, 0, 0, 0, 0, 0, 0, 0, 0, 0, 0, 0, 0, 0, 0, 0, 0, 0, 0, 0, 0, 0, 0, 0, 0, 0, 0, 0, 0, 0, 0, 0, 0, 0, 0, 0, 0, 0, 0, 0, 0
-0.0006672826, -0.0006995657, -0.00090397237, -0.0011860343, -0.001328143, -0.0015969834, -0.0018416021, -0.0019557418, -0.002169248, -0.0023642646, -0.002540571, -0.0026214276, -0.002767304, -0.0028907266, -0.0029436264, -0.0030336124, -0.0031046695, -0.0031594925, -0.0031817409, -0.003218329, -0.0032473486, -0.0032608763, -0.0032885596, -0.0033198006, -0.0033372946, -0.0033758294, -0.003419676, -0.0034695193, -0.003496804, -0.003555854, -0.00361884, -0.0036510401, -0.0037138446, -0.0037717388, -0.0038220244, -0.0038437298, -0.003881007, -0.003912594, -0.0039274413, -0.0039589508, -0.003997468, -0.004020875, -0.004078194, -0.0041519655, -0.0042413045, -0.004290219, -0.0043926723, -0.0044940854, -0.004541151, -0.0046231328, -0.0046825786, -0.0047146906, -0.004719573, -0.0047087744, -0.0046741324, -0.004650061, -0.0045940294, -0.0045337672, -0.0045042033, -0.0044487542, -0.004398635, -0.004349435, -0.004322131, -0.004256068, -0.0041680504, -0.0041141375, -0.003986921, -0.0038384583, -0.0036788147, -0.0035983205, -0.0034425918, -0.0033005872, -0.0032362028, -0.0031175094, -0.0030063277, -0.0028937028, -0.0028344789, -0.0027069193, -0.0025689027, -0.0024976642, -0.0023570696, -0.0022268826, -0.002168378, -0.0020660658, -0.0019821387, -0.0019107446, -0.0018778797, -0.0018143336, -0.0017517192, -0.0017206626, -0.0016590543, -0.001598174, -0.0015336141, -0.0014983458, -0.0014234299, -0.0013692563, -0.0013764602, -0.0015892873, 0, 0, 0, 0, 0, 0, 0, 0, 0, 0, 0, 0, 0, 0, 0, 0, 0, 0, 0, 0, 0, 0, 0, 0, 0, 0, 0, 0, 0, 0, 0, 0, 0, 0, 0, 0, 0, 0, 0, 0, 0, 0, 0, 0, 0, 0, 0, 0, 0, 0, 0, 0
-0.00057078473, -0.0006057776, -0.0008072723, -0.0010772488, -0.0012115183, -0.0014619805, -0.0016866045, -0.0017901491, -0.0019821706, -0.0021565666, -0.0023156134, -0.0023899816, -0.0025283638, -0.002652298, -0.0027088167, -0.0028113252, -0.0029019257, -0.0029832707, -0.0030207238, -0.0030915497, -0.0031584138, -0.0031912122, -0.0032572045, -0.0033242374, -0.0033581967, -0.003426092, -0.0034942806, -0.003563676, -0.003598802, -0.0036703628, -0.0037427451, -0.003778651, -0.0038485203, -0.0039152163, -0.003978349, -0.0040089986, -0.004071232, -0.004137448, -0.004173273, -0.0042516734, -0.0043407655, -0.004389037, -0.004492349, -0.0046027103, -0.004715981, -0.0047712214, -0.004874482, -0.0049624075, -0.004998699, -0.0050537223, -0.0050850767, -0.005093979, -0.0050910553, -0.0050749294, -0.005050307, -0.005036962, -0.005010505, -0.0049849413, -0.0049718847, -0.004943424, -0.0049061566, -0.0048538013, -0.004820127, -0.004735626, -0.004628449, -0.004567849, -0.0044373097, -0.004303065, -0.004172867, -0.0041109193, -0.0039949673, -0.0038877183, -0.0038358977, -0.0037314096, -0.0036195465, -0.0034956695, -0.003429674, -0.0032921056, -0.003154604, -0.0030885306, -0.0029675183, -0.002864578, -0.002819539, -0.0027403794, -0.002670966, -0.002606079, -0.0025740054, -0.0025097074, -0.0024457371, -0.0024140829, -0.0023516826, -0.002285173, -0.0022049327, -0.002155826, -0.0020375818, -0.0019240525, -0.0019076809, -0.0021584416, -0.003357679, -0.003850625, 0, 0, 0, 0, 0, 0, 0, 0, 0, 0, 0, 0, 0, 0, 0, 0, 0, 0, 0, 0, 0, 0, 0, 0, 0, 0, 0, 0, 0, 0, 0, 0, 0, 0, 0, 0, 0, 0, 0, 0, 0, 0, 0, 0, 0, 0, 0, 0, 0, 0
-0.00046571592, -0.0005041984, -0.00070563355, -0.0009680828, -0.0010979524, -0.0013388238, -0.0015528895, -0.0016513222, -0.0018336695, -0.0019995864, -0.0021535985, -0.0022275473, -0.0023704446, -0.0025073055, -0.0025738603, -0.0027015954, -0.0028226653, -0.0029374505, -0.0029924833, -0.003098073, -0.0031984362, -0.003246821, -0.0033397872, -0.003427586, -0.003469282, -0.0035483127, -0.0036222916, -0.0036935343, -0.0037285767, -0.0037993293, -0.00387181, -0.003908999, -0.003986277, -0.004067676, -0.0041543534, -0.0042004026, -0.0042986507, -0.0044066035, -0.004464051, -0.004584455, -0.004708317, -0.0047700936, -0.004890241, -0.0050018225, -0.0051006023, -0.005143593, -0.0052151093, -0.005266443, -0.0052848062, -0.005309165, -0.005320828, -0.0053251237, -0.005326133, -0.005328581, -0.0053340155, -0.0053373384, -0.0053430684, -0.0053422623, -0.0053372695, -0.005313479, -0.005267698, -0.005198088, -0.005155706, -0.005058884, -0.004952578, -0.004899109, -0.0047963783, -0.004703833, -0.0046223463, -0.004584279, -0.0045086043, -0.0044272784, -0.00438215, -0.0042796917, -0.0041612242, -0.0040304656, -0.0039634886, -0.003834167, -0.003719107, -0.0036688591, -0.00358341, -0.0035142559, -0.0034832915, -0.0034242996, -0.0033651122, -0.0033029579, -0.0032712342, -0.0032070547, -0.0031436179, -0.0031118693, -0.003044855, -0.0029646684, -0.0028583978, -0.0027914434, -0.0026287215, -0.002452157, -0.002384538, -0.0023958613, -0.0027557148, -0.0029960119, 0, 0, 0, 0, 0, 0, 0, 0, 0, 0, 0, 0, 0, 0, 0, 0, 0, 0, 0, 0, 0, 0, 0, 0, 0, 0, 0, 0, 0, 0, 0, 0, 0, 0, 0, 0, 0, 0, 0, 0, 0, 0, 0, 0, 0, 0, 0, 0, 0, 0
-0.00035575352, -0.00039813545, -0.00060118764, -0.0008596484, -0.0009872216, -0.001224472, -0.0014367207, -0.0015349052, -0.0017178821, -0.0018867702, -0.002046414, -0.0021245703, -0.0022793356, -0.0024331182, -0.002509357, -0.0026590102, -0.0028025035, -0.0029379157, -0.003002591, -0.003125174, -0.0032397136, -0.003293805, -0.0033957886, -0.0034893216, -0.0035329757, -0.0036153921, -0.0036934644, -0.0037699603, -0.0038086511, -0.0038881898, -0.0039725923, -0.004017128, -0.004111674, -0.0042138877, -0.0043240814, -0.0043820175, -0.004503155, -0.0046296287, -0.0046939366, -0.004821801, -0.00494299, -0.004999174, -0.0051005306, -0.005184492, -0.0052494854, -0.0052746437, -0.0053127375, -0.005336977, -0.0053458186, -0.0053610993, -0.005377369, -0.005397778, -0.005410157, -0.005437904, -0.0054658917, -0.0054779714, -0.0054925927, -0.0054887864, -0.00547852, -0.005440227, -0.005379356, -0.005303091, -0.0052622105, -0.0051810113, -0.0051074675, -0.005075603, -0.005022076, -0.004981602, -0.0049459077, -0.0049267733, -0.00487929, -0.0048133563, -0.0047724005, -0.0046758144, -0.004565202, -0.0044521685, -0.004398776, -0.0043056915, -0.00423435, -0.0042062355, -0.0041616536, -0.004123539, -0.004103703, -0.0040583047, -0.004004546, -0.00394519, -0.0039142882, -0.0038522868, -0.0037891995, -0.0037556866, -0.0036770164, -0.003572637, -0.0034277404, -0.003336804, -0.0031156882, -0.0028503155, -0.002709219, -0.002448348, -0.0022869045, -0.002264558, 0, 0, 0, 0, 0, 0, 0, 0, 0, 0, 0, 0, 0, 0, 0, 0, 0, 0, 0, 0, 0, 0, 0, 0, 0, 0, 0, 0, 0, 0, 0, 0, 0, 0, 0, 0, 0, 0, 0, 0, 0, 0, 0, 0, 0, 0, 0, 0, 0, 0
-0.00024703698, -0.00029344865, -0.0004976289, -0.00075015373, -0.0008740968, -0.0011057508, -0.0013153941, -0.0014135712, -0.0015987417, -0.0017733494, -0.0019413866, -0.0020241702, -0.0021897263, -0.0023551795, -0.0024369035, -0.0025968966, -0.0027489064, -0.002890119, -0.0029567855, -0.0030824014, -0.0031993473, -0.00325494, -0.0033606533, -0.0034600243, -0.0035075692, -0.0036005017, -0.0036919068, -0.0037841992, -0.0038311966, -0.003927324, -0.004027381, -0.004078709, -0.0041838754, -0.004292059, -0.004401283, -0.0044560945, -0.0045650564, -0.0046712114, -0.0047224863, -0.00481919, -0.0049051624, -0.0049432167, -0.0050084214, -0.0050594346, -0.005097733, -0.0051134704, -0.005140383, -0.0051657795, -0.005178964, -0.0052093207, -0.0052449997, -0.0052843094, -0.0053037684, -0.005339202, -0.00536335, -0.0053691505, -0.0053655445, -0.0053413413, -0.005322202, -0.005274204, -0.00521874, -0.0051655574, -0.0051427553, -0.005107227, -0.005086689, -0.0050816517, -0.0050782072, -0.005077985, -0.005071772, -0.0050630933, -0.005031338, -0.0049796076, -0.004947442, -0.0048748823, -0.0048008943, -0.004736628, -0.0047110063, -0.00467466, -0.004655683, -0.0046504186, -0.004640934, -0.0046247724, -0.0046120975, -0.004576101, -0.004528736, -0.004475169, -0.0044469675, -0.0043891007, -0.0043238676, -0.004285317, -0.004186992, -0.0040492094, -0.003859675, -0.0037432848, -0.0034648648, -0.0031274487, -0.0029403013, -0.0025608626, -0.0022990634, -0.0023179157, -0.0031088283, 0, 0, 0, 0, 0, 0, 0, 0, 0, 0, 0, 0, 0, 0, 0, 0, 0, 0, 0, 0, 0, 0, 0, 0, 0, 0, 0, 0, 0, 0, 0, 0, 0, 0, 0, 0, 0, 0, 0, 0, 0, 0, 0, 0, 0, 0, 0, 0, 0
-0.00013376618, -0.00018405891, -0.00038607605, -0.0006262249, -0.00074278435, -0.000960717, -0.0011605654, -0.0012556048, -0.0014385526, -0.001615401, -0.0017886605, -0.0018744495, -0.0020454046, -0.002215012, -0.0022984948, -0.0024607156, -0.0026136637, -0.0027556077, -0.0028229733, -0.0029512604, -0.003073033, -0.003132258, -0.0032479446, -0.0033602794, -0.0034151648, -0.0035232254, -0.0036283175, -0.0037309655, -0.0037812358, -0.0038801967, -0.003976272, -0.00402288, -0.0041126683, -0.004196434, -0.004273053, -0.004308503, -0.004374134, -0.0044336156, -0.0044607148, -0.0045102206, -0.0045530945, -0.0045724222, -0.0046083136, -0.0046422915, -0.004676501, -0.0046945848, -0.004734556, -0.004779946, -0.004804335, -0.004854327, -0.0049016527, -0.0049410486, -0.004955608, -0.0049725063, -0.004971289, -0.0049639856, -0.004938831, -0.00490563, -0.0048883124, -0.0048581497, -0.0048388666, -0.0048350357, -0.0048392992, -0.004858187, -0.004886366, -0.0049019135, -0.0049306517, -0.004951561, -0.004958559, -0.0049563, -0.0049399096, -0.0049136793, -0.004899601, -0.0048746862, -0.004861043, -0.004864011, -0.004871255, -0.00489486, -0.0049226554, -0.004935258, -0.0049522477, -0.004953426, -0.0049474696, -0.0049236375, -0.0048885103, -0.0048465137, -0.0048229126, -0.004767808, -0.004694946, -0.004647879, -0.004523141, -0.004349957, -0.004120733, -0.003984861, -0.003670081, -0.0033032976, -0.003105265, -0.002709154, -0.002406605, -0.0023481462, -0.002497702, -0.0026663225, 0, 0, 0, 0, 0, 0, 0, 0, 0, 0, 0, 0, 0, 0, 0, 0, 0, 0, 0, 0, 0, 0, 0, 0, 0, 0, 0, 0, 0, 0, 0, 0, 0, 0, 0, 0, 0, 0, 0, 0, 0, 0, 0, 0, 0, 0, 0, 0
2.5734798e-06, -5.157019e-05, -0.00024680552, -0.00046731273, -0.00057272374, -0.0007702259, -0.0009554725, -0.0010450949, -0.001221952, -0.0013971796, -0.0015717025, -0.0016586084, -0.0018314883, -0.00200141, -0.0020844054, -0.0022451198, -0.0023972385, -0.0025405267, -0.0026093458, -0.0027426335, -0.0028724435, -0.002936317, -0.003062704, -0.0031858098, -0.0032452028, -0.003358422, -0.0034618352, -0.0035537344, -0.0035951945, -0.0036700782, -0.0037350447, -0.0037637863, -0.003813478, -0.0038525574, -0.0038812433, -0.003892274, -0.00390916, -0.0039229053, -0.00392941, -0.003942813, -0.003960194, -0.003970974, -0.00399862, -0.0040354077, -0.00408141, -0.004107298, -0.0041641444, -0.0042224107, -0.0042508724, -0.0043009305, -0.0043361844, -0.004352981, -0.0043541356, -0.0043439586, -0.0043228315, -0.0043105423, -0.004288709, -0.0042766873, -0.004276494, -0.0042890324, -0.004318858, -0.0043638195, -0.004389928, -0.0044458746, -0.0044997986, -0.0045241136, -0.0045658825, -0.004595948, -0.0046147173, -0.004621122, -0.0046319417, -0.0046476726, -0.004659999, -0.0046958067, -0.004747773, -0.004813396, -0.0048489133, -0.004919489, -0.0049823658, -0.005008874, -0.005048963, -0.005069874, -0.005073748, -0.0050698165, -0.0050535556, -0.0050246012, -0.005004367, -0.004946865, -0.0048588435, -0.004799864, -0.004646451, -0.004442562, -0.004187053, -0.004040661, -0.003713036, -0.0033451396, -0.0031500582, -0.0027533933, -0.0023874717, -0.0022354696, -0.002022754, -0.0019353883, 0, 0, 0, 0, 0, 0, 0, 0, 0, 0, 0, 0, 0, 0, 0, 0, 0, 0, 0, 0, 0, 0, 0, 0, 0, 0, 0, 0, 0, 0, 0, 0, 0, 0, 0, 0, 0, 0, 0, 0, 0, 0, 0, 0, 0, 0, 0, 0
0.0001817086, 0.00012394441, -6.197433e-05, -0.00025843267, -0.0003509692, -0.0005260233, -0.00069532776, -0.0007795448, -0.0009495539, -0.0011219964, -0.001295614, -0.0013824914, -0.0015536713, -0.0017191392, -0.0017988667, -0.0019519734, -0.0020971857, -0.0022354636, -0.002302581, -0.002434064, -0.0025635867, -0.0026277143, -0.0027533916, -0.0028733253, -0.0029294803, -0.003031643, -0.003116036, -0.0031799944, -0.003204638, -0.0032415392, -0.0032648712, -0.0032726415, -0.0032808196, -0.0032807002, -0.003273878, -0.003268882, -0.0032583324, -0.003251655, -0.0032509672, -0.0032564942, -0.0032734736, -0.0032869398, -0.003322904, -0.0033693013, -0.003421951, -0.003448992, -0.0035013873, -0.0035472012, -0.0035649939, -0.0035893992, -0.00359581, -0.003586602, -0.003577863, -0.0035586602, -0.0035457145, -0.003543684, -0.003553131, -0.0035812526, -0.0036019494, -0.0036542113, -0.0037166101, -0.0037836514, -0.003817175, -0.0038812105, -0.0039391653, -0.0039651645, -0.004012433, -0.004054736, -0.0040967995, -0.004119199, -0.0041710455, -0.004237275, -0.0042764544, -0.004366511, -0.004468547, -0.0045760055, -0.00462914, -0.00472949, -0.00481784, -0.004856088, -0.004920249, -0.0049668723, -0.004983361, -0.0050033918, -0.005004624, -0.004982425, -0.0049609737, -0.0048918985, -0.004782163, -0.0047104587, -0.0045323675, -0.0043081394, -0.004040219, -0.0038914317, -0.0035644008, -0.0032024446, -0.003010235, -0.0026081884, -0.0021947753, -0.0019915663, -0.0016198973, -0.0013494702, -0.0011922029, 0, 0, 0, 0, 0, 0, 0, 0, 0, 0, 0, 0, 0, 0, 0, 0, 0, 0, 0, 0, 0, 0, 0, 0, 0, 0, 0, 0, 0, 0, 0, 0, 0, 0, 0, 0, 0, 0, 0, 0, 0, 0, 0, 0, 0, 0, 0
0.00041146195, 0.0003494405, 0.00017418968, 4.236244e-06, -7.505339e-05, -0.00022771336, -0.000381706, -0.00046096923, -0.00062375964, -0.0007917356, -0.0009609367, -0.0010444925, -0.0012060271, -0.0013563512, -0.0014268167, -0.0015589999, -0.0016825281, -0.0018008205, -0.0018587449, -0.0019744472, -0.0020900879, -0.0021477311, -0.0022603776, -0.00236601, -0.0024143867, -0.0024981846, -0.0025609434, -0.0026011304, -0.002613433, -0.0026253175, -0.0026253664, -0.002622462, -0.002613886, -0.0026027202, -0.002591588, -0.002586957, -0.0025821226, -0.00258609, -0.0025920596, -0.0026125528, -0.002643738, -0.002662652, -0.0027051035, -0.0027488358, -0.002787383, -0.0028032577, -0.0028260895, -0.0028364833, -0.0028365585, -0.0028280318, -0.0028117166, -0.0027944255, -0.002788193, -0.0027852745, -0.0028000823, -0.0028147313, -0.002857331, -0.0029127938, -0.00294338, -0.0030057689, -0.0030669447, -0.0031248066, -0.0031526764, -0.0032066659, -0.0032608493, -0.003288865, -0.0033485135, -0.003415181, -0.0034916431, -0.0035341713, -0.0036291126, -0.003736643, -0.0037947202, -0.003916635, -0.004042827, -0.0041685253, -0.004229489, -0.0043457467, -0.004452305, -0.004501116, -0.0045883628, -0.0046584047, -0.0046854424, -0.004722019, -0.0047290847, -0.0047015757, -0.004673229, -0.0045847273, -0.0044529964, -0.004370906, -0.0041765166, -0.003944052, -0.0036755241, -0.003527965, -0.0032072964, -0.0028521263, -0.0026622135, -0.002260245, -0.0018354808, -0.0016199899, -0.0012058497, -0.0008555127, -0.00058985327, -0.0004570668, 0, 0, 0, 0, 0, 0, 0, 0, 0, 0, 0, 0, 0, 0, 0, 0, 0, 0, 0, 0, 0, 0, 0, 0, 0, 0, 0, 0, 0, 0, 0, 0, 0, 0, 0, 0, 0, 0, 0, 0, 0, 0, 0, 0, 0, 0
0.0006797314, 0.0006135965, 0.00045090105, 0.00030939566, 0.0002445934, 0.00011503367, -2.2761116e-05, -9.575174e-05, -0.00024919925, -0.00040722385, -0.00056296616, -0.00063734764, -0.000774246, -0.00089197897, -0.0009440904, -0.0010377811, -0.0011244441, -0.0012112368, -0.0012560933, -0.0013500969, -0.0014493428, -0.0015003636, -0.0016022039, -0.0016982642, -0.0017422731, -0.0018183781, -0.001876467, -0.0019166997, -0.0019313772, -0.001951359, -0.001964061, -0.0019693163, -0.0019795303, -0.0019919437, -0.0020076144, -0.0020175525, -0.0020418596, -0.0020736165, -0.0020917759, -0.002131153, -0.002171357, -0.002190551, -0.0022251485, -0.0022488895, -0.0022587767, -0.002258232, -0.0022462446, -0.00222456, -0.0022114324, -0.0021851389, -0.002164361, -0.002154728, -0.0021559403, -0.0021720477, -0.0022040305, -0.0022248153, -0.0022713551, -0.0023186808, -0.0023410297, -0.0023811273, -0.0024155602, -0.002449014, -0.002467329, -0.002511015, -0.0025675672, -0.0026017232, -0.0026825888, -0.0027785266, -0.0028864008, -0.0029441398, -0.0030653009, -0.0031915356, -0.0032554325, -0.003384254, -0.003512468, -0.003639892, -0.0037027043, -0.0038246466, -0.0039407793, -0.0039955913, -0.0040948465, -0.0041734506, -0.0042029195, -0.004236847, -0.004232583, -0.0041865576, -0.004147748, -0.004039287, -0.0038920068, -0.0038048069, -0.003605383, -0.0033738324, -0.0031107396, -0.0029666722, -0.0026539052, -0.0023080136, -0.0021236779, -0.0017361199, -0.0013326321, -0.0011299618, -0.0007387513, -0.0003873519, -7.586651e-05, 8.39489e-05, 0, 0, 0, 0, 0, 0, 0, 0, 0, 0, 0, 0, 0, 0, 0, 0, 0, 0, 0, 0, 0, 0, 0, 0, 0, 0, 0, 0, 0, 0, 0, 0, 0, 0, 0, 0, 0, 0, 0, 0, 0, 0, 0, 0, 0, 0
0.0009558405, 0.00088604185, 0.00073729386, 0.00062603486, 0.00057677884, 0.00047369403, 0.00035516405, 0.00029030026, 0.00015258153, 1.4270203e-05, -0.00011252275, -0.00016795385, -0.00025798634, -0.0003224122, -0.0003479806, -0.0003931087, -0.00044241687, -0.00050575036, -0.00054428994, -0.0006336201, -0.00073790754, -0.00079356064, -0.0009068886, -0.0010156449, -0.0010665795, -0.0011581004, -0.0012369568, -0.0013047428, -0.0013356775, -0.0013940576, -0.0014497149, -0.0014774697, -0.0015333926, -0.0015906905, -0.0016496398, -0.0016794561, -0.0017388632, -0.0017968306, -0.0018240444, -0.0018729797, -0.0019118838, -0.0019268747, -0.0019469549, -0.0019517018, -0.0019405492, -0.0019303581, -0.0019024424, -0.0018689001, -0.0018520671, -0.0018218894, -0.0017998957, -0.0017887799, -0.0017878423, -0.0017939216, -0.001806933, -0.0018141979, -0.0018273324, -0.001835938, -0.0018384653, -0.0018411792, -0.0018458652, -0.001860662, -0.0018739039, -0.0019163855, -0.0019816076, -0.0020227835, -0.002120183, -0.0022320435, -0.0023508363, -0.002411514, -0.0025325336, -0.0026522116, -0.0027114642, -0.0028296725, -0.002948398, -0.0030686401, -0.003128497, -0.0032464366, -0.0033577897, -0.0034090825, -0.0034979843, -0.0035601098, -0.0035788734, -0.003587629, -0.0035557938, -0.0034845122, -0.0034351568, -0.003311801, -0.0031580671, -0.0030701377, -0.0028731825, -0.0026460723, -0.0023883847, -0.0022482334, -0.0019447227, -0.0016140253, -0.0014405897, -0.0010840967, -0.0007246159, -0.000548835, -0.00021418835, 9.0316586e-05, 0.0003783291, 0.00053736527, 0.0009523454, 0, 0, 0, 0, 0, 0, 0, 0, 0, 0, 0, 0, 0, 0, 0, 0, 0, 0, 0, 0, 0, 0, 0, 0, 0, 0, 0, 0, 0, 0, 0, 0, 0, 0, 0, 0, 0, 0, 0, 0, 0, 0, 0, 0, 0
0.0011913165, 0.0011177788, 0.0009834474, 0.00090209267, 0.0008684538, 0.00079457794, 0.000700533, 0.00064713595, 0.0005355433, 0.00043259264, 0.00035707184, 0.00033348243, 0.00031300847, 0.00031597505, 0.00031853604, 0.00031125313, 0.00027334347, 0.00019808665, 0.00014666392, 2.1063384e-05, -0.00012725849, -0.00020614239, -0.00036372727, -0.00051274156, -0.00058137625, -0.00070725806, -0.0008202769, -0.00092694326, -0.0009794508, -0.0010848033, -0.0011918022, -0.0012461414, -0.001355009, -0.0014628196, -0.0015667087, -0.0016162749, -0.0017081206, -0.0017876623, -0.0018219386, -0.0018786831, -0.0019193126, -0.0019338571, -0.0019523656, -0.0019559772, -0.0019456341, -0.0019358738, -0.0019088952, -0.0018737124, -0.0018541095, -0.0018122417, -0.0017687094, -0.0017255368, -0.0017043747, -0.0016642254, -0.0016248401, -0.0016052792, -0.001565673, -0.0015282818, -0.0015113885, -0.0014845137, -0.0014723056, -0.0014806885, -0.0014936142, -0.0015386494, -0.0016072486, -0.0016488588, -0.0017426716, -0.0018440153, -0.0019456135, -0.0019955914, -0.002094077, -0.002191588, -0.0022405686, -0.0023408309, -0.0024443744, -0.0025497708, -0.002601616, -0.002700161, -0.002785199, -0.0028204937, -0.0028712216, -0.0028898679, -0.0028857687, -0.0028511754, -0.0027821967, -0.0026837694, -0.0026252249, -0.0024904963, -0.0023326424, -0.0022444832, -0.0020476123, -0.0018217055, -0.0015666306, -0.0014292075, -0.0011382181, -0.0008312525, -0.0006747385, -0.00036312095, -6.256502e-05, 7.9615005e-05, 0.00034243436, 0.000576136, 0.00080441416, 0.0009396666, 0.0013386591, 0, 0, 0, 0, 0, 0, 0, 0, 0, 0, 0, 0, 0, 0, 0, 0, 0, 0, 0, 0, 0, 0, 0, 0, 0, 0, 0, 0, 0, 0, 0, 0, 0, 0, 0, 0, 0, 0, 0, 0, 0, 0, 0, 0, 0
0.0013273536, 0.0012509112, 0.001122297, 0.0010626353, 0.0010440655, 0.0010031174, 0.0009454055, 0.0009118284, 0.00084608345, 0.0008021808, 0.00080138905, 0.00081919774, 0.00088021444, 0.00094236335, 0.0009601096, 0.00095020764, 0.0008734024, 0.0007354516, 0.0006475357, 0.000443142, 0.00021618661, 0.00010084685, -0.00012109476, -0.00031931006, -0.00040734507, -0.0005648785, -0.00070534716, -0.00084128464, -0.0009101041, -0.0010540948, -0.001207283, -0.001286649, -0.0014486209, -0.0016096294, -0.0017631595, -0.0018352512, -0.0019661118, -0.002076479, -0.0021232797, -0.0022006533, -0.0022581352, -0.0022799156, -0.002312029, -0.0023274235, -0.0023253916, -0.0023169979, -0.0022858786, -0.0022344794, -0.0022018382, -0.0021235878, -0.0020320485, -0.0019318934, -0.0018809132, -0.0017796571, -0.0016831635, -0.0016377136, -0.0015550075, -0.0014858603, -0.0014580282, -0.0014174476, -0.0013990392, -0.0014044651, -0.0014159146, -0.0014529723, -0.0015058758, -0.001536653, -0.0016026904, -0.0016695254, -0.0017346314, -0.0017666575, -0.001832214, -0.001901883, -0.0019387581, -0.002016272, -0.002096854, -0.002173823, -0.0022090033, -0.0022654599, -0.0022986725, -0.0023045368, -0.002292804, -0.0022481622, -0.0022139896, -0.0021256718, -0.002015444, -0.0018873416, -0.0018179123, -0.0016663637, -0.0014954859, -0.0014012451, -0.001193958, -0.00096048974, -0.00070503925, -0.0005715724, -0.00029852253, -2.5314992e-05, 0.00010858635, 0.00036493392, 0.000597805, 0.0007025699, 0.000886741, 0.0010402646, 0.0011916055, 0.0012923998, 0.0016728044, 0.00266871, 0.0030874438, 0, 0, 0, 0, 0, 0, 0, 0, 0, 0, 0, 0, 0, 0, 0, 0, 0, 0, 0, 0, 0, 0, 0, 0, 0, 0, 0, 0, 0, 0, 0, 0, 0, 0, 0, 0, 0, 0, 0, 0, 0, 0, 0
0.0013100659, 0.0012264779, 0.0010768358, 0.0010141499, 0.0010069176, 0.0010135083, 0.0010281802, 0.0010366756, 0.001059258, 0.0011034516, 0.0011901583, 0.0012499167, 0.0013742732, 0.0014474049, 0.0014475567, 0.0013699105, 0.0012023428, 0.00096759025, 0.00083070813, 0.0005316152, 0.00022134242, 7.1689254e-05, -0.00020089497, -0.00042628948, -0.0005222806, -0.00068901124, -0.00083972514, -0.0009932786, -0.0010759037, -0.0012577146, -0.0014624458, -0.0015715881, -0.0017983515, -0.0020270366, -0.0022454227, -0.0023475264, -0.0025329965, -0.0026892412, -0.0027552193, -0.002864119, -0.0029439142, -0.0029741281, -0.0030157163, -0.0030324273, -0.0030213324, -0.0030040552, -0.002945415, -0.002855302, -0.0027997005, -0.0026697656, -0.002523581, -0.0023702644, -0.0022944957, -0.002150428, -0.002020545, -0.0019624764, -0.0018609839, -0.001780624, -0.0017488607, -0.0017018452, -0.0016758097, -0.001667955, -0.0016695218, -0.0016814664, -0.0017002985, -0.0017116012, -0.0017349321, -0.0017584175, -0.0017826974, -0.001795666, -0.0018268225, -0.0018644988, -0.0018856165, -0.0019296986, -0.0019695496, -0.001996446, -0.0020017028, -0.0019917267, -0.0019500302, -0.0019172188, -0.00182846, -0.0017116898, -0.0016452523, -0.0014998004, -0.0013431452, -0.0011773887, -0.0010909007, -0.00090745103, -0.0007064914, -0.00059844827, -0.00036743822, -0.000120288125, 0.0001349484, 0.00026210735, 0.0005090559, 0.0007395422, 0.00084683154, 0.0010407747, 0.0012024968, 0.0012692638, 0.0013723824, 0.0014384029, 0.0014866637, 0.0015201243, 0.0016688332, 0.0019920561, 0.0021204487, 0, 0, 0, 0, 0, 0, 0, 0, 0, 0, 0, 0, 0, 0, 0, 0, 0, 0, 0, 0, 0, 0, 0, 0, 0, 0, 0, 0, 0, 0, 0, 0, 0, 0, 0, 0, 0, 0, 0, 0, 0, 0, 0
0.0011200794, 0.0010164971, 0.00077838515, 0.0006482118, 0.00064203655, 0.00073600217, 0.0009220154, 0.0010262787, 0.0012173336, 0.0013734698, 0.0015382775, 0.0016242135, 0.0017513734, 0.0017402361, 0.0016754013, 0.0014644106, 0.0011854181, 0.0008580308, 0.00067929423, 0.00030496126, -5.8183006e-05, -0.00022224682, -0.00049833773, -0.000707566, -0.0007937304, -0.00094921334, -0.0011081597, -0.0012943891, -0.0014021252, -0.0016484599, -0.0019320486, -0.0020836564, -0.002397117, -0.0027093906, -0.0030036774, -0.0031392092, -0.0033823838, -0.003582187, -0.0036649955, -0.0037954554, -0.0038816156, -0.003909458, -0.0039378637, -0.0039302264, -0.0038864876, -0.0038505723, -0.003750187, -0.0036164948, -0.003539163, -0.0033705584, -0.0031923987, -0.003016882, -0.002933989, -0.002782367, -0.0026523266, -0.0025956652, -0.0024976863, -0.002417662, -0.0023838824, -0.0023269008, -0.0022828677, -0.002248208, -0.0022340848, -0.002209768, -0.0021894372, -0.0021801863, -0.0021624803, -0.0021465903, -0.002133233, -0.0021280036, -0.0021206976, -0.0021153134, -0.002112112, -0.002100232, -0.002074215, -0.0020242573, -0.0019881567, -0.0018917554, -0.0017623901, -0.0016870796, -0.0015181621, -0.0013300605, -0.0012310649, -0.0010260951, -0.0008161111, -0.0005999191, -0.00048873783, -0.00025702635, -1.0388343e-05, 0.00011754699, 0.0003786588, 0.0006393233, 0.0008890065, 0.0010061838, 0.0012201238, 0.0014032143, 0.0014824327, 0.0016141043, 0.0017070061, 0.0017372773, 0.0017633449, 0.0017446927, 0.0016907791, 0.0016589868, 0.0016221136, 0.0016926437, 0.001790457, 0, 0, 0, 0, 0, 0, 0, 0, 0, 0, 0, 0, 0, 0, 0, 0, 0, 0, 0, 0, 0, 0, 0, 0, 0, 0, 0, 0, 0, 0, 0, 0, 0, 0, 0, 0, 0, 0, 0, 0, 0, 0, 0
0.0008395543, 0.0006935299, 0.00023837044, -0.00010680679, -0.00014216198, 0.000116674084, 0.0006745136, 0.000972088, 0.0014368613, 0.0017010932, 0.0019449393, 0.0020357221, 0.0020593298, 0.001815911, 0.0016285037, 0.0012421834, 0.0008719696, 0.00048452418, 0.000278735, -0.00013520916, -0.00049779704, -0.00064372947, -0.00085989037, -0.0010117873, -0.0010806607, -0.0012312842, -0.0014293817, -0.0016924248, -0.0018487049, -0.0022020307, -0.0025943746, -0.0027976327, -0.0032044486, -0.0035939715, -0.003947498, -0.004106848, -0.0043847975, -0.004603053, -0.004689356, -0.004815236, -0.0048817364, -0.004895699, -0.0048898514, -0.00484462, -0.0047630793, -0.004709904, -0.0045797965, -0.004425317, -0.0043416703, -0.0041687563, -0.0039976756, -0.0038391969, -0.0037673875, -0.0036404612, -0.0035346767, -0.0034883823, -0.0034046837, -0.0033282137, -0.003291356, -0.003220623, -0.0031538575, -0.003091941, -0.0030627423, -0.0030077065, -0.0029564805, -0.0029314687, -0.0028826466, -0.0028331615, -0.0027818328, -0.002754986, -0.0026961172, -0.0026276074, -0.002588148, -0.002495147, -0.002378245, -0.0022327083, -0.0021483854, -0.001957054, -0.0017391206, -0.0016225416, -0.0013773354, -0.0011207934, -0.0009895756, -0.00072299194, -0.0004525329, -0.00017641015, -3.529885e-05, 0.00025335985, 0.0005488628, 0.00069653767, 0.00098502, 0.0012533296, 0.0014913687, 0.0015962981, 0.0017754103, 0.0019129, 0.001966556, 0.0020436803, 0.0020785695, 0.0020784533, 0.002041313, 0.0019557143, 0.0018296075, 0.0017582511, 0.0016306889, 0.0015980529, 0.0016540989, 0.001927732, 0, 0, 0, 0, 0, 0, 0, 0, 0, 0, 0, 0, 0, 0, 0, 0, 0, 0, 0, 0, 0, 0, 0, 0, 0, 0, 0, 0, 0, 0, 0, 0, 0, 0, 0, 0, 0, 0, 0, 0, 0, 0
0.0006678602, 0.0004762471, -0.00029221113, -0.0010329172, -0.0011586442, -0.0006739135, 0.00046690414, 0.0010312988, 0.0017892938, 0.0021348428, 0.0026733647, 0.0027296816, 0.0024456377, 0.001755909, 0.0013743135, 0.00080690475, 0.0003847574, -4.6177498e-05, -0.0002740144, -0.0006989958, -0.0009891717, -0.0010719807, -0.0011639573, -0.001244653, -0.0013035677, -0.001485983, -0.0017732953, -0.002162178, -0.0023862896, -0.0028710777, -0.003372801, -0.0036205056, -0.004093487, -0.004521614, -0.0048937714, -0.0050557572, -0.0053314366, -0.0055372794, -0.005613606, -0.005714586, -0.0057509695, -0.005748405, -0.0057108332, -0.0056392755, -0.005540599, -0.0054827724, -0.0053544347, -0.005215295, -0.0051444294, -0.005005015, -0.0048765973, -0.0047648046, -0.0047167786, -0.004633695, -0.0045648543, -0.004533181, -0.0044695796, -0.004400988, -0.0043640803, -0.00428739, -0.004209243, -0.004134506, -0.0040987898, -0.0040293173, -0.0039604255, -0.003924778, -0.0038490104, -0.003763164, -0.0036627087, -0.003605901, -0.0034769524, -0.0033257185, -0.0032408244, -0.003051195, -0.00283418, -0.0025890118, -0.0024566734, -0.0021747877, -0.0018749207, -0.0017201975, -0.0014047391, -0.0010823447, -0.00091896474, -0.00058963563, -0.00025709486, 7.909045e-05, 0.0002488316, 0.00058890495, 0.0009242812, 0.0010865253, 0.0013916362, 0.0016603852, 0.0018837954, 0.0019771557, 0.0021271433, 0.0022299427, 0.0022649365, 0.0023021125, 0.0022955853, 0.0022746623, 0.0021952263, 0.0020694092, 0.001906699, 0.0018190049, 0.0016547012, 0.0015624821, 0.001572409, 0.0017526945, 0, 0, 0, 0, 0, 0, 0, 0, 0, 0, 0, 0, 0, 0, 0, 0, 0, 0, 0, 0, 0, 0, 0, 0, 0, 0, 0, 0, 0, 0, 0, 0, 0, 0, 0, 0, 0, 0, 0, 0, 0, 0
0, 0, 0, 0, 0, 0, 0, 0, 0, 0, 0.004137589, 0.003890154, 0.0029770294, 0.001659955, 0.0009548953, 0.00027281872, -0.00015833575, -0.000701126, -0.0009831366, -0.0013841086, -0.0014757469, -0.0014359498, -0.0013577696, -0.0013918477, -0.0014615227, -0.0017169376, -0.0021297948, -0.0026643623, -0.0029576328, -0.0035551838, -0.0041266284, -0.0043926253, -0.0048768427, -0.005292531, -0.0056390855, -0.005787651, -0.0060340916, -0.00621219, -0.0062757316, -0.006352095, -0.0063680024, -0.0063575087, -0.0063099707, -0.006239634, -0.0061551547, -0.006110059, -0.0060160356, -0.0059239613, -0.005880954, -0.005802871, -0.005739306, -0.005691795, -0.005673699, -0.0056457394, -0.005622604, -0.005609898, -0.005576727, -0.0055304086, -0.005502345, -0.0054390407, -0.0053722216, -0.0053054146, -0.005271641, -0.005201224, -0.005120325, -0.0050735986, -0.0049642525, -0.0048287944, -0.0046639475, -0.0045700674, -0.0043594115, -0.0041192537, -0.003988098, -0.0037058948, -0.0033979218, -0.0030656888, -0.0028918944, -0.0025319345, -0.0021595696, -0.0019707896, -0.001589128, -0.0012039442, -0.0010102766, -0.0006222085, -0.0002351004, 0.00014973279, 0.00034049692, 0.0007155284, 0.001073766, 0.0012429331, 0.0015535277, 0.0018180672, 0.0020298492, 0.002115715, 0.0022484858, 0.0023324864, 0.0023572412, 0.0023735273, 0.0023443487, 0.002311818, 0.0022118252, 0.0020698165, 0.0018987659, 0.0018082334, 0.0016344275, 0.0015072732, 0.0014808892, 0.0015480935, 0.0017635773, 0, 0, 0, 0, 0, 0, 0, 0, 0, 0, 0, 0, 0, 0, 0, 0, 0, 0, 0, 0, 0, 0, 0, 0, 0, 0, 0, 0, 0, 0, 0, 0, 0, 0, 0, 0, 0, 0, 0, 0, 0
0, 0, 0, 0, 0, 0, 0, 0, 0, 0, 0, 0, 0, 0, 2.4828869e-05, -0.0002396497, -0.0006221603, -0.0016664785, -0.0020638676, -0.00228621, -0.0019489082, -0.0017253008, -0.0015094957, -0.001542731, -0.0016330165, -0.001972737, -0.002509983, -0.0031627098, -0.0034986057, -0.004140879, -0.0047078845, -0.004958162, -0.005393342, -0.0057555074, -0.0060553458, -0.006184127, -0.0064004427, -0.0065567465, -0.006611589, -0.0066764303, -0.0066894293, -0.00668161, -0.0066495235, -0.006607912, -0.006565665, -0.006546769, -0.0065129865, -0.0064903097, -0.006484413, -0.0064844475, -0.006499488, -0.006527992, -0.006545382, -0.0065830895, -0.0066176048, -0.0066312347, -0.006645445, -0.006641326, -0.006632693, -0.0066046976, -0.0065666316, -0.006518914, -0.00649027, -0.0064175073, -0.0063174423, -0.006254409, -0.006099286, -0.0059034633, -0.005668011, -0.005536385, -0.005249351, -0.0049330555, -0.0047647953, -0.0044098077, -0.0040316386, -0.0036324933, -0.0034260226, -0.003002827, -0.002569383, -0.0023506067, -0.0019109038, -0.0014707255, -0.0012514432, -0.00081728067, -0.00039108458, 2.3375405e-05, 0.00022510512, 0.0006145341, 0.0009785561, 0.0011482596, 0.0014560898, 0.0017150779, 0.0019212026, 0.0020045761, 0.002133449, 0.0022132082, 0.0022361022, 0.0022466313, 0.0022107484, 0.0021752664, 0.0020718204, 0.001932849, 0.0017707804, 0.0016858864, 0.001520106, 0.0013816634, 0.0013356045, 0.0013236933, 0.0014475697, 0, 0, 0, 0, 0, 0, 0, 0, 0, 0, 0, 0, 0, 0, 0, 0, 0, 0, 0, 0, 0, 0, 0, 0, 0, 0, 0, 0, 0, 0, 0, 0, 0, 0, 0, 0, 0, 0, 0, 0, 0
0, 0, 0, 0, 0, 0, 0, 0, 0, 0, 0, 0, 0, 0, 0, 0, 0, -0.004034037, -0.0039462103, -0.003356301, -0.0023922543, -0.001991189, -0.0018911537, -0.0018907081, -0.0019929907, -0.0023973186, -0.0030120327, -0.0036860309, -0.0040029325, -0.0045686034, -0.0050351187, -0.005231885, -0.0055693625, -0.00585777, -0.006113208, -0.0062289527, -0.006428846, -0.0065754913, -0.0066276346, -0.0066902027, -0.006712112, -0.0067146285, -0.0067159114, -0.0067242393, -0.0067461166, -0.0067635356, -0.0068095266, -0.006873086, -0.0069120317, -0.007002982, -0.0071097384, -0.0072260215, -0.007285798, -0.007402604, -0.0075088935, -0.0075556915, -0.007632566, -0.007684711, -0.007701088, -0.0077161896, -0.0077078356, -0.007674298, -0.007645574, -0.0075600557, -0.0074289953, -0.0073450985, -0.0071395333, -0.006885657, -0.0065902057, -0.0064293984, -0.0060857856, -0.005716981, -0.005523542, -0.005119362, -0.0046931296, -0.004246564, -0.004016265, -0.0035449085, -0.0030640962, -0.002822044, -0.0023379496, -0.0018592442, -0.0016232397, -0.0011619327, -0.00071768294, -0.00029341588, -9.00509e-05, 0.00029720535, 0.00065428886, 0.00081947044, 0.0011185204, 0.0013713113, 0.001575197, 0.001658383, 0.0017897709, 0.0018740654, 0.0018982667, 0.0019117583, 0.0018798647, 0.0018471113, 0.0017539512, 0.0016315769, 0.0014930061, 0.0014210888, 0.0012797455, 0.0011549758, 0.0011070227, 0.0010635265, 0.0011193827, 0.0012241594, 0, 0, 0, 0, 0, 0, 0, 0, 0, 0, 0, 0, 0, 0, 0, 0, 0, 0, 0, 0, 0, 0, 0, 0, 0, 0, 0, 0, 0, 0, 0, 0, 0, 0, 0, 0, 0, 0, 0, 0
0, 0, 0, 0, 0, 0, 0, 0, 0, 0, 0, 0, 0, 0, 0, 0, 0, 0, 0, 0, 0, 0, -0.002905366, -0.002537134, -0.0028350179, -0.003294156, -0.0039032015, -0.004389817, -0.0045662145, -0.0048731407, -0.0051181368, -0.005217875, -0.0054103937, -0.0056214007, -0.0058488417, -0.0059610046, -0.006159122, -0.00630207, -0.006350385, -0.0064104237, -0.0064452034, -0.0064625167, -0.0065121753, -0.0065897196, -0.006697773, -0.0067619635, -0.0069066947, -0.007073182, -0.007164248, -0.0073603014, -0.007571114, -0.0077874875, -0.007894764, -0.008099787, -0.0082847355, -0.0083670365, -0.008506732, -0.008611173, -0.008649311, -0.008696621, -0.008705016, -0.008670669, -0.008635869, -0.008527478, -0.008364292, -0.008261666, -0.008015331, -0.007720984, -0.0073867072, -0.0072079967, -0.0068303575, -0.0064297137, -0.0062205354, -0.005785287, -0.0053275237, -0.0048490805, -0.0046030465, -0.0041013816, -0.0035916928, -0.0033367698, -0.002830499, -0.0023356192, -0.002094512, -0.0016284466, -0.0011855541, -0.0007685286, -0.0005706248, -0.0001978034, 0.00014212816, 0.00029850096, 0.0005820055, 0.0008228184, 0.0010194045, 0.0011011808, 0.0012319759, 0.0013183292, 0.0013450582, 0.0013645515, 0.0013416897, 0.0013164001, 0.0012439943, 0.0011513064, 0.0010494742, 0.0009978192, 0.00089758524, 0.0008099793, 0.000776057, 0.00074504834, 0.00078330154, 0.0008753807, 0.00089605205, 0, 0, 0, 0, 0, 0, 0, 0, 0, 0, 0, 0, 0, 0, 0, 0, 0, 0, 0, 0, 0, 0, 0, 0, 0, 0, 0, 0, 0, 0, 0, 0, 0, 0, 0, 0, 0, 0, 0
0, 0, 0, 0, 0, 0, 0, 0, 0, 0, 0, 0, 0, 0, 0, 0, 0, 0, 0, 0, 0, 0, 0, 0, -0.0051202206, -0.0048884777, -0.005689966, -0.005536076, -0.0053846906, -0.005233293, -0.00506956, -0.0050064116, -0.004996596, -0.005125969, -0.005336784, -0.0054498105, -0.005647855, -0.0057764202, -0.005815213, -0.00586595, -0.005920302, -0.005960723, -0.006079431, -0.006251227, -0.0064674383, -0.006588819, -0.0068506747, -0.0071343402, -0.007283533, -0.0075937225, -0.007913363, -0.0082303705, -0.008383789, -0.0086713545, -0.008923066, -0.009033778, -0.009219662, -0.009356714, -0.009406285, -0.009467106, -0.0094771385, -0.009433756, -0.009391249, -0.009263964, -0.009078632, -0.008964851, -0.008696673, -0.008381923, -0.008029159, -0.007841358, -0.007445011, -0.0070248772, -0.006805638, -0.0063494174, -0.005872616, -0.0053778295, -0.0051254714, -0.0046144743, -0.004101839, -0.003847183, -0.0033462825, -0.0028622877, -0.002627951, -0.0021770853, -0.0017525009, -0.0013563352, -0.0011698275, -0.0008219682, -0.00050959695, -0.00036701094, -0.000110598434, 0.0001068714, 0.00028436715, 0.00035860532, 0.00047831587, 0.0005599941, 0.0005862415, 0.0006113054, 0.0006030678, 0.00058891316, 0.0005471331, 0.00049481826, 0.00044137405, 0.00041572063, 0.00036961425, 0.00033672623, 0.00032837698, 0.0003406379, 0.0004040609, 0.0005059918, 0.0005445442, 0, 0, 0, 0, 0, 0, 0, 0, 0, 0, 0, 0, 0, 0, 0, 0, 0, 0, 0, 0, 0, 0, 0, 0, 0, 0, 0, 0, 0, 0, 0, 0, 0, 0, 0, 0, 0, 0, 0
0, 0, 0, 0, 0, 0, 0, 0, 0, 0, 0, 0, 0, 0, 0, 0, 0, 0, 0, 0, 0, 0, 0, 0, 0, 0, -0.009066417, -0.0071400283, -0.006745366, -0.006082321, -0.0051204073, -0.0048038494, -0.004511442, -0.0045211567, -0.004695546, -0.0048001017, -0.0049691866, -0.005053364, -0.0050736456, -0.0051154913, -0.0052091293, -0.0052866177, -0.0055060093, -0.0057993215, -0.006144715, -0.0063298997, -0.006716791, -0.007119346, -0.0073241508, -0.007740068, -0.008155025, -0.0085537555, -0.008742177, -0.009085997, -0.009378037, -0.009503004, -0.0097080935, -0.009855278, -0.009907614, -0.00996906, -0.009975579, -0.009925664, -0.00987948, -0.009743995, -0.009551139, -0.009433424, -0.0091597205, -0.008839072, -0.008479827, -0.008288254, -0.0078825485, -0.0074511664, -0.0072266045, -0.006761604, -0.0062807314, -0.0057895347, -0.005542176, -0.0050486117, -0.004561426, -0.004322424, -0.003855328, -0.0034065812, -0.0031898918, -0.0027735732, -0.0023815504, -0.0020189965, -0.0018503815, -0.0015399142, -0.0012674503, -0.0011453886, -0.0009292127, -0.0007495827, -0.00060434063, -0.0005440171, -0.00044577054, -0.00037534253, -0.00035039635, -0.0003193803, -0.00030855392, -0.0003083626, -0.00031308067, -0.000317947, -0.0003174896, -0.0003143669, -0.00030067397, -0.00027182777, -0.00024899398, -0.00017927577, -6.9556874e-05, 6.063676e-05, 0.00010918842, 0, 0, 0, 0, 0, 0, 0, 0, 0, 0, 0, 0, 0, 0, 0, 0, 0, 0, 0, 0, 0, 0, 0, 0, 0, 0, 0, 0, 0, 0, 0, 0, 0, 0, 0, 0, 0, 0, 0
0, 0, 0, 0, 0, 0, 0, 0, 0, 0, 0, 0, 0, 0, 0, 0, 0, 0, 0, 0, 0, 0, 0, 0, 0, 0, 0, 0, -0.009745229, -0.007865279, -0.005537433, -0.0049953694, -0.0042796102, -0.004056175, -0.0041078147, -0.0041651228, -0.004225812, -0.0042100735, -0.0042038527, -0.0042543528, -0.00442868, -0.004564257, -0.0049175816, -0.0053507085, -0.005827533, -0.0060734404, -0.006570486, -0.007067634, -0.0073153223, -0.007806256, -0.008281539, -0.008724797, -0.00892964, -0.009295475, -0.009597406, -0.009723356, -0.009927533, -0.01007149, -0.010121802, -0.010180515, -0.010184289, -0.010132277, -0.010085238, -0.009947817, -0.009754169, -0.009636886, -0.009364747, -0.009047794, -0.008692208, -0.008501924, -0.00809873, -0.0076714903, -0.0074499715, -0.0069963173, -0.0065347925, -0.0060738767, -0.005845565, -0.0053976956, -0.004963593, -0.0047526546, -0.0043430324, -0.0039502196, -0.0037604917, -0.0033952664, -0.003052577, -0.0027387396, -0.002594926, -0.002335824, -0.0021155614, -0.0020198508, -0.0018552846, -0.0017233022, -0.0016189187, -0.0015752049, -0.0015021929, -0.0014454364, -0.0014218478, -0.0013829794, -0.0013499329, -0.0013341077, -0.0012993481, -0.00125674, -0.001204104, -0.001173806, -0.0011029886, -0.0010160531, -0.0009646171, -0.00084214215, -0.00070003996, -0.0005949513, -0.0006140918, -0.0010534704, 0, 0, 0, 0, 0, 0, 0, 0, 0, 0, 0, 0, 0, 0, 0, 0, 0, 0, 0, 0, 0, 0, 0, 0, 0, 0, 0, 0, 0, 0, 0, 0, 0, 0, 0, 0, 0, 0
0, 0, 0, 0, 0, 0, 0, 0, 0, 0, 0, 0, 0, 0, 0, 0, 0, 0, 0, 0, 0, 0, 0, 0, 0, 0, 0, 0, 0, 0, -0.0067738127, -0.0061605824, -0.0046480107, -0.004075669, -0.0038373938, -0.0037689356, -0.0035451215, -0.0033442702, -0.003311981, -0.003412958, -0.0037146101, -0.003926085, -0.004430737, -0.0049958755, -0.0055777268, -0.005865597, -0.0064301323, -0.0069773225, -0.007244643, -0.0077648996, -0.008257376, -0.008706138, -0.008909532, -0.009267538, -0.009557338, -0.009676683, -0.00986857, -0.01000242, -0.010048708, -0.010100255, -0.010097879, -0.010039613, -0.009989124, -0.009846423, -0.009650943, -0.009535182, -0.009270941, -0.008968019, -0.00863196, -0.008452684, -0.0080749625, -0.0076771253, -0.0074731098, -0.007060136, -0.00664826, -0.0062460536, -0.0060504805, -0.0056729056, -0.005313439, -0.0051400415, -0.004804476, -0.0044842376, -0.0043295873, -0.004032716, -0.003756927, -0.0035090493, -0.0033975628, -0.003201983, -0.003042758, -0.0029764727, -0.0028666432, -0.0027832568, -0.0027184093, -0.0026909315, -0.002640853, -0.0025944186, -0.0025713616, -0.0025228658, -0.0024685247, -0.002437784, -0.0023675067, -0.0022836553, -0.0021862355, -0.0021327783, -0.002014171, -0.0018791978, -0.001804952, -0.0016426849, -0.0014781525, -0.001387851, -0.0014408404, -0.002099441, -0.0034873865, 0, 0, 0, 0, 0, 0, 0, 0, 0, 0, 0, 0, 0, 0, 0, 0, 0, 0, 0, 0, 0, 0, 0, 0, 0, 0, 0, 0, 0, 0, 0, 0, 0, 0, 0, 0, 0
0, 0, 0, 0, 0, 0, 0, 0, 0, 0, 0, 0, 0, 0, 0, 0, 0, 0, 0, 0, 0, 0, 0, 0, 0, 0, 0, 0, 0, 0, 0, 0, -0.0059223794, -0.004829814, -0.0042438717, -0.003923283, -0.0030537092, -0.0025815032, -0.0025384487, -0.0027330958, -0.0031853628, -0.003471885, -0.0041054133, -0.004757975, -0.0053874045, -0.005688556, -0.0062643364, -0.006811205, -0.0070755505, -0.007584744, -0.008058848, -0.008483318, -0.008672732, -0.009001795, -0.009264627, -0.009372308, -0.009542471, -0.009657236, -0.009694016, -0.009727978, -0.009707179, -0.009630916, -0.009572937, -0.0094192745, -0.009222607, -0.009111018, -0.008865976, -0.008595099, -0.008301643, -0.008147208, -0.007824962, -0.0074895513, -0.0073192967, -0.0069789803, -0.0066457232, -0.0063268635, -0.0061745457, -0.005885029, -0.005613733, -0.005483972, -0.005235482, -0.0050009494, -0.0048891674, -0.004677544, -0.004486093, -0.004318856, -0.004245672, -0.0041213627, -0.004025015, -0.0039869957, -0.0039272555, -0.0038849064, -0.0038519788, -0.0038366693, -0.003803323, -0.0037631919, -0.003739204, -0.003681308, -0.0036080366, -0.003565039, -0.003466277, -0.0033501608, -0.0032175574, -0.0031454905, -0.0029890172, -0.0028159325, -0.00272281, -0.0025240441, -0.0023168412, -0.0021401532, -0.002095111, -0.0022040762, -0.0024921505, 0, 0, 0, 0, 0, 0, 0, 0, 0, 0, 0, 0, 0, 0, 0, 0, 0, 0, 0, 0, 0, 0, 0, 0, 0, 0, 0, 0, 0, 0, 0, 0, 0, 0, 0, 0, 0
0, 0, 0, 0, 0, 0, 0, 0, 0, 0, 0, 0, 0, 0, 0, 0, 0, 0, 0, 0, 0, 0, 0, 0, 0, 0, 0, 0, 0, 0, 0, 0, 0, 0, -0.005743928, -0.004848209, -0.0027805255, -0.0020991028, -0.0020676327, -0.0023509825, -0.0029081062, -0.003238422, -0.0039255563, -0.004585641, -0.0051926067, -0.0054772943, -0.0060182484, -0.006531804, -0.006779843, -0.0072538774, -0.0076869642, -0.008065143, -0.008230718, -0.008512323, -0.008732581, -0.008820264, -0.00895472, -0.009036518, -0.009057199, -0.009060077, -0.0090103, -0.008910687, -0.008844133, -0.008683149, -0.008495239, -0.008395169, -0.008186867, -0.007969495, -0.0077442443, -0.0076278644, -0.0073894123, -0.0071444144, -0.0070213517, -0.006778776, -0.0065453397, -0.0063268947, -0.006224427, -0.0060336776, -0.0058598067, -0.0057786414, -0.005627025, -0.0054903347, -0.005427697, -0.005314807, -0.005218298, -0.005139292, -0.005106457, -0.0050536385, -0.0050163595, -0.0050032157, -0.004984583, -0.004972895, -0.0049620764, -0.0049549714, -0.004932352, -0.004894923, -0.0048693083, -0.004802475, -0.004713331, -0.0046606567, -0.0045387177, -0.0043966146, -0.0042362716, -0.0041493033, -0.0039615165, -0.0037551993, -0.0036444552, -0.0034059624, -0.003143131, -0.0028659431, -0.002738618, -0.0026061614, -0.0029410785, -0.0034202884, 0, 0, 0, 0, 0, 0, 0, 0, 0, 0, 0, 0, 0, 0, 0, 0, 0, 0, 0, 0, 0, 0, 0, 0, 0, 0, 0, 0, 0, 0, 0, 0, 0, 0, 0, 0
0, 0, 0, 0, 0, 0, 0, 0, 0, 0, 0, 0, 0, 0, 0, 0, 0, 0, 0, 0, 0, 0, 0, 0, 0, 0, 0, 0, 0, 0, 0, 0, 0, 0, 0, 0, 0, -0.002966387, -0.0028444754, -0.002986972, -0.0032889028, -0.0034530736, -0.003762624, -0.0041066776, -0.0045024822, -0.0047145733, -0.005151664, -0.005582208, -0.005785995, -0.006153015, -0.0064504994, -0.006672779, -0.0067584165, -0.0068868413, -0.006969176, -0.0069958703, -0.0070225624, -0.0070145465, -0.00699829, -0.0069413446, -0.0068553877, -0.0067476938, -0.0066889008, -0.0065709543, -0.00646157, -0.006413145, -0.0063307737, -0.006267275, -0.006217946, -0.0061965883, -0.00616012, -0.00612937, -0.006116483, -0.0060972637, -0.0060884235, -0.006092668, -0.006100081, -0.006125312, -0.0061632325, -0.0061871153, -0.0062448857, -0.00631654, -0.006356514, -0.0064414646, -0.0065272413, -0.0066076526, -0.006645194, -0.0067132316, -0.006771392, -0.006796689, -0.006839464, -0.006871047, -0.00688814, -0.006889852, -0.0068765543, -0.0068362025, -0.0068044425, -0.0067164423, -0.0065960567, -0.006524546, -0.0063611115, -0.006173655, -0.0059642703, -0.005851652, -0.005609301, -0.0053418404, -0.005197753, -0.0048867576, -0.0045422926, -0.0041720537, -0.00399073, -0.0037080005, -0.003734061, -0.0039481567, -0.0044948114, 0, 0, 0, 0, 0, 0, 0, 0, 0, 0, 0, 0, 0, 0, 0, 0, 0, 0, 0, 0, 0, 0, 0, 0, 0, 0, 0, 0, 0, 0, 0, 0, 0, 0, 0
0, 0, 0, 0, 0, 0, 0, 0, 0, 0, 0, 0, 0, 0, 0, 0, 0, 0, 0, 0, 0, 0, 0, 0, 0, 0, 0, 0, 0, 0, 0, 0, 0, 0, 0, 0, 0, 0, 0, -0.004262074, -0.0042044623, -0.004035237, -0.0037071782, -0.003716507, -0.0039695664, -0.0041458327, -0.004540308, -0.004927578, -0.0051010083, -0.005387662, -0.0055855312, -0.005705163, -0.0057410635, -0.0057813292, -0.0057911295, -0.005787598, -0.0057664393, -0.0057272394, -0.005700943, -0.005637757, -0.0055641667, -0.005486939, -0.005450021, -0.005385743, -0.005342316, -0.0053297593, -0.0053235507, -0.0053401655, -0.005375667, -0.005399467, -0.0054572294, -0.005527925, -0.005567775, -0.0056569357, -0.005759331, -0.005874779, -0.005937151, -0.006069813, -0.006211386, -0.0062854094, -0.0064393305, -0.006601013, -0.0066832495, -0.0068463334, -0.0070006265, -0.0071407235, -0.007204106, -0.0073178257, -0.0074137156, -0.0074549806, -0.007523799, -0.007573245, -0.0076013342, -0.0076057115, -0.0075928434, -0.0075473613, -0.007511001, -0.0074096476, -0.0072726025, -0.007191546, -0.0070087006, -0.006800957, -0.0065699853, -0.0064455145, -0.0061778505, -0.0058816303, -0.0057216967, -0.0053754137, -0.004989423, -0.0045608412, -0.0043343357, -0.0038818158, -0.0035163942, -0.0034228235, -0.003546427, 0, 0, 0, 0, 0, 0, 0, 0, 0, 0, 0, 0, 0, 0, 0, 0, 0, 0, 0, 0, 0, 0, 0, 0, 0, 0, 0, 0, 0, 0, 0, 0, 0, 0, 0
0, 0, 0, 0, 0, 0, 0, 0, 0, 0, 0, 0, 0, 0, 0, 0, 0, 0, 0, 0, 0, 0, 0, 0, 0, 0, 0, 0, 0, 0, 0, 0, 0, 0, 0, 0, 0, 0, 0, 0, -0.005923759, -0.0050218985, -0.003718658, -0.003337997, -0.0034146816, -0.0035429532, -0.0038691452, -0.004180973, -0.0043076975, -0.0044871415, -0.0045747934, -0.004594448, -0.004587304, -0.004555164, -0.0045114914, -0.004487521, -0.004437403, -0.004385485, -0.004358903, -0.004307882, -0.004263607, -0.0042330083, -0.0042244554, -0.0042254557, -0.00425312, -0.0042768097, -0.0043440084, -0.0044341027, -0.004545885, -0.004609484, -0.004752251, -0.004914978, -0.005003379, -0.0051934193, -0.0053986027, -0.0056157866, -0.005727226, -0.0059544826, -0.0061840755, -0.0062996973, -0.006531142, -0.006762217, -0.0068766237, -0.0070977593, -0.007303382, -0.007488812, -0.0075729606, -0.0077239536, -0.007851677, -0.007906554, -0.00799856, -0.008064107, -0.008100831, -0.008107338, -0.008092868, -0.008040012, -0.007998299, -0.007884269, -0.0077325786, -0.0076441853, -0.0074461997, -0.0072226757, -0.0069744247, -0.0068402346, -0.0065496336, -0.0062257363, -0.0060496954, -0.0056660627, -0.005233184, -0.0047423705, -0.004474709, -0.0039075986, -0.0033670994, -0.0031634136, -0.003087613, -0.0036210807, 0, 0, 0, 0, 0, 0, 0, 0, 0, 0, 0, 0, 0, 0, 0, 0, 0, 0, 0, 0, 0, 0, 0, 0, 0, 0, 0, 0, 0, 0, 0, 0, 0, 0
0, 0, 0, 0, 0, 0, 0, 0, 0, 0, 0, 0, 0, 0, 0, 0, 0, 0, 0, 0, 0, 0, 0, 0, 0, 0, 0, 0, 0, 0, 0, 0, 0, 0, 0, 0, 0, 0, 0, 0, 0, 0, -0.0040097395, -0.0032195027, -0.0030104495, -0.0030407633, -0.0032143334, -0.0033794364, -0.0034334143, -0.0034819192, -0.0034673156, -0.0034120872, -0.0033770497, -0.0033031083, -0.0032329296, -0.003200621, -0.0031418253, -0.0030922568, -0.0030721757, -0.0030440383, -0.0030382397, -0.0030583902, -0.0030798155, -0.003145558, -0.003241594, -0.0032992226, -0.003433258, -0.0035900043, -0.0037710082, -0.0038712542, -0.0040917047, -0.0043376526, -0.004469274, -0.0047468743, -0.005037469, -0.0053356094, -0.0054850765, -0.0057829395, -0.0060773413, -0.006222408, -0.006509252, -0.0067899134, -0.0069261594, -0.007188432, -0.0074311197, -0.00765006, -0.007750091, -0.007930107, -0.008083483, -0.008149938, -0.00826053, -0.008339158, -0.008382609, -0.008389804, -0.008372908, -0.008312879, -0.008266628, -0.008142768, -0.007981891, -0.007889141, -0.00768237, -0.007449274, -0.0071891253, -0.00704706, -0.0067372858, -0.0063887592, -0.0061981813, -0.0057797525, -0.0053054867, -0.004766687, -0.0044728974, -0.0038456556, -0.0032131725, -0.002930527, -0.0025444005, -0.0024957352, 0, 0, 0, 0, 0, 0, 0, 0, 0, 0, 0, 0, 0, 0, 0, 0, 0, 0, 0, 0, 0, 0, 0, 0, 0, 0, 0, 0, 0, 0, 0, 0, 0, 0
0, 0, 0, 0, 0, 0, 0, 0, 0, 0, 0, 0, 0, 0, 0, 0, 0, 0, 0, 0, 0, 0, 0, 0, 0, 0, 0, 0, 0, 0, 0, 0, 0, 0, 0, 0, 0, 0, 0, 0, 0, 0, 0, -0.0035939314, -0.0029373097, -0.0027950958, -0.0026694338, -0.002560404, -0.0025106622, -0.0024238343, -0.0023405023, -0.002251787, -0.0022074229, -0.0021238974, -0.0020510426, -0.0020192212, -0.0019657705, -0.0019277883, -0.0019170156, -0.0019155524, -0.0019475827, -0.0020170633, -0.0020659412, -0.002191016, -0.0023469673, -0.0024353717, -0.0026302729, -0.0028494403, -0.0030961693, -0.0032303482, -0.0035200757, -0.0038363393, -0.0040020747, -0.0043454245, -0.0046955734, -0.0050463392, -0.005220001, -0.0055616633, -0.005896114, -0.006060314, -0.0063832733, -0.0066961166, -0.0068478803, -0.00713789, -0.0074056205, -0.007648033, -0.0077588204, -0.007959494, -0.008131164, -0.008205841, -0.00833058, -0.008418785, -0.00846764, -0.00847605, -0.008457864, -0.008393877, -0.008345676, -0.00821778, -0.008053497, -0.007959432, -0.0077499216, -0.007511936, -0.0072427834, -0.007094892, -0.0067706895, -0.006403498, -0.006202313, -0.0057608765, -0.0052638324, -0.0047070626, -0.004406714, -0.0037712995, -0.0031217407, -0.002815842, -0.002340159, -0.0022740134, -0.0024454263, 0, 0, 0, 0, 0, 0, 0, 0, 0, 0, 0, 0, 0, 0, 0, 0, 0, 0, 0, 0, 0, 0, 0, 0, 0, 0, 0, 0, 0, 0, 0, 0, 0
0, 0, 0, 0, 0, 0, 0, 0, 0, 0, 0, 0, 0, 0, 0, 0, 0, 0, 0, 0, 0, 0, 0, 0, 0, 0, 0, 0, 0, 0, 0, 0, 0, 0, 0, 0, 0, 0, 0, 0, 0, 0, 0, 0, -0.0033233627, -0.0029383856, -0.002337327, -0.0017450824, -0.001572504, -0.0013871833, -0.0012857891, -0.0012038646, -0.0011655123, -0.0010933446, -0.0010315168, -0.001005285, -0.00096263643, -0.0009399162, -0.0009394791, -0.00096598093, -0.0010355505, -0.0011504843, -0.0012243731, -0.0014007882, -0.0016094627, -0.0017244901, -0.0019738574, -0.0022501901, -0.0025551817, -0.0027184046, -0.0030639053, -0.003429252, -0.0036173582, -0.003998449, -0.0043796143, -0.0047548665, -0.004939693, -0.005303489, -0.005660136, -0.005836079, -0.0061812648, -0.0065150317, -0.0066759405, -0.006982715, -0.007264811, -0.007519184, -0.0076359212, -0.007847572, -0.00803044, -0.00811003, -0.008244305, -0.008340329, -0.008394843, -0.008405249, -0.008391134, -0.008329955, -0.008282573, -0.008157428, -0.007995887, -0.007902903, -0.0076934905, -0.0074521904, -0.007176693, -0.0070247464, -0.0066911434, -0.0063148835, -0.0061102323, -0.005665967, -0.0051742764, -0.0046368544, -0.0043529323, -0.0037624212, -0.0031683692, -0.0028890742, -0.0024442812, -0.002343042, -0.0024998623, 0, 0, 0, 0, 0, 0, 0, 0, 0, 0, 0, 0, 0, 0, 0, 0, 0, 0, 0, 0, 0, 0, 0, 0, 0, 0, 0, 0, 0, 0, 0, 0, 0
0, 0, 0, 0, 0, 0, 0, 0, 0, 0, 0, 0, 0, 0, 0, 0, 0, 0, 0, 0, 0, 0, 0, 0, 0, 0, 0, 0, 0, 0, 0, 0, 0, 0, 0, 0, 0, 0, 0, 0, 0, 0, 0, 0, 0, -0.0034589781, -0.0022877457, -0.00089813885, -0.0006502528, -0.00045287906, -0.00038300778, -0.00033157217, -0.0003052923, -0.00025317012, -0.00020566086, -0.00018485496, -0.00015598016, -0.00015214285, -0.00016420711, -0.00022251908, -0.00033166094, -0.00049115275, -0.0005873878, -0.0008083296, -0.0010603094, -0.0011968428, -0.0014896002, -0.001810549, -0.0021584427, -0.0023411973, -0.0027202962, -0.0031102954, -0.003307615, -0.0037007516, -0.004088917, -0.004469855, -0.004657907, -0.005030191, -0.005398406, -0.005580682, -0.0059382906, -0.0062820795, -0.006446932, -0.006759069, -0.0070441286, -0.0073001585, -0.007417593, -0.00763183, -0.007818175, -0.0079005435, -0.008040803, -0.008144294, -0.008206678, -0.008221132, -0.008215762, -0.008163706, -0.008121194, -0.008004799, -0.007850857, -0.007760853, -0.007554578, -0.007312823, -0.007034209, -0.0068807746, -0.0065458883, -0.0061742435, -0.0059750993, -0.0055508427, -0.00509398, -0.0046089506, -0.0043582832, -0.003848143, -0.0033447589, -0.0031072644, -0.0027115014, -0.0025466417, -0.002618575, -0.0031466773, 0, 0, 0, 0, 0, 0, 0, 0, 0, 0, 0, 0, 0, 0, 0, 0, 0, 0, 0, 0, 0, 0, 0, 0, 0, 0, 0, 0, 0, 0, 0, 0
0, 0, 0, 0, 0, 0, 0, 0, 0, 0, 0, 0, 0, 0, 0, 0, 0, 0, 0, 0, 0, 0, 0, 0, 0, 0, 0, 0, 0, 0, 0, 0, 0, 0, 0, 0, 0, 0, 0, 0, 0, 0, 0, 0, 0, 0, 0, 0.00010743456, 0.00022943229, 0.00032856292, 0.00033590512, 0.00034439802, 0.0003563635, 0.00038830956, 0.00042254684, 0.00043603173, 0.0004473306, 0.00042376303, 0.00039472076, 0.00029723614, 0.0001452938, -5.4767566e-05, -0.00017002798, -0.0004240773, -0.0007054505, -0.0008554155, -0.0011748826, -0.0015208807, -0.0018897745, -0.0020805355, -0.0024695774, -0.0028624437, -0.0030582238, -0.0034459888, -0.0038276117, -0.00420388, -0.004390864, -0.0047640987, -0.005135839, -0.0053197467, -0.005679261, -0.0060217567, -0.0061847502, -0.0064909663, -0.0067685586, -0.0070173605, -0.007131753, -0.0073414184, -0.007526581, -0.0076095113, -0.007752997, -0.007862858, -0.007934149, -0.007954193, -0.007961029, -0.007922918, -0.007887075, -0.007784706, -0.0076433397, -0.007558415, -0.0073601496, -0.0071241655, -0.006850852, -0.006701196, -0.006378187, -0.0060274126, -0.005842774, -0.0054583317, -0.0050557447, -0.0046398626, -0.004428771, -0.0040046973, -0.0035877144, -0.0033874149, -0.003029834, -0.002804979, -0.0027945938, -0.0031273302, 0, 0, 0, 0, 0, 0, 0, 0, 0, 0, 0, 0, 0, 0, 0, 0, 0, 0, 0, 0, 0, 0, 0, 0, 0, 0, 0, 0, 0, 0, 0, 0
0, 0, 0, 0, 0, 0, 0, 0, 0, 0, 0, 0, 0, 0, 0, 0, 0, 0, 0, 0, 0, 0, 0, 0, 0, 0, 0, 0, 0, 0, 0, 0, 0, 0, 0, 0, 0, 0, 0, 0, 0, 0, 0, 0, 0, 0, 0, 0.0008587118, 0.0008731184, 0.00096691516, 0.00088821707, 0.00084139843, 0.0008356667, 0.00084411487, 0.00085915194, 0.00086191087, 0.00084491697, 0.000784555, 0.0007347318, 0.00059346633, 0.00040254815, 0.00017180409, 4.517657e-05, -0.00022561941, -0.0005174132, -0.00067168765, -0.000997934, -0.0013480595, -0.0017174276, -0.0019063867, -0.0022881941, -0.002668347, -0.0028571612, -0.003230719, -0.0035991173, -0.003965346, -0.004148625, -0.004515543, -0.0048811384, -0.0050612753, -0.0054111197, -0.0057412283, -0.0058972137, -0.006188243, -0.0064511984, -0.006687893, -0.0067971405, -0.006999136, -0.0071794936, -0.007261027, -0.0074041616, -0.007516853, -0.0075947186, -0.0076195393, -0.0076388386, -0.007615686, -0.0075884406, -0.0075034653, -0.007378989, -0.007302218, -0.007119732, -0.006899718, -0.006645666, -0.0065072384, -0.006212633, -0.005898591, -0.005735564, -0.005401287, -0.0050578965, -0.0047074575, -0.0045305016, -0.0041745077, -0.0038175185, -0.0036402731, -0.0032993306, -0.00302295, -0.0029468723, -0.003062456, -0.0036461186, 0, 0, 0, 0, 0, 0, 0, 0, 0, 0, 0, 0, 0, 0, 0, 0, 0, 0, 0, 0, 0, 0, 0, 0, 0, 0, 0, 0, 0, 0, 0
0, 0, 0, 0, 0, 0, 0, 0, 0, 0, 0, 0, 0, 0, 0, 0, 0, 0, 0, 0, 0, 0, 0, 0, 0, 0, 0, 0, 0, 0, 0, 0, 0, 0, 0, 0, 0, 0, 0, 0, 0, 0, 0, 0, 0, 0, 0, 0, 0, 0.0015758582, 0.0013135129, 0.0012112751, 0.0011784219, 0.0011400881, 0.001120075, 0.0011054944, 0.0010504537, 0.00094747037, 0.0008766778, 0.0006984407, 0.00048042598, 0.0002368356, 0.000107790715, -0.00016096781, -0.00044608512, -0.0005958223, -0.00091383804, -0.0012533193, -0.0016093312, -0.0017907245, -0.0021545975, -0.0025157665, -0.002694558, -0.0030492921, -0.0034010287, -0.0037521748, -0.0039282953, -0.004281091, -0.0046299263, -0.004800753, -0.005129818, -0.0054379506, -0.005583043, -0.00585382, -0.0061004874, -0.006324994, -0.006429498, -0.0066232276, -0.006796014, -0.0068739997, -0.007011111, -0.007120115, -0.007198619, -0.007225748, -0.00725324, -0.007244012, -0.007225093, -0.007159171, -0.007055313, -0.006989575, -0.0068308623, -0.0066388366, -0.006417701, -0.0062984102, -0.006045843, -0.005778633, -0.005640807, -0.0053579654, -0.005065351, -0.0047636083, -0.0046089683, -0.0042909617, -0.003959481, -0.0037879804, -0.003437498, -0.003102834, -0.0029672063, -0.0028711632, -0.003226312, 0, 0, 0, 0, 0, 0, 0, 0, 0, 0, 0, 0, 0, 0, 0, 0, 0, 0, 0, 0, 0, 0, 0, 0, 0, 0, 0, 0, 0, 0, 0
0, 0, 0, 0, 0, 0, 0, 0, 0, 0, 0, 0, 0, 0, 0, 0, 0, 0, 0, 0, 0, 0, 0, 0, 0, 0, 0, 0, 0, 0, 0, 0, 0, 0, 0, 0, 0, 0, 0, 0, 0, 0, 0, 0, 0, 0, 0, 0, 0, 0, 0.0016980477, 0.0015712271, 0.0014682593, 0.0013222899, 0.001237641, 0.0011981962, 0.0010973797, 0.00095498405, 0.00086805696, 0.00066725793, 0.00044177915, 0.0002025771, 7.986227e-05, -0.00017333296, -0.00044161858, -0.00058356556, -0.0008842053, -0.0012055677, -0.0015414042, -0.0017118893, -0.0020537344, -0.0023925449, -0.0025605566, -0.0028939038, -0.0032250164, -0.003556115, -0.003721682, -0.0040515517, -0.004374256, -0.004530936, -0.0048320033, -0.005113125, -0.0052460227, -0.0054971175, -0.0057294415, -0.0059438217, -0.006044077, -0.0062281797, -0.0063899024, -0.0064617316, -0.00658589, -0.006684245, -0.006756444, -0.0067828065, -0.0068143005, -0.006815696, -0.0068042935, -0.0067561376, -0.0066738436, -0.0066202288, -0.006490565, -0.0063326545, -0.006152132, -0.006055215, -0.005850152, -0.0056318855, -0.00551775, -0.0052793017, -0.0050247447, -0.004752216, -0.004608508, -0.0043033236, -0.003972289, -0.0037951223, -0.0034181231, -0.003018929, -0.0028231645, -0.0024977743, -0.0023765333, 0, 0, 0, 0, 0, 0, 0, 0, 0, 0, 0, 0, 0, 0, 0, 0, 0, 0, 0, 0, 0, 0, 0, 0, 0, 0, 0, 0, 0, 0, 0
0, 0, 0, 0, 0, 0, 0, 0, 0, 0, 0, 0, 0, 0, 0, 0, 0, 0, 0, 0, 0, 0, 0, 0, 0, 0, 0, 0, 0, 0, 0, 0, 0, 0, 0, 0, 0, 0, 0, 0, 0, 0, 0, 0, 0, 0, 0, 0, 0, 0, 0, 0.0020210093, 0.0017438155, 0.0014445076, 0.0012693955, 0.0011940977, 0.0010403923, 0.00086651597, 0.0007705042, 0.0005639297, 0.0003468559, 0.00012445552, 1.1673655e-05, -0.00022157379, -0.00047090836, -0.000603321, -0.0008844598, -0.0011844158, -0.0014963222, -0.001654178, -0.001971508, -0.00228686, -0.0024435793, -0.0027542445, -0.0030624825, -0.0033686, -0.0035204517, -0.0038207583, -0.0041121547, -0.00425297, -0.004523273, -0.004778244, -0.0049002618, -0.00513426, -0.0053549116, -0.0055594184, -0.005654361, -0.005826164, -0.005971864, -0.0060347556, -0.006140631, -0.0062231515, -0.006285085, -0.006308594, -0.0063406965, -0.0063488795, -0.0063431915, -0.0063098883, -0.00624679, -0.006204352, -0.006101294, -0.0059762066, -0.005834096, -0.0057575568, -0.0055951285, -0.0054180208, -0.005323241, -0.0051185, -0.004889882, -0.0046341196, -0.004494593, -0.00419158, -0.003854355, -0.0036716359, -0.003277398, -0.0028475726, -0.0026257588, -0.0022128718, -0.0019695915, -0.002066239, 0, 0, 0, 0, 0, 0, 0, 0, 0, 0, 0, 0, 0, 0, 0, 0, 0, 0, 0, 0, 0, 0, 0, 0, 0, 0, 0, 0, 0, 0
0, 0, 0, 0, 0, 0, 0, 0, 0, 0, 0, 0, 0, 0, 0, 0, 0, 0, 0, 0, 0, 0, 0, 0, 0, 0, 0, 0, 0, 0, 0, 0, 0, 0, 0, 0, 0, 0, 0, 0, 0, 0, 0, 0, 0, 0, 0, 0, 0, 0, 0, 0, 0.0018712216, 0.0015979027, 0.0012876685, 0.0011581506, 0.00093772874, 0.00073810003, 0.0006386318, 0.0004388463, 0.00023778016, 3.547464e-05, -6.724912e-05, -0.0002820354, -0.0005144363, -0.00063808233, -0.00089937524, -0.0011755859, -0.0014615603, -0.0016064357, -0.0018981575, -0.0021895915, -0.0023347046, -0.0026224966, -0.0029058713, -0.0031845022, -0.003321666, -0.0035903605, -0.003849321, -0.0039746803, -0.004217299, -0.0044492087, -0.0045623644, -0.004781556, -0.0049896156, -0.005180478, -0.0052676303, -0.00542163, -0.0055475933, -0.005599671, -0.0056857, -0.005751837, -0.0058028074, -0.005823412, -0.0058536357, -0.005866323, -0.0058641327, -0.005840777, -0.0057912604, -0.0057573295, -0.005673911, -0.0055730976, -0.0054585836, -0.005396823, -0.0052637383, -0.005115223, -0.005033532, -0.004851598, -0.004640696, -0.0043959934, -0.0042599654, -0.003960687, -0.0036252784, -0.0034443494, -0.0030563453, -0.0026396154, -0.0024263004, -0.0020266674, -0.0017644792, -0.0017977684, -0.0019095083, 0, 0, 0, 0, 0, 0, 0, 0, 0, 0, 0, 0, 0, 0, 0, 0, 0, 0, 0, 0, 0, 0, 0, 0, 0, 0, 0, 0, 0
0, 0, 0, 0, 0, 0, 0, 0, 0, 0, 0, 0, 0, 0, 0, 0, 0, 0, 0, 0, 0, 0, 0, 0, 0, 0, 0, 0, 0, 0, 0, 0, 0, 0, 0, 0, 0, 0, 0, 0, 0, 0, 0, 0, 0, 0, 0, 0, 0, 0, 0, 0, 0, 0.0019096001, 0.0013383983, 0.0011325073, 0.0008334675, 0.0006130375, 0.00051406445, 0.00032539357, 0.00014176672, -4.2830983e-05, -0.00013842947, -0.00034008425, -0.00055908936, -0.00067485013, -0.0009169286, -0.0011699748, -0.0014297492, -0.0015613567, -0.0018273549, -0.0020949717, -0.0022282484, -0.0024928078, -0.002752048, -0.0030036438, -0.0031262694, -0.0033647919, -0.0035948285, -0.0037064112, -0.0039247763, -0.0041373833, -0.004241683, -0.004444979, -0.004636538, -0.0048083197, -0.004884744, -0.0050165486, -0.0051201563, -0.005162353, -0.0052305823, -0.005282777, -0.005324806, -0.005342465, -0.005370464, -0.005383837, -0.005383042, -0.0053641163, -0.0053218314, -0.0052922866, -0.005219648, -0.005131744, -0.005031449, -0.004977067, -0.004859202, -0.0047253277, -0.004650963, -0.004482481, -0.0042830827, -0.004048495, -0.003917332, -0.0036276218, -0.003304049, -0.0031308741, -0.0027645759, -0.002378214, -0.002182338, -0.0018097113, -0.0015224905, -0.0014304258, -0.001483263, 0, 0, 0, 0, 0, 0, 0, 0, 0, 0, 0, 0, 0, 0, 0, 0, 0, 0, 0, 0, 0, 0, 0, 0, 0, 0, 0, 0, 0
0, 0, 0, 0, 0, 0, 0, 0, 0, 0, 0, 0, 0, 0, 0, 0, 0, 0, 0, 0, 0, 0, 0, 0, 0, 0, 0, 0, 0, 0, 0, 0, 0, 0, 0, 0, 0, 0, 0, 0, 0, 0, 0, 0, 0, 0, 0, 0, 0, 0, 0, 0, 0, 0, 0.0014053725, 0.0011066938, 0.0007531341, 0.00052063307, 0.00042243046, 0.00024315534, 7.3328665e-05, -0.000100452075, -0.00019185328, -0.00038574252, -0.0005952416, -0.00070432166, -0.0009289983, -0.0011595902, -0.0013947148, -0.0015139831, -0.0017560325, -0.002000155, -0.0021225498, -0.0023648692, -0.0026010545, -0.0028277645, -0.0029374638, -0.003149565, -0.003354468, -0.0034545825, -0.003651462, -0.0038440477, -0.003938506, -0.0041217795, -0.004291584, -0.0044400548, -0.0045048, -0.0046135806, -0.0046973443, -0.0047309306, -0.004784856, -0.0048265695, -0.0048600463, -0.004874407, -0.0048967353, -0.004906278, -0.004904326, -0.00488403, -0.004841858, -0.0048129573, -0.0047424496, -0.004657619, -0.004559978, -0.0045073284, -0.004392664, -0.004263219, -0.0041913725, -0.004028681, -0.003836529, -0.0036111819, -0.0034853932, -0.0032094126, -0.002902995, -0.0027400195, -0.0023976804, -0.0020393843, -0.0018577026, -0.0014999751, -0.0011776413, -0.00094368425, -0.0008777236, 0, 0, 0, 0, 0, 0, 0, 0, 0, 0, 0, 0, 0, 0, 0, 0, 0, 0, 0, 0, 0, 0, 0, 0, 0, 0, 0, 0, 0
0, 0, 0, 0, 0, 0, 0, 0, 0, 0, 0, 0, 0, 0, 0, 0, 0, 0, 0, 0, 0, 0, 0, 0, 0, 0, 0, 0, 0, 0, 0, 0, 0, 0, 0, 0, 0, 0, 0, 0, 0, 0, 0, 0, 0, 0, 0, 0, 0, 0, 0, 0, 0, 0, 0, 0.00096721604, 0.0007184609, 0.00047884157, 0.00037856336, 0.00020325127, 3.9363298e-05, -0.00013200435, -0.00022280835, -0.00041504504, -0.0006175409, -0.00072074967, -0.00092897477, -0.0011390478, -0.0013525685, -0.0014610966, -0.0016811683, -0.0019045131, -0.0020162084, -0.0022383167, -0.0024541127, -0.002659189, -0.0027580275, -0.0029480483, -0.0031307794, -0.0032204618, -0.0033959765, -0.0035666744, -0.0036493114, -0.0038078534, -0.0039519495, -0.0040759803, -0.004129495, -0.0042181034, -0.0042853323, -0.004312092, -0.0043547684, -0.004386287, -0.0044096275, -0.0044188583, -0.0044303173, -0.004429183, -0.00442225, -0.0043933587, -0.0043443674, -0.004312647, -0.004237433, -0.004147942, -0.004046307, -0.0039911782, -0.0038731026, -0.0037409787, -0.0036681877, -0.0035062195, -0.0033174292, -0.003099895, -0.0029802038, -0.0027197164, -0.002433373, -0.002281788, -0.0019656797, -0.0016368516, -0.0014698869, -0.001137243, -0.0008197708, -0.0005477359, -0.00044046997, -0.00025185986, 0, 0, 0, 0, 0, 0, 0, 0, 0, 0, 0, 0, 0, 0, 0, 0, 0, 0, 0, 0, 0, 0, 0, 0, 0, 0, 0, 0
0, 0, 0, 0, 0, 0, 0, 0, 0, 0, 0, 0, 0, 0, 0, 0, 0, 0, 0, 0, 0, 0, 0, 0, 0, 0, 0, 0, 0, 0, 0, 0, 0, 0, 0, 0, 0, 0, 0, 0, 0, 0, 0, 0, 0, 0, 0, 0, 0, 0, 0, 0, 0, 0, 0, 0, 0.0007789696, 0.0004913103, 0.0003850232, 0.00020663436, 3.8744267e-05, -0.0001395216, -0.0002333598, -0.00042645994, -0.00062161253, -0.0007192669, -0.00091220246, -0.0011049975, -0.0013002895, -0.0013993877, -0.0016017765, -0.0018071962, -0.001910279, -0.0021142305, -0.0023113696, -0.0024980293, -0.0025868958, -0.0027578159, -0.002920988, -0.0030003022, -0.0031537192, -0.0032997904, -0.0033695213, -0.003500547, -0.0036178166, -0.0037182218, -0.0037611264, -0.0038324376, -0.0038859788, -0.003906755, -0.003937407, -0.0039566513, -0.0039657764, -0.003966881, -0.003961018, -0.0039420454, -0.003926507, -0.003881694, -0.0038188451, -0.0037814386, -0.003695653, -0.003597049, -0.003486992, -0.0034281372, -0.0033028375, -0.003164839, -0.0030899502, -0.002925614, -0.002738674, -0.002529112, -0.0024159425, -0.0021733392, -0.0019117553, -0.0017748355, -0.0014924911, -0.0012036889, -0.0010592816, -0.0007741044, -0.00050429034, -0.00026717474, -0.00016715513, -1.8075966e-06, 0, 0, 0, 0, 0, 0, 0, 0, 0, 0, 0, 0, 0, 0, 0, 0, 0, 0, 0, 0, 0, 0, 0, 0, 0, 0, 0, 0
0, 0, 0, 0, 0, 0, 0, 0, 0, 0, 0, 0, 0, 0, 0, 0, 0, 0, 0, 0, 0, 0, 0, 0, 0, 0, 0, 0, 0, 0, 0, 0, 0, 0, 0, 0, 0, 0, 0, 0, 0, 0, 0, 0, 0, 0, 0, 0, 0, 0, 0, 0, 0, 0, 0, 0, 0, 0.0005212182, 0.00041686944, 0.00023996127, 5.94226e-05, -0.00013061358, -0.00022678734, -0.0004183885, -0.00060461357, -0.00069568976, -0.0008749243, -0.0010539186, -0.0012358456, -0.0013282794, -0.0015159494, -0.0017060426, -0.001800784, -0.001987897, -0.0021674824, -0.0023363994, -0.0024171039, -0.002570601, -0.00271469, -0.0027840263, -0.0029150173, -0.0030354697, -0.0030915837, -0.0031944064, -0.0032852415, -0.0033618442, -0.0033946093, -0.0034490342, -0.0034879243, -0.0035017133, -0.0035185618, -0.003521528, -0.0035122274, -0.0035029287, -0.0034745317, -0.0034320808, -0.0034052203, -0.003339468, -0.003258125, -0.0032123222, -0.003111759, -0.0030011602, -0.0028807558, -0.0028174727, -0.0026845909, -0.0025408622, -0.0024637268, -0.002297151, -0.0021144848, -0.0019159984, -0.0018112644, -0.0015918887, -0.0013611506, -0.0012427681, -0.0010038072, -0.00076667033, -0.0006506913, -0.00042712735, -0.0002190589, -3.1334654e-05, 5.398718e-05, 0.00020380846, 0, 0, 0, 0, 0, 0, 0, 0, 0, 0, 0, 0, 0, 0, 0, 0, 0, 0, 0, 0, 0, 0, 0, 0, 0, 0, 0, 0
0, 0, 0, 0, 0, 0, 0, 0, 0, 0, 0, 0, 0, 0, 0, 0, 0, 0, 0, 0, 0, 0, 0, 0, 0, 0, 0, 0, 0, 0, 0, 0, 0, 0, 0, 0, 0, 0, 0, 0, 0, 0, 0, 0, 0, 0, 0, 0, 0, 0, 0, 0, 0, 0, 0, 0, 0, 0, 0.00042395957, 0.00027515707, 8.6183165e-05, -0.00010892907, -0.00020355741, -0.0003858312, -0.000560148, -0.000646046, -0.0008162098, -0.0009864373, -0.0011586029, -0.0012456498, -0.0014206327, -0.0015955055, -0.001682234, -0.0018516311, -0.0020130642, -0.0021645385, -0.0022360836, -0.0023718283, -0.002497457, -0.002555967, -0.0026637355, -0.0027585286, -0.0028010597, -0.0028766438, -0.0029405425, -0.0029933194, -0.003015302, -0.0030498924, -0.003070383, -0.0030750525, -0.0030736744, -0.0030572393, -0.00302636, -0.003005815, -0.0029539762, -0.00288777, -0.0028491546, -0.0027613502, -0.0026605993, -0.0026058194, -0.0024894904, -0.002365615, -0.002235869, -0.002168835, -0.0020297952, -0.0018824019, -0.0018048061, -0.0016413423, -0.0014676924, -0.0012862436, -0.0011927271, -0.0010021749, -0.0008084097, -0.0007113884, -0.0005211841, -0.0003402106, -0.00025419958, -9.325567e-05, 5.4607044e-05, 0.00019421599, 0.00026511805, 0.00042763434, 0.00067974615, 0, 0, 0, 0, 0, 0, 0, 0, 0, 0, 0, 0, 0, 0, 0, 0, 0, 0, 0, 0, 0, 0, 0, 0, 0, 0, 0
0, 0, 0, 0, 0, 0, 0, 0, 0, 0, 0, 0, 0, 0, 0, 0, 0, 0, 0, 0, 0, 0, 0, 0, 0, 0, 0, 0, 0, 0, 0, 0, 0, 0, 0, 0, 0, 0, 0, 0, 0, 0, 0, 0, 0, 0, 0, 0, 0, 0, 0, 0, 0, 0, 0, 0, 0, 0, 0, 0.00028764477, 0.000108615604, -6.9425296e-05, -0.00015397182, -0.00031906323, -0.00048357697, -0.0005667032, -0.00073398306, -0.0009010649, -0.0010668236, -0.0011487729, -0.0013109792, -0.0014693824, -0.0015467497, -0.0016974418, -0.0018395324, -0.0019713421, -0.002033078, -0.0021487426, -0.0022527364, -0.0022995493, -0.0023825136, -0.0024508992, -0.0024801316, -0.0025288025, -0.002566545, -0.0025939362, -0.0026037516, -0.0026137787, -0.0026108567, -0.0026041768, -0.002580067, -0.0025420876, -0.0024900616, -0.0024591149, -0.0023874603, -0.0023022948, -0.002254501, -0.002149156, -0.0020326707, -0.0019709638, -0.0018414472, -0.0017078589, -0.001571857, -0.0015028851, -0.0013620353, -0.0012165271, -0.0011415835, -0.0009879358, -0.00083080877, -0.0006724663, -0.0005933117, -0.00043566214, -0.00028104061, -0.0002058637, -6.362066e-05, 6.490049e-05, 0.00012317806, 0.0002281143, 0.0003212714, 0.00041247977, 0.00046341075, 0.00059983705, 0.00083851966, 0.000997447, 0, 0, 0, 0, 0, 0, 0, 0, 0, 0, 0, 0, 0, 0, 0, 0, 0, 0, 0, 0, 0, 0, 0, 0, 0, 0
0, 0, 0, 0, 0, 0, 0, 0, 0, 0, 0, 0, 0, 0, 0, 0, 0, 0, 0, 0, 0, 0, 0, 0, 0, 0, 0, 0, 0, 0, 0, 0, 0, 0, 0, 0, 0, 0, 0, 0, 0, 0, 0, 0, 0, 0, 0, 0, 0, 0, 0, 0, 0, 0, 0, 0, 0, 0, 0, 0.00024882233, 0.00012363687, -2.8850138e-06, -6.823445e-05, -0.0002147044, -0.00037826307, -0.00046300428, -0.00063268153, -0.0007981758, -0.0009563655, -0.0010326514, -0.0011793694, -0.0013195259, -0.0013870046, -0.0015165259, -0.0016367027, -0.0017464506, -0.001796714, -0.0018882867, -0.001966667, -0.0020003517, -0.0020562806, -0.0020976698, -0.002113567, -0.0021366102, -0.0021488375, -0.0021495533, -0.0021455288, -0.0021272968, -0.0020963287, -0.0020762354, -0.0020272215, -0.0019673074, -0.0018969958, -0.0018580615, -0.0017725525, -0.0016761293, -0.0016236153, -0.0015098841, -0.001386094, -0.0013210259, -0.0011873834, -0.0010516716, -0.0009160851, -0.00084810203, -0.00071222056, -0.00057558675, -0.0005073401, -0.00037065512, -0.0002366723, -0.00010648313, -4.2886422e-05, 8.031155e-05, 0.00019672302, 0.0002514733, 0.00035093736, 0.0004340711, 0.0004691649, 0.0005279071, 0.00057467073, 0.0006192771, 0.0006462038, 0.00073158584, 0.0009119371, 0.0010602796, 0, 0, 0, 0, 0, 0, 0, 0, 0, 0, 0, 0, 0, 0, 0, 0, 0, 0, 0, 0, 0, 0, 0, 0, 0, 0
0, 0, 0, 0, 0, 0, 0, 0, 0, 0, 0, 0, 0, 0, 0, 0, 0, 0, 0, 0, 0, 0, 0, 0, 0, 0, 0, 0, 0, 0, 0, 0, 0, 0, 0, 0, 0, 0, 0, 0, 0, 0, 0, 0, 0, 0, 0, 0, 0, 0, 0, 0, 0, 0, 0, 0, 0, 0, 0, 0, 0.00011033312, 8.370843e-05, 4.6290304e-05, -8.840509e-05, -0.0002584382, -0.00034642513, -0.0005165193, -0.00067533297, -0.0008208771, -0.00088896975, -0.001017045, -0.0011363559, -0.0011926577, -0.0012988651, -0.0013953795, -0.0014792739, -0.0015166391, -0.0015806995, -0.0016304754, -0.0016497832, -0.0016779008, -0.0016927801, -0.0016961367, -0.001694383, -0.0016817093, -0.0016556679, -0.0016370559, -0.0015892513, -0.0015289353, -0.0014950363, -0.0014211829, -0.0013416115, -0.0012574067, -0.0012135026, -0.0011215209, -0.001022336, -0.0009694717, -0.0008574591, -0.00073699834, -0.00067476137, -0.00054810545, -0.00042100422, -0.00029515353, -0.0002325375, -0.00010840737, 1.2491382e-05, 7.1431496e-05, 0.00018530896, 0.0002923285, 0.00039190234, 0.00043928684, 0.0005282858, 0.00060924195, 0.0006456225, 0.00070839253, 0.0007552842, 0.0007727759, 0.0007963006, 0.00080779154, 0.00081395166, 0.00081914815, 0.0008482832, 0.0009351673, 0.0010072177, 0, 0, 0, 0, 0, 0, 0, 0, 0, 0, 0, 0, 0, 0, 0, 0, 0, 0, 0, 0, 0, 0, 0, 0, 0, 0
0, 0, 0, 0, 0, 0, 0, 0, 0, 0, 0, 0, 0, 0, 0, 0, 0, 0, 0, 0, 0, 0, 0, 0, 0, 0, 0, 0, 0, 0, 0, 0, 0, 0, 0, 0, 0, 0, 0, 0, 0, 0, 0, 0, 0, 0, 0, 0, 0, 0, 0, 0, 0, 0, 0, 0, 0, 0, 0, 0, 0, 0.00019142253, 0.00016193233, 2.8476567e-05, -0.00014060995, -0.00022485931, -0.0003824304, -0.00052397005, -0.0006490193, -0.00070612325, -0.0008117212, -0.0009078089, -0.00095282606, -0.0010350802, -0.0011061591, -0.0011635273, -0.001186564, -0.0012214106, -0.001241525, -0.0012469135, -0.0012479575, -0.0012388189, -0.0012308663, -0.001206379, -0.0011696625, -0.0011181384, -0.0010859731, -0.0010107786, -0.0009239464, -0.0008779549, -0.0007834839, -0.0006892665, -0.0005962441, -0.00055023923, -0.0004580992, -0.00036358778, -0.0003146604, -0.00021246905, -0.00010593367, -5.1521307e-05, 5.7533267e-05, 0.00016678512, 0.0002747666, 0.00032853833, 0.000434018, 0.0005349794, 0.00058265997, 0.00067100173, 0.0007498175, 0.00081859453, 0.00084978476, 0.0009063679, 0.0009546984, 0.0009754375, 0.0010079033, 0.0010271573, 0.0010319167, 0.0010320415, 0.0010226677, 0.0010082099, 0.0010021834, 0.0010074032, 0.0010805429, 0.0011745513, 0.0015678309, 0, 0, 0, 0, 0, 0, 0, 0, 0, 0, 0, 0, 0, 0, 0, 0, 0, 0, 0, 0, 0, 0, 0, 0, 0
0, 0, 0, 0, 0, 0, 0, 0, 0, 0, 0, 0, 0, 0, 0, 0, 0, 0, 0, 0, 0, 0, 0, 0, 0, 0, 0, 0, 0, 0, 0, 0, 0, 0, 0, 0, 0, 0, 0, 0, 0, 0, 0, 0, 0, 0, 0, 0, 0, 0, 0, 0, 0, 0, 0, 0, 0, 0, 0, 0, 0, 0, 0.00022050801, 0.000111160894, -2.0080211e-05, -8.741792e-05, -0.00021693241, -0.00033103334, -0.00042997868, -0.00047455513, -0.00055647834, -0.000629584, -0.00066327286, -0.0007218987, -0.0007674772, -0.0007971887, -0.00080633, -0.0008117288, -0.0008043156, -0.00079628243, -0.00077369314, -0.00074271596, -0.00072458945, -0.00067968166, -0.0006216503, -0.0005477092, -0.00050437526, -0.00040740674, -0.00030150716, -0.00024729798, -0.00014036856, -3.8865837e-05, 5.6154702e-05, 0.000101262274, 0.00018864826, 0.00027387636, 0.00031657147, 0.0004031716, 0.00048980385, 0.00053326454, 0.00061902177, 0.000704588, 0.00079016143, 0.0008331462, 0.00091679784, 0.0009948863, 0.0010305635, 0.0010936296, 0.0011449013, 0.001184487, 0.0012005068, 0.0012270984, 0.0012467661, 0.0012540307, 0.0012628275, 0.0012627223, 0.0012598037, 0.0012480486, 0.0012309349, 0.0012123764, 0.0012052688, 0.0012095226, 0.0012849416, 0.0013820494, 0.0017892821, 0, 0, 0, 0, 0, 0, 0, 0, 0, 0, 0, 0, 0, 0, 0, 0, 0, 0, 0, 0, 0, 0, 0, 0, 0
0, 0, 0, 0, 0, 0, 0, 0, 0, 0, 0, 0, 0, 0, 0, 0, 0, 0, 0, 0, 0, 0, 0, 0, 0, 0, 0, 0, 0, 0, 0, 0, 0, 0, 0, 0, 0, 0, 0, 0, 0, 0, 0, 0, 0, 0, 0, 0, 0, 0, 0, 0, 0, 0, 0, 0, 0, 0, 0, 0, 0, 0, 0, 0.00016375346, 0.00013244162, 9.230615e-05, -2.3317327e-06, -9.045817e-05, -0.0001645826, -0.00019744036, -0.00025665073, -0.00030765586, -0.00032965394, -0.00036468307, -0.00038374763, -0.00038542345, -0.00037972833, -0.0003575805, -0.0003241506, -0.00030448407, -0.0002604278, -0.00021055827, -0.00018256583, -0.00011955388, -4.3250187e-05, 4.8185284e-05, 9.9386285e-05, 0.0002091691, 0.0003235062, 0.00037966197, 0.00048780203, 0.0005873355, 0.00067785004, 0.00071988517, 0.0007988135, 0.00087292504, 0.0009083301, 0.0009772937, 0.0010431884, 0.0010749095, 0.001137007, 0.0011989078, 0.0012615481, 0.0012931124, 0.0013539628, 0.0014085732, 0.001432303, 0.0014710185, 0.0014963609, 0.0015097923, 0.0015123847, 0.0015128049, 0.0015089528, 0.0015058699, 0.0014972638, 0.0014856501, 0.0014785005, 0.001462318, 0.0014442578, 0.0014261032, 0.001418849, 0.0014175662, 0.0014676551, 0.0015372089, 0.0018529631, 0.0024650497, 0, 0, 0, 0, 0, 0, 0, 0, 0, 0, 0, 0, 0, 0, 0, 0, 0, 0, 0, 0, 0, 0, 0, 0
0, 0, 0, 0, 0, 0, 0, 0, 0, 0, 0, 0, 0, 0, 0, 0, 0, 0, 0, 0, 0, 0, 0, 0, 0, 0, 0, 0, 0, 0, 0, 0, 0, 0, 0, 0, 0, 0, 0, 0, 0, 0, 0, 0, 0, 0, 0, 0, 0, 0, 0, 0, 0, 0, 0, 0, 0, 0, 0, 0, 0, 0, 0, 0, 0.00035683668, 0.0003394294, 0.00026602228, 0.0001911615, 0.00013192113, 0.00010808195, 6.858484e-05, 4.0153183e-05, 3.065382e-05, 2.344758e-05, 3.430259e-05, 6.327955e-05, 8.389723e-05, 0.00013420977, 0.00019269876, 0.00022378322, 0.0002889433, 0.00035851897, 0.0003956341, 0.00047625875, 0.00056774647, 0.00066982274, 0.0007244346, 0.000836202, 0.0009460357, 0.0009983308, 0.0010965118, 0.0011851098, 0.0012656925, 0.0013028645, 0.0013722554, 0.0014349007, 0.0014635241, 0.001516175, 0.0015625492, 0.0015841216, 0.0016252989, 0.0016666423, 0.0017086131, 0.0017296316, 0.0017689047, 0.0018010437, 0.0018132204, 0.0018282816, 0.00183048, 0.001820743, 0.0018125783, 0.0017921975, 0.0017707942, 0.0017611126, 0.0017423637, 0.0017244162, 0.0017156029, 0.001696398, 0.001674479, 0.0016484271, 0.0016340002, 0.001605933, 0.0015961996, 0.001612072, 0.001733075, 0.0019608776, 0, 0, 0, 0, 0, 0, 0, 0, 0, 0, 0, 0, 0, 0, 0, 0, 0, 0, 0, 0, 0, 0, 0, 0
0, 0, 0, 0, 0, 0, 0, 0, 0, 0, 0, 0, 0, 0, 0, 0, 0, 0, 0, 0, 0, 0, 0, 0, 0, 0, 0, 0, 0, 0, 0, 0, 0, 0, 0, 0, 0, 0, 0, 0, 0, 0, 0, 0, 0, 0, 0, 0, 0, 0, 0, 0, 0, 0, 0, 0, 0, 0, 0, 0, 0, 0, 0, 0, 0.00065421086, 0.0006616738, 0.00058813655, 0.000495535, 0.00043369975, 0.00041420627, 0.00039390498, 0.00039350073, 0.0004006321, 0.00042922268, 0.0004763432, 0.0005397217, 0.0005762474, 0.0006558187, 0.00074045075, 0.00078374293, 0.0008721791, 0.0009634219, 0.0010109318, 0.0011092847, 0.001212715, 0.0013193717, 0.0013726898, 0.0014758032, 0.0015707948, 0.0016145451, 0.0016952335, 0.0017684709, 0.0018364554, 0.0018686043, 0.0019285496, 0.001980853, 0.0020035366, 0.0020422293, 0.0020723077, 0.0020851567, 0.0021096242, 0.002133673, 0.002158688, 0.0021704081, 0.0021903676, 0.002201701, 0.0022033448, 0.0021971676, 0.0021784892, 0.002150046, 0.0021334025, 0.0020989703, 0.0020675599, 0.0020541092, 0.0020311673, 0.0020100884, 0.0019991538, 0.0019735417, 0.0019390346, 0.0018921425, 0.0018631151, 0.0017947447, 0.0017231851, 0.0016982447, 0.0017327745, 0.0020487127, 0, 0, 0, 0, 0, 0, 0, 0, 0, 0, 0, 0, 0, 0, 0, 0, 0, 0, 0, 0, 0, 0, 0, 0
0, 0, 0, 0, 0, 0, 0, 0, 0, 0, 0, 0, 0, 0, 0, 0, 0, 0, 0, 0, 0, 0, 0, 0, 0, 0, 0, 0, 0, 0, 0, 0, 0, 0, 0, 0, 0, 0, 0, 0, 0, 0, 0, 0, 0, 0, 0, 0, 0, 0, 0, 0, 0, 0, 0, 0, 0, 0, 0, 0, 0, 0, 0, 0, 0, 0.0010630571, 0.00096879544, 0.0008025918, 0.00071443786, 0.00069769856, 0.000701338, 0.0007401599, 0.0007694888, 0.000844162, 0.0009350425, 0.0010372262, 0.0010912478, 0.0012016838, 0.0013140301, 0.0013707312, 0.001484744, 0.001600048, 0.0016578321, 0.00177342, 0.0018856726, 0.0019913919, 0.0020403983, 0.0021285429, 0.002204336, 0.0022381195, 0.0023005991, 0.0023599325, 0.0024173777, 0.0024451558, 0.0024969978, 0.0025401055, 0.0025577764, 0.002584346, 0.00260187, 0.0026083703, 0.0026194158, 0.0026302012, 0.0026411142, 0.0026454735, 0.0026491412, 0.0026424907, 0.0026347802, 0.0026101081, 0.0025746447, 0.0025327967, 0.0025112093, 0.002469858, 0.0024345643, 0.002420149, 0.002394856, 0.0023696637, 0.0023546007, 0.0023152474, 0.0022594044, 0.0021826287, 0.0021357937, 0.002025835, 0.0019032672, 0.0018471227, 0.0017935748, 0.0019084865, 0, 0, 0, 0, 0, 0, 0, 0, 0, 0, 0, 0, 0, 0, 0, 0, 0, 0, 0, 0, 0, 0, 0, 0
0, 0, 0, 0, 0, 0, 0, 0, 0, 0, 0, 0, 0, 0, 0, 0, 0, 0, 0, 0, 0, 0, 0, 0, 0, 0, 0, 0, 0, 0, 0, 0, 0, 0, 0, 0, 0, 0, 0, 0, 0, 0, 0, 0, 0, 0, 0, 0, 0, 0, 0, 0, 0, 0, 0, 0, 0, 0, 0, 0, 0, 0, 0, 0, 0, 0, 0.0013926313, 0.0010855998, 0.00096936495, 0.0009574035, 0.0009932759, 0.0010818266, 0.0011383869, 0.0012679468, 0.0014085481, 0.0015525518, 0.0016247904, 0.0017675296, 0.0019088801, 0.0019791136, 0.002119322, 0.002257761, 0.0023253812, 0.0024544953, 0.0025719483, 0.0026734346, 0.0027172628, 0.002791135, 0.0028509188, 0.0028773865, 0.0029277115, 0.0029783533, 0.003030104, 0.0030550377, 0.0031004963, 0.0031361438, 0.003149598, 0.0031670923, 0.0031752517, 0.0031771953, 0.0031795476, 0.0031815825, 0.0031820205, 0.003180929, 0.0031716914, 0.0031509628, 0.003135735, 0.0030970897, 0.003050242, 0.0030014357, 0.0029776557, 0.0029344456, 0.002898698, 0.0028833388, 0.0028536355, 0.0028177602, 0.0027949584, 0.0027342734, 0.0026503527, 0.0025414322, 0.0024776966, 0.0023340632, 0.0021793093, 0.0021072815, 0.002024556, 0.002173091, 0.0028307422, 0, 0, 0, 0, 0, 0, 0, 0, 0, 0, 0, 0, 0, 0, 0, 0, 0, 0, 0, 0, 0, 0, 0
0, 0, 0, 0, 0, 0, 0, 0, 0, 0, 0, 0, 0, 0, 0, 0, 0, 0, 0, 0, 0, 0, 0, 0, 0, 0, 0, 0, 0, 0, 0, 0, 0, 0, 0, 0, 0, 0, 0, 0, 0, 0, 0, 0, 0, 0, 0, 0, 0, 0, 0, 0, 0, 0, 0, 0, 0, 0, 0, 0, 0, 0, 0, 0, 0, 0, 0, 0.0013519262, 0.0012438344, 0.0012324932, 0.0012933632, 0.0014316064, 0.0015173177, 0.0017045398, 0.0018964107, 0.0020834066, 0.0021738214, 0.002348941, 0.0025181398, 0.0026011073, 0.0027643165, 0.0029207494, 0.002995453, 0.0031331386, 0.0032521489, 0.0033488686, 0.003389105, 0.0034554969, 0.003508556, 0.0035325345, 0.0035803996, 0.003630908, 0.003681734, 0.0037062538, 0.0037487275, 0.003779911, 0.0037906657, 0.0038026262, 0.0038059358, 0.0038057815, 0.0038036865, 0.0038008867, 0.0037954454, 0.003790735, 0.0037733202, 0.0037432478, 0.0037234798, 0.0036764864, 0.0036246704, 0.0035734058, 0.0035493523, 0.0035050693, 0.0034655938, 0.003446546, 0.003404273, 0.0033488674, 0.0033138015, 0.0032249042, 0.0031103266, 0.0029707788, 0.0028930684, 0.0027247148, 0.0025500385, 0.0024688493, 0.0023634857, 0.0024726957, 0.003083863, 0.0035892762, 0, 0, 0, 0, 0, 0, 0, 0, 0, 0, 0, 0, 0, 0, 0, 0, 0, 0, 0, 0, 0, 0
0, 0, 0, 0, 0, 0, 0, 0, 0, 0, 0, 0, 0, 0, 0, 0, 0, 0, 0, 0, 0, 0, 0, 0, 0, 0, 0, 0, 0, 0, 0, 0, 0, 0, 0, 0, 0, 0, 0, 0, 0, 0, 0, 0, 0, 0, 0, 0, 0, 0, 0, 0, 0, 0, 0, 0, 0, 0, 0, 0, 0, 0, 0, 0, 0, 0, 0, 0.0017546307, 0.0016228382, 0.0015876683, 0.0016367807, 0.0018054794, 0.0019151868, 0.0021538292, 0.0023934336, 0.0026209124, 0.002728625, 0.0029338773, 0.0031276399, 0.0032212432, 0.0034010457, 0.0035691885, 0.0036471498, 0.0037881506, 0.00390713, 0.0040024086, 0.004042644, 0.00411059, 0.0041681463, 0.0041960506, 0.0042524883, 0.004310622, 0.0043675546, 0.0043939175, 0.004438697, 0.0044704005, 0.0044808215, 0.0044925464, 0.004495751, 0.0044953455, 0.0044935676, 0.0044905394, 0.004483428, 0.0044770967, 0.0044553177, 0.0044205147, 0.00439862, 0.004348995, 0.004295678, 0.0042428714, 0.004217056, 0.004166261, 0.0041140383, 0.0040856274, 0.0040195645, 0.0039347997, 0.0038834768, 0.0037615888, 0.0036155735, 0.0034487909, 0.0033591187, 0.0031704903, 0.002976034, 0.0028811218, 0.0027221385, 0.0026800616, 0.0028782526, 0.003030342, 0, 0, 0, 0, 0, 0, 0, 0, 0, 0, 0, 0, 0, 0, 0, 0, 0, 0, 0, 0, 0, 0
0, 0, 0, 0, 0, 0, 0, 0, 0, 0, 0, 0, 0, 0, 0, 0, 0, 0, 0, 0, 0, 0, 0, 0, 0, 0, 0, 0, 0, 0, 0, 0, 0, 0, 0, 0, 0, 0, 0, 0, 0, 0, 0, 0, 0, 0, 0, 0, 0, 0, 0, 0, 0, 0, 0, 0, 0, 0, 0, 0, 0, 0, 0, 0, 0, 0, 0, 0, 0.0021541272, 0.0020731124, 0.002054472, 0.0022140082, 0.0023339263, 0.0026055467, 0.0028826967, 0.0031446782, 0.0032680894, 0.0034991498, 0.0037121065, 0.0038128712, 0.004003132, 0.0041766874, 0.004256334, 0.0043994514, 0.004520181, 0.0046212217, 0.004665632, 0.00474593, 0.004820558, 0.0048574866, 0.004931802, 0.0050061597, 0.0050763027, 0.0051079397, 0.0051617944, 0.005200487, 0.005214113, 0.005231211, 0.0052396315, 0.005241835, 0.0052442634, 0.0052437466, 0.005236834, 0.005229613, 0.005205329, 0.0051681185, 0.00514536, 0.005094387, 0.005038532, 0.0049790307, 0.004947549, 0.004879662, 0.0048020114, 0.0047581117, 0.004657237, 0.004534769, 0.0044649034, 0.0043083113, 0.0041320017, 0.0039398856, 0.0038388239, 0.0036279005, 0.0034080495, 0.0032972419, 0.003092012, 0.0029815105, 0.003190708, 0.003546345, 0, 0, 0, 0, 0, 0, 0, 0, 0, 0, 0, 0, 0, 0, 0, 0, 0, 0, 0, 0, 0, 0
0, 0, 0, 0, 0, 0, 0, 0, 0, 0, 0, 0, 0, 0, 0, 0, 0, 0, 0, 0, 0, 0, 0, 0, 0, 0, 0, 0, 0, 0, 0, 0, 0, 0, 0, 0, 0, 0, 0, 0, 0, 0, 0, 0, 0, 0, 0, 0, 0, 0, 0, 0, 0, 0, 0, 0, 0, 0, 0, 0, 0, 0, 0, 0, 0, 0, 0, 0, 0.0028321252, 0.0027321973, 0.0025922388, 0.0026737272, 0.0027745997, 0.003039591, 0.0033355162, 0.0036229051, 0.0037582272, 0.0040091653, 0.004236236, 0.004341896, 0.004538837, 0.004717725, 0.004799999, 0.0049492344, 0.005080536, 0.0051968587, 0.0052512866, 0.0053553046, 0.0054569775, 0.0055074883, 0.0056083924, 0.0057066847, 0.005797101, 0.005837828, 0.0059079262, 0.0059603746, 0.0059801126, 0.006009006, 0.006027504, 0.006034291, 0.0060435217, 0.0060461955, 0.006038545, 0.00602974, 0.0060016727, 0.005959701, 0.005934893, 0.0058777034, 0.005811921, 0.005736207, 0.005693174, 0.005596033, 0.005481908, 0.0054177297, 0.005274606, 0.0051117456, 0.005023076, 0.0048328214, 0.0046275794, 0.004409158, 0.004294725, 0.004055379, 0.0038016776, 0.003670839, 0.003417276, 0.0032469549, 0.0033826549, 0.0036914744, 0.0048817554, 0, 0, 0, 0, 0, 0, 0, 0, 0, 0, 0, 0, 0, 0, 0, 0, 0, 0, 0, 0, 0
0, 0, 0, 0, 0, 0, 0, 0, 0, 0, 0, 0, 0, 0, 0, 0, 0, 0, 0, 0, 0, 0, 0, 0, 0, 0, 0, 0, 0, 0, 0, 0, 0, 0, 0, 0, 0, 0, 0, 0, 0, 0, 0, 0, 0, 0, 0, 0, 0, 0, 0, 0, 0, 0, 0, 0, 0, 0, 0, 0, 0, 0, 0, 0, 0, 0, 0, 0, 0, 0.0035789984, 0.0033420683, 0.003226663, 0.0032489325, 0.003432858, 0.003718067, 0.00401907, 0.004162311, 0.004426329, 0.0046632434, 0.0047733732, 0.0049799094, 0.005170505, 0.0052600414, 0.0054280446, 0.0055830968, 0.005728782, 0.0057993764, 0.0059382166, 0.0060752835, 0.0061432854, 0.0062765083, 0.006404128, 0.006520786, 0.006572982, 0.0066639865, 0.00673486, 0.006763225, 0.006808256, 0.0068402127, 0.006852293, 0.0068686856, 0.006873036, 0.0068616243, 0.0068494533, 0.006812632, 0.0067603667, 0.0067295083, 0.0066578607, 0.0065722615, 0.00646892, 0.0064094937, 0.0062741376, 0.0061172326, 0.006031156, 0.00584571, 0.0056443387, 0.00553851, 0.005317634, 0.0050851153, 0.00483916, 0.004709722, 0.0044357106, 0.004137333, 0.0039788997, 0.0036523424, 0.0033565336, 0.003221482, 0.0032819747, 0.0036704568, 0, 0, 0, 0, 0, 0, 0, 0, 0, 0, 0, 0, 0, 0, 0, 0, 0, 0, 0, 0, 0
0, 0, 0, 0, 0, 0, 0, 0, 0, 0, 0, 0, 0, 0, 0, 0, 0, 0, 0, 0, 0, 0, 0, 0, 0, 0, 0, 0, 0, 0, 0, 0, 0, 0, 0, 0, 0, 0, 0, 0, 0, 0, 0, 0, 0, 0, 0, 0, 0, 0, 0, 0, 0, 0, 0, 0, 0, 0, 0, 0, 0, 0, 0, 0, 0, 0, 0, 0, 0, 0, 0.00446383, 0.003941016, 0.0037795913, 0.003777455, 0.004013007, 0.0043067117, 0.0044505154, 0.0047206036, 0.0049686013, 0.005086305, 0.0053132223, 0.005530247, 0.005635386, 0.0058391616, 0.006034078, 0.006223127, 0.0063158046, 0.006498582, 0.0066773077, 0.006764982, 0.0069340672, 0.0070927017, 0.0072357985, 0.0072998926, 0.0074118963, 0.007502231, 0.007539738, 0.007601253, 0.0076463525, 0.0076631177, 0.0076842587, 0.007686502, 0.007667337, 0.0076494105, 0.0075980797, 0.0075289183, 0.007488185, 0.0073940204, 0.0072805015, 0.0071431464, 0.0070649222, 0.0068891793, 0.0066913115, 0.006585471, 0.0063635064, 0.0061302613, 0.0060101883, 0.005763454, 0.0055063227, 0.0052339216, 0.005090018, 0.0047824765, 0.0044428413, 0.0042594946, 0.0038683447, 0.003466296, 0.0031349252, 0.0030468516, 0.0030991926, 0, 0, 0, 0, 0, 0, 0, 0, 0, 0, 0, 0, 0, 0, 0, 0, 0, 0, 0, 0, 0
0, 0, 0, 0, 0, 0, 0, 0, 0, 0, 0, 0, 0, 0, 0, 0, 0, 0, 0, 0, 0, 0, 0, 0, 0, 0, 0, 0, 0, 0, 0, 0, 0, 0, 0, 0, 0, 0, 0, 0, 0, 0, 0, 0, 0, 0, 0, 0, 0, 0, 0, 0, 0, 0, 0, 0, 0, 0, 0, 0, 0, 0, 0, 0, 0, 0, 0, 0, 0, 0, 0.006098194, 0.0048121624, 0.004398689, 0.0041315896, 0.0042360267, 0.0044738646, 0.0046077142, 0.004880113, 0.0051504667, 0.0052846326, 0.005551758, 0.00581603, 0.0059462227, 0.006201865, 0.006450678, 0.0066927453, 0.0068109906, 0.0070428113, 0.007265482, 0.007372414, 0.0075762337, 0.0077631306, 0.00792856, 0.008002124, 0.008130823, 0.008236005, 0.008280027, 0.008353363, 0.008406681, 0.008425609, 0.00844635, 0.008442082, 0.008410726, 0.00838494, 0.008315565, 0.008224523, 0.008171853, 0.008051562, 0.007908173, 0.0077382126, 0.007642504, 0.007432563, 0.007202164, 0.007081431, 0.006832782, 0.0065763383, 0.0064455396, 0.0061778533, 0.0058999867, 0.0056064497, 0.005452122, 0.005123743, 0.0047647017, 0.00457328, 0.004169806, 0.0037626603, 0.0034505683, 0.0034086849, 0.0038779522, 0, 0, 0, 0, 0, 0, 0, 0, 0, 0, 0, 0, 0, 0, 0, 0, 0, 0, 0, 0, 0
0, 0, 0, 0, 0, 0, 0, 0, 0, 0, 0, 0, 0, 0, 0, 0, 0, 0, 0, 0, 0, 0, 0, 0, 0, 0, 0, 0, 0, 0, 0, 0, 0, 0, 0, 0, 0, 0, 0, 0, 0, 0, 0, 0, 0, 0, 0, 0, 0, 0, 0, 0, 0, 0, 0, 0, 0, 0, 0, 0, 0, 0, 0, 0, 0, 0, 0, 0, 0, 0, 0, 0.005746175, 0.0054309512, 0.004646317, 0.0043970193, 0.0045083235, 0.0046264175, 0.0049146656, 0.005233958, 0.005398629, 0.0057309796, 0.006062497, 0.0062258476, 0.0065455604, 0.006854401, 0.007151812, 0.0072959163, 0.0075740516, 0.007836498, 0.007960848, 0.008193126, 0.008400917, 0.008580903, 0.008660013, 0.008796808, 0.008907833, 0.008954107, 0.009029505, 0.00908204, 0.009099237, 0.009113271, 0.009098248, 0.009052586, 0.00901854, 0.00893036, 0.008818243, 0.008754315, 0.008609724, 0.008441247, 0.008245922, 0.008138205, 0.007905295, 0.0076548047, 0.0075249705, 0.0072592273, 0.0069865705, 0.006848105, 0.0065647378, 0.006271408, 0.005963988, 0.0058042193, 0.005470289, 0.005116889, 0.004933825, 0.004561617, 0.004210401, 0.003978568, 0.003979798, 0.0044934065, 0.0059367185, 0, 0, 0, 0, 0, 0, 0, 0, 0, 0, 0, 0, 0, 0, 0, 0, 0, 0, 0, 0
0, 0, 0, 0, 0, 0, 0, 0, 0, 0, 0, 0, 0, 0, 0, 0, 0, 0, 0, 0, 0, 0, 0, 0, 0, 0, 0, 0, 0, 0, 0, 0, 0, 0, 0, 0, 0, 0, 0, 0, 0, 0, 0, 0, 0, 0, 0, 0, 0, 0, 0, 0, 0, 0, 0, 0, 0, 0, 0, 0, 0, 0, 0, 0, 0, 0, 0, 0, 0, 0, 0, 0.00902876, 0.007816091, 0.0051657883, 0.0044029453, 0.004398121, 0.0045174826, 0.0048603965, 0.0052638724, 0.0054730754, 0.0058933953, 0.006304758, 0.0065046926, 0.0068908124, 0.007256988, 0.0076038516, 0.007769766, 0.008085772, 0.008378285, 0.008514719, 0.0087657785, 0.008985036, 0.0091704745, 0.00925035, 0.009385331, 0.009491056, 0.009534006, 0.009600384, 0.009642395, 0.009653618, 0.00965544, 0.009627262, 0.009567841, 0.009526891, 0.009423995, 0.009296494, 0.009224656, 0.009063684, 0.008879633, 0.008670094, 0.008556328, 0.008313068, 0.008053581, 0.007919655, 0.00764503, 0.007362131, 0.007217726, 0.0069226124, 0.0066176034, 0.0063022464, 0.0061403927, 0.0058086375, 0.005467766, 0.005295188, 0.004951608, 0.0046303314, 0.0043982943, 0.0043664873, 0.0046803155, 0.005880732, 0.0067522964, 0, 0, 0, 0, 0, 0, 0, 0, 0, 0, 0, 0, 0, 0, 0, 0, 0, 0, 0
0, 0, 0, 0, 0, 0, 0, 0, 0, 0, 0, 0, 0, 0, 0, 0, 0, 0, 0, 0, 0, 0, 0, 0, 0, 0, 0, 0, 0, 0, 0, 0, 0, 0, 0, 0, 0, 0, 0, 0, 0, 0, 0, 0, 0, 0, 0, 0, 0, 0, 0, 0, 0, 0, 0, 0, 0, 0, 0, 0, 0, 0, 0, 0, 0, 0, 0, 0, 0, 0, 0, 0, 0, 0.0049149664, 0.0042353207, 0.004221651, 0.0043617506, 0.0047876555, 0.005295793, 0.0055570845, 0.00607143, 0.006561287, 0.0067943702, 0.0072371587, 0.0076496173, 0.008033188, 0.008214384, 0.008555297, 0.008865456, 0.009007925, 0.00926629, 0.009487002, 0.0096687265, 0.009745029, 0.009869727, 0.009961569, 0.009996364, 0.010046021, 0.010070819, 0.010073852, 0.010060727, 0.01002049, 0.009951622, 0.009906691, 0.00979697, 0.009663291, 0.009588312, 0.00942151, 0.009232384, 0.009020235, 0.008905695, 0.008662345, 0.0084032705, 0.008268762, 0.0079907905, 0.0077023604, 0.007554186, 0.0072503993, 0.006937736, 0.006616707, 0.006453284, 0.006121022, 0.0057821856, 0.005610079, 0.0052593932, 0.004901344, 0.0045574503, 0.004414129, 0.0042993063, 0.004626591, 0.004915741, 0, 0, 0, 0, 0, 0, 0, 0, 0, 0, 0, 0, 0, 0, 0, 0, 0, 0, 0
0, 0, 0, 0, 0, 0, 0, 0, 0, 0, 0, 0, 0, 0, 0, 0, 0, 0, 0, 0, 0, 0, 0, 0, 0, 0, 0, 0, 0, 0, 0, 0, 0, 0, 0, 0, 0, 0, 0, 0, 0, 0, 0, 0, 0, 0, 0, 0, 0, 0, 0, 0, 0, 0, 0, 0, 0, 0, 0, 0, 0, 0, 0, 0, 0, 0, 0, 0, 0, 0, 0, 0, 0, 0.0050203637, 0.0042858436, 0.0041640936, 0.004297364, 0.004776878, 0.0053752623, 0.0056817, 0.006274706, 0.006824434, 0.0070816716, 0.0075622024, 0.008002421, 0.008406472, 0.0085954685, 0.00894717, 0.009261531, 0.009404132, 0.009659345, 0.00987319, 0.010044148, 0.010113842, 0.01022382, 0.0102984365, 0.010324084, 0.010355639, 0.0103636505, 0.0103592565, 0.010333838, 0.010285896, 0.010214238, 0.010169396, 0.01006212, 0.009932349, 0.009859368, 0.00969745, 0.009512798, 0.009306089, 0.009194902, 0.008958721, 0.008705643, 0.008573531, 0.00829837, 0.008009412, 0.007860027, 0.0075532594, 0.0072369073, 0.006911728, 0.006746077, 0.0064080893, 0.0060588513, 0.00587802, 0.0054962034, 0.005075795, 0.0046126745, 0.0043750126, 0.0039632414, 0.0038241253, 0.0038867989, 0, 0, 0, 0, 0, 0, 0, 0, 0, 0, 0, 0, 0, 0, 0, 0, 0, 0, 0
0, 0, 0, 0, 0, 0, 0, 0, 0, 0, 0, 0, 0, 0, 0, 0, 0, 0, 0, 0, 0, 0, 0, 0, 0, 0, 0, 0, 0, 0, 0, 0, 0, 0, 0, 0, 0, 0, 0, 0, 0, 0, 0, 0, 0, 0, 0, 0, 0, 0, 0, 0, 0, 0, 0, 0, 0, 0, 0, 0, 0, 0, 0, 0, 0, 0, 0, 0, 0, 0, 0, 0, 0, 0, 0.0046815802, 0.0043619676, 0.0044394895, 0.004894886, 0.005526068, 0.005854519, 0.0064879833, 0.007067425, 0.007334948, 0.007829614, 0.008277703, 0.00868436, 0.0088728145, 0.009220227, 0.009526863, 0.009664658, 0.009908785, 0.0101101305, 0.010267736, 0.010330791, 0.010427129, 0.010488096, 0.0105069475, 0.010526585, 0.010524642, 0.010516421, 0.010486654, 0.01043882, 0.01037212, 0.010331502, 0.010235294, 0.010118225, 0.010051938, 0.009902043, 0.009729508, 0.009534275, 0.009429018, 0.009204575, 0.0089622075, 0.008835259, 0.008569428, 0.008287673, 0.008141411, 0.007838754, 0.007524702, 0.0071993554, 0.007032404, 0.006688657, 0.0063277544, 0.0061382693, 0.0057343845, 0.0052856538, 0.0047925347, 0.0045421193, 0.0041279704, 0.004146139, 0.0045174262, 0, 0, 0, 0, 0, 0, 0, 0, 0, 0, 0, 0, 0, 0, 0, 0, 0, 0, 0
0, 0, 0, 0, 0, 0, 0, 0, 0, 0, 0, 0, 0, 0, 0, 0, 0, 0, 0, 0, 0, 0, 0, 0, 0, 0, 0, 0, 0, 0, 0, 0, 0, 0, 0, 0, 0, 0, 0, 0, 0, 0, 0, 0, 0, 0, 0, 0, 0, 0, 0, 0, 0, 0, 0, 0, 0, 0, 0, 0, 0, 0, 0, 0, 0, 0, 0, 0, 0, 0, 0, 0, 0, 0, 0, 0.006608635, 0.0060984553, 0.005673571, 0.005953945, 0.0062115192, 0.0067801108, 0.007324125, 0.0075758663, 0.008038477, 0.008452373, 0.008821437, 0.008989327, 0.009294706, 0.0095597515, 0.0096782455, 0.009888362, 0.010063405, 0.010204518, 0.0102622975, 0.0103548495, 0.010418664, 0.010441632, 0.01047179, 0.01048465, 0.010485331, 0.010475958, 0.01045381, 0.010419209, 0.010396792, 0.010340431, 0.010264976, 0.010218663, 0.010107791, 0.00997021, 0.009807824, 0.009718412, 0.009525859, 0.00931877, 0.009210833, 0.008985406, 0.008746019, 0.00862008, 0.008354603, 0.008069219, 0.0077625993, 0.0076014493, 0.007263299, 0.0069047357, 0.006718194, 0.00633037, 0.005926466, 0.0055217734, 0.0053310767, 0.005037942, 0.0050604115, 0.005321636, 0.0066740997, 0, 0, 0, 0, 0, 0, 0, 0, 0, 0, 0, 0, 0, 0, 0, 0, 0, 0
0, 0, 0, 0, 0, 0, 0, 0, 0, 0, 0, 0, 0, 0, 0, 0, 0, 0, 0, 0, 0, 0, 0, 0, 0, 0, 0, 0, 0, 0, 0, 0, 0, 0, 0, 0, 0, 0, 0, 0, 0, 0, 0, 0, 0, 0, 0, 0, 0, 0, 0, 0, 0, 0, 0, 0, 0, 0, 0, 0, 0, 0, 0, 0, 0, 0, 0, 0, 0, 0, 0, 0, 0, 0, 0, 0.009617492, 0.007594994, 0.006093406, 0.0060881665, 0.0062748445, 0.0067526754, 0.007243136, 0.0074756, 0.007908481, 0.008296215, 0.008639522, 0.008794703, 0.00907464, 0.009317855, 0.009427049, 0.009624198, 0.009794247, 0.009938158, 0.0100007625, 0.010107172, 0.010190062, 0.010223585, 0.010276514, 0.010311966, 0.0103235785, 0.010335882, 0.010335386, 0.010323176, 0.0103123365, 0.0102790715, 0.0102269575, 0.010192219, 0.010102881, 0.009985636, 0.009842453, 0.009762627, 0.00959079, 0.009407327, 0.009312307, 0.009115324, 0.008906367, 0.008795625, 0.008558227, 0.008296196, 0.0080071185, 0.007852435, 0.0075242626, 0.007173658, 0.0069911242, 0.0066129393, 0.006218755, 0.005812513, 0.0056083784, 0.0052218987, 0.004960008, 0.0049467706, 0.0053336928, 0, 0, 0, 0, 0, 0, 0, 0, 0, 0, 0, 0, 0, 0, 0, 0, 0, 0
0, 0, 0, 0, 0, 0, 0, 0, 0, 0, 0, 0, 0, 0, 0, 0, 0, 0, 0, 0, 0, 0, 0, 0, 0, 0, 0, 0, 0, 0, 0, 0, 0, 0, 0, 0, 0, 0, 0, 0, 0, 0, 0, 0, 0, 0, 0, 0, 0, 0, 0, 0, 0, 0, 0, 0, 0, 0, 0, 0, 0, 0, 0, 0, 0, 0, 0, 0, 0, 0, 0, 0, 0, 0, 0, 0, 0.00694477, 0.0064070974, 0.0061886525, 0.0062433877, 0.006551794, 0.006970159, 0.0071851374, 0.007595904, 0.007966141, 0.00829017, 0.008435941, 0.0086979, 0.00892802, 0.009032946, 0.009227301, 0.0094028395, 0.009560804, 0.009633167, 0.009763697, 0.009875031, 0.00992336, 0.010005872, 0.010069742, 0.0100949695, 0.0101329535, 0.010156708, 0.010167438, 0.010167868, 0.010157017, 0.010126838, 0.010102845, 0.010035175, 0.00993975, 0.009818294, 0.009749792, 0.00960168, 0.009444109, 0.009362867, 0.009195011, 0.0090152975, 0.008919061, 0.008708831, 0.008469815, 0.008199224, 0.008051973, 0.0077345525, 0.007390011, 0.007208773, 0.00682946, 0.0064253295, 0.0059894253, 0.005756724, 0.005264835, 0.004784771, 0.0045968583, 0.004485, 0, 0, 0, 0, 0, 0, 0, 0, 0, 0, 0, 0, 0, 0, 0, 0, 0, 0
0, 0, 0, 0, 0, 0, 0, 0, 0, 0, 0, 0, 0, 0, 0, 0, 0, 0, 0, 0, 0, 0, 0, 0, 0, 0, 0, 0, 0, 0, 0, 0, 0, 0, 0, 0, 0, 0, 0, 0, 0, 0, 0, 0, 0, 0, 0, 0, 0, 0, 0, 0, 0, 0, 0, 0, 0, 0, 0, 0, 0, 0, 0, 0, 0, 0, 0, 0, 0, 0, 0, 0, 0, 0, 0, 0, 0.009394795, 0.00768722, 0.0063217287, 0.0060776244, 0.0061379727, 0.0065042023, 0.006714876, 0.0071242345, 0.007489282, 0.007804784, 0.007945972, 0.008201522, 0.008430932, 0.008538103, 0.008742682, 0.008936067, 0.009118871, 0.009205632, 0.009368548, 0.00951424, 0.009580064, 0.009696358, 0.00979234, 0.00983236, 0.009898189, 0.0099473195, 0.009980874, 0.009991901, 0.010000834, 0.009990726, 0.009977086, 0.009931322, 0.0098590655, 0.009762257, 0.009706582, 0.009584742, 0.009453483, 0.009385231, 0.009241702, 0.009085579, 0.009000093, 0.008810059, 0.008588921, 0.00833317, 0.008191951, 0.0078837285, 0.007543338, 0.007361804, 0.006976818, 0.0065597133, 0.0061029093, 0.005857095, 0.0053377077, 0.0048446883, 0.004671815, 0.0047763092, 0.00604409, 0, 0, 0, 0, 0, 0, 0, 0, 0, 0, 0, 0, 0, 0, 0, 0, 0
0, 0, 0, 0, 0, 0, 0, 0, 0, 0, 0, 0, 0, 0, 0, 0, 0, 0, 0, 0, 0, 0, 0, 0, 0, 0, 0, 0, 0, 0, 0, 0, 0, 0, 0, 0, 0, 0, 0, 0, 0, 0, 0, 0, 0, 0, 0, 0, 0, 0, 0, 0, 0, 0, 0, 0, 0, 0, 0, 0, 0, 0, 0, 0, 0, 0, 0, 0, 0, 0, 0, 0, 0, 0, 0, 0, 0, 0.009130845, 0.006019201, 0.005575591, 0.0055499314, 0.005925041, 0.0061425576, 0.0065584634, 0.0069222017, 0.007235056, 0.007376165, 0.007636485, 0.007877852, 0.007994419, 0.008222464, 0.008444654, 0.008660765, 0.008765427, 0.008965086, 0.009147907, 0.009232426, 0.009384595, 0.009513802, 0.009569777, 0.009665017, 0.009739947, 0.009795887, 0.009816931, 0.0098447595, 0.009853569, 0.009850089, 0.009826635, 0.009779826, 0.009710297, 0.009668421, 0.009573225, 0.00946533, 0.009407235, 0.009281573, 0.009139092, 0.0090595065, 0.008879418, 0.008667369, 0.008420072, 0.008282913, 0.007981434, 0.007643982, 0.0074623763, 0.0070738033, 0.0066501857, 0.006188873, 0.0059447023, 0.0054427474, 0.004991606, 0.004845986, 0.004983729, 0.0062158597, 0.007197353, 0, 0, 0, 0, 0, 0, 0, 0, 0, 0, 0, 0, 0, 0, 0, 0
0, 0, 0, 0, 0, 0, 0, 0, 0, 0, 0, 0, 0, 0, 0, 0, 0, 0, 0, 0, 0, 0, 0, 0, 0, 0, 0, 0, 0, 0, 0, 0, 0, 0, 0, 0, 0, 0, 0, 0, 0, 0, 0, 0, 0, 0, 0, 0, 0, 0, 0, 0, 0, 0, 0, 0, 0, 0, 0, 0, 0, 0, 0, 0, 0, 0, 0, 0, 0, 0, 0, 0, 0, 0, 0, 0, 0, 0, 0.005149526, 0.004984644, 0.0050338744, 0.005376841, 0.005579751, 0.0059743766, 0.0063268724, 0.006637984, 0.0067825546, 0.00705777, 0.0073235515, 0.0074547753, 0.0077158166, 0.007974598, 0.008228099, 0.008351855, 0.008589505, 0.008809919, 0.008912489, 0.009099482, 0.009261581, 0.00933295, 0.00945741, 0.009558453, 0.009637108, 0.009668287, 0.0097157275, 0.009744399, 0.009751776, 0.009751936, 0.009731588, 0.0096895965, 0.009660906, 0.009589594, 0.009500624, 0.009449545, 0.009333118, 0.009194433, 0.009115315, 0.008935152, 0.008723586, 0.008479317, 0.008344194, 0.008047403, 0.007714328, 0.0075342697, 0.007146859, 0.0067231483, 0.006262132, 0.006018652, 0.0055147293, 0.0050266394, 0.0048221047, 0.0046350993, 0.0049871122, 0.005310717, 0, 0, 0, 0, 0, 0, 0, 0, 0, 0, 0, 0, 0, 0, 0, 0
0, 0, 0, 0, 0, 0, 0, 0, 0, 0, 0, 0, 0, 0, 0, 0, 0, 0, 0, 0, 0, 0, 0, 0, 0, 0, 0, 0, 0, 0, 0, 0, 0, 0, 0, 0, 0, 0, 0, 0, 0, 0, 0, 0, 0, 0, 0, 0, 0, 0, 0, 0, 0, 0, 0, 0, 0, 0, 0, 0, 0, 0, 0, 0, 0, 0, 0, 0, 0, 0, 0, 0, 0, 0, 0, 0, 0, 0, 0.005748932, 0.005195262, 0.004789156, 0.004925597, 0.00507393, 0.005410195, 0.0057426007, 0.006057153, 0.006209889, 0.006510899, 0.0068111247, 0.0069616614, 0.0072619487, 0.007559902, 0.007851427, 0.007993257, 0.0082656555, 0.008519234, 0.008637615, 0.00885546, 0.009047198, 0.009132908, 0.009284593, 0.00941045, 0.009512202, 0.009554523, 0.009623862, 0.009674578, 0.009693621, 0.009717934, 0.00972251, 0.0097053, 0.009687956, 0.009635677, 0.009559551, 0.009512235, 0.009398429, 0.009256442, 0.009174376, 0.008987821, 0.00877173, 0.008526874, 0.008393306, 0.008102282, 0.007777311, 0.0076014716, 0.007222441, 0.006805977, 0.0063499818, 0.0061065573, 0.0055887955, 0.005040806, 0.004769819, 0.004316706, 0.0041761347, 0.0042487746, 0, 0, 0, 0, 0, 0, 0, 0, 0, 0, 0, 0, 0, 0, 0, 0
0, 0, 0, 0, 0, 0, 0, 0, 0, 0, 0, 0, 0, 0, 0, 0, 0, 0, 0, 0, 0, 0, 0, 0, 0, 0, 0, 0, 0, 0, 0, 0, 0, 0, 0, 0, 0, 0, 0, 0, 0, 0, 0, 0, 0, 0, 0, 0, 0, 0, 0, 0, 0, 0, 0, 0, 0, 0, 0, 0, 0, 0, 0, 0, 0, 0, 0, 0, 0, 0, 0, 0, 0, 0, 0, 0, 0, 0, 0.006010908, 0.00538137, 0.004613492, 0.004513622, 0.0045959842, 0.0048664184, 0.0051868027, 0.005518495, 0.0056868126, 0.006026872, 0.0063703074, 0.006542554, 0.00688464, 0.0072200843, 0.0075442083, 0.0077009443, 0.008000324, 0.008278512, 0.008408784, 0.008650303, 0.008865615, 0.008963355, 0.009139064, 0.009289134, 0.009413997, 0.0094678495, 0.00955996, 0.009633501, 0.009663573, 0.009709798, 0.009735546, 0.009737955, 0.009729079, 0.009690009, 0.009621466, 0.00957564, 0.009459814, 0.009311807, 0.0092258565, 0.009031869, 0.0088113295, 0.008567185, 0.00843589, 0.008153812, 0.007842003, 0.007674022, 0.007312399, 0.006915345, 0.0064804666, 0.0062476955, 0.005749808, 0.005216759, 0.0049508666, 0.004518635, 0.004554612, 0.0049661044, 0, 0, 0, 0, 0, 0, 0, 0, 0, 0, 0, 0, 0, 0, 0, 0
0, 0, 0, 0, 0, 0, 0, 0, 0, 0, 0, 0, 0, 0, 0, 0, 0, 0, 0, 0, 0, 0, 0, 0, 0, 0, 0, 0, 0, 0, 0, 0, 0, 0, 0, 0, 0, 0, 0, 0, 0, 0, 0, 0, 0, 0, 0, 0, 0, 0, 0, 0, 0, 0, 0, 0, 0, 0, 0, 0, 0, 0, 0, 0, 0, 0, 0, 0, 0, 0, 0, 0, 0, 0, 0, 0, 0, 0, 0, 0.0055011124, 0.0044881967, 0.004133232, 0.0041422388, 0.0043498147, 0.0046746777, 0.0050441143, 0.0052360618, 0.0056268796, 0.0060186596, 0.006212517, 0.00659206, 0.006957092, 0.0073034265, 0.007468988, 0.007783441, 0.008074637, 0.008211672, 0.008467636, 0.008699705, 0.008806884, 0.009003811, 0.0091757, 0.0093231145, 0.009387917, 0.009501417, 0.009594478, 0.009633502, 0.009696095, 0.009736612, 0.009751543, 0.009748077, 0.009716708, 0.009651031, 0.009604923, 0.009485875, 0.00933223, 0.009243673, 0.009045726, 0.0088252025, 0.008585484, 0.008458332, 0.0081885895, 0.007894032, 0.0077363937, 0.007398965, 0.00703157, 0.006634481, 0.006424824, 0.005985702, 0.0055352584, 0.0053225374, 0.005018603, 0.005181444, 0.0056205406, 0.007373884, 0, 0, 0, 0, 0, 0, 0, 0, 0, 0, 0, 0, 0, 0, 0
0, 0, 0, 0, 0, 0, 0, 0, 0, 0, 0, 0, 0, 0, 0, 0, 0, 0, 0, 0, 0, 0, 0, 0, 0, 0, 0, 0, 0, 0, 0, 0, 0, 0, 0, 0, 0, 0, 0, 0, 0, 0, 0, 0, 0, 0, 0, 0, 0, 0, 0, 0, 0, 0, 0, 0, 0, 0, 0, 0, 0, 0, 0, 0, 0, 0, 0, 0, 0, 0, 0, 0, 0, 0, 0, 0, 0, 0, 0, 0, 0.004463593, 0.0038260957, 0.0037478807, 0.0038913982, 0.004240173, 0.0046643824, 0.004885901, 0.0053311815, 0.005766356, 0.0059771263, 0.006382162, 0.0067614675, 0.0071145864, 0.0072813923, 0.0075964346, 0.007888683, 0.0080266185, 0.008287497, 0.008529692, 0.008643661, 0.008857021, 0.009047924, 0.009214484, 0.00928853, 0.009418349, 0.009524697, 0.0095690675, 0.009640436, 0.009687355, 0.009706838, 0.009705139, 0.009675587, 0.009609356, 0.009562287, 0.009440674, 0.0092845075, 0.00919531, 0.008998772, 0.008782831, 0.008551027, 0.008429278, 0.008172555, 0.007894627, 0.0077467794, 0.0074324636, 0.007094205, 0.0067348047, 0.006548106, 0.006166069, 0.005786607, 0.0056113712, 0.0053584813, 0.005454689, 0.0057767895, 0.0073074014, 0, 0, 0, 0, 0, 0, 0, 0, 0, 0, 0, 0, 0, 0, 0
0, 0, 0, 0, 0, 0, 0, 0, 0, 0, 0, 0, 0, 0, 0, 0, 0, 0, 0, 0, 0, 0, 0, 0, 0, 0, 0, 0, 0, 0, 0, 0, 0, 0, 0, 0, 0, 0, 0, 0, 0, 0, 0, 0, 0, 0, 0, 0, 0, 0, 0, 0, 0, 0, 0, 0, 0, 0, 0, 0, 0, 0, 0, 0, 0, 0, 0, 0, 0, 0, 0, 0, 0, 0, 0, 0, 0, 0, 0, 0, 0.0044718343, 0.003628632, 0.0034624687, 0.003552344, 0.003937392, 0.0044196933, 0.004668513, 0.0051559806, 0.0056162, 0.005833727, 0.0062420685, 0.0066158357, 0.006957498, 0.00711806, 0.0074201934, 0.007701798, 0.007836312, 0.008095022, 0.008340996, 0.008458894, 0.008682398, 0.0088851005, 0.009063422, 0.009142656, 0.009280388, 0.00939114, 0.009436816, 0.009508093, 0.009553414, 0.009569856, 0.009566218, 0.009533341, 0.009464154, 0.009415932, 0.0092933485, 0.009139271, 0.009052055, 0.008861316, 0.008653283, 0.0084302295, 0.008312943, 0.008065858, 0.0077993567, 0.007657806, 0.0073579075, 0.007036969, 0.00669675, 0.0065203193, 0.006155532, 0.0057787797, 0.0055906577, 0.005244295, 0.0050552967, 0.005100589, 0.0056467075, 0, 0, 0, 0, 0, 0, 0, 0, 0, 0, 0, 0, 0, 0, 0
0, 0, 0, 0, 0, 0, 0, 0, 0, 0, 0, 0, 0, 0, 0, 0, 0, 0, 0, 0, 0, 0, 0, 0, 0, 0, 0, 0, 0, 0, 0, 0, 0, 0, 0, 0, 0, 0, 0, 0, 0, 0, 0, 0, 0, 0, 0, 0, 0, 0, 0, 0, 0, 0, 0, 0, 0, 0, 0, 0, 0, 0, 0, 0, 0, 0, 0, 0, 0, 0, 0, 0, 0, 0, 0, 0, 0, 0, 0, 0, 0, 0.0035754056, 0.0033698545, 0.003430658, 0.0038305193, 0.004341007, 0.004601127, 0.0050997976, 0.005554326, 0.0057639633, 0.0061502005, 0.006497045, 0.0068116607, 0.0069590556, 0.0072386707, 0.007503035, 0.0076312623, 0.007882041, 0.008125009, 0.008242746, 0.008467156, 0.008671187, 0.008849809, 0.008928468, 0.009063283, 0.009168708, 0.009210637, 0.009274214, 0.009310893, 0.009318816, 0.0093111005, 0.009271455, 0.009198319, 0.00914938, 0.00902847, 0.008879663, 0.008796518, 0.008615231, 0.00841645, 0.008200877, 0.008086921, 0.007845008, 0.0075829304, 0.007444086, 0.007149302, 0.006831577, 0.006491142, 0.006311297, 0.005928657, 0.005506506, 0.0052781245, 0.0047935913, 0.0043344917, 0.0041695316, 0.0041404557, 0, 0, 0, 0, 0, 0, 0, 0, 0, 0, 0, 0, 0, 0, 0
0, 0, 0, 0, 0, 0, 0, 0, 0, 0, 0, 0, 0, 0, 0, 0, 0, 0, 0, 0, 0, 0, 0, 0, 0, 0, 0, 0, 0, 0, 0, 0, 0, 0, 0, 0, 0, 0, 0, 0, 0, 0, 0, 0, 0, 0, 0, 0, 0, 0, 0, 0, 0, 0, 0, 0, 0, 0, 0, 0, 0, 0, 0, 0, 0, 0, 0, 0, 0, 0, 0, 0, 0, 0, 0, 0, 0, 0, 0, 0, 0, 0.0038222403, 0.0036989439, 0.003648816, 0.003949954, 0.0044153123, 0.004659962, 0.005124623, 0.0055381893, 0.0057259114, 0.006068125, 0.006374375, 0.0066537736, 0.006785976, 0.007039715, 0.007284853, 0.0074053593, 0.007643712, 0.007876444, 0.0079888515, 0.0082023395, 0.008394622, 0.008560354, 0.008632097, 0.008752692, 0.008844126, 0.008879087, 0.008929344, 0.0089536905, 0.008950501, 0.008938155, 0.008891321, 0.008815255, 0.0087664295, 0.008649549, 0.00850904, 0.008431117, 0.0082614375, 0.008073027, 0.00786516, 0.0077536097, 0.007515436, 0.0072558327, 0.0071177296, 0.0068239383, 0.0065056845, 0.006159951, 0.0059747095, 0.005573398, 0.005118307, 0.0048665567, 0.0043193246, 0.0037637996, 0.0035287926, 0.0032980535, 0, 0, 0, 0, 0, 0, 0, 0, 0, 0, 0, 0, 0, 0, 0
0, 0, 0, 0, 0, 0, 0, 0, 0, 0, 0, 0, 0, 0, 0, 0, 0, 0, 0, 0, 0, 0, 0, 0, 0, 0, 0, 0, 0, 0, 0, 0, 0, 0, 0, 0, 0, 0, 0, 0, 0, 0, 0, 0, 0, 0, 0, 0, 0, 0, 0, 0, 0, 0, 0, 0, 0, 0, 0, 0, 0, 0, 0, 0, 0, 0, 0, 0, 0, 0, 0, 0, 0, 0, 0, 0, 0, 0, 0, 0, 0, 0.005347511, 0.0048141424, 0.0041946606, 0.004234212, 0.0045701545, 0.0047679218, 0.0051528728, 0.0054988647, 0.005656833, 0.005948052, 0.006213407, 0.006460741, 0.006579845, 0.00681213, 0.007039597, 0.0071520456, 0.0073738, 0.0075879036, 0.0076901317, 0.007881024, 0.008048745, 0.008189565, 0.008249496, 0.008347781, 0.008419368, 0.008445658, 0.008480622, 0.008492331, 0.008479458, 0.008463226, 0.008411777, 0.008335567, 0.008288272, 0.008178238, 0.008049137, 0.007977835, 0.007821854, 0.0076459628, 0.0074484656, 0.007341146, 0.007109345, 0.006855082, 0.006719567, 0.0064311596, 0.0061182138, 0.005778244, 0.0055960845, 0.005202494, 0.0047621103, 0.004523347, 0.0040198066, 0.0035408475, 0.003361913, 0.0033447726, 0.0041445685, 0, 0, 0, 0, 0, 0, 0, 0, 0, 0, 0, 0, 0, 0
0, 0, 0, 0, 0, 0, 0, 0, 0, 0, 0, 0, 0, 0, 0, 0, 0, 0, 0, 0, 0, 0, 0, 0, 0, 0, 0, 0, 0, 0, 0, 0, 0, 0, 0, 0, 0, 0, 0, 0, 0, 0, 0, 0, 0, 0, 0, 0, 0, 0, 0, 0, 0, 0, 0, 0, 0, 0, 0, 0, 0, 0, 0, 0, 0, 0, 0, 0, 0, 0, 0, 0, 0, 0, 0, 0, 0, 0, 0, 0, 0, 0, 0.005472086, 0.004853979, 0.0046059843, 0.0047053513, 0.0048185145, 0.0050863777, 0.0053605516, 0.005493058, 0.0057459422, 0.005985029, 0.0062131616, 0.0063242465, 0.0065421145, 0.0067544905, 0.0068583884, 0.007059559, 0.0072480715, 0.0073357117, 0.00749554, 0.0076308018, 0.007740936, 0.0077862088, 0.007859278, 0.007910375, 0.007928093, 0.007949188, 0.007950417, 0.007930897, 0.007913126, 0.007861724, 0.0077899187, 0.0077470145, 0.0076484038, 0.0075340252, 0.007470995, 0.0073316605, 0.0071723247, 0.006989769, 0.0068893074, 0.006670409, 0.006428287, 0.006298494, 0.0060231565, 0.0057266313, 0.005407559, 0.0052384827, 0.0048795003, 0.0044915765, 0.0042884788, 0.003878785, 0.0035187341, 0.0034005628, 0.0034654364, 0.004261517, 0, 0, 0, 0, 0, 0, 0, 0, 0, 0, 0, 0, 0, 0
0, 0, 0, 0, 0, 0, 0, 0, 0, 0, 0, 0, 0, 0, 0, 0, 0, 0, 0, 0, 0, 0, 0, 0, 0, 0, 0, 0, 0, 0, 0, 0, 0, 0, 0, 0, 0, 0, 0, 0, 0, 0, 0, 0, 0, 0, 0, 0, 0, 0, 0, 0, 0, 0, 0, 0, 0, 0, 0, 0, 0, 0, 0, 0, 0, 0, 0, 0, 0, 0, 0, 0, 0, 0, 0, 0, 0, 0, 0, 0, 0, 0, 0, 0.006193505, 0.0051201996, 0.004711285, 0.0046969727, 0.0048433845, 0.0050764247, 0.0051999753, 0.0054425728, 0.005675339, 0.0058975457, 0.0060052816, 0.0062136925, 0.006411347, 0.006505398, 0.0066825296, 0.0068413196, 0.006912934, 0.00703901, 0.0071416483, 0.0072219926, 0.0072546983, 0.007306011, 0.007340496, 0.007351778, 0.0073631303, 0.0073586195, 0.0073376354, 0.0073208534, 0.0072750677, 0.0072140773, 0.0071782405, 0.0070964945, 0.0070009776, 0.0069478825, 0.006828774, 0.006689033, 0.006526155, 0.0064354455, 0.006235262, 0.0060116327, 0.005891295, 0.005636122, 0.0053638336, 0.00507506, 0.004924186, 0.004610286, 0.004281823, 0.0041143093, 0.0037831801, 0.0034892736, 0.0033800707, 0.003327109, 0.0036170196, 0, 0, 0, 0, 0, 0, 0, 0, 0, 0, 0, 0, 0, 0
0, 0, 0, 0, 0, 0, 0, 0, 0, 0, 0, 0, 0, 0, 0, 0, 0, 0, 0, 0, 0, 0, 0, 0, 0, 0, 0, 0, 0, 0, 0, 0, 0, 0, 0, 0, 0, 0, 0, 0, 0, 0, 0, 0, 0, 0, 0, 0, 0, 0, 0, 0, 0, 0, 0, 0, 0, 0, 0, 0, 0, 0, 0, 0, 0, 0, 0, 0, 0, 0, 0, 0, 0, 0, 0, 0, 0, 0, 0, 0, 0, 0, 0, 0.008862183, 0.0054047774, 0.0043976987, 0.004300606, 0.004414425, 0.004662846, 0.0047948337, 0.0050499085, 0.005287238, 0.005508327, 0.0056128106, 0.005810929, 0.005991662, 0.0060750004, 0.006226554, 0.00635687, 0.006413672, 0.0065110363, 0.006588421, 0.0066479626, 0.006671897, 0.006709828, 0.0067356415, 0.006744402, 0.006752709, 0.006748875, 0.0067324713, 0.006719637, 0.006685585, 0.006640769, 0.0066142697, 0.006552998, 0.0064791073, 0.006436698, 0.0063388436, 0.0062205014, 0.0060794023, 0.0059996094, 0.0058223684, 0.0056218, 0.005513749, 0.005284245, 0.005039859, 0.004783084, 0.0046502994, 0.004376523, 0.004093246, 0.003949208, 0.0036597608, 0.0033835685, 0.003264241, 0.0031356672, 0.0033700073, 0.0042715496, 0, 0, 0, 0, 0, 0, 0, 0, 0, 0, 0, 0, 0
0, 0, 0, 0, 0, 0, 0, 0, 0, 0, 0, 0, 0, 0, 0, 0, 0, 0, 0, 0, 0, 0, 0, 0, 0, 0, 0, 0, 0, 0, 0, 0, 0, 0, 0, 0, 0, 0, 0, 0, 0, 0, 0, 0, 0, 0, 0, 0, 0, 0, 0, 0, 0, 0, 0, 0, 0, 0, 0, 0, 0, 0, 0, 0, 0, 0, 0, 0, 0, 0, 0, 0, 0, 0, 0, 0, 0, 0, 0, 0, 0, 0, 0, 0, 0.004418507, 0.0037609837, 0.0037316633, 0.003915612, 0.0041955574, 0.00433545, 0.004597681, 0.004833475, 0.005047312, 0.005146153, 0.0053287516, 0.005490381, 0.0055628396, 0.005691508, 0.005799196, 0.0058457227, 0.0059252894, 0.005989269, 0.0060400013, 0.0060615083, 0.006096435, 0.006122606, 0.006132147, 0.006144411, 0.0061476505, 0.0061415397, 0.0061354423, 0.0061176857, 0.006091901, 0.0060756993, 0.0060357885, 0.0059829843, 0.005950802, 0.0058731097, 0.0057754624, 0.005655842, 0.005587665, 0.005434915, 0.005261203, 0.005167168, 0.0049669077, 0.004753111, 0.004527455, 0.0044104205, 0.0041677505, 0.003913352, 0.0037811988, 0.00350656, 0.0032223007, 0.0030843369, 0.0028664845, 0.0028714805, 0.0032055231, 0, 0, 0, 0, 0, 0, 0, 0, 0, 0, 0, 0, 0
0, 0, 0, 0, 0, 0, 0, 0, 0, 0, 0, 0, 0, 0, 0, 0, 0, 0, 0, 0, 0, 0, 0, 0, 0, 0, 0, 0, 0, 0, 0, 0, 0, 0, 0, 0, 0, 0, 0, 0, 0, 0, 0, 0, 0, 0, 0, 0, 0, 0, 0, 0, 0, 0, 0, 0, 0, 0, 0, 0, 0, 0, 0, 0, 0, 0, 0, 0, 0, 0, 0, 0, 0, 0, 0, 0, 0, 0, 0, 0, 0, 0, 0, 0, 0.003685455, 0.0034098797, 0.0033759323, 0.00350306, 0.003741735, 0.0038684588, 0.0041109105, 0.0043309634, 0.00452805, 0.0046180966, 0.004782407, 0.0049255197, 0.0049892426, 0.005102041, 0.0051977932, 0.005239788, 0.00531408, 0.005377216, 0.005430521, 0.0054538473, 0.0054943473, 0.005526974, 0.0055402247, 0.0055610654, 0.005575052, 0.0055828704, 0.005584659, 0.0055846567, 0.0055778483, 0.0055710757, 0.005549403, 0.005514879, 0.0054915943, 0.005432231, 0.0053540533, 0.005256207, 0.005200133, 0.0050735227, 0.004929149, 0.004850822, 0.0046827686, 0.0045011127, 0.0043063806, 0.0042042504, 0.0039884495, 0.0037557029, 0.0036318623, 0.0033668082, 0.003077617, 0.0029276072, 0.0026488889, 0.0024946705, 0.0025649483, 0, 0, 0, 0, 0, 0, 0, 0, 0, 0, 0, 0, 0
0, 0, 0, 0, 0, 0, 0, 0, 0, 0, 0, 0, 0, 0, 0, 0, 0, 0, 0, 0, 0, 0, 0, 0, 0, 0, 0, 0, 0, 0, 0, 0, 0, 0, 0, 0, 0, 0, 0, 0, 0, 0, 0, 0, 0, 0, 0, 0, 0, 0, 0, 0, 0, 0, 0, 0, 0, 0, 0, 0, 0, 0, 0, 0, 0, 0, 0, 0, 0, 0, 0, 0, 0, 0, 0, 0, 0, 0, 0, 0, 0, 0, 0, 0, 0.004582235, 0.0035609482, 0.0032967068, 0.003166381, 0.0032961085, 0.0033947048, 0.003603083, 0.003800665, 0.0039792005, 0.0040609157, 0.0042095957, 0.00434014, 0.004399276, 0.00450606, 0.0046000835, 0.0046428214, 0.00472163, 0.004792024, 0.004854192, 0.00488206, 0.004931442, 0.004972802, 0.0049905204, 0.0050211158, 0.005046673, 0.0050681317, 0.0050772936, 0.005092386, 0.0051010116, 0.0051015876, 0.0050944397, 0.0050740875, 0.0050583994, 0.0050157076, 0.004957185, 0.0048824535, 0.004839263, 0.00474087, 0.0046278164, 0.004565943, 0.0044310805, 0.0042824927, 0.004119404, 0.004032088, 0.0038433797, 0.003634812, 0.0035219998, 0.0032775265, 0.0030090765, 0.0028698596, 0.00261526, 0.00251256, 0.0028584478, 0.0032775172, 0, 0, 0, 0, 0, 0, 0, 0, 0, 0, 0, 0
0, 0, 0, 0, 0, 0, 0, 0, 0, 0, 0, 0, 0, 0, 0, 0, 0, 0, 0, 0, 0, 0, 0, 0, 0, 0, 0, 0, 0, 0, 0, 0, 0, 0, 0, 0, 0, 0, 0, 0, 0, 0, 0, 0, 0, 0, 0, 0, 0, 0, 0, 0, 0, 0, 0, 0, 0, 0, 0, 0, 0, 0, 0, 0, 0, 0, 0, 0, 0, 0, 0, 0, 0, 0, 0, 0, 0, 0, 0, 0, 0, 0, 0, 0, 0, 0.003497207, 0.0031007743, 0.0027855155, 0.0028368146, 0.0029151142, 0.0030982369, 0.0032792715, 0.003444879, 0.0035215202, 0.003663096, 0.0037903748, 0.0038494905, 0.0039587105, 0.004058065, 0.004104434, 0.0041915094, 0.004270836, 0.0043415125, 0.004373473, 0.004430697, 0.0044791833, 0.0045010047, 0.0045400895, 0.0045750393, 0.0046064933, 0.0046208086, 0.0046462314, 0.004664489, 0.004669992, 0.0046722214, 0.0046628835, 0.004653602, 0.004626645, 0.0045882943, 0.0045383573, 0.00450874, 0.0044397186, 0.0043579047, 0.00431194, 0.004209514, 0.004091713, 0.00395809, 0.0038847623, 0.0037240256, 0.0035429844, 0.0034445722, 0.003232031, 0.0030025824, 0.002886821, 0.0026854037, 0.0026318957, 0.0029821566, 0.0034011635, 0, 0, 0, 0, 0, 0, 0, 0, 0, 0, 0, 0
0, 0, 0, 0, 0, 0, 0, 0, 0, 0, 0, 0, 0, 0, 0, 0, 0, 0, 0, 0, 0, 0, 0, 0, 0, 0, 0, 0, 0, 0, 0, 0, 0, 0, 0, 0, 0, 0, 0, 0, 0, 0, 0, 0, 0, 0, 0, 0, 0, 0, 0, 0, 0, 0, 0, 0, 0, 0, 0, 0, 0, 0, 0, 0, 0, 0, 0, 0, 0, 0, 0, 0, 0, 0, 0, 0, 0, 0, 0, 0, 0, 0, 0, 0, 0, 0.0031899756, 0.0027688192, 0.002398921, 0.0024145057, 0.0024792962, 0.0026429868, 0.0028135034, 0.0029752061, 0.0030519012, 0.0031958404, 0.003328094, 0.0033900435, 0.0035057438, 0.003611503, 0.0036606838, 0.0037531655, 0.0038367237, 0.003910963, 0.003944808, 0.0040058745, 0.0040590144, 0.0040833415, 0.004127887, 0.0041679833, 0.0042040558, 0.0042203865, 0.0042488812, 0.0042704316, 0.0042779087, 0.0042856485, 0.0042841635, 0.0042805956, 0.004268208, 0.004249103, 0.0042224973, 0.004205833, 0.0041642054, 0.004110804, 0.004078891, 0.004003692, 0.003912057, 0.0038029957, 0.0037418955, 0.003606047, 0.0034519501, 0.0033680978, 0.0031870834, 0.0029930323, 0.0028951175, 0.0027178419, 0.0026289306, 0.0027546175, 0.002921206, 0, 0, 0, 0, 0, 0, 0, 0, 0, 0, 0, 0
0, 0, 0, 0, 0, 0, 0, 0, 0, 0, 0, 0, 0, 0, 0, 0, 0, 0, 0, 0, 0, 0, 0, 0, 0, 0, 0, 0, 0, 0, 0, 0, 0, 0, 0, 0, 0, 0, 0, 0, 0, 0, 0, 0, 0, 0, 0, 0, 0, 0, 0, 0, 0, 0, 0, 0, 0, 0, 0, 0, 0, 0, 0, 0, 0, 0, 0, 0, 0, 0, 0, 0, 0, 0, 0, 0, 0, 0, 0, 0, 0, 0, 0, 0, 0, 0, 0.002392929, 0.0021637934, 0.0021091895, 0.002145362, 0.002279334, 0.002443249, 0.002609261, 0.0026895963, 0.0028421062, 0.0029820676, 0.0030474528, 0.003167352, 0.0032745376, 0.003323848, 0.0034140833, 0.0034940902, 0.0035651196, 0.0035976064, 0.0036574078, 0.0037116057, 0.0037365532, 0.0037821252, 0.003822404, 0.0038568268, 0.0038717266, 0.0038970648, 0.003915889, 0.003923069, 0.0039319363, 0.00393563, 0.0039359517, 0.003934666, 0.0039309235, 0.0039228625, 0.0039161956, 0.00389596, 0.0038639994, 0.0038428032, 0.0037881057, 0.0037156832, 0.0036254853, 0.0035740426, 0.00345839, 0.0033264987, 0.0032541708, 0.0030969488, 0.0029244954, 0.0028346204, 0.0026593711, 0.002533723, 0.00258393, 0.0027519036, 0.003508043, 0, 0, 0, 0, 0, 0, 0, 0, 0, 0, 0
0, 0, 0, 0, 0, 0, 0, 0, 0, 0, 0, 0, 0, 0, 0, 0, 0, 0, 0, 0, 0, 0, 0, 0, 0, 0, 0, 0, 0, 0, 0, 0, 0, 0, 0, 0, 0, 0, 0, 0, 0, 0, 0, 0, 0, 0, 0, 0, 0, 0, 0, 0, 0, 0, 0, 0, 0, 0, 0, 0, 0, 0, 0, 0, 0, 0, 0, 0, 0, 0, 0, 0, 0, 0, 0, 0, 0, 0, 0, 0, 0, 0, 0, 0, 0, 0, 0.0029200253, 0.0021842394, 0.0019178633, 0.0019128659, 0.0020207854, 0.0021881736, 0.0023633381, 0.0024481434, 0.0026076273, 0.0027510345, 0.0028164468, 0.002933848, 0.0030345698, 0.003079359, 0.0031588117, 0.003227541, 0.0032881773, 0.0033165151, 0.0033699763, 0.003419582, 0.0034424728, 0.0034842528, 0.003518857, 0.0035462247, 0.0035572255, 0.003574977, 0.0035869773, 0.0035916148, 0.0035984097, 0.003603213, 0.0036054489, 0.0036099418, 0.0036144324, 0.0036163097, 0.0036152229, 0.0036065627, 0.0035870373, 0.0035720854, 0.0035301195, 0.0034709359, 0.003395038, 0.0033508693, 0.003251494, 0.0031370563, 0.003073732, 0.0029333287, 0.002774463, 0.002688201, 0.0025086363, 0.0023487632, 0.002296497, 0.002358447, 0.0026634503, 0, 0, 0, 0, 0, 0, 0, 0, 0, 0, 0
0, 0, 0, 0, 0, 0, 0, 0, 0, 0, 0, 0, 0, 0, 0, 0, 0, 0, 0, 0, 0, 0, 0, 0, 0, 0, 0, 0, 0, 0, 0, 0, 0, 0, 0, 0, 0, 0, 0, 0, 0, 0, 0, 0, 0, 0, 0, 0, 0, 0, 0, 0, 0, 0, 0, 0, 0, 0, 0, 0, 0, 0, 0, 0, 0, 0, 0, 0, 0, 0, 0, 0, 0, 0, 0, 0, 0, 0, 0, 0, 0, 0, 0, 0, 0, 0, 0, 0.0020349135, 0.0017545373, 0.0017533513, 0.0018751227, 0.002052466, 0.0022306074, 0.002314309, 0.002468423, 0.002603212, 0.0026634054, 0.0027686444, 0.002854517, 0.0028910763, 0.0029530874, 0.0030051428, 0.0030510263, 0.0030726232, 0.0031143806, 0.0031532962, 0.003171299, 0.0032030826, 0.0032277068, 0.0032446024, 0.0032504406, 0.0032577876, 0.0032618376, 0.0032629287, 0.0032648565, 0.0032667387, 0.0032680272, 0.0032715744, 0.0032752922, 0.003277054, 0.003276073, 0.0032686293, 0.0032517738, 0.0032388116, 0.0032028726, 0.0031524417, 0.0030874352, 0.003049597, 0.0029644489, 0.0028655662, 0.0028106642, 0.0026876358, 0.002545094, 0.0024658316, 0.0022942154, 0.0021225903, 0.0020079156, 0.0020027766, 0.002110746, 0, 0, 0, 0, 0, 0, 0, 0, 0, 0, 0
0, 0, 0, 0, 0, 0, 0, 0, 0, 0, 0, 0, 0, 0, 0, 0, 0, 0, 0, 0, 0, 0, 0, 0, 0, 0, 0, 0, 0, 0, 0, 0, 0, 0, 0, 0, 0, 0, 0, 0, 0, 0, 0, 0, 0, 0, 0, 0, 0, 0, 0, 0, 0, 0, 0, 0, 0, 0, 0, 0, 0, 0, 0, 0, 0, 0, 0, 0, 0, 0, 0, 0, 0, 0, 0, 0, 0, 0, 0, 0, 0, 0, 0, 0, 0, 0, 0, 0.001815493, 0.0017362597, 0.0017503756, 0.0018643027, 0.0020213248, 0.0021760415, 0.0022478006, 0.0023775306, 0.002488827, 0.0025377672, 0.0026207273, 0.0026851394, 0.0027115582, 0.00275393, 0.002787611, 0.0028165898, 0.0028303273, 0.002856606, 0.00288095, 0.00289172, 0.0029093148, 0.0029208383, 0.002925935, 0.0029263687, 0.002924274, 0.002919954, 0.0029175056, 0.002912543, 0.0029078117, 0.0029055786, 0.0029012638, 0.0028957976, 0.0028880099, 0.0028826713, 0.0028676412, 0.002845431, 0.0028313717, 0.0027966143, 0.0027515546, 0.0026955688, 0.002663375, 0.0025913815, 0.0025091243, 0.0024638067, 0.0023637167, 0.002248013, 0.002183503, 0.0020434505, 0.0019031343, 0.0018189709, 0.0018381177, 0.002142181, 0, 0, 0, 0, 0, 0, 0, 0, 0, 0, 0
0, 0, 0, 0, 0, 0, 0, 0, 0, 0, 0, 0, 0, 0, 0, 0, 0, 0, 0, 0, 0, 0, 0, 0, 0, 0, 0, 0, 0, 0, 0, 0, 0, 0, 0, 0, 0, 0, 0, 0, 0, 0, 0, 0, 0, 0, 0, 0, 0, 0, 0, 0, 0, 0, 0, 0, 0, 0, 0, 0, 0, 0, 0, 0, 0, 0, 0, 0, 0, 0, 0, 0, 0, 0, 0, 0, 0, 0, 0, 0, 0, 0, 0, 0, 0, 0, 0, 0.0023495504, 0.002056923, 0.001975259, 0.0019555676, 0.0020327717, 0.0021339096, 0.002183882, 0.002275075, 0.002352575, 0.0023860002, 0.0024411317, 0.0024820964, 0.0024979024, 0.0025220886, 0.0025392612, 0.002552981, 0.002559242, 0.002570158, 0.0025788918, 0.002582178, 0.0025856465, 0.0025846146, 0.002579289, 0.0025752475, 0.0025649704, 0.002553418, 0.0025472413, 0.0025338887, 0.0025191293, 0.0025109749, 0.0024929228, 0.0024723792, 0.0024489486, 0.002436012, 0.0024078356, 0.0023762994, 0.0023590578, 0.0023224165, 0.0022805268, 0.0022321404, 0.002205258, 0.0021469658, 0.0020837104, 0.0020502657, 0.001978637, 0.0018982638, 0.0018542988, 0.0017600424, 0.001669439, 0.001623815, 0.0016436935, 0.0018192792, 0, 0, 0, 0, 0, 0, 0, 0, 0, 0, 0
0, 0, 0, 0, 0, 0, 0, 0, 0, 0, 0, 0, 0, 0, 0, 0, 0, 0, 0, 0, 0, 0, 0, 0, 0, 0, 0, 0, 0, 0, 0, 0, 0, 0, 0, 0, 0, 0, 0, 0, 0, 0, 0, 0, 0, 0, 0, 0, 0, 0, 0, 0, 0, 0, 0, 0, 0, 0, 0, 0, 0, 0, 0, 0, 0, 0, 0, 0, 0, 0, 0, 0, 0, 0, 0, 0, 0, 0, 0, 0, 0, 0, 0, 0, 0, 0, 0, 0.0032533347, 0.002469481, 0.002221152, 0.0020031114, 0.0019836293, 0.002029066, 0.002057406, 0.0021105548, 0.0021544816, 0.0021722703, 0.0022004193, 0.0022197212, 0.0022266635, 0.0022361632, 0.0022412776, 0.0022433547, 0.0022436054, 0.00224231, 0.0022382005, 0.0022351365, 0.0022275285, 0.0022175089, 0.0022046785, 0.002197335, 0.0021815277, 0.0021636873, 0.0021537396, 0.0021310658, 0.002103996, 0.0020887498, 0.0020543733, 0.0020163993, 0.0019761052, 0.0019554268, 0.0019135858, 0.0018718874, 0.0018514674, 0.0018117647, 0.0017721088, 0.0017310411, 0.0017099925, 0.0016672941, 0.0016252445, 0.0016048404, 0.0015637067, 0.0015199672, 0.0014964365, 0.0014467934, 0.0014023171, 0.0013945771, 0.001426159, 0.0016389197, 0.0021242439, 0, 0, 0, 0, 0, 0, 0, 0, 0, 0
0, 0, 0, 0, 0, 0, 0, 0, 0, 0, 0, 0, 0, 0, 0, 0, 0, 0, 0, 0, 0, 0, 0, 0, 0, 0, 0, 0, 0, 0, 0, 0, 0, 0, 0, 0, 0, 0, 0, 0, 0, 0, 0, 0, 0, 0, 0, 0, 0, 0, 0, 0, 0, 0, 0, 0, 0, 0, 0, 0, 0, 0, 0, 0, 0, 0, 0, 0, 0, 0, 0, 0, 0, 0, 0, 0, 0, 0, 0, 0, 0, 0, 0, 0, 0, 0, 0, 0, 0.002524688, 0.0022041628, 0.0018821813, 0.0018133506, 0.0018284818, 0.0018429238, 0.001868906, 0.0018861409, 0.0018915843, 0.0018975791, 0.0019000227, 0.0019001504, 0.001898876, 0.0018951499, 0.0018888544, 0.0018847102, 0.0018740733, 0.0018608936, 0.0018537114, 0.0018388844, 0.0018229677, 0.0018059574, 0.0017966349, 0.0017766161, 0.0017530948, 0.0017396724, 0.0017080427, 0.0016698333, 0.0016480815, 0.0016002428, 0.0015489971, 0.0014963835, 0.0014704162, 0.0014196382, 0.0013720454, 0.0013500964, 0.0013094846, 0.0012736061, 0.0012413544, 0.0012267905, 0.0012013819, 0.0011817946, 0.0011742223, 0.0011618438, 0.001149549, 0.0011422771, 0.0011251515, 0.0011101128, 0.0011183004, 0.0011457676, 0.0012943511, 0.0015516486, 0, 0, 0, 0, 0, 0, 0, 0, 0, 0
0, 0, 0, 0, 0, 0, 0, 0, 0, 0, 0, 0, 0, 0, 0, 0, 0, 0, 0, 0, 0, 0, 0, 0, 0, 0, 0, 0, 0, 0, 0, 0, 0, 0, 0, 0, 0, 0, 0, 0, 0, 0, 0, 0, 0, 0, 0, 0, 0, 0, 0, 0, 0, 0, 0, 0, 0, 0, 0, 0, 0, 0, 0, 0, 0, 0, 0, 0, 0, 0, 0, 0, 0, 0, 0, 0, 0, 0, 0, 0, 0, 0, 0, 0, 0, 0, 0, 0, 0.0023037924, 0.0019807313, 0.0016486933, 0.0015675467, 0.0015651374, 0.0015696574, 0.0015750226, 0.0015720417, 0.0015683897, 0.0015584696, 0.0015478848, 0.0015427016, 0.001532363, 0.0015204981, 0.0015059778, 0.0014975836, 0.0014786337, 0.0014581846, 0.0014475659, 0.0014275407, 0.0014077355, 0.0013872378, 0.001376315, 0.0013521154, 0.0013232024, 0.0013066703, 0.0012687587, 0.001224379, 0.0011995411, 0.0011467461, 0.001090968, 0.0010357343, 0.0010090605, 0.00095887994, 0.0009140195, 0.0008940997, 0.00085909694, 0.0008313702, 0.0008110917, 0.00080415816, 0.0007969786, 0.0007990496, 0.00080326374, 0.00081475213, 0.0008260585, 0.0008299816, 0.00083322707, 0.00083290914, 0.0008420407, 0.0008588976, 0.00094404403, 0.001091105, 0, 0, 0, 0, 0, 0, 0, 0, 0, 0
0, 0, 0, 0, 0, 0, 0, 0, 0, 0, 0, 0, 0, 0, 0, 0, 0, 0, 0, 0, 0, 0, 0, 0, 0, 0, 0, 0, 0, 0, 0, 0, 0, 0, 0, 0, 0, 0, 0, 0, 0, 0, 0, 0, 0, 0, 0, 0, 0, 0, 0, 0, 0, 0, 0, 0, 0, 0, 0, 0, 0, 0, 0, 0, 0, 0, 0, 0, 0, 0, 0, 0, 0, 0, 0, 0, 0, 0, 0, 0, 0, 0, 0, 0, 0, 0, 0, 0, 0, 0.0016557866, 0.001453772, 0.0013361168, 0.0012968633, 0.0012877616, 0.0012717475, 0.0012523705, 0.001241572, 0.0012191773, 0.0011976358, 0.0011871821, 0.0011666076, 0.0011448073, 0.0011201464, 0.0011067789, 0.0010785464, 0.0010498728, 0.0010358435, 0.0010092942, 0.0009843593, 0.00095906, 0.0009457169, 0.00091628346, 0.0008823129, 0.0008637867, 0.00082346715, 0.00077954336, 0.0007563569, 0.0007081067, 0.0006590296, 0.00061263086, 0.00059115974, 0.0005528596, 0.0005212483, 0.0005083197, 0.00048764338, 0.0004745351, 0.00046982194, 0.00047131852, 0.00048233374, 0.0005037166, 0.0005170599, 0.0005463892, 0.0005739165, 0.00058553874, 0.0006031894, 0.0006155102, 0.000631655, 0.00064712734, 0.00071088166, 0.0008102661, 0, 0, 0, 0, 0, 0, 0, 0, 0, 0
0, 0, 0, 0, 0, 0, 0, 0, 0, 0, 0, 0, 0, 0, 0, 0, 0, 0, 0, 0, 0, 0, 0, 0, 0, 0, 0, 0, 0, 0, 0, 0, 0, 0, 0, 0, 0, 0, 0, 0, 0, 0, 0, 0, 0, 0, 0, 0, 0, 0, 0, 0, 0, 0, 0, 0, 0, 0, 0, 0, 0, 0, 0, 0, 0, 0, 0, 0, 0, 0, 0, 0, 0, 0, 0, 0, 0, 0, 0, 0, 0, 0, 0, 0, 0, 0, 0, 0, 0, 0.0019362932, 0.001406985, 0.0011498514, 0.0010541275, 0.0010296631, 0.0009935341, 0.0009605172, 0.000943828, 0.0009100483, 0.00087638217, 0.0008598543, 0.00082657003, 0.00079214724, 0.00075608934, 0.00073740527, 0.0006993329, 0.0006618381, 0.00064342865, 0.00060887757, 0.000576084, 0.00054349436, 0.00052682054, 0.0004912569, 0.00045346224, 0.00043420013, 0.00039540915, 0.00035752033, 0.00033901326, 0.00030326928, 0.00026964003, 0.00024141357, 0.00022995964, 0.0002127834, 0.0002029437, 0.00020096838, 0.00020168803, 0.00020891025, 0.00022334779, 0.00023394276, 0.0002617093, 0.00029695898, 0.00031651725, 0.000357294, 0.00039619522, 0.00041395996, 0.00044607537, 0.00047652214, 0.0005134119, 0.0005402127, 0.0006341944, 0.00082835136, 0.00096296024, 0, 0, 0, 0, 0, 0, 0, 0, 0
0, 0, 0, 0, 0, 0, 0, 0, 0, 0, 0, 0, 0, 0, 0, 0, 0, 0, 0, 0, 0, 0, 0, 0, 0, 0, 0, 0, 0, 0, 0, 0, 0, 0, 0, 0, 0, 0, 0, 0, 0, 0, 0, 0, 0, 0, 0, 0, 0, 0, 0, 0, 0, 0, 0, 0, 0, 0, 0, 0, 0, 0, 0, 0, 0, 0, 0, 0, 0, 0, 0, 0, 0, 0, 0, 0, 0, 0, 0, 0, 0, 0, 0, 0, 0, 0, 0, 0, 0, 0, 0.0012384555, 0.00095722836, 0.0008403333, 0.00080716156, 0.00075739896, 0.0007125273, 0.0006899058, 0.000643631, 0.00059662387, 0.00057314435, 0.0005253862, 0.00047825288, 0.00043178943, 0.0004087201, 0.000362823, 0.00031752905, 0.00029533592, 0.00025262678, 0.00021148601, 0.00017139109, 0.00015132641, 0.00011102007, 7.1624156e-05, 5.294799e-05, 1.867065e-05, -9.9873305e-06, -2.229064e-05, -4.251584e-05, -5.634861e-05, -6.202287e-05, -6.1430255e-05, -5.352015e-05, -3.7583628e-05, -2.7010075e-05, -2.0081643e-06, 2.7341488e-05, 6.0903614e-05, 7.948489e-05, 0.00012001835, 0.00016401842, 0.0001867601, 0.00023352695, 0.0002808251, 0.00030432266, 0.0003525077, 0.00040478975, 0.00046832065, 0.00050951436, 0.0006324126, 0.0008601261, 0.0010300942, 0, 0, 0, 0, 0, 0, 0, 0, 0
0, 0, 0, 0, 0, 0, 0, 0, 0, 0, 0, 0, 0, 0, 0, 0, 0, 0, 0, 0, 0, 0, 0, 0, 0, 0, 0, 0, 0, 0, 0, 0, 0, 0, 0, 0, 0, 0, 0, 0, 0, 0, 0, 0, 0, 0, 0, 0, 0, 0, 0, 0, 0, 0, 0, 0, 0, 0, 0, 0, 0, 0, 0, 0, 0, 0, 0, 0, 0, 0, 0, 0, 0, 0, 0, 0, 0, 0, 0, 0, 0, 0, 0, 0, 0, 0, 0, 0, 0, 0, 0.00095213787, 0.00079112075, 0.0006710425, 0.0006302352, 0.0005654283, 0.00050676666, 0.00047729752, 0.00041762186, 0.00035689058, 0.00032679012, 0.00026714816, 0.00021012113, 0.00015668715, 0.0001308807, 8.077617e-05, 3.1696913e-05, 7.396267e-06, -4.0390696e-05, -8.643437e-05, -0.00013051862, -0.00015190527, -0.00019282197, -0.00022958918, -0.00024578848, -0.00027271855, -0.0002910274, -0.00029685276, -0.0003015228, -0.00029616817, -0.00028018717, -0.00026825423, -0.00023712333, -0.00019792232, -0.00017624162, -0.00013018784, -8.282094e-05, -3.479474e-05, -1.0886303e-05, 3.6952904e-05, 8.4770356e-05, 0.00010899247, 0.00015908756, 0.00021254126, 0.00024121426, 0.0003040381, 0.00037554087, 0.00046023738, 0.000510243, 0.0006384065, 0.00082647696, 0.0009396183, 0, 0, 0, 0, 0, 0, 0, 0, 0
0, 0, 0, 0, 0, 0, 0, 0, 0, 0, 0, 0, 0, 0, 0, 0, 0, 0, 0, 0, 0, 0, 0, 0, 0, 0, 0, 0, 0, 0, 0, 0, 0, 0, 0, 0, 0, 0, 0, 0, 0, 0, 0, 0, 0, 0, 0, 0, 0, 0, 0, 0, 0, 0, 0, 0, 0, 0, 0, 0, 0, 0, 0, 0, 0, 0, 0, 0, 0, 0, 0, 0, 0, 0, 0, 0, 0, 0, 0, 0, 0, 0, 0, 0, 0, 0, 0, 0, 0, 0, 0.0010252692, 0.00071410864, 0.0005487234, 0.00049403333, 0.00040783174, 0.00033240544, 0.00029589457, 0.00022351871, 0.00015236178, 0.00011763916, 5.1059615e-05, -1.0171535e-05, -6.610524e-05, -9.24278e-05, -0.000142659, -0.0001910354, -0.00021511597, -0.0002619255, -0.00030674235, -0.00034870772, -0.0003682978, -0.0004033792, -0.00043246432, -0.00044404564, -0.00046052187, -0.00046751802, -0.0004668701, -0.00045784347, -0.0004367477, -0.00040434196, -0.00038390842, -0.00033632858, -0.00028188914, -0.00025320248, -0.00019444712, -0.0001368558, -8.2325336e-05, -5.6475637e-05, -6.588017e-06, 4.233346e-05, 6.696737e-05, 0.00011868332, 0.00017655433, 0.00020880876, 0.0002810257, 0.00036432603, 0.00045845885, 0.0005111585, 0.0006353602, 0.0008145412, 0.0009431616, 0.0013087944, 0, 0, 0, 0, 0, 0, 0, 0
0, 0, 0, 0, 0, 0, 0, 0, 0, 0, 0, 0, 0, 0, 0, 0, 0, 0, 0, 0, 0, 0, 0, 0, 0, 0, 0, 0, 0, 0, 0, 0, 0, 0, 0, 0, 0, 0, 0, 0, 0, 0, 0, 0, 0, 0, 0, 0, 0, 0, 0, 0, 0, 0, 0, 0, 0, 0, 0, 0, 0, 0, 0, 0, 0, 0, 0, 0, 0, 0, 0, 0, 0, 0, 0, 0, 0, 0, 0, 0, 0, 0, 0, 0, 0, 0, 0, 0, 0, 0, 0, 0.0005982461, 0.00044382628, 0.00037974556, 0.00027336334, 0.00018233438, 0.00013940738, 5.8004876e-05, -1.8760675e-05, -5.5168788e-05, -0.00012296595, -0.0001839265, -0.00023825337, -0.00026332936, -0.00031031284, -0.0003545151, -0.00037558435, -0.00041602645, -0.00045319914, -0.0004865411, -0.00050095643, -0.000524984, -0.0005413295, -0.0005466063, -0.00055096374, -0.00054577907, -0.0005392718, -0.0005188127, -0.0004874398, -0.00044539332, -0.00042087957, -0.00036615826, -0.00030664355, -0.00027584436, -0.00021458833, -0.00015635314, -0.000102628015, -7.742887e-05, -2.9094397e-05, 1.8914428e-05, 4.365082e-05, 9.650648e-05, 0.0001565222, 0.00019004512, 0.00026475635, 0.00034863758, 0.00043949106, 0.00048735857, 0.0005935476, 0.00073533267, 0.0008304056, 0.0010387733, 0, 0, 0, 0, 0, 0, 0, 0
0, 0, 0, 0, 0, 0, 0, 0, 0, 0, 0, 0, 0, 0, 0, 0, 0, 0, 0, 0, 0, 0, 0, 0, 0, 0, 0, 0, 0, 0, 0, 0, 0, 0, 0, 0, 0, 0, 0, 0, 0, 0, 0, 0, 0, 0, 0, 0, 0, 0, 0, 0, 0, 0, 0, 0, 0, 0, 0, 0, 0, 0, 0, 0, 0, 0, 0, 0, 0, 0, 0, 0, 0, 0, 0, 0, 0, 0, 0, 0, 0, 0, 0, 0, 0, 0, 0, 0, 0, 0, 0, 0.00056565646, 0.0003655109, 0.0002895458, 0.00016404605, 5.961576e-05, 1.2294352e-05, -7.480492e-05, -0.00015313893, -0.00018932595, -0.00025540064, -0.00031373018, -0.00036490217, -0.00038808986, -0.0004307125, -0.00046829868, -0.00048522977, -0.0005156138, -0.0005407019, -0.0005603767, -0.0005678054, -0.0005772929, -0.000579669, -0.0005781614, -0.00057012844, -0.0005541689, -0.0005430584, -0.00051466405, -0.00047809345, -0.00043364422, -0.00040908597, -0.00035623164, -0.0003008744, -0.0002727733, -0.00021749856, -0.00016539938, -0.00011770071, -9.514283e-05, -5.0836457e-05, -4.806129e-06, 1.9685585e-05, 7.2684816e-05, 0.00013246892, 0.00016492257, 0.00023571427, 0.00031138392, 0.000388594, 0.00042718538, 0.00050819834, 0.00060838193, 0.0006718625, 0.00080435793, 0, 0, 0, 0, 0, 0, 0, 0
0, 0, 0, 0, 0, 0, 0, 0, 0, 0, 0, 0, 0, 0, 0, 0, 0, 0, 0, 0, 0, 0, 0, 0, 0, 0, 0, 0, 0, 0, 0, 0, 0, 0, 0, 0, 0, 0, 0, 0, 0, 0, 0, 0, 0, 0, 0, 0, 0, 0, 0, 0, 0, 0, 0, 0, 0, 0, 0, 0, 0, 0, 0, 0, 0, 0, 0, 0, 0, 0, 0, 0, 0, 0, 0, 0, 0, 0, 0, 0, 0, 0, 0, 0, 0, 0, 0, 0, 0, 0, 0, 0.00043099961, 0.00029883912, 0.00022377, 8.945526e-05, -2.4575822e-05, -7.555698e-05, -0.00016759834, -0.00024788996, -0.00028406468, -0.0003493548, -0.00040590393, -0.00045444648, -0.00047598916, -0.0005140232, -0.00054470904, -0.0005571386, -0.00057640346, -0.0005885101, -0.0005937806, -0.0005939115, -0.00058973226, -0.00057961117, -0.0005727388, -0.00055493036, -0.0005315479, -0.00051780895, -0.00048581808, -0.0004491125, -0.00040817048, -0.00038665396, -0.00034233078, -0.0002973659, -0.0002747611, -0.00023036342, -0.00018840542, -0.00014927282, -0.00013029376, -9.146062e-05, -4.8636728e-05, -2.509683e-05, 2.6517328e-05, 8.332867e-05, 0.00011322941, 0.00017581697, 0.00023935792, 0.00030132843, 0.0003316219, 0.00039403365, 0.0004699243, 0.0005171573, 0.0006098261, 0, 0, 0, 0, 0, 0, 0, 0
0, 0, 0, 0, 0, 0, 0, 0, 0, 0, 0, 0, 0, 0, 0, 0, 0, 0, 0, 0, 0, 0, 0, 0, 0, 0, 0, 0, 0, 0, 0, 0, 0, 0, 0, 0, 0, 0, 0, 0, 0, 0, 0, 0, 0, 0, 0, 0, 0, 0, 0, 0, 0, 0, 0, 0, 0, 0, 0, 0, 0, 0, 0, 0, 0, 0, 0, 0, 0, 0, 0, 0, 0, 0, 0, 0, 0, 0, 0, 0, 0, 0, 0, 0, 0, 0, 0, 0, 0, 0, 0, 0.00044631684, 0.0002822292, 0.00020245444, 5.9448816e-05, -6.3393774e-05, -0.00011854217, -0.00021729247, -0.00030258618, -0.0003404746, -0.00040842555, -0.00046653225, -0.0005149705, -0.0005356316, -0.00057023246, -0.00059511897, -0.00060379435, -0.00061424373, -0.00061587925, -0.0006105667, -0.0006057756, -0.0005923523, -0.00057452975, -0.00056430174, -0.0005413591, -0.0005151676, -0.00050104543, -0.0004708666, -0.00043877456, -0.00040568443, -0.00038912386, -0.000356515, -0.00032435442, -0.0003083316, -0.00027663802, -0.00024568764, -0.0002155699, -0.00020002977, -0.00016693494, -0.00012805281, -0.00010623322, -5.864374e-05, -7.2464827e-06, 1.938701e-05, 7.3207375e-05, 0.0001268686, 0.00017946136, 0.00020600796, 0.0002632308, 0.00033661176, 0.00038472502, 0.000507989, 0, 0, 0, 0, 0, 0, 0, 0
0, 0, 0, 0, 0, 0, 0, 0, 0, 0, 0, 0, 0, 0, 0, 0, 0, 0, 0, 0, 0, 0, 0, 0, 0, 0, 0, 0, 0, 0, 0, 0, 0, 0, 0, 0, 0, 0, 0, 0, 0, 0, 0, 0, 0, 0, 0, 0, 0, 0, 0, 0, 0, 0, 0, 0, 0, 0, 0, 0, 0, 0, 0, 0, 0, 0, 0, 0, 0, 0, 0, 0, 0, 0, 0, 0, 0, 0, 0, 0, 0, 0, 0, 0, 0, 0, 0, 0, 0, 0, 0, 0, 0.00027813745, 0.00020751657, 6.502717e-05, -6.55081e-05, -0.00012468609, -0.0002307501, -0.00032262632, -0.00036383103, -0.00043725027, -0.00049952825, -0.0005506683, -0.00057200546, -0.00060589716, -0.0006281058, -0.0006350977, -0.0006413468, -0.00063896447, -0.00063024595, -0.0006241932, -0.00060880353, -0.00058986247, -0.00057939044, -0.00055697357, -0.0005338844, -0.0005221817, -0.00049877696, -0.0004756538, -0.00045325543, -0.00044225162, -0.00042146567, -0.00040118874, -0.00039110257, -0.00037069136, -0.00034922964, -0.00032620627, -0.00031391083, -0.00028591216, -0.00025205145, -0.00023280348, -0.00019076372, -0.00014514702, -0.000121461315, -7.302431e-05, -2.3116183e-05, 2.9567405e-05, 5.7992733e-05, 0.00012283155, 0.00020712105, 0.00026012058, 0.00038130945, 0, 0, 0, 0, 0, 0, 0, 0
0, 0, 0, 0, 0, 0, 0, 0, 0, 0, 0, 0, 0, 0, 0, 0, 0, 0, 0, 0, 0, 0, 0, 0, 0, 0, 0, 0, 0, 0, 0, 0, 0, 0, 0, 0, 0, 0, 0, 0, 0, 0, 0, 0, 0, 0, 0, 0, 0, 0, 0, 0, 0, 0, 0, 0, 0, 0, 0, 0, 0, 0, 0, 0, 0, 0, 0, 0, 0, 0, 0, 0, 0, 0, 0, 0, 0, 0, 0, 0, 0, 0, 0, 0, 0, 0, 0, 0, 0, 0, 0, 0, 0.00026080216, 0.00021675728, 8.447978e-05, -4.9276317e-05, -0.00011052103, -0.00022148869, -0.00031863264, -0.00036280465, -0.00044236486, -0.0005104982, -0.00056662504, -0.00058991037, -0.0006268274, -0.00065120246, -0.0006591341, -0.00066757895, -0.000668902, -0.00066508923, -0.0006617127, -0.00065255555, -0.00064002466, -0.00063283974, -0.0006179951, -0.00060349645, -0.00059680996, -0.00058436964, -0.0005733279, -0.00056237646, -0.00055685284, -0.0005458416, -0.0005342005, -0.00052815664, -0.00051466905, -0.00049882627, -0.00048041446, -0.00047009854, -0.0004461541, -0.00041706106, -0.00040044167, -0.0003632498, -0.00032185754, -0.00029968336, -0.00025171667, -0.00019807683, -0.00013626249, -0.00010135882, -1.999237e-05, 8.222454e-05, 0.00014325794, 0.0002813346, 0.0004021091, 0, 0, 0, 0, 0, 0, 0
0, 0, 0, 0, 0, 0, 0, 0, 0, 0, 0, 0, 0, 0, 0, 0, 0, 0, 0, 0, 0, 0, 0, 0, 0, 0, 0, 0, 0, 0, 0, 0, 0, 0, 0, 0, 0, 0, 0, 0, 0, 0, 0, 0, 0, 0, 0, 0, 0, 0, 0, 0, 0, 0, 0, 0, 0, 0, 0, 0, 0, 0, 0, 0, 0, 0, 0, 0, 0, 0, 0, 0, 0, 0, 0, 0, 0, 0, 0, 0, 0, 0, 0, 0, 0, 0, 0, 0, 0, 0, 0, 0, 0.00028642904, 0.00024029323, 0.000106529544, -2.7206113e-05, -8.912273e-05, -0.00020204044, -0.0003029263, -0.0003493245, -0.00043438526, -0.00050888496, -0.00057125016, -0.000597563, -0.00064080575, -0.0006719876, -0.00068356225, -0.0007012746, -0.0007135213, -0.0007217324, -0.0007247421, -0.00072865345, -0.0007295036, -0.00072910066, -0.0007275587, -0.0007264483, -0.0007265007, -0.00072748476, -0.00072886155, -0.00072892726, -0.0007279764, -0.00072345615, -0.00071598846, -0.00071133213, -0.0006993156, -0.000684336, -0.00066644966, -0.00065618596, -0.0006330234, -0.0006055626, -0.00058983586, -0.00055448327, -0.0005134885, -0.0004904526, -0.00043791236, -0.00037472896, -0.0002988569, -0.000255097, -0.00015457654, -3.365255e-05, 3.5572306e-05, 0.00018613899, 0.00030710918, 0, 0, 0, 0, 0, 0, 0
0, 0, 0, 0, 0, 0, 0, 0, 0, 0, 0, 0, 0, 0, 0, 0, 0, 0, 0, 0, 0, 0, 0, 0, 0, 0, 0, 0, 0, 0, 0, 0, 0, 0, 0, 0, 0, 0, 0, 0, 0, 0, 0, 0, 0, 0, 0, 0, 0, 0, 0, 0, 0, 0, 0, 0, 0, 0, 0, 0, 0, 0, 0, 0, 0, 0, 0, 0, 0, 0, 0, 0, 0, 0, 0, 0, 0, 0, 0, 0, 0, 0, 0, 0, 0, 0, 0, 0, 0, 0, 0, 0, 0, 0.00026475225, 0.00014897603, 1.4902271e-05, -5.0522332e-05, -0.00017222927, -0.000281279, -0.00033167965, -0.0004255965, -0.0005105257, -0.0005867627, -0.0006212853, -0.0006835744, -0.00073929725, -0.0007654263, -0.0008153994, -0.0008630544, -0.0009085223, -0.00093033107, -0.00097130303, -0.0010085356, -0.0010253587, -0.0010558846, -0.0010824972, -0.0010945041, -0.0011157333, -0.0011324014, -0.0011424973, -0.0011446441, -0.0011420342, -0.0011311743, -0.0011228342, -0.001101751, -0.0010757024, -0.0010447723, -0.0010276778, -0.0009901058, -0.00094769173, -0.00092445256, -0.0008737065, -0.00081523566, -0.00078212784, -0.00070658885, -0.0006172447, -0.00051306334, -0.00045551028, -0.0003293023, -0.0001873859, -0.000110033296, 5.4916633e-05, 0.000212602, 0, 0, 0, 0, 0, 0, 0
0, 0, 0, 0, 0, 0, 0, 0, 0, 0, 0, 0, 0, 0, 0, 0, 0, 0, 0, 0, 0, 0, 0, 0, 0, 0, 0, 0, 0, 0, 0, 0, 0, 0, 0, 0, 0, 0, 0, 0, 0, 0, 0, 0, 0, 0, 0, 0, 0, 0, 0, 0, 0, 0, 0, 0, 0, 0, 0, 0, 0, 0, 0, 0, 0, 0, 0, 0, 0, 0, 0, 0, 0, 0, 0, 0, 0, 0, 0, 0, 0, 0, 0, 0, 0, 0, 0, 0, 0, 0, 0, 0, 0, 0, 0.00014453466, 2.1159549e-05, -4.4635693e-05, -0.00016944307, -0.0002820061, -0.00033403933, -0.00043179622, -0.00052236085, -0.0006063355, -0.0006461632, -0.0007215253, -0.0007931305, -0.0008281075, -0.0008969723, -0.0009642911, -0.0010288624, -0.0010596089, -0.00111737, -0.0011688317, -0.001191874, -0.0012322087, -0.0012650315, -0.0012786329, -0.0013007259, -0.0013156643, -0.0013226744, -0.0013228237, -0.0013161958, -0.0013001898, -0.0012891723, -0.0012613226, -0.0012266356, -0.0011852165, -0.0011619226, -0.0011103399, -0.0010524914, -0.001021279, -0.00095403625, -0.00087906723, -0.000838249, -0.0007481314, -0.000646473, -0.0005334407, -0.00047275357, -0.00034266993, -0.00019922107, -0.000121805715, 4.3163505e-05, 0.00020060843, 0, 0, 0, 0, 0, 0, 0
0, 0, 0, 0, 0, 0, 0, 0, 0, 0, 0, 0, 0, 0, 0, 0, 0, 0, 0, 0, 0, 0, 0, 0, 0, 0, 0, 0, 0, 0, 0, 0, 0, 0, 0, 0, 0, 0, 0, 0, 0, 0, 0, 0, 0, 0, 0, 0, 0, 0, 0, 0, 0, 0, 0, 0, 0, 0, 0, 0, 0, 0, 0, 0, 0, 0, 0, 0, 0, 0, 0, 0, 0, 0, 0, 0, 0, 0, 0, 0, 0, 0, 0, 0, 0, 0, 0, 0, 0, 0, 0, 0, 0, 0, 0.00013440907, 2.4241874e-05, -3.9410043e-05, -0.00016499078, -0.00028035845, -0.0003341493, -0.00043642608, -0.0005336579, -0.0006272731, -0.00067324913, -0.0007629766, -0.00085135497, -0.0008950612, -0.0009815068, -0.0010652732, -0.0011442264, -0.0011809714, -0.0012483955, -0.0013061566, -0.0013311105, -0.0013729148, -0.0014038212, -0.0014153991, -0.0014314313, -0.0014392827, -0.0014394807, -0.0014365137, -0.0014241508, -0.0014029704, -0.0013891794, -0.00135543, -0.0013134992, -0.0012624642, -0.0012332598, -0.0011681176, -0.0010945072, -0.0010550378, -0.0009704999, -0.00087910733, -0.0008304867, -0.0007275653, -0.00061724073, -0.000500343, -0.00043935157, -0.00031115583, -0.00017269688, -9.864301e-05, 5.8857095e-05, 0.00021218369, 0, 0, 0, 0, 0, 0, 0
0, 0, 0, 0, 0, 0, 0, 0, 0, 0, 0, 0, 0, 0, 0, 0, 0, 0, 0, 0, 0, 0, 0, 0, 0, 0, 0, 0, 0, 0, 0, 0, 0, 0, 0, 0, 0, 0, 0, 0, 0, 0, 0, 0, 0, 0, 0, 0, 0, 0, 0, 0, 0, 0, 0, 0, 0, 0, 0, 0, 0, 0, 0, 0, 0, 0, 0, 0, 0, 0, 0, 0, 0, 0, 0, 0, 0, 0, 0, 0, 0, 0, 0, 0, 0, 0, 0, 0, 0, 0, 0, 0, 0, 0, 0.00013277886, 4.2944226e-05, -1.9067518e-05, -0.00014504578, -0.0002633615, -0.00031941003, -0.00042757494, -0.0005325515, -0.000636806, -0.0006887125, -0.00079270377, -0.0008956274, -0.0009463773, -0.0010452478, -0.0011390498, -0.0012241937, -0.0012626755, -0.0013302158, -0.0013849165, -0.0014073533, -0.0014421166, -0.0014639776, -0.0014703881, -0.0014760814, -0.001474294, -0.0014665795, -0.0014603442, -0.0014428877, -0.0014175483, -0.0014019894, -0.0013649005, -0.0013191181, -0.0012625353, -0.0012299097, -0.0011562386, -0.0010723094, -0.0010269913, -0.0009309313, -0.00082790025, -0.0007742209, -0.0006634772, -0.00054956786, -0.00043367478, -0.00037448673, -0.0002528635, -0.00012401732, -5.5984237e-05, 8.9919355e-05, 0.00024872395, 0.00041227814, 0, 0, 0, 0, 0, 0
0, 0, 0, 0, 0, 0, 0, 0, 0, 0, 0, 0, 0, 0, 0, 0, 0, 0, 0, 0, 0, 0, 0, 0, 0, 0, 0, 0, 0, 0, 0, 0, 0, 0, 0, 0, 0, 0, 0, 0, 0, 0, 0, 0, 0, 0, 0, 0, 0, 0, 0, 0, 0, 0, 0, 0, 0, 0, 0, 0, 0, 0, 0, 0, 0, 0, 0, 0, 0, 0, 0, 0, 0, 0, 0, 0, 0, 0, 0, 0, 0, 0, 0, 0, 0, 0, 0, 0, 0, 0, 0, 0, 0, 0, 0.00014130169, 8.017735e-05, 2.4273415e-05, -0.00010003665, -0.0002215907, -0.0002800966, -0.00039399802, -0.00050656544, -0.0006198316, -0.0006769508, -0.0007908302, -0.0009028168, -0.0009571758, -0.0010607305, -0.00115516, -0.0012370839, -0.0012724925, -0.0013315438, -0.0013757003, -0.0013920623, -0.0014140498, -0.0014229973, -0.0014232015, -0.0014173329, -0.0014060329, -0.0013916005, -0.001383341, -0.0013631843, -0.0013368598, -0.0013211359, -0.0012843276, -0.0012387056, -0.0011827081, -0.0011501824, -0.0010768757, -0.0009924953, -0.0009465769, -0.00084858463, -0.00074304565, -0.0006882201, -0.00057682395, -0.00046477857, -0.00035370656, -0.000298041, -0.00018493233, -6.6887376e-05, -4.8324296e-06, 0.00012881578, 0.00027712755, 0.0004064637, 0, 0, 0, 0, 0, 0
0, 0, 0, 0, 0, 0, 0, 0, 0, 0, 0, 0, 0, 0, 0, 0, 0, 0, 0, 0, 0, 0, 0, 0, 0, 0, 0, 0, 0, 0, 0, 0, 0, 0, 0, 0, 0, 0, 0, 0, 0, 0, 0, 0, 0, 0, 0, 0, 0, 0, 0, 0, 0, 0, 0, 0, 0, 0, 0, 0, 0, 0, 0, 0, 0, 0, 0, 0, 0, 0, 0, 0, 0, 0, 0, 0, 0, 0, 0, 0, 0, 0, 0, 0, 0, 0, 0, 0, 0, 0, 0, 0, 0, 0, 0, 0.00015389215, 9.846442e-05, -2.8207218e-05, -0.00015354472, -0.00021408738, -0.00033210978, -0.00044939766, -0.00056700525, -0.00062607805, -0.0007426457, -0.00085489766, -0.00090804993, -0.0010067987, -0.0010929008, -0.0011635611, -0.0011925009, -0.001237895, -0.0012675519, -0.001276816, -0.0012848504, -0.0012808143, -0.0012752472, -0.001259883, -0.0012422523, -0.0012244881, -0.0012154185, -0.0011955916, -0.0011710435, -0.0011565951, -0.0011227458, -0.0010815103, -0.001031666, -0.0010028238, -0.0009378442, -0.0008624909, -0.0008211041, -0.0007313526, -0.0006331157, -0.00058172824, -0.00047746213, -0.00037325232, -0.00027046807, -0.0002192867, -0.000115821626, -7.989426e-06, 4.8639242e-05, 0.00017161983, 0.00031082943, 0.00043218225, 0, 0, 0, 0, 0, 0
0, 0, 0, 0, 0, 0, 0, 0, 0, 0, 0, 0, 0, 0, 0, 0, 0, 0, 0, 0, 0, 0, 0, 0, 0, 0, 0, 0, 0, 0, 0, 0, 0, 0, 0, 0, 0, 0, 0, 0, 0, 0, 0, 0, 0, 0, 0, 0, 0, 0, 0, 0, 0, 0, 0, 0, 0, 0, 0, 0, 0, 0, 0, 0, 0, 0, 0, 0, 0, 0, 0, 0, 0, 0, 0, 0, 0, 0, 0, 0, 0, 0, 0, 0, 0, 0, 0, 0, 0, 0, 0, 0, 0, 0, 0, 0.0002334151, 0.00018326494, 5.8491547e-05, -6.886198e-05, -0.0001301832, -0.00024885286, -0.0003649672, -0.00047969486, -0.0005361815, -0.00064563536, -0.0007479031, -0.0007949334, -0.0008802416, -0.0009509436, -0.0010057633, -0.0010269568, -0.0010576758, -0.0010739608, -0.0010770519, -0.001074266, -0.0010619031, -0.0010531648, -0.0010335784, -0.0010141513, -0.0009962033, -0.0009876622, -0.0009692096, -0.0009466638, -0.0009333281, -0.00090280443, -0.00086707284, -0.00082484534, -0.00080094556, -0.0007470653, -0.000684756, -0.0006501514, -0.0005743761, -0.0004905303, -0.000446568, -0.00035664605, -0.0002662718, -0.00017632451, -0.00013128291, -3.9941428e-05, 5.553858e-05, 0.00010599315, 0.00021748118, 0.0003560721, 0.0005461857, 0.0006651797, 0, 0, 0, 0, 0
0, 0, 0, 0, 0, 0, 0, 0, 0, 0, 0, 0, 0, 0, 0, 0, 0, 0, 0, 0, 0, 0, 0, 0, 0, 0, 0, 0, 0, 0, 0, 0, 0, 0, 0, 0, 0, 0, 0, 0, 0, 0, 0, 0, 0, 0, 0, 0, 0, 0, 0, 0, 0, 0, 0, 0, 0, 0, 0, 0, 0, 0, 0, 0, 0, 0, 0, 0, 0, 0, 0, 0, 0, 0, 0, 0, 0, 0, 0, 0, 0, 0, 0, 0, 0, 0, 0, 0, 0, 0, 0, 0, 0, 0, 0, 0.00031871494, 0.00027596613, 0.0001464601, 1.6116286e-05, -4.422159e-05, -0.00015792272, -0.00026547947, -0.00036840857, -0.00041764302, -0.0005103981, -0.0005935155, -0.0006307479, -0.0006963247, -0.000748803, -0.00078709784, -0.0008012804, -0.00082029076, -0.0008279753, -0.0008280114, -0.00082153693, -0.0008082072, -0.0007999844, -0.00078296696, -0.0007666612, -0.0007510826, -0.0007431021, -0.0007246117, -0.0007012496, -0.00068755186, -0.0006564856, -0.0006215797, -0.00058257446, -0.00056108553, -0.00051387347, -0.000460818, -0.00043207005, -0.00037001434, -0.00030309285, -0.00026837838, -0.00019787268, -0.00012694931, -5.5291715e-05, -1.9073294e-05, 5.5390443e-05, 0.00013396064, 0.00017570461, 0.00026925167, 0.0003895295, 0.00054607686, 0.0006154334, 0, 0, 0, 0, 0
0, 0, 0, 0, 0, 0, 0, 0, 0, 0, 0, 0, 0, 0, 0, 0, 0, 0, 0, 0, 0, 0, 0, 0, 0, 0, 0, 0, 0, 0, 0, 0, 0, 0, 0, 0, 0, 0, 0, 0, 0, 0, 0, 0, 0, 0, 0, 0, 0, 0, 0, 0, 0, 0, 0, 0, 0, 0, 0, 0, 0, 0, 0, 0, 0, 0, 0, 0, 0, 0, 0, 0, 0, 0, 0, 0, 0, 0, 0, 0, 0, 0, 0, 0, 0, 0, 0, 0, 0, 0, 0, 0, 0, 0, 0, 0.00041473674, 0.00036158308, 0.00021930088, 8.947024e-05, 3.2693926e-05, -6.910641e-05, -0.00016036927, -0.00024364886, -0.00028220896, -0.00035195125, -0.0004115184, -0.0004375933, -0.00048239928, -0.00051765906, -0.00054336985, -0.0005529334, -0.00056594564, -0.00057232, -0.00057319424, -0.0005706888, -0.0005645415, -0.00056065153, -0.0005520417, -0.00054215663, -0.0005298449, -0.0005219129, -0.00050142343, -0.00047329193, -0.00045651, -0.00041897368, -0.00037739877, -0.0003325879, -0.00030876, -0.0002588619, -0.0002065329, -0.00018013932, -0.00012688989, -7.443509e-05, -4.876616e-05, 1.150376e-06, 4.9967955e-05, 9.952955e-05, 0.00012492156, 0.00017783845, 0.00023444496, 0.00026489937, 0.00033483517, 0.0004283756, 0.0005534936, 0.00060935685, 0, 0, 0, 0, 0
0, 0, 0, 0, 0, 0, 0, 0, 0, 0, 0, 0, 0, 0, 0, 0, 0, 0, 0, 0, 0, 0, 0, 0, 0, 0, 0, 0, 0, 0, 0, 0, 0, 0, 0, 0, 0, 0, 0, 0, 0, 0, 0, 0, 0, 0, 0, 0, 0, 0, 0, 0, 0, 0, 0, 0, 0, 0, 0, 0, 0, 0, 0, 0, 0, 0, 0, 0, 0, 0, 0, 0, 0, 0, 0, 0, 0, 0, 0, 0, 0, 0, 0, 0, 0, 0, 0, 0, 0, 0, 0, 0, 0, 0, 0, 0.00050945213, 0.00043570332, 0.00028135444, 0.0001570146, 0.0001061902, 2.0649326e-05, -5.0300485e-05, -0.00011062317, -0.00013736055, -0.00018361144, -0.00022129167, -0.00023777792, -0.0002667351, -0.00029074383, -0.00031058228, -0.0003191311, -0.00033379922, -0.00034583436, -0.0003509368, -0.00035936013, -0.00036537758, -0.0003676893, -0.00037014642, -0.00036783135, -0.00035813573, -0.0003498514, -0.00032562047, -0.00029038964, -0.00026907565, -0.00022055011, -0.00016604633, -0.00010775006, -7.771716e-05, -1.6992919e-05, 4.195195e-05, 6.986484e-05, 0.00012093846, 0.00016446508, 0.00018349019, 0.00021667432, 0.00024588138, 0.00027402755, 0.0002886411, 0.00031942083, 0.00035322865, 0.0003719433, 0.00041680416, 0.00048374198, 0.0005835502, 0.00063201104, 0, 0, 0, 0, 0
0, 0, 0, 0, 0, 0, 0, 0, 0, 0, 0, 0, 0, 0, 0, 0, 0, 0, 0, 0, 0, 0, 0, 0, 0, 0, 0, 0, 0, 0, 0, 0, 0, 0, 0, 0, 0, 0, 0, 0, 0, 0, 0, 0, 0, 0, 0, 0, 0, 0, 0, 0, 0, 0, 0, 0, 0, 0, 0, 0, 0, 0, 0, 0, 0, 0, 0, 0, 0, 0, 0, 0, 0, 0, 0, 0, 0, 0, 0, 0, 0, 0, 0, 0, 0, 0, 0, 0, 0, 0, 0, 0, 0, 0, 0, 0, 0.0004608239, 0.00034292197, 0.00023222654, 0.00018827707, 0.000120056444, 6.9156384e-05, 2.954759e-05, 1.2769405e-05, -1.5595762e-05, -3.925735e-05, -5.027434e-05, -7.168794e-05, -9.3075025e-05, -0.00011504551, -0.00012633752, -0.00014916221, -0.00017190716, -0.0001830563, -0.00020453283, -0.00022352143, -0.00023177268, -0.00024400749, -0.00024794007, -0.00024050313, -0.00023196153, -0.00020426807, -0.00016267221, -0.00013713677, -7.766407e-05, -1.024673e-05, 6.1880404e-05, 9.871171e-05, 0.00017169514, 0.0002400491, 0.00027102022, 0.0003249666, 0.00036619155, 0.0003822534, 0.00040661573, 0.00042380887, 0.00043796102, 0.00044480705, 0.00045927957, 0.00047549544, 0.0004851095, 0.0005114777, 0.00056074746, 0.0006489291, 0.0006939891, 0, 0, 0, 0, 0
0, 0, 0, 0, 0, 0, 0, 0, 0, 0, 0, 0, 0, 0, 0, 0, 0, 0, 0, 0, 0, 0, 0, 0, 0, 0, 0, 0, 0, 0, 0, 0, 0, 0, 0, 0, 0, 0, 0, 0, 0, 0, 0, 0, 0, 0, 0, 0, 0, 0, 0, 0, 0, 0, 0, 0, 0, 0, 0, 0, 0, 0, 0, 0, 0, 0, 0, 0, 0, 0, 0, 0, 0, 0, 0, 0, 0, 0, 0, 0, 0, 0, 0, 0, 0, 0, 0, 0, 0, 0, 0, 0, 0, 0, 0, 0, 0, 0.00042306725, 0.00032454482, 0.00028648917, 0.00023328331, 0.0001989312, 0.00017368168, 0.00016274328, 0.00014293041, 0.00012308647, 0.0001124958, 8.925057e-05, 6.3029984e-05, 3.3150864e-05, 1.7145694e-05, -1.6370777e-05, -5.0223753e-05, -6.685704e-05, -9.866465e-05, -0.00012733525, -0.00013971084, -0.00015909695, -0.0001677049, -0.00016260307, -0.00015429365, -0.00012578732, -8.1817154e-05, -5.4342127e-05, 9.927982e-06, 8.3565756e-05, 0.0001624689, 0.00020262464, 0.0002816692, 0.00035541473, 0.0003887654, 0.0004466317, 0.0004904701, 0.0005074231, 0.00053190324, 0.0005482241, 0.0005598002, 0.00056471286, 0.0005739017, 0.0005833897, 0.0005892015, 0.0006081661, 0.0006557936, 0.0007837441, 0.00090872234, 0, 0, 0, 0, 0
0, 0, 0, 0, 0, 0, 0, 0, 0, 0, 0, 0, 0, 0, 0, 0, 0, 0, 0, 0, 0, 0, 0, 0, 0, 0, 0, 0, 0, 0, 0, 0, 0, 0, 0, 0, 0, 0, 0, 0, 0, 0, 0, 0, 0, 0, 0, 0, 0, 0, 0, 0, 0, 0, 0, 0, 0, 0, 0, 0, 0, 0, 0, 0, 0, 0, 0, 0, 0, 0, 0, 0, 0, 0, 0, 0, 0, 0, 0, 0, 0, 0, 0, 0, 0, 0, 0, 0, 0, 0, 0, 0, 0, 0, 0, 0, 0, 0.0005447889, 0.00043643956, 0.00040115707, 0.00035725176, 0.0003320868, 0.00031290916, 0.00030338374, 0.00028236685, 0.00025782234, 0.00024389099, 0.0002129809, 0.0001780403, 0.0001394166, 0.000119122786, 7.749506e-05, 3.6258636e-05, 1.6368609e-05, -2.1112059e-05, -5.429627e-05, -6.871773e-05, -9.1429596e-05, -0.00010323866, -0.00010060633, -9.346337e-05, -6.73078e-05, -2.6132167e-05, -4.815872e-07, 5.9611495e-05, 0.0001284392, 0.0002021455, 0.00023972236, 0.00031466462, 0.00038611834, 0.0004192143, 0.00047827276, 0.0005262701, 0.00054617133, 0.00057857035, 0.00060366374, 0.0006242845, 0.0006332472, 0.0006491753, 0.00066329545, 0.00067023834, 0.00068966014, 0.0007330073, 0.0008378172, 0.00092003983, 0, 0, 0, 0, 0
0, 0, 0, 0, 0, 0, 0, 0, 0, 0, 0, 0, 0, 0, 0, 0, 0, 0, 0, 0, 0, 0, 0, 0, 0, 0, 0, 0, 0, 0, 0, 0, 0, 0, 0, 0, 0, 0, 0, 0, 0, 0, 0, 0, 0, 0, 0, 0, 0, 0, 0, 0, 0, 0, 0, 0, 0, 0, 0, 0, 0, 0, 0, 0, 0, 0, 0, 0, 0, 0, 0, 0, 0, 0, 0, 0, 0, 0, 0, 0, 0, 0, 0, 0, 0, 0, 0, 0, 0, 0, 0, 0, 0, 0, 0, 0, 0, 0.00064043456, 0.00056159584, 0.0005267616, 0.0004817295, 0.00045544453, 0.00043330272, 0.0004212162, 0.00039324258, 0.00035999945, 0.00034159413, 0.00030233606, 0.00026020466, 0.00021628675, 0.00019399707, 0.00014939201, 0.00010637524, 8.606459e-05, 4.8184313e-05, 1.50488595e-05, 7.9903856e-07, -2.1614092e-05, -3.3481803e-05, -3.2661545e-05, -2.6946424e-05, -5.7554903e-06, 2.7846987e-05, 4.871063e-05, 9.681346e-05, 0.00015112785, 0.00020884654, 0.00023871068, 0.00029975228, 0.0003607887, 0.0003904924, 0.00044666065, 0.0004974646, 0.00052082096, 0.000563984, 0.000603262, 0.00063914014, 0.0006558717, 0.00068590697, 0.00071146415, 0.0007230272, 0.00074752315, 0.0007899673, 0.0008960479, 0.0010001175, 0.0013682687, 0, 0, 0, 0
0, 0, 0, 0, 0, 0, 0, 0, 0, 0, 0, 0, 0, 0, 0, 0, 0, 0, 0, 0, 0, 0, 0, 0, 0, 0, 0, 0, 0, 0, 0, 0, 0, 0, 0, 0, 0, 0, 0, 0, 0, 0, 0, 0, 0, 0, 0, 0, 0, 0, 0, 0, 0, 0, 0, 0, 0, 0, 0, 0, 0, 0, 0, 0, 0, 0, 0, 0, 0, 0, 0, 0, 0, 0, 0, 0, 0, 0, 0, 0, 0, 0, 0, 0, 0, 0, 0, 0, 0, 0, 0, 0, 0, 0, 0, 0, 0, 0.00083056465, 0.000710324, 0.0006587084, 0.0005913257, 0.00055171835, 0.0005199252, 0.00050356146, 0.00046795802, 0.0004277701, 0.00040666125, 0.00036294473, 0.0003185023, 0.00027450314, 0.00025278414, 0.00021077285, 0.00017134177, 0.00015277353, 0.000119228476, 9.0524736e-05, 7.853208e-05, 6.040127e-05, 5.1564457e-05, 5.265562e-05, 5.6895715e-05, 7.238414e-05, 9.626948e-05, 0.000110913854, 0.000143457, 0.00017884515, 0.00021592302, 0.00023546268, 0.00027783803, 0.0003239941, 0.00034829788, 0.00039826965, 0.00044938512, 0.00047525403, 0.0005275048, 0.0005796814, 0.0006303463, 0.0006545479, 0.00069870375, 0.00073588116, 0.0007516383, 0.00077947724, 0.00081446173, 0.00089040946, 0.0009600261, 0.0011461503, 0, 0, 0, 0
0, 0, 0, 0, 0, 0, 0, 0, 0, 0, 0, 0, 0, 0, 0, 0, 0, 0, 0, 0, 0, 0, 0, 0, 0, 0, 0, 0, 0, 0, 0, 0, 0, 0, 0, 0, 0, 0, 0, 0, 0, 0, 0, 0, 0, 0, 0, 0, 0, 0, 0, 0, 0, 0, 0, 0, 0, 0, 0, 0, 0, 0, 0, 0, 0, 0, 0, 0, 0, 0, 0, 0, 0, 0, 0, 0, 0, 0, 0, 0, 0, 0, 0, 0, 0, 0, 0, 0, 0, 0, 0, 0, 0, 0, 0, 0, 0, 0.001063343, 0.0008625289, 0.0007759136, 0.00066559704, 0.00060663227, 0.00056596973, 0.000547168, 0.0005083151, 0.00046718132, 0.0004461336, 0.00040391632, 0.0003621242, 0.00032212678, 0.00030309393, 0.00026718818, 0.00023454736, 0.00021976455, 0.00019350174, 0.00017252889, 0.00016440015, 0.00015361761, 0.00015017064, 0.00015308122, 0.00015663686, 0.00016732479, 0.00018249599, 0.00019116246, 0.0002095246, 0.00022772013, 0.0002461386, 0.00025655795, 0.0002817647, 0.00031446718, 0.00033365114, 0.00037676966, 0.00042599716, 0.000452736, 0.000509403, 0.000568837, 0.0006276445, 0.00065590587, 0.0007073019, 0.00074963336, 0.00076664984, 0.0007937653, 0.0008201227, 0.00087227096, 0.000919908, 0.0010428083, 0, 0, 0, 0
0, 0, 0, 0, 0, 0, 0, 0, 0, 0, 0, 0, 0, 0, 0, 0, 0, 0, 0, 0, 0, 0, 0, 0, 0, 0, 0, 0, 0, 0, 0, 0, 0, 0, 0, 0, 0, 0, 0, 0, 0, 0, 0, 0, 0, 0, 0, 0, 0, 0, 0, 0, 0, 0, 0, 0, 0, 0, 0, 0, 0, 0, 0, 0, 0, 0, 0, 0, 0, 0, 0, 0, 0, 0, 0, 0, 0, 0, 0, 0, 0, 0, 0, 0, 0, 0, 0, 0, 0, 0, 0, 0, 0, 0, 0, 0, 0, 0.0013456923, 0.00096987665, 0.00083933485, 0.00069102785, 0.0006236885, 0.00058407086, 0.0005671357, 0.000532922, 0.0004969919, 0.00047864267, 0.00044165252, 0.00040528286, 0.0003708831, 0.00035473093, 0.0003251123, 0.00029938723, 0.00028828878, 0.00026968768, 0.00025688327, 0.00025285847, 0.00024944276, 0.00025160355, 0.00025746867, 0.00026116287, 0.00026958136, 0.0002791855, 0.00028407967, 0.0002928996, 0.00030001687, 0.0003066985, 0.00031137903, 0.00032613162, 0.00035006963, 0.00036580348, 0.0004042934, 0.0004510285, 0.00047716263, 0.0005335765, 0.0005929885, 0.0006511851, 0.0006784887, 0.0007271451, 0.0007655098, 0.0007802857, 0.0008024005, 0.0008247907, 0.0008797861, 0.00094083644, 0.0012047522, 0, 0, 0, 0
0, 0, 0, 0, 0, 0, 0, 0, 0, 0, 0, 0, 0, 0, 0, 0, 0, 0, 0, 0, 0, 0, 0, 0, 0, 0, 0, 0, 0, 0, 0, 0, 0, 0, 0, 0, 0, 0, 0, 0, 0, 0, 0, 0, 0, 0, 0, 0, 0, 0, 0, 0, 0, 0, 0, 0, 0, 0, 0, 0, 0, 0, 0, 0, 0, 0, 0, 0, 0, 0, 0, 0, 0, 0, 0, 0, 0, 0, 0, 0, 0, 0, 0, 0, 0, 0, 0, 0, 0, 0, 0, 0, 0, 0, 0, 0, 0, 0, 0.0009351403, 0.0008156993, 0.0006852167, 0.00063309126, 0.0006072077, 0.0005963858, 0.000572895, 0.00054620695, 0.0005314384, 0.0005008882, 0.00046931175, 0.0004384331, 0.00042378434, 0.00039692846, 0.00037407345, 0.0003645442, 0.00034959632, 0.0003410713, 0.00033922377, 0.00034043772, 0.00034641274, 0.0003547364, 0.00035912357, 0.00036791916, 0.0003760864, 0.0003796142, 0.0003853938, 0.00038919842, 0.00039310625, 0.00039638107, 0.0004085797, 0.0004300817, 0.00044466334, 0.00048074953, 0.0005249371, 0.0005495063, 0.0006015152, 0.0006545387, 0.0007042938, 0.0007265653, 0.0007641159, 0.00079099066, 0.0008002963, 0.0008128699, 0.0008265644, 0.00086871267, 0.0009166857, 0.0010965398, 0, 0, 0, 0
0, 0, 0, 0, 0, 0, 0, 0, 0, 0, 0, 0, 0, 0, 0, 0, 0, 0, 0, 0, 0, 0, 0, 0, 0, 0, 0, 0, 0, 0, 0, 0, 0, 0, 0, 0, 0, 0, 0, 0, 0, 0, 0, 0, 0, 0, 0, 0, 0, 0, 0, 0, 0, 0, 0, 0, 0, 0, 0, 0, 0, 0, 0, 0, 0, 0, 0, 0, 0, 0, 0, 0, 0, 0, 0, 0, 0, 0, 0, 0, 0, 0, 0, 0, 0, 0, 0, 0, 0, 0, 0, 0, 0, 0, 0, 0, 0, 0, 0.00083682843, 0.00079180545, 0.00071339635, 0.0006820023, 0.00067212887, 0.0006683682, 0.0006575872, 0.0006406587, 0.00062994636, 0.000604659, 0.0005755709, 0.0005443867, 0.00052858674, 0.0004985402, 0.0004718099, 0.00046044984, 0.00044240197, 0.0004318889, 0.00042937495, 0.00042961078, 0.00043539316, 0.0004437615, 0.0004484149, 0.0004578021, 0.00046697233, 0.00047139302, 0.00047957356, 0.0004873599, 0.0004964993, 0.0005025011, 0.00051901053, 0.0005431429, 0.00055818865, 0.00059332483, 0.00063403073, 0.00065582414, 0.00069981854, 0.0007417535, 0.00077799, 0.00079293904, 0.0008152162, 0.0008271705, 0.0008295833, 0.0008289532, 0.0008280106, 0.00084695994, 0.00087544165, 0.0009923526, 0, 0, 0, 0
0, 0, 0, 0, 0, 0, 0, 0, 0, 0, 0, 0, 0, 0, 0, 0, 0, 0, 0, 0, 0, 0, 0, 0, 0, 0, 0, 0, 0, 0, 0, 0, 0, 0, 0, 0, 0, 0, 0, 0, 0, 0, 0, 0, 0, 0, 0, 0, 0, 0, 0, 0, 0, 0, 0, 0, 0, 0, 0, 0, 0, 0, 0, 0, 0, 0, 0, 0, 0, 0, 0, 0, 0, 0, 0, 0, 0, 0, 0, 0, 0, 0, 0, 0, 0, 0, 0, 0, 0, 0, 0, 0, 0, 0, 0, 0, 0, 0, 0.0009996783, 0.00093579583, 0.0008311637, 0.0007948042, 0.0007917693, 0.00079333404, 0.00079361425, 0.0007861026, 0.0007790632, 0.00075884286, 0.00073118106, 0.0006977282, 0.0006796953, 0.00064306456, 0.0006080988, 0.000592284, 0.000565732, 0.0005467905, 0.0005405628, 0.00053366984, 0.00053301424, 0.0005365964, 0.00053950446, 0.0005469215, 0.00055663305, 0.00056229654, 0.00057541963, 0.0005911768, 0.0006099618, 0.0006207842, 0.00064565724, 0.0006748088, 0.0006908694, 0.0007251086, 0.0007606241, 0.0007781546, 0.0008114887, 0.00083961553, 0.00086064276, 0.0008676688, 0.0008744943, 0.0008721621, 0.0008679143, 0.00085466116, 0.0008404714, 0.00084051356, 0.00085567305, 0.00093813695, 0, 0, 0, 0
0, 0, 0, 0, 0, 0, 0, 0, 0, 0, 0, 0, 0, 0, 0, 0, 0, 0, 0, 0, 0, 0, 0, 0, 0, 0, 0, 0, 0, 0, 0, 0, 0, 0, 0, 0, 0, 0, 0, 0, 0, 0, 0, 0, 0, 0, 0, 0, 0, 0, 0, 0, 0, 0, 0, 0, 0, 0, 0, 0, 0, 0, 0, 0, 0, 0, 0, 0, 0, 0, 0, 0, 0, 0, 0, 0, 0, 0, 0, 0, 0, 0, 0, 0, 0, 0, 0, 0, 0, 0, 0, 0, 0, 0, 0, 0, 0, 0, 0.0012948161, 0.0011889779, 0.0010101473, 0.0009460828, 0.0009414511, 0.00094640034, 0.00095670304, 0.0009594274, 0.0009568288, 0.0009438185, 0.00092063565, 0.0008885311, 0.00086996227, 0.00083005993, 0.0007893739, 0.000769863, 0.00073438487, 0.0007049086, 0.00069297175, 0.00067409547, 0.000661388, 0.0006540362, 0.0006522224, 0.00065255485, 0.0006586244, 0.00066406315, 0.0006802077, 0.00070256786, 0.00073018053, 0.0007454124, 0.00077785685, 0.00081139477, 0.0008281446, 0.00086010125, 0.0008889646, 0.0009016642, 0.00092272245, 0.00093731016, 0.000944143, 0.0009444692, 0.00093902735, 0.0009256677, 0.0009165394, 0.0008947688, 0.0008734405, 0.00086783315, 0.0008808956, 0.00095982023, 0, 0, 0, 0
0, 0, 0, 0, 0, 0, 0, 0, 0, 0, 0, 0, 0, 0, 0, 0, 0, 0, 0, 0, 0, 0, 0, 0, 0, 0, 0, 0, 0, 0, 0, 0, 0, 0, 0, 0, 0, 0, 0, 0, 0, 0, 0, 0, 0, 0, 0, 0, 0, 0, 0, 0, 0, 0, 0, 0, 0, 0, 0, 0, 0, 0, 0, 0, 0, 0, 0, 0, 0, 0, 0, 0, 0, 0, 0, 0, 0, 0, 0, 0, 0, 0, 0, 0, 0, 0, 0, 0, 0, 0, 0, 0, 0, 0, 0, 0, 0, 0, 0.0016786004, 0.0014556275, 0.0011700833, 0.001078844, 0.0010737379, 0.0010827215, 0.0011039537, 0.001119381, 0.0011231594, 0.001122153, 0.0011101111, 0.0010882952, 0.0010742787, 0.0010416749, 0.0010051426, 0.0009863377, 0.00094897207, 0.0009130642, 0.00089619186, 0.0008646041, 0.0008368982, 0.0008140665, 0.0008048147, 0.0007921027, 0.0007889351, 0.00079140754, 0.00080429786, 0.00082701305, 0.00085692084, 0.00087360246, 0.00090868975, 0.00094284443, 0.0009588141, 0.0009867357, 0.0010082026, 0.0010164061, 0.0010270624, 0.0010305042, 0.001027397, 0.0010231623, 0.0010098004, 0.000990141, 0.0009783207, 0.0009523777, 0.00092944066, 0.00092884223, 0.00095125154, 0.0011050686, 0.0015285483, 0, 0, 0
0, 0, 0, 0, 0, 0, 0, 0, 0, 0, 0, 0, 0, 0, 0, 0, 0, 0, 0, 0, 0, 0, 0, 0, 0, 0, 0, 0, 0, 0, 0, 0, 0, 0, 0, 0, 0, 0, 0, 0, 0, 0, 0, 0, 0, 0, 0, 0, 0, 0, 0, 0, 0, 0, 0, 0, 0, 0, 0, 0, 0, 0, 0, 0, 0, 0, 0, 0, 0, 0, 0, 0, 0, 0, 0, 0, 0, 0, 0, 0, 0, 0, 0, 0, 0, 0, 0, 0, 0, 0, 0, 0, 0, 0, 0, 0, 0, 0, 0, 0.0014335624, 0.0012497284, 0.0011570582, 0.0011542772, 0.0011677408, 0.0012016348, 0.0012321961, 0.0012442197, 0.001260735, 0.0012677739, 0.0012664981, 0.0012628827, 0.0012501611, 0.0012306103, 0.0012186186, 0.0011901434, 0.0011564082, 0.0011379378, 0.0010986039, 0.0010579161, 0.0010190206, 0.0010015528, 0.00097280956, 0.00095544884, 0.00095174584, 0.00095422484, 0.0009686489, 0.0009919474, 0.0010058284, 0.0010355148, 0.0010643776, 0.001077436, 0.0010992313, 0.0011140712, 0.0011188791, 0.0011229571, 0.001120615, 0.0011127448, 0.001106867, 0.0010910118, 0.0010697489, 0.0010571433, 0.0010297529, 0.0010043016, 0.0009965556, 0.0010104829, 0.0011130434, 0.0013175947, 0, 0, 0
0, 0, 0, 0, 0, 0, 0, 0, 0, 0, 0, 0, 0, 0, 0, 0, 0, 0, 0, 0, 0, 0, 0, 0, 0, 0, 0, 0, 0, 0, 0, 0, 0, 0, 0, 0, 0, 0, 0, 0, 0, 0, 0, 0, 0, 0, 0, 0, 0, 0, 0, 0, 0, 0, 0, 0, 0, 0, 0, 0, 0, 0, 0, 0, 0, 0, 0, 0, 0, 0, 0, 0, 0, 0, 0, 0, 0, 0, 0, 0, 0, 0, 0, 0, 0, 0, 0, 0, 0, 0, 0, 0, 0, 0, 0, 0, 0, 0, 0, 0.0017378404, 0.0013377202, 0.0011916838, 0.0011822862, 0.0011988803, 0.0012453388, 0.0012926229, 0.0013141144, 0.0013519864, 0.001383009, 0.0014079122, 0.0014181101, 0.0014327007, 0.0014381715, 0.001436969, 0.0014261038, 0.0014031902, 0.0013872669, 0.0013478887, 0.0013008513, 0.0012511293, 0.001227027, 0.0011838492, 0.0011513787, 0.0011400813, 0.0011274184, 0.0011271149, 0.0011365241, 0.0011437421, 0.001160642, 0.0011782908, 0.001186249, 0.0011997303, 0.0012083969, 0.0012108915, 0.0012120039, 0.0012090057, 0.0012022695, 0.0011974564, 0.0011845976, 0.001166543, 0.0011553449, 0.0011291472, 0.0011010789, 0.0010823542, 0.001085041, 0.0011439177, 0.0012754027, 0, 0, 0
0, 0, 0, 0, 0, 0, 0, 0, 0, 0, 0, 0, 0, 0, 0, 0, 0, 0, 0, 0, 0, 0, 0, 0, 0, 0, 0, 0, 0, 0, 0, 0, 0, 0, 0, 0, 0, 0, 0, 0, 0, 0, 0, 0, 0, 0, 0, 0, 0, 0, 0, 0, 0, 0, 0, 0, 0, 0, 0, 0, 0, 0, 0, 0, 0, 0, 0, 0, 0, 0, 0, 0, 0, 0, 0, 0, 0, 0, 0, 0, 0, 0, 0, 0, 0, 0, 0, 0, 0, 0, 0, 0, 0, 0, 0, 0, 0, 0, 0, 0, 0.0013249264, 0.0011909582, 0.0011797269, 0.0012004218, 0.0012609878, 0.0013265953, 0.0013579809, 0.0014164514, 0.0014697436, 0.0015183907, 0.0015407706, 0.0015799536, 0.0016087348, 0.001618172, 0.0016256337, 0.0016167732, 0.0016062597, 0.0015740616, 0.0015297073, 0.0014779529, 0.0014513084, 0.0014001759, 0.0013570329, 0.0013393789, 0.0013129582, 0.0012970718, 0.0012897772, 0.0012885187, 0.0012890839, 0.0012915351, 0.001292988, 0.0012953477, 0.001296824, 0.0012972531, 0.0012971673, 0.0012965451, 0.001294787, 0.0012932604, 0.0012876634, 0.001276997, 0.0012690056, 0.0012474526, 0.0012201711, 0.0011981059, 0.0011992055, 0.0012780386, 0.0016062411, 0.0019152156, 0, 0
0, 0, 0, 0, 0, 0, 0, 0, 0, 0, 0, 0, 0, 0, 0, 0, 0, 0, 0, 0, 0, 0, 0, 0, 0, 0, 0, 0, 0, 0, 0, 0, 0, 0, 0, 0, 0, 0, 0, 0, 0, 0, 0, 0, 0, 0, 0, 0, 0, 0, 0, 0, 0, 0, 0, 0, 0, 0, 0, 0, 0, 0, 0, 0, 0, 0, 0, 0, 0, 0, 0, 0, 0, 0, 0, 0, 0, 0, 0, 0, 0, 0, 0, 0, 0, 0, 0, 0, 0, 0, 0, 0, 0, 0, 0, 0, 0, 0, 0, 0, 0.00143648, 0.0012016362, 0.0011853237, 0.0012126723, 0.0012909337, 0.0013745234, 0.0014144444, 0.0014886846, 0.0015561008, 0.0016174474, 0.0016458936, 0.0016969565, 0.001737177, 0.0017520931, 0.0017701328, 0.0017716375, 0.0017663206, 0.0017445639, 0.0017098269, 0.0016654728, 0.0016413929, 0.0015927114, 0.0015480907, 0.0015285182, 0.001494966, 0.0014681836, 0.0014471797, 0.001438149, 0.0014225673, 0.0014091963, 0.0014032983, 0.0013932415, 0.0013862704, 0.001384033, 0.0013823988, 0.0013844344, 0.0013884513, 0.0013905909, 0.0013935514, 0.0013917275, 0.0013879258, 0.0013729706, 0.0013479403, 0.0013210017, 0.0013148085, 0.0013552789, 0.0015366415, 0.0016603009, 0, 0
0, 0, 0, 0, 0, 0, 0, 0, 0, 0, 0, 0, 0, 0, 0, 0, 0, 0, 0, 0, 0, 0, 0, 0, 0, 0, 0, 0, 0, 0, 0, 0, 0, 0, 0, 0, 0, 0, 0, 0, 0, 0, 0, 0, 0, 0, 0, 0, 0, 0, 0, 0, 0, 0, 0, 0, 0, 0, 0, 0, 0, 0, 0, 0, 0, 0, 0, 0, 0, 0, 0, 0, 0, 0, 0, 0, 0, 0, 0, 0, 0, 0, 0, 0, 0, 0, 0, 0, 0, 0, 0, 0, 0, 0, 0, 0, 0, 0, 0, 0, 0.0012838829, 0.0012104863, 0.0012347299, 0.001273815, 0.0013703087, 0.0014672833, 0.0015123076, 0.0015934784, 0.0016631498, 0.0017228007, 0.001749127, 0.0017950409, 0.0018297905, 0.0018425266, 0.0018581727, 0.0018616386, 0.0018592866, 0.0018466732, 0.0018245741, 0.0017944415, 0.0017773669, 0.0017416405, 0.0017066885, 0.0016901878, 0.0016591161, 0.0016297904, 0.0016013082, 0.0015872235, 0.0015594348, 0.0015328202, 0.0015202743, 0.0014985083, 0.0014830561, 0.0014779437, 0.0014737161, 0.0014762154, 0.0014834609, 0.0014878641, 0.0014962892, 0.0015004254, 0.0014995389, 0.0014892482, 0.0014662524, 0.001434954, 0.0014222792, 0.0014313536, 0.0015381738, 0.0016138415, 0, 0
0, 0, 0, 0, 0, 0, 0, 0, 0, 0, 0, 0, 0, 0, 0, 0, 0, 0, 0, 0, 0, 0, 0, 0, 0, 0, 0, 0, 0, 0, 0, 0, 0, 0, 0, 0, 0, 0, 0, 0, 0, 0, 0, 0, 0, 0, 0, 0, 0, 0, 0, 0, 0, 0, 0, 0, 0, 0, 0, 0, 0, 0, 0, 0, 0, 0, 0, 0, 0, 0, 0, 0, 0, 0, 0, 0, 0, 0, 0, 0, 0, 0, 0, 0, 0, 0, 0, 0, 0, 0, 0, 0, 0, 0, 0, 0, 0, 0, 0, 0, 0.0014602276, 0.0013560572, 0.001371889, 0.0014108671, 0.0015095676, 0.0016080904, 0.0016527377, 0.0017301195, 0.0017911022, 0.0018369682, 0.0018548369, 0.0018818367, 0.0018974035, 0.0019015596, 0.0019039832, 0.0019011466, 0.0018986475, 0.0018915734, 0.0018819427, 0.0018691992, 0.0018617329, 0.0018452911, 0.0018276793, 0.0018183297, 0.0017980152, 0.0017739659, 0.0017457729, 0.0017300757, 0.0016968299, 0.0016629171, 0.001646538, 0.0016173064, 0.0015953102, 0.0015876498, 0.0015793385, 0.0015787861, 0.0015835341, 0.001587007, 0.0015935685, 0.0015959991, 0.001594189, 0.0015819581, 0.001557281, 0.0015251858, 0.0015132459, 0.0015368724, 0.0017493757, 0.0020066798, 0, 0
0, 0, 0, 0, 0, 0, 0, 0, 0, 0, 0, 0, 0, 0, 0, 0, 0, 0, 0, 0, 0, 0, 0, 0, 0, 0, 0, 0, 0, 0, 0, 0, 0, 0, 0, 0, 0, 0, 0, 0, 0, 0, 0, 0, 0, 0, 0, 0, 0, 0, 0, 0, 0, 0, 0, 0, 0, 0, 0, 0, 0, 0, 0, 0, 0, 0, 0, 0, 0, 0, 0, 0, 0, 0, 0, 0, 0, 0, 0, 0, 0, 0, 0, 0, 0, 0, 0, 0, 0, 0, 0, 0, 0, 0, 0, 0, 0, 0, 0, 0, 0.0017829379, 0.001610966, 0.0015742668, 0.0015977268, 0.0016777711, 0.0017651037, 0.0018047466, 0.0018712727, 0.0019184141, 0.0019464117, 0.001953898, 0.0019578796, 0.0019509207, 0.0019448033, 0.0019307263, 0.0019184866, 0.0019142445, 0.0019102781, 0.0019111396, 0.0019144244, 0.0019165118, 0.0019199394, 0.0019209964, 0.0019199925, 0.0019137061, 0.0018997485, 0.0018780208, 0.0018645129, 0.00183371, 0.0018005109, 0.0017840274, 0.0017536065, 0.0017289183, 0.0017193912, 0.0017060895, 0.0016987218, 0.001694864, 0.0016932532, 0.0016884037, 0.0016780028, 0.0016695263, 0.0016442188, 0.001607366, 0.001564358, 0.0015466852, 0.0015509189, 0.0016893572, 0.0018344116, 0, 0
0, 0, 0, 0, 0, 0, 0, 0, 0, 0, 0, 0, 0, 0, 0, 0, 0, 0, 0, 0, 0, 0, 0, 0, 0, 0, 0, 0, 0, 0, 0, 0, 0, 0, 0, 0, 0, 0, 0, 0, 0, 0, 0, 0, 0, 0, 0, 0, 0, 0, 0, 0, 0, 0, 0, 0, 0, 0, 0, 0, 0, 0, 0, 0, 0, 0, 0, 0, 0, 0, 0, 0, 0, 0, 0, 0, 0, 0, 0, 0, 0, 0, 0, 0, 0, 0, 0, 0, 0, 0, 0, 0, 0, 0, 0, 0, 0, 0, 0, 0, 0.0022266472, 0.0019034636, 0.001765079, 0.0017615224, 0.0018124799, 0.0018857083, 0.0019205207, 0.0019777874, 0.00201461, 0.002030417, 0.002031005, 0.0020205607, 0.0019995614, 0.0019873509, 0.001963887, 0.0019468905, 0.0019422774, 0.0019413119, 0.0019499218, 0.0019649314, 0.0019736544, 0.0019913006, 0.0020060895, 0.0020115061, 0.0020167797, 0.0020131876, 0.0020008234, 0.0019917402, 0.0019694057, 0.0019438977, 0.0019307914, 0.0019052756, 0.0018822806, 0.0018720753, 0.0018539686, 0.0018373636, 0.0018198366, 0.0018097218, 0.0017853027, 0.0017522067, 0.001731606, 0.0016815217, 0.0016199686, 0.0015520394, 0.0015201624, 0.0014833973, 0.0015403087, 0.0016226036, 0, 0
0, 0, 0, 0, 0, 0, 0, 0, 0, 0, 0, 0, 0, 0, 0, 0, 0, 0, 0, 0, 0, 0, 0, 0, 0, 0, 0, 0, 0, 0, 0, 0, 0, 0, 0, 0, 0, 0, 0, 0, 0, 0, 0, 0, 0, 0, 0, 0, 0, 0, 0, 0, 0, 0, 0, 0, 0, 0, 0, 0, 0, 0, 0, 0, 0, 0, 0, 0, 0, 0, 0, 0, 0, 0, 0, 0, 0, 0, 0, 0, 0, 0, 0, 0, 0, 0, 0, 0, 0, 0, 0, 0, 0, 0, 0, 0, 0, 0, 0, 0, 0.0027921412, 0.0020928807, 0.0018458802, 0.0018219088, 0.0018570028, 0.0019270756, 0.0019618154, 0.0020198114, 0.002057599, 0.0020743832, 0.0020757178, 0.0020676858, 0.0020504603, 0.002040608, 0.0020228208, 0.0020118973, 0.0020104037, 0.0020153078, 0.0020297987, 0.0020504952, 0.0020618034, 0.0020843958, 0.0021033948, 0.0021108647, 0.002120692, 0.002123004, 0.0021181952, 0.0021136394, 0.0021016896, 0.0020872613, 0.0020793807, 0.0020626492, 0.0020445625, 0.002034867, 0.0020133783, 0.0019876086, 0.0019547427, 0.0019349694, 0.0018869119, 0.0018266267, 0.0017915453, 0.001711644, 0.0016197534, 0.0015211802, 0.0014734258, 0.0014006976, 0.0014118447, 0.0014692863, 0, 0
0, 0, 0, 0, 0, 0, 0, 0, 0, 0, 0, 0, 0, 0, 0, 0, 0, 0, 0, 0, 0, 0, 0, 0, 0, 0, 0, 0, 0, 0, 0, 0, 0, 0, 0, 0, 0, 0, 0, 0, 0, 0, 0, 0, 0, 0, 0, 0, 0, 0, 0, 0, 0, 0, 0, 0, 0, 0, 0, 0, 0, 0, 0, 0, 0, 0, 0, 0, 0, 0, 0, 0, 0, 0, 0, 0, 0, 0, 0, 0, 0, 0, 0, 0, 0, 0, 0, 0, 0, 0, 0, 0, 0, 0, 0, 0, 0, 0, 0, 0, 0, 0.0019749631, 0.0017858208, 0.0017644304, 0.0018054134, 0.0018853511, 0.0019253808, 0.0019946583, 0.002045399, 0.0020783292, 0.002089125, 0.0021022353, 0.0021082184, 0.0021100214, 0.0021141474, 0.0021218515, 0.0021276658, 0.002143127, 0.0021625117, 0.002183481, 0.0021936307, 0.0022117298, 0.002225019, 0.0022296659, 0.0022352214, 0.002236259, 0.002233994, 0.0022321988, 0.0022283155, 0.0022238272, 0.002221029, 0.002213276, 0.0022009, 0.002192508, 0.0021697897, 0.0021367946, 0.002090727, 0.0020621046, 0.0019928126, 0.0019079013, 0.0018600092, 0.0017537863, 0.0016359043, 0.0015114833, 0.0014508616, 0.0013516794, 0.0013349183, 0.0013791726, 0, 0
0, 0, 0, 0, 0, 0, 0, 0, 0, 0, 0, 0, 0, 0, 0, 0, 0, 0, 0, 0, 0, 0, 0, 0, 0, 0, 0, 0, 0, 0, 0, 0, 0, 0, 0, 0, 0, 0, 0, 0, 0, 0, 0, 0, 0, 0, 0, 0, 0, 0, 0, 0, 0, 0, 0, 0, 0, 0, 0, 0, 0, 0, 0, 0, 0, 0, 0, 0, 0, 0, 0, 0, 0, 0, 0, 0, 0, 0, 0, 0, 0, 0, 0, 0, 0, 0, 0, 0, 0, 0, 0, 0, 0, 0, 0, 0, 0, 0, 0, 0, 0, 0.0020325861, 0.0016964058, 0.001661664, 0.001703915, 0.0017947836, 0.0018415175, 0.0019266654, 0.0019981316, 0.002057694, 0.0020840787, 0.0021314241, 0.0021738862, 0.002193709, 0.0022311262, 0.002265805, 0.0022820577, 0.0023114418, 0.002335633, 0.0023537567, 0.0023601812, 0.0023674555, 0.00236836, 0.0023670201, 0.0023622334, 0.0023564997, 0.0023520559, 0.0023509494, 0.0023507513, 0.0023522768, 0.0023526985, 0.00235084, 0.0023429557, 0.0023358923, 0.0023130253, 0.002275205, 0.0022197042, 0.0021846516, 0.0021003028, 0.0019985135, 0.0019419454, 0.0018190086, 0.0016858068, 0.0015469773, 0.0014792295, 0.0013649035, 0.0013282653, 0.0013608201, 0, 0
0, 0, 0, 0, 0, 0, 0, 0, 0, 0, 0, 0, 0, 0, 0, 0, 0, 0, 0, 0, 0, 0, 0, 0, 0, 0, 0, 0, 0, 0, 0, 0, 0, 0, 0, 0, 0, 0, 0, 0, 0, 0, 0, 0, 0, 0, 0, 0, 0, 0, 0, 0, 0, 0, 0, 0, 0, 0, 0, 0, 0, 0, 0, 0, 0, 0, 0, 0, 0, 0, 0, 0, 0, 0, 0, 0, 0, 0, 0, 0, 0, 0, 0, 0, 0, 0, 0, 0, 0, 0, 0, 0, 0, 0, 0, 0, 0, 0, 0, 0, 0, 0.0016920549, 0.0015735883, 0.0015577357, 0.0016062884, 0.001701599, 0.0017530395, 0.0018530323, 0.0019470479, 0.002036627, 0.002080285, 0.0021655783, 0.0022475172, 0.0022865983, 0.002359282, 0.0024222194, 0.0024491786, 0.0024927396, 0.0025213896, 0.0025355688, 0.0025376144, 0.0025331955, 0.002520851, 0.0025130673, 0.0024974227, 0.0024843742, 0.0024762333, 0.0024742777, 0.0024743099, 0.002477264, 0.0024788599, 0.0024792594, 0.0024729236, 0.002465998, 0.0024417012, 0.0024001398, 0.002338288, 0.0022994843, 0.0022068366, 0.002096667, 0.002036399, 0.0019071859, 0.0017699625, 0.0016304381, 0.0015637411, 0.0014550098, 0.0014294962, 0.0014684682, 0, 0
0, 0, 0, 0, 0, 0, 0, 0, 0, 0, 0, 0, 0, 0, 0, 0, 0, 0, 0, 0, 0, 0, 0, 0, 0, 0, 0, 0, 0, 0, 0, 0, 0, 0, 0, 0, 0, 0, 0, 0, 0, 0, 0, 0, 0, 0, 0, 0, 0, 0, 0, 0, 0, 0, 0, 0, 0, 0, 0, 0, 0, 0, 0, 0, 0, 0, 0, 0, 0, 0, 0, 0, 0, 0, 0, 0, 0, 0, 0, 0, 0, 0, 0, 0, 0, 0, 0, 0, 0, 0, 0, 0, 0, 0, 0, 0, 0, 0, 0, 0, 0, 0.0018540492, 0.0016070534, 0.0015463707, 0.0015512836, 0.0016386097, 0.0016930168, 0.0018073888, 0.0019234929, 0.0020406435, 0.0020996127, 0.0022171233, 0.0023310715, 0.0023852063, 0.0024848983, 0.0025689504, 0.0026038282, 0.0026578926, 0.0026897453, 0.0027011733, 0.0027003437, 0.0026887956, 0.0026689654, 0.0026578617, 0.0026365293, 0.002619852, 0.002609569, 0.0026067926, 0.0026053353, 0.0026067565, 0.0026074648, 0.0026061398, 0.0025973928, 0.0025888144, 0.0025601764, 0.0025135318, 0.0024471728, 0.002406484, 0.0023107638, 0.002198858, 0.0021381516, 0.002009645, 0.0018758596, 0.0017436722, 0.0016827798, 0.0015960551, 0.0016402117, 0.0017745532, 0.002445919, 0
0, 0, 0, 0, 0, 0, 0, 0, 0, 0, 0, 0, 0, 0, 0, 0, 0, 0, 0, 0, 0, 0, 0, 0, 0, 0, 0, 0, 0, 0, 0, 0, 0, 0, 0, 0, 0, 0, 0, 0, 0, 0, 0, 0, 0, 0, 0, 0, 0, 0, 0, 0, 0, 0, 0, 0, 0, 0, 0, 0, 0, 0, 0, 0, 0, 0, 0, 0, 0, 0, 0, 0, 0, 0, 0, 0, 0, 0, 0, 0, 0, 0, 0, 0, 0, 0, 0, 0, 0, 0, 0, 0, 0, 0, 0, 0, 0, 0, 0, 0, 0, 0.0022371334, 0.0016624138, 0.0015485886, 0.0015237727, 0.0016166006, 0.0016781506, 0.0018108719, 0.0019480281, 0.002087144, 0.0021569375, 0.0022943793, 0.0024253712, 0.0024867659, 0.0025980503, 0.002690541, 0.0027286354, 0.0027867223, 0.002820319, 0.0028320542, 0.0028314241, 0.0028209714, 0.0028033373, 0.0027938148, 0.002775748, 0.0027617977, 0.0027525823, 0.002749664, 0.0027463085, 0.0027440588, 0.0027423631, 0.002735189, 0.0027193227, 0.0027067356, 0.0026699852, 0.0026165266, 0.0025459353, 0.0025042223, 0.0024085268, 0.00229876, 0.0022396082, 0.0021151195, 0.0019860393, 0.001857705, 0.0017973649, 0.0017036404, 0.0017084007, 0.001784878, 0.0020825956, 0
0, 0, 0, 0, 0, 0, 0, 0, 0, 0, 0, 0, 0, 0, 0, 0, 0, 0, 0, 0, 0, 0, 0, 0, 0, 0, 0, 0, 0, 0, 0, 0, 0, 0, 0, 0, 0, 0, 0, 0, 0, 0, 0, 0, 0, 0, 0, 0, 0, 0, 0, 0, 0, 0, 0, 0, 0, 0, 0, 0, 0, 0, 0, 0, 0, 0, 0, 0, 0, 0, 0, 0, 0, 0, 0, 0, 0, 0, 0, 0, 0, 0, 0, 0, 0, 0, 0, 0, 0, 0, 0, 0, 0, 0, 0, 0, 0, 0, 0, 0, 0, 0, 0.0015180022, 0.0014848833, 0.0015247401, 0.0016474684, 0.0017204763, 0.0018723136, 0.002025286, 0.0021763518, 0.0022502826, 0.0023926997, 0.0025237685, 0.0025838166, 0.0026909306, 0.0027792712, 0.0028157143, 0.0028720219, 0.0029066068, 0.0029227578, 0.0029256816, 0.0029249827, 0.0029193372, 0.0029158907, 0.0029093677, 0.0029038994, 0.0028990803, 0.002896767, 0.002891267, 0.002883167, 0.0028773167, 0.0028598998, 0.0028321415, 0.0028134082, 0.0027653587, 0.002703735, 0.0026291737, 0.0025872036, 0.0024936446, 0.002388892, 0.002332818, 0.0022148404, 0.0020904627, 0.0019614424, 0.0018966066, 0.0017780007, 0.0017152795, 0.0017313346, 0.0018768356, 0
0, 0, 0, 0, 0, 0, 0, 0, 0, 0, 0, 0, 0, 0, 0, 0, 0, 0, 0, 0, 0, 0, 0, 0, 0, 0, 0, 0, 0, 0, 0, 0, 0, 0, 0, 0, 0, 0, 0, 0, 0, 0, 0, 0, 0, 0, 0, 0, 0, 0, 0, 0, 0, 0, 0, 0, 0, 0, 0, 0, 0, 0, 0, 0, 0, 0, 0, 0, 0, 0, 0, 0, 0, 0, 0, 0, 0, 0, 0, 0, 0, 0, 0, 0, 0, 0, 0, 0, 0, 0, 0, 0, 0, 0, 0, 0, 0, 0, 0, 0, 0, 0, 0.0016111071, 0.001573193, 0.0016158087, 0.001747216, 0.0018246803, 0.0019838186, 0.0021401139, 0.0022893574, 0.0023604496, 0.002493218, 0.0026105505, 0.0026629437, 0.0027554831, 0.0028318395, 0.0028640884, 0.0029163403, 0.0029534665, 0.0029785407, 0.002988063, 0.0030033577, 0.0030154092, 0.003020502, 0.0030288915, 0.0030339733, 0.003034311, 0.0030323253, 0.003023476, 0.0030070716, 0.0029954645, 0.0029642226, 0.0029214248, 0.0028955066, 0.0028354658, 0.002765962, 0.002688787, 0.0026474725, 0.0025591378, 0.0024628954, 0.0024118226, 0.002303628, 0.002186965, 0.002060982, 0.0019952373, 0.0018677029, 0.001785188, 0.0017877175, 0.0019005971, 0
0, 0, 0, 0, 0, 0, 0, 0, 0, 0, 0, 0, 0, 0, 0, 0, 0, 0, 0, 0, 0, 0, 0, 0, 0, 0, 0, 0, 0, 0, 0, 0, 0, 0, 0, 0, 0, 0, 0, 0, 0, 0, 0, 0, 0, 0, 0, 0, 0, 0, 0, 0, 0, 0, 0, 0, 0, 0, 0, 0, 0, 0, 0, 0, 0, 0, 0, 0, 0, 0, 0, 0, 0, 0, 0, 0, 0, 0, 0, 0, 0, 0, 0, 0, 0, 0, 0, 0, 0, 0, 0, 0, 0, 0, 0, 0, 0, 0, 0, 0, 0, 0, 0.0018746903, 0.001799436, 0.0017894115, 0.0018966545, 0.0019675842, 0.0021172678, 0.002262778, 0.0023976464, 0.0024600413, 0.002573015, 0.0026696017, 0.0027118388, 0.0027861407, 0.0028491537, 0.0028772831, 0.0029274228, 0.0029705418, 0.0030085144, 0.0030262289, 0.0030594761, 0.0030892673, 0.003102247, 0.0031233903, 0.0031360171, 0.0031385538, 0.0031355429, 0.003120686, 0.003093563, 0.0030751151, 0.0030291, 0.002971486, 0.0029392368, 0.002869414, 0.0027952287, 0.0027188295, 0.0026799175, 0.0026002675, 0.0025163468, 0.0024720372, 0.0023771247, 0.0022719852, 0.0021551498, 0.0020935356, 0.0019777266, 0.0019312103, 0.0019835492, 0.0024413809, 0
0, 0, 0, 0, 0, 0, 0, 0, 0, 0, 0, 0, 0, 0, 0, 0, 0, 0, 0, 0, 0, 0, 0, 0, 0, 0, 0, 0, 0, 0, 0, 0, 0, 0, 0, 0, 0, 0, 0, 0, 0, 0, 0, 0, 0, 0, 0, 0, 0, 0, 0, 0, 0, 0, 0, 0, 0, 0, 0, 0, 0, 0, 0, 0, 0, 0, 0, 0, 0, 0, 0, 0, 0, 0, 0, 0, 0, 0, 0, 0, 0, 0, 0, 0, 0, 0, 0, 0, 0, 0, 0, 0, 0, 0, 0, 0, 0, 0, 0, 0, 0, 0, 0.0022438155, 0.0020862739, 0.0019740083, 0.0020398046, 0.0020997182, 0.0022322063, 0.0023601546, 0.0024746854, 0.0025262162, 0.0026172036, 0.0026930077, 0.0027259444, 0.00278475, 0.0028379788, 0.002863843, 0.00291567, 0.0029677209, 0.003019632, 0.003045162, 0.003093943, 0.003136827, 0.0031549651, 0.003182987, 0.003197818, 0.003197943, 0.0031920339, 0.003168488, 0.003129545, 0.0031046518, 0.0030455857, 0.002977223, 0.0029410298, 0.0028670349, 0.002793568, 0.002722459, 0.0026878326, 0.0026196027, 0.0025496758, 0.002512738, 0.0024322304, 0.0023392513, 0.0022310014, 0.0021719062, 0.0020553211, 0.0019884547, 0.002009275, 0.002248835, 0
0, 0, 0, 0, 0, 0, 0, 0, 0, 0, 0, 0, 0, 0, 0, 0, 0, 0, 0, 0, 0, 0, 0, 0, 0, 0, 0, 0, 0, 0, 0, 0, 0, 0, 0, 0, 0, 0, 0, 0, 0, 0, 0, 0, 0, 0, 0, 0, 0, 0, 0, 0, 0, 0, 0, 0, 0, 0, 0, 0, 0, 0, 0, 0, 0, 0, 0, 0, 0, 0, 0, 0, 0, 0, 0, 0, 0, 0, 0, 0, 0, 0, 0, 0, 0, 0, 0, 0, 0, 0, 0, 0, 0, 0, 0, 0, 0, 0, 0, 0, 0, 0, 0.0025736876, 0.0022757393, 0.002071994, 0.0021185123, 0.0021736138, 0.0022954745, 0.0024088211, 0.0025061276, 0.0025487249, 0.0026231168, 0.002684954, 0.0027122172, 0.0027624487, 0.0028119206, 0.0028379904, 0.002894311, 0.0029556062, 0.0030188123, 0.0030498328, 0.0031081166, 0.0031575493, 0.003177636, 0.0032067336, 0.0032192408, 0.003213773, 0.0032041527, 0.0031715971, 0.0031227162, 0.003093019, 0.0030259413, 0.0029532243, 0.002916354, 0.002844343, 0.0027767308, 0.0027144672, 0.0026851515, 0.0026286195, 0.0025714799, 0.0025410384, 0.002472963, 0.0023900683, 0.0022871692, 0.0022278226, 0.0020988982, 0.0019869441, 0.0019615395, 0.0020397494, 0
0, 0, 0, 0, 0, 0, 0, 0, 0, 0, 0, 0, 0, 0, 0, 0, 0, 0, 0, 0, 0, 0, 0, 0, 0, 0, 0, 0, 0, 0, 0, 0, 0, 0, 0, 0, 0, 0, 0, 0, 0, 0, 0, 0, 0, 0, 0, 0, 0, 0, 0, 0, 0, 0, 0, 0, 0, 0, 0, 0, 0, 0, 0, 0, 0, 0, 0, 0, 0, 0, 0, 0, 0, 0, 0, 0, 0, 0, 0, 0, 0, 0, 0, 0, 0, 0, 0, 0, 0, 0, 0, 0, 0, 0, 0, 0, 0, 0, 0, 0, 0, 0, 0.0022227846, 0.0021396908, 0.0020600453, 0.0021237244, 0.0021793207, 0.002297263, 0.0024034553, 0.0024924162, 0.0025311916, 0.0025994135, 0.0026579588, 0.002684639, 0.0027357957, 0.0027883982, 0.0028168818, 0.0028793241, 0.0029476343, 0.003017037, 0.003050371, 0.003111183, 0.003160492, 0.003179903, 0.0032063297, 0.0032146778, 0.00320391, 0.0031914401, 0.00315304, 0.0030990664, 0.0030675149, 0.0029989316, 0.002927911, 0.0028931077, 0.0028272297, 0.0027675235, 0.0027141375, 0.0026892996, 0.0026416765, 0.0025931445, 0.002566916, 0.002506964, 0.0024314823, 0.0023346962, 0.002277425, 0.0021491575, 0.0020292562, 0.0019948212, 0.0020437052, 0
0, 0, 0, 0, 0, 0, 0, 0, 0, 0, 0, 0, 0, 0, 0, 0, 0, 0, 0, 0, 0, 0, 0, 0, 0, 0, 0, 0, 0, 0, 0, 0, 0, 0, 0, 0, 0, 0, 0, 0, 0, 0, 0, 0, 0, 0, 0, 0, 0, 0, 0, 0, 0, 0, 0, 0, 0, 0, 0, 0, 0, 0, 0, 0, 0, 0, 0, 0, 0, 0, 0, 0, 0, 0, 0, 0, 0, 0, 0, 0, 0, 0, 0, 0, 0, 0, 0, 0, 0, 0, 0, 0, 0, 0, 0, 0, 0, 0, 0, 0, 0, 0, 0.002945144, 0.0024753076, 0.0020300988, 0.0019959218, 0.0020375908, 0.002152089, 0.002267268, 0.0023706586, 0.002418242, 0.0025071702, 0.0025903136, 0.0026302403, 0.002708458, 0.002785773, 0.0028247521, 0.0029029832, 0.0029791715, 0.0030486619, 0.0030796325, 0.0031322304, 0.0031715268, 0.003185941, 0.0032043206, 0.0032080128, 0.0031967752, 0.0031856203, 0.0031533113, 0.003109526, 0.0030843355, 0.003029742, 0.0029726352, 0.0029441556, 0.0028885389, 0.0028354093, 0.0027841302, 0.0027587982, 0.0027071342, 0.0026522912, 0.0026228426, 0.0025580458, 0.0024821074, 0.002392279, 0.0023424646, 0.002239406, 0.0021612924, 0.0021562665, 0.002306312, 0.00269528
0, 0, 0, 0, 0, 0, 0, 0, 0, 0, 0, 0, 0, 0, 0, 0, 0, 0, 0, 0, 0, 0, 0, 0, 0, 0, 0, 0, 0, 0, 0, 0, 0, 0, 0, 0, 0, 0, 0, 0, 0, 0, 0, 0, 0, 0, 0, 0, 0, 0, 0, 0, 0, 0, 0, 0, 0, 0, 0, 0, 0, 0, 0, 0, 0, 0, 0, 0, 0, 0, 0, 0, 0, 0, 0, 0, 0, 0, 0, 0, 0, 0, 0, 0, 0, 0, 0, 0, 0, 0, 0, 0, 0, 0, 0, 0, 0, 0, 0, 0, 0, 0, 0, 0.0019364398, 0.0018277164, 0.0018616957, 0.0019147452, 0.0020425038, 0.0021701031, 0.0022891196, 0.00234571, 0.0024544236, 0.002558242, 0.0026086052, 0.0027062518, 0.0028000448, 0.0028454517, 0.0029323995, 0.0030115065, 0.0030793177, 0.0031082516, 0.0031557444, 0.0031902487, 0.0032027257, 0.0032193519, 0.0032250434, 0.0032197747, 0.00321299, 0.003191643, 0.003160745, 0.0031421385, 0.003099495, 0.0030509918, 0.003025029, 0.002970471, 0.0029129323, 0.002852158, 0.0028204732, 0.0027537886, 0.002682269, 0.0026444204, 0.0025638063, 0.0024742167, 0.0023736453, 0.0023191932, 0.0022057067, 0.0021045548, 0.0020750307, 0.0021206138, 0.0023379696
0, 0, 0, 0, 0, 0, 0, 0, 0, 0, 0, 0, 0, 0, 0, 0, 0, 0, 0, 0, 0, 0, 0, 0, 0, 0, 0, 0, 0, 0, 0, 0, 0, 0, 0, 0, 0, 0, 0, 0, 0, 0, 0, 0, 0, 0, 0, 0, 0, 0, 0, 0, 0, 0, 0, 0, 0, 0, 0, 0, 0, 0, 0, 0, 0, 0, 0, 0, 0, 0, 0, 0, 0, 0, 0, 0, 0, 0, 0, 0, 0, 0, 0, 0, 0, 0, 0, 0, 0, 0, 0, 0, 0, 0, 0, 0, 0, 0, 0, 0, 0, 0, 0, 0.001925257, 0.0017771659, 0.0017821658, 0.0018263088, 0.0019473993, 0.0020800205, 0.0022123053, 0.0022776008, 0.0024060123, 0.0025302565, 0.002590454, 0.0027061342, 0.002814599, 0.0028656155, 0.002959944, 0.0030414716, 0.0031077033, 0.0031350672, 0.003179004, 0.003210947, 0.00322322, 0.003241613, 0.0032524962, 0.0032560385, 0.0032549542, 0.003246787, 0.0032299901, 0.0032181693, 0.0031872506, 0.003146105, 0.0031217549, 0.0030656871, 0.0030002913, 0.0029260442, 0.0028856515, 0.002798938, 0.0027052518, 0.0026561741, 0.0025534758, 0.0024432621, 0.0023237397, 0.002260167, 0.0021275708, 0.0020014492, 0.0019544063, 0.0019493283, 0.0021099108
0, 0, 0, 0, 0, 0, 0, 0, 0, 0, 0, 0, 0, 0, 0, 0, 0, 0, 0, 0, 0, 0, 0, 0, 0, 0, 0, 0, 0, 0, 0, 0, 0, 0, 0, 0, 0, 0, 0, 0, 0, 0, 0, 0, 0, 0, 0, 0, 0, 0, 0, 0, 0, 0, 0, 0, 0, 0, 0, 0, 0, 0, 0, 0, 0, 0, 0, 0, 0, 0, 0, 0, 0, 0, 0, 0, 0, 0, 0, 0, 0, 0, 0, 0, 0, 0, 0, 0, 0, 0, 0, 0, 0, 0, 0, 0, 0, 0, 0, 0, 0, 0, 0, 0.0021538034, 0.0018482346, 0.0017506056, 0.0017701319, 0.0018719991, 0.002007044, 0.0021513095, 0.0022243971, 0.0023697468, 0.0025108783, 0.002578928, 0.0027083403, 0.002827261, 0.0028821784, 0.0029810285, 0.0030635463, 0.0031287547, 0.0031553057, 0.003198434, 0.003231491, 0.0032453553, 0.0032688975, 0.0032874972, 0.0033008736, 0.0033054345, 0.0033090126, 0.0033037907, 0.0032971697, 0.0032744748, 0.0032377015, 0.0032137523, 0.0031543241, 0.0030800505, 0.0029918104, 0.002942815, 0.0028364782, 0.0027209949, 0.0026605662, 0.002534889, 0.0024021578, 0.00226147, 0.0021879885, 0.0020369512, 0.0018944853, 0.0018396238, 0.0018173145, 0.0019588256
0, 0, 0, 0, 0, 0, 0, 0, 0, 0, 0, 0, 0, 0, 0, 0, 0, 0, 0, 0, 0, 0, 0, 0, 0, 0, 0, 0, 0, 0, 0, 0, 0, 0, 0, 0, 0, 0, 0, 0, 0, 0, 0, 0, 0, 0, 0, 0, 0, 0, 0, 0, 0, 0, 0, 0, 0, 0, 0, 0, 0, 0, 0, 0, 0, 0, 0, 0, 0, 0, 0, 0, 0, 0, 0, 0, 0, 0, 0, 0, 0, 0, 0, 0, 0, 0, 0, 0, 0, 0, 0, 0, 0, 0, 0, 0, 0, 0, 0, 0, 0, 0, 0, 0.0025519982, 0.0018680149, 0.0016899606, 0.0017016453, 0.0018074738, 0.001955628, 0.0021146373, 0.002194776, 0.0023530757, 0.0025053138, 0.0025781635, 0.0027152786, 0.0028391099, 0.0028954055, 0.0029955362, 0.0030783603, 0.0031443427, 0.0031717494, 0.003218011, 0.003256438, 0.0032737076, 0.003305239, 0.0033326629, 0.0033549115, 0.0033635236, 0.00337438, 0.0033747572, 0.0033700697, 0.0033496092, 0.0033128434, 0.0032879054, 0.0032243077, 0.0031425464, 0.0030435957, 0.0029882106, 0.0028674298, 0.0027354278, 0.002665953, 0.0025211275, 0.002368578, 0.0022086874, 0.0021263254, 0.0019597868, 0.0018058978, 0.001747, 0.0017181196, 0.0018514104
0, 0, 0, 0, 0, 0, 0, 0, 0, 0, 0, 0, 0, 0, 0, 0, 0, 0, 0, 0, 0, 0, 0, 0, 0, 0, 0, 0, 0, 0, 0, 0, 0, 0, 0, 0, 0, 0, 0, 0, 0, 0, 0, 0, 0, 0, 0, 0, 0, 0, 0, 0, 0, 0, 0, 0, 0, 0, 0, 0, 0, 0, 0, 0, 0, 0, 0, 0, 0, 0, 0, 0, 0, 0, 0, 0, 0, 0, 0, 0, 0, 0, 0, 0, 0, 0, 0, 0, 0, 0, 0, 0, 0, 0, 0, 0, 0, 0, 0, 0, 0, 0, 0, 0, 0.0016038782, 0.0015810104, 0.0016237309, 0.0017656418, 0.0019358417, 0.0021091485, 0.002194144, 0.0023588922, 0.0025146378, 0.0025884314, 0.0027264692, 0.0028498787, 0.0029057064, 0.0030053132, 0.0030892612, 0.003159291, 0.0031898308, 0.0032439798, 0.0032918486, 0.003314026, 0.0033551953, 0.003391149, 0.0034195744, 0.0034301055, 0.0034423578, 0.0034410206, 0.0034347342, 0.0034102597, 0.0033692494, 0.003342391, 0.0032752075, 0.0031898206, 0.0030865197, 0.003028614, 0.0029014552, 0.0027609055, 0.002686154, 0.0025286067, 0.0023617938, 0.0021867831, 0.0020969529, 0.0019162152, 0.0017500309, 0.0016858579, 0.0016477638, 0.0017737605
0, 0, 0, 0, 0, 0, 0, 0, 0, 0, 0, 0, 0, 0, 0, 0, 0, 0, 0, 0, 0, 0, 0, 0, 0, 0, 0, 0, 0, 0, 0, 0, 0, 0, 0, 0, 0, 0, 0, 0, 0, 0, 0, 0, 0, 0, 0, 0, 0, 0, 0, 0, 0, 0, 0, 0, 0, 0, 0, 0, 0, 0, 0, 0, 0, 0, 0, 0, 0, 0, 0, 0, 0, 0, 0, 0, 0, 0, 0, 0, 0, 0, 0, 0, 0, 0, 0, 0, 0, 0, 0, 0, 0, 0, 0, 0, 0, 0, 0, 0, 0, 0, 0, 0, 0.001568904, 0.0015639552, 0.0016169755, 0.0017762512, 0.0019573146, 0.0021348498, 0.0022199599, 0.002381915, 0.0025328305, 0.0026040357, 0.002737081, 0.0028566518, 0.0029111682, 0.003010328, 0.0030974827, 0.0031747164, 0.003210223, 0.0032759467, 0.0033358084, 0.0033636058, 0.003414505, 0.0034573576, 0.0034889695, 0.0034995126, 0.0035085296, 0.0035008008, 0.0034907367, 0.0034590422, 0.0034128895, 0.003384443, 0.003316642, 0.0032332821, 0.0031334565, 0.003077387, 0.0029528302, 0.002812626, 0.0027369307, 0.0025753125, 0.0024015363, 0.0022175482, 0.0021224672, 0.001929703, 0.0017490576, 0.001676454, 0.0016203647, 0.0017337311
0, 0, 0, 0, 0, 0, 0, 0, 0, 0, 0, 0, 0, 0, 0, 0, 0, 0, 0, 0, 0, 0, 0, 0, 0, 0, 0, 0, 0, 0, 0, 0, 0, 0, 0, 0, 0, 0, 0, 0, 0, 0, 0, 0, 0, 0, 0, 0, 0, 0, 0, 0, 0, 0, 0, 0, 0, 0, 0, 0, 0, 0, 0, 0, 0, 0, 0, 0, 0, 0, 0, 0, 0, 0, 0, 0, 0, 0, 0, 0, 0, 0, 0, 0, 0, 0, 0, 0, 0, 0, 0, 0, 0, 0, 0, 0, 0, 0, 0, 0, 0, 0, 0, 0, 0.0016682064, 0.0016411131, 0.0016875361, 0.0018382209, 0.0020112712, 0.0021788937, 0.0022582647, 0.0024083112, 0.0025480497, 0.002614345, 0.0027394749, 0.002854166, 0.0029075525, 0.0030073796, 0.0030993123, 0.0031849288, 0.0032256378, 0.0033029902, 0.0033741877, 0.0034070192, 0.003465962, 0.003513534, 0.003546258, 0.0035560904, 0.0035612537, 0.003547679, 0.0035345769, 0.0034980536, 0.0034501501, 0.0034223108, 0.0033587725, 0.003283452, 0.0031941687, 0.0031436253, 0.0030298887, 0.002898717, 0.00282664, 0.0026705556, 0.0025000575, 0.0023169261, 0.0022213357, 0.0020251276, 0.0018362831, 0.0017569846, 0.0016813664, 0.0017757515
0, 0, 0, 0, 0, 0, 0, 0, 0, 0, 0, 0, 0, 0, 0, 0, 0, 0, 0, 0, 0, 0, 0, 0, 0, 0, 0, 0, 0, 0, 0, 0, 0, 0, 0, 0, 0, 0, 0, 0, 0, 0, 0, 0, 0, 0, 0, 0, 0, 0, 0, 0, 0, 0, 0, 0, 0, 0, 0, 0, 0, 0, 0, 0, 0, 0, 0, 0, 0, 0, 0, 0, 0, 0, 0, 0, 0, 0, 0, 0, 0, 0, 0, 0, 0, 0, 0, 0, 0, 0, 0, 0, 0, 0, 0, 0, 0, 0, 0, 0, 0, 0, 0, 0, 0.0018235545, 0.001764865, 0.0017965345, 0.0019211132, 0.0020714107, 0.0022186963, 0.0022888735, 0.0024226638, 0.0025491426, 0.0026102294, 0.002727643, 0.0028382456, 0.0028909876, 0.0029918945, 0.003087867, 0.0031796047, 0.003223821, 0.0033085698, 0.0033868076, 0.0034227185, 0.003486304, 0.0035363575, 0.0035699187, 0.0035797493, 0.003584679, 0.0035711296, 0.0035583975, 0.003523863, 0.003480477, 0.003456106, 0.003402125, 0.003339603, 0.0032653436, 0.0032228187, 0.003125358, 0.0030102134, 0.0029460082, 0.0028051492, 0.0026493527, 0.002480182, 0.0023912648, 0.0022080878, 0.0020331175, 0.001962209, 0.0019104133, 0.0020294318
0, 0, 0, 0, 0, 0, 0, 0, 0, 0, 0, 0, 0, 0, 0, 0, 0, 0, 0, 0, 0, 0, 0, 0, 0, 0, 0, 0, 0, 0, 0, 0, 0, 0, 0, 0, 0, 0, 0, 0, 0, 0, 0, 0, 0, 0, 0, 0, 0, 0, 0, 0, 0, 0, 0, 0, 0, 0, 0, 0, 0, 0, 0, 0, 0, 0, 0, 0, 0, 0, 0, 0, 0, 0, 0, 0, 0, 0, 0, 0, 0, 0, 0, 0, 0, 0, 0, 0, 0, 0, 0, 0, 0, 0, 0, 0, 0, 0, 0, 0, 0, 0, 0, 0, 0.0020187842, 0.0018967113, 0.001901462, 0.0019847425, 0.0021056863, 0.00223155, 0.0022933383, 0.0024137765, 0.002530982, 0.0025884914, 0.0027009042, 0.002808711, 0.0028607703, 0.0029615052, 0.0030580815, 0.0031504587, 0.003194909, 0.0032799176, 0.0033586381, 0.0033947378, 0.003458754, 0.0035095413, 0.0035449183, 0.003556408, 0.0035668288, 0.0035612476, 0.0035531614, 0.0035288848, 0.0034966294, 0.0034783112, 0.0034374928, 0.0033895073, 0.0033311334, 0.0032971054, 0.0032177018, 0.0031221227, 0.0030681533, 0.0029490257, 0.0028163102, 0.0026714383, 0.0025950056, 0.002438401, 0.0022973693, 0.0022519336, 0.0023133513, 0.0028821584
0, 0, 0, 0, 0, 0, 0, 0, 0, 0, 0, 0, 0, 0, 0, 0, 0, 0, 0, 0, 0, 0, 0, 0, 0, 0, 0, 0, 0, 0, 0, 0, 0, 0, 0, 0, 0, 0, 0, 0, 0, 0, 0, 0, 0, 0, 0, 0, 0, 0, 0, 0, 0, 0, 0, 0, 0, 0, 0, 0, 0, 0, 0, 0, 0, 0, 0, 0, 0, 0, 0, 0, 0, 0, 0, 0, 0, 0, 0, 0, 0, 0, 0, 0, 0, 0, 0, 0, 0, 0, 0, 0, 0, 0, 0, 0, 0, 0, 0, 0, 0, 0, 0, 0, 0.0022537, 0.0019887679, 0.0019517844, 0.0019896708, 0.0020900345, 0.0022052843, 0.0022638075, 0.0023801445, 0.0024950737, 0.0025516201, 0.0026622438, 0.002768144, 0.0028191684, 0.0029172895, 0.003010227, 0.0030977211, 0.0031392986, 0.0032181027, 0.0032910886, 0.0033249157, 0.003385777, 0.0034359242, 0.0034742577, 0.0034888615, 0.003509129, 0.0035173558, 0.0035170752, 0.003508834, 0.0034920683, 0.0034810235, 0.0034540035, 0.0034189143, 0.0033736187, 0.003346514, 0.0032824138, 0.0032046111, 0.0031607111, 0.0030635989, 0.0029551203, 0.0028352418, 0.002770956, 0.0026361411, 0.0025088878, 0.0024635252, 0.0024843959, 0.0027943433
0, 0, 0, 0, 0, 0, 0, 0, 0, 0, 0, 0, 0, 0, 0, 0, 0, 0, 0, 0, 0, 0, 0, 0, 0, 0, 0, 0, 0, 0, 0, 0, 0, 0, 0, 0, 0, 0, 0, 0, 0, 0, 0, 0, 0, 0, 0, 0, 0, 0, 0, 0, 0, 0, 0, 0, 0, 0, 0, 0, 0, 0, 0, 0, 0, 0, 0, 0, 0, 0, 0, 0, 0, 0, 0, 0, 0, 0, 0, 0, 0, 0, 0, 0, 0, 0, 0, 0, 0, 0, 0, 0, 0, 0, 0, 0, 0, 0, 0, 0, 0, 0, 0, 0, 0.002413956, 0.0019461992, 0.0018864286, 0.0019176875, 0.0020242867, 0.0021463654, 0.0022076955, 0.0023285376, 0.002446088, 0.0025032647, 0.0026135666, 0.0027178372, 0.0027675093, 0.0028619056, 0.0029497175, 0.0030304245, 0.0030680902, 0.0031387906, 0.0032039983, 0.003234629, 0.0032909638, 0.0033398415, 0.0033811128, 0.0033991125, 0.0034298722, 0.0034527828, 0.003460896, 0.0034697931, 0.0034688131, 0.0034646827, 0.0034489136, 0.0034222773, 0.0033839762, 0.0033604773, 0.0033048515, 0.0032384482, 0.0032013515, 0.003120016, 0.0030286182, 0.0029247948, 0.002867043, 0.0027385727, 0.0025999418, 0.0025368033, 0.0024759013, 0.0026092227
0, 0, 0, 0, 0, 0, 0, 0, 0, 0, 0, 0, 0, 0, 0, 0, 0, 0, 0, 0, 0, 0, 0, 0, 0, 0, 0, 0, 0, 0, 0, 0, 0, 0, 0, 0, 0, 0, 0, 0, 0, 0, 0, 0, 0, 0, 0, 0, 0, 0, 0, 0, 0, 0, 0, 0, 0, 0, 0, 0, 0, 0, 0, 0, 0, 0, 0, 0, 0, 0, 0, 0, 0, 0, 0, 0, 0, 0, 0, 0, 0, 0, 0, 0, 0, 0, 0, 0, 0, 0, 0, 0, 0, 0, 0, 0, 0, 0, 0, 0, 0, 0, 0, 0, 0.0018287334, 0.0017215699, 0.0017225108, 0.0018110754, 0.001944473, 0.0020811013, 0.0021468461, 0.002272642, 0.0023917542, 0.002448839, 0.0025580535, 0.0026606722, 0.00270952, 0.002802173, 0.00288754, 0.0029646428, 0.003000199, 0.0030661253, 0.00312681, 0.0031554317, 0.0032089949, 0.0032572509, 0.0033008924, 0.0033213426, 0.0033596458, 0.0033934172, 0.003407809, 0.0034297672, 0.0034405638, 0.0034411296, 0.0034316226, 0.0034074169, 0.00336899, 0.003345057, 0.0032892788, 0.0032246334, 0.0031892855, 0.0031124712, 0.0030258596, 0.002925092, 0.0028673676, 0.0027336224, 0.0025784082, 0.0025006565, 0.0023931472, 0.0024593323
0, 0, 0, 0, 0, 0, 0, 0, 0, 0, 0, 0, 0, 0, 0, 0, 0, 0, 0, 0, 0, 0, 0, 0, 0, 0, 0, 0, 0, 0, 0, 0, 0, 0, 0, 0, 0, 0, 0, 0, 0, 0, 0, 0, 0, 0, 0, 0, 0, 0, 0, 0, 0, 0, 0, 0, 0, 0, 0, 0, 0, 0, 0, 0, 0, 0, 0, 0, 0, 0, 0, 0, 0, 0, 0, 0, 0, 0, 0, 0, 0, 0, 0, 0, 0, 0, 0, 0, 0, 0, 0, 0, 0, 0, 0, 0, 0, 0, 0, 0, 0, 0, 0, 0, 0.00174831, 0.0016477131, 0.0016573293, 0.0017600743, 0.0019017131, 0.0020410833, 0.0021066777, 0.002229956, 0.0023451007, 0.002400279, 0.0025067718, 0.0026086743, 0.0026580694, 0.0027531805, 0.0028415686, 0.0029216788, 0.0029586277, 0.0030270033, 0.0030893167, 0.0031184522, 0.0031728875, 0.003222198, 0.0032675401, 0.0032891992, 0.0033307492, 0.0033690135, 0.0033859476, 0.0034132656, 0.0034284561, 0.0034304026, 0.0034212756, 0.0033940282, 0.0033496246, 0.0033217934, 0.0032575238, 0.0031842238, 0.0031447685, 0.0030599523, 0.0029650968, 0.0028552674, 0.0027927672, 0.0026489068, 0.0024832257, 0.002400171, 0.0022809284, 0.0023313153
0, 0, 0, 0, 0, 0, 0, 0, 0, 0, 0, 0, 0, 0, 0, 0, 0, 0, 0, 0, 0, 0, 0, 0, 0, 0, 0, 0, 0, 0, 0, 0, 0, 0, 0, 0, 0, 0, 0, 0, 0, 0, 0, 0, 0, 0, 0, 0, 0, 0, 0, 0, 0, 0, 0, 0, 0, 0, 0, 0, 0, 0, 0, 0, 0, 0, 0, 0, 0, 0, 0, 0, 0, 0, 0, 0, 0, 0, 0, 0, 0, 0, 0, 0, 0, 0, 0, 0, 0, 0, 0, 0, 0, 0, 0, 0, 0, 0, 0, 0, 0, 0, 0, 0, 0.0018691594, 0.0017300525, 0.001720584, 0.0017944342, 0.0019163865, 0.0020413245, 0.002100914, 0.002214094, 0.0023215015, 0.002374031, 0.0024780934, 0.0025817142, 0.0026333886, 0.002735002, 0.0028319815, 0.0029216101, 0.0029634035, 0.0030410737, 0.0031112218, 0.0031435234, 0.003202603, 0.0032548078, 0.0033015052, 0.003323181, 0.003363652, 0.0033995311, 0.0034151084, 0.0034394802, 0.0034514521, 0.0034515576, 0.0034380856, 0.0034045628, 0.0033510404, 0.0033173342, 0.0032387467, 0.003148676, 0.0031002257, 0.0029967898, 0.0028831363, 0.002755593, 0.0026851117, 0.0025289475, 0.0023577935, 0.0022748236, 0.0021595026, 0.0022114275
0, 0, 0, 0, 0, 0, 0, 0, 0, 0, 0, 0, 0, 0, 0, 0, 0, 0, 0, 0, 0, 0, 0, 0, 0, 0, 0, 0, 0, 0, 0, 0, 0, 0, 0, 0, 0, 0, 0, 0, 0, 0, 0, 0, 0, 0, 0, 0, 0, 0, 0, 0, 0, 0, 0, 0, 0, 0, 0, 0, 0, 0, 0, 0, 0, 0, 0, 0, 0, 0, 0, 0, 0, 0, 0, 0, 0, 0, 0, 0, 0, 0, 0, 0, 0, 0, 0, 0, 0, 0, 0, 0, 0, 0, 0, 0, 0, 0, 0, 0, 0, 0, 0, 0, 0.0021110654, 0.0019061011, 0.0018605703, 0.0018784486, 0.0019651551, 0.0020691548, 0.0021217347, 0.0022257452, 0.0023288243, 0.0023807418, 0.0024865998, 0.002595784, 0.0026512805, 0.0027623277, 0.0028705213, 0.0029729137, 0.0030213012, 0.0031119382, 0.0031934185, 0.0032304253, 0.0032965383, 0.0033526248, 0.0033998382, 0.0034203976, 0.003456071, 0.0034845492, 0.0034958674, 0.0035115986, 0.003515408, 0.0035117753, 0.0034911514, 0.0034502111, 0.0033868132, 0.0033467961, 0.0032521307, 0.0031419012, 0.0030822188, 0.0029550337, 0.0028175719, 0.0026683244, 0.002588679, 0.0024192266, 0.0022432453, 0.0021611636, 0.0020517486, 0.0021077136
0, 0, 0, 0, 0, 0, 0, 0, 0, 0, 0, 0, 0, 0, 0, 0, 0, 0, 0, 0, 0, 0, 0, 0, 0, 0, 0, 0, 0, 0, 0, 0, 0, 0, 0, 0, 0, 0, 0, 0, 0, 0, 0, 0, 0, 0, 0, 0, 0, 0, 0, 0, 0, 0, 0, 0, 0, 0, 0, 0, 0, 0, 0, 0, 0, 0, 0, 0, 0, 0, 0, 0, 0, 0, 0, 0, 0, 0, 0, 0, 0, 0, 0, 0, 0, 0, 0, 0, 0, 0, 0, 0, 0, 0, 0, 0, 0, 0, 0, 0, 0, 0, 0, 0, 0.0024719182, 0.0021006977, 0.0019911786, 0.0019382195, 0.0019971635, 0.0020921987, 0.0021440606, 0.002250579, 0.0023596836, 0.0024154582, 0.0025302148, 0.0026492642, 0.0027098982, 0.0028315994, 0.0029510262, 0.0030654813, 0.0031201462, 0.003223092, 0.0033155095, 0.0033570644, 0.003429917, 0.0034888866, 0.0035348923, 0.0035534683, 0.003582375, 0.0036012381, 0.0036071762, 0.0036117013, 0.0036051334, 0.0035969047, 0.0035680137, 0.0035191898, 0.0034465964, 0.0034009267, 0.0032921059, 0.0031639202, 0.003094189, 0.0029458124, 0.0027872403, 0.0026193645, 0.0025320286, 0.0023515048, 0.0021709632, 0.0020888734, 0.0019819152, 0.0020387273
0, 0, 0, 0, 0, 0, 0, 0, 0, 0, 0, 0, 0, 0, 0, 0, 0, 0, 0, 0, 0, 0, 0, 0, 0, 0, 0, 0, 0, 0, 0, 0, 0, 0, 0, 0, 0, 0, 0, 0, 0, 0, 0, 0, 0, 0, 0, 0, 0, 0, 0, 0, 0, 0, 0, 0, 0, 0, 0, 0, 0, 0, 0, 0, 0, 0, 0, 0, 0, 0, 0, 0, 0, 0, 0, 0, 0, 0, 0, 0, 0, 0, 0, 0, 0, 0, 0, 0, 0, 0, 0, 0, 0, 0, 0, 0, 0, 0, 0, 0, 0, 0, 0, 0, 0.0029598845, 0.002147542, 0.001978899, 0.001902665, 0.0019733913, 0.002086144, 0.0021470338, 0.0022713228, 0.0023971281, 0.002460715, 0.0025897603, 0.0027212934, 0.002787625, 0.0029197377, 0.0030488835, 0.003172545, 0.0032317147, 0.0033431095, 0.0034427987, 0.0034873034, 0.003564202, 0.0036241733, 0.0036677138, 0.0036837931, 0.003705253, 0.0037141934, 0.0037145452, 0.0037074736, 0.0036895755, 0.0036760604, 0.0036377187, 0.0035803835, 0.0034994597, 0.003449389, 0.0033306982, 0.0031911111, 0.0031152733, 0.0029546379, 0.002784933, 0.00260829, 0.0025175915, 0.0023326797, 0.0021503163, 0.0020678218, 0.001959884, 0.0020137979
0, 0, 0, 0, 0, 0, 0, 0, 0, 0, 0, 0, 0, 0, 0, 0, 0, 0, 0, 0, 0, 0, 0, 0, 0, 0, 0, 0, 0, 0, 0, 0, 0, 0, 0, 0, 0, 0, 0, 0, 0, 0, 0, 0, 0, 0, 0, 0, 0, 0, 0, 0, 0, 0, 0, 0, 0, 0, 0, 0, 0, 0, 0, 0, 0, 0, 0, 0, 0, 0, 0, 0, 0, 0, 0, 0, 0, 0, 0, 0, 0, 0, 0, 0, 0, 0, 0, 0, 0, 0, 0, 0, 0, 0, 0, 0, 0, 0, 0, 0, 0, 0, 0, 0, 0, 0.0017938325, 0.0017523501, 0.0017875003, 0.0019110314, 0.0020593144, 0.0021346905, 0.0022833727, 0.0024291046, 0.0025011718, 0.0026444711, 0.002787312, 0.0028583612, 0.0029987225, 0.0031345878, 0.0032637455, 0.0033250593, 0.0034399459, 0.0035422444, 0.0035877363, 0.0036658295, 0.0037254514, 0.0037664203, 0.0037800584, 0.003794509, 0.0037938696, 0.0037886912, 0.0037695905, 0.003739014, 0.0037191203, 0.0036688407, 0.0036013199, 0.0035124242, 0.0034592035, 0.0033357304, 0.0031932218, 0.0031165916, 0.0029557953, 0.0027878657, 0.0026144714, 0.0025257147, 0.0023446092, 0.0021646838, 0.0020824291, 0.0019724967, 0.0020218133
0, 0, 0, 0, 0, 0, 0, 0, 0, 0, 0, 0, 0, 0, 0, 0, 0, 0, 0, 0, 0, 0, 0, 0, 0, 0, 0, 0, 0, 0, 0, 0, 0, 0, 0, 0, 0, 0, 0, 0, 0, 0, 0, 0, 0, 0, 0, 0, 0, 0, 0, 0, 0, 0, 0, 0, 0, 0, 0, 0, 0, 0, 0, 0, 0, 0, 0, 0, 0, 0, 0, 0, 0, 0, 0, 0, 0, 0, 0, 0, 0, 0, 0, 0, 0, 0, 0, 0, 0, 0, 0, 0, 0, 0, 0, 0, 0, 0, 0, 0, 0, 0, 0, 0, 0, 0.0016761264, 0.0016486828, 0.0017163525, 0.0018692856, 0.0020424023, 0.0021283235, 0.0022948263, 0.002454159, 0.0025317215, 0.0026837578, 0.0028328972, 0.0029065448, 0.0030510293, 0.0031897149, 0.0033200877, 0.0033815117, 0.0034958273, 0.0035972458, 0.0036423546, 0.0037199783, 0.0037789664, 0.003817997, 0.0038297237, 0.0038380616, 0.003828039, 0.0038170067, 0.0037844595, 0.003738741, 0.0037111284, 0.0036460722, 0.0035664048, 0.0034696131, 0.0034143473, 0.0032908705, 0.003153066, 0.0030802556, 0.0029290884, 0.0027724744, 0.002610662, 0.002527316, 0.0023553006, 0.0021811407, 0.0021002425, 0.0019898238, 0.0020355133
0, 0, 0, 0, 0, 0, 0, 0, 0, 0, 0, 0, 0, 0, 0, 0, 0, 0, 0, 0, 0, 0, 0, 0, 0, 0, 0, 0, 0, 0, 0, 0, 0, 0, 0, 0, 0, 0, 0, 0, 0, 0, 0, 0, 0, 0, 0, 0, 0, 0, 0, 0, 0, 0, 0, 0, 0, 0, 0, 0, 0, 0, 0, 0, 0, 0, 0, 0, 0, 0, 0, 0, 0, 0, 0, 0, 0, 0, 0, 0, 0, 0, 0, 0, 0, 0, 0, 0, 0, 0, 0, 0, 0, 0, 0, 0, 0, 0, 0, 0, 0, 0, 0, 0, 0, 0.0016999769, 0.0016629933, 0.0017206481, 0.0018742246, 0.0020525018, 0.002141345, 0.0023128614, 0.0024755883, 0.0025542465, 0.0027075827, 0.0028569726, 0.0029304135, 0.0030740974, 0.0032113167, 0.003339348, 0.0033993372, 0.0035105937, 0.0036094575, 0.0036536974, 0.0037303686, 0.0037888093, 0.0038262287, 0.003836179, 0.0038381454, 0.0038177322, 0.003800142, 0.003752277, 0.0036898542, 0.0036538742, 0.0035733725, 0.003481708, 0.003378442, 0.003322427, 0.0032022544, 0.0030731976, 0.0030061812, 0.0028683052, 0.0027254904, 0.0025762636, 0.0024984844, 0.0023357344, 0.0021682202, 0.0020896757, 0.0019817492, 0.0020266247
0, 0, 0, 0, 0, 0, 0, 0, 0, 0, 0, 0, 0, 0, 0, 0, 0, 0, 0, 0, 0, 0, 0, 0, 0, 0, 0, 0, 0, 0, 0, 0, 0, 0, 0, 0, 0, 0, 0, 0, 0, 0, 0, 0, 0, 0, 0, 0, 0, 0, 0, 0, 0, 0, 0, 0, 0, 0, 0, 0, 0, 0, 0, 0, 0, 0, 0, 0, 0, 0, 0, 0, 0, 0, 0, 0, 0, 0, 0, 0, 0, 0, 0, 0, 0, 0, 0, 0, 0, 0, 0, 0, 0, 0, 0, 0, 0, 0, 0, 0, 0, 0, 0, 0, 0, 0.0017680383, 0.0017240408, 0.0017681851, 0.0019121305, 0.0020837062, 0.0021698144, 0.0023364464, 0.0024946774, 0.0025710838, 0.0027199162, 0.0028647883, 0.0029359513, 0.0030748395, 0.003207073, 0.0033300975, 0.0033876176, 0.0034944091, 0.0035897852, 0.0036328174, 0.0037078687, 0.003764966, 0.0037994704, 0.0038069047, 0.0038009267, 0.0037685493, 0.00374369, 0.0036800082, 0.0036017424, 0.0035584096, 0.003465425, 0.0033652529, 0.003258853, 0.0032034207, 0.00308824, 0.0029679178, 0.00290607, 0.002778967, 0.0026460148, 0.0025047744, 0.0024302793, 0.0022731815, 0.0021110992, 0.002035424, 0.0019329244, 0.0019801583
0, 0, 0, 0, 0, 0, 0, 0, 0, 0, 0, 0, 0, 0, 0, 0, 0, 0, 0, 0, 0, 0, 0, 0, 0, 0, 0, 0, 0, 0, 0, 0, 0, 0, 0, 0, 0, 0, 0, 0, 0, 0, 0, 0, 0, 0, 0, 0, 0, 0, 0, 0, 0, 0, 0, 0, 0, 0, 0, 0, 0, 0, 0, 0, 0, 0, 0, 0, 0, 0, 0, 0, 0, 0, 0, 0, 0, 0, 0, 0, 0, 0, 0, 0, 0, 0, 0, 0, 0, 0, 0, 0, 0, 0, 0, 0, 0, 0, 0, 0, 0, 0, 0, 0, 0, 0.001837218, 0.0017893909, 0.0018251394, 0.0019596939, 0.0021213791, 0.0022026224, 0.00236, 0.0025097986, 0.0025823193, 0.0027238266, 0.0028618372, 0.0029296463, 0.003061686, 0.0031868839, 0.0033030305, 0.0033572388, 0.0034578862, 0.0035478338, 0.0035885011, 0.0036593305, 0.0037121295, 0.0037408415, 0.0037444418, 0.0037285862, 0.0036834916, 0.0036516688, 0.0035738777, 0.003483151, 0.0034347477, 0.003334316, 0.0032309336, 0.0031254564, 0.003071822, 0.0029622253, 0.0028487511, 0.0027903041, 0.0026691544, 0.0025405525, 0.0024020874, 0.002328635, 0.0021739993, 0.002016552, 0.0019442408, 0.0018495631, 0.0019015949
0, 0, 0, 0, 0, 0, 0, 0, 0, 0, 0, 0, 0, 0, 0, 0, 0, 0, 0, 0, 0, 0, 0, 0, 0, 0, 0, 0, 0, 0, 0, 0, 0, 0, 0, 0, 0, 0, 0, 0, 0, 0, 0, 0, 0, 0, 0, 0, 0, 0, 0, 0, 0, 0, 0, 0, 0, 0, 0, 0, 0, 0, 0, 0, 0, 0, 0, 0, 0, 0, 0, 0, 0, 0, 0, 0, 0, 0, 0, 0, 0, 0, 0, 0, 0, 0, 0, 0, 0, 0, 0, 0, 0, 0, 0, 0, 0, 0, 0, 0, 0, 0, 0, 0, 0, 0.0018938706, 0.0018436721, 0.0018744966, 0.0020024374, 0.0021557463, 0.0022323306, 0.002380288, 0.0025209084, 0.0025890802, 0.0027222373, 0.0028522832, 0.0029160858, 0.0030401025, 0.0031570091, 0.0032645606, 0.0033144325, 0.0034061193, 0.0034869807, 0.0035230468, 0.0035846245, 0.0036279345, 0.0036465328, 0.0036447956, 0.0036176406, 0.003561147, 0.0035238303, 0.0034361442, 0.0033380103, 0.0032871587, 0.0031845379, 0.0030825231, 0.0029809908, 0.0029299327, 0.0028258252, 0.0027176214, 0.00266142, 0.0025437449, 0.0024173995, 0.0022806735, 0.0022083053, 0.0020573386, 0.0019063216, 0.0018384153, 0.0017536491, 0.0018117323
0, 0, 0, 0, 0, 0, 0, 0, 0, 0, 0, 0, 0, 0, 0, 0, 0, 0, 0, 0, 0, 0, 0, 0, 0, 0, 0, 0, 0, 0, 0, 0, 0, 0, 0, 0, 0, 0, 0, 0, 0, 0, 0, 0, 0, 0, 0, 0, 0, 0, 0, 0, 0, 0, 0, 0, 0, 0, 0, 0, 0, 0, 0, 0, 0, 0, 0, 0, 0, 0, 0, 0, 0, 0, 0, 0, 0, 0, 0, 0, 0, 0, 0, 0, 0, 0, 0, 0, 0, 0, 0, 0, 0, 0, 0, 0, 0, 0, 0, 0, 0, 0, 0, 0, 0, 0.0019362279, 0.0018843309, 0.0019123981, 0.0020367538, 0.0021847773, 0.0022581578, 0.0023987275, 0.0025310963, 0.002594873, 0.0027189006, 0.0028394056, 0.0028983078, 0.0030123286, 0.0031188321, 0.0032152196, 0.0032591491, 0.0033381723, 0.0034052609, 0.003434005, 0.0034803527, 0.0035083129, 0.003512607, 0.0035044127, 0.0034662734, 0.0034016466, 0.0033613455, 0.0032696829, 0.0031699166, 0.0031191013, 0.003018478, 0.002920504, 0.0028241544, 0.002775813, 0.002677071, 0.002573915, 0.0025201149, 0.0024070565, 0.0022855918, 0.0021548837, 0.0020862361, 0.0019443952, 0.0018044537, 0.0017425322, 0.0016693013, 0.0017336758
0, 0, 0, 0, 0, 0, 0, 0, 0, 0, 0, 0, 0, 0, 0, 0, 0, 0, 0, 0, 0, 0, 0, 0, 0, 0, 0, 0, 0, 0, 0, 0, 0, 0, 0, 0, 0, 0, 0, 0, 0, 0, 0, 0, 0, 0, 0, 0, 0, 0, 0, 0, 0, 0, 0, 0, 0, 0, 0, 0, 0, 0, 0, 0, 0, 0, 0, 0, 0, 0, 0, 0, 0, 0, 0, 0, 0, 0, 0, 0, 0, 0, 0, 0, 0, 0, 0, 0, 0, 0, 0, 0, 0, 0, 0, 0, 0, 0, 0, 0, 0, 0, 0, 0, 0, 0.0019659325, 0.0019131436, 0.0019409992, 0.002065368, 0.0022118676, 0.0022836784, 0.0024190936, 0.0025439102, 0.0026030634, 0.0027166095, 0.0028253547, 0.002878068, 0.0029790308, 0.0030716641, 0.003153292, 0.0031894385, 0.0032518723, 0.0033008745, 0.003320035, 0.0033465573, 0.0033553566, 0.0033433961, 0.0033287723, 0.0032818853, 0.0032139304, 0.0031736745, 0.0030845967, 0.0029892772, 0.0029410392, 0.0028458287, 0.0027532992, 0.0026621441, 0.002616245, 0.0025224425, 0.0024248096, 0.0023742106, 0.002268826, 0.0021569475, 0.0020383226, 0.0019766632, 0.0018499092, 0.0017257235, 0.0016712906, 0.0016105827, 0.00168082
0, 0, 0, 0, 0, 0, 0, 0, 0, 0, 0, 0, 0, 0, 0, 0, 0, 0, 0, 0, 0, 0, 0, 0, 0, 0, 0, 0, 0, 0, 0, 0, 0, 0, 0, 0, 0, 0, 0, 0, 0, 0, 0, 0, 0, 0, 0, 0, 0, 0, 0, 0, 0, 0, 0, 0, 0, 0, 0, 0, 0, 0, 0, 0, 0, 0, 0, 0, 0, 0, 0, 0, 0, 0, 0, 0, 0, 0, 0, 0, 0, 0, 0, 0, 0, 0, 0, 0, 0, 0, 0, 0, 0, 0, 0, 0, 0, 0, 0, 0, 0, 0, 0, 0, 0, 0.0019862724, 0.0019334425, 0.0019636755, 0.002091516, 0.0022398403, 0.00231135, 0.0024432933, 0.0025608316, 0.0026151447, 0.0027170847, 0.0028122603, 0.002857545, 0.002942648, 0.0030182006, 0.0030816633, 0.003108295, 0.0031508063, 0.0031786407, 0.0031869307, 0.0031920914, 0.0031817604, 0.00315545, 0.0031360714, 0.0030850174, 0.003019545, 0.0029824635, 0.0029022377, 0.002816925, 0.0027734903, 0.0026866607, 0.0026004715, 0.0025137847, 0.002469746, 0.0023797501, 0.0022872298, 0.0022401072, 0.0021437947, 0.0020441166, 0.0019405958, 0.0018873522, 0.0017784225, 0.0016716523, 0.001625085, 0.0015765271, 0.0016519831
0, 0, 0, 0, 0, 0, 0, 0, 0, 0, 0, 0, 0, 0, 0, 0, 0, 0, 0, 0, 0, 0, 0, 0, 0, 0, 0, 0, 0, 0, 0, 0, 0, 0, 0, 0, 0, 0, 0, 0, 0, 0, 0, 0, 0, 0, 0, 0, 0, 0, 0, 0, 0, 0, 0, 0, 0, 0, 0, 0, 0, 0, 0, 0, 0, 0, 0, 0, 0, 0, 0, 0, 0, 0, 0, 0, 0, 0, 0, 0, 0, 0, 0, 0, 0, 0, 0, 0, 0, 0, 0, 0, 0, 0, 0, 0, 0, 0, 0, 0, 0, 0, 0, 0, 0, 0.0020023312, 0.0019499474, 0.0019840968, 0.0021173728, 0.0022692822, 0.002341206, 0.002470868, 0.002582054, 0.00263188, 0.0027226524, 0.0028041995, 0.002841883, 0.0029102678, 0.002967318, 0.003010692, 0.0030268382, 0.0030476267, 0.003053314, 0.0030509168, 0.0030366783, 0.0030113284, 0.0029762026, 0.0029551357, 0.0029062196, 0.002849045, 0.002817887, 0.0027512228, 0.002679728, 0.0026424932, 0.0025656046, 0.0024855605, 0.0024019685, 0.0023588156, 0.0022704105, 0.0021808257, 0.0021360994, 0.00204684, 0.0019572664, 0.001866396, 0.0018202529, 0.0017263679, 0.0016342463, 0.0015942203, 0.0015556914, 0.0016355511
0, 0, 0, 0, 0, 0, 0, 0, 0, 0, 0, 0, 0, 0, 0, 0, 0, 0, 0, 0, 0, 0, 0, 0, 0, 0, 0, 0, 0, 0, 0, 0, 0, 0, 0, 0, 0, 0, 0, 0, 0, 0, 0, 0, 0, 0, 0, 0, 0, 0, 0, 0, 0, 0, 0, 0, 0, 0, 0, 0, 0, 0, 0, 0, 0, 0, 0, 0, 0, 0, 0, 0, 0, 0, 0, 0, 0, 0, 0, 0, 0, 0, 0, 0, 0, 0, 0, 0, 0, 0, 0, 0, 0, 0, 0, 0, 0, 0, 0, 0, 0, 0, 0, 0, 0, 0.0020240902, 0.0019717133, 0.0020089336, 0.0021464988, 0.0023008091, 0.002372819, 0.0025002835, 0.0026065256, 0.0026529664, 0.0027352974, 0.0028060193, 0.0028373564, 0.002891192, 0.0029313061, 0.0029557617, 0.002961884, 0.0029622833, 0.002948675, 0.0029376594, 0.002909344, 0.0028754654, 0.002838163, 0.00281847, 0.0027768724, 0.0027320844, 0.0027083666, 0.0026574892, 0.0026008324, 0.0025699285, 0.0025023927, 0.0024271535, 0.0023447154, 0.0023012818, 0.0022117137, 0.00212139, 0.0020768584, 0.0019896629, 0.0019043478, 0.0018195618, 0.0017769666, 0.001690799, 0.0016065149, 0.0015701174, 0.0015375488, 0.0016202992
0, 0, 0, 0, 0, 0, 0, 0, 0, 0, 0, 0, 0, 0, 0, 0, 0, 0, 0, 0, 0, 0, 0, 0, 0, 0, 0, 0, 0, 0, 0, 0, 0, 0, 0, 0, 0, 0, 0, 0, 0, 0, 0, 0, 0, 0, 0, 0, 0, 0, 0, 0, 0, 0, 0, 0, 0, 0, 0, 0, 0, 0, 0, 0, 0, 0, 0, 0, 0, 0, 0, 0, 0, 0, 0, 0, 0, 0, 0, 0, 0, 0, 0, 0, 0, 0, 0, 0, 0, 0, 0, 0, 0, 0, 0, 0, 0, 0, 0, 0, 0, 0, 0, 0, 0, 0.0020681764, 0.0020134388, 0.002047773, 0.002182615, 0.0023332045, 0.0024031287, 0.0025265052, 0.0026290596, 0.002673735, 0.0027522647, 0.0028178196, 0.0028457253, 0.0028907482, 0.002919481, 0.0029304756, 0.0029293904, 0.0029156301, 0.0028898157, 0.0028739243, 0.002839102, 0.0028034532, 0.0027690665, 0.002752487, 0.0027200966, 0.0026876745, 0.002670894, 0.002634198, 0.0025903047, 0.002564646, 0.0025046153, 0.0024327384, 0.0023502496, 0.002305766, 0.0022126664, 0.002117908, 0.0020711694, 0.0019803112, 0.0018924443, 0.0018060633, 0.0017628123, 0.001675563, 0.0015907474, 0.0015543161, 0.0015222388, 0.0016055572
0, 0, 0, 0, 0, 0, 0, 0, 0, 0, 0, 0, 0, 0, 0, 0, 0, 0, 0, 0, 0, 0, 0, 0, 0, 0, 0, 0, 0, 0, 0, 0, 0, 0, 0, 0, 0, 0, 0, 0, 0, 0, 0, 0, 0, 0, 0, 0, 0, 0, 0, 0, 0, 0, 0, 0, 0, 0, 0, 0, 0, 0, 0, 0, 0, 0, 0, 0, 0, 0, 0, 0, 0, 0, 0, 0, 0, 0, 0, 0, 0, 0, 0, 0, 0, 0, 0, 0, 0, 0, 0, 0, 0, 0, 0, 0, 0, 0, 0, 0, 0, 0, 0, 0, 0, 0.0021545754, 0.0020897088, 0.0021035597, 0.0022201205, 0.0023561988, 0.0024207348, 0.0025373597, 0.002637851, 0.0026828079, 0.0027633216, 0.0028311557, 0.0028597892, 0.0029047965, 0.0029314498, 0.0029388557, 0.0029358151, 0.0029186765, 0.0028910907, 0.0028751015, 0.0028418708, 0.0028099811, 0.0027810717, 0.0027677123, 0.0027426174, 0.002718389, 0.0027059002, 0.002677874, 0.0026418883, 0.00261955, 0.0025645595, 0.0024951638, 0.002412449, 0.0023668169, 0.002269475, 0.0021684093, 0.0021180527, 0.002019599, 0.0019242635, 0.0018303152, 0.001783173, 0.0016880765, 0.001595901, 0.0015563151, 0.0015195241, 0.0016007897
0, 0, 0, 0, 0, 0, 0, 0, 0, 0, 0, 0, 0, 0, 0, 0, 0, 0, 0, 0, 0, 0, 0, 0, 0, 0, 0, 0, 0, 0, 0, 0, 0, 0, 0, 0, 0, 0, 0, 0, 0, 0, 0, 0, 0, 0, 0, 0, 0, 0, 0, 0, 0, 0, 0, 0, 0, 0, 0, 0, 0, 0, 0, 0, 0, 0, 0, 0, 0, 0, 0, 0, 0, 0, 0, 0, 0, 0, 0, 0, 0, 0, 0, 0, 0, 0, 0, 0, 0, 0, 0, 0, 0, 0, 0, 0, 0, 0, 0, 0, 0, 0, 0, 0, 0, 0.0023009859, 0.002202944, 0.002157114, 0.0022334557, 0.0023459466, 0.0024036346, 0.0025142452, 0.0026164697, 0.0026643416, 0.0027531784, 0.0028309254, 0.0028646644, 0.0029195813, 0.0029554113, 0.0029716343, 0.002973079, 0.0029652324, 0.0029471174, 0.0029357518, 0.0029111856, 0.0028867403, 0.0028637173, 0.0028526927, 0.0028310996, 0.0028092018, 0.0027975966, 0.002771198, 0.0027370495, 0.0027157275, 0.0026627125, 0.0025948025, 0.0025120704, 0.0024656476, 0.0023649696, 0.0022582663, 0.0022044142, 0.0020979126, 0.00199363, 0.0018899225, 0.0018376375, 0.0017319374, 0.0016292618, 0.0015847881, 0.0015399962, 0.0016173024
0, 0, 0, 0, 0, 0, 0, 0, 0, 0, 0, 0, 0, 0, 0, 0, 0, 0, 0, 0, 0, 0, 0, 0, 0, 0, 0, 0, 0, 0, 0, 0, 0, 0, 0, 0, 0, 0, 0, 0, 0, 0, 0, 0, 0, 0, 0, 0, 0, 0, 0, 0, 0, 0, 0, 0, 0, 0, 0, 0, 0, 0, 0, 0, 0, 0, 0, 0, 0, 0, 0, 0, 0, 0, 0, 0, 0, 0, 0, 0, 0, 0, 0, 0, 0, 0, 0, 0, 0, 0, 0, 0, 0, 0, 0, 0, 0, 0, 0, 0, 0, 0, 0, 0, 0, 0.0025038957, 0.0023150807, 0.0021533368, 0.0021802194, 0.002274841, 0.0023298496, 0.0024425117, 0.0025529468, 0.0026064173, 0.0027084197, 0.002801187, 0.002843002, 0.002915219, 0.0029697937, 0.0030059123, 0.0030175864, 0.0030301174, 0.003031027, 0.0030282014, 0.003018119, 0.0030041097, 0.0029874854, 0.0029782534, 0.0029577145, 0.0029342407, 0.002921159, 0.0028912763, 0.0028540296, 0.0028315892, 0.0027773073, 0.002708873, 0.0026255879, 0.0025786378, 0.0024762547, 0.0023666155, 0.0023107366, 0.002198971, 0.002087887, 0.0019763012, 0.0019196619, 0.0018044659, 0.0016914695, 0.0016417668, 0.0015876044, 0.0016599221
0, 0, 0, 0, 0, 0, 0, 0, 0, 0, 0, 0, 0, 0, 0, 0, 0, 0, 0, 0, 0, 0, 0, 0, 0, 0, 0, 0, 0, 0, 0, 0, 0, 0, 0, 0, 0, 0, 0, 0, 0, 0, 0, 0, 0, 0, 0, 0, 0, 0, 0, 0, 0, 0, 0, 0, 0, 0, 0, 0, 0, 0, 0, 0, 0, 0, 0, 0, 0, 0, 0, 0, 0, 0, 0, 0, 0, 0, 0, 0, 0, 0, 0, 0, 0, 0, 0, 0, 0, 0, 0, 0, 0, 0, 0, 0, 0, 0, 0, 0, 0, 0, 0, 0, 0, 0.0026214153, 0.0022709323, 0.002015086, 0.002033939, 0.0021378952, 0.002199199, 0.0023252391, 0.0024491511, 0.0025093083, 0.0026249324, 0.002732622, 0.002782751, 0.0028738205, 0.0029507005, 0.0030121645, 0.00303723, 0.0030768171, 0.0031032711, 0.0031120174, 0.0031216163, 0.0031221888, 0.0031148759, 0.0031085147, 0.003090429, 0.0030656275, 0.0030508672, 0.0030163764, 0.0029740534, 0.0029493105, 0.0028911661, 0.0028200676, 0.0027353368, 0.0026881315, 0.0025858618, 0.002476591, 0.002420627, 0.002307751, 0.002194086, 0.0020785737, 0.0020194745, 0.0018978657, 0.0017762758, 0.0017215511, 0.0016573755, 0.0017240098
0, 0, 0, 0, 0, 0, 0, 0, 0, 0, 0, 0, 0, 0, 0, 0, 0, 0, 0, 0, 0, 0, 0, 0, 0, 0, 0, 0, 0, 0, 0, 0, 0, 0, 0, 0, 0, 0, 0, 0, 0, 0, 0, 0, 0, 0, 0, 0, 0, 0, 0, 0, 0, 0, 0, 0, 0, 0, 0, 0, 0, 0, 0, 0, 0, 0, 0, 0, 0, 0, 0, 0, 0, 0, 0, 0, 0, 0, 0, 0, 0, 0, 0, 0, 0, 0, 0, 0, 0, 0, 0, 0, 0, 0, 0, 0, 0, 0, 0, 0, 0, 0, 0, 0, 0, 0.0018764703, 0.0018038616, 0.0017534026, 0.0018379857, 0.0019741682, 0.0020466163, 0.002189176, 0.0023244421, 0.0023890627, 0.0025127728, 0.0026292645, 0.002684824, 0.002789633, 0.0028850043, 0.0029697844, 0.0030079358, 0.003075272, 0.0031297056, 0.0031517763, 0.0031854003, 0.00320548, 0.0032127784, 0.003211831, 0.00320107, 0.0031792873, 0.0031647086, 0.0031284748, 0.0030826242, 0.0030557904, 0.0029935308, 0.002919347, 0.002833549, 0.0027867383, 0.0026867618, 0.0025809668, 0.0025266714, 0.0024162596, 0.0023035044, 0.0021871082, 0.0021268409, 0.0020010257, 0.0018719516, 0.0018124093, 0.0017380454, 0.0017988521
0, 0, 0, 0, 0, 0, 0, 0, 0, 0, 0, 0, 0, 0, 0, 0, 0, 0, 0, 0, 0, 0, 0, 0, 0, 0, 0, 0, 0, 0, 0, 0, 0, 0, 0, 0, 0, 0, 0, 0, 0, 0, 0, 0, 0, 0, 0, 0, 0, 0, 0, 0, 0, 0, 0, 0, 0, 0, 0, 0, 0, 0, 0, 0, 0, 0, 0, 0, 0, 0, 0, 0, 0, 0, 0, 0, 0, 0, 0, 0, 0, 0, 0, 0, 0, 0, 0, 0, 0, 0, 0, 0, 0, 0, 0, 0, 0, 0, 0, 0, 0, 0, 0, 0, 0, 0.0016642795, 0.0016012666, 0.0015832675, 0.0016918202, 0.0018435176, 0.0019211799, 0.0020698456, 0.0022067076, 0.0022710722, 0.0023935253, 0.0025095867, 0.002565827, 0.002675282, 0.00278064, 0.0028812578, 0.0029293494, 0.0030196568, 0.003099673, 0.0031347855, 0.0031937126, 0.0032366167, 0.003263234, 0.00327041, 0.0032728098, 0.0032602032, 0.003248696, 0.0032159602, 0.0031707073, 0.0031433932, 0.003079673, 0.0030046068, 0.0029199116, 0.0028746186, 0.0027793283, 0.00267932, 0.002627783, 0.0025216592, 0.0024109697, 0.0022941534, 0.0022326065, 0.0021019287, 0.0019649067, 0.001900504, 0.001816375, 0.0018719237
0, 0, 0, 0, 0, 0, 0, 0, 0, 0, 0, 0, 0, 0, 0, 0, 0, 0, 0, 0, 0, 0, 0, 0, 0, 0, 0, 0, 0, 0, 0, 0, 0, 0, 0, 0, 0, 0, 0, 0, 0, 0, 0, 0, 0, 0, 0, 0, 0, 0, 0, 0, 0, 0, 0, 0, 0, 0, 0, 0, 0, 0, 0, 0, 0, 0, 0, 0, 0, 0, 0, 0, 0, 0, 0, 0, 0, 0, 0, 0, 0, 0, 0, 0, 0, 0, 0, 0, 0, 0, 0, 0, 0, 0, 0, 0, 0, 0, 0, 0, 0, 0, 0, 0, 0, 0.0016334496, 0.0015643658, 0.0015304459, 0.0016280519, 0.0017723112, 0.0018464976, 0.0019877178, 0.002116281, 0.0021763176, 0.0022901248, 0.0023987058, 0.0024521032, 0.0025585985, 0.0026658364, 0.0027738737, 0.0028277356, 0.002933166, 0.0030319686, 0.003077471, 0.003158157, 0.0032226772, 0.0032694726, 0.0032858923, 0.003304708, 0.0033054498, 0.0032993702, 0.003274952, 0.0032348237, 0.0032092563, 0.0031482994, 0.0030762078, 0.0029956116, 0.0029528807, 0.0028636232, 0.0027696067, 0.0027207, 0.002618483, 0.0025091127, 0.002390496, 0.0023267746, 0.0021893706, 0.0020433778, 0.0019740916, 0.0018809859, 0.001932247
0, 0, 0, 0, 0, 0, 0, 0, 0, 0, 0, 0, 0, 0, 0, 0, 0, 0, 0, 0, 0, 0, 0, 0, 0, 0, 0, 0, 0, 0, 0, 0, 0, 0, 0, 0, 0, 0, 0, 0, 0, 0, 0, 0, 0, 0, 0, 0, 0, 0, 0, 0, 0, 0, 0, 0, 0, 0, 0, 0, 0, 0, 0, 0, 0, 0, 0, 0, 0, 0, 0, 0, 0, 0, 0, 0, 0, 0, 0, 0, 0, 0, 0, 0, 0, 0, 0, 0, 0, 0, 0, 0, 0, 0, 0, 0, 0, 0, 0, 0, 0, 0, 0, 0, 0, 0.0016582326, 0.0015860732, 0.0015380783, 0.0016183292, 0.0017463163, 0.0018130087, 0.0019405806, 0.0020573998, 0.002112135, 0.0022164811, 0.002317137, 0.0023672944, 0.002469229, 0.0025752264, 0.0026857164, 0.0027420647, 0.002854809, 0.0029637907, 0.0030153587, 0.003109817, 0.0031894958, 0.0032517172, 0.003275648, 0.0033085945, 0.0033218989, 0.0033214071, 0.0033066424, 0.0032743353, 0.0032521798, 0.0031976753, 0.0031320483, 0.003057933, 0.0030183145, 0.0029346873, 0.0028449495, 0.0027975512, 0.0026968902, 0.0025869699, 0.0024651533, 0.002398797, 0.002254329, 0.002099731, 0.0020260776, 0.0019254537, 0.0019735189
0, 0, 0, 0, 0, 0, 0, 0, 0, 0, 0, 0, 0, 0, 0, 0, 0, 0, 0, 0, 0, 0, 0, 0, 0, 0, 0, 0, 0, 0, 0, 0, 0, 0, 0, 0, 0, 0, 0, 0, 0, 0, 0, 0, 0, 0, 0, 0, 0, 0, 0, 0, 0, 0, 0, 0, 0, 0, 0, 0, 0, 0, 0, 0, 0, 0, 0, 0, 0, 0, 0, 0, 0, 0, 0, 0, 0, 0, 0, 0, 0, 0, 0, 0, 0, 0, 0, 0, 0, 0, 0, 0, 0, 0, 0, 0, 0, 0, 0, 0, 0, 0, 0, 0, 0, 0.0016822022, 0.0016087777, 0.0015530733, 0.0016208801, 0.0017352108, 0.0017955123, 0.0019122151, 0.0020213, 0.0020733061, 0.002174065, 0.0022730536, 0.0023228384, 0.0024249712, 0.0025321941, 0.0026444031, 0.002701679, 0.002816404, 0.002927772, 0.002980838, 0.0030792255, 0.0031642434, 0.0032328446, 0.0032601824, 0.00330015, 0.0033204425, 0.0033234633, 0.0033158406, 0.0032910055, 0.0032727455, 0.0032262425, 0.0031685245, 0.0031014055, 0.0030647502, 0.002985462, 0.0028977052, 0.0028504443, 0.0027486961, 0.0026361924, 0.002510664, 0.0024420589, 0.0022923213, 0.0021317927, 0.0020551875, 0.0019496462, 0.001995887
0, 0, 0, 0, 0, 0, 0, 0, 0, 0, 0, 0, 0, 0, 0, 0, 0, 0, 0, 0, 0, 0, 0, 0, 0, 0, 0, 0, 0, 0, 0, 0, 0, 0, 0, 0, 0, 0, 0, 0, 0, 0, 0, 0, 0, 0, 0, 0, 0, 0, 0, 0, 0, 0, 0, 0, 0, 0, 0, 0, 0, 0, 0, 0, 0, 0, 0, 0, 0, 0, 0, 0, 0, 0, 0, 0, 0, 0, 0, 0, 0, 0, 0, 0, 0, 0, 0, 0, 0, 0, 0, 0, 0, 0, 0, 0, 0, 0, 0, 0, 0, 0, 0, 0, 0, 0.001681438, 0.0016074135, 0.0015480054, 0.0016096564, 0.0017173958, 0.0017748688, 0.0018879191, 0.0019966352, 0.0020498815, 0.0021555282, 0.0022615795, 0.0023152626, 0.002424863, 0.00253782, 0.002653183, 0.0027110507, 0.0028249726, 0.002933513, 0.002984688, 0.0030787576, 0.0031597575, 0.0032252416, 0.0032514902, 0.003290175, 0.0033107048, 0.0033145766, 0.003310299, 0.0032908174, 0.0032758082, 0.0032362172, 0.0031851637, 0.00312381, 0.0030894403, 0.003013116, 0.0029259163, 0.0028780105, 0.0027735129, 0.0026572887, 0.002528176, 0.0024580292, 0.0023057132, 0.002143036, 0.002065481, 0.001958568, 0.0020048672
0, 0, 0, 0, 0, 0, 0, 0, 0, 0, 0, 0, 0, 0, 0, 0, 0, 0, 0, 0, 0, 0, 0, 0, 0, 0, 0, 0, 0, 0, 0, 0, 0, 0, 0, 0, 0, 0, 0, 0, 0, 0, 0, 0, 0, 0, 0, 0, 0, 0, 0, 0, 0, 0, 0, 0, 0, 0, 0, 0, 0, 0, 0, 0, 0, 0, 0, 0, 0, 0, 0, 0, 0, 0, 0, 0, 0, 0, 0, 0, 0, 0, 0, 0, 0, 0, 0, 0, 0, 0, 0, 0, 0, 0, 0, 0, 0, 0, 0, 0, 0, 0, 0, 0, 0, 0.0016595995, 0.001585436, 0.0015244947, 0.0015845647, 0.0016916986, 0.0017494241, 0.0018644902, 0.001977954, 0.0020348474, 0.002150239, 0.0022683665, 0.0023283688, 0.0024494908, 0.0025706647, 0.0026900223, 0.0027483029, 0.0028604304, 0.0029643371, 0.0030122693, 0.0030986164, 0.003170989, 0.003228171, 0.0032507011, 0.0032833223, 0.0033001488, 0.003303217, 0.003299443, 0.0032828401, 0.0032697376, 0.0032343175, 0.0031872916, 0.0031295537, 0.0030966622, 0.003022232, 0.0029352105, 0.0028866823, 0.0027796095, 0.0026600766, 0.002528186, 0.002457203, 0.0023043766, 0.0021423644, 0.0020653263, 0.0019595765, 0.0020071964
0, 0, 0, 0, 0, 0, 0, 0, 0, 0, 0, 0, 0, 0, 0, 0, 0, 0, 0, 0, 0, 0, 0, 0, 0, 0, 0, 0, 0, 0, 0, 0, 0, 0, 0, 0, 0, 0, 0, 0, 0, 0, 0, 0, 0, 0, 0, 0, 0, 0, 0, 0, 0, 0, 0, 0, 0, 0, 0, 0, 0, 0, 0, 0, 0, 0, 0, 0, 0, 0, 0, 0, 0, 0, 0, 0, 0, 0, 0, 0, 0, 0, 0, 0, 0, 0, 0, 0, 0, 0, 0, 0, 0, 0, 0, 0, 0, 0, 0, 0, 0, 0, 0, 0, 0, 0.0016359003, 0.0015616853, 0.001500108, 0.0015604631, 0.001669298, 0.0017284086, 0.0018471926, 0.001965939, 0.0020261114, 0.0021495444, 0.0022772131, 0.002342069, 0.0024717874, 0.0025989413, 0.0027209504, 0.0027794286, 0.0028900527, 0.0029904847, 0.0030361933, 0.003117265, 0.003183606, 0.0032347296, 0.0032544537, 0.0032822946, 0.0032957103, 0.0032976046, 0.0032926926, 0.0032762582, 0.0032635673, 0.0032291268, 0.0031832948, 0.003126858, 0.003094643, 0.0030213385, 0.002934797, 0.0028862336, 0.0027785008, 0.0026576284, 0.002524639, 0.0024534364, 0.002301098, 0.0021405518, 0.0020644641, 0.001960598, 0.0020096567
0, 0, 0, 0, 0, 0, 0, 0, 0, 0, 0, 0, 0, 0, 0, 0, 0, 0, 0, 0, 0, 0, 0, 0, 0, 0, 0, 0, 0, 0, 0, 0, 0, 0, 0, 0, 0, 0, 0, 0, 0, 0, 0, 0, 0, 0, 0, 0, 0, 0, 0, 0, 0, 0, 0, 0, 0, 0, 0, 0, 0, 0, 0, 0, 0, 0, 0, 0, 0, 0, 0, 0, 0, 0, 0, 0, 0, 0, 0, 0, 0, 0, 0, 0, 0, 0, 0, 0, 0, 0, 0, 0, 0, 0, 0, 0, 0, 0, 0, 0, 0, 0, 0, 0, 0, 0.0016553263, 0.0015810585, 0.0015198161, 0.0015799175, 0.0016876264, 0.0017458282, 0.0018620937, 0.0019768414, 0.0020342427, 0.002150324, 0.0022688038, 0.0023288738, 0.002449957, 0.002571006, 0.0026902093, 0.002748391, 0.0028603107, 0.0029639988, 0.0030119403, 0.003098644, 0.0031717978, 0.0032299762, 0.0032529912, 0.0032862895, 0.003302966, 0.003305657, 0.0033008263, 0.0032830671, 0.0032694638, 0.0032332877, 0.0031858985, 0.0031280415, 0.0030951865, 0.0030210477, 0.0029345453, 0.0028863498, 0.0027799574, 0.0026608778, 0.002529166, 0.0024582075, 0.0023054392, 0.002143745, 0.0020670313, 0.001962053, 0.002010282
0, 0, 0, 0, 0, 0, 0, 0, 0, 0, 0, 0, 0, 0, 0, 0, 0, 0, 0, 0, 0, 0, 0, 0, 0, 0, 0, 0, 0, 0, 0, 0, 0, 0, 0, 0, 0, 0, 0, 0, 0, 0, 0, 0, 0, 0, 0, 0, 0, 0, 0, 0, 0, 0, 0, 0, 0, 0, 0, 0, 0, 0, 0, 0, 0, 0, 0, 0, 0, 0, 0, 0, 0, 0, 0, 0, 0, 0, 0, 0, 0, 0, 0, 0, 0, 0, 0, 0, 0, 0, 0, 0, 0, 0, 0, 0, 0, 0, 0, 0, 0, 0, 0, 0, 0, 0.0016779681, 0.001603898, 0.0015442995, 0.0016059864, 0.001714248, 0.0017721598, 0.0018861537, 0.0019957873, 0.0020493767, 0.0021554, 0.0022614507, 0.0023150556, 0.0024244436, 0.0025371998, 0.0026525985, 0.0027104612, 0.0028243673, 0.002932846, 0.002983964, 0.003078204, 0.0031597337, 0.0032261552, 0.0032529205, 0.0032923212, 0.003312912, 0.0033165868, 0.0033115933, 0.0032913946, 0.0032761188, 0.003236284, 0.003185301, 0.003124225, 0.0030900124, 0.0030140788, 0.0029272975, 0.002879599, 0.0027753625, 0.002659027, 0.0025294155, 0.0024589298, 0.0023059587, 0.002143196, 0.002065857, 0.0019597413, 0.002006821
0, 0, 0, 0, 0, 0, 0, 0, 0, 0, 0, 0, 0, 0, 0, 0, 0, 0, 0, 0, 0, 0, 0, 0, 0, 0, 0, 0, 0, 0, 0, 0, 0, 0, 0, 0, 0, 0, 0, 0, 0, 0, 0, 0, 0, 0, 0, 0, 0, 0, 0, 0, 0, 0, 0, 0, 0, 0, 0, 0, 0, 0, 0, 0, 0, 0, 0, 0, 0, 0, 0, 0, 0, 0, 0, 0, 0, 0, 0, 0, 0, 0, 0, 0, 0, 0, 0, 0, 0, 0, 0, 0, 0, 0, 0, 0, 0, 0, 0, 0, 0, 0, 0, 0, 0, 0.00168097, 0.0016075517, 0.0015518604, 0.0016196751, 0.0017340889, 0.0017944634, 0.001911314, 0.0020203104, 0.0020722665, 0.0021728005, 0.0022713516, 0.0023209539, 0.0024228487, 0.0025300926, 0.0026427167, 0.0027003083, 0.0028155262, 0.0029271564, 0.0029802367, 0.0030785108, 0.0031635135, 0.003232448, 0.0032600765, 0.0033004826, 0.0033211152, 0.0033242584, 0.0033167975, 0.003292155, 0.0032741718, 0.003228387, 0.0031714134, 0.0031049824, 0.003068556, 0.002989469, 0.002901648, 0.0028542578, 0.0027519707, 0.0026385856, 0.0025118487, 0.002442555, 0.002291607, 0.002130468, 0.0020538468, 0.001948758, 0.0019957128
0, 0, 0, 0, 0, 0, 0, 0, 0, 0, 0, 0, 0, 0, 0, 0, 0, 0, 0, 0, 0, 0, 0, 0, 0, 0, 0, 0, 0, 0, 0, 0, 0, 0, 0, 0, 0, 0, 0, 0, 0, 0, 0, 0, 0, 0, 0, 0, 0, 0, 0, 0, 0, 0, 0, 0, 0, 0, 0, 0, 0, 0, 0, 0, 0, 0, 0, 0, 0, 0, 0, 0, 0, 0, 0, 0, 0, 0, 0, 0, 0, 0, 0, 0, 0, 0, 0, 0, 0, 0, 0, 0, 0, 0, 0, 0, 0, 0, 0, 0, 0, 0, 0, 0, 0, 0.0016579059, 0.0015857968, 0.0015378256, 0.0016179513, 0.0017455003, 0.0018118989, 0.001938898, 0.0020550224, 0.0021094948, 0.0022134068, 0.0023137669, 0.0023638005, 0.0024658004, 0.002572171, 0.002683435, 0.002740287, 0.0028540944, 0.0029638356, 0.0030155836, 0.0031099613, 0.0031893167, 0.0032511808, 0.003275048, 0.003308118, 0.0033218542, 0.0033216455, 0.0033076396, 0.0032762892, 0.0032547228, 0.0032013736, 0.0031367347, 0.003063134, 0.0030236086, 0.002939728, 0.0028493523, 0.0028015338, 0.0026999766, 0.002589144, 0.0024663173, 0.0023994402, 0.0022540102, 0.0020987748, 0.0020249197, 0.0019242838, 0.001972722
0, 0, 0, 0, 0, 0, 0, 0, 0, 0, 0, 0, 0, 0, 0, 0, 0, 0, 0, 0, 0, 0, 0, 0, 0, 0, 0, 0, 0, 0, 0, 0, 0, 0, 0, 0, 0, 0, 0, 0, 0, 0, 0, 0, 0, 0, 0, 0, 0, 0, 0, 0, 0, 0, 0, 0, 0, 0, 0, 0, 0, 0, 0, 0, 0, 0, 0, 0, 0, 0, 0, 0, 0, 0, 0, 0, 0, 0, 0, 0, 0, 0, 0, 0, 0, 0, 0, 0, 0, 0, 0, 0, 0, 0, 0, 0, 0, 0, 0, 0, 0, 0, 0, 0, 0, 0.0016318308, 0.0015627767, 0.0015286962, 0.0016258958, 0.0017694607, 0.0018433091, 0.0019839015, 0.0021120603, 0.002172052, 0.0022859937, 0.0023949547, 0.0024485167, 0.0025553042, 0.0026628992, 0.002771587, 0.002825912, 0.0029325043, 0.0030324603, 0.0030784106, 0.0031594615, 0.0032238455, 0.0032701623, 0.0032863994, 0.003305043, 0.0033060207, 0.00330021, 0.00327658, 0.0032374759, 0.003212397, 0.003152222, 0.0030804954, 0.0029997278, 0.002956745, 0.0028666384, 0.002771724, 0.002722433, 0.0026198006, 0.0025104827, 0.0023920822, 0.0023284357, 0.0021910432, 0.0020447741, 0.0019752414, 0.0018817643, 0.0019328945
0, 0, 0, 0, 0, 0, 0, 0, 0, 0, 0, 0, 0, 0, 0, 0, 0, 0, 0, 0, 0, 0, 0, 0, 0, 0, 0, 0, 0, 0, 0, 0, 0, 0, 0, 0, 0, 0, 0, 0, 0, 0, 0, 0, 0, 0, 0, 0, 0, 0, 0, 0, 0, 0, 0, 0, 0, 0, 0, 0, 0, 0, 0, 0, 0, 0, 0, 0, 0, 0, 0, 0, 0, 0, 0, 0, 0, 0, 0, 0, 0, 0, 0, 0, 0, 0, 0, 0, 0, 0, 0, 0, 0, 0, 0, 0, 0, 0, 0, 0, 0, 0, 0, 0, 0, 0.0016605778, 0.0015975761, 0.0015791217, 0.0016871009, 0.001838288, 0.0019158305, 0.0020644579, 0.0022018703, 0.002266682, 0.002390147, 0.002507184, 0.0025637334, 0.0026733596, 0.0027784887, 0.0028789393, 0.0029271743, 0.003018268, 0.0030994918, 0.0031352548, 0.003195246, 0.0032386184, 0.0032652433, 0.0032723176, 0.0032745095, 0.0032619191, 0.0032505346, 0.0032182743, 0.0031735129, 0.0031463907, 0.0030827501, 0.003007294, 0.0029217151, 0.0028758254, 0.002779414, 0.0026785764, 0.0026269117, 0.0025212804, 0.0024118193, 0.0022964869, 0.002235601, 0.0021057136, 0.0019687065, 0.0019040531, 0.0018191744, 0.0018741325
0, 0, 0, 0, 0, 0, 0, 0, 0, 0, 0, 0, 0, 0, 0, 0, 0, 0, 0, 0, 0, 0, 0, 0, 0, 0, 0, 0, 0, 0, 0, 0, 0, 0, 0, 0, 0, 0, 0, 0, 0, 0, 0, 0, 0, 0, 0, 0, 0, 0, 0, 0, 0, 0, 0, 0, 0, 0, 0, 0, 0, 0, 0, 0, 0, 0, 0, 0, 0, 0, 0, 0, 0, 0, 0, 0, 0, 0, 0, 0, 0, 0, 0, 0, 0, 0, 0, 0, 0, 0, 0, 0, 0, 0, 0, 0, 0, 0, 0, 0, 0, 0, 0, 0, 0, 0.0018719608, 0.0017992075, 0.0017482587, 0.0018323414, 0.0019684462, 0.0020410472, 0.0021842688, 0.002320765, 0.0023861558, 0.0025113048, 0.0026288005, 0.0026844835, 0.0027889516, 0.0028833, 0.0029670333, 0.0030049095, 0.0030723673, 0.0031279344, 0.0031507616, 0.003185942, 0.003207153, 0.0032150275, 0.0032141244, 0.0032032873, 0.0031814591, 0.003166856, 0.0031307552, 0.003085049, 0.0030582158, 0.002995793, 0.0029210325, 0.002834306, 0.0027869071, 0.0026859313, 0.002579618, 0.0025254313, 0.0024158913, 0.0023046974, 0.002190023, 0.0021304376, 0.0020053573, 0.0018760734, 0.0018161386, 0.0017407892, 0.001800784
0, 0, 0, 0, 0, 0, 0, 0, 0, 0, 0, 0, 0, 0, 0, 0, 0, 0, 0, 0, 0, 0, 0, 0, 0, 0, 0, 0, 0, 0, 0, 0, 0, 0, 0, 0, 0, 0, 0, 0, 0, 0, 0, 0, 0, 0, 0, 0, 0, 0, 0, 0, 0, 0, 0, 0, 0, 0, 0, 0, 0, 0, 0, 0, 0, 0, 0, 0, 0, 0, 0, 0, 0, 0, 0, 0, 0, 0, 0, 0, 0, 0, 0, 0, 0, 0, 0, 0, 0, 0, 0, 0, 0, 0, 0, 0, 0, 0, 0, 0, 0, 0, 0, 0, 0, 0.0026173936, 0.0022670615, 0.002011084, 0.0020297286, 0.0021337338, 0.0021952363, 0.002322091, 0.0024471476, 0.0025079022, 0.0026245592, 0.002732622, 0.0027826326, 0.0028729038, 0.0029484425, 0.0030087223, 0.00303341, 0.0030729836, 0.0031004108, 0.0031098868, 0.003121075, 0.0031228783, 0.0031162847, 0.0031100425, 0.0030919686, 0.003067034, 0.0030522388, 0.0030178335, 0.0029757281, 0.0029511193, 0.0028932132, 0.0028221782, 0.0027372462, 0.0026898303, 0.0025870714, 0.0024775327, 0.0024215998, 0.0023092274, 0.0021964125, 0.0020816214, 0.0020226892, 0.0019009594, 0.0017784875, 0.0017232349, 0.0016580628, 0.0017240741
0, 0, 0, 0, 0, 0, 0, 0, 0, 0, 0, 0, 0, 0, 0, 0, 0, 0, 0, 0, 0, 0, 0, 0, 0, 0, 0, 0, 0, 0, 0, 0, 0, 0, 0, 0, 0, 0, 0, 0, 0, 0, 0, 0, 0, 0, 0, 0, 0, 0, 0, 0, 0, 0, 0, 0, 0, 0, 0, 0, 0, 0, 0, 0, 0, 0, 0, 0, 0, 0, 0, 0, 0, 0, 0, 0, 0, 0, 0, 0, 0, 0, 0, 0, 0, 0, 0, 0, 0, 0, 0, 0, 0, 0, 0, 0, 0, 0, 0, 0, 0, 0, 0, 0, 0, 0.0025023306, 0.0023135452, 0.0021518036, 0.002178402, 0.0022727915, 0.00232779, 0.0024406002, 0.0025513563, 0.002604998, 0.002707078, 0.0027996823, 0.0028412838, 0.002912827, 0.0029666552, 0.0030023644, 0.0030140015, 0.0030268978, 0.0030286605, 0.0030263946, 0.0030173543, 0.0030041134, 0.0029878744, 0.0029787053, 0.0029581203, 0.0029344433, 0.0029213654, 0.002891622, 0.002854863, 0.002832816, 0.0027794396, 0.002711981, 0.0026293828, 0.002582672, 0.0024803549, 0.0023705994, 0.0023146095, 0.002202614, 0.0020912585, 0.0019791056, 0.0019220781, 0.0018058312, 0.0016916322, 0.0016414255, 0.0015865598, 0.0016587445
0, 0, 0, 0, 0, 0, 0, 0, 0, 0, 0, 0, 0, 0, 0, 0, 0, 0, 0, 0, 0, 0, 0, 0, 0, 0, 0, 0, 0, 0, 0, 0, 0, 0, 0, 0, 0, 0, 0, 0, 0, 0, 0, 0, 0, 0, 0, 0, 0, 0, 0, 0, 0, 0, 0, 0, 0, 0, 0, 0, 0, 0, 0, 0, 0, 0, 0, 0, 0, 0, 0, 0, 0, 0, 0, 0, 0, 0, 0, 0, 0, 0, 0, 0, 0, 0, 0, 0, 0, 0, 0, 0, 0, 0, 0, 0, 0, 0, 0, 0, 0, 0, 0, 0, 0, 0.002300914, 0.0022029234, 0.0021570905, 0.002233114, 0.0023450456, 0.0024024087, 0.0025123286, 0.0026139324, 0.0026615276, 0.0027498906, 0.002827365, 0.0028610413, 0.0029160322, 0.002952356, 0.0029692596, 0.0029710762, 0.0029639099, 0.0029463363, 0.0029351814, 0.0029108597, 0.0028864397, 0.0028634272, 0.0028523935, 0.0028307235, 0.0028087758, 0.0027972134, 0.0027710414, 0.0027374388, 0.002716537, 0.0026645737, 0.0025978556, 0.0025161915, 0.0024701448, 0.0023698444, 0.0022630948, 0.0022091, 0.0021020484, 0.0019969058, 0.001892226, 0.0018394388, 0.0017327165, 0.0016293491, 0.0015846858, 0.0015398242, 0.0016174539
0, 0, 0, 0, 0, 0, 0, 0, 0, 0, 0, 0, 0, 0, 0, 0, 0, 0, 0, 0, 0, 0, 0, 0, 0, 0, 0, 0, 0, 0, 0, 0, 0, 0, 0, 0, 0, 0, 0, 0, 0, 0, 0, 0, 0, 0, 0, 0, 0, 0, 0, 0, 0, 0, 0, 0, 0, 0, 0, 0, 0, 0, 0, 0, 0, 0, 0, 0, 0, 0, 0, 0, 0, 0, 0, 0, 0, 0, 0, 0, 0, 0, 0, 0, 0, 0, 0, 0, 0, 0, 0, 0, 0, 0, 0, 0, 0, 0, 0, 0, 0, 0, 0, 0, 0, 0.0021535147, 0.002088856, 0.0021029438, 0.0022194525, 0.0023550573, 0.0024192038, 0.0025348328, 0.0026343788, 0.0026789897, 0.0027590275, 0.002826896, 0.0028557635, 0.002901713, 0.0029296535, 0.0029382473, 0.00293568, 0.002919028, 0.002891271, 0.0028750782, 0.002841336, 0.0028090675, 0.0027801048, 0.0027668532, 0.00274205, 0.0027182251, 0.0027058944, 0.0026781945, 0.002642501, 0.002620327, 0.002565748, 0.002496879, 0.0024146733, 0.002369272, 0.002272213, 0.0021712102, 0.0021208182, 0.0020220997, 0.0019264137, 0.0018320908, 0.0017848567, 0.0016897523, 0.0015980013, 0.001558724, 0.0015225695, 0.0016044202
0, 0, 0, 0, 0, 0, 0, 0, 0, 0, 0, 0, 0, 0, 0, 0, 0, 0, 0, 0, 0, 0, 0, 0, 0, 0, 0, 0, 0, 0, 0, 0, 0, 0, 0, 0, 0, 0, 0, 0, 0, 0, 0, 0, 0, 0, 0, 0, 0, 0, 0, 0, 0, 0, 0, 0, 0, 0, 0, 0, 0, 0, 0, 0, 0, 0, 0, 0, 0, 0, 0, 0, 0, 0, 0, 0, 0, 0, 0, 0, 0, 0, 0, 0, 0, 0, 0, 0, 0, 0, 0, 0, 0, 0, 0, 0, 0, 0, 0, 0, 0, 0, 0, 0, 0, 0.0020645037, 0.0020101238, 0.002045247, 0.0021806762, 0.002331399, 0.0024011757, 0.0025240092, 0.0026258873, 0.0026703293, 0.0027486328, 0.0028146124, 0.0028429544, 0.0028891326, 0.002919084, 0.002930881, 0.0029298933, 0.0029157896, 0.002889019, 0.0028725616, 0.002836924, 0.0028010672, 0.0027671563, 0.0027509795, 0.0027196256, 0.002688264, 0.002671809, 0.0026354848, 0.0025915618, 0.002565726, 0.0025051883, 0.0024328497, 0.0023500484, 0.0023055086, 0.0022125621, 0.0021180052, 0.0020714246, 0.0019808072, 0.0018933326, 0.0018074439, 0.0017645746, 0.001678345, 0.0015948471, 0.001559091, 0.0015281094, 0.0016121117
0, 0, 0, 0, 0, 0, 0, 0, 0, 0, 0, 0, 0, 0, 0, 0, 0, 0, 0, 0, 0, 0, 0, 0, 0, 0, 0, 0, 0, 0, 0, 0, 0, 0, 0, 0, 0, 0, 0, 0, 0, 0, 0, 0, 0, 0, 0, 0, 0, 0, 0, 0, 0, 0, 0, 0, 0, 0, 0, 0, 0, 0, 0, 0, 0, 0, 0, 0, 0, 0, 0, 0, 0, 0, 0, 0, 0, 0, 0, 0, 0, 0, 0, 0, 0, 0, 0, 0, 0, 0, 0, 0, 0, 0, 0, 0, 0, 0, 0, 0, 0, 0, 0, 0, 0, 0.002018822, 0.001966907, 0.0020053072, 0.002144119, 0.0022992946, 0.002371477, 0.002498871, 0.0026046287, 0.0026508437, 0.0027330697, 0.0028042307, 0.0028359257, 0.0028905757, 0.0029312894, 0.0029556062, 0.0029613164, 0.0029604705, 0.0029454883, 0.00293386, 0.002904967, 0.0028713816, 0.0028352267, 0.0028162615, 0.0027763413, 0.002732979, 0.0027097368, 0.0026593283, 0.0026024221, 0.002571172, 0.0025027352, 0.002426675, 0.0023437242, 0.00230021, 0.0022108643, 0.0021210045, 0.0020767436, 0.0019899788, 0.0019051002, 0.0018209018, 0.0017786749, 0.0016935406, 0.0016105875, 0.0015748328, 0.0015434015, 0.0016268739
0, 0, 0, 0, 0, 0, 0, 0, 0, 0, 0, 0, 0, 0, 0, 0, 0, 0, 0, 0, 0, 0, 0, 0, 0, 0, 0, 0, 0, 0, 0, 0, 0, 0, 0, 0, 0, 0, 0, 0, 0, 0, 0, 0, 0, 0, 0, 0, 0, 0, 0, 0, 0, 0, 0, 0, 0, 0, 0, 0, 0, 0, 0, 0, 0, 0, 0, 0, 0, 0, 0, 0, 0, 0, 0, 0, 0, 0, 0, 0, 0, 0, 0, 0, 0, 0, 0, 0, 0, 0, 0, 0, 0, 0, 0, 0, 0, 0, 0, 0, 0, 0, 0, 0, 0, 0.001997948, 0.001946105, 0.0019816628, 0.0021163765, 0.002269209, 0.0023413275, 0.0024707785, 0.0025812543, 0.002630691, 0.002721033, 0.0028026847, 0.0028405613, 0.0029093714, 0.002966466, 0.003009165, 0.0030246836, 0.0030439545, 0.0030483988, 0.0030456246, 0.0030312922, 0.0030068257, 0.002973157, 0.002952916, 0.0029056037, 0.0028496347, 0.0028188778, 0.0027525204, 0.002680739, 0.0026432653, 0.002565881, 0.00248562, 0.002402275, 0.0023594173, 0.0022717267, 0.0021829056, 0.0021384219, 0.0020492896, 0.0019593718, 0.0018680553, 0.0018217633, 0.0017279402, 0.001636356, 0.0015966818, 0.0015589664, 0.0016394753
0, 0, 0, 0, 0, 0, 0, 0, 0, 0, 0, 0, 0, 0, 0, 0, 0, 0, 0, 0, 0, 0, 0, 0, 0, 0, 0, 0, 0, 0, 0, 0, 0, 0, 0, 0, 0, 0, 0, 0, 0, 0, 0, 0, 0, 0, 0, 0, 0, 0, 0, 0, 0, 0, 0, 0, 0, 0, 0, 0, 0, 0, 0, 0, 0, 0, 0, 0, 0, 0, 0, 0, 0, 0, 0, 0, 0, 0, 0, 0, 0, 0, 0, 0, 0, 0, 0, 0, 0, 0, 0, 0, 0, 0, 0, 0, 0, 0, 0, 0, 0, 0, 0, 0, 0, 0.0019845893, 0.0019322614, 0.0019637349, 0.0020925642, 0.00224126, 0.0023126064, 0.0024436847, 0.002559988, 0.0026136995, 0.002714765, 0.0028097255, 0.0028551745, 0.0029406934, 0.0030163107, 0.0030792905, 0.003105512, 0.0031469658, 0.0031740374, 0.0031822096, 0.0031878117, 0.0031785206, 0.003153418, 0.003134633, 0.003084473, 0.003019405, 0.0029824164, 0.0029020559, 0.0028165006, 0.0027730425, 0.0026865094, 0.0026011053, 0.0025158485, 0.0024725997, 0.0023839695, 0.0022924282, 0.00224545, 0.0021487563, 0.0020478861, 0.001942839, 0.0018889116, 0.0017790869, 0.0016720771, 0.0016255709, 0.0015774172, 0.0016534623
0, 0, 0, 0, 0, 0, 0, 0, 0, 0, 0, 0, 0, 0, 0, 0, 0, 0, 0, 0, 0, 0, 0, 0, 0, 0, 0, 0, 0, 0, 0, 0, 0, 0, 0, 0, 0, 0, 0, 0, 0, 0, 0, 0, 0, 0, 0, 0, 0, 0, 0, 0, 0, 0, 0, 0, 0, 0, 0, 0, 0, 0, 0, 0, 0, 0, 0, 0, 0, 0, 0, 0, 0, 0, 0, 0, 0, 0, 0, 0, 0, 0, 0, 0, 0, 0, 0, 0, 0, 0, 0, 0, 0, 0, 0, 0, 0, 0, 0, 0, 0, 0, 0, 0, 0, 0.001966329, 0.0019138611, 0.0019424066, 0.0020670986, 0.0022133566, 0.0022847308, 0.0024188466, 0.0025421118, 0.002600573, 0.002713141, 0.0028217614, 0.0028746538, 0.002976225, 0.003069317, 0.003151044, 0.0031870625, 0.0032491742, 0.0032980584, 0.0033172779, 0.0033443691, 0.003353895, 0.0033425386, 0.0033280826, 0.003281243, 0.0032130273, 0.0031725494, 0.00308302, 0.0029874798, 0.0029393272, 0.0028447923, 0.0027536564, 0.0026643407, 0.0026194016, 0.0025272535, 0.0024305326, 0.0023800295, 0.0022741233, 0.00216113, 0.0020411913, 0.0019789173, 0.001851414, 0.0017269442, 0.0016725989, 0.0016121706, 0.0016828821
0, 0, 0, 0, 0, 0, 0, 0, 0, 0, 0, 0, 0, 0, 0, 0, 0, 0, 0, 0, 0, 0, 0, 0, 0, 0, 0, 0, 0, 0, 0, 0, 0, 0, 0, 0, 0, 0, 0, 0, 0, 0, 0, 0, 0, 0, 0, 0, 0, 0, 0, 0, 0, 0, 0, 0, 0, 0, 0, 0, 0, 0, 0, 0, 0, 0, 0, 0, 0, 0, 0, 0, 0, 0, 0, 0, 0, 0, 0, 0, 0, 0, 0, 0, 0, 0, 0, 0, 0, 0, 0, 0, 0, 0, 0, 0, 0, 0, 0, 0, 0, 0, 0, 0, 0, 0.0019360696, 0.0018843386, 0.001912608, 0.002036863, 0.0021844197, 0.0022574642, 0.0023970979, 0.0025284153, 0.0025917052, 0.002715065, 0.0028355676, 0.0028947417, 0.0030094984, 0.0031166994, 0.0032135, 0.003257515, 0.0033366068, 0.0034036853, 0.0034325202, 0.003479076, 0.0035072358, 0.0035116344, 0.0035034078, 0.0034651624, 0.0034002932, 0.0033598167, 0.0032678782, 0.0031679552, 0.003117176, 0.0030169988, 0.0029200113, 0.0028248178, 0.002777092, 0.00267941, 0.0025767798, 0.002523098, 0.002410094, 0.0022886395, 0.002158166, 0.0020897305, 0.0019483364, 0.0018089839, 0.0017473509, 0.0016744534, 0.0017391794
0, 0, 0, 0, 0, 0, 0, 0, 0, 0, 0, 0, 0, 0, 0, 0, 0, 0, 0, 0, 0, 0, 0, 0, 0, 0, 0, 0, 0, 0, 0, 0, 0, 0, 0, 0, 0, 0, 0, 0, 0, 0, 0, 0, 0, 0, 0, 0, 0, 0, 0, 0, 0, 0, 0, 0, 0, 0, 0, 0, 0, 0, 0, 0, 0, 0, 0, 0, 0, 0, 0, 0, 0, 0, 0, 0, 0, 0, 0, 0, 0, 0, 0, 0, 0, 0, 0, 0, 0, 0, 0, 0, 0, 0, 0, 0, 0, 0, 0, 0, 0, 0, 0, 0, 0, 0.0018913291, 0.0018411728, 0.0018719243, 0.0019997526, 0.0021530043, 0.0022296314, 0.0023776204, 0.0025182327, 0.002586307, 0.0027193082, 0.002849334, 0.002913263, 0.003037663, 0.003155092, 0.0032629545, 0.0033129149, 0.0034045216, 0.0034850277, 0.0035209171, 0.0035821311, 0.0036251212, 0.0036437062, 0.0036420608, 0.0036153295, 0.003559399, 0.0035223803, 0.0034352485, 0.0033373893, 0.003286584, 0.0031840834, 0.0030820402, 0.002980441, 0.002929296, 0.0028251046, 0.0027168978, 0.0026608773, 0.002543999, 0.0024190764, 0.002284156, 0.0022128087, 0.002063597, 0.0019138932, 0.0018463457, 0.0017619283, 0.0018201047
0, 0, 0, 0, 0, 0, 0, 0, 0, 0, 0, 0, 0, 0, 0, 0, 0, 0, 0, 0, 0, 0, 0, 0, 0, 0, 0, 0, 0, 0, 0, 0, 0, 0, 0, 0, 0, 0, 0, 0, 0, 0, 0, 0, 0, 0, 0, 0, 0, 0, 0, 0, 0, 0, 0, 0, 0, 0, 0, 0, 0, 0, 0, 0, 0, 0, 0, 0, 0, 0, 0, 0, 0, 0, 0, 0, 0, 0, 0, 0, 0, 0, 0, 0, 0, 0, 0, 0, 0, 0, 0, 0, 0, 0, 0, 0, 0, 0, 0, 0, 0, 0, 0, 0, 0, 0.0018326232, 0.001784803, 0.0018204857, 0.0019551674, 0.0021174727, 0.0021991294, 0.0023574021, 0.0025079788, 0.0025807815, 0.0027224214, 0.00286024, 0.0029278297, 0.0030595905, 0.0031847206, 0.0033008466, 0.0033550332, 0.0034553907, 0.0035448107, 0.0035851207, 0.0036551442, 0.0037073337, 0.003736028, 0.0037399323, 0.0037250337, 0.0036814106, 0.003650383, 0.003574094, 0.0034845169, 0.0034364737, 0.003336184, 0.0032323226, 0.003125918, 0.003071702, 0.0029611147, 0.0028472682, 0.0027890047, 0.0026690417, 0.002542369, 0.00240602, 0.0023336068, 0.0021806948, 0.0020241165, 0.0019519416, 0.0018573344, 0.0019093251
0, 0, 0, 0, 0, 0, 0, 0, 0, 0, 0, 0, 0, 0, 0, 0, 0, 0, 0, 0, 0, 0, 0, 0, 0, 0, 0, 0, 0, 0, 0, 0, 0, 0, 0, 0, 0, 0, 0, 0, 0, 0, 0, 0, 0, 0, 0, 0, 0, 0, 0, 0, 0, 0, 0, 0, 0, 0, 0, 0, 0, 0, 0, 0, 0, 0, 0, 0, 0, 0, 0, 0, 0, 0, 0, 0, 0, 0, 0, 0, 0, 0, 0, 0, 0, 0, 0, 0, 0, 0, 0, 0, 0, 0, 0, 0, 0, 0, 0, 0, 0, 0, 0, 0, 0, 0.0017633925, 0.0017194332, 0.0017637388, 0.0019079451, 0.0020801614, 0.0021667613, 0.0023344292, 0.002493564, 0.0025702736, 0.00271915, 0.0028635222, 0.0029342128, 0.0030722811, 0.0032039862, 0.0033268908, 0.0033844765, 0.0034914545, 0.0035867447, 0.0036295692, 0.0037039358, 0.0037603811, 0.0037946876, 0.003802258, 0.0037971074, 0.0037661607, 0.0037422252, 0.0036805277, 0.0036040635, 0.0035614935, 0.0034693033, 0.0033691647, 0.0032620225, 0.0032061003, 0.0030900668, 0.0029694948, 0.0029078308, 0.0027816677, 0.002650024, 0.002509845, 0.0024356071, 0.0022785051, 0.002115937, 0.0020399594, 0.0019369634, 0.001984212
0, 0, 0, 0, 0, 0, 0, 0, 0, 0, 0, 0, 0, 0, 0, 0, 0, 0, 0, 0, 0, 0, 0, 0, 0, 0, 0, 0, 0, 0, 0, 0, 0, 0, 0, 0, 0, 0, 0, 0, 0, 0, 0, 0, 0, 0, 0, 0, 0, 0, 0, 0, 0, 0, 0, 0, 0, 0, 0, 0, 0, 0, 0, 0, 0, 0, 0, 0, 0, 0, 0, 0, 0, 0, 0, 0, 0, 0, 0, 0, 0, 0, 0, 0, 0, 0, 0, 0, 0, 0, 0, 0, 0, 0, 0, 0, 0, 0, 0, 0, 0, 0, 0, 0, 0, 0.0016972213, 0.0016603034, 0.0017179545, 0.0018714678, 0.0020497742, 0.0021387064, 0.0023105151, 0.0024737741, 0.0025525526, 0.0027057694, 0.0028545095, 0.0029274558, 0.0030700844, 0.0032067702, 0.0033350834, 0.003395517, 0.0035079194, 0.003607825, 0.0036523566, 0.0037291003, 0.0037871597, 0.0038238252, 0.0038335125, 0.0038353554, 0.0038154533, 0.0037983393, 0.0037520113, 0.0036913943, 0.0036562912, 0.0035773772, 0.0034865804, 0.0033836553, 0.00332768, 0.0032075539, 0.003078903, 0.0030121761, 0.0028751083, 0.0027326143, 0.0025828944, 0.0025045266, 0.0023399773, 0.0021706403, 0.0020914276, 0.001982755, 0.0020276997
0, 0, 0, 0, 0, 0, 0, 0, 0, 0, 0, 0, 0, 0, 0, 0, 0, 0, 0, 0, 0, 0, 0, 0, 0, 0, 0, 0, 0, 0, 0, 0, 0, 0, 0, 0, 0, 0, 0, 0, 0, 0, 0, 0, 0, 0, 0, 0, 0, 0, 0, 0, 0, 0, 0, 0, 0, 0, 0, 0, 0, 0, 0, 0, 0, 0, 0, 0, 0, 0, 0, 0, 0, 0, 0, 0, 0, 0, 0, 0, 0, 0, 0, 0, 0, 0, 0, 0, 0, 0, 0, 0, 0, 0, 0, 0, 0, 0, 0, 0, 0, 0, 0, 0, 0, 0.0016748381, 0.0016473918, 0.0017146351, 0.0018668642, 0.0020389662, 0.0021244325, 0.002290401, 0.0024497628, 0.002527429, 0.0026797617, 0.0028286816, 0.002902014, 0.0030457436, 0.0031840364, 0.0033149736, 0.003377126, 0.0034933474, 0.0035967934, 0.0036428252, 0.0037214884, 0.0037804686, 0.0038185802, 0.0038297419, 0.0038370762, 0.0038264473, 0.0038154502, 0.0037833112, 0.003738735, 0.0037118236, 0.0036483484, 0.0035700565, 0.003474461, 0.003419702, 0.0032971844, 0.0031603756, 0.003088055, 0.0029377497, 0.0027811343, 0.0026182418, 0.0025340635, 0.0023600073, 0.0021840478, 0.002102584, 0.0019916499, 0.0020375934
0, 0, 0, 0, 0, 0, 0, 0, 0, 0, 0, 0, 0, 0, 0, 0, 0, 0, 0, 0, 0, 0, 0, 0, 0, 0, 0, 0, 0, 0, 0, 0, 0, 0, 0, 0, 0, 0, 0, 0, 0, 0, 0, 0, 0, 0, 0, 0, 0, 0, 0, 0, 0, 0, 0, 0, 0, 0, 0, 0, 0, 0, 0, 0, 0, 0, 0, 0, 0, 0, 0, 0, 0, 0, 0, 0, 0, 0, 0, 0, 0, 0, 0, 0, 0, 0, 0, 0, 0, 0, 0, 0, 0, 0, 0, 0, 0, 0, 0, 0, 0, 0, 0, 0, 0, 0.0017917334, 0.0017501793, 0.0017846124, 0.0019067618, 0.0020534, 0.0021279822, 0.0022757999, 0.0024217651, 0.0024942767, 0.0026387828, 0.0027823928, 0.0028535668, 0.002993525, 0.0031289463, 0.003258216, 0.0033200777, 0.0034367887, 0.0035413192, 0.0035878841, 0.0036676184, 0.0037278882, 0.0037684045, 0.0037815713, 0.0037951048, 0.0037936114, 0.0037882072, 0.0037690292, 0.0037388252, 0.0037193059, 0.0036698857, 0.0036034184, 0.0035154943, 0.0034627116, 0.003340187, 0.0031985976, 0.0031224485, 0.0029624195, 0.0027948166, 0.002621181, 0.0025322128, 0.0023504833, 0.0021701993, 0.002087916, 0.0019780868, 0.0020278718
0, 0, 0, 0, 0, 0, 0, 0, 0, 0, 0, 0, 0, 0, 0, 0, 0, 0, 0, 0, 0, 0, 0, 0, 0, 0, 0, 0, 0, 0, 0, 0, 0, 0, 0, 0, 0, 0, 0, 0, 0, 0, 0, 0, 0, 0, 0, 0, 0, 0, 0, 0, 0, 0, 0, 0, 0, 0, 0, 0, 0, 0, 0, 0, 0, 0, 0, 0, 0, 0, 0, 0, 0, 0, 0, 0, 0, 0, 0, 0, 0, 0, 0, 0, 0, 0, 0, 0, 0, 0, 0, 0, 0, 0, 0, 0, 0, 0, 0, 0, 0, 0, 0, 0, 0.002952846, 0.002142744, 0.0019744316, 0.0018974751, 0.001966479, 0.0020775138, 0.0021377832, 0.0022616992, 0.0023886152, 0.0024531519, 0.0025844614, 0.0027176489, 0.0027843677, 0.0029162574, 0.0030443547, 0.0031672649, 0.0032264036, 0.0033385367, 0.0034398276, 0.0034853283, 0.0035640374, 0.003625248, 0.0036693, 0.0036853782, 0.0037067547, 0.0037156083, 0.0037159577, 0.0037091156, 0.0036915564, 0.0036781642, 0.0036399453, 0.0035827556, 0.0035018986, 0.0034518158, 0.0033330333, 0.0031933668, 0.0031175811, 0.0029572723, 0.0027881924, 0.0026123791, 0.002522255, 0.0023384762, 0.0021573594, 0.0020753928, 0.0019682297, 0.002022669
0, 0, 0, 0, 0, 0, 0, 0, 0, 0, 0, 0, 0, 0, 0, 0, 0, 0, 0, 0, 0, 0, 0, 0, 0, 0, 0, 0, 0, 0, 0, 0, 0, 0, 0, 0, 0, 0, 0, 0, 0, 0, 0, 0, 0, 0, 0, 0, 0, 0, 0, 0, 0, 0, 0, 0, 0, 0, 0, 0, 0, 0, 0, 0, 0, 0, 0, 0, 0, 0, 0, 0, 0, 0, 0, 0, 0, 0, 0, 0, 0, 0, 0, 0, 0, 0, 0, 0, 0, 0, 0, 0, 0, 0, 0, 0, 0, 0, 0, 0, 0, 0, 0, 0, 0.0024667403, 0.0020959203, 0.001986169, 0.0019321451, 0.0019893937, 0.002083079, 0.002134572, 0.0022415505, 0.0023524526, 0.00240959, 0.002526917, 0.0026477277, 0.002708786, 0.002829931, 0.0029478555, 0.0030608126, 0.0031150337, 0.0032179144, 0.0033114117, 0.0033537494, 0.0034282743, 0.0034887262, 0.0035358358, 0.0035547977, 0.0035843765, 0.003604071, 0.0036104287, 0.0036158983, 0.003610081, 0.003602068, 0.0035733003, 0.0035242536, 0.0034509737, 0.0034048283, 0.0032947378, 0.0031653552, 0.0030951356, 0.0029462653, 0.0027880133, 0.002621251, 0.0025347094, 0.0023558072, 0.0021768396, 0.0020953135, 0.0019891844, 0.0020464452
0, 0, 0, 0, 0, 0, 0, 0, 0, 0, 0, 0, 0, 0, 0, 0, 0, 0, 0, 0, 0, 0, 0, 0, 0, 0, 0, 0, 0, 0, 0, 0, 0, 0, 0, 0, 0, 0, 0, 0, 0, 0, 0, 0, 0, 0, 0, 0, 0, 0, 0, 0, 0, 0, 0, 0, 0, 0, 0, 0, 0, 0, 0, 0, 0, 0, 0, 0, 0, 0, 0, 0, 0, 0, 0, 0, 0, 0, 0, 0, 0, 0, 0, 0, 0, 0, 0, 0, 0, 0, 0, 0, 0, 0, 0, 0, 0, 0, 0, 0, 0, 0, 0, 0, 0.002107846, 0.0019026425, 0.0018566054, 0.0018730816, 0.0019583984, 0.0020615326, 0.002114141, 0.0022189466, 0.002323919, 0.0023770204, 0.0024849721, 0.0025951061, 0.002650577, 0.0027607772, 0.0028674686, 0.0029686866, 0.0030168353, 0.003107776, 0.003190526, 0.0032283745, 0.003296121, 0.0033534663, 0.0034014464, 0.0034222638, 0.0034584473, 0.0034876703, 0.0034995633, 0.0035165409, 0.0035217602, 0.0035187309, 0.0034989202, 0.00345816, 0.003394131, 0.0033535298, 0.0032573307, 0.0031454924, 0.003085145, 0.0029570693, 0.0028193714, 0.0026706, 0.0025912982, 0.0024224892, 0.0022469054, 0.002164887, 0.0020554638, 0.0021113933
0, 0, 0, 0, 0, 0, 0, 0, 0, 0, 0, 0, 0, 0, 0, 0, 0, 0, 0, 0, 0, 0, 0, 0, 0, 0, 0, 0, 0, 0, 0, 0, 0, 0, 0, 0, 0, 0, 0, 0, 0, 0, 0, 0, 0, 0, 0, 0, 0, 0, 0, 0, 0, 0, 0, 0, 0, 0, 0, 0, 0, 0, 0, 0, 0, 0, 0, 0, 0, 0, 0, 0, 0, 0, 0, 0, 0, 0, 0, 0, 0, 0, 0, 0, 0, 0, 0, 0, 0, 0, 0, 0, 0, 0, 0, 0, 0, 0, 0, 0, 0, 0, 0, 0, 0.0018665114, 0.0017269952, 0.0017168655, 0.0017895134, 0.0019105555, 0.0020353177, 0.0020951119, 0.0022092324, 0.002318007, 0.0023711422, 0.0024759953, 0.0025794767, 0.00263076, 0.0027313551, 0.0028274176, 0.002917212, 0.0029594144, 0.0030386988, 0.0031110467, 0.0031444528, 0.0032051445, 0.0032581817, 0.0033047406, 0.0033261322, 0.0033658994, 0.0034015735, 0.0034173885, 0.00344292, 0.00345669, 0.0034577574, 0.0034457417, 0.0034130781, 0.0033594482, 0.003325394, 0.003245752, 0.0031547432, 0.0031059722, 0.0030021432, 0.0028882462, 0.002760497, 0.0026898638, 0.0025329865, 0.0023606408, 0.0022769999, 0.0021604458, 0.0022116872
0, 0, 0, 0, 0, 0, 0, 0, 0, 0, 0, 0, 0, 0, 0, 0, 0, 0, 0, 0, 0, 0, 0, 0, 0, 0, 0, 0, 0, 0, 0, 0, 0, 0, 0, 0, 0, 0, 0, 0, 0, 0, 0, 0, 0, 0, 0, 0, 0, 0, 0, 0, 0, 0, 0, 0, 0, 0, 0, 0, 0, 0, 0, 0, 0, 0, 0, 0, 0, 0, 0, 0, 0, 0, 0, 0, 0, 0, 0, 0, 0, 0, 0, 0, 0, 0, 0, 0, 0, 0, 0, 0, 0, 0, 0, 0, 0, 0, 0, 0, 0, 0, 0, 0, 0.0017442601, 0.001643102, 0.0016522754, 0.0017541699, 0.0018954654, 0.0020353158, 0.0021012435, 0.0022255746, 0.0023416237, 0.0023969992, 0.0025032605, 0.0026042785, 0.0026530742, 0.0027471408, 0.0028353885, 0.002916792, 0.002954773, 0.0030258503, 0.0030911302, 0.0031215325, 0.0031774894, 0.003227003, 0.0032713676, 0.0032922036, 0.0033321974, 0.0033694773, 0.0033864186, 0.003414577, 0.0034315272, 0.003434394, 0.0034269104, 0.0034005323, 0.0033561164, 0.0033280863, 0.0032632714, 0.0031899193, 0.0031506433, 0.0030664597, 0.0029721297, 0.0028623363, 0.0027994157, 0.00265425, 0.0024867584, 0.0024027212, 0.0022817245, 0.0023310648
0, 0, 0, 0, 0, 0, 0, 0, 0, 0, 0, 0, 0, 0, 0, 0, 0, 0, 0, 0, 0, 0, 0, 0, 0, 0, 0, 0, 0, 0, 0, 0, 0, 0, 0, 0, 0, 0, 0, 0, 0, 0, 0, 0, 0, 0, 0, 0, 0, 0, 0, 0, 0, 0, 0, 0, 0, 0, 0, 0, 0, 0, 0, 0, 0, 0, 0, 0, 0, 0, 0, 0, 0, 0, 0, 0, 0, 0, 0, 0, 0, 0, 0, 0, 0, 0, 0, 0, 0, 0, 0, 0, 0, 0, 0, 0, 0, 0, 0, 0, 0, 0, 0, 0, 0.001822712, 0.0017151284, 0.0017158154, 0.001804011, 0.0019376036, 0.002075001, 0.0021413765, 0.0022683532, 0.0023882182, 0.0024455057, 0.0025543487, 0.002655897, 0.0027041368, 0.0027959133, 0.0028812746, 0.0029597108, 0.0029963304, 0.0030650652, 0.0031284417, 0.0031581372, 0.0032129076, 0.003261076, 0.003303575, 0.0033232183, 0.0033601064, 0.003393151, 0.0034076406, 0.0034306399, 0.0034430777, 0.0034444677, 0.0034359463, 0.0034115985, 0.0033723246, 0.003347921, 0.0032915496, 0.0032270926, 0.0031922068, 0.0031167, 0.0030313965, 0.002931178, 0.00287337, 0.0027388025, 0.0025822832, 0.0025038715, 0.002395115, 0.0024604946
0, 0, 0, 0, 0, 0, 0, 0, 0, 0, 0, 0, 0, 0, 0, 0, 0, 0, 0, 0, 0, 0, 0, 0, 0, 0, 0, 0, 0, 0, 0, 0, 0, 0, 0, 0, 0, 0, 0, 0, 0, 0, 0, 0, 0, 0, 0, 0, 0, 0, 0, 0, 0, 0, 0, 0, 0, 0, 0, 0, 0, 0, 0, 0, 0, 0, 0, 0, 0, 0, 0, 0, 0, 0, 0, 0, 0, 0, 0, 0, 0, 0, 0, 0, 0, 0, 0, 0, 0, 0, 0, 0, 0, 0, 0, 0, 0, 0, 0, 0, 0, 0, 0, 0, 0.0024080758, 0.0019406887, 0.0018807848, 0.0019118396, 0.0020183197, 0.0021409588, 0.0022028254, 0.0023248636, 0.0024434258, 0.0025009622, 0.002611356, 0.0027149469, 0.002764061, 0.0028576287, 0.0029451076, 0.0030264158, 0.0030646583, 0.0031369342, 0.003203926, 0.0032351282, 0.0032921552, 0.0033410506, 0.0033818649, 0.003399537, 0.0034299763, 0.0034534056, 0.0034621155, 0.0034727496, 0.0034735263, 0.0034699694, 0.0034543541, 0.0034263586, 0.003386057, 0.0033615583, 0.00330464, 0.0032379606, 0.0032012695, 0.0031211618, 0.0030310617, 0.0029281152, 0.0028705192, 0.002741943, 0.002602777, 0.0025393397, 0.0024781278, 0.002611335
0, 0, 0, 0, 0, 0, 0, 0, 0, 0, 0, 0, 0, 0, 0, 0, 0, 0, 0, 0, 0, 0, 0, 0, 0, 0, 0, 0, 0, 0, 0, 0, 0, 0, 0, 0, 0, 0, 0, 0, 0, 0, 0, 0, 0, 0, 0, 0, 0, 0, 0, 0, 0, 0, 0, 0, 0, 0, 0, 0, 0, 0, 0, 0, 0, 0, 0, 0, 0, 0, 0, 0, 0, 0, 0, 0, 0, 0, 0, 0, 0, 0, 0, 0, 0, 0, 0, 0, 0, 0, 0, 0, 0, 0, 0, 0, 0, 0, 0, 0, 0, 0, 0, 0, 0.0022525666, 0.0019873795, 0.0019500819, 0.0019871122, 0.0020864566, 0.002201411, 0.002260061, 0.0023772998, 0.002493336, 0.0025503708, 0.0026614715, 0.0027672816, 0.0028180254, 0.0029153088, 0.0030076467, 0.0030948634, 0.0031365093, 0.003215865, 0.0032895117, 0.0033236162, 0.003384746, 0.003435005, 0.0034734919, 0.0034883663, 0.003509485, 0.0035194317, 0.003520334, 0.0035144847, 0.0034996031, 0.0034890603, 0.0034615828, 0.0034246324, 0.003376989, 0.003348727, 0.0032829007, 0.0032046083, 0.0031608632, 0.0030645197, 0.0029567862, 0.0028373078, 0.002773062, 0.0026380713, 0.0025104259, 0.0024649506, 0.0024857854, 0.0027960169
0, 0, 0, 0, 0, 0, 0, 0, 0, 0, 0, 0, 0, 0, 0, 0, 0, 0, 0, 0, 0, 0, 0, 0, 0, 0, 0, 0, 0, 0, 0, 0, 0, 0, 0, 0, 0, 0, 0, 0, 0, 0, 0, 0, 0, 0, 0, 0, 0, 0, 0, 0, 0, 0, 0, 0, 0, 0, 0, 0, 0, 0, 0, 0, 0, 0, 0, 0, 0, 0, 0, 0, 0, 0, 0, 0, 0, 0, 0, 0, 0, 0, 0, 0, 0, 0, 0, 0, 0, 0, 0, 0, 0, 0, 0, 0, 0, 0, 0, 0, 0, 0, 0, 0, 0.0020201693, 0.0018978593, 0.0019021936, 0.00198401, 0.002103398, 0.0022283248, 0.0022899949, 0.0024109315, 0.002529118, 0.0025870823, 0.0027000986, 0.0028079832, 0.0028598758, 0.0029600419, 0.0030560044, 0.0031480691, 0.0031925642, 0.003277794, 0.0033566942, 0.003392995, 0.0034571174, 0.0035078884, 0.0035435401, 0.0035553854, 0.0035669887, 0.0035634805, 0.003556717, 0.003534874, 0.0035044095, 0.0034864268, 0.0034452605, 0.0033958468, 0.0033358962, 0.003301212, 0.0032210022, 0.0031254364, 0.003071681, 0.0029529769, 0.0028205167, 0.0026754176, 0.0025986528, 0.002441178, 0.0022991234, 0.0022532085, 0.0023140726, 0.0028828138
0, 0, 0, 0, 0, 0, 0, 0, 0, 0, 0, 0, 0, 0, 0, 0, 0, 0, 0, 0, 0, 0, 0, 0, 0, 0, 0, 0, 0, 0, 0, 0, 0, 0, 0, 0, 0, 0, 0, 0, 0, 0, 0, 0, 0, 0, 0, 0, 0, 0, 0, 0, 0, 0, 0, 0, 0, 0, 0, 0, 0, 0, 0, 0, 0, 0, 0, 0, 0, 0, 0, 0, 0, 0, 0, 0, 0, 0, 0, 0, 0, 0, 0, 0, 0, 0, 0, 0, 0, 0, 0, 0, 0, 0, 0, 0, 0, 0, 0, 0, 0, 0, 0, 0, 0.0018232916, 0.0017643534, 0.0017955229, 0.0019187183, 0.0020676989, 0.0022143687, 0.0022845746, 0.002418821, 0.0025461132, 0.0026074944, 0.002725203, 0.0028356155, 0.002888305, 0.0029889536, 0.0030848633, 0.0031768389, 0.0032213489, 0.0033066843, 0.0033854926, 0.0034215543, 0.0034851888, 0.0035350353, 0.0035684376, 0.0035783225, 0.0035839297, 0.003571703, 0.0035598017, 0.003526975, 0.0034847788, 0.0034606734, 0.0034066746, 0.0033436532, 0.003269308, 0.0032269366, 0.003130246, 0.0030161326, 0.0029524078, 0.002812091, 0.0026562822, 0.0024865912, 0.0023971656, 0.0022128012, 0.0020366043, 0.0019651845, 0.0019124522, 0.0020311056
0, 0, 0, 0, 0, 0, 0, 0, 0, 0, 0, 0, 0, 0, 0, 0, 0, 0, 0, 0, 0, 0, 0, 0, 0, 0, 0, 0, 0, 0, 0, 0, 0, 0, 0, 0, 0, 0, 0, 0, 0, 0, 0, 0, 0, 0, 0, 0, 0, 0, 0, 0, 0, 0, 0, 0, 0, 0, 0, 0, 0, 0, 0, 0, 0, 0, 0, 0, 0, 0, 0, 0, 0, 0, 0, 0, 0, 0, 0, 0, 0, 0, 0, 0, 0, 0, 0, 0, 0, 0, 0, 0, 0, 0, 0, 0, 0, 0, 0, 0, 0, 0, 0, 0, 0.0016642202, 0.0016367588, 0.0016828005, 0.0018326523, 0.0020053112, 0.0021732578, 0.0022531205, 0.0024040446, 0.0025443835, 0.0026107167, 0.0027356101, 0.002849746, 0.0029028535, 0.0030024, 0.003094796, 0.0031813013, 0.003222588, 0.0033011432, 0.0033733032, 0.0034064245, 0.0034654909, 0.003512824, 0.003545071, 0.003554648, 0.0035597, 0.003546435, 0.003533574, 0.0034976006, 0.0034500486, 0.003422247, 0.0033587276, 0.0032836953, 0.0031953403, 0.003145516, 0.0030335141, 0.0029038799, 0.0028323845, 0.002676908, 0.0025064456, 0.0023229318, 0.002227095, 0.0020303593, 0.001840935, 0.001761465, 0.0016855334, 0.0017800463
0, 0, 0, 0, 0, 0, 0, 0, 0, 0, 0, 0, 0, 0, 0, 0, 0, 0, 0, 0, 0, 0, 0, 0, 0, 0, 0, 0, 0, 0, 0, 0, 0, 0, 0, 0, 0, 0, 0, 0, 0, 0, 0, 0, 0, 0, 0, 0, 0, 0, 0, 0, 0, 0, 0, 0, 0, 0, 0, 0, 0, 0, 0, 0, 0, 0, 0, 0, 0, 0, 0, 0, 0, 0, 0, 0, 0, 0, 0, 0, 0, 0, 0, 0, 0, 0, 0, 0, 0, 0, 0, 0, 0, 0, 0, 0, 0, 0, 0, 0, 0, 0, 0, 0, 0.0015628531, 0.0015574093, 0.001610202, 0.0017695219, 0.0019512248, 0.0021300218, 0.0022158434, 0.0023789795, 0.0025304093, 0.00260146, 0.0027335223, 0.0028518508, 0.0029058403, 0.0030043863, 0.0030919572, 0.0031702605, 0.003206378, 0.0032735318, 0.0033344754, 0.003362686, 0.0034141396, 0.0034570112, 0.0034883071, 0.0034986383, 0.0035073708, 0.0034994204, 0.0034892599, 0.0034574799, 0.0034111075, 0.0033826195, 0.0033146392, 0.0032316532, 0.0031327978, 0.0030772767, 0.0029540947, 0.0028148585, 0.002739407, 0.0025779053, 0.0024040893, 0.0022201857, 0.002125218, 0.0019331073, 0.0017533216, 0.0016812222, 0.0016258311, 0.0017397767
0, 0, 0, 0, 0, 0, 0, 0, 0, 0, 0, 0, 0, 0, 0, 0, 0, 0, 0, 0, 0, 0, 0, 0, 0, 0, 0, 0, 0, 0, 0, 0, 0, 0, 0, 0, 0, 0, 0, 0, 0, 0, 0, 0, 0, 0, 0, 0, 0, 0, 0, 0, 0, 0, 0, 0, 0, 0, 0, 0, 0, 0, 0, 0, 0, 0, 0, 0, 0, 0, 0, 0, 0, 0, 0, 0, 0, 0, 0, 0, 0, 0, 0, 0, 0, 0, 0, 0, 0, 0, 0, 0, 0, 0, 0, 0, 0, 0, 0, 0, 0, 0, 0, 0, 0.0015988783, 0.0015756737, 0.0016183304, 0.0017608671, 0.0019322463, 0.00210708, 0.0021928179, 0.002358609, 0.0025145812, 0.0025880435, 0.0027247297, 0.0028464813, 0.0029015227, 0.0030001388, 0.003083904, 0.0031545272, 0.003185476, 0.00324081, 0.0032896448, 0.0033122783, 0.0033542102, 0.003390705, 0.0034194433, 0.003430067, 0.003442332, 0.0034410215, 0.0034346727, 0.0034101177, 0.0033691805, 0.0033423582, 0.003275421, 0.0031903423, 0.00308735, 0.0030295341, 0.002902275, 0.0027612085, 0.0026861473, 0.0025280404, 0.0023609358, 0.002186541, 0.0020971964, 0.0019179469, 0.0017535005, 0.0016901785, 0.0016534398, 0.0017801337
0, 0, 0, 0, 0, 0, 0, 0, 0, 0, 0, 0, 0, 0, 0, 0, 0, 0, 0, 0, 0, 0, 0, 0, 0, 0, 0, 0, 0, 0, 0, 0, 0, 0, 0, 0, 0, 0, 0, 0, 0, 0, 0, 0, 0, 0, 0, 0, 0, 0, 0, 0, 0, 0, 0, 0, 0, 0, 0, 0, 0, 0, 0, 0, 0, 0, 0, 0, 0, 0, 0, 0, 0, 0, 0, 0, 0, 0, 0, 0, 0, 0, 0, 0, 0, 0, 0, 0, 0, 0, 0, 0, 0, 0, 0, 0, 0, 0, 0, 0, 0, 0, 0, 0.0025519074, 0.0018661261, 0.0016874011, 0.0016990718, 0.001805393, 0.001954423, 0.0021145835, 0.0021951552, 0.0023540459, 0.0025062556, 0.0025787645, 0.002714771, 0.0028372009, 0.0028926851, 0.002991697, 0.003074056, 0.0031401042, 0.0031677568, 0.0032146985, 0.003253709, 0.0032713613, 0.003303661, 0.0033317595, 0.0033545422, 0.0033634156, 0.0033745656, 0.0033752522, 0.0033708902, 0.0033510744, 0.0033151398, 0.0032907436, 0.0032282446, 0.0031471562, 0.0030480418, 0.0029923304, 0.0028701543, 0.0027365647, 0.0026663367, 0.002520504, 0.0023679824, 0.002209049, 0.00212735, 0.0019623588, 0.0018099283, 0.0017516485, 0.0017235937, 0.0018573948
0, 0, 0, 0, 0, 0, 0, 0, 0, 0, 0, 0, 0, 0, 0, 0, 0, 0, 0, 0, 0, 0, 0, 0, 0, 0, 0, 0, 0, 0, 0, 0, 0, 0, 0, 0, 0, 0, 0, 0, 0, 0, 0, 0, 0, 0, 0, 0, 0, 0, 0, 0, 0, 0, 0, 0, 0, 0, 0, 0, 0, 0, 0, 0, 0, 0, 0, 0, 0, 0, 0, 0, 0, 0, 0, 0, 0, 0, 0, 0, 0, 0, 0, 0, 0, 0, 0, 0, 0, 0, 0, 0, 0, 0, 0, 0, 0, 0, 0, 0, 0, 0, 0, 0.002154455, 0.0018479078, 0.0017492122, 0.0017684299, 0.0018700365, 0.0020051687, 0.0021499933, 0.0022232605, 0.0023688616, 0.0025101756, 0.0025781114, 0.002707168, 0.0028253584, 0.0028797898, 0.0029779533, 0.0030601635, 0.0031256056, 0.0031523732, 0.003196051, 0.0032298183, 0.0032439095, 0.0032678607, 0.0032864835, 0.0032998582, 0.003304273, 0.0033076927, 0.0033026994, 0.003296449, 0.0032749642, 0.0032402407, 0.003217367, 0.0031600555, 0.0030870654, 0.0029986685, 0.0029491023, 0.0028410845, 0.0027238056, 0.0026627318, 0.0025367008, 0.002404751, 0.0022653812, 0.002192583, 0.0020425913, 0.0019002842, 0.0018452868, 0.0018224376, 0.0019637677
0, 0, 0, 0, 0, 0, 0, 0, 0, 0, 0, 0, 0, 0, 0, 0, 0, 0, 0, 0, 0, 0, 0, 0, 0, 0, 0, 0, 0, 0, 0, 0, 0, 0, 0, 0, 0, 0, 0, 0, 0, 0, 0, 0, 0, 0, 0, 0, 0, 0, 0, 0, 0, 0, 0, 0, 0, 0, 0, 0, 0, 0, 0, 0, 0, 0, 0, 0, 0, 0, 0, 0, 0, 0, 0, 0, 0, 0, 0, 0, 0, 0, 0, 0, 0, 0, 0, 0, 0, 0, 0, 0, 0, 0, 0, 0, 0, 0, 0, 0, 0, 0, 0, 0.0019234506, 0.0017746905, 0.0017783005, 0.0018219996, 0.0019422672, 0.002074721, 0.0022073172, 0.0022728494, 0.0024018483, 0.0025268076, 0.0025871673, 0.0027031857, 0.0028114952, 0.002862509, 0.0029566998, 0.0030383978, 0.003105402, 0.003133192, 0.003178277, 0.0032114186, 0.0032240022, 0.003242557, 0.0032526886, 0.0032549982, 0.0032531852, 0.0032437406, 0.0032265147, 0.0032149558, 0.003185318, 0.0031466559, 0.003123702, 0.0030701305, 0.0030062436, 0.0029319557, 0.0028910276, 0.0028027417, 0.0027078332, 0.0026586477, 0.0025566423, 0.0024483504, 0.0023307407, 0.002267843, 0.0021355306, 0.0020083073, 0.0019603565, 0.0019533397, 0.0021128156
0, 0, 0, 0, 0, 0, 0, 0, 0, 0, 0, 0, 0, 0, 0, 0, 0, 0, 0, 0, 0, 0, 0, 0, 0, 0, 0, 0, 0, 0, 0, 0, 0, 0, 0, 0, 0, 0, 0, 0, 0, 0, 0, 0, 0, 0, 0, 0, 0, 0, 0, 0, 0, 0, 0, 0, 0, 0, 0, 0, 0, 0, 0, 0, 0, 0, 0, 0, 0, 0, 0, 0, 0, 0, 0, 0, 0, 0, 0, 0, 0, 0, 0, 0, 0, 0, 0, 0, 0, 0, 0, 0, 0, 0, 0, 0, 0, 0, 0, 0, 0, 0, 0, 0.0019310616, 0.0018216452, 0.0018544984, 0.0019070487, 0.0020340974, 0.0021619191, 0.0022816786, 0.0023389282, 0.0024489672, 0.0025540441, 0.0026047654, 0.0027029002, 0.0027966276, 0.0028419136, 0.0029286372, 0.0030081032, 0.003076935, 0.0031067557, 0.0031562552, 0.003192482, 0.0032057057, 0.0032226825, 0.0032273137, 0.0032200757, 0.0032121863, 0.0031887554, 0.003156712, 0.003138095, 0.0030964965, 0.003050096, 0.0030253045, 0.0029728857, 0.0029163826, 0.0028552571, 0.0028229707, 0.0027547071, 0.002682484, 0.00264487, 0.002565673, 0.0024786922, 0.0023805073, 0.002326702, 0.0022131836, 0.0021103078, 0.0020794636, 0.002122417, 0.0023380355
0, 0, 0, 0, 0, 0, 0, 0, 0, 0, 0, 0, 0, 0, 0, 0, 0, 0, 0, 0, 0, 0, 0, 0, 0, 0, 0, 0, 0, 0, 0, 0, 0, 0, 0, 0, 0, 0, 0, 0, 0, 0, 0, 0, 0, 0, 0, 0, 0, 0, 0, 0, 0, 0, 0, 0, 0, 0, 0, 0, 0, 0, 0, 0, 0, 0, 0, 0, 0, 0, 0, 0, 0, 0, 0, 0, 0, 0, 0, 0, 0, 0, 0, 0, 0, 0, 0, 0, 0, 0, 0, 0, 0, 0, 0, 0, 0, 0, 0, 0, 0, 0, 0.0029394545, 0.0024693706, 0.0020238273, 0.0019887695, 0.0020300555, 0.002144203, 0.0022599648, 0.0023647882, 0.0024132528, 0.0025040363, 0.0025886165, 0.0026290398, 0.0027073831, 0.0027840256, 0.0028224364, 0.0028996505, 0.0029754916, 0.0030456982, 0.0030774602, 0.0031323228, 0.0031740195, 0.0031894334, 0.0032087578, 0.0032119562, 0.0031990064, 0.0031868694, 0.0031525127, 0.0031076372, 0.0030824235, 0.0030284454, 0.002972991, 0.0029452872, 0.0028909529, 0.0028380526, 0.0027857618, 0.0027594862, 0.0027061354, 0.0026504493, 0.0026211126, 0.0025576325, 0.0024840974, 0.002396611, 0.0023475022, 0.002244514, 0.0021645783, 0.0021582295, 0.0023054432, 0.002692548
0, 0, 0, 0, 0, 0, 0, 0, 0, 0, 0, 0, 0, 0, 0, 0, 0, 0, 0, 0, 0, 0, 0, 0, 0, 0, 0, 0, 0, 0, 0, 0, 0, 0, 0, 0, 0, 0, 0, 0, 0, 0, 0, 0, 0, 0, 0, 0, 0, 0, 0, 0, 0, 0, 0, 0, 0, 0, 0, 0, 0, 0, 0, 0, 0, 0, 0, 0, 0, 0, 0, 0, 0, 0, 0, 0, 0, 0, 0, 0, 0, 0, 0, 0, 0, 0, 0, 0, 0, 0, 0, 0, 0, 0, 0, 0, 0, 0, 0, 0, 0, 0, 0.0022240272, 0.0021409574, 0.002061249, 0.0021244, 0.002179571, 0.0022967272, 0.0024027734, 0.0024924064, 0.00253178, 0.00260137, 0.0026610864, 0.00268803, 0.0027389775, 0.0027905842, 0.0028183104, 0.0028791048, 0.0029460944, 0.0030150437, 0.0030485059, 0.0031102267, 0.0031610916, 0.0031812438, 0.0032091069, 0.0032181896, 0.0032075287, 0.0031949207, 0.003156248, 0.0031022402, 0.0030709447, 0.0030029742, 0.0029328808, 0.0028986, 0.0028333913, 0.002773841, 0.002719972, 0.0026945593, 0.0026452716, 0.0025948638, 0.0025678123, 0.002506895, 0.0024317862, 0.0023361854, 0.0022796853, 0.002152809, 0.0020334083, 0.0019987477, 0.0020462936, 0
0, 0, 0, 0, 0, 0, 0, 0, 0, 0, 0, 0, 0, 0, 0, 0, 0, 0, 0, 0, 0, 0, 0, 0, 0, 0, 0, 0, 0, 0, 0, 0, 0, 0, 0, 0, 0, 0, 0, 0, 0, 0, 0, 0, 0, 0, 0, 0, 0, 0, 0, 0, 0, 0, 0, 0, 0, 0, 0, 0, 0, 0, 0, 0, 0, 0, 0, 0, 0, 0, 0, 0, 0, 0, 0, 0, 0, 0, 0, 0, 0, 0, 0, 0, 0, 0, 0, 0, 0, 0, 0, 0, 0, 0, 0, 0, 0, 0, 0, 0, 0, 0, 0.0025756287, 0.0022772716, 0.0020733937, 0.002119349, 0.0021739304, 0.0022946212, 0.002407302, 0.0025044875, 0.0025474667, 0.0026226677, 0.002685384, 0.0027130153, 0.0027635787, 0.00281283, 0.0028386484, 0.0028946123, 0.002955609, 0.003019015, 0.0030502782, 0.003109002, 0.0031589074, 0.0031792347, 0.0032088314, 0.003221689, 0.0032165016, 0.0032069315, 0.0031745038, 0.0031256191, 0.0030960022, 0.0030291246, 0.0029568265, 0.002920201, 0.0028490024, 0.0027822705, 0.0027208936, 0.002691747, 0.0026349723, 0.0025765311, 0.002545212, 0.0024750684, 0.0023908284, 0.0022879378, 0.0022290172, 0.0021018512, 0.001991946, 0.0019673319, 0.002046519, 0
0, 0, 0, 0, 0, 0, 0, 0, 0, 0, 0, 0, 0, 0, 0, 0, 0, 0, 0, 0, 0, 0, 0, 0, 0, 0, 0, 0, 0, 0, 0, 0, 0, 0, 0, 0, 0, 0, 0, 0, 0, 0, 0, 0, 0, 0, 0, 0, 0, 0, 0, 0, 0, 0, 0, 0, 0, 0, 0, 0, 0, 0, 0, 0, 0, 0, 0, 0, 0, 0, 0, 0, 0, 0, 0, 0, 0, 0, 0, 0, 0, 0, 0, 0, 0, 0, 0, 0, 0, 0, 0, 0, 0, 0, 0, 0, 0, 0, 0, 0, 0, 0, 0.0022444213, 0.0020864515, 0.001973319, 0.0020380975, 0.0020973936, 0.0022286137, 0.0023559302, 0.0024704505, 0.0025221321, 0.0026136406, 0.002690139, 0.0027233788, 0.0027826505, 0.0028364023, 0.002862661, 0.0029154394, 0.002968747, 0.003021992, 0.0030480328, 0.0030972995, 0.003140022, 0.0031578569, 0.0031851486, 0.0031994674, 0.0031993291, 0.0031935272, 0.0031700628, 0.0031311044, 0.003106151, 0.00304659, 0.0029777058, 0.0029412452, 0.0028674635, 0.0027951766, 0.0027259963, 0.0026923565, 0.00262548, 0.0025555254, 0.0025180175, 0.0024353256, 0.0023397014, 0.0022296011, 0.002170194, 0.0020540575, 0.0019892296, 0.0020113261, 0.0022535312, 0
0, 0, 0, 0, 0, 0, 0, 0, 0, 0, 0, 0, 0, 0, 0, 0, 0, 0, 0, 0, 0, 0, 0, 0, 0, 0, 0, 0, 0, 0, 0, 0, 0, 0, 0, 0, 0, 0, 0, 0, 0, 0, 0, 0, 0, 0, 0, 0, 0, 0, 0, 0, 0, 0, 0, 0, 0, 0, 0, 0, 0, 0, 0, 0, 0, 0, 0, 0, 0, 0, 0, 0, 0, 0, 0, 0, 0, 0, 0, 0, 0, 0, 0, 0, 0, 0, 0, 0, 0, 0, 0, 0, 0, 0, 0, 0, 0, 0, 0, 0, 0, 0, 0.001872552, 0.0017969998, 0.0017859603, 0.0018923421, 0.0019629577, 0.002112284, 0.0022580991, 0.0023936385, 0.0024564357, 0.0025699565, 0.0026667002, 0.0027089317, 0.0027831807, 0.0028464259, 0.002874852, 0.0029264379, 0.0029715197, 0.0030116157, 0.0030302147, 0.0030644499, 0.0030937463, 0.0031061082, 0.0031256345, 0.0031371121, 0.0031390085, 0.0031360525, 0.0031214864, 0.0030947733, 0.0030763128, 0.0030293064, 0.0029701733, 0.0029370158, 0.0028662323, 0.0027924883, 0.0027179483, 0.002680347, 0.0026031495, 0.0025205633, 0.0024762747, 0.0023796149, 0.0022712948, 0.0021511656, 0.002088319, 0.0019711675, 0.0019249809, 0.0019781434, 0.0024386512, 0
0, 0, 0, 0, 0, 0, 0, 0, 0, 0, 0, 0, 0, 0, 0, 0, 0, 0, 0, 0, 0, 0, 0, 0, 0, 0, 0, 0, 0, 0, 0, 0, 0, 0, 0, 0, 0, 0, 0, 0, 0, 0, 0, 0, 0, 0, 0, 0, 0, 0, 0, 0, 0, 0, 0, 0, 0, 0, 0, 0, 0, 0, 0, 0, 0, 0, 0, 0, 0, 0, 0, 0, 0, 0, 0, 0, 0, 0, 0, 0, 0, 0, 0, 0, 0, 0, 0, 0, 0, 0, 0, 0, 0, 0, 0, 0, 0, 0, 0, 0, 0, 0, 0.0016083474, 0.001570019, 0.0016117108, 0.0017428735, 0.0018204633, 0.001980771, 0.002138648, 0.0022896326, 0.0023613556, 0.0024945913, 0.0026118015, 0.0026637763, 0.002755139, 0.0028305156, 0.0028624346, 0.0029151044, 0.0029534935, 0.0029807554, 0.0029911962, 0.003007662, 0.0030194416, 0.00302394, 0.0030306468, 0.0030342198, 0.0030340285, 0.0030322042, 0.003024465, 0.003009257, 0.0029978997, 0.0029663567, 0.0029217633, 0.0028946584, 0.0028322327, 0.0027615556, 0.0026849443, 0.0026445694, 0.0025589005, 0.0024648155, 0.0024142636, 0.0023056513, 0.002186364, 0.0020568394, 0.0019893697, 0.0018593718, 0.0017760542, 0.0017786799, 0.0018924121, 0
0, 0, 0, 0, 0, 0, 0, 0, 0, 0, 0, 0, 0, 0, 0, 0, 0, 0, 0, 0, 0, 0, 0, 0, 0, 0, 0, 0, 0, 0, 0, 0, 0, 0, 0, 0, 0, 0, 0, 0, 0, 0, 0, 0, 0, 0, 0, 0, 0, 0, 0, 0, 0, 0, 0, 0, 0, 0, 0, 0, 0, 0, 0, 0, 0, 0, 0, 0, 0, 0, 0, 0, 0, 0, 0, 0, 0, 0, 0, 0, 0, 0, 0, 0, 0, 0, 0, 0, 0, 0, 0, 0, 0, 0, 0, 0, 0, 0, 0, 0, 0, 0, 0.0015175329, 0.0014838525, 0.0015227331, 0.0016456384, 0.0017190772, 0.0018729663, 0.002028166, 0.002181397, 0.0022561247, 0.002399107, 0.0025295443, 0.0025888286, 0.0026940675, 0.0027802722, 0.0028158277, 0.0028710247, 0.0029058517, 0.0029232255, 0.0029269168, 0.0029273275, 0.0029219373, 0.0029179843, 0.0029100738, 0.002903415, 0.002898278, 0.002896312, 0.0028924171, 0.0028864138, 0.0028813963, 0.0028648055, 0.0028359117, 0.002816126, 0.002765323, 0.0027010757, 0.002625422, 0.0025835878, 0.0024917854, 0.0023892242, 0.0023341714, 0.0022169712, 0.0020917174, 0.0019601942, 0.0018940232, 0.0017731528, 0.0017091833, 0.0017250282, 0.0018708173, 0
0, 0, 0, 0, 0, 0, 0, 0, 0, 0, 0, 0, 0, 0, 0, 0, 0, 0, 0, 0, 0, 0, 0, 0, 0, 0, 0, 0, 0, 0, 0, 0, 0, 0, 0, 0, 0, 0, 0, 0, 0, 0, 0, 0, 0, 0, 0, 0, 0, 0, 0, 0, 0, 0, 0, 0, 0, 0, 0, 0, 0, 0, 0, 0, 0, 0, 0, 0, 0, 0, 0, 0, 0, 0, 0, 0, 0, 0, 0, 0, 0, 0, 0, 0, 0, 0, 0, 0, 0, 0, 0, 0, 0, 0, 0, 0, 0, 0, 0, 0, 0, 0.0022471158, 0.0016666749, 0.0015512945, 0.0015248047, 0.0016174593, 0.0016794511, 0.0018137166, 0.0019528783, 0.0020936597, 0.0021638894, 0.0023017048, 0.0024319957, 0.0024927312, 0.0026022233, 0.0026927318, 0.0027297377, 0.0027862089, 0.002819234, 0.002831593, 0.0028315636, 0.002822066, 0.0028049527, 0.0027951053, 0.002776047, 0.0027609007, 0.0027511716, 0.002748518, 0.0027466596, 0.002746652, 0.0027461953, 0.002740727, 0.0027249837, 0.0027117406, 0.002672606, 0.0026163345, 0.002543777, 0.0025015804, 0.0024064654, 0.0022983646, 0.0022402762, 0.0021176904, 0.001989207, 0.001860067, 0.0017989912, 0.0017038214, 0.0017074122, 0.0017836011, 0.002081594, 0
0, 0, 0, 0, 0, 0, 0, 0, 0, 0, 0, 0, 0, 0, 0, 0, 0, 0, 0, 0, 0, 0, 0, 0, 0, 0, 0, 0, 0, 0, 0, 0, 0, 0, 0, 0, 0, 0, 0, 0, 0, 0, 0, 0, 0, 0, 0, 0, 0, 0, 0, 0, 0, 0, 0, 0, 0, 0, 0, 0, 0, 0, 0, 0, 0, 0, 0, 0, 0, 0, 0, 0, 0, 0, 0, 0, 0, 0, 0, 0, 0, 0, 0, 0, 0, 0, 0, 0, 0, 0, 0, 0, 0, 0, 0, 0, 0, 0, 0, 0, 0, 0.0018602384, 0.0016108317, 0.0015491113, 0.0015529481, 0.0016402384, 0.001694956, 0.001810091, 0.0019270332, 0.0020447292, 0.002103708, 0.0022209287, 0.0023343288, 0.0023882315, 0.0024871365, 0.0025702193, 0.002604653, 0.002657664, 0.0026893083, 0.0027012455, 0.0027009167, 0.002690384, 0.0026708003, 0.0026594996, 0.0026372084, 0.0026191229, 0.0026076494, 0.0026047197, 0.002603687, 0.002606556, 0.0026081568, 0.002608671, 0.0026008382, 0.0025920821, 0.0025622987, 0.0025137677, 0.0024455127, 0.0024042341, 0.0023083538, 0.0021976004, 0.0021376908, 0.0020111848, 0.0018786816, 0.0017467639, 0.0016857638, 0.0015983424, 0.0016414408, 0.0017754739, 0.002448015, 0
0, 0, 0, 0, 0, 0, 0, 0, 0, 0, 0, 0, 0, 0, 0, 0, 0, 0, 0, 0, 0, 0, 0, 0, 0, 0, 0, 0, 0, 0, 0, 0, 0, 0, 0, 0, 0, 0, 0, 0, 0, 0, 0, 0, 0, 0, 0, 0, 0, 0, 0, 0, 0, 0, 0, 0, 0, 0, 0, 0, 0, 0, 0, 0, 0, 0, 0, 0, 0, 0, 0, 0, 0, 0, 0, 0, 0, 0, 0, 0, 0, 0, 0, 0, 0, 0, 0, 0, 0, 0, 0, 0, 0, 0, 0, 0, 0, 0, 0, 0, 0, 0.0016907834, 0.0015723658, 0.0015566784, 0.0016060058, 0.0017025134, 0.0017544564, 0.0018554186, 0.0019494557, 0.0020383357, 0.0020814312, 0.0021655886, 0.0022470555, 0.0022860311, 0.0023589307, 0.0024222748, 0.0024494687, 0.0024934697, 0.0025225477, 0.0025371383, 0.0025394347, 0.0025357103, 0.0025233096, 0.0025153311, 0.0024985375, 0.0024838531, 0.0024741886, 0.0024716193, 0.0024709192, 0.002473904, 0.0024757094, 0.0024769064, 0.0024711837, 0.00246439, 0.0024400554, 0.0023979316, 0.0023355193, 0.0022964014, 0.002203605, 0.0020940334, 0.00203418, 0.0019060632, 0.0017697781, 0.0016308771, 0.0015641502, 0.0014550805, 0.0014291254, 0.0014676332, 0, 0
0, 0, 0, 0, 0, 0, 0, 0, 0, 0, 0, 0, 0, 0, 0, 0, 0, 0, 0, 0, 0, 0, 0, 0, 0, 0, 0, 0, 0, 0, 0, 0, 0, 0, 0, 0, 0, 0, 0, 0, 0, 0, 0, 0, 0, 0, 0, 0, 0, 0, 0, 0, 0, 0, 0, 0, 0, 0, 0, 0, 0, 0, 0, 0, 0, 0, 0, 0, 0, 0, 0, 0, 0, 0, 0, 0, 0, 0, 0, 0, 0, 0, 0, 0, 0, 0, 0, 0, 0, 0, 0, 0, 0, 0, 0, 0, 0, 0, 0, 0, 0, 0.0020256888, 0.0016916369, 0.0016579385, 0.0017025527, 0.0017959933, 0.001843773, 0.0019301939, 0.0020016814, 0.0020601854, 0.002085676, 0.0021314514, 0.0021728773, 0.0021926314, 0.0022305462, 0.0022664529, 0.0022832844, 0.0023136064, 0.002338343, 0.0023565083, 0.0023630026, 0.0023703058, 0.002370809, 0.002369061, 0.0023632569, 0.0023563579, 0.0023507006, 0.0023488938, 0.00234753, 0.0023479094, 0.0023479227, 0.0023455338, 0.002337375, 0.002330233, 0.0023076192, 0.0022706385, 0.0022156695, 0.002180851, 0.002096737, 0.0019950173, 0.0019383781, 0.0018155653, 0.0016822685, 0.0015434546, 0.0014756443, 0.0013611454, 0.0013241834, 0.0013565776, 0, 0
0, 0, 0, 0, 0, 0, 0, 0, 0, 0, 0, 0, 0, 0, 0, 0, 0, 0, 0, 0, 0, 0, 0, 0, 0, 0, 0, 0, 0, 0, 0, 0, 0, 0, 0, 0, 0, 0, 0, 0, 0, 0, 0, 0, 0, 0, 0, 0, 0, 0, 0, 0, 0, 0, 0, 0, 0, 0, 0, 0, 0, 0, 0, 0, 0, 0, 0, 0, 0, 0, 0, 0, 0, 0, 0, 0, 0, 0, 0, 0, 0, 0, 0, 0, 0, 0, 0, 0, 0, 0, 0, 0, 0, 0, 0, 0, 0, 0, 0, 0, 0, 0.0019730376, 0.0017838613, 0.0017629474, 0.0018059799, 0.0018883719, 0.001929634, 0.002000834, 0.0020521604, 0.002084163, 0.0020942644, 0.0021056877, 0.0021103353, 0.0021118508, 0.0021161276, 0.0021246895, 0.002130834, 0.0021469346, 0.0021662603, 0.0021865936, 0.0021963106, 0.0022135389, 0.0022260468, 0.002230451, 0.0022355786, 0.0022363318, 0.0022339213, 0.0022319646, 0.0022274575, 0.002221992, 0.002218444, 0.0022090103, 0.0021953473, 0.0021865552, 0.002163809, 0.002131813, 0.0020868252, 0.0020586238, 0.0019897548, 0.0019044726, 0.0018561479, 0.0017493046, 0.0016307705, 0.0015061314, 0.0014453614, 0.0013460054, 0.0013287861, 0.001372913, 0, 0
0, 0, 0, 0, 0, 0, 0, 0, 0, 0, 0, 0, 0, 0, 0, 0, 0, 0, 0, 0, 0, 0, 0, 0, 0, 0, 0, 0, 0, 0, 0, 0, 0, 0, 0, 0, 0, 0, 0, 0, 0, 0, 0, 0, 0, 0, 0, 0, 0, 0, 0, 0, 0, 0, 0, 0, 0, 0, 0, 0, 0, 0, 0, 0, 0, 0, 0, 0, 0, 0, 0, 0, 0, 0, 0, 0, 0, 0, 0, 0, 0, 0, 0, 0, 0, 0, 0, 0, 0, 0, 0, 0, 0, 0, 0, 0, 0, 0, 0, 0, 0.0028080605, 0.0020996656, 0.0018494978, 0.0018250252, 0.0018600897, 0.0019315671, 0.0019672, 0.0020270273, 0.0020657056, 0.0020824242, 0.0020834, 0.002074087, 0.0020557744, 0.0020454777, 0.0020272734, 0.0020166487, 0.0020151602, 0.002019927, 0.0020336928, 0.00205298, 0.0020637265, 0.0020848487, 0.0021031082, 0.0021103723, 0.002120287, 0.0021232131, 0.0021192306, 0.0021151477, 0.0021036195, 0.00208882, 0.0020803865, 0.0020619594, 0.002042144, 0.0020316816, 0.002009631, 0.0019840447, 0.0019518707, 0.0019323003, 0.0018843177, 0.0018232529, 0.0017877875, 0.0017071005, 0.0016151604, 0.0015168485, 0.0014692674, 0.0013969168, 0.001407776, 0.00146502, 0, 0
0, 0, 0, 0, 0, 0, 0, 0, 0, 0, 0, 0, 0, 0, 0, 0, 0, 0, 0, 0, 0, 0, 0, 0, 0, 0, 0, 0, 0, 0, 0, 0, 0, 0, 0, 0, 0, 0, 0, 0, 0, 0, 0, 0, 0, 0, 0, 0, 0, 0, 0, 0, 0, 0, 0, 0, 0, 0, 0, 0, 0, 0, 0, 0, 0, 0, 0, 0, 0, 0, 0, 0, 0, 0, 0, 0, 0, 0, 0, 0, 0, 0, 0, 0, 0, 0, 0, 0, 0, 0, 0, 0, 0, 0, 0, 0, 0, 0, 0, 0, 0.0022389772, 0.0019119235, 0.0017701787, 0.0017654186, 0.0018151765, 0.0018884138, 0.0019236776, 0.0019823685, 0.0020205684, 0.0020368714, 0.0020374504, 0.0020264543, 0.0020047722, 0.0019922561, 0.001968506, 0.0019514674, 0.0019466273, 0.0019451937, 0.001953019, 0.0019669032, 0.001975026, 0.0019915649, 0.002005753, 0.00201097, 0.0020163285, 0.0020132556, 0.0020017035, 0.0019930392, 0.0019714297, 0.0019461459, 0.0019328349, 0.0019064297, 0.0018822445, 0.0018713574, 0.0018523165, 0.0018352445, 0.0018173718, 0.001807076, 0.0017817677, 0.0017477266, 0.0017269352, 0.0016767813, 0.0016160614, 0.0015496209, 0.0015185383, 0.0014831545, 0.0015406514, 0.0016228829, 0, 0
0, 0, 0, 0, 0, 0, 0, 0, 0, 0, 0, 0, 0, 0, 0, 0, 0, 0, 0, 0, 0, 0, 0, 0, 0, 0, 0, 0, 0, 0, 0, 0, 0, 0, 0, 0, 0, 0, 0, 0, 0, 0, 0, 0, 0, 0, 0, 0, 0, 0, 0, 0, 0, 0, 0, 0, 0, 0, 0, 0, 0, 0, 0, 0, 0, 0, 0, 0, 0, 0, 0, 0, 0, 0, 0, 0, 0, 0, 0, 0, 0, 0, 0, 0, 0, 0, 0, 0, 0, 0, 0, 0, 0, 0, 0, 0, 0, 0, 0, 0, 0.0017873743, 0.0016138841, 0.001575317, 0.0015979148, 0.001677076, 0.0017642203, 0.0018042244, 0.0018718316, 0.0019203813, 0.0019493025, 0.0019570112, 0.0019610391, 0.0019536791, 0.0019473946, 0.0019331247, 0.0019209287, 0.0019167379, 0.0019127105, 0.001913675, 0.0019170016, 0.0019187648, 0.0019217426, 0.0019223102, 0.001921029, 0.0019139571, 0.0018993184, 0.0018768865, 0.0018631285, 0.0018323667, 0.001799231, 0.0017828536, 0.0017525018, 0.0017278836, 0.0017181732, 0.0017041176, 0.0016959979, 0.0016910253, 0.0016888297, 0.0016827703, 0.00167171, 0.0016631166, 0.0016384728, 0.0016030197, 0.0015622333, 0.0015455842, 0.0015515509, 0.0016913502, 0.0018369296, 0, 0
0, 0, 0, 0, 0, 0, 0, 0, 0, 0, 0, 0, 0, 0, 0, 0, 0, 0, 0, 0, 0, 0, 0, 0, 0, 0, 0, 0, 0, 0, 0, 0, 0, 0, 0, 0, 0, 0, 0, 0, 0, 0, 0, 0, 0, 0, 0, 0, 0, 0, 0, 0, 0, 0, 0, 0, 0, 0, 0, 0, 0, 0, 0, 0, 0, 0, 0, 0, 0, 0, 0, 0, 0, 0, 0, 0, 0, 0, 0, 0, 0, 0, 0, 0, 0, 0, 0, 0, 0, 0, 0, 0, 0, 0, 0, 0, 0, 0, 0, 0, 0.0014581559, 0.0013533506, 0.0013685388, 0.0014074608, 0.0015065273, 0.0016058984, 0.0016511063, 0.0017298446, 0.0017920765, 0.0018386972, 0.0018566314, 0.001883157, 0.0018982788, 0.0019021614, 0.0019042693, 0.0019016803, 0.0018993331, 0.0018933004, 0.0018847783, 0.0018727706, 0.0018655786, 0.0018494084, 0.0018314852, 0.0018215647, 0.001799573, 0.0017732623, 0.0017425424, 0.0017258528, 0.0016912486, 0.0016568498, 0.0016407034, 0.0016123113, 0.0015912215, 0.001583876, 0.0015755023, 0.0015742418, 0.0015779401, 0.0015807672, 0.0015864548, 0.0015887048, 0.0015871291, 0.0015758739, 0.00155231, 0.001521411, 0.0015100016, 0.0015342316, 0.0017472245, 0.0020054749, 0, 0
0, 0, 0, 0, 0, 0, 0, 0, 0, 0, 0, 0, 0, 0, 0, 0, 0, 0, 0, 0, 0, 0, 0, 0, 0, 0, 0, 0, 0, 0, 0, 0, 0, 0, 0, 0, 0, 0, 0, 0, 0, 0, 0, 0, 0, 0, 0, 0, 0, 0, 0, 0, 0, 0, 0, 0, 0, 0, 0, 0, 0, 0, 0, 0, 0, 0, 0, 0, 0, 0, 0, 0, 0, 0, 0, 0, 0, 0, 0, 0, 0, 0, 0, 0, 0, 0, 0, 0, 0, 0, 0, 0, 0, 0, 0, 0, 0, 0, 0, 0, 0.0012811631, 0.0012072125, 0.0012319237, 0.0012715688, 0.001369768, 0.0014688518, 0.0015146862, 0.0015973825, 0.0016678097, 0.0017271624, 0.0017531571, 0.0017977426, 0.0018313326, 0.0018434512, 0.0018585883, 0.0018623924, 0.0018602352, 0.0018487365, 0.0018279385, 0.0017991244, 0.0017823813, 0.0017471453, 0.0017117813, 0.001694621, 0.0016616954, 0.00162951, 0.0015979079, 0.0015824124, 0.0015524391, 0.0015252511, 0.001512993, 0.0014924643, 0.0014781858, 0.0014735309, 0.0014693618, 0.0014711847, 0.0014773088, 0.0014814413, 0.00148961, 0.0014945302, 0.0014940263, 0.001484797, 0.0014621692, 0.0014303958, 0.0014171221, 0.001424709, 0.0015301086, 0.0016054679, 0, 0
0, 0, 0, 0, 0, 0, 0, 0, 0, 0, 0, 0, 0, 0, 0, 0, 0, 0, 0, 0, 0, 0, 0, 0, 0, 0, 0, 0, 0, 0, 0, 0, 0, 0, 0, 0, 0, 0, 0, 0, 0, 0, 0, 0, 0, 0, 0, 0, 0, 0, 0, 0, 0, 0, 0, 0, 0, 0, 0, 0, 0, 0, 0, 0, 0, 0, 0, 0, 0, 0, 0, 0, 0, 0, 0, 0, 0, 0, 0, 0, 0, 0, 0, 0, 0, 0, 0, 0, 0, 0, 0, 0, 0, 0, 0, 0, 0, 0, 0, 0, 0.0014399784, 0.0012033024, 0.001187475, 0.0012157216, 0.001296212, 0.0013821669, 0.0014230545, 0.0014985374, 0.0015656326, 0.0016256201, 0.0016530995, 0.0017023422, 0.0017408506, 0.0017551967, 0.0017726353, 0.001774112, 0.0017690833, 0.0017479544, 0.0017138055, 0.0016698646, 0.0016459083, 0.0015974464, 0.0015523547, 0.001532279, 0.0014971668, 0.0014683089, 0.0014448578, 0.001434857, 0.0014178811, 0.0014044214, 0.0013988251, 0.0013900817, 0.0013839519, 0.0013819162, 0.0013799117, 0.001380665, 0.0013837588, 0.0013855894, 0.0013888811, 0.0013883569, 0.0013852915, 0.0013716549, 0.0013466292, 0.0013177234, 0.0013099061, 0.0013466788, 0.0015241746, 0.0016464469, 0, 0
0, 0, 0, 0, 0, 0, 0, 0, 0, 0, 0, 0, 0, 0, 0, 0, 0, 0, 0, 0, 0, 0, 0, 0, 0, 0, 0, 0, 0, 0, 0, 0, 0, 0, 0, 0, 0, 0, 0, 0, 0, 0, 0, 0, 0, 0, 0, 0, 0, 0, 0, 0, 0, 0, 0, 0, 0, 0, 0, 0, 0, 0, 0, 0, 0, 0, 0, 0, 0, 0, 0, 0, 0, 0, 0, 0, 0, 0, 0, 0, 0, 0, 0, 0, 0, 0, 0, 0, 0, 0, 0, 0, 0, 0, 0, 0, 0, 0, 0, 0, 0.0013321564, 0.0011972478, 0.0011864709, 0.0012077978, 0.0012702283, 0.0013376526, 0.0013695845, 0.0014283679, 0.0014805685, 0.0015272659, 0.0015485197, 0.0015858659, 0.0016136025, 0.001622856, 0.0016301809, 0.0016213647, 0.0016108811, 0.0015787443, 0.0015339082, 0.0014813673, 0.0014542465, 0.0014024874, 0.0013583483, 0.0013403711, 0.00131298, 0.0012962909, 0.0012882674, 0.0012866795, 0.001287415, 0.0012906487, 0.0012927131, 0.001296139, 0.0012980008, 0.0012981285, 0.0012967385, 0.0012941088, 0.0012907974, 0.0012889808, 0.0012838839, 0.0012748206, 0.0012679385, 0.0012480968, 0.0012211604, 0.0011973372, 0.001196786, 0.001270643, 0.0015915075, 0.0018959721, 0, 0
0, 0, 0, 0, 0, 0, 0, 0, 0, 0, 0, 0, 0, 0, 0, 0, 0, 0, 0, 0, 0, 0, 0, 0, 0, 0, 0, 0, 0, 0, 0, 0, 0, 0, 0, 0, 0, 0, 0, 0, 0, 0, 0, 0, 0, 0, 0, 0, 0, 0, 0, 0, 0, 0, 0, 0, 0, 0, 0, 0, 0, 0, 0, 0, 0, 0, 0, 0, 0, 0, 0, 0, 0, 0, 0, 0, 0, 0, 0, 0, 0, 0, 0, 0, 0, 0, 0, 0, 0, 0, 0, 0, 0, 0, 0, 0, 0, 0, 0, 0.0017503158, 0.0013458024, 0.0011985074, 0.0011888997, 0.001205773, 0.0012531148, 0.0013013637, 0.0013230484, 0.0013604466, 0.0013900923, 0.0014133509, 0.0014227031, 0.0014363934, 0.0014419055, 0.0014411388, 0.0014309098, 0.0014085651, 0.0013927723, 0.0013529289, 0.001304737, 0.0012533922, 0.0012283087, 0.0011836425, 0.0011497112, 0.0011378686, 0.0011247826, 0.0011244235, 0.0011340345, 0.0011415924, 0.0011596228, 0.0011785309, 0.0011871867, 0.0012013793, 0.0012098227, 0.0012118185, 0.001211147, 0.001205657, 0.00119703, 0.0011918675, 0.0011791172, 0.0011623269, 0.0011522439, 0.0011281827, 0.0011014985, 0.001082813, 0.0010848151, 0.0011414625, 0.0012703686, 0, 0, 0
0, 0, 0, 0, 0, 0, 0, 0, 0, 0, 0, 0, 0, 0, 0, 0, 0, 0, 0, 0, 0, 0, 0, 0, 0, 0, 0, 0, 0, 0, 0, 0, 0, 0, 0, 0, 0, 0, 0, 0, 0, 0, 0, 0, 0, 0, 0, 0, 0, 0, 0, 0, 0, 0, 0, 0, 0, 0, 0, 0, 0, 0, 0, 0, 0, 0, 0, 0, 0, 0, 0, 0, 0, 0, 0, 0, 0, 0, 0, 0, 0, 0, 0, 0, 0, 0, 0, 0, 0, 0, 0, 0, 0, 0, 0, 0, 0, 0, 0, 0.0014400803, 0.0012546339, 0.0011604493, 0.00115739, 0.0011708613, 0.0012051837, 0.0012358836, 0.0012479245, 0.0012641631, 0.0012704649, 0.001268257, 0.0012643149, 0.0012516254, 0.0012326582, 0.0012212106, 0.001193804, 0.0011607594, 0.0011423527, 0.0011024311, 0.001060472, 0.0010199316, 0.0010016296, 0.0009713556, 0.00095269195, 0.0009483503, 0.0009501036, 0.000964315, 0.0009879208, 0.0010021817, 0.0010326727, 0.0010625218, 0.0010758787, 0.001097965, 0.001112449, 0.0011165888, 0.0011190809, 0.001115062, 0.0011056951, 0.0010992617, 0.0010831293, 0.0010624372, 0.0010505648, 0.0010246302, 0.001000903, 0.0009946252, 0.001009018, 0.0011120093, 0.0013166306, 0, 0, 0
0, 0, 0, 0, 0, 0, 0, 0, 0, 0, 0, 0, 0, 0, 0, 0, 0, 0, 0, 0, 0, 0, 0, 0, 0, 0, 0, 0, 0, 0, 0, 0, 0, 0, 0, 0, 0, 0, 0, 0, 0, 0, 0, 0, 0, 0, 0, 0, 0, 0, 0, 0, 0, 0, 0, 0, 0, 0, 0, 0, 0, 0, 0, 0, 0, 0, 0, 0, 0, 0, 0, 0, 0, 0, 0, 0, 0, 0, 0, 0, 0, 0, 0, 0, 0, 0, 0, 0, 0, 0, 0, 0, 0, 0, 0, 0, 0, 0, 0.0016820038, 0.0014583794, 0.0011715388, 0.0010793145, 0.0010737444, 0.0010828084, 0.0011045779, 0.001120712, 0.0011248072, 0.0011243948, 0.0011124295, 0.0010903873, 0.0010764371, 0.0010437386, 0.0010073062, 0.0009885858, 0.00095123705, 0.00091528683, 0.00089808, 0.00086614845, 0.00083787064, 0.00081428804, 0.00080470636, 0.0007913055, 0.00078717654, 0.00078917184, 0.0008014927, 0.0008236571, 0.0008531083, 0.000869682, 0.00090425106, 0.0009382833, 0.00095404394, 0.0009816443, 0.0010026855, 0.0010105808, 0.0010209543, 0.0010241229, 0.0010205585, 0.0010162696, 0.0010024686, 0.0009823216, 0.0009703414, 0.0009440911, 0.0009215751, 0.0009220715, 0.00094512524, 0.0011002871, 0.0015256493, 0, 0, 0
0, 0, 0, 0, 0, 0, 0, 0, 0, 0, 0, 0, 0, 0, 0, 0, 0, 0, 0, 0, 0, 0, 0, 0, 0, 0, 0, 0, 0, 0, 0, 0, 0, 0, 0, 0, 0, 0, 0, 0, 0, 0, 0, 0, 0, 0, 0, 0, 0, 0, 0, 0, 0, 0, 0, 0, 0, 0, 0, 0, 0, 0, 0, 0, 0, 0, 0, 0, 0, 0, 0, 0, 0, 0, 0, 0, 0, 0, 0, 0, 0, 0, 0, 0, 0, 0, 0, 0, 0, 0, 0, 0, 0, 0, 0, 0, 0, 0, 0.0012987813, 0.0011924385, 0.0010120643, 0.00094701553, 0.0009424142, 0.00094758323, 0.0009587736, 0.00096295145, 0.0009611833, 0.00094947696, 0.00092701166, 0.00089520804, 0.00087644317, 0.0008354771, 0.00079331355, 0.00077295065, 0.00073596364, 0.0007053048, 0.0006928725, 0.0006736749, 0.0006610612, 0.00065409904, 0.0006524909, 0.0006529556, 0.0006589344, 0.00066444976, 0.0006801771, 0.00070201425, 0.0007285963, 0.0007431509, 0.0007740526, 0.0008059893, 0.0008220923, 0.0008532372, 0.0008819544, 0.000894941, 0.0009170259, 0.0009328523, 0.0009409185, 0.0009416624, 0.000935944, 0.00092126697, 0.0009111729, 0.00088724366, 0.00086423365, 0.0008582534, 0.0008713564, 0.0009510211, 0, 0, 0, 0
0, 0, 0, 0, 0, 0, 0, 0, 0, 0, 0, 0, 0, 0, 0, 0, 0, 0, 0, 0, 0, 0, 0, 0, 0, 0, 0, 0, 0, 0, 0, 0, 0, 0, 0, 0, 0, 0, 0, 0, 0, 0, 0, 0, 0, 0, 0, 0, 0, 0, 0, 0, 0, 0, 0, 0, 0, 0, 0, 0, 0, 0, 0, 0, 0, 0, 0, 0, 0, 0, 0, 0, 0, 0, 0, 0, 0, 0, 0, 0, 0, 0, 0, 0, 0, 0, 0, 0, 0, 0, 0, 0, 0, 0, 0, 0, 0, 0, 0.0010055393, 0.00094126497, 0.00083593256, 0.0007993234, 0.0007964082, 0.0007982836, 0.0007994434, 0.0007934095, 0.00078719464, 0.00076826423, 0.0007415199, 0.00070834334, 0.00068980665, 0.0006512868, 0.000613572, 0.00059634785, 0.0005669758, 0.0005463251, 0.0005395425, 0.00053253904, 0.00053255307, 0.0005370427, 0.0005403732, 0.000548448, 0.0005583448, 0.0005641875, 0.00057732133, 0.0005926848, 0.0006103392, 0.0006204259, 0.00064332824, 0.0006706565, 0.0006860471, 0.00071935623, 0.000755025, 0.00077298714, 0.0008077414, 0.00083817705, 0.00086099043, 0.00086878496, 0.0008759376, 0.00087237824, 0.000866964, 0.0008510713, 0.00083401136, 0.00083230046, 0.00084706466, 0.00092911714, 0, 0, 0, 0
0, 0, 0, 0, 0, 0, 0, 0, 0, 0, 0, 0, 0, 0, 0, 0, 0, 0, 0, 0, 0, 0, 0, 0, 0, 0, 0, 0, 0, 0, 0, 0, 0, 0, 0, 0, 0, 0, 0, 0, 0, 0, 0, 0, 0, 0, 0, 0, 0, 0, 0, 0, 0, 0, 0, 0, 0, 0, 0, 0, 0, 0, 0, 0, 0, 0, 0, 0, 0, 0, 0, 0, 0, 0, 0, 0, 0, 0, 0, 0, 0, 0, 0, 0, 0, 0, 0, 0, 0, 0, 0, 0, 0, 0, 0, 0, 0, 0, 0.0008446216, 0.0007994926, 0.0007205847, 0.0006891084, 0.0006793435, 0.0006757957, 0.0006651898, 0.0006487323, 0.0006381592, 0.0006135963, 0.0005847139, 0.00055348454, 0.0005373549, 0.0005057977, 0.00047678218, 0.00046400333, 0.0004437318, 0.0004316384, 0.00042891657, 0.0004293829, 0.00043564235, 0.00044473575, 0.0004496564, 0.00045918164, 0.00046830944, 0.00047252135, 0.00048046527, 0.0004877191, 0.0004961756, 0.000501741, 0.0005173901, 0.00054045813, 0.000555131, 0.0005900264, 0.0006308072, 0.0006526162, 0.0006974773, 0.0007406856, 0.00077826297, 0.00079376897, 0.00081664504, 0.00082835957, 0.0008301634, 0.00082809065, 0.0008254982, 0.00084282993, 0.0008707753, 0.0009869353, 0, 0, 0, 0
0, 0, 0, 0, 0, 0, 0, 0, 0, 0, 0, 0, 0, 0, 0, 0, 0, 0, 0, 0, 0, 0, 0, 0, 0, 0, 0, 0, 0, 0, 0, 0, 0, 0, 0, 0, 0, 0, 0, 0, 0, 0, 0, 0, 0, 0, 0, 0, 0, 0, 0, 0, 0, 0, 0, 0, 0, 0, 0, 0, 0, 0, 0, 0, 0, 0, 0, 0, 0, 0, 0, 0, 0, 0, 0, 0, 0, 0, 0, 0, 0, 0, 0, 0, 0, 0, 0, 0, 0, 0, 0, 0, 0, 0, 0, 0, 0, 0, 0.00094490475, 0.0008240956, 0.00069265475, 0.00064015377, 0.00061397377, 0.000602674, 0.0005785691, 0.0005506628, 0.000535572, 0.00050415826, 0.00047221858, 0.0004413461, 0.00042677068, 0.00039959865, 0.00037617385, 0.00036612852, 0.00035061946, 0.00034160668, 0.00033990265, 0.00034145408, 0.00034785125, 0.0003560281, 0.00036027317, 0.00036818045, 0.00037508615, 0.0003782116, 0.00038292937, 0.00038614267, 0.0003899251, 0.00039342468, 0.00040579872, 0.00042791857, 0.0004428023, 0.00047921867, 0.0005232675, 0.00054743, 0.0005986137, 0.0006507486, 0.0006996872, 0.00072206627, 0.0007599561, 0.0007875949, 0.00079746434, 0.00081088924, 0.0008251188, 0.0008676745, 0.000915797, 0.0010957941, 0, 0, 0, 0
0, 0, 0, 0, 0, 0, 0, 0, 0, 0, 0, 0, 0, 0, 0, 0, 0, 0, 0, 0, 0, 0, 0, 0, 0, 0, 0, 0, 0, 0, 0, 0, 0, 0, 0, 0, 0, 0, 0, 0, 0, 0, 0, 0, 0, 0, 0, 0, 0, 0, 0, 0, 0, 0, 0, 0, 0, 0, 0, 0, 0, 0, 0, 0, 0, 0, 0, 0, 0, 0, 0, 0, 0, 0, 0, 0, 0, 0, 0, 0, 0, 0, 0, 0, 0, 0, 0, 0, 0, 0, 0, 0, 0, 0, 0, 0, 0, 0.0013544447, 0.00097652694, 0.0008448724, 0.00069560326, 0.0006277994, 0.00058799965, 0.0005708219, 0.0005354678, 0.0004976282, 0.0004782358, 0.00043957774, 0.00040245516, 0.0003681564, 0.0003524537, 0.00032404624, 0.0002994686, 0.00028858453, 0.00027062526, 0.00025806922, 0.00025409175, 0.000250867, 0.00025302896, 0.00025828008, 0.00026144052, 0.00026853327, 0.00027653133, 0.0002806119, 0.00028814463, 0.000294408, 0.00030111265, 0.000306175, 0.00032221997, 0.00034822582, 0.00036476378, 0.00040423457, 0.00045050215, 0.00047588232, 0.00053008524, 0.0005865387, 0.00064217654, 0.0006686693, 0.00071677286, 0.00075606006, 0.00077176833, 0.000796651, 0.0008218791, 0.00087891537, 0.00094062317, 0.0012055566, 0, 0, 0, 0
0, 0, 0, 0, 0, 0, 0, 0, 0, 0, 0, 0, 0, 0, 0, 0, 0, 0, 0, 0, 0, 0, 0, 0, 0, 0, 0, 0, 0, 0, 0, 0, 0, 0, 0, 0, 0, 0, 0, 0, 0, 0, 0, 0, 0, 0, 0, 0, 0, 0, 0, 0, 0, 0, 0, 0, 0, 0, 0, 0, 0, 0, 0, 0, 0, 0, 0, 0, 0, 0, 0, 0, 0, 0, 0, 0, 0, 0, 0, 0, 0, 0, 0, 0, 0, 0, 0, 0, 0, 0, 0, 0, 0, 0, 0, 0, 0, 0.0010648676, 0.00086320157, 0.0007761476, 0.0006657745, 0.00060780084, 0.0005681571, 0.0005496543, 0.0005103736, 0.0004677086, 0.00044565168, 0.00040152692, 0.00035883073, 0.00031906864, 0.00030058465, 0.00026632042, 0.00023538058, 0.00022105528, 0.00019521243, 0.00017420386, 0.00016578479, 0.00015426395, 0.0001502592, 0.00015277373, 0.00015602203, 0.0001659507, 0.00018015612, 0.00018830968, 0.00020561353, 0.00022268161, 0.00024082462, 0.00025141344, 0.00027798902, 0.00031283416, 0.0003329163, 0.00037757654, 0.0004267202, 0.00045275228, 0.00050710374, 0.0005635681, 0.0006194031, 0.00064643787, 0.00069650833, 0.00073899113, 0.00075673166, 0.0007860856, 0.0008153984, 0.00087003835, 0.00091854227, 0.0010420668, 0, 0, 0, 0
0, 0, 0, 0, 0, 0, 0, 0, 0, 0, 0, 0, 0, 0, 0, 0, 0, 0, 0, 0, 0, 0, 0, 0, 0, 0, 0, 0, 0, 0, 0, 0, 0, 0, 0, 0, 0, 0, 0, 0, 0, 0, 0, 0, 0, 0, 0, 0, 0, 0, 0, 0, 0, 0, 0, 0, 0, 0, 0, 0, 0, 0, 0, 0, 0, 0, 0, 0, 0, 0, 0, 0, 0, 0, 0, 0, 0, 0, 0, 0, 0, 0, 0, 0, 0, 0, 0, 0, 0, 0, 0, 0, 0, 0, 0, 0, 0, 0.00082787, 0.0007074825, 0.0006559914, 0.0005898014, 0.0005526351, 0.00052341697, 0.00050817203, 0.00047322124, 0.0004323144, 0.0004104629, 0.00036503293, 0.00031941335, 0.0002753061, 0.00025417478, 0.00021352619, 0.00017507897, 0.00015677903, 0.00012257685, 9.2424e-05, 7.957318e-05, 5.9677976e-05, 4.9871065e-05, 5.1072944e-05, 5.548478e-05, 7.193373e-05, 9.644156e-05, 0.0001111022, 0.00014333878, 0.00017760588, 0.00021338042, 0.00023255577, 0.00027480593, 0.0003221213, 0.00034715954, 0.00039835973, 0.00045030314, 0.0004760369, 0.00052784063, 0.0005791131, 0.0006283728, 0.00065182295, 0.00069459196, 0.00073087704, 0.00074647384, 0.00077454833, 0.00081029313, 0.00088710804, 0.0009571012, 0.0011435774, 0, 0, 0, 0
0, 0, 0, 0, 0, 0, 0, 0, 0, 0, 0, 0, 0, 0, 0, 0, 0, 0, 0, 0, 0, 0, 0, 0, 0, 0, 0, 0, 0, 0, 0, 0, 0, 0, 0, 0, 0, 0, 0, 0, 0, 0, 0, 0, 0, 0, 0, 0, 0, 0, 0, 0, 0, 0, 0, 0, 0, 0, 0, 0, 0, 0, 0, 0, 0, 0, 0, 0, 0, 0, 0, 0, 0, 0, 0, 0, 0, 0, 0, 0, 0, 0, 0, 0, 0, 0, 0, 0, 0, 0, 0, 0, 0, 0, 0, 0, 0, 0.0006388785, 0.00055998185, 0.00052545837, 0.0004824504, 0.0004591805, 0.00044023863, 0.00042942457, 0.00040269416, 0.00036860554, 0.00034951753, 0.0003082433, 0.00026467085, 0.00022045524, 0.00019840672, 0.00015476556, 0.00011221807, 9.164303e-05, 5.2558175e-05, 1.7027325e-05, 1.3603685e-06, -2.348159e-05, -3.6776422e-05, -3.532327e-05, -2.887811e-05, -5.371543e-06, 3.0469939e-05, 5.217605e-05, 0.00010073327, 0.00015395241, 0.00020959064, 0.00023829746, 0.00029749074, 0.00035762548, 0.00038725967, 0.00044400114, 0.00049612, 0.0005203492, 0.0005654795, 0.0006064474, 0.0006435538, 0.00066036964, 0.00068987673, 0.0007138977, 0.000724482, 0.0007470377, 0.000787838, 0.00089254783, 0.0009958914, 0.001363012, 0, 0, 0, 0
0, 0, 0, 0, 0, 0, 0, 0, 0, 0, 0, 0, 0, 0, 0, 0, 0, 0, 0, 0, 0, 0, 0, 0, 0, 0, 0, 0, 0, 0, 0, 0, 0, 0, 0, 0, 0, 0, 0, 0, 0, 0, 0, 0, 0, 0, 0, 0, 0, 0, 0, 0, 0, 0, 0, 0, 0, 0, 0, 0, 0, 0, 0, 0, 0, 0, 0, 0, 0, 0, 0, 0, 0, 0, 0, 0, 0, 0, 0, 0, 0, 0, 0, 0, 0, 0, 0, 0, 0, 0, 0, 0, 0, 0, 0, 0, 0, 0.000548485, 0.0004391714, 0.00040405052, 0.0003613399, 0.00033862956, 0.0003217136, 0.00031295136, 0.00029231832, 0.00026633422, 0.00025122843, 0.00021787692, 0.00018119742, 0.00014216694, 0.00012204395, 8.1426544e-05, 4.081688e-05, 2.0933168e-05, -1.7335768e-05, -5.2589516e-05, -6.8367786e-05, -9.344428e-05, -0.00010655661, -0.00010376529, -9.5702504e-05, -6.704819e-05, -2.3011484e-05, 3.9019988e-06, 6.51695e-05, 0.00013325784, 0.00020450786, 0.00024075148, 0.00031272968, 0.00038198836, 0.00041444614, 0.00047295395, 0.00052196794, 0.0005427971, 0.0005779964, 0.0006061507, 0.0006292686, 0.0006391312, 0.0006553352, 0.0006679462, 0.0006739461, 0.0006906784, 0.00073162495, 0.00083444803, 0.0009159189, 0, 0, 0, 0, 0
0, 0, 0, 0, 0, 0, 0, 0, 0, 0, 0, 0, 0, 0, 0, 0, 0, 0, 0, 0, 0, 0, 0, 0, 0, 0, 0, 0, 0, 0, 0, 0, 0, 0, 0, 0, 0, 0, 0, 0, 0, 0, 0, 0, 0, 0, 0, 0, 0, 0, 0, 0, 0, 0, 0, 0, 0, 0, 0, 0, 0, 0, 0, 0, 0, 0, 0, 0, 0, 0, 0, 0, 0, 0, 0, 0, 0, 0, 0, 0, 0, 0, 0, 0, 0, 0, 0, 0, 0, 0, 0, 0, 0, 0, 0, 0, 0, 0.000428208, 0.00032964235, 0.00029169463, 0.0002389795, 0.00020538368, 0.00018050759, 0.00016976261, 0.00014857993, 0.00012643608, 0.00011454131, 8.894423e-05, 6.096621e-05, 3.0835246e-05, 1.52521125e-05, -1.6559086e-05, -4.891188e-05, -6.50199e-05, -9.625438e-05, -0.0001256829, -0.00013869273, -0.0001596607, -0.0001698209, -0.00016526187, -0.00015656522, -0.00012664072, -8.042848e-05, -5.1989577e-05, 1.3439156e-05, 8.703208e-05, 0.00016452423, 0.00020369572, 0.0002804045, 0.00035195114, 0.0003844561, 0.0004410011, 0.0004851136, 0.00050233485, 0.0005286466, 0.0005467289, 0.00055970176, 0.00056515983, 0.0005745409, 0.0005832187, 0.00058843766, 0.0006058893, 0.0006523103, 0.0007790362, 0.00090339803, 0, 0, 0, 0, 0
0, 0, 0, 0, 0, 0, 0, 0, 0, 0, 0, 0, 0, 0, 0, 0, 0, 0, 0, 0, 0, 0, 0, 0, 0, 0, 0, 0, 0, 0, 0, 0, 0, 0, 0, 0, 0, 0, 0, 0, 0, 0, 0, 0, 0, 0, 0, 0, 0, 0, 0, 0, 0, 0, 0, 0, 0, 0, 0, 0, 0, 0, 0, 0, 0, 0, 0, 0, 0, 0, 0, 0, 0, 0, 0, 0, 0, 0, 0, 0, 0, 0, 0, 0, 0, 0, 0, 0, 0, 0, 0, 0, 0, 0, 0, 0, 0.00046452924, 0.00034703573, 0.00023647363, 0.00019269506, 0.00012420236, 7.279566e-05, 3.2122454e-05, 1.476802e-05, -1.5563379e-05, -4.135599e-05, -5.3526936e-05, -7.656957e-05, -9.890828e-05, -0.000120796285, -0.00013137211, -0.00015233226, -0.00017295036, -0.00018315234, -0.0002028942, -0.00022150573, -0.00022966838, -0.00024258846, -0.00024794237, -0.00024182191, -0.00023359145, -0.00020624464, -0.00016402788, -0.00013800424, -7.772393e-05, -9.554913e-06, 6.285806e-05, 9.949764e-05, 0.00017200332, 0.00023950507, 0.00027012275, 0.00032318558, 0.00036399436, 0.000379813, 0.00040354443, 0.0004198383, 0.00043285225, 0.00043911426, 0.00045240702, 0.0004680859, 0.00047763277, 0.000504474, 0.0005546368, 0.0006435313, 0.00068888767, 0, 0, 0, 0, 0
0, 0, 0, 0, 0, 0, 0, 0, 0, 0, 0, 0, 0, 0, 0, 0, 0, 0, 0, 0, 0, 0, 0, 0, 0, 0, 0, 0, 0, 0, 0, 0, 0, 0, 0, 0, 0, 0, 0, 0, 0, 0, 0, 0, 0, 0, 0, 0, 0, 0, 0, 0, 0, 0, 0, 0, 0, 0, 0, 0, 0, 0, 0, 0, 0, 0, 0, 0, 0, 0, 0, 0, 0, 0, 0, 0, 0, 0, 0, 0, 0, 0, 0, 0, 0, 0, 0, 0, 0, 0, 0, 0, 0, 0, 0, 0.00050949724, 0.00043667795, 0.00028311933, 0.00015939117, 0.00010851652, 2.2488663e-05, -4.9590515e-05, -0.00011134348, -0.00013864262, -0.00018629343, -0.00022499448, -0.000241733, -0.00027085652, -0.0002949265, -0.0003142265, -0.0003223674, -0.0003360811, -0.00034658128, -0.00035098524, -0.00035798928, -0.0003634051, -0.0003654904, -0.00036789247, -0.00036613006, -0.00035780272, -0.00035030738, -0.0003272501, -0.000292828, -0.00027161872, -0.00022259001, -0.00016706689, -0.00010766015, -7.699776e-05, -1.5244402e-05, 4.4868517e-05, 7.305251e-05, 0.0001245282, 0.00016791669, 0.00018651002, 0.00021798171, 0.00024436953, 0.0002693258, 0.00028228344, 0.00031049142, 0.00034345302, 0.00036232275, 0.00040878291, 0.00047775847, 0.00057963416, 0.0006285539, 0, 0, 0, 0, 0
0, 0, 0, 0, 0, 0, 0, 0, 0, 0, 0, 0, 0, 0, 0, 0, 0, 0, 0, 0, 0, 0, 0, 0, 0, 0, 0, 0, 0, 0, 0, 0, 0, 0, 0, 0, 0, 0, 0, 0, 0, 0, 0, 0, 0, 0, 0, 0, 0, 0, 0, 0, 0, 0, 0, 0, 0, 0, 0, 0, 0, 0, 0, 0, 0, 0, 0, 0, 0, 0, 0, 0, 0, 0, 0, 0, 0, 0, 0, 0, 0, 0, 0, 0, 0, 0, 0, 0, 0, 0, 0, 0, 0, 0, 0, 0.0004139515, 0.0003612805, 0.00021996384, 9.1024725e-05, 3.427428e-05, -6.7734356e-05, -0.00015985333, -0.00024419793, -0.00028300288, -0.0003528473, -0.00041194115, -0.00043751282, -0.0004813152, -0.00051583414, -0.00054143695, -0.00055099657, -0.0005644528, -0.00057130173, -0.00057223334, -0.0005700496, -0.0005638491, -0.00055982725, -0.0005507733, -0.00054061186, -0.0005283165, -0.0005206219, -0.00050105824, -0.0004740301, -0.0004576484, -0.00042029883, -0.00037828798, -0.0003324918, -0.00030805552, -0.0002568126, -0.00020295505, -0.00017567661, -0.00012096916, -6.759539e-05, -4.1946194e-05, 7.2274593e-06, 5.373384e-05, 0.00010011315, 0.00012393469, 0.00017410962, 0.00022955818, 0.0002600727, 0.0003309928, 0.00042662417, 0.0005535746, 0.00060994003, 0, 0, 0, 0, 0
0, 0, 0, 0, 0, 0, 0, 0, 0, 0, 0, 0, 0, 0, 0, 0, 0, 0, 0, 0, 0, 0, 0, 0, 0, 0, 0, 0, 0, 0, 0, 0, 0, 0, 0, 0, 0, 0, 0, 0, 0, 0, 0, 0, 0, 0, 0, 0, 0, 0, 0, 0, 0, 0, 0, 0, 0, 0, 0, 0, 0, 0, 0, 0, 0, 0, 0, 0, 0, 0, 0, 0, 0, 0, 0, 0, 0, 0, 0, 0, 0, 0, 0, 0, 0, 0, 0, 0, 0, 0, 0, 0, 0, 0, 0, 0.00031795647, 0.000275599, 0.00014753264, 1.8736839e-05, -4.1525767e-05, -0.00015501045, -0.00026281993, -0.00036625355, -0.00041560674, -0.0005079464, -0.00058984075, -0.00062637375, -0.00069039233, -0.00074170675, -0.00078050734, -0.0007951628, -0.00081604306, -0.00082608225, -0.00082725025, -0.00082242466, -0.00080989, -0.00080175186, -0.00078391214, -0.0007660516, -0.0007490561, -0.0007405465, -0.0007219778, -0.00069896254, -0.00068548485, -0.00065520336, -0.0006207864, -0.0005819535, -0.0005604794, -0.00051314215, -0.00045951162, -0.0004303692, -0.0003671715, -0.00029872506, -0.00026332666, -0.0001918722, -0.00012071358, -4.9801987e-05, -1.4074226e-05, 5.8996986e-05, 0.00013639065, 0.00017771643, 0.00027125352, 0.00039223896, 0.0005502595, 0.0006204224, 0, 0, 0, 0, 0
0, 0, 0, 0, 0, 0, 0, 0, 0, 0, 0, 0, 0, 0, 0, 0, 0, 0, 0, 0, 0, 0, 0, 0, 0, 0, 0, 0, 0, 0, 0, 0, 0, 0, 0, 0, 0, 0, 0, 0, 0, 0, 0, 0, 0, 0, 0, 0, 0, 0, 0, 0, 0, 0, 0, 0, 0, 0, 0, 0, 0, 0, 0, 0, 0, 0, 0, 0, 0, 0, 0, 0, 0, 0, 0, 0, 0, 0, 0, 0, 0, 0, 0, 0, 0, 0, 0, 0, 0, 0, 0, 0, 0, 0, 0, 0.0002320467, 0.00018288183, 6.0187293e-05, -6.516387e-05, -0.0001259267, -0.00024418376, -0.00036065988, -0.00047612528, -0.0005328193, -0.0006425946, -0.0007438884, -0.00079066, -0.000874616, -0.00094447186, -0.0009992556, -0.0010209591, -0.0010537114, -0.0010725313, -0.0010769055, -0.0010764208, -0.0010651662, -0.0010566337, -0.0010360131, -0.0010143508, -0.0009941756, -0.0009845673, -0.0009648266, -0.0009421598, -0.000929166, -0.00089949614, -0.0008644712, -0.00082321843, -0.00079992873, -0.0007471485, -0.00068595953, -0.0006519817, -0.0005767897, -0.00049248326, -0.00044792914, -0.00035594078, -0.00026313067, -0.00017117031, -0.00012546613, -3.3499673e-05, 6.1204766e-05, 0.00011096455, 0.00022075666, 0.00035830328, 0.0005497817, 0.0006713529, 0, 0, 0, 0, 0
0, 0, 0, 0, 0, 0, 0, 0, 0, 0, 0, 0, 0, 0, 0, 0, 0, 0, 0, 0, 0, 0, 0, 0, 0, 0, 0, 0, 0, 0, 0, 0, 0, 0, 0, 0, 0, 0, 0, 0, 0, 0, 0, 0, 0, 0, 0, 0, 0, 0, 0, 0, 0, 0, 0, 0, 0, 0, 0, 0, 0, 0, 0, 0, 0, 0, 0, 0, 0, 0, 0, 0, 0, 0, 0, 0, 0, 0, 0, 0, 0, 0, 0, 0, 0, 0, 0, 0, 0, 0, 0, 0, 0, 0, 0, 0.00015204163, 9.769219e-05, -2.6884587e-05, -0.00014998313, -0.00020976731, -0.00032754772, -0.00044560034, -0.0005649652, -0.0006248757, -0.0007429551, -0.0008557574, -0.000909021, -0.0010072851, -0.0010921702, -0.0011617205, -0.0011905439, -0.001236308, -0.0012668077, -0.001276774, -0.0012862927, -0.0012832158, -0.001277731, -0.001261472, -0.001241929, -0.0012221199, -0.0012121726, -0.0011910732, -0.001166593, -0.001152291, -0.0011191035, -0.0010785855, -0.0010290141, -0.001000664, -0.00093654514, -0.0008630106, -0.00082277606, -0.0007353399, -0.00063878275, -0.0005879165, -0.0004827531, -0.00037592725, -0.00026981215, -0.0002170972, -0.00011168903, -4.250969e-06, 5.1255334e-05, 0.00017103885, 0.0003068351, 0.00042623197, 0, 0, 0, 0, 0, 0
0, 0, 0, 0, 0, 0, 0, 0, 0, 0, 0, 0, 0, 0, 0, 0, 0, 0, 0, 0, 0, 0, 0, 0, 0, 0, 0, 0, 0, 0, 0, 0, 0, 0, 0, 0, 0, 0, 0, 0, 0, 0, 0, 0, 0, 0, 0, 0, 0, 0, 0, 0, 0, 0, 0, 0, 0, 0, 0, 0, 0, 0, 0, 0, 0, 0, 0, 0, 0, 0, 0, 0, 0, 0, 0, 0, 0, 0, 0, 0, 0, 0, 0, 0, 0, 0, 0, 0, 0, 0, 0, 0, 0, 0, 0.00013624332, 7.728407e-05, 2.2303702e-05, -0.00010006079, -0.00021984776, -0.00027776053, -0.00039166602, -0.0005053105, -0.00062099285, -0.0006793122, -0.00079593644, -0.000909623, -0.00096456386, -0.0010677768, -0.0011607431, -0.00124032, -0.0012746447, -0.0013320002, -0.0013746984, -0.0013910901, -0.0014134628, -0.0014225998, -0.0014228283, -0.0014163102, -0.001403966, -0.0013886332, -0.0013797195, -0.0013594897, -0.0013339067, -0.0013186599, -0.0012822617, -0.0012364853, -0.0011792583, -0.0011462963, -0.0010717241, -0.000987743, -0.00094279135, -0.00084738573, -0.0007452727, -0.0006919599, -0.00058227195, -0.00046993713, -0.00035670132, -0.00029967102, -0.00018441869, -6.594246e-05, -4.7818376e-06, 0.00012506002, 0.0002678064, 0.00039221122, 0, 0, 0, 0, 0, 0
0, 0, 0, 0, 0, 0, 0, 0, 0, 0, 0, 0, 0, 0, 0, 0, 0, 0, 0, 0, 0, 0, 0, 0, 0, 0, 0, 0, 0, 0, 0, 0, 0, 0, 0, 0, 0, 0, 0, 0, 0, 0, 0, 0, 0, 0, 0, 0, 0, 0, 0, 0, 0, 0, 0, 0, 0, 0, 0, 0, 0, 0, 0, 0, 0, 0, 0, 0, 0, 0, 0, 0, 0, 0, 0, 0, 0, 0, 0, 0, 0, 0, 0, 0, 0, 0, 0, 0, 0, 0, 0, 0, 0, 0, 0.00012991857, 4.0582523e-05, -2.1009839e-05, -0.00014605306, -0.0002635949, -0.00031955048, -0.00042770937, -0.0005338714, -0.0006399367, -0.00069316244, -0.0007996226, -0.000904542, -0.00095566205, -0.0010545024, -0.001146304, -0.001228471, -0.0012653385, -0.0013300354, -0.0013827588, -0.0014047967, -0.0014393111, -0.0014614487, -0.0014678813, -0.0014732726, -0.0014708048, -0.0014623498, -0.001456234, -0.0014393145, -0.0014155374, -0.0014008585, -0.0013649423, -0.0013184833, -0.0012595867, -0.0012253085, -0.0011478985, -0.0010614467, -0.0010158366, -0.00092080433, -0.0008210665, -0.00076938106, -0.0006626433, -0.0005514558, -0.00043575917, -0.00037599748, -0.00025246493, -0.00012216774, -5.4230728e-05, 8.924993e-05, 0.0002419377, 0.00039410905, 0, 0, 0, 0, 0, 0
0, 0, 0, 0, 0, 0, 0, 0, 0, 0, 0, 0, 0, 0, 0, 0, 0, 0, 0, 0, 0, 0, 0, 0, 0, 0, 0, 0, 0, 0, 0, 0, 0, 0, 0, 0, 0, 0, 0, 0, 0, 0, 0, 0, 0, 0, 0, 0, 0, 0, 0, 0, 0, 0, 0, 0, 0, 0, 0, 0, 0, 0, 0, 0, 0, 0, 0, 0, 0, 0, 0, 0, 0, 0, 0, 0, 0, 0, 0, 0, 0, 0, 0, 0, 0, 0, 0, 0, 0, 0, 0, 0, 0, 0, 0.0001354877, 2.4234543e-05, -3.984712e-05, -0.0001657458, -0.00028160398, -0.000335651, -0.00043830153, -0.00053577597, -0.0006300615, -0.00067619723, -0.00076724985, -0.0008562974, -0.00090001785, -0.0009859962, -0.001068125, -0.0011448795, -0.0011805291, -0.001245895, -0.0013028125, -0.0013278815, -0.0013703394, -0.0014018876, -0.0014135118, -0.0014290762, -0.0014356578, -0.0014346769, -0.0014315777, -0.0014194273, -0.001399974, -0.0013871534, -0.001355547, -0.0013141526, -0.001261291, -0.0012303592, -0.0011604744, -0.0010820458, -0.0010407947, -0.0009548186, -0.0008647603, -0.00081813877, -0.00071961706, -0.0006138079, -0.0004993311, -0.0004385701, -0.00030867272, -0.00016741455, -9.21708e-05, 6.643326e-05, 0.00021864311, 0, 0, 0, 0, 0, 0, 0
0, 0, 0, 0, 0, 0, 0, 0, 0, 0, 0, 0, 0, 0, 0, 0, 0, 0, 0, 0, 0, 0, 0, 0, 0, 0, 0, 0, 0, 0, 0, 0, 0, 0, 0, 0, 0, 0, 0, 0, 0, 0, 0, 0, 0, 0, 0, 0, 0, 0, 0, 0, 0, 0, 0, 0, 0, 0, 0, 0, 0, 0, 0, 0, 0, 0, 0, 0, 0, 0, 0, 0, 0, 0, 0, 0, 0, 0, 0, 0, 0, 0, 0, 0, 0, 0, 0, 0, 0, 0, 0, 0, 0, 0, 0.00014867932, 2.4102947e-05, -4.2063457e-05, -0.00016836918, -0.00028247177, -0.00033519178, -0.00043331992, -0.0005235881, -0.00060664845, -0.0006458222, -0.00072023633, -0.0007911388, -0.00082558824, -0.00089366594, -0.0009600397, -0.0010239438, -0.0010547241, -0.001112686, -0.0011655303, -0.0011894268, -0.0012319424, -0.0012661229, -0.0012800236, -0.0013011303, -0.0013137518, -0.0013180408, -0.0013170859, -0.0013094569, -0.0012945181, -0.0012845062, -0.0012593704, -0.001227031, -0.0011860527, -0.0011620263, -0.0011073886, -0.0010448562, -0.001011477, -0.0009409106, -0.0008653458, -0.0008250822, -0.00073816447, -0.00064080185, -0.000531269, -0.00047133092, -0.00034025608, -0.00019319613, -0.00011342883, 5.616586e-05, 0.00021676529, 0, 0, 0, 0, 0, 0, 0
0, 0, 0, 0, 0, 0, 0, 0, 0, 0, 0, 0, 0, 0, 0, 0, 0, 0, 0, 0, 0, 0, 0, 0, 0, 0, 0, 0, 0, 0, 0, 0, 0, 0, 0, 0, 0, 0, 0, 0, 0, 0, 0, 0, 0, 0, 0, 0, 0, 0, 0, 0, 0, 0, 0, 0, 0, 0, 0, 0, 0, 0, 0, 0, 0, 0, 0, 0, 0, 0, 0, 0, 0, 0, 0, 0, 0, 0, 0, 0, 0, 0, 0, 0, 0, 0, 0, 0, 0, 0, 0, 0, 0, 0.0002717644, 0.0001549385, 2.0798678e-05, -4.5093297e-05, -0.00016800746, -0.0002794411, -0.0003306612, -0.0004255859, -0.0005105692, -0.00058494916, -0.00061840855, -0.00067879, -0.000732632, -0.0007579457, -0.00080699445, -0.00085475686, -0.00090097013, -0.0009233778, -0.00096640975, -0.0010059874, -0.0010242462, -0.0010575175, -0.0010859416, -0.0010982652, -0.0011187316, -0.0011325843, -0.0011387477, -0.0011389517, -0.0011339509, -0.0011227827, -0.0011151924, -0.0010969603, -0.0010741699, -0.0010461562, -0.0010299478, -0.0009923233, -0.0009476381, -0.0009229841, -0.0008688928, -0.00080816745, -0.00077478186, -0.0007002888, -0.0006138545, -0.00051297364, -0.00045667627, -0.00033103977, -0.0001862942, -0.00010659256, 6.437974e-05, 0.00022872978, 0, 0, 0, 0, 0, 0, 0
0, 0, 0, 0, 0, 0, 0, 0, 0, 0, 0, 0, 0, 0, 0, 0, 0, 0, 0, 0, 0, 0, 0, 0, 0, 0, 0, 0, 0, 0, 0, 0, 0, 0, 0, 0, 0, 0, 0, 0, 0, 0, 0, 0, 0, 0, 0, 0, 0, 0, 0, 0, 0, 0, 0, 0, 0, 0, 0, 0, 0, 0, 0, 0, 0, 0, 0, 0, 0, 0, 0, 0, 0, 0, 0, 0, 0, 0, 0, 0, 0, 0, 0, 0, 0, 0, 0, 0, 0, 0, 0, 0, 0.00028447132, 0.0002388876, 0.00010758515, -2.3283643e-05, -8.3875995e-05, -0.00019577323, -0.0002972423, -0.00034441723, -0.00043142898, -0.0005072078, -0.00057010096, -0.000596274, -0.00063864706, -0.0006691685, -0.0006805248, -0.00069838227, -0.00071101997, -0.0007196983, -0.0007227445, -0.000726006, -0.0007259656, -0.00072510913, -0.00072325364, -0.0007223377, -0.0007226472, -0.0007247447, -0.0007263705, -0.000725776, -0.00072395295, -0.0007175662, -0.0007084666, -0.00070311065, -0.0006910207, -0.0006773594, -0.00066189107, -0.00065318553, -0.00063294556, -0.0006073403, -0.0005920993, -0.00055651914, -0.0005138478, -0.0004898508, -0.0004355136, -0.00037205024, -0.0002974086, -0.0002551851, -0.00015823379, -4.084663e-05, 2.6891941e-05, 0.000175606, 0.0002955952, 0, 0, 0, 0, 0, 0, 0
0, 0, 0, 0, 0, 0, 0, 0, 0, 0, 0, 0, 0, 0, 0, 0, 0, 0, 0, 0, 0, 0, 0, 0, 0, 0, 0, 0, 0, 0, 0, 0, 0, 0, 0, 0, 0, 0, 0, 0, 0, 0, 0, 0, 0, 0, 0, 0, 0, 0, 0, 0, 0, 0, 0, 0, 0, 0, 0, 0, 0, 0, 0, 0, 0, 0, 0, 0, 0, 0, 0, 0, 0, 0, 0, 0, 0, 0, 0, 0, 0, 0, 0, 0, 0, 0, 0, 0, 0, 0, 0, 0, 0.00025611697, 0.00021270025, 8.252737e-05, -4.805672e-05, -0.000107932705, -0.00021715714, -0.00031384637, -0.00035855258, -0.00043966234, -0.00050949934, -0.00056653726, -0.0005898328, -0.0006265191, -0.00065058784, -0.00065819186, -0.00066708936, -0.0006688843, -0.0006651482, -0.0006613091, -0.00064992876, -0.00063440535, -0.0006255462, -0.00060802, -0.0005922071, -0.0005856788, -0.00057479605, -0.00056619727, -0.00055742014, -0.00055258384, -0.0005417777, -0.0005292673, -0.00052243273, -0.00050736754, -0.0004905623, -0.00047229973, -0.00046209124, -0.00043929397, -0.00041146274, -0.00039549274, -0.00035919482, -0.00031775053, -0.00029508348, -0.00024601156, -0.00019139309, -0.00012982627, -9.562493e-05, -1.6684766e-05, 8.193848e-05, 0.00014066145, 0.00027341116, 0.00038307838, 0, 0, 0, 0, 0, 0, 0
0, 0, 0, 0, 0, 0, 0, 0, 0, 0, 0, 0, 0, 0, 0, 0, 0, 0, 0, 0, 0, 0, 0, 0, 0, 0, 0, 0, 0, 0, 0, 0, 0, 0, 0, 0, 0, 0, 0, 0, 0, 0, 0, 0, 0, 0, 0, 0, 0, 0, 0, 0, 0, 0, 0, 0, 0, 0, 0, 0, 0, 0, 0, 0, 0, 0, 0, 0, 0, 0, 0, 0, 0, 0, 0, 0, 0, 0, 0, 0, 0, 0, 0, 0, 0, 0, 0, 0, 0, 0, 0, 0, 0.0002757241, 0.00020505486, 6.397106e-05, -6.445274e-05, -0.00012257458, -0.0002273108, -0.00031917603, -0.00036081905, -0.00043562165, -0.0004989297, -0.0005503012, -0.000571227, -0.0006038644, -0.00062498514, -0.00063171465, -0.00063797727, -0.0006364295, -0.0006284765, -0.0006221881, -0.0006053278, -0.00058349676, -0.0005709297, -0.0005451723, -0.0005196669, -0.0005075945, -0.000485237, -0.0004652046, -0.00044646274, -0.00043714812, -0.0004182432, -0.00039865286, -0.0003882716, -0.00036611425, -0.00034241413, -0.00031741153, -0.00030415572, -0.00027495428, -0.00024091515, -0.00022211239, -0.00018098214, -0.00013681757, -0.0001137204, -6.592604e-05, -1.6086593e-05, 3.736448e-05, 6.592806e-05, 0.0001310849, 0.00021548125, 0.0002682752, 0.00038929938, 0, 0, 0, 0, 0, 0, 0, 0
0, 0, 0, 0, 0, 0, 0, 0, 0, 0, 0, 0, 0, 0, 0, 0, 0, 0, 0, 0, 0, 0, 0, 0, 0, 0, 0, 0, 0, 0, 0, 0, 0, 0, 0, 0, 0, 0, 0, 0, 0, 0, 0, 0, 0, 0, 0, 0, 0, 0, 0, 0, 0, 0, 0, 0, 0, 0, 0, 0, 0, 0, 0, 0, 0, 0, 0, 0, 0, 0, 0, 0, 0, 0, 0, 0, 0, 0, 0, 0, 0, 0, 0, 0, 0, 0, 0, 0, 0, 0, 0, 0.00045644108, 0.0002873684, 0.0002070212, 6.440681e-05, -5.7791556e-05, -0.00011259038, -0.00021150523, -0.0002978325, -0.00033672396, -0.000405976, -0.00046455575, -0.0005120941, -0.00053205946, -0.0005641448, -0.0005865044, -0.00059442996, -0.0006040457, -0.0006068187, -0.000603683, -0.0005998102, -0.0005875466, -0.0005695013, -0.00055840483, -0.00053314876, -0.00050486485, -0.0004899509, -0.0004596037, -0.00042884055, -0.00039854826, -0.0003836388, -0.00035367906, -0.00032324236, -0.00030775194, -0.0002757254, -0.00024319386, -0.00021052132, -0.0001937528, -0.00015782534, -0.00011742409, -9.550238e-05, -4.8703827e-05, 3.0325575e-07, 2.5517098e-05, 7.664758e-05, 0.0001285108, 0.00018098857, 0.00020805367, 0.000267894, 0.00034530147, 0.00039566995, 0.0005248557, 0, 0, 0, 0, 0, 0, 0, 0
0, 0, 0, 0, 0, 0, 0, 0, 0, 0, 0, 0, 0, 0, 0, 0, 0, 0, 0, 0, 0, 0, 0, 0, 0, 0, 0, 0, 0, 0, 0, 0, 0, 0, 0, 0, 0, 0, 0, 0, 0, 0, 0, 0, 0, 0, 0, 0, 0, 0, 0, 0, 0, 0, 0, 0, 0, 0, 0, 0, 0, 0, 0, 0, 0, 0, 0, 0, 0, 0, 0, 0, 0, 0, 0, 0, 0, 0, 0, 0, 0, 0, 0, 0, 0, 0, 0, 0, 0, 0, 0, 0.00044262529, 0.0003096678, 0.00023465072, 0.00010101542, -1.2468299e-05, -6.361186e-05, -0.00015653565, -0.00023865078, -0.00027606732, -0.00034314493, -0.00040066545, -0.00044855682, -0.00046928623, -0.0005044615, -0.00053185335, -0.0005429666, -0.0005605816, -0.0005732978, -0.0005813244, -0.0005836161, -0.00058353815, -0.0005772311, -0.00057149684, -0.0005543055, -0.0005295839, -0.0005146736, -0.00048096752, -0.00044281667, -0.00040187416, -0.00038087723, -0.00033848383, -0.0002956839, -0.00027427715, -0.0002319333, -0.00019049582, -0.00015036846, -0.00013039565, -8.904989e-05, -4.383262e-05, -1.9557225e-05, 3.1798456e-05, 8.6451015e-05, 0.000114918876, 0.0001735469, 0.0002334859, 0.00029371167, 0.0003240051, 0.00038880858, 0.00046913174, 0.00051879045, 0.0006147353, 0, 0, 0, 0, 0, 0, 0, 0
0, 0, 0, 0, 0, 0, 0, 0, 0, 0, 0, 0, 0, 0, 0, 0, 0, 0, 0, 0, 0, 0, 0, 0, 0, 0, 0, 0, 0, 0, 0, 0, 0, 0, 0, 0, 0, 0, 0, 0, 0, 0, 0, 0, 0, 0, 0, 0, 0, 0, 0, 0, 0, 0, 0, 0, 0, 0, 0, 0, 0, 0, 0, 0, 0, 0, 0, 0, 0, 0, 0, 0, 0, 0, 0, 0, 0, 0, 0, 0, 0, 0, 0, 0, 0, 0, 0, 0, 0, 0, 0, 0.00057764445, 0.00037728754, 0.00030183358, 0.00017829899, 7.557594e-05, 2.8722565e-05, -5.8694928e-05, -0.00013841283, -0.00017546953, -0.0002441509, -0.00030446437, -0.00035623403, -0.0003794177, -0.00042036263, -0.00045527372, -0.00047076773, -0.00049853773, -0.0005230443, -0.00054472464, -0.0005541569, -0.0005692971, -0.00057797116, -0.0005792559, -0.0005744589, -0.0005587403, -0.0005467988, -0.00051515584, -0.00047464963, -0.00042717205, -0.0004018359, -0.0003494009, -0.00029634847, -0.00026982508, -0.00021850878, -0.00016939863, -0.00012301086, -0.00010033553, -5.4577016e-05, -6.2099384e-06, 1.9334604e-05, 7.344293e-05, 0.00013260316, 0.00016422285, 0.00023140953, 0.00030307405, 0.0003771726, 0.0004151469, 0.0004968225, 0.0005997992, 0.0006650138, 0.0007997151, 0, 0, 0, 0, 0, 0, 0, 0
0, 0, 0, 0, 0, 0, 0, 0, 0, 0, 0, 0, 0, 0, 0, 0, 0, 0, 0, 0, 0, 0, 0, 0, 0, 0, 0, 0, 0, 0, 0, 0, 0, 0, 0, 0, 0, 0, 0, 0, 0, 0, 0, 0, 0, 0, 0, 0, 0, 0, 0, 0, 0, 0, 0, 0, 0, 0, 0, 0, 0, 0, 0, 0, 0, 0, 0, 0, 0, 0, 0, 0, 0, 0, 0, 0, 0, 0, 0, 0, 0, 0, 0, 0, 0, 0, 0, 0, 0, 0, 0, 0.0006041888, 0.0004510343, 0.00038831684, 0.0002853875, 0.00019724887, 0.00015615475, 7.648806e-05, -7.8695194e-08, -3.6908386e-05, -0.00010724862, -0.0001711452, -0.00022816076, -0.00025414198, -0.0003016741, -0.00034440297, -0.0003643427, -0.00040170495, -0.00043691858, -0.0004700831, -0.00048563269, -0.0005139499, -0.00053642667, -0.0005445787, -0.00055316335, -0.00054919504, -0.0005421515, -0.000518169, -0.00048184945, -0.00043570274, -0.0004098332, -0.00035483163, -0.00029800215, -0.00026936992, -0.00021299976, -0.00015934162, -0.000108349646, -8.361235e-05, -3.4534343e-05, 1.5674745e-05, 4.1475298e-05, 9.640773e-05, 0.00015742287, 0.00019071788, 0.00026369555, 0.00034485382, 0.00043288397, 0.00047975505, 0.0005853914, 0.00072819024, 0.0008238705, 0.0010324378, 0, 0, 0, 0, 0, 0, 0, 0
0, 0, 0, 0, 0, 0, 0, 0, 0, 0, 0, 0, 0, 0, 0, 0, 0, 0, 0, 0, 0, 0, 0, 0, 0, 0, 0, 0, 0, 0, 0, 0, 0, 0, 0, 0, 0, 0, 0, 0, 0, 0, 0, 0, 0, 0, 0, 0, 0, 0, 0, 0, 0, 0, 0, 0, 0, 0, 0, 0, 0, 0, 0, 0, 0, 0, 0, 0, 0, 0, 0, 0, 0, 0, 0, 0, 0, 0, 0, 0, 0, 0, 0, 0, 0, 0, 0, 0, 0, 0, 0.0010252593, 0.00071577483, 0.00055208313, 0.00049868244, 0.00041598335, 0.00034479584, 0.00031016686, 0.00024107362, 0.00017158008, 0.00013660928, 6.851698e-05, 3.9961565e-06, -5.5055458e-05, -8.249174e-05, -0.00013427691, -0.00018263598, -0.00020561057, -0.00024968086, -0.0002919404, -0.00033248615, -0.00035208755, -0.0003890625, -0.00042152428, -0.00043495136, -0.0004545171, -0.00046224418, -0.00046119973, -0.00044932877, -0.00042516235, -0.0003901399, -0.00036942327, -0.00032296343, -0.00027216747, -0.00024586273, -0.00019225337, -0.0001389136, -8.630271e-05, -6.0687602e-05, -9.5143905e-06, 4.1226696e-05, 6.7016954e-05, 0.00012062957, 0.00017912366, 0.00021136107, 0.000282637, 0.0003646221, 0.00045842206, 0.000510654, 0.00063550106, 0.00081529835, 0.0009441464, 0.0013074148, 0, 0, 0, 0, 0, 0, 0, 0
0, 0, 0, 0, 0, 0, 0, 0, 0, 0, 0, 0, 0, 0, 0, 0, 0, 0, 0, 0, 0, 0, 0, 0, 0, 0, 0, 0, 0, 0, 0, 0, 0, 0, 0, 0, 0, 0, 0, 0, 0, 0, 0, 0, 0, 0, 0, 0, 0, 0, 0, 0, 0, 0, 0, 0, 0, 0, 0, 0, 0, 0, 0, 0, 0, 0, 0, 0, 0, 0, 0, 0, 0, 0, 0, 0, 0, 0, 0, 0, 0, 0, 0, 0, 0, 0, 0, 0, 0, 0, 0.0009577983, 0.0007963504, 0.00067638955, 0.0006362743, 0.00057370623, 0.0005181388, 0.0004903872, 0.00043347647, 0.00037425035, 0.00034417093, 0.00028361383, 0.00022485503, 0.00016920012, 0.00014282002, 9.21055e-05, 4.3471948e-05, 1.993359e-05, -2.6178326e-05, -7.0623704e-05, -0.00011402117, -0.00013538859, -0.00017658487, -0.00021460633, -0.00023120927, -0.0002584092, -0.00027628048, -0.0002816171, -0.00028507208, -0.00027931886, -0.00026427646, -0.0002536571, -0.00022661446, -0.00019290477, -0.000173839, -0.00013217784, -8.64068e-05, -3.7744587e-05, -1.2818608e-05, 3.7804857e-05, 8.785718e-05, 0.00011278471, 0.00016248673, 0.00021395039, 0.00024141926, 0.00030187092, 0.00037249902, 0.0004582219, 0.0005095019, 0.00064089947, 0.0008328018, 0.0009473326, 0, 0, 0, 0, 0, 0, 0, 0, 0
0, 0, 0, 0, 0, 0, 0, 0, 0, 0, 0, 0, 0, 0, 0, 0, 0, 0, 0, 0, 0, 0, 0, 0, 0, 0, 0, 0, 0, 0, 0, 0, 0, 0, 0, 0, 0, 0, 0, 0, 0, 0, 0, 0, 0, 0, 0, 0, 0, 0, 0, 0, 0, 0, 0, 0, 0, 0, 0, 0, 0, 0, 0, 0, 0, 0, 0, 0, 0, 0, 0, 0, 0, 0, 0, 0, 0, 0, 0, 0, 0, 0, 0, 0, 0, 0, 0, 0, 0, 0, 0.00125553, 0.00097013137, 0.00085199805, 0.0008187542, 0.00076984346, 0.00072645483, 0.00070464436, 0.0006593257, 0.00061245397, 0.00058836886, 0.0005400544, 0.000492225, 0.000446, 0.00042351574, 0.00037940798, 0.00033628993, 0.00031500432, 0.000272542, 0.00023023777, 0.00018784648, 0.00016659344, 0.00012454463, 8.4644395e-05, 6.64062e-05, 3.4165092e-05, 7.4711716e-06, -3.972606e-06, -2.382182e-05, -3.9254417e-05, -4.9170838e-05, -5.151116e-05, -5.0423547e-05, -4.1010084e-05, -3.317768e-05, -1.1013006e-05, 1.9264578e-05, 5.7168523e-05, 7.828707e-05, 0.00012376132, 0.00017038747, 0.00019311516, 0.00023680062, 0.00027810663, 0.00029848993, 0.0003409514, 0.00039049902, 0.0004555656, 0.0004987513, 0.00062780845, 0.0008626524, 0.001036601, 0, 0, 0, 0, 0, 0, 0, 0, 0
0, 0, 0, 0, 0, 0, 0, 0, 0, 0, 0, 0, 0, 0, 0, 0, 0, 0, 0, 0, 0, 0, 0, 0, 0, 0, 0, 0, 0, 0, 0, 0, 0, 0, 0, 0, 0, 0, 0, 0, 0, 0, 0, 0, 0, 0, 0, 0, 0, 0, 0, 0, 0, 0, 0, 0, 0, 0, 0, 0, 0, 0, 0, 0, 0, 0, 0, 0, 0, 0, 0, 0, 0, 0, 0, 0, 0, 0, 0, 0, 0, 0, 0, 0, 0, 0, 0, 0, 0, 0.0019525264, 0.0014223276, 0.0011648787, 0.0010700101, 0.0010461196, 0.0010112786, 0.0009788526, 0.000962012, 0.00092723046, 0.00089193135, 0.00087452185, 0.0008396121, 0.00080523134, 0.0007712187, 0.00075436506, 0.00072029565, 0.00068647036, 0.0006692056, 0.00063410884, 0.00059739134, 0.0005590812, 0.00053918053, 0.00049865467, 0.00045886927, 0.00043976575, 0.00040376757, 0.0003697289, 0.00035270184, 0.0003177619, 0.00028243588, 0.00024901165, 0.00023394029, 0.00020920041, 0.00019281323, 0.0001883615, 0.00018734869, 0.00019740479, 0.00021848659, 0.00023279907, 0.00026709284, 0.00030559828, 0.00032471836, 0.00036012396, 0.00039023638, 0.00040308214, 0.0004267009, 0.00045254623, 0.00049033604, 0.000519418, 0.0006202192, 0.0008206171, 0.0009570675, 0, 0, 0, 0, 0, 0, 0, 0, 0
0, 0, 0, 0, 0, 0, 0, 0, 0, 0, 0, 0, 0, 0, 0, 0, 0, 0, 0, 0, 0, 0, 0, 0, 0, 0, 0, 0, 0, 0, 0, 0, 0, 0, 0, 0, 0, 0, 0, 0, 0, 0, 0, 0, 0, 0, 0, 0, 0, 0, 0, 0, 0, 0, 0, 0, 0, 0, 0, 0, 0, 0, 0, 0, 0, 0, 0, 0, 0, 0, 0, 0, 0, 0, 0, 0, 0, 0, 0, 0, 0, 0, 0, 0, 0, 0, 0, 0, 0, 0.0016589143, 0.0014603606, 0.0013476245, 0.0013130131, 0.0013059125, 0.001292518, 0.0012739765, 0.0012628166, 0.0012385305, 0.0012139736, 0.0012021643, 0.0011793799, 0.0011572957, 0.0011349849, 0.0011236612, 0.00110028, 0.0010757722, 0.001062863, 0.0010357763, 0.0010059944, 0.00097313285, 0.0009555428, 0.0009184912, 0.0008807645, 0.0008618564, 0.00082355633, 0.0007839399, 0.00076286757, 0.0007171705, 0.00066778687, 0.00061775075, 0.0005934364, 0.0005481902, 0.00051059516, 0.0004952625, 0.00047304571, 0.00046268734, 0.00046447903, 0.00046958926, 0.0004872235, 0.00051164126, 0.00052473677, 0.00054945436, 0.0005684773, 0.00057521526, 0.0005844674, 0.0005924885, 0.00060947426, 0.0006270699, 0.00069700385, 0.0008011364, 0, 0, 0, 0, 0, 0, 0, 0, 0, 0
0, 0, 0, 0, 0, 0, 0, 0, 0, 0, 0, 0, 0, 0, 0, 0, 0, 0, 0, 0, 0, 0, 0, 0, 0, 0, 0, 0, 0, 0, 0, 0, 0, 0, 0, 0, 0, 0, 0, 0, 0, 0, 0, 0, 0, 0, 0, 0, 0, 0, 0, 0, 0, 0, 0, 0, 0, 0, 0, 0, 0, 0, 0, 0, 0, 0, 0, 0, 0, 0, 0, 0, 0, 0, 0, 0, 0, 0, 0, 0, 0, 0, 0, 0, 0, 0, 0, 0, 0.0022901439, 0.001972838, 0.0016493459, 0.0015765112, 0.0015810895, 0.0015884156, 0.00159686, 0.001594555, 0.0015902072, 0.001578294, 0.0015649574, 0.001558262, 0.0015458467, 0.0015337486, 0.0015208663, 0.0015137813, 0.0014986349, 0.0014815523, 0.0014724745, 0.0014524442, 0.0014291082, 0.0014021279, 0.0013874776, 0.0013560985, 0.0013225186, 0.0013050507, 0.0012678327, 0.0012267136, 0.0012039897, 0.0011541771, 0.0010995698, 0.0010422621, 0.0010136656, 0.00095822196, 0.0009077347, 0.00088534283, 0.00084778166, 0.0008206359, 0.00080396706, 0.00079926156, 0.0007970797, 0.00080246164, 0.0008066362, 0.00081586617, 0.00082207454, 0.00082319387, 0.0008218564, 0.0008198767, 0.0008317642, 0.0008511841, 0.0009425075, 0.0010938761, 0, 0, 0, 0, 0, 0, 0, 0, 0, 0
0, 0, 0, 0, 0, 0, 0, 0, 0, 0, 0, 0, 0, 0, 0, 0, 0, 0, 0, 0, 0, 0, 0, 0, 0, 0, 0, 0, 0, 0, 0, 0, 0, 0, 0, 0, 0, 0, 0, 0, 0, 0, 0, 0, 0, 0, 0, 0, 0, 0, 0, 0, 0, 0, 0, 0, 0, 0, 0, 0, 0, 0, 0, 0, 0, 0, 0, 0, 0, 0, 0, 0, 0, 0, 0, 0, 0, 0, 0, 0, 0, 0, 0, 0, 0, 0, 0, 0, 0.0025177936, 0.0022006193, 0.0018874083, 0.0018269862, 0.0018487495, 0.001865079, 0.0018921517, 0.0019080964, 0.0019122788, 0.0019161231, 0.0019165184, 0.0019160552, 0.0019144027, 0.0019115494, 0.0019062273, 0.0019028427, 0.0018936335, 0.0018820023, 0.0018754178, 0.001861011, 0.0018441573, 0.001824279, 0.001813312, 0.0017890565, 0.0017621627, 0.0017475612, 0.0017152601, 0.0016780092, 0.001657005, 0.0016110328, 0.0015598098, 0.0015053372, 0.0014776924, 0.0014226023, 0.0013697307, 0.0013451445, 0.0013005357, 0.0012623582, 0.0012301425, 0.001216178, 0.0011927764, 0.0011752339, 0.0011683068, 0.0011560791, 0.0011429611, 0.0011351453, 0.0011181433, 0.0011052933, 0.0011186637, 0.0011497632, 0.0013067671, 0.0015717507, 0, 0, 0, 0, 0, 0, 0, 0, 0, 0
0, 0, 0, 0, 0, 0, 0, 0, 0, 0, 0, 0, 0, 0, 0, 0, 0, 0, 0, 0, 0, 0, 0, 0, 0, 0, 0, 0, 0, 0, 0, 0, 0, 0, 0, 0, 0, 0, 0, 0, 0, 0, 0, 0, 0, 0, 0, 0, 0, 0, 0, 0, 0, 0, 0, 0, 0, 0, 0, 0, 0, 0, 0, 0, 0, 0, 0, 0, 0, 0, 0, 0, 0, 0, 0, 0, 0, 0, 0, 0, 0, 0, 0, 0, 0, 0, 0, 0.003254988, 0.0024731467, 0.0022281625, 0.0020189555, 0.0020073992, 0.0020572562, 0.0020855712, 0.0021366891, 0.0021759125, 0.0021913534, 0.0022160483, 0.0022348445, 0.002242463, 0.0022548123, 0.0022632722, 0.002267578, 0.0022678727, 0.0022656186, 0.0022600063, 0.0022561657, 0.0022474988, 0.0022374818, 0.0022254658, 0.002218686, 0.0022029814, 0.0021846443, 0.0021741488, 0.0021500222, 0.0021208262, 0.0021044826, 0.002068297, 0.002027503, 0.0019835993, 0.0019609188, 0.0019149106, 0.0018687942, 0.0018463613, 0.0018024684, 0.0017594977, 0.0017159628, 0.0016940752, 0.0016502335, 0.0016083913, 0.0015882179, 0.0015476231, 0.0015046628, 0.0014819896, 0.0014341344, 0.0013933996, 0.0013915834, 0.001427052, 0.0016500066, 0.0021544625, 0, 0, 0, 0, 0, 0, 0, 0, 0, 0
0, 0, 0, 0, 0, 0, 0, 0, 0, 0, 0, 0, 0, 0, 0, 0, 0, 0, 0, 0, 0, 0, 0, 0, 0, 0, 0, 0, 0, 0, 0, 0, 0, 0, 0, 0, 0, 0, 0, 0, 0, 0, 0, 0, 0, 0, 0, 0, 0, 0, 0, 0, 0, 0, 0, 0, 0, 0, 0, 0, 0, 0, 0, 0, 0, 0, 0, 0, 0, 0, 0, 0, 0, 0, 0, 0, 0, 0, 0, 0, 0, 0, 0, 0, 0, 0, 0, 0.002355969, 0.0020678171, 0.0019900205, 0.0019793876, 0.0020636062, 0.0021672633, 0.0022162138, 0.0023024254, 0.0023727207, 0.0024025412, 0.002453509, 0.0024948735, 0.0025125968, 0.0025429337, 0.0025672407, 0.0025852304, 0.002592041, 0.0026004284, 0.0026041477, 0.0026046615, 0.0026036585, 0.002601151, 0.0025974996, 0.0025950843, 0.0025887636, 0.0025795498, 0.002573909, 0.002559859, 0.0025414084, 0.002530688, 0.002506448, 0.0024791053, 0.00244952, 0.0024342178, 0.002402452, 0.002368636, 0.0023508132, 0.0023128856, 0.0022696347, 0.002218799, 0.0021905205, 0.0021296921, 0.00206409, 0.0020298874, 0.0019568133, 0.0018756846, 0.0018316411, 0.0017376132, 0.0016484321, 0.0016051509, 0.0016264142, 0.0018041737, 0, 0, 0, 0, 0, 0, 0, 0, 0, 0, 0
0, 0, 0, 0, 0, 0, 0, 0, 0, 0, 0, 0, 0, 0, 0, 0, 0, 0, 0, 0, 0, 0, 0, 0, 0, 0, 0, 0, 0, 0, 0, 0, 0, 0, 0, 0, 0, 0, 0, 0, 0, 0, 0, 0, 0, 0, 0, 0, 0, 0, 0, 0, 0, 0, 0, 0, 0, 0, 0, 0, 0, 0, 0, 0, 0, 0, 0, 0, 0, 0, 0, 0, 0, 0, 0, 0, 0, 0, 0, 0, 0, 0, 0, 0, 0, 0, 0, 0.0018205744, 0.0017463501, 0.0017641574, 0.0018861898, 0.0020493816, 0.0022061463, 0.0022768402, 0.002401476, 0.002505524, 0.00255081, 0.0026296356, 0.0026950468, 0.0027239139, 0.0027750474, 0.0028183996, 0.002854283, 0.0028690589, 0.0028931547, 0.0029101083, 0.0029163368, 0.0029256043, 0.0029318454, 0.002936723, 0.002938534, 0.0029413784, 0.0029420254, 0.0029414615, 0.002937481, 0.002929577, 0.0029243387, 0.0029115751, 0.0028969923, 0.0028812254, 0.0028728878, 0.0028551398, 0.0028339578, 0.0028213875, 0.0027897693, 0.002747014, 0.0026909665, 0.0026579746, 0.0025832192, 0.0024972977, 0.002450204, 0.0023463867, 0.0022272225, 0.0021611408, 0.0020185704, 0.0018765053, 0.0017912072, 0.001809469, 0.0021077169, 0, 0, 0, 0, 0, 0, 0, 0, 0, 0, 0
0, 0, 0, 0, 0, 0, 0, 0, 0, 0, 0, 0, 0, 0, 0, 0, 0, 0, 0, 0, 0, 0, 0, 0, 0, 0, 0, 0, 0, 0, 0, 0, 0, 0, 0, 0, 0, 0, 0, 0, 0, 0, 0, 0, 0, 0, 0, 0, 0, 0, 0, 0, 0, 0, 0, 0, 0, 0, 0, 0, 0, 0, 0, 0, 0, 0, 0, 0, 0, 0, 0, 0, 0, 0, 0, 0, 0, 0, 0, 0, 0, 0, 0, 0, 0, 0, 0, 0.0020270601, 0.0017550793, 0.0017573547, 0.0018856208, 0.0020684951, 0.0022492597, 0.0023332092, 0.0024849675, 0.0026155412, 0.0026736131, 0.0027759385, 0.002862828, 0.0029019592, 0.0029722967, 0.0030341279, 0.0030877418, 0.0031114086, 0.003152063, 0.0031843518, 0.0031973715, 0.0032185025, 0.0032346987, 0.0032481125, 0.003254187, 0.003265332, 0.003274904, 0.0032788573, 0.0032840779, 0.0032851172, 0.0032842471, 0.0032802802, 0.0032741723, 0.0032670735, 0.003263197, 0.003253595, 0.0032396778, 0.003229481, 0.0032002772, 0.0031555383, 0.0030930724, 0.0030553492, 0.0029676463, 0.0028648407, 0.0028075315, 0.002680493, 0.002534206, 0.002453377, 0.0022790679, 0.0021052365, 0.0019893136, 0.001983995, 0.0020916045, 0, 0, 0, 0, 0, 0, 0, 0, 0, 0, 0
0, 0, 0, 0, 0, 0, 0, 0, 0, 0, 0, 0, 0, 0, 0, 0, 0, 0, 0, 0, 0, 0, 0, 0, 0, 0, 0, 0, 0, 0, 0, 0, 0, 0, 0, 0, 0, 0, 0, 0, 0, 0, 0, 0, 0, 0, 0, 0, 0, 0, 0, 0, 0, 0, 0, 0, 0, 0, 0, 0, 0, 0, 0, 0, 0, 0, 0, 0, 0, 0, 0, 0, 0, 0, 0, 0, 0, 0, 0, 0, 0, 0, 0, 0, 0, 0, 0.0028928504, 0.0021685665, 0.0019093226, 0.001906829, 0.002019105, 0.0021903433, 0.0023689177, 0.0024550527, 0.0026166942, 0.0027607875, 0.0028258848, 0.0029432387, 0.0030450225, 0.0030910696, 0.0031756202, 0.0032510534, 0.0033181296, 0.0033486092, 0.003403184, 0.0034489306, 0.0034684935, 0.00350125, 0.0035272937, 0.003549058, 0.003558906, 0.0035771057, 0.00359355, 0.00360079, 0.0036120508, 0.0036186315, 0.0036200439, 0.0036196643, 0.0036156983, 0.0036091367, 0.0036046626, 0.003593258, 0.0035760375, 0.0035638872, 0.0035289414, 0.0034760945, 0.0034031013, 0.0033592512, 0.003257626, 0.0031394502, 0.0030742858, 0.0029313986, 0.0027713506, 0.002685289, 0.0025069227, 0.0023483585, 0.0022979185, 0.00236085, 0.0026677053, 0, 0, 0, 0, 0, 0, 0, 0, 0, 0, 0
0, 0, 0, 0, 0, 0, 0, 0, 0, 0, 0, 0, 0, 0, 0, 0, 0, 0, 0, 0, 0, 0, 0, 0, 0, 0, 0, 0, 0, 0, 0, 0, 0, 0, 0, 0, 0, 0, 0, 0, 0, 0, 0, 0, 0, 0, 0, 0, 0, 0, 0, 0, 0, 0, 0, 0, 0, 0, 0, 0, 0, 0, 0, 0, 0, 0, 0, 0, 0, 0, 0, 0, 0, 0, 0, 0, 0, 0, 0, 0, 0, 0, 0, 0, 0, 0, 0.0023826698, 0.0021557908, 0.002102953, 0.0021394761, 0.0022736262, 0.0024384528, 0.0026068762, 0.0026891974, 0.0028469851, 0.002992322, 0.0030595688, 0.0031823711, 0.0032904462, 0.0033397474, 0.0034303437, 0.0035120123, 0.003585443, 0.0036194203, 0.0036814911, 0.0037358315, 0.0037599297, 0.0038019228, 0.0038367203, 0.003865557, 0.003878315, 0.003901501, 0.0039213584, 0.003929553, 0.003942084, 0.003948446, 0.003949156, 0.003945808, 0.003936291, 0.0039205006, 0.003910438, 0.0038855504, 0.0038531753, 0.003833236, 0.003782699, 0.0037144483, 0.0036258309, 0.003573776, 0.0034556915, 0.0033201876, 0.0032465977, 0.0030885148, 0.0029183435, 0.0028304846, 0.0026615271, 0.0025426785, 0.002599891, 0.002771382, 0.0035356814, 0, 0, 0, 0, 0, 0, 0, 0, 0, 0, 0
0, 0, 0, 0, 0, 0, 0, 0, 0, 0, 0, 0, 0, 0, 0, 0, 0, 0, 0, 0, 0, 0, 0, 0, 0, 0, 0, 0, 0, 0, 0, 0, 0, 0, 0, 0, 0, 0, 0, 0, 0, 0, 0, 0, 0, 0, 0, 0, 0, 0, 0, 0, 0, 0, 0, 0, 0, 0, 0, 0, 0, 0, 0, 0, 0, 0, 0, 0, 0, 0, 0, 0, 0, 0, 0, 0, 0, 0, 0, 0, 0, 0, 0, 0, 0, 0.0032029788, 0.0027780104, 0.002405083, 0.002419231, 0.0024826766, 0.0026428557, 0.0028101893, 0.002971965, 0.0030497191, 0.0031992488, 0.0033387535, 0.0034043097, 0.003525409, 0.00363245, 0.0036810357, 0.0037702827, 0.003850247, 0.0039228657, 0.003956569, 0.004019224, 0.004075536, 0.004101157, 0.0041475864, 0.004187209, 0.0042200186, 0.0042343372, 0.0042584804, 0.0042773606, 0.0042842957, 0.0042923107, 0.0042925845, 0.004289809, 0.004277181, 0.004254959, 0.0042223004, 0.0042021195, 0.004154772, 0.0040979143, 0.004065658, 0.003991436, 0.003901458, 0.003792781, 0.0037309558, 0.0035920707, 0.003434114, 0.0033486465, 0.003166815, 0.002975288, 0.0028800876, 0.002711339, 0.0026319106, 0.0027664572, 0.0029364186, 0, 0, 0, 0, 0, 0, 0, 0, 0, 0, 0, 0
0, 0, 0, 0, 0, 0, 0, 0, 0, 0, 0, 0, 0, 0, 0, 0, 0, 0, 0, 0, 0, 0, 0, 0, 0, 0, 0, 0, 0, 0, 0, 0, 0, 0, 0, 0, 0, 0, 0, 0, 0, 0, 0, 0, 0, 0, 0, 0, 0, 0, 0, 0, 0, 0, 0, 0, 0, 0, 0, 0, 0, 0, 0, 0, 0, 0, 0, 0, 0, 0, 0, 0, 0, 0, 0, 0, 0, 0, 0, 0, 0, 0, 0, 0, 0, 0.0035024986, 0.0031083843, 0.0027976364, 0.0028495006, 0.002927161, 0.0031063186, 0.003282115, 0.003444374, 0.0035205071, 0.003664371, 0.0037980012, 0.0038607214, 0.0039765313, 0.004078928, 0.004125327, 0.0042086807, 0.0042824694, 0.0043480597, 0.004378312, 0.004434772, 0.004486121, 0.00451005, 0.0045540365, 0.0045920354, 0.0046234163, 0.0046365075, 0.0046575055, 0.0046708793, 0.0046743243, 0.004674138, 0.004664117, 0.0046554287, 0.004629293, 0.0045900163, 0.0045360676, 0.0045037623, 0.004429653, 0.0043438403, 0.0042968313, 0.00419422, 0.0040782294, 0.003945975, 0.0038726565, 0.0037098045, 0.0035247635, 0.0034245949, 0.0032084787, 0.0029784287, 0.0028641627, 0.0026685088, 0.0026234502, 0.0029820818, 0.0034048194, 0, 0, 0, 0, 0, 0, 0, 0, 0, 0, 0, 0
0, 0, 0, 0, 0, 0, 0, 0, 0, 0, 0, 0, 0, 0, 0, 0, 0, 0, 0, 0, 0, 0, 0, 0, 0, 0, 0, 0, 0, 0, 0, 0, 0, 0, 0, 0, 0, 0, 0, 0, 0, 0, 0, 0, 0, 0, 0, 0, 0, 0, 0, 0, 0, 0, 0, 0, 0, 0, 0, 0, 0, 0, 0, 0, 0, 0, 0, 0, 0, 0, 0, 0, 0, 0, 0, 0, 0, 0, 0, 0, 0, 0, 0, 0, 0.004558175, 0.0035521882, 0.0032936903, 0.0031719606, 0.0033069204, 0.0034065077, 0.0036136121, 0.003807107, 0.003979925, 0.004059512, 0.004206497, 0.0043394295, 0.0044010375, 0.004513964, 0.004613027, 0.0046573062, 0.004735952, 0.004802922, 0.004859617, 0.0048848065, 0.004930536, 0.0049715037, 0.004990231, 0.0050245384, 0.005053637, 0.005077108, 0.005086266, 0.00509924, 0.0051038014, 0.00510274, 0.005091955, 0.0050698393, 0.005053914, 0.0050115758, 0.0049532414, 0.00487739, 0.004832741, 0.0047316677, 0.004616414, 0.004554248, 0.0044211387, 0.0042763497, 0.0041174563, 0.0040314794, 0.0038437769, 0.0036322006, 0.003517098, 0.003266987, 0.0029937825, 0.0028538178, 0.0025996082, 0.0025011466, 0.0028502687, 0.003267609, 0, 0, 0, 0, 0, 0, 0, 0, 0, 0, 0, 0
0, 0, 0, 0, 0, 0, 0, 0, 0, 0, 0, 0, 0, 0, 0, 0, 0, 0, 0, 0, 0, 0, 0, 0, 0, 0, 0, 0, 0, 0, 0, 0, 0, 0, 0, 0, 0, 0, 0, 0, 0, 0, 0, 0, 0, 0, 0, 0, 0, 0, 0, 0, 0, 0, 0, 0, 0, 0, 0, 0, 0, 0, 0, 0, 0, 0, 0, 0, 0, 0, 0, 0, 0, 0, 0, 0, 0, 0, 0, 0, 0, 0, 0, 0, 0.003669554, 0.0033967565, 0.0033646736, 0.0034975065, 0.0037422145, 0.0038716234, 0.0041168, 0.004335593, 0.004528091, 0.0046155574, 0.0047750324, 0.004915969, 0.0049801567, 0.0050971517, 0.005198404, 0.0052433587, 0.005322203, 0.005386479, 0.005437715, 0.005458881, 0.005494303, 0.0055224937, 0.005534322, 0.005554522, 0.0055695022, 0.005579599, 0.0055827, 0.005583909, 0.0055771656, 0.005570017, 0.0055471156, 0.005510905, 0.0054870835, 0.0054272474, 0.005349277, 0.0052515464, 0.0051953676, 0.005068805, 0.004924941, 0.0048474125, 0.0046830615, 0.004507219, 0.004319241, 0.0042199204, 0.0040074964, 0.0037740334, 0.0036484662, 0.003377382, 0.0030819133, 0.0029294896, 0.002647922, 0.0024946267, 0.002567111, 0, 0, 0, 0, 0, 0, 0, 0, 0, 0, 0, 0, 0
0, 0, 0, 0, 0, 0, 0, 0, 0, 0, 0, 0, 0, 0, 0, 0, 0, 0, 0, 0, 0, 0, 0, 0, 0, 0, 0, 0, 0, 0, 0, 0, 0, 0, 0, 0, 0, 0, 0, 0, 0, 0, 0, 0, 0, 0, 0, 0, 0, 0, 0, 0, 0, 0, 0, 0, 0, 0, 0, 0, 0, 0, 0, 0, 0, 0, 0, 0, 0, 0, 0, 0, 0, 0, 0, 0, 0, 0, 0, 0, 0, 0, 0, 0, 0.004414512, 0.0037495885, 0.0037176968, 0.0038994723, 0.0041823946, 0.004325287, 0.004593118, 0.0048327665, 0.005045905, 0.0051435125, 0.0053212014, 0.005477633, 0.0055486285, 0.005677563, 0.00578943, 0.005839402, 0.0059264475, 0.005996175, 0.0060496074, 0.006070335, 0.006101429, 0.0061206855, 0.0061267354, 0.006133216, 0.0061335033, 0.006128735, 0.006124527, 0.006111479, 0.0060910825, 0.0060769054, 0.006038965, 0.005986091, 0.00595353, 0.005874477, 0.00577567, 0.005656493, 0.0055889534, 0.0054378323, 0.005266429, 0.005173969, 0.0049777636, 0.004768888, 0.0045487112, 0.0044343574, 0.0041954075, 0.0039413087, 0.0038080802, 0.0035296367, 0.0032412207, 0.003101604, 0.0028831956, 0.0028913766, 0.0032307354, 0, 0, 0, 0, 0, 0, 0, 0, 0, 0, 0, 0, 0
0, 0, 0, 0, 0, 0, 0, 0, 0, 0, 0, 0, 0, 0, 0, 0, 0, 0, 0, 0, 0, 0, 0, 0, 0, 0, 0, 0, 0, 0, 0, 0, 0, 0, 0, 0, 0, 0, 0, 0, 0, 0, 0, 0, 0, 0, 0, 0, 0, 0, 0, 0, 0, 0, 0, 0, 0, 0, 0, 0, 0, 0, 0, 0, 0, 0, 0, 0, 0, 0, 0, 0, 0, 0, 0, 0, 0, 0, 0, 0, 0, 0, 0, 0.008853067, 0.0053988886, 0.004384274, 0.004282255, 0.0043888725, 0.0046361927, 0.0047698286, 0.0050321394, 0.0052780304, 0.005504732, 0.0056109014, 0.0058074044, 0.005983674, 0.006064562, 0.0062124007, 0.006342856, 0.0064013605, 0.0065051103, 0.006590096, 0.006655719, 0.006681078, 0.006717932, 0.0067381943, 0.0067427866, 0.0067427712, 0.0067332545, 0.006716347, 0.0067054625, 0.0066783866, 0.0066424343, 0.0066200206, 0.006564107, 0.0064916317, 0.006448674, 0.006348421, 0.006228159, 0.006086766, 0.006007931, 0.005833247, 0.005636043, 0.0055293273, 0.0053029004, 0.005060617, 0.0048046843, 0.004672201, 0.004398205, 0.0041137245, 0.003968674, 0.0036774285, 0.0034008345, 0.0032823056, 0.0031588078, 0.0034031116, 0.004321471, 0, 0, 0, 0, 0, 0, 0, 0, 0, 0, 0, 0, 0
0, 0, 0, 0, 0, 0, 0, 0, 0, 0, 0, 0, 0, 0, 0, 0, 0, 0, 0, 0, 0, 0, 0, 0, 0, 0, 0, 0, 0, 0, 0, 0, 0, 0, 0, 0, 0, 0, 0, 0, 0, 0, 0, 0, 0, 0, 0, 0, 0, 0, 0, 0, 0, 0, 0, 0, 0, 0, 0, 0, 0, 0, 0, 0, 0, 0, 0, 0, 0, 0, 0, 0, 0, 0, 0, 0, 0, 0, 0, 0, 0, 0, 0, 0.0061727692, 0.005104833, 0.0046922415, 0.0046734572, 0.0048107044, 0.005038462, 0.0051619057, 0.0054103993, 0.0056539034, 0.005887885, 0.005999977, 0.006213614, 0.006410467, 0.0065023946, 0.0066737374, 0.0068276576, 0.0068979906, 0.0070248833, 0.007132956, 0.0072199265, 0.0072553135, 0.0073098545, 0.0073428024, 0.007351781, 0.007356385, 0.007345949, 0.0073232376, 0.0073078065, 0.0072690924, 0.007217959, 0.007186836, 0.0071116216, 0.007018214, 0.006964422, 0.0068424097, 0.0067000506, 0.006537446, 0.0064481064, 0.0062525035, 0.006033665, 0.005915559, 0.00566267, 0.0053894254, 0.0050965454, 0.0049432637, 0.0046235155, 0.004290412, 0.0041211573, 0.0037881164, 0.0034958313, 0.003388695, 0.003342929, 0.0036413064, 0, 0, 0, 0, 0, 0, 0, 0, 0, 0, 0, 0, 0, 0
0, 0, 0, 0, 0, 0, 0, 0, 0, 0, 0, 0, 0, 0, 0, 0, 0, 0, 0, 0, 0, 0, 0, 0, 0, 0, 0, 0, 0, 0, 0, 0, 0, 0, 0, 0, 0, 0, 0, 0, 0, 0, 0, 0, 0, 0, 0, 0, 0, 0, 0, 0, 0, 0, 0, 0, 0, 0, 0, 0, 0, 0, 0, 0, 0, 0, 0, 0, 0, 0, 0, 0, 0, 0, 0, 0, 0, 0, 0, 0, 0, 0, 0.005401661, 0.004815312, 0.004583467, 0.0046853363, 0.0047955723, 0.0050533214, 0.005317193, 0.005446588, 0.005700055, 0.0059475778, 0.0061894953, 0.0063078837, 0.006537205, 0.0067543844, 0.006857729, 0.0070535685, 0.007233554, 0.007316857, 0.007470596, 0.0076056863, 0.0077205645, 0.0077697914, 0.007850296, 0.007905917, 0.007924241, 0.007943381, 0.00794065, 0.007919086, 0.0079019675, 0.007855302, 0.0077918484, 0.0077531715, 0.007661301, 0.0075491033, 0.0074855383, 0.007343882, 0.0071824426, 0.0070011904, 0.006903138, 0.006691434, 0.0064573614, 0.006331231, 0.006060118, 0.0057629826, 0.005438156, 0.00526529, 0.004897496, 0.004502257, 0.004296283, 0.0038832685, 0.0035237933, 0.003407329, 0.0034777273, 0.0042813024, 0, 0, 0, 0, 0, 0, 0, 0, 0, 0, 0, 0, 0, 0
0, 0, 0, 0, 0, 0, 0, 0, 0, 0, 0, 0, 0, 0, 0, 0, 0, 0, 0, 0, 0, 0, 0, 0, 0, 0, 0, 0, 0, 0, 0, 0, 0, 0, 0, 0, 0, 0, 0, 0, 0, 0, 0, 0, 0, 0, 0, 0, 0, 0, 0, 0, 0, 0, 0, 0, 0, 0, 0, 0, 0, 0, 0, 0, 0, 0, 0, 0, 0, 0, 0, 0, 0, 0, 0, 0, 0, 0, 0, 0, 0, 0.005249737, 0.004735925, 0.004152383, 0.004214454, 0.0045580417, 0.0047544963, 0.0051286775, 0.005458966, 0.0056097438, 0.005892237, 0.0061594155, 0.006417771, 0.0065444205, 0.006791236, 0.0070287385, 0.007143168, 0.0073623126, 0.007566961, 0.007663205, 0.007843594, 0.008006141, 0.008149577, 0.008213321, 0.008322427, 0.008404912, 0.008435154, 0.008473768, 0.008484507, 0.008469367, 0.008452691, 0.0084032295, 0.008332551, 0.008289177, 0.0081858765, 0.008060215, 0.007989452, 0.007832523, 0.0076561915, 0.0074608433, 0.0073565613, 0.0071337665, 0.0068904236, 0.006760142, 0.0064796805, 0.0061697257, 0.005827155, 0.005642117, 0.005241021, 0.004793847, 0.0045521013, 0.0040448974, 0.0035645205, 0.003385632, 0.0033689085, 0.0041663437, 0, 0, 0, 0, 0, 0, 0, 0, 0, 0, 0, 0, 0, 0
0, 0, 0, 0, 0, 0, 0, 0, 0, 0, 0, 0, 0, 0, 0, 0, 0, 0, 0, 0, 0, 0, 0, 0, 0, 0, 0, 0, 0, 0, 0, 0, 0, 0, 0, 0, 0, 0, 0, 0, 0, 0, 0, 0, 0, 0, 0, 0, 0, 0, 0, 0, 0, 0, 0, 0, 0, 0, 0, 0, 0, 0, 0, 0, 0, 0, 0, 0, 0, 0, 0, 0, 0, 0, 0, 0, 0, 0, 0, 0, 0, 0.0037617336, 0.0036461242, 0.003618899, 0.0039399867, 0.004414718, 0.0046585184, 0.0051120864, 0.0055061965, 0.005683438, 0.0060092756, 0.006308948, 0.006593566, 0.006731327, 0.0069994153, 0.0072569354, 0.007381301, 0.007620489, 0.007845393, 0.007952184, 0.008154061, 0.008339083, 0.008506331, 0.008582313, 0.008716571, 0.008822732, 0.00886425, 0.008922404, 0.008947913, 0.008941556, 0.008927535, 0.008880119, 0.008808199, 0.00876285, 0.008654446, 0.008521603, 0.008446313, 0.008279582, 0.00809206, 0.007885909, 0.0077764336, 0.00754517, 0.0072955377, 0.007162982, 0.0068793353, 0.006567644, 0.006224022, 0.0060383137, 0.0056337547, 0.005174754, 0.0049218973, 0.00437335, 0.003817082, 0.003581481, 0.0033493896, 0, 0, 0, 0, 0, 0, 0, 0, 0, 0, 0, 0, 0, 0, 0
0, 0, 0, 0, 0, 0, 0, 0, 0, 0, 0, 0, 0, 0, 0, 0, 0, 0, 0, 0, 0, 0, 0, 0, 0, 0, 0, 0, 0, 0, 0, 0, 0, 0, 0, 0, 0, 0, 0, 0, 0, 0, 0, 0, 0, 0, 0, 0, 0, 0, 0, 0, 0, 0, 0, 0, 0, 0, 0, 0, 0, 0, 0, 0, 0, 0, 0, 0, 0, 0, 0, 0, 0, 0, 0, 0, 0, 0, 0, 0, 0, 0.003527406, 0.0033297555, 0.0034079703, 0.0038232747, 0.004341696, 0.004601704, 0.0050912052, 0.005527695, 0.0057267956, 0.0060941656, 0.006430397, 0.0067453007, 0.006896232, 0.0071869497, 0.0074626873, 0.0075954255, 0.007848688, 0.008086505, 0.008199209, 0.008413378, 0.008611522, 0.008792596, 0.008876088, 0.009026129, 0.009148755, 0.009198098, 0.009271427, 0.009309146, 0.009311791, 0.00930121, 0.009258508, 0.009189162, 0.009144713, 0.009036183, 0.008901486, 0.008824175, 0.008650587, 0.008454177, 0.008237813, 0.008123091, 0.007881939, 0.0076242886, 0.0074888146, 0.0072025144, 0.006893283, 0.0065578874, 0.0063792346, 0.0059964485, 0.005572963, 0.0053442614, 0.004861232, 0.0044059213, 0.0042433413, 0.0042196964, 0, 0, 0, 0, 0, 0, 0, 0, 0, 0, 0, 0, 0, 0, 0
0, 0, 0, 0, 0, 0, 0, 0, 0, 0, 0, 0, 0, 0, 0, 0, 0, 0, 0, 0, 0, 0, 0, 0, 0, 0, 0, 0, 0, 0, 0, 0, 0, 0, 0, 0, 0, 0, 0, 0, 0, 0, 0, 0, 0, 0, 0, 0, 0, 0, 0, 0, 0, 0, 0, 0, 0, 0, 0, 0, 0, 0, 0, 0, 0, 0, 0, 0, 0, 0, 0, 0, 0, 0, 0, 0, 0, 0, 0, 0, 0.004410752, 0.0035817137, 0.0034217262, 0.0035233083, 0.0039174906, 0.004404951, 0.0046541593, 0.005137228, 0.0055864262, 0.0057972497, 0.0061927773, 0.0065588793, 0.0069002416, 0.007063087, 0.0073728566, 0.0076625873, 0.0077995956, 0.008059184, 0.008300214, 0.008413946, 0.0086293565, 0.008828625, 0.00901146, 0.009095973, 0.009249911, 0.009378419, 0.009431425, 0.009511931, 0.009556624, 0.009565693, 0.009557694, 0.009519726, 0.009454729, 0.009412391, 0.009307297, 0.009173723, 0.009095616, 0.008917963, 0.008713142, 0.008485099, 0.008363803, 0.008109307, 0.00783913, 0.00769823, 0.0074040694, 0.0070912405, 0.0067579076, 0.006583289, 0.006217581, 0.005836568, 0.005645625, 0.005297587, 0.005113988, 0.005165657, 0.005730707, 0, 0, 0, 0, 0, 0, 0, 0, 0, 0, 0, 0, 0, 0, 0
0, 0, 0, 0, 0, 0, 0, 0, 0, 0, 0, 0, 0, 0, 0, 0, 0, 0, 0, 0, 0, 0, 0, 0, 0, 0, 0, 0, 0, 0, 0, 0, 0, 0, 0, 0, 0, 0, 0, 0, 0, 0, 0, 0, 0, 0, 0, 0, 0, 0, 0, 0, 0, 0, 0, 0, 0, 0, 0, 0, 0, 0, 0, 0, 0, 0, 0, 0, 0, 0, 0, 0, 0, 0, 0, 0, 0, 0, 0, 0, 0.00441345, 0.003782109, 0.0037054117, 0.0038504202, 0.0041993796, 0.0046244906, 0.004846631, 0.0052919723, 0.0057259155, 0.00593602, 0.006339204, 0.0067195403, 0.007075986, 0.0072453297, 0.0075655077, 0.007860431, 0.007998349, 0.008255699, 0.008490522, 0.008600522, 0.00880692, 0.008996435, 0.009169349, 0.0092495065, 0.009395631, 0.009519331, 0.009570571, 0.009649723, 0.0096944915, 0.009705074, 0.00969834, 0.00966308, 0.009601721, 0.009561363, 0.009460328, 0.009329532, 0.0092517175, 0.009071152, 0.008858637, 0.008618433, 0.008489921, 0.008218926, 0.00793197, 0.007782932, 0.007473685, 0.0071465936, 0.0067972457, 0.00661328, 0.0062287394, 0.0058371318, 0.005653347, 0.0053851283, 0.005475658, 0.005801774, 0.0073614204, 0, 0, 0, 0, 0, 0, 0, 0, 0, 0, 0, 0, 0, 0, 0
0, 0, 0, 0, 0, 0, 0, 0, 0, 0, 0, 0, 0, 0, 0, 0, 0, 0, 0, 0, 0, 0, 0, 0, 0, 0, 0, 0, 0, 0, 0, 0, 0, 0, 0, 0, 0, 0, 0, 0, 0, 0, 0, 0, 0, 0, 0, 0, 0, 0, 0, 0, 0, 0, 0, 0, 0, 0, 0, 0, 0, 0, 0, 0, 0, 0, 0, 0, 0, 0, 0, 0, 0, 0, 0, 0, 0, 0, 0, 0.0054648286, 0.00445273, 0.004096346, 0.004102677, 0.0043018116, 0.0046185544, 0.0049832724, 0.0051750545, 0.005568774, 0.005967169, 0.006165347, 0.0065541575, 0.00692836, 0.007282283, 0.0074505573, 0.0077679753, 0.008057529, 0.008191568, 0.00843951, 0.008661931, 0.008764756, 0.008955897, 0.009128469, 0.009283763, 0.009354965, 0.0094840275, 0.0095923785, 0.009637484, 0.009706668, 0.009744869, 0.009751894, 0.009744131, 0.009708476, 0.009648453, 0.009609316, 0.009511421, 0.009383022, 0.009305849, 0.009123627, 0.008905342, 0.008655282, 0.0085202465, 0.008233855, 0.007929725, 0.0077717053, 0.00744282, 0.007092813, 0.0067125154, 0.0065083075, 0.006068986, 0.005601819, 0.005375615, 0.0050399057, 0.0051746764, 0.005604122, 0.0073539093, 0, 0, 0, 0, 0, 0, 0, 0, 0, 0, 0, 0, 0, 0, 0
0, 0, 0, 0, 0, 0, 0, 0, 0, 0, 0, 0, 0, 0, 0, 0, 0, 0, 0, 0, 0, 0, 0, 0, 0, 0, 0, 0, 0, 0, 0, 0, 0, 0, 0, 0, 0, 0, 0, 0, 0, 0, 0, 0, 0, 0, 0, 0, 0, 0, 0, 0, 0, 0, 0, 0, 0, 0, 0, 0, 0, 0, 0, 0, 0, 0, 0, 0, 0, 0, 0, 0, 0, 0, 0, 0, 0, 0, 0.005973166, 0.0053467, 0.004583856, 0.00448173, 0.004560001, 0.00481808, 0.005125128, 0.0054493565, 0.005616651, 0.0059609404, 0.0063147848, 0.006493527, 0.00684949, 0.007197247, 0.007529408, 0.0076878737, 0.007987305, 0.008260486, 0.008386964, 0.008619386, 0.008826559, 0.008921243, 0.00909488, 0.009248185, 0.009381945, 0.009441732, 0.009547002, 0.009632533, 0.009667165, 0.009718416, 0.009744094, 0.009742411, 0.0097320145, 0.009693, 0.009631448, 0.009592154, 0.009494563, 0.009367037, 0.009290342, 0.009107997, 0.0088876225, 0.008632799, 0.0084940065, 0.008197127, 0.007878794, 0.0077125453, 0.0073642367, 0.0069902088, 0.0065790317, 0.006355248, 0.005863518, 0.0053172796, 0.0050379504, 0.0045691854, 0.0045651994, 0.0049569323, 0, 0, 0, 0, 0, 0, 0, 0, 0, 0, 0, 0, 0, 0, 0, 0
0, 0, 0, 0, 0, 0, 0, 0, 0, 0, 0, 0, 0, 0, 0, 0, 0, 0, 0, 0, 0, 0, 0, 0, 0, 0, 0, 0, 0, 0, 0, 0, 0, 0, 0, 0, 0, 0, 0, 0, 0, 0, 0, 0, 0, 0, 0, 0, 0, 0, 0, 0, 0, 0, 0, 0, 0, 0, 0, 0, 0, 0, 0, 0, 0, 0, 0, 0, 0, 0, 0, 0, 0, 0, 0, 0, 0, 0, 0.005701006, 0.0051523983, 0.004751668, 0.0048857057, 0.0050304877, 0.0053561204, 0.005677515, 0.0059863254, 0.006139428, 0.006446646, 0.0067581586, 0.0069153947, 0.0072279237, 0.007534876, 0.007829617, 0.007970963, 0.008239379, 0.008486724, 0.0086021265, 0.0088153565, 0.009005731, 0.009092588, 0.009249411, 0.009383725, 0.009495275, 0.009542498, 0.0096203545, 0.009677248, 0.009698439, 0.009725851, 0.009732588, 0.0097179795, 0.009702814, 0.009656808, 0.0095906, 0.00954954, 0.009448713, 0.009319564, 0.009242378, 0.009060977, 0.008842357, 0.00858816, 0.00844891, 0.008148103, 0.007820731, 0.007647858, 0.007282843, 0.006888269, 0.006454858, 0.006220656, 0.005712605, 0.0051591056, 0.004880188, 0.004402711, 0.0042367354, 0.004301955, 0, 0, 0, 0, 0, 0, 0, 0, 0, 0, 0, 0, 0, 0, 0, 0
0, 0, 0, 0, 0, 0, 0, 0, 0, 0, 0, 0, 0, 0, 0, 0, 0, 0, 0, 0, 0, 0, 0, 0, 0, 0, 0, 0, 0, 0, 0, 0, 0, 0, 0, 0, 0, 0, 0, 0, 0, 0, 0, 0, 0, 0, 0, 0, 0, 0, 0, 0, 0, 0, 0, 0, 0, 0, 0, 0, 0, 0, 0, 0, 0, 0, 0, 0, 0, 0, 0, 0, 0, 0, 0, 0, 0, 0, 0.0050920695, 0.0049268017, 0.0049743354, 0.005313116, 0.0055128243, 0.0059010237, 0.0062489277, 0.0065617682, 0.006709419, 0.006995623, 0.0072744964, 0.007411848, 0.007681428, 0.007941954, 0.008191636, 0.00831205, 0.008541764, 0.008756973, 0.008858534, 0.009049042, 0.00922106, 0.009299391, 0.009439339, 0.009554813, 0.009643969, 0.009678373, 0.009728027, 0.0097549055, 0.009761026, 0.009760575, 0.00974421, 0.009711744, 0.009689407, 0.009632296, 0.009557111, 0.00951164, 0.00940337, 0.009268337, 0.009189333, 0.009006896, 0.008789969, 0.008539456, 0.008401639, 0.008101993, 0.0077708378, 0.007593985, 0.007216527, 0.0068048146, 0.0063539823, 0.006113552, 0.0056108227, 0.0051178564, 0.0049091745, 0.004714528, 0.0050660935, 0.00539403, 0, 0, 0, 0, 0, 0, 0, 0, 0, 0, 0, 0, 0, 0, 0, 0
0, 0, 0, 0, 0, 0, 0, 0, 0, 0, 0, 0, 0, 0, 0, 0, 0, 0, 0, 0, 0, 0, 0, 0, 0, 0, 0, 0, 0, 0, 0, 0, 0, 0, 0, 0, 0, 0, 0, 0, 0, 0, 0, 0, 0, 0, 0, 0, 0, 0, 0, 0, 0, 0, 0, 0, 0, 0, 0, 0, 0, 0, 0, 0, 0, 0, 0, 0, 0, 0, 0, 0, 0, 0, 0, 0, 0, 0.009057459, 0.0059462697, 0.0055015, 0.0054685567, 0.0058348384, 0.006048542, 0.0064595174, 0.0068244543, 0.007146242, 0.007294249, 0.0075710197, 0.007828708, 0.007951326, 0.008185217, 0.00840463, 0.008611193, 0.008710275, 0.008899616, 0.009079185, 0.009165433, 0.009329445, 0.009479194, 0.009547621, 0.0096673155, 0.009761912, 0.009827894, 0.009849726, 0.00987264, 0.009871241, 0.009863292, 0.009835398, 0.009793945, 0.00973995, 0.0097084055, 0.009634556, 0.009544489, 0.009491899, 0.009369722, 0.009222281, 0.009138281, 0.00894819, 0.008728807, 0.0084795365, 0.008343254, 0.008046902, 0.007717378, 0.007539475, 0.0071563977, 0.0067326436, 0.0062638638, 0.0060131336, 0.005495169, 0.005026811, 0.004874284, 0.0050067436, 0.006256287, 0.0072671506, 0, 0, 0, 0, 0, 0, 0, 0, 0, 0, 0, 0, 0, 0, 0, 0
0, 0, 0, 0, 0, 0, 0, 0, 0, 0, 0, 0, 0, 0, 0, 0, 0, 0, 0, 0, 0, 0, 0, 0, 0, 0, 0, 0, 0, 0, 0, 0, 0, 0, 0, 0, 0, 0, 0, 0, 0, 0, 0, 0, 0, 0, 0, 0, 0, 0, 0, 0, 0, 0, 0, 0, 0, 0, 0, 0, 0, 0, 0, 0, 0, 0, 0, 0, 0, 0, 0, 0, 0, 0, 0, 0, 0.009436749, 0.0076753576, 0.0062774206, 0.006020255, 0.0060575674, 0.006405407, 0.006609103, 0.0070109568, 0.007378566, 0.007706331, 0.007856233, 0.008131648, 0.008378164, 0.008491377, 0.00870088, 0.008889537, 0.009061539, 0.00914251, 0.009295941, 0.009440868, 0.00951084, 0.009644598, 0.009766908, 0.009821928, 0.009916271, 0.00998556, 0.01002698, 0.010036696, 0.010035338, 0.010009842, 0.00998969, 0.009937836, 0.009872965, 0.009796717, 0.00975407, 0.009658682, 0.009546936, 0.00948369, 0.00933961, 0.009171205, 0.009077578, 0.008870976, 0.00864053, 0.00838571, 0.008248881, 0.007954134, 0.00762887, 0.007453407, 0.007074091, 0.006651406, 0.006176133, 0.0059176064, 0.0053692474, 0.004846919, 0.004661358, 0.0047473456, 0.0060019325, 0, 0, 0, 0, 0, 0, 0, 0, 0, 0, 0, 0, 0, 0, 0, 0, 0
0, 0, 0, 0, 0, 0, 0, 0, 0, 0, 0, 0, 0, 0, 0, 0, 0, 0, 0, 0, 0, 0, 0, 0, 0, 0, 0, 0, 0, 0, 0, 0, 0, 0, 0, 0, 0, 0, 0, 0, 0, 0, 0, 0, 0, 0, 0, 0, 0, 0, 0, 0, 0, 0, 0, 0, 0, 0, 0, 0, 0, 0, 0, 0, 0, 0, 0, 0, 0, 0, 0, 0, 0, 0, 0, 0, 0.0069733574, 0.0064144363, 0.006167587, 0.0062070554, 0.006486875, 0.00688246, 0.0070891287, 0.0074913297, 0.007863111, 0.008198053, 0.008351295, 0.008629868, 0.008873444, 0.008982906, 0.009179358, 0.00935003, 0.009499677, 0.00956794, 0.009693483, 0.009808356, 0.009862435, 0.00996405, 0.010054286, 0.0100935865, 0.010157253, 0.0101971775, 0.010212117, 0.0102099925, 0.010186879, 0.010141096, 0.010111468, 0.010040048, 0.009954935, 0.00985677, 0.009802646, 0.009682548, 0.00954361, 0.009466196, 0.009293002, 0.009095708, 0.00898821, 0.00875668, 0.008505668, 0.008236901, 0.008095295, 0.00779679, 0.0074736755, 0.0073012714, 0.006932265, 0.0065253964, 0.0060730586, 0.0058283117, 0.0053093107, 0.00480346, 0.0046050902, 0.004480079, 0, 0, 0, 0, 0, 0, 0, 0, 0, 0, 0, 0, 0, 0, 0, 0, 0, 0
0, 0, 0, 0, 0, 0, 0, 0, 0, 0, 0, 0, 0, 0, 0, 0, 0, 0, 0, 0, 0, 0, 0, 0, 0, 0, 0, 0, 0, 0, 0, 0, 0, 0, 0, 0, 0, 0, 0, 0, 0, 0, 0, 0, 0, 0, 0, 0, 0, 0, 0, 0, 0, 0, 0, 0, 0, 0, 0, 0, 0, 0, 0, 0, 0, 0, 0, 0, 0, 0, 0, 0, 0, 0, 0, 0.009632478, 0.0075928555, 0.0060767285, 0.006055127, 0.0062324805, 0.0066919136, 0.0071684937, 0.007396892, 0.007827357, 0.008219811, 0.008571548, 0.008731203, 0.009019071, 0.0092664305, 0.009376253, 0.009570402, 0.009735154, 0.009874713, 0.009936222, 0.010044465, 0.010136553, 0.010177514, 0.01024936, 0.010306709, 0.010329051, 0.010359325, 0.010368863, 0.010357137, 0.010343227, 0.010300102, 0.01023759, 0.010199849, 0.0101120975, 0.010008795, 0.009889559, 0.0098231165, 0.009676423, 0.009507378, 0.009413571, 0.009207982, 0.008978002, 0.00885487, 0.008593966, 0.008318244, 0.008029167, 0.007879873, 0.007569888, 0.0072413115, 0.00706824, 0.0067031966, 0.006311041, 0.0058953087, 0.0056835655, 0.00528138, 0.0050083525, 0.004993665, 0.0053866506, 0, 0, 0, 0, 0, 0, 0, 0, 0, 0, 0, 0, 0, 0, 0, 0, 0, 0
0, 0, 0, 0, 0, 0, 0, 0, 0, 0, 0, 0, 0, 0, 0, 0, 0, 0, 0, 0, 0, 0, 0, 0, 0, 0, 0, 0, 0, 0, 0, 0, 0, 0, 0, 0, 0, 0, 0, 0, 0, 0, 0, 0, 0, 0, 0, 0, 0, 0, 0, 0, 0, 0, 0, 0, 0, 0, 0, 0, 0, 0, 0, 0, 0, 0, 0, 0, 0, 0, 0, 0, 0, 0, 0.0053562177, 0.004978926, 0.0049122884, 0.005132604, 0.0056516123, 0.005957238, 0.006579011, 0.0071691857, 0.007445337, 0.007958641, 0.008419286, 0.0088255545, 0.009008072, 0.009331553, 0.009604547, 0.009724021, 0.0099344, 0.010111835, 0.010259332, 0.010322528, 0.010427435, 0.010504741, 0.010533449, 0.010570737, 0.010583226, 0.010580473, 0.01055841, 0.010517256, 0.010459937, 0.010425365, 0.010346448, 0.010252703, 0.0101995915, 0.01007934, 0.009937513, 0.009772888, 0.009681723, 0.009480845, 0.009255738, 0.009134289, 0.008874019, 0.008593192, 0.008446744, 0.008144181, 0.007831972, 0.0075108963, 0.0073466115, 0.007007722, 0.0066501945, 0.0064618113, 0.0060607786, 0.0056242915, 0.0051650284, 0.004943797, 0.004614155, 0.004722448, 0.0051119206, 0.0067245383, 0, 0, 0, 0, 0, 0, 0, 0, 0, 0, 0, 0, 0, 0, 0, 0, 0, 0
0, 0, 0, 0, 0, 0, 0, 0, 0, 0, 0, 0, 0, 0, 0, 0, 0, 0, 0, 0, 0, 0, 0, 0, 0, 0, 0, 0, 0, 0, 0, 0, 0, 0, 0, 0, 0, 0, 0, 0, 0, 0, 0, 0, 0, 0, 0, 0, 0, 0, 0, 0, 0, 0, 0, 0, 0, 0, 0, 0, 0, 0, 0, 0, 0, 0, 0, 0, 0, 0, 0, 0, 0, 0, 0.004704468, 0.0043557654, 0.004418863, 0.0048433766, 0.0054473914, 0.005766867, 0.006396129, 0.0069909794, 0.0072717695, 0.0077984706, 0.008275853, 0.00869994, 0.008891, 0.009231494, 0.009519046, 0.009645942, 0.009869643, 0.010060025, 0.010219653, 0.0102884425, 0.010402727, 0.010486487, 0.010516595, 0.010553634, 0.010560516, 0.010553497, 0.010520779, 0.010466647, 0.0103949355, 0.010353274, 0.010259501, 0.0101499725, 0.010088622, 0.009950441, 0.009788715, 0.00960198, 0.00949928, 0.009276092, 0.009030525, 0.008900136, 0.008625397, 0.008335058, 0.008185042, 0.0078778025, 0.007561877, 0.0072375415, 0.007071665, 0.006728742, 0.006366925, 0.006175985, 0.005766318, 0.005309339, 0.0048047625, 0.0045475094, 0.0041181045, 0.00412056, 0.004485046, 0, 0, 0, 0, 0, 0, 0, 0, 0, 0, 0, 0, 0, 0, 0, 0, 0, 0, 0
0, 0, 0, 0, 0, 0, 0, 0, 0, 0, 0, 0, 0, 0, 0, 0, 0, 0, 0, 0, 0, 0, 0, 0, 0, 0, 0, 0, 0, 0, 0, 0, 0, 0, 0, 0, 0, 0, 0, 0, 0, 0, 0, 0, 0, 0, 0, 0, 0, 0, 0, 0, 0, 0, 0, 0, 0, 0, 0, 0, 0, 0, 0, 0, 0, 0, 0, 0, 0, 0, 0, 0, 0, 0.0050736386, 0.0043232325, 0.004186619, 0.004310078, 0.0047651986, 0.0053384886, 0.0056344317, 0.0062171333, 0.006774614, 0.0070416783, 0.007549136, 0.008016793, 0.008438515, 0.008630905, 0.008977519, 0.009275113, 0.009407764, 0.009644408, 0.009847877, 0.0100210095, 0.010096265, 0.010223364, 0.0103179775, 0.010352726, 0.010397148, 0.010408685, 0.010403268, 0.010370588, 0.0103132315, 0.010235056, 0.010189181, 0.010084645, 0.009962215, 0.009893903, 0.009740405, 0.009561992, 0.009358231, 0.009246648, 0.009007585, 0.008749432, 0.008614394, 0.008334105, 0.008042152, 0.00789248, 0.0075875614, 0.0072752335, 0.006954129, 0.0067902217, 0.0064530023, 0.0060999887, 0.005915795, 0.0055258856, 0.005097328, 0.00462575, 0.0043836967, 0.0039623263, 0.0038136842, 0.003873188, 0, 0, 0, 0, 0, 0, 0, 0, 0, 0, 0, 0, 0, 0, 0, 0, 0, 0, 0
0, 0, 0, 0, 0, 0, 0, 0, 0, 0, 0, 0, 0, 0, 0, 0, 0, 0, 0, 0, 0, 0, 0, 0, 0, 0, 0, 0, 0, 0, 0, 0, 0, 0, 0, 0, 0, 0, 0, 0, 0, 0, 0, 0, 0, 0, 0, 0, 0, 0, 0, 0, 0, 0, 0, 0, 0, 0, 0, 0, 0, 0, 0, 0, 0, 0, 0, 0, 0, 0, 0, 0, 0, 0.0048962208, 0.0042477506, 0.004251523, 0.004394684, 0.0048156097, 0.005309039, 0.00556224, 0.006064375, 0.0065526906, 0.0067905174, 0.007249755, 0.007681515, 0.008079899, 0.00826401, 0.00860226, 0.008900063, 0.009034643, 0.009278396, 0.009491983, 0.009675741, 0.009756672, 0.009894834, 0.010000712, 0.010041031, 0.010096283, 0.010118468, 0.01011745, 0.010093482, 0.010041749, 0.0099661155, 0.0099198, 0.009811748, 0.009683071, 0.009610707, 0.009448891, 0.009261508, 0.009048431, 0.008933001, 0.008686661, 0.0084241005, 0.008287998, 0.0080082705, 0.007719071, 0.00757199, 0.0072711757, 0.006962883, 0.006646834, 0.006485429, 0.006155415, 0.005814904, 0.0056405035, 0.005283317, 0.004918049, 0.004567862, 0.004421773, 0.0043026917, 0.0046283663, 0.004918324, 0, 0, 0, 0, 0, 0, 0, 0, 0, 0, 0, 0, 0, 0, 0, 0, 0, 0, 0
0, 0, 0, 0, 0, 0, 0, 0, 0, 0, 0, 0, 0, 0, 0, 0, 0, 0, 0, 0, 0, 0, 0, 0, 0, 0, 0, 0, 0, 0, 0, 0, 0, 0, 0, 0, 0, 0, 0, 0, 0, 0, 0, 0, 0, 0, 0, 0, 0, 0, 0, 0, 0, 0, 0, 0, 0, 0, 0, 0, 0, 0, 0, 0, 0, 0, 0, 0, 0, 0, 0, 0.0089481715, 0.0077058696, 0.0050968654, 0.004379656, 0.004412126, 0.00454516, 0.0049034315, 0.0053073876, 0.00551349, 0.0059248465, 0.006331146, 0.006531766, 0.0069246846, 0.0073034293, 0.0076603186, 0.0078290785, 0.008144077, 0.008428693, 0.008559506, 0.008800811, 0.009015591, 0.009203491, 0.009286765, 0.009431322, 0.009544783, 0.009589539, 0.009654622, 0.009687751, 0.009693077, 0.009681341, 0.009641933, 0.009576032, 0.009533594, 0.009431218, 0.00930622, 0.009235044, 0.009074746, 0.008888949, 0.008677342, 0.008562659, 0.008319002, 0.008060012, 0.007926383, 0.007651907, 0.007368159, 0.0072229975, 0.006926111, 0.0066207503, 0.0063072364, 0.0061470573, 0.0058199856, 0.005482702, 0.005311074, 0.0049663684, 0.0046393126, 0.0043977653, 0.004360005, 0.0046625156, 0.0058576777, 0.0067397784, 0, 0, 0, 0, 0, 0, 0, 0, 0, 0, 0, 0, 0, 0, 0, 0, 0, 0, 0
0, 0, 0, 0, 0, 0, 0, 0, 0, 0, 0, 0, 0, 0, 0, 0, 0, 0, 0, 0, 0, 0, 0, 0, 0, 0, 0, 0, 0, 0, 0, 0, 0, 0, 0, 0, 0, 0, 0, 0, 0, 0, 0, 0, 0, 0, 0, 0, 0, 0, 0, 0, 0, 0, 0, 0, 0, 0, 0, 0, 0, 0, 0, 0, 0, 0, 0, 0, 0, 0, 0, 0.005713237, 0.005386306, 0.0045954557, 0.004364361, 0.004504872, 0.0046372637, 0.0049479892, 0.0052773543, 0.0054428107, 0.005771898, 0.0060990755, 0.0062619937, 0.0065858113, 0.006903885, 0.0072105587, 0.00735804, 0.0076379664, 0.007895914, 0.008016683, 0.008242567, 0.00844717, 0.008629589, 0.008711265, 0.008854643, 0.008969144, 0.009015359, 0.00908538, 0.0091265375, 0.009136684, 0.009137166, 0.009111576, 0.009060254, 0.00902515, 0.008936654, 0.008824748, 0.008759909, 0.008612132, 0.008438824, 0.008239638, 0.008131229, 0.00790009, 0.0076533826, 0.0075252787, 0.0072615813, 0.006986701, 0.0068448316, 0.0065531055, 0.006251182, 0.0059400066, 0.0057808463, 0.0054534595, 0.005111336, 0.0049341153, 0.0045711896, 0.004220941, 0.003978988, 0.003971261, 0.0044611627, 0.0058827926, 0, 0, 0, 0, 0, 0, 0, 0, 0, 0, 0, 0, 0, 0, 0, 0, 0, 0, 0, 0
0, 0, 0, 0, 0, 0, 0, 0, 0, 0, 0, 0, 0, 0, 0, 0, 0, 0, 0, 0, 0, 0, 0, 0, 0, 0, 0, 0, 0, 0, 0, 0, 0, 0, 0, 0, 0, 0, 0, 0, 0, 0, 0, 0, 0, 0, 0, 0, 0, 0, 0, 0, 0, 0, 0, 0, 0, 0, 0, 0, 0, 0, 0, 0, 0, 0, 0, 0, 0, 0, 0.0062344326, 0.0048357723, 0.004396608, 0.0041073556, 0.004211017, 0.0044631693, 0.004607122, 0.0048971167, 0.0051780455, 0.005314321, 0.005580713, 0.005842434, 0.0059728078, 0.006233464, 0.0064925835, 0.0067467974, 0.006870671, 0.0071079195, 0.0073298286, 0.007434482, 0.007632808, 0.007815993, 0.007982326, 0.008057749, 0.008191635, 0.008299892, 0.008344173, 0.008412229, 0.008455196, 0.008467427, 0.008475058, 0.008460559, 0.008423432, 0.008396334, 0.008325133, 0.008232426, 0.008177788, 0.008050927, 0.007899501, 0.0077229934, 0.0076260203, 0.007416613, 0.007191136, 0.0070728497, 0.0068264813, 0.006566558, 0.0064313672, 0.00615095, 0.005858719, 0.0055562286, 0.0054009794, 0.005079236, 0.0047380207, 0.0045575914, 0.0041758693, 0.0037830023, 0.0034703, 0.0034216393, 0.0038691533, 0, 0, 0, 0, 0, 0, 0, 0, 0, 0, 0, 0, 0, 0, 0, 0, 0, 0, 0, 0, 0
0, 0, 0, 0, 0, 0, 0, 0, 0, 0, 0, 0, 0, 0, 0, 0, 0, 0, 0, 0, 0, 0, 0, 0, 0, 0, 0, 0, 0, 0, 0, 0, 0, 0, 0, 0, 0, 0, 0, 0, 0, 0, 0, 0, 0, 0, 0, 0, 0, 0, 0, 0, 0, 0, 0, 0, 0, 0, 0, 0, 0, 0, 0, 0, 0, 0, 0, 0, 0, 0, 0.0045635053, 0.0039884113, 0.0038039999, 0.0037743994, 0.0040017106, 0.0043012123, 0.004451155, 0.0047332975, 0.004988839, 0.0051077334, 0.005332278, 0.005545878, 0.0056509497, 0.0058588376, 0.006066519, 0.0062713283, 0.006371592, 0.006564934, 0.00674592, 0.006831575, 0.006994437, 0.0071467776, 0.007287076, 0.0073519736, 0.0074683246, 0.007564072, 0.0076031107, 0.0076640607, 0.0077026677, 0.007713914, 0.007722265, 0.007711974, 0.007682952, 0.007661843, 0.00760595, 0.0075321523, 0.007488926, 0.007387525, 0.0072645675, 0.0071182363, 0.007036695, 0.006857752, 0.0066606244, 0.0065559153, 0.00633521, 0.006098726, 0.0059743254, 0.0057155727, 0.0054434882, 0.0051603937, 0.005014298, 0.004711679, 0.0043895436, 0.004218706, 0.0038561786, 0.0034793587, 0.0031609333, 0.0030737175, 0.0031204321, 0, 0, 0, 0, 0, 0, 0, 0, 0, 0, 0, 0, 0, 0, 0, 0, 0, 0, 0, 0, 0
0, 0, 0, 0, 0, 0, 0, 0, 0, 0, 0, 0, 0, 0, 0, 0, 0, 0, 0, 0, 0, 0, 0, 0, 0, 0, 0, 0, 0, 0, 0, 0, 0, 0, 0, 0, 0, 0, 0, 0, 0, 0, 0, 0, 0, 0, 0, 0, 0, 0, 0, 0, 0, 0, 0, 0, 0, 0, 0, 0, 0, 0, 0, 0, 0, 0, 0, 0, 0, 0.0036390014, 0.0033968645, 0.003259933, 0.003269728, 0.0034350026, 0.003716454, 0.0040263804, 0.0041761184, 0.0044539315, 0.004697355, 0.0048077023, 0.005009067, 0.005191291, 0.005277838, 0.0054464764, 0.0056115147, 0.0057737394, 0.005852805, 0.0060051614, 0.006146475, 0.006212931, 0.0063376673, 0.00645398, 0.0065627545, 0.0066139773, 0.0067076543, 0.0067867436, 0.006819535, 0.006870544, 0.006901185, 0.0069093783, 0.006913066, 0.0068999003, 0.006872158, 0.0068531204, 0.0068060844, 0.006747878, 0.0067143114, 0.0066377907, 0.006545141, 0.0064324657, 0.006368275, 0.0062246565, 0.006061427, 0.0059731505, 0.0057845237, 0.005579076, 0.0054707536, 0.005242412, 0.0050008963, 0.0047473414, 0.0046161804, 0.0043442575, 0.0040563173, 0.0039064614, 0.0036011294, 0.0033264912, 0.0032058894, 0.0032702137, 0.0036618074, 0, 0, 0, 0, 0, 0, 0, 0, 0, 0, 0, 0, 0, 0, 0, 0, 0, 0, 0, 0, 0
0, 0, 0, 0, 0, 0, 0, 0, 0, 0, 0, 0, 0, 0, 0, 0, 0, 0, 0, 0, 0, 0, 0, 0, 0, 0, 0, 0, 0, 0, 0, 0, 0, 0, 0, 0, 0, 0, 0, 0, 0, 0, 0, 0, 0, 0, 0, 0, 0, 0, 0, 0, 0, 0, 0, 0, 0, 0, 0, 0, 0, 0, 0, 0, 0, 0, 0, 0, 0.002879113, 0.0027705992, 0.002614973, 0.0026810816, 0.002774838, 0.0030327041, 0.003334827, 0.0036402207, 0.0037868237, 0.004058616, 0.004297656, 0.0044044424, 0.0045946823, 0.0047597215, 0.004834866, 0.0049758973, 0.005109245, 0.0052374913, 0.0052996124, 0.005417306, 0.005524353, 0.0055735246, 0.005663996, 0.005745904, 0.0058226404, 0.0058593485, 0.0059291236, 0.0059905653, 0.006016681, 0.006058035, 0.006082002, 0.006087322, 0.006084754, 0.006066477, 0.006035518, 0.00601574, 0.0059714075, 0.0059221955, 0.005896071, 0.0058394754, 0.005773428, 0.0056930115, 0.0056460877, 0.005537232, 0.005409317, 0.0053385734, 0.0051849224, 0.0050149723, 0.0049244827, 0.004732287, 0.004526963, 0.004308988, 0.0041950317, 0.003957827, 0.0037068021, 0.0035779579, 0.003328607, 0.0031605577, 0.0032905673, 0.0035935896, 0.0047883233, 0, 0, 0, 0, 0, 0, 0, 0, 0, 0, 0, 0, 0, 0, 0, 0, 0, 0, 0, 0, 0
0, 0, 0, 0, 0, 0, 0, 0, 0, 0, 0, 0, 0, 0, 0, 0, 0, 0, 0, 0, 0, 0, 0, 0, 0, 0, 0, 0, 0, 0, 0, 0, 0, 0, 0, 0, 0, 0, 0, 0, 0, 0, 0, 0, 0, 0, 0, 0, 0, 0, 0, 0, 0, 0, 0, 0, 0, 0, 0, 0, 0, 0, 0, 0, 0, 0, 0, 0, 0.002219048, 0.002120247, 0.0020723033, 0.002210799, 0.0023236382, 0.0025905466, 0.0028781448, 0.003164183, 0.003302124, 0.0035614658, 0.0037932026, 0.003897268, 0.004081918, 0.0042378022, 0.0043066978, 0.004431791, 0.0045446204, 0.0046496317, 0.0046991697, 0.004791915, 0.0048738513, 0.004910159, 0.004974477, 0.0050299456, 0.005080403, 0.0051046754, 0.0051527442, 0.0051978105, 0.0052186134, 0.0052527995, 0.005273088, 0.005277281, 0.0052726655, 0.0052519464, 0.0052179205, 0.005197177, 0.0051527526, 0.005107457, 0.0050851083, 0.0050413166, 0.004995086, 0.0049399803, 0.0049070837, 0.004828783, 0.0047329026, 0.0046785604, 0.0045583798, 0.004423107, 0.004350389, 0.004194699, 0.0040256614, 0.0038433557, 0.0037470518, 0.0035433192, 0.0033252828, 0.0032130354, 0.00300054, 0.0028767788, 0.0030596675, 0.0033936482, 0, 0, 0, 0, 0, 0, 0, 0, 0, 0, 0, 0, 0, 0, 0, 0, 0, 0, 0, 0, 0, 0
0, 0, 0, 0, 0, 0, 0, 0, 0, 0, 0, 0, 0, 0, 0, 0, 0, 0, 0, 0, 0, 0, 0, 0, 0, 0, 0, 0, 0, 0, 0, 0, 0, 0, 0, 0, 0, 0, 0, 0, 0, 0, 0, 0, 0, 0, 0, 0, 0, 0, 0, 0, 0, 0, 0, 0, 0, 0, 0, 0, 0, 0, 0, 0, 0, 0, 0, 0.0018623163, 0.0016981915, 0.0016483152, 0.0016698772, 0.0018163103, 0.001917708, 0.002147397, 0.0023919481, 0.002638042, 0.0027592178, 0.0029917278, 0.0032055555, 0.0033035672, 0.0034804316, 0.0036304696, 0.00369633, 0.0038136109, 0.003916338, 0.004008823, 0.004051946, 0.004131073, 0.004199215, 0.0042286413, 0.004278159, 0.0043182946, 0.0043516797, 0.0043671886, 0.0043991455, 0.004431623, 0.0044480218, 0.0044774977, 0.0044980585, 0.0045035607, 0.0045028543, 0.0044855173, 0.0044535887, 0.004433636, 0.004390052, 0.0043464275, 0.004325638, 0.004287888, 0.004252903, 0.0042144554, 0.0041916063, 0.0041360827, 0.004065634, 0.004025057, 0.0039332346, 0.003828459, 0.0037713798, 0.0036480112, 0.0035120347, 0.003362269, 0.0032818795, 0.0031080819, 0.002920608, 0.0028258977, 0.002659893, 0.0026031865, 0.00278273, 0.002927099, 0, 0, 0, 0, 0, 0, 0, 0, 0, 0, 0, 0, 0, 0, 0, 0, 0, 0, 0, 0, 0, 0
0, 0, 0, 0, 0, 0, 0, 0, 0, 0, 0, 0, 0, 0, 0, 0, 0, 0, 0, 0, 0, 0, 0, 0, 0, 0, 0, 0, 0, 0, 0, 0, 0, 0, 0, 0, 0, 0, 0, 0, 0, 0, 0, 0, 0, 0, 0, 0, 0, 0, 0, 0, 0, 0, 0, 0, 0, 0, 0, 0, 0, 0, 0, 0, 0, 0, 0, 0.0014254599, 0.0013099746, 0.0012945572, 0.0013452489, 0.0014709044, 0.0015499904, 0.0017247788, 0.0019110088, 0.0021020747, 0.002198442, 0.0023890613, 0.002572383, 0.002659436, 0.0028210257, 0.0029632412, 0.0030267716, 0.003141594, 0.0032419425, 0.003332379, 0.0033741465, 0.0034506663, 0.003516015, 0.0035440414, 0.0035903722, 0.003625845, 0.0036527347, 0.0036646528, 0.0036873713, 0.0037121342, 0.0037252344, 0.0037521322, 0.003775143, 0.0037835978, 0.0037910359, 0.003783075, 0.0037598654, 0.0037433628, 0.003704531, 0.00366308, 0.0036432387, 0.0036077907, 0.0035771474, 0.0035471292, 0.0035302036, 0.0034897113, 0.003437134, 0.0034066467, 0.0033375737, 0.0032575375, 0.0032134214, 0.003117698, 0.0030105088, 0.0028896667, 0.0028229284, 0.0026753915, 0.0025142087, 0.0024357997, 0.0023267765, 0.0024212531, 0.003008094, 0.0035013028, 0, 0, 0, 0, 0, 0, 0, 0, 0, 0, 0, 0, 0, 0, 0, 0, 0, 0, 0, 0, 0, 0
0, 0, 0, 0, 0, 0, 0, 0, 0, 0, 0, 0, 0, 0, 0, 0, 0, 0, 0, 0, 0, 0, 0, 0, 0, 0, 0, 0, 0, 0, 0, 0, 0, 0, 0, 0, 0, 0, 0, 0, 0, 0, 0, 0, 0, 0, 0, 0, 0, 0, 0, 0, 0, 0, 0, 0, 0, 0, 0, 0, 0, 0, 0, 0, 0, 0, 0.0014523604, 0.0011321451, 0.0010187357, 0.0010104097, 0.0010550368, 0.0011471253, 0.0012023648, 0.0013221608, 0.0014487979, 0.001580912, 0.0016489773, 0.0017899054, 0.0019334871, 0.0020053475, 0.00214475, 0.0022755186, 0.002336364, 0.002449902, 0.0025529864, 0.0026474372, 0.0026915483, 0.002772923, 0.0028430126, 0.0028735898, 0.00292528, 0.0029648568, 0.0029944552, 0.003007119, 0.003029577, 0.003052026, 0.0030642431, 0.0030900075, 0.003115995, 0.0031274422, 0.0031438335, 0.003148292, 0.003138129, 0.00312766, 0.0030980783, 0.0030629488, 0.0030450192, 0.0030121373, 0.0029835838, 0.0029575229, 0.0029434534, 0.0029111698, 0.0028712722, 0.0028478652, 0.0027960823, 0.002736064, 0.0027033554, 0.002631896, 0.0025512008, 0.002457403, 0.0024040528, 0.002281063, 0.0021412063, 0.0020731343, 0.0019893413, 0.0021258087, 0.0027699077, 0, 0, 0, 0, 0, 0, 0, 0, 0, 0, 0, 0, 0, 0, 0, 0, 0, 0, 0, 0, 0, 0, 0
0, 0, 0, 0, 0, 0, 0, 0, 0, 0, 0, 0, 0, 0, 0, 0, 0, 0, 0, 0, 0, 0, 0, 0, 0, 0, 0, 0, 0, 0, 0, 0, 0, 0, 0, 0, 0, 0, 0, 0, 0, 0, 0, 0, 0, 0, 0, 0, 0, 0, 0, 0, 0, 0, 0, 0, 0, 0, 0, 0, 0, 0, 0, 0, 0, 0.0011678186, 0.001035013, 0.0008448456, 0.0007543093, 0.0007429495, 0.00076464604, 0.0008199959, 0.00085368776, 0.0009261781, 0.0010013569, 0.0010807436, 0.0011231824, 0.00121543, 0.0013179734, 0.0013726468, 0.0014866844, 0.0016030223, 0.0016600437, 0.0017714875, 0.0018773025, 0.0019772684, 0.0020245924, 0.002113536, 0.0021921021, 0.0022273147, 0.0022880114, 0.0023380332, 0.0023779974, 0.002394949, 0.0024248688, 0.0024520678, 0.0024654842, 0.002493593, 0.0025223542, 0.0025360603, 0.00256024, 0.0025763442, 0.002580359, 0.0025774222, 0.0025624726, 0.0025393872, 0.0025261263, 0.00250051, 0.00247671, 0.0024545186, 0.0024428433, 0.0024166608, 0.0023852165, 0.0023675698, 0.002328805, 0.002285627, 0.0022626687, 0.0022135552, 0.0021587936, 0.002093751, 0.0020550524, 0.0019613833, 0.0018503038, 0.0017965579, 0.0017400676, 0.0018433502, 0, 0, 0, 0, 0, 0, 0, 0, 0, 0, 0, 0, 0, 0, 0, 0, 0, 0, 0, 0, 0, 0, 0, 0
0, 0, 0, 0, 0, 0, 0, 0, 0, 0, 0, 0, 0, 0, 0, 0, 0, 0, 0, 0, 0, 0, 0, 0, 0, 0, 0, 0, 0, 0, 0, 0, 0, 0, 0, 0, 0, 0, 0, 0, 0, 0, 0, 0, 0, 0, 0, 0, 0, 0, 0, 0, 0, 0, 0, 0, 0, 0, 0, 0, 0, 0, 0, 0, 0.0008052507, 0.0007883102, 0.00067395397, 0.00055293104, 0.0004802583, 0.000463212, 0.0004581376, 0.00047814113, 0.000493221, 0.0005272575, 0.00056273915, 0.00060083007, 0.0006224439, 0.0006736872, 0.00073954696, 0.0007785995, 0.0008670418, 0.00096626225, 0.001018338, 0.0011244385, 0.0012296999, 0.0013320126, 0.0013812735, 0.0014750148, 0.0015609461, 0.0016000674, 0.0016722569, 0.0017356108, 0.0017908, 0.0018156156, 0.0018599645, 0.0018984379, 0.0019164308, 0.0019504053, 0.001983478, 0.001999309, 0.002029646, 0.0020551847, 0.0020734959, 0.002079376, 0.0020834042, 0.0020792636, 0.002074782, 0.0020639636, 0.0020521889, 0.0020386593, 0.0020307563, 0.0020115941, 0.0019879371, 0.0019745056, 0.0019455757, 0.0019153937, 0.001900036, 0.0018699655, 0.0018397203, 0.001804281, 0.0017825929, 0.0017274448, 0.001662424, 0.0016363073, 0.0016594979, 0.0019490812, 0, 0, 0, 0, 0, 0, 0, 0, 0, 0, 0, 0, 0, 0, 0, 0, 0, 0, 0, 0, 0, 0, 0, 0
0, 0, 0, 0, 0, 0, 0, 0, 0, 0, 0, 0, 0, 0, 0, 0, 0, 0, 0, 0, 0, 0, 0, 0, 0, 0, 0, 0, 0, 0, 0, 0, 0, 0, 0, 0, 0, 0, 0, 0, 0, 0, 0, 0, 0, 0, 0, 0, 0, 0, 0, 0, 0, 0, 0, 0, 0, 0, 0, 0, 0, 0, 0, 0, 0.00048462977, 0.0004592503, 0.0003663691, 0.000271359, 0.00019913404, 0.00017385675, 0.00014132695, 0.00012907552, 0.00012768565, 0.00012999857, 0.0001352809, 0.0001424442, 0.0001480833, 0.0001671255, 0.00020197738, 0.0002267021, 0.00029001766, 0.00037019874, 0.00041503372, 0.0005107987, 0.00060932164, 0.00070741127, 0.0007557861, 0.00084909616, 0.00093776477, 0.0009802759, 0.0010622089, 0.0011398515, 0.0012130849, 0.0012474708, 0.0013109078, 0.0013662338, 0.0013911584, 0.001436465, 0.0014770225, 0.001495984, 0.0015324423, 0.0015675512, 0.0016005648, 0.0016160076, 0.001642633, 0.0016638445, 0.0016723409, 0.001685449, 0.0016933075, 0.0016954698, 0.0016939763, 0.0016855177, 0.0016701152, 0.0016603611, 0.0016380828, 0.0016148366, 0.0016045248, 0.0015874271, 0.0015761299, 0.001567474, 0.0015623233, 0.0015505796, 0.0015469481, 0.001560534, 0.001666437, 0.0018748158, 0, 0, 0, 0, 0, 0, 0, 0, 0, 0, 0, 0, 0, 0, 0, 0, 0, 0, 0, 0, 0, 0, 0, 0
0, 0, 0, 0, 0, 0, 0, 0, 0, 0, 0, 0, 0, 0, 0, 0, 0, 0, 0, 0, 0, 0, 0, 0, 0, 0, 0, 0, 0, 0, 0, 0, 0, 0, 0, 0, 0, 0, 0, 0, 0, 0, 0, 0, 0, 0, 0, 0, 0, 0, 0, 0, 0, 0, 0, 0, 0, 0, 0, 0, 0, 0, 0, 0.000198865, 0.00020983604, 0.00018011311, 9.535059e-05, 5.7205675e-06, -7.53845e-05, -0.00011057945, -0.00016875056, -0.00021071051, -0.00022682859, -0.0002527249, -0.00027309952, -0.00028932933, -0.00029597693, -0.0003022101, -0.00029362764, -0.00028257904, -0.00024459956, -0.00018711168, -0.00015216041, -7.447978e-05, 9.9614235e-06, 9.640159e-05, 0.00013994687, 0.00022645299, 0.00031300887, 0.00035636628, 0.0004441752, 0.0005339783, 0.00062404724, 0.0006676186, 0.00075093977, 0.0008255309, 0.00085944997, 0.00092073495, 0.00097353145, 0.0009978993, 0.0010447286, 0.0010914409, 0.001140695, 0.001166201, 0.0012174756, 0.0012673237, 0.0012907783, 0.0013327291, 0.0013668296, 0.0013908013, 0.0013984216, 0.001405087, 0.0014002525, 0.0013944249, 0.0013773394, 0.0013581672, 0.0013497194, 0.0013385111, 0.0013372793, 0.0013452346, 0.0013520817, 0.0013760984, 0.001438899, 0.0015076449, 0.0018045605, 0.0023770644, 0, 0, 0, 0, 0, 0, 0, 0, 0, 0, 0, 0, 0, 0, 0, 0, 0, 0, 0, 0, 0, 0, 0, 0
0, 0, 0, 0, 0, 0, 0, 0, 0, 0, 0, 0, 0, 0, 0, 0, 0, 0, 0, 0, 0, 0, 0, 0, 0, 0, 0, 0, 0, 0, 0, 0, 0, 0, 0, 0, 0, 0, 0, 0, 0, 0, 0, 0, 0, 0, 0, 0, 0, 0, 0, 0, 0, 0, 0, 0, 0, 0, 0, 0, 0, 0, 0.0001839883, 0.00010544509, 9.662386e-06, -4.0480558e-05, -0.00014102439, -0.00023859898, -0.00033223818, -0.00037645406, -0.00045796568, -0.0005273591, -0.0005571195, -0.000608958, -0.0006523061, -0.0006899988, -0.0007060972, -0.0007330258, -0.0007473788, -0.0007483792, -0.00073650683, -0.0007052365, -0.0006837774, -0.00063093076, -0.00056912855, -0.0005015208, -0.00046623521, -0.00039264228, -0.00031428935, -0.0002727024, -0.00018403807, -8.8696055e-05, 1.1740938e-05, 6.1996616e-05, 0.00016041567, 0.00025288342, 0.00029584114, 0.0003748279, 0.00044470312, 0.0004770384, 0.00053949177, 0.0006023494, 0.000669879, 0.00070588704, 0.0007813516, 0.0008584414, 0.0008961225, 0.0009670358, 0.0010287992, 0.0010779281, 0.0010969118, 0.0011233229, 0.0011343667, 0.0011347681, 0.0011271365, 0.0011135482, 0.0011070627, 0.0010987346, 0.0011001027, 0.0011131408, 0.0011243346, 0.0011647104, 0.0012649031, 0.0013675867, 0.0017718998, 0, 0, 0, 0, 0, 0, 0, 0, 0, 0, 0, 0, 0, 0, 0, 0, 0, 0, 0, 0, 0, 0, 0, 0, 0
0, 0, 0, 0, 0, 0, 0, 0, 0, 0, 0, 0, 0, 0, 0, 0, 0, 0, 0, 0, 0, 0, 0, 0, 0, 0, 0, 0, 0, 0, 0, 0, 0, 0, 0, 0, 0, 0, 0, 0, 0, 0, 0, 0, 0, 0, 0, 0, 0, 0, 0, 0, 0, 0, 0, 0, 0, 0, 0, 0, 0, 0.00015256632, 0.00012487461, 7.309886e-07, -0.00014644735, -0.00021580413, -0.00034206573, -0.00045640816, -0.0005651672, -0.0006182063, -0.0007199362, -0.00081386324, -0.00085657893, -0.00093400455, -0.0010003756, -0.0010572779, -0.0010826429, -0.0011271873, -0.0011612519, -0.0011733645, -0.001186361, -0.0011829949, -0.0011759179, -0.0011524028, -0.001118688, -0.0010757555, -0.0010517223, -0.0009960468, -0.00093130465, -0.00089537556, -0.0008144047, -0.0007221026, -0.000621838, -0.00056966767, -0.0004643154, -0.0003614497, -0.00031184749, -0.00021769297, -0.00012986913, -8.743421e-05, -5.3426993e-06, 7.761892e-05, 0.00016548896, 0.00021207223, 0.00030932995, 0.00040952017, 0.00045939736, 0.000555399, 0.0006423665, 0.00071697915, 0.0007488752, 0.0007995251, 0.0008339822, 0.0008449942, 0.0008559939, 0.00085740007, 0.00085644255, 0.00085672183, 0.0008626333, 0.00087808154, 0.00089045224, 0.0009336287, 0.0010377641, 0.0011426917, 0.0015613842, 0, 0, 0, 0, 0, 0, 0, 0, 0, 0, 0, 0, 0, 0, 0, 0, 0, 0, 0, 0, 0, 0, 0, 0, 0
0, 0, 0, 0, 0, 0, 0, 0, 0, 0, 0, 0, 0, 0, 0, 0, 0, 0, 0, 0, 0, 0, 0, 0, 0, 0, 0, 0, 0, 0, 0, 0, 0, 0, 0, 0, 0, 0, 0, 0, 0, 0, 0, 0, 0, 0, 0, 0, 0, 0, 0, 0, 0, 0, 0, 0, 0, 0, 0, 0, 5.762052e-05, 4.5607754e-05, 9.727562e-06, -0.00012553106, -0.0002888072, -0.00036826055, -0.0005156483, -0.0006489558, -0.0007743772, -0.0008358069, -0.00095576345, -0.0010709256, -0.001125564, -0.0012269919, -0.0013164015, -0.0013933093, -0.0014279131, -0.0014896202, -0.0015414342, -0.0015633964, -0.0015982722, -0.0016207683, -0.0016278747, -0.001633089, -0.0016279785, -0.0016118495, -0.0015996556, -0.0015669189, -0.0015218697, -0.0014947578, -0.0014301509, -0.0013520272, -0.0012623445, -0.0012141819, -0.001113433, -0.0010101042, -0.0009583798, -0.00085533, -0.00075313257, -0.0007023557, -0.0006004553, -0.00049645023, -0.00038800045, -0.00033182875, -0.00021495004, -9.509474e-05, -3.526245e-05, 8.110893e-05, 0.00019060318, 0.00028931914, 0.00033395775, 0.00041323167, 0.0004781562, 0.000504826, 0.0005473911, 0.0005785343, 0.0005911708, 0.0006134239, 0.0006365946, 0.00066425855, 0.0006821941, 0.0007363751, 0.0008396002, 0.0009146304, 0, 0, 0, 0, 0, 0, 0, 0, 0, 0, 0, 0, 0, 0, 0, 0, 0, 0, 0, 0, 0, 0, 0, 0, 0, 0
0, 0, 0, 0, 0, 0, 0, 0, 0, 0, 0, 0, 0, 0, 0, 0, 0, 0, 0, 0, 0, 0, 0, 0, 0, 0, 0, 0, 0, 0, 0, 0, 0, 0, 0, 0, 0, 0, 0, 0, 0, 0, 0, 0, 0, 0, 0, 0, 0, 0, 0, 0, 0, 0, 0, 0, 0, 0, 0, 4.5270583e-05, 8.681855e-06, -6.8127934e-05, -0.00012353242, -0.00026533584, -0.0004285965, -0.00051117584, -0.0006712141, -0.0008209548, -0.00096235075, -0.0010315782, -0.0011679737, -0.0013009816, -0.0013654294, -0.0014884481, -0.0015995647, -0.001697709, -0.0017422583, -0.0018228561, -0.001893063, -0.0019243442, -0.0019786702, -0.0020232436, -0.0020419215, -0.0020717036, -0.002091752, -0.0021013538, -0.002101822, -0.0020939237, -0.0020731497, -0.0020579419, -0.002016753, -0.0019608678, -0.0018908139, -0.0018517897, -0.001765345, -0.0016710303, -0.0016218285, -0.001518662, -0.0014103821, -0.0013545523, -0.001238491, -0.0011178077, -0.0009922695, -0.000927515, -0.000794047, -0.0006577898, -0.0005892527, -0.0004549218, -0.00032521805, -0.00020337371, -0.00014539872, -3.543859e-05, 6.527373e-05, 0.00011222058, 0.00019759235, 0.00027287164, 0.00030684666, 0.00036924038, 0.00042681058, 0.0004838852, 0.00051609345, 0.0006049399, 0.00076918746, 0.0008996906, 0, 0, 0, 0, 0, 0, 0, 0, 0, 0, 0, 0, 0, 0, 0, 0, 0, 0, 0, 0, 0, 0, 0, 0, 0, 0
0, 0, 0, 0, 0, 0, 0, 0, 0, 0, 0, 0, 0, 0, 0, 0, 0, 0, 0, 0, 0, 0, 0, 0, 0, 0, 0, 0, 0, 0, 0, 0, 0, 0, 0, 0, 0, 0, 0, 0, 0, 0, 0, 0, 0, 0, 0, 0, 0, 0, 0, 0, 0, 0, 0, 0, 0, 0, 0, 0.00014341724, -4.616835e-06, -0.0001518093, -0.0002267201, -0.00038448483, -0.0005513819, -0.00063650386, -0.00080695865, -0.00097167515, -0.001129175, -0.0012060907, -0.0013570804, -0.001504547, -0.0015769579, -0.0017168628, -0.0018479025, -0.0019675456, -0.0020228634, -0.002125043, -0.0022159584, -0.0022576123, -0.0023321083, -0.0023963552, -0.002424864, -0.0024748982, -0.0025158129, -0.0025475563, -0.0025597897, -0.002576854, -0.0025817563, -0.002579535, -0.00256388, -0.0025332752, -0.0024875256, -0.00245901, -0.0023924916, -0.0023136185, -0.0022701775, -0.0021759574, -0.002070964, -0.0020148035, -0.0018954907, -0.0017676714, -0.0016326511, -0.0015623055, -0.0014177102, -0.0012689107, -0.0011936184, -0.001042705, -0.0008939805, -0.00074829586, -0.0006764581, -0.0005345966, -0.00039476895, -0.00032573802, -0.000191418, -6.334277e-05, -2.5060892e-06, 0.00011305631, 0.00022009124, 0.00032216776, 0.00037476627, 0.0005019396, 0.0007020699, 0.00082943734, 0, 0, 0, 0, 0, 0, 0, 0, 0, 0, 0, 0, 0, 0, 0, 0, 0, 0, 0, 0, 0, 0, 0, 0, 0, 0
0, 0, 0, 0, 0, 0, 0, 0, 0, 0, 0, 0, 0, 0, 0, 0, 0, 0, 0, 0, 0, 0, 0, 0, 0, 0, 0, 0, 0, 0, 0, 0, 0, 0, 0, 0, 0, 0, 0, 0, 0, 0, 0, 0, 0, 0, 0, 0, 0, 0, 0, 0, 0, 0, 0, 0, 0, 0, 0.00040063725, 0.00021106213, 1.2252818e-05, -0.00017825335, -0.00027028559, -0.00045101452, -0.00063261646, -0.0007243653, -0.00090919907, -0.0010914336, -0.0012669386, -0.0013523259, -0.0015182171, -0.0016792128, -0.0017579406, -0.0019121267, -0.0020604823, -0.0022008396, -0.002267556, -0.002393744, -0.0025091874, -0.0025621487, -0.0026589695, -0.0027435285, -0.0027813322, -0.002849567, -0.0029091293, -0.0029607664, -0.0029834225, -0.0030223115, -0.0030505443, -0.003060044, -0.0030684147, -0.0030609888, -0.003037089, -0.0030193094, -0.0029717146, -0.0029104466, -0.002874877, -0.0027952448, -0.0027029635, -0.0026522614, -0.0025418594, -0.0024193649, -0.0022858041, -0.0022151899, -0.0020677147, -0.0019127991, -0.0018323893, -0.0016687321, -0.0015017738, -0.0013326536, -0.0012467854, -0.0010722774, -0.0008932409, -0.0008019634, -0.00061854225, -0.00043577974, -0.0003458971, -0.00017139125, -6.7085175e-06, 0.00014649832, 0.00022026325, 0.00037539427, 0.0005968568, 0, 0, 0, 0, 0, 0, 0, 0, 0, 0, 0, 0, 0, 0, 0, 0, 0, 0, 0, 0, 0, 0, 0, 0, 0, 0, 0
0, 0, 0, 0, 0, 0, 0, 0, 0, 0, 0, 0, 0, 0, 0, 0, 0, 0, 0, 0, 0, 0, 0, 0, 0, 0, 0, 0, 0, 0, 0, 0, 0, 0, 0, 0, 0, 0, 0, 0, 0, 0, 0, 0, 0, 0, 0, 0, 0, 0, 0, 0, 0, 0, 0, 0, 0, 0.00065466075, 0.0004941056, 0.00025672844, 4.687003e-05, -0.00015766243, -0.00025873023, -0.00045859808, -0.00065936684, -0.00076020154, -0.0009641607, -0.0011670708, -0.0013647575, -0.0014604097, -0.0016450634, -0.0018214118, -0.0019073355, -0.0020756149, -0.0022401174, -0.00240043, -0.0024786438, -0.002629603, -0.0027711876, -0.00283775, -0.0029597576, -0.0030669763, -0.0031153022, -0.003202957, -0.003280701, -0.0033505221, -0.0033825266, -0.0034402083, -0.0034879453, -0.003507316, -0.0035340476, -0.0035445304, -0.003537172, -0.0035271177, -0.0034953707, -0.0034500856, -0.0034229334, -0.0033601273, -0.0032869633, -0.0032456852, -0.0031542312, -0.0030486588, -0.0029278186, -0.0028623315, -0.0027213977, -0.0025674358, -0.0024857367, -0.0023140148, -0.002132488, -0.001941667, -0.0018426918, -0.0016366764, -0.0014200727, -0.001308114, -0.0010783921, -0.00084436033, -0.00072697975, -0.0004948308, -0.00027247705, -7.0767026e-05, 1.900572e-05, 0.00016929704, 0, 0, 0, 0, 0, 0, 0, 0, 0, 0, 0, 0, 0, 0, 0, 0, 0, 0, 0, 0, 0, 0, 0, 0, 0, 0, 0, 0
0, 0, 0, 0, 0, 0, 0, 0, 0, 0, 0, 0, 0, 0, 0, 0, 0, 0, 0, 0, 0, 0, 0, 0, 0, 0, 0, 0, 0, 0, 0, 0, 0, 0, 0, 0, 0, 0, 0, 0, 0, 0, 0, 0, 0, 0, 0, 0, 0, 0, 0, 0, 0, 0, 0, 0, 0.0009310704, 0.0006191102, 0.00049615366, 0.00028648772, 9.1056434e-05, -0.000108368404, -0.00021100951, -0.0004209588, -0.0006355801, -0.00074515, -0.0009676418, -0.0011920626, -0.0014137463, -0.001521801, -0.0017303914, -0.0019283671, -0.0020240427, -0.002211458, -0.0023949908, -0.002576141, -0.0026660266, -0.0028421492, -0.0030106646, -0.0030910259, -0.0032405343, -0.0033731074, -0.0034331197, -0.00354237, -0.003639974, -0.003727875, -0.0037687083, -0.0038431608, -0.0039070663, -0.0039338097, -0.0039752596, -0.0039979974, -0.0040019588, -0.0039975247, -0.003976958, -0.0039444626, -0.003924407, -0.0038783166, -0.0038248422, -0.0037946748, -0.0037264605, -0.003643343, -0.0035422302, -0.0034846794, -0.003355507, -0.003207797, -0.003127073, -0.0029523193, -0.0027607519, -0.0025526872, -0.0024425418, -0.0022089772, -0.0019590615, -0.0018281341, -0.0015570847, -0.0012769384, -0.0011349126, -0.0008505257, -0.00057508965, -0.000330046, -0.00022751874, -6.433459e-05, 0, 0, 0, 0, 0, 0, 0, 0, 0, 0, 0, 0, 0, 0, 0, 0, 0, 0, 0, 0, 0, 0, 0, 0, 0, 0, 0, 0
0, 0, 0, 0, 0, 0, 0, 0, 0, 0, 0, 0, 0, 0, 0, 0, 0, 0, 0, 0, 0, 0, 0, 0, 0, 0, 0, 0, 0, 0, 0, 0, 0, 0, 0, 0, 0, 0, 0, 0, 0, 0, 0, 0, 0, 0, 0, 0, 0, 0, 0, 0, 0, 0, 0, 0.0011018354, 0.00084803026, 0.0006125519, 0.0005134384, 0.00033314695, 0.00015321735, -3.969279e-05, -0.00014099044, -0.00035450593, -0.0005778981, -0.0006933131, -0.00092961057, -0.0011716337, -0.0014155608, -0.0015363626, -0.0017728929, -0.0019996895, -0.002109345, -0.0023238673, -0.0025331106, -0.0027396567, -0.0028420417, -0.0030440532, -0.0032400372, -0.0033342543, -0.0035113874, -0.003670762, -0.0037437165, -0.003877765, -0.003997325, -0.004105082, -0.0041548037, -0.0042464477, -0.004325293, -0.004358884, -0.004412369, -0.0044450797, -0.004457569, -0.004457042, -0.0044451375, -0.004421984, -0.0044077383, -0.0043749623, -0.004337145, -0.004316274, -0.004267575, -0.004203844, -0.0041194563, -0.0040687434, -0.0039499765, -0.0038076043, -0.0037278912, -0.0035515672, -0.0033535028, -0.0031334304, -0.0030149028, -0.0027599293, -0.0024817802, -0.0023348657, -0.0020270091, -0.0017063838, -0.0015429102, -0.0012160284, -0.0009019797, -0.00063182216, -0.00052672613, -0.00035364105, 0, 0, 0, 0, 0, 0, 0, 0, 0, 0, 0, 0, 0, 0, 0, 0, 0, 0, 0, 0, 0, 0, 0, 0, 0, 0, 0, 0
0, 0, 0, 0, 0, 0, 0, 0, 0, 0, 0, 0, 0, 0, 0, 0, 0, 0, 0, 0, 0, 0, 0, 0, 0, 0, 0, 0, 0, 0, 0, 0, 0, 0, 0, 0, 0, 0, 0, 0, 0, 0, 0, 0, 0, 0, 0, 0, 0, 0, 0, 0, 0, 0, 0.0016187085, 0.0012744775, 0.0008981871, 0.0006799205, 0.00059133855, 0.00042261533, 0.00024611075, 5.231525e-05, -5.115143e-05, -0.0002691882, -0.00050053553, -0.0006201749, -0.0008662177, -0.0011212897, -0.0013831827, -0.0015156384, -0.0017797408, -0.00203913, -0.0021662295, -0.0024153455, -0.0026577404, -0.002895164, -0.003012596, -0.003244032, -0.00346821, -0.003576221, -0.0037807804, -0.0039683133, -0.004055079, -0.0042161313, -0.00436151, -0.0044925814, -0.004553025, -0.0046639894, -0.004758987, -0.004799696, -0.0048650694, -0.0049076253, -0.004928578, -0.0049317502, -0.0049276073, -0.0049121743, -0.0049015596, -0.0048758145, -0.0048460974, -0.0048296433, -0.0047894474, -0.0047339364, -0.004656444, -0.0046075666, -0.004489983, -0.0043455698, -0.004263949, -0.0040825894, -0.003878347, -0.0036504308, -0.003526543, -0.0032578774, -0.0029590202, -0.0027987568, -0.0024582895, -0.0020983457, -0.0019155664, -0.0015573411, -0.001239686, -0.001017179, -0.0009591287, 0, 0, 0, 0, 0, 0, 0, 0, 0, 0, 0, 0, 0, 0, 0, 0, 0, 0, 0, 0, 0, 0, 0, 0, 0, 0, 0, 0, 0
0, 0, 0, 0, 0, 0, 0, 0, 0, 0, 0, 0, 0, 0, 0, 0, 0, 0, 0, 0, 0, 0, 0, 0, 0, 0, 0, 0, 0, 0, 0, 0, 0, 0, 0, 0, 0, 0, 0, 0, 0, 0, 0, 0, 0, 0, 0, 0, 0, 0, 0, 0, 0, 0.002187256, 0.0015382529, 0.0013105895, 0.001004001, 0.00080772396, 0.00072391424, 0.00055677915, 0.00037483938, 0.00017149412, 6.242231e-05, -0.0001678476, -0.00041139504, -0.0005368296, -0.00079422904, -0.0010606734, -0.0013374648, -0.0014789724, -0.0017675891, -0.0020586466, -0.0022035346, -0.002489899, -0.002769762, -0.0030432749, -0.003178035, -0.0034418372, -0.003696078, -0.0038185008, -0.004051403, -0.0042674867, -0.004369136, -0.0045604375, -0.0047354163, -0.004894605, -0.0049679647, -0.005102035, -0.0052160816, -0.005264608, -0.0053431396, -0.005396743, -0.0054268786, -0.005434519, -0.005437578, -0.0054268767, -0.005417313, -0.0053926087, -0.0053604813, -0.005342199, -0.00529714, -0.005234948, -0.005149135, -0.005095333, -0.004965863, -0.004808802, -0.0047205924, -0.0045283837, -0.004315421, -0.0040816627, -0.003955429, -0.0036805756, -0.003370048, -0.0032000784, -0.0028306819, -0.002429785, -0.002224314, -0.0018324909, -0.0015359686, -0.0014558819, -0.0015279888, 0, 0, 0, 0, 0, 0, 0, 0, 0, 0, 0, 0, 0, 0, 0, 0, 0, 0, 0, 0, 0, 0, 0, 0, 0, 0, 0, 0, 0
0, 0, 0, 0, 0, 0, 0, 0, 0, 0, 0, 0, 0, 0, 0, 0, 0, 0, 0, 0, 0, 0, 0, 0, 0, 0, 0, 0, 0, 0, 0, 0, 0, 0, 0, 0, 0, 0, 0, 0, 0, 0, 0, 0, 0, 0, 0, 0, 0, 0, 0, 0, 0.002023247, 0.001767401, 0.0014434978, 0.0013131087, 0.0011105381, 0.000949742, 0.00087308016, 0.00070935127, 0.0005221878, 0.00030810988, 0.00019163253, -5.5488566e-05, -0.00031686452, -0.00045121033, -0.00072505773, -0.0010062428, -0.0012979783, -0.0014480184, -0.0017571609, -0.0020755017, -0.0022363137, -0.0025581685, -0.002875941, -0.0031861789, -0.0033388042, -0.0036361343, -0.0039218375, -0.0040589506, -0.0043214145, -0.0045675505, -0.0046849763, -0.0049079834, -0.0051157577, -0.0053063007, -0.0053943107, -0.005554027, -0.005689934, -0.0057476806, -0.005841922, -0.0059075537, -0.0059476374, -0.0059593497, -0.005967428, -0.005957926, -0.0059473296, -0.0059161307, -0.0058726454, -0.005846589, -0.0057831085, -0.0056998576, -0.005591484, -0.0055259597, -0.005373332, -0.005192985, -0.0050943415, -0.0048830686, -0.004657178, -0.004416864, -0.004289804, -0.0040149665, -0.0037021907, -0.0035281035, -0.0031399296, -0.0027021726, -0.002472129, -0.0020336052, -0.0017365773, -0.0017517441, -0.0018678869, 0, 0, 0, 0, 0, 0, 0, 0, 0, 0, 0, 0, 0, 0, 0, 0, 0, 0, 0, 0, 0, 0, 0, 0, 0, 0, 0, 0, 0
0, 0, 0, 0, 0, 0, 0, 0, 0, 0, 0, 0, 0, 0, 0, 0, 0, 0, 0, 0, 0, 0, 0, 0, 0, 0, 0, 0, 0, 0, 0, 0, 0, 0, 0, 0, 0, 0, 0, 0, 0, 0, 0, 0, 0, 0, 0, 0, 0, 0, 0, 0.0020569526, 0.0017995492, 0.0015241731, 0.0013631104, 0.0012980653, 0.0011780906, 0.0010559617, 0.00098894, 0.0008355718, 0.0006501233, 0.00043028686, 0.00030893317, 4.773149e-05, -0.00023154334, -0.0003753608, -0.0006688975, -0.000968985, -0.0012776897, -0.0014366895, -0.0017653201, -0.0021074642, -0.0022826756, -0.0026360613, -0.0029878619, -0.0033330137, -0.0035022222, -0.003831002, -0.0041467557, -0.0042983717, -0.0045899483, -0.0048662177, -0.0049989377, -0.0052539734, -0.005493772, -0.005715149, -0.005817639, -0.006004163, -0.0061628446, -0.0062308093, -0.0063427715, -0.006422489, -0.006472541, -0.0064873793, -0.006497636, -0.006485259, -0.006470945, -0.0064270315, -0.0063642776, -0.006325824, -0.0062340726, -0.0061189355, -0.0059768683, -0.005894688, -0.0057088295, -0.005497652, -0.0053845, -0.0051480522, -0.004902921, -0.004651308, -0.004521492, -0.0042472905, -0.0039400747, -0.0037685432, -0.0033810122, -0.0029342924, -0.002695877, -0.0022389544, -0.0019495162, -0.002000085, 0, 0, 0, 0, 0, 0, 0, 0, 0, 0, 0, 0, 0, 0, 0, 0, 0, 0, 0, 0, 0, 0, 0, 0, 0, 0, 0, 0, 0, 0
0, 0, 0, 0, 0, 0, 0, 0, 0, 0, 0, 0, 0, 0, 0, 0, 0, 0, 0, 0, 0, 0, 0, 0, 0, 0, 0, 0, 0, 0, 0, 0, 0, 0, 0, 0, 0, 0, 0, 0, 0, 0, 0, 0, 0, 0, 0, 0, 0, 0, 0.001690914, 0.001579725, 0.0014833269, 0.0013507567, 0.0012794237, 0.001249123, 0.0011788827, 0.00108575, 0.001028263, 0.0008886336, 0.00071163237, 0.0004952154, 0.00037346574, 0.00010655318, -0.00018340131, -0.00033402132, -0.0006438165, -0.0009622058, -0.0012895907, -0.0014576294, -0.0018048532, -0.0021682805, -0.0023552913, -0.0027355857, -0.003117436, -0.003492996, -0.003676602, -0.004033697, -0.004375622, -0.004540206, -0.0048583373, -0.0051614963, -0.005308012, -0.005590834, -0.005858985, -0.0061075976, -0.0062229154, -0.0064333747, -0.0066136816, -0.006691577, -0.0068214675, -0.0069157947, -0.0069758045, -0.0069934186, -0.007004576, -0.0069858506, -0.006965657, -0.0069050365, -0.006818337, -0.006765464, -0.0066398047, -0.0064858, -0.0063031064, -0.0062002623, -0.005974618, -0.0057260003, -0.0055950596, -0.0053262315, -0.0050533144, -0.0047809817, -0.004643998, -0.0043627014, -0.0040587895, -0.0038928445, -0.0035247207, -0.0031145676, -0.00290603, -0.0025494809, -0.002403453, 0, 0, 0, 0, 0, 0, 0, 0, 0, 0, 0, 0, 0, 0, 0, 0, 0, 0, 0, 0, 0, 0, 0, 0, 0, 0, 0, 0, 0, 0, 0
0, 0, 0, 0, 0, 0, 0, 0, 0, 0, 0, 0, 0, 0, 0, 0, 0, 0, 0, 0, 0, 0, 0, 0, 0, 0, 0, 0, 0, 0, 0, 0, 0, 0, 0, 0, 0, 0, 0, 0, 0, 0, 0, 0, 0, 0, 0, 0, 0, 0.0014434548, 0.0012539161, 0.0011928661, 0.0011714499, 0.0011477239, 0.0011336319, 0.0011221563, 0.0010787419, 0.0010041458, 0.0009542701, 0.00082811003, 0.00066288613, 0.00045794266, 0.0003406502, 7.9531776e-05, -0.00020937841, -0.00036214903, -0.00068002945, -0.0010101887, -0.0013517751, -0.0015272422, -0.0018891826, -0.0022686617, -0.0024646446, -0.002865696, -0.003270683, -0.0036702985, -0.003866024, -0.0042463155, -0.0046103997, -0.004786006, -0.0051257424, -0.005450199, -0.0056076865, -0.005912323, -0.006202158, -0.006471625, -0.0065972037, -0.0068268008, -0.007024799, -0.0071113063, -0.007256614, -0.0073640407, -0.007432985, -0.0074531264, -0.0074645686, -0.007439178, -0.007413081, -0.0073354887, -0.0072247647, -0.0071571157, -0.006996491, -0.0068028923, -0.006576195, -0.006451416, -0.006181146, -0.005889337, -0.0057376944, -0.005428522, -0.005117214, -0.004809708, -0.0046573007, -0.0043516816, -0.0040352773, -0.003869201, -0.003519456, -0.0031696884, -0.003021748, -0.0029022973, -0.003256087, 0, 0, 0, 0, 0, 0, 0, 0, 0, 0, 0, 0, 0, 0, 0, 0, 0, 0, 0, 0, 0, 0, 0, 0, 0, 0, 0, 0, 0, 0, 0
0, 0, 0, 0, 0, 0, 0, 0, 0, 0, 0, 0, 0, 0, 0, 0, 0, 0, 0, 0, 0, 0, 0, 0, 0, 0, 0, 0, 0, 0, 0, 0, 0, 0, 0, 0, 0, 0, 0, 0, 0, 0, 0, 0, 0, 0, 0, 0.00063055166, 0.0006684908, 0.0008260805, 0.0007967225, 0.0007931435, 0.0008044872, 0.00083707896, 0.00085944636, 0.0008603611, 0.0008357909, 0.0007749827, 0.0007314001, 0.0006185854, 0.00046925488, 0.00028154944, 0.00017304052, -7.121467e-05, -0.00034775687, -0.00049630075, -0.0008106591, -0.0011435095, -0.0014908547, -0.0016697412, -0.0020387822, -0.0024252024, -0.0026250428, -0.0030350569, -0.0034519895, -0.0038659952, -0.004069483, -0.00446666, -0.0048477594, -0.0050318935, -0.0053872955, -0.00572757, -0.005892653, -0.0062120017, -0.0065162806, -0.0067997584, -0.0069322186, -0.0071748765, -0.007385008, -0.0074768644, -0.0076320544, -0.0077482886, -0.007823509, -0.007845647, -0.00785792, -0.007828487, -0.007798018, -0.0077072843, -0.0075766356, -0.007496561, -0.0073063294, -0.0070765554, -0.006809234, -0.0066627846, -0.0063484604, -0.00601108, -0.0058364156, -0.0054791695, -0.0051185414, -0.0047599603, -0.004582318, -0.0042301514, -0.0038769003, -0.0036990119, -0.003346466, -0.0030437757, -0.002950991, -0.003034636, -0.0036169165, 0, 0, 0, 0, 0, 0, 0, 0, 0, 0, 0, 0, 0, 0, 0, 0, 0, 0, 0, 0, 0, 0, 0, 0, 0, 0, 0, 0, 0, 0, 0
0, 0, 0, 0, 0, 0, 0, 0, 0, 0, 0, 0, 0, 0, 0, 0, 0, 0, 0, 0, 0, 0, 0, 0, 0, 0, 0, 0, 0, 0, 0, 0, 0, 0, 0, 0, 0, 0, 0, 0, 0, 0, 0, 0, 0, 0, 0, -1.1351323e-05, 9.934421e-05, 0.00019456088, 0.00021524882, 0.00025388875, 0.0002834437, 0.0003478485, 0.0003964699, 0.000408928, 0.00040483393, 0.000360875, 0.00032558883, 0.00022943564, 0.000100370075, -6.35963e-05, -0.0001591057, -0.0003777733, -0.00063158345, -0.00077035587, -0.0010695555, -0.0013930725, -0.0017348301, -0.001912027, -0.002277112, -0.0026581986, -0.0028548806, -0.003258976, -0.0036725015, -0.004086157, -0.0042910725, -0.0046938546, -0.0050828774, -0.0052716127, -0.0056368075, -0.0059861857, -0.006155386, -0.006482882, -0.0067943605, -0.007084929, -0.0072205085, -0.0074699377, -0.0076851514, -0.0077791833, -0.0079376465, -0.008056151, -0.008133525, -0.008156277, -0.008169056, -0.008137705, -0.008105408, -0.008007373, -0.007864881, -0.007776463, -0.007565861, -0.007310465, -0.007012392, -0.0068491977, -0.006497676, -0.0061188173, -0.005921663, -0.0055147153, -0.005097175, -0.0046759616, -0.0044650594, -0.0040454254, -0.003631612, -0.0034300152, -0.0030584447, -0.0028026674, -0.0027723063, -0.0030620468, 0, 0, 0, 0, 0, 0, 0, 0, 0, 0, 0, 0, 0, 0, 0, 0, 0, 0, 0, 0, 0, 0, 0, 0, 0, 0, 0, 0, 0, 0, 0, 0
0, 0, 0, 0, 0, 0, 0, 0, 0, 0, 0, 0, 0, 0, 0, 0, 0, 0, 0, 0, 0, 0, 0, 0, 0, 0, 0, 0, 0, 0, 0, 0, 0, 0, 0, 0, 0, 0, 0, 0, 0, 0, 0, 0, 0, -0.0034685396, -0.002260371, -0.000928036, -0.000705806, -0.0005544265, -0.00051502325, -0.00046707096, -0.0004336113, -0.00035864118, -0.00029261332, -0.0002693181, -0.00024991253, -0.0002687762, -0.0002919228, -0.000362585, -0.00046478194, -0.0005985926, -0.00067748304, -0.00086271594, -0.0010844659, -0.0012088655, -0.0014822896, -0.0017838317, -0.002107887, -0.0022763815, -0.0026245127, -0.0029865531, -0.0031728493, -0.0035558715, -0.0039479714, -0.004344409, -0.0045425687, -0.004935167, -0.0053189737, -0.0055064927, -0.005870377, -0.006219415, -0.006388506, -0.006715679, -0.007026998, -0.007316971, -0.0074525564, -0.0077008684, -0.0079148365, -0.008007292, -0.00816247, -0.008276987, -0.008351005, -0.008372541, -0.00838352, -0.008351022, -0.0083181, -0.008217837, -0.008071231, -0.007980163, -0.0077620796, -0.0074957777, -0.007183627, -0.007011651, -0.0066384375, -0.0062313764, -0.0060167587, -0.005568321, -0.0050983285, -0.004611707, -0.0043642176, -0.0038652213, -0.0033734313, -0.0031396893, -0.0027410632, -0.0025573305, -0.0026146069, -0.0031037123, 0, 0, 0, 0, 0, 0, 0, 0, 0, 0, 0, 0, 0, 0, 0, 0, 0, 0, 0, 0, 0, 0, 0, 0, 0, 0, 0, 0, 0, 0, 0, 0
0, 0, 0, 0, 0, 0, 0, 0, 0, 0, 0, 0, 0, 0, 0, 0, 0, 0, 0, 0, 0, 0, 0, 0, 0, 0, 0, 0, 0, 0, 0, 0, 0, 0, 0, 0, 0, 0, 0, 0, 0, 0, 0, 0, -0.0033865403, -0.0029710534, -0.0023202235, -0.0017241071, -0.0015673182, -0.0014350491, -0.0013970461, -0.0013615064, -0.001335754, -0.001271907, -0.0012043582, -0.0011752698, -0.0011351855, -0.0011247672, -0.0011323612, -0.001170234, -0.0012370552, -0.0013327887, -0.00139278, -0.0015377533, -0.0017200301, -0.0018253118, -0.0020619803, -0.0023289337, -0.0026206065, -0.0027731326, -0.0030899418, -0.0034191932, -0.0035878685, -0.003933583, -0.00428941, -0.004651935, -0.004834774, -0.005200289, -0.0055616037, -0.0057391063, -0.0060859947, -0.006420521, -0.0065827905, -0.006897088, -0.00719671, -0.0074765026, -0.0076077012, -0.007848261, -0.008054344, -0.008142792, -0.008289867, -0.008395815, -0.0084615825, -0.008479515, -0.00848506, -0.008449717, -0.00841626, -0.0083169695, -0.0081728725, -0.008084185, -0.007870873, -0.007610146, -0.007302619, -0.0071318354, -0.006758465, -0.006344548, -0.006123221, -0.005653459, -0.0051477025, -0.0046090996, -0.0043291566, -0.003753804, -0.0031792098, -0.0029082797, -0.0024756228, -0.0023779059, -0.002535081, 0, 0, 0, 0, 0, 0, 0, 0, 0, 0, 0, 0, 0, 0, 0, 0, 0, 0, 0, 0, 0, 0, 0, 0, 0, 0, 0, 0, 0, 0, 0, 0, 0
0, 0, 0, 0, 0, 0, 0, 0, 0, 0, 0, 0, 0, 0, 0, 0, 0, 0, 0, 0, 0, 0, 0, 0, 0, 0, 0, 0, 0, 0, 0, 0, 0, 0, 0, 0, 0, 0, 0, 0, 0, 0, 0, -0.0032871664, -0.0028481127, -0.002735371, -0.002606242, -0.002482808, -0.0024383748, -0.002395793, -0.0023899018, -0.0023851818, -0.0023763187, -0.0023429669, -0.002294021, -0.0022672014, -0.002218328, -0.0021859577, -0.0021786864, -0.002182944, -0.0022123987, -0.002267492, -0.0023057647, -0.0024054772, -0.0025399392, -0.0026208567, -0.002808056, -0.003025918, -0.003269202, -0.0033983167, -0.0036677022, -0.003948147, -0.0040921755, -0.004387092, -0.0046919817, -0.0050058295, -0.005165527, -0.005487329, -0.0058077937, -0.0059665805, -0.0062778597, -0.006579213, -0.0067255157, -0.0070100534, -0.0072824806, -0.0075395075, -0.007660619, -0.007884431, -0.008077159, -0.008159896, -0.008295436, -0.008389902, -0.008444819, -0.008457725, -0.008455308, -0.0084150825, -0.008380851, -0.008283378, -0.00814626, -0.008062443, -0.00786284, -0.0076202895, -0.00733368, -0.007174066, -0.0068215416, -0.0064248187, -0.006209939, -0.005745616, -0.0052336454, -0.004671592, -0.004372657, -0.003745775, -0.0031107499, -0.0028125606, -0.0023522365, -0.0023051442, -0.0024949934, 0, 0, 0, 0, 0, 0, 0, 0, 0, 0, 0, 0, 0, 0, 0, 0, 0, 0, 0, 0, 0, 0, 0, 0, 0, 0, 0, 0, 0, 0, 0, 0, 0
0, 0, 0, 0, 0, 0, 0, 0, 0, 0, 0, 0, 0, 0, 0, 0, 0, 0, 0, 0, 0, 0, 0, 0, 0, 0, 0, 0, 0, 0, 0, 0, 0, 0, 0, 0, 0, 0, 0, 0, 0, 0, -0.0032794126, -0.0027914627, -0.002761338, -0.0028400363, -0.003052411, -0.0032204012, -0.003279063, -0.003363254, -0.003425253, -0.003472314, -0.003488258, -0.0035014965, -0.0034885523, -0.0034741105, -0.00343565, -0.0033965237, -0.0033809554, -0.0033617371, -0.0033610035, -0.0033791808, -0.0033961227, -0.0034487327, -0.003529218, -0.0035805556, -0.0037056562, -0.0038585186, -0.0040360647, -0.0041324524, -0.0043367087, -0.004553181, -0.004664492, -0.0048942645, -0.005134701, -0.005386108, -0.00551493, -0.0057774014, -0.006040537, -0.006171521, -0.006428447, -0.006677694, -0.006799162, -0.0070362226, -0.0072645918, -0.007483462, -0.0075880843, -0.0077835904, -0.007955247, -0.008029286, -0.008150076, -0.008232353, -0.008275811, -0.008283702, -0.008272975, -0.008227744, -0.008192623, -0.0080975685, -0.00796865, -0.007891175, -0.007709638, -0.00749121, -0.0072346865, -0.0070912917, -0.0067734476, -0.0064128926, -0.006215921, -0.0057844366, -0.0052986727, -0.0047509726, -0.0044534616, -0.0038211984, -0.003186696, -0.0029037287, -0.0025179829, -0.0024699108, 0, 0, 0, 0, 0, 0, 0, 0, 0, 0, 0, 0, 0, 0, 0, 0, 0, 0, 0, 0, 0, 0, 0, 0, 0, 0, 0, 0, 0, 0, 0, 0, 0, 0
0, 0, 0, 0, 0, 0, 0, 0, 0, 0, 0, 0, 0, 0, 0, 0, 0, 0, 0, 0, 0, 0, 0, 0, 0, 0, 0, 0, 0, 0, 0, 0, 0, 0, 0, 0, 0, 0, 0, 0, -0.005204166, -0.004331539, -0.0030992215, -0.0028394936, -0.003032313, -0.0032075914, -0.0035946725, -0.0039347, -0.00407165, -0.00428506, -0.0044404967, -0.004558533, -0.0046059373, -0.0046760454, -0.004711359, -0.004716574, -0.004705977, -0.004679101, -0.004664357, -0.0046383725, -0.0046206475, -0.0046127206, -0.004612384, -0.0046220412, -0.0046470934, -0.0046661166, -0.004720107, -0.004794851, -0.004890148, -0.0049454262, -0.005067175, -0.005202226, -0.0052733957, -0.005423553, -0.0055851704, -0.0057588285, -0.0058497395, -0.006037434, -0.0062276707, -0.0063224267, -0.0065098205, -0.006692281, -0.006781545, -0.0069563016, -0.007126655, -0.0072923577, -0.0073731425, -0.0075282636, -0.007667897, -0.0077292705, -0.007830457, -0.00789787, -0.00793072, -0.007934259, -0.0079170745, -0.007868776, -0.007833722, -0.00774213, -0.007622499, -0.0075518047, -0.0073881634, -0.0071937554, -0.0069666314, -0.006839925, -0.006560033, -0.0062425174, -0.0060684667, -0.0056869155, -0.0052518076, -0.004754802, -0.00448202, -0.0039014302, -0.0033441097, -0.003130646, -0.0030322624, -0.0035408812, 0, 0, 0, 0, 0, 0, 0, 0, 0, 0, 0, 0, 0, 0, 0, 0, 0, 0, 0, 0, 0, 0, 0, 0, 0, 0, 0, 0, 0, 0, 0, 0, 0, 0
0, 0, 0, 0, 0, 0, 0, 0, 0, 0, 0, 0, 0, 0, 0, 0, 0, 0, 0, 0, 0, 0, 0, 0, 0, 0, 0, 0, 0, 0, 0, 0, 0, 0, 0, 0, 0, 0, 0, -0.0035799132, -0.0036203233, -0.003462481, -0.0031426875, -0.0031853, -0.0035032637, -0.0037182632, -0.004180412, -0.004613805, -0.0048050447, -0.0051286034, -0.0053838054, -0.0055856314, -0.0056697386, -0.005805851, -0.0058977283, -0.005926856, -0.0059560225, -0.005955694, -0.005948834, -0.005929472, -0.005907397, -0.005883856, -0.005871736, -0.005846227, -0.005821819, -0.0058103087, -0.0057925875, -0.0057839057, -0.005788389, -0.005796314, -0.005822449, -0.005861891, -0.0058858613, -0.005942625, -0.0060116267, -0.0060930727, -0.0061380053, -0.0062348237, -0.0063364296, -0.0063883807, -0.006492694, -0.0065971753, -0.00664925, -0.006752786, -0.006855657, -0.0069591366, -0.0070106504, -0.007113209, -0.0072099706, -0.007253547, -0.0073259417, -0.007374026, -0.007394193, -0.007393622, -0.007371529, -0.0073230993, -0.007289548, -0.0072043445, -0.007095243, -0.007031241, -0.0068841227, -0.006709611, -0.006506114, -0.006393073, -0.0061442293, -0.005864876, -0.0057126656, -0.0053813662, -0.005006655, -0.004584204, -0.004357265, -0.003897058, -0.0035160738, -0.0034116607, -0.0035056493, 0, 0, 0, 0, 0, 0, 0, 0, 0, 0, 0, 0, 0, 0, 0, 0, 0, 0, 0, 0, 0, 0, 0, 0, 0, 0, 0, 0, 0, 0, 0, 0, 0, 0, 0
0, 0, 0, 0, 0, 0, 0, 0, 0, 0, 0, 0, 0, 0, 0, 0, 0, 0, 0, 0, 0, 0, 0, 0, 0, 0, 0, 0, 0, 0, 0, 0, 0, 0, 0, 0, 0, -0.0026667519, -0.0024962842, -0.002544416, -0.0028365864, -0.0029874546, -0.0032613059, -0.0035922178, -0.0040166024, -0.0042549116, -0.004751378, -0.0052344035, -0.005459519, -0.005865914, -0.00621055, -0.006497951, -0.006621919, -0.0068306564, -0.006986107, -0.0070438036, -0.007120709, -0.007155265, -0.007160731, -0.007155252, -0.0071343808, -0.007100958, -0.0070797377, -0.007027044, -0.0069612456, -0.0069240057, -0.0068426994, -0.0067568286, -0.0066721444, -0.006632133, -0.006559185, -0.006496774, -0.0064696297, -0.0064237886, -0.0063886503, -0.0063653975, -0.0063577965, -0.006349607, -0.0063493163, -0.0063516963, -0.0063621206, -0.0063799303, -0.0063910903, -0.006417436, -0.0064488053, -0.0064846305, -0.0065042046, -0.0065469113, -0.006590549, -0.006611037, -0.006645231, -0.006666023, -0.006668997, -0.006663277, -0.0066361283, -0.006588776, -0.0065582385, -0.0064819567, -0.0063852617, -0.006328375, -0.0061964337, -0.006038291, -0.005851942, -0.0057487083, -0.005522394, -0.00527152, -0.005136876, -0.0048473678, -0.0045256526, -0.0041764094, -0.0040024486, -0.0037295828, -0.0037584247, -0.003973013, -0.0045194705, 0, 0, 0, 0, 0, 0, 0, 0, 0, 0, 0, 0, 0, 0, 0, 0, 0, 0, 0, 0, 0, 0, 0, 0, 0, 0, 0, 0, 0, 0, 0, 0, 0, 0, 0
0, 0, 0, 0, 0, 0, 0, 0, 0, 0, 0, 0, 0, 0, 0, 0, 0, 0, 0, 0, 0, 0, 0, 0, 0, 0, 0, 0, 0, 0, 0, 0, 0, -0.012936482, -0.010952876, -0.008973114, -0.004770752, -0.0031346958, -0.002836765, -0.0027755138, -0.0030989354, -0.0033327308, -0.0038578054, -0.00440123, -0.0049399748, -0.0052058706, -0.0057295817, -0.0062378584, -0.006484418, -0.006957657, -0.0073995073, -0.0078047654, -0.007992488, -0.008332728, -0.008618665, -0.0087382095, -0.008928037, -0.009051628, -0.009090278, -0.009126803, -0.009116612, -0.00906752, -0.009029817, -0.00892928, -0.008796497, -0.008718309, -0.008539828, -0.008334804, -0.008110019, -0.007992762, -0.007753263, -0.0075109834, -0.007389768, -0.007148065, -0.0069074966, -0.0066687986, -0.006550667, -0.006319658, -0.0060989656, -0.0059940876, -0.0057986435, -0.0056252237, -0.005547043, -0.0054070307, -0.0052857734, -0.005180564, -0.0051330784, -0.0050476016, -0.004973586, -0.0049403296, -0.0048804497, -0.004828162, -0.0047804643, -0.00475706, -0.004709062, -0.004657702, -0.00463029, -0.004569328, -0.0044964217, -0.0044538695, -0.0043526115, -0.00422774, -0.0040777978, -0.00399392, -0.0038107352, -0.00361071, -0.0035056525, -0.003286174, -0.003052191, -0.0028098472, -0.0027001398, -0.0026004137, -0.002958887, -0.0034455934, 0, 0, 0, 0, 0, 0, 0, 0, 0, 0, 0, 0, 0, 0, 0, 0, 0, 0, 0, 0, 0, 0, 0, 0, 0, 0, 0, 0, 0, 0, 0, 0, 0, 0, 0, 0
0, 0, 0, 0, 0, 0, 0, 0, 0, 0, 0, 0, 0, 0, 0, 0, 0, 0, 0, 0, 0, 0, 0, 0, 0, 0, 0, 0, 0, 0, 0, 0, -0.0065407893, -0.0072907372, -0.0075384965, -0.006993483, -0.0052400124, -0.004117779, -0.0038536286, -0.0037051418, -0.0038754614, -0.0040346603, -0.004442783, -0.0049172547, -0.005416621, -0.0056684706, -0.006165373, -0.0066488977, -0.006884119, -0.0073398473, -0.007775478, -0.008188932, -0.00838522, -0.008753394, -0.009076931, -0.009218142, -0.009452808, -0.0096181845, -0.009674314, -0.00973694, -0.009739356, -0.009689429, -0.009647105, -0.009530208, -0.009372345, -0.009278801, -0.009063651, -0.0088144485, -0.008538286, -0.008392833, -0.008091431, -0.007781711, -0.0076247486, -0.0073069357, -0.006984702, -0.006658938, -0.0064956495, -0.006170452, -0.005853684, -0.0057006762, -0.0054104133, -0.0051451926, -0.005022446, -0.0047972216, -0.004595907, -0.004417003, -0.0043347105, -0.004184723, -0.004052505, -0.003992401, -0.0038856152, -0.0037950038, -0.0037183578, -0.0036838036, -0.003620184, -0.003561311, -0.0035323368, -0.0034734511, -0.0034082688, -0.0033718885, -0.003286942, -0.0031832291, -0.003059854, -0.0029907252, -0.0028394335, -0.0026732634, -0.0025862635, -0.0024062472, -0.0022272037, -0.0020849751, -0.002058397, -0.0022010144, -0.0025106168, 0, 0, 0, 0, 0, 0, 0, 0, 0, 0, 0, 0, 0, 0, 0, 0, 0, 0, 0, 0, 0, 0, 0, 0, 0, 0, 0, 0, 0, 0, 0, 0, 0, 0, 0, 0, 0
0, 0, 0, 0, 0, 0, 0, 0, 0, 0, 0, 0, 0, 0, 0, 0, 0, 0, 0, 0, 0, 0, 0, 0, 0, 0, 0, 0, 0, 0, -0.0061188205, -0.0055837976, -0.0045612794, -0.0048549213, -0.005509344, -0.0056553395, -0.005453714, -0.005065666, -0.0049242857, -0.0047924346, -0.0048432574, -0.004926818, -0.0051871436, -0.0055397353, -0.0059495587, -0.006165086, -0.006602622, -0.0070344727, -0.0072453795, -0.007656374, -0.0080523975, -0.008434614, -0.008620809, -0.00897608, -0.009300087, -0.009446241, -0.009696897, -0.009883323, -0.009949485, -0.010030433, -0.010044635, -0.009999224, -0.009956252, -0.009833475, -0.009663508, -0.009561292, -0.009322716, -0.009042226, -0.00872635, -0.008558265, -0.008206637, -0.007841622, -0.0076554967, -0.0072783134, -0.0068947016, -0.0065057324, -0.0063093435, -0.005916226, -0.0055275843, -0.0053377924, -0.0049713836, -0.004628068, -0.004465944, -0.0041612242, -0.0038821201, -0.00362932, -0.0035126607, -0.003298776, -0.0031099662, -0.0030248533, -0.002873724, -0.0027472265, -0.0026430704, -0.00259815, -0.0025186834, -0.0024510548, -0.0024202494, -0.0023620895, -0.002304243, -0.0022737938, -0.0022058552, -0.0021264784, -0.002034963, -0.00198431, -0.0018729952, -0.0017485911, -0.0016816814, -0.0015401338, -0.0014034637, -0.0013462323, -0.0014163243, -0.0021109635, -0.0035292387, 0, 0, 0, 0, 0, 0, 0, 0, 0, 0, 0, 0, 0, 0, 0, 0, 0, 0, 0, 0, 0, 0, 0, 0, 0, 0, 0, 0, 0, 0, 0, 0, 0, 0, 0, 0, 0
0, 0, 0, 0, 0, 0, 0, 0, 0, 0, 0, 0, 0, 0, 0, 0, 0, 0, 0, 0, 0, 0, 0, 0, 0, 0, 0, 0, -0.008104646, -0.006556477, -0.004763382, -0.004361735, -0.0038902129, -0.0040826183, -0.004748337, -0.0050925384, -0.0055591087, -0.005723886, -0.0057430826, -0.00574688, -0.005778723, -0.0058199456, -0.005967617, -0.0062003597, -0.006502489, -0.006671239, -0.007027278, -0.0073893834, -0.007567924, -0.00791582, -0.008250187, -0.008573351, -0.008731007, -0.009036458, -0.009321677, -0.009452365, -0.009682241, -0.009857264, -0.009921489, -0.010000711, -0.010015607, -0.009972311, -0.009930665, -0.009810835, -0.009642494, -0.009539735, -0.009296283, -0.009002407, -0.008664113, -0.008480881, -0.008093084, -0.0076854425, -0.0074768583, -0.0070540076, -0.0066262963, -0.006195669, -0.005978958, -0.0055444934, -0.005112429, -0.0048986366, -0.0044808798, -0.004079421, -0.0038861136, -0.0035153553, -0.0031678807, -0.0028470831, -0.0026980017, -0.0024234387, -0.0021813682, -0.0020724018, -0.0018805403, -0.0017212976, -0.0015926779, -0.001538371, -0.0014457604, -0.0013716322, -0.0013400223, -0.0012847619, -0.0012363318, -0.0012130572, -0.0011656504, -0.0011150928, -0.0010604494, -0.001030597, -0.0009661308, -0.00089036446, -0.00084648776, -0.0007438018, -0.00062629813, -0.0005483012, -0.0005807056, -0.0010494319, 0, 0, 0, 0, 0, 0, 0, 0, 0, 0, 0, 0, 0, 0, 0, 0, 0, 0, 0, 0, 0, 0, 0, 0, 0, 0, 0, 0, 0, 0, 0, 0, 0, 0, 0, 0, 0, 0
0, 0, 0, 0, 0, 0, 0, 0, 0, 0, 0, 0, 0, 0, 0, 0, 0, 0, 0, 0, 0, 0, 0, 0, 0, 0, -0.008090108, -0.006208662, -0.0057583456, -0.005150013, -0.0043932055, -0.0041560577, -0.0039780713, -0.0041792723, -0.0047219377, -0.0050551686, -0.0056774355, -0.0061132507, -0.006254226, -0.006423309, -0.006512191, -0.0065498846, -0.0066435086, -0.006787772, -0.0069912975, -0.0071124393, -0.007380126, -0.0076639038, -0.0078065125, -0.008083844, -0.008346862, -0.0085962545, -0.008716135, -0.008947837, -0.00916493, -0.009265292, -0.00944197, -0.009576399, -0.009624038, -0.009678276, -0.009677474, -0.009626436, -0.00958383, -0.009466769, -0.009306879, -0.0092096785, -0.008976446, -0.008689586, -0.0083503015, -0.008163375, -0.007760658, -0.00732928, -0.0071066557, -0.006654105, -0.006197934, -0.0057416693, -0.0055139535, -0.00505915, -0.0046055266, -0.0043798927, -0.0039332835, -0.003495863, -0.0032816418, -0.0028642605, -0.0024650095, -0.0020907875, -0.00191493, -0.001589038, -0.0013003331, -0.0011705995, -0.0009410653, -0.00075168774, -0.0006004874, -0.00053759274, -0.0004345149, -0.00035669812, -0.00032604387, -0.00027828987, -0.00024486188, -0.00023211083, -0.00021165455, -0.00019584932, -0.00018294004, -0.00017709666, -0.00016413713, -0.00014272673, -0.00012525507, -6.8805435e-05, 2.4985698e-05, 0.00014223251, 0.0001868218, 0, 0, 0, 0, 0, 0, 0, 0, 0, 0, 0, 0, 0, 0, 0, 0, 0, 0, 0, 0, 0, 0, 0, 0, 0, 0, 0, 0, 0, 0, 0, 0, 0, 0, 0, 0, 0, 0, 0
0, 0, 0, 0, 0, 0, 0, 0, 0, 0, 0, 0, 0, 0, 0, 0, 0, 0, 0, 0, 0, 0, 0, -0.0059594223, -0.0057514273, -0.0049792556, -0.0052819364, -0.004953808, -0.0047534243, -0.0045673074, -0.0044393437, -0.0043972544, -0.0044189673, -0.004620054, -0.005025381, -0.005287015, -0.0058457325, -0.0063386075, -0.00653459, -0.0068160607, -0.0069788215, -0.0070316726, -0.0071149385, -0.0072054835, -0.0073296446, -0.0074067856, -0.0075872266, -0.0077889883, -0.007892967, -0.008096262, -0.00828526, -0.008457447, -0.008537804, -0.008689159, -0.008827731, -0.008890962, -0.0090000825, -0.009076724, -0.009100556, -0.009114835, -0.009084904, -0.009014738, -0.008966003, -0.00884453, -0.008689241, -0.008597696, -0.00838108, -0.008114395, -0.0077949017, -0.0076160617, -0.007224591, -0.006796445, -0.0065728254, -0.006113621, -0.005647556, -0.0051818006, -0.00494949, -0.004486652, -0.004024827, -0.0037943406, -0.0033357146, -0.0028809744, -0.0026560847, -0.0022137256, -0.0017851089, -0.0013783006, -0.001185296, -0.00082488527, -0.000502189, -0.00035573854, -9.487494e-05, 0.00012239242, 0.00029591494, 0.00036707718, 0.00048085197, 0.00055989553, 0.0005879515, 0.0006232548, 0.0006351581, 0.0006341786, 0.0006203742, 0.0005949137, 0.000560679, 0.000541045, 0.0005002705, 0.00046554973, 0.00045575216, 0.00046342213, 0.0005253987, 0.0006358698, 0.0006835288, 0, 0, 0, 0, 0, 0, 0, 0, 0, 0, 0, 0, 0, 0, 0, 0, 0, 0, 0, 0, 0, 0, 0, 0, 0, 0, 0, 0, 0, 0, 0, 0, 0, 0, 0, 0, 0, 0, 0
0, 0, 0, 0, 0, 0, 0, 0, 0, 0, 0, 0, 0, 0, 0, 0, 0, 0, 0, 0, 0, 0, -0.0024294332, -0.0030304636, -0.0033405758, -0.0035742049, -0.0038438973, -0.0040928354, -0.0041846684, -0.0043818033, -0.0045739324, -0.004658271, -0.0048257634, -0.0050404193, -0.0053522596, -0.005547943, -0.0059907446, -0.006436766, -0.006635996, -0.0069588027, -0.007171523, -0.0072422493, -0.0073349476, -0.0073970295, -0.007461336, -0.0075005163, -0.007596957, -0.007712797, -0.0077749165, -0.00789768, -0.008009636, -0.008104621, -0.008146954, -0.008222582, -0.008288418, -0.008317167, -0.00836272, -0.008384254, -0.008383869, -0.008357753, -0.008296175, -0.008202372, -0.008144661, -0.00801038, -0.007851136, -0.0077615324, -0.0075577754, -0.007314773, -0.007026932, -0.0068655796, -0.006509235, -0.006112783, -0.005902639, -0.0054658246, -0.005015005, -0.0045590224, -0.0043301773, -0.0038709843, -0.003410608, -0.0031802922, -0.002719819, -0.0022619031, -0.0020349699, -0.0015872635, -0.001152277, -0.000736906, -0.00053864537, -0.00016517894, 0.00017486427, 0.0003312367, 0.0006146351, 0.0008551097, 0.0010497528, 0.0011296284, 0.0012543817, 0.0013342727, 0.0013588108, 0.001379601, 0.0013666773, 0.0013494377, 0.0012979789, 0.0012283336, 0.0011459483, 0.0011009129, 0.0010083808, 0.0009231233, 0.00088971644, 0.00086092355, 0.000911054, 0.0010326708, 0.0010739956, 0, 0, 0, 0, 0, 0, 0, 0, 0, 0, 0, 0, 0, 0, 0, 0, 0, 0, 0, 0, 0, 0, 0, 0, 0, 0, 0, 0, 0, 0, 0, 0, 0, 0, 0, 0, 0, 0, 0
0, 0, 0, 0, 0, 0, 0, 0, 0, 0, 0, 0, 0, 0, 0, 0, 0, -0.0038702125, -0.003772248, -0.0031701245, -0.0021814087, -0.0017467028, -0.0015875138, -0.0018699558, -0.002103282, -0.0025756834, -0.0030587332, -0.0035502508, -0.00378007, -0.004200921, -0.0045607053, -0.004714346, -0.004978643, -0.005219466, -0.0054857517, -0.0056388853, -0.0059859706, -0.006357304, -0.006536304, -0.0068507115, -0.0070823003, -0.0071647717, -0.00727192, -0.0073255086, -0.007352614, -0.0073636146, -0.00738895, -0.00742203, -0.0074413456, -0.007477795, -0.0075071407, -0.0075245574, -0.007529761, -0.007535298, -0.007538561, -0.007538748, -0.0075329645, -0.0075122043, -0.007494591, -0.0074397936, -0.007355971, -0.00724429, -0.0071789953, -0.0070310906, -0.0068639196, -0.0067734187, -0.006576999, -0.006355053, -0.0061017536, -0.005961707, -0.00565403, -0.0053100283, -0.005126246, -0.0047386186, -0.004331048, -0.003909815, -0.0036949145, -0.0032578262, -0.0028134445, -0.0025893576, -0.0021394861, -0.0016910144, -0.0014687977, -0.0010319407, -0.00060961524, -0.00020671365, -1.3951577e-05, 0.00035265685, 0.00069188856, 0.0008506359, 0.0011438266, 0.0013994263, 0.0016108291, 0.0016981647, 0.00183422, 0.0019164786, 0.0019381695, 0.0019457951, 0.0019101108, 0.0018786949, 0.0017929984, 0.001684027, 0.0015593054, 0.0014930535, 0.0013596356, 0.0012385919, 0.0011915291, 0.0011530924, 0.001227108, 0.0013743833, 0, 0, 0, 0, 0, 0, 0, 0, 0, 0, 0, 0, 0, 0, 0, 0, 0, 0, 0, 0, 0, 0, 0, 0, 0, 0, 0, 0, 0, 0, 0, 0, 0, 0, 0, 0, 0, 0, 0, 0
0, 0, 0, 0, 0, 0, 0, 0, 0, 0, 0, 0, 0, 0, -0.0007906996, -0.001046555, -0.0012480995, -0.0018970567, -0.0021767474, -0.0022881355, -0.0018843377, -0.0016235848, -0.001348722, -0.0014474128, -0.0016022666, -0.0020354264, -0.0025604512, -0.0031169422, -0.0033892011, -0.0038941954, -0.004326008, -0.004511454, -0.0048257713, -0.0050872993, -0.005333953, -0.005462711, -0.005741685, -0.006043531, -0.006194903, -0.006475037, -0.0066995174, -0.006785557, -0.0069038686, -0.0069614756, -0.0069753537, -0.006971375, -0.006951833, -0.006922641, -0.006905775, -0.006866737, -0.006818197, -0.0067606946, -0.0067302156, -0.0066694785, -0.0066146706, -0.0065889084, -0.0065392596, -0.0064864517, -0.006456644, -0.006384282, -0.006291863, -0.0061752023, -0.0061082933, -0.0059578763, -0.0057906783, -0.0057018236, -0.005515237, -0.0053150537, -0.00509557, -0.0049774772, -0.004721636, -0.00443899, -0.004287618, -0.0039667757, -0.0036239265, -0.0032611785, -0.0030728597, -0.0026824644, -0.0022773847, -0.0020703524, -0.0016504863, -0.0012287567, -0.001018942, -0.000607492, -0.00021116047, 0.00016547099, 0.0003459781, 0.0006911852, 0.0010156158, 0.0011698973, 0.001460222, 0.0017199921, 0.0019408917, 0.002033852, 0.002179163, 0.0022664643, 0.002287969, 0.0022892351, 0.002240074, 0.0021994426, 0.002091067, 0.0019558663, 0.0018036684, 0.0017243227, 0.0015681371, 0.0014362127, 0.0013915232, 0.0013852154, 0.0015250292, 0, 0, 0, 0, 0, 0, 0, 0, 0, 0, 0, 0, 0, 0, 0, 0, 0, 0, 0, 0, 0, 0, 0, 0, 0, 0, 0, 0, 0, 0, 0, 0, 0, 0, 0, 0, 0, 0, 0, 0, 0
0, 0, 0, 0, 0, 0, 0, 0, 0, 0.0058298353, 0.005455775, 0.0049699456, 0.0035401017, 0.0017156232, 0.00072766095, -0.00021063283, -0.0006741267, -0.0010858155, -0.0012977059, -0.0015962777, -0.0015989294, -0.0015120518, -0.001347032, -0.0013542166, -0.0014390182, -0.001747262, -0.0021902267, -0.0027011991, -0.0029617783, -0.0034611188, -0.003900963, -0.0040925625, -0.004420125, -0.0046863686, -0.004918655, -0.0050308025, -0.005261641, -0.0055033187, -0.005624798, -0.0058559077, -0.0060515315, -0.0061302446, -0.0062458464, -0.0063077384, -0.0063226544, -0.0063155945, -0.00627973, -0.0062214383, -0.0061853877, -0.006100725, -0.0059998245, -0.0058865263, -0.0058274427, -0.0057095764, -0.005599641, -0.005548744, -0.005454242, -0.0053675273, -0.005325224, -0.00523809, -0.0051418333, -0.0050310427, -0.004969104, -0.0048325537, -0.0046829684, -0.00460448, -0.004442516, -0.004273478, -0.0040931073, -0.003997789, -0.0037943397, -0.0035722416, -0.0034541322, -0.0032035126, -0.0029344794, -0.0026462337, -0.0024943666, -0.0021745563, -0.0018349477, -0.001658307, -0.0012947456, -0.0009223993, -0.0007350271, -0.00036405298, -4.366269e-06, 0.00033920608, 0.00050441484, 0.00082270044, 0.0011250394, 0.0012705638, 0.0015475197, 0.0018017606, 0.00202462, 0.0021206145, 0.0022742136, 0.0023703247, 0.0023957468, 0.002402844, 0.0023556785, 0.00231426, 0.0022014515, 0.002058914, 0.0018981736, 0.001815429, 0.0016587249, 0.001545839, 0.0015246839, 0.0016001782, 0.001823254, 0, 0, 0, 0, 0, 0, 0, 0, 0, 0, 0, 0, 0, 0, 0, 0, 0, 0, 0, 0, 0, 0, 0, 0, 0, 0, 0, 0, 0, 0, 0, 0, 0, 0, 0, 0, 0, 0, 0, 0, 0
0.00082060037, 0.00062872696, -0.00020818954, -0.0012206695, -0.0015452005, -0.0013805353, -0.0001907907, 0.00054533815, 0.001811562, 0.0031116027, 0.0036790797, 0.00363461, 0.003017338, 0.001957627, 0.0014046823, 0.00058447284, 1.9937726e-05, -0.00044257662, -0.0006593401, -0.0010345402, -0.0012473317, -0.0012816818, -0.001272478, -0.0012826996, -0.0013283564, -0.0015241718, -0.0018496197, -0.002262544, -0.0024846243, -0.0029278174, -0.0033360498, -0.0035189819, -0.0038376146, -0.004096781, -0.004315742, -0.00441661, -0.0046115634, -0.004803584, -0.00489753, -0.0050744643, -0.0052250945, -0.005287038, -0.005380424, -0.0054313424, -0.005443542, -0.005436475, -0.005400436, -0.0053402344, -0.0053015244, -0.005208538, -0.0050936085, -0.0049593137, -0.0048867627, -0.0047371355, -0.0045887125, -0.0045173084, -0.0043812133, -0.004257312, -0.0041999556, -0.0040918128, -0.0039883154, -0.0038842564, -0.0038307146, -0.0037195182, -0.0036039352, -0.003545212, -0.0034262121, -0.0033040317, -0.00317473, -0.0031063028, -0.0029588875, -0.0027965507, -0.002709771, -0.002525777, -0.0023286918, -0.0021179998, -0.0020066658, -0.0017706804, -0.0015156417, -0.0013807018, -0.0010964829, -0.0007961016, -0.0006415622, -0.00032769024, -1.5231661e-05, 0.00029048554, 0.00043981822, 0.00073039497, 0.0010098642, 0.00114513, 0.0014052087, 0.0016492688, 0.001869402, 0.0019668508, 0.0021295145, 0.0022410639, 0.0022758625, 0.0023043654, 0.00227918, 0.0022480895, 0.0021537116, 0.0020257058, 0.0018770574, 0.001800243, 0.0016622934, 0.0015964558, 0.0016178355, 0.0018171072, 0, 0, 0, 0, 0, 0, 0, 0, 0, 0, 0, 0, 0, 0, 0, 0, 0, 0, 0, 0, 0, 0, 0, 0, 0, 0, 0, 0, 0, 0, 0, 0, 0, 0, 0, 0, 0, 0, 0, 0, 0, 0
0.000920941, 0.00077028165, 0.00026552333, -0.00023569429, -0.00038137948, -0.00031741115, 0.00021806797, 0.0005900308, 0.0013377899, 0.0020133832, 0.0024889119, 0.0026064245, 0.0025352875, 0.0020894282, 0.0017905838, 0.0011993751, 0.0006652706, 0.00017566998, -5.613573e-05, -0.0004772133, -0.00079499517, -0.0009020409, -0.001023984, -0.0010900216, -0.0011299402, -0.0012629223, -0.0014878053, -0.0017951119, -0.0019690546, -0.0023333516, -0.0026870356, -0.0028517775, -0.0031461415, -0.0033930896, -0.0036015392, -0.0036948414, -0.0038666055, -0.004024282, -0.0040975334, -0.004228714, -0.0043341075, -0.0043753954, -0.0044331304, -0.004458171, -0.0044545275, -0.0044432734, -0.004405034, -0.004349817, -0.0043166215, -0.0042374623, -0.0041382913, -0.0040178923, -0.0039508757, -0.0038049812, -0.0036498087, -0.0035707485, -0.0034148467, -0.003266969, -0.0031978237, -0.0030709777, -0.0029586216, -0.002858268, -0.002811652, -0.0027249837, -0.0026468523, -0.0026107088, -0.0025434908, -0.0024786794, -0.0024105848, -0.002373289, -0.0022889127, -0.0021900502, -0.0021351466, -0.0020151031, -0.0018848209, -0.0017463426, -0.0016736378, -0.0015205422, -0.0013538584, -0.0012642735, -0.001070584, -0.00085599447, -0.00074109767, -0.0004985706, -0.0002436729, 1.7688943e-05, 0.00014937781, 0.00041167, 0.0006695677, 0.0007960096, 0.0010417282, 0.0012758884, 0.0014941319, 0.0015944681, 0.0017703389, 0.0019063997, 0.0019575276, 0.0020241323, 0.0020417254, 0.0020324078, 0.0019806596, 0.0018917673, 0.0017775029, 0.0017173144, 0.0016193134, 0.0016203154, 0.0016941335, 0.0020049398, 0, 0, 0, 0, 0, 0, 0, 0, 0, 0, 0, 0, 0, 0, 0, 0, 0, 0, 0, 0, 0, 0, 0, 0, 0, 0, 0, 0, 0, 0, 0, 0, 0, 0, 0, 0, 0, 0, 0, 0, 0, 0
0.0011096541, 0.0010026733, 0.0007346793, 0.0005262794, 0.00046501562, 0.00044929425, 0.00058175396, 0.000696553, 0.0009901215, 0.0013364357, 0.0016828261, 0.0018290224, 0.0019945551, 0.0019277891, 0.0018137848, 0.0014837789, 0.0010832566, 0.00065409805, 0.00043789652, 2.305208e-05, -0.00033153198, -0.00047371423, -0.00068118836, -0.0008101928, -0.000862152, -0.0009758809, -0.0011345423, -0.0013508479, -0.0014773837, -0.0017533398, -0.0020374046, -0.0021748005, -0.002430797, -0.0026553764, -0.0028497272, -0.00293708, -0.003095416, -0.0032335976, -0.0032944425, -0.00339758, -0.0034713575, -0.0034964583, -0.003524281, -0.0035230068, -0.0034984148, -0.0034795175, -0.0034325987, -0.0033783363, -0.0033491552, -0.0032849333, -0.0032093683, -0.0031184573, -0.0030670434, -0.0029521836, -0.0028234834, -0.0027554696, -0.0026158236, -0.0024780943, -0.0024123583, -0.0022900754, -0.0021825326, -0.002089887, -0.0020493725, -0.0019809983, -0.0019302894, -0.0019116894, -0.0018863122, -0.0018725847, -0.0018630304, -0.0018574323, -0.0018398021, -0.001809025, -0.0017878016, -0.0017342535, -0.0016686821, -0.0015951411, -0.0015560854, -0.0014739255, -0.0013840547, -0.0013355389, -0.0012258416, -0.0010962511, -0.0010226282, -0.0008560412, -0.0006659405, -0.00045640476, -0.00034571232, -0.00011640113, 0.000118918586, 0.00023675356, 0.00047141482, 0.00070174545, 0.0009235781, 0.0010294422, 0.0012262743, 0.001397358, 0.0014712014, 0.001591215, 0.0016699075, 0.0016932855, 0.0017057613, 0.0016797266, 0.0016286533, 0.0016024628, 0.0015837937, 0.0016779385, 0.0017926962, 0, 0, 0, 0, 0, 0, 0, 0, 0, 0, 0, 0, 0, 0, 0, 0, 0, 0, 0, 0, 0, 0, 0, 0, 0, 0, 0, 0, 0, 0, 0, 0, 0, 0, 0, 0, 0, 0, 0, 0, 0, 0, 0
0.0012336198, 0.001149569, 0.0009845283, 0.0008831364, 0.000847985, 0.00078962196, 0.0007484742, 0.00074066495, 0.0007698222, 0.0008782042, 0.0010631217, 0.0011706904, 0.0013658269, 0.0014628714, 0.0014592077, 0.0013482678, 0.001124558, 0.0008245549, 0.0006564155, 0.0003084783, -2.3522029e-05, -0.00017115261, -0.0004143411, -0.00058763055, -0.0006544306, -0.0007705674, -0.0008906956, -0.0010363943, -0.0011207322, -0.0013091363, -0.00151174, -0.0016139048, -0.0018116598, -0.0019949388, -0.0021610237, -0.0022378734, -0.002378937, -0.0025020372, -0.0025556865, -0.002643971, -0.00270369, -0.0027224065, -0.0027374257, -0.00272557, -0.0026927067, -0.0026707791, -0.0026211431, -0.0025683602, -0.002541654, -0.0024868792, -0.0024277843, -0.002362131, -0.0023262259, -0.0022477687, -0.002161409, -0.0021159262, -0.002023012, -0.0019319339, -0.0018884549, -0.0018071518, -0.0017342849, -0.0016693607, -0.0016400464, -0.0015905928, -0.001557009, -0.0015476733, -0.001544731, -0.0015608997, -0.0015915263, -0.0016100665, -0.0016483997, -0.0016815892, -0.0016941056, -0.0017082304, -0.0017081561, -0.0016953435, -0.0016854618, -0.0016603706, -0.0016295019, -0.0016111736, -0.0015665333, -0.0015053888, -0.0014665294, -0.0013688928, -0.0012431212, -0.0010891835, -0.001002421, -0.000812399, -0.00060530414, -0.0004965454, -0.00027263188, -4.278987e-05, 0.00018968905, 0.00030500672, 0.0005310019, 0.0007459426, 0.00084720674, 0.0010316878, 0.0011844551, 0.0012462294, 0.0013386211, 0.0013933728, 0.0014317245, 0.0014607601, 0.0016007475, 0.0019114126, 0.0020372772, 0, 0, 0, 0, 0, 0, 0, 0, 0, 0, 0, 0, 0, 0, 0, 0, 0, 0, 0, 0, 0, 0, 0, 0, 0, 0, 0, 0, 0, 0, 0, 0, 0, 0, 0, 0, 0, 0, 0, 0, 0, 0, 0
0.0012252748, 0.0011505011, 0.0010160209, 0.0009386468, 0.0009067445, 0.00083071465, 0.0007319925, 0.0006797, 0.00059160625, 0.000556134, 0.0005947521, 0.0006395562, 0.00075531995, 0.00085902814, 0.0008903878, 0.0008919218, 0.000804034, 0.00063549675, 0.00052671856, 0.00027559156, 5.794396e-06, -0.00012558553, -0.00036389654, -0.0005544815, -0.0006312804, -0.00075580867, -0.0008583665, -0.00095687987, -0.0010087007, -0.0011200443, -0.0012405235, -0.0013025122, -0.0014267388, -0.0015486884, -0.0016662148, -0.0017228501, -0.0018312655, -0.0019305251, -0.0019747068, -0.0020491867, -0.002102351, -0.0021202352, -0.0021375488, -0.00213331, -0.002111972, -0.0020967785, -0.002061481, -0.0020228303, -0.0020029028, -0.001961684, -0.0019172289, -0.0018700794, -0.0018453156, -0.0017951678, -0.001746258, -0.0017234866, -0.0016830204, -0.0016523995, -0.001640644, -0.0016239687, -0.0016116208, -0.0015982146, -0.0015902544, -0.0015737907, -0.001560629, -0.0015578126, -0.0015632742, -0.0015875435, -0.0016333003, -0.0016631472, -0.0017344324, -0.0018141298, -0.0018536978, -0.001926862, -0.0019877728, -0.002032836, -0.0020494405, -0.002072298, -0.0020838496, -0.0020859253, -0.002082217, -0.0020652998, -0.0020504387, -0.0020032662, -0.0019292256, -0.0018258953, -0.0017630581, -0.0016156107, -0.0014410794, -0.0013444038, -0.0011342246, -0.0009036321, -0.0006572764, -0.0005297798, -0.0002692195, -6.4271785e-06, 0.00012388726, 0.00037534322, 0.0006054464, 0.0007084295, 0.0008855271, 0.0010271072, 0.0011604846, 0.0012492952, 0.001595002, 0.00251891, 0.002915537, 0, 0, 0, 0, 0, 0, 0, 0, 0, 0, 0, 0, 0, 0, 0, 0, 0, 0, 0, 0, 0, 0, 0, 0, 0, 0, 0, 0, 0, 0, 0, 0, 0, 0, 0, 0, 0, 0, 0, 0, 0, 0, 0
0.0011014001, 0.0010302338, 0.00089578645, 0.00080972776, 0.00077257416, 0.00068689877, 0.00057659554, 0.0005149568, 0.000391931, 0.00029211363, 0.00023752447, 0.00022971297, 0.00024529008, 0.00028231967, 0.00029835312, 0.0003097583, 0.00027548996, 0.00018642524, 0.000121770085, -4.3643442e-05, -0.00024271733, -0.0003478286, -0.0005554267, -0.0007409617, -0.0008209134, -0.00095393055, -0.0010551399, -0.0011331904, -0.0011672341, -0.0012290527, -0.0012869627, -0.0013153853, -0.0013713548, -0.0014273244, -0.0014846139, -0.0015140956, -0.0015747517, -0.0016347918, -0.0016632846, -0.0017139373, -0.0017547024, -0.0017703152, -0.0017919776, -0.0018017761, -0.0018026937, -0.0018009073, -0.0017940389, -0.0017847046, -0.0017789969, -0.0017646193, -0.0017452482, -0.0017216706, -0.0017084295, -0.0016823766, -0.0016606798, -0.0016534685, -0.0016498745, -0.0016642032, -0.0016783205, -0.001718091, -0.0017651853, -0.0018108832, -0.0018304356, -0.0018611021, -0.0018814151, -0.0018893989, -0.0019061272, -0.0019325741, -0.001977413, -0.0020081273, -0.0020872422, -0.0021858292, -0.0022398797, -0.002350651, -0.0024569544, -0.0025497319, -0.0025891808, -0.002652966, -0.0026980068, -0.0027143685, -0.0027356136, -0.0027422132, -0.0027396076, -0.0027200996, -0.0026783731, -0.0026114057, -0.0025672836, -0.00245591, -0.0023128302, -0.0022282917, -0.0020341384, -0.0018055869, -0.0015465664, -0.0014077285, -0.0011140399, -0.00080584816, -0.00064881385, -0.0003351724, -3.3541106e-05, 0.00010849378, 0.00036739092, 0.00059099856, 0.00080320495, 0.0009276336, 0.0012966284, 0, 0, 0, 0, 0, 0, 0, 0, 0, 0, 0, 0, 0, 0, 0, 0, 0, 0, 0, 0, 0, 0, 0, 0, 0, 0, 0, 0, 0, 0, 0, 0, 0, 0, 0, 0, 0, 0, 0, 0, 0, 0, 0, 0, 0
0.00090668537, 0.00083816494, 0.00069202634, 0.0005826151, 0.000534941, 0.00043631604, 0.00032363101, 0.00026220604, 0.00013532121, 1.4953622e-05, -8.584019e-05, -0.00012628052, -0.00018693536, -0.00022596541, -0.00024152818, -0.00027252812, -0.0003163727, -0.0003837656, -0.00042834322, -0.00054099783, -0.00068266294, -0.00076161267, -0.0009279813, -0.0010913945, -0.0011676901, -0.0013025077, -0.001409482, -0.0014893734, -0.0015204429, -0.0015685412, -0.0016017292, -0.0016140862, -0.0016327407, -0.0016453986, -0.0016560047, -0.0016619642, -0.00167615, -0.0016937549, -0.0017030672, -0.0017219867, -0.0017400715, -0.0017488172, -0.0017654637, -0.0017816835, -0.0017983207, -0.0018075968, -0.0018283314, -0.001851178, -0.0018628293, -0.0018853158, -0.0019030888, -0.001914808, -0.0019180801, -0.0019211546, -0.0019239096, -0.0019271865, -0.0019430041, -0.0019762702, -0.002000975, -0.002064856, -0.0021427728, -0.002226626, -0.0022670617, -0.0023411703, -0.0024012867, -0.0024260795, -0.0024676719, -0.0025063476, -0.0025519151, -0.002580161, -0.002652317, -0.0027463012, -0.0028001647, -0.0029184842, -0.0030421817, -0.0031610911, -0.0032151528, -0.0033093826, -0.0033827228, -0.0034111096, -0.003452049, -0.0034729186, -0.0034760444, -0.0034676625, -0.0034392707, -0.0033888682, -0.0033545266, -0.0032645208, -0.003142265, -0.0030675405, -0.0028873305, -0.0026640086, -0.0023991647, -0.0022524516, -0.0019344881, -0.0015905248, -0.0014119355, -0.001047944, -0.00068589393, -0.0005102453, -0.00017964031, 0.00011594042, 0.0003929236, 0.00054624904, 0.0009508901, 0, 0, 0, 0, 0, 0, 0, 0, 0, 0, 0, 0, 0, 0, 0, 0, 0, 0, 0, 0, 0, 0, 0, 0, 0, 0, 0, 0, 0, 0, 0, 0, 0, 0, 0, 0, 0, 0, 0, 0, 0, 0, 0, 0, 0
0.00068569276, 0.00061966584, 0.00045949421, 0.00032181302, 0.00026007314, 0.00013985144, 1.594047e-05, -4.815437e-05, -0.00017954026, -0.00031036668, -0.0004355651, -0.0004944864, -0.0006029518, -0.0006993808, -0.00074331457, -0.000825172, -0.0009035432, -0.0009839584, -0.0010267416, -0.0011205088, -0.001228306, -0.0012878266, -0.0014150256, -0.0015472973, -0.0016125012, -0.0017349459, -0.0018412096, -0.0019276704, -0.0019633917, -0.0020213434, -0.0020623598, -0.0020770933, -0.0020961089, -0.002102981, -0.0021012325, -0.0020986893, -0.002092229, -0.0020860827, -0.0020834063, -0.0020794112, -0.0020779509, -0.0020784745, -0.002082784, -0.0020925072, -0.0021096817, -0.0021219007, -0.002153514, -0.002195361, -0.0022193755, -0.0022707393, -0.0023238114, -0.0023729724, -0.0023948222, -0.0024326555, -0.0024637906, -0.002477943, -0.0025075183, -0.002544646, -0.0025680484, -0.0026259096, -0.0026994671, -0.0027848792, -0.0028304083, -0.0029221082, -0.00300858, -0.0030482155, -0.0031189977, -0.003180632, -0.0032380533, -0.0032676645, -0.0033326321, -0.003410082, -0.0034543758, -0.0035534627, -0.003663732, -0.0037782197, -0.003834294, -0.003939337, -0.004029787, -0.00406794, -0.0041275327, -0.004163401, -0.004171738, -0.004168982, -0.004142882, -0.004094036, -0.0040607755, -0.00397474, -0.0038597628, -0.0037891457, -0.003617965, -0.0034026874, -0.0031402973, -0.0029920014, -0.0026634505, -0.0022997207, -0.0021072633, -0.0017077867, -0.0013000154, -0.0010982603, -0.00071364327, -0.00037181447, -6.876863e-05, 9.00975e-05, 0, 0, 0, 0, 0, 0, 0, 0, 0, 0, 0, 0, 0, 0, 0, 0, 0, 0, 0, 0, 0, 0, 0, 0, 0, 0, 0, 0, 0, 0, 0, 0, 0, 0, 0, 0, 0, 0, 0, 0, 0, 0, 0, 0, 0, 0
0.00046993274, 0.0004073918, 0.00023542183, 7.0776165e-05, -5.318828e-06, -0.00015143729, -0.00029568872, -0.00036818624, -0.0005150117, -0.00066202355, -0.0008073572, -0.00087858154, -0.0010169046, -0.0011486466, -0.0012115014, -0.0013318018, -0.0014446221, -0.0015519304, -0.0016038764, -0.0017058636, -0.0018079696, -0.0018598486, -0.0019652105, -0.002071713, -0.002124697, -0.0022273376, -0.002321952, -0.0024062556, -0.002444193, -0.0025114792, -0.002567013, -0.0025905161, -0.0026280258, -0.0026530477, -0.0026678147, -0.002672567, -0.0026781375, -0.0026814376, -0.0026825487, -0.0026841436, -0.0026852037, -0.0026855643, -0.0026876526, -0.002691568, -0.002701185, -0.002709043, -0.002733427, -0.0027715801, -0.0027956115, -0.002853258, -0.0029200576, -0.002989792, -0.0030243627, -0.003089593, -0.003147354, -0.003173065, -0.0032191293, -0.0032605892, -0.0032810997, -0.003324876, -0.0033764206, -0.0034382604, -0.0034732586, -0.0035503726, -0.0036334137, -0.0036757018, -0.0037592526, -0.003838325, -0.0039112302, -0.0039450913, -0.004008951, -0.004071331, -0.004102801, -0.0041696, -0.004243832, -0.0043255864, -0.0043684277, -0.0044563888, -0.004542862, -0.0045831976, -0.0046539432, -0.0047035622, -0.004718251, -0.004724688, -0.004700678, -0.004648441, -0.0046120896, -0.004520272, -0.004401818, -0.004331144, -0.004164599, -0.003958726, -0.003707968, -0.0035646511, -0.0032422212, -0.0028761693, -0.002679207, -0.0022634105, -0.0018307075, -0.0016145, -0.0012049669, -0.00086424156, -0.0006065915, -0.00047294016, 0, 0, 0, 0, 0, 0, 0, 0, 0, 0, 0, 0, 0, 0, 0, 0, 0, 0, 0, 0, 0, 0, 0, 0, 0, 0, 0, 0, 0, 0, 0, 0, 0, 0, 0, 0, 0, 0, 0, 0, 0, 0, 0, 0, 0, 0
0.00027262053, 0.0002150147, 3.6649344e-05, -0.00014899958, -0.00023658313, -0.00040522675, -0.0005701861, -0.00065287296, -0.0008190701, -0.0009853599, -0.001148892, -0.0012291012, -0.0013853728, -0.0015354826, -0.0016084968, -0.0017504578, -0.0018879517, -0.002021417, -0.0020865928, -0.0022130352, -0.0023336923, -0.0023916028, -0.0025023897, -0.0026059006, -0.0026553161, -0.002748872, -0.0028347708, -0.00291281, -0.0029489438, -0.0030157198, -0.0030756886, -0.0031030076, -0.0031519812, -0.0031933151, -0.0032288525, -0.003245267, -0.0032778701, -0.0033113924, -0.0033285103, -0.003362872, -0.003394504, -0.00340881, -0.003433354, -0.0034508898, -0.0034635197, -0.0034692944, -0.003483187, -0.0035046604, -0.0035193085, -0.0035585312, -0.0036100757, -0.003671761, -0.0037052424, -0.0037742492, -0.003842053, -0.0038740442, -0.0039323904, -0.0039827377, -0.004004633, -0.004044054, -0.004080121, -0.0041167596, -0.0041368282, -0.0041820756, -0.0042356886, -0.004265778, -0.004332299, -0.00440408, -0.0044758483, -0.0045098616, -0.0045703985, -0.00462077, -0.004641975, -0.004677857, -0.0047097, -0.0047434317, -0.0047626104, -0.0048077945, -0.004862847, -0.004892897, -0.004953626, -0.0050052074, -0.0050239936, -0.0050400374, -0.005023272, -0.004972679, -0.004934785, -0.00483781, -0.004714707, -0.0046436167, -0.0044810665, -0.0042875498, -0.0040561534, -0.00392342, -0.0036212828, -0.0032699544, -0.0030774043, -0.0026671449, -0.0022412161, -0.0020328816, -0.0016563239, -0.0013889958, -0.0012359616, 0, 0, 0, 0, 0, 0, 0, 0, 0, 0, 0, 0, 0, 0, 0, 0, 0, 0, 0, 0, 0, 0, 0, 0, 0, 0, 0, 0, 0, 0, 0, 0, 0, 0, 0, 0, 0, 0, 0, 0, 0, 0, 0, 0, 0, 0, 0
9.4837735e-05, 4.2522144e-05, -0.00013819322, -0.00033773718, -0.00043357367, -0.00061743637, -0.0007968249, -0.0008864869, -0.0010663235, -0.0012455918, -0.0014205504, -0.0015053232, -0.0016695833, -0.0018262917, -0.0019024304, -0.0020519756, -0.0022002142, -0.0023494493, -0.002424507, -0.0025740073, -0.0027204482, -0.0027911852, -0.0029256304, -0.0030485394, -0.0031053193, -0.0032104757, -0.003304131, -0.0033872428, -0.0034248556, -0.0034935966, -0.0035550834, -0.0035833705, -0.003635614, -0.0036837326, -0.003730359, -0.0037540388, -0.0038056911, -0.0038641372, -0.0038961542, -0.003965025, -0.004035795, -0.0040705497, -0.004134435, -0.0041865557, -0.0042248955, -0.0042389655, -0.0042588245, -0.004271841, -0.0042778803, -0.0042923307, -0.004314079, -0.0043447544, -0.0043638214, -0.0044083907, -0.0044586924, -0.0044851652, -0.0045380485, -0.004589423, -0.004613699, -0.0046569235, -0.004692058, -0.0047192117, -0.0047300993, -0.004748207, -0.004765721, -0.0047755847, -0.004800775, -0.0048353737, -0.004877665, -0.00489993, -0.004942049, -0.004976416, -0.004988453, -0.0050005503, -0.0049982634, -0.004986819, -0.0049800463, -0.00497047, -0.0049732286, -0.0049802964, -0.005005439, -0.005036657, -0.0050504482, -0.00506647, -0.005056274, -0.0050129932, -0.0049784053, -0.004885563, -0.004765286, -0.004696542, -0.004543026, -0.004365956, -0.004158575, -0.0040402375, -0.0037665693, -0.0034413806, -0.0032597717, -0.0028738216, -0.0025005876, -0.0023409945, -0.0021136035, -0.002016396, 0, 0, 0, 0, 0, 0, 0, 0, 0, 0, 0, 0, 0, 0, 0, 0, 0, 0, 0, 0, 0, 0, 0, 0, 0, 0, 0, 0, 0, 0, 0, 0, 0, 0, 0, 0, 0, 0, 0, 0, 0, 0, 0, 0, 0, 0, 0, 0
-6.784394e-05, -0.000115349074, -0.0002976097, -0.000508546, -0.0006107376, -0.00080538844, -0.0009930987, -0.0010862028, -0.0012716402, -0.0014546957, -0.0016322369, -0.0017179279, -0.001882809, -0.002038543, -0.00211384, -0.0022609269, -0.0024067094, -0.0025548746, -0.0026303667, -0.002785095, -0.0029420399, -0.003019742, -0.0031706723, -0.003312299, -0.0033789368, -0.003503151, -0.0036158792, -0.0037168611, -0.0037632643, -0.003848657, -0.0039254096, -0.0039610337, -0.004027669, -0.0040889587, -0.0041470523, -0.004176084, -0.0042369054, -0.004304233, -0.004341652, -0.0044233794, -0.0045127706, -0.0045590857, -0.0046508224, -0.0047357855, -0.0048076864, -0.0048371237, -0.004882476, -0.0049102744, -0.0049184263, -0.0049273605, -0.004930173, -0.004931521, -0.0049331104, -0.0049397806, -0.00495246, -0.0049616355, -0.004985261, -0.0050169476, -0.0050353264, -0.00507399, -0.0051103835, -0.0051381956, -0.0051473035, -0.0051540304, -0.00514569, -0.005137623, -0.005117677, -0.0051004933, -0.005091492, -0.0050904653, -0.005094007, -0.0050992672, -0.005099606, -0.005091395, -0.005066495, -0.0050238105, -0.00499791, -0.004941872, -0.004890254, -0.00486946, -0.004841223, -0.004829049, -0.004826899, -0.0048225615, -0.004807982, -0.004771023, -0.004742082, -0.00466184, -0.004554378, -0.004492536, -0.0043547964, -0.0041980427, -0.0040161056, -0.003912084, -0.003670988, -0.0033767635, -0.0032107835, -0.0028646442, -0.002588009, -0.002532482, -0.0026721705, -0.0028176797, 0, 0, 0, 0, 0, 0, 0, 0, 0, 0, 0, 0, 0, 0, 0, 0, 0, 0, 0, 0, 0, 0, 0, 0, 0, 0, 0, 0, 0, 0, 0, 0, 0, 0, 0, 0, 0, 0, 0, 0, 0, 0, 0, 0, 0, 0, 0, 0
-0.00021795431, -0.00026164265, -0.00044793644, -0.0006731823, -0.000783006, -0.0009906992, -0.0011870009, -0.0012825301, -0.001470228, -0.0016527124, -0.0018282833, -0.001913096, -0.0020754861, -0.002228455, -0.002301509, -0.0024416228, -0.0025766508, -0.0027094937, -0.0027761487, -0.0029119968, -0.0030511087, -0.0031212014, -0.0032601652, -0.003395471, -0.0034609614, -0.0035876448, -0.0037088674, -0.0038248203, -0.0038810056, -0.003990392, -0.0040959334, -0.004147375, -0.00424669, -0.0043393597, -0.0044245236, -0.004464646, -0.0045405556, -0.004613899, -0.004650815, -0.004726762, -0.0048072883, -0.0048492756, -0.004936031, -0.005024145, -0.0051089018, -0.005148485, -0.005218477, -0.00527344, -0.0052946433, -0.0053246287, -0.005337155, -0.0053353063, -0.005329565, -0.005311246, -0.005289005, -0.0052776495, -0.0052594445, -0.0052517047, -0.0052527227, -0.0052646347, -0.0052848207, -0.005304749, -0.0053117312, -0.0053136703, -0.0052944566, -0.005276537, -0.0052264277, -0.005165707, -0.0051052156, -0.005077669, -0.005030768, -0.004994006, -0.0049776984, -0.004944329, -0.004901984, -0.004843922, -0.004808478, -0.0047269696, -0.004638224, -0.0045947917, -0.0045156796, -0.0044520064, -0.0044263043, -0.0043850057, -0.004349752, -0.004308885, -0.004283053, -0.004215586, -0.0041256943, -0.0040734825, -0.00395469, -0.0038185352, -0.0036599392, -0.0035689522, -0.0033585457, -0.003103358, -0.0029622535, -0.0026850943, -0.002535942, -0.0026012743, -0.0034031738, 0, 0, 0, 0, 0, 0, 0, 0, 0, 0, 0, 0, 0, 0, 0, 0, 0, 0, 0, 0, 0, 0, 0, 0, 0, 0, 0, 0, 0, 0, 0, 0, 0, 0, 0, 0, 0, 0, 0, 0, 0, 0, 0, 0, 0, 0, 0, 0, 0
-0.00035371626, -0.00039478485, -0.00058937434, -0.0008348529, -0.00095589954, -0.0011838792, -0.0013946407, -0.001495109, -0.0016879244, -0.0018712085, -0.002045198, -0.0021289084, -0.002289677, -0.0024404735, -0.0025118047, -0.002645873, -0.002768605, -0.0028811698, -0.0029343795, -0.0030369675, -0.0031369831, -0.003186433, -0.0032853084, -0.0033843752, -0.0034340753, -0.0035354036, -0.0036402876, -0.0037504265, -0.003807668, -0.003926855, -0.0040517915, -0.004116093, -0.0042459397, -0.004373191, -0.004492996, -0.0045491047, -0.004651772, -0.0047427863, -0.004783538, -0.004857384, -0.004922953, -0.004953373, -0.0050129835, -0.0050739944, -0.005138664, -0.005172633, -0.0052418797, -0.005310312, -0.0053427294, -0.0054004975, -0.005442951, -0.0054646754, -0.005466561, -0.005453105, -0.0054200827, -0.005397872, -0.005348265, -0.005299826, -0.005278773, -0.0052458686, -0.005225691, -0.0052148174, -0.0052106488, -0.0051981686, -0.0051712305, -0.005149936, -0.005089513, -0.005009305, -0.004916968, -0.004869741, -0.004778228, -0.004696657, -0.0046598967, -0.004592779, -0.004528599, -0.0044593983, -0.004420727, -0.0043334533, -0.00423269, -0.0041790972, -0.0040706634, -0.003968166, -0.003921625, -0.003840817, -0.0037746595, -0.0037170115, -0.0036881752, -0.0036241587, -0.0035475588, -0.0035036383, -0.00340369, -0.003286169, -0.0031465567, -0.003066168, -0.0028805682, -0.002668979, -0.0025654328, -0.0024295487, -0.0025418948, -0.002711474, 0, 0, 0, 0, 0, 0, 0, 0, 0, 0, 0, 0, 0, 0, 0, 0, 0, 0, 0, 0, 0, 0, 0, 0, 0, 0, 0, 0, 0, 0, 0, 0, 0, 0, 0, 0, 0, 0, 0, 0, 0, 0, 0, 0, 0, 0, 0, 0, 0, 0
-0.00047260575, -0.00051186245, -0.0007176707, -0.0009885267, -0.0011236713, -0.001378453, -0.0016101741, -0.0017184966, -0.0019215065, -0.002109177, -0.0022842262, -0.0023677107, -0.0025278926, -0.0026776209, -0.0027478817, -0.0028780377, -0.0029921161, -0.0030883485, -0.0031298485, -0.0032013308, -0.0032605138, -0.0032871338, -0.003338435, -0.0033900943, -0.0034175583, -0.0034774872, -0.0035469243, -0.003627894, -0.0036731656, -0.0037734685, -0.0038868813, -0.003947911, -0.0040762993, -0.004209307, -0.004341485, -0.004405666, -0.0045280736, -0.004639093, -0.0046890597, -0.0047762548, -0.0048438846, -0.0048707677, -0.004912939, -0.004946068, -0.004978021, -0.0049959035, -0.005037965, -0.005090223, -0.0051198443, -0.005182524, -0.005242713, -0.0052898973, -0.005305727, -0.005317683, -0.0053014415, -0.005283486, -0.0052306224, -0.0051623913, -0.005125526, -0.0050511537, -0.004982558, -0.0049243676, -0.0048992704, -0.0048540384, -0.004808988, -0.00478374, -0.004722362, -0.0046432074, -0.004545718, -0.0044915904, -0.0043769972, -0.0042611635, -0.004205218, -0.0041002277, -0.004005119, -0.0039172904, -0.0038741468, -0.0037855697, -0.0036882055, -0.003635615, -0.003524062, -0.0034089258, -0.0033524018, -0.0032456908, -0.0031516973, -0.00307066, -0.0030333202, -0.0029613483, -0.002887697, -0.0028485635, -0.0027626494, -0.0026624112, -0.0025407185, -0.0024689806, -0.0023025433, -0.0021225454, -0.0020516007, -0.0020815588, -0.0027713622, -0.0036449584, 0, 0, 0, 0, 0, 0, 0, 0, 0, 0, 0, 0, 0, 0, 0, 0, 0, 0, 0, 0, 0, 0, 0, 0, 0, 0, 0, 0, 0, 0, 0, 0, 0, 0, 0, 0, 0, 0, 0, 0, 0, 0, 0, 0, 0, 0, 0, 0, 0, 0
-0.00057942333, -0.00061670406, -0.00083273236, -0.0011274443, -0.0012765169, -0.0015586719, -0.0018133128, -0.0019302538, -0.002146054, -0.0023403817, -0.0025178588, -0.0026016743, -0.002760441, -0.0029075546, -0.0029765086, -0.0031032898, -0.0032130047, -0.003301253, -0.0033369558, -0.003391803, -0.0034277828, -0.0034408607, -0.0034618867, -0.003480807, -0.0034910447, -0.0035161402, -0.0035491793, -0.0035915552, -0.0036166005, -0.00367489, -0.0037440995, -0.00378278, -0.0038677964, -0.0039610267, -0.0040613343, -0.004113687, -0.0042209513, -0.004328621, -0.0043813554, -0.0044803717, -0.0045637367, -0.004597717, -0.004650014, -0.0046829926, -0.0047029783, -0.004710609, -0.0047254427, -0.0047453567, -0.00475875, -0.004793564, -0.004836247, -0.0048801736, -0.0048995903, -0.0049285684, -0.0049369233, -0.0049316497, -0.0049003214, -0.0048424406, -0.0048044943, -0.0047153146, -0.004615789, -0.0045167273, -0.0044693705, -0.0043825833, -0.0043061087, -0.004270798, -0.0042018606, -0.0041278806, -0.004040682, -0.003990717, -0.0038773092, -0.0037488434, -0.003681446, -0.0035461336, -0.0034166893, -0.0032982954, -0.003243415, -0.0031420256, -0.003045021, -0.0029961318, -0.002895101, -0.0027878548, -0.0027325447, -0.0026206113, -0.0025122035, -0.0024115257, -0.0023645922, -0.0022777985, -0.0021978829, -0.0021597766, -0.0020830827, -0.0019998418, -0.0018996419, -0.0018400586, -0.0016983357, -0.0015434595, -0.0014852276, -0.0015314901, -0.0020231316, 0, 0, 0, 0, 0, 0, 0, 0, 0, 0, 0, 0, 0, 0, 0, 0, 0, 0, 0, 0, 0, 0, 0, 0, 0, 0, 0, 0, 0, 0, 0, 0, 0, 0, 0, 0, 0, 0, 0, 0, 0, 0, 0, 0, 0, 0, 0, 0, 0, 0, 0
-0.0006897195, -0.0007240993, -0.00094538165, -0.001256508, -0.0014156243, -0.0017171103, -0.0019887984, -0.0021130743, -0.0023402916, -0.0025415453, -0.0027218328, -0.0028053557, -0.0029611206, -0.0031032357, -0.0031695436, -0.003291734, -0.0033985516, -0.003486465, -0.0035223379, -0.0035778263, -0.0036148145, -0.0036281096, -0.003647347, -0.0036611368, -0.003667076, -0.0036786075, -0.0036901545, -0.0037015982, -0.0037072066, -0.0037182171, -0.0037303395, -0.0037371526, -0.0037541308, -0.0037769487, -0.0038091657, -0.0038296948, -0.00388116, -0.0039468193, -0.0039847265, -0.00406715, -0.0041513233, -0.0041913204, -0.0042620474, -0.0043168836, -0.004353635, -0.00436549, -0.0043779183, -0.0043786373, -0.004376795, -0.0043722885, -0.004371737, -0.0043776673, -0.004382886, -0.0043965015, -0.0044078347, -0.004410286, -0.0044023846, -0.0043718545, -0.0043465025, -0.004274965, -0.0041792043, -0.0040676743, -0.0040091546, -0.0038921214, -0.0037827084, -0.0037323434, -0.0036420636, -0.0035612308, -0.0034808475, -0.0034376464, -0.0033382785, -0.0032180324, -0.003150356, -0.0030036492, -0.0028499148, -0.002699951, -0.00262926, -0.0024999585, -0.002387088, -0.0023355046, -0.0022377053, -0.0021407558, -0.0020909698, -0.001986604, -0.0018767157, -0.0017661165, -0.001712474, -0.0016109662, -0.0015216963, -0.0014818812, -0.0014102384, -0.0013426841, -0.001269113, -0.001227215, -0.0011323136, -0.0010410079, -0.0010172081, -0.0011158972, 0, 0, 0, 0, 0, 0, 0, 0, 0, 0, 0, 0, 0, 0, 0, 0, 0, 0, 0, 0, 0, 0, 0, 0, 0, 0, 0, 0, 0, 0, 0, 0, 0, 0, 0, 0, 0, 0, 0, 0, 0, 0, 0, 0, 0, 0, 0, 0, 0, 0, 0, 0
-0.0008200312, -0.00085085956, -0.0010726877, -0.0013921016, -0.0015558728, -0.0018664806, -0.0021466108, -0.0022752127, -0.0025108026, -0.0027200077, -0.0029055048, -0.002990304, -0.0031459029, -0.003284832, -0.0033487354, -0.003466314, -0.0035704444, -0.0036603827, -0.0036993043, -0.0037654142, -0.0038179853, -0.003839974, -0.0038770593, -0.003905964, -0.0039176987, -0.003934735, -0.003942396, -0.0039387536, -0.0039322725, -0.003909899, -0.003876719, -0.0038568648, -0.0038132875, -0.0037680715, -0.0037271483, -0.0037101544, -0.0036869666, -0.0036825289, -0.003688498, -0.003716538, -0.0037634063, -0.003792109, -0.0038546077, -0.003917411, -0.003972127, -0.0039940807, -0.0040230737, -0.004029433, -0.004024372, -0.0039998945, -0.0039631478, -0.0039230953, -0.0039048754, -0.0038759022, -0.0038586007, -0.0038536247, -0.003847166, -0.003835717, -0.0038248217, -0.0037860153, -0.0037214565, -0.0036308465, -0.0035773471, -0.0034579416, -0.0033318042, -0.0032695436, -0.0031531944, -0.0030504875, -0.0029593664, -0.002915965, -0.0028251996, -0.0027208822, -0.0026609872, -0.0025239268, -0.00236744, -0.0022010952, -0.0021179167, -0.0019592638, -0.0018179948, -0.0017545747, -0.0016414322, -0.001540709, -0.0014919227, -0.001392851, -0.0012871907, -0.0011747971, -0.0011177497, -0.0010069554, -0.00090815796, -0.0008656836, -0.0007943751, -0.00073726196, -0.0006864612, -0.00066237897, -0.0006275553, -0.00065674365, -0.0007141019, -0.0008811478, 0, 0, 0, 0, 0, 0, 0, 0, 0, 0, 0, 0, 0, 0, 0, 0, 0, 0, 0, 0, 0, 0, 0, 0, 0, 0, 0, 0, 0, 0, 0, 0, 0, 0, 0, 0, 0, 0, 0, 0, 0, 0, 0, 0, 0, 0, 0, 0, 0, 0, 0, 0
-0.00096877606, -0.000995891, -0.001217755, -0.0015419893, -0.0017080571, -0.0020229858, -0.0023082776, -0.0024404181, -0.0026856323, -0.002907492, -0.003107074, -0.0031988916, -0.0033662275, -0.00351296, -0.0035793874, -0.0037001048, -0.0038067377, -0.003900447, -0.003942674, -0.004019121, -0.004085817, -0.0041157543, -0.004169277, -0.004212337, -0.0042293565, -0.00425289, -0.0042607654, -0.0042514983, -0.0042399648, -0.0042035673, -0.0041505685, -0.00411878, -0.004045959, -0.003964241, -0.0038775126, -0.0038339687, -0.0037502823, -0.0036769586, -0.0036459276, -0.003599503, -0.0035757832, -0.0035727378, -0.0035829137, -0.003610865, -0.0036485568, -0.0036678154, -0.003700678, -0.0037172346, -0.0037168988, -0.0036978622, -0.0036543368, -0.003592889, -0.0035586187, -0.003490704, -0.0034328667, -0.0034102718, -0.0033772187, -0.0033575126, -0.0033497023, -0.0033310167, -0.003298776, -0.0032445178, -0.0032074612, -0.0031134621, -0.0029973148, -0.0029339704, -0.00280355, -0.0026769103, -0.002560349, -0.002506932, -0.0024065725, -0.0023075328, -0.0022546188, -0.0021363164, -0.0019965153, -0.001836561, -0.0017515693, -0.0015790417, -0.001412201, -0.0013343213, -0.0011924563, -0.0010704882, -0.0010149244, -0.0009099828, -0.00080497604, -0.000693548, -0.00063579605, -0.00052097876, -0.0004147822, -0.00036842938, -0.0002923072, -0.00023592182, -0.0001919246, -0.0001749622, -0.00017519313, -0.00034543397, -0.0005904606, 0, 0, 0, 0, 0, 0, 0, 0, 0, 0, 0, 0, 0, 0, 0, 0, 0, 0, 0, 0, 0, 0, 0, 0, 0, 0, 0, 0, 0, 0, 0, 0, 0, 0, 0, 0, 0, 0, 0, 0, 0, 0, 0, 0, 0, 0, 0, 0, 0, 0, 0, 0, 0
-0.0011067534, -0.0011312094, -0.0013557414, -0.0016872662, -0.0018570008, -0.0021793297, -0.0024738545, -0.0026118518, -0.0028730785, -0.0031166123, -0.0033429416, -0.0034491145, -0.003645822, -0.0038203346, -0.0038993564, -0.0040420904, -0.004166767, -0.0042752502, -0.0043242886, -0.004412844, -0.00448902, -0.0045225485, -0.004579456, -0.004620768, -0.0046347366, -0.0046482, -0.0046428577, -0.0046203216, -0.00460337, -0.004559553, -0.0045041004, -0.0044724722, -0.0044012414, -0.004319378, -0.004227083, -0.004176926, -0.00406995, -0.003957442, -0.003900652, -0.0037906168, -0.0036915506, -0.003648383, -0.0035776244, -0.003530251, -0.0035051613, -0.0034994734, -0.0034967156, -0.0034969281, -0.003495102, -0.0034823874, -0.0034512724, -0.00339914, -0.0033659574, -0.00328962, -0.0032097262, -0.0031718693, -0.0031048509, -0.003053506, -0.0030337754, -0.0030035044, -0.002978569, -0.0029485398, -0.0029276141, -0.0028692114, -0.0027843297, -0.0027323845, -0.0026124266, -0.0024775877, -0.002339532, -0.0022724813, -0.002147017, -0.0020332306, -0.001978768, -0.0018684678, -0.0017476305, -0.0016082921, -0.0015311155, -0.0013648132, -0.0011896252, -0.0011021621, -0.0009342568, -0.0007842541, -0.0007165645, -0.00059379294, -0.00048160783, -0.0003702519, -0.00031313553, -0.00019747081, -8.60974e-05, -3.5257828e-05, 5.1332045e-05, 0.00011923003, 0.00017540847, 0.00020079885, 0.00022850676, 0.00013854289, 0, 0, 0, 0, 0, 0, 0, 0, 0, 0, 0, 0, 0, 0, 0, 0, 0, 0, 0, 0, 0, 0, 0, 0, 0, 0, 0, 0, 0, 0, 0, 0, 0, 0, 0, 0, 0, 0, 0, 0, 0, 0, 0, 0, 0, 0, 0, 0, 0, 0, 0, 0, 0, 0
-0.0011964105, -0.0012195287, -0.0014493774, -0.0017929855, -0.0019697442, -0.0023068078, -0.0026181268, -0.0027657326, -0.0030494677, -0.0033207014, -0.0035804291, -0.0037053048, -0.0039426833, -0.0041607465, -0.004261719, -0.004447439, -0.0046118135, -0.0047558798, -0.0048207566, -0.0049354993, -0.0050299126, -0.0050690207, -0.005129243, -0.0051638423, -0.005170702, -0.0051640626, -0.0051339883, -0.0050863964, -0.0050582206, -0.004997581, -0.0049343444, -0.0049022785, -0.0048373607, -0.0047687544, -0.004692368, -0.0046497188, -0.004553087, -0.004438855, -0.0043753097, -0.004237229, -0.0040906467, -0.0040169237, -0.00387408, -0.0037444453, -0.003635095, -0.0035890136, -0.0035145066, -0.0034605104, -0.003440098, -0.0034070178, -0.0033769924, -0.0033401416, -0.0033170362, -0.0032589622, -0.0031863335, -0.003146032, -0.003061785, -0.0029788055, -0.002940634, -0.002874578, -0.0028258034, -0.0027898059, -0.002773691, -0.002737519, -0.0026857061, -0.0026516658, -0.0025621674, -0.0024452342, -0.0023068038, -0.0022331947, -0.0020852506, -0.0019455121, -0.0018800792, -0.0017581171, -0.0016399682, -0.0015158517, -0.0014484903, -0.0012995665, -0.0011325835, -0.001044039, -0.0008643064, -0.0006919475, -0.00061174354, -0.0004668072, -0.00034002884, -0.00022323937, -0.0001661002, -5.001795e-05, 6.607798e-05, 0.00012179596, 0.00022417455, 0.00031356863, 0.00039752474, 0.00044051866, 0.00051677943, 0, 0, 0, 0, 0, 0, 0, 0, 0, 0, 0, 0, 0, 0, 0, 0, 0, 0, 0, 0, 0, 0, 0, 0, 0, 0, 0, 0, 0, 0, 0, 0, 0, 0, 0, 0, 0, 0, 0, 0, 0, 0, 0, 0, 0, 0, 0, 0, 0, 0, 0, 0, 0, 0, 0
-0.001225687, -0.0012483791, -0.0014853235, -0.001845423, -0.0020325314, -0.0023924347, -0.0027279665, -0.0028881545, -0.0031969564, -0.0034945982, -0.003783215, -0.003924185, -0.004197814, -0.004457777, -0.0045817285, -0.004815797, -0.0050301105, -0.005223386, -0.005311445, -0.0054688035, -0.005598821, -0.0056524603, -0.005734959, -0.0057823365, -0.0057921, -0.005785448, -0.005747679, -0.005686495, -0.00564991, -0.005570315, -0.005487911, -0.005447389, -0.0053685987, -0.005292929, -0.0052177976, -0.005178845, -0.0050939857, -0.004993625, -0.0049361573, -0.004805298, -0.0046537314, -0.0045714756, -0.0043979995, -0.0042195083, -0.0040451065, -0.0039625075, -0.0038111617, -0.0036835382, -0.00363001, -0.0035434344, -0.003480695, -0.0034335076, -0.0034125217, -0.0033680715, -0.0033138678, -0.003280878, -0.0032020593, -0.0031082192, -0.0030579306, -0.0029586917, -0.0028717667, -0.0028042202, -0.00277776, -0.0027352606, -0.0026976024, -0.0026763827, -0.0026208041, -0.0025389895, -0.0024262632, -0.0023595996, -0.0022113104, -0.002055356, -0.0019785957, -0.0018325939, -0.0016990267, -0.0015724074, -0.0015088477, -0.001373622, -0.0012210453, -0.0011376407, -0.00096020324, -0.000777629, -0.0006885483, -0.0005216558, -0.00037494441, -0.00024507567, -0.00018373867, -6.292915e-05, 6.0737813e-05, 0.00012287688, 0.00024565682, 0.00036335015, 0.0004883432, 0.00055612705, 0.0006890882, 0, 0, 0, 0, 0, 0, 0, 0, 0, 0, 0, 0, 0, 0, 0, 0, 0, 0, 0, 0, 0, 0, 0, 0, 0, 0, 0, 0, 0, 0, 0, 0, 0, 0, 0, 0, 0, 0, 0, 0, 0, 0, 0, 0, 0, 0, 0, 0, 0, 0, 0, 0, 0, 0, 0
-0.0012190877, -0.0012424601, -0.0014885147, -0.0018689727, -0.0020693578, -0.0024593975, -0.0028260814, -0.003001037, -0.003336494, -0.0036561484, -0.0039639976, -0.0041143526, -0.004408709, -0.0046935948, -0.0048319744, -0.005098273, -0.005348876, -0.0055805603, -0.00568821, -0.005884464, -0.006052531, -0.0061250585, -0.006245266, -0.006330212, -0.0063592033, -0.0063909697, -0.0063887364, -0.0063564405, -0.0063303425, -0.006261229, -0.006174236, -0.006125648, -0.006021912, -0.0059143174, -0.0058071334, -0.0057545835, -0.0056504877, -0.005544648, -0.005489724, -0.0053723524, -0.005240485, -0.0051679383, -0.0050086305, -0.004831753, -0.0046411674, -0.004543066, -0.0043472177, -0.004160489, -0.0040740003, -0.0039197262, -0.0037956964, -0.0037015004, -0.0036637648, -0.0036018896, -0.003546916, -0.003517992, -0.0034505462, -0.003364166, -0.0033139817, -0.0032034423, -0.0030902647, -0.0029870374, -0.0029422166, -0.0028688728, -0.002815724, -0.0027940865, -0.0027536158, -0.002702906, -0.0026282158, -0.0025793444, -0.0024581598, -0.0023123785, -0.0022338505, -0.0020744393, -0.001921652, -0.0017803437, -0.0017132566, -0.0015807633, -0.0014401358, -0.0013640869, -0.001197562, -0.0010165116, -0.00092289463, -0.00073875685, -0.00056763156, -0.0004139572, -0.0003426997, -0.00020519183, -6.723885e-05, 3.678592e-06, 0.00014699643, 0.00029491744, 0.00047325314, 0.0005659856, 0, 0, 0, 0, 0, 0, 0, 0, 0, 0, 0, 0, 0, 0, 0, 0, 0, 0, 0, 0, 0, 0, 0, 0, 0, 0, 0, 0, 0, 0, 0, 0, 0, 0, 0, 0, 0, 0, 0, 0, 0, 0, 0, 0, 0, 0, 0, 0, 0, 0, 0, 0, 0, 0, 0, 0
-0.0012174743, -0.0012421892, -0.0014996794, -0.0019029804, -0.0021181053, -0.0025416822, -0.002943404, -0.0031347144, -0.003498964, -0.0038407117, -0.0041638347, -0.0043198704, -0.004623016, -0.0049154097, -0.0050575617, -0.005332038, -0.005591248, -0.00583209, -0.0059446595, -0.0061525204, -0.0063366173, -0.0064195367, -0.006567404, -0.0066915434, -0.006744921, -0.006834284, -0.0068991864, -0.006936366, -0.0069432077, -0.006930753, -0.006881064, -0.0068422426, -0.006739358, -0.006609681, -0.006463355, -0.00638759, -0.006237234, -0.0060937544, -0.0060256924, -0.0058961855, -0.005771587, -0.005708929, -0.0055776173, -0.00543247, -0.0052683945, -0.0051788087, -0.004986308, -0.0047819507, -0.0046786587, -0.004477007, -0.004291995, -0.004132845, -0.0040646074, -0.003950078, -0.003859709, -0.003820426, -0.0037458602, -0.0036664112, -0.0036216958, -0.0035201726, -0.0034046194, -0.0032828671, -0.0032233777, -0.0031134428, -0.0030240312, -0.002988033, -0.0029317427, -0.002886621, -0.002838206, -0.0028076174, -0.0027274399, -0.0026175447, -0.0025518974, -0.0024057718, -0.0022506653, -0.0020997077, -0.0020280948, -0.0018917667, -0.0017575211, -0.0016876792, -0.0015361512, -0.0013640852, -0.0012713212, -0.0010773481, -0.00088194903, -0.00069682836, -0.00060950685, -0.00044429745, -0.00028561903, -0.00020730453, -5.39373e-05, 0.00010555412, 0.00038738883, 0.00048243412, 0, 0, 0, 0, 0, 0, 0, 0, 0, 0, 0, 0, 0, 0, 0, 0, 0, 0, 0, 0, 0, 0, 0, 0, 0, 0, 0, 0, 0, 0, 0, 0, 0, 0, 0, 0, 0, 0, 0, 0, 0, 0, 0, 0, 0, 0, 0, 0, 0, 0, 0, 0, 0, 0, 0, 0
-0.0012518781, -0.0012776027, -0.0015455426, -0.0019686392, -0.0021961045, -0.002647366, -0.0030789175, -0.0032851186, -0.0036773556, -0.004043396, -0.0043850876, -0.0045479084, -0.0048593935, -0.005153822, -0.0052946517, -0.0055626826, -0.0058106664, -0.0060370993, -0.006141872, -0.0063349395, -0.006507954, -0.006588074, -0.0067378054, -0.0068765297, -0.0069430806, -0.0070710047, -0.0071901167, -0.007294528, -0.0073378067, -0.007399578, -0.0074185445, -0.0074096033, -0.0073529338, -0.007247578, -0.0071014627, -0.0070173694, -0.006837198, -0.0066535003, -0.0065644607, -0.006397522, -0.006247911, -0.0061790156, -0.006049689, -0.0059237857, -0.005791075, -0.0057192883, -0.005560637, -0.005380487, -0.0052829026, -0.005077002, -0.0048647104, -0.0046577877, -0.0045600915, -0.004381626, -0.0042304406, -0.004165709, -0.004054691, -0.003960878, -0.0039162766, -0.0038251705, -0.0037229736, -0.0036056296, -0.0035423958, -0.0034117007, -0.003286273, -0.0032293594, -0.0031330588, -0.0030613267, -0.0030081423, -0.0029848898, -0.0029342275, -0.002867223, -0.0028239696, -0.002716661, -0.002585514, -0.0024431471, -0.00237188, -0.0022345402, -0.002103272, -0.0020376018, -0.0018990994, -0.0017418906, -0.0016541335, -0.0014605982, -0.0012497756, -0.0010351322, -0.000930202, -0.0007328186, -0.000558031, -0.00048216563, -0.000363107, -0.000297572, 0, 0, 0, 0, 0, 0, 0, 0, 0, 0, 0, 0, 0, 0, 0, 0, 0, 0, 0, 0, 0, 0, 0, 0, 0, 0, 0, 0, 0, 0, 0, 0, 0, 0, 0, 0, 0, 0, 0, 0, 0, 0, 0, 0, 0, 0, 0, 0, 0, 0, 0, 0, 0, 0, 0, 0, 0, 0
-0.0013248861, -0.0013505274, -0.0016239145, -0.002056188, -0.002288759, -0.0027510484, -0.003195566, -0.0034094658, -0.003819117, -0.004204008, -0.0045643835, -0.0047352826, -0.005059006, -0.0053586145, -0.0054993113, -0.0057617873, -0.005998117, -0.0062088585, -0.0063051223, -0.006481235, -0.0066388547, -0.0067120604, -0.006850269, -0.0069814655, -0.0070460294, -0.0071748085, -0.0073034833, -0.0074280654, -0.007486198, -0.00758767, -0.007659392, -0.007680618, -0.007688797, -0.0076474342, -0.007556502, -0.0074940566, -0.0073412945, -0.0071619577, -0.007066786, -0.0068743196, -0.0066885687, -0.0066007343, -0.0064379955, -0.0062922444, -0.0061577377, -0.0060922382, -0.0059587313, -0.0058137286, -0.0057348474, -0.0055612135, -0.0053662197, -0.0051538316, -0.0050439816, -0.004824639, -0.0046172487, -0.004522299, -0.0043554646, -0.0042210575, -0.0041646673, -0.0040655374, -0.0039724796, -0.0038707822, -0.0038134884, -0.0036850453, -0.0035424186, -0.0034695426, -0.0033303432, -0.0032122983, -0.00312335, -0.0030899795, -0.0030394408, -0.002997847, -0.0029745763, -0.0029121502, -0.0028220557, -0.0027065743, -0.0026426835, -0.0025106168, -0.0023801532, -0.0023158554, -0.0021846327, -0.0020403897, -0.0019600794, -0.0017780071, -0.0015671136, -0.0013370111, -0.0012206297, -0.0010018644, -0.00082891097, -0.0007695707, -0.0007240553, -0.0008466202, 0, 0, 0, 0, 0, 0, 0, 0, 0, 0, 0, 0, 0, 0, 0, 0, 0, 0, 0, 0, 0, 0, 0, 0, 0, 0, 0, 0, 0, 0, 0, 0, 0, 0, 0, 0, 0, 0, 0, 0, 0, 0, 0, 0, 0, 0, 0, 0, 0, 0, 0, 0, 0, 0, 0, 0, 0, 0
-0.0014105502, -0.0014346322, -0.0017062582, -0.0021338365, -0.0023621833, -0.0028135239, -0.0032471116, -0.0034566598, -0.003862051, -0.0042488556, -0.00461534, -0.004790115, -0.005121337, -0.005426279, -0.005568567, -0.0058321296, -0.006068473, -0.006279516, -0.006376712, -0.006556754, -0.006719377, -0.0067947498, -0.0069345483, -0.007060783, -0.0071193804, -0.007229334, -0.007331577, -0.0074268314, -0.0074716723, -0.007554461, -0.0076249144, -0.007654253, -0.00769708, -0.0077135353, -0.007696854, -0.0076743327, -0.0075988015, -0.0074825925, -0.0074105132, -0.0072431867, -0.007054144, -0.0069551226, -0.00675674, -0.006567146, -0.006394141, -0.0063144746, -0.006167516, -0.0060312143, -0.005963896, -0.0058241687, -0.0056686224, -0.005489468, -0.005390084, -0.00517474, -0.0049462668, -0.00483246, -0.0046171807, -0.0044317027, -0.0043525547, -0.0042207395, -0.00411493, -0.0040185614, -0.003968277, -0.0038544892, -0.0037176507, -0.0036410852, -0.0034789185, -0.0033204467, -0.0031850091, -0.0031305046, -0.0030506474, -0.0030026855, -0.002985814, -0.0029508804, -0.00289727, -0.0028136824, -0.002760674, -0.002638815, -0.0025063127, -0.0024392528, -0.0023049144, -0.0021657255, -0.0020911852, -0.0019253723, -0.001730505, -0.0015082026, -0.0013928534, -0.0011809135, -0.0010510286, -0.001038312, -0.0010665216, 0, 0, 0, 0, 0, 0, 0, 0, 0, 0, 0, 0, 0, 0, 0, 0, 0, 0, 0, 0, 0, 0, 0, 0, 0, 0, 0, 0, 0, 0, 0, 0, 0, 0, 0, 0, 0, 0, 0, 0, 0, 0, 0, 0, 0, 0, 0, 0, 0, 0, 0, 0, 0, 0, 0, 0, 0, 0, 0
-0.0014693873, -0.0014913443, -0.0017552695, -0.00216681, -0.002383634, -0.0028071231, -0.0032096251, -0.0034039498, -0.003782019, -0.0041465703, -0.004496161, -0.004664443, -0.0049857018, -0.0052851704, -0.0054261745, -0.0056910263, -0.005934876, -0.0061610253, -0.006268449, -0.0064737205, -0.006665412, -0.0067553283, -0.006920497, -0.007062409, -0.007123602, -0.0072255656, -0.0073013823, -0.0073555163, -0.007376147, -0.00740892, -0.0074362317, -0.0074498584, -0.007478248, -0.0075074728, -0.007531739, -0.0075391983, -0.0075374125, -0.0075043566, -0.007473236, -0.007378047, -0.0072387815, -0.007154079, -0.0069609843, -0.00674903, -0.006534523, -0.006431128, -0.006239199, -0.006070451, -0.0059945537, -0.005856018, -0.005724363, -0.005585298, -0.0055086017, -0.0053338464, -0.005129909, -0.0050190235, -0.0047898497, -0.0045682183, -0.004466283, -0.004287387, -0.004143747, -0.00402774, -0.0039750603, -0.0038683452, -0.003746312, -0.003676429, -0.0035187777, -0.0033475386, -0.0031822664, -0.0031084316, -0.0029883326, -0.0029088804, -0.0028828313, -0.0028456699, -0.002807742, -0.0027465967, -0.0027033708, -0.0025922025, -0.0024570115, -0.0023845471, -0.0022377307, -0.00209097, -0.0020173893, -0.0018630875, -0.0016920101, -0.0015025333, -0.0014078321, -0.0012505893, -0.0012150353, -0.0013002509, -0.0016569605, 0, 0, 0, 0, 0, 0, 0, 0, 0, 0, 0, 0, 0, 0, 0, 0, 0, 0, 0, 0, 0, 0, 0, 0, 0, 0, 0, 0, 0, 0, 0, 0, 0, 0, 0, 0, 0, 0, 0, 0, 0, 0, 0, 0, 0, 0, 0, 0, 0, 0, 0, 0, 0, 0, 0, 0, 0, 0, 0
-0.0014703923, -0.0014910814, -0.0017454604, -0.0021377802, -0.0023418209, -0.002733469, -0.003098465, -0.0032729069, -0.0036096796, -0.0039334674, -0.0042451355, -0.004396129, -0.0046872357, -0.004963676, -0.005096495, -0.005352356, -0.005597715, -0.0058361925, -0.0059533776, -0.006184256, -0.006407874, -0.006514936, -0.0067139775, -0.006885403, -0.006958194, -0.0070746043, -0.007151407, -0.0071924613, -0.0072016967, -0.007204155, -0.0071952054, -0.007190102, -0.007184217, -0.0071880813, -0.0072028055, -0.0072128065, -0.00723289, -0.007243863, -0.0072422107, -0.007215998, -0.0071499175, -0.0070992704, -0.0069608795, -0.006778046, -0.006562717, -0.006448487, -0.006218828, -0.006001508, -0.005901921, -0.0057254056, -0.0055783056, -0.005451323, -0.005390088, -0.005260165, -0.0051060366, -0.005016849, -0.004815941, -0.0045946194, -0.00448214, -0.00426551, -0.004074033, -0.0039147697, -0.0038458498, -0.0037223587, -0.0036039436, -0.0035414416, -0.0034035442, -0.0032477838, -0.003082234, -0.003001039, -0.002853695, -0.0027382302, -0.0026945546, -0.0026315344, -0.0025854988, -0.0025318572, -0.0024951901, -0.0023958755, -0.002263753, -0.0021886728, -0.0020301829, -0.0018698055, -0.0017918565, -0.0016381189, -0.0014878633, -0.0013508504, -0.0012988776, -0.00127966, -0.0013638953, -0.0013877945, 0, 0, 0, 0, 0, 0, 0, 0, 0, 0, 0, 0, 0, 0, 0, 0, 0, 0, 0, 0, 0, 0, 0, 0, 0, 0, 0, 0, 0, 0, 0, 0, 0, 0, 0, 0, 0, 0, 0, 0, 0, 0, 0, 0, 0, 0, 0, 0, 0, 0, 0, 0, 0, 0, 0, 0, 0, 0, 0, 0
-0.0014038157, -0.0014252667, -0.0016734982, -0.002051658, -0.0022463133, -0.0026151324, -0.0029515768, -0.0031093906, -0.0034083996, -0.0036905622, -0.0039590797, -0.0040889536, -0.00434111, -0.0045842915, -0.0047030505, -0.004936698, -0.005167129, -0.0053969636, -0.0055121784, -0.0057429094, -0.005971073, -0.0060822396, -0.0062932223, -0.006481479, -0.0065644635, -0.006704423, -0.00680685, -0.006873487, -0.006894499, -0.00691619, -0.006917261, -0.0069128866, -0.0068985224, -0.006881094, -0.0068650814, -0.006858391, -0.006848107, -0.0068408726, -0.0068372856, -0.006825777, -0.006799433, -0.0067763827, -0.006703255, -0.006585947, -0.0064215884, -0.0063233827, -0.006102754, -0.005864676, -0.005745958, -0.0055219885, -0.0053289575, -0.0051735374, -0.005107927, -0.0049909167, -0.004875063, -0.0048108427, -0.00466034, -0.004475474, -0.0043716533, -0.0041498286, -0.003926701, -0.0037204803, -0.0036275291, -0.0034642832, -0.003325441, -0.0032614882, -0.003136462, -0.0030041886, -0.0028595764, -0.002783528, -0.0026314834, -0.0024923496, -0.0024320255, -0.0023351547, -0.0022654976, -0.0022061495, -0.0021735847, -0.0020902809, -0.001975718, -0.0019069635, -0.0017532562, -0.0015888282, -0.0015062555, -0.0013479788, -0.0012133968, -0.001136094, -0.0011379868, -0.0013352542, -0.0018316199, 0, 0, 0, 0, 0, 0, 0, 0, 0, 0, 0, 0, 0, 0, 0, 0, 0, 0, 0, 0, 0, 0, 0, 0, 0, 0, 0, 0, 0, 0, 0, 0, 0, 0, 0, 0, 0, 0, 0, 0, 0, 0, 0, 0, 0, 0, 0, 0, 0, 0, 0, 0, 0, 0, 0, 0, 0, 0, 0, 0, 0
-0.0012728682, -0.001297445, -0.0015435045, -0.0019131774, -0.0021030356, -0.0024617976, -0.0027852724, -0.002935014, -0.0032141053, -0.003471711, -0.0037127493, -0.0038287025, -0.004053777, -0.0042718123, -0.004378586, -0.004588417, -0.004793132, -0.0049932525, -0.0050918986, -0.0052864244, -0.0054764226, -0.005569065, -0.005747738, -0.00591508, -0.00599356, -0.0061383927, -0.006265563, -0.0063741286, -0.006420963, -0.0064995014, -0.0065567764, -0.0065769246, -0.0065995594, -0.0065979287, -0.006573767, -0.0065545514, -0.006505009, -0.0064476933, -0.0064188605, -0.0063647088, -0.006317217, -0.0062947613, -0.006246893, -0.006182473, -0.006086407, -0.006022512, -0.005859824, -0.0056541166, -0.0055391956, -0.0052992254, -0.0050665215, -0.004861578, -0.004773333, -0.00462585, -0.00450709, -0.0044525573, -0.0043387287, -0.004201775, -0.004120456, -0.003930291, -0.0037120038, -0.0034840174, -0.0033732709, -0.003168728, -0.0029939904, -0.002918332, -0.0027844706, -0.0026626857, -0.002538536, -0.0024722575, -0.0023304236, -0.0021834353, -0.0021123055, -0.0019849336, -0.0018845822, -0.001809245, -0.0017763771, -0.0017093817, -0.0016258358, -0.0015744236, -0.0014522573, -0.001309425, -0.0012337604, -0.0010848666, -0.0009736704, -0.0009734731, -0.0010304712, -0.001181255, 0, 0, 0, 0, 0, 0, 0, 0, 0, 0, 0, 0, 0, 0, 0, 0, 0, 0, 0, 0, 0, 0, 0, 0, 0, 0, 0, 0, 0, 0, 0, 0, 0, 0, 0, 0, 0, 0, 0, 0, 0, 0, 0, 0, 0, 0, 0, 0, 0, 0, 0, 0, 0, 0, 0, 0, 0, 0, 0, 0, 0, 0
-0.0010847078, -0.0011130689, -0.0013549952, -0.0017136738, -0.0018986084, -0.0022504302, -0.0025697418, -0.0027177648, -0.0029938212, -0.0032477584, -0.003485591, -0.003600277, -0.0038236552, -0.0040401435, -0.004145614, -0.0043486147, -0.004538086, -0.0047106287, -0.0047901855, -0.004935858, -0.005065506, -0.0051254523, -0.0052382266, -0.005346827, -0.0054016025, -0.0055151368, -0.005636229, -0.005764161, -0.005829628, -0.0059592025, -0.0060788486, -0.0061314935, -0.006216077, -0.0062652035, -0.006273525, -0.0062618884, -0.006209601, -0.006125063, -0.0060747517, -0.0059681544, -0.00586656, -0.00582184, -0.00574626, -0.0056854775, -0.005625571, -0.0055901753, -0.0054958337, -0.0053579593, -0.005271054, -0.0050654784, -0.004832727, -0.0045954213, -0.004482585, -0.004280085, -0.004115813, -0.0040468536, -0.0039276457, -0.0038149704, -0.0037542363, -0.0036119332, -0.0034346587, -0.0032271962, -0.003117088, -0.0028974605, -0.0026953323, -0.002605629, -0.0024498869, -0.0023197087, -0.0022012969, -0.0021411339, -0.002011518, -0.0018668653, -0.0017905808, -0.0016402558, -0.0015072377, -0.0014031684, -0.0013625486, -0.0012978473, -0.0012408398, -0.0012094976, -0.0011335749, -0.0010408056, -0.000991579, -0.00090144674, -0.00085910293, -0.0009702034, -0.0011614043, 0, 0, 0, 0, 0, 0, 0, 0, 0, 0, 0, 0, 0, 0, 0, 0, 0, 0, 0, 0, 0, 0, 0, 0, 0, 0, 0, 0, 0, 0, 0, 0, 0, 0, 0, 0, 0, 0, 0, 0, 0, 0, 0, 0, 0, 0, 0, 0, 0, 0, 0, 0, 0, 0, 0, 0, 0, 0, 0, 0, 0, 0, 0
-0.000653693, -0.0006861751, -0.0009010194, -0.0012080303, -0.0013671839, -0.0016753821, -0.0019647926, -0.0021028433, -0.0023676779, -0.002620593, -0.002865101, -0.0029854774, -0.0032239154, -0.003459779, -0.0035755925, -0.0037995062, -0.0040074615, -0.00419251, -0.0042752074, -0.0044196025, -0.004534666, -0.0045815944, -0.0046564857, -0.0047113094, -0.0047336724, -0.0047735586, -0.004814939, -0.004865111, -0.0048944573, -0.0049639307, -0.005047509, -0.0050938106, -0.0051925625, -0.0052934536, -0.0053869775, -0.005427406, -0.0054862835, -0.005505523, -0.0054971436, -0.0054429187, -0.0053444374, -0.0052833217, -0.0051496485, -0.0050184587, -0.0049062506, -0.0048597837, -0.0047847126, -0.004722012, -0.004688844, -0.004604606, -0.0044792, -0.0043008174, -0.004192436, -0.0039473125, -0.0036867035, -0.0035594609, -0.0033278877, -0.0031400535, -0.003063989, -0.0029410685, -0.0028391315, -0.0027327507, -0.002671362, -0.0025270083, -0.0023597786, -0.0022718688, -0.0020993908, -0.0019423461, -0.0018063876, -0.0017451606, -0.0016286856, -0.0015060001, -0.0014369875, -0.0012791456, -0.0010997491, -0.0009184904, -0.0008353163, -0.0006966509, -0.0005977715, -0.00056103204, -0.000502408, -0.0004666501, -0.00047223034, -0.00063589483, -0.0013993634, -0.0020543041, 0, 0, 0, 0, 0, 0, 0, 0, 0, 0, 0, 0, 0, 0, 0, 0, 0, 0, 0, 0, 0, 0, 0, 0, 0, 0, 0, 0, 0, 0, 0, 0, 0, 0, 0, 0, 0, 0, 0, 0, 0, 0, 0, 0, 0, 0, 0, 0, 0, 0, 0, 0, 0, 0, 0, 0, 0, 0, 0, 0, 0, 0, 0, 0
-0.0005111528, -0.0005455757, -0.0007501242, -0.001034401, -0.0011811996, -0.0014667481, -0.0017384783, -0.001869569, -0.0021229745, -0.002365649, -0.0025982452, -0.0027111326, -0.0029307, -0.0031425685, -0.0032454238, -0.0034444353, -0.0036338214, -0.003813412, -0.003899723, -0.004065891, -0.0042227386, -0.004296716, -0.0044332994, -0.004550345, -0.004600348, -0.0046807597, -0.0047350395, -0.0047654114, -0.0047728857, -0.004778258, -0.0047804406, -0.0047841086, -0.004803594, -0.004845868, -0.0049134856, -0.0049555562, -0.0050484217, -0.0051368717, -0.0051726974, -0.0052147447, -0.0052066, -0.005182707, -0.005099749, -0.00498339, -0.0048551094, -0.004793195, -0.0046829414, -0.0045954273, -0.0045588184, -0.0044894684, -0.0044063884, -0.00428517, -0.004204702, -0.004001608, -0.0037527469, -0.0036180413, -0.0033476471, -0.0031011747, -0.0029949194, -0.002823054, -0.0027010243, -0.0026075495, -0.002563003, -0.0024614295, -0.0023336902, -0.0022596836, -0.0020995494, -0.0019374705, -0.0017895293, -0.0017237694, -0.0016074209, -0.0014994942, -0.0014417964, -0.0013063075, -0.0011353205, -0.00093656225, -0.0008346049, -0.00064322643, -0.0004845703, -0.00041904245, -0.00030994054, -0.00022743363, -0.00020491221, -0.00025786785, 0, 0, 0, 0, 0, 0, 0, 0, 0, 0, 0, 0, 0, 0, 0, 0, 0, 0, 0, 0, 0, 0, 0, 0, 0, 0, 0, 0, 0, 0, 0, 0, 0, 0, 0, 0, 0, 0, 0, 0, 0, 0, 0, 0, 0, 0, 0, 0, 0, 0, 0, 0, 0, 0, 0, 0, 0, 0, 0, 0, 0, 0, 0, 0, 0, 0
-0.0004404777, -0.00047855967, -0.0006838973, -0.0009619947, -0.0011051057, -0.00138492, -0.0016541847, -0.001785134, -0.0020394104, -0.0022819792, -0.00250899, -0.0026156376, -0.002814042, -0.002992183, -0.0030740295, -0.0032260567, -0.0033673884, -0.0035055215, -0.0035763388, -0.003726119, -0.0038907041, -0.003977994, -0.004158313, -0.0043376195, -0.0044224914, -0.004574021, -0.004690193, -0.004761642, -0.0047793984, -0.0047812182, -0.0047484357, -0.0047245496, -0.0046748226, -0.004640039, -0.004638268, -0.004653441, -0.004717062, -0.0048165885, -0.004874039, -0.0049881176, -0.005078134, -0.0051072785, -0.0051243748, -0.005084862, -0.004997511, -0.004941724, -0.004820608, -0.0047023026, -0.0046492396, -0.0045570815, -0.004476735, -0.004389068, -0.004335028, -0.0041935453, -0.0039994973, -0.0038836098, -0.0036249585, -0.0033539508, -0.003223688, -0.0029917818, -0.0028120878, -0.00268229, -0.0026300182, -0.0025331837, -0.0024238573, -0.0023594154, -0.0022095065, -0.0020418179, -0.0018766872, -0.0018011789, -0.001671164, -0.0015660935, -0.0015171687, -0.001407959, -0.0012629611, -0.0010720654, -0.00096320495, -0.00073886104, -0.00053265446, -0.00044287782, -0.00028971094, -0.00016220979, -0.000109805114, -5.6992718e-05, 0, 0, 0, 0, 0, 0, 0, 0, 0, 0, 0, 0, 0, 0, 0, 0, 0, 0, 0, 0, 0, 0, 0, 0, 0, 0, 0, 0, 0, 0, 0, 0, 0, 0, 0, 0, 0, 0, 0, 0, 0, 0, 0, 0, 0, 0, 0, 0, 0, 0, 0, 0, 0, 0, 0, 0, 0, 0, 0, 0, 0, 0, 0, 0, 0, 0
-0.0004062132, -0.00044859116, -0.00066124694, -0.00094285794, -0.0010875803, -0.0013720958, -0.0016492419, -0.0017854194, -0.0020518906, -0.0023074327, -0.0025450767, -0.0026549743, -0.0028535593, -0.003021092, -0.003093463, -0.0032181852, -0.0033229203, -0.0034179257, -0.0034660338, -0.0035716363, -0.0036971476, -0.0037687777, -0.003928795, -0.004106314, -0.0041981093, -0.0043798145, -0.004546001, -0.0046811695, -0.0047329557, -0.0047996617, -0.0048164497, -0.004807995, -0.004766692, -0.004708736, -0.004656473, -0.0046396875, -0.0046369233, -0.0046831793, -0.004725046, -0.004839039, -0.004975022, -0.005042794, -0.0051593594, -0.0052297334, -0.0052396194, -0.0052214814, -0.005145847, -0.0050346344, -0.0049731405, -0.00485279, -0.0047473256, -0.004659262, -0.0046173697, -0.004524367, -0.0043995627, -0.004319313, -0.004118945, -0.0038727971, -0.0037388976, -0.0034698104, -0.0032241922, -0.0030232328, -0.0029401933, -0.002799948, -0.0026715489, -0.002603441, -0.0024489881, -0.0022688664, -0.0020775802, -0.0019856298, -0.0018211331, -0.0016916152, -0.0016373534, -0.0015349356, -0.001410438, -0.0012373516, -0.0011313558, -0.00089792314, -0.00067561236, -0.00058217364, -0.00044076977, -0.0003314856, -0.00027207512, 0, 0, 0, 0, 0, 0, 0, 0, 0, 0, 0, 0, 0, 0, 0, 0, 0, 0, 0, 0, 0, 0, 0, 0, 0, 0, 0, 0, 0, 0, 0, 0, 0, 0, 0, 0, 0, 0, 0, 0, 0, 0, 0, 0, 0, 0, 0, 0, 0, 0, 0, 0, 0, 0, 0, 0, 0, 0, 0, 0, 0, 0, 0, 0, 0, 0, 0
-0.0003647441, -0.00041055275, -0.00062771677, -0.00090856245, -0.0010517852, -0.0013329769, -0.0016083273, -0.0017445307, -0.002013992, -0.0022770225, -0.002527298, -0.0026454022, -0.0028633082, -0.0030526116, -0.0031359878, -0.0032804853, -0.0033990033, -0.00349747, -0.0035420682, -0.0036281808, -0.0037168874, -0.0037643937, -0.0038684302, -0.00398614, -0.0040504937, -0.0041893567, -0.0043394356, -0.004493994, -0.0045694383, -0.004708108, -0.0048184344, -0.004859445, -0.004909186, -0.004916646, -0.00489129, -0.004871501, -0.0048329146, -0.004816443, -0.0048232586, -0.0048761354, -0.0049828067, -0.00505302, -0.0052123643, -0.0053702905, -0.005493292, -0.005532974, -0.0055593303, -0.0055156522, -0.0054722107, -0.0053594364, -0.005237114, -0.005129473, -0.005084178, -0.005007623, -0.0049311207, -0.004884675, -0.004757935, -0.0045730537, -0.0044575944, -0.004191481, -0.0039034432, -0.0036283878, -0.0035038597, -0.0032871359, -0.0031034464, -0.0030165603, -0.0028366407, -0.0026340326, -0.0024100028, -0.0022949993, -0.0020752489, -0.001888641, -0.0018109577, -0.0016784124, -0.0015490372, -0.0013848942, -0.0012835889, -0.0010541583, -0.0008391148, -0.00076308654, -0.0007057048, -0.0007066176, -0.0007242525, 0, 0, 0, 0, 0, 0, 0, 0, 0, 0, 0, 0, 0, 0, 0, 0, 0, 0, 0, 0, 0, 0, 0, 0, 0, 0, 0, 0, 0, 0, 0, 0, 0, 0, 0, 0, 0, 0, 0, 0, 0, 0, 0, 0, 0, 0, 0, 0, 0, 0, 0, 0, 0, 0, 0, 0, 0, 0, 0, 0, 0, 0, 0, 0, 0, 0, 0
-0.00028921495, -0.00033756293, -0.00055148656, -0.0008188361, -0.0009524578, -0.0012111245, -0.0014608275, -0.0015837312, -0.0018278973, -0.0020705047, -0.0023105387, -0.002428585, -0.0026579855, -0.0028759683, -0.0029796895, -0.0031749762, -0.0033521429, -0.0035098717, -0.0035811847, -0.0037090995, -0.00381793, -0.003865708, -0.0039491686, -0.0040207137, -0.0040543526, -0.0041246796, -0.004209751, -0.004320068, -0.004386406, -0.0045394124, -0.004708532, -0.004793585, -0.0049513406, -0.00507542, -0.005152331, -0.005171664, -0.0051782024, -0.005159256, -0.0051488923, -0.005145345, -0.0051861997, -0.0052287783, -0.0053589796, -0.005535575, -0.0057286904, -0.005818789, -0.0059621353, -0.0060335314, -0.0060384055, -0.0059932596, -0.005897366, -0.005784883, -0.005732009, -0.0056440453, -0.005578106, -0.0055476497, -0.0054737125, -0.0053540706, -0.0052685435, -0.0050406065, -0.004748695, -0.0044245925, -0.0042629256, -0.0039611794, -0.00369849, -0.0035797833, -0.0033523925, -0.0031163285, -0.0028544953, -0.002714739, -0.002430018, -0.002163699, -0.0020461625, -0.0018490937, -0.0016882665, -0.0015276789, -0.0014377306, -0.0012369248, -0.0010481, -0.000987646, -0.0010332156, 0, 0, 0, 0, 0, 0, 0, 0, 0, 0, 0, 0, 0, 0, 0, 0, 0, 0, 0, 0, 0, 0, 0, 0, 0, 0, 0, 0, 0, 0, 0, 0, 0, 0, 0, 0, 0, 0, 0, 0, 0, 0, 0, 0, 0, 0, 0, 0, 0, 0, 0, 0, 0, 0, 0, 0, 0, 0, 0, 0, 0, 0, 0, 0, 0, 0, 0, 0, 0
-0.00017207918, -0.00022267799, -0.0004280337, -0.00067198096, -0.00079030136, -0.0010124444, -0.0012178961, -0.0013165053, -0.001509351, -0.0017013495, -0.0018983347, -0.0019997382, -0.0022098531, -0.0024306537, -0.0025447162, -0.0027783746, -0.003015081, -0.0032475616, -0.003359587, -0.0035702975, -0.0037565164, -0.0038381398, -0.0039753118, -0.0040763314, -0.0041144737, -0.004172809, -0.004220869, -0.004280049, -0.004320333, -0.0044311667, -0.0045867013, -0.004679563, -0.004885349, -0.005097317, -0.0052882484, -0.0053679226, -0.005486997, -0.0055505238, -0.0055651744, -0.0055748825, -0.0055845813, -0.0055995663, -0.0056671887, -0.0057961876, -0.0059821885, -0.006089254, -0.006306323, -0.0064899386, -0.006556818, -0.0066272444, -0.0066150813, -0.006542235, -0.0064939987, -0.0063951737, -0.0063127466, -0.006279412, -0.0062191426, -0.0061399555, -0.0060809837, -0.0059047868, -0.005641221, -0.0053042164, -0.005119465, -0.0047446745, -0.0043933624, -0.0042324527, -0.003934735, -0.0036480327, -0.0033438662, -0.0031795816, -0.0028304372, -0.002478399, -0.0023136125, -0.002031731, -0.0018282041, -0.0016933625, -0.0016429992, -0.0015613355, -0.001488899, -0.00143719, 0, 0, 0, 0, 0, 0, 0, 0, 0, 0, 0, 0, 0, 0, 0, 0, 0, 0, 0, 0, 0, 0, 0, 0, 0, 0, 0, 0, 0, 0, 0, 0, 0, 0, 0, 0, 0, 0, 0, 0, 0, 0, 0, 0, 0, 0, 0, 0, 0, 0, 0, 0, 0, 0, 0, 0, 0, 0, 0, 0, 0, 0, 0, 0, 0, 0, 0, 0, 0, 0
-1.4268753e-05, -6.808498e-05, -0.00026421668, -0.00048351148, -0.0005860158, -0.000771673, -0.0009336517, -0.0010076535, -0.0011460744, -0.0012791957, -0.001417618, -0.001491711, -0.0016549383, -0.00184367, -0.0019484949, -0.0021785842, -0.0024325368, -0.002702885, -0.0028411844, -0.003117858, -0.0033853757, -0.0035123343, -0.0037459845, -0.0039454387, -0.004030272, -0.0041693356, -0.0042715436, -0.004350052, -0.004386597, -0.004467991, -0.0045780432, -0.004648636, -0.0048256367, -0.0050454284, -0.0052903076, -0.0054139597, -0.0056449734, -0.00583408, -0.0059075356, -0.006011861, -0.0060687433, -0.006086518, -0.006122476, -0.006187066, -0.006308398, -0.006393519, -0.0066054533, -0.006843169, -0.0069568697, -0.0071447664, -0.0072518745, -0.0072696307, -0.007249779, -0.007173101, -0.007079113, -0.0070350715, -0.006958655, -0.006886476, -0.0068416283, -0.0067090928, -0.006490621, -0.006173458, -0.00598257, -0.005559913, -0.005124244, -0.004914377, -0.0045222533, -0.0041592107, -0.0037964538, -0.0036055045, -0.0031967831, -0.0027641288, -0.0025524932, -0.0021795896, -0.0019339762, -0.001869265, -0.0019081815, -0.0021026498, -0.00233744, -0.0024691687, 0, 0, 0, 0, 0, 0, 0, 0, 0, 0, 0, 0, 0, 0, 0, 0, 0, 0, 0, 0, 0, 0, 0, 0, 0, 0, 0, 0, 0, 0, 0, 0, 0, 0, 0, 0, 0, 0, 0, 0, 0, 0, 0, 0, 0, 0, 0, 0, 0, 0, 0, 0, 0, 0, 0, 0, 0, 0, 0, 0, 0, 0, 0, 0, 0, 0, 0, 0, 0, 0
0.00018487425, 0.00012708656, -5.9570913e-05, -0.00025365455, -0.00034209152, -0.0004989242, -0.0006318652, -0.0006903725, -0.0007955012, -0.0008913859, -0.0009883763, -0.0010404692, -0.0011592435, -0.0013039967, -0.0013879363, -0.001579403, -0.0018014003, -0.0020509276, -0.0021846597, -0.0024660467, -0.00276191, -0.0029133076, -0.003218528, -0.003519017, -0.0036637834, -0.0039343955, -0.004168768, -0.004359878, -0.0044392445, -0.0045715584, -0.004684302, -0.004740853, -0.0048714047, -0.0050425427, -0.0052642454, -0.0053923405, -0.005671213, -0.005954614, -0.006087547, -0.0063172993, -0.0064835725, -0.006541055, -0.0066150175, -0.0066592996, -0.0067161946, -0.0067621144, -0.0069058635, -0.0071180505, -0.007241779, -0.0074936263, -0.007706414, -0.007836766, -0.00786529, -0.007855153, -0.007782845, -0.0077355015, -0.007639911, -0.0075530815, -0.0075100074, -0.0074032857, -0.0072324066, -0.0069607217, -0.0067822393, -0.006348992, -0.005851189, -0.005594499, -0.005094038, -0.004625124, -0.004176962, -0.0039514108, -0.0034816437, -0.0029842495, -0.002734676, -0.002282126, -0.0019967626, -0.0020406467, -0.0022192812, -0.0028349531, 0, 0, 0, 0, 0, 0, 0, 0, 0, 0, 0, 0, 0, 0, 0, 0, 0, 0, 0, 0, 0, 0, 0, 0, 0, 0, 0, 0, 0, 0, 0, 0, 0, 0, 0, 0, 0, 0, 0, 0, 0, 0, 0, 0, 0, 0, 0, 0, 0, 0, 0, 0, 0, 0, 0, 0, 0, 0, 0, 0, 0, 0, 0, 0, 0, 0, 0, 0, 0, 0, 0, 0
0.00043136388, 0.00037057776, 0.00020129325, 4.2340285e-05, -2.8163824e-05, -0.00015465841, -0.0002663408, -0.00031782052, -0.00041425056, -0.00050619926, -0.00060000457, -0.000649907, -0.0007599136, -0.00088764, -0.0009588177, -0.0011156929, -0.0012917273, -0.0014875169, -0.0015934104, -0.0018228886, -0.0020795893, -0.0022198642, -0.0025260958, -0.0028656637, -0.003045697, -0.0034170346, -0.0037856968, -0.004127416, -0.0042814314, -0.0045468635, -0.004753709, -0.004838492, -0.0049858787, -0.005130673, -0.005305067, -0.005410678, -0.0056647123, -0.0059658233, -0.006125775, -0.0064417324, -0.006719267, -0.0068335007, -0.007002719, -0.0070974897, -0.0071466453, -0.007168212, -0.00723713, -0.0073708855, -0.0074662245, -0.00770123, -0.007955141, -0.008169995, -0.008247338, -0.008326302, -0.008311092, -0.008277019, -0.008181229, -0.008077633, -0.008028672, -0.00792957, -0.0077994065, -0.007588833, -0.007440169, -0.007043802, -0.0065324116, -0.0062478576, -0.0056557106, -0.005071375, -0.0045126984, -0.004241183, -0.0037042925, -0.0031733792, -0.0029159347, -0.002450347, -0.002149613, -0.0022613045, -0.0026205517, 0, 0, 0, 0, 0, 0, 0, 0, 0, 0, 0, 0, 0, 0, 0, 0, 0, 0, 0, 0, 0, 0, 0, 0, 0, 0, 0, 0, 0, 0, 0, 0, 0, 0, 0, 0, 0, 0, 0, 0, 0, 0, 0, 0, 0, 0, 0, 0, 0, 0, 0, 0, 0, 0, 0, 0, 0, 0, 0, 0, 0, 0, 0, 0, 0, 0, 0, 0, 0, 0, 0, 0, 0
0.00071693776, 0.00065647997, 0.00052021054, 0.00041729433, 0.0003756454, 0.0002996597, 0.00022378302, 0.00018346493, 9.559557e-05, -4.9078567e-06, -0.00012062724, -0.00018480067, -0.00032631875, -0.00048252248, -0.0005644112, -0.00073163054, -0.00089982926, -0.0010670173, -0.0011514053, -0.0013265435, -0.0015206614, -0.0016291777, -0.0018798662, -0.002183366, -0.002356698, -0.0027432777, -0.0031710824, -0.0036156443, -0.0038347763, -0.00424754, -0.004605651, -0.004759585, -0.005016654, -0.005220084, -0.00539929, -0.0054910495, -0.0056995344, -0.0059573553, -0.0061054747, -0.006429458, -0.006762436, -0.0069198683, -0.0071923938, -0.0073874644, -0.0075005754, -0.007533184, -0.0075770873, -0.0076364093, -0.00768586, -0.007837884, -0.008048992, -0.008276665, -0.0083786035, -0.008527296, -0.008581078, -0.008572754, -0.008501589, -0.008391961, -0.00833457, -0.008225813, -0.008114671, -0.007961651, -0.007851659, -0.0075343484, -0.007075865, -0.006798479, -0.0061775376, -0.00551561, -0.0048545264, -0.004533525, -0.0039289217, -0.0034108043, -0.0032004763, -0.0029001439, -0.0027404036, -0.0025651453, 0, 0, 0, 0, 0, 0, 0, 0, 0, 0, 0, 0, 0, 0, 0, 0, 0, 0, 0, 0, 0, 0, 0, 0, 0, 0, 0, 0, 0, 0, 0, 0, 0, 0, 0, 0, 0, 0, 0, 0, 0, 0, 0, 0, 0, 0, 0, 0, 0, 0, 0, 0, 0, 0, 0, 0, 0, 0, 0, 0, 0, 0, 0, 0, 0, 0, 0, 0, 0, 0, 0, 0, 0, 0
0.0009883044, 0.0009313382, 0.00083825766, 0.0008063773, 0.00080326776, 0.0008014074, 0.00078877, 0.000774135, 0.0007234623, 0.0006400267, 0.0005217692, 0.00044914224, 0.00027863748, 8.027709e-05, -2.5879017e-05, -0.00024445972, -0.00046117703, -0.00066720095, -0.0007650001, -0.0009516639, -0.0011350049, -0.0012297645, -0.0014365541, -0.0016811726, -0.0018223792, -0.0021505244, -0.0025408054, -0.002986692, -0.0032250339, -0.0037153205, -0.0041978625, -0.0044258656, -0.004837772, -0.0051781894, -0.0054481877, -0.0055627134, -0.005772016, -0.0059853066, -0.0061035897, -0.0063739866, -0.006686983, -0.0068532084, -0.007183047, -0.007474177, -0.0076907584, -0.007765393, -0.007853332, -0.007889169, -0.007903266, -0.007955349, -0.008063401, -0.008223742, -0.008312565, -0.008475137, -0.00857726, -0.0085959835, -0.008565093, -0.008463579, -0.008398026, -0.008262133, -0.008135348, -0.008003983, -0.007923075, -0.0076941783, -0.0073379413, -0.007106583, -0.0065497532, -0.005904301, -0.005218337, -0.0048751584, -0.0042367973, -0.003775931, -0.0036704834, -0.0037855385, -0.004103403, 0, 0, 0, 0, 0, 0, 0, 0, 0, 0, 0, 0, 0, 0, 0, 0, 0, 0, 0, 0, 0, 0, 0, 0, 0, 0, 0, 0, 0, 0, 0, 0, 0, 0, 0, 0, 0, 0, 0, 0, 0, 0, 0, 0, 0, 0, 0, 0, 0, 0, 0, 0, 0, 0, 0, 0, 0, 0, 0, 0, 0, 0, 0, 0, 0, 0, 0, 0, 0, 0, 0, 0, 0, 0, 0
0.001164288, 0.0011101112, 0.0010507684, 0.0010771013, 0.0011073382, 0.0011751262, 0.0012305961, 0.0012483611, 0.0012580296, 0.0012274598, 0.0011533971, 0.0010986046, 0.00095404556, 0.00076382625, 0.00065353507, 0.0004081944, 0.00013984155, -0.00013948853, -0.00027926682, -0.0005540864, -0.0008179283, -0.00094526313, -0.0011922254, -0.0014371971, -0.0015630884, -0.0018328789, -0.002141654, -0.0025069502, -0.002713279, -0.0031726712, -0.0036817128, -0.0039462964, -0.0044716643, -0.0049573802, -0.0053692926, -0.0055424324, -0.0058266874, -0.00605, -0.006150949, -0.0063579446, -0.006600522, -0.0067402855, -0.0070536006, -0.0073843235, -0.0076851775, -0.0078088194, -0.007983263, -0.008056012, -0.008062292, -0.008047282, -0.008041465, -0.008084234, -0.008126507, -0.0082372865, -0.008343505, -0.008378497, -0.008388279, -0.008308052, -0.0082394695, -0.008069543, -0.007890283, -0.0077249026, -0.007643279, -0.0074586924, -0.0071998164, -0.0070302584, -0.006607449, -0.0061006737, -0.005557479, -0.0052854833, -0.0047728377, -0.004437488, -0.0044311825, -0.0050920416, 0, 0, 0, 0, 0, 0, 0, 0, 0, 0, 0, 0, 0, 0, 0, 0, 0, 0, 0, 0, 0, 0, 0, 0, 0, 0, 0, 0, 0, 0, 0, 0, 0, 0, 0, 0, 0, 0, 0, 0, 0, 0, 0, 0, 0, 0, 0, 0, 0, 0, 0, 0, 0, 0, 0, 0, 0, 0, 0, 0, 0, 0, 0, 0, 0, 0, 0, 0, 0, 0, 0, 0, 0, 0, 0, 0
0.001209703, 0.001155017, 0.0011037805, 0.0011480473, 0.0011893602, 0.0012823188, 0.001366869, 0.0014011981, 0.001449281, 0.0014670106, 0.0014528035, 0.0014327222, 0.0013635716, 0.0012516506, 0.001177473, 0.0009898982, 0.0007480579, 0.00045383538, 0.00028963792, -6.532273e-05, -0.0004408314, -0.00062963873, -0.0009969393, -0.0013373977, -0.0014952377, -0.0017885182, -0.002066203, -0.0023541714, -0.00251149, -0.0028709664, -0.0033046065, -0.0035498505, -0.0040838523, -0.004641397, -0.0051708417, -0.005409673, -0.005813758, -0.0061134305, -0.0062288134, -0.0064158943, -0.006588656, -0.006685257, -0.006919724, -0.007210825, -0.0075269267, -0.00767726, -0.007925621, -0.00806656, -0.008091524, -0.008063982, -0.007978452, -0.007899397, -0.007879234, -0.007888845, -0.0079476815, -0.007980073, -0.008013264, -0.007963985, -0.007901741, -0.007712052, -0.0074712303, -0.0072268643, -0.0071126428, -0.0068962467, -0.006667487, -0.006536807, -0.0062407767, -0.0059471615, -0.005771484, -0.0057564634, -0.005802028, -0.0058795847, -0.0058993446, 0, 0, 0, 0, 0, 0, 0, 0, 0, 0, 0, 0, 0, 0, 0, 0, 0, 0, 0, 0, 0, 0, 0, 0, 0, 0, 0, 0, 0, 0, 0, 0, 0, 0, 0, 0, 0, 0, 0, 0, 0, 0, 0, 0, 0, 0, 0, 0, 0, 0, 0, 0, 0, 0, 0, 0, 0, 0, 0, 0, 0, 0, 0, 0, 0, 0, 0, 0, 0, 0, 0, 0, 0, 0, 0, 0, 0
0.0011636945, 0.0011071551, 0.0010431231, 0.0010658365, 0.001094088, 0.0011590424, 0.0012158912, 0.0012381999, 0.0012684515, 0.0012829368, 0.0012855164, 0.0012832088, 0.0012706805, 0.0012421559, 0.0012183228, 0.0011402989, 0.001007245, 0.0008022632, 0.00066953356, 0.00034234513, -5.82745e-05, -0.00027928033, -0.00074351067, -0.0012070423, -0.0014282294, -0.0018342577, -0.0021850744, -0.002488668, -0.0026307919, -0.0029192527, -0.0032478245, -0.003438515, -0.0038817553, -0.0043989206, -0.0049534906, -0.0052273087, -0.0057311156, -0.006136834, -0.0062951124, -0.0065271715, -0.0066793403, -0.0067430674, -0.0068836864, -0.007075027, -0.007322804, -0.007458793, -0.007718845, -0.007908757, -0.007960158, -0.007961789, -0.00784879, -0.0076819197, -0.007602206, -0.0074892947, -0.0074548665, -0.0074605495, -0.0074823345, -0.007459, -0.0074124895, -0.0072350805, -0.0069620055, -0.006642602, -0.0064830245, -0.006183205, -0.00590817, -0.005775372, -0.005529435, -0.0054106354, -0.0057390286, -0.006221787, -0.0075877523, -0.008644769, -0.009182759, 0, 0, 0, 0, 0, 0, 0, 0, 0, 0, 0, 0, 0, 0, 0, 0, 0, 0, 0, 0, 0, 0, 0, 0, 0, 0, 0, 0, 0, 0, 0, 0, 0, 0, 0, 0, 0, 0, 0, 0, 0, 0, 0, 0, 0, 0, 0, 0, 0, 0, 0, 0, 0, 0, 0, 0, 0, 0, 0, 0, 0, 0, 0, 0, 0, 0, 0, 0, 0, 0, 0, 0, 0, 0, 0, 0, 0
0.0010630891, 0.0010076723, 0.00092857913, 0.00091610267, 0.0009224409, 0.0009376612, 0.0009416046, 0.00093692634, 0.00091488805, 0.0008812669, 0.00084448175, 0.0008272484, 0.0007986055, 0.0007783609, 0.0007699831, 0.0007485411, 0.0007063424, 0.00062028266, 0.0005530353, 0.00035593603, 6.321978e-05, -0.00011988976, -0.000550959, -0.0010454179, -0.0013047099, -0.0018213971, -0.00230331, -0.0027245393, -0.0029091712, -0.003233717, -0.0035259675, -0.0036738713, -0.0040013543, -0.0043971133, -0.0048668557, -0.0051214355, -0.0056395708, -0.0061168144, -0.0063221287, -0.0066430196, -0.006842122, -0.0069051366, -0.0069914158, -0.007075404, -0.0072007123, -0.0072830785, -0.007472794, -0.0076490603, -0.0077110296, -0.0077470397, -0.007647824, -0.007440972, -0.0073191654, -0.007090042, -0.006931325, -0.006885407, -0.006843034, -0.006813427, -0.0067796055, -0.0066369395, -0.0063797403, -0.006037411, -0.005852884, -0.0054920367, -0.005164967, -0.0050183786, -0.004786397, -0.004764527, -0.005420412, -0.0064237397, -0.010266645, 0, 0, 0, 0, 0, 0, 0, 0, 0, 0, 0, 0, 0, 0, 0, 0, 0, 0, 0, 0, 0, 0, 0, 0, 0, 0, 0, 0, 0, 0, 0, 0, 0, 0, 0, 0, 0, 0, 0, 0, 0, 0, 0, 0, 0, 0, 0, 0, 0, 0, 0, 0, 0, 0, 0, 0, 0, 0, 0, 0, 0, 0, 0, 0, 0, 0, 0, 0, 0, 0, 0, 0, 0, 0, 0, 0, 0, 0, 0
0.00087501976, 0.0008248068, 0.00073570036, 0.00069359835, 0.0006823303, 0.0006620334, 0.0006320323, 0.0006111274, 0.0005560204, 0.00048537584, 0.0004030242, 0.00035874787, 0.00026794127, 0.00017841392, 0.00013595157, 5.8499896e-05, -7.90855e-06, -6.8771216e-05, -0.00010157214, -0.00018794657, -0.00032847098, -0.0004291198, -0.0007055765, -0.0010888707, -0.0013181282, -0.0018343156, -0.0023917397, -0.0029401623, -0.0031957424, -0.0036481244, -0.004013082, -0.0041671535, -0.0044427738, -0.004718479, -0.0050415937, -0.0052292612, -0.005654305, -0.006114041, -0.006338499, -0.0067353155, -0.007021343, -0.0071159294, -0.007217335, -0.00724024, -0.0072445064, -0.007255573, -0.0073118433, -0.007400757, -0.007442652, -0.007480176, -0.007405821, -0.0072010024, -0.0070594223, -0.0067429296, -0.006450974, -0.006333927, -0.0061702, -0.006073888, -0.0060306764, -0.0059061497, -0.005688479, -0.005379191, -0.005207807, -0.0048778155, -0.0046101045, -0.004508492, -0.0044142334, -0.004611265, -0.0051497277, -0.0054223305, 0, 0, 0, 0, 0, 0, 0, 0, 0, 0, 0, 0, 0, 0, 0, 0, 0, 0, 0, 0, 0, 0, 0, 0, 0, 0, 0, 0, 0, 0, 0, 0, 0, 0, 0, 0, 0, 0, 0, 0, 0, 0, 0, 0, 0, 0, 0, 0, 0, 0, 0, 0, 0, 0, 0, 0, 0, 0, 0, 0, 0, 0, 0, 0, 0, 0, 0, 0, 0, 0, 0, 0, 0, 0, 0, 0, 0, 0, 0, 0
0.00053843943, 0.0004946035, 0.0003918542, 0.00031693128, 0.00028997625, 0.00024788405, 0.00021043692, 0.00019033991, 0.00014288344, 8.1228696e-05, -1.7262281e-06, -5.3232423e-05, -0.00017934195, -0.0003379061, -0.0004274464, -0.0006187378, -0.00080853695, -0.0009745475, -0.0010434253, -0.0011518449, -0.0012376197, -0.0012824631, -0.0014057434, -0.0016119708, -0.0017575478, -0.002142012, -0.0026404343, -0.003212584, -0.0035077983, -0.0040749633, -0.004563118, -0.0047660335, -0.005086118, -0.005317438, -0.0055174497, -0.0056258305, -0.005891228, -0.0062344954, -0.0064285453, -0.006826626, -0.0071763154, -0.00731124, -0.0074782586, -0.0075085848, -0.007442855, -0.0073940316, -0.0073048403, -0.0072575933, -0.007249751, -0.0072369855, -0.007170061, -0.0069875764, -0.0068467828, -0.006486086, -0.0060811746, -0.0058886, -0.0055646966, -0.005337938, -0.005251403, -0.005089709, -0.004884883, -0.004618148, -0.0044806995, -0.004280375, -0.00427989, -0.0043607783, -0.004663118, -0.0054164384, -0.006691199, 0, 0, 0, 0, 0, 0, 0, 0, 0, 0, 0, 0, 0, 0, 0, 0, 0, 0, 0, 0, 0, 0, 0, 0, 0, 0, 0, 0, 0, 0, 0, 0, 0, 0, 0, 0, 0, 0, 0, 0, 0, 0, 0, 0, 0, 0, 0, 0, 0, 0, 0, 0, 0, 0, 0, 0, 0, 0, 0, 0, 0, 0, 0, 0, 0, 0, 0, 0, 0, 0, 0, 0, 0, 0, 0, 0, 0, 0, 0, 0, 0
5.5959557e-05, 1.6900229e-05, -0.000117681666, -0.00025017414, -0.0003042529, -0.00038686258, -0.00044336694, -0.00046506626, -0.0005013003, -0.00053690723, -0.0005854421, -0.00061979087, -0.00072078366, -0.00087816996, -0.0009812601, -0.0012333466, -0.0015307136, -0.00183909, -0.0019849092, -0.0022365404, -0.0024186901, -0.0024843428, -0.002582915, -0.002681891, -0.0027501003, -0.0029582244, -0.0032883093, -0.0037419489, -0.004005283, -0.004568723, -0.0051202863, -0.00536892, -0.00577738, -0.0060506104, -0.0062120594, -0.0062699285, -0.0063877935, -0.0065633277, -0.006683698, -0.0069814273, -0.0073083695, -0.007458019, -0.0076813144, -0.0077614267, -0.0076936395, -0.0076173865, -0.0074250707, -0.0072417553, -0.0071689677, -0.0070628095, -0.0069678775, -0.0068057054, -0.0066784075, -0.0063173617, -0.0058463905, -0.005594096, -0.0051149814, -0.004727296, -0.0045736474, -0.0043219947, -0.0040851794, -0.0038262575, -0.0037103056, -0.003652191, -0.0041423123, -0.004650339, -0.005615888, -0.0066410876, 0, 0, 0, 0, 0, 0, 0, 0, 0, 0, 0, 0, 0, 0, 0, 0, 0, 0, 0, 0, 0, 0, 0, 0, 0, 0, 0, 0, 0, 0, 0, 0, 0, 0, 0, 0, 0, 0, 0, 0, 0, 0, 0, 0, 0, 0, 0, 0, 0, 0, 0, 0, 0, 0, 0, 0, 0, 0, 0, 0, 0, 0, 0, 0, 0, 0, 0, 0, 0, 0, 0, 0, 0, 0, 0, 0, 0, 0, 0, 0, 0, 0
-0.0004762103, -0.00051423575, -0.0007007425, -0.00092372164, -0.0010251404, -0.0011954845, -0.0013239484, -0.0013749825, -0.0014546629, -0.001511113, -0.0015545529, -0.0015764651, -0.0016349986, -0.0017356798, -0.0018099366, -0.002017343, -0.0023059251, -0.0026610985, -0.0028531484, -0.0032369595, -0.003579665, -0.0037229059, -0.0039417087, -0.0040813047, -0.004133445, -0.0042395587, -0.004397416, -0.0046521663, -0.004821657, -0.0052370843, -0.0057165036, -0.0059600137, -0.0064077093, -0.0067490083, -0.006952465, -0.0070065144, -0.0070541403, -0.007085677, -0.00711848, -0.007244141, -0.0074453754, -0.0075599267, -0.007768684, -0.0078852195, -0.007857942, -0.0077886716, -0.007565693, -0.007293615, -0.007164715, -0.0069524995, -0.0067958874, -0.0066328105, -0.0065203016, -0.0061886734, -0.005705529, -0.0054220604, -0.0048342017, -0.004308341, -0.0040911953, -0.0037545376, -0.0035002425, -0.0032618467, -0.0031551528, -0.0031392104, -0.0040539284, -0.0054215547, -0.007406364, 0, 0, 0, 0, 0, 0, 0, 0, 0, 0, 0, 0, 0, 0, 0, 0, 0, 0, 0, 0, 0, 0, 0, 0, 0, 0, 0, 0, 0, 0, 0, 0, 0, 0, 0, 0, 0, 0, 0, 0, 0, 0, 0, 0, 0, 0, 0, 0, 0, 0, 0, 0, 0, 0, 0, 0, 0, 0, 0, 0, 0, 0, 0, 0, 0, 0, 0, 0, 0, 0, 0, 0, 0, 0, 0, 0, 0, 0, 0, 0, 0, 0, 0
-0.00092745066, -0.0009658975, -0.0012083063, -0.0015363089, -0.0016981497, -0.0019943677, -0.0022501394, -0.0023636778, -0.0025633427, -0.002725163, -0.0028490443, -0.0028975739, -0.0029754788, -0.0030457086, -0.003086614, -0.0031980488, -0.00337325, -0.0036312232, -0.0037922678, -0.0041680597, -0.0045820936, -0.00478681, -0.005155695, -0.005435773, -0.005536976, -0.005671466, -0.005752433, -0.005837808, -0.005900209, -0.0060896897, -0.0063743987, -0.006547112, -0.00692276, -0.007278351, -0.007542063, -0.0076247486, -0.007690499, -0.007656925, -0.0076251365, -0.007577029, -0.0075904825, -0.007624373, -0.0077249687, -0.00781507, -0.0078225015, -0.0077787186, -0.0075919186, -0.007306952, -0.00715076, -0.0068596983, -0.006631561, -0.006441652, -0.0063357325, -0.006039781, -0.0055806553, -0.005291861, -0.004651053, -0.004039167, -0.0037842984, -0.0034282964, -0.003280098, -0.0032548725, -0.0032390621, -0.003221524, -0.0033204067, 0, 0, 0, 0, 0, 0, 0, 0, 0, 0, 0, 0, 0, 0, 0, 0, 0, 0, 0, 0, 0, 0, 0, 0, 0, 0, 0, 0, 0, 0, 0, 0, 0, 0, 0, 0, 0, 0, 0, 0, 0, 0, 0, 0, 0, 0, 0, 0, 0, 0, 0, 0, 0, 0, 0, 0, 0, 0, 0, 0, 0, 0, 0, 0, 0, 0, 0, 0, 0, 0, 0, 0, 0, 0, 0, 0, 0, 0, 0, 0, 0, 0, 0, 0, 0
-0.0012218847, -0.0012580585, -0.0015399392, -0.0019534193, -0.0021686126, -0.00258503, -0.002976355, -0.0031631002, -0.003517794, -0.0038421953, -0.004125202, -0.004247355, -0.0044467323, -0.004586722, -0.0046371003, -0.0047110585, -0.0047759824, -0.0048725572, -0.0049455417, -0.005159863, -0.0054706237, -0.0056560114, -0.0060547325, -0.0064355577, -0.0065980703, -0.00683887, -0.006956588, -0.0069785635, -0.0069713076, -0.006963399, -0.0070158294, -0.0070778886, -0.0072782105, -0.0075499094, -0.00782278, -0.007933266, -0.0080621615, -0.008049642, -0.007997826, -0.0078418255, -0.0076800697, -0.007617646, -0.0075484756, -0.007538056, -0.0075340876, -0.0075123794, -0.007394994, -0.0071673086, -0.0070221075, -0.006713805, -0.006436756, -0.006212807, -0.006105919, -0.0058400943, -0.005421249, -0.005142629, -0.00448569, -0.0038295703, -0.0035612483, -0.003256005, -0.0033826802, -0.0039826795, -0.0042900974, -0.004553384, 0, 0, 0, 0, 0, 0, 0, 0, 0, 0, 0, 0, 0, 0, 0, 0, 0, 0, 0, 0, 0, 0, 0, 0, 0, 0, 0, 0, 0, 0, 0, 0, 0, 0, 0, 0, 0, 0, 0, 0, 0, 0, 0, 0, 0, 0, 0, 0, 0, 0, 0, 0, 0, 0, 0, 0, 0, 0, 0, 0, 0, 0, 0, 0, 0, 0, 0, 0, 0, 0, 0, 0, 0, 0, 0, 0, 0, 0, 0, 0, 0, 0, 0, 0, 0, 0
-0.0013946533, -0.0014255766, -0.0017225223, -0.0021825796, -0.0024279843, -0.0029155444, -0.003390555, -0.003624734, -0.004089132, -0.004547753, -0.0049904548, -0.005200259, -0.00558122, -0.0058903564, -0.006010704, -0.0061765844, -0.0062482995, -0.006255172, -0.0062502176, -0.0062607797, -0.006346128, -0.006428657, -0.0066745887, -0.006997047, -0.0071656643, -0.0074665984, -0.0076616406, -0.0077177305, -0.00769776, -0.007594824, -0.007472363, -0.007428626, -0.00741468, -0.0075180368, -0.007710531, -0.007817252, -0.007991548, -0.008047695, -0.008018026, -0.007851573, -0.0075952346, -0.007459228, -0.007223662, -0.0070717284, -0.007000101, -0.0069790557, -0.0069185635, -0.0067823953, -0.006678775, -0.006417247, -0.0061406107, -0.0059047816, -0.0058029452, -0.0055841985, -0.0052448823, -0.0050003324, -0.00437189, -0.0037025043, -0.0034338473, -0.0032046158, -0.0036407856, -0.0052580284, -0.006296939, 0, 0, 0, 0, 0, 0, 0, 0, 0, 0, 0, 0, 0, 0, 0, 0, 0, 0, 0, 0, 0, 0, 0, 0, 0, 0, 0, 0, 0, 0, 0, 0, 0, 0, 0, 0, 0, 0, 0, 0, 0, 0, 0, 0, 0, 0, 0, 0, 0, 0, 0, 0, 0, 0, 0, 0, 0, 0, 0, 0, 0, 0, 0, 0, 0, 0, 0, 0, 0, 0, 0, 0, 0, 0, 0, 0, 0, 0, 0, 0, 0, 0, 0, 0, 0, 0, 0
-0.0015482792, -0.001575248, -0.0018805675, -0.0023644925, -0.0026232903, -0.0031340502, -0.0036244618, -0.0038638236, -0.004339423, -0.0048229164, -0.0053228936, -0.0055782055, -0.006088527, -0.006569369, -0.006785685, -0.007140537, -0.0073618833, -0.0074374215, -0.0074259904, -0.0073364414, -0.007218077, -0.00717275, -0.007151312, -0.0072464724, -0.0073332735, -0.007548683, -0.0077489293, -0.007855429, -0.007858882, -0.0077652875, -0.007575282, -0.007466445, -0.0072753523, -0.007179708, -0.007212511, -0.007270384, -0.007421439, -0.007534508, -0.007547847, -0.0074555865, -0.0072143255, -0.00705652, -0.0067248926, -0.006445764, -0.0062729535, -0.006225595, -0.006172783, -0.0061092386, -0.0060511655, -0.0058695953, -0.005634439, -0.005420304, -0.0053394963, -0.005224264, -0.0050827377, -0.0049533937, -0.00450634, -0.003912842, -0.0036698026, -0.0035235349, -0.00407281, 0, 0, 0, 0, 0, 0, 0, 0, 0, 0, 0, 0, 0, 0, 0, 0, 0, 0, 0, 0, 0, 0, 0, 0, 0, 0, 0, 0, 0, 0, 0, 0, 0, 0, 0, 0, 0, 0, 0, 0, 0, 0, 0, 0, 0, 0, 0, 0, 0, 0, 0, 0, 0, 0, 0, 0, 0, 0, 0, 0, 0, 0, 0, 0, 0, 0, 0, 0, 0, 0, 0, 0, 0, 0, 0, 0, 0, 0, 0, 0, 0, 0, 0, 0, 0, 0, 0, 0, 0
-0.0017200351, -0.0017484404, -0.0020745695, -0.0025917985, -0.002867319, -0.0034025502, -0.003895681, -0.004124946, -0.004556216, -0.0049702763, -0.005396364, -0.005622485, -0.0061079096, -0.006629132, -0.0068932935, -0.00739425, -0.007804102, -0.00806268, -0.008122862, -0.008102254, -0.00792617, -0.0078025223, -0.007543478, -0.0073447414, -0.007287257, -0.0072638025, -0.0073283873, -0.0074062953, -0.007424377, -0.007381643, -0.00721866, -0.007098386, -0.0068192515, -0.0065613682, -0.0064046863, -0.006378602, -0.006422218, -0.0065326267, -0.0065808306, -0.0065983916, -0.0064673475, -0.00634592, -0.0060287034, -0.005692517, -0.005426548, -0.0053363508, -0.0052343276, -0.005183206, -0.005149812, -0.005026365, -0.004833034, -0.004646684, -0.004593813, -0.0046325135, -0.0048831347, -0.005050604, -0.0052102604, -0.004928135, -0.004741517, -0.0045986925, 0, 0, 0, 0, 0, 0, 0, 0, 0, 0, 0, 0, 0, 0, 0, 0, 0, 0, 0, 0, 0, 0, 0, 0, 0, 0, 0, 0, 0, 0, 0, 0, 0, 0, 0, 0, 0, 0, 0, 0, 0, 0, 0, 0, 0, 0, 0, 0, 0, 0, 0, 0, 0, 0, 0, 0, 0, 0, 0, 0, 0, 0, 0, 0, 0, 0, 0, 0, 0, 0, 0, 0, 0, 0, 0, 0, 0, 0, 0, 0, 0, 0, 0, 0, 0, 0, 0, 0, 0, 0
-0.0017952501, -0.0018264308, -0.0021681213, -0.0027178272, -0.003016355, -0.0036077965, -0.0041583623, -0.0044102934, -0.0048599397, -0.0052401535, -0.0055735507, -0.005735219, -0.0060735997, -0.006458761, -0.0066732555, -0.007133617, -0.0075963605, -0.007989104, -0.008134138, -0.008277706, -0.008201262, -0.008084604, -0.007736001, -0.007319075, -0.007119622, -0.006794235, -0.0066002165, -0.0065218452, -0.0065063434, -0.00646983, -0.0063652755, -0.006272255, -0.00600696, -0.005677444, -0.005372353, -0.0052580037, -0.005143681, -0.005175787, -0.0052270833, -0.00533203, -0.0053542913, -0.005312435, -0.0051201372, -0.004828594, -0.0045281546, -0.004401757, -0.0042234655, -0.0041267113, -0.004085926, -0.0039693294, -0.0037798113, -0.0035849598, -0.003537005, -0.003696711, -0.004472204, -0.0051875846, -0.0068701264, -0.0073260637, -0.0070433486, 0, 0, 0, 0, 0, 0, 0, 0, 0, 0, 0, 0, 0, 0, 0, 0, 0, 0, 0, 0, 0, 0, 0, 0, 0, 0, 0, 0, 0, 0, 0, 0, 0, 0, 0, 0, 0, 0, 0, 0, 0, 0, 0, 0, 0, 0, 0, 0, 0, 0, 0, 0, 0, 0, 0, 0, 0, 0, 0, 0, 0, 0, 0, 0, 0, 0, 0, 0, 0, 0, 0, 0, 0, 0, 0, 0, 0, 0, 0, 0, 0, 0, 0, 0, 0, 0, 0, 0, 0, 0, 0
-0.0016346246, -0.0016565034, -0.0019589919, -0.0024762014, -0.0027713166, -0.0033946831, -0.0040312298, -0.004343056, -0.0049270135, -0.0054245126, -0.0058120433, -0.005965722, -0.006212412, -0.006420763, -0.0065278467, -0.0067739706, -0.007075173, -0.0074059404, -0.0075622806, -0.0078008655, -0.007867165, -0.007815838, -0.007538134, -0.007068568, -0.006791906, -0.0062306193, -0.005749267, -0.0054149847, -0.005304776, -0.0051668044, -0.0050679366, -0.0050055105, -0.0048125144, -0.0045158323, -0.004161004, -0.0039914306, -0.003734049, -0.003642802, -0.0036617634, -0.0037887641, -0.0039415965, -0.00399171, -0.003990517, -0.0038434507, -0.0036013916, -0.0034720143, -0.0032480448, -0.0030940727, -0.003032715, -0.0028918334, -0.0026774614, -0.0024363287, -0.0023620802, -0.0025300651, -0.0036681087, -0.0049429717, -0.009583056, -0.011899176, 0, 0, 0, 0, 0, 0, 0, 0, 0, 0, 0, 0, 0, 0, 0, 0, 0, 0, 0, 0, 0, 0, 0, 0, 0, 0, 0, 0, 0, 0, 0, 0, 0, 0, 0, 0, 0, 0, 0, 0, 0, 0, 0, 0, 0, 0, 0, 0, 0, 0, 0, 0, 0, 0, 0, 0, 0, 0, 0, 0, 0, 0, 0, 0, 0, 0, 0, 0, 0, 0, 0, 0, 0, 0, 0, 0, 0, 0, 0, 0, 0, 0, 0, 0, 0, 0, 0, 0, 0, 0, 0, 0
-0.0013137835, -0.0013088165, -0.0014938869, -0.0018687458, -0.0020996244, -0.0026322778, -0.0032565393, -0.0035984123, -0.0043152287, -0.005016701, -0.0056236843, -0.0058716876, -0.0062360126, -0.00643603, -0.006488924, -0.0065461183, -0.0065999385, -0.006701207, -0.006772547, -0.0069316397, -0.00704139, -0.007047124, -0.0069072843, -0.0065352023, -0.0062685437, -0.0056265923, -0.0049428446, -0.004340194, -0.0040968526, -0.0037417763, -0.0035331352, -0.003459893, -0.0033140336, -0.0031027233, -0.0027991964, -0.0026267807, -0.0023009984, -0.0020947503, -0.0020611805, -0.0021370896, -0.0023469506, -0.002465973, -0.0026551627, -0.00270969, -0.0026164528, -0.0025311494, -0.0023399736, -0.0021820331, -0.002120667, -0.0019950592, -0.0017926001, -0.001524595, -0.0014236192, -0.0015162954, -0.0025677169, -0.00314313, 0, 0, 0, 0, 0, 0, 0, 0, 0, 0, 0, 0, 0, 0, 0, 0, 0, 0, 0, 0, 0, 0, 0, 0, 0, 0, 0, 0, 0, 0, 0, 0, 0, 0, 0, 0, 0, 0, 0, 0, 0, 0, 0, 0, 0, 0, 0, 0, 0, 0, 0, 0, 0, 0, 0, 0, 0, 0, 0, 0, 0, 0, 0, 0, 0, 0, 0, 0, 0, 0, 0, 0, 0, 0, 0, 0, 0, 0, 0, 0, 0, 0, 0, 0, 0, 0, 0, 0, 0, 0, 0, 0, 0, 0
-0.0011567423, -0.0011148562, -0.0011534204, -0.0013273496, -0.0014457756, -0.0017469572, -0.0021676312, -0.0024348763, -0.0030859374, -0.003855111, -0.0046532997, -0.0050280048, -0.0056625274, -0.0060858983, -0.006211014, -0.0063083163, -0.0062647997, -0.006173037, -0.0061357287, -0.0061048153, -0.006120168, -0.006125799, -0.0060702167, -0.0058433022, -0.005644941, -0.0050780713, -0.004342313, -0.0035571049, -0.0031876129, -0.0025611406, -0.0021234825, -0.0019726558, -0.0017639451, -0.0015947083, -0.0013775147, -0.0012398349, -0.00093195075, -0.0006622639, -0.0005772554, -0.0005543417, -0.0007303814, -0.00087067595, -0.0011798415, -0.0014225158, -0.0015223194, -0.0015174214, -0.0014421496, -0.0013624555, -0.0013474211, -0.0013599796, -0.0013153463, -0.0011190322, -0.001021809, -0.0010527741, 0, 0, 0, 0, 0, 0, 0, 0, 0, 0, 0, 0, 0, 0, 0, 0, 0, 0, 0, 0, 0, 0, 0, 0, 0, 0, 0, 0, 0, 0, 0, 0, 0, 0, 0, 0, 0, 0, 0, 0, 0, 0, 0, 0, 0, 0, 0, 0, 0, 0, 0, 0, 0, 0, 0, 0, 0, 0, 0, 0, 0, 0, 0, 0, 0, 0, 0, 0, 0, 0, 0, 0, 0, 0, 0, 0, 0, 0, 0, 0, 0, 0, 0, 0, 0, 0, 0, 0, 0, 0, 0, 0, 0, 0, 0, 0
-0.0014813873, -0.0014065019, -0.0013510722, -0.0013841356, -0.0014036578, -0.0014416842, -0.0015282631, -0.0016162078, -0.0019309057, -0.002461193, -0.0031813367, -0.0035858804, -0.004402108, -0.0051151114, -0.0053974176, -0.005775188, -0.0059081553, -0.0058553885, -0.0057898657, -0.0056399484, -0.0055217603, -0.0054801847, -0.00540611, -0.005266649, -0.005139826, -0.004722711, -0.0040728166, -0.0032472783, -0.0028047164, -0.0019482732, -0.0012299387, -0.0009465909, -0.00053700764, -0.0002868865, -9.3287985e-05, 1.1833348e-05, 0.000265334, 0.0005442582, 0.0006635477, 0.0007939212, 0.0007249245, 0.0006152744, 0.00029701553, -4.9745857e-05, -0.0003097431, -0.00038762545, -0.00045887026, -0.0005079951, -0.0005752104, -0.0008839039, -0.0012976442, -0.0013305309, -0.001235412, 0, 0, 0, 0, 0, 0, 0, 0, 0, 0, 0, 0, 0, 0, 0, 0, 0, 0, 0, 0, 0, 0, 0, 0, 0, 0, 0, 0, 0, 0, 0, 0, 0, 0, 0, 0, 0, 0, 0, 0, 0, 0, 0, 0, 0, 0, 0, 0, 0, 0, 0, 0, 0, 0, 0, 0, 0, 0, 0, 0, 0, 0, 0, 0, 0, 0, 0, 0, 0, 0, 0, 0, 0, 0, 0, 0, 0, 0, 0, 0, 0, 0, 0, 0, 0, 0, 0, 0, 0, 0, 0, 0, 0, 0, 0, 0, 0
-0.0023709775, -0.0022735596, -0.0022174995, -0.0022548842, -0.0022480409, -0.0021376186, -0.0019272742, -0.0018145414, -0.0016546758, -0.0016864282, -0.001990527, -0.0022487887, -0.0029364098, -0.0037452902, -0.004146092, -0.0048496067, -0.005338082, -0.005575038, -0.005608196, -0.005551666, -0.0054096295, -0.00533283, -0.005193466, -0.005054757, -0.0049639805, -0.004675744, -0.0041761394, -0.003439904, -0.0029980235, -0.0020360933, -0.0010888684, -0.0006636607, 2.993192e-05, 0.00049706816, 0.0007940743, 0.00091228005, 0.0011504785, 0.0014201836, 0.0015570713, 0.0017767268, 0.001844513, 0.0018046845, 0.0015874418, 0.0012632406, 0.0009537054, 0.00083381886, 0.0006703841, 0.0005203549, 0.00037429924, -0.00029331294, -0.0016590898, -0.002194282, 0, 0, 0, 0, 0, 0, 0, 0, 0, 0, 0, 0, 0, 0, 0, 0, 0, 0, 0, 0, 0, 0, 0, 0, 0, 0, 0, 0, 0, 0, 0, 0, 0, 0, 0, 0, 0, 0, 0, 0, 0, 0, 0, 0, 0, 0, 0, 0, 0, 0, 0, 0, 0, 0, 0, 0, 0, 0, 0, 0, 0, 0, 0, 0, 0, 0, 0, 0, 0, 0, 0, 0, 0, 0, 0, 0, 0, 0, 0, 0, 0, 0, 0, 0, 0, 0, 0, 0, 0, 0, 0, 0, 0, 0, 0, 0, 0, 0
-0.0036998545, -0.003582341, -0.0035982793, -0.003773007, -0.003819619, -0.003733348, -0.0033930303, -0.0031487646, -0.002592728, -0.0020849202, -0.0017875952, -0.0017582002, -0.0019730742, -0.0025230905, -0.0028906707, -0.0037085994, -0.0044938726, -0.005108706, -0.0053260457, -0.0055715474, -0.005601408, -0.005560596, -0.0054234113, -0.0052618864, -0.005174182, -0.0049522975, -0.0045911674, -0.0040138382, -0.0036341622, -0.002717452, -0.0016783889, -0.0011563924, -0.00020064418, 0.00055043865, 0.0010721588, 0.0012653805, 0.0015817975, 0.0018791923, 0.0020308897, 0.0023185895, 0.0025203463, 0.0025668794, 0.0025366857, 0.0023732595, 0.0021739134, 0.0020938572, 0.0019702306, 0.0018363281, 0.0016637831, 0.001096496, 0, 0, 0, 0, 0, 0, 0, 0, 0, 0, 0, 0, 0, 0, 0, 0, 0, 0, 0, 0, 0, 0, 0, 0, 0, 0, 0, 0, 0, 0, 0, 0, 0, 0, 0, 0, 0, 0, 0, 0, 0, 0, 0, 0, 0, 0, 0, 0, 0, 0, 0, 0, 0, 0, 0, 0, 0, 0, 0, 0, 0, 0, 0, 0, 0, 0, 0, 0, 0, 0, 0, 0, 0, 0, 0, 0, 0, 0, 0, 0, 0, 0, 0, 0, 0, 0, 0, 0, 0, 0, 0, 0, 0, 0, 0, 0, 0, 0, 0, 0
-0.005289779, -0.0051489305, -0.0052624005, -0.0056343856, -0.005777157, -0.0058281566, -0.0055172495, -0.0052354676, -0.00448058, -0.0035914897, -0.002745639, -0.0023984055, -0.0019576692, -0.0019370648, -0.0020883244, -0.0026604435, -0.0034614713, -0.004308744, -0.004695507, -0.005317671, -0.0056849825, -0.005773121, -0.0057988446, -0.0056977025, -0.0056228973, -0.005439052, -0.005175856, -0.004760121, -0.0044723013, -0.0037160257, -0.0027448826, -0.002206852, -0.0011118904, -0.000118536205, 0.00066958193, 0.0009795983, 0.0014706235, 0.0018659094, 0.002051193, 0.0024124777, 0.0027433082, 0.0028863547, 0.0031187828, 0.0032684854, 0.0033555701, 0.0034233786, 0.0034763124, 0.0034877497, 0.0035849595, 0, 0, 0, 0, 0, 0, 0, 0, 0, 0, 0, 0, 0, 0, 0, 0, 0, 0, 0, 0, 0, 0, 0, 0, 0, 0, 0, 0, 0, 0, 0, 0, 0, 0, 0, 0, 0, 0, 0, 0, 0, 0, 0, 0, 0, 0, 0, 0, 0, 0, 0, 0, 0, 0, 0, 0, 0, 0, 0, 0, 0, 0, 0, 0, 0, 0, 0, 0, 0, 0, 0, 0, 0, 0, 0, 0, 0, 0, 0, 0, 0, 0, 0, 0, 0, 0, 0, 0, 0, 0, 0, 0, 0, 0, 0, 0, 0, 0, 0, 0, 0
-0.0069619897, -0.006802971, -0.0070325653, -0.0076206527, -0.007866891, -0.00808036, -0.007859781, -0.007592933, -0.0067917663, -0.005720511, -0.004516556, -0.0039187497, -0.0028592816, -0.0021402817, -0.0019533338, -0.0019540405, -0.002406069, -0.0031731736, -0.0036169586, -0.0045021675, -0.0052455547, -0.0055271243, -0.0058891308, -0.006016039, -0.006014952, -0.0059293755, -0.005757832, -0.0054781996, -0.0052806954, -0.0047289054, -0.0039419252, -0.003464631, -0.0023978183, -0.0012991517, -0.00031300148, 0.00010851708, 0.0008040715, 0.001359254, 0.0016096164, 0.002096141, 0.002597891, 0.002865926, 0.003463672, 0.004183964, 0.004651215, 0.0049065, 0.0056837625, 0, 0, 0, 0, 0, 0, 0, 0, 0, 0, 0, 0, 0, 0, 0, 0, 0, 0, 0, 0, 0, 0, 0, 0, 0, 0, 0, 0, 0, 0, 0, 0, 0, 0, 0, 0, 0, 0, 0, 0, 0, 0, 0, 0, 0, 0, 0, 0, 0, 0, 0, 0, 0, 0, 0, 0, 0, 0, 0, 0, 0, 0, 0, 0, 0, 0, 0, 0, 0, 0, 0, 0, 0, 0, 0, 0, 0, 0, 0, 0, 0, 0, 0, 0, 0, 0, 0, 0, 0, 0, 0, 0, 0, 0, 0, 0, 0, 0, 0, 0, 0, 0, 0
-0.008370841, -0.008224536, -0.008650126, -0.009524301, -0.009901067, -0.010312592, -0.010199789, -0.009956997, -0.009154546, -0.008007765, -0.0066118366, -0.0058564036, -0.004337136, -0.002979203, -0.002428986, -0.0016927805, -0.0015078101, -0.0018531535, -0.0021895156, -0.0030764542, -0.004068968, -0.0045382488, -0.0053251283, -0.005848738, -0.0060111764, -0.00617129, -0.0061627384, -0.006021682, -0.0059019844, -0.005540193, -0.004975875, -0.004606827, -0.003709138, -0.0026780125, -0.0016528972, -0.0011828754, -0.0003616848, 0.00034746854, 0.00068955764, 0.0013978396, 0.0022021374, 0.0026972878, 0.0037189613, 0.0054466827, 0.0065001124, 0, 0, 0, 0, 0, 0, 0, 0, 0, 0, 0, 0, 0, 0, 0, 0, 0, 0, 0, 0, 0, 0, 0, 0, 0, 0, 0, 0, 0, 0, 0, 0, 0, 0, 0, 0, 0, 0, 0, 0, 0, 0, 0, 0, 0, 0, 0, 0, 0, 0, 0, 0, 0, 0, 0, 0, 0, 0, 0, 0, 0, 0, 0, 0, 0, 0, 0, 0, 0, 0, 0, 0, 0, 0, 0, 0, 0, 0, 0, 0, 0, 0, 0, 0, 0, 0, 0, 0, 0, 0, 0, 0, 0, 0, 0, 0, 0, 0, 0, 0, 0, 0, 0, 0, 0
-0.0088363, -0.008761577, -0.009523652, -0.01084976, -0.011451071, -0.012243322, -0.012374414, -0.012200328, -0.011446101, -0.010260987, -0.008748752, -0.007895924, -0.006064895, -0.0042098076, -0.0033422364, -0.0018769022, -0.0009318797, -0.0006131145, -0.0006896488, -0.0012563915, -0.002224689, -0.0027877756, -0.0039208108, -0.004904545, -0.005300493, -0.0058739684, -0.0061733997, -0.006246365, -0.0062138815, -0.006028548, -0.005680116, -0.0054355823, -0.0047935825, -0.003987242, -0.0031181946, -0.0026984273, -0.001944313, -0.0012195321, -0.00079060113, 0.00029102765, 0.0015376596, 0.002594483, 0.0038998015, 0, 0, 0, 0, 0, 0, 0, 0, 0, 0, 0, 0, 0, 0, 0, 0, 0, 0, 0, 0, 0, 0, 0, 0, 0, 0, 0, 0, 0, 0, 0, 0, 0, 0, 0, 0, 0, 0, 0, 0, 0, 0, 0, 0, 0, 0, 0, 0, 0, 0, 0, 0, 0, 0, 0, 0, 0, 0, 0, 0, 0, 0, 0, 0, 0, 0, 0, 0, 0, 0, 0, 0, 0, 0, 0, 0, 0, 0, 0, 0, 0, 0, 0, 0, 0, 0, 0, 0, 0, 0, 0, 0, 0, 0, 0, 0, 0, 0, 0, 0, 0, 0, 0, 0, 0, 0, 0
-0.0075625717, -0.007618684, -0.008811895, -0.010733494, -0.01167422, -0.013152195, -0.013868157, -0.013917665, -0.013454761, -0.012377755, -0.01084104, -0.009934528, -0.007902751, -0.005689944, -0.004576636, -0.0024968027, -0.00082258496, 0.00025082825, 0.0005292025, 0.0005622893, -3.4092056e-05, -0.00051892793, -0.0017208805, -0.0030292694, -0.0036510765, -0.004720996, -0.005480583, -0.0059164115, -0.006026262, -0.006077577, -0.005976456, -0.0058822404, -0.0055841436, -0.0051543214, -0.004654579, -0.004371797, -0.0038643384, -0.0034845625, -0.0030650124, -0.0011491129, -0.000103458835, 0, 0, 0, 0, 0, 0, 0, 0, 0, 0, 0, 0, 0, 0, 0, 0, 0, 0, 0, 0, 0, 0, 0, 0, 0, 0, 0, 0, 0, 0, 0, 0, 0, 0, 0, 0, 0, 0, 0, 0, 0, 0, 0, 0, 0, 0, 0, 0, 0, 0, 0, 0, 0, 0, 0, 0, 0, 0, 0, 0, 0, 0, 0, 0, 0, 0, 0, 0, 0, 0, 0, 0, 0, 0, 0, 0, 0, 0, 0, 0, 0, 0, 0, 0, 0, 0, 0, 0, 0, 0, 0, 0, 0, 0, 0, 0, 0, 0, 0, 0, 0, 0, 0, 0, 0, 0, 0, 0, 0
-0.0043170312, -0.00452696, -0.0060646585, -0.008484273, -0.009770707, -0.012103256, -0.01375691, -0.014248722, -0.014525527, -0.013944437, -0.012670459, -0.011821505, -0.009776296, -0.0073751505, -0.0060999864, -0.0035651727, -0.0012893904, 0.0004904483, 0.0011458723, 0.001937978, 0.002027095, 0.0018206312, 0.00097227964, -0.00030562666, -0.0010323192, -0.0024907135, -0.0037656443, -0.004724272, -0.005074788, -0.0055396263, -0.0058305115, -0.005984075, -0.0062599243, -0.006396587, -0.0066400426, -0.0065933866, -0.005830178, -0.006379211, -0.006511775, 0, 0, 0, 0, 0, 0, 0, 0, 0, 0, 0, 0, 0, 0, 0, 0, 0, 0, 0, 0, 0, 0, 0, 0, 0, 0, 0, 0, 0, 0, 0, 0, 0, 0, 0, 0, 0, 0, 0, 0, 0, 0, 0, 0, 0, 0, 0, 0, 0, 0, 0, 0, 0, 0, 0, 0, 0, 0, 0, 0, 0, 0, 0, 0, 0, 0, 0, 0, 0, 0, 0, 0, 0, 0, 0, 0, 0, 0, 0, 0, 0, 0, 0, 0, 0, 0, 0, 0, 0, 0, 0, 0, 0, 0, 0, 0, 0, 0, 0, 0, 0, 0, 0, 0, 0, 0, 0, 0, 0, 0, 0
9.17863e-05, -0.00024094425, -0.0018433722, -0.0043650456, -0.0058255303, -0.008811326, -0.011448052, -0.012498648, -0.013893488, -0.014288496, -0.01375288, -0.013176351, -0.011483828, -0.009180952, -0.007862368, -0.0050755907, -0.0023673563, -1.2617997e-05, 0.0009784583, 0.0025338738, 0.0034749385, 0.0036990563, 0.0036269017, 0.002867618, 0.002262606, 0.00074945955, -0.00090981764, -0.0024767686, -0.0031919035, -0.0043833884, -0.0053053154, -0.0058827964, -0.0073422487, -0.008150035, -0.009567922, -0.010438085, 0, 0, 0, 0, 0, 0, 0, 0, 0, 0, 0, 0, 0, 0, 0, 0, 0, 0, 0, 0, 0, 0, 0, 0, 0, 0, 0, 0, 0, 0, 0, 0, 0, 0, 0, 0, 0, 0, 0, 0, 0, 0, 0, 0, 0, 0, 0, 0, 0, 0, 0, 0, 0, 0, 0, 0, 0, 0, 0, 0, 0, 0, 0, 0, 0, 0, 0, 0, 0, 0, 0, 0, 0, 0, 0, 0, 0, 0, 0, 0, 0, 0, 0, 0, 0, 0, 0, 0, 0, 0, 0, 0, 0, 0, 0, 0, 0, 0, 0, 0, 0, 0, 0, 0, 0, 0, 0, 0, 0, 0, 0, 0, 0, 0
0.004238316, 0.0038592033, 0.0025380377, 0.00038742082, -0.000998839, -0.004193636, -0.0075197215, -0.009060824, -0.011615431, -0.013239338, -0.0138315, -0.013744297, -0.012829741, -0.010989272, -0.009776043, -0.006965852, -0.0039865607, -0.0011906843, 7.322653e-05, 0.0022897327, 0.004064166, 0.004766355, 0.005714139, 0.005910114, 0.0056893304, 0.0046376702, 0.0029481447, 0.0008304258, -0.0003979882, -0.002901269, -0.004680976, -0.0056947796, -0.009429049, -0.011753609, 0, 0, 0, 0, 0, 0, 0, 0, 0, 0, 0, 0, 0, 0, 0, 0, 0, 0, 0, 0, 0, 0, 0, 0, 0, 0, 0, 0, 0, 0, 0, 0, 0, 0, 0, 0, 0, 0, 0, 0, 0, 0, 0, 0, 0, 0, 0, 0, 0, 0, 0, 0, 0, 0, 0, 0, 0, 0, 0, 0, 0, 0, 0, 0, 0, 0, 0, 0, 0, 0, 0, 0, 0, 0, 0, 0, 0, 0, 0, 0, 0, 0, 0, 0, 0, 0, 0, 0, 0, 0, 0, 0, 0, 0, 0, 0, 0, 0, 0, 0, 0, 0, 0, 0, 0, 0, 0, 0, 0, 0, 0, 0, 0, 0, 0, 0
0.0070508686, 0.0067569814, 0.0059905862, 0.0044538304, 0.003270512, 0.00015413231, -0.00356647, -0.0054657757, -0.008984548, -0.011767107, -0.013552044, -0.014026738, -0.01408418, -0.01291273, -0.011893168, -0.009185523, -0.0059951385, -0.0027883085, -0.0012711321, 0.00153418, 0.004042191, 0.005179974, 0.0071368157, 0.008458148, 0.0087956805, 0.0087247845, 0.007624663, 0.0053646048, 0.0035044989, -0.0017529185, -0.004498138, -0.0051214485, 0, 0, 0, 0, 0, 0, 0, 0, 0, 0, 0, 0, 0, 0, 0, 0, 0, 0, 0, 0, 0, 0, 0, 0, 0, 0, 0, 0, 0, 0, 0, 0, 0, 0, 0, 0, 0, 0, 0, 0, 0, 0, 0, 0, 0, 0, 0, 0, 0, 0, 0, 0, 0, 0, 0, 0, 0, 0, 0, 0, 0, 0, 0, 0, 0, 0, 0, 0, 0, 0, 0, 0, 0, 0, 0, 0, 0, 0, 0, 0, 0, 0, 0, 0, 0, 0, 0, 0, 0, 0, 0, 0, 0, 0, 0, 0, 0, 0, 0, 0, 0, 0, 0, 0, 0, 0, 0, 0, 0, 0, 0, 0, 0, 0, 0, 0, 0, 0

