0.0052642343, 0.006268189, 0.01184445, 0.020164385, 0.024419375, 0.03206339, 0.03826169, 0.040787823, 0.044232123, 0.0443734, 0.040200226, 0.036625706, 0.027768383, 0.018594267, 0.014304262, 0.006097169, -0.0023010755, -0.010422427, -0.013689359, -0.016984913, -0.014977643, -0.012200399, -0.0044921557, 0.0042793634, 0.008722786, 0.017891094, 0.027650472, 0.036425643, 0.039292336, 0, 0, 0, 0, 0, 0, 0, 0, 0, 0, 0, 0, 0, 0, 0, 0, 0, 0, 0, 0, 0, 0, 0, 0, 0, 0, 0, 0, 0, 0, 0, 0, 0, 0, 0, 0, 0, 0, 0, 0, 0, 0, 0, 0, 0, 0, 0, 0, 0, 0, 0, 0, 0, 0, 0, 0, 0, 0, 0, 0, 0, 0, 0, 0, 0, 0, 0, 0, 0, 0, 0, 0, 0, 0, 0, 0, 0, 0, 0, 0, 0, 0, 0, 0, 0, 0, 0, 0, 0, 0, 0, 0, 0, 0, 0, 0, 0, 0, 0, 0, 0, 0, 0, 0, 0, 0, 0, 0, 0, 0, 0, 0, 0, 0, 0, 0, 0, 0, 0, 0, 0
0.009047982, 0.009542818, 0.013751906, 0.020407572, 0.023823958, 0.029974347, 0.034917668, 0.036845136, 0.039063904, 0.038056735, 0.033159345, 0.02947908, 0.020937942, 0.012579895, 0.008810108, 0.0018822445, -0.0047231703, -0.010507699, -0.012545462, -0.013773572, -0.010795507, -0.0080265, -0.0011510365, 0.0060615237, 0.00951096, 0.016022848, 0.021630852, 0.024753692, 0.024914563, 0.023203893, 0.02689371, 0.0280231, 0, 0, 0, 0, 0, 0, 0, 0, 0, 0, 0, 0, 0, 0, 0, 0, 0, 0, 0, 0, 0, 0, 0, 0, 0, 0, 0, 0, 0, 0, 0, 0, 0, 0, 0, 0, 0, 0, 0, 0, 0, 0, 0, 0, 0, 0, 0, 0, 0, 0, 0, 0, 0, 0, 0, 0, 0, 0, 0, 0, 0, 0, 0, 0, 0, 0, 0, 0, 0, 0, 0, 0, 0, 0, 0, 0, 0, 0, 0, 0, 0, 0, 0, 0, 0, 0, 0, 0, 0, 0, 0, 0, 0, 0, 0, 0, 0, 0, 0, 0, 0, 0, 0, 0, 0, 0, 0, 0, 0, 0, 0, 0, 0, 0, 0, 0, 0, 0
0.015750045, 0.015711643, 0.018362746, 0.023120005, 0.025578769, 0.029952403, 0.03321526, 0.03425569, 0.034551937, 0.031657975, 0.025414813, 0.021390708, 0.01283565, 0.005151981, 0.0019155822, -0.0034928953, -0.007798016, -0.010614632, -0.011127023, -0.00983045, -0.005628177, -0.0028002306, 0.0032933273, 0.008898039, 0.011294884, 0.015111479, 0.017342465, 0.017702686, 0.017395074, 0.017013608, 0.01773123, 0.018005528, 0.020799471, 0.024128105, 0, 0, 0, 0, 0, 0, 0, 0, 0, 0, 0, 0, 0, 0, 0, 0, 0, 0, 0, 0, 0, 0, 0, 0, 0, 0, 0, 0, 0, 0, 0, 0, 0, 0, 0, 0, 0, 0, 0, 0, 0, 0, 0, 0, 0, 0, 0, 0, 0, 0, 0, 0, 0, 0, 0, 0, 0, 0, 0, 0, 0, 0, 0, 0, 0, 0, 0, 0, 0, 0, 0, 0, 0, 0, 0, 0, 0, 0, 0, 0, 0, 0, 0, 0, 0, 0, 0, 0, 0, 0, 0, 0, 0, 0, 0, 0, 0, 0, 0, 0, 0, 0, 0, 0, 0, 0, 0, 0, 0, 0, 0, 0, 0, 0, 0, 0
0.022235585, 0.021695483, 0.022727175, 0.025438787, 0.026838128, 0.02913458, 0.0303103, 0.03027016, 0.028406562, 0.02370253, 0.016478416, 0.012353739, 0.0043098177, -0.0021505933, -0.004567065, -0.007898165, -0.009523082, -0.009375883, -0.0085221045, -0.005216855, -0.0003403539, 0.0023275719, 0.00736395, 0.01131584, 0.012760512, 0.014540531, 0.014909036, 0.014225333, 0.013743267, 0.013049436, 0.012984494, 0.013240376, 0.014438738, 0.014893752, 0.016016182, 0.017332325, 0, 0, 0, 0, 0, 0, 0, 0, 0, 0, 0, 0, 0, 0, 0, 0, 0, 0, 0, 0, 0, 0, 0, 0, 0, 0, 0, 0, 0, 0, 0, 0, 0, 0, 0, 0, 0, 0, 0, 0, 0, 0, 0, 0, 0, 0, 0, 0, 0, 0, 0, 0, 0, 0, 0, 0, 0, 0, 0, 0, 0, 0, 0, 0, 0, 0, 0, 0, 0, 0, 0, 0, 0, 0, 0, 0, 0, 0, 0, 0, 0, 0, 0, 0, 0, 0, 0, 0, 0, 0, 0, 0, 0, 0, 0, 0, 0, 0, 0, 0, 0, 0, 0, 0, 0, 0, 0, 0, 0, 0, 0, 0, 0, 0
0.025364647, 0.024455318, 0.024009112, 0.024686553, 0.024997871, 0.025118276, 0.024189, 0.023162482, 0.019639218, 0.014015865, 0.0068941857, 0.003208382, -0.0033542654, -0.0078091784, -0.009100732, -0.01000095, -0.009075573, -0.006607713, -0.004842857, -0.0004971318, 0.0042724917, 0.006519727, 0.0102548925, 0.012678074, 0.01338115, 0.01387699, 0.01340454, 0.01239828, 0.011865532, 0.011011152, 0.010580184, 0.0105237495, 0.010554792, 0.010539627, 0.010876038, 0.010959054, 0.010355479, 0.011940636, 0.012362676, 0, 0, 0, 0, 0, 0, 0, 0, 0, 0, 0, 0, 0, 0, 0, 0, 0, 0, 0, 0, 0, 0, 0, 0, 0, 0, 0, 0, 0, 0, 0, 0, 0, 0, 0, 0, 0, 0, 0, 0, 0, 0, 0, 0, 0, 0, 0, 0, 0, 0, 0, 0, 0, 0, 0, 0, 0, 0, 0, 0, 0, 0, 0, 0, 0, 0, 0, 0, 0, 0, 0, 0, 0, 0, 0, 0, 0, 0, 0, 0, 0, 0, 0, 0, 0, 0, 0, 0, 0, 0, 0, 0, 0, 0, 0, 0, 0, 0, 0, 0, 0, 0, 0, 0, 0, 0, 0, 0, 0, 0, 0
0.023565345, 0.022489497, 0.020932356, 0.01990469, 0.019302243, 0.017668227, 0.015258956, 0.013668902, 0.009542247, 0.004203611, -0.0016867135, -0.0044574784, -0.008816598, -0.010887505, -0.011009984, -0.009723817, -0.006933677, -0.003133435, -0.0009799921, 0.003494797, 0.007594088, 0.009292465, 0.011758089, 0.012981531, 0.013191285, 0.012982914, 0.0121868905, 0.011127881, 0.010603028, 0.009706834, 0.009055493, 0.008791914, 0.008283951, 0.007787969, 0.007391883, 0.007208075, 0.006951427, 0.0067322594, 0.0061542606, 0.0031805064, 0.0017694638, 0, 0, 0, 0, 0, 0, 0, 0, 0, 0, 0, 0, 0, 0, 0, 0, 0, 0, 0, 0, 0, 0, 0, 0, 0, 0, 0, 0, 0, 0, 0, 0, 0, 0, 0, 0, 0, 0, 0, 0, 0, 0, 0, 0, 0, 0, 0, 0, 0, 0, 0, 0, 0, 0, 0, 0, 0, 0, 0, 0, 0, 0, 0, 0, 0, 0, 0, 0, 0, 0, 0, 0, 0, 0, 0, 0, 0, 0, 0, 0, 0, 0, 0, 0, 0, 0, 0, 0, 0, 0, 0, 0, 0, 0, 0, 0, 0, 0, 0, 0, 0, 0, 0, 0, 0, 0, 0, 0, 0
0.017494492, 0.016454786, 0.014286167, 0.012167128, 0.01101249, 0.008453904, 0.005524304, 0.0038816207, 0.00016615735, -0.0039999755, -0.008020634, -0.009673052, -0.011668798, -0.0115316715, -0.010699996, -0.00789072, -0.0041229944, 7.743462e-05, 0.0022028112, 0.0061815577, 0.00934226, 0.010494185, 0.011906892, 0.012317233, 0.012243676, 0.011704719, 0.010816122, 0.009778541, 0.0092676375, 0.008346464, 0.007556618, 0.0071798936, 0.0063973214, 0.0055810153, 0.0047842143, 0.004395188, 0.0036018523, 0.0026111915, 0.0019577907, 0.00034066627, -0.0013852683, -0.0029019353, -0.004606032, 0, 0, 0, 0, 0, 0, 0, 0, 0, 0, 0, 0, 0, 0, 0, 0, 0, 0, 0, 0, 0, 0, 0, 0, 0, 0, 0, 0, 0, 0, 0, 0, 0, 0, 0, 0, 0, 0, 0, 0, 0, 0, 0, 0, 0, 0, 0, 0, 0, 0, 0, 0, 0, 0, 0, 0, 0, 0, 0, 0, 0, 0, 0, 0, 0, 0, 0, 0, 0, 0, 0, 0, 0, 0, 0, 0, 0, 0, 0, 0, 0, 0, 0, 0, 0, 0, 0, 0, 0, 0, 0, 0, 0, 0, 0, 0, 0, 0, 0, 0, 0, 0, 0, 0, 0, 0, 0
0.009460921, 0.008602977, 0.006306034, 0.0037593984, 0.0024301077, -0.00026513037, -0.0029619373, -0.0043224473, -0.0070852274, -0.009746019, -0.011795621, -0.01236956, -0.012264891, -0.010419379, -0.0089586675, -0.00537276, -0.001405971, 0.0025027571, 0.004320108, 0.007431872, 0.009571599, 0.010237284, 0.010857785, 0.010787632, 0.010582478, 0.009935382, 0.009050591, 0.008043831, 0.0075388313, 0.0065897647, 0.005708484, 0.005266971, 0.0043384433, 0.003360134, 0.0023587525, 0.0018449588, 0.0007689228, -0.00035951415, -0.00091554853, -0.0019399982, -0.0029197664, -0.003524066, -0.0048543983, -0.00735557, -0.008755456, 0, 0, 0, 0, 0, 0, 0, 0, 0, 0, 0, 0, 0, 0, 0, 0, 0, 0, 0, 0, 0, 0, 0, 0, 0, 0, 0, 0, 0, 0, 0, 0, 0, 0, 0, 0, 0, 0, 0, 0, 0, 0, 0, 0, 0, 0, 0, 0, 0, 0, 0, 0, 0, 0, 0, 0, 0, 0, 0, 0, 0, 0, 0, 0, 0, 0, 0, 0, 0, 0, 0, 0, 0, 0, 0, 0, 0, 0, 0, 0, 0, 0, 0, 0, 0, 0, 0, 0, 0, 0, 0, 0, 0, 0, 0, 0, 0, 0, 0, 0, 0, 0, 0, 0, 0
0.0020121667, 0.0013966488, -0.0006954855, -0.0031962781, -0.0044567143, -0.006845585, -0.008979868, -0.009944103, -0.011630795, -0.012805365, -0.013064536, -0.012718977, -0.010974815, -0.0080375, -0.006287144, -0.0025964216, 0.0009720886, 0.0041179582, 0.005454532, 0.007513425, 0.008673821, 0.008945328, 0.009035526, 0.008740969, 0.008500114, 0.007852172, 0.0069915396, 0.0059970394, 0.005491736, 0.004518655, 0.0035884962, 0.0031201034, 0.0021539142, 0.0011612878, 0.00014997373, -0.00037005587, -0.0014256753, -0.0023986872, -0.0028000541, -0.0033764248, -0.0037490688, -0.0039369124, -0.0044656335, -0.005208628, -0.0052328524, -0.004854846, -0.0049626925, 0, 0, 0, 0, 0, 0, 0, 0, 0, 0, 0, 0, 0, 0, 0, 0, 0, 0, 0, 0, 0, 0, 0, 0, 0, 0, 0, 0, 0, 0, 0, 0, 0, 0, 0, 0, 0, 0, 0, 0, 0, 0, 0, 0, 0, 0, 0, 0, 0, 0, 0, 0, 0, 0, 0, 0, 0, 0, 0, 0, 0, 0, 0, 0, 0, 0, 0, 0, 0, 0, 0, 0, 0, 0, 0, 0, 0, 0, 0, 0, 0, 0, 0, 0, 0, 0, 0, 0, 0, 0, 0, 0, 0, 0, 0, 0, 0, 0, 0, 0, 0, 0, 0
-0.003220837, -0.003607573, -0.0053403, -0.0075502307, -0.008631579, -0.010553129, -0.012037754, -0.012586492, -0.013211469, -0.013020505, -0.011781529, -0.010741718, -0.007949076, -0.0046031973, -0.0028944816, 0.000318266, 0.00304762, 0.005146445, 0.0059284214, 0.006938909, 0.00730607, 0.0073166224, 0.0071379063, 0.0067919446, 0.0065542175, 0.0059050643, 0.005019899, 0.004002937, 0.003491976, 0.0025204462, 0.0016045065, 0.0011545625, 0.00026225002, -0.00060971576, -0.0014800228, -0.0019238943, -0.002788141, -0.0034756528, -0.0036962752, -0.003860594, -0.00376163, -0.0036767612, -0.0035282194, -0.0033596952, -0.002981871, -0.0027147194, -0.0019358277, -0.0005069228, -0.00021290829, 0, 0, 0, 0, 0, 0, 0, 0, 0, 0, 0, 0, 0, 0, 0, 0, 0, 0, 0, 0, 0, 0, 0, 0, 0, 0, 0, 0, 0, 0, 0, 0, 0, 0, 0, 0, 0, 0, 0, 0, 0, 0, 0, 0, 0, 0, 0, 0, 0, 0, 0, 0, 0, 0, 0, 0, 0, 0, 0, 0, 0, 0, 0, 0, 0, 0, 0, 0, 0, 0, 0, 0, 0, 0, 0, 0, 0, 0, 0, 0, 0, 0, 0, 0, 0, 0, 0, 0, 0, 0, 0, 0, 0, 0, 0, 0, 0, 0, 0, 0, 0
-0.005755654, -0.0059628016, -0.007276586, -0.009043266, -0.0098757455, -0.011217881, -0.01197476, -0.012087015, -0.011681867, -0.010333851, -0.008054659, -0.0066379528, -0.0035320786, -0.0004892782, 0.00087828276, 0.0031685776, 0.004813977, 0.0058162715, 0.0060925027, 0.0062864805, 0.006184497, 0.0060870233, 0.005855215, 0.00551174, 0.005253911, 0.004512311, 0.0035233488, 0.0024621957, 0.0019579874, 0.0010423762, 0.00022677451, -0.00015578643, -0.0008712339, -0.0015350708, -0.0021940502, -0.0025279126, -0.003138245, -0.003501982, -0.0035410046, -0.0033364024, -0.0028821297, -0.0026187424, -0.002089092, -0.0015584126, -0.0010038172, -0.0007152563, -3.3287626e-05, 0.0009582451, 0.0016615922, 0.0036171975, 0, 0, 0, 0, 0, 0, 0, 0, 0, 0, 0, 0, 0, 0, 0, 0, 0, 0, 0, 0, 0, 0, 0, 0, 0, 0, 0, 0, 0, 0, 0, 0, 0, 0, 0, 0, 0, 0, 0, 0, 0, 0, 0, 0, 0, 0, 0, 0, 0, 0, 0, 0, 0, 0, 0, 0, 0, 0, 0, 0, 0, 0, 0, 0, 0, 0, 0, 0, 0, 0, 0, 0, 0, 0, 0, 0, 0, 0, 0, 0, 0, 0, 0, 0, 0, 0, 0, 0, 0, 0, 0, 0, 0, 0, 0, 0, 0, 0, 0, 0
-0.0058918614, -0.005967178, -0.0068038995, -0.007956353, -0.008450124, -0.009055703, -0.008997548, -0.008677205, -0.0074087493, -0.0053434623, -0.0027186077, -0.0013258235, 0.0013230519, 0.0034837055, 0.004322564, 0.0055144387, 0.0061287587, 0.006280252, 0.0062325145, 0.006020889, 0.005805254, 0.005716284, 0.005508609, 0.0050877407, 0.0047463076, 0.0038071217, 0.0026847676, 0.0016209363, 0.0011587116, 0.00038124702, -0.00024998697, -0.0005253516, -0.0010079314, -0.0014390422, -0.001883353, -0.002107067, -0.0024598874, -0.0025174334, -0.0024007112, -0.0019217769, -0.0012691873, -0.00093215314, -0.00028770478, 0.00030835712, 0.0008611754, 0.0011259629, 0.0016894183, 0.0024769467, 0.0030892682, 0.005271307, 0.009573119, 0.011629829, 0, 0, 0, 0, 0, 0, 0, 0, 0, 0, 0, 0, 0, 0, 0, 0, 0, 0, 0, 0, 0, 0, 0, 0, 0, 0, 0, 0, 0, 0, 0, 0, 0, 0, 0, 0, 0, 0, 0, 0, 0, 0, 0, 0, 0, 0, 0, 0, 0, 0, 0, 0, 0, 0, 0, 0, 0, 0, 0, 0, 0, 0, 0, 0, 0, 0, 0, 0, 0, 0, 0, 0, 0, 0, 0, 0, 0, 0, 0, 0, 0, 0, 0, 0, 0, 0, 0, 0, 0, 0, 0, 0, 0, 0, 0, 0, 0, 0
-0.004329452, -0.004305102, -0.0046089455, -0.0049997605, -0.0050827013, -0.004867851, -0.0040550097, -0.0034137233, -0.0017010423, 0.00042313038, 0.002633071, 0.0036494334, 0.005311893, 0.0063734427, 0.006688312, 0.0069732564, 0.006927506, 0.0067034652, 0.006574114, 0.006364074, 0.00624095, 0.0061762263, 0.0058964677, 0.005253353, 0.004780702, 0.003638936, 0.0024781749, 0.001534041, 0.0011670125, 0.00060636265, 0.00020251682, 4.270871e-05, -0.00021670514, -0.0004548439, -0.0007206865, -0.0008439971, -0.00095476175, -0.0007488725, -0.0005201937, 9.959838e-05, 0.00077441335, 0.001090118, 0.0016601383, 0.0021685027, 0.002634368, 0.002856307, 0.0033193934, 0.003925257, 0.004348735, 0.0055805147, 0.0069887703, 0.007116478, 0.0066965017, 0, 0, 0, 0, 0, 0, 0, 0, 0, 0, 0, 0, 0, 0, 0, 0, 0, 0, 0, 0, 0, 0, 0, 0, 0, 0, 0, 0, 0, 0, 0, 0, 0, 0, 0, 0, 0, 0, 0, 0, 0, 0, 0, 0, 0, 0, 0, 0, 0, 0, 0, 0, 0, 0, 0, 0, 0, 0, 0, 0, 0, 0, 0, 0, 0, 0, 0, 0, 0, 0, 0, 0, 0, 0, 0, 0, 0, 0, 0, 0, 0, 0, 0, 0, 0, 0, 0, 0, 0, 0, 0, 0, 0, 0, 0, 0, 0
-0.0019482564, -0.0018563838, -0.0016571786, -0.0013050052, -0.0010088377, -0.00012331412, 0.0011361168, 0.0018785548, 0.0034921542, 0.0050942074, 0.0064391056, 0.0069513866, 0.007605696, 0.007824336, 0.007817469, 0.0076790247, 0.007484464, 0.0073259315, 0.0072755213, 0.0072201565, 0.0071200207, 0.006991199, 0.0064577134, 0.005524731, 0.004951281, 0.0037700115, 0.0027780612, 0.002109733, 0.0018840696, 0.0015744428, 0.0013790454, 0.0013097666, 0.0012017929, 0.0010812486, 0.0009499207, 0.00091819395, 0.0010341129, 0.0014491515, 0.001742465, 0.0023764612, 0.0029342254, 0.0031666616, 0.003563377, 0.0039227214, 0.00426982, 0.004438183, 0.0047712596, 0.005116724, 0.0052881795, 0.0055441326, 0.0054325373, 0.0048861466, 0.004647182, 0.0046835607, 0, 0, 0, 0, 0, 0, 0, 0, 0, 0, 0, 0, 0, 0, 0, 0, 0, 0, 0, 0, 0, 0, 0, 0, 0, 0, 0, 0, 0, 0, 0, 0, 0, 0, 0, 0, 0, 0, 0, 0, 0, 0, 0, 0, 0, 0, 0, 0, 0, 0, 0, 0, 0, 0, 0, 0, 0, 0, 0, 0, 0, 0, 0, 0, 0, 0, 0, 0, 0, 0, 0, 0, 0, 0, 0, 0, 0, 0, 0, 0, 0, 0, 0, 0, 0, 0, 0, 0, 0, 0, 0, 0, 0, 0, 0, 0
0.00042092614, 0.000537159, 0.0010743145, 0.001924019, 0.0024462678, 0.0036362908, 0.0049223555, 0.005557962, 0.0067242314, 0.0076436223, 0.008228529, 0.00839028, 0.008497851, 0.00842763, 0.008371268, 0.008280058, 0.008250846, 0.008263012, 0.008262235, 0.008170711, 0.007835845, 0.0075382884, 0.0066740834, 0.005576014, 0.0050204215, 0.0040681795, 0.003453524, 0.0031519092, 0.003073532, 0.0029777917, 0.0029164334, 0.0028931932, 0.0028445958, 0.0027771846, 0.002759062, 0.0028158575, 0.0031366257, 0.0036935825, 0.004002856, 0.0045501743, 0.0049168337, 0.0050409506, 0.0052381414, 0.005432541, 0.0056327, 0.0057223053, 0.0058521926, 0.005861341, 0.0057859723, 0.005386993, 0.0046436535, 0.0038569514, 0.0036142564, 0.0036586993, 0.0044779754, 0.0049919654, 0, 0, 0, 0, 0, 0, 0, 0, 0, 0, 0, 0, 0, 0, 0, 0, 0, 0, 0, 0, 0, 0, 0, 0, 0, 0, 0, 0, 0, 0, 0, 0, 0, 0, 0, 0, 0, 0, 0, 0, 0, 0, 0, 0, 0, 0, 0, 0, 0, 0, 0, 0, 0, 0, 0, 0, 0, 0, 0, 0, 0, 0, 0, 0, 0, 0, 0, 0, 0, 0, 0, 0, 0, 0, 0, 0, 0, 0, 0, 0, 0, 0, 0, 0, 0, 0, 0, 0, 0, 0, 0, 0, 0, 0
0.0022783594, 0.002375206, 0.0030261208, 0.0040440615, 0.0046115695, 0.0057575586, 0.0068097883, 0.007269028, 0.008014625, 0.00851769, 0.008806003, 0.008889096, 0.008984998, 0.00905254, 0.009091393, 0.009179919, 0.009237415, 0.009175403, 0.009067777, 0.008646178, 0.007919283, 0.007454589, 0.0064204833, 0.0054447735, 0.0050529945, 0.004545947, 0.004378204, 0.0043911883, 0.004410473, 0.0044203447, 0.0043918495, 0.004369835, 0.0043175905, 0.0042879507, 0.0043933997, 0.004537714, 0.0050173406, 0.0056189327, 0.0058924737, 0.0062751416, 0.0064272312, 0.006448717, 0.006466295, 0.006502595, 0.0065324353, 0.0065216543, 0.0064049596, 0.006097309, 0.00584469, 0.005120695, 0.004224868, 0.0034930417, 0.003298631, 0.0033535645, 0.0040538874, 0.0047258944, 0.007127369, 0.00832456, 0, 0, 0, 0, 0, 0, 0, 0, 0, 0, 0, 0, 0, 0, 0, 0, 0, 0, 0, 0, 0, 0, 0, 0, 0, 0, 0, 0, 0, 0, 0, 0, 0, 0, 0, 0, 0, 0, 0, 0, 0, 0, 0, 0, 0, 0, 0, 0, 0, 0, 0, 0, 0, 0, 0, 0, 0, 0, 0, 0, 0, 0, 0, 0, 0, 0, 0, 0, 0, 0, 0, 0, 0, 0, 0, 0, 0, 0, 0, 0, 0, 0, 0, 0, 0, 0, 0, 0, 0, 0, 0, 0
0.0034855665, 0.003541675, 0.004153672, 0.0051234993, 0.005636881, 0.0066056326, 0.007424699, 0.0077672685, 0.008326452, 0.008753167, 0.009096247, 0.009248381, 0.009522874, 0.009748811, 0.009831758, 0.009897467, 0.009764195, 0.009366736, 0.00906134, 0.008259544, 0.007294241, 0.006802801, 0.005932668, 0.005363202, 0.0052209576, 0.005187392, 0.005342182, 0.005488136, 0.00552051, 0.0055017318, 0.005422652, 0.0053798417, 0.0053216503, 0.005367788, 0.005621203, 0.0058389492, 0.0063902545, 0.006914039, 0.0070996615, 0.0072668116, 0.007226013, 0.0071726087, 0.007072857, 0.006995052, 0.0068768277, 0.0067767273, 0.0064549223, 0.005937223, 0.005597909, 0.0047976063, 0.004004898, 0.0034953265, 0.0034020743, 0.003526735, 0.0039929766, 0.0043525766, 0.0051440066, 0.0053368853, 0.005245453, 0, 0, 0, 0, 0, 0, 0, 0, 0, 0, 0, 0, 0, 0, 0, 0, 0, 0, 0, 0, 0, 0, 0, 0, 0, 0, 0, 0, 0, 0, 0, 0, 0, 0, 0, 0, 0, 0, 0, 0, 0, 0, 0, 0, 0, 0, 0, 0, 0, 0, 0, 0, 0, 0, 0, 0, 0, 0, 0, 0, 0, 0, 0, 0, 0, 0, 0, 0, 0, 0, 0, 0, 0, 0, 0, 0, 0, 0, 0, 0, 0, 0, 0, 0, 0, 0, 0, 0, 0, 0, 0
0.004055661, 0.0040753023, 0.0045987098, 0.005455365, 0.0058993367, 0.00671764, 0.00740553, 0.0077024666, 0.008224337, 0.008680172, 0.009084152, 0.009262363, 0.009546561, 0.009688575, 0.009686854, 0.009502477, 0.009048525, 0.008340851, 0.007916729, 0.007015898, 0.0061914995, 0.0058627566, 0.0054509635, 0.0053897393, 0.005467109, 0.005725245, 0.005955534, 0.006032295, 0.0060098385, 0.0058928407, 0.005762791, 0.005720119, 0.0057279984, 0.0059205126, 0.006322363, 0.006576557, 0.007076158, 0.007401147, 0.007464147, 0.007414973, 0.007252489, 0.0071732127, 0.0070531555, 0.006945905, 0.006758219, 0.006609292, 0.0061796843, 0.005575896, 0.005222137, 0.0044916426, 0.003909689, 0.0036581545, 0.0036605052, 0.003810358, 0.0039730375, 0.004012352, 0.003934896, 0.0036951702, 0.003615435, 0.003675907, 0, 0, 0, 0, 0, 0, 0, 0, 0, 0, 0, 0, 0, 0, 0, 0, 0, 0, 0, 0, 0, 0, 0, 0, 0, 0, 0, 0, 0, 0, 0, 0, 0, 0, 0, 0, 0, 0, 0, 0, 0, 0, 0, 0, 0, 0, 0, 0, 0, 0, 0, 0, 0, 0, 0, 0, 0, 0, 0, 0, 0, 0, 0, 0, 0, 0, 0, 0, 0, 0, 0, 0, 0, 0, 0, 0, 0, 0, 0, 0, 0, 0, 0, 0, 0, 0, 0, 0, 0, 0
0.004010313, 0.0040062326, 0.004429446, 0.005150049, 0.005523081, 0.0062082023, 0.0067894664, 0.0070446213, 0.0074965428, 0.0078740455, 0.008157818, 0.008252417, 0.008319603, 0.008193266, 0.008049598, 0.0076012854, 0.0069690133, 0.006240313, 0.0058819517, 0.0052751694, 0.004922022, 0.004862679, 0.0049625477, 0.0052550468, 0.005420161, 0.005681006, 0.005767648, 0.005686489, 0.005610805, 0.0054612285, 0.005395869, 0.005419653, 0.0056129578, 0.0060008694, 0.006493125, 0.0067245928, 0.007044475, 0.00710182, 0.00704372, 0.006846777, 0.0066761835, 0.006629147, 0.0065919724, 0.0065409145, 0.0063652187, 0.0062101064, 0.0057604653, 0.0051609427, 0.004836246, 0.0042460603, 0.0038934061, 0.0038492086, 0.003903847, 0.004003663, 0.0039131367, 0.0037719996, 0.0033524446, 0.0029342067, 0.0028098312, 0.0028757686, 0.003561533, 0, 0, 0, 0, 0, 0, 0, 0, 0, 0, 0, 0, 0, 0, 0, 0, 0, 0, 0, 0, 0, 0, 0, 0, 0, 0, 0, 0, 0, 0, 0, 0, 0, 0, 0, 0, 0, 0, 0, 0, 0, 0, 0, 0, 0, 0, 0, 0, 0, 0, 0, 0, 0, 0, 0, 0, 0, 0, 0, 0, 0, 0, 0, 0, 0, 0, 0, 0, 0, 0, 0, 0, 0, 0, 0, 0, 0, 0, 0, 0, 0, 0, 0, 0, 0, 0, 0, 0, 0
0.003407493, 0.0033880032, 0.0036880912, 0.004223874, 0.004500447, 0.0050026514, 0.005416676, 0.005591061, 0.005872759, 0.0060518193, 0.0060973107, 0.006060553, 0.005857669, 0.0054925894, 0.005260529, 0.0047370642, 0.004207314, 0.003777301, 0.0036342768, 0.0035411261, 0.003710649, 0.0038721608, 0.0042576017, 0.004586868, 0.004688486, 0.004735875, 0.004621488, 0.00446254, 0.0044057206, 0.0043942174, 0.0045623346, 0.004721847, 0.005175174, 0.00572028, 0.006180993, 0.006324204, 0.006386314, 0.006207169, 0.0060794856, 0.005869676, 0.005813253, 0.0058421115, 0.0059427465, 0.0059808604, 0.0058525787, 0.0057138596, 0.005298108, 0.004767277, 0.0045034764, 0.004094717, 0.0039514354, 0.004033003, 0.004091765, 0.0040873443, 0.0038252233, 0.003610046, 0.0031179267, 0.0027142072, 0.002605625, 0.0026877709, 0.0033729712, 0.0051937113, 0.0062646996, 0, 0, 0, 0, 0, 0, 0, 0, 0, 0, 0, 0, 0, 0, 0, 0, 0, 0, 0, 0, 0, 0, 0, 0, 0, 0, 0, 0, 0, 0, 0, 0, 0, 0, 0, 0, 0, 0, 0, 0, 0, 0, 0, 0, 0, 0, 0, 0, 0, 0, 0, 0, 0, 0, 0, 0, 0, 0, 0, 0, 0, 0, 0, 0, 0, 0, 0, 0, 0, 0, 0, 0, 0, 0, 0, 0, 0, 0, 0, 0, 0, 0, 0, 0, 0, 0, 0
0.0023927616, 0.0023619947, 0.0025148238, 0.0028199733, 0.002975661, 0.0032462704, 0.0034442684, 0.003513765, 0.0035872615, 0.003557685, 0.0034031898, 0.003276028, 0.0029324377, 0.0025158247, 0.002305999, 0.0019439602, 0.0017317733, 0.0017319038, 0.0018189914, 0.0021448755, 0.002587811, 0.0028066593, 0.003140784, 0.003254355, 0.0032253028, 0.003055941, 0.0028705092, 0.0028177667, 0.0028695364, 0.0031457685, 0.0036322689, 0.0039347075, 0.0045825965, 0.0051380815, 0.005429932, 0.0054514557, 0.0052913087, 0.0050213146, 0.0049134125, 0.0048446013, 0.0049790875, 0.0050913356, 0.0053069517, 0.0053997096, 0.005304614, 0.005185775, 0.0048380434, 0.0044358717, 0.004262637, 0.004065657, 0.0040937895, 0.00421156, 0.004232238, 0.0040971716, 0.003734239, 0.0035085552, 0.003079593, 0.0027983163, 0.002743997, 0.0028457013, 0.0032682521, 0.003980433, 0.0042534764, 0.004240979, 0, 0, 0, 0, 0, 0, 0, 0, 0, 0, 0, 0, 0, 0, 0, 0, 0, 0, 0, 0, 0, 0, 0, 0, 0, 0, 0, 0, 0, 0, 0, 0, 0, 0, 0, 0, 0, 0, 0, 0, 0, 0, 0, 0, 0, 0, 0, 0, 0, 0, 0, 0, 0, 0, 0, 0, 0, 0, 0, 0, 0, 0, 0, 0, 0, 0, 0, 0, 0, 0, 0, 0, 0, 0, 0, 0, 0, 0, 0, 0, 0, 0, 0, 0, 0, 0
0.0012217825, 0.0011839572, 0.0011933623, 0.0012699132, 0.0013079282, 0.00135812, 0.0013611073, 0.0013423143, 0.0012615124, 0.001116504, 0.00090179185, 0.00077024323, 0.0004796657, 0.00020753301, 0.00010541409, 1.8626482e-05, 0.00012477695, 0.00041178093, 0.0006038732, 0.0010224995, 0.0013852048, 0.0015096379, 0.001601093, 0.001496932, 0.0014015286, 0.0012229286, 0.0011908166, 0.0014035966, 0.0016068475, 0.002176651, 0.002882373, 0.0032441353, 0.0038818682, 0.0042718393, 0.004340515, 0.0042737653, 0.0040540677, 0.0039016313, 0.003900933, 0.0040687015, 0.0043794713, 0.0045399447, 0.0047818786, 0.004858804, 0.0047662146, 0.0046682996, 0.004418358, 0.004195013, 0.004133247, 0.0041490337, 0.004286042, 0.004360072, 0.0043203435, 0.004069635, 0.0036887191, 0.003500916, 0.0032139171, 0.0030896906, 0.0030865187, 0.0031622087, 0.003258743, 0.003235216, 0.0031337233, 0.0028294164, 0.0026139875, 0, 0, 0, 0, 0, 0, 0, 0, 0, 0, 0, 0, 0, 0, 0, 0, 0, 0, 0, 0, 0, 0, 0, 0, 0, 0, 0, 0, 0, 0, 0, 0, 0, 0, 0, 0, 0, 0, 0, 0, 0, 0, 0, 0, 0, 0, 0, 0, 0, 0, 0, 0, 0, 0, 0, 0, 0, 0, 0, 0, 0, 0, 0, 0, 0, 0, 0, 0, 0, 0, 0, 0, 0, 0, 0, 0, 0, 0, 0, 0, 0, 0, 0, 0, 0
0.0002119807, 0.00017345879, 7.499017e-05, -2.723306e-05, -8.028445e-05, -0.00019341327, -0.00031908383, -0.00038661293, -0.00052706536, -0.00067023706, -0.0008121441, -0.0008806976, -0.0010009895, -0.0010654423, -0.001061529, -0.00096141576, -0.0007468704, -0.0004740143, -0.00034088062, -0.00012743246, -2.4894873e-05, -2.0013525e-05, -8.1535705e-05, -0.00017113445, -0.00019238539, -0.00011927511, 0.00016508388, 0.0006673008, 0.0009826594, 0.0016795653, 0.0023600445, 0.002652298, 0.0030688841, 0.0032192355, 0.0031589747, 0.003098899, 0.0030380844, 0.0031644509, 0.003306256, 0.0036863133, 0.004066935, 0.004214045, 0.0043828245, 0.00439334, 0.004295822, 0.0042276396, 0.004106721, 0.004086915, 0.0041340343, 0.004316312, 0.004483155, 0.004467159, 0.0043730494, 0.004072726, 0.0037659518, 0.0036530637, 0.0035377753, 0.0035353717, 0.0035496035, 0.0035367513, 0.0033690098, 0.0029844653, 0.0027432728, 0.0024097506, 0.0028861524, 0.003816472, 0.0052391654, 0, 0, 0, 0, 0, 0, 0, 0, 0, 0, 0, 0, 0, 0, 0, 0, 0, 0, 0, 0, 0, 0, 0, 0, 0, 0, 0, 0, 0, 0, 0, 0, 0, 0, 0, 0, 0, 0, 0, 0, 0, 0, 0, 0, 0, 0, 0, 0, 0, 0, 0, 0, 0, 0, 0, 0, 0, 0, 0, 0, 0, 0, 0, 0, 0, 0, 0, 0, 0, 0, 0, 0, 0, 0, 0, 0, 0, 0, 0, 0, 0, 0, 0
-0.00041506355, -0.00044772236, -0.0006045309, -0.000820292, -0.00093277195, -0.0011499289, -0.0013462356, -0.0014326704, -0.0015728385, -0.001659286, -0.0016935824, -0.0016957328, -0.0016780843, -0.0016332278, -0.001599178, -0.0015106375, -0.0014165989, -0.0013568752, -0.0013484119, -0.0013715855, -0.0014135615, -0.0014224614, -0.001374123, -0.0011907584, -0.0010370732, -0.00060169667, -2.4364577e-05, 0.000626837, 0.0009504464, 0.0015326424, 0.0019614159, 0.0021028875, 0.0022434425, 0.0022558575, 0.0022681565, 0.0023182642, 0.002561256, 0.0029804227, 0.0032235542, 0.003677751, 0.0039853305, 0.0040670466, 0.0041105454, 0.004059749, 0.003994046, 0.003976952, 0.004015611, 0.0041867257, 0.0043139053, 0.004571531, 0.0046848515, 0.004562208, 0.004433381, 0.004154029, 0.003975171, 0.0039420645, 0.003955333, 0.003979758, 0.003960123, 0.0037997882, 0.0034342878, 0.0029013988, 0.0026310696, 0.0023014212, 0.0025500273, 0.0029006037, 0.003423581, 0.003620007, 0, 0, 0, 0, 0, 0, 0, 0, 0, 0, 0, 0, 0, 0, 0, 0, 0, 0, 0, 0, 0, 0, 0, 0, 0, 0, 0, 0, 0, 0, 0, 0, 0, 0, 0, 0, 0, 0, 0, 0, 0, 0, 0, 0, 0, 0, 0, 0, 0, 0, 0, 0, 0, 0, 0, 0, 0, 0, 0, 0, 0, 0, 0, 0, 0, 0, 0, 0, 0, 0, 0, 0, 0, 0, 0, 0, 0, 0, 0, 0, 0, 0
-0.0006723589, -0.00069515477, -0.00086713873, -0.0011371503, -0.001281614, -0.0015586857, -0.0017978043, -0.0018967316, -0.0020399909, -0.0021033823, -0.0021012905, -0.002086783, -0.0020549393, -0.0020418982, -0.0020464775, -0.00207887, -0.002142926, -0.0022283993, -0.002268008, -0.0023023689, -0.0022169077, -0.0021106668, -0.0017573065, -0.0012335989, -0.000923465, -0.00025432775, 0.00040903452, 0.0009781864, 0.0012039806, 0.0015129895, 0.0016450962, 0.0016653095, 0.0016825488, 0.0017721887, 0.002030973, 0.0022340792, 0.0027551705, 0.003320623, 0.003570681, 0.003926974, 0.0040635145, 0.004065109, 0.0040055905, 0.0039542173, 0.003981683, 0.0040371427, 0.0042397287, 0.0045372937, 0.0046902974, 0.004902271, 0.0048835836, 0.004648955, 0.0045018136, 0.0042699585, 0.0041976273, 0.0042112637, 0.0042556524, 0.004207201, 0.004118405, 0.0037955435, 0.0033040543, 0.0027440526, 0.0024942101, 0.0021837922, 0.0021997364, 0.0022834712, 0.0023869264, 0.0023693421, 0.0023927074, 0, 0, 0, 0, 0, 0, 0, 0, 0, 0, 0, 0, 0, 0, 0, 0, 0, 0, 0, 0, 0, 0, 0, 0, 0, 0, 0, 0, 0, 0, 0, 0, 0, 0, 0, 0, 0, 0, 0, 0, 0, 0, 0, 0, 0, 0, 0, 0, 0, 0, 0, 0, 0, 0, 0, 0, 0, 0, 0, 0, 0, 0, 0, 0, 0, 0, 0, 0, 0, 0, 0, 0, 0, 0, 0, 0, 0, 0, 0, 0, 0
-0.00076879724, -0.0007813688, -0.0009380058, -0.0012058342, -0.0013528595, -0.0016401024, -0.0018950632, -0.0020037764, -0.0021710128, -0.002266709, -0.0023077438, -0.0023191979, -0.0023466004, -0.0023948636, -0.002426778, -0.00249387, -0.002542574, -0.0025345318, -0.0024929526, -0.0022998652, -0.0019296678, -0.001677848, -0.0010698908, -0.00038897965, -4.8953763e-05, 0.0005779876, 0.0010776735, 0.0014036824, 0.0014975976, 0.0015723709, 0.0015768608, 0.0015924104, 0.0017260248, 0.002054731, 0.0025717982, 0.0028747572, 0.0034844182, 0.003976003, 0.004142065, 0.0042940113, 0.0042583155, 0.00420846, 0.0041298196, 0.004155555, 0.004314861, 0.004438882, 0.004742972, 0.0050406177, 0.0051456504, 0.0051900125, 0.004991719, 0.004662929, 0.004510899, 0.0043243626, 0.0043022763, 0.0043201675, 0.004314252, 0.0041522104, 0.0039986144, 0.003570178, 0.0030534766, 0.0025668803, 0.0023758756, 0.0021546579, 0.0021090151, 0.0020987135, 0.0019926145, 0.0017939595, 0.0016788976, 0.0016737796, 0, 0, 0, 0, 0, 0, 0, 0, 0, 0, 0, 0, 0, 0, 0, 0, 0, 0, 0, 0, 0, 0, 0, 0, 0, 0, 0, 0, 0, 0, 0, 0, 0, 0, 0, 0, 0, 0, 0, 0, 0, 0, 0, 0, 0, 0, 0, 0, 0, 0, 0, 0, 0, 0, 0, 0, 0, 0, 0, 0, 0, 0, 0, 0, 0, 0, 0, 0, 0, 0, 0, 0, 0, 0, 0, 0, 0, 0, 0, 0
-0.0008457039, -0.0008491655, -0.00096352963, -0.0011677356, -0.0012806118, -0.0015042869, -0.0017133513, -0.0018078361, -0.0019667472, -0.0020778037, -0.0021456417, -0.0021677753, -0.0021955103, -0.002196305, -0.002180625, -0.0021027487, -0.0019465766, -0.0016936576, -0.0015248765, -0.0010960352, -0.00055759173, -0.0002614475, 0.00033875578, 0.0008863378, 0.0011213428, 0.0014952912, 0.00173444, 0.0018528126, 0.0018801012, 0.0019226412, 0.0020384353, 0.0021542052, 0.0025308493, 0.0030704036, 0.0036719732, 0.0039550927, 0.004411033, 0.0046595153, 0.0047011664, 0.004655857, 0.004534499, 0.0044866907, 0.004481411, 0.0046270806, 0.0048921853, 0.005043606, 0.0053179353, 0.0054600756, 0.0054522706, 0.0052655945, 0.004917254, 0.004564193, 0.00443406, 0.004304564, 0.0042948253, 0.0042925426, 0.004203426, 0.0039449017, 0.0037566964, 0.003312439, 0.0028687103, 0.002528254, 0.002419187, 0.0023198356, 0.0022800732, 0.0022295914, 0.0020122463, 0.0017323653, 0.001727544, 0.0020224678, 0.0033759917, 0, 0, 0, 0, 0, 0, 0, 0, 0, 0, 0, 0, 0, 0, 0, 0, 0, 0, 0, 0, 0, 0, 0, 0, 0, 0, 0, 0, 0, 0, 0, 0, 0, 0, 0, 0, 0, 0, 0, 0, 0, 0, 0, 0, 0, 0, 0, 0, 0, 0, 0, 0, 0, 0, 0, 0, 0, 0, 0, 0, 0, 0, 0, 0, 0, 0, 0, 0, 0, 0, 0, 0, 0, 0, 0, 0, 0, 0, 0
-0.00078333117, -0.0007768726, -0.00081939524, -0.0009012112, -0.0009445823, -0.0010286752, -0.0011098451, -0.0011479242, -0.0012113008, -0.0012451743, -0.0012389172, -0.0012181924, -0.0011342266, -0.0009773992, -0.00086654036, -0.0005786787, -0.00021638107, 0.00019656747, 0.00041559053, 0.0008665911, 0.0013112167, 0.0015184844, 0.0018763401, 0.0021361206, 0.002229595, 0.0023614094, 0.002453608, 0.0025482357, 0.0026117666, 0.0028086621, 0.0031415555, 0.0033641187, 0.0038920657, 0.0044376724, 0.004877197, 0.005028399, 0.0051764054, 0.0051475405, 0.005089552, 0.004948096, 0.0048562963, 0.0048548845, 0.004963567, 0.005197179, 0.0054686293, 0.005580052, 0.0056828465, 0.0055721994, 0.005438708, 0.005073154, 0.0046956697, 0.004430261, 0.00435621, 0.004300645, 0.0042771157, 0.004237961, 0.004051709, 0.0037209685, 0.0035220927, 0.0031246482, 0.0028114463, 0.002642613, 0.0026113663, 0.0026013234, 0.0025365346, 0.0024441876, 0.002141257, 0.0018312924, 0.0018026942, 0.0019800086, 0.0026421086, 0.0034469245, 0.0037851043, 0, 0, 0, 0, 0, 0, 0, 0, 0, 0, 0, 0, 0, 0, 0, 0, 0, 0, 0, 0, 0, 0, 0, 0, 0, 0, 0, 0, 0, 0, 0, 0, 0, 0, 0, 0, 0, 0, 0, 0, 0, 0, 0, 0, 0, 0, 0, 0, 0, 0, 0, 0, 0, 0, 0, 0, 0, 0, 0, 0, 0, 0, 0, 0, 0, 0, 0, 0, 0, 0, 0, 0, 0, 0, 0, 0, 0
-0.00040046402, -0.0003836421, -0.00033396625, -0.00026381545, -0.00022163457, -0.00013046601, -3.861532e-05, 7.0907668e-06, 0.000103758386, 0.00021920346, 0.00036683885, 0.00045663974, 0.00067836285, 0.0009680576, 0.001139443, 0.0015220093, 0.0019224997, 0.002296353, 0.0024639403, 0.0027522598, 0.0029732168, 0.0030569623, 0.0031718775, 0.0032329664, 0.0032565605, 0.003322915, 0.0034537578, 0.0036744098, 0.003821047, 0.0041860156, 0.0046298536, 0.0048661414, 0.005310128, 0.005626262, 0.005741485, 0.0057229744, 0.0055786674, 0.005382377, 0.0052968687, 0.0051937597, 0.0052092522, 0.0052621956, 0.0054395413, 0.0056513413, 0.0057915365, 0.005799713, 0.005653679, 0.0053149755, 0.00510816, 0.0047181225, 0.0044609867, 0.0043645054, 0.004356195, 0.0043495204, 0.004265819, 0.004172081, 0.003876323, 0.003489934, 0.0032960484, 0.0029772886, 0.0028102475, 0.0027926741, 0.0028141472, 0.0028267207, 0.0026845161, 0.0025390435, 0.0021629715, 0.0018435349, 0.0017608998, 0.0018238556, 0.0020821334, 0.0023903602, 0.0024915682, 0, 0, 0, 0, 0, 0, 0, 0, 0, 0, 0, 0, 0, 0, 0, 0, 0, 0, 0, 0, 0, 0, 0, 0, 0, 0, 0, 0, 0, 0, 0, 0, 0, 0, 0, 0, 0, 0, 0, 0, 0, 0, 0, 0, 0, 0, 0, 0, 0, 0, 0, 0, 0, 0, 0, 0, 0, 0, 0, 0, 0, 0, 0, 0, 0, 0, 0, 0, 0, 0, 0, 0, 0, 0, 0, 0, 0
0.00023600722, 0.000258615, 0.0003918186, 0.000596671, 0.0007119701, 0.0009512808, 0.0011896526, 0.0013071091, 0.0015427357, 0.0017868205, 0.0020435147, 0.002177296, 0.0024599098, 0.002766475, 0.002928001, 0.0032543673, 0.0035545847, 0.0037961325, 0.0038905959, 0.0040325033, 0.0041255825, 0.0041596377, 0.00421487, 0.004279892, 0.004329271, 0.004488028, 0.004743212, 0.0050809667, 0.005267984, 0.0056445887, 0.005977843, 0.0061096353, 0.0062655876, 0.00624487, 0.006058226, 0.0059258686, 0.0056583444, 0.0054772063, 0.0054382393, 0.005459835, 0.0055728876, 0.005643715, 0.0057717096, 0.005822391, 0.0057231155, 0.0056034564, 0.0052405624, 0.0048083845, 0.0046158605, 0.004359891, 0.004299336, 0.004350399, 0.0043732543, 0.0043380936, 0.0041480786, 0.00399525, 0.0036154387, 0.0032237428, 0.0030591465, 0.0028479241, 0.0028145234, 0.0028933312, 0.0029302856, 0.0028991478, 0.002660539, 0.0024762782, 0.0020847623, 0.0018170074, 0.0017516069, 0.001776308, 0.0018635496, 0.0019601004, 0.00203722, 0.0024807616, 0, 0, 0, 0, 0, 0, 0, 0, 0, 0, 0, 0, 0, 0, 0, 0, 0, 0, 0, 0, 0, 0, 0, 0, 0, 0, 0, 0, 0, 0, 0, 0, 0, 0, 0, 0, 0, 0, 0, 0, 0, 0, 0, 0, 0, 0, 0, 0, 0, 0, 0, 0, 0, 0, 0, 0, 0, 0, 0, 0, 0, 0, 0, 0, 0, 0, 0, 0, 0, 0, 0, 0, 0, 0, 0, 0
0.0008783393, 0.00089761295, 0.0010776274, 0.0013655521, 0.0015242106, 0.0018459486, 0.002158911, 0.0023110579, 0.002611062, 0.0029103456, 0.0032048996, 0.0033479447, 0.0036209123, 0.0038773634, 0.003999755, 0.0042301905, 0.004430629, 0.0045922236, 0.0046599247, 0.004782066, 0.0049053896, 0.004972934, 0.00512608, 0.005313985, 0.005426119, 0.005692314, 0.0060039945, 0.006317054, 0.006453098, 0.006645959, 0.006700213, 0.0066709663, 0.006508674, 0.0062422543, 0.0059401593, 0.005804468, 0.0056178486, 0.005579975, 0.005611533, 0.0057284287, 0.005835639, 0.0058592632, 0.005811754, 0.005615094, 0.005270267, 0.0050567877, 0.004612727, 0.0042597167, 0.004153442, 0.0040988107, 0.0041860254, 0.0042674695, 0.0042628185, 0.0041237813, 0.0038294252, 0.0036467395, 0.0032732992, 0.0029700613, 0.002870072, 0.002795131, 0.0028611398, 0.002961845, 0.0029781822, 0.0028695725, 0.0025767905, 0.0023983666, 0.0020917188, 0.0019533376, 0.0019676744, 0.001995774, 0.0020199725, 0.001987004, 0.0019749813, 0.002052685, 0.0022891844, 0, 0, 0, 0, 0, 0, 0, 0, 0, 0, 0, 0, 0, 0, 0, 0, 0, 0, 0, 0, 0, 0, 0, 0, 0, 0, 0, 0, 0, 0, 0, 0, 0, 0, 0, 0, 0, 0, 0, 0, 0, 0, 0, 0, 0, 0, 0, 0, 0, 0, 0, 0, 0, 0, 0, 0, 0, 0, 0, 0, 0, 0, 0, 0, 0, 0, 0, 0, 0, 0, 0, 0, 0, 0, 0
0.0013630913, 0.0013718586, 0.0015613835, 0.0018801015, 0.0020542142, 0.0024010125, 0.0027317952, 0.0028912397, 0.0032048936, 0.0035178394, 0.0038242834, 0.0039700046, 0.0042366264, 0.0044679902, 0.004572201, 0.004763456, 0.004936685, 0.0050985925, 0.005179621, 0.0053548436, 0.0055626207, 0.005680386, 0.005937047, 0.006206825, 0.0063409815, 0.0065957643, 0.0068067205, 0.0069297887, 0.006943525, 0.0068589286, 0.0066366335, 0.0064888992, 0.0061664027, 0.0058722952, 0.005668563, 0.005612781, 0.005596804, 0.0056783687, 0.0057332385, 0.0058124475, 0.005780471, 0.0057061594, 0.005435632, 0.0050319512, 0.00456809, 0.004347242, 0.0039998144, 0.0038437992, 0.0038405282, 0.003930389, 0.0040331376, 0.004019591, 0.00394914, 0.0036957075, 0.003365142, 0.003203819, 0.002946748, 0.0028181917, 0.002806879, 0.002871967, 0.002990188, 0.0030518088, 0.0030294457, 0.0028613668, 0.0025968167, 0.0024738722, 0.0023269928, 0.002331963, 0.0023984828, 0.0024140324, 0.0023538796, 0.0021719264, 0.0020574185, 0.0018611776, 0.0018197742, 0.0019517879, 0, 0, 0, 0, 0, 0, 0, 0, 0, 0, 0, 0, 0, 0, 0, 0, 0, 0, 0, 0, 0, 0, 0, 0, 0, 0, 0, 0, 0, 0, 0, 0, 0, 0, 0, 0, 0, 0, 0, 0, 0, 0, 0, 0, 0, 0, 0, 0, 0, 0, 0, 0, 0, 0, 0, 0, 0, 0, 0, 0, 0, 0, 0, 0, 0, 0, 0, 0, 0, 0, 0, 0, 0, 0
0.0016636286, 0.0016615919, 0.0018438464, 0.0021681627, 0.0023461787, 0.0027011414, 0.0030417782, 0.003207389, 0.0035376905, 0.0038738786, 0.0042087045, 0.004368892, 0.0046621165, 0.004913294, 0.0050256182, 0.0052334866, 0.0054287473, 0.0056204074, 0.005717779, 0.0059249387, 0.006156186, 0.0062790206, 0.0065214015, 0.006726424, 0.0068029654, 0.006887898, 0.0068677054, 0.006733602, 0.0066246437, 0.0063389675, 0.0060092793, 0.0058507295, 0.0055923457, 0.0054497747, 0.0054255, 0.0054458827, 0.005514129, 0.0055627623, 0.005559632, 0.005465568, 0.005233149, 0.00506624, 0.0046586064, 0.004217446, 0.0038413147, 0.0037068268, 0.0035762936, 0.0036123155, 0.0036659837, 0.003764822, 0.003762131, 0.003608845, 0.0034838652, 0.0031893677, 0.0029240209, 0.0028311769, 0.002754249, 0.0028182864, 0.0028881214, 0.0030524344, 0.0031709021, 0.0031665978, 0.0031116554, 0.0029344286, 0.0027654592, 0.0027186705, 0.0027195362, 0.0027877719, 0.0028041007, 0.0027618783, 0.0025576123, 0.0022284398, 0.0020466293, 0.0017370568, 0.0016465465, 0.0019918308, 0.0024353536, 0, 0, 0, 0, 0, 0, 0, 0, 0, 0, 0, 0, 0, 0, 0, 0, 0, 0, 0, 0, 0, 0, 0, 0, 0, 0, 0, 0, 0, 0, 0, 0, 0, 0, 0, 0, 0, 0, 0, 0, 0, 0, 0, 0, 0, 0, 0, 0, 0, 0, 0, 0, 0, 0, 0, 0, 0, 0, 0, 0, 0, 0, 0, 0, 0, 0, 0, 0, 0, 0, 0, 0, 0
0.0017925734, 0.0017850646, 0.0019651318, 0.0022998787, 0.0024870408, 0.0028665515, 0.0032395527, 0.0034232866, 0.0037910081, 0.0041630305, 0.004528814, 0.0047020484, 0.00501638, 0.0052836803, 0.0054029995, 0.0056255385, 0.0058357143, 0.0060325656, 0.006124611, 0.006295194, 0.006447658, 0.0065136207, 0.0066064545, 0.0066169584, 0.006582539, 0.0064326203, 0.0061930194, 0.0059011234, 0.0057493504, 0.005462322, 0.0052366448, 0.0051584975, 0.0050819763, 0.0050968407, 0.005149468, 0.0051668854, 0.0051442645, 0.0050151935, 0.004908075, 0.004618712, 0.0042586466, 0.0040677018, 0.0037058082, 0.0034311905, 0.003299649, 0.0032919939, 0.0033640196, 0.0034751443, 0.0035124463, 0.003500907, 0.0033606377, 0.0031318925, 0.0030083759, 0.0027957223, 0.0026861804, 0.0026830893, 0.0027784626, 0.0029698922, 0.0030767904, 0.0032526033, 0.0033131174, 0.0032380414, 0.003166353, 0.003023381, 0.0029602991, 0.0029689206, 0.0030250633, 0.0030363866, 0.0029060848, 0.0027783879, 0.0024208354, 0.0020003787, 0.0018015126, 0.0015023458, 0.0014156413, 0.0015681001, 0.0016877262, 0.0016821055, 0, 0, 0, 0, 0, 0, 0, 0, 0, 0, 0, 0, 0, 0, 0, 0, 0, 0, 0, 0, 0, 0, 0, 0, 0, 0, 0, 0, 0, 0, 0, 0, 0, 0, 0, 0, 0, 0, 0, 0, 0, 0, 0, 0, 0, 0, 0, 0, 0, 0, 0, 0, 0, 0, 0, 0, 0, 0, 0, 0, 0, 0, 0, 0, 0, 0, 0, 0, 0, 0, 0, 0
0.0017678143, 0.0017610922, 0.0019505363, 0.0023078455, 0.002510306, 0.0029254486, 0.00333568, 0.003535773, 0.003926867, 0.004305089, 0.0046592723, 0.0048211594, 0.005104876, 0.0053373715, 0.0054392256, 0.005627528, 0.0058010924, 0.005948044, 0.0060051046, 0.006076869, 0.0060876966, 0.0060686064, 0.0059742425, 0.0057968833, 0.005678079, 0.005399416, 0.005109549, 0.004863279, 0.0047693183, 0.004649897, 0.0046161176, 0.0046232883, 0.0046601524, 0.0046832752, 0.0046376972, 0.0045752716, 0.0043614395, 0.00404921, 0.003871549, 0.0035122603, 0.0031985224, 0.0030755103, 0.002923348, 0.00291235, 0.0030211615, 0.0030993815, 0.0032415378, 0.0032910453, 0.0032657783, 0.0031246212, 0.0029220998, 0.0027450882, 0.0026881094, 0.00265802, 0.0027396022, 0.0028151032, 0.003008469, 0.0032070067, 0.0032856974, 0.0033614566, 0.0033077644, 0.0031660856, 0.0030926415, 0.0030008876, 0.00300641, 0.003028896, 0.0030397552, 0.0029170872, 0.0026258265, 0.0024293053, 0.0019883232, 0.0015712593, 0.0014023455, 0.0011838065, 0.0011188702, 0.0011184916, 0.0010896651, 0.00086219626, 0.00030891728, 0.0001458083, 0, 0, 0, 0, 0, 0, 0, 0, 0, 0, 0, 0, 0, 0, 0, 0, 0, 0, 0, 0, 0, 0, 0, 0, 0, 0, 0, 0, 0, 0, 0, 0, 0, 0, 0, 0, 0, 0, 0, 0, 0, 0, 0, 0, 0, 0, 0, 0, 0, 0, 0, 0, 0, 0, 0, 0, 0, 0, 0, 0, 0, 0, 0, 0, 0, 0, 0, 0, 0, 0
0.0016270274, 0.0016247571, 0.001822421, 0.0021893776, 0.0023963773, 0.002816488, 0.0032189924, 0.0034084134, 0.003760908, 0.0040779654, 0.004353904, 0.004473372, 0.0046712942, 0.0048211673, 0.0048831934, 0.004991958, 0.0050827726, 0.0051404242, 0.005149294, 0.0051175477, 0.005018579, 0.0049466984, 0.0047666146, 0.004552488, 0.004440764, 0.0042327438, 0.004082073, 0.0040182825, 0.004019229, 0.0040673665, 0.0041329013, 0.004153296, 0.0041391677, 0.004025691, 0.0038045682, 0.0036586253, 0.0033206018, 0.0029736198, 0.002818428, 0.0025830315, 0.002477751, 0.002477141, 0.0025679413, 0.0027444437, 0.0029354668, 0.0030102087, 0.0030743275, 0.0030057218, 0.0029308288, 0.0027513765, 0.002614991, 0.0025953287, 0.002636043, 0.002797609, 0.0030143168, 0.0031213074, 0.0032950726, 0.0033761498, 0.0033723887, 0.0032758834, 0.003097356, 0.002923356, 0.0028659455, 0.0028333361, 0.0028635988, 0.0028675103, 0.0027813723, 0.0025300803, 0.0021438287, 0.0019266404, 0.001506812, 0.00117826, 0.0010661309, 0.0009457621, 0.00090304564, 0.00081831904, 0.0007255338, 0.00042612304, 5.6717807e-05, -7.886229e-05, 0, 0, 0, 0, 0, 0, 0, 0, 0, 0, 0, 0, 0, 0, 0, 0, 0, 0, 0, 0, 0, 0, 0, 0, 0, 0, 0, 0, 0, 0, 0, 0, 0, 0, 0, 0, 0, 0, 0, 0, 0, 0, 0, 0, 0, 0, 0, 0, 0, 0, 0, 0, 0, 0, 0, 0, 0, 0, 0, 0, 0, 0, 0, 0, 0, 0, 0, 0, 0, 0
0.0014167483, 0.0014172182, 0.0016012772, 0.0019330862, 0.0021156813, 0.0024734938, 0.0027956716, 0.0029385071, 0.0031860382, 0.0033867285, 0.0035446845, 0.003608455, 0.0037072334, 0.003774206, 0.0037986676, 0.0038346064, 0.0038527045, 0.0038448723, 0.003827295, 0.0037622873, 0.0036636184, 0.0036075644, 0.0034964674, 0.0034058485, 0.0033750096, 0.003351616, 0.0033847454, 0.003461493, 0.0035053806, 0.003574153, 0.003576082, 0.0035401569, 0.003386772, 0.0031395617, 0.0028396943, 0.002687248, 0.0024136058, 0.0022284552, 0.00218237, 0.0021944568, 0.002329296, 0.0024279656, 0.0026431726, 0.0028237568, 0.0029140075, 0.0029169673, 0.00284557, 0.002711329, 0.002643333, 0.002555119, 0.0025811195, 0.002736286, 0.002850569, 0.0031048795, 0.0033212719, 0.0033921099, 0.003431942, 0.0033313136, 0.0032366621, 0.0029982752, 0.0027707815, 0.0026383207, 0.0026193731, 0.002644784, 0.002659829, 0.002625775, 0.0024352747, 0.002099998, 0.0016985463, 0.0015016844, 0.0011672901, 0.00094880303, 0.0008855167, 0.0008183649, 0.0007499229, 0.00058381766, 0.00045288433, 0.00013513693, -0.00014842718, -0.0002450578, -0.00041297704, 0, 0, 0, 0, 0, 0, 0, 0, 0, 0, 0, 0, 0, 0, 0, 0, 0, 0, 0, 0, 0, 0, 0, 0, 0, 0, 0, 0, 0, 0, 0, 0, 0, 0, 0, 0, 0, 0, 0, 0, 0, 0, 0, 0, 0, 0, 0, 0, 0, 0, 0, 0, 0, 0, 0, 0, 0, 0, 0, 0, 0, 0, 0, 0, 0, 0, 0, 0, 0
0.0011648715, 0.0011630149, 0.0013051155, 0.0015549052, 0.0016867408, 0.0019314918, 0.0021345578, 0.0022181976, 0.0023511064, 0.0024449888, 0.0025101143, 0.002535471, 0.002576592, 0.002609362, 0.002622543, 0.0026409703, 0.0026477305, 0.00264504, 0.002641172, 0.0026311781, 0.0026247029, 0.0026266717, 0.0026501021, 0.0027067, 0.002747316, 0.0028439462, 0.002939882, 0.003002483, 0.0030110772, 0.002969193, 0.0028440955, 0.0027536643, 0.0025361143, 0.0023087885, 0.00212443, 0.0020632623, 0.0020232354, 0.0021005056, 0.0021799835, 0.0023991093, 0.0026495997, 0.002763937, 0.002927102, 0.002968119, 0.0028908914, 0.002823434, 0.0026790947, 0.002586601, 0.0025782883, 0.0026541287, 0.0028422314, 0.0030915663, 0.0032157514, 0.0034133832, 0.0034917544, 0.0034754742, 0.0033354252, 0.0030899355, 0.0029501817, 0.0026927243, 0.0025314435, 0.0024965669, 0.0025134447, 0.002546879, 0.002481772, 0.0023887733, 0.0020892923, 0.0017039347, 0.0013264614, 0.0011634863, 0.000913014, 0.0007621944, 0.00071243645, 0.00061805797, 0.0004603622, 0.00019594141, 3.407975e-05, -0.00028453858, -0.00051208684, -0.0005896262, -0.0007855898, -0.001360166, -0.0015913242, 0, 0, 0, 0, 0, 0, 0, 0, 0, 0, 0, 0, 0, 0, 0, 0, 0, 0, 0, 0, 0, 0, 0, 0, 0, 0, 0, 0, 0, 0, 0, 0, 0, 0, 0, 0, 0, 0, 0, 0, 0, 0, 0, 0, 0, 0, 0, 0, 0, 0, 0, 0, 0, 0, 0, 0, 0, 0, 0, 0, 0, 0, 0, 0, 0, 0, 0
0.00089780224, 0.0008920143, 0.0009842445, 0.0011449336, 0.0012253312, 0.0013671393, 0.0014809296, 0.0015281729, 0.0016049139, 0.0016620078, 0.0017079676, 0.0017302128, 0.0017792168, 0.001835595, 0.0018642191, 0.0019167183, 0.0019615504, 0.0020069329, 0.0020329691, 0.002093758, 0.002165042, 0.0022039006, 0.002288096, 0.0023781399, 0.0024217193, 0.0024912932, 0.0025161826, 0.0024775264, 0.0024334255, 0.0023057223, 0.002152983, 0.0020793956, 0.0019634406, 0.0019201066, 0.001976832, 0.002045602, 0.0022539014, 0.002523265, 0.0026649132, 0.0029270477, 0.0031162887, 0.003170556, 0.0031854315, 0.0030859387, 0.0029265075, 0.0028498373, 0.0027565088, 0.0027867556, 0.0028517852, 0.0030578652, 0.0033054529, 0.0035116028, 0.0035764996, 0.0036030586, 0.0034860165, 0.0033816749, 0.0031160112, 0.0028366186, 0.0027160342, 0.0025513968, 0.0025006908, 0.0025172797, 0.0025202336, 0.0024473756, 0.0022204677, 0.0020511863, 0.0016482646, 0.0012414264, 0.00090566184, 0.000774523, 0.00057901314, 0.00043904773, 0.00037068687, 0.00019506719, -6.582647e-05, -0.00039323894, -0.00055543554, -0.0008093536, -0.00092414126, -0.00094383553, -0.0010093069, -0.0012291529, -0.0013557944, 0, 0, 0, 0, 0, 0, 0, 0, 0, 0, 0, 0, 0, 0, 0, 0, 0, 0, 0, 0, 0, 0, 0, 0, 0, 0, 0, 0, 0, 0, 0, 0, 0, 0, 0, 0, 0, 0, 0, 0, 0, 0, 0, 0, 0, 0, 0, 0, 0, 0, 0, 0, 0, 0, 0, 0, 0, 0, 0, 0, 0, 0, 0, 0, 0, 0, 0
0.00067536364, 0.00066959974, 0.0007347902, 0.00084526686, 0.0008986329, 0.0009934374, 0.001080237, 0.0011233086, 0.001208592, 0.0012909343, 0.0013720817, 0.0014142718, 0.0015062941, 0.0016062836, 0.0016555816, 0.0017438205, 0.0018161109, 0.0018809241, 0.0019134999, 0.001979156, 0.0020385191, 0.0020634562, 0.0021027108, 0.0021287315, 0.002135651, 0.0021314071, 0.0020960877, 0.00203269, 0.0019962965, 0.0019332283, 0.0019112359, 0.0019242839, 0.0020093264, 0.0021790597, 0.0024283207, 0.002575737, 0.0028875805, 0.0031735979, 0.0032892316, 0.0034417713, 0.0034810202, 0.0034625526, 0.0033716613, 0.0032516567, 0.0031621289, 0.0031466605, 0.0031972108, 0.0033534737, 0.003458183, 0.0036745023, 0.0038317165, 0.0038665568, 0.0038295484, 0.0036550167, 0.0033858388, 0.0032365613, 0.0029538826, 0.0027418311, 0.002673712, 0.002608001, 0.0025860716, 0.002515225, 0.0024334702, 0.0021518543, 0.001739228, 0.0015083735, 0.0010585847, 0.00068606285, 0.0004181678, 0.00031763333, 0.00015434533, -7.0415235e-06, -0.000104416154, -0.00035137933, -0.0006536735, -0.0009417769, -0.0010490025, -0.0011415309, -0.0010785036, -0.0010174281, -0.00092061685, -0.00092034263, -0.00094116403, -0.0009178577, 0, 0, 0, 0, 0, 0, 0, 0, 0, 0, 0, 0, 0, 0, 0, 0, 0, 0, 0, 0, 0, 0, 0, 0, 0, 0, 0, 0, 0, 0, 0, 0, 0, 0, 0, 0, 0, 0, 0, 0, 0, 0, 0, 0, 0, 0, 0, 0, 0, 0, 0, 0, 0, 0, 0, 0, 0, 0, 0, 0, 0, 0, 0, 0, 0, 0
0.00053641153, 0.00053597515, 0.00060415745, 0.000710461, 0.0007614013, 0.0008542679, 0.0009457993, 0.0009943024, 0.0010964591, 0.0012004464, 0.001304795, 0.0013585831, 0.0014719497, 0.0015875959, 0.001641394, 0.0017307099, 0.0017913895, 0.0018316725, 0.0018476713, 0.0018723778, 0.0018847408, 0.0018863652, 0.0018858241, 0.0018910853, 0.0018984677, 0.0019232996, 0.0019605875, 0.0020162882, 0.0020559388, 0.0021700328, 0.0023381182, 0.0024416472, 0.00268044, 0.0029486837, 0.0032291135, 0.0033658352, 0.0036081946, 0.0037732704, 0.0038172328, 0.003827369, 0.0037614838, 0.0037172835, 0.0036441362, 0.003632801, 0.0037083442, 0.0037779366, 0.0039614327, 0.00415709, 0.004237819, 0.004323946, 0.004275875, 0.0040885196, 0.003953352, 0.0036362433, 0.003314307, 0.003172072, 0.0029520465, 0.0028258893, 0.002788947, 0.0027226426, 0.002589228, 0.0023146607, 0.0021183628, 0.0016406788, 0.0011299927, 0.00089349283, 0.00049926544, 0.00022418897, 4.129658e-05, -3.238814e-05, -0.00018152305, -0.00036928896, -0.0004838458, -0.000739561, -0.0009779434, -0.0011139426, -0.0011215851, -0.0010126678, -0.0007989308, -0.0006896277, -0.0005273244, -0.00045280473, -0.00042518668, -0.00028965672, 0, 0, 0, 0, 0, 0, 0, 0, 0, 0, 0, 0, 0, 0, 0, 0, 0, 0, 0, 0, 0, 0, 0, 0, 0, 0, 0, 0, 0, 0, 0, 0, 0, 0, 0, 0, 0, 0, 0, 0, 0, 0, 0, 0, 0, 0, 0, 0, 0, 0, 0, 0, 0, 0, 0, 0, 0, 0, 0, 0, 0, 0, 0, 0, 0, 0
0.0004464955, 0.00045164616, 0.00053242565, 0.0006513964, 0.0007079431, 0.0008074075, 0.00089668424, 0.00094014383, 0.0010257623, 0.0011073765, 0.0011876763, 0.0012297246, 0.001321549, 0.00141863, 0.0014644468, 0.0015410291, 0.0015942402, 0.0016328671, 0.0016504967, 0.0016864669, 0.0017264829, 0.0017504034, 0.0018166193, 0.0019210395, 0.0019901397, 0.0021588085, 0.002358824, 0.002583489, 0.0027052842, 0.0029683344, 0.0032492927, 0.0033895369, 0.0036542458, 0.0038829232, 0.0040670815, 0.0041402313, 0.0042418074, 0.004276036, 0.0042689284, 0.0042231726, 0.0041752853, 0.004167327, 0.0042089876, 0.0043377965, 0.0045314743, 0.0046367776, 0.0048218183, 0.0049155047, 0.0049110902, 0.004786961, 0.0045252237, 0.004179084, 0.003995663, 0.0036495908, 0.0033701253, 0.003263268, 0.0031092556, 0.002997805, 0.0029357867, 0.0027456614, 0.0024175064, 0.0019489662, 0.0016816339, 0.0011474433, 0.0006947624, 0.0005174504, 0.00026268922, 0.000106706895, -9.348633e-06, -7.106796e-05, -0.00022594711, -0.00042629853, -0.0005342895, -0.0007246245, -0.00081538165, -0.00075248076, -0.0006639728, -0.00041822623, -0.00017587206, -8.645526e-05, 1.053719e-05, 4.7611273e-05, 8.178928e-05, 0.00030925786, 0.0011211897, 0.001760087, 0, 0, 0, 0, 0, 0, 0, 0, 0, 0, 0, 0, 0, 0, 0, 0, 0, 0, 0, 0, 0, 0, 0, 0, 0, 0, 0, 0, 0, 0, 0, 0, 0, 0, 0, 0, 0, 0, 0, 0, 0, 0, 0, 0, 0, 0, 0, 0, 0, 0, 0, 0, 0, 0, 0, 0, 0, 0, 0, 0, 0, 0, 0, 0
0.00040527637, 0.00041075368, 0.00050078315, 0.00064502447, 0.00071871065, 0.0008521615, 0.0009609135, 0.0010053854, 0.0010755447, 0.0011269806, 0.0011764722, 0.0012077005, 0.001294684, 0.0014190583, 0.0014936769, 0.0016629105, 0.0018549237, 0.0020685925, 0.002182258, 0.0024194783, 0.0026668415, 0.0027956634, 0.0030695954, 0.0033714876, 0.0035327114, 0.0038656797, 0.0041926936, 0.004492535, 0.0046281363, 0.0048667463, 0.0050564236, 0.0051306016, 0.0052365363, 0.0052964557, 0.0053305216, 0.00534508, 0.0053829616, 0.005448547, 0.005497051, 0.005628538, 0.0057924134, 0.005875434, 0.006011123, 0.006064574, 0.0060043526, 0.0059295893, 0.0057005864, 0.0053900913, 0.0052158944, 0.004859435, 0.0045338133, 0.0042778766, 0.0041789166, 0.0040228427, 0.0038785913, 0.0037916831, 0.0035530785, 0.0032003028, 0.0029804031, 0.0024797705, 0.0019662462, 0.001534008, 0.0013719151, 0.0011677658, 0.0010911518, 0.0010780473, 0.0010537994, 0.0009851651, 0.00084924954, 0.00076036295, 0.00056737644, 0.00041228652, 0.00037290851, 0.00040599777, 0.0005893714, 0.00085248484, 0.00097446085, 0.001123663, 0.001107219, 0.001049744, 0.0009068803, 0.0008261195, 0.00083346915, 0.0009524035, 0.0011711842, 0.0014342666, 0.0016102133, 0, 0, 0, 0, 0, 0, 0, 0, 0, 0, 0, 0, 0, 0, 0, 0, 0, 0, 0, 0, 0, 0, 0, 0, 0, 0, 0, 0, 0, 0, 0, 0, 0, 0, 0, 0, 0, 0, 0, 0, 0, 0, 0, 0, 0, 0, 0, 0, 0, 0, 0, 0, 0, 0, 0, 0, 0, 0, 0, 0, 0, 0, 0
0.0005626417, 0.0005672868, 0.0006712634, 0.0008460111, 0.00093938026, 0.0011181349, 0.001276944, 0.0013476737, 0.0014733702, 0.001586327, 0.0017056244, 0.0017745871, 0.0019409443, 0.002147356, 0.0022631795, 0.0025137165, 0.0027821918, 0.003060101, 0.0031991345, 0.0034714516, 0.0037329113, 0.0038611179, 0.0041180854, 0.004381, 0.0045148665, 0.0047812974, 0.0050318367, 0.005249315, 0.0053418977, 0.0054910174, 0.005592857, 0.0056288512, 0.0056831017, 0.005736701, 0.0058141225, 0.00586592, 0.005995661, 0.0061538294, 0.0062398114, 0.006410108, 0.0065440284, 0.0065811984, 0.0065654465, 0.006408808, 0.006122804, 0.0059457677, 0.0055617243, 0.0051873303, 0.0050180214, 0.004734123, 0.0045341905, 0.004406419, 0.0043566125, 0.0042449064, 0.004060461, 0.0039253286, 0.0035592574, 0.0030893316, 0.002835086, 0.0023455496, 0.0019564824, 0.0017289562, 0.0016782976, 0.0016718927, 0.0017171397, 0.0017301142, 0.0016964017, 0.001567909, 0.0013706886, 0.0012647269, 0.0010843026, 0.0010046784, 0.0010191158, 0.0011593638, 0.0014004203, 0.0016320631, 0.001706128, 0.0017270675, 0.0015996366, 0.0015100981, 0.001356238, 0.0013049783, 0.0013235824, 0.0014230543, 0.0015470801, 0.001676475, 0.0017776408, 0.0021677688, 0, 0, 0, 0, 0, 0, 0, 0, 0, 0, 0, 0, 0, 0, 0, 0, 0, 0, 0, 0, 0, 0, 0, 0, 0, 0, 0, 0, 0, 0, 0, 0, 0, 0, 0, 0, 0, 0, 0, 0, 0, 0, 0, 0, 0, 0, 0, 0, 0, 0, 0, 0, 0, 0, 0, 0, 0, 0, 0, 0, 0, 0
0.0008061903, 0.0008107848, 0.00093689404, 0.0011517885, 0.0012682143, 0.0014972326, 0.0017122441, 0.0018143235, 0.002011496, 0.0022092704, 0.0024225933, 0.0025394983, 0.002796479, 0.0030786053, 0.0032247768, 0.0035188782, 0.0038070297, 0.004080894, 0.0042100754, 0.0044499636, 0.0046673245, 0.0047697905, 0.00496755, 0.0051583443, 0.005250699, 0.005426361, 0.0055852123, 0.0057214843, 0.0057795085, 0.00587396, 0.005942567, 0.0059716827, 0.0060353014, 0.006128556, 0.006265203, 0.0063469307, 0.006519088, 0.0066736196, 0.006733557, 0.006799283, 0.006769245, 0.006711088, 0.0065034847, 0.006188573, 0.005810195, 0.005616014, 0.005253419, 0.0049587525, 0.004843102, 0.004673787, 0.0045686276, 0.0044835275, 0.004428818, 0.004256097, 0.003966599, 0.0037768064, 0.0033343765, 0.0028721665, 0.0026613348, 0.0023280706, 0.002150478, 0.0021264749, 0.0021573547, 0.0022516062, 0.0023125533, 0.0023072483, 0.002208058, 0.0020141718, 0.0017938829, 0.0017014407, 0.0016000776, 0.0016472642, 0.0017273625, 0.0019658688, 0.002223303, 0.0023884566, 0.0024133197, 0.002350222, 0.002203388, 0.0021320875, 0.0020463984, 0.0020521702, 0.0020790808, 0.002136415, 0.002145457, 0.0021044428, 0.0021075327, 0.0023930594, 0.0031350139, 0, 0, 0, 0, 0, 0, 0, 0, 0, 0, 0, 0, 0, 0, 0, 0, 0, 0, 0, 0, 0, 0, 0, 0, 0, 0, 0, 0, 0, 0, 0, 0, 0, 0, 0, 0, 0, 0, 0, 0, 0, 0, 0, 0, 0, 0, 0, 0, 0, 0, 0, 0, 0, 0, 0, 0, 0, 0, 0, 0, 0
0.0010447071, 0.0010477445, 0.0011924091, 0.0014425769, 0.0015787501, 0.001849349, 0.002110961, 0.0022394075, 0.0024962074, 0.002760412, 0.0030390385, 0.0031842613, 0.0034829539, 0.0037825387, 0.0039285384, 0.0042064777, 0.004461626, 0.0046920087, 0.0047979006, 0.0049918722, 0.005168018, 0.005251732, 0.0054125763, 0.0055620805, 0.0056309537, 0.005755074, 0.0058645727, 0.0059680506, 0.006019607, 0.0061220564, 0.006221479, 0.0062700547, 0.0063693766, 0.0064769518, 0.0065883696, 0.006638815, 0.0067087985, 0.0067124967, 0.0066827014, 0.0065565538, 0.0063467906, 0.006215438, 0.0059159915, 0.005596266, 0.005294431, 0.0051600416, 0.00493413, 0.0047641415, 0.0046963715, 0.0045816004, 0.004469752, 0.0043211756, 0.004219828, 0.003945864, 0.0035856834, 0.0033870968, 0.0029981046, 0.0026838176, 0.0025730398, 0.0024579864, 0.0024701653, 0.0025640444, 0.0026212104, 0.0027123392, 0.0027238624, 0.002689946, 0.002552524, 0.0023725093, 0.0022326123, 0.0022027777, 0.0022535014, 0.002450708, 0.0025890332, 0.0028847333, 0.003115942, 0.003207549, 0.003198685, 0.0031117075, 0.0030123992, 0.0029819605, 0.0029711837, 0.00299341, 0.002996999, 0.002949048, 0.0027989089, 0.0025673935, 0.0024588585, 0.0024002567, 0.0026488309, 0.002833376, 0, 0, 0, 0, 0, 0, 0, 0, 0, 0, 0, 0, 0, 0, 0, 0, 0, 0, 0, 0, 0, 0, 0, 0, 0, 0, 0, 0, 0, 0, 0, 0, 0, 0, 0, 0, 0, 0, 0, 0, 0, 0, 0, 0, 0, 0, 0, 0, 0, 0, 0, 0, 0, 0, 0, 0, 0, 0, 0, 0
0.0012340609, 0.001232914, 0.0013836356, 0.0016521772, 0.0017994775, 0.0020956988, 0.0023881716, 0.00253384, 0.002826848, 0.003122095, 0.0034154777, 0.0035591219, 0.0038345857, 0.004089161, 0.004208194, 0.004430766, 0.0046368237, 0.0048302724, 0.0049231034, 0.0051022815, 0.0052755238, 0.0053606695, 0.005526644, 0.005680879, 0.0057509667, 0.0058755917, 0.005986512, 0.0060981372, 0.0061582285, 0.0062857694, 0.006411134, 0.0064661, 0.0065481733, 0.0065793274, 0.0065466887, 0.006503485, 0.0063616834, 0.006152486, 0.0060284385, 0.0057582012, 0.00548236, 0.0053504077, 0.0051101916, 0.0049123154, 0.0047583277, 0.004694918, 0.0045809317, 0.0044624167, 0.0043949736, 0.0042355442, 0.004038763, 0.0037986836, 0.0036615294, 0.0033619131, 0.0030596722, 0.0029235794, 0.0027139976, 0.0026147456, 0.0026078057, 0.0026615635, 0.0027678611, 0.0028779537, 0.0029218653, 0.002967795, 0.0029494045, 0.002920178, 0.0028473262, 0.0028057843, 0.0028510178, 0.0029165286, 0.0031303389, 0.0034196202, 0.0035705667, 0.0038295344, 0.0039754063, 0.0039912406, 0.0039643846, 0.003891226, 0.0038492775, 0.0038463483, 0.0038529625, 0.0038167075, 0.003762617, 0.003563655, 0.0032501046, 0.0028770422, 0.002704647, 0.002507779, 0.0027423494, 0.00317266, 0.004485118, 0, 0, 0, 0, 0, 0, 0, 0, 0, 0, 0, 0, 0, 0, 0, 0, 0, 0, 0, 0, 0, 0, 0, 0, 0, 0, 0, 0, 0, 0, 0, 0, 0, 0, 0, 0, 0, 0, 0, 0, 0, 0, 0, 0, 0, 0, 0, 0, 0, 0, 0, 0, 0, 0, 0, 0, 0, 0, 0
0.0013833271, 0.0013769527, 0.0015241863, 0.0017965677, 0.0019471326, 0.0022531643, 0.0025597634, 0.0027135077, 0.0030198342, 0.0033179475, 0.0035954153, 0.0037226924, 0.0039504655, 0.0041466597, 0.004236578, 0.0044103214, 0.0045870105, 0.00477342, 0.0048700217, 0.0050666523, 0.0052617765, 0.005356608, 0.0055369325, 0.005698813, 0.0057707857, 0.00589573, 0.006000379, 0.006095438, 0.006141923, 0.006229428, 0.006293526, 0.0063079325, 0.00628215, 0.006166464, 0.00595538, 0.0058184504, 0.0055026277, 0.0051680733, 0.0050087264, 0.0047295364, 0.004520449, 0.0044428436, 0.00433162, 0.0042567253, 0.004187485, 0.00414482, 0.004026707, 0.0038512107, 0.0037424404, 0.0034947456, 0.0032313927, 0.0029810036, 0.0028683147, 0.0026825448, 0.0025674787, 0.0025407707, 0.0025500893, 0.0026272086, 0.0026819324, 0.002800199, 0.0029075283, 0.0029882358, 0.0030180058, 0.003060835, 0.0030983454, 0.0031252622, 0.0032183302, 0.0033861762, 0.0036272178, 0.0037662263, 0.004050495, 0.0042996667, 0.004396243, 0.004515264, 0.0045344806, 0.0044869725, 0.0044555543, 0.0044093938, 0.004395809, 0.0043918625, 0.004348253, 0.0042034495, 0.0040824073, 0.0037483117, 0.003334766, 0.0029196525, 0.0027431084, 0.0025276926, 0.0026032072, 0.0027782295, 0.0031987575, 0, 0, 0, 0, 0, 0, 0, 0, 0, 0, 0, 0, 0, 0, 0, 0, 0, 0, 0, 0, 0, 0, 0, 0, 0, 0, 0, 0, 0, 0, 0, 0, 0, 0, 0, 0, 0, 0, 0, 0, 0, 0, 0, 0, 0, 0, 0, 0, 0, 0, 0, 0, 0, 0, 0, 0, 0, 0, 0
0.0014983108, 0.0014888833, 0.0016364102, 0.0019145788, 0.002068715, 0.002382503, 0.002696924, 0.0028535798, 0.0031614187, 0.00345313, 0.003716008, 0.0038335165, 0.0040391413, 0.004213185, 0.0042933393, 0.004452625, 0.004624125, 0.0048144055, 0.0049151373, 0.005118817, 0.0053103575, 0.005396361, 0.0055426876, 0.0056510344, 0.005691167, 0.005745281, 0.005768489, 0.005766967, 0.005757262, 0.005717679, 0.005640709, 0.00558337, 0.005420879, 0.0051876055, 0.0048903027, 0.0047255643, 0.0043907636, 0.004088499, 0.003962681, 0.0037748355, 0.0036679276, 0.0036366025, 0.0035913254, 0.0035314686, 0.0034223367, 0.0033428543, 0.0031327019, 0.002869181, 0.002728119, 0.0024571077, 0.002240366, 0.002112191, 0.0020863607, 0.0021091935, 0.0022144145, 0.0022875578, 0.0024493882, 0.002600622, 0.0026645197, 0.002765293, 0.002841287, 0.0029170832, 0.0029626626, 0.0030812453, 0.003251961, 0.0033614142, 0.0036310707, 0.0039515183, 0.004273751, 0.00441569, 0.004627201, 0.004723691, 0.0047312845, 0.004688706, 0.004611564, 0.004546299, 0.0045258603, 0.0045076893, 0.0044873883, 0.0044594356, 0.004331729, 0.004083469, 0.0039150873, 0.0035186515, 0.0031016865, 0.0027362837, 0.0025900968, 0.0023853069, 0.0022931148, 0.0022831704, 0.0023272946, 0.002588011, 0, 0, 0, 0, 0, 0, 0, 0, 0, 0, 0, 0, 0, 0, 0, 0, 0, 0, 0, 0, 0, 0, 0, 0, 0, 0, 0, 0, 0, 0, 0, 0, 0, 0, 0, 0, 0, 0, 0, 0, 0, 0, 0, 0, 0, 0, 0, 0, 0, 0, 0, 0, 0, 0, 0, 0, 0, 0
0.0015625383, 0.0015538755, 0.0017119372, 0.0020081254, 0.0021720794, 0.0025039527, 0.0028316493, 0.0029922388, 0.0033024044, 0.0035917473, 0.0038530733, 0.0039719585, 0.0041859783, 0.004372077, 0.00445712, 0.0046183662, 0.004777932, 0.004941135, 0.005022938, 0.005176321, 0.005296972, 0.0053386847, 0.0053772526, 0.0053566145, 0.005326718, 0.005236247, 0.005114738, 0.004969959, 0.004889541, 0.0047123106, 0.004512542, 0.0044041406, 0.00417213, 0.0039232587, 0.0036679811, 0.0035431886, 0.0033137698, 0.003128732, 0.0030568559, 0.0029510984, 0.002876938, 0.0028408885, 0.0027466482, 0.0025981574, 0.00238486, 0.0022573497, 0.0019797764, 0.0017106871, 0.0015950777, 0.0014311518, 0.001383164, 0.0014574633, 0.0015349006, 0.0017455398, 0.0019881374, 0.0021048964, 0.002301756, 0.0024331359, 0.0024766116, 0.00254013, 0.0026136453, 0.002741706, 0.0028338747, 0.0030749154, 0.0033796614, 0.0035479702, 0.0038967326, 0.0042225905, 0.0044700187, 0.0045496942, 0.004609045, 0.0045563364, 0.004504898, 0.0043947874, 0.004319133, 0.004294476, 0.0042940597, 0.0042865253, 0.004224125, 0.0041586044, 0.003946453, 0.0036337452, 0.003451211, 0.0030722013, 0.0027256724, 0.0024481264, 0.0023331542, 0.002123032, 0.0018938229, 0.0017652335, 0.0015157996, 0.0013693708, 0, 0, 0, 0, 0, 0, 0, 0, 0, 0, 0, 0, 0, 0, 0, 0, 0, 0, 0, 0, 0, 0, 0, 0, 0, 0, 0, 0, 0, 0, 0, 0, 0, 0, 0, 0, 0, 0, 0, 0, 0, 0, 0, 0, 0, 0, 0, 0, 0, 0, 0, 0, 0, 0, 0, 0, 0, 0
0.0015634391, 0.0015573249, 0.0017274241, 0.0020410912, 0.0022140213, 0.0025613671, 0.0028986507, 0.0030612387, 0.0033699072, 0.0036524374, 0.003906256, 0.0040226467, 0.0042354814, 0.0044202395, 0.0045014014, 0.004640846, 0.004753107, 0.0048423028, 0.004877628, 0.0049238624, 0.0049227043, 0.0048995395, 0.0048034354, 0.00464592, 0.004548808, 0.004331486, 0.0041002487, 0.0038681207, 0.0037534977, 0.0035263265, 0.0033018687, 0.0031911086, 0.0029763263, 0.002776635, 0.002599379, 0.002520553, 0.0023825534, 0.0022676792, 0.0022158022, 0.0021121304, 0.0019915244, 0.0019180211, 0.0017358625, 0.0015057874, 0.0012458813, 0.0011160937, 0.00088638935, 0.0007365582, 0.00070387794, 0.0007347977, 0.00088785536, 0.0011312157, 0.0012705965, 0.0015515116, 0.0017958492, 0.0018936631, 0.0020341089, 0.002114218, 0.0021433071, 0.0022132548, 0.002342913, 0.0025645436, 0.00270951, 0.0030476109, 0.0034066152, 0.003577234, 0.0038719836, 0.0040754834, 0.004167623, 0.004172592, 0.0041181357, 0.004023733, 0.0039800587, 0.0039285333, 0.003931311, 0.003957017, 0.003960823, 0.0039160433, 0.0037747445, 0.0036656726, 0.0033822735, 0.0030452919, 0.0028731413, 0.0025537498, 0.0022920067, 0.0020777914, 0.001972586, 0.0017228634, 0.0013878935, 0.0011922958, 0.0007970009, 0.00047062786, 7.6052864e-05, -1.3118837e-05, 0, 0, 0, 0, 0, 0, 0, 0, 0, 0, 0, 0, 0, 0, 0, 0, 0, 0, 0, 0, 0, 0, 0, 0, 0, 0, 0, 0, 0, 0, 0, 0, 0, 0, 0, 0, 0, 0, 0, 0, 0, 0, 0, 0, 0, 0, 0, 0, 0, 0, 0, 0, 0, 0, 0, 0
0.0014976361, 0.0014931242, 0.0016624578, 0.0019700557, 0.0021382049, 0.002471418, 0.0027887074, 0.0029392762, 0.0032206976, 0.0034698783, 0.003684741, 0.003780033, 0.003948457, 0.004087231, 0.0041438923, 0.004228136, 0.0042713787, 0.0042739986, 0.0042600445, 0.0042002928, 0.00409502, 0.004024651, 0.0038508635, 0.0036410836, 0.0035276741, 0.0032953587, 0.0030696879, 0.002861252, 0.002764055, 0.0025798357, 0.00240034, 0.0023098174, 0.0021257498, 0.00194386, 0.0017728908, 0.001693653, 0.0015461294, 0.0014064632, 0.001336019, 0.0011862338, 0.0010173845, 0.0009244386, 0.00072509336, 0.00052152167, 0.0003424077, 0.00027369813, 0.00020131469, 0.00023724943, 0.00029927227, 0.0004999551, 0.0007712464, 0.0010589358, 0.0011916995, 0.0014108451, 0.0015582322, 0.0016085851, 0.0016824786, 0.0017566576, 0.0018071556, 0.0019574538, 0.0021891168, 0.0024969107, 0.0026693267, 0.0030169766, 0.0033189014, 0.0034370583, 0.0035918413, 0.003639306, 0.0036056237, 0.0035723117, 0.0035047391, 0.003472935, 0.0034779492, 0.003523508, 0.0035802322, 0.003589114, 0.0035601545, 0.0034199327, 0.0031779874, 0.0030283553, 0.0026979302, 0.0023670136, 0.0022152832, 0.0019542975, 0.0017436417, 0.0015391303, 0.001419499, 0.0011177121, 0.00073722797, 0.000535392, 0.0001736605, -6.478289e-05, -0.00019843553, -0.00023719296, 0, 0, 0, 0, 0, 0, 0, 0, 0, 0, 0, 0, 0, 0, 0, 0, 0, 0, 0, 0, 0, 0, 0, 0, 0, 0, 0, 0, 0, 0, 0, 0, 0, 0, 0, 0, 0, 0, 0, 0, 0, 0, 0, 0, 0, 0, 0, 0, 0, 0, 0, 0, 0, 0, 0, 0
0.0013669273, 0.0013623725, 0.0015165992, 0.001794166, 0.0019434353, 0.002232097, 0.0024976924, 0.00262065, 0.0028447094, 0.0030336746, 0.003183745, 0.0032447479, 0.0033428627, 0.0034133676, 0.003438321, 0.0034655372, 0.0034581246, 0.0034116053, 0.0033729987, 0.0032666847, 0.003128266, 0.0030510828, 0.0028891836, 0.002726562, 0.0026473599, 0.002495343, 0.0023519483, 0.0022153337, 0.0021479793, 0.002008835, 0.0018522049, 0.0017635106, 0.0015632816, 0.0013409968, 0.0011145031, 0.00100488, 0.00079913787, 0.00061233755, 0.0005251214, 0.0003613953, 0.00021199259, 0.00014389954, 2.8204437e-05, -4.546424e-05, -5.7028567e-05, -3.4018267e-05, 7.463668e-05, 0.0002616737, 0.0003780629, 0.0006346217, 0.0008867618, 0.001092962, 0.001170155, 0.0012711777, 0.0013250044, 0.0013492136, 0.0014264291, 0.0015743143, 0.001680012, 0.0019480427, 0.0022659772, 0.002591743, 0.002743173, 0.002995728, 0.0031546594, 0.003194158, 0.0031998511, 0.0031388206, 0.0030635016, 0.0030366192, 0.0030236295, 0.003067573, 0.003102365, 0.0031649657, 0.00316763, 0.0030659463, 0.00297204, 0.0027104772, 0.0023844861, 0.0022120136, 0.0018752745, 0.001578121, 0.0014504029, 0.0012316934, 0.0010318884, 0.00080003944, 0.00066013297, 0.00033343848, -1.3817768e-05, -0.00016912461, -0.00038985244, -0.00045846772, -0.0004219, -0.00039876965, -0.00042889276, 0, 0, 0, 0, 0, 0, 0, 0, 0, 0, 0, 0, 0, 0, 0, 0, 0, 0, 0, 0, 0, 0, 0, 0, 0, 0, 0, 0, 0, 0, 0, 0, 0, 0, 0, 0, 0, 0, 0, 0, 0, 0, 0, 0, 0, 0, 0, 0, 0, 0, 0, 0, 0, 0, 0
0.0011992084, 0.0011955808, 0.0013361257, 0.0015862386, 0.0017185871, 0.0019680376, 0.0021862779, 0.002283165, 0.0024521141, 0.0025858462, 0.002682219, 0.002717185, 0.0027652048, 0.002790154, 0.0027954613, 0.002792801, 0.0027696728, 0.0027200067, 0.0026835373, 0.0025882365, 0.0024718884, 0.0024110414, 0.0022944116, 0.0021923156, 0.002146271, 0.002057799, 0.0019623612, 0.0018479377, 0.0017815891, 0.0016280096, 0.0014438038, 0.0013395982, 0.0011093665, 0.0008618148, 0.00061789755, 0.0005033411, 0.00029717197, 0.00012831589, 5.9075086e-05, -4.740841e-05, -0.00010974427, -0.0001231852, -0.00010969053, -3.5046778e-05, 0.000104428516, 0.00019617614, 0.00041147592, 0.0006425469, 0.00075322785, 0.00094673136, 0.0010888885, 0.0011775234, 0.0012052653, 0.0012442963, 0.0012983796, 0.0013458765, 0.0015048245, 0.0017553497, 0.0019078264, 0.0022353763, 0.0025422194, 0.0027786659, 0.002861062, 0.0029486644, 0.0029429079, 0.0029122378, 0.0028202406, 0.0027268822, 0.0026735722, 0.0026683267, 0.0026929954, 0.0027292452, 0.0027348578, 0.0026874726, 0.002536045, 0.0022793352, 0.0021201926, 0.0017696053, 0.0014169927, 0.001252933, 0.0009648334, 0.0007344525, 0.00063632475, 0.00045181348, 0.00024694018, -7.375794e-06, -0.00015188009, -0.00044806025, -0.0006925536, -0.00077239174, -0.0008198772, -0.0007339162, -0.000596657, -0.00054675114, -0.0005552504, 0, 0, 0, 0, 0, 0, 0, 0, 0, 0, 0, 0, 0, 0, 0, 0, 0, 0, 0, 0, 0, 0, 0, 0, 0, 0, 0, 0, 0, 0, 0, 0, 0, 0, 0, 0, 0, 0, 0, 0, 0, 0, 0, 0, 0, 0, 0, 0, 0, 0, 0, 0, 0, 0, 0
0.001040443, 0.0010408796, 0.0011798049, 0.00142151, 0.001549429, 0.0017890728, 0.0019933044, 0.0020808224, 0.002226976, 0.0023380588, 0.0024179332, 0.0024476391, 0.0024891447, 0.0025095523, 0.002512757, 0.0025069471, 0.002486711, 0.0024500263, 0.0024239926, 0.0023533395, 0.0022604053, 0.0022082918, 0.002099529, 0.0019915851, 0.0019378522, 0.0018259627, 0.0016985296, 0.0015471914, 0.0014622298, 0.0012772359, 0.0010777707, 0.00097554165, 0.0007725031, 0.00058180315, 0.00041556594, 0.00034436435, 0.0002297987, 0.00015745363, 0.00013871383, 0.00013881111, 0.00018822985, 0.00023063853, 0.00034904922, 0.0005087896, 0.0007013617, 0.0008042131, 0.0010057277, 0.001175501, 0.0012412077, 0.0013310002, 0.0013814621, 0.0014241295, 0.0014527664, 0.0015413533, 0.0016870669, 0.0017845713, 0.0020253102, 0.0023041584, 0.0024443322, 0.0026922561, 0.002858659, 0.002919184, 0.002911162, 0.0028356197, 0.0027137676, 0.0026485904, 0.0025336312, 0.0024598737, 0.0024309352, 0.0024252688, 0.0024010476, 0.002316357, 0.002239004, 0.0020064956, 0.0016862676, 0.0013165005, 0.0011282454, 0.0007721378, 0.00047319438, 0.00035155957, 0.00016137474, 1.869888e-05, -4.8721322e-05, -0.0002029291, -0.00040515294, -0.0006472504, -0.00076980155, -0.0009791111, -0.0010873779, -0.0010910738, -0.0010027848, -0.0008346018, -0.000677524, -0.0006325161, -0.0006526059, -0.0008276764, 0, 0, 0, 0, 0, 0, 0, 0, 0, 0, 0, 0, 0, 0, 0, 0, 0, 0, 0, 0, 0, 0, 0, 0, 0, 0, 0, 0, 0, 0, 0, 0, 0, 0, 0, 0, 0, 0, 0, 0, 0, 0, 0, 0, 0, 0, 0, 0, 0, 0, 0, 0, 0, 0
0.0009090432, 0.0009136346, 0.0010503916, 0.0012824966, 0.0014064049, 0.0016427553, 0.001848367, 0.0019368371, 0.00208511, 0.0021995448, 0.002289394, 0.002327199, 0.00238948, 0.0024306928, 0.002442249, 0.0024475353, 0.002433947, 0.002405649, 0.0023855912, 0.0023283993, 0.002241902, 0.0021866916, 0.0020542783, 0.0018994401, 0.0018164087, 0.0016440955, 0.0014679111, 0.00129305, 0.001207748, 0.0010460612, 0.00090186286, 0.00083874975, 0.0007361091, 0.00067010644, 0.00064211834, 0.00064125797, 0.0006634916, 0.00071790046, 0.00075838447, 0.0008660447, 0.0010045018, 0.0010815305, 0.00124017, 0.001395023, 0.0015374535, 0.0016020793, 0.001712204, 0.0017915322, 0.001819742, 0.0018636534, 0.0019184403, 0.002017644, 0.002090099, 0.002279026, 0.0025070885, 0.0026259301, 0.002849309, 0.003023868, 0.003083121, 0.0031328113, 0.0030883802, 0.002967515, 0.0028888183, 0.0027201425, 0.0025680112, 0.0025059637, 0.002415101, 0.002356312, 0.002293966, 0.0022459372, 0.0020864774, 0.001823829, 0.0016558303, 0.0012704582, 0.000864697, 0.00048908615, 0.00032469555, 5.55988e-05, -0.00012835009, -0.00019130089, -0.00027820418, -0.00035482444, -0.00040469, -0.0005447579, -0.0007310695, -0.0009218777, -0.0010006699, -0.0010921574, -0.001074128, -0.001025115, -0.0008738263, -0.0007019214, -0.00057608675, -0.0005466288, -0.00057426264, -0.00071939855, -0.0008222888, 0, 0, 0, 0, 0, 0, 0, 0, 0, 0, 0, 0, 0, 0, 0, 0, 0, 0, 0, 0, 0, 0, 0, 0, 0, 0, 0, 0, 0, 0, 0, 0, 0, 0, 0, 0, 0, 0, 0, 0, 0, 0, 0, 0, 0, 0, 0, 0, 0, 0, 0, 0, 0
0.000782658, 0.000788376, 0.0009070544, 0.0011028624, 0.0012075335, 0.0014118733, 0.0015988405, 0.0016829006, 0.0018296832, 0.0019487394, 0.002047538, 0.002091541, 0.0021698857, 0.002230131, 0.0022510516, 0.0022727589, 0.002270924, 0.002252094, 0.0022369807, 0.0021922486, 0.0021200299, 0.0020712526, 0.001947383, 0.0017946985, 0.001711625, 0.0015438239, 0.0013892343, 0.0012633484, 0.0012143715, 0.0011460799, 0.0011163839, 0.0011157624, 0.00114414, 0.0012126026, 0.0013163193, 0.0013785216, 0.0015166274, 0.0016673362, 0.0017471913, 0.001913651, 0.0020815816, 0.00216097, 0.002298343, 0.0023977566, 0.0024627827, 0.0024869533, 0.0025310614, 0.0025827761, 0.0026156183, 0.0027045761, 0.0028363816, 0.0030165873, 0.003120991, 0.0033395085, 0.0035349599, 0.0036103928, 0.0036963453, 0.003681236, 0.0036357269, 0.003481957, 0.0032727048, 0.0030508407, 0.00294768, 0.0027735545, 0.002647833, 0.0025996713, 0.0025140564, 0.0024095688, 0.0022426248, 0.0021248823, 0.0018149173, 0.0014229944, 0.0012108161, 0.0007929572, 0.00042869317, 0.0001500561, 4.55812e-05, -9.991784e-05, -0.00018031815, -0.00020544854, -0.00025097406, -0.00032388896, -0.00037875999, -0.0005220973, -0.000676975, -0.0007895808, -0.00081552885, -0.00079782185, -0.00070047355, -0.0006326094, -0.00048490328, -0.00035054472, -0.00025176123, -0.00022032711, -0.00019693415, -0.00020039149, -0.00017624923, 0.00011569448, 0, 0, 0, 0, 0, 0, 0, 0, 0, 0, 0, 0, 0, 0, 0, 0, 0, 0, 0, 0, 0, 0, 0, 0, 0, 0, 0, 0, 0, 0, 0, 0, 0, 0, 0, 0, 0, 0, 0, 0, 0, 0, 0, 0, 0, 0, 0, 0, 0, 0, 0, 0
0.00062428776, 0.00063012884, 0.00072386983, 0.00086965604, 0.0009459544, 0.0010958525, 0.0012402618, 0.0013095753, 0.0014373632, 0.0015477687, 0.0016407117, 0.0016818589, 0.0017556589, 0.0018177686, 0.0018434274, 0.0018808659, 0.0018995132, 0.001902535, 0.0018993034, 0.0018841983, 0.0018566507, 0.0018376856, 0.0017902986, 0.001733222, 0.0017031571, 0.0016471371, 0.001609801, 0.0016057534, 0.0016192398, 0.0016773576, 0.0017712908, 0.0018292491, 0.001964778, 0.002124281, 0.0023029603, 0.002396191, 0.0025827507, 0.002760676, 0.002844702, 0.0030030091, 0.0031451697, 0.0032080081, 0.0033113775, 0.0033834213, 0.0034362948, 0.003462898, 0.0035321163, 0.0036365557, 0.0037036226, 0.0038627982, 0.004043279, 0.004221633, 0.0043008314, 0.0044190288, 0.004461573, 0.004449019, 0.004354021, 0.0041762055, 0.0040633883, 0.0038122104, 0.003560365, 0.00334364, 0.0032547435, 0.0031135904, 0.002998241, 0.002937873, 0.0027863132, 0.0025693446, 0.0022744592, 0.002099882, 0.0017151713, 0.0013200776, 0.0011339965, 0.00081114797, 0.0005721574, 0.0004150113, 0.0003603567, 0.00027988892, 0.00021188843, 0.0001747984, 8.3657374e-05, -3.5337904e-05, -0.00010284602, -0.00023491956, -0.00033088122, -0.00035653167, -0.0003401305, -0.00026044497, -0.00014889518, -9.177664e-05, 1.6653368e-05, 0.00012011417, 0.00022671898, 0.00028092353, 0.00038320225, 0.00048342437, 0.0005550297, 0.0008719618, 0, 0, 0, 0, 0, 0, 0, 0, 0, 0, 0, 0, 0, 0, 0, 0, 0, 0, 0, 0, 0, 0, 0, 0, 0, 0, 0, 0, 0, 0, 0, 0, 0, 0, 0, 0, 0, 0, 0, 0, 0, 0, 0, 0, 0, 0, 0, 0, 0, 0, 0, 0
0.00041863692, 0.00042833696, 0.00051194086, 0.00062884967, 0.00068667356, 0.0007953427, 0.0008986798, 0.00094971206, 0.0010496803, 0.0011423838, 0.0012221988, 0.001257079, 0.0013189317, 0.0013748902, 0.0014021135, 0.0014540224, 0.0015006451, 0.0015415347, 0.0015601659, 0.0015975544, 0.001641933, 0.0016694367, 0.001739122, 0.0018289683, 0.0018802145, 0.0019919928, 0.0021158655, 0.002256057, 0.0023335533, 0.0025026707, 0.0026839091, 0.0027762156, 0.002960046, 0.0031422405, 0.0033235825, 0.0034128414, 0.0035834508, 0.0037370196, 0.0038064504, 0.003933568, 0.0040523484, 0.004110288, 0.004225556, 0.0043408065, 0.0044620945, 0.004527617, 0.004672811, 0.0048347735, 0.0049184123, 0.005076822, 0.005201742, 0.005267018, 0.005271316, 0.0052174064, 0.0050854855, 0.0049957605, 0.004783927, 0.004553554, 0.0044389325, 0.0042236676, 0.0040363003, 0.0038799443, 0.0038098032, 0.003667759, 0.0034925833, 0.0033822963, 0.0031066695, 0.002767626, 0.0023967314, 0.0022121193, 0.0018701606, 0.0015877145, 0.0014730496, 0.0012940961, 0.0011663439, 0.0010604109, 0.0010057209, 0.0008799088, 0.00072757213, 0.0006444777, 0.00047849707, 0.00033674898, 0.00028229828, 0.00021627861, 0.00021042518, 0.0002550607, 0.00028896678, 0.00036338923, 0.0004296949, 0.00045990822, 0.000526574, 0.00062395446, 0.0007635098, 0.00084372517, 0.0009990672, 0.0011250661, 0.001188162, 0.0014355417, 0.0022070757, 0.0024981438, 0, 0, 0, 0, 0, 0, 0, 0, 0, 0, 0, 0, 0, 0, 0, 0, 0, 0, 0, 0, 0, 0, 0, 0, 0, 0, 0, 0, 0, 0, 0, 0, 0, 0, 0, 0, 0, 0, 0, 0, 0, 0, 0, 0, 0, 0, 0, 0, 0, 0
0.0001941263, 0.00021202113, 0.00030459577, 0.00042081837, 0.0004755754, 0.00057156355, 0.0006546006, 0.0006939166, 0.0007730263, 0.0008523317, 0.0009277599, 0.0009629877, 0.0010294684, 0.0010943561, 0.0011282641, 0.0012014484, 0.0012821736, 0.0013704597, 0.0014173322, 0.001518667, 0.0016381203, 0.0017085626, 0.0018764618, 0.0020819055, 0.0021957685, 0.0024353426, 0.0026794781, 0.0029205517, 0.0030390383, 0.0032697918, 0.0034868664, 0.0035876662, 0.0037708122, 0.0039336756, 0.004086049, 0.004161307, 0.004310551, 0.0044560325, 0.0045269276, 0.0046671634, 0.0048135566, 0.0048918175, 0.005061237, 0.0052453456, 0.005435058, 0.005527789, 0.0057010027, 0.005842766, 0.005896326, 0.0059589287, 0.005950826, 0.0058663953, 0.005797015, 0.0056143175, 0.005395281, 0.0052827704, 0.005071153, 0.004897317, 0.004827117, 0.0047123865, 0.004610205, 0.0044885916, 0.0044107237, 0.004203325, 0.0039162296, 0.0037438816, 0.0033590975, 0.002963677, 0.0026126818, 0.002467303, 0.0022479787, 0.0021119944, 0.0020640586, 0.0019796607, 0.0018752817, 0.0017216335, 0.0016236041, 0.0013948038, 0.0011531129, 0.0010431685, 0.00087547227, 0.0008032512, 0.0008035361, 0.0008597811, 0.0009488313, 0.0010224713, 0.0010439381, 0.001056226, 0.0010484147, 0.0010500288, 0.0010894258, 0.0011946987, 0.0013549523, 0.0014410615, 0.001584299, 0.0016460903, 0.001645824, 0.0016417919, 0.0017654086, 0.0018540464, 0, 0, 0, 0, 0, 0, 0, 0, 0, 0, 0, 0, 0, 0, 0, 0, 0, 0, 0, 0, 0, 0, 0, 0, 0, 0, 0, 0, 0, 0, 0, 0, 0, 0, 0, 0, 0, 0, 0, 0, 0, 0, 0, 0, 0, 0, 0, 0, 0, 0
-1.017985e-05, 1.5913809e-05, 0.000116286494, 0.000232837, 0.0002875074, 0.00038402862, 0.000465988, 0.0005035634, 0.0005771479, 0.0006532576, 0.0007354973, 0.0007788809, 0.00086975284, 0.00096594443, 0.0010158059, 0.0011213562, 0.0012383406, 0.0013698544, 0.0014412951, 0.0015938644, 0.0017614034, 0.0018532305, 0.0020587184, 0.002296939, 0.0024268301, 0.0026995775, 0.0029759037, 0.003243925, 0.0033728587, 0.003618256, 0.0038435264, 0.003947035, 0.0041354364, 0.004305131, 0.004471504, 0.0045577707, 0.0047408342, 0.0049353824, 0.0050349394, 0.0052334624, 0.0054310597, 0.005529556, 0.0057249097, 0.0059136683, 0.006084616, 0.006157617, 0.0062688715, 0.0063201124, 0.0063199014, 0.006267451, 0.0061514815, 0.0059866095, 0.0058922423, 0.0056950576, 0.0055078296, 0.0054253503, 0.0052936003, 0.005209897, 0.0051818816, 0.0051320395, 0.005051419, 0.0048970953, 0.004784358, 0.004486412, 0.004111111, 0.003907571, 0.0035039715, 0.003154308, 0.002904761, 0.002823035, 0.0027327894, 0.0026962124, 0.002677871, 0.0026019413, 0.0024472647, 0.002214261, 0.002078974, 0.0018052986, 0.0015817351, 0.0015074167, 0.0014568546, 0.0015349777, 0.001610231, 0.0017861058, 0.0019250046, 0.0019720297, 0.0019589115, 0.0018877526, 0.0018148174, 0.0017984536, 0.0018270093, 0.0019307458, 0.0020654544, 0.0021232793, 0.0021766548, 0.002105972, 0.0020215185, 0.0017947706, 0.0016103789, 0.0015836288, 0, 0, 0, 0, 0, 0, 0, 0, 0, 0, 0, 0, 0, 0, 0, 0, 0, 0, 0, 0, 0, 0, 0, 0, 0, 0, 0, 0, 0, 0, 0, 0, 0, 0, 0, 0, 0, 0, 0, 0, 0, 0, 0, 0, 0, 0, 0, 0, 0, 0
-0.00020125133, -0.00017093887, -8.087485e-05, 1.405159e-05, 5.9635462e-05, 0.00014723727, 0.00022877459, 0.00026685104, 0.00033844236, 0.00040874095, 0.00048914354, 0.0005361945, 0.0006457322, 0.0007718033, 0.0008382644, 0.000974798, 0.001118563, 0.001274974, 0.001358449, 0.001533205, 0.0017141133, 0.0018067913, 0.0020013803, 0.0022151629, 0.0023306415, 0.0025761481, 0.0028316283, 0.003086917, 0.0032128443, 0.0034611542, 0.0037057046, 0.0038265667, 0.0040663793, 0.0043056253, 0.0045507057, 0.004677041, 0.004936274, 0.0051947157, 0.005319349, 0.005549088, 0.0057447175, 0.0058280844, 0.005966116, 0.006068236, 0.006137793, 0.0061604395, 0.0061784573, 0.00615587, 0.0061280755, 0.0060415645, 0.0059236363, 0.005791502, 0.0057261973, 0.005605502, 0.005506784, 0.005466987, 0.0054058502, 0.0053601144, 0.0053365836, 0.00526703, 0.005136045, 0.004916704, 0.0047730925, 0.004434196, 0.004066016, 0.0038884082, 0.003578385, 0.0033595639, 0.0032456869, 0.0032235424, 0.003219955, 0.003216048, 0.0031939207, 0.0030831674, 0.0028839174, 0.002636361, 0.0025155973, 0.0023246214, 0.0022468332, 0.002259661, 0.0023832284, 0.0026003676, 0.0027215015, 0.0029326074, 0.0030409012, 0.003017449, 0.0029668326, 0.002836926, 0.002741288, 0.0027241774, 0.0027544363, 0.0028328546, 0.0028900898, 0.0028896295, 0.0027990162, 0.002577499, 0.002426757, 0.0021111737, 0.0019705812, 0.0021016393, 0.0033549555, 0, 0, 0, 0, 0, 0, 0, 0, 0, 0, 0, 0, 0, 0, 0, 0, 0, 0, 0, 0, 0, 0, 0, 0, 0, 0, 0, 0, 0, 0, 0, 0, 0, 0, 0, 0, 0, 0, 0, 0, 0, 0, 0, 0, 0, 0, 0, 0, 0
-0.00040819746, -0.00037772677, -0.00031180264, -0.00025890462, -0.0002337061, -0.00017949518, -0.00012227433, -9.491011e-05, -4.7821522e-05, -7.52281e-06, 4.1074283e-05, 7.4492265e-05, 0.00016640301, 0.0002883626, 0.00035683633, 0.0005001884, 0.000649586, 0.000809016, 0.0008936941, 0.0010724396, 0.0012584741, 0.0013528777, 0.0015470216, 0.0017557259, 0.0018683149, 0.0021104885, 0.002368606, 0.0026329344, 0.0027657351, 0.0030345465, 0.0033135707, 0.0034586445, 0.0037604985, 0.004073666, 0.004388502, 0.004542506, 0.004834861, 0.0050921, 0.005202648, 0.0053817704, 0.0054999418, 0.0055367695, 0.0055723526, 0.005570838, 0.005551187, 0.0055405865, 0.0055230684, 0.005510245, 0.005503593, 0.005484807, 0.0054568364, 0.005422606, 0.005405025, 0.0053690225, 0.00532967, 0.0053069266, 0.005249577, 0.0051695863, 0.00511787, 0.004983612, 0.0047989073, 0.00456163, 0.004427873, 0.0041522128, 0.0039027461, 0.0038007936, 0.003657684, 0.003597084, 0.0036006486, 0.0036160224, 0.0036457274, 0.0036351879, 0.0036035841, 0.003483298, 0.0033115325, 0.0031502394, 0.0030958024, 0.0030741736, 0.0031814591, 0.0032769376, 0.0035182321, 0.003767196, 0.003872389, 0.004007664, 0.0040188576, 0.0039228504, 0.003853531, 0.0037246763, 0.0036617932, 0.003662188, 0.003703831, 0.0037388375, 0.0036915296, 0.0036202795, 0.0033764995, 0.0030252996, 0.0028325503, 0.00248806, 0.0023464116, 0.0024206152, 0.0029405102, 0.0035012742, 0, 0, 0, 0, 0, 0, 0, 0, 0, 0, 0, 0, 0, 0, 0, 0, 0, 0, 0, 0, 0, 0, 0, 0, 0, 0, 0, 0, 0, 0, 0, 0, 0, 0, 0, 0, 0, 0, 0, 0, 0, 0, 0, 0, 0, 0, 0, 0
-0.00061878824, -0.00058777677, -0.00054622564, -0.0005414204, -0.0005443264, -0.00055024074, -0.00055251125, -0.0005540533, -0.00056225463, -0.00057556794, -0.00058175763, -0.00057637657, -0.000539387, -0.00046460514, -0.0004151632, -0.00029939614, -0.00016665772, -1.5173672e-05, 6.969228e-05, 0.0002596433, 0.00047482044, 0.0005902583, 0.0008352159, 0.0011009775, 0.0012421769, 0.0015404802, 0.0018498302, 0.0021565377, 0.0023061174, 0.002597237, 0.0028841563, 0.0030284377, 0.0033203457, 0.0036123793, 0.0038905593, 0.0040190797, 0.0042435364, 0.0044148504, 0.004478358, 0.004564236, 0.004601429, 0.004605563, 0.0045944233, 0.004571773, 0.0045558633, 0.0045563546, 0.0045817373, 0.0046389145, 0.0046755783, 0.0047530094, 0.004819629, 0.004862705, 0.004873383, 0.004869793, 0.0048300056, 0.0047953906, 0.004697436, 0.0045667198, 0.004492275, 0.0043342863, 0.0041728704, 0.004017701, 0.003946092, 0.0038257863, 0.0037537974, 0.0037404608, 0.0037562205, 0.003810779, 0.0038743706, 0.003900294, 0.0039284374, 0.0039144796, 0.0038911444, 0.0038222787, 0.0037534183, 0.003736405, 0.0037621274, 0.0038957652, 0.0041194335, 0.0042475513, 0.0044882894, 0.0046537523, 0.004696002, 0.004697068, 0.004610094, 0.0044863075, 0.0044296305, 0.004362115, 0.00436958, 0.004394955, 0.004448312, 0.004435518, 0.00428953, 0.004158298, 0.0037971735, 0.0033636484, 0.003149495, 0.0027869914, 0.002578441, 0.002548557, 0.0026392236, 0.002902608, 0, 0, 0, 0, 0, 0, 0, 0, 0, 0, 0, 0, 0, 0, 0, 0, 0, 0, 0, 0, 0, 0, 0, 0, 0, 0, 0, 0, 0, 0, 0, 0, 0, 0, 0, 0, 0, 0, 0, 0, 0, 0, 0, 0, 0, 0, 0, 0
-0.0007844533, -0.0007510388, -0.0007252021, -0.0007605558, -0.00079105014, -0.00086370984, -0.0009388199, -0.0009748023, -0.0010410363, -0.0011003306, -0.0011514132, -0.0011716338, -0.0011947809, -0.0011855188, -0.0011668149, -0.0010998498, -0.0009952403, -0.00085035205, -0.00076126127, -0.00054738915, -0.00028714328, -0.0001416918, 0.00017283087, 0.0005109866, 0.00068581005, 0.0010402059, 0.0013876504, 0.0017111693, 0.0018598262, 0.0021259387, 0.0023522621, 0.0024525654, 0.002633582, 0.0027934008, 0.0029340275, 0.002995791, 0.0030997773, 0.0031754088, 0.0032034745, 0.0032451479, 0.0032791537, 0.0032968398, 0.0033385055, 0.0033903846, 0.0034544652, 0.0034921477, 0.0035831789, 0.0036951804, 0.0037560533, 0.0038757317, 0.003972583, 0.0040272144, 0.0040356778, 0.004015588, 0.003950478, 0.0039039815, 0.0037930263, 0.0036740554, 0.003619229, 0.0035333836, 0.0034899705, 0.003488666, 0.003500872, 0.003544364, 0.0036106955, 0.0036519645, 0.0037450811, 0.0038372027, 0.0039094766, 0.0039348793, 0.003968039, 0.0039890273, 0.0039999997, 0.004033467, 0.0040967544, 0.0042119925, 0.004293778, 0.0045031863, 0.004739871, 0.0048491, 0.005007964, 0.0050549842, 0.0050363517, 0.0049407557, 0.0048189177, 0.004728369, 0.004707041, 0.004720538, 0.0047906227, 0.0048310426, 0.004877879, 0.004815451, 0.0045972965, 0.0044308943, 0.0040170928, 0.0035679624, 0.003356175, 0.0029942435, 0.0027196072, 0.0026103172, 0.002447148, 0.0024198943, 0.0025955958, 0, 0, 0, 0, 0, 0, 0, 0, 0, 0, 0, 0, 0, 0, 0, 0, 0, 0, 0, 0, 0, 0, 0, 0, 0, 0, 0, 0, 0, 0, 0, 0, 0, 0, 0, 0, 0, 0, 0, 0, 0, 0, 0, 0, 0, 0, 0
-0.00089066045, -0.0008541434, -0.00083537877, -0.00089487794, -0.00094238005, -0.001054652, -0.0011704057, -0.0012240872, -0.0013162446, -0.0013900577, -0.0014561114, -0.0014884124, -0.0015487485, -0.0015897149, -0.0015964885, -0.0015716819, -0.0014883027, -0.0013448846, -0.00125133, -0.0010230914, -0.0007455238, -0.0005915569, -0.00026392, 7.595773e-05, 0.0002452455, 0.00057207915, 0.0008704907, 0.0011266879, 0.0012350313, 0.0014075672, 0.0015209295, 0.0015575404, 0.0016015214, 0.0016227699, 0.0016400566, 0.0016515437, 0.0016858045, 0.0017373144, 0.0017697758, 0.0018477977, 0.0019462719, 0.0020037836, 0.0021332991, 0.0022736292, 0.0024120582, 0.0024772056, 0.0025992717, 0.0027134686, 0.002767781, 0.0028635785, 0.0029289613, 0.0029483237, 0.0029401141, 0.002895752, 0.0028330076, 0.002802333, 0.0027552978, 0.002741468, 0.0027515262, 0.0028098072, 0.0029135395, 0.003041932, 0.0031065221, 0.003221922, 0.0033157251, 0.0033577331, 0.0034411964, 0.003528859, 0.0036175535, 0.0036610146, 0.003751297, 0.0038567504, 0.0039182976, 0.004061487, 0.004227169, 0.0044127074, 0.004512153, 0.0047176643, 0.004907929, 0.0049843835, 0.0050736167, 0.005067011, 0.005034394, 0.004943223, 0.0048657097, 0.0048415274, 0.0048522386, 0.0049110088, 0.0049873935, 0.0050163795, 0.0050182883, 0.004901429, 0.0046442193, 0.004471203, 0.004076451, 0.00367794, 0.003493334, 0.0031586126, 0.002843181, 0.0026823103, 0.0023616918, 0.002119953, 0.0021038826, 0.0021750282, 0, 0, 0, 0, 0, 0, 0, 0, 0, 0, 0, 0, 0, 0, 0, 0, 0, 0, 0, 0, 0, 0, 0, 0, 0, 0, 0, 0, 0, 0, 0, 0, 0, 0, 0, 0, 0, 0, 0, 0, 0, 0, 0, 0, 0, 0
-0.0009863247, -0.00094864646, -0.0009375361, -0.0010076001, -0.0010571552, -0.0011664017, -0.0012738031, -0.0013238535, -0.001412529, -0.0014897691, -0.0015650167, -0.0016040737, -0.0016809705, -0.001737415, -0.0017494845, -0.0017246094, -0.0016281737, -0.0014684511, -0.0013703405, -0.001148685, -0.00090475654, -0.0007779798, -0.00052308716, -0.0002773689, -0.0001622406, 4.4408633e-05, 0.0002110859, 0.0003322374, 0.00037492483, 0.00042665616, 0.0004404107, 0.00043700013, 0.0004190715, 0.0004022317, 0.0004038206, 0.00041642337, 0.00046990087, 0.00056203007, 0.00062092004, 0.00075629796, 0.00090864376, 0.0009890485, 0.0011550864, 0.0013219074, 0.0014765994, 0.0015453435, 0.0016597462, 0.001746684, 0.0017815374, 0.0018330661, 0.0018533694, 0.001837551, 0.0018188083, 0.0017788509, 0.0017662973, 0.0017799234, 0.0018553712, 0.0019899458, 0.002073516, 0.0022577504, 0.0024404756, 0.002591656, 0.00264746, 0.002716371, 0.002747356, 0.002762407, 0.0028205726, 0.0029372072, 0.003106771, 0.0032039888, 0.0034091268, 0.003619638, 0.0037251976, 0.00393172, 0.004126299, 0.0043051806, 0.004390703, 0.0045564873, 0.0047126906, 0.004781749, 0.0048876093, 0.0049396395, 0.004948139, 0.004948496, 0.0049514347, 0.0049721417, 0.004987356, 0.0050171893, 0.0050256564, 0.005013322, 0.0049351403, 0.004766235, 0.004506944, 0.0043535433, 0.004030263, 0.0037183857, 0.003569502, 0.0032692035, 0.0029300721, 0.0027382446, 0.002327804, 0.0019598815, 0.001778218, 0.0017956602, 0, 0, 0, 0, 0, 0, 0, 0, 0, 0, 0, 0, 0, 0, 0, 0, 0, 0, 0, 0, 0, 0, 0, 0, 0, 0, 0, 0, 0, 0, 0, 0, 0, 0, 0, 0, 0, 0, 0, 0, 0, 0, 0, 0, 0, 0
-0.0011051745, -0.0010703674, -0.0010742993, -0.0011501594, -0.0011941926, -0.0012777261, -0.001360163, -0.0014043753, -0.001503924, -0.00161562, -0.0017299788, -0.0017833243, -0.0018669756, -0.0018955851, -0.0018809928, -0.0017855953, -0.0016129692, -0.0013957801, -0.0012829193, -0.0010678229, -0.0008795391, -0.0007970668, -0.0006552769, -0.00054372905, -0.0005001496, -0.00043998024, -0.0004185831, -0.0004330647, -0.00044942927, -0.00048824798, -0.00051680167, -0.00052189134, -0.00050873705, -0.00046607672, -0.00039614033, -0.0003513727, -0.00024199685, -0.000107651846, -3.297324e-05, 0.00012135129, 0.00027153615, 0.00034255246, 0.00047618287, 0.0006043342, 0.00072642264, 0.0007828564, 0.0008792026, 0.00094923936, 0.0009742615, 0.0010064592, 0.0010116064, 0.0009927336, 0.0009795422, 0.00097089604, 0.0010224873, 0.0010802656, 0.001257471, 0.0014868942, 0.0016052349, 0.0018180837, 0.0019694427, 0.0020430456, 0.0020519919, 0.0020313938, 0.002006709, 0.002014247, 0.0021067373, 0.0023198274, 0.0026246682, 0.0027918187, 0.0031165592, 0.0033959807, 0.0035136584, 0.0037062077, 0.0038524147, 0.0039741183, 0.004035628, 0.004178618, 0.0043584113, 0.0044596796, 0.004665019, 0.0048424597, 0.004912605, 0.0050114663, 0.005059577, 0.005062036, 0.005046525, 0.0049837376, 0.004881836, 0.0048176856, 0.004662206, 0.004468787, 0.0042428696, 0.004123387, 0.0038818624, 0.0036395863, 0.0035128028, 0.0032263978, 0.0028728503, 0.002669964, 0.002236787, 0.001833857, 0.001568626, 0.0015233924, 0.0016105399, 0, 0, 0, 0, 0, 0, 0, 0, 0, 0, 0, 0, 0, 0, 0, 0, 0, 0, 0, 0, 0, 0, 0, 0, 0, 0, 0, 0, 0, 0, 0, 0, 0, 0, 0, 0, 0, 0, 0, 0, 0, 0, 0, 0, 0
-0.0011776221, -0.0011474333, -0.0011630721, -0.0012401926, -0.0012800545, -0.0013525812, -0.001438717, -0.0014956358, -0.0016436735, -0.0018183868, -0.0019804968, -0.002042766, -0.0021018328, -0.002048458, -0.0019754972, -0.0017479971, -0.0014523074, -0.0011505806, -0.0010152747, -0.00079652923, -0.00065419596, -0.0006096084, -0.00056327955, -0.00056140794, -0.0005748398, -0.00062795024, -0.0007135328, -0.00081889296, -0.00087084266, -0.0009533784, -0.0009815438, -0.0009701876, -0.0008979111, -0.00077868387, -0.0006372215, -0.0005644675, -0.00041762894, -0.00027067238, -0.00019775164, -6.191702e-05, 4.985235e-05, 9.420298e-05, 0.00016479919, 0.00023006783, 0.00030855535, 0.0003536679, 0.00044759066, 0.0005326861, 0.0005682273, 0.00061978615, 0.00064217247, 0.00063706166, 0.0006304563, 0.00063303794, 0.000695598, 0.0007585155, 0.00094101677, 0.00115659, 0.0012566422, 0.0014060984, 0.0014683612, 0.0014526105, 0.0014267225, 0.0013718907, 0.0013688714, 0.0014075508, 0.0015948343, 0.0019267667, 0.0023450293, 0.0025570418, 0.0029319434, 0.0032009645, 0.0032928945, 0.0034087836, 0.0034747033, 0.0035433467, 0.0035955622, 0.0037593313, 0.0040065357, 0.0041532046, 0.004457041, 0.00471765, 0.004815254, 0.004931599, 0.004946198, 0.004876046, 0.004815758, 0.004660502, 0.0044807834, 0.0043886784, 0.0042092944, 0.004035658, 0.0038591195, 0.0037663924, 0.0035672097, 0.0033400909, 0.003211441, 0.0029174064, 0.0025709313, 0.0023829807, 0.0019984439, 0.0016449199, 0.001385389, 0.0013158283, 0.0013394842, 0, 0, 0, 0, 0, 0, 0, 0, 0, 0, 0, 0, 0, 0, 0, 0, 0, 0, 0, 0, 0, 0, 0, 0, 0, 0, 0, 0, 0, 0, 0, 0, 0, 0, 0, 0, 0, 0, 0, 0, 0, 0, 0, 0, 0
-0.0010663889, -0.0010398024, -0.0010533321, -0.0011293587, -0.0011757911, -0.0012801317, -0.0014158267, -0.0014994593, -0.0016890856, -0.0018742996, -0.002002161, -0.0020288716, -0.0019831639, -0.0017919713, -0.0016473279, -0.0012911937, -0.00090956234, -0.00057561253, -0.00044210016, -0.00025389114, -0.00016362258, -0.00014970457, -0.00016851278, -0.00023548587, -0.00028335958, -0.00040467037, -0.0005512074, -0.0006999084, -0.0007648697, -0.0008548185, -0.0008700494, -0.00084622117, -0.00074105116, -0.0005835227, -0.00040590655, -0.00031806706, -0.00015140128, 1.9105403e-07, 6.957143e-05, 0.0001862044, 0.00026096575, 0.0002806092, 0.0002954989, 0.00031035847, 0.00036341016, 0.0004089365, 0.00052675384, 0.00065169716, 0.00070596766, 0.0007830723, 0.00080705696, 0.00077683583, 0.000747221, 0.0006860448, 0.0006678143, 0.0006872032, 0.00078244455, 0.00091539515, 0.0009761391, 0.0010523155, 0.0010569572, 0.0010150035, 0.0009921017, 0.0009786523, 0.0010527505, 0.0011365635, 0.001408683, 0.0017984955, 0.0022325823, 0.0024355783, 0.0027600965, 0.0029467314, 0.0029928957, 0.0030257597, 0.0030420825, 0.003107496, 0.0031734675, 0.0033816781, 0.0036733076, 0.0038332439, 0.004134614, 0.0043509626, 0.0044129114, 0.0044418518, 0.0043674554, 0.0042290906, 0.0041474276, 0.003976065, 0.0038122947, 0.0037371793, 0.003601113, 0.0034697815, 0.0033189862, 0.003228672, 0.0030136176, 0.0027552287, 0.0026143652, 0.0023190377, 0.0020192175, 0.0018716301, 0.0015890467, 0.0013347756, 0.0011366798, 0.0010777012, 0.0011129677, 0.0014948748, 0.0016896967, 0, 0, 0, 0, 0, 0, 0, 0, 0, 0, 0, 0, 0, 0, 0, 0, 0, 0, 0, 0, 0, 0, 0, 0, 0, 0, 0, 0, 0, 0, 0, 0, 0, 0, 0, 0, 0, 0, 0, 0, 0, 0, 0
-0.000673387, -0.0006519362, -0.00065848423, -0.00076461904, -0.0008529554, -0.0010735702, -0.0013049176, -0.0014045369, -0.0015392979, -0.0015682117, -0.001490447, -0.0014122417, -0.0011728316, -0.0008346553, -0.0006416396, -0.0002486882, 9.3024166e-05, 0.0003325239, 0.00040874913, 0.00048444475, 0.00048171153, 0.00046024716, 0.00038653836, 0.00027817948, 0.0002118154, 5.7944282e-05, -0.000108329725, -0.00025452292, -0.00030896816, -0.00036703228, -0.00035240155, -0.0003175695, -0.000199454, -2.8751094e-05, 0.00017183014, 0.0002760053, 0.0004789079, 0.0006640696, 0.0007452563, 0.00087245944, 0.0009358513, 0.0009420707, 0.0009229533, 0.0009077364, 0.0009505667, 0.0009995465, 0.0011368847, 0.0012779714, 0.0013312224, 0.0013770119, 0.0013286972, 0.0011937942, 0.0011036857, 0.000913031, 0.00076749927, 0.0007288014, 0.0007290404, 0.0007999518, 0.00084199646, 0.00090156717, 0.0009136456, 0.00090143253, 0.0009013078, 0.0009442803, 0.0010735829, 0.0011762925, 0.0014539786, 0.001796621, 0.0021372817, 0.0022825126, 0.0024867614, 0.0025710661, 0.0025805328, 0.002578936, 0.0026098697, 0.0027197697, 0.0028077844, 0.0030351286, 0.0032892732, 0.0034057505, 0.0035782638, 0.003635317, 0.0036187635, 0.0035154186, 0.0033667076, 0.0032241223, 0.0031646225, 0.0030720618, 0.003004077, 0.0029723828, 0.0028969739, 0.0027820305, 0.0026071642, 0.002494724, 0.0022309008, 0.00194192, 0.001800006, 0.0015399023, 0.0013203995, 0.0012242374, 0.0010484561, 0.0008829123, 0.0007286452, 0.0006653377, 0.000601278, 0.00063582597, 0.0006494019, 0, 0, 0, 0, 0, 0, 0, 0, 0, 0, 0, 0, 0, 0, 0, 0, 0, 0, 0, 0, 0, 0, 0, 0, 0, 0, 0, 0, 0, 0, 0, 0, 0, 0, 0, 0, 0, 0, 0, 0, 0, 0, 0
1.9707839e-05, 3.9698865e-05, 4.4658656e-05, -0.00018425517, -0.00040497194, -0.00094134884, -0.0013545266, -0.0014374593, -0.0013218776, -0.0009454078, -0.0004924115, -0.0002699574, 0.00016779226, 0.0005707978, 0.0007484291, 0.0010391378, 0.0012143261, 0.0012511986, 0.0012272687, 0.0011280787, 0.0009993992, 0.00093318673, 0.0008026487, 0.0006691207, 0.00059775676, 0.00044823607, 0.00031412076, 0.00023707202, 0.00022797781, 0.0002672579, 0.00036415074, 0.00042809913, 0.00058496755, 0.00078723725, 0.0010357385, 0.0011721022, 0.0014523917, 0.0017143798, 0.0018276777, 0.0019981163, 0.002070995, 0.0020705245, 0.0020207819, 0.001964688, 0.0019677717, 0.001998477, 0.0020948574, 0.0021753376, 0.0021857212, 0.0021175866, 0.0019288256, 0.001649676, 0.0014934747, 0.0011920119, 0.0009682317, 0.00090375135, 0.0008765469, 0.0009484867, 0.0009986727, 0.0010833082, 0.0011219517, 0.0011312427, 0.00113882, 0.0011867159, 0.0012975242, 0.0013774859, 0.0015746342, 0.0017925926, 0.001983747, 0.0020548517, 0.002136187, 0.0021528937, 0.0021524567, 0.0021747448, 0.0022622682, 0.0024200303, 0.0025147498, 0.0027019551, 0.002838743, 0.0028730712, 0.0028587002, 0.0027386846, 0.0026507867, 0.0024590245, 0.002300041, 0.0022170518, 0.002204509, 0.0022163996, 0.002232728, 0.0022259047, 0.00215667, 0.0020004043, 0.00176383, 0.001624174, 0.0013300016, 0.0010558278, 0.00093792815, 0.000748909, 0.00061285513, 0.00055650825, 0.00044620654, 0.00031924126, 0.00017437771, 0.00010134208, -3.279084e-05, -0.00017890288, -0.00031178448, 0, 0, 0, 0, 0, 0, 0, 0, 0, 0, 0, 0, 0, 0, 0, 0, 0, 0, 0, 0, 0, 0, 0, 0, 0, 0, 0, 0, 0, 0, 0, 0, 0, 0, 0, 0, 0, 0, 0, 0, 0, 0, 0
0.00088418095, 0.0009410871, 0.0010431538, 0.0005806714, 6.616029e-05, -0.0011783392, -0.0019402403, -0.0019443409, -0.001287327, -0.00025673496, 0.0006669037, 0.0010166484, 0.0015461381, 0.0018370571, 0.0019158667, 0.0020054127, 0.0019722432, 0.001790692, 0.001667136, 0.0014087947, 0.0011668417, 0.0010579048, 0.00087491324, 0.00073408347, 0.00067508646, 0.00058434444, 0.00056074996, 0.00064408727, 0.00072822947, 0.00095574505, 0.0012113148, 0.0013374215, 0.0015864319, 0.0018606678, 0.0021878902, 0.0023699326, 0.0027483888, 0.0030993419, 0.0032461444, 0.0034516363, 0.003514478, 0.003493217, 0.0033753181, 0.003227988, 0.0031279838, 0.0031049093, 0.0030886047, 0.0030449936, 0.0029881147, 0.0027814955, 0.0024654127, 0.0020949359, 0.001912002, 0.0015950515, 0.0013932649, 0.0013462482, 0.0013541043, 0.0014496003, 0.0015052048, 0.0015873428, 0.0016062865, 0.001581029, 0.0015666487, 0.0015597926, 0.001598105, 0.001632844, 0.0017210594, 0.0018097513, 0.0018721832, 0.0018886048, 0.0018944548, 0.0018915026, 0.0019002871, 0.001962586, 0.0020893333, 0.0022471547, 0.0023195855, 0.0024140838, 0.0024075282, 0.0023623167, 0.0021981827, 0.0019736318, 0.0018573944, 0.0016567515, 0.0015375259, 0.0015118648, 0.0015242907, 0.001561475, 0.0015574406, 0.0015228272, 0.001376104, 0.0011365593, 0.00084560015, 0.00069804396, 0.00043068235, 0.0002265968, 0.0001509449, 4.1870473e-05, -3.9938703e-05, -8.1862876e-05, -0.00018373468, -0.00031387445, -0.00045618054, -0.00052341586, -0.0006369862, -0.0007508371, -0.00084346207, -0.0011946344, 0, 0, 0, 0, 0, 0, 0, 0, 0, 0, 0, 0, 0, 0, 0, 0, 0, 0, 0, 0, 0, 0, 0, 0, 0, 0, 0, 0, 0, 0, 0, 0, 0, 0, 0, 0, 0, 0, 0, 0, 0, 0
0.0015301777, 0.0017005185, 0.0020677608, 0.0013947221, 0.00046325193, -0.0018847534, -0.0030998546, -0.0029217587, -0.0015005799, 0.00028923148, 0.0018993992, 0.0023068693, 0.0026997416, 0.0026259, 0.0025484853, 0.002444304, 0.0022190702, 0.0018462207, 0.0016594812, 0.0013218592, 0.0010130049, 0.00087432575, 0.00066442054, 0.00055468956, 0.0005338521, 0.00057132327, 0.0007458704, 0.0010818943, 0.0013006788, 0.0017862426, 0.0022518535, 0.0024582823, 0.0028230948, 0.0031743003, 0.0035667948, 0.0037819366, 0.004219669, 0.0046042344, 0.004752973, 0.004924723, 0.0049097138, 0.0048369574, 0.0046012597, 0.0043271417, 0.0041008512, 0.00401693, 0.0038849793, 0.0037369723, 0.0036336856, 0.0033525177, 0.0029976892, 0.0026380694, 0.002479695, 0.002238294, 0.002119944, 0.0021059243, 0.00214615, 0.0022235168, 0.002254094, 0.0022663171, 0.0022059309, 0.002104916, 0.0020556762, 0.001986155, 0.00196577, 0.0019702232, 0.0019921924, 0.002010361, 0.002009391, 0.0020010362, 0.0019781054, 0.0019690166, 0.001978979, 0.0020359477, 0.0021297175, 0.002214692, 0.0022362685, 0.002210588, 0.0020822876, 0.0019848926, 0.001751582, 0.0015110259, 0.0014040853, 0.0012388289, 0.0011456271, 0.0011019394, 0.0010834857, 0.0010175611, 0.00087582687, 0.00077013724, 0.0004994739, 0.00018796879, -0.00010639527, -0.00023127632, -0.00041897772, -0.0005276268, -0.00056160113, -0.0006164397, -0.00068830274, -0.0007383388, -0.00086465594, -0.0010049214, -0.0011212813, -0.0011601147, -0.0011920058, -0.0011885158, -0.001203995, -0.0013688632, 0, 0, 0, 0, 0, 0, 0, 0, 0, 0, 0, 0, 0, 0, 0, 0, 0, 0, 0, 0, 0, 0, 0, 0, 0, 0, 0, 0, 0, 0, 0, 0, 0, 0, 0, 0, 0, 0, 0, 0, 0, 0
0, 0, 0, 0, 0, 0, 0, 0, 0, 0, 0.0036716787, 0.0037721312, 0.0036422685, 0.0030452965, 0.002928674, 0.0027388516, 0.00224, 0.0016616993, 0.0014589404, 0.0011238584, 0.0007778046, 0.0006282073, 0.0004534647, 0.00043279747, 0.00047680753, 0.00069504254, 0.0011221719, 0.0017482793, 0.0021086019, 0.0028386828, 0.0034763992, 0.003738427, 0.004162319, 0.004526711, 0.0049126996, 0.0051201154, 0.0055302833, 0.0058564916, 0.0059607443, 0.0060161385, 0.0058664866, 0.005727965, 0.0053781387, 0.0050187698, 0.004733667, 0.004627733, 0.0044640685, 0.0042992365, 0.00419466, 0.0039282474, 0.0036177312, 0.0033336005, 0.0032218012, 0.0030772276, 0.003032455, 0.0030370585, 0.0030664883, 0.003075833, 0.003058511, 0.0029684012, 0.0028203279, 0.0026634226, 0.0025987402, 0.002519003, 0.0025043148, 0.0025132194, 0.002538765, 0.0025495004, 0.0025314211, 0.0025116778, 0.002460101, 0.0024073536, 0.0023861048, 0.0023562585, 0.0023299255, 0.0022756774, 0.0022267704, 0.0020743895, 0.0018566609, 0.0017329468, 0.001484854, 0.0012660901, 0.0011742738, 0.00102242, 0.0008914607, 0.00074052106, 0.00064510375, 0.00039891456, 8.103118e-05, -9.6485484e-05, -0.00045808023, -0.0007815131, -0.0010210586, -0.001102762, -0.001197293, -0.0012349343, -0.0012487256, -0.0012974251, -0.0013942869, -0.0014597909, -0.0016028576, -0.0017216178, -0.0017735509, -0.001766287, -0.0016898023, -0.0015653035, -0.0015135852, -0.0015316374, -0.0018316064, 0, 0, 0, 0, 0, 0, 0, 0, 0, 0, 0, 0, 0, 0, 0, 0, 0, 0, 0, 0, 0, 0, 0, 0, 0, 0, 0, 0, 0, 0, 0, 0, 0, 0, 0, 0, 0, 0, 0, 0, 0
0, 0, 0, 0, 0, 0, 0, 0, 0, 0, 0, 0, 0, 0, 0.0040116375, 0.0034323176, 0.0024044297, 0.0016331221, 0.0014724402, 0.0011277299, 0.00070905744, 0.000574306, 0.0005517206, 0.00065884343, 0.0007692696, 0.0011636373, 0.001823138, 0.0026785696, 0.0031321335, 0.003983658, 0.004654867, 0.004905919, 0.0052694264, 0.005547137, 0.0058423495, 0.006005896, 0.0063236253, 0.0065389425, 0.006578528, 0.006498314, 0.0062317364, 0.006053405, 0.00566958, 0.005333297, 0.005104402, 0.0050300276, 0.0049258927, 0.004814413, 0.004735355, 0.0045230817, 0.004275534, 0.0040641367, 0.003989827, 0.003913094, 0.003908168, 0.003916163, 0.0039178287, 0.0038663305, 0.0038141375, 0.0036647094, 0.003490359, 0.003346011, 0.0033002389, 0.0032733958, 0.0033155265, 0.0033480318, 0.0034039032, 0.0034154793, 0.0033672513, 0.0033220039, 0.0031985124, 0.003044419, 0.0029599364, 0.0027817134, 0.0025887708, 0.0023718001, 0.0022510586, 0.0019852181, 0.0017012537, 0.0015610845, 0.001301789, 0.0010789331, 0.0009785659, 0.0007802328, 0.00055190106, 0.00025882234, 8.33183e-05, -0.00031691967, -0.00074671244, -0.000956005, -0.0013247645, -0.0015949358, -0.0017539642, -0.001797289, -0.0018395605, -0.0018677652, -0.0018921372, -0.0019777238, -0.0021062559, -0.0021768678, -0.00229657, -0.0023480789, -0.0023031759, -0.0022445968, -0.0020727764, -0.001872318, -0.0017866322, -0.0017275243, -0.0019570065, 0, 0, 0, 0, 0, 0, 0, 0, 0, 0, 0, 0, 0, 0, 0, 0, 0, 0, 0, 0, 0, 0, 0, 0, 0, 0, 0, 0, 0, 0, 0, 0, 0, 0, 0, 0, 0, 0, 0, 0, 0
0, 0, 0, 0, 0, 0, 0, 0, 0, 0, 0, 0, 0, 0, 0, 0, 0, 0.0021417085, 0.0019952585, 0.0014217262, 0.000858167, 0.0007900456, 0.0011811047, 0.0013339726, 0.0014903621, 0.0020029645, 0.0027974662, 0.0037184583, 0.0041629015, 0.004929605, 0.005458095, 0.005625447, 0.005820833, 0.005950296, 0.0061326763, 0.006249835, 0.0064861705, 0.006619487, 0.006616119, 0.0064594354, 0.0061575784, 0.005985476, 0.0056667766, 0.005444786, 0.005338133, 0.00531743, 0.005296031, 0.005238669, 0.005181292, 0.005010763, 0.004811902, 0.004657748, 0.0046139066, 0.004594405, 0.0046315235, 0.0046520466, 0.0046646628, 0.004616094, 0.0045690867, 0.0044478867, 0.0043282933, 0.004258503, 0.0042515695, 0.0042926865, 0.004376172, 0.004415849, 0.0044552796, 0.0044126804, 0.0042808075, 0.0041863983, 0.0039535933, 0.0036795791, 0.0035313272, 0.003219004, 0.0028908325, 0.0025507333, 0.0023771755, 0.0020276625, 0.001685992, 0.0015228624, 0.0012178824, 0.000935676, 0.0007962444, 0.000501727, 0.00016084488, -0.0002411207, -0.0004613963, -0.00091845787, -0.0013513863, -0.0015420789, -0.0018468609, -0.0020425203, -0.0021509288, -0.0021861808, -0.002249557, -0.0023347093, -0.0023911293, -0.002525443, -0.0026600743, -0.0027130162, -0.0027627326, -0.002715385, -0.0025728252, -0.0024748, -0.0022536977, -0.0020421247, -0.001957449, -0.0018789992, -0.0020180058, -0.0024412633, 0, 0, 0, 0, 0, 0, 0, 0, 0, 0, 0, 0, 0, 0, 0, 0, 0, 0, 0, 0, 0, 0, 0, 0, 0, 0, 0, 0, 0, 0, 0, 0, 0, 0, 0, 0, 0, 0, 0, 0
0, 0, 0, 0, 0, 0, 0, 0, 0, 0, 0, 0, 0, 0, 0, 0, 0, 0, 0, 0, 0, 0, 0.0024701278, 0.0022756434, 0.0026648988, 0.003257641, 0.004062158, 0.0047810897, 0.005066055, 0.0055151233, 0.005749546, 0.005784113, 0.005768903, 0.005769236, 0.005887803, 0.0059903446, 0.0062092845, 0.006324724, 0.006311291, 0.006145865, 0.00587187, 0.005733168, 0.00551809, 0.005421623, 0.0054252245, 0.0054452345, 0.00547707, 0.0054520667, 0.0054104323, 0.0052844114, 0.0051536714, 0.0050869654, 0.0050900267, 0.005163573, 0.0052841525, 0.0053420006, 0.0054219207, 0.0054438063, 0.0054363715, 0.005406388, 0.0053846342, 0.0053990143, 0.0054219337, 0.0054863514, 0.0055390927, 0.0055446434, 0.005486909, 0.0053249784, 0.00507394, 0.0049254945, 0.0046027093, 0.0042607854, 0.0040851445, 0.003723722, 0.0033460488, 0.0029523058, 0.0027506521, 0.00234151, 0.0019335747, 0.001733166, 0.0013419653, 0.0009574919, 0.0007637153, 0.00036327902, -6.139594e-05, -0.0005046055, -0.000725661, -0.0011457275, -0.001504935, -0.001653133, -0.001883538, -0.0020435222, -0.0021711679, -0.002235803, -0.002382448, -0.0025521424, -0.0026388247, -0.0027920199, -0.002886013, -0.002900111, -0.002854188, -0.0027151422, -0.0025136506, -0.0024038102, -0.0021936777, -0.0020206973, -0.0019540538, -0.0018726743, -0.0019033409, -0.0021156918, -0.0022518917, 0, 0, 0, 0, 0, 0, 0, 0, 0, 0, 0, 0, 0, 0, 0, 0, 0, 0, 0, 0, 0, 0, 0, 0, 0, 0, 0, 0, 0, 0, 0, 0, 0, 0, 0, 0, 0, 0, 0
0, 0, 0, 0, 0, 0, 0, 0, 0, 0, 0, 0, 0, 0, 0, 0, 0, 0, 0, 0, 0, 0, 0, 0, 0.005108885, 0.005022103, 0.0060400986, 0.0060877586, 0.0060264408, 0.0059676594, 0.005750691, 0.005607373, 0.005370611, 0.0052864905, 0.005402879, 0.005516627, 0.005757144, 0.0058727544, 0.0058546085, 0.0056857686, 0.005438638, 0.00532908, 0.0051967455, 0.0051953276, 0.005280783, 0.0053329123, 0.005417327, 0.005447197, 0.0054422333, 0.0054144445, 0.0054141837, 0.0054944605, 0.005571867, 0.0057828915, 0.0060205413, 0.006129764, 0.0063034897, 0.0064167893, 0.006456983, 0.006522617, 0.006583506, 0.006642153, 0.0066666068, 0.0066876127, 0.006641578, 0.006582878, 0.006386438, 0.00609833, 0.005757749, 0.0055813934, 0.0052368063, 0.004908104, 0.004746103, 0.0044117984, 0.0040462483, 0.0036380452, 0.0034177057, 0.0029511987, 0.0024634793, 0.0022168937, 0.0017268556, 0.0012425755, 0.001002219, 0.0005276376, 6.857129e-05, -0.00035825642, -0.0005542005, -0.00090144615, -0.0011856671, -0.0013057184, -0.0015156815, -0.0017092667, -0.0019159479, -0.0020282005, -0.0022639423, -0.0024850965, -0.0025757249, -0.0026921558, -0.002704481, -0.0026723705, -0.0025449067, -0.0023645025, -0.0021721174, -0.002082766, -0.0019297542, -0.0018066631, -0.0017502862, -0.0016399012, -0.0015512231, -0.0015504833, -0.0015918587, 0, 0, 0, 0, 0, 0, 0, 0, 0, 0, 0, 0, 0, 0, 0, 0, 0, 0, 0, 0, 0, 0, 0, 0, 0, 0, 0, 0, 0, 0, 0, 0, 0, 0, 0, 0, 0, 0, 0
0, 0, 0, 0, 0, 0, 0, 0, 0, 0, 0, 0, 0, 0, 0, 0, 0, 0, 0, 0, 0, 0, 0, 0, 0, 0, 0.009563541, 0.0078033265, 0.007531232, 0.0069452766, 0.005909781, 0.0055131437, 0.004987541, 0.0047915834, 0.0048946883, 0.005010379, 0.0052312785, 0.005291249, 0.0052424977, 0.0050336886, 0.0047960337, 0.0047105174, 0.004657097, 0.004757793, 0.004948602, 0.005052873, 0.005244186, 0.005397463, 0.0054640034, 0.0056018606, 0.0057841567, 0.0060451063, 0.006204821, 0.006557241, 0.00690253, 0.0070549897, 0.0073012644, 0.007478857, 0.007549423, 0.007669428, 0.0077623343, 0.007813476, 0.007816553, 0.0077621783, 0.007611787, 0.007498811, 0.0072067073, 0.0068583814, 0.0065025305, 0.0063338145, 0.0060223155, 0.0057345214, 0.005590208, 0.005277712, 0.004910584, 0.0044737025, 0.004230137, 0.0037043758, 0.0031488652, 0.0028685236, 0.0023151934, 0.0017795035, 0.001520204, 0.0010242868, 0.0005723233, 0.00017867549, 4.9878468e-06, -0.00030119176, -0.0005702597, -0.00069860846, -0.0009555559, -0.0012249466, -0.0015086303, -0.0016512845, -0.0019152844, -0.002112935, -0.002173902, -0.002207365, -0.0021346812, -0.0020708542, -0.0019184963, -0.0017701063, -0.0016508412, -0.0016021248, -0.0015146824, -0.0014111554, -0.0013435112, -0.0011704477, -0.0009738859, -0.00081983174, -0.0007739712, 0, 0, 0, 0, 0, 0, 0, 0, 0, 0, 0, 0, 0, 0, 0, 0, 0, 0, 0, 0, 0, 0, 0, 0, 0, 0, 0, 0, 0, 0, 0, 0, 0, 0, 0, 0, 0, 0, 0
0, 0, 0, 0, 0, 0, 0, 0, 0, 0, 0, 0, 0, 0, 0, 0, 0, 0, 0, 0, 0, 0, 0, 0, 0, 0, 0, 0, 0.011005378, 0.009031616, 0.006610146, 0.005987197, 0.004953828, 0.0044835894, 0.004457452, 0.004520152, 0.0046024425, 0.004512441, 0.004410156, 0.0041630445, 0.0039744833, 0.0039400263, 0.004022823, 0.004283563, 0.004637762, 0.0048226463, 0.0051760445, 0.005500908, 0.0056587593, 0.005985418, 0.006352927, 0.0067738593, 0.0069987653, 0.007449946, 0.007852753, 0.008022087, 0.008289499, 0.008479021, 0.008554435, 0.008678274, 0.008761992, 0.008786422, 0.00876987, 0.008671239, 0.0084814625, 0.008355189, 0.0080573885, 0.007731103, 0.007412874, 0.0072616334, 0.0069697867, 0.0066701923, 0.00650818, 0.006145278, 0.00571878, 0.005227269, 0.0049605714, 0.0043994593, 0.003826177, 0.003543423, 0.0029961176, 0.0024756, 0.00222612, 0.0017512427, 0.0013194517, 0.0009390804, 0.0007662952, 0.00044381776, 0.0001314338, -2.6482021e-05, -0.00034749665, -0.000665231, -0.00095950766, -0.0010893795, -0.0012944894, -0.0014027325, -0.0014157391, -0.0013662094, -0.001252197, -0.0011893128, -0.0010837124, -0.0010246272, -0.0010000727, -0.0009881286, -0.00093431014, -0.0008091661, -0.00071554974, -0.00048011317, -0.00022483872, 8.32204e-06, 0.00013712556, 0.0006452572, 0, 0, 0, 0, 0, 0, 0, 0, 0, 0, 0, 0, 0, 0, 0, 0, 0, 0, 0, 0, 0, 0, 0, 0, 0, 0, 0, 0, 0, 0, 0, 0, 0, 0, 0, 0, 0, 0
0, 0, 0, 0, 0, 0, 0, 0, 0, 0, 0, 0, 0, 0, 0, 0, 0, 0, 0, 0, 0, 0, 0, 0, 0, 0, 0, 0, 0, 0, 0.008448865, 0.007637937, 0.0054881615, 0.004593027, 0.00424447, 0.00416326, 0.0039050602, 0.0035745362, 0.0034264822, 0.0032114414, 0.0031702016, 0.0032333494, 0.0035320246, 0.0040041055, 0.0045462726, 0.004816565, 0.005331418, 0.0058164676, 0.006055065, 0.006538649, 0.0070431656, 0.007565267, 0.007823921, 0.008307259, 0.008705279, 0.008863581, 0.009102767, 0.009267155, 0.00933302, 0.009442303, 0.009517007, 0.009539148, 0.009525306, 0.009443078, 0.009286011, 0.009181894, 0.008934697, 0.008657042, 0.0083647175, 0.008212133, 0.007881606, 0.007500059, 0.0072869747, 0.0068191937, 0.006308628, 0.0057716016, 0.005498155, 0.00495228, 0.0044237673, 0.004171001, 0.0036886048, 0.0032287666, 0.0030045996, 0.0025654763, 0.0021472347, 0.0017577524, 0.0015729512, 0.0012150656, 0.0008629563, 0.00068926666, 0.0003572505, 6.698675e-05, -0.00015710435, -0.00023929375, -0.00033685492, -0.0003464846, -0.00032265895, -0.00023889497, -0.00015001433, -0.00011950264, -0.00010278699, -0.00013643592, -0.00017385583, -0.00017545221, -0.00011304973, 4.7815192e-05, 0.0001588681, 0.00040685933, 0.00063488877, 0.0008227712, 0.0009392612, 0.0014828811, 0.0024674598, 0, 0, 0, 0, 0, 0, 0, 0, 0, 0, 0, 0, 0, 0, 0, 0, 0, 0, 0, 0, 0, 0, 0, 0, 0, 0, 0, 0, 0, 0, 0, 0, 0, 0, 0, 0, 0
0, 0, 0, 0, 0, 0, 0, 0, 0, 0, 0, 0, 0, 0, 0, 0, 0, 0, 0, 0, 0, 0, 0, 0, 0, 0, 0, 0, 0, 0, 0, 0, 0.006666556, 0.0053489385, 0.0046257833, 0.004267922, 0.0033070652, 0.0026813154, 0.0025256411, 0.002444653, 0.0026314706, 0.0028207507, 0.003359943, 0.004029525, 0.0047177835, 0.005046976, 0.00566434, 0.0062460657, 0.006532052, 0.0071030846, 0.0076737343, 0.008227333, 0.008488325, 0.008951731, 0.009310094, 0.009447369, 0.00965275, 0.0098023405, 0.009867039, 0.009984248, 0.010074911, 0.010120987, 0.0101229185, 0.010078799, 0.009965369, 0.00988251, 0.009669562, 0.009406784, 0.009099876, 0.008926917, 0.008530652, 0.008060719, 0.007801983, 0.0072572627, 0.006707609, 0.006179254, 0.0059267394, 0.0054477737, 0.005005576, 0.004797117, 0.0043981285, 0.0040048, 0.0038054637, 0.00339981, 0.00299678, 0.0026117088, 0.002428799, 0.0020802277, 0.0017537422, 0.0016017312, 0.0013321275, 0.001126961, 0.0010009618, 0.0009678577, 0.00095301686, 0.0009896276, 0.001017804, 0.0010707999, 0.0010891984, 0.0010775835, 0.0010169643, 0.00093777484, 0.0008952586, 0.00090349815, 0.000991488, 0.0011594637, 0.001258238, 0.0014413481, 0.0015532608, 0.001577997, 0.0015801708, 0.0016765139, 0.0018940566, 0, 0, 0, 0, 0, 0, 0, 0, 0, 0, 0, 0, 0, 0, 0, 0, 0, 0, 0, 0, 0, 0, 0, 0, 0, 0, 0, 0, 0, 0, 0, 0, 0, 0, 0, 0, 0
0, 0, 0, 0, 0, 0, 0, 0, 0, 0, 0, 0, 0, 0, 0, 0, 0, 0, 0, 0, 0, 0, 0, 0, 0, 0, 0, 0, 0, 0, 0, 0, 0, 0, 0.0061141415, 0.005150492, 0.0029457982, 0.0021415537, 0.0020306879, 0.0021278446, 0.0025294374, 0.0028214096, 0.0035286732, 0.004300796, 0.005037969, 0.0053799204, 0.006016832, 0.006619851, 0.0069167092, 0.0075051147, 0.00808, 0.0086226845, 0.008872654, 0.009308989, 0.009643873, 0.009775317, 0.009987437, 0.010163284, 0.01024424, 0.0103897555, 0.010494796, 0.010542188, 0.010541983, 0.010491535, 0.010369235, 0.010280767, 0.010054512, 0.00977387, 0.009444984, 0.009259993, 0.008839522, 0.008354135, 0.00809427, 0.0075674076, 0.0070677525, 0.006617907, 0.006411412, 0.0060286587, 0.005675714, 0.0055065746, 0.005170756, 0.004824334, 0.004644027, 0.0042751916, 0.0039143055, 0.003584806, 0.0034357773, 0.0031673773, 0.0029334915, 0.0028297591, 0.0026543736, 0.0025306318, 0.0024630174, 0.0024483576, 0.0024455674, 0.002457882, 0.0024619491, 0.0024491036, 0.002398353, 0.0023601078, 0.0022724792, 0.0022046492, 0.0021942093, 0.002216405, 0.002307598, 0.0024268401, 0.0024792831, 0.0025346468, 0.0024882853, 0.0023459026, 0.0022633246, 0.0022025497, 0.0026186244, 0.0031561991, 0, 0, 0, 0, 0, 0, 0, 0, 0, 0, 0, 0, 0, 0, 0, 0, 0, 0, 0, 0, 0, 0, 0, 0, 0, 0, 0, 0, 0, 0, 0, 0, 0, 0, 0, 0
0, 0, 0, 0, 0, 0, 0, 0, 0, 0, 0, 0, 0, 0, 0, 0, 0, 0, 0, 0, 0, 0, 0, 0, 0, 0, 0, 0, 0, 0, 0, 0, 0, 0, 0, 0, 0, 0.0034118653, 0.0032880749, 0.003510411, 0.0037839895, 0.0039477083, 0.004325341, 0.0048052543, 0.0053444123, 0.005623345, 0.0061935843, 0.0067794663, 0.0070743193, 0.007656567, 0.008222099, 0.008758666, 0.009007772, 0.009448947, 0.009802881, 0.009951286, 0.010210545, 0.010426707, 0.010512671, 0.010617598, 0.010611329, 0.010504456, 0.010423142, 0.010226889, 0.0100024585, 0.009883513, 0.009640371, 0.009399727, 0.009163426, 0.009043004, 0.008788609, 0.008515487, 0.008377557, 0.00811571, 0.00788451, 0.0076747406, 0.007570092, 0.0073468774, 0.007097317, 0.006963686, 0.0066870623, 0.006414825, 0.006287504, 0.0060660364, 0.005903011, 0.005798891, 0.005763463, 0.0057072476, 0.0056489715, 0.0056143003, 0.005530978, 0.0054345736, 0.005336266, 0.0052894647, 0.0052045807, 0.0051298896, 0.0050945124, 0.0050249873, 0.0049576997, 0.004928552, 0.004887184, 0.0048712827, 0.004868914, 0.0048641525, 0.004826353, 0.0047252984, 0.004645158, 0.004423488, 0.004134282, 0.003823286, 0.0036854218, 0.003534984, 0.003749142, 0.0040670005, 0.0047687073, 0, 0, 0, 0, 0, 0, 0, 0, 0, 0, 0, 0, 0, 0, 0, 0, 0, 0, 0, 0, 0, 0, 0, 0, 0, 0, 0, 0, 0, 0, 0, 0, 0, 0, 0
0, 0, 0, 0, 0, 0, 0, 0, 0, 0, 0, 0, 0, 0, 0, 0, 0, 0, 0, 0, 0, 0, 0, 0, 0, 0, 0, 0, 0, 0, 0, 0, 0, 0, 0, 0, 0, 0, 0, 0.0053543327, 0.005227149, 0.0050076246, 0.004673197, 0.004784649, 0.005178945, 0.0054349927, 0.0060157743, 0.006638558, 0.006949417, 0.007549465, 0.008111352, 0.008624702, 0.008855757, 0.009248627, 0.009548983, 0.009671175, 0.009881155, 0.010047194, 0.010104786, 0.010144524, 0.010070403, 0.009905861, 0.009804791, 0.00959198, 0.009385224, 0.009287137, 0.009104974, 0.008943885, 0.008798359, 0.008726283, 0.008576092, 0.008418988, 0.00834176, 0.008199609, 0.00807228, 0.007941765, 0.007867316, 0.0076909955, 0.007481342, 0.007369724, 0.0071493234, 0.0069584283, 0.0068823285, 0.0067780763, 0.006735801, 0.0067322287, 0.0067349426, 0.0067281467, 0.0066910773, 0.0066599306, 0.0065771616, 0.006478378, 0.006380122, 0.0063358867, 0.006263588, 0.006210833, 0.0061883046, 0.0061430107, 0.006092453, 0.00606614, 0.0060160034, 0.0059650186, 0.005895258, 0.0058455262, 0.0057025068, 0.00549124, 0.0053596334, 0.0050501586, 0.004694945, 0.004321128, 0.004138314, 0.003812131, 0.0036128608, 0.0036068985, 0.0038971473, 0, 0, 0, 0, 0, 0, 0, 0, 0, 0, 0, 0, 0, 0, 0, 0, 0, 0, 0, 0, 0, 0, 0, 0, 0, 0, 0, 0, 0, 0, 0, 0, 0, 0, 0
0, 0, 0, 0, 0, 0, 0, 0, 0, 0, 0, 0, 0, 0, 0, 0, 0, 0, 0, 0, 0, 0, 0, 0, 0, 0, 0, 0, 0, 0, 0, 0, 0, 0, 0, 0, 0, 0, 0, 0, 0.0075022196, 0.0064347535, 0.0051081637, 0.0048266356, 0.0050426237, 0.005261649, 0.0058254916, 0.0064486247, 0.0067521655, 0.007317088, 0.007817947, 0.008244336, 0.008422994, 0.00870241, 0.008893852, 0.008969678, 0.00910206, 0.009208462, 0.009241994, 0.009246924, 0.009162961, 0.009019019, 0.008939688, 0.008787909, 0.008657822, 0.008601028, 0.008501943, 0.008415859, 0.008333638, 0.00828997, 0.0081957495, 0.008100288, 0.008056489, 0.007980393, 0.0079118265, 0.007832385, 0.007783892, 0.0076680705, 0.0075378325, 0.0074743093, 0.007366068, 0.0073029045, 0.007293182, 0.0073172343, 0.0073788823, 0.007440498, 0.0074602417, 0.0074648326, 0.0074259494, 0.007395757, 0.0073287766, 0.0072676246, 0.0072244974, 0.007212137, 0.0072031687, 0.00720267, 0.0071977326, 0.007165217, 0.007095499, 0.007048556, 0.006937388, 0.0068042404, 0.006639983, 0.0065417755, 0.0063071772, 0.0060195, 0.0058567533, 0.005496894, 0.005093521, 0.0046511483, 0.0044173943, 0.0039390055, 0.003503365, 0.003352996, 0.0033793591, 0.003995636, 0, 0, 0, 0, 0, 0, 0, 0, 0, 0, 0, 0, 0, 0, 0, 0, 0, 0, 0, 0, 0, 0, 0, 0, 0, 0, 0, 0, 0, 0, 0, 0, 0, 0
0, 0, 0, 0, 0, 0, 0, 0, 0, 0, 0, 0, 0, 0, 0, 0, 0, 0, 0, 0, 0, 0, 0, 0, 0, 0, 0, 0, 0, 0, 0, 0, 0, 0, 0, 0, 0, 0, 0, 0, 0, 0, 0.0060641365, 0.0054213144, 0.005262608, 0.0053464407, 0.005714013, 0.0061689205, 0.006395567, 0.0068262536, 0.007206016, 0.0075054364, 0.00761732, 0.007771285, 0.007864582, 0.00790436, 0.007987102, 0.008062505, 0.008087357, 0.00809396, 0.00804652, 0.0079733655, 0.007938518, 0.007882627, 0.007844363, 0.007829214, 0.007798875, 0.0077595045, 0.007703385, 0.0076686093, 0.0075935135, 0.0075291535, 0.0075068153, 0.0074811894, 0.0074692736, 0.0074561858, 0.007447618, 0.0074322973, 0.007431345, 0.0074402774, 0.007483487, 0.007566832, 0.0076230187, 0.0077557187, 0.007886643, 0.007977814, 0.008000796, 0.008003785, 0.007972782, 0.007955955, 0.007938462, 0.007953778, 0.008000398, 0.008030497, 0.008090822, 0.0081245415, 0.008121144, 0.008059758, 0.00792604, 0.007837897, 0.007635044, 0.0074104876, 0.0071658213, 0.007034284, 0.006748209, 0.0064258156, 0.0062490655, 0.0058574113, 0.005406533, 0.004889385, 0.004607097, 0.0040055956, 0.0034019812, 0.0031348316, 0.0027874045, 0.0027858107, 0, 0, 0, 0, 0, 0, 0, 0, 0, 0, 0, 0, 0, 0, 0, 0, 0, 0, 0, 0, 0, 0, 0, 0, 0, 0, 0, 0, 0, 0, 0, 0, 0, 0
0, 0, 0, 0, 0, 0, 0, 0, 0, 0, 0, 0, 0, 0, 0, 0, 0, 0, 0, 0, 0, 0, 0, 0, 0, 0, 0, 0, 0, 0, 0, 0, 0, 0, 0, 0, 0, 0, 0, 0, 0, 0, 0, 0.0069526895, 0.006105367, 0.005890688, 0.0057254075, 0.005714676, 0.0057777003, 0.006008791, 0.0062726852, 0.0064716428, 0.006536715, 0.0066159903, 0.0066710976, 0.006702824, 0.0067758164, 0.0068395576, 0.0068586026, 0.00686607, 0.006849766, 0.0068389135, 0.0068418924, 0.0068630837, 0.0068939733, 0.0069076256, 0.006923499, 0.0069144787, 0.0068781395, 0.006854166, 0.006813147, 0.006806924, 0.0068222135, 0.0068836496, 0.0069667506, 0.007056785, 0.0071048513, 0.0072150845, 0.0073529123, 0.007432747, 0.0076112314, 0.007807574, 0.007909678, 0.008107107, 0.008270636, 0.008372178, 0.0083979005, 0.008413652, 0.008418381, 0.008429698, 0.008485173, 0.008583041, 0.00870264, 0.008760427, 0.008848219, 0.008867727, 0.008842796, 0.008716323, 0.008502653, 0.008373946, 0.008097979, 0.007818847, 0.0075421478, 0.0074016447, 0.007106459, 0.0067766723, 0.006592282, 0.0061719026, 0.0056718355, 0.005090608, 0.0047735297, 0.0041033477, 0.003426157, 0.003113624, 0.0026550293, 0.0026856952, 0.002951251, 0, 0, 0, 0, 0, 0, 0, 0, 0, 0, 0, 0, 0, 0, 0, 0, 0, 0, 0, 0, 0, 0, 0, 0, 0, 0, 0, 0, 0, 0, 0, 0, 0
0, 0, 0, 0, 0, 0, 0, 0, 0, 0, 0, 0, 0, 0, 0, 0, 0, 0, 0, 0, 0, 0, 0, 0, 0, 0, 0, 0, 0, 0, 0, 0, 0, 0, 0, 0, 0, 0, 0, 0, 0, 0, 0, 0, 0.0077376543, 0.007101329, 0.006005735, 0.0051056487, 0.0049569467, 0.005019295, 0.005221407, 0.0053673508, 0.0054102126, 0.005466587, 0.0055268374, 0.0055634174, 0.0056325565, 0.0056684823, 0.005668934, 0.0056476532, 0.0056304326, 0.0056462414, 0.005668206, 0.0057304506, 0.005800031, 0.0058323145, 0.005884785, 0.005916142, 0.0059321397, 0.0059424206, 0.005991992, 0.006103685, 0.0061842944, 0.0063768495, 0.0065825167, 0.0067817913, 0.0068806326, 0.0070862854, 0.0073123155, 0.0074322517, 0.0076808278, 0.007931725, 0.0080541475, 0.008281784, 0.008464984, 0.008587385, 0.00862745, 0.0086855665, 0.008750561, 0.00879572, 0.008916176, 0.009062046, 0.009201006, 0.0092561925, 0.009314681, 0.009280953, 0.009224854, 0.009037951, 0.008778761, 0.008635869, 0.0083479285, 0.008074092, 0.0078105545, 0.0076766056, 0.00738769, 0.0070502916, 0.0068558673, 0.0064061247, 0.0058724605, 0.005268815, 0.0049488344, 0.0042951223, 0.0036608488, 0.003374631, 0.002957538, 0.0029842316, 0.0032682498, 0, 0, 0, 0, 0, 0, 0, 0, 0, 0, 0, 0, 0, 0, 0, 0, 0, 0, 0, 0, 0, 0, 0, 0, 0, 0, 0, 0, 0, 0, 0, 0, 0
0, 0, 0, 0, 0, 0, 0, 0, 0, 0, 0, 0, 0, 0, 0, 0, 0, 0, 0, 0, 0, 0, 0, 0, 0, 0, 0, 0, 0, 0, 0, 0, 0, 0, 0, 0, 0, 0, 0, 0, 0, 0, 0, 0, 0, 0.0091925375, 0.0067464933, 0.00452991, 0.0042508105, 0.004210355, 0.004321122, 0.004378426, 0.0043922914, 0.0044274605, 0.004489081, 0.0045223054, 0.0045622634, 0.0045443624, 0.004516934, 0.004454324, 0.004425634, 0.004454175, 0.0044869124, 0.004571947, 0.0046660644, 0.0047130743, 0.004806222, 0.0048996694, 0.005007127, 0.0050758095, 0.0052632797, 0.005526566, 0.0056801364, 0.006000176, 0.0063003134, 0.0065620104, 0.0066822465, 0.006916788, 0.00715998, 0.0072868303, 0.0075503998, 0.0078215385, 0.007956494, 0.008213756, 0.008433244, 0.0086014895, 0.008669279, 0.008789543, 0.008916104, 0.008986786, 0.009137202, 0.009279869, 0.0093849795, 0.009414934, 0.009415933, 0.009329935, 0.009255763, 0.009057225, 0.008821772, 0.008700995, 0.008465318, 0.008237478, 0.0079973675, 0.007865804, 0.007565162, 0.0072028046, 0.0069951476, 0.006527319, 0.005999394, 0.005437062, 0.0051527773, 0.0045963423, 0.0040782886, 0.0038461743, 0.0034896154, 0.0034315353, 0.003604921, 0.0044694617, 0, 0, 0, 0, 0, 0, 0, 0, 0, 0, 0, 0, 0, 0, 0, 0, 0, 0, 0, 0, 0, 0, 0, 0, 0, 0, 0, 0, 0, 0, 0, 0
0, 0, 0, 0, 0, 0, 0, 0, 0, 0, 0, 0, 0, 0, 0, 0, 0, 0, 0, 0, 0, 0, 0, 0, 0, 0, 0, 0, 0, 0, 0, 0, 0, 0, 0, 0, 0, 0, 0, 0, 0, 0, 0, 0, 0, 0, 0, 0.004389352, 0.004211356, 0.003928642, 0.0036952395, 0.0035087313, 0.0034606664, 0.0034467508, 0.0034885406, 0.0035063347, 0.0034999975, 0.0034298769, 0.003383049, 0.0033083914, 0.0032997956, 0.0033650354, 0.003416245, 0.0035330022, 0.0036552888, 0.0037182807, 0.0038557823, 0.0040190066, 0.0042275423, 0.00435713, 0.0046747597, 0.0050565866, 0.005257037, 0.005640227, 0.005965646, 0.0062281764, 0.00634383, 0.0065662814, 0.0068016364, 0.006929423, 0.0072069746, 0.0075089675, 0.0076644695, 0.007967919, 0.008238439, 0.008461283, 0.008557629, 0.008733495, 0.008900702, 0.008981051, 0.0091263475, 0.009233973, 0.0092881955, 0.009293319, 0.009255945, 0.009160744, 0.009096002, 0.008946317, 0.008788374, 0.0087100305, 0.008547572, 0.008358888, 0.008118635, 0.00797497, 0.0076392675, 0.0072461762, 0.0070312484, 0.0065743285, 0.006099356, 0.0056314967, 0.0054067066, 0.0049795927, 0.004580938, 0.004391993, 0.0040560015, 0.0038664725, 0.0038969219, 0.00441159, 0, 0, 0, 0, 0, 0, 0, 0, 0, 0, 0, 0, 0, 0, 0, 0, 0, 0, 0, 0, 0, 0, 0, 0, 0, 0, 0, 0, 0, 0, 0, 0
0, 0, 0, 0, 0, 0, 0, 0, 0, 0, 0, 0, 0, 0, 0, 0, 0, 0, 0, 0, 0, 0, 0, 0, 0, 0, 0, 0, 0, 0, 0, 0, 0, 0, 0, 0, 0, 0, 0, 0, 0, 0, 0, 0, 0, 0, 0, 0.0059080133, 0.005366448, 0.004290343, 0.003254284, 0.00264354, 0.0025207659, 0.0024573645, 0.002474952, 0.0024764726, 0.0024335803, 0.0023482381, 0.002308335, 0.0022790632, 0.0023439967, 0.0024850478, 0.0025692943, 0.002737616, 0.0028964777, 0.00297608, 0.003150022, 0.0033641022, 0.0036412925, 0.0038079356, 0.0041936664, 0.004614645, 0.0048207343, 0.0051914635, 0.005491515, 0.0057367194, 0.0058502015, 0.006083395, 0.006347016, 0.0064942953, 0.0068193357, 0.007173187, 0.0073530637, 0.007699445, 0.00800552, 0.008262309, 0.008375586, 0.008581553, 0.008764747, 0.008845071, 0.008973483, 0.009052654, 0.009082672, 0.009081891, 0.009053114, 0.008995735, 0.008960281, 0.008882907, 0.008800936, 0.008754418, 0.008632282, 0.008446824, 0.0081811575, 0.008020482, 0.007656434, 0.0072572534, 0.007051301, 0.0066407854, 0.006246193, 0.005881113, 0.0057097175, 0.0053788084, 0.0050423755, 0.004864997, 0.0044966433, 0.0041694096, 0.0040753144, 0.004226003, 0.0049791224, 0, 0, 0, 0, 0, 0, 0, 0, 0, 0, 0, 0, 0, 0, 0, 0, 0, 0, 0, 0, 0, 0, 0, 0, 0, 0, 0, 0, 0, 0, 0
0, 0, 0, 0, 0, 0, 0, 0, 0, 0, 0, 0, 0, 0, 0, 0, 0, 0, 0, 0, 0, 0, 0, 0, 0, 0, 0, 0, 0, 0, 0, 0, 0, 0, 0, 0, 0, 0, 0, 0, 0, 0, 0, 0, 0, 0, 0, 0, 0, 0.005227508, 0.0027494018, 0.0017457214, 0.0015886517, 0.0015062365, 0.0015060661, 0.001497494, 0.001450028, 0.0014007591, 0.0013977225, 0.0014696704, 0.0016478247, 0.0018853504, 0.0020062535, 0.0022277022, 0.002417022, 0.002506312, 0.0026957951, 0.0029280023, 0.0032268548, 0.0034026515, 0.00379218, 0.004191492, 0.0043787006, 0.0047116824, 0.0049946844, 0.005259323, 0.005395854, 0.0056937453, 0.006031947, 0.0062152804, 0.0066025145, 0.006998792, 0.007191182, 0.0075468207, 0.007850109, 0.008105762, 0.008220636, 0.008432609, 0.008618529, 0.008698025, 0.00882293, 0.008903018, 0.008948185, 0.008961027, 0.00897013, 0.008959875, 0.008948256, 0.008912056, 0.008854046, 0.008810855, 0.008679548, 0.008471585, 0.008188553, 0.008025648, 0.007675511, 0.0073156846, 0.0071374336, 0.006793444, 0.0064701294, 0.006165879, 0.0060166623, 0.0057073785, 0.0053597577, 0.0051647793, 0.0047341273, 0.0042903074, 0.0041026985, 0.003962664, 0.0044545485, 0, 0, 0, 0, 0, 0, 0, 0, 0, 0, 0, 0, 0, 0, 0, 0, 0, 0, 0, 0, 0, 0, 0, 0, 0, 0, 0, 0, 0, 0, 0
0, 0, 0, 0, 0, 0, 0, 0, 0, 0, 0, 0, 0, 0, 0, 0, 0, 0, 0, 0, 0, 0, 0, 0, 0, 0, 0, 0, 0, 0, 0, 0, 0, 0, 0, 0, 0, 0, 0, 0, 0, 0, 0, 0, 0, 0, 0, 0, 0, 0, 0.0014336108, 0.00094928435, 0.00082379906, 0.00073415844, 0.00072252215, 0.0007140789, 0.0006947503, 0.0007246472, 0.0007776745, 0.0009718359, 0.001254682, 0.0015587918, 0.0016993126, 0.0019390287, 0.002132881, 0.002222559, 0.0024142207, 0.0026524481, 0.0029590963, 0.0031360276, 0.0035155104, 0.0038904315, 0.004065599, 0.004389088, 0.004698171, 0.0050265687, 0.0052048755, 0.0055910344, 0.006006259, 0.0062184953, 0.006640365, 0.0070386603, 0.007221284, 0.007543028, 0.0078082588, 0.008035905, 0.008142421, 0.008347338, 0.00853561, 0.008618597, 0.008757131, 0.008861088, 0.008936347, 0.008964508, 0.009000218, 0.009003689, 0.008992454, 0.00894256, 0.008853936, 0.008792457, 0.008628507, 0.008408742, 0.008146215, 0.008006509, 0.007721749, 0.007438078, 0.007296529, 0.007011399, 0.006719796, 0.0064139594, 0.006252207, 0.005900761, 0.0055010035, 0.0052799094, 0.004797656, 0.004280163, 0.004027197, 0.0036233321, 0.0035302343, 0, 0, 0, 0, 0, 0, 0, 0, 0, 0, 0, 0, 0, 0, 0, 0, 0, 0, 0, 0, 0, 0, 0, 0, 0, 0, 0, 0, 0, 0, 0
0, 0, 0, 0, 0, 0, 0, 0, 0, 0, 0, 0, 0, 0, 0, 0, 0, 0, 0, 0, 0, 0, 0, 0, 0, 0, 0, 0, 0, 0, 0, 0, 0, 0, 0, 0, 0, 0, 0, 0, 0, 0, 0, 0, 0, 0, 0, 0, 0, 0, 0, 0.00061594177, 0.0004065108, 0.00028267075, 0.0002656635, 0.00026221504, 0.0002837168, 0.0003970317, 0.0004991622, 0.0007779727, 0.0011020238, 0.0014023131, 0.0015311638, 0.0017463054, 0.001931027, 0.0020249463, 0.0022409223, 0.002518298, 0.0028637808, 0.0030550545, 0.0034505352, 0.0038308909, 0.0040107914, 0.0043588043, 0.004717278, 0.0051111616, 0.005322584, 0.00576455, 0.006210081, 0.0064259283, 0.006830999, 0.007185445, 0.0073399353, 0.007602254, 0.007816628, 0.0080111865, 0.008108208, 0.00830511, 0.0084960405, 0.008584356, 0.008739979, 0.008865157, 0.008956658, 0.008988001, 0.009016237, 0.008993599, 0.008963119, 0.0088672405, 0.008732449, 0.008652198, 0.00847061, 0.008270859, 0.0080684135, 0.007969482, 0.0077748573, 0.0075693387, 0.0074559143, 0.00719794, 0.006892953, 0.006542103, 0.006350981, 0.0059410343, 0.0054993248, 0.0052677677, 0.004781618, 0.004266006, 0.0040042414, 0.003538504, 0.0033776693, 0.0039167344, 0, 0, 0, 0, 0, 0, 0, 0, 0, 0, 0, 0, 0, 0, 0, 0, 0, 0, 0, 0, 0, 0, 0, 0, 0, 0, 0, 0, 0, 0
0, 0, 0, 0, 0, 0, 0, 0, 0, 0, 0, 0, 0, 0, 0, 0, 0, 0, 0, 0, 0, 0, 0, 0, 0, 0, 0, 0, 0, 0, 0, 0, 0, 0, 0, 0, 0, 0, 0, 0, 0, 0, 0, 0, 0, 0, 0, 0, 0, 0, 0, 0, 0.00017264647, 0.00020678279, 0.00017715777, 0.00016365814, 0.00019668479, 0.00035217297, 0.0004728683, 0.00076194835, 0.001050754, 0.0012936861, 0.0013968874, 0.0015878832, 0.0017943151, 0.0019152606, 0.0022081237, 0.0025722962, 0.0029896384, 0.0032062582, 0.0036312693, 0.004026195, 0.004213452, 0.0045835497, 0.0049704043, 0.005386941, 0.005603498, 0.0060389047, 0.006454729, 0.006647787, 0.006995862, 0.007286396, 0.007410086, 0.0076207537, 0.007802611, 0.0079809, 0.008073275, 0.008263545, 0.008449959, 0.008537276, 0.008693909, 0.008820086, 0.0089038825, 0.008926543, 0.008927015, 0.0088668335, 0.008816338, 0.008683956, 0.008523981, 0.00843881, 0.008269155, 0.008113856, 0.007981239, 0.007920684, 0.0077933273, 0.0076279207, 0.007520939, 0.0072487714, 0.0069037615, 0.006504513, 0.0062916875, 0.005853788, 0.005414649, 0.005196151, 0.004754505, 0.004295145, 0.0040600146, 0.003629058, 0.003441372, 0.003852384, 0.0042763604, 0, 0, 0, 0, 0, 0, 0, 0, 0, 0, 0, 0, 0, 0, 0, 0, 0, 0, 0, 0, 0, 0, 0, 0, 0, 0, 0, 0, 0
0, 0, 0, 0, 0, 0, 0, 0, 0, 0, 0, 0, 0, 0, 0, 0, 0, 0, 0, 0, 0, 0, 0, 0, 0, 0, 0, 0, 0, 0, 0, 0, 0, 0, 0, 0, 0, 0, 0, 0, 0, 0, 0, 0, 0, 0, 0, 0, 0, 0, 0, 0, 0, 0.00047058973, 0.0003381506, 0.00028142732, 0.00027834455, 0.0004293093, 0.00054215087, 0.00079039723, 0.0010201419, 0.0012195858, 0.001317208, 0.001536996, 0.0018199245, 0.001991809, 0.0023931912, 0.0028497975, 0.0033235224, 0.003553005, 0.0039814715, 0.004367905, 0.0045513255, 0.004915124, 0.005290057, 0.0056781885, 0.0058732, 0.0062527326, 0.0066036857, 0.0067647104, 0.0070536295, 0.0073000533, 0.0074096257, 0.007609696, 0.0077976785, 0.007983469, 0.008075415, 0.008252824, 0.008414208, 0.008487461, 0.008617788, 0.008721632, 0.008784501, 0.008796515, 0.00877584, 0.008697988, 0.008641096, 0.008501726, 0.008345248, 0.008267303, 0.008124261, 0.008008018, 0.007914698, 0.007868882, 0.007752362, 0.0075690662, 0.0074446173, 0.0071308827, 0.006748582, 0.006330083, 0.006117397, 0.005700728, 0.0053058215, 0.005114798, 0.0047308346, 0.0043201204, 0.004101944, 0.003669533, 0.0033730872, 0.0034948103, 0.0038007183, 0, 0, 0, 0, 0, 0, 0, 0, 0, 0, 0, 0, 0, 0, 0, 0, 0, 0, 0, 0, 0, 0, 0, 0, 0, 0, 0, 0, 0
0, 0, 0, 0, 0, 0, 0, 0, 0, 0, 0, 0, 0, 0, 0, 0, 0, 0, 0, 0, 0, 0, 0, 0, 0, 0, 0, 0, 0, 0, 0, 0, 0, 0, 0, 0, 0, 0, 0, 0, 0, 0, 0, 0, 0, 0, 0, 0, 0, 0, 0, 0, 0, 0, 0.00054496585, 0.0004254799, 0.00039826497, 0.00053876755, 0.0006365787, 0.00084519055, 0.0010532743, 0.0012758025, 0.0014027932, 0.0017081009, 0.0020928516, 0.0023127326, 0.0027913025, 0.0032856592, 0.0037538712, 0.003969911, 0.0043632044, 0.00471958, 0.0048910626, 0.0052331886, 0.005577175, 0.0059159393, 0.006080148, 0.006394853, 0.0066885534, 0.006827437, 0.0070918673, 0.007340776, 0.007461185, 0.007695085, 0.007916599, 0.008114993, 0.008201222, 0.008343897, 0.008452067, 0.0084977485, 0.008578657, 0.008646277, 0.008689018, 0.008695988, 0.008674999, 0.008606474, 0.00855629, 0.008432071, 0.008291098, 0.008220577, 0.008090279, 0.007979187, 0.007873773, 0.007813235, 0.0076511563, 0.007411428, 0.0072603, 0.006907467, 0.006514846, 0.006117338, 0.005925373, 0.005562322, 0.005223426, 0.0050558215, 0.004701461, 0.0042937044, 0.004065312, 0.003577928, 0.0031293912, 0.0028879012, 0.0028941054, 0, 0, 0, 0, 0, 0, 0, 0, 0, 0, 0, 0, 0, 0, 0, 0, 0, 0, 0, 0, 0, 0, 0, 0, 0, 0, 0, 0, 0
0, 0, 0, 0, 0, 0, 0, 0, 0, 0, 0, 0, 0, 0, 0, 0, 0, 0, 0, 0, 0, 0, 0, 0, 0, 0, 0, 0, 0, 0, 0, 0, 0, 0, 0, 0, 0, 0, 0, 0, 0, 0, 0, 0, 0, 0, 0, 0, 0, 0, 0, 0, 0, 0, 0, 0.0004995602, 0.0006054108, 0.00073459436, 0.00080873695, 0.0009870778, 0.001221655, 0.0015235305, 0.0017002547, 0.0021018097, 0.0025552036, 0.002793941, 0.0032747274, 0.0037310382, 0.0041410727, 0.004328342, 0.0046796603, 0.0050194147, 0.005189716, 0.005529465, 0.005856674, 0.006160678, 0.006303204, 0.006576448, 0.006844382, 0.0069801146, 0.0072579053, 0.0075423867, 0.0076848, 0.007958994, 0.008199492, 0.008381118, 0.008445207, 0.008525069, 0.00856232, 0.008574782, 0.00860244, 0.008637127, 0.008667675, 0.008675266, 0.008665735, 0.0086154565, 0.0085744355, 0.008464383, 0.008328101, 0.00825628, 0.008113312, 0.007973328, 0.007818855, 0.007727406, 0.007500069, 0.007207279, 0.007039795, 0.006680423, 0.0063142455, 0.0059660925, 0.005802232, 0.005491422, 0.00518445, 0.0050216266, 0.004654644, 0.0042144544, 0.0039673736, 0.003442488, 0.0029475237, 0.0026439908, 0.0026506323, 0.0031342963, 0, 0, 0, 0, 0, 0, 0, 0, 0, 0, 0, 0, 0, 0, 0, 0, 0, 0, 0, 0, 0, 0, 0, 0, 0, 0, 0, 0
0, 0, 0, 0, 0, 0, 0, 0, 0, 0, 0, 0, 0, 0, 0, 0, 0, 0, 0, 0, 0, 0, 0, 0, 0, 0, 0, 0, 0, 0, 0, 0, 0, 0, 0, 0, 0, 0, 0, 0, 0, 0, 0, 0, 0, 0, 0, 0, 0, 0, 0, 0, 0, 0, 0, 0, 0.0010454782, 0.0011051461, 0.0011132408, 0.0012305714, 0.0015083803, 0.0018985866, 0.0021175097, 0.0025757318, 0.003035198, 0.0032580346, 0.0036794126, 0.0040608854, 0.0044101467, 0.004579535, 0.004926953, 0.0052947383, 0.005483064, 0.0058523146, 0.006187962, 0.006480702, 0.006613642, 0.006869273, 0.007133125, 0.0072728735, 0.0075688926, 0.007875662, 0.008025609, 0.008298103, 0.008506165, 0.008627466, 0.00865556, 0.0086643025, 0.0086442465, 0.008635464, 0.008634312, 0.00865411, 0.008679813, 0.008687448, 0.008678843, 0.008628108, 0.008585307, 0.0084674405, 0.008318617, 0.008237956, 0.008071514, 0.007895336, 0.00769411, 0.0075776866, 0.0073093427, 0.0070013064, 0.006838324, 0.0065110824, 0.006196248, 0.005900623, 0.005757878, 0.0054697506, 0.005154076, 0.0049768537, 0.00457105, 0.004100053, 0.0038482412, 0.0033422695, 0.0028959464, 0.0026374387, 0.002650673, 0.003156451, 0, 0, 0, 0, 0, 0, 0, 0, 0, 0, 0, 0, 0, 0, 0, 0, 0, 0, 0, 0, 0, 0, 0, 0, 0, 0, 0, 0
0, 0, 0, 0, 0, 0, 0, 0, 0, 0, 0, 0, 0, 0, 0, 0, 0, 0, 0, 0, 0, 0, 0, 0, 0, 0, 0, 0, 0, 0, 0, 0, 0, 0, 0, 0, 0, 0, 0, 0, 0, 0, 0, 0, 0, 0, 0, 0, 0, 0, 0, 0, 0, 0, 0, 0, 0, 0.0016578957, 0.0015168709, 0.0015416202, 0.0018437001, 0.0022766998, 0.0025087032, 0.0029614663, 0.003376288, 0.0035663475, 0.0039165826, 0.0042419867, 0.0045739478, 0.0047528916, 0.0051470404, 0.0055758795, 0.005791738, 0.0061973687, 0.006542661, 0.006825389, 0.0069504296, 0.007190428, 0.0074424366, 0.007577569, 0.007862173, 0.008145349, 0.008275742, 0.008491598, 0.008624404, 0.008670409, 0.008667723, 0.008637429, 0.008608768, 0.008603535, 0.008613711, 0.008639188, 0.008656916, 0.008655108, 0.008618686, 0.008533678, 0.008473724, 0.008326862, 0.008159452, 0.008072714, 0.0078970445, 0.007709879, 0.0074951802, 0.0073739085, 0.00710652, 0.006820883, 0.0066774874, 0.006398362, 0.0061315284, 0.005867112, 0.005730176, 0.0054319617, 0.0050834864, 0.004886573, 0.004450254, 0.0039797095, 0.003743281, 0.003294507, 0.0029078464, 0.0026298384, 0.0025581792, 0.0026097232, 0, 0, 0, 0, 0, 0, 0, 0, 0, 0, 0, 0, 0, 0, 0, 0, 0, 0, 0, 0, 0, 0, 0, 0, 0, 0, 0, 0
0, 0, 0, 0, 0, 0, 0, 0, 0, 0, 0, 0, 0, 0, 0, 0, 0, 0, 0, 0, 0, 0, 0, 0, 0, 0, 0, 0, 0, 0, 0, 0, 0, 0, 0, 0, 0, 0, 0, 0, 0, 0, 0, 0, 0, 0, 0, 0, 0, 0, 0, 0, 0, 0, 0, 0, 0, 0, 0.0018962453, 0.001995191, 0.002244348, 0.0025988738, 0.0027913984, 0.0031713725, 0.0035204287, 0.0036823177, 0.0039903447, 0.004308207, 0.004675347, 0.0048841317, 0.0053447653, 0.005825487, 0.0060551306, 0.006463689, 0.006788362, 0.007041586, 0.0071520465, 0.0073652137, 0.0075902296, 0.0077097793, 0.007954039, 0.008180297, 0.008276311, 0.008416485, 0.008479739, 0.008483474, 0.008475026, 0.008463196, 0.008477486, 0.0084954165, 0.0085398955, 0.008571827, 0.008564529, 0.008541026, 0.008451414, 0.008313534, 0.008232276, 0.00805962, 0.007890195, 0.0078097126, 0.007653364, 0.00748722, 0.0072918935, 0.007181246, 0.00694043, 0.0066884113, 0.0065631582, 0.006316933, 0.006071121, 0.0058102217, 0.005668091, 0.005349275, 0.004978902, 0.004775478, 0.0043462706, 0.0039149886, 0.0037089854, 0.0033288212, 0.0029904493, 0.0026948415, 0.002579304, 0.0025285706, 0.0029615709, 0, 0, 0, 0, 0, 0, 0, 0, 0, 0, 0, 0, 0, 0, 0, 0, 0, 0, 0, 0, 0, 0, 0, 0, 0, 0, 0
0, 0, 0, 0, 0, 0, 0, 0, 0, 0, 0, 0, 0, 0, 0, 0, 0, 0, 0, 0, 0, 0, 0, 0, 0, 0, 0, 0, 0, 0, 0, 0, 0, 0, 0, 0, 0, 0, 0, 0, 0, 0, 0, 0, 0, 0, 0, 0, 0, 0, 0, 0, 0, 0, 0, 0, 0, 0, 0, 0.002873985, 0.002832655, 0.0028798932, 0.0029592789, 0.003200122, 0.0034899577, 0.0036390973, 0.003949826, 0.004304653, 0.0047311825, 0.004969857, 0.0054718056, 0.005953407, 0.0061684246, 0.0065275286, 0.006797088, 0.007007442, 0.0071027493, 0.007295207, 0.0075015198, 0.007608877, 0.00781791, 0.007995396, 0.008064527, 0.008154266, 0.008189594, 0.008201842, 0.008211716, 0.00825523, 0.008328717, 0.008369351, 0.00843544, 0.008454064, 0.008406809, 0.008357801, 0.0082190605, 0.008047072, 0.007958451, 0.007791845, 0.007651241, 0.0075895907, 0.007471297, 0.0073361136, 0.0071651377, 0.007065049, 0.0068441406, 0.0066095996, 0.006490639, 0.0062515284, 0.0060048075, 0.0057380917, 0.005592877, 0.005273142, 0.004915744, 0.004726605, 0.0043432894, 0.003976469, 0.003805004, 0.0034852305, 0.003179561, 0.0028770447, 0.0027430467, 0.0026216106, 0.0029416422, 0.0032760447, 0, 0, 0, 0, 0, 0, 0, 0, 0, 0, 0, 0, 0, 0, 0, 0, 0, 0, 0, 0, 0, 0, 0, 0, 0, 0
0, 0, 0, 0, 0, 0, 0, 0, 0, 0, 0, 0, 0, 0, 0, 0, 0, 0, 0, 0, 0, 0, 0, 0, 0, 0, 0, 0, 0, 0, 0, 0, 0, 0, 0, 0, 0, 0, 0, 0, 0, 0, 0, 0, 0, 0, 0, 0, 0, 0, 0, 0, 0, 0, 0, 0, 0, 0, 0, 0.0043838653, 0.0036421216, 0.0031341615, 0.0030279544, 0.0030933116, 0.0033475, 0.0035019014, 0.003848119, 0.0042564063, 0.004729492, 0.004979795, 0.005468918, 0.005891641, 0.0060665207, 0.0063446197, 0.0065541975, 0.0067395098, 0.0068347743, 0.007041863, 0.007265978, 0.0073783793, 0.0075840154, 0.0077426275, 0.0077997604, 0.007872853, 0.007913269, 0.007958189, 0.00799194, 0.008084062, 0.008191412, 0.008238539, 0.008297237, 0.008287423, 0.008205884, 0.008142993, 0.007990745, 0.007831272, 0.0077582714, 0.007636458, 0.0075455913, 0.007505819, 0.007417844, 0.007294915, 0.0071245893, 0.007023851, 0.0068018883, 0.0065676672, 0.006449365, 0.006211998, 0.005969686, 0.005714039, 0.0055777733, 0.0052847406, 0.004968799, 0.0048062685, 0.0044844393, 0.004181279, 0.0040376154, 0.0037562638, 0.0034580042, 0.0031305037, 0.0029676296, 0.0027300809, 0.0028275037, 0.003092749, 0, 0, 0, 0, 0, 0, 0, 0, 0, 0, 0, 0, 0, 0, 0, 0, 0, 0, 0, 0, 0, 0, 0, 0, 0, 0
0, 0, 0, 0, 0, 0, 0, 0, 0, 0, 0, 0, 0, 0, 0, 0, 0, 0, 0, 0, 0, 0, 0, 0, 0, 0, 0, 0, 0, 0, 0, 0, 0, 0, 0, 0, 0, 0, 0, 0, 0, 0, 0, 0, 0, 0, 0, 0, 0, 0, 0, 0, 0, 0, 0, 0, 0, 0, 0, 0, 0.004457704, 0.0033488816, 0.0030397477, 0.0029584237, 0.0031835022, 0.0033414697, 0.0037165426, 0.0041610217, 0.00464469, 0.004882747, 0.005311294, 0.0056458255, 0.0057770805, 0.0059879315, 0.0061730943, 0.006378295, 0.0064959237, 0.0067571304, 0.007029634, 0.0071582566, 0.007377485, 0.007529104, 0.007579699, 0.0076453583, 0.0076955357, 0.0077646403, 0.0078114946, 0.007921363, 0.008026557, 0.008065555, 0.008098951, 0.008065148, 0.007975159, 0.007917002, 0.0077954875, 0.00769082, 0.007650277, 0.0075918483, 0.0075463206, 0.0075192074, 0.0074347444, 0.007295627, 0.0071055377, 0.0069976477, 0.0067715556, 0.006547103, 0.006438158, 0.0062262267, 0.006015173, 0.0057932017, 0.005674881, 0.0054202084, 0.00514735, 0.0050085043, 0.004735865, 0.004475268, 0.0043471525, 0.004078404, 0.0037671505, 0.0033981774, 0.003199028, 0.0028218485, 0.0026040361, 0.0026065956, 0, 0, 0, 0, 0, 0, 0, 0, 0, 0, 0, 0, 0, 0, 0, 0, 0, 0, 0, 0, 0, 0, 0, 0, 0, 0
0, 0, 0, 0, 0, 0, 0, 0, 0, 0, 0, 0, 0, 0, 0, 0, 0, 0, 0, 0, 0, 0, 0, 0, 0, 0, 0, 0, 0, 0, 0, 0, 0, 0, 0, 0, 0, 0, 0, 0, 0, 0, 0, 0, 0, 0, 0, 0, 0, 0, 0, 0, 0, 0, 0, 0, 0, 0, 0, 0, 0, 0.003303518, 0.0031277004, 0.0029881552, 0.0030790688, 0.0031937973, 0.0035391448, 0.0039845854, 0.0044469563, 0.0046603745, 0.005020315, 0.0052867355, 0.0053940783, 0.005587978, 0.005797936, 0.006057002, 0.006205348, 0.0065218844, 0.0068273316, 0.006961687, 0.0071724486, 0.0073020747, 0.007342552, 0.0073977513, 0.007453966, 0.0075352225, 0.007585411, 0.0076907645, 0.007775458, 0.0078014107, 0.0078124655, 0.0077733286, 0.0077039786, 0.007666871, 0.0076053385, 0.007572283, 0.0075657256, 0.0075594014, 0.007535384, 0.007506481, 0.0074026464, 0.0072395117, 0.007039305, 0.0069349147, 0.0067339195, 0.0065530147, 0.006469848, 0.006311565, 0.006149405, 0.0059667076, 0.0058639986, 0.005636183, 0.005387981, 0.005261677, 0.0050125816, 0.004768704, 0.004644081, 0.0043717073, 0.004046045, 0.0036566977, 0.0034430868, 0.0030189655, 0.0027326113, 0.0027366423, 0.0032877207, 0, 0, 0, 0, 0, 0, 0, 0, 0, 0, 0, 0, 0, 0, 0, 0, 0, 0, 0, 0, 0, 0, 0, 0, 0
0, 0, 0, 0, 0, 0, 0, 0, 0, 0, 0, 0, 0, 0, 0, 0, 0, 0, 0, 0, 0, 0, 0, 0, 0, 0, 0, 0, 0, 0, 0, 0, 0, 0, 0, 0, 0, 0, 0, 0, 0, 0, 0, 0, 0, 0, 0, 0, 0, 0, 0, 0, 0, 0, 0, 0, 0, 0, 0, 0, 0, 0, 0.003754583, 0.0033782509, 0.003021905, 0.0030134243, 0.003266016, 0.0036955152, 0.004136381, 0.0043313, 0.004652402, 0.004898623, 0.0050073955, 0.005227321, 0.0054809605, 0.0057799914, 0.0059413435, 0.0062629157, 0.006544813, 0.0066588107, 0.006825103, 0.006921008, 0.006952964, 0.0070112892, 0.0070867417, 0.0071860068, 0.007240279, 0.0073401113, 0.0074082175, 0.0074266274, 0.007432957, 0.0074122013, 0.007387858, 0.0073815743, 0.007387983, 0.0074166716, 0.0074329637, 0.007449549, 0.0074198414, 0.0073812003, 0.0072587803, 0.007095215, 0.0069236644, 0.0068443497, 0.0067077163, 0.006597951, 0.0065488876, 0.00644843, 0.006324861, 0.0061621303, 0.0060642506, 0.0058412785, 0.005598211, 0.0054746494, 0.0052303453, 0.004985531, 0.004857893, 0.0045777094, 0.004251199, 0.0038762863, 0.0036764983, 0.0032868139, 0.003028861, 0.0030315225, 0.0035265929, 0, 0, 0, 0, 0, 0, 0, 0, 0, 0, 0, 0, 0, 0, 0, 0, 0, 0, 0, 0, 0, 0, 0, 0, 0
0, 0, 0, 0, 0, 0, 0, 0, 0, 0, 0, 0, 0, 0, 0, 0, 0, 0, 0, 0, 0, 0, 0, 0, 0, 0, 0, 0, 0, 0, 0, 0, 0, 0, 0, 0, 0, 0, 0, 0, 0, 0, 0, 0, 0, 0, 0, 0, 0, 0, 0, 0, 0, 0, 0, 0, 0, 0, 0, 0, 0, 0, 0, 0.004117539, 0.0028815, 0.0027398295, 0.0029186206, 0.003342045, 0.003771193, 0.0039568497, 0.0042657186, 0.0045182123, 0.0046371897, 0.004883068, 0.005152586, 0.0054421397, 0.005586411, 0.0058523067, 0.0060623307, 0.006141864, 0.006256332, 0.006337348, 0.0063765803, 0.0064708204, 0.006591582, 0.0067261243, 0.006790072, 0.0068970523, 0.0069670207, 0.0069883214, 0.007013971, 0.0070341825, 0.0070680645, 0.0070934626, 0.007157294, 0.007221375, 0.0072449017, 0.0072564157, 0.007208919, 0.0071637444, 0.0070453743, 0.006918475, 0.006813455, 0.006773568, 0.0067163375, 0.006673476, 0.0066498104, 0.006579948, 0.0064629638, 0.0062913983, 0.0061875884, 0.0059560877, 0.005711768, 0.005589516, 0.0053479075, 0.0051010163, 0.004970721, 0.004687634, 0.0043690163, 0.0040183035, 0.0038356222, 0.0034784016, 0.0032087518, 0.003161425, 0.0034256033, 0.004285847, 0, 0, 0, 0, 0, 0, 0, 0, 0, 0, 0, 0, 0, 0, 0, 0, 0, 0, 0, 0, 0, 0, 0, 0
0, 0, 0, 0, 0, 0, 0, 0, 0, 0, 0, 0, 0, 0, 0, 0, 0, 0, 0, 0, 0, 0, 0, 0, 0, 0, 0, 0, 0, 0, 0, 0, 0, 0, 0, 0, 0, 0, 0, 0, 0, 0, 0, 0, 0, 0, 0, 0, 0, 0, 0, 0, 0, 0, 0, 0, 0, 0, 0, 0, 0, 0, 0, 0, 0.0025883534, 0.0024969152, 0.0026658305, 0.0030433533, 0.0034206337, 0.0035850985, 0.0038671908, 0.0041123973, 0.0042307293, 0.0044725374, 0.004721174, 0.0049643004, 0.005076415, 0.005268697, 0.0054123313, 0.0054688235, 0.005569122, 0.005679483, 0.005745996, 0.0059056273, 0.0060871528, 0.006262659, 0.0063401046, 0.006465297, 0.0065534804, 0.006587845, 0.006650045, 0.0067192027, 0.006805491, 0.006853913, 0.006949511, 0.0070211627, 0.007040097, 0.0070356573, 0.0069796247, 0.0069390307, 0.0068536364, 0.0067877406, 0.0067558857, 0.006750694, 0.0067488924, 0.006735062, 0.0067152865, 0.006636073, 0.0064957826, 0.006300322, 0.0061885417, 0.0059539676, 0.0057199933, 0.0056058676, 0.005378754, 0.005139709, 0.0050107334, 0.0047283825, 0.0044129235, 0.004067374, 0.0038850503, 0.0035101364, 0.0031558403, 0.0030129189, 0.0028906283, 0.0030295872, 0, 0, 0, 0, 0, 0, 0, 0, 0, 0, 0, 0, 0, 0, 0, 0, 0, 0, 0, 0, 0, 0, 0, 0
0, 0, 0, 0, 0, 0, 0, 0, 0, 0, 0, 0, 0, 0, 0, 0, 0, 0, 0, 0, 0, 0, 0, 0, 0, 0, 0, 0, 0, 0, 0, 0, 0, 0, 0, 0, 0, 0, 0, 0, 0, 0, 0, 0, 0, 0, 0, 0, 0, 0, 0, 0, 0, 0, 0, 0, 0, 0, 0, 0, 0, 0, 0, 0, 0.0028021773, 0.00271362, 0.0027101024, 0.0028633256, 0.0030759647, 0.003187584, 0.0034086898, 0.0036264088, 0.003736746, 0.0039607836, 0.0041831136, 0.0043880115, 0.0044786087, 0.0046333, 0.0047621545, 0.00482467, 0.0049651195, 0.0051419283, 0.005245097, 0.0054707094, 0.005697024, 0.00589707, 0.0059817946, 0.006120124, 0.006228494, 0.0062768045, 0.006374069, 0.0064809993, 0.0065977424, 0.006655561, 0.0067565236, 0.00681929, 0.0068321675, 0.006822383, 0.0067812917, 0.006758005, 0.006723162, 0.006715728, 0.006730724, 0.006740068, 0.0067452663, 0.0067123715, 0.006676352, 0.00656033, 0.006389947, 0.006182678, 0.006073542, 0.0058583934, 0.005654488, 0.0055552614, 0.0053512934, 0.0051236264, 0.004996078, 0.004710956, 0.004387577, 0.004028111, 0.003834151, 0.0034188356, 0.0029834204, 0.0027767275, 0.002481602, 0.002574376, 0, 0, 0, 0, 0, 0, 0, 0, 0, 0, 0, 0, 0, 0, 0, 0, 0, 0, 0, 0, 0, 0, 0, 0
0, 0, 0, 0, 0, 0, 0, 0, 0, 0, 0, 0, 0, 0, 0, 0, 0, 0, 0, 0, 0, 0, 0, 0, 0, 0, 0, 0, 0, 0, 0, 0, 0, 0, 0, 0, 0, 0, 0, 0, 0, 0, 0, 0, 0, 0, 0, 0, 0, 0, 0, 0, 0, 0, 0, 0, 0, 0, 0, 0, 0, 0, 0, 0, 0, 0.0034111578, 0.0031001468, 0.0027234624, 0.0026567397, 0.0027018874, 0.0028648751, 0.0030705181, 0.0031807176, 0.003406983, 0.0036296165, 0.003831806, 0.003923259, 0.0040917783, 0.00425957, 0.004351663, 0.0045620636, 0.0048056254, 0.004934403, 0.0051885433, 0.0054164194, 0.005602979, 0.005680319, 0.005810908, 0.0059244754, 0.005980388, 0.0060976082, 0.006224181, 0.0063504213, 0.006407996, 0.0065022786, 0.0065583116, 0.006571999, 0.006578128, 0.0065733, 0.0065737716, 0.0065879216, 0.006615408, 0.006637983, 0.0066398033, 0.0066116424, 0.00653328, 0.006475292, 0.006326538, 0.006148549, 0.0059614806, 0.005869886, 0.005695941, 0.005528785, 0.0054423977, 0.0052506053, 0.005019503, 0.004887568, 0.0045920145, 0.004259898, 0.0038919176, 0.0036930374, 0.003262729, 0.0027993196, 0.0025690554, 0.0021798403, 0.0020232678, 0, 0, 0, 0, 0, 0, 0, 0, 0, 0, 0, 0, 0, 0, 0, 0, 0, 0, 0, 0, 0, 0, 0, 0
0, 0, 0, 0, 0, 0, 0, 0, 0, 0, 0, 0, 0, 0, 0, 0, 0, 0, 0, 0, 0, 0, 0, 0, 0, 0, 0, 0, 0, 0, 0, 0, 0, 0, 0, 0, 0, 0, 0, 0, 0, 0, 0, 0, 0, 0, 0, 0, 0, 0, 0, 0, 0, 0, 0, 0, 0, 0, 0, 0, 0, 0, 0, 0, 0, 0, 0.0037677512, 0.0024424023, 0.002133152, 0.0021432338, 0.0022982026, 0.0025270116, 0.0026515757, 0.0029048952, 0.0031489213, 0.003372298, 0.003477239, 0.0036847864, 0.003907977, 0.004029906, 0.004292278, 0.0045605423, 0.0046884217, 0.004916567, 0.005100004, 0.005241447, 0.0053007994, 0.005408228, 0.0055160485, 0.0055747614, 0.0057027475, 0.0058390694, 0.0059675933, 0.006023677, 0.0061137113, 0.0061734514, 0.0061946935, 0.006228836, 0.0062634656, 0.0062833554, 0.0063253986, 0.0063575404, 0.006358738, 0.006342428, 0.0062730946, 0.0061598946, 0.0060914317, 0.005942879, 0.0057928674, 0.005652666, 0.0055860337, 0.0054532345, 0.005304898, 0.0052180863, 0.0050105597, 0.004756262, 0.004614294, 0.0043095523, 0.003985108, 0.0036399832, 0.003456734, 0.0030625944, 0.0026362902, 0.0024203486, 0.002037824, 0.0018678975, 0.0021161458, 0, 0, 0, 0, 0, 0, 0, 0, 0, 0, 0, 0, 0, 0, 0, 0, 0, 0, 0, 0, 0, 0, 0
0, 0, 0, 0, 0, 0, 0, 0, 0, 0, 0, 0, 0, 0, 0, 0, 0, 0, 0, 0, 0, 0, 0, 0, 0, 0, 0, 0, 0, 0, 0, 0, 0, 0, 0, 0, 0, 0, 0, 0, 0, 0, 0, 0, 0, 0, 0, 0, 0, 0, 0, 0, 0, 0, 0, 0, 0, 0, 0, 0, 0, 0, 0, 0, 0, 0, 0, 0.0018759, 0.0016253627, 0.0016414725, 0.0018181484, 0.0020770847, 0.0022159682, 0.002491044, 0.0027474866, 0.0029837429, 0.003098538, 0.0033334158, 0.0035860199, 0.0037182642, 0.0039806985, 0.004217794, 0.0043200604, 0.004487678, 0.0046144165, 0.0047155027, 0.004762245, 0.004860105, 0.0049736816, 0.0050385073, 0.0051802583, 0.005324553, 0.0054523563, 0.00550612, 0.005592119, 0.005656691, 0.0056846314, 0.0057392446, 0.0057944125, 0.005820658, 0.005861962, 0.005875534, 0.0058479803, 0.005817661, 0.005729328, 0.005617141, 0.005558694, 0.005446568, 0.0053472547, 0.0052545955, 0.0052054897, 0.0050866744, 0.0049230866, 0.0048207375, 0.0045767245, 0.004295231, 0.0041478467, 0.003853749, 0.0035670125, 0.0032805584, 0.003131388, 0.002811729, 0.0024600122, 0.0022777838, 0.0019424023, 0.001767428, 0.001956467, 0.002177412, 0, 0, 0, 0, 0, 0, 0, 0, 0, 0, 0, 0, 0, 0, 0, 0, 0, 0, 0, 0, 0, 0
0, 0, 0, 0, 0, 0, 0, 0, 0, 0, 0, 0, 0, 0, 0, 0, 0, 0, 0, 0, 0, 0, 0, 0, 0, 0, 0, 0, 0, 0, 0, 0, 0, 0, 0, 0, 0, 0, 0, 0, 0, 0, 0, 0, 0, 0, 0, 0, 0, 0, 0, 0, 0, 0, 0, 0, 0, 0, 0, 0, 0, 0, 0, 0, 0, 0, 0, 0.0015970925, 0.0013397445, 0.0013320467, 0.0014818469, 0.0017335674, 0.0018694111, 0.0021330637, 0.0023741652, 0.002598826, 0.0027104933, 0.0029425551, 0.0031835686, 0.0033020976, 0.0035188242, 0.0036944805, 0.0037660934, 0.0038842126, 0.0039844033, 0.00408405, 0.0041373046, 0.004256686, 0.0043952167, 0.004470401, 0.0046228725, 0.004762739, 0.004874015, 0.0049179443, 0.004987774, 0.0050453935, 0.005073678, 0.0051308507, 0.005183042, 0.00520347, 0.0052252645, 0.0052139186, 0.0051678354, 0.00513399, 0.0050551863, 0.00497518, 0.0049392087, 0.004878434, 0.0048244726, 0.0047558374, 0.004707865, 0.004570064, 0.004369365, 0.00424735, 0.003974671, 0.003690008, 0.003553237, 0.0033016438, 0.0030780472, 0.0028641482, 0.0027522088, 0.0025050868, 0.002219158, 0.0020649221, 0.0017593818, 0.0015281551, 0.0014711408, 0.0015008264, 0, 0, 0, 0, 0, 0, 0, 0, 0, 0, 0, 0, 0, 0, 0, 0, 0, 0, 0, 0, 0, 0
0, 0, 0, 0, 0, 0, 0, 0, 0, 0, 0, 0, 0, 0, 0, 0, 0, 0, 0, 0, 0, 0, 0, 0, 0, 0, 0, 0, 0, 0, 0, 0, 0, 0, 0, 0, 0, 0, 0, 0, 0, 0, 0, 0, 0, 0, 0, 0, 0, 0, 0, 0, 0, 0, 0, 0, 0, 0, 0, 0, 0, 0, 0, 0, 0, 0, 0, 0, 0.0012626981, 0.001199851, 0.0012632651, 0.0014616081, 0.0015753879, 0.001796636, 0.0020001181, 0.0021960577, 0.0022953826, 0.0024987096, 0.0026986967, 0.0027906091, 0.0029499722, 0.003076858, 0.0031329081, 0.0032411953, 0.0033575618, 0.0034887241, 0.0035596436, 0.0037115922, 0.0038688553, 0.0039456054, 0.0040839138, 0.004189979, 0.0042605316, 0.004285636, 0.004326973, 0.0043706256, 0.004395152, 0.0044459724, 0.0044864276, 0.0044982163, 0.0044992133, 0.0044697933, 0.004417668, 0.00438731, 0.004329771, 0.0042859837, 0.004270673, 0.0042474726, 0.0042147203, 0.0041425903, 0.004084748, 0.0039183004, 0.003692546, 0.0035653762, 0.0033031204, 0.0030594694, 0.0029518947, 0.0027667524, 0.0026088087, 0.0024495672, 0.0023606666, 0.0021527456, 0.0019030333, 0.0017671966, 0.0014956858, 0.0012769535, 0.0012097625, 0.0012675441, 0, 0, 0, 0, 0, 0, 0, 0, 0, 0, 0, 0, 0, 0, 0, 0, 0, 0, 0, 0, 0, 0
0, 0, 0, 0, 0, 0, 0, 0, 0, 0, 0, 0, 0, 0, 0, 0, 0, 0, 0, 0, 0, 0, 0, 0, 0, 0, 0, 0, 0, 0, 0, 0, 0, 0, 0, 0, 0, 0, 0, 0, 0, 0, 0, 0, 0, 0, 0, 0, 0, 0, 0, 0, 0, 0, 0, 0, 0, 0, 0, 0, 0, 0, 0, 0, 0, 0, 0, 0, 0.001288247, 0.0011798694, 0.0011267889, 0.0012395001, 0.0013189085, 0.0014847836, 0.0016480916, 0.0018114721, 0.0018943475, 0.0020587589, 0.002210365, 0.0022784711, 0.0023986453, 0.0025089413, 0.0025655034, 0.0026902456, 0.0028324702, 0.0029860416, 0.0030643903, 0.0032173344, 0.0033535182, 0.0034114937, 0.003498581, 0.003547077, 0.0035689145, 0.0035768272, 0.0035987317, 0.0036379371, 0.0036625103, 0.003711016, 0.0037429184, 0.0037485145, 0.003735984, 0.003697413, 0.0036446445, 0.0036182522, 0.003575837, 0.0035523542, 0.0035463688, 0.0035338688, 0.0034966401, 0.0034096846, 0.0033437416, 0.003171301, 0.0029640333, 0.002857234, 0.0026564293, 0.0024904378, 0.0024215272, 0.0023036064, 0.0021895654, 0.0020501488, 0.001965268, 0.0017634501, 0.0015306269, 0.001411281, 0.0011903745, 0.0010348834, 0.0010205808, 0.0010968078, 0.0014031184, 0, 0, 0, 0, 0, 0, 0, 0, 0, 0, 0, 0, 0, 0, 0, 0, 0, 0, 0, 0, 0
0, 0, 0, 0, 0, 0, 0, 0, 0, 0, 0, 0, 0, 0, 0, 0, 0, 0, 0, 0, 0, 0, 0, 0, 0, 0, 0, 0, 0, 0, 0, 0, 0, 0, 0, 0, 0, 0, 0, 0, 0, 0, 0, 0, 0, 0, 0, 0, 0, 0, 0, 0, 0, 0, 0, 0, 0, 0, 0, 0, 0, 0, 0, 0, 0, 0, 0, 0, 0, 0.0012248734, 0.001071643, 0.0010719902, 0.0011060897, 0.0012114366, 0.0013413565, 0.0014774731, 0.0015443759, 0.0016711026, 0.00178428, 0.0018366242, 0.001937807, 0.002044419, 0.0021023818, 0.0022279369, 0.0023604154, 0.0024892932, 0.0025492106, 0.0026530703, 0.0027271113, 0.0027505762, 0.0027704549, 0.0027667282, 0.0027618892, 0.0027655885, 0.0027931463, 0.002843014, 0.0028711758, 0.0029197005, 0.0029437966, 0.0029441938, 0.0029233086, 0.002881761, 0.0028324074, 0.002809988, 0.0027762826, 0.002758716, 0.002752445, 0.0027313724, 0.0026796025, 0.0025848942, 0.0025225352, 0.0023796915, 0.0022345735, 0.002168657, 0.0020582683, 0.0019766206, 0.0019420974, 0.001870644, 0.001772241, 0.0016284041, 0.0015390607, 0.0013349731, 0.0011222332, 0.0010229815, 0.00085665344, 0.00075217127, 0.00073157664, 0.00075924344, 0.0008657402, 0, 0, 0, 0, 0, 0, 0, 0, 0, 0, 0, 0, 0, 0, 0, 0, 0, 0, 0, 0, 0
0, 0, 0, 0, 0, 0, 0, 0, 0, 0, 0, 0, 0, 0, 0, 0, 0, 0, 0, 0, 0, 0, 0, 0, 0, 0, 0, 0, 0, 0, 0, 0, 0, 0, 0, 0, 0, 0, 0, 0, 0, 0, 0, 0, 0, 0, 0, 0, 0, 0, 0, 0, 0, 0, 0, 0, 0, 0, 0, 0, 0, 0, 0, 0, 0, 0, 0, 0, 0, 0, 0.0011194338, 0.0009574827, 0.0009230626, 0.00096069754, 0.0010639245, 0.0011752859, 0.0012273601, 0.0013209113, 0.0014031262, 0.0014425057, 0.0015217967, 0.0016043432, 0.0016465235, 0.0017299755, 0.0018061715, 0.0018684777, 0.0018926553, 0.0019229947, 0.001926373, 0.0019188949, 0.0018917259, 0.0018672469, 0.0018670189, 0.0018793853, 0.0019263957, 0.0019873802, 0.002015633, 0.002056033, 0.0020677897, 0.0020635002, 0.0020387354, 0.0020023272, 0.001965279, 0.0019500684, 0.0019295554, 0.0019175188, 0.0019099329, 0.001880129, 0.0018211431, 0.0017349845, 0.0016868695, 0.0015954938, 0.0015252734, 0.0015010915, 0.0014707869, 0.0014501007, 0.0014360924, 0.0013860501, 0.0012895953, 0.0011434043, 0.0010560091, 0.00087046216, 0.0006995431, 0.0006278498, 0.00051926373, 0.00045199523, 0.0004126396, 0.00040058055, 0.00038899734, 0, 0, 0, 0, 0, 0, 0, 0, 0, 0, 0, 0, 0, 0, 0, 0, 0, 0, 0, 0, 0
0, 0, 0, 0, 0, 0, 0, 0, 0, 0, 0, 0, 0, 0, 0, 0, 0, 0, 0, 0, 0, 0, 0, 0, 0, 0, 0, 0, 0, 0, 0, 0, 0, 0, 0, 0, 0, 0, 0, 0, 0, 0, 0, 0, 0, 0, 0, 0, 0, 0, 0, 0, 0, 0, 0, 0, 0, 0, 0, 0, 0, 0, 0, 0, 0, 0, 0, 0, 0, 0, 0.0012893882, 0.00084124896, 0.0007222683, 0.00069880416, 0.0007698095, 0.00084908435, 0.0008839268, 0.0009412666, 0.0009858971, 0.0010047227, 0.0010379741, 0.0010640996, 0.0010743665, 0.0010889207, 0.0010951469, 0.0010910204, 0.0010842023, 0.0010604179, 0.0010237262, 0.0010026137, 0.0009654936, 0.00095032685, 0.0009688777, 0.0009904259, 0.0010467944, 0.001102201, 0.001123443, 0.0011458204, 0.001143721, 0.0011357991, 0.0011134932, 0.0010906562, 0.0010755158, 0.001072627, 0.0010744038, 0.001077117, 0.0010735932, 0.0010487938, 0.0009986232, 0.0009352769, 0.00090543507, 0.000860584, 0.0008440156, 0.0008450738, 0.00085613003, 0.0008605216, 0.0008533637, 0.00081067154, 0.0007230714, 0.0005982838, 0.00052900944, 0.00039650506, 0.0002938812, 0.0002577184, 0.00021079935, 0.00017877501, 0.00013524837, 0.0001028433, -3.6193458e-06, 0, 0, 0, 0, 0, 0, 0, 0, 0, 0, 0, 0, 0, 0, 0, 0, 0, 0, 0, 0, 0
0, 0, 0, 0, 0, 0, 0, 0, 0, 0, 0, 0, 0, 0, 0, 0, 0, 0, 0, 0, 0, 0, 0, 0, 0, 0, 0, 0, 0, 0, 0, 0, 0, 0, 0, 0, 0, 0, 0, 0, 0, 0, 0, 0, 0, 0, 0, 0, 0, 0, 0, 0, 0, 0, 0, 0, 0, 0, 0, 0, 0, 0, 0, 0, 0, 0, 0, 0, 0, 0, 0, 0.0005002887, 0.00047353574, 0.00041750053, 0.00042880958, 0.00046041867, 0.00047338038, 0.00048542008, 0.00047858935, 0.0004688181, 0.00043875302, 0.00039908395, 0.0003780495, 0.00033691982, 0.00029987385, 0.0002649429, 0.0002465999, 0.00020821475, 0.00016886284, 0.000151545, 0.00012930208, 0.00013218715, 0.00016078659, 0.0001813596, 0.00022380154, 0.0002546084, 0.00026297287, 0.00026423996, 0.00025086195, 0.0002421688, 0.00022655213, 0.0002204839, 0.00022983253, 0.00024041372, 0.0002682947, 0.00029293116, 0.0002987968, 0.00029242935, 0.00026511212, 0.00023045177, 0.00021614147, 0.00020088766, 0.00020509234, 0.00021246361, 0.00022737031, 0.00022990891, 0.0002224854, 0.00018694715, 0.00012521687, 5.041652e-05, 1.4506589e-05, -3.9565355e-05, -6.118601e-05, -6.124523e-05, -5.3801115e-05, -6.0605395e-05, -0.00010764133, -0.00015191667, -0.00030320394, -0.0005851416, 0, 0, 0, 0, 0, 0, 0, 0, 0, 0, 0, 0, 0, 0, 0, 0, 0, 0, 0, 0
0, 0, 0, 0, 0, 0, 0, 0, 0, 0, 0, 0, 0, 0, 0, 0, 0, 0, 0, 0, 0, 0, 0, 0, 0, 0, 0, 0, 0, 0, 0, 0, 0, 0, 0, 0, 0, 0, 0, 0, 0, 0, 0, 0, 0, 0, 0, 0, 0, 0, 0, 0, 0, 0, 0, 0, 0, 0, 0, 0, 0, 0, 0, 0, 0, 0, 0, 0, 0, 0, 0, 0.0005812877, 0.00045281948, 0.00011689336, 4.5280452e-05, 3.380526e-05, 2.5992706e-05, -9.214178e-06, -7.0104135e-05, -0.00010804823, -0.00019175153, -0.00027465282, -0.00031205246, -0.0003733814, -0.0004180024, -0.0004525882, -0.00046838308, -0.0004978828, -0.00052322913, -0.00053246855, -0.0005398996, -0.00053237187, -0.0005161111, -0.000507868, -0.0004973328, -0.0004985467, -0.00050342956, -0.000519137, -0.0005378426, -0.0005458717, -0.0005535351, -0.0005440427, -0.00051464484, -0.000493851, -0.00044703158, -0.00040564558, -0.0003909333, -0.0003765222, -0.00037763207, -0.0003832898, -0.0003845835, -0.0003815906, -0.0003719606, -0.0003667117, -0.00035992713, -0.00036365632, -0.00037003026, -0.00039049098, -0.00041387716, -0.00042707028, -0.0004259949, -0.000402898, -0.000357427, -0.00033204156, -0.00029283413, -0.00028949056, -0.00033708854, -0.00038284276, -0.0005343024, -0.0008186266, -0.0010167612, 0, 0, 0, 0, 0, 0, 0, 0, 0, 0, 0, 0, 0, 0, 0, 0, 0, 0, 0
0, 0, 0, 0, 0, 0, 0, 0, 0, 0, 0, 0, 0, 0, 0, 0, 0, 0, 0, 0, 0, 0, 0, 0, 0, 0, 0, 0, 0, 0, 0, 0, 0, 0, 0, 0, 0, 0, 0, 0, 0, 0, 0, 0, 0, 0, 0, 0, 0, 0, 0, 0, 0, 0, 0, 0, 0, 0, 0, 0, 0, 0, 0, 0, 0, 0, 0, 0, 0, 0, 0, 0, 0, -0.0003067805, -0.00034369467, -0.00035783666, -0.00037787214, -0.00044960144, -0.0005525639, -0.00060998334, -0.0007241333, -0.0008233024, -0.0008637345, -0.00092509476, -0.00096548523, -0.0009956969, -0.0010094435, -0.0010356093, -0.0010585631, -0.0010677855, -0.0010817384, -0.001092871, -0.0011057643, -0.0011142754, -0.0011350748, -0.0011577717, -0.0011687912, -0.001188817, -0.0012037501, -0.0012078375, -0.001204389, -0.00118274, -0.0011431199, -0.0011191492, -0.001069817, -0.0010277092, -0.0010107837, -0.0009851624, -0.0009650557, -0.00094432774, -0.00093293545, -0.00090905017, -0.00088681775, -0.0008774285, -0.00086414826, -0.0008584264, -0.0008577913, -0.0008552693, -0.0008425341, -0.00080918765, -0.00078293873, -0.00071434217, -0.0006369562, -0.000601803, -0.0005514413, -0.0005386117, -0.00056206353, -0.0005852013, -0.00065699895, -0.0007800751, -0.0008484446, 0, 0, 0, 0, 0, 0, 0, 0, 0, 0, 0, 0, 0, 0, 0, 0, 0, 0, 0
0, 0, 0, 0, 0, 0, 0, 0, 0, 0, 0, 0, 0, 0, 0, 0, 0, 0, 0, 0, 0, 0, 0, 0, 0, 0, 0, 0, 0, 0, 0, 0, 0, 0, 0, 0, 0, 0, 0, 0, 0, 0, 0, 0, 0, 0, 0, 0, 0, 0, 0, 0, 0, 0, 0, 0, 0, 0, 0, 0, 0, 0, 0, 0, 0, 0, 0, 0, 0, 0, 0, 0, 0, -0.0006966318, -0.0006697712, -0.0006628511, -0.0006864543, -0.0007822957, -0.0009147777, -0.0009849487, -0.0011176408, -0.0012276046, -0.0012715649, -0.0013393471, -0.0013892357, -0.0014321893, -0.0014535668, -0.0014970409, -0.0015413384, -0.0015632473, -0.001607039, -0.001650596, -0.0016923273, -0.0017111747, -0.0017415236, -0.0017605071, -0.0017660828, -0.0017713967, -0.0017705663, -0.0017671577, -0.0017514878, -0.001723019, -0.0016862438, -0.0016675066, -0.0016339516, -0.001606977, -0.0015948059, -0.0015689997, -0.0015356131, -0.0014921844, -0.0014678496, -0.0014162649, -0.0013652443, -0.0013412809, -0.0012991648, -0.0012662127, -0.0012528596, -0.0012278273, -0.0011957731, -0.0011468764, -0.0011152682, -0.0010421734, -0.0009661684, -0.0009318885, -0.0008761162, -0.0008380399, -0.00080991554, -0.00079716503, -0.0007784235, -0.0007972188, -0.0008244325, 0, 0, 0, 0, 0, 0, 0, 0, 0, 0, 0, 0, 0, 0, 0, 0, 0, 0, 0
0, 0, 0, 0, 0, 0, 0, 0, 0, 0, 0, 0, 0, 0, 0, 0, 0, 0, 0, 0, 0, 0, 0, 0, 0, 0, 0, 0, 0, 0, 0, 0, 0, 0, 0, 0, 0, 0, 0, 0, 0, 0, 0, 0, 0, 0, 0, 0, 0, 0, 0, 0, 0, 0, 0, 0, 0, 0, 0, 0, 0, 0, 0, 0, 0, 0, 0, 0, 0, 0, 0, 0, 0, 0, -0.0009550509, -0.00093425665, -0.0009549384, -0.0010578878, -0.0012077824, -0.001288034, -0.0014409423, -0.0015708526, -0.0016258645, -0.0017174834, -0.001794139, -0.0018656858, -0.001901837, -0.001977057, -0.0020550238, -0.0020947855, -0.00217114, -0.0022379702, -0.0022871813, -0.0023030927, -0.0023171804, -0.0023123447, -0.0023056194, -0.0022888465, -0.002270693, -0.0022605269, -0.0022382324, -0.0022139063, -0.002192283, -0.002184198, -0.0021737767, -0.0021652994, -0.00215912, -0.0021367534, -0.0020966318, -0.0020385482, -0.0020039047, -0.0019262683, -0.0018420982, -0.001799916, -0.001721064, -0.0016566898, -0.0016311131, -0.0015909942, -0.0015562959, -0.0015165549, -0.0014928038, -0.001437733, -0.0013749893, -0.0013418518, -0.0012723967, -0.0011964431, -0.0011145247, -0.0010740373, -0.00101637, -0.0010760898, -0.0012117652, 0, 0, 0, 0, 0, 0, 0, 0, 0, 0, 0, 0, 0, 0, 0, 0, 0, 0, 0
0, 0, 0, 0, 0, 0, 0, 0, 0, 0, 0, 0, 0, 0, 0, 0, 0, 0, 0, 0, 0, 0, 0, 0, 0, 0, 0, 0, 0, 0, 0, 0, 0, 0, 0, 0, 0, 0, 0, 0, 0, 0, 0, 0, 0, 0, 0, 0, 0, 0, 0, 0, 0, 0, 0, 0, 0, 0, 0, 0, 0, 0, 0, 0, 0, 0, 0, 0, 0, 0, 0, 0, 0, 0, 0, -0.0021080358, -0.0019322784, -0.0017668009, -0.0018373171, -0.0019138323, -0.0020871744, -0.0022513107, -0.0023258922, -0.0024597812, -0.0025786008, -0.002687985, -0.0027413154, -0.002845163, -0.0029418936, -0.0029846206, -0.0030529757, -0.0030943712, -0.003111877, -0.003115071, -0.0031176484, -0.00312281, -0.0031280569, -0.003140079, -0.0031518054, -0.0031560082, -0.0031601284, -0.0031587048, -0.003153474, -0.0031503374, -0.0031423194, -0.0031320802, -0.0031253966, -0.0031072185, -0.0030786395, -0.0030341884, -0.0030043935, -0.002927755, -0.002831768, -0.0027800153, -0.0026781939, -0.0025903177, -0.002553932, -0.0024959808, -0.0024520264, -0.0024112752, -0.0023883022, -0.002331107, -0.0022504414, -0.0021998025, -0.0020803355, -0.001947004, -0.0018202343, -0.0017669857, -0.0017029183, -0.001760117, -0.001880653, -0.0024457246, 0, 0, 0, 0, 0, 0, 0, 0, 0, 0, 0, 0, 0, 0, 0, 0, 0, 0
0, 0, 0, 0, 0, 0, 0, 0, 0, 0, 0, 0, 0, 0, 0, 0, 0, 0, 0, 0, 0, 0, 0, 0, 0, 0, 0, 0, 0, 0, 0, 0, 0, 0, 0, 0, 0, 0, 0, 0, 0, 0, 0, 0, 0, 0, 0, 0, 0, 0, 0, 0, 0, 0, 0, 0, 0, 0, 0, 0, 0, 0, 0, 0, 0, 0, 0, 0, 0, 0, 0, 0, 0, 0, 0, -0.0032450457, -0.0026006657, -0.0021098703, -0.0021024118, -0.0021623957, -0.0023184437, -0.0024768168, -0.002550799, -0.0026860905, -0.0028080787, -0.0029194783, -0.0029720222, -0.003069386, -0.003151114, -0.0031843241, -0.0032337052, -0.0032653336, -0.0032925806, -0.003309273, -0.003355333, -0.0034174419, -0.0034515527, -0.0035172815, -0.0035696698, -0.0035885659, -0.003609197, -0.0036068268, -0.0035853703, -0.0035703282, -0.0035399813, -0.0035164987, -0.003508623, -0.0034990422, -0.0034898806, -0.003469515, -0.003451619, -0.003397559, -0.0033215084, -0.0032781814, -0.0031895596, -0.0031059948, -0.0030679742, -0.002998536, -0.0029335746, -0.002864363, -0.0028254283, -0.0027335056, -0.0026185815, -0.0025528888, -0.0024097576, -0.0022646068, -0.0021313166, -0.0020715266, -0.0019680278, -0.0019089296, -0.0019187458, -0.0020880045, 0, 0, 0, 0, 0, 0, 0, 0, 0, 0, 0, 0, 0, 0, 0, 0, 0, 0
0, 0, 0, 0, 0, 0, 0, 0, 0, 0, 0, 0, 0, 0, 0, 0, 0, 0, 0, 0, 0, 0, 0, 0, 0, 0, 0, 0, 0, 0, 0, 0, 0, 0, 0, 0, 0, 0, 0, 0, 0, 0, 0, 0, 0, 0, 0, 0, 0, 0, 0, 0, 0, 0, 0, 0, 0, 0, 0, 0, 0, 0, 0, 0, 0, 0, 0, 0, 0, 0, 0, 0, 0, 0, 0, 0, -0.002569641, -0.002368863, -0.0022836342, -0.002302, -0.0024115643, -0.0025578365, -0.002632324, -0.0027747995, -0.0029069686, -0.003029001, -0.0030857867, -0.0031892746, -0.0032744193, -0.0033093223, -0.003366755, -0.0034185618, -0.0034815837, -0.003521295, -0.0036195964, -0.0037343288, -0.0037925688, -0.0038992153, -0.003980996, -0.004009365, -0.004038563, -0.0040311688, -0.003996467, -0.003974605, -0.0039351103, -0.0039133076, -0.003910226, -0.0039145662, -0.0039218636, -0.0039162245, -0.0039055217, -0.0038650369, -0.0038036115, -0.0037676098, -0.0036905913, -0.0036119155, -0.0035726384, -0.003491999, -0.0034039442, -0.0033013255, -0.003243267, -0.003112132, -0.002962817, -0.002883387, -0.0027223497, -0.0025666298, -0.0024186308, -0.0023442772, -0.0021845968, -0.002012942, -0.0019386425, -0.0018857169, 0, 0, 0, 0, 0, 0, 0, 0, 0, 0, 0, 0, 0, 0, 0, 0, 0, 0
0, 0, 0, 0, 0, 0, 0, 0, 0, 0, 0, 0, 0, 0, 0, 0, 0, 0, 0, 0, 0, 0, 0, 0, 0, 0, 0, 0, 0, 0, 0, 0, 0, 0, 0, 0, 0, 0, 0, 0, 0, 0, 0, 0, 0, 0, 0, 0, 0, 0, 0, 0, 0, 0, 0, 0, 0, 0, 0, 0, 0, 0, 0, 0, 0, 0, 0, 0, 0, 0, 0, 0, 0, 0, 0, 0, -0.0035316502, -0.0028946162, -0.0024207945, -0.0023449778, -0.0023897628, -0.0025403462, -0.0026251322, -0.0027947247, -0.0029575615, -0.003112172, -0.003185859, -0.0033229885, -0.0034425487, -0.00349527, -0.0035905018, -0.0036814746, -0.0037831964, -0.003840868, -0.0039686984, -0.0041039353, -0.004169508, -0.0042873044, -0.0043778913, -0.0044103228, -0.0044467133, -0.004448295, -0.0044273017, -0.0044151302, -0.004398541, -0.004399919, -0.004406425, -0.0044225017, -0.0044298177, -0.0044177594, -0.0044029457, -0.0043574045, -0.0042961035, -0.004261501, -0.004189007, -0.004114106, -0.0040749325, -0.0039887945, -0.0038848491, -0.0037564342, -0.003683289, -0.003521463, -0.0033461454, -0.0032568336, -0.0030794002, -0.002907708, -0.0027352602, -0.002643791, -0.0024405052, -0.0022250495, -0.002140337, -0.002166254, -0.0027672877, 0, 0, 0, 0, 0, 0, 0, 0, 0, 0, 0, 0, 0, 0, 0, 0, 0
0, 0, 0, 0, 0, 0, 0, 0, 0, 0, 0, 0, 0, 0, 0, 0, 0, 0, 0, 0, 0, 0, 0, 0, 0, 0, 0, 0, 0, 0, 0, 0, 0, 0, 0, 0, 0, 0, 0, 0, 0, 0, 0, 0, 0, 0, 0, 0, 0, 0, 0, 0, 0, 0, 0, 0, 0, 0, 0, 0, 0, 0, 0, 0, 0, 0, 0, 0, 0, 0, 0, 0, 0, 0, 0, 0, 0, -0.0034588454, -0.0024479995, -0.0023141808, -0.0023437815, -0.0025177775, -0.002618898, -0.002827788, -0.0030361873, -0.003241003, -0.0033407044, -0.0035307817, -0.0037025176, -0.00378008, -0.003919416, -0.004045934, -0.004171605, -0.0042365543, -0.0043696812, -0.0045012543, -0.0045633656, -0.0046755066, -0.0047654114, -0.004800921, -0.004852341, -0.004882579, -0.0049038287, -0.0049158246, -0.0049465867, -0.004983295, -0.004999504, -0.005018128, -0.0050105858, -0.0049757673, -0.004950382, -0.0048879264, -0.004816781, -0.004779983, -0.0047073215, -0.004636244, -0.0045994194, -0.004514846, -0.0044045327, -0.00426151, -0.0041788984, -0.003997303, -0.0038042394, -0.003706123, -0.003510454, -0.0033144653, -0.0031104905, -0.0030009276, -0.0027624366, -0.0025207114, -0.002427008, -0.0024345538, -0.0029988238, -0.0034969482, 0, 0, 0, 0, 0, 0, 0, 0, 0, 0, 0, 0, 0, 0, 0, 0
0, 0, 0, 0, 0, 0, 0, 0, 0, 0, 0, 0, 0, 0, 0, 0, 0, 0, 0, 0, 0, 0, 0, 0, 0, 0, 0, 0, 0, 0, 0, 0, 0, 0, 0, 0, 0, 0, 0, 0, 0, 0, 0, 0, 0, 0, 0, 0, 0, 0, 0, 0, 0, 0, 0, 0, 0, 0, 0, 0, 0, 0, 0, 0, 0, 0, 0, 0, 0, 0, 0, 0, 0, 0, 0, 0, 0, 0, -0.0024576334, -0.0023843881, -0.0023970967, -0.0025564174, -0.0026629055, -0.0028993385, -0.003150038, -0.0034032885, -0.003527662, -0.0037650906, -0.0039796783, -0.0040757465, -0.0042470107, -0.004398728, -0.004542883, -0.0046147774, -0.004756691, -0.0048914426, -0.0049539683, -0.005067058, -0.0051633273, -0.005205035, -0.005278585, -0.0053450624, -0.0054154634, -0.0054537794, -0.0055326074, -0.0056003532, -0.005623877, -0.0056408546, -0.005617245, -0.005562788, -0.0055278135, -0.0054499884, -0.005368532, -0.005329033, -0.005255275, -0.0051884474, -0.005154534, -0.00507353, -0.004960324, -0.004807738, -0.004718699, -0.0045230687, -0.0043142643, -0.0042073387, -0.0039892606, -0.003764043, -0.0035242585, -0.0033956289, -0.0031161094, -0.0028171714, -0.002676637, -0.0024941966, -0.002600652, -0.0027519942, 0, 0, 0, 0, 0, 0, 0, 0, 0, 0, 0, 0, 0, 0, 0, 0
0, 0, 0, 0, 0, 0, 0, 0, 0, 0, 0, 0, 0, 0, 0, 0, 0, 0, 0, 0, 0, 0, 0, 0, 0, 0, 0, 0, 0, 0, 0, 0, 0, 0, 0, 0, 0, 0, 0, 0, 0, 0, 0, 0, 0, 0, 0, 0, 0, 0, 0, 0, 0, 0, 0, 0, 0, 0, 0, 0, 0, 0, 0, 0, 0, 0, 0, 0, 0, 0, 0, 0, 0, 0, 0, 0, 0, 0, -0.0030811457, -0.0027955587, -0.002561124, -0.002629296, -0.0027228938, -0.0029666177, -0.0032428144, -0.0035249977, -0.003663103, -0.0039253426, -0.004161437, -0.004268683, -0.004464884, -0.004648079, -0.004829843, -0.004921257, -0.005100621, -0.00526613, -0.0053416113, -0.0054754103, -0.0055895485, -0.0056409547, -0.005737172, -0.005833277, -0.005937175, -0.0059921728, -0.0060992693, -0.00618368, -0.0062107146, -0.0062279818, -0.006200079, -0.006140626, -0.0061036907, -0.0060218056, -0.005937184, -0.0058962633, -0.0058221505, -0.0057563162, -0.005722183, -0.00563715, -0.005514483, -0.005349487, -0.0052539012, -0.005044768, -0.0048204795, -0.004703993, -0.0044626757, -0.0042093163, -0.00393921, -0.0037950284, -0.0034810717, -0.0031305074, -0.002948163, -0.0026228335, -0.002486746, -0.0025197682, 0, 0, 0, 0, 0, 0, 0, 0, 0, 0, 0, 0, 0, 0, 0, 0
0, 0, 0, 0, 0, 0, 0, 0, 0, 0, 0, 0, 0, 0, 0, 0, 0, 0, 0, 0, 0, 0, 0, 0, 0, 0, 0, 0, 0, 0, 0, 0, 0, 0, 0, 0, 0, 0, 0, 0, 0, 0, 0, 0, 0, 0, 0, 0, 0, 0, 0, 0, 0, 0, 0, 0, 0, 0, 0, 0, 0, 0, 0, 0, 0, 0, 0, 0, 0, 0, 0, 0, 0, 0, 0, 0, 0, 0, -0.003438921, -0.003106764, -0.0026862614, -0.0026559746, -0.0027310106, -0.0029701323, -0.0032579699, -0.0035523965, -0.003695877, -0.003969129, -0.0042219, -0.0043420475, -0.004576299, -0.0048141354, -0.005061204, -0.0051862528, -0.0054287934, -0.0056469357, -0.005743788, -0.0059129, -0.006054147, -0.0061169625, -0.006232717, -0.0063434658, -0.006457006, -0.006514248, -0.0066223107, -0.006705276, -0.006732059, -0.0067525534, -0.006732951, -0.0066849375, -0.0066535, -0.00658077, -0.006501461, -0.006461688, -0.00638621, -0.0063120043, -0.0062707667, -0.0061674034, -0.006024828, -0.005843061, -0.0057409275, -0.0055205105, -0.0052840537, -0.0051601664, -0.004901352, -0.004629126, -0.004343533, -0.0041938564, -0.003875424, -0.0035281964, -0.0033517468, -0.0030598647, -0.003097394, -0.0034123966, 0, 0, 0, 0, 0, 0, 0, 0, 0, 0, 0, 0, 0, 0, 0, 0
0, 0, 0, 0, 0, 0, 0, 0, 0, 0, 0, 0, 0, 0, 0, 0, 0, 0, 0, 0, 0, 0, 0, 0, 0, 0, 0, 0, 0, 0, 0, 0, 0, 0, 0, 0, 0, 0, 0, 0, 0, 0, 0, 0, 0, 0, 0, 0, 0, 0, 0, 0, 0, 0, 0, 0, 0, 0, 0, 0, 0, 0, 0, 0, 0, 0, 0, 0, 0, 0, 0, 0, 0, 0, 0, 0, 0, 0, 0, -0.0033242626, -0.0027839686, -0.002635906, -0.0026837639, -0.0029099977, -0.0032112668, -0.0035260667, -0.0036803395, -0.0039787036, -0.0042663305, -0.004409304, -0.004700654, -0.005007317, -0.0053272056, -0.00548697, -0.00579187, -0.0060606617, -0.0061785947, -0.0063823247, -0.006549253, -0.006621354, -0.0067488085, -0.006860556, -0.0069640726, -0.007013663, -0.0071046515, -0.0071760463, -0.007201123, -0.0072271647, -0.0072235055, -0.0071952073, -0.0071734907, -0.007117138, -0.007047352, -0.007008919, -0.006926339, -0.0068319975, -0.006776876, -0.00664405, -0.006477106, -0.006281491, -0.0061757695, -0.0059516835, -0.0057112356, -0.005584789, -0.005318645, -0.005040244, -0.004753614, -0.004607181, -0.0043058265, -0.003997297, -0.0038502105, -0.0036377741, -0.0037561175, -0.0040783626, -0.0053977137, 0, 0, 0, 0, 0, 0, 0, 0, 0, 0, 0, 0, 0, 0, 0
0, 0, 0, 0, 0, 0, 0, 0, 0, 0, 0, 0, 0, 0, 0, 0, 0, 0, 0, 0, 0, 0, 0, 0, 0, 0, 0, 0, 0, 0, 0, 0, 0, 0, 0, 0, 0, 0, 0, 0, 0, 0, 0, 0, 0, 0, 0, 0, 0, 0, 0, 0, 0, 0, 0, 0, 0, 0, 0, 0, 0, 0, 0, 0, 0, 0, 0, 0, 0, 0, 0, 0, 0, 0, 0, 0, 0, 0, 0, 0, -0.0029476983, -0.0026420543, -0.0026450115, -0.0028521586, -0.003188256, -0.003555847, -0.003738297, -0.004094085, -0.004439606, -0.004611631, -0.0049607647, -0.0053220787, -0.0056886235, -0.00586811, -0.006205851, -0.006500175, -0.006629194, -0.006851178, -0.007031014, -0.0071073943, -0.0072372993, -0.007343404, -0.0074344627, -0.0074766013, -0.007554245, -0.0076196557, -0.007645486, -0.007680404, -0.0076925, -0.0076821134, -0.0076684793, -0.0076244026, -0.007558833, -0.0075182277, -0.007421322, -0.0073012104, -0.0072314613, -0.0070720045, -0.006889585, -0.0066901436, -0.00658529, -0.006365243, -0.0061277016, -0.0060017994, -0.0057357517, -0.005456326, -0.005168237, -0.0050219656, -0.004724088, -0.004425954, -0.004285042, -0.0040690126, -0.0040980238, -0.004312183, -0.0054115197, 0, 0, 0, 0, 0, 0, 0, 0, 0, 0, 0, 0, 0, 0, 0
0, 0, 0, 0, 0, 0, 0, 0, 0, 0, 0, 0, 0, 0, 0, 0, 0, 0, 0, 0, 0, 0, 0, 0, 0, 0, 0, 0, 0, 0, 0, 0, 0, 0, 0, 0, 0, 0, 0, 0, 0, 0, 0, 0, 0, 0, 0, 0, 0, 0, 0, 0, 0, 0, 0, 0, 0, 0, 0, 0, 0, 0, 0, 0, 0, 0, 0, 0, 0, 0, 0, 0, 0, 0, 0, 0, 0, 0, 0, 0, -0.0031940828, -0.002737803, -0.0026801408, -0.0028683115, -0.0032650467, -0.0037168881, -0.003941712, -0.0043739765, -0.004781214, -0.004977054, -0.0053603924, -0.005737954, -0.006106328, -0.0062833764, -0.0066125374, -0.006899256, -0.007025539, -0.0072444086, -0.007424053, -0.007501106, -0.007633627, -0.007743619, -0.007839744, -0.007884875, -0.007969008, -0.008041965, -0.008072095, -0.008116456, -0.008136511, -0.0081315115, -0.008119215, -0.00807462, -0.008002742, -0.007956536, -0.007843948, -0.0077053444, -0.007627554, -0.0074577816, -0.007275042, -0.007080915, -0.0069791004, -0.0067625507, -0.00652534, -0.006398272, -0.006129093, -0.005841797, -0.005537645, -0.005379139, -0.00504682, -0.0046971953, -0.004519131, -0.0041782623, -0.00394175, -0.003924914, -0.0042483443, 0, 0, 0, 0, 0, 0, 0, 0, 0, 0, 0, 0, 0, 0, 0
0, 0, 0, 0, 0, 0, 0, 0, 0, 0, 0, 0, 0, 0, 0, 0, 0, 0, 0, 0, 0, 0, 0, 0, 0, 0, 0, 0, 0, 0, 0, 0, 0, 0, 0, 0, 0, 0, 0, 0, 0, 0, 0, 0, 0, 0, 0, 0, 0, 0, 0, 0, 0, 0, 0, 0, 0, 0, 0, 0, 0, 0, 0, 0, 0, 0, 0, 0, 0, 0, 0, 0, 0, 0, 0, 0, 0, 0, 0, 0, 0, -0.0029440357, -0.002840491, -0.0030112576, -0.0034563688, -0.0039820615, -0.0042431788, -0.00473583, -0.0051803426, -0.005385561, -0.005769552, -0.0061268583, -0.006461685, -0.00661948, -0.006912229, -0.00717055, -0.0072870185, -0.00749511, -0.0076751667, -0.007756655, -0.007905228, -0.008039611, -0.008162978, -0.008220914, -0.008326046, -0.008412019, -0.008445551, -0.008491222, -0.008507183, -0.008494285, -0.008477185, -0.0084219985, -0.008339928, -0.008289481, -0.008170486, -0.008030207, -0.007953681, -0.0077903145, -0.00761534, -0.0074249413, -0.007322147, -0.0070983046, -0.0068492005, -0.0067158905, -0.006432908, -0.006127565, -0.005794459, -0.005615418, -0.0052279164, -0.0047968095, -0.0045638904, -0.004068496, -0.0035801646, -0.0033841804, -0.0032487854, 0, 0, 0, 0, 0, 0, 0, 0, 0, 0, 0, 0, 0, 0, 0
0, 0, 0, 0, 0, 0, 0, 0, 0, 0, 0, 0, 0, 0, 0, 0, 0, 0, 0, 0, 0, 0, 0, 0, 0, 0, 0, 0, 0, 0, 0, 0, 0, 0, 0, 0, 0, 0, 0, 0, 0, 0, 0, 0, 0, 0, 0, 0, 0, 0, 0, 0, 0, 0, 0, 0, 0, 0, 0, 0, 0, 0, 0, 0, 0, 0, 0, 0, 0, 0, 0, 0, 0, 0, 0, 0, 0, 0, 0, 0, 0, -0.003367148, -0.003290048, -0.0033492448, -0.003735084, -0.0042623472, -0.0045309956, -0.005033891, -0.005474967, -0.005673966, -0.0060361987, -0.0063616694, -0.0066582304, -0.006797364, -0.007056827, -0.0072937906, -0.0074041556, -0.0076114493, -0.0078037004, -0.007895532, -0.008071962, -0.0082390355, -0.008393288, -0.008463259, -0.008583775, -0.0086731445, -0.008705014, -0.008743001, -0.008748431, -0.0087244725, -0.008702299, -0.008639772, -0.008556002, -0.008507445, -0.008397479, -0.0082710935, -0.008201513, -0.008049305, -0.007876761, -0.007677869, -0.007566997, -0.0073219812, -0.0070500276, -0.0069057606, -0.0066023325, -0.006276723, -0.005918943, -0.00572451, -0.0052987942, -0.0048166765, -0.004552362, -0.003980309, -0.0033926547, -0.0031354718, -0.0028481998, 0, 0, 0, 0, 0, 0, 0, 0, 0, 0, 0, 0, 0, 0, 0
0, 0, 0, 0, 0, 0, 0, 0, 0, 0, 0, 0, 0, 0, 0, 0, 0, 0, 0, 0, 0, 0, 0, 0, 0, 0, 0, 0, 0, 0, 0, 0, 0, 0, 0, 0, 0, 0, 0, 0, 0, 0, 0, 0, 0, 0, 0, 0, 0, 0, 0, 0, 0, 0, 0, 0, 0, 0, 0, 0, 0, 0, 0, 0, 0, 0, 0, 0, 0, 0, 0, 0, 0, 0, 0, 0, 0, 0, 0, 0, 0, -0.004768256, -0.004329822, -0.0038914445, -0.0040592505, -0.0044886996, -0.0047245654, -0.0051753186, -0.005578035, -0.0057621906, -0.006102573, -0.0064126197, -0.00669836, -0.00683358, -0.0070899017, -0.007330029, -0.0074449135, -0.0076643815, -0.00787277, -0.007973558, -0.0081686955, -0.008352379, -0.0085172625, -0.008589515, -0.008708661, -0.008791816, -0.008819827, -0.008850475, -0.008851068, -0.008824398, -0.008802523, -0.008745346, -0.00867431, -0.008634255, -0.008544521, -0.008436454, -0.008373328, -0.008225136, -0.008043459, -0.007825542, -0.0077030063, -0.0074333455, -0.007138493, -0.006984291, -0.006665357, -0.0063290363, -0.005965111, -0.0057692365, -0.005343813, -0.0048680333, -0.00461085, -0.004067401, -0.003542604, -0.0033395067, -0.0032902986, -0.0041896044, 0, 0, 0, 0, 0, 0, 0, 0, 0, 0, 0, 0, 0, 0
0, 0, 0, 0, 0, 0, 0, 0, 0, 0, 0, 0, 0, 0, 0, 0, 0, 0, 0, 0, 0, 0, 0, 0, 0, 0, 0, 0, 0, 0, 0, 0, 0, 0, 0, 0, 0, 0, 0, 0, 0, 0, 0, 0, 0, 0, 0, 0, 0, 0, 0, 0, 0, 0, 0, 0, 0, 0, 0, 0, 0, 0, 0, 0, 0, 0, 0, 0, 0, 0, 0, 0, 0, 0, 0, 0, 0, 0, 0, 0, 0, 0, -0.004986433, -0.004558956, -0.0044461903, -0.0046459367, -0.0048017385, -0.0051486557, -0.005500858, -0.005673909, -0.0060114283, -0.006335283, -0.0066441176, -0.0067922943, -0.007074689, -0.0073370454, -0.0074604535, -0.007691837, -0.007903808, -0.008003688, -0.008192948, -0.008367888, -0.0085232565, -0.008591376, -0.008704533, -0.0087864855, -0.008815948, -0.00885247, -0.008860757, -0.008843928, -0.008827809, -0.0087850895, -0.0087325545, -0.0087026125, -0.008631351, -0.008536006, -0.008475846, -0.008325438, -0.008132621, -0.007899293, -0.0077690943, -0.007486195, -0.007181644, -0.0070241555, -0.0067013195, -0.0063672154, -0.0060149813, -0.005829039, -0.005431659, -0.0049980655, -0.0047688843, -0.004299703, -0.003872418, -0.003720345, -0.0037377244, -0.004589014, 0, 0, 0, 0, 0, 0, 0, 0, 0, 0, 0, 0, 0, 0
0, 0, 0, 0, 0, 0, 0, 0, 0, 0, 0, 0, 0, 0, 0, 0, 0, 0, 0, 0, 0, 0, 0, 0, 0, 0, 0, 0, 0, 0, 0, 0, 0, 0, 0, 0, 0, 0, 0, 0, 0, 0, 0, 0, 0, 0, 0, 0, 0, 0, 0, 0, 0, 0, 0, 0, 0, 0, 0, 0, 0, 0, 0, 0, 0, 0, 0, 0, 0, 0, 0, 0, 0, 0, 0, 0, 0, 0, 0, 0, 0, 0, 0, -0.0059758527, -0.0050115637, -0.00469972, -0.0047294516, -0.004962159, -0.005289076, -0.0054643983, -0.005822401, -0.0061797174, -0.006526134, -0.0066924044, -0.00700566, -0.007287531, -0.007415314, -0.0076450096, -0.007845063, -0.007936336, -0.00810754, -0.008267551, -0.008416318, -0.008485074, -0.008607294, -0.008705664, -0.008744633, -0.008800494, -0.0088264495, -0.0088254325, -0.008816816, -0.008788314, -0.008748879, -0.008724874, -0.008663044, -0.008573702, -0.008515028, -0.008365828, -0.008174019, -0.007943418, -0.007815458, -0.007539142, -0.0072420854, -0.0070882114, -0.0067731612, -0.0064495536, -0.0061133076, -0.0059380666, -0.0055686994, -0.005171504, -0.0049642683, -0.0045427894, -0.0041474216, -0.0039852136, -0.003834192, -0.0040730597, 0, 0, 0, 0, 0, 0, 0, 0, 0, 0, 0, 0, 0, 0
0, 0, 0, 0, 0, 0, 0, 0, 0, 0, 0, 0, 0, 0, 0, 0, 0, 0, 0, 0, 0, 0, 0, 0, 0, 0, 0, 0, 0, 0, 0, 0, 0, 0, 0, 0, 0, 0, 0, 0, 0, 0, 0, 0, 0, 0, 0, 0, 0, 0, 0, 0, 0, 0, 0, 0, 0, 0, 0, 0, 0, 0, 0, 0, 0, 0, 0, 0, 0, 0, 0, 0, 0, 0, 0, 0, 0, 0, 0, 0, 0, 0, 0, -0.00867215, -0.0053719147, -0.004470613, -0.0044203214, -0.0046272436, -0.004979157, -0.005169825, -0.0055580568, -0.005943795, -0.0063149645, -0.0064911693, -0.0068174037, -0.0071019973, -0.0072279503, -0.0074496665, -0.007639607, -0.0077268016, -0.007894318, -0.008059399, -0.00822332, -0.008303102, -0.008451546, -0.008577458, -0.008629523, -0.008708359, -0.008753342, -0.00876762, -0.008765532, -0.008747169, -0.008713649, -0.008691382, -0.00863255, -0.008547404, -0.008492597, -0.0083553, -0.008180623, -0.007971554, -0.00785516, -0.007602488, -0.007326746, -0.0071821, -0.0068821628, -0.00656948, -0.0062414072, -0.006070053, -0.0057081035, -0.005318505, -0.005114452, -0.0046927845, -0.004272031, -0.0040774606, -0.003806788, -0.003968894, -0.005009188, 0, 0, 0, 0, 0, 0, 0, 0, 0, 0, 0, 0, 0
0, 0, 0, 0, 0, 0, 0, 0, 0, 0, 0, 0, 0, 0, 0, 0, 0, 0, 0, 0, 0, 0, 0, 0, 0, 0, 0, 0, 0, 0, 0, 0, 0, 0, 0, 0, 0, 0, 0, 0, 0, 0, 0, 0, 0, 0, 0, 0, 0, 0, 0, 0, 0, 0, 0, 0, 0, 0, 0, 0, 0, 0, 0, 0, 0, 0, 0, 0, 0, 0, 0, 0, 0, 0, 0, 0, 0, 0, 0, 0, 0, 0, 0, 0, -0.004507657, -0.0039328565, -0.0039474512, -0.0042226473, -0.0046084384, -0.0048097265, -0.005211374, -0.0056029065, -0.0059740464, -0.0061483174, -0.0064687333, -0.0067474307, -0.0068718796, -0.0070961635, -0.007297974, -0.007394974, -0.0075875456, -0.007782753, -0.007977847, -0.008072734, -0.008249419, -0.008398784, -0.008460759, -0.008557008, -0.00861737, -0.00864624, -0.008650745, -0.008642243, -0.008614166, -0.008593099, -0.00853627, -0.008458047, -0.008409277, -0.00829014, -0.008140571, -0.0079607535, -0.007859905, -0.007637801, -0.0073906765, -0.0072580404, -0.0069765206, -0.0066724266, -0.0063440576, -0.006169749, -0.005798656, -0.0053960294, -0.0051831403, -0.004736146, -0.004266674, -0.00403248, -0.0036251734, -0.003485606, -0.0037952557, 0, 0, 0, 0, 0, 0, 0, 0, 0, 0, 0, 0, 0
0, 0, 0, 0, 0, 0, 0, 0, 0, 0, 0, 0, 0, 0, 0, 0, 0, 0, 0, 0, 0, 0, 0, 0, 0, 0, 0, 0, 0, 0, 0, 0, 0, 0, 0, 0, 0, 0, 0, 0, 0, 0, 0, 0, 0, 0, 0, 0, 0, 0, 0, 0, 0, 0, 0, 0, 0, 0, 0, 0, 0, 0, 0, 0, 0, 0, 0, 0, 0, 0, 0, 0, 0, 0, 0, 0, 0, 0, 0, 0, 0, 0, 0, 0, -0.0039138976, -0.003664658, -0.0036579473, -0.0038623426, -0.0042066006, -0.0043963734, -0.004782508, -0.005160393, -0.005518215, -0.0056872163, -0.0060012843, -0.006284753, -0.0064161336, -0.00666456, -0.00690193, -0.00701929, -0.007252446, -0.0074828085, -0.0077045923, -0.007809646, -0.008000997, -0.008161407, -0.008228393, -0.008334944, -0.00840809, -0.008451877, -0.008463852, -0.008469091, -0.008450758, -0.0084334975, -0.0083836615, -0.008314556, -0.008272308, -0.00816974, -0.008041176, -0.007884968, -0.007796792, -0.007601504, -0.0073802522, -0.0072593875, -0.006995228, -0.0066996496, -0.0063718986, -0.0061960234, -0.0058200266, -0.0054115406, -0.0051947264, -0.004733931, -0.004236501, -0.003977974, -0.003479858, -0.0031354325, -0.0031180168, 0, 0, 0, 0, 0, 0, 0, 0, 0, 0, 0, 0, 0
0, 0, 0, 0, 0, 0, 0, 0, 0, 0, 0, 0, 0, 0, 0, 0, 0, 0, 0, 0, 0, 0, 0, 0, 0, 0, 0, 0, 0, 0, 0, 0, 0, 0, 0, 0, 0, 0, 0, 0, 0, 0, 0, 0, 0, 0, 0, 0, 0, 0, 0, 0, 0, 0, 0, 0, 0, 0, 0, 0, 0, 0, 0, 0, 0, 0, 0, 0, 0, 0, 0, 0, 0, 0, 0, 0, 0, 0, 0, 0, 0, 0, 0, 0, -0.004945499, -0.0038508358, -0.0035901312, -0.003525509, -0.0037726094, -0.0039422205, -0.0043083895, -0.0046768948, -0.005030893, -0.005200811, -0.005525634, -0.0058315825, -0.0059784963, -0.0062637446, -0.0065411725, -0.0066771563, -0.006941142, -0.007189882, -0.0074183266, -0.0075236466, -0.0077139223, -0.007874049, -0.007942263, -0.008054889, -0.00813916, -0.008198258, -0.008219202, -0.008242828, -0.008241317, -0.008231395, -0.008194524, -0.008136888, -0.008100245, -0.008008746, -0.007891172, -0.007746777, -0.0076651564, -0.007484548, -0.00727927, -0.0071658627, -0.006915426, -0.0066319504, -0.0063164164, -0.0061476748, -0.005788948, -0.0054005175, -0.005194085, -0.0047540604, -0.0042781495, -0.004031611, -0.003563201, -0.0032890355, -0.0036294365, -0.004160653, 0, 0, 0, 0, 0, 0, 0, 0, 0, 0, 0, 0
0, 0, 0, 0, 0, 0, 0, 0, 0, 0, 0, 0, 0, 0, 0, 0, 0, 0, 0, 0, 0, 0, 0, 0, 0, 0, 0, 0, 0, 0, 0, 0, 0, 0, 0, 0, 0, 0, 0, 0, 0, 0, 0, 0, 0, 0, 0, 0, 0, 0, 0, 0, 0, 0, 0, 0, 0, 0, 0, 0, 0, 0, 0, 0, 0, 0, 0, 0, 0, 0, 0, 0, 0, 0, 0, 0, 0, 0, 0, 0, 0, 0, 0, 0, 0, -0.0037523138, -0.0033638254, -0.0031364362, -0.003336741, -0.0035016497, -0.0038695706, -0.0042450493, -0.0046117646, -0.0047907545, -0.005139235, -0.005473632, -0.005635539, -0.005949199, -0.006248901, -0.0063921157, -0.0066621816, -0.0069057094, -0.0071221134, -0.0072206706, -0.007399685, -0.0075547993, -0.007623086, -0.007740897, -0.007836031, -0.007911818, -0.007942371, -0.007987525, -0.008007281, -0.008006898, -0.007986231, -0.00794017, -0.007907645, -0.007822223, -0.0077081574, -0.0075669745, -0.0074873203, -0.007311207, -0.0071122632, -0.0070031793, -0.00676355, -0.006496693, -0.006206009, -0.00605271, -0.005730099, -0.0053819553, -0.005196759, -0.004801553, -0.004378246, -0.0041625868, -0.003763194, -0.0035474626, -0.0038646075, -0.0043579475, 0, 0, 0, 0, 0, 0, 0, 0, 0, 0, 0, 0
0, 0, 0, 0, 0, 0, 0, 0, 0, 0, 0, 0, 0, 0, 0, 0, 0, 0, 0, 0, 0, 0, 0, 0, 0, 0, 0, 0, 0, 0, 0, 0, 0, 0, 0, 0, 0, 0, 0, 0, 0, 0, 0, 0, 0, 0, 0, 0, 0, 0, 0, 0, 0, 0, 0, 0, 0, 0, 0, 0, 0, 0, 0, 0, 0, 0, 0, 0, 0, 0, 0, 0, 0, 0, 0, 0, 0, 0, 0, 0, 0, 0, 0, 0, 0, -0.003455289, -0.0030691102, -0.002809711, -0.0030004068, -0.0031644823, -0.0035365352, -0.0039218618, -0.004303698, -0.0044913297, -0.0048572207, -0.0052065207, -0.005373505, -0.0056918687, -0.005987797, -0.0061264173, -0.006382015, -0.006607102, -0.0068043866, -0.006894928, -0.007062905, -0.0072151357, -0.007284884, -0.007411488, -0.0075204084, -0.0076128044, -0.007652445, -0.007715462, -0.0077515724, -0.00775804, -0.0077477666, -0.0077078138, -0.0076774927, -0.007596042, -0.0074859615, -0.007349547, -0.007272327, -0.007101508, -0.006908487, -0.006803269, -0.006575134, -0.0063267355, -0.0060627423, -0.0059253294, -0.0056385295, -0.005329212, -0.0051641325, -0.0048116944, -0.0044342605, -0.004240892, -0.003869362, -0.0035956386, -0.0035922788, -0.0037354338, 0, 0, 0, 0, 0, 0, 0, 0, 0, 0, 0, 0
0, 0, 0, 0, 0, 0, 0, 0, 0, 0, 0, 0, 0, 0, 0, 0, 0, 0, 0, 0, 0, 0, 0, 0, 0, 0, 0, 0, 0, 0, 0, 0, 0, 0, 0, 0, 0, 0, 0, 0, 0, 0, 0, 0, 0, 0, 0, 0, 0, 0, 0, 0, 0, 0, 0, 0, 0, 0, 0, 0, 0, 0, 0, 0, 0, 0, 0, 0, 0, 0, 0, 0, 0, 0, 0, 0, 0, 0, 0, 0, 0, 0, 0, 0, 0, 0, -0.002903368, -0.002730292, -0.0028229454, -0.0029543536, -0.0032971737, -0.003679445, -0.004065193, -0.004254335, -0.004619457, -0.004960916, -0.005121273, -0.005422209, -0.005697083, -0.0058247806, -0.006059325, -0.0062668165, -0.0064518615, -0.0065386957, -0.0067044855, -0.0068612155, -0.0069355047, -0.007073292, -0.0071936124, -0.007294311, -0.0073366067, -0.0074019614, -0.007437438, -0.0074429316, -0.0074300473, -0.0073897694, -0.0073605124, -0.007285459, -0.007187276, -0.0070650796, -0.0069953273, -0.0068382462, -0.006658174, -0.006559015, -0.0063446094, -0.006111537, -0.005864891, -0.005736952, -0.005470172, -0.0051834267, -0.005030394, -0.0047032638, -0.0043501314, -0.00416563, -0.003792776, -0.0034656655, -0.0033524972, -0.0034830624, -0.004316267, 0, 0, 0, 0, 0, 0, 0, 0, 0, 0, 0
0, 0, 0, 0, 0, 0, 0, 0, 0, 0, 0, 0, 0, 0, 0, 0, 0, 0, 0, 0, 0, 0, 0, 0, 0, 0, 0, 0, 0, 0, 0, 0, 0, 0, 0, 0, 0, 0, 0, 0, 0, 0, 0, 0, 0, 0, 0, 0, 0, 0, 0, 0, 0, 0, 0, 0, 0, 0, 0, 0, 0, 0, 0, 0, 0, 0, 0, 0, 0, 0, 0, 0, 0, 0, 0, 0, 0, 0, 0, 0, 0, 0, 0, 0, 0, 0, -0.0037634247, -0.0029056221, -0.0026995556, -0.0027727871, -0.0030766076, -0.0034539064, -0.0038344618, -0.0040180366, -0.004365779, -0.0046835486, -0.004830536, -0.005103678, -0.0053526633, -0.005469279, -0.005687619, -0.005886908, -0.0060710306, -0.006159201, -0.006330033, -0.0064932946, -0.006570278, -0.0067102117, -0.0068267253, -0.0069157393, -0.006949834, -0.0069960086, -0.007012696, -0.0070101633, -0.006987181, -0.006945258, -0.0069187176, -0.0068552047, -0.0067748576, -0.006673146, -0.006613689, -0.0064763674, -0.0063139023, -0.0062232353, -0.0060235485, -0.005802381, -0.0055639823, -0.0054391264, -0.0051788306, -0.0049010795, -0.004754077, -0.004441374, -0.004101302, -0.003920907, -0.0035435122, -0.0031771471, -0.0029385241, -0.0029344624, -0.0032035294, 0, 0, 0, 0, 0, 0, 0, 0, 0, 0, 0
0, 0, 0, 0, 0, 0, 0, 0, 0, 0, 0, 0, 0, 0, 0, 0, 0, 0, 0, 0, 0, 0, 0, 0, 0, 0, 0, 0, 0, 0, 0, 0, 0, 0, 0, 0, 0, 0, 0, 0, 0, 0, 0, 0, 0, 0, 0, 0, 0, 0, 0, 0, 0, 0, 0, 0, 0, 0, 0, 0, 0, 0, 0, 0, 0, 0, 0, 0, 0, 0, 0, 0, 0, 0, 0, 0, 0, 0, 0, 0, 0, 0, 0, 0, 0, 0, 0, -0.0027320252, -0.0024711413, -0.002544925, -0.0028618006, -0.0032413872, -0.0036082545, -0.0037803112, -0.004099342, -0.0043857386, -0.0045174346, -0.004761499, -0.004986755, -0.0050941925, -0.0053005423, -0.005495389, -0.0056793466, -0.0057676015, -0.005936353, -0.0060912636, -0.0061612376, -0.006282497, -0.0063733575, -0.006432824, -0.0064517157, -0.0064697955, -0.0064653754, -0.0064561064, -0.006426655, -0.006387379, -0.006364691, -0.0063121296, -0.0062452625, -0.006158043, -0.0061059254, -0.0059839045, -0.0058375145, -0.005754774, -0.005570636, -0.0053621754, -0.0051326226, -0.005011542, -0.0047586295, -0.0044909255, -0.004350608, -0.0040540793, -0.0037328368, -0.00356131, -0.0031987643, -0.002828783, -0.0025256341, -0.0024428505, -0.0024681762, 0, 0, 0, 0, 0, 0, 0, 0, 0, 0, 0
0, 0, 0, 0, 0, 0, 0, 0, 0, 0, 0, 0, 0, 0, 0, 0, 0, 0, 0, 0, 0, 0, 0, 0, 0, 0, 0, 0, 0, 0, 0, 0, 0, 0, 0, 0, 0, 0, 0, 0, 0, 0, 0, 0, 0, 0, 0, 0, 0, 0, 0, 0, 0, 0, 0, 0, 0, 0, 0, 0, 0, 0, 0, 0, 0, 0, 0, 0, 0, 0, 0, 0, 0, 0, 0, 0, 0, 0, 0, 0, 0, 0, 0, 0, 0, 0, 0, -0.0023405384, -0.0023463257, -0.002443743, -0.0027535337, -0.0031028574, -0.0034296366, -0.0035805723, -0.0038585651, -0.0041078413, -0.004222984, -0.0044377684, -0.0046385727, -0.004736083, -0.00492537, -0.005105283, -0.005272425, -0.0053503453, -0.0054927557, -0.0056149624, -0.0056670136, -0.0057509737, -0.005807323, -0.005838806, -0.005846878, -0.005850853, -0.0058412314, -0.005831968, -0.0058052693, -0.0057691657, -0.0057475786, -0.0056947507, -0.005626203, -0.0055383598, -0.005487081, -0.005370108, -0.0052338135, -0.0051581627, -0.004990682, -0.004800758, -0.004590513, -0.0044788364, -0.0042446684, -0.003997488, -0.0038684644, -0.0035976798, -0.0033077847, -0.0031550236, -0.002835969, -0.0025161216, -0.0022647544, -0.0022158981, -0.002459474, 0, 0, 0, 0, 0, 0, 0, 0, 0, 0, 0
0, 0, 0, 0, 0, 0, 0, 0, 0, 0, 0, 0, 0, 0, 0, 0, 0, 0, 0, 0, 0, 0, 0, 0, 0, 0, 0, 0, 0, 0, 0, 0, 0, 0, 0, 0, 0, 0, 0, 0, 0, 0, 0, 0, 0, 0, 0, 0, 0, 0, 0, 0, 0, 0, 0, 0, 0, 0, 0, 0, 0, 0, 0, 0, 0, 0, 0, 0, 0, 0, 0, 0, 0, 0, 0, 0, 0, 0, 0, 0, 0, 0, 0, 0, 0, 0, 0, -0.0029446182, -0.0026795757, -0.002654919, -0.002792782, -0.0030351304, -0.0032867894, -0.0034065398, -0.0036318637, -0.0038383468, -0.0039348854, -0.004117324, -0.0042894064, -0.004372923, -0.00453317, -0.004680281, -0.0048084967, -0.004864554, -0.004959913, -0.005035053, -0.0050655897, -0.005113451, -0.0051471028, -0.005170019, -0.0051786737, -0.0051901056, -0.0051910947, -0.0051864716, -0.00516448, -0.0051242155, -0.005097365, -0.005030358, -0.004945864, -0.004845967, -0.0047910353, -0.004672466, -0.0045432355, -0.004474135, -0.0043255137, -0.004160664, -0.003978898, -0.003881824, -0.0036768445, -0.0034587646, -0.0033448685, -0.0031076162, -0.0028587189, -0.0027304362, -0.0024695855, -0.0022166152, -0.0020188764, -0.0019717754, -0.0020521074, 0, 0, 0, 0, 0, 0, 0, 0, 0, 0, 0
0, 0, 0, 0, 0, 0, 0, 0, 0, 0, 0, 0, 0, 0, 0, 0, 0, 0, 0, 0, 0, 0, 0, 0, 0, 0, 0, 0, 0, 0, 0, 0, 0, 0, 0, 0, 0, 0, 0, 0, 0, 0, 0, 0, 0, 0, 0, 0, 0, 0, 0, 0, 0, 0, 0, 0, 0, 0, 0, 0, 0, 0, 0, 0, 0, 0, 0, 0, 0, 0, 0, 0, 0, 0, 0, 0, 0, 0, 0, 0, 0, 0, 0, 0, 0, 0, 0, -0.004078573, -0.0031791867, -0.0029302614, -0.0027967782, -0.0029024526, -0.0030742919, -0.0031637037, -0.0033372655, -0.0035007612, -0.0035785877, -0.0037265962, -0.0038661603, -0.0039328015, -0.0040565925, -0.004162337, -0.0042445045, -0.004276761, -0.0043266243, -0.0043631983, -0.0043785186, -0.0044070305, -0.0044353376, -0.004464697, -0.0044792783, -0.004504013, -0.0045151226, -0.0045125713, -0.004487732, -0.0044351676, -0.0043996493, -0.0043133, -0.0042117694, -0.004100611, -0.00404296, -0.003924979, -0.0038043382, -0.0037424562, -0.0036141132, -0.0034758009, -0.0033245115, -0.003243236, -0.0030697896, -0.0028835244, -0.0027862794, -0.0025860232, -0.002381176, -0.0022781738, -0.0020736796, -0.0018805873, -0.0017312382, -0.0016970504, -0.0018017585, -0.0022328247, 0, 0, 0, 0, 0, 0, 0, 0, 0, 0
0, 0, 0, 0, 0, 0, 0, 0, 0, 0, 0, 0, 0, 0, 0, 0, 0, 0, 0, 0, 0, 0, 0, 0, 0, 0, 0, 0, 0, 0, 0, 0, 0, 0, 0, 0, 0, 0, 0, 0, 0, 0, 0, 0, 0, 0, 0, 0, 0, 0, 0, 0, 0, 0, 0, 0, 0, 0, 0, 0, 0, 0, 0, 0, 0, 0, 0, 0, 0, 0, 0, 0, 0, 0, 0, 0, 0, 0, 0, 0, 0, 0, 0, 0, 0, 0, 0, 0, -0.0032312495, -0.002854694, -0.002547937, -0.0025734175, -0.0026989814, -0.002768947, -0.0029058643, -0.0030340739, -0.00309532, -0.0032117495, -0.003320271, -0.003371048, -0.0034617868, -0.003533206, -0.0035827784, -0.003600342, -0.0036249787, -0.0036434657, -0.0036526578, -0.0036738967, -0.0036999818, -0.0037290126, -0.0037431421, -0.00376469, -0.0037690047, -0.0037619735, -0.0037259648, -0.0036617925, -0.0036208474, -0.0035256, -0.0034194211, -0.0033091775, -0.0032539694, -0.003144753, -0.0030369533, -0.0029830053, -0.0028733974, -0.0027578406, -0.0026324717, -0.0025652922, -0.0024217141, -0.002268193, -0.0021887862, -0.0020280436, -0.0018674141, -0.0017876939, -0.0016311413, -0.0014821116, -0.0013613529, -0.0013268609, -0.0013641837, -0.0015535773, 0, 0, 0, 0, 0, 0, 0, 0, 0, 0
0, 0, 0, 0, 0, 0, 0, 0, 0, 0, 0, 0, 0, 0, 0, 0, 0, 0, 0, 0, 0, 0, 0, 0, 0, 0, 0, 0, 0, 0, 0, 0, 0, 0, 0, 0, 0, 0, 0, 0, 0, 0, 0, 0, 0, 0, 0, 0, 0, 0, 0, 0, 0, 0, 0, 0, 0, 0, 0, 0, 0, 0, 0, 0, 0, 0, 0, 0, 0, 0, 0, 0, 0, 0, 0, 0, 0, 0, 0, 0, 0, 0, 0, 0, 0, 0, 0, 0, -0.0028667809, -0.0024335932, -0.0020787204, -0.002086195, -0.0021927569, -0.0022520002, -0.002364323, -0.0024650092, -0.0025118897, -0.0026003493, -0.0026820786, -0.0027198575, -0.002786829, -0.002838827, -0.0028748955, -0.0028877857, -0.0029062245, -0.0029190008, -0.0029245238, -0.0029348095, -0.0029446236, -0.002952258, -0.002953684, -0.002948815, -0.002929185, -0.0029121758, -0.0028635554, -0.0027963358, -0.0027569737, -0.002669862, -0.0025763204, -0.0024814168, -0.0024346956, -0.0023426276, -0.00225208, -0.002206393, -0.0021135926, -0.0020160566, -0.0019123293, -0.001857794, -0.0017438147, -0.0016258676, -0.0015663571, -0.001448219, -0.0013326668, -0.001275441, -0.0011610163, -0.0010477763, -0.00094714115, -0.000910307, -0.0008928191, -0.000967049, 0, 0, 0, 0, 0, 0, 0, 0, 0, 0
0, 0, 0, 0, 0, 0, 0, 0, 0, 0, 0, 0, 0, 0, 0, 0, 0, 0, 0, 0, 0, 0, 0, 0, 0, 0, 0, 0, 0, 0, 0, 0, 0, 0, 0, 0, 0, 0, 0, 0, 0, 0, 0, 0, 0, 0, 0, 0, 0, 0, 0, 0, 0, 0, 0, 0, 0, 0, 0, 0, 0, 0, 0, 0, 0, 0, 0, 0, 0, 0, 0, 0, 0, 0, 0, 0, 0, 0, 0, 0, 0, 0, 0, 0, 0, 0, 0, 0, 0, -0.0017636041, -0.0016138286, -0.0016024902, -0.0016788343, -0.0017247305, -0.0018112801, -0.0018851138, -0.0019177911, -0.0019785636, -0.0020347382, -0.0020611933, -0.0021095378, -0.0021491311, -0.002178621, -0.0021895901, -0.0022036897, -0.002206973, -0.0022045425, -0.0021924463, -0.002171364, -0.0021425397, -0.0021250648, -0.0020837593, -0.002034618, -0.0020077007, -0.0019498494, -0.0018876177, -0.0018551105, -0.0017871261, -0.001716603, -0.0016461685, -0.001611396, -0.0015416613, -0.001470142, -0.0014327354, -0.0013552576, -0.0012743998, -0.001191925, -0.001150714, -0.0010688817, -0.0009901021, -0.00095223915, -0.0008800671, -0.00081093475, -0.0007762824, -0.00070447504, -0.0006293592, -0.00055825134, -0.0005290588, -0.00049948524, -0.0005138374, 0, 0, 0, 0, 0, 0, 0, 0, 0, 0
0, 0, 0, 0, 0, 0, 0, 0, 0, 0, 0, 0, 0, 0, 0, 0, 0, 0, 0, 0, 0, 0, 0, 0, 0, 0, 0, 0, 0, 0, 0, 0, 0, 0, 0, 0, 0, 0, 0, 0, 0, 0, 0, 0, 0, 0, 0, 0, 0, 0, 0, 0, 0, 0, 0, 0, 0, 0, 0, 0, 0, 0, 0, 0, 0, 0, 0, 0, 0, 0, 0, 0, 0, 0, 0, 0, 0, 0, 0, 0, 0, 0, 0, 0, 0, 0, 0, 0, 0, -0.0018771447, -0.0013870945, -0.001235112, -0.0012520462, -0.001278923, -0.0013318101, -0.0013730089, -0.0013897609, -0.0014191888, -0.0014466976, -0.0014599113, -0.0014845122, -0.0015046084, -0.0015180347, -0.001521379, -0.0015189671, -0.001501261, -0.0014864105, -0.0014463442, -0.0013946624, -0.0013345729, -0.0013021235, -0.001233955, -0.0011651828, -0.001132311, -0.0010712909, -0.0010173551, -0.0009923032, -0.0009443378, -0.0008972583, -0.00085030386, -0.00082630396, -0.0007765207, -0.00072184385, -0.0006923587, -0.0006305144, -0.00056895014, -0.00051150896, -0.0004852243, -0.00043879778, -0.0004006325, -0.00038453887, -0.0003573441, -0.00033309814, -0.00032041085, -0.00029124552, -0.0002574752, -0.00022431352, -0.00021110456, -0.00019758556, -0.00018567692, -0.00014177067, 0, 0, 0, 0, 0, 0, 0, 0, 0
0, 0, 0, 0, 0, 0, 0, 0, 0, 0, 0, 0, 0, 0, 0, 0, 0, 0, 0, 0, 0, 0, 0, 0, 0, 0, 0, 0, 0, 0, 0, 0, 0, 0, 0, 0, 0, 0, 0, 0, 0, 0, 0, 0, 0, 0, 0, 0, 0, 0, 0, 0, 0, 0, 0, 0, 0, 0, 0, 0, 0, 0, 0, 0, 0, 0, 0, 0, 0, 0, 0, 0, 0, 0, 0, 0, 0, 0, 0, 0, 0, 0, 0, 0, 0, 0, 0, 0, 0, 0, -0.0011291065, -0.0009391512, -0.0009173945, -0.0009243009, -0.00093751156, -0.00094063027, -0.0009393945, -0.00093437824, -0.0009278865, -0.00092402735, -0.0009141271, -0.00090051565, -0.0008822001, -0.00087035965, -0.00083915226, -0.0007948913, -0.000767865, -0.00070611225, -0.0006378419, -0.0005653012, -0.0005285025, -0.00045417112, -0.00038346392, -0.00035122145, -0.00029502125, -0.0002500391, -0.00023079212, -0.00019574922, -0.00016198792, -0.00012789389, -0.000110067056, -7.229613e-05, -3.0599418e-05, -8.824734e-06, 3.3361768e-05, 6.9249225e-05, 9.524233e-05, 0.00010394959, 0.00011338351, 0.00011373136, 0.000110789966, 0.00010119013, 8.949841e-05, 8.408493e-05, 7.638317e-05, 7.201344e-05, 6.660093e-05, 6.119201e-05, 4.3191503e-05, 3.0488398e-05, 4.5034332e-05, 0, 0, 0, 0, 0, 0, 0, 0, 0
0, 0, 0, 0, 0, 0, 0, 0, 0, 0, 0, 0, 0, 0, 0, 0, 0, 0, 0, 0, 0, 0, 0, 0, 0, 0, 0, 0, 0, 0, 0, 0, 0, 0, 0, 0, 0, 0, 0, 0, 0, 0, 0, 0, 0, 0, 0, 0, 0, 0, 0, 0, 0, 0, 0, 0, 0, 0, 0, 0, 0, 0, 0, 0, 0, 0, 0, 0, 0, 0, 0, 0, 0, 0, 0, 0, 0, 0, 0, 0, 0, 0, 0, 0, 0, 0, 0, 0, 0, 0, -0.00079077174, -0.00068251765, -0.00062543515, -0.00060868444, -0.0005774079, -0.00054212374, -0.0005235589, -0.00048472933, -0.00044275893, -0.00041989147, -0.00036938934, -0.00031459186, -0.00025715912, -0.00022743277, -0.00016531479, -9.842127e-05, -6.321862e-05, 8.049911e-06, 7.765616e-05, 0.00014482615, 0.00017726242, 0.00024020244, 0.00029844887, 0.0003249047, 0.00037105524, 0.00040970073, 0.00042724956, 0.0004612321, 0.00049490074, 0.00052797556, 0.0005441661, 0.0005747978, 0.0006016755, 0.00061267684, 0.0006271944, 0.00062901946, 0.00061762496, 0.00060798076, 0.000582706, 0.0005526477, 0.0005361595, 0.000501584, 0.00046558984, 0.00044757396, 0.00041136914, 0.0003738363, 0.000330768, 0.00030596546, 0.0002483141, 0.0001926488, 0.0001762406, 0, 0, 0, 0, 0, 0, 0, 0, 0
0, 0, 0, 0, 0, 0, 0, 0, 0, 0, 0, 0, 0, 0, 0, 0, 0, 0, 0, 0, 0, 0, 0, 0, 0, 0, 0, 0, 0, 0, 0, 0, 0, 0, 0, 0, 0, 0, 0, 0, 0, 0, 0, 0, 0, 0, 0, 0, 0, 0, 0, 0, 0, 0, 0, 0, 0, 0, 0, 0, 0, 0, 0, 0, 0, 0, 0, 0, 0, 0, 0, 0, 0, 0, 0, 0, 0, 0, 0, 0, 0, 0, 0, 0, 0, 0, 0, 0, 0, 0, -0.00075548195, -0.00043398672, -0.00030939956, -0.0002697565, -0.00020081407, -0.00013560374, -0.00010311272, -3.660229e-05, 3.5842582e-05, 7.551466e-05, 0.00016111131, 0.0002516546, 0.00034237636, 0.0003869226, 0.00047345323, 0.0005563218, 0.0005960941, 0.000669816, 0.00073504046, 0.0007926368, 0.00081904355, 0.0008685287, 0.00091406924, 0.00093527447, 0.0009760214, 0.0010156722, 0.0010357661, 0.0010767274, 0.0011161993, 0.0011496381, 0.0011629456, 0.001180071, 0.0011834293, 0.0011792859, 0.0011586844, 0.0011230471, 0.0010766386, 0.0010509843, 0.0009986452, 0.00094666827, 0.0009208922, 0.000868633, 0.00081432733, 0.0007856101, 0.0007235212, 0.00065254065, 0.00056988443, 0.0005240179, 0.00042631975, 0.00034365084, 0.00032906653, 0.0004286967, 0, 0, 0, 0, 0, 0, 0, 0
0, 0, 0, 0, 0, 0, 0, 0, 0, 0, 0, 0, 0, 0, 0, 0, 0, 0, 0, 0, 0, 0, 0, 0, 0, 0, 0, 0, 0, 0, 0, 0, 0, 0, 0, 0, 0, 0, 0, 0, 0, 0, 0, 0, 0, 0, 0, 0, 0, 0, 0, 0, 0, 0, 0, 0, 0, 0, 0, 0, 0, 0, 0, 0, 0, 0, 0, 0, 0, 0, 0, 0, 0, 0, 0, 0, 0, 0, 0, 0, 0, 0, 0, 0, 0, 0, 0, 0, 0, 0, 0, -2.4641728e-05, 5.232714e-05, 9.2917704e-05, 0.00017644676, 0.00026153526, 0.00030462685, 0.00039344418, 0.0004899182, 0.00054167374, 0.0006508706, 0.0007645089, 0.0008768798, 0.000931426, 0.0010356377, 0.0011315052, 0.001175748, 0.0012555614, 0.0013241477, 0.0013835962, 0.0014106013, 0.0014606674, 0.0015071499, 0.0015295438, 0.0015746946, 0.0016203033, 0.0016431651, 0.0016870438, 0.0017226205, 0.0017438987, 0.0017477546, 0.0017405845, 0.001713975, 0.0016937172, 0.0016410459, 0.0015767826, 0.0015064987, 0.0014711432, 0.0014009718, 0.0013318944, 0.0012972053, 0.0012254317, 0.0011480798, 0.001106027, 0.0010130329, 0.0009046777, 0.00077963417, 0.00071141106, 0.00056949706, 0.00044153736, 0.00039863645, 0.00038756768, 0, 0, 0, 0, 0, 0, 0, 0
0, 0, 0, 0, 0, 0, 0, 0, 0, 0, 0, 0, 0, 0, 0, 0, 0, 0, 0, 0, 0, 0, 0, 0, 0, 0, 0, 0, 0, 0, 0, 0, 0, 0, 0, 0, 0, 0, 0, 0, 0, 0, 0, 0, 0, 0, 0, 0, 0, 0, 0, 0, 0, 0, 0, 0, 0, 0, 0, 0, 0, 0, 0, 0, 0, 0, 0, 0, 0, 0, 0, 0, 0, 0, 0, 0, 0, 0, 0, 0, 0, 0, 0, 0, 0, 0, 0, 0, 0, 0, 0, 0.00030173824, 0.00034593837, 0.0003834465, 0.00047743178, 0.00058452715, 0.0006406631, 0.0007570977, 0.0008782079, 0.00094056275, 0.0010671502, 0.0011946977, 0.0013204251, 0.0013818105, 0.0015003881, 0.0016112187, 0.0016629959, 0.0017589204, 0.0018456017, 0.0019241968, 0.001960882, 0.0020287463, 0.0020895677, 0.002117677, 0.0021696906, 0.0022159163, 0.002235907, 0.0022670731, 0.00228222, 0.0022786474, 0.0022694934, 0.0022372068, 0.002187853, 0.002157503, 0.0020883083, 0.0020119417, 0.0019321748, 0.0018918052, 0.0018092527, 0.0017224442, 0.0016766279, 0.0015788532, 0.0014714178, 0.0014130728, 0.001284671, 0.0011381552, 0.0009741527, 0.0008867926, 0.0007071747, 0.00054022094, 0.00047570796, 0.00042611803, 0, 0, 0, 0, 0, 0, 0, 0
0, 0, 0, 0, 0, 0, 0, 0, 0, 0, 0, 0, 0, 0, 0, 0, 0, 0, 0, 0, 0, 0, 0, 0, 0, 0, 0, 0, 0, 0, 0, 0, 0, 0, 0, 0, 0, 0, 0, 0, 0, 0, 0, 0, 0, 0, 0, 0, 0, 0, 0, 0, 0, 0, 0, 0, 0, 0, 0, 0, 0, 0, 0, 0, 0, 0, 0, 0, 0, 0, 0, 0, 0, 0, 0, 0, 0, 0, 0, 0, 0, 0, 0, 0, 0, 0, 0, 0, 0, 0, 0, 0.00049919303, 0.00051496073, 0.00054745394, 0.00065557874, 0.00079777074, 0.0008749369, 0.0010328764, 0.0011893184, 0.0012655978, 0.0014130835, 0.0015544681, 0.0016911181, 0.0017582403, 0.0018897399, 0.0020166533, 0.0020780633, 0.0021967618, 0.0023099943, 0.0024162529, 0.0024660286, 0.0025554942, 0.0026295972, 0.0026606629, 0.0027107964, 0.0027448975, 0.0027555374, 0.0027635586, 0.0027541234, 0.00272969, 0.0027126102, 0.0026700615, 0.0026163242, 0.0025855217, 0.0025166846, 0.0024405755, 0.002358274, 0.0023144989, 0.002219855, 0.0021136166, 0.0020557505, 0.0019305209, 0.0017928004, 0.0017189165, 0.0015592446, 0.0013833374, 0.0011933971, 0.0010948189, 0.0008968788, 0.0007175606, 0.0006504742, 0.0006059967, 0, 0, 0, 0, 0, 0, 0, 0
0, 0, 0, 0, 0, 0, 0, 0, 0, 0, 0, 0, 0, 0, 0, 0, 0, 0, 0, 0, 0, 0, 0, 0, 0, 0, 0, 0, 0, 0, 0, 0, 0, 0, 0, 0, 0, 0, 0, 0, 0, 0, 0, 0, 0, 0, 0, 0, 0, 0, 0, 0, 0, 0, 0, 0, 0, 0, 0, 0, 0, 0, 0, 0, 0, 0, 0, 0, 0, 0, 0, 0, 0, 0, 0, 0, 0, 0, 0, 0, 0, 0, 0, 0, 0, 0, 0, 0, 0, 0, 0, 0.0007113703, 0.00061813794, 0.0006303437, 0.00075152837, 0.0009416643, 0.0010463054, 0.0012570607, 0.0014576253, 0.0015515339, 0.0017259605, 0.0018849111, 0.0020336984, 0.0021059238, 0.0022479866, 0.0023878675, 0.002457067, 0.0025942447, 0.0027282366, 0.002854258, 0.0029117982, 0.0030114166, 0.0030868503, 0.003115419, 0.003155233, 0.0031742954, 0.0031768684, 0.0031702302, 0.0031514924, 0.0031256073, 0.0031107885, 0.0030765752, 0.0030334366, 0.003007196, 0.0029448883, 0.0028699432, 0.0027832105, 0.0027350388, 0.00262766, 0.0025043203, 0.0024367976, 0.0022913637, 0.0021326465, 0.00204841, 0.0018695286, 0.0016779229, 0.0014772329, 0.0013752624, 0.001175618, 0.0010095398, 0.000966609, 0.0010965639, 0, 0, 0, 0, 0, 0, 0, 0
0, 0, 0, 0, 0, 0, 0, 0, 0, 0, 0, 0, 0, 0, 0, 0, 0, 0, 0, 0, 0, 0, 0, 0, 0, 0, 0, 0, 0, 0, 0, 0, 0, 0, 0, 0, 0, 0, 0, 0, 0, 0, 0, 0, 0, 0, 0, 0, 0, 0, 0, 0, 0, 0, 0, 0, 0, 0, 0, 0, 0, 0, 0, 0, 0, 0, 0, 0, 0, 0, 0, 0, 0, 0, 0, 0, 0, 0, 0, 0, 0, 0, 0, 0, 0, 0, 0, 0, 0, 0, 0, 0, 0.00068819453, 0.0007067971, 0.00086064695, 0.0010987796, 0.0012275464, 0.0014825406, 0.0017201601, 0.0018298277, 0.0020301077, 0.0022079623, 0.0023697948, 0.0024468957, 0.0025970263, 0.0027444025, 0.002817636, 0.0029627425, 0.003104252, 0.0032346495, 0.0032928106, 0.003390372, 0.0034611602, 0.0034869518, 0.003522658, 0.0035407566, 0.0035448426, 0.0035456826, 0.0035401864, 0.0035308076, 0.003524307, 0.0035050302, 0.0034719245, 0.0034483608, 0.003386419, 0.0033064294, 0.0032106852, 0.0031571295, 0.0030386215, 0.002905053, 0.0028328036, 0.002678283, 0.00251096, 0.0024223016, 0.002235636, 0.002038429, 0.0018341364, 0.001730491, 0.0015255257, 0.0013442525, 0.0012813597, 0.001275744, 0, 0, 0, 0, 0, 0, 0, 0
0, 0, 0, 0, 0, 0, 0, 0, 0, 0, 0, 0, 0, 0, 0, 0, 0, 0, 0, 0, 0, 0, 0, 0, 0, 0, 0, 0, 0, 0, 0, 0, 0, 0, 0, 0, 0, 0, 0, 0, 0, 0, 0, 0, 0, 0, 0, 0, 0, 0, 0, 0, 0, 0, 0, 0, 0, 0, 0, 0, 0, 0, 0, 0, 0, 0, 0, 0, 0, 0, 0, 0, 0, 0, 0, 0, 0, 0, 0, 0, 0, 0, 0, 0, 0, 0, 0, 0, 0, 0, 0, 0, 0.0009073527, 0.0009269663, 0.0010730941, 0.0013118506, 0.0014443984, 0.0017107548, 0.0019634597, 0.0020815823, 0.0023000962, 0.002495781, 0.0026733053, 0.0027571097, 0.002917989, 0.0030731428, 0.0031492251, 0.0032980463, 0.0034403258, 0.0035693755, 0.0036266772, 0.0037238288, 0.0037979812, 0.00382786, 0.0038764726, 0.003913676, 0.0039291787, 0.003955147, 0.0039738067, 0.0039834543, 0.0039835097, 0.003970622, 0.0039359313, 0.0039094714, 0.0038389934, 0.0037485356, 0.0036428713, 0.003585002, 0.0034603896, 0.0033238432, 0.0032509791, 0.0030959127, 0.0029270626, 0.0028373348, 0.002647164, 0.0024453637, 0.0022343067, 0.0021260413, 0.0019069277, 0.0017028308, 0.001627001, 0.0016409325, 0.0021499046, 0, 0, 0, 0, 0, 0, 0
0, 0, 0, 0, 0, 0, 0, 0, 0, 0, 0, 0, 0, 0, 0, 0, 0, 0, 0, 0, 0, 0, 0, 0, 0, 0, 0, 0, 0, 0, 0, 0, 0, 0, 0, 0, 0, 0, 0, 0, 0, 0, 0, 0, 0, 0, 0, 0, 0, 0, 0, 0, 0, 0, 0, 0, 0, 0, 0, 0, 0, 0, 0, 0, 0, 0, 0, 0, 0, 0, 0, 0, 0, 0, 0, 0, 0, 0, 0, 0, 0, 0, 0, 0, 0, 0, 0, 0, 0, 0, 0, 0, 0.0014515466, 0.0013854962, 0.0013694788, 0.001522773, 0.0016336758, 0.0018809624, 0.0021331818, 0.0022557236, 0.0024889256, 0.0027046315, 0.0029041008, 0.0029986023, 0.0031789348, 0.0033505945, 0.0034333495, 0.0035931265, 0.0037434336, 0.0038799143, 0.0039416486, 0.0040510953, 0.0041437503, 0.0041848095, 0.004258884, 0.00432371, 0.0043529184, 0.0044037886, 0.004441044, 0.004459765, 0.0044605597, 0.004442431, 0.004396809, 0.004364074, 0.004282138, 0.0041826493, 0.0040708487, 0.0040112613, 0.0038855262, 0.0037501745, 0.0036784213, 0.0035243938, 0.0033538204, 0.0032615773, 0.003064153, 0.0028511477, 0.0026249932, 0.0025076338, 0.0022653984, 0.0020270133, 0.0019248067, 0.0018278427, 0.0019462918, 0, 0, 0, 0, 0, 0, 0
0, 0, 0, 0, 0, 0, 0, 0, 0, 0, 0, 0, 0, 0, 0, 0, 0, 0, 0, 0, 0, 0, 0, 0, 0, 0, 0, 0, 0, 0, 0, 0, 0, 0, 0, 0, 0, 0, 0, 0, 0, 0, 0, 0, 0, 0, 0, 0, 0, 0, 0, 0, 0, 0, 0, 0, 0, 0, 0, 0, 0, 0, 0, 0, 0, 0, 0, 0, 0, 0, 0, 0, 0, 0, 0, 0, 0, 0, 0, 0, 0, 0, 0, 0, 0, 0, 0, 0, 0, 0, 0, 0, 0, 0.0018465243, 0.0015072686, 0.0015509109, 0.0016519708, 0.0019180248, 0.0022105377, 0.0023563385, 0.002639891, 0.0029089935, 0.0031637305, 0.00328635, 0.0035237588, 0.003751141, 0.0038608203, 0.0040711244, 0.004267844, 0.004449085, 0.004533467, 0.004689259, 0.0048275953, 0.0048899557, 0.0050010253, 0.0050936253, 0.005132699, 0.0051951874, 0.0052343444, 0.0052463366, 0.005241489, 0.005211119, 0.005156839, 0.005122578, 0.005042967, 0.004951682, 0.004848797, 0.004792569, 0.0046689496, 0.00452753, 0.0044490187, 0.004273198, 0.0040712706, 0.0039609293, 0.003724065, 0.003468395, 0.003195102, 0.003051111, 0.0027469753, 0.0024286895, 0.0022756208, 0.0020473027, 0.0020722295, 0, 0, 0, 0, 0, 0, 0
0, 0, 0, 0, 0, 0, 0, 0, 0, 0, 0, 0, 0, 0, 0, 0, 0, 0, 0, 0, 0, 0, 0, 0, 0, 0, 0, 0, 0, 0, 0, 0, 0, 0, 0, 0, 0, 0, 0, 0, 0, 0, 0, 0, 0, 0, 0, 0, 0, 0, 0, 0, 0, 0, 0, 0, 0, 0, 0, 0, 0, 0, 0, 0, 0, 0, 0, 0, 0, 0, 0, 0, 0, 0, 0, 0, 0, 0, 0, 0, 0, 0, 0, 0, 0, 0, 0, 0, 0, 0, 0, 0, 0, 0, 0.001413371, 0.001500464, 0.0016139158, 0.0019104135, 0.00223455, 0.0023949847, 0.0027038718, 0.002995317, 0.0032712321, 0.0034048134, 0.0036647236, 0.0039152117, 0.004036187, 0.004267628, 0.004482721, 0.0046794284, 0.0047706203, 0.004938154, 0.0050852722, 0.0051508984, 0.0052655693, 0.0053579486, 0.005395766, 0.005453474, 0.0054874523, 0.0054963636, 0.005491887, 0.0054674563, 0.0054259985, 0.005400133, 0.005339343, 0.0052647344, 0.005171712, 0.0051167887, 0.004987156, 0.004828241, 0.004737308, 0.0045325174, 0.0043008626, 0.0041768025, 0.0039158384, 0.0036400612, 0.003346632, 0.003191014, 0.0028563756, 0.0024905421, 0.0023023868, 0.0019624918, 0.0017972598, 0, 0, 0, 0, 0, 0, 0
0, 0, 0, 0, 0, 0, 0, 0, 0, 0, 0, 0, 0, 0, 0, 0, 0, 0, 0, 0, 0, 0, 0, 0, 0, 0, 0, 0, 0, 0, 0, 0, 0, 0, 0, 0, 0, 0, 0, 0, 0, 0, 0, 0, 0, 0, 0, 0, 0, 0, 0, 0, 0, 0, 0, 0, 0, 0, 0, 0, 0, 0, 0, 0, 0, 0, 0, 0, 0, 0, 0, 0, 0, 0, 0, 0, 0, 0, 0, 0, 0, 0, 0, 0, 0, 0, 0, 0, 0, 0, 0, 0, 0, 0, 0.0016375493, 0.0015810367, 0.0016727367, 0.0019633777, 0.0022988468, 0.0024659766, 0.0027887197, 0.003094425, 0.0033855697, 0.0035269423, 0.0038018697, 0.0040650466, 0.0041913097, 0.0044309115, 0.0046508918, 0.004850251, 0.004942364, 0.005111701, 0.0052610487, 0.0053279563, 0.005445219, 0.005539398, 0.005577217, 0.0056337737, 0.005665722, 0.005675879, 0.005674275, 0.005660397, 0.0056354655, 0.005619194, 0.0055761617, 0.0055138636, 0.005422728, 0.0053642225, 0.0052182046, 0.0050331643, 0.004927111, 0.0046921493, 0.0044349153, 0.0043008807, 0.0040254225, 0.003739632, 0.0034359852, 0.0032738454, 0.0029215442, 0.0025296712, 0.0023248713, 0.0019409783, 0.0017137328, 0, 0, 0, 0, 0, 0, 0
0, 0, 0, 0, 0, 0, 0, 0, 0, 0, 0, 0, 0, 0, 0, 0, 0, 0, 0, 0, 0, 0, 0, 0, 0, 0, 0, 0, 0, 0, 0, 0, 0, 0, 0, 0, 0, 0, 0, 0, 0, 0, 0, 0, 0, 0, 0, 0, 0, 0, 0, 0, 0, 0, 0, 0, 0, 0, 0, 0, 0, 0, 0, 0, 0, 0, 0, 0, 0, 0, 0, 0, 0, 0, 0, 0, 0, 0, 0, 0, 0, 0, 0, 0, 0, 0, 0, 0, 0, 0, 0, 0, 0, 0, 0.0017456944, 0.001704688, 0.0017692078, 0.0020262243, 0.0023530656, 0.002520959, 0.0028508825, 0.003168928, 0.0034745617, 0.003622778, 0.0039080484, 0.004176355, 0.0043028053, 0.0045394353, 0.004754315, 0.0049494435, 0.0050401785, 0.0052096983, 0.0053633736, 0.0054338067, 0.0055597457, 0.0056619192, 0.0057030222, 0.005763495, 0.00579733, 0.0058098403, 0.0058100997, 0.005802058, 0.0057841847, 0.0057707746, 0.0057304734, 0.0056639225, 0.005561037, 0.0054938686, 0.005326542, 0.005118575, 0.005001862, 0.004749958, 0.004483578, 0.004347567, 0.0040717716, 0.0037863764, 0.0034811224, 0.0033171722, 0.0029607955, 0.0025685476, 0.0023674187, 0.0020110367, 0.0019011088, 0.002388656, 0, 0, 0, 0, 0, 0
0, 0, 0, 0, 0, 0, 0, 0, 0, 0, 0, 0, 0, 0, 0, 0, 0, 0, 0, 0, 0, 0, 0, 0, 0, 0, 0, 0, 0, 0, 0, 0, 0, 0, 0, 0, 0, 0, 0, 0, 0, 0, 0, 0, 0, 0, 0, 0, 0, 0, 0, 0, 0, 0, 0, 0, 0, 0, 0, 0, 0, 0, 0, 0, 0, 0, 0, 0, 0, 0, 0, 0, 0, 0, 0, 0, 0, 0, 0, 0, 0, 0, 0, 0, 0, 0, 0, 0, 0, 0, 0, 0, 0, 0, 0.002283306, 0.0018415113, 0.0018239466, 0.0020152132, 0.0023295337, 0.0024994693, 0.0028414722, 0.0031764628, 0.0034993223, 0.0036544148, 0.003948483, 0.0042169397, 0.004341135, 0.0045701996, 0.0047775246, 0.0049679903, 0.00505839, 0.0052312315, 0.005393747, 0.005470174, 0.005609112, 0.005723026, 0.005768436, 0.005833829, 0.005867868, 0.005876938, 0.005874365, 0.0058587426, 0.0058300123, 0.0058097793, 0.005753648, 0.0056693065, 0.005548656, 0.005473256, 0.005292466, 0.00507694, 0.0049588, 0.0047092075, 0.0044501037, 0.0043186992, 0.004051194, 0.0037713312, 0.003468955, 0.003306374, 0.0029548155, 0.0025717146, 0.0023756374, 0.0020153997, 0.0018146043, 0.0019074176, 0, 0, 0, 0, 0, 0
0, 0, 0, 0, 0, 0, 0, 0, 0, 0, 0, 0, 0, 0, 0, 0, 0, 0, 0, 0, 0, 0, 0, 0, 0, 0, 0, 0, 0, 0, 0, 0, 0, 0, 0, 0, 0, 0, 0, 0, 0, 0, 0, 0, 0, 0, 0, 0, 0, 0, 0, 0, 0, 0, 0, 0, 0, 0, 0, 0, 0, 0, 0, 0, 0, 0, 0, 0, 0, 0, 0, 0, 0, 0, 0, 0, 0, 0, 0, 0, 0, 0, 0, 0, 0, 0, 0, 0, 0, 0, 0, 0, 0, 0, 0, 0.0017295019, 0.0017259193, 0.0019039419, 0.0022217145, 0.0023987307, 0.0027590715, 0.003112328, 0.003449303, 0.0036090924, 0.0039068013, 0.0041716713, 0.0042920564, 0.0045121023, 0.004710888, 0.004896666, 0.0049865767, 0.0051624402, 0.0053320006, 0.005412951, 0.005560694, 0.0056806477, 0.0057272953, 0.0057911864, 0.0058179274, 0.005814202, 0.0058033965, 0.0057682535, 0.005717191, 0.0056856126, 0.0056085866, 0.005508155, 0.005378839, 0.005302093, 0.00512401, 0.004917511, 0.00480558, 0.0045698807, 0.0043241065, 0.0041982206, 0.0039393706, 0.0036657923, 0.003370569, 0.0032129853, 0.0028763083, 0.002513881, 0.0023273726, 0.001969654, 0.0017103944, 0.0016617456, 0, 0, 0, 0, 0, 0
0, 0, 0, 0, 0, 0, 0, 0, 0, 0, 0, 0, 0, 0, 0, 0, 0, 0, 0, 0, 0, 0, 0, 0, 0, 0, 0, 0, 0, 0, 0, 0, 0, 0, 0, 0, 0, 0, 0, 0, 0, 0, 0, 0, 0, 0, 0, 0, 0, 0, 0, 0, 0, 0, 0, 0, 0, 0, 0, 0, 0, 0, 0, 0, 0, 0, 0, 0, 0, 0, 0, 0, 0, 0, 0, 0, 0, 0, 0, 0, 0, 0, 0, 0, 0, 0, 0, 0, 0, 0, 0, 0, 0, 0, 0, 0.0018011185, 0.0016796694, 0.0017867194, 0.0021024435, 0.0022839513, 0.0026518863, 0.003008142, 0.00334321, 0.0035003722, 0.0037897525, 0.004043495, 0.00415767, 0.004364685, 0.004551369, 0.004727069, 0.0048129954, 0.0049832724, 0.0051493538, 0.0052286643, 0.0053721042, 0.005485278, 0.0055274726, 0.0055802898, 0.005593546, 0.0055737137, 0.005554324, 0.005501321, 0.005433775, 0.005395311, 0.0053087757, 0.0052061607, 0.0050820634, 0.0050105243, 0.004846597, 0.004655968, 0.004551971, 0.004330164, 0.004094065, 0.003971596, 0.0037182781, 0.0034519779, 0.0031699403, 0.0030223115, 0.0027134863, 0.0023885774, 0.0022238016, 0.0019141438, 0.0017251329, 0.0019040843, 0.0022013774, 0, 0, 0, 0, 0
0, 0, 0, 0, 0, 0, 0, 0, 0, 0, 0, 0, 0, 0, 0, 0, 0, 0, 0, 0, 0, 0, 0, 0, 0, 0, 0, 0, 0, 0, 0, 0, 0, 0, 0, 0, 0, 0, 0, 0, 0, 0, 0, 0, 0, 0, 0, 0, 0, 0, 0, 0, 0, 0, 0, 0, 0, 0, 0, 0, 0, 0, 0, 0, 0, 0, 0, 0, 0, 0, 0, 0, 0, 0, 0, 0, 0, 0, 0, 0, 0, 0, 0, 0, 0, 0, 0, 0, 0, 0, 0, 0, 0, 0, 0, 0.0015982055, 0.0015955867, 0.0017471295, 0.0020445008, 0.0022131088, 0.0025546385, 0.0028846385, 0.0031936183, 0.0033382126, 0.003603767, 0.0038362215, 0.003940584, 0.0041289413, 0.0042977193, 0.0044563618, 0.004533861, 0.004687587, 0.0048366706, 0.0049069603, 0.0050317165, 0.005126296, 0.005159926, 0.0051982603, 0.0052006217, 0.0051735076, 0.005151663, 0.0050956244, 0.0050279493, 0.0049907127, 0.004908916, 0.0048140166, 0.00470014, 0.004634433, 0.0044830954, 0.004305037, 0.004207107, 0.003994952, 0.0037654846, 0.0036458443, 0.0033986194, 0.003142774, 0.0028791286, 0.002744174, 0.0024678682, 0.002183584, 0.0020407916, 0.0017708811, 0.0015839346, 0.0016055114, 0.0016934596, 0, 0, 0, 0, 0
0, 0, 0, 0, 0, 0, 0, 0, 0, 0, 0, 0, 0, 0, 0, 0, 0, 0, 0, 0, 0, 0, 0, 0, 0, 0, 0, 0, 0, 0, 0, 0, 0, 0, 0, 0, 0, 0, 0, 0, 0, 0, 0, 0, 0, 0, 0, 0, 0, 0, 0, 0, 0, 0, 0, 0, 0, 0, 0, 0, 0, 0, 0, 0, 0, 0, 0, 0, 0, 0, 0, 0, 0, 0, 0, 0, 0, 0, 0, 0, 0, 0, 0, 0, 0, 0, 0, 0, 0, 0, 0, 0, 0, 0, 0, 0.002010537, 0.0019102677, 0.0018612657, 0.0020305265, 0.0021556655, 0.0024321317, 0.0027117864, 0.0029780143, 0.0031035654, 0.0033358312, 0.0035409774, 0.003633428, 0.0038011882, 0.003951469, 0.004091473, 0.0041594356, 0.0042919368, 0.0044167554, 0.0044742273, 0.0045733843, 0.0046458794, 0.004671041, 0.004698983, 0.0047000106, 0.004678699, 0.004661439, 0.004616353, 0.00455979, 0.004527594, 0.004453961, 0.0043644845, 0.0042544208, 0.004190557, 0.0040444327, 0.0038744526, 0.0037809797, 0.0035791548, 0.0033604589, 0.0032462648, 0.0030110986, 0.002770458, 0.0025269801, 0.0024041464, 0.0021553254, 0.0019008425, 0.0017719436, 0.0015189438, 0.0013079395, 0.0012245436, 0.0012479518, 0, 0, 0, 0, 0
0, 0, 0, 0, 0, 0, 0, 0, 0, 0, 0, 0, 0, 0, 0, 0, 0, 0, 0, 0, 0, 0, 0, 0, 0, 0, 0, 0, 0, 0, 0, 0, 0, 0, 0, 0, 0, 0, 0, 0, 0, 0, 0, 0, 0, 0, 0, 0, 0, 0, 0, 0, 0, 0, 0, 0, 0, 0, 0, 0, 0, 0, 0, 0, 0, 0, 0, 0, 0, 0, 0, 0, 0, 0, 0, 0, 0, 0, 0, 0, 0, 0, 0, 0, 0, 0, 0, 0, 0, 0, 0, 0, 0, 0, 0, 0.0027275472, 0.0023433014, 0.0019056568, 0.0019065015, 0.0019857732, 0.0022004517, 0.0024345862, 0.002661934, 0.0027698544, 0.0029710848, 0.00315157, 0.0032338388, 0.003385246, 0.0035223756, 0.0036496473, 0.003710424, 0.0038250647, 0.0039279773, 0.003973261, 0.0040490273, 0.004103127, 0.004122131, 0.004145489, 0.0041508144, 0.004140065, 0.004128953, 0.0040957183, 0.004048166, 0.0040185824, 0.003946484, 0.0038547285, 0.0037420187, 0.0036777237, 0.0035346458, 0.0033740534, 0.0032876364, 0.003102953, 0.0029041339, 0.002800223, 0.0025860008, 0.002366582, 0.0021444054, 0.0020323382, 0.0018049488, 0.0015713909, 0.0014518311, 0.0012110686, 0.0009919469, 0.00086477626, 0.00086071657, 0, 0, 0, 0, 0
0, 0, 0, 0, 0, 0, 0, 0, 0, 0, 0, 0, 0, 0, 0, 0, 0, 0, 0, 0, 0, 0, 0, 0, 0, 0, 0, 0, 0, 0, 0, 0, 0, 0, 0, 0, 0, 0, 0, 0, 0, 0, 0, 0, 0, 0, 0, 0, 0, 0, 0, 0, 0, 0, 0, 0, 0, 0, 0, 0, 0, 0, 0, 0, 0, 0, 0, 0, 0, 0, 0, 0, 0, 0, 0, 0, 0, 0, 0, 0, 0, 0, 0, 0, 0, 0, 0, 0, 0, 0, 0, 0, 0, 0, 0, 0, 0.002134217, 0.0015993525, 0.0015670505, 0.0016356722, 0.0018306606, 0.002043505, 0.0022483552, 0.0023452742, 0.0025250898, 0.0026876454, 0.0027627803, 0.0029030289, 0.0030321141, 0.0031514275, 0.0032072277, 0.0033088906, 0.0033948666, 0.0034308678, 0.0034888876, 0.0035291899, 0.003543627, 0.0035623594, 0.0035683962, 0.0035610786, 0.0035518655, 0.0035213963, 0.0034736134, 0.0034428579, 0.0033667658, 0.0032711711, 0.0031577048, 0.0030954084, 0.0029618598, 0.0028184652, 0.0027431182, 0.0025846541, 0.002415174, 0.0023265535, 0.0021421905, 0.0019506017, 0.0017532334, 0.0016523785, 0.0014464927, 0.001234293, 0.0011260626, 0.0009081169, 0.0007052152, 0.00056761666, 0.00054348103, 0, 0, 0, 0, 0
0, 0, 0, 0, 0, 0, 0, 0, 0, 0, 0, 0, 0, 0, 0, 0, 0, 0, 0, 0, 0, 0, 0, 0, 0, 0, 0, 0, 0, 0, 0, 0, 0, 0, 0, 0, 0, 0, 0, 0, 0, 0, 0, 0, 0, 0, 0, 0, 0, 0, 0, 0, 0, 0, 0, 0, 0, 0, 0, 0, 0, 0, 0, 0, 0, 0, 0, 0, 0, 0, 0, 0, 0, 0, 0, 0, 0, 0, 0, 0, 0, 0, 0, 0, 0, 0, 0, 0, 0, 0, 0, 0, 0, 0, 0, 0, 0, 0.001094251, 0.0011315502, 0.0012049217, 0.0013981431, 0.0016033404, 0.0017957044, 0.0018848164, 0.0020480717, 0.0021938789, 0.0022612475, 0.0023876186, 0.002504761, 0.0026123603, 0.0026618843, 0.0027498277, 0.0028208725, 0.0028493768, 0.002893266, 0.0029213093, 0.0029304158, 0.0029395302, 0.0029378408, 0.0029241247, 0.0029121428, 0.0028767264, 0.002824968, 0.0027926876, 0.0027153445, 0.0026228891, 0.0025184774, 0.0024629692, 0.0023481268, 0.0022290635, 0.002168035, 0.0020413597, 0.0019073056, 0.001836743, 0.0016882196, 0.0015297823, 0.0013618036, 0.0012747226, 0.0010954089, 0.00091208075, 0.00081993185, 0.0006389175, 0.00047682473, 0.00037167303, 0.0003556733, 0, 0, 0, 0, 0
0, 0, 0, 0, 0, 0, 0, 0, 0, 0, 0, 0, 0, 0, 0, 0, 0, 0, 0, 0, 0, 0, 0, 0, 0, 0, 0, 0, 0, 0, 0, 0, 0, 0, 0, 0, 0, 0, 0, 0, 0, 0, 0, 0, 0, 0, 0, 0, 0, 0, 0, 0, 0, 0, 0, 0, 0, 0, 0, 0, 0, 0, 0, 0, 0, 0, 0, 0, 0, 0, 0, 0, 0, 0, 0, 0, 0, 0, 0, 0, 0, 0, 0, 0, 0, 0, 0, 0, 0, 0, 0, 0, 0, 0, 0, 0, 0, 0.00082994706, 0.00076643354, 0.00082622754, 0.0010065866, 0.001199368, 0.0013741188, 0.0014522835, 0.001590631, 0.001709505, 0.0017635276, 0.0018640548, 0.0019574198, 0.0020430656, 0.0020821495, 0.0021510834, 0.002205309, 0.0022264058, 0.002256743, 0.0022716837, 0.0022740427, 0.0022700946, 0.0022561164, 0.0022329185, 0.0022177633, 0.002179106, 0.0021283522, 0.002098163, 0.0020287537, 0.001949437, 0.0018630297, 0.001818262, 0.001726894, 0.0016339959, 0.0015871983, 0.0014915734, 0.0013911419, 0.0013383435, 0.0012250561, 0.0011005199, 0.00096510386, 0.0008941746, 0.0007485814, 0.0006026581, 0.00053123164, 0.00039553197, 0.00027734396, 0.00019282656, 0.00016800532, 0, 0, 0, 0, 0
0, 0, 0, 0, 0, 0, 0, 0, 0, 0, 0, 0, 0, 0, 0, 0, 0, 0, 0, 0, 0, 0, 0, 0, 0, 0, 0, 0, 0, 0, 0, 0, 0, 0, 0, 0, 0, 0, 0, 0, 0, 0, 0, 0, 0, 0, 0, 0, 0, 0, 0, 0, 0, 0, 0, 0, 0, 0, 0, 0, 0, 0, 0, 0, 0, 0, 0, 0, 0, 0, 0, 0, 0, 0, 0, 0, 0, 0, 0, 0, 0, 0, 0, 0, 0, 0, 0, 0, 0, 0, 0, 0, 0, 0, 0, 0, 0, 0.00039457117, 0.0004582544, 0.00052967214, 0.000701298, 0.0008684922, 0.0010096056, 0.0010691665, 0.0011679213, 0.001246456, 0.0012805691, 0.0013435284, 0.0014024461, 0.0014575642, 0.0014831228, 0.0015285576, 0.0015640175, 0.0015773176, 0.0015933434, 0.0015951936, 0.0015911907, 0.0015750872, 0.0015514689, 0.001523322, 0.0015077468, 0.0014729396, 0.0014314393, 0.0014075423, 0.0013544995, 0.0012949064, 0.00123068, 0.0011971671, 0.0011283901, 0.0010576277, 0.0010218648, 0.00094923447, 0.0008738325, 0.0008341617, 0.0007492109, 0.0006554692, 0.00055402523, 0.00050173124, 0.00039687371, 0.00029587775, 0.00024810238, 0.00016025493, 8.522353e-05, 2.4619076e-05, -2.6661432e-06, -8.1391845e-05, 0, 0, 0, 0
0, 0, 0, 0, 0, 0, 0, 0, 0, 0, 0, 0, 0, 0, 0, 0, 0, 0, 0, 0, 0, 0, 0, 0, 0, 0, 0, 0, 0, 0, 0, 0, 0, 0, 0, 0, 0, 0, 0, 0, 0, 0, 0, 0, 0, 0, 0, 0, 0, 0, 0, 0, 0, 0, 0, 0, 0, 0, 0, 0, 0, 0, 0, 0, 0, 0, 0, 0, 0, 0, 0, 0, 0, 0, 0, 0, 0, 0, 0, 0, 0, 0, 0, 0, 0, 0, 0, 0, 0, 0, 0, 0, 0, 0, 0, 0, 0, 0.00020440937, 0.00026760163, 0.00032787555, 0.00046207913, 0.00058143603, 0.0006725286, 0.00070730207, 0.0007582341, 0.0007918474, 0.0008050747, 0.00082905346, 0.0008526821, 0.00087683613, 0.0008886422, 0.0009103258, 0.00092659495, 0.0009318973, 0.000934386, 0.0009252801, 0.0009167304, 0.00089350797, 0.00086597493, 0.000838263, 0.0008247539, 0.00079748215, 0.00076791487, 0.0007518113, 0.0007167866, 0.000677788, 0.0006344172, 0.0006109531, 0.0005602275, 0.00050509744, 0.00047638355, 0.00041766805, 0.00035747877, 0.0003266674, 0.0002631912, 0.00019773374, 0.00013279764, 0.000101395286, 4.2246156e-05, -1.0977921e-05, -3.5272056e-05, -7.968989e-05, -0.00011927904, -0.00015783752, -0.00017968583, -0.00022838617, 0, 0, 0, 0
0, 0, 0, 0, 0, 0, 0, 0, 0, 0, 0, 0, 0, 0, 0, 0, 0, 0, 0, 0, 0, 0, 0, 0, 0, 0, 0, 0, 0, 0, 0, 0, 0, 0, 0, 0, 0, 0, 0, 0, 0, 0, 0, 0, 0, 0, 0, 0, 0, 0, 0, 0, 0, 0, 0, 0, 0, 0, 0, 0, 0, 0, 0, 0, 0, 0, 0, 0, 0, 0, 0, 0, 0, 0, 0, 0, 0, 0, 0, 0, 0, 0, 0, 0, 0, 0, 0, 0, 0, 0, 0, 0, 0, 0, 0, 0, 0, 8.4198095e-05, 0.00011519694, 0.0001492361, 0.00022318812, 0.00028100325, 0.0003165893, 0.00032658255, 0.00033456896, 0.0003321634, 0.00032936755, 0.0003237075, 0.0003201652, 0.00031901535, 0.0003189897, 0.00031863758, 0.00031648375, 0.00031382553, 0.00030419722, 0.0002873367, 0.00027640403, 0.0002509838, 0.00022358303, 0.00019718918, 0.00018469857, 0.00016087593, 0.0001380291, 0.00012676425, 0.00010412318, 8.034188e-05, 5.3104493e-05, 3.7674123e-05, 2.0660984e-06, -3.9681043e-05, -6.212821e-05, -0.000108633256, -0.00015487538, -0.00017706498, -0.0002182705, -0.00025300236, -0.00027919273, -0.0002889869, -0.0003032315, -0.00031349988, -0.00031832838, -0.00032945795, -0.0003456734, -0.00037448027, -0.0003984538, -0.00046172345, 0, 0, 0, 0
0, 0, 0, 0, 0, 0, 0, 0, 0, 0, 0, 0, 0, 0, 0, 0, 0, 0, 0, 0, 0, 0, 0, 0, 0, 0, 0, 0, 0, 0, 0, 0, 0, 0, 0, 0, 0, 0, 0, 0, 0, 0, 0, 0, 0, 0, 0, 0, 0, 0, 0, 0, 0, 0, 0, 0, 0, 0, 0, 0, 0, 0, 0, 0, 0, 0, 0, 0, 0, 0, 0, 0, 0, 0, 0, 0, 0, 0, 0, 0, 0, 0, 0, 0, 0, 0, 0, 0, 0, 0, 0, 0, 0, 0, 0, 0, 0, -1.5976479e-05, -7.019826e-05, -6.8060814e-05, -5.6444518e-05, -5.7255533e-05, -7.064992e-05, -8.041077e-05, -0.00010341971, -0.00012830831, -0.00014052284, -0.00016430362, -0.00018696878, -0.00020915088, -0.00022005585, -0.00024169948, -0.00026325288, -0.0002742521, -0.00029663398, -0.0003203362, -0.00033276883, -0.00035879028, -0.00038630716, -0.000414972, -0.00042924812, -0.0004576443, -0.00048321168, -0.0004945479, -0.0005141511, -0.00053036184, -0.00054579147, -0.00055370573, -0.00057210174, -0.00059400214, -0.0006060858, -0.0006308364, -0.00065380294, -0.0006633223, -0.00067596027, -0.00067731726, -0.00066659995, -0.0006572487, -0.00063383946, -0.0006093733, -0.0005987669, -0.0005827851, -0.00057952123, -0.0006063841, -0.00064656197, -0.00085854984, 0, 0, 0, 0
0, 0, 0, 0, 0, 0, 0, 0, 0, 0, 0, 0, 0, 0, 0, 0, 0, 0, 0, 0, 0, 0, 0, 0, 0, 0, 0, 0, 0, 0, 0, 0, 0, 0, 0, 0, 0, 0, 0, 0, 0, 0, 0, 0, 0, 0, 0, 0, 0, 0, 0, 0, 0, 0, 0, 0, 0, 0, 0, 0, 0, 0, 0, 0, 0, 0, 0, 0, 0, 0, 0, 0, 0, 0, 0, 0, 0, 0, 0, 0, 0, 0, 0, 0, 0, 0, 0, 0, 0, 0, 0, 0, 0, 0, 0, 0, 0, 0, -0.00032034444, -0.00033193297, -0.00035913652, -0.00040511382, -0.00045707406, -0.00048177593, -0.0005269843, -0.0005671557, -0.0005862331, -0.0006246591, -0.00066553976, -0.0007096425, -0.00073258823, -0.00077872677, -0.00082299946, -0.0008437832, -0.0008817494, -0.0009147286, -0.00092979544, -0.0009588529, -0.0009895656, -0.0010238157, -0.0010421667, -0.0010794698, -0.0011137197, -0.0011284355, -0.0011508289, -0.0011637092, -0.0011671466, -0.0011662616, -0.0011605435, -0.0011523798, -0.0011481477, -0.0011396492, -0.0011298293, -0.0011234195, -0.0011046358, -0.0010752408, -0.0010339745, -0.0010096191, -0.0009566016, -0.0009020467, -0.00087567826, -0.00082730723, -0.0007894045, -0.0007780056, -0.00079398963, -0.0009026211, 0, 0, 0, 0
0, 0, 0, 0, 0, 0, 0, 0, 0, 0, 0, 0, 0, 0, 0, 0, 0, 0, 0, 0, 0, 0, 0, 0, 0, 0, 0, 0, 0, 0, 0, 0, 0, 0, 0, 0, 0, 0, 0, 0, 0, 0, 0, 0, 0, 0, 0, 0, 0, 0, 0, 0, 0, 0, 0, 0, 0, 0, 0, 0, 0, 0, 0, 0, 0, 0, 0, 0, 0, 0, 0, 0, 0, 0, 0, 0, 0, 0, 0, 0, 0, 0, 0, 0, 0, 0, 0, 0, 0, 0, 0, 0, 0, 0, 0, 0, 0, 0, -0.00061966537, -0.0006178412, -0.0006508982, -0.00072271854, -0.00080208224, -0.00083902257, -0.0009046321, -0.0009626604, -0.0009906869, -0.0010491498, -0.0011141027, -0.0011854181, -0.0012225852, -0.0012968193, -0.001366991, -0.0013991396, -0.0014554958, -0.0015009064, -0.0015202627, -0.0015554392, -0.0015910229, -0.0016311898, -0.0016529881, -0.0016978635, -0.0017388271, -0.0017559071, -0.0017796123, -0.0017867566, -0.001775879, -0.001764108, -0.0017307316, -0.0016896153, -0.0016681345, -0.001625842, -0.0015847548, -0.0015639523, -0.0015185399, -0.0014647766, -0.0014001424, -0.0013637074, -0.0012836499, -0.0011969177, -0.0011518416, -0.0010607077, -0.00097259984, -0.0009010231, -0.00088173046, -0.0009077382, 0, 0, 0, 0
0, 0, 0, 0, 0, 0, 0, 0, 0, 0, 0, 0, 0, 0, 0, 0, 0, 0, 0, 0, 0, 0, 0, 0, 0, 0, 0, 0, 0, 0, 0, 0, 0, 0, 0, 0, 0, 0, 0, 0, 0, 0, 0, 0, 0, 0, 0, 0, 0, 0, 0, 0, 0, 0, 0, 0, 0, 0, 0, 0, 0, 0, 0, 0, 0, 0, 0, 0, 0, 0, 0, 0, 0, 0, 0, 0, 0, 0, 0, 0, 0, 0, 0, 0, 0, 0, 0, 0, 0, 0, 0, 0, 0, 0, 0, 0, 0, 0, -0.00096527644, -0.00093127164, -0.00092495134, -0.000994693, -0.0010900481, -0.0011374395, -0.0012259191, -0.0013082987, -0.0013491996, -0.0014352518, -0.0015296288, -0.0016315742, -0.0016836332, -0.0017860201, -0.0018810347, -0.0019241058, -0.0019985451, -0.0020573766, -0.0020817537, -0.0021243577, -0.0021650004, -0.0022085705, -0.0022316123, -0.0022778693, -0.0023186144, -0.0023347437, -0.0023539076, -0.002352142, -0.002327083, -0.002306436, -0.0022525333, -0.0021891338, -0.0021565473, -0.0020930325, -0.0020321293, -0.0020016397, -0.0019371673, -0.0018640005, -0.001778543, -0.0017302961, -0.0016228061, -0.001501765, -0.0014369354, -0.0013015177, -0.0011637617, -0.001037675, -0.0009902458, -0.00096621295, 0, 0, 0, 0
0, 0, 0, 0, 0, 0, 0, 0, 0, 0, 0, 0, 0, 0, 0, 0, 0, 0, 0, 0, 0, 0, 0, 0, 0, 0, 0, 0, 0, 0, 0, 0, 0, 0, 0, 0, 0, 0, 0, 0, 0, 0, 0, 0, 0, 0, 0, 0, 0, 0, 0, 0, 0, 0, 0, 0, 0, 0, 0, 0, 0, 0, 0, 0, 0, 0, 0, 0, 0, 0, 0, 0, 0, 0, 0, 0, 0, 0, 0, 0, 0, 0, 0, 0, 0, 0, 0, 0, 0, 0, 0, 0, 0, 0, 0, 0, 0, 0, -0.001353059, -0.0012694368, -0.0011782573, -0.0012232367, -0.0013277385, -0.0013856034, -0.0015003864, -0.0016117134, -0.0016676837, -0.0017836645, -0.0019072026, -0.002035981, -0.0021004057, -0.0022254013, -0.0023397326, -0.0023912597, -0.002481223, -0.0025527712, -0.0025826117, -0.002634263, -0.0026807655, -0.0027264205, -0.0027492007, -0.0027921565, -0.0028269477, -0.0028396484, -0.0028515316, -0.0028425166, -0.0028106412, -0.0027870578, -0.0027280152, -0.0026602359, -0.0026253425, -0.0025554746, -0.0024842704, -0.0024472014, -0.0023667505, -0.0022747964, -0.0021678994, -0.0021080095, -0.001974645, -0.0018237691, -0.0017429412, -0.0015738122, -0.0014017401, -0.0012447435, -0.0011854073, -0.0011521585, 0, 0, 0, 0
0, 0, 0, 0, 0, 0, 0, 0, 0, 0, 0, 0, 0, 0, 0, 0, 0, 0, 0, 0, 0, 0, 0, 0, 0, 0, 0, 0, 0, 0, 0, 0, 0, 0, 0, 0, 0, 0, 0, 0, 0, 0, 0, 0, 0, 0, 0, 0, 0, 0, 0, 0, 0, 0, 0, 0, 0, 0, 0, 0, 0, 0, 0, 0, 0, 0, 0, 0, 0, 0, 0, 0, 0, 0, 0, 0, 0, 0, 0, 0, 0, 0, 0, 0, 0, 0, 0, 0, 0, 0, 0, 0, 0, 0, 0, 0, 0, 0, -0.0018059673, -0.0015971578, -0.0013837504, -0.001406033, -0.0015234549, -0.001593371, -0.001736773, -0.00187862, -0.0019493918, -0.0020927954, -0.0022397062, -0.0023871888, -0.002459649, -0.0025989115, -0.0027262112, -0.002784428, -0.0028880376, -0.0029744594, -0.0030118017, -0.0030772563, -0.003134029, -0.003184976, -0.003208016, -0.0032480198, -0.0032768478, -0.0032861729, -0.003293213, -0.0032826688, -0.003254248, -0.0032336898, -0.0031825972, -0.0031221497, -0.003089305, -0.003018423, -0.0029385919, -0.0028943443, -0.002795817, -0.0026829096, -0.0025547731, -0.0024846205, -0.0023310028, -0.0021603806, -0.0020698728, -0.0018812685, -0.0016907419, -0.0015233132, -0.00147008, -0.0015364658, -0.0020958735, 0, 0, 0
0, 0, 0, 0, 0, 0, 0, 0, 0, 0, 0, 0, 0, 0, 0, 0, 0, 0, 0, 0, 0, 0, 0, 0, 0, 0, 0, 0, 0, 0, 0, 0, 0, 0, 0, 0, 0, 0, 0, 0, 0, 0, 0, 0, 0, 0, 0, 0, 0, 0, 0, 0, 0, 0, 0, 0, 0, 0, 0, 0, 0, 0, 0, 0, 0, 0, 0, 0, 0, 0, 0, 0, 0, 0, 0, 0, 0, 0, 0, 0, 0, 0, 0, 0, 0, 0, 0, 0, 0, 0, 0, 0, 0, 0, 0, 0, 0, 0, 0, -0.0016492015, -0.0015203211, -0.0015405951, -0.0016721367, -0.0017543938, -0.0019271194, -0.0020999198, -0.0021854136, -0.002354477, -0.0025206802, -0.0026819152, -0.0027597505, -0.0029085765, -0.0030468171, -0.0031114698, -0.0032311734, -0.003337371, -0.0033852402, -0.0034713945, -0.0035451665, -0.0036066861, -0.0036324225, -0.0036731928, -0.003699283, -0.0037071828, -0.0037128844, -0.0037056694, -0.0036848113, -0.0036694144, -0.0036286982, -0.0035753648, -0.003543633, -0.0034682446, -0.003375298, -0.0033221336, -0.0032030402, -0.0030691288, -0.0029224327, -0.002844171, -0.0026770988, -0.002495917, -0.0024003563, -0.0022008298, -0.001994148, -0.0017987782, -0.001721876, -0.0016824197, -0.001862503, 0, 0, 0
0, 0, 0, 0, 0, 0, 0, 0, 0, 0, 0, 0, 0, 0, 0, 0, 0, 0, 0, 0, 0, 0, 0, 0, 0, 0, 0, 0, 0, 0, 0, 0, 0, 0, 0, 0, 0, 0, 0, 0, 0, 0, 0, 0, 0, 0, 0, 0, 0, 0, 0, 0, 0, 0, 0, 0, 0, 0, 0, 0, 0, 0, 0, 0, 0, 0, 0, 0, 0, 0, 0, 0, 0, 0, 0, 0, 0, 0, 0, 0, 0, 0, 0, 0, 0, 0, 0, 0, 0, 0, 0, 0, 0, 0, 0, 0, 0, 0, 0, -0.002091207, -0.0016768299, -0.0016260331, -0.0017581147, -0.0018514413, -0.0020548315, -0.002262116, -0.002364281, -0.0025629187, -0.0027520084, -0.0029297704, -0.0030142455, -0.0031753764, -0.003327073, -0.0033995945, -0.0035379936, -0.0036660414, -0.0037257115, -0.0038345642, -0.003927372, -0.00400189, -0.0040317033, -0.004076334, -0.0041027735, -0.0041104197, -0.004116628, -0.004112235, -0.004096077, -0.004083309, -0.0040470287, -0.003993791, -0.0039600446, -0.0038757238, -0.0037683095, -0.0037065705, -0.0035696954, -0.0034190018, -0.0032582774, -0.0031743504, -0.0029988303, -0.0028116903, -0.002713452, -0.0025059804, -0.002283122, -0.0020556594, -0.0019527363, -0.0018270217, -0.0018778817, 0, 0, 0
0, 0, 0, 0, 0, 0, 0, 0, 0, 0, 0, 0, 0, 0, 0, 0, 0, 0, 0, 0, 0, 0, 0, 0, 0, 0, 0, 0, 0, 0, 0, 0, 0, 0, 0, 0, 0, 0, 0, 0, 0, 0, 0, 0, 0, 0, 0, 0, 0, 0, 0, 0, 0, 0, 0, 0, 0, 0, 0, 0, 0, 0, 0, 0, 0, 0, 0, 0, 0, 0, 0, 0, 0, 0, 0, 0, 0, 0, 0, 0, 0, 0, 0, 0, 0, 0, 0, 0, 0, 0, 0, 0, 0, 0, 0, 0, 0, 0, 0, 0, -0.0016835138, -0.0016387082, -0.001777801, -0.0018840559, -0.0021241677, -0.0023726514, -0.0024948195, -0.002729917, -0.0029489934, -0.0031503115, -0.0032446177, -0.0034229006, -0.0035901384, -0.0036703951, -0.0038246473, -0.0039689587, -0.004036588, -0.004160477, -0.00426604, -0.0043496024, -0.0043825703, -0.004430775, -0.0044584936, -0.0044663693, -0.004472482, -0.00446769, -0.004451033, -0.004437888, -0.0043993187, -0.0043419614, -0.004305087, -0.0042130454, -0.0040964903, -0.00402988, -0.0038836624, -0.0037246724, -0.0035566888, -0.0034697026, -0.0032892176, -0.0030980026, -0.0029972214, -0.0027824284, -0.0025470094, -0.00230249, -0.0021930302, -0.0020944139, -0.002438924, -0.0028878236, 0, 0
0, 0, 0, 0, 0, 0, 0, 0, 0, 0, 0, 0, 0, 0, 0, 0, 0, 0, 0, 0, 0, 0, 0, 0, 0, 0, 0, 0, 0, 0, 0, 0, 0, 0, 0, 0, 0, 0, 0, 0, 0, 0, 0, 0, 0, 0, 0, 0, 0, 0, 0, 0, 0, 0, 0, 0, 0, 0, 0, 0, 0, 0, 0, 0, 0, 0, 0, 0, 0, 0, 0, 0, 0, 0, 0, 0, 0, 0, 0, 0, 0, 0, 0, 0, 0, 0, 0, 0, 0, 0, 0, 0, 0, 0, 0, 0, 0, 0, 0, 0, -0.0018227751, -0.0016288811, -0.0017706737, -0.0018944516, -0.0021776457, -0.0024693205, -0.002611505, -0.0028829274, -0.0031324434, -0.0033582922, -0.0034627882, -0.0036572735, -0.0038360162, -0.0039206054, -0.004080937, -0.0042289165, -0.0042977994, -0.004423797, -0.004531217, -0.004616469, -0.004650116, -0.0046996702, -0.004728209, -0.0047360947, -0.0047413646, -0.004734363, -0.0047145826, -0.004699483, -0.004657357, -0.004597095, -0.0045590694, -0.0044657746, -0.0043493533, -0.0042833188, -0.00413845, -0.0039805965, -0.0038127895, -0.0037251827, -0.003542647, -0.003347255, -0.0032434743, -0.0030200367, -0.0027716963, -0.0025070892, -0.0023816163, -0.0022133915, -0.0023027654, -0.0024424351, 0, 0
0, 0, 0, 0, 0, 0, 0, 0, 0, 0, 0, 0, 0, 0, 0, 0, 0, 0, 0, 0, 0, 0, 0, 0, 0, 0, 0, 0, 0, 0, 0, 0, 0, 0, 0, 0, 0, 0, 0, 0, 0, 0, 0, 0, 0, 0, 0, 0, 0, 0, 0, 0, 0, 0, 0, 0, 0, 0, 0, 0, 0, 0, 0, 0, 0, 0, 0, 0, 0, 0, 0, 0, 0, 0, 0, 0, 0, 0, 0, 0, 0, 0, 0, 0, 0, 0, 0, 0, 0, 0, 0, 0, 0, 0, 0, 0, 0, 0, 0, 0, -0.0015791958, -0.0015975841, -0.0018074054, -0.0019544351, -0.0022759503, -0.0025976931, -0.0027524228, -0.0030447827, -0.0033111093, -0.0035498843, -0.00365924, -0.003860069, -0.0040404736, -0.004124045, -0.0042795446, -0.004420209, -0.0044852914, -0.004603686, -0.0047053066, -0.004787048, -0.0048197843, -0.004868924, -0.0048980312, -0.0049060513, -0.0049108337, -0.004901849, -0.004879213, -0.004862844, -0.0048193764, -0.0047597266, -0.004723142, -0.0046347533, -0.004525357, -0.0044634445, -0.0043267724, -0.0041758227, -0.0040118443, -0.003924934, -0.0037404976, -0.0035399266, -0.0034324522, -0.0032003499, -0.0029422492, -0.002663788, -0.0025261776, -0.0023043565, -0.0022643076, -0.0023208284, 0, 0
0, 0, 0, 0, 0, 0, 0, 0, 0, 0, 0, 0, 0, 0, 0, 0, 0, 0, 0, 0, 0, 0, 0, 0, 0, 0, 0, 0, 0, 0, 0, 0, 0, 0, 0, 0, 0, 0, 0, 0, 0, 0, 0, 0, 0, 0, 0, 0, 0, 0, 0, 0, 0, 0, 0, 0, 0, 0, 0, 0, 0, 0, 0, 0, 0, 0, 0, 0, 0, 0, 0, 0, 0, 0, 0, 0, 0, 0, 0, 0, 0, 0, 0, 0, 0, 0, 0, 0, 0, 0, 0, 0, 0, 0, 0, 0, 0, 0, 0, 0, -0.0017982953, -0.0017782059, -0.0019802204, -0.0021279585, -0.0024510298, -0.0027708453, -0.0029234067, -0.0032102016, -0.003470235, -0.0037027115, -0.003808824, -0.0040027904, -0.0041749496, -0.00425388, -0.004399152, -0.0045295074, -0.004589542, -0.004699385, -0.0047946954, -0.0048728497, -0.004904864, -0.0049542743, -0.004984793, -0.0049933693, -0.0049987324, -0.0049889106, -0.00496477, -0.004947776, -0.0049035875, -0.004845544, -0.0048105954, -0.0047273054, -0.004624851, -0.004566643, -0.0044368063, -0.0042904974, -0.0041275714, -0.004039719, -0.0038505602, -0.0036431402, -0.0035324702, -0.0032957613, -0.0030386113, -0.0027686742, -0.0026392492, -0.0024539644, -0.0025747996, -0.0028858748, 0, 0
0, 0, 0, 0, 0, 0, 0, 0, 0, 0, 0, 0, 0, 0, 0, 0, 0, 0, 0, 0, 0, 0, 0, 0, 0, 0, 0, 0, 0, 0, 0, 0, 0, 0, 0, 0, 0, 0, 0, 0, 0, 0, 0, 0, 0, 0, 0, 0, 0, 0, 0, 0, 0, 0, 0, 0, 0, 0, 0, 0, 0, 0, 0, 0, 0, 0, 0, 0, 0, 0, 0, 0, 0, 0, 0, 0, 0, 0, 0, 0, 0, 0, 0, 0, 0, 0, 0, 0, 0, 0, 0, 0, 0, 0, 0, 0, 0, 0, 0, 0, -0.0022528626, -0.0021382158, -0.00226037, -0.0023801504, -0.0026602107, -0.0029456066, -0.0030826752, -0.0033412846, -0.0035773527, -0.0037898456, -0.003887447, -0.0040670806, -0.0042277393, -0.0043017706, -0.004438871, -0.004562831, -0.004620263, -0.0047261696, -0.004819268, -0.0048972005, -0.0049295574, -0.0049808663, -0.0050136847, -0.0050231917, -0.005029649, -0.005019429, -0.0049933963, -0.0049751215, -0.0049282108, -0.004867638, -0.0048318123, -0.004747356, -0.0046445853, -0.0045861416, -0.004455075, -0.004305215, -0.0041364953, -0.004044942, -0.00384816, -0.0036345797, -0.0035219896, -0.003285695, -0.0030353165, -0.0027772563, -0.0026535115, -0.0024630905, -0.0024805258, -0.0026180935, 0, 0
0, 0, 0, 0, 0, 0, 0, 0, 0, 0, 0, 0, 0, 0, 0, 0, 0, 0, 0, 0, 0, 0, 0, 0, 0, 0, 0, 0, 0, 0, 0, 0, 0, 0, 0, 0, 0, 0, 0, 0, 0, 0, 0, 0, 0, 0, 0, 0, 0, 0, 0, 0, 0, 0, 0, 0, 0, 0, 0, 0, 0, 0, 0, 0, 0, 0, 0, 0, 0, 0, 0, 0, 0, 0, 0, 0, 0, 0, 0, 0, 0, 0, 0, 0, 0, 0, 0, 0, 0, 0, 0, 0, 0, 0, 0, 0, 0, 0, 0, 0, -0.0028848723, -0.0025488744, -0.002512579, -0.0025842814, -0.0028005599, -0.0030427787, -0.0031619205, -0.0033897427, -0.003600575, -0.0037935455, -0.0038835362, -0.0040512504, -0.0042048674, -0.0042767483, -0.0044116382, -0.004535049, -0.004592596, -0.0046990043, -0.004792858, -0.004871711, -0.004904853, -0.0049575595, -0.0049916087, -0.005001609, -0.0050079324, -0.0049959705, -0.004966581, -0.0049457406, -0.0048925835, -0.0048243576, -0.0047844397, -0.00469149, -0.0045801313, -0.004517152, -0.004376931, -0.004217703, -0.0040399344, -0.003944358, -0.003741359, -0.0035245125, -0.0034115934, -0.0031766822, -0.0029289103, -0.0026698795, -0.0025406606, -0.00231344, -0.0022183799, -0.0022608587, 0, 0
0, 0, 0, 0, 0, 0, 0, 0, 0, 0, 0, 0, 0, 0, 0, 0, 0, 0, 0, 0, 0, 0, 0, 0, 0, 0, 0, 0, 0, 0, 0, 0, 0, 0, 0, 0, 0, 0, 0, 0, 0, 0, 0, 0, 0, 0, 0, 0, 0, 0, 0, 0, 0, 0, 0, 0, 0, 0, 0, 0, 0, 0, 0, 0, 0, 0, 0, 0, 0, 0, 0, 0, 0, 0, 0, 0, 0, 0, 0, 0, 0, 0, 0, 0, 0, 0, 0, 0, 0, 0, 0, 0, 0, 0, 0, 0, 0, 0, 0, 0, -0.0036605191, -0.0027701757, -0.0025656635, -0.002602016, -0.0027814868, -0.0030036955, -0.0031151762, -0.0033294281, -0.0035291063, -0.003713981, -0.003801118, -0.0039658295, -0.0041192076, -0.0041917986, -0.004328809, -0.004454295, -0.004512505, -0.004619371, -0.0047122594, -0.004789176, -0.004821163, -0.004871634, -0.004903337, -0.0049123126, -0.004915955, -0.00490101, -0.004867442, -0.0048439223, -0.0047837556, -0.00470642, -0.00466126, -0.0045576883, -0.00443572, -0.0043677757, -0.004218766, -0.0040524704, -0.003870149, -0.0037734248, -0.0035698002, -0.0033535957, -0.0032407527, -0.0030044971, -0.0027515895, -0.002481898, -0.002344057, -0.0020879982, -0.0019404067, -0.0019486473, 0, 0
0, 0, 0, 0, 0, 0, 0, 0, 0, 0, 0, 0, 0, 0, 0, 0, 0, 0, 0, 0, 0, 0, 0, 0, 0, 0, 0, 0, 0, 0, 0, 0, 0, 0, 0, 0, 0, 0, 0, 0, 0, 0, 0, 0, 0, 0, 0, 0, 0, 0, 0, 0, 0, 0, 0, 0, 0, 0, 0, 0, 0, 0, 0, 0, 0, 0, 0, 0, 0, 0, 0, 0, 0, 0, 0, 0, 0, 0, 0, 0, 0, 0, 0, 0, 0, 0, 0, 0, 0, 0, 0, 0, 0, 0, 0, 0, 0, 0, 0, 0, 0, -0.002500618, -0.002376367, -0.0024170442, -0.0026047474, -0.0028375492, -0.0029536402, -0.0031748917, -0.0033791175, -0.0035674965, -0.0036563452, -0.0038245446, -0.003980996, -0.0040551014, -0.004193972, -0.0043196, -0.0043769693, -0.004480084, -0.0045672646, -0.0046372167, -0.0046656206, -0.004709188, -0.0047351187, -0.0047415574, -0.0047415374, -0.0047238613, -0.0046881125, -0.00466335, -0.0045996755, -0.0045173718, -0.0044693914, -0.0043603024, -0.0042339987, -0.004164858, -0.0040151356, -0.0038508347, -0.0036725316, -0.0035781753, -0.003379397, -0.0031656965, -0.003052795, -0.0028130342, -0.0025531806, -0.0022746625, -0.0021321333, -0.0018646822, -0.0016979517, -0.001692517, 0, 0
0, 0, 0, 0, 0, 0, 0, 0, 0, 0, 0, 0, 0, 0, 0, 0, 0, 0, 0, 0, 0, 0, 0, 0, 0, 0, 0, 0, 0, 0, 0, 0, 0, 0, 0, 0, 0, 0, 0, 0, 0, 0, 0, 0, 0, 0, 0, 0, 0, 0, 0, 0, 0, 0, 0, 0, 0, 0, 0, 0, 0, 0, 0, 0, 0, 0, 0, 0, 0, 0, 0, 0, 0, 0, 0, 0, 0, 0, 0, 0, 0, 0, 0, 0, 0, 0, 0, 0, 0, 0, 0, 0, 0, 0, 0, 0, 0, 0, 0, 0, 0, -0.0024604793, -0.0021392093, -0.0021641036, -0.002358301, -0.0026075847, -0.0027315805, -0.0029658484, -0.0031801406, -0.0033760723, -0.0034677829, -0.0036401136, -0.0037986774, -0.003872869, -0.004010433, -0.0041324124, -0.0041870396, -0.004283226, -0.0043616397, -0.004422333, -0.0044462853, -0.004482056, -0.004502236, -0.004506819, -0.0045045144, -0.004486501, -0.0044518807, -0.0044278395, -0.004365488, -0.004284393, -0.0042370856, -0.0041302303, -0.0040083234, -0.003942366, -0.0038008324, -0.003646153, -0.003477759, -0.0033879972, -0.0031962395, -0.002986671, -0.0028744957, -0.0026349386, -0.0023759322, -0.0021017876, -0.0019629372, -0.0017028134, -0.0015322813, -0.001516493, 0, 0
0, 0, 0, 0, 0, 0, 0, 0, 0, 0, 0, 0, 0, 0, 0, 0, 0, 0, 0, 0, 0, 0, 0, 0, 0, 0, 0, 0, 0, 0, 0, 0, 0, 0, 0, 0, 0, 0, 0, 0, 0, 0, 0, 0, 0, 0, 0, 0, 0, 0, 0, 0, 0, 0, 0, 0, 0, 0, 0, 0, 0, 0, 0, 0, 0, 0, 0, 0, 0, 0, 0, 0, 0, 0, 0, 0, 0, 0, 0, 0, 0, 0, 0, 0, 0, 0, 0, 0, 0, 0, 0, 0, 0, 0, 0, 0, 0, 0, 0, 0, 0, -0.0019133514, -0.0018692552, -0.0019205449, -0.0021235642, -0.0023736139, -0.0024986095, -0.0027367447, -0.002955782, -0.0031557376, -0.0032490105, -0.003422969, -0.0035811998, -0.003654458, -0.0037888074, -0.0039061655, -0.0039581135, -0.004048106, -0.0041196286, -0.0041742083, -0.0041956794, -0.004227921, -0.004246856, -0.004251342, -0.004250056, -0.0042339875, -0.0042016003, -0.004178957, -0.0041196942, -0.004042265, -0.0039972863, -0.003896292, -0.003782786, -0.003721835, -0.003591191, -0.0034477802, -0.003289742, -0.0032047709, -0.0030215033, -0.0028198343, -0.0027117836, -0.0024822752, -0.0022385537, -0.0019876387, -0.0018636349, -0.0016376373, -0.0014988848, -0.0014911919, 0, 0
0, 0, 0, 0, 0, 0, 0, 0, 0, 0, 0, 0, 0, 0, 0, 0, 0, 0, 0, 0, 0, 0, 0, 0, 0, 0, 0, 0, 0, 0, 0, 0, 0, 0, 0, 0, 0, 0, 0, 0, 0, 0, 0, 0, 0, 0, 0, 0, 0, 0, 0, 0, 0, 0, 0, 0, 0, 0, 0, 0, 0, 0, 0, 0, 0, 0, 0, 0, 0, 0, 0, 0, 0, 0, 0, 0, 0, 0, 0, 0, 0, 0, 0, 0, 0, 0, 0, 0, 0, 0, 0, 0, 0, 0, 0, 0, 0, 0, 0, 0, 0, -0.0020009873, -0.0018048763, -0.0017987103, -0.0019350816, -0.0021556227, -0.0022727496, -0.002502416, -0.0027177602, -0.00291683, -0.0030099722, -0.0031838785, -0.003341336, -0.003413904, -0.0035464428, -0.0036616605, -0.003712588, -0.0038005612, -0.003870848, -0.003925216, -0.0039471914, -0.0039815665, -0.00400351, -0.0040095802, -0.004010858, -0.00399625, -0.0039646574, -0.003942284, -0.003884078, -0.0038086877, -0.0037653146, -0.0036689462, -0.0035620145, -0.0035048525, -0.003382521, -0.0032476792, -0.003098341, -0.0030179, -0.0028455553, -0.0026575406, -0.002557871, -0.0023492784, -0.0021328654, -0.0019175864, -0.0018151139, -0.0016435186, -0.0015980627, -0.0016856962, -0.002249761, 0
0, 0, 0, 0, 0, 0, 0, 0, 0, 0, 0, 0, 0, 0, 0, 0, 0, 0, 0, 0, 0, 0, 0, 0, 0, 0, 0, 0, 0, 0, 0, 0, 0, 0, 0, 0, 0, 0, 0, 0, 0, 0, 0, 0, 0, 0, 0, 0, 0, 0, 0, 0, 0, 0, 0, 0, 0, 0, 0, 0, 0, 0, 0, 0, 0, 0, 0, 0, 0, 0, 0, 0, 0, 0, 0, 0, 0, 0, 0, 0, 0, 0, 0, 0, 0, 0, 0, 0, 0, 0, 0, 0, 0, 0, 0, 0, 0, 0, 0, 0, 0, -0.002359364, -0.0017522011, -0.0016724606, -0.001747185, -0.0019434103, -0.0020531137, -0.0022716424, -0.0024797164, -0.002674318, -0.002766111, -0.002938564, -0.0030951304, -0.0031671976, -0.0032987422, -0.0034134428, -0.0034643319, -0.0035530548, -0.0036251952, -0.0036826557, -0.0037063882, -0.0037447063, -0.003770111, -0.003777525, -0.003780064, -0.0037651812, -0.0037323274, -0.003709341, -0.0036505908, -0.0035760594, -0.0035337238, -0.003440647, -0.0033384487, -0.0032840574, -0.0031678793, -0.0030398322, -0.0028987154, -0.0028233589, -0.002664093, -0.0024945098, -0.0024062207, -0.0022239804, -0.002037912, -0.0018545791, -0.0017674814, -0.0016188173, -0.001559622, -0.0015986089, -0.001822919, 0
0, 0, 0, 0, 0, 0, 0, 0, 0, 0, 0, 0, 0, 0, 0, 0, 0, 0, 0, 0, 0, 0, 0, 0, 0, 0, 0, 0, 0, 0, 0, 0, 0, 0, 0, 0, 0, 0, 0, 0, 0, 0, 0, 0, 0, 0, 0, 0, 0, 0, 0, 0, 0, 0, 0, 0, 0, 0, 0, 0, 0, 0, 0, 0, 0, 0, 0, 0, 0, 0, 0, 0, 0, 0, 0, 0, 0, 0, 0, 0, 0, 0, 0, 0, 0, 0, 0, 0, 0, 0, 0, 0, 0, 0, 0, 0, 0, 0, 0, 0, 0, 0, -0.0014187077, -0.0014244221, -0.001550031, -0.0017495822, -0.0018557555, -0.00206471, -0.0022629448, -0.0024493737, -0.0025378326, -0.0027046788, -0.0028560339, -0.00292554, -0.003051851, -0.0031616453, -0.0032105406, -0.0032965345, -0.0033676228, -0.0034250685, -0.003449106, -0.0034882452, -0.0035143138, -0.0035217302, -0.0035240569, -0.0035085261, -0.0034756605, -0.003453207, -0.0033968985, -0.0033267173, -0.003286993, -0.0032001312, -0.0031051815, -0.0030548044, -0.0029472962, -0.002828685, -0.002698378, -0.0026293604, -0.0024857104, -0.0023360793, -0.0022594302, -0.0021026435, -0.0019422398, -0.0017806884, -0.0017006244, -0.0015494821, -0.0014424255, -0.0014283544, -0.0015083025, 0
0, 0, 0, 0, 0, 0, 0, 0, 0, 0, 0, 0, 0, 0, 0, 0, 0, 0, 0, 0, 0, 0, 0, 0, 0, 0, 0, 0, 0, 0, 0, 0, 0, 0, 0, 0, 0, 0, 0, 0, 0, 0, 0, 0, 0, 0, 0, 0, 0, 0, 0, 0, 0, 0, 0, 0, 0, 0, 0, 0, 0, 0, 0, 0, 0, 0, 0, 0, 0, 0, 0, 0, 0, 0, 0, 0, 0, 0, 0, 0, 0, 0, 0, 0, 0, 0, 0, 0, 0, 0, 0, 0, 0, 0, 0, 0, 0, 0, 0, 0, 0, 0, -0.0013087837, -0.0013119553, -0.0014278422, -0.0016121971, -0.0017098776, -0.0019015556, -0.0020830925, -0.002253799, -0.0023349065, -0.0024873968, -0.0026245082, -0.0026867911, -0.0027985997, -0.0028945121, -0.0029371881, -0.003012527, -0.0030755845, -0.0031270864, -0.0031489292, -0.003184817, -0.0032091138, -0.0032161756, -0.003218841, -0.0032056207, -0.003177292, -0.0031579854, -0.003109867, -0.003049987, -0.0030160674, -0.002941678, -0.0028599207, -0.0028164675, -0.002723562, -0.002620208, -0.0025059439, -0.002445395, -0.0023196633, -0.0021898574, -0.002123728, -0.0019884894, -0.001848357, -0.001702741, -0.001628118, -0.001480036, -0.0013599768, -0.0013309413, -0.0013646755, 0
0, 0, 0, 0, 0, 0, 0, 0, 0, 0, 0, 0, 0, 0, 0, 0, 0, 0, 0, 0, 0, 0, 0, 0, 0, 0, 0, 0, 0, 0, 0, 0, 0, 0, 0, 0, 0, 0, 0, 0, 0, 0, 0, 0, 0, 0, 0, 0, 0, 0, 0, 0, 0, 0, 0, 0, 0, 0, 0, 0, 0, 0, 0, 0, 0, 0, 0, 0, 0, 0, 0, 0, 0, 0, 0, 0, 0, 0, 0, 0, 0, 0, 0, 0, 0, 0, 0, 0, 0, 0, 0, 0, 0, 0, 0, 0, 0, 0, 0, 0, 0, 0, -0.0013574823, -0.001330283, -0.0013891307, -0.0015305197, -0.0016110829, -0.0017729537, -0.0019279667, -0.0020734647, -0.0021421658, -0.002270226, -0.0023835532, -0.0024341778, -0.002523676, -0.0025992994, -0.0026326445, -0.0026923304, -0.0027431154, -0.002785826, -0.0028043475, -0.002835848, -0.002858775, -0.002866222, -0.0028718617, -0.0028642127, -0.00284416, -0.0028300434, -0.0027942075, -0.002748845, -0.002722827, -0.0026650052, -0.0026006836, -0.0025663238, -0.0024922537, -0.0024088535, -0.002315417, -0.002265323, -0.0021602265, -0.0020506466, -0.001994214, -0.0018771086, -0.0017532025, -0.0016216442, -0.0015538284, -0.0014220012, -0.0013325365, -0.0013362535, -0.0015704667, 0
0, 0, 0, 0, 0, 0, 0, 0, 0, 0, 0, 0, 0, 0, 0, 0, 0, 0, 0, 0, 0, 0, 0, 0, 0, 0, 0, 0, 0, 0, 0, 0, 0, 0, 0, 0, 0, 0, 0, 0, 0, 0, 0, 0, 0, 0, 0, 0, 0, 0, 0, 0, 0, 0, 0, 0, 0, 0, 0, 0, 0, 0, 0, 0, 0, 0, 0, 0, 0, 0, 0, 0, 0, 0, 0, 0, 0, 0, 0, 0, 0, 0, 0, 0, 0, 0, 0, 0, 0, 0, 0, 0, 0, 0, 0, 0, 0, 0, 0, 0, 0, 0, -0.0014926865, -0.0014026277, -0.0013688449, -0.001454148, -0.0015138659, -0.0016399383, -0.0017622994, -0.0018758733, -0.0019290544, -0.0020270164, -0.002112566, -0.0021503398, -0.0022168518, -0.0022731714, -0.0022983586, -0.0023446188, -0.002385743, -0.0024217265, -0.002437991, -0.0024669822, -0.0024901852, -0.0024988386, -0.0025085765, -0.0025073204, -0.0024958265, -0.0024867638, -0.0024626378, -0.0024309293, -0.0024123327, -0.002370049, -0.0023220398, -0.002296311, -0.002240423, -0.0021770552, -0.0021053543, -0.0020663925, -0.0019835625, -0.0018946385, -0.0018477268, -0.0017477098, -0.0016378994, -0.0015183953, -0.0014560939, -0.0013340648, -0.0012449019, -0.0012348322, -0.0013412966, 0
0, 0, 0, 0, 0, 0, 0, 0, 0, 0, 0, 0, 0, 0, 0, 0, 0, 0, 0, 0, 0, 0, 0, 0, 0, 0, 0, 0, 0, 0, 0, 0, 0, 0, 0, 0, 0, 0, 0, 0, 0, 0, 0, 0, 0, 0, 0, 0, 0, 0, 0, 0, 0, 0, 0, 0, 0, 0, 0, 0, 0, 0, 0, 0, 0, 0, 0, 0, 0, 0, 0, 0, 0, 0, 0, 0, 0, 0, 0, 0, 0, 0, 0, 0, 0, 0, 0, 0, 0, 0, 0, 0, 0, 0, 0, 0, 0, 0, 0, 0, 0, 0, -0.0015894723, -0.0013932957, -0.001277278, -0.0013255152, -0.0013694491, -0.001464635, -0.0015552245, -0.0016370512, -0.0016747944, -0.0017441891, -0.0018054788, -0.001832802, -0.0018825111, -0.0019266969, -0.0019475574, -0.001987341, -0.0020242725, -0.0020576487, -0.0020729979, -0.0021009496, -0.002124278, -0.0021335853, -0.002145808, -0.002148567, -0.0021423488, -0.0021365427, -0.0021201624, -0.0020974046, -0.0020837218, -0.002051923, -0.0020156135, -0.0019960592, -0.0019541264, -0.0019073512, -0.0018547336, -0.0018260741, -0.0017641542, -0.0016957838, -0.001658547, -0.0015761062, -0.0014817449, -0.0013756359, -0.0013190061, -0.0012033711, -0.0011023793, -0.0010708864, -0.0010851442, 0
0, 0, 0, 0, 0, 0, 0, 0, 0, 0, 0, 0, 0, 0, 0, 0, 0, 0, 0, 0, 0, 0, 0, 0, 0, 0, 0, 0, 0, 0, 0, 0, 0, 0, 0, 0, 0, 0, 0, 0, 0, 0, 0, 0, 0, 0, 0, 0, 0, 0, 0, 0, 0, 0, 0, 0, 0, 0, 0, 0, 0, 0, 0, 0, 0, 0, 0, 0, 0, 0, 0, 0, 0, 0, 0, 0, 0, 0, 0, 0, 0, 0, 0, 0, 0, 0, 0, 0, 0, 0, 0, 0, 0, 0, 0, 0, 0, 0, 0, 0, 0, 0, -0.0011622701, -0.0011196546, -0.0010891902, -0.0011353252, -0.0011695629, -0.0012401538, -0.0013037747, -0.0013591928, -0.0013846292, -0.0014321096, -0.0014760525, -0.001496756, -0.0015366065, -0.0015751546, -0.0015941601, -0.0016315115, -0.0016665569, -0.0016977183, -0.0017117016, -0.0017365293, -0.0017570847, -0.0017652523, -0.0017763361, -0.0017794385, -0.0017750168, -0.0017705179, -0.0017578339, -0.0017398706, -0.001728886, -0.0017035364, -0.0016750151, -0.0016600878, -0.0016291086, -0.0015958967, -0.0015592967, -0.0015394593, -0.001496188, -0.0014470968, -0.0014195299, -0.0013565752, -0.0012816665, -0.0011954183, -0.0011487458, -0.0010515791, -0.0009619989, -0.0009302973, -0.00092404214, 0
0, 0, 0, 0, 0, 0, 0, 0, 0, 0, 0, 0, 0, 0, 0, 0, 0, 0, 0, 0, 0, 0, 0, 0, 0, 0, 0, 0, 0, 0, 0, 0, 0, 0, 0, 0, 0, 0, 0, 0, 0, 0, 0, 0, 0, 0, 0, 0, 0, 0, 0, 0, 0, 0, 0, 0, 0, 0, 0, 0, 0, 0, 0, 0, 0, 0, 0, 0, 0, 0, 0, 0, 0, 0, 0, 0, 0, 0, 0, 0, 0, 0, 0, 0, 0, 0, 0, 0, 0, 0, 0, 0, 0, 0, 0, 0, 0, 0, 0, 0, 0, 0, -0.0011479405, -0.00093313865, -0.00073622836, -0.00070629653, -0.00071303087, -0.00073702505, -0.0007609895, -0.0007820033, -0.0007918236, -0.0008113607, -0.000831205, -0.000841221, -0.00086150854, -0.00088166975, -0.0008916203, -0.00090991275, -0.00092444493, -0.0009343835, -0.00093781255, -0.00094239047, -0.0009453544, -0.0009464629, -0.00094786, -0.0009477459, -0.0009463155, -0.0009451474, -0.0009419345, -0.00093697367, -0.00093371124, -0.00092599745, -0.000918501, -0.0009152229, -0.0009097806, -0.0009045545, -0.0008980813, -0.00089394004, -0.00088334706, -0.0008689101, -0.0008596046, -0.0008361919, -0.00080571196, -0.00076951424, -0.0007502922, -0.0007130492, -0.00068841205, -0.00068912015, -0.00074546854, -0.0008755455
0, 0, 0, 0, 0, 0, 0, 0, 0, 0, 0, 0, 0, 0, 0, 0, 0, 0, 0, 0, 0, 0, 0, 0, 0, 0, 0, 0, 0, 0, 0, 0, 0, 0, 0, 0, 0, 0, 0, 0, 0, 0, 0, 0, 0, 0, 0, 0, 0, 0, 0, 0, 0, 0, 0, 0, 0, 0, 0, 0, 0, 0, 0, 0, 0, 0, 0, 0, 0, 0, 0, 0, 0, 0, 0, 0, 0, 0, 0, 0, 0, 0, 0, 0, 0, 0, 0, 0, 0, 0, 0, 0, 0, 0, 0, 0, 0, 0, 0, 0, 0, 0, 0, -0.0005637122, -0.00051081897, -0.00049490883, -0.0004969101, -0.0005062516, -0.0005149992, -0.00052143564, -0.0005241224, -0.0005289548, -0.00053317647, -0.00053495466, -0.00053765543, -0.0005391388, -0.00053932023, -0.0005377183, -0.00053334015, -0.00052626425, -0.0005221494, -0.0005140846, -0.00050783524, -0.0005055516, -0.0005031516, -0.0005032341, -0.0005057204, -0.00050790113, -0.00051338325, -0.0005196353, -0.00052262965, -0.0005287159, -0.00053564186, -0.000539618, -0.0005484142, -0.00055728835, -0.00056436216, -0.0005669867, -0.0005701937, -0.00057033024, -0.00056886085, -0.000562455, -0.0005511485, -0.0005362201, -0.00052826945, -0.0005138167, -0.00050775555, -0.0005124927, -0.0005525717, -0.0006306323
0, 0, 0, 0, 0, 0, 0, 0, 0, 0, 0, 0, 0, 0, 0, 0, 0, 0, 0, 0, 0, 0, 0, 0, 0, 0, 0, 0, 0, 0, 0, 0, 0, 0, 0, 0, 0, 0, 0, 0, 0, 0, 0, 0, 0, 0, 0, 0, 0, 0, 0, 0, 0, 0, 0, 0, 0, 0, 0, 0, 0, 0, 0, 0, 0, 0, 0, 0, 0, 0, 0, 0, 0, 0, 0, 0, 0, 0, 0, 0, 0, 0, 0, 0, 0, 0, 0, 0, 0, 0, 0, 0, 0, 0, 0, 0, 0, 0, 0, 0, 0, 0, 0, -0.0003915524, -0.0003444576, -0.00031771432, -0.00031085778, -0.000301109, -0.000291588, -0.00028018263, -0.00027396606, -0.00026028018, -0.0002455241, -0.00023749997, -0.00022015056, -0.00020133672, -0.00019141931, -0.00017067624, -0.00014934105, -0.00012840457, -0.000118657066, -0.00010191557, -8.9660665e-05, -8.5391315e-05, -8.066768e-05, -8.109492e-05, -8.645569e-05, -9.098269e-05, -0.00010297819, -0.00011787166, -0.0001260569, -0.00014332245, -0.00016190307, -0.000171673, -0.00019181882, -0.00021170665, -0.00022999795, -0.00023843162, -0.00025394128, -0.00026772686, -0.00027378325, -0.00028380752, -0.00029108257, -0.00029638348, -0.00029912643, -0.0003059726, -0.0003186451, -0.00032990726, -0.000370941, -0.00043179738
0, 0, 0, 0, 0, 0, 0, 0, 0, 0, 0, 0, 0, 0, 0, 0, 0, 0, 0, 0, 0, 0, 0, 0, 0, 0, 0, 0, 0, 0, 0, 0, 0, 0, 0, 0, 0, 0, 0, 0, 0, 0, 0, 0, 0, 0, 0, 0, 0, 0, 0, 0, 0, 0, 0, 0, 0, 0, 0, 0, 0, 0, 0, 0, 0, 0, 0, 0, 0, 0, 0, 0, 0, 0, 0, 0, 0, 0, 0, 0, 0, 0, 0, 0, 0, 0, 0, 0, 0, 0, 0, 0, 0, 0, 0, 0, 0, 0, 0, 0, 0, 0, 0, -0.00028830706, -0.00022205901, -0.0001688081, -0.00014845925, -0.00011335679, -8.0607744e-05, -4.782803e-05, -3.1199794e-05, 2.5830948e-06, 3.702225e-05, 5.4476142e-05, 8.988975e-05, 0.00012545299, 0.00014299009, 0.00017701476, 0.00020888948, 0.00023740197, 0.00024997425, 0.00027118236, 0.0002866962, 0.00029230287, 0.00029944914, 0.00030103803, 0.00029696492, 0.0002927669, 0.00028025437, 0.00026318492, 0.00025318854, 0.00023103888, 0.00020623564, 0.00019304208, 0.00016535285, 0.00013693703, 0.000108471024, 9.436383e-05, 6.5970424e-05, 3.737819e-05, 2.3079625e-05, -5.3346803e-06, -3.3302123e-05, -6.13072e-05, -7.568318e-05, -0.000106055224, -0.00014109674, -0.00016196819, -0.00021407557, -0.00026945377
0, 0, 0, 0, 0, 0, 0, 0, 0, 0, 0, 0, 0, 0, 0, 0, 0, 0, 0, 0, 0, 0, 0, 0, 0, 0, 0, 0, 0, 0, 0, 0, 0, 0, 0, 0, 0, 0, 0, 0, 0, 0, 0, 0, 0, 0, 0, 0, 0, 0, 0, 0, 0, 0, 0, 0, 0, 0, 0, 0, 0, 0, 0, 0, 0, 0, 0, 0, 0, 0, 0, 0, 0, 0, 0, 0, 0, 0, 0, 0, 0, 0, 0, 0, 0, 0, 0, 0, 0, 0, 0, 0, 0, 0, 0, 0, 0, 0, 0, 0, 0, 0, 0, -0.00023294342, -0.00011342862, -3.3858625e-05, 2.327175e-07, 6.270998e-05, 0.00012083308, 0.00017666402, 0.0002040265, 0.00025777722, 0.00031004215, 0.00033562357, 0.00038553576, 0.0004330409, 0.00045566144, 0.0004977209, 0.00053535495, 0.0005679144, 0.0005823484, 0.00060707226, 0.0006263913, 0.0006340082, 0.0006454589, 0.00065162237, 0.0006522467, 0.0006503276, 0.0006416609, 0.00062693155, 0.000617397, 0.00059431506, 0.0005664103, 0.0005508629, 0.0005171107, 0.00048032968, 0.00044115106, 0.00042072166, 0.00037808638, 0.00033288394, 0.00030924953, 0.00026023245, 0.00020934988, 0.0001567265, 0.00012980647, 7.4396536e-05, 1.5468067e-05, -1.5972626e-05, -8.212165e-05, -0.00013573098
0, 0, 0, 0, 0, 0, 0, 0, 0, 0, 0, 0, 0, 0, 0, 0, 0, 0, 0, 0, 0, 0, 0, 0, 0, 0, 0, 0, 0, 0, 0, 0, 0, 0, 0, 0, 0, 0, 0, 0, 0, 0, 0, 0, 0, 0, 0, 0, 0, 0, 0, 0, 0, 0, 0, 0, 0, 0, 0, 0, 0, 0, 0, 0, 0, 0, 0, 0, 0, 0, 0, 0, 0, 0, 0, 0, 0, 0, 0, 0, 0, 0, 0, 0, 0, 0, 0, 0, 0, 0, 0, 0, 0, 0, 0, 0, 0, 0, 0, 0, 0, 0, 0, 0, 1.1277614e-05, 8.987445e-05, 0.00013354313, 0.00022038446, 0.000303143, 0.00038155672, 0.00041922115, 0.00049161434, 0.00056021276, 0.0005930398, 0.0006556895, 0.0007137663, 0.00074079545, 0.0007906167, 0.00083456235, 0.0008731686, 0.0008905317, 0.00092154095, 0.00094724714, 0.0009580654, 0.00097503996, 0.0009860253, 0.0009905095, 0.000990133, 0.000983691, 0.0009694487, 0.0009593422, 0.0009336172, 0.0009012422, 0.0008827325, 0.0008416138, 0.00079550146, 0.0007448786, 0.00071811036, 0.000661104, 0.0005995065, 0.0005668957, 0.00049816, 0.00042549195, 0.00034976727, 0.00031101616, 0.00023167382, 0.00014965654, 0.00010786098, 2.741346e-05, -2.5566056e-05
0, 0, 0, 0, 0, 0, 0, 0, 0, 0, 0, 0, 0, 0, 0, 0, 0, 0, 0, 0, 0, 0, 0, 0, 0, 0, 0, 0, 0, 0, 0, 0, 0, 0, 0, 0, 0, 0, 0, 0, 0, 0, 0, 0, 0, 0, 0, 0, 0, 0, 0, 0, 0, 0, 0, 0, 0, 0, 0, 0, 0, 0, 0, 0, 0, 0, 0, 0, 0, 0, 0, 0, 0, 0, 0, 0, 0, 0, 0, 0, 0, 0, 0, 0, 0, 0, 0, 0, 0, 0, 0, 0, 0, 0, 0, 0, 0, 0, 0, 0, 0, 0, 0, 0, 0.00011222849, 0.00019362225, 0.000244679, 0.00035082578, 0.00045445358, 0.00055275165, 0.00059980166, 0.0006896213, 0.0007739308, 0.0008139462, 0.00089001213, 0.00096030405, 0.0009930714, 0.0010538122, 0.001107985, 0.0011564085, 0.0011785234, 0.001218358, 0.001251475, 0.0012652717, 0.0012866379, 0.0012995836, 0.0013037596, 0.001302488, 0.0012929012, 0.001273868, 0.0012608849, 0.0012286181, 0.001188794, 0.0011662928, 0.0011166597, 0.001061173, 0.0010002422, 0.00096775347, 0.00089875667, 0.00082390767, 0.0007842379, 0.00070035126, 0.00061110454, 0.00051731296, 0.00046904656, 0.00036967685, 0.00026713143, 0.00021567597, 0.00012104215, 6.747666e-05
0, 0, 0, 0, 0, 0, 0, 0, 0, 0, 0, 0, 0, 0, 0, 0, 0, 0, 0, 0, 0, 0, 0, 0, 0, 0, 0, 0, 0, 0, 0, 0, 0, 0, 0, 0, 0, 0, 0, 0, 0, 0, 0, 0, 0, 0, 0, 0, 0, 0, 0, 0, 0, 0, 0, 0, 0, 0, 0, 0, 0, 0, 0, 0, 0, 0, 0, 0, 0, 0, 0, 0, 0, 0, 0, 0, 0, 0, 0, 0, 0, 0, 0, 0, 0, 0, 0, 0, 0, 0, 0, 0, 0, 0, 0, 0, 0, 0, 0, 0, 0, 0, 0, 0, 0.00019506233, 0.00027866074, 0.00033461588, 0.0004541438, 0.00057279656, 0.00068631064, 0.00074088015, 0.0008456052, 0.0009443695, 0.0009914124, 0.0010810685, 0.0011644633, 0.0012036976, 0.0012771139, 0.0013434585, 0.0014026378, 0.0014294488, 0.0014768782, 0.0015150189, 0.0015302383, 0.0015527286, 0.0015643453, 0.0015651244, 0.0015614425, 0.001546226, 0.0015206834, 0.0015043492, 0.0014653603, 0.001418814, 0.0013929585, 0.0013364605, 0.0012737195, 0.0012049967, 0.0011684254, 0.0010908596, 0.0010070824, 0.0009628442, 0.00086956646, 0.0007701912, 0.0006652403, 0.0006107061, 0.000497528, 0.00037939925, 0.00032001198, 0.00021277955, 0.00015711634
0, 0, 0, 0, 0, 0, 0, 0, 0, 0, 0, 0, 0, 0, 0, 0, 0, 0, 0, 0, 0, 0, 0, 0, 0, 0, 0, 0, 0, 0, 0, 0, 0, 0, 0, 0, 0, 0, 0, 0, 0, 0, 0, 0, 0, 0, 0, 0, 0, 0, 0, 0, 0, 0, 0, 0, 0, 0, 0, 0, 0, 0, 0, 0, 0, 0, 0, 0, 0, 0, 0, 0, 0, 0, 0, 0, 0, 0, 0, 0, 0, 0, 0, 0, 0, 0, 0, 0, 0, 0, 0, 0, 0, 0, 0, 0, 0, 0, 0, 0, 0, 0, 0, 0, 0.00026861412, 0.00035167034, 0.0004097923, 0.0005360759, 0.00066292024, 0.0007857734, 0.0008453901, 0.00096082984, 0.0010704029, 0.0011228999, 0.0012231447, 0.0013169212, 0.0013612469, 0.0014444196, 0.0015195055, 0.0015855907, 0.001614986, 0.0016657256, 0.0017050003, 0.0017200792, 0.0017412672, 0.0017509144, 0.0017495066, 0.0017446965, 0.0017273978, 0.0017002679, 0.0016832463, 0.0016431864, 0.0015953719, 0.0015686771, 0.0015098229, 0.0014437386, 0.0013707964, 0.0013318718, 0.0012492415, 0.0011601731, 0.0011132411, 0.0010147073, 0.00091006677, 0.0007994345, 0.0007416985, 0.0006213185, 0.00049545156, 0.00043273583, 0.00032255874, 0.00027106627
0, 0, 0, 0, 0, 0, 0, 0, 0, 0, 0, 0, 0, 0, 0, 0, 0, 0, 0, 0, 0, 0, 0, 0, 0, 0, 0, 0, 0, 0, 0, 0, 0, 0, 0, 0, 0, 0, 0, 0, 0, 0, 0, 0, 0, 0, 0, 0, 0, 0, 0, 0, 0, 0, 0, 0, 0, 0, 0, 0, 0, 0, 0, 0, 0, 0, 0, 0, 0, 0, 0, 0, 0, 0, 0, 0, 0, 0, 0, 0, 0, 0, 0, 0, 0, 0, 0, 0, 0, 0, 0, 0, 0, 0, 0, 0, 0, 0, 0, 0, 0, 0, 0, 0, 0.00034253375, 0.0004154471, 0.00047102122, 0.0005962314, 0.0007251952, 0.00085230905, 0.0009146579, 0.0010357801, 0.0011513337, 0.0012066792, 0.0013121769, 0.0014104745, 0.0014567686, 0.0015432367, 0.0016205822, 0.0016877064, 0.0017171438, 0.0017673306, 0.0018057171, 0.0018204453, 0.0018414359, 0.0018519412, 0.0018528536, 0.0018498992, 0.0018372482, 0.0018157429, 0.0018017523, 0.0017675377, 0.0017247136, 0.0016999869, 0.0016438313, 0.0015785901, 0.0015051136, 0.0014654492, 0.0013807188, 0.0012891056, 0.0012407093, 0.0011389279, 0.001030951, 0.00091700174, 0.00085772155, 0.0007343474, 0.00060697657, 0.0005455501, 0.00045042, 0.0004713168
0, 0, 0, 0, 0, 0, 0, 0, 0, 0, 0, 0, 0, 0, 0, 0, 0, 0, 0, 0, 0, 0, 0, 0, 0, 0, 0, 0, 0, 0, 0, 0, 0, 0, 0, 0, 0, 0, 0, 0, 0, 0, 0, 0, 0, 0, 0, 0, 0, 0, 0, 0, 0, 0, 0, 0, 0, 0, 0, 0, 0, 0, 0, 0, 0, 0, 0, 0, 0, 0, 0, 0, 0, 0, 0, 0, 0, 0, 0, 0, 0, 0, 0, 0, 0, 0, 0, 0, 0, 0, 0, 0, 0, 0, 0, 0, 0, 0, 0, 0, 0, 0, 0, 0, 0.0004168321, 0.00045675877, 0.0005039328, 0.0006226643, 0.0007517624, 0.0008811476, 0.0009447845, 0.001068466, 0.0011858614, 0.0012417258, 0.0013473736, 0.0014446261, 0.0014900179, 0.0015739192, 0.0016483399, 0.0017127679, 0.0017410852, 0.0017899737, 0.0018286738, 0.0018442887, 0.0018685445, 0.0018839958, 0.0018915061, 0.0018923919, 0.0018883224, 0.0018759492, 0.0018664721, 0.0018406217, 0.0018050955, 0.0017834149, 0.0017320222, 0.0016701659, 0.0015986232, 0.0015595425, 0.0014752025, 0.0013830891, 0.0013341137, 0.0012308421, 0.0011206431, 0.0010040234, 0.00094326446, 0.00081657316, 0.0006848417, 0.0006198803, 0.00050880364, 0.00046712792
0, 0, 0, 0, 0, 0, 0, 0, 0, 0, 0, 0, 0, 0, 0, 0, 0, 0, 0, 0, 0, 0, 0, 0, 0, 0, 0, 0, 0, 0, 0, 0, 0, 0, 0, 0, 0, 0, 0, 0, 0, 0, 0, 0, 0, 0, 0, 0, 0, 0, 0, 0, 0, 0, 0, 0, 0, 0, 0, 0, 0, 0, 0, 0, 0, 0, 0, 0, 0, 0, 0, 0, 0, 0, 0, 0, 0, 0, 0, 0, 0, 0, 0, 0, 0, 0, 0, 0, 0, 0, 0, 0, 0, 0, 0, 0, 0, 0, 0, 0, 0, 0, 0, 0, 0.0004569362, 0.00044376115, 0.00048520567, 0.00060409674, 0.0007371055, 0.00086957455, 0.00093412417, 0.00105851, 0.0011751135, 0.0012300783, 0.0013329217, 0.0014263483, 0.0014695211, 0.0015488634, 0.0016191904, 0.0016808306, 0.0017085869, 0.0017580412, 0.001799623, 0.001817454, 0.001847169, 0.001869157, 0.0018836686, 0.0018881353, 0.0018909922, 0.0018850233, 0.0018784376, 0.0018577565, 0.001826516, 0.0018068152, 0.0017591654, 0.0017007069, 0.0016321262, 0.0015943312, 0.0015122058, 0.0014218997, 0.0013736896, 0.0012713347, 0.0011612849, 0.0010437425, 0.000981935, 0.0008519711, 0.0007136905, 0.0006430957, 0.00051165663, 0.0004310599
0, 0, 0, 0, 0, 0, 0, 0, 0, 0, 0, 0, 0, 0, 0, 0, 0, 0, 0, 0, 0, 0, 0, 0, 0, 0, 0, 0, 0, 0, 0, 0, 0, 0, 0, 0, 0, 0, 0, 0, 0, 0, 0, 0, 0, 0, 0, 0, 0, 0, 0, 0, 0, 0, 0, 0, 0, 0, 0, 0, 0, 0, 0, 0, 0, 0, 0, 0, 0, 0, 0, 0, 0, 0, 0, 0, 0, 0, 0, 0, 0, 0, 0, 0, 0, 0, 0, 0, 0, 0, 0, 0, 0, 0, 0, 0, 0, 0, 0, 0, 0, 0, 0, 0, 0.0003099521, 0.0003643883, 0.0004189061, 0.00055102486, 0.0006897673, 0.00082390517, 0.0008882436, 0.001010684, 0.0011239764, 0.0011770861, 0.001275981, 0.0013652695, 0.0014064796, 0.0014823745, 0.0015503746, 0.0016112615, 0.0016392904, 0.0016908065, 0.001735834, 0.0017556495, 0.0017895439, 0.0018155822, 0.001833363, 0.0018390365, 0.0018435745, 0.0018383662, 0.0018319119, 0.0018112586, 0.001780407, 0.0017612963, 0.0017157104, 0.0016603462, 0.0015955872, 0.0015597965, 0.0014818587, 0.0013957382, 0.001349634, 0.001251362, 0.0011449542, 0.0010300579, 0.0009691376, 0.0008395904, 0.0006997715, 0.00062723097, 0.0004886132, 0.0003963901
0, 0, 0, 0, 0, 0, 0, 0, 0, 0, 0, 0, 0, 0, 0, 0, 0, 0, 0, 0, 0, 0, 0, 0, 0, 0, 0, 0, 0, 0, 0, 0, 0, 0, 0, 0, 0, 0, 0, 0, 0, 0, 0, 0, 0, 0, 0, 0, 0, 0, 0, 0, 0, 0, 0, 0, 0, 0, 0, 0, 0, 0, 0, 0, 0, 0, 0, 0, 0, 0, 0, 0, 0, 0, 0, 0, 0, 0, 0, 0, 0, 0, 0, 0, 0, 0, 0, 0, 0, 0, 0, 0, 0, 0, 0, 0, 0, 0, 0, 0, 0, 0, 0, 0, 0.00025264025, 0.000307145, 0.00036199504, 0.0004930445, 0.0006282946, 0.00075705035, 0.0008182735, 0.0009340479, 0.0010408545, 0.0010910128, 0.0011845661, 0.0012696676, 0.00130921, 0.001382689, 0.0014492543, 0.0015098259, 0.0015380288, 0.001590261, 0.0016361556, 0.001656358, 0.0016906557, 0.0017162992, 0.0017328598, 0.0017375747, 0.0017396794, 0.0017318561, 0.0017242004, 0.001701894, 0.0016709751, 0.001652545, 0.0016097833, 0.0015591409, 0.0015002291, 0.0014676136, 0.0013961556, 0.0013164112, 0.0012734707, 0.001181584, 0.0010813833, 0.0009723815, 0.00091427, 0.00079021725, 0.0006558485, 0.00058611383, 0.00045203458, 0.00036098712
0, 0, 0, 0, 0, 0, 0, 0, 0, 0, 0, 0, 0, 0, 0, 0, 0, 0, 0, 0, 0, 0, 0, 0, 0, 0, 0, 0, 0, 0, 0, 0, 0, 0, 0, 0, 0, 0, 0, 0, 0, 0, 0, 0, 0, 0, 0, 0, 0, 0, 0, 0, 0, 0, 0, 0, 0, 0, 0, 0, 0, 0, 0, 0, 0, 0, 0, 0, 0, 0, 0, 0, 0, 0, 0, 0, 0, 0, 0, 0, 0, 0, 0, 0, 0, 0, 0, 0, 0, 0, 0, 0, 0, 0, 0, 0, 0, 0, 0, 0, 0, 0, 0, 0, 0.00023228143, 0.00027878495, 0.0003272248, 0.00044444064, 0.0005654915, 0.0006806065, 0.00073538, 0.00083928555, 0.0009360282, 0.0009816762, 0.0010676916, 0.0011467666, 0.001183765, 0.0012530432, 0.0013161357, 0.0013735351, 0.0014002678, 0.001449463, 0.0014924463, 0.0015111997, 0.0015426475, 0.0015655005, 0.0015794372, 0.0015829784, 0.0015833084, 0.0015747515, 0.0015673169, 0.0015465732, 0.0015190243, 0.0015028714, 0.001465921, 0.0014224234, 0.0013714518, 0.0013428649, 0.0012793313, 0.0012070287, 0.0011675901, 0.0010823575, 0.0009887634, 0.0008867336, 0.0008323644, 0.0007166592, 0.00059201446, 0.0005275106, 0.00040342964, 0.0003176569
0, 0, 0, 0, 0, 0, 0, 0, 0, 0, 0, 0, 0, 0, 0, 0, 0, 0, 0, 0, 0, 0, 0, 0, 0, 0, 0, 0, 0, 0, 0, 0, 0, 0, 0, 0, 0, 0, 0, 0, 0, 0, 0, 0, 0, 0, 0, 0, 0, 0, 0, 0, 0, 0, 0, 0, 0, 0, 0, 0, 0, 0, 0, 0, 0, 0, 0, 0, 0, 0, 0, 0, 0, 0, 0, 0, 0, 0, 0, 0, 0, 0, 0, 0, 0, 0, 0, 0, 0, 0, 0, 0, 0, 0, 0, 0, 0, 0, 0, 0, 0, 0, 0, 0, 0.00023257158, 0.00026660107, 0.00030537884, 0.00040154712, 0.00050221017, 0.0005989583, 0.0006454245, 0.0007345937, 0.00081873254, 0.0008589078, 0.0009350568, 0.0010053593, 0.0010383645, 0.0010999688, 0.001155723, 0.0012059483, 0.0012290989, 0.0012716238, 0.0013086986, 0.0013250262, 0.0013527758, 0.0013737084, 0.0013873877, 0.001391513, 0.0013942473, 0.0013899233, 0.0013852197, 0.0013709284, 0.0013505624, 0.0013381755, 0.0013088679, 0.0012729525, 0.0012295442, 0.0012046903, 0.0011481828, 0.0010824328, 0.0010460584, 0.0009666017, 0.0008790067, 0.0007838303, 0.0007334949, 0.0006272494, 0.0005139377, 0.00045548147, 0.00034265494, 0.00026268873
0, 0, 0, 0, 0, 0, 0, 0, 0, 0, 0, 0, 0, 0, 0, 0, 0, 0, 0, 0, 0, 0, 0, 0, 0, 0, 0, 0, 0, 0, 0, 0, 0, 0, 0, 0, 0, 0, 0, 0, 0, 0, 0, 0, 0, 0, 0, 0, 0, 0, 0, 0, 0, 0, 0, 0, 0, 0, 0, 0, 0, 0, 0, 0, 0, 0, 0, 0, 0, 0, 0, 0, 0, 0, 0, 0, 0, 0, 0, 0, 0, 0, 0, 0, 0, 0, 0, 0, 0, 0, 0, 0, 0, 0, 0, 0, 0, 0, 0, 0, 0, 0, 0, 0, 0.0002505837, 0.00025429798, 0.00027786545, 0.0003490702, 0.00042967524, 0.00050920295, 0.0005479008, 0.0006230391, 0.00069492497, 0.00072943425, 0.00079518463, 0.00085585355, 0.0008841709, 0.0009363999, 0.0009828691, 0.0010239771, 0.0010427217, 0.001077041, 0.0011075349, 0.0011213977, 0.0011462538, 0.0011668904, 0.0011828124, 0.0011888829, 0.001196909, 0.0011993755, 0.0011983925, 0.0011918643, 0.0011788444, 0.0011698469, 0.0011465317, 0.0011158668, 0.00107721, 0.0010547403, 0.0010030769, 0.0009422596, 0.0009084994, 0.0008346647, 0.0007536547, 0.00066650624, 0.0006208515, 0.00052531646, 0.00042429595, 0.0003722133, 0.00027088355, 0.00019653414
0, 0, 0, 0, 0, 0, 0, 0, 0, 0, 0, 0, 0, 0, 0, 0, 0, 0, 0, 0, 0, 0, 0, 0, 0, 0, 0, 0, 0, 0, 0, 0, 0, 0, 0, 0, 0, 0, 0, 0, 0, 0, 0, 0, 0, 0, 0, 0, 0, 0, 0, 0, 0, 0, 0, 0, 0, 0, 0, 0, 0, 0, 0, 0, 0, 0, 0, 0, 0, 0, 0, 0, 0, 0, 0, 0, 0, 0, 0, 0, 0, 0, 0, 0, 0, 0, 0, 0, 0, 0, 0, 0, 0, 0, 0, 0, 0, 0, 0, 0, 0, 0, 0, 0, 0.00028458904, 0.0002082383, 0.00021644222, 0.0002707511, 0.0003392959, 0.00040752548, 0.0004407632, 0.00050541415, 0.00056754966, 0.00059747614, 0.0006545711, 0.0007072399, 0.000731625, 0.00077622064, 0.0008151746, 0.0008488921, 0.00086403545, 0.0008915442, 0.0009163995, 0.00092807616, 0.0009502171, 0.00097024674, 0.0009873254, 0.0009944648, 0.0010054837, 0.0010115547, 0.0010124667, 0.0010094886, 0.0009995427, 0.0009917971, 0.0009707354, 0.0009420835, 0.0009058662, 0.0008848965, 0.0008372111, 0.00078171433, 0.00075115915, 0.00068496447, 0.00061302545, 0.0005364061, 0.0004965006, 0.0004133503, 0.00032553312, 0.000280151, 0.00019064102, 0.00012181991
0, 0, 0, 0, 0, 0, 0, 0, 0, 0, 0, 0, 0, 0, 0, 0, 0, 0, 0, 0, 0, 0, 0, 0, 0, 0, 0, 0, 0, 0, 0, 0, 0, 0, 0, 0, 0, 0, 0, 0, 0, 0, 0, 0, 0, 0, 0, 0, 0, 0, 0, 0, 0, 0, 0, 0, 0, 0, 0, 0, 0, 0, 0, 0, 0, 0, 0, 0, 0, 0, 0, 0, 0, 0, 0, 0, 0, 0, 0, 0, 0, 0, 0, 0, 0, 0, 0, 0, 0, 0, 0, 0, 0, 0, 0, 0, 0, 0, 0, 0, 0, 0, 0, 0, 0, 8.4647094e-05, 0.00010735624, 0.00016956843, 0.00023534964, 0.0002977732, 0.00032762345, 0.00038520832, 0.00044038313, 0.00046703906, 0.0005179664, 0.000565124, 0.00058695354, 0.0006269097, 0.00066159654, 0.0006911427, 0.00070415915, 0.0007275397, 0.00074822846, 0.0007579195, 0.00077622244, 0.0007928347, 0.00080685236, 0.0008125308, 0.0008207031, 0.00082381506, 0.00082322943, 0.000817446, 0.00080529385, 0.0007968492, 0.0007752024, 0.00074746035, 0.0007140453, 0.00069520593, 0.0006533853, 0.00060589815, 0.00058014155, 0.00052481605, 0.00046490412, 0.00040097945, 0.000367564, 0.00029774656, 0.00022340508, 0.00018467019, 0.000106972584, 4.3438893e-05
0, 0, 0, 0, 0, 0, 0, 0, 0, 0, 0, 0, 0, 0, 0, 0, 0, 0, 0, 0, 0, 0, 0, 0, 0, 0, 0, 0, 0, 0, 0, 0, 0, 0, 0, 0, 0, 0, 0, 0, 0, 0, 0, 0, 0, 0, 0, 0, 0, 0, 0, 0, 0, 0, 0, 0, 0, 0, 0, 0, 0, 0, 0, 0, 0, 0, 0, 0, 0, 0, 0, 0, 0, 0, 0, 0, 0, 0, 0, 0, 0, 0, 0, 0, 0, 0, 0, 0, 0, 0, 0, 0, 0, 0, 0, 0, 0, 0, 0, 0, 0, 0, 0, 0, 0, -1.3490402e-05, 1.1813607e-05, 7.342252e-05, 0.00013475487, 0.00019148916, 0.00021835731, 0.00026987283, 0.00031917324, 0.00034294813, 0.00038860415, 0.00043116338, 0.00045100233, 0.00048753998, 0.0005194617, 0.0005466049, 0.0005584467, 0.0005792806, 0.000596638, 0.0006042021, 0.00061736966, 0.00062778796, 0.0006349765, 0.0006371149, 0.0006380152, 0.0006339996, 0.00063006044, 0.0006185353, 0.0006025004, 0.0005929563, 0.00057124085, 0.00054624275, 0.00051802123, 0.00050270377, 0.00046951283, 0.00043261886, 0.00041278906, 0.00037004738, 0.00032323194, 0.00027233834, 0.00024536412, 0.00018833776, 0.00012676675, 9.425144e-05, 2.747209e-05, -3.13222e-05
0, 0, 0, 0, 0, 0, 0, 0, 0, 0, 0, 0, 0, 0, 0, 0, 0, 0, 0, 0, 0, 0, 0, 0, 0, 0, 0, 0, 0, 0, 0, 0, 0, 0, 0, 0, 0, 0, 0, 0, 0, 0, 0, 0, 0, 0, 0, 0, 0, 0, 0, 0, 0, 0, 0, 0, 0, 0, 0, 0, 0, 0, 0, 0, 0, 0, 0, 0, 0, 0, 0, 0, 0, 0, 0, 0, 0, 0, 0, 0, 0, 0, 0, 0, 0, 0, 0, 0, 0, 0, 0, 0, 0, 0, 0, 0, 0, 0, 0, 0, 0, 0, 0, 0, 0, -8.505292e-05, -5.9939583e-05, -3.4932525e-06, 5.0314273e-05, 9.940381e-05, 0.00012257103, 0.00016689126, 0.0002091074, 0.00022946506, 0.00026864887, 0.0003052716, 0.00032241803, 0.00035414865, 0.00038214336, 0.00040614963, 0.0004166911, 0.0004346799, 0.0004485755, 0.00045398143, 0.0004617737, 0.0004655101, 0.00046546265, 0.0004639599, 0.00045808346, 0.00044838153, 0.00044218652, 0.00042761728, 0.00041082027, 0.0004018477, 0.00038310187, 0.0003633963, 0.00034231902, 0.00033113654, 0.00030718773, 0.00028062097, 0.00026621888, 0.00023478949, 0.00019944883, 0.0001598978, 0.00013859438, 9.287015e-05, 4.269403e-05, 1.5771468e-05, -4.1474646e-05, -9.660663e-05
0, 0, 0, 0, 0, 0, 0, 0, 0, 0, 0, 0, 0, 0, 0, 0, 0, 0, 0, 0, 0, 0, 0, 0, 0, 0, 0, 0, 0, 0, 0, 0, 0, 0, 0, 0, 0, 0, 0, 0, 0, 0, 0, 0, 0, 0, 0, 0, 0, 0, 0, 0, 0, 0, 0, 0, 0, 0, 0, 0, 0, 0, 0, 0, 0, 0, 0, 0, 0, 0, 0, 0, 0, 0, 0, 0, 0, 0, 0, 0, 0, 0, 0, 0, 0, 0, 0, 0, 0, 0, 0, 0, 0, 0, 0, 0, 0, 0, 0, 0, 0, 0, 0, 0, 0, -0.00013791467, -0.000113008835, -6.171656e-05, -1.6008213e-05, 2.4495452e-05, 4.3355398e-05, 7.9049474e-05, 0.000112585876, 0.00012860399, 0.00015937265, 0.00018803778, 0.00020150011, 0.00022646101, 0.00024857357, 0.00026770702, 0.0002761206, 0.00029018716, 0.00030023602, 0.00030366817, 0.0003070717, 0.00030615798, 0.00030163972, 0.00029826898, 0.0002896483, 0.00027910707, 0.00027320572, 0.00026076272, 0.00024777217, 0.00024120687, 0.00022798307, 0.0002144415, 0.00019997297, 0.0001921594, 0.00017503375, 0.00015561824, 0.00014486199, 0.0001211781, 9.41088e-05, 6.345859e-05, 4.682641e-05, 1.0983663e-05, -2.8902938e-05, -5.0847724e-05, -9.983354e-05, -0.00015215472
0, 0, 0, 0, 0, 0, 0, 0, 0, 0, 0, 0, 0, 0, 0, 0, 0, 0, 0, 0, 0, 0, 0, 0, 0, 0, 0, 0, 0, 0, 0, 0, 0, 0, 0, 0, 0, 0, 0, 0, 0, 0, 0, 0, 0, 0, 0, 0, 0, 0, 0, 0, 0, 0, 0, 0, 0, 0, 0, 0, 0, 0, 0, 0, 0, 0, 0, 0, 0, 0, 0, 0, 0, 0, 0, 0, 0, 0, 0, 0, 0, 0, 0, 0, 0, 0, 0, 0, 0, 0, 0, 0, 0, 0, 0, 0, 0, 0, 0, 0, 0, 0, 0, 0, 0, -0.00018129089, -0.00015624482, -0.000109002125, -7.033637e-05, -3.781309e-05, -2.3079941e-05, 4.0378286e-06, 2.8625296e-05, 4.013412e-05, 6.189287e-05, 8.1921426e-05, 9.12873e-05, 0.00010868271, 0.00012408827, 0.00013743702, 0.0001433058, 0.0001529959, 0.00015948193, 0.00016136708, 0.00016223165, 0.00015963118, 0.00015429038, 0.00015093398, 0.00014336877, 0.00013540254, 0.00013141424, 0.00012348553, 0.00011571339, 0.000111784895, 0.00010348778, 9.4188865e-05, 8.339942e-05, 7.7230456e-05, 6.327213e-05, 4.7205136e-05, 3.8367474e-05, 1.9030025e-05, -2.4600172e-06, -2.5892898e-05, -3.8370217e-05, -6.511367e-05, -9.523033e-05, -0.00011244227, -0.00015359992, -0.00020342917
0, 0, 0, 0, 0, 0, 0, 0, 0, 0, 0, 0, 0, 0, 0, 0, 0, 0, 0, 0, 0, 0, 0, 0, 0, 0, 0, 0, 0, 0, 0, 0, 0, 0, 0, 0, 0, 0, 0, 0, 0, 0, 0, 0, 0, 0, 0, 0, 0, 0, 0, 0, 0, 0, 0, 0, 0, 0, 0, 0, 0, 0, 0, 0, 0, 0, 0, 0, 0, 0, 0, 0, 0, 0, 0, 0, 0, 0, 0, 0, 0, 0, 0, 0, 0, 0, 0, 0, 0, 0, 0, 0, 0, 0, 0, 0, 0, 0, 0, 0, 0, 0, 0, 0, 0, -0.00022344606, -0.00019811242, -0.0001539216, -0.0001208732, -9.478164e-05, -8.342279e-05, -6.331631e-05, -4.6130415e-05, -3.8397648e-05, -2.4536292e-05, -1.2258447e-05, -6.605617e-06, 3.8405888e-06, 1.3243492e-05, 2.1479971e-05, 2.5101237e-05, 3.109235e-05, 3.50143e-05, 3.6046964e-05, 3.6194826e-05, 3.3986387e-05, 2.9923975e-05, 2.7434517e-05, 2.2036029e-05, 1.6614445e-05, 1.3967599e-05, 8.768023e-06, 3.4345862e-06, 4.940238e-07, -6.397648e-06, -1.5030701e-05, -2.5597217e-05, -3.1632328e-05, -4.4986286e-05, -5.976952e-05, -6.7586385e-05, -8.371748e-05, -0.0001003222, -0.00011702155, -0.00012548419, -0.00014319674, -0.00016362123, -0.00017604655, -0.00020920273, -0.00025638714
0, 0, 0, 0, 0, 0, 0, 0, 0, 0, 0, 0, 0, 0, 0, 0, 0, 0, 0, 0, 0, 0, 0, 0, 0, 0, 0, 0, 0, 0, 0, 0, 0, 0, 0, 0, 0, 0, 0, 0, 0, 0, 0, 0, 0, 0, 0, 0, 0, 0, 0, 0, 0, 0, 0, 0, 0, 0, 0, 0, 0, 0, 0, 0, 0, 0, 0, 0, 0, 0, 0, 0, 0, 0, 0, 0, 0, 0, 0, 0, 0, 0, 0, 0, 0, 0, 0, 0, 0, 0, 0, 0, 0, 0, 0, 0, 0, 0, 0, 0, 0, 0, 0, 0, 0, -0.00026826214, -0.00024259716, -0.0002013524, -0.00017352933, -0.00015317387, -0.00014465467, -0.000130205, -0.00011870411, -0.00011394757, -0.00010613935, -9.989122e-05, -9.718423e-05, -9.2114184e-05, -8.7200075e-05, -8.258248e-05, -8.04859e-05, -7.6920995e-05, -7.4501026e-05, -7.380906e-05, -7.353621e-05, -7.486189e-05, -7.758863e-05, -7.942619e-05, -8.367507e-05, -8.860327e-05, -9.123126e-05, -9.6781965e-05, -0.00010317571, -0.000106855616, -0.00011547392, -0.00012593491, -0.0001378944, -0.00014425424, -0.0001573582, -0.0001706345, -0.00017716085, -0.00018947748, -0.0002006855, -0.0002105903, -0.00021516447, -0.00022426462, -0.0002354529, -0.00024326489, -0.00026854576, -0.00031292377
0, 0, 0, 0, 0, 0, 0, 0, 0, 0, 0, 0, 0, 0, 0, 0, 0, 0, 0, 0, 0, 0, 0, 0, 0, 0, 0, 0, 0, 0, 0, 0, 0, 0, 0, 0, 0, 0, 0, 0, 0, 0, 0, 0, 0, 0, 0, 0, 0, 0, 0, 0, 0, 0, 0, 0, 0, 0, 0, 0, 0, 0, 0, 0, 0, 0, 0, 0, 0, 0, 0, 0, 0, 0, 0, 0, 0, 0, 0, 0, 0, 0, 0, 0, 0, 0, 0, 0, 0, 0, 0, 0, 0, 0, 0, 0, 0, 0, 0, 0, 0, 0, 0, 0, 0, -0.00031624432, -0.0002904641, -0.00025304, -0.00023166386, -0.00021818846, -0.00021296726, -0.00020458346, -0.00019861123, -0.00019644061, -0.00019356064, -0.000191956, -0.00019136957, -0.00019004077, -0.00018818662, -0.00018572914, -0.00018446335, -0.00018215542, -0.00018051612, -0.00018006342, -0.00017985096, -0.00018087849, -0.00018316718, -0.0001848005, -0.00018898211, -0.00019427063, -0.0001972722, -0.00020398755, -0.00021192683, -0.00021645344, -0.00022666121, -0.0002381996, -0.00025025083, -0.0002562561, -0.00026766362, -0.00027798858, -0.0002825143, -0.00029022153, -0.0002959224, -0.00029968095, -0.00030100747, -0.0003031632, -0.00030680763, -0.00031077472, -0.0003292732, -0.00037142274
0, 0, 0, 0, 0, 0, 0, 0, 0, 0, 0, 0, 0, 0, 0, 0, 0, 0, 0, 0, 0, 0, 0, 0, 0, 0, 0, 0, 0, 0, 0, 0, 0, 0, 0, 0, 0, 0, 0, 0, 0, 0, 0, 0, 0, 0, 0, 0, 0, 0, 0, 0, 0, 0, 0, 0, 0, 0, 0, 0, 0, 0, 0, 0, 0, 0, 0, 0, 0, 0, 0, 0, 0, 0, 0, 0, 0, 0, 0, 0, 0, 0, 0, 0, 0, 0, 0, 0, 0, 0, 0, 0, 0, 0, 0, 0, 0, 0, 0, 0, 0, 0, 0, 0, 0, -0.00036839404, -0.00034281838, -0.00031072798, -0.00029793085, -0.00029358477, -0.00029274388, -0.00029217283, -0.0002927633, -0.00029343012, -0.00029538936, -0.00029782715, -0.0002989285, -0.0003005218, -0.00030087624, -0.00029992097, -0.00029918732, -0.00029762447, -0.00029646183, -0.00029612283, -0.0002960729, -0.00029699894, -0.00029889424, -0.00030021218, -0.00030369702, -0.00030816777, -0.00031077507, -0.0003167135, -0.00032383535, -0.00032789906, -0.00033686057, -0.00034648614, -0.00035591784, -0.00036034838, -0.00036814495, -0.00037420387, -0.00037647894, -0.0003794806, -0.00038047976, -0.00037970176, -0.00037875053, -0.00037617356, -0.0003745168, -0.00037561308, -0.000389012, -0.00043007685
0, 0, 0, 0, 0, 0, 0, 0, 0, 0, 0, 0, 0, 0, 0, 0, 0, 0, 0, 0, 0, 0, 0, 0, 0, 0, 0, 0, 0, 0, 0, 0, 0, 0, 0, 0, 0, 0, 0, 0, 0, 0, 0, 0, 0, 0, 0, 0, 0, 0, 0, 0, 0, 0, 0, 0, 0, 0, 0, 0, 0, 0, 0, 0, 0, 0, 0, 0, 0, 0, 0, 0, 0, 0, 0, 0, 0, 0, 0, 0, 0, 0, 0, 0, 0, 0, 0, 0, 0, 0, 0, 0, 0, 0, 0, 0, 0, 0, 0, 0, 0, 0, 0, 0, 0, -0.00042820312, -0.00040313922, -0.0003778917, -0.0003756546, -0.0003821687, -0.00038637596, -0.00039493202, -0.0004030339, -0.00040686285, -0.00041402408, -0.0004204273, -0.0004231862, -0.00042749898, -0.00042989603, -0.00043057135, -0.00043043905, -0.0004296249, -0.00042872224, -0.0004283477, -0.00042796985, -0.00042803265, -0.00042857393, -0.00042899812, -0.0004302311, -0.00043202634, -0.0004331876, -0.0004361533, -0.00044017914, -0.00044258338, -0.0004479281, -0.00045349018, -0.00045859965, -0.00046075083, -0.0004639898, -0.0004654336, -0.0004654953, -0.0004642102, -0.00046118215, -0.00045670816, -0.00045394857, -0.00044746065, -0.00044118517, -0.00043975204, -0.00044868136, -0.000489141
0, 0, 0, 0, 0, 0, 0, 0, 0, 0, 0, 0, 0, 0, 0, 0, 0, 0, 0, 0, 0, 0, 0, 0, 0, 0, 0, 0, 0, 0, 0, 0, 0, 0, 0, 0, 0, 0, 0, 0, 0, 0, 0, 0, 0, 0, 0, 0, 0, 0, 0, 0, 0, 0, 0, 0, 0, 0, 0, 0, 0, 0, 0, 0, 0, 0, 0, 0, 0, 0, 0, 0, 0, 0, 0, 0, 0, 0, 0, 0, 0, 0, 0, 0, 0, 0, 0, 0, 0, 0, 0, 0, 0, 0, 0, 0, 0, 0, 0, 0, 0, 0, 0, 0, 0, -0.0005014724, -0.00047703373, -0.0004597179, -0.00046913238, -0.00048697783, -0.00049631146, -0.00051389984, -0.00052934163, -0.00053623423, -0.0005484713, -0.00055848336, -0.00056265836, -0.00056929956, -0.0005736963, -0.00057608774, -0.00057666167, -0.00057696766, -0.00057654665, -0.00057621754, -0.0005754326, -0.00057441246, -0.00057321694, -0.00057252805, -0.0005710838, -0.00056985766, -0.0005693964, -0.00056911516, -0.0005697701, -0.0005704365, -0.0005720996, -0.00057368673, -0.000574674, -0.00057470694, -0.0005736671, -0.00057076424, -0.00056857447, -0.0005627803, -0.00055488205, -0.0005451973, -0.00053964736, -0.00052709377, -0.000513971, -0.0005089569, -0.000511703, -0.00055050664
0, 0, 0, 0, 0, 0, 0, 0, 0, 0, 0, 0, 0, 0, 0, 0, 0, 0, 0, 0, 0, 0, 0, 0, 0, 0, 0, 0, 0, 0, 0, 0, 0, 0, 0, 0, 0, 0, 0, 0, 0, 0, 0, 0, 0, 0, 0, 0, 0, 0, 0, 0, 0, 0, 0, 0, 0, 0, 0, 0, 0, 0, 0, 0, 0, 0, 0, 0, 0, 0, 0, 0, 0, 0, 0, 0, 0, 0, 0, 0, 0, 0, 0, 0, 0, 0, 0, 0, 0, 0, 0, 0, 0, 0, 0, 0, 0, 0, 0, 0, 0, 0, 0, 0, 0, -0.00059518823, -0.0005709302, -0.0005613501, -0.00058216485, -0.00061069446, -0.00062467455, -0.0006501677, -0.0006720287, -0.00068157114, -0.00069805863, -0.0007110471, -0.0007163128, -0.0007247693, -0.00073079445, -0.0007348636, -0.0007363446, -0.0007384287, -0.00073954865, -0.0007398651, -0.00074001064, -0.00073944085, -0.00073814, -0.00073719514, -0.00073487347, -0.0007323394, -0.00073112693, -0.0007291126, -0.0007277422, -0.0007272141, -0.00072623964, -0.00072474254, -0.00072213094, -0.00072021206, -0.00071474916, -0.00070679956, -0.00070179167, -0.00068954995, -0.0006742914, -0.00065594213, -0.0006455644, -0.00062254537, -0.00059814303, -0.0005875464, -0.0005806986, -0.00061586266
0, 0, 0, 0, 0, 0, 0, 0, 0, 0, 0, 0, 0, 0, 0, 0, 0, 0, 0, 0, 0, 0, 0, 0, 0, 0, 0, 0, 0, 0, 0, 0, 0, 0, 0, 0, 0, 0, 0, 0, 0, 0, 0, 0, 0, 0, 0, 0, 0, 0, 0, 0, 0, 0, 0, 0, 0, 0, 0, 0, 0, 0, 0, 0, 0, 0, 0, 0, 0, 0, 0, 0, 0, 0, 0, 0, 0, 0, 0, 0, 0, 0, 0, 0, 0, 0, 0, 0, 0, 0, 0, 0, 0, 0, 0, 0, 0, 0, 0, 0, 0, 0, 0, 0, 0, -0.0007158778, -0.00068932545, -0.0006828671, -0.000711862, -0.0007491972, -0.0007672711, -0.00080017286, -0.00082832255, -0.000840605, -0.0008616803, -0.00087829237, -0.00088505796, -0.00089607213, -0.00090453564, -0.00091130496, -0.0009142726, -0.0009194885, -0.00092396396, -0.0009259341, -0.0009293273, -0.00093172997, -0.0009329223, -0.00093299703, -0.00093232025, -0.00093069044, -0.00092967035, -0.00092745485, -0.0009249279, -0.00092344626, -0.0009197899, -0.0009144941, -0.00090699474, -0.00090219185, -0.00089012866, -0.0008743478, -0.0008649838, -0.00084304914, -0.0008168577, -0.00078606163, -0.0007689541, -0.000731569, -0.0006922113, -0.00067433465, -0.00065506855, -0.0006850125
0, 0, 0, 0, 0, 0, 0, 0, 0, 0, 0, 0, 0, 0, 0, 0, 0, 0, 0, 0, 0, 0, 0, 0, 0, 0, 0, 0, 0, 0, 0, 0, 0, 0, 0, 0, 0, 0, 0, 0, 0, 0, 0, 0, 0, 0, 0, 0, 0, 0, 0, 0, 0, 0, 0, 0, 0, 0, 0, 0, 0, 0, 0, 0, 0, 0, 0, 0, 0, 0, 0, 0, 0, 0, 0, 0, 0, 0, 0, 0, 0, 0, 0, 0, 0, 0, 0, 0, 0, 0, 0, 0, 0, 0, 0, 0, 0, 0, 0, 0, 0, 0, 0, 0, 0, -0.0008671443, -0.0008292286, -0.0008112283, -0.00084133976, -0.00088580925, -0.00090838975, -0.00095080276, -0.0009881614, -0.0010048723, -0.0010341266, -0.0010580627, -0.0010682853, -0.0010856641, -0.0011001647, -0.001112816, -0.0011186284, -0.0011295192, -0.0011395022, -0.0011441067, -0.001152434, -0.0011592042, -0.0011640727, -0.0011657183, -0.0011674492, -0.0011672378, -0.0011664751, -0.0011637446, -0.0011591326, -0.0011559579, -0.001147567, -0.0011357752, -0.0011200474, -0.0011104874, -0.0010878814, -0.0010602827, -0.0010446035, -0.0010094491, -0.00096921454, -0.0009235964, -0.00089873717, -0.0008452402, -0.0007896434, -0.000763956, -0.0007314142, -0.0007556955
0, 0, 0, 0, 0, 0, 0, 0, 0, 0, 0, 0, 0, 0, 0, 0, 0, 0, 0, 0, 0, 0, 0, 0, 0, 0, 0, 0, 0, 0, 0, 0, 0, 0, 0, 0, 0, 0, 0, 0, 0, 0, 0, 0, 0, 0, 0, 0, 0, 0, 0, 0, 0, 0, 0, 0, 0, 0, 0, 0, 0, 0, 0, 0, 0, 0, 0, 0, 0, 0, 0, 0, 0, 0, 0, 0, 0, 0, 0, 0, 0, 0, 0, 0, 0, 0, 0, 0, 0, 0, 0, 0, 0, 0, 0, 0, 0, 0, 0, 0, 0, 0, 0, 0, 0, -0.0010418656, -0.0009687875, -0.00091538974, -0.0009428503, -0.000997919, -0.001027675, -0.0010855366, -0.0011384906, -0.0011626972, -0.0012064518, -0.0012440984, -0.0012608079, -0.0012907851, -0.0013169345, -0.0013402589, -0.0013509946, -0.0013707549, -0.0013882412, -0.001396088, -0.0014097615, -0.0014205219, -0.0014280918, -0.0014306346, -0.001433266, -0.0014327549, -0.0014313475, -0.0014260344, -0.0014169648, -0.001410808, -0.0013947606, -0.001373296, -0.0013460001, -0.0013300251, -0.001293575, -0.0012512754, -0.0012280048, -0.0011774768, -0.0011216779, -0.0010604273, -0.0010276387, -0.0009581192, -0.0008864722, -0.00085311424, -0.000807724, -0.00082671683
0, 0, 0, 0, 0, 0, 0, 0, 0, 0, 0, 0, 0, 0, 0, 0, 0, 0, 0, 0, 0, 0, 0, 0, 0, 0, 0, 0, 0, 0, 0, 0, 0, 0, 0, 0, 0, 0, 0, 0, 0, 0, 0, 0, 0, 0, 0, 0, 0, 0, 0, 0, 0, 0, 0, 0, 0, 0, 0, 0, 0, 0, 0, 0, 0, 0, 0, 0, 0, 0, 0, 0, 0, 0, 0, 0, 0, 0, 0, 0, 0, 0, 0, 0, 0, 0, 0, 0, 0, 0, 0, 0, 0, 0, 0, 0, 0, 0, 0, 0, 0, 0, 0, 0, 0, -0.001175585, -0.001038244, -0.0009571, -0.0009986071, -0.001076176, -0.0011176378, -0.0011984914, -0.0012732331, -0.0013079518, -0.0013718677, -0.0014286899, -0.0014546739, -0.0015023189, -0.0015448879, -0.0015828252, -0.001600095, -0.0016311703, -0.0016575016, -0.001668844, -0.0016877566, -0.0017016276, -0.0017103609, -0.0017129255, -0.0017145403, -0.0017117141, -0.001708606, -0.0016986751, -0.0016832126, -0.0016731307, -0.0016478252, -0.001615424, -0.0015756353, -0.0015529882, -0.0015023061, -0.0014450505, -0.0014141512, -0.0013482423, -0.001276927, -0.0012000945, -0.0011594694, -0.001074044, -0.0009864471, -0.00094541966, -0.0008870534, -0.00090072455
0, 0, 0, 0, 0, 0, 0, 0, 0, 0, 0, 0, 0, 0, 0, 0, 0, 0, 0, 0, 0, 0, 0, 0, 0, 0, 0, 0, 0, 0, 0, 0, 0, 0, 0, 0, 0, 0, 0, 0, 0, 0, 0, 0, 0, 0, 0, 0, 0, 0, 0, 0, 0, 0, 0, 0, 0, 0, 0, 0, 0, 0, 0, 0, 0, 0, 0, 0, 0, 0, 0, 0, 0, 0, 0, 0, 0, 0, 0, 0, 0, 0, 0, 0, 0, 0, 0, 0, 0, 0, 0, 0, 0, 0, 0, 0, 0, 0, 0, 0, 0, 0, 0, 0, 0, -0.00095654704, -0.0009318566, -0.00094379653, -0.0010285169, -0.0011376535, -0.0011930712, -0.0012995643, -0.0013979743, -0.0014439117, -0.0015295796, -0.0016072302, -0.0016432767, -0.0017100741, -0.0017702158, -0.0018236983, -0.001847823, -0.0018906791, -0.0019260938, -0.0019409821, -0.0019651554, -0.0019819208, -0.001991716, -0.0019941058, -0.0019943847, -0.0019887611, -0.0019837646, -0.0019690532, -0.001947405, -0.0019337324, -0.0019003614, -0.0018586278, -0.0018084354, -0.0017802384, -0.0017177975, -0.0016477894, -0.0016102217, -0.0015303717, -0.0014444189, -0.0013522163, -0.0013035741, -0.0012016031, -0.0010970571, -0.0010476948, -0.00097491354, -0.0009821405
0, 0, 0, 0, 0, 0, 0, 0, 0, 0, 0, 0, 0, 0, 0, 0, 0, 0, 0, 0, 0, 0, 0, 0, 0, 0, 0, 0, 0, 0, 0, 0, 0, 0, 0, 0, 0, 0, 0, 0, 0, 0, 0, 0, 0, 0, 0, 0, 0, 0, 0, 0, 0, 0, 0, 0, 0, 0, 0, 0, 0, 0, 0, 0, 0, 0, 0, 0, 0, 0, 0, 0, 0, 0, 0, 0, 0, 0, 0, 0, 0, 0, 0, 0, 0, 0, 0, 0, 0, 0, 0, 0, 0, 0, 0, 0, 0, 0, 0, 0, 0, 0, 0, 0, 0, -0.00097489107, -0.00094804616, -0.0009736607, -0.0010797902, -0.0012111221, -0.0012773173, -0.0014044861, -0.0015226594, -0.0015782991, -0.0016829704, -0.0017791147, -0.0018240984, -0.001908022, -0.0019837336, -0.0020509346, -0.0020811325, -0.0021344225, -0.0021780266, -0.002196194, -0.0022254651, -0.002245617, -0.002257345, -0.0022601914, -0.002260268, -0.0022531727, -0.002246985, -0.0022292326, -0.0022036615, -0.002187741, -0.0021492876, -0.0021015552, -0.0020444086, -0.0020123112, -0.0019412419, -0.0018613123, -0.0018181852, -0.0017260163, -0.001626176, -0.0015185333, -0.0014616653, -0.0013423662, -0.0012195349, -0.0011610597, -0.0010721036, -0.0010714447
0, 0, 0, 0, 0, 0, 0, 0, 0, 0, 0, 0, 0, 0, 0, 0, 0, 0, 0, 0, 0, 0, 0, 0, 0, 0, 0, 0, 0, 0, 0, 0, 0, 0, 0, 0, 0, 0, 0, 0, 0, 0, 0, 0, 0, 0, 0, 0, 0, 0, 0, 0, 0, 0, 0, 0, 0, 0, 0, 0, 0, 0, 0, 0, 0, 0, 0, 0, 0, 0, 0, 0, 0, 0, 0, 0, 0, 0, 0, 0, 0, 0, 0, 0, 0, 0, 0, 0, 0, 0, 0, 0, 0, 0, 0, 0, 0, 0, 0, 0, 0, 0, 0, 0, 0, -0.0010703388, -0.0010367006, -0.0010552821, -0.0011661577, -0.0013079685, -0.0013803084, -0.0015206662, -0.0016527476, -0.0017154906, -0.0018346157, -0.0019452393, -0.0019973246, -0.0020949082, -0.002183166, -0.0022613988, -0.0022964778, -0.0023582743, -0.0024087022, -0.0024297042, -0.0024637433, -0.0024877146, -0.00250225, -0.0025061748, -0.002507522, -0.0025005857, -0.0024940893, -0.0024750438, -0.0024475078, -0.0024303508, -0.0023888631, -0.0023372269, -0.0022750294, -0.0022399628, -0.0021619084, -0.00207344, -0.002025385, -0.0019218981, -0.0018087795, -0.0016860039, -0.0016210357, -0.0014845191, -0.0013435037, -0.0012759155, -0.0011706231, -0.001161775
0, 0, 0, 0, 0, 0, 0, 0, 0, 0, 0, 0, 0, 0, 0, 0, 0, 0, 0, 0, 0, 0, 0, 0, 0, 0, 0, 0, 0, 0, 0, 0, 0, 0, 0, 0, 0, 0, 0, 0, 0, 0, 0, 0, 0, 0, 0, 0, 0, 0, 0, 0, 0, 0, 0, 0, 0, 0, 0, 0, 0, 0, 0, 0, 0, 0, 0, 0, 0, 0, 0, 0, 0, 0, 0, 0, 0, 0, 0, 0, 0, 0, 0, 0, 0, 0, 0, 0, 0, 0, 0, 0, 0, 0, 0, 0, 0, 0, 0, 0, 0, 0, 0, 0, 0, -0.0011781314, -0.0011408151, -0.0011560784, -0.0012700179, -0.0014182478, -0.0014944902, -0.0016435356, -0.0017852018, -0.0018530955, -0.0019828412, -0.0021043017, -0.0021617801, -0.002269744, -0.002367749, -0.0024546965, -0.0024937124, -0.002562585, -0.0026191063, -0.002642843, -0.0026817927, -0.002710079, -0.002728164, -0.0027334902, -0.0027368483, -0.0027306098, -0.0027239423, -0.0027035088, -0.002673477, -0.0026546982, -0.0026091293, -0.0025524318, -0.0024842082, -0.002445744, -0.0023600815, -0.00226281, -0.0022098892, -0.002095607, -0.0019701326, -0.0018336255, -0.0017613492, -0.0016094273, -0.0014523778, -0.0013768409, -0.001257482, -0.0012418223
0, 0, 0, 0, 0, 0, 0, 0, 0, 0, 0, 0, 0, 0, 0, 0, 0, 0, 0, 0, 0, 0, 0, 0, 0, 0, 0, 0, 0, 0, 0, 0, 0, 0, 0, 0, 0, 0, 0, 0, 0, 0, 0, 0, 0, 0, 0, 0, 0, 0, 0, 0, 0, 0, 0, 0, 0, 0, 0, 0, 0, 0, 0, 0, 0, 0, 0, 0, 0, 0, 0, 0, 0, 0, 0, 0, 0, 0, 0, 0, 0, 0, 0, 0, 0, 0, 0, 0, 0, 0, 0, 0, 0, 0, 0, 0, 0, 0, 0, 0, 0, 0, 0, 0, 0, -0.001270718, -0.0012314807, -0.0012481641, -0.0013682704, -0.001523908, -0.0016039313, -0.0017606122, -0.0019100985, -0.0019819797, -0.002119806, -0.00224939, -0.0023108376, -0.0024265712, -0.002531974, -0.0026258314, -0.002668235, -0.0027436141, -0.0028064689, -0.002833327, -0.0028781663, -0.0029116832, -0.0029340386, -0.0029409511, -0.0029462457, -0.0029400298, -0.002932601, -0.0029091027, -0.0028740736, -0.0028522268, -0.0027995373, -0.002734779, -0.0026579043, -0.002614908, -0.0025199663, -0.0024131788, -0.00235535, -0.0022308915, -0.0020947205, -0.0019469339, -0.0018687749, -0.0017047575, -0.0015353803, -0.0014538082, -0.0013240866, -0.0013039148
0, 0, 0, 0, 0, 0, 0, 0, 0, 0, 0, 0, 0, 0, 0, 0, 0, 0, 0, 0, 0, 0, 0, 0, 0, 0, 0, 0, 0, 0, 0, 0, 0, 0, 0, 0, 0, 0, 0, 0, 0, 0, 0, 0, 0, 0, 0, 0, 0, 0, 0, 0, 0, 0, 0, 0, 0, 0, 0, 0, 0, 0, 0, 0, 0, 0, 0, 0, 0, 0, 0, 0, 0, 0, 0, 0, 0, 0, 0, 0, 0, 0, 0, 0, 0, 0, 0, 0, 0, 0, 0, 0, 0, 0, 0, 0, 0, 0, 0, 0, 0, 0, 0, 0, 0, -0.0013384414, -0.0012981069, -0.0013180291, -0.0014457408, -0.0016097161, -0.0016937132, -0.0018577497, -0.002014035, -0.0020890683, -0.002232946, -0.0023682956, -0.0024325529, -0.0025538034, -0.0026646059, -0.0027641016, -0.0028094894, -0.002891228, -0.0029608815, -0.0029912079, -0.003042833, -0.0030822305, -0.003109124, -0.0031176643, -0.0031246387, -0.003117784, -0.0031090896, -0.0030812894, -0.0030398497, -0.0030141058, -0.0029527608, -0.00287852, -0.002791788, -0.0027438598, -0.0026391894, -0.0025229845, -0.002460603, -0.0023272748, -0.0021826192, -0.0020265316, -0.0019442468, -0.0017718201, -0.0015940904, -0.0015084419, -0.0013717659, -0.0013490777
0, 0, 0, 0, 0, 0, 0, 0, 0, 0, 0, 0, 0, 0, 0, 0, 0, 0, 0, 0, 0, 0, 0, 0, 0, 0, 0, 0, 0, 0, 0, 0, 0, 0, 0, 0, 0, 0, 0, 0, 0, 0, 0, 0, 0, 0, 0, 0, 0, 0, 0, 0, 0, 0, 0, 0, 0, 0, 0, 0, 0, 0, 0, 0, 0, 0, 0, 0, 0, 0, 0, 0, 0, 0, 0, 0, 0, 0, 0, 0, 0, 0, 0, 0, 0, 0, 0, 0, 0, 0, 0, 0, 0, 0, 0, 0, 0, 0, 0, 0, 0, 0, 0, 0, 0, -0.0013812806, -0.001340262, -0.0013631311, -0.0014972548, -0.001668225, -0.0017555043, -0.00192531, -0.002086344, -0.0021634314, -0.0023109207, -0.0024495255, -0.0025153614, -0.002639837, -0.0027540794, -0.0028577705, -0.0029055492, -0.002992788, -0.0030686916, -0.0031022534, -0.003160133, -0.003204973, -0.0032359154, -0.0032458832, -0.0032544334, -0.0032472315, -0.003237643, -0.0032066705, -0.003160415, -0.0031317463, -0.0030638317, -0.0029823245, -0.0028880066, -0.0028362079, -0.0027238706, -0.0026002505, -0.0025343865, -0.0023946043, -0.002244122, -0.0020827663, -0.0019978976, -0.0018203267, -0.001637158, -0.0015488059, -0.0014074278, -0.0013829016
0, 0, 0, 0, 0, 0, 0, 0, 0, 0, 0, 0, 0, 0, 0, 0, 0, 0, 0, 0, 0, 0, 0, 0, 0, 0, 0, 0, 0, 0, 0, 0, 0, 0, 0, 0, 0, 0, 0, 0, 0, 0, 0, 0, 0, 0, 0, 0, 0, 0, 0, 0, 0, 0, 0, 0, 0, 0, 0, 0, 0, 0, 0, 0, 0, 0, 0, 0, 0, 0, 0, 0, 0, 0, 0, 0, 0, 0, 0, 0, 0, 0, 0, 0, 0, 0, 0, 0, 0, 0, 0, 0, 0, 0, 0, 0, 0, 0, 0, 0, 0, 0, 0, 0, 0, -0.0014038611, -0.0013627379, -0.001387955, -0.001526453, -0.0017017928, -0.0017908866, -0.0019633283, -0.002125229, -0.0022022007, -0.0023486435, -0.0024855116, -0.0025505573, -0.0026738388, -0.00278807, -0.0028930746, -0.0029420338, -0.0030327078, -0.0031130002, -0.00314888, -0.003211339, -0.003260203, -0.003294329, -0.0033056214, -0.0033163193, -0.0033108469, -0.0033020743, -0.0032724484, -0.0032271221, -0.0031987166, -0.003130915, -0.003048947, -0.002953416, -0.0029008002, -0.0027863511, -0.0026604377, -0.0025934388, -0.0024516496, -0.002299271, -0.002135769, -0.0020496137, -0.0018687248, -0.0016811014, -0.0015901922, -0.0014435397, -0.0014155486
0, 0, 0, 0, 0, 0, 0, 0, 0, 0, 0, 0, 0, 0, 0, 0, 0, 0, 0, 0, 0, 0, 0, 0, 0, 0, 0, 0, 0, 0, 0, 0, 0, 0, 0, 0, 0, 0, 0, 0, 0, 0, 0, 0, 0, 0, 0, 0, 0, 0, 0, 0, 0, 0, 0, 0, 0, 0, 0, 0, 0, 0, 0, 0, 0, 0, 0, 0, 0, 0, 0, 0, 0, 0, 0, 0, 0, 0, 0, 0, 0, 0, 0, 0, 0, 0, 0, 0, 0, 0, 0, 0, 0, 0, 0, 0, 0, 0, 0, 0, 0, 0, 0, 0, 0, -0.0013826907, -0.0013420169, -0.0013660005, -0.0015014393, -0.0016734523, -0.0017609796, -0.0019305424, -0.0020898376, -0.0021655257, -0.002309309, -0.002443624, -0.002507416, -0.0026283786, -0.0027404586, -0.002843356, -0.0028912118, -0.0029792616, -0.0030563532, -0.0030904517, -0.0031492051, -0.0031946937, -0.003226036, -0.0032363127, -0.0032458245, -0.0032404945, -0.003232266, -0.003204744, -0.0031625505, -0.00313598, -0.0030722448, -0.002994601, -0.0029034785, -0.0028530832, -0.0027431804, -0.0026218353, -0.0025570286, -0.0024192457, -0.0022704557, -0.0021100817, -0.0020253405, -0.001847045, -0.0016618518, -0.0015720201, -0.0014271645, -0.0013995895
0, 0, 0, 0, 0, 0, 0, 0, 0, 0, 0, 0, 0, 0, 0, 0, 0, 0, 0, 0, 0, 0, 0, 0, 0, 0, 0, 0, 0, 0, 0, 0, 0, 0, 0, 0, 0, 0, 0, 0, 0, 0, 0, 0, 0, 0, 0, 0, 0, 0, 0, 0, 0, 0, 0, 0, 0, 0, 0, 0, 0, 0, 0, 0, 0, 0, 0, 0, 0, 0, 0, 0, 0, 0, 0, 0, 0, 0, 0, 0, 0, 0, 0, 0, 0, 0, 0, 0, 0, 0, 0, 0, 0, 0, 0, 0, 0, 0, 0, 0, 0, 0, 0, 0, 0, -0.0013356748, -0.0012955628, -0.0013163055, -0.0014451361, -0.0016104177, -0.001695003, -0.001859726, -0.002015491, -0.0020897947, -0.0022312868, -0.0023638264, -0.002426814, -0.0025461297, -0.002656208, -0.0027563553, -0.0028024123, -0.0028859174, -0.0029571548, -0.0029879832, -0.0030399149, -0.0030788472, -0.0031047112, -0.0031127632, -0.0031190407, -0.003112331, -0.0031040944, -0.0030778535, -0.003038513, -0.0030138576, -0.0029544868, -0.0028816522, -0.00279576, -0.002748115, -0.0026439934, -0.0025286274, -0.0024668078, -0.0023349298, -0.0021920092, -0.0020375233, -0.0019558177, -0.0017839596, -0.0016056887, -0.001519387, -0.00138098, -0.0013565478
0, 0, 0, 0, 0, 0, 0, 0, 0, 0, 0, 0, 0, 0, 0, 0, 0, 0, 0, 0, 0, 0, 0, 0, 0, 0, 0, 0, 0, 0, 0, 0, 0, 0, 0, 0, 0, 0, 0, 0, 0, 0, 0, 0, 0, 0, 0, 0, 0, 0, 0, 0, 0, 0, 0, 0, 0, 0, 0, 0, 0, 0, 0, 0, 0, 0, 0, 0, 0, 0, 0, 0, 0, 0, 0, 0, 0, 0, 0, 0, 0, 0, 0, 0, 0, 0, 0, 0, 0, 0, 0, 0, 0, 0, 0, 0, 0, 0, 0, 0, 0, 0, 0, 0, 0, -0.001263639, -0.0012244068, -0.0012409993, -0.001361388, -0.0015179968, -0.0015987145, -0.0017569438, -0.0019078556, -0.0019802593, -0.0021189342, -0.002249254, -0.0023111864, -0.002428217, -0.0025353525, -0.002631464, -0.0026750274, -0.002752448, -0.0028165062, -0.002843543, -0.0028877815, -0.0029195524, -0.002939559, -0.0029452408, -0.0029480786, -0.0029397565, -0.002931408, -0.0029062876, -0.0028695704, -0.002846733, -0.0027917055, -0.0027239157, -0.0026435535, -0.002598906, -0.0025010924, -0.0023922676, -0.002333882, -0.002209184, -0.0020738626, -0.001927708, -0.0018505212, -0.0016885962, -0.0015211821, -0.0014405516, -0.0013124595, -0.001293417
0, 0, 0, 0, 0, 0, 0, 0, 0, 0, 0, 0, 0, 0, 0, 0, 0, 0, 0, 0, 0, 0, 0, 0, 0, 0, 0, 0, 0, 0, 0, 0, 0, 0, 0, 0, 0, 0, 0, 0, 0, 0, 0, 0, 0, 0, 0, 0, 0, 0, 0, 0, 0, 0, 0, 0, 0, 0, 0, 0, 0, 0, 0, 0, 0, 0, 0, 0, 0, 0, 0, 0, 0, 0, 0, 0, 0, 0, 0, 0, 0, 0, 0, 0, 0, 0, 0, 0, 0, 0, 0, 0, 0, 0, 0, 0, 0, 0, 0, 0, 0, 0, 0, 0, 0, -0.0011727188, -0.0011352595, -0.0011497596, -0.0012629962, -0.0014110645, -0.001487473, -0.0016374494, -0.0017808583, -0.0018498022, -0.0019821522, -0.002106584, -0.0021655832, -0.0022765915, -0.0023773306, -0.0024664681, -0.0025063518, -0.0025761405, -0.00263274, -0.0026562263, -0.0026940524, -0.0027206575, -0.0027369428, -0.0027413503, -0.0027428113, -0.002734578, -0.002726781, -0.0027037656, -0.0026703656, -0.0026495701, -0.0025993262, -0.0025373287, -0.0024636895, -0.0024226536, -0.0023324033, -0.0022316237, -0.0021774427, -0.002061558, -0.0019357543, -0.0017999938, -0.001728416, -0.0015785814, -0.0014243231, -0.0013504105, -0.0012344476, -0.0012214469
0, 0, 0, 0, 0, 0, 0, 0, 0, 0, 0, 0, 0, 0, 0, 0, 0, 0, 0, 0, 0, 0, 0, 0, 0, 0, 0, 0, 0, 0, 0, 0, 0, 0, 0, 0, 0, 0, 0, 0, 0, 0, 0, 0, 0, 0, 0, 0, 0, 0, 0, 0, 0, 0, 0, 0, 0, 0, 0, 0, 0, 0, 0, 0, 0, 0, 0, 0, 0, 0, 0, 0, 0, 0, 0, 0, 0, 0, 0, 0, 0, 0, 0, 0, 0, 0, 0, 0, 0, 0, 0, 0, 0, 0, 0, 0, 0, 0, 0, 0, 0, 0, 0, 0, 0, -0.0010725664, -0.001038863, -0.0010567483, -0.0011662128, -0.001306195, -0.0013776663, -0.0015166961, -0.0016484549, -0.0017115055, -0.0018320328, -0.001944806, -0.0019980255, -0.0020976595, -0.0021872735, -0.002265819, -0.0023006503, -0.0023613563, -0.002410384, -0.0024307636, -0.0024639186, -0.002487669, -0.0025028214, -0.0025071877, -0.0025096452, -0.0025034556, -0.0024970379, -0.0024773336, -0.0024480696, -0.002429713, -0.0023852151, -0.0023303719, -0.0022653253, -0.0022289704, -0.0021486557, -0.002058399, -0.002009641, -0.0019049002, -0.0017907755, -0.0016673265, -0.0016021875, -0.0014657597, -0.0013256201, -0.0012587468, -0.0011553669, -0.0011481004
0, 0, 0, 0, 0, 0, 0, 0, 0, 0, 0, 0, 0, 0, 0, 0, 0, 0, 0, 0, 0, 0, 0, 0, 0, 0, 0, 0, 0, 0, 0, 0, 0, 0, 0, 0, 0, 0, 0, 0, 0, 0, 0, 0, 0, 0, 0, 0, 0, 0, 0, 0, 0, 0, 0, 0, 0, 0, 0, 0, 0, 0, 0, 0, 0, 0, 0, 0, 0, 0, 0, 0, 0, 0, 0, 0, 0, 0, 0, 0, 0, 0, 0, 0, 0, 0, 0, 0, 0, 0, 0, 0, 0, 0, 0, 0, 0, 0, 0, 0, 0, 0, 0, 0, 0, -0.0009828268, -0.00095628935, -0.0009821171, -0.0010867872, -0.0012150812, -0.0012794018, -0.0014028656, -0.001518122, -0.0015727846, -0.0016765016, -0.0017727852, -0.0018179916, -0.0019021773, -0.0019773217, -0.0020426894, -0.002071596, -0.0021220157, -0.0021630595, -0.0021803768, -0.002209212, -0.0022307828, -0.002245369, -0.0022500092, -0.0022538234, -0.002249976, -0.0022450543, -0.0022288773, -0.0022040731, -0.0021883836, -0.0021504117, -0.0021038286, -0.002048634, -0.0020177385, -0.0019492258, -0.0018714708, -0.0018291712, -0.0017377313, -0.0016372981, -0.0015281368, -0.001470327, -0.0013489402, -0.0012242987, -0.0011650351, -0.0010748963, -0.0010734535
0, 0, 0, 0, 0, 0, 0, 0, 0, 0, 0, 0, 0, 0, 0, 0, 0, 0, 0, 0, 0, 0, 0, 0, 0, 0, 0, 0, 0, 0, 0, 0, 0, 0, 0, 0, 0, 0, 0, 0, 0, 0, 0, 0, 0, 0, 0, 0, 0, 0, 0, 0, 0, 0, 0, 0, 0, 0, 0, 0, 0, 0, 0, 0, 0, 0, 0, 0, 0, 0, 0, 0, 0, 0, 0, 0, 0, 0, 0, 0, 0, 0, 0, 0, 0, 0, 0, 0, 0, 0, 0, 0, 0, 0, 0, 0, 0, 0, 0, 0, 0, 0, 0, 0, 0, -0.0009604252, -0.00093676377, -0.00095036865, -0.0010343266, -0.0011405168, -0.0011939318, -0.001296079, -0.0013907102, -0.0014353526, -0.0015194969, -0.0015970193, -0.001633261, -0.0017004906, -0.0017600786, -0.0018115512, -0.0018342503, -0.0018738597, -0.0019064907, -0.0019204175, -0.0019440098, -0.0019622117, -0.0019748777, -0.00197906, -0.0019827918, -0.0019800686, -0.0019760916, -0.0019627325, -0.0019420661, -0.0019289623, -0.0018974108, -0.0018589137, -0.0018132984, -0.001787745, -0.0017307922, -0.0016657051, -0.0016300812, -0.0015528199, -0.0014675793, -0.0013744605, -0.0013250388, -0.0012210244, -0.001114179, -0.0010636486, -0.0009885334, -0.0009939774
0, 0, 0, 0, 0, 0, 0, 0, 0, 0, 0, 0, 0, 0, 0, 0, 0, 0, 0, 0, 0, 0, 0, 0, 0, 0, 0, 0, 0, 0, 0, 0, 0, 0, 0, 0, 0, 0, 0, 0, 0, 0, 0, 0, 0, 0, 0, 0, 0, 0, 0, 0, 0, 0, 0, 0, 0, 0, 0, 0, 0, 0, 0, 0, 0, 0, 0, 0, 0, 0, 0, 0, 0, 0, 0, 0, 0, 0, 0, 0, 0, 0, 0, 0, 0, 0, 0, 0, 0, 0, 0, 0, 0, 0, 0, 0, 0, 0, 0, 0, 0, 0, 0, 0, 0, -0.0011639169, -0.0010306436, -0.0009534983, -0.0009955643, -0.0010715203, -0.0011116982, -0.0011897102, -0.001262445, -0.0012966562, -0.0013609197, -0.0014197171, -0.0014470665, -0.0014974702, -0.0015418399, -0.0015799322, -0.0015966478, -0.0016258239, -0.0016499031, -0.0016602267, -0.0016778453, -0.0016915426, -0.0017010254, -0.0017040815, -0.0017065284, -0.0017038288, -0.0017004235, -0.0016892933, -0.0016722992, -0.0016615693, -0.001635804, -0.0016043305, -0.0015670565, -0.0015460809, -0.001499191, -0.0014456358, -0.0014163564, -0.001353018, -0.0012834005, -0.001207431, -0.0011670829, -0.0010821292, -0.0009948259, -0.00095388386, -0.000895436, -0.0009088605
0, 0, 0, 0, 0, 0, 0, 0, 0, 0, 0, 0, 0, 0, 0, 0, 0, 0, 0, 0, 0, 0, 0, 0, 0, 0, 0, 0, 0, 0, 0, 0, 0, 0, 0, 0, 0, 0, 0, 0, 0, 0, 0, 0, 0, 0, 0, 0, 0, 0, 0, 0, 0, 0, 0, 0, 0, 0, 0, 0, 0, 0, 0, 0, 0, 0, 0, 0, 0, 0, 0, 0, 0, 0, 0, 0, 0, 0, 0, 0, 0, 0, 0, 0, 0, 0, 0, 0, 0, 0, 0, 0, 0, 0, 0, 0, 0, 0, 0, 0, 0, 0, 0, 0, 0, -0.0010253955, -0.000954435, -0.00090381916, -0.00093225326, -0.0009869928, -0.0010163375, -0.0010734658, -0.0011265037, -0.001151324, -0.0011974024, -0.0012389228, -0.0012580088, -0.0012928193, -0.0013231642, -0.0013490979, -0.0013604418, -0.0013801494, -0.0013963121, -0.0014032358, -0.0014151507, -0.0014244171, -0.0014308563, -0.0014329228, -0.0014343858, -0.0014321775, -0.0014295799, -0.0014212115, -0.0014083651, -0.0014002173, -0.001380359, -0.0013556839, -0.001326081, -0.001309333, -0.0012717774, -0.0012290532, -0.0012058093, -0.0011558887, -0.0011014038, -0.0010421923, -0.001010715, -0.0009443261, -0.0008760584, -0.00084438466, -0.0008020565, -0.000823131
0, 0, 0, 0, 0, 0, 0, 0, 0, 0, 0, 0, 0, 0, 0, 0, 0, 0, 0, 0, 0, 0, 0, 0, 0, 0, 0, 0, 0, 0, 0, 0, 0, 0, 0, 0, 0, 0, 0, 0, 0, 0, 0, 0, 0, 0, 0, 0, 0, 0, 0, 0, 0, 0, 0, 0, 0, 0, 0, 0, 0, 0, 0, 0, 0, 0, 0, 0, 0, 0, 0, 0, 0, 0, 0, 0, 0, 0, 0, 0, 0, 0, 0, 0, 0, 0, 0, 0, 0, 0, 0, 0, 0, 0, 0, 0, 0, 0, 0, 0, 0, 0, 0, 0, 0, -0.0008551716, -0.0008181335, -0.00080132356, -0.0008318647, -0.0008762265, -0.000898625, -0.0009407473, -0.0009784339, -0.0009955887, -0.0010266325, -0.0010536202, -0.0010656691, -0.001087281, -0.001105797, -0.0011215189, -0.0011283682, -0.0011401504, -0.0011496064, -0.0011536692, -0.0011606851, -0.0011662651, -0.0011705206, -0.0011720548, -0.0011737474, -0.0011734029, -0.0011723922, -0.0011684083, -0.0011613237, -0.0011564826, -0.0011439747, -0.001127362, -0.0011063996, -0.001094298, -0.0010668755, -0.0010353728, -0.0010182325, -0.0009813166, -0.000940982, -0.00089687266, -0.00087324734, -0.00082296605, -0.00077098666, -0.0007471417, -0.0007181465, -0.00074500754
0, 0, 0, 0, 0, 0, 0, 0, 0, 0, 0, 0, 0, 0, 0, 0, 0, 0, 0, 0, 0, 0, 0, 0, 0, 0, 0, 0, 0, 0, 0, 0, 0, 0, 0, 0, 0, 0, 0, 0, 0, 0, 0, 0, 0, 0, 0, 0, 0, 0, 0, 0, 0, 0, 0, 0, 0, 0, 0, 0, 0, 0, 0, 0, 0, 0, 0, 0, 0, 0, 0, 0, 0, 0, 0, 0, 0, 0, 0, 0, 0, 0, 0, 0, 0, 0, 0, 0, 0, 0, 0, 0, 0, 0, 0, 0, 0, 0, 0, 0, 0, 0, 0, 0, 0, -0.00071272097, -0.00068669475, -0.0006808538, -0.00070975197, -0.00074634823, -0.0007638269, -0.0007952091, -0.0008216492, -0.0008331119, -0.0008530451, -0.00086928066, -0.0008762008, -0.00088808336, -0.0008978689, -0.00090605195, -0.00090954493, -0.0009153074, -0.0009195806, -0.0009213009, -0.00092414906, -0.00092663104, -0.0009289997, -0.000930164, -0.000932538, -0.0009347088, -0.0009356629, -0.0009369058, -0.00093662273, -0.0009356505, -0.00093163154, -0.0009242995, -0.0009132964, -0.0009064125, -0.0008901939, -0.00087072374, -0.0008598479, -0.0008357558, -0.0008084812, -0.00077762036, -0.00076066214, -0.00072368316, -0.00068474666, -0.0006670669, -0.0006482302, -0.0006785708
0, 0, 0, 0, 0, 0, 0, 0, 0, 0, 0, 0, 0, 0, 0, 0, 0, 0, 0, 0, 0, 0, 0, 0, 0, 0, 0, 0, 0, 0, 0, 0, 0, 0, 0, 0, 0, 0, 0, 0, 0, 0, 0, 0, 0, 0, 0, 0, 0, 0, 0, 0, 0, 0, 0, 0, 0, 0, 0, 0, 0, 0, 0, 0, 0, 0, 0, 0, 0, 0, 0, 0, 0, 0, 0, 0, 0, 0, 0, 0, 0, 0, 0, 0, 0, 0, 0, 0, 0, 0, 0, 0, 0, 0, 0, 0, 0, 0, 0, 0, 0, 0, 0, 0, 0, -0.000596639, -0.0005729385, -0.0005639624, -0.0005846043, -0.0006120183, -0.0006250697, -0.0006480446, -0.00066650123, -0.00067421584, -0.00068702304, -0.00069666153, -0.0007005748, -0.0007068731, -0.00071163574, -0.00071522425, -0.00071657955, -0.00071843155, -0.0007191088, -0.0007191073, -0.00071865635, -0.0007183873, -0.00071869226, -0.0007192288, -0.0007212657, -0.00072461856, -0.0007266963, -0.0007313686, -0.00073608296, -0.0007381883, -0.0007412188, -0.0007420727, -0.0007403871, -0.00073858513, -0.0007332617, -0.0007255942, -0.0007208019, -0.00070908736, -0.00069395883, -0.0006749025, -0.00066374376, -0.0006380848, -0.0006100672, -0.0005974581, -0.00058671297, -0.0006191275
0, 0, 0, 0, 0, 0, 0, 0, 0, 0, 0, 0, 0, 0, 0, 0, 0, 0, 0, 0, 0, 0, 0, 0, 0, 0, 0, 0, 0, 0, 0, 0, 0, 0, 0, 0, 0, 0, 0, 0, 0, 0, 0, 0, 0, 0, 0, 0, 0, 0, 0, 0, 0, 0, 0, 0, 0, 0, 0, 0, 0, 0, 0, 0, 0, 0, 0, 0, 0, 0, 0, 0, 0, 0, 0, 0, 0, 0, 0, 0, 0, 0, 0, 0, 0, 0, 0, 0, 0, 0, 0, 0, 0, 0, 0, 0, 0, 0, 0, 0, 0, 0, 0, 0, 0, -0.0004990488, -0.0004749947, -0.0004581638, -0.00046765097, -0.00048497514, -0.0004937699, -0.00050967315, -0.00052267575, -0.0005281039, -0.00053716416, -0.00054416613, -0.00054699765, -0.00055156497, -0.0005547417, -0.00055666175, -0.00055714184, -0.00055722543, -0.0005561188, -0.000555199, -0.0005528816, -0.0005504762, -0.00054873555, -0.0005482823, -0.00054854044, -0.0005505189, -0.00055213156, -0.00055653474, -0.0005620533, -0.0005650341, -0.0005710208, -0.0005763596, -0.0005807806, -0.000582675, -0.0005857914, -0.0005877299, -0.00058804906, -0.00058685505, -0.00058240513, -0.0005737845, -0.00056774303, -0.00055219897, -0.0005340481, -0.0005261174, -0.000523037, -0.00055759115
0, 0, 0, 0, 0, 0, 0, 0, 0, 0, 0, 0, 0, 0, 0, 0, 0, 0, 0, 0, 0, 0, 0, 0, 0, 0, 0, 0, 0, 0, 0, 0, 0, 0, 0, 0, 0, 0, 0, 0, 0, 0, 0, 0, 0, 0, 0, 0, 0, 0, 0, 0, 0, 0, 0, 0, 0, 0, 0, 0, 0, 0, 0, 0, 0, 0, 0, 0, 0, 0, 0, 0, 0, 0, 0, 0, 0, 0, 0, 0, 0, 0, 0, 0, 0, 0, 0, 0, 0, 0, 0, 0, 0, 0, 0, 0, 0, 0, 0, 0, 0, 0, 0, 0, 0, -0.00041703932, -0.00039213887, -0.000367177, -0.00036539408, -0.00037260234, -0.0003771952, -0.00038641313, -0.00039489247, -0.00039879465, -0.00040594887, -0.00041245433, -0.000415375, -0.0004204057, -0.0004240924, -0.0004261364, -0.00042659236, -0.00042647874, -0.0004251837, -0.0004241862, -0.0004216148, -0.00041858916, -0.00041576065, -0.0004146071, -0.00041310606, -0.00041285623, -0.00041329747, -0.00041520203, -0.00041847976, -0.00042055678, -0.00042547524, -0.0004311955, -0.0004375027, -0.0004409312, -0.00044818083, -0.00045559186, -0.00045912937, -0.0004650204, -0.00046837618, -0.00046803782, -0.00046623102, -0.0004594746, -0.0004505643, -0.00044728958, -0.00045239466, -0.00048994063
0, 0, 0, 0, 0, 0, 0, 0, 0, 0, 0, 0, 0, 0, 0, 0, 0, 0, 0, 0, 0, 0, 0, 0, 0, 0, 0, 0, 0, 0, 0, 0, 0, 0, 0, 0, 0, 0, 0, 0, 0, 0, 0, 0, 0, 0, 0, 0, 0, 0, 0, 0, 0, 0, 0, 0, 0, 0, 0, 0, 0, 0, 0, 0, 0, 0, 0, 0, 0, 0, 0, 0, 0, 0, 0, 0, 0, 0, 0, 0, 0, 0, 0, 0, 0, 0, 0, 0, 0, 0, 0, 0, 0, 0, 0, 0, 0, 0, 0, 0, 0, 0, 0, 0, 0, -0.00035235734, -0.00032689556, -0.00029503647, -0.00028301924, -0.00028020042, -0.0002803534, -0.00028213914, -0.00028522537, -0.00028714235, -0.00029163298, -0.00029680794, -0.00029942792, -0.0003041284, -0.00030757752, -0.00030939476, -0.00030976225, -0.00030967908, -0.0003087668, -0.0003081407, -0.00030649063, -0.00030464638, -0.0003029953, -0.00030243304, -0.0003017995, -0.00030201275, -0.0003023746, -0.0003036289, -0.00030558842, -0.0003068818, -0.0003101236, -0.0003144767, -0.0003198749, -0.0003230792, -0.00033040202, -0.0003388597, -0.00034337686, -0.0003521594, -0.00035960053, -0.00036452236, -0.00036578605, -0.00036617712, -0.00036566195, -0.0003669128, -0.00038033482, -0.0004213481
0, 0, 0, 0, 0, 0, 0, 0, 0, 0, 0, 0, 0, 0, 0, 0, 0, 0, 0, 0, 0, 0, 0, 0, 0, 0, 0, 0, 0, 0, 0, 0, 0, 0, 0, 0, 0, 0, 0, 0, 0, 0, 0, 0, 0, 0, 0, 0, 0, 0, 0, 0, 0, 0, 0, 0, 0, 0, 0, 0, 0, 0, 0, 0, 0, 0, 0, 0, 0, 0, 0, 0, 0, 0, 0, 0, 0, 0, 0, 0, 0, 0, 0, 0, 0, 0, 0, 0, 0, 0, 0, 0, 0, 0, 0, 0, 0, 0, 0, 0, 0, 0, 0, 0, 0, -0.00030494583, -0.00027939494, -0.00024238793, -0.00022169063, -0.00020929401, -0.00020477819, -0.00019796003, -0.00019366604, -0.00019239413, -0.00019137312, -0.00019184804, -0.00019236878, -0.0001931862, -0.00019329414, -0.0001924922, -0.00019183841, -0.00019040822, -0.00018916088, -0.00018870395, -0.00018840763, -0.00018906742, -0.00019094825, -0.00019240704, -0.00019626084, -0.00020095558, -0.00020339408, -0.0002081862, -0.00021276469, -0.00021499445, -0.00021938277, -0.00022399961, -0.00022898817, -0.00023170911, -0.00023782029, -0.0002452109, -0.0002493504, -0.00025817638, -0.0002668831, -0.00027462828, -0.00027795316, -0.00028387466, -0.0002904912, -0.00029571785, -0.00031651589, -0.00036037544
0, 0, 0, 0, 0, 0, 0, 0, 0, 0, 0, 0, 0, 0, 0, 0, 0, 0, 0, 0, 0, 0, 0, 0, 0, 0, 0, 0, 0, 0, 0, 0, 0, 0, 0, 0, 0, 0, 0, 0, 0, 0, 0, 0, 0, 0, 0, 0, 0, 0, 0, 0, 0, 0, 0, 0, 0, 0, 0, 0, 0, 0, 0, 0, 0, 0, 0, 0, 0, 0, 0, 0, 0, 0, 0, 0, 0, 0, 0, 0, 0, 0, 0, 0, 0, 0, 0, 0, 0, 0, 0, 0, 0, 0, 0, 0, 0, 0, 0, 0, 0, 0, 0, 0, 0, -0.00026737346, -0.00024220857, -0.00020169246, -0.00017398111, -0.00015316543, -0.00014422691, -0.00012863311, -0.00011571502, -0.00011025931, -0.00010103131, -9.348187e-05, -9.012209e-05, -8.374986e-05, -7.765042e-05, -7.185896e-05, -6.919281e-05, -6.465218e-05, -6.16922e-05, -6.0948125e-05, -6.131908e-05, -6.4338696e-05, -7.0109745e-05, -7.392419e-05, -8.311161e-05, -9.359745e-05, -9.8985554e-05, -0.00010965113, -0.00011960546, -0.00012427225, -0.00013305483, -0.0001411038, -0.00014862059, -0.00015221888, -0.00015951948, -0.0001674246, -0.00017170138, -0.00018100081, -0.00019093831, -0.00020112155, -0.00020620893, -0.0002167798, -0.00022941885, -0.00023795346, -0.00026462963, -0.00031007882
0, 0, 0, 0, 0, 0, 0, 0, 0, 0, 0, 0, 0, 0, 0, 0, 0, 0, 0, 0, 0, 0, 0, 0, 0, 0, 0, 0, 0, 0, 0, 0, 0, 0, 0, 0, 0, 0, 0, 0, 0, 0, 0, 0, 0, 0, 0, 0, 0, 0, 0, 0, 0, 0, 0, 0, 0, 0, 0, 0, 0, 0, 0, 0, 0, 0, 0, 0, 0, 0, 0, 0, 0, 0, 0, 0, 0, 0, 0, 0, 0, 0, 0, 0, 0, 0, 0, 0, 0, 0, 0, 0, 0, 0, 0, 0, 0, 0, 0, 0, 0, 0, 0, 0, 0, -0.00022833035, -0.00020359944, -0.00016020489, -0.00012672246, -9.8989396e-05, -8.6366585e-05, -6.309883e-05, -4.2242384e-05, -3.262914e-05, -1.4876424e-05, 1.2509911e-06, 8.765135e-06, 2.2710312e-05, 3.5271216e-05, 4.627741e-05, 5.113188e-05, 5.9326063e-05, 6.482342e-05, 6.638978e-05, 6.6746354e-05, 6.334221e-05, 5.6353718e-05, 5.1659277e-05, 4.044663e-05, 2.739125e-05, 2.0440128e-05, 6.2904564e-06, -7.849833e-06, -1.4764334e-05, -2.8336437e-05, -4.1463918e-05, -5.410961e-05, -6.028905e-05, -7.249286e-05, -8.486024e-05, -9.120713e-05, -0.0001043885, -0.00011831666, -0.00013296818, -0.00014055651, -0.000156658, -0.00017547919, -0.0001871212, -0.00021888966, -0.0002652454
0, 0, 0, 0, 0, 0, 0, 0, 0, 0, 0, 0, 0, 0, 0, 0, 0, 0, 0, 0, 0, 0, 0, 0, 0, 0, 0, 0, 0, 0, 0, 0, 0, 0, 0, 0, 0, 0, 0, 0, 0, 0, 0, 0, 0, 0, 0, 0, 0, 0, 0, 0, 0, 0, 0, 0, 0, 0, 0, 0, 0, 0, 0, 0, 0, 0, 0, 0, 0, 0, 0, 0, 0, 0, 0, 0, 0, 0, 0, 0, 0, 0, 0, 0, 0, 0, 0, 0, 0, 0, 0, 0, 0, 0, 0, 0, 0, 0, 0, 0, 0, 0, 0, 0, 0, -0.00018118475, -0.00015658229, -0.00010965084, -7.0450624e-05, -3.650262e-05, -2.0831456e-05, 8.554267e-06, 3.572385e-05, 4.8564892e-05, 7.2863695e-05, 9.5412826e-05, 0.000105968524, 0.00012540651, 0.00014248361, 0.00015726533, 0.00016378955, 0.00017484707, 0.00018283511, 0.00018552998, 0.00018796706, 0.00018658856, 0.00018195788, 0.0001785852, 0.00017004386, 0.00015954493, 0.0001536193, 0.00014075194, 0.00012656764, 0.00011909851, 0.00010347106, 8.6805485e-05, 6.910187e-05, 5.994115e-05, 4.1084913e-05, 2.1525511e-05, 1.1492367e-05, -9.137621e-06, -3.062972e-05, -5.3055694e-05, -6.4677915e-05, -8.903793e-05, -0.000116233576, -0.00013183313, -0.000169885, -0.0002178339
0, 0, 0, 0, 0, 0, 0, 0, 0, 0, 0, 0, 0, 0, 0, 0, 0, 0, 0, 0, 0, 0, 0, 0, 0, 0, 0, 0, 0, 0, 0, 0, 0, 0, 0, 0, 0, 0, 0, 0, 0, 0, 0, 0, 0, 0, 0, 0, 0, 0, 0, 0, 0, 0, 0, 0, 0, 0, 0, 0, 0, 0, 0, 0, 0, 0, 0, 0, 0, 0, 0, 0, 0, 0, 0, 0, 0, 0, 0, 0, 0, 0, 0, 0, 0, 0, 0, 0, 0, 0, 0, 0, 0, 0, 0, 0, 0, 0, 0, 0, 0, 0, 0, 0, 0, -0.00012675098, -0.00010181149, -5.017307e-05, -4.075469e-06, 3.6493017e-05, 5.5151944e-05, 9.008739e-05, 0.00012247662, 0.00013782755, 0.0001669833, 0.0001941321, 0.00020680221, 0.0002301706, 0.00025056803, 0.00026815978, 0.00027586464, 0.0002890965, 0.00029916, 0.0003028337, 0.0003076428, 0.00030936734, 0.00030851754, 0.00030734055, 0.00030366456, 0.0002982021, 0.00029476528, 0.00028615285, 0.00027515742, 0.0002687672, 0.0002541517, 0.00023674934, 0.00021640577, 0.00020518134, 0.00018082152, 0.00015437818, 0.00014044908, 0.00011128156, 8.036909e-05, 4.7724898e-05, 3.0734744e-05, -4.8593156e-06, -4.342271e-05, -6.446236e-05, -0.000111563975, -0.0001628814
0, 0, 0, 0, 0, 0, 0, 0, 0, 0, 0, 0, 0, 0, 0, 0, 0, 0, 0, 0, 0, 0, 0, 0, 0, 0, 0, 0, 0, 0, 0, 0, 0, 0, 0, 0, 0, 0, 0, 0, 0, 0, 0, 0, 0, 0, 0, 0, 0, 0, 0, 0, 0, 0, 0, 0, 0, 0, 0, 0, 0, 0, 0, 0, 0, 0, 0, 0, 0, 0, 0, 0, 0, 0, 0, 0, 0, 0, 0, 0, 0, 0, 0, 0, 0, 0, 0, 0, 0, 0, 0, 0, 0, 0, 0, 0, 0, 0, 0, 0, 0, 0, 0, 0, 0, -6.830317e-05, -4.2668064e-05, 1.5034154e-05, 6.928837e-05, 0.00011745971, 0.00013955969, 0.00018076226, 0.00021880057, 0.00023688978, 0.0002714275, 0.0003037241, 0.0003189742, 0.0003472724, 0.00037238566, 0.00039394433, 0.0004033147, 0.00041925025, 0.00043133466, 0.0004359092, 0.00044254324, 0.00044643323, 0.00044823924, 0.00044849797, 0.00044799468, 0.00044595273, 0.0004441483, 0.00043875005, 0.00043043078, 0.00042505836, 0.00041169403, 0.00039438633, 0.00037266433, 0.0003601556, 0.00033213058, 0.00030044676, 0.0002833237, 0.0002466658, 0.00020688675, 0.00016390387, 0.00014125645, 9.348005e-05, 4.198532e-05, 1.4587593e-05, -4.356709e-05, -9.969187e-05
0, 0, 0, 0, 0, 0, 0, 0, 0, 0, 0, 0, 0, 0, 0, 0, 0, 0, 0, 0, 0, 0, 0, 0, 0, 0, 0, 0, 0, 0, 0, 0, 0, 0, 0, 0, 0, 0, 0, 0, 0, 0, 0, 0, 0, 0, 0, 0, 0, 0, 0, 0, 0, 0, 0, 0, 0, 0, 0, 0, 0, 0, 0, 0, 0, 0, 0, 0, 0, 0, 0, 0, 0, 0, 0, 0, 0, 0, 0, 0, 0, 0, 0, 0, 0, 0, 0, 0, 0, 0, 0, 0, 0, 0, 0, 0, 0, 0, 0, 0, 0, 0, 0, 0, 0, -3.919507e-06, 2.2381828e-05, 8.6299995e-05, 0.00014900879, 0.000205265, 0.00023119322, 0.0002797363, 0.00032488938, 0.00034656795, 0.00038821655, 0.00042775937, 0.00044670777, 0.00048255353, 0.0005150217, 0.00054312963, 0.000555363, 0.0005758994, 0.00059125025, 0.0005971969, 0.00060600485, 0.00061145925, 0.00061431597, 0.0006149659, 0.0006148102, 0.0006127148, 0.00061082066, 0.00060495, 0.0005956783, 0.0005896056, 0.00057425513, 0.00055420655, 0.0005291621, 0.0005148372, 0.00048264244, 0.00044592915, 0.00042598147, 0.00038282474, 0.00033541926, 0.0002834868, 0.00025582183, 0.0001970351, 0.00013322571, 9.953583e-05, 3.0155843e-05, -3.104962e-05
0, 0, 0, 0, 0, 0, 0, 0, 0, 0, 0, 0, 0, 0, 0, 0, 0, 0, 0, 0, 0, 0, 0, 0, 0, 0, 0, 0, 0, 0, 0, 0, 0, 0, 0, 0, 0, 0, 0, 0, 0, 0, 0, 0, 0, 0, 0, 0, 0, 0, 0, 0, 0, 0, 0, 0, 0, 0, 0, 0, 0, 0, 0, 0, 0, 0, 0, 0, 0, 0, 0, 0, 0, 0, 0, 0, 0, 0, 0, 0, 0, 0, 0, 0, 0, 0, 0, 0, 0, 0, 0, 0, 0, 0, 0, 0, 0, 0, 0, 0, 0, 0, 0, 0, 0, 7.80974e-05, 0.00010284056, 0.00016891221, 0.00023755652, 0.0003011435, 0.00033090787, 0.00038729786, 0.0004405119, 0.0004662075, 0.0005160796, 0.0005640214, 0.0005872421, 0.0006317672, 0.0006728041, 0.0007090446, 0.00072500174, 0.000752166, 0.0007731871, 0.0007816004, 0.0007945268, 0.0008030658, 0.0008079267, 0.0008090237, 0.0008089157, 0.0008055972, 0.0008026352, 0.00079380505, 0.0007802331, 0.00077158376, 0.0007501182, 0.0007232495, 0.0006912716, 0.0006734979, 0.00063449435, 0.00059098937, 0.00056755444, 0.00051721476, 0.00046191094, 0.0004014308, 0.0003690622, 0.000299915, 0.00022458578, 0.00018489327, 0.000104714265, 3.8840255e-05
0, 0, 0, 0, 0, 0, 0, 0, 0, 0, 0, 0, 0, 0, 0, 0, 0, 0, 0, 0, 0, 0, 0, 0, 0, 0, 0, 0, 0, 0, 0, 0, 0, 0, 0, 0, 0, 0, 0, 0, 0, 0, 0, 0, 0, 0, 0, 0, 0, 0, 0, 0, 0, 0, 0, 0, 0, 0, 0, 0, 0, 0, 0, 0, 0, 0, 0, 0, 0, 0, 0, 0, 0, 0, 0, 0, 0, 0, 0, 0, 0, 0, 0, 0, 0, 0, 0, 0, 0, 0, 0, 0, 0, 0, 0, 0, 0, 0, 0, 0, 0, 0, 0, 0, 0.00024975976, 0.0001885672, 0.00020120594, 0.00026188378, 0.00033447047, 0.00040488952, 0.00043853355, 0.0005028711, 0.0005641231, 0.0005937477, 0.00065135094, 0.00070686743, 0.0007337521, 0.0007855557, 0.00083379546, 0.0008770755, 0.00089648314, 0.000930562, 0.0009582889, 0.0009699379, 0.0009891863, 0.0010034901, 0.0010131182, 0.0010162396, 0.0010191101, 0.0010169771, 0.0010139007, 0.0010032045, 0.0009856368, 0.0009741254, 0.0009456092, 0.0009104658, 0.0008695871, 0.0008473001, 0.0007992997, 0.00074677245, 0.0007187529, 0.0006590908, 0.0005940066, 0.00052304275, 0.000485149, 0.00040403774, 0.00031600118, 0.0002698242, 0.00017838112, 0.00010762633
0, 0, 0, 0, 0, 0, 0, 0, 0, 0, 0, 0, 0, 0, 0, 0, 0, 0, 0, 0, 0, 0, 0, 0, 0, 0, 0, 0, 0, 0, 0, 0, 0, 0, 0, 0, 0, 0, 0, 0, 0, 0, 0, 0, 0, 0, 0, 0, 0, 0, 0, 0, 0, 0, 0, 0, 0, 0, 0, 0, 0, 0, 0, 0, 0, 0, 0, 0, 0, 0, 0, 0, 0, 0, 0, 0, 0, 0, 0, 0, 0, 0, 0, 0, 0, 0, 0, 0, 0, 0, 0, 0, 0, 0, 0, 0, 0, 0, 0, 0, 0, 0, 0, 0, 0.00023365922, 0.00024374746, 0.00027063006, 0.00034718012, 0.0004309272, 0.0005113845, 0.0005497778, 0.00062316185, 0.00069257914, 0.0007260096, 0.00079051644, 0.000852112, 0.0008817526, 0.0009384794, 0.000991103, 0.0010386725, 0.0010602515, 0.0010988875, 0.0011317506, 0.0011461523, 0.0011712789, 0.0011919473, 0.0012081731, 0.0012145733, 0.0012233469, 0.0012259748, 0.0012246151, 0.0012155994, 0.001197468, 0.0011847507, 0.0011523425, 0.0011114255, 0.0010632774, 0.001036892, 0.00097986, 0.00091753004, 0.0008843605, 0.0008138907, 0.00073730317, 0.00065375323, 0.00060916564, 0.00051393337, 0.00041099623, 0.00035748084, 0.00025338933, 0.0001768982
0, 0, 0, 0, 0, 0, 0, 0, 0, 0, 0, 0, 0, 0, 0, 0, 0, 0, 0, 0, 0, 0, 0, 0, 0, 0, 0, 0, 0, 0, 0, 0, 0, 0, 0, 0, 0, 0, 0, 0, 0, 0, 0, 0, 0, 0, 0, 0, 0, 0, 0, 0, 0, 0, 0, 0, 0, 0, 0, 0, 0, 0, 0, 0, 0, 0, 0, 0, 0, 0, 0, 0, 0, 0, 0, 0, 0, 0, 0, 0, 0, 0, 0, 0, 0, 0, 0, 0, 0, 0, 0, 0, 0, 0, 0, 0, 0, 0, 0, 0, 0, 0, 0, 0, 0.00023728363, 0.0002745409, 0.00031537263, 0.0004147784, 0.00051645783, 0.00061161525, 0.0006564634, 0.00074115157, 0.0008201639, 0.0008578315, 0.0009298782, 0.00099773, 0.0010300268, 0.001090978, 0.0011465852, 0.0011962128, 0.0012187154, 0.0012591311, 0.0012940507, 0.0013096462, 0.0013376649, 0.0013618713, 0.0013824677, 0.0013912595, 0.0014051658, 0.001412579, 0.001413242, 0.0014074272, 0.0013912066, 0.0013789675, 0.0013464012, 0.0013037124, 0.0012518244, 0.0012227431, 0.0011590157, 0.0010885693, 0.001050937, 0.00097068585, 0.0008832522, 0.0007876641, 0.00073651003, 0.00062715175, 0.0005090696, 0.00044804835, 0.00033057854, 0.00024753402
0, 0, 0, 0, 0, 0, 0, 0, 0, 0, 0, 0, 0, 0, 0, 0, 0, 0, 0, 0, 0, 0, 0, 0, 0, 0, 0, 0, 0, 0, 0, 0, 0, 0, 0, 0, 0, 0, 0, 0, 0, 0, 0, 0, 0, 0, 0, 0, 0, 0, 0, 0, 0, 0, 0, 0, 0, 0, 0, 0, 0, 0, 0, 0, 0, 0, 0, 0, 0, 0, 0, 0, 0, 0, 0, 0, 0, 0, 0, 0, 0, 0, 0, 0, 0, 0, 0, 0, 0, 0, 0, 0, 0, 0, 0, 0, 0, 0, 0, 0, 0, 0, 0, 0, 0.00024682234, 0.00029533132, 0.00034519672, 0.0004640372, 0.0005843727, 0.0006961416, 0.00074842246, 0.00084657816, 0.00093729794, 0.0009803092, 0.0010621236, 0.0011384204, 0.0011743812, 0.0012414075, 0.0013013624, 0.0013538905, 0.0013774, 0.001419259, 0.0014548962, 0.0014706682, 0.0014984373, 0.0015220243, 0.0015418056, 0.0015502162, 0.0015633894, 0.0015700113, 0.0015703014, 0.0015638587, 0.0015472715, 0.0015350475, 0.0015026138, 0.0014595691, 0.0014062313, 0.0013759328, 0.0013087039, 0.0012334732, 0.0011930293, 0.0011064355, 0.0010115346, 0.00090729224, 0.0008512805, 0.0007311029, 0.00060084386, 0.0005334217, 0.000404077, 0.00031486902
0, 0, 0, 0, 0, 0, 0, 0, 0, 0, 0, 0, 0, 0, 0, 0, 0, 0, 0, 0, 0, 0, 0, 0, 0, 0, 0, 0, 0, 0, 0, 0, 0, 0, 0, 0, 0, 0, 0, 0, 0, 0, 0, 0, 0, 0, 0, 0, 0, 0, 0, 0, 0, 0, 0, 0, 0, 0, 0, 0, 0, 0, 0, 0, 0, 0, 0, 0, 0, 0, 0, 0, 0, 0, 0, 0, 0, 0, 0, 0, 0, 0, 0, 0, 0, 0, 0, 0, 0, 0, 0, 0, 0, 0, 0, 0, 0, 0, 0, 0, 0, 0, 0, 0, 0.00025803692, 0.00031421846, 0.00036993637, 0.00050178845, 0.0006355417, 0.0007608155, 0.00081970467, 0.00093076186, 0.0010338055, 0.001082738, 0.0011758524, 0.0012626001, 0.00130341, 0.0013791111, 0.0014462187, 0.0015044706, 0.0015304199, 0.0015762586, 0.0016143788, 0.0016306709, 0.0016578948, 0.0016786567, 0.0016933639, 0.0016985885, 0.0017042024, 0.0017025699, 0.0016987737, 0.0016846881, 0.0016618527, 0.0016471591, 0.001611031, 0.0015655537, 0.0015104101, 0.001479336, 0.0014103822, 0.0013329781, 0.0012911218, 0.0012011584, 0.001102074, 0.0009929799, 0.0009343644, 0.0008085259, 0.0006715105, 0.00060027506, 0.0004634086, 0.0003704083
0, 0, 0, 0, 0, 0, 0, 0, 0, 0, 0, 0, 0, 0, 0, 0, 0, 0, 0, 0, 0, 0, 0, 0, 0, 0, 0, 0, 0, 0, 0, 0, 0, 0, 0, 0, 0, 0, 0, 0, 0, 0, 0, 0, 0, 0, 0, 0, 0, 0, 0, 0, 0, 0, 0, 0, 0, 0, 0, 0, 0, 0, 0, 0, 0, 0, 0, 0, 0, 0, 0, 0, 0, 0, 0, 0, 0, 0, 0, 0, 0, 0, 0, 0, 0, 0, 0, 0, 0, 0, 0, 0, 0, 0, 0, 0, 0, 0, 0, 0, 0, 0, 0, 0, 0.00029507227, 0.00035244084, 0.00040818483, 0.0005413469, 0.00067887333, 0.0008102331, 0.00087293127, 0.000992529, 0.0011049637, 0.0011587602, 0.0012613998, 0.0013573, 0.0014025263, 0.0014865737, 0.0015614623, 0.0016268368, 0.0016561265, 0.0017079378, 0.0017506646, 0.0017685578, 0.0017972013, 0.001816264, 0.0018261494, 0.0018276885, 0.001823965, 0.0018113371, 0.0018017722, 0.0017764298, 0.0017434194, 0.0017241598, 0.0016802938, 0.0016288474, 0.0015694413, 0.0015366153, 0.0014648762, 0.0013847487, 0.0013414143, 0.0012480043, 0.0011454372, 0.0010334488, 0.00097378396, 0.00084663613, 0.00070912077, 0.0006377359, 0.0005010096, 0.00040999588
0, 0, 0, 0, 0, 0, 0, 0, 0, 0, 0, 0, 0, 0, 0, 0, 0, 0, 0, 0, 0, 0, 0, 0, 0, 0, 0, 0, 0, 0, 0, 0, 0, 0, 0, 0, 0, 0, 0, 0, 0, 0, 0, 0, 0, 0, 0, 0, 0, 0, 0, 0, 0, 0, 0, 0, 0, 0, 0, 0, 0, 0, 0, 0, 0, 0, 0, 0, 0, 0, 0, 0, 0, 0, 0, 0, 0, 0, 0, 0, 0, 0, 0, 0, 0, 0, 0, 0, 0, 0, 0, 0, 0, 0, 0, 0, 0, 0, 0, 0, 0, 0, 0, 0, 0.00042194032, 0.00042086033, 0.00046536227, 0.0005871425, 0.00071979745, 0.0008498951, 0.0009129229, 0.0010349809, 0.0011512775, 0.0012071185, 0.001314018, 0.0014139751, 0.0014611151, 0.0015489949, 0.0016275699, 0.0016967835, 0.0017280304, 0.0017836697, 0.0018301242, 0.0018496322, 0.0018807815, 0.0019009311, 0.0019096772, 0.0019097552, 0.0019015155, 0.0018825214, 0.0018692593, 0.001836129, 0.0017951486, 0.0017719198, 0.0017202738, 0.0016615466, 0.0015956252, 0.0015598037, 0.0014823965, 0.0013965772, 0.0013503431, 0.0012511259, 0.0011435044, 0.0010281986, 0.0009678128, 0.0008417117, 0.00070883945, 0.00064130663, 0.0005158053, 0.00043962075
0, 0, 0, 0, 0, 0, 0, 0, 0, 0, 0, 0, 0, 0, 0, 0, 0, 0, 0, 0, 0, 0, 0, 0, 0, 0, 0, 0, 0, 0, 0, 0, 0, 0, 0, 0, 0, 0, 0, 0, 0, 0, 0, 0, 0, 0, 0, 0, 0, 0, 0, 0, 0, 0, 0, 0, 0, 0, 0, 0, 0, 0, 0, 0, 0, 0, 0, 0, 0, 0, 0, 0, 0, 0, 0, 0, 0, 0, 0, 0, 0, 0, 0, 0, 0, 0, 0, 0, 0, 0, 0, 0, 0, 0, 0, 0, 0, 0, 0, 0, 0, 0, 0, 0, 0.00039899247, 0.00044653675, 0.00049647636, 0.0006181601, 0.0007467085, 0.0008730539, 0.000934694, 0.001054701, 0.0011695686, 0.0012247474, 0.0013300563, 0.0014280627, 0.0014740726, 0.0015593123, 0.0016352065, 0.0017020075, 0.001732106, 0.0017860172, 0.0018316202, 0.0018510291, 0.0018829685, 0.0019047402, 0.0019155203, 0.0019165516, 0.0019098921, 0.0018916778, 0.0018785204, 0.0018449354, 0.001802392, 0.0017780073, 0.0017228277, 0.0016595032, 0.0015879149, 0.0015490195, 0.0014650741, 0.00137228, 0.0013225384, 0.001216552, 0.0011031536, 0.0009839685, 0.0009226842, 0.00079726236, 0.0006701555, 0.000608389, 0.00050430745, 0.00046813104
0, 0, 0, 0, 0, 0, 0, 0, 0, 0, 0, 0, 0, 0, 0, 0, 0, 0, 0, 0, 0, 0, 0, 0, 0, 0, 0, 0, 0, 0, 0, 0, 0, 0, 0, 0, 0, 0, 0, 0, 0, 0, 0, 0, 0, 0, 0, 0, 0, 0, 0, 0, 0, 0, 0, 0, 0, 0, 0, 0, 0, 0, 0, 0, 0, 0, 0, 0, 0, 0, 0, 0, 0, 0, 0, 0, 0, 0, 0, 0, 0, 0, 0, 0, 0, 0, 0, 0, 0, 0, 0, 0, 0, 0, 0, 0, 0, 0, 0, 0, 0, 0, 0, 0, 0.0003484349, 0.00042584378, 0.00048323307, 0.0006098498, 0.000737425, 0.0008608408, 0.0009209034, 0.0010373426, 0.0011483646, 0.001201612, 0.0013024926, 0.0013955015, 0.0014386945, 0.0015179063, 0.0015873176, 0.0016474497, 0.0016742462, 0.0017218802, 0.0017618941, 0.0017790643, 0.0018075807, 0.0018278674, 0.001839076, 0.0018409647, 0.0018368709, 0.001822085, 0.0018107999, 0.0017808398, 0.0017414329, 0.001718226, 0.0016645603, 0.0016010762, 0.0015279792, 0.0014879277, 0.0014009647, 0.0013049266, 0.0012535898, 0.0011446549, 0.0010289784, 0.0009083094, 0.00084662833, 0.0007211566, 0.0005955367, 0.00053604844, 0.00044593823, 0.0004705751
0, 0, 0, 0, 0, 0, 0, 0, 0, 0, 0, 0, 0, 0, 0, 0, 0, 0, 0, 0, 0, 0, 0, 0, 0, 0, 0, 0, 0, 0, 0, 0, 0, 0, 0, 0, 0, 0, 0, 0, 0, 0, 0, 0, 0, 0, 0, 0, 0, 0, 0, 0, 0, 0, 0, 0, 0, 0, 0, 0, 0, 0, 0, 0, 0, 0, 0, 0, 0, 0, 0, 0, 0, 0, 0, 0, 0, 0, 0, 0, 0, 0, 0, 0, 0, 0, 0, 0, 0, 0, 0, 0, 0, 0, 0, 0, 0, 0, 0, 0, 0, 0, 0, 0, 0.00028176303, 0.0003670928, 0.00042583278, 0.0005517835, 0.00067671627, 0.00079663895, 0.00085470005, 0.0009669242, 0.0010736344, 0.0011246066, 0.001221292, 0.001309888, 0.001350816, 0.0014252638, 0.0014896077, 0.0015442984, 0.001568214, 0.0016097081, 0.0016431349, 0.001656917, 0.0016787074, 0.0016929288, 0.0016993997, 0.0016995519, 0.0016934313, 0.00167836, 0.0016674877, 0.0016391717, 0.0016021347, 0.00158029, 0.001529495, 0.0014688376, 0.0013985103, 0.0013598797, 0.001276006, 0.0011837686, 0.001134601, 0.0010307025, 0.00092048093, 0.0008050165, 0.0007455697, 0.00062316604, 0.0004974502, 0.000435423, 0.0003271999, 0.00027733276
0, 0, 0, 0, 0, 0, 0, 0, 0, 0, 0, 0, 0, 0, 0, 0, 0, 0, 0, 0, 0, 0, 0, 0, 0, 0, 0, 0, 0, 0, 0, 0, 0, 0, 0, 0, 0, 0, 0, 0, 0, 0, 0, 0, 0, 0, 0, 0, 0, 0, 0, 0, 0, 0, 0, 0, 0, 0, 0, 0, 0, 0, 0, 0, 0, 0, 0, 0, 0, 0, 0, 0, 0, 0, 0, 0, 0, 0, 0, 0, 0, 0, 0, 0, 0, 0, 0, 0, 0, 0, 0, 0, 0, 0, 0, 0, 0, 0, 0, 0, 0, 0, 0, 0, 0.00019453868, 0.000277772, 0.00033307655, 0.00045073885, 0.0005674199, 0.0006797662, 0.00073421875, 0.0008395194, 0.00093968917, 0.0009877854, 0.0010795787, 0.001164565, 0.0012040852, 0.0012764294, 0.0013395434, 0.0013931943, 0.0014164749, 0.0014559848, 0.0014859319, 0.0014971879, 0.0015125688, 0.0015190494, 0.0015174969, 0.0015139236, 0.0015010686, 0.0014808316, 0.0014679919, 0.0014370438, 0.0013988692, 0.0013769421, 0.0013271617, 0.0012692992, 0.0012033944, 0.00116771, 0.0010912835, 0.0010085686, 0.0009649423, 0.00087349705, 0.0007766297, 0.0006745587, 0.0006213987, 0.0005104988, 0.0003939417, 0.0003349646, 0.00022794634, 0.0001725275
0, 0, 0, 0, 0, 0, 0, 0, 0, 0, 0, 0, 0, 0, 0, 0, 0, 0, 0, 0, 0, 0, 0, 0, 0, 0, 0, 0, 0, 0, 0, 0, 0, 0, 0, 0, 0, 0, 0, 0, 0, 0, 0, 0, 0, 0, 0, 0, 0, 0, 0, 0, 0, 0, 0, 0, 0, 0, 0, 0, 0, 0, 0, 0, 0, 0, 0, 0, 0, 0, 0, 0, 0, 0, 0, 0, 0, 0, 0, 0, 0, 0, 0, 0, 0, 0, 0, 0, 0, 0, 0, 0, 0, 0, 0, 0, 0, 0, 0, 0, 0, 0, 0, 0, 9.250104e-05, 0.00017175495, 0.00022138172, 0.00032506755, 0.00042748507, 0.0005262443, 0.00057407067, 0.0006665614, 0.0007549021, 0.0007975851, 0.00087996066, 0.00095794356, 0.0009949142, 0.0010642458, 0.0011266343, 0.001181285, 0.0012053379, 0.0012465082, 0.0012769474, 0.001287847, 0.0013009043, 0.0013031556, 0.0012959643, 0.001289343, 0.0012705919, 0.0012450585, 0.001230042, 0.0011955431, 0.0011552022, 0.0011327737, 0.0010833482, 0.0010277823, 0.0009666777, 0.0009343623, 0.0008667419, 0.0007955997, 0.0007587086, 0.0006825447, 0.000602729, 0.0005185689, 0.0004745509, 0.0003819183, 0.0002831898, 0.00023253581, 0.00013820687, 8.448191e-05
0, 0, 0, 0, 0, 0, 0, 0, 0, 0, 0, 0, 0, 0, 0, 0, 0, 0, 0, 0, 0, 0, 0, 0, 0, 0, 0, 0, 0, 0, 0, 0, 0, 0, 0, 0, 0, 0, 0, 0, 0, 0, 0, 0, 0, 0, 0, 0, 0, 0, 0, 0, 0, 0, 0, 0, 0, 0, 0, 0, 0, 0, 0, 0, 0, 0, 0, 0, 0, 0, 0, 0, 0, 0, 0, 0, 0, 0, 0, 0, 0, 0, 0, 0, 0, 0, 0, 0, 0, 0, 0, 0, 0, 0, 0, 0, 0, 0, 0, 0, 0, 0, 0, 0, -1.5238783e-05, 6.2201594e-05, 0.00010536913, 0.00019158798, 0.00027491333, 0.00035451847, 0.00039287997, 0.00046642756, 0.0005362965, 0.0005700906, 0.00063589937, 0.00069953967, 0.00073057273, 0.00079044973, 0.0008469566, 0.00089860684, 0.00092212344, 0.000963397, 0.000995304, 0.0010071647, 0.0010221729, 0.0010259484, 0.0010197556, 0.0010133773, 0.0009946893, 0.0009693539, 0.0009545053, 0.0009208881, 0.00088223745, 0.0008610857, 0.00081514084, 0.00076484075, 0.00071093295, 0.0006829128, 0.00062517077, 0.0005657669, 0.0005354435, 0.0004736651, 0.00040981063, 0.0003428875, 0.00030795246, 0.0002343768, 0.00015550503, 0.000114264985, 3.398811e-05, -1.9150659e-05
0, 0, 0, 0, 0, 0, 0, 0, 0, 0, 0, 0, 0, 0, 0, 0, 0, 0, 0, 0, 0, 0, 0, 0, 0, 0, 0, 0, 0, 0, 0, 0, 0, 0, 0, 0, 0, 0, 0, 0, 0, 0, 0, 0, 0, 0, 0, 0, 0, 0, 0, 0, 0, 0, 0, 0, 0, 0, 0, 0, 0, 0, 0, 0, 0, 0, 0, 0, 0, 0, 0, 0, 0, 0, 0, 0, 0, 0, 0, 0, 0, 0, 0, 0, 0, 0, 0, 0, 0, 0, 0, 0, 0, 0, 0, 0, 0, 0, 0, 0, 0, 0, 0, -0.00025680487, -0.00013221613, -4.849472e-05, -1.2649784e-05, 5.3379234e-05, 0.00011460873, 0.00017210397, 0.00019939992, 0.0002507888, 0.00029853213, 0.0003212649, 0.00036560136, 0.00040899238, 0.00043058745, 0.0004736713, 0.00051612296, 0.00055684557, 0.0005760872, 0.0006113314, 0.0006403828, 0.0006520995, 0.00066917966, 0.0006774074, 0.00067699933, 0.0006736292, 0.00066120445, 0.00064240256, 0.000630888, 0.00060436764, 0.0005735486, 0.00055665197, 0.0005200712, 0.00048045826, 0.000438268, 0.00041640564, 0.00037145306, 0.00032507692, 0.00030137302, 0.00025321505, 0.00020354672, 0.0001518073, 0.00012492685, 6.874281e-05, 8.259603e-06, -2.3936609e-05, -9.1204085e-05, -0.00014519886
0, 0, 0, 0, 0, 0, 0, 0, 0, 0, 0, 0, 0, 0, 0, 0, 0, 0, 0, 0, 0, 0, 0, 0, 0, 0, 0, 0, 0, 0, 0, 0, 0, 0, 0, 0, 0, 0, 0, 0, 0, 0, 0, 0, 0, 0, 0, 0, 0, 0, 0, 0, 0, 0, 0, 0, 0, 0, 0, 0, 0, 0, 0, 0, 0, 0, 0, 0, 0, 0, 0, 0, 0, 0, 0, 0, 0, 0, 0, 0, 0, 0, 0, 0, 0, 0, 0, 0, 0, 0, 0, 0, 0, 0, 0, 0, 0, 0, 0, 0, 0, 0, 0, -0.00029808364, -0.00022670829, -0.00016671396, -0.00014301483, -0.00010159493, -6.4147265e-05, -2.9212666e-05, -1.294925e-05, 1.7161716e-05, 4.4298864e-05, 5.690389e-05, 8.119586e-05, 0.00010484318, 0.00011659953, 0.00014039974, 0.00016424556, 0.0001879886, 0.00019965331, 0.00022189126, 0.00024166034, 0.00025036398, 0.0002649678, 0.00027493638, 0.00027928766, 0.0002792408, 0.00027432258, 0.00026409863, 0.00025732283, 0.00024093839, 0.00022120845, 0.00021016007, 0.0001862895, 0.00016063188, 0.00013364901, 0.00011969443, 9.075597e-05, 6.0080514e-05, 4.4169465e-05, 1.1527378e-05, -2.2505306e-05, -5.7567257e-05, -7.571815e-05, -0.00011331121, -0.00015420903, -0.00017702475, -0.0002311391, -0.00028699212
0, 0, 0, 0, 0, 0, 0, 0, 0, 0, 0, 0, 0, 0, 0, 0, 0, 0, 0, 0, 0, 0, 0, 0, 0, 0, 0, 0, 0, 0, 0, 0, 0, 0, 0, 0, 0, 0, 0, 0, 0, 0, 0, 0, 0, 0, 0, 0, 0, 0, 0, 0, 0, 0, 0, 0, 0, 0, 0, 0, 0, 0, 0, 0, 0, 0, 0, 0, 0, 0, 0, 0, 0, 0, 0, 0, 0, 0, 0, 0, 0, 0, 0, 0, 0, 0, 0, 0, 0, 0, 0, 0, 0, 0, 0, 0, 0, 0, 0, 0, 0, 0, 0, -0.0003987877, -0.00034728198, -0.00031472824, -0.00030499147, -0.00029027998, -0.0002770114, -0.0002639615, -0.00025765374, -0.0002457295, -0.00023435878, -0.00022884268, -0.0002179354, -0.00020761711, -0.00020281014, -0.00019394177, -0.00018605935, -0.00017863217, -0.00017495395, -0.00016793767, -0.00016099277, -0.00015751389, -0.00015053042, -0.00014408147, -0.0001397471, -0.00013882469, -0.00013993325, -0.00014467986, -0.00014814071, -0.00015696877, -0.0001678921, -0.00017411973, -0.0001872296, -0.00020033939, -0.00021262733, -0.00021848685, -0.00023025107, -0.00024270549, -0.0002493201, -0.00026288076, -0.00027652955, -0.00028994828, -0.00029665176, -0.00031068677, -0.0003279906, -0.00034030745, -0.00038115316, -0.00044102254
0, 0, 0, 0, 0, 0, 0, 0, 0, 0, 0, 0, 0, 0, 0, 0, 0, 0, 0, 0, 0, 0, 0, 0, 0, 0, 0, 0, 0, 0, 0, 0, 0, 0, 0, 0, 0, 0, 0, 0, 0, 0, 0, 0, 0, 0, 0, 0, 0, 0, 0, 0, 0, 0, 0, 0, 0, 0, 0, 0, 0, 0, 0, 0, 0, 0, 0, 0, 0, 0, 0, 0, 0, 0, 0, 0, 0, 0, 0, 0, 0, 0, 0, 0, 0, 0, 0, 0, 0, 0, 0, 0, 0, 0, 0, 0, 0, 0, 0, 0, 0, 0, 0, -0.0005818228, -0.0005259209, -0.00050753035, -0.00050880224, -0.0005181518, -0.00052790623, -0.0005355058, -0.0005383378, -0.0005419962, -0.0005427953, -0.00054212933, -0.0005391232, -0.0005357056, -0.00053445227, -0.0005337317, -0.0005351632, -0.00053821085, -0.0005400182, -0.00054401153, -0.00054762297, -0.0005490199, -0.00055027695, -0.00054988853, -0.00054921804, -0.0005493821, -0.0005511209, -0.00055499095, -0.0005575271, -0.0005634811, -0.00057045295, -0.00057409354, -0.00058076845, -0.00058512314, -0.0005857583, -0.0005846868, -0.00058038946, -0.00057446084, -0.00057112554, -0.00056308374, -0.00055287016, -0.00054021674, -0.0005330892, -0.00051882106, -0.000509972, -0.00051226, -0.0005460292, -0.00061914854
0, 0, 0, 0, 0, 0, 0, 0, 0, 0, 0, 0, 0, 0, 0, 0, 0, 0, 0, 0, 0, 0, 0, 0, 0, 0, 0, 0, 0, 0, 0, 0, 0, 0, 0, 0, 0, 0, 0, 0, 0, 0, 0, 0, 0, 0, 0, 0, 0, 0, 0, 0, 0, 0, 0, 0, 0, 0, 0, 0, 0, 0, 0, 0, 0, 0, 0, 0, 0, 0, 0, 0, 0, 0, 0, 0, 0, 0, 0, 0, 0, 0, 0, 0, 0, 0, 0, 0, 0, 0, 0, 0, 0, 0, 0, 0, 0, 0, 0, 0, 0, 0, -0.0011881894, -0.0009655458, -0.00076097884, -0.00073072343, -0.00073906995, -0.0007685629, -0.0007993856, -0.0008261636, -0.0008377321, -0.0008569867, -0.00087046553, -0.00087510166, -0.00088090665, -0.0008845205, -0.000886517, -0.0008918359, -0.0008990987, -0.0009076214, -0.0009121504, -0.0009213419, -0.0009302431, -0.00093408057, -0.0009398178, -0.00094286725, -0.0009444126, -0.00094516046, -0.0009474888, -0.00095090584, -0.00095287466, -0.00095687574, -0.0009605648, -0.000961959, -0.0009630386, -0.00095980644, -0.00095049664, -0.00094350555, -0.0009253299, -0.00090296054, -0.00089037605, -0.0008619329, -0.00082847086, -0.00078966335, -0.0007683877, -0.00072485063, -0.000689901, -0.00068417634, -0.0007261225, -0.0008436001
0, 0, 0, 0, 0, 0, 0, 0, 0, 0, 0, 0, 0, 0, 0, 0, 0, 0, 0, 0, 0, 0, 0, 0, 0, 0, 0, 0, 0, 0, 0, 0, 0, 0, 0, 0, 0, 0, 0, 0, 0, 0, 0, 0, 0, 0, 0, 0, 0, 0, 0, 0, 0, 0, 0, 0, 0, 0, 0, 0, 0, 0, 0, 0, 0, 0, 0, 0, 0, 0, 0, 0, 0, 0, 0, 0, 0, 0, 0, 0, 0, 0, 0, 0, 0, 0, 0, 0, 0, 0, 0, 0, 0, 0, 0, 0, 0, 0, 0, 0, 0, 0, -0.0011561889, -0.0011134597, -0.0010827804, -0.0011299917, -0.0011654791, -0.0012392408, -0.0013071614, -0.0013681089, -0.001396659, -0.0014505844, -0.0015001774, -0.0015231551, -0.001565429, -0.0016037666, -0.0016218849, -0.0016561111, -0.0016865978, -0.0017122662, -0.0017231572, -0.0017415248, -0.0017554252, -0.0017604168, -0.0017656442, -0.001763999, -0.0017566066, -0.0017513714, -0.001738926, -0.0017236319, -0.0017147737, -0.0016943438, -0.001670659, -0.001657789, -0.0016299066, -0.0015983506, -0.0015613413, -0.0015407382, -0.0014955724, -0.0014453182, -0.0014179477, -0.0013576255, -0.0012885451, -0.0012095679, -0.0011662184, -0.0010735631, -0.0009836921, -0.00094985304, -0.000936844, 0
0, 0, 0, 0, 0, 0, 0, 0, 0, 0, 0, 0, 0, 0, 0, 0, 0, 0, 0, 0, 0, 0, 0, 0, 0, 0, 0, 0, 0, 0, 0, 0, 0, 0, 0, 0, 0, 0, 0, 0, 0, 0, 0, 0, 0, 0, 0, 0, 0, 0, 0, 0, 0, 0, 0, 0, 0, 0, 0, 0, 0, 0, 0, 0, 0, 0, 0, 0, 0, 0, 0, 0, 0, 0, 0, 0, 0, 0, 0, 0, 0, 0, 0, 0, 0, 0, 0, 0, 0, 0, 0, 0, 0, 0, 0, 0, 0, 0, 0, 0, 0, 0, -0.0015726663, -0.0013799735, -0.0012674256, -0.0013160979, -0.0013590882, -0.0014500022, -0.0015347736, -0.0016118623, -0.0016484997, -0.0017196918, -0.0017884081, -0.0018215483, -0.0018851517, -0.0019447892, -0.0019731408, -0.0020260953, -0.002072389, -0.0021102538, -0.0021260253, -0.0021516087, -0.0021700894, -0.0021764468, -0.0021824962, -0.0021792639, -0.0021674377, -0.0021587429, -0.0021364228, -0.0021072996, -0.002090086, -0.0020504745, -0.0020055256, -0.0019818102, -0.0019324995, -0.0018803071, -0.0018240828, -0.0017943349, -0.0017314869, -0.001664028, -0.0016280762, -0.0015505976, -0.0014643831, -0.0013691725, -0.0013186391, -0.0012149721, -0.0011235619, -0.0010953234, -0.0011130644, 0
0, 0, 0, 0, 0, 0, 0, 0, 0, 0, 0, 0, 0, 0, 0, 0, 0, 0, 0, 0, 0, 0, 0, 0, 0, 0, 0, 0, 0, 0, 0, 0, 0, 0, 0, 0, 0, 0, 0, 0, 0, 0, 0, 0, 0, 0, 0, 0, 0, 0, 0, 0, 0, 0, 0, 0, 0, 0, 0, 0, 0, 0, 0, 0, 0, 0, 0, 0, 0, 0, 0, 0, 0, 0, 0, 0, 0, 0, 0, 0, 0, 0, 0, 0, 0, 0, 0, 0, 0, 0, 0, 0, 0, 0, 0, 0, 0, 0, 0, 0, 0, 0, -0.0014946972, -0.0014080111, -0.0013808447, -0.001468867, -0.0015272053, -0.001645139, -0.0017531649, -0.0018507233, -0.0018967886, -0.0019857374, -0.002071314, -0.0021127362, -0.002192441, -0.002267402, -0.0023029074, -0.002368701, -0.0024252976, -0.0024708395, -0.0024895235, -0.0025195836, -0.0025408086, -0.0025482113, -0.0025557554, -0.0025533317, -0.0025408734, -0.00253107, -0.0025041017, -0.0024664514, -0.002443385, -0.0023896801, -0.0023281265, -0.0022954016, -0.0022274586, -0.002155987, -0.0020802647, -0.0020406712, -0.0019579565, -0.0018699723, -0.0018234315, -0.0017242194, -0.0016163104, -0.0015009237, -0.0014418302, -0.0013286689, -0.0012506283, -0.0012463689, -0.0013630145, 0
0, 0, 0, 0, 0, 0, 0, 0, 0, 0, 0, 0, 0, 0, 0, 0, 0, 0, 0, 0, 0, 0, 0, 0, 0, 0, 0, 0, 0, 0, 0, 0, 0, 0, 0, 0, 0, 0, 0, 0, 0, 0, 0, 0, 0, 0, 0, 0, 0, 0, 0, 0, 0, 0, 0, 0, 0, 0, 0, 0, 0, 0, 0, 0, 0, 0, 0, 0, 0, 0, 0, 0, 0, 0, 0, 0, 0, 0, 0, 0, 0, 0, 0, 0, 0, 0, 0, 0, 0, 0, 0, 0, 0, 0, 0, 0, 0, 0, 0, 0, 0, 0, -0.0013770469, -0.001354717, -0.0014258353, -0.0015766144, -0.0016589354, -0.0018169245, -0.0019583383, -0.0020839907, -0.0021423122, -0.0022522397, -0.002354477, -0.0024028888, -0.0024942958, -0.0025783035, -0.0026173072, -0.0026881876, -0.0027475304, -0.0027939943, -0.002812536, -0.002841534, -0.0028612898, -0.0028679161, -0.0028744875, -0.0028718465, -0.0028597172, -0.0028499875, -0.0028220403, -0.0027810016, -0.0027553656, -0.0026942012, -0.0026228568, -0.0025842933, -0.0025030288, -0.0024161087, -0.002323433, -0.002274928, -0.0021734892, -0.0020653321, -0.0020081385, -0.0018860153, -0.00175336, -0.0016122946, -0.001540401, -0.001404233, -0.0013171755, -0.0013244558, -0.0015706636, 0
0, 0, 0, 0, 0, 0, 0, 0, 0, 0, 0, 0, 0, 0, 0, 0, 0, 0, 0, 0, 0, 0, 0, 0, 0, 0, 0, 0, 0, 0, 0, 0, 0, 0, 0, 0, 0, 0, 0, 0, 0, 0, 0, 0, 0, 0, 0, 0, 0, 0, 0, 0, 0, 0, 0, 0, 0, 0, 0, 0, 0, 0, 0, 0, 0, 0, 0, 0, 0, 0, 0, 0, 0, 0, 0, 0, 0, 0, 0, 0, 0, 0, 0, 0, 0, 0, 0, 0, 0, 0, 0, 0, 0, 0, 0, 0, 0, 0, 0, 0, 0, 0, -0.0013215649, -0.0013305316, -0.0014626094, -0.0016633541, -0.0017675941, -0.0019655393, -0.0021432159, -0.0023015235, -0.0023744483, -0.0025094424, -0.0026310936, -0.0026873755, -0.0027908888, -0.0028827805, -0.0029242956, -0.002997604, -0.003056707, -0.0031009787, -0.0031179218, -0.0031431294, -0.0031583451, -0.003162589, -0.0031644022, -0.003157483, -0.00314197, -0.0031306413, -0.003099326, -0.003054319, -0.0030261655, -0.0029589331, -0.00287943, -0.0028359352, -0.0027428437, -0.0026419654, -0.0025342805, -0.0024780424, -0.0023609453, -0.002236787, -0.00217106, -0.0020307067, -0.001877289, -0.0017127881, -0.0016278761, -0.0014615365, -0.0013304373, -0.0012991228, -0.0013331636, 0
0, 0, 0, 0, 0, 0, 0, 0, 0, 0, 0, 0, 0, 0, 0, 0, 0, 0, 0, 0, 0, 0, 0, 0, 0, 0, 0, 0, 0, 0, 0, 0, 0, 0, 0, 0, 0, 0, 0, 0, 0, 0, 0, 0, 0, 0, 0, 0, 0, 0, 0, 0, 0, 0, 0, 0, 0, 0, 0, 0, 0, 0, 0, 0, 0, 0, 0, 0, 0, 0, 0, 0, 0, 0, 0, 0, 0, 0, 0, 0, 0, 0, 0, 0, 0, 0, 0, 0, 0, 0, 0, 0, 0, 0, 0, 0, 0, 0, 0, 0, 0, 0, -0.0014049333, -0.0014151911, -0.001554395, -0.0017704251, -0.001884851, -0.002107074, -0.0023125755, -0.002499463, -0.0025861273, -0.002746075, -0.0028890413, -0.002954339, -0.003073002, -0.0031763401, -0.0032221652, -0.0033014852, -0.0033638552, -0.003409442, -0.0034263628, -0.00345038, -0.003462249, -0.0034640096, -0.0034596096, -0.003445127, -0.0034211464, -0.0034054713, -0.003365228, -0.003310855, -0.0032778499, -0.0032002816, -0.0031087198, -0.0030583993, -0.002949997, -0.0028322397, -0.0027072912, -0.0026426963, -0.0025104, -0.0023724218, -0.0023002122, -0.0021472767, -0.0019815527, -0.0018048334, -0.0017144455, -0.0015409491, -0.0014141185, -0.0013927437, -0.0014642343, 0
0, 0, 0, 0, 0, 0, 0, 0, 0, 0, 0, 0, 0, 0, 0, 0, 0, 0, 0, 0, 0, 0, 0, 0, 0, 0, 0, 0, 0, 0, 0, 0, 0, 0, 0, 0, 0, 0, 0, 0, 0, 0, 0, 0, 0, 0, 0, 0, 0, 0, 0, 0, 0, 0, 0, 0, 0, 0, 0, 0, 0, 0, 0, 0, 0, 0, 0, 0, 0, 0, 0, 0, 0, 0, 0, 0, 0, 0, 0, 0, 0, 0, 0, 0, 0, 0, 0, 0, 0, 0, 0, 0, 0, 0, 0, 0, 0, 0, 0, 0, 0, -0.0023148323, -0.0017214881, -0.0016448167, -0.0017243949, -0.0019271089, -0.0020409445, -0.0022691004, -0.0024870834, -0.0026903455, -0.0027856866, -0.0029634784, -0.0031235176, -0.0031969114, -0.003330719, -0.003447342, -0.003499168, -0.0035892066, -0.0036607382, -0.003713904, -0.0037341383, -0.0037623437, -0.0037753105, -0.0037762974, -0.0037675977, -0.0037458376, -0.0037123077, -0.0036912237, -0.003639311, -0.003572616, -0.003533151, -0.0034419873, -0.0033351372, -0.0032763602, -0.003149072, -0.0030108078, -0.002864724, -0.0027898166, -0.002637924, -0.0024826808, -0.0024028858, -0.0022368655, -0.0020611784, -0.0018780464, -0.0017870038, -0.0016241748, -0.0015460189, -0.0015754736, -0.0017854318, 0
0, 0, 0, 0, 0, 0, 0, 0, 0, 0, 0, 0, 0, 0, 0, 0, 0, 0, 0, 0, 0, 0, 0, 0, 0, 0, 0, 0, 0, 0, 0, 0, 0, 0, 0, 0, 0, 0, 0, 0, 0, 0, 0, 0, 0, 0, 0, 0, 0, 0, 0, 0, 0, 0, 0, 0, 0, 0, 0, 0, 0, 0, 0, 0, 0, 0, 0, 0, 0, 0, 0, 0, 0, 0, 0, 0, 0, 0, 0, 0, 0, 0, 0, 0, 0, 0, 0, 0, 0, 0, 0, 0, 0, 0, 0, 0, 0, 0, 0, 0, 0, -0.0020048239, -0.0018062319, -0.001796617, -0.0019231577, -0.0021341587, -0.0022477931, -0.0024741709, -0.0026918135, -0.0028972446, -0.0029945585, -0.003177801, -0.0033447782, -0.0034221062, -0.0035643536, -0.0036899904, -0.0037465345, -0.0038464318, -0.003928278, -0.003991912, -0.0040168804, -0.004053211, -0.0040709516, -0.0040730224, -0.0040639653, -0.004038734, -0.0039993036, -0.003974435, -0.003913975, -0.0038379522, -0.003793601, -0.0036919608, -0.0035731483, -0.0035074556, -0.0033645667, -0.0032078072, -0.0030410143, -0.002955062, -0.0027802517, -0.0026020838, -0.0025112052, -0.0023242664, -0.0021296826, -0.0019295993, -0.0018309082, -0.0016583789, -0.0016022697, -0.0016817264, -0.0022252188, 0
0, 0, 0, 0, 0, 0, 0, 0, 0, 0, 0, 0, 0, 0, 0, 0, 0, 0, 0, 0, 0, 0, 0, 0, 0, 0, 0, 0, 0, 0, 0, 0, 0, 0, 0, 0, 0, 0, 0, 0, 0, 0, 0, 0, 0, 0, 0, 0, 0, 0, 0, 0, 0, 0, 0, 0, 0, 0, 0, 0, 0, 0, 0, 0, 0, 0, 0, 0, 0, 0, 0, 0, 0, 0, 0, 0, 0, 0, 0, 0, 0, 0, 0, 0, 0, 0, 0, 0, 0, 0, 0, 0, 0, 0, 0, 0, 0, 0, 0, 0, 0, -0.0019818316, -0.0019279851, -0.0019714274, -0.00215518, -0.0023848054, -0.0025005732, -0.0027245898, -0.0029360293, -0.0031347044, -0.0032290295, -0.003407195, -0.0035704267, -0.0036464122, -0.0037867937, -0.003912135, -0.0039691385, -0.004071471, -0.004157905, -0.004227837, -0.0042561265, -0.004298683, -0.0043213936, -0.004325264, -0.0043187696, -0.004294466, -0.0042542266, -0.004228464, -0.004165622, -0.0040868977, -0.004041397, -0.003936955, -0.0038148204, -0.0037470064, -0.0035980477, -0.0034325412, -0.003253336, -0.0031595293, -0.002965651, -0.0027641477, -0.002660412, -0.002445915, -0.0022212702, -0.001987669, -0.0018701272, -0.0016507162, -0.001509914, -0.0014990701, 0, 0
0, 0, 0, 0, 0, 0, 0, 0, 0, 0, 0, 0, 0, 0, 0, 0, 0, 0, 0, 0, 0, 0, 0, 0, 0, 0, 0, 0, 0, 0, 0, 0, 0, 0, 0, 0, 0, 0, 0, 0, 0, 0, 0, 0, 0, 0, 0, 0, 0, 0, 0, 0, 0, 0, 0, 0, 0, 0, 0, 0, 0, 0, 0, 0, 0, 0, 0, 0, 0, 0, 0, 0, 0, 0, 0, 0, 0, 0, 0, 0, 0, 0, 0, 0, 0, 0, 0, 0, 0, 0, 0, 0, 0, 0, 0, 0, 0, 0, 0, 0, 0, -0.0025733234, -0.0022265317, -0.0022429714, -0.0024204142, -0.0026526945, -0.0027686486, -0.00298988, -0.0031957708, -0.003387194, -0.003477659, -0.0036478166, -0.003803247, -0.0038752444, -0.00400785, -0.004125656, -0.0041792695, -0.0042759897, -0.0043588914, -0.004427321, -0.0044554956, -0.004498796, -0.004523503, -0.0045287646, -0.0045252754, -0.0045040036, -0.0044663227, -0.004441558, -0.0043805633, -0.0043039424, -0.004259643, -0.0041586696, -0.0040406017, -0.0039748615, -0.003829916, -0.0036669313, -0.0034867954, -0.00339082, -0.0031881526, -0.0029715553, -0.002857764, -0.0026188868, -0.0023639956, -0.002094855, -0.0019580487, -0.0016999138, -0.0015284216, -0.0015111687, 0, 0
0, 0, 0, 0, 0, 0, 0, 0, 0, 0, 0, 0, 0, 0, 0, 0, 0, 0, 0, 0, 0, 0, 0, 0, 0, 0, 0, 0, 0, 0, 0, 0, 0, 0, 0, 0, 0, 0, 0, 0, 0, 0, 0, 0, 0, 0, 0, 0, 0, 0, 0, 0, 0, 0, 0, 0, 0, 0, 0, 0, 0, 0, 0, 0, 0, 0, 0, 0, 0, 0, 0, 0, 0, 0, 0, 0, 0, 0, 0, 0, 0, 0, 0, 0, 0, 0, 0, 0, 0, 0, 0, 0, 0, 0, 0, 0, 0, 0, 0, 0, 0, -0.0025336416, -0.002414515, -0.0024572, -0.0026462858, -0.002878035, -0.0029932908, -0.0032133018, -0.0034177883, -0.0036073544, -0.0036965327, -0.0038637721, -0.0040156753, -0.004085733, -0.004213674, -0.004325722, -0.004376189, -0.00446657, -0.0045433715, -0.0046064616, -0.004632552, -0.0046730293, -0.00469721, -0.0047030416, -0.004702039, -0.004684151, -0.0046493076, -0.0046256757, -0.0045665614, -0.00449168, -0.004448535, -0.0043505626, -0.004236809, -0.0041739186, -0.004035483, -0.0038796384, -0.0037061304, -0.0036124801, -0.0034116143, -0.0031917403, -0.0030744788, -0.0028243389, -0.0025527556, -0.0022626638, -0.0021148545, -0.0018387855, -0.0016665519, -0.0016589228, 0, 0
0, 0, 0, 0, 0, 0, 0, 0, 0, 0, 0, 0, 0, 0, 0, 0, 0, 0, 0, 0, 0, 0, 0, 0, 0, 0, 0, 0, 0, 0, 0, 0, 0, 0, 0, 0, 0, 0, 0, 0, 0, 0, 0, 0, 0, 0, 0, 0, 0, 0, 0, 0, 0, 0, 0, 0, 0, 0, 0, 0, 0, 0, 0, 0, 0, 0, 0, 0, 0, 0, 0, 0, 0, 0, 0, 0, 0, 0, 0, 0, 0, 0, 0, 0, 0, 0, 0, 0, 0, 0, 0, 0, 0, 0, 0, 0, 0, 0, 0, 0, -0.0035003943, -0.0026963116, -0.002528742, -0.002576633, -0.0027725624, -0.0030057067, -0.0031213886, -0.0033433335, -0.0035509167, -0.0037442574, -0.0038356222, -0.00400776, -0.0041649714, -0.0042376174, -0.0043704286, -0.0044862935, -0.0045379545, -0.004629296, -0.0047055655, -0.0047670943, -0.0047923303, -0.0048319325, -0.004856792, -0.004863616, -0.0048657274, -0.0048513347, -0.0048188795, -0.0047959858, -0.004736732, -0.004660569, -0.0046162507, -0.0045159203, -0.004400454, -0.0043371366, -0.0041998127, -0.004047869, -0.0038802156, -0.0037900698, -0.003595807, -0.003381964, -0.003267329, -0.0030213809, -0.0027524205, -0.0024636847, -0.0023166335, -0.0020454377, -0.0018886334, -0.0018942003, 0, 0
0, 0, 0, 0, 0, 0, 0, 0, 0, 0, 0, 0, 0, 0, 0, 0, 0, 0, 0, 0, 0, 0, 0, 0, 0, 0, 0, 0, 0, 0, 0, 0, 0, 0, 0, 0, 0, 0, 0, 0, 0, 0, 0, 0, 0, 0, 0, 0, 0, 0, 0, 0, 0, 0, 0, 0, 0, 0, 0, 0, 0, 0, 0, 0, 0, 0, 0, 0, 0, 0, 0, 0, 0, 0, 0, 0, 0, 0, 0, 0, 0, 0, 0, 0, 0, 0, 0, 0, 0, 0, 0, 0, 0, 0, 0, 0, 0, 0, 0, 0, -0.0027812177, -0.0024754698, -0.002463877, -0.002544075, -0.0027710607, -0.0030168586, -0.0031365128, -0.0033646957, -0.0035783486, -0.0037789606, -0.0038745624, -0.004056389, -0.004225226, -0.004304101, -0.004449425, -0.004577039, -0.0046340143, -0.004734395, -0.004817751, -0.004884625, -0.0049121883, -0.0049559316, -0.004985257, -0.0049944604, -0.0050017466, -0.004991935, -0.0049628834, -0.0049408926, -0.0048818346, -0.004803516, -0.0047572637, -0.0046514133, -0.0045291274, -0.004462561, -0.004319985, -0.0041653933, -0.0039984565, -0.003909672, -0.0037205394, -0.0035145143, -0.0034048231, -0.0031708505, -0.0029168257, -0.002646718, -0.0025114382, -0.002273002, -0.0021705937, -0.0022108566, 0, 0
0, 0, 0, 0, 0, 0, 0, 0, 0, 0, 0, 0, 0, 0, 0, 0, 0, 0, 0, 0, 0, 0, 0, 0, 0, 0, 0, 0, 0, 0, 0, 0, 0, 0, 0, 0, 0, 0, 0, 0, 0, 0, 0, 0, 0, 0, 0, 0, 0, 0, 0, 0, 0, 0, 0, 0, 0, 0, 0, 0, 0, 0, 0, 0, 0, 0, 0, 0, 0, 0, 0, 0, 0, 0, 0, 0, 0, 0, 0, 0, 0, 0, 0, 0, 0, 0, 0, 0, 0, 0, 0, 0, 0, 0, 0, 0, 0, 0, 0, 0, -0.002249664, -0.0021447905, -0.002274424, -0.002394295, -0.0026661889, -0.0029341613, -0.0030608582, -0.0032991336, -0.0035211754, -0.003730279, -0.0038306487, -0.004023311, -0.0042038695, -0.004288832, -0.0044462355, -0.004585044, -0.0046470547, -0.004756762, -0.004848412, -0.0049230745, -0.0049541527, -0.0050047697, -0.0050405604, -0.005053056, -0.0050664814, -0.0050623273, -0.0050384128, -0.0050186235, -0.0049632057, -0.0048868903, -0.0048411116, -0.004734373, -0.004609266, -0.0045407377, -0.004393349, -0.004234214, -0.0040638465, -0.0039740033, -0.0037844665, -0.0035810955, -0.0034740022, -0.003248177, -0.0030061202, -0.0027537313, -0.0026318047, -0.0024434703, -0.0024612918, -0.0025985003, 0, 0
0, 0, 0, 0, 0, 0, 0, 0, 0, 0, 0, 0, 0, 0, 0, 0, 0, 0, 0, 0, 0, 0, 0, 0, 0, 0, 0, 0, 0, 0, 0, 0, 0, 0, 0, 0, 0, 0, 0, 0, 0, 0, 0, 0, 0, 0, 0, 0, 0, 0, 0, 0, 0, 0, 0, 0, 0, 0, 0, 0, 0, 0, 0, 0, 0, 0, 0, 0, 0, 0, 0, 0, 0, 0, 0, 0, 0, 0, 0, 0, 0, 0, 0, 0, 0, 0, 0, 0, 0, 0, 0, 0, 0, 0, 0, 0, 0, 0, 0, 0, -0.0018715563, -0.0018591362, -0.0020642688, -0.0022080925, -0.0025107139, -0.0027972215, -0.0029308386, -0.0031805655, -0.0034124756, -0.0036309073, -0.0037360296, -0.003937312, -0.004125558, -0.004213789, -0.004376105, -0.0045180134, -0.0045811837, -0.0046927524, -0.0047867834, -0.0048644217, -0.0048975614, -0.0049524643, -0.0049924753, -0.00500705, -0.005024407, -0.0050241607, -0.005004604, -0.0049873865, -0.004938094, -0.004869553, -0.00482813, -0.004730616, -0.004613921, -0.004548652, -0.0044056186, -0.00424751, -0.0040745963, -0.0039826534, -0.003787906, -0.0035797325, -0.003470744, -0.0032425572, -0.002999486, -0.0027469315, -0.0026264428, -0.0024569624, -0.0025885168, -0.0029022123, 0, 0
0, 0, 0, 0, 0, 0, 0, 0, 0, 0, 0, 0, 0, 0, 0, 0, 0, 0, 0, 0, 0, 0, 0, 0, 0, 0, 0, 0, 0, 0, 0, 0, 0, 0, 0, 0, 0, 0, 0, 0, 0, 0, 0, 0, 0, 0, 0, 0, 0, 0, 0, 0, 0, 0, 0, 0, 0, 0, 0, 0, 0, 0, 0, 0, 0, 0, 0, 0, 0, 0, 0, 0, 0, 0, 0, 0, 0, 0, 0, 0, 0, 0, 0, 0, 0, 0, 0, 0, 0, 0, 0, 0, 0, 0, 0, 0, 0, 0, 0, 0, -0.0016435981, -0.0016779936, -0.001897098, -0.0020424745, -0.002346541, -0.0026368492, -0.0027735862, -0.0030314347, -0.0032723867, -0.0034997843, -0.0036085008, -0.0038156125, -0.0040064706, -0.004094628, -0.0042544743, -0.004391502, -0.0044517433, -0.0045578564, -0.004647512, -0.004722981, -0.0047554583, -0.004810081, -0.004850194, -0.0048646177, -0.004881123, -0.004879637, -0.004859553, -0.0048427847, -0.0047966135, -0.0047355583, -0.004699755, -0.004616715, -0.0045167445, -0.0044598146, -0.0043314127, -0.0041827965, -0.0040129595, -0.003920322, -0.0037202563, -0.0035041424, -0.0033907124, -0.0031539926, -0.00290256, -0.0026409382, -0.0025139109, -0.0023128835, -0.0022873941, -0.0023471308, 0, 0
0, 0, 0, 0, 0, 0, 0, 0, 0, 0, 0, 0, 0, 0, 0, 0, 0, 0, 0, 0, 0, 0, 0, 0, 0, 0, 0, 0, 0, 0, 0, 0, 0, 0, 0, 0, 0, 0, 0, 0, 0, 0, 0, 0, 0, 0, 0, 0, 0, 0, 0, 0, 0, 0, 0, 0, 0, 0, 0, 0, 0, 0, 0, 0, 0, 0, 0, 0, 0, 0, 0, 0, 0, 0, 0, 0, 0, 0, 0, 0, 0, 0, 0, 0, 0, 0, 0, 0, 0, 0, 0, 0, 0, 0, 0, 0, 0, 0, 0, 0, -0.0017914094, -0.0016336762, -0.0017918237, -0.0019179294, -0.0021954528, -0.002471939, -0.0026054129, -0.0028622157, -0.0031061391, -0.0033372247, -0.0034474784, -0.0036553952, -0.0038438954, -0.0039298157, -0.0040835594, -0.004213093, -0.004269591, -0.004368547, -0.004452916, -0.004524935, -0.004556572, -0.0046097664, -0.0046486077, -0.0046617244, -0.0046742163, -0.0046671527, -0.004640679, -0.004620735, -0.0045701666, -0.00450874, -0.004474825, -0.0044000978, -0.004313439, -0.004264215, -0.0041516004, -0.0040162792, -0.0038555088, -0.0037650943, -0.003565737, -0.0033460073, -0.0032300435, -0.0029881485, -0.0027345181, -0.0024787874, -0.0023617868, -0.0022133174, -0.0023185036, -0.0024619978, 0, 0
0, 0, 0, 0, 0, 0, 0, 0, 0, 0, 0, 0, 0, 0, 0, 0, 0, 0, 0, 0, 0, 0, 0, 0, 0, 0, 0, 0, 0, 0, 0, 0, 0, 0, 0, 0, 0, 0, 0, 0, 0, 0, 0, 0, 0, 0, 0, 0, 0, 0, 0, 0, 0, 0, 0, 0, 0, 0, 0, 0, 0, 0, 0, 0, 0, 0, 0, 0, 0, 0, 0, 0, 0, 0, 0, 0, 0, 0, 0, 0, 0, 0, 0, 0, 0, 0, 0, 0, 0, 0, 0, 0, 0, 0, 0, 0, 0, 0, 0, 0, -0.001594652, -0.0015655749, -0.0017149718, -0.0018244835, -0.0020673135, -0.0023160381, -0.0024389364, -0.0026804316, -0.0029141845, -0.00313749, -0.003244088, -0.003444406, -0.003624818, -0.0037067228, -0.0038530028, -0.0039764424, -0.004030493, -0.004126083, -0.0042088414, -0.0042812526, -0.004313383, -0.004368136, -0.0044074208, -0.0044202413, -0.004430382, -0.0044185813, -0.0043848185, -0.0043607336, -0.0043009645, -0.0042312834, -0.0041940724, -0.00411534, -0.004028611, -0.0039808257, -0.003873586, -0.0037466597, -0.0035952285, -0.0035093513, -0.003318242, -0.0031046364, -0.002991289, -0.002754771, -0.002509013, -0.0022686035, -0.0021657725, -0.002085641, -0.002447813, -0.0029015294, 0, 0
0, 0, 0, 0, 0, 0, 0, 0, 0, 0, 0, 0, 0, 0, 0, 0, 0, 0, 0, 0, 0, 0, 0, 0, 0, 0, 0, 0, 0, 0, 0, 0, 0, 0, 0, 0, 0, 0, 0, 0, 0, 0, 0, 0, 0, 0, 0, 0, 0, 0, 0, 0, 0, 0, 0, 0, 0, 0, 0, 0, 0, 0, 0, 0, 0, 0, 0, 0, 0, 0, 0, 0, 0, 0, 0, 0, 0, 0, 0, 0, 0, 0, 0, 0, 0, 0, 0, 0, 0, 0, 0, 0, 0, 0, 0, 0, 0, 0, 0, -0.0019809112, -0.0015853458, -0.0015368757, -0.0016678064, -0.0017607663, -0.001965752, -0.00217755, -0.0022836085, -0.0024942162, -0.0027011812, -0.0029004377, -0.0029959835, -0.0031762244, -0.0033403595, -0.0034157997, -0.003552762, -0.00367151, -0.0037245618, -0.0038201814, -0.0039046973, -0.003979744, -0.004013262, -0.0040704934, -0.0041116597, -0.0041252407, -0.0041366066, -0.004125441, -0.0040909545, -0.0040656803, -0.0040018987, -0.003925602, -0.0038840931, -0.0037954543, -0.0036984263, -0.0036459903, -0.0035318674, -0.0034028692, -0.0032555806, -0.0031741636, -0.002994919, -0.0027960315, -0.0026906, -0.0024710216, -0.0022444038, -0.002023945, -0.0019277036, -0.0018190171, -0.0018830061, 0, 0, 0
0, 0, 0, 0, 0, 0, 0, 0, 0, 0, 0, 0, 0, 0, 0, 0, 0, 0, 0, 0, 0, 0, 0, 0, 0, 0, 0, 0, 0, 0, 0, 0, 0, 0, 0, 0, 0, 0, 0, 0, 0, 0, 0, 0, 0, 0, 0, 0, 0, 0, 0, 0, 0, 0, 0, 0, 0, 0, 0, 0, 0, 0, 0, 0, 0, 0, 0, 0, 0, 0, 0, 0, 0, 0, 0, 0, 0, 0, 0, 0, 0, 0, 0, 0, 0, 0, 0, 0, 0, 0, 0, 0, 0, 0, 0, 0, 0, 0, 0, -0.001639516, -0.00150095, -0.0015061162, -0.0016249021, -0.0017029213, -0.0018718833, -0.002044843, -0.0021312998, -0.002302653, -0.0024709061, -0.0026330014, -0.0027110965, -0.0028597428, -0.002998859, -0.0030648087, -0.0031888874, -0.0033016866, -0.0033535974, -0.003448709, -0.0035332902, -0.003607159, -0.003639663, -0.0036940703, -0.003732842, -0.003745957, -0.0037586768, -0.0037526756, -0.0037263017, -0.0037054017, -0.0036496888, -0.0035782089, -0.0035374241, -0.0034463499, -0.0033425277, -0.0032856592, -0.0031625014, -0.0030276696, -0.0028807495, -0.0028023566, -0.0026348163, -0.0024534317, -0.0023583248, -0.0021625678, -0.0019648394, -0.0017838588, -0.0017158268, -0.0016941855, -0.0018876859, 0, 0, 0
0, 0, 0, 0, 0, 0, 0, 0, 0, 0, 0, 0, 0, 0, 0, 0, 0, 0, 0, 0, 0, 0, 0, 0, 0, 0, 0, 0, 0, 0, 0, 0, 0, 0, 0, 0, 0, 0, 0, 0, 0, 0, 0, 0, 0, 0, 0, 0, 0, 0, 0, 0, 0, 0, 0, 0, 0, 0, 0, 0, 0, 0, 0, 0, 0, 0, 0, 0, 0, 0, 0, 0, 0, 0, 0, 0, 0, 0, 0, 0, 0, 0, 0, 0, 0, 0, 0, 0, 0, 0, 0, 0, 0, 0, 0, 0, 0, 0, -0.0019352795, -0.0016883292, -0.0014298682, -0.0014259911, -0.0015285792, -0.001595144, -0.001737279, -0.0018802253, -0.0019503444, -0.0020863963, -0.0022163633, -0.002338912, -0.0023976369, -0.0025107607, -0.002620999, -0.0026757806, -0.0027838864, -0.0028879703, -0.002937158, -0.0030277907, -0.003106169, -0.003170753, -0.003197427, -0.0032391748, -0.003266224, -0.0032750478, -0.003284379, -0.003283096, -0.0032690451, -0.0032564232, -0.0032187053, -0.0031644304, -0.0031310515, -0.0030518526, -0.0029551252, -0.0029004014, -0.0027797997, -0.0026477072, -0.0025069285, -0.0024335058, -0.0022798672, -0.0021164974, -0.002031521, -0.0018571807, -0.001683459, -0.0015339503, -0.0014898258, -0.001574632, -0.0021549521, 0, 0, 0
0, 0, 0, 0, 0, 0, 0, 0, 0, 0, 0, 0, 0, 0, 0, 0, 0, 0, 0, 0, 0, 0, 0, 0, 0, 0, 0, 0, 0, 0, 0, 0, 0, 0, 0, 0, 0, 0, 0, 0, 0, 0, 0, 0, 0, 0, 0, 0, 0, 0, 0, 0, 0, 0, 0, 0, 0, 0, 0, 0, 0, 0, 0, 0, 0, 0, 0, 0, 0, 0, 0, 0, 0, 0, 0, 0, 0, 0, 0, 0, 0, 0, 0, 0, 0, 0, 0, 0, 0, 0, 0, 0, 0, 0, 0, 0, 0, 0, -0.0013975502, -0.0013040826, -0.0011895543, -0.0012194229, -0.0013218134, -0.0013834706, -0.0015126526, -0.0016392986, -0.0016997549, -0.0018132423, -0.001915844, -0.0020078537, -0.0020509516, -0.0021346775, -0.0022201552, -0.0022648165, -0.0023574904, -0.0024508724, -0.0024956951, -0.0025775125, -0.002644544, -0.002693866, -0.0027115564, -0.0027339752, -0.0027431287, -0.002744739, -0.0027455431, -0.0027450358, -0.002741155, -0.0027364912, -0.0027182535, -0.0026851709, -0.002662361, -0.0026031535, -0.0025253466, -0.002479798, -0.0023772975, -0.0022636491, -0.0021431318, -0.0020806084, -0.0019498469, -0.0018096456, -0.0017356504, -0.0015803288, -0.0014200809, -0.001272163, -0.0012162897, -0.0011879129, 0, 0, 0, 0
0, 0, 0, 0, 0, 0, 0, 0, 0, 0, 0, 0, 0, 0, 0, 0, 0, 0, 0, 0, 0, 0, 0, 0, 0, 0, 0, 0, 0, 0, 0, 0, 0, 0, 0, 0, 0, 0, 0, 0, 0, 0, 0, 0, 0, 0, 0, 0, 0, 0, 0, 0, 0, 0, 0, 0, 0, 0, 0, 0, 0, 0, 0, 0, 0, 0, 0, 0, 0, 0, 0, 0, 0, 0, 0, 0, 0, 0, 0, 0, 0, 0, 0, 0, 0, 0, 0, 0, 0, 0, 0, 0, 0, 0, 0, 0, 0, 0, -0.00089507876, -0.0008577982, -0.00083925924, -0.0009040383, -0.0010107369, -0.0010702409, -0.0011911643, -0.0013070985, -0.0013615271, -0.0014608967, -0.0015467016, -0.0016202389, -0.0016537578, -0.0017190053, -0.0017881548, -0.0018254058, -0.0019054706, -0.001988237, -0.0020280322, -0.0020997885, -0.0021555454, -0.0021917082, -0.0022024165, -0.002210478, -0.0022062513, -0.0022022729, -0.0021955837, -0.00219401, -0.0021957192, -0.0021959962, -0.0021909224, -0.0021735644, -0.002159137, -0.0021179006, -0.0020606562, -0.0020264795, -0.0019496671, -0.001865418, -0.0017771904, -0.0017316857, -0.0016354694, -0.0015284993, -0.00146958, -0.0013404981, -0.0011999166, -0.0010642736, -0.0010109558, -0.0009772974, 0, 0, 0, 0
0, 0, 0, 0, 0, 0, 0, 0, 0, 0, 0, 0, 0, 0, 0, 0, 0, 0, 0, 0, 0, 0, 0, 0, 0, 0, 0, 0, 0, 0, 0, 0, 0, 0, 0, 0, 0, 0, 0, 0, 0, 0, 0, 0, 0, 0, 0, 0, 0, 0, 0, 0, 0, 0, 0, 0, 0, 0, 0, 0, 0, 0, 0, 0, 0, 0, 0, 0, 0, 0, 0, 0, 0, 0, 0, 0, 0, 0, 0, 0, 0, 0, 0, 0, 0, 0, 0, 0, 0, 0, 0, 0, 0, 0, 0, 0, 0, 0, -0.00047997225, -0.00047531203, -0.00049911457, -0.00056916615, -0.00066345587, -0.0007140106, -0.000815415, -0.0009118184, -0.00095663476, -0.0010377421, -0.0011070658, -0.0011661262, -0.0011931977, -0.0012469656, -0.0013050552, -0.0013368654, -0.0014057214, -0.0014775785, -0.0015124041, -0.0015752871, -0.0016243485, -0.0016565581, -0.0016661943, -0.0016740405, -0.0016717187, -0.0016690961, -0.0016654225, -0.001666975, -0.0016726182, -0.0016754215, -0.001676347, -0.0016664672, -0.0016565276, -0.0016262284, -0.0015838651, -0.0015594566, -0.0015066017, -0.0014524576, -0.0013993093, -0.0013726255, -0.0013162304, -0.001249716, -0.0012107757, -0.0011195902, -0.0010143475, -0.0009139344, -0.00087907596, -0.00087977736, 0, 0, 0, 0
0, 0, 0, 0, 0, 0, 0, 0, 0, 0, 0, 0, 0, 0, 0, 0, 0, 0, 0, 0, 0, 0, 0, 0, 0, 0, 0, 0, 0, 0, 0, 0, 0, 0, 0, 0, 0, 0, 0, 0, 0, 0, 0, 0, 0, 0, 0, 0, 0, 0, 0, 0, 0, 0, 0, 0, 0, 0, 0, 0, 0, 0, 0, 0, 0, 0, 0, 0, 0, 0, 0, 0, 0, 0, 0, 0, 0, 0, 0, 0, 0, 0, 0, 0, 0, 0, 0, 0, 0, 0, 0, 0, 0, 0, 0, 0, 0, 0, -0.00017392238, -0.00019623782, -0.0002309647, -0.00028115805, -0.0003424187, -0.0003746851, -0.00043858695, -0.000498395, -0.0005261093, -0.0005760226, -0.00061973225, -0.000659259, -0.00067863235, -0.0007191337, -0.0007649562, -0.00079037406, -0.00084548775, -0.0009037412, -0.00093248545, -0.0009862921, -0.001031852, -0.0010671843, -0.0010809755, -0.0011018657, -0.001116648, -0.0011229281, -0.0011358336, -0.0011501483, -0.0011643942, -0.0011704344, -0.001176821, -0.0011723792, -0.0011655451, -0.0011434798, -0.0011134779, -0.0010970435, -0.0010648695, -0.0010368179, -0.0010143225, -0.0010043508, -0.0009834504, -0.00095606677, -0.0009378205, -0.00088978256, -0.000830215, -0.00078038964, -0.0007745243, -0.00084220606, 0, 0, 0, 0
0, 0, 0, 0, 0, 0, 0, 0, 0, 0, 0, 0, 0, 0, 0, 0, 0, 0, 0, 0, 0, 0, 0, 0, 0, 0, 0, 0, 0, 0, 0, 0, 0, 0, 0, 0, 0, 0, 0, 0, 0, 0, 0, 0, 0, 0, 0, 0, 0, 0, 0, 0, 0, 0, 0, 0, 0, 0, 0, 0, 0, 0, 0, 0, 0, 0, 0, 0, 0, 0, 0, 0, 0, 0, 0, 0, 0, 0, 0, 0, 0, 0, 0, 0, 0, 0, 0, 0, 0, 0, 0, 0, 0, 0, 0, 0, 0, 4.6211637e-05, -1.0751744e-05, -2.0462274e-05, -2.8498467e-05, -3.968278e-05, -5.472406e-05, -6.2588006e-05, -7.692428e-05, -8.871715e-05, -9.377927e-05, -0.00010309318, -0.000113343274, -0.00012725184, -0.00013623295, -0.00015889468, -0.00018786984, -0.00020432156, -0.00024082616, -0.0002806668, -0.00030103576, -0.00034158985, -0.00038046864, -0.00041719002, -0.0004350158, -0.00047014517, -0.0005058221, -0.00052386196, -0.0005602325, -0.0005951407, -0.0006256862, -0.0006385653, -0.00065775623, -0.00066657714, -0.00066690723, -0.00066061073, -0.00064890285, -0.0006428884, -0.0006335212, -0.00063050597, -0.00063421304, -0.0006376167, -0.0006448705, -0.00064877176, -0.0006479066, -0.00063847605, -0.0006218556, -0.0006177331, -0.00063773297, -0.00079979014, 0, 0, 0, 0
0, 0, 0, 0, 0, 0, 0, 0, 0, 0, 0, 0, 0, 0, 0, 0, 0, 0, 0, 0, 0, 0, 0, 0, 0, 0, 0, 0, 0, 0, 0, 0, 0, 0, 0, 0, 0, 0, 0, 0, 0, 0, 0, 0, 0, 0, 0, 0, 0, 0, 0, 0, 0, 0, 0, 0, 0, 0, 0, 0, 0, 0, 0, 0, 0, 0, 0, 0, 0, 0, 0, 0, 0, 0, 0, 0, 0, 0, 0, 0, 0, 0, 0, 0, 0, 0, 0, 0, 0, 0, 0, 0, 0, 0, 0, 0, 0, 0.00010490272, 0.0001116594, 0.00012755377, 0.00016793801, 0.00020662915, 0.00024281183, 0.00026074436, 0.00029714365, 0.00033289558, 0.00034983738, 0.000379665, 0.00040101015, 0.00041161967, 0.00041265608, 0.00040831894, 0.00039732922, 0.00039041904, 0.00037474613, 0.0003562851, 0.0003459539, 0.00032316588, 0.000297092, 0.00026694903, 0.000249769, 0.00021026697, 0.00016361401, 0.00013792586, 8.426081e-05, 3.0674004e-05, -1.9475121e-05, -4.251557e-05, -8.403761e-05, -0.00011860466, -0.00013301041, -0.00015671286, -0.00017645065, -0.00018614419, -0.00020743096, -0.00023315028, -0.00026282098, -0.00027832718, -0.00030926173, -0.0003380249, -0.00035097252, -0.00037311582, -0.0003905185, -0.00041068892, -0.00042797366, -0.0004790016, 0, 0, 0, 0
0, 0, 0, 0, 0, 0, 0, 0, 0, 0, 0, 0, 0, 0, 0, 0, 0, 0, 0, 0, 0, 0, 0, 0, 0, 0, 0, 0, 0, 0, 0, 0, 0, 0, 0, 0, 0, 0, 0, 0, 0, 0, 0, 0, 0, 0, 0, 0, 0, 0, 0, 0, 0, 0, 0, 0, 0, 0, 0, 0, 0, 0, 0, 0, 0, 0, 0, 0, 0, 0, 0, 0, 0, 0, 0, 0, 0, 0, 0, 0, 0, 0, 0, 0, 0, 0, 0, 0, 0, 0, 0, 0, 0, 0, 0, 0, 0, 0.00026131902, 0.00029370672, 0.00033183297, 0.00042230153, 0.0005115305, 0.00059603405, 0.00063711806, 0.0007167906, 0.00079127314, 0.00082536245, 0.0008845648, 0.0009290737, 0.00095735374, 0.0009661589, 0.0009755731, 0.0009789161, 0.000979842, 0.0009812993, 0.0009811318, 0.0009797871, 0.00097346527, 0.0009611781, 0.00094157725, 0.0009282604, 0.0008941959, 0.0008497394, 0.0008239554, 0.00076735864, 0.0007062735, 0.00064306956, 0.00061076233, 0.0005450202, 0.00047820542, 0.0004449945, 0.00037992175, 0.0003174254, 0.00028688708, 0.00022669966, 0.00016692621, 0.00010826396, 7.9708974e-05, 2.4128924e-05, -2.9234903e-05, -5.545736e-05, -0.00010695159, -0.00015680732, -0.00020734378, -0.0002356809, -0.00029797212, 0, 0, 0, 0
0, 0, 0, 0, 0, 0, 0, 0, 0, 0, 0, 0, 0, 0, 0, 0, 0, 0, 0, 0, 0, 0, 0, 0, 0, 0, 0, 0, 0, 0, 0, 0, 0, 0, 0, 0, 0, 0, 0, 0, 0, 0, 0, 0, 0, 0, 0, 0, 0, 0, 0, 0, 0, 0, 0, 0, 0, 0, 0, 0, 0, 0, 0, 0, 0, 0, 0, 0, 0, 0, 0, 0, 0, 0, 0, 0, 0, 0, 0, 0, 0, 0, 0, 0, 0, 0, 0, 0, 0, 0, 0, 0, 0, 0, 0, 0, 0, 0.00054760056, 0.0005783858, 0.0006270489, 0.00075284694, 0.0008837727, 0.0010087686, 0.0010687697, 0.0011826886, 0.001286655, 0.0013334877, 0.0014140916, 0.0014755665, 0.0015179582, 0.0015331588, 0.0015546323, 0.0015696833, 0.0015763763, 0.0015892241, 0.0016001627, 0.0016041445, 0.001606954, 0.0016011939, 0.001585823, 0.0015745377, 0.0015447548, 0.001506029, 0.0014837658, 0.0014333775, 0.0013757772, 0.0013097938, 0.0012730152, 0.0011909069, 0.0010974857, 0.0010472174, 0.00094241335, 0.00083597633, 0.0007834457, 0.00068135967, 0.0005842816, 0.00049235596, 0.00044826392, 0.00036268114, 0.0002785979, 0.0002366301, 0.00015226373, 6.874484e-05, -1.1619888e-05, -5.3453183e-05, -0.00017838905, 0, 0, 0, 0
0, 0, 0, 0, 0, 0, 0, 0, 0, 0, 0, 0, 0, 0, 0, 0, 0, 0, 0, 0, 0, 0, 0, 0, 0, 0, 0, 0, 0, 0, 0, 0, 0, 0, 0, 0, 0, 0, 0, 0, 0, 0, 0, 0, 0, 0, 0, 0, 0, 0, 0, 0, 0, 0, 0, 0, 0, 0, 0, 0, 0, 0, 0, 0, 0, 0, 0, 0, 0, 0, 0, 0, 0, 0, 0, 0, 0, 0, 0, 0, 0, 0, 0, 0, 0, 0, 0, 0, 0, 0, 0, 0, 0, 0, 0, 0, 0, 0.0010827159, 0.00094908907, 0.0009850649, 0.001125035, 0.0012859709, 0.0014425745, 0.0015176435, 0.0016601856, 0.0017893354, 0.0018478632, 0.0019501401, 0.002031435, 0.0020928697, 0.0021171104, 0.0021559047, 0.0021860746, 0.0021992077, 0.0022223457, 0.0022402608, 0.0022464527, 0.0022510816, 0.0022434113, 0.00222274, 0.0022081311, 0.002172054, 0.0021299578, 0.0021070894, 0.0020577789, 0.0020015188, 0.0019349713, 0.0018964694, 0.0018069284, 0.0016994565, 0.0016393679, 0.0015088234, 0.0013701856, 0.001299963, 0.0011612232, 0.0010273503, 0.00089865376, 0.00083585124, 0.0007116857, 0.0005872497, 0.0005245971, 0.00039930566, 0.00028058447, 0.00018628876, 0.00015524833, 0, 0, 0, 0, 0
0, 0, 0, 0, 0, 0, 0, 0, 0, 0, 0, 0, 0, 0, 0, 0, 0, 0, 0, 0, 0, 0, 0, 0, 0, 0, 0, 0, 0, 0, 0, 0, 0, 0, 0, 0, 0, 0, 0, 0, 0, 0, 0, 0, 0, 0, 0, 0, 0, 0, 0, 0, 0, 0, 0, 0, 0, 0, 0, 0, 0, 0, 0, 0, 0, 0, 0, 0, 0, 0, 0, 0, 0, 0, 0, 0, 0, 0, 0, 0, 0, 0, 0, 0, 0, 0, 0, 0, 0, 0, 0, 0, 0, 0, 0, 0, 0, 0.0012186378, 0.0012430355, 0.0013089763, 0.0014849618, 0.0016729634, 0.001854812, 0.0019422648, 0.002109807, 0.0022652596, 0.002337284, 0.0024672977, 0.002576978, 0.0026667279, 0.0027050439, 0.0027702898, 0.002823073, 0.002845576, 0.0028831866, 0.0029102685, 0.002919322, 0.0029263732, 0.0029162306, 0.0028880448, 0.0028679173, 0.0028184678, 0.0027613447, 0.0027311028, 0.0026672857, 0.002597712, 0.002519131, 0.0024754885, 0.0023773022, 0.0022626421, 0.00219863, 0.0020578948, 0.0019036656, 0.0018230656, 0.0016590393, 0.0014935822, 0.0013277502, 0.0012441897, 0.0010745467, 0.00090057607, 0.000812194, 0.00063626055, 0.0004751101, 0.0003686964, 0.0003533554, 0, 0, 0, 0, 0
0, 0, 0, 0, 0, 0, 0, 0, 0, 0, 0, 0, 0, 0, 0, 0, 0, 0, 0, 0, 0, 0, 0, 0, 0, 0, 0, 0, 0, 0, 0, 0, 0, 0, 0, 0, 0, 0, 0, 0, 0, 0, 0, 0, 0, 0, 0, 0, 0, 0, 0, 0, 0, 0, 0, 0, 0, 0, 0, 0, 0, 0, 0, 0, 0, 0, 0, 0, 0, 0, 0, 0, 0, 0, 0, 0, 0, 0, 0, 0, 0, 0, 0, 0, 0, 0, 0, 0, 0, 0, 0, 0, 0, 0, 0, 0, 0.001969355, 0.0015467135, 0.0015541936, 0.0016309611, 0.0018285349, 0.0020346628, 0.0022332468, 0.0023298778, 0.0025183614, 0.0026997752, 0.0027865297, 0.0029488073, 0.003092665, 0.0032163165, 0.0032708778, 0.003366606, 0.0034455913, 0.0034791823, 0.0035352015, 0.003576441, 0.0035914674, 0.0036082885, 0.003604627, 0.0035785828, 0.003557196, 0.0034998858, 0.0034278403, 0.0033876481, 0.00330033, 0.0032039916, 0.0030991363, 0.0030435706, 0.002925878, 0.0027982623, 0.0027299952, 0.0025827596, 0.0024211972, 0.0023355114, 0.0021561382, 0.0019672837, 0.0017688645, 0.0016658987, 0.0014516735, 0.001227499, 0.0011126766, 0.0008831886, 0.0006731448, 0.0005324693, 0.0005077047, 0, 0, 0, 0, 0
0, 0, 0, 0, 0, 0, 0, 0, 0, 0, 0, 0, 0, 0, 0, 0, 0, 0, 0, 0, 0, 0, 0, 0, 0, 0, 0, 0, 0, 0, 0, 0, 0, 0, 0, 0, 0, 0, 0, 0, 0, 0, 0, 0, 0, 0, 0, 0, 0, 0, 0, 0, 0, 0, 0, 0, 0, 0, 0, 0, 0, 0, 0, 0, 0, 0, 0, 0, 0, 0, 0, 0, 0, 0, 0, 0, 0, 0, 0, 0, 0, 0, 0, 0, 0, 0, 0, 0, 0, 0, 0, 0, 0, 0, 0, 0.002527676, 0.002179133, 0.0018169767, 0.0018599604, 0.0019485133, 0.0021633497, 0.00238143, 0.0025904537, 0.0026929094, 0.0028966279, 0.0030992639, 0.0031989245, 0.003390899, 0.003566429, 0.0037202826, 0.0037887373, 0.0039086714, 0.0040075355, 0.004049797, 0.004121281, 0.0041772854, 0.004199857, 0.0042332783, 0.0042474293, 0.0042377724, 0.004222975, 0.0041735107, 0.0040993793, 0.0040542344, 0.0039499733, 0.0038293514, 0.0036960803, 0.003625906, 0.0034808607, 0.0033302298, 0.003252345, 0.0030898754, 0.0029157696, 0.0028238352, 0.002629952, 0.002422062, 0.0021986635, 0.0020806931, 0.0018327368, 0.0015708058, 0.0014364122, 0.0011691652, 0.0009323441, 0.0007967107, 0.00079055765, 0, 0, 0, 0, 0
0, 0, 0, 0, 0, 0, 0, 0, 0, 0, 0, 0, 0, 0, 0, 0, 0, 0, 0, 0, 0, 0, 0, 0, 0, 0, 0, 0, 0, 0, 0, 0, 0, 0, 0, 0, 0, 0, 0, 0, 0, 0, 0, 0, 0, 0, 0, 0, 0, 0, 0, 0, 0, 0, 0, 0, 0, 0, 0, 0, 0, 0, 0, 0, 0, 0, 0, 0, 0, 0, 0, 0, 0, 0, 0, 0, 0, 0, 0, 0, 0, 0, 0, 0, 0, 0, 0, 0, 0, 0, 0, 0, 0, 0, 0, 0.001989005, 0.0019018896, 0.0018903766, 0.0020813018, 0.002207013, 0.0024632483, 0.0027027272, 0.0029253273, 0.0030334145, 0.003249323, 0.0034675174, 0.0035768752, 0.0037907187, 0.003989689, 0.0041644746, 0.0042414796, 0.0043743304, 0.004481229, 0.0045265476, 0.0046039037, 0.0046682046, 0.00469653, 0.0047459006, 0.004781705, 0.004796755, 0.004794116, 0.0047655324, 0.0047044414, 0.004662188, 0.004556782, 0.0044268286, 0.004277776, 0.0041979305, 0.004030775, 0.003856281, 0.0037663004, 0.003580015, 0.0033830386, 0.0032798322, 0.003063906, 0.002833614, 0.002588173, 0.002459191, 0.0021899606, 0.0019082429, 0.0017649465, 0.0014856718, 0.0012559352, 0.0011629057, 0.0011840628, 0, 0, 0, 0, 0
0, 0, 0, 0, 0, 0, 0, 0, 0, 0, 0, 0, 0, 0, 0, 0, 0, 0, 0, 0, 0, 0, 0, 0, 0, 0, 0, 0, 0, 0, 0, 0, 0, 0, 0, 0, 0, 0, 0, 0, 0, 0, 0, 0, 0, 0, 0, 0, 0, 0, 0, 0, 0, 0, 0, 0, 0, 0, 0, 0, 0, 0, 0, 0, 0, 0, 0, 0, 0, 0, 0, 0, 0, 0, 0, 0, 0, 0, 0, 0, 0, 0, 0, 0, 0, 0, 0, 0, 0, 0, 0, 0, 0, 0, 0, 0.0017241297, 0.0017297091, 0.001905405, 0.0022121384, 0.0023746851, 0.0026818223, 0.0029544455, 0.0032009983, 0.0033186604, 0.003550806, 0.003783862, 0.0039008288, 0.0041309884, 0.0043466464, 0.004535979, 0.0046185628, 0.0047578337, 0.0048657404, 0.0049101585, 0.0049855965, 0.005050029, 0.005080431, 0.0051383143, 0.0051892707, 0.0052248714, 0.0052334117, 0.0052263443, 0.0051830574, 0.0051476117, 0.005051175, 0.0049250457, 0.0047758888, 0.0046944856, 0.0045209946, 0.0043346183, 0.0042365636, 0.004030159, 0.003808475, 0.003691745, 0.0034469394, 0.0031876122, 0.0029155922, 0.0027754023, 0.002487987, 0.0021943692, 0.002047793, 0.0017717642, 0.0015810134, 0.0016003686, 0.0016875657, 0, 0, 0, 0, 0
0, 0, 0, 0, 0, 0, 0, 0, 0, 0, 0, 0, 0, 0, 0, 0, 0, 0, 0, 0, 0, 0, 0, 0, 0, 0, 0, 0, 0, 0, 0, 0, 0, 0, 0, 0, 0, 0, 0, 0, 0, 0, 0, 0, 0, 0, 0, 0, 0, 0, 0, 0, 0, 0, 0, 0, 0, 0, 0, 0, 0, 0, 0, 0, 0, 0, 0, 0, 0, 0, 0, 0, 0, 0, 0, 0, 0, 0, 0, 0, 0, 0, 0, 0, 0, 0, 0, 0, 0, 0, 0, 0, 0, 0, 0, 0.0019364413, 0.0018157974, 0.0019398417, 0.002265945, 0.002443808, 0.0027842405, 0.0030909819, 0.0033690366, 0.0035007352, 0.0037566691, 0.0040085674, 0.004133675, 0.004379205, 0.004610197, 0.0048145647, 0.004903503, 0.0050527025, 0.0051660775, 0.005211856, 0.005287752, 0.0053520976, 0.005382405, 0.0054417476, 0.0054967455, 0.0055390405, 0.0055518528, 0.0055541447, 0.0055200835, 0.005488686, 0.0053994874, 0.005280276, 0.0051384917, 0.0050610546, 0.0048946333, 0.0047120787, 0.0046137962, 0.0044011334, 0.0041651046, 0.004037918, 0.0037667986, 0.0034763503, 0.003172481, 0.0030176365, 0.0027048786, 0.002391381, 0.0022365379, 0.0019501277, 0.0017815091, 0.001973051, 0.0022702408, 0, 0, 0, 0, 0
0, 0, 0, 0, 0, 0, 0, 0, 0, 0, 0, 0, 0, 0, 0, 0, 0, 0, 0, 0, 0, 0, 0, 0, 0, 0, 0, 0, 0, 0, 0, 0, 0, 0, 0, 0, 0, 0, 0, 0, 0, 0, 0, 0, 0, 0, 0, 0, 0, 0, 0, 0, 0, 0, 0, 0, 0, 0, 0, 0, 0, 0, 0, 0, 0, 0, 0, 0, 0, 0, 0, 0, 0, 0, 0, 0, 0, 0, 0, 0, 0, 0, 0, 0, 0, 0, 0, 0, 0, 0, 0, 0, 0, 0, 0, 0.001689008, 0.0016978022, 0.0019032903, 0.0022416078, 0.0024235796, 0.0027793928, 0.0031109897, 0.0034182337, 0.0035644122, 0.0038460263, 0.004118051, 0.0042512133, 0.004511285, 0.004756353, 0.004976026, 0.0050732237, 0.005239406, 0.0053694616, 0.0054226727, 0.0055116843, 0.005585158, 0.005618228, 0.0056792353, 0.0057316446, 0.0057686144, 0.005778421, 0.0057749567, 0.0057362835, 0.005703496, 0.0056132087, 0.0054960633, 0.0053602085, 0.0052873297, 0.00513222, 0.0049616517, 0.0048685637, 0.00466228, 0.0044247657, 0.0042933975, 0.004006353, 0.0036914463, 0.0033575103, 0.003186387, 0.0028414733, 0.002498013, 0.002329529, 0.0020155788, 0.0017961062, 0.0017685347, 0, 0, 0, 0, 0, 0
0, 0, 0, 0, 0, 0, 0, 0, 0, 0, 0, 0, 0, 0, 0, 0, 0, 0, 0, 0, 0, 0, 0, 0, 0, 0, 0, 0, 0, 0, 0, 0, 0, 0, 0, 0, 0, 0, 0, 0, 0, 0, 0, 0, 0, 0, 0, 0, 0, 0, 0, 0, 0, 0, 0, 0, 0, 0, 0, 0, 0, 0, 0, 0, 0, 0, 0, 0, 0, 0, 0, 0, 0, 0, 0, 0, 0, 0, 0, 0, 0, 0, 0, 0, 0, 0, 0, 0, 0, 0, 0, 0, 0, 0, 0.0019454461, 0.0016301884, 0.0016389446, 0.0018609714, 0.0021972924, 0.0023762868, 0.0027317703, 0.0030725948, 0.0033952056, 0.0035496582, 0.003846438, 0.004129708, 0.0042672777, 0.004533062, 0.0047833696, 0.005011291, 0.0051145284, 0.005296933, 0.0054479092, 0.005512569, 0.0056242975, 0.0057172473, 0.005757896, 0.005828309, 0.005881875, 0.005913098, 0.0059182825, 0.0059042396, 0.005855326, 0.0058181365, 0.0057212943, 0.005601374, 0.0054667653, 0.0053960555, 0.005248523, 0.005088213, 0.005000486, 0.0048038866, 0.004572045, 0.0044414154, 0.0041505434, 0.0038237884, 0.0034695964, 0.0032854178, 0.002910492, 0.0025374207, 0.0023579225, 0.0020461823, 0.0018992481, 0.0020322944, 0, 0, 0, 0, 0, 0
0, 0, 0, 0, 0, 0, 0, 0, 0, 0, 0, 0, 0, 0, 0, 0, 0, 0, 0, 0, 0, 0, 0, 0, 0, 0, 0, 0, 0, 0, 0, 0, 0, 0, 0, 0, 0, 0, 0, 0, 0, 0, 0, 0, 0, 0, 0, 0, 0, 0, 0, 0, 0, 0, 0, 0, 0, 0, 0, 0, 0, 0, 0, 0, 0, 0, 0, 0, 0, 0, 0, 0, 0, 0, 0, 0, 0, 0, 0, 0, 0, 0, 0, 0, 0, 0, 0, 0, 0, 0, 0, 0, 0, 0, 0.0016020082, 0.0015622295, 0.0016232653, 0.0018730627, 0.0021994766, 0.0023706553, 0.002712045, 0.0030440174, 0.0033619858, 0.0035148647, 0.0038085866, 0.0040872046, 0.004220942, 0.004477807, 0.004718377, 0.0049392222, 0.0050412295, 0.0052272244, 0.0053891754, 0.005461793, 0.005591396, 0.0057021133, 0.0057509546, 0.0058350037, 0.005897612, 0.0059330715, 0.0059386827, 0.0059235953, 0.0058725076, 0.0058340537, 0.0057356344, 0.005614191, 0.0054788077, 0.0054078195, 0.005260847, 0.005103421, 0.0050181574, 0.004827991, 0.004603449, 0.004476597, 0.0041918615, 0.0038678849, 0.0035097061, 0.0033201168, 0.0029263492, 0.0025265445, 0.002333894, 0.0020147166, 0.0019601604, 0.002521976, 0, 0, 0, 0, 0, 0
0, 0, 0, 0, 0, 0, 0, 0, 0, 0, 0, 0, 0, 0, 0, 0, 0, 0, 0, 0, 0, 0, 0, 0, 0, 0, 0, 0, 0, 0, 0, 0, 0, 0, 0, 0, 0, 0, 0, 0, 0, 0, 0, 0, 0, 0, 0, 0, 0, 0, 0, 0, 0, 0, 0, 0, 0, 0, 0, 0, 0, 0, 0, 0, 0, 0, 0, 0, 0, 0, 0, 0, 0, 0, 0, 0, 0, 0, 0, 0, 0, 0, 0, 0, 0, 0, 0, 0, 0, 0, 0, 0, 0, 0, 0.0017712709, 0.0016258426, 0.0016908527, 0.0019414694, 0.0022511976, 0.0024109785, 0.0027288957, 0.0030386471, 0.003336293, 0.0034800123, 0.0037558475, 0.0040162248, 0.004140429, 0.004376833, 0.004596311, 0.0047974843, 0.004891119, 0.005065006, 0.0052207997, 0.0052917576, 0.0054206075, 0.0055328524, 0.0055831512, 0.00567176, 0.005741813, 0.0057875104, 0.005798915, 0.0057965093, 0.0057586287, 0.00572672, 0.005639755, 0.005526177, 0.005393202, 0.0053215963, 0.0051710266, 0.005010301, 0.004924358, 0.0047364663, 0.004519745, 0.004398807, 0.0041297143, 0.0038236754, 0.0034813536, 0.0032972938, 0.0029067146, 0.0024956674, 0.0022904049, 0.0019226812, 0.0017224108, 0, 0, 0, 0, 0, 0, 0
0, 0, 0, 0, 0, 0, 0, 0, 0, 0, 0, 0, 0, 0, 0, 0, 0, 0, 0, 0, 0, 0, 0, 0, 0, 0, 0, 0, 0, 0, 0, 0, 0, 0, 0, 0, 0, 0, 0, 0, 0, 0, 0, 0, 0, 0, 0, 0, 0, 0, 0, 0, 0, 0, 0, 0, 0, 0, 0, 0, 0, 0, 0, 0, 0, 0, 0, 0, 0, 0, 0, 0, 0, 0, 0, 0, 0, 0, 0, 0, 0, 0, 0, 0, 0, 0, 0, 0, 0, 0, 0, 0, 0, 0, 0.0015644766, 0.0016275967, 0.0017274849, 0.00199345, 0.0022878118, 0.0024353808, 0.0027265279, 0.0030092294, 0.0032816965, 0.0034134288, 0.0036671995, 0.003906541, 0.0040206513, 0.004235946, 0.0044341506, 0.0046148496, 0.0046990234, 0.0048548277, 0.00499379, 0.005056469, 0.0051680715, 0.005262619, 0.0053043803, 0.0053788014, 0.0054412093, 0.0054877643, 0.005503158, 0.0055144737, 0.0054970165, 0.0054767933, 0.005412868, 0.005318083, 0.0051959585, 0.0051265745, 0.004974905, 0.0048096213, 0.0047218385, 0.00453429, 0.004326313, 0.0042131823, 0.003966665, 0.003690831, 0.0033828998, 0.0032164047, 0.0028584977, 0.0024762102, 0.0022847052, 0.0019484247, 0.0017945553, 0, 0, 0, 0, 0, 0, 0
0, 0, 0, 0, 0, 0, 0, 0, 0, 0, 0, 0, 0, 0, 0, 0, 0, 0, 0, 0, 0, 0, 0, 0, 0, 0, 0, 0, 0, 0, 0, 0, 0, 0, 0, 0, 0, 0, 0, 0, 0, 0, 0, 0, 0, 0, 0, 0, 0, 0, 0, 0, 0, 0, 0, 0, 0, 0, 0, 0, 0, 0, 0, 0, 0, 0, 0, 0, 0, 0, 0, 0, 0, 0, 0, 0, 0, 0, 0, 0, 0, 0, 0, 0, 0, 0, 0, 0, 0, 0, 0, 0, 0, 0.0017748256, 0.0015291019, 0.0016095261, 0.0017167344, 0.0019774695, 0.0022510535, 0.0023860298, 0.002650077, 0.002907191, 0.003156888, 0.003278431, 0.003513257, 0.0037357118, 0.0038417643, 0.004042462, 0.0042273067, 0.004395892, 0.0044742753, 0.0046185395, 0.0047446038, 0.0048000338, 0.0048933947, 0.0049652774, 0.00499436, 0.00504221, 0.0050800494, 0.0051082447, 0.0051182476, 0.005127487, 0.0051193014, 0.0051072985, 0.0050642323, 0.0049912473, 0.004886492, 0.0048228567, 0.004676962, 0.004512157, 0.0044242386, 0.0042385077, 0.0040393295, 0.003934301, 0.0037112804, 0.0034691694, 0.0032033846, 0.003060416, 0.0027539502, 0.0024318253, 0.0022783491, 0.0020537034, 0.0020876692, 0, 0, 0, 0, 0, 0, 0
0, 0, 0, 0, 0, 0, 0, 0, 0, 0, 0, 0, 0, 0, 0, 0, 0, 0, 0, 0, 0, 0, 0, 0, 0, 0, 0, 0, 0, 0, 0, 0, 0, 0, 0, 0, 0, 0, 0, 0, 0, 0, 0, 0, 0, 0, 0, 0, 0, 0, 0, 0, 0, 0, 0, 0, 0, 0, 0, 0, 0, 0, 0, 0, 0, 0, 0, 0, 0, 0, 0, 0, 0, 0, 0, 0, 0, 0, 0, 0, 0, 0, 0, 0, 0, 0, 0, 0, 0, 0, 0, 0, 0.0013496599, 0.0012942353, 0.0012942492, 0.0014439491, 0.0015465826, 0.0017688463, 0.0019934848, 0.0021050998, 0.0023257437, 0.0025450438, 0.002761016, 0.0028664584, 0.0030690227, 0.0032581696, 0.0033475412, 0.003516564, 0.003674171, 0.0038222387, 0.0038924133, 0.0040250206, 0.004144425, 0.0041977284, 0.004288408, 0.0043535205, 0.0043755434, 0.0043988535, 0.004397469, 0.004377431, 0.0043622297, 0.0043248585, 0.0042805495, 0.004255853, 0.0041995454, 0.004129776, 0.0040402985, 0.003986907, 0.0038632678, 0.0037191215, 0.0036408438, 0.0034739652, 0.0032968603, 0.0032048677, 0.0030141433, 0.002813414, 0.0025998976, 0.002487348, 0.0022504374, 0.0020127585, 0.0019101007, 0.0018125614, 0.0019314162, 0, 0, 0, 0, 0, 0, 0
0, 0, 0, 0, 0, 0, 0, 0, 0, 0, 0, 0, 0, 0, 0, 0, 0, 0, 0, 0, 0, 0, 0, 0, 0, 0, 0, 0, 0, 0, 0, 0, 0, 0, 0, 0, 0, 0, 0, 0, 0, 0, 0, 0, 0, 0, 0, 0, 0, 0, 0, 0, 0, 0, 0, 0, 0, 0, 0, 0, 0, 0, 0, 0, 0, 0, 0, 0, 0, 0, 0, 0, 0, 0, 0, 0, 0, 0, 0, 0, 0, 0, 0, 0, 0, 0, 0, 0, 0, 0, 0, 0, 0.0009920532, 0.0010042295, 0.0011233679, 0.0013198232, 0.001427239, 0.0016423572, 0.0018530783, 0.0019570517, 0.0021641366, 0.002370129, 0.0025719614, 0.0026695363, 0.0028533265, 0.0030190449, 0.0030949072, 0.0032350945, 0.0033631593, 0.0034832542, 0.003540864, 0.0036524665, 0.003757756, 0.0038072148, 0.0038963363, 0.003966531, 0.003992348, 0.004023082, 0.0040257336, 0.004004062, 0.0039857407, 0.0039375797, 0.0038768537, 0.0038425971, 0.0037669502, 0.0036812406, 0.0035837193, 0.0035299065, 0.0034112881, 0.0032784222, 0.0032067283, 0.0030546577, 0.0028916, 0.0028060458, 0.0026264798, 0.0024338013, 0.00222616, 0.002116492, 0.001888774, 0.0016707244, 0.0015874903, 0.0015886348, 0.0020891412, 0, 0, 0, 0, 0, 0, 0
0, 0, 0, 0, 0, 0, 0, 0, 0, 0, 0, 0, 0, 0, 0, 0, 0, 0, 0, 0, 0, 0, 0, 0, 0, 0, 0, 0, 0, 0, 0, 0, 0, 0, 0, 0, 0, 0, 0, 0, 0, 0, 0, 0, 0, 0, 0, 0, 0, 0, 0, 0, 0, 0, 0, 0, 0, 0, 0, 0, 0, 0, 0, 0, 0, 0, 0, 0, 0, 0, 0, 0, 0, 0, 0, 0, 0, 0, 0, 0, 0, 0, 0, 0, 0, 0, 0, 0, 0, 0, 0, 0, 0.00092899706, 0.0009089787, 0.0010110465, 0.0011990386, 0.001301203, 0.001505025, 0.0017039366, 0.0018023426, 0.0019977156, 0.0021913783, 0.0023795725, 0.0024694374, 0.0026356368, 0.0027792857, 0.0028420973, 0.0029525463, 0.0030471056, 0.0031328967, 0.003173986, 0.003254884, 0.0033348305, 0.0033742257, 0.0034489562, 0.0035129806, 0.00353852, 0.0035725245, 0.003582198, 0.0035686677, 0.0035543216, 0.0035119634, 0.00345301, 0.0034177604, 0.0033367474, 0.0032439756, 0.0031413138, 0.0030866656, 0.0029699649, 0.0028433048, 0.0027762768, 0.0026349328, 0.0024842692, 0.0024047587, 0.0022364468, 0.0020516575, 0.0018484575, 0.0017404434, 0.0015172544, 0.0013101934, 0.0012335395, 0.0012031165, 0, 0, 0, 0, 0, 0, 0, 0
0, 0, 0, 0, 0, 0, 0, 0, 0, 0, 0, 0, 0, 0, 0, 0, 0, 0, 0, 0, 0, 0, 0, 0, 0, 0, 0, 0, 0, 0, 0, 0, 0, 0, 0, 0, 0, 0, 0, 0, 0, 0, 0, 0, 0, 0, 0, 0, 0, 0, 0, 0, 0, 0, 0, 0, 0, 0, 0, 0, 0, 0, 0, 0, 0, 0, 0, 0, 0, 0, 0, 0, 0, 0, 0, 0, 0, 0, 0, 0, 0, 0, 0, 0, 0, 0, 0, 0, 0, 0, 0, 0.00081565924, 0.0007447948, 0.00075007684, 0.0008556538, 0.0010273496, 0.0011213908, 0.0013108897, 0.0014972887, 0.0015890134, 0.0017706176, 0.0019485643, 0.0021206914, 0.0022030624, 0.0023550324, 0.0024850806, 0.0025407632, 0.0026348894, 0.0027103298, 0.002773982, 0.0028031885, 0.0028597584, 0.0029150317, 0.0029423567, 0.0029949911, 0.0030409163, 0.0030598098, 0.0030855087, 0.0030933795, 0.0030842477, 0.0030736614, 0.0030418166, 0.0029949376, 0.0029658538, 0.0028960803, 0.0028122293, 0.0027164493, 0.0026646466, 0.0025528201, 0.002430551, 0.0023659684, 0.002230445, 0.0020880227, 0.0020138884, 0.0018571166, 0.0016846254, 0.0014926577, 0.0013898219, 0.0011775973, 0.0009877651, 0.0009299587, 0.0010223851, 0, 0, 0, 0, 0, 0, 0, 0
0, 0, 0, 0, 0, 0, 0, 0, 0, 0, 0, 0, 0, 0, 0, 0, 0, 0, 0, 0, 0, 0, 0, 0, 0, 0, 0, 0, 0, 0, 0, 0, 0, 0, 0, 0, 0, 0, 0, 0, 0, 0, 0, 0, 0, 0, 0, 0, 0, 0, 0, 0, 0, 0, 0, 0, 0, 0, 0, 0, 0, 0, 0, 0, 0, 0, 0, 0, 0, 0, 0, 0, 0, 0, 0, 0, 0, 0, 0, 0, 0, 0, 0, 0, 0, 0, 0, 0, 0, 0, 0, 0.0003907584, 0.00043148355, 0.00047614024, 0.00060888263, 0.0007744619, 0.0008615732, 0.0010353735, 0.0012047206, 0.0012871985, 0.0014474529, 0.001602228, 0.0017517407, 0.0018241506, 0.001961649, 0.002085345, 0.0021408845, 0.0022382515, 0.0023187473, 0.0023858172, 0.002415387, 0.0024684316, 0.0025139095, 0.0025339948, 0.002568352, 0.002594668, 0.002604231, 0.0026146835, 0.0026126609, 0.0025991278, 0.0025886882, 0.0025613217, 0.0025248332, 0.0025026915, 0.0024495353, 0.0023831106, 0.0023033395, 0.0022581145, 0.0021575696, 0.00204356, 0.0019821948, 0.0018532664, 0.0017188382, 0.0016498127, 0.0015065696, 0.0013514346, 0.0011801192, 0.0010878625, 0.00089458807, 0.0007096497, 0.00063731056, 0.0005811865, 0, 0, 0, 0, 0, 0, 0, 0
0, 0, 0, 0, 0, 0, 0, 0, 0, 0, 0, 0, 0, 0, 0, 0, 0, 0, 0, 0, 0, 0, 0, 0, 0, 0, 0, 0, 0, 0, 0, 0, 0, 0, 0, 0, 0, 0, 0, 0, 0, 0, 0, 0, 0, 0, 0, 0, 0, 0, 0, 0, 0, 0, 0, 0, 0, 0, 0, 0, 0, 0, 0, 0, 0, 0, 0, 0, 0, 0, 0, 0, 0, 0, 0, 0, 0, 0, 0, 0, 0, 0, 0, 0, 0, 0, 0, 0, 0, 0, 0, 3.349891e-05, 0.00014796897, 0.00020587559, 0.0003383519, 0.00048586854, 0.00056088355, 0.0007097848, 0.0008523103, 0.00092040177, 0.0010505201, 0.0011735781, 0.0012921756, 0.0013508631, 0.0014676314, 0.0015828983, 0.0016392788, 0.001747099, 0.0018464503, 0.0019350977, 0.0019751105, 0.0020449639, 0.0020995408, 0.002120637, 0.0021511877, 0.0021675027, 0.0021712447, 0.0021701853, 0.0021590057, 0.0021392624, 0.0021271196, 0.0020995236, 0.0020681925, 0.002050745, 0.0020102095, 0.0019599511, 0.0018967954, 0.0018600277, 0.0017752687, 0.001676367, 0.0016221582, 0.0015068315, 0.0013861542, 0.0013247154, 0.0011988373, 0.0010661981, 0.0009226838, 0.00084628194, 0.0006858522, 0.000531741, 0.00047067122, 0.00042237694, 0, 0, 0, 0, 0, 0, 0, 0
0, 0, 0, 0, 0, 0, 0, 0, 0, 0, 0, 0, 0, 0, 0, 0, 0, 0, 0, 0, 0, 0, 0, 0, 0, 0, 0, 0, 0, 0, 0, 0, 0, 0, 0, 0, 0, 0, 0, 0, 0, 0, 0, 0, 0, 0, 0, 0, 0, 0, 0, 0, 0, 0, 0, 0, 0, 0, 0, 0, 0, 0, 0, 0, 0, 0, 0, 0, 0, 0, 0, 0, 0, 0, 0, 0, 0, 0, 0, 0, 0, 0, 0, 0, 0, 0, 0, 0, 0, 0, 0, -9.964239e-05, -2.72441e-05, 1.3107249e-05, 0.00010585833, 0.00021165029, 0.00026673672, 0.0003766078, 0.0004823572, 0.0005330436, 0.0006290169, 0.0007184691, 0.00080426043, 0.0008472448, 0.00093722105, 0.0010342856, 0.001085686, 0.0011917582, 0.001298435, 0.0014011982, 0.0014494638, 0.0015372934, 0.0016087156, 0.0016369744, 0.0016781584, 0.0017006507, 0.0017059643, 0.0017073427, 0.0016980454, 0.0016801286, 0.001669011, 0.0016445097, 0.0016185495, 0.0016049391, 0.0015746467, 0.0015370394, 0.001488843, 0.0014605, 0.0013947504, 0.0013170908, 0.0012741993, 0.001181494, 0.0010828496, 0.0010323193, 0.00092942314, 0.00082334096, 0.00071087736, 0.0006518634, 0.0005305714, 0.0004221947, 0.00038685786, 0.00038379867, 0, 0, 0, 0, 0, 0, 0, 0
0, 0, 0, 0, 0, 0, 0, 0, 0, 0, 0, 0, 0, 0, 0, 0, 0, 0, 0, 0, 0, 0, 0, 0, 0, 0, 0, 0, 0, 0, 0, 0, 0, 0, 0, 0, 0, 0, 0, 0, 0, 0, 0, 0, 0, 0, 0, 0, 0, 0, 0, 0, 0, 0, 0, 0, 0, 0, 0, 0, 0, 0, 0, 0, 0, 0, 0, 0, 0, 0, 0, 0, 0, 0, 0, 0, 0, 0, 0, 0, 0, 0, 0, 0, 0, 0, 0, 0, 0, 0, -0.00036707064, -0.00023689202, -0.00018580952, -0.00016745036, -0.00012530565, -7.06593e-05, -3.9528757e-05, 2.6704032e-05, 9.513293e-05, 0.00012923052, 0.00019701179, 0.00026200703, 0.000324247, 0.0003553721, 0.00042042558, 0.00049297285, 0.00053231575, 0.0006156682, 0.0007028614, 0.0007911099, 0.00083482685, 0.0009197529, 0.0009968942, 0.0010308779, 0.0010872225, 0.0011277753, 0.0011424127, 0.0011622437, 0.0011704899, 0.0011684864, 0.0011643817, 0.0011524212, 0.0011384806, 0.0011307707, 0.0011129712, 0.0010894731, 0.0010576977, 0.0010389147, 0.0009952436, 0.0009441621, 0.0009157441, 0.0008526751, 0.00078326283, 0.00074696506, 0.0006729356, 0.0005969926, 0.00051661883, 0.00047406738, 0.00038665195, 0.00031616096, 0.00030735802, 0.00041533992, 0, 0, 0, 0, 0, 0, 0, 0
0, 0, 0, 0, 0, 0, 0, 0, 0, 0, 0, 0, 0, 0, 0, 0, 0, 0, 0, 0, 0, 0, 0, 0, 0, 0, 0, 0, 0, 0, 0, 0, 0, 0, 0, 0, 0, 0, 0, 0, 0, 0, 0, 0, 0, 0, 0, 0, 0, 0, 0, 0, 0, 0, 0, 0, 0, 0, 0, 0, 0, 0, 0, 0, 0, 0, 0, 0, 0, 0, 0, 0, 0, 0, 0, 0, 0, 0, 0, 0, 0, 0, 0, 0, 0, 0, 0, 0, 0, 0, -0.00055657903, -0.00047616143, -0.0004482395, -0.00044698283, -0.00044631067, -0.0004358842, -0.00042607618, -0.00039771068, -0.00035907095, -0.00033636167, -0.00028562068, -0.00023156794, -0.00017836544, -0.00015249792, -0.000101551836, -5.046226e-05, -2.463335e-05, 2.7131246e-05, 7.8122386e-05, 0.00013005668, 0.00015732483, 0.00021588511, 0.0002788517, 0.0003108594, 0.00037346565, 0.00043064187, 0.00045658392, 0.00050255464, 0.0005388389, 0.00056426215, 0.0005729452, 0.00058399135, 0.0005897009, 0.00059106655, 0.0005911154, 0.00058620004, 0.0005753644, 0.0005679196, 0.0005507338, 0.0005297532, 0.0005175148, 0.00048873504, 0.00045445203, 0.0004357367, 0.00039675614, 0.00035559622, 0.00030956074, 0.00028348883, 0.00022441354, 0.0001673248, 0.00015022022, 0, 0, 0, 0, 0, 0, 0, 0, 0
0, 0, 0, 0, 0, 0, 0, 0, 0, 0, 0, 0, 0, 0, 0, 0, 0, 0, 0, 0, 0, 0, 0, 0, 0, 0, 0, 0, 0, 0, 0, 0, 0, 0, 0, 0, 0, 0, 0, 0, 0, 0, 0, 0, 0, 0, 0, 0, 0, 0, 0, 0, 0, 0, 0, 0, 0, 0, 0, 0, 0, 0, 0, 0, 0, 0, 0, 0, 0, 0, 0, 0, 0, 0, 0, 0, 0, 0, 0, 0, 0, 0, 0, 0, 0, 0, 0, 0, 0, 0, -0.0011763257, -0.00090658345, -0.00086137006, -0.00086852384, -0.00089691055, -0.00092134165, -0.0009283814, -0.0009303703, -0.0009151695, -0.0009012166, -0.0008629716, -0.0008157141, -0.00076641794, -0.0007428011, -0.00069911126, -0.00066050974, -0.00064351724, -0.00061399955, -0.000590067, -0.00056847103, -0.00055652345, -0.0005262668, -0.0004854379, -0.00046081748, -0.00040530736, -0.0003439712, -0.00031213393, -0.00024785733, -0.00018685733, -0.00013320873, -0.00011012603, -7.107531e-05, -3.955126e-05, -2.6202497e-05, -2.9978678e-06, 1.5568903e-05, 2.9857112e-05, 3.6069843e-05, 4.754899e-05, 5.7906134e-05, 6.2417974e-05, 6.952196e-05, 7.342668e-05, 7.4360825e-05, 7.536143e-05, 7.459776e-05, 6.788298e-05, 6.049662e-05, 3.646995e-05, 1.4363679e-05, 2.2573544e-05, 0, 0, 0, 0, 0, 0, 0, 0, 0
0, 0, 0, 0, 0, 0, 0, 0, 0, 0, 0, 0, 0, 0, 0, 0, 0, 0, 0, 0, 0, 0, 0, 0, 0, 0, 0, 0, 0, 0, 0, 0, 0, 0, 0, 0, 0, 0, 0, 0, 0, 0, 0, 0, 0, 0, 0, 0, 0, 0, 0, 0, 0, 0, 0, 0, 0, 0, 0, 0, 0, 0, 0, 0, 0, 0, 0, 0, 0, 0, 0, 0, 0, 0, 0, 0, 0, 0, 0, 0, 0, 0, 0, 0, 0, 0, 0, 0, 0, -0.00218055, -0.0015669672, -0.0013447113, -0.0013338673, -0.0013578591, -0.0014192926, -0.0014763047, -0.0014991859, -0.0015301161, -0.0015410109, -0.0015390973, -0.0015227414, -0.00149435, -0.0014608954, -0.0014444486, -0.0014135129, -0.001386841, -0.0013747836, -0.0013532582, -0.0013344934, -0.0013163564, -0.0013064932, -0.0012821173, -0.0012494946, -0.0012295751, -0.0011831616, -0.0011281171, -0.0010976186, -0.001031733, -0.00096171396, -0.00089203235, -0.0008584138, -0.00079533266, -0.0007374185, -0.00071030884, -0.0006592516, -0.0006122289, -0.00056851533, -0.000547733, -0.0005063778, -0.00046543614, -0.00044535348, -0.00040506673, -0.00036473814, -0.0003442928, -0.00030284096, -0.0002615501, -0.00022628928, -0.00021340637, -0.00020246363, -0.00019414358, -0.00015024061, 0, 0, 0, 0, 0, 0, 0, 0, 0
0, 0, 0, 0, 0, 0, 0, 0, 0, 0, 0, 0, 0, 0, 0, 0, 0, 0, 0, 0, 0, 0, 0, 0, 0, 0, 0, 0, 0, 0, 0, 0, 0, 0, 0, 0, 0, 0, 0, 0, 0, 0, 0, 0, 0, 0, 0, 0, 0, 0, 0, 0, 0, 0, 0, 0, 0, 0, 0, 0, 0, 0, 0, 0, 0, 0, 0, 0, 0, 0, 0, 0, 0, 0, 0, 0, 0, 0, 0, 0, 0, 0, 0, 0, 0, 0, 0, 0, 0, -0.0018637112, -0.0017043941, -0.0016880977, -0.001769859, -0.001822354, -0.0019262753, -0.0020176696, -0.0020563984, -0.0021189875, -0.002163259, -0.002178888, -0.002199386, -0.0022082825, -0.002210686, -0.0022106345, -0.0022092955, -0.0022046613, -0.0022001618, -0.0021848527, -0.0021603643, -0.0021271808, -0.0021079853, -0.002065824, -0.002020001, -0.0019962904, -0.0019479566, -0.0018973734, -0.0018708578, -0.0018139769, -0.0017505789, -0.0016807984, -0.0016438939, -0.0015669651, -0.0014867672, -0.0014460179, -0.0013643485, -0.0012844581, -0.0012073702, -0.0011698974, -0.0010970767, -0.0010264071, -0.0009914876, -0.00092134724, -0.0008489892, -0.0008115762, -0.00073384476, -0.0006548866, -0.00058213796, -0.00055280514, -0.000523317, -0.0005385873, 0, 0, 0, 0, 0, 0, 0, 0, 0, 0
0, 0, 0, 0, 0, 0, 0, 0, 0, 0, 0, 0, 0, 0, 0, 0, 0, 0, 0, 0, 0, 0, 0, 0, 0, 0, 0, 0, 0, 0, 0, 0, 0, 0, 0, 0, 0, 0, 0, 0, 0, 0, 0, 0, 0, 0, 0, 0, 0, 0, 0, 0, 0, 0, 0, 0, 0, 0, 0, 0, 0, 0, 0, 0, 0, 0, 0, 0, 0, 0, 0, 0, 0, 0, 0, 0, 0, 0, 0, 0, 0, 0, 0, 0, 0, 0, 0, 0, -0.0026499464, -0.0022873927, -0.001999654, -0.0020439841, -0.0021824404, -0.0022562935, -0.002394526, -0.002514559, -0.002567151, -0.0026596882, -0.0027379289, -0.0027725298, -0.0028351035, -0.0028900125, -0.0029387632, -0.002960828, -0.0030001092, -0.0030288966, -0.0030378092, -0.0030402392, -0.0030205338, -0.002980368, -0.0029544183, -0.002895241, -0.0028321575, -0.0028010015, -0.0027421883, -0.0026882517, -0.0026627653, -0.0026119237, -0.0025571643, -0.0024932863, -0.0024567433, -0.0023730297, -0.002276017, -0.0022233976, -0.0021124133, -0.0019984958, -0.0018855317, -0.0018299794, -0.0017220762, -0.0016182059, -0.0015673172, -0.0014654866, -0.001361181, -0.0013075741, -0.0011971034, -0.0010862803, -0.0009877349, -0.00095177843, -0.00093671, -0.0010138266, 0, 0, 0, 0, 0, 0, 0, 0, 0, 0
0, 0, 0, 0, 0, 0, 0, 0, 0, 0, 0, 0, 0, 0, 0, 0, 0, 0, 0, 0, 0, 0, 0, 0, 0, 0, 0, 0, 0, 0, 0, 0, 0, 0, 0, 0, 0, 0, 0, 0, 0, 0, 0, 0, 0, 0, 0, 0, 0, 0, 0, 0, 0, 0, 0, 0, 0, 0, 0, 0, 0, 0, 0, 0, 0, 0, 0, 0, 0, 0, 0, 0, 0, 0, 0, 0, 0, 0, 0, 0, 0, 0, 0, 0, 0, 0, 0, 0, -0.00309958, -0.0027223683, -0.002427746, -0.0024730845, -0.002622159, -0.002703579, -0.0028590828, -0.002998546, -0.003061606, -0.0031766486, -0.0032807682, -0.0033300759, -0.0034254424, -0.0035173257, -0.0036046722, -0.003645969, -0.0037221988, -0.0037853331, -0.003809965, -0.0038409662, -0.0038442505, -0.003821351, -0.0038018138, -0.003751084, -0.0036911159, -0.0036598656, -0.0035982942, -0.003540361, -0.0035127725, -0.0034588184, -0.0034018352, -0.0033343344, -0.0032947804, -0.0032011645, -0.0030884251, -0.003025914, -0.0028909945, -0.0027477199, -0.002601491, -0.002528375, -0.0023834044, -0.0022410431, -0.0021704827, -0.0020286876, -0.0018839731, -0.0018101586, -0.0016599855, -0.0015133808, -0.0013939826, -0.0013607278, -0.0014031271, -0.0016019812, 0, 0, 0, 0, 0, 0, 0, 0, 0, 0
0, 0, 0, 0, 0, 0, 0, 0, 0, 0, 0, 0, 0, 0, 0, 0, 0, 0, 0, 0, 0, 0, 0, 0, 0, 0, 0, 0, 0, 0, 0, 0, 0, 0, 0, 0, 0, 0, 0, 0, 0, 0, 0, 0, 0, 0, 0, 0, 0, 0, 0, 0, 0, 0, 0, 0, 0, 0, 0, 0, 0, 0, 0, 0, 0, 0, 0, 0, 0, 0, 0, 0, 0, 0, 0, 0, 0, 0, 0, 0, 0, 0, 0, 0, 0, 0, 0, -0.0043324316, -0.0032690004, -0.0029795796, -0.0028042407, -0.0028957268, -0.0030668587, -0.0031580399, -0.003334583, -0.0034959293, -0.0035700335, -0.0037060282, -0.003829538, -0.003888106, -0.004002466, -0.0041139075, -0.0042216163, -0.0042734873, -0.0043713385, -0.004457424, -0.0044944696, -0.004553314, -0.0045883534, -0.004599745, -0.004597766, -0.004580375, -0.004549198, -0.0045292284, -0.004483026, -0.0044300444, -0.0044014524, -0.0043395157, -0.0042684935, -0.004182967, -0.0041339425, -0.004021626, -0.0038908178, -0.0038194782, -0.0036666866, -0.003503206, -0.0033322126, -0.0032446717, -0.0030664229, -0.0028844401, -0.0027918313, -0.0026020105, -0.002404489, -0.002302778, -0.0020953778, -0.001893999, -0.0017359555, -0.0016988706, -0.0018050805, -0.002261139, 0, 0, 0, 0, 0, 0, 0, 0, 0, 0
0, 0, 0, 0, 0, 0, 0, 0, 0, 0, 0, 0, 0, 0, 0, 0, 0, 0, 0, 0, 0, 0, 0, 0, 0, 0, 0, 0, 0, 0, 0, 0, 0, 0, 0, 0, 0, 0, 0, 0, 0, 0, 0, 0, 0, 0, 0, 0, 0, 0, 0, 0, 0, 0, 0, 0, 0, 0, 0, 0, 0, 0, 0, 0, 0, 0, 0, 0, 0, 0, 0, 0, 0, 0, 0, 0, 0, 0, 0, 0, 0, 0, 0, 0, 0, 0, 0, -0.0032042295, -0.002891274, -0.0028465039, -0.0029564337, -0.003182669, -0.0034268927, -0.003544965, -0.003767246, -0.0039686095, -0.0040610544, -0.0042299856, -0.0043800953, -0.004449919, -0.004581358, -0.004704441, -0.0048203133, -0.0048753014, -0.0049795164, -0.005075106, -0.0051185978, -0.005195383, -0.0052561634, -0.0053004706, -0.005316509, -0.0053368085, -0.0053407513, -0.0053362553, -0.0053139376, -0.005273222, -0.0052458677, -0.005177049, -0.0050892676, -0.0049817916, -0.004921135, -0.0047871163, -0.004639086, -0.004560426, -0.004395189, -0.0042192615, -0.00403283, -0.0039354796, -0.0037323912, -0.0035168366, -0.003403895, -0.0031662295, -0.0029116985, -0.002778031, -0.002500044, -0.0022243594, -0.0020029552, -0.0019449072, -0.0020084565, 0, 0, 0, 0, 0, 0, 0, 0, 0, 0, 0
0, 0, 0, 0, 0, 0, 0, 0, 0, 0, 0, 0, 0, 0, 0, 0, 0, 0, 0, 0, 0, 0, 0, 0, 0, 0, 0, 0, 0, 0, 0, 0, 0, 0, 0, 0, 0, 0, 0, 0, 0, 0, 0, 0, 0, 0, 0, 0, 0, 0, 0, 0, 0, 0, 0, 0, 0, 0, 0, 0, 0, 0, 0, 0, 0, 0, 0, 0, 0, 0, 0, 0, 0, 0, 0, 0, 0, 0, 0, 0, 0, 0, 0, 0, 0, 0, 0, -0.0025048372, -0.0025243019, -0.0026296128, -0.002952194, -0.0033098096, -0.0036430957, -0.0037972853, -0.0040822267, -0.004338878, -0.004457154, -0.004675318, -0.004869959, -0.004959239, -0.0051239035, -0.00527, -0.005399371, -0.0054584155, -0.0055674543, -0.0056668865, -0.0057131634, -0.005798354, -0.005872457, -0.00593532, -0.0059619816, -0.006004257, -0.006029147, -0.006033827, -0.006025627, -0.0059927176, -0.005966503, -0.005893787, -0.005795534, -0.0056740087, -0.005606073, -0.0054591466, -0.0053005023, -0.005217573, -0.005044075, -0.0048589497, -0.0046610823, -0.004556716, -0.0043350304, -0.0040940247, -0.00396551, -0.003690405, -0.003389052, -0.003227988, -0.0028865826, -0.002538779, -0.0022573296, -0.0021933706, -0.0024023817, 0, 0, 0, 0, 0, 0, 0, 0, 0, 0, 0
0, 0, 0, 0, 0, 0, 0, 0, 0, 0, 0, 0, 0, 0, 0, 0, 0, 0, 0, 0, 0, 0, 0, 0, 0, 0, 0, 0, 0, 0, 0, 0, 0, 0, 0, 0, 0, 0, 0, 0, 0, 0, 0, 0, 0, 0, 0, 0, 0, 0, 0, 0, 0, 0, 0, 0, 0, 0, 0, 0, 0, 0, 0, 0, 0, 0, 0, 0, 0, 0, 0, 0, 0, 0, 0, 0, 0, 0, 0, 0, 0, 0, 0, 0, 0, 0, 0, -0.0027361996, -0.002525986, -0.0026189534, -0.0029663579, -0.0033688524, -0.0037522528, -0.003931742, -0.004266359, -0.0045723165, -0.0047154445, -0.0049846163, -0.00523229, -0.0053480724, -0.0055625215, -0.0057515833, -0.005914293, -0.0059866393, -0.0061160573, -0.006228443, -0.006278993, -0.006370246, -0.006448777, -0.0065153027, -0.006543513, -0.006588254, -0.006613981, -0.0066183293, -0.006608875, -0.0065739946, -0.006546729, -0.006471963, -0.006371558, -0.006248052, -0.0061790524, -0.0060305144, -0.005869258, -0.0057839043, -0.0056031523, -0.0054069594, -0.005194757, -0.005082141, -0.00484156, -0.0045784935, -0.004437785, -0.004136929, -0.0038079647, -0.0036317636, -0.0032571973, -0.0028725585, -0.0025527554, -0.002462277, -0.0024774137, 0, 0, 0, 0, 0, 0, 0, 0, 0, 0, 0
0, 0, 0, 0, 0, 0, 0, 0, 0, 0, 0, 0, 0, 0, 0, 0, 0, 0, 0, 0, 0, 0, 0, 0, 0, 0, 0, 0, 0, 0, 0, 0, 0, 0, 0, 0, 0, 0, 0, 0, 0, 0, 0, 0, 0, 0, 0, 0, 0, 0, 0, 0, 0, 0, 0, 0, 0, 0, 0, 0, 0, 0, 0, 0, 0, 0, 0, 0, 0, 0, 0, 0, 0, 0, 0, 0, 0, 0, 0, 0, 0, 0, 0, 0, 0, 0, -0.0036941376, -0.0028643562, -0.0026825767, -0.0027652513, -0.0030840547, -0.003471757, -0.003859154, -0.0040456285, -0.0044001876, -0.004730547, -0.0048874663, -0.0051882113, -0.0054738526, -0.0056109168, -0.0058710547, -0.0061075403, -0.0063171494, -0.0064112684, -0.006579754, -0.0067221127, -0.0067837434, -0.00688818, -0.00697022, -0.0070333597, -0.007058347, -0.00709507, -0.0071107782, -0.0071103987, -0.0070923255, -0.007052307, -0.0070238854, -0.006949626, -0.0068525015, -0.0067332396, -0.0066662817, -0.0065197176, -0.006356508, -0.006267894, -0.006075336, -0.0058616833, -0.0056279274, -0.00550325, -0.0052380944, -0.0049499553, -0.0047973897, -0.0044753393, -0.0041322615, -0.0039526527, -0.00358107, -0.003223396, -0.0029938712, -0.0029951315, -0.0032764568, 0, 0, 0, 0, 0, 0, 0, 0, 0, 0, 0
0, 0, 0, 0, 0, 0, 0, 0, 0, 0, 0, 0, 0, 0, 0, 0, 0, 0, 0, 0, 0, 0, 0, 0, 0, 0, 0, 0, 0, 0, 0, 0, 0, 0, 0, 0, 0, 0, 0, 0, 0, 0, 0, 0, 0, 0, 0, 0, 0, 0, 0, 0, 0, 0, 0, 0, 0, 0, 0, 0, 0, 0, 0, 0, 0, 0, 0, 0, 0, 0, 0, 0, 0, 0, 0, 0, 0, 0, 0, 0, 0, 0, 0, 0, 0, 0, -0.0029525994, -0.0027730472, -0.002858997, -0.0029858905, -0.003319241, -0.0036899939, -0.0040631555, -0.0042457096, -0.004598042, -0.0049303668, -0.005088987, -0.0053948904, -0.005688789, -0.0058319727, -0.0061092973, -0.0063707056, -0.006612598, -0.0067254137, -0.0069327485, -0.0071109375, -0.007187529, -0.007314138, -0.0074072243, -0.007471961, -0.007495358, -0.0075257006, -0.0075338474, -0.0075297793, -0.007506184, -0.007463917, -0.0074358466, -0.0073646284, -0.0072713746, -0.0071549146, -0.007088131, -0.0069382694, -0.0067658094, -0.0066703074, -0.006459393, -0.006221954, -0.00596003, -0.0058206203, -0.005525213, -0.0052072937, -0.0050402647, -0.0046927375, -0.004333263, -0.0041513504, -0.0037936927, -0.0034915307, -0.0034076741, -0.0035550157, -0.0044345446, 0, 0, 0, 0, 0, 0, 0, 0, 0, 0, 0
0, 0, 0, 0, 0, 0, 0, 0, 0, 0, 0, 0, 0, 0, 0, 0, 0, 0, 0, 0, 0, 0, 0, 0, 0, 0, 0, 0, 0, 0, 0, 0, 0, 0, 0, 0, 0, 0, 0, 0, 0, 0, 0, 0, 0, 0, 0, 0, 0, 0, 0, 0, 0, 0, 0, 0, 0, 0, 0, 0, 0, 0, 0, 0, 0, 0, 0, 0, 0, 0, 0, 0, 0, 0, 0, 0, 0, 0, 0, 0, 0, 0, 0, 0, 0, -0.0036954812, -0.0032650167, -0.0029732203, -0.0031516787, -0.0033094622, -0.0036653227, -0.004031394, -0.004393114, -0.004570954, -0.004916177, -0.005243425, -0.0053995904, -0.0056976834, -0.005980165, -0.0061163055, -0.006379718, -0.006630975, -0.0068702707, -0.006985057, -0.007202609, -0.007397566, -0.007483646, -0.0076289326, -0.0077378755, -0.007814158, -0.007841504, -0.007876057, -0.007885873, -0.007882029, -0.007858256, -0.007815472, -0.0077873864, -0.007715834, -0.0076206746, -0.007498847, -0.0074277706, -0.007266171, -0.007078307, -0.006973558, -0.0067415796, -0.00647954, -0.006190473, -0.0060368837, -0.0057116505, -0.0053625233, -0.005179434, -0.0047986023, -0.0044075386, -0.0042134696, -0.0038517006, -0.0035997943, -0.0036236697, -0.003779625, 0, 0, 0, 0, 0, 0, 0, 0, 0, 0, 0, 0
0, 0, 0, 0, 0, 0, 0, 0, 0, 0, 0, 0, 0, 0, 0, 0, 0, 0, 0, 0, 0, 0, 0, 0, 0, 0, 0, 0, 0, 0, 0, 0, 0, 0, 0, 0, 0, 0, 0, 0, 0, 0, 0, 0, 0, 0, 0, 0, 0, 0, 0, 0, 0, 0, 0, 0, 0, 0, 0, 0, 0, 0, 0, 0, 0, 0, 0, 0, 0, 0, 0, 0, 0, 0, 0, 0, 0, 0, 0, 0, 0, 0, 0, 0, 0, -0.0038640238, -0.0035015647, -0.0033114257, -0.003533672, -0.0037032785, -0.0040691835, -0.004434006, -0.004790008, -0.004964896, -0.005306689, -0.0056341784, -0.005790604, -0.0060874196, -0.006361988, -0.0064905044, -0.006731823, -0.006954022, -0.00716183, -0.0072614076, -0.007452616, -0.0076298853, -0.0077112853, -0.007855141, -0.007971645, -0.00806017, -0.008094143, -0.008140508, -0.008158396, -0.008156786, -0.008134095, -0.008088102, -0.00805664, -0.0079757385, -0.007867846, -0.0077304416, -0.007650637, -0.0074710427, -0.007264972, -0.0071515683, -0.00690304, -0.0066249873, -0.006318571, -0.00615545, -0.005809868, -0.0054367576, -0.0052391477, -0.0048221773, -0.004383189, -0.004163066, -0.0037616314, -0.0035528522, -0.0038846727, -0.004387515, 0, 0, 0, 0, 0, 0, 0, 0, 0, 0, 0, 0
0, 0, 0, 0, 0, 0, 0, 0, 0, 0, 0, 0, 0, 0, 0, 0, 0, 0, 0, 0, 0, 0, 0, 0, 0, 0, 0, 0, 0, 0, 0, 0, 0, 0, 0, 0, 0, 0, 0, 0, 0, 0, 0, 0, 0, 0, 0, 0, 0, 0, 0, 0, 0, 0, 0, 0, 0, 0, 0, 0, 0, 0, 0, 0, 0, 0, 0, 0, 0, 0, 0, 0, 0, 0, 0, 0, 0, 0, 0, 0, 0, 0, 0, 0, -0.00468234, -0.0037696257, -0.0035713636, -0.003599171, -0.0039012444, -0.004084847, -0.0044581736, -0.0048173894, -0.005163292, -0.00533336, -0.005670287, -0.006000141, -0.006160544, -0.0064675743, -0.0067494847, -0.0068793506, -0.0071141915, -0.007317048, -0.0074933735, -0.007573817, -0.0077236677, -0.007861781, -0.0079266615, -0.008046821, -0.00815207, -0.008239501, -0.008275016, -0.0083262, -0.008347246, -0.008345768, -0.008319349, -0.008263665, -0.00822531, -0.008127146, -0.007998845, -0.007839758, -0.007749319, -0.00754926, -0.0073259682, -0.007205628, -0.0069468236, -0.0066624414, -0.0063522747, -0.006187156, -0.0058359, -0.0054524746, -0.0052468833, -0.0048039085, -0.0043202518, -0.004068807, -0.0035905917, -0.0033097507, -0.0036502737, -0.0041847797, 0, 0, 0, 0, 0, 0, 0, 0, 0, 0, 0, 0
0, 0, 0, 0, 0, 0, 0, 0, 0, 0, 0, 0, 0, 0, 0, 0, 0, 0, 0, 0, 0, 0, 0, 0, 0, 0, 0, 0, 0, 0, 0, 0, 0, 0, 0, 0, 0, 0, 0, 0, 0, 0, 0, 0, 0, 0, 0, 0, 0, 0, 0, 0, 0, 0, 0, 0, 0, 0, 0, 0, 0, 0, 0, 0, 0, 0, 0, 0, 0, 0, 0, 0, 0, 0, 0, 0, 0, 0, 0, 0, 0, 0, 0, 0, -0.0036719781, -0.0035041287, -0.0035472896, -0.003841722, -0.0042410647, -0.0044417153, -0.0048177973, -0.0051603536, -0.005482897, -0.005641868, -0.005961004, -0.0062837335, -0.0064448765, -0.0067599756, -0.0070550027, -0.0071912007, -0.007435716, -0.0076400833, -0.0078059053, -0.007876765, -0.007999845, -0.008106189, -0.008155174, -0.008246178, -0.008327694, -0.008396338, -0.008424203, -0.008461781, -0.008470867, -0.008463309, -0.008423435, -0.008351363, -0.008303834, -0.008186302, -0.008038435, -0.00786154, -0.0077627474, -0.0075471997, -0.0073095993, -0.0071831914, -0.006915148, -0.006627404, -0.0063179913, -0.0061546904, -0.0058076396, -0.005427697, -0.0052230502, -0.004778282, -0.004284001, -0.0040230798, -0.0035146351, -0.0031581374, -0.0031335992, 0, 0, 0, 0, 0, 0, 0, 0, 0, 0, 0, 0, 0
0, 0, 0, 0, 0, 0, 0, 0, 0, 0, 0, 0, 0, 0, 0, 0, 0, 0, 0, 0, 0, 0, 0, 0, 0, 0, 0, 0, 0, 0, 0, 0, 0, 0, 0, 0, 0, 0, 0, 0, 0, 0, 0, 0, 0, 0, 0, 0, 0, 0, 0, 0, 0, 0, 0, 0, 0, 0, 0, 0, 0, 0, 0, 0, 0, 0, 0, 0, 0, 0, 0, 0, 0, 0, 0, 0, 0, 0, 0, 0, 0, 0, 0, 0, -0.004307848, -0.003810167, -0.0038659805, -0.004214671, -0.0046374914, -0.004837531, -0.0051974477, -0.0055106324, -0.005797908, -0.0059389626, -0.0062256516, -0.006524485, -0.0066773524, -0.0069828085, -0.007275907, -0.0074134707, -0.0076627703, -0.007873182, -0.008042561, -0.008113193, -0.008231562, -0.008327875, -0.008370183, -0.008445348, -0.008507561, -0.00855298, -0.008567691, -0.008578755, -0.008561603, -0.008541717, -0.008478796, -0.008385204, -0.008327719, -0.008193201, -0.008033762, -0.007850636, -0.0077498234, -0.007529282, -0.0072832196, -0.007151094, -0.006870183, -0.006569636, -0.0062511284, -0.006084915, -0.0057368525, -0.005363195, -0.0051646465, -0.0047401916, -0.004280909, -0.004046777, -0.0036323334, -0.003481379, -0.0037818125, 0, 0, 0, 0, 0, 0, 0, 0, 0, 0, 0, 0, 0
0, 0, 0, 0, 0, 0, 0, 0, 0, 0, 0, 0, 0, 0, 0, 0, 0, 0, 0, 0, 0, 0, 0, 0, 0, 0, 0, 0, 0, 0, 0, 0, 0, 0, 0, 0, 0, 0, 0, 0, 0, 0, 0, 0, 0, 0, 0, 0, 0, 0, 0, 0, 0, 0, 0, 0, 0, 0, 0, 0, 0, 0, 0, 0, 0, 0, 0, 0, 0, 0, 0, 0, 0, 0, 0, 0, 0, 0, 0, 0, 0, 0, 0, -0.008475986, -0.0052777813, -0.0044618812, -0.0044510565, -0.0047216723, -0.005098186, -0.0052812207, -0.005612138, -0.0058970284, -0.0061532804, -0.006277339, -0.006529592, -0.006794501, -0.0069316705, -0.0072082845, -0.007476896, -0.0076038307, -0.007836423, -0.008035996, -0.008199739, -0.008269063, -0.008387117, -0.00848363, -0.008525991, -0.008599847, -0.008656128, -0.008688368, -0.008693636, -0.008680914, -0.008636645, -0.008603157, -0.008513952, -0.008397562, -0.008330579, -0.0081825, -0.0080184555, -0.0078384075, -0.0077406378, -0.007524634, -0.0072764927, -0.007139539, -0.006841743, -0.0065166326, -0.006171174, -0.005992239, -0.0056238533, -0.005242481, -0.0050465493, -0.0046435604, -0.0042363205, -0.0040452345, -0.00377349, -0.003927636, -0.004955992, 0, 0, 0, 0, 0, 0, 0, 0, 0, 0, 0, 0, 0
0, 0, 0, 0, 0, 0, 0, 0, 0, 0, 0, 0, 0, 0, 0, 0, 0, 0, 0, 0, 0, 0, 0, 0, 0, 0, 0, 0, 0, 0, 0, 0, 0, 0, 0, 0, 0, 0, 0, 0, 0, 0, 0, 0, 0, 0, 0, 0, 0, 0, 0, 0, 0, 0, 0, 0, 0, 0, 0, 0, 0, 0, 0, 0, 0, 0, 0, 0, 0, 0, 0, 0, 0, 0, 0, 0, 0, 0, 0, 0, 0, 0, 0, -0.0059709908, -0.005048043, -0.0047907904, -0.0048485072, -0.005130578, -0.005481407, -0.005653936, -0.0059740064, -0.0062555885, -0.0065068156, -0.0066259764, -0.006861132, -0.0071005803, -0.007222132, -0.0074645, -0.0076963697, -0.0078052985, -0.008003658, -0.008172909, -0.008312476, -0.008372471, -0.008475916, -0.0085642105, -0.008604515, -0.008676923, -0.008733096, -0.008762706, -0.008764733, -0.0087411245, -0.008680907, -0.008637887, -0.008528925, -0.008394065, -0.008319248, -0.008159881, -0.007992101, -0.007814023, -0.0077186055, -0.007507021, -0.007258872, -0.0071187466, -0.0068064565, -0.0064552138, -0.0060744314, -0.00587607, -0.00547057, -0.0050602206, -0.0048550763, -0.004450205, -0.004076736, -0.0039236224, -0.0037815503, -0.004016184, 0, 0, 0, 0, 0, 0, 0, 0, 0, 0, 0, 0, 0, 0
0, 0, 0, 0, 0, 0, 0, 0, 0, 0, 0, 0, 0, 0, 0, 0, 0, 0, 0, 0, 0, 0, 0, 0, 0, 0, 0, 0, 0, 0, 0, 0, 0, 0, 0, 0, 0, 0, 0, 0, 0, 0, 0, 0, 0, 0, 0, 0, 0, 0, 0, 0, 0, 0, 0, 0, 0, 0, 0, 0, 0, 0, 0, 0, 0, 0, 0, 0, 0, 0, 0, 0, 0, 0, 0, 0, 0, 0, 0, 0, 0, 0, -0.0052867364, -0.0047151274, -0.0045436765, -0.0047303233, -0.0048903218, -0.0052574263, -0.005633021, -0.0058141244, -0.0061556976, -0.006464901, -0.006743432, -0.006873374, -0.0071206144, -0.007356831, -0.0074715344, -0.007692073, -0.007894143, -0.00798648, -0.008150786, -0.008287246, -0.008397424, -0.008443701, -0.00852345, -0.008592472, -0.008624473, -0.008683929, -0.008731775, -0.008756478, -0.008757068, -0.0087297205, -0.008664496, -0.008617954, -0.008500459, -0.00835597, -0.008276378, -0.008108193, -0.007932547, -0.007747496, -0.0076490254, -0.0074325292, -0.0071805688, -0.0070389337, -0.006720998, -0.0063579525, -0.0059556444, -0.0057429224, -0.005302992, -0.0048528514, -0.0046273074, -0.0041845017, -0.0037964655, -0.003663151, -0.00370379, -0.0045473077, 0, 0, 0, 0, 0, 0, 0, 0, 0, 0, 0, 0, 0, 0
0, 0, 0, 0, 0, 0, 0, 0, 0, 0, 0, 0, 0, 0, 0, 0, 0, 0, 0, 0, 0, 0, 0, 0, 0, 0, 0, 0, 0, 0, 0, 0, 0, 0, 0, 0, 0, 0, 0, 0, 0, 0, 0, 0, 0, 0, 0, 0, 0, 0, 0, 0, 0, 0, 0, 0, 0, 0, 0, 0, 0, 0, 0, 0, 0, 0, 0, 0, 0, 0, 0, 0, 0, 0, 0, 0, 0, 0, 0, 0, 0, -0.005021043, -0.0045541064, -0.0040104105, -0.0040872325, -0.0044580805, -0.004677988, -0.005120417, -0.005539616, -0.0057380907, -0.006113512, -0.006459231, -0.0067748292, -0.006922225, -0.007197993, -0.0074504563, -0.0075684185, -0.0077868295, -0.007979029, -0.008064088, -0.008212356, -0.008332317, -0.008426636, -0.008465292, -0.008529173, -0.008580036, -0.008602273, -0.008641669, -0.008670462, -0.008680333, -0.008675415, -0.008641835, -0.008574249, -0.008527598, -0.008409922, -0.008264432, -0.008183452, -0.008009538, -0.00782388, -0.007624888, -0.007518562, -0.007288069, -0.007028326, -0.006886082, -0.0065741567, -0.00622187, -0.005828193, -0.005616899, -0.0051695067, -0.004695365, -0.004449959, -0.003949744, -0.0034816568, -0.0033061213, -0.0032978598, -0.0042059994, 0, 0, 0, 0, 0, 0, 0, 0, 0, 0, 0, 0, 0, 0
0, 0, 0, 0, 0, 0, 0, 0, 0, 0, 0, 0, 0, 0, 0, 0, 0, 0, 0, 0, 0, 0, 0, 0, 0, 0, 0, 0, 0, 0, 0, 0, 0, 0, 0, 0, 0, 0, 0, 0, 0, 0, 0, 0, 0, 0, 0, 0, 0, 0, 0, 0, 0, 0, 0, 0, 0, 0, 0, 0, 0, 0, 0, 0, 0, 0, 0, 0, 0, 0, 0, 0, 0, 0, 0, 0, 0, 0, 0, 0, 0, -0.0034426711, -0.0033495347, -0.003343025, -0.003655073, -0.004127022, -0.004378591, -0.004869024, -0.0053232037, -0.0055348948, -0.0059303627, -0.0062917303, -0.0066221636, -0.0067766965, -0.007066257, -0.007330898, -0.007454304, -0.007682217, -0.007883062, -0.007972614, -0.008129629, -0.008257697, -0.008358769, -0.0084, -0.008465217, -0.008510571, -0.008527084, -0.008549473, -0.008556985, -0.008546603, -0.0085333055, -0.008488638, -0.008417335, -0.008371059, -0.0082568675, -0.008115159, -0.0080350125, -0.007859356, -0.007665812, -0.0074542137, -0.007340824, -0.007097737, -0.006833004, -0.0066926326, -0.006395266, -0.006070911, -0.0057122894, -0.0055185934, -0.0051018693, -0.004644494, -0.004399594, -0.0038784654, -0.0033502574, -0.0031213814, -0.0028753316, 0, 0, 0, 0, 0, 0, 0, 0, 0, 0, 0, 0, 0, 0, 0
0, 0, 0, 0, 0, 0, 0, 0, 0, 0, 0, 0, 0, 0, 0, 0, 0, 0, 0, 0, 0, 0, 0, 0, 0, 0, 0, 0, 0, 0, 0, 0, 0, 0, 0, 0, 0, 0, 0, 0, 0, 0, 0, 0, 0, 0, 0, 0, 0, 0, 0, 0, 0, 0, 0, 0, 0, 0, 0, 0, 0, 0, 0, 0, 0, 0, 0, 0, 0, 0, 0, 0, 0, 0, 0, 0, 0, 0, 0, 0, 0, -0.0029281853, -0.002816059, -0.0029487805, -0.0033584172, -0.0038701594, -0.00413412, -0.004646428, -0.005117988, -0.005334832, -0.00573085, -0.006080954, -0.0063929916, -0.006537428, -0.0068069664, -0.0070576738, -0.0071775825, -0.0074072583, -0.007621699, -0.007721702, -0.007902507, -0.008055204, -0.008177892, -0.008228, -0.008306001, -0.008355357, -0.008370515, -0.008383213, -0.008375324, -0.008348435, -0.0083279675, -0.008273116, -0.008198074, -0.008152855, -0.008043631, -0.007908507, -0.007830985, -0.007657342, -0.007461612, -0.0072461036, -0.0071309963, -0.0068868226, -0.0066260016, -0.0064906008, -0.0062105195, -0.005916587, -0.005600455, -0.0054315305, -0.005068363, -0.0046682428, -0.0044530164, -0.0039968896, -0.0035503895, -0.003374397, -0.0032694736, 0, 0, 0, 0, 0, 0, 0, 0, 0, 0, 0, 0, 0, 0, 0
0, 0, 0, 0, 0, 0, 0, 0, 0, 0, 0, 0, 0, 0, 0, 0, 0, 0, 0, 0, 0, 0, 0, 0, 0, 0, 0, 0, 0, 0, 0, 0, 0, 0, 0, 0, 0, 0, 0, 0, 0, 0, 0, 0, 0, 0, 0, 0, 0, 0, 0, 0, 0, 0, 0, 0, 0, 0, 0, 0, 0, 0, 0, 0, 0, 0, 0, 0, 0, 0, 0, 0, 0, 0, 0, 0, 0, 0, 0, 0, -0.0032932311, -0.0027765967, -0.0026976215, -0.0028567624, -0.0032522928, -0.0037391863, -0.00399293, -0.0044945604, -0.004962221, -0.0051772054, -0.0055629676, -0.0058927573, -0.006174006, -0.0063001425, -0.006532059, -0.006748463, -0.0068552173, -0.007069568, -0.0072851004, -0.007390464, -0.007588049, -0.0077596335, -0.00789873, -0.007955421, -0.008042214, -0.008095329, -0.008110282, -0.008119183, -0.008104752, -0.008070701, -0.008047004, -0.007987056, -0.007910469, -0.007865469, -0.0077610738, -0.00763409, -0.0075607095, -0.0073944866, -0.0072043203, -0.0069944668, -0.0068835295, -0.0066491044, -0.0063999, -0.0062706666, -0.006004996, -0.005730025, -0.005441487, -0.0052905525, -0.004972552, -0.0046354057, -0.004462659, -0.0041319015, -0.0039059594, -0.0038954655, -0.0042313463, 0, 0, 0, 0, 0, 0, 0, 0, 0, 0, 0, 0, 0, 0, 0
0, 0, 0, 0, 0, 0, 0, 0, 0, 0, 0, 0, 0, 0, 0, 0, 0, 0, 0, 0, 0, 0, 0, 0, 0, 0, 0, 0, 0, 0, 0, 0, 0, 0, 0, 0, 0, 0, 0, 0, 0, 0, 0, 0, 0, 0, 0, 0, 0, 0, 0, 0, 0, 0, 0, 0, 0, 0, 0, 0, 0, 0, 0, 0, 0, 0, 0, 0, 0, 0, 0, 0, 0, 0, 0, 0, 0, 0, 0, 0, -0.003107393, -0.002750973, -0.0027335663, -0.0029155388, -0.0032604518, -0.003680376, -0.0039040863, -0.0043575596, -0.004794377, -0.0049985056, -0.005368398, -0.0056832666, -0.005947824, -0.006064119, -0.0062737674, -0.006466773, -0.006562173, -0.0067579914, -0.006960359, -0.00706109, -0.0072517376, -0.0074162534, -0.0075470484, -0.007599253, -0.00767814, -0.0077251783, -0.007738328, -0.007747086, -0.0077358517, -0.0077069923, -0.00768569, -0.0076283226, -0.0075513097, -0.007505505, -0.007401326, -0.0072785076, -0.0072087566, -0.007052288, -0.0068730977, -0.0066756634, -0.0065712947, -0.006351346, -0.0061154217, -0.005991347, -0.0057317875, -0.005460224, -0.005175897, -0.0050282977, -0.004721531, -0.004407405, -0.0042568007, -0.0040189843, -0.0040288153, -0.0042358493, -0.0053320844, 0, 0, 0, 0, 0, 0, 0, 0, 0, 0, 0, 0, 0, 0, 0
0, 0, 0, 0, 0, 0, 0, 0, 0, 0, 0, 0, 0, 0, 0, 0, 0, 0, 0, 0, 0, 0, 0, 0, 0, 0, 0, 0, 0, 0, 0, 0, 0, 0, 0, 0, 0, 0, 0, 0, 0, 0, 0, 0, 0, 0, 0, 0, 0, 0, 0, 0, 0, 0, 0, 0, 0, 0, 0, 0, 0, 0, 0, 0, 0, 0, 0, 0, 0, 0, 0, 0, 0, 0, 0, 0, 0, 0, 0, -0.0033853757, -0.002892294, -0.002746258, -0.0027851057, -0.0029860672, -0.00327423, -0.0036094184, -0.0037894628, -0.0041643907, -0.0045417515, -0.0047242255, -0.005065134, -0.0053684567, -0.005632868, -0.0057521933, -0.0059697726, -0.006169765, -0.0062667546, -0.0064599984, -0.0066504977, -0.0067415587, -0.006906834, -0.007039854, -0.007137349, -0.00717399, -0.007226132, -0.007255736, -0.0072642015, -0.0072731455, -0.0072733327, -0.007262318, -0.007249839, -0.007205297, -0.007131953, -0.0070848395, -0.0069743246, -0.00684641, -0.0067764516, -0.006623798, -0.006454321, -0.006270247, -0.0061734375, -0.005968014, -0.005743692, -0.005622778, -0.005363977, -0.005085059, -0.0047885813, -0.0046335883, -0.004308253, -0.003968591, -0.003804715, -0.0035579205, -0.0036398934, -0.003941873, -0.005224681, 0, 0, 0, 0, 0, 0, 0, 0, 0, 0, 0, 0, 0, 0, 0
0, 0, 0, 0, 0, 0, 0, 0, 0, 0, 0, 0, 0, 0, 0, 0, 0, 0, 0, 0, 0, 0, 0, 0, 0, 0, 0, 0, 0, 0, 0, 0, 0, 0, 0, 0, 0, 0, 0, 0, 0, 0, 0, 0, 0, 0, 0, 0, 0, 0, 0, 0, 0, 0, 0, 0, 0, 0, 0, 0, 0, 0, 0, 0, 0, 0, 0, 0, 0, 0, 0, 0, 0, 0, 0, 0, 0, 0, -0.0032428422, -0.0029955623, -0.0026910817, -0.0027132977, -0.002792945, -0.0030064604, -0.003245046, -0.0034988, -0.0036329292, -0.0039176084, -0.0042171343, -0.0043681893, -0.0046643405, -0.004944934, -0.0052060885, -0.0053294017, -0.0055624596, -0.0057808333, -0.0058859163, -0.006088662, -0.0062766396, -0.006361366, -0.0065047215, -0.0066064615, -0.0066688457, -0.0066883033, -0.006710332, -0.006718953, -0.006721387, -0.006728491, -0.0067406865, -0.0067519103, -0.006752376, -0.006730417, -0.00666884, -0.006622631, -0.006505497, -0.006365833, -0.006290586, -0.006132314, -0.0059662303, -0.0057929712, -0.005703177, -0.005513232, -0.0053015994, -0.0051849303, -0.004927525, -0.004641425, -0.0043322966, -0.0041698324, -0.0038258925, -0.0034578242, -0.0032727914, -0.0029656647, -0.0029783628, -0.0032662577, 0, 0, 0, 0, 0, 0, 0, 0, 0, 0, 0, 0, 0, 0, 0, 0
0, 0, 0, 0, 0, 0, 0, 0, 0, 0, 0, 0, 0, 0, 0, 0, 0, 0, 0, 0, 0, 0, 0, 0, 0, 0, 0, 0, 0, 0, 0, 0, 0, 0, 0, 0, 0, 0, 0, 0, 0, 0, 0, 0, 0, 0, 0, 0, 0, 0, 0, 0, 0, 0, 0, 0, 0, 0, 0, 0, 0, 0, 0, 0, 0, 0, 0, 0, 0, 0, 0, 0, 0, 0, 0, 0, 0, 0, -0.0028220024, -0.0026126439, -0.0025041602, -0.002650287, -0.0027595842, -0.0029864684, -0.003194955, -0.0033894645, -0.0034874098, -0.00369497, -0.0039209914, -0.0040392764, -0.0042816955, -0.004523792, -0.004759028, -0.004872676, -0.0050923554, -0.005301824, -0.005403286, -0.005599153, -0.005780251, -0.0058615627, -0.005996963, -0.006089346, -0.0061402814, -0.0061535146, -0.0061637326, -0.006162229, -0.0061606998, -0.0061643026, -0.006180504, -0.00620492, -0.0062148776, -0.006213989, -0.006169607, -0.006128559, -0.0060135657, -0.005866888, -0.0057869614, -0.0056214444, -0.005455114, -0.0052908435, -0.0052083884, -0.0050364137, -0.004842677, -0.004733319, -0.004485147, -0.004201298, -0.0038909733, -0.0037289606, -0.0033924128, -0.003043508, -0.0028706982, -0.0025739283, -0.0024639415, -0.0025020195, 0, 0, 0, 0, 0, 0, 0, 0, 0, 0, 0, 0, 0, 0, 0, 0
0, 0, 0, 0, 0, 0, 0, 0, 0, 0, 0, 0, 0, 0, 0, 0, 0, 0, 0, 0, 0, 0, 0, 0, 0, 0, 0, 0, 0, 0, 0, 0, 0, 0, 0, 0, 0, 0, 0, 0, 0, 0, 0, 0, 0, 0, 0, 0, 0, 0, 0, 0, 0, 0, 0, 0, 0, 0, 0, 0, 0, 0, 0, 0, 0, 0, 0, 0, 0, 0, 0, 0, 0, 0, 0, 0, 0, 0, -0.0022989535, -0.0022567273, -0.0023475164, -0.0025784753, -0.0027074432, -0.00294874, -0.0031490158, -0.0033172194, -0.0033965264, -0.003559256, -0.0037366305, -0.00383079, -0.004026359, -0.004222829, -0.0044122552, -0.0045020147, -0.0046701245, -0.0048265546, -0.0049022892, -0.005052723, -0.0052018343, -0.005273631, -0.0054036896, -0.0055042226, -0.005570449, -0.0055917534, -0.0056150877, -0.0056212232, -0.0056209937, -0.005621079, -0.005630125, -0.0056483317, -0.005657093, -0.0056614312, -0.005629486, -0.005596129, -0.0054948665, -0.0053574764, -0.005280537, -0.0051194397, -0.0049595376, -0.0048074173, -0.004733567, -0.004582768, -0.0044123186, -0.004314093, -0.0040853233, -0.0038152656, -0.0035165115, -0.003361793, -0.0030525737, -0.0027670558, -0.002650195, -0.002539178, -0.0027247374, -0.0029024358, 0, 0, 0, 0, 0, 0, 0, 0, 0, 0, 0, 0, 0, 0, 0, 0
0, 0, 0, 0, 0, 0, 0, 0, 0, 0, 0, 0, 0, 0, 0, 0, 0, 0, 0, 0, 0, 0, 0, 0, 0, 0, 0, 0, 0, 0, 0, 0, 0, 0, 0, 0, 0, 0, 0, 0, 0, 0, 0, 0, 0, 0, 0, 0, 0, 0, 0, 0, 0, 0, 0, 0, 0, 0, 0, 0, 0, 0, 0, 0, 0, 0, 0, 0, 0, 0, 0, 0, 0, 0, 0, 0, 0, -0.0034208342, -0.0023703151, -0.0022326345, -0.0022878011, -0.002512109, -0.0026383137, -0.0028772436, -0.0030788663, -0.0032461882, -0.0033223778, -0.0034721957, -0.0036289385, -0.0037104632, -0.0038761979, -0.0040361555, -0.004179615, -0.0042428765, -0.0043493463, -0.004434906, -0.0044733514, -0.0045526247, -0.0046451823, -0.0046972367, -0.0048072524, -0.004912429, -0.0049988017, -0.005032573, -0.0050795423, -0.0051014954, -0.005104757, -0.0051013944, -0.0050934427, -0.0050882273, -0.0050859014, -0.0050755357, -0.0050449474, -0.0050182436, -0.004938491, -0.0048273737, -0.004762793, -0.004624007, -0.004482817, -0.0043483768, -0.004283989, -0.0041547017, -0.004009905, -0.0039254464, -0.0037246495, -0.0034801299, -0.0032011273, -0.003054301, -0.002763549, -0.0025212115, -0.0024509418, -0.002551235, -0.003256881, -0.003823423, 0, 0, 0, 0, 0, 0, 0, 0, 0, 0, 0, 0, 0, 0, 0, 0
0, 0, 0, 0, 0, 0, 0, 0, 0, 0, 0, 0, 0, 0, 0, 0, 0, 0, 0, 0, 0, 0, 0, 0, 0, 0, 0, 0, 0, 0, 0, 0, 0, 0, 0, 0, 0, 0, 0, 0, 0, 0, 0, 0, 0, 0, 0, 0, 0, 0, 0, 0, 0, 0, 0, 0, 0, 0, 0, 0, 0, 0, 0, 0, 0, 0, 0, 0, 0, 0, 0, 0, 0, 0, 0, 0, -0.0033108722, -0.0027527802, -0.0022760525, -0.002192948, -0.0022383197, -0.0024173814, -0.0025230607, -0.0027347768, -0.0029270763, -0.0030952387, -0.0031724942, -0.0033216323, -0.003470763, -0.0035462463, -0.0036951988, -0.0038332362, -0.0039493837, -0.003996438, -0.004065508, -0.0041038324, -0.0041157193, -0.0041380823, -0.004176061, -0.0042048167, -0.004281581, -0.0043737367, -0.0044635637, -0.004502515, -0.0045610787, -0.00458988, -0.0045930473, -0.004580509, -0.004551878, -0.004517613, -0.0045009833, -0.0044682855, -0.0044319346, -0.004409694, -0.0043521877, -0.0042741257, -0.004226933, -0.0041195136, -0.004002102, -0.0038850908, -0.0038284226, -0.003716308, -0.0035952774, -0.0035256788, -0.00336032, -0.0031539304, -0.0029068943, -0.002770722, -0.0024863181, -0.0022300065, -0.002147945, -0.0022327635, -0.0029707376, 0, 0, 0, 0, 0, 0, 0, 0, 0, 0, 0, 0, 0, 0, 0, 0, 0
0, 0, 0, 0, 0, 0, 0, 0, 0, 0, 0, 0, 0, 0, 0, 0, 0, 0, 0, 0, 0, 0, 0, 0, 0, 0, 0, 0, 0, 0, 0, 0, 0, 0, 0, 0, 0, 0, 0, 0, 0, 0, 0, 0, 0, 0, 0, 0, 0, 0, 0, 0, 0, 0, 0, 0, 0, 0, 0, 0, 0, 0, 0, 0, 0, 0, 0, 0, 0, 0, 0, 0, 0, 0, 0, 0, -0.0023264342, -0.002143094, -0.0020403625, -0.0020440316, -0.0021307117, -0.0022758425, -0.0023576291, -0.0025258008, -0.002687369, -0.0028357194, -0.002905241, -0.0030397756, -0.0031728875, -0.0032397825, -0.0033717558, -0.003495739, -0.0036033185, -0.0036480173, -0.0037137528, -0.0037480267, -0.0037558093, -0.0037622717, -0.0037745223, -0.003788142, -0.003834086, -0.0039005405, -0.0039730733, -0.004006142, -0.004054788, -0.004072744, -0.0040695337, -0.0040410077, -0.003992856, -0.003937932, -0.0039115534, -0.0038651729, -0.0038272024, -0.003809511, -0.0037705696, -0.0037191645, -0.0036860122, -0.003603449, -0.0035029054, -0.0033949486, -0.0033412362, -0.0032375965, -0.0031344, -0.0030793275, -0.0029543673, -0.0027996006, -0.0026068625, -0.0024950276, -0.0022449447, -0.0019914738, -0.001889502, -0.0018158307, 0, 0, 0, 0, 0, 0, 0, 0, 0, 0, 0, 0, 0, 0, 0, 0, 0, 0
0, 0, 0, 0, 0, 0, 0, 0, 0, 0, 0, 0, 0, 0, 0, 0, 0, 0, 0, 0, 0, 0, 0, 0, 0, 0, 0, 0, 0, 0, 0, 0, 0, 0, 0, 0, 0, 0, 0, 0, 0, 0, 0, 0, 0, 0, 0, 0, 0, 0, 0, 0, 0, 0, 0, 0, 0, 0, 0, 0, 0, 0, 0, 0, 0, 0, 0, 0, 0, 0, 0, 0, 0, 0, 0, -0.0028115246, -0.0022857497, -0.0018706813, -0.0018437009, -0.0018819693, -0.0019935737, -0.0021197, -0.0021838113, -0.0023096711, -0.0024287219, -0.002536743, -0.00258664, -0.0026823268, -0.0027777548, -0.002827073, -0.0029292216, -0.0030337563, -0.0031344255, -0.0031806184, -0.0032595382, -0.0033158038, -0.0033351907, -0.0033601618, -0.0033773507, -0.0033873974, -0.0034154456, -0.0034543467, -0.0034981708, -0.0035175951, -0.0035425583, -0.0035408186, -0.0035289186, -0.0034859127, -0.0034278962, -0.00336816, -0.0033415526, -0.0032980796, -0.0032672298, -0.0032547438, -0.0032287803, -0.0031915219, -0.0031654355, -0.0030941493, -0.002999035, -0.0028907293, -0.0028358367, -0.0027323542, -0.0026395984, -0.002595834, -0.0025079786, -0.0024089308, -0.0022875296, -0.0022159559, -0.0020557009, -0.0019101137, -0.0018737769, -0.0019607772, 0, 0, 0, 0, 0, 0, 0, 0, 0, 0, 0, 0, 0, 0, 0, 0, 0, 0
0, 0, 0, 0, 0, 0, 0, 0, 0, 0, 0, 0, 0, 0, 0, 0, 0, 0, 0, 0, 0, 0, 0, 0, 0, 0, 0, 0, 0, 0, 0, 0, 0, 0, 0, 0, 0, 0, 0, 0, 0, 0, 0, 0, 0, 0, 0, 0, 0, 0, 0, 0, 0, 0, 0, 0, 0, 0, 0, 0, 0, 0, 0, 0, 0, 0, 0, 0, 0, 0, 0, 0, 0, 0, -0.001345961, -0.001324306, -0.0013088059, -0.0013417398, -0.0014395305, -0.0014987092, -0.001621546, -0.0017409214, -0.0017978653, -0.0019051802, -0.0019980858, -0.0020695603, -0.0020962972, -0.0021316076, -0.0021492378, -0.0021549524, -0.0021682063, -0.0021910705, -0.002227459, -0.0022504714, -0.0023035768, -0.0023613407, -0.0023895518, -0.0024403215, -0.0024771858, -0.002489383, -0.002500349, -0.0024969797, -0.0024843507, -0.0024764566, -0.00245802, -0.002434898, -0.0024211023, -0.002390154, -0.002358592, -0.002332651, -0.0023225334, -0.002307184, -0.0022921702, -0.0022828395, -0.0022565094, -0.0022171505, -0.0021913568, -0.0021264663, -0.0020449578, -0.0019521517, -0.0019046161, -0.0018146895, -0.001738385, -0.0017063137, -0.0016525598, -0.0016071136, -0.001564807, -0.0015468905, -0.0015395494, -0.0016590098, -0.0018270216, -0.0024491686, 0, 0, 0, 0, 0, 0, 0, 0, 0, 0, 0, 0, 0, 0, 0, 0, 0, 0
0, 0, 0, 0, 0, 0, 0, 0, 0, 0, 0, 0, 0, 0, 0, 0, 0, 0, 0, 0, 0, 0, 0, 0, 0, 0, 0, 0, 0, 0, 0, 0, 0, 0, 0, 0, 0, 0, 0, 0, 0, 0, 0, 0, 0, 0, 0, 0, 0, 0, 0, 0, 0, 0, 0, 0, 0, 0, 0, 0, 0, 0, 0, 0, 0, 0, 0, 0, 0, 0, 0, 0, 0, 0, -0.00087625923, -0.00089849083, -0.00092460506, -0.0010145511, -0.0011278148, -0.0011856967, -0.0012992865, -0.0014103575, -0.0014657855, -0.0015768163, -0.0016850139, -0.0017808921, -0.0018210177, -0.0018795045, -0.0019081468, -0.0019129392, -0.001910553, -0.0019026395, -0.0018989368, -0.00190013, -0.0019095216, -0.0019277204, -0.0019393434, -0.001963886, -0.0019852335, -0.0019920876, -0.0019955235, -0.0019837148, -0.0019605581, -0.0019473151, -0.001920304, -0.0018966966, -0.0018862997, -0.0018684589, -0.0018544727, -0.0018443426, -0.0018401464, -0.0018305118, -0.0018132939, -0.0018002016, -0.0017640283, -0.0017163599, -0.0016892687, -0.0016315306, -0.0015720665, -0.0015133936, -0.001484724, -0.0014310057, -0.0013822215, -0.0013591972, -0.0013129453, -0.0012618677, -0.0012042847, -0.0011758836, -0.0011472467, -0.001256578, -0.0014414233, 0, 0, 0, 0, 0, 0, 0, 0, 0, 0, 0, 0, 0, 0, 0, 0, 0, 0, 0
0, 0, 0, 0, 0, 0, 0, 0, 0, 0, 0, 0, 0, 0, 0, 0, 0, 0, 0, 0, 0, 0, 0, 0, 0, 0, 0, 0, 0, 0, 0, 0, 0, 0, 0, 0, 0, 0, 0, 0, 0, 0, 0, 0, 0, 0, 0, 0, 0, 0, 0, 0, 0, 0, 0, 0, 0, 0, 0, 0, 0, 0, 0, 0, 0, 0, 0, 0, 0, 0, 0, 0, 0, -0.00037763445, -0.00046971277, -0.0005237884, -0.00055975455, -0.00065043726, -0.00074846926, -0.00079590676, -0.00088582863, -0.0009727805, -0.0010170641, -0.00111121, -0.0012143787, -0.0013213821, -0.0013723989, -0.001461362, -0.001522921, -0.0015422832, -0.0015598064, -0.0015568367, -0.0015423406, -0.0015325528, -0.0015113909, -0.0014903765, -0.0014814697, -0.0014674125, -0.0014598337, -0.0014574385, -0.0014535269, -0.0014457676, -0.0014312344, -0.0014219884, -0.0014006904, -0.001379745, -0.0013702452, -0.0013539068, -0.001341423, -0.0013320136, -0.0013275836, -0.0013166856, -0.0012976356, -0.0012835021, -0.0012448191, -0.0011951056, -0.0011689395, -0.0011203027, -0.0010843086, -0.0010651683, -0.0010611466, -0.0010589587, -0.0010558785, -0.0010506513, -0.0010256863, -0.0009757316, -0.0008998066, -0.0008558504, -0.00077717716, -0.00076046924, -0.00078314944, 0, 0, 0, 0, 0, 0, 0, 0, 0, 0, 0, 0, 0, 0, 0, 0, 0, 0, 0
0, 0, 0, 0, 0, 0, 0, 0, 0, 0, 0, 0, 0, 0, 0, 0, 0, 0, 0, 0, 0, 0, 0, 0, 0, 0, 0, 0, 0, 0, 0, 0, 0, 0, 0, 0, 0, 0, 0, 0, 0, 0, 0, 0, 0, 0, 0, 0, 0, 0, 0, 0, 0, 0, 0, 0, 0, 0, 0, 0, 0, 0, 0, 0, 0, 0, 0, 0, 0, 0, 0, 0, 0, -7.970046e-05, -0.00014738466, -0.000189856, -0.0002161038, -0.00027940908, -0.00034567007, -0.00037747307, -0.00043516245, -0.0004877016, -0.0005136895, -0.00056995894, -0.0006356181, -0.00071265653, -0.0007538597, -0.0008363043, -0.0009091111, -0.00093927764, -0.000983688, -0.0010082172, -0.0010148949, -0.0010121334, -0.0009950007, -0.0009649946, -0.0009469532, -0.0009095905, -0.00087861903, -0.00086798554, -0.0008576801, -0.0008591028, -0.0008641081, -0.00086506206, -0.0008608996, -0.0008474795, -0.0008375894, -0.0008150617, -0.0007923175, -0.0007730053, -0.0007649986, -0.00075291394, -0.0007418716, -0.00073496636, -0.00071361684, -0.00068023615, -0.00066078344, -0.0006240072, -0.0006036799, -0.000610106, -0.0006235117, -0.00066521403, -0.0007113776, -0.00073013507, -0.0007470643, -0.00072606996, -0.0006654903, -0.00062465353, -0.00054700684, -0.0005279866, -0.00054860796, 0, 0, 0, 0, 0, 0, 0, 0, 0, 0, 0, 0, 0, 0, 0, 0, 0, 0, 0
0, 0, 0, 0, 0, 0, 0, 0, 0, 0, 0, 0, 0, 0, 0, 0, 0, 0, 0, 0, 0, 0, 0, 0, 0, 0, 0, 0, 0, 0, 0, 0, 0, 0, 0, 0, 0, 0, 0, 0, 0, 0, 0, 0, 0, 0, 0, 0, 0, 0, 0, 0, 0, 0, 0, 0, 0, 0, 0, 0, 0, 0, 0, 0, 0, 0, 0, 0, 0, 0, 0, 0.00048370898, 0.0003974712, 0.00017583724, 0.00012644708, 0.000112021124, 0.00010268854, 7.664486e-05, 4.6565485e-05, 3.1933952e-05, 6.4295073e-06, -1.431103e-05, -2.3431887e-05, -4.053391e-05, -5.7971614e-05, -7.9092715e-05, -9.1757815e-05, -0.00012268072, -0.0001594857, -0.00017930027, -0.00021921395, -0.00025620306, -0.000286337, -0.00029709833, -0.0003077419, -0.0003011771, -0.00029156316, -0.00026270916, -0.00023030881, -0.00021659955, -0.00020199126, -0.00020679011, -0.0002253609, -0.00023548632, -0.00024979145, -0.00024905434, -0.00024243243, -0.00021955026, -0.00019148437, -0.00016665585, -0.00015859434, -0.00015349558, -0.00016402708, -0.00017307351, -0.00019084969, -0.0001970784, -0.00019399895, -0.00018020402, -0.00016861208, -0.00017794331, -0.00019382911, -0.00024914305, -0.00032535056, -0.00036508424, -0.0004338037, -0.00047133715, -0.00046932077, -0.00045674088, -0.0004350752, -0.00047982024, -0.00053719606, 0, 0, 0, 0, 0, 0, 0, 0, 0, 0, 0, 0, 0, 0, 0, 0, 0, 0, 0
0, 0, 0, 0, 0, 0, 0, 0, 0, 0, 0, 0, 0, 0, 0, 0, 0, 0, 0, 0, 0, 0, 0, 0, 0, 0, 0, 0, 0, 0, 0, 0, 0, 0, 0, 0, 0, 0, 0, 0, 0, 0, 0, 0, 0, 0, 0, 0, 0, 0, 0, 0, 0, 0, 0, 0, 0, 0, 0, 0, 0, 0, 0, 0, 0, 0, 0, 0, 0, 0, 0, 0.0004508306, 0.00042480274, 0.00038300973, 0.00039520106, 0.0004179309, 0.0004260716, 0.00043496865, 0.00043753418, 0.00043837907, 0.00043954965, 0.00044180563, 0.000443242, 0.00044806453, 0.00045866982, 0.00047924052, 0.0004928048, 0.0005223275, 0.00054729835, 0.0005554969, 0.0005601244, 0.0005488966, 0.0005258306, 0.00051144627, 0.0004830097, 0.00046146606, 0.00045568627, 0.00045723084, 0.00047383877, 0.00048466318, 0.00050193997, 0.00050395395, 0.00048698377, 0.00047434235, 0.00044821686, 0.0004327002, 0.00043107898, 0.00043902316, 0.0004557805, 0.00047024805, 0.00047270738, 0.00046042723, 0.0004207242, 0.0003916236, 0.0003243799, 0.000263096, 0.00024056285, 0.00021651704, 0.00021309915, 0.00021107953, 0.00020324253, 0.00016329518, 8.681565e-05, 3.693071e-05, -7.385566e-05, -0.00018028409, -0.00026206308, -0.00029320226, -0.00035702874, -0.00046770697, 0, 0, 0, 0, 0, 0, 0, 0, 0, 0, 0, 0, 0, 0, 0, 0, 0, 0, 0, 0
0, 0, 0, 0, 0, 0, 0, 0, 0, 0, 0, 0, 0, 0, 0, 0, 0, 0, 0, 0, 0, 0, 0, 0, 0, 0, 0, 0, 0, 0, 0, 0, 0, 0, 0, 0, 0, 0, 0, 0, 0, 0, 0, 0, 0, 0, 0, 0, 0, 0, 0, 0, 0, 0, 0, 0, 0, 0, 0, 0, 0, 0, 0, 0, 0, 0, 0, 0, 0, 0, 0.0014675524, 0.0009152523, 0.00075075927, 0.0006765604, 0.0007172507, 0.00077301153, 0.0007977336, 0.00083939935, 0.0008734165, 0.0008886015, 0.0009149687, 0.0009354993, 0.0009429003, 0.00095341966, 0.0009651361, 0.0009901044, 0.0010102277, 0.001065996, 0.0011342455, 0.0011685119, 0.0012277681, 0.0012659843, 0.0012796347, 0.0012778682, 0.0012607025, 0.0012343172, 0.0012217986, 0.001205798, 0.001209092, 0.0012175622, 0.0012397127, 0.001255482, 0.0012519796, 0.0012422289, 0.0012113301, 0.001177111, 0.0011625028, 0.0011416709, 0.0011315262, 0.0011230784, 0.0011153482, 0.0010837229, 0.0010198514, 0.0009752539, 0.0008670915, 0.00075352, 0.00070283684, 0.0006268003, 0.0005898514, 0.000579291, 0.0005759233, 0.0005544097, 0.000492854, 0.00044307782, 0.00030984535, 0.0001498968, -4.908722e-06, -7.292804e-05, -0.00021065491, 0, 0, 0, 0, 0, 0, 0, 0, 0, 0, 0, 0, 0, 0, 0, 0, 0, 0, 0, 0, 0
0, 0, 0, 0, 0, 0, 0, 0, 0, 0, 0, 0, 0, 0, 0, 0, 0, 0, 0, 0, 0, 0, 0, 0, 0, 0, 0, 0, 0, 0, 0, 0, 0, 0, 0, 0, 0, 0, 0, 0, 0, 0, 0, 0, 0, 0, 0, 0, 0, 0, 0, 0, 0, 0, 0, 0, 0, 0, 0, 0, 0, 0, 0, 0, 0, 0, 0, 0, 0, 0, 0.0011937578, 0.0010285464, 0.0009826847, 0.0010000205, 0.0010860473, 0.0011812462, 0.0012259929, 0.0013071257, 0.0013788174, 0.0014115885, 0.0014706668, 0.0015177468, 0.0015353652, 0.0015569547, 0.0015654947, 0.0015748558, 0.001585604, 0.0016273038, 0.0016967136, 0.0017388461, 0.0018269063, 0.0019043597, 0.0019581756, 0.0019746735, 0.0019875579, 0.0019798838, 0.001972403, 0.0019603618, 0.0019641765, 0.00197382, 0.0020046886, 0.0020357294, 0.002047659, 0.0020425222, 0.0020102037, 0.0019563858, 0.001926429, 0.0018691508, 0.0018222183, 0.0017851471, 0.0017672807, 0.0017225202, 0.0016517559, 0.0016027837, 0.0014785592, 0.001331502, 0.001257433, 0.0011250346, 0.0010306385, 0.0009768564, 0.00096003746, 0.0009279016, 0.0008690293, 0.0008211321, 0.0006819078, 0.00050013035, 0.00031811206, 0.00024469363, 0.00016395397, 0, 0, 0, 0, 0, 0, 0, 0, 0, 0, 0, 0, 0, 0, 0, 0, 0, 0, 0, 0, 0
0, 0, 0, 0, 0, 0, 0, 0, 0, 0, 0, 0, 0, 0, 0, 0, 0, 0, 0, 0, 0, 0, 0, 0, 0, 0, 0, 0, 0, 0, 0, 0, 0, 0, 0, 0, 0, 0, 0, 0, 0, 0, 0, 0, 0, 0, 0, 0, 0, 0, 0, 0, 0, 0, 0, 0, 0, 0, 0, 0, 0, 0, 0, 0, 0, 0, 0, 0, 0, 0.0011437399, 0.0010560128, 0.0011032972, 0.0011570284, 0.0012966144, 0.0014495597, 0.0015951361, 0.0016635656, 0.0017903169, 0.0019068257, 0.001961563, 0.0020646385, 0.0021556772, 0.0021947816, 0.0022547452, 0.002288196, 0.0023025104, 0.0023077852, 0.0023280112, 0.002373922, 0.0024077909, 0.0024910702, 0.0025798315, 0.0026561522, 0.0026857846, 0.0027250755, 0.0027401333, 0.002741089, 0.002740176, 0.0027480829, 0.0027586578, 0.0027925498, 0.0028314926, 0.002854475, 0.002853994, 0.0028226846, 0.0027534813, 0.0027093193, 0.0026143396, 0.002526246, 0.002456173, 0.002427618, 0.0023754449, 0.0023122495, 0.00226982, 0.0021551806, 0.002000745, 0.0019127508, 0.0017306132, 0.0015639218, 0.0014317516, 0.0013798119, 0.001293376, 0.001205574, 0.0011514971, 0.0010101143, 0.00083518674, 0.00067831494, 0.0006309291, 0.0006239268, 0, 0, 0, 0, 0, 0, 0, 0, 0, 0, 0, 0, 0, 0, 0, 0, 0, 0, 0, 0, 0
0, 0, 0, 0, 0, 0, 0, 0, 0, 0, 0, 0, 0, 0, 0, 0, 0, 0, 0, 0, 0, 0, 0, 0, 0, 0, 0, 0, 0, 0, 0, 0, 0, 0, 0, 0, 0, 0, 0, 0, 0, 0, 0, 0, 0, 0, 0, 0, 0, 0, 0, 0, 0, 0, 0, 0, 0, 0, 0, 0, 0, 0, 0, 0, 0, 0, 0, 0, 0.0012426242, 0.0011286496, 0.0010910189, 0.001243981, 0.0013499028, 0.0015728322, 0.0017825641, 0.0019705084, 0.0020568743, 0.0022189263, 0.0023714683, 0.0024457218, 0.0025931569, 0.002737799, 0.0028074365, 0.0029333127, 0.003031516, 0.003094592, 0.003114765, 0.0031440048, 0.00317747, 0.0032014349, 0.0032676135, 0.0033499599, 0.0034320536, 0.0034681212, 0.0035239118, 0.0035538452, 0.0035600555, 0.003562284, 0.003563102, 0.003567131, 0.0035874476, 0.0036188976, 0.0036442387, 0.0036474972, 0.0036232488, 0.0035512762, 0.0034990679, 0.003375364, 0.0032473027, 0.0031378744, 0.0030941812, 0.003025807, 0.0029666217, 0.0029322377, 0.0028367876, 0.0026920175, 0.0025996035, 0.0023832403, 0.0021470794, 0.0019225426, 0.0018219178, 0.0016489818, 0.0015000517, 0.0014273955, 0.0012714306, 0.0011098916, 0.00100808, 0.001014979, 0.0011441354, 0, 0, 0, 0, 0, 0, 0, 0, 0, 0, 0, 0, 0, 0, 0, 0, 0, 0, 0, 0, 0
0, 0, 0, 0, 0, 0, 0, 0, 0, 0, 0, 0, 0, 0, 0, 0, 0, 0, 0, 0, 0, 0, 0, 0, 0, 0, 0, 0, 0, 0, 0, 0, 0, 0, 0, 0, 0, 0, 0, 0, 0, 0, 0, 0, 0, 0, 0, 0, 0, 0, 0, 0, 0, 0, 0, 0, 0, 0, 0, 0, 0, 0, 0, 0, 0, 0, 0, 0, 0.001366078, 0.0012640243, 0.0012894153, 0.0014889213, 0.0016145628, 0.0018738635, 0.0021137835, 0.0023220156, 0.0024154172, 0.0025876556, 0.0027503856, 0.0028317387, 0.0030008007, 0.00318242, 0.0032776408, 0.003469775, 0.0036475067, 0.0037900493, 0.003844312, 0.003923091, 0.0039767954, 0.004001903, 0.0040603885, 0.0041350233, 0.004218636, 0.004259596, 0.0043300637, 0.0043752985, 0.004386773, 0.004389897, 0.0043764627, 0.004368732, 0.00436095, 0.004368694, 0.004384326, 0.0043888143, 0.004376293, 0.004318312, 0.0042696255, 0.004138943, 0.0039836993, 0.0038336243, 0.0037683174, 0.003661947, 0.0035797744, 0.0035408477, 0.0034472512, 0.003308348, 0.003215783, 0.0029822092, 0.0026981183, 0.002396231, 0.0022499794, 0.0019836451, 0.0017576431, 0.001657164, 0.0014711294, 0.0013129367, 0.0012452009, 0.0012801528, 0, 0, 0, 0, 0, 0, 0, 0, 0, 0, 0, 0, 0, 0, 0, 0, 0, 0, 0, 0, 0, 0
0, 0, 0, 0, 0, 0, 0, 0, 0, 0, 0, 0, 0, 0, 0, 0, 0, 0, 0, 0, 0, 0, 0, 0, 0, 0, 0, 0, 0, 0, 0, 0, 0, 0, 0, 0, 0, 0, 0, 0, 0, 0, 0, 0, 0, 0, 0, 0, 0, 0, 0, 0, 0, 0, 0, 0, 0, 0, 0, 0, 0, 0, 0, 0, 0, 0, 0, 0.001922428, 0.0015592712, 0.001513232, 0.0016079472, 0.0018290235, 0.0019590156, 0.002228523, 0.002482972, 0.0027047785, 0.0028021228, 0.002974118, 0.0031278469, 0.0032030211, 0.0033609108, 0.003539488, 0.0036391295, 0.0038577481, 0.0040856116, 0.004296811, 0.0043877815, 0.0045333006, 0.0046326807, 0.00467054, 0.0047377865, 0.004809997, 0.004894372, 0.0049397354, 0.0050277994, 0.005097695, 0.0051211477, 0.005141039, 0.005128185, 0.0051136096, 0.0050810566, 0.005057663, 0.005050678, 0.00505056, 0.0050447895, 0.0050106663, 0.004975887, 0.0048659057, 0.0047099884, 0.0045320257, 0.0044434895, 0.0042817444, 0.0041438644, 0.004081042, 0.00395304, 0.0037983656, 0.003702495, 0.003462437, 0.0031597312, 0.0028151502, 0.0026381223, 0.0022975558, 0.0019961563, 0.0018645874, 0.0016464088, 0.0015144175, 0.0015194069, 0.0015595088, 0, 0, 0, 0, 0, 0, 0, 0, 0, 0, 0, 0, 0, 0, 0, 0, 0, 0, 0, 0, 0, 0
0, 0, 0, 0, 0, 0, 0, 0, 0, 0, 0, 0, 0, 0, 0, 0, 0, 0, 0, 0, 0, 0, 0, 0, 0, 0, 0, 0, 0, 0, 0, 0, 0, 0, 0, 0, 0, 0, 0, 0, 0, 0, 0, 0, 0, 0, 0, 0, 0, 0, 0, 0, 0, 0, 0, 0, 0, 0, 0, 0, 0, 0, 0, 0, 0, 0, 0, 0.0021315594, 0.0018644786, 0.001868232, 0.0020124775, 0.0022369786, 0.0023625966, 0.0026278393, 0.0028948684, 0.0031426596, 0.003254074, 0.0034481743, 0.003607714, 0.0036785442, 0.0038141015, 0.003958623, 0.0040399744, 0.0042282445, 0.0044460967, 0.0046746642, 0.004784288, 0.004976395, 0.005121395, 0.005176172, 0.0052612294, 0.005333056, 0.005412541, 0.005457774, 0.0055564307, 0.005652416, 0.0056929938, 0.0057482575, 0.0057617794, 0.0057539507, 0.005717288, 0.005670454, 0.0056328014, 0.0056201713, 0.005603884, 0.0055846884, 0.005565706, 0.0054937406, 0.00536577, 0.0051876903, 0.005086157, 0.0048751086, 0.0046692053, 0.0045711757, 0.004381542, 0.0041872733, 0.004081167, 0.0038365307, 0.0035369236, 0.0031843402, 0.0029943767, 0.0026064804, 0.0022381833, 0.0020731678, 0.0018145279, 0.001741323, 0.002011169, 0.0022550474, 0, 0, 0, 0, 0, 0, 0, 0, 0, 0, 0, 0, 0, 0, 0, 0, 0, 0, 0, 0, 0, 0
0, 0, 0, 0, 0, 0, 0, 0, 0, 0, 0, 0, 0, 0, 0, 0, 0, 0, 0, 0, 0, 0, 0, 0, 0, 0, 0, 0, 0, 0, 0, 0, 0, 0, 0, 0, 0, 0, 0, 0, 0, 0, 0, 0, 0, 0, 0, 0, 0, 0, 0, 0, 0, 0, 0, 0, 0, 0, 0, 0, 0, 0, 0, 0, 0, 0, 0.0037970555, 0.0025700266, 0.00230572, 0.0023287775, 0.002488285, 0.002699664, 0.0028135788, 0.0030577688, 0.0033250335, 0.003601152, 0.0037352596, 0.0039807004, 0.0041853227, 0.00427053, 0.0044131586, 0.0045336275, 0.004592871, 0.0047240783, 0.00488476, 0.0050738235, 0.005173843, 0.005368741, 0.0055342247, 0.0056007435, 0.0057012737, 0.00577252, 0.0058385567, 0.0058763656, 0.005967209, 0.0060721654, 0.0061241253, 0.0062129605, 0.0062640994, 0.006272171, 0.006253575, 0.006199625, 0.0061330544, 0.006102068, 0.0060539586, 0.006023977, 0.0060103177, 0.0059671686, 0.0058789826, 0.0057289787, 0.005631846, 0.0054049715, 0.00515522, 0.005028529, 0.0047798865, 0.0045379787, 0.004416713, 0.0041620824, 0.0038715508, 0.0035293184, 0.0033383346, 0.002926688, 0.002503392, 0.002303085, 0.0019792498, 0.0018840362, 0.002170575, 0, 0, 0, 0, 0, 0, 0, 0, 0, 0, 0, 0, 0, 0, 0, 0, 0, 0, 0, 0, 0, 0, 0
0, 0, 0, 0, 0, 0, 0, 0, 0, 0, 0, 0, 0, 0, 0, 0, 0, 0, 0, 0, 0, 0, 0, 0, 0, 0, 0, 0, 0, 0, 0, 0, 0, 0, 0, 0, 0, 0, 0, 0, 0, 0, 0, 0, 0, 0, 0, 0, 0, 0, 0, 0, 0, 0, 0, 0, 0, 0, 0, 0, 0, 0, 0, 0, 0, 0.0035517546, 0.0031544012, 0.0027739345, 0.0027405599, 0.0028062526, 0.0029985926, 0.0032069825, 0.003310865, 0.0035260166, 0.0037677577, 0.0040422175, 0.004187463, 0.004477695, 0.0047430266, 0.0048591336, 0.0050503267, 0.0051908568, 0.005247307, 0.0053479485, 0.005454725, 0.005585425, 0.005660593, 0.0058225426, 0.0059794695, 0.006048349, 0.0061563686, 0.006226436, 0.0062749847, 0.006299794, 0.0063617434, 0.00644634, 0.0064946995, 0.006590108, 0.0066639804, 0.006685912, 0.0066909515, 0.0066437703, 0.006559085, 0.0065103876, 0.0064182496, 0.0063477852, 0.006321237, 0.0062743067, 0.0062089586, 0.00609612, 0.0060169506, 0.0058141937, 0.005565664, 0.005430899, 0.0051534777, 0.0048771254, 0.004741172, 0.004469093, 0.0041796593, 0.0038486964, 0.0036621536, 0.0032463118, 0.002796388, 0.0025773845, 0.002224553, 0.0021167528, 0, 0, 0, 0, 0, 0, 0, 0, 0, 0, 0, 0, 0, 0, 0, 0, 0, 0, 0, 0, 0, 0, 0, 0
0, 0, 0, 0, 0, 0, 0, 0, 0, 0, 0, 0, 0, 0, 0, 0, 0, 0, 0, 0, 0, 0, 0, 0, 0, 0, 0, 0, 0, 0, 0, 0, 0, 0, 0, 0, 0, 0, 0, 0, 0, 0, 0, 0, 0, 0, 0, 0, 0, 0, 0, 0, 0, 0, 0, 0, 0, 0, 0, 0, 0, 0, 0, 0, 0.003236081, 0.0030336916, 0.0028457085, 0.0029025539, 0.0031007424, 0.0032267107, 0.0034894405, 0.0037326696, 0.0038420002, 0.0040442124, 0.0042476756, 0.0044793654, 0.004609213, 0.004891354, 0.005181785, 0.0053204694, 0.005567498, 0.005760631, 0.005836338, 0.0059556183, 0.00605202, 0.0061509297, 0.0062073325, 0.00633577, 0.0064750975, 0.0065416354, 0.006653695, 0.0067254426, 0.006759864, 0.0067697014, 0.0067896005, 0.0068276427, 0.006855128, 0.0069218827, 0.006987632, 0.007012317, 0.0070313173, 0.006997133, 0.006908792, 0.0068492987, 0.0067168386, 0.0065917647, 0.006537862, 0.0064501925, 0.0063736252, 0.006280025, 0.0062182075, 0.006056089, 0.005841952, 0.005718087, 0.0054468825, 0.0051587075, 0.0050131436, 0.0047209943, 0.004420785, 0.0040923567, 0.003910721, 0.003507916, 0.0030723475, 0.0028652844, 0.0025814248, 0.0027222051, 0, 0, 0, 0, 0, 0, 0, 0, 0, 0, 0, 0, 0, 0, 0, 0, 0, 0, 0, 0, 0, 0, 0, 0
0, 0, 0, 0, 0, 0, 0, 0, 0, 0, 0, 0, 0, 0, 0, 0, 0, 0, 0, 0, 0, 0, 0, 0, 0, 0, 0, 0, 0, 0, 0, 0, 0, 0, 0, 0, 0, 0, 0, 0, 0, 0, 0, 0, 0, 0, 0, 0, 0, 0, 0, 0, 0, 0, 0, 0, 0, 0, 0, 0, 0, 0, 0, 0, 0.0030233597, 0.0028482592, 0.002837657, 0.0030800086, 0.0034094788, 0.0035834906, 0.0039268634, 0.004236779, 0.0043724733, 0.00460025, 0.0047842236, 0.0049586548, 0.0050535514, 0.005270908, 0.0055233524, 0.005656814, 0.005918842, 0.006150039, 0.006248413, 0.006407972, 0.006528043, 0.00663026, 0.0066816243, 0.0067960187, 0.0069255885, 0.006991962, 0.007112619, 0.0071952348, 0.007227521, 0.0072270567, 0.0072075967, 0.00718664, 0.007183107, 0.0071942476, 0.0072233714, 0.0072390204, 0.007256639, 0.007234747, 0.007156826, 0.007096648, 0.006944642, 0.00677486, 0.0066926014, 0.0065470315, 0.006428749, 0.0063216896, 0.0062642293, 0.006126307, 0.005944678, 0.0058360547, 0.0055855047, 0.005300947, 0.0051506725, 0.0048414795, 0.0045233425, 0.0041868044, 0.004007443, 0.0036258544, 0.0032458876, 0.003085958, 0.0029324375, 0.003060676, 0, 0, 0, 0, 0, 0, 0, 0, 0, 0, 0, 0, 0, 0, 0, 0, 0, 0, 0, 0, 0, 0, 0, 0
0, 0, 0, 0, 0, 0, 0, 0, 0, 0, 0, 0, 0, 0, 0, 0, 0, 0, 0, 0, 0, 0, 0, 0, 0, 0, 0, 0, 0, 0, 0, 0, 0, 0, 0, 0, 0, 0, 0, 0, 0, 0, 0, 0, 0, 0, 0, 0, 0, 0, 0, 0, 0, 0, 0, 0, 0, 0, 0, 0, 0, 0, 0, 0.0042742714, 0.003135927, 0.0029707495, 0.0030337065, 0.0033290405, 0.0037014943, 0.0038986183, 0.004298613, 0.004681551, 0.0048545306, 0.005144884, 0.005353038, 0.005500022, 0.0055644, 0.0057017, 0.005875088, 0.0059773284, 0.0062023127, 0.0064290264, 0.006534159, 0.0067158514, 0.0068559307, 0.0069650905, 0.0070142923, 0.007116328, 0.0072330358, 0.007296648, 0.00742288, 0.007523137, 0.007570456, 0.007570907, 0.0075326203, 0.00746621, 0.007432472, 0.0073799295, 0.007354465, 0.0073506925, 0.0073485635, 0.0073314286, 0.007271701, 0.007220634, 0.0070764236, 0.006890964, 0.0067914557, 0.006598127, 0.0064278888, 0.006281136, 0.00621142, 0.0060637617, 0.005886992, 0.005783303, 0.0055419467, 0.0052599637, 0.0051071597, 0.0047858655, 0.004450043, 0.004097606, 0.00391434, 0.0035452107, 0.0032408326, 0.0031678034, 0.0033726466, 0.0041949167, 0, 0, 0, 0, 0, 0, 0, 0, 0, 0, 0, 0, 0, 0, 0, 0, 0, 0, 0, 0, 0, 0, 0, 0
0, 0, 0, 0, 0, 0, 0, 0, 0, 0, 0, 0, 0, 0, 0, 0, 0, 0, 0, 0, 0, 0, 0, 0, 0, 0, 0, 0, 0, 0, 0, 0, 0, 0, 0, 0, 0, 0, 0, 0, 0, 0, 0, 0, 0, 0, 0, 0, 0, 0, 0, 0, 0, 0, 0, 0, 0, 0, 0, 0, 0, 0, 0.0034095247, 0.0032768066, 0.0030715829, 0.0030863662, 0.003293225, 0.003615971, 0.0039868294, 0.00418468, 0.0046027405, 0.0050311442, 0.0052376143, 0.005603384, 0.005876806, 0.006052913, 0.0061128885, 0.006209175, 0.006314793, 0.006381681, 0.00654804, 0.006742009, 0.006839778, 0.0070183035, 0.007157473, 0.0072540524, 0.0072910385, 0.0073563014, 0.007430483, 0.0074754097, 0.0075786603, 0.0076811705, 0.0077496315, 0.0077623236, 0.0077375225, 0.007657993, 0.0076073394, 0.00750351, 0.0074190437, 0.007387461, 0.007343848, 0.0073107476, 0.007260963, 0.0072212843, 0.0071016583, 0.006928967, 0.0068272, 0.0066105505, 0.0063984236, 0.0062046107, 0.0061130766, 0.005930719, 0.005731393, 0.0056200926, 0.0053690756, 0.0050797397, 0.004923041, 0.0045911935, 0.004241562, 0.0038739955, 0.0036838693, 0.0033087062, 0.0030391356, 0.0030209497, 0.0034399503, 0, 0, 0, 0, 0, 0, 0, 0, 0, 0, 0, 0, 0, 0, 0, 0, 0, 0, 0, 0, 0, 0, 0, 0, 0
0, 0, 0, 0, 0, 0, 0, 0, 0, 0, 0, 0, 0, 0, 0, 0, 0, 0, 0, 0, 0, 0, 0, 0, 0, 0, 0, 0, 0, 0, 0, 0, 0, 0, 0, 0, 0, 0, 0, 0, 0, 0, 0, 0, 0, 0, 0, 0, 0, 0, 0, 0, 0, 0, 0, 0, 0, 0, 0, 0, 0, 0.0028825265, 0.0027610746, 0.0027834729, 0.0030371863, 0.0032049005, 0.0035649845, 0.0039212145, 0.004274359, 0.0044566225, 0.004847534, 0.0052725766, 0.005490322, 0.0059077777, 0.0062582004, 0.0065091, 0.006596632, 0.006716851, 0.006807462, 0.006857103, 0.0069852932, 0.0071504745, 0.0072402903, 0.0074127465, 0.007547529, 0.007627171, 0.007646924, 0.0076589757, 0.007660844, 0.0076679266, 0.007705769, 0.007772678, 0.00784303, 0.007867569, 0.007874674, 0.00781627, 0.0077659274, 0.0076389695, 0.007504018, 0.0074418797, 0.007337654, 0.0072593945, 0.007191204, 0.007152206, 0.007048135, 0.006895523, 0.006800196, 0.006580677, 0.006344268, 0.0061116326, 0.0059996406, 0.0057786675, 0.005549089, 0.005426098, 0.005156118, 0.004852513, 0.004689169, 0.004344604, 0.00398504, 0.0036155155, 0.003428006, 0.0030673281, 0.0028245598, 0.002829457, 0.0033001236, 0, 0, 0, 0, 0, 0, 0, 0, 0, 0, 0, 0, 0, 0, 0, 0, 0, 0, 0, 0, 0, 0, 0, 0, 0
0, 0, 0, 0, 0, 0, 0, 0, 0, 0, 0, 0, 0, 0, 0, 0, 0, 0, 0, 0, 0, 0, 0, 0, 0, 0, 0, 0, 0, 0, 0, 0, 0, 0, 0, 0, 0, 0, 0, 0, 0, 0, 0, 0, 0, 0, 0, 0, 0, 0, 0, 0, 0, 0, 0, 0, 0, 0, 0, 0, 0.0044970424, 0.0031981955, 0.002843818, 0.0028137094, 0.0031860871, 0.0034156838, 0.0038615947, 0.0042455774, 0.0045772237, 0.00473552, 0.0050637713, 0.005430926, 0.0056301137, 0.00604364, 0.006439938, 0.006770006, 0.0069005275, 0.007093027, 0.0072230627, 0.007279646, 0.0074047064, 0.0075614573, 0.0076493933, 0.007827359, 0.007974971, 0.008061242, 0.0080768075, 0.008059823, 0.008002385, 0.007971028, 0.007926663, 0.00792566, 0.0079624625, 0.007985561, 0.008013192, 0.007987464, 0.00794947, 0.007827655, 0.0076652896, 0.0075782384, 0.0074116574, 0.0072667194, 0.0071460465, 0.0070896065, 0.006968768, 0.006817114, 0.0067243585, 0.006506303, 0.0062579936, 0.0060015987, 0.0058750655, 0.0056269793, 0.0053755706, 0.0052438974, 0.004959223, 0.0046411995, 0.0044696582, 0.0041076825, 0.0037361626, 0.0033772208, 0.0032110438, 0.002941216, 0.00284728, 0.0029013243, 0, 0, 0, 0, 0, 0, 0, 0, 0, 0, 0, 0, 0, 0, 0, 0, 0, 0, 0, 0, 0, 0, 0, 0, 0, 0
0, 0, 0, 0, 0, 0, 0, 0, 0, 0, 0, 0, 0, 0, 0, 0, 0, 0, 0, 0, 0, 0, 0, 0, 0, 0, 0, 0, 0, 0, 0, 0, 0, 0, 0, 0, 0, 0, 0, 0, 0, 0, 0, 0, 0, 0, 0, 0, 0, 0, 0, 0, 0, 0, 0, 0, 0, 0, 0, 0.005071426, 0.0039604395, 0.0031570594, 0.0029740646, 0.003029308, 0.0034140404, 0.003654783, 0.004134133, 0.004544834, 0.0048713516, 0.0050120326, 0.0052765897, 0.0055593196, 0.00571809, 0.006072841, 0.00645816, 0.0068280147, 0.006991913, 0.007259775, 0.007450326, 0.007526067, 0.0076665543, 0.007821153, 0.007907797, 0.00809071, 0.008260104, 0.008379688, 0.008412631, 0.0084195435, 0.008359757, 0.008314421, 0.008220533, 0.008154322, 0.0081348205, 0.008139832, 0.008157206, 0.008148335, 0.008123213, 0.008022341, 0.007860377, 0.007763607, 0.0075556743, 0.0073510627, 0.007164837, 0.0070785386, 0.006911549, 0.006733207, 0.006633341, 0.006406468, 0.0061476156, 0.005874968, 0.005739051, 0.0054733045, 0.0052098404, 0.0050740647, 0.0047829943, 0.0044551594, 0.0042757746, 0.0038921614, 0.003495716, 0.003131627, 0.002985989, 0.002857336, 0.0031513064, 0.0035425194, 0, 0, 0, 0, 0, 0, 0, 0, 0, 0, 0, 0, 0, 0, 0, 0, 0, 0, 0, 0, 0, 0, 0, 0, 0, 0
0, 0, 0, 0, 0, 0, 0, 0, 0, 0, 0, 0, 0, 0, 0, 0, 0, 0, 0, 0, 0, 0, 0, 0, 0, 0, 0, 0, 0, 0, 0, 0, 0, 0, 0, 0, 0, 0, 0, 0, 0, 0, 0, 0, 0, 0, 0, 0, 0, 0, 0, 0, 0, 0, 0, 0, 0, 0, 0, 0.0031254247, 0.0030047356, 0.0028840161, 0.0029013648, 0.003115315, 0.0035167956, 0.0037571897, 0.004253793, 0.004703055, 0.005063455, 0.0052104057, 0.0054580555, 0.0056862803, 0.0058087735, 0.0060895365, 0.0064219697, 0.0067797746, 0.006953567, 0.0072622523, 0.007497657, 0.0075891293, 0.0077394694, 0.00787843, 0.007953259, 0.008118312, 0.008291534, 0.008445148, 0.008504485, 0.0085729975, 0.008568349, 0.008541372, 0.008456305, 0.008361404, 0.0082914615, 0.008270606, 0.0082504675, 0.008231621, 0.008211101, 0.008131043, 0.0079906685, 0.007899807, 0.007688443, 0.007457501, 0.007227973, 0.0071171355, 0.006903106, 0.0066884053, 0.0065754782, 0.006329493, 0.0060544023, 0.005761596, 0.005614638, 0.00532826, 0.005050519, 0.00491109, 0.00461719, 0.0042859535, 0.0041020047, 0.0036972777, 0.0032626903, 0.002855105, 0.0026975535, 0.0026124907, 0.0030956918, 0.0035640423, 0, 0, 0, 0, 0, 0, 0, 0, 0, 0, 0, 0, 0, 0, 0, 0, 0, 0, 0, 0, 0, 0, 0, 0, 0, 0
0, 0, 0, 0, 0, 0, 0, 0, 0, 0, 0, 0, 0, 0, 0, 0, 0, 0, 0, 0, 0, 0, 0, 0, 0, 0, 0, 0, 0, 0, 0, 0, 0, 0, 0, 0, 0, 0, 0, 0, 0, 0, 0, 0, 0, 0, 0, 0, 0, 0, 0, 0, 0, 0, 0, 0, 0, 0, 0.0016300057, 0.0019128341, 0.0021988966, 0.0024940434, 0.0026491417, 0.0029936489, 0.0034082665, 0.003641218, 0.00413514, 0.004619056, 0.005039631, 0.005218196, 0.0055153784, 0.0057612574, 0.0058783293, 0.0061272494, 0.006414615, 0.0067379703, 0.0069040065, 0.0072168787, 0.0074705477, 0.007569022, 0.0077170264, 0.007827971, 0.007881263, 0.008002274, 0.008148801, 0.008308446, 0.008384945, 0.008509883, 0.008576165, 0.008583136, 0.008547143, 0.008464424, 0.008369779, 0.008327648, 0.008262579, 0.008214335, 0.00818892, 0.008117474, 0.008003296, 0.007927685, 0.007742878, 0.0075257146, 0.0072935643, 0.0071763746, 0.006943572, 0.0067091375, 0.0065878215, 0.006326448, 0.0060334345, 0.0057141706, 0.005550649, 0.0052289604, 0.0049222847, 0.0047732764, 0.004470895, 0.0041401875, 0.0039566658, 0.0035453215, 0.003085011, 0.0026323772, 0.0024486629, 0.0023228044, 0.0027786596, 0, 0, 0, 0, 0, 0, 0, 0, 0, 0, 0, 0, 0, 0, 0, 0, 0, 0, 0, 0, 0, 0, 0, 0, 0, 0, 0
0, 0, 0, 0, 0, 0, 0, 0, 0, 0, 0, 0, 0, 0, 0, 0, 0, 0, 0, 0, 0, 0, 0, 0, 0, 0, 0, 0, 0, 0, 0, 0, 0, 0, 0, 0, 0, 0, 0, 0, 0, 0, 0, 0, 0, 0, 0, 0, 0, 0, 0, 0, 0, 0, 0, 0, 0, 0.0013638235, 0.0012518673, 0.0013622637, 0.0017287093, 0.0021665432, 0.0023793972, 0.0027814815, 0.0031791918, 0.003388697, 0.0038388418, 0.004312527, 0.0047710985, 0.004982966, 0.0053608753, 0.0056829904, 0.005830096, 0.006114208, 0.0064054667, 0.0067152735, 0.0068747234, 0.007183767, 0.0074478555, 0.007552991, 0.0077058477, 0.0077999565, 0.007836224, 0.007913373, 0.008017974, 0.008155364, 0.008231078, 0.0083773425, 0.008488789, 0.008522716, 0.008537584, 0.008486037, 0.008391796, 0.008339423, 0.008241299, 0.008160564, 0.00812466, 0.008049027, 0.00795063, 0.007888802, 0.0077365017, 0.00755102, 0.007342784, 0.0072336453, 0.0070111183, 0.006782095, 0.006662158, 0.006402264, 0.0061033037, 0.0057640993, 0.0055839, 0.0052189813, 0.004866644, 0.0046984986, 0.004372574, 0.0040382366, 0.0038585933, 0.003459984, 0.0030143806, 0.0025862614, 0.0024238785, 0.002311966, 0, 0, 0, 0, 0, 0, 0, 0, 0, 0, 0, 0, 0, 0, 0, 0, 0, 0, 0, 0, 0, 0, 0, 0, 0, 0, 0, 0
0, 0, 0, 0, 0, 0, 0, 0, 0, 0, 0, 0, 0, 0, 0, 0, 0, 0, 0, 0, 0, 0, 0, 0, 0, 0, 0, 0, 0, 0, 0, 0, 0, 0, 0, 0, 0, 0, 0, 0, 0, 0, 0, 0, 0, 0, 0, 0, 0, 0, 0, 0, 0, 0, 0, 0, 0.0013951192, 0.0010898937, 0.0010298629, 0.0011366769, 0.0014861977, 0.0019409955, 0.002168424, 0.002585922, 0.002955869, 0.0031352472, 0.0035097739, 0.0039206985, 0.004358159, 0.0045792186, 0.0050076735, 0.0054067844, 0.005594142, 0.0059479475, 0.006283443, 0.0066133575, 0.00677792, 0.0070989383, 0.0073883436, 0.0075109564, 0.0077012777, 0.007821797, 0.007863441, 0.0079337135, 0.008015074, 0.008125322, 0.008190171, 0.008325781, 0.0084452685, 0.008489601, 0.008533577, 0.008511155, 0.008432373, 0.008380125, 0.008269944, 0.0081698485, 0.008125278, 0.0080412775, 0.00794792, 0.007891901, 0.00775593, 0.007588386, 0.0073957574, 0.007293404, 0.0070826453, 0.006865926, 0.0067537874, 0.006511569, 0.006229364, 0.0058938786, 0.005707722, 0.0053115375, 0.0049108714, 0.0047167432, 0.0043466543, 0.003991391, 0.0038114996, 0.0034322524, 0.0030320934, 0.0027051829, 0.0026426811, 0.0029210674, 0, 0, 0, 0, 0, 0, 0, 0, 0, 0, 0, 0, 0, 0, 0, 0, 0, 0, 0, 0, 0, 0, 0, 0, 0, 0, 0, 0
0, 0, 0, 0, 0, 0, 0, 0, 0, 0, 0, 0, 0, 0, 0, 0, 0, 0, 0, 0, 0, 0, 0, 0, 0, 0, 0, 0, 0, 0, 0, 0, 0, 0, 0, 0, 0, 0, 0, 0, 0, 0, 0, 0, 0, 0, 0, 0, 0, 0, 0, 0, 0, 0, 0, 0.00065879995, 0.00080022804, 0.00078915514, 0.0008074516, 0.00096232037, 0.001288934, 0.0017266743, 0.0019565092, 0.0023889125, 0.0027566184, 0.0029206665, 0.0032357082, 0.0035692044, 0.0039445627, 0.0041476176, 0.0045725037, 0.005002876, 0.0052138455, 0.005617526, 0.0059934203, 0.006346899, 0.006518733, 0.0068565607, 0.0071800593, 0.0073300214, 0.0075915284, 0.0077908337, 0.007868159, 0.0079920385, 0.00809702, 0.008204692, 0.008261863, 0.008378653, 0.008484573, 0.008527802, 0.00858125, 0.008581139, 0.0085269725, 0.008484553, 0.0083856005, 0.0082880305, 0.0082434295, 0.008160021, 0.008068515, 0.008013235, 0.007875688, 0.0076997587, 0.007493035, 0.0073824385, 0.007156808, 0.0069340845, 0.006824382, 0.00660063, 0.006350483, 0.006047161, 0.0058710733, 0.0054744473, 0.0050410125, 0.0048209573, 0.004392988, 0.0039921016, 0.0038010196, 0.003429815, 0.0030809273, 0.0028447665, 0.002845123, 0.003241217, 0, 0, 0, 0, 0, 0, 0, 0, 0, 0, 0, 0, 0, 0, 0, 0, 0, 0, 0, 0, 0, 0, 0, 0, 0, 0, 0, 0
0, 0, 0, 0, 0, 0, 0, 0, 0, 0, 0, 0, 0, 0, 0, 0, 0, 0, 0, 0, 0, 0, 0, 0, 0, 0, 0, 0, 0, 0, 0, 0, 0, 0, 0, 0, 0, 0, 0, 0, 0, 0, 0, 0, 0, 0, 0, 0, 0, 0, 0, 0, 0, 0, 9.65747e-05, 0.0002208006, 0.0004019021, 0.00052569096, 0.000586578, 0.0007590385, 0.0010442275, 0.0014422075, 0.0016660433, 0.0021141567, 0.0025116084, 0.002684517, 0.0029908982, 0.0032828029, 0.003603329, 0.0037819035, 0.0041754, 0.004600082, 0.004814921, 0.005232906, 0.0056196977, 0.00597248, 0.0061399317, 0.0064689163, 0.006801676, 0.0069696987, 0.007297559, 0.0075949603, 0.007726142, 0.007950712, 0.0081297, 0.008275507, 0.008339003, 0.0084513845, 0.008544665, 0.008582643, 0.008637582, 0.008656362, 0.008634412, 0.008609681, 0.008542476, 0.008467965, 0.008432187, 0.008362628, 0.008279971, 0.008226335, 0.008083174, 0.007888192, 0.0076488354, 0.007518984, 0.007252461, 0.006996784, 0.006877012, 0.0066528306, 0.006428679, 0.006168455, 0.0060141226, 0.0056459936, 0.005206822, 0.0049694795, 0.0044850176, 0.0040193815, 0.0038037742, 0.003425585, 0.0031574203, 0.003093311, 0.0031660167, 0, 0, 0, 0, 0, 0, 0, 0, 0, 0, 0, 0, 0, 0, 0, 0, 0, 0, 0, 0, 0, 0, 0, 0, 0, 0, 0, 0, 0
0, 0, 0, 0, 0, 0, 0, 0, 0, 0, 0, 0, 0, 0, 0, 0, 0, 0, 0, 0, 0, 0, 0, 0, 0, 0, 0, 0, 0, 0, 0, 0, 0, 0, 0, 0, 0, 0, 0, 0, 0, 0, 0, 0, 0, 0, 0, 0, 0, 0, 0, 0, 0, -1.5110802e-05, 5.3358257e-05, 0.00012744102, 0.00028447038, 0.0004140573, 0.0004698012, 0.00059583917, 0.0007983716, 0.0011160662, 0.0013138327, 0.0017513399, 0.0021829295, 0.002378941, 0.0027228012, 0.0030237774, 0.0033273196, 0.0034936112, 0.0038647808, 0.0042795516, 0.004494004, 0.0049175215, 0.0053083883, 0.0056524985, 0.005808757, 0.0061050034, 0.006406417, 0.006566785, 0.0069092573, 0.007265376, 0.007439387, 0.0077612204, 0.008031761, 0.00824385, 0.008328784, 0.008462507, 0.008557243, 0.00859327, 0.008649037, 0.008683653, 0.008694446, 0.008689937, 0.008663059, 0.008620932, 0.008596927, 0.008544689, 0.0084731, 0.008423634, 0.008284354, 0.008084171, 0.00782819, 0.007685168, 0.0073839454, 0.0070877527, 0.006949626, 0.0066989698, 0.0064733387, 0.0062385635, 0.0061036963, 0.0057741688, 0.0053528156, 0.005111212, 0.004587184, 0.004051008, 0.0037981465, 0.003379973, 0.0032068866, 0.0035304055, 0.003966073, 0, 0, 0, 0, 0, 0, 0, 0, 0, 0, 0, 0, 0, 0, 0, 0, 0, 0, 0, 0, 0, 0, 0, 0, 0, 0, 0, 0, 0
0, 0, 0, 0, 0, 0, 0, 0, 0, 0, 0, 0, 0, 0, 0, 0, 0, 0, 0, 0, 0, 0, 0, 0, 0, 0, 0, 0, 0, 0, 0, 0, 0, 0, 0, 0, 0, 0, 0, 0, 0, 0, 0, 0, 0, 0, 0, 0, 0, 0, 0, 0, 0.00021966096, 0.00012090849, 0.00019392204, 0.00026387314, 0.00040893492, 0.0005118324, 0.00054362125, 0.00059327774, 0.0006837596, 0.00088213873, 0.001030498, 0.0014098139, 0.0018435904, 0.0020576334, 0.002449979, 0.0027896012, 0.0031074104, 0.0032725635, 0.003635296, 0.004046936, 0.0042651524, 0.004707403, 0.005126963, 0.0054952744, 0.0056566857, 0.0059416136, 0.0062055453, 0.006342789, 0.0066468115, 0.0069923094, 0.0071749, 0.007537545, 0.007867397, 0.008139299, 0.008249791, 0.008421629, 0.008536682, 0.008577984, 0.008640457, 0.008687468, 0.008722674, 0.008733886, 0.008738833, 0.008718942, 0.0087009445, 0.008651536, 0.008579776, 0.008531537, 0.00840076, 0.008216652, 0.007978547, 0.007841643, 0.007542962, 0.0072303102, 0.007076165, 0.0067870086, 0.006527431, 0.006280019, 0.006148865, 0.0058423537, 0.005448169, 0.005214096, 0.004680374, 0.0040912954, 0.0037978834, 0.0032958102, 0.00310945, 0.0035683324, 0.0040415144, 0, 0, 0, 0, 0, 0, 0, 0, 0, 0, 0, 0, 0, 0, 0, 0, 0, 0, 0, 0, 0, 0, 0, 0, 0, 0, 0, 0, 0
0, 0, 0, 0, 0, 0, 0, 0, 0, 0, 0, 0, 0, 0, 0, 0, 0, 0, 0, 0, 0, 0, 0, 0, 0, 0, 0, 0, 0, 0, 0, 0, 0, 0, 0, 0, 0, 0, 0, 0, 0, 0, 0, 0, 0, 0, 0, 0, 0, 0, 0, 0.0010917779, 0.00070352276, 0.00042223782, 0.0004655923, 0.0005357865, 0.0006881144, 0.00079085585, 0.0008141722, 0.0008180449, 0.0008202336, 0.00089923246, 0.0009872785, 0.0012675351, 0.0016539135, 0.0018652166, 0.0022791368, 0.0026499555, 0.0029823664, 0.0031457534, 0.0034929218, 0.0038890154, 0.0041058874, 0.0045659393, 0.0050317543, 0.0054652183, 0.005658926, 0.005993116, 0.006269009, 0.0063974564, 0.00666167, 0.006960354, 0.007123477, 0.0074649397, 0.007799186, 0.008095433, 0.008222462, 0.008430373, 0.008577144, 0.008631026, 0.008711617, 0.008772085, 0.008822368, 0.008841606, 0.008860026, 0.008840788, 0.008817066, 0.008745531, 0.008648261, 0.00859053, 0.00845486, 0.0082874345, 0.00808439, 0.007968197, 0.007706453, 0.0074101877, 0.007252872, 0.006932636, 0.006621812, 0.0063254912, 0.0061779674, 0.0058616255, 0.0054856692, 0.0052662124, 0.0047582975, 0.004173178, 0.0038689994, 0.0033237468, 0.003089553, 0.0034610066, 0, 0, 0, 0, 0, 0, 0, 0, 0, 0, 0, 0, 0, 0, 0, 0, 0, 0, 0, 0, 0, 0, 0, 0, 0, 0, 0, 0, 0, 0
0, 0, 0, 0, 0, 0, 0, 0, 0, 0, 0, 0, 0, 0, 0, 0, 0, 0, 0, 0, 0, 0, 0, 0, 0, 0, 0, 0, 0, 0, 0, 0, 0, 0, 0, 0, 0, 0, 0, 0, 0, 0, 0, 0, 0, 0, 0, 0, 0, 0, 0.0017611451, 0.0012177498, 0.0010064164, 0.0007947046, 0.00081403553, 0.0008758809, 0.0010363087, 0.0011718591, 0.0012134885, 0.0012416018, 0.0012282631, 0.0012421757, 0.0012824532, 0.0014584973, 0.0017609169, 0.0019451034, 0.0023352015, 0.0027028075, 0.0030251702, 0.0031757054, 0.003481709, 0.0038293928, 0.0040266993, 0.004469866, 0.004958654, 0.005456215, 0.005693016, 0.00611753, 0.0064646304, 0.006613606, 0.006886814, 0.007160537, 0.007305225, 0.007609631, 0.007919151, 0.008210476, 0.008343009, 0.008573299, 0.00875153, 0.0088207405, 0.008927493, 0.009006414, 0.009068321, 0.009091579, 0.009112138, 0.009082045, 0.009045917, 0.008936616, 0.008792624, 0.008712681, 0.008543797, 0.008365355, 0.008175029, 0.0080728885, 0.007845855, 0.007578095, 0.007426328, 0.0070917015, 0.0067327404, 0.0063716364, 0.00619333, 0.005834148, 0.005451762, 0.0052440804, 0.0047860886, 0.004283085, 0.0040335013, 0.0036325245, 0.0035394968, 0, 0, 0, 0, 0, 0, 0, 0, 0, 0, 0, 0, 0, 0, 0, 0, 0, 0, 0, 0, 0, 0, 0, 0, 0, 0, 0, 0, 0, 0, 0
0, 0, 0, 0, 0, 0, 0, 0, 0, 0, 0, 0, 0, 0, 0, 0, 0, 0, 0, 0, 0, 0, 0, 0, 0, 0, 0, 0, 0, 0, 0, 0, 0, 0, 0, 0, 0, 0, 0, 0, 0, 0, 0, 0, 0, 0, 0, 0, 0, 0.005631018, 0.0030529469, 0.0019031651, 0.0016505268, 0.001388047, 0.0013262287, 0.0013515837, 0.0014741994, 0.0016280726, 0.0016959588, 0.0017916927, 0.0018334234, 0.0018549411, 0.0018767659, 0.0019818072, 0.0021957748, 0.0023403158, 0.0026719808, 0.0030035193, 0.003292216, 0.0034193625, 0.0036627746, 0.0039325557, 0.0040907823, 0.0044675423, 0.0049226633, 0.0054294146, 0.0056878077, 0.006180259, 0.006605114, 0.006788355, 0.007108129, 0.007398252, 0.007541806, 0.007835242, 0.008133493, 0.008422734, 0.0085587725, 0.0088056205, 0.009008794, 0.009091835, 0.009222936, 0.009318427, 0.00939145, 0.009419365, 0.009447581, 0.009418512, 0.0093776975, 0.009245047, 0.0090596005, 0.008954444, 0.008731355, 0.008503807, 0.008278225, 0.008165597, 0.007932089, 0.00766931, 0.007519643, 0.007177126, 0.006784171, 0.0063638287, 0.006151707, 0.0057307403, 0.0053131157, 0.0051042577, 0.0046858997, 0.004301426, 0.0041554403, 0.004117961, 0.004727102, 0, 0, 0, 0, 0, 0, 0, 0, 0, 0, 0, 0, 0, 0, 0, 0, 0, 0, 0, 0, 0, 0, 0, 0, 0, 0, 0, 0, 0, 0, 0
0, 0, 0, 0, 0, 0, 0, 0, 0, 0, 0, 0, 0, 0, 0, 0, 0, 0, 0, 0, 0, 0, 0, 0, 0, 0, 0, 0, 0, 0, 0, 0, 0, 0, 0, 0, 0, 0, 0, 0, 0, 0, 0, 0, 0, 0, 0, 0.0061972695, 0.0056734197, 0.0046291496, 0.0035935172, 0.0028736375, 0.0026505745, 0.0023419023, 0.0021663627, 0.0021295494, 0.002150653, 0.0022592419, 0.002328239, 0.0024630036, 0.002565141, 0.002626669, 0.0026510535, 0.0027211607, 0.0028639582, 0.0029704943, 0.003235023, 0.0035216098, 0.0037737016, 0.0038808095, 0.0040687583, 0.0042603714, 0.004373354, 0.004655152, 0.0050232285, 0.0054675774, 0.005708525, 0.006194501, 0.0066432473, 0.006842693, 0.0071934643, 0.00750349, 0.0076531544, 0.007955001, 0.00826329, 0.0085678045, 0.008713739, 0.008981875, 0.009206205, 0.009298002, 0.009441029, 0.009540248, 0.009614688, 0.009645577, 0.009688803, 0.009685835, 0.00965898, 0.009546205, 0.009359105, 0.00924269, 0.008976935, 0.008685811, 0.008387651, 0.008240224, 0.007948942, 0.007648547, 0.007486936, 0.0071257395, 0.006707821, 0.006245823, 0.0060064313, 0.005525657, 0.005055859, 0.004830088, 0.0044144634, 0.0041135806, 0.0040577697, 0.004330244, 0.005268127, 0, 0, 0, 0, 0, 0, 0, 0, 0, 0, 0, 0, 0, 0, 0, 0, 0, 0, 0, 0, 0, 0, 0, 0, 0, 0, 0, 0, 0, 0, 0
0, 0, 0, 0, 0, 0, 0, 0, 0, 0, 0, 0, 0, 0, 0, 0, 0, 0, 0, 0, 0, 0, 0, 0, 0, 0, 0, 0, 0, 0, 0, 0, 0, 0, 0, 0, 0, 0, 0, 0, 0, 0, 0, 0, 0, 0, 0, 0.0046185693, 0.0044425386, 0.0042355894, 0.0041117095, 0.0039414237, 0.003840796, 0.0036114473, 0.0033888035, 0.003301494, 0.0032042777, 0.0032102407, 0.0032425853, 0.0033402955, 0.0034415354, 0.0035105448, 0.003532029, 0.0035698884, 0.003649562, 0.0037188232, 0.003916819, 0.004160896, 0.0043932064, 0.004493163, 0.0046612024, 0.004811836, 0.004893442, 0.005092661, 0.005357939, 0.0056966874, 0.0058896006, 0.0063000605, 0.0067001185, 0.0068836743, 0.007210305, 0.007499616, 0.0076409928, 0.007931934, 0.008241723, 0.0085603595, 0.008716509, 0.009006713, 0.009247111, 0.009342941, 0.009482458, 0.009564198, 0.009616641, 0.009640652, 0.009687673, 0.009718622, 0.009717847, 0.009665319, 0.009529671, 0.009429456, 0.009168696, 0.008842272, 0.008475937, 0.008287345, 0.007911874, 0.0075405487, 0.007351871, 0.006953074, 0.006510006, 0.006022044, 0.0057658916, 0.0052410415, 0.0047196513, 0.0044706855, 0.004035189, 0.0037936494, 0.003817668, 0.0043518613, 0, 0, 0, 0, 0, 0, 0, 0, 0, 0, 0, 0, 0, 0, 0, 0, 0, 0, 0, 0, 0, 0, 0, 0, 0, 0, 0, 0, 0, 0, 0, 0
0, 0, 0, 0, 0, 0, 0, 0, 0, 0, 0, 0, 0, 0, 0, 0, 0, 0, 0, 0, 0, 0, 0, 0, 0, 0, 0, 0, 0, 0, 0, 0, 0, 0, 0, 0, 0, 0, 0, 0, 0, 0, 0, 0, 0, 0.009718924, 0.0071233795, 0.004682186, 0.0043649347, 0.0043921536, 0.0046976847, 0.0049357307, 0.004990428, 0.0049681426, 0.004825872, 0.004738926, 0.0045864335, 0.004498386, 0.0044818767, 0.004491988, 0.004527524, 0.0045476523, 0.0045447806, 0.004522766, 0.0045215557, 0.0045457743, 0.0046604713, 0.004848091, 0.005060691, 0.0051621455, 0.00534168, 0.0054950686, 0.005568582, 0.0057235816, 0.0059087235, 0.006143045, 0.006280768, 0.0065860623, 0.0068985065, 0.007044521, 0.007303171, 0.0075297803, 0.007640769, 0.0078801, 0.008154436, 0.008457542, 0.008611757, 0.008905288, 0.009150511, 0.009246101, 0.009373316, 0.009423829, 0.009432284, 0.009434631, 0.009453886, 0.00949194, 0.009510077, 0.009519454, 0.009462503, 0.009400122, 0.009198516, 0.008894501, 0.008508058, 0.008294693, 0.007852464, 0.007409213, 0.0071888464, 0.0067415275, 0.0062700165, 0.0057621384, 0.0054948516, 0.0049393675, 0.004374957, 0.0041046417, 0.0036544662, 0.0034984609, 0.0036225559, 0.004355745, 0, 0, 0, 0, 0, 0, 0, 0, 0, 0, 0, 0, 0, 0, 0, 0, 0, 0, 0, 0, 0, 0, 0, 0, 0, 0, 0, 0, 0, 0, 0, 0
0, 0, 0, 0, 0, 0, 0, 0, 0, 0, 0, 0, 0, 0, 0, 0, 0, 0, 0, 0, 0, 0, 0, 0, 0, 0, 0, 0, 0, 0, 0, 0, 0, 0, 0, 0, 0, 0, 0, 0, 0, 0, 0, 0, 0.0073585478, 0.006988168, 0.00600351, 0.0049930112, 0.004803661, 0.0049066925, 0.0053249383, 0.0057705343, 0.0059469896, 0.0061579775, 0.0061873877, 0.0061539575, 0.0060447254, 0.005936304, 0.00589453, 0.0058400105, 0.005808199, 0.005765171, 0.005730889, 0.0056362157, 0.005539818, 0.005508638, 0.0055078072, 0.0055974973, 0.005751701, 0.005839718, 0.0060164724, 0.0061778533, 0.0062515596, 0.006387691, 0.0065211845, 0.006674743, 0.0067654946, 0.0069751306, 0.007200558, 0.007307927, 0.0074944342, 0.007648013, 0.007721129, 0.007883802, 0.00808747, 0.0083332, 0.008466077, 0.008730873, 0.008963849, 0.009056308, 0.009175387, 0.009202963, 0.009168519, 0.009143677, 0.009109773, 0.009113863, 0.009127818, 0.009157945, 0.009156921, 0.009131192, 0.009008161, 0.008771847, 0.008425231, 0.008218589, 0.0077646747, 0.007287727, 0.0070476625, 0.006565251, 0.006068249, 0.005540356, 0.0052623292, 0.0046779597, 0.004074297, 0.003784818, 0.003331525, 0.0033029744, 0.00355507, 0, 0, 0, 0, 0, 0, 0, 0, 0, 0, 0, 0, 0, 0, 0, 0, 0, 0, 0, 0, 0, 0, 0, 0, 0, 0, 0, 0, 0, 0, 0, 0, 0
0, 0, 0, 0, 0, 0, 0, 0, 0, 0, 0, 0, 0, 0, 0, 0, 0, 0, 0, 0, 0, 0, 0, 0, 0, 0, 0, 0, 0, 0, 0, 0, 0, 0, 0, 0, 0, 0, 0, 0, 0, 0, 0, 0.0060528875, 0.0055864304, 0.005506924, 0.0054355892, 0.0053466307, 0.0053584413, 0.0055642463, 0.0059743132, 0.0064698616, 0.0067046057, 0.0070764218, 0.007274167, 0.007312373, 0.007308055, 0.0072529768, 0.007223083, 0.0071711303, 0.007127123, 0.007068395, 0.007024251, 0.006897516, 0.0067355433, 0.0066554053, 0.0065320926, 0.0064865327, 0.0065221535, 0.006562724, 0.0066691986, 0.0067838524, 0.00683769, 0.006931537, 0.0070110024, 0.007094699, 0.007145877, 0.0072748694, 0.0074288785, 0.0075052786, 0.007638705, 0.007738731, 0.0077812783, 0.007870677, 0.0079889055, 0.008148185, 0.008241558, 0.0084446585, 0.008645128, 0.008731981, 0.008853827, 0.008887634, 0.008842871, 0.008803661, 0.008724743, 0.00867562, 0.008666256, 0.00866795, 0.008670177, 0.008658967, 0.00858683, 0.008421646, 0.008148982, 0.007975772, 0.007573907, 0.007127412, 0.00689617, 0.006421364, 0.005921906, 0.0053826678, 0.005094928, 0.0044843135, 0.0038518738, 0.003552327, 0.0031059163, 0.0031778566, 0.0035075184, 0, 0, 0, 0, 0, 0, 0, 0, 0, 0, 0, 0, 0, 0, 0, 0, 0, 0, 0, 0, 0, 0, 0, 0, 0, 0, 0, 0, 0, 0, 0, 0, 0
0, 0, 0, 0, 0, 0, 0, 0, 0, 0, 0, 0, 0, 0, 0, 0, 0, 0, 0, 0, 0, 0, 0, 0, 0, 0, 0, 0, 0, 0, 0, 0, 0, 0, 0, 0, 0, 0, 0, 0, 0, 0, 0.005241308, 0.00471202, 0.004739044, 0.004906236, 0.0053528384, 0.005749648, 0.005916748, 0.006246879, 0.006643027, 0.007114889, 0.007357234, 0.0077901045, 0.0080898525, 0.008183321, 0.008278748, 0.0083020115, 0.008301767, 0.0082958825, 0.008289218, 0.008270082, 0.008246826, 0.00815501, 0.007996885, 0.007899958, 0.0076995427, 0.0075303046, 0.007419279, 0.0073859873, 0.0073517873, 0.007340304, 0.007336421, 0.007324999, 0.007308371, 0.0072999923, 0.0073055634, 0.007347878, 0.0074285697, 0.0074764146, 0.0075655277, 0.0076282644, 0.0076491768, 0.0076791593, 0.0077139516, 0.007773111, 0.007815954, 0.007930512, 0.008073479, 0.008146906, 0.008271759, 0.008335203, 0.008323849, 0.008294816, 0.008214443, 0.0081357835, 0.0081047015, 0.00806026, 0.00802735, 0.008007666, 0.007942177, 0.007817844, 0.0076156342, 0.0074847452, 0.007173735, 0.0068166223, 0.0066258213, 0.006219276, 0.005766067, 0.005248387, 0.0049630967, 0.0043494133, 0.0037292498, 0.0034553122, 0.0031084784, 0.0031355566, 0, 0, 0, 0, 0, 0, 0, 0, 0, 0, 0, 0, 0, 0, 0, 0, 0, 0, 0, 0, 0, 0, 0, 0, 0, 0, 0, 0, 0, 0, 0, 0, 0, 0
0, 0, 0, 0, 0, 0, 0, 0, 0, 0, 0, 0, 0, 0, 0, 0, 0, 0, 0, 0, 0, 0, 0, 0, 0, 0, 0, 0, 0, 0, 0, 0, 0, 0, 0, 0, 0, 0, 0, 0, 0.0063940384, 0.005478072, 0.0043292325, 0.004125698, 0.0044799563, 0.0047834367, 0.0054854276, 0.006135729, 0.0064085564, 0.0068668914, 0.0072865207, 0.0077325897, 0.007963056, 0.0083979955, 0.008739037, 0.00886296, 0.00902667, 0.009112304, 0.009138205, 0.009174461, 0.009204218, 0.009229968, 0.009236007, 0.009208957, 0.009106195, 0.009023945, 0.008814588, 0.008581032, 0.00836078, 0.008260815, 0.008078033, 0.007908926, 0.007825847, 0.00766094, 0.0075016925, 0.0073606884, 0.0073029725, 0.0072263703, 0.007204876, 0.00721073, 0.007235952, 0.0072516017, 0.0072488445, 0.0072207144, 0.0071736895, 0.0071298527, 0.007117407, 0.00712418, 0.0071810316, 0.007225038, 0.0073258537, 0.0074097416, 0.0074457456, 0.0074431403, 0.0074049435, 0.0073429733, 0.007309648, 0.007245351, 0.007183274, 0.007150635, 0.00707233, 0.006962646, 0.006807936, 0.006713188, 0.0064946255, 0.0062488928, 0.00611746, 0.0058281133, 0.005478943, 0.005041927, 0.004787776, 0.004226378, 0.003682424, 0.0034840263, 0.0034694104, 0.0041922736, 0, 0, 0, 0, 0, 0, 0, 0, 0, 0, 0, 0, 0, 0, 0, 0, 0, 0, 0, 0, 0, 0, 0, 0, 0, 0, 0, 0, 0, 0, 0, 0, 0, 0
0, 0, 0, 0, 0, 0, 0, 0, 0, 0, 0, 0, 0, 0, 0, 0, 0, 0, 0, 0, 0, 0, 0, 0, 0, 0, 0, 0, 0, 0, 0, 0, 0, 0, 0, 0, 0, 0, 0, 0.0038982043, 0.00415411, 0.004019558, 0.0037478446, 0.0038876166, 0.0044044326, 0.0047612865, 0.005565828, 0.0063504, 0.0066967527, 0.0072807134, 0.007767409, 0.008226882, 0.008455371, 0.008892073, 0.009259542, 0.009406119, 0.009623133, 0.009757632, 0.009802167, 0.009860757, 0.009898432, 0.009932481, 0.009947354, 0.009953495, 0.0098932395, 0.009829713, 0.009640289, 0.0093952, 0.009130914, 0.0089980755, 0.008730857, 0.008454447, 0.008311185, 0.008016484, 0.0077181803, 0.0074304733, 0.0072968397, 0.0070661157, 0.0068999776, 0.0068414803, 0.0067596002, 0.0066931047, 0.0066547412, 0.0065546506, 0.006423597, 0.0062795267, 0.0062123146, 0.0061042286, 0.0060512805, 0.0060478086, 0.0060786176, 0.006134558, 0.006183082, 0.0061973105, 0.006201599, 0.006179957, 0.006162672, 0.006120365, 0.006069222, 0.0060401224, 0.00597109, 0.0058814962, 0.0057643033, 0.0056959903, 0.0055478476, 0.005396181, 0.005320597, 0.005158031, 0.004948194, 0.004652658, 0.004468317, 0.0040535177, 0.0036856956, 0.0035901295, 0.0037519755, 0, 0, 0, 0, 0, 0, 0, 0, 0, 0, 0, 0, 0, 0, 0, 0, 0, 0, 0, 0, 0, 0, 0, 0, 0, 0, 0, 0, 0, 0, 0, 0, 0, 0, 0
0, 0, 0, 0, 0, 0, 0, 0, 0, 0, 0, 0, 0, 0, 0, 0, 0, 0, 0, 0, 0, 0, 0, 0, 0, 0, 0, 0, 0, 0, 0, 0, 0, 0, 0, 0, 0, 0.0025264758, 0.0024024623, 0.0025802252, 0.0029139037, 0.003061154, 0.0033315553, 0.0037129405, 0.004284196, 0.0046388847, 0.005440399, 0.0062669422, 0.0066535603, 0.007336561, 0.007909551, 0.008424651, 0.008672448, 0.009145941, 0.009563908, 0.009741834, 0.010025916, 0.010220272, 0.010286788, 0.010367523, 0.010399351, 0.010410823, 0.010413082, 0.010399864, 0.010331075, 0.0102656325, 0.010072093, 0.0098192915, 0.009544024, 0.009404667, 0.00912165, 0.008821935, 0.008662011, 0.008320413, 0.00795041, 0.0075592725, 0.007361079, 0.006978873, 0.0066460087, 0.0065055946, 0.0062753577, 0.0060879327, 0.005998483, 0.0058087967, 0.0055950233, 0.0053646658, 0.005250468, 0.0050403457, 0.0048752585, 0.0048147826, 0.00473976, 0.004713523, 0.004712393, 0.004713811, 0.004712984, 0.0047066575, 0.0047028814, 0.004695848, 0.0046892646, 0.0046846746, 0.0046677385, 0.0046308683, 0.0045657093, 0.0045229825, 0.0044257967, 0.004333322, 0.004293723, 0.0042244038, 0.0041419896, 0.004008415, 0.003919665, 0.0037561858, 0.0038168323, 0.0040284037, 0.0045696646, 0, 0, 0, 0, 0, 0, 0, 0, 0, 0, 0, 0, 0, 0, 0, 0, 0, 0, 0, 0, 0, 0, 0, 0, 0, 0, 0, 0, 0, 0, 0, 0, 0, 0, 0
0, 0, 0, 0, 0, 0, 0, 0, 0, 0, 0, 0, 0, 0, 0, 0, 0, 0, 0, 0, 0, 0, 0, 0, 0, 0, 0, 0, 0, 0, 0, 0, 0, 0.01399912, 0.011775409, 0.009551752, 0.0048276163, 0.0029859308, 0.0026537396, 0.002559131, 0.002822708, 0.0030073682, 0.0033998266, 0.0037941146, 0.004216979, 0.004455822, 0.005005731, 0.0056340843, 0.005958917, 0.006590331, 0.00717491, 0.007726625, 0.007999813, 0.008547078, 0.009081286, 0.009332992, 0.009785214, 0.010147721, 0.010288691, 0.010483809, 0.010571286, 0.0105810035, 0.010566324, 0.010504442, 0.010385551, 0.010297527, 0.01005982, 0.009757697, 0.009426443, 0.009259481, 0.008930956, 0.008609849, 0.008450148, 0.008124063, 0.0077719735, 0.007365602, 0.0071364394, 0.006629921, 0.006092721, 0.0058276653, 0.005329938, 0.004884788, 0.004680002, 0.004296874, 0.003939024, 0.0036000225, 0.003436999, 0.0031230464, 0.0028294409, 0.0026934997, 0.0024509681, 0.0022496185, 0.0020796203, 0.0020012523, 0.0018541722, 0.0017305977, 0.0016847367, 0.0016398692, 0.0016677232, 0.001706978, 0.0018195146, 0.001945098, 0.0020430787, 0.0020729804, 0.0020888778, 0.0020637803, 0.0020468198, 0.0020310248, 0.0020576934, 0.0021230786, 0.0021689362, 0.0023386455, 0.0028785414, 0.0034567611, 0, 0, 0, 0, 0, 0, 0, 0, 0, 0, 0, 0, 0, 0, 0, 0, 0, 0, 0, 0, 0, 0, 0, 0, 0, 0, 0, 0, 0, 0, 0, 0, 0, 0, 0, 0
0, 0, 0, 0, 0, 0, 0, 0, 0, 0, 0, 0, 0, 0, 0, 0, 0, 0, 0, 0, 0, 0, 0, 0, 0, 0, 0, 0, 0, 0, 0, 0, 0.00713112, 0.00789726, 0.007997437, 0.007298147, 0.0052022953, 0.003864788, 0.0035467376, 0.003346312, 0.003466937, 0.00358587, 0.0038671002, 0.004163309, 0.0044738553, 0.0046455422, 0.0050463444, 0.0055207275, 0.005772866, 0.00627474, 0.006748514, 0.007203426, 0.0074339635, 0.0079120025, 0.008406787, 0.008652074, 0.009116565, 0.009518857, 0.009687105, 0.0099425195, 0.0100869415, 0.010140678, 0.010143312, 0.010112895, 0.010029388, 0.009961489, 0.009764256, 0.009486069, 0.009146068, 0.008959817, 0.008570465, 0.00817269, 0.007975431, 0.007588351, 0.0072028926, 0.006790736, 0.006565266, 0.0060682665, 0.0055249617, 0.0052469163, 0.0047006523, 0.0041845227, 0.003940873, 0.0034809937, 0.0030595192, 0.0026751114, 0.0024956958, 0.0021575151, 0.0018443263, 0.0016989674, 0.0014364352, 0.001212569, 0.0010136563, 0.0009171814, 0.00072267576, 0.00053714693, 0.00045725825, 0.0003461876, 0.0003247696, 0.00035037153, 0.00046493794, 0.0006317994, 0.00080135313, 0.00087250926, 0.00096660876, 0.0009944029, 0.0009912532, 0.0009833154, 0.0010175568, 0.0011393267, 0.0012483464, 0.0016152402, 0.0020314963, 0, 0, 0, 0, 0, 0, 0, 0, 0, 0, 0, 0, 0, 0, 0, 0, 0, 0, 0, 0, 0, 0, 0, 0, 0, 0, 0, 0, 0, 0, 0, 0, 0, 0, 0, 0, 0
0, 0, 0, 0, 0, 0, 0, 0, 0, 0, 0, 0, 0, 0, 0, 0, 0, 0, 0, 0, 0, 0, 0, 0, 0, 0, 0, 0, 0, 0, 0.0068739476, 0.006290491, 0.00513191, 0.0053488854, 0.0058318833, 0.00584234, 0.0053373645, 0.0047114943, 0.0044918684, 0.0042651785, 0.004251603, 0.0042960173, 0.0044382834, 0.0046142223, 0.004814733, 0.0049317675, 0.0052189864, 0.0055783438, 0.0057739704, 0.0061649545, 0.006525346, 0.006856586, 0.0070209433, 0.0073640714, 0.0077334265, 0.007924754, 0.0083061205, 0.008662797, 0.008822076, 0.009083759, 0.009256315, 0.009348701, 0.009372874, 0.009391906, 0.009373385, 0.009344678, 0.009232753, 0.00903004, 0.008732032, 0.00854986, 0.00813279, 0.007669013, 0.0074301925, 0.00695621, 0.0064975685, 0.006042655, 0.0058090226, 0.005317257, 0.004792702, 0.004522556, 0.0039789197, 0.0034430043, 0.0031807846, 0.002673073, 0.00219583, 0.0017557269, 0.0015503407, 0.0011668098, 0.0008206961, 0.00066420954, 0.00039138828, 0.00017166742, -1.23619875e-05, -0.00010000609, -0.00028212427, -0.000472257, -0.0005643966, -0.0007182577, -0.00080101023, -0.0008069174, -0.00074255216, -0.00059093494, -0.00038986135, -0.00028751968, -0.00011403287, -9.072649e-06, 1.71364e-05, 4.038294e-05, 7.792609e-05, 0.00021610428, 0.000372429, 0.0011278546, 0.0024547116, 0, 0, 0, 0, 0, 0, 0, 0, 0, 0, 0, 0, 0, 0, 0, 0, 0, 0, 0, 0, 0, 0, 0, 0, 0, 0, 0, 0, 0, 0, 0, 0, 0, 0, 0, 0, 0
0, 0, 0, 0, 0, 0, 0, 0, 0, 0, 0, 0, 0, 0, 0, 0, 0, 0, 0, 0, 0, 0, 0, 0, 0, 0, 0, 0, 0.009447346, 0.0076828566, 0.005562956, 0.005095467, 0.0045718565, 0.0047055488, 0.0052033225, 0.005415745, 0.0055683944, 0.0054414365, 0.0053433552, 0.005172046, 0.0050728456, 0.005049999, 0.0050432254, 0.005070851, 0.0051365625, 0.005192346, 0.00537021, 0.005638366, 0.0057950635, 0.006117532, 0.0064073293, 0.006647875, 0.006755759, 0.0069654365, 0.0071844533, 0.0073004314, 0.00754195, 0.0077855163, 0.007901028, 0.008102236, 0.008245516, 0.0083304, 0.008357631, 0.008396732, 0.008422801, 0.008426774, 0.008396393, 0.008285834, 0.008070538, 0.00792098, 0.0075452076, 0.0070878384, 0.0068396972, 0.0063294973, 0.0058250455, 0.0053347955, 0.0050921286, 0.004602696, 0.0041019046, 0.0038472048, 0.0033319567, 0.0028104018, 0.0025486383, 0.0020274073, 0.0015169726, 0.0010271291, 0.0007921148, 0.00034432317, -6.4040534e-05, -0.00024801557, -0.00056254707, -0.0007993922, -0.00097202417, -0.001043597, -0.0011792339, -0.0013223939, -0.0013976764, -0.0015443928, -0.0016607663, -0.0016966234, -0.0017043507, -0.001612765, -0.0014316912, -0.0013199651, -0.0010904629, -0.00090147916, -0.0008330507, -0.0007468672, -0.00069890835, -0.0006306734, -0.00055572257, -0.00016765426, 0, 0, 0, 0, 0, 0, 0, 0, 0, 0, 0, 0, 0, 0, 0, 0, 0, 0, 0, 0, 0, 0, 0, 0, 0, 0, 0, 0, 0, 0, 0, 0, 0, 0, 0, 0, 0, 0
0, 0, 0, 0, 0, 0, 0, 0, 0, 0, 0, 0, 0, 0, 0, 0, 0, 0, 0, 0, 0, 0, 0, 0, 0, 0, 0.008387377, 0.006537438, 0.0062762173, 0.0057809716, 0.0050205216, 0.0048038145, 0.004705496, 0.004941111, 0.005385768, 0.0056157405, 0.0059552677, 0.0060797106, 0.0060770684, 0.0059989644, 0.005880783, 0.005817717, 0.00568879, 0.005563348, 0.005465651, 0.005441592, 0.0054703336, 0.005613998, 0.0057206643, 0.0059642894, 0.0061949985, 0.0063759033, 0.0064473865, 0.0065651536, 0.0066704913, 0.006724632, 0.00684345, 0.0069757174, 0.0070418883, 0.0071590072, 0.007234618, 0.0072636, 0.0072664777, 0.007265975, 0.0072720414, 0.0072768237, 0.0072732368, 0.0072216154, 0.007090376, 0.0069881026, 0.006708934, 0.006338502, 0.0061262427, 0.005670963, 0.0052003954, 0.004734604, 0.0045044147, 0.0040458436, 0.0035833758, 0.0033487256, 0.0028716838, 0.0023833513, 0.0021353343, 0.0016345356, 0.0011335684, 0.000636493, 0.00039040777, -9.494661e-05, -0.0005600496, -0.0007775913, -0.001163541, -0.0014631004, -0.001672578, -0.0017480229, -0.0018613277, -0.0019517527, -0.0019973405, -0.0020961757, -0.0022014226, -0.00224949, -0.0023115592, -0.0022947807, -0.0021751279, -0.002079094, -0.0018424509, -0.0015963493, -0.0014878052, -0.0013254712, -0.001253201, -0.0012770299, -0.0013152373, 0, 0, 0, 0, 0, 0, 0, 0, 0, 0, 0, 0, 0, 0, 0, 0, 0, 0, 0, 0, 0, 0, 0, 0, 0, 0, 0, 0, 0, 0, 0, 0, 0, 0, 0, 0, 0, 0, 0
0, 0, 0, 0, 0, 0, 0, 0, 0, 0, 0, 0, 0, 0, 0, 0, 0, 0, 0, 0, 0, 0, 0, 0.005782811, 0.005605034, 0.00495711, 0.00533953, 0.004970109, 0.004793538, 0.004690971, 0.004695642, 0.00474421, 0.0049633393, 0.005307727, 0.0057265027, 0.0059381593, 0.0063008764, 0.0065275296, 0.0065857386, 0.0066112573, 0.006545579, 0.006486089, 0.006318143, 0.0060977503, 0.005861041, 0.0057551973, 0.0056071077, 0.005572696, 0.005596861, 0.005698823, 0.005821575, 0.00591885, 0.00595288, 0.0059962273, 0.0060243434, 0.006040496, 0.0060877423, 0.006158342, 0.006197879, 0.0062668812, 0.006293883, 0.0062647867, 0.006233196, 0.0061557884, 0.0060833106, 0.006054303, 0.006005594, 0.005951538, 0.0058664577, 0.005804625, 0.005629996, 0.0053817597, 0.0052321716, 0.0048946165, 0.0045280294, 0.0041516186, 0.0039617, 0.0035757057, 0.003174913, 0.0029671155, 0.0025362773, 0.0020894245, 0.00186294, 0.0014104602, 0.00096417085, 0.0005236195, 0.00030278444, -0.000144781, -0.0006005358, -0.0008269467, -0.0012583944, -0.0016329996, -0.0019232461, -0.0020326413, -0.002185432, -0.002270354, -0.0022982466, -0.0023480693, -0.002410375, -0.0024480433, -0.002521764, -0.002557675, -0.0025131186, -0.0024533044, -0.0022643185, -0.0020180077, -0.0018912996, -0.0016763506, -0.0015845839, -0.0017133452, -0.0018826548, 0, 0, 0, 0, 0, 0, 0, 0, 0, 0, 0, 0, 0, 0, 0, 0, 0, 0, 0, 0, 0, 0, 0, 0, 0, 0, 0, 0, 0, 0, 0, 0, 0, 0, 0, 0, 0, 0, 0
0, 0, 0, 0, 0, 0, 0, 0, 0, 0, 0, 0, 0, 0, 0, 0, 0, 0, 0, 0, 0, 0, 0.0017589944, 0.0026977896, 0.0031015493, 0.003424487, 0.0036790369, 0.003825995, 0.0038830333, 0.0040892335, 0.0044093756, 0.004595166, 0.0049979123, 0.0054174364, 0.0058275945, 0.0060199476, 0.0063583716, 0.0066103167, 0.0067018415, 0.006821185, 0.0068612923, 0.006848623, 0.006748291, 0.0065416503, 0.006254964, 0.006099759, 0.0058118273, 0.0055978876, 0.0055253045, 0.0054396195, 0.0053988565, 0.0053625987, 0.0053391713, 0.005280637, 0.005222177, 0.005200809, 0.0051891212, 0.005226292, 0.0052586626, 0.005325987, 0.0053567034, 0.0053190654, 0.0052740257, 0.0051459423, 0.0049963244, 0.004924025, 0.0047960854, 0.004694419, 0.0046091033, 0.0045661665, 0.004462211, 0.004316068, 0.0042241844, 0.004006313, 0.0037583122, 0.003493499, 0.0033557727, 0.0030649835, 0.0027433953, 0.002568398, 0.0021920677, 0.0017916481, 0.0015894363, 0.0011949312, 0.0008254999, 0.00048236884, 0.00031630235, -1.8609599e-05, -0.00037433216, -0.0005630476, -0.00095751655, -0.0013530424, -0.001711744, -0.0018653944, -0.0021039117, -0.0022448467, -0.0022835943, -0.002321339, -0.0023425366, -0.002357076, -0.0024004364, -0.002445658, -0.0024563821, -0.0024363177, -0.0023321982, -0.0021477793, -0.002037065, -0.0018284646, -0.0017442578, -0.0019184125, -0.0020881523, 0, 0, 0, 0, 0, 0, 0, 0, 0, 0, 0, 0, 0, 0, 0, 0, 0, 0, 0, 0, 0, 0, 0, 0, 0, 0, 0, 0, 0, 0, 0, 0, 0, 0, 0, 0, 0, 0, 0
0, 0, 0, 0, 0, 0, 0, 0, 0, 0, 0, 0, 0, 0, 0, 0, 0, 0.0021642563, 0.0021090137, 0.0018657853, 0.0013787947, 0.0011333756, 0.0011024992, 0.0014974101, 0.001775238, 0.0022806423, 0.0027133813, 0.0030868233, 0.0032617687, 0.0036366745, 0.0040677777, 0.004297644, 0.004759062, 0.005194832, 0.0055788625, 0.0057470133, 0.0060318904, 0.00625819, 0.0063558216, 0.0065340674, 0.0066839247, 0.0067381593, 0.006770836, 0.0066690547, 0.006433461, 0.0062800064, 0.005942387, 0.0056191995, 0.005476607, 0.0052363453, 0.0050424356, 0.004868883, 0.0047823894, 0.0046043997, 0.0044307215, 0.004354448, 0.004245595, 0.0042131073, 0.004224339, 0.0042795404, 0.0043316507, 0.004332133, 0.00430509, 0.004198087, 0.004039644, 0.0039517647, 0.0037810646, 0.0036399309, 0.0035380833, 0.003497939, 0.003423235, 0.0033322563, 0.0032745583, 0.003134439, 0.0029702613, 0.002792891, 0.002699394, 0.002496214, 0.0022589893, 0.0021233251, 0.0018171951, 0.0014765654, 0.001301128, 0.000959348, 0.0006518147, 0.00039275724, 0.00027965568, 7.207047e-05, -0.00013988385, -0.00025834492, -0.0005337301, -0.00086105306, -0.0012157368, -0.00139004, -0.0016992616, -0.0019219866, -0.00199459, -0.0020705191, -0.002084616, -0.002081718, -0.002079595, -0.0020952558, -0.002120568, -0.0021274323, -0.0021079571, -0.0020250634, -0.0019635633, -0.0018457077, -0.0018557118, -0.0020894564, 0, 0, 0, 0, 0, 0, 0, 0, 0, 0, 0, 0, 0, 0, 0, 0, 0, 0, 0, 0, 0, 0, 0, 0, 0, 0, 0, 0, 0, 0, 0, 0, 0, 0, 0, 0, 0, 0, 0, 0
0, 0, 0, 0, 0, 0, 0, 0, 0, 0, 0, 0, 0, 0, 0.0047263084, 0.003913832, 0.0025221114, 0.001619917, 0.0015255739, 0.0014795727, 0.001257848, 0.001095027, 0.00091292214, 0.0010328753, 0.0011893575, 0.0016023671, 0.0020589042, 0.002507595, 0.002726654, 0.0031685808, 0.0036254406, 0.0038561937, 0.0043053343, 0.0047118403, 0.005046354, 0.005182053, 0.0053947708, 0.0055580554, 0.005637842, 0.005819901, 0.0060313554, 0.0061345357, 0.0062865424, 0.006309271, 0.006176948, 0.0060602664, 0.005759646, 0.0054232064, 0.005258094, 0.004954243, 0.0046908, 0.00445158, 0.00433303, 0.004083795, 0.0038174987, 0.0036859426, 0.0034523066, 0.0032951876, 0.0032509463, 0.0032238876, 0.0032453395, 0.0032677506, 0.0032674004, 0.00322954, 0.003139489, 0.0030795229, 0.002948834, 0.0028294036, 0.0027401277, 0.0027063503, 0.0026483864, 0.0025813782, 0.0025387574, 0.0024335387, 0.002310095, 0.002180967, 0.002115944, 0.0019809194, 0.0018293242, 0.0017419196, 0.0015358191, 0.001286358, 0.0011483323, 0.00086039456, 0.0005859086, 0.0003566494, 0.00026524958, 0.00012445744, 1.5779859e-05, -3.9222676e-05, -0.00017857413, -0.00038045936, -0.0006507823, -0.00080376613, -0.0011153243, -0.0013883335, -0.0014955272, -0.0016384486, -0.0016912315, -0.0016921628, -0.0016694452, -0.0016488894, -0.0016551832, -0.0016683334, -0.0017009575, -0.0017202779, -0.0017250176, -0.0017717659, -0.0019854957, 0, 0, 0, 0, 0, 0, 0, 0, 0, 0, 0, 0, 0, 0, 0, 0, 0, 0, 0, 0, 0, 0, 0, 0, 0, 0, 0, 0, 0, 0, 0, 0, 0, 0, 0, 0, 0, 0, 0, 0, 0
0, 0, 0, 0, 0, 0, 0, 0, 0, 0.004173176, 0.0041884314, 0.0039906744, 0.0032815754, 0.0026442562, 0.0027786624, 0.002690292, 0.0020690863, 0.0014688941, 0.0013419072, 0.0012945737, 0.0012184642, 0.0011268377, 0.0009383366, 0.00088902726, 0.000938226, 0.0011669472, 0.0015135623, 0.0019197942, 0.0021345809, 0.0025746329, 0.0030191075, 0.0032372568, 0.003653418, 0.004020222, 0.0043089385, 0.0044179633, 0.0045673046, 0.004662355, 0.004710633, 0.0048466967, 0.0050453166, 0.0051563326, 0.005352189, 0.0054481016, 0.005404318, 0.005331196, 0.0051063173, 0.004819326, 0.004670149, 0.004388348, 0.0041479906, 0.003942798, 0.0038425487, 0.003620313, 0.0033491831, 0.0031976548, 0.0028882625, 0.0026137556, 0.0025026603, 0.0023446195, 0.0022661453, 0.0022458108, 0.0022476444, 0.0022559008, 0.0022500341, 0.0022380955, 0.0022021774, 0.002164231, 0.002137614, 0.002129151, 0.0021118673, 0.002077301, 0.0020489928, 0.0019703659, 0.0018726782, 0.0017732797, 0.0017274297, 0.0016485592, 0.0015840173, 0.0015529935, 0.001477023, 0.0013590183, 0.0012778814, 0.0010715352, 0.000828383, 0.00059034734, 0.0004870258, 0.00032709583, 0.00022861896, 0.00019471432, 0.00013177136, 3.9612452e-05, -0.0001139846, -0.0002164574, -0.0004601696, -0.0007217849, -0.00084369496, -0.001043348, -0.0011629, -0.0011915104, -0.001199765, -0.0011759888, -0.0011640196, -0.0011713177, -0.0012172743, -0.0013038577, -0.0013683337, -0.0015964299, -0.0020486363, 0, 0, 0, 0, 0, 0, 0, 0, 0, 0, 0, 0, 0, 0, 0, 0, 0, 0, 0, 0, 0, 0, 0, 0, 0, 0, 0, 0, 0, 0, 0, 0, 0, 0, 0, 0, 0, 0, 0, 0, 0
0.0019070833, 0.0019396467, 0.0018025408, 0.0010845299, 0.0005138076, -0.0007270308, -0.0014948582, -0.0015369661, -0.00083103316, 0.0010936398, 0.0021187784, 0.0022948072, 0.0022339544, 0.0019892685, 0.001955118, 0.0019287459, 0.0017269466, 0.0014387134, 0.001345822, 0.0012784135, 0.0012252677, 0.0011613535, 0.00097355153, 0.00080574764, 0.0007616556, 0.00078459276, 0.0009522077, 0.0012340915, 0.0014049356, 0.0017820806, 0.0021780757, 0.0023747922, 0.0027516196, 0.0030892543, 0.0033595755, 0.0034612624, 0.0035941205, 0.0036609913, 0.0036892758, 0.003774552, 0.003916055, 0.0040016924, 0.0041630547, 0.00425939, 0.00425157, 0.0042056376, 0.0040429947, 0.0038168281, 0.0036959178, 0.0034731077, 0.0033049614, 0.0031915496, 0.0031429818, 0.0030248477, 0.002840933, 0.002719644, 0.0024340006, 0.002130024, 0.0019860156, 0.0017378218, 0.0015623214, 0.0014676041, 0.0014473388, 0.0014462251, 0.0014728683, 0.001488997, 0.001522608, 0.0015614446, 0.0016112804, 0.0016391742, 0.0016911242, 0.0017214309, 0.001723784, 0.0017020936, 0.0016535004, 0.0015964105, 0.0015722914, 0.0015452087, 0.0015583583, 0.0015795754, 0.0016327712, 0.0016623567, 0.0016529814, 0.0015689229, 0.0013985529, 0.0011736855, 0.0010565809, 0.00084295985, 0.00068338565, 0.0006273244, 0.00055320276, 0.00050254306, 0.00043448395, 0.00038226455, 0.00023202103, 2.961869e-05, -8.219814e-05, -0.00030180873, -0.0004832278, -0.00055029796, -0.0006326863, -0.00066018867, -0.00066743535, -0.0006759105, -0.0007217123, -0.0008327575, -0.0009300898, -0.0012824838, 0, 0, 0, 0, 0, 0, 0, 0, 0, 0, 0, 0, 0, 0, 0, 0, 0, 0, 0, 0, 0, 0, 0, 0, 0, 0, 0, 0, 0, 0, 0, 0, 0, 0, 0, 0, 0, 0, 0, 0, 0, 0
0.0010133554, 0.0009573396, 0.00068860763, 0.00015125361, -0.00018937199, -0.00088442216, -0.0013878301, -0.0014847339, -0.0012330859, -0.00040732455, 0.0003574062, 0.00062865496, 0.0009691316, 0.0011410941, 0.0012162003, 0.0013567553, 0.0014036162, 0.0013513474, 0.0013193142, 0.0012774318, 0.0012174107, 0.0011545507, 0.0009495454, 0.00069103297, 0.0005721063, 0.00040840343, 0.0003820906, 0.00049545296, 0.000594424, 0.0008496655, 0.0011441469, 0.0012972482, 0.0016032095, 0.0018983533, 0.0021606267, 0.002270252, 0.0024362942, 0.002542227, 0.0025852302, 0.0026764197, 0.0027919095, 0.0028548662, 0.0029696058, 0.003034967, 0.0030238994, 0.0029862493, 0.0028514592, 0.0026610726, 0.0025609154, 0.0023870007, 0.002285545, 0.0022598463, 0.0022624428, 0.0022562402, 0.0021887645, 0.0021230758, 0.0019344472, 0.0016972756, 0.0015733041, 0.001340323, 0.0011561678, 0.0010422377, 0.001012302, 0.0009950052, 0.0010099424, 0.001022214, 0.0010524165, 0.0010979805, 0.001170756, 0.0012182839, 0.0013278988, 0.0014378211, 0.0014861906, 0.0015605551, 0.0016020127, 0.0016170377, 0.0016205469, 0.0016389724, 0.0016968847, 0.0017458717, 0.0018749756, 0.0020113809, 0.0020657622, 0.0021172801, 0.0020710372, 0.0019303069, 0.0018339538, 0.0016159093, 0.0014052307, 0.0013156026, 0.0011823609, 0.0011070742, 0.0010614066, 0.0010353446, 0.0009538554, 0.00081725186, 0.00072847644, 0.00052416604, 0.0003120091, 0.0002135523, 4.885663e-05, -6.529525e-05, -0.00013736068, -0.00016507156, -0.00022638317, -0.00033696214, -0.0004392945, -0.0008165307, 0, 0, 0, 0, 0, 0, 0, 0, 0, 0, 0, 0, 0, 0, 0, 0, 0, 0, 0, 0, 0, 0, 0, 0, 0, 0, 0, 0, 0, 0, 0, 0, 0, 0, 0, 0, 0, 0, 0, 0, 0, 0
-6.597355e-05, -0.00011271777, -0.00033029763, -0.000650386, -0.0008240771, -0.0011705591, -0.0014814538, -0.0015949907, -0.0016409281, -0.0013721277, -0.0009328071, -0.00070324424, -0.00027164444, 0.00011064052, 0.00028874975, 0.00061084615, 0.0008535824, 0.0009965267, 0.0010383276, 0.0010814362, 0.0010573178, 0.0010069297, 0.0008149447, 0.0005297452, 0.0003758394, 0.00010376678, -6.2094216e-05, -9.877387e-05, -7.558055e-05, 2.7811486e-05, 0.00017392042, 0.0002554993, 0.00043239075, 0.0006293586, 0.0008385088, 0.0009415984, 0.0011348529, 0.0013082353, 0.0013909916, 0.0015552817, 0.0017173184, 0.0017936759, 0.0019197867, 0.0019933793, 0.0019965332, 0.0019686162, 0.0018571098, 0.0016919691, 0.0016053224, 0.0014614601, 0.0013962031, 0.0014133664, 0.0014410017, 0.0014947673, 0.0015038935, 0.0014831759, 0.0013932463, 0.0012587883, 0.0011852696, 0.0010480572, 0.0009521516, 0.0009158809, 0.0009182837, 0.00094629737, 0.00097293226, 0.0009772078, 0.00096831965, 0.000958403, 0.0009813121, 0.001013493, 0.0011224665, 0.0012798023, 0.0013683564, 0.0015466444, 0.0017002906, 0.0018077317, 0.0018436929, 0.0018948157, 0.0019500086, 0.0019904028, 0.0021062351, 0.002258978, 0.002339142, 0.00248063, 0.0025650284, 0.0025641767, 0.002528589, 0.0023961966, 0.002211302, 0.002114687, 0.0019413746, 0.001818691, 0.0017433089, 0.0017143367, 0.0016482893, 0.0015465876, 0.0014766502, 0.0013004967, 0.0010893013, 0.0009774738, 0.0007588352, 0.0005663059, 0.0004184191, 0.00036319278, 0.00028257555, 0.00020139664, 0.0001165127, 0, 0, 0, 0, 0, 0, 0, 0, 0, 0, 0, 0, 0, 0, 0, 0, 0, 0, 0, 0, 0, 0, 0, 0, 0, 0, 0, 0, 0, 0, 0, 0, 0, 0, 0, 0, 0, 0, 0, 0, 0, 0, 0
-0.00081021717, -0.0008191377, -0.00094153144, -0.001128847, -0.0012244878, -0.0014153973, -0.0016205219, -0.0017238085, -0.0018841766, -0.0019030118, -0.0017579552, -0.001637898, -0.001337255, -0.0009863543, -0.0007989734, -0.0004189316, -6.8233174e-05, 0.00021597151, 0.00032816263, 0.00049197715, 0.00056596997, 0.0005621558, 0.00046368502, 0.0002603833, 0.00013682678, -0.00010389182, -0.0002828536, -0.0003755592, -0.00039468834, -0.00040272434, -0.00039437396, -0.0003879705, -0.0003668379, -0.00031850135, -0.00023099563, -0.00017159933, -2.3076058e-05, 0.00016327965, 0.00026916864, 0.0004973743, 0.00072851375, 0.0008368013, 0.0010253504, 0.0011625589, 0.0012341415, 0.0012424523, 0.0012028563, 0.0011065219, 0.0010503909, 0.00095528126, 0.000916135, 0.0009377281, 0.00096216466, 0.0010119413, 0.0010332272, 0.0010283319, 0.0009902352, 0.00093096035, 0.0009017934, 0.00086608075, 0.00088563946, 0.00097272283, 0.0010359585, 0.0011705747, 0.0012695026, 0.0012925304, 0.0012843753, 0.0012318809, 0.0011881681, 0.0011861663, 0.0012429148, 0.0013895081, 0.0014923486, 0.0017349905, 0.0019806568, 0.0021751116, 0.002242318, 0.0023174903, 0.0023402427, 0.002346974, 0.0023771836, 0.0024524904, 0.002508885, 0.0026506996, 0.002803131, 0.002922852, 0.0029573403, 0.002959096, 0.0028737853, 0.002806567, 0.0026509347, 0.002500448, 0.002374584, 0.0023198682, 0.002216671, 0.0021023252, 0.0020348344, 0.0018739306, 0.0016765239, 0.0015661899, 0.0013318764, 0.0011008801, 0.00091057114, 0.0008449345, 0.00080620893, 0.00089270715, 0.0009262599, 0, 0, 0, 0, 0, 0, 0, 0, 0, 0, 0, 0, 0, 0, 0, 0, 0, 0, 0, 0, 0, 0, 0, 0, 0, 0, 0, 0, 0, 0, 0, 0, 0, 0, 0, 0, 0, 0, 0, 0, 0, 0, 0
-0.0011708648, -0.0011553153, -0.0012240835, -0.0013630633, -0.001433752, -0.0015717527, -0.0017263279, -0.0018146748, -0.0019985617, -0.0021434815, -0.0021996207, -0.0021893913, -0.0020966893, -0.001915442, -0.0017947841, -0.0015019907, -0.0011691102, -0.0008384965, -0.00068626, -0.00042283608, -0.00023170398, -0.0001692332, -0.000116717594, -0.00015153049, -0.0001899882, -0.00027779813, -0.0003425196, -0.0003715109, -0.00037846965, -0.0003957114, -0.00043721194, -0.0004689892, -0.0005462824, -0.0006196555, -0.000663033, -0.00066568045, -0.00062129885, -0.0005036138, -0.00041935837, -0.0002123971, 1.7467932e-05, 0.00013204283, 0.00034814753, 0.00053800753, 0.00069120876, 0.0007503575, 0.00082891405, 0.0008616997, 0.00086777925, 0.0008769902, 0.00089941267, 0.00093558605, 0.0009534503, 0.0009776478, 0.0009766, 0.00096741185, 0.00093687855, 0.0009039485, 0.000893917, 0.0009073899, 0.0009932528, 0.0011632474, 0.00127294, 0.0015054118, 0.0016989193, 0.0017643992, 0.0018223147, 0.0018010933, 0.0017485304, 0.0017290388, 0.0017374207, 0.0018400865, 0.0019312043, 0.0021783272, 0.0024625214, 0.002711237, 0.002803409, 0.0029061143, 0.002911765, 0.0028901885, 0.0028329922, 0.0027998723, 0.002804689, 0.0028679909, 0.002993838, 0.0031460808, 0.003215918, 0.0033125002, 0.0033278216, 0.0033036838, 0.0032022286, 0.0030534668, 0.0028837973, 0.0027968567, 0.002624412, 0.0024560243, 0.002371707, 0.0021949995, 0.0019982324, 0.001890375, 0.001658294, 0.0014214416, 0.0012262614, 0.0011699847, 0.0012299088, 0.0017044954, 0.0019322692, 0, 0, 0, 0, 0, 0, 0, 0, 0, 0, 0, 0, 0, 0, 0, 0, 0, 0, 0, 0, 0, 0, 0, 0, 0, 0, 0, 0, 0, 0, 0, 0, 0, 0, 0, 0, 0, 0, 0, 0, 0, 0, 0
-0.0012692799, -0.0012435328, -0.0012931825, -0.0014244425, -0.0014935, -0.0016238262, -0.0017594679, -0.0018366034, -0.0020095636, -0.0021866718, -0.0023337768, -0.002387731, -0.0024463518, -0.0024271999, -0.002384362, -0.0022282465, -0.0019890831, -0.0016972813, -0.0015439201, -0.0012435679, -0.000975339, -0.0008598827, -0.00067477144, -0.00054754445, -0.00049986725, -0.00041891888, -0.00033653755, -0.0002489998, -0.00020850835, -0.0001491121, -0.00013682833, -0.00015055835, -0.00021287012, -0.0003041391, -0.0003947301, -0.00042908758, -0.0004587142, -0.00042204984, -0.00037915996, -0.00025709005, -0.000110694506, -3.4150587e-05, 0.000120322875, 0.00027986147, 0.0004447186, 0.00052730297, 0.00068889343, 0.0008412723, 0.0009141896, 0.0010531982, 0.001178196, 0.0012757543, 0.001310551, 0.0013489693, 0.0013515911, 0.0013430795, 0.0013143913, 0.0012814208, 0.0012698487, 0.0012777038, 0.0013563518, 0.0015231607, 0.0016349836, 0.0018870557, 0.0021273415, 0.0022272193, 0.0023704777, 0.0024374952, 0.00244978, 0.0024477667, 0.0024587214, 0.002531289, 0.0026013574, 0.0028090395, 0.0030722516, 0.0033265497, 0.003430462, 0.003566729, 0.0036019029, 0.00358752, 0.0035184617, 0.003436049, 0.0034047642, 0.0033825021, 0.0034243686, 0.0035147876, 0.0035667266, 0.0036564842, 0.0036968533, 0.0036913634, 0.0036250039, 0.0034880384, 0.0032943971, 0.003182862, 0.0029465489, 0.0027109077, 0.0025963879, 0.0023718278, 0.0021439206, 0.0020260995, 0.0017830732, 0.0015469028, 0.00136441, 0.0013189443, 0.0013778752, 0, 0, 0, 0, 0, 0, 0, 0, 0, 0, 0, 0, 0, 0, 0, 0, 0, 0, 0, 0, 0, 0, 0, 0, 0, 0, 0, 0, 0, 0, 0, 0, 0, 0, 0, 0, 0, 0, 0, 0, 0, 0, 0, 0, 0
-0.0012043645, -0.0011740251, -0.0012089219, -0.0013319658, -0.0014017281, -0.0015357215, -0.0016669916, -0.0017352517, -0.0018822078, -0.002035909, -0.0021827521, -0.0022481577, -0.0023526466, -0.0024042681, -0.002402686, -0.002334787, -0.0021790029, -0.0019507746, -0.0018178085, -0.0015324927, -0.0012444926, -0.0011071714, -0.0008575517, -0.0006456375, -0.0005525275, -0.00037999474, -0.00021416541, -5.0176397e-05, 2.8973125e-05, 0.0001705001, 0.00027474522, 0.00030909624, 0.00034010565, 0.00033079623, 0.00030301322, 0.00029135667, 0.0002875401, 0.00031927653, 0.0003470963, 0.00041331284, 0.00047712622, 0.0005052457, 0.00055865076, 0.0006219731, 0.000709891, 0.0007662444, 0.0009054814, 0.0010778371, 0.0011747122, 0.0013801042, 0.0015826984, 0.0017565984, 0.0018266516, 0.0019306132, 0.001990072, 0.0020060716, 0.0020140843, 0.0019970266, 0.0019845897, 0.0019713494, 0.0020034139, 0.0021021117, 0.0021759514, 0.0023579053, 0.0025596966, 0.0026587036, 0.0028389536, 0.0029825196, 0.003082427, 0.0031176321, 0.003175454, 0.0032492862, 0.0033040913, 0.0034569236, 0.0036552595, 0.0038619356, 0.0039559486, 0.0041078385, 0.0042009875, 0.004225073, 0.0042337393, 0.004205257, 0.004185064, 0.004147406, 0.004127656, 0.0041257, 0.0041270005, 0.00412207, 0.004092041, 0.004063884, 0.003974804, 0.0038351764, 0.0036410913, 0.003524794, 0.0032659192, 0.00298763, 0.002846464, 0.0025609387, 0.0022716266, 0.002126387, 0.0018450624, 0.0016041864, 0.0014656616, 0.0014615917, 0.0015917056, 0, 0, 0, 0, 0, 0, 0, 0, 0, 0, 0, 0, 0, 0, 0, 0, 0, 0, 0, 0, 0, 0, 0, 0, 0, 0, 0, 0, 0, 0, 0, 0, 0, 0, 0, 0, 0, 0, 0, 0, 0, 0, 0, 0, 0
-0.0010456424, -0.0010109117, -0.0010154501, -0.0011049004, -0.0011624838, -0.0012829817, -0.0014010366, -0.0014585848, -0.0015700423, -0.001675147, -0.0017719847, -0.0018157314, -0.001887139, -0.001922197, -0.0019198928, -0.0018668344, -0.0017459868, -0.0015628417, -0.0014517965, -0.0012015987, -0.0009316914, -0.00079652277, -0.00053866126, -0.00030706375, -0.0002022272, -8.48441e-06, 0.00017236703, 0.00035040625, 0.00043928064, 0.00061270985, 0.0007720482, 0.00084277947, 0.0009626997, 0.0010573056, 0.001138706, 0.0011801773, 0.0012721618, 0.0013763314, 0.0014283875, 0.0015182206, 0.0015749974, 0.001589194, 0.001595492, 0.0015881235, 0.0015876394, 0.0015965226, 0.0016409479, 0.0017311792, 0.0017944317, 0.0019523994, 0.0021353909, 0.002319131, 0.0024048346, 0.0025587773, 0.0026853438, 0.0027369852, 0.0028122154, 0.0028480736, 0.0028530906, 0.0028508264, 0.0028528925, 0.002877448, 0.0029002095, 0.0029681514, 0.00306595, 0.003126538, 0.0032685918, 0.0034244996, 0.0035699992, 0.0036331208, 0.0037383996, 0.0038294087, 0.0038756328, 0.003976524, 0.0040894155, 0.0042067477, 0.0042659203, 0.0043849107, 0.004504564, 0.0045621544, 0.004665257, 0.004742724, 0.004769334, 0.0047981283, 0.004791487, 0.004744168, 0.0047038146, 0.0045917872, 0.004449876, 0.004373133, 0.0042166435, 0.004055591, 0.003878628, 0.003779406, 0.0035535253, 0.0032861172, 0.003136879, 0.002808866, 0.0024537102, 0.0022735347, 0.001937369, 0.0016920329, 0.0016309327, 0.0016921523, 0, 0, 0, 0, 0, 0, 0, 0, 0, 0, 0, 0, 0, 0, 0, 0, 0, 0, 0, 0, 0, 0, 0, 0, 0, 0, 0, 0, 0, 0, 0, 0, 0, 0, 0, 0, 0, 0, 0, 0, 0, 0, 0, 0, 0, 0
-0.0008508758, -0.00081148586, -0.00077373075, -0.00080294214, -0.00083264493, -0.00090744544, -0.0009866138, -0.0010244006, -0.0010914534, -0.0011461268, -0.0011878599, -0.0012033443, -0.001216799, -0.0011982715, -0.0011745874, -0.0010962976, -0.0009783997, -0.0008213742, -0.0007284617, -0.00051668397, -0.00027789574, -0.00015299534, 9.8275945e-05, 0.00034009723, 0.0004543593, 0.00066786376, 0.00086318154, 0.001046691, 0.001135705, 0.0013108543, 0.0014816694, 0.0015649827, 0.0017253692, 0.0018790325, 0.002033064, 0.0021130883, 0.0022809836, 0.0024529886, 0.00253574, 0.0026821166, 0.0027913088, 0.0028296767, 0.0028755497, 0.0028858122, 0.0028722754, 0.0028615429, 0.0028430393, 0.0028438335, 0.002854874, 0.0029007185, 0.0029730934, 0.0030641798, 0.0031152738, 0.0032269675, 0.0033498162, 0.0034123329, 0.0035295258, 0.0036229948, 0.0036577012, 0.003703277, 0.003719817, 0.0037110385, 0.0036995087, 0.0036722843, 0.003660008, 0.003667299, 0.0037196348, 0.0038177136, 0.003939811, 0.004002425, 0.004118968, 0.0042175157, 0.0042586355, 0.004322498, 0.0043611466, 0.0043827742, 0.0043941904, 0.004432409, 0.0045065107, 0.0045573893, 0.0046793236, 0.004811008, 0.0048741167, 0.004980188, 0.005036139, 0.005014582, 0.004969253, 0.0048141372, 0.004598937, 0.00448362, 0.0042624455, 0.0040751547, 0.0039193006, 0.0038461837, 0.0036868937, 0.0034777909, 0.0033451533, 0.0030179168, 0.0026261623, 0.0024218361, 0.0020502554, 0.0018294933, 0.001883961, 0.001996425, 0, 0, 0, 0, 0, 0, 0, 0, 0, 0, 0, 0, 0, 0, 0, 0, 0, 0, 0, 0, 0, 0, 0, 0, 0, 0, 0, 0, 0, 0, 0, 0, 0, 0, 0, 0, 0, 0, 0, 0, 0, 0, 0, 0, 0, 0
-0.00064942567, -0.0006084649, -0.00053692696, -0.0005073704, -0.000505609, -0.0005181001, -0.0005397436, -0.00055025675, -0.000567284, -0.0005785241, -0.00057993067, -0.00057412626, -0.0005424937, -0.0004791385, -0.00043667183, -0.00033638428, -0.00022067831, -8.6159824e-05, -8.857295e-06, 0.00017053494, 0.00038452848, 0.0005035496, 0.00076028344, 0.0010329309, 0.0011708426, 0.0014410309, 0.0016941151, 0.0019240909, 0.0020306136, 0.0022311313, 0.0024192717, 0.0025100757, 0.0026854922, 0.0028534383, 0.0030184912, 0.0031017307, 0.0032705772, 0.003440928, 0.0035250178, 0.0036872549, 0.003835723, 0.0039028164, 0.004018084, 0.004101917, 0.00415161, 0.0041646133, 0.004172524, 0.004162564, 0.004152779, 0.0041244924, 0.004085925, 0.0040442683, 0.0040271594, 0.004011255, 0.0040314742, 0.0040557785, 0.004127888, 0.0042169336, 0.0042620134, 0.004340222, 0.0043865875, 0.0043863794, 0.004368287, 0.004305088, 0.00422919, 0.0041968203, 0.0041588536, 0.0041635507, 0.00420622, 0.0042378493, 0.0043142275, 0.004394679, 0.00443024, 0.004479091, 0.004487004, 0.0044562924, 0.004434146, 0.004392951, 0.0043773917, 0.004383108, 0.0044241208, 0.004500924, 0.0045501017, 0.004658802, 0.004751703, 0.004783488, 0.004764307, 0.0046487325, 0.0044479007, 0.0043302244, 0.004093006, 0.0038890967, 0.0037397188, 0.0036822723, 0.0035767043, 0.0034358937, 0.0033343083, 0.003050136, 0.0026761885, 0.002477344, 0.0021330812, 0.0020031135, 0.002194594, 0, 0, 0, 0, 0, 0, 0, 0, 0, 0, 0, 0, 0, 0, 0, 0, 0, 0, 0, 0, 0, 0, 0, 0, 0, 0, 0, 0, 0, 0, 0, 0, 0, 0, 0, 0, 0, 0, 0, 0, 0, 0, 0, 0, 0, 0, 0
-0.00044142973, -0.00040521825, -0.00032313925, -0.00026228212, -0.00024008672, -0.00020614611, -0.00017818557, -0.00016435247, -0.00013769833, -0.0001127739, -8.323858e-05, -6.2475425e-05, -2.1355033e-06, 8.40888e-05, 0.00013342076, 0.00023544749, 0.0003388995, 0.00045328593, 0.0005200586, 0.0006818961, 0.00088648626, 0.001005549, 0.0012755414, 0.0015823736, 0.0017456065, 0.002079637, 0.0024062372, 0.0027106293, 0.0028527607, 0.0031172885, 0.0033587865, 0.0034705799, 0.0036746943, 0.0038510717, 0.0040014787, 0.004068873, 0.004191766, 0.0043078703, 0.004366296, 0.004489644, 0.0046252217, 0.0046965308, 0.0048395866, 0.004971388, 0.0050827004, 0.0051288195, 0.005202094, 0.005246098, 0.0052546468, 0.005237966, 0.0051728245, 0.0050661466, 0.005003064, 0.0048732203, 0.0047600158, 0.004715763, 0.0046595884, 0.0046475125, 0.0046554743, 0.004687263, 0.004717526, 0.004721783, 0.0047098454, 0.004657239, 0.004576973, 0.004531781, 0.004441596, 0.004363075, 0.0043058866, 0.004288474, 0.004280923, 0.004306561, 0.0043273875, 0.0043699206, 0.0043923683, 0.0043811463, 0.004363154, 0.004306658, 0.004233361, 0.00419396, 0.0041208714, 0.00407293, 0.004064821, 0.0040857256, 0.004141279, 0.004193856, 0.004204361, 0.0041721533, 0.004061312, 0.003980729, 0.0037890852, 0.0035901384, 0.0034221818, 0.0033566204, 0.003253171, 0.0031467597, 0.0030725538, 0.002853336, 0.0025563135, 0.0024064048, 0.0021942467, 0.0022308829, 0, 0, 0, 0, 0, 0, 0, 0, 0, 0, 0, 0, 0, 0, 0, 0, 0, 0, 0, 0, 0, 0, 0, 0, 0, 0, 0, 0, 0, 0, 0, 0, 0, 0, 0, 0, 0, 0, 0, 0, 0, 0, 0, 0, 0, 0, 0, 0
-0.00022429174, -0.00019623555, -0.00011825066, -4.6576817e-05, -1.534246e-05, 4.235045e-05, 9.855163e-05, 0.00012671672, 0.00018215885, 0.00023608952, 0.00029529686, 0.00033058098, 0.0004155057, 0.00051428966, 0.0005644319, 0.0006601503, 0.00075292017, 0.00085846806, 0.000922009, 0.0010782646, 0.001276124, 0.0013908886, 0.0016521364, 0.0019541292, 0.002118159, 0.0024625103, 0.0028142638, 0.0031593696, 0.0033274773, 0.0036526292, 0.003958687, 0.004101211, 0.00435691, 0.004565149, 0.0047238255, 0.0047861715, 0.004883472, 0.0049582836, 0.004993363, 0.0050705206, 0.00516622, 0.0052209236, 0.00533824, 0.005454772, 0.0055625336, 0.0056121796, 0.005701927, 0.005775852, 0.005803496, 0.005832622, 0.00581781, 0.0057536806, 0.0057033096, 0.0055695493, 0.0054015177, 0.0053102965, 0.005128596, 0.004967818, 0.00490106, 0.0047986694, 0.0047302935, 0.004682125, 0.004660652, 0.00461369, 0.0045514605, 0.004511456, 0.0044111204, 0.0042860396, 0.0041486393, 0.0040828465, 0.0039723692, 0.003906761, 0.003893765, 0.003902253, 0.00394228, 0.003989716, 0.004008088, 0.004016812, 0.003971998, 0.003927395, 0.0038027363, 0.0036595839, 0.003594885, 0.0035022513, 0.0034721931, 0.003495447, 0.0035178706, 0.0035584935, 0.0035615438, 0.0035392293, 0.0034378746, 0.0032700482, 0.0030743915, 0.0029815966, 0.0028274339, 0.0027071305, 0.002646131, 0.0024932493, 0.0023205534, 0.002268223, 0.002346716, 0.0025590525, 0, 0, 0, 0, 0, 0, 0, 0, 0, 0, 0, 0, 0, 0, 0, 0, 0, 0, 0, 0, 0, 0, 0, 0, 0, 0, 0, 0, 0, 0, 0, 0, 0, 0, 0, 0, 0, 0, 0, 0, 0, 0, 0, 0, 0, 0, 0, 0
-1.5537465e-06, 2.0112857e-05, 9.9973324e-05, 0.00018902155, 0.00023107961, 0.0003111011, 0.00038777528, 0.00042557303, 0.0005017779, 0.0005813235, 0.0006708559, 0.00072097045, 0.0008299021, 0.0009412067, 0.0009936825, 0.0010904514, 0.0011840403, 0.0012914416, 0.0013542045, 0.0015000311, 0.0016710485, 0.001765321, 0.001972657, 0.0022072203, 0.0023343472, 0.0026039488, 0.0028886064, 0.0031864743, 0.0033412888, 0.0036627536, 0.003991148, 0.004152074, 0.004453633, 0.004713227, 0.004922089, 0.005007017, 0.0051411, 0.0052373433, 0.005276883, 0.0053507555, 0.0054276623, 0.00546832, 0.00554835, 0.0056189015, 0.005674004, 0.0056958175, 0.005731442, 0.005760985, 0.005774847, 0.005802543, 0.0058292053, 0.005845136, 0.005843066, 0.005802552, 0.0056955977, 0.0056145512, 0.005404353, 0.0051535647, 0.0050237556, 0.0047746883, 0.0045600375, 0.004395533, 0.0043325424, 0.0042378902, 0.0041633397, 0.004124646, 0.0040273992, 0.003890482, 0.0037143815, 0.0036164443, 0.003419018, 0.0032477363, 0.003182138, 0.0031052572, 0.003108058, 0.003177242, 0.0032261587, 0.0033201266, 0.0033671178, 0.0033614186, 0.0032872825, 0.0031488773, 0.0030693891, 0.0029214367, 0.0028235517, 0.0028005121, 0.002817349, 0.0028932118, 0.0029853983, 0.0030183648, 0.0030209024, 0.002914435, 0.0027159255, 0.0026001204, 0.002383002, 0.002222968, 0.0021675979, 0.0020940753, 0.0020922641, 0.00216561, 0.002743742, 0, 0, 0, 0, 0, 0, 0, 0, 0, 0, 0, 0, 0, 0, 0, 0, 0, 0, 0, 0, 0, 0, 0, 0, 0, 0, 0, 0, 0, 0, 0, 0, 0, 0, 0, 0, 0, 0, 0, 0, 0, 0, 0, 0, 0, 0, 0, 0, 0
0.00022344266, 0.0002413365, 0.00033322605, 0.00045189928, 0.00051032833, 0.0006197888, 0.00072155974, 0.0007712667, 0.0008710472, 0.0009764795, 0.0010910323, 0.0011517963, 0.0012756162, 0.0013937071, 0.0014481586, 0.001549233, 0.0016489872, 0.001757693, 0.0018162355, 0.0019390922, 0.0020642243, 0.002127175, 0.00225581, 0.0023895986, 0.0024587207, 0.0025998722, 0.0027484372, 0.002917859, 0.0030157, 0.0032448852, 0.0035140144, 0.0036580176, 0.003951878, 0.004238288, 0.0045035817, 0.0046245214, 0.004837751, 0.005010801, 0.0050841044, 0.005211041, 0.0053200717, 0.0053684143, 0.00544902, 0.0055004125, 0.005516136, 0.0055108755, 0.005479295, 0.005431081, 0.005406661, 0.0053721224, 0.005371653, 0.005408224, 0.005434193, 0.005477146, 0.005470913, 0.0054383497, 0.00530445, 0.005082765, 0.0049452675, 0.004637982, 0.004321911, 0.004038372, 0.003918029, 0.0037255464, 0.0035865665, 0.0035280786, 0.003412651, 0.0032740212, 0.0030943276, 0.00298745, 0.002747914, 0.0024957669, 0.0023775466, 0.0021848578, 0.002081219, 0.0020802296, 0.002113393, 0.002219952, 0.00233165, 0.0023722043, 0.0024003952, 0.0023522463, 0.002305045, 0.0021899827, 0.0020869162, 0.002042144, 0.0020503476, 0.0021304423, 0.0022666713, 0.0023362145, 0.0024298518, 0.0024119078, 0.0022648, 0.0021549216, 0.001914299, 0.0017236359, 0.0016745339, 0.0017191329, 0.0020288758, 0.002266948, 0, 0, 0, 0, 0, 0, 0, 0, 0, 0, 0, 0, 0, 0, 0, 0, 0, 0, 0, 0, 0, 0, 0, 0, 0, 0, 0, 0, 0, 0, 0, 0, 0, 0, 0, 0, 0, 0, 0, 0, 0, 0, 0, 0, 0, 0, 0, 0, 0, 0
0.00043737947, 0.00045095047, 0.0005508471, 0.0006900976, 0.00075978064, 0.0008904494, 0.0010127701, 0.0010730363, 0.0011943486, 0.0013179998, 0.0014427364, 0.0015041244, 0.0016210949, 0.001725852, 0.0017735789, 0.0018637215, 0.00195484, 0.0020509823, 0.0021000425, 0.0021948596, 0.0022813652, 0.0023210088, 0.0023933125, 0.00245494, 0.002480658, 0.0025186078, 0.0025464455, 0.002584652, 0.0026155643, 0.0027128924, 0.002859542, 0.0029493228, 0.0031557477, 0.0033910114, 0.0036446461, 0.003773912, 0.0040262006, 0.0042594485, 0.0043671806, 0.0045662164, 0.0047445814, 0.0048248535, 0.0049601775, 0.0050509204, 0.0050877323, 0.0050855796, 0.0050431415, 0.0049616774, 0.0049129846, 0.0048183654, 0.004753916, 0.00473787, 0.0047466736, 0.0047840606, 0.004816228, 0.0048187156, 0.004777785, 0.004657107, 0.004563902, 0.004316047, 0.0040091793, 0.0036849182, 0.0035298676, 0.003253389, 0.0030292033, 0.00293445, 0.0027677037, 0.0026096795, 0.0024357205, 0.0023357617, 0.0021027278, 0.0018296989, 0.001685815, 0.0014084061, 0.0011834705, 0.0010450202, 0.0010126939, 0.0010156871, 0.0010849203, 0.0011307605, 0.0012160192, 0.0012612785, 0.0012633755, 0.001230931, 0.0011775738, 0.0011471808, 0.0011536222, 0.0012225985, 0.0013594858, 0.0014417937, 0.0015943351, 0.0016750875, 0.0016361985, 0.0015705045, 0.001376157, 0.0011807624, 0.0011272347, 0.0012527456, 0.0020775227, 0.0030243006, 0, 0, 0, 0, 0, 0, 0, 0, 0, 0, 0, 0, 0, 0, 0, 0, 0, 0, 0, 0, 0, 0, 0, 0, 0, 0, 0, 0, 0, 0, 0, 0, 0, 0, 0, 0, 0, 0, 0, 0, 0, 0, 0, 0, 0, 0, 0, 0, 0, 0
0.0006147853, 0.00062164594, 0.0007165907, 0.00085940585, 0.00093167037, 0.0010691035, 0.001200555, 0.0012660158, 0.0013971612, 0.0015234324, 0.0016385822, 0.0016897575, 0.0017777767, 0.0018465148, 0.001875117, 0.0019270909, 0.0019798095, 0.002036772, 0.0020666197, 0.002126182, 0.002183764, 0.0022113947, 0.002262699, 0.002303692, 0.0023172484, 0.00232735, 0.0023188828, 0.002306732, 0.0023052413, 0.0023186842, 0.0023567707, 0.0023855928, 0.0024637775, 0.0025747737, 0.0027194326, 0.00280233, 0.002982913, 0.0031772696, 0.0032787872, 0.003490948, 0.003711723, 0.0038214787, 0.004025891, 0.004192749, 0.0043072053, 0.004342951, 0.0043702456, 0.0043432033, 0.004312636, 0.004230742, 0.004143137, 0.0040733065, 0.0040483926, 0.004018582, 0.004006289, 0.0040024417, 0.0039874697, 0.0039419504, 0.0038994271, 0.0037626624, 0.00355584, 0.003296803, 0.0031566978, 0.0028734368, 0.0026029926, 0.002476604, 0.002244458, 0.00203904, 0.0018510162, 0.001757429, 0.0015561632, 0.0013230543, 0.0011935659, 0.000918352, 0.0006414137, 0.0003895823, 0.000281946, 0.00011896815, 4.0952407e-05, 3.3193402e-05, 6.576934e-05, 0.00012752048, 0.00015619626, 0.0001935968, 0.00020474021, 0.00020974367, 0.00021979642, 0.00027027502, 0.00037382753, 0.00044442838, 0.00060856115, 0.00076499104, 0.00085653365, 0.0008630923, 0.0007892081, 0.00063639076, 0.000565121, 0.0005638508, 0.000984983, 0, 0, 0, 0, 0, 0, 0, 0, 0, 0, 0, 0, 0, 0, 0, 0, 0, 0, 0, 0, 0, 0, 0, 0, 0, 0, 0, 0, 0, 0, 0, 0, 0, 0, 0, 0, 0, 0, 0, 0, 0, 0, 0, 0, 0, 0, 0, 0, 0, 0, 0
0.00074449857, 0.0007446492, 0.00083373376, 0.0009821302, 0.0010594442, 0.001209376, 0.0013528005, 0.0014229993, 0.001557522, 0.0016772198, 0.0017747034, 0.0018136819, 0.001870803, 0.0019017349, 0.0019089101, 0.0019117724, 0.0019071322, 0.001901877, 0.0019006729, 0.00190294, 0.0019130678, 0.0019212165, 0.0019421352, 0.001966065, 0.0019770628, 0.0019948874, 0.002007928, 0.0020191937, 0.002024608, 0.0020320679, 0.002030938, 0.0020266278, 0.0020148836, 0.0020084137, 0.0020161173, 0.0020265693, 0.002062671, 0.002125688, 0.0021709485, 0.0022950342, 0.0024647843, 0.0025630093, 0.002772582, 0.0029804506, 0.0031700965, 0.003254347, 0.0033945276, 0.0034885935, 0.0035157257, 0.0035324374, 0.003507842, 0.0034558387, 0.0034234212, 0.003351168, 0.003278927, 0.0032466166, 0.0031939114, 0.0031530175, 0.0031318667, 0.0030751212, 0.0029836344, 0.002848247, 0.0027630166, 0.0025584127, 0.0023130223, 0.002178907, 0.0019019676, 0.0016365584, 0.0014040285, 0.0013016423, 0.001117959, 0.00094550423, 0.0008573359, 0.00066654023, 0.00044414983, 0.0001839121, 4.307091e-05, -0.00023795867, -0.00047786927, -0.00056794664, -0.0006753831, -0.00069467997, -0.00068116304, -0.00063158653, -0.000577367, -0.00053426134, -0.00051697687, -0.00048259986, -0.00043154103, -0.00039118616, -0.00026959818, -9.80289e-05, 8.6937864e-05, 0.00016505958, 0.00025452938, 0.00023192904, 0.00018729779, 0.00010561517, 0, 0, 0, 0, 0, 0, 0, 0, 0, 0, 0, 0, 0, 0, 0, 0, 0, 0, 0, 0, 0, 0, 0, 0, 0, 0, 0, 0, 0, 0, 0, 0, 0, 0, 0, 0, 0, 0, 0, 0, 0, 0, 0, 0, 0, 0, 0, 0, 0, 0, 0, 0
0.0008562174, 0.0008528658, 0.00095028325, 0.0011246423, 0.001218273, 0.0014007183, 0.0015710434, 0.0016504902, 0.0017946602, 0.0019141057, 0.0020054553, 0.0020405434, 0.0020892387, 0.0021094482, 0.0021088782, 0.0020878748, 0.002044257, 0.0019858482, 0.0019536878, 0.0018874203, 0.0018228575, 0.001792175, 0.0017365647, 0.0016924193, 0.0016758888, 0.0016564351, 0.0016553698, 0.0016689606, 0.0016778501, 0.0016905579, 0.0016857435, 0.0016748266, 0.0016380657, 0.0015868405, 0.0015272564, 0.0014955708, 0.0014327016, 0.0013807239, 0.0013642934, 0.0013615338, 0.0014071588, 0.0014485278, 0.0015642917, 0.0017183027, 0.001905015, 0.0020077429, 0.0022214395, 0.002424828, 0.0025153842, 0.0026637272, 0.0027624548, 0.0028083627, 0.0028113094, 0.0027798517, 0.0027100625, 0.0026676, 0.0025840597, 0.0025176015, 0.0024940723, 0.0024641007, 0.0024460102, 0.0024203393, 0.0023963237, 0.0023071605, 0.0021445332, 0.0020332157, 0.0017634227, 0.0014630307, 0.0011764329, 0.0010494032, 0.00083925296, 0.00068817433, 0.000630151, 0.0005308012, 0.00041814536, 0.00024873554, 0.00013516842, -0.00014425487, -0.00045644288, -0.0006050825, -0.00085210317, -0.0010011566, -0.0010360488, -0.0010375372, -0.0009801287, -0.0009083976, -0.0008792049, -0.00084552646, -0.00083706575, -0.00083139306, -0.0007890684, -0.0006746745, -0.00048683674, -0.00037691943, -0.00016078651, 9.768526e-06, 6.584467e-05, 4.8620044e-05, 0, 0, 0, 0, 0, 0, 0, 0, 0, 0, 0, 0, 0, 0, 0, 0, 0, 0, 0, 0, 0, 0, 0, 0, 0, 0, 0, 0, 0, 0, 0, 0, 0, 0, 0, 0, 0, 0, 0, 0, 0, 0, 0, 0, 0, 0, 0, 0, 0, 0, 0, 0
0.0010026806, 0.000998714, 0.0011165361, 0.001330658, 0.0014463683, 0.001669866, 0.0018730215, 0.001965052, 0.0021278139, 0.0022604743, 0.0023647523, 0.0024071618, 0.0024740323, 0.0025152648, 0.0025250802, 0.0025204015, 0.002482711, 0.0024147488, 0.0023706232, 0.002263889, 0.0021348957, 0.0020634793, 0.0019128636, 0.0017635721, 0.0016936772, 0.0015703012, 0.0014729778, 0.0014002903, 0.0013708981, 0.0013198395, 0.0012721906, 0.0012481692, 0.0011994436, 0.0011505622, 0.0010996886, 0.001072456, 0.0010134509, 0.0009496318, 0.00091751077, 0.0008582823, 0.00081248546, 0.00079726154, 0.00078880053, 0.0008232108, 0.00091464573, 0.0009839409, 0.0011634979, 0.0013793367, 0.0014935652, 0.0017196912, 0.0019275086, 0.0020978393, 0.0021632882, 0.002246621, 0.0022666387, 0.0022564433, 0.0022114909, 0.0021584248, 0.0021368666, 0.0021147563, 0.0021253233, 0.0021584413, 0.002175069, 0.0021832855, 0.0021243251, 0.002060897, 0.0018645086, 0.0015949904, 0.0012932715, 0.0011439117, 0.0008756826, 0.00067401235, 0.0006027944, 0.00051274145, 0.00045918865, 0.0003864806, 0.00032629335, 0.00013961513, -0.00013014147, -0.00028443788, -0.00059485197, -0.00085223577, -0.00094385666, -0.0010382195, -0.0010245468, -0.0009502045, -0.00091012206, -0.00085719116, -0.0008572344, -0.00087300106, -0.0009055451, -0.00089315104, -0.0007982874, -0.00071903644, -0.00050580647, -0.00019089408, 6.116072e-05, 0, 0, 0, 0, 0, 0, 0, 0, 0, 0, 0, 0, 0, 0, 0, 0, 0, 0, 0, 0, 0, 0, 0, 0, 0, 0, 0, 0, 0, 0, 0, 0, 0, 0, 0, 0, 0, 0, 0, 0, 0, 0, 0, 0, 0, 0, 0, 0, 0, 0, 0, 0, 0
0.0011994756, 0.0011952444, 0.0013327169, 0.0015807663, 0.0017136288, 0.0019687396, 0.0021987301, 0.0023031158, 0.0024897181, 0.0026466567, 0.0027757313, 0.0028310413, 0.0029246635, 0.0029950505, 0.003020612, 0.0030497927, 0.0030474938, 0.0030109675, 0.0029786974, 0.0028833277, 0.0027430805, 0.002656957, 0.002458507, 0.0022373018, 0.0021229663, 0.0018937676, 0.0016719446, 0.0014643014, 0.0013675558, 0.0011918315, 0.0010429487, 0.000979702, 0.00087630184, 0.0008023209, 0.0007539624, 0.0007377592, 0.00071673427, 0.0007034849, 0.0006966099, 0.00067560247, 0.00063929433, 0.0006148399, 0.00055831415, 0.0005087649, 0.00049034535, 0.00049914385, 0.0005588727, 0.00067560247, 0.0007546971, 0.0009490526, 0.0011798115, 0.0014245842, 0.0015430736, 0.0017534309, 0.0019115906, 0.001968413, 0.0020399261, 0.0020697033, 0.0020753935, 0.0020840734, 0.0021069124, 0.0021545754, 0.0021862723, 0.0022511333, 0.002287206, 0.0022830507, 0.0022147151, 0.0020591675, 0.0018241563, 0.0016850067, 0.0013884782, 0.0011086599, 0.0009894249, 0.0008072977, 0.0006972223, 0.0006259446, 0.00058932084, 0.00048161938, 0.00029905784, 0.00017689775, -0.000115510265, -0.00042338052, -0.0005610908, -0.00076381693, -0.0008438471, -0.00081934716, -0.0007857363, -0.0007214122, -0.0007049716, -0.00072058063, -0.0007882241, -0.0008653357, -0.0009070952, -0.00090675533, -0.00086797896, -0.00075353525, 0, 0, 0, 0, 0, 0, 0, 0, 0, 0, 0, 0, 0, 0, 0, 0, 0, 0, 0, 0, 0, 0, 0, 0, 0, 0, 0, 0, 0, 0, 0, 0, 0, 0, 0, 0, 0, 0, 0, 0, 0, 0, 0, 0, 0, 0, 0, 0, 0, 0, 0, 0, 0, 0
0.0013944169, 0.0013886373, 0.0015381415, 0.0018075755, 0.0019514486, 0.0022279015, 0.0024801365, 0.0025967972, 0.0028103718, 0.0029959104, 0.003151799, 0.0032187866, 0.0033318207, 0.003418729, 0.0034526503, 0.003502635, 0.0035288874, 0.0035290956, 0.003517629, 0.0034654003, 0.0033676594, 0.0033006626, 0.003132881, 0.0029241946, 0.0028067883, 0.0025490897, 0.002268453, 0.0019776702, 0.0018335658, 0.0015586655, 0.0013118116, 0.0012017301, 0.0010099295, 0.00085629686, 0.00074207387, 0.00070056063, 0.0006485919, 0.0006341512, 0.0006378272, 0.0006562673, 0.0006739353, 0.0006776211, 0.00066748087, 0.0006346122, 0.00058703555, 0.00056218385, 0.00052161014, 0.0005125902, 0.0005276472, 0.00060908473, 0.00076440483, 0.0009850882, 0.0011130628, 0.0013854174, 0.0016545074, 0.0017791801, 0.0019952909, 0.0021557598, 0.002213919, 0.0022931774, 0.0023427228, 0.0023911893, 0.0024230261, 0.0025052226, 0.0026045789, 0.0026529285, 0.0027255549, 0.002736508, 0.002655495, 0.00257621, 0.0023485206, 0.0020582655, 0.001905196, 0.001614362, 0.0013735298, 0.0011957389, 0.001126216, 0.0010038597, 0.0008632304, 0.0007713536, 0.00052933436, 0.00021950464, 5.424889e-05, -0.00025185652, -0.00046841215, -0.0005667057, -0.00057791447, -0.0005602241, -0.0005441566, -0.00055282435, -0.00061725156, -0.0007355729, -0.000883129, -0.00096289377, -0.0011457129, 0, 0, 0, 0, 0, 0, 0, 0, 0, 0, 0, 0, 0, 0, 0, 0, 0, 0, 0, 0, 0, 0, 0, 0, 0, 0, 0, 0, 0, 0, 0, 0, 0, 0, 0, 0, 0, 0, 0, 0, 0, 0, 0, 0, 0, 0, 0, 0, 0, 0, 0, 0, 0, 0, 0
0.0015223054, 0.0015143087, 0.0016712714, 0.001959134, 0.0021140552, 0.0024143972, 0.0026921267, 0.002821951, 0.0030628932, 0.0032760042, 0.0034574207, 0.0035352416, 0.0036649709, 0.0037611888, 0.0037977188, 0.0038510459, 0.003882855, 0.0038969382, 0.0038975957, 0.0038826203, 0.0038421727, 0.0038105557, 0.0037216572, 0.0035939526, 0.0035140878, 0.0033208195, 0.0030860126, 0.0028207512, 0.0026817992, 0.0024017887, 0.002128336, 0.0019960203, 0.0017416048, 0.0015022238, 0.0012845119, 0.0011865643, 0.0010198381, 0.00089957804, 0.00085839943, 0.00081315875, 0.0008118517, 0.00082360633, 0.00086003315, 0.0008962023, 0.00091093, 0.00090604974, 0.00087182096, 0.0008205175, 0.0007976779, 0.00077927293, 0.00082009245, 0.0009360139, 0.0010234372, 0.0012526657, 0.0015387799, 0.0016945356, 0.0020074667, 0.0022878563, 0.0024054616, 0.002584852, 0.0026965262, 0.0027675047, 0.0027997773, 0.0028776794, 0.0029923974, 0.0030653586, 0.003231845, 0.0033925727, 0.0034967107, 0.003512659, 0.003455869, 0.0032788115, 0.0031523067, 0.002848103, 0.002519079, 0.0022155938, 0.0020847446, 0.0018703677, 0.0016985817, 0.0016131668, 0.0014078318, 0.0011247769, 0.00095276884, 0.00057503115, 0.0002119351, -6.85704e-05, -0.00016700842, -0.00028539597, -0.00033681054, -0.0003569331, -0.00041989703, -0.0005448246, -0.000750431, -0.0008839482, -0.0012227104, 0, 0, 0, 0, 0, 0, 0, 0, 0, 0, 0, 0, 0, 0, 0, 0, 0, 0, 0, 0, 0, 0, 0, 0, 0, 0, 0, 0, 0, 0, 0, 0, 0, 0, 0, 0, 0, 0, 0, 0, 0, 0, 0, 0, 0, 0, 0, 0, 0, 0, 0, 0, 0, 0, 0
0.0015846968, 0.0015755015, 0.0017411339, 0.0020506284, 0.002219132, 0.002548529, 0.0028548355, 0.002998319, 0.003266155, 0.0035072553, 0.0037189184, 0.0038125373, 0.003972366, 0.004092759, 0.004137859, 0.0041997605, 0.0042305607, 0.004241331, 0.0042425655, 0.0042412067, 0.0042364392, 0.004232164, 0.004214347, 0.004175674, 0.0041445987, 0.0040539885, 0.0039230823, 0.003755402, 0.0036603773, 0.0034525911, 0.003226162, 0.0031067024, 0.0028556269, 0.0025895524, 0.0023118467, 0.0021705243, 0.0018897599, 0.0016238653, 0.0015029245, 0.0012993226, 0.0011640162, 0.0011262578, 0.0011089088, 0.001153847, 0.0012277736, 0.0012638249, 0.0013151543, 0.001327924, 0.0013207374, 0.0012902945, 0.0012622313, 0.0012681079, 0.0012938426, 0.0014061843, 0.0016086635, 0.0017414846, 0.0020510068, 0.0023796184, 0.0025356917, 0.0028080684, 0.0030118832, 0.0031493064, 0.0031988765, 0.0032812017, 0.0033757493, 0.0034397712, 0.0036131851, 0.0038364544, 0.0040682987, 0.004169214, 0.0043063657, 0.0043241153, 0.004281515, 0.0040969104, 0.003807184, 0.0034679743, 0.0033007367, 0.0030034252, 0.002771947, 0.002674532, 0.0024834683, 0.002242429, 0.0020870117, 0.0016998788, 0.0012421408, 0.00078532996, 0.00058270985, 0.00026478118, 6.973433e-05, 7.5728553e-06, -8.9490306e-05, -0.00022271468, -0.00048909645, -0.00065309857, 0, 0, 0, 0, 0, 0, 0, 0, 0, 0, 0, 0, 0, 0, 0, 0, 0, 0, 0, 0, 0, 0, 0, 0, 0, 0, 0, 0, 0, 0, 0, 0, 0, 0, 0, 0, 0, 0, 0, 0, 0, 0, 0, 0, 0, 0, 0, 0, 0, 0, 0, 0, 0, 0, 0, 0
0.0016326678, 0.0016244878, 0.0018021278, 0.00213315, 0.0023143217, 0.0026699791, 0.0030024992, 0.0031591896, 0.0034547856, 0.0037285192, 0.0039806445, 0.004097545, 0.0043077026, 0.0044784294, 0.0045460155, 0.0046440726, 0.0046966486, 0.004716892, 0.0047201556, 0.004722278, 0.0047264746, 0.004730607, 0.0047408943, 0.0047463337, 0.00474388, 0.004722235, 0.004672601, 0.004591751, 0.0045395545, 0.0044120112, 0.004255343, 0.004166838, 0.003970845, 0.0037488646, 0.0034965232, 0.0033572132, 0.0030503578, 0.0027127734, 0.0025385744, 0.0021995055, 0.0019047029, 0.0017851712, 0.0016176242, 0.0015530605, 0.0015778744, 0.0016138616, 0.0017068705, 0.0017950031, 0.0018267684, 0.0018556255, 0.0018402592, 0.0018027098, 0.0017871116, 0.0017889941, 0.0018653387, 0.0019381577, 0.002150003, 0.0024290509, 0.0025819794, 0.00289227, 0.0031779904, 0.0034094832, 0.003499014, 0.0036269212, 0.003713488, 0.003756416, 0.0038728837, 0.00405379, 0.004292805, 0.0044231494, 0.0046711355, 0.0048555024, 0.004908096, 0.0049118483, 0.0047749467, 0.0045250505, 0.004376096, 0.0040741693, 0.0038110581, 0.0037006747, 0.0035096237, 0.0033142348, 0.0031938825, 0.0028709872, 0.0024207733, 0.0018785889, 0.0016006159, 0.0010993748, 0.00073931157, 0.0006216494, 0.0004834926, 0.0003663407, -0.00011041982, -0.00026485373, 0, 0, 0, 0, 0, 0, 0, 0, 0, 0, 0, 0, 0, 0, 0, 0, 0, 0, 0, 0, 0, 0, 0, 0, 0, 0, 0, 0, 0, 0, 0, 0, 0, 0, 0, 0, 0, 0, 0, 0, 0, 0, 0, 0, 0, 0, 0, 0, 0, 0, 0, 0, 0, 0, 0, 0
0.0016709612, 0.0016661724, 0.0018572303, 0.0022056212, 0.0023959707, 0.002770766, 0.0031236466, 0.003291173, 0.0036110384, 0.0039149947, 0.0042062113, 0.004346283, 0.0046106554, 0.004843727, 0.004944468, 0.0051090443, 0.0052237213, 0.0052945777, 0.0053171976, 0.005344166, 0.005356632, 0.005360265, 0.0053651845, 0.005365078, 0.0053616087, 0.0053441385, 0.005308509, 0.005251801, 0.005214929, 0.005125121, 0.005015459, 0.0049546664, 0.0048236027, 0.0046782475, 0.004508921, 0.0044103987, 0.0041764174, 0.0038891518, 0.0037276894, 0.0033810218, 0.003025227, 0.0028540837, 0.002547272, 0.0023162263, 0.0021814292, 0.0021506895, 0.0021510413, 0.0022052818, 0.0022396385, 0.0022993274, 0.0023257409, 0.0023119587, 0.0022937788, 0.0022532446, 0.0022372408, 0.0022493133, 0.0023285686, 0.0024873475, 0.0025950333, 0.002857683, 0.0031598918, 0.0034601379, 0.0035942958, 0.0038080902, 0.0039431667, 0.0039885407, 0.004062379, 0.0041554025, 0.0043008877, 0.004396143, 0.0046195514, 0.004855938, 0.00496316, 0.0051210118, 0.005163743, 0.0050737755, 0.0049860007, 0.0047580055, 0.004509311, 0.0043927343, 0.0041891797, 0.0040182606, 0.0039318437, 0.0037115887, 0.0033677118, 0.0028720472, 0.0025827708, 0.0019984972, 0.0015334293, 0.0013858753, 0.0013034526, 0.0014603578, 0, 0, 0, 0, 0, 0, 0, 0, 0, 0, 0, 0, 0, 0, 0, 0, 0, 0, 0, 0, 0, 0, 0, 0, 0, 0, 0, 0, 0, 0, 0, 0, 0, 0, 0, 0, 0, 0, 0, 0, 0, 0, 0, 0, 0, 0, 0, 0, 0, 0, 0, 0, 0, 0, 0, 0, 0, 0
0.0016330311, 0.001632155, 0.0018316341, 0.0021879685, 0.0023822247, 0.0027647493, 0.0031237842, 0.0032936765, 0.0036174962, 0.0039268755, 0.0042283786, 0.004377328, 0.004669856, 0.0049490808, 0.005080969, 0.00532267, 0.005528384, 0.005692754, 0.0057582804, 0.0058564986, 0.0059166434, 0.00593529, 0.005954793, 0.005952787, 0.0059435046, 0.0059072333, 0.005848413, 0.0057700546, 0.0057251193, 0.0056277337, 0.0055266945, 0.005477242, 0.005384435, 0.005299622, 0.0052130464, 0.0051637953, 0.005041997, 0.004877856, 0.0047780173, 0.00454127, 0.0042558196, 0.0040972186, 0.003761153, 0.0034270731, 0.003132917, 0.0030104762, 0.0028250632, 0.002717528, 0.0026888063, 0.0026664385, 0.0026684252, 0.0026692683, 0.0026630606, 0.002633421, 0.0025889792, 0.0025683707, 0.0025479058, 0.002577494, 0.002618159, 0.002760207, 0.0029830483, 0.0032655897, 0.0034156365, 0.0037007716, 0.003929998, 0.004015363, 0.0041288664, 0.0041886037, 0.004237528, 0.0042714896, 0.00438012, 0.0045508537, 0.0046542305, 0.004866935, 0.0050315745, 0.005091958, 0.0050751683, 0.0049548713, 0.0047519756, 0.004635371, 0.0044055018, 0.0042138286, 0.004135966, 0.003989109, 0.0037817294, 0.0034307207, 0.003195344, 0.0026620468, 0.0022021611, 0.002067754, 0.002123015, 0.0028572483, 0, 0, 0, 0, 0, 0, 0, 0, 0, 0, 0, 0, 0, 0, 0, 0, 0, 0, 0, 0, 0, 0, 0, 0, 0, 0, 0, 0, 0, 0, 0, 0, 0, 0, 0, 0, 0, 0, 0, 0, 0, 0, 0, 0, 0, 0, 0, 0, 0, 0, 0, 0, 0, 0, 0, 0, 0, 0
0.0014772579, 0.0014785973, 0.0016728395, 0.002016879, 0.0022044312, 0.0025716983, 0.002910603, 0.0030680706, 0.0033626056, 0.003638997, 0.003908979, 0.004045105, 0.00432296, 0.004609465, 0.0047550565, 0.005046662, 0.005329278, 0.005588996, 0.0057056025, 0.00590646, 0.0060637845, 0.0061276522, 0.006229024, 0.0062957644, 0.006314778, 0.006321688, 0.0062874816, 0.006217784, 0.0061723865, 0.0060680723, 0.0059564672, 0.005902383, 0.0058057345, 0.0057314457, 0.005678105, 0.005655722, 0.005608881, 0.005546689, 0.0055059902, 0.005395429, 0.0052326317, 0.0051272935, 0.004867174, 0.004552865, 0.00421095, 0.00403884, 0.0037097004, 0.0034200267, 0.0032961413, 0.0030988816, 0.0029716715, 0.0029010475, 0.0028786527, 0.002841327, 0.0027962774, 0.002769052, 0.0027084288, 0.002653208, 0.0026338277, 0.0026299653, 0.0026961183, 0.002850295, 0.0029597392, 0.003225886, 0.0035147702, 0.0036504788, 0.0038721377, 0.0040056943, 0.004056771, 0.0040637515, 0.0040782164, 0.0041418835, 0.0042030336, 0.0043771034, 0.0045760022, 0.0047296863, 0.0047707716, 0.004761258, 0.0046295035, 0.0045258133, 0.004275129, 0.0040282533, 0.003925346, 0.0037732408, 0.0036497533, 0.003459133, 0.0033154543, 0.0029513077, 0.0026339244, 0.0025734147, 0.0026702192, 0, 0, 0, 0, 0, 0, 0, 0, 0, 0, 0, 0, 0, 0, 0, 0, 0, 0, 0, 0, 0, 0, 0, 0, 0, 0, 0, 0, 0, 0, 0, 0, 0, 0, 0, 0, 0, 0, 0, 0, 0, 0, 0, 0, 0, 0, 0, 0, 0, 0, 0, 0, 0, 0, 0, 0, 0, 0, 0
0.001257476, 0.001258281, 0.0014300777, 0.0017360728, 0.0019030127, 0.0022285692, 0.0025256095, 0.0026615097, 0.002911057, 0.0031398914, 0.0033620626, 0.0034749731, 0.0037112343, 0.003966318, 0.004101407, 0.0043846117, 0.004679194, 0.00497353, 0.0051165936, 0.0053883917, 0.005638352, 0.005755649, 0.005975434, 0.006171142, 0.0062568723, 0.006395871, 0.0064845136, 0.0065203197, 0.006518659, 0.0064794407, 0.0064006173, 0.006351041, 0.006243856, 0.0061437367, 0.0060631055, 0.006030391, 0.0059748343, 0.0059237247, 0.00589699, 0.0058329077, 0.005742406, 0.005681848, 0.005521835, 0.005306187, 0.0050372505, 0.0048841075, 0.0045456914, 0.0041770297, 0.0039899247, 0.0036330218, 0.0033315492, 0.003107999, 0.0030257744, 0.0029077725, 0.002829685, 0.0027976446, 0.0027309463, 0.002644087, 0.0025900616, 0.0024674416, 0.0023560687, 0.0023063298, 0.0023195276, 0.0024367159, 0.0026652738, 0.0028084524, 0.0031096404, 0.0033712178, 0.0035389615, 0.0035827493, 0.0036117898, 0.0036201451, 0.0036390966, 0.003733399, 0.003897649, 0.0040857242, 0.004167847, 0.004270287, 0.0042518256, 0.004190479, 0.003976866, 0.0036948095, 0.0035562397, 0.0033325742, 0.0032019045, 0.0031228708, 0.003080858, 0.002986778, 0.002969471, 0.0030935341, 0.0036738506, 0, 0, 0, 0, 0, 0, 0, 0, 0, 0, 0, 0, 0, 0, 0, 0, 0, 0, 0, 0, 0, 0, 0, 0, 0, 0, 0, 0, 0, 0, 0, 0, 0, 0, 0, 0, 0, 0, 0, 0, 0, 0, 0, 0, 0, 0, 0, 0, 0, 0, 0, 0, 0, 0, 0, 0, 0, 0, 0
0.0010531265, 0.0010517406, 0.0011894937, 0.0014388266, 0.0015758066, 0.001846862, 0.0021018134, 0.0022217664, 0.0024464047, 0.0026548542, 0.0028559952, 0.0029564681, 0.0031621035, 0.0033762783, 0.0034869981, 0.003715459, 0.003953701, 0.004202398, 0.004330336, 0.004591913, 0.0048604817, 0.004998059, 0.005279852, 0.0055668927, 0.005708744, 0.0059801224, 0.006222148, 0.0064222296, 0.0065026856, 0.0066174846, 0.006664595, 0.0066628773, 0.006616567, 0.006530732, 0.006425452, 0.006369077, 0.0062520527, 0.006131272, 0.0060710507, 0.0059542963, 0.005844363, 0.0057905363, 0.005679436, 0.005554277, 0.0054002525, 0.0053059254, 0.0050688786, 0.0047538644, 0.0045679454, 0.0041572917, 0.0037355986, 0.0033542728, 0.0031908785, 0.002929968, 0.0027567667, 0.0026972606, 0.0026086345, 0.0025154962, 0.0024512259, 0.0022698233, 0.002028795, 0.0017815062, 0.0016787691, 0.001558959, 0.0015895123, 0.0016642173, 0.0019123836, 0.002233148, 0.002534291, 0.0026510062, 0.0027934015, 0.0028354966, 0.002840269, 0.0028686782, 0.0029677826, 0.0031457345, 0.0032529566, 0.0034632955, 0.0036028035, 0.003623443, 0.0035439986, 0.0033179568, 0.0031720563, 0.0028839605, 0.0026903844, 0.0026584442, 0.0027159785, 0.0030212118, 0.0034449545, 0.0035404288, 0, 0, 0, 0, 0, 0, 0, 0, 0, 0, 0, 0, 0, 0, 0, 0, 0, 0, 0, 0, 0, 0, 0, 0, 0, 0, 0, 0, 0, 0, 0, 0, 0, 0, 0, 0, 0, 0, 0, 0, 0, 0, 0, 0, 0, 0, 0, 0, 0, 0, 0, 0, 0, 0, 0, 0, 0, 0, 0, 0
0.0008887177, 0.00088404416, 0.0009842244, 0.0011709923, 0.0012749063, 0.0014889293, 0.0017080074, 0.0018192207, 0.0020421394, 0.0022618477, 0.002476333, 0.0025816304, 0.0027874622, 0.0029838856, 0.0030774046, 0.0032556718, 0.0034285488, 0.0036073471, 0.00370177, 0.0039025873, 0.0041201185, 0.0042358935, 0.004483671, 0.004753745, 0.0048959157, 0.005189636, 0.0054876963, 0.005780911, 0.0059219766, 0.006182358, 0.0063948287, 0.006476726, 0.006585478, 0.0066207247, 0.006588456, 0.0065485756, 0.0064259875, 0.0062567834, 0.0061610653, 0.0059654173, 0.005785173, 0.0057060593, 0.005573727, 0.005472345, 0.005388436, 0.0053441473, 0.0052257124, 0.0050307303, 0.004894158, 0.0045404728, 0.00410342, 0.0036335152, 0.003404992, 0.0029947616, 0.0026800523, 0.0025634288, 0.0024003552, 0.0022835948, 0.002219589, 0.0020380623, 0.0017607037, 0.0014079715, 0.0012225484, 0.0008849674, 0.00065919216, 0.00060893147, 0.00065361394, 0.00087488984, 0.0011955433, 0.0013562306, 0.0016098018, 0.0017331769, 0.0017515891, 0.0017523213, 0.001784832, 0.0019168596, 0.002025577, 0.0023052068, 0.0025991553, 0.0027204065, 0.00285268, 0.0027958634, 0.002700793, 0.0024373613, 0.0022062827, 0.002186708, 0.0023162293, 0.0030898342, 0.0045181233, 0, 0, 0, 0, 0, 0, 0, 0, 0, 0, 0, 0, 0, 0, 0, 0, 0, 0, 0, 0, 0, 0, 0, 0, 0, 0, 0, 0, 0, 0, 0, 0, 0, 0, 0, 0, 0, 0, 0, 0, 0, 0, 0, 0, 0, 0, 0, 0, 0, 0, 0, 0, 0, 0, 0, 0, 0, 0, 0, 0, 0
0.00075353705, 0.00074597023, 0.00081260887, 0.00094057946, 0.0010118724, 0.0011645555, 0.0013369872, 0.0014323771, 0.001638224, 0.0018556555, 0.0020758305, 0.0021848874, 0.0023972692, 0.0025952314, 0.002686385, 0.0028528585, 0.0030062764, 0.003160105, 0.0032400351, 0.003406466, 0.0035784594, 0.003666073, 0.003846813, 0.004038992, 0.0041399123, 0.0043507144, 0.004574877, 0.004817913, 0.0049483986, 0.0052264556, 0.0055150646, 0.005656474, 0.0059176907, 0.006130091, 0.0062729632, 0.006312475, 0.006319777, 0.006232689, 0.0061590937, 0.0059720827, 0.0057639466, 0.005662657, 0.005481196, 0.005340253, 0.0052453084, 0.005211526, 0.0051498716, 0.005053216, 0.004974256, 0.0047309287, 0.004366079, 0.0039034626, 0.0036510003, 0.0031443534, 0.0026918799, 0.0025034095, 0.0022149233, 0.0020257488, 0.0019501756, 0.0017864818, 0.0015507633, 0.0012145593, 0.0010134768, 0.00057823444, 0.00016416206, -6.8154536e-06, -0.00022398752, -0.00023475746, -5.8582013e-05, 7.09963e-05, 0.0003317211, 0.00050409674, 0.00054199505, 0.00054284214, 0.0005197064, 0.00057371287, 0.00065144285, 0.0009158063, 0.0012850827, 0.0014803024, 0.0018161846, 0.0019878915, 0.0019936594, 0.0018678918, 0.0016921796, 0.001733209, 0.0019077245, 0.0024306527, 0, 0, 0, 0, 0, 0, 0, 0, 0, 0, 0, 0, 0, 0, 0, 0, 0, 0, 0, 0, 0, 0, 0, 0, 0, 0, 0, 0, 0, 0, 0, 0, 0, 0, 0, 0, 0, 0, 0, 0, 0, 0, 0, 0, 0, 0, 0, 0, 0, 0, 0, 0, 0, 0, 0, 0, 0, 0, 0, 0, 0, 0
0.00064495945, 0.0006357384, 0.0006793329, 0.0007630537, 0.0008071311, 0.0008993401, 0.0010094626, 0.0010748828, 0.001224805, 0.0013926256, 0.0015699753, 0.001660732, 0.001844267, 0.0020254932, 0.0021130021, 0.0022817114, 0.002448034, 0.0026223576, 0.002713827, 0.0029007532, 0.0030828465, 0.003169356, 0.0033323183, 0.0034833432, 0.00355427, 0.0036860919, 0.0038074555, 0.0039329496, 0.004004431, 0.0041787005, 0.004403253, 0.0045338636, 0.0048223524, 0.005128475, 0.0054230504, 0.0055547054, 0.0057640416, 0.0058787023, 0.0058964333, 0.0058583026, 0.0057412097, 0.005662067, 0.005481827, 0.0052996064, 0.005145891, 0.005086091, 0.0049981168, 0.0049256864, 0.0048796684, 0.004734134, 0.004483231, 0.0041127848, 0.003887521, 0.0033829287, 0.0028605354, 0.0026146723, 0.0021914283, 0.001881341, 0.0017646585, 0.0015745861, 0.0013822692, 0.0011251693, 0.0009616734, 0.0005653279, 0.000109522, -0.00011915382, -0.0005215518, -0.0007763715, -0.0008385268, -0.0008041977, -0.00066132634, -0.0005163034, -0.0004723037, -0.00046196315, -0.0005191165, -0.0005547167, -0.0005340301, -0.0003746387, -5.187803e-05, 0.0001550746, 0.00059228897, 0.0009465208, 0.0010569631, 0.0011240082, 0.0010827946, 0.0013125512, 0.0017982875, 0, 0, 0, 0, 0, 0, 0, 0, 0, 0, 0, 0, 0, 0, 0, 0, 0, 0, 0, 0, 0, 0, 0, 0, 0, 0, 0, 0, 0, 0, 0, 0, 0, 0, 0, 0, 0, 0, 0, 0, 0, 0, 0, 0, 0, 0, 0, 0, 0, 0, 0, 0, 0, 0, 0, 0, 0, 0, 0, 0, 0, 0, 0
0.0005410189, 0.0005320689, 0.00057045807, 0.0006427623, 0.0006772965, 0.0007378125, 0.00079434866, 0.0008233683, 0.00088040216, 0.00092795107, 0.00096227904, 0.0009763498, 0.0010051061, 0.0010425838, 0.0010665737, 0.0011298221, 0.0012240437, 0.0013607317, 0.0014458541, 0.0016414563, 0.0018538118, 0.0019602503, 0.0021667457, 0.0023615484, 0.002453989, 0.0026245138, 0.0027708826, 0.0028920777, 0.002945325, 0.0030415948, 0.003128408, 0.0031690632, 0.0032501132, 0.0033486716, 0.0034924017, 0.0035876443, 0.0038256622, 0.004110719, 0.0042606685, 0.0045518707, 0.0047995104, 0.0048954566, 0.0050129103, 0.0050192457, 0.0049239113, 0.0048488434, 0.004673446, 0.004502348, 0.004428836, 0.0043138126, 0.0042330604, 0.004152562, 0.0040963283, 0.003916895, 0.003617704, 0.0034211744, 0.0029578144, 0.002454394, 0.0022105267, 0.0017728666, 0.0014192092, 0.0011372187, 0.0010116091, 0.0007606591, 0.0004760156, 0.00031176148, -6.338207e-05, -0.00047561596, -0.00086332584, -0.0010237641, -0.0012415675, -0.0013162456, -0.0013142667, -0.0012877545, -0.0012970748, -0.0013692812, -0.0014162418, -0.0014781277, -0.0014239562, -0.0013373889, -0.0010582802, -0.0007149302, -0.000554412, -0.00029293177, 1.93938e-05, 0.00014519878, 0, 0, 0, 0, 0, 0, 0, 0, 0, 0, 0, 0, 0, 0, 0, 0, 0, 0, 0, 0, 0, 0, 0, 0, 0, 0, 0, 0, 0, 0, 0, 0, 0, 0, 0, 0, 0, 0, 0, 0, 0, 0, 0, 0, 0, 0, 0, 0, 0, 0, 0, 0, 0, 0, 0, 0, 0, 0, 0, 0, 0, 0, 0, 0
0.0006010353, 0.00059278053, 0.00064726063, 0.0007537205, 0.0008100012, 0.0009179252, 0.0010207263, 0.0010697687, 0.0011565948, 0.0012161416, 0.0012423788, 0.0012448401, 0.0012361871, 0.0012195221, 0.0012116672, 0.0012036886, 0.001219507, 0.0012729982, 0.0013155509, 0.0014269818, 0.0015590807, 0.0016279498, 0.0017664935, 0.001908141, 0.0019821147, 0.0021386347, 0.0023078073, 0.0024888804, 0.002582567, 0.0027670232, 0.0029274728, 0.0029895985, 0.0030657223, 0.0030835713, 0.0030757803, 0.0030763682, 0.0031133834, 0.0032216378, 0.003306834, 0.0035362223, 0.0038223022, 0.003972865, 0.004251295, 0.004450035, 0.0045299972, 0.004523207, 0.004433571, 0.00428236, 0.004201681, 0.004064406, 0.0039905813, 0.003986339, 0.0039997124, 0.0040153214, 0.003948979, 0.0038641712, 0.003574908, 0.0031437336, 0.002893373, 0.002370839, 0.0018804749, 0.0014693061, 0.0012968536, 0.0010060412, 0.0007516286, 0.00062189036, 0.0003278717, -3.3029468e-05, -0.0004461688, -0.0006537445, -0.0010154401, -0.0012445909, -0.0013013094, -0.0013262182, -0.0013067502, -0.0013191159, -0.0013444066, -0.0014101407, -0.0014332744, -0.0014075332, -0.0012711192, -0.0010598669, -0.00095371733, -0.0007825375, 0, 0, 0, 0, 0, 0, 0, 0, 0, 0, 0, 0, 0, 0, 0, 0, 0, 0, 0, 0, 0, 0, 0, 0, 0, 0, 0, 0, 0, 0, 0, 0, 0, 0, 0, 0, 0, 0, 0, 0, 0, 0, 0, 0, 0, 0, 0, 0, 0, 0, 0, 0, 0, 0, 0, 0, 0, 0, 0, 0, 0, 0, 0, 0, 0, 0
0.0007802182, 0.0007726782, 0.0008524028, 0.0010069469, 0.0010921308, 0.0012630447, 0.0014304908, 0.0015110155, 0.0016578167, 0.0017736162, 0.0018505346, 0.0018750769, 0.0019002794, 0.0018998219, 0.001891861, 0.0018662888, 0.0018383282, 0.001820771, 0.0018178364, 0.0018223202, 0.0018326846, 0.0018378677, 0.0018474483, 0.0018638421, 0.0018784683, 0.0019300474, 0.0020224398, 0.0021651976, 0.002255985, 0.0024670921, 0.0026881732, 0.002787951, 0.0029367334, 0.0029948936, 0.0029619928, 0.0029196572, 0.0028128172, 0.0027249812, 0.0027066872, 0.002751008, 0.0029189582, 0.0030454614, 0.003351999, 0.0036693437, 0.003924236, 0.004011921, 0.004094718, 0.0040661134, 0.0040218793, 0.003910008, 0.0038206873, 0.0038056348, 0.0038319547, 0.0039353715, 0.0040485915, 0.00408056, 0.0040420843, 0.0038259467, 0.0036501407, 0.003193965, 0.0026683959, 0.0021613413, 0.0019358293, 0.0015572206, 0.0012645087, 0.0011375428, 0.0008856279, 0.0005857007, 0.00019991698, -2.249583e-05, -0.00048556234, -0.0008863277, -0.0010342592, -0.0012041499, -0.0012429996, -0.0012353773, -0.0012377455, -0.0012742772, -0.0013324852, -0.0013548357, -0.0013611909, -0.0013171125, -0.001286287, -0.0012201143, 0, 0, 0, 0, 0, 0, 0, 0, 0, 0, 0, 0, 0, 0, 0, 0, 0, 0, 0, 0, 0, 0, 0, 0, 0, 0, 0, 0, 0, 0, 0, 0, 0, 0, 0, 0, 0, 0, 0, 0, 0, 0, 0, 0, 0, 0, 0, 0, 0, 0, 0, 0, 0, 0, 0, 0, 0, 0, 0, 0, 0, 0, 0, 0, 0, 0
0.0010539894, 0.0010468112, 0.0011544825, 0.0013567642, 0.0014676731, 0.0016887168, 0.0019030448, 0.0020070574, 0.002204866, 0.0023834861, 0.0025368829, 0.0026030794, 0.0027119261, 0.0027865544, 0.0028099695, 0.0028300215, 0.0028188513, 0.0027839723, 0.0027593628, 0.002696882, 0.00261686, 0.0025703353, 0.002467141, 0.0023579206, 0.0023047563, 0.0022112166, 0.002150043, 0.0021418452, 0.002162725, 0.0022576072, 0.0024118468, 0.002501671, 0.0026797561, 0.0028167833, 0.0028735802, 0.0028655003, 0.0027813662, 0.0026387717, 0.0025642428, 0.002452904, 0.0024420682, 0.0024858399, 0.0026711873, 0.0029554474, 0.0032762936, 0.0034280368, 0.0036758103, 0.0038177026, 0.003845341, 0.0038271642, 0.0037543026, 0.0036942826, 0.0036892619, 0.003753622, 0.003910598, 0.004006823, 0.0041769203, 0.0042312825, 0.004190836, 0.003960885, 0.0035657606, 0.003089478, 0.0028505176, 0.0024164892, 0.0020698875, 0.0019288859, 0.001685754, 0.0014388155, 0.0011157413, 0.0009093361, 0.00041158186, -0.00013157704, -0.0003813764, -0.00076961674, -0.0009772544, -0.0010493692, -0.0010646164, -0.0011101114, -0.001218989, -0.0013018168, -0.0015113848, -0.001729376, -0.0017962515, 0, 0, 0, 0, 0, 0, 0, 0, 0, 0, 0, 0, 0, 0, 0, 0, 0, 0, 0, 0, 0, 0, 0, 0, 0, 0, 0, 0, 0, 0, 0, 0, 0, 0, 0, 0, 0, 0, 0, 0, 0, 0, 0, 0, 0, 0, 0, 0, 0, 0, 0, 0, 0, 0, 0, 0, 0, 0, 0, 0, 0, 0, 0, 0, 0, 0, 0
0.0013388814, 0.0013319444, 0.0014672403, 0.0017129962, 0.0018444109, 0.002098502, 0.002334888, 0.0024476326, 0.0026672273, 0.0028819675, 0.0030907185, 0.0031906832, 0.0033740413, 0.003525576, 0.003586715, 0.0036774264, 0.003726657, 0.0037368524, 0.0037280142, 0.003684072, 0.0036075255, 0.0035577063, 0.0034351102, 0.0032823656, 0.0031950783, 0.0030028357, 0.0028002884, 0.0026113992, 0.0025308598, 0.002414895, 0.0023749834, 0.0023862917, 0.0024646174, 0.0025917187, 0.0027194486, 0.0027672222, 0.0028057136, 0.0027580932, 0.002706646, 0.002575072, 0.0024538548, 0.0024161418, 0.0024178033, 0.0025412622, 0.0027764963, 0.0029218628, 0.003225373, 0.0034865807, 0.0035836764, 0.0036945387, 0.0037008931, 0.003643922, 0.0036118724, 0.0035873195, 0.003663658, 0.0037469626, 0.00397982, 0.0042236405, 0.0043139644, 0.0043738633, 0.00423977, 0.003940361, 0.003752236, 0.00335621, 0.0029969462, 0.002845649, 0.0026023767, 0.0024031145, 0.0021699406, 0.0020111338, 0.0015711052, 0.0009849933, 0.0006677562, 7.965477e-05, -0.00034480615, -0.0005744394, -0.0006375966, -0.000739441, -0.00092895026, -0.0011003312, -0.0016475522, -0.0023466512, -0.0025986163, 0, 0, 0, 0, 0, 0, 0, 0, 0, 0, 0, 0, 0, 0, 0, 0, 0, 0, 0, 0, 0, 0, 0, 0, 0, 0, 0, 0, 0, 0, 0, 0, 0, 0, 0, 0, 0, 0, 0, 0, 0, 0, 0, 0, 0, 0, 0, 0, 0, 0, 0, 0, 0, 0, 0, 0, 0, 0, 0, 0, 0, 0, 0, 0, 0, 0, 0
0.0015610658, 0.0015563199, 0.0017243169, 0.0020211784, 0.0021777886, 0.0024727427, 0.0027333517, 0.0028525246, 0.0030783124, 0.0032989408, 0.0035192785, 0.0036275247, 0.0038320052, 0.0040112175, 0.0040892703, 0.0042224587, 0.0043256166, 0.0044005066, 0.00442792, 0.00446459, 0.004478227, 0.004475437, 0.0044440283, 0.004364708, 0.0043014423, 0.0041225557, 0.0038777776, 0.00358607, 0.0034319465, 0.0031305763, 0.0028725134, 0.0027723184, 0.0026478842, 0.0026296247, 0.0026948836, 0.0027443252, 0.002842773, 0.0028997282, 0.0029020961, 0.0028482417, 0.0027283065, 0.0026555744, 0.002521656, 0.0024565933, 0.0025075527, 0.0025796823, 0.0027957563, 0.0030570505, 0.0031835283, 0.0033940603, 0.0035205586, 0.0035533905, 0.0035400805, 0.0034855523, 0.003459054, 0.003481257, 0.0036268656, 0.003890106, 0.0040410645, 0.0043086517, 0.00444505, 0.004400456, 0.0043138983, 0.0040519144, 0.0037431077, 0.0035962882, 0.0033538258, 0.00318508, 0.0030406725, 0.0029466748, 0.0026467938, 0.0021508387, 0.0018385326, 0.0011699384, 0.00058555073, 0.0002061559, 9.62222e-05, -3.5869452e-05, -0.0002453776, -0.00048646808, -0.0015880496, 0, 0, 0, 0, 0, 0, 0, 0, 0, 0, 0, 0, 0, 0, 0, 0, 0, 0, 0, 0, 0, 0, 0, 0, 0, 0, 0, 0, 0, 0, 0, 0, 0, 0, 0, 0, 0, 0, 0, 0, 0, 0, 0, 0, 0, 0, 0, 0, 0, 0, 0, 0, 0, 0, 0, 0, 0, 0, 0, 0, 0, 0, 0, 0, 0, 0, 0, 0, 0
0.0016915913, 0.0016939251, 0.0019066915, 0.0022733987, 0.002468596, 0.00283803, 0.0031594136, 0.0033012645, 0.0035563041, 0.0037875455, 0.0040056068, 0.0041094664, 0.0043025957, 0.004471026, 0.0045453375, 0.004676774, 0.004786751, 0.0048789144, 0.0049206177, 0.0050020507, 0.00508844, 0.0051338146, 0.0052192137, 0.0052723032, 0.005275775, 0.0052186735, 0.0050645266, 0.0048161377, 0.004661193, 0.0043069455, 0.0039277202, 0.003744429, 0.0034234307, 0.0031941242, 0.0030713899, 0.0030459617, 0.0030468248, 0.0030796565, 0.0030935905, 0.0030892638, 0.0030158514, 0.0029499661, 0.0027741685, 0.002585819, 0.0024535065, 0.0024253957, 0.0024591961, 0.0025990594, 0.002697167, 0.0029210527, 0.0031411631, 0.0033090052, 0.0033599199, 0.003387545, 0.0033457703, 0.003322818, 0.0033346291, 0.0034760234, 0.0035974134, 0.0038981289, 0.0041858996, 0.0043586525, 0.0043826154, 0.004302952, 0.004094989, 0.0039679236, 0.0037251082, 0.0035486864, 0.0034458253, 0.0034025197, 0.0032592136, 0.00294547, 0.0027075266, 0.0021088948, 0.0014884, 0.0010408004, 0.0009208393, 0.0008738222, 0.00088562776, 0.0007618606, 0, 0, 0, 0, 0, 0, 0, 0, 0, 0, 0, 0, 0, 0, 0, 0, 0, 0, 0, 0, 0, 0, 0, 0, 0, 0, 0, 0, 0, 0, 0, 0, 0, 0, 0, 0, 0, 0, 0, 0, 0, 0, 0, 0, 0, 0, 0, 0, 0, 0, 0, 0, 0, 0, 0, 0, 0, 0, 0, 0, 0, 0, 0, 0, 0, 0, 0, 0, 0, 0
0.0016976898, 0.0017098368, 0.0019670443, 0.0024046807, 0.0026427316, 0.0031056772, 0.0035198403, 0.003704337, 0.004031377, 0.0043149684, 0.0045679915, 0.0046847267, 0.004897244, 0.00508009, 0.0051596803, 0.0052939663, 0.0053918497, 0.0054526734, 0.005472488, 0.00550519, 0.0055520893, 0.0055874195, 0.0056831413, 0.005794726, 0.0058460375, 0.005916859, 0.0059204213, 0.005835053, 0.0057543665, 0.00551577, 0.005187371, 0.0050000763, 0.0046087927, 0.0042346446, 0.003914943, 0.0037822954, 0.0035756708, 0.0034424223, 0.0033976792, 0.0033326263, 0.003262714, 0.0032119914, 0.0030615828, 0.0028504557, 0.0026174036, 0.0025104312, 0.002350973, 0.0022945728, 0.0023102197, 0.0024274546, 0.0026361507, 0.0028838876, 0.0030000967, 0.0031728577, 0.0032344044, 0.0032275405, 0.0031839686, 0.0031832552, 0.0032243305, 0.0034034436, 0.0036739542, 0.0039430326, 0.004044971, 0.0041353903, 0.004058634, 0.003968693, 0.0037374632, 0.0035206543, 0.0033859643, 0.0033503026, 0.0032973867, 0.0031617824, 0.0030257276, 0.0025971935, 0.0020555335, 0.001628897, 0.0015347215, 0.0016614055, 0.0021237098, 0.0023305262, 0, 0, 0, 0, 0, 0, 0, 0, 0, 0, 0, 0, 0, 0, 0, 0, 0, 0, 0, 0, 0, 0, 0, 0, 0, 0, 0, 0, 0, 0, 0, 0, 0, 0, 0, 0, 0, 0, 0, 0, 0, 0, 0, 0, 0, 0, 0, 0, 0, 0, 0, 0, 0, 0, 0, 0, 0, 0, 0, 0, 0, 0, 0, 0, 0, 0, 0, 0, 0, 0
0.0015429913, 0.0015612034, 0.0018318265, 0.00229278, 0.0025487689, 0.0030618354, 0.0035413275, 0.003762196, 0.004164691, 0.004522648, 0.0048467396, 0.0049984544, 0.005281911, 0.0055369693, 0.005652424, 0.0058517535, 0.005995776, 0.0060703666, 0.0060815867, 0.006063957, 0.006021658, 0.0060031563, 0.005988932, 0.0060149985, 0.006042273, 0.0061175725, 0.006202939, 0.006268012, 0.0062815286, 0.0062483796, 0.0061165555, 0.0060121254, 0.0057345782, 0.0053854967, 0.0049943505, 0.004793838, 0.004406516, 0.0040694852, 0.0039299647, 0.0037172749, 0.0035798526, 0.0035269693, 0.0034185057, 0.0032655017, 0.0030441748, 0.0029106857, 0.002625521, 0.002368163, 0.002270538, 0.002170575, 0.0022170008, 0.0023961249, 0.00251904, 0.0027800829, 0.002984505, 0.0030434325, 0.0030661677, 0.003009015, 0.0029807312, 0.002987476, 0.0031213542, 0.0033594035, 0.003491102, 0.0037068466, 0.0037831326, 0.003755267, 0.003587342, 0.0033429097, 0.003126592, 0.0030534712, 0.002982095, 0.0029422524, 0.0028927468, 0.0026648978, 0.0022843115, 0.0019548594, 0.0019038497, 0.0021555342, 0, 0, 0, 0, 0, 0, 0, 0, 0, 0, 0, 0, 0, 0, 0, 0, 0, 0, 0, 0, 0, 0, 0, 0, 0, 0, 0, 0, 0, 0, 0, 0, 0, 0, 0, 0, 0, 0, 0, 0, 0, 0, 0, 0, 0, 0, 0, 0, 0, 0, 0, 0, 0, 0, 0, 0, 0, 0, 0, 0, 0, 0, 0, 0, 0, 0, 0, 0, 0, 0, 0, 0
0.0012664952, 0.001283415, 0.0015178167, 0.0019186629, 0.0021439248, 0.002605301, 0.0030553201, 0.0032711104, 0.00368173, 0.0040681893, 0.0044355826, 0.004613542, 0.0049595097, 0.0052925437, 0.0054534506, 0.0057571246, 0.0060195997, 0.006216214, 0.0062836166, 0.0063527385, 0.006342812, 0.0063148118, 0.0062315078, 0.006140696, 0.006103234, 0.0060624783, 0.0060810708, 0.00615601, 0.00620728, 0.006313793, 0.0063895658, 0.0064033405, 0.0063616303, 0.0062067625, 0.005930026, 0.0057503027, 0.0053323577, 0.004887771, 0.0046767867, 0.00431675, 0.004070162, 0.0039906474, 0.0038946308, 0.0038231441, 0.0036949941, 0.0035907726, 0.0032926488, 0.0029102336, 0.0027115364, 0.0023582133, 0.0021306039, 0.002077948, 0.0021196653, 0.0023121324, 0.0025706736, 0.00268679, 0.0028244606, 0.0028063932, 0.0027526286, 0.0026306007, 0.002597071, 0.0027250182, 0.0028444477, 0.0031310343, 0.0033688426, 0.0034327619, 0.0034126844, 0.0032167276, 0.0029377665, 0.0028073543, 0.0026313367, 0.002589009, 0.002598172, 0.0025927688, 0.0024803549, 0.002330638, 0.0023446395, 0, 0, 0, 0, 0, 0, 0, 0, 0, 0, 0, 0, 0, 0, 0, 0, 0, 0, 0, 0, 0, 0, 0, 0, 0, 0, 0, 0, 0, 0, 0, 0, 0, 0, 0, 0, 0, 0, 0, 0, 0, 0, 0, 0, 0, 0, 0, 0, 0, 0, 0, 0, 0, 0, 0, 0, 0, 0, 0, 0, 0, 0, 0, 0, 0, 0, 0, 0, 0, 0, 0, 0, 0
0.000952785, 0.0009635254, 0.0011258211, 0.0013977588, 0.0015497771, 0.0018653176, 0.0021883307, 0.0023516344, 0.0026821983, 0.0030163494, 0.0033505962, 0.0035174838, 0.003851114, 0.0041891364, 0.0043619084, 0.0047161025, 0.0050758924, 0.0054239505, 0.0055855694, 0.005864648, 0.006061116, 0.006121783, 0.006164666, 0.0061169444, 0.006070466, 0.00596299, 0.0058770566, 0.005850657, 0.0058663185, 0.0059570833, 0.006109696, 0.006197137, 0.006358365, 0.0064474, 0.0064104376, 0.0063355085, 0.006075442, 0.0057011517, 0.0054906355, 0.0050740815, 0.0047302092, 0.0046048113, 0.004458202, 0.0044154217, 0.00438288, 0.0043359073, 0.004128463, 0.0037528467, 0.003514552, 0.0029928684, 0.0025043006, 0.002152326, 0.0020523646, 0.0020184345, 0.0021684167, 0.0022769026, 0.002463737, 0.0025074543, 0.0024611435, 0.002278482, 0.0021018328, 0.0020782817, 0.0021469954, 0.0024237498, 0.0027834321, 0.0029443537, 0.0031380856, 0.0030976601, 0.0028477698, 0.0026826898, 0.0023884065, 0.0022827552, 0.0023318217, 0.0026196595, 0.0030319688, 0.0031147476, 0, 0, 0, 0, 0, 0, 0, 0, 0, 0, 0, 0, 0, 0, 0, 0, 0, 0, 0, 0, 0, 0, 0, 0, 0, 0, 0, 0, 0, 0, 0, 0, 0, 0, 0, 0, 0, 0, 0, 0, 0, 0, 0, 0, 0, 0, 0, 0, 0, 0, 0, 0, 0, 0, 0, 0, 0, 0, 0, 0, 0, 0, 0, 0, 0, 0, 0, 0, 0, 0, 0, 0, 0, 0
0.00060732005, 0.00061334705, 0.0006957808, 0.0008198349, 0.0008862527, 0.0010286513, 0.0011945239, 0.0012894601, 0.0015043037, 0.0017441836, 0.0019946916, 0.0021205596, 0.0023716574, 0.002628614, 0.0027642201, 0.0030603267, 0.0034015034, 0.003793246, 0.004005972, 0.0044482844, 0.004876931, 0.005069841, 0.005383582, 0.00557946, 0.0056324727, 0.0056622685, 0.0056215865, 0.0055585485, 0.005534953, 0.0055351835, 0.005625688, 0.0057063205, 0.005918918, 0.0061507165, 0.0063335756, 0.006388196, 0.0063984306, 0.0062616835, 0.006140523, 0.005819108, 0.005457661, 0.0052920356, 0.005042647, 0.0049282205, 0.004906533, 0.004898508, 0.004813646, 0.0045650983, 0.0043694526, 0.003857453, 0.0032591445, 0.0026915274, 0.0024568606, 0.002142002, 0.002055333, 0.0020818433, 0.0021927827, 0.0022449503, 0.002210521, 0.0020099601, 0.0017238047, 0.0015196403, 0.0014950695, 0.0016381978, 0.001992738, 0.0022064112, 0.0025881405, 0.0027679733, 0.0026636708, 0.002520586, 0.0021750347, 0.0019955582, 0.0020681238, 0.002694514, 0.0040330035, 0, 0, 0, 0, 0, 0, 0, 0, 0, 0, 0, 0, 0, 0, 0, 0, 0, 0, 0, 0, 0, 0, 0, 0, 0, 0, 0, 0, 0, 0, 0, 0, 0, 0, 0, 0, 0, 0, 0, 0, 0, 0, 0, 0, 0, 0, 0, 0, 0, 0, 0, 0, 0, 0, 0, 0, 0, 0, 0, 0, 0, 0, 0, 0, 0, 0, 0, 0, 0, 0, 0, 0, 0, 0, 0
0.00016168345, 0.00016653267, 0.00018079816, 0.00017869489, 0.000174577, 0.00017889908, 0.0002242474, 0.00026767884, 0.0003948947, 0.0005597474, 0.00073571317, 0.00082097464, 0.0009805815, 0.0011311093, 0.0012083462, 0.0013816189, 0.0016028233, 0.0018978899, 0.0020790445, 0.002509453, 0.0030115056, 0.0032757723, 0.0037964203, 0.0042635514, 0.0044645416, 0.004786021, 0.0049911877, 0.0050884797, 0.005106776, 0.0051175887, 0.005148358, 0.0051877997, 0.005331134, 0.005553279, 0.0058225193, 0.005960275, 0.006208702, 0.00636785, 0.0063946256, 0.006319382, 0.0060848156, 0.0059289807, 0.0056085465, 0.0053613945, 0.0052375053, 0.0052136765, 0.0051896297, 0.0051043844, 0.0050083925, 0.0046787825, 0.0041789236, 0.0035821237, 0.0032829612, 0.002759029, 0.0024124908, 0.002317517, 0.002249872, 0.0022331628, 0.0021954942, 0.0019956853, 0.0016408369, 0.0012559441, 0.0011080443, 0.0009944014, 0.001166804, 0.0013419116, 0.0017680224, 0.0021188178, 0.0022240153, 0.0021643634, 0.0018939824, 0.0016830205, 0.0017442531, 0.0026333851, 0, 0, 0, 0, 0, 0, 0, 0, 0, 0, 0, 0, 0, 0, 0, 0, 0, 0, 0, 0, 0, 0, 0, 0, 0, 0, 0, 0, 0, 0, 0, 0, 0, 0, 0, 0, 0, 0, 0, 0, 0, 0, 0, 0, 0, 0, 0, 0, 0, 0, 0, 0, 0, 0, 0, 0, 0, 0, 0, 0, 0, 0, 0, 0, 0, 0, 0, 0, 0, 0, 0, 0, 0, 0, 0, 0
-0.00040213185, -0.00039536803, -0.0004345104, -0.000530227, -0.0005833871, -0.0006695255, -0.0006996217, -0.00068808143, -0.0006150917, -0.0004957137, -0.00036315416, -0.00030117342, -0.00019507317, -0.00011015991, -7.1497714e-05, 1.0765954e-05, 0.00011963626, 0.00028185072, 0.0003914426, 0.00068099244, 0.0010695852, 0.0012976095, 0.001806083, 0.0023570824, 0.0026379891, 0.0031881516, 0.0036846485, 0.004083366, 0.0042371503, 0.0044542905, 0.004581497, 0.004628411, 0.0047271345, 0.004874182, 0.0051012887, 0.005248195, 0.0055969795, 0.005971475, 0.0061404333, 0.0063776895, 0.0064181364, 0.0063581825, 0.006114573, 0.005799979, 0.0055361465, 0.0054494734, 0.0053758896, 0.0053841188, 0.0053850864, 0.0053058993, 0.0050513335, 0.00460784, 0.004332908, 0.0037442348, 0.0032092063, 0.0029958382, 0.0027051386, 0.0025534797, 0.0024906183, 0.0022961968, 0.0019349823, 0.0014384818, 0.001184774, 0.00078618404, 0.0006536692, 0.0007020194, 0.0009766807, 0.0013420553, 0.0016139087, 0.001674187, 0.0016294467, 0.0015100918, 0.0015047926, 0, 0, 0, 0, 0, 0, 0, 0, 0, 0, 0, 0, 0, 0, 0, 0, 0, 0, 0, 0, 0, 0, 0, 0, 0, 0, 0, 0, 0, 0, 0, 0, 0, 0, 0, 0, 0, 0, 0, 0, 0, 0, 0, 0, 0, 0, 0, 0, 0, 0, 0, 0, 0, 0, 0, 0, 0, 0, 0, 0, 0, 0, 0, 0, 0, 0, 0, 0, 0, 0, 0, 0, 0, 0, 0, 0, 0
-0.0009832552, -0.0009741217, -0.0010543587, -0.0012193478, -0.0013082174, -0.0014633134, -0.0015625728, -0.001585861, -0.001581788, -0.0015245638, -0.001440116, -0.0013962565, -0.001314265, -0.0012398129, -0.0012030196, -0.0011224722, -0.0010252987, -0.00090452965, -0.00083220645, -0.0006574132, -0.00043250385, -0.00029815896, 2.1515447e-05, 0.0004208904, 0.0006553758, 0.0011967958, 0.001816527, 0.0024590264, 0.0027653126, 0.0033011502, 0.0036985623, 0.0038425273, 0.004043734, 0.0041844375, 0.004344111, 0.0044548954, 0.0047680656, 0.0052038985, 0.005451939, 0.0059424425, 0.006316796, 0.0064254776, 0.006452886, 0.00625834, 0.00595652, 0.0058135255, 0.0056250435, 0.0056056213, 0.0056461757, 0.0057474542, 0.0057525714, 0.005553865, 0.00536836, 0.004854506, 0.004241609, 0.0039412025, 0.0034329328, 0.0030962443, 0.0029810502, 0.0027738556, 0.002466204, 0.001981992, 0.001690153, 0.0011095641, 0.00069093343, 0.0005838256, 0.0005842137, 0.00079707947, 0.0011087649, 0.0012844731, 0.0016003054, 0.0017937358, 0.0018951844, 0, 0, 0, 0, 0, 0, 0, 0, 0, 0, 0, 0, 0, 0, 0, 0, 0, 0, 0, 0, 0, 0, 0, 0, 0, 0, 0, 0, 0, 0, 0, 0, 0, 0, 0, 0, 0, 0, 0, 0, 0, 0, 0, 0, 0, 0, 0, 0, 0, 0, 0, 0, 0, 0, 0, 0, 0, 0, 0, 0, 0, 0, 0, 0, 0, 0, 0, 0, 0, 0, 0, 0, 0, 0, 0, 0, 0
-0.0014064314, -0.0013960979, -0.001503728, -0.0017163311, -0.001832871, -0.002055608, -0.0022473992, -0.0023272014, -0.0024486152, -0.002515969, -0.002533216, -0.0025261315, -0.0024845137, -0.0024056002, -0.0023505774, -0.0022081425, -0.0020292508, -0.0018317392, -0.0017327913, -0.0015462522, -0.0013827924, -0.0013093848, -0.0011661085, -0.0009916273, -0.0008739193, -0.0005380677, -3.5255096e-05, 0.0006278653, 0.0010002343, 0.0017624492, 0.0024528715, 0.002741453, 0.003178645, 0.0034463801, 0.0036195954, 0.0037043619, 0.003935662, 0.0043089874, 0.004556538, 0.005147535, 0.0057746074, 0.0060553434, 0.006457412, 0.0065753865, 0.0064313454, 0.006302284, 0.0060477494, 0.0059287874, 0.0059418026, 0.006077483, 0.0062386384, 0.0062637446, 0.006188788, 0.005838536, 0.0052597625, 0.0049195485, 0.0042424607, 0.0036991208, 0.0035029692, 0.0032283568, 0.0029799002, 0.0026007574, 0.0023450947, 0.0017514449, 0.0011886546, 0.0009722314, 0.0007293595, 0.000733747, 0.00094024243, 0.0011565707, 0.001950128, 0, 0, 0, 0, 0, 0, 0, 0, 0, 0, 0, 0, 0, 0, 0, 0, 0, 0, 0, 0, 0, 0, 0, 0, 0, 0, 0, 0, 0, 0, 0, 0, 0, 0, 0, 0, 0, 0, 0, 0, 0, 0, 0, 0, 0, 0, 0, 0, 0, 0, 0, 0, 0, 0, 0, 0, 0, 0, 0, 0, 0, 0, 0, 0, 0, 0, 0, 0, 0, 0, 0, 0, 0, 0, 0, 0, 0, 0, 0
-0.0015089028, -0.0014985325, -0.0016108339, -0.0018353554, -0.0019642387, -0.0022363944, -0.0025225622, -0.0026674564, -0.002947224, -0.003188533, -0.0033652228, -0.0034240515, -0.0034753792, -0.0034331423, -0.0033753463, -0.003189742, -0.0029280127, -0.0026243536, -0.002469798, -0.0021800352, -0.0019433257, -0.0018509368, -0.001718167, -0.001629872, -0.001585101, -0.0014446685, -0.0011685728, -0.00069972046, -0.00039031613, 0.00034544355, 0.0011474579, 0.00153224, 0.002195894, 0.0026678005, 0.0029622775, 0.003067526, 0.00326482, 0.0035380463, 0.0037308333, 0.0042553027, 0.0049414802, 0.0053136647, 0.0060101156, 0.006496169, 0.0066701067, 0.006648224, 0.0064774714, 0.006301795, 0.0062630274, 0.0063183913, 0.0064963168, 0.006652241, 0.0066719484, 0.006519011, 0.0060722665, 0.005751349, 0.00500485, 0.0042887176, 0.0039983774, 0.003589389, 0.0033293504, 0.003046318, 0.0028544194, 0.0023669591, 0.0018335488, 0.0015980916, 0.0012755858, 0.0011928669, 0.0012216589, 0.0011503231, 0, 0, 0, 0, 0, 0, 0, 0, 0, 0, 0, 0, 0, 0, 0, 0, 0, 0, 0, 0, 0, 0, 0, 0, 0, 0, 0, 0, 0, 0, 0, 0, 0, 0, 0, 0, 0, 0, 0, 0, 0, 0, 0, 0, 0, 0, 0, 0, 0, 0, 0, 0, 0, 0, 0, 0, 0, 0, 0, 0, 0, 0, 0, 0, 0, 0, 0, 0, 0, 0, 0, 0, 0, 0, 0, 0, 0, 0, 0, 0
-0.0012208006, -0.0012107322, -0.0012944571, -0.0014745349, -0.0015852546, -0.0018441848, -0.002160312, -0.0023386036, -0.002719729, -0.0030959102, -0.0034201643, -0.003550526, -0.003730995, -0.0037901904, -0.0037715887, -0.0036419763, -0.003405579, -0.003092927, -0.002919172, -0.0025574781, -0.0022060107, -0.0020437057, -0.0017632527, -0.0015531364, -0.0014732485, -0.0013447035, -0.0012078292, -0.0009857655, -0.00081919413, -0.00034861526, 0.00029176843, 0.00065184967, 0.0013749226, 0.0020017487, 0.0024615326, 0.002628648, 0.0028752259, 0.0030848652, 0.0032079844, 0.0035530778, 0.004084219, 0.0044203885, 0.005174505, 0.0058924975, 0.006395718, 0.0065334532, 0.0065987804, 0.0064976024, 0.0064405706, 0.006405052, 0.006512045, 0.0066994983, 0.00677983, 0.006813611, 0.0065744454, 0.006335341, 0.00566224, 0.0048799925, 0.004517618, 0.0039468072, 0.0035820215, 0.003298387, 0.0031421941, 0.0027732928, 0.0023918592, 0.002230596, 0.0020241153, 0.0020556997, 0.0022874211, 0, 0, 0, 0, 0, 0, 0, 0, 0, 0, 0, 0, 0, 0, 0, 0, 0, 0, 0, 0, 0, 0, 0, 0, 0, 0, 0, 0, 0, 0, 0, 0, 0, 0, 0, 0, 0, 0, 0, 0, 0, 0, 0, 0, 0, 0, 0, 0, 0, 0, 0, 0, 0, 0, 0, 0, 0, 0, 0, 0, 0, 0, 0, 0, 0, 0, 0, 0, 0, 0, 0, 0, 0, 0, 0, 0, 0, 0, 0, 0, 0
-0.00060810044, -0.0005986862, -0.00062206865, -0.0006992781, -0.00075632305, -0.00091744633, -0.0011553036, -0.0013033062, -0.0016446895, -0.002010874, -0.0023573432, -0.0025109993, -0.002763076, -0.002927542, -0.0029746417, -0.0029999537, -0.002938648, -0.0027943435, -0.0026905965, -0.0024173998, -0.002060151, -0.0018557912, -0.0014203237, -0.0009951077, -0.0008047793, -0.00050017546, -0.00031309147, -0.00021438512, -0.00017328231, -3.6362915e-05, 0.00025543492, 0.00047410367, 0.0010329054, 0.0016630314, 0.0022401244, 0.0024795728, 0.0028386672, 0.0030573849, 0.0031327994, 0.0032785072, 0.0035183283, 0.0037072008, 0.0042451746, 0.0049325083, 0.0056034974, 0.0058746547, 0.0062206285, 0.0063137296, 0.006299317, 0.0062484657, 0.006278787, 0.00643283, 0.006537139, 0.0067137005, 0.0067106173, 0.006600174, 0.0061414023, 0.0054508494, 0.0050789705, 0.004408769, 0.0039173258, 0.0035627484, 0.0034031929, 0.0031020234, 0.0029278642, 0.0029331814, 0.0029851296, 0.0031033915, 0, 0, 0, 0, 0, 0, 0, 0, 0, 0, 0, 0, 0, 0, 0, 0, 0, 0, 0, 0, 0, 0, 0, 0, 0, 0, 0, 0, 0, 0, 0, 0, 0, 0, 0, 0, 0, 0, 0, 0, 0, 0, 0, 0, 0, 0, 0, 0, 0, 0, 0, 0, 0, 0, 0, 0, 0, 0, 0, 0, 0, 0, 0, 0, 0, 0, 0, 0, 0, 0, 0, 0, 0, 0, 0, 0, 0, 0, 0, 0, 0, 0
0.00015987987, 0.00016591678, 0.00021599977, 0.00027465468, 0.00029177693, 0.00027956293, 0.00019340226, 0.0001237361, -5.416524e-05, -0.00025581563, -0.00045259125, -0.00054365245, -0.0007087412, -0.00085723074, -0.0009295046, -0.001078765, -0.0012352751, -0.00137502, -0.0014221596, -0.0014296378, -0.0012758443, -0.0011298924, -0.000711557, -0.00017666473, 0.00010563736, 0.0006289019, 0.0010059187, 0.0011722745, 0.0011799833, 0.0011081346, 0.0010559025, 0.0010883205, 0.0013272724, 0.0017873939, 0.002362325, 0.002647247, 0.0031309181, 0.0034330431, 0.0035075087, 0.0035297165, 0.003481486, 0.0034823946, 0.0036323054, 0.0040341984, 0.0046227695, 0.004932195, 0.0054601547, 0.0057674004, 0.005833489, 0.0058500334, 0.005837728, 0.005920873, 0.0060102227, 0.0062435567, 0.006428143, 0.006450346, 0.0062811845, 0.0058268877, 0.0055281464, 0.004914501, 0.0044198916, 0.0040910905, 0.0039662607, 0.0037575476, 0.0036987227, 0.0039071348, 0.0045740074, 0, 0, 0, 0, 0, 0, 0, 0, 0, 0, 0, 0, 0, 0, 0, 0, 0, 0, 0, 0, 0, 0, 0, 0, 0, 0, 0, 0, 0, 0, 0, 0, 0, 0, 0, 0, 0, 0, 0, 0, 0, 0, 0, 0, 0, 0, 0, 0, 0, 0, 0, 0, 0, 0, 0, 0, 0, 0, 0, 0, 0, 0, 0, 0, 0, 0, 0, 0, 0, 0, 0, 0, 0, 0, 0, 0, 0, 0, 0, 0, 0, 0, 0
0.00096071075, 0.000959034, 0.0010811866, 0.0012813233, 0.0013750619, 0.0015129208, 0.0015735236, 0.0015799113, 0.0015678832, 0.0015527388, 0.0015586569, 0.001570973, 0.0016058568, 0.0016262439, 0.0016168691, 0.0015280615, 0.0013197128, 0.0010052361, 0.0008298119, 0.00051115814, 0.00033249514, 0.00032387272, 0.0004939272, 0.000899067, 0.001168876, 0.0017687797, 0.0023192978, 0.002669605, 0.002739589, 0.0026765952, 0.0024523316, 0.0023414344, 0.002246626, 0.0024149008, 0.0028349464, 0.0031017757, 0.0036403101, 0.0040470073, 0.004162012, 0.004185168, 0.0039788987, 0.0038361188, 0.0036043755, 0.003601511, 0.0038982278, 0.004133963, 0.0046606823, 0.005091932, 0.0052289274, 0.005335704, 0.005302079, 0.0052786665, 0.005309587, 0.00547625, 0.0057175453, 0.0058213435, 0.005898957, 0.0057366313, 0.005574835, 0.005196877, 0.0049500116, 0.0049902573, 0.005092474, 0.00534681, 0.0051107896, 0, 0, 0, 0, 0, 0, 0, 0, 0, 0, 0, 0, 0, 0, 0, 0, 0, 0, 0, 0, 0, 0, 0, 0, 0, 0, 0, 0, 0, 0, 0, 0, 0, 0, 0, 0, 0, 0, 0, 0, 0, 0, 0, 0, 0, 0, 0, 0, 0, 0, 0, 0, 0, 0, 0, 0, 0, 0, 0, 0, 0, 0, 0, 0, 0, 0, 0, 0, 0, 0, 0, 0, 0, 0, 0, 0, 0, 0, 0, 0, 0, 0, 0, 0, 0
0.0018229741, 0.0018146337, 0.0020171944, 0.0023697175, 0.0025442184, 0.0028294006, 0.0030090262, 0.0030641842, 0.0031318972, 0.003183954, 0.003259304, 0.0033127554, 0.0034542673, 0.0036257205, 0.0037082061, 0.0038216184, 0.0038017035, 0.0036030996, 0.0034417352, 0.0030457869, 0.0026546656, 0.0024994824, 0.002334029, 0.0024105438, 0.002544608, 0.0029748988, 0.0035204259, 0.0040095393, 0.0041778027, 0.0042956416, 0.0041332413, 0.0039859354, 0.003687955, 0.0035509863, 0.0036837899, 0.0038456435, 0.004280256, 0.004707717, 0.004860458, 0.004961226, 0.00475843, 0.004564272, 0.004105936, 0.0037495808, 0.0036790422, 0.0037657379, 0.004115184, 0.004526074, 0.0046883537, 0.004847794, 0.004791797, 0.004642094, 0.0045840065, 0.0045754267, 0.004715972, 0.004817439, 0.0049978173, 0.0050613573, 0.0050453404, 0.005011628, 0.00526631, 0.0061915168, 0.00680216, 0.00810957, 0, 0, 0, 0, 0, 0, 0, 0, 0, 0, 0, 0, 0, 0, 0, 0, 0, 0, 0, 0, 0, 0, 0, 0, 0, 0, 0, 0, 0, 0, 0, 0, 0, 0, 0, 0, 0, 0, 0, 0, 0, 0, 0, 0, 0, 0, 0, 0, 0, 0, 0, 0, 0, 0, 0, 0, 0, 0, 0, 0, 0, 0, 0, 0, 0, 0, 0, 0, 0, 0, 0, 0, 0, 0, 0, 0, 0, 0, 0, 0, 0, 0, 0, 0, 0, 0
0.00275905, 0.0027534307, 0.0030622017, 0.003595931, 0.0038674828, 0.0043360796, 0.004661498, 0.0047682067, 0.004886509, 0.004915837, 0.0049048155, 0.0048999875, 0.0049236617, 0.0050234264, 0.0051059774, 0.005314296, 0.0055137686, 0.0056085745, 0.0055941707, 0.005432632, 0.0051307706, 0.0049522556, 0.004603965, 0.0043568066, 0.0043026027, 0.0043745926, 0.004679583, 0.005122339, 0.0053432733, 0.0056724558, 0.0057497853, 0.005686375, 0.0054143225, 0.00509727, 0.004916058, 0.0049102954, 0.005064061, 0.005342215, 0.0054748068, 0.0056187734, 0.0055026514, 0.005336575, 0.0048417104, 0.0042895167, 0.0039023499, 0.0038200344, 0.0038833758, 0.004134257, 0.004263712, 0.0044069635, 0.004326284, 0.004078959, 0.0039424887, 0.0037461515, 0.003715801, 0.0037562675, 0.0038927053, 0.004049408, 0.004141573, 0.004465701, 0.005334492, 0.00759608, 0.009057139, 0, 0, 0, 0, 0, 0, 0, 0, 0, 0, 0, 0, 0, 0, 0, 0, 0, 0, 0, 0, 0, 0, 0, 0, 0, 0, 0, 0, 0, 0, 0, 0, 0, 0, 0, 0, 0, 0, 0, 0, 0, 0, 0, 0, 0, 0, 0, 0, 0, 0, 0, 0, 0, 0, 0, 0, 0, 0, 0, 0, 0, 0, 0, 0, 0, 0, 0, 0, 0, 0, 0, 0, 0, 0, 0, 0, 0, 0, 0, 0, 0, 0, 0, 0, 0, 0, 0
0.003539551, 0.003547153, 0.003976095, 0.0047020335, 0.005081927, 0.0057755555, 0.0063165254, 0.006518244, 0.0067798495, 0.006865336, 0.006802525, 0.0067300024, 0.0065448936, 0.0063814856, 0.0063358033, 0.006353661, 0.0065140096, 0.0067485175, 0.006859854, 0.0070057493, 0.006991103, 0.0069156834, 0.006643993, 0.0062769507, 0.0060939286, 0.0058171847, 0.005755981, 0.0059533897, 0.0061308932, 0.006549999, 0.00689597, 0.006988366, 0.0069622966, 0.00669381, 0.0063320855, 0.0061734007, 0.0059822695, 0.005974043, 0.006015002, 0.006095305, 0.006048467, 0.0059403037, 0.0055367425, 0.0049517327, 0.0043645753, 0.0041339314, 0.0038736414, 0.0038566783, 0.0038940888, 0.0039358763, 0.0038167196, 0.0035296464, 0.00336199, 0.003085601, 0.0029811512, 0.0029932593, 0.003083595, 0.0032434345, 0.0033978121, 0.004048716, 0.0055443062, 0, 0, 0, 0, 0, 0, 0, 0, 0, 0, 0, 0, 0, 0, 0, 0, 0, 0, 0, 0, 0, 0, 0, 0, 0, 0, 0, 0, 0, 0, 0, 0, 0, 0, 0, 0, 0, 0, 0, 0, 0, 0, 0, 0, 0, 0, 0, 0, 0, 0, 0, 0, 0, 0, 0, 0, 0, 0, 0, 0, 0, 0, 0, 0, 0, 0, 0, 0, 0, 0, 0, 0, 0, 0, 0, 0, 0, 0, 0, 0, 0, 0, 0, 0, 0, 0, 0, 0, 0
0.0037873115, 0.0038140982, 0.004336999, 0.005204769, 0.005670888, 0.0065662037, 0.007344845, 0.007674402, 0.0081943935, 0.008513376, 0.008616615, 0.00858585, 0.008373922, 0.008020292, 0.007824946, 0.0074811843, 0.007292895, 0.007303775, 0.0073726843, 0.007572536, 0.0077480865, 0.007789687, 0.0077303043, 0.0074686725, 0.0072775194, 0.006848408, 0.0064940928, 0.00636897, 0.0064202636, 0.00673489, 0.0072096046, 0.007438622, 0.0077436822, 0.0077399616, 0.0074484884, 0.0072426656, 0.006836153, 0.006558337, 0.006483822, 0.006428023, 0.0063926047, 0.006337116, 0.006073994, 0.00557295, 0.0049139257, 0.0045812824, 0.004026092, 0.0036880414, 0.003588426, 0.0034364152, 0.0032275082, 0.0029178776, 0.0027533302, 0.0025209421, 0.0025550022, 0.002681735, 0.0029943422, 0.0032061487, 0.00335937, 0.0042092777, 0, 0, 0, 0, 0, 0, 0, 0, 0, 0, 0, 0, 0, 0, 0, 0, 0, 0, 0, 0, 0, 0, 0, 0, 0, 0, 0, 0, 0, 0, 0, 0, 0, 0, 0, 0, 0, 0, 0, 0, 0, 0, 0, 0, 0, 0, 0, 0, 0, 0, 0, 0, 0, 0, 0, 0, 0, 0, 0, 0, 0, 0, 0, 0, 0, 0, 0, 0, 0, 0, 0, 0, 0, 0, 0, 0, 0, 0, 0, 0, 0, 0, 0, 0, 0, 0, 0, 0, 0, 0
0.0032878888, 0.0033345888, 0.003887366, 0.00478693, 0.005279112, 0.0062623927, 0.007190137, 0.0076207253, 0.0083985, 0.00903918, 0.009497587, 0.009638817, 0.009709153, 0.009479391, 0.009264082, 0.008703422, 0.008109822, 0.007648572, 0.0075018704, 0.007386269, 0.007442868, 0.0074957856, 0.0075628767, 0.0074846777, 0.007372954, 0.0070167664, 0.0065704305, 0.006203308, 0.006106673, 0.006162877, 0.0065412484, 0.006808056, 0.007345572, 0.00768641, 0.0076969285, 0.0075867577, 0.0072351024, 0.00687273, 0.0067344937, 0.0065748114, 0.0065290853, 0.0065136375, 0.006398827, 0.0060562957, 0.0054521845, 0.005084124, 0.0043387148, 0.0037178623, 0.0034740872, 0.0030800775, 0.002717031, 0.0023337496, 0.0021576849, 0.0019697933, 0.0022651805, 0.0026893732, 0.0038405638, 0.0043356596, 0.00427947, 0, 0, 0, 0, 0, 0, 0, 0, 0, 0, 0, 0, 0, 0, 0, 0, 0, 0, 0, 0, 0, 0, 0, 0, 0, 0, 0, 0, 0, 0, 0, 0, 0, 0, 0, 0, 0, 0, 0, 0, 0, 0, 0, 0, 0, 0, 0, 0, 0, 0, 0, 0, 0, 0, 0, 0, 0, 0, 0, 0, 0, 0, 0, 0, 0, 0, 0, 0, 0, 0, 0, 0, 0, 0, 0, 0, 0, 0, 0, 0, 0, 0, 0, 0, 0, 0, 0, 0, 0, 0, 0
0.002107911, 0.0021739625, 0.0026850675, 0.003488796, 0.0039351387, 0.0048540016, 0.005774013, 0.0062293243, 0.0071269087, 0.007995671, 0.008794034, 0.009142427, 0.0096691875, 0.009873068, 0.009827658, 0.009436537, 0.008727826, 0.007891955, 0.0074970983, 0.006868615, 0.0065187113, 0.006440465, 0.006403988, 0.006402921, 0.006371576, 0.006189169, 0.005831531, 0.0053827073, 0.0051787077, 0.00493972, 0.005041639, 0.005227162, 0.005778699, 0.0063673416, 0.006757219, 0.0068383017, 0.0067915334, 0.0065884767, 0.006482202, 0.006339413, 0.0063232565, 0.006348583, 0.0063840067, 0.0062492006, 0.0058193547, 0.005496407, 0.004731535, 0.00397547, 0.0036426666, 0.0030729694, 0.0025652603, 0.002069241, 0.0018437577, 0.0015691601, 0.0019209819, 0.0026207624, 0.005491666, 0.0070778914, 0, 0, 0, 0, 0, 0, 0, 0, 0, 0, 0, 0, 0, 0, 0, 0, 0, 0, 0, 0, 0, 0, 0, 0, 0, 0, 0, 0, 0, 0, 0, 0, 0, 0, 0, 0, 0, 0, 0, 0, 0, 0, 0, 0, 0, 0, 0, 0, 0, 0, 0, 0, 0, 0, 0, 0, 0, 0, 0, 0, 0, 0, 0, 0, 0, 0, 0, 0, 0, 0, 0, 0, 0, 0, 0, 0, 0, 0, 0, 0, 0, 0, 0, 0, 0, 0, 0, 0, 0, 0, 0, 0
0.00047416997, 0.0005573034, 0.0009671016, 0.0015786904, 0.0019275739, 0.0026771775, 0.003473958, 0.0038868801, 0.0047448725, 0.0056512477, 0.0065969797, 0.0070719775, 0.00797094, 0.008684397, 0.008919049, 0.009048909, 0.008672702, 0.007866705, 0.0073695676, 0.006362457, 0.0055404264, 0.005244045, 0.0048846635, 0.0047521316, 0.0047247307, 0.0046459637, 0.0044290596, 0.0040302053, 0.0037867208, 0.0033309096, 0.0031041296, 0.0031305975, 0.003477078, 0.0040974156, 0.004751138, 0.005018339, 0.0053616813, 0.005474239, 0.005480588, 0.005484867, 0.0055657323, 0.0056453384, 0.0058392407, 0.005940011, 0.005774, 0.005567372, 0.0049667647, 0.0042860606, 0.003975152, 0.0034452649, 0.0029635448, 0.002447754, 0.0021874283, 0.00172453, 0.0015321107, 0.0016636148, 0, 0, 0, 0, 0, 0, 0, 0, 0, 0, 0, 0, 0, 0, 0, 0, 0, 0, 0, 0, 0, 0, 0, 0, 0, 0, 0, 0, 0, 0, 0, 0, 0, 0, 0, 0, 0, 0, 0, 0, 0, 0, 0, 0, 0, 0, 0, 0, 0, 0, 0, 0, 0, 0, 0, 0, 0, 0, 0, 0, 0, 0, 0, 0, 0, 0, 0, 0, 0, 0, 0, 0, 0, 0, 0, 0, 0, 0, 0, 0, 0, 0, 0, 0, 0, 0, 0, 0, 0, 0, 0, 0, 0, 0
-0.0013746438, -0.0012848722, -0.0010356421, -0.00068082206, -0.0004505812, 0.00011162521, 0.0007829335, 0.0011480212, 0.001922906, 0.0027558124, 0.0036641706, 0.0041529457, 0.005192772, 0.006247704, 0.0067311837, 0.007471327, 0.0077305003, 0.0074007483, 0.007033783, 0.0060368204, 0.0049457923, 0.00445499, 0.0036900926, 0.0032391157, 0.0031091438, 0.0029497396, 0.0027804428, 0.002459994, 0.0022281904, 0.0016774358, 0.0011891997, 0.001044276, 0.0010595593, 0.0014874801, 0.0021708403, 0.0025315164, 0.0031588392, 0.003582416, 0.0037238703, 0.0039371657, 0.004160521, 0.0043034996, 0.0046525877, 0.0049845516, 0.0051177377, 0.005067741, 0.0047535193, 0.0043302896, 0.004162494, 0.004011173, 0.00395615, 0.0036949567, 0.0034883032, 0.0028392458, 0, 0, 0, 0, 0, 0, 0, 0, 0, 0, 0, 0, 0, 0, 0, 0, 0, 0, 0, 0, 0, 0, 0, 0, 0, 0, 0, 0, 0, 0, 0, 0, 0, 0, 0, 0, 0, 0, 0, 0, 0, 0, 0, 0, 0, 0, 0, 0, 0, 0, 0, 0, 0, 0, 0, 0, 0, 0, 0, 0, 0, 0, 0, 0, 0, 0, 0, 0, 0, 0, 0, 0, 0, 0, 0, 0, 0, 0, 0, 0, 0, 0, 0, 0, 0, 0, 0, 0, 0, 0, 0, 0, 0, 0, 0, 0
-0.003170664, -0.00310665, -0.003117911, -0.0031084202, -0.0030236521, -0.0026505608, -0.0020408214, -0.0016744075, -0.000876505, -4.0736373e-05, 0.0008316633, 0.00129637, 0.0023239471, 0.0034924266, 0.0041081957, 0.005290045, 0.006190465, 0.006563052, 0.0065074014, 0.005936589, 0.0049359812, 0.0043710074, 0.0032974258, 0.0024543689, 0.00214037, 0.0016968499, 0.00138976, 0.001055471, 0.0008352783, 0.000270423, -0.00036487397, -0.00064122205, -0.00096386694, -0.00086351065, -0.00037208074, -3.6670594e-05, 0.00066676695, 0.0012689804, 0.0015096362, 0.0018988336, 0.002252039, 0.002449996, 0.0029203836, 0.0034405773, 0.0038517856, 0.0039630923, 0.003977691, 0.0038884778, 0.003932804, 0.0045069237, 0.0055987607, 0.005970478, 0.005814796, 0, 0, 0, 0, 0, 0, 0, 0, 0, 0, 0, 0, 0, 0, 0, 0, 0, 0, 0, 0, 0, 0, 0, 0, 0, 0, 0, 0, 0, 0, 0, 0, 0, 0, 0, 0, 0, 0, 0, 0, 0, 0, 0, 0, 0, 0, 0, 0, 0, 0, 0, 0, 0, 0, 0, 0, 0, 0, 0, 0, 0, 0, 0, 0, 0, 0, 0, 0, 0, 0, 0, 0, 0, 0, 0, 0, 0, 0, 0, 0, 0, 0, 0, 0, 0, 0, 0, 0, 0, 0, 0, 0, 0, 0, 0, 0, 0
-0.004422364, -0.004442713, -0.0048724758, -0.0053841714, -0.0055314237, -0.0054888506, -0.0049967524, -0.0046147318, -0.003679525, -0.0026446688, -0.0015978646, -0.0010722323, 2.2207018e-05, 0.0012348508, 0.0018962984, 0.0032896295, 0.0046277274, 0.005648477, 0.00595425, 0.0060488135, 0.0054724044, 0.004993178, 0.0038442547, 0.0026877997, 0.0021720848, 0.0013193443, 0.0006856947, 0.00016647748, -9.578414e-05, -0.00069680857, -0.0014025061, -0.0017579142, -0.0023396232, -0.0025800122, -0.0023981608, -0.0021751416, -0.0015858517, -0.0009726747, -0.0006975062, -0.00022601896, 0.00019543293, 0.00041875098, 0.00094498385, 0.0015786906, 0.0022088985, 0.002468689, 0.002826966, 0.0030876133, 0.0033243184, 0.004627264, 0.007895538, 0.00957981, 0, 0, 0, 0, 0, 0, 0, 0, 0, 0, 0, 0, 0, 0, 0, 0, 0, 0, 0, 0, 0, 0, 0, 0, 0, 0, 0, 0, 0, 0, 0, 0, 0, 0, 0, 0, 0, 0, 0, 0, 0, 0, 0, 0, 0, 0, 0, 0, 0, 0, 0, 0, 0, 0, 0, 0, 0, 0, 0, 0, 0, 0, 0, 0, 0, 0, 0, 0, 0, 0, 0, 0, 0, 0, 0, 0, 0, 0, 0, 0, 0, 0, 0, 0, 0, 0, 0, 0, 0, 0, 0, 0, 0, 0, 0, 0, 0, 0
-0.0043176753, -0.0044838, -0.005456004, -0.006680686, -0.00720209, -0.007845836, -0.007834458, -0.0075831357, -0.0066767605, -0.005409832, -0.003991872, -0.0032719711, -0.0018447589, -0.00041289063, 0.00032454074, 0.001867919, 0.0034667633, 0.0049522333, 0.005564734, 0.0063428716, 0.006378503, 0.006119977, 0.005181986, 0.003935519, 0.0032852655, 0.0020572445, 0.0010084356, 0.00014549652, -0.0002403692, -0.0009948479, -0.0017947686, -0.0022086275, -0.0029790709, -0.003509411, -0.0036561994, -0.0035827674, -0.0032226215, -0.0027305908, -0.00248431, -0.0020335473, -0.0016266842, -0.0014171362, -0.0009224135, -0.0002736756, 0.0004981383, 0.0008916174, 0.0016423599, 0.0023743343, 0.0027413059, 0.0038011868, 0, 0, 0, 0, 0, 0, 0, 0, 0, 0, 0, 0, 0, 0, 0, 0, 0, 0, 0, 0, 0, 0, 0, 0, 0, 0, 0, 0, 0, 0, 0, 0, 0, 0, 0, 0, 0, 0, 0, 0, 0, 0, 0, 0, 0, 0, 0, 0, 0, 0, 0, 0, 0, 0, 0, 0, 0, 0, 0, 0, 0, 0, 0, 0, 0, 0, 0, 0, 0, 0, 0, 0, 0, 0, 0, 0, 0, 0, 0, 0, 0, 0, 0, 0, 0, 0, 0, 0, 0, 0, 0, 0, 0, 0, 0, 0, 0, 0, 0, 0
-0.0020545942, -0.0023795576, -0.0037884212, -0.005664074, -0.0066175438, -0.008286012, -0.009330772, -0.009539707, -0.009292049, -0.008261615, -0.006694437, -0.0057970183, -0.003916583, -0.0020279202, -0.0010937022, 0.0007752157, 0.0026687472, 0.004529141, 0.005385896, 0.0067649893, 0.0074652075, 0.0075141313, 0.007049022, 0.006018464, 0.0053755213, 0.003986718, 0.0026111053, 0.0013620348, 0.0007956043, -0.0002544928, -0.0012656027, -0.0017723906, -0.002751953, -0.003558198, -0.0040323455, -0.0041227755, -0.004052362, -0.0037725829, -0.0036048319, -0.0032762163, -0.0029824735, -0.0028377129, -0.0024967093, -0.0019805974, -0.0011540866, -0.0006222355, 0.0005366294, 0.0021928449, 0.0025309087, 0, 0, 0, 0, 0, 0, 0, 0, 0, 0, 0, 0, 0, 0, 0, 0, 0, 0, 0, 0, 0, 0, 0, 0, 0, 0, 0, 0, 0, 0, 0, 0, 0, 0, 0, 0, 0, 0, 0, 0, 0, 0, 0, 0, 0, 0, 0, 0, 0, 0, 0, 0, 0, 0, 0, 0, 0, 0, 0, 0, 0, 0, 0, 0, 0, 0, 0, 0, 0, 0, 0, 0, 0, 0, 0, 0, 0, 0, 0, 0, 0, 0, 0, 0, 0, 0, 0, 0, 0, 0, 0, 0, 0, 0, 0, 0, 0, 0, 0, 0, 0
0.0024883817, 0.0020630686, 0.0006469798, -0.001343456, -0.0025323262, -0.005110584, -0.007529133, -0.008506128, -0.009736759, -0.0098703755, -0.008994859, -0.008256502, -0.0063664545, -0.0041509573, -0.0029859797, -0.00061809405, 0.0017555124, 0.004085204, 0.005194536, 0.0071544326, 0.0085337935, 0.008936389, 0.009130048, 0.008600491, 0.008125249, 0.006889214, 0.005432716, 0.0039253403, 0.0031916092, 0.0017918192, 0.00045755805, -0.00019813077, -0.0014737335, -0.0026036287, -0.003434864, -0.0037071134, -0.0039765397, -0.003988776, -0.0039516143, -0.0038733825, -0.003845537, -0.0038527083, -0.0038474982, -0.003748251, -0.0029909175, -0.0020845502, -0.0012881358, 0, 0, 0, 0, 0, 0, 0, 0, 0, 0, 0, 0, 0, 0, 0, 0, 0, 0, 0, 0, 0, 0, 0, 0, 0, 0, 0, 0, 0, 0, 0, 0, 0, 0, 0, 0, 0, 0, 0, 0, 0, 0, 0, 0, 0, 0, 0, 0, 0, 0, 0, 0, 0, 0, 0, 0, 0, 0, 0, 0, 0, 0, 0, 0, 0, 0, 0, 0, 0, 0, 0, 0, 0, 0, 0, 0, 0, 0, 0, 0, 0, 0, 0, 0, 0, 0, 0, 0, 0, 0, 0, 0, 0, 0, 0, 0, 0, 0, 0, 0, 0, 0, 0
0.008385193, 0.0079546645, 0.007079851, 0.005788451, 0.00478316, 0.00199516, -0.0014502406, -0.0031938546, -0.0062571396, -0.008318558, -0.009153079, -0.009115334, -0.008229663, -0.0064524272, -0.005311904, -0.0026974615, 0.00016045039, 0.0030707247, 0.0044896016, 0.007115604, 0.0092321355, 0.010020935, 0.010975008, 0.011117134, 0.010923041, 0.010107372, 0.008859938, 0.0073433523, 0.0065344367, 0.0048882435, 0.0032481991, 0.002434488, 0.0008382282, -0.0006272879, -0.0018216276, -0.002284988, -0.002936652, -0.0033150616, -0.0034714455, -0.0038430905, -0.00435005, -0.004691392, -0.005179395, -0.0058403914, -0.006216472, 0, 0, 0, 0, 0, 0, 0, 0, 0, 0, 0, 0, 0, 0, 0, 0, 0, 0, 0, 0, 0, 0, 0, 0, 0, 0, 0, 0, 0, 0, 0, 0, 0, 0, 0, 0, 0, 0, 0, 0, 0, 0, 0, 0, 0, 0, 0, 0, 0, 0, 0, 0, 0, 0, 0, 0, 0, 0, 0, 0, 0, 0, 0, 0, 0, 0, 0, 0, 0, 0, 0, 0, 0, 0, 0, 0, 0, 0, 0, 0, 0, 0, 0, 0, 0, 0, 0, 0, 0, 0, 0, 0, 0, 0, 0, 0, 0, 0, 0, 0, 0, 0, 0, 0, 0
0.014022681, 0.013654409, 0.013653916, 0.013667321, 0.013238291, 0.011129684, 0.0075262547, 0.0053778077, 0.00095451134, -0.0029866626, -0.005936206, -0.0069579985, -0.008021151, -0.0077575156, -0.0071510524, -0.0051276977, -0.0022948545, 0.0009924801, 0.0027009356, 0.0060362187, 0.00896872, 0.010180724, 0.011959926, 0.012842572, 0.012975488, 0.012723155, 0.011905515, 0.010654307, 0.009906527, 0.008251918, 0.006487032, 0.005590353, 0.0038133755, 0.0021453376, 0.00069646793, 7.12503e-05, -0.00096920034, -0.0017510456, -0.0021593168, -0.003306363, -0.0046224864, -0.0056797555, -0.0072366316, 0, 0, 0, 0, 0, 0, 0, 0, 0, 0, 0, 0, 0, 0, 0, 0, 0, 0, 0, 0, 0, 0, 0, 0, 0, 0, 0, 0, 0, 0, 0, 0, 0, 0, 0, 0, 0, 0, 0, 0, 0, 0, 0, 0, 0, 0, 0, 0, 0, 0, 0, 0, 0, 0, 0, 0, 0, 0, 0, 0, 0, 0, 0, 0, 0, 0, 0, 0, 0, 0, 0, 0, 0, 0, 0, 0, 0, 0, 0, 0, 0, 0, 0, 0, 0, 0, 0, 0, 0, 0, 0, 0, 0, 0, 0, 0, 0, 0, 0, 0, 0, 0, 0, 0, 0, 0, 0
0.017760238, 0.017473469, 0.018340468, 0.019789375, 0.020116504, 0.01931042, 0.016459059, 0.014420642, 0.009655523, 0.0046832864, 0.00013190262, -0.0018576904, -0.005062994, -0.006977733, -0.007369655, -0.0069695166, -0.005115461, -0.0021459893, -0.00038026486, 0.0034081193, 0.007104471, 0.0087590255, 0.011437076, 0.013131551, 0.013620431, 0.013997105, 0.013741771, 0.012995471, 0.012460251, 0.011107034, 0.009513392, 0.008684356, 0.0070205545, 0.0054282113, 0.003980281, 0.0032569126, 0.0017144929, 0.0005781019, -4.473169e-05, -0.002584231, -0.004394416, 0, 0, 0, 0, 0, 0, 0, 0, 0, 0, 0, 0, 0, 0, 0, 0, 0, 0, 0, 0, 0, 0, 0, 0, 0, 0, 0, 0, 0, 0, 0, 0, 0, 0, 0, 0, 0, 0, 0, 0, 0, 0, 0, 0, 0, 0, 0, 0, 0, 0, 0, 0, 0, 0, 0, 0, 0, 0, 0, 0, 0, 0, 0, 0, 0, 0, 0, 0, 0, 0, 0, 0, 0, 0, 0, 0, 0, 0, 0, 0, 0, 0, 0, 0, 0, 0, 0, 0, 0, 0, 0, 0, 0, 0, 0, 0, 0, 0, 0, 0, 0, 0, 0, 0, 0, 0, 0, 0, 0
0.018440502, 0.018234605, 0.019744584, 0.022398911, 0.023464067, 0.024214389, 0.022767035, 0.02128944, 0.017248461, 0.012386894, 0.0072859637, 0.0047695795, 3.2660657e-05, -0.0039208, -0.00543655, -0.007252121, -0.0072680977, -0.0055735963, -0.0041886857, -0.0006498351, 0.0034060385, 0.005418186, 0.009010477, 0.011661106, 0.012579704, 0.013689243, 0.01408863, 0.014065606, 0.013920127, 0.013275134, 0.012223383, 0.011669219, 0.010559444, 0.009333382, 0.008289997, 0.007623862, 0.0045240684, 0.0031835749, 0.002828798, 0, 0, 0, 0, 0, 0, 0, 0, 0, 0, 0, 0, 0, 0, 0, 0, 0, 0, 0, 0, 0, 0, 0, 0, 0, 0, 0, 0, 0, 0, 0, 0, 0, 0, 0, 0, 0, 0, 0, 0, 0, 0, 0, 0, 0, 0, 0, 0, 0, 0, 0, 0, 0, 0, 0, 0, 0, 0, 0, 0, 0, 0, 0, 0, 0, 0, 0, 0, 0, 0, 0, 0, 0, 0, 0, 0, 0, 0, 0, 0, 0, 0, 0, 0, 0, 0, 0, 0, 0, 0, 0, 0, 0, 0, 0, 0, 0, 0, 0, 0, 0, 0, 0, 0, 0, 0, 0, 0, 0, 0, 0
0.015846357, 0.015727531, 0.017621277, 0.021134855, 0.022829859, 0.025151543, 0.025466397, 0.024848938, 0.022322677, 0.018534152, 0.013915328, 0.011382423, 0.0060457094, 0.000750978, -0.0016684434, -0.0055820234, -0.007789432, -0.008059141, -0.0074932575, -0.005142258, -0.0015396056, 0.0005452638, 0.0048067365, 0.008546207, 0.010032984, 0.01212387, 0.013295989, 0.014190433, 0.014688243, 0.0154719595, 0.01541653, 0.015333763, 0.01553052, 0.014673513, 0.013893073, 0.014406938, 0, 0, 0, 0, 0, 0, 0, 0, 0, 0, 0, 0, 0, 0, 0, 0, 0, 0, 0, 0, 0, 0, 0, 0, 0, 0, 0, 0, 0, 0, 0, 0, 0, 0, 0, 0, 0, 0, 0, 0, 0, 0, 0, 0, 0, 0, 0, 0, 0, 0, 0, 0, 0, 0, 0, 0, 0, 0, 0, 0, 0, 0, 0, 0, 0, 0, 0, 0, 0, 0, 0, 0, 0, 0, 0, 0, 0, 0, 0, 0, 0, 0, 0, 0, 0, 0, 0, 0, 0, 0, 0, 0, 0, 0, 0, 0, 0, 0, 0, 0, 0, 0, 0, 0, 0, 0, 0, 0, 0, 0, 0, 0, 0, 0
0.011117227, 0.011110823, 0.013225603, 0.017304549, 0.019510003, 0.023295475, 0.025473163, 0.025841668, 0.025213748, 0.023026548, 0.019520693, 0.017310979, 0.012081821, 0.0061387536, 0.0031297763, -0.0023792002, -0.0065286667, -0.008851833, -0.0092926165, -0.008769326, -0.006475311, -0.004733826, -0.00038473032, 0.0043812217, 0.0065892506, 0.010115131, 0.012328653, 0.014177652, 0.015556621, 0.019217635, 0.020926131, 0.020999145, 0.023024952, 0.025240745, 0, 0, 0, 0, 0, 0, 0, 0, 0, 0, 0, 0, 0, 0, 0, 0, 0, 0, 0, 0, 0, 0, 0, 0, 0, 0, 0, 0, 0, 0, 0, 0, 0, 0, 0, 0, 0, 0, 0, 0, 0, 0, 0, 0, 0, 0, 0, 0, 0, 0, 0, 0, 0, 0, 0, 0, 0, 0, 0, 0, 0, 0, 0, 0, 0, 0, 0, 0, 0, 0, 0, 0, 0, 0, 0, 0, 0, 0, 0, 0, 0, 0, 0, 0, 0, 0, 0, 0, 0, 0, 0, 0, 0, 0, 0, 0, 0, 0, 0, 0, 0, 0, 0, 0, 0, 0, 0, 0, 0, 0, 0, 0, 0, 0, 0, 0
0.0064831795, 0.006645699, 0.009014206, 0.0135725625, 0.016224215, 0.021344995, 0.025275234, 0.026583271, 0.027784454, 0.027172184, 0.02480985, 0.02296456, 0.017978335, 0.011604967, 0.008146525, 0.0013714782, -0.0043648034, -0.008439868, -0.00978935, -0.011085527, -0.010396743, -0.009243752, -0.0053291395, 0.00022069026, 0.0032370072, 0.008790258, 0.012724673, 0.015307417, 0.017140243, 0.025280526, 0.031429175, 0.032206863, 0, 0, 0, 0, 0, 0, 0, 0, 0, 0, 0, 0, 0, 0, 0, 0, 0, 0, 0, 0, 0, 0, 0, 0, 0, 0, 0, 0, 0, 0, 0, 0, 0, 0, 0, 0, 0, 0, 0, 0, 0, 0, 0, 0, 0, 0, 0, 0, 0, 0, 0, 0, 0, 0, 0, 0, 0, 0, 0, 0, 0, 0, 0, 0, 0, 0, 0, 0, 0, 0, 0, 0, 0, 0, 0, 0, 0, 0, 0, 0, 0, 0, 0, 0, 0, 0, 0, 0, 0, 0, 0, 0, 0, 0, 0, 0, 0, 0, 0, 0, 0, 0, 0, 0, 0, 0, 0, 0, 0, 0, 0, 0, 0, 0, 0, 0, 0, 0

