0, 0, 0, 0, 0, 0, 0, 0, 0, 0, 0, 0, 0, 0, 0, 0, 0, 0, 0, 0, 0, 0, 0, 0, 0, 0, 0, 0, 0, 0, 0, 0, 0, 0, 0, 0, 0, 0, 0, 0, 0, 0, 0, 0, 0, 0, 0, 0, 0, 0, 0, 0, 0, 0, 0, 0, 0, 0, 0, 0, 0, 0, 0, 0, 0, 0, 0, 0, 0, 0, 0, 0, 0, 0, -0.00050251425, -0.00016324651, -1.7839193e-05, 0.00013234965, 6.7069115e-05, -4.543655e-05, -0.00041122214, -0.0009304728, -0.0012333898, -0.0018877301, -0.0025546127, -0.003172787, -0.00344592, -0.003896028, -0.004195522, -0.004284517, -0.0043433243, -0.0042616837, -0.004074945, -0.0039586546, -0.0037259671, -0.003537005, -0.0034658161, -0.0033679442, -0.003303048, -0.00327095, -0.0031886683, -0.003085882, -0.0029875077, -0.0029457677, -0.00287427, -0.0028161053, -0.0027923502, -0.002752292, -0.0027110516, -0.0026552933, -0.0026232486, -0.002562225, -0.0025221484, -0.0025075353, -0.0024763427, -0.0024244327, -0.0023922648, -0.002333125, -0.0023055745, -0.0023108246, -0.0023162696, -0.0023110914, -0.0022746136, -0.0022491259, -0.0022013069, -0.0021946556, -0.0022596654, -0.0023201222, -0.0024679175, -0.0026075765, -0.0026580042, -0.0026935919, -0.002624354, -0.0025542504, -0.0023745168, -0.0022170441, -0.0021961974, -0.0022733526, -0.00266375, -0.0034003314, -0.0038944078, -0.0050825914, -0.006414687, -0.007690443, -0.008232335, -0.008980182, -0.009149942, -0.009012398, -0.008438829, -0.007894633
0, 0, 0, 0, 0, 0, 0, 0, 0, 0, 0, 0, 0, 0, 0, 0, 0, 0, 0, 0, 0, 0, 0, 0, 0, 0, 0, 0, 0, 0, 0, 0, 0, 0, 0, 0, 0, 0, 0, 0, 0, 0, 0, 0, 0, 0, 0, 0, 0, 0, 0, 0, 0, 0, 0, 0, 0, 0, 0, 0, 0, 0, 0, 0, 0, 0, 0, 0, 0, 0, 0, 0, 0, -0.0016206094, -0.0008597718, -0.00047052008, -0.00032447668, -0.0001193952, -5.8325957e-05, -8.766772e-05, -0.00026829008, -0.000595229, -0.00080566906, -0.0012917253, -0.0018232445, -0.0023471913, -0.0025895687, -0.003008414, -0.003315564, -0.0034209816, -0.0035330488, -0.003521359, -0.0034091235, -0.0033280484, -0.0031497264, -0.00299269, -0.0029296316, -0.0028372498, -0.0027731452, -0.0027423962, -0.0026682168, -0.002575116, -0.0024796857, -0.0024362186, -0.0023602117, -0.0022963667, -0.0022699072, -0.002223157, -0.0021775514, -0.0021236602, -0.0020937363, -0.0020364502, -0.0019931446, -0.0019770025, -0.0019453351, -0.0018997716, -0.0018720678, -0.0018182786, -0.0017881064, -0.0017845167, -0.0017859642, -0.0017801574, -0.0017517464, -0.0017303854, -0.0016875981, -0.0016710446, -0.0017093472, -0.0017510665, -0.0018620195, -0.0019751145, -0.0020190717, -0.0020585759, -0.0020127888, -0.0019583474, -0.001806049, -0.0016517987, -0.0015880441, -0.0016228064, -0.0018805013, -0.0024307861, -0.0028164973, -0.0037804518, -0.004906818, -0.0060361493, -0.006539051, -0.007294909, -0.0075988853, -0.0075786016, -0.00735094, -0.0073625636
0, 0, 0, 0, 0, 0, 0, 0, 0, 0, 0, 0, 0, 0, 0, 0, 0, 0, 0, 0, 0, 0, 0, 0, 0, 0, 0, 0, 0, 0, 0, 0, 0, 0, 0, 0, 0, 0, 0, 0, 0, 0, 0, 0, 0, 0, 0, 0, 0, 0, 0, 0, 0, 0, 0, 0, 0, 0, 0, 0, 0, 0, 0, 0, 0, 0, 0, 0, 0, 0, 0, -0.0035021792, -0.0030417214, -0.0019067888, -0.0013152265, -0.00097129744, -0.0008346092, -0.0005940851, -0.00040897497, -0.00034819942, -0.00030724553, -0.00039099922, -0.00048071216, -0.0007447861, -0.0010984751, -0.0014990434, -0.0017018801, -0.0020845958, -0.0024070304, -0.0025364975, -0.002719888, -0.0027986814, -0.0027813835, -0.0027434498, -0.0026340247, -0.0025138976, -0.0024592413, -0.0023672103, -0.002292935, -0.0022584868, -0.0021806348, -0.0020887214, -0.0019850354, -0.0019335422, -0.001838601, -0.0017557188, -0.0017190421, -0.0016517586, -0.0015881112, -0.0015255002, -0.001493208, -0.0014306935, -0.0013776185, -0.0013551228, -0.0013137547, -0.0012690326, -0.0012442004, -0.0011933589, -0.001157547, -0.0011406048, -0.001135818, -0.0011241133, -0.0010997286, -0.0010826782, -0.0010470136, -0.0010237063, -0.0010356446, -0.0010580253, -0.0011278462, -0.0012083419, -0.0012425226, -0.0012809887, -0.001255529, -0.001215611, -0.0010884635, -0.0009344873, -0.00082227093, -0.0008095245, -0.0009261676, -0.0012845801, -0.0015642245, -0.0023156623, -0.0032676298, -0.004303573, -0.0048019704, -0.005648791, -0.006179781, -0.0063176444, -0.006473115, -0.0068710544
0, 0, 0, 0, 0, 0, 0, 0, 0, 0, 0, 0, 0, 0, 0, 0, 0, 0, 0, 0, 0, 0, 0, 0, 0, 0, 0, 0, 0, 0, 0, 0, 0, 0, 0, 0, 0, 0, 0, 0, 0, 0, 0, 0, 0, 0, 0, 0, 0, 0, 0, 0, 0, 0, 0, 0, 0, 0, 0, 0, 0, 0, 0, 0, 0, 0, 0, 0, 0, 0, -0.005653112, -0.0037302854, -0.0030708176, -0.002244315, -0.0018090954, -0.001531426, -0.001409848, -0.0011673204, -0.0009208646, -0.00080235535, -0.0005965521, -0.00046305888, -0.00043213024, -0.00045070177, -0.0005768457, -0.0007896223, -0.0009190251, -0.001199066, -0.0014764527, -0.001604176, -0.0018180637, -0.0019591954, -0.0020190491, -0.0020203781, -0.0019792113, -0.0019039063, -0.0018611671, -0.0017749309, -0.0016915653, -0.0016510373, -0.0015657657, -0.0014696908, -0.0013582082, -0.0012995556, -0.0011841862, -0.0010788204, -0.0010305363, -0.0009397353, -0.0008532566, -0.00077219296, -0.0007338468, -0.00066395826, -0.0005990552, -0.00056989223, -0.00051533466, -0.0004642982, -0.0004392472, -0.000391275, -0.0003531478, -0.00032561988, -0.000314847, -0.00029359318, -0.0002696576, -0.0002557498, -0.00022795677, -0.00020580088, -0.00020260007, -0.00021098723, -0.00024616293, -0.00029359368, -0.00031586667, -0.0003433561, -0.0003263595, -0.00029546785, -0.00018788887, -3.547005e-05, 0.00011486847, 0.00016669727, 0.0001735912, -9.87542e-06, -0.00018980989, -0.00073776866, -0.0015170118, -0.002453256, -0.0029417514, -0.0038669338, -0.004607875, -0.004890454, -0.0053584706, -0.0059654177
0, 0, 0, 0, 0, 0, 0, 0, 0, 0, 0, 0, 0, 0, 0, 0, 0, 0, 0, 0, 0, 0, 0, 0, 0, 0, 0, 0, 0, 0, 0, 0, 0, 0, 0, 0, 0, 0, 0, 0, 0, 0, 0, 0, 0, 0, 0, 0, 0, 0, 0, 0, 0, 0, 0, 0, 0, 0, 0, 0, 0, 0, 0, 0, 0, 0, 0, 0, 0, -0.0038057698, -0.003787018, -0.003186226, -0.0028918316, -0.002480135, -0.0022260896, -0.0020253314, -0.001924685, -0.001703736, -0.0014486416, -0.0013100208, -0.0010242952, -0.00075269287, -0.00063273776, -0.00044166998, -0.00033542974, -0.00031747264, -0.00033996376, -0.00043496618, -0.00057726307, -0.00065671344, -0.00081475347, -0.00094374677, -0.0010240813, -0.0010434252, -0.0010441128, -0.001003438, -0.00097230484, -0.0008976327, -0.0008126214, -0.0007685684, -0.0006787275, -0.00058380724, -0.0004744173, -0.0004145276, -0.00029274434, -0.00017764246, -0.00012362984, -1.8978706e-05, 8.2686514e-05, 0.00017619306, 0.00021914688, 0.00029729411, 0.00036864443, 0.0004028527, 0.00046751855, 0.00052509346, 0.00055051234, 0.00059662, 0.00063434744, 0.0006655397, 0.00067958987, 0.00070605293, 0.000731574, 0.00074384373, 0.0007649361, 0.0007820507, 0.00078836776, 0.00078634376, 0.00077107147, 0.0007474015, 0.00073646, 0.000723781, 0.00074158143, 0.0007683827, 0.00086336356, 0.0010112019, 0.0011855196, 0.0012660902, 0.0013723548, 0.0013436411, 0.0012573351, 0.0009152652, 0.00033600567, -0.00044954466, -0.00089539646, -0.0018198364, -0.0026845569, -0.0030686648, -0.0037593609, -0.0044717346
0, 0, 0, 0, 0, 0, 0, 0, 0, 0, 0, 0, 0, 0, 0, 0, 0, 0, 0, 0, 0, 0, 0, 0, 0, 0, 0, 0, 0, 0, 0, 0, 0, 0, 0, 0, 0, 0, 0, 0, 0, 0, 0, 0, 0, 0, 0, 0, 0, 0, 0, 0, 0, 0, 0, 0, 0, 0, 0, 0, 0, 0, 0, 0, 0, 0, 0, 0, -0.0031890094, -0.002941407, -0.0027570184, -0.0026676455, -0.00262409, -0.0025462364, -0.0024633678, -0.002351041, -0.0022787973, -0.00209902, -0.0018676629, -0.0017333186, -0.0014332844, -0.0011058158, -0.00094016624, -0.0006201216, -0.00033916676, -0.00011719133, -3.207959e-05, 8.4131185e-05, 0.00013375655, 0.00013726811, 0.00011549995, 7.8975856e-05, 5.197211e-05, 4.688002e-05, 5.872528e-05, 9.817661e-05, 0.00012649344, 0.00019824646, 0.00028303167, 0.00032764542, 0.00041532173, 0.0005017852, 0.0005947207, 0.00064509275, 0.0007503791, 0.00085273734, 0.0009019482, 0.0009986464, 0.0010959061, 0.0011875774, 0.001229929, 0.001305398, 0.0013744233, 0.0014080466, 0.0014736505, 0.0015328807, 0.0015582956, 0.0016016334, 0.0016360686, 0.0016645978, 0.0016778918, 0.0017040706, 0.0017289607, 0.0017402173, 0.0017581277, 0.001770639, 0.0017759246, 0.0017748653, 0.0017669698, 0.0017546695, 0.0017487087, 0.0017442252, 0.0017623567, 0.0017857101, 0.0018693659, 0.0020081135, 0.0021908607, 0.0022882822, 0.0024648516, 0.002561865, 0.002559983, 0.0024164245, 0.0020576126, 0.0014751125, 0.0011110672, 0.0002834078, -0.00059581315, -0.0010262117, -0.0018439303, -0.0025937515
0, 0, 0, 0, 0, 0, 0, 0, 0, 0, 0, 0, 0, 0, 0, 0, 0, 0, 0, 0, 0, 0, 0, 0, 0, 0, 0, 0, 0, 0, 0, 0, 0, 0, 0, 0, 0, 0, 0, 0, 0, 0, 0, 0, 0, 0, 0, 0, 0, 0, 0, 0, 0, 0, 0, 0, 0, 0, 0, 0, 0, 0, 0, 0, 0, 0, -0.0039066975, -0.003221349, -0.0025310637, -0.0023544012, -0.0022437882, -0.0023120865, -0.002363967, -0.0024517027, -0.0024865235, -0.0024555386, -0.0024154943, -0.002288292, -0.0021002707, -0.0019841031, -0.0017095194, -0.0013859177, -0.0012100065, -0.0008427843, -0.0004738044, -0.00012596701, 3.3898825e-05, 0.00031551506, 0.00053870043, 0.00062732, 0.00076437235, 0.00086114206, 0.0009367204, 0.00097176514, 0.0010430827, 0.0011204071, 0.0011613668, 0.001247565, 0.0013378495, 0.0013822039, 0.001463616, 0.0015330327, 0.0015982254, 0.0016308998, 0.0016985821, 0.0017648728, 0.0017967398, 0.0018620942, 0.0019304715, 0.001999391, 0.002031642, 0.0020913007, 0.0021464503, 0.0021736566, 0.00222765, 0.002278513, 0.0023010336, 0.0023394153, 0.0023686101, 0.0023908492, 0.002400345, 0.00241874, 0.0024375534, 0.00244707, 0.0024625247, 0.0024751073, 0.002481027, 0.0024805078, 0.002474981, 0.002464048, 0.0024581521, 0.0024516282, 0.002461554, 0.0024779718, 0.0025434913, 0.0026616766, 0.0028342935, 0.0029358468, 0.0031475152, 0.0033307713, 0.0033937143, 0.0034213807, 0.0032763213, 0.002922751, 0.0026673775, 0.0020156116, 0.0012283447, 0.00080825225, -3.1741994e-05, -0.00075971306
0, 0, 0, 0, 0, 0, 0, 0, 0, 0, 0, 0, 0, 0, 0, 0, 0, 0, 0, 0, 0, 0, 0, 0, 0, 0, 0, 0, 0, 0, 0, 0, 0, 0, 0, 0, 0, 0, 0, 0, 0, 0, 0, 0, 0, 0, 0, 0, 0, 0, 0, 0, 0, 0, 0, 0, 0, 0, 0, 0, 0, 0, 0, 0, 0, -0.0027317589, -0.0025609175, -0.0022755612, -0.0019731023, -0.0018960697, -0.0018860971, -0.0019998227, -0.0020751387, -0.0022158641, -0.00230993, -0.0023390506, -0.0023276226, -0.0022563988, -0.002121026, -0.0020300737, -0.0018023152, -0.0015179061, -0.0013561579, -0.0010024818, -0.00062154187, -0.00023385911, -4.34602e-05, 0.00031972578, 0.00064712943, 0.0007937809, 0.0010504945, 0.001262753, 0.0014407308, 0.0015205432, 0.0016672463, 0.0018003586, 0.0018613033, 0.0019735435, 0.0020728414, 0.002116245, 0.0021870122, 0.0022344892, 0.0022639385, 0.0022744904, 0.0022917136, 0.002306324, 0.0023130467, 0.0023293695, 0.002351043, 0.0023781888, 0.0023928233, 0.002421781, 0.0024494706, 0.0024643252, 0.0024949196, 0.002526297, 0.002541162, 0.0025673404, 0.002586913, 0.0025984847, 0.0026018845, 0.0026066825, 0.002612837, 0.0026168916, 0.0026273394, 0.002639678, 0.0026498353, 0.0026525797, 0.00265105, 0.0026396986, 0.0026316554, 0.0026157496, 0.0026087044, 0.002613727, 0.0026505375, 0.0027346278, 0.0028754387, 0.0029658254, 0.0031758521, 0.003397305, 0.0034985638, 0.0036472492, 0.0036789067, 0.0035435047, 0.00340282, 0.0029721316, 0.002360644, 0.002003207, 0.0012452919, 0.0005991994
0, 0, 0, 0, 0, 0, 0, 0, 0, 0, 0, 0, 0, 0, 0, 0, 0, 0, 0, 0, 0, 0, 0, 0, 0, 0, 0, 0, 0, 0, 0, 0, 0, 0, 0, 0, 0, 0, 0, 0, 0, 0, 0, 0, 0, 0, 0, 0, 0, 0, 0, 0, 0, 0, 0, 0, 0, 0, 0, 0, 0, 0, 0, 0, -0.001647492, -0.0016897861, -0.0016178684, -0.0015307687, -0.0014725898, -0.0014705005, -0.0015281214, -0.0016482684, -0.0017201508, -0.0018624592, -0.0019755762, -0.0020407229, -0.0020518794, -0.0020296331, -0.0019473259, -0.001883585, -0.0017121455, -0.0014845042, -0.0013510052, -0.0010479324, -0.0007071735, -0.0003437025, -0.00015860167, 0.00020943487, 0.00056309684, 0.00073031057, 0.001040993, 0.0013165096, 0.0015589617, 0.0016696537, 0.0018719342, 0.002047645, 0.0021248383, 0.0022566973, 0.0023589472, 0.002398245, 0.0024519935, 0.0024727455, 0.0024639277, 0.0024511435, 0.0024169509, 0.002376445, 0.0023563793, 0.0023178505, 0.002285431, 0.0022609627, 0.002252159, 0.0022389165, 0.0022299783, 0.0022266374, 0.0022236323, 0.0022239024, 0.0022255117, 0.0022290098, 0.0022305236, 0.002224719, 0.0022190346, 0.0022028338, 0.0021874297, 0.0021822278, 0.0021786238, 0.0021852113, 0.0021974193, 0.0022029548, 0.0022067814, 0.002197877, 0.002188511, 0.002163276, 0.002136385, 0.0021272232, 0.0021282234, 0.0021672868, 0.002258328, 0.0023250787, 0.002498452, 0.0027094404, 0.0028210047, 0.0030282899, 0.0031766153, 0.0032133872, 0.0031762794, 0.002969244, 0.0025791698, 0.0023216836, 0.0017332885, 0.001221162
0, 0, 0, 0, 0, 0, 0, 0, 0, 0, 0, 0, 0, 0, 0, 0, 0, 0, 0, 0, 0, 0, 0, 0, 0, 0, 0, 0, 0, 0, 0, 0, 0, 0, 0, 0, 0, 0, 0, 0, 0, 0, 0, 0, 0, 0, 0, 0, 0, 0, 0, 0, 0, 0, 0, 0, 0, 0, 0, 0, 0, 0, 0, -0.0017412595, -0.0013444087, -0.0012216821, -0.0011041549, -0.0010731188, -0.0010857991, -0.0011055808, -0.0011724266, -0.0012707467, -0.0013276913, -0.0014444304, -0.0015504094, -0.0016286919, -0.0016534358, -0.0016671051, -0.0016299401, -0.0015913267, -0.0014746301, -0.0013080781, -0.0012069123, -0.000970652, -0.00069494965, -0.00039067122, -0.00023164527, 9.27049e-05, 0.00041721613, 0.00057605543, 0.0008826155, 0.001167998, 0.0014281386, 0.0015487429, 0.0017695461, 0.0019587358, 0.0020402146, 0.00217322, 0.0022653379, 0.0022961795, 0.0023273802, 0.002319636, 0.0022764811, 0.0022446504, 0.0021667024, 0.0020806792, 0.0020363892, 0.0019502164, 0.0018678957, 0.0017931771, 0.0017598788, 0.0017005068, 0.0016482772, 0.0016241977, 0.0015795667, 0.0015399368, 0.0015224711, 0.0014921759, 0.0014641404, 0.0014313742, 0.001411917, 0.0013667746, 0.0013211054, 0.001301003, 0.0012716388, 0.0012601789, 0.0012634491, 0.0012678317, 0.0012728032, 0.0012656259, 0.0012558952, 0.0012234225, 0.0011803679, 0.0011586274, 0.0011237127, 0.0011153017, 0.001148378, 0.0011841604, 0.0012969685, 0.0014605778, 0.0015576743, 0.0017654, 0.0019627833, 0.002107501, 0.0021451516, 0.0021263834, 0.0019566673, 0.0018138973, 0.0014421978, 0.0010911667
0, 0, 0, 0, 0, 0, 0, 0, 0, 0, 0, 0, 0, 0, 0, 0, 0, 0, 0, 0, 0, 0, 0, 0, 0, 0, 0, 0, 0, 0, 0, 0, 0, 0, 0, 0, 0, 0, 0, 0, 0, 0, 0, 0, 0, 0, 0, 0, 0, 0, 0, 0, 0, 0, 0, 0, 0, 0, 0, 0, 0, 0, -0.0024576455, -0.0017277118, -0.0012341494, -0.0010893398, -0.0009308013, -0.00087052886, -0.0008565528, -0.000860802, -0.000887676, -0.0009376365, -0.0009694471, -0.0010420919, -0.0011182196, -0.0011861898, -0.0012126068, -0.0012434155, -0.001235454, -0.0012156533, -0.0011432597, -0.0010298752, -0.00095808954, -0.0007862163, -0.00057824474, -0.00034120097, -0.0002147945, 4.859695e-05, 0.00032019432, 0.00045672207, 0.0007275621, 0.0009885299, 0.0012321289, 0.0013458477, 0.0015539913, 0.001730054, 0.0018041189, 0.0019210342, 0.0019937952, 0.0020139695, 0.0020223039, 0.0019920694, 0.0019258887, 0.0018820699, 0.0017786797, 0.0016645287, 0.0016057682, 0.0014868501, 0.0013677974, 0.0012528988, 0.0011980417, 0.0010961686, 0.0010013623, 0.00095573853, 0.00086693495, 0.0007825381, 0.0007427226, 0.00066981616, 0.00060206425, 0.00053226284, 0.0004941165, 0.00041240707, 0.00032852095, 0.00028937194, 0.0002237215, 0.00018104912, 0.00016028706, 0.00015639514, 0.00015015053, 0.00013676868, 0.00012429447, 8.5418375e-05, 2.9011997e-05, -2.760895e-06, -6.642949e-05, -0.000116490795, -0.00013764696, -0.00013292987, -8.7298606e-05, 1.0598775e-05, 7.837209e-05, 0.0002444392, 0.00043459382, 0.00061941956, 0.0006986083, 0.00080677983, 0.00081709184, 0.00077835174, 0.0006183056, 0.0004214161
0, 0, 0, 0, 0, 0, 0, 0, 0, 0, 0, 0, 0, 0, 0, 0, 0, 0, 0, 0, 0, 0, 0, 0, 0, 0, 0, 0, 0, 0, 0, 0, 0, 0, 0, 0, 0, 0, 0, 0, 0, 0, 0, 0, 0, 0, 0, 0, 0, 0, 0, 0, 0, 0, 0, 0, 0, 0, 0, 0, -0.004167024, -0.0032040072, -0.0025049502, -0.0017102199, -0.0012812585, -0.0011463475, -0.0009669442, -0.00085897633, -0.00078900537, -0.00076348445, -0.00072845054, -0.00071455137, -0.0007149508, -0.0007292029, -0.0007572716, -0.00079273916, -0.00080948794, -0.00083329185, -0.0008338272, -0.00082252163, -0.0007765431, -0.000698352, -0.00064774527, -0.00052360044, -0.00036915886, -0.00018812619, -8.940379e-05, 0.00012002055, 0.0003408577, 0.00045426664, 0.0006843107, 0.00091040647, 0.0011233957, 0.0012229902, 0.0014039556, 0.0015543272, 0.0016166312, 0.0017119879, 0.0017668341, 0.0017787322, 0.0017736614, 0.0017346265, 0.0016645151, 0.0016188091, 0.0015122078, 0.0013924389, 0.0013296187, 0.0011984612, 0.0010603423, 0.00091974926, 0.00085000956, 0.00071544753, 0.00058439624, 0.0005192593, 0.00038904126, 0.0002609704, 0.00019905966, 8.0642116e-05, -3.1556152e-05, -0.00014478904, -0.00020341287, -0.00032689128, -0.00045261363, -0.00051258976, -0.00061970897, -0.00070216856, -0.0007584096, -0.0007787398, -0.0008105123, -0.0008426147, -0.0008624907, -0.0009137866, -0.0009829948, -0.0010226489, -0.0011075997, -0.0011894427, -0.0012535582, -0.0012746892, -0.0012884556, -0.001256769, -0.0012221315, -0.001116526, -0.00096837827, -0.0007939516, -0.0007032269, -0.00053469033, -0.00040981025, -0.00037377037, -0.00037105754, -0.00045192783
0, 0, 0, 0, 0, 0, 0, 0, 0, 0, 0, 0, 0, 0, 0, 0, 0, 0, 0, 0, 0, 0, 0, 0, 0, 0, 0, 0, 0, 0, 0, 0, 0, 0, 0, 0, 0, 0, 0, 0, 0, 0, 0, 0, 0, 0, 0, 0, 0, 0, 0, 0, 0, 0, 0, 0, 0, 0, 0, 0, -0.002599419, -0.0023158013, -0.0020593475, -0.0016407706, -0.0013646622, -0.0012613235, -0.0010940519, -0.0009597553, -0.000844826, -0.0007933035, -0.00070112984, -0.0006254922, -0.0005945688, -0.00054683286, -0.00051766593, -0.0005049498, -0.00050214335, -0.00049714133, -0.00048281715, -0.00046920803, -0.0004264097, -0.00036143707, -0.00032011865, -0.00021963615, -9.411126e-05, 5.4235945e-05, 0.00013584664, 0.0003112818, 0.0004992969, 0.0005972798, 0.0007972337, 0.0009951902, 0.0011812483, 0.0012675822, 0.001423505, 0.0015519905, 0.0016049956, 0.0016867612, 0.0017343697, 0.0017452416, 0.0017430214, 0.0017140013, 0.0016593438, 0.0016227504, 0.001533888, 0.0014289661, 0.0013714649, 0.0012461952, 0.0011063023, 0.0009560938, 0.0008791283, 0.0007246486, 0.00056818867, 0.0004885284, 0.00032568394, 0.00016096733, 7.9435005e-05, -7.984219e-05, -0.00023449078, -0.00038952887, -0.000468747, -0.0006318153, -0.0007960462, -0.00087548496, -0.00102151, -0.0011439082, -0.0012400491, -0.0012796856, -0.0013471934, -0.0014093199, -0.0014412327, -0.0015134321, -0.0015988499, -0.0016463593, -0.0017481933, -0.0018520934, -0.0019464176, -0.001986558, -0.0020454312, -0.0020679028, -0.0020628378, -0.0020174903, -0.0019247653, -0.0017894127, -0.001709248, -0.0015344904, -0.0013626956, -0.0012884121, -0.0011941533, -0.0012131064
0, 0, 0, 0, 0, 0, 0, 0, 0, 0, 0, 0, 0, 0, 0, 0, 0, 0, 0, 0, 0, 0, 0, 0, 0, 0, 0, 0, 0, 0, 0, 0, 0, 0, 0, 0, 0, 0, 0, 0, 0, 0, 0, 0, 0, 0, 0, 0, 0, 0, 0, 0, 0, 0, 0, 0, 0, 0, 0, -0.0018354418, -0.0017276404, -0.0016607327, -0.0016098375, -0.0014973114, -0.0013855933, -0.0013287833, -0.0012111579, -0.0010869631, -0.00095881714, -0.00089436985, -0.0007682122, -0.00064887526, -0.000593109, -0.00049288926, -0.0004093956, -0.00034333425, -0.00031635683, -0.00026746478, -0.00021970952, -0.00019351146, -0.000132403, -5.7405632e-05, -1.353441e-05, 8.872273e-05, 0.00021122549, 0.0003521009, 0.00042889704, 0.00059353356, 0.0007703429, 0.00086243026, 0.0010496933, 0.0012334386, 0.0014045405, 0.0014834931, 0.0016260117, 0.0017453606, 0.0017961483, 0.0018784903, 0.0019340434, 0.001951865, 0.001969014, 0.001965801, 0.0019421298, 0.001921639, 0.0018643164, 0.0017876466, 0.0017418136, 0.0016345867, 0.0015055309, 0.0013595135, 0.0012819744, 0.0011208792, 0.00095155713, 0.0008632244, 0.0006795679, 0.00048936, 0.00039379773, 0.00020352575, 1.5518131e-05, -0.00017330243, -0.00026945712, -0.00046396372, -0.00065730815, -0.0007508088, -0.00092618767, -0.0010796936, -0.0012097957, -0.0012672973, -0.00137135, -0.001466846, -0.0015144983, -0.0016127628, -0.0017184097, -0.0017743933, -0.0018912754, -0.0020109287, -0.0021254178, -0.0021781714, -0.0022686555, -0.0023310222, -0.0023494554, -0.002355313, -0.0023172249, -0.0022331101, -0.0021747586, -0.0020305754, -0.0018660034, -0.001786095, -0.0016689821, -0.0016779422
0, 0, 0, 0, 0, 0, 0, 0, 0, 0, 0, 0, 0, 0, 0, 0, 0, 0, 0, 0, 0, 0, 0, 0, 0, 0, 0, 0, 0, 0, 0, 0, 0, 0, 0, 0, 0, 0, 0, 0, 0, 0, 0, 0, 0, 0, 0, 0, 0, 0, 0, 0, 0, 0, 0, 0, 0, -0.0017239712, -0.001587338, -0.0013565362, -0.0012595861, -0.0012669044, -0.0012854103, -0.0013156047, -0.0013169264, -0.0013043665, -0.0012514713, -0.0011671936, -0.0010584338, -0.0009967798, -0.00086600095, -0.0007293996, -0.00066137966, -0.0005283971, -0.00040449234, -0.00029298753, -0.00024170519, -0.00014673802, -5.626974e-05, -1.07814385e-05, 8.383569e-05, 0.00018681124, 0.0002425119, 0.00036583413, 0.0005053024, 0.0006599801, 0.00074187934, 0.00091412565, 0.0010960932, 0.0011896146, 0.0013786523, 0.0015619202, 0.0017307138, 0.0018088539, 0.0019516494, 0.00207539, 0.0021304116, 0.0022263734, 0.0023017155, 0.0023319265, 0.0023788786, 0.0024096922, 0.0024225859, 0.0024206701, 0.0023987875, 0.0023535492, 0.0023215706, 0.0022375323, 0.002127022, 0.0019939141, 0.0019210624, 0.0017647707, 0.0015942248, 0.0015032433, 0.001310481, 0.0011073838, 0.001003871, 0.00079554674, 0.0005867005, 0.00037585912, 0.00026929166, 5.5513454e-05, -0.00015433719, -0.00025549918, -0.00044562496, -0.00061573763, -0.0007670555, -0.0008370445, -0.00096841174, -0.0010932471, -0.0011551382, -0.0012790862, -0.0014056712, -0.0014701786, -0.0016008394, -0.0017319457, -0.0018594086, -0.0019200804, -0.002030839, -0.0021219694, -0.0021572092, -0.002204223, -0.0022144062, -0.0021833836, -0.0021520348, -0.0020591062, -0.0019376387, -0.0018752157, -0.00178563, -0.0018198169
0, 0, 0, 0, 0, 0, 0, 0, 0, 0, 0, 0, 0, 0, 0, 0, 0, 0, 0, 0, 0, 0, 0, 0, 0, 0, 0, 0, 0, 0, 0, 0, 0, 0, 0, 0, 0, 0, 0, 0, 0, 0, 0, 0, 0, 0, 0, 0, 0, 0, 0, 0, 0, 0, 0, 0, -0.0017803509, -0.0014109518, -0.0012596202, -0.0010671831, -0.0010021753, -0.0010273793, -0.0010583336, -0.0011273992, -0.00117996, -0.0011943567, -0.0011953885, -0.0011593123, -0.0010890482, -0.001042781, -0.0009326121, -0.00080561807, -0.00073718943, -0.0005959392, -0.00045267883, -0.00031149015, -0.00024282275, -0.00010910027, 2.1876718e-05, 8.7328546e-05, 0.00022012739, 0.0003586001, 0.00043138486, 0.0005853529, 0.0007519259, 0.0009301526, 0.0010223939, 0.0012119329, 0.0014068518, 0.0015055408, 0.001703327, 0.0018931365, 0.0020681694, 0.0021498036, 0.0023013647, 0.002437883, 0.0025009713, 0.002616202, 0.0027158153, 0.0027596427, 0.0028370304, 0.0029011078, 0.0029469489, 0.0029612074, 0.0029700024, 0.00295183, 0.0029325588, 0.0028716014, 0.0027816829, 0.0026663626, 0.0026013125, 0.0024574075, 0.00229456, 0.0022054776, 0.0020141832, 0.0018096433, 0.0017042893, 0.0014902818, 0.0012738506, 0.0010542008, 0.00094361656, 0.00072309945, 0.0005094947, 0.00040763864, 0.00021735864, 4.5396246e-05, -0.00011153418, -0.00018629496, -0.0003314517, -0.000474839, -0.00054640183, -0.00068995694, -0.00083379104, -0.00090522435, -0.0010465955, -0.0011852818, -0.0013194004, -0.0013840054, -0.001505821, -0.0016144222, -0.00166174, -0.0017395443, -0.0017899548, -0.0018081329, -0.0018039737, -0.0017697443, -0.0017088697, -0.0016765178, -0.0016427829, -0.0017188597
0, 0, 0, 0, 0, 0, 0, 0, 0, 0, 0, 0, 0, 0, 0, 0, 0, 0, 0, 0, 0, 0, 0, 0, 0, 0, 0, 0, 0, 0, 0, 0, 0, 0, 0, 0, 0, 0, 0, 0, 0, 0, 0, 0, 0, 0, 0, 0, 0, 0, 0, 0, 0, 0, 0, -0.0018846709, -0.0014885265, -0.0011743734, -0.0010629351, -0.00092323386, -0.00087030244, -0.00088025874, -0.0009006452, -0.0009556202, -0.0010113725, -0.0010336232, -0.0010618413, -0.001062067, -0.0010315392, -0.001004777, -0.0009295984, -0.00082924234, -0.0007707839, -0.00064097607, -0.00049865217, -0.0003482031, -0.0002712197, -0.00011481707, 4.4563814e-05, 0.00012540614, 0.00029102826, 0.00046225483, 0.00055068237, 0.00073409703, 0.0009267881, 0.0011268355, 0.0012285623, 0.0014341018, 0.001640526, 0.0017438899, 0.0019488415, 0.0021450366, 0.0023271192, 0.0024128195, 0.0025744822, 0.0027243756, 0.0027950143, 0.0029278644, 0.0030477354, 0.0031027182, 0.0032036528, 0.0032918495, 0.0033603024, 0.0033852782, 0.0034143538, 0.0034159136, 0.00340644, 0.003365318, 0.003294671, 0.0031983578, 0.0031422365, 0.0030143408, 0.0028641757, 0.0027804575, 0.002598232, 0.0024004823, 0.0022980107, 0.0020892634, 0.0018762188, 0.0016593924, 0.0015502025, 0.0013339435, 0.0011276656, 0.0010308146, 0.00085127365, 0.00068988575, 0.0005410761, 0.0004685109, 0.00032375945, 0.0001754907, 9.995455e-05, -5.3237774e-05, -0.00020653753, -0.00028208114, -0.00042945566, -0.00057093956, -0.0007059115, -0.00077080814, -0.00089531805, -0.0010106307, -0.0010643745, -0.0011610129, -0.0012403618, -0.0012978298, -0.0013173359, -0.0013374203, -0.001338969, -0.001339286, -0.0013680449, -0.0014882454
0, 0, 0, 0, 0, 0, 0, 0, 0, 0, 0, 0, 0, 0, 0, 0, 0, 0, 0, 0, 0, 0, 0, 0, 0, 0, 0, 0, 0, 0, 0, 0, 0, 0, 0, 0, 0, 0, 0, 0, 0, 0, 0, 0, 0, 0, 0, 0, 0, 0, 0, 0, 0, 0, -0.0017777056, -0.0015616962, -0.0012478285, -0.0010408629, -0.00096817396, -0.0008676373, -0.00081256515, -0.00079511764, -0.0007972902, -0.0008176713, -0.0008484003, -0.0008642644, -0.000891551, -0.00090557546, -0.00090098055, -0.00088988605, -0.0008480775, -0.0007798517, -0.00073576416, -0.0006292593, -0.00050263904, -0.00036014064, -0.00028424934, -0.00012276067, 4.8739683e-05, 0.00013819867, 0.00032271747, 0.0005145368, 0.0006129277, 0.0008146474, 0.0010219712, 0.0012327529, 0.0013387348, 0.0015504535, 0.0017597917, 0.0018633684, 0.0020674032, 0.0022629942, 0.0024464517, 0.0025334905, 0.0026993905, 0.0028554022, 0.0029301501, 0.0030722015, 0.0032026125, 0.0032633836, 0.003376218, 0.003475151, 0.0035530943, 0.003582163, 0.0036204255, 0.0036333497, 0.0036302065, 0.0036038868, 0.003549739, 0.003470644, 0.003422688, 0.0033108129, 0.0031755157, 0.0030988315, 0.0029291834, 0.0027437222, 0.0026472863, 0.002450611, 0.0022491412, 0.0020433865, 0.0019399459, 0.0017361811, 0.0015444178, 0.0014556375, 0.0012940709, 0.0011512446, 0.0010190309, 0.00095390185, 0.00082080864, 0.0006798736, 0.000606378, 0.000454617, 0.00030126734, 0.00022545176, 7.824076e-05, -6.12141e-05, -0.00019153288, -0.00025382818, -0.00037294423, -0.0004854674, -0.0005392152, -0.00064134377, -0.00073458505, -0.0008159932, -0.00085142243, -0.00091194955, -0.00096367416, -0.0009916155, -0.0010747052, -0.0012306448
0, 0, 0, 0, 0, 0, 0, 0, 0, 0, 0, 0, 0, 0, 0, 0, 0, 0, 0, 0, 0, 0, 0, 0, 0, 0, 0, 0, 0, 0, 0, 0, 0, 0, 0, 0, 0, 0, 0, 0, 0, 0, 0, 0, 0, 0, 0, 0, 0, 0, 0, 0, 0, -0.0019580945, -0.0014862795, -0.001327638, -0.0011147507, -0.0009852968, -0.0009374288, -0.0008586369, -0.0007979272, -0.0007548984, -0.000740049, -0.0007229265, -0.0007193474, -0.0007214393, -0.00072908803, -0.00073618704, -0.0007366937, -0.0007320734, -0.00071051694, -0.0006669344, -0.0006359263, -0.0005549117, -0.00044945767, -0.00032386466, -0.00025415974, -0.00010165132, 6.707507e-05, 0.00015672595, 0.00034468505, 0.00054012483, 0.0006398762, 0.000842949, 0.0010489558, 0.0012550846, 0.0013579112, 0.0015615337, 0.0017608828, 0.0018588857, 0.0020509046, 0.0022353597, 0.0024098842, 0.002493349, 0.0026529634, 0.0028040833, 0.0028769507, 0.00301668, 0.0031454505, 0.0032054074, 0.0033161342, 0.0034122728, 0.0034869872, 0.0035147422, 0.0035527216, 0.0035693084, 0.0035697664, 0.0035527821, 0.0035102346, 0.0034438197, 0.0034024566, 0.0033032596, 0.0031812252, 0.003111156, 0.0029548982, 0.0027839753, 0.0026951658, 0.0025137926, 0.002328202, 0.0021386214, 0.002043314, 0.001856594, 0.0016833942, 0.0016043175, 0.0014631257, 0.0013410184, 0.0012289616, 0.0011735271, 0.0010580376, 0.0009323545, 0.00086516084, 0.0007241729, 0.0005792125, 0.00050725637, 0.00036689028, 0.00023501551, 0.00011353539, 5.606934e-05, -5.2340056e-05, -0.00015415256, -0.0002031229, -0.00029867582, -0.00039009104, -0.00047750384, -0.00051927817, -0.0005996886, -0.0006801179, -0.0007251781, -0.0008431533, -0.0010203938
0, 0, 0, 0, 0, 0, 0, 0, 0, 0, 0, 0, 0, 0, 0, 0, 0, 0, 0, 0, 0, 0, 0, 0, 0, 0, 0, 0, 0, 0, 0, 0, 0, 0, 0, 0, 0, 0, 0, 0, 0, 0, 0, 0, 0, 0, 0, 0, 0, 0, 0, -0.0023797443, -0.0021574264, -0.0016332075, -0.0013040656, -0.0011978317, -0.0010608645, -0.0009748187, -0.00093941204, -0.00087223516, -0.00080762524, -0.00074769853, -0.00072073966, -0.0006746745, -0.00063959975, -0.0006264552, -0.00060719834, -0.00059451885, -0.00058271055, -0.0005752634, -0.0005544457, -0.0005201508, -0.0004965738, -0.0004330346, -0.00034628937, -0.00023744456, -0.0001748841, -3.6853715e-05, 0.00011843832, 0.00020194317, 0.00037813565, 0.0005620538, 0.0006556313, 0.0008439195, 0.0010330922, 0.001220934, 0.0013139228, 0.0014970035, 0.0016749356, 0.0017621052, 0.0019319595, 0.0020946488, 0.0022493794, 0.0023238081, 0.0024663284, 0.002601677, 0.0026671987, 0.0027932948, 0.0029089507, 0.002961699, 0.0030583946, 0.0031402204, 0.0032023427, 0.0032250322, 0.0032561077, 0.0032705143, 0.0032714698, 0.0032579242, 0.0032204841, 0.0031600196, 0.0031221122, 0.003030922, 0.0029179852, 0.0028532846, 0.0027090516, 0.002551781, 0.0024704162, 0.0023044874, 0.0021352961, 0.0019629952, 0.0018764855, 0.0017083974, 0.0015545777, 0.0014851458, 0.0013631346, 0.0012598857, 0.0011668488, 0.0011204977, 0.0010229691, 0.00091402803, 0.000854932, 0.00072958786, 0.0005984195, 0.0005328783, 0.00040475547, 0.00028481128, 0.00017502939, 0.00012414745, 2.9452354e-05, -5.7527373e-05, -9.911759e-05, -0.00017957138, -0.0002581354, -0.00033596516, -0.00037486243, -0.000453983, -0.0005397391, -0.00058950414, -0.0007183819, -0.0009006709
0, 0, 0, 0, 0, 0, 0, 0, 0, 0, 0, 0, 0, 0, 0, 0, 0, 0, 0, 0, 0, 0, 0, 0, 0, 0, 0, 0, 0, 0, 0, 0, 0, 0, 0, 0, 0, 0, 0, 0, 0, 0, 0, 0, 0, 0, 0, 0, 0, 0, 0, -0.0017085583, -0.0015980463, -0.0013494524, -0.0011770629, -0.0011186413, -0.0010374485, -0.0009779944, -0.0009498853, -0.00089093077, -0.00082718866, -0.0007612944, -0.00072913984, -0.0006664269, -0.0006094195, -0.0005840415, -0.0005389889, -0.0005024016, -0.0004694573, -0.000453235, -0.00041814198, -0.00037628144, -0.00035192017, -0.00029246838, -0.00021495017, -0.000116577285, -6.0052902e-05, 6.50994e-05, 0.00020376028, 0.00027766725, 0.00043307102, 0.0005957007, 0.00067831116, 0.00084360526, 0.0010079073, 0.0011698828, 0.0012493304, 0.0014048753, 0.0015551109, 0.0016281937, 0.0017696808, 0.0019042634, 0.0020320793, 0.0020938101, 0.0022118608, 0.0023242373, 0.0023787536, 0.0024831875, 0.0025770983, 0.0026191636, 0.002693834, 0.0027550347, 0.0027996514, 0.0028153341, 0.0028359897, 0.0028437786, 0.002842279, 0.0028253207, 0.0027860946, 0.0027249744, 0.0026873504, 0.0025986216, 0.0024904623, 0.0024289752, 0.0022933707, 0.00214721, 0.0020720179, 0.0019195358, 0.0017648081, 0.0016079261, 0.0015296175, 0.0013785275, 0.0012424125, 0.0011815464, 0.0010759981, 0.0009880875, 0.0009089427, 0.0008695868, 0.0007856947, 0.000690472, 0.00063833664, 0.0005274289, 0.00041083715, 0.00035219768, 0.0002384306, 0.00013203881, 3.5457364e-05, -8.5101765e-06, -8.907712e-05, -0.00016072331, -0.0001941701, -0.00025692457, -0.00031738917, -0.00037691256, -0.00040698572, -0.0004699508, -0.0005425341, -0.0005866993, -0.0007065634, -0.00088040886
0, 0, 0, 0, 0, 0, 0, 0, 0, 0, 0, 0, 0, 0, 0, 0, 0, 0, 0, 0, 0, 0, 0, 0, 0, 0, 0, 0, 0, 0, 0, 0, 0, 0, 0, 0, 0, 0, 0, 0, 0, 0, 0, 0, 0, 0, 0, 0, 0, 0, -0.0016261879, -0.0013282718, -0.0012463736, -0.0011391402, -0.0010747829, -0.0010513635, -0.0010118579, -0.0009732946, -0.0009518649, -0.0009023843, -0.00084487733, -0.0007817474, -0.00074917875, -0.00068231515, -0.00061494706, -0.00058214855, -0.00051871454, -0.00046035947, -0.00040527075, -0.0003781449, -0.0003220398, -0.00026260855, -0.00023067926, -0.00016183117, -8.1570506e-05, 1.3910371e-05, 6.746341e-05, 0.0001840443, 0.00030877654, 0.00037347214, 0.00050800864, 0.00064839097, 0.0007198494, 0.0008625233, 0.0010022445, 0.0011379727, 0.0012042806, 0.0013329865, 0.00145534, 0.0015143586, 0.0016271303, 0.0017325545, 0.0018322543, 0.0018804087, 0.0019729591, 0.0020603514, 0.00210244, 0.0021823295, 0.002251417, 0.0022814197, 0.0023320324, 0.0023717214, 0.002398339, 0.002406687, 0.0024151024, 0.0024127862, 0.002406473, 0.0023800787, 0.00233267, 0.0022660387, 0.0022267066, 0.0021361478, 0.0020290122, 0.0019691582, 0.0018388313, 0.0017003033, 0.0016297199, 0.0014879191, 0.0013448847, 0.0012010747, 0.0011300086, 0.000993472, 0.00087145955, 0.0008177579, 0.00072531693, 0.0006488017, 0.00057893206, 0.0005437824, 0.00046737984, 0.00038011285, 0.00033241915, 0.00023056968, 0.00012459686, 7.1766706e-05, -3.043342e-05, -0.00012461093, -0.00020912846, -0.0002472027, -0.00031551783, -0.00037425268, -0.00040055753, -0.00044808438, -0.0004908216, -0.0005310372, -0.00055100315, -0.00059252826, -0.00064301235, -0.0006761493, -0.00077548996, -0.00093379925
0, 0, 0, 0, 0, 0, 0, 0, 0, 0, 0, 0, 0, 0, 0, 0, 0, 0, 0, 0, 0, 0, 0, 0, 0, 0, 0, 0, 0, 0, 0, 0, 0, 0, 0, 0, 0, 0, 0, 0, 0, 0, 0, 0, 0, 0, 0, 0, 0, -0.0014108332, -0.0012444624, -0.0010847491, -0.0010417266, -0.0010049724, -0.000994526, -0.0009903208, -0.0009782125, -0.0009556872, -0.0009402021, -0.0009012625, -0.000853205, -0.0007983236, -0.00076915417, -0.0007064488, -0.00063842983, -0.00060228055, -0.0005290707, -0.00045628846, -0.00038375088, -0.00034706903, -0.00027079796, -0.00018977645, -0.00014788429, -6.167021e-05, 2.9722469e-05, 0.0001298757, 0.00018372582, 0.0002970429, 0.00041472557, 0.00047414532, 0.00059520337, 0.00072006683, 0.0007835685, 0.0009100839, 0.0010319711, 0.0011473165, 0.0012031958, 0.0013101673, 0.0014098356, 0.0014569212, 0.0015453881, 0.0016259828, 0.0017017531, 0.0017384291, 0.0018090265, 0.0018746626, 0.0019055299, 0.0019623726, 0.002008267, 0.0020266983, 0.0020562406, 0.002077145, 0.002088128, 0.0020896303, 0.0020848291, 0.0020696048, 0.002056857, 0.0020171816, 0.0019587064, 0.001884123, 0.0018420895, 0.0017485656, 0.0016408899, 0.0015816261, 0.0014544541, 0.0013209532, 0.0012538313, 0.001120401, 0.0009874884, 0.00085499877, 0.0007899155, 0.0006656461, 0.00055569323, 0.00050765584, 0.0004255636, 0.0003573678, 0.0002939905, 0.00026109724, 0.00018808166, 0.0001039521, 5.791038e-05, -4.000784e-05, -0.00014084652, -0.00019060606, -0.00028606612, -0.00037261585, -0.00044886617, -0.00048284951, -0.00054259517, -0.0005924775, -0.00061388966, -0.0006508562, -0.0006812021, -0.000706763, -0.0007185318, -0.0007417919, -0.0007715816, -0.00079397147, -0.00087188376, -0.0010148915
0, 0, 0, 0, 0, 0, 0, 0, 0, 0, 0, 0, 0, 0, 0, 0, 0, 0, 0, 0, 0, 0, 0, 0, 0, 0, 0, 0, 0, 0, 0, 0, 0, 0, 0, 0, 0, 0, 0, 0, 0, 0, 0, 0, 0, 0, 0, 0, -0.0019347209, -0.0014032081, -0.0010986599, -0.0009803888, -0.0009562653, -0.0009437727, -0.0009486084, -0.00095055863, -0.00094810524, -0.0009352136, -0.0009240078, -0.00089407904, -0.00085438316, -0.0008088467, -0.0007839436, -0.00072942895, -0.00066651136, -0.00063129386, -0.0005550043, -0.00047449203, -0.00039096503, -0.00034746647, -0.0002556851, -0.00015663302, -0.00010488329, -5.1298287e-07, 0.0001060956, 0.00021633692, 0.00027340252, 0.00039022285, 0.0005087257, 0.000567744, 0.000685771, 0.00080512575, 0.0008650825, 0.0009829475, 0.0010945526, 0.0011967381, 0.0012451918, 0.0013372031, 0.0014206825, 0.0014591196, 0.0015296451, 0.0015928099, 0.0016518398, 0.0016804702, 0.0017348111, 0.0017833917, 0.0018051794, 0.0018427946, 0.0018698599, 0.0018790793, 0.0018921397, 0.0018984753, 0.0018964597, 0.0018914343, 0.0018733208, 0.001843915, 0.0018238608, 0.0017708314, 0.0017015105, 0.0016198234, 0.0015755608, 0.001479768, 0.0013717499, 0.0013129178, 0.0011879823, 0.0010590855, 0.0009951274, 0.00086957164, 0.00074643764, 0.00062448584, 0.0005647829, 0.000451874, 0.0003529519, 0.00030997608, 0.00023719807, 0.00017620875, 0.00011791621, 8.669886e-05, 1.6279275e-05, -6.65957e-05, -0.00011217361, -0.00020898295, -0.00030826466, -0.000356991, -0.00044940622, -0.0005327842, -0.0006050254, -0.00063696556, -0.0006925171, -0.00073800585, -0.0007571197, -0.00078928826, -0.00081386423, -0.0008320015, -0.0008391968, -0.0008519238, -0.00086918124, -0.00088452187, -0.000948251, -0.0010813458
0, 0, 0, 0, 0, 0, 0, 0, 0, 0, 0, 0, 0, 0, 0, 0, 0, 0, 0, 0, 0, 0, 0, 0, 0, 0, 0, 0, 0, 0, 0, 0, 0, 0, 0, 0, 0, 0, 0, 0, 0, 0, 0, 0, 0, 0, 0, -0.002116036, -0.0017839283, -0.0013355329, -0.0010938975, -0.0009923225, -0.00097007304, -0.0009529527, -0.00094924954, -0.00094759295, -0.00094064535, -0.0009275044, -0.0009178243, -0.0008921321, -0.00085879036, -0.0008195305, -0.00079823885, -0.0007508693, -0.00069418753, -0.0006609999, -0.0005863689, -0.0005029986, -0.00041348636, -0.00036594184, -0.0002637018, -0.00015145921, -9.2726346e-05, 2.7228669e-05, 0.00014882821, 0.00027192567, 0.00033452536, 0.0004605006, 0.0005857988, 0.0006480846, 0.0007704567, 0.0008911151, 0.00095030764, 0.001064803, 0.001170569, 0.0012654961, 0.001309317, 0.0013909669, 0.0014635802, 0.0014961015, 0.00155504, 0.0016075268, 0.0016564936, 0.0016799374, 0.0017229505, 0.0017580328, 0.0017724703, 0.0017945624, 0.0018069933, 0.001809792, 0.0018105941, 0.0018058093, 0.0017917773, 0.0017804729, 0.0017489822, 0.0017058762, 0.0016793129, 0.0016152713, 0.001537967, 0.0014517874, 0.0014062154, 0.0013092734, 0.0012018615, 0.001143929, 0.0010222495, 0.0008990387, 0.0008385974, 0.000721518, 0.0006083906, 0.00049741555, 0.0004433798, 0.00034185068, 0.00025391937, 0.00021638432, 0.00015315875, 0.00010012347, 4.7247348e-05, 1.8065171e-05, -4.9045586e-05, -0.00012980613, -0.0001745668, -0.00027018532, -0.0003679354, -0.00041594772, -0.0005068563, -0.00058851327, -0.00065924163, -0.0006903293, -0.0007445224, -0.00078895927, -0.0008075874, -0.0008390805, -0.00086287974, -0.0008798895, -0.00088610855, -0.00089635025, -0.0009098141, -0.0009228854, -0.0009818089, -0.0011120104
0, 0, 0, 0, 0, 0, 0, 0, 0, 0, 0, 0, 0, 0, 0, 0, 0, 0, 0, 0, 0, 0, 0, 0, 0, 0, 0, 0, 0, 0, 0, 0, 0, 0, 0, 0, 0, 0, 0, 0, 0, 0, 0, 0, 0, 0, -0.0018443789, -0.001643926, -0.0015018054, -0.0012741147, -0.0011355467, -0.0010608782, -0.0010385459, -0.0010103537, -0.0009918684, -0.0009829083, -0.0009644074, -0.00094368553, -0.00093193585, -0.00090524234, -0.0008729176, -0.0008362656, -0.00081665453, -0.0007734373, -0.0007206199, -0.0006890681, -0.0006161547, -0.00053210015, -0.0004390059, -0.00038909895, -0.00028002358, -0.00015896709, -9.5124844e-05, 3.580965e-05, 0.00016942578, 0.00030489799, 0.00037319332, 0.0005097701, 0.0006445708, 0.0007103562, 0.00083898, 0.0009626668, 0.0010221292, 0.0011346702, 0.0012363491, 0.0013252763, 0.0013656599, 0.001439373, 0.0015037315, 0.0015323926, 0.0015840573, 0.00163002, 0.0016724508, 0.0016918641, 0.0017249177, 0.0017481544, 0.0017560609, 0.0017656148, 0.0017668934, 0.0017647715, 0.0017560839, 0.0017411185, 0.0017153712, 0.0016976037, 0.0016531867, 0.0015986188, 0.0015674058, 0.0014959644, 0.0014143866, 0.0013258079, 0.0012795439, 0.0011823052, 0.0010761593, 0.0010197996, 0.0009030939, 0.00078687794, 0.0007307518, 0.0006231862, 0.0005202175, 0.00042039662, 0.00037200897, 0.00028219272, 0.00020609195, 0.00017427583, 0.00012137163, 7.681773e-05, 3.1006613e-05, 4.8074344e-06, -5.764164e-05, -0.0001344333, -0.0001775842, -0.00026975648, -0.0003644751, -0.00041095805, -0.0004991691, -0.0005783589, -0.0006469167, -0.00067709817, -0.0007300963, -0.0007737735, -0.00079247646, -0.0008244837, -0.0008495249, -0.00086835545, -0.000875666, -0.0008879561, -0.0009034573, -0.000917582, -0.0009783162, -0.0011108316
0, 0, 0, 0, 0, 0, 0, 0, 0, 0, 0, 0, 0, 0, 0, 0, 0, 0, 0, 0, 0, 0, 0, 0, 0, 0, 0, 0, 0, 0, 0, 0, 0, 0, 0, 0, 0, 0, 0, 0, 0, 0, 0, 0, 0, -0.0021097742, -0.0016505392, -0.0013905058, -0.0013197104, -0.0012295542, -0.001172331, -0.0011297526, -0.0011116685, -0.0010811241, -0.0010529717, -0.001039208, -0.0010112263, -0.0009822863, -0.0009671851, -0.00093459344, -0.00089792104, -0.0008589178, -0.0008390079, -0.0007956638, -0.0007432866, -0.0007120989, -0.0006387966, -0.00055305177, -0.00045705127, -0.00040509878, -0.00029096942, -0.00016380372, -9.680311e-05, 4.1045427e-05, 0.00018216993, 0.00032589494, 0.0003986806, 0.0005434903, 0.0006843184, 0.000752449, 0.0008843212, 0.0010089154, 0.0010676731, 0.0011763342, 0.0012721934, 0.0013543766, 0.0013910768, 0.0014572623, 0.0015141399, 0.0015397939, 0.0015862507, 0.0016267853, 0.0016622241, 0.0016773219, 0.0016997202, 0.0017111121, 0.001713339, 0.0017125589, 0.0017046226, 0.0016980747, 0.0016800996, 0.0016544935, 0.0016168578, 0.001592881, 0.0015376994, 0.0014748581, 0.0014405891, 0.0013654853, 0.0012816939, 0.0011913651, 0.0011444344, 0.0010466509, 0.0009424174, 0.0008880395, 0.00077753334, 0.00066956325, 0.00061798654, 0.00052006415, 0.00042739438, 0.00033804213, 0.0002953712, 0.00021709403, 0.00015281244, 0.00012641617, 8.400131e-05, 4.844557e-05, 1.0339027e-05, -1.2355044e-05, -6.8652356e-05, -0.00013994587, -0.00018060303, -0.00026776106, -0.0003577299, -0.0004018303, -0.0004852866, -0.00055992533, -0.0006244063, -0.00065294426, -0.00070285, -0.00074427604, -0.00076233596, -0.0007933954, -0.0008186769, -0.00083867897, -0.0008469989, -0.0008617078, -0.00088033034, -0.0008961585, -0.00096069864, -0.0010965256
0, 0, 0, 0, 0, 0, 0, 0, 0, 0, 0, 0, 0, 0, 0, 0, 0, 0, 0, 0, 0, 0, 0, 0, 0, 0, 0, 0, 0, 0, 0, 0, 0, 0, 0, 0, 0, 0, 0, 0, 0, 0, 0, 0, -0.0019568643, -0.0017319911, -0.0014086626, -0.0012482144, -0.0012148148, -0.0011888692, -0.0011781182, -0.0011627137, -0.0011529948, -0.0011295221, -0.0011024456, -0.0010880873, -0.0010572991, -0.0010248071, -0.0010073624, -0.00096977415, -0.00092744327, -0.0008824332, -0.0008597847, -0.000811955, -0.0007564025, -0.0007241845, -0.0006481043, -0.00055885967, -0.00045900824, -0.0004050277, -0.00028671665, -0.0001560169, -8.7132605e-05, 5.4045402e-05, 0.00019787789, 0.00034467562, 0.00041901442, 0.00056663936, 0.000708538, 0.0007766071, 0.0009069956, 0.0010282935, 0.0010845471, 0.0011863993, 0.0012732636, 0.0013464092, 0.0013791993, 0.0014375472, 0.0014880256, 0.0015107777, 0.0015517533, 0.001585671, 0.0016120822, 0.0016218089, 0.0016323434, 0.0016320944, 0.0016293115, 0.00161962, 0.0016032835, 0.0015920771, 0.0015639472, 0.0015269917, 0.001478416, 0.0014496737, 0.0013865464, 0.0013185064, 0.0012824192, 0.0012047157, 0.0011183189, 0.0010258162, 0.0009780376, 0.0008799375, 0.0007783364, 0.00072634284, 0.0006221199, 0.0005220748, 0.00047482149, 0.00038595466, 0.00030267466, 0.00022329726, 0.00018582144, 0.000118151846, 6.4209096e-05, 4.296773e-05, 1.0059906e-05, -1.6699698e-05, -4.6938938e-05, -6.610319e-05, -0.00011587174, -0.00018137909, -0.00021904497, -0.00030051032, -0.000384799, -0.00042603025, -0.000503762, -0.00057273847, -0.00063194847, -0.0006578964, -0.00070302497, -0.0007404491, -0.0007565988, -0.000784402, -0.00080732116, -0.0008259278, -0.00083380245, -0.00084850786, -0.00086781447, -0.000884118, -0.0009502046, -0.0010875206
0, 0, 0, 0, 0, 0, 0, 0, 0, 0, 0, 0, 0, 0, 0, 0, 0, 0, 0, 0, 0, 0, 0, 0, 0, 0, 0, 0, 0, 0, 0, 0, 0, 0, 0, 0, 0, 0, 0, 0, 0, 0, 0, -0.0015947487, -0.0014515495, -0.0013494805, -0.0011988904, -0.001134947, -0.0011264528, -0.0011317908, -0.001142903, -0.0011466744, -0.0011444838, -0.0011325828, -0.0011136648, -0.0011020188, -0.0010748993, -0.0010446609, -0.0010278855, -0.0009895893, -0.00094489864, -0.0008949856, -0.00086855463, -0.00081324164, -0.000751345, -0.0007166135, -0.0006367771, -0.00054365816, -0.00043890276, -0.00038261552, -0.0002612593, -0.00012950473, -6.056718e-05, 8.057859e-05, 0.00022367145, 0.0003685595, 0.00044154478, 0.0005864657, 0.00072510744, 0.00079082634, 0.00091501314, 0.0010286806, 0.0010805982, 0.0011723754, 0.0012484668, 0.0013122434, 0.001340924, 0.0013926756, 0.001437303, 0.0014571865, 0.0014914377, 0.001516179, 0.0015311271, 0.0015346803, 0.0015334955, 0.0015232483, 0.0015161586, 0.0014986761, 0.0014734523, 0.001457403, 0.0014185604, 0.0013710506, 0.0013137611, 0.0012818538, 0.0012137434, 0.0011418451, 0.0011039532, 0.0010222577, 0.00093221664, 0.00083712966, 0.0007888594, 0.0006918147, 0.0005932377, 0.0005433547, 0.0004443928, 0.00035080488, 0.00030709282, 0.00022621154, 0.00015158909, 8.140911e-05, 4.8450016e-05, -1.002449e-05, -5.5430657e-05, -7.25075e-05, -9.7350814e-05, -0.00011642155, -0.00013972181, -0.00015565904, -0.00019949509, -0.00025935445, -0.0002940513, -0.00036972907, -0.0004483348, -0.0004867786, -0.0005588265, -0.0006224485, -0.0006761408, -0.0006993815, -0.00073951477, -0.0007719298, -0.00078566454, -0.00080903515, -0.0008278082, -0.0008425095, -0.0008487733, -0.00086047285, -0.0008771332, -0.0008923421, -0.0009564174, -0.0010924651
0, 0, 0, 0, 0, 0, 0, 0, 0, 0, 0, 0, 0, 0, 0, 0, 0, 0, 0, 0, 0, 0, 0, 0, 0, 0, 0, 0, 0, 0, 0, 0, 0, 0, 0, 0, 0, 0, 0, 0, 0, 0, -0.001785808, -0.0013933062, -0.0011658444, -0.0011057005, -0.0010430919, -0.001028992, -0.0010326654, -0.001049937, -0.0010688752, -0.0010814229, -0.001084334, -0.0010831524, -0.0010730582, -0.0010654575, -0.0010458326, -0.0010213114, -0.0010071069, -0.00097368, -0.000931543, -0.0008802962, -0.00085156696, -0.00078871066, -0.00071868196, -0.0006805037, -0.00059690594, -0.00050136726, -0.00039367445, -0.00033565908, -0.00021278656, -8.259715e-05, -1.5188876e-05, 0.00012204622, 0.00026169495, 0.0004019502, 0.0004718701, 0.0006095611, 0.0007410245, 0.0008028279, 0.00091793184, 0.0010210815, 0.0010674726, 0.0011481758, 0.0012146069, 0.0012707405, 0.0012964449, 0.0013435531, 0.0013822948, 0.0013986457, 0.0014239833, 0.0014378806, 0.0014410024, 0.0014389736, 0.0014282581, 0.0014101253, 0.0013994455, 0.0013739902, 0.0013397877, 0.0013189764, 0.0012704418, 0.0012145549, 0.0011513494, 0.0011170945, 0.0010449437, 0.0009685918, 0.0009283082, 0.0008415859, 0.000747483, 0.0006506136, 0.00060264213, 0.0005075768, 0.00041204385, 0.0003638603, 0.00026866494, 0.00017965831, 0.0001388055, 6.470028e-05, -2.0681687e-06, -6.4214706e-05, -9.3113886e-05, -0.00014405821, -0.00018227754, -0.0001959277, -0.00021412729, -0.00022718671, -0.00024519383, -0.00025866443, -0.00029744086, -0.00035197558, -0.0003842027, -0.0004546851, -0.00052791205, -0.00056375127, -0.00063073076, -0.0006892846, -0.00073830766, -0.00075925293, -0.0007948368, -0.0008228089, -0.0008344378, -0.000853671, -0.0008681515, -0.000878587, -0.000882608, -0.0008898604, -0.00090224977, -0.0009152899, -0.00097545714, -0.0011087729
0, 0, 0, 0, 0, 0, 0, 0, 0, 0, 0, 0, 0, 0, 0, 0, 0, 0, 0, 0, 0, 0, 0, 0, 0, 0, 0, 0, 0, 0, 0, 0, 0, 0, 0, 0, 0, 0, 0, 0, 0, -0.0018561638, -0.0014793461, -0.0011761792, -0.001012193, -0.0009715157, -0.0009366789, -0.0009339405, -0.00093808986, -0.0009524448, -0.0009679976, -0.0009809673, -0.000985457, -0.0009897313, -0.0009862647, -0.0009818685, -0.0009688628, -0.0009502818, -0.00093913474, -0.00091174775, -0.0008747013, -0.00082621357, -0.00079735566, -0.000731271, -0.000655414, -0.0006147814, -0.00052741665, -0.00043115325, -0.00032421784, -0.00026672936, -0.00014579439, -1.9854346e-05, 4.4505217e-05, 0.00017578753, 0.00030942514, 0.0004433781, 0.00050945755, 0.0006380829, 0.0007596683, 0.0008167916, 0.0009218147, 0.0010136114, 0.0010543548, 0.001125834, 0.0011857682, 0.0012377067, 0.0012616052, 0.0013041975, 0.0013362941, 0.0013481744, 0.0013633007, 0.0013666482, 0.0013600903, 0.0013539755, 0.0013363212, 0.0013125028, 0.001298635, 0.0012656073, 0.0012228895, 0.0011976333, 0.0011415707, 0.0010798542, 0.0010117603, 0.0009754107, 0.0008986588, 0.0008172688, 0.0007742804, 0.000682613, 0.0005856316, 0.00048873277, 0.00044150624, 0.0003488009, 0.00025568277, 0.0002086586, 0.000115999916, 3.080475e-05, -7.4562304e-06, -7.5573356e-05, -0.00013589433, -0.00019163621, -0.00021734658, -0.00026201576, -0.0002937226, -0.00030414134, -0.00031677054, -0.00032516482, -0.0003389587, -0.00035050625, -0.00038518608, -0.00043551927, -0.00046564674, -0.0005318431, -0.00060040853, -0.0006337446, -0.00069598114, -0.00074992643, -0.00079477445, -0.00081382325, -0.0008454548, -0.000870057, -0.0008800058, -0.0008958615, -0.0009071044, -0.0009141266, -0.0009163939, -0.00091997726, -0.0009284706, -0.0009395813, -0.0009959486, -0.0011268338
0, 0, 0, 0, 0, 0, 0, 0, 0, 0, 0, 0, 0, 0, 0, 0, 0, 0, 0, 0, 0, 0, 0, 0, 0, 0, 0, 0, 0, 0, 0, 0, 0, 0, 0, 0, 0, 0, 0, 0, -0.0015374855, -0.001444177, -0.0012045683, -0.001026952, -0.0009291454, -0.000901445, -0.000871369, -0.0008595637, -0.00085746136, -0.0008576633, -0.00086148793, -0.0008669258, -0.00086963817, -0.00087363255, -0.00087312155, -0.00087066006, -0.00086025166, -0.00084378227, -0.00083354895, -0.00080907135, -0.0007767797, -0.0007323945, -0.00070509623, -0.0006400923, -0.000563765, -0.00052239315, -0.0004346834, -0.0003400544, -0.00023699092, -0.00018210718, -6.70451e-05, 5.2173218e-05, 0.00011282984, 0.0002361207, 0.0003622712, 0.000488542, 0.00055024226, 0.0006685781, 0.00077890034, 0.000830504, 0.00092513725, 0.0010068594, 0.0010430482, 0.0011077927, 0.0011641838, 0.001213375, 0.0012353527, 0.001272289, 0.0012963228, 0.0013032868, 0.0013089209, 0.0013040776, 0.0012916898, 0.0012832329, 0.001261354, 0.0012326248, 0.0012157658, 0.0011756184, 0.0011250984, 0.00109639, 0.0010350575, 0.0009692307, 0.00089688215, 0.0008580319, 0.0007757988, 0.0006893184, 0.0006442164, 0.000549827, 0.00045260636, 0.0003567566, 0.00031016886, 0.00021872997, 0.00012671304, 8.0560705e-05, -9.174648e-06, -8.964333e-05, -0.00012534214, -0.00018855205, -0.00024441106, -0.00029519357, -0.00031821642, -0.00035727408, -0.0003830204, -0.00039070615, -0.00039835324, -0.00040271593, -0.00041288498, -0.00042248357, -0.0004539373, -0.0005011123, -0.0005294082, -0.0005918593, -0.00065637304, -0.00068758806, -0.00074552547, -0.00079520623, -0.00083590054, -0.0008530474, -0.0008811177, -0.00090256095, -0.000911075, -0.00092425774, -0.0009330516, -0.00093779236, -0.0009389571, -0.0009403372, -0.00094637764, -0.0009562433, -0.0010101219, -0.0011395946
0, 0, 0, 0, 0, 0, 0, 0, 0, 0, 0, 0, 0, 0, 0, 0, 0, 0, 0, 0, 0, 0, 0, 0, 0, 0, 0, 0, 0, 0, 0, 0, 0, 0, 0, 0, 0, 0, 0, -0.0020426745, -0.0015063839, -0.0013065016, -0.0010819017, -0.0009678761, -0.0009036118, -0.0008811, -0.0008459563, -0.0008188321, -0.000807413, -0.00078842236, -0.0007750011, -0.0007662228, -0.0007637392, -0.0007607545, -0.00075778103, -0.00075478613, -0.0007434666, -0.00072414975, -0.000712051, -0.00068510126, -0.0006530497, -0.000612098, -0.0005866662, -0.0005255987, -0.00045288104, -0.0004132037, -0.0003286889, -0.00023807773, -0.00014034628, -8.922681e-05, 1.7066586e-05, 0.00012733859, 0.00018370704, 0.0002983117, 0.00041528067, 0.00053153804, 0.0005878822, 0.00069477776, 0.0007928347, 0.00083838706, 0.0009220833, 0.0009948519, 0.0010274765, 0.0010868348, 0.0011400745, 0.0011853928, 0.0012045075, 0.0012338606, 0.0012492996, 0.0012524839, 0.0012518521, 0.0012430341, 0.0012280266, 0.0012182307, 0.0011927132, 0.0011588851, 0.0011388526, 0.0010918377, 0.0010355178, 0.0010044903, 0.00093930465, 0.0008698124, 0.00079305074, 0.000751639, 0.00066465, 0.0005747452, 0.0005288662, 0.00043474493, 0.00033861818, 0.00024329605, 0.00019661179, 0.000104981984, 1.4064076e-05, -3.0731288e-05, -0.000116201576, -0.00019182137, -0.00022538789, -0.00028493835, -0.00033721462, -0.00038367815, -0.00040438998, -0.00043825194, -0.00045916968, -0.00046470674, -0.0004680535, -0.0004683182, -0.00047466304, -0.0004827562, -0.0005112242, -0.0005554862, -0.0005822057, -0.00064102054, -0.0007019324, -0.0007313687, -0.0007853717, -0.00083096564, -0.000867803, -0.00088293647, -0.0009076238, -0.00092570024, -0.00093263725, -0.00094321993, -0.0009496209, -0.0009524293, -0.0009526742, -0.00095221424, -0.00095658476, -0.00096568366, -0.0010182587, -0.0011473465
0, 0, 0, 0, 0, 0, 0, 0, 0, 0, 0, 0, 0, 0, 0, 0, 0, 0, 0, 0, 0, 0, 0, 0, 0, 0, 0, 0, 0, 0, 0, 0, 0, 0, 0, 0, 0, 0, 0, -0.0016269141, -0.0013295072, -0.0012076402, -0.0010561419, -0.0009769386, -0.00092507136, -0.0009029211, -0.0008595552, -0.00081742456, -0.0007977063, -0.0007608005, -0.0007285164, -0.00070194545, -0.000691077, -0.00067448465, -0.00066227093, -0.0006563225, -0.0006400719, -0.00061544374, -0.0006003426, -0.0005671128, -0.0005312275, -0.0004894329, -0.0004649718, -0.0004070387, -0.00033893512, -0.0003018761, -0.00022281124, -0.00013752449, -4.5677967e-05, 2.1093845e-06, 9.980685e-05, 0.00020085614, 0.00025228673, 0.0003572812, 0.00046355347, 0.0005675683, 0.00061777694, 0.0007114929, 0.00079607294, 0.0008351604, 0.00090730673, 0.0009715253, 0.0010008807, 0.0010551191, 0.0011034196, 0.0011430067, 0.0011584695, 0.0011799289, 0.0011889798, 0.0011898826, 0.001186445, 0.0011760731, 0.0011589717, 0.0011476513, 0.0011176505, 0.0010779403, 0.0010548509, 0.0010025454, 0.00094226527, 0.00090971496, 0.0008413819, 0.0007681333, 0.00068747177, 0.0006442964, 0.00055491267, 0.0004641365, 0.0004183927, 0.0003249053, 0.00022885147, 0.00013311268, 8.631897e-05, -4.7497097e-06, -9.3163595e-05, -0.00013614242, -0.00021780311, -0.00029007375, -0.00032207294, -0.00037830655, -0.0004264561, -0.00046886908, -0.00048755278, -0.00051764835, -0.00053500716, -0.0005386072, -0.000538245, -0.00053449237, -0.0005373317, -0.0005439474, -0.0005692804, -0.0006103353, -0.00063540094, -0.0006910587, -0.00074860535, -0.00077619264, -0.00082652987, -0.0008686498, -0.0009018367, -0.00091512466, -0.00093626376, -0.0009510023, -0.0009563428, -0.0009638681, -0.0009675852, -0.00096796546, -0.00096697436, -0.0009642826, -0.0009666474, -0.00097481534, -0.0010260575, -0.0011546185
0, 0, 0, 0, 0, 0, 0, 0, 0, 0, 0, 0, 0, 0, 0, 0, 0, 0, 0, 0, 0, 0, 0, 0, 0, 0, 0, 0, 0, 0, 0, 0, 0, 0, 0, 0, 0, -0.002128249, -0.0019147308, -0.0014355761, -0.0012166385, -0.0011502634, -0.0010662491, -0.0010149247, -0.0009715944, -0.0009492292, -0.0009004778, -0.00084897457, -0.00082339527, -0.00077398773, -0.0007267315, -0.0006831757, -0.0006639593, -0.0006308291, -0.0006049761, -0.0005937332, -0.0005699646, -0.00053977716, -0.0005218458, -0.0004821446, -0.00043914618, -0.00039211888, -0.00036631973, -0.00030809696, -0.0002419618, -0.00020645354, -0.00013142826, -5.0719234e-05, 3.6544956e-05, 8.1845e-05, 0.00017377942, 0.00026654717, 0.00031333353, 0.0004082315, 0.0005030437, 0.00059427053, 0.00063724245, 0.0007169024, 0.0007879001, 0.00082078617, 0.00088218064, 0.00093843555, 0.00096466095, 0.0010133529, 0.0010558298, 0.0010881808, 0.0011000277, 0.0011148491, 0.0011197644, 0.0011195526, 0.0011145006, 0.0011022266, 0.001081673, 0.0010678511, 0.0010326382, 0.0009874998, 0.00096197217, 0.0009061139, 0.0008433623, 0.0008098171, 0.0007390064, 0.00066266337, 0.0005792393, 0.00053523405, 0.000445215, 0.00035465928, 0.00030873733, 0.00021456885, 0.00011757645, 2.189557e-05, -2.4056315e-05, -0.00011266577, -0.00019796455, -0.00023971149, -0.00031923503, -0.00038951533, -0.00042014202, -0.0004726588, -0.0005166917, -0.0005553571, -0.0005725862, -0.0005999468, -0.00061420846, -0.0006161558, -0.00061255734, -0.0006059206, -0.00060625654, -0.0006113635, -0.0006336844, -0.0006714286, -0.0006950119, -0.00074759114, -0.0008016566, -0.00082749466, -0.00087443565, -0.0009131703, -0.0009428661, -0.0009545584, -0.0009724564, -0.0009840786, -0.0009879908, -0.0009924246, -0.0009931816, -0.0009905642, -0.0009882279, -0.0009828428, -0.0009825942, -0.0009894611, -0.0010383244, -0.0011657076
0, 0, 0, 0, 0, 0, 0, 0, 0, 0, 0, 0, 0, 0, 0, 0, 0, 0, 0, 0, 0, 0, 0, 0, 0, 0, 0, 0, 0, 0, 0, 0, 0, 0, 0, 0, 0, -0.0016074463, -0.0014880472, -0.0012605257, -0.001143826, -0.0011131531, -0.001076304, -0.0010480614, -0.0010151409, -0.0009951239, -0.00094845745, -0.00089652586, -0.00087002997, -0.00081584987, -0.0007607897, -0.00070631545, -0.0006803829, -0.0006334716, -0.0005944363, -0.0005772686, -0.0005443681, -0.00050842593, -0.0004884072, -0.00044353763, -0.00039354016, -0.0003388216, -0.00030945882, -0.00024621925, -0.00017779187, -0.00014180661, -6.724078e-05, 1.2037624e-05, 9.688896e-05, 0.00014084447, 0.00022991958, 0.00031822856, 0.00036162895, 0.00044790402, 0.00053218973, 0.0006115014, 0.0006480762, 0.00071449403, 0.0007739105, 0.00080173736, 0.0008545965, 0.00090470666, 0.00092843594, 0.0009715414, 0.0010068547, 0.0010317668, 0.001040203, 0.0010498957, 0.0010518867, 0.0010507785, 0.0010435507, 0.001027622, 0.0010018875, 0.000985463, 0.000945294, 0.00089643296, 0.0008696493, 0.0008120382, 0.0007481972, 0.0007138083, 0.000640647, 0.0005619155, 0.00047660535, 0.00043209834, 0.00034167554, 0.00025092473, 0.00020470926, 0.00010972431, 1.2558407e-05, -8.19493e-05, -0.0001267232, -0.00021249424, -0.0002958206, -0.00033678964, -0.00041469766, -0.00048284052, -0.0005119883, -0.0005612024, -0.00060227624, -0.0006384272, -0.0006543397, -0.00067858485, -0.0006897476, -0.00069032353, -0.0006843816, -0.0006759159, -0.00067423313, -0.00067817414, -0.0006981722, -0.0007335632, -0.0007557717, -0.000805218, -0.00085594406, -0.0008802269, -0.0009238853, -0.00095917395, -0.0009857613, -0.0009959451, -0.0010109021, -0.0010196741, -0.0010222105, -0.0010239569, -0.0010219894, -0.0010166779, -0.0010129856, -0.0010049769, -0.0010018912, -0.00100739, -0.0010535661, -0.0011794766
0, 0, 0, 0, 0, 0, 0, 0, 0, 0, 0, 0, 0, 0, 0, 0, 0, 0, 0, 0, 0, 0, 0, 0, 0, 0, 0, 0, 0, 0, 0, 0, 0, 0, 0, 0, -0.0017594587, -0.001347786, -0.0012419196, -0.0011244592, -0.0010809518, -0.0010729051, -0.0010655464, -0.0010558219, -0.0010352036, -0.0010202609, -0.0009832866, -0.00094008236, -0.0009169281, -0.0008675305, -0.0008135996, -0.00075633614, -0.0007278416, -0.0006737936, -0.0006248205, -0.0006024396, -0.0005591266, -0.00051539374, -0.00049250753, -0.00044306487, -0.00038737085, -0.000325329, -0.00029193904, -0.00022090279, -0.00014624496, -0.0001079077, -2.968512e-05, 5.1401763e-05, 0.00013603755, 0.00017985963, 0.0002686634, 0.0003557477, 0.00039753743, 0.00047764217, 0.0005530268, 0.000622024, 0.00065324036, 0.000709548, 0.00076041697, 0.0007849865, 0.0008326984, 0.00087795727, 0.0008990038, 0.00093550025, 0.0009628816, 0.0009803568, 0.0009857942, 0.0009911965, 0.0009905568, 0.0009880486, 0.000977121, 0.0009562594, 0.0009257276, 0.0009072843, 0.000864062, 0.00081385404, 0.0007866799, 0.00072847586, 0.0006629124, 0.0006273221, 0.0005515719, 0.00047078548, 0.00038471734, 0.00034009604, 0.00024950565, 0.00015831008, 0.00011200448, 1.7065664e-05, -7.906008e-05, -0.00017159157, -0.00021538713, -0.00029984064, -0.00038193303, -0.00042208645, -0.0004979302, -0.00056314183, -0.00059088954, -0.0006376918, -0.0006771561, -0.00071141205, -0.0007259407, -0.0007472504, -0.0007558112, -0.000755327, -0.00074730866, -0.00073692336, -0.00073334755, -0.00073651416, -0.00075498776, -0.0007885978, -0.00080965884, -0.0008566036, -0.0009047897, -0.00092756544, -0.00096810266, -0.0010003268, -0.0010239729, -0.0010326225, -0.0010447106, -0.0010508072, -0.0010519654, -0.0010512733, -0.0010470094, -0.001039433, -0.001034602, -0.001024198, -0.0010186955, -0.0010229329, -0.0010670088, -0.0011917187
0, 0, 0, 0, 0, 0, 0, 0, 0, 0, 0, 0, 0, 0, 0, 0, 0, 0, 0, 0, 0, 0, 0, 0, 0, 0, 0, 0, 0, 0, 0, 0, 0, 0, 0, -0.0015711929, -0.0013678621, -0.0011527378, -0.0010905807, -0.0010333325, -0.0010237212, -0.0010258933, -0.0010333257, -0.0010349308, -0.0010261732, -0.0010178665, -0.0009942986, -0.00096426235, -0.00094738445, -0.00090868573, -0.0008626098, -0.0008109952, -0.0007838308, -0.00072960515, -0.0006759183, -0.00064930745, -0.00059618894, -0.00054260326, -0.0005155552, -0.0004595779, -0.00039850886, -0.00033004564, -0.00029295724, -0.00021414612, -0.0001312422, -8.9314e-05, -5.052446e-06, 7.949601e-05, 0.00016549382, 0.00020936635, 0.00029814927, 0.0003849609, 0.00042587463, 0.00050112186, 0.00056803244, 0.00062755507, 0.00065462815, 0.00070411834, 0.0007498119, 0.00077216025, 0.00081587496, 0.000855893, 0.0008733457, 0.00090155145, 0.00092034874, 0.00093084783, 0.0009338086, 0.0009357017, 0.00093198195, 0.00092760246, 0.0009124297, 0.0008870076, 0.00085313496, 0.0008336118, 0.00078907795, 0.00073816674, 0.0007104798, 0.00065064774, 0.00058272696, 0.00054582127, 0.0004680655, 0.00038659768, 0.00030080616, 0.00025638772, 0.00016588627, 7.438546e-05, 2.8034807e-05, -6.598391e-05, -0.0001604879, -0.0002510866, -0.00029445105, -0.00037800055, -0.00045877998, -0.00049800903, -0.0005712296, -0.0006337334, -0.0006603589, -0.00070567057, -0.000743406, -0.0007754058, -0.00078878656, -0.0008081721, -0.0008150449, -0.00081359333, -0.00080350554, -0.00079110457, -0.00078592374, -0.0007883703, -0.0008053405, -0.00083710614, -0.00085733744, -0.00090241514, -0.0009483306, -0.0009698363, -0.0010078055, -0.0010373695, -0.0010581847, -0.0010655054, -0.0010748622, -0.0010784125, -0.0010783313, -0.0010752158, -0.0010686355, -0.0010588666, -0.001052964, -0.001040289, -0.001032738, -0.0010359444, -0.0010782104, -0.0012020603
0, 0, 0, 0, 0, 0, 0, 0, 0, 0, 0, 0, 0, 0, 0, 0, 0, 0, 0, 0, 0, 0, 0, 0, 0, 0, 0, 0, 0, 0, 0, 0, 0, 0, -0.00147147, -0.0013507796, -0.0011493749, -0.0010339415, -0.001003114, -0.0009779378, -0.0009779623, -0.0009818075, -0.0009902328, -0.0009955654, -0.00099461, -0.0009917726, -0.0009805902, -0.0009635142, -0.00095291715, -0.00092590554, -0.0008911462, -0.0008497383, -0.0008267099, -0.000777274, -0.0007228172, -0.00069390284, -0.000632869, -0.0005696366, -0.0005378447, -0.0004736719, -0.00040625653, -0.00033231443, -0.00029236628, -0.00020707617, -0.00011717933, -7.178733e-05, 1.8688115e-05, 0.00010710779, 0.0001943843, 0.00023819976, 0.0003262714, 0.0004110743, 0.00045037243, 0.0005198733, 0.0005779772, 0.00062908966, 0.00065308943, 0.0006981913, 0.00074059993, 0.0007610838, 0.0007997675, 0.00083232706, 0.00084512634, 0.0008637351, 0.00087485014, 0.0008802473, 0.0008814778, 0.00088068703, 0.00087343436, 0.0008669337, 0.0008472042, 0.00081793364, 0.00078172755, 0.00076143316, 0.0007156538, 0.00066334737, 0.00063478935, 0.0005726081, 0.0005024745, 0.000464893, 0.0003867153, 0.0003057334, 0.00022058636, 0.00017621003, 8.551522e-05, -5.930629e-06, -5.190059e-05, -0.00014459713, -0.00023747866, -0.0003269115, -0.00036973564, -0.00045205338, -0.0005308612, -0.000568886, -0.0006400121, -0.0007008982, -0.00072676875, -0.0007703719, -0.00080585154, -0.000835825, -0.00084840885, -0.0008665502, -0.00087191194, -0.0008695059, -0.00085770036, -0.0008439177, -0.0008374922, -0.0008391537, -0.00085443264, -0.0008845963, -0.00090400066, -0.0009471612, -0.0009908801, -0.0010113043, -0.0010469932, -0.0010741105, -0.0010924553, -0.0010986038, -0.0011055387, -0.0011066438, -0.0011054159, -0.0011000297, -0.0010911137, -0.0010790961, -0.0010720501, -0.0010572458, -0.0010473937, -0.001049549, -0.0010899528, -0.001212944
0, 0, 0, 0, 0, 0, 0, 0, 0, 0, 0, 0, 0, 0, 0, 0, 0, 0, 0, 0, 0, 0, 0, 0, 0, 0, 0, 0, 0, 0, 0, 0, 0, -0.002025726, -0.0014875849, -0.0012846101, -0.0010749229, -0.0009907554, -0.000970635, -0.00095185684, -0.0009473662, -0.0009474567, -0.0009495171, -0.00095122005, -0.0009518865, -0.00095138507, -0.0009479937, -0.00094005046, -0.0009342986, -0.00091760774, -0.0008940592, -0.00086275913, -0.00084429025, -0.0008011552, -0.00074893923, -0.0007196031, -0.0006545827, -0.000584178, -0.00054786564, -0.00047475885, -0.0004003399, -0.00032166197, -0.00027974017, -0.00019059755, -9.640899e-05, -4.866418e-05, 4.5700555e-05, 0.00013712194, 0.00022569805, 0.0002688864, 0.0003541365, 0.00043398514, 0.00047029275, 0.00053264893, 0.00058305246, 0.00062802556, 0.0006500166, 0.00069299375, 0.0007324657, 0.00075041334, 0.0007818109, 0.0008052958, 0.0008134168, 0.000824053, 0.00082990463, 0.0008323215, 0.0008322657, 0.00082800863, 0.0008160188, 0.0008069285, 0.00078223797, 0.0007497743, 0.0007115783, 0.0006907252, 0.00064372615, 0.0005894832, 0.00055984955, 0.00049566425, 0.00042440326, 0.00038672469, 0.00030916205, 0.00022896599, 0.00014360067, 9.901633e-05, 8.172111e-06, -8.234285e-05, -0.000127518, -0.00021869918, -0.00031043004, -0.00039902682, -0.00044118724, -0.000521674, -0.00059829745, -0.00063542766, -0.0007051713, -0.0007648332, -0.00078991347, -0.00083142624, -0.0008651989, -0.00089374534, -0.0009057213, -0.00092235545, -0.0009259683, -0.0009227796, -0.000909947, -0.0008951574, -0.00088738254, -0.0008885673, -0.00090274337, -0.00093149516, -0.0009500692, -0.0009913087, -0.0010330891, -0.0010524925, -0.0010859218, -0.0011108463, -0.001126947, -0.0011319624, -0.0011366967, -0.001135599, -0.0011332777, -0.0011257358, -0.0011147095, -0.001100512, -0.0010924145, -0.0010754208, -0.0010633044, -0.00106429, -0.00110265, -0.0012246757
0, 0, 0, 0, 0, 0, 0, 0, 0, 0, 0, 0, 0, 0, 0, 0, 0, 0, 0, 0, 0, 0, 0, 0, 0, 0, 0, 0, 0, 0, 0, 0, 0, -0.0015598612, -0.0012916063, -0.0011794727, -0.0010448898, -0.0009840849, -0.0009666496, -0.00094372005, -0.00092927594, -0.000924121, -0.00091611, -0.0009102247, -0.0009064102, -0.0009054409, -0.00090361526, -0.0009006088, -0.0008980591, -0.0008893246, -0.000874124, -0.00085112883, -0.0008361399, -0.00079879066, -0.0007502905, -0.0007217106, -0.00065660087, -0.0005825162, -0.00054313533, -0.00046217893, -0.0003804874, -0.0002975562, -0.0002547887, -0.00016458533, -6.9197165e-05, -2.061989e-05, 7.522878e-05, 0.00016804604, 0.00025648993, 0.00029909436, 0.00037933417, 0.00045156587, 0.0004839155, 0.0005393369, 0.0005849535, 0.0006271514, 0.0006482905, 0.00068964506, 0.0007248987, 0.00073926453, 0.00076192524, 0.00077689165, 0.0007815007, 0.00078706455, 0.0007896794, 0.0007892538, 0.00078731996, 0.00077805994, 0.00076013873, 0.0007483279, 0.0007198614, 0.0006853184, 0.00064597506, 0.00062440825, 0.0005756414, 0.00051909295, 0.00048841315, 0.00042300823, 0.0003517632, 0.00031432247, 0.00023739447, 0.00015709165, 7.123673e-05, 2.6580808e-05, -6.357081e-05, -0.0001524211, -0.00019674844, -0.0002867536, -0.00037771245, -0.00046515584, -0.00050647906, -0.00058482063, -0.0006599974, -0.0006965092, -0.0007650254, -0.0008229342, -0.0008471044, -0.0008870573, -0.0009196319, -0.0009470264, -0.0009583834, -0.0009733876, -0.00097561674, -0.0009719686, -0.0009580868, -0.0009421002, -0.00093344884, -0.00093427085, -0.0009475315, -0.00097512937, -0.0009930192, -0.0010328337, -0.0010728686, -0.0010912893, -0.0011227744, -0.0011456007, -0.001159578, -0.0011635437, -0.0011662171, -0.0011630743, -0.001159785, -0.0011501664, -0.001137213, -0.0011210773, -0.001111937, -0.0010928655, -0.0010786114, -0.0010785297, -0.0011149314, -0.0012360138
0, 0, 0, 0, 0, 0, 0, 0, 0, 0, 0, 0, 0, 0, 0, 0, 0, 0, 0, 0, 0, 0, 0, 0, 0, 0, 0, 0, 0, 0, 0, 0, -0.0017909294, -0.0013442152, -0.0011461895, -0.0010890302, -0.0010203772, -0.0009819067, -0.0009670178, -0.00094048324, -0.0009172708, -0.00090712775, -0.0008891143, -0.0008740656, -0.00086292136, -0.0008590721, -0.0008545549, -0.00085247343, -0.00085125066, -0.00084623834, -0.0008356735, -0.0008171556, -0.0008044401, -0.0007717906, -0.0007286074, -0.00070273405, -0.00064110104, -0.0005674497, -0.000526941, -0.000441768, -0.00035547593, -0.00026962114, -0.00022626968, -0.00013616843, -4.1335574e-05, 7.002878e-06, 0.00010262425, 0.00019503798, 0.00028236947, 0.00032313168, 0.00039730518, 0.0004612162, 0.0004896163, 0.00054040004, 0.00058499456, 0.0006269684, 0.00064742257, 0.0006854152, 0.00071424694, 0.0007246118, 0.0007390074, 0.0007477961, 0.0007503296, 0.00075313955, 0.0007534614, 0.00074894325, 0.0007444302, 0.00072914653, 0.0007060841, 0.0006924902, 0.00066174025, 0.00062584673, 0.0005850374, 0.0005623471, 0.00051081076, 0.00045206185, 0.00042084244, 0.00035516833, 0.00028452164, 0.00024731594, 0.00017017697, 8.9220084e-05, 3.4886475e-06, -4.071727e-05, -0.00012932187, -0.00021667272, -0.0002604898, -0.0003499594, -0.00043987093, -0.00052540365, -0.0005657004, -0.00064257893, -0.0007166826, -0.0007526324, -0.0008195021, -0.00087570376, -0.00089911296, -0.00093778165, -0.0009693036, -0.0009955788, -0.0010061815, -0.0010199697, -0.0010213151, -0.0010171965, -0.0010020717, -0.0009851308, -0.0009759367, -0.0009763293, -0.0009886208, -0.0010153595, -0.0010326565, -0.0010712142, -0.0011097303, -0.0011272975, -0.0011570273, -0.001178045, -0.0011901057, -0.001193094, -0.0011938205, -0.001188789, -0.001184547, -0.0011731616, -0.0011582843, -0.0011402484, -0.001130171, -0.0011091469, -0.0010928857, -0.0010918513, -0.0011264522, -0.0012466753
0, 0, 0, 0, 0, 0, 0, 0, 0, 0, 0, 0, 0, 0, 0, 0, 0, 0, 0, 0, 0, 0, 0, 0, 0, 0, 0, 0, 0, 0, -0.0021389634, -0.0017278516, -0.0012942076, -0.0011070888, -0.0010287378, -0.0010094009, -0.0009861601, -0.00096543564, -0.0009537114, -0.0009261407, -0.0008966604, -0.000881621, -0.00085157086, -0.00082173594, -0.0007948664, -0.0007833712, -0.0007656008, -0.0007532595, -0.0007479828, -0.0007366505, -0.0007219379, -0.00070305, -0.00069232873, -0.0006677777, -0.0006368095, -0.0006176358, -0.00056958466, -0.0005091435, -0.000475018, -0.00040055718, -0.00032028445, -0.00023515317, -0.00019100342, -9.993614e-05, -6.524728e-06, 4.0144165e-05, 0.00013158927, 0.0002185707, 0.00029889337, 0.00033554132, 0.0004000164, 0.00045442834, 0.0004798602, 0.00053003733, 0.00057735527, 0.0006173005, 0.00063368113, 0.00065951084, 0.0006760189, 0.0006813432, 0.00068856124, 0.0006936206, 0.00069498754, 0.0006932385, 0.0006850434, 0.00066957256, 0.00065951934, 0.00063509424, 0.000606431, 0.00059104495, 0.0005570245, 0.000516519, 0.0004698968, 0.0004444767, 0.00038890488, 0.00032877456, 0.0002974625, 0.00023205126, 0.00016048478, 0.00012253724, 4.4493576e-05, -3.564829e-05, -0.000119187156, -0.00016198149, -0.00024834104, -0.00033456873, -0.00037773862, -0.00046482394, -0.00055116834, -0.0006336544, -0.0006728519, -0.00074753765, -0.0008188695, -0.0008532325, -0.0009170645, -0.0009706867, -0.0009930179, -0.0010296198, -0.0010585521, -0.0010826197, -0.0010923331, -0.00110442, -0.0011036791, -0.001098541, -0.0010818897, -0.0010638363, -0.0010532234, -0.0010529201, -0.0010640626, -0.0010891556, -0.0011055192, -0.0011418305, -0.0011778212, -0.0011940436, -0.0012206796, -0.0012384525, -0.0012472497, -0.0012485527, -0.0012459483, -0.0012375654, -0.0012316108, -0.0012168296, -0.0011986116, -0.0011770736, -0.0011652408, -0.0011405757, -0.0011205763, -0.0011175934, -0.0011489072, -0.0012675358
0, 0, 0, 0, 0, 0, 0, 0, 0, 0, 0, 0, 0, 0, 0, 0, 0, 0, 0, 0, 0, 0, 0, 0, 0, 0, 0, 0, 0, 0, -0.0015432289, -0.0013912929, -0.001167718, -0.0010627195, -0.0010175823, -0.0010045244, -0.0009842393, -0.0009624693, -0.0009496201, -0.00092098775, -0.00089043734, -0.00087490655, -0.0008431064, -0.00081022736, -0.0007784429, -0.00076374836, -0.00073861197, -0.0007176295, -0.0007081285, -0.00068890455, -0.0006682478, -0.00064627355, -0.0006347485, -0.00061039877, -0.00058174465, -0.0005644227, -0.00052255555, -0.00047084416, -0.00044190933, -0.0003782896, -0.00030575218, -0.00022318357, -0.00017864222, -8.647654e-05, 5.4676398e-06, 5.0340866e-05, 0.00013710321, 0.00021977599, 0.0002961663, 0.00033110057, 0.0003932714, 0.00044749174, 0.00047338865, 0.00052455283, 0.0005711964, 0.00060727383, 0.00062085903, 0.00064113695, 0.0006550369, 0.0006598597, 0.0006663815, 0.00066966313, 0.0006693859, 0.000663064, 0.00064926734, 0.0006294859, 0.000617947, 0.00059164345, 0.0005618731, 0.0005456085, 0.0005089414, 0.00046530337, 0.00041600416, 0.00038969007, 0.00033365696, 0.00027333642, 0.00024186535, 0.00017546346, 0.0001029042, 6.485101e-05, -1.2687975e-05, -9.176409e-05, -0.00017429571, -0.00021689804, -0.00030304305, -0.00038833686, -0.00043078183, -0.00051596155, -0.00060117623, -0.00068284554, -0.0007214069, -0.0007946734, -0.00086443755, -0.0008981095, -0.0009609979, -0.0010137089, -0.0010353634, -0.0010705024, -0.0010986172, -0.0011220169, -0.001131266, -0.0011422909, -0.0011407005, -0.0011352547, -0.0011179578, -0.0010992358, -0.0010881873, -0.0010877465, -0.0010983093, -0.0011227438, -0.0011387124, -0.0011741818, -0.0012090225, -0.0012246092, -0.0012500045, -0.0012663621, -0.001273702, -0.0012743305, -0.0012702218, -0.0012603551, -0.0012536693, -0.0012374207, -0.0012176399, -0.0011945501, -0.0011819017, -0.0011555585, -0.0011337763, -0.0011299109, -0.0011596095, -0.001277546
0, 0, 0, 0, 0, 0, 0, 0, 0, 0, 0, 0, 0, 0, 0, 0, 0, 0, 0, 0, 0, 0, 0, 0, 0, 0, 0, 0, 0, -0.0018874713, -0.001362412, -0.0012347206, -0.0011034358, -0.0010507273, -0.0010256417, -0.0010159913, -0.0009956375, -0.00097089674, -0.0009562448, -0.000924678, -0.00089193333, -0.0008757922, -0.00084245915, -0.0008086305, -0.00077467936, -0.0007581079, -0.0007271663, -0.00069871766, -0.0006849879, -0.0006579845, -0.0006308848, -0.000603512, -0.0005897094, -0.00056090753, -0.0005301074, -0.0005131251, -0.00047502405, -0.0004305317, -0.00040584523, -0.00035008736, -0.00028324185, -0.00020361289, -0.00015979088, -6.860532e-05, 2.1017817e-05, 6.373074e-05, 0.00014460595, 0.00022144828, 0.00029426458, 0.00032806915, 0.00038897552, 0.00044305058, 0.00046905573, 0.00051916286, 0.0005622444, 0.0005930629, 0.00060417404, 0.00062083255, 0.0006334627, 0.0006381299, 0.00064358796, 0.0006435416, 0.0006410417, 0.00063034636, 0.00061305444, 0.0005913076, 0.0005792236, 0.00055209314, 0.00052035396, 0.00050271646, 0.00046261557, 0.00041601653, 0.00036527333, 0.0003387792, 0.00028246382, 0.00022142813, 0.00018936662, 0.000121722434, 4.8793176e-05, 1.0984967e-05, -6.564323e-05, -0.00014403452, -0.00022631935, -0.00026890804, -0.00035437723, -0.00043814327, -0.0004797151, -0.0005638258, -0.0006482701, -0.00072883227, -0.00076664606, -0.00083824416, -0.00090689916, -0.00094021717, -0.0010021334, -0.0010533789, -0.0010743297, -0.0011086292, -0.0011361005, -0.0011584713, -0.0011672403, -0.0011775002, -0.0011752626, -0.0011694494, -0.0011514766, -0.0011322408, -0.0011208403, -0.0011201577, -0.0011302513, -0.0011541685, -0.0011698401, -0.0012044196, -0.0012383015, -0.0012533513, -0.0012775537, -0.0012926813, -0.0012987083, -0.001298638, -0.0012932295, -0.0012819724, -0.0012745957, -0.001256951, -0.001235704, -0.0012111845, -0.0011977731, -0.0011698129, -0.0011463558, -0.0011417441, -0.0011699283, -0.0012871482
0, 0, 0, 0, 0, 0, 0, 0, 0, 0, 0, 0, 0, 0, 0, 0, 0, 0, 0, 0, 0, 0, 0, 0, 0, 0, 0, 0, -0.0018178071, -0.00153904, -0.0012584691, -0.0011766981, -0.0010956607, -0.0010652305, -0.0010475904, -0.0010389462, -0.0010182172, -0.0009910662, -0.0009751106, -0.00094072236, -0.00090504525, -0.00088707154, -0.0008515316, -0.000816397, -0.00078182126, -0.0007646843, -0.00073065533, -0.00069650344, -0.0006797404, -0.00064625836, -0.0006132206, -0.00057928474, -0.0005619576, -0.0005264656, -0.0004905072, -0.00047240529, -0.000434724, -0.0003936753, -0.00037095216, -0.0003186576, -0.0002544454, -0.00017767059, -0.00013540415, -4.8056623e-05, 3.7400845e-05, 7.764078e-05, 0.0001530038, 0.0002239273, 0.00029229323, 0.0003248593, 0.00038436474, 0.0004372259, 0.00046223484, 0.00050952943, 0.0005477588, 0.00057376764, 0.0005831453, 0.0005984271, 0.00061093393, 0.0006153242, 0.0006188826, 0.0006153332, 0.0006111599, 0.00059772306, 0.00057883316, 0.0005562878, 0.0005436964, 0.00051466626, 0.00047977208, 0.00046041192, 0.00041746267, 0.0003694164, 0.00031837565, 0.00029170045, 0.00023460395, 0.00017209195, 0.00013933537, 7.097173e-05, -1.6670725e-06, -3.8967897e-05, -0.00011497504, -0.0001933603, -0.0002756548, -0.00031792704, -0.0004019183, -0.0004843352, -0.000525451, -0.0006089944, -0.0006925323, -0.0007715442, -0.0008085555, -0.00087903684, -0.0009469756, -0.0009797884, -0.0010402827, -0.0010902819, -0.0011108605, -0.001144494, -0.0011709677, -0.0011923735, -0.0012008246, -0.0012104344, -0.0012074502, -0.0012013045, -0.0011828076, -0.0011631488, -0.0011513492, -0.0011504377, -0.001160177, -0.0011836392, -0.0011989892, -0.0012328498, -0.0012658383, -0.0012804052, -0.0013035361, -0.0013175325, -0.0013223514, -0.0013216735, -0.0013150187, -0.0013025264, -0.0012945085, -0.00127554, -0.0012529567, -0.00122701, -0.0012129163, -0.0011834976, -0.0011584985, -0.0011530733, -0.0011798117, -0.0012964081
0, 0, 0, 0, 0, 0, 0, 0, 0, 0, 0, 0, 0, 0, 0, 0, 0, 0, 0, 0, 0, 0, 0, 0, 0, 0, 0, -0.0016729141, -0.0015463532, -0.0013211357, -0.0011864459, -0.0011487929, -0.0011091966, -0.0010904575, -0.0010750344, -0.001066255, -0.0010451111, -0.0010183392, -0.0010027667, -0.00096857303, -0.00093210314, -0.00091346895, -0.0008760503, -0.00083958625, -0.0008042931, -0.0007864223, -0.0007504726, -0.00071254163, -0.00069329515, -0.00065455795, -0.0006155487, -0.0005746283, -0.00055344973, -0.00051044504, -0.00046894595, -0.000448617, -0.00040811123, -0.00036479085, -0.00034110603, -0.00028796645, -0.00022496436, -0.00015101524, -0.00011117995, -2.9035851e-05, 5.1059695e-05, 8.878644e-05, 0.00015888824, 0.00022418637, 0.00028791468, 0.00031905874, 0.00037724705, 0.00042870262, 0.00045223482, 0.000495239, 0.0005291314, 0.00055204006, 0.0005607298, 0.0005762101, 0.00058851705, 0.0005920996, 0.00059327035, 0.0005869533, 0.0005815047, 0.00056643377, 0.0005466345, 0.0005226396, 0.0005088854, 0.0004771996, 0.00043954395, 0.00041911274, 0.00037481752, 0.00032642935, 0.00027488917, 0.00024770916, 0.00018891835, 0.00012498646, 9.1839844e-05, 2.360323e-05, -4.820332e-05, -8.535416e-05, -0.0001616251, -0.00024018442, -0.00032189066, -0.0003633934, -0.00044611018, -0.00052781496, -0.00056875, -0.00065161, -0.0007336797, -0.00081117917, -0.00084777473, -0.0009176533, -0.0009844647, -0.0010165696, -0.0010758513, -0.0011251502, -0.0011453781, -0.0011779303, -0.0012033862, -0.0012242332, -0.0012323711, -0.0012411921, -0.0012374745, -0.0012310678, -0.0012120657, -0.0011920258, -0.0011798929, -0.0011788327, -0.0011883127, -0.0012112367, -0.001226303, -0.001259552, -0.0012917407, -0.0013058948, -0.0013280568, -0.0013410068, -0.0013447183, -0.0013434927, -0.001335659, -0.0013220279, -0.0013134264, -0.0012931935, -0.0012693878, -0.0012421907, -0.0012274175, -0.0011966008, -0.0011701344, -0.001163891, -0.0011893243, -0.0013053075
0, 0, 0, 0, 0, 0, 0, 0, 0, 0, 0, 0, 0, 0, 0, 0, 0, 0, 0, 0, 0, 0, 0, 0, 0, 0, 0, -0.001518101, -0.0013785785, -0.0012133152, -0.0011497318, -0.0011365443, -0.001123176, -0.0011126316, -0.0010986268, -0.0010901626, -0.0010708951, -0.0010475672, -0.0010346351, -0.0010053809, -0.0009728367, -0.0009552304, -0.00091851235, -0.00088133593, -0.00084457523, -0.00082627166, -0.00078797794, -0.00074685924, -0.0007253885, -0.00068156753, -0.0006368016, -0.000589191, -0.0005643235, -0.00051411014, -0.00046606356, -0.00044275774, -0.0003956728, -0.00034517646, -0.0003181484, -0.000260721, -0.00019760181, -0.00012701628, -8.928184e-05, -1.1714072e-05, 6.351715e-05, 9.867128e-05, 0.00016342133, 0.00022385726, 0.00028386433, 0.00031380227, 0.00037053865, 0.00041958533, 0.00044128284, 0.0004795358, 0.0005096705, 0.0005309642, 0.0005396507, 0.00055516197, 0.0005662589, 0.00056867866, 0.00056681223, 0.0005581119, 0.00055186107, 0.00053571566, 0.0005147292, 0.0004888063, 0.00047410507, 0.00044031462, 0.00040106385, 0.00038006008, 0.00033533736, 0.0002863441, 0.00023349165, 0.00020544366, 0.00014504252, 8.0580794e-05, 4.760777e-05, -2.0040066e-05, -9.180451e-05, -0.00012924931, -0.00020600339, -0.00028411823, -0.00036451968, -0.00040547427, -0.00048774705, -0.00056909845, -0.0006096925, -0.00069121446, -0.0007718511, -0.000848687, -0.00088499516, -0.0009538655, -0.0010192606, -0.0010508486, -0.0011094484, -0.0011578841, -0.0011775314, -0.0012090328, -0.0012339208, -0.0012540946, -0.0012617699, -0.0012699595, -0.0012656586, -0.0012589259, -0.0012394302, -0.0012190815, -0.0012065935, -0.0012054619, -0.0012145794, -0.0012371194, -0.0012519383, -0.0012845985, -0.0013160965, -0.0013298021, -0.0013511326, -0.0013631055, -0.0013657925, -0.001364057, -0.0013551543, -0.0013404525, -0.001331285, -0.001309973, -0.0012850298, -0.0012566426, -0.0012412511, -0.0012090873, -0.0011811982, -0.0011742683, -0.0011983804, -0.0013138066
0, 0, 0, 0, 0, 0, 0, 0, 0, 0, 0, 0, 0, 0, 0, 0, 0, 0, 0, 0, 0, 0, 0, 0, 0, 0, -0.0021195647, -0.0014556325, -0.0013017063, -0.0011653182, -0.0011327207, -0.0011299351, -0.0011296886, -0.0011251036, -0.0011144569, -0.0011078822, -0.0010931594, -0.0010771237, -0.0010683427, -0.0010477497, -0.0010222004, -0.0010073188, -0.00097327045, -0.00093571434, -0.0008970798, -0.0008776904, -0.00083748315, -0.00079362356, -0.0007704485, -0.00072224083, -0.00067171094, -0.0006184607, -0.0005906828, -0.0005343261, -0.0004785043, -0.00045089182, -0.00039394738, -0.0003333403, -0.00030192817, -0.00023798736, -0.00017295648, -0.00010390472, -6.7594265e-05, 6.6356633e-06, 7.726504e-05, 0.00010964372, 0.0001688369, 0.00022498595, 0.00028234397, 0.00031123497, 0.00036577904, 0.0004108862, 0.00042990624, 0.000463104, 0.0004905027, 0.00051117584, 0.0005197533, 0.00053430453, 0.00054304884, 0.00054382026, 0.00053915137, 0.00052885443, 0.00052209833, 0.0005051347, 0.00048308744, 0.000455677, 0.00044014203, 0.0004048061, 0.00036469358, 0.0003434201, 0.0002979788, 0.00024783923, 0.00019347075, 0.00016473014, 0.000103804814, 3.9691196e-05, 6.8994314e-06, -6.0887563e-05, -0.00013341517, -0.00017117575, -0.00024755162, -0.00032463216, -0.0004042028, -0.00044516576, -0.00052729045, -0.00060784945, -0.0006477495, -0.00072796684, -0.0008080452, -0.0008842837, -0.0009199985, -0.0009874357, -0.0010520034, -0.0010833171, -0.001141126, -0.0011883458, -0.0012075707, -0.00123842, -0.0012625642, -0.001281939, -0.0012893066, -0.0012969006, -0.0012920392, -0.0012849666, -0.001265053, -0.0012442974, -0.0012316429, -0.0012303978, -0.0012391899, -0.0012614122, -0.0012760116, -0.0013081218, -0.0013390004, -0.0013523273, -0.0013728045, -0.0013838641, -0.0013857008, -0.0013834079, -0.0013735755, -0.001357888, -0.0013482122, -0.0013258719, -0.0012998573, -0.0012703373, -0.0012543475, -0.0012209824, -0.0011916963, -0.001184107, -0.0012070562, -0.0013219463
0, 0, 0, 0, 0, 0, 0, 0, 0, 0, 0, 0, 0, 0, 0, 0, 0, 0, 0, 0, 0, 0, 0, 0, 0, 0, -0.001529769, -0.0012698733, -0.0011917363, -0.00112343, -0.001115303, -0.0011189951, -0.0011270647, -0.0011289511, -0.0011243613, -0.0011208155, -0.0011127848, -0.0011046855, -0.0011001652, -0.0010880132, -0.0010700811, -0.0010581382, -0.0010278254, -0.0009902819, -0.0009492452, -0.00092845666, -0.00088592636, -0.00084066344, -0.0008166953, -0.00076558156, -0.0007112167, -0.00065367663, -0.000623789, -0.000562279, -0.0004992394, -0.00046685143, -0.0003996563, -0.00032834787, -0.00029216235, -0.00022055773, -0.00015112098, -8.1853e-05, -4.6431163e-05, 2.437992e-05, 8.965766e-05, 0.00011912748, 0.00017348194, 0.00022706098, 0.00028314823, 0.00031091657, 0.00036113343, 0.0004005826, 0.00041697387, 0.00044614237, 0.0004718406, 0.00049225317, 0.00050036947, 0.000512856, 0.0005183543, 0.0005176924, 0.0005108353, 0.0004997529, 0.00049289316, 0.00047542088, 0.00045214777, 0.00042322077, 0.00040708893, 0.0003707686, 0.00032995522, 0.00030828782, 0.00026192795, 0.00021063382, 0.00015530002, 0.00012634699, 6.552118e-05, 1.5068382e-06, -3.148117e-05, -0.000100032645, -0.00017292352, -0.00021048452, -0.00028595305, -0.00036235424, -0.0004420561, -0.00048300222, -0.0005643718, -0.0006436801, -0.00068306533, -0.0007627764, -0.0008424255, -0.0009173511, -0.00095247664, -0.0010190487, -0.0010831081, -0.0011139413, -0.0011705937, -0.0012170431, -0.0012358987, -0.0012659983, -0.0012893458, -0.0013081155, -0.0013152198, -0.0013221108, -0.001316746, -0.0013094515, -0.0012890655, -0.0012679477, -0.001255122, -0.0012537243, -0.0012622518, -0.001284179, -0.0012986165, -0.0013302407, -0.001360475, -0.0013734509, -0.0013931585, -0.0014034368, -0.0014044022, -0.0014017025, -0.001390967, -0.0013743483, -0.0013642152, -0.001340899, -0.0013139095, -0.001283293, -0.0012667587, -0.0012322239, -0.0012017022, -0.0011934891, -0.0012153091, -0.0013297026
0, 0, 0, 0, 0, 0, 0, 0, 0, 0, 0, 0, 0, 0, 0, 0, 0, 0, 0, 0, 0, 0, 0, 0, 0, -0.0018302662, -0.001334373, -0.0011477259, -0.0011093753, -0.0010857811, -0.0010937626, -0.0011009579, -0.0011144499, -0.0011227345, -0.0011255397, -0.00112572, -0.0011255959, -0.0011243765, -0.0011228148, -0.0011165551, -0.001103674, -0.0010942194, -0.0010674965, -0.0010315864, -0.0009898873, -0.0009679383, -0.000923349, -0.0008772849, -0.00085300376, -0.0008015756, -0.0007457035, -0.00068643555, -0.0006555567, -0.0005907453, -0.00052176643, -0.0004851536, -0.00040829962, -0.0003278632, -0.0002874579, -0.00020802606, -0.00013315842, -6.258562e-05, -2.8388107e-05, 3.7530586e-05, 9.791813e-05, 0.00012558045, 0.00017748454, 0.00023023151, 0.0002848721, 0.00031081756, 0.000355141, 0.0003885155, 0.00040272652, 0.00042982752, 0.0004548735, 0.00047423312, 0.00048124848, 0.0004903501, 0.00049252977, 0.0004907677, 0.0004830298, 0.00047192012, 0.00046501198, 0.00044646673, 0.00042167158, 0.00039149693, 0.00037480722, 0.0003376769, 0.00029634408, 0.0002744391, 0.00022726403, 0.00017511226, 0.000119405595, 9.041859e-05, 2.9611958e-05, -3.4923447e-05, -6.822346e-05, -0.00013721354, -0.00020968168, -0.000246881, -0.0003218615, -0.00039832084, -0.00047795312, -0.0005184402, -0.0005987659, -0.0006772832, -0.0007165477, -0.0007958963, -0.00087441754, -0.00094830245, -0.0009829873, -0.0010490991, -0.0011122491, -0.0011425313, -0.0011983344, -0.0012441329, -0.0012626096, -0.0012918347, -0.0013145987, -0.0013327174, -0.0013395032, -0.0013458268, -0.0013399029, -0.0013324101, -0.0013115787, -0.0012902381, -0.0012771201, -0.0012755711, -0.0012839661, -0.0013055926, -0.0013197545, -0.0013510105, -0.0013806281, -0.0013932753, -0.0014122956, -0.0014218563, -0.0014220236, -0.0014189228, -0.0014073729, -0.0013898463, -0.0013792876, -0.0013551159, -0.0013271706, -0.0012956108, -0.0012785447, -0.0012428814, -0.0012112368, -0.0012024083, -0.0012231293, -0.0013370704
0, 0, 0, 0, 0, 0, 0, 0, 0, 0, 0, 0, 0, 0, 0, 0, 0, 0, 0, 0, 0, 0, 0, 0, -0.0017256552, -0.0014731876, -0.0012107787, -0.0010919125, -0.0010696704, -0.0010602892, -0.0010703079, -0.0010774252, -0.0010911558, -0.0011020004, -0.0011099427, -0.0011136134, -0.0011196758, -0.0011237796, -0.0011243356, -0.001121481, -0.0011118375, -0.0011038213, -0.0010805589, -0.0010479322, -0.0010080101, -0.0009864948, -0.0009424375, -0.0008969267, -0.00087331724, -0.0008231544, -0.0007681811, -0.00070891285, -0.0006776651, -0.00061144907, -0.00053826516, -0.0004986695, -0.00041430222, -0.0003265939, -0.0002828636, -0.00019810001, -0.00011916997, -4.793095e-05, -1.5349355e-05, 4.5333945e-05, 0.000102022226, 0.00012924134, 0.00018221512, 0.00023497369, 0.000286207, 0.00030935794, 0.00034706213, 0.00037565146, 0.00038887234, 0.000415597, 0.00043952203, 0.00045605615, 0.0004611977, 0.00046672614, 0.0004667138, 0.00046460278, 0.0004567998, 0.00044541943, 0.0004379404, 0.00041772588, 0.00039134035, 0.0003601129, 0.00034306754, 0.0003058198, 0.0002641318, 0.00024192652, 0.00019406599, 0.00014118932, 8.531129e-05, 5.630515e-05, -4.6416617e-06, -6.9642694e-05, -0.00010314803, -0.0001719338, -0.00024392086, -0.0002808946, -0.00035600524, -0.0004324337, -0.00051137526, -0.000551363, -0.000631044, -0.0007093627, -0.0007483429, -0.0008268039, -0.0009042636, -0.0009776149, -0.0010121076, -0.0010773608, -0.0011394578, -0.0011693987, -0.0012246836, -0.0012696167, -0.0012875936, -0.0013161941, -0.0013383563, -0.0013558321, -0.0013623162, -0.0013681594, -0.0013616397, -0.0013539066, -0.0013327242, -0.0013111046, -0.0012977446, -0.0012961125, -0.0013043024, -0.0013256564, -0.0013397302, -0.0013704726, -0.0013996024, -0.0014119535, -0.001430345, -0.001439163, -0.0014386068, -0.001435158, -0.0014227756, -0.0014045357, -0.0013935507, -0.0013685368, -0.0013397369, -0.0013072476, -0.001289657, -0.0012529773, -0.0012202724, -0.0012108646, -0.001230563, -0.0013440541
0, 0, 0, 0, 0, 0, 0, 0, 0, 0, 0, 0, 0, 0, 0, 0, 0, 0, 0, 0, 0, 0, 0, -0.0015957075, -0.0014710436, -0.0012521128, -0.001118757, -0.001057416, -0.0010446343, -0.0010373715, -0.0010415385, -0.0010452436, -0.0010538035, -0.0010621516, -0.0010699466, -0.0010739806, -0.0010819497, -0.0010882256, -0.0010900276, -0.0010899865, -0.0010832181, -0.0010770672, -0.0010577306, -0.0010294184, -0.0009939629, -0.0009744906, -0.00093408854, -0.00089220086, -0.0008704114, -0.0008241234, -0.0007726112, -0.0007149906, -0.0006838842, -0.00061708636, -0.00054240687, -0.0005015066, -0.00041349864, -0.0003216909, -0.00027633505, -0.00018954377, -0.0001103853, -4.0531806e-05, -9.273859e-06, 4.8672227e-05, 0.00010464441, 0.00013272154, 0.00018797965, 0.00023953147, 0.0002848826, 0.0003046548, 0.00033709116, 0.00036342736, 0.0003764445, 0.00040287134, 0.00042430297, 0.00043665487, 0.00043999232, 0.00044314342, 0.00044228713, 0.00044006246, 0.00043197506, 0.00041940296, 0.00041091247, 0.00038873253, 0.00036117484, 0.000329849, 0.0003128413, 0.00027537876, 0.00023313842, 0.00021054067, 0.00016176344, 0.000108716806, 5.2956388e-05, 2.3961033e-05, -3.734269e-05, -0.000102676386, -0.0001362028, -0.00020452631, -0.00027627381, -0.00031330707, -0.00038841087, -0.00046442644, -0.000542545, -0.0005823516, -0.00066174887, -0.000739586, -0.0007780988, -0.0008556302, -0.0009326036, -0.0010054363, -0.0010394896, -0.0011038043, -0.0011652813, -0.0011949723, -0.0012494308, -0.0012935143, -0.0013111741, -0.0013392258, -0.0013606875, -0.0013776523, -0.0013838706, -0.0013890805, -0.0013820753, -0.0013741701, -0.0013526297, -0.0013306733, -0.0013171368, -0.0013154169, -0.0013234073, -0.0013445446, -0.001358447, -0.001388774, -0.0014174245, -0.0014295282, -0.0014473263, -0.0014554418, -0.0014541966, -0.0014503808, -0.0014373341, -0.0014183404, -0.0014069907, -0.0013811643, -0.001351616, -0.0013182167, -0.0013002172, -0.0012625766, -0.0012287844, -0.001218869, -0.0012376443, -0.0013507006
0, 0, 0, 0, 0, 0, 0, 0, 0, 0, 0, 0, 0, 0, 0, 0, 0, 0, 0, 0, 0, 0, -0.0021719486, -0.0015958218, -0.00137568, -0.0011509273, -0.001063231, -0.0010279326, -0.001018668, -0.0010081803, -0.0010028358, -0.001001553, -0.0010010714, -0.0010020706, -0.0010039902, -0.0010054962, -0.0010093091, -0.001013513, -0.0010150607, -0.0010161769, -0.0010126658, -0.0010085097, -0.0009948817, -0.0009733366, -0.0009453747, -0.000929677, -0.00089666824, -0.00086164934, -0.0008432758, -0.00080351153, -0.00075759576, -0.00070364424, -0.0006736233, -0.00060749054, -0.000533593, -0.00049334095, -0.00040699425, -0.00031582592, -0.00027063556, -0.00018467965, -0.00010776059, -4.0024108e-05, -9.07059e-06, 4.966719e-05, 0.000107308835, 0.00013618138, 0.00019202038, 0.0002401596, 0.00027920728, 0.00029602292, 0.00032561808, 0.00035253516, 0.00036574123, 0.00039058548, 0.0004081991, 0.00041649694, 0.0004185347, 0.000420798, 0.0004195179, 0.000416956, 0.00040765823, 0.0003929985, 0.00038348508, 0.00035996077, 0.0003323114, 0.00030111405, 0.00028408295, 0.0002460022, 0.00020277279, 0.00017979216, 0.00013074138, 7.7900615e-05, 2.2293121e-05, -6.9030093e-06, -6.870481e-05, -0.0001340084, -0.00016729061, -0.00023530192, -0.00030704602, -0.00034414858, -0.00041891288, -0.000494337, -0.00057197985, -0.0006116768, -0.000690811, -0.000767881, -0.0008059989, -0.0008829512, -0.00095955294, -0.0010315472, -0.0010651089, -0.0011287445, -0.0011897293, -0.0012190397, -0.0012726474, -0.001316162, -0.001333507, -0.001360884, -0.0013817855, -0.0013982242, -0.0014041638, -0.0014088397, -0.0014014029, -0.0013932164, -0.0013713376, -0.0013491465, -0.0013353166, -0.0013335434, -0.0013413795, -0.0013622835, -0.0013759783, -0.0014060031, -0.0014341591, -0.0014460245, -0.0014632195, -0.0014707816, -0.0014689087, -0.0014647356, -0.0014510219, -0.0014313384, -0.0014196249, -0.0013931313, -0.001362763, -0.0013286136, -0.0013101756, -0.0012716375, -0.0012368746, -0.0012264617, -0.0012443032, -0.0013569824
0, 0, 0, 0, 0, 0, 0, 0, 0, 0, 0, 0, 0, 0, 0, 0, 0, 0, 0, 0, 0, 0, -0.0017071652, -0.0013690239, -0.0012356038, -0.0010841034, -0.001023963, -0.0009981296, -0.0009894286, -0.0009736869, -0.0009587913, -0.0009517112, -0.0009393497, -0.0009288323, -0.00092026236, -0.0009165157, -0.00091127167, -0.0009089147, -0.0009084345, -0.0009088963, -0.00090807275, -0.000906646, -0.0009004225, -0.00088828383, -0.0008707727, -0.00086039514, -0.00083750766, -0.0008120469, -0.0007979509, -0.0007660678, -0.00072696153, -0.00067889685, -0.00065113936, -0.00058856484, -0.0005176264, -0.00047924308, -0.00039759796, -0.00031099567, -0.00026748516, -0.00018424274, -0.00010997927, -4.3820288e-05, -1.2652524e-05, 4.8529728e-05, 0.00010874827, 0.00013783976, 0.00019119016, 0.00023490687, 0.00026991233, 0.00028553448, 0.0003153616, 0.00034344403, 0.00035619584, 0.00037744342, 0.0003906669, 0.00039638366, 0.00039796773, 0.000400063, 0.00039785285, 0.00039436403, 0.0003830617, 0.0003665717, 0.00035639177, 0.0003325305, 0.0003050159, 0.00027368308, 0.00025618807, 0.00021683742, 0.00017305872, 0.00015005826, 0.00010135389, 4.8687e-05, -7.340896e-06, -3.682936e-05, -9.874548e-05, -0.00016357387, -0.00019659851, -0.00026458115, -0.00033641793, -0.0003734074, -0.0004476202, -0.0005225077, -0.00060002645, -0.00063957414, -0.00071811007, -0.00079442724, -0.0008323605, -0.0009090019, -0.0009848916, -0.001056069, -0.0010893792, -0.001152483, -0.0012127502, -0.0012416105, -0.0012946813, -0.0013375917, -0.0013545762, -0.0013813054, -0.0014017023, -0.0014175973, -0.0014232949, -0.0014274555, -0.0014195335, -0.0014111722, -0.0013889307, -0.0013664679, -0.0013525243, -0.0013506832, -0.001358302, -0.0013789582, -0.0013925578, -0.0014222262, -0.0014499607, -0.0014615438, -0.0014782418, -0.001485232, -0.0014827265, -0.001478291, -0.0014639397, -0.0014435931, -0.0014315547, -0.0014044085, -0.0013733236, -0.0013384171, -0.0013195833, -0.001280195, -0.0012444952, -0.0012336213, -0.0012505893, -0.0013629386
0, 0, 0, 0, 0, 0, 0, 0, 0, 0, 0, 0, 0, 0, 0, 0, 0, 0, 0, 0, 0, -0.0017246223, -0.0013988859, -0.0011767555, -0.0011069342, -0.0010267625, -0.0009907176, -0.00097082165, -0.0009623588, -0.0009434469, -0.00092127966, -0.0009091214, -0.0008845484, -0.00086028234, -0.0008374834, -0.0008271645, -0.0008098166, -0.00079800526, -0.0007949428, -0.0007924156, -0.0007934807, -0.0007943324, -0.00079562294, -0.00079367287, -0.00078743894, -0.00078267144, -0.0007710936, -0.00075570645, -0.00074642163, -0.0007225798, -0.00069010735, -0.0006483365, -0.0006236191, -0.0005669493, -0.0005005439, -0.00046417312, -0.00038733, -0.00030669812, -0.0002661172, -0.00018719706, -0.00011469274, -4.887322e-05, -1.7184875e-05, 4.581033e-05, 0.000107289015, 0.00013592206, 0.00018586981, 0.00022611713, 0.00026036592, 0.00027624966, 0.00030694605, 0.00033434428, 0.0003457701, 0.00036255023, 0.00037229236, 0.0003772759, 0.00037885155, 0.0003803555, 0.0003763505, 0.00037166296, 0.00035842674, 0.00034086357, 0.00033052234, 0.0003067, 0.00027890078, 0.0002464183, 0.0002283291, 0.00018829752, 0.00014475778, 0.00012191553, 7.340911e-05, 2.0467907e-05, -3.61707e-05, -6.565854e-05, -0.00012711849, -0.0001915064, -0.00022454157, -0.00029268366, -0.00036434917, -0.0004010642, -0.0004746686, -0.00054936757, -0.00062671927, -0.00066598697, -0.0007437784, -0.0008196327, -0.0008574531, -0.0009335524, -0.001008672, -0.001079337, -0.0011123908, -0.0011749475, -0.0012343952, -0.0012630497, -0.001315578, -0.001357755, -0.0013744793, -0.0014006499, -0.0014205069, -0.0014358573, -0.0014413048, -0.0014450061, -0.0014366744, -0.0014280913, -0.0014055005, -0.0013827999, -0.0013687133, -0.0013667692, -0.0013742553, -0.0013946404, -0.001408131, -0.001437503, -0.0014648082, -0.0014761544, -0.0014923739, -0.0014988127, -0.0014957604, -0.0014910392, -0.0014760828, -0.0014551284, -0.0014428054, -0.0014150403, -0.0013832751, -0.0013476611, -0.0013284583, -0.0012882671, -0.0012517223, -0.0012403954, -0.0012565893, -0.0013685515
0, 0, 0, 0, 0, 0, 0, 0, 0, 0, 0, 0, 0, 0, 0, 0, 0, 0, 0, 0, 0, -0.0013802359, -0.001201176, -0.0010749215, -0.0010396688, -0.0009995676, -0.0009777492, -0.00096063176, -0.0009519778, -0.00093144237, -0.0009050395, -0.000889668, -0.00085539714, -0.0008184098, -0.00078210887, -0.0007648157, -0.0007347678, -0.0007128327, -0.00070554204, -0.00069778954, -0.00069764256, -0.00069968, -0.0007057642, -0.0007115641, -0.00071448315, -0.00071435806, -0.00071173557, -0.00070518564, -0.0007000325, -0.00068395486, -0.00065736455, -0.000620018, -0.00059761986, -0.00054598745, -0.0004843749, -0.00045004126, -0.00037649687, -0.0003006805, -0.00026326906, -0.00018998915, -0.00011996928, -5.3405543e-05, -2.1077147e-05, 4.2607364e-05, 0.000103650236, 0.0001313649, 0.00017868969, 0.00021680718, 0.000251351, 0.00026801843, 0.00029862454, 0.00032333125, 0.00033283167, 0.0003461915, 0.0003542997, 0.00035951514, 0.00036109428, 0.00036113063, 0.00035460075, 0.000348917, 0.0003343248, 0.0003165523, 0.00030617137, 0.00028183704, 0.00025306453, 0.0002195681, 0.00020110581, 0.00016112009, 0.0001179757, 9.512196e-05, 4.625759e-05, -7.192282e-06, -6.3723644e-05, -9.291227e-05, -0.00015391709, -0.00021837604, -0.00025149612, -0.00031958506, -0.000390699, -0.00042707243, -0.0005004935, -0.00057508337, -0.00065184064, -0.00069078896, -0.00076813495, -0.0008437178, -0.00088125817, -0.0009566343, -0.0010312874, -0.0011014319, -0.001134197, -0.0011960375, -0.0012550799, -0.0012834774, -0.001335249, -0.0013768716, -0.0013932917, -0.0014189441, -0.0014382044, -0.0014531151, -0.001458303, -0.0014616142, -0.0014528476, -0.0014440777, -0.0014211275, -0.0013982157, -0.0013839311, -0.0013819276, -0.0013892712, -0.0014094863, -0.0014228146, -0.001451895, -0.0014788234, -0.0014899529, -0.0015056793, -0.0015116179, -0.0015080235, -0.0015030277, -0.0014875247, -0.001466024, -0.0014534366, -0.0014250547, -0.0013926649, -0.0013563563, -0.0013368025, -0.0012959238, -0.0012585245, -0.0012467525, -0.0012622535, -0.0013738634
0, 0, 0, 0, 0, 0, 0, 0, 0, 0, 0, 0, 0, 0, 0, 0, 0, 0, 0, 0, -0.0021335138, -0.0016599168, -0.0012226746, -0.0010811072, -0.0010511642, -0.0010198475, -0.0010004613, -0.0009824302, -0.00097269035, -0.00095087127, -0.00092319056, -0.0009061517, -0.0008669298, -0.00082256866, -0.0007764459, -0.0007543203, -0.0007136972, -0.00068141066, -0.00066900346, -0.00065218296, -0.00064534944, -0.000645618, -0.0006507892, -0.0006589536, -0.00066656177, -0.0006694994, -0.000672668, -0.0006715279, -0.0006690689, -0.000657976, -0.0006352671, -0.00059954886, -0.00057748694, -0.00052653183, -0.0004673013, -0.00043439187, -0.00036482397, -0.00029382925, -0.00025922197, -0.0001911027, -0.00012344152, -5.6165056e-05, -2.3189146e-05, 4.0444316e-05, 9.921768e-05, 0.00012551292, 0.0001706768, 0.00020800796, 0.00024288145, 0.00025961833, 0.00028892758, 0.00031030632, 0.00031810158, 0.0003297421, 0.0003377781, 0.00034291163, 0.00034394406, 0.00034134692, 0.0003326303, 0.00032638447, 0.0003115435, 0.00029355203, 0.0002826946, 0.00025730234, 0.0002277463, 0.00019355361, 0.00017501453, 0.0001353531, 9.2159535e-05, 6.9155474e-05, 1.969811e-05, -3.3813834e-05, -8.980291e-05, -0.00011875702, -0.00017972096, -0.00024443047, -0.00027743296, -0.00034501508, -0.00041558378, -0.00045186866, -0.00052532676, -0.0005994084, -0.00067552086, -0.0007142836, -0.0007913769, -0.0008665514, -0.0009037223, -0.0009785875, -0.0010528015, -0.0011223669, -0.0011547493, -0.0012161122, -0.0012746919, -0.0013027184, -0.0013538959, -0.0013949735, -0.00141114, -0.0014362478, -0.001455036, -0.0014694674, -0.001474405, -0.0014773007, -0.0014681116, -0.0014591718, -0.0014359134, -0.001412798, -0.0013983207, -0.0013962553, -0.0014034116, -0.0014234968, -0.0014367303, -0.001465409, -0.0014920569, -0.0015029695, -0.0015182083, -0.001523702, -0.001519575, -0.0015143255, -0.0014983054, -0.0014763123, -0.001463478, -0.0014344833, -0.0014015477, -0.001364627, -0.0013447456, -0.0013030776, -0.001264957, -0.001252805, -0.0012675726, -0.0013789282
0, 0, 0, 0, 0, 0, 0, 0, 0, 0, 0, 0, 0, 0, 0, 0, 0, 0, 0, -0.0022194579, -0.0017640664, -0.0015286033, -0.0012389238, -0.0011273607, -0.0011024273, -0.0010744347, -0.0010549738, -0.0010356982, -0.0010257356, -0.0010043095, -0.000978132, -0.00096213096, -0.0009230214, -0.0008766417, -0.0008269428, -0.00080224173, -0.0007553155, -0.0007142809, -0.00069673866, -0.00066832843, -0.0006506417, -0.00064592797, -0.0006437114, -0.0006482881, -0.0006556791, -0.00065929844, -0.000664808, -0.0006655533, -0.0006630803, -0.00065092056, -0.0006264825, -0.00058839103, -0.00056460954, -0.0005107487, -0.0004505726, -0.00041866538, -0.00035282352, -0.00028670192, -0.00025419856, -0.00018895474, -0.00012218305, -5.4897017e-05, -2.207537e-05, 4.0098796e-05, 9.5679614e-05, 0.00012023029, 0.00016272275, 0.00019961788, 0.00023442166, 0.00025051663, 0.00027777898, 0.00029637403, 0.0003031909, 0.00031428356, 0.00032237338, 0.00032628086, 0.00032618485, 0.00032108705, 0.00031121593, 0.00030489455, 0.00028990273, 0.0002710336, 0.0002596688, 0.00023332723, 0.00020297697, 0.00016871118, 0.00015019954, 0.00011063836, 6.703563e-05, 4.3637603e-05, -5.9846284e-06, -5.897805e-05, -0.00011463836, -0.00014367096, -0.00020476963, -0.00026932269, -0.00030211415, -0.0003690352, -0.00043950893, -0.00047583252, -0.0005489252, -0.00062232837, -0.00069820794, -0.00073689385, -0.0008135344, -0.00088802853, -0.00092499104, -0.0009995151, -0.0010731857, -0.0011421797, -0.0011743362, -0.0012352142, -0.0012931476, -0.0013209205, -0.0013716549, -0.0014121608, -0.0014280529, -0.0014525901, -0.0014709466, -0.0014849389, -0.0014896947, -0.0014921275, -0.0014825115, -0.0014734042, -0.0014499193, -0.0014265676, -0.0014119209, -0.0014097755, -0.0014168214, -0.0014366674, -0.0014498059, -0.001478226, -0.001504467, -0.0015152356, -0.0015300545, -0.001535091, -0.0015305064, -0.0015249939, -0.0015085059, -0.0014859758, -0.0014728724, -0.0014433592, -0.0014099054, -0.0013724435, -0.0013522218, -0.0013098599, -0.0012710138, -0.0012585378, -0.0012726102, -0.001383659
0, 0, 0, 0, 0, 0, 0, 0, 0, 0, 0, 0, 0, 0, 0, 0, 0, 0, 0, -0.0015880752, -0.0014063297, -0.0013175197, -0.0012060944, -0.0011609631, -0.0011506402, -0.0011362432, -0.0011215132, -0.0011046662, -0.0010958906, -0.001077636, -0.0010557675, -0.0010422013, -0.0010082711, -0.00096579606, -0.0009181161, -0.0008934392, -0.00084435963, -0.0007976758, -0.0007760175, -0.0007382267, -0.00070997654, -0.00070043054, -0.00068943173, -0.0006867533, -0.0006886751, -0.00069036405, -0.0006927761, -0.0006892168, -0.0006838325, -0.00066371076, -0.00063047814, -0.0005840666, -0.00055678136, -0.00049732416, -0.00043456434, -0.00040287967, -0.00033944528, -0.0002766551, -0.00024522643, -0.00018069161, -0.00011390004, -4.7882942e-05, -1.6577706e-05, 4.1402447e-05, 9.2487964e-05, 0.00011506328, 0.00015529734, 0.00019169992, 0.00022604082, 0.0002413796, 0.00026600904, 0.0002824399, 0.00028870374, 0.0002995061, 0.0003069999, 0.00030900675, 0.00030778596, 0.00030114382, 0.00029079936, 0.00028446832, 0.00026895534, 0.0002489295, 0.00023701586, 0.00020974735, 0.00017935899, 0.0001449125, 0.00012641153, 8.662837e-05, 4.2361156e-05, 1.8840685e-05, -3.0366951e-05, -8.291026e-05, -0.00013873033, -0.00016790463, -0.00022893552, -0.00029288177, -0.00032535158, -0.0003921903, -0.0004626469, -0.00049880863, -0.00057117385, -0.0006442642, -0.00071997853, -0.00075841317, -0.00083444605, -0.000908538, -0.0009453307, -0.001019405, -0.0010924884, -0.0011610552, -0.0011930168, -0.0012533158, -0.00131073, -0.0013382889, -0.0013884848, -0.0014284515, -0.0014440783, -0.0014681667, -0.0014860603, -0.0014995933, -0.0015041671, -0.0015061756, -0.0014961938, -0.0014868985, -0.0014631144, -0.0014395338, -0.0014248098, -0.0014225912, -0.0014294708, -0.0014491536, -0.00146216, -0.001490317, -0.0015162149, -0.0015267958, -0.0015412475, -0.0015458029, -0.0015407964, -0.001535049, -0.0015181204, -0.0014951096, -0.0014817371, -0.0014517618, -0.0014177815, -0.0013797729, -0.0013592395, -0.0013163292, -0.0012767611, -0.0012639076, -0.0012773763, -0.0013881231
0, 0, 0, 0, 0, 0, 0, 0, 0, 0, 0, 0, 0, 0, 0, 0, 0, 0, 0, -0.0014334505, -0.0012439503, -0.0012027482, -0.001177309, -0.0011814716, -0.0011848888, -0.0011874044, -0.0011813454, -0.0011700687, -0.0011633672, -0.0011492373, -0.0011322042, -0.0011218612, -0.0010946335, -0.001060096, -0.00102, -0.0009986213, -0.0009534738, -0.0009070289, -0.0008843975, -0.0008419521, -0.00080797676, -0.0007950418, -0.0007773611, -0.0007674743, -0.00076093076, -0.0007577825, -0.00074914034, -0.0007332602, -0.000721014, -0.0006865573, -0.00063892093, -0.000580525, -0.000548458, -0.00048214555, -0.0004166514, -0.00038477837, -0.00032208813, -0.00026019354, -0.00022893374, -0.00016476904, -9.976494e-05, -3.7870046e-05, -9.294105e-06, 4.2767304e-05, 8.915534e-05, 0.00011024428, 0.00014915456, 0.00018522533, 0.00021827752, 0.00023251017, 0.00025398264, 0.00026851124, 0.00027456007, 0.00028516186, 0.00029143385, 0.00029130644, 0.0002891121, 0.000281862, 0.00027144628, 0.00026483575, 0.0002483226, 0.00022705745, 0.00021471035, 0.00018724776, 0.00015672453, 0.000122047815, 0.000103394, 6.303971e-05, 1.859485e-05, -4.7591047e-06, -5.3587068e-05, -0.000106081185, -0.00016223891, -0.00019131174, -0.00025189805, -0.0003152902, -0.00034775355, -0.00041462135, -0.00048466984, -0.0005204611, -0.00059245364, -0.00066545344, -0.0007406653, -0.0007787712, -0.00085439876, -0.0009281825, -0.000964735, -0.0010382552, -0.0011109374, -0.0011790692, -0.0012107098, -0.0012705257, -0.0013274992, -0.0013547943, -0.0014044859, -0.0014439208, -0.0014593051, -0.0014829068, -0.0015004203, -0.0015135386, -0.0015179217, -0.0015194562, -0.0015091803, -0.0014997063, -0.00147559, -0.0014518051, -0.0014369538, -0.0014347129, -0.0014414103, -0.0014609406, -0.0014738347, -0.0015017955, -0.0015273812, -0.001537724, -0.0015517292, -0.0015559198, -0.0015505094, -0.0015445618, -0.0015271659, -0.0015037666, -0.001490146, -0.0014597359, -0.0014252381, -0.0013866527, -0.0013658874, -0.0013224047, -0.0012822172, -0.0012689925, -0.0012818414, -0.001392374
0, 0, 0, 0, 0, 0, 0, 0, 0, 0, 0, 0, 0, 0, 0, 0, 0, 0, -0.0016878577, -0.0013624355, -0.0012037196, -0.0011782753, -0.0011790814, -0.0012013051, -0.001211119, -0.0012232987, -0.001223872, -0.0012175057, -0.001212936, -0.0012020802, -0.001188819, -0.0011805565, -0.0011597452, -0.0011343346, -0.0011051943, -0.0010895838, -0.0010553696, -0.0010178847, -0.0009984566, -0.00096042495, -0.0009269918, -0.00091297296, -0.0008903204, -0.0008725339, -0.0008544182, -0.0008440127, -0.00081799185, -0.0007824863, -0.0007602977, -0.0007067709, -0.00064290734, -0.0005721949, -0.00053556974, -0.00046315044, -0.0003947854, -0.00036233614, -0.0002998955, -0.00023858613, -0.00020769144, -0.00014530134, -8.414581e-05, -2.8279517e-05, -2.8164143e-06, 4.395448e-05, 8.700031e-05, 0.0001072691, 0.00014535552, 0.00018043436, 0.00021077537, 0.00022320067, 0.0002415549, 0.00025488593, 0.00026096267, 0.00027112258, 0.00027558042, 0.0002736225, 0.0002710109, 0.00026349563, 0.00025258216, 0.0002455083, 0.00022778763, 0.00020563355, 0.00019308722, 0.00016572185, 0.000134923, 9.976527e-05, 8.08659e-05, 4.0274746e-05, -4.053814e-06, -2.725053e-05, -7.590747e-05, -0.00012880375, -0.00018481999, -0.00021358735, -0.00027370438, -0.0003370847, -0.0003695624, -0.0004361316, -0.0005055297, -0.0005411835, -0.0006130602, -0.00068570935, -0.0007602962, -0.00079824094, -0.00087361917, -0.0009468831, -0.0009831856, -0.00105627, -0.001128621, -0.0011961136, -0.0012275233, -0.001286943, -0.001343428, -0.001370493, -0.0014196747, -0.00145867, -0.0014737947, -0.0014969524, -0.0015140005, -0.0015267703, -0.0015309204, -0.0015320766, -0.001521428, -0.0015118263, -0.0014874556, -0.001463507, -0.0014484822, -0.0014461427, -0.0014527268, -0.0014721195, -0.0014849383, -0.0015126036, -0.0015378842, -0.0015480707, -0.0015617395, -0.0015654939, -0.0015597008, -0.0015535675, -0.0015357395, -0.0015118892, -0.001498089, -0.0014672036, -0.0014322717, -0.001393209, -0.0013721836, -0.0013281254, -0.0012873543, -0.0012738105, -0.0012860772, -0.0013963737
0, 0, 0, 0, 0, 0, 0, 0, 0, 0, 0, 0, 0, 0, 0, 0, 0, -0.0017538083, -0.0015814542, -0.0013135662, -0.0012067168, -0.0011928693, -0.0012018553, -0.0012249714, -0.0012351121, -0.0012474764, -0.0012493104, -0.0012439055, -0.0012396919, -0.0012297912, -0.0012178672, -0.0012109281, -0.0011952815, -0.0011783574, -0.0011613611, -0.0011526978, -0.0011339968, -0.0011120248, -0.0010999088, -0.0010738746, -0.0010471389, -0.0010340681, -0.0010081663, -0.0009802198, -0.00094664696, -0.00092711597, -0.00088057603, -0.0008229324, -0.00078977155, -0.00071645377, -0.0006372549, -0.0005568065, -0.00051726727, -0.00044153928, -0.00037192737, -0.00033926746, -0.00027686992, -0.00021630542, -0.00018636066, -0.00012690393, -7.041715e-05, -1.9915691e-05, 3.10381e-06, 4.6112917e-05, 8.71342e-05, 0.00010689834, 0.00014364469, 0.00017617027, 0.00020264613, 0.00021304011, 0.00022900011, 0.00024219973, 0.0002482465, 0.00025735423, 0.00025968647, 0.0002562397, 0.00025336057, 0.0002456407, 0.00023403192, 0.00022634349, 0.00020753994, 0.00018501437, 0.0001725289, 0.00014495772, 0.000113608294, 7.801335e-05, 5.8958714e-05, 1.8455457e-05, -2.5707794e-05, -4.8922004e-05, -9.775791e-05, -0.00015076766, -0.00020624026, -0.00023475566, -0.00029481013, -0.00035824743, -0.00039056852, -0.00045648066, -0.0005256242, -0.00056120846, -0.0006328299, -0.00070489186, -0.00077912165, -0.00081699074, -0.0008919363, -0.0009647398, -0.0010008436, -0.0010735764, -0.0011454369, -0.0012124036, -0.0012436846, -0.001302589, -0.001358597, -0.0013854703, -0.0014341732, -0.0014726883, -0.0014875729, -0.0015103602, -0.0015269325, -0.0015393102, -0.001543255, -0.0015441234, -0.0015330254, -0.0015232776, -0.0014987363, -0.0014745902, -0.0014593984, -0.0014570114, -0.0014634822, -0.0014826973, -0.0014954091, -0.0015228301, -0.0015478377, -0.0015578568, -0.0015712096, -0.0015745821, -0.0015683597, -0.0015620061, -0.0015438547, -0.0015195516, -0.0015055571, -0.0014742651, -0.0014388978, -0.0013994095, -0.0013781346, -0.0013335424, -0.0012921642, -0.0012783542, -0.0012901147, -0.0014001236
0, 0, 0, 0, 0, 0, 0, 0, 0, 0, 0, 0, 0, 0, 0, 0, 0, -0.0015919451, -0.0014445111, -0.0012672087, -0.0012116343, -0.0012088253, -0.0012233463, -0.001244319, -0.0012528948, -0.0012630243, -0.0012634885, -0.0012567077, -0.0012516107, -0.0012397084, -0.001226423, -0.0012196578, -0.0012072452, -0.001197382, -0.0011911246, -0.0011889425, -0.0011851366, -0.0011796626, -0.0011754154, -0.0011637374, -0.001146444, -0.0011352041, -0.0011065176, -0.0010674122, -0.0010169244, -0.000987558, -0.00092061376, -0.0008435262, -0.00080170867, -0.000713676, -0.0006242644, -0.0005381486, -0.0004974011, -0.00042135164, -0.0003525442, -0.00032001908, -0.00025759486, -0.00019754018, -0.00016844585, -0.00011191453, -5.9245278e-05, -1.23057125e-05, 9.161955e-06, 4.9771337e-05, 8.918077e-05, 0.00010804863, 0.00014238548, 0.00017095309, 0.00019328076, 0.0002023063, 0.00021745163, 0.00023081979, 0.000236661, 0.00024356089, 0.00024336998, 0.00023915469, 0.00023636527, 0.00022854819, 0.00021564629, 0.00020734871, 0.00018790686, 0.00016536005, 0.00015275738, 0.0001247122, 9.280905e-05, 5.6969984e-05, 3.7935246e-05, -2.4538645e-06, -4.6674373e-05, -6.991961e-05, -0.00011893674, -0.00017168376, -0.00022675032, -0.00025521158, -0.00031533313, -0.0003784892, -0.0004104803, -0.00047603552, -0.0005450993, -0.00058054447, -0.00065163284, -0.00072331575, -0.0007973286, -0.0008349522, -0.0009093803, -0.0009818168, -0.0010178123, -0.0010900969, -0.0011614114, -0.0012280619, -0.0012590617, -0.0013175026, -0.0013731016, -0.0013997211, -0.001447983, -0.0014860369, -0.0015007443, -0.0015230587, -0.0015392647, -0.0015512375, -0.0015550094, -0.001555506, -0.0015441454, -0.001534239, -0.0015094, -0.0014850689, -0.0014697767, -0.001467336, -0.0014736702, -0.0014927293, -0.0015053382, -0.0015325369, -0.0015572439, -0.0015671364, -0.0015801551, -0.0015831874, -0.0015765885, -0.0015700364, -0.0015514547, -0.0015268323, -0.0015126237, -0.0014809456, -0.0014451768, -0.0014052736, -0.001383784, -0.0013386444, -0.0012967797, -0.0012826783, -0.0012938966, -0.0014036744
0, 0, 0, 0, 0, 0, 0, 0, 0, 0, 0, 0, 0, 0, 0, 0, -0.0017275437, -0.0014309759, -0.0013271562, -0.0012244806, -0.0012056252, -0.0012102056, -0.0012289482, -0.0012482292, -0.0012558841, -0.0012651075, -0.0012661378, -0.0012599551, -0.0012548438, -0.0012417194, -0.0012272805, -0.0012204972, -0.0012094147, -0.0012038313, -0.0012044099, -0.0012064644, -0.001212493, -0.0012182753, -0.0012199415, -0.0012185806, -0.0012081485, -0.0011982091, -0.001166882, -0.001118408, -0.0010541272, -0.001016871, -0.0009342822, -0.00084421044, -0.0007973766, -0.00070262706, -0.00060987414, -0.00052292686, -0.0004826037, -0.00040786125, -0.00034016542, -0.0003078689, -0.00024492026, -0.00018391387, -0.0001547012, -9.968832e-05, -4.984971e-05, -5.233835e-06, 1.531989e-05, 5.402243e-05, 9.124135e-05, 0.00010877259, 0.000139914, 0.00016423794, 0.00018383989, 0.00019242882, 0.00020770701, 0.0002203001, 0.0002248962, 0.00022895816, 0.00022723495, 0.00022327086, 0.0002204838, 0.00021167668, 0.00019742471, 0.00018873527, 0.00016902348, 0.00014627945, 0.00013350176, 0.000104974584, 7.257739e-05, 3.678898e-05, 1.7805465e-05, -2.2622746e-05, -6.705336e-05, -9.033318e-05, -0.00013921811, -0.00019166677, -0.00024658427, -0.000275119, -0.00033511635, -0.00039768708, -0.00042953226, -0.00049510883, -0.00056381087, -0.0005989982, -0.00066968007, -0.0007411078, -0.00081476476, -0.00085213204, -0.0009261876, -0.0009982953, -0.001034021, -0.0011058337, -0.0011767858, -0.0012430254, -0.0012737662, -0.0013317956, -0.0013869427, -0.0014133054, -0.0014611771, -0.0014988243, -0.0015132917, -0.0015351463, -0.0015510017, -0.0015626114, -0.0015662089, -0.0015663242, -0.0015546845, -0.0015446309, -0.0015195115, -0.0014950393, -0.0014795758, -0.0014770802, -0.001483367, -0.001502256, -0.0015147653, -0.0015417557, -0.0015661708, -0.0015759345, -0.0015886043, -0.0015913211, -0.0015843506, -0.0015776312, -0.0015587026, -0.0015337192, -0.0015193301, -0.0014872672, -0.0014511454, -0.0014107991, -0.0013890681, -0.0013434791, -0.001301094, -0.0012867339, -0.0012974754, -0.0014070547
0, 0, 0, 0, 0, 0, 0, 0, 0, 0, 0, 0, 0, 0, 0, 0, -0.0015838447, -0.0013234514, -0.0012538538, -0.0011966052, -0.0011953694, -0.001202452, -0.0012196804, -0.0012349779, -0.0012409962, -0.0012489173, -0.0012510881, -0.00124768, -0.0012440629, -0.0012339334, -0.0012221525, -0.0012165309, -0.0012077312, -0.0012046322, -0.0012074118, -0.0012107932, -0.0012196838, -0.0012293549, -0.001233391, -0.0012366765, -0.0012289754, -0.0012191515, -0.0011844736, -0.0011297457, -0.001057737, -0.0010165459, -0.0009272618, -0.0008326526, -0.0007849523, -0.0006906443, -0.00060058635, -0.0005166268, -0.00047734572, -0.00040337673, -0.00033462874, -0.00030142438, -0.00023661835, -0.0001739996, -0.00014420711, -8.97641e-05, -4.2483454e-05, -4.848525e-07, 1.9318692e-05, 5.6966295e-05, 9.19854e-05, 0.0001079687, 0.00013558917, 0.0001572715, 0.00017539332, 0.00018381514, 0.00019875688, 0.00020930766, 0.00021235854, 0.00021415814, 0.0002120554, 0.00020831812, 0.00020523214, 0.00019485445, 0.00017945924, 0.00017056047, 0.00015091874, 0.00012795853, 0.000114821596, 8.5654945e-05, 5.3196727e-05, 1.7419614e-05, -1.542327e-06, -4.2275457e-05, -8.672364e-05, -0.00011001556, -0.00015864974, -0.00021095402, -0.00026586166, -0.00029437614, -0.00035397286, -0.0004162026, -0.0004480836, -0.00051340787, -0.00058169186, -0.00061668275, -0.0006871148, -0.0007581945, -0.0008314284, -0.0008686265, -0.0009423928, -0.0010139997, -0.0010494979, -0.0011209762, -0.0011915129, -0.0012572925, -0.0012878961, -0.0013454832, -0.0014001671, -0.0014263497, -0.0014737771, -0.0015109887, -0.0015252329, -0.0015467257, -0.0015622475, -0.0015734683, -0.001576852, -0.0015766299, -0.0015646523, -0.001554458, -0.0015291452, -0.0015045046, -0.0014889636, -0.001486412, -0.0014925402, -0.0015113143, -0.0015237015, -0.0015504649, -0.0015746529, -0.0015842693, -0.001596653, -0.0015990041, -0.0015917458, -0.0015848614, -0.0015655871, -0.0015402321, -0.0015256908, -0.001493299, -0.0014567507, -0.0014159991, -0.0013940699, -0.0013480813, -0.0013051427, -0.0012905623, -0.0013008729, -0.0014102497
0, 0, 0, 0, 0, 0, 0, 0, 0, 0, 0, 0, 0, 0, 0, -0.001799109, -0.001462108, -0.0012666103, -0.0012209151, -0.0011877534, -0.0011895717, -0.0011945287, -0.0012048099, -0.0012120977, -0.0012143399, -0.0012169895, -0.0012167982, -0.001214008, -0.0012119855, -0.0012066279, -0.0012008111, -0.0011980779, -0.0011943175, -0.0011939261, -0.0011971961, -0.001199784, -0.0012067474, -0.0012139654, -0.0012170647, -0.001218956, -0.0012100503, -0.0011992734, -0.0011627683, -0.001106369, -0.0010342854, -0.000993898, -0.0009073517, -0.0008170539, -0.00077167054, -0.00068253675, -0.0005969964, -0.00051677163, -0.00047834753, -0.00040412153, -0.00033234272, -0.0002973937, -0.00023009178, -0.00016693, -0.00013760818, -8.438609e-05, -3.9187424e-05, 9.702386e-07, 2.0345773e-05, 5.7530684e-05, 9.0887865e-05, 0.000105367195, 0.00013002515, 0.00015010827, 0.00016785106, 0.00017617109, 0.00018979968, 0.00019744647, 0.00019915163, 0.00019977166, 0.00019811891, 0.00019390382, 0.00019002715, 0.00017801288, 0.00016199923, 0.00015329478, 0.00013367603, 0.000109966124, 9.642128e-05, 6.693238e-05, 3.4585733e-05, -1.2270298e-06, -2.03518e-05, -6.127407e-05, -0.00010572638, -0.00012885552, -0.00017731897, -0.00022967414, -0.00028453048, -0.00031286356, -0.00037205048, -0.00043423168, -0.00046602506, -0.00053090276, -0.00059892307, -0.00063381565, -0.0007039025, -0.00077458174, -0.00084744714, -0.0008845398, -0.0009578836, -0.0010290812, -0.0010644082, -0.001135568, -0.0012056056, -0.0012710069, -0.0013014086, -0.0013585651, -0.0014128698, -0.0014388625, -0.0014858389, -0.0015225954, -0.0015366456, -0.0015577923, -0.0015728791, -0.0015837728, -0.0015870112, -0.0015864816, -0.0015742218, -0.001563876, -0.0015383542, -0.0015134905, -0.0014978847, -0.0014952506, -0.0015012732, -0.0015199037, -0.0015322147, -0.0015588013, -0.0015827657, -0.0015921999, -0.0016042497, -0.0016063348, -0.0015987487, -0.0015916914, -0.0015720847, -0.0015464283, -0.0015317395, -0.001498992, -0.0014620645, -0.0014209651, -0.0013988342, -0.001352415, -0.0013090321, -0.0012941932, -0.0013040686, -0.0014132503
0, 0, 0, 0, 0, 0, 0, 0, 0, 0, 0, 0, 0, 0, 0, -0.0016748874, -0.0013773962, -0.0012402852, -0.0012106982, -0.0011889711, -0.0011875917, -0.0011885766, -0.0011892361, -0.0011862786, -0.0011839904, -0.0011777467, -0.0011708288, -0.0011639356, -0.001161077, -0.0011567622, -0.0011548186, -0.0011546768, -0.001155725, -0.0011584618, -0.0011625198, -0.0011649311, -0.0011695441, -0.0011723335, -0.0011724349, -0.0011689331, -0.00115638, -0.0011449925, -0.001109781, -0.0010580543, -0.0009932235, -0.00095702306, -0.00087977666, -0.0007988425, -0.0007580198, -0.00067648594, -0.00059628027, -0.0005184605, -0.00048047618, -0.0004054552, -0.00033111958, -0.00029495556, -0.00022652668, -0.00016486045, -0.00013645393, -8.499149e-05, -4.0706575e-05, -6.2515664e-07, 1.870815e-05, 5.5938563e-05, 8.7697044e-05, 0.00010095089, 0.00012350618, 0.00014321103, 0.00016101533, 0.0001686129, 0.00017956633, 0.00018478572, 0.00018591857, 0.00018667206, 0.00018514378, 0.00017933149, 0.0001744335, 0.00016139056, 0.00014571553, 0.0001370703, 0.00011683398, 9.218872e-05, 7.844588e-05, 4.901675e-05, 1.6709386e-05, -1.9388859e-05, -3.8685277e-05, -7.967438e-05, -0.00012386586, -0.00014687756, -0.0001955237, -0.00024777307, -0.00030236848, -0.00033057499, -0.00038955043, -0.00045166907, -0.0004832291, -0.00054773566, -0.0006155128, -0.00065026665, -0.0007200262, -0.0007903213, -0.000862981, -0.00089987495, -0.00097273913, -0.0010436408, -0.0010787962, -0.0011494914, -0.0012191605, -0.0012841808, -0.0013143434, -0.0013711214, -0.0014250787, -0.0014508478, -0.001497382, -0.0015337478, -0.001547605, -0.001568313, -0.0015830743, -0.0015936708, -0.0015967758, -0.0015958927, -0.001583329, -0.0015728762, -0.0015471188, -0.0015221182, -0.0015063283, -0.0015036588, -0.0015095603, -0.0015280828, -0.0015403333, -0.001566723, -0.0015904196, -0.0015997452, -0.0016115006, -0.0016132904, -0.0016053695, -0.0015981753, -0.0015782835, -0.0015523225, -0.0015374292, -0.0015043734, -0.0014671338, -0.0014256646, -0.0014033396, -0.0013565265, -0.0013127076, -0.001297649, -0.0013071112, -0.0014160655
0, 0, 0, 0, 0, 0, 0, 0, 0, 0, 0, 0, 0, 0, -0.0019451003, -0.0015520742, -0.0013172152, -0.0012236646, -0.0012044613, -0.0011887582, -0.0011834748, -0.0011810042, -0.001173452, -0.0011619235, -0.0011549699, -0.0011395657, -0.0011236523, -0.0011089018, -0.0011026639, -0.0010931898, -0.001088278, -0.0010874603, -0.0010884531, -0.0010919063, -0.0010972213, -0.0011000036, -0.0011048324, -0.0011055614, -0.0011039972, -0.0010953975, -0.0010794026, -0.0010681857, -0.001037882, -0.0009960291, -0.0009436648, -0.0009141326, -0.00084955426, -0.0007798936, -0.0007440742, -0.00067056104, -0.0005951954, -0.0005193349, -0.00048155262, -0.0004060963, -0.00033152296, -0.00029533575, -0.00022827764, -0.00016851793, -0.0001411831, -9.0690955e-05, -4.5818764e-05, -4.399565e-06, 1.5448175e-05, 5.238299e-05, 8.258056e-05, 9.498014e-05, 0.000116622694, 0.00013638391, 0.00015316895, 0.00015966597, 0.0001682084, 0.00017238902, 0.000173597, 0.00017465727, 0.00017202538, 0.00016434267, 0.00015883072, 0.00014562825, 0.000130243, 0.000121342266, 0.00010014817, 7.48631e-05, 6.1203245e-05, 3.199553e-05, -6.550296e-07, -3.714658e-05, -5.6422545e-05, -9.7265e-05, -0.0001413438, -0.00016443363, -0.00021314008, -0.00026509288, -0.00031950517, -0.00034766473, -0.00040653028, -0.0004683374, -0.00049973174, -0.0005640487, -0.0006315578, -0.0006661329, -0.0007355348, -0.0008056008, -0.000877889, -0.000914536, -0.0009871116, -0.0010576064, -0.0010925694, -0.0011628859, -0.0012322172, -0.0012968236, -0.001326748, -0.0013831985, -0.001436743, -0.0014622639, -0.0015084632, -0.0015444054, -0.0015580814, -0.0015783921, -0.001592869, -0.0016031419, -0.0016061139, -0.0016048837, -0.0015920181, -0.0015814414, -0.0015554667, -0.0015303441, -0.0015143804, -0.0015116507, -0.0015175096, -0.0015359214, -0.0015480976, -0.001574237, -0.0015976701, -0.0016069015, -0.0016184173, -0.0016198955, -0.0016116786, -0.0016043603, -0.0015841647, -0.0015578625, -0.0015428348, -0.0015094525, -0.0014719738, -0.0014301423, -0.0014076366, -0.0013604232, -0.001316191, -0.0013009212, -0.0013099904, -0.0014187782
0, 0, 0, 0, 0, 0, 0, 0, 0, 0, 0, 0, 0, -0.0020021212, -0.0017757072, -0.0014167988, -0.0012544811, -0.0011992974, -0.0011890158, -0.0011799046, -0.0011738847, -0.0011698209, -0.001158338, -0.0011415452, -0.0011317031, -0.001109508, -0.0010856335, -0.0010615581, -0.0010501626, -0.0010298941, -0.0010151654, -0.0010101865, -0.0010048542, -0.0010048794, -0.0010092052, -0.0010125396, -0.0010192328, -0.0010223704, -0.0010214321, -0.0010135617, -0.000999269, -0.0009899639, -0.00096716965, -0.000936693, -0.0008972672, -0.0008741014, -0.0008212192, -0.00076165504, -0.0007300952, -0.0006635171, -0.00059240346, -0.00051852287, -0.00048140352, -0.0004075883, -0.0003350189, -0.0003000687, -0.00023513313, -0.00017691584, -0.00014977579, -9.867019e-05, -5.193322e-05, -9.054775e-06, 1.0992462e-05, 4.7010053e-05, 7.549316e-05, 8.727911e-05, 0.00010877555, 0.00012867179, 0.00014418736, 0.000149565, 0.00015651935, 0.00016085409, 0.00016229575, 0.00016272235, 0.00015836826, 0.00014930725, 0.00014374522, 0.00013095788, 0.00011521097, 0.00010577599, 8.356871e-05, 5.8315945e-05, 4.4817414e-05, 1.5515569e-05, -1.7657825e-05, -5.4284035e-05, -7.346147e-05, -0.00011414251, -0.00015836854, -0.00018153364, -0.00023003701, -0.0002817978, -0.00033603568, -0.00036416142, -0.0004229181, -0.00048437624, -0.0005156295, -0.00057982845, -0.0006469493, -0.0006813599, -0.0007505489, -0.00082033646, -0.0008921816, -0.00092865364, -0.001000945, -0.0010710753, -0.0011058791, -0.0011758275, -0.0012447988, -0.0013090177, -0.0013387409, -0.0013947412, -0.001447919, -0.0014732938, -0.001519116, -0.0015546385, -0.0015681345, -0.0015881272, -0.0016022575, -0.001612196, -0.0016149733, -0.0016134724, -0.0016003122, -0.0015896616, -0.0015634836, -0.001538128, -0.0015221143, -0.0015193475, -0.0015250911, -0.0015433631, -0.0015554203, -0.0015814011, -0.0016046261, -0.0016137417, -0.0016250174, -0.0016261988, -0.0016176999, -0.001610207, -0.0015897424, -0.0015631496, -0.0015479771, -0.0015143036, -0.0014764846, -0.0014343717, -0.0014117057, -0.0013641278, -0.0013195049, -0.001304025, -0.0013126896, -0.0014213813
0, 0, 0, 0, 0, 0, 0, 0, 0, 0, 0, 0, 0, -0.0014927154, -0.0014087416, -0.0012474029, -0.0011780745, -0.0011619705, -0.0011607585, -0.0011605363, -0.0011575064, -0.0011542139, -0.0011432135, -0.0011257661, -0.0011149755, -0.0010901074, -0.001061572, -0.0010304969, -0.0010146064, -0.0009836751, -0.0009569197, -0.00094597315, -0.0009304965, -0.0009234595, -0.0009241847, -0.00092696364, -0.0009351459, -0.00094290945, -0.00094487827, -0.0009435598, -0.0009353928, -0.00092922477, -0.0009134265, -0.0008911921, -0.0008604331, -0.00084145536, -0.0007966117, -0.000744611, -0.00071645045, -0.0006556853, -0.00058860256, -0.00051748793, -0.0004816366, -0.00041059763, -0.0003410688, -0.00030750397, -0.00024394352, -0.00018584316, -0.00015831797, -0.00010626626, -5.8186593e-05, -1.477622e-05, 4.866334e-06, 3.9088853e-05, 6.636043e-05, 7.820672e-05, 0.00010055323, 0.000120157674, 0.00013396089, 0.00013858065, 0.00014521103, 0.00014992742, 0.00015118024, 0.0001501284, 0.00014425472, 0.00013507166, 0.0001297792, 0.000116827934, 0.000100146186, 9.0181136e-05, 6.75688e-05, 4.2629854e-05, 2.9155513e-05, -6.9319987e-07, -3.420709e-05, -7.065929e-05, -8.9772686e-05, -0.00013053011, -0.00017486831, -0.00019796667, -0.00024630135, -0.00029793128, -0.00035213234, -0.00038016672, -0.00043860654, -0.000499891, -0.0005310912, -0.0005950008, -0.0006618196, -0.0006960866, -0.000765028, -0.00083444704, -0.00090602814, -0.0009423616, -0.001014231, -0.0010840631, -0.0011186678, -0.0011883096, -0.0012568722, -0.0013207028, -0.0013502815, -0.0014058563, -0.0014586789, -0.0014838952, -0.0015293043, -0.0015644773, -0.0015777637, -0.0015974678, -0.0016111969, -0.0016208444, -0.0016234462, -0.0016216646, -0.0016082805, -0.0015974804, -0.0015711203, -0.0015456195, -0.001529489, -0.0015266807, -0.0015323248, -0.0015504262, -0.0015624264, -0.0015882608, -0.0016113144, -0.0016202604, -0.0016312486, -0.001632176, -0.0016234192, -0.0016157964, -0.0015950283, -0.0015682032, -0.0015528922, -0.0015189532, -0.0014808049, -0.0014383954, -0.0014155561, -0.0013676366, -0.0013226526, -0.0013069449, -0.0013152942, -0.0014238008
0, 0, 0, 0, 0, 0, 0, 0, 0, 0, 0, 0, 0, -0.0014184611, -0.0012868595, -0.0011568827, -0.0011273562, -0.0011309468, -0.0011349731, -0.0011392486, -0.0011382748, -0.0011357612, -0.001126357, -0.0011109803, -0.0011011518, -0.0010777677, -0.0010497142, -0.0010174561, -0.0009999571, -0.0009639986, -0.0009296253, -0.00091420906, -0.0008894229, -0.000873683, -0.0008679319, -0.00086855184, -0.00087564054, -0.00088647957, -0.00089152006, -0.0008975734, -0.0008965505, -0.00089325197, -0.0008816746, -0.000862719, -0.00083562965, -0.0008185912, -0.0007780817, -0.0007303175, -0.00070439244, -0.00064783875, -0.0005844524, -0.00051583606, -0.00048097695, -0.0004123357, -0.00034587455, -0.00031350658, -0.0002511041, -0.00019280064, -0.00016517426, -0.00011301253, -6.515389e-05, -2.2391361e-05, -3.303237e-06, 2.944025e-05, 5.6444947e-05, 6.8729874e-05, 9.166586e-05, 0.00011057561, 0.00012295003, 0.00012727131, 0.00013414482, 0.00013885809, 0.00013940514, 0.0001368829, 0.00013053068, 0.00012173361, 0.00011640051, 0.000102729464, 8.4960535e-05, 7.4783005e-05, 5.243197e-05, 2.7647438e-05, 1.3898399e-05, -1.6636031e-05, -5.0156697e-05, -8.627391e-05, -0.00010542665, -0.00014648102, -0.00019082591, -0.00021383679, -0.0002619041, -0.00031354968, -0.00036771465, -0.0003955111, -0.0004537452, -0.000514901, -0.0005460046, -0.00060960534, -0.0006762041, -0.0007103913, -0.0007789657, -0.0008480843, -0.00091940485, -0.00095558324, -0.001027053, -0.0010965941, -0.0011310659, -0.0012003052, -0.0012685233, -0.0013319749, -0.0013613482, -0.0014166202, -0.001469067, -0.0014940809, -0.0015390989, -0.0015739525, -0.001587047, -0.0016064093, -0.0016198285, -0.0016291304, -0.0016316072, -0.001629576, -0.0016158867, -0.0016049448, -0.0015784156, -0.0015528003, -0.0015365548, -0.0015336899, -0.001539207, -0.001557208, -0.0015691518, -0.0015948309, -0.0016176255, -0.0016264623, -0.001637223, -0.001637899, -0.0016288492, -0.0016211091, -0.001600077, -0.0015730091, -0.0015575531, -0.0015233749, -0.0014849298, -0.0014422303, -0.0014192457, -0.0013709839, -0.0013256412, -0.0013097719, -0.0013177674, -0.0014260433
0, 0, 0, 0, 0, 0, 0, 0, 0, 0, 0, 0, -0.0018172492, -0.0014066709, -0.0012744569, -0.0011508858, -0.0011252067, -0.0011284535, -0.0011309674, -0.0011322412, -0.0011277065, -0.0011235399, -0.001111963, -0.001096516, -0.0010875771, -0.001067101, -0.0010432497, -0.001015259, -0.0009997872, -0.00096657267, -0.00093257247, -0.0009165413, -0.000888147, -0.0008672501, -0.0008555066, -0.0008532742, -0.00085583504, -0.0008653549, -0.000871124, -0.000880806, -0.00088377396, -0.0008817372, -0.00087056553, -0.00085063686, -0.0008226586, -0.0008057367, -0.00076598563, -0.0007188826, -0.00069319684, -0.00063796906, -0.0005770002, -0.0005107077, -0.000476866, -0.00041074844, -0.00034707767, -0.0003160815, -0.0002555353, -0.00019792632, -0.00017059459, -0.00011923176, -7.2318704e-05, -3.1049083e-05, -1.2800137e-05, 1.8782526e-05, 4.624461e-05, 5.9083777e-05, 8.243797e-05, 0.00010013323, 0.00011147997, 0.0001159008, 0.00012304087, 0.00012697499, 0.00012705357, 0.00012367115, 0.0001174759, 0.00010875236, 0.000103044425, 8.845389e-05, 7.016245e-05, 6.0094804e-05, 3.806563e-05, 1.2835646e-05, -1.3079566e-06, -3.214099e-05, -6.5283035e-05, -0.00010145562, -0.00012080673, -0.00016204029, -0.00020611071, -0.00022895848, -0.00027703767, -0.00032879706, -0.00038257832, -0.00041030155, -0.00046848602, -0.0005294096, -0.00056029717, -0.00062370766, -0.00069014146, -0.0007241733, -0.0007924067, -0.0008612896, -0.0009322719, -0.00096827396, -0.0010395305, -0.0011086611, -0.0011429683, -0.0012119123, -0.0012797352, -0.0013428685, -0.0013720518, -0.001426995, -0.0014790572, -0.0015038652, -0.0015485748, -0.0015830585, -0.0015960077, -0.0016149452, -0.0016281037, -0.001637128, -0.0016394687, -0.0016371463, -0.0016231698, -0.001612145, -0.0015854209, -0.0015596562, -0.0015433131, -0.0015403694, -0.0015457905, -0.0015636686, -0.001575597, -0.0016010862, -0.0016236724, -0.0016323993, -0.0016428829, -0.0016433403, -0.0016340524, -0.0016261761, -0.0016049286, -0.0015775742, -0.0015620133, -0.0015275587, -0.0014888515, -0.0014458759, -0.0014227642, -0.0013741697, -0.0013284672, -0.0013124387, -0.0013200926, -0.0014282396
0, 0, 0, 0, 0, 0, 0, 0, 0, 0, 0, 0, -0.00174236, -0.001370127, -0.0012691291, -0.0011772919, -0.0011570803, -0.0011562034, -0.0011559242, -0.0011512148, -0.001140008, -0.0011322551, -0.0011137464, -0.001093182, -0.0010827155, -0.0010625888, -0.0010422644, -0.001020212, -0.0010084602, -0.0009834026, -0.00095756113, -0.00094521494, -0.00092191296, -0.0009027207, -0.0008890098, -0.00088450336, -0.00088049535, -0.000882647, -0.0008852999, -0.000891362, -0.0008927967, -0.000889979, -0.00087542686, -0.00085044734, -0.0008177242, -0.0007990189, -0.00075668487, -0.0007074609, -0.0006806111, -0.000624188, -0.00056428404, -0.0005009909, -0.00046889606, -0.0004057111, -0.00034475527, -0.00031511733, -0.00025681307, -0.00020086118, -0.00017425658, -0.00012474474, -8.018436e-05, -4.0983454e-05, -2.34085e-05, 8.399485e-06, 3.6882484e-05, 4.9963382e-05, 7.2670904e-05, 8.871813e-05, 9.9630226e-05, 0.00010423281, 0.000111698704, 0.00011477929, 0.00011442123, 0.0001107904, 0.00010487427, 9.565558e-05, 8.938733e-05, 7.4097596e-05, 5.6195047e-05, 4.630374e-05, 2.3954555e-05, -2.0714363e-06, -1.6350286e-05, -4.6847967e-05, -7.976932e-05, -0.000116468014, -0.00013591614, -0.00017690806, -0.00022065993, -0.0002436488, -0.0002919281, -0.00034332162, -0.00039691076, -0.0004246637, -0.0004827767, -0.00054328266, -0.00057415705, -0.00063737365, -0.0007035861, -0.00073744426, -0.00080541405, -0.00087402784, -0.00094468903, -0.0009805786, -0.0010515184, -0.0011203429, -0.0011544308, -0.001223065, -0.0012906003, -0.0013533342, -0.0013823905, -0.0014369752, -0.0014887159, -0.0015133687, -0.0015576949, -0.0015917957, -0.0016045636, -0.0016232104, -0.001636061, -0.0016448176, -0.0016469981, -0.0016444089, -0.0016302489, -0.0016190484, -0.0015920976, -0.0015662161, -0.0015497685, -0.0015467843, -0.0015520749, -0.0015699195, -0.0015817563, -0.0016070703, -0.0016294627, -0.0016380686, -0.0016483486, -0.0016485748, -0.0016390657, -0.0016310521, -0.0016095412, -0.0015819302, -0.0015662481, -0.0015315352, -0.0014926087, -0.0014493595, -0.00142607, -0.0013771957, -0.001331171, -0.001314923, -0.0013223251, -0.0014303334
0, 0, 0, 0, 0, 0, 0, 0, 0, 0, 0, 0, -0.0014533312, -0.0012820783, -0.001235125, -0.0011979251, -0.0011949696, -0.0011977156, -0.0011972615, -0.0011908093, -0.0011759315, -0.0011655275, -0.0011404173, -0.0011130931, -0.0010999691, -0.0010765907, -0.0010562835, -0.0010373895, -0.0010283806, -0.001011038, -0.0009955765, -0.0009886075, -0.0009759683, -0.0009650293, -0.0009552611, -0.00095062883, -0.0009413684, -0.0009326161, -0.0009289141, -0.00092296593, -0.00091561524, -0.0009094156, -0.0008888519, -0.00085657195, -0.0008157463, -0.0007933518, -0.0007451968, -0.0006922599, -0.00066415814, -0.00060619664, -0.00054718595, -0.00048731372, -0.00045718675, -0.0003973349, -0.00033915704, -0.00031078272, -0.00025528847, -0.00020273903, -0.00017787493, -0.00013098674, -8.8259214e-05, -5.020326e-05, -3.2774853e-05, -4.0006358e-07, 2.8317001e-05, 4.0884894e-05, 6.165028e-05, 7.653535e-05, 8.782914e-05, 9.276223e-05, 0.00010023161, 0.00010238645, 0.00010169229, 9.82385e-05, 9.217166e-05, 8.219327e-05, 7.5662e-05, 6.051017e-05, 4.276314e-05, 3.265171e-05, 9.676828e-06, -1.6502858e-05, -3.0666724e-05, -6.0896964e-05, -9.415701e-05, -0.0001310974, -0.00015043792, -0.00019108248, -0.00023506908, -0.00025813727, -0.0003061992, -0.0003572736, -0.00041091524, -0.00043860966, -0.0004964232, -0.0005568163, -0.00058762555, -0.0006505592, -0.0007164641, -0.00075022026, -0.00081799965, -0.00088631664, -0.0009567482, -0.0009924854, -0.0010631005, -0.0011316137, -0.0011655712, -0.0012338485, -0.0013010807, -0.0013634347, -0.0013923278, -0.0014465976, -0.0014980041, -0.0015225195, -0.0015664776, -0.0016002354, -0.0016128424, -0.00163118, -0.0016437405, -0.0016521701, -0.0016542583, -0.0016514121, -0.0016369688, -0.0016256775, -0.0015985201, -0.0015725067, -0.0015559341, -0.0015529477, -0.0015581782, -0.0015758759, -0.0015876176, -0.0016127899, -0.001635002, -0.0016435236, -0.001653597, -0.0016535461, -0.0016437998, -0.0016356704, -0.0016138919, -0.0015861017, -0.0015703021, -0.0015353683, -0.0014961743, -0.001452669, -0.0014292501, -0.0013800926, -0.0013337502, -0.0013173498, -0.0013244061, -0.0014323292
0, 0, 0, 0, 0, 0, 0, 0, 0, 0, 0, -0.0017455375, -0.0013897315, -0.0012408311, -0.0012168345, -0.00121238, -0.0012252049, -0.0012351393, -0.0012372443, -0.0012340014, -0.0012212035, -0.0012110566, -0.0011847364, -0.0011546402, -0.0011398594, -0.0011136595, -0.0010919496, -0.0010734824, -0.0010654358, -0.0010522733, -0.0010434145, -0.0010405856, -0.0010370002, -0.00103485, -0.0010317209, -0.0010288905, -0.0010185062, -0.0010007432, -0.000989983, -0.0009671998, -0.0009441056, -0.0009315769, -0.00090072595, -0.0008598071, -0.0008098853, -0.0007830997, -0.00072776456, -0.0006713081, -0.00064281805, -0.0005854358, -0.0005284451, -0.00047143936, -0.00044302124, -0.0003869859, -0.00033263408, -0.00030609453, -0.0002542509, -0.00020470607, -0.00018112654, -0.00013615539, -9.460077e-05, -5.7099733e-05, -3.990804e-05, -8.350184e-06, 1.9058421e-05, 3.0713447e-05, 4.9785718e-05, 6.4569285e-05, 7.683818e-05, 8.1935024e-05, 8.85981e-05, 8.978879e-05, 8.890677e-05, 8.566267e-05, 7.937011e-05, 6.893593e-05, 6.246811e-05, 4.7368216e-05, 2.9318018e-05, 1.8985238e-05, -4.260092e-06, -3.0235797e-05, -4.4298267e-05, -7.4722135e-05, -0.000108350476, -0.00014509473, -0.00016428436, -0.00020494666, -0.0002491602, -0.00027206846, -0.00031978896, -0.00037097884, -0.0004244673, -0.00045201744, -0.000509613, -0.00056996784, -0.00060063513, -0.00066327833, -0.0007290026, -0.0007626536, -0.0008301921, -0.00089824485, -0.00096836186, -0.0010039498, -0.0010743029, -0.0011425164, -0.0011763325, -0.0012442952, -0.0013111884, -0.0013732653, -0.0014019657, -0.0014558724, -0.001506965, -0.0015313295, -0.0015749534, -0.0016083954, -0.00162082, -0.0016388677, -0.0016511313, -0.0016593108, -0.0016612286, -0.0016580839, -0.0016434389, -0.0016320507, -0.0016047186, -0.0015785609, -0.0015619178, -0.0015588851, -0.0015640563, -0.0015815477, -0.0015932329, -0.0016182769, -0.0016403432, -0.0016487598, -0.0016586257, -0.0016583054, -0.0016483349, -0.0016401082, -0.0016181124, -0.0015900995, -0.001574173, -0.0015390324, -0.0014995942, -0.0014558128, -0.001432283, -0.0013828697, -0.0013362053, -0.0013196593, -0.0013264415, -0.0014341781
0, 0, 0, 0, 0, 0, 0, 0, 0, 0, -0.0019333208, -0.0016934166, -0.0013460784, -0.0012239527, -0.001209917, -0.0012193226, -0.0012414239, -0.0012578478, -0.0012627699, -0.0012652985, -0.0012584676, -0.001251354, -0.0012301325, -0.0012033852, -0.0011895939, -0.0011639433, -0.0011418108, -0.0011234056, -0.0011159298, -0.0011043659, -0.0010985755, -0.001097309, -0.0010971039, -0.0010980732, -0.0010975146, -0.0010955761, -0.0010850251, -0.0010622037, -0.0010464892, -0.001009406, -0.00096877274, -0.0009476186, -0.0009022238, -0.00085103884, -0.0007946776, -0.0007652598, -0.0007064594, -0.00064908277, -0.0006209091, -0.0005655133, -0.00051133713, -0.00045809933, -0.00043143734, -0.0003783529, -0.00032689187, -0.00030197445, -0.0002530042, -0.00020520393, -0.00018208695, -0.00013851367, -9.876504e-05, -6.2899526e-05, -4.6407193e-05, -1.6660395e-05, 8.859301e-06, 1.9861873e-05, 3.8476548e-05, 5.3819735e-05, 6.651814e-05, 7.12136e-05, 7.618376e-05, 7.6873504e-05, 7.6284836e-05, 7.3406874e-05, 6.685125e-05, 5.5952816e-05, 4.9357575e-05, 3.4257064e-05, 1.6054537e-05, 5.561092e-06, -1.7647497e-05, -4.3627624e-05, -5.774818e-05, -8.838188e-05, -0.00012203018, -0.00015857814, -0.00017772187, -0.00021858414, -0.0002626207, -0.0002854362, -0.0003330889, -0.00038425406, -0.0004375362, -0.0004649861, -0.00052246137, -0.00058262335, -0.0006131649, -0.00067564135, -0.0007411591, -0.00077468134, -0.00084195007, -0.00090975536, -0.0009796156, -0.0010150835, -0.0010851556, -0.0011530727, -0.001186701, -0.0012543652, -0.001320973, -0.0013827528, -0.0014112792, -0.0014648405, -0.0015156786, -0.0015398394, -0.0015831403, -0.0016162362, -0.0016285037, -0.001646271, -0.0016582181, -0.0016661885, -0.0016679614, -0.0016645469, -0.0016496796, -0.0016381962, -0.0016106842, -0.0015843877, -0.0015676594, -0.0015645842, -0.0015696414, -0.0015870581, -0.0015986937, -0.0016235501, -0.0016454483, -0.001653749, -0.0016633816, -0.001662884, -0.0016526732, -0.001644338, -0.001622148, -0.0015938873, -0.0015778542, -0.0015424851, -0.0015028648, -0.0014588668, -0.0014351923, -0.0013854807, -0.0013385663, -0.001321874, -0.0013283741, -0.0014359388
0, 0, 0, 0, 0, 0, 0, 0, 0, 0, -0.0014974207, -0.0014103787, -0.0012507956, -0.0011954841, -0.0011942748, -0.0012139062, -0.0012399401, -0.0012602919, -0.0012672299, -0.0012750899, -0.001274979, -0.0012715402, -0.0012587361, -0.0012398842, -0.0012293785, -0.0012085455, -0.0011887974, -0.0011714587, -0.0011642996, -0.001153773, -0.0011485198, -0.0011474438, -0.0011461519, -0.0011440592, -0.0011394949, -0.0011354492, -0.0011210429, -0.0010946142, -0.0010763998, -0.00103187, -0.0009799527, -0.00095222995, -0.0008941217, -0.0008337907, -0.0007737272, -0.0007443219, -0.00068777974, -0.0006334484, -0.0006065231, -0.0005526387, -0.00049947854, -0.00044807227, -0.00042269242, -0.00037155167, -0.00032117908, -0.00029669038, -0.00024922442, -0.00020309782, -0.00018084297, -0.00013936243, -0.00010257649, -6.935463e-05, -5.374211e-05, -2.5090249e-05, -7.0155954e-07, 9.982911e-06, 2.8765808e-05, 4.419049e-05, 5.5453325e-05, 5.9282967e-05, 6.3463114e-05, 6.473616e-05, 6.451442e-05, 6.1573075e-05, 5.4061642e-05, 4.287219e-05, 3.6382397e-05, 2.151254e-05, 3.0511126e-06, -7.552467e-06, -3.079924e-05, -5.6795456e-05, -7.09198e-05, -0.000101670215, -0.00013520847, -0.00017171509, -0.00019093565, -0.00023178526, -0.0002756199, -0.00029838135, -0.0003460658, -0.00039704907, -0.00045019298, -0.00047758006, -0.00053490966, -0.00059484434, -0.00062528474, -0.0006876259, -0.0007528872, -0.0007863121, -0.00085336796, -0.0009209093, -0.0009905477, -0.0010258749, -0.0010956391, -0.0011632909, -0.0011968012, -0.0012641744, -0.0013304517, -0.001391908, -0.0014203028, -0.0014735617, -0.0015240483, -0.0015480303, -0.0015910686, -0.0016238326, -0.0016359568, -0.0016534149, -0.0016651094, -0.0016727775, -0.0016744419, -0.0016708189, -0.0016556834, -0.0016440876, -0.0016164227, -0.0015899881, -0.0015731737, -0.0015700357, -0.0015750165, -0.0015923794, -0.0016039385, -0.0016286247, -0.0016503307, -0.0016585524, -0.0016679615, -0.0016673006, -0.0016568617, -0.0016484003, -0.0016260041, -0.0015975597, -0.0015814163, -0.0015457984, -0.0015060084, -0.001461768, -0.00143797, -0.0013880032, -0.0013408038, -0.0013239742, -0.0013301994, -0.0014376637
0, 0, 0, 0, 0, 0, 0, 0, 0, 0, -0.0014900215, -0.0013468046, -0.0012082116, -0.0011798339, -0.001184107, -0.0012053838, -0.0012295865, -0.0012488997, -0.0012560971, -0.0012652982, -0.0012675911, -0.0012661485, -0.0012587726, -0.001247237, -0.0012407947, -0.0012269159, -0.0012123776, -0.0011982246, -0.001192094, -0.0011829181, -0.0011773601, -0.0011753932, -0.0011709129, -0.0011633231, -0.0011517247, -0.0011439705, -0.0011236365, -0.0010940254, -0.0010752426, -0.0010300183, -0.00097607396, -0.00094652415, -0.00088377093, -0.0008200421, -0.00075956015, -0.0007311306, -0.00067788834, -0.00062675704, -0.00060077594, -0.0005466263, -0.0004915576, -0.0004392243, -0.00041408476, -0.0003643137, -0.000314465, -0.00028996606, -0.00024337816, -0.00020021897, -0.00017986288, -0.00014192192, -0.000107349006, -7.544067e-05, -6.0258288e-05, -3.224085e-05, -8.506801e-06, 1.7344018e-06, 1.9436535e-05, 3.375429e-05, 4.385554e-05, 4.7287424e-05, 5.1831074e-05, 5.3503227e-05, 5.315298e-05, 4.9280745e-05, 4.1114745e-05, 3.0319332e-05, 2.409172e-05, 9.0178555e-06, -9.937147e-06, -2.0566085e-05, -4.3636323e-05, -6.9547925e-05, -8.381967e-05, -0.00011464848, -0.0001480438, -0.00018453131, -0.0002037972, -0.00024458353, -0.00028825182, -0.0003109659, -0.0003586646, -0.00040945195, -0.00046243373, -0.0004898111, -0.0005469654, -0.00060668867, -0.0006370821, -0.00069921714, -0.0007642737, -0.00079758716, -0.00086440204, -0.00093172904, -0.0010010942, -0.0010362859, -0.0011057924, -0.0011731827, -0.0012065718, -0.0012736442, -0.0013396123, -0.001400785, -0.0014290262, -0.0014819937, -0.001532151, -0.0015559944, -0.0015987125, -0.0016311881, -0.0016431743, -0.0016603114, -0.0016717345, -0.0016791583, -0.0016807023, -0.0016768298, -0.0016614894, -0.0016497837, -0.0016219683, -0.0015954039, -0.0015784501, -0.0015752678, -0.0015801842, -0.0015974849, -0.0016089529, -0.0016335248, -0.001655031, -0.0016631624, -0.001672419, -0.0016714986, -0.001660846, -0.0016522927, -0.0016297112, -0.0016010648, -0.0015848181, -0.0015490251, -0.0015089657, -0.0014645228, -0.0014406338, -0.0013904035, -0.0013429815, -0.0013260001, -0.0013319629, -0.0014392954
0, 0, 0, 0, 0, 0, 0, 0, 0, -0.0019162797, -0.0014869494, -0.001348651, -0.0012186002, -0.0011914938, -0.0011932807, -0.0012069187, -0.001222896, -0.0012358116, -0.0012406145, -0.0012459168, -0.0012451833, -0.0012424354, -0.0012337395, -0.0012230207, -0.0012177611, -0.0012074091, -0.0011968462, -0.0011870493, -0.0011830828, -0.0011777137, -0.0011744305, -0.0011726626, -0.0011665794, -0.0011554717, -0.0011384399, -0.0011278563, -0.0011027592, -0.0010719206, -0.001054192, -0.001013567, -0.0009650053, -0.00093768665, -0.0008780997, -0.00081653445, -0.00075738225, -0.0007295037, -0.0006764538, -0.00062472874, -0.0005982819, -0.0005424814, -0.00048495908, -0.00043036646, -0.00040480617, -0.00035575085, -0.00030749413, -0.00028398793, -0.00023975356, -0.0001998204, -0.00018113699, -0.00014533103, -0.000111292036, -7.9263744e-05, -6.451279e-05, -3.8220838e-05, -1.6381571e-05, -6.8508098e-06, 9.799075e-06, 2.3404225e-05, 3.3126562e-05, 3.6507226e-05, 4.093802e-05, 4.221716e-05, 4.143174e-05, 3.678507e-05, 2.8830349e-05, 1.8433444e-05, 1.2162132e-05, -3.5499036e-06, -2.2731181e-05, -3.31534e-05, -5.595626e-05, -8.216912e-05, -9.654872e-05, -0.0001272065, -0.00016050246, -0.00019707893, -0.00021635416, -0.00025697323, -0.00030055753, -0.0003233174, -0.00037085207, -0.00042143874, -0.00047440533, -0.00050169526, -0.0005586518, -0.0006182397, -0.00064851897, -0.00071045326, -0.000775315, -0.00080854277, -0.00087509403, -0.0009421772, -0.0010113056, -0.0010464274, -0.0011156545, -0.0011827511, -0.001215984, -0.0012828271, -0.0013485287, -0.0014093937, -0.0014374607, -0.0014901347, -0.0015400216, -0.001563752, -0.0016060958, -0.0016383121, -0.0016501382, -0.0016669977, -0.0016781823, -0.0016853292, -0.0016867361, -0.001682641, -0.0016670761, -0.0016552951, -0.0016272991, -0.0016006274, -0.0015835515, -0.001580366, -0.0015851931, -0.0016023413, -0.0016137871, -0.0016382275, -0.0016595958, -0.00166762, -0.0016766589, -0.0016755451, -0.0016646864, -0.0016560433, -0.0016332661, -0.0016043951, -0.0015881015, -0.0015521161, -0.0015118376, -0.0014671829, -0.0014431794, -0.0013927337, -0.001345031, -0.0013279215, -0.0013336464, -0.0014408611
0, 0, 0, 0, 0, 0, 0, 0, 0, -0.0018347141, -0.0014445019, -0.0013385409, -0.0012411356, -0.0012179245, -0.0012168008, -0.0012209082, -0.0012262113, -0.0012291069, -0.0012295656, -0.0012270028, -0.001219421, -0.0012135863, -0.0011991181, -0.0011834851, -0.0011760691, -0.0011622885, -0.0011502175, -0.0011415153, -0.0011390425, -0.0011382825, -0.0011397459, -0.0011400471, -0.0011370139, -0.0011277985, -0.001111277, -0.0011003232, -0.0010744653, -0.0010447791, -0.0010290039, -0.0009949447, -0.0009547289, -0.00093130546, -0.0008783093, -0.0008207396, -0.0007629147, -0.000734401, -0.0006782329, -0.000622755, -0.0005946453, -0.00053676614, -0.00047771295, -0.0004224285, -0.000397083, -0.00034978997, -0.00030415622, -0.00028188856, -0.0002396568, -0.00020113762, -0.0001827287, -0.00014692458, -0.00011282386, -8.2269435e-05, -6.877621e-05, -4.512926e-05, -2.4684838e-05, -1.5404545e-05, 1.0320771e-06, 1.4094579e-05, 2.314069e-05, 2.6183505e-05, 3.0121608e-05, 3.0827727e-05, 2.9730052e-05, 2.4898683e-05, 1.7257265e-05, 6.6978555e-06, 3.945768e-08, -1.609647e-05, -3.485201e-05, -4.5087163e-05, -6.816548e-05, -9.468342e-05, -0.00010893143, -0.00013931688, -0.00017274106, -0.00020937718, -0.00022849806, -0.0002689545, -0.00031261193, -0.00033533163, -0.00038261025, -0.0004331615, -0.000485993, -0.00051318057, -0.000569986, -0.0006293941, -0.0006595582, -0.0007213569, -0.00078604213, -0.00081914425, -0.00088546914, -0.00095231726, -0.0010212442, -0.0010562099, -0.0011252135, -0.0011920355, -0.0012251372, -0.0012917445, -0.0013571379, -0.0014177184, -0.0014456431, -0.0014980563, -0.0015476154, -0.0015711802, -0.0016133253, -0.0016452133, -0.0016568779, -0.0016734723, -0.0016844029, -0.0016912951, -0.0016925867, -0.0016882769, -0.0016724678, -0.001660588, -0.001632469, -0.0016056579, -0.0015885233, -0.0015852655, -0.001590017, -0.0016070696, -0.001618476, -0.0016427366, -0.0016639442, -0.0016719279, -0.0016807411, -0.0016794361, -0.0016684199, -0.001659671, -0.0016366938, -0.0016075993, -0.0015912052, -0.001555044, -0.0015146049, -0.0014697328, -0.0014456233, -0.0013949802, -0.0013469872, -0.0013297523, -0.0013352747, -0.0014423638
0, 0, 0, 0, 0, 0, 0, 0, 0, -0.0015362737, -0.0013497849, -0.0012972932, -0.0012511256, -0.0012413695, -0.0012405335, -0.0012396623, -0.0012366192, -0.0012302977, -0.0012259791, -0.0012149406, -0.0012001308, -0.0011910924, -0.0011705494, -0.0011486092, -0.0011376295, -0.0011163392, -0.0010977319, -0.0010850993, -0.0010820978, -0.0010823671, -0.0010874091, -0.0010899666, -0.0010923935, -0.0010896574, -0.0010802029, -0.0010725948, -0.0010515035, -0.0010256408, -0.0010118954, -0.0009827695, -0.0009481638, -0.0009275179, -0.0008793133, -0.0008251607, -0.00076791557, -0.00073839026, -0.0006780748, -0.00061813387, -0.0005888096, -0.00053088396, -0.0004734591, -0.000419312, -0.00039460705, -0.00034879716, -0.0003045503, -0.00028252305, -0.00023995363, -0.00020073196, -0.00018237758, -0.00014730085, -0.00011490741, -8.6853506e-05, -7.457899e-05, -5.2282812e-05, -3.1820993e-05, -2.2479713e-05, -6.621812e-06, 5.036589e-06, 1.3117382e-05, 1.5959979e-05, 1.9531655e-05, 1.9860325e-05, 1.8620967e-05, 1.3608347e-05, 5.902551e-06, -5.1381353e-06, -1.2050238e-05, -2.801678e-05, -4.6493617e-05, -5.6863668e-05, -8.0402795e-05, -0.00010671178, -0.00012080433, -0.00015124392, -0.00018479612, -0.0002211721, -0.00024020375, -0.0002807082, -0.00032431568, -0.00034687843, -0.0003940836, -0.00044462943, -0.00049715885, -0.00052428094, -0.00058099785, -0.0006402427, -0.0006703391, -0.00073192676, -0.0007964099, -0.0008294118, -0.00089552987, -0.0009622222, -0.0010308854, -0.0010657021, -0.0011344686, -0.0012010674, -0.0012340448, -0.0013003657, -0.0013655075, -0.0014257848, -0.0014535981, -0.0015057399, -0.0015549982, -0.0015784197, -0.0016202847, -0.0016518693, -0.0016634063, -0.0016797533, -0.0016904031, -0.0016970877, -0.0016982557, -0.0016937214, -0.001677699, -0.00166572, -0.0016374405, -0.0016105163, -0.0015932977, -0.0015900034, -0.0015946894, -0.0016116423, -0.0016229566, -0.0016470894, -0.0016681252, -0.00167603, -0.0016847232, -0.0016831998, -0.0016720057, -0.0016631456, -0.001639983, -0.001610737, -0.0015942203, -0.0015578644, -0.0015172154, -0.0014722018, -0.0014479854, -0.0013971088, -0.0013488921, -0.0013315324, -0.0013368092, -0.001443798
0, 0, 0, 0, 0, 0, 0, 0, -0.0018967657, -0.0014876925, -0.0013079678, -0.0012740064, -0.0012532017, -0.001253015, -0.0012534567, -0.0012517646, -0.001245157, -0.0012333132, -0.0012260675, -0.0012090516, -0.0011896468, -0.0011788888, -0.0011554108, -0.0011298208, -0.0011167492, -0.0010895692, -0.0010639457, -0.0010448324, -0.0010390511, -0.0010354754, -0.0010392268, -0.0010420696, -0.0010476625, -0.0010518521, -0.0010523032, -0.0010498324, -0.0010376921, -0.0010171633, -0.0010049614, -0.0009770814, -0.00094272144, -0.0009221121, -0.0008748375, -0.00082281773, -0.0007677953, -0.00073878514, -0.0006774131, -0.0006151616, -0.00058531127, -0.0005284861, -0.00047383035, -0.000421417, -0.00039661606, -0.00034980662, -0.00030455386, -0.00028211946, -0.00023901828, -0.00020015554, -0.0001824047, -0.00014925469, -0.00011892066, -9.231207e-05, -8.028931e-05, -5.7977624e-05, -3.763363e-05, -2.8788641e-05, -1.4642059e-05, -4.245736e-06, 3.4929174e-06, 6.3180883e-06, 9.654688e-06, 9.354733e-06, 7.815897e-06, 2.630124e-06, -5.289558e-06, -1.6678849e-05, -2.3587867e-05, -3.9448878e-05, -5.8073234e-05, -6.8651294e-05, -9.2209535e-05, -0.00011826679, -0.00013240115, -0.00016300405, -0.00019642673, -0.00023266042, -0.00025173608, -0.00029221067, -0.0003356037, -0.000358118, -0.00040531607, -0.00045565874, -0.00050806475, -0.000535119, -0.00059171946, -0.0006507862, -0.00068082864, -0.00074222725, -0.0008064568, -0.0008393843, -0.00090533856, -0.0009718152, -0.001040231, -0.0010749485, -0.0011434703, -0.0012098574, -0.0012427006, -0.0013087515, -0.0013736321, -0.0014336143, -0.001461316, -0.0015131444, -0.0015621673, -0.0015854763, -0.0016269959, -0.0016583343, -0.0016697454, -0.0016858547, -0.0016962212, -0.0017026878, -0.0017037671, -0.0016989616, -0.0016827574, -0.0016707426, -0.0016422536, -0.0016152083, -0.001597891, -0.001594598, -0.00159917, -0.0016160276, -0.0016273089, -0.0016513477, -0.001672217, -0.0016799977, -0.0016885281, -0.001686846, -0.0016754642, -0.001666513, -0.0016431286, -0.0016137566, -0.0015971455, -0.0015606134, -0.0015197739, -0.0014745606, -0.0014502312, -0.0013991417, -0.0013507074, -0.0013332324, -0.0013382926, -0.0014451578
0, 0, 0, 0, 0, 0, 0, 0, -0.0018787603, -0.0014488777, -0.0012849618, -0.0012579904, -0.0012469529, -0.0012513754, -0.0012530896, -0.0012524716, -0.0012455074, -0.001232021, -0.0012235444, -0.0012043887, -0.0011838228, -0.0011733675, -0.0011510995, -0.0011276144, -0.0011151246, -0.0010883654, -0.0010605288, -0.0010364949, -0.0010276, -0.0010165824, -0.0010134287, -0.0010137022, -0.0010166495, -0.0010227922, -0.0010296182, -0.0010314835, -0.00102767, -0.0010123278, -0.0010009507, -0.0009724419, -0.0009357959, -0.0009144033, -0.00086672616, -0.00081687025, -0.0007655623, -0.0007380169, -0.000678035, -0.0006153288, -0.00058531767, -0.0005294296, -0.000476489, -0.00042439255, -0.00039895013, -0.00035021672, -0.00030367007, -0.00028125008, -0.00023896416, -0.00020179666, -0.00018486659, -0.00015299533, -0.00012342968, -9.679576e-05, -8.47955e-05, -6.277849e-05, -4.3774522e-05, -3.584373e-05, -2.2980135e-05, -1.2985208e-05, -5.1277316e-06, -2.4674002e-06, -3.0445996e-08, -1.0878965e-06, -2.7281676e-06, -7.917545e-06, -1.6107919e-05, -2.779612e-05, -3.4817826e-05, -5.0669016e-05, -6.9450776e-05, -8.011595e-05, -0.00010359201, -0.00012961916, -0.00014377185, -0.00017440147, -0.00020767329, -0.00024391021, -0.00026303373, -0.00030335152, -0.00034658948, -0.000369148, -0.0004162024, -0.00046634063, -0.00051870995, -0.0005457154, -0.00060210534, -0.00066103326, -0.0006909545, -0.00075218786, -0.00081629766, -0.0008490889, -0.0009148623, -0.0009810348, -0.0010493316, -0.0010839466, -0.0011522293, -0.0012183569, -0.0012510759, -0.0013168765, -0.001381504, -0.0014412676, -0.0014687974, -0.0015203601, -0.0015691496, -0.0015923026, -0.0016335591, -0.0016645831, -0.0016758902, -0.0016917208, -0.001701901, -0.0017081233, -0.0017090533, -0.0017040349, -0.0016876907, -0.0016755457, -0.0016469265, -0.0016197743, -0.0016023531, -0.0015990144, -0.0016034924, -0.0016202999, -0.0016315267, -0.0016554355, -0.0016761769, -0.0016838659, -0.0016921825, -0.0016903504, -0.0016787832, -0.0016697287, -0.0016461845, -0.0016166407, -0.0015999537, -0.0015632071, -0.0015222757, -0.0014768157, -0.0014524113, -0.0014011126, -0.0013524373, -0.0013348714, -0.0013397139, -0.001446461
0, 0, 0, 0, 0, 0, 0, 0, -0.0012940881, -0.0011957071, -0.0011764171, -0.0011826692, -0.0012025116, -0.001218092, -0.0012228248, -0.0012261239, -0.0012214652, -0.0012101481, -0.0012029714, -0.0011882469, -0.0011740018, -0.0011671367, -0.0011536384, -0.0011408404, -0.0011347934, -0.0011214316, -0.0011044092, -0.0010838212, -0.0010731904, -0.0010531857, -0.0010358684, -0.0010282631, -0.0010161536, -0.0010099754, -0.0010103374, -0.0010115685, -0.0010113845, -0.0010017803, -0.0009923374, -0.00096456794, -0.0009258289, -0.0009030438, -0.00085426087, -0.0008056738, -0.00075775495, -0.0007324826, -0.0006769446, -0.0006176375, -0.0005883644, -0.0005326894, -0.0004792678, -0.0004266597, -0.0004009416, -0.00035138382, -0.00030543256, -0.00028415592, -0.00024541133, -0.0002098839, -0.00019257065, -0.00015936163, -0.00013018271, -0.00010558144, -9.4486815e-05, -7.4533506e-05, -5.7540376e-05, -5.0148697e-05, -3.7584337e-05, -2.8194068e-05, -2.204132e-05, -2.0400243e-05, -1.9151179e-05, -2.027612e-05, -2.1974838e-05, -2.8042885e-05, -3.7218706e-05, -4.9054546e-05, -5.592988e-05, -7.208486e-05, -9.1424714e-05, -0.00010207123, -0.00012527374, -0.00015150025, -0.00016576257, -0.00019629089, -0.00022930976, -0.00026565514, -0.00028460947, -0.00032470134, -0.0003678695, -0.00039026764, -0.00043702067, -0.00048705164, -0.0005391324, -0.00056595023, -0.00062204665, -0.00068064546, -0.00071041903, -0.0007713294, -0.00083509285, -0.0008676956, -0.0009330806, -0.0009988932, -0.0010667316, -0.0011011682, -0.001168998, -0.0012345936, -0.0012671242, -0.0013324869, -0.0013966175, -0.0014558766, -0.0014831445, -0.001534201, -0.0015824783, -0.0016053517, -0.0016461129, -0.0016766608, -0.0016876463, -0.0017029832, -0.001712698, -0.0017184967, -0.0017192214, -0.0017138112, -0.0016970581, -0.0016847348, -0.001655844, -0.0016284676, -0.0016109168, -0.0016074721, -0.0016118179, -0.001628421, -0.0016395194, -0.0016632149, -0.0016836482, -0.001691195, -0.0016991843, -0.0016969974, -0.0016850544, -0.0016758777, -0.0016520341, -0.0016220878, -0.001605247, -0.0015682296, -0.0015268796, -0.0014811353, -0.0014565411, -0.0014048477, -0.0013557691, -0.0013379452, -0.0013423896, -0.0014489469
0, 0, 0, 0, 0, 0, 0, -0.0017671027, -0.0013532117, -0.001199704, -0.0011752046, -0.0011802437, -0.0011971643, -0.0012106685, -0.0012148354, -0.0012180336, -0.0012139648, -0.0012040493, -0.0011980692, -0.0011860846, -0.0011750193, -0.0011695293, -0.0011588363, -0.001149087, -0.001144697, -0.0011358965, -0.0011243257, -0.0011088375, -0.0011002365, -0.0010828155, -0.0010661421, -0.0010580788, -0.0010425885, -0.0010297636, -0.0010214245, -0.0010184854, -0.0010116022, -0.0009981408, -0.0009876682, -0.0009587421, -0.00092004606, -0.0008978272, -0.0008505738, -0.0008025532, -0.0007539758, -0.0007282815, -0.00067349384, -0.0006163778, -0.00058811926, -0.0005329207, -0.0004789383, -0.0004268322, -0.00040191438, -0.00035403116, -0.00030892013, -0.00028780478, -0.00024913624, -0.00021313164, -0.00019550169, -0.00016246365, -0.00013473688, -0.00011149484, -0.0001005868, -8.035352e-05, -6.35148e-05, -5.6433735e-05, -4.4630324e-05, -3.6070796e-05, -3.0644176e-05, -2.898685e-05, -2.771875e-05, -2.933378e-05, -3.1365114e-05, -3.794652e-05, -4.711202e-05, -5.8989568e-05, -6.604326e-05, -8.25488e-05, -0.000101841346, -0.000112425405, -0.0001357203, -0.00016210732, -0.00017635748, -0.00020663916, -0.0002398605, -0.00027601357, -0.00029486232, -0.00033499178, -0.0003780857, -0.00040042528, -0.0004470553, -0.0004969811, -0.00054888305, -0.0005756631, -0.00063161127, -0.0006900657, -0.0007197725, -0.0007805215, -0.00084408995, -0.00087661925, -0.00094183005, -0.0010074759, -0.0010750666, -0.0011093933, -0.0011770288, -0.0012424841, -0.0012748844, -0.0013399539, -0.0014038702, -0.001462835, -0.0014900222, -0.0015408434, -0.001588837, -0.0016116198, -0.0016521334, -0.001682419, -0.0016933142, -0.0017083662, -0.0017178772, -0.0017234618, -0.001724118, -0.0017185167, -0.0017015464, -0.0016891436, -0.001660116, -0.0016326356, -0.001615, -0.0016115226, -0.0016157978, -0.0016322902, -0.0016433533, -0.0016669045, -0.0016872003, -0.0016946666, -0.0017025465, -0.0017001587, -0.001688059, -0.0016787995, -0.0016547823, -0.0016247096, -0.0016077784, -0.0015705674, -0.0015291016, -0.001483181, -0.0014584927, -0.0014066132, -0.0013573609, -0.0013394278, -0.0013436488, -0.0014501121
0, 0, 0, 0, 0, 0, -0.002122803, -0.0018314085, -0.001409668, -0.0012482471, -0.0012107871, -0.0012093874, -0.0012159782, -0.0012232931, -0.0012256296, -0.0012272377, -0.001223249, -0.0012143828, -0.0012090718, -0.001198192, -0.0011876482, -0.0011821898, -0.0011710742, -0.0011605427, -0.0011559296, -0.001147114, -0.0011373062, -0.001125546, -0.0011192092, -0.0011072716, -0.0010958883, -0.0010897728, -0.0010759317, -0.0010605473, -0.0010453229, -0.0010379293, -0.0010216839, -0.0010003145, -0.000986697, -0.0009535778, -0.00091414916, -0.00089287973, -0.00084819534, -0.0008010088, -0.00075024815, -0.0007232371, -0.0006675709, -0.0006126966, -0.00058599137, -0.0005327507, -0.00047915653, -0.00042775358, -0.0004034568, -0.00035694332, -0.00031233073, -0.00029118333, -0.00025215026, -0.00021612056, -0.00019881384, -0.00016690584, -0.00014027608, -0.00011716581, -0.00010610301, -8.5748994e-05, -6.962105e-05, -6.314256e-05, -5.211056e-05, -4.375612e-05, -3.8550806e-05, -3.7035497e-05, -3.6212954e-05, -3.8413506e-05, -4.0666964e-05, -4.7340665e-05, -5.6603974e-05, -6.8776644e-05, -7.601974e-05, -9.265579e-05, -0.00011189405, -0.00012248177, -0.00014601414, -0.00017235227, -0.00018646652, -0.00021683915, -0.0002500766, -0.0002860778, -0.00030496824, -0.00034502283, -0.00038799623, -0.00041024073, -0.00045689332, -0.0005065839, -0.0005584099, -0.00058512285, -0.0006409232, -0.0006992549, -0.0007288824, -0.000789459, -0.000852859, -0.000885297, -0.0009503568, -0.0010157989, -0.0010832069, -0.0011173977, -0.0011848531, -0.0012500732, -0.0012823761, -0.00134725, -0.0014109184, -0.0014696538, -0.0014966918, -0.0015472872, -0.0015950556, -0.001617715, -0.0016579757, -0.0016879959, -0.0016988011, -0.00171361, -0.0017229264, -0.0017282988, -0.0017288607, -0.0017230189, -0.0017059082, -0.0016934469, -0.00166424, -0.0016366947, -0.0016189682, -0.0016154365, -0.001619636, -0.0016360526, -0.0016470676, -0.0016704563, -0.0016906527, -0.0016980649, -0.0017057781, -0.0017032418, -0.0016909768, -0.0016816377, -0.0016574471, -0.0016272049, -0.0016102128, -0.0015728625, -0.0015312517, -0.0014851477, -0.0014603955, -0.0014083019, -0.0013588506, -0.0013408642, -0.0013448976, -0.001451256
0, 0, 0, 0, 0, 0, -0.0016998893, -0.0015841178, -0.0013615182, -0.0012644293, -0.0012413837, -0.0012408851, -0.0012454935, -0.0012504966, -0.0012519247, -0.0012524833, -0.0012484058, -0.0012398936, -0.0012346705, -0.0012232536, -0.0012112047, -0.0012047096, -0.0011910462, -0.0011777708, -0.0011717036, -0.0011604993, -0.0011499905, -0.0011400549, -0.0011356627, -0.0011287802, -0.0011230832, -0.0011196728, -0.0011098053, -0.001095057, -0.0010761642, -0.0010652905, -0.0010401625, -0.0010090283, -0.0009910623, -0.0009511553, -0.0009086971, -0.0008872926, -0.00084418326, -0.00079806015, -0.0007460767, -0.0007181696, -0.0006617256, -0.0006087271, -0.00058339234, -0.0005326165, -0.00048013314, -0.00042891197, -0.00040471563, -0.00035885928, -0.00031524114, -0.00029435396, -0.00025536152, -0.00021965636, -0.00020280654, -0.00017199173, -0.00014577422, -0.00012230602, -0.000111164154, -9.148074e-05, -7.639986e-05, -7.019418e-05, -5.927589e-05, -5.1036775e-05, -4.632689e-05, -4.5079287e-05, -4.468259e-05, -4.727243e-05, -4.9601105e-05, -5.6393263e-05, -6.58396e-05, -7.840055e-05, -8.572809e-05, -0.00010231306, -0.00012160629, -0.00013233132, -0.00015600493, -0.00018219803, -0.00019633213, -0.000226835, -0.00025992095, -0.0002958972, -0.00031481858, -0.00035478905, -0.00039756525, -0.00041982072, -0.00046640023, -0.00051596493, -0.00056767586, -0.0005942988, -0.00065000437, -0.0007082052, -0.00073775364, -0.00079816347, -0.00086138747, -0.00089377, -0.0009586493, -0.0010238872, -0.0010911413, -0.0011252252, -0.001192446, -0.0012574884, -0.0012896708, -0.0013543376, -0.0014178068, -0.0014763006, -0.00150324, -0.0015535867, -0.0016010973, -0.0016236346, -0.0016636605, -0.001693441, -0.0017041225, -0.001718762, -0.0017278566, -0.0017330331, -0.0017334557, -0.0017274139, -0.0017101439, -0.0016975965, -0.0016682738, -0.0016406141, -0.0016228098, -0.0016192577, -0.0016233944, -0.0016397091, -0.0016506767, -0.0016739523, -0.001694023, -0.0017013593, -0.0017088819, -0.0017062172, -0.001693807, -0.0016843855, -0.0016600467, -0.0016296562, -0.0016125788, -0.0015750908, -0.0015333097, -0.001487065, -0.0014622114, -0.0014099877, -0.0013603019, -0.0013422021, -0.0013460895, -0.0014523204
0, 0, 0, 0, 0, 0, -0.0017001065, -0.0014992421, -0.0012972422, -0.0012453594, -0.0012479587, -0.0012550629, -0.0012691526, -0.0012785146, -0.0012811681, -0.0012826425, -0.0012790172, -0.0012706212, -0.0012651781, -0.0012527369, -0.0012387426, -0.0012311011, -0.0012148395, -0.0011991492, -0.0011917797, -0.0011779597, -0.001165974, -0.0011564057, -0.0011529363, -0.0011485693, -0.001146148, -0.0011446404, -0.0011381665, -0.0011251624, -0.0011044991, -0.0010911729, -0.001058472, -0.0010187724, -0.0009968423, -0.0009505251, -0.0009042952, -0.00088225724, -0.0008395105, -0.00079431024, -0.0007424795, -0.0007144476, -0.0006581217, -0.00060605345, -0.0005815254, -0.0005322053, -0.0004806404, -0.00042960048, -0.00040551985, -0.00036048767, -0.00031810056, -0.00029768783, -0.00025887848, -0.0002233648, -0.00020701418, -0.000177257, -0.00015102395, -0.000127283, -0.00011645802, -9.770022e-05, -8.328104e-05, -7.7095945e-05, -6.6193854e-05, -5.828753e-05, -5.4212403e-05, -5.318964e-05, -5.295281e-05, -5.5766628e-05, -5.821359e-05, -6.521828e-05, -7.5033866e-05, -8.7747925e-05, -9.508598e-05, -0.00011168213, -0.00013119874, -0.0001419815, -0.00016560571, -0.0001918253, -0.00020604367, -0.00023651373, -0.0002695035, -0.00030550754, -0.00032440093, -0.00036421552, -0.00040693601, -0.0004292048, -0.00047561288, -0.0005251175, -0.00057666894, -0.0006032602, -0.00065887027, -0.0007169012, -0.000746359, -0.0008066337, -0.0008697177, -0.00090204086, -0.0009666918, -0.0010317732, -0.0010988775, -0.0011328518, -0.0011998803, -0.0012646904, -0.0012967743, -0.0013612411, -0.001424479, -0.0014827863, -0.0015095733, -0.0015597043, -0.0016070139, -0.0016294471, -0.001669232, -0.0016987673, -0.0017093269, -0.0017237456, -0.0017326367, -0.0017376043, -0.0017379351, -0.0017317447, -0.0017142743, -0.0017016368, -0.0016721772, -0.0016444094, -0.0016265367, -0.0016229596, -0.0016270318, -0.0016432623, -0.0016541743, -0.001677387, -0.0016972934, -0.001704521, -0.0017119201, -0.001709091, -0.0016965751, -0.0016870535, -0.0016625436, -0.0016320354, -0.0016148714, -0.0015772476, -0.0015353276, -0.0014889024, -0.0014639872, -0.0014116132, -0.0013617417, -0.0013435154, -0.0013472196, -0.0014533753
0, 0, 0, 0, 0, 0, -0.0014256582, -0.001319532, -0.0012143324, -0.0012082645, -0.0012364368, -0.0012524062, -0.0012790338, -0.0012957035, -0.0013005399, -0.001304405, -0.0013017657, -0.0012935757, -0.0012878135, -0.001274044, -0.0012578233, -0.0012491671, -0.0012317382, -0.0012153022, -0.0012076932, -0.001193157, -0.0011806324, -0.0011714889, -0.001168315, -0.0011643193, -0.0011622831, -0.0011610058, -0.0011554206, -0.00114299, -0.0011210691, -0.0011061096, -0.0010693904, -0.0010255814, -0.0010018928, -0.00095274183, -0.00090405793, -0.0008809415, -0.00083680346, -0.0007915733, -0.0007403257, -0.0007126538, -0.0006567317, -0.0006046746, -0.00058013253, -0.00053143146, -0.00048077622, -0.0004302582, -0.00040638566, -0.0003621692, -0.00032096586, -0.00030098925, -0.00026230604, -0.0002272049, -0.00021134024, -0.00018246585, -0.00015612705, -0.00013238694, -0.00012193717, -0.00010430036, -9.005796e-05, -8.375452e-05, -7.291051e-05, -6.574728e-05, -6.208956e-05, -6.109513e-05, -6.097713e-05, -6.403026e-05, -6.66661e-05, -7.397983e-05, -8.3966486e-05, -9.672977e-05, -0.00010410964, -0.000120969395, -0.0001405452, -0.00015132113, -0.00017491695, -0.00020122628, -0.00021545228, -0.00024589058, -0.00027890297, -0.00031487204, -0.00033365845, -0.00037338719, -0.00041615247, -0.00043832144, -0.00048457948, -0.0005340292, -0.0005855167, -0.0006120519, -0.00066745473, -0.00072537427, -0.00075477414, -0.00081488444, -0.00087787554, -0.00091007864, -0.00097450265, -0.0010394859, -0.0011063997, -0.0011403004, -0.0012071239, -0.0012717058, -0.0013036971, -0.0013680015, -0.0014310112, -0.0014890984, -0.0015157645, -0.0015656806, -0.0016127931, -0.0016351155, -0.0016746428, -0.0017039198, -0.0017143687, -0.0017285936, -0.0017372745, -0.0017420218, -0.0017422751, -0.0017359828, -0.001718313, -0.0017055748, -0.001675999, -0.0016480994, -0.0016301847, -0.0016265718, -0.0016305539, -0.0016467046, -0.0016576056, -0.0016806927, -0.0017004643, -0.0017076386, -0.0017148594, -0.0017119007, -0.001699249, -0.0016896626, -0.0016649591, -0.0016343436, -0.0016171345, -0.0015793369, -0.0015372847, -0.0014906968, -0.0014657088, -0.0014131444, -0.0013631213, -0.0013447996, -0.0013483162, -0.0014544094
0, 0, 0, 0, 0, 0, -0.001262643, -0.0012075596, -0.0011657834, -0.0011869392, -0.0012272346, -0.0012469828, -0.0012794227, -0.0012999867, -0.0013061868, -0.0013119067, -0.0013101383, -0.0013022767, -0.0012964236, -0.0012815142, -0.0012636805, -0.0012544735, -0.0012368691, -0.0012213368, -0.0012142038, -0.0012002785, -0.0011883557, -0.0011797013, -0.0011764975, -0.0011719055, -0.0011686942, -0.0011668167, -0.0011606211, -0.0011477782, -0.0011251345, -0.0011099032, -0.0010725595, -0.0010292451, -0.0010061859, -0.0009580727, -0.0009090963, -0.00088496954, -0.00083825097, -0.000790874, -0.0007391159, -0.0007116641, -0.00065661577, -0.000604742, -0.0005799906, -0.0005309539, -0.00048049094, -0.00043095526, -0.0004075986, -0.0003643013, -0.0003238168, -0.0003039507, -0.00026564213, -0.0002313006, -0.00021585576, -0.00018735934, -0.0001609749, -0.000137875, -0.00012792811, -0.00011095694, -9.6466836e-05, -9.0062e-05, -7.9800164e-05, -7.343396e-05, -6.9781454e-05, -6.8693225e-05, -6.886736e-05, -7.235117e-05, -7.5145996e-05, -8.244201e-05, -9.2599475e-05, -0.00010551573, -0.000112995185, -0.00012997544, -0.00014954984, -0.0001603784, -0.00018407012, -0.0002104286, -0.00022461919, -0.00025498177, -0.00028804076, -0.0003239159, -0.00034267234, -0.0003823956, -0.00042503912, -0.00044715343, -0.00049340614, -0.00054272066, -0.0005941059, -0.0006205598, -0.0006758319, -0.0007336084, -0.0007629485, -0.0008229391, -0.0008857864, -0.00091787183, -0.0009822076, -0.0010469579, -0.0011137072, -0.0011475435, -0.0012141783, -0.0012785927, -0.0013104604, -0.0013745514, -0.0014373763, -0.0014952504, -0.0015218402, -0.0015714774, -0.001618387, -0.0016405806, -0.0016798925, -0.0017089932, -0.0017193063, -0.0017333386, -0.001741809, -0.001746396, -0.0017465458, -0.001740056, -0.0017222135, -0.0017094099, -0.0016797492, -0.0016517432, -0.001633721, -0.0016300943, -0.0016340066, -0.0016500787, -0.0016609159, -0.0016838987, -0.0017035739, -0.0017106753, -0.0017177443, -0.0017146568, -0.0017018038, -0.0016921496, -0.001667371, -0.0016365718, -0.0016192889, -0.0015813649, -0.0015391851, -0.0014924479, -0.001467359, -0.0014146595, -0.0013644351, -0.001346041, -0.0013493738, -0.0014554181
0, 0, 0, 0, 0, -0.0017954081, -0.0013648246, -0.0012620778, -0.0011927197, -0.0012039156, -0.0012359068, -0.0012522105, -0.001279231, -0.0012968126, -0.0013022278, -0.001307323, -0.0013059885, -0.0012987959, -0.0012932535, -0.0012784373, -0.0012604464, -0.0012510426, -0.0012336634, -0.0012186414, -0.0012117376, -0.0011986134, -0.0011872664, -0.0011791177, -0.0011759016, -0.0011705599, -0.0011660864, -0.001163684, -0.0011566008, -0.0011434499, -0.0011214052, -0.0011068638, -0.0010720318, -0.0010322077, -0.0010108853, -0.00096557493, -0.00091727806, -0.00089262263, -0.00084306096, -0.0007923555, -0.00073904556, -0.00071163365, -0.0006575325, -0.00060591684, -0.00058094505, -0.0005309979, -0.00048044894, -0.00043191953, -0.00040925195, -0.00036698123, -0.00032652775, -0.00030662175, -0.00026878127, -0.00023540593, -0.0002203616, -0.00019214336, -0.00016599985, -0.00014367772, -0.0001341356, -0.0001173369, -0.0001026382, -9.645922e-05, -8.708731e-05, -8.0947524e-05, -7.710562e-05, -7.614942e-05, -7.6784585e-05, -8.061236e-05, -8.334077e-05, -9.070867e-05, -0.00010112054, -0.00011416348, -0.00012165281, -0.00013868832, -0.00015836033, -0.0001692306, -0.00019296918, -0.00021926353, -0.0002335133, -0.00026387858, -0.00029689338, -0.0003326872, -0.00035147654, -0.00039116805, -0.0004336926, -0.0004557983, -0.00050195336, -0.0005511645, -0.0006024129, -0.00062882155, -0.0006840079, -0.0007416585, -0.0007709313, -0.000830786, -0.0008934454, -0.0009254983, -0.0009896858, -0.001054287, -0.0011208297, -0.001154582, -0.0012210436, -0.0012853094, -0.001317081, -0.001380954, -0.0014435647, -0.0015012497, -0.0015277388, -0.0015771771, -0.0016238532, -0.0016459248, -0.0016850359, -0.0017139175, -0.0017241494, -0.0017379385, -0.0017462429, -0.0017506706, -0.0017507281, -0.0017440064, -0.0017260318, -0.0017131943, -0.0016833781, -0.0016553118, -0.0016371864, -0.0016334963, -0.0016373598, -0.0016533866, -0.0016641524, -0.0016870333, -0.0017065644, -0.0017136135, -0.0017205755, -0.001717303, -0.0017043056, -0.0016945862, -0.0016697181, -0.0016387412, -0.0016213874, -0.0015833548, -0.0015409816, -0.0014941411, -0.0014689959, -0.0014161059, -0.0013657303, -0.0013472565, -0.0013504458, -0.0014563506
0, 0, 0, 0, 0, -0.0018832604, -0.0014455955, -0.0013376265, -0.0012511035, -0.0012428039, -0.001256991, -0.00126554, -0.001280524, -0.0012904953, -0.0012934469, -0.0012958478, -0.0012939515, -0.0012879778, -0.0012832504, -0.0012706189, -0.0012541834, -0.0012452661, -0.0012277275, -0.0012115821, -0.0012039891, -0.0011897236, -0.0011779713, -0.0011696324, -0.0011663429, -0.0011609009, -0.0011566562, -0.0011545368, -0.0011482745, -0.0011359659, -0.0011156668, -0.0011024628, -0.0010714508, -0.0010354735, -0.0010158053, -0.00097317854, -0.0009261359, -0.0009012948, -0.00084958103, -0.00079550827, -0.0007402484, -0.0007127577, -0.0006595162, -0.0006083231, -0.000582937, -0.00053171755, -0.00048096039, -0.00043351605, -0.00041148622, -0.00036962738, -0.00032878917, -0.00030886324, -0.00027200283, -0.00023990138, -0.00022514524, -0.00019687218, -0.00017107655, -0.00014955846, -0.0001402969, -0.0001234614, -0.000109061235, -0.00010319975, -9.433423e-05, -8.817481e-05, -8.44156e-05, -8.371658e-05, -8.4771615e-05, -8.858095e-05, -9.128361e-05, -9.887666e-05, -0.00010950972, -0.00012260511, -0.00013009053, -0.00014719981, -0.00016700898, -0.00017787484, -0.00020157656, -0.00022792253, -0.00024214893, -0.00027255077, -0.0003054874, -0.00034128805, -0.0003600425, -0.00039969428, -0.00044217517, -0.00046420516, -0.0005102638, -0.000559366, -0.00061053934, -0.0006369083, -0.0006920034, -0.00074950786, -0.00077871745, -0.00083843886, -0.00090094836, -0.00093295844, -0.0009969745, -0.0010614336, -0.0011278333, -0.0011614544, -0.001227743, -0.0012918247, -0.0013235344, -0.0013872293, -0.0014496122, -0.0015070766, -0.0015334619, -0.0015827467, -0.001629206, -0.0016511667, -0.0016900646, -0.0017187347, -0.0017288558, -0.0017424495, -0.0017505737, -0.0017548186, -0.0017547965, -0.0017478955, -0.0017297522, -0.0017168507, -0.0016869283, -0.0016587476, -0.0016405719, -0.0016368381, -0.0016406359, -0.0016565734, -0.0016673089, -0.0016900802, -0.0017094957, -0.001716488, -0.0017233198, -0.001719902, -0.0017067863, -0.0016970001, -0.0016719645, -0.0016408737, -0.0016234298, -0.0015852429, -0.0015427703, -0.0014957889, -0.0014705749, -0.0014175217, -0.0013670031, -0.0013484217, -0.0013514622, -0.0014572833
0, 0, 0, 0, 0, -0.0016605596, -0.0014183657, -0.0013483203, -0.0012848725, -0.0012712894, -0.0012730372, -0.0012752429, -0.0012793153, -0.001281603, -0.0012818978, -0.0012806343, -0.0012771455, -0.0012715497, -0.0012676918, -0.0012575439, -0.0012434114, -0.0012351407, -0.0012173521, -0.0011993501, -0.0011906849, -0.0011748661, -0.0011623901, -0.0011536523, -0.0011504043, -0.0011457334, -0.0011434392, -0.0011425186, -0.0011387458, -0.0011288497, -0.0011115259, -0.0011002559, -0.0010729973, -0.0010398201, -0.0010210763, -0.0009796685, -0.0009334875, -0.00090874784, -0.0008562473, -0.0008001758, -0.00074335706, -0.00071563636, -0.00066266116, -0.00061119196, -0.00058536156, -0.000533012, -0.00048205577, -0.00043548082, -0.00041385597, -0.00037205953, -0.00033100156, -0.00031138834, -0.0002758197, -0.00024454223, -0.00022979002, -0.00020137196, -0.00017628659, -0.00015565216, -0.00014651586, -0.0001295879, -0.00011556409, -0.000110066954, -0.0001015198, -9.5283045e-05, -9.176179e-05, -9.131623e-05, -9.26985e-05, -9.631295e-05, -9.905526e-05, -0.00010700796, -0.00011776013, -0.00013078848, -0.00013832141, -0.00015561261, -0.0001754111, -0.0001862546, -0.00021001407, -0.00023640547, -0.00025058555, -0.0002809615, -0.00031389092, -0.00034966078, -0.00036837815, -0.00040794435, -0.0004504102, -0.00047243413, -0.00051835744, -0.0005673791, -0.00061845355, -0.00064477685, -0.00069978007, -0.00075717154, -0.00078631466, -0.0008458776, -0.0009083089, -0.0009402264, -0.0010040798, -0.0010683633, -0.0011346217, -0.0011681942, -0.001234295, -0.0012981896, -0.0013298013, -0.001393341, -0.001455569, -0.0015127828, -0.0015390487, -0.0015881493, -0.0016344211, -0.0016563117, -0.0016949787, -0.0017234376, -0.0017334562, -0.0017468637, -0.0017548249, -0.0017588624, -0.0017587502, -0.0017516738, -0.0017334144, -0.0017204155, -0.0016903592, -0.0016621033, -0.0016438419, -0.0016401105, -0.0016438345, -0.0016597019, -0.0016703941, -0.0016930623, -0.0017123692, -0.0017192966, -0.0017259838, -0.0017224455, -0.0017091801, -0.0016993234, -0.0016741365, -0.0016429152, -0.0016254231, -0.0015871124, -0.0015445023, -0.0014974314, -0.0014721106, -0.0014189187, -0.0013682201, -0.0013495602, -0.0013524336, -0.0014581829
0, 0, 0, 0, -0.0021386088, -0.0016143498, -0.0013708287, -0.0013189492, -0.0012792541, -0.0012726956, -0.0012725006, -0.0012723354, -0.0012710823, -0.0012686651, -0.0012668101, -0.0012620031, -0.0012557843, -0.0012487775, -0.0012448888, -0.0012358573, -0.0012235792, -0.001215825, -0.0011981935, -0.0011792794, -0.0011701756, -0.0011538836, -0.001141474, -0.0011331623, -0.001130434, -0.0011282834, -0.001130121, -0.0011315031, -0.0011318926, -0.001125585, -0.0011117436, -0.0011021104, -0.001077312, -0.0010452587, -0.001026709, -0.0009854275, -0.00093970273, -0.0009152804, -0.0008626091, -0.0008055892, -0.0007476988, -0.0007197113, -0.00066618324, -0.0006139185, -0.00058749586, -0.0005342639, -0.00048357635, -0.0004379277, -0.0004166289, -0.00037464136, -0.00033363784, -0.00031450688, -0.0002799184, -0.00024903746, -0.0002341979, -0.00020600087, -0.00018189041, -0.00016176469, -0.00015256772, -0.00013565604, -0.00012229026, -0.00011707513, -0.00010860036, -0.00010228015, -9.927925e-05, -9.901713e-05, -0.00010030285, -0.000103907725, -0.000106872525, -0.00011508287, -0.00012568582, -0.00013877984, -0.0001464786, -0.00016385043, -0.00018353516, -0.00019442978, -0.00021828228, -0.00024463327, -0.00025879932, -0.0002891696, -0.00032208266, -0.00035778165, -0.0003765017, -0.00041602578, -0.0004584167, -0.00048042132, -0.00052628893, -0.00057521166, -0.00062618416, -0.00065244763, -0.00070731825, -0.000764627, -0.00079371943, -0.0008531699, -0.0009154396, -0.0009472815, -0.0010110334, -0.0010751646, -0.0011412622, -0.001174758, -0.0012406956, -0.0013044147, -0.0013359442, -0.0013992621, -0.0014613356, -0.0015183531, -0.0015445382, -0.0015934155, -0.0016395259, -0.0016613256, -0.0016997728, -0.0017280433, -0.0017379735, -0.0017511854, -0.0017589551, -0.0017628154, -0.0017626559, -0.0017554032, -0.001736989, -0.0017239208, -0.0016937341, -0.0016654043, -0.0016470801, -0.0016433008, -0.0016469653, -0.0016627776, -0.0016734271, -0.0016959575, -0.0017151643, -0.0017220181, -0.0017285782, -0.0017248979, -0.0017115268, -0.0017015943, -0.0016762712, -0.0016449293, -0.0016273898, -0.0015889573, -0.0015462191, -0.0014989839, -0.0014736129, -0.0014202705, -0.0013693842, -0.0013506626, -0.0013533931, -0.0014590697
0, 0, 0, 0, -0.0016963239, -0.0014256181, -0.0012773962, -0.0012515493, -0.0012436677, -0.0012530941, -0.0012599571, -0.0012611375, -0.0012600977, -0.0012556731, -0.0012524184, -0.0012437504, -0.0012331221, -0.0012221037, -0.0012168067, -0.0012064107, -0.0011944479, -0.0011871656, -0.0011702081, -0.0011522655, -0.0011439166, -0.0011295745, -0.0011196736, -0.0011142762, -0.0011133372, -0.001115811, -0.0011233685, -0.0011275065, -0.001132206, -0.0011290894, -0.0011174502, -0.0011086002, -0.0010845532, -0.0010520552, -0.001033137, -0.0009912719, -0.00094534474, -0.00092082034, -0.00086773693, -0.0008100021, -0.0007515183, -0.00072325714, -0.00066910445, -0.00061604613, -0.0005892038, -0.0005358128, -0.00048593446, -0.0004410728, -0.00041970532, -0.00037723183, -0.00033661403, -0.00031793647, -0.00028427463, -0.0002535025, -0.00023859696, -0.00021104557, -0.0001877449, -0.00016775624, -0.00015856228, -0.00014197236, -0.00012916519, -0.00012405304, -0.000115499715, -0.00010940122, -0.00010680485, -0.000106527266, -0.00010771129, -0.00011157641, -0.000114707225, -0.00012289484, -0.00013340497, -0.00014679764, -0.00015453574, -0.00017173796, -0.00019152496, -0.00020247333, -0.00022630472, -0.0002526221, -0.00026681653, -0.00029718783, -0.0003300586, -0.00036574082, -0.00038444693, -0.0004239229, -0.00046619377, -0.00048814632, -0.00053399836, -0.0005828754, -0.00063372345, -0.0006599063, -0.0007147162, -0.0007719053, -0.00080093625, -0.00086028205, -0.00092240627, -0.0009541922, -0.0010178224, -0.0010818215, -0.0011477438, -0.0011811642, -0.0012469575, -0.0013105185, -0.0013419446, -0.0014050961, -0.0014669546, -0.0015238099, -0.0015499046, -0.0015986013, -0.0016444951, -0.0016661984, -0.0017044876, -0.0017325527, -0.0017423785, -0.0017554126, -0.0017629768, -0.0017666932, -0.0017664366, -0.0017590544, -0.0017404835, -0.0017273322, -0.0016970363, -0.001668594, -0.0016502327, -0.0016464558, -0.0016500185, -0.0016657847, -0.0016763824, -0.0016988206, -0.0017178716, -0.0017246786, -0.0017311336, -0.0017273197, -0.0017138015, -0.0017038006, -0.0016783591, -0.0016468964, -0.0016292965, -0.0015907623, -0.0015478756, -0.0015004891, -0.0014750478, -0.0014215909, -0.0013705272, -0.0013517366, -0.0013543395, -0.0014599182
0, 0, 0, 0, -0.0014046398, -0.0012492597, -0.0011852878, -0.0011845795, -0.0012080707, -0.0012350444, -0.0012518178, -0.0012559681, -0.0012579248, -0.0012532619, -0.0012489815, -0.0012367938, -0.0012211214, -0.0012048398, -0.0011972304, -0.0011833368, -0.0011694768, -0.0011618691, -0.0011451609, -0.0011288316, -0.0011217946, -0.001111049, -0.0011056571, -0.0011055856, -0.0011076623, -0.0011163079, -0.0011293053, -0.0011354412, -0.0011426357, -0.0011401939, -0.0011282552, -0.0011189673, -0.0010934906, -0.0010594601, -0.0010398355, -0.0009964948, -0.0009492225, -0.0009240349, -0.00086999853, -0.0008119238, -0.00075387425, -0.00072582986, -0.0006717097, -0.0006181189, -0.0005910765, -0.000537816, -0.00048872083, -0.00044437998, -0.00042285112, -0.00038000994, -0.00033994787, -0.00032188138, -0.00028909883, -0.00025809562, -0.00024324302, -0.00021635677, -0.00019382556, -0.00017377989, -0.00016453756, -0.00014839366, -0.00013610878, -0.00013103009, -0.00012236627, -0.00011659663, -0.0001142383, -0.0001139525, -0.00011509839, -0.00011922488, -0.00012237806, -0.0001305142, -0.00014112263, -0.00015460698, -0.0001623057, -0.00017948146, -0.00019938534, -0.00021036541, -0.00023411018, -0.00026043755, -0.00027465826, -0.00030500052, -0.00033780365, -0.00037350698, -0.00039218136, -0.0004315803, -0.00047380428, -0.00049573084, -0.00054150267, -0.00059029803, -0.0006410785, -0.00066723203, -0.0007219202, -0.00077900576, -0.00080798555, -0.0008672469, -0.00092925027, -0.00096096675, -0.0010244215, -0.0010883008, -0.0011541003, -0.0011874492, -0.0012530751, -0.0013164512, -0.0013477929, -0.0014108008, -0.0014724805, -0.0015291638, -0.0015551755, -0.0016036773, -0.0016493873, -0.0016709983, -0.0017090942, -0.00173695, -0.0017466972, -0.0017595347, -0.0017669309, -0.0017704718, -0.001770128, -0.0017626213, -0.0017438862, -0.0017306744, -0.0017002864, -0.0016717607, -0.0016533119, -0.0016494783, -0.0016530245, -0.0016686977, -0.0016792446, -0.0017016245, -0.0017205608, -0.0017272928, -0.001733624, -0.0017297039, -0.001716006, -0.001705946, -0.0016804105, -0.0016488198, -0.0016311689, -0.0015924954, -0.0015494933, -0.0015019668, -0.0014764505, -0.0014228694, -0.001371706, -0.0013528103, -0.0013552598, -0.0014607348
0, 0, 0, 0, -0.0013099036, -0.0011941164, -0.0011594369, -0.0011684259, -0.001205037, -0.0012408162, -0.0012638477, -0.0012702629, -0.0012750828, -0.0012714473, -0.0012668339, -0.0012526085, -0.0012335184, -0.001212516, -0.001202406, -0.0011834108, -0.0011653688, -0.0011562267, -0.0011380184, -0.0011222364, -0.0011161894, -0.0011088115, -0.0011082578, -0.0011140896, -0.0011191115, -0.0011330643, -0.0011488079, -0.0011552069, -0.0011612484, -0.0011563605, -0.0011414667, -0.0011305135, -0.0011018446, -0.0010649611, -0.0010440423, -0.0009986885, -0.0009498092, -0.0009241272, -0.000869859, -0.0008126393, -0.00075557106, -0.0007279144, -0.0006739492, -0.00061999395, -0.00059279567, -0.0005398319, -0.00049171847, -0.00044778554, -0.0004261079, -0.00038315658, -0.0003439431, -0.00032645668, -0.00029408638, -0.00026296123, -0.00024825623, -0.0002221629, -0.00019995312, -0.0001798111, -0.00017063672, -0.00015516335, -0.00014307752, -0.0001378611, -0.00012919208, -0.00012395071, -0.00012157202, -0.00012118901, -0.00012241292, -0.00012676987, -0.0001299424, -0.00013796185, -0.00014869816, -0.00016227942, -0.0001699248, -0.00018708377, -0.00020711966, -0.00021804073, -0.00024172399, -0.0002681433, -0.00028233827, -0.00031256984, -0.00034539492, -0.0003810474, -0.00039967272, -0.0004390542, -0.000481263, -0.0005031448, -0.0005488074, -0.0005975453, -0.00064825104, -0.0006743799, -0.00072895945, -0.00078595127, -0.00081485976, -0.0008740346, -0.0009359068, -0.00096755766, -0.0010309152, -0.0010946223, -0.0011603188, -0.0011935873, -0.0012590713, -0.001322264, -0.0013535426, -0.0014164101, -0.0014778799, -0.0015344166, -0.0015603183, -0.0016086414, -0.001654142, -0.0016756783, -0.0017135992, -0.0017412829, -0.0017509173, -0.001763588, -0.0017707985, -0.0017741916, -0.0017737785, -0.0017660727, -0.0017472217, -0.0017339698, -0.0017034634, -0.0016748873, -0.0016563341, -0.0016524493, -0.001655942, -0.0016715298, -0.0016820455, -0.0017043407, -0.0017232094, -0.0017298782, -0.0017360358, -0.0017320095, -0.0017181897, -0.0017080724, -0.0016824001, -0.0016507114, -0.0016329776, -0.0015941784, -0.0015510751, -0.001503412, -0.0014778688, -0.0014241121, -0.001372841, -0.0013538628, -0.001356128, -0.0014615579
0, 0, 0, -0.0018833355, -0.0015943247, -0.0012850042, -0.0012130312, -0.0012148888, -0.0012432162, -0.0012752858, -0.0012979602, -0.0013051116, -0.0013117617, -0.0013098462, -0.0013058594, -0.0012923315, -0.0012727756, -0.00124967, -0.0012377395, -0.0012140843, -0.0011910306, -0.0011797263, -0.0011583855, -0.0011412179, -0.0011351476, -0.0011290541, -0.0011312979, -0.0011407193, -0.0011474476, -0.001163133, -0.0011773105, -0.0011817826, -0.0011828059, -0.001172389, -0.0011523775, -0.0011390253, -0.0011063076, -0.0010666029, -0.0010446287, -0.0009979762, -0.00094867684, -0.0009231106, -0.00086935016, -0.00081292243, -0.00075643515, -0.0007289093, -0.00067509967, -0.0006212469, -0.00059426896, -0.0005421728, -0.00049504434, -0.00045123874, -0.00042948802, -0.00038678962, -0.00034866598, -0.00033169656, -0.00029945007, -0.00026813522, -0.00025361386, -0.00022812592, -0.00020619224, -0.00018615984, -0.00017710039, -0.00016197553, -0.00014984958, -0.00014461546, -0.00013626204, -0.0001312333, -0.0001286585, -0.00012829038, -0.0001297516, -0.00013424768, -0.0001373036, -0.00014527897, -0.00015624045, -0.00016967082, -0.00017724947, -0.00019462714, -0.0002146114, -0.00022545714, -0.00024923234, -0.0002756172, -0.00028976114, -0.0003200132, -0.00035284014, -0.00038838157, -0.00040700426, -0.00044633984, -0.0004884727, -0.0005103377, -0.0005559613, -0.00060460565, -0.000655252, -0.0006813447, -0.00073585194, -0.00079274434, -0.0008216108, -0.00088063296, -0.0009424282, -0.0009740176, -0.0010372172, -0.0011008534, -0.0011663655, -0.001199562, -0.0012649265, -0.0013279675, -0.001359197, -0.0014218829, -0.0014831941, -0.0015395238, -0.001565331, -0.0016135045, -0.001658839, -0.0016802499, -0.0017179865, -0.0017455186, -0.0017550284, -0.0017675504, -0.0017746113, -0.0017778359, -0.0017773476, -0.0017694863, -0.0017505115, -0.0017371854, -0.0017065735, -0.001677873, -0.0016592813, -0.0016553949, -0.0016587937, -0.0016743161, -0.0016848185, -0.0017070385, -0.0017257953, -0.0017324042, -0.001738429, -0.0017342273, -0.0017203524, -0.0017101608, -0.0016843361, -0.0016525661, -0.0016347547, -0.0015958366, -0.0015525995, -0.0015048599, -0.0014792462, -0.0014253467, -0.0013738853, -0.0013548703, -0.0013569958, -0.0014623532
0, 0, 0, -0.0016889706, -0.0015673105, -0.0013606171, -0.0012920812, -0.0012881306, -0.001303534, -0.0013261604, -0.0013444391, -0.001350826, -0.0013582866, -0.0013585807, -0.0013560186, -0.0013454655, -0.0013287119, -0.0013072648, -0.0012953144, -0.0012703198, -0.0012443768, -0.0012314251, -0.0012069126, -0.0011869875, -0.0011796693, -0.001171669, -0.00117258, -0.0011806099, -0.0011863597, -0.0011983074, -0.0012064, -0.0012072407, -0.001200724, -0.0011839315, -0.0011587115, -0.0011433306, -0.0011076448, -0.0010663081, -0.0010439301, -0.0009968819, -0.00094755663, -0.0009219946, -0.0008683855, -0.00081213086, -0.0007561412, -0.0007288681, -0.00067549915, -0.0006223861, -0.00059585745, -0.0005449656, -0.0004985603, -0.00045483053, -0.00043321593, -0.0003913603, -0.00035430276, -0.00033742184, -0.0003048174, -0.00027347324, -0.00025932907, -0.00023471775, -0.00021278474, -0.00019247436, -0.00018355658, -0.00016883928, -0.00015678977, -0.00015156461, -0.0001433518, -0.00013829987, -0.0001357284, -0.00013539728, -0.00013711255, -0.00014143431, -0.00014443106, -0.00015261598, -0.00016358057, -0.00017688212, -0.00018454531, -0.00020201174, -0.00022187481, -0.00023272168, -0.00025658455, -0.00028284133, -0.00029697933, -0.00032730962, -0.00036005955, -0.0003955844, -0.0004142107, -0.00045344132, -0.00049554626, -0.0005173656, -0.00056296773, -0.0006115205, -0.00066207274, -0.00068816013, -0.0007425701, -0.00079938164, -0.0008282061, -0.0008870907, -0.0009487978, -0.0009803494, -0.0010434346, -0.0011069466, -0.0011723161, -0.001205423, -0.0012706217, -0.0013335677, -0.0013646971, -0.0014272112, -0.0014883844, -0.0015445676, -0.0015702802, -0.0016182474, -0.001663447, -0.0016847538, -0.0017222896, -0.0017496332, -0.0017590921, -0.0017714067, -0.0017783407, -0.0017814318, -0.0017808495, -0.0017728594, -0.0017537088, -0.001740333, -0.0017096373, -0.0016808325, -0.0016621776, -0.0016582619, -0.0016616194, -0.0016770688, -0.0016875314, -0.0017096496, -0.0017282947, -0.0017348615, -0.0017407851, -0.0017364442, -0.0017224168, -0.0017121909, -0.0016862667, -0.0016543538, -0.0016364969, -0.0015974375, -0.0015541239, -0.0015062679, -0.0014805568, -0.0014265459, -0.0013749573, -0.0013558486, -0.0013578597, -0.0014631227
0, 0, 0, -0.0019399204, -0.0016823463, -0.0014261192, -0.0013546223, -0.0013482501, -0.0013566301, -0.001372776, -0.0013873569, -0.0013931126, -0.0014012099, -0.0014040872, -0.0014034803, -0.0013977148, -0.0013866604, -0.0013706803, -0.0013610328, -0.0013388495, -0.001313482, -0.0013001745, -0.0012735402, -0.0012499455, -0.0012404083, -0.001227262, -0.0012223568, -0.0012240825, -0.0012264241, -0.0012310405, -0.0012312153, -0.0012281681, -0.0012146563, -0.0011924348, -0.0011630384, -0.0011460988, -0.0011083016, -0.0010661104, -0.0010436754, -0.0009963883, -0.0009464955, -0.0009204501, -0.00086631713, -0.0008104311, -0.0007554122, -0.0007285746, -0.0006759452, -0.0006235347, -0.0005976497, -0.00054817897, -0.0005026546, -0.00045931584, -0.00043787452, -0.0003967257, -0.00036005388, -0.00034311516, -0.0003103463, -0.00027968187, -0.00026602202, -0.0002416546, -0.00021912846, -0.00019890376, -0.00019031981, -0.00017598392, -0.00016370381, -0.00015837926, -0.0001502951, -0.0001453768, -0.00014279228, -0.00014248175, -0.00014424812, -0.00014849327, -0.0001515686, -0.00015982198, -0.00017069103, -0.00018405779, -0.00019179231, -0.00020919318, -0.0002289677, -0.00023987524, -0.00026371915, -0.0002899669, -0.00030413602, -0.00033438628, -0.00036709552, -0.00040262745, -0.00042118382, -0.00046039087, -0.00050249527, -0.0005242827, -0.0005697838, -0.00061830576, -0.0006688007, -0.00069482316, -0.0007491387, -0.0008058655, -0.00083463633, -0.0008934588, -0.0009550426, -0.0009865325, -0.0010495199, -0.0011128864, -0.0011781385, -0.0012111933, -0.0012762289, -0.0013390245, -0.0013700816, -0.0014324356, -0.0014934835, -0.0015494708, -0.0015751112, -0.0016229294, -0.0016679277, -0.0016891656, -0.0017265609, -0.0017536904, -0.0017630695, -0.0017752331, -0.0017819861, -0.0017849398, -0.0017842697, -0.0017761522, -0.0017568509, -0.0017434019, -0.0017126161, -0.0016837778, -0.001665052, -0.0016610763, -0.0016643892, -0.0016797666, -0.0016901635, -0.0017121921, -0.0017307348, -0.001737274, -0.0017430816, -0.0017386613, -0.0017244549, -0.0017141548, -0.0016881621, -0.0016560943, -0.0016382053, -0.0015990429, -0.0015556017, -0.0015076246, -0.0014818654, -0.0014277109, -0.0013760036, -0.0013567926, -0.0013587007, -0.0014638845
0, 0, 0, -0.0017202011, -0.001570943, -0.0014046982, -0.00136472, -0.0013657184, -0.001380901, -0.0013992771, -0.0014147415, -0.0014210223, -0.0014307738, -0.0014366924, -0.0014381771, -0.0014380501, -0.0014337916, -0.0014247173, -0.0014182205, -0.0014010136, -0.001378687, -0.0013659988, -0.0013390225, -0.0013129134, -0.0013013054, -0.0012827935, -0.001271169, -0.0012655603, -0.0012641472, -0.0012614134, -0.0012542496, -0.00124778, -0.001228223, -0.0012008669, -0.00116738, -0.0011488894, -0.0011093329, -0.001066942, -0.0010445372, -0.0009966448, -0.0009450613, -0.00091816206, -0.0008632351, -0.0008083594, -0.0007549045, -0.0007286668, -0.00067677675, -0.0006255124, -0.0006004592, -0.000552647, -0.0005077958, -0.00046416753, -0.00044266027, -0.0004022205, -0.00036639883, -0.00034952964, -0.0003167316, -0.00028648472, -0.00027293715, -0.00024831734, -0.00022564268, -0.00020590343, -0.00019756147, -0.00018300694, -0.00017035224, -0.00016510274, -0.0001574275, -0.0001524616, -0.00014965728, -0.00014943804, -0.00015130598, -0.00015545814, -0.00015852798, -0.00016687978, -0.00017770493, -0.00019111327, -0.00019883951, -0.0002161375, -0.00023596975, -0.0002469165, -0.0002706678, -0.0002969485, -0.0003111257, -0.00034129023, -0.0003740134, -0.00040946377, -0.00042801723, -0.00046726648, -0.00050923106, -0.00053101644, -0.00057645835, -0.0006249488, -0.00067536836, -0.00070130575, -0.00075557845, -0.00081218575, -0.0008409296, -0.0008996905, -0.00096117804, -0.0009925662, -0.0010554673, -0.001118686, -0.0011838191, -0.0012168401, -0.0012817562, -0.0013443831, -0.0013753725, -0.0014375931, -0.0014984716, -0.0015542634, -0.0015798389, -0.0016274992, -0.0016723608, -0.0016935074, -0.0017307027, -0.0017576881, -0.0017669748, -0.0017789806, -0.0017855761, -0.0017883317, -0.0017876135, -0.0017793779, -0.0017599734, -0.0017464544, -0.0017155409, -0.0016866365, -0.0016678555, -0.0016638591, -0.0016670922, -0.0016824087, -0.0016927678, -0.0017147093, -0.0017331499, -0.0017395995, -0.0017453221, -0.0017407957, -0.0017265186, -0.0017161262, -0.0016899572, -0.0016578315, -0.001639878, -0.0016006377, -0.0015570669, -0.0015089355, -0.0014831362, -0.0014288967, -0.0013770058, -0.0013577386, -0.0013594973, -0.0014646247
0, 0, 0, -0.001489694, -0.0014034311, -0.0013244146, -0.0013287407, -0.0013429733, -0.0013754385, -0.0014033618, -0.0014242395, -0.0014323376, -0.0014450534, -0.0014540391, -0.0014573281, -0.0014616061, -0.0014623089, -0.0014584553, -0.001454443, -0.0014418561, -0.0014234957, -0.0014124676, -0.0013878575, -0.0013625544, -0.0013506777, -0.0013299349, -0.0013145376, -0.0013042988, -0.0013002822, -0.0012918148, -0.0012785533, -0.0012689551, -0.001243446, -0.0012105387, -0.0011724739, -0.0011522856, -0.0011112157, -0.0010687532, -0.0010461262, -0.0009967925, -0.0009426816, -0.00091476936, -0.0008596545, -0.00080694875, -0.00075608154, -0.0007307904, -0.0006797864, -0.0006291882, -0.00060465216, -0.0005577235, -0.00051303144, -0.00046925445, -0.0004481078, -0.00040895093, -0.00037361748, -0.0003565722, -0.00032331658, -0.0002932702, -0.00027990312, -0.00025534147, -0.00023257436, -0.00021308425, -0.00020476402, -0.0001897489, -0.00017716551, -0.00017214892, -0.00016453677, -0.00015919536, -0.00015654217, -0.00015648616, -0.00015818788, -0.00016227779, -0.00016540462, -0.00017380186, -0.00018452253, -0.00019801875, -0.00020574736, -0.00022294214, -0.00024284697, -0.00025376107, -0.0002774766, -0.00030377667, -0.00031790292, -0.00034806976, -0.00038076093, -0.00041619336, -0.00043472266, -0.00047392503, -0.00051585265, -0.0005376062, -0.0005830461, -0.0006314159, -0.00068176154, -0.00070767495, -0.00076188875, -0.0008184029, -0.0008470963, -0.0009057472, -0.00096715125, -0.00099852, -0.0010612739, -0.0011244044, -0.0011894379, -0.0012223732, -0.0012871487, -0.0013496323, -0.0013805472, -0.0014426332, -0.0015033453, -0.0015590033, -0.0015844785, -0.0016319972, -0.0016766923, -0.0016977821, -0.0017347708, -0.0017615794, -0.0017708096, -0.0017826352, -0.0017891058, -0.0017917011, -0.0017909342, -0.001782559, -0.0017630447, -0.0017494838, -0.0017184387, -0.0016894147, -0.0016705947, -0.0016665765, -0.0016697721, -0.0016850163, -0.0016953474, -0.0017171773, -0.0017355229, -0.0017418975, -0.0017475346, -0.0017428703, -0.0017284964, -0.0017180752, -0.0016917653, -0.0016595321, -0.0016415317, -0.0016021627, -0.0015585024, -0.0015102671, -0.0014844087, -0.0014300123, -0.001377995, -0.0013586857, -0.0013602852, -0.0014653542
0, 0, 0, -0.0013327382, -0.0012770585, -0.0012475465, -0.0012825283, -0.0013074822, -0.0013559018, -0.0013944226, -0.0014218306, -0.0014320189, -0.0014474927, -0.0014581686, -0.001462212, -0.0014680602, -0.0014703784, -0.001468396, -0.0014656126, -0.0014565325, -0.0014427584, -0.0014342787, -0.0014150253, -0.0013942998, -0.0013840043, -0.0013650672, -0.0013496345, -0.0013379575, -0.0013327672, -0.0013208424, -0.0013029574, -0.0012907822, -0.0012598753, -0.001221423, -0.0011783675, -0.0011563391, -0.0011129561, -0.0010694412, -0.0010462991, -0.0009955375, -0.0009401167, -0.00091212965, -0.0008586794, -0.0008091297, -0.0007606571, -0.00073576666, -0.0006843541, -0.00063341914, -0.0006091551, -0.000563313, -0.00051931804, -0.00047594932, -0.00045510475, -0.0004164667, -0.00038093835, -0.00036356976, -0.00033007102, -0.00030063328, -0.00028747166, -0.0002626056, -0.00023951441, -0.000220142, -0.0002118105, -0.00019667398, -0.00018410246, -0.00017913322, -0.00017133242, -0.00016592586, -0.00016344713, -0.00016332885, -0.00016488996, -0.00016904701, -0.00017221925, -0.0001805048, -0.00019124988, -0.00020474543, -0.00021244402, -0.00022965991, -0.0002495669, -0.000260472, -0.00028418665, -0.00031046223, -0.00032455852, -0.00035472546, -0.00038738135, -0.00042281713, -0.0004413324, -0.0004804532, -0.0005223287, -0.0005440437, -0.00058944133, -0.0006377486, -0.00068801834, -0.0007139336, -0.0007680736, -0.0008245089, -0.00085315196, -0.00091171556, -0.0009730207, -0.001004364, -0.0010669846, -0.0011300293, -0.0011949351, -0.0012277946, -0.001292461, -0.0013548078, -0.0013856434, -0.0014475784, -0.0015081323, -0.0015636721, -0.0015890563, -0.0016364007, -0.0016809477, -0.0017019544, -0.0017387968, -0.0017654015, -0.0017745413, -0.0017862435, -0.0017925726, -0.0017950621, -0.0017941882, -0.0017856681, -0.0017660268, -0.0017524228, -0.0017212828, -0.0016921533, -0.0016732699, -0.0016692663, -0.0016724074, -0.0016875812, -0.0016978742, -0.0017196098, -0.0017378556, -0.0017441831, -0.0017496911, -0.0017449267, -0.0017304155, -0.0017199614, -0.0016935738, -0.0016611876, -0.0016431424, -0.0016036887, -0.0015598796, -0.0015115702, -0.0014856271, -0.0014311085, -0.0013789897, -0.0013595972, -0.0013610508, -0.0014660694
0, 0, 0, -0.0012851006, -0.0012355513, -0.0012136181, -0.0012548366, -0.0012830525, -0.0013381973, -0.0013828625, -0.0014146522, -0.0014262944, -0.001443031, -0.0014536246, -0.0014572681, -0.0014614742, -0.0014618301, -0.0014585309, -0.0014557596, -0.0014484291, -0.0014386475, -0.0014330057, -0.0014202412, -0.0014059874, -0.0013986046, -0.0013841579, -0.0013715886, -0.0013612355, -0.0013561157, -0.0013429531, -0.0013224501, -0.0013086544, -0.0012737536, -0.0012306263, -0.0011830344, -0.001159108, -0.001113149, -0.0010685959, -0.0010454761, -0.0009954739, -0.0009415474, -0.00091451855, -0.00086300686, -0.0008149846, -0.0007668598, -0.0007416253, -0.00068943796, -0.0006389183, -0.0006153427, -0.00057091773, -0.0005272811, -0.00048363506, -0.0004627123, -0.00042413257, -0.00038841256, -0.0003709179, -0.0003376004, -0.00030848035, -0.00029516921, -0.00026963378, -0.0002464467, -0.00022741585, -0.00021900104, -0.00020347566, -0.00019091259, -0.00018602415, -0.0001781302, -0.00017260113, -0.00017018897, -0.00017002661, -0.0001714805, -0.00017566522, -0.00017888522, -0.00018709054, -0.00019785501, -0.00021136872, -0.00021902948, -0.00023624263, -0.0002561567, -0.00026703448, -0.00029075544, -0.00031698914, -0.000331093, -0.00036121754, -0.00039385975, -0.00042926904, -0.0004477965, -0.000486878, -0.0005286827, -0.0005504029, -0.00059569674, -0.0006439796, -0.000694188, -0.0007200703, -0.0007741315, -0.0008305147, -0.0008590943, -0.00091759855, -0.0009787998, -0.001010066, -0.001072589, -0.0011355322, -0.0012002925, -0.0012331061, -0.0012976611, -0.0013598885, -0.001390651, -0.001452427, -0.0015128548, -0.0015682227, -0.0015935438, -0.0016407201, -0.0016851247, -0.0017060471, -0.0017427428, -0.0017692109, -0.0017782656, -0.0017898065, -0.0017959719, -0.0017983334, -0.0017973895, -0.001788714, -0.0017689648, -0.0017552867, -0.001724073, -0.0016948711, -0.0016759388, -0.0016719035, -0.0016749708, -0.0016900857, -0.0017003346, -0.0017220227, -0.0017401282, -0.0017464384, -0.0017518251, -0.001746938, -0.0017323351, -0.0017218029, -0.0016953278, -0.0016628403, -0.0016447173, -0.001605178, -0.0015612551, -0.0015128347, -0.0014868447, -0.0014322124, -0.0013799444, -0.001360468, -0.0013618256, -0.0014667525
0, 0, -0.001893967, -0.001401477, -0.0012886621, -0.0012227836, -0.0012506838, -0.0012760093, -0.0013289386, -0.0013742599, -0.0014073643, -0.0014195091, -0.0014364546, -0.0014457915, -0.001448088, -0.0014485175, -0.0014442028, -0.0014366837, -0.0014323847, -0.0014234873, -0.0014146671, -0.0014103842, -0.0014020402, -0.0013936964, -0.0013894872, -0.0013813714, -0.0013744904, -0.0013682052, -0.001364285, -0.0013520136, -0.0013307101, -0.0013160895, -0.0012791685, -0.0012340903, -0.0011851566, -0.0011608596, -0.0011146755, -0.0010705683, -0.0010480776, -0.0009999332, -0.0009477986, -0.00092144334, -0.0008706858, -0.00082281465, -0.0007743275, -0.0007488277, -0.0006966486, -0.0006470971, -0.00062417093, -0.0005803551, -0.00053601287, -0.0004915148, -0.00047055527, -0.00043241025, -0.00039667287, -0.0003790059, -0.00034538476, -0.0003161137, -0.00030266956, -0.00027678086, -0.0002536481, -0.00023461362, -0.00022598308, -0.00021013319, -0.00019777248, -0.0001928891, -0.00018471453, -0.00017914014, -0.00017683007, -0.00017659513, -0.0001779382, -0.00018225457, -0.00018542135, -0.00019350102, -0.00020436072, -0.00021783465, -0.00022544459, -0.00024274971, -0.00026262057, -0.00027345293, -0.00029721172, -0.00032340403, -0.00033748333, -0.00036762666, -0.00040024647, -0.00043564138, -0.00045413678, -0.0004931376, -0.00053495786, -0.0005566496, -0.00060188095, -0.00065011624, -0.00070026924, -0.0007261101, -0.00078007684, -0.0008363948, -0.0008649511, -0.00092334795, -0.000984436, -0.0010156635, -0.0010781189, -0.0011409053, -0.001205591, -0.001238335, -0.0013027571, -0.0013648747, -0.0013955797, -0.0014572284, -0.0015174918, -0.0015727151, -0.0015979619, -0.001645013, -0.0016892195, -0.0017100527, -0.0017466226, -0.0017729199, -0.0017818826, -0.0017933002, -0.0017993146, -0.0018015376, -0.0018005347, -0.0017917361, -0.0017718325, -0.0017581, -0.0017268073, -0.0016976099, -0.0016785583, -0.0016744533, -0.0016775012, -0.0016925606, -0.0017027801, -0.0017243734, -0.0017424027, -0.0017486583, -0.0017539208, -0.0017489125, -0.0017342161, -0.0017236287, -0.0016970168, -0.0016644603, -0.00164629, -0.0016065977, -0.0015626181, -0.0015140884, -0.0014880477, -0.0014332902, -0.0013808734, -0.0013613399, -0.0013626039, -0.0014674452
0, 0, -0.0015868437, -0.0013503332, -0.0012763762, -0.0012306244, -0.0012553491, -0.0012772369, -0.0013242194, -0.0013658605, -0.0013972193, -0.0014087814, -0.0014247868, -0.0014324482, -0.0014333104, -0.0014299648, -0.0014207215, -0.0014080851, -0.0014013349, -0.001388207, -0.0013764802, -0.0013714245, -0.001363427, -0.0013579399, -0.0013560731, -0.0013540623, -0.0013535942, -0.0013528978, -0.0013512897, -0.0013426129, -0.0013238724, -0.0013102972, -0.0012755294, -0.0012331096, -0.0011870919, -0.0011640013, -0.0011193745, -0.0010764861, -0.0010547166, -0.0010082724, -0.00095752167, -0.000931504, -0.0008809269, -0.0008330194, -0.0007842148, -0.000758647, -0.0007067234, -0.00065766904, -0.00063479354, -0.00059048634, -0.00054508564, -0.00050021015, -0.00047941427, -0.00044145764, -0.0004051576, -0.00038706762, -0.00035312425, -0.00032384973, -0.00031028932, -0.00028403, -0.00026075038, -0.00024160567, -0.00023282637, -0.00021685376, -0.00020446561, -0.00019951326, -0.00019114984, -0.0001856594, -0.00018328367, -0.00018294687, -0.00018434046, -0.00018870157, -0.00019177745, -0.00019985583, -0.00021081095, -0.00022412383, -0.00023175159, -0.00024915102, -0.000268934, -0.00027978251, -0.0003035255, -0.00032971994, -0.00034382538, -0.00037392534, -0.0004065189, -0.00044185139, -0.00046029867, -0.0004993216, -0.00054110866, -0.0005627503, -0.00060794345, -0.0006561064, -0.0007062395, -0.00073202664, -0.00078590383, -0.0008421721, -0.0008706861, -0.0009289713, -0.0009899625, -0.0010211652, -0.0010835495, -0.0011462157, -0.0012107814, -0.0012434879, -0.0013077683, -0.0013697634, -0.0014004364, -0.0014619408, -0.0015220504, -0.001577141, -0.0016023249, -0.0016492013, -0.0016932728, -0.0017140046, -0.00175043, -0.0017765722, -0.001785459, -0.0017967258, -0.0018026072, -0.0018047083, -0.0018036449, -0.0017947163, -0.0017746909, -0.0017608906, -0.0017295299, -0.0017002566, -0.0016811499, -0.001677015, -0.0016799712, -0.0016949842, -0.0017051706, -0.0017266764, -0.0017446331, -0.0017508363, -0.0017559933, -0.0017508739, -0.0017360607, -0.0017254405, -0.0016987246, -0.0016660199, -0.0016478121, -0.0016080121, -0.0015639481, -0.0015153206, -0.0014892344, -0.0014343538, -0.0013818031, -0.0013622143, -0.0013633374, -0.0014681411
0, 0, -0.0014552355, -0.0013080575, -0.001261911, -0.0012385431, -0.001262808, -0.0012811621, -0.0013195846, -0.0013535646, -0.0013793156, -0.0013888838, -0.00140164, -0.0014066042, -0.0014061616, -0.0013997401, -0.0013871479, -0.0013711182, -0.0013625531, -0.0013455891, -0.0013300866, -0.001323394, -0.0013131417, -0.0013075527, -0.0013065494, -0.0013074784, -0.0013110134, -0.0013150543, -0.0013161715, -0.0013137421, -0.0013018631, -0.0012919753, -0.0012648617, -0.001229919, -0.0011895236, -0.00116826, -0.0011258048, -0.0010846036, -0.001063966, -0.0010199895, -0.00097092014, -0.00094520824, -0.0008943202, -0.00084547536, -0.00079615146, -0.0007706226, -0.0007191179, -0.0006700232, -0.000646774, -0.00060111564, -0.0005547878, -0.00050989335, -0.0004891551, -0.0004506825, -0.0004134455, -0.00039513837, -0.00036115717, -0.00033164478, -0.00031772567, -0.00029107023, -0.0002679368, -0.00024848498, -0.00023945897, -0.00022340886, -0.00021111684, -0.00020607452, -0.0001974487, -0.00019203335, -0.00018959674, -0.00018922538, -0.00019061643, -0.00019493717, -0.00019802475, -0.00020614987, -0.00021703736, -0.00023035269, -0.0002380309, -0.00025537334, -0.00027516033, -0.00028604825, -0.00030972154, -0.00033593926, -0.00035006774, -0.0003801256, -0.00041270483, -0.0004479556, -0.0004664115, -0.000505412, -0.0005471612, -0.000568781, -0.00061389455, -0.0006620441, -0.0007121027, -0.00073787867, -0.00079166633, -0.0008478191, -0.0008763273, -0.000934534, -0.0009954581, -0.0010265694, -0.0010888448, -0.0011514603, -0.0012159201, -0.0012485597, -0.0013127053, -0.0013745757, -0.0014051539, -0.0014665435, -0.0015265312, -0.0015814885, -0.0016066157, -0.0016533312, -0.0016972434, -0.0017179273, -0.0017541669, -0.0017802141, -0.0017890373, -0.0018001054, -0.0018058389, -0.0018078233, -0.001806693, -0.0017976755, -0.0017775148, -0.0017636418, -0.0017321887, -0.0017028238, -0.0016837004, -0.0016795531, -0.0016824447, -0.0016973718, -0.0017075402, -0.001728941, -0.0017468095, -0.001752968, -0.0017580461, -0.001752803, -0.0017378795, -0.0017271903, -0.0017004092, -0.0016675917, -0.0016493296, -0.001609465, -0.0015652473, -0.0015165053, -0.0014903827, -0.0014353729, -0.0013827448, -0.0013630869, -0.0013640795, -0.0014687929
0, 0, -0.0017045113, -0.0013593261, -0.0012931926, -0.0012583003, -0.0012744911, -0.0012878833, -0.0013153151, -0.0013387079, -0.0013555018, -0.0013612378, -0.001367686, -0.0013676274, -0.0013650946, -0.0013552778, -0.0013403737, -0.0013227018, -0.0013134626, -0.0012948997, -0.0012774807, -0.0012697966, -0.0012579659, -0.001251735, -0.0012506589, -0.0012517257, -0.0012560814, -0.001262528, -0.0012657704, -0.0012695463, -0.0012666167, -0.0012621004, -0.0012470976, -0.0012238895, -0.0011921491, -0.0011736893, -0.00113454, -0.0010954416, -0.0010758654, -0.0010340569, -0.0009865757, -0.0009612176, -0.0009099764, -0.00085987145, -0.0008098124, -0.0007843723, -0.0007332788, -0.0006837565, -0.00065974024, -0.0006120662, -0.0005647394, -0.00052005716, -0.00049937196, -0.00046017606, -0.00042172498, -0.00040307856, -0.00036910415, -0.00033932956, -0.0003251169, -0.0002980765, -0.00027490733, -0.00025510343, -0.0002459539, -0.00022991622, -0.00021761241, -0.00021240594, -0.00020362041, -0.00019836386, -0.00019576422, -0.0001953051, -0.00019683702, -0.00020112307, -0.00020413919, -0.0002123261, -0.00022319368, -0.00023653982, -0.0002442414, -0.0002614942, -0.00028130837, -0.00029223968, -0.000315886, -0.0003420783, -0.00035616235, -0.00038622622, -0.00041874172, -0.0004540028, -0.0004724633, -0.000511387, -0.00055307604, -0.0005747016, -0.00061979133, -0.00066789123, -0.0007178347, -0.00074357225, -0.000797342, -0.0008534193, -0.0008818452, -0.00094001734, -0.0010008336, -0.001031914, -0.0010940623, -0.0011565993, -0.0012209323, -0.0012535183, -0.0013175854, -0.001379293, -0.0014098041, -0.0014710817, -0.0015309742, -0.0015857724, -0.0016108172, -0.0016574073, -0.0017011748, -0.0017217991, -0.0017578633, -0.0017837528, -0.0017925025, -0.0018034341, -0.0018090452, -0.0018108946, -0.0018097231, -0.0018005569, -0.0017802836, -0.0017664054, -0.0017347867, -0.0017053682, -0.0016862123, -0.0016820295, -0.0016848865, -0.0016997507, -0.0017098658, -0.0017311953, -0.0017489886, -0.0017550752, -0.0017600255, -0.0017547206, -0.0017396708, -0.0017289007, -0.0017020252, -0.0016691586, -0.0016508256, -0.001610863, -0.001566564, -0.0015176861, -0.0014914812, -0.0014363952, -0.0013836424, -0.001363923, -0.0013648008, -0.0014694578
0, 0, -0.0015470493, -0.001341256, -0.0012953137, -0.0012710587, -0.001282926, -0.0012920016, -0.0013092419, -0.0013219417, -0.0013288888, -0.0013302617, -0.0013292278, -0.001323225, -0.0013184127, -0.0013053016, -0.0012886655, -0.0012700822, -0.001260409, -0.0012408224, -0.0012220166, -0.0012136266, -0.0012006564, -0.0011937314, -0.0011923597, -0.001193184, -0.0011981823, -0.0012069086, -0.0012120376, -0.0012212392, -0.0012264878, -0.0012272896, -0.0012246217, -0.0012142597, -0.0011932914, -0.0011789579, -0.0011455263, -0.0011092564, -0.0010902894, -0.0010489847, -0.0010020519, -0.0009770544, -0.00092651765, -0.0008765488, -0.0008260746, -0.0008002729, -0.000747968, -0.00069678144, -0.0006719046, -0.00062325253, -0.00057564, -0.00053070864, -0.0005096159, -0.0004691144, -0.0004296951, -0.00041096497, -0.0003770747, -0.00034685922, -0.00033230372, -0.0003048336, -0.0002815688, -0.00026165886, -0.0002524464, -0.00023627061, -0.00022379882, -0.00021850842, -0.00020980736, -0.00020452036, -0.00020175795, -0.00020134661, -0.00020302479, -0.0002071492, -0.0002101479, -0.0002184899, -0.00022924073, -0.00024263839, -0.00025034012, -0.00026757276, -0.00028744823, -0.0002983109, -0.00032197317, -0.0003481281, -0.0003621682, -0.00039222132, -0.00042472643, -0.00046000123, -0.0004784143, -0.0005173104, -0.0005589359, -0.00058053975, -0.0006256062, -0.0006735786, -0.0007234923, -0.00074918714, -0.000802918, -0.00085892907, -0.00088734087, -0.00094540877, -0.0010061382, -0.0010371944, -0.0010992389, -0.0011616505, -0.0012259175, -0.001258443, -0.0013223503, -0.0013839675, -0.001414437, -0.0014755738, -0.0015353134, -0.0015899566, -0.0016149322, -0.0016614218, -0.0017050371, -0.001725556, -0.0017615348, -0.0017872513, -0.0017959252, -0.0018067183, -0.0018122238, -0.0018139158, -0.0018126784, -0.0018033808, -0.0017830234, -0.0017690939, -0.0017374245, -0.0017078901, -0.0016886767, -0.00168447, -0.0016872463, -0.0017020762, -0.0017121705, -0.0017334208, -0.0017510998, -0.0017571407, -0.0017620036, -0.0017566003, -0.0017414305, -0.001730626, -0.00170364, -0.0016706829, -0.0016522898, -0.0016122336, -0.0015678431, -0.0015188743, -0.0014926001, -0.0014374142, -0.0013845162, -0.0013647395, -0.0013655166, -0.0014701099
0, 0, -0.0014519936, -0.0013170379, -0.0012871985, -0.0012731829, -0.0012820738, -0.0012877415, -0.0012965779, -0.0013005479, -0.0012996602, -0.0012976594, -0.0012913081, -0.0012819584, -0.0012762032, -0.0012624062, -0.0012461339, -0.001227821, -0.0012179378, -0.0011971233, -0.0011761682, -0.0011664956, -0.0011507206, -0.0011411714, -0.0011388343, -0.0011387031, -0.0011447924, -0.0011565371, -0.001163696, -0.0011781224, -0.0011906003, -0.001195836, -0.0012032159, -0.0012033918, -0.0011922653, -0.0011822422, -0.0011555271, -0.0011229994, -0.0011048986, -0.001064383, -0.0010181203, -0.0009935829, -0.00094395305, -0.0008941343, -0.0008426824, -0.0008159778, -0.000761676, -0.000708962, -0.00068383024, -0.00063508196, -0.0005870537, -0.0005408348, -0.000518925, -0.000477226, -0.00043775584, -0.00041916914, -0.00038502275, -0.00035373503, -0.00033884714, -0.00031149405, -0.0002883669, -0.00026795932, -0.00025857298, -0.00024243859, -0.0002299551, -0.0002245973, -0.00021587296, -0.000210521, -0.00020776424, -0.00020741316, -0.00020903684, -0.00021309264, -0.00021619233, -0.00022450864, -0.00023521327, -0.00024869575, -0.00025638574, -0.00027361888, -0.0002934783, -0.0003043072, -0.00032796597, -0.0003540819, -0.00036814038, -0.0003981804, -0.00043063122, -0.0004659045, -0.00048430744, -0.00052314374, -0.0005647455, -0.000586309, -0.0006312981, -0.00067922426, -0.000729122, -0.0007547846, -0.00080840953, -0.00086436264, -0.00089273776, -0.000950712, -0.0010113759, -0.0010423874, -0.0011043472, -0.0011666347, -0.0012308278, -0.0012632674, -0.0013270761, -0.0013885682, -0.0014189741, -0.0014800159, -0.001539571, -0.0015941092, -0.0016190077, -0.0016653561, -0.0017088258, -0.0017292986, -0.0017651254, -0.0017906881, -0.0017992987, -0.0018099613, -0.0018153375, -0.0018169082, -0.0018155901, -0.0018061945, -0.0017857291, -0.0017717629, -0.0017399971, -0.001710417, -0.0016910619, -0.0016868471, -0.0016896348, -0.0017043749, -0.0017144262, -0.001735593, -0.0017531852, -0.0017591743, -0.0017639619, -0.0017584536, -0.0017431453, -0.0017323389, -0.0017052563, -0.0016721775, -0.0016537781, -0.0016135946, -0.0015690918, -0.0015200146, -0.001493734, -0.0014383913, -0.0013854001, -0.0013655805, -0.0013662145, -0.001470755
0, -0.0021320959, -0.0015655853, -0.0013386899, -0.001297511, -0.0012737211, -0.0012759198, -0.0012783096, -0.001280701, -0.0012785874, -0.0012728526, -0.0012691849, -0.0012609079, -0.0012517741, -0.0012467188, -0.0012353763, -0.0012219191, -0.0012056155, -0.0011961728, -0.0011747511, -0.0011513568, -0.001139831, -0.0011193344, -0.0011046114, -0.0010999338, -0.0010967302, -0.0011022236, -0.0011158212, -0.0011246246, -0.0011438477, -0.0011629213, -0.0011719058, -0.0011873877, -0.0011954942, -0.0011917343, -0.0011850368, -0.0011637616, -0.0011350024, -0.0011182992, -0.0010799882, -0.0010351321, -0.001010946, -0.0009608715, -0.0009097291, -0.00085684436, -0.0008295931, -0.0007746779, -0.0007217266, -0.00069630344, -0.00064640737, -0.0005970101, -0.0005498452, -0.00052764453, -0.00048555835, -0.00044570694, -0.00042694047, -0.0003921637, -0.00036030542, -0.0003453348, -0.0003181653, -0.00029477276, -0.00027389507, -0.00026449488, -0.0002486147, -0.00023595738, -0.000230477, -0.00022179377, -0.0002165423, -0.00021366094, -0.00021331692, -0.00021499464, -0.00021908914, -0.00022219669, -0.00023041693, -0.00024117295, -0.00025468395, -0.00026234725, -0.00027959218, -0.00029941116, -0.00031026354, -0.00033389017, -0.0003600478, -0.0003740668, -0.00040406256, -0.00043652518, -0.000471713, -0.000490107, -0.0005289054, -0.0005704675, -0.0005920008, -0.00063696364, -0.00068482343, -0.0007346241, -0.00076029106, -0.00081384974, -0.00086973864, -0.00089805585, -0.0009559887, -0.001016539, -0.0010474853, -0.0011093739, -0.0011715622, -0.0012356205, -0.001268013, -0.0013317422, -0.0013931127, -0.0014234391, -0.0014843772, -0.0015438246, -0.0015982225, -0.0016230237, -0.0016692176, -0.001712571, -0.001733012, -0.0017686829, -0.0017940844, -0.0018026376, -0.0018131578, -0.0018184277, -0.0018198583, -0.0018184837, -0.0018089483, -0.0017883966, -0.0017743948, -0.0017425091, -0.001712874, -0.0016934754, -0.0016892463, -0.0016919754, -0.0017066376, -0.0017166418, -0.001737753, -0.0017552674, -0.0017612152, -0.0017658802, -0.0017602638, -0.0017449221, -0.0017340194, -0.001706836, -0.0016736443, -0.0016551972, -0.0016149508, -0.0015703388, -0.0015211554, -0.0014948264, -0.001439386, -0.0013862652, -0.0013663863, -0.0013668926, -0.0014713892
0, -0.0017984429, -0.0014985523, -0.001327124, -0.0012925841, -0.0012715831, -0.0012723388, -0.0012736187, -0.0012732757, -0.0012685454, -0.0012609814, -0.0012567637, -0.0012482535, -0.0012398695, -0.0012355805, -0.001226356, -0.0012149154, -0.0011999316, -0.001190756, -0.0011687367, -0.0011431628, -0.0011299497, -0.0011051741, -0.0010856243, -0.0010787657, -0.0010723434, -0.0010766609, -0.0010909183, -0.0011007679, -0.0011232765, -0.001147152, -0.0011589121, -0.001180157, -0.001193999, -0.0011952755, -0.0011907198, -0.0011727369, -0.001146158, -0.0011302943, -0.0010933559, -0.0010496544, -0.0010257639, -0.00097554416, -0.00092330953, -0.0008691864, -0.0008416023, -0.0007866565, -0.00073371385, -0.00070785044, -0.0006563477, -0.00060557906, -0.0005582727, -0.0005361443, -0.00049357006, -0.000452863, -0.00043380863, -0.0003988007, -0.00036679552, -0.00035176703, -0.0003244534, -0.00030076288, -0.0002797706, -0.00027046012, -0.00025463794, -0.00024172562, -0.00023622002, -0.0002277691, -0.00022239664, -0.00021951238, -0.00021926353, -0.00022089643, -0.0002249839, -0.00022812776, -0.00023633806, -0.0002471264, -0.00026058385, -0.00026820457, -0.00028553582, -0.00030532386, -0.00031616207, -0.00033980462, -0.00036591335, -0.000379934, -0.0004098953, -0.0004423264, -0.00047745966, -0.0004958293, -0.0005346098, -0.00057614053, -0.0005976548, -0.00064255745, -0.00069035747, -0.0007400851, -0.00076573505, -0.00081923814, -0.0008750257, -0.0009033008, -0.00096114015, -0.0010216447, -0.0010525506, -0.0011143232, -0.0011764086, -0.0012403552, -0.0012727213, -0.001336333, -0.0013975914, -0.001427891, -0.0014886663, -0.0015480334, -0.0016022563, -0.0016270116, -0.001673055, -0.0017162905, -0.0017366501, -0.0017721975, -0.0017974575, -0.001805932, -0.0018163379, -0.001821471, -0.0018227722, -0.0018213489, -0.0018116784, -0.0017910211, -0.0017769533, -0.0017450118, -0.0017152859, -0.001695909, -0.0016916328, -0.0016942378, -0.0017088827, -0.0017188545, -0.0017398996, -0.001757311, -0.0017632226, -0.001767789, -0.0017620396, -0.0017466509, -0.0017356894, -0.001708376, -0.0016751073, -0.0016565996, -0.0016162733, -0.0015715737, -0.0015223051, -0.0014959006, -0.0014403719, -0.0013871266, -0.0013671629, -0.0013675685, -0.0014720041
0, -0.001602947, -0.0014021465, -0.0012929349, -0.0012739054, -0.0012686735, -0.001276337, -0.0012795737, -0.0012818461, -0.0012786422, -0.0012719622, -0.0012679081, -0.0012592252, -0.0012500612, -0.0012451691, -0.0012342641, -0.0012207741, -0.0012032839, -0.0011927402, -0.0011679702, -0.0011396362, -0.0011251166, -0.0010981866, -0.0010775767, -0.0010706985, -0.0010655217, -0.0010725743, -0.0010900948, -0.0011014596, -0.0011263904, -0.001151677, -0.0011638533, -0.0011856763, -0.0011999628, -0.0012021202, -0.0011982372, -0.0011818879, -0.0011565479, -0.0011409486, -0.0011039265, -0.0010601825, -0.0010364703, -0.000986941, -0.0009348395, -0.00088003755, -0.00085202855, -0.0007967654, -0.0007436394, -0.0007174477, -0.0006647578, -0.00061329454, -0.00056599133, -0.0005437572, -0.00050050596, -0.00045929194, -0.00044023414, -0.00040518717, -0.00037281608, -0.00035768095, -0.00033042877, -0.00030666793, -0.0002854983, -0.00027622218, -0.0002605098, -0.00024744577, -0.00024195208, -0.00023366074, -0.00022820967, -0.0002253841, -0.00022519295, -0.00022673195, -0.00023089185, -0.00023406754, -0.00024224499, -0.00025307943, -0.00026647863, -0.0002741398, -0.0002914454, -0.00031122353, -0.00032207838, -0.00034563622, -0.00037172306, -0.00038578903, -0.00041570034, -0.0004480785, -0.0004831565, -0.0005015167, -0.0005402647, -0.0005817607, -0.0006032462, -0.0006480528, -0.00069582456, -0.00074551144, -0.00077109004, -0.000824526, -0.0008802496, -0.00090848934, -0.0009662256, -0.0010266461, -0.0010575048, -0.0011192051, -0.001181223, -0.0012450615, -0.0012773732, -0.0013408748, -0.0014020165, -0.0014322385, -0.0014928972, -0.0015521441, -0.0016062421, -0.0016309458, -0.001676873, -0.0017199819, -0.0017402566, -0.0017756304, -0.0018007968, -0.0018091823, -0.001819454, -0.0018244296, -0.0018256947, -0.0018241695, -0.0018143901, -0.0017936034, -0.0017794861, -0.0017474768, -0.0017177002, -0.0016982531, -0.0016939518, -0.0016965327, -0.0017111062, -0.0017210722, -0.0017420382, -0.0017593503, -0.0017652164, -0.0017696628, -0.0017638205, -0.0017482982, -0.0017373268, -0.0017099458, -0.001676551, -0.0016579962, -0.0016175418, -0.0015727747, -0.0015234349, -0.0014969589, -0.0014413259, -0.001387965, -0.0013679464, -0.0013682971, -0.0014726054
0, -0.0015098986, -0.0013424524, -0.0012645589, -0.0012563992, -0.001266123, -0.0012836842, -0.0012908792, -0.0012997647, -0.0013019067, -0.0012990127, -0.0012961458, -0.0012881111, -0.0012773215, -0.001270802, -0.0012552573, -0.0012357412, -0.0012116949, -0.0011979144, -0.0011675571, -0.0011356937, -0.0011205103, -0.0010947639, -0.0010788321, -0.0010755054, -0.0010790201, -0.0010950762, -0.0011193982, -0.0011326559, -0.0011580716, -0.0011798166, -0.0011891726, -0.0012042269, -0.0012121801, -0.0012106801, -0.0012062023, -0.0011904222, -0.001165816, -0.0011500721, -0.0011119178, -0.0010672461, -0.0010436391, -0.0009950264, -0.0009436334, -0.0008887345, -0.000860535, -0.0008050192, -0.0007514223, -0.00072478823, -0.0006712441, -0.0006198135, -0.00057285954, -0.0005504792, -0.00050652877, -0.0004649743, -0.00044599024, -0.00041107324, -0.0003785041, -0.00036329078, -0.00033608556, -0.00031230724, -0.00029112844, -0.0002819229, -0.00026622007, -0.0002531246, -0.0002476955, -0.00023949161, -0.0002340306, -0.00023124438, -0.0002310816, -0.0002326023, -0.0002367703, -0.00023996066, -0.00024814234, -0.0002589868, -0.0002723624, -0.00028004983, -0.00029729918, -0.00031707218, -0.0003279063, -0.00035144898, -0.00037754272, -0.0003915597, -0.00042146124, -0.00045379743, -0.00048883504, -0.00050716166, -0.00054589054, -0.0005873035, -0.000608759, -0.0006535304, -0.0007012653, -0.0007508586, -0.00077638606, -0.0008297333, -0.00088541297, -0.0009136099, -0.00097129267, -0.0010316243, -0.0010624233, -0.0011240414, -0.0011859611, -0.0012497021, -0.0012819679, -0.001345346, -0.0014063809, -0.0014365533, -0.0014970966, -0.0015561832, -0.0016101896, -0.0016348368, -0.0016806432, -0.001723605, -0.0017438072, -0.0017790289, -0.0018040532, -0.0018123991, -0.0018225742, -0.0018273887, -0.0018285239, -0.0018269743, -0.0018170761, -0.001796167, -0.0017819951, -0.001749928, -0.0017200825, -0.0017005759, -0.0016962385, -0.0016988206, -0.0017133048, -0.001723228, -0.0017441117, -0.0017613551, -0.0017671579, -0.0017715244, -0.0017656129, -0.001749976, -0.0017389413, -0.0017114629, -0.0016779735, -0.0016593802, -0.0016188057, -0.0015739773, -0.0015245327, -0.001498013, -0.001442282, -0.0013888273, -0.0013687323, -0.0013689571, -0.0014732155
0, -0.0014657291, -0.0013089143, -0.0012418829, -0.0012383206, -0.0012563226, -0.0012818198, -0.0012929543, -0.0013097675, -0.0013193708, -0.0013225718, -0.001322036, -0.0013169011, -0.0013063123, -0.0012988999, -0.0012797883, -0.001254911, -0.0012247397, -0.0012080774, -0.0011734054, -0.0011404814, -0.0011263511, -0.0011060716, -0.0010995887, -0.001102121, -0.0011180971, -0.0011449527, -0.0011755209, -0.001189674, -0.001212134, -0.0012257333, -0.0012296219, -0.0012326845, -0.0012301193, -0.0012221257, -0.0012160614, -0.0011988812, -0.0011730236, -0.0011563305, -0.0011165729, -0.001071901, -0.0010489506, -0.0010017157, -0.0009504937, -0.0008947059, -0.0008661716, -0.00081048475, -0.00075689884, -0.0007301152, -0.0006763915, -0.0006252949, -0.0005785429, -0.00055597356, -0.0005114028, -0.00047000853, -0.00045125055, -0.00041657969, -0.00038378232, -0.00036853197, -0.0003414446, -0.00031775195, -0.00029671745, -0.000287588, -0.00027182905, -0.0002587927, -0.00025346744, -0.00024531008, -0.00023973502, -0.00023714875, -0.00023697091, -0.00023844288, -0.00024272659, -0.00024588336, -0.00025402743, -0.00026489215, -0.00027827296, -0.0002859192, -0.0003031562, -0.00032287868, -0.00033371142, -0.00035729288, -0.0003833044, -0.00039731804, -0.0004271714, -0.00045946823, -0.0004944817, -0.00051280437, -0.00055141875, -0.00059277413, -0.0006142103, -0.00065896055, -0.0007066435, -0.0007561541, -0.00078166556, -0.0008349323, -0.0008905157, -0.0009187221, -0.00097625866, -0.0010365474, -0.0010673187, -0.001128832, -0.0011906477, -0.0012542665, -0.0012864833, -0.00134977, -0.0014107213, -0.001440825, -0.0015012311, -0.0015602151, -0.0016140685, -0.0016386698, -0.0016843197, -0.001727189, -0.0017473104, -0.0017824003, -0.0018073006, -0.0018155599, -0.0018256283, -0.00183035, -0.0018313458, -0.0018297421, -0.0018197394, -0.0017987237, -0.0017844897, -0.0017523515, -0.0017224333, -0.001702862, -0.0016985165, -0.001701017, -0.0017154859, -0.0017253679, -0.0017461614, -0.0017633295, -0.0017690863, -0.0017733691, -0.0017673736, -0.0017516487, -0.0017405697, -0.0017129461, -0.0016794038, -0.0016607547, -0.0016200906, -0.0015751799, -0.0015256086, -0.0014990569, -0.0014432333, -0.0013896654, -0.0013695173, -0.0013695657, -0.0014738275
0, -0.0014380782, -0.001283924, -0.0012186193, -0.00121596, -0.001236759, -0.0012669514, -0.0012811355, -0.0013049259, -0.0013219449, -0.001332153, -0.0013347334, -0.0013346625, -0.001327392, -0.001321032, -0.001302736, -0.0012776051, -0.0012470138, -0.0012304778, -0.001197349, -0.0011686322, -0.0011576953, -0.0011457582, -0.0011494741, -0.0011573439, -0.0011832232, -0.0012169942, -0.0012495008, -0.0012623848, -0.0012779814, -0.0012798901, -0.0012767394, -0.0012653249, -0.0012508017, -0.0012355698, -0.0012274832, -0.0012077822, -0.0011794413, -0.0011615235, -0.0011203183, -0.001076361, -0.0010540783, -0.0010074058, -0.0009548019, -0.0008971894, -0.00086830667, -0.0008133668, -0.0007608749, -0.00073430524, -0.0006805555, -0.00062940153, -0.0005824972, -0.0005598786, -0.0005155625, -0.0004748062, -0.00045625994, -0.0004214003, -0.00038850447, -0.00037344635, -0.00034680232, -0.00032308593, -0.00030206298, -0.00029306707, -0.00027747487, -0.0002644643, -0.00025920416, -0.0002510931, -0.00024552303, -0.00024304508, -0.00024285546, -0.00024429575, -0.0002486837, -0.00025178835, -0.00025995323, -0.00027079674, -0.00028418627, -0.00029183135, -0.00030901394, -0.00032871362, -0.00033954548, -0.00036307587, -0.00038907948, -0.0004030555, -0.0004328451, -0.00046514024, -0.0005001104, -0.0005183747, -0.0005569214, -0.00059823616, -0.0006196265, -0.00066432083, -0.00071191724, -0.0007613909, -0.0007868736, -0.0008400956, -0.0008955916, -0.00092373136, -0.0009811948, -0.0010413731, -0.0010721176, -0.0011335465, -0.0011952723, -0.0012588114, -0.0012909601, -0.0013541605, -0.0014149611, -0.0014450167, -0.0015053329, -0.0015642097, -0.0016179346, -0.0016424304, -0.0016879835, -0.0017307134, -0.0017507734, -0.0017857752, -0.0018105244, -0.0018186959, -0.0018286239, -0.0018332958, -0.001834141, -0.0018324737, -0.0018223773, -0.0018012665, -0.0017869966, -0.0017547227, -0.0017247724, -0.0017051061, -0.001700758, -0.0017032318, -0.0017176422, -0.0017274622, -0.0017481898, -0.0017652939, -0.0017710169, -0.0017751991, -0.0017691238, -0.0017532766, -0.0017421601, -0.0017144459, -0.0016807992, -0.0016621003, -0.0016213948, -0.0015763452, -0.0015266896, -0.0015001011, -0.0014441594, -0.0013904588, -0.0013702546, -0.0013702391, -0.0014744373
0, -0.0014205206, -0.0012665839, -0.0012007949, -0.001198044, -0.0012199141, -0.0012532695, -0.0012697694, -0.0012992823, -0.0013229052, -0.0013400005, -0.0013459972, -0.0013524409, -0.0013512485, -0.0013476922, -0.0013348677, -0.0013150702, -0.0012900884, -0.0012765864, -0.0012501039, -0.0012288095, -0.0012216647, -0.0012170647, -0.001227168, -0.0012376232, -0.0012667653, -0.0013002988, -0.0013281975, -0.0013371191, -0.0013419652, -0.0013302779, -0.0013199521, -0.0012952792, -0.0012712317, -0.0012512068, -0.0012418805, -0.0012202623, -0.0011893428, -0.0011699963, -0.00112637, -0.0010809052, -0.001058044, -0.0010098467, -0.00095561985, -0.0008976612, -0.0008692871, -0.00081577565, -0.0007636701, -0.0007368871, -0.0006826993, -0.0006319859, -0.0005856619, -0.0005631748, -0.0005192482, -0.0004789669, -0.0004605596, -0.00042564698, -0.0003930302, -0.0003782951, -0.00035202017, -0.00032821082, -0.0003073781, -0.0002985443, -0.0002831159, -0.00027009222, -0.00026491686, -0.0002569, -0.0002513517, -0.0002489895, -0.00024876956, -0.00025020298, -0.0002546124, -0.00025771486, -0.0002659037, -0.00027672923, -0.00029006955, -0.0002977303, -0.0003148863, -0.00033456227, -0.00034534212, -0.00036885904, -0.00039481357, -0.00040875952, -0.00043852883, -0.0004707567, -0.00050567416, -0.000523903, -0.0005624182, -0.0006036783, -0.000625043, -0.0006696437, -0.0007171786, -0.0007665799, -0.0007920208, -0.0008451911, -0.0009006053, -0.0009286832, -0.0009861317, -0.0010461996, -0.001076892, -0.0011382175, -0.0011998505, -0.0012633109, -0.0012954035, -0.0013584752, -0.0014191803, -0.0014492014, -0.0015093823, -0.00156812, -0.0016217789, -0.0016462095, -0.0016916167, -0.0017341889, -0.001754205, -0.0017890984, -0.0018136887, -0.0018218169, -0.0018316151, -0.0018361497, -0.0018368753, -0.0018351679, -0.0018249707, -0.0018037834, -0.0017894577, -0.0017570951, -0.0017270723, -0.0017073884, -0.0017029982, -0.0017054216, -0.0017197507, -0.001729551, -0.0017502109, -0.0017672243, -0.0017728935, -0.0017770019, -0.0017708158, -0.0017548939, -0.0017437051, -0.0017159194, -0.0016821951, -0.0016634597, -0.0016226913, -0.0015775003, -0.001527769, -0.001501121, -0.0014450913, -0.001391261, -0.0013710096, -0.0013709071, -0.0014750215
0, -0.0014186731, -0.0012650241, -0.0012001138, -0.0011981061, -0.0012223754, -0.0012594447, -0.0012782626, -0.0013132986, -0.0013432875, -0.0013673963, -0.0013770058, -0.0013909539, -0.0013974395, -0.0013977791, -0.0013928551, -0.0013810103, -0.0013638099, -0.0013539768, -0.0013342006, -0.0013179117, -0.0013123796, -0.0013089553, -0.0013173377, -0.0013258745, -0.0013492141, -0.0013745627, -0.0013926084, -0.0013962847, -0.0013904783, -0.0013690343, -0.0013544988, -0.0013235209, -0.0012961256, -0.0012743429, -0.0012639418, -0.0012386538, -0.0012026355, -0.0011807325, -0.0011329369, -0.0010844973, -0.0010604033, -0.0010100795, -0.0009551172, -0.0008981869, -0.0008706279, -0.0008177241, -0.0007645949, -0.00073724025, -0.0006832399, -0.00063402473, -0.0005886524, -0.0005661715, -0.0005221285, -0.00048235667, -0.0004642986, -0.00042983182, -0.0003975001, -0.00038295, -0.00035696756, -0.00033332646, -0.00031274278, -0.00030403998, -0.0002887063, -0.00027577672, -0.00027067208, -0.00026274042, -0.00025728098, -0.00025490587, -0.0002546693, -0.00025620128, -0.00026054354, -0.00026364427, -0.00027187116, -0.00028266382, -0.00029598974, -0.0003036303, -0.0003207387, -0.00034040515, -0.0003511733, -0.00037462334, -0.00040051545, -0.00041444547, -0.00044418467, -0.00047632068, -0.0005111914, -0.0005294336, -0.00056789594, -0.00060905726, -0.00063038623, -0.00067494705, -0.0007224162, -0.0007717505, -0.00079714897, -0.0008502246, -0.00090558187, -0.00093362737, -0.000990971, -0.0010509598, -0.0010816217, -0.001142859, -0.0012043732, -0.0012677386, -0.0012998024, -0.001362747, -0.001423378, -0.0014533277, -0.0015133924, -0.0015719907, -0.0016255586, -0.0016499446, -0.0016952, -0.0017376642, -0.0017576517, -0.0017923621, -0.0018168231, -0.001824929, -0.0018345796, -0.0018389557, -0.0018396172, -0.0018378504, -0.0018275545, -0.001806263, -0.0017918835, -0.00175948, -0.0017293533, -0.0017096249, -0.0017052003, -0.0017075778, -0.0017218484, -0.0017316515, -0.0017522302, -0.0017691257, -0.001774776, -0.0017787861, -0.0017724922, -0.0017564787, -0.0017452387, -0.0017173986, -0.0016835921, -0.0016648092, -0.001623925, -0.001578665, -0.0015288371, -0.0015021346, -0.0014459757, -0.0013920998, -0.0013718068, -0.0013715519, -0.0014755827
0, -0.0014350442, -0.0012824008, -0.001220737, -0.0012207481, -0.0012494071, -0.0012912963, -0.0013127252, -0.0013533151, -0.0013894368, -0.0014201844, -0.0014332475, -0.0014544053, -0.0014683563, -0.0014724908, -0.0014747807, -0.001469543, -0.0014576697, -0.0014498124, -0.0014320608, -0.0014143281, -0.0014067488, -0.0013964737, -0.0013950608, -0.0013979732, -0.0014093082, -0.0014233354, -0.001432177, -0.001432434, -0.0014224974, -0.0014002267, -0.001386205, -0.0013569098, -0.0013304494, -0.0013063378, -0.0012931696, -0.0012599532, -0.0012154275, -0.0011901505, -0.0011382247, -0.0010882651, -0.0010636046, -0.0010119417, -0.0009557164, -0.00089853606, -0.0008710625, -0.0008180351, -0.0007643521, -0.0007369429, -0.0006837344, -0.00063573505, -0.00059091323, -0.0005685021, -0.0005246457, -0.0004855979, -0.00046788514, -0.00043391544, -0.00040191124, -0.0003875079, -0.0003618225, -0.0003384539, -0.0003181973, -0.00030961575, -0.00029426863, -0.00028150625, -0.0002765319, -0.0002686685, -0.000263174, -0.0002608643, -0.0002606582, -0.0002622404, -0.00026649804, -0.00026963052, -0.00027785377, -0.00028860543, -0.0003019206, -0.0003095162, -0.00032658872, -0.0003462377, -0.00035697926, -0.00038037656, -0.000406213, -0.0004201203, -0.00044978777, -0.00048189476, -0.0005166873, -0.0005348873, -0.0005733026, -0.0006144228, -0.0006357322, -0.0006801868, -0.0007275886, -0.0007768733, -0.0008022455, -0.0008552209, -0.00091050594, -0.0009385031, -0.0009957611, -0.0010556923, -0.0010862984, -0.0011474353, -0.0012088682, -0.0012721423, -0.0013041595, -0.0013669892, -0.0014275027, -0.0014573717, -0.0015173776, -0.001575872, -0.0016292408, -0.0016535854, -0.0016987706, -0.0017411123, -0.001761007, -0.0017955956, -0.0018199552, -0.0018279859, -0.0018375228, -0.0018417686, -0.0018423292, -0.0018405061, -0.0018301009, -0.0018087042, -0.0017942868, -0.001761812, -0.0017316192, -0.0017118464, -0.0017073908, -0.0017097029, -0.0017239652, -0.0017337099, -0.0017542287, -0.001771037, -0.0017766453, -0.0017805719, -0.0017741747, -0.0017580475, -0.0017467818, -0.0017188842, -0.0016849533, -0.0016661214, -0.0016251167, -0.0015798258, -0.0015299228, -0.0015031575, -0.0014468671, -0.0013928881, -0.0013725348, -0.0013722014, -0.0014761823
0, -0.0014660065, -0.001314877, -0.0012578956, -0.0012605828, -0.0012943214, -0.0013407117, -0.0013641801, -0.0014086552, -0.0014486394, -0.0014833303, -0.0014984781, -0.0015239257, -0.0015422552, -0.0015484391, -0.0015543476, -0.0015514517, -0.001540089, -0.0015316532, -0.0015106064, -0.001486723, -0.0014750772, -0.0014552125, -0.0014431684, -0.0014407841, -0.0014426401, -0.0014498134, -0.001455447, -0.0014557062, -0.0014487238, -0.0014318626, -0.0014207077, -0.001395756, -0.0013696331, -0.0013405187, -0.0013232275, -0.0012803696, -0.0012275431, -0.0011993893, -0.0011445443, -0.0010938051, -0.0010688605, -0.0010159098, -0.00095755357, -0.00089857285, -0.00087053044, -0.000817195, -0.0007641294, -0.0007371785, -0.00068484584, -0.00063717744, -0.0005924806, -0.00057028426, -0.0005272576, -0.00048902375, -0.0004715632, -0.00043793666, -0.00040627798, -0.00039208063, -0.00036679106, -0.0003437097, -0.0003236814, -0.0003151242, -0.00029992172, -0.00028737096, -0.00028245707, -0.00027459042, -0.00026911733, -0.00026695555, -0.0002666861, -0.00026827722, -0.00027254754, -0.0002756365, -0.00028383092, -0.0002945708, -0.0003078567, -0.00031541224, -0.00033247392, -0.00035204945, -0.00036277057, -0.00038610643, -0.00041189007, -0.00042578016, -0.00045539977, -0.00048746433, -0.0005221743, -0.00054031727, -0.0005786733, -0.0006197822, -0.00064106676, -0.00068542775, -0.0007327369, -0.0007819155, -0.0008072778, -0.00086021627, -0.0009153796, -0.00094335806, -0.0010005438, -0.0010603879, -0.001090947, -0.0011519819, -0.0012133468, -0.0012765024, -0.0013084679, -0.0013711912, -0.0014315923, -0.0014614337, -0.0015212867, -0.0015797226, -0.0016329485, -0.0016572068, -0.0017022812, -0.001744538, -0.0017643241, -0.0017988072, -0.0018230532, -0.0018310029, -0.0018404409, -0.0018445794, -0.001845025, -0.0018431449, -0.0018326467, -0.0018111301, -0.0017966685, -0.0017641198, -0.0017338827, -0.001714069, -0.0017095982, -0.0017118052, -0.0017260042, -0.0017357331, -0.0017562157, -0.0017729609, -0.0017784962, -0.0017823387, -0.0017758452, -0.00175964, -0.0017483347, -0.0017203297, -0.0016862951, -0.0016674137, -0.0016263605, -0.0015809652, -0.0015309848, -0.0015041602, -0.0014477831, -0.0013936436, -0.0013732343, -0.0013728405, -0.0014767828
0, -0.0015022354, -0.0013525635, -0.0013001043, -0.0013052085, -0.0013430782, -0.001392192, -0.001416515, -0.0014619691, -0.0015022184, -0.0015369061, -0.0015520625, -0.0015775776, -0.0015958546, -0.0016019078, -0.0016071454, -0.0016025491, -0.0015880342, -0.0015773613, -0.0015506134, -0.0015199799, -0.0015047891, -0.0014782709, -0.0014610717, -0.0014569197, -0.001457395, -0.0014660178, -0.0014760093, -0.00147923, -0.0014787271, -0.0014673951, -0.0014580362, -0.0014340505, -0.0014048418, -0.0013694795, -0.0013485109, -0.0012987786, -0.0012412807, -0.0012115944, -0.0011546386, -0.0011018426, -0.0010757498, -0.0010203318, -0.0009596514, -0.0008989728, -0.0008704452, -0.00081696623, -0.00076465367, -0.0007381878, -0.0006863743, -0.0006385624, -0.0005939985, -0.0005722111, -0.00053036504, -0.00049279915, -0.0004754097, -0.00044187898, -0.00041082944, -0.0003969506, -0.00037198214, -0.00034900894, -0.00032918423, -0.00032075256, -0.00030580664, -0.0002932949, -0.00028836724, -0.00028057233, -0.00027525504, -0.00027304943, -0.00027276046, -0.00027436815, -0.00027864528, -0.00028168064, -0.0002898514, -0.0003005429, -0.00031379148, -0.00032135597, -0.0003383641, -0.00035785965, -0.00036856384, -0.00039184678, -0.00041755845, -0.0004314192, -0.00046099123, -0.0004929853, -0.00052766653, -0.0005457793, -0.0005840441, -0.0006250384, -0.00064629683, -0.00069063436, -0.00073786004, -0.0007869658, -0.0008122597, -0.0008651559, -0.0009202473, -0.00094818533, -0.0010052839, -0.0010650193, -0.00109554, -0.0011564915, -0.0012177748, -0.0012808241, -0.001312732, -0.001375383, -0.0014356712, -0.0014654507, -0.0015251909, -0.0015834959, -0.001636645, -0.0016608262, -0.0017057586, -0.0017478877, -0.0017676428, -0.0018019874, -0.001826116, -0.0018339914, -0.0018433109, -0.0018473715, -0.0018476998, -0.0018457613, -0.0018351383, -0.0018135516, -0.0017990578, -0.0017664188, -0.0017361209, -0.0017162567, -0.0017117552, -0.0017139324, -0.001728053, -0.0017377563, -0.0017581539, -0.0017748576, -0.0017803534, -0.0017840696, -0.0017775134, -0.0017612174, -0.001749853, -0.001721737, -0.0016876525, -0.0016687224, -0.0016275872, -0.0015821083, -0.0015320058, -0.0015051531, -0.001448709, -0.0013944575, -0.0013739829, -0.0013734528, -0.0014773372
0, -0.0015300122, -0.0013809218, -0.0013313944, -0.001338064, -0.0013784468, -0.001428751, -0.0014532286, -0.0014982137, -0.0015371159, -0.0015700108, -0.0015841806, -0.0016075921, -0.0016235369, -0.0016283449, -0.0016308539, -0.0016228812, -0.0016041449, -0.0015909829, -0.0015589284, -0.001523176, -0.0015058257, -0.00147658, -0.001459669, -0.0014569983, -0.0014627862, -0.0014794567, -0.0014987562, -0.0015063987, -0.0015126965, -0.0015038504, -0.001494023, -0.0014663582, -0.0014316172, -0.0013909823, -0.0013679502, -0.0013158947, -0.0012575425, -0.0012275132, -0.001168678, -0.0011120415, -0.0010835717, -0.0010239332, -0.00096125755, -0.00090059964, -0.0008723861, -0.00081910443, -0.00076635473, -0.0007396852, -0.00068774447, -0.00064041663, -0.0005966212, -0.00057522487, -0.00053403433, -0.0004966468, -0.00047933278, -0.00044620625, -0.00041587176, -0.00040221476, -0.0003772407, -0.0003544369, -0.00033499632, -0.0003266742, -0.00031170715, -0.00029931156, -0.0002944427, -0.00028668094, -0.00028142365, -0.00027913039, -0.0002788828, -0.00028048013, -0.00028473343, -0.0002878103, -0.00029591352, -0.00030655097, -0.0003197191, -0.00032727275, -0.00034423394, -0.0003636784, -0.00037434176, -0.00039756298, -0.0004232576, -0.000437067, -0.00046655932, -0.0004984674, -0.0005330868, -0.0005511944, -0.00058940816, -0.00063028856, -0.00065149675, -0.0006957916, -0.00074296223, -0.0007920325, -0.00081726053, -0.00087002525, -0.00092506484, -0.00095296686, -0.0010099965, -0.0010696152, -0.0011000859, -0.0011609554, -0.0012221622, -0.0012851243, -0.0013169644, -0.0013795244, -0.0014396746, -0.0014694191, -0.001529071, -0.0015872449, -0.0016402601, -0.0016644078, -0.0017092285, -0.001751217, -0.0017709176, -0.0018051548, -0.0018291457, -0.001836976, -0.0018461692, -0.001850135, -0.0018503538, -0.0018483683, -0.001837629, -0.0018159637, -0.0018014275, -0.0017687028, -0.0017383335, -0.0017183975, -0.0017138835, -0.0017160388, -0.0017301326, -0.0017397753, -0.0017600937, -0.0017767117, -0.0017821594, -0.001785807, -0.0017791489, -0.0017627802, -0.00175136, -0.001723148, -0.0016889999, -0.0016700423, -0.001628789, -0.001583226, -0.001533037, -0.0015061486, -0.001449601, -0.0013952656, -0.0013747284, -0.0013740666, -0.0014779089
0, -0.0015413996, -0.0013919028, -0.001343178, -0.0013504161, -0.0013917946, -0.0014427776, -0.0014674686, -0.0015125464, -0.0015512342, -0.0015835054, -0.0015971918, -0.0016193113, -0.0016334758, -0.001637183, -0.0016370728, -0.0016259473, -0.0016037455, -0.0015888148, -0.0015534722, -0.0015153823, -0.0014975135, -0.0014689501, -0.0014553936, -0.0014554032, -0.001468385, -0.0014934612, -0.001520608, -0.001531332, -0.0015411221, -0.0015320561, -0.0015210214, -0.0014898294, -0.001451713, -0.0014091413, -0.0013857943, -0.0013337868, -0.0012751998, -0.0012445505, -0.0011829317, -0.0011217989, -0.0010909442, -0.0010277291, -0.00096435344, -0.00090477866, -0.0008769162, -0.0008229129, -0.0007686168, -0.00074154505, -0.000690106, -0.00064396067, -0.0006005287, -0.0005791236, -0.00053797767, -0.00050103315, -0.00048396303, -0.00045133202, -0.00042121793, -0.00040760697, -0.00038279835, -0.00036028572, -0.00034104817, -0.00033272285, -0.00031770617, -0.00030552107, -0.00030066315, -0.00029285342, -0.00028764107, -0.00028531597, -0.00028506067, -0.00028665736, -0.00029086185, -0.00029394188, -0.00030197165, -0.0003125736, -0.00032570199, -0.00033319608, -0.00035009868, -0.00036948506, -0.00038010033, -0.00040329274, -0.00042892934, -0.0004427014, -0.00047210578, -0.00050395896, -0.0005385042, -0.0005565451, -0.00059471675, -0.0006355558, -0.0006567229, -0.00070092524, -0.0007480218, -0.00079701067, -0.00082223077, -0.00087490765, -0.00092985295, -0.000957704, -0.001014641, -0.0010742013, -0.0011046109, -0.0011654007, -0.0012264879, -0.0012893628, -0.0013211619, -0.0013836095, -0.0014436797, -0.0014733725, -0.0015329237, -0.0015909735, -0.0016438587, -0.0016679418, -0.0017126694, -0.0017545341, -0.0017741735, -0.0018083092, -0.0018321509, -0.0018399283, -0.0018490229, -0.0018528694, -0.0018529647, -0.0018509311, -0.0018401197, -0.001818335, -0.0018037609, -0.0017709723, -0.0017405266, -0.0017205203, -0.0017160116, -0.0017181269, -0.001732142, -0.0017417653, -0.0017620311, -0.0017785378, -0.0017839727, -0.001787541, -0.0017807886, -0.0017643062, -0.001752864, -0.0017245711, -0.001690321, -0.0016713409, -0.001629993, -0.0015843416, -0.001534085, -0.0015071314, -0.0014504486, -0.0013960451, -0.0013754449, -0.0013747019, -0.0014784954
0, -0.0015402734, -0.0013900306, -0.0013408812, -0.001348153, -0.0013899419, -0.0014418239, -0.0014671428, -0.0015136879, -0.0015541383, -0.0015881176, -0.001602571, -0.001625783, -0.0016403251, -0.0016438798, -0.0016426923, -0.0016296675, -0.0016050793, -0.0015890409, -0.0015518834, -0.0015130149, -0.0014952384, -0.001467892, -0.0014567871, -0.0014584403, -0.0014753814, -0.0015045917, -0.0015349634, -0.0015467166, -0.0015574804, -0.0015485991, -0.0015375849, -0.0015065478, -0.0014687644, -0.0014267188, -0.00140359, -0.001351473, -0.0012913682, -0.0012593494, -0.0011942541, -0.0011298297, -0.0010977827, -0.0010336543, -0.0009707046, -0.0009112517, -0.000882835, -0.0008271452, -0.0007718999, -0.00074502797, -0.0006947725, -0.0006490986, -0.0006052005, -0.0005836059, -0.0005427868, -0.0005065063, -0.0004895949, -0.00045699484, -0.00042692796, -0.00041341485, -0.00038884202, -0.00036650684, -0.0003472664, -0.0003388942, -0.00032396973, -0.0003118659, -0.0003070188, -0.00029907617, -0.00029394677, -0.00029158194, -0.00029129122, -0.00029289856, -0.00029702453, -0.00030005886, -0.0003080418, -0.00031859803, -0.0003316611, -0.00033913137, -0.00035597294, -0.00037532195, -0.00038591484, -0.00040901097, -0.00043455328, -0.00044830638, -0.00047763984, -0.00050944154, -0.0005438902, -0.00056190544, -0.00059997867, -0.00064078433, -0.0006619318, -0.00070603495, -0.0007530625, -0.00080194493, -0.0008271325, -0.0008797426, -0.0009346107, -0.0009624377, -0.0010192799, -0.0010787455, -0.001109126, -0.0011698233, -0.001230792, -0.0012935842, -0.0013253427, -0.0013876593, -0.001447669, -0.001477286, -0.001536734, -0.0015946529, -0.0016474586, -0.0016714894, -0.0017160827, -0.0017578271, -0.0017774142, -0.0018114063, -0.0018351758, -0.0018429046, -0.0018518578, -0.0018555816, -0.0018555744, -0.0018534883, -0.0018425684, -0.0018207041, -0.0018060755, -0.0017732315, -0.0017427304, -0.0017226731, -0.0017181028, -0.0017202093, -0.0017341381, -0.0017437489, -0.0017639236, -0.0017803588, -0.0017857605, -0.0017892655, -0.0017824197, -0.0017658282, -0.0017543654, -0.0017260012, -0.0016916405, -0.0016726136, -0.0016312018, -0.0015854593, -0.0015350905, -0.001508092, -0.0014513246, -0.0013968031, -0.0013761708, -0.001375348, -0.0014790493
0, -0.0015293715, -0.0013785401, -0.0013284454, -0.0013355062, -0.0013778403, -0.0014316634, -0.0014583813, -0.0015087032, -0.0015539156, -0.0015933057, -0.0016105626, -0.0016393584, -0.0016590068, -0.0016647761, -0.0016671019, -0.0016563535, -0.0016327666, -0.001616786, -0.0015789118, -0.0015380939, -0.0015188829, -0.001487649, -0.0014715799, -0.0014705161, -0.0014823354, -0.0015081369, -0.0015380495, -0.0015508927, -0.0015660715, -0.0015633128, -0.0015553315, -0.0015289581, -0.001493103, -0.001450649, -0.0014268437, -0.0013730116, -0.0013111166, -0.001278037, -0.0012109557, -0.0011459631, -0.0011144577, -0.0010520577, -0.0009890111, -0.0009265595, -0.0008965225, -0.00083969807, -0.0007862293, -0.0007602154, -0.0007097501, -0.00066220347, -0.00061787694, -0.0005968571, -0.0005570411, -0.0005202597, -0.00050289184, -0.00047008644, -0.00044061185, -0.00042719362, -0.0004021586, -0.00037967588, -0.0003606986, -0.00035230344, -0.00033710853, -0.00032497034, -0.0003200953, -0.0003120302, -0.0003067693, -0.0003042863, -0.0003039634, -0.00030544566, -0.0003094346, -0.00031243093, -0.00032030762, -0.00033067487, -0.00034361385, -0.0003510144, -0.00036774654, -0.00038693074, -0.0003974461, -0.0004204065, -0.00044580942, -0.00045949055, -0.0004886937, -0.00052030553, -0.00055463566, -0.00057256635, -0.0006105206, -0.00065116206, -0.00067223195, -0.00071618723, -0.00076304533, -0.000811792, -0.00083689054, -0.0008893425, -0.0009440197, -0.0009717684, -0.0010284287, -0.0010877724, -0.001118064, -0.0011785473, -0.0012393447, -0.0013018961, -0.0013335735, -0.0013957347, -0.0014554961, -0.0014850118, -0.0015442473, -0.0016019944, -0.001654569, -0.001678482, -0.0017228299, -0.0017643722, -0.0017838301, -0.0018175885, -0.0018411125, -0.0018486937, -0.001857439, -0.0018609684, -0.001860771, -0.0018585746, -0.0018474471, -0.001825384, -0.0018106719, -0.0017776396, -0.0017470852, -0.0017269775, -0.001722353, -0.0017242888, -0.0017381343, -0.0017476652, -0.001767727, -0.0017840103, -0.0017893161, -0.0017926322, -0.0017856415, -0.0017689528, -0.0017573553, -0.0017287883, -0.0016942653, -0.001675134, -0.0016335608, -0.0015876292, -0.0015371301, -0.0015100517, -0.0014531219, -0.0013983685, -0.0013776135, -0.0013765541, -0.0014801971
0, -0.0015254561, -0.0013745102, -0.0013237692, -0.0013304016, -0.0013718258, -0.0014246359, -0.0014508609, -0.0015001621, -0.0015443033, -0.001582842, -0.0015997904, -0.0016283873, -0.0016486545, -0.0016551365, -0.0016598674, -0.0016527275, -0.0016335504, -0.0016198596, -0.0015863229, -0.0015489545, -0.0015309594, -0.0015011121, -0.0014848307, -0.00148304, -0.0014920295, -0.0015136732, -0.001539489, -0.0015507103, -0.0015641265, -0.0015615253, -0.0015541441, -0.0015296347, -0.0014956332, -0.0014542917, -0.0014306577, -0.0013768066, -0.0013152931, -0.0012828178, -0.0012177054, -0.0011548693, -0.0011241854, -0.0010623982, -0.000998737, -0.0009356791, -0.00090567477, -0.0008497432, -0.00079677004, -0.0007705449, -0.0007191095, -0.0006709989, -0.0006269148, -0.0006059188, -0.0005656891, -0.00052838033, -0.00051086425, -0.00047805288, -0.0004484113, -0.00043481623, -0.0004095777, -0.00038692215, -0.00036780158, -0.00035933693, -0.0003440469, -0.0003317586, -0.0003268688, -0.00031870694, -0.00031333737, -0.00031081063, -0.00031040423, -0.00031177522, -0.00031569978, -0.00031865365, -0.0003264281, -0.00033677908, -0.0003496322, -0.0003569882, -0.0003736437, -0.0003927184, -0.00040320688, -0.00042611005, -0.00045144762, -0.00046507365, -0.00049419806, -0.00052573794, -0.0005599872, -0.00057790626, -0.000615761, -0.00065631466, -0.0006773298, -0.0007212062, -0.00076802244, -0.0008166845, -0.00084172667, -0.00089410244, -0.0009486968, -0.0009763871, -0.0010329742, -0.0010922201, -0.0011224715, -0.0011828698, -0.0012435749, -0.001306064, -0.001337663, -0.001399726, -0.0014593792, -0.0014888771, -0.0015479684, -0.0016056166, -0.0016580572, -0.0016819288, -0.0017261752, -0.0017675896, -0.0017869943, -0.0018206396, -0.0018440327, -0.0018515732, -0.001860202, -0.0018636449, -0.0018633236, -0.0018611, -0.0018498853, -0.0018277223, -0.001812975, -0.0017798848, -0.0017492209, -0.0017290413, -0.0017244136, -0.0017263264, -0.0017401363, -0.0017496543, -0.0017696028, -0.0017858429, -0.0017910935, -0.0017943064, -0.0017872426, -0.0017704242, -0.0017588236, -0.0017301383, -0.0016955864, -0.0016764143, -0.0016347275, -0.0015887303, -0.0015381231, -0.0015110043, -0.0014539665, -0.0013991351, -0.0013783558, -0.0013772069, -0.0014807578
0, -0.0015237583, -0.001372754, -0.0013211014, -0.0013269974, -0.0013663154, -0.0014164202, -0.0014410977, -0.0014870091, -0.0015275149, -0.0015625383, -0.0015779171, -0.0016038981, -0.0016228183, -0.0016292452, -0.0016351674, -0.001630958, -0.0016162649, -0.0016053068, -0.0015778281, -0.001546932, -0.001532073, -0.0015078817, -0.0014957422, -0.0014952269, -0.0015047347, -0.001524087, -0.0015452496, -0.0015536319, -0.0015614718, -0.0015546854, -0.0015460798, -0.001521179, -0.0014891548, -0.001450795, -0.0014286581, -0.001377453, -0.001318257, -0.0012870493, -0.0012244816, -0.0011634968, -0.0011332969, -0.001071769, -0.0010086138, -0.0009469564, -0.00091774226, -0.0008623707, -0.00080840767, -0.0007815384, -0.0007295153, -0.00068191485, -0.0006378207, -0.00061634305, -0.0005749171, -0.0005373571, -0.0005200133, -0.00048702964, -0.00045663625, -0.0004427726, -0.00041750047, -0.0003947269, -0.00037513758, -0.00036657712, -0.00035122572, -0.000338782, -0.0003337707, -0.0003255208, -0.0003200533, -0.00031736295, -0.0003169315, -0.00031817492, -0.00032203578, -0.00032492305, -0.00033262515, -0.00034289437, -0.00035566735, -0.00036300338, -0.0003795112, -0.00039854628, -0.00040900474, -0.00043181507, -0.00045704818, -0.0004706571, -0.0004997026, -0.00053117017, -0.0005653401, -0.00058325566, -0.0006209973, -0.00066143414, -0.00068241067, -0.0007262479, -0.0007729664, -0.00082154124, -0.00084655365, -0.00089882716, -0.0009533889, -0.0009810035, -0.0010375144, -0.001096646, -0.0011268435, -0.0011871615, -0.0012477929, -0.0013102028, -0.0013417437, -0.0014036646, -0.0014632744, -0.0014926837, -0.0015517022, -0.001609205, -0.0016615456, -0.0016853455, -0.0017294983, -0.0017707899, -0.0017901519, -0.0018236921, -0.0018469656, -0.0018544565, -0.0018629648, -0.0018662746, -0.0018658902, -0.0018636137, -0.0018523196, -0.0018300402, -0.0018152649, -0.0017821344, -0.0017513867, -0.001731116, -0.001726458, -0.0017283626, -0.0017421287, -0.0017516076, -0.001771488, -0.0017876257, -0.0017928511, -0.0017959884, -0.0017888321, -0.0017719117, -0.0017602571, -0.0017315353, -0.0016968808, -0.0016776738, -0.0016359107, -0.0015898513, -0.001539113, -0.0015119489, -0.0014548226, -0.0013998891, -0.0013790503, -0.0013778366, -0.0014813235
0, -0.0015213556, -0.0013703018, -0.0013174716, -0.0013224165, -0.0013591809, -0.001406251, -0.0014292558, -0.0014716648, -0.001508752, -0.0015405157, -0.0015544104, -0.0015778815, -0.0015950521, -0.0016009494, -0.001606561, -0.0016033263, -0.0015910083, -0.0015818077, -0.0015588666, -0.0015336887, -0.0015219415, -0.001503914, -0.0014970537, -0.0014985814, -0.0015106136, -0.0015298283, -0.0015478662, -0.0015538166, -0.0015559315, -0.0015439909, -0.0015335899, -0.0015072055, -0.0014768641, -0.0014424266, -0.0014226239, -0.0013757123, -0.0013198802, -0.0012900516, -0.0012300744, -0.0011713627, -0.0011420001, -0.0010816971, -0.001019856, -0.0009598413, -0.0009312774, -0.00087605795, -0.0008211553, -0.0007938428, -0.0007415426, -0.00069425296, -0.0006496902, -0.00062758924, -0.0005851029, -0.0005473652, -0.00053002074, -0.0004965652, -0.0004652836, -0.00045123723, -0.00042595016, -0.00040285388, -0.00038274133, -0.00037409205, -0.00035871996, -0.00034592857, -0.00034080984, -0.0003324915, -0.00032682525, -0.00032403469, -0.00032355665, -0.00032469654, -0.00032838382, -0.00033122356, -0.00033887825, -0.00034899314, -0.0003617108, -0.0003689959, -0.000385448, -0.0004043779, -0.0004147974, -0.0004375087, -0.00046265265, -0.00047622272, -0.0005051743, -0.00053661823, -0.0005706868, -0.00058852794, -0.0006262412, -0.0006665564, -0.00068751734, -0.0007312511, -0.00077788084, -0.00082635076, -0.0008513433, -0.00090357254, -0.000958023, -0.0009856294, -0.0010420101, -0.0011010641, -0.0011312191, -0.0011914342, -0.001251985, -0.0013142893, -0.0013458157, -0.0014076179, -0.0014670814, -0.0014964697, -0.0015554057, -0.001612795, -0.0016650142, -0.0016887642, -0.0017327818, -0.0017739892, -0.0017933167, -0.00182672, -0.0018498915, -0.0018573018, -0.0018657119, -0.0018689224, -0.0018684358, -0.0018660997, -0.0018546892, -0.0018323846, -0.0018175396, -0.001784332, -0.0017535364, -0.0017332198, -0.0017285409, -0.0017303637, -0.0017440664, -0.0017535122, -0.0017733853, -0.0017894157, -0.0017946005, -0.0017976883, -0.0017903869, -0.0017734256, -0.0017616927, -0.0017329343, -0.0016981515, -0.0016789184, -0.0016371191, -0.0015909265, -0.0015401357, -0.0015129154, -0.0014557005, -0.0014006458, -0.0013797357, -0.0013784252, -0.0014818846
0, -0.0015136793, -0.001362581, -0.0013086844, -0.0013128704, -0.0013481462, -0.0013937774, -0.0014161399, -0.0014574155, -0.0014936534, -0.0015247775, -0.0015384046, -0.0015614382, -0.0015780492, -0.0015836145, -0.001588517, -0.0015846074, -0.0015719673, -0.0015627397, -0.0015402673, -0.0015159723, -0.0015048312, -0.001488183, -0.0014829864, -0.0014854033, -0.001499252, -0.0015198981, -0.0015383128, -0.0015439056, -0.0015443958, -0.0015305026, -0.0015193339, -0.0014923532, -0.0014631379, -0.0014317901, -0.001413986, -0.0013713255, -0.0013192833, -0.001291131, -0.0012344217, -0.0011789838, -0.001151113, -0.0010931211, -0.001032649, -0.0009734198, -0.00094511424, -0.0008901508, -0.00083513826, -0.0008076594, -0.00075502304, -0.00070734316, -0.0006620823, -0.00063955935, -0.0005963062, -0.00055813923, -0.0005406141, -0.00050653325, -0.00047448828, -0.0004602181, -0.0004347731, -0.0004112438, -0.00039066904, -0.00038192153, -0.00036641862, -0.0003532527, -0.0003479839, -0.0003396196, -0.00033374107, -0.00033081384, -0.00033024378, -0.00033128288, -0.00033482508, -0.0003375933, -0.00034516066, -0.00035518123, -0.00036779593, -0.00037504456, -0.0003913907, -0.00041024762, -0.00042059913, -0.0004432096, -0.00046830362, -0.0004817959, -0.0005106654, -0.00054201967, -0.0005760326, -0.00059381797, -0.0006314188, -0.00067173486, -0.0006926403, -0.0007362119, -0.000782765, -0.0008311601, -0.00085612293, -0.0009082683, -0.0009626229, -0.0009901763, -0.0010465073, -0.001105463, -0.0011355827, -0.0011957041, -0.0012561254, -0.0013183521, -0.0013498381, -0.0014115835, -0.0014709024, -0.0015002616, -0.0015590613, -0.0016163508, -0.0016684682, -0.0016921553, -0.0017360664, -0.0017771866, -0.0017964345, -0.0018297308, -0.0018527735, -0.0018601371, -0.0018684515, -0.0018715628, -0.001870959, -0.0018685731, -0.0018570655, -0.0018346974, -0.0018198163, -0.0017864903, -0.001755684, -0.0017353145, -0.001730606, -0.0017323669, -0.0017460163, -0.001755438, -0.0017752409, -0.001791226, -0.0017963457, -0.0017993365, -0.0017919787, -0.0017749228, -0.001763176, -0.0017342805, -0.0016994572, -0.0016801805, -0.0016382945, -0.0015920057, -0.001541125, -0.0015138807, -0.0014565791, -0.0014014223, -0.0013804538, -0.001379008, -0.0014824455
0, -0.0015001135, -0.0013490247, -0.0012944305, -0.0012982715, -0.0013334439, -0.0013795858, -0.0014023847, -0.0014447715, -0.0014821023, -0.0015142374, -0.0015282711, -0.0015517715, -0.0015683278, -0.0015735871, -0.0015773943, -0.0015716864, -0.0015567157, -0.0015461892, -0.0015209565, -0.0014938924, -0.0014814468, -0.0014624649, -0.0014556046, -0.0014576298, -0.0014716457, -0.0014938934, -0.0015148319, -0.0015217621, -0.0015247779, -0.0015129262, -0.0015026613, -0.0014773085, -0.0014496951, -0.0014204012, -0.001403977, -0.0013648386, -0.0013169232, -0.0012909704, -0.0012386116, -0.001187285, -0.0011611811, -0.0011057386, -0.0010461999, -0.0009870866, -0.00095893117, -0.0009046421, -0.0008502637, -0.0008227594, -0.00076931826, -0.0007204683, -0.000674775, -0.00065222534, -0.00060848065, -0.0005692703, -0.0005513106, -0.00051672116, -0.00048437968, -0.00046982802, -0.00044371435, -0.00041978387, -0.00039899567, -0.00039013504, -0.00037415544, -0.00036077053, -0.00035543545, -0.00034690715, -0.0003407189, -0.0003377483, -0.0003371146, -0.00033784372, -0.00034142684, -0.0003441066, -0.0003514959, -0.00036146448, -0.00037391193, -0.00038111387, -0.0003973435, -0.00041613728, -0.00042643497, -0.00044894297, -0.00047394057, -0.00048741009, -0.0005162262, -0.00054741255, -0.0005813672, -0.000599103, -0.0006366072, -0.0006768243, -0.0006976748, -0.00074122817, -0.0007876431, -0.0008360144, -0.0008609086, -0.0009129267, -0.000967224, -0.0009947211, -0.0010509704, -0.001109822, -0.0011398906, -0.0011999535, -0.0012602918, -0.0013224221, -0.0013538278, -0.0014154696, -0.001474717, -0.001504017, -0.0015626893, -0.0016198778, -0.0016718854, -0.00169553, -0.0017393723, -0.0017803351, -0.0017995338, -0.0018327204, -0.0018556626, -0.0018629828, -0.0018711654, -0.0018741734, -0.0018734979, -0.0018710677, -0.0018594848, -0.0018369635, -0.0018220516, -0.0017886618, -0.0017577949, -0.0017374002, -0.0017326518, -0.0017343574, -0.001747968, -0.0017573662, -0.0017770706, -0.0017930125, -0.0017980961, -0.0018009848, -0.001793589, -0.0017764142, -0.0017646233, -0.0017356558, -0.0017007531, -0.0016814271, -0.0016394504, -0.0015931003, -0.001542129, -0.0015148382, -0.0014574262, -0.0014021741, -0.0013811486, -0.0013796305, -0.001482972
0, -0.0014844319, -0.0013332601, -0.0012777508, -0.0012812619, -0.0013162416, -0.0013628955, -0.0013861054, -0.0014293215, -0.0014671074, -0.0014991494, -0.0015128551, -0.0015352505, -0.0015500118, -0.0015541865, -0.0015555369, -0.0015471079, -0.0015293951, -0.0015175979, -0.0014902577, -0.0014618767, -0.0014490552, -0.001429697, -0.0014224959, -0.0014242815, -0.0014379495, -0.0014604676, -0.0014828137, -0.0014909232, -0.0014970745, -0.0014890622, -0.0014807873, -0.0014592771, -0.0014349018, -0.0014084894, -0.0013936363, -0.0013583293, -0.0013151367, -0.0012916294, -0.001243784, -0.0011961971, -0.0011716184, -0.0011183508, -0.0010598219, -0.0010010779, -0.00097310514, -0.0009194688, -0.000865586, -0.00083802914, -0.0007837346, -0.000733807, -0.0006877372, -0.0006651447, -0.000620945, -0.00058066664, -0.00056218833, -0.00052716193, -0.00049452286, -0.000479697, -0.00045290898, -0.000428522, -0.00040750386, -0.00039846622, -0.000382121, -0.00036848758, -0.00036308228, -0.0003543149, -0.00034784732, -0.00034474386, -0.0003440483, -0.0003446109, -0.00034804037, -0.00035065322, -0.0003579365, -0.00036775388, -0.00038009993, -0.00038724704, -0.00040337924, -0.00042203898, -0.00043226988, -0.0004547079, -0.00047961346, -0.0004930392, -0.00052174676, -0.00055285037, -0.00058669713, -0.0006043776, -0.00064179493, -0.0006819048, -0.00070272374, -0.0007462277, -0.00079257746, -0.0008407991, -0.0008656439, -0.00091760146, -0.0009717883, -0.0009992684, -0.0010554136, -0.0011141658, -0.0011441855, -0.0012041903, -0.0012644428, -0.0013264474, -0.0013578057, -0.0014193843, -0.0014785035, -0.00150772, -0.0015663299, -0.0016234205, -0.001675306, -0.0016989101, -0.0017426363, -0.0017834833, -0.0018026426, -0.001835716, -0.0018585338, -0.0018658015, -0.0018738686, -0.0018767883, -0.0018760073, -0.0018735388, -0.001861845, -0.0018392587, -0.0018243117, -0.0017908596, -0.0017598904, -0.0017394535, -0.0017347138, -0.0017363469, -0.0017499095, -0.0017592716, -0.0017789005, -0.001794776, -0.001799844, -0.0018026723, -0.001795137, -0.0017779002, -0.0017660676, -0.0017370358, -0.0017020425, -0.0016826675, -0.0016406078, -0.0015941845, -0.0015431241, -0.0015157831, -0.0014582793, -0.0014029001, -0.0013818424, -0.0013802417, -0.0014835405
0, -0.0014708474, -0.0013191975, -0.0012620348, -0.0012646794, -0.0012980216, -0.0013432624, -0.0013657865, -0.001407431, -0.0014433054, -0.0014726686, -0.0014847824, -0.001503599, -0.0015144175, -0.0015165862, -0.0015141146, -0.001502604, -0.0014830036, -0.0014708672, -0.0014441129, -0.0014180132, -0.0014068179, -0.0013912546, -0.0013874754, -0.0013904232, -0.0014050937, -0.0014273495, -0.0014492507, -0.0014574336, -0.0014645463, -0.0014588406, -0.0014523154, -0.0014353864, -0.0014166454, -0.001396317, -0.0013844668, -0.0013549041, -0.0013165002, -0.0012948128, -0.0012495834, -0.0012042453, -0.0011809802, -0.0011304764, -0.0010738983, -0.0010156743, -0.0009875842, -0.0009336918, -0.00087999436, -0.00085253187, -0.0007981553, -0.0007474816, -0.00070051494, -0.000677628, -0.00063308195, -0.0005922366, -0.0005734229, -0.0005377359, -0.0005045677, -0.0004895134, -0.00046232564, -0.00043755933, -0.00041602194, -0.00040682335, -0.0003903368, -0.00037637027, -0.00037078833, -0.00036179976, -0.0003552017, -0.00035181042, -0.00035101685, -0.00035152337, -0.00035473192, -0.0003573077, -0.00036443106, -0.00037412695, -0.00038637553, -0.0003934109, -0.00040943635, -0.0004279925, -0.00043819624, -0.00046050787, -0.00048529523, -0.0004986752, -0.0005272629, -0.000558304, -0.00059201126, -0.00060964935, -0.0006469719, -0.00068699976, -0.0007077613, -0.0007511813, -0.0007974956, -0.0008455784, -0.00087039004, -0.00092226866, -0.00097633887, -0.001003788, -0.001059854, -0.0011185041, -0.0011484795, -0.0012083858, -0.0012685432, -0.001330459, -0.0013617905, -0.0014232463, -0.0014822853, -0.0015114293, -0.001569947, -0.0016269333, -0.0016787519, -0.0017022858, -0.0017458614, -0.0017866275, -0.001805716, -0.0018386827, -0.0018613917, -0.0018686044, -0.0018765914, -0.0018793937, -0.0018785014, -0.0018759901, -0.0018642102, -0.0018415225, -0.0018265529, -0.0017930394, -0.0017620081, -0.0017415207, -0.0017367364, -0.0017383752, -0.0017518316, -0.0017611698, -0.0017807655, -0.0017965222, -0.0018015659, -0.0018043157, -0.0017966862, -0.0017793755, -0.0017675214, -0.0017383988, -0.0017033336, -0.001683918, -0.0016417591, -0.0015952765, -0.0015441142, -0.00151674, -0.0014591281, -0.0014036739, -0.0013825668, -0.0013808262, -0.0014841231
0, -0.0014622937, -0.0013096161, -0.0012502817, -0.0012516159, -0.0012818546, -0.0013231904, -0.0013434907, -0.0013805032, -0.0014114778, -0.0014357286, -0.0014452353, -0.001458787, -0.0014647914, -0.0014648254, -0.0014588152, -0.0014450923, -0.0014250509, -0.0014134689, -0.0013892766, -0.0013674899, -0.0013589307, -0.0013490589, -0.0013506088, -0.0013556954, -0.001372851, -0.0013953899, -0.001416484, -0.0014241477, -0.0014306913, -0.0014256687, -0.0014202616, -0.0014077099, -0.001396224, -0.0013847084, -0.001377202, -0.0013549975, -0.0013210513, -0.0013004341, -0.0012559472, -0.0012113841, -0.0011891194, -0.0011416709, -0.0010878175, -0.001030258, -0.00100182, -0.0009470378, -0.0008931966, -0.00086600037, -0.0008119563, -0.00076086645, -0.0007129721, -0.0006897036, -0.0006447739, -0.0006036028, -0.00058459747, -0.0005483686, -0.00051456515, -0.0004992575, -0.000471797, -0.00044677468, -0.00042470344, -0.000415273, -0.0003986496, -0.00038446314, -0.00037868862, -0.00036940188, -0.00036267488, -0.00035904333, -0.00035816134, -0.0003584928, -0.00036153212, -0.00036403106, -0.00037100262, -0.00038056634, -0.00039266245, -0.0003996606, -0.00041555485, -0.00043398867, -0.00044413903, -0.00046633254, -0.00049099437, -0.00050431606, -0.00053282175, -0.0005637313, -0.00059734046, -0.0006149423, -0.0006521922, -0.00069212343, -0.0007128222, -0.0007561251, -0.00080234936, -0.0008503739, -0.00087515346, -0.0009269114, -0.0009809156, -0.001008282, -0.0010642678, -0.001122868, -0.0011527837, -0.0012125752, -0.0012726226, -0.0013344813, -0.0013657288, -0.0014270636, -0.001486075, -0.001515178, -0.001573572, -0.0016304208, -0.0016821532, -0.0017056324, -0.00174912, -0.0017897612, -0.001808777, -0.001841611, -0.0018642442, -0.0018713844, -0.0018792921, -0.0018819945, -0.0018810177, -0.0018784663, -0.0018665725, -0.0018437946, -0.0018287929, -0.0017952048, -0.0017641099, -0.0017435746, -0.0017387584, -0.0017403783, -0.0017537543, -0.001763053, -0.0017826044, -0.0017982802, -0.0018032806, -0.0018059509, -0.001798264, -0.0017808545, -0.0017689565, -0.001739751, -0.0017046226, -0.0016851764, -0.0016429218, -0.001596359, -0.0015451245, -0.0015176911, -0.0014599996, -0.0014044251, -0.0013832563, -0.001381451, -0.0014846781
0, -0.0014630758, -0.0013085488, -0.001246883, -0.0012468249, -0.0012733242, -0.0013092848, -0.001326419, -0.0013565485, -0.0013806435, -0.0013985903, -0.0014052145, -0.0014135367, -0.0014154406, -0.0014138919, -0.001405819, -0.0013912859, -0.0013716217, -0.0013605892, -0.0013382465, -0.0013190563, -0.0013119851, -0.0013052642, -0.0013100745, -0.0013166629, -0.0013360223, -0.0013597871, -0.0013818842, -0.0013902299, -0.0013987115, -0.0013962943, -0.0013924743, -0.0013840704, -0.0013784616, -0.0013742157, -0.0013705071, -0.0013551802, -0.0013262413, -0.0013072231, -0.0012641439, -0.0012195623, -0.0011974135, -0.0011512464, -0.001099613, -0.001043426, -0.0010151216, -0.0009598719, -0.0009055011, -0.0008781966, -0.0008242598, -0.0007732153, -0.0007251005, -0.000701586, -0.00065597, -0.00061431836, -0.00059524586, -0.0005589144, -0.00052460603, -0.0005089708, -0.0004811039, -0.00045600164, -0.00043360167, -0.0004238706, -0.000406996, -0.00039263896, -0.00038668112, -0.00037714856, -0.0003702709, -0.00036640617, -0.000365433, -0.00036557257, -0.00036846878, -0.00037085655, -0.00037765884, -0.00038706465, -0.00039903304, -0.00040596194, -0.00042173077, -0.00044000056, -0.0004500999, -0.00047218445, -0.0004967396, -0.0005099926, -0.0005383626, -0.0005691796, -0.00060270727, -0.0006202626, -0.00065737026, -0.00069723645, -0.00071791845, -0.00076109736, -0.000807179, -0.00085515843, -0.00087986013, -0.000931541, -0.0009854743, -0.001012793, -0.0010686677, -0.0011272085, -0.0011570959, -0.001216752, -0.0012767123, -0.0013384535, -0.0013696675, -0.0014309097, -0.0014898159, -0.0015188614, -0.0015771652, -0.001633924, -0.0016855334, -0.001708939, -0.0017523369, -0.0017928784, -0.0018118254, -0.0018445872, -0.0018670755, -0.0018741853, -0.0018819657, -0.0018845891, -0.0018835209, -0.0018809068, -0.0018689226, -0.001846096, -0.0018310118, -0.0017973632, -0.0017661988, -0.001745632, -0.0017408233, -0.0017423449, -0.0017556966, -0.0017649645, -0.0017844139, -0.0018000432, -0.0018050123, -0.0018075743, -0.001799848, -0.0017823615, -0.0017704044, -0.0017410954, -0.0017058785, -0.0016864084, -0.0016441018, -0.0015974289, -0.0015461234, -0.0015186399, -0.0014608491, -0.0014051808, -0.0013839661, -0.0013820798, -0.0014852328
0, -0.0014850043, -0.0013265092, -0.0012610164, -0.0012590842, -0.0012810042, -0.001311095, -0.0013248298, -0.0013477107, -0.0013648381, -0.0013768893, -0.001381047, -0.0013853799, -0.0013843613, -0.001381835, -0.0013726116, -0.0013577588, -0.0013378907, -0.0013266663, -0.0013035563, -0.0012829247, -0.0012749117, -0.0012660164, -0.001268723, -0.0012744169, -0.0012929172, -0.0013172157, -0.0013422924, -0.0013532786, -0.0013689805, -0.0013747372, -0.0013745751, -0.0013717323, -0.0013695052, -0.0013677768, -0.0013653936, -0.0013534097, -0.0013288601, -0.0013121518, -0.0012728141, -0.0012295172, -0.001207206, -0.0011602569, -0.0011086871, -0.0010535565, -0.0010258394, -0.0009714457, -0.0009172234, -0.0008897271, -0.0008351767, -0.0007838425, -0.0007360919, -0.00071277394, -0.0006669125, -0.00062452006, -0.0006051878, -0.0005689459, -0.00053465157, -0.0005187579, -0.00049029174, -0.0004650505, -0.00044254083, -0.00043266692, -0.00041542912, -0.00040082412, -0.00039477897, -0.0003850672, -0.00037796376, -0.00037386693, -0.00037287216, -0.00037271666, -0.0003755034, -0.00037783894, -0.0003843991, -0.00039364598, -0.0004054773, -0.00041233588, -0.00042796027, -0.0004460869, -0.0004561051, -0.0004780772, -0.0005025234, -0.0005157047, -0.0005439439, -0.0005746726, -0.00060806586, -0.0006255764, -0.00066256477, -0.00070233643, -0.00072297925, -0.00076608144, -0.0008120433, -0.00085991004, -0.0008845906, -0.0009361883, -0.0009899987, -0.0010173006, -0.0010730635, -0.0011315069, -0.0011613666, -0.0012209401, -0.001280781, -0.0013424184, -0.0013736063, -0.0014347639, -0.0014935415, -0.001522538, -0.0015807322, -0.001637443, -0.0016889151, -0.0017122591, -0.0017555208, -0.0017959711, -0.0018148957, -0.0018475741, -0.0018699219, -0.0018769689, -0.0018846433, -0.0018871775, -0.0018859967, -0.0018833171, -0.0018712875, -0.0018483485, -0.0018332138, -0.0017995025, -0.0017683285, -0.0017476965, -0.0017428612, -0.0017443175, -0.0017576392, -0.001766875, -0.0017862609, -0.0018018357, -0.0018067278, -0.0018092067, -0.0018014141, -0.0017838395, -0.0017718599, -0.001742466, -0.001707126, -0.0016876103, -0.0016452639, -0.0015985091, -0.0015471138, -0.0015195839, -0.0014616984, -0.0014059558, -0.0013847013, -0.0013826969, -0.0014857766
0, -0.0015472572, -0.0013777205, -0.0013015548, -0.001295161, -0.0013094733, -0.0013329933, -0.0013437233, -0.0013609021, -0.0013728383, -0.0013807388, -0.0013832435, -0.0013850405, -0.0013820044, -0.001378653, -0.0013681009, -0.0013521302, -0.0013307325, -0.0013183634, -0.0012920399, -0.001266821, -0.0012560163, -0.0012407373, -0.0012363908, -0.0012387668, -0.0012521216, -0.0012744818, -0.0013022589, -0.0013165723, -0.0013423535, -0.0013601723, -0.0013654641, -0.001370136, -0.0013702251, -0.0013676406, -0.0013646436, -0.0013524612, -0.0013298983, -0.0013149172, -0.0012793929, -0.0012385738, -0.0012165306, -0.0011687853, -0.0011162404, -0.0010611943, -0.0010339494, -0.0009807043, -0.00092729094, -0.0008999427, -0.00084504957, -0.0007932532, -0.0007456879, -0.00072268146, -0.0006772068, -0.00063440186, -0.0006147663, -0.00057842373, -0.00054432056, -0.0005283601, -0.0004994876, -0.00047405556, -0.0004514462, -0.0004414666, -0.00042391635, -0.0004091561, -0.00040301756, -0.00039307476, -0.00038574505, -0.0003814302, -0.0003803628, -0.00038002883, -0.0003826132, -0.00038483163, -0.00039127338, -0.00040031577, -0.00041197773, -0.00041878238, -0.00043424967, -0.0004522524, -0.00046217514, -0.00048401617, -0.00050830125, -0.00052141584, -0.000549568, -0.00058017106, -0.00061344344, -0.00063087576, -0.00066781003, -0.00070743886, -0.00072800857, -0.0007710046, -0.00081691105, -0.0008646879, -0.00088931783, -0.0009408276, -0.0009945349, -0.0010217591, -0.0010774669, -0.0011358102, -0.001165604, -0.0012250943, -0.0012848593, -0.0013464044, -0.0013775335, -0.0014386, -0.0014972516, -0.0015262299, -0.0015843331, -0.0016408974, -0.0016922444, -0.0017155759, -0.0017587321, -0.0017990884, -0.0018179686, -0.0018504951, -0.0018727724, -0.0018797399, -0.0018873343, -0.0018897535, -0.0018884767, -0.0018857493, -0.0018736367, -0.0018506116, -0.0018354553, -0.0018016426, -0.0017704255, -0.0017497462, -0.0017448626, -0.001746278, -0.0017595508, -0.0017687579, -0.0017881071, -0.0018035949, -0.0018084524, -0.0018108713, -0.001802934, -0.0017853179, -0.0017732854, -0.0017438208, -0.0017084096, -0.0016888648, -0.0016464213, -0.00159959, -0.0015481047, -0.0015205264, -0.001462567, -0.0014067078, -0.0013854022, -0.0013833127, -0.0014863248
0, -0.001673225, -0.0014692114, -0.0013624883, -0.0013461547, -0.0013481912, -0.0013652196, -0.0013738822, -0.001388137, -0.0013978716, -0.0014040382, -0.001405894, -0.0014067028, -0.0014027462, -0.0013988062, -0.0013870274, -0.0013696672, -0.0013466085, -0.0013331053, -0.0013035065, -0.0012737031, -0.0012600601, -0.0012380296, -0.0012256849, -0.0012238908, -0.001229409, -0.0012464707, -0.0012734664, -0.0012894851, -0.0013226151, -0.0013509109, -0.0013614033, -0.0013738036, -0.0013766151, -0.0013730758, -0.0013691625, -0.0013556356, -0.0013326867, -0.0013178838, -0.0012832024, -0.0012437355, -0.0012222813, -0.0011753034, -0.0011229094, -0.0010678567, -0.0010405848, -0.0009874599, -0.0009346846, -0.00090781925, -0.00085376174, -0.00080202956, -0.0007541955, -0.0007312426, -0.0006863408, -0.0006438402, -0.00062414387, -0.0005875064, -0.000553475, -0.0005375581, -0.0005086458, -0.00048302265, -0.00046020566, -0.0004501455, -0.00043253053, -0.00041756596, -0.00041129082, -0.0004011633, -0.0003936337, -0.00038909525, -0.0003878928, -0.00038744207, -0.00038980803, -0.00039194644, -0.00039820813, -0.00040710892, -0.0004185313, -0.00042525106, -0.00044056564, -0.00045841848, -0.00046830502, -0.00048996037, -0.0005141122, -0.00052717526, -0.00055520615, -0.0005856553, -0.0006188355, -0.0006362002, -0.0006730487, -0.00071255286, -0.0007330818, -0.000775954, -0.00082177436, -0.00086946925, -0.0008940558, -0.0009454172, -0.0009990516, -0.0010262306, -0.0010818689, -0.0011400998, -0.001169842, -0.0012292133, -0.0012889268, -0.0013503957, -0.0013814669, -0.0014424132, -0.001500954, -0.00152988, -0.0015878928, -0.0016443778, -0.0016956272, -0.0017188982, -0.001761974, -0.0018021751, -0.0018209824, -0.0018533973, -0.0018756094, -0.001882547, -0.0018899917, -0.0018923174, -0.0018909778, -0.0018882158, -0.0018759717, -0.0018528891, -0.0018377015, -0.0018038076, -0.0017725046, -0.0017517774, -0.0017468744, -0.0017482461, -0.0017614778, -0.001770686, -0.0017899219, -0.0018053455, -0.001810178, -0.0018125206, -0.0018044794, -0.0017867831, -0.0017747132, -0.0017451894, -0.0017097236, -0.001690117, -0.001647567, -0.0016006546, -0.001549083, -0.0015214856, -0.001463424, -0.0014074866, -0.0013861067, -0.0013839032, -0.0014869126
0, -0.0018921995, -0.0015803139, -0.0014099195, -0.0013793237, -0.0013695791, -0.0013841988, -0.0013929388, -0.0014080625, -0.0014189855, -0.0014264212, -0.0014289519, -0.0014313245, -0.001429045, -0.0014258549, -0.0014153826, -0.0013993428, -0.0013775157, -0.0013644487, -0.0013349222, -0.001303809, -0.0012889134, -0.001262995, -0.0012448555, -0.001239374, -0.0012365398, -0.0012453954, -0.0012664279, -0.0012810071, -0.0013148942, -0.0013480808, -0.0013617367, -0.0013799199, -0.0013857054, -0.0013822045, -0.0013777111, -0.0013626905, -0.0013379387, -0.00132199, -0.0012851853, -0.0012450268, -0.0012240541, -0.0011791282, -0.0011284312, -0.001073509, -0.0010458158, -0.0009919516, -0.0009397686, -0.0009137078, -0.0008612887, -0.000809912, -0.0007616432, -0.0007387133, -0.0006945344, -0.00065275666, -0.00063309143, -0.0005962131, -0.0005622204, -0.00054646295, -0.0005176833, -0.0004918709, -0.0004689117, -0.00045883583, -0.0004411756, -0.00042602187, -0.00041957918, -0.00040931624, -0.0004016427, -0.00039681332, -0.00039556055, -0.00039495112, -0.00039705308, -0.00039913887, -0.00040518804, -0.00041393272, -0.00042519972, -0.00043179645, -0.0004469279, -0.00046462496, -0.00047442855, -0.0004959585, -0.0005199625, -0.0005329742, -0.0005608676, -0.0005911793, -0.0006242155, -0.0006415733, -0.0006782685, -0.0007176811, -0.00073814066, -0.0007809172, -0.000826654, -0.0008742167, -0.0008987435, -0.0009500215, -0.0010035726, -0.0010307208, -0.0010862252, -0.0011443732, -0.0011740695, -0.0012333323, -0.001292972, -0.0013543479, -0.001385377, -0.0014462176, -0.0015046832, -0.0015335309, -0.0015914339, -0.0016478162, -0.0016990041, -0.0017221969, -0.001765175, -0.0018052757, -0.0018240222, -0.0018563302, -0.0018784358, -0.0018853418, -0.0018926783, -0.0018949028, -0.001893453, -0.0018906693, -0.0018783122, -0.0018551305, -0.0018399036, -0.0018059934, -0.0017746084, -0.0017537889, -0.0017488824, -0.0017502336, -0.0017634181, -0.0017725719, -0.0017917405, -0.0018070848, -0.0018118924, -0.0018141643, -0.0018060532, -0.0017882526, -0.0017761504, -0.0017465509, -0.0017109978, -0.001691341, -0.0016486984, -0.0016017199, -0.0015500911, -0.0015224393, -0.0014642903, -0.0014082248, -0.0013868066, -0.0013845217, -0.0014874606
0, -0.0022258614, -0.001614755, -0.0013906277, -0.0013566664, -0.0013507308, -0.0013716429, -0.0013832765, -0.0014033633, -0.0014185068, -0.0014299303, -0.0014345538, -0.0014413861, -0.0014439062, -0.0014432844, -0.0014381118, -0.0014277193, -0.0014116827, -0.0014015023, -0.0013772543, -0.0013499301, -0.0013363222, -0.0013113295, -0.0012914999, -0.0012840001, -0.0012747273, -0.0012747705, -0.001286584, -0.0012972134, -0.0013256243, -0.001356965, -0.0013707556, -0.0013899701, -0.0013961708, -0.001391661, -0.0013863896, -0.0013700086, -0.0013440546, -0.0013272504, -0.0012878347, -0.0012451559, -0.0012236595, -0.0011796351, -0.0011311471, -0.0010775984, -0.0010499654, -0.0009956413, -0.00094351097, -0.00091782305, -0.0008667898, -0.00081668585, -0.00076877413, -0.0007458585, -0.00070184155, -0.0006607088, -0.0006413439, -0.000604868, -0.0005708526, -0.000555033, -0.0005263496, -0.00050077494, -0.000477698, -0.00046747996, -0.00044966693, -0.00043457368, -0.00042799744, -0.00041744026, -0.00040973382, -0.00040463483, -0.00040328136, -0.0004025036, -0.0004043787, -0.00040637312, -0.0004122372, -0.00042077992, -0.0004319009, -0.0004383998, -0.00045336998, -0.00047086374, -0.00048059912, -0.0005019954, -0.00052583154, -0.0005387516, -0.00056652486, -0.00059672457, -0.00062964647, -0.0006469287, -0.0006835116, -0.0007228289, -0.0007432102, -0.0007859113, -0.0008315079, -0.00087896216, -0.0009034273, -0.00095462415, -0.001008087, -0.001035198, -0.0010905955, -0.0011486486, -0.0011782994, -0.0012374863, -0.0012969938, -0.0013582956, -0.001389282, -0.0014500224, -0.0015083946, -0.001537218, -0.001595025, -0.0016512424, -0.0017023326, -0.0017254776, -0.0017683404, -0.0018083755, -0.0018270694, -0.0018592663, -0.0018812437, -0.0018880907, -0.0018953925, -0.001897508, -0.0018959236, -0.0018930861, -0.0018806709, -0.0018573832, -0.0018421293, -0.0018081311, -0.0017767209, -0.0017558411, -0.0017508966, -0.0017522109, -0.0017653346, -0.0017744403, -0.0017935744, -0.0018088281, -0.001813583, -0.0018157958, -0.0018076132, -0.0017897354, -0.001777593, -0.0017479033, -0.0017122526, -0.0016925756, -0.0016498652, -0.0016027831, -0.0015510798, -0.0015233911, -0.0014651486, -0.0014089702, -0.0013875187, -0.00138513, -0.00148802
0, 0, -0.0014135862, -0.0013100363, -0.0012959405, -0.0013093033, -0.0013406321, -0.0013561315, -0.0013825971, -0.001402888, -0.001418846, -0.0014255894, -0.0014364518, -0.0014431237, -0.0014447728, -0.0014448012, -0.0014405622, -0.0014319756, -0.0014259758, -0.0014105905, -0.0013922201, -0.0013828906, -0.0013655655, -0.0013512314, -0.0013452548, -0.001335857, -0.0013312455, -0.0013347483, -0.0013405139, -0.0013591752, -0.0013822919, -0.0013926408, -0.0014062362, -0.0014077796, -0.0013993767, -0.0013926534, -0.0013748294, -0.0013491426, -0.001332491, -0.0012920595, -0.001246475, -0.0012234756, -0.0011779633, -0.0011307396, -0.001079391, -0.0010525985, -0.0009990772, -0.0009469969, -0.0009213223, -0.000870716, -0.00082187343, -0.00077540067, -0.0007528659, -0.0007089843, -0.0006678924, -0.0006487863, -0.0006131121, -0.00057950633, -0.00056358636, -0.0005347214, -0.0005095027, -0.00048653077, -0.00047613378, -0.00045815404, -0.00044308227, -0.0004364262, -0.0004256502, -0.0004178118, -0.0004125186, -0.00041106506, -0.00041012984, -0.0004117307, -0.00041365647, -0.000419339, -0.00042766746, -0.00043860005, -0.0004450264, -0.00045981022, -0.00047719124, -0.00048682033, -0.0005080203, -0.00053175195, -0.0005445787, -0.0005721903, -0.00060226803, -0.0006351023, -0.0006522916, -0.0006887578, -0.0007279369, -0.00074829225, -0.00079087797, -0.0008363587, -0.00088371034, -0.0009081373, -0.0009592574, -0.0010126105, -0.001039653, -0.0010949759, -0.0011529085, -0.0011825241, -0.0012416472, -0.0013010369, -0.001362194, -0.001393138, -0.0014538314, -0.0015120889, -0.0015409003, -0.0015985653, -0.0016546997, -0.001705674, -0.0017287714, -0.001771516, -0.0018114371, -0.0018300931, -0.0018622081, -0.0018840428, -0.001890848, -0.0018980647, -0.0019000748, -0.0018984358, -0.0018955276, -0.0018830304, -0.001859665, -0.0018443665, -0.0018102771, -0.0017788025, -0.001757884, -0.0017529158, -0.0017542052, -0.0017672409, -0.0017763246, -0.0017953867, -0.0018105756, -0.0018152798, -0.0018174073, -0.0018092099, -0.0017911975, -0.0017790257, -0.0017492817, -0.0017135418, -0.001693814, -0.0016510204, -0.0016038847, -0.0015520684, -0.001524335, -0.0014659838, -0.0014097556, -0.0013882322, -0.0013857273, -0.0014885851
0, 0, -0.001420803, -0.0012976058, -0.0012776778, -0.0012865269, -0.0013196713, -0.0013369907, -0.0013678675, -0.001392119, -0.0014111695, -0.0014189533, -0.0014310251, -0.0014381027, -0.0014398873, -0.0014407774, -0.0014390021, -0.001435318, -0.0014327221, -0.0014260277, -0.0014181522, -0.0014144904, -0.0014087027, -0.0014051042, -0.0014037519, -0.0014009115, -0.00139837, -0.0013990012, -0.001401577, -0.0014115244, -0.0014241537, -0.00142917, -0.0014321927, -0.00142393, -0.0014074866, -0.0013977078, -0.0013765296, -0.0013509018, -0.0013351304, -0.0012960662, -0.0012495781, -0.0012253387, -0.0011771967, -0.0011291348, -0.0010788216, -0.0010530023, -0.0010013721, -0.0009505908, -0.0009252423, -0.0008745993, -0.0008259524, -0.0007808079, -0.0007591407, -0.00071631605, -0.0006750652, -0.0006559349, -0.00062081264, -0.0005879997, -0.000572157, -0.0005431051, -0.0005180193, -0.0004952438, -0.00048481862, -0.00046667946, -0.00045160516, -0.00044488022, -0.00043382787, -0.0004259744, -0.000420408, -0.00041881987, -0.00041777827, -0.00041914327, -0.00042096127, -0.00042648474, -0.00043461754, -0.0004453459, -0.0004516774, -0.0004662869, -0.00048350875, -0.0004930689, -0.0005140876, -0.000537691, -0.0005504536, -0.0005778907, -0.0006078379, -0.000640532, -0.0006576677, -0.00069398846, -0.00073306076, -0.0007533552, -0.00079585443, -0.00084121514, -0.00088850094, -0.0009128548, -0.0009638866, -0.0010171322, -0.001044106, -0.0010993456, -0.0011571974, -0.0011867686, -0.0012458056, -0.001305071, -0.0013661453, -0.0013970257, -0.0014576295, -0.0015158087, -0.0015445343, -0.001602098, -0.0016581443, -0.0017090385, -0.0017320921, -0.0017747164, -0.0018145026, -0.001833136, -0.0018651317, -0.0018868743, -0.0018936263, -0.0019006957, -0.0019026513, -0.0019009324, -0.0018979564, -0.0018853832, -0.001861937, -0.0018465988, -0.0018124304, -0.001780887, -0.0017599263, -0.0017549476, -0.0017561731, -0.0017691498, -0.0017782098, -0.0017972124, -0.0018123343, -0.001817022, -0.0018190519, -0.0018107591, -0.0017927042, -0.0017804743, -0.001750621, -0.0017148111, -0.001695047, -0.0016521679, -0.0016049723, -0.0015530842, -0.0015252962, -0.0014668638, -0.001410505, -0.0013889355, -0.0013863469, -0.0014891397
0, 0, -0.0015740377, -0.0013530962, -0.0013071267, -0.001293959, -0.0013239933, -0.0013425603, -0.0013774396, -0.0014057674, -0.0014274699, -0.0014358959, -0.0014478852, -0.0014533048, -0.0014537687, -0.0014515669, -0.0014471285, -0.0014425749, -0.0014404167, -0.0014365222, -0.0014339479, -0.0014336685, -0.0014360374, -0.0014418429, -0.0014453479, -0.0014516709, -0.0014563153, -0.0014604538, -0.0014630177, -0.0014691388, -0.0014738019, -0.0014737982, -0.0014657045, -0.0014462493, -0.0014199296, -0.0014061983, -0.0013793408, -0.0013513345, -0.0013353726, -0.0012973358, -0.0012517961, -0.0012275531, -0.001178696, -0.0011294608, -0.0010784748, -0.0010526008, -0.0010019175, -0.00095325743, -0.00092901365, -0.00087942823, -0.00083035225, -0.0007853897, -0.00076445274, -0.00072335755, -0.0006825725, -0.00066327996, -0.00062831916, -0.00059619563, -0.00058059377, -0.00055150205, -0.0005265173, -0.0005039305, -0.0004934063, -0.0004751191, -0.0004601185, -0.0004533691, -0.00044203206, -0.00043405415, -0.0004284026, -0.00042662874, -0.00042539614, -0.00042657895, -0.00042828367, -0.0004336209, -0.00044156055, -0.00045210755, -0.00045833676, -0.0004727782, -0.0004897921, -0.0004992745, -0.0005201774, -0.00054359453, -0.0005562973, -0.00058359135, -0.00061342947, -0.0006459539, -0.0006630388, -0.00069924665, -0.000738212, -0.00075845956, -0.0008008172, -0.00084606465, -0.00089325215, -0.00091759814, -0.00096851157, -0.0010216411, -0.0010485806, -0.001103714, -0.0011614925, -0.0011909831, -0.0012499144, -0.001309118, -0.0013701251, -0.0014009435, -0.0014613908, -0.0015194786, -0.0015481411, -0.0016056638, -0.0016616095, -0.001712363, -0.0017353565, -0.0017779181, -0.0018176114, -0.0018361724, -0.0018680737, -0.0018897288, -0.0018963973, -0.0019033696, -0.0019052107, -0.001903408, -0.0019004066, -0.0018877377, -0.0018642014, -0.0018488279, -0.001814575, -0.0017829869, -0.0017620055, -0.0017569973, -0.0017581227, -0.0017710703, -0.0017801253, -0.0017990553, -0.0018141065, -0.0018187523, -0.0018206891, -0.0018123108, -0.0017941789, -0.0017819036, -0.0017519469, -0.0017161083, -0.0016963033, -0.0016533423, -0.0016060504, -0.0015540763, -0.001526258, -0.0014677339, -0.0014112449, -0.0013896273, -0.0013869603, -0.0014897155
0, 0, -0.0017432566, -0.0013945233, -0.0013333327, -0.0013157917, -0.0013514385, -0.0013735794, -0.0014154307, -0.0014497116, -0.0014756392, -0.0014854582, -0.0014987617, -0.0015035815, -0.0015029939, -0.0014972533, -0.0014878392, -0.0014775994, -0.0014727786, -0.0014644162, -0.0014586535, -0.0014574239, -0.0014596411, -0.0014678008, -0.0014734704, -0.0014855587, -0.0014966342, -0.0015060926, -0.0015102298, -0.0015164677, -0.0015170795, -0.001513813, -0.0014980115, -0.0014705381, -0.0014369255, -0.0014200746, -0.001387909, -0.0013556832, -0.0013380048, -0.0012975655, -0.001251459, -0.001227563, -0.0011800516, -0.0011320718, -0.0010810518, -0.0010545294, -0.0010026384, -0.00095462025, -0.0009315935, -0.0008845741, -0.0008360559, -0.00079054653, -0.00076966966, -0.00072984543, -0.00069013034, -0.00067092746, -0.00063597644, -0.000604326, -0.00058897136, -0.00055992964, -0.0005349597, -0.000512594, -0.0005020405, -0.00048355563, -0.00046853427, -0.0004618132, -0.0004502449, -0.00044212828, -0.00043631715, -0.00043445278, -0.0004330547, -0.00043402088, -0.0004356017, -0.00044077542, -0.00044847286, -0.000458879, -0.00046501568, -0.0004792966, -0.00049613544, -0.00050550874, -0.00052625104, -0.00054952287, -0.00056217745, -0.0005892883, -0.0006189953, -0.0006514049, -0.00066842797, -0.000704516, -0.00074337044, -0.00076355675, -0.00080577773, -0.0008509477, -0.0008979994, -0.00092230504, -0.0009731087, -0.0010261558, -0.0010530782, -0.0011081093, -0.0011657799, -0.0011952275, -0.001254038, -0.0013131602, -0.0013740456, -0.0014048396, -0.0014652022, -0.0015231654, -0.0015517566, -0.0016092216, -0.0016650519, -0.0017156971, -0.0017386444, -0.0017810948, -0.0018207437, -0.0018392218, -0.0018710005, -0.0018925348, -0.0018991627, -0.0019060848, -0.0019077746, -0.0019058725, -0.0019028498, -0.0018900657, -0.0018664758, -0.0018510454, -0.0018167526, -0.0017851071, -0.0017640905, -0.0017590302, -0.0017600796, -0.0017730078, -0.0017820277, -0.001800889, -0.0018158546, -0.0018204773, -0.0018223402, -0.0018138745, -0.0017956562, -0.0017833333, -0.0017533244, -0.0017173914, -0.0016975561, -0.001654536, -0.0016071332, -0.0015550605, -0.0015271839, -0.0014685866, -0.0014120329, -0.0013903397, -0.001387586, -0.0014902637
0, 0, -0.0014816539, -0.0013607708, -0.0013327847, -0.0013418262, -0.0013890056, -0.0014152544, -0.0014639961, -0.00150421, -0.0015351141, -0.0015470068, -0.001563862, -0.0015709529, -0.0015708898, -0.0015648599, -0.0015532769, -0.0015391888, -0.0015319884, -0.0015180452, -0.001506275, -0.0015019285, -0.0014979375, -0.0015011323, -0.001505033, -0.0015150699, -0.00152556, -0.0015349175, -0.0015389437, -0.00154438, -0.0015432996, -0.001538997, -0.0015210537, -0.001491473, -0.001455499, -0.0014371872, -0.0014016521, -0.0013652297, -0.0013452519, -0.0013005343, -0.0012517693, -0.0012274514, -0.001180838, -0.001135006, -0.0010853773, -0.0010588922, -0.0010057419, -0.00095696666, -0.000934344, -0.000889424, -0.0008422993, -0.00079659873, -0.0007756778, -0.0007365687, -0.00069777516, -0.0006786959, -0.00064367376, -0.0006126058, -0.0005975179, -0.0005684516, -0.0005432904, -0.0005212504, -0.0005107816, -0.00049204036, -0.00047685197, -0.00047018865, -0.0004585014, -0.0004501407, -0.00044424008, -0.00044223058, -0.00044063132, -0.00044149728, -0.00044289485, -0.00044792966, -0.00045538982, -0.00046562628, -0.00047169387, -0.00048578985, -0.0005024549, -0.00051174924, -0.00053231796, -0.000555419, -0.0005680079, -0.0005950267, -0.0006245672, -0.00065688026, -0.00067384634, -0.0007097642, -0.00074849866, -0.0007686224, -0.00081075967, -0.0008558631, -0.0009027933, -0.00092702766, -0.0009777058, -0.0010306784, -0.0010575517, -0.0011124864, -0.0011700497, -0.0011994649, -0.0012581937, -0.0013171788, -0.0013779791, -0.0014087285, -0.0014689992, -0.0015268468, -0.0015554067, -0.0016127286, -0.0016684844, -0.0017190402, -0.0017419436, -0.0017843032, -0.0018237992, -0.00184224, -0.001873927, -0.0018953689, -0.0019019427, -0.0019087348, -0.0019103752, -0.0019083509, -0.001905276, -0.0018924314, -0.0018687494, -0.0018532756, -0.0018189435, -0.001787229, -0.0017661118, -0.0017610331, -0.0017620749, -0.0017749518, -0.0017839213, -0.0018027095, -0.001817615, -0.0018222005, -0.0018240097, -0.001815417, -0.0017971413, -0.001784795, -0.001754715, -0.0017186854, -0.001698819, -0.0016556989, -0.0016082028, -0.001556059, -0.0015281546, -0.0014694378, -0.0014128006, -0.0013910644, -0.0013882107, -0.0014908419
0, 0, -0.0015786237, -0.0014212482, -0.0013800336, -0.0013733133, -0.0014149277, -0.0014407667, -0.001491431, -0.0015354154, -0.0015711467, -0.0015858876, -0.0016086922, -0.0016220829, -0.0016251233, -0.0016247276, -0.0016175255, -0.0016061562, -0.0015994334, -0.0015848547, -0.0015698533, -0.0015628246, -0.0015514892, -0.0015456056, -0.0015448186, -0.0015465264, -0.0015501846, -0.0015542395, -0.0015561137, -0.0015585012, -0.0015559932, -0.0015515393, -0.0015340883, -0.0015056485, -0.0014703696, -0.0014519421, -0.0014152976, -0.0013769645, -0.0013558393, -0.001308447, -0.0012566873, -0.0012310573, -0.0011829135, -0.0011375627, -0.0010898901, -0.0010643178, -0.0010116526, -0.00096185063, -0.0009388256, -0.0008945033, -0.0008488249, -0.0008035881, -0.00078266294, -0.00074379327, -0.0007057312, -0.0006868062, -0.00065170566, -0.00062086567, -0.0006060424, -0.00057720876, -0.0005518088, -0.00052982866, -0.0005194195, -0.0005005856, -0.0004852671, -0.0004785298, -0.00046669596, -0.00045811254, -0.00045218147, -0.00045002822, -0.0004481449, -0.0004489275, -0.00045020302, -0.0004550132, -0.0004623237, -0.00047232272, -0.0004783163, -0.0004922538, -0.00050876156, -0.00051797164, -0.0005383805, -0.0005613527, -0.0005738303, -0.00060075935, -0.0006301527, -0.0006622981, -0.0006791896, -0.00071505917, -0.0007536556, -0.000773697, -0.00081572734, -0.00086074707, -0.0009075847, -0.0009317232, -0.0009823458, -0.0010352213, -0.0010620138, -0.0011168582, -0.001174308, -0.0012036825, -0.0012623401, -0.0013212374, -0.001381945, -0.0014126366, -0.0014727549, -0.0015305377, -0.0015590887, -0.0016162682, -0.0016719371, -0.0017223835, -0.0017452628, -0.0017874748, -0.0018268707, -0.0018452727, -0.0018768536, -0.0018981964, -0.0019047213, -0.0019113721, -0.0019129717, -0.0019108667, -0.0019077399, -0.0018947974, -0.0018710133, -0.0018555177, -0.0018211278, -0.0017893276, -0.0017681629, -0.0017630581, -0.001764087, -0.0017768728, -0.0017858145, -0.0018045547, -0.0018193836, -0.0018239198, -0.0018256488, -0.0018169896, -0.0017986215, -0.001786238, -0.0017560956, -0.0017199647, -0.0017000498, -0.0016568789, -0.0016093043, -0.0015570845, -0.0015291347, -0.0014703082, -0.0014135501, -0.0013917851, -0.0013888202, -0.0014914197
0, 0, -0.0018179172, -0.0015324184, -0.001442166, -0.0013827437, -0.0014057581, -0.0014283583, -0.0014782948, -0.0015256901, -0.0015670833, -0.0015851483, -0.0016158352, -0.0016383096, -0.0016461371, -0.0016553247, -0.0016570393, -0.0016530112, -0.0016492008, -0.0016382111, -0.0016237784, -0.0016157837, -0.0015999784, -0.0015866939, -0.0015817024, -0.0015750253, -0.0015713025, -0.0015693763, -0.001568866, -0.0015679044, -0.0015640296, -0.001559419, -0.0015424606, -0.0015150491, -0.0014807733, -0.0014625879, -0.0014258261, -0.0013872705, -0.0013661139, -0.001318643, -0.0012660751, -0.0012395828, -0.0011892, -0.0011422269, -0.001094819, -0.0010699808, -0.0010188968, -0.0009692261, -0.0009458303, -0.00090107846, -0.00085608714, -0.00081135234, -0.0007904186, -0.0007517472, -0.000714218, -0.0006954635, -0.000660226, -0.00062928215, -0.0006146663, -0.0005860768, -0.00056045776, -0.0005384607, -0.0005281073, -0.0005090804, -0.0004936345, -0.00048691046, -0.00047488115, -0.0004660233, -0.00045997722, -0.00045780555, -0.0004556417, -0.00045629335, -0.0004574895, -0.00046206874, -0.000469268, -0.00047901907, -0.00048495264, -0.00049866166, -0.00051505846, -0.0005241949, -0.00054446625, -0.0005672691, -0.00057967997, -0.00060646574, -0.00063572486, -0.00066773436, -0.0006845609, -0.000720334, -0.00075882534, -0.00077883777, -0.0008207333, -0.0008656052, -0.0009123651, -0.0009364775, -0.0009869854, -0.0010397317, -0.0010664932, -0.0011212409, -0.0011786018, -0.0012079221, -0.0012664597, -0.0013253186, -0.0013858731, -0.0014165248, -0.0014765318, -0.001534237, -0.0015627377, -0.0016198539, -0.0016753832, -0.0017257293, -0.0017485258, -0.0017906437, -0.0018299602, -0.0018482986, -0.001879782, -0.0019010234, -0.0019075071, -0.0019140559, -0.0019155242, -0.0019133524, -0.0019101759, -0.001897167, -0.001873314, -0.0018577754, -0.0018232894, -0.0017914582, -0.0017702195, -0.0017651117, -0.0017660913, -0.0017787698, -0.0017876842, -0.0018064015, -0.0018211587, -0.0018256335, -0.001827286, -0.0018185589, -0.0018001162, -0.0017876808, -0.001757456, -0.0017212458, -0.0017012833, -0.0016580606, -0.0016104083, -0.0015581108, -0.0015300973, -0.0014712043, -0.001414337, -0.0013925008, -0.0013894248, -0.0014919891
0, 0, -0.0021596043, -0.0015688273, -0.0014318846, -0.0013418758, -0.0013599477, -0.0013829812, -0.0014357697, -0.0014877092, -0.0015344141, -0.0015554252, -0.0015923444, -0.001621917, -0.0016336921, -0.0016508966, -0.0016602197, -0.0016628094, -0.0016617374, -0.0016549478, -0.0016430909, -0.0016358135, -0.0016204022, -0.0016061547, -0.0016002568, -0.0015912896, -0.0015851724, -0.0015805091, -0.0015786391, -0.0015756282, -0.0015709518, -0.001566441, -0.0015502487, -0.0015235433, -0.0014896721, -0.0014715146, -0.0014345049, -0.001395809, -0.0013749133, -0.0013284638, -0.0012768751, -0.0012504861, -0.0011993963, -0.0011508791, -0.001102436, -0.0010775502, -0.0010270645, -0.000977811, -0.00095439825, -0.00090959406, -0.0008649902, -0.0008203446, -0.0007991437, -0.0007601648, -0.00072326156, -0.000704822, -0.00066933763, -0.0006380228, -0.00062343857, -0.0005951049, -0.0005693417, -0.00054706546, -0.00053677976, -0.00051766506, -0.0005019263, -0.0004951488, -0.0004831315, -0.00047394718, -0.00046771806, -0.0004654927, -0.00046308915, -0.00046360574, -0.00046474833, -0.00046905538, -0.00047610336, -0.00048570905, -0.0004915566, -0.00050509715, -0.0005212942, -0.000530397, -0.00055051746, -0.0005732001, -0.0005855208, -0.00061213964, -0.0006412895, -0.0006732054, -0.0006899739, -0.00072560325, -0.00076398026, -0.000783939, -0.0008257496, -0.00087049505, -0.00091714243, -0.0009412278, -0.0009915952, -0.0010442506, -0.0010709597, -0.0011256143, -0.0011828921, -0.001212171, -0.0012706025, -0.0013293269, -0.0013898289, -0.0014204181, -0.0014803684, -0.001537945, -0.0015663847, -0.0016234029, -0.0016788401, -0.0017290713, -0.001751795, -0.0017938687, -0.0018330291, -0.0018513141, -0.001882723, -0.0019038409, -0.0019102639, -0.0019167518, -0.0019181067, -0.0019158401, -0.0019126349, -0.0018995347, -0.0018756005, -0.0018600462, -0.0018254749, -0.0017935655, -0.0017723094, -0.0017671632, -0.001768072, -0.0017807252, -0.0017896186, -0.0018082247, -0.0018229244, -0.0018273882, -0.0018289166, -0.0018201143, -0.0018016163, -0.0017891598, -0.0017588208, -0.0017225662, -0.0017025501, -0.0016592211, -0.0016115087, -0.0015591071, -0.0015310554, -0.0014720862, -0.0014151239, -0.0013932204, -0.0013900597, -0.0014925706
0, 0, 0, -0.0013686952, -0.0013109791, -0.0012775001, -0.0013132296, -0.0013407329, -0.0013989268, -0.0014537289, -0.0015022963, -0.0015238752, -0.0015618871, -0.0015926902, -0.0016052204, -0.0016242823, -0.0016354934, -0.0016396127, -0.0016391047, -0.0016333075, -0.0016225575, -0.0016161377, -0.0016032497, -0.001592829, -0.0015892565, -0.001585414, -0.001584208, -0.0015830952, -0.0015823276, -0.0015803815, -0.0015766075, -0.0015727687, -0.0015581499, -0.0015325346, -0.001498704, -0.0014803335, -0.0014427092, -0.0014039109, -0.0013833216, -0.0013382966, -0.0012883444, -0.0012624826, -0.0012114504, -0.0011621825, -0.0011130755, -0.0010880862, -0.0010375105, -0.0009880222, -0.00096437155, -0.00091920764, -0.00087514863, -0.00083087344, -0.00080941484, -0.0007695985, -0.00073261623, -0.0007143982, -0.00067911495, -0.0006473666, -0.00063264975, -0.00060430536, -0.0005783077, -0.00055586005, -0.0005455262, -0.00052630354, -0.0005101919, -0.00050336105, -0.0004912927, -0.00048184142, -0.0004754798, -0.0004731553, -0.0004705327, -0.00047083927, -0.00047193718, -0.00047601567, -0.00048290537, -0.0004923665, -0.00049810804, -0.0005115255, -0.0005275306, -0.00053655944, -0.0005565346, -0.0005790764, -0.00059136737, -0.00061781844, -0.00064687955, -0.0006786717, -0.00069537724, -0.000730873, -0.0007691246, -0.00078904716, -0.00083078636, -0.00087540003, -0.0009219082, -0.00094592874, -0.0009962457, -0.0010487958, -0.0010754701, -0.0011299952, -0.001187198, -0.0012164112, -0.0012747502, -0.0013333638, -0.0013937665, -0.0014243155, -0.0014842129, -0.0015416703, -0.0015700557, -0.0016269473, -0.0016822948, -0.0017324399, -0.001755108, -0.001797037, -0.0018361219, -0.0018543921, -0.0018856485, -0.0019066883, -0.0019130477, -0.0019194428, -0.0019207167, -0.0019183735, -0.0019151312, -0.0019018948, -0.0018778655, -0.0018622774, -0.0018276542, -0.001795678, -0.0017743697, -0.0017692192, -0.0017700485, -0.0017826883, -0.0017915445, -0.0018100402, -0.0018246799, -0.0018291133, -0.0018305712, -0.0018217113, -0.0018031098, -0.0017906033, -0.0017601963, -0.0017238503, -0.0017038035, -0.0016604083, -0.0016126228, -0.0015601245, -0.0015320296, -0.0014729493, -0.001415888, -0.0013939531, -0.0013907097, -0.00149315
0, 0, 0, -0.0013682911, -0.0013095421, -0.0012773568, -0.0013142125, -0.0013419233, -0.0013990356, -0.0014512946, -0.0014961229, -0.0015156167, -0.0015487302, -0.0015742304, -0.0015842015, -0.0015983639, -0.0016051594, -0.0016052064, -0.0016028923, -0.0015940394, -0.001581159, -0.0015741474, -0.0015614963, -0.0015539359, -0.0015528802, -0.0015559059, -0.0015632595, -0.0015709149, -0.0015739807, -0.001578094, -0.0015782564, -0.0015760816, -0.0015642769, -0.0015406382, -0.0015073018, -0.0014887477, -0.0014508438, -0.0014125258, -0.0013926201, -0.0013495223, -0.0013012569, -0.001275823, -0.0012244041, -0.0011744115, -0.0011253813, -0.0011007288, -0.0010506917, -0.0010006293, -0.000976323, -0.0009300607, -0.00088610855, -0.00084254146, -0.0008210265, -0.0007802977, -0.0007426522, -0.0007244941, -0.00068932876, -0.0006571268, -0.00064223487, -0.0006137988, -0.00058750494, -0.00056471524, -0.0005543661, -0.00053503294, -0.000518519, -0.0005115608, -0.0004994163, -0.00048971316, -0.00048314972, -0.0004808045, -0.00047793164, -0.00047800876, -0.00047903802, -0.00048297047, -0.0004896895, -0.0004989857, -0.00050463807, -0.00051791343, -0.0005337489, -0.00054270215, -0.0005625595, -0.0005849459, -0.0005971831, -0.00062354776, -0.00065242185, -0.00068408507, -0.0007007425, -0.00073614664, -0.0007743142, -0.0007941693, -0.00083575613, -0.0008802898, -0.00092670403, -0.0009506573, -0.0010008869, -0.0010533521, -0.0010799735, -0.0011344141, -0.001191505, -0.0012206564, -0.0012789015, -0.001337441, -0.0013977204, -0.0014281949, -0.0014880294, -0.0015454073, -0.0015737235, -0.0016305182, -0.0016857495, -0.0017357867, -0.0017584254, -0.0018002458, -0.001839259, -0.0018574367, -0.0018885843, -0.0019095201, -0.0019158437, -0.0019221461, -0.0019233362, -0.001920898, -0.0019175765, -0.0019042665, -0.0018801584, -0.0018645261, -0.0018298225, -0.0017978104, -0.0017764495, -0.0017712767, -0.0017720468, -0.0017845929, -0.0017934194, -0.0018118855, -0.0018264606, -0.0018308264, -0.0018322548, -0.0018233127, -0.0018046035, -0.0017920686, -0.0017615715, -0.001725156, -0.0017050751, -0.0016615889, -0.0016137272, -0.001561156, -0.001533019, -0.0014738136, -0.0014166645, -0.0013946836, -0.0013913396, -0.0014937453
0, 0, 0, -0.0015151905, -0.0014278741, -0.0013521718, -0.0013659521, -0.0013866875, -0.0014339708, -0.0014784365, -0.0015157184, -0.0015313805, -0.0015562181, -0.0015727013, -0.001578059, -0.0015832122, -0.001581627, -0.0015742717, -0.0015688383, -0.0015551953, -0.0015391831, -0.0015310305, -0.001517402, -0.0015106744, -0.0015108493, -0.0015181318, -0.0015320417, -0.001547792, -0.0015549066, -0.0015662159, -0.0015717414, -0.0015716305, -0.001563806, -0.0015438786, -0.0015133705, -0.0014958231, -0.0014592495, -0.0014223127, -0.0014031918, -0.0013619548, -0.0013154476, -0.0012905105, -0.0012388764, -0.0011878733, -0.001138553, -0.0011142, -0.001065165, -0.001015427, -0.0009907172, -0.0009429529, -0.0008979999, -0.00085459783, -0.0008332691, -0.00079217664, -0.0007538364, -0.0007353794, -0.0006998196, -0.00066725974, -0.0006522136, -0.00062359433, -0.0005969255, -0.00057369325, -0.00056327914, -0.00054383324, -0.0005269361, -0.00051978824, -0.0005075761, -0.0004975607, -0.0004907394, -0.0004883699, -0.0004852752, -0.00048513693, -0.0004861211, -0.0004899031, -0.00049644447, -0.00050558854, -0.0005111254, -0.0005242907, -0.0005400241, -0.0005488475, -0.00056857493, -0.0005908524, -0.0006029953, -0.0006292596, -0.000657983, -0.0006895305, -0.00070612074, -0.0007414491, -0.00077950826, -0.00079927646, -0.0008407272, -0.00088519475, -0.00093150506, -0.0009554242, -0.0010055209, -0.0010579078, -0.0010844645, -0.0011388338, -0.0011958069, -0.001224953, -0.0012830802, -0.0013414759, -0.001401697, -0.0014321259, -0.0014918167, -0.0015491191, -0.001577395, -0.0016340698, -0.0016891939, -0.0017391432, -0.0017617389, -0.0018034576, -0.0018423733, -0.0018604946, -0.0018915377, -0.0019123452, -0.0019186462, -0.0019248701, -0.0019259577, -0.0019233966, -0.0019200302, -0.0019066534, -0.0018824819, -0.0018667986, -0.0018320188, -0.0017999521, -0.0017785281, -0.0017733318, -0.0017740534, -0.0017865347, -0.0017953241, -0.00181375, -0.0018282356, -0.0018325784, -0.0018339186, -0.001824886, -0.0018061294, -0.0017935544, -0.001762957, -0.0017264703, -0.0017063653, -0.0016627756, -0.0016148433, -0.0015621611, -0.0015339806, -0.0014747025, -0.0014174561, -0.0013954144, -0.0013919591, -0.0014943416
0, 0, 0, -0.0017444305, -0.0015952573, -0.0014403062, -0.0014199854, -0.0014317998, -0.001468217, -0.0015052167, -0.0015358084, -0.0015480568, -0.0015657766, -0.0015743825, -0.0015756137, -0.0015724003, -0.0015628648, -0.0015485996, -0.0015404788, -0.0015230096, -0.0015051399, -0.0014967168, -0.0014828796, -0.0014766254, -0.0014772441, -0.0014861608, -0.001502878, -0.0015226592, -0.0015320986, -0.00154787, -0.001557595, -0.0015595782, -0.001556395, -0.001541646, -0.0015158922, -0.001500364, -0.0014668569, -0.0014319994, -0.0014137889, -0.0013743798, -0.0013299523, -0.0013058075, -0.0012551002, -0.001203591, -0.0011534024, -0.0011287718, -0.0010797818, -0.0010307218, -0.0010062844, -0.0009581414, -0.0009117625, -0.0008672977, -0.00084578426, -0.00080454326, -0.0007659444, -0.0007472306, -0.0007109387, -0.00067761046, -0.00066239317, -0.0006337142, -0.00060662476, -0.0005827514, -0.0005722038, -0.00055265817, -0.00053539325, -0.0005280356, -0.00051567896, -0.0005055022, -0.00049828127, -0.0004958231, -0.00049269455, -0.0004922591, -0.0004931155, -0.0004967834, -0.0005031344, -0.0005121815, -0.0005175959, -0.0005306532, -0.00054624863, -0.0005550405, -0.0005745792, -0.00059672224, -0.00060879526, -0.0006349268, -0.0006635834, -0.0006949768, -0.0007115481, -0.00074672705, -0.0007846685, -0.0008044049, -0.00084574905, -0.00089007744, -0.00093631336, -0.0009601949, -0.0010102247, -0.0010624586, -0.0010889678, -0.0011432336, -0.0012001266, -0.00122919, -0.0012872411, -0.0013455555, -0.0014056781, -0.0014360732, -0.0014956251, -0.0015528371, -0.0015810523, -0.0016376592, -0.0016926824, -0.001742508, -0.0017650361, -0.0018066732, -0.0018454636, -0.0018635447, -0.001894493, -0.0019152127, -0.0019214717, -0.0019275702, -0.0019285515, -0.0019259233, -0.0019225293, -0.0019090468, -0.0018847857, -0.0018690679, -0.0018342248, -0.0018020651, -0.001780613, -0.0017753715, -0.0017760596, -0.0017884758, -0.0017972548, -0.0018156143, -0.0018300136, -0.0018343382, -0.0018355825, -0.0018264959, -0.0018076424, -0.0017950063, -0.0017643777, -0.0017277754, -0.0017076328, -0.0016640024, -0.0016159464, -0.0015631848, -0.001534969, -0.0014755888, -0.0014182442, -0.0013961514, -0.0013925959, -0.0014949259
0, 0, 0, -0.0019390945, -0.001685678, -0.0014623316, -0.0014269722, -0.0014362646, -0.0014702065, -0.0015053342, -0.0015339592, -0.0015450673, -0.0015603142, -0.0015661599, -0.0015659153, -0.0015599316, -0.0015477845, -0.0015311597, -0.0015220097, -0.001503286, -0.0014851898, -0.0014769321, -0.0014634269, -0.0014567367, -0.001456927, -0.0014647439, -0.0014805135, -0.001499763, -0.0015091152, -0.0015253696, -0.0015371226, -0.0015410415, -0.0015434843, -0.0015360895, -0.0015174592, -0.001504741, -0.0014752152, -0.0014417903, -0.0014238033, -0.0013850469, -0.0013422841, -0.0013194067, -0.0012712289, -0.0012214398, -0.0011712487, -0.0011459938, -0.0010952346, -0.0010454044, -0.0010213188, -0.0009741318, -0.000927465, -0.0008814896, -0.0008591967, -0.0008171259, -0.0007783776, -0.00075963687, -0.00072272285, -0.00068846444, -0.00067289465, -0.000643944, -0.0006165751, -0.00059203175, -0.0005812576, -0.0005615556, -0.00054395787, -0.0005363832, -0.00052370655, -0.00051339786, -0.0005058876, -0.00050332124, -0.0005000346, -0.0004993987, -0.0005001939, -0.00050363515, -0.00050981046, -0.0005187569, -0.0005241362, -0.0005369843, -0.0005524671, -0.0005611811, -0.0005805778, -0.0006026192, -0.0006146274, -0.0006406104, -0.0006691731, -0.00070047425, -0.0007169775, -0.00075201446, -0.0007898663, -0.00080956024, -0.0008507871, -0.00089498586, -0.0009411441, -0.00096496125, -0.0010148996, -0.001067067, -0.0010935102, -0.0011476406, -0.0012044321, -0.0012334279, -0.0012913963, -0.001349653, -0.0014096485, -0.0014400062, -0.0014994824, -0.0015565515, -0.0015847086, -0.0016412439, -0.0016961637, -0.0017458994, -0.0017683544, -0.0018098853, -0.0018485652, -0.0018666156, -0.001897474, -0.0019180905, -0.0019242719, -0.0019302794, -0.0019311926, -0.0019284432, -0.0019249927, -0.0019114498, -0.0018871035, -0.0018713286, -0.0018364346, -0.0018042196, -0.0017827052, -0.0017774168, -0.0017780717, -0.0017904139, -0.0017991714, -0.0018174736, -0.0018318327, -0.0018361106, -0.0018372554, -0.0018280996, -0.001809153, -0.0017964843, -0.0017657775, -0.0017291215, -0.0017089198, -0.0016651931, -0.0016170437, -0.0015642253, -0.0015359706, -0.0014764927, -0.0014190227, -0.0013968879, -0.0013932523, -0.0014955028
0, 0, 0, -0.0016105949, -0.00152923, -0.0014061203, -0.0013877733, -0.0014000764, -0.0014381162, -0.0014760674, -0.0015069202, -0.0015191098, -0.0015367828, -0.0015457658, -0.001547387, -0.0015456012, -0.0015378158, -0.0015250961, -0.0015175325, -0.0015011069, -0.0014845198, -0.0014765745, -0.0014627038, -0.0014537029, -0.0014521363, -0.0014558827, -0.0014674519, -0.0014824505, -0.0014897537, -0.0015026873, -0.0015138409, -0.0015189104, -0.0015266311, -0.0015273117, -0.0015175316, -0.0015085835, -0.0014840743, -0.0014527024, -0.0014349464, -0.001396065, -0.0013537728, -0.001331554, -0.0012853709, -0.0012381389, -0.0011900761, -0.0011652018, -0.0011132943, -0.0010614059, -0.0010366035, -0.0009894266, -0.0009433611, -0.0008969118, -0.00087401655, -0.00083050306, -0.0007909344, -0.0007720678, -0.0007349522, -0.00069980096, -0.0006837526, -0.0006543266, -0.0006266526, -0.00060151843, -0.0005903929, -0.00057047745, -0.0005526229, -0.0005448066, -0.00053178775, -0.0005213353, -0.0005135074, -0.0005108155, -0.00050740247, -0.00050649483, -0.0005071798, -0.0005106151, -0.0005165099, -0.0005253325, -0.00053065346, -0.0005433251, -0.0005586854, -0.0005673227, -0.00058664026, -0.00060849544, -0.0006204506, -0.000646314, -0.00067476527, -0.0007059803, -0.00072238955, -0.00075732067, -0.0007950431, -0.00081468665, -0.0008558409, -0.00089992187, -0.0009460025, -0.0009697599, -0.001019559, -0.0010716268, -0.0010980383, -0.0011520989, -0.001208768, -0.0012377307, -0.0012955598, -0.001353742, -0.0014136574, -0.0014439533, -0.0015033337, -0.001560273, -0.001588407, -0.001644792, -0.0016996645, -0.0017492705, -0.001771703, -0.001813092, -0.0018516954, -0.0018697109, -0.001900448, -0.0019209802, -0.0019270994, -0.0019330179, -0.0019338133, -0.0019309459, -0.0019274852, -0.0019138451, -0.0018894186, -0.0018736182, -0.0018386533, -0.0018063937, -0.0017848078, -0.0017795144, -0.0017800648, -0.0017924198, -0.0018011426, -0.0018193536, -0.0018336389, -0.0018378407, -0.0018389515, -0.0018296922, -0.0018106904, -0.001797979, -0.0017671591, -0.0017304767, -0.0017102158, -0.0016663728, -0.0016181908, -0.0015652811, -0.0015369483, -0.0014774057, -0.0014198321, -0.0013976266, -0.0013938893, -0.0014961107
0, 0, 0, -0.0017165799, -0.0015862867, -0.0013910453, -0.0013481514, -0.0013574044, -0.0013961622, -0.0014374169, -0.0014718008, -0.0014859509, -0.0015086455, -0.0015243846, -0.0015298498, -0.0015362094, -0.001536724, -0.0015314352, -0.0015269932, -0.001515306, -0.0015011138, -0.0014934494, -0.0014779952, -0.0014650769, -0.0014608739, -0.0014586884, -0.0014643255, -0.0014737652, -0.0014784643, -0.001487124, -0.0014963605, -0.0015015404, -0.0015118538, -0.0015179659, -0.0015147849, -0.0015090851, -0.0014898699, -0.0014619358, -0.0014453399, -0.0014082401, -0.0013673196, -0.001345501, -0.0012998511, -0.0012533978, -0.0012070884, -0.0011831115, -0.0011320913, -0.0010793518, -0.0010537378, -0.0010053094, -0.00095879135, -0.00091231783, -0.00088917394, -0.00084468635, -0.0008039435, -0.00078477734, -0.0007473321, -0.00071142043, -0.00069483847, -0.0006648177, -0.00063691713, -0.0006111945, -0.0005997323, -0.0005794227, -0.00056134764, -0.0005533366, -0.0005399246, -0.0005292739, -0.00052115985, -0.0005183022, -0.0005147962, -0.00051365583, -0.0005141916, -0.00051753526, -0.0005232852, -0.0005318919, -0.00053716835, -0.0005496639, -0.00056491443, -0.00057349727, -0.00059268135, -0.00061438704, -0.0006263135, -0.00065207697, -0.00068037375, -0.0007114728, -0.0007278171, -0.0007626283, -0.00080024434, -0.00081983954, -0.0008608955, -0.00090492395, -0.0009508336, -0.00097454945, -0.0010242695, -0.0010762017, -0.0011025646, -0.0011565475, -0.0012131335, -0.0012420322, -0.0012998062, -0.0013578169, -0.0014176223, -0.001447886, -0.0015071642, -0.0015640132, -0.001592121, -0.0016484109, -0.0017031481, -0.0017526397, -0.001775047, -0.0018163348, -0.0018548317, -0.0018727725, -0.0019034399, -0.0019238439, -0.0019299306, -0.0019357401, -0.0019364215, -0.0019335191, -0.0019300102, -0.0019162417, -0.0018917427, -0.0018759229, -0.0018408584, -0.0018085409, -0.0017869163, -0.0017815939, -0.0017820877, -0.0017944141, -0.0018030882, -0.0018212217, -0.0018354183, -0.0018396123, -0.0018406507, -0.0018312869, -0.0018122233, -0.001799472, -0.001768583, -0.0017317649, -0.0017115013, -0.0016675924, -0.0016193084, -0.0015663056, -0.0015379447, -0.0014783012, -0.0014206446, -0.0013983782, -0.001394544, -0.0014966988
0, 0, 0, -0.0020318392, -0.0017207782, -0.0013868543, -0.0013180099, -0.0013250862, -0.001364797, -0.001408277, -0.0014450529, -0.0014607493, -0.0014878401, -0.0015099, -0.0015190336, -0.0015332989, -0.0015415188, -0.0015433817, -0.0015420449, -0.001535489, -0.0015244151, -0.001517417, -0.0015013455, -0.0014852656, -0.0014786931, -0.0014710157, -0.0014708963, -0.0014749848, -0.0014775759, -0.001483046, -0.0014905875, -0.0014954448, -0.0015060108, -0.0015134038, -0.0015123042, -0.0015077976, -0.001491425, -0.001466977, -0.0014524345, -0.0014197017, -0.0013822346, -0.0013614896, -0.0013164063, -0.001269347, -0.0012228858, -0.0011993917, -0.0011498382, -0.0010976255, -0.001071708, -0.0010218627, -0.00097437546, -0.0009276904, -0.0009045093, -0.00085919985, -0.00081705226, -0.0007974236, -0.00075980654, -0.00072347804, -0.000706389, -0.000675256, -0.00064715644, -0.0006211143, -0.00060935336, -0.00058847445, -0.00057014823, -0.0005619244, -0.00054809544, -0.0005373279, -0.0005288959, -0.0005258731, -0.00052218605, -0.00052095926, -0.0005213181, -0.0005244346, -0.000530077, -0.00053847523, -0.00054373615, -0.00055606285, -0.0005711703, -0.0005796858, -0.0005987126, -0.0006203644, -0.0006322179, -0.0006578311, -0.00068599667, -0.00071699056, -0.00073330465, -0.00076800236, -0.0008055042, -0.0008250016, -0.00086596824, -0.0009099376, -0.0009557148, -0.0009793413, -0.0010289621, -0.0010808402, -0.0011071498, -0.0011609885, -0.0012174741, -0.0012463523, -0.0013040088, -0.0013619326, -0.0014216438, -0.0014518413, -0.0015109981, -0.0015677658, -0.0015958116, -0.0016520346, -0.0017066451, -0.0017560469, -0.001778393, -0.0018195896, -0.0018579756, -0.0018758684, -0.0019064278, -0.0019267299, -0.0019327435, -0.001938442, -0.0019390603, -0.001936095, -0.001932521, -0.0019186935, -0.0018940829, -0.0018781928, -0.001843073, -0.0018107111, -0.0017890263, -0.0017836711, -0.0017841378, -0.0017963959, -0.0018050262, -0.0018230889, -0.001837231, -0.0018414097, -0.0018423455, -0.0018328938, -0.0018137645, -0.0018009745, -0.0017699951, -0.0017330869, -0.0017127983, -0.0016688363, -0.001620422, -0.0015673529, -0.0015389589, -0.0014792145, -0.0014214377, -0.0013991237, -0.0013952203, -0.0014972958
0, 0, 0, 0, -0.0014538899, -0.0013337475, -0.0013015551, -0.0013125255, -0.0013532812, -0.0013954332, -0.0014310898, -0.0014467355, -0.0014749686, -0.0014998944, -0.001510799, -0.0015288123, -0.0015407879, -0.0015462856, -0.0015468027, -0.0015436274, -0.0015356361, -0.0015298697, -0.0015156851, -0.0015005866, -0.0014940791, -0.0014855611, -0.0014835641, -0.0014859858, -0.0014879325, -0.0014925441, -0.0014990758, -0.0015031417, -0.001511591, -0.0015162036, -0.0015128034, -0.0015075348, -0.0014912244, -0.001469719, -0.001457594, -0.0014303555, -0.0013972947, -0.0013778722, -0.0013337636, -0.0012859489, -0.0012388328, -0.0012154641, -0.0011670267, -0.001115554, -0.0010895609, -0.0010386348, -0.0009898181, -0.0009428306, -0.000919713, -0.0008740699, -0.0008305503, -0.0008102674, -0.00077202107, -0.0007354448, -0.00071803905, -0.00068617234, -0.00065746956, -0.00063091214, -0.00061887, -0.0005977155, -0.0005791516, -0.00057067943, -0.00055628014, -0.00054541806, -0.0005367951, -0.0005335544, -0.0005295841, -0.0005282918, -0.0005285888, -0.00053138734, -0.0005369555, -0.0005451254, -0.00055032986, -0.00056250446, -0.0005774645, -0.0005859085, -0.00060478185, -0.0006263555, -0.00063811534, -0.00066363206, -0.0006916811, -0.0007225126, -0.0007387831, -0.0007733684, -0.00081078766, -0.00083022076, -0.0008710667, -0.0009149119, -0.0009605992, -0.000984207, -0.0010337, -0.0010854448, -0.0011116938, -0.0011654365, -0.0012218431, -0.0012506874, -0.001308221, -0.0013660508, -0.0014256774, -0.0014558297, -0.00151486, -0.0015715464, -0.0015995015, -0.0016556432, -0.0017101686, -0.0017594623, -0.0017817167, -0.0018228459, -0.0018611228, -0.0018789603, -0.0019094024, -0.0019296, -0.0019355853, -0.0019411911, -0.0019417072, -0.001938642, -0.0019350415, -0.0019211364, -0.0018964383, -0.0018804994, -0.001845319, -0.0018128996, -0.0017911512, -0.0017857748, -0.0017861958, -0.0017983636, -0.0018069779, -0.0018250009, -0.0018390444, -0.0018431819, -0.0018440491, -0.0018345091, -0.00181529, -0.0018024471, -0.0017714362, -0.0017344271, -0.0017140743, -0.0016700512, -0.001621586, -0.0015683951, -0.0015399347, -0.001480137, -0.0014222595, -0.0013998982, -0.0013958461, -0.0014979348
0, 0, 0, 0, -0.0015666805, -0.0014036723, -0.0013390041, -0.0013387155, -0.0013640191, -0.0013971893, -0.0014275921, -0.001441528, -0.0014674483, -0.0014907205, -0.0015009039, -0.0015173756, -0.0015278443, -0.0015322389, -0.0015325095, -0.0015298767, -0.0015237605, -0.0015195406, -0.0015095943, -0.001499855, -0.0014961662, -0.0014926282, -0.0014944684, -0.0014997163, -0.0015029323, -0.0015093138, -0.0015162283, -0.0015197004, -0.0015252691, -0.0015258819, -0.0015184324, -0.0015116137, -0.0014939219, -0.0014741597, -0.0014640057, -0.0014412395, -0.0014118679, -0.0013936756, -0.0013505818, -0.0013025797, -0.001254962, -0.0012316282, -0.0011838044, -0.0011331064, -0.0011071175, -0.0010553547, -0.0010052689, -0.000957644, -0.00093442196, -0.00088853703, -0.0008441892, -0.00082343386, -0.00078446826, -0.0007472743, -0.00072944857, -0.00069694646, -0.00066813827, -0.00064109726, -0.0006285013, -0.00060670276, -0.00058826583, -0.0005797235, -0.00056470645, -0.00055344426, -0.000544814, -0.00054143474, -0.00053711457, -0.0005356228, -0.0005358453, -0.0005384525, -0.0005438822, -0.00055183587, -0.0005569388, -0.0005690549, -0.000583749, -0.00059219217, -0.0006109421, -0.00063233456, -0.00064406317, -0.000669439, -0.0006974037, -0.0007281045, -0.0007442942, -0.0007787958, -0.0008160591, -0.0008354822, -0.0008762114, -0.00091989, -0.00096549344, -0.0009890725, -0.0010384322, -0.0010900728, -0.0011162765, -0.0011699117, -0.0012262383, -0.0012550177, -0.0013124611, -0.0013701866, -0.0014296791, -0.0014597734, -0.0015187296, -0.0015753402, -0.001603236, -0.0016592512, -0.0017136877, -0.0017628836, -0.0017850896, -0.0018261137, -0.0018642809, -0.0018820544, -0.0019123974, -0.0019324848, -0.0019384302, -0.0019439589, -0.0019443813, -0.0019411922, -0.0019375391, -0.0019235613, -0.0018987964, -0.0018828335, -0.0018475802, -0.0018150562, -0.0017932999, -0.0017878937, -0.001788248, -0.0018003525, -0.0018089393, -0.001826915, -0.001840854, -0.0018449519, -0.0018457687, -0.0018361452, -0.0018168403, -0.001803953, -0.0017728531, -0.0017357855, -0.0017153797, -0.0016712575, -0.0016227427, -0.0015694574, -0.0015409497, -0.0014810426, -0.0014230545, -0.0014006546, -0.001396511, -0.0014985625
0, 0, 0, 0, -0.0018625384, -0.0015687792, -0.0014131968, -0.0013876213, -0.001385386, -0.0014065393, -0.0014313095, -0.0014433177, -0.0014658836, -0.001485523, -0.0014936298, -0.0015055444, -0.001511237, -0.0015114374, -0.001509897, -0.0015047987, -0.001498317, -0.0014949152, -0.0014887098, -0.0014853046, -0.0014853042, -0.0014894134, -0.0014980353, -0.0015090376, -0.0015145349, -0.0015246468, -0.001533054, -0.0015364129, -0.0015401139, -0.001537653, -0.0015275069, -0.0015198868, -0.0015019239, -0.0014839589, -0.0014750889, -0.001454765, -0.0014268183, -0.0014089744, -0.0013664, -0.0013186623, -0.0012711935, -0.0012479419, -0.0012004403, -0.0011499883, -0.0011238955, -0.0010715873, -0.0010209172, -0.00097256235, -0.0009490281, -0.0009023951, -0.0008573725, -0.00083630567, -0.00079710386, -0.0007594444, -0.00074109604, -0.0007075188, -0.00067855394, -0.0006514908, -0.00063861854, -0.0006159437, -0.0005971505, -0.0005886343, -0.0005734774, -0.0005616898, -0.0005528062, -0.00054934714, -0.000544831, -0.0005431143, -0.00054317014, -0.0005455857, -0.00055089727, -0.0005586419, -0.00056361634, -0.0005756812, -0.0005902086, -0.00059853675, -0.0006171791, -0.00063837774, -0.0006500347, -0.0006753197, -0.00070312666, -0.0007337311, -0.00074985187, -0.00078423927, -0.0008213808, -0.00084074907, -0.00088135427, -0.0009249227, -0.0009704008, -0.000993912, -0.0010432176, -0.0010947203, -0.0011208802, -0.0011744353, -0.0012306159, -0.001259334, -0.0013166856, -0.0013743299, -0.0014337008, -0.0014637628, -0.0015226254, -0.0015790872, -0.0016069984, -0.0016628933, -0.0017172102, -0.0017662857, -0.0017884632, -0.0018293764, -0.0018674604, -0.0018851841, -0.0019154001, -0.0019354336, -0.0019413118, -0.001946697, -0.0019470503, -0.0019437722, -0.0019400695, -0.0019260051, -0.0019011799, -0.0018851672, -0.0018498114, -0.0018172642, -0.001795431, -0.0017900296, -0.0017903056, -0.0018023495, -0.0018109153, -0.0018287962, -0.0018427018, -0.0018467404, -0.0018474815, -0.001837806, -0.0018183788, -0.0018054825, -0.0017742721, -0.0017371568, -0.0017167269, -0.0016724989, -0.0016238684, -0.0015705201, -0.0015419718, -0.0014819386, -0.0014238702, -0.0014014054, -0.0013971985, -0.0014991624
0, 0, 0, 0, -0.0023009423, -0.001711137, -0.0014620797, -0.0014165329, -0.0013959259, -0.0014119317, -0.0014358247, -0.0014476229, -0.001469048, -0.0014858749, -0.0014920373, -0.0014998324, -0.0015012647, -0.0014976673, -0.0014945075, -0.0014868726, -0.0014793371, -0.0014761596, -0.0014719613, -0.0014722425, -0.0014744565, -0.0014830154, -0.0014957314, -0.0015101215, -0.0015172109, -0.0015303831, -0.0015413628, -0.0015456959, -0.0015507429, -0.0015493651, -0.0015404302, -0.0015333483, -0.0015163586, -0.001498712, -0.0014897255, -0.0014690754, -0.0014413015, -0.0014239695, -0.0013828321, -0.0013360041, -0.0012880875, -0.0012643595, -0.0012161457, -0.0011656852, -0.0011397363, -0.0010875086, -0.0010363858, -0.0009873173, -0.00096341677, -0.00091624184, -0.0008703677, -0.00084884535, -0.0008092276, -0.0007716553, -0.0007531408, -0.00071853574, -0.0006887017, -0.0006617155, -0.00064884656, -0.00062562845, -0.00060621963, -0.0005975827, -0.0005822182, -0.0005701486, -0.0005610586, -0.0005574301, -0.0005524694, -0.0005507687, -0.0005507796, -0.0005527942, -0.0005579835, -0.0005656187, -0.000570441, -0.0005823355, -0.0005967584, -0.0006049841, -0.0006234877, -0.0006445349, -0.00065610494, -0.00068124617, -0.0007089157, -0.0007393931, -0.0007554446, -0.00078970194, -0.00082674425, -0.0008460233, -0.00088653155, -0.0009299636, -0.0009753788, -0.0009988042, -0.0010479749, -0.0010994179, -0.0011255111, -0.0011789688, -0.0012350194, -0.0012637061, -0.0013209331, -0.001378456, -0.0014377859, -0.0014677683, -0.001526577, -0.0015828763, -0.0016107174, -0.0016665419, -0.001720723, -0.0017697283, -0.0017918446, -0.0018326567, -0.0018706206, -0.0018883204, -0.0019184524, -0.0019383647, -0.0019441948, -0.0019494549, -0.0019497316, -0.0019463748, -0.0019426255, -0.0019284725, -0.0019035445, -0.0018875015, -0.0018520829, -0.0018194984, -0.0017975406, -0.0017921039, -0.0017923852, -0.0018043721, -0.0018129068, -0.001830705, -0.0018445593, -0.0018485576, -0.0018491994, -0.0018394558, -0.0018199411, -0.0018070167, -0.0017757185, -0.001738526, -0.0017180499, -0.0016737508, -0.0016250302, -0.0015715664, -0.0015430015, -0.0014828589, -0.0014247049, -0.0014021862, -0.0013978784, -0.0014997773
0, 0, 0, 0, 0, -0.0016631071, -0.001454113, -0.0014062229, -0.0013840491, -0.0014045313, -0.0014343995, -0.0014488008, -0.0014735684, -0.0014913302, -0.0014973253, -0.001503982, -0.0015043571, -0.0015002462, -0.0014970506, -0.0014894039, -0.0014818268, -0.0014786742, -0.0014744728, -0.0014737322, -0.0014750236, -0.0014809548, -0.0014910346, -0.0015037701, -0.0015107659, -0.0015253086, -0.0015391326, -0.0015451999, -0.0015546787, -0.0015589527, -0.0015561471, -0.0015517877, -0.0015378651, -0.0015192963, -0.0015086726, -0.0014839997, -0.0014539628, -0.0014367754, -0.0013980004, -0.001353882, -0.0013066076, -0.0012823516, -0.0012324684, -0.0011807403, -0.0011545088, -0.0011023069, -0.0010510812, -0.0010017339, -0.0009777433, -0.0009301767, -0.0008835114, -0.0008613849, -0.0008208755, -0.000783467, -0.0007651147, -0.000729992, -0.00069912226, -0.00067181856, -0.0006589673, -0.0006354176, -0.00061558816, -0.0006068191, -0.00059108884, -0.00057865225, -0.0005694591, -0.000565758, -0.0005603881, -0.00055840315, -0.0005584634, -0.0005602733, -0.0005651177, -0.0005727007, -0.0005774242, -0.00058905856, -0.000603319, -0.0006114734, -0.0006298881, -0.0006507387, -0.00066226313, -0.0006872092, -0.0007147453, -0.00074510736, -0.0007611182, -0.0007952064, -0.0008321099, -0.00085136155, -0.0008917416, -0.0009350896, -0.0009803276, -0.0010037016, -0.0010527746, -0.0011041239, -0.0011301535, -0.0011834976, -0.0012394665, -0.0012680633, -0.0013252045, -0.0013826096, -0.0014418667, -0.0014717947, -0.0015304486, -0.0015866951, -0.0016144981, -0.0016701687, -0.0017242386, -0.0017731743, -0.0017952672, -0.0018359486, -0.0018737969, -0.0018914317, -0.0019215046, -0.0019412597, -0.0019470466, -0.0019522749, -0.0019524381, -0.001948979, -0.0019451889, -0.0019309251, -0.0019059023, -0.001889835, -0.0018543764, -0.0018216978, -0.0017997106, -0.001794214, -0.0017944413, -0.0018063895, -0.0018148839, -0.0018326265, -0.0018463846, -0.0018503657, -0.0018509206, -0.0018411048, -0.0018215291, -0.001808541, -0.0017771882, -0.0017398823, -0.0017193756, -0.0016749785, -0.0016261821, -0.0015726637, -0.0015440576, -0.0014838123, -0.0014255153, -0.0014029524, -0.0013985278, -0.0015004069
0, 0, 0, 0, 0, -0.0017887999, -0.0014492676, -0.0013832207, -0.0013541356, -0.0013826202, -0.0014235368, -0.0014431683, -0.0014766546, -0.0015006512, -0.0015090225, -0.0015196409, -0.0015237433, -0.0015235824, -0.0015222161, -0.0015176623, -0.0015116986, -0.0015086131, -0.0015023218, -0.001496122, -0.0014934052, -0.0014897701, -0.0014897874, -0.0014951688, -0.00150007, -0.0015140321, -0.0015307608, -0.0015389466, -0.0015539819, -0.0015656005, -0.001571417, -0.0015710007, -0.0015623183, -0.0015436189, -0.0015310207, -0.0015013542, -0.0014679398, -0.0014504265, -0.0014129218, -0.0013706461, -0.0013238378, -0.001299361, -0.0012487129, -0.0011967103, -0.0011703945, -0.0011175391, -0.0010648788, -0.0010144877, -0.0009905809, -0.00094399066, -0.0008974844, -0.00087471656, -0.00083249714, -0.00079458894, -0.0007765006, -0.00074164505, -0.000709991, -0.00068207626, -0.0006691422, -0.0006452796, -0.00062507385, -0.0006162278, -0.0006002891, -0.00058730243, -0.0005779327, -0.00057423697, -0.00056858594, -0.0005662694, -0.0005662197, -0.00056787656, -0.000572485, -0.0005798683, -0.0005844875, -0.0005959303, -0.00061005907, -0.0006180797, -0.00063630875, -0.00065705884, -0.0006684457, -0.0006932763, -0.0007206815, -0.00075087673, -0.0007668051, -0.00080078497, -0.0008375452, -0.0008567137, -0.00089699705, -0.000940202, -0.0009853026, -0.0010086554, -0.0010576085, -0.0011088161, -0.001134825, -0.0011880494, -0.0012439152, -0.0012724302, -0.0013294824, -0.0013868015, -0.0014459338, -0.0014758084, -0.0015343565, -0.0015905375, -0.0016182797, -0.0016738351, -0.0017278295, -0.0017766333, -0.0017986244, -0.0018392365, -0.0018770117, -0.0018945769, -0.0019245273, -0.0019441996, -0.0019499301, -0.0019550917, -0.0019551343, -0.0019516015, -0.001947773, -0.0019334154, -0.0019083039, -0.0018922007, -0.0018566797, -0.0018238995, -0.0018018957, -0.001796385, -0.0017965491, -0.0018084182, -0.0018168606, -0.0018345492, -0.0018482334, -0.0018521674, -0.0018526764, -0.0018427825, -0.001823117, -0.0018100808, -0.0017786504, -0.0017412684, -0.0017207062, -0.0016762328, -0.0016273616, -0.0015737714, -0.0015450965, -0.0014847807, -0.0014263557, -0.0014037379, -0.0013992036, -0.0015010255
0, 0, 0, 0, 0, -0.0016173284, -0.0014085547, -0.0013443031, -0.001316089, -0.0013550777, -0.001409738, -0.0014358319, -0.00148066, -0.0015140731, -0.0015267094, -0.001545431, -0.0015576894, -0.0015649473, -0.0015666675, -0.0015665134, -0.0015622947, -0.0015588474, -0.0015490288, -0.0015354839, -0.0015277637, -0.0015122966, -0.0014999047, -0.0014952247, -0.0014969383, -0.0015084997, -0.0015267469, -0.0015365824, -0.0015553397, -0.0015717507, -0.001583452, -0.0015862127, -0.0015826458, -0.0015654478, -0.0015524367, -0.0015206141, -0.0014857564, -0.0014679687, -0.0014303587, -0.0013876422, -0.0013396419, -0.001314367, -0.001263259, -0.001211953, -0.0011860891, -0.0011333295, -0.0010794847, -0.0010274849, -0.0010029951, -0.000956407, -0.00091065554, -0.00088801474, -0.0008451377, -0.0008062404, -0.00078782823, -0.00075272063, -0.00072095357, -0.00069287675, -0.0006797359, -0.00065524294, -0.00063463236, -0.0006257487, -0.0006097424, -0.000596265, -0.0005865848, -0.0005828185, -0.00057694904, -0.00057428295, -0.0005741335, -0.00057560037, -0.0005799452, -0.0005871866, -0.0005917242, -0.0006028966, -0.00061691465, -0.00062483386, -0.0006427962, -0.0006634358, -0.0006747413, -0.0006993979, -0.0007266371, -0.0007566878, -0.0007725537, -0.000806406, -0.0008430317, -0.00086212164, -0.00090224284, -0.0009453482, -0.0009903845, -0.0010136656, -0.001062467, -0.0011135588, -0.0011394902, -0.0011926314, -0.0012483503, -0.0012768777, -0.0013337678, -0.0013910063, -0.001450009, -0.0014798578, -0.0015383064, -0.0015943734, -0.0016220517, -0.0016774925, -0.0017314241, -0.0017800751, -0.0018020273, -0.0018425497, -0.0018802325, -0.0018977519, -0.0019275828, -0.0019471594, -0.0019528214, -0.0019578591, -0.0019578498, -0.0019542137, -0.0019503451, -0.001935899, -0.0019107233, -0.0018945908, -0.0018589839, -0.001826149, -0.0018040693, -0.0017985356, -0.0017986675, -0.0018104599, -0.0018188806, -0.0018365015, -0.0018501163, -0.0018539964, -0.0018544052, -0.0018444195, -0.00182469, -0.0018116293, -0.0017801211, -0.0017426668, -0.0017220491, -0.0016775212, -0.0016285693, -0.0015748781, -0.0015461469, -0.0014857076, -0.0014271803, -0.0014044935, -0.0013998987, -0.0015016551
0, 0, 0, 0, 0, -0.0018800335, -0.0014280285, -0.0013319268, -0.0012936454, -0.0013421156, -0.0014081101, -0.0014390113, -0.0014921515, -0.0015329055, -0.001549218, -0.0015761404, -0.0015969864, -0.0016120109, -0.0016167304, -0.0016204205, -0.0016169801, -0.0016127897, -0.001599592, -0.0015804613, -0.0015692937, -0.0015459338, -0.0015248916, -0.0015124192, -0.0015112682, -0.0015195213, -0.0015371518, -0.0015471241, -0.0015662446, -0.001582919, -0.0015952389, -0.0015986566, -0.0015967744, -0.0015813832, -0.0015690548, -0.0015386984, -0.0015053434, -0.0014881073, -0.0014506613, -0.0014064424, -0.0013558127, -0.0013293937, -0.0012768608, -0.0012260115, -0.0012005949, -0.001148254, -0.0010941365, -0.0010414547, -0.0010165543, -0.0009691472, -0.00092303357, -0.00090042036, -0.0008575402, -0.00081850955, -0.0007999804, -0.0007642189, -0.00073174515, -0.0007035711, -0.00069047575, -0.0006658405, -0.0006444872, -0.0006353911, -0.00061931275, -0.00060560554, -0.00059541647, -0.00059153524, -0.0005855763, -0.0005824943, -0.00058220996, -0.0005835802, -0.000587535, -0.0005946218, -0.0005990926, -0.0006100191, -0.0006238396, -0.0006316951, -0.0006494459, -0.00066986645, -0.0006811132, -0.0007056117, -0.00073267607, -0.00076257245, -0.00077836186, -0.0008120597, -0.0008485692, -0.0008675792, -0.00090757123, -0.00095054356, -0.0009954475, -0.001018641, -0.001067342, -0.0011183292, -0.0011442062, -0.0011972002, -0.0012528382, -0.0012813206, -0.0013380985, -0.0013952277, -0.0014541196, -0.0014839234, -0.0015422562, -0.0015982034, -0.0016258154, -0.0016811958, -0.0017349863, -0.0017835469, -0.00180549, -0.0018458732, -0.0018834526, -0.0019009236, -0.0019306664, -0.0019501398, -0.0019557308, -0.0019606627, -0.001960549, -0.001956843, -0.0019529088, -0.001938408, -0.0019131665, -0.0018969821, -0.001861285, -0.0018283953, -0.0018062707, -0.0018007085, -0.0018007577, -0.0018124997, -0.0018209083, -0.0018384584, -0.0018519888, -0.0018558524, -0.001856154, -0.0018460727, -0.0018262895, -0.0018131739, -0.0017815989, -0.0017440604, -0.0017234246, -0.0016788214, -0.0016297479, -0.0015759519, -0.0015471673, -0.0014866459, -0.0014280351, -0.0014052935, -0.0014005757, -0.0015023017
0, 0, 0, 0, 0, 0, -0.0013679725, -0.001322488, -0.0013120336, -0.0013649538, -0.0014308193, -0.0014612657, -0.001513151, -0.0015533317, -0.0015701063, -0.0015993821, -0.0016242588, -0.0016433654, -0.0016500038, -0.0016564395, -0.0016540207, -0.0016498861, -0.0016363469, -0.0016172624, -0.0016060887, -0.0015825566, -0.0015604673, -0.0015459036, -0.0015434157, -0.0015489554, -0.0015640298, -0.0015727204, -0.0015891856, -0.0016024692, -0.0016111764, -0.0016130073, -0.0016093962, -0.0015943048, -0.0015829119, -0.0015551446, -0.0015241674, -0.0015077158, -0.0014706353, -0.0014253405, -0.0013728664, -0.0013454761, -0.0012915747, -0.0012400604, -0.0012144722, -0.0011619389, -0.001108029, -0.0010557153, -0.0010307654, -0.0009826053, -0.0009356417, -0.0009128691, -0.00086995284, -0.00083078805, -0.0008121006, -0.0007760291, -0.00074312417, -0.00071450934, -0.00070129265, -0.00067646476, -0.00065476546, -0.00064551097, -0.00062911405, -0.0006150911, -0.00060450734, -0.0006005477, -0.00059440336, -0.000590908, -0.0005904774, -0.0005917342, -0.00059540395, -0.0006021688, -0.0006065843, -0.0006172883, -0.0006308779, -0.0006386662, -0.00065616774, -0.00067646254, -0.00068760465, -0.0007118916, -0.0007388111, -0.0007685109, -0.0007842019, -0.00081775675, -0.0008541388, -0.00087308895, -0.0009129523, -0.0009557709, -0.0010005292, -0.001023685, -0.0010722593, -0.0011231285, -0.0011489366, -0.0012018087, -0.0012573584, -0.0012857519, -0.0013424674, -0.0013994523, -0.0014582713, -0.0014879946, -0.0015462291, -0.0016020573, -0.0016296176, -0.0016849234, -0.0017385484, -0.0017870568, -0.0018089212, -0.0018492052, -0.0018866918, -0.0019041265, -0.0019337228, -0.0019531106, -0.0019586873, -0.0019634818, -0.0019633055, -0.001959476, -0.0019555036, -0.001940937, -0.0019156166, -0.0018993684, -0.0018635825, -0.0018306549, -0.001808465, -0.0018028856, -0.0018028605, -0.0018145551, -0.0018229334, -0.001840418, -0.0018538694, -0.0018577019, -0.001857942, -0.001847765, -0.0018278827, -0.0018147425, -0.0017830583, -0.0017454741, -0.0017248107, -0.0016801053, -0.001630929, -0.0015770207, -0.0015481986, -0.0014876006, -0.0014289189, -0.0014061126, -0.0014012669, -0.001502928
0, 0, 0, 0, 0, 0, -0.0015501357, -0.0014723862, -0.0014102915, -0.0014295499, -0.0014738452, -0.0014963824, -0.001536097, -0.0015677384, -0.001581437, -0.0016061672, -0.00162859, -0.0016472071, -0.001654299, -0.0016624785, -0.001662502, -0.0016597954, -0.0016502634, -0.0016365183, -0.001628597, -0.001611115, -0.0015942258, -0.001582694, -0.0015807796, -0.0015854093, -0.0015981474, -0.0016056505, -0.0016193849, -0.0016293004, -0.0016338169, -0.0016335202, -0.0016265892, -0.0016099506, -0.0015984686, -0.0015716514, -0.0015419064, -0.0015256655, -0.0014883894, -0.0014424911, -0.0013894845, -0.0013619158, -0.0013074015, -0.0012548893, -0.001228842, -0.0011756321, -0.0011217395, -0.0010698279, -0.0010449223, -0.0009963292, -0.0009489435, -0.0009259612, -0.00088262046, -0.0008431298, -0.00082444714, -0.0007882989, -0.0007547683, -0.0007256622, -0.00071243197, -0.0006875764, -0.00066521857, -0.00065561605, -0.0006392373, -0.0006250865, -0.0006137617, -0.00060965127, -0.00060352345, -0.00059963844, -0.00059896335, -0.0005999839, -0.00060351, -0.00060991273, -0.00061423273, -0.0006247327, -0.000637997, -0.0006457113, -0.00066302123, -0.00068309833, -0.00069417997, -0.00071826135, -0.0007449884, -0.0007745501, -0.00079018634, -0.0008235267, -0.00085971435, -0.00087862, -0.000918318, -0.0009610434, -0.0010056692, -0.001028742, -0.0010772069, -0.0011279599, -0.0011536869, -0.0012064389, -0.0012618947, -0.0012902174, -0.001346819, -0.0014037105, -0.001462396, -0.001492077, -0.0015501941, -0.0016059328, -0.0016334226, -0.0016886052, -0.0017421936, -0.0017905665, -0.0018123639, -0.0018525575, -0.001889947, -0.0019073216, -0.0019368301, -0.0019561087, -0.0019616175, -0.0019663505, -0.001966074, -0.001962149, -0.0019581348, -0.0019434568, -0.0019180314, -0.0019017555, -0.0018659303, -0.0018329141, -0.001810684, -0.0018050689, -0.0018049671, -0.001816621, -0.0018249598, -0.0018423814, -0.0018557709, -0.0018595476, -0.0018597096, -0.001849455, -0.0018295113, -0.0018163228, -0.0017845711, -0.0017468882, -0.0017261609, -0.0016813609, -0.0016321392, -0.001578146, -0.0015492941, -0.001488575, -0.0014297642, -0.0014069128, -0.0014019636, -0.0015035586
0, 0, 0, 0, 0, 0, -0.0019142651, -0.001745925, -0.0015491855, -0.0014988903, -0.0015089916, -0.0015211387, -0.0015471507, -0.0015695455, -0.0015795892, -0.0015981079, -0.0016159074, -0.0016321008, -0.0016388875, -0.0016485027, -0.0016521417, -0.0016519349, -0.0016481952, -0.0016410874, -0.0016366489, -0.0016263439, -0.0016162425, -0.0016100521, -0.0016096313, -0.0016152094, -0.0016270597, -0.0016339265, -0.0016468983, -0.0016561169, -0.0016596325, -0.0016587096, -0.0016502569, -0.0016319214, -0.0016196431, -0.0015911444, -0.0015597945, -0.001542666, -0.0015035744, -0.0014569681, -0.0014047289, -0.001377797, -0.001323911, -0.0012706536, -0.0012439579, -0.0011898931, -0.0011359723, -0.0010840343, -0.001059038, -0.0010104092, -0.0009630109, -0.00093982747, -0.00089562155, -0.0008555492, -0.00083693117, -0.00080121984, -0.0007670777, -0.0007369615, -0.0007236435, -0.0006990271, -0.0006763471, -0.0006662689, -0.0006493552, -0.00063528336, -0.0006236037, -0.0006191442, -0.00061271066, -0.0006086582, -0.0006077468, -0.0006084553, -0.0006117385, -0.0006178, -0.0006219811, -0.00063230976, -0.00064527633, -0.0006528581, -0.00067003677, -0.0006898174, -0.00070082804, -0.0007247263, -0.0007512716, -0.00078063447, -0.00079616805, -0.0008293578, -0.0008653835, -0.00088420796, -0.00092375313, -0.00096633186, -0.0010108335, -0.0010338497, -0.0010821731, -0.0011327986, -0.0011584981, -0.001211117, -0.0012664302, -0.0012947103, -0.0013511964, -0.0014080083, -0.001466562, -0.0014961717, -0.0015541823, -0.0016098124, -0.0016372835, -0.0016923309, -0.0017458316, -0.0017940443, -0.0018158245, -0.0018559275, -0.0018931868, -0.0019105165, -0.0019399475, -0.001959105, -0.0019645654, -0.001969222, -0.0019688092, -0.001964843, -0.0019607737, -0.0019459621, -0.0019204902, -0.0019041486, -0.0018682851, -0.0018352178, -0.001812909, -0.0018072501, -0.0018071075, -0.0018187119, -0.001827011, -0.0018443442, -0.0018576835, -0.0018614193, -0.0018615082, -0.001851174, -0.001831134, -0.0018179023, -0.0017860999, -0.0017483102, -0.0017275218, -0.0016826333, -0.0016333179, -0.0015792926, -0.0015503904, -0.0014895592, -0.0014306069, -0.0014077073, -0.0014026728, -0.0015042138
0, 0, 0, 0, 0, 0, -0.002234361, -0.0019183714, -0.0015536755, -0.001449117, -0.001449602, -0.0014639163, -0.0014989576, -0.0015328105, -0.0015480511, -0.0015753475, -0.0015987448, -0.0016180663, -0.0016260615, -0.0016384999, -0.0016453998, -0.0016467869, -0.0016453689, -0.0016393738, -0.0016352519, -0.0016275537, -0.0016231528, -0.0016246936, -0.0016279166, -0.0016383845, -0.0016528273, -0.0016610263, -0.0016776328, -0.0016923483, -0.0017013291, -0.001702559, -0.0016971591, -0.0016800635, -0.001667398, -0.0016356921, -0.0015978963, -0.0015772596, -0.0015322049, -0.0014829866, -0.0014322012, -0.0014069643, -0.0013563768, -0.0013039157, -0.0012768428, -0.0012220275, -0.0011677297, -0.0011142223, -0.0010881423, -0.0010386439, -0.00099255, -0.00096997124, -0.00092470314, -0.00088191754, -0.0008626498, -0.00082727894, -0.00079343794, -0.0007616774, -0.00074765185, -0.00072256813, -0.0006994927, -0.00068893255, -0.000670911, -0.00065644394, -0.0006440738, -0.00063907367, -0.0006318281, -0.0006274708, -0.0006262276, -0.0006258788, -0.000628794, -0.000634233, -0.0006380462, -0.00064786687, -0.0006603488, -0.000667635, -0.00068433856, -0.0007036422, -0.0007144148, -0.0007379371, -0.00076397444, -0.0007930093, -0.0008083476, -0.0008412258, -0.00087693054, -0.000895574, -0.00093482726, -0.0009770833, -0.0010212949, -0.0010441764, -0.0010922065, -0.0011425734, -0.0011681408, -0.0012205484, -0.0012756013, -0.0013037644, -0.0013600274, -0.001416563, -0.0014749242, -0.0015044223, -0.0015622294, -0.0016176758, -0.0016450317, -0.0016998765, -0.0017531111, -0.0018011887, -0.0018228177, -0.0018626831, -0.0018997317, -0.0019169333, -0.0019461887, -0.0019651477, -0.0019705358, -0.0019749727, -0.0019743892, -0.0019702397, -0.0019660713, -0.0019511083, -0.0019254216, -0.001909059, -0.0018730331, -0.001839812, -0.0018173745, -0.0018116832, -0.001811453, -0.001822919, -0.0018311366, -0.0018483547, -0.0018615404, -0.0018651943, -0.0018651044, -0.0018546425, -0.0018344311, -0.0018211094, -0.0017890984, -0.0017511442, -0.0017303241, -0.0016852367, -0.0016357756, -0.0015815537, -0.0015525307, -0.0014915052, -0.00143235, -0.0014093331, -0.0014040961, -0.0015055602
0, 0, 0, 0, 0, 0, 0, -0.0016541953, -0.001454553, -0.0013696514, -0.0013848344, -0.0014075367, -0.0014598701, -0.001510226, -0.001533154, -0.0015738842, -0.0016070498, -0.0016318521, -0.0016410304, -0.001653228, -0.0016575486, -0.0016570857, -0.0016517744, -0.0016420912, -0.0016367282, -0.0016275177, -0.0016233666, -0.0016258236, -0.0016295563, -0.0016407793, -0.0016558814, -0.0016644888, -0.0016829922, -0.0017001131, -0.0017118399, -0.0017142484, -0.0017111574, -0.0016963781, -0.001684671, -0.0016535047, -0.0016142898, -0.0015926029, -0.0015463314, -0.0014976913, -0.0014483297, -0.0014235484, -0.0013730844, -0.0013198084, -0.0012925391, -0.0012385298, -0.0011858225, -0.0011321042, -0.0011050013, -0.0010533062, -0.0010070825, -0.0009850038, -0.0009404151, -0.000896878, -0.0008769379, -0.00084092875, -0.00080701907, -0.0007748829, -0.0007604686, -0.00073499297, -0.00071180076, -0.0007009497, -0.0006822085, -0.0006673687, -0.00065492396, -0.00064966746, -0.0006418092, -0.00063709705, -0.00063571596, -0.00063512323, -0.0006375438, -0.00064271153, -0.0006463472, -0.00065592234, -0.00066807, -0.0006751791, -0.00069166196, -0.00071074505, -0.0007213099, -0.0007446775, -0.00077050587, -0.000799309, -0.0008145778, -0.0008472364, -0.0008827456, -0.00090134353, -0.00094041205, -0.0009825109, -0.0010266035, -0.0010493925, -0.0010973155, -0.0011474835, -0.0011730005, -0.0012253168, -0.0012802542, -0.0013083664, -0.0013644416, -0.0014209177, -0.0014791344, -0.001508595, -0.0015663046, -0.0016216043, -0.0016489059, -0.0017036803, -0.0017568063, -0.0018047465, -0.0018263643, -0.0018660967, -0.0019030231, -0.0019202114, -0.001949339, -0.0019681961, -0.001973527, -0.0019778826, -0.0019771764, -0.0019729608, -0.0019687589, -0.001953671, -0.0019279581, -0.0019115293, -0.0018753919, -0.0018421232, -0.0018196587, -0.0018139248, -0.0018136173, -0.0018250409, -0.0018332375, -0.0018503587, -0.0018634965, -0.0018671171, -0.0018669383, -0.0018563768, -0.001836089, -0.001822718, -0.0017906517, -0.0017526025, -0.0017317254, -0.0016865841, -0.0016370103, -0.001582701, -0.0015536146, -0.0014925043, -0.0014332333, -0.0014101745, -0.0014048369, -0.0015062157
0, 0, 0, 0, 0, 0, 0, -0.0019123959, -0.0014620515, -0.0013294407, -0.0013455242, -0.0013735256, -0.0014389259, -0.0015025409, -0.001531608, -0.0015831725, -0.0016238886, -0.0016521143, -0.0016616967, -0.0016722459, -0.0016732088, -0.001671014, -0.0016625696, -0.001651671, -0.0016463487, -0.0016383984, -0.0016355054, -0.0016377622, -0.0016406301, -0.001649623, -0.0016627262, -0.0016706039, -0.0016880073, -0.0017045094, -0.0017155831, -0.001717892, -0.0017150539, -0.0017018692, -0.0016913819, -0.0016626925, -0.0016250893, -0.0016041462, -0.0015602995, -0.0015150363, -0.0014681143, -0.0014436352, -0.0013915317, -0.0013354988, -0.0013073726, -0.0012541608, -0.0012041756, -0.0011514265, -0.0011236129, -0.0010695093, -0.0010221845, -0.0010002911, -0.0009562811, -0.00091235386, -0.0008919622, -0.0008553383, -0.0008213053, -0.0007887012, -0.0007737807, -0.0007476722, -0.00072453264, -0.00071360025, -0.00069411343, -0.00067860493, -0.0006658769, -0.00066050154, -0.0006522735, -0.00064704113, -0.0006454651, -0.0006444276, -0.00064662966, -0.0006514122, -0.00065477623, -0.000664066, -0.00067598256, -0.00068288366, -0.0006990753, -0.000717982, -0.0007284061, -0.0007514316, -0.000777152, -0.00080569874, -0.0008208929, -0.00085334573, -0.0008886495, -0.00090714236, -0.00094607065, -0.0009880026, -0.0010318895, -0.0010546371, -0.0011024137, -0.0011525109, -0.0011779392, -0.0012300675, -0.0012849233, -0.0013129637, -0.0013689538, -0.0014252389, -0.00148339, -0.0015127863, -0.0015703711, -0.0016255688, -0.0016528005, -0.0017074759, -0.0017605248, -0.0018083501, -0.0018298952, -0.0018695436, -0.0019063662, -0.0019234692, -0.001952507, -0.001971268, -0.0019765391, -0.0019808176, -0.0019800265, -0.0019756581, -0.0019714197, -0.0019563069, -0.0019304781, -0.0019139884, -0.0018778018, -0.0018444549, -0.0018219532, -0.0018162014, -0.0018158188, -0.0018271528, -0.0018353183, -0.0018523805, -0.0018654312, -0.0018690032, -0.0018687808, -0.0018581426, -0.0018377795, -0.0018243596, -0.0017921864, -0.001754065, -0.0017331296, -0.0016879357, -0.0016382707, -0.0015838202, -0.001554698, -0.0014935029, -0.0014341212, -0.0014109951, -0.0014055545, -0.0015068804
0, 0, 0, 0, 0, 0, 0, 0, -0.0014139062, -0.0013313678, -0.0013483322, -0.0013764999, -0.0014444571, -0.0015120065, -0.0015429461, -0.0015969935, -0.0016384351, -0.0016660965, -0.0016749275, -0.001683767, -0.0016838638, -0.0016815626, -0.0016746314, -0.0016673432, -0.0016644326, -0.0016614693, -0.0016617166, -0.0016638769, -0.0016655371, -0.0016710047, -0.0016802417, -0.0016863295, -0.0016997418, -0.0017115818, -0.0017175225, -0.0017176047, -0.0017114108, -0.0016974828, -0.001687754, -0.0016623399, -0.0016297041, -0.0016115921, -0.0015735538, -0.0015335227, -0.0014895339, -0.0014652649, -0.0014115981, -0.0013531819, -0.0013242828, -0.0012708133, -0.0012216532, -0.0011695354, -0.0011417303, -0.0010873568, -0.0010394442, -0.0010171502, -0.0009724415, -0.0009278692, -0.00090732466, -0.00087047706, -0.00083625806, -0.00080313685, -0.00078790705, -0.00076100254, -0.0007373654, -0.00072632276, -0.0007065548, -0.0006904094, -0.00067712076, -0.00067153, -0.0006628502, -0.0006573102, -0.00065558444, -0.0006539815, -0.00065577077, -0.00066037616, -0.0006635433, -0.0006722534, -0.00068406126, -0.00069087226, -0.000706573, -0.00072529115, -0.00073564163, -0.0007582998, -0.00078384584, -0.0008121827, -0.0008272393, -0.0008595313, -0.0008946701, -0.0009130251, -0.00095176446, -0.0009935342, -0.0010372556, -0.0010599191, -0.0011075819, -0.0011575697, -0.0011829261, -0.0012349042, -0.0012895773, -0.0013175756, -0.0013734706, -0.0014296455, -0.0014876865, -0.0015169904, -0.0015744885, -0.0016295495, -0.001656751, -0.0017112797, -0.0017642194, -0.0018119693, -0.0018334457, -0.0018730165, -0.0019097236, -0.0019267758, -0.0019556843, -0.0019743717, -0.0019795983, -0.001983708, -0.0019828612, -0.0019783957, -0.001974115, -0.0019589372, -0.0019329735, -0.0019164714, -0.0018802246, -0.0018468286, -0.0018242176, -0.0018184286, -0.001818055, -0.0018293008, -0.0018374372, -0.0018544324, -0.0018673735, -0.0018709206, -0.0018706141, -0.0018599222, -0.0018394424, -0.0018260201, -0.0017937439, -0.0017555404, -0.0017345684, -0.0016892614, -0.001639547, -0.0015849925, -0.0015558413, -0.0014944767, -0.0014350106, -0.0014118252, -0.0014062617, -0.0015075629
0, 0, 0, 0, 0, 0, 0, 0, -0.0016081056, -0.0014228456, -0.0013915316, -0.0014078082, -0.0014632712, -0.0015238884, -0.0015517374, -0.0015995853, -0.0016349388, -0.0016578396, -0.0016651028, -0.0016736569, -0.0016762399, -0.0016762752, -0.0016754115, -0.0016761379, -0.0016776735, -0.0016827765, -0.0016882819, -0.0016922787, -0.0016938393, -0.0016977396, -0.0017040336, -0.0017080723, -0.0017164641, -0.0017215181, -0.0017200672, -0.0017167381, -0.0017058355, -0.0016906827, -0.0016817596, -0.0016601334, -0.001633273, -0.001618283, -0.0015859904, -0.0015500145, -0.001508117, -0.0014843233, -0.0014312591, -0.001373335, -0.0013444469, -0.0012901594, -0.0012394971, -0.0011866409, -0.001158898, -0.0011053876, -0.0010576732, -0.0010350724, -0.0009895205, -0.0009445154, -0.0009237236, -0.0008860318, -0.00085123064, -0.0008181739, -0.00080288114, -0.00077513873, -0.0007505912, -0.0007393236, -0.00071930105, -0.00070255337, -0.00068890094, -0.00068310427, -0.00067360565, -0.0006676969, -0.0006659276, -0.00066394726, -0.000665023, -0.0006694672, -0.00067251414, -0.00068074645, -0.0006921286, -0.0006988951, -0.0007143265, -0.00073265337, -0.0007429015, -0.00076536037, -0.0007905833, -0.0008187317, -0.0008336903, -0.0008657462, -0.0009007193, -0.0009189913, -0.0009575149, -0.0009991217, -0.001042725, -0.0010652962, -0.0011127992, -0.0011626255, -0.0011879022, -0.0012397664, -0.0012942961, -0.0013222449, -0.0013780049, -0.0014341052, -0.001491967, -0.0015212406, -0.0015786123, -0.0016335585, -0.0016606809, -0.0017151454, -0.0017679716, -0.0018155832, -0.0018370103, -0.0018764541, -0.0019131135, -0.0019301459, -0.0019588824, -0.0019774712, -0.001982657, -0.001986664, -0.0019857315, -0.001981171, -0.001976856, -0.0019615516, -0.0019355373, -0.0019190111, -0.0018826739, -0.001849213, -0.0018265265, -0.0018207063, -0.0018202505, -0.0018314554, -0.001839566, -0.001856484, -0.0018693622, -0.0018728756, -0.0018724664, -0.0018616671, -0.0018411448, -0.001827675, -0.001795324, -0.0017570395, -0.0017360004, -0.0016906039, -0.0016407996, -0.001586173, -0.0015569793, -0.0014955063, -0.0014359078, -0.0014126725, -0.0014069879, -0.0015082456
0, 0, 0, 0, 0, 0, 0, 0, -0.0018819692, -0.0015237501, -0.0014313265, -0.0014326492, -0.0014708728, -0.0015201373, -0.001542721, -0.0015801102, -0.0016063672, -0.0016234403, -0.0016295755, -0.0016394671, -0.001647504, -0.0016512743, -0.0016589741, -0.0016689259, -0.0016750689, -0.0016881466, -0.0016993325, -0.001706079, -0.0017081503, -0.0017115944, -0.0017156968, -0.0017180911, -0.0017223929, -0.0017227891, -0.0017173645, -0.0017127487, -0.0017015531, -0.0016889997, -0.0016819155, -0.0016651752, -0.0016432815, -0.001630145, -0.0015999522, -0.0015640745, -0.0015223223, -0.0014992701, -0.0014488259, -0.0013937432, -0.0013655698, -0.0013107533, -0.001258179, -0.0012046798, -0.0011772588, -0.0011241781, -0.0010756744, -0.0010526074, -0.0010068481, -0.0009624509, -0.000941561, -0.0009026127, -0.00086658454, -0.0008334659, -0.0008181642, -0.00078974897, -0.00076459086, -0.0007531192, -0.0007323871, -0.00071478554, -0.0007010179, -0.0006951413, -0.0006848899, -0.0006782448, -0.00067631045, -0.0006741839, -0.0006746131, -0.0006785724, -0.0006815891, -0.0006894444, -0.0007004466, -0.00070704886, -0.00072217674, -0.0007401659, -0.0007503069, -0.00077246287, -0.0007974906, -0.00082535524, -0.00084019033, -0.0008720696, -0.0009068118, -0.00092501316, -0.0009633302, -0.0010047728, -0.0010482435, -0.0010707416, -0.001118035, -0.0011676991, -0.0011929349, -0.0012446707, -0.0012990782, -0.0013269321, -0.0013825746, -0.0014385367, -0.0014963133, -0.0015255654, -0.0015827538, -0.0016375999, -0.0016646872, -0.0017190102, -0.0017717482, -0.001819209, -0.001840607, -0.0018799533, -0.0019165096, -0.0019334669, -0.001962137, -0.0019805995, -0.0019857183, -0.0019896892, -0.0019886326, -0.0019839974, -0.001979607, -0.001964206, -0.0019381184, -0.0019215203, -0.0018851158, -0.0018515863, -0.0018288493, -0.0018230126, -0.0018224623, -0.0018336141, -0.0018417175, -0.0018585768, -0.0018713458, -0.0018748326, -0.0018743557, -0.0018634493, -0.0018428357, -0.0018293253, -0.0017968843, -0.0017585201, -0.0017374647, -0.0016919841, -0.0016420538, -0.001587338, -0.0015580929, -0.0014965589, -0.0014368398, -0.0014135208, -0.0014077452, -0.001508954
0, 0, 0, 0, 0, 0, 0, 0, -0.0017718122, -0.0015426981, -0.0014350442, -0.0014285317, -0.0014563588, -0.0014978629, -0.0015165785, -0.0015460124, -0.0015654324, -0.0015793847, -0.0015856733, -0.0015992151, -0.0016142435, -0.0016218579, -0.0016372257, -0.0016532649, -0.0016619264, -0.0016789204, -0.0016922323, -0.0016993267, -0.001700939, -0.0017020222, -0.0017022073, -0.0017026243, -0.0017036281, -0.001703638, -0.0017015897, -0.0017001694, -0.0016973199, -0.0016935593, -0.0016903474, -0.0016794158, -0.0016605712, -0.0016477939, -0.0016160615, -0.0015777056, -0.0015354645, -0.0015132751, -0.0014657229, -0.0014127892, -0.001384951, -0.0013296283, -0.001276929, -0.0012243328, -0.0011974268, -0.001144095, -0.0010939691, -0.0010702695, -0.0010246048, -0.000980802, -0.00095972547, -0.0009196909, -0.00088305096, -0.00084968994, -0.0008338473, -0.0008043853, -0.00077891303, -0.00076757005, -0.0007462278, -0.0007274183, -0.00071321806, -0.00070728705, -0.0006965981, -0.0006891194, -0.0006868655, -0.00068450224, -0.0006845016, -0.00068788417, -0.0006907371, -0.0006983488, -0.00070886203, -0.0007152856, -0.00073018024, -0.0007477499, -0.00075775734, -0.00077972154, -0.00080440374, -0.00083213067, -0.000846786, -0.0008784836, -0.000912973, -0.0009310573, -0.0009692725, -0.0010105075, -0.0010537802, -0.0010761727, -0.0011233005, -0.001172842, -0.0011979857, -0.0012496295, -0.0013039047, -0.0013317048, -0.0013872026, -0.0014430131, -0.0015006566, -0.0015298531, -0.0015869525, -0.0016417105, -0.0016687495, -0.0017229175, -0.0017755085, -0.0018229195, -0.0018442533, -0.0018834905, -0.0019198994, -0.001936786, -0.001965402, -0.0019837646, -0.0019888158, -0.0019926752, -0.0019915295, -0.001986812, -0.0019823832, -0.0019668892, -0.0019407159, -0.0019240935, -0.0018875723, -0.0018540086, -0.0018311889, -0.0018253179, -0.0018247304, -0.0018358374, -0.0018438809, -0.0018606533, -0.0018733772, -0.0018768013, -0.0018762486, -0.0018652573, -0.0018445358, -0.0018309884, -0.0017984678, -0.0017600121, -0.0017389313, -0.0016933702, -0.0016433507, -0.0015885192, -0.0015592244, -0.0014975682, -0.0014377752, -0.0014143966, -0.0014085002, -0.0015096833
0, 0, 0, 0, 0, 0, 0, 0, -0.002094117, -0.0015910327, -0.0014254423, -0.0014111936, -0.0014337326, -0.0014725587, -0.0014897918, -0.0015167459, -0.0015353644, -0.0015511062, -0.0015596033, -0.0015785111, -0.0015997447, -0.0016102546, -0.0016294109, -0.0016461808, -0.0016538328, -0.001667138, -0.0016751841, -0.0016762349, -0.0016745601, -0.0016689813, -0.0016636169, -0.001662179, -0.0016625985, -0.0016677786, -0.0016770723, -0.0016828515, -0.0016946273, -0.0017021437, -0.0017027082, -0.0016959945, -0.0016784827, -0.001665607, -0.001632654, -0.0015927694, -0.0015502805, -0.0015285637, -0.0014823865, -0.001430419, -0.0014028131, -0.0013477573, -0.001295533, -0.001243926, -0.0012174483, -0.0011642786, -0.0011134406, -0.0010894071, -0.0010433357, -0.0009992329, -0.0009778386, -0.0009371968, -0.0009001863, -0.0008664905, -0.0008503063, -0.000819733, -0.00079349347, -0.0007819161, -0.00076033897, -0.000740882, -0.00072558294, -0.0007193636, -0.0007086077, -0.0007003995, -0.0006977539, -0.0006949566, -0.0006946511, -0.00069742237, -0.00070006575, -0.00070741225, -0.00071741774, -0.0007236413, -0.00073831045, -0.0007555635, -0.0007653569, -0.00078712887, -0.0008114606, -0.00083897257, -0.0008535019, -0.0008848853, -0.00091926515, -0.0009372138, -0.0009752532, -0.0010163061, -0.0010593726, -0.0010816983, -0.0011286974, -0.0011780165, -0.0012030983, -0.001254586, -0.001308771, -0.001336474, -0.001391849, -0.0014475639, -0.0015050735, -0.0015341787, -0.0015911858, -0.001645816, -0.001672784, -0.0017268502, -0.0017793478, -0.0018266232, -0.0018479199, -0.0018870562, -0.0019233357, -0.0019401942, -0.0019686692, -0.0019869185, -0.0019919341, -0.001995681, -0.0019944417, -0.00198961, -0.0019851683, -0.0019695947, -0.0019433162, -0.0019266811, -0.0018900802, -0.00185641, -0.0018335544, -0.0018276571, -0.0018270168, -0.0018380447, -0.0018460323, -0.0018627662, -0.0018754167, -0.0018787866, -0.00187813, -0.0018670942, -0.0018462802, -0.0018326622, -0.001800075, -0.0017615329, -0.0017403972, -0.0016947495, -0.0016446104, -0.0015897325, -0.0015603986, -0.0014986214, -0.001438677, -0.0014152412, -0.0014092692, -0.0015103817
0, 0, 0, 0, 0, 0, 0, 0, 0, -0.0015399626, -0.0014301944, -0.0014149264, -0.0014300094, -0.0014649036, -0.0014820861, -0.0015115491, -0.0015357631, -0.0015583088, -0.0015700031, -0.001594404, -0.0016185588, -0.0016292444, -0.0016458277, -0.0016555085, -0.0016580698, -0.0016591097, -0.0016540546, -0.0016430279, -0.001635996, -0.0016227786, -0.001614601, -0.0016136237, -0.0016188906, -0.0016337901, -0.0016565261, -0.0016693299, -0.0016933609, -0.0017086976, -0.001711681, -0.0017081617, -0.0016930896, -0.0016812523, -0.0016489528, -0.0016083593, -0.0015648894, -0.0015430494, -0.0014978236, -0.0014479726, -0.0014212128, -0.0013669906, -0.0013142962, -0.0012626265, -0.0012366364, -0.0011845394, -0.0011338834, -0.0011094752, -0.0010626372, -0.0010182209, -0.0009967509, -0.00095544284, -0.00091750285, -0.0008834555, -0.0008672459, -0.00083593966, -0.0008083877, -0.0007964314, -0.00077476574, -0.0007547427, -0.00073825644, -0.0007317157, -0.00072082714, -0.00071193685, -0.00070888863, -0.0007056069, -0.00070499897, -0.00070718327, -0.0007095155, -0.0007165538, -0.0007262226, -0.00073221436, -0.0007464817, -0.00076351565, -0.0007731378, -0.00079454697, -0.0008186724, -0.0008458215, -0.00086028257, -0.00089145213, -0.0009255835, -0.00094349025, -0.0009812682, -0.0010221668, -0.001065039, -0.0010873188, -0.0011341249, -0.0011832764, -0.0012082863, -0.0012596112, -0.001313647, -0.0013412812, -0.0013965034, -0.0014521256, -0.0015095264, -0.0015385698, -0.0015954445, -0.001649943, -0.0016768406, -0.0017308178, -0.0017832167, -0.0018303674, -0.0018515962, -0.0018905933, -0.0019268087, -0.0019436289, -0.0019719582, -0.001990109, -0.0019950713, -0.0019987363, -0.0019973768, -0.0019924694, -0.001987949, -0.0019722912, -0.0019459623, -0.0019292261, -0.0018925893, -0.0018588373, -0.0018359703, -0.0018300303, -0.0018292943, -0.0018402714, -0.0018482005, -0.0018648976, -0.0018774233, -0.0018807756, -0.0018800665, -0.0018688999, -0.001848048, -0.0018343901, -0.0018017002, -0.0017630567, -0.0017418558, -0.0016961467, -0.0016459246, -0.0015909341, -0.001561534, -0.0014997066, -0.0014396019, -0.0014161199, -0.0014100452, -0.00151105
0, 0, 0, 0, 0, 0, 0, 0, 0, -0.0017816343, -0.001542124, -0.0014861445, -0.0014587346, -0.0014816442, -0.0014987105, -0.0015340097, -0.0015671579, -0.0015978668, -0.0016125164, -0.001639299, -0.0016604428, -0.0016678382, -0.001674948, -0.0016719381, -0.0016671722, -0.0016532065, -0.0016340502, -0.0016117969, -0.0016011251, -0.0015845471, -0.0015790971, -0.0015811959, -0.0015943404, -0.001618422, -0.0016493301, -0.0016655017, -0.0016937092, -0.0017108292, -0.0017145708, -0.0017133087, -0.0017019362, -0.0016919127, -0.0016621005, -0.0016223026, -0.001578695, -0.0015568633, -0.0015127627, -0.001465407, -0.0014398791, -0.0013866037, -0.0013332113, -0.0012814383, -0.0012559865, -0.0012051772, -0.0011546361, -0.0011298462, -0.0010823302, -0.0010378443, -0.0010163499, -0.0009743073, -0.00093510776, -0.00090069, -0.0008845785, -0.00085279235, -0.0008236796, -0.000811186, -0.00078933046, -0.00076899555, -0.0007513942, -0.00074439077, -0.00073304115, -0.0007239629, -0.00072046585, -0.0007163185, -0.00071545516, -0.00071721873, -0.00071921706, -0.00072582404, -0.0007352173, -0.0007409705, -0.00075485406, -0.00077156705, -0.0007810215, -0.00080214906, -0.00082597794, -0.00085282564, -0.0008671986, -0.00089807657, -0.0009320031, -0.0009498198, -0.0009873576, -0.0010280713, -0.0010707781, -0.0010929346, -0.0011395941, -0.0011886611, -0.0012135518, -0.0012646978, -0.0013185643, -0.0013461414, -0.0014012426, -0.0014567524, -0.0015139804, -0.0015429781, -0.001599723, -0.0016541113, -0.0016809711, -0.0017348069, -0.001787095, -0.0018341186, -0.0018552874, -0.0018942044, -0.0019303198, -0.0019470737, -0.0019752972, -0.0019933132, -0.0019982462, -0.002001809, -0.0020003428, -0.001995349, -0.0019907875, -0.001975026, -0.0019485931, -0.0019318381, -0.0018951332, -0.0018613202, -0.0018383722, -0.0018324021, -0.0018316149, -0.0018425029, -0.0018504384, -0.0018669917, -0.0018794993, -0.001882811, -0.0018820192, -0.0018707525, -0.0018497931, -0.0018361105, -0.0018033495, -0.001764613, -0.001743359, -0.0016975324, -0.0016472682, -0.0015921742, -0.0015627156, -0.0015007418, -0.0014405735, -0.001417039, -0.0014108039, -0.0015117532
0, 0, 0, 0, 0, 0, 0, 0, 0, -0.0021667995, -0.0016755706, -0.001560698, -0.0014841725, -0.0014991474, -0.0015183352, -0.0015622494, -0.0016045567, -0.0016410446, -0.0016565516, -0.0016805057, -0.0016937109, -0.0016959313, -0.0016916066, -0.0016777238, -0.0016680845, -0.0016455958, -0.0016205534, -0.0015962176, -0.0015860657, -0.001573636, -0.0015747648, -0.0015804163, -0.0015997601, -0.0016270188, -0.0016580842, -0.0016732921, -0.0016986391, -0.001713176, -0.0017162334, -0.0017149175, -0.0017048181, -0.0016956845, -0.0016683768, -0.0016317044, -0.0015913389, -0.0015708051, -0.0015285733, -0.0014829776, -0.0014582556, -0.0014057597, -0.0013525388, -0.0013011706, -0.0012761926, -0.0012259313, -0.001175127, -0.001150065, -0.0011025019, -0.0010582759, -0.0010367333, -0.0009936222, -0.00095296156, -0.0009179896, -0.00090193114, -0.00087018445, -0.00083975936, -0.00082643575, -0.0008037544, -0.00078341377, -0.0007652283, -0.0007575851, -0.0007452615, -0.0007360428, -0.00073237345, -0.0007274504, -0.00072598783, -0.0007273928, -0.0007292041, -0.0007353133, -0.000744285, -0.0007498381, -0.0007634113, -0.0007797756, -0.000789006, -0.0008098448, -0.00083341764, -0.00085994526, -0.0008741873, -0.0009048531, -0.00093850354, -0.00095618475, -0.0009935822, -0.0010340251, -0.0010765941, -0.0010986315, -0.0011451454, -0.0011940124, -0.0012188503, -0.0012698583, -0.0013235684, -0.001351069, -0.0014060385, -0.0014613899, -0.0015185067, -0.00154744, -0.0016040666, -0.001658318, -0.0016851404, -0.0017388493, -0.0017909835, -0.001837941, -0.0018590122, -0.0018978523, -0.001933832, -0.0019505137, -0.0019786442, -0.001996563, -0.0020014471, -0.0020049012, -0.0020033394, -0.001998235, -0.0019936336, -0.0019777785, -0.0019512675, -0.0019344738, -0.0018976775, -0.0018638045, -0.0018407684, -0.0018347884, -0.001833948, -0.001844751, -0.0018526776, -0.001869142, -0.0018815788, -0.0018848322, -0.0018839291, -0.0018726412, -0.0018515621, -0.0018378316, -0.0018049756, -0.0017661799, -0.0017448995, -0.0016989621, -0.0016485939, -0.0015933991, -0.0015639063, -0.0015017889, -0.0014415126, -0.0014179198, -0.001411572, -0.0015124993
0, 0, 0, 0, 0, 0, 0, 0, 0, -0.0021533952, -0.0016615597, -0.001541488, -0.0014638299, -0.001486323, -0.0015104227, -0.0015637522, -0.001612107, -0.0016501273, -0.0016643624, -0.0016826814, -0.0016877453, -0.0016859032, -0.0016756592, -0.0016597761, -0.0016507303, -0.0016317205, -0.001613248, -0.0015977428, -0.0015925153, -0.0015896983, -0.0015981402, -0.0016060192, -0.001626963, -0.0016517198, -0.0016775876, -0.001689896, -0.0017103234, -0.0017211596, -0.001722557, -0.0017181004, -0.0017048063, -0.0016949069, -0.0016689557, -0.0016376111, -0.0016033336, -0.0015849144, -0.0015444855, -0.0014991822, -0.0014748605, -0.0014240416, -0.0013729205, -0.0013230466, -0.0012980952, -0.0012469662, -0.0011951452, -0.0011700613, -0.0011227787, -0.0010788289, -0.0010572071, -0.0010137603, -0.00097194925, -0.0009353088, -0.0009187582, -0.0008872436, -0.000856869, -0.0008428528, -0.00081828574, -0.00079756544, -0.0007793661, -0.00077123626, -0.00075790845, -0.00074815017, -0.0007442329, -0.00073876785, -0.0007368685, -0.0007377221, -0.0007392532, -0.00074493286, -0.0007535797, -0.0007588912, -0.0007719895, -0.0007881408, -0.0007971984, -0.0008176007, -0.0008409683, -0.00086716015, -0.0008812562, -0.00091171724, -0.00094512734, -0.00096266763, -0.000999847, -0.0010401041, -0.0010824437, -0.0011044152, -0.0011507606, -0.0011993999, -0.0012241816, -0.001275045, -0.0013286249, -0.0013560657, -0.001410876, -0.0014660357, -0.0015230766, -0.0015519388, -0.0016084121, -0.0016625765, -0.0016893375, -0.0017429227, -0.0017949425, -0.0018417595, -0.0018628112, -0.0019014941, -0.0019373831, -0.0019539995, -0.0019820265, -0.0019998534, -0.0020046565, -0.002007999, -0.002006353, -0.0020011556, -0.0019965146, -0.0019805694, -0.0019539676, -0.001937137, -0.0019002527, -0.0018662979, -0.0018431935, -0.0018371963, -0.0018362785, -0.001847024, -0.0018549097, -0.0018713535, -0.0018836234, -0.0018868516, -0.0018859004, -0.0018745129, -0.0018533753, -0.0018395806, -0.001806629, -0.0017677383, -0.0017464393, -0.0017004197, -0.0016499338, -0.0015946318, -0.0015650503, -0.0015028779, -0.0014424666, -0.0014187989, -0.0014123536, -0.0015132718
0, 0, 0, 0, 0, 0, 0, 0, 0, 0, -0.0015787226, -0.0014874347, -0.0014157234, -0.001442631, -0.0014700313, -0.0015280644, -0.0015778341, -0.0016143294, -0.0016269888, -0.0016415959, -0.001643952, -0.0016419082, -0.0016345165, -0.0016259792, -0.0016220792, -0.0016148938, -0.0016092068, -0.0016064529, -0.0016068902, -0.0016132359, -0.0016267726, -0.0016356579, -0.0016562406, -0.0016778465, -0.0016984852, -0.0017080256, -0.0017234281, -0.0017306344, -0.0017302391, -0.0017221237, -0.0017058948, -0.0016954669, -0.0016716192, -0.0016456041, -0.0016159784, -0.001598692, -0.0015588887, -0.0015141251, -0.0014906493, -0.0014422775, -0.0013932496, -0.0013446044, -0.001319918, -0.0012689558, -0.0012170624, -0.0011916202, -0.0011431702, -0.0010979723, -0.0010763981, -0.0010342046, -0.000992454, -0.00095335685, -0.0009356993, -0.0009037829, -0.0008739114, -0.0008595371, -0.00083355256, -0.0008120247, -0.0007933265, -0.00078488264, -0.00077088847, -0.0007605717, -0.0007563421, -0.00075027044, -0.0007478001, -0.00074833626, -0.000749615, -0.0007546806, -0.00076302025, -0.0007682258, -0.00078075466, -0.0007965698, -0.00080554927, -0.0008255698, -0.0008485921, -0.0008745623, -0.00088850956, -0.00091868325, -0.0009518027, -0.0009692778, -0.0010061765, -0.001046257, -0.0010883661, -0.0011102745, -0.0011564054, -0.0012049429, -0.0012296031, -0.0012802916, -0.0013337174, -0.0013610974, -0.0014157792, -0.0014707887, -0.001527678, -0.0015564867, -0.0016128459, -0.0016668541, -0.0016935107, -0.0017470282, -0.0017989796, -0.0018456456, -0.0018666367, -0.0019051906, -0.0019409463, -0.0019575194, -0.0019854407, -0.0020031687, -0.002007923, -0.002011138, -0.0020093902, -0.0020041023, -0.0019994099, -0.0019833744, -0.0019566698, -0.001939798, -0.0019028487, -0.0018688339, -0.0018456753, -0.0018396106, -0.0018386346, -0.0018493392, -0.0018571541, -0.0018735048, -0.0018857238, -0.0018889387, -0.0018878996, -0.0018764074, -0.0018551784, -0.0018413474, -0.0018083114, -0.0017693337, -0.0017479621, -0.0017018636, -0.0016512903, -0.00159588, -0.0015662445, -0.0015039779, -0.0014434514, -0.0014197166, -0.0014131543, -0.0015139849
0, 0, 0, 0, 0, 0, 0, 0, 0, 0, -0.0016985867, -0.0015149971, -0.0013817452, -0.001396203, -0.0014214803, -0.0014765831, -0.0015233298, -0.001557327, -0.001569417, -0.0015847299, -0.001591176, -0.0015924133, -0.0015941666, -0.001597108, -0.0015992913, -0.0016039693, -0.001609034, -0.001615151, -0.0016191478, -0.0016306521, -0.0016466081, -0.0016558804, -0.0016753383, -0.0016936611, -0.0017091763, -0.0017158117, -0.0017266889, -0.0017318564, -0.0017314032, -0.001724138, -0.0017099248, -0.0017009216, -0.0016804961, -0.001657229, -0.0016287904, -0.001611894, -0.0015732847, -0.0015308043, -0.0015086444, -0.001461645, -0.0014127557, -0.0013642639, -0.0013401338, -0.0012908927, -0.0012402157, -0.0012147946, -0.0011648518, -0.0011176297, -0.0010954213, -0.0010535335, -0.0010125664, -0.00097251736, -0.00095394684, -0.0009206352, -0.0008903786, -0.00087587524, -0.00084921485, -0.00082681666, -0.000807501, -0.0007987763, -0.0007839955, -0.00077305885, -0.0007687316, -0.00076207053, -0.0007588328, -0.0007590701, -0.00076017366, -0.0007646813, -0.0007725461, -0.00077758695, -0.00078977435, -0.0008051016, -0.00081395253, -0.0008336495, -0.0008563328, -0.00088207546, -0.00089584413, -0.00092577445, -0.0009586307, -0.0009759085, -0.0010126224, -0.0010524708, -0.0010943835, -0.0011161674, -0.0011621361, -0.0012105095, -0.0012350735, -0.0012855881, -0.0013388421, -0.0013661664, -0.001420698, -0.0014755948, -0.001532327, -0.001561056, -0.0016173077, -0.0016712033, -0.0016977858, -0.0017511827, -0.0018029737, -0.0018495537, -0.0018704772, -0.0019089181, -0.0019445671, -0.0019610971, -0.0019888917, -0.0020064842, -0.0020111748, -0.0020143401, -0.0020124651, -0.002007088, -0.0020023251, -0.0019861632, -0.0019593947, -0.0019425008, -0.0019054817, -0.0018714058, -0.001848158, -0.0018420571, -0.0018410146, -0.0018516408, -0.0018594105, -0.0018756823, -0.0018878656, -0.0018910089, -0.0018898835, -0.0018783069, -0.001856972, -0.0018431165, -0.0018100156, -0.0017709256, -0.0017495217, -0.0017033295, -0.0016526334, -0.0015971402, -0.0015674935, -0.0015050909, -0.0014444374, -0.0014206304, -0.0014139671, -0.0015147128
0, 0, 0, 0, 0, 0, 0, 0, 0, 0, -0.0015478819, -0.0014793007, -0.0013828258, -0.0013808844, -0.0013982616, -0.0014420465, -0.0014827924, -0.0015149297, -0.001527464, -0.0015468094, -0.001560313, -0.0015661357, -0.0015779097, -0.0015904093, -0.0015966009, -0.0016081787, -0.0016176589, -0.0016264591, -0.00163136, -0.0016433097, -0.0016580626, -0.0016660447, -0.0016812657, -0.0016939064, -0.0017034826, -0.0017079752, -0.0017169876, -0.0017241555, -0.001725864, -0.0017241943, -0.0017157361, -0.0017092245, -0.0016919516, -0.0016696057, -0.0016415328, -0.0016251756, -0.0015890872, -0.001550058, -0.001529122, -0.0014829754, -0.0014331037, -0.0013838442, -0.0013598241, -0.0013118428, -0.0012624618, -0.0012374779, -0.00118735, -0.0011387437, -0.0011157256, -0.0010726668, -0.0010317441, -0.0009915414, -0.0009725572, -0.0009380029, -0.0009070888, -0.00089236355, -0.00086491514, -0.000841635, -0.00082188926, -0.00081297266, -0.00079739676, -0.0007857264, -0.0007811766, -0.0007740714, -0.00077022944, -0.00076994457, -0.000770892, -0.0007748624, -0.00078225735, -0.00078717165, -0.00079891714, -0.0008138085, -0.00082254194, -0.0008418946, -0.0008641946, -0.0008896939, -0.00090332003, -0.00093289715, -0.0009655797, -0.0009827209, -0.0010191734, -0.0010587903, -0.0011004924, -0.0011221776, -0.0011679644, -0.0012161045, -0.0012406475, -0.0012909994, -0.0013440818, -0.0013712773, -0.0014256834, -0.0014804604, -0.0015370544, -0.0015656949, -0.0016217954, -0.0016755998, -0.0017021272, -0.0017553715, -0.0018070058, -0.0018534731, -0.0018743513, -0.0019126815, -0.0019482292, -0.001964691, -0.0019923989, -0.0020098684, -0.0020145008, -0.0020174999, -0.0020155949, -0.0020101026, -0.002005293, -0.0019890445, -0.0019621507, -0.001945202, -0.0019081266, -0.0018739752, -0.0018506673, -0.0018445313, -0.0018434119, -0.0018539608, -0.0018617184, -0.0018779456, -0.0018900065, -0.0018931192, -0.0018918958, -0.0018802206, -0.0018588246, -0.0018449209, -0.0018117218, -0.0017725383, -0.0017510795, -0.0017047845, -0.0016540196, -0.0015984239, -0.0015687218, -0.0015061783, -0.0014454072, -0.0014215715, -0.0014148083, -0.0015154692
0, 0, 0, 0, 0, 0, 0, 0, 0, 0, -0.0018601939, -0.0017217081, -0.0014905861, -0.0014153577, -0.0014138584, -0.0014394813, -0.0014746072, -0.001506628, -0.0015204649, -0.0015438033, -0.0015634476, -0.0015728433, -0.0015912133, -0.0016086148, -0.0016164207, -0.0016295162, -0.0016389398, -0.0016462721, -0.0016500888, -0.0016587214, -0.0016679373, -0.0016721862, -0.0016788837, -0.0016831293, -0.0016873372, -0.0016908819, -0.0017012634, -0.0017134446, -0.0017184386, -0.0017236818, -0.0017214133, -0.001717292, -0.0017029238, -0.0016814715, -0.0016541643, -0.0016388296, -0.0016058949, -0.0015700457, -0.0015503344, -0.0015053438, -0.0014552138, -0.0014050284, -0.0013806679, -0.0013327427, -0.0012840157, -0.0012591921, -0.0012093144, -0.0011603454, -0.0011368017, -0.0010923862, -0.001050694, -0.0010105487, -0.0009912521, -0.0009555266, -0.000923688, -0.0009088123, -0.0008810947, -0.0008568086, -0.0008362193, -0.0008271128, -0.0008110359, -0.0007986778, -0.0007938591, -0.00078631274, -0.0007817645, -0.00078103726, -0.000781811, -0.0007853053, -0.0007921128, -0.00079681235, -0.00080833875, -0.0008226907, -0.0008311856, -0.0008503295, -0.0008722286, -0.0008974186, -0.0009109437, -0.0009401542, -0.00097259093, -0.0009896441, -0.001025827, -0.0010651815, -0.0011066914, -0.0011282868, -0.0011738571, -0.0012218576, -0.0012462358, -0.0012964433, -0.0013493743, -0.0013765097, -0.001430776, -0.0014853646, -0.0015417972, -0.0015703862, -0.0016263797, -0.0016799995, -0.0017064873, -0.0017595891, -0.0018111134, -0.001857478, -0.0018782632, -0.0019165014, -0.0019519078, -0.0019683081, -0.0019959158, -0.002013247, -0.0020178428, -0.0020207523, -0.0020187194, -0.0020131303, -0.0020082763, -0.0019919425, -0.001964965, -0.0019479591, -0.001910766, -0.001876561, -0.0018531912, -0.001847016, -0.0018458489, -0.0018563181, -0.001864045, -0.0018801676, -0.0018922006, -0.0018952637, -0.0018939234, -0.0018821628, -0.0018606741, -0.0018467327, -0.0018134242, -0.0017741697, -0.0017526514, -0.0017062613, -0.0016554137, -0.0015997253, -0.0015699491, -0.001507283, -0.0014464055, -0.0014225289, -0.0014156047, -0.0015162519
0, 0, 0, 0, 0, 0, 0, 0, 0, 0, -0.002420225, -0.0020922218, -0.001619624, -0.0014567021, -0.0014390777, -0.0014550035, -0.0014915062, -0.0015266339, -0.0015419861, -0.0015683534, -0.0015908738, -0.0016015221, -0.0016215441, -0.0016388437, -0.0016460428, -0.0016569789, -0.0016635637, -0.0016679997, -0.0016698771, -0.0016733911, -0.0016757301, -0.0016759636, -0.0016748119, -0.0016732379, -0.001675554, -0.0016792853, -0.001692302, -0.0017079599, -0.0017148786, -0.001724241, -0.0017258963, -0.001723461, -0.0017123475, -0.0016931322, -0.0016679068, -0.0016536759, -0.0016231799, -0.0015895449, -0.0015707165, -0.0015277959, -0.0014785392, -0.0014276042, -0.001402699, -0.0013540788, -0.0013055227, -0.0012807567, -0.0012309047, -0.0011817875, -0.0011579613, -0.0011122955, -0.0010696069, -0.0010293517, -0.0010099949, -0.00097342546, -0.00094048673, -0.0009253157, -0.00089706486, -0.0008721523, -0.0008509862, -0.00084162067, -0.0008248366, -0.00081174436, -0.00080671185, -0.0007988518, -0.0007936334, -0.0007921925, -0.0007928141, -0.0007959903, -0.00080216164, -0.0008066237, -0.0008178582, -0.0008318298, -0.00084002054, -0.00085880404, -0.000880427, -0.00090523536, -0.00091860554, -0.0009475904, -0.0009796821, -0.000996617, -0.0010325859, -0.0010717065, -0.0011129949, -0.001134458, -0.0011798475, -0.0012276381, -0.0012519661, -0.0013019505, -0.0013547802, -0.0013818261, -0.0014358538, -0.0014903238, -0.0015466377, -0.0015751626, -0.0016309804, -0.0016844857, -0.0017108911, -0.0017638842, -0.0018153244, -0.0018615103, -0.0018822409, -0.0019203094, -0.001955652, -0.0019719999, -0.0019994525, -0.0020166568, -0.0020212007, -0.0020240434, -0.0020218843, -0.002016177, -0.002011296, -0.0019948664, -0.0019677994, -0.0019507412, -0.00191347, -0.0018791441, -0.0018557351, -0.001849559, -0.0018483113, -0.001858709, -0.0018664019, -0.0018824213, -0.0018944035, -0.0018973983, -0.0018959534, -0.0018841309, -0.0018625496, -0.0018485625, -0.0018151358, -0.0017758099, -0.0017542634, -0.0017077766, -0.0016568141, -0.0016010205, -0.0015711912, -0.0015084266, -0.0014474227, -0.0014234437, -0.0014164122, -0.001517043
0, 0, 0, 0, 0, 0, 0, 0, 0, 0, 0, -0.0020825898, -0.0016324392, -0.0014660375, -0.0014492613, -0.0014709596, -0.0015138615, -0.0015535139, -0.0015703336, -0.0015981765, -0.001620857, -0.0016309732, -0.0016492159, -0.001663562, -0.0016690051, -0.001676532, -0.0016802804, -0.0016815658, -0.0016815701, -0.0016807525, -0.0016781668, -0.0016762976, -0.0016723044, -0.0016707013, -0.0016752357, -0.0016803325, -0.0016949151, -0.0017107856, -0.0017177685, -0.0017280052, -0.0017319893, -0.0017310922, -0.0017232102, -0.0017066011, -0.0016827756, -0.0016691237, -0.0016398729, -0.0016080317, -0.0015904276, -0.0015499856, -0.0015025741, -0.0014513122, -0.0014256713, -0.0013758286, -0.0013268684, -0.0013020922, -0.0012521781, -0.0012030097, -0.0011791171, -0.0011326798, -0.0010887835, -0.0010477159, -0.0010282494, -0.0009914489, -0.0009578421, -0.00094227475, -0.00091317476, -0.0008874783, -0.0008658355, -0.00085632724, -0.00083914876, -0.0008250285, -0.00081955, -0.0008114375, -0.0008058926, -0.0008035982, -0.000803921, -0.0008068563, -0.00081251684, -0.000816675, -0.00082749256, -0.0008410473, -0.0008490737, -0.00086748664, -0.0008887363, -0.0009132206, -0.0009263822, -0.00095514255, -0.0009868876, -0.001003753, -0.0010393908, -0.0010783708, -0.0011193908, -0.0011407424, -0.0011859192, -0.0012334815, -0.0012577367, -0.0013075426, -0.0013601811, -0.0013871513, -0.0014410445, -0.001495333, -0.0015515399, -0.0015799738, -0.0016356221, -0.0016890069, -0.0017153735, -0.0017682437, -0.0018195107, -0.0018655844, -0.0018862707, -0.0019241978, -0.0019594033, -0.001975714, -0.0020030627, -0.002020165, -0.0020246296, -0.002027319, -0.0020251002, -0.0020192452, -0.0020143096, -0.0019978473, -0.0019706297, -0.001953533, -0.0019161975, -0.0018817944, -0.0018582939, -0.0018520919, -0.0018507738, -0.0018611423, -0.0018687949, -0.0018847411, -0.0018965752, -0.0018995287, -0.0018980476, -0.0018861064, -0.0018644144, -0.0018503971, -0.0018169072, -0.0017774754, -0.0017558855, -0.0017092946, -0.0016582413, -0.0016023224, -0.0015724498, -0.0015095953, -0.0014484369, -0.0014243855, -0.0014172693, -0.0015178162
0, 0, 0, 0, 0, 0, 0, 0, 0, 0, 0, 0, -0.0016373758, -0.0014880687, -0.0014655017, -0.0014809261, -0.0015238904, -0.0015654922, -0.0015833152, -0.0016124096, -0.0016349067, -0.0016443111, -0.001659784, -0.0016710834, -0.0016751796, -0.001680815, -0.0016832593, -0.0016831851, -0.0016824274, -0.0016798518, -0.0016765821, -0.0016752116, -0.001674357, -0.0016778258, -0.0016867223, -0.0016930203, -0.0017067186, -0.001719588, -0.001725231, -0.001734654, -0.0017406212, -0.001741696, -0.0017376873, -0.0017237401, -0.001700546, -0.00168679, -0.0016575754, -0.0016263495, -0.0016092197, -0.0015703775, -0.0015253547, -0.0014757868, -0.0014502801, -0.0013992245, -0.0013483958, -0.001323, -0.0012726143, -0.0012237598, -0.0011999853, -0.0011534509, -0.0011084195, -0.0010663148, -0.0010464606, -0.0010091335, -0.0009750637, -0.0009593515, -0.0009299352, -0.0009032582, -0.00088065665, -0.00087093364, -0.000853646, -0.00083883764, -0.0008328759, -0.0008241635, -0.000818261, -0.0008153811, -0.0008153004, -0.0008178608, -0.0008230759, -0.0008269045, -0.0008373097, -0.00085051014, -0.00085826166, -0.00087628525, -0.0008972603, -0.0009212609, -0.00093430845, -0.0009627805, -0.0009942194, -0.0010109472, -0.0010463818, -0.0010850735, -0.0011258773, -0.0011471225, -0.0011920532, -0.0012394335, -0.001263569, -0.0013132486, -0.0013656477, -0.0013925344, -0.0014463149, -0.0015004425, -0.0015564822, -0.0015848465, -0.0016403989, -0.0016935755, -0.0017198658, -0.0017726382, -0.001823742, -0.0018697289, -0.0018903475, -0.0019281603, -0.0019631933, -0.0019794158, -0.0020066623, -0.0020236848, -0.002028112, -0.0020306706, -0.0020282834, -0.0020223854, -0.002017387, -0.0020007947, -0.0019735158, -0.001956379, -0.0019189426, -0.0018844886, -0.001860854, -0.0018546357, -0.0018532729, -0.0018635746, -0.0018711799, -0.0018870451, -0.0018987661, -0.0019016966, -0.0019001428, -0.0018881313, -0.001866327, -0.0018522113, -0.0018186743, -0.0017791418, -0.0017574955, -0.0017108328, -0.0016596866, -0.0016036389, -0.0015737198, -0.001510745, -0.0014494634, -0.0014253356, -0.0014181173, -0.0015186021
0, 0, 0, 0, 0, 0, 0, 0, 0, 0, 0, 0, -0.0018698116, -0.0015544838, -0.001496922, -0.0014781435, -0.0015101425, -0.0015513285, -0.001570644, -0.0016037553, -0.0016288637, -0.001638784, -0.0016537217, -0.001663501, -0.0016670182, -0.001672074, -0.0016748399, -0.0016754012, -0.0016751118, -0.0016738141, -0.0016732786, -0.0016740512, -0.0016787801, -0.0016885519, -0.0017020159, -0.00170908, -0.0017215773, -0.0017312594, -0.0017357011, -0.001744461, -0.0017527414, -0.0017555602, -0.0017551252, -0.0017434296, -0.0017212415, -0.00170779, -0.0016786205, -0.001646632, -0.001628887, -0.0015895821, -0.001546172, -0.00149946, -0.0014747116, -0.0014231395, -0.0013706962, -0.0013446795, -0.0012936044, -0.0012440922, -0.0012200285, -0.0011732059, -0.0011283412, -0.0010857584, -0.0010654829, -0.0010269689, -0.0009921072, -0.00097627327, -0.00094679015, -0.0009195112, -0.0008959426, -0.0008859047, -0.0008681595, -0.00085289346, -0.0008466335, -0.00083716126, -0.0008308688, -0.0008272929, -0.0008269353, -0.0008290472, -0.0008338419, -0.00083739875, -0.00084722857, -0.0008601818, -0.0008677077, -0.0008851823, -0.0009058377, -0.00092955184, -0.0009423873, -0.00097054394, -0.0010017345, -0.001018234, -0.0010534705, -0.0010918253, -0.0011324312, -0.0011535734, -0.0011982934, -0.00124549, -0.0012695175, -0.0013189935, -0.0013712321, -0.0013980434, -0.0014516369, -0.0015056081, -0.0015614858, -0.0015897969, -0.0016451749, -0.0016982254, -0.0017244235, -0.0017770414, -0.0018280703, -0.001873883, -0.0018944443, -0.0019321706, -0.0019670522, -0.0019831888, -0.0020103308, -0.002027218, -0.0020315838, -0.0020340795, -0.0020315615, -0.0020255626, -0.0020205097, -0.0020037948, -0.0019764113, -0.0019592491, -0.0019217129, -0.0018871989, -0.0018635148, -0.0018572393, -0.0018558061, -0.0018659901, -0.0018735767, -0.0018893741, -0.0019010387, -0.0019039225, -0.0019022209, -0.0018901445, -0.0018682751, -0.0018541338, -0.0018204454, -0.0017808344, -0.0017591647, -0.0017123633, -0.0016611355, -0.0016049976, -0.0015749967, -0.0015119172, -0.001450495, -0.0014263097, -0.0014189637, -0.0015193912
0, 0, 0, 0, 0, 0, 0, 0, 0, 0, 0, 0, -0.0018302129, -0.0015984897, -0.0015153975, -0.0014544429, -0.0014729922, -0.0015165759, -0.0015395376, -0.0015807197, -0.0016121813, -0.0016240424, -0.0016409305, -0.0016507172, -0.0016542414, -0.0016595355, -0.001663352, -0.0016658067, -0.0016666268, -0.0016683508, -0.0016714154, -0.0016741506, -0.001682985, -0.0016964194, -0.0017120753, -0.0017193771, -0.0017312719, -0.0017396372, -0.0017436325, -0.0017537505, -0.0017655495, -0.0017703802, -0.0017739842, -0.001765556, -0.0017456616, -0.0017328452, -0.0017032323, -0.0016689621, -0.0016499768, -0.0016093783, -0.0015670338, -0.0015220722, -0.0014975698, -0.0014454352, -0.001392627, -0.0013669729, -0.0013161688, -0.0012651111, -0.0012400447, -0.0011923151, -0.0011478259, -0.0011054415, -0.0010847586, -0.0010453621, -0.0010097867, -0.0009935984, -0.0009635438, -0.0009359803, -0.0009117983, -0.000901318, -0.0008829675, -0.00086731656, -0.00086065533, -0.00085029815, -0.00084379676, -0.0008396309, -0.00083879405, -0.00084035343, -0.0008448358, -0.0008481622, -0.00085737125, -0.0008698718, -0.00087728887, -0.00089428213, -0.00091454905, -0.0009379609, -0.00095062173, -0.0009784519, -0.0010093616, -0.0010256519, -0.0010606217, -0.0010987415, -0.0011391202, -0.0011601744, -0.0012046118, -0.0012516271, -0.0012755424, -0.0013248414, -0.0013769155, -0.0014036272, -0.0014570184, -0.0015108642, -0.0015665713, -0.0015947835, -0.0016500403, -0.0017029867, -0.0017290964, -0.0017815239, -0.0018323895, -0.0018780981, -0.0018985564, -0.0019361784, -0.0019709636, -0.0019870538, -0.0020140111, -0.0020308108, -0.002035131, -0.0020374765, -0.002034894, -0.0020287444, -0.0020236324, -0.0020068344, -0.0019793464, -0.0019621574, -0.001924528, -0.0018899154, -0.0018661899, -0.0018598333, -0.0018583463, -0.001868465, -0.0018760043, -0.0018917058, -0.0019033086, -0.0019061436, -0.0019043735, -0.0018921513, -0.0018702346, -0.0018560622, -0.0018222583, -0.0017825409, -0.0017608021, -0.0017139529, -0.0016625699, -0.0016063674, -0.001576311, -0.0015130857, -0.0014515553, -0.0014273043, -0.0014198063, -0.0015201962
0, 0, 0, 0, 0, 0, 0, 0, 0, 0, 0, 0, -0.00227078, -0.0017096861, -0.0015444508, -0.0014174359, -0.0014285007, -0.0014813622, -0.001509756, -0.0015608391, -0.001598957, -0.0016130159, -0.0016324522, -0.0016436232, -0.0016476576, -0.0016540922, -0.0016597018, -0.0016644687, -0.0016664222, -0.0016702785, -0.0016752932, -0.0016787766, -0.0016884593, -0.0017021451, -0.001717107, -0.0017238016, -0.0017341602, -0.0017415779, -0.0017458822, -0.0017583057, -0.0017745099, -0.0017819076, -0.0017905596, -0.0017868854, -0.0017708131, -0.0017589953, -0.0017293044, -0.00169349, -0.0016738297, -0.0016329439, -0.0015902302, -0.0015436453, -0.001518158, -0.0014652027, -0.0014139519, -0.0013894627, -0.0013392799, -0.0012864124, -0.0012603779, -0.0012120367, -0.0011677432, -0.0011246846, -0.0011036474, -0.0010640866, -0.0010281688, -0.001011517, -0.0009806646, -0.0009528275, -0.0009278983, -0.00091686053, -0.0008980206, -0.00088218646, -0.00087505265, -0.00086372235, -0.0008567876, -0.00085222826, -0.0008511085, -0.0008519163, -0.0008559197, -0.00085900875, -0.00086771784, -0.0008797621, -0.000886995, -0.00090360123, -0.00092345156, -0.0009464665, -0.0009589286, -0.000986471, -0.0010170749, -0.001033226, -0.0010678789, -0.0011058439, -0.0011458986, -0.0011668111, -0.001211054, -0.001257828, -0.0012816766, -0.0013307855, -0.0013826623, -0.0014092741, -0.0014625147, -0.001516204, -0.0015717114, -0.0015998206, -0.0016549566, -0.0017077805, -0.0017338014, -0.0017860787, -0.0018367801, -0.001882355, -0.001902788, -0.0019402356, -0.0019749026, -0.001990933, -0.0020177702, -0.002034451, -0.002038677, -0.0020409238, -0.002038226, -0.0020319996, -0.002026839, -0.0020098798, -0.0019823327, -0.0019650587, -0.00192737, -0.0018927017, -0.0018688826, -0.0018624999, -0.0018609009, -0.0018709765, -0.0018784509, -0.0018940894, -0.0019055896, -0.0019083907, -0.0019065384, -0.0018942503, -0.0018722018, -0.0018579544, -0.0018241036, -0.00178426, -0.0017624549, -0.0017155223, -0.001664043, -0.0016077387, -0.0015776244, -0.0015142706, -0.0014526221, -0.0014283326, -0.0014206811, -0.0015210094
0, 0, 0, 0, 0, 0, 0, 0, 0, 0, 0, 0, 0, -0.0016680269, -0.0015007824, -0.0013815796, -0.001405919, -0.0014696785, -0.0015019625, -0.0015576747, -0.0015982947, -0.0016129985, -0.0016338744, -0.0016472626, -0.0016526618, -0.0016618206, -0.0016701927, -0.0016763418, -0.0016786905, -0.0016828361, -0.0016875555, -0.0016907079, -0.0016991369, -0.0017104158, -0.0017218465, -0.0017268148, -0.0017343775, -0.0017413717, -0.0017463323, -0.0017618369, -0.0017820566, -0.0017916061, -0.001804148, -0.0018043809, -0.0017918708, -0.001781175, -0.001752849, -0.0017179745, -0.0016991211, -0.00165918, -0.0016153842, -0.0015656634, -0.0015389292, -0.0014851962, -0.0014351532, -0.0014111183, -0.0013609435, -0.0013074158, -0.0012812933, -0.0012331874, -0.0011880742, -0.0011438108, -0.0011227534, -0.0010835087, -0.0010468273, -0.0010294379, -0.0009981513, -0.00097046583, -0.0009444615, -0.0009327215, -0.00091333996, -0.00089730724, -0.00088982267, -0.00087763224, -0.000869911, -0.00086500833, -0.0008636188, -0.0008636991, -0.0008672374, -0.0008701396, -0.00087823137, -0.00088977907, -0.0008968877, -0.0009130825, -0.00093243533, -0.0009552332, -0.0009674942, -0.0009944924, -0.0010249534, -0.0010410197, -0.001075244, -0.0011130006, -0.0011527621, -0.0011735832, -0.0012176693, -0.0012641895, -0.0012879145, -0.0013367898, -0.0013884987, -0.0014149995, -0.0014680678, -0.0015215835, -0.0015769424, -0.0016050292, -0.0016599172, -0.0017125572, -0.001738553, -0.0017907036, -0.0018412902, -0.0018866828, -0.0019070501, -0.0019443369, -0.00197889, -0.001994859, -0.0020216056, -0.0020381317, -0.002042291, -0.002044425, -0.0020415983, -0.0020352413, -0.002030042, -0.0020130025, -0.001985361, -0.0019680106, -0.0019302203, -0.0018954767, -0.0018715948, -0.001865187, -0.0018634974, -0.0018734917, -0.001880923, -0.0018964997, -0.0019079166, -0.0019106823, -0.0019087293, -0.0018963298, -0.0018741678, -0.0018598854, -0.0018259308, -0.0017860121, -0.0017641584, -0.0017170998, -0.0016655369, -0.0016091109, -0.0015789499, -0.001515479, -0.0014536966, -0.0014293368, -0.0014215914, -0.0015218159
0, 0, 0, 0, 0, 0, 0, 0, 0, 0, 0, 0, 0, -0.0015557362, -0.0014961989, -0.0014221809, -0.0014386026, -0.0014911251, -0.0015188585, -0.0015675485, -0.0016043516, -0.0016185396, -0.0016408361, -0.0016581998, -0.0016661335, -0.0016808585, -0.0016927794, -0.0017004072, -0.0017026243, -0.001705485, -0.0017077542, -0.0017090873, -0.001713259, -0.001719235, -0.001725877, -0.0017290285, -0.0017359087, -0.0017453856, -0.0017523215, -0.0017711176, -0.0017932475, -0.0018032151, -0.0018166922, -0.0018188197, -0.0018090412, -0.0017998044, -0.0017738679, -0.0017411018, -0.0017231331, -0.0016836779, -0.0016387204, -0.0015876802, -0.0015607834, -0.001507423, -0.0014574367, -0.0014329135, -0.0013816577, -0.001328276, -0.0013026155, -0.0012547276, -0.0012085356, -0.0011636503, -0.0011427139, -0.0011037022, -0.0010658848, -0.001047776, -0.001015985, -0.0009883307, -0.0009616292, -0.0009493847, -0.00092907913, -0.00091246015, -0.0009048217, -0.0008919591, -0.0008834155, -0.0008780496, -0.00087636674, -0.00087567634, -0.0008786632, -0.00088141114, -0.0008890902, -0.0008999134, -0.0009068144, -0.00092280604, -0.0009416095, -0.0009640021, -0.00097621226, -0.0010028296, -0.0010328933, -0.0010488842, -0.0010828275, -0.0011202255, -0.0011598242, -0.0011804613, -0.001224366, -0.0012706532, -0.0012942574, -0.0013429206, -0.0013944204, -0.0014208471, -0.0014737106, -0.0015270495, -0.0015822616, -0.0016102645, -0.0016649924, -0.0017174525, -0.0017433831, -0.0017953911, -0.0018458357, -0.0018910617, -0.0019113362, -0.0019485375, -0.0019829574, -0.0019988643, -0.002025458, -0.0020418323, -0.0020459387, -0.002047983, -0.0020450328, -0.0020385468, -0.0020332725, -0.0020161683, -0.0019884086, -0.0019710397, -0.0019331016, -0.0018982652, -0.0018743167, -0.0018678757, -0.0018661412, -0.0018760372, -0.0018834653, -0.0018989346, -0.0019102562, -0.0019129675, -0.0019109278, -0.0018984436, -0.0018761746, -0.0018618722, -0.0018277714, -0.0017877913, -0.0017659117, -0.00171871, -0.0016670468, -0.0016104995, -0.0015802935, -0.0015166986, -0.0014547848, -0.0014303303, -0.0014224848, -0.0015226633
0, 0, 0, 0, 0, 0, 0, 0, 0, 0, 0, 0, 0, -0.0019737508, -0.001832902, -0.0015984882, -0.0015193055, -0.0015236705, -0.0015381585, -0.0015727715, -0.0016062367, -0.0016214568, -0.0016488263, -0.0016737022, -0.0016856837, -0.0017069861, -0.0017225127, -0.0017303096, -0.001731535, -0.0017312358, -0.001729319, -0.001728149, -0.0017270123, -0.0017282487, -0.0017322681, -0.001735295, -0.0017438786, -0.001757141, -0.0017658169, -0.0017864045, -0.0018080734, -0.0018174886, -0.0018306475, -0.0018335788, -0.0018252503, -0.001816717, -0.001792443, -0.0017612873, -0.0017439452, -0.0017053352, -0.0016603969, -0.0016098587, -0.0015833318, -0.0015302496, -0.0014793974, -0.0014543857, -0.0014029025, -0.0013504226, -0.0013251227, -0.001276752, -0.0012291732, -0.0011837487, -0.0011631692, -0.0011246196, -0.0010859602, -0.0010672072, -0.0010342571, -0.0010064169, -0.0009793852, -0.0009666276, -0.00094522757, -0.00092802185, -0.0009201975, -0.0009065907, -0.0008970863, -0.0008911904, -0.0008893662, -0.0008879822, -0.00089023705, -0.0008927618, -0.0009001163, -0.0009104026, -0.00091694057, -0.0009325612, -0.00095101795, -0.0009728796, -0.000984937, -0.001011377, -0.0010409979, -0.0010568047, -0.0010905352, -0.0011276691, -0.0011669445, -0.001187454, -0.0012311246, -0.0012771949, -0.0013007275, -0.0013491387, -0.0014004363, -0.0014267849, -0.0014794414, -0.0015325784, -0.0015876332, -0.0016155051, -0.0016701412, -0.0017224667, -0.0017482846, -0.0018001324, -0.0018504065, -0.0018955021, -0.0019157135, -0.0019527876, -0.0019870352, -0.0020028856, -0.0020293586, -0.0020455972, -0.0020496342, -0.002051501, -0.0020484913, -0.002041914, -0.0020365613, -0.0020193192, -0.001991467, -0.001974063, -0.0019360797, -0.0019011041, -0.0018770974, -0.0018706151, -0.0018688074, -0.001878628, -0.0018859963, -0.0019013531, -0.0019126291, -0.001915278, -0.0019131654, -0.0019005676, -0.0018781896, -0.0018638258, -0.0018296707, -0.0017895807, -0.0017676599, -0.0017203517, -0.0016685855, -0.0016119352, -0.001581621, -0.0015179466, -0.0014558728, -0.001431361, -0.0014233784, -0.0015235218
0, 0, 0, 0, 0, 0, 0, 0, 0, 0, 0, 0, 0, -0.0026561168, -0.0023111857, -0.0017851512, -0.0015699164, -0.0015215958, -0.0015256159, -0.0015555697, -0.0015950113, -0.0016151522, -0.001653741, -0.001689137, -0.0017052718, -0.0017322436, -0.0017497933, -0.0017569294, -0.0017573363, -0.0017542111, -0.001748641, -0.0017457968, -0.0017415931, -0.0017410433, -0.0017452985, -0.0017490666, -0.0017605312, -0.0017769865, -0.001786921, -0.0018083734, -0.00182923, -0.0018380217, -0.0018494342, -0.001850382, -0.001840368, -0.0018316002, -0.0018078423, -0.0017781107, -0.0017614086, -0.0017239866, -0.0016807031, -0.0016321575, -0.0016065574, -0.0015541379, -0.0015020926, -0.0014761155, -0.0014238349, -0.00137249, -0.0013479377, -0.0013000511, -0.001251283, -0.0012047454, -0.0011838796, -0.0011455885, -0.0011067876, -0.0010876223, -0.0010534871, -0.0010247884, -0.0009974521, -0.0009843688, -0.0009618272, -0.00094378233, -0.0009357539, -0.00092166645, -0.00091110123, -0.00090453867, -0.0009025386, -0.0009006604, -0.00090212375, -0.00090431015, -0.0009112389, -0.0009210872, -0.0009272737, -0.0009424796, -0.0009605606, -0.0009820579, -0.0009938929, -0.0010200359, -0.0010492445, -0.0010648952, -0.0010983935, -0.0011351673, -0.0011742628, -0.0011946418, -0.001237992, -0.0012838584, -0.001307254, -0.0013555139, -0.001406581, -0.0014328129, -0.0014852863, -0.0015382366, -0.0015931139, -0.0016208942, -0.0016753717, -0.0017274745, -0.0017532395, -0.0018049427, -0.001855045, -0.0019000514, -0.0019201897, -0.0019570724, -0.0019911611, -0.0020069527, -0.0020332942, -0.0020494214, -0.0020533977, -0.0020551074, -0.0020519684, -0.0020453027, -0.0020399038, -0.0020225171, -0.001994572, -0.0019770947, -0.0019390403, -0.0019040215, -0.0018799037, -0.0018733775, -0.0018715047, -0.0018812362, -0.0018885331, -0.0019038299, -0.0019150035, -0.0019176207, -0.0019154004, -0.0019027126, -0.0018802517, -0.0018658261, -0.0018316084, -0.0017913864, -0.0017693958, -0.0017220229, -0.0016701436, -0.001613376, -0.0015830405, -0.0015191799, -0.0014569914, -0.0014324085, -0.0014243015, -0.0015243604
0, 0, 0, 0, 0, 0, 0, 0, 0, 0, 0, 0, 0, 0, -0.0023719557, -0.0018030524, -0.001527713, -0.001466019, -0.0014731938, -0.0015173513, -0.0015742346, -0.001602959, -0.0016562634, -0.0017021745, -0.0017215047, -0.0017519715, -0.0017696335, -0.0017754257, -0.0017749437, -0.0017701986, -0.001763138, -0.0017597324, -0.0017549993, -0.0017555341, -0.0017622261, -0.0017677307, -0.0017831957, -0.001803779, -0.0018151124, -0.001838214, -0.0018576285, -0.0018648695, -0.001872088, -0.0018688736, -0.0018564651, -0.0018471319, -0.0018233676, -0.00179343, -0.0017765587, -0.0017397447, -0.0016986311, -0.001653483, -0.0016292814, -0.0015784818, -0.001525779, -0.0014991163, -0.0014460067, -0.0013952261, -0.0013710473, -0.0013233554, -0.0012741735, -0.0012272393, -0.001206155, -0.001167232, -0.00112801, -0.0011085942, -0.0010734336, -0.0010436799, -0.0010160053, -0.0010027324, -0.000978975, -0.0009597484, -0.00095149514, -0.0009370362, -0.0009255455, -0.000918093, -0.0009158344, -0.00091355346, -0.0009143129, -0.0009160777, -0.00092252827, -0.0009319687, -0.00093791354, -0.00095255085, -0.0009703565, -0.0009913619, -0.0010030095, -0.00102883, -0.0010576972, -0.001073169, -0.0011063919, -0.0011427902, -0.001181672, -0.0012019349, -0.0012450152, -0.0012906684, -0.001313925, -0.0013619629, -0.0014128174, -0.0014389332, -0.0014912557, -0.0015439503, -0.001598671, -0.0016263858, -0.0016806523, -0.0017326111, -0.0017582582, -0.0018098168, -0.001859789, -0.0019045785, -0.0019246555, -0.0019614187, -0.001995421, -0.0020111015, -0.002037263, -0.002053258, -0.0020571887, -0.0020588133, -0.002055494, -0.0020487064, -0.0020432747, -0.002025784, -0.001997721, -0.0019801934, -0.0019420359, -0.0019069213, -0.0018827493, -0.0018761945, -0.0018742093, -0.0018838436, -0.001891133, -0.001906377, -0.0019174098, -0.0019199844, -0.0019176425, -0.0019048747, -0.0018823497, -0.0018678508, -0.001833526, -0.0017932096, -0.0017711563, -0.0017236831, -0.0016717137, -0.0016148139, -0.0015844213, -0.0015204477, -0.0014581232, -0.0014334661, -0.001425227, -0.0015252095
0, 0, 0, 0, 0, 0, 0, 0, 0, 0, 0, 0, 0, 0, 0, -0.0017105344, -0.0014448465, -0.001400108, -0.0014176574, -0.0014836218, -0.0015598085, -0.0015961978, -0.0016611994, -0.0017133, -0.0017340487, -0.0017645607, -0.0017806719, -0.0017849552, -0.0017839501, -0.0017786439, -0.0017719218, -0.0017690863, -0.0017664455, -0.0017698555, -0.0017806215, -0.0017886495, -0.0018091672, -0.0018337918, -0.0018465017, -0.0018698047, -0.0018866747, -0.0018915274, -0.0018936262, -0.0018862895, -0.001872321, -0.0018632413, -0.0018398064, -0.001809922, -0.0017930975, -0.0017568913, -0.0017171965, -0.0016738914, -0.0016506506, -0.0016013277, -0.0015492796, -0.0015227363, -0.0014697672, -0.0014193861, -0.0013953293, -0.0013475345, -0.0012983108, -0.0012506484, -0.0012290258, -0.0011892288, -0.0011503203, -0.00113079, -0.0010943251, -0.0010628423, -0.001034659, -0.0010214043, -0.0009968163, -0.00097609905, -0.0009674028, -0.0009525495, -0.0009404643, -0.00093187764, -0.00092927465, -0.0009265824, -0.00092677097, -0.000928117, -0.00093405833, -0.0009430993, -0.0009487372, -0.00096279103, -0.0009803126, -0.0010009303, -0.001012297, -0.0010377323, -0.0010663639, -0.0010816129, -0.0011145181, -0.0011506759, -0.0011891858, -0.0012093696, -0.0012521471, -0.0012975745, -0.0013207657, -0.0013685225, -0.0014191859, -0.0014452317, -0.0014972672, -0.0015498524, -0.0016043013, -0.0016319333, -0.0016859919, -0.0017378128, -0.0017634027, -0.001814752, -0.0018645793, -0.0019092292, -0.0019291956, -0.0019658238, -0.0019996618, -0.002015244, -0.002041308, -0.0020571428, -0.0020610131, -0.0020625147, -0.0020591114, -0.002052166, -0.0020466857, -0.0020290792, -0.0020008776, -0.0019833334, -0.0019450934, -0.0019098734, -0.0018855871, -0.0018790056, -0.0018769391, -0.0018865115, -0.0018937686, -0.001908899, -0.0019198798, -0.0019223777, -0.0019199372, -0.0019070596, -0.0018844679, -0.0018699188, -0.0018354645, -0.0017950848, -0.0017729525, -0.0017253635, -0.0016732841, -0.0016162725, -0.0015858155, -0.001521725, -0.0014592783, -0.0014345567, -0.0014261453, -0.0015260905
0, 0, 0, 0, 0, 0, 0, 0, 0, 0, 0, 0, 0, 0, 0, -0.0015940652, -0.0014323774, -0.0013859638, -0.0014047207, -0.0014786457, -0.0015635856, -0.0016028871, -0.0016705929, -0.0017219001, -0.0017413533, -0.0017685845, -0.0017821038, -0.0017854628, -0.0017846103, -0.0017806088, -0.0017764235, -0.0017752424, -0.0017764897, -0.0017847284, -0.0018005512, -0.0018109585, -0.0018353461, -0.0018617926, -0.0018743766, -0.0018956814, -0.0019086207, -0.0019111724, -0.0019093917, -0.0019003634, -0.0018867311, -0.0018780963, -0.0018558782, -0.0018268981, -0.0018105941, -0.0017756403, -0.0017376211, -0.0016956424, -0.0016731225, -0.0016249182, -0.001573082, -0.0015464856, -0.0014937962, -0.0014439916, -0.0014202218, -0.0013728545, -0.0013239569, -0.0012757921, -0.0012533477, -0.0012119908, -0.0011725739, -0.0011531275, -0.0011159878, -0.0010830397, -0.0010537389, -0.0010401186, -0.0010149024, -0.0009930476, -0.0009837716, -0.0009682337, -0.00095558097, -0.00094602467, -0.0009429502, -0.0009397694, -0.0009394795, -0.00094055536, -0.000945714, -0.0009544175, -0.000959871, -0.0009733679, -0.0009903847, -0.0010106643, -0.0010217908, -0.0010468292, -0.0010751898, -0.0010902823, -0.0011228103, -0.0011587293, -0.0011968911, -0.001216911, -0.0012594808, -0.0013045939, -0.0013276727, -0.001375219, -0.0014256623, -0.0014515446, -0.0015033787, -0.0015558032, -0.0016100456, -0.0016375687, -0.0016914414, -0.0017430952, -0.0017685811, -0.0018197797, -0.0018694474, -0.001913931, -0.0019338462, -0.0019702453, -0.0020039466, -0.0020195057, -0.0020453727, -0.002061115, -0.002064903, -0.0020662684, -0.002062737, -0.0020556836, -0.0020501309, -0.0020324255, -0.0020040986, -0.0019864864, -0.0019481413, -0.0019128703, -0.0018885024, -0.0018818564, -0.0018797155, -0.0018892186, -0.0018964271, -0.0019114553, -0.0019223229, -0.001924785, -0.00192227, -0.0019092968, -0.0018865787, -0.0018719912, -0.0018374347, -0.0017969579, -0.0017747957, -0.001727094, -0.001674877, -0.001617743, -0.0015872461, -0.001523014, -0.0014604146, -0.0014356226, -0.0014270943, -0.0015269595
0, 0, 0, 0, 0, 0, 0, 0, 0, 0, 0, 0, 0, 0, 0, -0.0019749333, -0.0015654699, -0.0014397487, -0.0014428584, -0.001503371, -0.0015816547, -0.0016178176, -0.0016779045, -0.0017214867, -0.0017375571, -0.0017597466, -0.0017714119, -0.0017764182, -0.0017775795, -0.0017789652, -0.0017811203, -0.0017831279, -0.001790583, -0.0018035565, -0.0018219253, -0.0018328057, -0.0018557553, -0.0018783946, -0.0018886153, -0.0019052369, -0.0019151387, -0.0019174349, -0.0019168127, -0.0019107515, -0.0019004715, -0.001893171, -0.0018726747, -0.00184463, -0.0018288218, -0.0017946656, -0.0017574696, -0.0017168464, -0.0016954119, -0.0016492704, -0.0015987625, -0.0015725428, -0.0015200148, -0.0014696298, -0.0014455175, -0.0013981153, -0.0013500497, -0.0013021508, -0.001279135, -0.0012360043, -0.0011956742, -0.0011759778, -0.0011380338, -0.0011033618, -0.001073107, -0.0010593665, -0.0010335753, -0.0010103054, -0.001000299, -0.000984041, -0.0009710386, -0.00096069614, -0.00095702824, -0.00095306785, -0.0009524928, -0.00095321814, -0.00095771573, -0.0009658496, -0.0009711651, -0.0009841551, -0.0010007112, -0.0010206439, -0.0010315665, -0.0010561473, -0.001084176, -0.0010990592, -0.0011312589, -0.0011669176, -0.0012047506, -0.0012246495, -0.0012669782, -0.0013117866, -0.0013347255, -0.0013820338, -0.0014322404, -0.0014580246, -0.0015096612, -0.001561823, -0.0016158784, -0.0016433084, -0.0016969865, -0.0017484578, -0.00177387, -0.0018248525, -0.0018743549, -0.0019186769, -0.0019385214, -0.0019747722, -0.0020083168, -0.0020238068, -0.0020495234, -0.0020651266, -0.0020688283, -0.0020700675, -0.0020663857, -0.0020592639, -0.0020536394, -0.0020357876, -0.0020073669, -0.0019896806, -0.0019512561, -0.001915862, -0.0018914362, -0.0018847617, -0.0018825155, -0.0018919518, -0.0018990921, -0.001914084, -0.0019248017, -0.0019272186, -0.001924644, -0.0019115537, -0.0018887192, -0.0018740906, -0.0018394359, -0.0017988159, -0.001776642, -0.0017288274, -0.0016764646, -0.0016192698, -0.001588693, -0.0015243448, -0.0014615605, -0.0014366888, -0.0014280565, -0.0015278734
0, 0, 0, 0, 0, 0, 0, 0, 0, 0, 0, 0, 0, 0, 0, 0, -0.0016658723, -0.0015203969, -0.0015040644, -0.0015357904, -0.0015945272, -0.001622403, -0.0016685711, -0.0017020754, -0.0017148922, -0.0017341055, -0.0017479853, -0.0017593374, -0.00176471, -0.0017756829, -0.0017870526, -0.0017930666, -0.0018060238, -0.0018207047, -0.0018367645, -0.0018449236, -0.00186087, -0.0018758206, -0.001882495, -0.0018943492, -0.00190377, -0.0019073657, -0.0019122352, -0.0019136267, -0.0019103166, -0.0019059303, -0.001890352, -0.0018654207, -0.0018503445, -0.0018159947, -0.0017774164, -0.0017366107, -0.001715825, -0.0016725294, -0.0016250758, -0.0015998364, -0.0015479802, -0.0014972824, -0.0014728643, -0.0014252821, -0.0013771725, -0.0013284279, -0.0013047807, -0.0012605599, -0.0012195611, -0.0011996859, -0.001160766, -0.0011244441, -0.0010925757, -0.0010783023, -0.0010521929, -0.0010284502, -0.0010178073, -0.0009998882, -0.0009864292, -0.0009757992, -0.00097162265, -0.00096674723, -0.0009656417, -0.0009661645, -0.0009699251, -0.0009776423, -0.0009827552, -0.0009952447, -0.0010111807, -0.0010309024, -0.0010416382, -0.0010656385, -0.0010934144, -0.0011081658, -0.0011399143, -0.0011752527, -0.0012128658, -0.0012325426, -0.0012745672, -0.0013191347, -0.0013419127, -0.0013889819, -0.0014389498, -0.0014646474, -0.0015160303, -0.0015679473, -0.0016218091, -0.0016491365, -0.0017026353, -0.00175388, -0.0017792131, -0.0018300439, -0.001879332, -0.0019235064, -0.0019432262, -0.0019793648, -0.0020127478, -0.0020281342, -0.0020537574, -0.0020691783, -0.0020728041, -0.0020739066, -0.0020700898, -0.0020628145, -0.0020571523, -0.0020391955, -0.002010688, -0.001992924, -0.0019544044, -0.001918905, -0.0018943935, -0.0018876726, -0.001885371, -0.0018946921, -0.0019018169, -0.0019166964, -0.0019273766, -0.0019297136, -0.0019269972, -0.0019138496, -0.0018908781, -0.0018762065, -0.0018414711, -0.0018007073, -0.001778477, -0.0017305871, -0.0016781221, -0.0016208172, -0.0015901555, -0.0015256508, -0.0014627343, -0.0014377726, -0.0014290205, -0.0015288095
0, 0, 0, 0, 0, 0, 0, 0, 0, 0, 0, 0, 0, 0, 0, 0, -0.0019494366, -0.0016313778, -0.0015740589, -0.0015558293, -0.0015849742, -0.0016025321, -0.0016347441, -0.001661755, -0.001673629, -0.0016959734, -0.0017175119, -0.0017394321, -0.001750445, -0.001771947, -0.0017911784, -0.0017995792, -0.0018139111, -0.0018253054, -0.0018342279, -0.0018378415, -0.0018441583, -0.0018505247, -0.001854116, -0.0018629256, -0.0018744952, -0.0018811343, -0.0018947285, -0.0019063996, -0.0019128064, -0.0019129473, -0.0019048756, -0.0018853225, -0.0018717072, -0.0018379975, -0.0017983824, -0.0017572979, -0.0017371174, -0.0016961677, -0.0016515506, -0.0016273025, -0.0015762718, -0.0015254662, -0.0015010982, -0.0014538578, -0.0014057999, -0.0013559466, -0.0013314355, -0.0012854009, -0.0012431154, -0.0012228187, -0.0011836006, -0.0011466393, -0.001112815, -0.001097636, -0.0010705629, -0.0010466041, -0.0010355458, -0.001016477, -0.0010022188, -0.0009908683, -0.000986335, -0.000980791, -0.0009791624, -0.0009794515, -0.0009825, -0.0009895682, -0.0009945796, -0.0010066892, -0.00102191, -0.0010412425, -0.0010519137, -0.0010754262, -0.0011027784, -0.0011173921, -0.0011488154, -0.0011837364, -0.0012211484, -0.0012406497, -0.001282337, -0.0013266446, -0.0013492692, -0.0013960382, -0.0014457996, -0.0014713426, -0.0015225172, -0.0015741749, -0.001627869, -0.0016550638, -0.0017083545, -0.0017593986, -0.001784578, -0.0018353127, -0.0018844212, -0.0019283962, -0.0019480339, -0.0019840072, -0.0020172545, -0.0020325452, -0.0020580152, -0.0020732668, -0.002076846, -0.0020778014, -0.0020738738, -0.002066455, -0.0020607258, -0.0020426833, -0.0020140116, -0.0019962243, -0.0019575593, -0.0019220063, -0.0018973977, -0.0018906269, -0.0018882484, -0.0018974786, -0.0019045864, -0.0019193316, -0.0019299332, -0.0019322546, -0.0019294029, -0.0019161616, -0.0018930893, -0.001878391, -0.001843495, -0.0018026532, -0.0017803616, -0.0017323545, -0.0016798142, -0.0016223254, -0.0015916198, -0.0015269939, -0.0014639378, -0.001438909, -0.0014300084, -0.0015297399
0, 0, 0, 0, 0, 0, 0, 0, 0, 0, 0, 0, 0, 0, 0, 0, -0.0019666778, -0.001725614, -0.0016347502, -0.0015527706, -0.0015467999, -0.0015555585, -0.0015809925, -0.0016100912, -0.0016253935, -0.001656811, -0.0016893924, -0.0017223976, -0.0017384872, -0.0017675292, -0.0017899998, -0.0017981306, -0.0018089438, -0.0018133898, -0.0018135889, -0.0018126246, -0.0018102187, -0.0018095757, -0.0018110889, -0.0018188638, -0.0018341866, -0.0018444348, -0.0018670213, -0.0018890172, -0.0019055606, -0.001910601, -0.0019119019, -0.0019000083, -0.0018890493, -0.0018579978, -0.0018187753, -0.0017781296, -0.0017586575, -0.0017204074, -0.0016790926, -0.00165626, -0.0016062169, -0.001554773, -0.0015300236, -0.0014824247, -0.001434043, -0.0013837402, -0.001358923, -0.0013116912, -0.0012672644, -0.0012459253, -0.0012058235, -0.001168608, -0.0011336991, -0.0011176842, -0.0010894162, -0.0010648441, -0.00105335, -0.0010332207, -0.0010183109, -0.0010065759, -0.0010016094, -0.000994993, -0.0009928396, -0.00099305, -0.0009956826, -0.0010017405, -0.0010064528, -0.0010184312, -0.0010330998, -0.001051785, -0.0010622916, -0.0010855806, -0.0011123391, -0.0011267965, -0.0011579298, -0.0011924864, -0.0012294921, -0.0012489018, -0.001290246, -0.0013343272, -0.001356788, -0.001403295, -0.0014527591, -0.0014781975, -0.001529108, -0.0015805607, -0.0016339655, -0.0016610896, -0.0017141985, -0.0017650131, -0.0017901256, -0.0018406102, -0.0018895626, -0.0019333683, -0.0019528997, -0.0019887239, -0.002021803, -0.0020370586, -0.0020623032, -0.0020774107, -0.002080919, -0.0020817416, -0.0020776906, -0.0020701324, -0.0020643324, -0.0020461741, -0.0020174114, -0.0019995696, -0.001960778, -0.0019251533, -0.0019004197, -0.0018936179, -0.0018911666, -0.0019003218, -0.001907372, -0.0019220358, -0.0019325368, -0.0019348039, -0.0019318379, -0.0019184772, -0.0018953519, -0.0018805781, -0.0018455526, -0.0018046332, -0.0017822809, -0.0017341258, -0.0016815027, -0.0016238525, -0.0015931056, -0.0015283711, -0.0014651777, -0.0014400771, -0.0014309942, -0.0015306675
0, 0, 0, 0, 0, 0, 0, 0, 0, 0, 0, 0, 0, 0, 0, 0, -0.002501798, -0.0019034451, -0.0017083762, -0.001518876, -0.0014808782, -0.0014872896, -0.0015201803, -0.001562222, -0.0015838053, -0.001626989, -0.0016691341, -0.0017093522, -0.0017276108, -0.001758673, -0.0017798577, -0.001786235, -0.0017914734, -0.0017888525, -0.0017820214, -0.0017778482, -0.0017700909, -0.0017663615, -0.0017670788, -0.0017760324, -0.0017951701, -0.0018080691, -0.001836851, -0.0018655208, -0.0018893634, -0.0018983776, -0.0019087261, -0.0019058615, -0.001898677, -0.001873427, -0.0018378621, -0.0017995151, -0.0017808784, -0.0017447646, -0.0017062505, -0.0016846525, -0.0016368424, -0.00158583, -0.0015606479, -0.0015116533, -0.0014617757, -0.001410844, -0.0013859764, -0.0013380472, -0.0012916719, -0.0012693842, -0.0012282666, -0.0011906674, -0.0011544534, -0.0011376189, -0.0011085209, -0.0010835716, -0.0010716807, -0.0010504454, -0.0010345228, -0.0010223598, -0.0010172976, -0.0010098806, -0.0010067434, -0.0010066929, -0.0010091219, -0.0010144461, -0.0010187839, -0.001030287, -0.0010446386, -0.001062681, -0.001072954, -0.0010959448, -0.0011222603, -0.0011365172, -0.0011672333, -0.0012013931, -0.0012380964, -0.0012573336, -0.0012983464, -0.0013420911, -0.0013644544, -0.0014106543, -0.001459859, -0.0014851484, -0.0015358095, -0.0015870365, -0.0016402057, -0.0016672192, -0.0017200914, -0.0017707091, -0.0017957295, -0.0018460253, -0.0018947659, -0.0019384185, -0.0019578696, -0.0019934953, -0.0020263963, -0.0020415538, -0.0020666854, -0.002081649, -0.0020850739, -0.0020857535, -0.0020815437, -0.0020738663, -0.0020680143, -0.0020497136, -0.0020208424, -0.0020029298, -0.001964067, -0.0019283536, -0.0019035083, -0.0018966618, -0.0018941455, -0.0019032123, -0.0019101818, -0.0019247645, -0.0019351356, -0.0019373448, -0.0019343516, -0.0019208381, -0.0018975884, -0.0018827361, -0.0018476658, -0.001806632, -0.0017842029, -0.0017359428, -0.001683174, -0.00162544, -0.0015946333, -0.0015297286, -0.0014663999, -0.0014412473, -0.0014320465, -0.0015315985
0, 0, 0, 0, 0, 0, 0, 0, 0, 0, 0, 0, 0, 0, 0, 0, 0, -0.0019169069, -0.0016788597, -0.0014387144, -0.0014018626, -0.0014178735, -0.001473038, -0.0015333726, -0.0015618451, -0.0016137795, -0.0016596294, -0.0016998659, -0.0017172374, -0.0017450254, -0.0017621215, -0.0017663572, -0.0017673565, -0.0017608779, -0.0017507683, -0.0017455765, -0.0017368471, -0.001733808, -0.0017353571, -0.0017466878, -0.001768626, -0.0017826456, -0.0018129323, -0.0018424251, -0.0018679621, -0.0018788629, -0.0018953681, -0.0019012323, -0.0018987571, -0.0018828644, -0.0018552684, -0.0018219586, -0.0018046823, -0.0017699525, -0.001733445, -0.0017131539, -0.0016675236, -0.0016166138, -0.0015908623, -0.0015400904, -0.0014892643, -0.0014383204, -0.0014131729, -0.001363891, -0.0013156442, -0.0012926251, -0.0012506705, -0.0012125431, -0.0011756476, -0.0011583305, -0.0011279157, -0.001102055, -0.0010900422, -0.0010684282, -0.0010511586, -0.0010383794, -0.0010332576, -0.0010252174, -0.0010211733, -0.001020871, -0.0010227764, -0.0010275663, -0.0010315104, -0.0010424941, -0.0010564188, -0.0010739232, -0.0010839431, -0.0011065366, -0.001132368, -0.0011463676, -0.0011767619, -0.0012105657, -0.0012468116, -0.0012659389, -0.0013066714, -0.001350007, -0.0013722865, -0.0014181908, -0.00146705, -0.001492237, -0.0015426561, -0.0015936389, -0.0016465887, -0.0016734874, -0.0017260861, -0.0017765389, -0.0018014481, -0.0018514874, -0.0019000893, -0.0019434928, -0.0019628804, -0.0019983274, -0.002031048, -0.0020461401, -0.0020710905, -0.0020859367, -0.0020892746, -0.002089794, -0.0020854466, -0.0020776386, -0.002071755, -0.0020533295, -0.002024311, -0.0020063475, -0.001967394, -0.0019315425, -0.0019066391, -0.0018997536, -0.0018971175, -0.0019061163, -0.0019130358, -0.001927522, -0.0019377744, -0.0019399506, -0.0019368476, -0.0019232307, -0.0018998522, -0.0018849586, -0.0018497859, -0.0018086295, -0.0017861661, -0.0017378206, -0.0016848941, -0.0016270542, -0.0015961549, -0.0015311169, -0.0014676576, -0.0014424139, -0.0014330846, -0.001532535
0, 0, 0, 0, 0, 0, 0, 0, 0, 0, 0, 0, 0, 0, 0, 0, 0, -0.0018004926, -0.001582435, -0.0013637115, -0.0013551479, -0.0013845381, -0.0014605353, -0.0015333702, -0.0015650184, -0.0016186539, -0.0016617557, -0.0016965577, -0.0017110903, -0.0017333955, -0.0017463203, -0.0017491988, -0.0017486506, -0.0017420969, -0.0017331719, -0.001729214, -0.0017233111, -0.0017230853, -0.0017262487, -0.0017397826, -0.0017620788, -0.0017750931, -0.001802127, -0.0018269954, -0.0018494881, -0.0018598952, -0.00187773, -0.0018889885, -0.0018907307, -0.0018851482, -0.0018683425, -0.0018432724, -0.0018286644, -0.0017969251, -0.0017623083, -0.0017428957, -0.0016979564, -0.001646472, -0.0016199296, -0.0015674711, -0.0015157234, -0.0014642602, -0.0014389489, -0.00138927, -0.0013402858, -0.0013166937, -0.0012731022, -0.0012337699, -0.0011967866, -0.0011793869, -0.0011478575, -0.0011210022, -0.0011089015, -0.0010866709, -0.0010682559, -0.0010548285, -0.0010496287, -0.0010410874, -0.0010359378, -0.0010352232, -0.0010368853, -0.0010411504, -0.0010446458, -0.0010549695, -0.0010685996, -0.0010854462, -0.0010951628, -0.0011173803, -0.0011427536, -0.0011565189, -0.0011865188, -0.0012199765, -0.0012557865, -0.0012746817, -0.0013151385, -0.0013581085, -0.0013802305, -0.0014258658, -0.0014744166, -0.0014994844, -0.0015496009, -0.0016003567, -0.0016530181, -0.0016797951, -0.0017322105, -0.0017823891, -0.0018072656, -0.0018570557, -0.0019054358, -0.0019486478, -0.001967965, -0.002003258, -0.0020357876, -0.0020507795, -0.0020756116, -0.0020902425, -0.0020935053, -0.0020938895, -0.002089437, -0.0020814703, -0.0020755024, -0.002056946, -0.0020278473, -0.0020098328, -0.001970737, -0.001934792, -0.0019098049, -0.001902876, -0.001900178, -0.00190903, -0.0019159216, -0.0019303006, -0.0019404921, -0.0019426111, -0.0019393775, -0.0019256619, -0.0019021766, -0.0018872318, -0.0018519324, -0.0018106647, -0.0017881368, -0.0017396897, -0.0016866517, -0.0016286809, -0.001597705, -0.0015325503, -0.0014689007, -0.0014435771, -0.0014341078, -0.0015335184
0, 0, 0, 0, 0, 0, 0, 0, 0, 0, 0, 0, 0, 0, 0, 0, 0, 0, -0.0014951976, -0.0013997935, -0.0013949999, -0.0014209339, -0.0014917867, -0.0015609153, -0.0015904602, -0.0016391231, -0.0016759635, -0.001704157, -0.0017153294, -0.0017325361, -0.0017425511, -0.0017449943, -0.0017453935, -0.0017423003, -0.0017389301, -0.0017380432, -0.0017380045, -0.0017418311, -0.001745879, -0.0017589179, -0.0017771994, -0.0017871764, -0.0018067779, -0.0018251167, -0.0018426296, -0.0018512828, -0.0018673216, -0.0018797463, -0.001883628, -0.0018854389, -0.0018783562, -0.0018620872, -0.0018507252, -0.0018231706, -0.0017903016, -0.0017713809, -0.0017271688, -0.0016754734, -0.0016484612, -0.0015946885, -0.0015415307, -0.0014886907, -0.0014629378, -0.0014129087, -0.0013642997, -0.0013407186, -0.0012961957, -0.0012556894, -0.001218124, -0.0012003406, -0.0011678634, -0.0011402208, -0.0011281373, -0.0011056851, -0.0010860933, -0.001071421, -0.0010659862, -0.0010574794, -0.0010514377, -0.001050194, -0.001051128, -0.0010550687, -0.0010583487, -0.0010678278, -0.0010809539, -0.0010973964, -0.0011067777, -0.0011284413, -0.0011534862, -0.0011669742, -0.0011964533, -0.0012296028, -0.0012649884, -0.0012837298, -0.0013237945, -0.0013664302, -0.001388298, -0.001433674, -0.0014819446, -0.0015068464, -0.0015567032, -0.0016071683, -0.001659611, -0.0016862317, -0.0017384373, -0.0017883928, -0.0018130654, -0.0018627489, -0.0019108682, -0.0019539166, -0.0019731333, -0.0020081867, -0.0020406153, -0.002055514, -0.0020801702, -0.0020946388, -0.002097811, -0.0020980642, -0.0020934555, -0.002085375, -0.0020793043, -0.0020606206, -0.0020313968, -0.0020133276, -0.001974126, -0.0019380908, -0.0019130373, -0.001906061, -0.001903251, -0.0019120158, -0.001918848, -0.0019331407, -0.0019432215, -0.0019452816, -0.0019419356, -0.0019281431, -0.0019045376, -0.0018895231, -0.0018541177, -0.0018127164, -0.0017901433, -0.0017415665, -0.001688446, -0.0016303271, -0.0015992877, -0.0015339964, -0.0014701568, -0.0014447611, -0.0014351539, -0.0015345091
0, 0, 0, 0, 0, 0, 0, 0, 0, 0, 0, 0, 0, 0, 0, 0, 0, 0, -0.0019212912, -0.0016531843, -0.0015245778, -0.0015150106, -0.0015470785, -0.0015989182, -0.0016233623, -0.0016641619, -0.0016947516, -0.0017176897, -0.001726721, -0.0017410949, -0.0017503524, -0.0017533831, -0.0017573206, -0.0017609304, -0.0017661502, -0.0017694394, -0.0017759574, -0.0017826165, -0.0017862715, -0.0017955899, -0.0018076748, -0.001814013, -0.0018264307, -0.0018388276, -0.0018514176, -0.0018578788, -0.0018703163, -0.0018816354, -0.001886578, -0.0018932859, -0.0018933166, -0.0018833408, -0.0018741329, -0.0018482518, -0.001814853, -0.0017957133, -0.0017518055, -0.0017012827, -0.0016748172, -0.0016212567, -0.0015674134, -0.0015133123, -0.0014867473, -0.0014357243, -0.0013872386, -0.0013637011, -0.0013187975, -0.0012777211, -0.0012402404, -0.0012223937, -0.0011886052, -0.001159467, -0.0011471183, -0.0011249741, -0.0011048623, -0.0010888479, -0.0010829642, -0.0010738868, -0.0010673804, -0.0010657675, -0.001065908, -0.0010693204, -0.0010722599, -0.0010810677, -0.0010937116, -0.0011096618, -0.0011186955, -0.0011397725, -0.0011644644, -0.0011777095, -0.0012066512, -0.0012393955, -0.0012743927, -0.0012928887, -0.0013326161, -0.0013749298, -0.0013966212, -0.0014416486, -0.0014895719, -0.001514304, -0.0015639488, -0.0016141129, -0.0016662801, -0.0016927756, -0.0017447581, -0.0017944793, -0.0018190402, -0.0018685013, -0.0019164025, -0.0019592731, -0.001978348, -0.002013217, -0.0020454708, -0.0020603049, -0.0020847584, -0.0020991208, -0.0021022232, -0.002102305, -0.0020975263, -0.00208932, -0.002083195, -0.0020643421, -0.0020350171, -0.002016884, -0.0019776006, -0.0019414236, -0.0019162863, -0.0019092533, -0.0019063335, -0.0019150546, -0.0019218266, -0.001935976, -0.001946003, -0.0019480005, -0.0019445121, -0.0019306487, -0.0019069528, -0.0018918893, -0.0018563356, -0.0018148269, -0.0017921951, -0.0017434682, -0.0016902306, -0.0016319946, -0.0016008923, -0.0015354397, -0.0014715028, -0.0014459905, -0.0014362143, -0.0015355248
0, 0, 0, 0, 0, 0, 0, 0, 0, 0, 0, 0, 0, 0, 0, 0, 0, 0, -0.0025869797, -0.0019497329, -0.0016441048, -0.0015934196, -0.0015864845, -0.001623254, -0.0016436737, -0.0016795305, -0.0017070639, -0.0017278383, -0.0017364341, -0.0017509175, -0.0017620849, -0.0017668387, -0.0017759809, -0.0017865675, -0.0017988007, -0.0018049787, -0.0018157386, -0.0018233133, -0.0018265301, -0.001833409, -0.0018415779, -0.0018459652, -0.0018543493, -0.0018625956, -0.0018715555, -0.0018764198, -0.0018871059, -0.0018992131, -0.0019052125, -0.0019148655, -0.0019175886, -0.0019092399, -0.0019002861, -0.0018738151, -0.0018383653, -0.0018182624, -0.0017732577, -0.0017231737, -0.001697021, -0.0016443719, -0.0015914914, -0.0015375741, -0.0015108547, -0.001459307, -0.0014105664, -0.001386992, -0.0013410999, -0.0012992866, -0.0012622372, -0.0012446583, -0.0012103802, -0.0011798656, -0.0011669308, -0.0011442639, -0.0011237699, -0.0011069634, -0.0011006974, -0.0010909397, -0.0010837966, -0.0010816335, -0.0010809735, -0.0010840824, -0.0010867664, -0.0010947157, -0.0011066104, -0.0011222687, -0.0011310778, -0.0011513742, -0.0011756356, -0.0011887313, -0.0012171511, -0.0012493809, -0.0012840638, -0.0013022923, -0.0013415968, -0.0013836521, -0.0014050921, -0.0014497444, -0.0014974294, -0.0015219541, -0.0015712524, -0.001621172, -0.0016730765, -0.0016994455, -0.0017511481, -0.0018006173, -0.0018251009, -0.001874302, -0.0019220391, -0.0019646606, -0.0019836742, -0.0020183662, -0.0020504184, -0.0020651454, -0.0020894096, -0.0021036011, -0.0021066577, -0.0021065911, -0.0021016463, -0.0020933126, -0.0020871176, -0.0020681613, -0.0020386574, -0.0020204803, -0.0019810793, -0.0019448403, -0.0019195935, -0.0019125108, -0.0019094974, -0.0019181023, -0.0019248459, -0.0019388867, -0.0019487953, -0.0019507594, -0.0019471748, -0.001933159, -0.0019093755, -0.0018942722, -0.0018585853, -0.0018169518, -0.0017942473, -0.001745402, -0.0016920384, -0.0016336831, -0.0016025193, -0.0015369249, -0.0014728187, -0.0014472168, -0.0014372837, -0.001536544
0, 0, 0, 0, 0, 0, 0, 0, 0, 0, 0, 0, 0, 0, 0, 0, 0, 0, 0, -0.001995743, -0.0016747011, -0.0016146373, -0.0015934397, -0.001622714, -0.0016414648, -0.0016762876, -0.0017051547, -0.0017283083, -0.001738251, -0.0017561656, -0.0017714758, -0.0017787425, -0.0017929543, -0.0018078234, -0.0018230028, -0.0018299196, -0.0018416278, -0.0018497338, -0.0018529402, -0.0018595387, -0.0018669476, -0.0018706194, -0.001877738, -0.0018852212, -0.001894816, -0.0019007877, -0.0019151026, -0.0019312663, -0.0019387509, -0.0019493081, -0.0019500781, -0.0019386311, -0.0019281913, -0.001898972, -0.0018609283, -0.0018395699, -0.0017935567, -0.00174382, -0.0017181027, -0.0016660134, -0.001613124, -0.0015596217, -0.0015333383, -0.0014827237, -0.001434799, -0.001411178, -0.0013644729, -0.0013215811, -0.0012842552, -0.0012667754, -0.0012323667, -0.0012010577, -0.0011876367, -0.0011643498, -0.001143299, -0.0011254136, -0.0011185664, -0.0011083451, -0.0011008994, -0.0010983752, -0.0010964605, -0.0010989528, -0.0011014875, -0.0011089199, -0.0011199125, -0.0011350182, -0.0011436898, -0.0011634728, -0.001187015, -0.0011998995, -0.0012279238, -0.0012596035, -0.0012939589, -0.0013119959, -0.0013507565, -0.001392461, -0.0014137961, -0.0014579971, -0.0015054008, -0.0015297723, -0.0015786975, -0.0016283212, -0.0016799828, -0.0017062492, -0.0017576312, -0.0018068992, -0.0018312619, -0.0018802069, -0.0019277381, -0.0019701477, -0.001989056, -0.0020235719, -0.0020553821, -0.002070032, -0.002094173, -0.0021081872, -0.0021111427, -0.0021109027, -0.0021058575, -0.0020973664, -0.0020910925, -0.0020720132, -0.00204239, -0.0020241388, -0.0019846356, -0.0019482701, -0.0019229262, -0.0019158017, -0.0019126923, -0.0019211876, -0.0019278687, -0.0019418745, -0.0019516412, -0.001953549, -0.001949897, -0.0019357116, -0.0019118112, -0.0018966302, -0.0018608707, -0.0018191232, -0.0017963251, -0.0017473862, -0.0016938831, -0.0016354175, -0.0016041744, -0.0015384112, -0.001474111, -0.0014484733, -0.0014384008, -0.0015375715
0, 0, 0, 0, 0, 0, 0, 0, 0, 0, 0, 0, 0, 0, 0, 0, 0, 0, 0, -0.0019494579, -0.0017300014, -0.0016506107, -0.0015888192, -0.0015996026, -0.0016154341, -0.0016521382, -0.0016870282, -0.0017171835, -0.0017306652, -0.0017547797, -0.001776356, -0.0017862917, -0.0018049545, -0.0018216154, -0.0018357979, -0.0018419278, -0.0018519139, -0.0018594081, -0.0018624526, -0.0018690499, -0.0018771274, -0.0018817002, -0.0018917564, -0.0019038845, -0.0019195213, -0.0019289388, -0.0019498185, -0.0019709563, -0.001979752, -0.0019896252, -0.0019858927, -0.001968748, -0.0019556286, -0.0019220883, -0.0018812816, -0.001859198, -0.0018129138, -0.0017642163, -0.0017391419, -0.001687319, -0.0016343811, -0.001581633, -0.0015558173, -0.0015059677, -0.0014583367, -0.0014349397, -0.0013886103, -0.0013453374, -0.0013072069, -0.0012894456, -0.0012548286, -0.0012226534, -0.0012086635, -0.0011847647, -0.0011635277, -0.0011448918, -0.0011372702, -0.0011258691, -0.0011181297, -0.0011154655, -0.0011127449, -0.0011142187, -0.001116441, -0.0011233327, -0.0011337996, -0.0011481404, -0.001156518, -0.0011757736, -0.0011987513, -0.0012113752, -0.0012389225, -0.0012701177, -0.0013039857, -0.001321828, -0.0013601615, -0.0014014078, -0.0014226062, -0.0014664329, -0.0015134562, -0.0015376981, -0.0015863024, -0.0016356385, -0.0016869928, -0.0017131125, -0.00176423, -0.001813274, -0.0018375005, -0.0018862139, -0.00193353, -0.0019757405, -0.0019945237, -0.002028854, -0.0020604867, -0.0020750235, -0.0020989752, -0.0021128266, -0.002115708, -0.0021152687, -0.0021101367, -0.0021014775, -0.0020951503, -0.0020758933, -0.002046179, -0.0020278802, -0.0019882573, -0.0019517773, -0.0019262991, -0.0019191217, -0.0019159355, -0.0019243807, -0.0019310071, -0.0019448856, -0.0019545208, -0.0019563704, -0.001952597, -0.0019383137, -0.0019142755, -0.0018990473, -0.0018631762, -0.0018213287, -0.0017984987, -0.001749399, -0.001695748, -0.001637152, -0.0016058445, -0.0015399071, -0.0014754748, -0.0014497489, -0.0014395304, -0.0015386145
0, 0, 0, 0, 0, 0, 0, 0, 0, 0, 0, 0, 0, 0, 0, 0, 0, 0, 0, -0.0024982514, -0.0019248001, -0.0017420888, -0.0015746094, -0.0015537888, -0.0015670771, -0.0016096269, -0.0016555255, -0.0016968318, -0.0017152044, -0.0017481698, -0.0017770558, -0.0017899721, -0.0018127364, -0.0018296342, -0.001840781, -0.001844751, -0.0018506225, -0.0018549551, -0.0018569583, -0.0018627815, -0.0018731147, -0.0018801035, -0.0018977496, -0.0019198905, -0.0019457644, -0.001959496, -0.00198739, -0.0020116796, -0.0020203963, -0.0020269966, -0.0020174761, -0.001994307, -0.0019788675, -0.0019419753, -0.0018999076, -0.001877681, -0.0018319321, -0.0017844968, -0.0017598016, -0.0017086202, -0.0016560891, -0.0016043073, -0.0015790514, -0.0015300693, -0.0014827414, -0.0014593808, -0.0014130814, -0.0013694253, -0.0013306468, -0.0013127833, -0.0012782963, -0.0012454111, -0.0012306927, -0.001205319, -0.001183845, -0.0011650032, -0.0011568178, -0.0011441933, -0.0011357298, -0.0011327284, -0.0011293369, -0.0011300236, -0.0011319417, -0.0011381892, -0.0011478293, -0.0011615962, -0.0011697849, -0.0011884794, -0.0012107067, -0.0012230654, -0.0012502959, -0.0012808207, -0.001314184, -0.001331876, -0.0013697947, -0.0014105361, -0.0014315331, -0.0014750874, -0.0015216488, -0.0015457539, -0.0015940551, -0.0016430519, -0.0016941032, -0.0017200789, -0.0017709364, -0.0018196891, -0.001843827, -0.0018923419, -0.0019394121, -0.0019814367, -0.0020001186, -0.00203419, -0.0020656565, -0.002080089, -0.0021038759, -0.0021175544, -0.0021203435, -0.0021197537, -0.0021144394, -0.0021056477, -0.0020992316, -0.0020798666, -0.0020500089, -0.0020316502, -0.0019919167, -0.0019553127, -0.0019297487, -0.0019225515, -0.0019192484, -0.0019275687, -0.0019341778, -0.0019479174, -0.0019574566, -0.0019592412, -0.0019553395, -0.0019409347, -0.0019167898, -0.0019014933, -0.0018655226, -0.0018235197, -0.0018006698, -0.0017514637, -0.0016976523, -0.0016389131, -0.001607532, -0.0015414658, -0.0014768487, -0.0014510402, -0.0014406624, -0.0015396592
0, 0, 0, 0, 0, 0, 0, 0, 0, 0, 0, 0, 0, 0, 0, 0, 0, 0, 0, 0, -0.0019465982, -0.0017321438, -0.0014914842, -0.0014520185, -0.0014686052, -0.0015293657, -0.0015986323, -0.0016611277, -0.0016884519, -0.001735201, -0.0017725085, -0.0017877184, -0.0018101599, -0.001821883, -0.0018260479, -0.0018266182, -0.0018279449, -0.0018307043, -0.0018333737, -0.0018430313, -0.0018619696, -0.0018755085, -0.001910232, -0.0019513967, -0.0019932895, -0.0020127953, -0.002045235, -0.0020642558, -0.0020678188, -0.0020634313, -0.0020468626, -0.002021378, -0.002005854, -0.0019702294, -0.0019304504, -0.0019098659, -0.0018682298, -0.0018252857, -0.001802803, -0.0017547995, -0.0017042325, -0.0016540329, -0.001629451, -0.0015808712, -0.0015332272, -0.0015100932, -0.0014652291, -0.0014214212, -0.0013799678, -0.0013609666, -0.0013258798, -0.0012927622, -0.0012770522, -0.0012490676, -0.0012261193, -0.0012061574, -0.0011970712, -0.0011823017, -0.0011723143, -0.0011687761, -0.0011641249, -0.0011626859, -0.0011636675, -0.0011689495, -0.0011774976, -0.0011894724, -0.001196826, -0.0012146469, -0.0012357542, -0.0012473915, -0.0012733755, -0.0013030908, -0.0013352833, -0.0013524705, -0.0013896002, -0.0014294448, -0.0014499894, -0.001492773, -0.0015385849, -0.0015622613, -0.0016099672, -0.001658238, -0.0017086787, -0.0017343528, -0.0017846895, -0.0018329463, -0.001856794, -0.0019048061, -0.001951424, -0.001992969, -0.0020114458, -0.00204512, -0.0020761993, -0.0020905219, -0.002113885, -0.0021271927, -0.0021298027, -0.0021289163, -0.0021232425, -0.0021141658, -0.0021076305, -0.0020879938, -0.0020578739, -0.0020393622, -0.0019993659, -0.0019625605, -0.0019368214, -0.0019294844, -0.0019260166, -0.0019341041, -0.0019405589, -0.0019541397, -0.001963449, -0.0019650925, -0.0019609712, -0.0019463352, -0.0019219547, -0.0019065037, -0.0018702813, -0.0018280678, -0.0018050547, -0.0017556099, -0.001701556, -0.00164251, -0.0016109853, -0.0015446066, -0.001479668, -0.0014536602, -0.0014429782, -0.0015418143
0, 0, 0, 0, 0, 0, 0, 0, 0, 0, 0, 0, 0, 0, 0, 0, 0, 0, 0, 0, 0, -0.0017367704, -0.0015518533, -0.0014670745, -0.0014689604, -0.0015173428, -0.0015860313, -0.001651079, -0.0016792327, -0.0017268761, -0.0017633162, -0.0017773602, -0.001797669, -0.0018082148, -0.001813139, -0.0018150909, -0.0018203413, -0.001828636, -0.0018341385, -0.0018497005, -0.0018735243, -0.0018891296, -0.0019263568, -0.001967748, -0.002006766, -0.0020237633, -0.0020494608, -0.0020619794, -0.0020633535, -0.0020579984, -0.0020447143, -0.002024232, -0.0020111545, -0.0019800246, -0.0019441053, -0.0019251987, -0.0018859872, -0.0018449395, -0.0018236485, -0.0017784062, -0.001730631, -0.001681787, -0.0016573322, -0.0016084135, -0.0015605402, -0.0015373767, -0.001492266, -0.0014478391, -0.0014057765, -0.0013864753, -0.0013508657, -0.001317183, -0.0013010238, -0.0012718332, -0.0012477409, -0.0012273709, -0.0012182726, -0.0012024543, -0.0011910148, -0.0011870977, -0.001182061, -0.0011799798, -0.0011804055, -0.0011847268, -0.0011927591, -0.0012040419, -0.0012109771, -0.0012281376, -0.0012486932, -0.0012599523, -0.0012853665, -0.0013145867, -0.0013461984, -0.0013631283, -0.0013997975, -0.0014391607, -0.0014594601, -0.0015018259, -0.0015472798, -0.001570745, -0.0016181057, -0.0016660223, -0.0017161751, -0.0017417234, -0.0017917482, -0.001839692, -0.0018634081, -0.0019111919, -0.0019575714, -0.001998874, -0.0020172577, -0.0020507544, -0.0020816396, -0.0020958122, -0.0021190143, -0.0021321033, -0.0021346372, -0.0021335843, -0.0021277994, -0.0021185644, -0.002111941, -0.0020921957, -0.0020618741, -0.0020433262, -0.0020031882, -0.0019662788, -0.0019404099, -0.0019330403, -0.0019294732, -0.0019374198, -0.0019438767, -0.0019573043, -0.001966519, -0.0019681484, -0.001963836, -0.0019490939, -0.0019245934, -0.0019091066, -0.0018727247, -0.0018303917, -0.00180733, -0.0017577255, -0.0017035522, -0.0016443648, -0.0016127598, -0.0015461835, -0.0014810959, -0.0014550122, -0.0014441424, -0.0015429483
0, 0, 0, 0, 0, 0, 0, 0, 0, 0, 0, 0, 0, 0, 0, 0, 0, 0, 0, 0, 0, -0.0022603495, -0.0017432974, -0.0015122477, -0.0014835553, -0.0015072516, -0.0015698479, -0.0016329844, -0.0016610135, -0.0017080818, -0.0017442674, -0.0017583612, -0.0017799964, -0.001793965, -0.0018043455, -0.0018096755, -0.0018224025, -0.0018380047, -0.0018470074, -0.0018677956, -0.0018936995, -0.0019086871, -0.001941428, -0.0019746036, -0.0020035114, -0.0020153872, -0.0020325975, -0.002040944, -0.002042284, -0.0020404977, -0.0020336278, -0.0020205055, -0.0020112607, -0.0019875513, -0.00195809, -0.0019415737, -0.0019053675, -0.0018663575, -0.0018460713, -0.0018034603, -0.0017574963, -0.0017093545, -0.0016850245, -0.0016365937, -0.0015893062, -0.0015661536, -0.0015204665, -0.0014752081, -0.0014323575, -0.0014124275, -0.001375798, -0.0013419363, -0.0013257244, -0.0012956882, -0.0012699192, -0.0012487882, -0.0012395472, -0.001223016, -0.0012104765, -0.001206023, -0.001200289, -0.0011975945, -0.0011975759, -0.0012008826, -0.0012083357, -0.0012189961, -0.0012255006, -0.0012417822, -0.001261938, -0.001272931, -0.0012975112, -0.0013262169, -0.001357369, -0.0013739654, -0.0014100877, -0.001449136, -0.0014691587, -0.0015110287, -0.0015561166, -0.001579441, -0.0016263213, -0.0016739741, -0.0017237888, -0.0017491659, -0.0017988812, -0.0018465446, -0.0018701346, -0.0019176722, -0.001963807, -0.002004894, -0.002023164, -0.00205647, -0.0020871127, -0.00210118, -0.002124228, -0.0021370805, -0.0021395425, -0.0021383571, -0.0021324127, -0.0021230234, -0.0021163095, -0.002096388, -0.0020659894, -0.0020473402, -0.0020071005, -0.001970056, -0.0019440706, -0.0019366487, -0.0019329726, -0.0019408606, -0.0019472409, -0.001960527, -0.0019696364, -0.001971206, -0.0019667824, -0.0019519001, -0.0019272363, -0.0019117276, -0.0018752163, -0.0018327696, -0.0018096349, -0.0017598756, -0.0017055542, -0.0016462406, -0.0016145533, -0.0015478253, -0.0014825435, -0.0014563691, -0.001445345, -0.0015441
0, 0, 0, 0, 0, 0, 0, 0, 0, 0, 0, 0, 0, 0, 0, 0, 0, 0, 0, 0, 0, 0, -0.001782716, -0.0015122512, -0.001472016, -0.0014848044, -0.0015442262, -0.0016069993, -0.0016352248, -0.0016841427, -0.0017238051, -0.0017402406, -0.0017678144, -0.0017896993, -0.0018086259, -0.0018184283, -0.0018380531, -0.0018586498, -0.0018688731, -0.001890098, -0.001911907, -0.001923267, -0.0019453851, -0.001965106, -0.0019812335, -0.0019878203, -0.001998655, -0.0020071554, -0.0020104449, -0.0020157064, -0.0020175404, -0.002013534, -0.0020086537, -0.0019932718, -0.0019704965, -0.0019565641, -0.001924736, -0.0018893761, -0.0018706698, -0.0018306536, -0.0017861888, -0.0017378943, -0.0017134256, -0.0016648977, -0.0016176712, -0.0015945697, -0.001548894, -0.0015037688, -0.0014601382, -0.0014394467, -0.0014012653, -0.0013667892, -0.0013505645, -0.0013198006, -0.0012927769, -0.0012708348, -0.0012612757, -0.0012441811, -0.0012303628, -0.0012252921, -0.0012188773, -0.0012157689, -0.001215352, -0.001217382, -0.0012241247, -0.0012343882, -0.0012404991, -0.0012558327, -0.0012753484, -0.0012861675, -0.0013100241, -0.0013380318, -0.0013687728, -0.0013850888, -0.0014206466, -0.0014591916, -0.0014790343, -0.0015203529, -0.0015650998, -0.0015882401, -0.0016346764, -0.0016820723, -0.0017315169, -0.0017567212, -0.0018061473, -0.0018535616, -0.0018769995, -0.0019242816, -0.0019701663, -0.0020110132, -0.0020291382, -0.00206228, -0.0020926972, -0.0021066624, -0.0021294816, -0.0021422338, -0.0021445667, -0.0021432114, -0.0021370475, -0.0021275277, -0.0021207568, -0.0021006954, -0.0020701494, -0.002051457, -0.002011038, -0.0019739028, -0.00194785, -0.0019403374, -0.0019365307, -0.0019443207, -0.0019506193, -0.0019638068, -0.0019727817, -0.0019742756, -0.0019697745, -0.0019547532, -0.0019299884, -0.0019143956, -0.0018777394, -0.0018351483, -0.0018119423, -0.0017620679, -0.0017076103, -0.0016481164, -0.0016163556, -0.001549509, -0.0014840272, -0.0014577473, -0.0014465584, -0.0015452389
0, 0, 0, 0, 0, 0, 0, 0, 0, 0, 0, 0, 0, 0, 0, 0, 0, 0, 0, 0, 0, 0, -0.0016983306, -0.0015238755, -0.001475645, -0.0014710404, -0.001523967, -0.0015868805, -0.001616711, -0.0016704844, -0.0017164029, -0.0017365917, -0.0017721902, -0.0018027074, -0.001829688, -0.0018419857, -0.0018643731, -0.0018833003, -0.0018914562, -0.0019055725, -0.0019178864, -0.0019232128, -0.0019320655, -0.0019388165, -0.001945297, -0.0019490654, -0.0019589553, -0.0019716176, -0.001978451, -0.0019914852, -0.0020014376, -0.0020060455, -0.0020055985, -0.0019981612, -0.001982237, -0.001971335, -0.0019444429, -0.0019121938, -0.0018945995, -0.0018566715, -0.0018147684, -0.0017683972, -0.0017441704, -0.0016946129, -0.0016460983, -0.001622624, -0.0015769467, -0.0015321061, -0.0014880052, -0.0014668653, -0.0014275551, -0.0013924151, -0.0013758306, -0.0013443972, -0.0013161311, -0.0012929149, -0.0012831527, -0.0012658045, -0.001251182, -0.0012453082, -0.0012375163, -0.0012341455, -0.0012334943, -0.0012346526, -0.0012402544, -0.0012498714, -0.0012556901, -0.0012703211, -0.0012890224, -0.0012995246, -0.0013228, -0.0013501436, -0.0013803059, -0.001396377, -0.0014313255, -0.0014693979, -0.0014890035, -0.0015299481, -0.0015742192, -0.0015971375, -0.001643244, -0.0016902087, -0.0017393907, -0.0017644005, -0.0018135253, -0.0018606725, -0.0018839595, -0.0019309857, -0.001976572, -0.002017254, -0.002035273, -0.0020681277, -0.0020983887, -0.0021122578, -0.0021348624, -0.0021474755, -0.002149703, -0.0021481498, -0.0021417802, -0.002132103, -0.0021252653, -0.0021050717, -0.0020743571, -0.0020555884, -0.0020150908, -0.001977824, -0.0019516203, -0.0019440688, -0.0019401492, -0.0019478109, -0.0019540791, -0.0019671815, -0.0019759783, -0.001977418, -0.001972784, -0.0019576696, -0.0019327378, -0.0019170705, -0.0018803194, -0.0018375487, -0.0018142791, -0.0017642742, -0.0017097091, -0.001650051, -0.0016181937, -0.0015511815, -0.0014855214, -0.0014591579, -0.0014477943, -0.001546363
0, 0, 0, 0, 0, 0, 0, 0, 0, 0, 0, 0, 0, 0, 0, 0, 0, 0, 0, 0, 0, 0, -0.0020992334, -0.0016573445, -0.0015510655, -0.0014915778, -0.0015264394, -0.0015875122, -0.0016191282, -0.0016780881, -0.0017297443, -0.0017526178, -0.0017932291, -0.0018277655, -0.0018563824, -0.0018682855, -0.0018864142, -0.0018975553, -0.0019008587, -0.0019042749, -0.0019047862, -0.0019040274, -0.0019015401, -0.0019001262, -0.0019039277, -0.0019086885, -0.0019234369, -0.0019429086, -0.0019530903, -0.0019722756, -0.0019886761, -0.0020009477, -0.0020046283, -0.0020055096, -0.0019965458, -0.0019883853, -0.001965059, -0.0019344626, -0.0019174581, -0.001881325, -0.0018419757, -0.001797766, -0.0017738865, -0.0017243923, -0.0016754983, -0.0016519249, -0.0016058492, -0.0015603185, -0.0015156938, -0.0014942589, -0.0014541042, -0.0014179955, -0.0014012707, -0.0013697733, -0.0013405646, -0.0013155398, -0.0013050016, -0.0012874563, -0.0012725608, -0.001266161, -0.0012569972, -0.0012527184, -0.0012517789, -0.0012521922, -0.0012568668, -0.0012657079, -0.0012712165, -0.0012850397, -0.0013029969, -0.0013131802, -0.0013358691, -0.00136241, -0.0013920838, -0.0014079533, -0.0014422523, -0.0014797599, -0.0014991886, -0.0015396728, -0.0015834897, -0.0016062511, -0.0016519802, -0.0016984877, -0.0017473815, -0.0017722405, -0.0018210575, -0.0018678695, -0.0018910328, -0.0019378022, -0.0019831443, -0.0020235798, -0.002041493, -0.002074117, -0.0021041515, -0.0021179295, -0.0021403632, -0.002152758, -0.0021549114, -0.0021531451, -0.0021466792, -0.002136816, -0.0021298784, -0.0021094792, -0.002078658, -0.0020598145, -0.0020191963, -0.0019817878, -0.0019554666, -0.0019478629, -0.0019438325, -0.0019514026, -0.0019576065, -0.0019705521, -0.0019792574, -0.0019806325, -0.0019758488, -0.0019606005, -0.0019355408, -0.0019197993, -0.0018829418, -0.0018400284, -0.0018166936, -0.0017665349, -0.0017118041, -0.0016520369, -0.0016200913, -0.0015528797, -0.0014870212, -0.0014605831, -0.0014490648, -0.0015475227
0, 0, 0, 0, 0, 0, 0, 0, 0, 0, 0, 0, 0, 0, 0, 0, 0, 0, 0, 0, 0, 0, 0, -0.0017694411, -0.0016566144, -0.0015433235, -0.0015505744, -0.0016063744, -0.0016387212, -0.0017003126, -0.0017533002, -0.0017760181, -0.0018148733, -0.0018462222, -0.0018697134, -0.0018780592, -0.0018879755, -0.0018895455, -0.0018879266, -0.001882075, -0.001873842, -0.0018693211, -0.0018614711, -0.0018592401, -0.0018672787, -0.0018754496, -0.0018978768, -0.0019236, -0.0019361335, -0.0019592168, -0.0019805674, -0.0019993722, -0.002006738, -0.0020150577, -0.0020123525, -0.0020065294, -0.0019863592, -0.0019574037, -0.0019410611, -0.0019062859, -0.0018683167, -0.0018252702, -0.0018018231, -0.0017530876, -0.0017043533, -0.0016807505, -0.0016345117, -0.001588889, -0.0015441239, -0.0015224889, -0.001481138, -0.0014434288, -0.0014264032, -0.0013949211, -0.0013656627, -0.0013393026, -0.0013279875, -0.0013092373, -0.001294018, -0.0012873465, -0.0012770522, -0.0012718168, -0.0012705385, -0.0012701546, -0.0012736607, -0.0012819462, -0.0012871552, -0.0013001153, -0.0013170718, -0.0013269415, -0.0013492679, -0.0013750647, -0.0014039074, -0.0014195518, -0.0014534825, -0.0014902551, -0.0015094366, -0.0015496061, -0.0015928402, -0.0016154369, -0.0016608547, -0.0017069621, -0.0017554787, -0.0017801689, -0.001828696, -0.0018751828, -0.0018982367, -0.0019447367, -0.0019898913, -0.0020300155, -0.0020478289, -0.0020802035, -0.002110069, -0.0021237547, -0.0021459258, -0.0021581056, -0.0021602148, -0.0021582558, -0.0021516473, -0.0021415562, -0.0021345653, -0.0021139965, -0.0020830547, -0.0020641536, -0.002023341, -0.0019858507, -0.001959399, -0.0019517486, -0.0019475997, -0.001955011, -0.0019611702, -0.001974005, -0.0019826128, -0.001983881, -0.0019789727, -0.0019635784, -0.0019384115, -0.0019225937, -0.0018855591, -0.0018425612, -0.0018191352, -0.0017688394, -0.0017139422, -0.001653999, -0.0016220066, -0.0015546224, -0.0014885749, -0.0014620236, -0.001450331, -0.0015487407
0, 0, 0, 0, 0, 0, 0, 0, 0, 0, 0, 0, 0, 0, 0, 0, 0, 0, 0, 0, 0, 0, 0, -0.0021180767, -0.001863822, -0.001611642, -0.0015784127, -0.0016261342, -0.0016577219, -0.0017179493, -0.0017671129, -0.0017869327, -0.0018195387, -0.0018435654, -0.001859229, -0.0018635539, -0.0018652312, -0.00185942, -0.0018549548, -0.0018448733, -0.0018352469, -0.0018308972, -0.0018256506, -0.0018286513, -0.0018433885, -0.001855023, -0.0018833708, -0.0019132367, -0.0019273565, -0.0019539788, -0.001979797, -0.0020038344, -0.0020139578, -0.0020267302, -0.0020279386, -0.0020236687, -0.0020061105, -0.0019794544, -0.0019639763, -0.0019306325, -0.0018938427, -0.0018522827, -0.0018294675, -0.0017813144, -0.0017327223, -0.0017090352, -0.001662634, -0.0016167714, -0.0015721214, -0.0015506505, -0.0015091697, -0.0014700734, -0.0014521969, -0.0014198115, -0.0013907009, -0.0013635993, -0.0013515992, -0.0013318576, -0.0013159232, -0.0013088258, -0.0012974803, -0.0012912351, -0.0012895757, -0.0012885961, -0.0012910889, -0.0012981914, -0.0013031727, -0.0013156208, -0.0013316686, -0.0013409904, -0.0013626367, -0.0013879678, -0.001416045, -0.001431339, -0.0014647319, -0.0015010894, -0.0015199771, -0.0015596462, -0.0016024405, -0.0016247756, -0.0016698043, -0.0017156214, -0.0017637148, -0.0017882719, -0.0018364602, -0.0018827087, -0.0019055874, -0.0019518076, -0.0019966897, -0.0020365582, -0.0020542764, -0.002086443, -0.0021160303, -0.0021296241, -0.0021516448, -0.002163627, -0.0021655913, -0.0021634598, -0.0021566432, -0.0021464392, -0.0021393294, -0.0021186492, -0.002087483, -0.002068531, -0.002027606, -0.0019899597, -0.0019633886, -0.0019556736, -0.0019514125, -0.0019586945, -0.0019647912, -0.0019774924, -0.001985975, -0.0019872037, -0.0019821804, -0.0019666296, -0.0019412916, -0.001925427, -0.0018882273, -0.0018450967, -0.0018216077, -0.0017711871, -0.0017161234, -0.0016560189, -0.0016239512, -0.0015563758, -0.0014901523, -0.0014635234, -0.0014516282, -0.0015499617
0, 0, 0, 0, 0, 0, 0, 0, 0, 0, 0, 0, 0, 0, 0, 0, 0, 0, 0, 0, 0, 0, 0, -0.0021696622, -0.0019289732, -0.0016508342, -0.0015979027, -0.0016339057, -0.0016609674, -0.0017136745, -0.0017556911, -0.0017724504, -0.0017986244, -0.0018171238, -0.0018281032, -0.001830354, -0.0018285328, -0.001821279, -0.001816906, -0.0018098194, -0.0018056012, -0.0018047537, -0.0018064964, -0.0018152741, -0.00183397, -0.0018468415, -0.0018778142, -0.0019104169, -0.0019263276, -0.0019571122, -0.0019870345, -0.0020138174, -0.002024907, -0.0020396237, -0.0020431762, -0.0020404032, -0.0020258266, -0.0020013193, -0.0019864112, -0.001953251, -0.0019171021, -0.0018773397, -0.0018556915, -0.0018093479, -0.0017612869, -0.0017375377, -0.0016906934, -0.0016444299, -0.0015998082, -0.0015784606, -0.0015370126, -0.001497089, -0.0014786517, -0.0014456657, -0.0014161131, -0.0013881597, -0.0013756136, -0.001354857, -0.0013381699, -0.0013307855, -0.00131865, -0.0013108772, -0.0013087546, -0.0013073516, -0.0013089399, -0.0013148746, -0.0013194061, -0.0013311866, -0.001346542, -0.0013554116, -0.0013762462, -0.0014009924, -0.0014284034, -0.0014433563, -0.0014762095, -0.0015120723, -0.0015306908, -0.0015698138, -0.0016122363, -0.0016343069, -0.0016788946, -0.0017243309, -0.0017720914, -0.0017965119, -0.0018443927, -0.0018903245, -0.0019131218, -0.0019589732, -0.0020035738, -0.0020432395, -0.0020608157, -0.0020927913, -0.0021221403, -0.0021355995, -0.0021574316, -0.002169233, -0.0021711017, -0.0021687592, -0.002161742, -0.0021513943, -0.0021442228, -0.0021233356, -0.0020920264, -0.0020729704, -0.0020319573, -0.0019941642, -0.001967421, -0.0019596557, -0.001955293, -0.0019624606, -0.00196849, -0.0019810481, -0.0019893947, -0.001990583, -0.0019853995, -0.0019696862, -0.0019442299, -0.0019283012, -0.0018909732, -0.0018476513, -0.0018241109, -0.0017735315, -0.0017183585, -0.0016580747, -0.0016259139, -0.0015581405, -0.0014917385, -0.001465014, -0.0014529538, -0.0015511892
0, 0, 0, 0, 0, 0, 0, 0, 0, 0, 0, 0, 0, 0, 0, 0, 0, 0, 0, 0, 0, 0, 0, 0, -0.0019520089, -0.001742914, -0.0016313837, -0.0016252748, -0.0016400429, -0.0016784217, -0.0017142463, -0.0017294217, -0.0017551401, -0.0017752291, -0.0017890249, -0.0017931334, -0.0017958761, -0.0017939282, -0.001792734, -0.0017924812, -0.0017958775, -0.0017986725, -0.0018061944, -0.0018180837, -0.0018375303, -0.0018504491, -0.0018814496, -0.0019158289, -0.0019332416, -0.0019671738, -0.0019992949, -0.0020266047, -0.0020375021, -0.0020523323, -0.0020571377, -0.0020555276, -0.0020439897, -0.0020222904, -0.0020083594, -0.001976214, -0.0019404012, -0.0019016449, -0.0018808917, -0.0018361137, -0.0017888675, -0.0017652053, -0.0017182581, -0.001672392, -0.0016281987, -0.0016068184, -0.0015649371, -0.0015243981, -0.0015055083, -0.0014718629, -0.0014416495, -0.0014135203, -0.0014006357, -0.0013784748, -0.0013606725, -0.0013530332, -0.0013403003, -0.001331189, -0.0013284571, -0.0013263223, -0.0013271202, -0.0013319356, -0.0013358898, -0.0013470537, -0.0013616427, -0.0013700343, -0.0013900624, -0.0014142675, -0.0014409513, -0.0014555434, -0.0014878962, -0.001523231, -0.0015415093, -0.0015801511, -0.0016222035, -0.0016440416, -0.0016881656, -0.0017332837, -0.0017806332, -0.0018048864, -0.0018524752, -0.001898063, -0.0019207029, -0.0019663041, -0.0020106507, -0.002050071, -0.0020675263, -0.0020992397, -0.0021283757, -0.002141742, -0.0021633347, -0.002174929, -0.0021767179, -0.0021742075, -0.0021669809, -0.0021564236, -0.0021491807, -0.0021281405, -0.0020966774, -0.0020775178, -0.002036327, -0.0019983992, -0.0019715866, -0.0019637537, -0.0019592205, -0.0019663011, -0.001972245, -0.0019846812, -0.00199287, -0.001994001, -0.0019886394, -0.0019728255, -0.0019472232, -0.001931205, -0.0018937392, -0.001850276, -0.0018266566, -0.00177593, -0.0017206093, -0.0016601464, -0.0016278902, -0.0015599797, -0.0014933781, -0.0014665338, -0.0014542718, -0.00155242
0, 0, 0, 0, 0, 0, 0, 0, 0, 0, 0, 0, 0, 0, 0, 0, 0, 0, 0, 0, 0, 0, 0, 0, -0.0025451304, -0.001965391, -0.0016689829, -0.0015889154, -0.0015879836, -0.0016152728, -0.0016523384, -0.0016705204, -0.0017040686, -0.0017336763, -0.0017579133, -0.0017674431, -0.0017808336, -0.0017888375, -0.0017920802, -0.0017991989, -0.0018081783, -0.0018131343, -0.0018235589, -0.0018361096, -0.0018544113, -0.0018664354, -0.0018957653, -0.0019296588, -0.0019470694, -0.001981696, -0.0020141648, -0.0020410286, -0.0020513895, -0.002064892, -0.0020692556, -0.0020680919, -0.0020587477, -0.0020404751, -0.0020281824, -0.0019980639, -0.001963258, -0.0019262527, -0.0019067283, -0.0018639943, -0.0018169573, -0.0017927181, -0.001744911, -0.001699683, -0.0016563642, -0.0016351023, -0.0015930907, -0.0015527019, -0.001533648, -0.0014986907, -0.0014673533, -0.0014389638, -0.0014258756, -0.00140265, -0.0013838396, -0.0013759278, -0.0013622291, -0.0013519415, -0.0013485297, -0.0013455073, -0.0013457222, -0.001349386, -0.0013527155, -0.001363012, -0.0013770594, -0.0013850572, -0.0014041009, -0.001427606, -0.0014538212, -0.0014680114, -0.0014996732, -0.0015345583, -0.0015526144, -0.0015906463, -0.0016323111, -0.0016539384, -0.0016975907, -0.0017423294, -0.001789385, -0.001813401, -0.0018606639, -0.0019059932, -0.0019284837, -0.001973801, -0.002017895, -0.0020570292, -0.0020743497, -0.0021058433, -0.0021347583, -0.0021479765, -0.0021693807, -0.0021807076, -0.002182397, -0.0021797554, -0.002172315, -0.0021615864, -0.0021542206, -0.0021330263, -0.0021013936, -0.0020821728, -0.0020408002, -0.0020027375, -0.0019758318, -0.0019679128, -0.0019632773, -0.0019701836, -0.0019760607, -0.0019883858, -0.001996426, -0.001997452, -0.0019919588, -0.0019760306, -0.0019502557, -0.0019341434, -0.0018965668, -0.0018529496, -0.0018292586, -0.0017783827, -0.0017228747, -0.0016622564, -0.001629905, -0.0015618278, -0.0014950283, -0.0014680804, -0.0014556387, -0.0015536855
0, 0, 0, 0, 0, 0, 0, 0, 0, 0, 0, 0, 0, 0, 0, 0, 0, 0, 0, 0, 0, 0, 0, 0, 0, -0.002032981, -0.001641906, -0.0015201749, -0.0015141076, -0.0015456156, -0.0015951103, -0.0016200679, -0.0016678728, -0.0017111627, -0.0017483013, -0.0017640206, -0.001789568, -0.0018077971, -0.0018150404, -0.0018274323, -0.0018385121, -0.0018438582, -0.0018541947, -0.0018663137, -0.0018834977, -0.0018947513, -0.0019217853, -0.0019529144, -0.0019690874, -0.0020011512, -0.002031525, -0.0020562522, -0.0020655345, -0.0020776943, -0.0020812938, -0.0020804445, -0.0020728863, -0.0020571628, -0.0020459632, -0.002017782, -0.0019846065, -0.0019498089, -0.0019315627, -0.0018909838, -0.0018452134, -0.0018211451, -0.0017736668, -0.0017281966, -0.0016840375, -0.0016624972, -0.0016207418, -0.001581192, -0.0015622181, -0.0015264348, -0.0014941901, -0.0014651833, -0.0014516654, -0.0014269169, -0.0014070881, -0.0013989968, -0.0013848542, -0.0013734164, -0.0013691634, -0.0013646639, -0.0013644436, -0.0013674246, -0.0013700846, -0.00137914, -0.0013925341, -0.001400224, -0.0014185129, -0.0014411781, -0.0014668087, -0.0014806939, -0.0015116774, -0.0015460531, -0.0015638819, -0.0016013487, -0.0016425346, -0.0016640034, -0.0017072378, -0.0017515729, -0.0017983107, -0.0018221639, -0.0018690517, -0.0019140684, -0.0019363774, -0.0019814528, -0.0020252538, -0.0020641342, -0.0020813167, -0.0021125535, -0.0021412843, -0.0021543633, -0.0021755248, -0.002186671, -0.002188242, -0.002185378, -0.0021777705, -0.00216683, -0.0021593606, -0.0021379888, -0.0021062181, -0.0020868909, -0.0020453706, -0.0020071906, -0.0019801366, -0.0019721459, -0.0019673484, -0.0019741487, -0.0019799178, -0.0019921663, -0.002000004, -0.002000941, -0.001995348, -0.0019792446, -0.0019533513, -0.0019371791, -0.0018994187, -0.0018556546, -0.0018319, -0.0017808614, -0.0017251685, -0.0016643897, -0.0016319776, -0.0015636936, -0.0014967113, -0.0014696339, -0.0014570033, -0.001554994
0, 0, 0, 0, 0, 0, 0, 0, 0, 0, 0, 0, 0, 0, 0, 0, 0, 0, 0, 0, 0, 0, 0, 0, 0, -0.0019768823, -0.0015942334, -0.0014667587, -0.0014613849, -0.0015014891, -0.001565755, -0.0015989488, -0.0016613246, -0.0017161644, -0.0017623947, -0.0017823768, -0.0018156043, -0.0018403957, -0.0018498354, -0.0018645204, -0.0018751925, -0.0018798845, -0.0018899844, -0.0019025813, -0.0019195873, -0.0019300821, -0.0019539185, -0.0019805406, -0.0019943162, -0.0020227146, -0.002049761, -0.0020721743, -0.002080481, -0.0020911396, -0.0020947822, -0.0020942274, -0.0020883796, -0.0020749676, -0.0020649496, -0.0020387373, -0.0020068774, -0.00197263, -0.001954658, -0.001915467, -0.001871915, -0.0018492134, -0.0018031074, -0.0017577447, -0.0017131773, -0.0016915345, -0.00164966, -0.0016095089, -0.0015901926, -0.0015539603, -0.001521667, -0.0014923519, -0.0014783468, -0.0014524149, -0.001430785, -0.0014219484, -0.0014072468, -0.0013953877, -0.0013906136, -0.00138444, -0.0013831144, -0.0013854344, -0.0013877157, -0.0013958096, -0.0014082134, -0.00141558, -0.0014330376, -0.0014549721, -0.0014800372, -0.0014935995, -0.001523847, -0.0015577049, -0.0015753577, -0.0016122926, -0.0016529574, -0.0016742473, -0.0017170723, -0.0017610007, -0.0018073856, -0.0018311053, -0.001877602, -0.0019223036, -0.0019444558, -0.0019892864, -0.0020327931, -0.0020713983, -0.002088488, -0.0021194106, -0.0021478918, -0.0021609333, -0.0021818075, -0.0021927345, -0.002194213, -0.0021910993, -0.0021833186, -0.0021721611, -0.0021646197, -0.0021430603, -0.0021111374, -0.0020917463, -0.0020500224, -0.0020116996, -0.0019844603, -0.0019764309, -0.0019715172, -0.00197817, -0.001983915, -0.0019959395, -0.0020036658, -0.0020045238, -0.001998811, -0.0019825308, -0.0019564917, -0.001940243, -0.001902323, -0.0018584288, -0.001834565, -0.0017833647, -0.0017275146, -0.0016665729, -0.0016340471, -0.0015656027, -0.0014983937, -0.0014712345, -0.0014583955, -0.0015562999
0, 0, 0, 0, 0, 0, 0, 0, 0, 0, 0, 0, 0, 0, 0, 0, 0, 0, 0, 0, 0, 0, 0, 0, 0, 0, -0.0016469946, -0.0014973264, -0.0014744534, -0.0015006808, -0.0015694251, -0.0016070568, -0.0016775707, -0.001736921, -0.0017847804, -0.0018052468, -0.0018399853, -0.0018667078, -0.0018769386, -0.001892313, -0.0019031367, -0.0019082284, -0.0019199176, -0.0019341201, -0.0019506987, -0.0019598152, -0.0019792805, -0.0020012767, -0.0020133022, -0.00203897, -0.0020641752, -0.002084941, -0.0020926516, -0.002102776, -0.002107307, -0.0021081264, -0.0021057413, -0.0020958518, -0.0020872245, -0.0020624795, -0.00203081, -0.0019963454, -0.0019782088, -0.0019399283, -0.0018984267, -0.0018765678, -0.0018316347, -0.0017865798, -0.0017428659, -0.0017216499, -0.0016800989, -0.0016393862, -0.0016195489, -0.0015823388, -0.001548822, -0.001519, -0.00150506, -0.0014788276, -0.0014555786, -0.0014457091, -0.0014297835, -0.0014172147, -0.0014120464, -0.0014047751, -0.0014022466, -0.0014036737, -0.0014054433, -0.0014124084, -0.0014241615, -0.0014312234, -0.0014478451, -0.0014688021, -0.0014933666, -0.0015067615, -0.0015363359, -0.0015694406, -0.0015869046, -0.0016235609, -0.0016635618, -0.0016846305, -0.0017271822, -0.0017705864, -0.0018166509, -0.0018401598, -0.0018863736, -0.001930734, -0.0019527104, -0.0019972036, -0.0020404872, -0.002078803, -0.002095771, -0.002126433, -0.0021546632, -0.0021675671, -0.0021882209, -0.0021989108, -0.0022002917, -0.0021969555, -0.0021889906, -0.002177633, -0.002169989, -0.0021482217, -0.0021161018, -0.0020966793, -0.0020548196, -0.0020162843, -0.0019888754, -0.001980777, -0.0019757745, -0.0019822519, -0.0019879288, -0.0019998022, -0.0020074148, -0.0020081794, -0.0020022902, -0.0019858847, -0.0019596706, -0.001943329, -0.0019052931, -0.001861244, -0.0018372898, -0.0017858952, -0.0017299139, -0.0016687863, -0.0016361721, -0.0015675297, -0.0015000909, -0.0014728315, -0.0014598265, -0.0015576395
0, 0, 0, 0, 0, 0, 0, 0, 0, 0, 0, 0, 0, 0, 0, 0, 0, 0, 0, 0, 0, 0, 0, 0, 0, 0, -0.0019875236, -0.0016142145, -0.0015409193, -0.0015265753, -0.0015878797, -0.0016249759, -0.0016946287, -0.0017510606, -0.0017953392, -0.0018143416, -0.0018475844, -0.0018744691, -0.0018852919, -0.0019020631, -0.0019155131, -0.0019220067, -0.0019363026, -0.001951803, -0.0019667312, -0.001974144, -0.0019897856, -0.0020084006, -0.0020192312, -0.002043265, -0.0020675985, -0.0020883256, -0.0020964588, -0.002108974, -0.0021178839, -0.0021211575, -0.0021239312, -0.0021177519, -0.0021102654, -0.0020867633, -0.0020556662, -0.0020213376, -0.0020034213, -0.0019659966, -0.0019260142, -0.0019048353, -0.0018606385, -0.00181579, -0.0017726148, -0.0017517272, -0.0017106768, -0.0016700033, -0.001650069, -0.0016119854, -0.0015773245, -0.0015460603, -0.0015317177, -0.0015050039, -0.0014808674, -0.00147029, -0.0014528701, -0.0014394016, -0.0014337561, -0.0014251139, -0.001421481, -0.0014222697, -0.001423665, -0.0014293991, -0.0014400576, -0.0014468983, -0.0014630794, -0.0014831143, -0.0015067809, -0.001519973, -0.0015492043, -0.0015815736, -0.0015986784, -0.0016349154, -0.0016745155, -0.0016952533, -0.0017374301, -0.0017804932, -0.0018260998, -0.0018494983, -0.0018953027, -0.0019393722, -0.0019612403, -0.00200534, -0.0020483364, -0.00208641, -0.0021032023, -0.0021336307, -0.0021615943, -0.0021743323, -0.0021947888, -0.0022052622, -0.002206505, -0.002202961, -0.0021947685, -0.0021832287, -0.0021754727, -0.0021535305, -0.0021211817, -0.002101648, -0.0020596515, -0.0020209493, -0.0019934035, -0.0019852482, -0.0019800602, -0.00198644, -0.0019920387, -0.0020037696, -0.0020111804, -0.0020118917, -0.0020058337, -0.001989287, -0.0019629113, -0.0019464894, -0.0019082668, -0.0018640882, -0.0018400619, -0.0017885035, -0.0017323347, -0.0016710507, -0.0016383353, -0.0015694634, -0.0015018522, -0.001474469, -0.00146126, -0.0015589787
0, 0, 0, 0, 0, 0, 0, 0, 0, 0, 0, 0, 0, 0, 0, 0, 0, 0, 0, 0, 0, 0, 0, 0, 0, 0, -0.0020749604, -0.0016906171, -0.0015995343, -0.0015583042, -0.0016029216, -0.0016343192, -0.0016952194, -0.0017455325, -0.0017863532, -0.0018045376, -0.0018380883, -0.0018667941, -0.0018788232, -0.0018985415, -0.0019148729, -0.0019228929, -0.0019391791, -0.0019549031, -0.0019683545, -0.0019743652, -0.0019869343, -0.0020027386, -0.00201214, -0.002034347, -0.002058228, -0.0020810242, -0.0020913135, -0.002109798, -0.002125625, -0.0021320381, -0.002139846, -0.002137186, -0.00213109, -0.0021097914, -0.002080358, -0.0020467646, -0.0020291952, -0.001992717, -0.0019542829, -0.0019339808, -0.0018908508, -0.0018463476, -0.0018034809, -0.0017827511, -0.0017417124, -0.0017007747, -0.0016807166, -0.0016423564, -0.0016064342, -0.0015737711, -0.0015589814, -0.001531777, -0.0015064114, -0.0014948905, -0.0014760523, -0.0014618754, -0.0014558859, -0.0014460344, -0.0014409622, -0.0014407447, -0.001441868, -0.0014469209, -0.001456329, -0.0014626686, -0.0014782363, -0.0014977294, -0.0015205876, -0.0015334301, -0.0015621373, -0.0015939873, -0.0016108027, -0.0016464966, -0.0016856416, -0.0017061445, -0.0017478578, -0.0017906072, -0.0018357978, -0.0018589776, -0.0019044704, -0.0019481784, -0.0019698949, -0.0020137264, -0.0020563856, -0.0020941654, -0.0021107763, -0.0021409907, -0.002168681, -0.002181275, -0.0022014896, -0.0022117246, -0.0022128483, -0.002209081, -0.0022006258, -0.0021889221, -0.0021810771, -0.0021589429, -0.0021263945, -0.0021067355, -0.0020645158, -0.0020256962, -0.0019980383, -0.0019897989, -0.0019844272, -0.0019906643, -0.001996218, -0.0020077645, -0.00201504, -0.0020156729, -0.0020094311, -0.001992727, -0.001966195, -0.0019497088, -0.0019113404, -0.0018669262, -0.0018428308, -0.0017911466, -0.0017348023, -0.0016733446, -0.0016405187, -0.0015714511, -0.0015036139, -0.0014761096, -0.0014627356, -0.0015603432
0, 0, 0, 0, 0, 0, 0, 0, 0, 0, 0, 0, 0, 0, 0, 0, 0, 0, 0, 0, 0, 0, 0, 0, 0, 0, 0, -0.001816478, -0.0017140735, -0.001608261, -0.001608352, -0.0016269577, -0.0016745466, -0.0017213881, -0.0017636461, -0.0017835567, -0.0018214242, -0.0018546773, -0.0018688542, -0.0018920855, -0.001910738, -0.0019193491, -0.0019356764, -0.0019498259, -0.0019608103, -0.0019651975, -0.0019743608, -0.0019866747, -0.0019948604, -0.0020158838, -0.0020415643, -0.0020692917, -0.0020829067, -0.0021087269, -0.0021310702, -0.0021399276, -0.002150829, -0.0021508834, -0.0021465174, -0.0021295184, -0.0021037462, -0.0020724968, -0.0020557279, -0.0020204785, -0.001983205, -0.0019634638, -0.001921508, -0.0018780478, -0.0018354099, -0.0018146741, -0.0017732902, -0.0017324799, -0.0017125846, -0.001673582, -0.0016359305, -0.0016016898, -0.0015863915, -0.0015586524, -0.0015324468, -0.0015203082, -0.0014998099, -0.0014841303, -0.0014776574, -0.001467255, -0.0014608802, -0.0014594482, -0.0014602692, -0.0014645174, -0.0014729563, -0.0014787852, -0.0014937323, -0.0015125907, -0.0015345991, -0.0015471246, -0.0015752926, -0.0016066157, -0.001623106, -0.0016583508, -0.0016970397, -0.0017173021, -0.0017585966, -0.0018009747, -0.0018456717, -0.0018686955, -0.0019138785, -0.0019571756, -0.0019787243, -0.0020223164, -0.0020646204, -0.0021021366, -0.0021186168, -0.002148501, -0.0021759125, -0.002188421, -0.0022083658, -0.0022183217, -0.0022192933, -0.00221532, -0.0022066853, -0.00219472, -0.0021868178, -0.0021644202, -0.0021316737, -0.0021119348, -0.0020695687, -0.0020305696, -0.0020027265, -0.001994391, -0.0019889146, -0.0019949581, -0.0020004124, -0.0020118128, -0.0020189616, -0.0020195148, -0.0020131203, -0.0019962324, -0.0019695333, -0.0019529832, -0.0019144301, -0.0018698534, -0.0018456643, -0.0017938414, -0.0017373002, -0.0016756392, -0.0016427233, -0.0015734698, -0.0015054079, -0.0014778128, -0.0014641911, -0.0015617543
0, 0, 0, 0, 0, 0, 0, 0, 0, 0, 0, 0, 0, 0, 0, 0, 0, 0, 0, 0, 0, 0, 0, 0, 0, 0, 0, -0.0022173487, -0.0019528406, -0.0016633847, -0.0015918768, -0.0015963919, -0.0016366662, -0.0016879925, -0.0017382936, -0.0017624567, -0.0018079698, -0.0018477488, -0.0018645145, -0.0018914948, -0.0019113478, -0.0019194523, -0.0019329941, -0.001942866, -0.0019490942, -0.0019511941, -0.0019564219, -0.0019664015, -0.001974366, -0.0019966855, -0.002025709, -0.0020588872, -0.002075765, -0.0021080275, -0.0021346824, -0.0021445958, -0.0021566337, -0.0021586993, -0.0021562672, -0.0021444398, -0.0021239421, -0.0020965734, -0.002081292, -0.002048568, -0.002013439, -0.0019946422, -0.0019543336, -0.0019114007, -0.0018678617, -0.0018464848, -0.0018047332, -0.0017643393, -0.001744712, -0.0017054194, -0.0016666766, -0.0016306806, -0.0016145438, -0.0015850449, -0.0015582051, -0.0015458103, -0.0015241355, -0.0015070316, -0.0014999893, -0.0014885197, -0.0014807626, -0.0014783692, -0.0014788638, -0.001482607, -0.0014899365, -0.0014951327, -0.0015092992, -0.001527821, -0.001549008, -0.0015610439, -0.001588727, -0.0016196369, -0.0016357618, -0.0016704795, -0.0017087711, -0.0017287697, -0.0017695389, -0.0018115612, -0.0018558352, -0.001878609, -0.00192353, -0.0019664539, -0.0019878107, -0.0020310874, -0.0020730551, -0.002110238, -0.0021266304, -0.002156178, -0.002183325, -0.002195724, -0.002215387, -0.0022250717, -0.0022259548, -0.0022217259, -0.002212818, -0.0022006484, -0.0021926065, -0.0021699804, -0.0021370451, -0.0021172334, -0.0020746714, -0.002035517, -0.002007516, -0.0019991265, -0.0019934357, -0.0019993335, -0.0020047035, -0.0020159797, -0.0020229223, -0.0020233933, -0.0020168566, -0.001999792, -0.0019729356, -0.0019562736, -0.0019175747, -0.0018728514, -0.0018485709, -0.0017965402, -0.0017398269, -0.0016779725, -0.0016449904, -0.0015755116, -0.0015072441, -0.0014795193, -0.0014657046, -0.0015631958
0, 0, 0, 0, 0, 0, 0, 0, 0, 0, 0, 0, 0, 0, 0, 0, 0, 0, 0, 0, 0, 0, 0, 0, 0, 0, 0, -0.00231547, -0.002036647, -0.0016557155, -0.0015463931, -0.0015477587, -0.0015948184, -0.001658787, -0.0017215138, -0.001750852, -0.001804409, -0.0018495242, -0.0018682515, -0.0018979326, -0.0019177606, -0.0019246868, -0.0019335757, -0.0019373688, -0.0019379975, -0.0019382865, -0.0019417945, -0.0019527926, -0.001961612, -0.00198626, -0.0020181863, -0.002054814, -0.0020736132, -0.0021090123, -0.0021368754, -0.002146701, -0.0021588837, -0.0021628197, -0.0021622297, -0.0021556213, -0.0021408368, -0.0021181114, -0.0021045746, -0.0020747278, -0.0020427683, -0.0020257547, -0.0019887802, -0.0019470853, -0.0019023946, -0.0018800755, -0.0018368763, -0.0017958847, -0.0017758443, -0.0017364082, -0.0016974544, -0.001660872, -0.0016438055, -0.0016122416, -0.0015840634, -0.0015711411, -0.0015481572, -0.0015297781, -0.0015224891, -0.0015104542, -0.0015014062, -0.001497264, -0.0014972031, -0.0015007159, -0.0015075589, -0.0015121727, -0.0015251182, -0.0015430703, -0.0015638658, -0.0015755717, -0.0016024646, -0.0016327979, -0.0016487248, -0.0016828392, -0.0017207753, -0.0017405483, -0.0017807543, -0.0018223362, -0.0018663286, -0.0018888634, -0.001933308, -0.001975986, -0.001997102, -0.0020400384, -0.0020817155, -0.0021185428, -0.00213481, -0.0021640693, -0.002190924, -0.002203127, -0.0022225184, -0.0022319339, -0.0022327236, -0.002228249, -0.0022191089, -0.002206673, -0.0021985117, -0.0021757027, -0.0021425784, -0.0021226269, -0.0020798615, -0.0020405587, -0.0020123695, -0.0020038867, -0.0019980606, -0.002003785, -0.0020090754, -0.0020201767, -0.002026983, -0.0020273756, -0.002020628, -0.0020034013, -0.0019763832, -0.001959628, -0.0019207662, -0.0018758584, -0.0018514962, -0.0017992996, -0.0017424009, -0.0016803747, -0.0016472845, -0.0015776021, -0.0015090986, -0.0014812588, -0.0014672488, -0.0015646014
0, 0, 0, 0, 0, 0, 0, 0, 0, 0, 0, 0, 0, 0, 0, 0, 0, 0, 0, 0, 0, 0, 0, 0, 0, 0, 0, 0, -0.0020013077, -0.0016311227, -0.0015156358, -0.0015172194, -0.0015706095, -0.0016453975, -0.0017180167, -0.001751139, -0.0018090527, -0.0018556347, -0.0018744833, -0.0019039095, -0.0019223453, -0.0019277481, -0.0019332195, -0.0019331177, -0.001931821, -0.0019324486, -0.0019383354, -0.0019527765, -0.001963268, -0.001989759, -0.0020225279, -0.0020591926, -0.002077989, -0.0021125372, -0.002139128, -0.0021485954, -0.002161024, -0.0021673385, -0.002168623, -0.0021667755, -0.0021571761, -0.002138672, -0.0021265494, -0.0020991494, -0.0020702647, -0.0020551998, -0.002021888, -0.0019822235, -0.0019379404, -0.0019155293, -0.0018715062, -0.0018289469, -0.0018079373, -0.0017665639, -0.0017272326, -0.0016904132, -0.0016728479, -0.0016401545, -0.0016108594, -0.0015973229, -0.0015725543, -0.0015523343, -0.0015444874, -0.0015321836, -0.001522701, -0.0015172244, -0.001516245, -0.0015185267, -0.0015251787, -0.0015295298, -0.0015416298, -0.0015586825, -0.0015788294, -0.001590238, -0.0016166078, -0.0016464165, -0.0016620199, -0.0016954967, -0.0017330317, -0.0017526604, -0.0017922985, -0.0018333696, -0.001877126, -0.0018994426, -0.0019433919, -0.0019857485, -0.002006695, -0.0020492137, -0.0020905477, -0.0021270916, -0.0021431558, -0.002172152, -0.002198691, -0.0022107475, -0.0022298442, -0.0022390073, -0.0022396224, -0.0022348561, -0.0022255238, -0.0022128553, -0.0022045462, -0.002181557, -0.0021481835, -0.0021281205, -0.002085185, -0.0020456847, -0.002017312, -0.0020087296, -0.0020027664, -0.002008341, -0.0020135161, -0.0020244443, -0.0020310995, -0.0020314204, -0.0020244922, -0.0020070558, -0.0019798828, -0.0019630587, -0.0019240003, -0.0018789299, -0.0018544737, -0.0018020796, -0.0017450275, -0.001682797, -0.0016496105, -0.0015797028, -0.0015109759, -0.0014830217, -0.0014688325, -0.0015660535
0, 0, 0, 0, 0, 0, 0, 0, 0, 0, 0, 0, 0, 0, 0, 0, 0, 0, 0, 0, 0, 0, 0, 0, 0, 0, 0, 0, 0, -0.0017128233, -0.0015631876, -0.0015420914, -0.0015731562, -0.0016454759, -0.0017209813, -0.0017548427, -0.0018123228, -0.0018561012, -0.001873565, -0.0019004347, -0.0019176018, -0.0019229457, -0.0019282025, -0.0019294077, -0.0019315829, -0.0019343622, -0.0019453662, -0.001963708, -0.0019752514, -0.002001854, -0.0020326811, -0.0020663482, -0.0020834662, -0.002115345, -0.002140783, -0.002150604, -0.0021650598, -0.002174905, -0.0021782834, -0.0021814122, -0.0021767654, -0.0021617645, -0.0021508136, -0.0021251137, -0.0020980565, -0.0020839423, -0.002052304, -0.0020144845, -0.0019720763, -0.001950365, -0.00190676, -0.0018631318, -0.0018412843, -0.0017984321, -0.0017575786, -0.0017189485, -0.0017007663, -0.0016671517, -0.0016376815, -0.0016239899, -0.0015980424, -0.0015758196, -0.0015668718, -0.0015534409, -0.0015437837, -0.0015376873, -0.001536012, -0.0015371606, -0.0015429133, -0.0015468814, -0.0015583651, -0.001574892, -0.0015944089, -0.0016053244, -0.0016308306, -0.0016604457, -0.0016758797, -0.0017085744, -0.001745445, -0.0017649707, -0.0018043343, -0.0018447462, -0.0018880687, -0.0019102813, -0.0019537578, -0.0019956904, -0.002016544, -0.002058667, -0.0020996192, -0.0021358142, -0.0021516983, -0.0021803984, -0.0022066142, -0.002218542, -0.002237321, -0.0022461882, -0.0022466795, -0.0022416355, -0.002232032, -0.0022191461, -0.002210739, -0.0021874954, -0.0021539005, -0.002133732, -0.0020906252, -0.0020508687, -0.00202231, -0.0020136752, -0.0020075326, -0.0020129262, -0.002018048, -0.0020288005, -0.002035265, -0.0020354942, -0.0020283891, -0.0020107925, -0.0019834216, -0.0019665365, -0.0019273049, -0.0018820434, -0.0018575036, -0.0018049307, -0.0017476913, -0.001685273, -0.0016519547, -0.0015818067, -0.0015128704, -0.0014848078, -0.0014703604, -0.0015675578
0, 0, 0, 0, 0, 0, 0, 0, 0, 0, 0, 0, 0, 0, 0, 0, 0, 0, 0, 0, 0, 0, 0, 0, 0, 0, 0, 0, 0, -0.0020748046, -0.001679732, -0.001601677, -0.0015840925, -0.00164432, -0.0017168053, -0.0017496746, -0.001803763, -0.0018440413, -0.0018601124, -0.0018865197, -0.0019056174, -0.0019125935, -0.0019230256, -0.0019305806, -0.0019394765, -0.0019454578, -0.0019611265, -0.0019810079, -0.0019920517, -0.0020154738, -0.0020412863, -0.0020693352, -0.0020838005, -0.0021122554, -0.0021376132, -0.0021485712, -0.0021676742, -0.0021830976, -0.002189598, -0.0021991248, -0.0021998847, -0.0021888295, -0.0021792902, -0.0021557503, -0.002129165, -0.002114756, -0.0020823386, -0.0020450715, -0.0020045182, -0.0019832498, -0.0019397687, -0.001896037, -0.0018743126, -0.0018314861, -0.0017892524, -0.0017484559, -0.0017292587, -0.0016940213, -0.001663394, -0.0016494956, -0.001623598, -0.0016003822, -0.0015904942, -0.0015751163, -0.0015648707, -0.0015580781, -0.0015560228, -0.0015562592, -0.001561371, -0.0015650567, -0.0015753943, -0.0015910602, -0.0016104167, -0.0016210867, -0.0016456652, -0.0016745218, -0.0016898755, -0.0017222716, -0.0017582854, -0.0017774682, -0.0018165954, -0.0018565574, -0.001899267, -0.0019213062, -0.0019645018, -0.0020059012, -0.0020265733, -0.0020683382, -0.0021089243, -0.002144746, -0.0021604581, -0.0021888614, -0.0022147158, -0.0022265106, -0.0022449887, -0.0022535762, -0.002253907, -0.0022485962, -0.0022386727, -0.0022255508, -0.0022170548, -0.0021935424, -0.0021597429, -0.0021394347, -0.0020960935, -0.0020561817, -0.0020274813, -0.0020186985, -0.0020123767, -0.0020176156, -0.0020226596, -0.0020332176, -0.0020395063, -0.002039653, -0.0020323326, -0.002014617, -0.0019870622, -0.00197007, -0.0019306428, -0.0018852028, -0.0018605845, -0.0018078458, -0.0017503691, -0.0016877282, -0.0016543762, -0.0015840207, -0.0015147998, -0.0014866084, -0.0014719568, -0.001569059
0, 0, 0, 0, 0, 0, 0, 0, 0, 0, 0, 0, 0, 0, 0, 0, 0, 0, 0, 0, 0, 0, 0, 0, 0, 0, 0, 0, 0, -0.0021425155, -0.0017310714, -0.0016344568, -0.0015906832, -0.001636519, -0.0017011418, -0.0017312035, -0.001781761, -0.0018214401, -0.0018381914, -0.001868245, -0.0018936554, -0.0019044447, -0.0019228412, -0.0019390739, -0.0019557888, -0.0019646059, -0.0019829262, -0.0020011347, -0.0020102528, -0.0020284783, -0.0020479206, -0.002069585, -0.0020813008, -0.0021057683, -0.0021307082, -0.002142979, -0.0021668763, -0.00218904, -0.0021990403, -0.002215509, -0.002222199, -0.002216664, -0.0022096906, -0.0021893797, -0.0021629862, -0.0021477018, -0.0021139653, -0.0020771672, -0.0020372833, -0.0020157485, -0.0019709887, -0.0019269002, -0.0019056124, -0.0018633949, -0.0018206061, -0.0017788942, -0.0017590384, -0.0017218917, -0.0016890318, -0.0016745654, -0.0016486365, -0.0016250508, -0.0016144309, -0.0015976046, -0.0015865265, -0.001578876, -0.0015763412, -0.0015756435, -0.00158016, -0.0015835841, -0.001593199, -0.0016078386, -0.0016265458, -0.0016371149, -0.0016611951, -0.0016890339, -0.0017041204, -0.0017361618, -0.0017716925, -0.0017905246, -0.0018290868, -0.0018686565, -0.0019108884, -0.0019326853, -0.0019754008, -0.0020164459, -0.002036863, -0.0020782389, -0.0021184944, -0.0021539528, -0.0021694102, -0.0021974943, -0.0022230234, -0.0022346126, -0.0022528162, -0.002261086, -0.0022612708, -0.002255689, -0.002245495, -0.0022320682, -0.002223455, -0.0021997055, -0.0021656486, -0.0021452487, -0.0021016954, -0.0020615929, -0.0020326967, -0.0020238343, -0.0020172894, -0.002022384, -0.0020273365, -0.0020377235, -0.0020438097, -0.0020438544, -0.0020364136, -0.0020184664, -0.0019907267, -0.0019736262, -0.0019340412, -0.0018884318, -0.0018636999, -0.0018107716, -0.0017531036, -0.0016902791, -0.0016567882, -0.001586248, -0.001516762, -0.0014884709, -0.0014736259, -0.0015705648
0, 0, 0, 0, 0, 0, 0, 0, 0, 0, 0, 0, 0, 0, 0, 0, 0, 0, 0, 0, 0, 0, 0, 0, 0, 0, 0, 0, 0, 0, -0.00182783, -0.0017263946, -0.0016251506, -0.0016313187, -0.0016781596, -0.0017044523, -0.0017534986, -0.0017962108, -0.0018159217, -0.0018534987, -0.0018870124, -0.0019022756, -0.0019294108, -0.001953916, -0.0019763499, -0.001986703, -0.00200466, -0.0020191143, -0.0020256648, -0.0020387091, -0.002053348, -0.0020705368, -0.0020802196, -0.0021018102, -0.0021267193, -0.0021402445, -0.002168319, -0.002196003, -0.0022086923, -0.002229394, -0.0022410904, -0.0022412674, -0.0022370932, -0.0022209685, -0.0021957906, -0.0021804986, -0.0021468392, -0.002111033, -0.0020710067, -0.0020488685, -0.0020024707, -0.0019576675, -0.0019362804, -0.0018935701, -0.0018504198, -0.0018091082, -0.0017891995, -0.0017506055, -0.0017153755, -0.001700074, -0.0016736753, -0.0016497413, -0.0016386415, -0.0016205707, -0.0016085177, -0.0016003861, -0.0015975168, -0.001595606, -0.00159912, -0.0016023807, -0.0016115799, -0.0016252078, -0.0016432294, -0.0016535714, -0.0016770407, -0.0017041473, -0.0017188316, -0.0017504765, -0.0017854031, -0.0018039988, -0.0018419604, -0.001881118, -0.0019227827, -0.0019443409, -0.0019866922, -0.0020272185, -0.0020474566, -0.0020883998, -0.0021282125, -0.002163368, -0.0021786774, -0.0022062704, -0.002231582, -0.002242958, -0.0022608002, -0.0022687353, -0.0022687516, -0.0022629036, -0.0022524386, -0.0022387565, -0.002230001, -0.0022059986, -0.0021716608, -0.0021511854, -0.002107429, -0.0020671047, -0.0020379873, -0.0020290369, -0.002022314, -0.0020272287, -0.002032099, -0.0020422838, -0.002048197, -0.0020481437, -0.00204051, -0.0020223788, -0.0019944706, -0.0019772535, -0.0019374741, -0.0018916872, -0.0018668666, -0.0018137234, -0.0017559001, -0.0016928865, -0.0016592571, -0.0015884718, -0.0015187949, -0.0014903616, -0.0014752662, -0.0015721145
0, 0, 0, 0, 0, 0, 0, 0, 0, 0, 0, 0, 0, 0, 0, 0, 0, 0, 0, 0, 0, 0, 0, 0, 0, 0, 0, 0, 0, 0, -0.0022267287, -0.001966655, -0.0016845703, -0.001620217, -0.001647396, -0.0016722973, -0.0017250121, -0.0017752418, -0.0017989603, -0.0018443589, -0.0018856426, -0.0019043974, -0.0019378561, -0.0019673456, -0.0019921397, -0.0020023985, -0.0020178624, -0.0020285365, -0.0020331643, -0.002043616, -0.0020566315, -0.002072539, -0.0020818252, -0.002103267, -0.0021300772, -0.0021454317, -0.0021780436, -0.0022091023, -0.0022226716, -0.002244549, -0.0022580544, -0.002261983, -0.002259817, -0.002247108, -0.002224283, -0.002210048, -0.0021785658, -0.0021444913, -0.0021048016, -0.0020825074, -0.0020354032, -0.0019893039, -0.0019669682, -0.0019226454, -0.0018794949, -0.0018387993, -0.0018188996, -0.0017792453, -0.001742399, -0.0017263818, -0.0016989408, -0.0016745188, -0.0016632967, -0.0016442814, -0.0016309362, -0.0016221044, -0.0016190142, -0.0016163068, -0.001618785, -0.0016217817, -0.0016304177, -0.001643183, -0.0016602189, -0.0016703199, -0.001693511, -0.0017197734, -0.0017340143, -0.0017650983, -0.00179967, -0.0018178638, -0.0018551291, -0.0018938989, -0.00193505, -0.001956286, -0.001998253, -0.0020383245, -0.002058273, -0.0020988649, -0.0021382459, -0.0021729635, -0.002188131, -0.0022153042, -0.002240229, -0.0022515042, -0.002268921, -0.002276594, -0.0022764506, -0.0022702385, -0.0022595238, -0.0022455535, -0.0022366527, -0.0022123908, -0.0021778299, -0.0021572232, -0.0021132093, -0.0020726675, -0.0020433671, -0.0020343363, -0.002027459, -0.0020321351, -0.0020368956, -0.0020469401, -0.0020526536, -0.0020524845, -0.0020446668, -0.0020263803, -0.001998248, -0.0019809478, -0.001940981, -0.0018949844, -0.0018700814, -0.0018167591, -0.0017587281, -0.0016954804, -0.001661765, -0.0015907326, -0.0015208402, -0.0014922844, -0.0014769246, -0.0015736728
0, 0, 0, 0, 0, 0, 0, 0, 0, 0, 0, 0, 0, 0, 0, 0, 0, 0, 0, 0, 0, 0, 0, 0, 0, 0, 0, 0, 0, 0, -0.0023492693, -0.0020715632, -0.0016924909, -0.0015871486, -0.0016112807, -0.0016397878, -0.0017023435, -0.0017615993, -0.0017892059, -0.0018407482, -0.0018863179, -0.0019065699, -0.0019422839, -0.0019723487, -0.001996005, -0.0020050344, -0.0020176289, -0.0020255446, -0.0020293961, -0.0020396071, -0.002053941, -0.0020721192, -0.0020828114, -0.0021081446, -0.0021402517, -0.0021584735, -0.0021958586, -0.0022290258, -0.0022426546, -0.002263576, -0.002276771, -0.002281339, -0.00227989, -0.002268924, -0.0022482595, -0.0022352703, -0.0022065355, -0.0021744154, -0.0021370759, -0.0021159658, -0.0020699205, -0.0020219607, -0.001998176, -0.0019515691, -0.001908024, -0.0018676087, -0.0018477547, -0.0018080829, -0.0017704957, -0.0017536441, -0.0017242737, -0.0016992092, -0.0016880815, -0.0016687675, -0.0016540677, -0.0016445768, -0.0016411919, -0.0016374215, -0.0016389469, -0.001641616, -0.0016499183, -0.0016619419, -0.0016777274, -0.0016873772, -0.0017102883, -0.0017361114, -0.0017498403, -0.0017800136, -0.0018142227, -0.0018322038, -0.0018688263, -0.0019069855, -0.001947658, -0.0019686148, -0.0020101026, -0.002049688, -0.0020694039, -0.0021095483, -0.0021485093, -0.002182729, -0.0021977455, -0.002224595, -0.0022490385, -0.0022601516, -0.00227731, -0.0022845948, -0.002284298, -0.0022777612, -0.0022667495, -0.0022524463, -0.0022434, -0.002218904, -0.0021840942, -0.0021633678, -0.0021191232, -0.0020783704, -0.0020488605, -0.0020397357, -0.0020326667, -0.0020371536, -0.0020418, -0.0020516368, -0.0020571668, -0.0020569111, -0.0020489027, -0.0020304201, -0.0020020844, -0.0019847245, -0.0019445423, -0.001898358, -0.0018733392, -0.0018198288, -0.0017615877, -0.0016981239, -0.0016643086, -0.0015930618, -0.0015228665, -0.0014942227, -0.0014786386, -0.0015752726
0, 0, 0, 0, 0, 0, 0, 0, 0, 0, 0, 0, 0, 0, 0, 0, 0, 0, 0, 0, 0, 0, 0, 0, 0, 0, 0, 0, 0, 0, 0, -0.0020530596, -0.0016840381, -0.0015706876, -0.0015929911, -0.0016227656, -0.0016896485, -0.001753502, -0.0017830287, -0.0018369813, -0.0018834115, -0.0019035256, -0.0019382619, -0.001966091, -0.0019874184, -0.0019952166, -0.0020056944, -0.0020129695, -0.00201685, -0.00202827, -0.0020454472, -0.0020680723, -0.002081534, -0.0021131723, -0.0021514487, -0.00217241, -0.0022139512, -0.0022489193, -0.0022628852, -0.002284, -0.0022973518, -0.002302097, -0.0023009721, -0.0022908165, -0.0022713277, -0.0022587588, -0.0022304065, -0.002199636, -0.0021656544, -0.002146597, -0.0021036856, -0.0020555132, -0.0020306834, -0.0019819913, -0.0019366618, -0.0018949518, -0.0018750188, -0.001836299, -0.001799585, -0.0017823306, -0.0017508976, -0.0017243563, -0.0017129503, -0.0016931406, -0.0016779, -0.0016679942, -0.0016643018, -0.0016594672, -0.0016596534, -0.0016617788, -0.0016696494, -0.0016814678, -0.0016962348, -0.001705185, -0.0017272618, -0.0017527863, -0.0017662651, -0.001795587, -0.0018290756, -0.001846787, -0.0018828859, -0.00192049, -0.001960588, -0.0019812342, -0.0020222347, -0.002061431, -0.0020808228, -0.002120453, -0.0021590686, -0.0021927643, -0.002207553, -0.00223409, -0.0022581508, -0.0022690112, -0.002285853, -0.0022927558, -0.0022922612, -0.0022854628, -0.0022740995, -0.002259512, -0.0022502956, -0.0022255208, -0.0021904667, -0.0021695977, -0.0021251347, -0.0020841698, -0.00205446, -0.002045232, -0.002037944, -0.0020422402, -0.0020468007, -0.002056458, -0.0020617484, -0.0020614264, -0.0020532224, -0.0020345075, -0.0020060092, -0.001988529, -0.001948151, -0.001901785, -0.0018766611, -0.0018229431, -0.001764495, -0.0017008568, -0.0016668928, -0.0015954264, -0.0015249598, -0.0014961449, -0.0014803641, -0.0015769323
0, 0, 0, 0, 0, 0, 0, 0, 0, 0, 0, 0, 0, 0, 0, 0, 0, 0, 0, 0, 0, 0, 0, 0, 0, 0, 0, 0, 0, 0, 0, 0, -0.0017959982, -0.0016406167, -0.0016121407, -0.0016274116, -0.00168092, -0.0017420946, -0.0017716985, -0.0018264506, -0.0018733086, -0.0018933896, -0.0019273978, -0.001954126, -0.0019741592, -0.0019814973, -0.001992148, -0.002000412, -0.0020050947, -0.0020189628, -0.0020395352, -0.0020664036, -0.0020822457, -0.0021182243, -0.0021600402, -0.002182068, -0.0022249008, -0.0022611592, -0.0022758844, -0.0022988075, -0.0023141732, -0.0023213576, -0.0023216417, -0.0023143643, -0.0022966608, -0.002284216, -0.0022548127, -0.0022231566, -0.0021904164, -0.0021727292, -0.0021330102, -0.0020875668, -0.0020635177, -0.0020147972, -0.001967229, -0.0019225536, -0.0019017874, -0.0018631386, -0.0018275869, -0.001810694, -0.0017791073, -0.0017515639, -0.0017393555, -0.001717962, -0.0017016978, -0.0016914505, -0.0016878616, -0.0016827825, -0.0016814733, -0.0016827212, -0.001689596, -0.0017012077, -0.0017154689, -0.0017240042, -0.0017449037, -0.0017697234, -0.001782952, -0.0018117008, -0.0018445641, -0.0018618864, -0.0018972342, -0.0019343174, -0.0019740178, -0.0019943407, -0.002034512, -0.0020734877, -0.0020926967, -0.0021315906, -0.0021698186, -0.0022031174, -0.0022175703, -0.0022437046, -0.002267409, -0.0022780832, -0.002294537, -0.0023010536, -0.0023004026, -0.002293253, -0.002281527, -0.0022667241, -0.0022573497, -0.00223226, -0.002196958, -0.0021759488, -0.0021312584, -0.0020900646, -0.002060161, -0.0020507884, -0.0020433285, -0.0020473932, -0.0020518648, -0.0020613563, -0.0020664486, -0.0020660053, -0.0020575922, -0.002038676, -0.0020099727, -0.001992378, -0.0019518313, -0.001905245, -0.0018800313, -0.001826125, -0.0017674685, -0.0017036159, -0.001669522, -0.0015978019, -0.0015271135, -0.0014981453, -0.0014821406, -0.001578573
0, 0, 0, 0, 0, 0, 0, 0, 0, 0, 0, 0, 0, 0, 0, 0, 0, 0, 0, 0, 0, 0, 0, 0, 0, 0, 0, 0, 0, 0, 0, 0, -0.0022179084, -0.0017875659, -0.0016380682, -0.00162594, -0.0016581883, -0.0017176067, -0.001748821, -0.001807748, -0.0018589483, -0.001880855, -0.0019179776, -0.0019464557, -0.001967876, -0.00197606, -0.0019890359, -0.0020006476, -0.0020070747, -0.0020240203, -0.0020470587, -0.0020759872, -0.0020922995, -0.0021283636, -0.002168419, -0.0021891298, -0.0022295243, -0.0022648836, -0.00228003, -0.0023051149, -0.0023237227, -0.0023351607, -0.0023380206, -0.0023361125, -0.0023224873, -0.0023111517, -0.0022825066, -0.0022493505, -0.0022144679, -0.0021963455, -0.0021576174, -0.0021154897, -0.0020932439, -0.0020469415, -0.0019994804, -0.0019532668, -0.0019313423, -0.0018905159, -0.0018539696, -0.0018372663, -0.0018069296, -0.0017799371, -0.0017675519, -0.0017447965, -0.0017265063, -0.0017147202, -0.001710989, -0.0017064543, -0.001704709, -0.0017051656, -0.0017103356, -0.0017211199, -0.0017350123, -0.0017432319, -0.001763371, -0.0017873255, -0.0018000973, -0.0018280947, -0.0018604164, -0.0018775524, -0.0019121107, -0.0019483533, -0.0019877176, -0.0020079014, -0.0020472752, -0.0020855726, -0.0021047094, -0.0021432224, -0.00218071, -0.0022137458, -0.00222799, -0.0022535315, -0.0022768644, -0.0022873492, -0.0023033645, -0.0023095547, -0.0023087314, -0.0023011994, -0.002289195, -0.0022740294, -0.0022645467, -0.0022391432, -0.0022035544, -0.002182475, -0.0021374759, -0.0020960427, -0.0020659121, -0.0020564848, -0.002048774, -0.0020526857, -0.0020570557, -0.0020662532, -0.0020712223, -0.0020706998, -0.0020620066, -0.0020428842, -0.0020140042, -0.0019963246, -0.0019555641, -0.0019087973, -0.0018834717, -0.001829346, -0.0017704987, -0.0017063705, -0.0016721791, -0.0016002127, -0.0015292851, -0.0015002011, -0.0014839215, -0.0015802417
0, 0, 0, 0, 0, 0, 0, 0, 0, 0, 0, 0, 0, 0, 0, 0, 0, 0, 0, 0, 0, 0, 0, 0, 0, 0, 0, 0, 0, 0, 0, 0, -0.002354052, -0.0018431132, -0.0016165952, -0.0015895977, -0.0016167538, -0.0016836297, -0.0017195465, -0.0017878261, -0.0018472711, -0.0018727652, -0.001915882, -0.0019487905, -0.001973646, -0.0019835979, -0.0020003591, -0.0020162715, -0.0020246857, -0.0020437012, -0.0020667948, -0.0020942192, -0.00210909, -0.0021415013, -0.0021763386, -0.002194473, -0.002230312, -0.0022639018, -0.0022792995, -0.0023063442, -0.002328149, -0.0023439561, -0.0023493164, -0.0023536026, -0.0023461946, -0.0023376544, -0.0023121024, -0.0022785831, -0.0022407286, -0.0022210309, -0.0021809777, -0.0021400873, -0.0021187894, -0.0020746978, -0.0020300718, -0.001985812, -0.0019639446, -0.0019212416, -0.0018819139, -0.0018642965, -0.0018334241, -0.0018072162, -0.0017953947, -0.0017733609, -0.0017537201, -0.0017393435, -0.001734668, -0.001729613, -0.001728182, -0.0017284249, -0.0017324546, -0.0017418163, -0.0017548535, -0.001762713, -0.0017822353, -0.0018056956, -0.0018181029, -0.0018449049, -0.001876417, -0.0018934585, -0.0019276431, -0.0019629097, -0.0020015736, -0.0020215942, -0.0020605542, -0.0020979855, -0.002116803, -0.0021550306, -0.002191956, -0.0022244796, -0.0022385612, -0.0022636387, -0.0022865026, -0.0022967746, -0.0023124013, -0.0023181904, -0.002317189, -0.0023093428, -0.0022969933, -0.0022814784, -0.0022718303, -0.002246167, -0.0022102827, -0.0021890718, -0.0021438368, -0.0021021173, -0.0020717871, -0.0020622427, -0.0020543588, -0.002058037, -0.0020622944, -0.0020713052, -0.0020760102, -0.0020753865, -0.0020665363, -0.0020472023, -0.002018075, -0.002000295, -0.0019593711, -0.0019123934, -0.0018869694, -0.0018326301, -0.001773552, -0.001709205, -0.0016749148, -0.0016026943, -0.0015314757, -0.0015022529, -0.0014857146, -0.0015819168
0, 0, 0, 0, 0, 0, 0, 0, 0, 0, 0, 0, 0, 0, 0, 0, 0, 0, 0, 0, 0, 0, 0, 0, 0, 0, 0, 0, 0, 0, 0, 0, 0, -0.0018251502, -0.0015845965, -0.0015544941, -0.001582679, -0.0016565793, -0.0016971037, -0.0017741763, -0.0018412359, -0.0018704998, -0.0019198136, -0.0019581574, -0.001987686, -0.0019999896, -0.0020217376, -0.0020406095, -0.0020497972, -0.0020679813, -0.002087885, -0.0021100182, -0.0021220625, -0.0021479449, -0.0021760715, -0.0021909545, -0.0022225098, -0.002255443, -0.0022718129, -0.0023025803, -0.0023287544, -0.0023494342, -0.0023571746, -0.0023669424, -0.0023657973, -0.0023604655, -0.0023401473, -0.0023089114, -0.0022703416, -0.0022496595, -0.0022076208, -0.0021648288, -0.002142933, -0.0020986248, -0.0020564354, -0.002015934, -0.00199568, -0.0019543732, -0.0019138913, -0.0018950269, -0.0018612146, -0.0018335283, -0.0018217791, -0.001801187, -0.0017821067, -0.0017663162, -0.0017603611, -0.0017534897, -0.001751435, -0.001751505, -0.0017550504, -0.0017636516, -0.0017756658, -0.001782903, -0.0018012412, -0.0018242243, -0.0018365507, -0.0018625887, -0.0018929048, -0.0019095027, -0.0019434656, -0.0019780984, -0.0020156847, -0.0020354649, -0.0020741024, -0.0021108272, -0.002129301, -0.0021669948, -0.0022035236, -0.0022354375, -0.0022492567, -0.002273965, -0.0022963246, -0.0023063635, -0.0023216042, -0.0023270142, -0.0023258342, -0.00231758, -0.0023049088, -0.0022890738, -0.002279276, -0.00225331, -0.002217122, -0.0021957476, -0.002150289, -0.0021083658, -0.002077758, -0.00206809, -0.0020600196, -0.0020634905, -0.0020676248, -0.0020764456, -0.0020809115, -0.002080149, -0.0020711413, -0.002051584, -0.0020222617, -0.0020044113, -0.0019632305, -0.0019160251, -0.0018905111, -0.0018359498, -0.0017766254, -0.0017120835, -0.0016776798, -0.0016052179, -0.001533702, -0.0015043449, -0.0014875631, -0.0015836626
0, 0, 0, 0, 0, 0, 0, 0, 0, 0, 0, 0, 0, 0, 0, 0, 0, 0, 0, 0, 0, 0, 0, 0, 0, 0, 0, 0, 0, 0, 0, 0, 0, -0.0018310442, -0.0016473847, -0.0015924415, -0.0015840186, -0.0016469839, -0.0016867912, -0.0017663146, -0.0018374749, -0.0018686041, -0.0019225206, -0.0019653153, -0.0019996513, -0.002014261, -0.0020396882, -0.002060661, -0.002069618, -0.0020859276, -0.0021015161, -0.0021178941, -0.002126593, -0.0021446398, -0.002165221, -0.0021769006, -0.002204604, -0.0022376187, -0.0022554754, -0.002290934, -0.0023227704, -0.0023485336, -0.0023588198, -0.0023733522, -0.0023779895, -0.0023759285, -0.0023622015, -0.002335896, -0.0023001481, -0.0022800781, -0.0022380953, -0.002193803, -0.002170662, -0.002124227, -0.002080952, -0.0020420218, -0.0020232513, -0.0019855076, -0.0019476061, -0.0019287256, -0.0018929363, -0.0018620117, -0.0018490618, -0.0018278082, -0.0018096415, -0.0017940323, -0.0017876041, -0.0017791246, -0.0017754836, -0.0017751025, -0.0017776247, -0.0017857524, -0.0017974072, -0.0018041349, -0.0018209819, -0.001842886, -0.0018550705, -0.0018809646, -0.0019100587, -0.0019260637, -0.0019593677, -0.0019937153, -0.0020304092, -0.0020496743, -0.0020878534, -0.0021240981, -0.0021421767, -0.0021792885, -0.0022152886, -0.0022466637, -0.002260245, -0.0022844505, -0.0023064027, -0.002316251, -0.0023309535, -0.002336053, -0.002334621, -0.0023260082, -0.0023129687, -0.0022968284, -0.002286847, -0.0022605709, -0.0022240893, -0.0022025462, -0.0021568222, -0.0021146738, -0.0020838566, -0.0020740794, -0.0020657575, -0.0020690337, -0.0020730442, -0.0020816445, -0.0020859241, -0.0020850727, -0.002075808, -0.0020560576, -0.002026507, -0.0020085343, -0.001967115, -0.0019197231, -0.0018941018, -0.001839348, -0.0017797799, -0.00171501, -0.0016804672, -0.0016077526, -0.001535957, -0.0015064832, -0.0014894468, -0.0015854371
0, 0, 0, 0, 0, 0, 0, 0, 0, 0, 0, 0, 0, 0, 0, 0, 0, 0, 0, 0, 0, 0, 0, 0, 0, 0, 0, 0, 0, 0, 0, 0, 0, -0.0023879856, -0.0018567094, -0.0017062369, -0.0016094457, -0.0016476141, -0.0016833484, -0.0017601651, -0.0018308951, -0.0018623605, -0.0019177698, -0.001963763, -0.0020016949, -0.002018054, -0.0020467334, -0.0020696647, -0.0020791, -0.0020945054, -0.0021072105, -0.0021190215, -0.0021247396, -0.0021364088, -0.0021511053, -0.0021605513, -0.0021859729, -0.002219695, -0.002238491, -0.0022776148, -0.002313329, -0.002342304, -0.0023541746, -0.0023722474, -0.0023813497, -0.0023816412, -0.0023732043, -0.0023528973, -0.0023231304, -0.0023060236, -0.002268156, -0.0022256123, -0.0022025993, -0.0021550774, -0.0021094691, -0.0020684146, -0.0020494026, -0.0020133401, -0.0019786246, -0.0019612578, -0.0019263718, -0.0018938684, -0.0018796052, -0.0018558487, -0.0018365434, -0.0018209737, -0.0018146702, -0.0018055825, -0.0018010827, -0.0018000131, -0.0018009238, -0.0018078502, -0.0018193619, -0.0018260032, -0.0018418108, -0.0018622148, -0.0018738653, -0.0018995263, -0.0019280162, -0.0019433225, -0.00197558, -0.002009502, -0.0020455902, -0.00206439, -0.0021018696, -0.0021376081, -0.0021553477, -0.0021918102, -0.002227291, -0.0022581273, -0.0022714678, -0.0022951441, -0.0023166244, -0.0023262412, -0.0023405803, -0.0023451552, -0.0023435957, -0.0023345845, -0.0023211427, -0.002304707, -0.0022945565, -0.002267929, -0.002231196, -0.0022095086, -0.002163484, -0.002121122, -0.0020900534, -0.0020801686, -0.002071612, -0.002074651, -0.0020785893, -0.0020869588, -0.0020910047, -0.0020900394, -0.0020805632, -0.0020605896, -0.0020308255, -0.0020127262, -0.0019711312, -0.0019235067, -0.0018977532, -0.0018427786, -0.0017829982, -0.0017179919, -0.0016833422, -0.0016103103, -0.0015382732, -0.0015086414, -0.0014913528, -0.0015872342
0, 0, 0, 0, 0, 0, 0, 0, 0, 0, 0, 0, 0, 0, 0, 0, 0, 0, 0, 0, 0, 0, 0, 0, 0, 0, 0, 0, 0, 0, 0, 0, 0, 0, -0.0019352676, -0.0017644156, -0.0016344317, -0.0016530697, -0.0016829848, -0.0017519629, -0.0018185232, -0.0018491781, -0.0019043228, -0.001952218, -0.0019931628, -0.0020111422, -0.0020424556, -0.002067087, -0.0020768729, -0.002092248, -0.0021042873, -0.0021142173, -0.0021188105, -0.0021286607, -0.0021424177, -0.0021518655, -0.0021778524, -0.0022126327, -0.0022322703, -0.0022722578, -0.0023085133, -0.0023385189, -0.0023511413, -0.0023708583, -0.002381546, -0.0023825616, -0.0023758868, -0.0023590464, -0.0023353593, -0.0023214512, -0.0022903488, -0.0022538942, -0.0022335267, -0.0021894313, -0.00214362, -0.0020995634, -0.0020790468, -0.0020418402, -0.0020077203, -0.0019910443, -0.001958005, -0.0019263731, -0.0019119311, -0.0018862173, -0.001865099, -0.0018482689, -0.001841356, -0.0018316775, -0.0018271981, -0.0018260522, -0.0018255848, -0.0018305929, -0.0018412315, -0.0018479228, -0.0018633897, -0.0018823032, -0.0018932244, -0.0019182176, -0.0019463782, -0.001961222, -0.0019923032, -0.002025603, -0.0020611677, -0.002079541, -0.0021161868, -0.0021514, -0.0021688666, -0.002204623, -0.0022395258, -0.0022698175, -0.0022829075, -0.0023061016, -0.0023270682, -0.0023364392, -0.0023503846, -0.0023544743, -0.0023527225, -0.002343338, -0.002329553, -0.0023126919, -0.0023024082, -0.0022754893, -0.0022383588, -0.0022165603, -0.002170291, -0.0021276851, -0.0020963359, -0.0020863244, -0.0020775744, -0.0020803674, -0.0020842294, -0.0020923587, -0.00209617, -0.0020950725, -0.0020854094, -0.0020652143, -0.0020352178, -0.0020170128, -0.0019751696, -0.0019273579, -0.0019014885, -0.0018462708, -0.0017862773, -0.0017210239, -0.0016862338, -0.0016129359, -0.0015406252, -0.0015108329, -0.0014932979, -0.0015890755
0, 0, 0, 0, 0, 0, 0, 0, 0, 0, 0, 0, 0, 0, 0, 0, 0, 0, 0, 0, 0, 0, 0, 0, 0, 0, 0, 0, 0, 0, 0, 0, 0, 0, -0.0019774984, -0.0018772763, -0.0017094304, -0.0016738105, -0.0016869417, -0.0017374794, -0.0017974393, -0.0018270721, -0.0018826065, -0.0019322127, -0.0019750013, -0.001993919, -0.0020257423, -0.0020505032, -0.0020606807, -0.0020768263, -0.0020899354, -0.0021012835, -0.0021066207, -0.0021191507, -0.0021363061, -0.002147922, -0.0021779372, -0.002215743, -0.0022362163, -0.002276602, -0.0023128528, -0.0023432889, -0.0023560277, -0.002376015, -0.0023859486, -0.0023864612, -0.0023790186, -0.0023627728, -0.002341343, -0.002329344, -0.002303564, -0.002274262, -0.0022580319, -0.0022210665, -0.0021789295, -0.0021348929, -0.0021136797, -0.0020741944, -0.002038142, -0.0020209858, -0.0019881811, -0.001957619, -0.0019432442, -0.0019171546, -0.00189535, -0.0018771819, -0.0018693053, -0.0018577869, -0.0018529597, -0.0018519405, -0.0018512991, -0.0018544911, -0.0018634524, -0.0018698556, -0.0018853572, -0.001903343, -0.0019134238, -0.0019370875, -0.0019650606, -0.0019796737, -0.0020095587, -0.0020419098, -0.0020770882, -0.0020950942, -0.002130798, -0.0021654284, -0.0021826648, -0.002217717, -0.002252062, -0.0022817457, -0.0022945118, -0.0023172954, -0.0023376879, -0.0023468542, -0.0023602932, -0.002363999, -0.0023619973, -0.00235223, -0.002338084, -0.0023208773, -0.0023103864, -0.0022831827, -0.0022457421, -0.0022237583, -0.002177208, -0.0021342908, -0.0021027566, -0.0020926408, -0.002083618, -0.002086222, -0.002089931, -0.002097827, -0.0021014535, -0.002100251, -0.0020903312, -0.0020699007, -0.002039671, -0.00202136, -0.001979297, -0.0019312548, -0.001905302, -0.0018498359, -0.0017896208, -0.001724063, -0.0016891726, -0.0016156258, -0.0015430314, -0.0015130653, -0.0014952656, -0.0015909183
0, 0, 0, 0, 0, 0, 0, 0, 0, 0, 0, 0, 0, 0, 0, 0, 0, 0, 0, 0, 0, 0, 0, 0, 0, 0, 0, 0, 0, 0, 0, 0, 0, 0, -0.0026018536, -0.0022950356, -0.0018485627, -0.001692203, -0.0016777279, -0.0017064596, -0.001763237, -0.0017935939, -0.0018516842, -0.0019035273, -0.0019471738, -0.0019657311, -0.00199726, -0.0020219355, -0.002032562, -0.0020504256, -0.00206546, -0.0020788477, -0.0020858436, -0.0021020442, -0.002124695, -0.002139609, -0.00217606, -0.0022185051, -0.0022402622, -0.002282197, -0.0023199643, -0.0023521823, -0.0023656776, -0.0023860247, -0.0023950944, -0.00239524, -0.002387733, -0.0023717077, -0.0023503904, -0.002338665, -0.0023146044, -0.0022899318, -0.002276874, -0.00224699, -0.0022107845, -0.0021701267, -0.002149363, -0.0021090517, -0.0020712148, -0.0020532282, -0.0020192945, -0.001988111, -0.0019735692, -0.001947351, -0.0019258535, -0.0019072136, -0.0018985198, -0.0018849501, -0.0018787232, -0.0018776604, -0.0018773482, -0.001879572, -0.001886373, -0.0018920806, -0.0019074951, -0.0019251097, -0.0019345244, -0.001956498, -0.0019838386, -0.0019983316, -0.0020274702, -0.0020586574, -0.0020930918, -0.0021108768, -0.0021458918, -0.0021797812, -0.002196604, -0.0022310908, -0.002264834, -0.0022939383, -0.0023063968, -0.0023286738, -0.002348584, -0.0023574142, -0.0023704343, -0.002373734, -0.002371477, -0.0023612864, -0.0023467252, -0.002329201, -0.0023185224, -0.002290952, -0.0022532442, -0.0022311297, -0.002184256, -0.0021410803, -0.002109306, -0.0020990388, -0.0020898026, -0.0020921573, -0.002095742, -0.0021034451, -0.00210681, -0.0021054745, -0.0020953561, -0.0020746305, -0.002044211, -0.0020257928, -0.0019835012, -0.0019352188, -0.0019091626, -0.001853434, -0.0017929942, -0.0017271842, -0.0016921413, -0.0016183621, -0.0015454484, -0.0015153462, -0.0014972865, -0.0015927994
0, 0, 0, 0, 0, 0, 0, 0, 0, 0, 0, 0, 0, 0, 0, 0, 0, 0, 0, 0, 0, 0, 0, 0, 0, 0, 0, 0, 0, 0, 0, 0, 0, 0, 0, -0.0024221274, -0.001897346, -0.0016630178, -0.0016329983, -0.0016547324, -0.001715883, -0.0017489651, -0.0018121431, -0.0018669388, -0.0019117454, -0.0019307453, -0.001962373, -0.0019879509, -0.0019987752, -0.0020179064, -0.0020338984, -0.0020486796, -0.002056707, -0.0020763932, -0.0021038144, -0.002121462, -0.0021628314, -0.0022093786, -0.0022330377, -0.0022795834, -0.002322608, -0.0023590543, -0.0023737005, -0.0023941575, -0.002402827, -0.002403601, -0.0023985966, -0.002385948, -0.0023664888, -0.002354961, -0.002331072, -0.002307544, -0.0022958855, -0.0022702941, -0.0022390366, -0.0022023842, -0.0021828574, -0.002143666, -0.0021051615, -0.0020867893, -0.0020518794, -0.002019334, -0.0020041123, -0.0019771054, -0.001955613, -0.0019375785, -0.001928782, -0.0019135359, -0.0019049305, -0.0019033062, -0.0019032947, -0.0019056197, -0.0019105154, -0.0019150939, -0.0019294209, -0.0019471567, -0.001956281, -0.0019768006, -0.002002917, -0.0020171257, -0.002045821, -0.0020759439, -0.0021094673, -0.0021269051, -0.0021612016, -0.0021944116, -0.002210954, -0.0022446509, -0.0022778031, -0.0023064343, -0.0023185487, -0.0023401298, -0.0023597302, -0.0023683212, -0.0023807108, -0.0023836226, -0.0023811345, -0.0023705317, -0.002355565, -0.0023376783, -0.0023268345, -0.00229886, -0.0022609038, -0.0022385954, -0.0021914286, -0.0021479854, -0.002115932, -0.0021055813, -0.0020960753, -0.0020981857, -0.0021016623, -0.002109158, -0.0021122843, -0.0021108135, -0.0021004267, -0.002079506, -0.00204885, -0.0020302846, -0.0019878063, -0.0019392463, -0.0019130618, -0.0018571484, -0.0017964026, -0.0017303874, -0.0016951947, -0.0016211524, -0.0015478828, -0.0015176426, -0.0014993054, -0.0015947203
0, 0, 0, 0, 0, 0, 0, 0, 0, 0, 0, 0, 0, 0, 0, 0, 0, 0, 0, 0, 0, 0, 0, 0, 0, 0, 0, 0, 0, 0, 0, 0, 0, 0, 0, 0, -0.0018730658, -0.0016193585, -0.0015841627, -0.0016026946, -0.0016668156, -0.0017024587, -0.0017700576, -0.0018286102, -0.0018762829, -0.0018963135, -0.0019294326, -0.0019557409, -0.0019667924, -0.001985139, -0.002000656, -0.002015806, -0.0020243048, -0.002045422, -0.002074683, -0.0020927377, -0.002135288, -0.0021840136, -0.0022097188, -0.0022619911, -0.0023119801, -0.002353865, -0.0023703403, -0.0023933682, -0.0024057087, -0.0024088568, -0.002409829, -0.0024027494, -0.0023872887, -0.0023770898, -0.002354234, -0.002330963, -0.0023195457, -0.0022952035, -0.0022662156, -0.0022320896, -0.002213762, -0.0021761816, -0.0021386635, -0.002120473, -0.002085296, -0.0020514852, -0.0020354227, -0.002006959, -0.0019849567, -0.001967543, -0.0019591637, -0.0019435901, -0.0019324705, -0.0019294993, -0.0019286546, -0.0019318861, -0.0019359816, -0.0019394229, -0.0019517809, -0.0019690762, -0.00197818, -0.0019978608, -0.0020225556, -0.002036253, -0.0020642492, -0.0020936371, -0.0021262674, -0.002143386, -0.0021768236, -0.0022092375, -0.0022255566, -0.002258633, -0.0022909727, -0.002319161, -0.0023310047, -0.0023518587, -0.0023709743, -0.0023794193, -0.0023912103, -0.0023936625, -0.0023909847, -0.0023799017, -0.002364642, -0.0023462817, -0.0023352662, -0.0023069687, -0.0022686603, -0.0022462162, -0.0021987748, -0.0021550108, -0.0021226793, -0.0021122156, -0.002102467, -0.002104358, -0.0021077383, -0.0021149374, -0.0021178212, -0.002116249, -0.0021055755, -0.0020844655, -0.0020535672, -0.0020348928, -0.001992134, -0.0019433598, -0.0019170336, -0.0018609208, -0.0017998937, -0.0017336229, -0.0016983205, -0.001623947, -0.0015504141, -0.0015200105, -0.0015013518, -0.0015966517
0, 0, 0, 0, 0, 0, 0, 0, 0, 0, 0, 0, 0, 0, 0, 0, 0, 0, 0, 0, 0, 0, 0, 0, 0, 0, 0, 0, 0, 0, 0, 0, 0, 0, 0, 0, -0.0018502601, -0.0016586884, -0.0015986651, -0.0015784386, -0.0016299955, -0.001664732, -0.0017351421, -0.0017982487, -0.001850479, -0.0018721375, -0.0019075136, -0.0019336626, -0.0019440444, -0.001960764, -0.0019743897, -0.0019885735, -0.001996913, -0.0020175593, -0.0020454666, -0.0020626918, -0.00210305, -0.0021505554, -0.0021764173, -0.0022300896, -0.0022826572, -0.0023280627, -0.0023468216, -0.0023763203, -0.0023973745, -0.0024053128, -0.0024161495, -0.002418935, -0.0024117485, -0.00240436, -0.002384238, -0.002360776, -0.0023487874, -0.0023234729, -0.002294169, -0.002260279, -0.0022423018, -0.0022059383, -0.0021704023, -0.0021530658, -0.0021189149, -0.0020846396, -0.0020679985, -0.0020378064, -0.002013885, -0.0019963959, -0.0019888692, -0.0019745096, -0.0019618561, -0.0019572969, -0.0019542286, -0.0019575031, -0.0019619241, -0.0019648827, -0.001975194, -0.0019911407, -0.0019999582, -0.002019204, -0.0020427778, -0.0020559882, -0.0020830417, -0.0021115297, -0.002143429, -0.002160198, -0.0021928917, -0.0022242889, -0.0022402878, -0.0022729817, -0.0023044217, -0.002331942, -0.0023435988, -0.0023640112, -0.002382349, -0.0023905707, -0.0024020022, -0.002403888, -0.0024010395, -0.0023894808, -0.0023738346, -0.0023550708, -0.002343858, -0.0023152772, -0.00227655, -0.0022539736, -0.0022062028, -0.0021621706, -0.0021295997, -0.0021189714, -0.0021090135, -0.002110643, -0.0021138722, -0.0021208378, -0.002123436, -0.0021217833, -0.0021108924, -0.0020894816, -0.002058363, -0.0020395953, -0.0019965607, -0.0019475608, -0.0019211117, -0.0018646754, -0.0018034623, -0.001736925, -0.0017014673, -0.0016268023, -0.0015529741, -0.0015224331, -0.0015034655, -0.001598628
0, 0, 0, 0, 0, 0, 0, 0, 0, 0, 0, 0, 0, 0, 0, 0, 0, 0, 0, 0, 0, 0, 0, 0, 0, 0, 0, 0, 0, 0, 0, 0, 0, 0, 0, 0, -0.0023863604, -0.001843458, -0.0016877903, -0.0015804797, -0.001609927, -0.0016429927, -0.0017162816, -0.0017845236, -0.0018415606, -0.00186488, -0.0019022479, -0.0019281073, -0.0019378131, -0.0019532451, -0.00196655, -0.0019809357, -0.0019890878, -0.00200874, -0.0020339964, -0.0020489949, -0.0020840352, -0.0021253251, -0.0021479833, -0.0021957287, -0.0022438876, -0.0022883394, -0.0023083983, -0.0023440074, -0.002374699, -0.0023884082, -0.0024122763, -0.0024287426, -0.0024336032, -0.0024307796, -0.0024163406, -0.0023951104, -0.0023833495, -0.0023571774, -0.0023256387, -0.0022891026, -0.002270186, -0.0022331763, -0.002198945, -0.0021827444, -0.0021510087, -0.0021184657, -0.0021021517, -0.0020705932, -0.002043851, -0.0020246892, -0.00201739, -0.0020047496, -0.0019924734, -0.0019870317, -0.0019811315, -0.0019828763, -0.0019875772, -0.0019905146, -0.0019995968, -0.0020140277, -0.0020222648, -0.0020406945, -0.0020633596, -0.00207605, -0.0021023343, -0.002129792, -0.0021607291, -0.002177154, -0.0022093507, -0.002239715, -0.0022552628, -0.0022874079, -0.002318285, -0.0023449801, -0.002356377, -0.002376326, -0.0023940215, -0.0024019608, -0.0024129928, -0.002414269, -0.002411214, -0.0023992693, -0.0023831592, -0.002364051, -0.0023526559, -0.0023236538, -0.0022846232, -0.0022618633, -0.0022138013, -0.0021694913, -0.0021366358, -0.0021259042, -0.0021156494, -0.002117052, -0.0021201228, -0.002126838, -0.0021292267, -0.0021274094, -0.0021162706, -0.0020946383, -0.0020632446, -0.002044322, -0.0020010867, -0.0019518173, -0.0019252236, -0.0018685702, -0.0018070883, -0.001740288, -0.001704675, -0.0016297052, -0.0015555702, -0.0015248357, -0.0015056337, -0.0016006376
0, 0, 0, 0, 0, 0, 0, 0, 0, 0, 0, 0, 0, 0, 0, 0, 0, 0, 0, 0, 0, 0, 0, 0, 0, 0, 0, 0, 0, 0, 0, 0, 0, 0, 0, 0, 0, -0.0019047146, -0.001732024, -0.0015964983, -0.0016125283, -0.0016432507, -0.0017173222, -0.0017888233, -0.0018490689, -0.001873928, -0.0019133138, -0.0019410062, -0.0019516714, -0.0019699708, -0.0019865418, -0.0020035917, -0.00201248, -0.0020316897, -0.002053275, -0.0020652786, -0.0020921368, -0.002123615, -0.0021405877, -0.0021768431, -0.0022148548, -0.0022534763, -0.0022725866, -0.0023104027, -0.002348026, -0.002366536, -0.0024019717, -0.0024312655, -0.002447653, -0.0024497139, -0.002443232, -0.0024270124, -0.002416575, -0.0023911945, -0.0023593407, -0.0023221585, -0.0023023009, -0.0022622275, -0.0022253117, -0.0022089735, -0.002179622, -0.0021510753, -0.0021361273, -0.0021052589, -0.0020763976, -0.0020542352, -0.0020459169, -0.002033444, -0.002022776, -0.0020175222, -0.002009726, -0.0020092225, -0.0020130854, -0.0020158184, -0.0020243747, -0.0020375578, -0.0020452237, -0.0020626732, -0.0020842177, -0.0020963885, -0.0021220061, -0.0021485866, -0.002178333, -0.0021943154, -0.0022259871, -0.0022556542, -0.0022706194, -0.0023019784, -0.0023324683, -0.0023583567, -0.002369382, -0.002388795, -0.0024059897, -0.0024135625, -0.002424146, -0.002424938, -0.0024215896, -0.0024092938, -0.0023926755, -0.0023732034, -0.0023615917, -0.0023322299, -0.0022928761, -0.0022699519, -0.0022215147, -0.0021769733, -0.0021437886, -0.002132949, -0.0021224017, -0.0021235265, -0.002126521, -0.0021329462, -0.0021351152, -0.0021331536, -0.0021217281, -0.0020998756, -0.0020681985, -0.0020491453, -0.0020056595, -0.0019561476, -0.0019294414, -0.0018725289, -0.0018107863, -0.0017436667, -0.0017079323, -0.0016326738, -0.0015582076, -0.0015273363, -0.0015078104, -0.0016026816
0, 0, 0, 0, 0, 0, 0, 0, 0, 0, 0, 0, 0, 0, 0, 0, 0, 0, 0, 0, 0, 0, 0, 0, 0, 0, 0, 0, 0, 0, 0, 0, 0, 0, 0, 0, 0, -0.0025734555, -0.002274927, -0.0018407376, -0.0016973277, -0.0016913367, -0.0017374498, -0.001806629, -0.0018703406, -0.0018978077, -0.0019452275, -0.0019858426, -0.0020047617, -0.0020409161, -0.0020751464, -0.0021056612, -0.002118821, -0.002140036, -0.0021554986, -0.0021618574, -0.0021733043, -0.0021849417, -0.002191265, -0.0022054703, -0.0022242342, -0.0022503496, -0.0022666717, -0.0023047186, -0.002346564, -0.002367792, -0.0024083077, -0.0024434659, -0.0024689876, -0.0024767239, -0.0024804757, -0.0024687883, -0.0024587833, -0.0024349862, -0.0024114735, -0.0023859737, -0.002370222, -0.002331331, -0.0022886745, -0.0022690701, -0.0022358245, -0.0022086066, -0.002196249, -0.0021717728, -0.0021458433, -0.0021202795, -0.0021091811, -0.002092553, -0.0020812703, -0.0020762128, -0.002068239, -0.0020652337, -0.0020660763, -0.0020677475, -0.0020743264, -0.0020852892, -0.0020921163, -0.002108155, -0.002127249, -0.002138036, -0.0021616924, -0.0021872767, -0.0022150131, -0.0022297322, -0.0022596726, -0.0022884132, -0.0023025635, -0.0023319703, -0.002361279, -0.0023860293, -0.0023962515, -0.002414439, -0.0024306343, -0.0024376116, -0.0024470428, -0.0024469583, -0.0024430826, -0.0024298, -0.0024123632, -0.0023920836, -0.0023800933, -0.002349916, -0.002309835, -0.0022865455, -0.0022375346, -0.0021922789, -0.00215856, -0.0021473889, -0.0021363536, -0.0021369432, -0.0021396412, -0.0021455772, -0.0021471665, -0.0021449297, -0.002133028, -0.0021106135, -0.0020784135, -0.0020591025, -0.0020150947, -0.001965028, -0.001938087, -0.0018806693, -0.001818344, -0.0017506648, -0.0017146271, -0.0016387248, -0.0015636202, -0.001532395, -0.0015122793, -0.0016068693
0, 0, 0, 0, 0, 0, 0, 0, 0, 0, 0, 0, 0, 0, 0, 0, 0, 0, 0, 0, 0, 0, 0, 0, 0, 0, 0, 0, 0, 0, 0, 0, 0, 0, 0, 0, 0, 0, -0.002431317, -0.0019333363, -0.0017178432, -0.0016967799, -0.0017327539, -0.001800076, -0.0018635633, -0.001891934, -0.0019435352, -0.001991436, -0.0020147823, -0.0020604318, -0.002103314, -0.0021404335, -0.0021561272, -0.002180793, -0.0021971066, -0.0022028969, -0.0022117354, -0.002219754, -0.0022241592, -0.002235895, -0.0022543352, -0.002282524, -0.0023003751, -0.0023412337, -0.002383093, -0.002402712, -0.0024378472, -0.0024670854, -0.0024894276, -0.0024964544, -0.0024986404, -0.0024841884, -0.0024724235, -0.0024470885, -0.0024257982, -0.0024068614, -0.0023954583, -0.0023650473, -0.0023264003, -0.002306319, -0.0022693004, -0.002238809, -0.0022260246, -0.0022026636, -0.002178612, -0.0021543866, -0.0021431316, -0.0021247382, -0.00211134, -0.0021056554, -0.0020971452, -0.0020934918, -0.0020935216, -0.002094807, -0.0021001704, -0.002109433, -0.0021157535, -0.0021312449, -0.0021496874, -0.0021597603, -0.0021819102, -0.002206874, -0.0022340722, -0.0022481922, -0.002276891, -0.002305067, -0.0023189888, -0.00234755, -0.0023760083, -0.0024002583, -0.0024101736, -0.002427541, -0.0024433245, -0.002450055, -0.0024588075, -0.0024582923, -0.0024541994, -0.0024403648, -0.002422551, -0.0024017908, -0.0023896086, -0.002359038, -0.002318578, -0.0022951122, -0.0022457503, -0.0022001923, -0.0021661853, -0.0021548797, -0.0021435572, -0.0021438345, -0.0021464066, -0.00215208, -0.0021533659, -0.0021510187, -0.0021388251, -0.002116128, -0.0020836706, -0.002064215, -0.0020199518, -0.0019696222, -0.001942522, -0.0018848229, -0.0018222523, -0.0017542585, -0.0017180791, -0.0016418523, -0.0015663881, -0.0015350286, -0.0015145352, -0.0016090545
0, 0, 0, 0, 0, 0, 0, 0, 0, 0, 0, 0, 0, 0, 0, 0, 0, 0, 0, 0, 0, 0, 0, 0, 0, 0, 0, 0, 0, 0, 0, 0, 0, 0, 0, 0, 0, 0, 0, -0.002000898, -0.0017658031, -0.0017301771, -0.0017381195, -0.0017856066, -0.0018393955, -0.0018660007, -0.001918523, -0.0019711165, -0.001997104, -0.0020478712, -0.0020951175, -0.0021362726, -0.002153828, -0.002181885, -0.0022014508, -0.0022083896, -0.0022194062, -0.0022301052, -0.0022366133, -0.002254377, -0.0022812826, -0.002318645, -0.0023407668, -0.0023878177, -0.0024313473, -0.002449692, -0.0024794266, -0.0025023646, -0.0025191677, -0.00252393, -0.0025221417, -0.002503895, -0.0024901803, -0.0024608406, -0.0024372728, -0.0024209882, -0.0024134165, -0.0023931589, -0.0023625155, -0.0023441482, -0.0023065466, -0.0022735258, -0.0022595718, -0.0022344138, -0.0022100718, -0.0021869724, -0.0021763511, -0.0021578502, -0.0021428664, -0.0021364426, -0.002126424, -0.002121471, -0.0021210213, -0.0021221342, -0.002126782, -0.0021342281, -0.0021395828, -0.002154345, -0.0021725744, -0.0021821798, -0.002202564, -0.0022264645, -0.0022533287, -0.0022671476, -0.0022945947, -0.0023217972, -0.0023355144, -0.0023634932, -0.0023910748, -0.0024146824, -0.002424412, -0.002441018, -0.0024561833, -0.002462714, -0.0024708712, -0.0024698016, -0.0024655003, -0.0024511977, -0.0024328763, -0.0024117, -0.002399304, -0.0023683808, -0.0023274783, -0.002303872, -0.0022541403, -0.0022082827, -0.0021740112, -0.0021625091, -0.0021508625, -0.0021508965, -0.0021533095, -0.0021586914, -0.0021597166, -0.0021572006, -0.0021447316, -0.0021217507, -0.0020890255, -0.002069434, -0.0020249044, -0.0019742744, -0.0019470172, -0.0018890247, -0.0018261765, -0.0017579313, -0.0017216018, -0.0016450441, -0.0015692037, -0.001537639, -0.0015168879, -0.0016112622
0, 0, 0, 0, 0, 0, 0, 0, 0, 0, 0, 0, 0, 0, 0, 0, 0, 0, 0, 0, 0, 0, 0, 0, 0, 0, 0, 0, 0, 0, 0, 0, 0, 0, 0, 0, 0, 0, 0, -0.0022051386, -0.0019824465, -0.0018796361, -0.0017686908, -0.0017561752, -0.0017899291, -0.0018141462, -0.0018681737, -0.0019243697, -0.0019519511, -0.0020044935, -0.0020521386, -0.0020936513, -0.002111595, -0.0021413662, -0.0021633867, -0.002172253, -0.0021890008, -0.002208226, -0.0022201694, -0.0022504309, -0.0022901131, -0.0023389377, -0.0023657114, -0.0024196908, -0.0024662851, -0.0024850324, -0.0025134794, -0.0025334, -0.0025472108, -0.002550914, -0.0025486625, -0.0025307653, -0.002516658, -0.002484084, -0.002455293, -0.0024364376, -0.0024299717, -0.0024162945, -0.0023934944, -0.0023781918, -0.0023438632, -0.002311089, -0.0022963833, -0.0022687914, -0.002242611, -0.0022191526, -0.0022086028, -0.0021899908, -0.0021746925, -0.0021681373, -0.0021571051, -0.0021498334, -0.0021480701, -0.0021492038, -0.0021537915, -0.0021600553, -0.0021643224, -0.0021773065, -0.0021953573, -0.0022048599, -0.0022240144, -0.0022463833, -0.002272688, -0.0022862975, -0.0023128153, -0.0023389068, -0.0023523273, -0.002379726, -0.0024064148, -0.0024293435, -0.0024387885, -0.0024548762, -0.0024692742, -0.002475528, -0.002483204, -0.0024815605, -0.0024769912, -0.0024622534, -0.0024434454, -0.002421854, -0.0024092277, -0.0023779105, -0.002336651, -0.0023128372, -0.0022627255, -0.0022165328, -0.0021819232, -0.0021703008, -0.002158348, -0.002158086, -0.0021603943, -0.0021654505, -0.0021661916, -0.0021635292, -0.0021507223, -0.0021274777, -0.0020944802, -0.0020747562, -0.0020299011, -0.001979021, -0.0019516529, -0.0018933314, -0.001830175, -0.0017616536, -0.0017251418, -0.0016482947, -0.0015720817, -0.0015403095, -0.0015192955, -0.001613496
0, 0, 0, 0, 0, 0, 0, 0, 0, 0, 0, 0, 0, 0, 0, 0, 0, 0, 0, 0, 0, 0, 0, 0, 0, 0, 0, 0, 0, 0, 0, 0, 0, 0, 0, 0, 0, 0, 0, -0.003109157, -0.0024643692, -0.0021398177, -0.0017746543, -0.0016871203, -0.0017122761, -0.0017398084, -0.0018024844, -0.0018649169, -0.001893986, -0.001947115, -0.0019936173, -0.0020333272, -0.0020505688, -0.002080058, -0.0021042137, -0.002115539, -0.002140092, -0.0021708906, -0.0021893745, -0.002232696, -0.0022831948, -0.0023394935, -0.0023686711, -0.0024254161, -0.00247398, -0.0024935454, -0.0025229992, -0.0025428275, -0.0025574095, -0.0025626759, -0.002566013, -0.0025557345, -0.0025448492, -0.002515271, -0.002484559, -0.0024622101, -0.002454503, -0.002440894, -0.002421637, -0.0024086812, -0.002378572, -0.0023479098, -0.002333201, -0.0023046397, -0.0022771407, -0.0022524002, -0.0022410934, -0.0022213613, -0.0022062266, -0.0021999092, -0.0021883019, -0.0021792143, -0.0021754284, -0.0021760555, -0.0021806238, -0.002186549, -0.0021900164, -0.0022008747, -0.0022180479, -0.0022275464, -0.002246094, -0.002266876, -0.002292167, -0.0023055614, -0.0023314115, -0.0023564214, -0.0023693854, -0.0023962706, -0.002422154, -0.0024443173, -0.0024534923, -0.002468975, -0.0024826562, -0.002488609, -0.0024958192, -0.002493562, -0.0024887815, -0.0024735823, -0.0024542175, -0.0024322332, -0.002419373, -0.0023875802, -0.0023459226, -0.0023219534, -0.0022714967, -0.0022249846, -0.0021899743, -0.0021782154, -0.0021659888, -0.0021654447, -0.0021675532, -0.0021723094, -0.002172752, -0.002169972, -0.002156873, -0.002133305, -0.0021000104, -0.0020801811, -0.0020350022, -0.0019838708, -0.0019563327, -0.0018977281, -0.0018342859, -0.0017654211, -0.001728787, -0.0016515822, -0.0015750277, -0.0015430937, -0.0015216896, -0.0016157501
0, 0, 0, 0, 0, 0, 0, 0, 0, 0, 0, 0, 0, 0, 0, 0, 0, 0, 0, 0, 0, 0, 0, 0, 0, 0, 0, 0, 0, 0, 0, 0, 0, 0, 0, 0, 0, 0, 0, 0, -0.0029198395, -0.0022286186, -0.0016693812, -0.0015818306, -0.0016304401, -0.0016686883, -0.0017463051, -0.0018157645, -0.0018462591, -0.0018996369, -0.0019445745, -0.001982652, -0.001999397, -0.0020290958, -0.002056155, -0.002070086, -0.0021022588, -0.0021426028, -0.0021660775, -0.0022177016, -0.002272748, -0.0023293812, -0.0023574394, -0.0024107534, -0.0024566518, -0.0024757395, -0.0025055525, -0.0025272083, -0.0025458706, -0.0025543524, -0.0025673583, -0.0025695532, -0.0025649671, -0.0025460466, -0.002520606, -0.002497288, -0.0024875875, -0.0024705506, -0.0024515113, -0.0024396905, -0.0024121874, -0.0023826433, -0.0023682297, -0.0023401948, -0.0023128793, -0.002286657, -0.002274233, -0.0022527592, -0.0022371374, -0.0022309704, -0.0022199117, -0.0022099512, -0.002203373, -0.0022028477, -0.0022071402, -0.002213421, -0.0022163913, -0.0022252053, -0.002240897, -0.002250147, -0.0022684436, -0.0022879224, -0.0023119454, -0.0023250226, -0.0023503567, -0.0023744036, -0.0023868852, -0.0024130128, -0.0024382991, -0.002459498, -0.0024684113, -0.0024833935, -0.002496338, -0.0025020132, -0.0025087262, -0.0025058836, -0.0025007608, -0.002485108, -0.002465301, -0.0024428165, -0.0024297717, -0.0023974695, -0.0023554615, -0.002331263, -0.0022804684, -0.0022335488, -0.0021982647, -0.0021863086, -0.0021737898, -0.0021728924, -0.0021748354, -0.002179297, -0.0021794545, -0.0021765276, -0.0021631499, -0.0021392382, -0.0021056691, -0.0020856487, -0.0020402279, -0.0019887462, -0.0019610985, -0.0019021847, -0.0018384364, -0.0017692912, -0.0017324502, -0.0016549208, -0.0015780018, -0.0015458824, -0.0015241624, -0.0016180433
0, 0, 0, 0, 0, 0, 0, 0, 0, 0, 0, 0, 0, 0, 0, 0, 0, 0, 0, 0, 0, 0, 0, 0, 0, 0, 0, 0, 0, 0, 0, 0, 0, 0, 0, 0, 0, 0, 0, 0, 0, -0.0016513678, -0.0015306497, -0.0015255974, -0.001596336, -0.0016399116, -0.0017242479, -0.0017960831, -0.0018269655, -0.0018800359, -0.0019243315, -0.0019626934, -0.001979989, -0.002012534, -0.0020438447, -0.0020602597, -0.0020975247, -0.002142276, -0.00216707, -0.0022195706, -0.0022717034, -0.002321321, -0.002344718, -0.002388219, -0.0024258895, -0.0024420412, -0.00246936, -0.0024924616, -0.002515849, -0.0025283755, -0.0025528765, -0.002570455, -0.0025747106, -0.002572649, -0.0025583284, -0.002537263, -0.0025261983, -0.002505172, -0.0024839337, -0.0024719532, -0.0024443339, -0.002415196, -0.0024013394, -0.0023751971, -0.002348697, -0.0023218908, -0.0023087705, -0.0022850637, -0.0022671723, -0.0022606214, -0.0022508642, -0.002241758, -0.0022329378, -0.002230735, -0.0022333267, -0.0022398427, -0.0022429384, -0.0022505487, -0.002264289, -0.0022730003, -0.002290824, -0.0023095591, -0.0023322203, -0.0023448418, -0.0023696276, -0.0023927805, -0.0024046588, -0.0024300164, -0.0024548033, -0.0024751404, -0.00248359, -0.002498082, -0.002510414, -0.002515727, -0.0025218409, -0.0025185065, -0.002513075, -0.002496873, -0.00247658, -0.002453587, -0.0024403175, -0.0024076023, -0.002365189, -0.0023407897, -0.0022895788, -0.0022423193, -0.0022066757, -0.0021945897, -0.002181725, -0.002180499, -0.0021823035, -0.0021864562, -0.0021863047, -0.0021831947, -0.0021695069, -0.0021453237, -0.0021114436, -0.0020912443, -0.0020455385, -0.001993762, -0.0019659684, -0.0019067321, -0.0018426711, -0.0017732189, -0.0017361888, -0.0016583094, -0.0015810288, -0.0015487227, -0.001526644, -0.0016203962
0, 0, 0, 0, 0, 0, 0, 0, 0, 0, 0, 0, 0, 0, 0, 0, 0, 0, 0, 0, 0, 0, 0, 0, 0, 0, 0, 0, 0, 0, 0, 0, 0, 0, 0, 0, 0, 0, 0, 0, 0, -0.0019535383, -0.0017103173, -0.0016083877, -0.0016310299, -0.0016627375, -0.0017358906, -0.0018043538, -0.0018347338, -0.0018882094, -0.0019342744, -0.0019760164, -0.001995695, -0.0020334427, -0.0020699238, -0.0020884713, -0.0021282216, -0.002172522, -0.0021961047, -0.0022434287, -0.002287368, -0.002325827, -0.0023429377, -0.0023733363, -0.0023989612, -0.0024103064, -0.0024310972, -0.0024521635, -0.00247811, -0.0024933768, -0.002527527, -0.0025603021, -0.0025739134, -0.0025908656, -0.0025912782, -0.002576888, -0.0025665408, -0.0025441563, -0.0025203002, -0.0025068095, -0.002476699, -0.0024461823, -0.0024323182, -0.0024068228, -0.0023821536, -0.002357649, -0.0023450868, -0.0023197664, -0.0022979933, -0.0022901199, -0.0022802707, -0.0022728706, -0.0022636019, -0.0022603597, -0.0022605343, -0.0022662103, -0.0022691726, -0.0022761999, -0.0022884333, -0.002296408, -0.0023136446, -0.0023315817, -0.0023529297, -0.0023649621, -0.0023891812, -0.0024116153, -0.0024229244, -0.002447348, -0.0024716377, -0.002491216, -0.0024992528, -0.002513053, -0.0025248008, -0.002529765, -0.002535274, -0.0025313932, -0.0025256749, -0.0025089295, -0.0024881673, -0.0024646174, -0.0024511255, -0.0024180333, -0.0023750782, -0.0023505567, -0.0022988983, -0.0022512462, -0.0022152897, -0.0022030578, -0.0021898136, -0.0021882989, -0.0021899603, -0.0021937701, -0.002193252, -0.0021900139, -0.002176, -0.0021515044, -0.0021172855, -0.0020969813, -0.0020509218, -0.001998869, -0.0019708967, -0.0019113983, -0.0018469784, -0.0017771905, -0.0017399995, -0.0016617741, -0.0015841197, -0.0015516105, -0.0015291569, -0.0016227904
0, 0, 0, 0, 0, 0, 0, 0, 0, 0, 0, 0, 0, 0, 0, 0, 0, 0, 0, 0, 0, 0, 0, 0, 0, 0, 0, 0, 0, 0, 0, 0, 0, 0, 0, 0, 0, 0, 0, 0, 0, -0.0026499638, -0.0020507113, -0.0017489243, -0.0016862295, -0.0016988707, -0.0017557841, -0.0018215572, -0.0018529977, -0.0019102878, -0.001961639, -0.0020093496, -0.0020322024, -0.0020764426, -0.0021186103, -0.0021394028, -0.0021809952, -0.0022234567, -0.0022445312, -0.0022846537, -0.0023192111, -0.0023464707, -0.0023575644, -0.00237545, -0.0023892773, -0.0023957032, -0.0024092633, -0.0024267102, -0.0024510305, -0.0024666472, -0.0025048123, -0.0025477107, -0.002568198, -0.0026006042, -0.0026143512, -0.0026084015, -0.0026003623, -0.0025803195, -0.0025567717, -0.0025432291, -0.002512472, -0.00248014, -0.0024647615, -0.0024363971, -0.002411581, -0.0023903977, -0.0023797168, -0.0023557164, -0.002331648, -0.002322016, -0.0023099903, -0.0023028192, -0.0022941248, -0.0022903958, -0.0022885753, -0.00229302, -0.0022958955, -0.002302487, -0.0023128588, -0.002320006, -0.0023365633, -0.0023541984, -0.002374379, -0.0023855935, -0.0024088188, -0.0024308867, -0.0024417932, -0.00246511, -0.0024886339, -0.0025076605, -0.0025152515, -0.0025283466, -0.0025395905, -0.002544165, -0.0025489877, -0.0025445488, -0.0025385988, -0.00252115, -0.0024999967, -0.002475925, -0.0024621508, -0.0024286648, -0.002385267, -0.0023604569, -0.002308436, -0.0022604126, -0.002224075, -0.002211628, -0.0021980738, -0.002196237, -0.0021977155, -0.0022012047, -0.002200374, -0.0021969473, -0.0021826054, -0.0021578146, -0.0021232448, -0.002102782, -0.0020564282, -0.0020040409, -0.0019759235, -0.0019161031, -0.0018513778, -0.0017812424, -0.001743905, -0.0016652945, -0.0015872312, -0.0015545323, -0.0015317529, -0.0016252075
0, 0, 0, 0, 0, 0, 0, 0, 0, 0, 0, 0, 0, 0, 0, 0, 0, 0, 0, 0, 0, 0, 0, 0, 0, 0, 0, 0, 0, 0, 0, 0, 0, 0, 0, 0, 0, 0, 0, 0, 0, 0, -0.0022258656, -0.0018380377, -0.0017188676, -0.0017174534, -0.0017635957, -0.0018312748, -0.0018654206, -0.0019306177, -0.001990395, -0.0020458137, -0.0020724165, -0.0021237053, -0.0021723947, -0.002195488, -0.0022391225, -0.002279357, -0.002298146, -0.002331528, -0.0023584715, -0.0023779243, -0.002385145, -0.002395333, -0.0024028395, -0.0024064905, -0.002415998, -0.0024300304, -0.0024510284, -0.0024652118, -0.0025018177, -0.0025471689, -0.0025702608, -0.0026097347, -0.002630251, -0.0026297604, -0.0026237431, -0.0026066485, -0.0025864465, -0.0025749533, -0.0025480774, -0.0025168841, -0.0025004135, -0.0024682046, -0.0024410596, -0.0024209253, -0.0024114547, -0.002389805, -0.0023655342, -0.0023550708, -0.0023410637, -0.002333362, -0.002324914, -0.0023208128, -0.0023168742, -0.0023197127, -0.0023225322, -0.002329319, -0.0023385459, -0.0023446346, -0.002359506, -0.0023767843, -0.0023964434, -0.0024070493, -0.0024289617, -0.00245034, -0.0024609177, -0.002483373, -0.0025060677, -0.0025244486, -0.002531643, -0.0025439363, -0.0025546548, -0.0025589252, -0.002562973, -0.002557986, -0.002551786, -0.002533792, -0.002511978, -0.0024875205, -0.002473481, -0.0024394537, -0.0023956567, -0.0023706085, -0.0023181788, -0.0022697677, -0.0022330305, -0.002220416, -0.002206528, -0.002204305, -0.0022056152, -0.0022087595, -0.0022076208, -0.0022040452, -0.0021893422, -0.0021642097, -0.0021293438, -0.00210871, -0.0020620327, -0.0020093303, -0.0019810465, -0.0019208787, -0.0018558656, -0.0017853769, -0.0017478755, -0.0016688489, -0.0015904221, -0.0015575262, -0.0015343785, -0.0016276734
0, 0, 0, 0, 0, 0, 0, 0, 0, 0, 0, 0, 0, 0, 0, 0, 0, 0, 0, 0, 0, 0, 0, 0, 0, 0, 0, 0, 0, 0, 0, 0, 0, 0, 0, 0, 0, 0, 0, 0, 0, 0, -0.0023125175, -0.0019509462, -0.0017666235, -0.0017394343, -0.0017606358, -0.0018267507, -0.0018646099, -0.0019394797, -0.002009049, -0.002072698, -0.0021027944, -0.0021603187, -0.0022139582, -0.0022388594, -0.002283635, -0.00232151, -0.0023380017, -0.0023664946, -0.002389309, -0.0024063666, -0.0024128973, -0.0024228964, -0.0024315142, -0.0024362204, -0.002447961, -0.0024633906, -0.0024840469, -0.0024969955, -0.0025296418, -0.0025701227, -0.0025911818, -0.002627642, -0.0026472425, -0.002646201, -0.0026399835, -0.0026233408, -0.0026067726, -0.002598554, -0.0025791074, -0.0025520483, -0.0025358677, -0.0025016926, -0.002472534, -0.002451843, -0.0024428857, -0.0024231013, -0.0023996562, -0.0023885365, -0.0023720614, -0.0023634108, -0.0023563746, -0.0023525592, -0.0023467583, -0.0023468302, -0.0023489564, -0.0023557232, -0.0023648804, -0.002370341, -0.0023833786, -0.0023995878, -0.0024185847, -0.0024287465, -0.0024497244, -0.0024703022, -0.0024804838, -0.0025019005, -0.0025238912, -0.0025417297, -0.002548552, -0.0025598588, -0.0025699646, -0.002574053, -0.0025774234, -0.002571692, -0.002565236, -0.0025467442, -0.0025242928, -0.0024993003, -0.0024850792, -0.0024504922, -0.0024062411, -0.002380969, -0.0023281106, -0.0022792942, -0.002242203, -0.002229372, -0.0022151326, -0.0022125633, -0.0022136888, -0.0022164788, -0.0022149815, -0.0022112355, -0.0021962225, -0.0021707572, -0.0021355567, -0.0021147463, -0.0020677254, -0.002014701, -0.0019862298, -0.0019257753, -0.0018604153, -0.0017895482, -0.0017518747, -0.00167249, -0.00159365, -0.0015605531, -0.0015370449, -0.0016301766
0, 0, 0, 0, 0, 0, 0, 0, 0, 0, 0, 0, 0, 0, 0, 0, 0, 0, 0, 0, 0, 0, 0, 0, 0, 0, 0, 0, 0, 0, 0, 0, 0, 0, 0, 0, 0, 0, 0, 0, 0, 0, 0, -0.0023088923, -0.0018951795, -0.0017921547, -0.0017498342, -0.0018087554, -0.0018497222, -0.001933769, -0.0020115466, -0.002081022, -0.0021129935, -0.0021734796, -0.002228711, -0.0022538651, -0.002297936, -0.002333383, -0.0023482756, -0.0023744206, -0.0023969486, -0.0024163576, -0.0024252622, -0.0024417015, -0.0024588404, -0.0024682516, -0.002489872, -0.0025141698, -0.0025398915, -0.0025533566, -0.002582251, -0.002614766, -0.0026311264, -0.002658997, -0.0026717207, -0.002664854, -0.0026561457, -0.0026367672, -0.0026221613, -0.0026167545, -0.0026040382, -0.0025827677, -0.002568256, -0.0025354773, -0.0025051911, -0.0024830203, -0.0024740102, -0.0024560546, -0.0024348015, -0.0024236203, -0.0024044036, -0.002393233, -0.0023865672, -0.0023834377, -0.0023778528, -0.0023758414, -0.0023767634, -0.0023820465, -0.002390923, -0.0023961219, -0.002408002, -0.0024231893, -0.0024413455, -0.0024508887, -0.002470554, -0.0024907137, -0.0025006963, -0.0025212003, -0.0025418268, -0.0025592775, -0.0025658826, -0.0025763065, -0.0025855117, -0.0025893587, -0.002592256, -0.0025857436, -0.0025789607, -0.0025599382, -0.002536986, -0.0025113807, -0.0024968546, -0.0024618618, -0.002417037, -0.0023915397, -0.002338281, -0.002289012, -0.0022515643, -0.0022385418, -0.0022239073, -0.0022209901, -0.0022219364, -0.002224368, -0.0022224865, -0.0022185505, -0.002203214, -0.0021773889, -0.002141861, -0.0021208778, -0.0020735299, -0.0020201644, -0.0019915546, -0.0019307601, -0.0018650461, -0.0017938265, -0.0017559342, -0.0016761831, -0.0015969434, -0.0015636297, -0.0015397514, -0.0016327552
0, 0, 0, 0, 0, 0, 0, 0, 0, 0, 0, 0, 0, 0, 0, 0, 0, 0, 0, 0, 0, 0, 0, 0, 0, 0, 0, 0, 0, 0, 0, 0, 0, 0, 0, 0, 0, 0, 0, 0, 0, 0, 0, -0.0031620157, -0.002024886, -0.0018265387, -0.0017309542, -0.0017865261, -0.0018298283, -0.0019193931, -0.002001079, -0.0020717971, -0.0021037462, -0.0021627268, -0.0022154725, -0.0022392608, -0.0022803326, -0.0023130658, -0.002327091, -0.0023532095, -0.0023785117, -0.0024043648, -0.0024173814, -0.0024448077, -0.0024749055, -0.0024916937, -0.0025281585, -0.0025661746, -0.0026011413, -0.0026164567, -0.0026434108, -0.0026674655, -0.002678594, -0.002696001, -0.0027001235, -0.0026870952, -0.0026762749, -0.002654202, -0.0026393814, -0.0026346697, -0.00262577, -0.0026096625, -0.0025977788, -0.0025685844, -0.0025386282, -0.002514741, -0.0025051269, -0.002488182, -0.002469661, -0.0024591323, -0.0024388847, -0.0024247842, -0.0024165157, -0.0024134333, -0.002408503, -0.0024056004, -0.0024055417, -0.0024094095, -0.002417616, -0.0024222194, -0.0024326015, -0.0024470058, -0.0024647866, -0.0024739027, -0.0024920788, -0.0025110631, -0.0025209158, -0.0025410934, -0.002560619, -0.0025769016, -0.0025832264, -0.0025933997, -0.0026016317, -0.002604938, -0.0026073006, -0.0026002328, -0.002593066, -0.0025733842, -0.0025498853, -0.0025237668, -0.0025089222, -0.0024733534, -0.0024281763, -0.0024024171, -0.002348581, -0.0022989663, -0.0022610647, -0.00224788, -0.0022328699, -0.002229564, -0.002230355, -0.00223237, -0.0022301837, -0.0022260444, -0.0022103356, -0.002184152, -0.002148283, -0.002127141, -0.0020794435, -0.002025735, -0.0019969463, -0.0019358103, -0.0018697495, -0.001798159, -0.0017600858, -0.001679933, -0.0016002771, -0.0015667792, -0.0015425646, -0.0016353197
0, 0, 0, 0, 0, 0, 0, 0, 0, 0, 0, 0, 0, 0, 0, 0, 0, 0, 0, 0, 0, 0, 0, 0, 0, 0, 0, 0, 0, 0, 0, 0, 0, 0, 0, 0, 0, 0, 0, 0, 0, 0, 0, 0, -0.0019264745, -0.0018282899, -0.0017478081, -0.0017853339, -0.0018229859, -0.0019073287, -0.0019863069, -0.0020540664, -0.0020839784, -0.002138056, -0.002185646, -0.0022068736, -0.0022435065, -0.0022734546, -0.002286945, -0.0023139354, -0.002343697, -0.002377803, -0.0023963014, -0.0024366542, -0.0024822704, -0.002507249, -0.0025598563, -0.0026114504, -0.002654762, -0.0026717673, -0.0026969982, -0.0027139222, -0.0027204077, -0.0027284091, -0.0027251823, -0.0027090702, -0.0026978732, -0.0026756045, -0.0026601502, -0.0026553292, -0.0026477892, -0.0026356694, -0.0026262277, -0.0026012894, -0.0025730957, -0.0025480988, -0.0025374354, -0.002519512, -0.0025029164, -0.0024938285, -0.002474785, -0.0024581468, -0.0024472615, -0.0024437828, -0.00243913, -0.002435399, -0.002434485, -0.002437209, -0.0024449767, -0.0024492694, -0.0024580755, -0.0024709287, -0.002488316, -0.0024974083, -0.0025146743, -0.0025320053, -0.002541364, -0.0025610928, -0.0025800748, -0.0025951518, -0.0026010957, -0.0026105524, -0.0026181918, -0.0026211068, -0.0026226162, -0.0026150104, -0.0026074946, -0.0025872272, -0.0025630197, -0.0025363974, -0.0025213289, -0.0024850988, -0.0024394263, -0.002413471, -0.0023591844, -0.0023091324, -0.0022707717, -0.0022573955, -0.0022420012, -0.0022383037, -0.0022388953, -0.0022405651, -0.0022379889, -0.0022336792, -0.002217613, -0.002191048, -0.0021548064, -0.002133467, -0.0020854613, -0.0020314094, -0.0020024332, -0.0019409505, -0.0018745242, -0.0018025708, -0.0017643106, -0.0016837479, -0.0016036999, -0.0015699876, -0.0015453766, -0.0016379667
0, 0, 0, 0, 0, 0, 0, 0, 0, 0, 0, 0, 0, 0, 0, 0, 0, 0, 0, 0, 0, 0, 0, 0, 0, 0, 0, 0, 0, 0, 0, 0, 0, 0, 0, 0, 0, 0, 0, 0, 0, 0, 0, 0, -0.0024862532, -0.0022011753, -0.0018697972, -0.0018117147, -0.0018300187, -0.0018967903, -0.0019684068, -0.0020308236, -0.0020581412, -0.002106808, -0.0021490199, -0.0021676985, -0.0022004417, -0.002228409, -0.0022416788, -0.0022701286, -0.0023045375, -0.0023466707, -0.0023706127, -0.0024245942, -0.0024856385, -0.002518062, -0.0025837775, -0.0026436935, -0.0026905648, -0.0027081582, -0.0027321824, -0.0027453015, -0.0027489078, -0.0027503376, -0.002743309, -0.0027282203, -0.0027186822, -0.0026994692, -0.0026840877, -0.0026785585, -0.0026704406, -0.0026604629, -0.0026532884, -0.0026338212, -0.0026096958, -0.0025845182, -0.0025723614, -0.0025512998, -0.0025348172, -0.0025270132, -0.0025100608, -0.0024926371, -0.0024793895, -0.0024751993, -0.0024701122, -0.0024655298, -0.002463831, -0.0024650914, -0.002472528, -0.0024767003, -0.0024845477, -0.0024956146, -0.0025118857, -0.0025208562, -0.0025377553, -0.0025538488, -0.0025625231, -0.00258136, -0.0025998265, -0.0026140036, -0.0026194649, -0.0026281062, -0.0026350312, -0.0026376327, -0.0026384376, -0.0026300603, -0.0026222202, -0.002601346, -0.002576539, -0.002549212, -0.0025339304, -0.0024972574, -0.002450913, -0.0024247172, -0.0023699994, -0.0023194426, -0.002280725, -0.002267114, -0.002251305, -0.0022472234, -0.0022476008, -0.0022489172, -0.0022459312, -0.002241445, -0.0022249704, -0.0021981031, -0.0021614716, -0.0021399616, -0.0020915903, -0.0020371722, -0.0020079885, -0.0019461638, -0.001879412, -0.001807055, -0.0017686131, -0.0016876572, -0.0016071473, -0.0015732202, -0.0015481946, -0.0016406511
0, 0, 0, 0, 0, 0, 0, 0, 0, 0, 0, 0, 0, 0, 0, 0, 0, 0, 0, 0, 0, 0, 0, 0, 0, 0, 0, 0, 0, 0, 0, 0, 0, 0, 0, 0, 0, 0, 0, 0, 0, 0, 0, 0, -0.0034962888, -0.002665661, -0.0019611027, -0.0018170372, -0.0018193721, -0.0018709749, -0.0019361654, -0.0019947507, -0.0020204075, -0.0020663317, -0.0021059436, -0.0021236434, -0.0021550045, -0.0021833389, -0.002197798, -0.0022300007, -0.002270282, -0.002320265, -0.0023490947, -0.0024136743, -0.0024854934, -0.002522305, -0.0025932856, -0.0026537746, -0.0026989165, -0.0027156675, -0.0027394376, -0.002752629, -0.0027559015, -0.0027572748, -0.0027528787, -0.0027446127, -0.0027392022, -0.0027260056, -0.0027115785, -0.0027049726, -0.0026939416, -0.002683892, -0.002678334, -0.0026648077, -0.0026466288, -0.0026232023, -0.0026101356, -0.002585721, -0.0025677418, -0.0025601278, -0.0025441844, -0.0025265026, -0.0025120717, -0.0025074983, -0.002501946, -0.0024965154, -0.0024939624, -0.0024932283, -0.002499869, -0.0025041988, -0.0025119886, -0.0025212588, -0.0025358307, -0.0025444736, -0.0025611531, -0.002576444, -0.002584382, -0.0026020822, -0.0026199257, -0.0026334529, -0.002638306, -0.002646073, -0.0026523012, -0.0026544838, -0.0026545878, -0.002645519, -0.0026372953, -0.0026156958, -0.0025903943, -0.0025623888, -0.0025467894, -0.002509604, -0.002462668, -0.0024362076, -0.002381024, -0.0023300145, -0.0022908582, -0.0022770057, -0.0022607932, -0.0022563208, -0.0022565245, -0.0022573848, -0.00225403, -0.002249328, -0.0022324864, -0.00220524, -0.0021682335, -0.0021465488, -0.0020978036, -0.0020430442, -0.002013709, -0.001951472, -0.0018843269, -0.0018116257, -0.0017729882, -0.0016916126, -0.0016106659, -0.0015765023, -0.0015510928, -0.0016433926
0, 0, 0, 0, 0, 0, 0, 0, 0, 0, 0, 0, 0, 0, 0, 0, 0, 0, 0, 0, 0, 0, 0, 0, 0, 0, 0, 0, 0, 0, 0, 0, 0, 0, 0, 0, 0, 0, 0, 0, 0, 0, 0, 0, 0, -0.0021714661, -0.0019089127, -0.001783926, -0.0017764795, -0.0018138426, -0.0018744144, -0.0019339784, -0.0019612112, -0.0020104442, -0.0020533344, -0.0020727098, -0.0021081122, -0.002142464, -0.002160426, -0.002201066, -0.0022497568, -0.0023072811, -0.0023390339, -0.002407968, -0.0024809462, -0.0025168965, -0.0025830225, -0.0026363693, -0.0026756064, -0.0026906398, -0.0027137497, -0.002729412, -0.0027350364, -0.0027428253, -0.0027491618, -0.0027545132, -0.0027561025, -0.0027538207, -0.0027433743, -0.0027361042, -0.0027208403, -0.0027079785, -0.0027029885, -0.0026941083, -0.0026818854, -0.0026612247, -0.002648076, -0.0026222218, -0.0026027595, -0.0025947911, -0.0025783724, -0.0025600295, -0.002544452, -0.0025393704, -0.0025335439, -0.0025283564, -0.0025254488, -0.002522647, -0.0025270323, -0.0025310623, -0.002539347, -0.0025481698, -0.0025608076, -0.0025685704, -0.0025845577, -0.0025995912, -0.002606996, -0.0026234665, -0.0026402397, -0.0026531338, -0.0026576708, -0.0026645449, -0.0026698862, -0.0026717144, -0.002671045, -0.0026613455, -0.0026526789, -0.0026304112, -0.0026045218, -0.0025758694, -0.0025598905, -0.0025221657, -0.0024746929, -0.0024479711, -0.0023922885, -0.0023407477, -0.0023011412, -0.0022871136, -0.002270484, -0.0022655663, -0.0022655707, -0.0022660564, -0.0022623064, -0.0022573946, -0.0022401325, -0.0022125118, -0.0021751458, -0.0021532609, -0.0021041147, -0.0020490286, -0.0020195064, -0.001956878, -0.0018893122, -0.0018162775, -0.0017774157, -0.0016956546, -0.001614248, -0.0015798423, -0.0015540144, -0.0016461394
0, 0, 0, 0, 0, 0, 0, 0, 0, 0, 0, 0, 0, 0, 0, 0, 0, 0, 0, 0, 0, 0, 0, 0, 0, 0, 0, 0, 0, 0, 0, 0, 0, 0, 0, 0, 0, 0, 0, 0, 0, 0, 0, 0, 0, -0.0026279176, -0.002036061, -0.00175693, -0.0017127862, -0.001721107, -0.0017818275, -0.0018508842, -0.0018837746, -0.0019441185, -0.0019972231, -0.002021682, -0.0020680092, -0.0021141898, -0.0021385867, -0.0021914237, -0.002249645, -0.0023118695, -0.0023439324, -0.0024091625, -0.0024734477, -0.0025035301, -0.0025562525, -0.0025970007, -0.0026267925, -0.0026388138, -0.0026598142, -0.0026786327, -0.0026877942, -0.0027068148, -0.0027285765, -0.0027523185, -0.002763116, -0.0027765266, -0.002775047, -0.0027690628, -0.0027518875, -0.0027362618, -0.002731106, -0.0027243916, -0.0027147925, -0.0026960936, -0.0026836514, -0.0026589157, -0.002639154, -0.0026306598, -0.0026130404, -0.002594195, -0.0025773412, -0.002571331, -0.0025642714, -0.0025597396, -0.002557256, -0.002553591, -0.0025555245, -0.0025584837, -0.0025662668, -0.0025752056, -0.0025869773, -0.0025939, -0.0026084252, -0.0026226784, -0.0026298843, -0.0026456085, -0.0026613004, -0.0026730946, -0.002677247, -0.002683475, -0.00268802, -0.0026892917, -0.0026878219, -0.002677525, -0.0026685544, -0.0026453787, -0.0026188523, -0.0025896668, -0.0025733267, -0.0025349488, -0.002487012, -0.0024599512, -0.0024037748, -0.0023517394, -0.0023116728, -0.00229743, -0.0022803505, -0.002274985, -0.0022747533, -0.0022748813, -0.0022706704, -0.0022655868, -0.002247951, -0.0022199105, -0.0021821759, -0.0021601066, -0.002110555, -0.002055052, -0.0020253698, -0.0019623598, -0.0018944768, -0.0018209771, -0.0017819217, -0.0016997418, -0.0016178798, -0.0015832464, -0.0015570214, -0.0016489505
0, 0, 0, 0, 0, 0, 0, 0, 0, 0, 0, 0, 0, 0, 0, 0, 0, 0, 0, 0, 0, 0, 0, 0, 0, 0, 0, 0, 0, 0, 0, 0, 0, 0, 0, 0, 0, 0, 0, 0, 0, 0, 0, 0, 0, 0, -0.002062906, -0.0016847024, -0.0016140626, -0.0016106726, -0.0016839982, -0.0017710807, -0.0018129658, -0.0018897607, -0.0019584396, -0.0019903136, -0.0020517802, -0.002113047, -0.0021444622, -0.002208719, -0.0022727335, -0.002333984, -0.0023630557, -0.0024177001, -0.0024665971, -0.002487866, -0.0025229286, -0.0025479968, -0.0025662414, -0.0025745607, -0.00259194, -0.0026137184, -0.0026265616, -0.0026567595, -0.0026938755, -0.0027362036, -0.0027566592, -0.002788222, -0.0027992977, -0.0027970222, -0.0027833704, -0.0027691624, -0.0027643826, -0.002757723, -0.0027472803, -0.0027284587, -0.0027166775, -0.0026937767, -0.0026745796, -0.0026657418, -0.002647869, -0.0026292508, -0.0026114243, -0.0026041623, -0.0025947774, -0.0025901806, -0.0025882437, -0.002585078, -0.002585503, -0.0025873787, -0.002593362, -0.00260214, -0.002613516, -0.0026199517, -0.0026332568, -0.0026462877, -0.0026530095, -0.002667957, -0.0026829392, -0.0026937714, -0.0026972883, -0.0027025836, -0.0027066006, -0.0027075184, -0.0027049272, -0.0026938594, -0.0026847345, -0.0026608235, -0.002633377, -0.002603752, -0.0025871003, -0.0025480124, -0.0024995308, -0.0024722174, -0.0024154086, -0.00236298, -0.0023224119, -0.0023079498, -0.002290375, -0.0022845997, -0.0022841755, -0.0022838365, -0.0022792406, -0.0022739272, -0.0022558842, -0.0022274575, -0.0021893107, -0.002167057, -0.002117129, -0.002061221, -0.002031343, -0.0019679721, -0.0018996828, -0.0018257754, -0.0017865099, -0.0017038718, -0.0016215825, -0.0015867226, -0.0015600568, -0.0016518213
0, 0, 0, 0, 0, 0, 0, 0, 0, 0, 0, 0, 0, 0, 0, 0, 0, 0, 0, 0, 0, 0, 0, 0, 0, 0, 0, 0, 0, 0, 0, 0, 0, 0, 0, 0, 0, 0, 0, 0, 0, 0, 0, 0, 0, 0, -0.0019819054, -0.0016180901, -0.0015453441, -0.0015454268, -0.0016302601, -0.0017324624, -0.0017819561, -0.0018742789, -0.0019574512, -0.001996615, -0.002072049, -0.0021454424, -0.0021815896, -0.0022512227, -0.0023143839, -0.0023689438, -0.0023926275, -0.0024336802, -0.0024655897, -0.0024776533, -0.0024947424, -0.002504261, -0.0025114976, -0.0025159703, -0.002529982, -0.002553158, -0.0025681024, -0.0026056203, -0.0026541632, -0.0027114502, -0.0027401815, -0.0027876473, -0.0028119609, -0.0028151611, -0.0028106926, -0.0028024984, -0.0027993282, -0.0027929004, -0.0027805546, -0.0027607402, -0.0027492347, -0.0027270922, -0.0027078928, -0.0026987356, -0.0026810754, -0.002663951, -0.0026465994, -0.0026385784, -0.0026265897, -0.002620054, -0.0026181017, -0.0026159973, -0.0026164295, -0.0026176253, -0.0026217361, -0.002629224, -0.0026400206, -0.0026462474, -0.0026588659, -0.0026706452, -0.002676775, -0.0026905686, -0.002704792, -0.002715041, -0.0027180144, -0.0027220375, -0.002725358, -0.0027260054, -0.002722616, -0.0027105396, -0.0027009947, -0.0026765808, -0.0026483801, -0.0026179724, -0.002601102, -0.002561382, -0.0025123444, -0.0024847307, -0.0024273102, -0.002374414, -0.002333325, -0.0023186032, -0.002300608, -0.0022944158, -0.0022937737, -0.0022929874, -0.0022879653, -0.0022824416, -0.0022639602, -0.0022351423, -0.0021965543, -0.0021741018, -0.0021238083, -0.0020674933, -0.0020374304, -0.0019736795, -0.0019049417, -0.0018306512, -0.001791184, -0.0017080833, -0.0016253307, -0.0015902456, -0.0015631655, -0.0016547287
0, 0, 0, 0, 0, 0, 0, 0, 0, 0, 0, 0, 0, 0, 0, 0, 0, 0, 0, 0, 0, 0, 0, 0, 0, 0, 0, 0, 0, 0, 0, 0, 0, 0, 0, 0, 0, 0, 0, 0, 0, 0, 0, 0, 0, 0, 0, -0.0017385567, -0.0016612187, -0.0016044785, -0.0016567903, -0.0017528024, -0.0018041423, -0.0019035835, -0.0019956746, -0.0020391957, -0.002122992, -0.0022016622, -0.002238669, -0.002305721, -0.0023617344, -0.0024056148, -0.0024234888, -0.0024511896, -0.0024685753, -0.002473671, -0.002477068, -0.0024761672, -0.0024769674, -0.0024797185, -0.0024921019, -0.0025143998, -0.0025294274, -0.002568732, -0.0026226335, -0.002688206, -0.0027217134, -0.0027793269, -0.0028147066, -0.0028238578, -0.0028305452, -0.0028308323, -0.0028301568, -0.002825463, -0.002813183, -0.0027936255, -0.002782494, -0.0027603824, -0.0027400572, -0.0027302175, -0.0027121138, -0.002696289, -0.0026809876, -0.0026734858, -0.0026602228, -0.002651266, -0.0026485086, -0.0026460178, -0.002646806, -0.0026479186, -0.0026513303, -0.002657446, -0.0026667586, -0.0026724797, -0.002684564, -0.0026957907, -0.0027013852, -0.0027137839, -0.0027269197, -0.002736526, -0.0027391897, -0.0027421091, -0.0027443736, -0.0027447534, -0.0027406404, -0.0027276326, -0.0027176877, -0.0026925874, -0.0026636585, -0.0026325497, -0.0026153757, -0.0025749758, -0.0025253182, -0.0024974518, -0.002439513, -0.0023860473, -0.0023444807, -0.0023295074, -0.0023110695, -0.0023043742, -0.0023035058, -0.002302327, -0.0022968221, -0.0022910964, -0.0022722308, -0.002242899, -0.0022039684, -0.0021812927, -0.002130575, -0.002073903, -0.0020436388, -0.0019794616, -0.0019103463, -0.0018355956, -0.0017959346, -0.001712395, -0.0016291296, -0.0015938082, -0.0015662959, -0.001657684
0, 0, 0, 0, 0, 0, 0, 0, 0, 0, 0, 0, 0, 0, 0, 0, 0, 0, 0, 0, 0, 0, 0, 0, 0, 0, 0, 0, 0, 0, 0, 0, 0, 0, 0, 0, 0, 0, 0, 0, 0, 0, 0, 0, 0, 0, 0, -0.0024150505, -0.0021251494, -0.0017899952, -0.0017431534, -0.0018141294, -0.001862731, -0.0019616433, -0.0020549435, -0.0020992733, -0.0021834117, -0.0022595604, -0.00229352, -0.00235135, -0.0023956136, -0.002427685, -0.002440022, -0.0024581854, -0.0024675888, -0.0024693299, -0.0024680549, -0.0024650632, -0.002466512, -0.0024699431, -0.0024830883, -0.0025046063, -0.0025189633, -0.0025574132, -0.002611715, -0.0026785727, -0.002712982, -0.0027735792, -0.0028151032, -0.0028284655, -0.0028439981, -0.0028511554, -0.0028527805, -0.0028513751, -0.0028417732, -0.0028248508, -0.0028147453, -0.0027938988, -0.0027729443, -0.0027623114, -0.0027423557, -0.0027265663, -0.002713273, -0.0027067207, -0.002694142, -0.00268408, -0.0026805303, -0.0026767843, -0.0026767023, -0.0026776437, -0.002680937, -0.002686543, -0.0026946452, -0.0026996378, -0.002710277, -0.00272098, -0.0027264382, -0.002737841, -0.0027494205, -0.0027582203, -0.0027606534, -0.002762717, -0.0027637542, -0.002763698, -0.0027590503, -0.002745103, -0.002734688, -0.0027088954, -0.0026792677, -0.0026473473, -0.0026299206, -0.0025889324, -0.0025385157, -0.0025104405, -0.0024519188, -0.0023978974, -0.002355845, -0.002340615, -0.0023217143, -0.002314569, -0.0023134449, -0.0023117822, -0.0023058401, -0.002299895, -0.0022806148, -0.002250858, -0.002211493, -0.0021886076, -0.0021374722, -0.002080407, -0.0020499108, -0.0019853255, -0.0019157896, -0.001840646, -0.0018007497, -0.0017167242, -0.0016330022, -0.0015974281, -0.0015694684, -0.0016606771
0, 0, 0, 0, 0, 0, 0, 0, 0, 0, 0, 0, 0, 0, 0, 0, 0, 0, 0, 0, 0, 0, 0, 0, 0, 0, 0, 0, 0, 0, 0, 0, 0, 0, 0, 0, 0, 0, 0, 0, 0, 0, 0, 0, 0, 0, 0, -0.0034568894, -0.0026393791, -0.0019455012, -0.0018267749, -0.0018816793, -0.0019264815, -0.0020195153, -0.0021063306, -0.0021473304, -0.0022240991, -0.0022908507, -0.0023191806, -0.0023647556, -0.0023966506, -0.002419076, -0.002428002, -0.0024423257, -0.0024515896, -0.002454396, -0.0024575586, -0.0024612423, -0.0024701513, -0.0024771781, -0.0024956302, -0.0025198471, -0.0025348405, -0.00257296, -0.0026250123, -0.0026882805, -0.0027206906, -0.0027791294, -0.002821812, -0.0028366346, -0.0028557132, -0.0028658025, -0.0028687066, -0.0028703534, -0.0028643024, -0.0028511023, -0.0028428428, -0.0028252695, -0.002805918, -0.0027951617, -0.0027737985, -0.0027570387, -0.0027441422, -0.0027380576, -0.0027265025, -0.002717074, -0.0027134863, -0.002708822, -0.0027072807, -0.002707677, -0.0027104265, -0.0027155401, -0.0027232247, -0.0027276867, -0.0027366371, -0.0027462505, -0.0027515162, -0.0027623114, -0.0027725948, -0.0027802116, -0.0027823336, -0.0027836827, -0.0027836487, -0.002783045, -0.0027776752, -0.0027629428, -0.0027520657, -0.002725487, -0.002695194, -0.0026625155, -0.0026446655, -0.0026031332, -0.0025520257, -0.0025235962, -0.0024646018, -0.0024099662, -0.002367421, -0.002351941, -0.0023325153, -0.002324879, -0.0023235744, -0.0023214421, -0.0023150689, -0.0023088653, -0.0022891087, -0.0022589369, -0.0022191468, -0.0021960451, -0.002144508, -0.0020870047, -0.0020563174, -0.0019913267, -0.0019213422, -0.001845751, -0.0018056412, -0.001721169, -0.001636907, -0.0016010937, -0.0015727027, -0.001663718
0, 0, 0, 0, 0, 0, 0, 0, 0, 0, 0, 0, 0, 0, 0, 0, 0, 0, 0, 0, 0, 0, 0, 0, 0, 0, 0, 0, 0, 0, 0, 0, 0, 0, 0, 0, 0, 0, 0, 0, 0, 0, 0, 0, 0, 0, 0, 0, -0.0022371395, -0.0020084132, -0.0019082007, -0.0019363646, -0.001970064, -0.002046361, -0.002120684, -0.0021556234, -0.00222058, -0.002275008, -0.0022972052, -0.0023313125, -0.002354639, -0.002372911, -0.002381384, -0.0023978325, -0.0024129697, -0.0024200263, -0.002433964, -0.0024507823, -0.0024730798, -0.0024862075, -0.0025153714, -0.0025471118, -0.0025646086, -0.0026054257, -0.002656403, -0.0027150072, -0.0027445217, -0.0027976246, -0.0028367036, -0.0028506333, -0.0028691478, -0.0028799248, -0.0028833174, -0.0028859864, -0.0028819526, -0.0028723713, -0.0028662859, -0.0028529032, -0.0028362034, -0.0028261954, -0.0028057718, -0.002789071, -0.0027754512, -0.0027691151, -0.0027578908, -0.0027494056, -0.0027460775, -0.0027409592, -0.002738934, -0.0027389645, -0.0027401862, -0.00274433, -0.002751996, -0.0027561556, -0.002763689, -0.0027719582, -0.0027768489, -0.0027870857, -0.0027962443, -0.0028026088, -0.0028043215, -0.0028050314, -0.002803932, -0.0028028064, -0.0027966185, -0.002781183, -0.002769821, -0.002742315, -0.0027114386, -0.0026780039, -0.002659751, -0.00261755, -0.0025658414, -0.0025370456, -0.0024775139, -0.0024222746, -0.0023792188, -0.00236348, -0.0023435273, -0.0023354697, -0.0023338404, -0.0023312753, -0.0023244002, -0.0023180153, -0.0022977619, -0.002267147, -0.0022269012, -0.0022035975, -0.0021516625, -0.0020937142, -0.002062815, -0.0019973777, -0.0019269821, -0.0018509848, -0.0018106006, -0.001725635, -0.0016409083, -0.0016048299, -0.0015760218, -0.001666802
0, 0, 0, 0, 0, 0, 0, 0, 0, 0, 0, 0, 0, 0, 0, 0, 0, 0, 0, 0, 0, 0, 0, 0, 0, 0, 0, 0, 0, 0, 0, 0, 0, 0, 0, 0, 0, 0, 0, 0, 0, 0, 0, 0, 0, 0, 0, 0, -0.0030160898, -0.0024331098, -0.0020467287, -0.001961205, -0.0019698467, -0.0020208675, -0.002082389, -0.0021123902, -0.002167568, -0.0022129333, -0.0022309658, -0.0022586456, -0.0022796188, -0.0022995376, -0.0023101582, -0.0023327733, -0.0023566145, -0.0023692006, -0.0023966336, -0.0024289372, -0.002466933, -0.0024874483, -0.0025297145, -0.002572596, -0.002594558, -0.0026416832, -0.0026939744, -0.002749159, -0.0027754689, -0.0028213817, -0.0028550613, -0.0028675145, -0.0028857752, -0.002897025, -0.0029002472, -0.0029018067, -0.002897961, -0.0028912919, -0.002887187, -0.0028771153, -0.0028630884, -0.0028545244, -0.0028371606, -0.0028216, -0.0028070493, -0.0028004318, -0.0027896203, -0.0027816154, -0.0027780475, -0.0027727366, -0.0027709652, -0.0027707878, -0.002770617, -0.0027733834, -0.0027808005, -0.0027848284, -0.0027913605, -0.0027980066, -0.0028022854, -0.0028120435, -0.0028204748, -0.0028254013, -0.0028264723, -0.002826613, -0.0028246986, -0.002822943, -0.002815717, -0.002799742, -0.0027879516, -0.0027594813, -0.0027279449, -0.0026938044, -0.0026750835, -0.0026322748, -0.0025799277, -0.0025507465, -0.002490633, -0.0024348376, -0.0023911914, -0.0023752777, -0.0023547728, -0.0023461578, -0.0023443343, -0.0023412686, -0.0023339202, -0.0023272897, -0.0023065698, -0.0022754779, -0.0022348387, -0.0022113035, -0.002158916, -0.002100483, -0.0020693715, -0.0020035447, -0.0019327003, -0.001856272, -0.001815645, -0.0017302143, -0.0016450121, -0.0016086642, -0.0015793531, -0.0016699381
0, 0, 0, 0, 0, 0, 0, 0, 0, 0, 0, 0, 0, 0, 0, 0, 0, 0, 0, 0, 0, 0, 0, 0, 0, 0, 0, 0, 0, 0, 0, 0, 0, 0, 0, 0, 0, 0, 0, 0, 0, 0, 0, 0, 0, 0, 0, 0, -0.00451994, -0.0029049683, -0.0020874382, -0.0019060661, -0.0018989767, -0.0019389498, -0.0019985586, -0.0020280213, -0.0020810158, -0.0021235768, -0.0021405136, -0.002168329, -0.0021926572, -0.0022187976, -0.0022330685, -0.0022636834, -0.002296572, -0.0023145096, -0.0023547073, -0.0024017117, -0.0024544797, -0.0024819574, -0.0025371367, -0.0025911126, -0.0026179685, -0.0026722045, -0.0027267237, -0.00277851, -0.0028016933, -0.0028406698, -0.0028700095, -0.0028822045, -0.0029021255, -0.0029153675, -0.0029188981, -0.0029201023, -0.0029161538, -0.0029107672, -0.0029074054, -0.002898994, -0.0028877088, -0.0028811512, -0.0028673112, -0.0028533703, -0.002839037, -0.0028324728, -0.0028220164, -0.0028135064, -0.0028095925, -0.0028044991, -0.002803131, -0.002802859, -0.002801409, -0.002802765, -0.0028095338, -0.0028134233, -0.0028194988, -0.0028246937, -0.0028281037, -0.0028369953, -0.0028450645, -0.0028487137, -0.0028491367, -0.0028483246, -0.0028457874, -0.002843583, -0.002835256, -0.0028184855, -0.0028063732, -0.0027769913, -0.0027447054, -0.002709876, -0.0026908058, -0.0026471869, -0.0025942917, -0.0025647853, -0.0025039206, -0.0024476578, -0.002403369, -0.0023872026, -0.002366216, -0.002357079, -0.0023549977, -0.002351425, -0.0023436116, -0.002336713, -0.0023155345, -0.0022840255, -0.0022428709, -0.0022191226, -0.0021662957, -0.0021074219, -0.002076061, -0.0020098048, -0.0019385491, -0.0018616159, -0.0018207591, -0.001734893, -0.0016491257, -0.001612538, -0.0015827316, -0.0016731335
0, 0, 0, 0, 0, 0, 0, 0, 0, 0, 0, 0, 0, 0, 0, 0, 0, 0, 0, 0, 0, 0, 0, 0, 0, 0, 0, 0, 0, 0, 0, 0, 0, 0, 0, 0, 0, 0, 0, 0, 0, 0, 0, 0, 0, 0, 0, 0, 0, -0.0022005013, -0.00191632, -0.0017877968, -0.0017832723, -0.0018287157, -0.0018960711, -0.0019290606, -0.0019873916, -0.0020339896, -0.00205304, -0.0020865407, -0.0021184767, -0.0021534283, -0.002172061, -0.0022105533, -0.0022513655, -0.0022734196, -0.0023233795, -0.0023815376, -0.002444915, -0.0024773206, -0.0025411877, -0.002602796, -0.0026330855, -0.0026920245, -0.002747152, -0.0027946788, -0.0028149674, -0.0028491889, -0.0028777553, -0.0028909992, -0.0029149707, -0.0029322025, -0.0029371937, -0.0029399828, -0.0029371716, -0.002932187, -0.002928966, -0.0029211582, -0.0029120534, -0.0029069418, -0.002895712, -0.0028836615, -0.002871204, -0.0028653787, -0.0028551177, -0.0028454717, -0.002841137, -0.0028358914, -0.0028350188, -0.0028347825, -0.0028329366, -0.0028328344, -0.0028380505, -0.0028417492, -0.002847915, -0.0028519726, -0.0028545053, -0.0028621736, -0.0028697874, -0.0028724815, -0.0028722063, -0.0028704118, -0.00286724, -0.0028645026, -0.0028550823, -0.0028375925, -0.0028251647, -0.002794902, -0.0027617079, -0.0027262603, -0.0027068192, -0.002662369, -0.0026088648, -0.0025790434, -0.0025175135, -0.0024606606, -0.0024158014, -0.0023992662, -0.0023778437, -0.0023682017, -0.002365861, -0.0023617514, -0.0023534705, -0.0023463338, -0.0023246408, -0.0022926715, -0.0022510148, -0.0022270533, -0.002173754, -0.0021144901, -0.0020828934, -0.0020161702, -0.0019444907, -0.0018670649, -0.0018260002, -0.0017395606, -0.0016532822, -0.0016164198, -0.0015862032, -0.0016763872
0, 0, 0, 0, 0, 0, 0, 0, 0, 0, 0, 0, 0, 0, 0, 0, 0, 0, 0, 0, 0, 0, 0, 0, 0, 0, 0, 0, 0, 0, 0, 0, 0, 0, 0, 0, 0, 0, 0, 0, 0, 0, 0, 0, 0, 0, 0, 0, 0, -0.0025324372, -0.0019479331, -0.0017130516, -0.0016915577, -0.0017317896, -0.0018075433, -0.0018455809, -0.0019132739, -0.0019683687, -0.0019922364, -0.002035735, -0.0020786587, -0.002124114, -0.00214737, -0.0021938994, -0.002240787, -0.0022656627, -0.0023206964, -0.0023838347, -0.0024515104, -0.0024853768, -0.0025512413, -0.0026139321, -0.0026442213, -0.0027019952, -0.0027531474, -0.0027950827, -0.0028130787, -0.0028457583, -0.002877359, -0.0028931373, -0.0029227976, -0.0029450117, -0.002952208, -0.0029591944, -0.0029594393, -0.002955814, -0.0029529089, -0.002945875, -0.002938071, -0.0029334547, -0.0029229284, -0.002912373, -0.0029026999, -0.0028981208, -0.0028887466, -0.0028781604, -0.0028734184, -0.0028673825, -0.0028661918, -0.002865998, -0.002864616, -0.0028636635, -0.0028668635, -0.0028699948, -0.002876131, -0.0028796503, -0.0028814108, -0.0028876374, -0.002894619, -0.0028966446, -0.0028957853, -0.0028927273, -0.0028889223, -0.0028858867, -0.0028754035, -0.0028568509, -0.0028441465, -0.0028132573, -0.0027789478, -0.0027428905, -0.0027231479, -0.0026779072, -0.0026236712, -0.0025935841, -0.0025313792, -0.0024738733, -0.0024284567, -0.0024116556, -0.002389704, -0.0023794891, -0.0023769028, -0.0023722677, -0.0023634431, -0.0023561148, -0.002333929, -0.0023014394, -0.0022593164, -0.00223511, -0.0021813523, -0.0021216762, -0.0020898709, -0.0020226473, -0.0019504821, -0.0018726056, -0.0018313032, -0.001744374, -0.0016575166, -0.001620393, -0.001589709, -0.0016796918
0, 0, 0, 0, 0, 0, 0, 0, 0, 0, 0, 0, 0, 0, 0, 0, 0, 0, 0, 0, 0, 0, 0, 0, 0, 0, 0, 0, 0, 0, 0, 0, 0, 0, 0, 0, 0, 0, 0, 0, 0, 0, 0, 0, 0, 0, 0, 0, 0, 0, -0.0019363672, -0.0016741978, -0.0016426587, -0.001674698, -0.0017530437, -0.0017947038, -0.0018717382, -0.0019383583, -0.0019685281, -0.0020256753, -0.0020815702, -0.0021381944, -0.0021662633, -0.0022200197, -0.002271689, -0.0022978312, -0.0023538298, -0.0024162384, -0.0024813744, -0.002513481, -0.0025744103, -0.0026305178, -0.0026569897, -0.002706762, -0.0027504882, -0.002787604, -0.0028047345, -0.0028385404, -0.0028740673, -0.002892174, -0.0029263464, -0.0029532851, -0.002963017, -0.002975287, -0.0029797559, -0.0029794448, -0.0029777836, -0.0029732122, -0.0029669662, -0.0029623362, -0.002951084, -0.0029406226, -0.0029330486, -0.0029296533, -0.002921593, -0.0029117141, -0.002906791, -0.0028996095, -0.0028969075, -0.0028966353, -0.0028959797, -0.0028948877, -0.0028962027, -0.0028985306, -0.0029043136, -0.0029075157, -0.0029087476, -0.0029134564, -0.0029195703, -0.002921181, -0.0029198045, -0.0029153752, -0.0029107928, -0.0029075071, -0.0028961462, -0.0028764564, -0.002863393, -0.0028318232, -0.0027966371, -0.0027597647, -0.0027397096, -0.0026937108, -0.002638725, -0.0026083495, -0.00254546, -0.0024873416, -0.0024413744, -0.0024242622, -0.0024017103, -0.0023909798, -0.0023881278, -0.0023829606, -0.0023736209, -0.0023660199, -0.0023433475, -0.002310341, -0.0022677577, -0.0022433398, -0.0021891128, -0.0021289412, -0.0020968898, -0.0020292257, -0.0019565946, -0.0018782149, -0.0018366544, -0.0017492493, -0.0016618517, -0.0016244533, -0.0015932375, -0.0016830321
0, 0, 0, 0, 0, 0, 0, 0, 0, 0, 0, 0, 0, 0, 0, 0, 0, 0, 0, 0, 0, 0, 0, 0, 0, 0, 0, 0, 0, 0, 0, 0, 0, 0, 0, 0, 0, 0, 0, 0, 0, 0, 0, 0, 0, 0, 0, 0, 0, 0, -0.001932677, -0.0017381965, -0.0016799046, -0.00166976, -0.0017355419, -0.0017776117, -0.0018633108, -0.0019437395, -0.0019814016, -0.002053283, -0.0021222562, -0.0021882998, -0.0022200677, -0.002279456, -0.0023343659, -0.002361119, -0.0024158189, -0.0024733895, -0.0025309755, -0.002558347, -0.00260808, -0.002651479, -0.0026717149, -0.0027102984, -0.0027470076, -0.0027827097, -0.0028004842, -0.0028372104, -0.002875404, -0.0028946858, -0.0029310184, -0.002961179, -0.002973049, -0.0029895888, -0.0029982592, -0.0030014664, -0.0030016461, -0.0030004247, -0.0029964345, -0.0029925155, -0.0029817503, -0.0029711903, -0.0029631592, -0.002959808, -0.00295301, -0.002945106, -0.0029407055, -0.0029325522, -0.00292802, -0.0029273487, -0.0029270146, -0.0029259743, -0.002926181, -0.0029276796, -0.0029323597, -0.0029355169, -0.002936568, -0.002939835, -0.0029445763, -0.002945906, -0.0029442518, -0.0029385441, -0.002932861, -0.0029293112, -0.00291728, -0.0028964966, -0.0028829025, -0.002850674, -0.0028146463, -0.002776964, -0.002756551, -0.0027098202, -0.0026540353, -0.0026233084, -0.0025598102, -0.0025009764, -0.0024545416, -0.0024371236, -0.0024139083, -0.0024026579, -0.0023995137, -0.0023938215, -0.0023839793, -0.0023760903, -0.0023529157, -0.002319437, -0.002276341, -0.0022516819, -0.0021970023, -0.0021362917, -0.0021040428, -0.0020359142, -0.001962786, -0.0018839482, -0.0018421167, -0.001754173, -0.0016662517, -0.0016285552, -0.0015968459, -0.0016863933
0, 0, 0, 0, 0, 0, 0, 0, 0, 0, 0, 0, 0, 0, 0, 0, 0, 0, 0, 0, 0, 0, 0, 0, 0, 0, 0, 0, 0, 0, 0, 0, 0, 0, 0, 0, 0, 0, 0, 0, 0, 0, 0, 0, 0, 0, 0, 0, 0, 0, -0.002523346, -0.0019584794, -0.0017980529, -0.0016951087, -0.001739328, -0.0017820088, -0.0018774893, -0.0019723247, -0.0020174433, -0.002103019, -0.0021816865, -0.002253879, -0.002287508, -0.0023500393, -0.0024066332, -0.0024336884, -0.0024862206, -0.0025373413, -0.0025847182, -0.0026060066, -0.0026424425, -0.0026730855, -0.002687685, -0.0027184226, -0.0027527434, -0.0027902436, -0.0028097166, -0.0028488298, -0.0028868755, -0.0029051632, -0.0029403004, -0.0029716627, -0.0029847317, -0.0030048322, -0.003017289, -0.0030239746, -0.0030255741, -0.0030266677, -0.0030248344, -0.0030221376, -0.003013552, -0.0030033812, -0.0029943273, -0.0029905476, -0.002984283, -0.0029779023, -0.0029739253, -0.0029656072, -0.0029599492, -0.0029586449, -0.0029577373, -0.0029568952, -0.0029567434, -0.002957394, -0.002960424, -0.0029634188, -0.002964465, -0.0029668177, -0.0029699786, -0.0029707581, -0.0029688487, -0.0029623108, -0.002955278, -0.002951342, -0.0029387376, -0.0029168946, -0.0029028156, -0.002869852, -0.0028330558, -0.002794367, -0.0027735794, -0.0027262361, -0.0026695582, -0.0026384764, -0.0025744436, -0.0025148843, -0.002467823, -0.002450149, -0.0024263053, -0.002414523, -0.0024111043, -0.0024048705, -0.0023944867, -0.002386326, -0.002362638, -0.002328655, -0.0022850588, -0.002260126, -0.002204958, -0.0021438173, -0.0021113243, -0.002042684, -0.0019690658, -0.0018897784, -0.0018476878, -0.001759166, -0.0016706989, -0.0016327213, -0.0016004922, -0.0016898551
0, 0, 0, 0, 0, 0, 0, 0, 0, 0, 0, 0, 0, 0, 0, 0, 0, 0, 0, 0, 0, 0, 0, 0, 0, 0, 0, 0, 0, 0, 0, 0, 0, 0, 0, 0, 0, 0, 0, 0, 0, 0, 0, 0, 0, 0, 0, 0, 0, 0, 0, -0.0020310523, -0.001847919, -0.0017144186, -0.0017497449, -0.0017936327, -0.0018981044, -0.002005068, -0.0020558846, -0.0021501018, -0.002233792, -0.0023082383, -0.0023422278, -0.0024050637, -0.0024615095, -0.0024876157, -0.0025362847, -0.0025802886, -0.0026183259, -0.0026345884, -0.0026623704, -0.00268731, -0.0027007281, -0.0027324252, -0.00277153, -0.0028148734, -0.0028365634, -0.0028768913, -0.0029122247, -0.0029284554, -0.0029599234, -0.0029890216, -0.0030017602, -0.0030224565, -0.0030366, -0.0030460027, -0.0030490027, -0.0030529452, -0.0030538053, -0.0030523553, -0.0030458411, -0.0030361032, -0.0030262186, -0.0030220936, -0.0030157946, -0.0030102602, -0.003006759, -0.0029989043, -0.0029926118, -0.0029904381, -0.002988304, -0.0029876337, -0.0029876865, -0.0029877708, -0.0029890265, -0.0029913438, -0.0029924188, -0.0029942521, -0.002996029, -0.0029956945, -0.0029936987, -0.0029864619, -0.0029781875, -0.002973742, -0.0029604489, -0.002937748, -0.002923112, -0.0028892811, -0.002851777, -0.0028121083, -0.0027908918, -0.0027428712, -0.0026855017, -0.0026539566, -0.0025892304, -0.0025290567, -0.002481306, -0.0024633843, -0.0024389578, -0.0024265633, -0.0024228634, -0.002416096, -0.002405177, -0.0023967326, -0.00237253, -0.0023380092, -0.0022939425, -0.0022687614, -0.0022130453, -0.0021514304, -0.002118706, -0.002049587, -0.0019754916, -0.0018956457, -0.001853301, -0.0017642676, -0.001675199, -0.0016369239, -0.0016042315, -0.0016933731
0, 0, 0, 0, 0, 0, 0, 0, 0, 0, 0, 0, 0, 0, 0, 0, 0, 0, 0, 0, 0, 0, 0, 0, 0, 0, 0, 0, 0, 0, 0, 0, 0, 0, 0, 0, 0, 0, 0, 0, 0, 0, 0, 0, 0, 0, 0, 0, 0, 0, 0, -0.00203307, -0.0019303911, -0.0017735118, -0.0017740072, -0.0018115615, -0.0019157801, -0.0020275007, -0.0020804666, -0.0021764995, -0.0022595106, -0.0023316625, -0.0023641821, -0.0024241416, -0.0024768678, -0.0025007124, -0.0025434152, -0.0025808073, -0.0026137594, -0.0026286887, -0.0026568708, -0.002686974, -0.0027045184, -0.0027468407, -0.0027969913, -0.002848572, -0.002872729, -0.0029148196, -0.0029489044, -0.002964122, -0.0029927234, -0.0030181129, -0.0030289667, -0.0030462595, -0.0030584456, -0.0030680045, -0.0030718578, -0.003078322, -0.0030821303, -0.0030823285, -0.0030783908, -0.0030698546, -0.0030597239, -0.0030550312, -0.0030480418, -0.0030422064, -0.003038917, -0.0030319158, -0.0030258207, -0.0030232233, -0.003019491, -0.003018232, -0.0030185014, -0.003018521, -0.0030183988, -0.0030193792, -0.0030204235, -0.0030220803, -0.0030226726, -0.0030210775, -0.0030187448, -0.003010906, -0.0030015775, -0.0029965567, -0.0029824795, -0.0029590027, -0.0029437463, -0.0029089367, -0.0028707841, -0.0028301734, -0.0028084945, -0.0027597584, -0.0027016457, -0.002669695, -0.0026042494, -0.0025434897, -0.0024949946, -0.0024767288, -0.002451821, -0.002438814, -0.0024348476, -0.0024274872, -0.0024159816, -0.0024072756, -0.0023825727, -0.0023475161, -0.0023029442, -0.0022774981, -0.0022212947, -0.0021591529, -0.0021261892, -0.0020566199, -0.0019820104, -0.0019016104, -0.001859027, -0.0017694281, -0.001679771, -0.0016412478, -0.0016080088, -0.0016969272
0, 0, 0, 0, 0, 0, 0, 0, 0, 0, 0, 0, 0, 0, 0, 0, 0, 0, 0, 0, 0, 0, 0, 0, 0, 0, 0, 0, 0, 0, 0, 0, 0, 0, 0, 0, 0, 0, 0, 0, 0, 0, 0, 0, 0, 0, 0, 0, 0, 0, 0, -0.0026373144, -0.002317677, -0.0018963601, -0.0018075093, -0.0018295912, -0.0019232437, -0.0020309517, -0.0020816445, -0.0021722992, -0.0022489375, -0.0023141773, -0.0023435832, -0.0023968024, -0.0024430135, -0.0024637214, -0.0025007434, -0.0025345788, -0.002568103, -0.002585534, -0.0026230433, -0.0026668597, -0.0026924587, -0.0027506056, -0.0028143374, -0.0028760047, -0.0029038822, -0.00295123, -0.0029888793, -0.003005019, -0.003033352, -0.00305575, -0.0030644368, -0.0030771387, -0.0030862356, -0.003094379, -0.0030978508, -0.003104346, -0.003109387, -0.003110628, -0.0031097932, -0.0031039156, -0.0030940485, -0.0030891018, -0.0030813708, -0.0030750267, -0.0030717324, -0.0030648438, -0.0030587625, -0.003055953, -0.0030511944, -0.0030492393, -0.0030496528, -0.0030495417, -0.0030483361, -0.0030479871, -0.00304861, -0.0030501103, -0.0030498935, -0.003046955, -0.003044176, -0.0030357847, -0.0030254368, -0.0030197902, -0.0030048336, -0.0029806104, -0.002964774, -0.0029289138, -0.0028900146, -0.0028486094, -0.0028264371, -0.0027768286, -0.0027180566, -0.0026857026, -0.002619501, -0.0025581191, -0.0025089271, -0.0024903708, -0.002464823, -0.0024512412, -0.002447021, -0.0024390435, -0.002426989, -0.0024180345, -0.0023927179, -0.0023571155, -0.0023120628, -0.0022863694, -0.0022296773, -0.00216702, -0.002133778, -0.0020636998, -0.0019886019, -0.0019077155, -0.0018648485, -0.0017746952, -0.0016844404, -0.0016456079, -0.0016118585, -0.0017005368
0, 0, 0, 0, 0, 0, 0, 0, 0, 0, 0, 0, 0, 0, 0, 0, 0, 0, 0, 0, 0, 0, 0, 0, 0, 0, 0, 0, 0, 0, 0, 0, 0, 0, 0, 0, 0, 0, 0, 0, 0, 0, 0, 0, 0, 0, 0, 0, 0, 0, 0, 0, -0.0023935607, -0.001955379, -0.0018320447, -0.0018417591, -0.0019171975, -0.002010914, -0.0020555877, -0.0021356686, -0.002203175, -0.00226047, -0.0022860614, -0.0023323924, -0.002373192, -0.0023918294, -0.0024265489, -0.0024610981, -0.0024997322, -0.002521527, -0.0025708731, -0.0026291693, -0.0026620014, -0.0027339004, -0.0028092663, -0.0028810205, -0.0029137935, -0.0029712857, -0.003018159, -0.0030377447, -0.0030699365, -0.0030925735, -0.0031007577, -0.0031123126, -0.0031202256, -0.0031266273, -0.0031290606, -0.0031331358, -0.0031371298, -0.0031389205, -0.0031407122, -0.0031376632, -0.00312878, -0.0031235572, -0.003114927, -0.0031083585, -0.003105103, -0.003098507, -0.0030924447, -0.0030893171, -0.0030833657, -0.0030803408, -0.003080723, -0.0030808644, -0.0030792416, -0.003077389, -0.0030773114, -0.0030783648, -0.0030775766, -0.0030734192, -0.0030702038, -0.0030610338, -0.0030496828, -0.0030434018, -0.0030274158, -0.0030025726, -0.0029863259, -0.0029491812, -0.00290948, -0.002867426, -0.002844739, -0.0027941559, -0.0027346904, -0.0027019982, -0.002634996, -0.002572932, -0.0025230735, -0.0025042072, -0.0024780382, -0.0024638665, -0.0024593112, -0.0024508007, -0.002438178, -0.0024289396, -0.002403057, -0.0023669812, -0.0023213173, -0.0022953567, -0.0022381586, -0.0021750454, -0.0021415246, -0.0020709357, -0.0019952923, -0.0019139097, -0.0018707431, -0.0017800329, -0.0016891848, -0.0016500377, -0.0016157677, -0.0017042179
0, 0, 0, 0, 0, 0, 0, 0, 0, 0, 0, 0, 0, 0, 0, 0, 0, 0, 0, 0, 0, 0, 0, 0, 0, 0, 0, 0, 0, 0, 0, 0, 0, 0, 0, 0, 0, 0, 0, 0, 0, 0, 0, 0, 0, 0, 0, 0, 0, 0, 0, 0, 0, -0.002070749, -0.001900975, -0.0018746718, -0.0018988, -0.0019659712, -0.0020030474, -0.0020738628, -0.0021363331, -0.0021907361, -0.002215411, -0.0022605362, -0.0023018708, -0.002321394, -0.002359356, -0.0023983372, -0.0024424358, -0.0024675215, -0.002524394, -0.0025903308, -0.002626671, -0.0027043284, -0.0027850466, -0.0028635128, -0.0029004444, -0.0029678193, -0.0030244393, -0.0030483338, -0.0030874342, -0.0031157485, -0.0031266385, -0.003143249, -0.003154809, -0.0031621396, -0.0031639552, -0.0031657447, -0.0031678497, -0.0031693755, -0.0031722938, -0.0031713203, -0.003163593, -0.0031583323, -0.0031492524, -0.0031421252, -0.0031386039, -0.0031319272, -0.0031262964, -0.0031234974, -0.0031169786, -0.0031123364, -0.0031118493, -0.003112024, -0.0031104493, -0.0031076125, -0.003107065, -0.0031072523, -0.0031056239, -0.0031002474, -0.003096471, -0.0030867816, -0.00307459, -0.0030676413, -0.0030502698, -0.0030247425, -0.0030082, -0.0029700012, -0.002929142, -0.002886393, -0.002863361, -0.0028117793, -0.0027515383, -0.0027185043, -0.002650686, -0.0025879515, -0.002537439, -0.0025182082, -0.0024915005, -0.0024766678, -0.0024717604, -0.0024627293, -0.0024494918, -0.0024399762, -0.0024135911, -0.0023769445, -0.0023307274, -0.0023045104, -0.0022467526, -0.0021831633, -0.0021494094, -0.002078291, -0.0020021244, -0.0019201632, -0.0018767278, -0.0017854439, -0.0016939983, -0.0016545494, -0.0016197222, -0.0017079104
0, 0, 0, 0, 0, 0, 0, 0, 0, 0, 0, 0, 0, 0, 0, 0, 0, 0, 0, 0, 0, 0, 0, 0, 0, 0, 0, 0, 0, 0, 0, 0, 0, 0, 0, 0, 0, 0, 0, 0, 0, 0, 0, 0, 0, 0, 0, 0, 0, 0, 0, 0, 0, -0.002514676, -0.0020278958, -0.0019166052, -0.0018556319, -0.0018962148, -0.0019295142, -0.002001303, -0.0020693962, -0.0021305706, -0.0021585997, -0.002211021, -0.002259479, -0.0022827, -0.002327467, -0.002372042, -0.002419524, -0.0024454643, -0.0025030957, -0.0025681567, -0.0026035833, -0.0026788777, -0.0027582333, -0.0028372859, -0.0028754817, -0.0029467016, -0.0030090774, -0.0030361174, -0.0030827604, -0.0031202682, -0.0031363545, -0.0031628206, -0.0031820168, -0.0031934634, -0.0031963729, -0.0031988337, -0.003200755, -0.0032021813, -0.0032054628, -0.0032055504, -0.0031988607, -0.0031939126, -0.0031845446, -0.0031764768, -0.003172528, -0.003165379, -0.0031601887, -0.00315758, -0.003151139, -0.0031456216, -0.0031442633, -0.0031441387, -0.0031418551, -0.003138021, -0.0031370088, -0.0031368132, -0.0031347235, -0.0031277866, -0.003123117, -0.0031125264, -0.003099969, -0.0030925127, -0.0030737228, -0.0030470584, -0.0030301937, -0.0029911688, -0.00294926, -0.0029055686, -0.0028821277, -0.0028296784, -0.0027686658, -0.0027352683, -0.0026665963, -0.0026031735, -0.0025520776, -0.0025324519, -0.0025051078, -0.0024896848, -0.0024844576, -0.0024748656, -0.0024610343, -0.0024512005, -0.0024242657, -0.002387057, -0.0023403133, -0.0023138365, -0.0022555562, -0.002191368, -0.0021573552, -0.0020857393, -0.0020090546, -0.0019265342, -0.0018828062, -0.0017909197, -0.0016988995, -0.0016591309, -0.0016237057, -0.0017117084
0, 0, 0, 0, 0, 0, 0, 0, 0, 0, 0, 0, 0, 0, 0, 0, 0, 0, 0, 0, 0, 0, 0, 0, 0, 0, 0, 0, 0, 0, 0, 0, 0, 0, 0, 0, 0, 0, 0, 0, 0, 0, 0, 0, 0, 0, 0, 0, 0, 0, 0, 0, 0, -0.002622206, -0.0020493204, -0.0018862598, -0.001776339, -0.0018112953, -0.0018488016, -0.001933848, -0.002017342, -0.0020937824, -0.0021291876, -0.0021945485, -0.0022543424, -0.0022823846, -0.0023351177, -0.002384024, -0.0024322816, -0.0024573188, -0.0025106776, -0.002568893, -0.0026002065, -0.0026671414, -0.0027387717, -0.002811668, -0.0028474508, -0.0029161614, -0.0029789861, -0.0030078501, -0.003060744, -0.0031084442, -0.0031304199, -0.0031694544, -0.0031995699, -0.0032189859, -0.003224654, -0.0032303452, -0.0032328176, -0.0032339953, -0.0032372512, -0.0032387313, -0.0032343366, -0.0032301636, -0.0032209686, -0.0032119548, -0.0032075152, -0.0031996167, -0.0031941065, -0.0031915752, -0.003185175, -0.003179484, -0.003177533, -0.0031772377, -0.0031744703, -0.003169337, -0.0031674837, -0.003166321, -0.0031641545, -0.0031564124, -0.0031508205, -0.0031386453, -0.003125409, -0.003117583, -0.0030977256, -0.0030698292, -0.0030525108, -0.0030125312, -0.0029695623, -0.0029251517, -0.0029012912, -0.0028478247, -0.002785916, -0.0027522421, -0.0026828414, -0.0026185727, -0.0025669169, -0.0025469258, -0.0025188492, -0.002502917, -0.00249741, -0.0024871347, -0.0024727508, -0.0024626357, -0.0024350595, -0.0023972848, -0.0023500745, -0.0023233015, -0.002264455, -0.002199758, -0.002165464, -0.0020932779, -0.0020160621, -0.0019330084, -0.0018890358, -0.0017965174, -0.0017038448, -0.0016637702, -0.0016278159, -0.0017155124
0, 0, 0, 0, 0, 0, 0, 0, 0, 0, 0, 0, 0, 0, 0, 0, 0, 0, 0, 0, 0, 0, 0, 0, 0, 0, 0, 0, 0, 0, 0, 0, 0, 0, 0, 0, 0, 0, 0, 0, 0, 0, 0, 0, 0, 0, 0, 0, 0, 0, 0, 0, 0, 0, -0.0019975342, -0.0018228686, -0.0017016738, -0.0017391886, -0.001782166, -0.0018832607, -0.0019856722, -0.0020800037, -0.0021234883, -0.0022029716, -0.0022741966, -0.0023068758, -0.002366682, -0.0024190042, -0.0024671978, -0.002490956, -0.0025387467, -0.0025884663, -0.002614504, -0.002669921, -0.0027289814, -0.0027903058, -0.002821105, -0.0028820666, -0.0029413954, -0.0029703558, -0.0030271087, -0.0030830272, -0.003110427, -0.0031622741, -0.0032063066, -0.0032382498, -0.0032487952, -0.0032606437, -0.0032648933, -0.0032657504, -0.0032676742, -0.0032698836, -0.00326763, -0.0032643802, -0.0032561177, -0.0032476196, -0.0032435409, -0.0032358223, -0.0032294942, -0.00322634, -0.003219452, -0.0032134168, -0.0032110733, -0.003210701, -0.0032081138, -0.0032020954, -0.0031992332, -0.003196222, -0.0031935943, -0.0031853958, -0.0031791735, -0.003165524, -0.003151254, -0.0031429385, -0.0031219313, -0.0030929483, -0.0030752248, -0.003034391, -0.0029901133, -0.0029447952, -0.0029207035, -0.0028663643, -0.002803382, -0.0027693643, -0.0026993398, -0.0026342631, -0.0025818862, -0.0025616558, -0.0025328856, -0.0025162883, -0.0025104831, -0.00249957, -0.0024846438, -0.0024742032, -0.0024460515, -0.0024077287, -0.0023599174, -0.002332898, -0.0022735219, -0.0022082706, -0.002173724, -0.0021009871, -0.0020231933, -0.0019395661, -0.0018953056, -0.0018021956, -0.0017088604, -0.0016684585, -0.0016319437, -0.0017194283
0, 0, 0, 0, 0, 0, 0, 0, 0, 0, 0, 0, 0, 0, 0, 0, 0, 0, 0, 0, 0, 0, 0, 0, 0, 0, 0, 0, 0, 0, 0, 0, 0, 0, 0, 0, 0, 0, 0, 0, 0, 0, 0, 0, 0, 0, 0, 0, 0, 0, 0, 0, 0, 0, -0.0019512702, -0.0018514832, -0.0017013939, -0.0017061424, -0.0017456689, -0.0018552551, -0.001973095, -0.0020823558, -0.0021320218, -0.0022224814, -0.0023026264, -0.0023390716, -0.0024045978, -0.002460864, -0.0025099555, -0.0025327348, -0.0025760932, -0.0026180309, -0.002638967, -0.0026822346, -0.0027276743, -0.00277542, -0.0028000853, -0.0028510077, -0.0029041118, -0.0029315024, -0.002988705, -0.0030494013, -0.0030808914, -0.0031441113, -0.0032022516, -0.0032485144, -0.00326506, -0.0032858439, -0.0032942782, -0.003296018, -0.003298743, -0.0033015779, -0.003300045, -0.0032970316, -0.0032891252, -0.0032815062, -0.003278097, -0.0032716466, -0.0032658712, -0.0032628644, -0.0032557922, -0.0032485886, -0.0032444585, -0.0032437108, -0.0032417323, -0.0032359273, -0.0032323187, -0.0032272164, -0.0032234162, -0.003214599, -0.0032078815, -0.0031927822, -0.003177443, -0.0031688097, -0.0031466635, -0.0031161525, -0.0030979987, -0.0030565998, -0.0030111545, -0.0029646298, -0.0029401227, -0.0028851903, -0.0028212671, -0.0027866974, -0.0027159879, -0.0026501634, -0.002597085, -0.0025765707, -0.0025470767, -0.0025298817, -0.0025237703, -0.002512227, -0.0024967236, -0.0024859891, -0.0024572308, -0.0024183586, -0.0023699072, -0.002342642, -0.0022827212, -0.002216916, -0.0021820967, -0.002108813, -0.0020304602, -0.0019462508, -0.0019016734, -0.0018079316, -0.0017139753, -0.0016732475, -0.0016361354, -0.0017234177
0, 0, 0, 0, 0, 0, 0, 0, 0, 0, 0, 0, 0, 0, 0, 0, 0, 0, 0, 0, 0, 0, 0, 0, 0, 0, 0, 0, 0, 0, 0, 0, 0, 0, 0, 0, 0, 0, 0, 0, 0, 0, 0, 0, 0, 0, 0, 0, 0, 0, 0, 0, 0, 0, -0.0025082915, -0.0021920314, -0.001782696, -0.0017059445, -0.0017362384, -0.0018496974, -0.0019781122, -0.0020954418, -0.002148343, -0.0022442187, -0.002329181, -0.0023682194, -0.0024384614, -0.0024982544, -0.0025487328, -0.002571098, -0.0026112902, -0.002647032, -0.0026641192, -0.0026977244, -0.0027321351, -0.0027682923, -0.0027874943, -0.0028283054, -0.0028733476, -0.0028980984, -0.002953439, -0.0030166847, -0.0030511944, -0.0031231854, -0.0031929105, -0.0032506168, -0.0032722978, -0.003301645, -0.003316864, -0.0033212514, -0.0033275278, -0.0033319732, -0.0033316477, -0.0033293518, -0.0033225545, -0.0033155116, -0.003312122, -0.003305831, -0.003300903, -0.0032986882, -0.0032931324, -0.003285643, -0.0032797684, -0.0032780264, -0.0032750964, -0.0032693166, -0.0032656437, -0.0032593093, -0.0032539945, -0.0032442387, -0.0032369732, -0.0032203821, -0.0032038274, -0.0031949624, -0.003171878, -0.003139858, -0.0031209996, -0.003078782, -0.003032635, -0.0029848572, -0.0029598027, -0.0029041567, -0.002839363, -0.0028043818, -0.0027328827, -0.0026662964, -0.0026125293, -0.002591678, -0.0025615501, -0.002543665, -0.0025373148, -0.0025250888, -0.0025089367, -0.0024979324, -0.002468596, -0.0024291337, -0.0023801068, -0.0023525201, -0.002292066, -0.0022256926, -0.00219059, -0.0021167642, -0.0020378379, -0.0019530288, -0.0019081509, -0.0018137936, -0.0017191647, -0.0016780886, -0.0016404068, -0.0017274494
0, 0, 0, 0, 0, 0, 0, 0, 0, 0, 0, 0, 0, 0, 0, 0, 0, 0, 0, 0, 0, 0, 0, 0, 0, 0, 0, 0, 0, 0, 0, 0, 0, 0, 0, 0, 0, 0, 0, 0, 0, 0, 0, 0, 0, 0, 0, 0, 0, 0, 0, 0, 0, 0, 0, -0.0022262558, -0.0018260201, -0.0017340238, -0.0017616642, -0.0018736372, -0.0020007805, -0.002116196, -0.0021682687, -0.002262854, -0.0023479634, -0.0023874415, -0.0024595533, -0.0025213386, -0.0025729311, -0.0025952936, -0.0026341781, -0.0026667947, -0.0026815278, -0.0027090174, -0.002735737, -0.0027634553, -0.0027783876, -0.002811298, -0.0028508252, -0.0028740484, -0.0029288975, -0.002994847, -0.0030313865, -0.0031087862, -0.003184622, -0.0032485542, -0.0032734217, -0.0033095696, -0.0033317395, -0.0033393244, -0.0033505429, -0.0033581438, -0.0033606957, -0.0033599127, -0.0033558751, -0.0033500316, -0.0033467344, -0.0033405055, -0.0033359735, -0.003333943, -0.0033292158, -0.0033226896, -0.0033164732, -0.0033140164, -0.00330945, -0.0033030298, -0.0032990195, -0.0032914681, -0.003284742, -0.003274529, -0.003266902, -0.003248509, -0.003230205, -0.0032209482, -0.003197469, -0.0031640923, -0.003144431, -0.0031011046, -0.003054259, -0.0030054103, -0.0029798304, -0.0029233242, -0.0028576755, -0.002822202, -0.0027500805, -0.002682752, -0.0026281183, -0.0026069828, -0.0025763025, -0.0025576553, -0.0025509936, -0.0025382026, -0.002521378, -0.0025100785, -0.0024801635, -0.0024400572, -0.0023904643, -0.0023625758, -0.0023015495, -0.0022345888, -0.0021992072, -0.0021248325, -0.0020453243, -0.0019599313, -0.0019147465, -0.0018197391, -0.0017244468, -0.0016830368, -0.0016447798, -0.0017315325
0, 0, 0, 0, 0, 0, 0, 0, 0, 0, 0, 0, 0, 0, 0, 0, 0, 0, 0, 0, 0, 0, 0, 0, 0, 0, 0, 0, 0, 0, 0, 0, 0, 0, 0, 0, 0, 0, 0, 0, 0, 0, 0, 0, 0, 0, 0, 0, 0, 0, 0, 0, 0, 0, 0, 0, -0.0027997098, -0.002212813, -0.0020681117, -0.0019919928, -0.0020426156, -0.0021248732, -0.00216751, -0.0022501824, -0.0023294855, -0.0023675407, -0.0024387345, -0.002501624, -0.002555102, -0.002578281, -0.002617716, -0.002649135, -0.0026626915, -0.002687087, -0.0027100514, -0.0027345237, -0.0027483504, -0.0027813616, -0.0028238958, -0.0028497546, -0.0029112077, -0.002984478, -0.0030243597, -0.0031065561, -0.0031843442, -0.0032493742, -0.0032755497, -0.0033165705, -0.0033471002, -0.0033593955, -0.0033797284, -0.0033958766, -0.0034070492, -0.003410672, -0.0034150155, -0.0034158682, -0.0034151832, -0.0034124854, -0.0034086655, -0.0034062415, -0.0034008576, -0.0033958612, -0.003390276, -0.0033868558, -0.0033793312, -0.0033717651, -0.0033675113, -0.0033575906, -0.0033467356, -0.0033344836, -0.0033265238, -0.00330641, -0.0032847861, -0.0032739048, -0.0032484406, -0.00321352, -0.0031925282, -0.0031465911, -0.0030982227, -0.003047386, -0.0030206218, -0.002962399, -0.0028953354, -0.0028588916, -0.0027849101, -0.0027164058, -0.002660245, -0.002638285, -0.002606369, -0.0025863945, -0.002578999, -0.002565027, -0.0025468795, -0.0025349536, -0.002503789, -0.0024624788, -0.002411744, -0.002383213, -0.0023210025, -0.002252865, -0.002216891, -0.0021413206, -0.002060629, -0.0019740537, -0.0019282311, -0.0018319268, -0.0017352226, -0.0016931413, -0.0016536481, -0.0017398649
0, 0, 0, 0, 0, 0, 0, 0, 0, 0, 0, 0, 0, 0, 0, 0, 0, 0, 0, 0, 0, 0, 0, 0, 0, 0, 0, 0, 0, 0, 0, 0, 0, 0, 0, 0, 0, 0, 0, 0, 0, 0, 0, 0, 0, 0, 0, 0, 0, 0, 0, 0, 0, 0, 0, 0, -0.0039776256, -0.002421374, -0.0021379252, -0.0019683235, -0.0020003852, -0.0020810163, -0.0021242439, -0.0022084266, -0.0022882263, -0.0023260266, -0.0023959521, -0.0024571542, -0.0025096303, -0.0025325296, -0.0025721805, -0.002605246, -0.002620388, -0.0026490658, -0.0026776774, -0.002708543, -0.002725857, -0.0027660474, -0.0028155074, -0.0028446314, -0.0029116694, -0.0029883008, -0.0030289353, -0.003110054, -0.003185061, -0.0032482133, -0.0032744387, -0.003318048, -0.00335245, -0.0033669325, -0.00339142, -0.0034114409, -0.0034265837, -0.0034321789, -0.0034405703, -0.0034454355, -0.0034466225, -0.0034471855, -0.0034453117, -0.0034432495, -0.003437878, -0.0034325812, -0.0034266158, -0.0034226992, -0.0034140206, -0.0034058725, -0.0034016294, -0.0033911301, -0.0033784949, -0.0033643683, -0.0033559042, -0.003335476, -0.0033126462, -0.0033007853, -0.0032741327, -0.003238612, -0.003217052, -0.0031697121, -0.003120446, -0.0030689489, -0.0030415952, -0.0029821885, -0.0029145305, -0.0028777397, -0.0028027564, -0.0027335223, -0.002676731, -0.0026543704, -0.0026217033, -0.0026011288, -0.0025933639, -0.0025787286, -0.0025599676, -0.0025476955, -0.002515926, -0.0024739818, -0.0024226161, -0.0023937991, -0.0023309647, -0.0022622496, -0.002225951, -0.0021498145, -0.002068475, -0.0019812658, -0.0019351467, -0.0018381346, -0.0017407673, -0.0016983101, -0.0016581672, -0.0017441692
0, 0, 0, 0, 0, 0, 0, 0, 0, 0, 0, 0, 0, 0, 0, 0, 0, 0, 0, 0, 0, 0, 0, 0, 0, 0, 0, 0, 0, 0, 0, 0, 0, 0, 0, 0, 0, 0, 0, 0, 0, 0, 0, 0, 0, 0, 0, 0, 0, 0, 0, 0, 0, 0, 0, 0, 0, -0.002080027, -0.0019544913, -0.001869709, -0.0019231115, -0.00201582, -0.0020634262, -0.0021536218, -0.0022356336, -0.0022735216, -0.0023419913, -0.002401514, -0.0024528115, -0.0024756647, -0.0025168827, -0.0025539726, -0.0025716214, -0.0026071097, -0.0026439745, -0.0026841874, -0.0027063105, -0.002756158, -0.002814326, -0.0028467423, -0.0029176755, -0.002993879, -0.0030326175, -0.003108699, -0.0031788084, -0.0032400824, -0.0032670302, -0.003314593, -0.0033551096, -0.0033727274, -0.0034030378, -0.0034276783, -0.0034464018, -0.0034538123, -0.0034659908, -0.003474502, -0.0034771338, -0.003479932, -0.0034797986, -0.0034786598, -0.0034747424, -0.0034697736, -0.003463075, -0.0034586396, -0.0034488079, -0.0034392194, -0.003434543, -0.0034241925, -0.0034110057, -0.0033945618, -0.0033851638, -0.0033642354, -0.0033406452, -0.0033281234, -0.003300058, -0.0032637094, -0.0032417197, -0.0031932024, -0.0031429285, -0.003090652, -0.0030629167, -0.0030023754, -0.0029338493, -0.0028967771, -0.0028209803, -0.0027508482, -0.002693465, -0.002670727, -0.002637315, -0.0026161175, -0.0026079868, -0.002592683, -0.002573268, -0.0025606446, -0.0025282481, -0.0024856313, -0.0024336686, -0.002404562, -0.0023410919, -0.0022718052, -0.0022352037, -0.0021584206, -0.0020764873, -0.0019885777, -0.0019421116, -0.0018444723, -0.0017463714, -0.0017035662, -0.0016627907, -0.0017485104
0, 0, 0, 0, 0, 0, 0, 0, 0, 0, 0, 0, 0, 0, 0, 0, 0, 0, 0, 0, 0, 0, 0, 0, 0, 0, 0, 0, 0, 0, 0, 0, 0, 0, 0, 0, 0, 0, 0, 0, 0, 0, 0, 0, 0, 0, 0, 0, 0, 0, 0, 0, 0, 0, 0, 0, 0, -0.0021791933, -0.0019680313, -0.0018242061, -0.0018634287, -0.0019560908, -0.0020055843, -0.002099951, -0.0021845396, -0.0022225108, -0.0022910773, -0.002350271, -0.002402213, -0.0024263333, -0.0024713536, -0.002514148, -0.0025353157, -0.002578778, -0.0026246393, -0.0026747065, -0.002701756, -0.0027606257, -0.0028256134, -0.002859977, -0.0029307185, -0.0030018617, -0.0030368646, -0.003104246, -0.003167202, -0.0032257687, -0.0032533847, -0.0033054617, -0.0033530556, -0.0033745333, -0.0034121957, -0.003442814, -0.0034663985, -0.0034762712, -0.003493153, -0.0035049997, -0.0035085303, -0.0035120207, -0.0035127571, -0.0035123907, -0.0035098724, -0.0035053648, -0.0034991333, -0.003494854, -0.0034841327, -0.0034722087, -0.0034667444, -0.0034562447, -0.0034430122, -0.003425077, -0.0034149275, -0.0033931227, -0.003368591, -0.003355336, -0.0033261077, -0.0032890895, -0.0032667993, -0.0032169907, -0.0031654153, -0.003112666, -0.0030845462, -0.0030228687, -0.0029534136, -0.0029160515, -0.0028395131, -0.0027684872, -0.0027104141, -0.0026873334, -0.0026532293, -0.002631318, -0.00262284, -0.0026068664, -0.0025867815, -0.0025738138, -0.002540769, -0.0024975191, -0.0024448708, -0.0024154366, -0.002351404, -0.002281445, -0.0022445691, -0.0021671487, -0.002084598, -0.001996016, -0.0019492155, -0.0018509007, -0.0017520612, -0.0017088687, -0.0016674845, -0.0017529399
0, 0, 0, 0, 0, 0, 0, 0, 0, 0, 0, 0, 0, 0, 0, 0, 0, 0, 0, 0, 0, 0, 0, 0, 0, 0, 0, 0, 0, 0, 0, 0, 0, 0, 0, 0, 0, 0, 0, 0, 0, 0, 0, 0, 0, 0, 0, 0, 0, 0, 0, 0, 0, 0, 0, 0, 0, -0.0021410726, -0.0020248594, -0.0018462513, -0.0018350304, -0.0019097546, -0.001957619, -0.0020532147, -0.0021400752, -0.0021790192, -0.0022497093, -0.002311486, -0.0023675556, -0.0023942501, -0.0024456054, -0.0024958006, -0.0025210371, -0.0025730652, -0.0026279727, -0.0026865578, -0.002717581, -0.0027824347, -0.0028498394, -0.0028837076, -0.0029496984, -0.0030123426, -0.0030423505, -0.0030998029, -0.0031558138, -0.0032120596, -0.003240299, -0.0032966516, -0.0033503773, -0.0033750248, -0.0034189636, -0.003455593, -0.0034851464, -0.0034978145, -0.0035196568, -0.0035353666, -0.0035405061, -0.0035458198, -0.0035468661, -0.003546158, -0.003542877, -0.0035386633, -0.0035335424, -0.0035298783, -0.0035190058, -0.0035055962, -0.0034993493, -0.0034879341, -0.0034741543, -0.0034553527, -0.0034446835, -0.0034219106, -0.003396966, -0.0033832127, -0.0033520912, -0.003314245, -0.0032918854, -0.0032414803, -0.003188267, -0.0031346113, -0.003106332, -0.0030439019, -0.0029732871, -0.0029354729, -0.002858267, -0.002786485, -0.002727642, -0.0027041803, -0.0026693814, -0.0026468327, -0.002638042, -0.0026212137, -0.0026005812, -0.002587263, -0.002553461, -0.0025096098, -0.0024562883, -0.0024265663, -0.0023618715, -0.0022912694, -0.002254078, -0.0021760168, -0.0020928087, -0.0020036078, -0.0019564484, -0.0018574083, -0.0017578525, -0.00171432, -0.0016722403, -0.0017574024
0, 0, 0, 0, 0, 0, 0, 0, 0, 0, 0, 0, 0, 0, 0, 0, 0, 0, 0, 0, 0, 0, 0, 0, 0, 0, 0, 0, 0, 0, 0, 0, 0, 0, 0, 0, 0, 0, 0, 0, 0, 0, 0, 0, 0, 0, 0, 0, 0, 0, 0, 0, 0, 0, 0, 0, 0, -0.0027386385, -0.002389075, -0.0019255105, -0.001815447, -0.0018663666, -0.0019125248, -0.0020112412, -0.002102064, -0.0021432359, -0.0022180802, -0.0022855452, -0.0023488812, -0.0023793585, -0.002438807, -0.0024973142, -0.0025267792, -0.002587118, -0.0026498346, -0.002714775, -0.00274761, -0.0028137155, -0.0028781334, -0.0029088384, -0.0029666561, -0.0030199317, -0.0030456756, -0.0030965384, -0.003148873, -0.0032049152, -0.003234098, -0.0032938852, -0.0033519585, -0.0033789405, -0.0034279353, -0.0034700793, -0.0035042127, -0.0035185232, -0.0035434102, -0.0035630192, -0.0035702474, -0.0035791644, -0.0035813684, -0.0035804177, -0.0035761439, -0.0035713753, -0.0035659308, -0.0035623673, -0.0035520324, -0.003538744, -0.0035320579, -0.0035194296, -0.0035051403, -0.0034855804, -0.003474071, -0.003450129, -0.0034252787, -0.0034113626, -0.0033788101, -0.0033393519, -0.0033167412, -0.0032658877, -0.0032118275, -0.0031569141, -0.0031281726, -0.0030650543, -0.0029935983, -0.0029553468, -0.002877266, -0.00280468, -0.002745258, -0.002721437, -0.0026857043, -0.0026625309, -0.0026534388, -0.0026358734, -0.0026145303, -0.0026009048, -0.0025664137, -0.0025218832, -0.002467942, -0.0024378595, -0.002372495, -0.0023012517, -0.0022637295, -0.0021850346, -0.002101153, -0.002011296, -0.001963802, -0.001864024, -0.0017637006, -0.0017198165, -0.0016770837, -0.0017619396
0, 0, 0, 0, 0, 0, 0, 0, 0, 0, 0, 0, 0, 0, 0, 0, 0, 0, 0, 0, 0, 0, 0, 0, 0, 0, 0, 0, 0, 0, 0, 0, 0, 0, 0, 0, 0, 0, 0, 0, 0, 0, 0, 0, 0, 0, 0, 0, 0, 0, 0, 0, 0, 0, 0, 0, 0, 0, -0.0023948618, -0.0019066974, -0.0017739015, -0.0018218977, -0.0018704423, -0.0019755107, -0.002072994, -0.0021174524, -0.0021990647, -0.00227454, -0.0023461452, -0.0023809823, -0.002448536, -0.0025147262, -0.0025478876, -0.0026144849, -0.002681629, -0.0027478267, -0.0027800477, -0.0028416566, -0.0028983012, -0.002924589, -0.0029735288, -0.0030203809, -0.0030441326, -0.0030931968, -0.0031460512, -0.0032041436, -0.0032349434, -0.0032989196, -0.0033613814, -0.0033903837, -0.0034433145, -0.0034888247, -0.0035253705, -0.003540671, -0.0035674877, -0.0035895263, -0.0035980686, -0.0036091646, -0.003613026, -0.0036126957, -0.003609457, -0.0036042172, -0.003597672, -0.0035938972, -0.0035837067, -0.0035703892, -0.0035634157, -0.0035502885, -0.0035363103, -0.0035161185, -0.0035037706, -0.0034781867, -0.0034530577, -0.003439199, -0.003406044, -0.0033650652, -0.0033417942, -0.0032904048, -0.0032354544, -0.003179625, -0.0031505001, -0.0030864251, -0.0030140644, -0.0029754527, -0.0028967548, -0.0028231614, -0.0027629745, -0.0027389103, -0.0027024248, -0.002678465, -0.0026690448, -0.0026508057, -0.002628674, -0.0026147594, -0.0025795882, -0.00253438, -0.0024797313, -0.002449311, -0.0023832638, -0.0023113713, -0.0022735237, -0.0021942125, -0.0021096494, -0.0020191004, -0.0019712772, -0.0018707537, -0.0017696435, -0.0017253623, -0.0016819703, -0.0017665491
0, 0, 0, 0, 0, 0, 0, 0, 0, 0, 0, 0, 0, 0, 0, 0, 0, 0, 0, 0, 0, 0, 0, 0, 0, 0, 0, 0, 0, 0, 0, 0, 0, 0, 0, 0, 0, 0, 0, 0, 0, 0, 0, 0, 0, 0, 0, 0, 0, 0, 0, 0, 0, 0, 0, 0, 0, 0, 0, -0.0018948675, -0.0017705419, -0.0018028711, -0.0018484731, -0.0019552433, -0.0020588206, -0.0021069595, -0.002197153, -0.002281158, -0.0023607698, -0.002399258, -0.0024739406, -0.002545874, -0.0025811861, -0.0026497038, -0.0027151506, -0.0027762696, -0.0028049976, -0.0028579216, -0.0029055125, -0.0029277427, -0.002971017, -0.0030154749, -0.0030390914, -0.0030901472, -0.0031466088, -0.0032088927, -0.0032420233, -0.0033105977, -0.0033771126, -0.0034078937, -0.003463701, -0.0035116142, -0.0035503255, -0.0035664742, -0.0035946048, -0.0036168385, -0.0036252097, -0.0036362535, -0.0036417223, -0.0036426235, -0.003640776, -0.0036355124, -0.003628842, -0.0036251568, -0.0036152848, -0.003601518, -0.0035940825, -0.0035801413, -0.0035664176, -0.003546641, -0.0035340635, -0.0035068898, -0.003480477, -0.0034665114, -0.0034332254, -0.0033912552, -0.0033674056, -0.0033150432, -0.0032593738, -0.0032025669, -0.0031730237, -0.0031082095, -0.0030348296, -0.0029958119, -0.0029164145, -0.0028420272, -0.0027809802, -0.0027566028, -0.0027194214, -0.0026946657, -0.0026848936, -0.0026659686, -0.00264308, -0.0026287984, -0.0025929618, -0.0025470522, -0.0024916807, -0.0024609298, -0.002394254, -0.0023216861, -0.002283491, -0.0022034722, -0.002118277, -0.0020270227, -0.0019788237, -0.0018775788, -0.0017756886, -0.0017309898, -0.0016869276, -0.0017712015
0, 0, 0, 0, 0, 0, 0, 0, 0, 0, 0, 0, 0, 0, 0, 0, 0, 0, 0, 0, 0, 0, 0, 0, 0, 0, 0, 0, 0, 0, 0, 0, 0, 0, 0, 0, 0, 0, 0, 0, 0, 0, 0, 0, 0, 0, 0, 0, 0, 0, 0, 0, 0, 0, 0, 0, 0, 0, 0, -0.0021813982, -0.0018593861, -0.0018265028, -0.0018589379, -0.0019569527, -0.0020637847, -0.0021154014, -0.0022133405, -0.0023046415, -0.0023902713, -0.0024311, -0.00250944, -0.002583274, -0.002618063, -0.0026829352, -0.0027413166, -0.00279339, -0.0028173246, -0.0028614926, -0.002902624, -0.0029229706, -0.0029651376, -0.003010811, -0.0030358937, -0.0030913325, -0.0031534794, -0.0032213714, -0.0032565496, -0.0033278586, -0.0033964529, -0.0034283334, -0.0034862654, -0.0035365857, -0.0035774997, -0.0035945112, -0.0036236383, -0.003645339, -0.0036529386, -0.003663049, -0.0036691378, -0.0036706426, -0.003669545, -0.0036646596, -0.0036589913, -0.0036557664, -0.0036463286, -0.0036324358, -0.0036247403, -0.0036101397, -0.003595779, -0.0035763874, -0.003563957, -0.003536173, -0.0035083871, -0.0034939602, -0.0034602457, -0.0034175818, -0.0033932095, -0.0033401249, -0.0032834958, -0.0032257307, -0.0031958332, -0.0031303542, -0.00305589, -0.0030164553, -0.002936398, -0.002861157, -0.002799293, -0.0027745974, -0.0027366746, -0.0027111243, -0.002700984, -0.0026813596, -0.0026577706, -0.0026431407, -0.002606555, -0.002559869, -0.0025038726, -0.0024727625, -0.0024054179, -0.0023321414, -0.0022936373, -0.0022129195, -0.0021270185, -0.0020350486, -0.0019864808, -0.0018844926, -0.0017818155, -0.0017367265, -0.0016919326, -0.0017759325
0, 0, 0, 0, 0, 0, 0, 0, 0, 0, 0, 0, 0, 0, 0, 0, 0, 0, 0, 0, 0, 0, 0, 0, 0, 0, 0, 0, 0, 0, 0, 0, 0, 0, 0, 0, 0, 0, 0, 0, 0, 0, 0, 0, 0, 0, 0, 0, 0, 0, 0, 0, 0, 0, 0, 0, 0, 0, 0, -0.0022116262, -0.0019739717, -0.0018788906, -0.0018905802, -0.0019722665, -0.0020801683, -0.0021346044, -0.0022385076, -0.002334222, -0.0024220438, -0.0024633603, -0.0025410643, -0.002612008, -0.002644541, -0.0027023978, -0.0027518088, -0.0027950648, -0.0028150629, -0.0028536648, -0.0028933096, -0.0029144357, -0.0029601846, -0.003011343, -0.0030393892, -0.0031014413, -0.003169957, -0.0032422037, -0.0032784333, -0.0033502579, -0.0034186936, -0.0034507886, -0.0035102027, -0.00356264, -0.0036049886, -0.0036223829, -0.0036513251, -0.0036727234, -0.0036800355, -0.0036900304, -0.0036966421, -0.0036983986, -0.0036970587, -0.003692128, -0.0036876346, -0.0036849843, -0.0036764613, -0.003663147, -0.0036556553, -0.0036405595, -0.003625004, -0.0036055343, -0.0035934285, -0.0035656004, -0.0035366025, -0.003521671, -0.0034874622, -0.0034440395, -0.003419224, -0.0033654012, -0.0033079742, -0.0032491682, -0.0032188531, -0.003152745, -0.0030774458, -0.0030373791, -0.0029565492, -0.002880703, -0.0028178303, -0.0027927095, -0.002754244, -0.0027278229, -0.0027172822, -0.0026970224, -0.002672608, -0.0026576319, -0.0026203434, -0.002572961, -0.0025162445, -0.002484768, -0.0024167194, -0.002342773, -0.0023038927, -0.0022224572, -0.0021358877, -0.0020432041, -0.001994259, -0.0018914724, -0.0017880265, -0.0017425335, -0.0016970559, -0.0017807218
0, 0, 0, 0, 0, 0, 0, 0, 0, 0, 0, 0, 0, 0, 0, 0, 0, 0, 0, 0, 0, 0, 0, 0, 0, 0, 0, 0, 0, 0, 0, 0, 0, 0, 0, 0, 0, 0, 0, 0, 0, 0, 0, 0, 0, 0, 0, 0, 0, 0, 0, 0, 0, 0, 0, 0, 0, 0, 0, -0.0028486599, -0.002207043, -0.0019433561, -0.001922966, -0.0019837788, -0.0020922592, -0.0021488422, -0.0022561108, -0.0023529842, -0.0024396437, -0.0024793793, -0.0025531484, -0.0026187631, -0.0026481033, -0.0026992548, -0.0027416525, -0.0027795644, -0.0027982388, -0.0028371473, -0.0028807484, -0.0029049641, -0.0029582148, -0.0030176018, -0.0030498267, -0.003119273, -0.0031931729, -0.003267836, -0.0033044857, -0.003376131, -0.003444451, -0.0034765517, -0.0035363394, -0.0035891542, -0.003631277, -0.0036481107, -0.003676282, -0.0036973276, -0.0037048885, -0.003715992, -0.003723786, -0.0037258423, -0.003724475, -0.0037195673, -0.003715798, -0.0037135328, -0.0037053407, -0.0036929531, -0.003686189, -0.0036715965, -0.0036546749, -0.003634452, -0.0036223992, -0.0035948614, -0.003565271, -0.0035499183, -0.0035148368, -0.0034704695, -0.003445382, -0.0033910759, -0.0033328016, -0.0032728459, -0.0032420484, -0.0031754288, -0.0030993016, -0.0030586903, -0.002976972, -0.00290053, -0.0028367604, -0.00281119, -0.002772004, -0.002744844, -0.002733884, -0.0027128912, -0.002687725, -0.002672358, -0.0026343262, -0.0025861948, -0.0025287822, -0.0024969634, -0.0024281568, -0.0023535625, -0.0023142798, -0.0022321614, -0.0021448669, -0.0020514647, -0.0020021668, -0.0018985342, -0.0017943097, -0.001748412, -0.0017022068, -0.0017855946
0, 0, 0, 0, 0, 0, 0, 0, 0, 0, 0, 0, 0, 0, 0, 0, 0, 0, 0, 0, 0, 0, 0, 0, 0, 0, 0, 0, 0, 0, 0, 0, 0, 0, 0, 0, 0, 0, 0, 0, 0, 0, 0, 0, 0, 0, 0, 0, 0, 0, 0, 0, 0, 0, 0, 0, 0, 0, 0, 0, -0.0022640524, -0.0019637002, -0.0019312378, -0.0019788442, -0.0020830412, -0.0021388372, -0.0022451198, -0.0023403284, -0.0024244795, -0.002462684, -0.0025326808, -0.0025942747, -0.0026217075, -0.0026699502, -0.0027110265, -0.0027503374, -0.0027707948, -0.002816097, -0.0028679417, -0.0028962821, -0.0029578921, -0.0030254924, -0.0030614305, -0.0031367438, -0.0032146152, -0.0032916418, -0.0033291506, -0.0034024946, -0.0034721391, -0.003504467, -0.0035638877, -0.0036154436, -0.0036557962, -0.0036717518, -0.0036982025, -0.003718827, -0.003726749, -0.0037395137, -0.0037492542, -0.0037522218, -0.0037522218, -0.0037479312, -0.003744139, -0.0037418269, -0.003733712, -0.0037223175, -0.003716143, -0.0037024377, -0.0036851652, -0.0036639823, -0.003651565, -0.0036236534, -0.0035939338, -0.003578565, -0.0035427902, -0.0034971486, -0.0034715072, -0.0034167392, -0.0033581792, -0.0032969706, -0.0032655455, -0.003198178, -0.0031215653, -0.0030804211, -0.00299763, -0.0029204923, -0.0028560178, -0.0028299908, -0.0027900098, -0.0027620965, -0.0027507578, -0.0027289616, -0.00270309, -0.002687273, -0.0026485345, -0.0025996629, -0.002541493, -0.0025093234, -0.0024397897, -0.0023644469, -0.0023248447, -0.0022420061, -0.0021539729, -0.0020598366, -0.0020101478, -0.0019057448, -0.0018006649, -0.0017543517, -0.0017073915, -0.0017905367
0, 0, 0, 0, 0, 0, 0, 0, 0, 0, 0, 0, 0, 0, 0, 0, 0, 0, 0, 0, 0, 0, 0, 0, 0, 0, 0, 0, 0, 0, 0, 0, 0, 0, 0, 0, 0, 0, 0, 0, 0, 0, 0, 0, 0, 0, 0, 0, 0, 0, 0, 0, 0, 0, 0, 0, 0, 0, 0, 0, -0.002248346, -0.0020281374, -0.0019644103, -0.0019589907, -0.0020383936, -0.0020884455, -0.0021896365, -0.002283906, -0.0023685098, -0.0024069955, -0.0024777893, -0.002540327, -0.002568557, -0.0026197901, -0.002666223, -0.0027127825, -0.002737806, -0.0027924972, -0.0028532885, -0.0028856513, -0.002953608, -0.0030261353, -0.0030640764, -0.0031430814, -0.003224619, -0.0033063209, -0.0033463035, -0.0034241024, -0.0034967337, -0.003529868, -0.0035893854, -0.0036396892, -0.0036782708, -0.0036932915, -0.0037181259, -0.0037382634, -0.003746526, -0.003760424, -0.0037722127, -0.0037765473, -0.0037793606, -0.0037769286, -0.003773647, -0.0037712508, -0.00376269, -0.0037511173, -0.0037452837, -0.0037326158, -0.0037162192, -0.0036944542, -0.0036813663, -0.003652255, -0.0036223945, -0.003607024, -0.0035711257, -0.0035245721, -0.0034981451, -0.0034422993, -0.0033835818, -0.0033216476, -0.0032895925, -0.0032211186, -0.0031439348, -0.0031024513, -0.0030187063, -0.0029406704, -0.0028755108, -0.0028490708, -0.0028082535, -0.0027796433, -0.002767852, -0.0027453057, -0.0027186405, -0.0027024192, -0.0026629241, -0.0026132732, -0.0025543848, -0.0025218418, -0.0024515856, -0.0023754872, -0.002335543, -0.0022519894, -0.0021631839, -0.0020682972, -0.0020181986, -0.0019130704, -0.0018070906, -0.0017603575, -0.0017127115, -0.0017955106
0, 0, 0, 0, 0, 0, 0, 0, 0, 0, 0, 0, 0, 0, 0, 0, 0, 0, 0, 0, 0, 0, 0, 0, 0, 0, 0, 0, 0, 0, 0, 0, 0, 0, 0, 0, 0, 0, 0, 0, 0, 0, 0, 0, 0, 0, 0, 0, 0, 0, 0, 0, 0, 0, 0, 0, 0, 0, 0, 0, -0.0028924444, -0.0022156322, -0.0020273947, -0.001905735, -0.001950416, -0.0019951821, -0.002095501, -0.0021942249, -0.0022851385, -0.0023275192, -0.0024055406, -0.0024756365, -0.0025079735, -0.0025682717, -0.00262526, -0.0026823615, -0.0027120668, -0.0027741534, -0.0028392482, -0.002872375, -0.002940529, -0.0030125796, -0.003050567, -0.0031312695, -0.0032173016, -0.0033057104, -0.0033492916, -0.003433426, -0.0035106344, -0.003545381, -0.0036069201, -0.0036578907, -0.0036965536, -0.0037116064, -0.00373653, -0.0037572428, -0.0037660159, -0.0037807564, -0.0037937334, -0.0037989162, -0.0038044679, -0.0038049824, -0.0038037358, -0.0038018974, -0.0037934482, -0.0037807683, -0.0037743307, -0.0037617688, -0.0037465584, -0.0037254642, -0.0037122995, -0.0036818276, -0.0036503882, -0.003634875, -0.0035995177, -0.0035526697, -0.003525457, -0.0034681319, -0.0034089887, -0.0033466294, -0.0033140616, -0.0032444731, -0.0031664737, -0.003124684, -0.0030400378, -0.0029611986, -0.0028951822, -0.002868335, -0.0028268006, -0.0027973775, -0.0027851907, -0.0027617814, -0.0027344236, -0.0027177564, -0.002677474, -0.002627109, -0.0025674345, -0.0025345183, -0.0024635233, -0.0023866803, -0.0023463566, -0.0022620747, -0.0021725479, -0.0020768633, -0.0020263754, -0.00192044, -0.0018136287, -0.0017664804, -0.0017180789, -0.0018005461
0, 0, 0, 0, 0, 0, 0, 0, 0, 0, 0, 0, 0, 0, 0, 0, 0, 0, 0, 0, 0, 0, 0, 0, 0, 0, 0, 0, 0, 0, 0, 0, 0, 0, 0, 0, 0, 0, 0, 0, 0, 0, 0, 0, 0, 0, 0, 0, 0, 0, 0, 0, 0, 0, 0, 0, 0, 0, 0, 0, 0, -0.0021692177, -0.0019517227, -0.0017992293, -0.0018379212, -0.0018848267, -0.0019943358, -0.002104552, -0.002207504, -0.0022556758, -0.0023461569, -0.0024287126, -0.0024670132, -0.0025398757, -0.0026083037, -0.0026739722, -0.0027061398, -0.0027693831, -0.002830978, -0.0028615058, -0.0029237955, -0.0029911504, -0.0030278848, -0.003108474, -0.0031971724, -0.0032900479, -0.003335956, -0.0034249139, -0.0035074314, -0.0035449222, -0.0036109285, -0.0036648524, -0.0037061775, -0.0037227815, -0.0037513785, -0.0037761542, -0.0037865294, -0.0038031966, -0.0038160363, -0.003821173, -0.0038279986, -0.0038312639, -0.003832643, -0.0038319263, -0.0038249837, -0.003812362, -0.0038052963, -0.0037910251, -0.0037754844, -0.003755854, -0.0037433102, -0.003712562, -0.0036791638, -0.0036629394, -0.0036273785, -0.0035807726, -0.0035532846, -0.0034947423, -0.0034343775, -0.003371701, -0.0033388343, -0.003268231, -0.0031893423, -0.0031471187, -0.003061672, -0.0029820038, -0.0029152657, -0.0028879477, -0.0028454675, -0.0028153849, -0.0028027855, -0.0027784675, -0.002750403, -0.0027333708, -0.0026922089, -0.002641137, -0.0025806122, -0.0025473419, -0.0024755907, -0.0023980297, -0.002357331, -0.0022722639, -0.0021820096, -0.0020855165, -0.0020346509, -0.0019278975, -0.0018202398, -0.0017726647, -0.0017234955, -0.0018056276
0, 0, 0, 0, 0, 0, 0, 0, 0, 0, 0, 0, 0, 0, 0, 0, 0, 0, 0, 0, 0, 0, 0, 0, 0, 0, 0, 0, 0, 0, 0, 0, 0, 0, 0, 0, 0, 0, 0, 0, 0, 0, 0, 0, 0, 0, 0, 0, 0, 0, 0, 0, 0, 0, 0, 0, 0, 0, 0, 0, 0, -0.0019523976, -0.0018516901, -0.0017245963, -0.0017584664, -0.0018078074, -0.0019283904, -0.0020527435, -0.002169558, -0.0022246065, -0.0023282827, -0.0024234038, -0.0024676542, -0.002550287, -0.0026256347, -0.0026934475, -0.0027246284, -0.0027827006, -0.0028361513, -0.0028623072, -0.002916437, -0.0029774706, -0.0030116423, -0.0030882722, -0.0031741366, -0.003265657, -0.0033117074, -0.0034030678, -0.0034896012, -0.0035292525, -0.0035991191, -0.0036568353, -0.0037036513, -0.0037239376, -0.003760988, -0.003793196, -0.0038062793, -0.0038259258, -0.0038397901, -0.0038454232, -0.0038532834, -0.0038571805, -0.003859299, -0.0038594503, -0.0038554666, -0.0038449296, -0.0038378325, -0.0038217949, -0.003804484, -0.0037851117, -0.003773226, -0.0037433947, -0.0037091218, -0.0036919748, -0.0036551831, -0.0036086545, -0.0035811476, -0.0035217071, -0.0034603209, -0.0033969502, -0.003363602, -0.0032922078, -0.0032125905, -0.003169948, -0.00308349, -0.0030030124, -0.002935553, -0.0029077725, -0.002864396, -0.0028335704, -0.0028206252, -0.0027953952, -0.002766512, -0.0027491471, -0.0027071568, -0.0026552808, -0.0025939976, -0.0025603368, -0.002487828, -0.002409496, -0.0023684201, -0.0022826095, -0.0021915792, -0.002094316, -0.002043056, -0.0019354211, -0.0018269044, -0.0017788985, -0.0017289747, -0.0018107969
0, 0, 0, 0, 0, 0, 0, 0, 0, 0, 0, 0, 0, 0, 0, 0, 0, 0, 0, 0, 0, 0, 0, 0, 0, 0, 0, 0, 0, 0, 0, 0, 0, 0, 0, 0, 0, 0, 0, 0, 0, 0, 0, 0, 0, 0, 0, 0, 0, 0, 0, 0, 0, 0, 0, 0, 0, 0, 0, 0, 0, -0.0023605912, -0.0020649605, -0.0017606424, -0.001749074, -0.0017932672, -0.0019172836, -0.002051298, -0.0021785132, -0.0022383197, -0.0023507942, -0.0024528552, -0.0024999909, -0.0025865578, -0.0026626484, -0.0027280743, -0.0027572429, -0.002809731, -0.0028567885, -0.0028795819, -0.002927573, -0.0029826378, -0.00301359, -0.0030829015, -0.003161535, -0.0032471365, -0.0032911412, -0.0033793915, -0.0034640944, -0.0035032262, -0.0035737762, -0.0036359497, -0.0036913995, -0.0037172202, -0.0037647635, -0.0038051603, -0.003821354, -0.0038462097, -0.0038644965, -0.003871756, -0.0038809653, -0.0038838831, -0.00388514, -0.0038856796, -0.0038840298, -0.0038761126, -0.003869787, -0.0038536903, -0.0038349265, -0.003814151, -0.0038021908, -0.0037733756, -0.0037396704, -0.0037219233, -0.0036835594, -0.003636454, -0.0036089246, -0.0035489078, -0.003486757, -0.003422516, -0.0033887513, -0.0033163857, -0.0032359757, -0.0031930695, -0.0031056493, -0.0030241818, -0.0029560316, -0.0029279487, -0.0028835721, -0.002851924, -0.0028386228, -0.002812553, -0.0027828068, -0.00276506, -0.0027222852, -0.002669571, -0.0026075458, -0.0025734869, -0.0025002076, -0.0024210864, -0.0023796419, -0.002293076, -0.0022012605, -0.0021032225, -0.0020515285, -0.001943042, -0.0018336456, -0.0017852103, -0.0017345207, -0.0018160437
0, 0, 0, 0, 0, 0, 0, 0, 0, 0, 0, 0, 0, 0, 0, 0, 0, 0, 0, 0, 0, 0, 0, 0, 0, 0, 0, 0, 0, 0, 0, 0, 0, 0, 0, 0, 0, 0, 0, 0, 0, 0, 0, 0, 0, 0, 0, 0, 0, 0, 0, 0, 0, 0, 0, 0, 0, 0, 0, 0, 0, 0, -0.0020377957, -0.0018334375, -0.0017908046, -0.0018252187, -0.0019425213, -0.002077784, -0.0022076576, -0.0022687574, -0.0023820954, -0.0024839025, -0.002530645, -0.0026153822, -0.0026890535, -0.002752112, -0.0027801013, -0.0028304106, -0.002875759, -0.0028979147, -0.0029438282, -0.0029957665, -0.0030246847, -0.003089115, -0.003162136, -0.0032418845, -0.0032828085, -0.0033644289, -0.0034425852, -0.0034792693, -0.0035481227, -0.0036136745, -0.0036764038, -0.0037062236, -0.0037618452, -0.0038095473, -0.0038295568, -0.0038624064, -0.0038879951, -0.0038978115, -0.003909409, -0.0039120256, -0.0039121485, -0.0039123334, -0.0039107595, -0.0039046686, -0.00389971, -0.0038857996, -0.0038665198, -0.0038437522, -0.0038312555, -0.0038028508, -0.0037696809, -0.003751814, -0.0037127365, -0.0036648142, -0.0036368142, -0.0035759895, -0.003513406, -0.003448478, -0.0034143068, -0.0033407374, -0.0032595, -0.0032163563, -0.0031282012, -0.0030455906, -0.0029766331, -0.00294823, -0.0029030896, -0.0028703962, -0.0028567186, -0.002829948, -0.0027993037, -0.0027811602, -0.0027375638, -0.0026840772, -0.0026212397, -0.0025867491, -0.0025127118, -0.0024328306, -0.0023909782, -0.00230364, -0.0022110122, -0.002112226, -0.0020601153, -0.0019507597, -0.0018404541, -0.0017915863, -0.0017401266, -0.0018213119
0, 0, 0, 0, 0, 0, 0, 0, 0, 0, 0, 0, 0, 0, 0, 0, 0, 0, 0, 0, 0, 0, 0, 0, 0, 0, 0, 0, 0, 0, 0, 0, 0, 0, 0, 0, 0, 0, 0, 0, 0, 0, 0, 0, 0, 0, 0, 0, 0, 0, 0, 0, 0, 0, 0, 0, 0, 0, 0, 0, 0, 0, -0.00255086, -0.0020041626, -0.0018553892, -0.0018689756, -0.0019681565, -0.0020970006, -0.0022233794, -0.0022825475, -0.0023920017, -0.0024895947, -0.0025339825, -0.0026149305, -0.0026855513, -0.0027470822, -0.002774841, -0.002826008, -0.0028731828, -0.0028963482, -0.0029445707, -0.002997643, -0.0030266123, -0.0030900738, -0.0031605412, -0.0032361397, -0.0032746368, -0.0033516325, -0.0034271176, -0.0034637523, -0.0035351594, -0.0036046896, -0.0036703805, -0.0037013018, -0.0037589874, -0.0038100313, -0.0038325433, -0.0038720053, -0.003905179, -0.0039185635, -0.003935998, -0.003941724, -0.003941474, -0.0039404803, -0.0039368146, -0.003931151, -0.003927289, -0.003916137, -0.0038981058, -0.0038745804, -0.0038615088, -0.0038322948, -0.0037989644, -0.0037811508, -0.0037420804, -0.0036937015, -0.0036652624, -0.0036035008, -0.0035397778, -0.0034746435, -0.0034403193, -0.0033655956, -0.0032830676, -0.0032396354, -0.0031509553, -0.003067354, -0.0029973804, -0.0029686328, -0.0029227422, -0.0028891265, -0.0028750552, -0.002847464, -0.002815959, -0.0027974097, -0.0027530112, -0.0026986985, -0.0026350736, -0.0026001905, -0.002525306, -0.0024446857, -0.0024024474, -0.0023143035, -0.0022209154, -0.002121293, -0.0020687734, -0.0019585672, -0.0018473591, -0.0017980142, -0.0017457848, -0.0018266413
0, 0, 0, 0, 0, 0, 0, 0, 0, 0, 0, 0, 0, 0, 0, 0, 0, 0, 0, 0, 0, 0, 0, 0, 0, 0, 0, 0, 0, 0, 0, 0, 0, 0, 0, 0, 0, 0, 0, 0, 0, 0, 0, 0, 0, 0, 0, 0, 0, 0, 0, 0, 0, 0, 0, 0, 0, 0, 0, 0, 0, 0, 0, -0.002051287, -0.0018964106, -0.0018928887, -0.0019714031, -0.0020915354, -0.0022125966, -0.00226939, -0.0023736197, -0.0024665147, -0.0025088552, -0.0025860975, -0.0026547515, -0.0027156705, -0.0027438963, -0.0027967345, -0.0028469847, -0.0028719297, -0.0029232881, -0.0029783004, -0.0030078376, -0.003070786, -0.0031390586, -0.0032122538, -0.0032502804, -0.003329103, -0.003410468, -0.0034511623, -0.003531091, -0.0036069185, -0.0036759381, -0.0037076678, -0.0037660324, -0.003816821, -0.0038391666, -0.0038793087, -0.0039155683, -0.003931669, -0.003956048, -0.003968143, -0.003970856, -0.00396989, -0.003964942, -0.0039579566, -0.003954045, -0.0039439443, -0.00392787, -0.0039055664, -0.0038924227, -0.0038625053, -0.0038286585, -0.0038105326, -0.003770701, -0.0037224467, -0.0036942435, -0.0036317494, -0.003566325, -0.0035006602, -0.0034662473, -0.0033908593, -0.0033071572, -0.0032631045, -0.0031736866, -0.0030894177, -0.0030184377, -0.0029891862, -0.0029425258, -0.0029080678, -0.0028935655, -0.0028651382, -0.0028327662, -0.0028137977, -0.0027686108, -0.0027134183, -0.0026490416, -0.0026137324, -0.0025380696, -0.0024566746, -0.00241402, -0.0023250994, -0.0022308894, -0.0021304388, -0.0020775092, -0.0019664534, -0.0018543244, -0.0018045264, -0.0017514963, -0.0018320077
0, 0, 0, 0, 0, 0, 0, 0, 0, 0, 0, 0, 0, 0, 0, 0, 0, 0, 0, 0, 0, 0, 0, 0, 0, 0, 0, 0, 0, 0, 0, 0, 0, 0, 0, 0, 0, 0, 0, 0, 0, 0, 0, 0, 0, 0, 0, 0, 0, 0, 0, 0, 0, 0, 0, 0, 0, 0, 0, 0, 0, 0, 0, -0.0023131925, -0.001953322, -0.0019118171, -0.0019582165, -0.0020683208, -0.0021848609, -0.0022398036, -0.0023411221, -0.0024315133, -0.0024729238, -0.0025494297, -0.0026183226, -0.0026804195, -0.0027093298, -0.002763562, -0.0028147749, -0.0028400016, -0.002890862, -0.0029440594, -0.0029721232, -0.003031629, -0.0030969046, -0.003169391, -0.003208682, -0.0032936027, -0.003384918, -0.0034313125, -0.003522615, -0.0036085572, -0.003685763, -0.0037206372, -0.003782495, -0.0038328785, -0.0038539052, -0.0038911358, -0.003925986, -0.0039424165, -0.003970279, -0.0039880048, -0.00399603, -0.0039969417, -0.003993662, -0.0039861165, -0.003981704, -0.0039715534, -0.0039565014, -0.00393487, -0.00392196, -0.0038929512, -0.0038594655, -0.00384087, -0.0037992846, -0.0037506802, -0.003722769, -0.003660288, -0.0035936704, -0.003526755, -0.0034919216, -0.0034161743, -0.0033315867, -0.0032869389, -0.0031965624, -0.0031115322, -0.0030396257, -0.0030100215, -0.0029625143, -0.0029271152, -0.0029121952, -0.002883008, -0.002849708, -0.0028303054, -0.0027843728, -0.0027283058, -0.0026631053, -0.002627462, -0.0025509621, -0.002468739, -0.0024256778, -0.0023359908, -0.002240981, -0.0021396964, -0.0020863179, -0.0019744, -0.0018613846, -0.0018111329, -0.0017572427, -0.0018374375
0, 0, 0, 0, 0, 0, 0, 0, 0, 0, 0, 0, 0, 0, 0, 0, 0, 0, 0, 0, 0, 0, 0, 0, 0, 0, 0, 0, 0, 0, 0, 0, 0, 0, 0, 0, 0, 0, 0, 0, 0, 0, 0, 0, 0, 0, 0, 0, 0, 0, 0, 0, 0, 0, 0, 0, 0, 0, 0, 0, 0, 0, 0, -0.0022041162, -0.0019801417, -0.0019264779, -0.0019473191, -0.00204649, -0.0021595247, -0.0022141053, -0.0023159247, -0.0024082973, -0.0024510494, -0.0025303839, -0.0026018966, -0.0026659186, -0.0026951476, -0.0027487678, -0.002797494, -0.0028209586, -0.0028668935, -0.002913518, -0.0029383602, -0.002992189, -0.00305408, -0.0031263493, -0.0031665217, -0.0032552227, -0.0033525191, -0.003402555, -0.0035027638, -0.0035994877, -0.0036875287, -0.0037273983, -0.0037973637, -0.0038524019, -0.0038744926, -0.0039106524, -0.0039417944, -0.0039563375, -0.003982324, -0.0040029096, -0.0040163947, -0.0040199147, -0.0040198686, -0.0040136734, -0.0040097083, -0.004000232, -0.003985388, -0.0039632916, -0.0039504897, -0.0039225365, -0.0038901882, -0.0038714835, -0.0038288867, -0.0037791382, -0.0037510116, -0.0036883827, -0.0036214278, -0.0035532156, -0.003517857, -0.0034414253, -0.003356104, -0.0033108955, -0.0032197179, -0.003133806, -0.0030609302, -0.0030309074, -0.002982665, -0.0029463312, -0.0029308826, -0.0029009858, -0.0028668477, -0.0028469765, -0.0028002283, -0.0027433317, -0.002677312, -0.0026412762, -0.0025639746, -0.0024809123, -0.002437498, -0.0023469895, -0.002251174, -0.002148991, -0.0020952076, -0.0019823948, -0.0018684382, -0.0018177397, -0.0017630775, -0.001842918
0, 0, 0, 0, 0, 0, 0, 0, 0, 0, 0, 0, 0, 0, 0, 0, 0, 0, 0, 0, 0, 0, 0, 0, 0, 0, 0, 0, 0, 0, 0, 0, 0, 0, 0, 0, 0, 0, 0, 0, 0, 0, 0, 0, 0, 0, 0, 0, 0, 0, 0, 0, 0, 0, 0, 0, 0, 0, 0, 0, 0, 0, 0, -0.0026993155, -0.00212897, -0.0020039869, -0.0019590796, -0.0020354253, -0.002143211, -0.0021981788, -0.002303995, -0.0024019289, -0.002447802, -0.002532558, -0.0026078892, -0.0026737996, -0.0027032688, -0.0027559411, -0.0028019988, -0.0028232047, -0.0028635636, -0.0029041779, -0.0029262323, -0.0029760397, -0.0030358366, -0.0031068504, -0.0031462957, -0.003232877, -0.003328119, -0.003377676, -0.0034792493, -0.003580535, -0.003675851, -0.0037201056, -0.0037998892, -0.0038648346, -0.003890888, -0.0039314483, -0.0039614597, -0.0039742566, -0.0039977506, -0.0040184846, -0.004034084, -0.004038722, -0.00404163, -0.0040392005, -0.0040370063, -0.0040295413, -0.0040146485, -0.003991965, -0.003979055, -0.003951589, -0.003919893, -0.0039015033, -0.003859035, -0.0038081543, -0.003779324, -0.0037161945, -0.0036491002, -0.0035799711, -0.0035440372, -0.0034668182, -0.0033806835, -0.0033349693, -0.003242911, -0.0031562273, -0.003082379, -0.003051875, -0.003002893, -0.0029657262, -0.0029498485, -0.0029190588, -0.00288411, -0.0028637936, -0.0028161926, -0.0027584827, -0.0026916217, -0.0026551941, -0.0025771009, -0.0024932506, -0.0024494412, -0.0023580457, -0.0022614067, -0.0021584183, -0.002104179, -0.0019904745, -0.0018755755, -0.001824426, -0.0017689399, -0.0018484633
0, 0, 0, 0, 0, 0, 0, 0, 0, 0, 0, 0, 0, 0, 0, 0, 0, 0, 0, 0, 0, 0, 0, 0, 0, 0, 0, 0, 0, 0, 0, 0, 0, 0, 0, 0, 0, 0, 0, 0, 0, 0, 0, 0, 0, 0, 0, 0, 0, 0, 0, 0, 0, 0, 0, 0, 0, 0, 0, 0, 0, 0, 0, 0, -0.002215803, -0.0020865167, -0.0019766088, -0.0020183683, -0.0021198585, -0.0021767616, -0.00228967, -0.0023951477, -0.0024441876, -0.0025342877, -0.0026130807, -0.0026808176, -0.0027108642, -0.0027643708, -0.00281083, -0.002831906, -0.0028720037, -0.0029128634, -0.0029353518, -0.0029870076, -0.0030487785, -0.0031199066, -0.0031581817, -0.0032395194, -0.003326612, -0.0033720825, -0.003466769, -0.0035643145, -0.0036597452, -0.0037054406, -0.00379107, -0.0038644506, -0.0038948301, -0.003942792, -0.003977196, -0.003991305, -0.004016318, -0.004037451, -0.00405266, -0.00405733, -0.004061719, -0.004062321, -0.004061706, -0.0040567983, -0.0040438124, -0.0040222676, -0.0040092207, -0.0039804424, -0.0039484315, -0.0039306823, -0.0038892217, -0.0038375126, -0.0038080518, -0.0037441433, -0.003676598, -0.0036066314, -0.0035703422, -0.0034924664, -0.00340518, -0.0033590344, -0.0032661946, -0.0031787583, -0.0031039952, -0.0030729638, -0.0030231604, -0.002985302, -0.0029688822, -0.0029372533, -0.0029015148, -0.0028807325, -0.0028322833, -0.0027737722, -0.0027060646, -0.0026692208, -0.0025903154, -0.0025056733, -0.0024614169, -0.0023692406, -0.002271773, -0.0021679197, -0.002113247, -0.001998622, -0.0018827999, -0.001831179, -0.0017748605, -0.0018540425
0, 0, 0, 0, 0, 0, 0, 0, 0, 0, 0, 0, 0, 0, 0, 0, 0, 0, 0, 0, 0, 0, 0, 0, 0, 0, 0, 0, 0, 0, 0, 0, 0, 0, 0, 0, 0, 0, 0, 0, 0, 0, 0, 0, 0, 0, 0, 0, 0, 0, 0, 0, 0, 0, 0, 0, 0, 0, 0, 0, 0, 0, 0, 0, -0.0025792767, -0.0022580586, -0.0019679817, -0.0019670196, -0.0020700982, -0.002132083, -0.002255088, -0.0023674725, -0.0024190398, -0.00251219, -0.0025931287, -0.0026631125, -0.0026946336, -0.0027520303, -0.0028040374, -0.0028283866, -0.0028758806, -0.002924811, -0.0029513515, -0.0030101521, -0.0030770733, -0.003150083, -0.0031876862, -0.003264826, -0.003344218, -0.0033852851, -0.0034716348, -0.0035627289, -0.0036536222, -0.0036977935, -0.0037818777, -0.003856376, -0.0038885295, -0.0039419113, -0.003983734, -0.004001506, -0.0040322505, -0.0040564137, -0.004072898, -0.004078213, -0.00408372, -0.0040853336, -0.004085077, -0.004081759, -0.0040715174, -0.004052215, -0.004039554, -0.0040101027, -0.003977633, -0.00395979, -0.003918301, -0.003866477, -0.0038369503, -0.0037726692, -0.0037039404, -0.0036330146, -0.0035964865, -0.003518129, -0.0034299693, -0.0033831808, -0.003289389, -0.003201329, -0.0031257384, -0.0030941956, -0.0030435254, -0.0030049274, -0.0029880973, -0.002955539, -0.0029190185, -0.0028978304, -0.0028484429, -0.0027892056, -0.0027206314, -0.0026833627, -0.002603651, -0.0025181393, -0.002473514, -0.0023805301, -0.0022821834, -0.002177494, -0.002122374, -0.0020068637, -0.0018900984, -0.0018379507, -0.0017808139, -0.0018596705
0, 0, 0, 0, 0, 0, 0, 0, 0, 0, 0, 0, 0, 0, 0, 0, 0, 0, 0, 0, 0, 0, 0, 0, 0, 0, 0, 0, 0, 0, 0, 0, 0, 0, 0, 0, 0, 0, 0, 0, 0, 0, 0, 0, 0, 0, 0, 0, 0, 0, 0, 0, 0, 0, 0, 0, 0, 0, 0, 0, 0, 0, 0, 0, -0.0025027946, -0.0021736384, -0.001870426, -0.0018842409, -0.0020040642, -0.0020723904, -0.002202944, -0.0023182852, -0.0023701624, -0.0024641647, -0.0025467977, -0.0026201215, -0.0026540586, -0.0027180484, -0.0027791217, -0.0028090938, -0.0028685585, -0.0029292786, -0.002961145, -0.003028288, -0.0031003084, -0.0031755199, -0.003213341, -0.0032889892, -0.0033652156, -0.0034042662, -0.0034859749, -0.00357228, -0.003658474, -0.003700311, -0.0037800313, -0.0038513038, -0.0038826978, -0.003937474, -0.003983781, -0.004004511, -0.004041186, -0.004070982, -0.004092583, -0.004099822, -0.004107813, -0.004109412, -0.0041091284, -0.0041065696, -0.0040984116, -0.0040808124, -0.0040685805, -0.0040396834, -0.004007433, -0.003989574, -0.003947372, -0.0038948015, -0.0038651987, -0.0038008944, -0.003731645, -0.0036596283, -0.003622511, -0.0035434198, -0.0034547872, -0.0034076197, -0.0033126816, -0.0032237768, -0.0031475604, -0.0031155609, -0.0030639803, -0.0030245653, -0.0030073803, -0.0029739225, -0.0029366103, -0.0029150145, -0.0028647431, -0.0028046933, -0.0027352904, -0.0026975998, -0.0026170614, -0.0025307694, -0.0024857176, -0.0023918697, -0.0022926903, -0.0021871591, -0.0021316172, -0.0020151306, -0.0018974228, -0.0018448201, -0.0017868297, -0.0018653056
0, 0, 0, 0, 0, 0, 0, 0, 0, 0, 0, 0, 0, 0, 0, 0, 0, 0, 0, 0, 0, 0, 0, 0, 0, 0, 0, 0, 0, 0, 0, 0, 0, 0, 0, 0, 0, 0, 0, 0, 0, 0, 0, 0, 0, 0, 0, 0, 0, 0, 0, 0, 0, 0, 0, 0, 0, 0, 0, 0, 0, 0, 0, 0, 0, -0.0019133644, -0.0018159908, -0.0018474156, -0.0019607507, -0.002025717, -0.0021513458, -0.002263529, -0.0023145338, -0.0024083795, -0.0024938388, -0.0025723032, -0.002609568, -0.0026815336, -0.0027519655, -0.0027869826, -0.00285659, -0.002926254, -0.0029613199, -0.0030330084, -0.00310701, -0.0031833095, -0.0032218562, -0.0032992077, -0.003377438, -0.003417034, -0.0034987594, -0.0035828375, -0.0036656945, -0.0037058173, -0.0037822118, -0.0038510754, -0.0038817702, -0.003936337, -0.003984509, -0.0040067513, -0.004047104, -0.004081851, -0.0041091484, -0.0041190353, -0.004130615, -0.0041341083, -0.004134441, -0.004133069, -0.004125644, -0.0041083563, -0.0040964084, -0.004068428, -0.0040370957, -0.0040192646, -0.003976607, -0.00392318, -0.0038932415, -0.0038285924, -0.0037590533, -0.0036862653, -0.0036486564, -0.0035686614, -0.0034794067, -0.0034319472, -0.0033360233, -0.0032463258, -0.0031693787, -0.0031369207, -0.0030844894, -0.00304437, -0.0030267166, -0.0029923806, -0.0029542656, -0.002932285, -0.0028811737, -0.002820309, -0.0027500137, -0.0027119138, -0.0026305816, -0.0025434282, -0.002497973, -0.002403332, -0.0023033004, -0.0021968698, -0.0021408824, -0.0020234773, -0.0019047983, -0.0018517188, -0.0017928843, -0.0018710092
0, 0, 0, 0, 0, 0, 0, 0, 0, 0, 0, 0, 0, 0, 0, 0, 0, 0, 0, 0, 0, 0, 0, 0, 0, 0, 0, 0, 0, 0, 0, 0, 0, 0, 0, 0, 0, 0, 0, 0, 0, 0, 0, 0, 0, 0, 0, 0, 0, 0, 0, 0, 0, 0, 0, 0, 0, 0, 0, 0, 0, 0, 0, 0, 0, -0.0023228433, -0.0020207244, -0.00190611, -0.0019522067, -0.0020013181, -0.0021122713, -0.0022208178, -0.0022719102, -0.002368603, -0.002458999, -0.002544226, -0.0025850446, -0.0026639355, -0.0027401438, -0.002777562, -0.0028507363, -0.002921621, -0.0029565045, -0.0030263697, -0.0030982739, -0.003174014, -0.0032130845, -0.0032933652, -0.0033760313, -0.003417965, -0.0035022679, -0.0035866387, -0.0036681015, -0.0037073581, -0.0037826125, -0.0038512656, -0.0038823378, -0.003938523, -0.00398884, -0.004012049, -0.004054986, -0.0040930943, -0.004124498, -0.004136248, -0.004151024, -0.004157458, -0.004159211, -0.0041601043, -0.004153514, -0.004136292, -0.0041243075, -0.0040966454, -0.0040656542, -0.0040481673, -0.004005768, -0.0039518476, -0.003921325, -0.0038556908, -0.00378612, -0.0037129624, -0.0036747612, -0.0035935945, -0.003504021, -0.003456319, -0.0033592957, -0.0032688405, -0.0031912741, -0.0031584501, -0.0031049992, -0.0030641856, -0.0030462174, -0.0030109352, -0.0029719796, -0.0029496413, -0.0028977196, -0.0028359639, -0.00276486, -0.0027263393, -0.0026441975, -0.002556198, -0.0025103288, -0.002414815, -0.00231397, -0.0022066536, -0.0021502152, -0.0020318583, -0.001912213, -0.0018586308, -0.0017989781, -0.0018767517
0, 0, 0, 0, 0, 0, 0, 0, 0, 0, 0, 0, 0, 0, 0, 0, 0, 0, 0, 0, 0, 0, 0, 0, 0, 0, 0, 0, 0, 0, 0, 0, 0, 0, 0, 0, 0, 0, 0, 0, 0, 0, 0, 0, 0, 0, 0, 0, 0, 0, 0, 0, 0, 0, 0, 0, 0, 0, 0, 0, 0, 0, 0, 0, 0, -0.003056392, -0.002282057, -0.0019523118, -0.001931949, -0.0019713668, -0.0020805101, -0.0021949797, -0.0022496446, -0.002352836, -0.0024495656, -0.0025407358, -0.0025843813, -0.0026678806, -0.0027465734, -0.0027841802, -0.0028558585, -0.0029228907, -0.0029551662, -0.0030191396, -0.0030861404, -0.0031587952, -0.0031972998, -0.0032781048, -0.0033633376, -0.0034068127, -0.003494288, -0.0035804098, -0.003662682, -0.0037021483, -0.0037780104, -0.0038481725, -0.0038806717, -0.003940849, -0.0039953697, -0.0040203524, -0.0040661194, -0.004106768, -0.004140573, -0.0041535455, -0.004170649, -0.004179788, -0.0041829515, -0.0041860975, -0.0041808756, -0.004164622, -0.004152893, -0.0041251048, -0.0040934132, -0.0040759435, -0.004034201, -0.003980434, -0.003949436, -0.0038826275, -0.0038127152, -0.003739361, -0.0037007362, -0.0036186127, -0.0035284357, -0.003480356, -0.0033826688, -0.0032913755, -0.0032130342, -0.0031799162, -0.0031257, -0.0030840167, -0.0030656876, -0.0030296342, -0.002989845, -0.0029670852, -0.0029142695, -0.0028517186, -0.002779803, -0.0027408625, -0.0026578687, -0.0025690445, -0.0025227566, -0.0024264082, -0.0023247101, -0.0022164916, -0.0021595955, -0.002040297, -0.0019196527, -0.0018655888, -0.0018050983, -0.0018825469
0, 0, 0, 0, 0, 0, 0, 0, 0, 0, 0, 0, 0, 0, 0, 0, 0, 0, 0, 0, 0, 0, 0, 0, 0, 0, 0, 0, 0, 0, 0, 0, 0, 0, 0, 0, 0, 0, 0, 0, 0, 0, 0, 0, 0, 0, 0, 0, 0, 0, 0, 0, 0, 0, 0, 0, 0, 0, 0, 0, 0, 0, 0, 0, 0, 0, -0.0022068066, -0.0018782018, -0.001878692, -0.0019293033, -0.0020579183, -0.0021863624, -0.0022459358, -0.0023559078, -0.0024569058, -0.0025509296, -0.0025956493, -0.002680217, -0.0027582997, -0.0027947621, -0.0028629664, -0.0029253415, -0.002955094, -0.0030141491, -0.0030769205, -0.0031467031, -0.0031839723, -0.0032632018, -0.0033476795, -0.0033912226, -0.0034789983, -0.0035658653, -0.0036492767, -0.0036895655, -0.0037677758, -0.00384175, -0.0038767674, -0.0039427537, -0.00400248, -0.004029429, -0.0040781614, -0.0041213543, -0.0041579744, -0.004172278, -0.0041919295, -0.004202629, -0.004206297, -0.0042103603, -0.004206926, -0.004192757, -0.0041816817, -0.004153488, -0.0041208104, -0.0041031623, -0.0040620198, -0.0040084254, -0.003977061, -0.0039094198, -0.0038391664, -0.0037653632, -0.0037264498, -0.003643519, -0.003552726, -0.0035043838, -0.0034060318, -0.0033137775, -0.0032349243, -0.0032014556, -0.0031463848, -0.00310392, -0.0030852717, -0.0030483592, -0.0030077628, -0.0029846206, -0.0029309746, -0.0028675164, -0.0027948557, -0.0027554508, -0.0026716262, -0.0025819703, -0.002535249, -0.0024380896, -0.0023354876, -0.0022263823, -0.0021690063, -0.0020487932, -0.0019271848, -0.0018726202, -0.0018112371, -0.0018883479
0, 0, 0, 0, 0, 0, 0, 0, 0, 0, 0, 0, 0, 0, 0, 0, 0, 0, 0, 0, 0, 0, 0, 0, 0, 0, 0, 0, 0, 0, 0, 0, 0, 0, 0, 0, 0, 0, 0, 0, 0, 0, 0, 0, 0, 0, 0, 0, 0, 0, 0, 0, 0, 0, 0, 0, 0, 0, 0, 0, 0, 0, 0, 0, 0, 0, -0.001920189, -0.0018249932, -0.0018675692, -0.0019257219, -0.0020635403, -0.002196931, -0.002257552, -0.0023684334, -0.0024687788, -0.0025619366, -0.0026060415, -0.0026890123, -0.0027646192, -0.0027998476, -0.002865381, -0.002925537, -0.0029542497, -0.0030118562, -0.003073272, -0.0031409857, -0.0031767925, -0.0032522343, -0.0033325453, -0.0033740804, -0.0034592215, -0.0035455485, -0.0036307166, -0.0036726666, -0.0037551944, -0.0038349666, -0.0038729862, -0.003944793, -0.004009348, -0.0040381504, -0.0040897573, -0.004135569, -0.00417517, -0.0041912785, -0.004214311, -0.0042266273, -0.004230358, -0.004234366, -0.0042319815, -0.004219669, -0.0042091683, -0.004181241, -0.004148277, -0.0041305586, -0.0040892474, -0.004035436, -0.0040038917, -0.0039360505, -0.0038653049, -0.003791028, -0.003751848, -0.0036684028, -0.0035767693, -0.0035281954, -0.0034293814, -0.0033362992, -0.0032566744, -0.0032229295, -0.0031672074, -0.0031238364, -0.0031048108, -0.0030671987, -0.0030257213, -0.003002185, -0.0029477281, -0.0028834408, -0.0028099616, -0.0027701042, -0.0026854835, -0.0025949918, -0.0025478022, -0.0024498003, -0.002346289, -0.0022363225, -0.0021784967, -0.0020573298, -0.001934709, -0.001879674, -0.0018174304, -0.0018941683
0, 0, 0, 0, 0, 0, 0, 0, 0, 0, 0, 0, 0, 0, 0, 0, 0, 0, 0, 0, 0, 0, 0, 0, 0, 0, 0, 0, 0, 0, 0, 0, 0, 0, 0, 0, 0, 0, 0, 0, 0, 0, 0, 0, 0, 0, 0, 0, 0, 0, 0, 0, 0, 0, 0, 0, 0, 0, 0, 0, 0, 0, 0, 0, 0, 0, -0.0022915099, -0.002021128, -0.0019567665, -0.0019868186, -0.0020944248, -0.0022135184, -0.0022699654, -0.0023755205, -0.0024728938, -0.0025639671, -0.0026071246, -0.0026884212, -0.002762487, -0.002797066, -0.0028622842, -0.002923394, -0.0029529596, -0.0030124185, -0.003075425, -0.0031428202, -0.0031776913, -0.0032490143, -0.003323102, -0.0033612954, -0.0034402777, -0.0035234177, -0.0036090421, -0.0036524732, -0.0037404385, -0.003827613, -0.0038696537, -0.003948232, -0.004017442, -0.004048002, -0.0041018967, -0.004149314, -0.0041913013, -0.0042091766, -0.0042358506, -0.0042505027, -0.0042545893, -0.004258704, -0.0042570727, -0.0042457688, -0.004235549, -0.0042077093, -0.0041749845, -0.00415739, -0.0041161445, -0.0040620742, -0.0040304544, -0.0039621424, -0.003890894, -0.003816565, -0.0037772649, -0.0036930754, -0.0036006742, -0.0035519158, -0.0034526328, -0.003358822, -0.0032784785, -0.0032444312, -0.0031879598, -0.0031438742, -0.003124507, -0.0030860368, -0.0030437484, -0.0030198433, -0.0029645932, -0.0028993678, -0.002825154, -0.0027848696, -0.002699339, -0.002608056, -0.0025604293, -0.0024615435, -0.002357168, -0.0022463165, -0.0021880171, -0.0020658644, -0.0019422706, -0.0018867445, -0.0018236132, -0.0019000316
0, 0, 0, 0, 0, 0, 0, 0, 0, 0, 0, 0, 0, 0, 0, 0, 0, 0, 0, 0, 0, 0, 0, 0, 0, 0, 0, 0, 0, 0, 0, 0, 0, 0, 0, 0, 0, 0, 0, 0, 0, 0, 0, 0, 0, 0, 0, 0, 0, 0, 0, 0, 0, 0, 0, 0, 0, 0, 0, 0, 0, 0, 0, 0, 0, 0, -0.002956561, -0.0022824802, -0.0020590993, -0.0020477348, -0.0021081178, -0.0022064862, -0.002258368, -0.0023607302, -0.0024584814, -0.002550258, -0.0025933213, -0.0026743484, -0.002748852, -0.0027840198, -0.0028516438, -0.0029166283, -0.002948755, -0.003013503, -0.003080582, -0.0031496107, -0.0031840706, -0.0032524164, -0.0033206006, -0.0033553047, -0.0034277588, -0.003506869, -0.0035917445, -0.0036359346, -0.0037273613, -0.0038203648, -0.0038656404, -0.0039504566, -0.0040245815, -0.004057172, -0.004114513, -0.0041643167, -0.004208271, -0.0042272117, -0.0042562988, -0.0042729317, -0.0042776456, -0.0042824806, -0.0042817397, -0.0042713564, -0.00426143, -0.0042337147, -0.0042007472, -0.004183101, -0.0041419812, -0.004088328, -0.0040568644, -0.0039880704, -0.003916136, -0.0038415785, -0.0038023093, -0.0037176954, -0.003624658, -0.0035755388, -0.003475779, -0.0033813708, -0.0033003702, -0.0032659716, -0.003208784, -0.0031639235, -0.0031441418, -0.003105028, -0.003061824, -0.0030374674, -0.002981498, -0.0029154173, -0.0028403336, -0.002799664, -0.0027132689, -0.0026211257, -0.0025730552, -0.0024733231, -0.002368125, -0.0022563017, -0.0021975643, -0.0020744505, -0.0019498919, -0.0018938169, -0.001829851, -0.0019058919
0, 0, 0, 0, 0, 0, 0, 0, 0, 0, 0, 0, 0, 0, 0, 0, 0, 0, 0, 0, 0, 0, 0, 0, 0, 0, 0, 0, 0, 0, 0, 0, 0, 0, 0, 0, 0, 0, 0, 0, 0, 0, 0, 0, 0, 0, 0, 0, 0, 0, 0, 0, 0, 0, 0, 0, 0, 0, 0, 0, 0, 0, 0, 0, 0, 0, 0, -0.0023356832, -0.0020895568, -0.0020454933, -0.00206651, -0.002156131, -0.002209694, -0.002320244, -0.002426159, -0.002522659, -0.0025669949, -0.0026494283, -0.002725571, -0.002762166, -0.0028340712, -0.0029051045, -0.0029404832, -0.0030119587, -0.0030839741, -0.0031552375, -0.0031896848, -0.0032565263, -0.0033215235, -0.0033541373, -0.0034226393, -0.0034988993, -0.0035826229, -0.003627013, -0.0037201901, -0.003816694, -0.0038641212, -0.003953474, -0.0040316284, -0.0040658466, -0.004125738, -0.0041776407, -0.0042243176, -0.004244888, -0.004277156, -0.0042957775, -0.004300661, -0.0043050894, -0.004304398, -0.004295495, -0.0042863893, -0.004259536, -0.0042262394, -0.004208242, -0.0041669686, -0.004113813, -0.004082478, -0.004013717, -0.003941357, -0.0038664641, -0.0038270655, -0.003742109, -0.0036485426, -0.003599197, -0.0034989861, -0.0034037645, -0.003322206, -0.0032876171, -0.0032296632, -0.0031839446, -0.0031637964, -0.0031240664, -0.0030799438, -0.0030551585, -0.0029984275, -0.002931489, -0.0028555768, -0.0028145274, -0.002727232, -0.0026342445, -0.0025857822, -0.002485146, -0.0023790605, -0.0022663656, -0.0022071353, -0.002083085, -0.0019574738, -0.0019009407, -0.0018360957, -0.0019117686
0, 0, 0, 0, 0, 0, 0, 0, 0, 0, 0, 0, 0, 0, 0, 0, 0, 0, 0, 0, 0, 0, 0, 0, 0, 0, 0, 0, 0, 0, 0, 0, 0, 0, 0, 0, 0, 0, 0, 0, 0, 0, 0, 0, 0, 0, 0, 0, 0, 0, 0, 0, 0, 0, 0, 0, 0, 0, 0, 0, 0, 0, 0, 0, 0, 0, 0, -0.0026374732, -0.002083285, -0.0019800598, -0.0019694187, -0.0020727557, -0.0021375532, -0.0022687227, -0.002389029, -0.00249299, -0.002539354, -0.0026242177, -0.00270285, -0.002741144, -0.0028173544, -0.0028935538, -0.0029319106, -0.0030086343, -0.0030845103, -0.0031578015, -0.003192729, -0.0032597207, -0.0033235939, -0.003355154, -0.0034209045, -0.0034946937, -0.0035778831, -0.0036228949, -0.0037192663, -0.0038193343, -0.0038683445, -0.003960092, -0.0040400005, -0.0040749656, -0.0041361535, -0.004189841, -0.0042393175, -0.004261486, -0.0042967726, -0.0043173763, -0.0043227645, -0.0043276157, -0.004326789, -0.004318065, -0.0043092743, -0.004283641, -0.00425115, -0.0042332597, -0.0041917986, -0.0041385596, -0.004107422, -0.0040388764, -0.003966346, -0.0038912285, -0.0038518005, -0.0037664864, -0.0036722538, -0.0036227014, -0.0035221977, -0.0034263611, -0.0033439954, -0.0033090767, -0.003250647, -0.0032041012, -0.0031835204, -0.0031430782, -0.0030981419, -0.003072885, -0.0030154474, -0.0029476045, -0.0028708205, -0.0028294243, -0.0027412106, -0.0026473848, -0.00259852, -0.0024969995, -0.002390024, -0.0022764415, -0.0022167237, -0.0020917123, -0.00196508, -0.00190806, -0.0018423406, -0.0019176811
0, 0, 0, 0, 0, 0, 0, 0, 0, 0, 0, 0, 0, 0, 0, 0, 0, 0, 0, 0, 0, 0, 0, 0, 0, 0, 0, 0, 0, 0, 0, 0, 0, 0, 0, 0, 0, 0, 0, 0, 0, 0, 0, 0, 0, 0, 0, 0, 0, 0, 0, 0, 0, 0, 0, 0, 0, 0, 0, 0, 0, 0, 0, 0, 0, 0, 0, -0.002476887, -0.0019179933, -0.0018264211, -0.0018562152, -0.001999196, -0.0020796303, -0.0022324834, -0.0023640248, -0.0024731308, -0.002521099, -0.002608038, -0.0026889334, -0.0027286075, -0.0028076796, -0.002887455, -0.0029276074, -0.0030077822, -0.0030862743, -0.0031611721, -0.0031964928, -0.0032633748, -0.0033259965, -0.0033564758, -0.0034198414, -0.003491827, -0.0035758002, -0.0036223782, -0.003722834, -0.0038259288, -0.0038755902, -0.003967819, -0.004049207, -0.0040853214, -0.004148727, -0.0042037754, -0.0042537884, -0.004276497, -0.0043136445, -0.004336929, -0.0043435427, -0.0043495903, -0.004348472, -0.004339374, -0.004330999, -0.0043067723, -0.004275288, -0.004257408, -0.0042158295, -0.0041631716, -0.004132351, -0.0040638396, -0.0039909747, -0.003915827, -0.003876413, -0.0037907853, -0.0036960538, -0.0036463058, -0.0035452829, -0.003448921, -0.0033658636, -0.0033306298, -0.0032716035, -0.0032242204, -0.003203236, -0.0031621628, -0.003116356, -0.0030906466, -0.0030324275, -0.0029638174, -0.002886071, -0.0028442824, -0.0027552552, -0.0026605316, -0.002611278, -0.0025088452, -0.0024010323, -0.0022864996, -0.002226348, -0.0021003326, -0.0019727075, -0.0019151885, -0.0018485842, -0.001923576
0, 0, 0, 0, 0, 0, 0, 0, 0, 0, 0, 0, 0, 0, 0, 0, 0, 0, 0, 0, 0, 0, 0, 0, 0, 0, 0, 0, 0, 0, 0, 0, 0, 0, 0, 0, 0, 0, 0, 0, 0, 0, 0, 0, 0, 0, 0, 0, 0, 0, 0, 0, 0, 0, 0, 0, 0, 0, 0, 0, 0, 0, 0, 0, 0, 0, 0, 0, -0.0017428269, -0.0017314856, -0.0018247339, -0.001990346, -0.002075757, -0.0022313823, -0.0023611218, -0.0024681822, -0.0025156578, -0.0026034184, -0.0026862603, -0.0027270466, -0.002808627, -0.0028910788, -0.0029326098, -0.0030148178, -0.003093464, -0.0031667987, -0.0032009254, -0.0032652684, -0.003325967, -0.0033559399, -0.003419329, -0.0034927188, -0.0035791975, -0.003627134, -0.0037294535, -0.003832381, -0.0038816247, -0.0039739497, -0.0040581306, -0.0040964363, -0.0041635972, -0.0042195786, -0.004268898, -0.0042913225, -0.0043291734, -0.0043541593, -0.004361788, -0.004369445, -0.0043691867, -0.0043604397, -0.0043522567, -0.0043286905, -0.00429814, -0.004280754, -0.0042400057, -0.0041875453, -0.0041566594, -0.004088309, -0.004015753, -0.0039405376, -0.003900926, -0.0038149606, -0.0037198758, -0.0036698426, -0.003568445, -0.003471576, -0.0033876325, -0.0033520977, -0.003292639, -0.0032444093, -0.0032229337, -0.003181162, -0.003134711, -0.0031084623, -0.0030493047, -0.0029800269, -0.0029013713, -0.0028591426, -0.0027692951, -0.002673734, -0.0026239916, -0.002520709, -0.0024119914, -0.0022965923, -0.0022359753, -0.0021089683, -0.0019803203, -0.0019222978, -0.0018548464, -0.0019294765
0, 0, 0, 0, 0, 0, 0, 0, 0, 0, 0, 0, 0, 0, 0, 0, 0, 0, 0, 0, 0, 0, 0, 0, 0, 0, 0, 0, 0, 0, 0, 0, 0, 0, 0, 0, 0, 0, 0, 0, 0, 0, 0, 0, 0, 0, 0, 0, 0, 0, 0, 0, 0, 0, 0, 0, 0, 0, 0, 0, 0, 0, 0, 0, 0, 0, 0, 0, -0.0019857653, -0.0019262689, -0.0019444929, -0.0020619282, -0.0021300272, -0.0022601162, -0.0023738246, -0.0024730691, -0.0025191447, -0.0026073381, -0.0026932298, -0.0027358315, -0.002820903, -0.0029060044, -0.0029482031, -0.0030294782, -0.0031044597, -0.0031723105, -0.0032039094, -0.0032645974, -0.003324633, -0.0033554954, -0.003422011, -0.0034990758, -0.0035876995, -0.003635835, -0.0037366815, -0.0038374923, -0.0038859346, -0.003978975, -0.0040666345, -0.004107142, -0.004177962, -0.0042353994, -0.0042845453, -0.0043068137, -0.0043443553, -0.0043693907, -0.004377351, -0.0043867594, -0.0043886085, -0.0043809796, -0.004372992, -0.0043498403, -0.004320372, -0.0043036616, -0.004263761, -0.004211576, -0.0041808994, -0.004113082, -0.0040403204, -0.0039648605, -0.0039253053, -0.003839534, -0.003743611, -0.0036931294, -0.0035915377, -0.003494378, -0.0034094078, -0.003373459, -0.0033135768, -0.0032646672, -0.003242713, -0.0032001142, -0.0031529695, -0.0031263174, -0.0030662508, -0.0029961674, -0.002916655, -0.0028739849, -0.0027833674, -0.0026868754, -0.0026367125, -0.002532593, -0.0024229514, -0.0023066525, -0.002245566, -0.0021175996, -0.0019879476, -0.0019294024, -0.0018611221, -0.0019353863
0, 0, 0, 0, 0, 0, 0, 0, 0, 0, 0, 0, 0, 0, 0, 0, 0, 0, 0, 0, 0, 0, 0, 0, 0, 0, 0, 0, 0, 0, 0, 0, 0, 0, 0, 0, 0, 0, 0, 0, 0, 0, 0, 0, 0, 0, 0, 0, 0, 0, 0, 0, 0, 0, 0, 0, 0, 0, 0, 0, 0, 0, 0, 0, 0, 0, 0, 0, -0.0025072703, -0.0023175373, -0.0021382582, -0.0021502601, -0.0021876518, -0.002281094, -0.002378049, -0.002472243, -0.0025185568, -0.0026101086, -0.0027009686, -0.0027463185, -0.0028360279, -0.002923507, -0.0029654775, -0.0030442188, -0.0031143348, -0.0031772405, -0.0032069888, -0.0032658875, -0.0033271885, -0.003359297, -0.0034290762, -0.0035085795, -0.0035977338, -0.003645362, -0.0037441724, -0.003842855, -0.0038907644, -0.00398436, -0.0040742396, -0.004116097, -0.00418949, -0.004249107, -0.00429963, -0.0043220813, -0.0043590926, -0.0043831705, -0.004391192, -0.004402036, -0.0044064173, -0.0044005816, -0.0043930854, -0.0043707737, -0.004342486, -0.004326282, -0.004287053, -0.0042355238, -0.0042051994, -0.0041377875, -0.004064873, -0.0039891917, -0.0039497064, -0.003863932, -0.003767452, -0.0037166295, -0.0036145104, -0.003516979, -0.0034313302, -0.003394933, -0.0033344084, -0.0032849477, -0.0032625385, -0.0032190015, -0.0031712, -0.0031441713, -0.0030831373, -0.0030123377, -0.002931901, -0.002888769, -0.0027973964, -0.0027000278, -0.0026494185, -0.0025444522, -0.0024339217, -0.002316687, -0.0022551396, -0.002126217, -0.0019955614, -0.0019365345, -0.0018673686, -0.0019412693
0, 0, 0, 0, 0, 0, 0, 0, 0, 0, 0, 0, 0, 0, 0, 0, 0, 0, 0, 0, 0, 0, 0, 0, 0, 0, 0, 0, 0, 0, 0, 0, 0, 0, 0, 0, 0, 0, 0, 0, 0, 0, 0, 0, 0, 0, 0, 0, 0, 0, 0, 0, 0, 0, 0, 0, 0, 0, 0, 0, 0, 0, 0, 0, 0, 0, 0, 0, -0.0030831639, -0.0026581201, -0.002230066, -0.0021519598, -0.0021702368, -0.0022491983, -0.0023466991, -0.0024480957, -0.0024989853, -0.0025997849, -0.0026988806, -0.0027474356, -0.0028421292, -0.0029316018, -0.0029733393, -0.0030502528, -0.003118209, -0.003180628, -0.0032108368, -0.0032719632, -0.003335545, -0.0033686142, -0.0034395119, -0.0035192359, -0.0036074398, -0.0036542995, -0.0037512744, -0.0038487134, -0.0038966432, -0.003990885, -0.004081558, -0.0041238978, -0.004198435, -0.0042595123, -0.004311476, -0.0043344568, -0.0043718107, -0.004396132, -0.0044044005, -0.00441663, -0.004422822, -0.0044187317, -0.0044121793, -0.004391871, -0.0043649236, -0.0043489947, -0.0043100747, -0.0042592445, -0.004229472, -0.004162699, -0.00408954, -0.0040134317, -0.0039738948, -0.003888369, -0.0037914517, -0.003740092, -0.0036372696, -0.0035397029, -0.0034532808, -0.0034163455, -0.0033551685, -0.0033051863, -0.0032823468, -0.0032378065, -0.0031893596, -0.0031619864, -0.003100023, -0.003028383, -0.002947224, -0.0029035972, -0.002811339, -0.0027131652, -0.0026621495, -0.002556238, -0.002444878, -0.0023267157, -0.0022646887, -0.0021348319, -0.0020031773, -0.0019436341, -0.0018735876, -0.0019471407
0, 0, 0, 0, 0, 0, 0, 0, 0, 0, 0, 0, 0, 0, 0, 0, 0, 0, 0, 0, 0, 0, 0, 0, 0, 0, 0, 0, 0, 0, 0, 0, 0, 0, 0, 0, 0, 0, 0, 0, 0, 0, 0, 0, 0, 0, 0, 0, 0, 0, 0, 0, 0, 0, 0, 0, 0, 0, 0, 0, 0, 0, 0, 0, 0, 0, 0, 0, -0.0029578782, -0.00253866, -0.0021014262, -0.0020307794, -0.002057051, -0.0021559612, -0.0022749435, -0.0023961188, -0.0024554622, -0.002570544, -0.0026796097, -0.0027316841, -0.0028308257, -0.0029217105, -0.002963778, -0.0030411396, -0.0031115026, -0.0031791981, -0.0032127846, -0.0032800143, -0.0033475736, -0.003381589, -0.003452358, -0.0035301226, -0.003615988, -0.0036616332, -0.0037570153, -0.0038542026, -0.0039024018, -0.0039972877, -0.0040881587, -0.0041303984, -0.0042049373, -0.004266527, -0.004319389, -0.0043429285, -0.004381502, -0.0044073006, -0.0044166152, -0.0044308235, -0.0044388445, -0.0044364296, -0.004430915, -0.0044127963, -0.0043873787, -0.004371812, -0.004333143, -0.0042830445, -0.004253706, -0.0041876496, -0.0041143093, -0.0040375935, -0.003998053, -0.0039126985, -0.0038154083, -0.00376364, -0.0036600886, -0.0035620779, -0.0034752323, -0.0034379386, -0.003375768, -0.0033252134, -0.0033021073, -0.0032567156, -0.0032073804, -0.003179684, -0.0031169122, -0.0030444188, -0.0029623874, -0.002918394, -0.002825292, -0.0027261998, -0.0026747845, -0.0025680552, -0.0024557556, -0.002336726, -0.0022742408, -0.0021433977, -0.0020107408, -0.001950705, -0.0018797992, -0.0019529968
0, 0, 0, 0, 0, 0, 0, 0, 0, 0, 0, 0, 0, 0, 0, 0, 0, 0, 0, 0, 0, 0, 0, 0, 0, 0, 0, 0, 0, 0, 0, 0, 0, 0, 0, 0, 0, 0, 0, 0, 0, 0, 0, 0, 0, 0, 0, 0, 0, 0, 0, 0, 0, 0, 0, 0, 0, 0, 0, 0, 0, 0, 0, 0, 0, 0, 0, 0, 0, -0.0021294302, -0.0019117573, -0.0018725513, -0.0019112385, -0.0020385287, -0.0021849822, -0.0023282268, -0.0023963223, -0.0025245368, -0.0026417258, -0.0026965686, -0.0027988332, -0.002891506, -0.0029347213, -0.0030159438, -0.0030929726, -0.0031691603, -0.0032070423, -0.0032819493, -0.0033547364, -0.003390463, -0.0034627449, -0.0035403683, -0.0036245042, -0.0036691406, -0.0037625523, -0.0038586115, -0.003906333, -0.0040007667, -0.0040914193, -0.004133616, -0.004208334, -0.0042703385, -0.004323744, -0.0043476108, -0.004387852, -0.0044165812, -0.00442753, -0.004444897, -0.004454863, -0.0044539412, -0.004449402, -0.0044337492, -0.004410224, -0.0043950174, -0.0043563764, -0.0043065567, -0.004277743, -0.0042126672, -0.0041393503, -0.004061843, -0.004022005, -0.003936641, -0.00383942, -0.003787414, -0.0036827333, -0.0035842063, -0.00349718, -0.0034594708, -0.0033962717, -0.0033451563, -0.00332175, -0.0032755174, -0.0032254052, -0.0031972867, -0.0031337095, -0.003060403, -0.0029775049, -0.0029330917, -0.0028391825, -0.0027392404, -0.0026873767, -0.0025797964, -0.0024666206, -0.0023466968, -0.0022837317, -0.0021519312, -0.0020182806, -0.001957776, -0.0018859917, -0.0019588291
0, 0, 0, 0, 0, 0, 0, 0, 0, 0, 0, 0, 0, 0, 0, 0, 0, 0, 0, 0, 0, 0, 0, 0, 0, 0, 0, 0, 0, 0, 0, 0, 0, 0, 0, 0, 0, 0, 0, 0, 0, 0, 0, 0, 0, 0, 0, 0, 0, 0, 0, 0, 0, 0, 0, 0, 0, 0, 0, 0, 0, 0, 0, 0, 0, 0, 0, 0, 0, 0, -0.001705272, -0.0017042101, -0.0017577405, -0.0019132879, -0.002081908, -0.002238413, -0.0023101456, -0.0024411555, -0.0025575194, -0.0026110685, -0.0027107736, -0.0028028414, -0.002847086, -0.0029338296, -0.0030197075, -0.0031061366, -0.003149369, -0.0032357012, -0.003321855, -0.0033646422, -0.0034508528, -0.0035379985, -0.0036257072, -0.0036701425, -0.0037620387, -0.0038573924, -0.0039052647, -0.003999668, -0.0040883403, -0.0041289455, -0.004200538, -0.0042618886, -0.004318579, -0.0043456736, -0.0043946966, -0.004433427, -0.0044490905, -0.0044739516, -0.0044884207, -0.004489746, -0.0044861734, -0.0044739777, -0.004455504, -0.0044422816, -0.004405086, -0.0043541132, -0.0043248283, -0.004260687, -0.0041892505, -0.0041112495, -0.0040703076, -0.003983431, -0.0038864308, -0.0038342506, -0.0037281178, -0.0036280984, -0.0035401457, -0.0035018055, -0.0034372464, -0.0033846898, -0.003360586, -0.0033127293, -0.0032610903, -0.0032322505, -0.0031670164, -0.0030920252, -0.0030075645, -0.0029622978, -0.0028667024, -0.0027650895, -0.00271237, -0.0026031316, -0.0024882301, -0.0023664925, -0.0023025945, -0.0021688826, -0.0020332402, -0.0019717482, -0.0018982821, -0.0019704632
0, 0, 0, 0, 0, 0, 0, 0, 0, 0, 0, 0, 0, 0, 0, 0, 0, 0, 0, 0, 0, 0, 0, 0, 0, 0, 0, 0, 0, 0, 0, 0, 0, 0, 0, 0, 0, 0, 0, 0, 0, 0, 0, 0, 0, 0, 0, 0, 0, 0, 0, 0, 0, 0, 0, 0, 0, 0, 0, 0, 0, 0, 0, 0, 0, 0, 0, 0, 0, 0, -0.0018734122, -0.0018058153, -0.0018351652, -0.0019575828, -0.002104716, -0.002245785, -0.00231146, -0.002432327, -0.002541083, -0.002591806, -0.002687398, -0.0027771264, -0.0028204448, -0.0029051767, -0.0029889503, -0.0030733026, -0.0031155713, -0.0032007503, -0.0032871624, -0.0033308836, -0.0034200733, -0.0035107413, -0.0036017532, -0.0036479821, -0.0037439624, -0.0038437112, -0.0038937451, -0.003990828, -0.0040800544, -0.0041203643, -0.0041914787, -0.0042534494, -0.0043122694, -0.0043410426, -0.0043949136, -0.004440122, -0.004459105, -0.0044896556, -0.0045070588, -0.004508673, -0.0045049204, -0.0044934526, -0.0044771517, -0.0044652172, -0.0044293976, -0.0043783463, -0.004348761, -0.0042842887, -0.0042131064, -0.0041354094, -0.004094373, -0.0040069227, -0.00390931, -0.0038569805, -0.0037505585, -0.003649929, -0.0035612797, -0.0035226548, -0.0034574391, -0.0034042054, -0.003379748, -0.0033311446, -0.003278753, -0.0032494806, -0.0031835074, -0.0031076814, -0.0030224696, -0.0029767856, -0.0028803106, -0.0027779057, -0.0027247863, -0.00261469, -0.0024988905, -0.002376295, -0.0023119582, -0.0021772895, -0.0020406798, -0.001978688, -0.0019043883, -0.0019762048
0, 0, 0, 0, 0, 0, 0, 0, 0, 0, 0, 0, 0, 0, 0, 0, 0, 0, 0, 0, 0, 0, 0, 0, 0, 0, 0, 0, 0, 0, 0, 0, 0, 0, 0, 0, 0, 0, 0, 0, 0, 0, 0, 0, 0, 0, 0, 0, 0, 0, 0, 0, 0, 0, 0, 0, 0, 0, 0, 0, 0, 0, 0, 0, 0, 0, 0, 0, 0, 0, -0.0022516528, -0.00200738, -0.001980436, -0.0020361484, -0.0021492564, -0.0022708862, -0.0023297765, -0.0024413932, -0.0025445179, -0.002593503, -0.0026873173, -0.0027762637, -0.0028191546, -0.002902402, -0.0029831445, -0.0030629418, -0.0031023778, -0.0031813467, -0.0032609738, -0.0033014726, -0.0033851953, -0.0034728432, -0.0035637084, -0.0036109453, -0.0037104865, -0.0038148342, -0.0038670418, -0.003968193, -0.004061445, -0.00410378, -0.0041794935, -0.0042459383, -0.0043085585, -0.0043391455, -0.004396734, -0.004446685, -0.004468232, -0.0045033763, -0.0045242994, -0.004528266, -0.004525187, -0.0045142537, -0.0044981083, -0.0044865077, -0.0044523217, -0.0044025253, -0.004373025, -0.0043078014, -0.004236276, -0.0041589667, -0.0041179913, -0.004030093, -0.003932002, -0.003879528, -0.0037726392, -0.0036713288, -0.0035823334, -0.003543446, -0.0034773455, -0.0034234985, -0.0033987833, -0.0033494213, -0.003296217, -0.003266626, -0.0031998584, -0.0031232315, -0.0030372634, -0.0029911336, -0.0028938144, -0.0027906594, -0.002737095, -0.0026261723, -0.0025095213, -0.002386004, -0.002321238, -0.0021856476, -0.0020480633, -0.0019855888, -0.0019104276, -0.0019819145
0, 0, 0, 0, 0, 0, 0, 0, 0, 0, 0, 0, 0, 0, 0, 0, 0, 0, 0, 0, 0, 0, 0, 0, 0, 0, 0, 0, 0, 0, 0, 0, 0, 0, 0, 0, 0, 0, 0, 0, 0, 0, 0, 0, 0, 0, 0, 0, 0, 0, 0, 0, 0, 0, 0, 0, 0, 0, 0, 0, 0, 0, 0, 0, 0, 0, 0, 0, 0, 0, -0.0026365793, -0.0021446245, -0.0020666097, -0.002072757, -0.0021671744, -0.0022818744, -0.0023393543, -0.002450444, -0.0025550735, -0.0026052096, -0.0027017917, -0.0027934792, -0.002837687, -0.0029226388, -0.0030032068, -0.0030796207, -0.0031161944, -0.003186866, -0.0032558893, -0.0032905154, -0.0033627208, -0.003441374, -0.0035268893, -0.0035727755, -0.0036709588, -0.0037747773, -0.0038270934, -0.0039303172, -0.0040293275, -0.00407606, -0.004162222, -0.0042390553, -0.004309421, -0.0043425583, -0.004403265, -0.0044549773, -0.0044772443, -0.0045144917, -0.0045388914, -0.0045470996, -0.0045457073, -0.004535906, -0.0045190817, -0.0045073912, -0.0044739787, -0.004425507, -0.0043963226, -0.004331027, -0.0042593414, -0.004181931, -0.0041408474, -0.004052692, -0.0039545074, -0.003901867, -0.0037943213, -0.003692509, -0.003603101, -0.0035638576, -0.0034970897, -0.0034426907, -0.003417568, -0.003367478, -0.003313608, -0.0032836162, -0.00321607, -0.003138617, -0.0030518754, -0.0030053444, -0.0029072305, -0.002803283, -0.0027492957, -0.0026375668, -0.002520065, -0.0023956618, -0.002330436, -0.0021939443, -0.0020553884, -0.0019924548, -0.001916407, -0.001987569
0, 0, 0, 0, 0, 0, 0, 0, 0, 0, 0, 0, 0, 0, 0, 0, 0, 0, 0, 0, 0, 0, 0, 0, 0, 0, 0, 0, 0, 0, 0, 0, 0, 0, 0, 0, 0, 0, 0, 0, 0, 0, 0, 0, 0, 0, 0, 0, 0, 0, 0, 0, 0, 0, 0, 0, 0, 0, 0, 0, 0, 0, 0, 0, 0, 0, 0, 0, 0, 0, -0.0023707235, -0.0020944292, -0.0020237132, -0.0020317896, -0.002136142, -0.002263763, -0.0023273756, -0.002449253, -0.0025628295, -0.0026167969, -0.0027202817, -0.0028183933, -0.0028654183, -0.0029553222, -0.003038132, -0.0031129771, -0.0031471604, -0.0032107027, -0.003270126, -0.0032994577, -0.0033608177, -0.0034296159, -0.0035066237, -0.0035483537, -0.0036382137, -0.0037341188, -0.003783461, -0.0038850873, -0.0039896904, -0.004041732, -0.0041414434, -0.0042319223, -0.0043125018, -0.004348898, -0.0044130757, -0.0044655814, -0.004487848, -0.0045251874, -0.004551576, -0.0045638205, -0.004564465, -0.004557035, -0.0045401896, -0.004528151, -0.0044946787, -0.004447062, -0.004418397, -0.0043536923, -0.0042818827, -0.004204239, -0.0041631185, -0.004074981, -0.003976485, -0.00392355, -0.0038156747, -0.003713523, -0.0036234583, -0.0035839283, -0.0035167024, -0.0034615349, -0.0034360627, -0.0033853976, -0.0033307008, -0.0033003374, -0.0032321832, -0.0031538142, -0.0030663745, -0.00301945, -0.0029205151, -0.0028158105, -0.0027614038, -0.0026488183, -0.0025305238, -0.002405267, -0.0023395556, -0.0022021716, -0.002062645, -0.0019992383, -0.0019223792, -0.0019932117
0, 0, 0, 0, 0, 0, 0, 0, 0, 0, 0, 0, 0, 0, 0, 0, 0, 0, 0, 0, 0, 0, 0, 0, 0, 0, 0, 0, 0, 0, 0, 0, 0, 0, 0, 0, 0, 0, 0, 0, 0, 0, 0, 0, 0, 0, 0, 0, 0, 0, 0, 0, 0, 0, 0, 0, 0, 0, 0, 0, 0, 0, 0, 0, 0, 0, 0, 0, 0, 0, -0.0027188465, -0.0020612269, -0.0019468562, -0.0019521251, -0.002080658, -0.0022317125, -0.0023049756, -0.0024417834, -0.0025658126, -0.0026240784, -0.0027348667, -0.0028394323, -0.0028894132, -0.0029840556, -0.0030694858, -0.0031443704, -0.0031778556, -0.003238959, -0.0032951036, -0.0033223734, -0.0033787654, -0.0034403456, -0.0035073427, -0.0035429436, -0.0036192993, -0.0037031411, -0.0037482681, -0.0038467671, -0.0039559207, -0.004012596, -0.004123754, -0.004225576, -0.004314666, -0.004354041, -0.0044223317, -0.0044767624, -0.004499354, -0.0045367377, -0.0045641125, -0.0045792977, -0.004581626, -0.004576453, -0.004559915, -0.0045477645, -0.0045146113, -0.0044680587, -0.004439777, -0.0043753157, -0.0043034744, -0.0042260117, -0.0041850423, -0.0040968345, -0.0039978116, -0.0039448086, -0.0038367868, -0.0037340932, -0.00364348, -0.0036037867, -0.003535992, -0.0034800826, -0.0034543825, -0.0034031132, -0.003347532, -0.003316895, -0.0032480448, -0.0031689072, -0.0030806842, -0.003033448, -0.0029336794, -0.0028281987, -0.0027734027, -0.0026599735, -0.0025408997, -0.0024147674, -0.0023486493, -0.002210272, -0.002069826, -0.002005941, -0.0019282944, -0.0019987747
0, 0, 0, 0, 0, 0, 0, 0, 0, 0, 0, 0, 0, 0, 0, 0, 0, 0, 0, 0, 0, 0, 0, 0, 0, 0, 0, 0, 0, 0, 0, 0, 0, 0, 0, 0, 0, 0, 0, 0, 0, 0, 0, 0, 0, 0, 0, 0, 0, 0, 0, 0, 0, 0, 0, 0, 0, 0, 0, 0, 0, 0, 0, 0, 0, 0, 0, 0, 0, 0, 0, -0.0018566215, -0.0018292859, -0.0018985512, -0.002053086, -0.0022197957, -0.0022985882, -0.002443091, -0.002571924, -0.0026319032, -0.0027452246, -0.0028515689, -0.0029022351, -0.002997578, -0.0030835655, -0.003159521, -0.00319396, -0.0032577643, -0.003317231, -0.0033459822, -0.0034034504, -0.0034620916, -0.0035213165, -0.0035517113, -0.0036169086, -0.0036917366, -0.0037339285, -0.0038300888, -0.003940821, -0.003999293, -0.0041149477, -0.004221584, -0.0043152305, -0.0043568523, -0.0044291234, -0.0044865203, -0.004510073, -0.004548718, -0.004577489, -0.004594497, -0.004597698, -0.00459345, -0.0045775054, -0.004565774, -0.0045338054, -0.004488336, -0.0044603134, -0.004395896, -0.004324211, -0.004247387, -0.004206515, -0.0041179843, -0.0040187635, -0.003965756, -0.003857461, -0.0037542246, -0.003663236, -0.0036233803, -0.0035549453, -0.003498369, -0.0034724749, -0.0034206088, -0.0033642033, -0.0033332014, -0.0032637545, -0.0031837875, -0.003094874, -0.0030472926, -0.0029466767, -0.0028404845, -0.002785313, -0.0026710234, -0.0025511486, -0.002424156, -0.0023576159, -0.0022183158, -0.0020769478, -0.0020126174, -0.0019341399, -0.0020043075
0, 0, 0, 0, 0, 0, 0, 0, 0, 0, 0, 0, 0, 0, 0, 0, 0, 0, 0, 0, 0, 0, 0, 0, 0, 0, 0, 0, 0, 0, 0, 0, 0, 0, 0, 0, 0, 0, 0, 0, 0, 0, 0, 0, 0, 0, 0, 0, 0, 0, 0, 0, 0, 0, 0, 0, 0, 0, 0, 0, 0, 0, 0, 0, 0, 0, 0, 0, 0, 0, 0, -0.0019922464, -0.0019330855, -0.001957783, -0.0020893659, -0.0022444054, -0.0023193522, -0.002458222, -0.002582747, -0.0026406893, -0.0027501401, -0.0028524885, -0.0029011485, -0.0029933557, -0.003078094, -0.0031559165, -0.0031922024, -0.0032611554, -0.0033266263, -0.0033582496, -0.0034201206, -0.003480108, -0.003537606, -0.003566374, -0.0036286465, -0.003702006, -0.0037440106, -0.003839987, -0.003949512, -0.0040067276, -0.0041192025, -0.004223293, -0.0043163155, -0.004358407, -0.0044328826, -0.0044934372, -0.0045187906, -0.0045609674, -0.004592125, -0.004609614, -0.004612527, -0.0046078307, -0.004592901, -0.0045822393, -0.004552485, -0.004507816, -0.0044797724, -0.0044152727, -0.004344416, -0.0042682947, -0.00422743, -0.0041384203, -0.004039196, -0.0039862865, -0.0038777506, -0.0037738627, -0.0036826122, -0.0036427244, -0.0035736314, -0.0035163122, -0.0034902203, -0.0034378453, -0.0033806125, -0.003349278, -0.0032792524, -0.003198502, -0.0031088688, -0.0030609109, -0.0029595613, -0.0028525488, -0.0027970367, -0.0026819396, -0.0025612558, -0.0024334507, -0.0023664597, -0.0022262875, -0.0020839644, -0.0020191544, -0.0019399239, -0.0020097746
0, 0, 0, 0, 0, 0, 0, 0, 0, 0, 0, 0, 0, 0, 0, 0, 0, 0, 0, 0, 0, 0, 0, 0, 0, 0, 0, 0, 0, 0, 0, 0, 0, 0, 0, 0, 0, 0, 0, 0, 0, 0, 0, 0, 0, 0, 0, 0, 0, 0, 0, 0, 0, 0, 0, 0, 0, 0, 0, 0, 0, 0, 0, 0, 0, 0, 0, 0, 0, 0, 0, -0.0023613481, -0.0022017988, -0.002090952, -0.0021581766, -0.002282218, -0.0023474374, -0.0024725827, -0.0025876649, -0.0026416795, -0.0027442486, -0.0028402256, -0.0028859961, -0.0029736687, -0.0030564202, -0.0031349242, -0.0031725517, -0.003245282, -0.0033160525, -0.003350763, -0.0034193716, -0.0034865777, -0.0035512338, -0.0035836042, -0.003652586, -0.00373139, -0.0037750846, -0.0038712139, -0.00397611, -0.0040296456, -0.004133946, -0.004231238, -0.004320653, -0.0043620956, -0.0044369637, -0.004499889, -0.004526864, -0.0045726732, -0.004605943, -0.004623094, -0.0046254005, -0.0046205227, -0.0046075378, -0.004598154, -0.004570288, -0.004525989, -0.0044978876, -0.004434016, -0.0043644207, -0.0042886958, -0.004247598, -0.0041581118, -0.0040592686, -0.004006589, -0.0038977023, -0.0037929176, -0.0037016405, -0.0036617322, -0.0035919687, -0.0035338867, -0.003507639, -0.0034548652, -0.0033967886, -0.0033651132, -0.0032944726, -0.0032130782, -0.003122629, -0.0030743666, -0.0029722846, -0.002864495, -0.0028086079, -0.0026927462, -0.002571259, -0.0024426281, -0.0023752004, -0.0022341567, -0.0020909181, -0.002025646, -0.0019456224, -0.0020151685
0, 0, 0, 0, 0, 0, 0, 0, 0, 0, 0, 0, 0, 0, 0, 0, 0, 0, 0, 0, 0, 0, 0, 0, 0, 0, 0, 0, 0, 0, 0, 0, 0, 0, 0, 0, 0, 0, 0, 0, 0, 0, 0, 0, 0, 0, 0, 0, 0, 0, 0, 0, 0, 0, 0, 0, 0, 0, 0, 0, 0, 0, 0, 0, 0, 0, 0, 0, 0, 0, 0, -0.0027508202, -0.002425938, -0.0021708312, -0.0021854658, -0.0022869082, -0.0023454474, -0.0024609887, -0.0025693045, -0.0026205436, -0.002718155, -0.002810024, -0.0028540215, -0.002938796, -0.0030202349, -0.0030988962, -0.0031372416, -0.0032129744, -0.0032889387, -0.0033271767, -0.003404785, -0.0034832295, -0.0035607459, -0.0035996698, -0.003681075, -0.003768885, -0.003815127, -0.003911426, -0.004010704, -0.004059931, -0.0041548223, -0.004244188, -0.0043289266, -0.0043692198, -0.004443761, -0.0045082327, -0.0045364266, -0.004584386, -0.0046178703, -0.004633871, -0.004635819, -0.0046319384, -0.0046219327, -0.0046140156, -0.0045876657, -0.0045432, -0.00451497, -0.004451957, -0.0043839524, -0.004308724, -0.0042672954, -0.004177243, -0.0040787472, -0.0040263403, -0.0039171707, -0.0038117268, -0.0037202085, -0.0036801582, -0.0036099534, -0.0035513318, -0.0035247775, -0.0034714402, -0.0034128216, -0.003380757, -0.0033094543, -0.003227423, -0.003136217, -0.0030875728, -0.0029848693, -0.0028762794, -0.0028200129, -0.0027034245, -0.0025811112, -0.0024516871, -0.0023838151, -0.0022419258, -0.0020977715, -0.0020320495, -0.0019512554, -0.0020204678
0, 0, 0, 0, 0, 0, 0, 0, 0, 0, 0, 0, 0, 0, 0, 0, 0, 0, 0, 0, 0, 0, 0, 0, 0, 0, 0, 0, 0, 0, 0, 0, 0, 0, 0, 0, 0, 0, 0, 0, 0, 0, 0, 0, 0, 0, 0, 0, 0, 0, 0, 0, 0, 0, 0, 0, 0, 0, 0, 0, 0, 0, 0, 0, 0, 0, 0, 0, 0, 0, 0, -0.0024760135, -0.0023266762, -0.0021228292, -0.0021309245, -0.0022309981, -0.0022900533, -0.0024067224, -0.0025156573, -0.0025671897, -0.002665389, -0.0027579279, -0.0028024826, -0.0028885931, -0.0029717865, -0.0030531553, -0.0030933958, -0.0031740149, -0.0032565899, -0.0032988226, -0.0033856374, -0.0034750574, -0.0035652684, -0.0036107695, -0.0037043542, -0.0038008348, -0.003849355, -0.0039460687, -0.0040410715, -0.0040871445, -0.0041755857, -0.004259962, -0.004342014, -0.0043815747, -0.0044553652, -0.004519293, -0.0045472314, -0.004594218, -0.004626734, -0.004642651, -0.004645275, -0.004643756, -0.0046362514, -0.004629274, -0.004603919, -0.004559843, -0.00453195, -0.0044699125, -0.00440282, -0.0043278043, -0.0042863297, -0.0041962466, -0.0040978775, -0.0040454087, -0.003935994, -0.0038302534, -0.003738403, -0.0036981723, -0.0036275696, -0.0035684342, -0.0035415622, -0.003487709, -0.0034285751, -0.0033961323, -0.003324146, -0.0032415634, -0.0031495607, -0.0031005968, -0.0029972433, -0.0028878727, -0.0028312148, -0.0027139392, -0.0025908388, -0.0024605787, -0.0023923216, -0.0022495945, -0.002104519, -0.002038365, -0.0019568114, -0.002025721
0, 0, 0, 0, 0, 0, 0, 0, 0, 0, 0, 0, 0, 0, 0, 0, 0, 0, 0, 0, 0, 0, 0, 0, 0, 0, 0, 0, 0, 0, 0, 0, 0, 0, 0, 0, 0, 0, 0, 0, 0, 0, 0, 0, 0, 0, 0, 0, 0, 0, 0, 0, 0, 0, 0, 0, 0, 0, 0, 0, 0, 0, 0, 0, 0, 0, 0, 0, 0, 0, 0, -0.0028470126, -0.002425258, -0.0020355964, -0.002020796, -0.0021255682, -0.0021885987, -0.0023133212, -0.002429544, -0.0024845933, -0.002589658, -0.0026891818, -0.0027372628, -0.0028304479, -0.0029207724, -0.0030097046, -0.0030536763, -0.0031419247, -0.0032314037, -0.0032767558, -0.0033696347, -0.0034656401, -0.0035630139, -0.003612245, -0.003712477, -0.003813777, -0.0038639072, -0.0039622746, -0.0040578325, -0.0041041384, -0.004193054, -0.004277815, -0.0043594097, -0.00439828, -0.004469566, -0.004530276, -0.0045567155, -0.004601482, -0.0046337205, -0.0046513467, -0.0046552676, -0.004656233, -0.004650287, -0.0046438607, -0.0046195597, -0.004576586, -0.004549173, -0.004487673, -0.004420875, -0.0043463544, -0.00430506, -0.00421503, -0.004116282, -0.0040637176, -0.003954444, -0.0038485709, -0.003756025, -0.0037155899, -0.0036449183, -0.0035852666, -0.0035580143, -0.003503571, -0.003444084, -0.0034113252, -0.0033385593, -0.0032554502, -0.0031627552, -0.0031134004, -0.0030093708, -0.0028993194, -0.0028423131, -0.0027242752, -0.0026003758, -0.0024693592, -0.00240071, -0.0022571073, -0.0021111777, -0.0020445664, -0.0019622562, -0.0020308916
0, 0, 0, 0, 0, 0, 0, 0, 0, 0, 0, 0, 0, 0, 0, 0, 0, 0, 0, 0, 0, 0, 0, 0, 0, 0, 0, 0, 0, 0, 0, 0, 0, 0, 0, 0, 0, 0, 0, 0, 0, 0, 0, 0, 0, 0, 0, 0, 0, 0, 0, 0, 0, 0, 0, 0, 0, 0, 0, 0, 0, 0, 0, 0, 0, 0, 0, 0, 0, 0, 0, 0, -0.0020047273, -0.0018798271, -0.0018968681, -0.0020060542, -0.0020718365, -0.002205031, -0.0023327377, -0.0023939454, -0.0025116447, -0.0026238034, -0.0026781147, -0.002783292, -0.0028849256, -0.0029840614, -0.003032511, -0.0031274897, -0.003220309, -0.0032661732, -0.003358428, -0.0034530098, -0.003549483, -0.0035984786, -0.003699137, -0.0038022113, -0.003853858, -0.0039568194, -0.0040586684, -0.0041085174, -0.00420443, -0.0042944006, -0.004377536, -0.0044155177, -0.004482629, -0.004538259, -0.0045627016, -0.004605859, -0.004639812, -0.0046612243, -0.0046669454, -0.004670015, -0.0046642646, -0.0046578576, -0.0046345615, -0.004593602, -0.0045668874, -0.004505535, -0.0044381805, -0.004364052, -0.00432327, -0.004233665, -0.0041342303, -0.004081353, -0.003972246, -0.0038665407, -0.0037733044, -0.0037325725, -0.00366177, -0.0036017895, -0.0035741848, -0.0035191586, -0.0034592208, -0.0034261385, -0.0033527608, -0.0032690174, -0.0031757052, -0.0031260587, -0.003021336, -0.002910533, -0.0028531768, -0.0027344145, -0.0026097805, -0.002477992, -0.0024089268, -0.0022645, -0.0021176792, -0.0020506456, -0.001967602, -0.0020359238
0, 0, 0, 0, 0, 0, 0, 0, 0, 0, 0, 0, 0, 0, 0, 0, 0, 0, 0, 0, 0, 0, 0, 0, 0, 0, 0, 0, 0, 0, 0, 0, 0, 0, 0, 0, 0, 0, 0, 0, 0, 0, 0, 0, 0, 0, 0, 0, 0, 0, 0, 0, 0, 0, 0, 0, 0, 0, 0, 0, 0, 0, 0, 0, 0, 0, 0, 0, 0, 0, 0, 0, -0.0021662067, -0.0018911273, -0.0018239629, -0.0019074752, -0.0019719177, -0.002113499, -0.0022561457, -0.0023256931, -0.0024600828, -0.002588028, -0.00264957, -0.0027682146, -0.0028810857, -0.0029882174, -0.003039115, -0.0031354793, -0.003224743, -0.0032672174, -0.0033503918, -0.0034349412, -0.0035227092, -0.0035684109, -0.0036655378, -0.0037698047, -0.0038238592, -0.0039345594, -0.0040467056, -0.0041021653, -0.004208446, -0.004305448, -0.0043900325, -0.004426766, -0.0044890884, -0.0045405407, -0.004564164, -0.0046088207, -0.0046472643, -0.004673303, -0.0046804477, -0.004684182, -0.0046778545, -0.0046715247, -0.004649878, -0.0046110507, -0.0045847846, -0.0045228135, -0.0044547953, -0.004381475, -0.004341259, -0.0042517753, -0.004151491, -0.0040984354, -0.0039897445, -0.0038839756, -0.003790135, -0.0037492262, -0.0036782748, -0.0036178844, -0.0035899433, -0.0035345121, -0.003474045, -0.0034406974, -0.00336671, -0.0032823605, -0.0031884187, -0.003138441, -0.0030330631, -0.0029215415, -0.0028638337, -0.0027443627, -0.0026190064, -0.002486484, -0.002417005, -0.002271745, -0.002124092, -0.002056649, -0.0019728472, -0.0020408728
0, 0, 0, 0, 0, 0, 0, 0, 0, 0, 0, 0, 0, 0, 0, 0, 0, 0, 0, 0, 0, 0, 0, 0, 0, 0, 0, 0, 0, 0, 0, 0, 0, 0, 0, 0, 0, 0, 0, 0, 0, 0, 0, 0, 0, 0, 0, 0, 0, 0, 0, 0, 0, 0, 0, 0, 0, 0, 0, 0, 0, 0, 0, 0, 0, 0, 0, 0, 0, 0, 0, 0, -0.0025879962, -0.0019203514, -0.0017627293, -0.0018376852, -0.001907178, -0.0020653855, -0.0022266924, -0.002305323, -0.0024564532, -0.0025985579, -0.0026661255, -0.0027942685, -0.002912795, -0.0030211227, -0.0030707899, -0.0031612564, -0.0032405613, -0.0032767954, -0.003346056, -0.003416415, -0.003491843, -0.0035329433, -0.0036247254, -0.003729276, -0.0037853927, -0.0039034248, -0.0040257634, -0.004086612, -0.004202503, -0.0043053096, -0.004390725, -0.004426534, -0.00448654, -0.0045378567, -0.004562695, -0.0046119504, -0.0046560722, -0.004686591, -0.0046949075, -0.004699025, -0.004691989, -0.00468567, -0.0046651103, -0.004627912, -0.0046021016, -0.0045400127, -0.0044714124, -0.0043981792, -0.0043582134, -0.0042691296, -0.004168752, -0.004115549, -0.0040065516, -0.0039007217, -0.0038068155, -0.003765755, -0.0036943136, -0.0036334945, -0.0036054368, -0.0035496084, -0.003488552, -0.0034548957, -0.0033804053, -0.0032954814, -0.0032008335, -0.0031505225, -0.0030445477, -0.0029323292, -0.0028742864, -0.0027541157, -0.0026280645, -0.0024947529, -0.002424923, -0.0022788357, -0.0021303876, -0.0020625163, -0.001977988, -0.0020457483
0, 0, 0, 0, 0, 0, 0, 0, 0, 0, 0, 0, 0, 0, 0, 0, 0, 0, 0, 0, 0, 0, 0, 0, 0, 0, 0, 0, 0, 0, 0, 0, 0, 0, 0, 0, 0, 0, 0, 0, 0, 0, 0, 0, 0, 0, 0, 0, 0, 0, 0, 0, 0, 0, 0, 0, 0, 0, 0, 0, 0, 0, 0, 0, 0, 0, 0, 0, 0, 0, 0, 0, 0, -0.0017031208, -0.0016897089, -0.0018120661, -0.0018964431, -0.002077073, -0.0022544744, -0.0023392425, -0.0024998311, -0.0026479864, -0.0027174174, -0.0028465916, -0.0029626577, -0.0030651959, -0.0031109983, -0.0031924017, -0.0032617215, -0.0032927513, -0.0033514285, -0.003410779, -0.003476141, -0.0035128114, -0.0035976104, -0.0036978903, -0.0037530384, -0.0038717042, -0.0039979145, -0.004061276, -0.004182255, -0.004288658, -0.004376525, -0.004413614, -0.004477351, -0.004533705, -0.0045613362, -0.0046160943, -0.004665205, -0.004699516, -0.004709153, -0.0047144047, -0.0047071017, -0.0047004647, -0.0046800105, -0.0046436894, -0.0046183555, -0.0045567416, -0.0044878316, -0.004414374, -0.004374505, -0.0042858007, -0.004185462, -0.004132171, -0.004023056, -0.0039171334, -0.0038228943, -0.003781671, -0.0037101095, -0.0036489263, -0.0036205489, -0.0035642157, -0.0035028672, -0.0034688907, -0.0033937036, -0.003308327, -0.0032130505, -0.0031623798, -0.0030557252, -0.0029429463, -0.0028845519, -0.0027636508, -0.002636883, -0.0025028214, -0.0024326225, -0.0022857897, -0.002136505, -0.0020682497, -0.0019830032, -0.0020504938
0, 0, 0, 0, 0, 0, 0, 0, 0, 0, 0, 0, 0, 0, 0, 0, 0, 0, 0, 0, 0, 0, 0, 0, 0, 0, 0, 0, 0, 0, 0, 0, 0, 0, 0, 0, 0, 0, 0, 0, 0, 0, 0, 0, 0, 0, 0, 0, 0, 0, 0, 0, 0, 0, 0, 0, 0, 0, 0, 0, 0, 0, 0, 0, 0, 0, 0, 0, 0, 0, 0, 0, 0, -0.0017389529, -0.001733336, -0.0018702459, -0.0019607972, -0.0021493437, -0.0023285947, -0.0024125304, -0.002568847, -0.0027105466, -0.0027761103, -0.0028968125, -0.0030039279, -0.003097893, -0.0031399776, -0.003215568, -0.0032817125, -0.003311978, -0.003369647, -0.0034275386, -0.0034893618, -0.0035233106, -0.003600487, -0.0036906058, -0.003740248, -0.0038485734, -0.003966905, -0.004027715, -0.0041462267, -0.0042542843, -0.004348569, -0.0043904753, -0.0044652764, -0.004531709, -0.0045629977, -0.0046226843, -0.0046745865, -0.0047110803, -0.0047216783, -0.004728578, -0.00472208, -0.004715646, -0.0046951165, -0.004658671, -0.0046333754, -0.004571994, -0.0045036343, -0.0044305916, -0.004390722, -0.004301718, -0.004201289, -0.004148189, -0.0040393984, -0.003933174, -0.0038385023, -0.0037972464, -0.003725601, -0.0036639858, -0.0036353245, -0.0035785816, -0.0035167492, -0.0034824943, -0.0034068308, -0.0033208122, -0.0032249317, -0.0031740211, -0.003066676, -0.0029531962, -0.0028945482, -0.002772972, -0.0026454849, -0.002510762, -0.0024401448, -0.002292545, -0.0021424699, -0.002073838, -0.0019879218, -0.0020551446
0, 0, 0, 0, 0, 0, 0, 0, 0, 0, 0, 0, 0, 0, 0, 0, 0, 0, 0, 0, 0, 0, 0, 0, 0, 0, 0, 0, 0, 0, 0, 0, 0, 0, 0, 0, 0, 0, 0, 0, 0, 0, 0, 0, 0, 0, 0, 0, 0, 0, 0, 0, 0, 0, 0, 0, 0, 0, 0, 0, 0, 0, 0, 0, 0, 0, 0, 0, 0, 0, 0, 0, 0, -0.0019309509, -0.0018868647, -0.0020005878, -0.0020827297, -0.0022557483, -0.002418939, -0.0024944767, -0.0026334508, -0.0027584112, -0.0028163197, -0.002923706, -0.0030208272, -0.0031090912, -0.0031502028, -0.003227554, -0.0032997187, -0.0033340733, -0.0034002035, -0.0034644478, -0.003527998, -0.0035605668, -0.0036299108, -0.003706198, -0.0037473785, -0.0038376208, -0.0039395713, -0.0039937883, -0.0041040718, -0.0042120423, -0.0043144226, -0.0043627312, -0.004451897, -0.004530857, -0.0045669284, -0.00463254, -0.0046862233, -0.004722039, -0.0047322535, -0.0047394587, -0.0047350167, -0.004729727, -0.0047103837, -0.004673286, -0.004647336, -0.0045856265, -0.0045183613, -0.004446333, -0.0044065807, -0.004317184, -0.0042166775, -0.0041637323, -0.0040551694, -0.0039488324, -0.003853935, -0.0038125464, -0.0037405747, -0.0036785987, -0.003649834, -0.0035927303, -0.003530197, -0.0034957393, -0.0034196961, -0.0033329779, -0.0032364936, -0.0031853, -0.0030773804, -0.002963222, -0.0029042335, -0.0027820594, -0.002653862, -0.0025184858, -0.0024474997, -0.0022991067, -0.0021482722, -0.0020792494, -0.001992705, -0.0020596702
0, 0, 0, 0, 0, 0, 0, 0, 0, 0, 0, 0, 0, 0, 0, 0, 0, 0, 0, 0, 0, 0, 0, 0, 0, 0, 0, 0, 0, 0, 0, 0, 0, 0, 0, 0, 0, 0, 0, 0, 0, 0, 0, 0, 0, 0, 0, 0, 0, 0, 0, 0, 0, 0, 0, 0, 0, 0, 0, 0, 0, 0, 0, 0, 0, 0, 0, 0, 0, 0, 0, 0, 0, -0.0022041022, -0.0020856764, -0.0021452417, -0.002207423, -0.00234893, -0.0024866215, -0.0025506238, -0.0026690552, -0.0027768947, -0.0028278446, -0.0029251229, -0.003017444, -0.0031065324, -0.0031499732, -0.0032353532, -0.0033185103, -0.0033587264, -0.0034356818, -0.0035073964, -0.003573208, -0.0036045325, -0.0036666298, -0.0037300624, -0.0037633295, -0.0038363948, -0.003921855, -0.00396914, -0.0040700124, -0.0041765063, -0.0042854026, -0.004339045, -0.0044407374, -0.0045314403, -0.0045722565, -0.0046437075, -0.0046981997, -0.004731744, -0.004740869, -0.0047480618, -0.0047461893, -0.0047421376, -0.004723827, -0.004686067, -0.0046599414, -0.004598876, -0.0045327623, -0.0044610132, -0.0044211787, -0.004331919, -0.004232168, -0.0041793715, -0.0040704426, -0.003963717, -0.0038691016, -0.0038277837, -0.0037552987, -0.0036927292, -0.0036638791, -0.0036065911, -0.0035434323, -0.0035086228, -0.003432106, -0.0033449112, -0.003247761, -0.0031962018, -0.003087836, -0.0029729991, -0.0029136282, -0.0027908648, -0.002662014, -0.0025259324, -0.0024546196, -0.0023055028, -0.002153923, -0.002084517, -0.001997322, -0.0020640409
0, 0, 0, 0, 0, 0, 0, 0, 0, 0, 0, 0, 0, 0, 0, 0, 0, 0, 0, 0, 0, 0, 0, 0, 0, 0, 0, 0, 0, 0, 0, 0, 0, 0, 0, 0, 0, 0, 0, 0, 0, 0, 0, 0, 0, 0, 0, 0, 0, 0, 0, 0, 0, 0, 0, 0, 0, 0, 0, 0, 0, 0, 0, 0, 0, 0, 0, 0, 0, 0, 0, 0, 0, -0.0025336666, -0.0022543913, -0.0022338238, -0.0022737272, -0.0023862633, -0.0025047224, -0.0025611294, -0.0026673856, -0.0027671028, -0.002815616, -0.002911363, -0.0030062234, -0.0031011833, -0.0031484556, -0.0032424969, -0.0033344026, -0.0033785522, -0.0034621153, -0.0035378106, -0.0036041397, -0.0036343266, -0.003691403, -0.0037471887, -0.0037759957, -0.0038394267, -0.0039153346, -0.003958334, -0.004053307, -0.004158886, -0.0042718723, -0.0043288763, -0.0044381595, -0.004535643, -0.004578959, -0.004652951, -0.004706682, -0.004738525, -0.0047473875, -0.004756029, -0.0047563086, -0.004752798, -0.0047342675, -0.00469641, -0.0046708984, -0.0046118875, -0.004546897, -0.004474763, -0.0044347453, -0.004346125, -0.00424736, -0.0041946764, -0.0040853317, -0.0039783577, -0.0038838864, -0.0038425128, -0.003769634, -0.003706721, -0.003677653, -0.0036198385, -0.003556372, -0.0035213365, -0.00344412, -0.003356395, -0.0032587992, -0.0032069113, -0.0030978601, -0.0029825217, -0.0029228127, -0.0027993736, -0.0026699281, -0.0025331327, -0.0024614804, -0.002311693, -0.0021593897, -0.002089605, -0.002001804, -0.0020682774
0, 0, 0, 0, 0, 0, 0, 0, 0, 0, 0, 0, 0, 0, 0, 0, 0, 0, 0, 0, 0, 0, 0, 0, 0, 0, 0, 0, 0, 0, 0, 0, 0, 0, 0, 0, 0, 0, 0, 0, 0, 0, 0, 0, 0, 0, 0, 0, 0, 0, 0, 0, 0, 0, 0, 0, 0, 0, 0, 0, 0, 0, 0, 0, 0, 0, 0, 0, 0, 0, 0, 0, 0, -0.0027958956, -0.0022835324, -0.0022149184, -0.0022472714, -0.0023532624, -0.002469525, -0.0025257184, -0.0026333157, -0.0027366346, -0.0027877577, -0.0028898001, -0.0029920728, -0.0030941302, -0.003144563, -0.003243646, -0.0033385893, -0.0033835687, -0.0034675759, -0.0035426316, -0.0036077658, -0.0036373774, -0.0036936936, -0.0037495927, -0.0037786514, -0.0038426872, -0.0039187516, -0.003961633, -0.004056539, -0.004163074, -0.004278154, -0.004336336, -0.0044472376, -0.004544618, -0.0045872023, -0.0046587307, -0.0047101006, -0.0047417507, -0.004751635, -0.004763023, -0.0047649033, -0.004761428, -0.0047422945, -0.004705209, -0.0046808394, -0.004624255, -0.0045601376, -0.0044879527, -0.0044480967, -0.0043602576, -0.0042618844, -0.004209175, -0.004099863, -0.003993069, -0.003898239, -0.003856561, -0.0037835313, -0.0037205182, -0.0036911569, -0.003632634, -0.0035689175, -0.0035337105, -0.003455754, -0.0033675376, -0.0032694219, -0.0032172217, -0.003107575, -0.0029916442, -0.0029316677, -0.0028076365, -0.0026775298, -0.0025401127, -0.002468127, -0.0023176584, -0.0021646456, -0.0020945333, -0.002006145, -0.0020723639
0, 0, 0, 0, 0, 0, 0, 0, 0, 0, 0, 0, 0, 0, 0, 0, 0, 0, 0, 0, 0, 0, 0, 0, 0, 0, 0, 0, 0, 0, 0, 0, 0, 0, 0, 0, 0, 0, 0, 0, 0, 0, 0, 0, 0, 0, 0, 0, 0, 0, 0, 0, 0, 0, 0, 0, 0, 0, 0, 0, 0, 0, 0, 0, 0, 0, 0, 0, 0, 0, 0, 0, 0, -0.0022841687, -0.002123201, -0.0021141625, -0.0021545833, -0.0022696073, -0.0023945963, -0.0024557174, -0.0025739851, -0.0026882628, -0.0027446842, -0.002856494, -0.002966696, -0.0030744649, -0.0031268047, -0.003227721, -0.003322123, -0.0033661658, -0.0034475783, -0.0035204142, -0.0035850499, -0.0036154585, -0.0036758997, -0.00373859, -0.0037716515, -0.0038441792, -0.00392837, -0.0039749476, -0.004075958, -0.0041862642, -0.00430212, -0.0043593952, -0.0044658366, -0.0045563476, -0.0045952136, -0.0046606967, -0.004709787, -0.004742879, -0.00475419, -0.0047680396, -0.0047707222, -0.004767314, -0.0047489638, -0.004713998, -0.0046908082, -0.004635639, -0.004572032, -0.00450075, -0.0044615404, -0.004374505, -0.0042757816, -0.0042229234, -0.0041140183, -0.0040076175, -0.0039121686, -0.0038701922, -0.0037970522, -0.0037339013, -0.0037042194, -0.0036450587, -0.0035809872, -0.0035455644, -0.0034670318, -0.0033783314, -0.0032796422, -0.003227167, -0.003116945, -0.0030004482, -0.0029401989, -0.0028155402, -0.0026848903, -0.002546824, -0.0024745408, -0.0023234093, -0.002169707, -0.0020992854, -0.0020102973, -0.0020763008
0, 0, 0, 0, 0, 0, 0, 0, 0, 0, 0, 0, 0, 0, 0, 0, 0, 0, 0, 0, 0, 0, 0, 0, 0, 0, 0, 0, 0, 0, 0, 0, 0, 0, 0, 0, 0, 0, 0, 0, 0, 0, 0, 0, 0, 0, 0, 0, 0, 0, 0, 0, 0, 0, 0, 0, 0, 0, 0, 0, 0, 0, 0, 0, 0, 0, 0, 0, 0, 0, 0, 0, 0, -0.0024183067, -0.0021107714, -0.0020271267, -0.0020535071, -0.0021631762, -0.0022964363, -0.0023636443, -0.0024950134, -0.002622007, -0.0026841636, -0.0028054712, -0.002922498, -0.0030345116, -0.0030880214, -0.003189737, -0.003283205, -0.0033263022, -0.0034058508, -0.0034780384, -0.0035451257, -0.0035781686, -0.0036465672, -0.0037200993, -0.003759454, -0.0038451264, -0.003942362, -0.003994873, -0.004105415, -0.0042201225, -0.0043343385, -0.004388629, -0.0044863084, -0.00456672, -0.00460112, -0.0046605906, -0.0047081583, -0.0047427285, -0.0047549796, -0.0047702193, -0.004773942, -0.0047713886, -0.0047555463, -0.0047231875, -0.0047008176, -0.0046462156, -0.0045832237, -0.0045133913, -0.0044749277, -0.0043884353, -0.00428928, -0.0042363657, -0.004127858, -0.0040216385, -0.0039256806, -0.0038834845, -0.0038101694, -0.0037466714, -0.0037167547, -0.0036571266, -0.003592581, -0.0035568944, -0.0034779038, -0.003388651, -0.0032894646, -0.0032367278, -0.003125967, -0.0030088988, -0.0029483251, -0.0028231705, -0.0026919055, -0.0025532816, -0.0024806843, -0.0023289213, -0.0021745865, -0.002103826, -0.0020142766, -0.0020800726
0, 0, 0, 0, 0, 0, 0, 0, 0, 0, 0, 0, 0, 0, 0, 0, 0, 0, 0, 0, 0, 0, 0, 0, 0, 0, 0, 0, 0, 0, 0, 0, 0, 0, 0, 0, 0, 0, 0, 0, 0, 0, 0, 0, 0, 0, 0, 0, 0, 0, 0, 0, 0, 0, 0, 0, 0, 0, 0, 0, 0, 0, 0, 0, 0, 0, 0, 0, 0, 0, 0, 0, 0, -0.0028511474, -0.002100283, -0.0019183679, -0.0019343488, -0.0020457741, -0.0021906532, -0.0022646147, -0.0024093464, -0.0025481672, -0.0026153703, -0.0027449275, -0.0028676337, -0.0029828427, -0.0030370958, -0.00313893, -0.0032312206, -0.003273645, -0.0033525017, -0.00342627, -0.0034982883, -0.003535178, -0.0036138683, -0.0037005446, -0.0037471137, -0.003847758, -0.0039589982, -0.0040175444, -0.004136583, -0.0042534857, -0.0043631955, -0.004413354, -0.00450098, -0.0045720683, -0.0046029375, -0.0046584047, -0.004705805, -0.004741905, -0.004754878, -0.004771113, -0.004776158, -0.0047746734, -0.0047619035, -0.0047324426, -0.004710958, -0.004657115, -0.004594359, -0.0045254687, -0.004487675, -0.00440202, -0.004302881, -0.004249797, -0.00414106, -0.004034932, -0.0039389418, -0.0038965384, -0.003822624, -0.003758828, -0.0037288328, -0.003668789, -0.0036036354, -0.0035677357, -0.0034883474, -0.003398497, -0.0032988656, -0.0032458478, -0.0031345962, -0.0030169613, -0.0029561124, -0.0028304933, -0.0026985838, -0.0025594342, -0.0024865177, -0.0023341863, -0.0021792483, -0.0021081674, -0.0020180885, -0.0020836822
0, 0, 0, 0, 0, 0, 0, 0, 0, 0, 0, 0, 0, 0, 0, 0, 0, 0, 0, 0, 0, 0, 0, 0, 0, 0, 0, 0, 0, 0, 0, 0, 0, 0, 0, 0, 0, 0, 0, 0, 0, 0, 0, 0, 0, 0, 0, 0, 0, 0, 0, 0, 0, 0, 0, 0, 0, 0, 0, 0, 0, 0, 0, 0, 0, 0, 0, 0, 0, 0, 0, 0, 0, 0, -0.0017806275, -0.0017556552, -0.0017984732, -0.0019376673, -0.0020991967, -0.002179902, -0.0023364383, -0.0024849635, -0.0025563037, -0.0026927318, -0.0028203276, -0.0029385726, -0.0029935893, -0.0030955386, -0.0031868936, -0.0032288528, -0.0033074324, -0.0033828088, -0.003458695, -0.003498495, -0.003584898, -0.003681856, -0.0037342506, -0.003847459, -0.0039708274, -0.004034546, -0.0041604615, -0.004278108, -0.0043821223, -0.004427708, -0.004505274, -0.0045683933, -0.004596965, -0.004651803, -0.004702294, -0.0047420193, -0.004756171, -0.00477309, -0.00477837, -0.0047776517, -0.004767932, -0.004742077, -0.004721809, -0.0046686684, -0.0046054535, -0.004537033, -0.004499896, -0.004415392, -0.004316261, -0.004262846, -0.0041536363, -0.004047715, -0.003951712, -0.0039090137, -0.0038345288, -0.0037705372, -0.0037403593, -0.0036798262, -0.0036142329, -0.0035781453, -0.0034982164, -0.0034079535, -0.003307792, -0.003254483, -0.0031427816, -0.0030246766, -0.0029635378, -0.0028373934, -0.002704978, -0.0025652787, -0.0024921037, -0.0023391976, -0.0021836546, -0.0021122983, -0.0020217167, -0.0020871293
0, 0, 0, 0, 0, 0, 0, 0, 0, 0, 0, 0, 0, 0, 0, 0, 0, 0, 0, 0, 0, 0, 0, 0, 0, 0, 0, 0, 0, 0, 0, 0, 0, 0, 0, 0, 0, 0, 0, 0, 0, 0, 0, 0, 0, 0, 0, 0, 0, 0, 0, 0, 0, 0, 0, 0, 0, 0, 0, 0, 0, 0, 0, 0, 0, 0, 0, 0, 0, 0, 0, 0, 0, 0, -0.0016955928, -0.0016799909, -0.0017279122, -0.0018761369, -0.0020455208, -0.0021298295, -0.0022928785, -0.0024473844, -0.0025213677, -0.0026628065, -0.0027948944, -0.0029167356, -0.002973243, -0.0030772442, -0.003169788, -0.003212031, -0.0032909077, -0.0033661905, -0.0034417824, -0.0034813113, -0.0035677021, -0.003666258, -0.003720417, -0.0038390055, -0.00396926, -0.004036353, -0.004167326, -0.0042858743, -0.004386051, -0.0044283117, -0.0044983136, -0.0045560496, -0.0045837476, -0.004640751, -0.004696883, -0.0047421884, -0.004758239, -0.0047769193, -0.004782809, -0.004782616, -0.0047749775, -0.0047515403, -0.004732194, -0.004680046, -0.004617246, -0.004549138, -0.004512111, -0.0044277343, -0.004328779, -0.0042754165, -0.0041662557, -0.0040598665, -0.0039634164, -0.003920674, -0.0038462083, -0.0037816372, -0.0037510775, -0.0036901904, -0.0036244257, -0.0035880627, -0.0035074307, -0.003416949, -0.0033162755, -0.0032626444, -0.0031505493, -0.0030319993, -0.002970575, -0.0028439467, -0.0027110628, -0.0025708126, -0.0024974134, -0.0023439173, -0.0021878274, -0.0021162075, -0.0020251835, -0.0020903829
0, 0, 0, 0, 0, 0, 0, 0, 0, 0, 0, 0, 0, 0, 0, 0, 0, 0, 0, 0, 0, 0, 0, 0, 0, 0, 0, 0, 0, 0, 0, 0, 0, 0, 0, 0, 0, 0, 0, 0, 0, 0, 0, 0, 0, 0, 0, 0, 0, 0, 0, 0, 0, 0, 0, 0, 0, 0, 0, 0, 0, 0, 0, 0, 0, 0, 0, 0, 0, 0, 0, 0, 0, 0, -0.0017346463, -0.0016948205, -0.0017350089, -0.0018752208, -0.0020421052, -0.002126147, -0.002289453, -0.0024448559, -0.002519543, -0.0026627749, -0.0027973168, -0.0029222632, -0.002980372, -0.0030878792, -0.0031834743, -0.0032269554, -0.0033069488, -0.003381076, -0.0034526812, -0.0034893367, -0.0035688821, -0.0036605094, -0.003711658, -0.0038256438, -0.0039534057, -0.004019884, -0.004150382, -0.0042689056, -0.0043688673, -0.0044108545, -0.004480504, -0.0045391712, -0.0045680427, -0.0046289884, -0.0046903077, -0.004740803, -0.0047591613, -0.0047817696, -0.0047905245, -0.0047912262, -0.0047842823, -0.0047607603, -0.0047415583, -0.0046905233, -0.0046294536, -0.0045619044, -0.00452452, -0.004439164, -0.0043402156, -0.004287278, -0.0041785724, -0.00407145, -0.003974273, -0.003931525, -0.0038571958, -0.0037921222, -0.0037612019, -0.0036998768, -0.0036339634, -0.0035973967, -0.0035162095, -0.0034253157, -0.0033243066, -0.0032704372, -0.0031578222, -0.0030388997, -0.002977248, -0.0028500694, -0.0027168363, -0.0025760552, -0.0025023934, -0.0023484079, -0.0021917506, -0.0021198718, -0.0020284452, -0.0020934476
0, 0, 0, 0, 0, 0, 0, 0, 0, 0, 0, 0, 0, 0, 0, 0, 0, 0, 0, 0, 0, 0, 0, 0, 0, 0, 0, 0, 0, 0, 0, 0, 0, 0, 0, 0, 0, 0, 0, 0, 0, 0, 0, 0, 0, 0, 0, 0, 0, 0, 0, 0, 0, 0, 0, 0, 0, 0, 0, 0, 0, 0, 0, 0, 0, 0, 0, 0, 0, 0, 0, 0, 0, 0, -0.0018151683, -0.0017610712, -0.00179569, -0.0019280761, -0.0020896855, -0.002171425, -0.0023304524, -0.0024816229, -0.0025543487, -0.0026940962, -0.0028261752, -0.002949948, -0.00300814, -0.0031169609, -0.003214891, -0.0032595105, -0.0033411842, -0.0034150225, -0.00348349, -0.0035174259, -0.003589059, -0.0036697562, -0.003714577, -0.003815043, -0.0039296085, -0.0039902534, -0.004112084, -0.0042272583, -0.0043294416, -0.0043743188, -0.004452039, -0.004519685, -0.0045527415, -0.004620283, -0.0046858187, -0.004739632, -0.0047598155, -0.004786837, -0.004799758, -0.0048017977, -0.0047953585, -0.0047706803, -0.004751044, -0.0047005434, -0.004641055, -0.0045742067, -0.004536582, -0.0044503273, -0.004350991, -0.0042982106, -0.004189785, -0.0040824516, -0.003984647, -0.0039416794, -0.0038671596, -0.0038019693, -0.003770858, -0.0037089745, -0.0036427267, -0.0036060826, -0.0035245589, -0.003433075, -0.0033317595, -0.0032778108, -0.0031646234, -0.0030453224, -0.002983509, -0.0028558685, -0.0027221723, -0.0025809843, -0.0025070456, -0.0023526116, -0.002195464, -0.002123343, -0.0020314592, -0.0020963494
0, 0, 0, 0, 0, 0, 0, 0, 0, 0, 0, 0, 0, 0, 0, 0, 0, 0, 0, 0, 0, 0, 0, 0, 0, 0, 0, 0, 0, 0, 0, 0, 0, 0, 0, 0, 0, 0, 0, 0, 0, 0, 0, 0, 0, 0, 0, 0, 0, 0, 0, 0, 0, 0, 0, 0, 0, 0, 0, 0, 0, 0, 0, 0, 0, 0, 0, 0, 0, 0, 0, 0, 0, 0, -0.0019109561, -0.0018526424, -0.0018862339, -0.0020165269, -0.002173793, -0.002252433, -0.0024037142, -0.002546059, -0.002614225, -0.0027452747, -0.0028698838, -0.002988162, -0.0030445536, -0.0031516333, -0.00325005, -0.0032954603, -0.003379028, -0.0034539395, -0.0035213449, -0.0035534424, -0.003618163, -0.0036870833, -0.0037243075, -0.003807392, -0.0039038465, -0.0039562127, -0.004064829, -0.004173667, -0.0042774524, -0.004325914, -0.004415009, -0.0044966307, -0.0045363843, -0.004614767, -0.0046865996, -0.004743162, -0.0047640796, -0.00479255, -0.0048074634, -0.0048105936, -0.004805929, -0.0047820457, -0.004762349, -0.004711168, -0.004651146, -0.0045845713, -0.004547304, -0.004461549, -0.0043617436, -0.0043084137, -0.0041994127, -0.004092491, -0.0039947717, -0.003951434, -0.0038761098, -0.0038108737, -0.0037798542, -0.0037176549, -0.0036507172, -0.0036139027, -0.0035323647, -0.0034403862, -0.0033386103, -0.0032845447, -0.003171038, -0.0030512572, -0.0029892805, -0.002861341, -0.0027271074, -0.0025855494, -0.002511428, -0.002356484, -0.0021989415, -0.0021265773, -0.002034285, -0.0020990374
0, 0, 0, 0, 0, 0, 0, 0, 0, 0, 0, 0, 0, 0, 0, 0, 0, 0, 0, 0, 0, 0, 0, 0, 0, 0, 0, 0, 0, 0, 0, 0, 0, 0, 0, 0, 0, 0, 0, 0, 0, 0, 0, 0, 0, 0, 0, 0, 0, 0, 0, 0, 0, 0, 0, 0, 0, 0, 0, 0, 0, 0, 0, 0, 0, 0, 0, 0, 0, 0, 0, 0, 0, 0, -0.0020187355, -0.0019571332, -0.0019905476, -0.002118845, -0.0022698496, -0.0023438593, -0.0024839805, -0.0026140371, -0.0026761515, -0.0027958076, -0.0029106105, -0.0030215923, -0.0030753184, -0.003179396, -0.0032775984, -0.0033237333, -0.0034094919, -0.0034863926, -0.003553914, -0.003584869, -0.0036439593, -0.0037024408, -0.0037327996, -0.003799825, -0.0038792521, -0.00392358, -0.004019125, -0.0041212356, -0.004226158, -0.004278062, -0.0043784813, -0.004474391, -0.0045212945, -0.0046118167, -0.004691405, -0.00475099, -0.0047720955, -0.004799723, -0.004814123, -0.004817623, -0.004814895, -0.004792968, -0.0047737607, -0.0047220574, -0.0046606027, -0.0045934347, -0.004556462, -0.00447166, -0.004371864, -0.0043181456, -0.004208231, -0.004101327, -0.0040038675, -0.0039604423, -0.0038845148, -0.0038189502, -0.0037879278, -0.003725553, -0.0036582623, -0.0036212336, -0.0035393548, -0.0034471983, -0.0033450706, -0.0032907312, -0.0031769164, -0.003056849, -0.002994634, -0.0028662933, -0.0027317614, -0.0025897454, -0.002515452, -0.0023601176, -0.0022021327, -0.0021295573, -0.002036909, -0.0021015247
0, 0, 0, 0, 0, 0, 0, 0, 0, 0, 0, 0, 0, 0, 0, 0, 0, 0, 0, 0, 0, 0, 0, 0, 0, 0, 0, 0, 0, 0, 0, 0, 0, 0, 0, 0, 0, 0, 0, 0, 0, 0, 0, 0, 0, 0, 0, 0, 0, 0, 0, 0, 0, 0, 0, 0, 0, 0, 0, 0, 0, 0, 0, 0, 0, 0, 0, 0, 0, 0, 0, 0, 0, 0, -0.0021512997, -0.002072852, -0.0020995894, -0.0022156502, -0.0023538452, -0.002421087, -0.002547529, -0.002664426, -0.002720334, -0.002828602, -0.0029337518, -0.0030371486, -0.0030881339, -0.0031887987, -0.0032865142, -0.003333293, -0.0034216566, -0.0035015459, -0.0035710013, -0.0036020218, -0.003658554, -0.0037103507, -0.003735914, -0.003791051, -0.003857105, -0.003895032, -0.003980558, -0.004078519, -0.004186426, -0.0042421804, -0.004353302, -0.004461289, -0.004513725, -0.004613109, -0.0046978486, -0.0047590733, -0.0047800625, -0.004806915, -0.0048211417, -0.004824971, -0.0048232763, -0.0048021986, -0.0047831717, -0.0047313757, -0.004669394, -0.0046019736, -0.0045649675, -0.004480236, -0.0043803947, -0.004326629, -0.0042165965, -0.00410942, -0.004011714, -0.003968215, -0.0038922615, -0.0038265167, -0.0037952515, -0.0037325348, -0.0036651774, -0.0036280823, -0.0035457774, -0.003453325, -0.0033509955, -0.0032964768, -0.0031822901, -0.0030619588, -0.0029995588, -0.002870858, -0.0027359892, -0.002593618, -0.0025191277, -0.0023634173, -0.0022050405, -0.0021322744, -0.002039304, -0.00210382
0, 0, 0, 0, 0, 0, 0, 0, 0, 0, 0, 0, 0, 0, 0, 0, 0, 0, 0, 0, 0, 0, 0, 0, 0, 0, 0, 0, 0, 0, 0, 0, 0, 0, 0, 0, 0, 0, 0, 0, 0, 0, 0, 0, 0, 0, 0, 0, 0, 0, 0, 0, 0, 0, 0, 0, 0, 0, 0, 0, 0, 0, 0, 0, 0, 0, 0, 0, 0, 0, 0, 0, 0, 0, -0.0023317747, -0.0021932856, -0.0021967848, -0.0022810833, -0.0023997896, -0.0024598099, -0.0025745805, -0.0026820179, -0.0027336655, -0.0028342272, -0.002932712, -0.0030306042, -0.0030794693, -0.0031773408, -0.0032744058, -0.003321654, -0.0034121638, -0.0034951915, -0.0035674933, -0.0035994158, -0.0036562525, -0.0037057304, -0.0037290934, -0.0037783394, -0.0038376402, -0.0038726083, -0.0039544934, -0.004053188, -0.004166572, -0.004226406, -0.0043465113, -0.0044622463, -0.0045174183, -0.0046196324, -0.004704398, -0.0047646216, -0.0047853924, -0.0048128758, -0.0048287027, -0.0048331306, -0.0048315185, -0.0048094536, -0.004789989, -0.0047382275, -0.0046771527, -0.004610094, -0.004572869, -0.0044873827, -0.004387408, -0.0043338174, -0.0042242086, -0.0041167266, -0.00401859, -0.0039750156, -0.0038992013, -0.0038333207, -0.0038018473, -0.0037388566, -0.0036713982, -0.0036341997, -0.0035515886, -0.0034589, -0.0033563506, -0.003301655, -0.0031871975, -0.0030665372, -0.003003997, -0.0028750408, -0.0027398218, -0.0025971148, -0.002522469, -0.0023664362, -0.0022076627, -0.0021347215, -0.0020414833, -0.0021058528
0, 0, 0, 0, 0, 0, 0, 0, 0, 0, 0, 0, 0, 0, 0, 0, 0, 0, 0, 0, 0, 0, 0, 0, 0, 0, 0, 0, 0, 0, 0, 0, 0, 0, 0, 0, 0, 0, 0, 0, 0, 0, 0, 0, 0, 0, 0, 0, 0, 0, 0, 0, 0, 0, 0, 0, 0, 0, 0, 0, 0, 0, 0, 0, 0, 0, 0, 0, 0, 0, 0, 0, 0, 0, -0.0025698082, -0.0022757459, -0.0022360284, -0.0022780085, -0.002382734, -0.0024402163, -0.0025533792, -0.0026609262, -0.002712724, -0.0028133828, -0.002911511, -0.0030086043, -0.0030569395, -0.0031537283, -0.0032499041, -0.0032969508, -0.0033873462, -0.0034708898, -0.0035440691, -0.003576567, -0.0036345131, -0.0036851019, -0.0037090348, -0.003759695, -0.0038214528, -0.0038582482, -0.003945197, -0.0040507033, -0.004171485, -0.0042347596, -0.004359846, -0.0044767894, -0.004531075, -0.004629414, -0.004709708, -0.0047676535, -0.0047885743, -0.00481821, -0.004836311, -0.004841105, -0.0048383516, -0.0048144036, -0.0047945064, -0.004743508, -0.004683852, -0.0046169786, -0.004579351, -0.0044931476, -0.0043934723, -0.004340177, -0.004230737, -0.0041228766, -0.0040246593, -0.003981187, -0.0039053801, -0.0038391491, -0.0038076013, -0.0037446127, -0.0036769265, -0.0036395723, -0.0035567768, -0.0034639556, -0.0033610745, -0.0033062762, -0.0031916255, -0.0030706343, -0.0030080143, -0.0028787588, -0.0027432418, -0.0026002538, -0.0025254246, -0.0023691102, -0.0022100133, -0.0021369297, -0.0020433934, -0.0021076722
0, 0, 0, 0, 0, 0, 0, 0, 0, 0, 0, 0, 0, 0, 0, 0, 0, 0, 0, 0, 0, 0, 0, 0, 0, 0, 0, 0, 0, 0, 0, 0, 0, 0, 0, 0, 0, 0, 0, 0, 0, 0, 0, 0, 0, 0, 0, 0, 0, 0, 0, 0, 0, 0, 0, 0, 0, 0, 0, 0, 0, 0, 0, 0, 0, 0, 0, 0, 0, 0, 0, 0, 0, 0, -0.0027309428, -0.0022078473, -0.0021432855, -0.0021805502, -0.0022967982, -0.002361124, -0.0024876841, -0.0026072364, -0.002664433, -0.0027745508, -0.0028802115, -0.0029827692, -0.0030329556, -0.0031316443, -0.00322738, -0.0032734072, -0.0033606791, -0.003440164, -0.0035094784, -0.00354053, -0.003597339, -0.0036501545, -0.0036767516, -0.0037358035, -0.0038098097, -0.0038537213, -0.003955183, -0.004073086, -0.004201192, -0.0042657168, -0.0043885866, -0.00449861, -0.0045486167, -0.004638947, -0.0047142575, -0.0047711013, -0.0047925264, -0.00482379, -0.0048422585, -0.0048465636, -0.004842347, -0.0048178146, -0.0047981893, -0.0047482345, -0.004689013, -0.0046217507, -0.0045839944, -0.0044980906, -0.0043988884, -0.0043456745, -0.0042358977, -0.0041280077, -0.0040301364, -0.003986712, -0.003910565, -0.0038441888, -0.003812733, -0.0037497631, -0.003681674, -0.0036442264, -0.0035614849, -0.0034683638, -0.0033651798, -0.0033104026, -0.0031955424, -0.0030742437, -0.0030115293, -0.0028820082, -0.0027462111, -0.0026030417, -0.0025280437, -0.0023714018, -0.0022121014, -0.002138883, -0.0020450812, -0.0021092868
0, 0, 0, 0, 0, 0, 0, 0, 0, 0, 0, 0, 0, 0, 0, 0, 0, 0, 0, 0, 0, 0, 0, 0, 0, 0, 0, 0, 0, 0, 0, 0, 0, 0, 0, 0, 0, 0, 0, 0, 0, 0, 0, 0, 0, 0, 0, 0, 0, 0, 0, 0, 0, 0, 0, 0, 0, 0, 0, 0, 0, 0, 0, 0, 0, 0, 0, 0, 0, 0, 0, 0, 0, 0, -0.0020364453, -0.0019229426, -0.0019269033, -0.0020284543, -0.0021777297, -0.0022544535, -0.0024019368, -0.0025390384, -0.0026041854, -0.0027285642, -0.0028462776, -0.0029583569, -0.0030121934, -0.0031157082, -0.0032126533, -0.0032579433, -0.0033415228, -0.0034151797, -0.0034781792, -0.003506513, -0.0035604774, -0.0036154496, -0.0036454268, -0.0037160367, -0.0038068972, -0.0038602382, -0.0039801435, -0.004111777, -0.0042454675, -0.004309276, -0.0044248155, -0.004522944, -0.0045669046, -0.004647615, -0.0047183437, -0.004775147, -0.0047973, -0.0048294417, -0.004846713, -0.004849904, -0.0048439, -0.0048197107, -0.004800892, -0.0047523268, -0.0046930583, -0.004624986, -0.0045870985, -0.0045018233, -0.0044034845, -0.0043503596, -0.004240196, -0.0041321907, -0.0040347087, -0.00399142, -0.00391511, -0.0038484766, -0.0038170211, -0.0037541431, -0.003685916, -0.003648313, -0.0035654244, -0.0034722637, -0.0033687889, -0.0033138676, -0.003198905, -0.0030773676, -0.003014488, -0.002884835, -0.002748793, -0.0026053898, -0.0025303247, -0.0023733976, -0.0022138709, -0.0021405274, -0.002046555, -0.0021106596
0, 0, 0, 0, 0, 0, 0, 0, 0, 0, 0, 0, 0, 0, 0, 0, 0, 0, 0, 0, 0, 0, 0, 0, 0, 0, 0, 0, 0, 0, 0, 0, 0, 0, 0, 0, 0, 0, 0, 0, 0, 0, 0, 0, 0, 0, 0, 0, 0, 0, 0, 0, 0, 0, 0, 0, 0, 0, 0, 0, 0, 0, 0, 0, 0, 0, 0, 0, 0, 0, 0, 0, 0, 0, -0.001880133, -0.0017813549, -0.0017973405, -0.0019190359, -0.0020847465, -0.0021689518, -0.0023303744, -0.0024804666, -0.0025517298, -0.0026874933, -0.0028153267, -0.0029359383, -0.002993306, -0.0031020776, -0.0032017427, -0.0032474461, -0.0033301176, -0.0034015307, -0.0034621714, -0.003489777, -0.003544039, -0.003602764, -0.0036360917, -0.0037163578, -0.0038194985, -0.0038793965, -0.004011265, -0.0041511552, -0.004287389, -0.004350096, -0.004459242, -0.004547358, -0.0045860107, -0.0046575163, -0.0047228946, -0.004778375, -0.004800822, -0.0048336065, -0.004850275, -0.0048526037, -0.0048449663, -0.004820545, -0.004802218, -0.004754863, -0.0046960874, -0.0046276604, -0.00458954, -0.0045044036, -0.004406825, -0.004354026, -0.0042440174, -0.004135712, -0.0040382505, -0.003995134, -0.0039190887, -0.0038521946, -0.0038205823, -0.0037577136, -0.0036896379, -0.0036519163, -0.0035686623, -0.0034755128, -0.0033719242, -0.0033168043, -0.003201644, -0.0030800435, -0.0030170125, -0.002887172, -0.0027509977, -0.002607303, -0.0025321566, -0.0023750565, -0.0022152844, -0.002141851, -0.002047742, -0.0021117884
0, 0, 0, 0, 0, 0, 0, 0, 0, 0, 0, 0, 0, 0, 0, 0, 0, 0, 0, 0, 0, 0, 0, 0, 0, 0, 0, 0, 0, 0, 0, 0, 0, 0, 0, 0, 0, 0, 0, 0, 0, 0, 0, 0, 0, 0, 0, 0, 0, 0, 0, 0, 0, 0, 0, 0, 0, 0, 0, 0, 0, 0, 0, 0, 0, 0, 0, 0, 0, 0, 0, 0, 0, 0, -0.0018914005, -0.001770331, -0.0017757728, -0.0018846523, -0.0020460573, -0.0021301354, -0.0022936636, -0.0024476047, -0.0025210658, -0.0026616484, -0.0027944467, -0.0029198292, -0.0029794339, -0.0030923374, -0.003195467, -0.003242712, -0.0033284044, -0.0034029698, -0.003467547, -0.003497463, -0.0035569512, -0.0036213892, -0.003657629, -0.003743247, -0.0038502286, -0.003911345, -0.0040440974, -0.004182974, -0.004316628, -0.0043775714, -0.0044825003, -0.0045657833, -0.004601943, -0.004668852, -0.0047302903, -0.004782603, -0.0048038056, -0.0048349993, -0.0048512397, -0.0048537515, -0.0048468183, -0.0048224577, -0.004803821, -0.004755707, -0.0046970285, -0.004629587, -0.0045919865, -0.0045070695, -0.0044090636, -0.004356196, -0.0042467336, -0.004139019, -0.0040413234, -0.0039979625, -0.0039219568, -0.0038554836, -0.003823853, -0.0037605558, -0.0036924412, -0.0036548474, -0.0035715376, -0.0034779569, -0.0033744462, -0.00331932, -0.0032038393, -0.0030821653, -0.003019115, -0.0028889591, -0.0027527057, -0.0026088243, -0.002533572, -0.0023763473, -0.0022164108, -0.0021429083, -0.0020486612, -0.0021126457
0, 0, 0, 0, 0, 0, 0, 0, 0, 0, 0, 0, 0, 0, 0, 0, 0, 0, 0, 0, 0, 0, 0, 0, 0, 0, 0, 0, 0, 0, 0, 0, 0, 0, 0, 0, 0, 0, 0, 0, 0, 0, 0, 0, 0, 0, 0, 0, 0, 0, 0, 0, 0, 0, 0, 0, 0, 0, 0, 0, 0, 0, 0, 0, 0, 0, 0, 0, 0, 0, 0, 0, 0, 0, -0.0019432107, -0.0018094502, -0.0018063373, -0.0018999164, -0.002050609, -0.0021309785, -0.0022895637, -0.0024410617, -0.002513934, -0.002654504, -0.0027885211, -0.0029162662, -0.0029773696, -0.0030939216, -0.003201655, -0.0032514625, -0.0033430199, -0.0034242196, -0.0034957803, -0.0035291128, -0.0035948178, -0.0036638665, -0.0037015728, -0.0037877879, -0.0038922941, -0.003950964, -0.004077038, -0.0042078607, -0.004333726, -0.004391381, -0.00449168, -0.004573492, -0.0046098516, -0.0046778745, -0.0047393483, -0.0047891694, -0.0048083323, -0.004835433, -0.0048501254, -0.0048531257, -0.0048484015, -0.004825237, -0.004806192, -0.0047561647, -0.004696551, -0.004630446, -0.00459385, -0.004509786, -0.0044108685, -0.004357555, -0.004248402, -0.004141765, -0.0040440247, -0.0040003066, -0.003923988, -0.003858042, -0.003826574, -0.003762871, -0.0036944752, -0.0036570334, -0.00357381, -0.0034798486, -0.003376314, -0.0033212279, -0.0032054973, -0.0030837236, -0.003020633, -0.002890288, -0.0027539062, -0.0026099016, -0.002534601, -0.0023772647, -0.0022172213, -0.002143647, -0.0020493132, -0.0021132445
0, 0, 0, 0, 0, 0, 0, 0, 0, 0, 0, 0, 0, 0, 0, 0, 0, 0, 0, 0, 0, 0, 0, 0, 0, 0, 0, 0, 0, 0, 0, 0, 0, 0, 0, 0, 0, 0, 0, 0, 0, 0, 0, 0, 0, 0, 0, 0, 0, 0, 0, 0, 0, 0, 0, 0, 0, 0, 0, 0, 0, 0, 0, 0, 0, 0, 0, 0, 0, 0, 0, 0, 0, 0, -0.0019921882, -0.0018531891, -0.001846465, -0.0019321553, -0.0020754493, -0.0021525954, -0.002305975, -0.0024539393, -0.0025257648, -0.0026652797, -0.0027997983, -0.0029293601, -0.002991846, -0.0031119895, -0.003224255, -0.003276697, -0.0033739647, -0.003461234, -0.0035385801, -0.0035744733, -0.0036442836, -0.0037155228, -0.003753326, -0.0038374965, -0.0039366777, -0.003991471, -0.00410765, -0.004226991, -0.004341947, -0.0043952395, -0.0044903923, -0.0045722504, -0.0046101133, -0.004682164, -0.0047464827, -0.004795826, -0.0048135975, -0.004837167, -0.0048497515, -0.004852685, -0.0048491447, -0.0048269397, -0.004807819, -0.004756773, -0.004696446, -0.0046310383, -0.0045949817, -0.004511558, -0.00441232, -0.004358807, -0.004249791, -0.004143704, -0.0040459554, -0.004002083, -0.003925666, -0.0038599072, -0.0038284087, -0.0037645584, -0.0036960356, -0.0036585901, -0.0035752591, -0.0034812083, -0.0033776308, -0.003322462, -0.0032065948, -0.0030847394, -0.0030215657, -0.002891134, -0.0027546536, -0.0026105607, -0.0025352228, -0.0023777995, -0.0022176495, -0.002144056, -0.002049667, -0.0021135977
0, 0, 0, 0, 0, 0, 0, 0, 0, 0, 0, 0, 0, 0, 0, 0, 0, 0, 0, 0, 0, 0, 0, 0, 0, 0, 0, 0, 0, 0, 0, 0, 0, 0, 0, 0, 0, 0, 0, 0, 0, 0, 0, 0, 0, 0, 0, 0, 0, 0, 0, 0, 0, 0, 0, 0, 0, 0, 0, 0, 0, 0, 0, 0, 0, 0, 0, 0, 0, 0, 0, 0, 0, 0, -0.002027907, -0.0018870506, -0.0018795857, -0.0019634005, -0.0021039562, -0.002179516, -0.0023298706, -0.002475456, -0.00254649, -0.0026852489, -0.0028202257, -0.0029513096, -0.0030149752, -0.0031381012, -0.003254044, -0.003308584, -0.003410349, -0.0035021908, -0.003583541, -0.003621053, -0.003692899, -0.0037641847, -0.0038011204, -0.0038815227, -0.0039742063, -0.0040248367, -0.0041313265, -0.0042399964, -0.0043452857, -0.00439485, -0.0044856477, -0.004567118, -0.0046059694, -0.0046812375, -0.0047489894, -0.0048004817, -0.0048186057, -0.0048412792, -0.0048516253, -0.0048534838, -0.0048486535, -0.004826692, -0.0048080673, -0.004757921, -0.004697632, -0.00463166, -0.0045953942, -0.0045121494, -0.0044135335, -0.004360229, -0.0042511816, -0.004144777, -0.0040470674, -0.00400333, -0.003927068, -0.0038610178, -0.003829384, -0.0037655863, -0.0036971522, -0.0036595764, -0.0035759616, -0.0034819827, -0.0033783242, -0.003323025, -0.003207104, -0.0030851644, -0.003021945, -0.002891475, -0.0027549143, -0.0026107607, -0.002535364, -0.002377924, -0.0022177177, -0.0021441316, -0.0020497348, -0.0021136727
0, 0, 0, 0, 0, 0, 0, 0, 0, 0, 0, 0, 0, 0, 0, 0, 0, 0, 0, 0, 0, 0, 0, 0, 0, 0, 0, 0, 0, 0, 0, 0, 0, 0, 0, 0, 0, 0, 0, 0, 0, 0, 0, 0, 0, 0, 0, 0, 0, 0, 0, 0, 0, 0, 0, 0, 0, 0, 0, 0, 0, 0, 0, 0, 0, 0, 0, 0, 0, 0, 0, 0, 0, 0, -0.0020517919, -0.001910535, -0.0019033825, -0.001987732, -0.0021278223, -0.0022027649, -0.0023513713, -0.0024950504, -0.0025651439, -0.002702471, -0.0028366018, -0.0029677318, -0.0030317332, -0.0031562396, -0.0032747192, -0.0033308845, -0.0034365074, -0.0035324579, -0.0036174478, -0.0036563121, -0.0037295297, -0.0038000385, -0.0038357235, -0.003911995, -0.0039989618, -0.0040463144, -0.004145862, -0.0042475373, -0.0043466883, -0.0043937424, -0.004481052, -0.0045613353, -0.0046004336, -0.004677799, -0.0047490955, -0.004803968, -0.004823062, -0.0048456304, -0.0048536304, -0.004854108, -0.004847689, -0.0048263315, -0.004808483, -0.004759518, -0.0046989196, -0.004631983, -0.004595551, -0.004512708, -0.0044147014, -0.004361468, -0.0042520794, -0.004145384, -0.0040478655, -0.0040042335, -0.003927786, -0.0038614431, -0.0038297924, -0.0037660503, -0.0036974808, -0.0036597948, -0.003576124, -0.0034821304, -0.0033782737, -0.003322958, -0.0032070286, -0.003084993, -0.0030217515, -0.0028912558, -0.0027546543, -0.0026104704, -0.002535097, -0.0023776004, -0.0022174667, -0.0021438792, -0.002049479, -0.0021134587
0, 0, 0, 0, 0, 0, 0, 0, 0, 0, 0, 0, 0, 0, 0, 0, 0, 0, 0, 0, 0, 0, 0, 0, 0, 0, 0, 0, 0, 0, 0, 0, 0, 0, 0, 0, 0, 0, 0, 0, 0, 0, 0, 0, 0, 0, 0, 0, 0, 0, 0, 0, 0, 0, 0, 0, 0, 0, 0, 0, 0, 0, 0, 0, 0, 0, 0, 0, 0, 0, 0, 0, 0, 0, -0.002061773, -0.0019213276, -0.001914862, -0.0020004609, -0.002141237, -0.0022162322, -0.0023641977, -0.0025061914, -0.002575087, -0.0027093522, -0.0028395527, -0.0029661001, -0.0030277171, -0.0031477194, -0.0032625915, -0.0033175363, -0.0034222929, -0.0035196305, -0.003608141, -0.0036494378, -0.003728111, -0.0038036183, -0.0038411606, -0.0039194026, -0.0040056068, -0.0040517603, -0.00414775, -0.004245668, -0.0043420936, -0.0043885196, -0.0044763116, -0.0045589632, -0.004599681, -0.0046799993, -0.0047524124, -0.004805962, -0.0048238356, -0.004844412, -0.004852737, -0.0048542493, -0.0048501967, -0.004829561, -0.004811213, -0.0047605797, -0.0046995175, -0.004633651, -0.0045976895, -0.0045147133, -0.004415606, -0.004361989, -0.0042527094, -0.0041462416, -0.0040480676, -0.0040039676, -0.003927192, -0.0038608906, -0.0038290883, -0.0037647353, -0.0036959867, -0.00365833, -0.0035745222, -0.00348019, -0.0033763798, -0.003321032, -0.00320489, -0.0030828884, -0.0030196137, -0.0028890662, -0.0027525479, -0.0026084452, -0.0025331266, -0.0023757722, -0.0022157847, -0.002142287, -0.0020480743, -0.002112121
0, 0, 0, 0, 0, 0, 0, 0, 0, 0, 0, 0, 0, 0, 0, 0, 0, 0, 0, 0, 0, 0, 0, 0, 0, 0, 0, 0, 0, 0, 0, 0, 0, 0, 0, 0, 0, 0, 0, 0, 0, 0, 0, 0, 0, 0, 0, 0, 0, 0, 0, 0, 0, 0, 0, 0, 0, 0, 0, 0, 0, 0, 0, 0, 0, 0, 0, 0, 0, 0, 0, 0, 0, 0, -0.002037223, -0.001896963, -0.0018900622, -0.0019749652, -0.002116118, -0.0021917564, -0.002341645, -0.0024859654, -0.002555988, -0.0026923006, -0.0028241256, -0.0029516392, -0.0030133498, -0.0031325268, -0.0032450715, -0.003298245, -0.0033984347, -0.003490475, -0.0035739746, -0.003613246, -0.0036893687, -0.0037648263, -0.0038033945, -0.0038857353, -0.0039784387, -0.004028383, -0.004132547, -0.0042384667, -0.004341689, -0.004390688, -0.0044814884, -0.0045642606, -0.0046041254, -0.0046817134, -0.0047512786, -0.004803129, -0.00482087, -0.0048423624, -0.004852421, -0.004854735, -0.0048516477, -0.004831087, -0.0048125596, -0.004761512, -0.0047002113, -0.0046343957, -0.004598519, -0.0045154905, -0.0044160234, -0.0043621133, -0.004252341, -0.004145813, -0.004047529, -0.004003241, -0.003925965, -0.0038594934, -0.0038277109, -0.0037631984, -0.003694157, -0.003656437, -0.0035726812, -0.0034782367, -0.0033743086, -0.0033189862, -0.0032029157, -0.0030808551, -0.003017615, -0.0028871188, -0.0027506747, -0.002606681, -0.0025313979, -0.0023742013, -0.0022143833, -0.002140963, -0.0020469246, -0.0021109988
0, 0, 0, 0, 0, 0, 0, 0, 0, 0, 0, 0, 0, 0, 0, 0, 0, 0, 0, 0, 0, 0, 0, 0, 0, 0, 0, 0, 0, 0, 0, 0, 0, 0, 0, 0, 0, 0, 0, 0, 0, 0, 0, 0, 0, 0, 0, 0, 0, 0, 0, 0, 0, 0, 0, 0, 0, 0, 0, 0, 0, 0, 0, 0, 0, 0, 0, 0, 0, 0, 0, 0, 0, 0, -0.0019929714, -0.0018536826, -0.0018468398, -0.0019325059, -0.0020759138, -0.0021531575, -0.0023068616, -0.0024553703, -0.0025275277, -0.00266791, -0.0028034605, -0.0029340936, -0.002997059, -0.0031175546, -0.003229218, -0.003280998, -0.0033761954, -0.0034607835, -0.0035354102, -0.0035701394, -0.0036382966, -0.0037089319, -0.0037468052, -0.003831903, -0.0039327545, -0.003988485, -0.004106311, -0.0042264713, -0.0043415856, -0.004394799, -0.0044895993, -0.004570827, -0.004608409, -0.004680418, -0.004745778, -0.004797266, -0.004816223, -0.004841464, -0.004854153, -0.0048567806, -0.0048527773, -0.0048311683, -0.0048126816, -0.004762578, -0.004701925, -0.0046354705, -0.0045991, -0.004515467, -0.004415993, -0.004362064, -0.0042518694, -0.0041447426, -0.004046163, -0.0040018274, -0.0039242147, -0.0038573518, -0.003825506, -0.003760937, -0.0036916174, -0.0036538192, -0.0035700775, -0.0034755298, -0.0033715498, -0.003316291, -0.0032002395, -0.0030781785, -0.0030150411, -0.002884606, -0.0027482307, -0.0026043935, -0.0025291992, -0.0023721866, -0.002212596, -0.0021392857, -0.0020454035, -0.002109583
0, 0, 0, 0, 0, 0, 0, 0, 0, 0, 0, 0, 0, 0, 0, 0, 0, 0, 0, 0, 0, 0, 0, 0, 0, 0, 0, 0, 0, 0, 0, 0, 0, 0, 0, 0, 0, 0, 0, 0, 0, 0, 0, 0, 0, 0, 0, 0, 0, 0, 0, 0, 0, 0, 0, 0, 0, 0, 0, 0, 0, 0, 0, 0, 0, 0, 0, 0, 0, 0, 0, 0, 0, 0, -0.0019381942, -0.001803563, -0.0017998196, -0.0018923203, -0.0020423708, -0.002122595, -0.0022814127, -0.0024339198, -0.002507714, -0.0026506914, -0.0027879083, -0.0029194728, -0.0029826057, -0.0031028644, -0.003213047, -0.0032634968, -0.0033545855, -0.003433051, -0.0034998818, -0.003530385, -0.0035903328, -0.0036546122, -0.0036906116, -0.0037754686, -0.003881342, -0.003941599, -0.004071715, -0.0042063757, -0.004334726, -0.004392945, -0.004493139, -0.0045736167, -0.004609147, -0.004675829, -0.004737649, -0.0047899806, -0.0048109237, -0.0048413957, -0.0048573376, -0.0048600854, -0.0048538963, -0.004830199, -0.004811685, -0.0047634067, -0.0047044, -0.0046369657, -0.004599408, -0.004514255, -0.0044152765, -0.0043618632, -0.004251439, -0.00414281, -0.004043732, -0.0039995983, -0.0039220927, -0.0038544533, -0.00382227, -0.0037577772, -0.003688557, -0.0036505624, -0.0035664912, -0.0034721745, -0.0033681348, -0.0033128175, -0.0031968341, -0.0030748993, -0.0030117866, -0.0028814783, -0.002745265, -0.0026015956, -0.0025265093, -0.002369731, -0.002210375, -0.0021371974, -0.002043581, -0.002107869
0, 0, 0, 0, 0, 0, 0, 0, 0, 0, 0, 0, 0, 0, 0, 0, 0, 0, 0, 0, 0, 0, 0, 0, 0, 0, 0, 0, 0, 0, 0, 0, 0, 0, 0, 0, 0, 0, 0, 0, 0, 0, 0, 0, 0, 0, 0, 0, 0, 0, 0, 0, 0, 0, 0, 0, 0, 0, 0, 0, 0, 0, 0, 0, 0, 0, 0, 0, 0, 0, 0, 0, 0, 0, -0.0018888364, -0.0017670963, -0.0017719929, -0.0018795382, -0.0020396416, -0.0021231782, -0.0022858195, -0.0024393464, -0.0025128291, -0.0026539096, -0.0027878277, -0.0029150948, -0.002975915, -0.0030916943, -0.003197803, -0.0032464098, -0.0033340317, -0.0034090616, -0.0034721761, -0.003500687, -0.0035565908, -0.003617022, -0.0036513465, -0.003733837, -0.0038395368, -0.0039008327, -0.004035515, -0.0041776258, -0.0043144724, -0.0043766326, -0.0044828183, -0.0045662834, -0.004602332, -0.004669076, -0.004731122, -0.004785025, -0.0048073055, -0.0048407894, -0.00485886, -0.004861917, -0.0048550307, -0.0048302743, -0.0048115975, -0.0047640116, -0.0047057583, -0.004637646, -0.0045993007, -0.0045129154, -0.0044140522, -0.0043608276, -0.004250043, -0.0041401456, -0.0040406254, -0.003996619, -0.003919137, -0.0038507127, -0.0038182263, -0.0037538274, -0.0036846984, -0.0036464694, -0.003562111, -0.003468095, -0.0033639164, -0.0033085037, -0.0031928052, -0.0030709384, -0.0030077947, -0.0028777749, -0.0027417063, -0.0025982647, -0.00252332, -0.0023667933, -0.0022077595, -0.0021347392, -0.002041432, -0.0021058207
0, 0, 0, 0, 0, 0, 0, 0, 0, 0, 0, 0, 0, 0, 0, 0, 0, 0, 0, 0, 0, 0, 0, 0, 0, 0, 0, 0, 0, 0, 0, 0, 0, 0, 0, 0, 0, 0, 0, 0, 0, 0, 0, 0, 0, 0, 0, 0, 0, 0, 0, 0, 0, 0, 0, 0, 0, 0, 0, 0, 0, 0, 0, 0, 0, 0, 0, 0, 0, 0, 0, 0, 0, 0, -0.0018839097, -0.001785151, -0.0018008597, -0.0019216458, -0.0020859702, -0.002169372, -0.0023291, -0.0024773572, -0.0025476383, -0.0026813785, -0.0028069646, -0.0029253934, -0.002981875, -0.003089808, -0.0031898888, -0.0032362563, -0.0033211133, -0.0033952312, -0.0034586783, -0.00348754, -0.003543818, -0.0036034929, -0.0036367448, -0.0037154478, -0.0038156663, -0.0038739315, -0.004003088, -0.0041419636, -0.0042792773, -0.004343247, -0.004455733, -0.0045475657, -0.0045878016, -0.0046616415, -0.004727955, -0.0047832946, -0.004805662, -0.00483898, -0.0048576877, -0.0048614084, -0.0048561045, -0.004831934, -0.0048129642, -0.0047641587, -0.00470502, -0.0046368293, -0.004598587, -0.0045119715, -0.0044121877, -0.0043584174, -0.0042470484, -0.0041370825, -0.004037126, -0.003992767, -0.0039147716, -0.003846226, -0.003813692, -0.003749038, -0.0036796613, -0.0036414277, -0.00355715, -0.003463098, -0.003358949, -0.0033035858, -0.0031880445, -0.0030662399, -0.0030031924, -0.0028734508, -0.0027375368, -0.0025944165, -0.0025196082, -0.0023634052, -0.0022047493, -0.0021319175, -0.0020389254, -0.0021034537
0, 0, 0, 0, 0, 0, 0, 0, 0, 0, 0, 0, 0, 0, 0, 0, 0, 0, 0, 0, 0, 0, 0, 0, 0, 0, 0, 0, 0, 0, 0, 0, 0, 0, 0, 0, 0, 0, 0, 0, 0, 0, 0, 0, 0, 0, 0, 0, 0, 0, 0, 0, 0, 0, 0, 0, 0, 0, 0, 0, 0, 0, 0, 0, 0, 0, 0, 0, 0, 0, 0, 0, 0, 0, -0.0020421469, -0.0019292417, -0.0019331469, -0.0020337936, -0.0021815835, -0.0022575045, -0.002403399, -0.002538951, -0.0026031751, -0.0027253383, -0.002839937, -0.002948279, -0.0030002263, -0.0031005347, -0.0031955314, -0.0032404345, -0.0033245746, -0.0034003297, -0.003466638, -0.0034969, -0.0035549293, -0.0036137286, -0.0036451474, -0.0037170716, -0.0038066714, -0.0038586645, -0.003974965, -0.004103342, -0.0042359293, -0.0043003424, -0.0044192136, -0.004522379, -0.0045688027, -0.0046532885, -0.004725727, -0.0047825314, -0.004804546, -0.0048369146, -0.004855779, -0.0048601637, -0.0048565273, -0.0048330063, -0.00481373, -0.0047635026, -0.00470319, -0.0046349363, -0.004596878, -0.004510166, -0.004409271, -0.0043549086, -0.0042429226, -0.0041331174, -0.004032765, -0.0039879666, -0.003909246, -0.0038408262, -0.003808333, -0.0037433102, -0.0036736445, -0.0036355068, -0.0035514256, -0.0034571853, -0.0033531936, -0.0032979758, -0.0031824957, -0.003060861, -0.0029979586, -0.0028684486, -0.0027328073, -0.0025900267, -0.0025153614, -0.0023595567, -0.0022013017, -0.0021287007, -0.0020360902, -0.0021007813
0, 0, 0, 0, 0, 0, 0, 0, 0, 0, 0, 0, 0, 0, 0, 0, 0, 0, 0, 0, 0, 0, 0, 0, 0, 0, 0, 0, 0, 0, 0, 0, 0, 0, 0, 0, 0, 0, 0, 0, 0, 0, 0, 0, 0, 0, 0, 0, 0, 0, 0, 0, 0, 0, 0, 0, 0, 0, 0, 0, 0, 0, 0, 0, 0, 0, 0, 0, 0, 0, 0, 0, 0, 0, -0.00273029, -0.0022083272, -0.0021435162, -0.002179347, -0.0022940359, -0.002357887, -0.0024841945, -0.0026041395, -0.0026617246, -0.0027722146, -0.0028771998, -0.0029779978, -0.0030270165, -0.0031233188, -0.0032168264, -0.0032618989, -0.0033478483, -0.0034266016, -0.0034957041, -0.0035267833, -0.003584421, -0.0036391623, -0.0036670072, -0.0037288584, -0.003805276, -0.0038500754, -0.0039523747, -0.0040698107, -0.0041970303, -0.004261271, -0.0043847086, -0.0044969614, -0.004548682, -0.004642928, -0.004721959, -0.0047815396, -0.004803787, -0.004835682, -0.004854157, -0.004858568, -0.0048552644, -0.00483196, -0.0048126113, -0.004761976, -0.0047009415, -0.0046320125, -0.004593636, -0.0045064813, -0.004405175, -0.004350589, -0.0042380006, -0.004127663, -0.004027072, -0.003982088, -0.0039030192, -0.003834302, -0.0038017684, -0.0037365984, -0.0036668705, -0.0036287536, -0.0035446829, -0.0034504738, -0.0033466807, -0.0032915226, -0.0031761965, -0.0030548382, -0.0029920791, -0.0028627953, -0.002727545, -0.0025850632, -0.0025105954, -0.002355236, -0.0021974652, -0.0021250877, -0.00203294, -0.002097785
0, 0, 0, 0, 0, 0, 0, 0, 0, 0, 0, 0, 0, 0, 0, 0, 0, 0, 0, 0, 0, 0, 0, 0, 0, 0, 0, 0, 0, 0, 0, 0, 0, 0, 0, 0, 0, 0, 0, 0, 0, 0, 0, 0, 0, 0, 0, 0, 0, 0, 0, 0, 0, 0, 0, 0, 0, 0, 0, 0, 0, 0, 0, 0, 0, 0, 0, 0, 0, 0, 0, 0, 0, 0, -0.0025627597, -0.0022676792, -0.002226922, -0.002266676, -0.002370002, -0.0024273805, -0.0025418103, -0.0026519035, -0.0027053147, -0.0028090803, -0.0029093355, -0.0030073458, -0.0030556875, -0.0031519297, -0.003246896, -0.0032930328, -0.0033812788, -0.0034620194, -0.0035318688, -0.0035626953, -0.0036179703, -0.003667569, -0.0036917313, -0.0037444779, -0.0038101675, -0.0038493134, -0.00394099, -0.0040499065, -0.0041721924, -0.0042355647, -0.004360151, -0.00447699, -0.0045318385, -0.004632856, -0.004717553, -0.0047801295, -0.004802789, -0.0048341136, -0.0048515545, -0.004855656, -0.0048523326, -0.0048293113, -0.004810006, -0.004759046, -0.0046973377, -0.004627555, -0.0045888233, -0.0045012324, -0.004399805, -0.0043450464, -0.004231887, -0.004120908, -0.004020111, -0.0039750827, -0.0038957174, -0.003826641, -0.003794065, -0.003728979, -0.0036590914, -0.0036209554, -0.0035370255, -0.0034429464, -0.0033392874, -0.0032842837, -0.0031691613, -0.0030480837, -0.0029854856, -0.0028565205, -0.0027216307, -0.002579555, -0.0025053453, -0.0023504603, -0.0021932267, -0.0021211205, -0.0020294222, -0.0020944602
0, 0, 0, 0, 0, 0, 0, 0, 0, 0, 0, 0, 0, 0, 0, 0, 0, 0, 0, 0, 0, 0, 0, 0, 0, 0, 0, 0, 0, 0, 0, 0, 0, 0, 0, 0, 0, 0, 0, 0, 0, 0, 0, 0, 0, 0, 0, 0, 0, 0, 0, 0, 0, 0, 0, 0, 0, 0, 0, 0, 0, 0, 0, 0, 0, 0, 0, 0, 0, 0, 0, 0, 0, 0, -0.0023229283, -0.0021814601, -0.0021831857, -0.0022643008, -0.0023813176, -0.0024411606, -0.0025571373, -0.0026670662, -0.0027202666, -0.0028239586, -0.0029249408, -0.0030246358, -0.0030741002, -0.0031728717, -0.003270232, -0.0033173775, -0.0034070557, -0.003488321, -0.00355793, -0.0035883426, -0.0036422908, -0.0036897925, -0.0037126138, -0.003761799, -0.0038230054, -0.0038596236, -0.003945732, -0.004049119, -0.0041666166, -0.004228124, -0.004350634, -0.0044677528, -0.0045234994, -0.0046271333, -0.0047140443, -0.004777435, -0.004799983, -0.0048304475, -0.0048473347, -0.004851515, -0.004848534, -0.0048253937, -0.004805739, -0.0047538164, -0.004691564, -0.0046217497, -0.004582864, -0.0044945995, -0.004392599, -0.0043377625, -0.004224508, -0.0041130455, -0.004011714, -0.003966627, -0.0038873001, -0.0038179667, -0.0037852472, -0.0037201855, -0.0036504061, -0.0036122354, -0.0035284134, -0.0034345754, -0.0033310296, -0.0032761898, -0.0031613782, -0.0030405922, -0.002978205, -0.0028495796, -0.002715096, -0.0025735279, -0.0024995606, -0.0023452018, -0.0021885543, -0.0021167577, -0.0020255502, -0.0020907968
0, 0, 0, 0, 0, 0, 0, 0, 0, 0, 0, 0, 0, 0, 0, 0, 0, 0, 0, 0, 0, 0, 0, 0, 0, 0, 0, 0, 0, 0, 0, 0, 0, 0, 0, 0, 0, 0, 0, 0, 0, 0, 0, 0, 0, 0, 0, 0, 0, 0, 0, 0, 0, 0, 0, 0, 0, 0, 0, 0, 0, 0, 0, 0, 0, 0, 0, 0, 0, 0, 0, 0, 0, 0, -0.0021473926, -0.00206553, -0.0020902257, -0.0022026156, -0.0023381342, -0.0024045133, -0.00253002, -0.0026468234, -0.002702854, -0.0028114452, -0.0029169873, -0.003021114, -0.0030726965, -0.0031750165, -0.003274628, -0.0033224404, -0.0034125743, -0.0034936252, -0.003563159, -0.0035938658, -0.00364928, -0.003699532, -0.0037241783, -0.0037775452, -0.0038427599, -0.003881031, -0.0039688908, -0.0040710215, -0.0041842884, -0.0042428947, -0.0043592798, -0.0044713286, -0.004525199, -0.0046263514, -0.004711796, -0.004773872, -0.004795742, -0.00482508, -0.0048416443, -0.0048459643, -0.0048434576, -0.004820063, -0.004799846, -0.0047464487, -0.0046835244, -0.004614118, -0.004575431, -0.0044866977, -0.004383691, -0.0043286667, -0.0042155776, -0.004103983, -0.00400204, -0.0039568096, -0.003877655, -0.0038082132, -0.0037753002, -0.003710222, -0.0036407656, -0.0036026365, -0.003518724, -0.003425304, -0.003321997, -0.0032672235, -0.003152834, -0.0030324007, -0.0029701754, -0.0028419707, -0.0027079955, -0.0025669343, -0.0024932232, -0.0023394586, -0.0021834432, -0.0021119914, -0.0020213418, -0.0020868403
0, 0, 0, 0, 0, 0, 0, 0, 0, 0, 0, 0, 0, 0, 0, 0, 0, 0, 0, 0, 0, 0, 0, 0, 0, 0, 0, 0, 0, 0, 0, 0, 0, 0, 0, 0, 0, 0, 0, 0, 0, 0, 0, 0, 0, 0, 0, 0, 0, 0, 0, 0, 0, 0, 0, 0, 0, 0, 0, 0, 0, 0, 0, 0, 0, 0, 0, 0, 0, 0, 0, 0, 0, 0, -0.0020262788, -0.0019623644, -0.001994411, -0.0021197442, -0.0022675756, -0.0023399978, -0.0024768042, -0.0026035374, -0.002663919, -0.0027800698, -0.0028918386, -0.0030008738, -0.003054314, -0.0031587868, -0.0032586767, -0.0033059875, -0.0033945052, -0.003474034, -0.0035436822, -0.0035754417, -0.0036355862, -0.003694177, -0.0037241988, -0.0037899201, -0.0038681368, -0.003912353, -0.0040090997, -0.0041144085, -0.0042242883, -0.0042790947, -0.004385362, -0.004486584, -0.004535675, -0.0046294397, -0.0047105905, -0.004770351, -0.00479138, -0.004819467, -0.0048352587, -0.0048393672, -0.0048366, -0.0048127356, -0.0047920607, -0.0047373963, -0.004673732, -0.0046045375, -0.00456616, -0.0044774464, -0.004373428, -0.0043179463, -0.0042047924, -0.0040936046, -0.003991385, -0.0039458578, -0.0038664285, -0.003797272, -0.0037643942, -0.0036992265, -0.0036299007, -0.0035918981, -0.003508209, -0.003415055, -0.0033120946, -0.0032574474, -0.0031434868, -0.0030234654, -0.0029614058, -0.0028337445, -0.0027002895, -0.002559777, -0.0024863824, -0.0023332464, -0.0021779223, -0.002106808, -0.0020167844, -0.002082541
0, 0, 0, 0, 0, 0, 0, 0, 0, 0, 0, 0, 0, 0, 0, 0, 0, 0, 0, 0, 0, 0, 0, 0, 0, 0, 0, 0, 0, 0, 0, 0, 0, 0, 0, 0, 0, 0, 0, 0, 0, 0, 0, 0, 0, 0, 0, 0, 0, 0, 0, 0, 0, 0, 0, 0, 0, 0, 0, 0, 0, 0, 0, 0, 0, 0, 0, 0, 0, 0, 0, 0, 0, 0, -0.0019302708, -0.0018717196, -0.001905246, -0.002034715, -0.0021902113, -0.0022675153, -0.002415214, -0.0025528707, -0.0026183322, -0.002743462, -0.002862087, -0.0029753053, -0.0030296154, -0.0031337256, -0.003230658, -0.0032758955, -0.0033599767, -0.003436317, -0.0035057664, -0.003539057, -0.0036063055, -0.0036774122, -0.0037154767, -0.0037996722, -0.003897022, -0.0039499565, -0.004060332, -0.0041719214, -0.0042794337, -0.0043301266, -0.004423938, -0.0045103543, -0.0045524337, -0.0046351464, -0.004710188, -0.0047676195, -0.0047881356, -0.0048151324, -0.0048292466, -0.0048323763, -0.0048278216, -0.0048027574, -0.004781755, -0.004726912, -0.00466312, -0.0045938147, -0.0045552393, -0.0044659907, -0.0043615093, -0.004305879, -0.0041928813, -0.004081806, -0.0039791637, -0.0039333897, -0.0038539753, -0.0037852135, -0.0037523943, -0.0036870076, -0.0036178958, -0.0035801476, -0.0034968697, -0.0034038138, -0.0033013094, -0.0032469342, -0.0031333172, -0.0030137193, -0.0029519773, -0.0028248967, -0.0026919146, -0.0025520632, -0.0024789893, -0.0023265718, -0.0021719886, -0.0021012237, -0.0020119147, -0.002077888
0, 0, 0, 0, 0, 0, 0, 0, 0, 0, 0, 0, 0, 0, 0, 0, 0, 0, 0, 0, 0, 0, 0, 0, 0, 0, 0, 0, 0, 0, 0, 0, 0, 0, 0, 0, 0, 0, 0, 0, 0, 0, 0, 0, 0, 0, 0, 0, 0, 0, 0, 0, 0, 0, 0, 0, 0, 0, 0, 0, 0, 0, 0, 0, 0, 0, 0, 0, 0, 0, 0, 0, 0, 0, -0.0018374709, -0.0017848439, -0.0018204803, -0.0019547131, -0.0021172725, -0.0021990102, -0.002356988, -0.0025055837, -0.0025764685, -0.0027114984, -0.00283777, -0.002955132, -0.0030100218, -0.0031124786, -0.0032047967, -0.00324706, -0.003325076, -0.0033967535, -0.003465078, -0.003499673, -0.0035738226, -0.0036578916, -0.00370442, -0.003808256, -0.003925985, -0.003988182, -0.0041133096, -0.0042321547, -0.0043381285, -0.0043849717, -0.0044663856, -0.004537258, -0.004571831, -0.0046426696, -0.004711612, -0.0047674333, -0.0047877207, -0.004813064, -0.004823347, -0.004824248, -0.0048164707, -0.0047908104, -0.0047702324, -0.0047163186, -0.0046520587, -0.0045812167, -0.004542005, -0.0044524497, -0.0043485546, -0.004293081, -0.0041797617, -0.004068086, -0.0039653894, -0.00391977, -0.0038405936, -0.0037717477, -0.003738874, -0.0036736745, -0.0036050729, -0.0035674863, -0.0034843418, -0.0033916512, -0.0032897508, -0.0032355208, -0.003122293, -0.0030033356, -0.0029418566, -0.0028152873, -0.002682992, -0.0025437677, -0.0024710305, -0.002319413, -0.0021656235, -0.0020952746, -0.0020066784, -0.0020729278
0, 0, 0, 0, 0, 0, 0, 0, 0, 0, 0, 0, 0, 0, 0, 0, 0, 0, 0, 0, 0, 0, 0, 0, 0, 0, 0, 0, 0, 0, 0, 0, 0, 0, 0, 0, 0, 0, 0, 0, 0, 0, 0, 0, 0, 0, 0, 0, 0, 0, 0, 0, 0, 0, 0, 0, 0, 0, 0, 0, 0, 0, 0, 0, 0, 0, 0, 0, 0, 0, 0, 0, 0, 0, -0.0017481204, -0.0017099126, -0.001751439, -0.0018944931, -0.0020641668, -0.0021494946, -0.002315093, -0.0024720447, -0.0025472832, -0.0026906582, -0.002823754, -0.0029451689, -0.0030009376, -0.0031025144, -0.0031913891, -0.003231296, -0.003304263, -0.0033719537, -0.0034389526, -0.003474316, -0.0035535558, -0.0036476976, -0.0037008564, -0.0038200025, -0.003953195, -0.0040222663, -0.0041575055, -0.004280483, -0.004384701, -0.0044287485, -0.004502153, -0.0045632203, -0.0045928024, -0.0046547907, -0.004717452, -0.0047695963, -0.004788464, -0.0048105745, -0.0048165387, -0.0048153764, -0.004804877, -0.0047790837, -0.0047589154, -0.004705191, -0.0046394877, -0.004566654, -0.0045270296, -0.004437967, -0.004334769, -0.004279152, -0.0041647754, -0.004052727, -0.0039506922, -0.0039052845, -0.0038258221, -0.0037567962, -0.0037241424, -0.0036595338, -0.0035910688, -0.0035535335, -0.0034708118, -0.003378685, -0.0032771898, -0.0032231924, -0.0031105278, -0.0029922072, -0.0029309755, -0.0028050127, -0.0026734543, -0.0025349194, -0.0024625994, -0.0023117606, -0.0021588395, -0.0020889507, -0.0020010723, -0.0020676644
0, 0, 0, 0, 0, 0, 0, 0, 0, 0, 0, 0, 0, 0, 0, 0, 0, 0, 0, 0, 0, 0, 0, 0, 0, 0, 0, 0, 0, 0, 0, 0, 0, 0, 0, 0, 0, 0, 0, 0, 0, 0, 0, 0, 0, 0, 0, 0, 0, 0, 0, 0, 0, 0, 0, 0, 0, 0, 0, 0, 0, 0, 0, 0, 0, 0, 0, 0, 0, 0, 0, 0, 0, 0, -0.0016961654, -0.0016811042, -0.0017296529, -0.0018797566, -0.0020516426, -0.0021374521, -0.002303901, -0.0024622816, -0.0025383867, -0.0026840128, -0.0028194594, -0.0029430927, -0.002999808, -0.0031030106, -0.0031929393, -0.0032331985, -0.003306597, -0.003374792, -0.003442597, -0.003478654, -0.0035600164, -0.0036573089, -0.00371256, -0.0038360613, -0.003973436, -0.004044128, -0.0041814637, -0.004305103, -0.0044094324, -0.004453569, -0.0045269434, -0.004586718, -0.004614792, -0.0046714325, -0.004726689, -0.004771512, -0.0047875033, -0.0048058922, -0.004809908, -0.0048079696, -0.0047957073, -0.00476809, -0.004747159, -0.0046921144, -0.004625298, -0.004551584, -0.0045117396, -0.0044226386, -0.004319329, -0.0042634923, -0.0041484637, -0.0040363627, -0.0039347615, -0.003889439, -0.0038097133, -0.0037406967, -0.0037083705, -0.0036442806, -0.003575863, -0.0035384346, -0.003456371, -0.003364829, -0.0032636886, -0.003210013, -0.0030980522, -0.0029802367, -0.00291934, -0.002794127, -0.002663244, -0.0025255121, -0.0024536094, -0.0023036334, -0.0021516543, -0.0020822124, -0.001995123, -0.0020620774
0, 0, 0, 0, 0, 0, 0, 0, 0, 0, 0, 0, 0, 0, 0, 0, 0, 0, 0, 0, 0, 0, 0, 0, 0, 0, 0, 0, 0, 0, 0, 0, 0, 0, 0, 0, 0, 0, 0, 0, 0, 0, 0, 0, 0, 0, 0, 0, 0, 0, 0, 0, 0, 0, 0, 0, 0, 0, 0, 0, 0, 0, 0, 0, 0, 0, 0, 0, 0, 0, 0, 0, 0, 0, -0.0017730634, -0.0017481621, -0.0017910486, -0.0019307496, -0.002093212, -0.002174611, -0.0023328878, -0.0024840455, -0.0025569343, -0.0026972052, -0.0028292777, -0.0029520236, -0.00300922, -0.0031154754, -0.0032105832, -0.0032538082, -0.0033332617, -0.0034063589, -0.0034769385, -0.0035132603, -0.003592912, -0.0036856045, -0.0037375716, -0.003853302, -0.0039827535, -0.004049984, -0.0041824607, -0.0043051317, -0.0044129244, -0.004460152, -0.004540351, -0.004604806, -0.0046334662, -0.0046872064, -0.00473541, -0.004772566, -0.0047855936, -0.0048009506, -0.00480461, -0.004802506, -0.004788346, -0.004757169, -0.0047345166, -0.0046773865, -0.0046102926, -0.004536549, -0.004496351, -0.004406177, -0.004302149, -0.0042462195, -0.004131238, -0.0040191114, -0.0039174524, -0.0038720756, -0.0037923611, -0.0037236714, -0.0036915557, -0.003627769, -0.003559565, -0.0035224413, -0.0034410646, -0.0033498867, -0.0032493419, -0.0031960837, -0.0030847287, -0.0029675567, -0.0029070387, -0.002782586, -0.002652415, -0.0025155668, -0.0024441092, -0.0022950212, -0.0021440343, -0.0020750614, -0.0019888773, -0.0020561675
0, 0, 0, 0, 0, 0, 0, 0, 0, 0, 0, 0, 0, 0, 0, 0, 0, 0, 0, 0, 0, 0, 0, 0, 0, 0, 0, 0, 0, 0, 0, 0, 0, 0, 0, 0, 0, 0, 0, 0, 0, 0, 0, 0, 0, 0, 0, 0, 0, 0, 0, 0, 0, 0, 0, 0, 0, 0, 0, 0, 0, 0, 0, 0, 0, 0, 0, 0, 0, 0, 0, 0, 0, -0.002833319, -0.002088695, -0.0019087141, -0.0019249767, -0.0020367124, -0.0021814802, -0.0022552672, -0.0023995184, -0.0025379858, -0.0026051998, -0.0027354113, -0.0028598697, -0.002978135, -0.0030346287, -0.003142169, -0.003241866, -0.0032882649, -0.0033745544, -0.0034532852, -0.0035262518, -0.0035621868, -0.0036375572, -0.0037214556, -0.0037674734, -0.0038692895, -0.003984461, -0.0040454594, -0.0041690087, -0.0042890776, -0.004400734, -0.0044517466, -0.0045410725, -0.0046130084, -0.0046437345, -0.004697598, -0.004741811, -0.0047737123, -0.004784596, -0.0047975234, -0.0048003555, -0.004797629, -0.0047808895, -0.004745692, -0.0047212834, -0.0046623237, -0.0045951637, -0.004521112, -0.0044802134, -0.004388324, -0.0042836918, -0.0042279665, -0.004113218, -0.0040006274, -0.0038986986, -0.0038534664, -0.0037740655, -0.0037055388, -0.0036735157, -0.0036101113, -0.003542352, -0.0035054854, -0.003424734, -0.0033340515, -0.003234155, -0.0031813013, -0.0030705808, -0.0029541336, -0.0028940777, -0.0027703391, -0.0026410248, -0.002505067, -0.0024340404, -0.0022859585, -0.0021359683, -0.0020675317, -0.0019822991, -0.002049933
0, 0, 0, 0, 0, 0, 0, 0, 0, 0, 0, 0, 0, 0, 0, 0, 0, 0, 0, 0, 0, 0, 0, 0, 0, 0, 0, 0, 0, 0, 0, 0, 0, 0, 0, 0, 0, 0, 0, 0, 0, 0, 0, 0, 0, 0, 0, 0, 0, 0, 0, 0, 0, 0, 0, 0, 0, 0, 0, 0, 0, 0, 0, 0, 0, 0, 0, 0, 0, 0, 0, 0, 0, -0.0024011584, -0.0020974628, -0.0020165297, -0.0020438423, -0.0021548409, -0.0022885404, -0.002355665, -0.0024864634, -0.0026120814, -0.0026733796, -0.0027928855, -0.002908324, -0.0030196018, -0.003073578, -0.0031782368, -0.0032779563, -0.0033253503, -0.0034146514, -0.0034966008, -0.003571216, -0.0036069164, -0.003678875, -0.003754986, -0.0037955218, -0.0038839728, -0.0039842785, -0.004038359, -0.0041512693, -0.004266478, -0.004379375, -0.0044328994, -0.0045295744, -0.0046096426, -0.0046437695, -0.0047018426, -0.004746337, -0.0047758175, -0.0047850898, -0.004794834, -0.0047952193, -0.004791412, -0.0047721355, -0.0047340766, -0.004708292, -0.0046474985, -0.00457944, -0.004504463, -0.0044629104, -0.004369627, -0.0042644273, -0.004208749, -0.004094163, -0.003981019, -0.0038787671, -0.0038337025, -0.0037547976, -0.0036862474, -0.0036542874, -0.0035913954, -0.00352424, -0.003487586, -0.0034073032, -0.0033174015, -0.003218127, -0.0031656015, -0.0030556875, -0.0029400215, -0.002880362, -0.0027574566, -0.00262905, -0.0024939992, -0.0024234515, -0.002276434, -0.0021275238, -0.0020596315, -0.0019753424, -0.0020433941
0, 0, 0, 0, 0, 0, 0, 0, 0, 0, 0, 0, 0, 0, 0, 0, 0, 0, 0, 0, 0, 0, 0, 0, 0, 0, 0, 0, 0, 0, 0, 0, 0, 0, 0, 0, 0, 0, 0, 0, 0, 0, 0, 0, 0, 0, 0, 0, 0, 0, 0, 0, 0, 0, 0, 0, 0, 0, 0, 0, 0, 0, 0, 0, 0, 0, 0, 0, 0, 0, 0, 0, 0, -0.002254113, -0.0020984346, -0.0020934753, -0.0021356437, -0.0022540337, -0.00238229, -0.002444991, -0.0025659625, -0.0026823706, -0.0027392688, -0.0028508129, -0.0029591767, -0.0030640266, -0.0031149487, -0.0032143868, -0.0033101034, -0.003355978, -0.0034435624, -0.0035253519, -0.0036007818, -0.0036367918, -0.0037080587, -0.0037802898, -0.0038174284, -0.0038962385, -0.0039843437, -0.004032109, -0.00413432, -0.0042436044, -0.0043558474, -0.00441068, -0.0045123375, -0.0045994027, -0.0046370877, -0.0047009406, -0.004748071, -0.004776934, -0.0047849286, -0.004791366, -0.004788511, -0.0047833393, -0.004761891, -0.004721957, -0.004695333, -0.004632709, -0.004562929, -0.004486456, -0.0044443468, -0.0043502348, -0.004244612, -0.0041887667, -0.0040737595, -0.003960256, -0.0038579414, -0.0038130227, -0.003734348, -0.0036658982, -0.0036340982, -0.0035717434, -0.0035050623, -0.0034687072, -0.003389069, -0.0032998063, -0.003201292, -0.0031491388, -0.0030400075, -0.0029252092, -0.0028659916, -0.0027439548, -0.002616462, -0.0024823807, -0.002412365, -0.0022664226, -0.0021186972, -0.0020513774, -0.001968055, -0.002036526
0, 0, 0, 0, 0, 0, 0, 0, 0, 0, 0, 0, 0, 0, 0, 0, 0, 0, 0, 0, 0, 0, 0, 0, 0, 0, 0, 0, 0, 0, 0, 0, 0, 0, 0, 0, 0, 0, 0, 0, 0, 0, 0, 0, 0, 0, 0, 0, 0, 0, 0, 0, 0, 0, 0, 0, 0, 0, 0, 0, 0, 0, 0, 0, 0, 0, 0, 0, 0, 0, 0, 0, 0, -0.0027232517, -0.0022294067, -0.0021680926, -0.0022031702, -0.0023149496, -0.0024381448, -0.0024982765, -0.002614423, -0.0027266375, -0.0027817974, -0.0028903778, -0.0029958491, -0.0030978424, -0.003147101, -0.003242796, -0.0033340629, -0.0033775668, -0.0034606361, -0.0035389673, -0.003612741, -0.003648572, -0.003719798, -0.0037911169, -0.003826968, -0.003901322, -0.003982772, -0.0040268586, -0.004122146, -0.004227151, -0.004338383, -0.00439377, -0.0044977767, -0.0045883087, -0.00462798, -0.0046957303, -0.0047454545, -0.004774631, -0.0047819624, -0.0047857915, -0.0047798697, -0.004773376, -0.0047501996, -0.004708977, -0.00468164, -0.0046171458, -0.0045453035, -0.004467351, -0.0044247536, -0.0043300814, -0.004223903, -0.0041677724, -0.004052283, -0.003938452, -0.0038361915, -0.00379136, -0.0037128255, -0.0036445113, -0.0036128592, -0.0035510801, -0.0034849923, -0.0034488107, -0.0033698725, -0.0032814303, -0.0031836207, -0.0031318911, -0.0030236426, -0.0029096412, -0.002850914, -0.0027297894, -0.0026033137, -0.0024702663, -0.002400774, -0.0022559653, -0.0021094726, -0.002042745, -0.0019604454, -0.0020293517
0, 0, 0, 0, 0, 0, 0, 0, 0, 0, 0, 0, 0, 0, 0, 0, 0, 0, 0, 0, 0, 0, 0, 0, 0, 0, 0, 0, 0, 0, 0, 0, 0, 0, 0, 0, 0, 0, 0, 0, 0, 0, 0, 0, 0, 0, 0, 0, 0, 0, 0, 0, 0, 0, 0, 0, 0, 0, 0, 0, 0, 0, 0, 0, 0, 0, 0, 0, 0, 0, 0, 0, 0, -0.0024365797, -0.0021695879, -0.0021563303, -0.0021992836, -0.0023183045, -0.002445126, -0.002506627, -0.0026251925, -0.0027393783, -0.0027953992, -0.0029052147, -0.0030114383, -0.0031137303, -0.0031629528, -0.0032574276, -0.003345734, -0.003387133, -0.0034648506, -0.003537485, -0.0036068477, -0.0036413788, -0.0037121281, -0.0037847105, -0.0038214775, -0.0038974518, -0.0039797807, -0.004023977, -0.004118934, -0.004222989, -0.0043332274, -0.004388092, -0.0044910633, -0.0045803636, -0.004619584, -0.004687086, -0.00473746, -0.0047673145, -0.0047746813, -0.00477753, -0.004769353, -0.0047617075, -0.004736733, -0.0046944483, -0.004666471, -0.004600297, -0.0045263707, -0.0044469675, -0.0044040726, -0.0043091737, -0.0042023663, -0.004145646, -0.0040294584, -0.0039157593, -0.0038136735, -0.0037687419, -0.0036900807, -0.0036221675, -0.0035907961, -0.0035294653, -0.0034639195, -0.0034280526, -0.0033497713, -0.0032622183, -0.003165184, -0.0031138514, -0.0030065083, -0.0028934116, -0.0028351427, -0.00271504, -0.0025896057, -0.0024576313, -0.0023886892, -0.0022451084, -0.0020998036, -0.0020337098, -0.0019525609, -0.0020218822
0, 0, 0, 0, 0, 0, 0, 0, 0, 0, 0, 0, 0, 0, 0, 0, 0, 0, 0, 0, 0, 0, 0, 0, 0, 0, 0, 0, 0, 0, 0, 0, 0, 0, 0, 0, 0, 0, 0, 0, 0, 0, 0, 0, 0, 0, 0, 0, 0, 0, 0, 0, 0, 0, 0, 0, 0, 0, 0, 0, 0, 0, 0, 0, 0, 0, 0, 0, 0, 0, 0, 0, 0, -0.0020942166, -0.0019905388, -0.002058516, -0.002123209, -0.0022683432, -0.0024108111, -0.0024784086, -0.0026065847, -0.0027277144, -0.0027862268, -0.002899446, -0.0030074338, -0.0031103843, -0.0031595724, -0.0032533256, -0.0033395563, -0.0033793468, -0.0034526782, -0.0035200594, -0.0035849556, -0.0036181754, -0.0036889054, -0.0037652662, -0.0038050783, -0.0038887667, -0.003979481, -0.004027493, -0.0041278335, -0.0042335046, -0.004341756, -0.0043945364, -0.00449217, -0.0045755995, -0.0046122656, -0.0046759606, -0.004725019, -0.004755226, -0.0047629345, -0.0047660046, -0.004756848, -0.0047483505, -0.0047215214, -0.004677526, -0.0046488084, -0.0045813452, -0.00450635, -0.0044258833, -0.004382511, -0.0042869197, -0.0041794702, -0.004122461, -0.0040057185, -0.0038921, -0.0037901173, -0.0037450984, -0.0036662892, -0.003598859, -0.0035678186, -0.0035069617, -0.003441778, -0.0034063184, -0.0033290016, -0.0032421052, -0.0031458817, -0.0030950892, -0.002988686, -0.0028765171, -0.0028187502, -0.002699707, -0.0025753109, -0.0024444978, -0.0023761797, -0.0022337732, -0.0020897696, -0.002024347, -0.0019443335, -0.0020141252
0, 0, 0, 0, 0, 0, 0, 0, 0, 0, 0, 0, 0, 0, 0, 0, 0, 0, 0, 0, 0, 0, 0, 0, 0, 0, 0, 0, 0, 0, 0, 0, 0, 0, 0, 0, 0, 0, 0, 0, 0, 0, 0, 0, 0, 0, 0, 0, 0, 0, 0, 0, 0, 0, 0, 0, 0, 0, 0, 0, 0, 0, 0, 0, 0, 0, 0, 0, 0, 0, 0, 0, 0, -0.0018466883, -0.001825837, -0.0019470281, -0.0020289775, -0.0021985918, -0.0023585397, -0.0024334574, -0.002573832, -0.0027037577, -0.002765312, -0.0028818825, -0.0029901841, -0.0030911826, -0.0031389645, -0.0032293187, -0.0033123242, -0.0033507023, -0.0034218896, -0.003488335, -0.003553521, -0.003587464, -0.0036613338, -0.003744151, -0.0037884666, -0.0038832226, -0.00398617, -0.0040396703, -0.0041480237, -0.0042558005, -0.004360192, -0.0044092797, -0.0044975937, -0.0045715654, -0.004604284, -0.0046627703, -0.0047099884, -0.0047405926, -0.004748673, -0.004751781, -0.004741528, -0.0047321655, -0.004703551, -0.004658148, -0.004628942, -0.004560707, -0.0044850246, -0.0044036396, -0.00435966, -0.0042631114, -0.0041552098, -0.004098111, -0.0039811875, -0.003867433, -0.0037652447, -0.0037201568, -0.0036416627, -0.003574778, -0.0035438838, -0.0034833115, -0.0034189066, -0.0033838837, -0.0033073183, -0.0032211612, -0.0031259104, -0.003075644, -0.002970133, -0.0028589948, -0.0028017813, -0.0026837625, -0.002560488, -0.0024308593, -0.002363153, -0.0022220104, -0.002079397, -0.0020146556, -0.0019357818, -0.002006086
0, 0, 0, 0, 0, 0, 0, 0, 0, 0, 0, 0, 0, 0, 0, 0, 0, 0, 0, 0, 0, 0, 0, 0, 0, 0, 0, 0, 0, 0, 0, 0, 0, 0, 0, 0, 0, 0, 0, 0, 0, 0, 0, 0, 0, 0, 0, 0, 0, 0, 0, 0, 0, 0, 0, 0, 0, 0, 0, 0, 0, 0, 0, 0, 0, 0, 0, 0, 0, 0, 0, 0, 0, -0.0017679768, -0.0017605261, -0.0018870722, -0.0019713182, -0.002146769, -0.0023143452, -0.002393278, -0.0025414755, -0.0026774923, -0.0027412162, -0.0028599277, -0.00296731, -0.0030643486, -0.003109294, -0.003193392, -0.0032710496, -0.0033076971, -0.0033784667, -0.0034487157, -0.003521159, -0.0035593386, -0.0036420592, -0.0037340173, -0.003783205, -0.0038885314, -0.0040019234, -0.0040600304, -0.0041741906, -0.004281744, -0.0043799323, -0.0044243033, -0.004501824, -0.00456612, -0.0045952382, -0.0046495167, -0.00469532, -0.004725227, -0.0047327783, -0.004734391, -0.004722487, -0.004712425, -0.004682873, -0.0046369648, -0.0046074335, -0.0045384686, -0.0044620004, -0.0043795886, -0.004335062, -0.0042378264, -0.004129983, -0.004072882, -0.003955525, -0.0038412765, -0.0037393798, -0.0036944675, -0.003616115, -0.003549512, -0.0035188878, -0.0034588627, -0.0033951823, -0.0033606165, -0.0032847386, -0.0031994586, -0.0031052772, -0.0030554372, -0.0029508716, -0.0028408782, -0.0027841963, -0.0026672208, -0.002545191, -0.0024167295, -0.002349634, -0.002209884, -0.002068662, -0.002004601, -0.0019269384, -0.0019977696
0, 0, 0, 0, 0, 0, 0, 0, 0, 0, 0, 0, 0, 0, 0, 0, 0, 0, 0, 0, 0, 0, 0, 0, 0, 0, 0, 0, 0, 0, 0, 0, 0, 0, 0, 0, 0, 0, 0, 0, 0, 0, 0, 0, 0, 0, 0, 0, 0, 0, 0, 0, 0, 0, 0, 0, 0, 0, 0, 0, 0, 0, 0, 0, 0, 0, 0, 0, 0, 0, 0, 0, -0.0025866907, -0.0019409789, -0.0018012258, -0.0018916227, -0.0019671167, -0.0021325694, -0.0022957006, -0.0023735983, -0.0025209202, -0.0026567136, -0.0027201532, -0.0028378337, -0.0029429968, -0.0030362955, -0.0030787718, -0.0031575335, -0.0032308856, -0.0032664319, -0.0033383772, -0.0034153739, -0.0034991724, -0.0035439774, -0.0036395662, -0.003741663, -0.0037946913, -0.003905644, -0.0040228046, -0.00408201, -0.0041965507, -0.0043010972, -0.0043927142, -0.004433043, -0.004502154, -0.004559778, -0.00458647, -0.0046378598, -0.004681743, -0.0047089458, -0.0047148233, -0.004713451, -0.0046999957, -0.004689786, -0.0046606017, -0.004614632, -0.004584567, -0.0045138993, -0.004436357, -0.0043539153, -0.004309393, -0.0042115483, -0.0041031577, -0.0040459842, -0.003928521, -0.0038141725, -0.0037123968, -0.0036676978, -0.0035895584, -0.0035232059, -0.00349289, -0.0034336338, -0.0033705777, -0.0033363306, -0.003261432, -0.003177074, -0.0030838698, -0.0030344913, -0.0029309976, -0.0028221498, -0.0027659903, -0.002650138, -0.0025293718, -0.002402135, -0.0023357228, -0.002197357, -0.0020575603, -0.0019942094, -0.0019178343, -0.001989187
0, 0, 0, 0, 0, 0, 0, 0, 0, 0, 0, 0, 0, 0, 0, 0, 0, 0, 0, 0, 0, 0, 0, 0, 0, 0, 0, 0, 0, 0, 0, 0, 0, 0, 0, 0, 0, 0, 0, 0, 0, 0, 0, 0, 0, 0, 0, 0, 0, 0, 0, 0, 0, 0, 0, 0, 0, 0, 0, 0, 0, 0, 0, 0, 0, 0, 0, 0, 0, 0, 0, 0, -0.0021229747, -0.0018655271, -0.0018199307, -0.0019231255, -0.0019961377, -0.0021523312, -0.0023058034, -0.0023792884, -0.0025190506, -0.0026484663, -0.0027091126, -0.0028222245, -0.0029237487, -0.0030146432, -0.0030562251, -0.0031341817, -0.003207965, -0.0032444492, -0.0033199196, -0.0034034834, -0.0034966941, -0.0035468389, -0.003652435, -0.0037611665, -0.0038157315, -0.0039262613, -0.00404022, -0.004097352, -0.0042077303, -0.004308106, -0.0043952735, -0.004433382, -0.0044988617, -0.0045535415, -0.0045789187, -0.004627213, -0.004667195, -0.0046900357, -0.004694108, -0.0046905335, -0.004676613, -0.004666365, -0.0046367096, -0.0045897122, -0.0045590503, -0.0044872384, -0.004409066, -0.004326555, -0.0042820224, -0.004183839, -0.00407477, -0.0040174695, -0.0039002297, -0.0037860363, -0.0036842902, -0.003639688, -0.0035618492, -0.0034960401, -0.0034660376, -0.0034074418, -0.0033450508, -0.003311264, -0.00323732, -0.0031539202, -0.0030617241, -0.0030129126, -0.002910536, -0.002802767, -0.0027471953, -0.0026326128, -0.002513006, -0.0023871518, -0.0023214002, -0.0021844085, -0.002046105, -0.001983514, -0.0019084796, -0.0019803504
0, 0, 0, 0, 0, 0, 0, 0, 0, 0, 0, 0, 0, 0, 0, 0, 0, 0, 0, 0, 0, 0, 0, 0, 0, 0, 0, 0, 0, 0, 0, 0, 0, 0, 0, 0, 0, 0, 0, 0, 0, 0, 0, 0, 0, 0, 0, 0, 0, 0, 0, 0, 0, 0, 0, 0, 0, 0, 0, 0, 0, 0, 0, 0, 0, 0, 0, 0, 0, 0, 0, 0, -0.0019282718, -0.001823295, -0.0018572544, -0.001979643, -0.002051853, -0.0021985904, -0.0023399126, -0.0024075888, -0.0025366773, -0.0026569564, -0.0027137932, -0.0028203845, -0.0029179123, -0.003007477, -0.0030496854, -0.0031307777, -0.003209537, -0.0032487053, -0.003329221, -0.0034165385, -0.0035125283, -0.0035636977, -0.0036707637, -0.0037793347, -0.0038328539, -0.003939226, -0.004047297, -0.0041015917, -0.0042070267, -0.0043042, -0.004389338, -0.0044267424, -0.0044912538, -0.0045452355, -0.004569881, -0.004615502, -0.0046512736, -0.004669853, -0.0046721976, -0.0046666963, -0.004652499, -0.00464211, -0.004611154, -0.0045621735, -0.004530839, -0.004458687, -0.004380538, -0.004297711, -0.004252863, -0.0041540638, -0.0040449356, -0.0039877547, -0.003870813, -0.0037565033, -0.0036548616, -0.003610483, -0.003533251, -0.0034678276, -0.0034381554, -0.003380316, -0.0033187207, -0.0032854197, -0.0032124345, -0.0031300066, -0.0030389363, -0.0029906777, -0.0028894048, -0.0027828277, -0.0027279113, -0.002614541, -0.002496233, -0.002371692, -0.0023066418, -0.0021711271, -0.0020343314, -0.001972532, -0.0018988277, -0.0019712434
0, 0, 0, 0, 0, 0, 0, 0, 0, 0, 0, 0, 0, 0, 0, 0, 0, 0, 0, 0, 0, 0, 0, 0, 0, 0, 0, 0, 0, 0, 0, 0, 0, 0, 0, 0, 0, 0, 0, 0, 0, 0, 0, 0, 0, 0, 0, 0, 0, 0, 0, 0, 0, 0, 0, 0, 0, 0, 0, 0, 0, 0, 0, 0, 0, 0, 0, 0, 0, 0, 0, -0.0028151493, -0.0024023037, -0.0020073361, -0.0019783336, -0.0020742598, -0.0021358954, -0.0022638915, -0.0023897493, -0.0024506464, -0.002568345, -0.0026796246, -0.0027327084, -0.0028334311, -0.0029271536, -0.0030158698, -0.0030590475, -0.0031443087, -0.003229039, -0.0032710542, -0.0033555077, -0.0034429717, -0.0035352749, -0.0035837858, -0.0036849144, -0.003787792, -0.0038386986, -0.0039400533, -0.004043107, -0.004095051, -0.004196609, -0.0042913435, -0.00437589, -0.004413562, -0.004479244, -0.004534191, -0.0045586512, -0.0046019135, -0.0046337643, -0.00464886, -0.0046499325, -0.00464272, -0.0046272837, -0.0046162168, -0.0045834784, -0.0045326264, -0.0045007532, -0.0044286507, -0.0043504676, -0.004266706, -0.004221465, -0.004122682, -0.004013926, -0.003956751, -0.003839707, -0.0037256624, -0.0036243708, -0.0035802019, -0.0035035156, -0.0034386166, -0.0034092402, -0.0033522665, -0.003291598, -0.0032587135, -0.0031867507, -0.0031054295, -0.0030154735, -0.0029678019, -0.0028676982, -0.0027623477, -0.0027080437, -0.0025959886, -0.0024789798, -0.002355837, -0.002291504, -0.0021574812, -0.0020222806, -0.001961239, -0.0018889181, -0.0019619192
0, 0, 0, 0, 0, 0, 0, 0, 0, 0, 0, 0, 0, 0, 0, 0, 0, 0, 0, 0, 0, 0, 0, 0, 0, 0, 0, 0, 0, 0, 0, 0, 0, 0, 0, 0, 0, 0, 0, 0, 0, 0, 0, 0, 0, 0, 0, 0, 0, 0, 0, 0, 0, 0, 0, 0, 0, 0, 0, 0, 0, 0, 0, 0, 0, 0, 0, 0, 0, 0, 0, -0.0029993819, -0.0025785633, -0.0021660558, -0.0021052004, -0.002173535, -0.0022236272, -0.0023320757, -0.0024425243, -0.0024970928, -0.0026041635, -0.0027073857, -0.0027573076, -0.0028531023, -0.002944428, -0.0030328685, -0.0030767003, -0.0031647894, -0.0032531873, -0.0032968184, -0.0033825233, -0.0034676616, -0.0035539349, -0.0035983052, -0.0036903631, -0.003784728, -0.003832015, -0.0039279675, -0.0040278505, -0.0040787375, -0.004179072, -0.0042732507, -0.004357833, -0.0043958873, -0.0044633113, -0.004520322, -0.004545164, -0.004586968, -0.0046149828, -0.0046266704, -0.0046265773, -0.004617858, -0.004600759, -0.004588772, -0.0045541003, -0.0045013963, -0.0044689476, -0.0043966696, -0.00431867, -0.004233992, -0.0041882, -0.004089417, -0.003981509, -0.003924464, -0.0038070593, -0.003693321, -0.0035928215, -0.003548898, -0.0034725391, -0.0034084085, -0.0033794625, -0.0033233282, -0.0032635995, -0.0032312006, -0.0031603174, -0.0030801261, -0.0029913504, -0.0029443111, -0.0028454023, -0.0027413745, -0.00268767, -0.0025769407, -0.002461291, -0.0023395899, -0.0022760204, -0.0021434894, -0.0020099168, -0.0019496741, -0.0018787774, -0.001952389
0, 0, 0, 0, 0, 0, 0, 0, 0, 0, 0, 0, 0, 0, 0, 0, 0, 0, 0, 0, 0, 0, 0, 0, 0, 0, 0, 0, 0, 0, 0, 0, 0, 0, 0, 0, 0, 0, 0, 0, 0, 0, 0, 0, 0, 0, 0, 0, 0, 0, 0, 0, 0, 0, 0, 0, 0, 0, 0, 0, 0, 0, 0, 0, 0, 0, 0, 0, 0, 0, 0, -0.002490023, -0.0023013789, -0.0021255752, -0.002141756, -0.0022295702, -0.0022809738, -0.002385831, -0.0024889568, -0.0025394734, -0.002638545, -0.0027345512, -0.002781455, -0.0028730745, -0.0029623285, -0.003050458, -0.003094419, -0.003182984, -0.003271247, -0.0033143037, -0.003397915, -0.0034792079, -0.003559812, -0.0036007138, -0.0036849133, -0.0037714702, -0.003815209, -0.0039061094, -0.004004009, -0.0040550907, -0.004156965, -0.0042531863, -0.004339315, -0.004377809, -0.0044460753, -0.004504167, -0.004529352, -0.004569855, -0.004594427, -0.004602958, -0.0046020052, -0.004591981, -0.00457278, -0.004559372, -0.004522326, -0.004468606, -0.00443594, -0.0043631783, -0.0042845155, -0.0041993433, -0.0041534184, -0.0040547303, -0.003947322, -0.0038904243, -0.003773002, -0.0036597021, -0.0035600567, -0.0035163914, -0.0034403878, -0.0033771486, -0.0033487615, -0.0032935098, -0.0032346866, -0.0032028665, -0.0031332024, -0.0030541227, -0.0029665746, -0.0029201864, -0.0028225705, -0.0027198277, -0.002666822, -0.0025574225, -0.0024432163, -0.0023229567, -0.0022601485, -0.0021292174, -0.0019972527, -0.0019378561, -0.0018684128, -0.0019426343
0, 0, 0, 0, 0, 0, 0, 0, 0, 0, 0, 0, 0, 0, 0, 0, 0, 0, 0, 0, 0, 0, 0, 0, 0, 0, 0, 0, 0, 0, 0, 0, 0, 0, 0, 0, 0, 0, 0, 0, 0, 0, 0, 0, 0, 0, 0, 0, 0, 0, 0, 0, 0, 0, 0, 0, 0, 0, 0, 0, 0, 0, 0, 0, 0, 0, 0, 0, 0, 0, 0, -0.0020316762, -0.0019716094, -0.0019891115, -0.0021049494, -0.0022389845, -0.0023027654, -0.0024203479, -0.002526613, -0.0025766748, -0.0026721654, -0.0027630376, -0.0028069909, -0.0028936518, -0.0029794276, -0.0030655803, -0.0031084171, -0.0031941629, -0.0032784857, -0.0033192304, -0.0033979027, -0.0034741545, -0.0035495092, -0.003587621, -0.003666433, -0.0037480937, -0.0037900833, -0.0038791778, -0.003978318, -0.004030779, -0.0041362047, -0.0042352714, -0.00432274, -0.004361295, -0.0044288114, -0.0044861315, -0.0045111403, -0.0045505725, -0.004572288, -0.0045772493, -0.0045750937, -0.004563855, -0.0045430334, -0.0045283576, -0.004488575, -0.00443371, -0.0044009825, -0.004328103, -0.0042485194, -0.0041626194, -0.0041167485, -0.0040186085, -0.00391156, -0.0038546897, -0.0037374892, -0.0036248318, -0.003526039, -0.003482582, -0.0034071072, -0.0033449677, -0.0033170988, -0.003262698, -0.0032049695, -0.0031737885, -0.0031053706, -0.003027409, -0.0029412515, -0.002895506, -0.0027991892, -0.002697798, -0.0026454818, -0.0025374894, -0.002424738, -0.0023059684, -0.002243902, -0.0021146385, -0.0019843637, -0.0019257851, -0.0018578405, -0.0019326239
0, 0, 0, 0, 0, 0, 0, 0, 0, 0, 0, 0, 0, 0, 0, 0, 0, 0, 0, 0, 0, 0, 0, 0, 0, 0, 0, 0, 0, 0, 0, 0, 0, 0, 0, 0, 0, 0, 0, 0, 0, 0, 0, 0, 0, 0, 0, 0, 0, 0, 0, 0, 0, 0, 0, 0, 0, 0, 0, 0, 0, 0, 0, 0, 0, 0, 0, 0, 0, 0, 0, -0.0018445215, -0.00182964, -0.0019174879, -0.002077541, -0.0022390475, -0.0023125617, -0.0024437732, -0.0025577424, -0.002609967, -0.002706808, -0.0027956718, -0.0028379757, -0.0029200506, -0.0030007043, -0.00308095, -0.0031206156, -0.0031987538, -0.0032746247, -0.0033111968, -0.0033824507, -0.003453097, -0.003524331, -0.0035608534, -0.0036374321, -0.0037188227, -0.0037616137, -0.003853934, -0.003957614, -0.0040123505, -0.004121288, -0.0042220433, -0.004309308, -0.0043472718, -0.004412649, -0.004467, -0.004490651, -0.0045279646, -0.004547517, -0.0045497254, -0.004546252, -0.004533025, -0.004510547, -0.0044948384, -0.0044530025, -0.0043971157, -0.004364267, -0.0042909645, -0.004210433, -0.004124123, -0.00407844, -0.0039809593, -0.0038741026, -0.0038172891, -0.0037005455, -0.0035887084, -0.0034906587, -0.0034475918, -0.0033727877, -0.0033117188, -0.0032844308, -0.0032310113, -0.0031744258, -0.0031439525, -0.0030767631, -0.0030000668, -0.0029153305, -0.0028702458, -0.0027752547, -0.0026753275, -0.0026237096, -0.0025171342, -0.0024058966, -0.0022886118, -0.0022273588, -0.0020997638, -0.0019712073, -0.0019135083, -0.001847046, -0.0019224291
0, 0, 0, 0, 0, 0, 0, 0, 0, 0, 0, 0, 0, 0, 0, 0, 0, 0, 0, 0, 0, 0, 0, 0, 0, 0, 0, 0, 0, 0, 0, 0, 0, 0, 0, 0, 0, 0, 0, 0, 0, 0, 0, 0, 0, 0, 0, 0, 0, 0, 0, 0, 0, 0, 0, 0, 0, 0, 0, 0, 0, 0, 0, 0, 0, 0, 0, 0, 0, 0, -0.002696156, -0.0020686707, -0.001959905, -0.001971952, -0.0021050354, -0.002257356, -0.00233013, -0.0024637291, -0.002582596, -0.0026372864, -0.0027380753, -0.002828859, -0.0028709995, -0.0029506986, -0.0030261802, -0.0030987167, -0.0031336881, -0.0032009112, -0.0032648593, -0.0032958856, -0.0033578153, -0.0034224186, -0.0034907, -0.003526855, -0.0036046898, -0.003690511, -0.0037365446, -0.0038367112, -0.0039475565, -0.004004923, -0.0041160667, -0.0042149266, -0.0042984914, -0.0043344637, -0.004396156, -0.0044468464, -0.0044685043, -0.004502397, -0.004519278, -0.0045191827, -0.0045145936, -0.004499559, -0.004475573, -0.004459025, -0.0044153677, -0.00435837, -0.0043253563, -0.0042516165, -0.0041703563, -0.0040838765, -0.004038509, -0.003941738, -0.0038349945, -0.0037782043, -0.0036621825, -0.003551501, -0.0034539993, -0.0034112062, -0.0033374408, -0.0032775742, -0.0032508238, -0.0031983985, -0.003143149, -0.0031133704, -0.003047463, -0.002972134, -0.0028888274, -0.0028444247, -0.002750815, -0.0026524107, -0.0026015143, -0.0024964032, -0.0023866668, -0.0022709619, -0.0022105228, -0.002084579, -0.0019578203, -0.0019010054, -0.0018360527, -0.0019121136
0, 0, 0, 0, 0, 0, 0, 0, 0, 0, 0, 0, 0, 0, 0, 0, 0, 0, 0, 0, 0, 0, 0, 0, 0, 0, 0, 0, 0, 0, 0, 0, 0, 0, 0, 0, 0, 0, 0, 0, 0, 0, 0, 0, 0, 0, 0, 0, 0, 0, 0, 0, 0, 0, 0, 0, 0, 0, 0, 0, 0, 0, 0, 0, 0, 0, 0, 0, 0, 0, -0.0028414596, -0.002211265, -0.0020889244, -0.0020609596, -0.0021580735, -0.0022865057, -0.0023517476, -0.0024778955, -0.00259619, -0.0026520211, -0.0027569928, -0.0028517242, -0.0028954102, -0.002975855, -0.0030485431, -0.0031148165, -0.0031452405, -0.0032021322, -0.0032546602, -0.0032801777, -0.003333537, -0.003393047, -0.003460426, -0.0034974169, -0.0035796228, -0.0036727972, -0.00372333, -0.0038325915, -0.0039501297, -0.004009082, -0.0041194535, -0.0042132004, -0.004289465, -0.004322049, -0.0043778643, -0.004423836, -0.00444338, -0.0044734688, -0.0044878763, -0.0044860328, -0.004480531, -0.0044635986, -0.0044378326, -0.00442051, -0.004375428, -0.004317335, -0.004283999, -0.0042100786, -0.0041286135, -0.0040420294, -0.003996806, -0.0039005922, -0.0037943055, -0.003737771, -0.0036225829, -0.0035129061, -0.0034160928, -0.0033736548, -0.003301118, -0.0032424203, -0.0032162194, -0.0031648912, -0.003111183, -0.0030821213, -0.0030174064, -0.0029435896, -0.0028617526, -0.0028180592, -0.0027259176, -0.0026290438, -0.002578868, -0.0024752899, -0.002367091, -0.0022529997, -0.0021934006, -0.002069163, -0.0019441773, -0.0018882422, -0.0018248949, -0.0019016262
0, 0, 0, 0, 0, 0, 0, 0, 0, 0, 0, 0, 0, 0, 0, 0, 0, 0, 0, 0, 0, 0, 0, 0, 0, 0, 0, 0, 0, 0, 0, 0, 0, 0, 0, 0, 0, 0, 0, 0, 0, 0, 0, 0, 0, 0, 0, 0, 0, 0, 0, 0, 0, 0, 0, 0, 0, 0, 0, 0, 0, 0, 0, 0, 0, 0, 0, 0, 0, 0, -0.0023610694, -0.0020977592, -0.0020559498, -0.002087027, -0.0021862737, -0.0023031593, -0.0023625554, -0.0024797258, -0.002593352, -0.002648565, -0.002754408, -0.0028524534, -0.0028980034, -0.002981844, -0.0030558812, -0.0031209006, -0.0031498594, -0.003201744, -0.003248479, -0.003271138, -0.003319852, -0.0033774492, -0.0034460765, -0.0034849849, -0.0035730067, -0.0036740245, -0.0037286598, -0.0038449608, -0.0039653652, -0.004023601, -0.004128057, -0.0042121606, -0.0042783273, -0.0043065683, -0.004356005, -0.0043977876, -0.004415619, -0.0044424157, -0.0044540293, -0.004450308, -0.0044439775, -0.004425071, -0.004397173, -0.004378849, -0.0043326495, -0.0042742267, -0.004240858, -0.0041666157, -0.004084774, -0.0039983643, -0.0039534546, -0.0038578347, -0.0037521282, -0.0036959492, -0.003581616, -0.0034729764, -0.0033770674, -0.003335121, -0.0032638214, -0.003206295, -0.0031806247, -0.0031306765, -0.0030784109, -0.0030500635, -0.0029867166, -0.0029145046, -0.002834142, -0.0027911656, -0.0027005968, -0.0026052212, -0.002555814, -0.0024538452, -0.0023471962, -0.00223478, -0.002176022, -0.0020535039, -0.0019303503, -0.0018753209, -0.0018135355, -0.0018909797
0, 0, 0, 0, 0, 0, 0, 0, 0, 0, 0, 0, 0, 0, 0, 0, 0, 0, 0, 0, 0, 0, 0, 0, 0, 0, 0, 0, 0, 0, 0, 0, 0, 0, 0, 0, 0, 0, 0, 0, 0, 0, 0, 0, 0, 0, 0, 0, 0, 0, 0, 0, 0, 0, 0, 0, 0, 0, 0, 0, 0, 0, 0, 0, 0, 0, 0, 0, 0, 0, -0.0020071347, -0.0019411738, -0.0019620915, -0.0020597856, -0.0021804348, -0.0022997062, -0.002357296, -0.0024689822, -0.0025768066, -0.0026292962, -0.0027313936, -0.0028282816, -0.0028744822, -0.0029610822, -0.003039534, -0.0031092532, -0.003140534, -0.0031966732, -0.0032471435, -0.0032716438, -0.0033240125, -0.003385939, -0.0034598694, -0.0035014288, -0.0035947177, -0.0036994528, -0.0037551373, -0.0038708348, -0.003986337, -0.0040404126, -0.004133969, -0.004206336, -0.0042626443, -0.00428704, -0.0043312563, -0.0043696826, -0.004386084, -0.0044100755, -0.0044186143, -0.0044119484, -0.0044043963, -0.00438316, -0.004353638, -0.0043347427, -0.0042876857, -0.0042290105, -0.004195601, -0.0041210623, -0.004038966, -0.0039530145, -0.003908482, -0.0038135885, -0.00370843, -0.0036526462, -0.0035394216, -0.0034318443, -0.0033369185, -0.0032954656, -0.003225518, -0.003169308, -0.003144222, -0.003095615, -0.0030449596, -0.0030173392, -0.0029554525, -0.0028848026, -0.0028060442, -0.00276378, -0.0026748714, -0.0025810404, -0.0025323913, -0.0024320656, -0.0023270184, -0.0022162835, -0.002158368, -0.0020376365, -0.0019163014, -0.0018622063, -0.0018020641, -0.001880173
0, 0, 0, 0, 0, 0, 0, 0, 0, 0, 0, 0, 0, 0, 0, 0, 0, 0, 0, 0, 0, 0, 0, 0, 0, 0, 0, 0, 0, 0, 0, 0, 0, 0, 0, 0, 0, 0, 0, 0, 0, 0, 0, 0, 0, 0, 0, 0, 0, 0, 0, 0, 0, 0, 0, 0, 0, 0, 0, 0, 0, 0, 0, 0, 0, 0, 0, 0, 0, -0.00256689, -0.0020072237, -0.0018874322, -0.0019147868, -0.0020301426, -0.0021619913, -0.0022852817, -0.002342977, -0.0024518708, -0.002554319, -0.0026033903, -0.0026985365, -0.0027899889, -0.0028345706, -0.002921493, -0.003004614, -0.0030830563, -0.003119908, -0.0031890534, -0.003253407, -0.0032847736, -0.0033496132, -0.003421746, -0.003503153, -0.0035472116, -0.0036423563, -0.0037439866, -0.0037962494, -0.00390197, -0.004004426, -0.0040513733, -0.0041312, -0.004192627, -0.0042424984, -0.0042649317, -0.004306195, -0.0043417993, -0.004356311, -0.004376126, -0.0043807104, -0.004370601, -0.004361562, -0.0043384614, -0.004307638, -0.004288267, -0.0042407094, -0.004181831, -0.004148332, -0.00407347, -0.0039913375, -0.003905986, -0.0038619337, -0.0037677954, -0.0036633848, -0.0036080682, -0.0034960138, -0.0033895113, -0.0032957047, -0.0032549172, -0.0031862492, -0.0031313996, -0.0031069333, -0.0030599458, -0.0030107812, -0.0029838872, -0.0029236155, -0.0028546446, -0.002777429, -0.0027359806, -0.0026487364, -0.0025564893, -0.0025086284, -0.002409943, -0.0023065903, -0.0021975364, -0.0021404729, -0.0020215665, -0.0019021031, -0.0018489357, -0.0017904232, -0.0018692348
0, 0, 0, 0, 0, 0, 0, 0, 0, 0, 0, 0, 0, 0, 0, 0, 0, 0, 0, 0, 0, 0, 0, 0, 0, 0, 0, 0, 0, 0, 0, 0, 0, 0, 0, 0, 0, 0, 0, 0, 0, 0, 0, 0, 0, 0, 0, 0, 0, 0, 0, 0, 0, 0, 0, 0, 0, 0, 0, 0, 0, 0, 0, 0, 0, 0, 0, 0, 0, -0.0021123784, -0.0018980853, -0.001856789, -0.0018940783, -0.0020153427, -0.002149254, -0.002274282, -0.0023321994, -0.0024399867, -0.0025385795, -0.0025851408, -0.0026736008, -0.0027583884, -0.0028001638, -0.002884347, -0.0029695616, -0.0030554754, -0.0030981891, -0.003182701, -0.0032655732, -0.0033065341, -0.0033893113, -0.0034755506, -0.0035647117, -0.0036100147, -0.003702087, -0.0037936766, -0.0038387598, -0.0039274315, -0.004012269, -0.00405145, -0.004119269, -0.0041739736, -0.004221273, -0.004243201, -0.0042827358, -0.0043140478, -0.0043258746, -0.0043398445, -0.0043394566, -0.0043260604, -0.0043159127, -0.0042914427, -0.0042600636, -0.004240358, -0.004191849, -0.0041323756, -0.0040987153, -0.0040238868, -0.003942027, -0.003857566, -0.003813965, -0.0037205731, -0.0036168052, -0.0035620607, -0.0034514498, -0.0033461764, -0.0032534278, -0.0032133225, -0.0031461078, -0.0030926887, -0.0030689484, -0.0030234775, -0.0029760255, -0.0029498995, -0.0028912236, -0.0028239898, -0.0027483546, -0.0027077608, -0.002622224, -0.0025315743, -0.0024845628, -0.002387576, -0.0022859005, -0.0021785703, -0.0021223864, -0.002005294, -0.0018877588, -0.0018355235, -0.0017786643, -0.0018581663
0, 0, 0, 0, 0, 0, 0, 0, 0, 0, 0, 0, 0, 0, 0, 0, 0, 0, 0, 0, 0, 0, 0, 0, 0, 0, 0, 0, 0, 0, 0, 0, 0, 0, 0, 0, 0, 0, 0, 0, 0, 0, 0, 0, 0, 0, 0, 0, 0, 0, 0, 0, 0, 0, 0, 0, 0, 0, 0, 0, 0, 0, 0, 0, 0, 0, 0, 0, -0.002522982, -0.0021976968, -0.0018628916, -0.0018437064, -0.0018879359, -0.0020137064, -0.002149144, -0.002275656, -0.0023341733, -0.0024425487, -0.0025401488, -0.0025854597, -0.0026703547, -0.0027504235, -0.0027898406, -0.0028698328, -0.0029534625, -0.0030418064, -0.0030874175, -0.0031817353, -0.0032789765, -0.0033281348, -0.0034272338, -0.0035260292, -0.0036209044, -0.003666199, -0.0037524526, -0.0038321982, -0.0038694646, -0.003941094, -0.0040101204, -0.004043021, -0.004103103, -0.0041554603, -0.0042026215, -0.00422414, -0.004260358, -0.0042848843, -0.004292587, -0.004299215, -0.004294687, -0.004279593, -0.004269054, -0.0042437445, -0.004211009, -0.0041905087, -0.004140633, -0.0040805913, -0.0040470557, -0.0039728447, -0.0038914524, -0.0038076127, -0.0037644317, -0.0036717774, -0.003569079, -0.0035150037, -0.0034058709, -0.003301676, -0.0032101942, -0.0031708532, -0.0031052032, -0.00305319, -0.0030302175, -0.002986413, -0.002940578, -0.0029153123, -0.002858413, -0.0027928515, -0.002718944, -0.0026791927, -0.0025953464, -0.0025064019, -0.0024602693, -0.0023649374, -0.0022649856, -0.0021593978, -0.0021041268, -0.001988861, -0.0018732342, -0.0018219772, -0.0017668075, -0.0018470204
0, 0, 0, 0, 0, 0, 0, 0, 0, 0, 0, 0, 0, 0, 0, 0, 0, 0, 0, 0, 0, 0, 0, 0, 0, 0, 0, 0, 0, 0, 0, 0, 0, 0, 0, 0, 0, 0, 0, 0, 0, 0, 0, 0, 0, 0, 0, 0, 0, 0, 0, 0, 0, 0, 0, 0, 0, 0, 0, 0, 0, 0, 0, 0, 0, 0, 0, 0, -0.0020391627, -0.0019298603, -0.0017925974, -0.0018318839, -0.0018871616, -0.0020224203, -0.0021616868, -0.002291624, -0.0023519625, -0.0024631743, -0.0025625124, -0.0026084285, -0.0026932154, -0.0027711594, -0.0028086293, -0.0028836855, -0.0029613618, -0.003044853, -0.003088906, -0.003182603, -0.0032838203, -0.0033363728, -0.003443787, -0.0035501346, -0.0036487035, -0.0036938959, -0.0037764998, -0.0038491187, -0.0038820927, -0.0039442177, -0.004004695, -0.0040343767, -0.004090539, -0.004141107, -0.0041858573, -0.0042051566, -0.0042348267, -0.0042511, -0.0042547495, -0.004255412, -0.004248553, -0.0042330204, -0.0042221206, -0.004194878, -0.004159621, -0.0041380525, -0.004087085, -0.0040274546, -0.003994317, -0.003920542, -0.0038392309, -0.003755916, -0.0037132865, -0.0036219112, -0.0035203167, -0.0034668737, -0.0033590894, -0.0032562213, -0.0031661391, -0.0031275605, -0.0030635244, -0.003012969, -0.0029908172, -0.002948769, -0.002904653, -0.00288019, -0.0028250904, -0.00276133, -0.0026891227, -0.00265028, -0.0025682074, -0.0024809362, -0.0024357005, -0.0023420989, -0.0022438602, -0.0021400226, -0.0020856769, -0.0019723107, -0.001858619, -0.001808315, -0.0017548176, -0.0018357672
0, 0, 0, 0, 0, 0, 0, 0, 0, 0, 0, 0, 0, 0, 0, 0, 0, 0, 0, 0, 0, 0, 0, 0, 0, 0, 0, 0, 0, 0, 0, 0, 0, 0, 0, 0, 0, 0, 0, 0, 0, 0, 0, 0, 0, 0, 0, 0, 0, 0, 0, 0, 0, 0, 0, 0, 0, 0, 0, 0, 0, 0, 0, 0, 0, 0, 0, 0, -0.00209082, -0.0018875736, -0.0017652402, -0.001836865, -0.0019006908, -0.0020435345, -0.0021859684, -0.002318743, -0.0023806994, -0.0024949338, -0.0025971304, -0.0026440122, -0.0027298613, -0.002806892, -0.0028428773, -0.0029120666, -0.0029809806, -0.0030536456, -0.0030921681, -0.0031760202, -0.003270094, -0.003320677, -0.0034271418, -0.0035355655, -0.0036378896, -0.0036852513, -0.0037718825, -0.003847781, -0.0038817306, -0.0039440575, -0.004002098, -0.0040298216, -0.004081826, -0.0041276817, -0.004166278, -0.004181947, -0.0042037796, -0.0042129974, -0.0042138086, -0.0042110053, -0.0042027193, -0.0041860626, -0.004174119, -0.0041437373, -0.0041056327, -0.0040833266, -0.0040323003, -0.0039734524, -0.003940495, -0.003866569, -0.0037852582, -0.0037029383, -0.0036610027, -0.003570947, -0.003470446, -0.003417636, -0.0033113123, -0.0032098624, -0.0031213567, -0.0030836202, -0.0030210738, -0.002972089, -0.0029508267, -0.0029106317, -0.002868195, -0.0028446293, -0.0027913973, -0.0027294257, -0.002659008, -0.0026210973, -0.0025407695, -0.002455273, -0.0024109173, -0.0023190086, -0.0022226123, -0.002120532, -0.0020671198, -0.0019556195, -0.0018438894, -0.0017945541, -0.0017427497, -0.0018244403
0, 0, 0, 0, 0, 0, 0, 0, 0, 0, 0, 0, 0, 0, 0, 0, 0, 0, 0, 0, 0, 0, 0, 0, 0, 0, 0, 0, 0, 0, 0, 0, 0, 0, 0, 0, 0, 0, 0, 0, 0, 0, 0, 0, 0, 0, 0, 0, 0, 0, 0, 0, 0, 0, 0, 0, 0, 0, 0, 0, 0, 0, 0, 0, 0, 0, 0, -0.0024345845, -0.0019446302, -0.0018517876, -0.0018475901, -0.0019486385, -0.002011213, -0.0021399185, -0.002264296, -0.0023817192, -0.0024376058, -0.002543347, -0.0026398408, -0.0026842915, -0.0027658003, -0.002837065, -0.0028690281, -0.0029270863, -0.0029804627, -0.003033183, -0.0030606908, -0.0031220457, -0.0031953643, -0.0032372645, -0.003332188, -0.0034398872, -0.0035528988, -0.0036089327, -0.0037167459, -0.003813719, -0.0038566587, -0.0039306297, -0.003990386, -0.0040151803, -0.0040553347, -0.00408628, -0.0041104555, -0.004119692, -0.0041306894, -0.0041319234, -0.004129874, -0.004122147, -0.004108921, -0.004086121, -0.0040707635, -0.0040343422, -0.0039932197, -0.003970758, -0.0039205938, -0.0038614976, -0.003828008, -0.003753342, -0.0036736147, -0.0035943345, -0.0035537174, -0.0034655053, -0.0033673386, -0.0033162024, -0.0032135022, -0.0031150514, -0.0030294547, -0.0029934803, -0.0029344584, -0.0028888753, -0.0028694207, -0.002832903, -0.0027940755, -0.002772408, -0.0027230296, -0.0026647127, -0.0025980251, -0.0025619993, -0.0024852208, -0.0024033864, -0.0023608583, -0.0022724809, -0.0021796299, -0.0020812668, -0.0020296508, -0.0019219659, -0.0018141565, -0.0017667816, -0.0017184643, -0.0018016374
0, 0, 0, 0, 0, 0, 0, 0, 0, 0, 0, 0, 0, 0, 0, 0, 0, 0, 0, 0, 0, 0, 0, 0, 0, 0, 0, 0, 0, 0, 0, 0, 0, 0, 0, 0, 0, 0, 0, 0, 0, 0, 0, 0, 0, 0, 0, 0, 0, 0, 0, 0, 0, 0, 0, 0, 0, 0, 0, 0, 0, 0, 0, 0, 0, 0, 0, -0.002552315, -0.0020799031, -0.001989716, -0.001974763, -0.0020543833, -0.002104896, -0.002210101, -0.0023128206, -0.0024111914, -0.0024588986, -0.0025505882, -0.0026364233, -0.002676588, -0.0027512405, -0.0028176685, -0.0028478573, -0.002903264, -0.002954513, -0.0030057074, -0.0030323002, -0.0030913479, -0.0031610571, -0.0032006442, -0.0032908544, -0.0033956259, -0.0035093045, -0.0035672165, -0.003680663, -0.0037843331, -0.0038299535, -0.003907923, -0.0039689927, -0.003993384, -0.0040305774, -0.0040564877, -0.0040759104, -0.004083175, -0.0040911795, -0.004089617, -0.0040860116, -0.0040750233, -0.004058453, -0.004032687, -0.0040157926, -0.0039773104, -0.0039355992, -0.003913169, -0.0038625628, -0.0038027978, -0.0037690848, -0.0036948945, -0.0036166483, -0.0035385517, -0.003498355, -0.0034110874, -0.003314612, -0.003264522, -0.0031635521, -0.0030664566, -0.0029826507, -0.0029476616, -0.0028905189, -0.0028465514, -0.0028279973, -0.0027934595, -0.0027566054, -0.0027358702, -0.0026883772, -0.0026320876, -0.0025672563, -0.002532129, -0.0024572718, -0.0023772533, -0.0023356003, -0.002249067, -0.0021580404, -0.0020614704, -0.00201083, -0.0019050358, -0.001799224, -0.0017528273, -0.0017062391, -0.0017901752
0, 0, 0, 0, 0, 0, 0, 0, 0, 0, 0, 0, 0, 0, 0, 0, 0, 0, 0, 0, 0, 0, 0, 0, 0, 0, 0, 0, 0, 0, 0, 0, 0, 0, 0, 0, 0, 0, 0, 0, 0, 0, 0, 0, 0, 0, 0, 0, 0, 0, 0, 0, 0, 0, 0, 0, 0, 0, 0, 0, 0, 0, 0, 0, 0, 0, -0.0031971564, -0.0024833917, -0.0021378903, -0.0020809434, -0.0020835756, -0.0021514345, -0.002192728, -0.0022773806, -0.0023600317, -0.0024400696, -0.0024790224, -0.0025550898, -0.0026283334, -0.0026633518, -0.0027304192, -0.0027922494, -0.002821241, -0.0028761246, -0.0029285992, -0.0029819873, -0.0030097072, -0.0030700832, -0.0031394484, -0.0031780505, -0.0032647788, -0.0033649115, -0.0034743713, -0.0035306881, -0.0036426885, -0.003747084, -0.0037935486, -0.0038732989, -0.0039355536, -0.003960218, -0.0039970633, -0.004021235, -0.004037857, -0.0040435526, -0.0040487293, -0.0040445924, -0.0040394925, -0.004025014, -0.0040051853, -0.003976927, -0.0039590807, -0.0039187646, -0.0038763497, -0.0038538896, -0.0038030385, -0.0037424944, -0.0037088124, -0.0036356149, -0.0035586848, -0.0034816081, -0.003441833, -0.003355901, -0.003261383, -0.003212283, -0.0031128377, -0.0030172644, -0.002935556, -0.0029015644, -0.0028459956, -0.0028038567, -0.0027863716, -0.0027538456, -0.002718796, -0.0026990557, -0.002653664, -0.0025992321, -0.0025363707, -0.0025022023, -0.0024292113, -0.002351062, -0.0023102947, -0.0022256165, -0.0021363748, -0.0020416696, -0.0019919437, -0.0018880834, -0.0017842463, -0.0017388393, -0.0016940002, -0.0017786771
0, 0, 0, 0, 0, 0, 0, 0, 0, 0, 0, 0, 0, 0, 0, 0, 0, 0, 0, 0, 0, 0, 0, 0, 0, 0, 0, 0, 0, 0, 0, 0, 0, 0, 0, 0, 0, 0, 0, 0, 0, 0, 0, 0, 0, 0, 0, 0, 0, 0, 0, 0, 0, 0, 0, 0, 0, 0, 0, 0, 0, 0, 0, 0, 0, 0, -0.0024495646, -0.0021947946, -0.0020778156, -0.0020769848, -0.0021307368, -0.0022094767, -0.0022499743, -0.002327662, -0.0024000718, -0.0024680912, -0.0025011506, -0.0025654659, -0.0026283471, -0.0026590328, -0.0027193967, -0.002776842, -0.0028047177, -0.0028591608, -0.0029129721, -0.0029686228, -0.002997569, -0.0030598373, -0.003129518, -0.0031675023, -0.0032512667, -0.0033460173, -0.0034479604, -0.0035003587, -0.0036050654, -0.0037047477, -0.0037502486, -0.0038298925, -0.0038932867, -0.003918439, -0.003955912, -0.0039801835, -0.0039958493, -0.004000549, -0.0040028985, -0.0039959047, -0.003989319, -0.003971661, -0.003948694, -0.003918317, -0.003899836, -0.003858595, -0.0038153408, -0.003792658, -0.00374158, -0.0036808134, -0.0036472601, -0.0035753155, -0.0034997417, -0.0034237013, -0.0033844416, -0.0033000086, -0.0032076314, -0.0031594457, -0.0030615896, -0.0029677683, -0.0028880178, -0.0028550013, -0.0028011901, -0.002761005, -0.002744526, -0.0027139462, -0.0026808744, -0.0026622044, -0.0026187862, -0.002566286, -0.0025054312, -0.0024722365, -0.0024010993, -0.0023248158, -0.0022849818, -0.0022021052, -0.0021147216, -0.0020218499, -0.0019730572, -0.0018711187, -0.0017692762, -0.0017248611, -0.0016817902, -0.0017672058
0, 0, 0, 0, 0, 0, 0, 0, 0, 0, 0, 0, 0, 0, 0, 0, 0, 0, 0, 0, 0, 0, 0, 0, 0, 0, 0, 0, 0, 0, 0, 0, 0, 0, 0, 0, 0, 0, 0, 0, 0, 0, 0, 0, 0, 0, 0, 0, 0, 0, 0, 0, 0, 0, 0, 0, 0, 0, 0, 0, 0, 0, 0, 0, 0, 0, -0.0023519807, -0.0020204377, -0.0019900645, -0.0020245898, -0.00212324, -0.0022242751, -0.002270738, -0.0023548037, -0.0024283843, -0.0024940798, -0.0025249373, -0.0025838579, -0.0026408087, -0.002668855, -0.0027241018, -0.0027781548, -0.0028048707, -0.0028578371, -0.0029112604, -0.0029664678, -0.0029953683, -0.0030571902, -0.0031263724, -0.0031635684, -0.0032440096, -0.0033328687, -0.0034267632, -0.0034747373, -0.0035707685, -0.0036628125, -0.0037055674, -0.003782636, -0.0038461187, -0.0038718043, -0.003909848, -0.003933993, -0.003948858, -0.003952929, -0.0039530545, -0.0039426996, -0.003934441, -0.00391378, -0.0038886487, -0.0038568745, -0.0038380586, -0.0037963502, -0.003752325, -0.0037291755, -0.003677981, -0.0036179062, -0.0035847654, -0.003514001, -0.003439809, -0.0033646245, -0.0033260607, -0.0032437153, -0.0031534515, -0.003106161, -0.0030097503, -0.0029179028, -0.0028403949, -0.0028082894, -0.0027561027, -0.0027179671, -0.0027025896, -0.0026739954, -0.0026428495, -0.0026252063, -0.002583902, -0.0025333264, -0.0024744458, -0.0024422703, -0.002372989, -0.0022985626, -0.0022596442, -0.0021786424, -0.0020930548, -0.0020020497, -0.001954191, -0.0018541953, -0.0017543277, -0.0017109052, -0.001669549, -0.0017557535
0, 0, 0, 0, 0, 0, 0, 0, 0, 0, 0, 0, 0, 0, 0, 0, 0, 0, 0, 0, 0, 0, 0, 0, 0, 0, 0, 0, 0, 0, 0, 0, 0, 0, 0, 0, 0, 0, 0, 0, 0, 0, 0, 0, 0, 0, 0, 0, 0, 0, 0, 0, 0, 0, 0, 0, 0, 0, 0, 0, 0, 0, 0, 0, 0, 0, -0.0019844796, -0.0018549736, -0.0019002937, -0.0019563537, -0.002085319, -0.0022074054, -0.0022622766, -0.0023596187, -0.0024426, -0.002513936, -0.0025465388, -0.0026064056, -0.0026615039, -0.0026879758, -0.0027395552, -0.0027901581, -0.0028152382, -0.0028655927, -0.0029163985, -0.0029687828, -0.0029963225, -0.003055657, -0.0031232464, -0.0031598844, -0.003238206, -0.0033224802, -0.0034100085, -0.0034542016, -0.0035425127, -0.0036269538, -0.003666247, -0.0037378224, -0.0037980548, -0.0038228487, -0.0038602555, -0.003883686, -0.0038967892, -0.00389974, -0.0038975417, -0.0038842254, -0.0038742423, -0.0038510244, -0.0038249327, -0.0037927602, -0.0037737053, -0.0037312587, -0.003686568, -0.0036633331, -0.0036127062, -0.003553831, -0.003521312, -0.003451446, -0.0033784818, -0.0033049753, -0.0032673364, -0.0031870399, -0.003098628, -0.0030521078, -0.0029576537, -0.002868062, -0.0027924713, -0.0027611905, -0.0027108917, -0.0026749815, -0.0026606615, -0.0026338825, -0.0026048783, -0.0025883086, -0.0025489298, -0.0025003932, -0.0024435148, -0.0024123054, -0.0023449007, -0.002272379, -0.0022344047, -0.0021552157, -0.0020714572, -0.0019822784, -0.0019353486, -0.0018372973, -0.0017394131, -0.0016969688, -0.0016573363, -0.0017443253
0, 0, 0, 0, 0, 0, 0, 0, 0, 0, 0, 0, 0, 0, 0, 0, 0, 0, 0, 0, 0, 0, 0, 0, 0, 0, 0, 0, 0, 0, 0, 0, 0, 0, 0, 0, 0, 0, 0, 0, 0, 0, 0, 0, 0, 0, 0, 0, 0, 0, 0, 0, 0, 0, 0, 0, 0, 0, 0, 0, 0, 0, 0, 0, 0, -0.002337142, -0.0018649729, -0.0017518227, -0.0018290825, -0.0018948345, -0.002037793, -0.0021724002, -0.0022334035, -0.0023432218, -0.0024373797, -0.0025183815, -0.002554618, -0.0026195704, -0.0026764113, -0.002702568, -0.0027513257, -0.0027980981, -0.0028212448, -0.002867938, -0.0029162886, -0.0029675579, -0.0029944265, -0.0030529045, -0.003119858, -0.0031563784, -0.0032344798, -0.0033172972, -0.0034008755, -0.003442163, -0.0035230792, -0.0035993904, -0.0036345972, -0.003698014, -0.003751682, -0.003773902, -0.003808002, -0.0038291404, -0.0038395738, -0.0038408854, -0.0038352415, -0.0038193874, -0.0038084723, -0.0037839548, -0.0037573446, -0.0037253608, -0.0037061616, -0.003663034, -0.0036181128, -0.0035952777, -0.003545975, -0.0034883453, -0.003456272, -0.003387615, -0.0033164655, -0.0032448492, -0.00320804, -0.0031296464, -0.0030433615, -0.0029978927, -0.0029054254, -0.0028179616, -0.0027443687, -0.002714011, -0.0026657863, -0.0026319737, -0.0026186504, -0.0025937813, -0.0025669434, -0.0025514907, -0.0025140713, -0.0024675385, -0.002412738, -0.0023823825, -0.002316929, -0.002246326, -0.002209231, -0.0021318763, -0.002049923, -0.001962596, -0.0019166126, -0.0018204595, -0.0017245432, -0.0016830707, -0.0016452224, -0.0017329255
0, 0, 0, 0, 0, 0, 0, 0, 0, 0, 0, 0, 0, 0, 0, 0, 0, 0, 0, 0, 0, 0, 0, 0, 0, 0, 0, 0, 0, 0, 0, 0, 0, 0, 0, 0, 0, 0, 0, 0, 0, 0, 0, 0, 0, 0, 0, 0, 0, 0, 0, 0, 0, 0, 0, 0, 0, 0, 0, 0, 0, 0, 0, 0, 0, -0.001871679, -0.0017077965, -0.0016905362, -0.0017901909, -0.0018575612, -0.0019992618, -0.002133845, -0.002196468, -0.0023108488, -0.0024116365, -0.0024995375, -0.002538959, -0.0026094466, -0.0026695763, -0.0026964736, -0.0027457844, -0.0027911956, -0.0028132917, -0.0028583414, -0.0029069153, -0.0029608358, -0.0029896745, -0.0030522572, -0.0031220678, -0.0031593048, -0.0032379576, -0.0033199857, -0.0034004871, -0.003439054, -0.0035126172, -0.0035797183, -0.003609966, -0.0036636877, -0.0037082029, -0.0037265634, -0.0037538256, -0.0037697149, -0.0037759126, -0.0037753526, -0.003766266, -0.0037483007, -0.0037371889, -0.0037131743, -0.003686496, -0.0036541068, -0.0036348512, -0.0035917058, -0.0035471942, -0.0035250199, -0.003477647, -0.003421446, -0.0033899394, -0.003322704, -0.0032536536, -0.0031840357, -0.0031482107, -0.003071921, -0.0029879073, -0.0029434462, -0.0028530064, -0.0027678355, -0.002696269, -0.002666846, -0.0026206453, -0.0025890546, -0.0025766774, -0.0025538232, -0.0025291748, -0.002514755, -0.0024792752, -0.0024348942, -0.002381993, -0.0023526098, -0.0022891178, -0.0022203464, -0.0021841817, -0.002108611, -0.0020285181, -0.0019430178, -0.001897964, -0.0018037101, -0.0017097698, -0.0016692441, -0.0016331424, -0.0017216048
0, 0, 0, 0, 0, 0, 0, 0, 0, 0, 0, 0, 0, 0, 0, 0, 0, 0, 0, 0, 0, 0, 0, 0, 0, 0, 0, 0, 0, 0, 0, 0, 0, 0, 0, 0, 0, 0, 0, 0, 0, 0, 0, 0, 0, 0, 0, 0, 0, 0, 0, 0, 0, 0, 0, 0, 0, 0, 0, 0, 0, 0, 0, 0, -0.0022219967, -0.0019643838, -0.0017070518, -0.0017019183, -0.0017974711, -0.0018581141, -0.001983898, -0.002105579, -0.0021634658, -0.0022721414, -0.0023711093, -0.0024597223, -0.00250025, -0.0025735048, -0.002637067, -0.0026658608, -0.0027190049, -0.0027682742, -0.002792328, -0.0028413436, -0.0028944747, -0.0029542348, -0.0029866758, -0.0030569378, -0.0031329924, -0.0031723978, -0.0032524115, -0.0033325027, -0.0034081615, -0.00344355, -0.0035094584, -0.003566451, -0.0035909498, -0.0036322172, -0.003665037, -0.00367799, -0.0036959157, -0.0037041171, -0.0037055688, -0.0037033886, -0.0036919874, -0.0036732068, -0.003662329, -0.0036388254, -0.0036116932, -0.0035784265, -0.0035592387, -0.003517205, -0.0034745706, -0.0034533856, -0.0034078222, -0.0033528837, -0.0033219247, -0.0032566718, -0.0031902636, -0.003122853, -0.0030879376, -0.0030137675, -0.0029322184, -0.0028888925, -0.0028006346, -0.002717649, -0.0026481885, -0.002619771, -0.0025757393, -0.0025461821, -0.0025348125, -0.0025140739, -0.0024915945, -0.0024781576, -0.002444687, -0.002402411, -0.0023514372, -0.0023230154, -0.00226149, -0.0021945066, -0.002159275, -0.0020855751, -0.0020072453, -0.001923573, -0.0018794334, -0.0017870823, -0.0016950779, -0.0016555383, -0.0016211141, -0.0017103746
0, 0, 0, 0, 0, 0, 0, 0, 0, 0, 0, 0, 0, 0, 0, 0, 0, 0, 0, 0, 0, 0, 0, 0, 0, 0, 0, 0, 0, 0, 0, 0, 0, 0, 0, 0, 0, 0, 0, 0, 0, 0, 0, 0, 0, 0, 0, 0, 0, 0, 0, 0, 0, 0, 0, 0, 0, 0, 0, 0, 0, 0, 0, 0, -0.0022448455, -0.001999704, -0.0017688135, -0.0017612701, -0.0018398641, -0.0018900267, -0.0019939311, -0.0020964106, -0.0021461686, -0.0022417533, -0.0023314261, -0.0024143304, -0.0024530701, -0.0025253976, -0.0025910616, -0.0026219776, -0.0026808705, -0.002737658, -0.0027660693, -0.0028244702, -0.002887149, -0.0029560695, -0.0029929688, -0.0030714397, -0.003154047, -0.0031956693, -0.0032767074, -0.0033532495, -0.0034217006, -0.0034527497, -0.0035082737, -0.0035530184, -0.0035705045, -0.0035972258, -0.0036168601, -0.0036241882, -0.0036324817, -0.0036338626, -0.0036312672, -0.0036279296, -0.0036147803, -0.0035947438, -0.003583554, -0.0035596122, -0.003532035, -0.0034991396, -0.0034807208, -0.0034411098, -0.0034003567, -0.0033799093, -0.0033357656, -0.003282572, -0.0032527496, -0.003190249, -0.0031264336, -0.0030609623, -0.003027047, -0.002955483, -0.0028765725, -0.0028343266, -0.0027482263, -0.0026675821, -0.002600251, -0.0025728696, -0.0025309988, -0.0025035404, -0.0024931708, -0.0024745516, -0.0024541984, -0.0024417627, -0.002410353, -0.0023701591, -0.0023211031, -0.00229366, -0.0022340796, -0.0021689031, -0.0021346149, -0.002062729, -0.00198613, -0.0019042827, -0.0018610704, -0.0017705605, -0.0016804545, -0.0016419031, -0.0016092195, -0.0016992119
0, 0, 0, 0, 0, 0, 0, 0, 0, 0, 0, 0, 0, 0, 0, 0, 0, 0, 0, 0, 0, 0, 0, 0, 0, 0, 0, 0, 0, 0, 0, 0, 0, 0, 0, 0, 0, 0, 0, 0, 0, 0, 0, 0, 0, 0, 0, 0, 0, 0, 0, 0, 0, 0, 0, 0, 0, 0, 0, 0, 0, 0, 0, -0.002671533, -0.002104921, -0.001929819, -0.0017920904, -0.0018112106, -0.0018870111, -0.0019311159, -0.0020202927, -0.0021072763, -0.0021498902, -0.0022324105, -0.0023112225, -0.0023849453, -0.0024203947, -0.0024884588, -0.002553665, -0.0025858653, -0.0026499578, -0.00271509, -0.002748373, -0.0028175686, -0.002891163, -0.002969787, -0.0030106942, -0.0030953733, -0.0031811984, -0.003223106, -0.0033026042, -0.003373353, -0.0034320187, -0.0034569344, -0.0034995086, -0.0035303913, -0.0035408386, -0.0035541274, -0.0035625133, -0.0035652341, -0.003566079, -0.0035617696, -0.0035548294, -0.0035495474, -0.0035335973, -0.003511869, -0.003500175, -0.0034760216, -0.0034494498, -0.0034181168, -0.003400558, -0.0033626822, -0.0033238279, -0.003304233, -0.0032620688, -0.0032114657, -0.0031829448, -0.0031232443, -0.0030618343, -0.002998459, -0.0029658696, -0.0028972074, -0.0028208809, -0.0027797224, -0.002695919, -0.0026177121, -0.0025525223, -0.002526175, -0.0024865232, -0.0024611715, -0.0024517956, -0.0024353163, -0.002417095, -0.0024056667, -0.002376376, -0.0023381552, -0.0022910503, -0.0022646063, -0.00220688, -0.0021435474, -0.002110145, -0.002040052, -0.0019652762, -0.0018851631, -0.001842854, -0.0017541723, -0.0016660313, -0.0016284408, -0.0015974031, -0.0016881395
0, 0, 0, 0, 0, 0, 0, 0, 0, 0, 0, 0, 0, 0, 0, 0, 0, 0, 0, 0, 0, 0, 0, 0, 0, 0, 0, 0, 0, 0, 0, 0, 0, 0, 0, 0, 0, 0, 0, 0, 0, 0, 0, 0, 0, 0, 0, 0, 0, 0, 0, 0, 0, 0, 0, 0, 0, 0, 0, 0, 0, 0, 0, -0.0019973658, -0.0018180105, -0.0017660797, -0.0017626601, -0.0018320818, -0.0019220674, -0.0019671612, -0.002053116, -0.0021335047, -0.0021722922, -0.0022476227, -0.002319025, -0.0023858491, -0.0024177742, -0.0024800089, -0.0025419903, -0.0025734836, -0.002639287, -0.0027086255, -0.0027450586, -0.0028213344, -0.0029021844, -0.0029871492, -0.0030304762, -0.0031175602, -0.0032021424, -0.0032421267, -0.003316422, -0.0033797396, -0.0034281558, -0.0034472344, -0.0034768495, -0.0034955123, -0.0035004513, -0.0035039533, -0.0035035221, -0.0035024611, -0.0034968182, -0.003487115, -0.0034748425, -0.0034671905, -0.0034483967, -0.0034258422, -0.0034140437, -0.0033903103, -0.003364796, -0.0033351185, -0.0033182353, -0.0032819272, -0.0032453942, -0.0032271936, -0.0031873458, -0.0031395045, -0.0031125357, -0.0030555953, -0.0029966396, -0.0029357667, -0.0029046792, -0.002839006, -0.0027651081, -0.0027251286, -0.0026437545, -0.002568154, -0.0025050342, -0.002479783, -0.002442365, -0.0024190922, -0.0024107632, -0.0023964457, -0.0023803322, -0.00236991, -0.0023426882, -0.0023065181, -0.0022612752, -0.0022358592, -0.0021799675, -0.0021184946, -0.0020860026, -0.0020175995, -0.0019446264, -0.0018662352, -0.001824831, -0.0017379799, -0.0016517467, -0.0016150794, -0.0015857138, -0.001677174
0, 0, 0, 0, 0, 0, 0, 0, 0, 0, 0, 0, 0, 0, 0, 0, 0, 0, 0, 0, 0, 0, 0, 0, 0, 0, 0, 0, 0, 0, 0, 0, 0, 0, 0, 0, 0, 0, 0, 0, 0, 0, 0, 0, 0, 0, 0, 0, 0, 0, 0, 0, 0, 0, 0, 0, 0, 0, 0, 0, 0, 0, 0, -0.0019118186, -0.0017038833, -0.0016905362, -0.001750009, -0.0018511477, -0.0019539585, -0.002001676, -0.0020888322, -0.0021677376, -0.0022052634, -0.0022776208, -0.0023458952, -0.0024091685, -0.0024389033, -0.002496099, -0.0025532162, -0.0025827028, -0.0026452588, -0.002713297, -0.0027495588, -0.0028261573, -0.0029078184, -0.0029936528, -0.003037208, -0.0031236275, -0.0032046328, -0.00324197, -0.0033092853, -0.0033651667, -0.00340567, -0.0034202677, -0.0034402856, -0.0034492472, -0.0034499199, -0.0034460872, -0.0034391196, -0.0034346867, -0.0034231688, -0.0034084804, -0.0033917022, -0.003382166, -0.0033608712, -0.003337865, -0.003326075, -0.003302869, -0.0032783898, -0.0032500005, -0.0032337925, -0.0031993473, -0.0031658497, -0.0031491686, -0.0031120796, -0.0030666636, -0.0030413351, -0.0029874286, -0.002930981, -0.0028731278, -0.0028436822, -0.0027809255, -0.002709289, -0.0026705547, -0.0025920921, -0.0025189102, -0.0024578935, -0.0024337263, -0.0023985908, -0.0023774153, -0.0023701647, -0.0023579553, -0.0023439247, -0.0023345375, -0.0023093813, -0.002275181, -0.0022319206, -0.0022074415, -0.0021533587, -0.0020937405, -0.0020621277, -0.0019954767, -0.0019241925, -0.0018475705, -0.0018070274, -0.0017220145, -0.0016375593, -0.0016018503, -0.0015741449, -0.0016663567
0, 0, 0, 0, 0, 0, 0, 0, 0, 0, 0, 0, 0, 0, 0, 0, 0, 0, 0, 0, 0, 0, 0, 0, 0, 0, 0, 0, 0, 0, 0, 0, 0, 0, 0, 0, 0, 0, 0, 0, 0, 0, 0, 0, 0, 0, 0, 0, 0, 0, 0, 0, 0, 0, 0, 0, 0, 0, 0, 0, 0, 0, -0.0023355545, -0.0018902682, -0.0017217237, -0.0017190579, -0.0017895879, -0.0018933343, -0.0019954632, -0.0020422563, -0.0021270046, -0.0022031104, -0.0022393405, -0.0023093426, -0.0023752844, -0.002436479, -0.0024648295, -0.002518462, -0.0025710273, -0.002598204, -0.0026552023, -0.00271771, -0.002751196, -0.0028227582, -0.0028996225, -0.0029816227, -0.0030232884, -0.0031060616, -0.0031834408, -0.0032186073, -0.003280351, -0.003329352, -0.0033636463, -0.0033752148, -0.0033890884, -0.0033913734, -0.0033888998, -0.0033797848, -0.0033683483, -0.003361631, -0.0033456068, -0.0033264488, -0.0033057302, -0.0032948272, -0.0032719157, -0.0032484173, -0.0032367005, -0.003213653, -0.0031899347, -0.0031629782, -0.003147703, -0.0031161755, -0.0030860074, -0.0030707316, -0.003035714, -0.0029931758, -0.002969634, -0.0029191007, -0.002865379, -0.0028105867, -0.0027827353, -0.0027227846, -0.002653735, -0.0026164355, -0.0025408338, -0.0024699138, -0.0024111066, -0.0023881253, -0.0023552834, -0.0023361882, -0.0023299297, -0.0023199238, -0.0023079694, -0.002299565, -0.0022764974, -0.0022442332, -0.0022029227, -0.0021793726, -0.0021271245, -0.0020692772, -0.0020385343, -0.0019736183, -0.0019040478, -0.0018291423, -0.0017894447, -0.0017061998, -0.0016236152, -0.001588821, -0.0015627395, -0.0016556807
0, 0, 0, 0, 0, 0, 0, 0, 0, 0, 0, 0, 0, 0, 0, 0, 0, 0, 0, 0, 0, 0, 0, 0, 0, 0, 0, 0, 0, 0, 0, 0, 0, 0, 0, 0, 0, 0, 0, 0, 0, 0, 0, 0, 0, 0, 0, 0, 0, 0, 0, 0, 0, 0, 0, 0, 0, 0, 0, 0, 0, -0.0025216253, -0.002260545, -0.0018951413, -0.0017894217, -0.0017958127, -0.0018622726, -0.001954046, -0.0020451022, -0.002087356, -0.0021648258, -0.0022348287, -0.0022681602, -0.00233306, -0.0023949377, -0.0024529174, -0.0024800287, -0.002531283, -0.002580706, -0.0026057004, -0.0026573134, -0.002712446, -0.002742007, -0.0028054689, -0.0028751446, -0.0029502064, -0.0029887077, -0.0030655935, -0.0031387415, -0.0031720505, -0.0032299354, -0.0032743304, -0.0033038035, -0.0033133512, -0.0033236435, -0.003322771, -0.0033187333, -0.0033066296, -0.0032919776, -0.003283661, -0.0032639327, -0.0032409548, -0.0032172282, -0.0032053378, -0.003181189, -0.0031569456, -0.003145102, -0.0031227241, -0.0031004224, -0.0030751016, -0.0030611614, -0.003032824, -0.0030053856, -0.0029911522, -0.0029585373, -0.0029196697, -0.0028981261, -0.0028508606, -0.0027996642, -0.0027481825, -0.0027219544, -0.002664847, -0.0025986223, -0.0025628086, -0.0024899493, -0.0024212473, -0.002364857, -0.0023431196, -0.0023124872, -0.0022953444, -0.002290151, -0.0022824176, -0.0022724343, -0.0022650417, -0.0022440557, -0.002213715, -0.0021743583, -0.002151738, -0.0021012637, -0.002045179, -0.0020152896, -0.0019520619, -0.0018842058, -0.0018109763, -0.0017721469, -0.001690604, -0.0016098772, -0.0015759686, -0.0015514884, -0.0016451505
0, 0, 0, 0, 0, 0, 0, 0, 0, 0, 0, 0, 0, 0, 0, 0, 0, 0, 0, 0, 0, 0, 0, 0, 0, 0, 0, 0, 0, 0, 0, 0, 0, 0, 0, 0, 0, 0, 0, 0, 0, 0, 0, 0, 0, 0, 0, 0, 0, 0, 0, 0, 0, 0, 0, 0, 0, 0, 0, 0, 0, -0.0024041298, -0.0021621077, -0.0019026656, -0.0018523696, -0.0018670483, -0.0019297674, -0.0020083552, -0.0020868327, -0.0021245282, -0.0021937478, -0.0022567052, -0.0022865976, -0.0023437997, -0.002398967, -0.002451867, -0.002477011, -0.002524912, -0.0025712184, -0.0025942544, -0.002641182, -0.002690168, -0.0027161874, -0.0027721548, -0.0028344367, -0.0029023844, -0.0029376002, -0.003008018, -0.0030760954, -0.0031075513, -0.0031624194, -0.0032041492, -0.0032310234, -0.0032393115, -0.0032479102, -0.0032462887, -0.003241744, -0.003227854, -0.003210412, -0.0032005862, -0.0031774894, -0.0031509586, -0.0031247323, -0.0031123615, -0.0030880547, -0.0030637337, -0.0030522288, -0.0030311, -0.0030104865, -0.0029868234, -0.0029740555, -0.0029488583, -0.0029239717, -0.002910782, -0.0028813423, -0.0028468096, -0.0028270956, -0.0027823523, -0.0027339663, -0.0026861534, -0.0026616503, -0.0026073582, -0.0025439062, -0.002509613, -0.0024394311, -0.0023731436, -0.0023192423, -0.0022986804, -0.0022700478, -0.00225508, -0.0022510465, -0.002245404, -0.002237353, -0.0022310123, -0.0022121195, -0.002183629, -0.002146236, -0.0021245, -0.0020758081, -0.0020214573, -0.0019923863, -0.0019308844, -0.0018646322, -0.0017930636, -0.0017550758, -0.0016752947, -0.0015962789, -0.0015632734, -0.001540413, -0.0016347755
0, 0, 0, 0, 0, 0, 0, 0, 0, 0, 0, 0, 0, 0, 0, 0, 0, 0, 0, 0, 0, 0, 0, 0, 0, 0, 0, 0, 0, 0, 0, 0, 0, 0, 0, 0, 0, 0, 0, 0, 0, 0, 0, 0, 0, 0, 0, 0, 0, 0, 0, 0, 0, 0, 0, 0, 0, 0, 0, 0, -0.002742224, -0.0021843705, -0.0020106689, -0.0018664273, -0.0018703092, -0.0018955969, -0.001961954, -0.002034225, -0.002105129, -0.0021393045, -0.0022030496, -0.002260351, -0.0022868388, -0.0023365708, -0.0023843483, -0.0024304446, -0.0024528096, -0.0024963368, -0.0025384584, -0.0025595154, -0.002602963, -0.0026487194, -0.0026729726, -0.0027251178, -0.0027827157, -0.002845549, -0.0028777951, -0.0029425998, -0.0030053058, -0.0030345127, -0.0030862866, -0.0031264795, -0.0031520734, -0.0031597174, -0.0031665785, -0.003163556, -0.0031584343, -0.0031422256, -0.003121384, -0.0031098009, -0.003083956, -0.0030555003, -0.0030286473, -0.0030165738, -0.0029934172, -0.002970025, -0.0029587627, -0.0029386235, -0.0029192877, -0.002897704, -0.0028864841, -0.0028645506, -0.0028424107, -0.0028305585, -0.0028046723, -0.0027741382, -0.00275593, -0.0027137, -0.0026687733, -0.0026248756, -0.0026019874, -0.0025501384, -0.0024896667, -0.002456992, -0.0023895914, -0.0023256375, -0.0022741717, -0.0022547585, -0.0022282188, -0.0022154325, -0.002212509, -0.002208853, -0.002202863, -0.0021975497, -0.0021806466, -0.0021540732, -0.0021185675, -0.0020976954, -0.0020507874, -0.0019981286, -0.0019699407, -0.001909999, -0.0018454113, -0.0017754621, -0.001738305, -0.001660216, -0.00158296, -0.0015508045, -0.0015294971, -0.0016245694
0, 0, 0, 0, 0, 0, 0, 0, 0, 0, 0, 0, 0, 0, 0, 0, 0, 0, 0, 0, 0, 0, 0, 0, 0, 0, 0, 0, 0, 0, 0, 0, 0, 0, 0, 0, 0, 0, 0, 0, 0, 0, 0, 0, 0, 0, 0, 0, 0, 0, 0, 0, 0, 0, 0, 0, 0, 0, 0, 0, -0.0019900163, -0.0018196054, -0.0017704845, -0.0017683917, -0.0018325812, -0.0018720255, -0.0019508178, -0.0020247786, -0.0020942336, -0.0021270872, -0.0021884306, -0.0022422795, -0.0022664065, -0.0023103566, -0.00235106, -0.002390446, -0.0024099133, -0.0024486517, -0.0024876657, -0.0025075243, -0.0025494206, -0.0025949792, -0.002619648, -0.0026722972, -0.0027295824, -0.0027904275, -0.0028211044, -0.0028816832, -0.0029388375, -0.0029650622, -0.0030114932, -0.0030479997, -0.0030705673, -0.003076275, -0.0030789138, -0.0030719386, -0.0030651158, -0.003046332, -0.0030233094, -0.0030108755, -0.0029844476, -0.0029563776, -0.0029306172, -0.0029192031, -0.0028971767, -0.0028743213, -0.0028632737, -0.0028440265, -0.0028269489, -0.002808584, -0.0027991838, -0.0027805448, -0.0027608343, -0.0027504119, -0.0027283845, -0.002701531, -0.0026847222, -0.0026454525, -0.0026045893, -0.0025641252, -0.0025424906, -0.0024933324, -0.0024362614, -0.002405238, -0.0023403144, -0.0022787084, -0.0022297855, -0.0022115011, -0.0021870378, -0.0021764028, -0.0021745604, -0.002172876, -0.0021689758, -0.0021647448, -0.002149661, -0.0021250388, -0.0020913463, -0.0020713683, -0.0020261793, -0.0019752323, -0.0019478317, -0.0018895466, -0.0018265514, -0.0017581414, -0.0017218213, -0.0016453803, -0.0015698405, -0.0015385465, -0.0015187721, -0.0016145353
0, 0, 0, 0, 0, 0, 0, 0, 0, 0, 0, 0, 0, 0, 0, 0, 0, 0, 0, 0, 0, 0, 0, 0, 0, 0, 0, 0, 0, 0, 0, 0, 0, 0, 0, 0, 0, 0, 0, 0, 0, 0, 0, 0, 0, 0, 0, 0, 0, 0, 0, 0, 0, 0, 0, 0, 0, 0, 0, 0, -0.0017682889, -0.0016039464, -0.0015989065, -0.0016659014, -0.0017667916, -0.0018170092, -0.0019087212, -0.0019883304, -0.0020593107, -0.00209238, -0.0021524157, -0.0022042205, -0.0022268705, -0.002267641, -0.0023042406, -0.0023396849, -0.0023572824, -0.0023933793, -0.0024314194, -0.002451507, -0.0024951878, -0.0025439025, -0.002570435, -0.0026271294, -0.002686788, -0.0027473255, -0.0027765413, -0.0028319994, -0.0028814087, -0.0029031052, -0.0029399118, -0.0029673902, -0.002982391, -0.0029846411, -0.0029813778, -0.0029700988, -0.0029618766, -0.0029417444, -0.0029189053, -0.0029068855, -0.0028811248, -0.002854261, -0.0028297876, -0.0028187623, -0.0027973964, -0.0027753124, -0.002765121, -0.0027484118, -0.002734616, -0.0027201916, -0.0027123918, -0.0026961819, -0.0026790672, -0.0026705307, -0.0026526854, -0.002629364, -0.0026140187, -0.0025781114, -0.0025410787, -0.0025036843, -0.0024833782, -0.0024374342, -0.0023838119, -0.0023541094, -0.0022915264, -0.0022325623, -0.0021861398, -0.0021688964, -0.002146471, -0.0021380705, -0.0021372023, -0.0021375767, -0.0021356647, -0.0021323818, -0.0021192895, -0.0020965242, -0.0020646127, -0.0020455208, -0.002002104, -0.0019527299, -0.0019261386, -0.0018694767, -0.0018079875, -0.0017411762, -0.0017056505, -0.001630829, -0.0015569524, -0.0015264925, -0.0015082387, -0.0016046673
0, 0, 0, 0, 0, 0, 0, 0, 0, 0, 0, 0, 0, 0, 0, 0, 0, 0, 0, 0, 0, 0, 0, 0, 0, 0, 0, 0, 0, 0, 0, 0, 0, 0, 0, 0, 0, 0, 0, 0, 0, 0, 0, 0, 0, 0, 0, 0, 0, 0, 0, 0, 0, 0, 0, 0, 0, 0, 0, -0.0020001861, -0.001648911, -0.0015189154, -0.0015245678, -0.0016023538, -0.0017083895, -0.0017602053, -0.0018552914, -0.0019375741, -0.002010089, -0.002043082, -0.0021025715, -0.0021529675, -0.0021749318, -0.0022145957, -0.0022509876, -0.0022869096, -0.0023050376, -0.002342872, -0.002383198, -0.0024049426, -0.00245242, -0.002505689, -0.0025343178, -0.0025947045, -0.002655804, -0.0027142235, -0.0027409715, -0.0027885414, -0.0028271088, -0.0028428265, -0.0028663224, -0.0028813733, -0.0028861538, -0.0028845456, -0.0028757548, -0.0028614553, -0.002852459, -0.002832194, -0.0028104428, -0.0027989056, -0.0027736516, -0.0027473082, -0.0027238312, -0.0027133548, -0.0026934908, -0.0026743896, -0.0026659286, -0.0026529857, -0.002642733, -0.002631445, -0.0026249574, -0.0026111908, -0.0025977013, -0.0025913843, -0.0025779074, -0.0025577375, -0.0025438038, -0.0025114377, -0.0024782382, -0.0024439772, -0.0024250974, -0.002382442, -0.0023320504, -0.0023036469, -0.0022434785, -0.0021872884, -0.0021432098, -0.0021269182, -0.0021066524, -0.0021004453, -0.0021006216, -0.002102815, -0.0021029655, -0.0021007096, -0.0020894744, -0.0020685478, -0.0020384227, -0.0020202014, -0.0019784593, -0.0019307075, -0.0019049059, -0.0018497634, -0.0017897951, -0.0017245783, -0.0016897842, -0.0016165373, -0.0015443279, -0.00151471, -0.0014978955, -0.0015950232
0, 0, 0, 0, 0, 0, 0, 0, 0, 0, 0, 0, 0, 0, 0, 0, 0, 0, 0, 0, 0, 0, 0, 0, 0, 0, 0, 0, 0, 0, 0, 0, 0, 0, 0, 0, 0, 0, 0, 0, 0, 0, 0, 0, 0, 0, 0, 0, 0, 0, 0, 0, 0, 0, 0, 0, 0, 0, 0, -0.0018777546, -0.0015881653, -0.0015079759, -0.0015180557, -0.0015867213, -0.0016779043, -0.0017237087, -0.0018104318, -0.0018883361, -0.001958143, -0.0019902177, -0.0020472722, -0.002096276, -0.002117959, -0.0021579454, -0.0021966423, -0.0022363248, -0.0022568565, -0.0022993803, -0.002344824, -0.0023690984, -0.0024214385, -0.0024784869, -0.0025088955, -0.0025703795, -0.0026305122, -0.0026839508, -0.002706818, -0.002744152, -0.002770439, -0.0027792053, -0.0027889288, -0.002790281, -0.0027846366, -0.0027794843, -0.0027658592, -0.0027490489, -0.0027395058, -0.0027187509, -0.0026966743, -0.0026848735, -0.0026593106, -0.0026337695, -0.002612869, -0.0026041684, -0.0025881839, -0.002573335, -0.002566883, -0.0025570854, -0.002549691, -0.0025414524, -0.0025366258, -0.0025266402, -0.0025174832, -0.0025133882, -0.002503609, -0.0024862925, -0.002474067, -0.0024457474, -0.0024163518, -0.002384905, -0.002367579, -0.0023284703, -0.0022809976, -0.002253837, -0.0021963415, -0.0021429805, -0.0021009215, -0.0020856203, -0.0020676453, -0.0020635368, -0.0020646157, -0.0020687738, -0.0020709848, -0.0020696314, -0.0020602033, -0.002041212, -0.002012751, -0.0019954117, -0.0019552892, -0.0019091544, -0.0018841297, -0.0018304518, -0.0017720213, -0.0017082704, -0.0016742396, -0.0016025356, -0.0015319638, -0.0015031474, -0.0014877539, -0.0015855961
0, 0, 0, 0, 0, 0, 0, 0, 0, 0, 0, 0, 0, 0, 0, 0, 0, 0, 0, 0, 0, 0, 0, 0, 0, 0, 0, 0, 0, 0, 0, 0, 0, 0, 0, 0, 0, 0, 0, 0, 0, 0, 0, 0, 0, 0, 0, 0, 0, 0, 0, 0, 0, 0, 0, 0, 0, 0, -0.002153667, -0.0017682918, -0.0015763994, -0.0015422143, -0.0015566787, -0.0016139812, -0.0016851547, -0.0017214348, -0.0017916627, -0.0018578, -0.001918563, -0.0019467664, -0.00199855, -0.0020440945, -0.002065197, -0.0021060163, -0.002147326, -0.002191462, -0.0022146706, -0.0022633083, -0.0023154241, -0.0023427575, -0.0024003314, -0.0024604858, -0.002491056, -0.0025510446, -0.0026063777, -0.0026518619, -0.002669485, -0.0026948943, -0.0027078188, -0.0027099855, -0.0027064856, -0.0026956168, -0.0026798765, -0.0026709877, -0.0026523278, -0.0026321542, -0.0026213774, -0.0025985606, -0.0025750904, -0.0025629415, -0.002538558, -0.0025166604, -0.0025006402, -0.0024943387, -0.0024825246, -0.0024710847, -0.002466159, -0.0024591808, -0.00245523, -0.0024514839, -0.0024489562, -0.0024430577, -0.0024379867, -0.002435913, -0.002429481, -0.002415508, -0.0024053098, -0.0023812538, -0.0023552354, -0.0023266997, -0.0023110083, -0.0022753496, -0.0022307872, -0.0022049346, -0.0021502422, -0.002099363, -0.0020594052, -0.0020452258, -0.002029484, -0.0020272487, -0.0020292073, -0.0020355287, -0.0020396414, -0.0020391308, -0.002031603, -0.0020144305, -0.0019876456, -0.001971153, -0.0019326624, -0.0018880204, -0.0018637639, -0.001811594, -0.0017546212, -0.0016923117, -0.0016590391, -0.0015888503, -0.0015198806, -0.001491847, -0.0014778429, -0.0015763105
0, 0, 0, 0, 0, 0, 0, 0, 0, 0, 0, 0, 0, 0, 0, 0, 0, 0, 0, 0, 0, 0, 0, 0, 0, 0, 0, 0, 0, 0, 0, 0, 0, 0, 0, 0, 0, 0, 0, 0, 0, 0, 0, 0, 0, 0, 0, 0, 0, 0, 0, 0, 0, 0, 0, 0, 0, -0.0021904423, -0.0019890403, -0.0016947243, -0.0015949936, -0.0015997008, -0.0016188581, -0.001669745, -0.0017250604, -0.0017525624, -0.0018057786, -0.0018565411, -0.0019042665, -0.0019267797, -0.0019695358, -0.0020098952, -0.0020295093, -0.0020696328, -0.0021123085, -0.0021593953, -0.0021846115, -0.002238391, -0.002296012, -0.0023259649, -0.0023869134, -0.0024475337, -0.0024768799, -0.0025313292, -0.0025772704, -0.0026118008, -0.0026237003, -0.0026365663, -0.0026361595, -0.0026317192, -0.0026161848, -0.002594503, -0.0025693178, -0.0025565303, -0.002532045, -0.0025081695, -0.002495838, -0.0024712228, -0.0024479546, -0.0024368446, -0.0024159683, -0.0023993042, -0.0023879197, -0.0023833304, -0.0023745596, -0.0023660208, -0.002362713, -0.0023600878, -0.0023613328, -0.0023624178, -0.0023620385, -0.0023598385, -0.002358625, -0.0023585486, -0.0023559579, -0.002345828, -0.0023377766, -0.0023177667, -0.0022948014, -0.0022693684, -0.0022554586, -0.0022233762, -0.0021814532, -0.0021569293, -0.0021050195, -0.002056596, -0.002018833, -0.0020057673, -0.0019920787, -0.0019916773, -0.0019946701, -0.002002994, -0.0020088817, -0.0020093278, -0.0020036523, -0.0019881644, -0.0019631486, -0.0019474612, -0.0019105109, -0.0018674125, -0.001843889, -0.0017931313, -0.0017376175, -0.0016767413, -0.0016441642, -0.0015754688, -0.001508027, -0.0014807477, -0.001468193, -0.0015672429
0, 0, 0, 0, 0, 0, 0, 0, 0, 0, 0, 0, 0, 0, 0, 0, 0, 0, 0, 0, 0, 0, 0, 0, 0, 0, 0, 0, 0, 0, 0, 0, 0, 0, 0, 0, 0, 0, 0, 0, 0, 0, 0, 0, 0, 0, 0, 0, 0, 0, 0, 0, 0, 0, 0, 0, 0, -0.0019859967, -0.0018196016, -0.0016448294, -0.001618688, -0.001653896, -0.001678381, -0.0017289962, -0.0017760622, -0.0017977421, -0.0018384319, -0.0018757182, -0.0019104835, -0.0019274774, -0.0019607032, -0.0019946669, -0.002012314, -0.002050192, -0.002092261, -0.0021397248, -0.0021654335, -0.0022207843, -0.002280076, -0.0023107347, -0.0023715869, -0.00242931, -0.0024556639, -0.0025014358, -0.0025356966, -0.0025569927, -0.0025624037, -0.002562501, -0.0025492767, -0.0025386433, -0.002512166, -0.0024819602, -0.0024495323, -0.0024338334, -0.0024048025, -0.002378745, -0.002365952, -0.0023411503, -0.0023197252, -0.0023104544, -0.0022937567, -0.0022808285, -0.002272414, -0.0022691821, -0.0022635378, -0.0022592512, -0.0022586675, -0.002261636, -0.0022683104, -0.0022735384, -0.002274854, -0.0022764748, -0.0022797277, -0.0022818842, -0.0022835075, -0.002277337, -0.00227138, -0.0022549424, -0.0022350948, -0.002213226, -0.0022012268, -0.0021723097, -0.0021329632, -0.0021097746, -0.0020608718, -0.0020147844, -0.0019790984, -0.0019671074, -0.0019554486, -0.0019569984, -0.0019609234, -0.0019711251, -0.0019788293, -0.0019801913, -0.0019763454, -0.0019625248, -0.0019391984, -0.0019243127, -0.0018888732, -0.0018473055, -0.001824484, -0.0017751646, -0.0017209859, -0.0016615272, -0.0016296394, -0.0015624024, -0.0014964194, -0.0014699206, -0.0014587158, -0.0015584191
0, 0, 0, 0, 0, 0, 0, 0, 0, 0, 0, 0, 0, 0, 0, 0, 0, 0, 0, 0, 0, 0, 0, 0, 0, 0, 0, 0, 0, 0, 0, 0, 0, 0, 0, 0, 0, 0, 0, 0, 0, 0, 0, 0, 0, 0, 0, 0, 0, 0, 0, 0, 0, 0, 0, 0, -0.002127548, -0.0017890624, -0.0016829396, -0.0016052701, -0.0016284916, -0.0016840051, -0.0017131546, -0.0017661643, -0.0018103347, -0.0018297157, -0.0018632861, -0.0018921448, -0.0019187196, -0.0019314076, -0.0019574098, -0.0019859995, -0.0020015596, -0.0020358837, -0.0020751806, -0.0021201589, -0.0021447355, -0.0021981185, -0.0022555233, -0.002284586, -0.0023411303, -0.0023922578, -0.0024144794, -0.0024498994, -0.0024713918, -0.002479223, -0.0024779025, -0.0024658365, -0.0024425117, -0.002427513, -0.0023937537, -0.0023587768, -0.0023232792, -0.0023060995, -0.0022749635, -0.0022479591, -0.0022351183, -0.0022110995, -0.002191574, -0.0021835573, -0.0021697783, -0.002159292, -0.0021538192, -0.0021525866, -0.0021517752, -0.002153129, -0.0021554504, -0.0021639336, -0.0021750012, -0.002183842, -0.00218708, -0.0021935697, -0.0022021213, -0.0022065388, -0.0022119302, -0.0022095812, -0.0022055532, -0.0021929215, -0.0021766461, -0.0021584278, -0.0021480543, -0.0021219403, -0.0020855134, -0.0020638905, -0.0020177478, -0.0019737512, -0.0019402483, -0.0019293714, -0.0019197526, -0.0019230021, -0.0019278981, -0.0019400408, -0.0019494961, -0.0019517714, -0.0019496755, -0.0019375373, -0.0019158152, -0.0019016613, -0.0018677916, -0.0018276466, -0.0018055426, -0.0017576336, -0.0017047903, -0.001646656, -0.0016154812, -0.0015496454, -0.0014851055, -0.0014593438, -0.0014494574, -0.0015498046
0, 0, 0, 0, 0, 0, 0, 0, 0, 0, 0, 0, 0, 0, 0, 0, 0, 0, 0, 0, 0, 0, 0, 0, 0, 0, 0, 0, 0, 0, 0, 0, 0, 0, 0, 0, 0, 0, 0, 0, 0, 0, 0, 0, 0, 0, 0, 0, 0, 0, 0, 0, 0, 0, 0, 0, -0.0019070957, -0.0016445598, -0.0015878911, -0.0015733636, -0.0016223915, -0.0016864468, -0.0017172341, -0.0017715374, -0.0018149448, -0.0018334182, -0.0018640138, -0.0018893864, -0.0019113264, -0.001921957, -0.001943739, -0.0019678832, -0.0019814183, -0.0020119695, -0.0020471534, -0.0020875763, -0.0021097863, -0.0021581578, -0.0022100525, -0.002235854, -0.0022852554, -0.0023277393, -0.0023452162, -0.0023705428, -0.0023807287, -0.0023767883, -0.0023702485, -0.0023493723, -0.0023204645, -0.0023034012, -0.0022669744, -0.0022303616, -0.0021938141, -0.0021761407, -0.0021440168, -0.0021163018, -0.0021032246, -0.0020795453, -0.0020610946, -0.002054102, -0.0020431555, -0.0020359315, -0.002034776, -0.0020361757, -0.0020410614, -0.0020477925, -0.0020525828, -0.0020656409, -0.0020807998, -0.0020941328, -0.0021000358, -0.00211228, -0.002125509, -0.0021317396, -0.0021406699, -0.0021426943, -0.0021408822, -0.0021322232, -0.002119248, -0.002104438, -0.002095762, -0.002072699, -0.0020392053, -0.00201909, -0.0019755086, -0.0019336378, -0.0019023946, -0.0018926326, -0.0018847676, -0.0018898676, -0.0018957732, -0.0019096468, -0.0019208418, -0.0019240272, -0.0019236851, -0.0019131606, -0.0018929965, -0.0018796235, -0.0018472398, -0.0018084962, -0.0017870726, -0.0017405121, -0.0016889853, -0.0016321996, -0.0016017024, -0.0015371601, -0.0014740727, -0.0014490336, -0.0014404375, -0.0015413909
0, 0, 0, 0, 0, 0, 0, 0, 0, 0, 0, 0, 0, 0, 0, 0, 0, 0, 0, 0, 0, 0, 0, 0, 0, 0, 0, 0, 0, 0, 0, 0, 0, 0, 0, 0, 0, 0, 0, 0, 0, 0, 0, 0, 0, 0, 0, 0, 0, 0, 0, 0, 0, 0, 0, -0.0020821365, -0.0017332655, -0.0015626048, -0.0015389585, -0.0015574745, -0.0016137068, -0.0016753534, -0.0017042184, -0.0017555556, -0.0017973519, -0.0018149615, -0.0018440622, -0.0018677404, -0.0018879666, -0.0018974433, -0.0019160609, -0.0019367574, -0.0019480956, -0.001974225, -0.0020047296, -0.0020400267, -0.0020593677, -0.0021010682, -0.0021452052, -0.0021670288, -0.0022076494, -0.002240391, -0.0022529787, -0.0022685823, -0.0022699505, -0.0022581504, -0.0022479773, -0.0022218914, -0.0021904446, -0.0021727968, -0.0021355604, -0.0020980423, -0.0020608436, -0.0020427129, -0.0020096556, -0.001981222, -0.0019680602, -0.0019449744, -0.0019285986, -0.0019231706, -0.0019160238, -0.0019133491, -0.0019170194, -0.001920899, -0.0019304611, -0.0019418526, -0.0019490637, -0.0019669463, -0.0019871104, -0.002005709, -0.002014519, -0.0020318925, -0.0020489793, -0.0020570718, -0.002070441, -0.0020772764, -0.0020775879, -0.0020722852, -0.0020627913, -0.002051619, -0.0020445937, -0.0020244936, -0.0019939707, -0.001975306, -0.0019340465, -0.0018946172, -0.0018655357, -0.0018567211, -0.0018505558, -0.0018576679, -0.0018644619, -0.0018799831, -0.0018929336, -0.0018970185, -0.0018982753, -0.0018894089, -0.0018708073, -0.0018581363, -0.0018272122, -0.00178987, -0.0017691265, -0.0017238047, -0.0016736366, -0.001618094, -0.0015881994, -0.0015250135, -0.0014633142, -0.0014389724, -0.0014316736, -0.001533217
0, 0, 0, 0, 0, 0, 0, 0, 0, 0, 0, 0, 0, 0, 0, 0, 0, 0, 0, 0, 0, 0, 0, 0, 0, 0, 0, 0, 0, 0, 0, 0, 0, 0, 0, 0, 0, 0, 0, 0, 0, 0, 0, 0, 0, 0, 0, 0, 0, 0, 0, 0, 0, 0, -0.0020865393, -0.0018993102, -0.0016225995, -0.0015309134, -0.001528017, -0.001562424, -0.0016154237, -0.0016685104, -0.001693284, -0.0017377366, -0.001775187, -0.0017915166, -0.001819337, -0.0018416742, -0.0018607104, -0.0018692545, -0.0018856445, -0.001902705, -0.0019123075, -0.0019337827, -0.0019596363, -0.0019890082, -0.0020047917, -0.0020381634, -0.0020722107, -0.0020888748, -0.0021186913, -0.0021408552, -0.0021481358, -0.0021540432, -0.0021476885, -0.002130205, -0.0021175772, -0.002087823, -0.0020542918, -0.0020359783, -0.0019977952, -0.001959194, -0.0019213128, -0.0019031824, -0.0018703697, -0.0018424251, -0.001830042, -0.0018093353, -0.0017965022, -0.0017929568, -0.0017899155, -0.0017914504, -0.0017992707, -0.0018051156, -0.0018193385, -0.0018359984, -0.0018459745, -0.0018691663, -0.0018943739, -0.0019182679, -0.0019296899, -0.0019517691, -0.001973155, -0.0019834081, -0.0020015663, -0.0020129518, -0.0020150999, -0.0020132754, -0.002007418, -0.0019999738, -0.0019944937, -0.0019773345, -0.0019497748, -0.0019324885, -0.0018937301, -0.0018565009, -0.0018296221, -0.0018216829, -0.0018173184, -0.0018262133, -0.0018338822, -0.001851064, -0.001865752, -0.0018707231, -0.0018735036, -0.0018663063, -0.0018491525, -0.0018372426, -0.0018077333, -0.0017717412, -0.00175165, -0.0017075976, -0.0016586424, -0.0016043248, -0.0015750835, -0.0015132356, -0.0014528602, -0.0014291914, -0.0014230895, -0.0015252535
0, 0, 0, 0, 0, 0, 0, 0, 0, 0, 0, 0, 0, 0, 0, 0, 0, 0, 0, 0, 0, 0, 0, 0, 0, 0, 0, 0, 0, 0, 0, 0, 0, 0, 0, 0, 0, 0, 0, 0, 0, 0, 0, 0, 0, 0, 0, 0, 0, 0, 0, 0, 0, 0, -0.0018660772, -0.0017119186, -0.0015454054, -0.0015176964, -0.0015303586, -0.0015748986, -0.0016244313, -0.0016693559, -0.0016897471, -0.0017262395, -0.0017584205, -0.0017728732, -0.0017984161, -0.001820027, -0.0018383474, -0.0018464186, -0.0018613309, -0.0018754754, -0.0018830685, -0.0018996538, -0.0019194494, -0.0019418119, -0.0019534433, -0.001976306, -0.0019978858, -0.0020077468, -0.0020244415, -0.002034052, -0.0020355629, -0.0020312935, -0.0020169667, -0.0019938247, -0.0019793173, -0.0019461673, -0.0019096667, -0.0018905725, -0.0018515795, -0.0018130938, -0.0017761171, -0.0017587076, -0.0017277858, -0.0017023638, -0.0016914168, -0.001674054, -0.0016648887, -0.0016631626, -0.0016635536, -0.0016691594, -0.0016810836, -0.0016894124, -0.001708993, -0.0017312893, -0.0017439014, -0.0017720684, -0.0018022683, -0.0018317143, -0.0018457188, -0.0018725337, -0.001898199, -0.0019108066, -0.0019339755, -0.0019495084, -0.001953418, -0.0019552747, -0.0019534621, -0.0019492932, -0.001945381, -0.0019311756, -0.0019066916, -0.0018907695, -0.0018543655, -0.0018193558, -0.0017945543, -0.001787504, -0.001784897, -0.0017955777, -0.0018040932, -0.0018228487, -0.0018393144, -0.0018450429, -0.0018494364, -0.0018438031, -0.0018281246, -0.0018169298, -0.0017888009, -0.0017540642, -0.0017346251, -0.0016918444, -0.0016440531, -0.0015909871, -0.001562363, -0.0015017663, -0.0014426963, -0.0014196947, -0.001414756, -0.001517486
0, 0, 0, 0, 0, 0, 0, 0, 0, 0, 0, 0, 0, 0, 0, 0, 0, 0, 0, 0, 0, 0, 0, 0, 0, 0, 0, 0, 0, 0, 0, 0, 0, 0, 0, 0, 0, 0, 0, 0, 0, 0, 0, 0, 0, 0, 0, 0, 0, 0, 0, 0, 0, -0.0019150234, -0.0016347764, -0.0015423982, -0.0014735297, -0.001494154, -0.0015181286, -0.0015727248, -0.0016232124, -0.001665125, -0.0016827954, -0.0017137394, -0.0017408236, -0.001753217, -0.0017761736, -0.0017970217, -0.0018154535, -0.0018238099, -0.0018385111, -0.0018510956, -0.0018571157, -0.0018685212, -0.0018810157, -0.0018941043, -0.0019007112, -0.0019116102, -0.0019192813, -0.0019216777, -0.0019233386, -0.0019193752, -0.0019148674, -0.0018997025, -0.0018775135, -0.0018487033, -0.0018320277, -0.0017959782, -0.0017578376, -0.001738325, -0.0016996209, -0.0016626894, -0.0016281799, -0.0016121637, -0.0015839376, -0.0015611958, -0.0015518088, -0.0015378335, -0.0015321908, -0.0015323235, -0.0015369391, -0.0015469758, -0.0015638475, -0.0015746241, -0.0015995512, -0.0016274123, -0.0016425132, -0.0016756537, -0.0017112119, -0.0017462153, -0.0017627312, -0.0017940146, -0.0018244147, -0.001839593, -0.0018675468, -0.0018869004, -0.0018926442, -0.0018984898, -0.0019006477, -0.0018996734, -0.0018972076, -0.0018861421, -0.0018646747, -0.0018499579, -0.0018159498, -0.0017832913, -0.0017603475, -0.0017541276, -0.0017534042, -0.0017657297, -0.0017749852, -0.0017954578, -0.0018135632, -0.0018200241, -0.0018260503, -0.0018218732, -0.0018076542, -0.0017972041, -0.0017703706, -0.0017369229, -0.0017180769, -0.0016764981, -0.0016299464, -0.0015780157, -0.0015499688, -0.0014905854, -0.0014327882, -0.0014104396, -0.001406692, -0.0015099614
0, 0, 0, 0, 0, 0, 0, 0, 0, 0, 0, 0, 0, 0, 0, 0, 0, 0, 0, 0, 0, 0, 0, 0, 0, 0, 0, 0, 0, 0, 0, 0, 0, 0, 0, 0, 0, 0, 0, 0, 0, 0, 0, 0, 0, 0, 0, 0, 0, 0, 0, 0, 0, -0.0016314388, -0.0014365184, -0.0013965062, -0.0013955979, -0.0014467238, -0.0014781806, -0.0015402315, -0.0015945234, -0.0016383266, -0.0016565941, -0.001686806, -0.001711436, -0.0017225603, -0.0017431629, -0.0017627707, -0.0017816654, -0.0017903943, -0.0018058134, -0.0018177507, -0.0018222356, -0.0018286721, -0.0018331825, -0.0018363348, -0.0018371595, -0.0018362874, -0.0018307323, -0.0018259808, -0.0018132856, -0.001796068, -0.001785474, -0.0017608887, -0.0017316334, -0.0016979972, -0.0016797121, -0.0016415195, -0.0016027443, -0.001583369, -0.0015454724, -0.0015105999, -0.0014783725, -0.0014634656, -0.0014375227, -0.001417454, -0.0014099411, -0.0014000721, -0.0013988578, -0.001401289, -0.0014103346, -0.0014251467, -0.0014470398, -0.001460467, -0.0014910839, -0.0015243917, -0.0015420356, -0.0015803181, -0.0016212875, -0.0016616985, -0.0016806427, -0.0017165857, -0.001752069, -0.001769693, -0.0018019447, -0.0018252644, -0.0018329981, -0.001843077, -0.0018488959, -0.0018509367, -0.0018500658, -0.0018423067, -0.001823639, -0.0018101755, -0.0017785201, -0.0017480882, -0.0017269893, -0.0017217054, -0.0017226778, -0.0017366592, -0.0017466804, -0.0017688439, -0.0017884299, -0.0017956707, -0.0018032476, -0.0018005562, -0.0017877772, -0.001778003, -0.0017524611, -0.0017202892, -0.00170203, -0.001661652, -0.0016162142, -0.0015653962, -0.0015379438, -0.0014797297, -0.0014231798, -0.0014014256, -0.0013988374, -0.0015026892
0, 0, 0, 0, 0, 0, 0, 0, 0, 0, 0, 0, 0, 0, 0, 0, 0, 0, 0, 0, 0, 0, 0, 0, 0, 0, 0, 0, 0, 0, 0, 0, 0, 0, 0, 0, 0, 0, 0, 0, 0, 0, 0, 0, 0, 0, 0, 0, 0, 0, 0, 0, -0.0016360937, -0.0014014795, -0.001292752, -0.0012856744, -0.0013218635, -0.0013855483, -0.0014186465, -0.0014818322, -0.0015370497, -0.0015834372, -0.0016031935, -0.0016357016, -0.0016615993, -0.0016724541, -0.0016923316, -0.0017107043, -0.0017285241, -0.0017370903, -0.0017526034, -0.0017642565, -0.0017677636, -0.001770151, -0.0017673161, -0.0017610863, -0.0017569656, -0.0017461109, -0.0017303384, -0.0017201582, -0.0016961677, -0.0016677945, -0.0016525016, -0.0016200799, -0.0015846324, -0.0015469188, -0.0015269222, -0.0014867204, -0.00144709, -0.0014276161, -0.0013899176, -0.0013556969, -0.0013250732, -0.001311339, -0.0012880319, -0.0012717518, -0.0012663421, -0.0012615441, -0.001265039, -0.0012697015, -0.0012835904, -0.0013035007, -0.0013309524, -0.0013473635, -0.0013836167, -0.0014223203, -0.0014425035, -0.0014859205, -0.0015325526, -0.0015781885, -0.0015996661, -0.0016404447, -0.0016808996, -0.0017009623, -0.001737342, -0.0017647755, -0.0017746657, -0.0017888781, -0.0017980705, -0.001803248, -0.0018040879, -0.0017995313, -0.0017835355, -0.0017712906, -0.0017420492, -0.0017138533, -0.0016945824, -0.0016900856, -0.001692783, -0.0017083049, -0.0017191197, -0.0017428492, -0.001764004, -0.001771986, -0.0017811005, -0.001779864, -0.0017684747, -0.0017593402, -0.0017350828, -0.0017041237, -0.0016864655, -0.0016472319, -0.0016028835, -0.0015531809, -0.0015262999, -0.0014692326, -0.0014138438, -0.0013926863, -0.0013912278, -0.0014955905
0, 0, 0, 0, 0, 0, 0, 0, 0, 0, 0, 0, 0, 0, 0, 0, 0, 0, 0, 0, 0, 0, 0, 0, 0, 0, 0, 0, 0, 0, 0, 0, 0, 0, 0, 0, 0, 0, 0, 0, 0, 0, 0, 0, 0, 0, 0, 0, 0, 0, 0, -0.0016790099, -0.0015132233, -0.0012864219, -0.0012226477, -0.0012280777, -0.0012729685, -0.0013327531, -0.0013622387, -0.0014165723, -0.0014658131, -0.001509634, -0.0015288946, -0.0015632794, -0.0015910459, -0.0016029455, -0.0016229966, -0.0016400443, -0.001655803, -0.0016630879, -0.0016767425, -0.001686867, -0.0016896576, -0.0016895846, -0.001682174, -0.0016695902, -0.0016618142, -0.0016440277, -0.0016216616, -0.0016080366, -0.0015767805, -0.0015405704, -0.0015214307, -0.0014813637, -0.0014401304, -0.0013977204, -0.0013758999, -0.0013322509, -0.001290191, -0.0012699446, -0.0012316692, -0.0011976379, -0.001168444, -0.0011558613, -0.0011362075, -0.0011243875, -0.0011214141, -0.0011217544, -0.0011304596, -0.0011377044, -0.0011568575, -0.0011825162, -0.0012159627, -0.0012352541, -0.0012770621, -0.0013210336, -0.001343765, -0.0013927816, -0.0014451654, -0.0014961545, -0.0015199826, -0.0015655719, -0.001610949, -0.0016331779, -0.0016739004, -0.0017056939, -0.0017176877, -0.0017357239, -0.0017481052, -0.0017568059, -0.0017593593, -0.0017577491, -0.0017442581, -0.0017333222, -0.0017066676, -0.0016804463, -0.0016628852, -0.0016593332, -0.0016637589, -0.0016806625, -0.0016922604, -0.0017175612, -0.0017401708, -0.0017489728, -0.0017595793, -0.0017597175, -0.0017497119, -0.0017412198, -0.0017182368, -0.0016884621, -0.0016713669, -0.0016332058, -0.0015899761, -0.0015413475, -0.0015150136, -0.0014590308, -0.0014048136, -0.0013842381, -0.0013838405, -0.0014887501
0, 0, 0, 0, 0, 0, 0, 0, 0, 0, 0, 0, 0, 0, 0, 0, 0, 0, 0, 0, 0, 0, 0, 0, 0, 0, 0, 0, 0, 0, 0, 0, 0, 0, 0, 0, 0, 0, 0, 0, 0, 0, 0, 0, 0, 0, 0, 0, 0, 0, -0.0025968412, -0.0018238529, -0.0015417151, -0.0012815236, -0.0012218772, -0.0012256139, -0.0012604985, -0.0013057471, -0.0013276616, -0.0013680273, -0.0014040166, -0.0014378565, -0.0014538991, -0.0014839158, -0.0015103163, -0.0015221344, -0.0015422032, -0.0015577127, -0.0015704401, -0.00157595, -0.0015855748, -0.0015926603, -0.0015943921, -0.0015926133, -0.0015831491, -0.0015672989, -0.0015577639, -0.0015359095, -0.0015098928, -0.0014946389, -0.0014588187, -0.0014164078, -0.001393614, -0.0013460211, -0.0012976403, -0.0012491458, -0.0012246327, -0.001176114, -0.001130091, -0.0011086552, -0.0010693213, -0.0010359499, -0.0010086795, -0.0009978254, -0.000982499, -0.0009760582, -0.00097567437, -0.0009812216, -0.0009955458, -0.0010056334, -0.0010306018, -0.0010622017, -0.0011015919, -0.0011238428, -0.001171223, -0.0012205038, -0.0012461925, -0.0013011626, -0.0013592915, -0.0014151176, -0.0014413048, -0.0014917811, -0.0015421746, -0.00156677, -0.001611821, -0.0016477163, -0.0016617263, -0.0016834816, -0.0016993838, -0.0017115391, -0.00171563, -0.0017167892, -0.001706045, -0.0016964714, -0.001672188, -0.0016477547, -0.0016320841, -0.0016294715, -0.0016353813, -0.0016537667, -0.0016661315, -0.0016929475, -0.0017169842, -0.0017265846, -0.0017386172, -0.001740182, -0.0017315001, -0.001723623, -0.0017018911, -0.0016732442, -0.0016567025, -0.0016196889, -0.0015774426, -0.0015298909, -0.001504013, -0.0014491518, -0.0013960459, -0.0013760693, -0.0013767177, -0.0014821375
0, 0, 0, 0, 0, 0, 0, 0, 0, 0, 0, 0, 0, 0, 0, 0, 0, 0, 0, 0, 0, 0, 0, 0, 0, 0, 0, 0, 0, 0, 0, 0, 0, 0, 0, 0, 0, 0, 0, 0, 0, 0, 0, 0, 0, 0, 0, 0, 0, 0, -0.0020873144, -0.0016374384, -0.0014722247, -0.0012996033, -0.0012540076, -0.0012544763, -0.0012752137, -0.0013042802, -0.0013185964, -0.0013441556, -0.0013659678, -0.0013856005, -0.0013956553, -0.0014156825, -0.0014350491, -0.0014448605, -0.0014615358, -0.0014745278, -0.0014832204, -0.0014861765, -0.0014899586, -0.0014917353, -0.0014913244, -0.0014870275, -0.0014761331, -0.0014595486, -0.0014493974, -0.0014257786, -0.0013972408, -0.0013804964, -0.0013407762, -0.001292319, -0.0012656224, -0.001209445, -0.0011523077, -0.0010962355, -0.0010683431, -0.0010143701, -0.0009648998, -0.00094248255, -0.0009031353, -0.0008714828, -0.00084741146, -0.0008385738, -0.0008281834, -0.00082703057, -0.00082938623, -0.0008405389, -0.00086060405, -0.00087371113, -0.000904733, -0.00094246457, -0.0009878391, -0.0010131026, -0.0010662423, -0.0011213558, -0.0011501138, -0.0012110475, -0.0012743949, -0.0013349531, -0.0013637713, -0.0014195646, -0.001474833, -0.0015016017, -0.0015507222, -0.0015907596, -0.001606931, -0.0016324923, -0.0016518114, -0.0016671348, -0.0016727594, -0.0016768149, -0.0016688445, -0.0016605085, -0.0016383899, -0.0016159891, -0.0016021584, -0.0016003096, -0.0016076305, -0.0016275697, -0.0016407471, -0.0016689034, -0.0016944759, -0.001704773, -0.0017181811, -0.001721216, -0.0017137871, -0.0017065476, -0.001686037, -0.0016585207, -0.0016425333, -0.001606554, -0.001565343, -0.0015187635, -0.0014934252, -0.0014395803, -0.0013875618, -0.0013681572, -0.0013698261, -0.0014757313
0, 0, 0, 0, 0, 0, 0, 0, 0, 0, 0, 0, 0, 0, 0, 0, 0, 0, 0, 0, 0, 0, 0, 0, 0, 0, 0, 0, 0, 0, 0, 0, 0, 0, 0, 0, 0, 0, 0, 0, 0, 0, 0, 0, 0, 0, 0, 0, 0, 0, -0.0016985632, -0.0014664656, -0.0013901662, -0.0013091663, -0.0012847324, -0.0012837931, -0.0012934721, -0.0013096392, -0.0013180841, -0.0013328586, -0.0013439271, -0.0013518219, -0.0013555619, -0.0013631254, -0.0013718415, -0.001376516, -0.0013861089, -0.0013932117, -0.0013965972, -0.0013964487, -0.0013933766, -0.0013874854, -0.0013839607, -0.0013749126, -0.0013621589, -0.0013448418, -0.0013343606, -0.0013099218, -0.0012787555, -0.0012599025, -0.0012148361, -0.0011594358, -0.0011285666, -0.0010634393, -0.0009973763, -0.000934342, -0.0009039385, -0.0008467458, -0.00079580734, -0.000773197, -0.000735016, -0.0007063313, -0.0006859003, -0.0006790766, -0.0006734736, -0.00067786436, -0.000683007, -0.0006997848, -0.0007257804, -0.0007420323, -0.0007790916, -0.0008231666, -0.00087511743, -0.0009034156, -0.0009626052, -0.0010236363, -0.0010553658, -0.0011219447, -0.0011903571, -0.0012562814, -0.0012877673, -0.0013488281, -0.0014084614, -0.0014373207, -0.0014907299, -0.0015352207, -0.0015534383, -0.001582446, -0.0016051208, -0.0016237919, -0.0016309215, -0.0016378189, -0.001632434, -0.0016253667, -0.0016054966, -0.001585033, -0.0015728764, -0.0015717914, -0.0015806163, -0.0016020451, -0.0016158929, -0.0016454527, -0.0016725366, -0.0016835209, -0.0016983557, -0.0017027098, -0.0016966156, -0.0016900426, -0.0016706471, -0.0016442635, -0.0016288173, -0.001593827, -0.001553629, -0.0015080388, -0.0014832334, -0.0014303346, -0.0013793649, -0.0013605143, -0.0013631374, -0.0014695821
0, 0, 0, 0, 0, 0, 0, 0, 0, 0, 0, 0, 0, 0, 0, 0, 0, 0, 0, 0, 0, 0, 0, 0, 0, 0, 0, 0, 0, 0, 0, 0, 0, 0, 0, 0, 0, 0, 0, 0, 0, 0, 0, 0, 0, 0, 0, 0, -0.004820974, -0.003355184, -0.0018655589, -0.0014577407, -0.001382964, -0.0013203877, -0.0013000562, -0.0012955258, -0.0012937741, -0.0012987809, -0.0013023668, -0.0013102166, -0.0013152203, -0.0013158913, -0.001315133, -0.0013128375, -0.0013106092, -0.0013101167, -0.0013088322, -0.0013071017, -0.0013027734, -0.0012987221, -0.0012877171, -0.0012735656, -0.001266074, -0.0012505803, -0.0012344124, -0.001215919, -0.0012052399, -0.0011794537, -0.0011452034, -0.0011240833, -0.0010728611, -0.0010104012, -0.0009761345, -0.00090443174, -0.0008326047, -0.0007651382, -0.00073376135, -0.0006754486, -0.0006248507, -0.00060277956, -0.00056627765, -0.0005406558, -0.00052438746, -0.0005197234, -0.00051901233, -0.0005287134, -0.000536636, -0.0005589687, -0.00059108186, -0.00061045575, -0.00065446657, -0.0007052861, -0.0007636376, -0.00079490757, -0.0008598475, -0.0009268825, -0.0009616032, -0.0010339171, -0.0011078186, -0.0011790078, -0.0012130713, -0.0012790165, -0.0013431527, -0.0013742131, -0.0014320331, -0.0014808024, -0.0015007894, -0.0015332942, -0.0015594802, -0.0015814143, -0.0015899925, -0.0015995746, -0.0015969175, -0.001591077, -0.0015733116, -0.0015547797, -0.0015443163, -0.0015439816, -0.0015542437, -0.0015770942, -0.0015916284, -0.0016226154, -0.0016510941, -0.0016627461, -0.0016790667, -0.0016846941, -0.0016799239, -0.001673958, -0.0016557524, -0.0016304764, -0.0016155073, -0.0015815578, -0.0015423184, -0.0014976739, -0.001473311, -0.001421416, -0.0013714713, -0.0013531366, -0.0013567174, -0.0014636684
0, 0, 0, 0, 0, 0, 0, 0, 0, 0, 0, 0, 0, 0, 0, 0, 0, 0, 0, 0, 0, 0, 0, 0, 0, 0, 0, 0, 0, 0, 0, 0, 0, 0, 0, 0, 0, 0, 0, 0, 0, 0, 0, 0, 0, 0, 0, 0, -0.002807918, -0.0023114027, -0.0017042998, -0.0014346893, -0.0013758407, -0.0013194144, -0.0012917183, -0.0012810403, -0.0012655172, -0.0012582632, -0.0012576117, -0.0012585776, -0.001258915, -0.0012554632, -0.0012522135, -0.0012444918, -0.0012352633, -0.0012299975, -0.0012185515, -0.001205986, -0.0011920548, -0.0011838786, -0.0011646013, -0.0011424077, -0.0011311235, -0.0011094578, -0.0010896494, -0.001069883, -0.0010589528, -0.0010322625, -0.000995317, -0.000972168, -0.00091550365, -0.00084727246, -0.0008103164, -0.0007345362, -0.00066002796, -0.00059128087, -0.00055946567, -0.00050157687, -0.0004523384, -0.00043116036, -0.0003972313, -0.00037513053, -0.00036284802, -0.0003604391, -0.00036447126, -0.0003794366, -0.0003903148, -0.00041883707, -0.00045753643, -0.00048039318, -0.0005313129, -0.00058855215, -0.00065277633, -0.00068700593, -0.0007581771, -0.00083163066, -0.000869409, -0.0009472217, -0.0010262738, -0.0011027933, -0.0011395328, -0.001210368, -0.0012789386, -0.0013121939, -0.0013744328, -0.0014272323, -0.0014490244, -0.0014851403, -0.0015147954, -0.0015398025, -0.0015497715, -0.0015622247, -0.0015621867, -0.001557472, -0.0015418333, -0.0015252103, -0.0015163935, -0.001516773, -0.0015284574, -0.0015526667, -0.0015678309, -0.0016002788, -0.0016301436, -0.0016424928, -0.0016601861, -0.0016671695, -0.001663685, -0.0016583115, -0.0016412884, -0.0016170769, -0.0016026397, -0.0015696734, -0.0015313792, -0.0014876527, -0.0014637255, -0.0014128056, -0.0013638207, -0.0013459765, -0.0013505239, -0.0014579872
0, 0, 0, 0, 0, 0, 0, 0, 0, 0, 0, 0, 0, 0, 0, 0, 0, 0, 0, 0, 0, 0, 0, 0, 0, 0, 0, 0, 0, 0, 0, 0, 0, 0, 0, 0, 0, 0, 0, 0, 0, 0, 0, 0, 0, 0, 0, -0.0017469982, -0.0017505226, -0.0015912292, -0.0014331574, -0.001347647, -0.0013237867, -0.0012902324, -0.0012594917, -0.001244116, -0.0012157643, -0.001195243, -0.001188362, -0.0011794654, -0.0011721249, -0.0011636511, -0.0011590393, -0.0011485742, -0.0011363046, -0.0011289584, -0.0011108627, -0.0010896089, -0.0010662577, -0.0010536988, -0.0010266752, -0.0009982811, -0.0009842279, -0.0009585078, -0.00093630975, -0.00091512623, -0.00090349984, -0.00087490585, -0.0008348142, -0.00080912083, -0.00074657233, -0.0006730809, -0.0006340246, -0.0005560822, -0.00048147398, -0.00041322527, -0.0003817188, -0.000325472, -0.00027833434, -0.00025851338, -0.0002275852, -0.00020893705, -0.00020099286, -0.00020088951, -0.00020997247, -0.00023109489, -0.00024525556, -0.0002803327, -0.00032562183, -0.0003518035, -0.00040902145, -0.00047257927, -0.00054300396, -0.0005804732, -0.0006581258, -0.0007376369, -0.0007781737, -0.00086127897, -0.0009457601, -0.0010278464, -0.00106713, -0.0011426484, -0.0012155331, -0.0012510465, -0.0013178303, -0.0013744656, -0.0013980978, -0.0014378824, -0.0014709267, -0.0014988806, -0.0015102992, -0.0015255823, -0.0015280606, -0.0015245237, -0.0015109495, -0.0014962552, -0.0014889305, -0.0014900791, -0.0015031672, -0.0015287214, -0.001544547, -0.0015783968, -0.0016095894, -0.0016226884, -0.0016417472, -0.0016500984, -0.0016478649, -0.0016431005, -0.001627239, -0.00160408, -0.0015901906, -0.0015581835, -0.0015208155, -0.0014779628, -0.0014544838, -0.0014044975, -0.0013564917, -0.0013391237, -0.0013445716, -0.0014525327
0, 0, 0, 0, 0, 0, 0, 0, 0, 0, 0, 0, 0, 0, 0, 0, 0, 0, 0, 0, 0, 0, 0, 0, 0, 0, 0, 0, 0, 0, 0, 0, 0, 0, 0, 0, 0, 0, 0, 0, 0, 0, 0, 0, 0, 0, 0, -0.001413392, -0.0013344033, -0.0012512068, -0.001239334, -0.0012488745, -0.0012512002, -0.0012426673, -0.0012168722, -0.0011996906, -0.0011633846, -0.0011306994, -0.0011170477, -0.0010942755, -0.0010747074, -0.0010574354, -0.0010500113, -0.0010363044, -0.0010229058, -0.0010149654, -0.0009950713, -0.00096932385, -0.00093953346, -0.00092365424, -0.0008902341, -0.000856941, -0.00084093516, -0.0008121867, -0.0007873291, -0.00076307904, -0.00074942276, -0.0007152791, -0.0006682781, -0.000639063, -0.0005697712, -0.00049059815, -0.00044992156, -0.00037080504, -0.00029755937, -0.0002313719, -0.00020090972, -0.00014633674, -0.0001021287, -8.396418e-05, -5.6592522e-05, -4.2197426e-05, -3.9182316e-05, -4.1988795e-05, -5.7334124e-05, -8.4807754e-05, -0.000102175065, -0.00014333137, -0.00019493178, -0.00022437301, -0.000288401, -0.00035820328, -0.00043482744, -0.0004754174, -0.00055906974, -0.00064442295, -0.00068779825, -0.0007764445, -0.0008664898, -0.0009538422, -0.0009955526, -0.0010755099, -0.0011531768, -0.0011910211, -0.0012620195, -0.0013224372, -0.0013479383, -0.0013913489, -0.001427801, -0.0014586819, -0.001471475, -0.0014895794, -0.001494601, -0.0014921759, -0.0014807151, -0.0014678335, -0.0014620268, -0.0014638762, -0.0014783819, -0.0015052091, -0.0015217146, -0.0015568929, -0.0015895258, -0.0016033553, -0.0016237354, -0.0016334453, -0.0016324627, -0.0016283258, -0.0016136139, -0.001591516, -0.0015781304, -0.001547078, -0.0015106442, -0.0014686668, -0.0014456365, -0.0013965057, -0.0013494464, -0.0013325503, -0.0013388874, -0.0014472856
0, 0, 0, 0, 0, 0, 0, 0, 0, 0, 0, 0, 0, 0, 0, 0, 0, 0, 0, 0, 0, 0, 0, 0, 0, 0, 0, 0, 0, 0, 0, 0, 0, 0, 0, 0, 0, 0, 0, 0, 0, 0, 0, 0, 0, 0, -0.0017562467, -0.0012840513, -0.0011810928, -0.0011129094, -0.0011334157, -0.001171423, -0.0011851628, -0.0011941787, -0.0011785905, -0.0011639452, -0.0011270754, -0.0010869707, -0.0010676059, -0.0010307969, -0.0009970741, -0.00096751633, -0.00095515454, -0.00093508314, -0.00091890123, -0.0009104356, -0.0008906384, -0.0008640854, -0.0008309464, -0.00081259455, -0.0007739276, -0.0007351341, -0.000716806, -0.00068365084, -0.00065320503, -0.00062146503, -0.00060315366, -0.00055767136, -0.0004984799, -0.00046361165, -0.0003852953, -0.00030062406, -0.00025845724, -0.00017897172, -0.00010777626, -4.4614233e-05, -1.5538415e-05, 3.609287e-05, 7.693563e-05, 9.283571e-05, 0.00011528408, 0.00012432037, 0.00012123115, 0.00011516574, 9.339896e-05, 5.974514e-05, 3.9260573e-05, -8.364665e-06, -6.65246e-05, -9.9188845e-05, -0.00016946025, -0.00024509936, -0.000327567, -0.00037129602, -0.00046126274, -0.00055240485, -0.000598555, -0.00069266005, -0.0007878862, -0.0008804484, -0.00092455954, -0.0010093403, -0.0010916047, -0.0011316183, -0.0012067432, -0.0012709574, -0.0012984038, -0.0013455815, -0.0013851476, -0.0014189366, -0.001433263, -0.001454193, -0.0014616415, -0.0014603351, -0.0014509885, -0.0014398941, -0.0014355755, -0.0014381297, -0.0014539483, -0.0014820358, -0.0014992318, -0.0015357146, -0.0015697671, -0.0015842732, -0.0016061038, -0.0016171176, -0.0016174489, -0.0016139382, -0.0016003568, -0.0015793392, -0.001566465, -0.0015363542, -0.0015007901, -0.0014597238, -0.0014371199, -0.0013888052, -0.0013426584, -0.001326231, -0.001333414, -0.0014422655
0, 0, 0, 0, 0, 0, 0, 0, 0, 0, 0, 0, 0, 0, 0, 0, 0, 0, 0, 0, 0, 0, 0, 0, 0, 0, 0, 0, 0, 0, 0, 0, 0, 0, 0, 0, 0, 0, 0, 0, 0, 0, 0, 0, 0, -0.0015861865, -0.0013784799, -0.0011494411, -0.0010874199, -0.0010493464, -0.0010737098, -0.0011140101, -0.0011311887, -0.0011511806, -0.0011494175, -0.0011410507, -0.0011130198, -0.0010742838, -0.0010526878, -0.0010080619, -0.00096319034, -0.0009219097, -0.0009036269, -0.00087337295, -0.0008500414, -0.00083969487, -0.0008177811, -0.000790153, -0.00075459667, -0.0007339233, -0.0006893221, -0.0006429505, -0.00062058266, -0.0005778555, -0.00053581386, -0.00048898486, -0.00046201964, -0.00039796732, -0.00032141176, -0.00027939817, -0.00019057382, -0.00010088085, -5.8064994e-05, 2.0555588e-05, 8.8419954e-05, 0.00014768749, 0.00017474589, 0.00022233899, 0.00025831576, 0.00027143315, 0.00028714165, 0.0002894663, 0.00027944864, 0.00027004114, 0.00024168164, 0.00020157955, 0.00017810402, 0.00012412432, 5.9921676e-05, 2.4318048e-05, -5.1637155e-05, -0.00013313428, -0.00022186073, -0.0002687312, -0.00036467903, -0.0004611387, -0.00050983427, -0.00060911826, -0.0007099493, -0.00080755976, -0.0008540978, -0.000943619, -0.00103026, -0.0010725465, -0.0011517364, -0.0012199866, -0.0012493698, -0.00130008, -0.0013426737, -0.0013795913, -0.0013954138, -0.0014189999, -0.0014288367, -0.0014286835, -0.001421561, -0.0014120396, -0.0014093261, -0.0014126389, -0.001429686, -0.0014590675, -0.0014769234, -0.0015147057, -0.0015501728, -0.0015653815, -0.0015886165, -0.0016010369, -0.0016026653, -0.0015997819, -0.0015873606, -0.0015674636, -0.0015550752, -0.0015258703, -0.0014912104, -0.0014509663, -0.0014288035, -0.0013813572, -0.0013360621, -0.0013200878, -0.0013280852, -0.001437428
0, 0, 0, 0, 0, 0, 0, 0, 0, 0, 0, 0, 0, 0, 0, 0, 0, 0, 0, 0, 0, 0, 0, 0, 0, 0, 0, 0, 0, 0, 0, 0, 0, 0, 0, 0, 0, 0, 0, 0, 0, 0, 0, -0.0020732016, -0.0014989324, -0.001291348, -0.0010864612, -0.0010138568, -0.0010005686, -0.0009973656, -0.0010129041, -0.0010390045, -0.0010537865, -0.0010836303, -0.0011079239, -0.0011158554, -0.0011209751, -0.0011096273, -0.0010982857, -0.001064926, -0.0010204555, -0.0009698169, -0.00094340526, -0.0008918149, -0.000843863, -0.0008210585, -0.0007760757, -0.00072817586, -0.00067311304, -0.00064206467, -0.00057348644, -0.00049880624, -0.00045954614, -0.00037734557, -0.0002889234, -0.00019156291, -0.00013923123, -2.9249748e-05, 8.311578e-05, 0.00013773571, 0.00023966606, 0.000328951, 0.00036829262, 0.0004372998, 0.00049465836, 0.0005424671, 0.0005631589, 0.0005969137, 0.00061703235, 0.000621677, 0.00062065106, 0.0006077876, 0.00058493513, 0.00056936976, 0.00052926905, 0.00047763914, 0.00044842635, 0.000382693, 0.00030686156, 0.0002654491, 0.00017793763, 8.488721e-05, -1.4867993e-05, -6.7005494e-05, -0.00017291168, -0.00027979122, -0.00033400848, -0.00044430853, -0.00055519823, -0.00066209777, -0.00071341527, -0.00081248704, -0.00090847386, -0.0009549495, -0.0010422684, -0.0011186252, -0.0011518761, -0.0012096561, -0.0012588258, -0.0013018127, -0.0013204416, -0.001349247, -0.0013640454, -0.0013661699, -0.0013629359, -0.001356937, -0.0013572583, -0.0013618254, -0.0013814582, -0.0014135545, -0.00143274, -0.0014733678, -0.0015117269, -0.0015283643, -0.0015543902, -0.0015696447, -0.0015739521, -0.0015723215, -0.0015622925, -0.0015445973, -0.001533224, -0.001506009, -0.0014731245, -0.0014345816, -0.0014132084, -0.0013674228, -0.001323727, -0.0013085637, -0.0013181862, -0.0014284542
0, 0, 0, 0, 0, 0, 0, 0, 0, 0, 0, 0, 0, 0, 0, 0, 0, 0, 0, 0, 0, 0, 0, 0, 0, 0, 0, 0, 0, 0, 0, 0, 0, 0, 0, 0, 0, 0, 0, 0, 0, 0, 0, -0.0016047494, -0.0013236061, -0.0012084253, -0.00107752, -0.0010275476, -0.0010166088, -0.0010091085, -0.0010133391, -0.0010277295, -0.0010381693, -0.001063723, -0.0010914459, -0.0011037221, -0.0011212734, -0.0011247845, -0.0011206684, -0.0011004133, -0.0010650469, -0.0010175499, -0.0009906022, -0.0009310172, -0.0008676143, -0.0008348239, -0.00076755334, -0.000696318, -0.00061957084, -0.0005784617, -0.00049020734, -0.00039452696, -0.00034397017, -0.00023681231, -0.000120901095, 2.3495754e-06, 6.5786015e-05, 0.0001924592, 0.0003125242, 0.00036810688, 0.0004671601, 0.0005487823, 0.0005836226, 0.00064404414, 0.0006938873, 0.00073424925, 0.0007509681, 0.0007761158, 0.00078746263, 0.00078809453, 0.00077997777, 0.00076122844, 0.0007329201, 0.00071457087, 0.0006683307, 0.000610586, 0.00057842344, 0.0005070646, 0.00042576285, 0.00038180588, 0.00028954688, 0.0001919355, 8.732798e-05, 3.2754e-05, -7.838353e-05, -0.00019056165, -0.00024718282, -0.00036218693, -0.00047761397, -0.0005894355, -0.0006432356, -0.0007470553, -0.00084730296, -0.00089575193, -0.000987383, -0.0010679972, -0.0011031644, -0.0011644689, -0.00121697, -0.0012631878, -0.0012833041, -0.0013148884, -0.0013322209, -0.0013355671, -0.001334402, -0.0013301217, -0.0013318135, -0.0013369723, -0.001357859, -0.0013910254, -0.0014108309, -0.0014528363, -0.0014926181, -0.0015100267, -0.0015376594, -0.0015544366, -0.0015601359, -0.0015591616, -0.001550408, -0.0015337801, -0.001522972, -0.0014967351, -0.00146472, -0.0014270084, -0.0014060274, -0.0013609695, -0.001318066, -0.0013033048, -0.0013136672, -0.0014243238
0, 0, 0, 0, 0, 0, 0, 0, 0, 0, 0, 0, 0, 0, 0, 0, 0, 0, 0, 0, 0, 0, 0, 0, 0, 0, 0, 0, 0, 0, 0, 0, 0, 0, 0, 0, 0, 0, 0, 0, 0, 0, -0.0014756772, -0.0012966112, -0.0011628263, -0.0011189713, -0.0010683913, -0.0010460548, -0.0010392267, -0.0010295276, -0.0010248643, -0.001028292, -0.0010332817, -0.0010499837, -0.0010728821, -0.0010848047, -0.0011061035, -0.0011173163, -0.0011181622, -0.0011080102, -0.0010821702, -0.0010402986, -0.001012998, -0.00094717153, -0.000867459, -0.0008234071, -0.00072922785, -0.0006293154, -0.00052575633, -0.00047204268, -0.00036095924, -0.00024301803, -0.00018141548, -5.1627547e-05, 8.593641e-05, 0.00022753431, 0.00029736297, 0.0004293496, 0.00054669817, 0.00059860194, 0.0006880497, 0.0007595077, 0.0007896263, 0.0008417525, 0.0008852292, 0.0009194587, 0.00093271886, 0.00094995426, 0.00095360033, 0.000950665, 0.00093620445, 0.0009117475, 0.00087751535, 0.0008560371, 0.00080332055, 0.00073976576, 0.00070491835, 0.0006287348, 0.0005428983, 0.0004968191, 0.00040046146, 0.00029833766, 0.00018891685, 0.0001318758, 1.5970978e-05, -0.00010064114, -0.00015948937, -0.0002789183, -0.00039911125, -0.00051592535, -0.0005720624, -0.0006803606, -0.00078472705, -0.0008353592, -0.00093149027, -0.0010160768, -0.0010530563, -0.0011178066, -0.0011737761, -0.0012231733, -0.0012447055, -0.0012791192, -0.0012992898, -0.0013038095, -0.0013048523, -0.001302412, -0.0013055431, -0.0013113602, -0.0013334634, -0.001367787, -0.001388155, -0.0014315036, -0.0014726653, -0.0014908131, -0.0015200916, -0.0015384456, -0.0015456805, -0.0015454165, -0.0015380185, -0.0015225427, -0.0015122452, -0.0014869365, -0.0014557898, -0.0014189376, -0.0013983807, -0.0013541278, -0.0013120666, -0.0012977151, -0.0013088053, -0.0014199321
0, 0, 0, 0, 0, 0, 0, 0, 0, 0, 0, 0, 0, 0, 0, 0, 0, 0, 0, 0, 0, 0, 0, 0, 0, 0, 0, 0, 0, 0, 0, 0, 0, 0, 0, 0, 0, 0, 0, 0, 0, -0.001774034, -0.0013591977, -0.0011270128, -0.0010513451, -0.0010401851, -0.0010368262, -0.0010380574, -0.0010370183, -0.0010311496, -0.0010242865, -0.0010205599, -0.0010211957, -0.0010274627, -0.0010397807, -0.0010475833, -0.0010625302, -0.0010723949, -0.0010738557, -0.001068127, -0.0010479937, -0.001009644, -0.0009826311, -0.0009111303, -0.00081644487, -0.00076195976, -0.00064235757, -0.0005141769, -0.00038333223, -0.0003174209, -0.00018369172, -4.5975983e-05, 2.4759855e-05, 0.00017051066, 0.00032014327, 0.0004675628, 0.00053783617, 0.0006649284, 0.0007714967, 0.00081716233, 0.0008952037, 0.00095795497, 0.0009848039, 0.0010317968, 0.0010709247, 0.0010995336, 0.001109467, 0.0011190005, 0.0011148419, 0.0011083594, 0.0010876278, 0.0010571391, 0.0010167434, 0.0009920732, 0.00093356107, 0.00086521683, 0.00082824484, 0.0007483204, 0.0006588365, 0.0006109023, 0.00051051594, 0.00040392124, 0.00029036275, 0.00023141608, 0.00011175672, -8.843848e-06, -6.986443e-05, -0.0001939315, -0.0003189244, -0.00044035836, -0.000498766, -0.0006115881, -0.0007205932, -0.0007735035, -0.0008741082, -0.00096252986, -0.0010014155, -0.0010699868, -0.0011294653, -0.0011816756, -0.0012046281, -0.0012418627, -0.0012644081, -0.0012700433, -0.0012731645, -0.0012725795, -0.0012773167, -0.0012839661, -0.0013076158, -0.0013434911, -0.0013646742, -0.0014094913, -0.0014521567, -0.0014710542, -0.0015017682, -0.0015215897, -0.00153034, -0.0015308069, -0.0015247702, -0.0015106277, -0.0015008784, -0.00147665, -0.0014464766, -0.0014104669, -0.0013903383, -0.0013469965, -0.0013057778, -0.001291892, -0.0013037677, -0.0014153732
0, 0, 0, 0, 0, 0, 0, 0, 0, 0, 0, 0, 0, 0, 0, 0, 0, 0, 0, 0, 0, 0, 0, 0, 0, 0, 0, 0, 0, 0, 0, 0, 0, 0, 0, 0, 0, 0, 0, 0, -0.0013058425, -0.0012708978, -0.0010963815, -0.0009771514, -0.00094690896, -0.00095001876, -0.0009677679, -0.0009836617, -0.0009880336, -0.000989393, -0.0009852826, -0.0009793838, -0.0009767335, -0.0009727932, -0.00097207096, -0.0009723398, -0.00097424875, -0.0009740921, -0.00097228674, -0.00096297724, -0.00094268186, -0.000905158, -0.0008779386, -0.000802218, -0.00069728115, -0.0006350948, -0.0004969397, -0.00034825882, -0.00019647888, -0.00012071425, 3.0758914e-05, 0.00018253023, 0.000258976, 0.00041166687, 0.0005622191, 0.00070429826, 0.0007698727, 0.0008850772, 0.0009783412, 0.0010179664, 0.001086852, 0.0011446886, 0.0011700196, 0.0012136806, 0.0012481275, 0.0012703264, 0.0012761937, 0.0012770824, 0.0012650598, 0.0012552872, 0.0012288723, 0.0011928986, 0.0011467604, 0.0011195991, 0.0010567704, 0.0009851035, 0.0009467942, 0.00086399756, 0.0007712605, 0.00072152936, 0.00061754306, 0.0005077437, 0.0003912727, 0.00033088928, 0.00020786101, 8.313473e-05, 1.9856554e-05, -0.00010839276, -0.00023755469, -0.00036345245, -0.00042423577, -0.0005418724, -0.0006556965, -0.0007110155, -0.00081601663, -0.0009089796, -0.00095017336, -0.0010230796, -0.001086179, -0.0011415613, -0.0011660887, -0.0012059546, -0.0012307192, -0.0012373608, -0.0012423501, -0.0012433061, -0.0012495263, -0.0012569904, -0.0012820923, -0.0013197167, -0.0013417638, -0.0013882628, -0.0014327259, -0.001452533, -0.0014847941, -0.0015061192, -0.0015162164, -0.0015173355, -0.0015126629, -0.0014998665, -0.0014907821, -0.001467804, -0.0014387032, -0.0014035587, -0.0013837948, -0.0013411817, -0.0013006948, -0.0012871877, -0.0012997945, -0.0014117588
0, 0, 0, 0, 0, 0, 0, 0, 0, 0, 0, 0, 0, 0, 0, 0, 0, 0, 0, 0, 0, 0, 0, 0, 0, 0, 0, 0, 0, 0, 0, 0, 0, 0, 0, 0, 0, 0, 0, -0.0012717845, -0.0010355217, -0.0009552325, -0.0008552682, -0.00081332336, -0.00081463205, -0.000824908, -0.0008509223, -0.000873254, -0.00088053726, -0.00088746496, -0.0008861077, -0.0008802049, -0.00087550655, -0.0008624923, -0.0008470015, -0.0008388946, -0.00082296366, -0.000806988, -0.0007988116, -0.00077953894, -0.0007537365, -0.0007140937, -0.0006861427, -0.00060861994, -0.0005002782, -0.000435396, -0.00029024202, -0.0001329671, 2.8020848e-05, 0.000108697015, 0.00026876622, 0.00042679676, 0.0005040761, 0.00065436494, 0.00079607643, 0.0009251579, 0.0009834591, 0.0010847995, 0.0011667813, 0.0012021215, 0.0012651216, 0.0013203031, 0.0013442438, 0.001383867, 0.0014114206, 0.0014251661, 0.001426592, 0.0014191554, 0.001400748, 0.0013883753, 0.0013579584, 0.0013178021, 0.00126731, 0.0012382043, 0.0011727412, 0.0010991216, 0.0010596999, 0.0009739022, 0.0008780035, 0.0008269612, 0.0007206031, 0.00060844346, 0.0004896384, 0.0004278105, 0.0003012567, 0.00017274523, 0.00010783019, -2.3872057e-05, -0.0001568897, -0.00028718135, -0.00035029225, -0.00047222522, -0.00059036247, -0.0006479532, -0.0007577424, -0.00085556565, -0.0008991377, -0.0009764256, -0.0010434432, -0.0011027206, -0.0011289872, -0.0011721659, -0.0011996968, -0.0012077007, -0.0012148593, -0.0012173165, -0.0012247117, -0.0012325275, -0.0012583899, -0.0012969043, -0.0013195107, -0.0013674815, -0.0014137832, -0.0014345162, -0.0014688554, -0.0014920761, -0.0015038626, -0.0015057159, -0.0015023735, -0.0014907394, -0.0014822286, -0.0014603462, -0.0014322449, -0.0013980066, -0.0013785786, -0.001336574, -0.0012966853, -0.0012833861, -0.0012965264, -0.0014087608
0, 0, 0, 0, 0, 0, 0, 0, 0, 0, 0, 0, 0, 0, 0, 0, 0, 0, 0, 0, 0, 0, 0, 0, 0, 0, 0, 0, 0, 0, 0, 0, 0, 0, 0, 0, 0, 0, -0.0013544231, -0.0010473258, -0.000814244, -0.00074167416, -0.00066624477, -0.00064610835, -0.0006551693, -0.00066507346, -0.0006887784, -0.0007092659, -0.0007167877, -0.00072432397, -0.0007228277, -0.0007135685, -0.00070609327, -0.0006845819, -0.0006547209, -0.0006378752, -0.0006029735, -0.0005696012, -0.0005533874, -0.00052106625, -0.00048587614, -0.00044110548, -0.00041216155, -0.00033550334, -0.00023074463, -0.00016851745, -2.8640583e-05, 0.00012347264, 0.0002808005, 0.0003599708, 0.0005174986, 0.0006715891, 0.0007460045, 0.0008870571, 0.0010147815, 0.0011278474, 0.0011790476, 0.0012687722, 0.0013432435, 0.0013760433, 0.0014354774, 0.0014871774, 0.0015089042, 0.0015421396, 0.00156108, 0.0015659751, 0.0015637252, 0.0015505535, 0.0015281965, 0.0015145134, 0.0014815711, 0.0014380063, 0.0013840108, 0.0013534884, 0.0012858304, 0.0012098709, 0.0011689725, 0.0010804589, 0.0009823663, 0.0009304138, 0.00082199735, 0.0007078518, 0.00058640697, 0.00052307127, 0.0003935349, 0.00026226093, 0.00019608295, 6.12019e-05, -7.558032e-05, -0.00020965798, -0.00027452316, -0.00040022962, -0.0005223898, -0.00058219855, -0.00069628493, -0.0007981672, -0.0008437302, -0.00092479814, -0.0009956763, -0.0010588069, -0.0010869704, -0.0011338907, -0.0011651267, -0.0011748006, -0.0011846273, -0.0011891947, -0.0011979081, -0.0012061301, -0.0012325824, -0.0012715894, -0.0012945222, -0.001343467, -0.0013910934, -0.0014126517, -0.001449014, -0.0014743949, -0.0014883495, -0.0014911699, -0.0014894297, -0.0014790002, -0.0014709907, -0.0014499691, -0.00142271, -0.0013893783, -0.0013704274, -0.0013292681, -0.0012901645, -0.001277311, -0.0012911604, -0.0014037556
0, 0, 0, 0, 0, 0, 0, 0, 0, 0, 0, 0, 0, 0, 0, 0, 0, 0, 0, 0, 0, 0, 0, 0, 0, 0, 0, 0, 0, 0, 0, 0, 0, 0, 0, 0, 0, -0.001158181, -0.0010708851, -0.000844112, -0.00066738774, -0.00060771423, -0.00053486024, -0.0005053293, -0.00050036534, -0.00050313224, -0.0005118889, -0.000520585, -0.0005231641, -0.0005241991, -0.0005171261, -0.0005015915, -0.00048972294, -0.0004578846, -0.00041583748, -0.00039157446, -0.00034015148, -0.0002895789, -0.0002653526, -0.00021850337, -0.00017139077, -0.00011890367, -8.849249e-05, -1.4002339e-05, 8.2019666e-05, 0.00013797567, 0.00026248675, 0.00039827698, 0.00054025766, 0.00061261945, 0.00075859367, 0.00090245064, 0.00097171025, 0.0011010559, 0.0012154407, 0.0013153855, 0.0013606785, 0.001442735, 0.0015129674, 0.0015440847, 0.0015995245, 0.0016459433, 0.0016646611, 0.001690558, 0.0017011334, 0.001699505, 0.0016949198, 0.0016788183, 0.0016545077, 0.0016397327, 0.0016039948, 0.0015567157, 0.0014991139, 0.0014673331, 0.0013976459, 0.0013196163, 0.0012776863, 0.001187295, 0.0010879929, 0.0010354102, 0.0009259031, 0.0008100858, 0.000686744, 0.0006225752, 0.0004911372, 0.00035784513, 0.00029031764, 0.00015247852, 1.2250368e-05, -0.00012523711, -0.00019187099, -0.0003216513, -0.00044827443, -0.00051009085, -0.0006279577, -0.000733536, -0.0007809965, -0.00086578843, -0.00094012445, -0.0010066004, -0.0010364503, -0.0010865994, -0.0011209435, -0.0011319709, -0.0011445474, -0.0011515345, -0.0011623632, -0.0011716383, -0.0012000016, -0.0012407227, -0.0012644278, -0.0013147914, -0.0013637303, -0.0013859981, -0.0014237822, -0.0014508321, -0.0014666923, -0.0014705309, -0.0014707313, -0.0014620397, -0.0014547745, -0.0014350164, -0.0014087913, -0.0013764024, -0.0013580841, -0.001318168, -0.0012803446, -0.0012681597, -0.0012832877, -0.0013965856
0, 0, 0, 0, 0, 0, 0, 0, 0, 0, 0, 0, 0, 0, 0, 0, 0, 0, 0, 0, 0, 0, 0, 0, 0, 0, 0, 0, 0, 0, 0, 0, 0, 0, 0, 0, 0, -0.0010498698, -0.0009358624, -0.00075221236, -0.00061685266, -0.00056323345, -0.00047990042, -0.00042414846, -0.00039084975, -0.0003802213, -0.00036453066, -0.00035190283, -0.00034522728, -0.00033033753, -0.00031228515, -0.0002874308, -0.00027079316, -0.00022874466, -0.00017521132, -0.00014520546, -8.140907e-05, -1.6420601e-05, 1.5678022e-05, 7.767081e-05, 0.00013787244, 0.00019929654, 0.00023179527, 0.00030416783, 0.00038984118, 0.00043765482, 0.00054228626, 0.0006566838, 0.00077842124, 0.0008418046, 0.0009726875, 0.0011050291, 0.0011692736, 0.0012889925, 0.0013936943, 0.0014844853, 0.0015262901, 0.001603387, 0.0016710153, 0.0017005875, 0.0017513332, 0.0017911198, 0.0018060125, 0.0018242111, 0.001828395, 0.0018223965, 0.0018163183, 0.0017982236, 0.0017716697, 0.0017554257, 0.001715525, 0.0016643023, 0.0016043516, 0.0015722214, 0.0015021327, 0.0014239033, 0.0013816766, 0.0012914316, 0.0011925638, 0.0011404005, 0.0010312778, 0.0009154885, 0.0007921967, 0.0007278963, 0.0005959105, 0.00046100715, 0.0003924248, 0.0002521798, 0.00010882836, -3.2485474e-05, -0.00010139361, -0.00023609262, -0.0003675424, -0.00043169034, -0.0005543698, -0.00066515076, -0.0007151741, -0.0008047023, -0.00088332983, -0.0009532488, -0.0009846229, -0.0010374002, -0.0010740674, -0.0010861432, -0.0011007026, -0.0011097786, -0.0011229056, -0.0011333915, -0.0011645143, -0.0012079645, -0.0012330717, -0.0012860253, -0.0013372675, -0.0013605346, -0.0013999421, -0.0014284618, -0.0014456281, -0.0014502233, -0.0014521696, -0.0014454456, -0.001439184, -0.0014213193, -0.001396694, -0.00136559, -0.0013477717, -0.0013089789, -0.0012722916, -0.0012606783, -0.001276922, -0.0013909049
0, 0, 0, 0, 0, 0, 0, 0, 0, 0, 0, 0, 0, 0, 0, 0, 0, 0, 0, 0, 0, 0, 0, 0, 0, 0, 0, 0, 0, 0, 0, 0, 0, 0, 0, 0, -0.0013372387, -0.0010204578, -0.00090824417, -0.00075298204, -0.00063987967, -0.000589076, -0.0004928513, -0.0004090113, -0.0003418721, -0.0003148597, -0.00026969163, -0.00023064922, -0.00021281248, -0.00017751321, -0.00014348912, -0.00010711955, -8.611925e-05, -3.5340316e-05, 2.7134067e-05, 6.20333e-05, 0.00013598338, 0.00021252102, 0.00025082962, 0.00032661544, 0.00039937475, 0.00046959956, 0.00050428696, 0.00057539454, 0.00065209245, 0.0006931268, 0.0007807011, 0.0008760399, 0.000980433, 0.0010363811, 0.0011546132, 0.0012775112, 0.0013379252, 0.0014510395, 0.0015494425, 0.0016347871, 0.0016741325, 0.0017474358, 0.0018112357, 0.0018384673, 0.0018822999, 0.0019134869, 0.0019238892, 0.0019344698, 0.00193304, 0.0019230493, 0.0019155222, 0.0018945647, 0.0018646388, 0.0018464782, 0.001803312, 0.0017504578, 0.0016908586, 0.001659482, 0.0015913054, 0.0015144913, 0.0014731069, 0.001384794, 0.0012887656, 0.0012379205, 0.0011310473, 0.0010171, 0.00089540076, 0.00083150977, 0.0006998246, 0.00056459766, 0.00049547176, 0.0003532288, 0.00020717645, 6.207857e-05, -9.121144e-06, -0.00014859899, -0.00028520482, -0.00035225868, -0.00048141342, -0.0005990601, -0.000652273, -0.00074794405, -0.0008321874, -0.0009069849, -0.0009403562, -0.0009967074, -0.0010364844, -0.0010497427, -0.0010663767, -0.0010770819, -0.0010914465, -0.0011025298, -0.001135017, -0.001180309, -0.0012065126, -0.001262053, -0.0013160915, -0.0013407627, -0.0013828641, -0.0014136278, -0.0014326263, -0.0014379506, -0.0014412823, -0.0014360212, -0.0014305214, -0.0014142141, -0.0013911262, -0.0013612874, -0.0013438459, -0.0013056326, -0.0012693573, -0.0012578539, -0.0012742493, -0.0013881959
0, 0, 0, 0, 0, 0, 0, 0, 0, 0, 0, 0, 0, 0, 0, 0, 0, 0, 0, 0, 0, 0, 0, 0, 0, 0, 0, 0, 0, 0, 0, 0, 0, 0, -0.0030704022, -0.0027231686, -0.0015751378, -0.0010447617, -0.0009209243, -0.0007772047, -0.00067765405, -0.00062950904, -0.00052853895, -0.00042625985, -0.0003321156, -0.00028924085, -0.00021408858, -0.00014956876, -0.00012004821, -6.528464e-05, -1.37414945e-05, 3.552768e-05, 6.1365805e-05, 0.000119436656, 0.00018822927, 0.00022637159, 0.00030801515, 0.0003933861, 0.00043612425, 0.00052096567, 0.0006033606, 0.00068081013, 0.0007177564, 0.00078994146, 0.0008629268, 0.0009008541, 0.0009802859, 0.0010663413, 0.0011615416, 0.0012133066, 0.0013233278, 0.0014389876, 0.0014962975, 0.0016038168, 0.0016965165, 0.0017757367, 0.0018118144, 0.001878477, 0.0019346785, 0.0019572782, 0.0019908608, 0.0020108803, 0.0020164484, 0.0020192864, 0.0020126416, 0.0019986848, 0.001989657, 0.0019654632, 0.0019324108, 0.0019129443, 0.0018686263, 0.0018166493, 0.0017599838, 0.001730017, 0.0016643142, 0.0015895291, 0.001549413, 0.0014644418, 0.0013721215, 0.0013228167, 0.0012185146, 0.0011070155, 0.0009873655, 0.0009244112, 0.00079380115, 0.0006589341, 0.00058971625, 0.00044651132, 0.00029884843, 0.00015111481, 7.831778e-05, -6.496221e-05, -0.0002062787, -0.00027614587, -0.000411637, -0.0005357507, -0.000592182, -0.0006942835, -0.0007847492, -0.00086536264, -0.0009015901, -0.00096336583, -0.0010075974, -0.0010228237, -0.0010424124, -0.0010547506, -0.0010697102, -0.0010808733, -0.0011130265, -0.0011582742, -0.0011847042, -0.0012411198, -0.0012969795, -0.0013228315, -0.0013677055, -0.0014012172, -0.0014228082, -0.0014292405, -0.0014341638, -0.0014299308, -0.0014248282, -0.001409201, -0.0013866808, -0.0013574361, -0.0013403257, -0.0013024878, -0.0012663885, -0.0012549313, -0.0012711864, -0.0013845481
0, 0, 0, 0, 0, 0, 0, 0, 0, 0, 0, 0, 0, 0, 0, 0, 0, 0, 0, 0, 0, 0, 0, 0, 0, 0, 0, 0, 0, 0, 0, 0, 0, 0, -0.001738791, -0.0016300036, -0.0012257159, -0.0009365164, -0.0008542973, -0.00075044465, -0.000670283, -0.00062774745, -0.00053161586, -0.00042462087, -0.00031585322, -0.0002637959, -0.00016551532, -7.758859e-05, -3.771986e-05, 3.4955538e-05, 0.00010078614, 0.00016290693, 0.0001941765, 0.0002601258, 0.00033357856, 0.00037362843, 0.00045925257, 0.0005488995, 0.0005940243, 0.00068403274, 0.00077153783, 0.00085533183, 0.000895805, 0.0009739723, 0.0010512974, 0.0010908721, 0.0011736619, 0.0012612063, 0.0013549459, 0.0014046193, 0.0015090206, 0.0016167293, 0.0016695627, 0.0017677909, 0.0018507073, 0.0019191777, 0.0019491862, 0.0020040497, 0.0020477027, 0.002063797, 0.0020845192, 0.0020931803, 0.0020943007, 0.0020905596, 0.002079828, 0.0020626732, 0.00205219, 0.0020253486, 0.0019904105, 0.0019704143, 0.0019264983, 0.0018767575, 0.0018227847, 0.0017939021, 0.0017296096, 0.0016565673, 0.0016176364, 0.0015358947, 0.001446411, 0.0013980495, 0.0012954926, 0.0011860806, 0.0010687347, 0.0010067574, 0.0008775311, 0.0007436882, 0.0006747356, 0.00053199026, 0.00038401838, 0.00023542986, 0.00016189659, 1.6423939e-05, -0.0001280411, -0.0001997453, -0.0003392589, -0.00046779387, -0.00052667287, -0.00063401007, -0.00072990573, -0.00081603904, -0.00085523777, -0.0009228309, -0.0009720036, -0.0009895996, -0.0010129418, -0.0010274345, -0.0010434705, -0.0010547043, -0.0010866056, -0.0011312291, -0.0011572589, -0.00121328, -0.0012695304, -0.0012958111, -0.001342173, -0.0013778142, -0.00140166, -0.0014093147, -0.0014163251, -0.00141344, -0.0014088077, -0.0013937089, -0.0013714815, -0.0013426666, -0.001326018, -0.0012890731, -0.001254189, -0.001243411, -0.001260823, -0.001374429
0, 0, 0, 0, 0, 0, 0, 0, 0, 0, 0, 0, 0, 0, 0, 0, 0, 0, 0, 0, 0, 0, 0, 0, 0, 0, 0, 0, 0, 0, 0, 0, 0, -0.0010847026, -0.0010086243, -0.00096327596, -0.0008413188, -0.0007417366, -0.00070668483, -0.0006521893, -0.0005957393, -0.0005611868, -0.00047555554, -0.00037237004, -0.00026140537, -0.00020529008, -9.571314e-05, 8.969127e-06, 5.82012e-05, 0.00014788774, 0.00022746838, 0.0003012051, 0.0003372598, 0.00041107446, 0.00049013935, 0.0005321805, 0.0006194821, 0.00070976274, 0.0007553947, 0.000847372, 0.00093940226, 0.0010298721, 0.0010746975, 0.0011639434, 0.0012540498, 0.001299602, 0.0013928709, 0.001487965, 0.0015833256, 0.0016310939, 0.001727225, 0.0018219939, 0.0018673366, 0.0019493432, 0.0020156703, 0.002067586, 0.002089985, 0.0021291394, 0.0021580576, 0.00216728, 0.0021762461, 0.0021760643, 0.0021741032, 0.002166514, 0.0021528238, 0.0021326523, 0.0021207405, 0.0020916706, 0.0020558143, 0.0020358302, 0.001992902, 0.0019449203, 0.0018918844, 0.0018631198, 0.001798978, 0.0017267957, 0.0016889197, 0.0016095063, 0.0015212268, 0.001473377, 0.0013724694, 0.0012654588, 0.0011503471, 0.001089334, 0.0009618876, 0.0008297633, 0.0007617278, 0.00062071084, 0.00047390387, 0.0003255729, 0.00025198958, 0.000106075255, -3.944029e-05, -0.00011197632, -0.00025298411, -0.00038390962, -0.00044431587, -0.00055492716, -0.0006544349, -0.0007448971, -0.0007862199, -0.00085811294, -0.0009115815, -0.00093111914, -0.00095798954, -0.00097530783, -0.0009934218, -0.0010053911, -0.0010384199, -0.001083663, -0.0011098903, -0.0011663017, -0.0012229182, -0.0012494398, -0.0012964497, -0.0013333695, -0.0013589722, -0.0013675193, -0.0013767659, -0.0013760554, -0.0013723584, -0.0013589736, -0.001338376, -0.0013112935, -0.0012954886, -0.0012608529, -0.0012288339, -0.0012196731, -0.0012401042, -0.0013557035
0, 0, 0, 0, 0, 0, 0, 0, 0, 0, 0, 0, 0, 0, 0, 0, 0, 0, 0, 0, 0, 0, 0, 0, 0, 0, 0, 0, 0, 0, 0, 0, -0.0011965167, -0.0009094446, -0.0007256935, -0.0006718112, -0.0006038745, -0.0005661777, -0.0005522948, -0.0005230489, -0.000482734, -0.00045498763, -0.00038163576, -0.00028615838, -0.00017744498, -0.000120834404, -6.836549e-06, 0.00010758001, 0.00016336495, 0.00026908075, 0.00036484233, 0.00045171258, 0.00049343717, 0.00057597045, 0.0006611691, 0.00070528354, 0.0007962485, 0.0008875666, 0.00093328004, 0.0010263842, 0.0011234977, 0.0012231828, 0.0012738055, 0.0013768944, 0.0014826086, 0.0015359508, 0.0016414592, 0.0017425874, 0.0018367018, 0.0018805029, 0.0019624513, 0.002037311, 0.0020716751, 0.002131321, 0.002177404, 0.00221134, 0.0022256733, 0.002250071, 0.0022662077, 0.002270104, 0.0022699905, 0.0022647812, 0.0022609977, 0.0022509391, 0.0022345649, 0.0022115624, 0.0021984924, 0.002167774, 0.0021311466, 0.0021112652, 0.0020686495, 0.002021378, 0.001968185, 0.001938936, 0.0018749923, 0.0018045746, 0.0017679372, 0.001690516, 0.0016038459, 0.001557256, 0.001459783, 0.0013564233, 0.0012445947, 0.0011849402, 0.0010607406, 0.00093187013, 0.0008654211, 0.0007268017, 0.000581936, 0.0004346135, 0.00036120578, 0.00021552312, 6.965535e-05, -3.2231674e-06, -0.00014547395, -0.00027825695, -0.0003399246, -0.00045315077, -0.00055552134, -0.0006491362, -0.00069199386, -0.0007665567, -0.0008232242, -0.00084420375, -0.000873885, -0.0008942716, -0.00091541884, -0.0009289238, -0.0009648445, -0.0010131142, -0.0010408968, -0.0011001705, -0.0011590996, -0.0011867243, -0.0012355836, -0.0012741388, -0.0013016164, -0.0013111213, -0.0013226488, -0.0013248305, -0.0013227178, -0.0013126623, -0.0012955472, -0.0012717277, -0.0012576011, -0.0012265474, -0.001198405, -0.001191102, -0.0012154923, -0.0013336285
0, 0, 0, 0, 0, 0, 0, 0, 0, 0, 0, 0, 0, 0, 0, 0, 0, 0, 0, 0, 0, 0, 0, 0, 0, 0, 0, 0, 0, 0, 0, 0, -0.0009918794, -0.00077178056, -0.000613453, -0.0005629334, -0.0004991288, -0.00046283766, -0.00044863386, -0.00041994939, -0.00038324078, -0.00035958318, -0.00029645703, -0.0002106561, -0.00010574611, -4.9306374e-05, 6.686092e-05, 0.00018564702, 0.00024601704, 0.0003652534, 0.00047840696, 0.0005830454, 0.00063269504, 0.0007286289, 0.0008228662, 0.00087069336, 0.0009676844, 0.0010651364, 0.0011132732, 0.0012102548, 0.0013123396, 0.0014222478, 0.0014792853, 0.0015962007, 0.0017146785, 0.0017735166, 0.0018862005, 0.0019874605, 0.0020725639, 0.0021090112, 0.0021712873, 0.0022222956, 0.0022444106, 0.0022820143, 0.0023092716, 0.0023286769, 0.0023365072, 0.0023493895, 0.00235595, 0.002356055, 0.002350625, 0.0023421673, 0.0023371528, 0.0023239856, 0.0023041542, 0.0022786409, 0.0022642915, 0.0022323627, 0.0021955562, 0.0021757304, 0.00213401, 0.002087207, 0.0020343354, 0.0020059089, 0.0019447585, 0.0018793059, 0.0018450848, 0.0017718982, 0.0016903346, 0.0016467128, 0.0015557472, 0.0014591287, 0.0013529357, 0.0012961532, 0.0011776943, 0.0010538013, 0.0009895298, 0.00085426826, 0.0007114669, 0.0005651979, 0.00049200986, 0.00034562647, 0.00019799254, 0.00012410365, -2.1507729e-05, -0.000158652, -0.00022263086, -0.00034066138, -0.00044781258, -0.0005455564, -0.00059028034, -0.00066866487, -0.0007287732, -0.00075143896, -0.00078422733, -0.0008077147, -0.00083182025, -0.00084717275, -0.00088704255, -0.00093985745, -0.00097006763, -0.0010343449, -0.0010981741, -0.0011281114, -0.0011812709, -0.0012232495, -0.0012535267, -0.0012645003, -0.0012786605, -0.0012839528, -0.0012835787, -0.0012773237, -0.001264029, -0.0012438295, -0.0012313894, -0.001203586, -0.0011782841, -0.0011722973, -0.0011991953, -0.0013184929
0, 0, 0, 0, 0, 0, 0, 0, 0, 0, 0, 0, 0, 0, 0, 0, 0, 0, 0, 0, 0, 0, 0, 0, 0, 0, 0, 0, 0, 0, -0.0015377344, -0.001344552, -0.00092774106, -0.00071747805, -0.00059160125, -0.00054733607, -0.00048144473, -0.00043237163, -0.00041075883, -0.00036996586, -0.0003288458, -0.0003065244, -0.0002528273, -0.00017787275, -8.000286e-05, -2.50273e-05, 9.168656e-05, 0.00021350323, 0.00027608048, 0.00040486685, 0.00053364335, 0.0006582237, 0.000718043, 0.00083357026, 0.00094387383, 0.0009980121, 0.0011065924, 0.0012138905, 0.0012668484, 0.001372823, 0.001481958, 0.0015993468, 0.0016611064, 0.0017871743, 0.0019117915, 0.0019714504, 0.00208116, 0.0021730396, 0.0022433468, 0.0022705114, 0.0023117112, 0.0023411852, 0.0023534216, 0.0023735529, 0.0023874422, 0.002395676, 0.0023986718, 0.002402532, 0.0024017468, 0.002398759, 0.0023893323, 0.002376701, 0.0023697563, 0.0023522086, 0.0023285614, 0.002300321, 0.0022854498, 0.0022532505, 0.002217508, 0.0021985827, 0.0021590397, 0.0021149444, 0.0020659417, 0.0020406034, 0.0019873574, 0.0019305011, 0.0019003819, 0.001835599, 0.0017636407, 0.0017253434, 0.0016449307, 0.0015576747, 0.0014605629, 0.0014083148, 0.0012981775, 0.0011811352, 0.0011195141, 0.0009887194, 0.00084841525, 0.00070314115, 0.0006297083, 0.000481331, 0.00033001514, 0.00025348103, 0.000101354155, -4.3855656e-05, -0.00011192218, -0.00023882164, -0.0003545986, -0.00046022353, -0.00050874765, -0.0005944837, -0.00066087086, -0.00068629126, -0.00072403, -0.00075119705, -0.0007784069, -0.00079510215, -0.0008381637, -0.00089456176, -0.0009267453, -0.0009955087, -0.0010646327, -0.0010972323, -0.0011556527, -0.0012025931, -0.0012368652, -0.0012495702, -0.0012668744, -0.0012746229, -0.0012754112, -0.0012712112, -0.0012598122, -0.0012412928, -0.0012294987, -0.0012024407, -0.0011771758, -0.001171182, -0.0011971786, -0.0013151037
0, 0, 0, 0, 0, 0, 0, 0, 0, 0, 0, 0, 0, 0, 0, 0, 0, 0, 0, 0, 0, 0, 0, 0, 0, 0, 0, 0, 0, -0.0016744332, -0.0012915368, -0.0011136951, -0.00083420245, -0.000674196, -0.0005780549, -0.00054248056, -0.00048153818, -0.0004271499, -0.0004005491, -0.00035064085, -0.00030352263, -0.0002806106, -0.00023327947, -0.0001721513, -8.79508e-05, -3.7597794e-05, 7.494524e-05, 0.00019588678, 0.0002593331, 0.00039247333, 0.0005328437, 0.0006759932, 0.00074680464, 0.00088497833, 0.0010177128, 0.0010817467, 0.0012067932, 0.0013278945, 0.0013871343, 0.0015036529, 0.0016204502, 0.0017414464, 0.0018038223, 0.0019298895, 0.0020509197, 0.0021068596, 0.0022048047, 0.0022801964, 0.0023326506, 0.002350681, 0.0023740644, 0.002387892, 0.0023927176, 0.0024003529, 0.0024039792, 0.0024024649, 0.002400878, 0.0023959423, 0.0023869004, 0.002380113, 0.0023635987, 0.0023450567, 0.002334969, 0.0023121901, 0.0022853063, 0.002255686, 0.0022405733, 0.002209618, 0.0021767153, 0.0021597294, 0.002124952, 0.0020870185, 0.0020467977, 0.0020265197, 0.001985207, 0.0019395091, 0.0019149501, 0.0018621683, 0.0018035651, 0.001772149, 0.0017043577, 0.0016285224, 0.0015428861, 0.001496199, 0.0013961287, 0.0012870919, 0.0012287366, 0.0011036963, 0.0009672973, 0.00082330185, 0.0007496179, 0.0005991465, 0.00044345332, 0.00036366127, 0.00020318775, 4.8073754e-05, -2.5401021e-05, -0.00016387927, -0.00029150856, -0.0004090002, -0.0004635945, -0.00056046876, -0.0006367976, -0.00066652626, -0.0007114915, -0.00074383174, -0.00077427085, -0.00079181016, -0.0008357893, -0.00089267694, -0.0009251809, -0.0009952664, -0.0010664753, -0.0011005074, -0.0011622437, -0.0012128998, -0.001250898, -0.0012650987, -0.0012845963, -0.0012932769, -0.0012940768, -0.0012891783, -0.0012764502, -0.0012562259, -0.0012435499, -0.0012140762, -0.0011862771, -0.0011789509, -0.0012018272, -0.0013162815
0, 0, 0, 0, 0, 0, 0, 0, 0, 0, 0, 0, 0, 0, 0, 0, 0, 0, 0, 0, 0, 0, 0, 0, 0, 0, 0, 0, 0, -0.0010918879, -0.00092525146, -0.00082828454, -0.00066893233, -0.0005658317, -0.000498523, -0.0004714696, -0.00042061, -0.00036999834, -0.00034431292, -0.00029313052, -0.00024403285, -0.00022072213, -0.00017548422, -0.0001254317, -5.8980037e-05, -1.7749493e-05, 8.0636455e-05, 0.00019468655, 0.00025624764, 0.00038970236, 0.00053717446, 0.00069461414, 0.00077450695, 0.00093425135, 0.0010895297, 0.0011648645, 0.0013092726, 0.0014452041, 0.0015099167, 0.0016343021, 0.0017543754, 0.0018734135, 0.0019329896, 0.0020497597, 0.0021570623, 0.0022048333, 0.002284718, 0.0023408157, 0.002374706, 0.002384464, 0.0023934538, 0.0023944722, 0.0023938129, 0.0023898794, 0.0023818952, 0.0023684243, 0.002360387, 0.0023424695, 0.0023212677, 0.0023088956, 0.0022821845, 0.0022554859, 0.0022419617, 0.0022136336, 0.0021832306, 0.0021527172, 0.0021381131, 0.0021097092, 0.0020808398, 0.002066562, 0.0020383466, 0.002008861, 0.0019797843, 0.0019657009, 0.0019360842, 0.0019016579, 0.0018831398, 0.0018431697, 0.0017983598, 0.0017733721, 0.0017173339, 0.0016531625, 0.0015795587, 0.0015385784, 0.0014486132, 0.0013483488, 0.0012941988, 0.0011764357, 0.0010457907, 0.000905225, 0.000832589, 0.0006825051, 0.0005246194, 0.00044278547, 0.00027664818, 0.00011369619, 3.5393827e-05, -0.00011333896, -0.00025244482, -0.00038265256, -0.00044352873, -0.0005529746, -0.0006409694, -0.00067588984, -0.0007292849, -0.00076715637, -0.00080017204, -0.0008179183, -0.0008605148, -0.0009145015, -0.00094538566, -0.0010124542, -0.001081199, -0.0011143517, -0.001175308, -0.0012260582, -0.0012645595, -0.0012790301, -0.0012983017, -0.0013057052, -0.001305395, -0.0012976653, -0.0012812243, -0.0012571636, -0.0012425984, -0.0012101367, -0.0011802117, -0.0011718671, -0.0011930785, -0.0013046648
0, 0, 0, 0, 0, 0, 0, 0, 0, 0, 0, 0, 0, 0, 0, 0, 0, 0, 0, 0, 0, 0, 0, 0, 0, 0, 0, -0.0008477032, -0.0007804646, -0.0006942611, -0.0005921481, -0.00054045056, -0.0004494796, -0.00037980924, -0.00032645898, -0.0003028564, -0.000256645, -0.00020887487, -0.00018474489, -0.0001344461, -8.406494e-05, -5.979586e-05, -1.2886786e-05, 3.353509e-05, 8.687597e-05, 0.00011959188, 0.0002008698, 0.00030226918, 0.000359984, 0.0004899895, 0.0006410495, 0.000808845, 0.000895905, 0.0010714142, 0.0012437628, 0.0013276906, 0.0014877777, 0.0016349114, 0.0017035392, 0.0018309569, 0.0019479218, 0.0020576878, 0.0021106347, 0.0022108927, 0.0022976713, 0.0023339095, 0.002390666, 0.0024259717, 0.0024416079, 0.0024434414, 0.002437579, 0.0024250112, 0.002417721, 0.002398992, 0.0023737021, 0.0023422092, 0.002325094, 0.0022891564, 0.002252047, 0.002232672, 0.0021941438, 0.0021572514, 0.0021395837, 0.0021040333, 0.0020692367, 0.0020373175, 0.0020229588, 0.00199609, 0.0019702194, 0.0019578373, 0.0019351394, 0.00191315, 0.0018924732, 0.001882589, 0.001860204, 0.0018335645, 0.0018194071, 0.0017893276, 0.0017538449, 0.0017329811, 0.0016856539, 0.001631374, 0.0015678139, 0.0015317698, 0.0014508481, 0.0013601731, 0.001311084, 0.0012025981, 0.0010805452, 0.0009479748, 0.00087870786, 0.0007341671, 0.0005801433, 0.00049965706, 0.00033486832, 0.00017102338, 9.139297e-05, -6.1691855e-05, -0.00020702966, -0.00034520187, -0.00041037635, -0.00052910554, -0.0006262828, -0.000665552, -0.00072584057, -0.00076774735, -0.0008018663, -0.0008191237, -0.0008587257, -0.0009079855, -0.0009361089, -0.0009969712, -0.0010597964, -0.0010901972, -0.0011462631, -0.0011929699, -0.0012280096, -0.0012408735, -0.0012573912, -0.0012620119, -0.0012601914, -0.0012494639, -0.0012303169, -0.0012043761, -0.0011893708, -0.0011578122, -0.0011306372, -0.0011243257, -0.0011495269, -0.0012624547
0, 0, 0, 0, 0, 0, 0, 0, 0, 0, 0, 0, 0, 0, 0, 0, 0, 0, 0, 0, 0, 0, 0, 0, 0, 0, -0.0008832949, -0.0006754791, -0.0005885651, -0.0004603697, -0.00036277328, -0.00031962807, -0.00024136422, -0.00017266204, -0.00011062605, -8.142208e-05, -2.4216344e-05, 3.357022e-05, 6.274139e-05, 0.00012188302, 0.00018125921, 0.00021097338, 0.0002691507, 0.0003228395, 0.00037640537, 0.0004068435, 0.00048083576, 0.0005763594, 0.00063204323, 0.0007600389, 0.00091181014, 0.0010852346, 0.0011766021, 0.0013619841, 0.0015433616, 0.0016311142, 0.0017982974, 0.0019501729, 0.0020197676, 0.002145273, 0.0022544544, 0.0023494163, 0.0023929547, 0.002471672, 0.002534872, 0.0025587236, 0.0025902635, 0.002602251, 0.0025991062, 0.002592505, 0.0025705055, 0.00254076, 0.0025242625, 0.00248572, 0.0024383622, 0.0023847478, 0.002357059, 0.0023020073, 0.0022477908, 0.0022207818, 0.0021685762, 0.0021201624, 0.0020971484, 0.002052486, 0.0020118237, 0.001975853, 0.0019599074, 0.0019304568, 0.001902964, 0.0018903292, 0.001867806, 0.0018468704, 0.001826797, 0.0018165342, 0.0017943311, 0.0017689393, 0.0017559221, 0.0017287451, 0.0016954431, 0.0016758473, 0.0016328371, 0.0015846259, 0.0015280052, 0.0014955252, 0.0014230153, 0.0013427853, 0.0012992596, 0.0012026359, 0.001093126, 0.00097345054, 0.0009105126, 0.00077869714, 0.0006368707, 0.00056228205, 0.00040802217, 0.0002527478, 0.00017653983, 2.8494655e-05, -0.000114180504, -0.00025170864, -0.00031744267, -0.00043821082, -0.0005385378, -0.0005792614, -0.0006421066, -0.00068508944, -0.0007181814, -0.0007342498, -0.00077025115, -0.0008146736, -0.0008399731, -0.000894784, -0.00095106877, -0.0009783442, -0.0010279537, -0.0010684882, -0.0010981892, -0.0011087473, -0.0011215846, -0.001124138, -0.001121975, -0.001111776, -0.0010951089, -0.0010739238, -0.0010624158, -0.0010395617, -0.0010240333, -0.0010244612, -0.0010626736, -0.0011832308
0, 0, 0, 0, 0, 0, 0, 0, 0, 0, 0, 0, 0, 0, 0, 0, 0, 0, 0, 0, 0, 0, 0, 0, 0, 0, -0.0008325576, -0.00061792735, -0.00053290033, -0.00039798097, -0.00028619703, -0.00023481193, -0.0001360931, -4.2861826e-05, 4.6703044e-05, 9.036909e-05, 0.00017580541, 0.00026010245, 0.0003030758, 0.00038866236, 0.00047432314, 0.0005172388, 0.0006007488, 0.0006793372, 0.00075352244, 0.0007915482, 0.0008774025, 0.0009822958, 0.0010418922, 0.0011759115, 0.0013294723, 0.0015027632, 0.0015947542, 0.001783166, 0.001967576, 0.00205605, 0.0022236928, 0.0023743918, 0.0024425038, 0.002563079, 0.0026626824, 0.0027424518, 0.0027761492, 0.0028319298, 0.0028709196, 0.0028828739, 0.0028920544, 0.0028832809, 0.0028611894, 0.0028462373, 0.002808902, 0.002762164, 0.0027357987, 0.0026766362, 0.0026084557, 0.0025347064, 0.0024980367, 0.00242657, 0.002357434, 0.0023234175, 0.0022579099, 0.0021974074, 0.002168675, 0.0021140857, 0.002064478, 0.0020207262, 0.00200057, 0.00196271, 0.0019270948, 0.0019107952, 0.0018807766, 0.0018515867, 0.0018221375, 0.0018074233, 0.0017772175, 0.0017457943, 0.001730053, 0.0016972482, 0.0016595619, 0.0016389929, 0.0015956226, 0.0015495712, 0.001496862, 0.0014671353, 0.0014029002, 0.0013335254, 0.0012960919, 0.0012137478, 0.0011203147, 0.0010178278, 0.0009641142, 0.0008512319, 0.00072912907, 0.00066408375, 0.0005286183, 0.00039017893, 0.0003216662, 0.00018751709, 5.6354933e-05, -7.188919e-05, -0.000133842, -0.0002489525, -0.0003453018, -0.00038426355, -0.00044408662, -0.00048422493, -0.0005141154, -0.0005282921, -0.0005607883, -0.0006014576, -0.0006248242, -0.00067592226, -0.0007284945, -0.0007537745, -0.00079925766, -0.0008357417, -0.00086237135, -0.0008718936, -0.000884136, -0.00088895514, -0.0008891099, -0.0008859447, -0.0008795431, -0.0008719691, -0.00086844416, -0.00086376106, -0.0008695717, -0.0008812722, -0.00094144023, -0.001075648
0, 0, 0, 0, 0, 0, 0, 0, 0, 0, 0, 0, 0, 0, 0, 0, 0, 0, 0, 0, 0, 0, 0, 0, 0, -0.0015846258, -0.0009974805, -0.00075121387, -0.00067043904, -0.00053400465, -0.00040561132, -0.00034082175, -0.000210647, -8.25145e-05, 4.2943262e-05, 0.000104516905, 0.00022656708, 0.00034809273, 0.00040962792, 0.00053576677, 0.0006640526, 0.0007282315, 0.000854011, 0.00097394653, 0.0010878294, 0.001143877, 0.0012610045, 0.001390262, 0.00146034, 0.001608693, 0.0017680073, 0.0019400888, 0.002030719, 0.0022165242, 0.0024002637, 0.002488223, 0.0026540114, 0.002801661, 0.0028670714, 0.002981479, 0.0030727515, 0.0031413622, 0.0031674996, 0.0032058188, 0.0032258483, 0.0032287124, 0.0032222269, 0.0032015014, 0.0031684162, 0.0031483476, 0.0031010923, 0.0030442125, 0.0030116786, 0.0029384159, 0.002857033, 0.002772985, 0.0027315395, 0.0026507392, 0.0025719604, 0.0025332477, 0.0024580576, 0.0023877593, 0.0023542286, 0.0022900705, 0.002230714, 0.0021757348, 0.0021496075, 0.002099379, 0.0020509034, 0.0020281347, 0.0019836817, 0.0019390638, 0.0018947448, 0.0018731626, 0.0018300395, 0.0017870843, 0.0017657632, 0.0017225607, 0.0016773846, 0.0016544882, 0.00160876, 0.0015623813, 0.0015121632, 0.0014851973, 0.00142931, 0.0013709862, 0.0013401879, 0.0012730729, 0.0011972807, 0.0011146341, 0.0010712636, 0.0009800572, 0.0008809372, 0.0008273973, 0.00071389717, 0.0005966563, 0.0005380564, 0.00042236186, 0.00030778215, 0.00019405564, 0.00013841374, 3.4307835e-05, -5.306278e-05, -8.849302e-05, -0.00014186263, -0.00017650623, -0.00020183613, -0.00021418046, -0.00024334714, -0.00028205215, -0.0003048409, -0.0003554721, -0.00040865265, -0.00043442767, -0.00048148172, -0.0005205716, -0.0005506664, -0.0005624174, -0.00058109965, -0.0005951987, -0.0006011265, -0.00061190536, -0.0006233489, -0.00063679036, -0.0006448102, -0.00066573074, -0.0006988907, -0.0007248143, -0.000811874, -0.0009639718
0, 0, 0, 0, 0, 0, 0, 0, 0, 0, 0, 0, 0, 0, 0, 0, 0, 0, 0, 0, 0, 0, 0, 0, -0.0022435177, -0.0016643836, -0.0012691978, -0.0010611237, -0.000988961, -0.00085915363, -0.00072242407, -0.00064818334, -0.00049233093, -0.00033285908, -0.00017522219, -9.715152e-05, 5.7654866e-05, 0.00021398504, 0.0002941771, 0.00046182837, 0.00063640747, 0.00072455994, 0.0008999155, 0.0010687031, 0.0012308097, 0.0013097506, 0.0014675197, 0.0016284242, 0.0017110376, 0.0018784282, 0.0020473395, 0.0022204812, 0.0023101203, 0.0024931694, 0.002674099, 0.0027613633, 0.0029245836, 0.0030697454, 0.0031340779, 0.003244727, 0.003331835, 0.0033951262, 0.0034181084, 0.0034488603, 0.0034614312, 0.0034618522, 0.0034522125, 0.0034321574, 0.003401959, 0.003383349, 0.0033377653, 0.003281408, 0.0032488618, 0.003175339, 0.0030943546, 0.0030124797, 0.0029724329, 0.0028927503, 0.002812604, 0.002772779, 0.0026948394, 0.0026202556, 0.0025841075, 0.0025138396, 0.002446943, 0.0023822498, 0.0023506, 0.002288427, 0.0022270228, 0.0021969823, 0.00213783, 0.0020783388, 0.002020839, 0.0019931456, 0.0019385621, 0.0018844989, 0.00185812, 0.0018069561, 0.0017573189, 0.0017329181, 0.0016856644, 0.0016400531, 0.001594126, 0.001570596, 0.0015233135, 0.0014759703, 0.0014515198, 0.0013993116, 0.0013401249, 0.0012755743, 0.0012419749, 0.001171246, 0.0010927948, 0.0010497819, 0.00095641793, 0.00085826294, 0.0008087158, 0.0007102513, 0.00061155634, 0.000511799, 0.00046236374, 0.00036912633, 0.0002902187, 0.00025816297, 0.00021031746, 0.00017989178, 0.00015809268, 0.00014684121, 0.00011926221, 8.0548285e-05, 5.685942e-05, 2.773815e-06, -5.609338e-05, -8.553999e-05, -0.00014156976, -0.00019119347, -0.00023340271, -0.00025194723, -0.00028513296, -0.0003154293, -0.00033027286, -0.00036090662, -0.00039483953, -0.00043304745, -0.0004541993, -0.00050222565, -0.0005630008, -0.0006024592, -0.0007148632, -0.0008845003
0, 0, 0, 0, 0, 0, 0, 0, 0, 0, 0, 0, 0, 0, 0, 0, 0, 0, 0, 0, 0, 0, -0.0057978, -0.0040849904, -0.0029934002, -0.0020311761, -0.0016650296, -0.001488757, -0.0014259644, -0.001310329, -0.0011812148, -0.0011074418, -0.00094447355, -0.0007697674, -0.00059174234, -0.00050368666, -0.00032739164, -0.00014808626, -5.5934583e-05, 0.00013767804, 0.00034435026, 0.00045117032, 0.0006654915, 0.0008755641, 0.0010795248, 0.0011791007, 0.0013735614, 0.0015625238, 0.0016558366, 0.001839223, 0.002019111, 0.0021971664, 0.0022870782, 0.0024687524, 0.0026460402, 0.0027313274, 0.0028913512, 0.0030347584, 0.0030990215, 0.0032107013, 0.0032991031, 0.003364688, 0.003389328, 0.0034239672, 0.0034435904, 0.0034487147, 0.0034512978, 0.003446034, 0.0034317493, 0.003420579, 0.0033900156, 0.0033469438, 0.0033207757, 0.0032616982, 0.0031968865, 0.0031301803, 0.0030969356, 0.003028755, 0.0029568651, 0.0029203962, 0.0028481437, 0.0027773168, 0.0027422581, 0.0026723756, 0.0026038354, 0.002535485, 0.0025014416, 0.0024328744, 0.002364646, 0.0023313516, 0.0022661244, 0.002201597, 0.002139903, 0.002110563, 0.0020527514, 0.0019969528, 0.0019704704, 0.0019205958, 0.0018741654, 0.001851578, 0.0018086242, 0.0017693253, 0.0017316281, 0.0017130005, 0.0016751585, 0.001638437, 0.0016200147, 0.0015804886, 0.0015346603, 0.0014837228, 0.0014574376, 0.0014013633, 0.0013373621, 0.0013012561, 0.0012214914, 0.0011354801, 0.0010914895, 0.0010034218, 0.0009139824, 0.00082177296, 0.0007754781, 0.0006862254, 0.00060913654, 0.0005774046, 0.0005288812, 0.00049683306, 0.000473165, 0.00046090153, 0.000430536, 0.00038796366, 0.00036145275, 0.0002998651, 0.00023052318, 0.00019481292, 0.00012390983, 5.71916e-05, -4.1778358e-06, -3.299139e-05, -8.7173146e-05, -0.00013930353, -0.00016530708, -0.00021940909, -0.00027711887, -0.0003394583, -0.00037241707, -0.0004427944, -0.0005236925, -0.00057180616, -0.0006989594, -0.00087959593
0, 0, 0, 0, 0, 0, 0, 0, 0, 0, 0, 0, 0, 0, 0, 0, 0, 0, 0, 0, 0, -0.0048470018, -0.00418326, -0.0033796832, -0.0029130743, -0.0023059358, -0.0020302057, -0.0018947662, -0.0018471404, -0.0017594903, -0.0016591768, -0.0015991207, -0.0014570355, -0.0012916988, -0.0011154913, -0.0010263162, -0.0008457276, -0.0006624629, -0.0005679496, -0.00037118068, -0.00015957908, -4.837211e-05, 0.00017868936, 0.00040753806, 0.00063238334, 0.00074313406, 0.00095889904, 0.0011645457, 0.0012639016, 0.0014560695, 0.0016415338, 0.0018227441, 0.0019130575, 0.0020903302, 0.0022614435, 0.0023429955, 0.002496138, 0.0026366299, 0.0027011062, 0.002816156, 0.0029102482, 0.002983493, 0.003012766, 0.0030598294, 0.0030962094, 0.0031115983, 0.003136942, 0.0031546839, 0.003164304, 0.003164765, 0.0031580143, 0.003138985, 0.003125222, 0.0030922808, 0.00305501, 0.0030143545, 0.0029918936, 0.0029422964, 0.002887266, 0.0028588814, 0.002801303, 0.0027426544, 0.0027129382, 0.0026516276, 0.0025892097, 0.0025256975, 0.002493599, 0.002430165, 0.0023682113, 0.0023383063, 0.0022812323, 0.0022260179, 0.002174356, 0.0021503833, 0.0021042023, 0.002061774, 0.0020425108, 0.0020072109, 0.0019747585, 0.0019592387, 0.0019307421, 0.0019055845, 0.0018814707, 0.0018690719, 0.0018431601, 0.0018174798, 0.0018045027, 0.0017747513, 0.0017377896, 0.0016954408, 0.001672634, 0.001623333, 0.0015649608, 0.0015313887, 0.0014554369, 0.0013715975, 0.0013283468, 0.0012404846, 0.0011492367, 0.0010538683, 0.0010049862, 0.00090873224, 0.00082226016, 0.00078489626, 0.0007244744, 0.00068086875, 0.0006458976, 0.0006284535, 0.00058836973, 0.0005359957, 0.0005044288, 0.00043182538, 0.0003495081, 0.0003063289, 0.00021831879, 0.00013143857, 4.7969002e-05, 7.4534228e-06, -7.126912e-05, -0.00014862111, -0.00018737353, -0.00026602094, -0.0003462379, -0.00042787558, -0.00046861035, -0.0005500828, -0.00063455285, -0.000681943, -0.00080433814, -0.0009825911
0, 0, 0, 0, 0, 0, 0, 0, 0, 0, 0, 0, 0, 0, 0, 0, 0, 0, 0, 0, -0.0024336413, -0.0026956091, -0.0027311496, -0.0025663637, -0.0024503807, -0.0022544449, -0.0021413174, -0.0020817888, -0.0020620436, -0.0020262648, -0.001978695, -0.0019452111, -0.0018530859, -0.001728675, -0.0015824235, -0.001504054, -0.0013430206, -0.0011781948, -0.0010938996, -0.0009191815, -0.0007309099, -0.0006311286, -0.00042144835, -0.00020477168, 1.3001065e-05, 0.00012151512, 0.00033491864, 0.0005385637, 0.0006362788, 0.0008240493, 0.0010046042, 0.0011779269, 0.0012625607, 0.0014268289, 0.001584235, 0.0016587487, 0.0017999429, 0.0019310312, 0.0019929004, 0.0021068517, 0.0022039064, 0.0022831755, 0.002317007, 0.0023766407, 0.002430434, 0.0024563863, 0.002504864, 0.00254635, 0.0025801468, 0.0025936116, 0.0026135794, 0.0026244128, 0.0026261434, 0.002625668, 0.0026201755, 0.0026089102, 0.0026002477, 0.002574861, 0.0025435952, 0.0025265545, 0.00249076, 0.0024504361, 0.002428779, 0.0023827301, 0.0023346844, 0.0022858058, 0.002261949, 0.0022163244, 0.0021748121, 0.0021553403, 0.0021196217, 0.002087919, 0.0020613165, 0.0020502254, 0.0020318688, 0.002017245, 0.002011401, 0.0020029806, 0.0019964888, 0.0019938508, 0.0019889742, 0.0019851637, 0.0019797648, 0.0019754886, 0.0019646774, 0.001950957, 0.0019426341, 0.001920523, 0.001889006, 0.0018497851, 0.0018274555, 0.0017776584, 0.0017168856, 0.0016812776, 0.0015999997, 0.0015082302, 0.0014605069, 0.0013616014, 0.0012575462, 0.0011471785, 0.0010898553, 0.00097459345, 0.0008661504, 0.0008171403, 0.0007325934, 0.0006652211, 0.0006085863, 0.000581386, 0.00052394817, 0.00045709196, 0.0004189917, 0.00033390685, 0.00023901665, 0.00018888351, 8.531302e-05, -2.0097068e-05, -0.00012512863, -0.00017759466, -0.0002818042, -0.00038503233, -0.00043643863, -0.00053794234, -0.00063558045, -0.0007262835, -0.0007678259, -0.0008417008, -0.0009067516, -0.0009406286, -0.0010327961, -0.0011901002
0, 0, 0, 0, 0, 0, 0, 0, 0, 0, 0, 0, 0, 0, 0, 0, 0, 0, 0, -7.6110773e-06, -0.0007664011, -0.0010815968, -0.0014228029, -0.0016183034, -0.0016849661, -0.0017753589, -0.0018322772, -0.0018750563, -0.0018943838, -0.0019297312, -0.001952421, -0.0019552188, -0.0019364142, -0.0018798743, -0.0017909385, -0.001738376, -0.0016231317, -0.0015004295, -0.0014373353, -0.0013074491, -0.0011664426, -0.0010904556, -0.0009256961, -0.0007485329, -0.00056541094, -0.0004730182, -0.0002888888, -0.00011026006, -2.4068531e-05, 0.00014060845, 0.00029772223, 0.00044566256, 0.00051640905, 0.00065190793, 0.00078169955, 0.0008439939, 0.0009625083, 0.0010747175, 0.0011278738, 0.0012269156, 0.0013141559, 0.0013891007, 0.0014230133, 0.001485795, 0.0015482056, 0.0015798451, 0.0016417906, 0.0016992588, 0.0017504817, 0.0017738335, 0.0018171675, 0.0018549227, 0.0018720694, 0.0019027375, 0.0019277664, 0.0019446647, 0.0019493559, 0.0019511775, 0.0019461346, 0.0019418505, 0.0019291198, 0.0019100162, 0.0018983379, 0.0018719907, 0.0018458578, 0.0018213959, 0.001810393, 0.00179129, 0.001777782, 0.0017728538, 0.001767693, 0.0017694973, 0.0017785759, 0.0017854926, 0.0018031254, 0.001824585, 0.0018363739, 0.0018626321, 0.0018891406, 0.0019022089, 0.0019260984, 0.001947746, 0.0019642755, 0.0019698867, 0.0019753869, 0.0019738914, 0.0019704653, 0.001954912, 0.0019270778, 0.0018872154, 0.0018636913, 0.0018084545, 0.0017398262, 0.0016993156, 0.0016064374, 0.0015004338, 0.00144444, 0.0013275116, 0.0012036639, 0.0010710463, 0.0010015971, 0.0008597797, 0.0007217337, 0.00065726147, 0.00054073316, 0.00044231152, 0.00035788436, 0.00031870577, 0.00024074271, 0.00015874943, 0.00011463114, 1.9392499e-05, -8.49389e-05, -0.00014012305, -0.0002553266, -0.00037597498, -0.0005005597, -0.000563933, -0.0006913765, -0.00081774313, -0.00087911374, -0.0009955541, -0.0010981789, -0.0011805295, -0.0012123894, -0.0012556259, -0.0012767423, -0.001284829, -0.0013237842, -0.0014434565
0, 0, 0, 0, 0, 0, 0, 0, 0, 0, 0, 0, 0, 0, 0, 0, 0, 0, 0.002013906, 0.0010027878, 0.0003346137, 0.000105891384, -0.00024573584, -0.0005461048, -0.000681592, -0.00091071794, -0.0010830801, -0.0012148735, -0.0012720478, -0.0013772305, -0.0014705613, -0.001509958, -0.0015672805, -0.0015886282, -0.0015753454, -0.001557854, -0.0015081717, -0.0014470399, -0.0014139529, -0.0013432261, -0.0012639117, -0.0012192549, -0.0011161449, -0.0009986827, -0.0008727589, -0.0008084598, -0.0006764209, -0.0005459031, -0.00048213472, -0.00035999424, -0.00024646192, -0.00014293732, -9.51561e-05, -4.7714307e-06, 8.27331e-05, 0.0001256959, 0.00020808032, 0.00028504804, 0.0003211772, 0.0003866638, 0.00044470959, 0.0004978006, 0.0005233603, 0.00057457277, 0.0006285983, 0.00065669493, 0.00071442896, 0.00077171763, 0.0008276793, 0.0008556502, 0.00091132004, 0.00096718234, 0.0009948491, 0.0010486137, 0.0010965803, 0.0011354878, 0.0011511877, 0.0011758265, 0.0011945945, 0.0012016486, 0.0012098156, 0.0012115433, 0.001210949, 0.001208159, 0.0012069356, 0.0012084688, 0.0012106518, 0.0012193338, 0.0012339563, 0.0012439345, 0.0012708487, 0.0013065295, 0.0013503709, 0.0013747602, 0.0014274368, 0.0014840186, 0.0015135591, 0.0015732931, 0.0016315872, 0.0016589657, 0.0017104411, 0.0017565537, 0.0017941765, 0.001808822, 0.0018296828, 0.0018400447, 0.001840874, 0.0018319786, 0.0018071246, 0.0017665308, 0.0017410042, 0.0016801925, 0.0016030116, 0.0015576473, 0.0014530454, 0.001333076, 0.0012691369, 0.0011352369, 0.0009928752, 0.00084048277, 0.0007603173, 0.0005949246, 0.00043069353, 0.00035188504, 0.00020666097, 8.0712096e-05, -2.763219e-05, -7.67043e-05, -0.0001695784, -0.00026152018, -0.000308717, -0.00040898225, -0.00051802077, -0.00057640387, -0.00070014363, -0.0008331628, -0.000973421, -0.0010451532, -0.0011892339, -0.0013280154, -0.0013928607, -0.0015072994, -0.001594061, -0.0016449763, -0.0016554827, -0.001646707, -0.0016065335, -0.0015823642, -0.0015593147, -0.001634572
0, 0, 0, 0, 0, 0, 0, 0, 0, 0, 0, 0, 0, 0, 0, 0, 0, 0.0028969462, 0.0023061724, 0.001630393, 0.0012497603, 0.0011082999, 0.00084516243, 0.0005737046, 0.00043889295, 0.00018742503, -2.3948562e-05, -0.00019697276, -0.00027511205, -0.00042246326, -0.00056294684, -0.00062885915, -0.0007442256, -0.00083118817, -0.00088674674, -0.00090412365, -0.0009231999, -0.00092718797, -0.00092632265, -0.0009185277, -0.0009026955, -0.00089018286, -0.00085349736, -0.00080390787, -0.000745332, -0.0007140139, -0.00064799, -0.00057911593, -0.0005449939, -0.0004801927, -0.00042304024, -0.00037531348, -0.00035573952, -0.0003211292, -0.00028766727, -0.00027107456, -0.00024047079, -0.00021614118, -0.0002059494, -0.00019107822, -0.00017982298, -0.00016686464, -0.0001584967, -0.00013751269, -0.000111160465, -9.575501e-05, -6.228898e-05, -2.3969942e-05, 1.988941e-05, 4.442631e-05, 9.823592e-05, 0.00015654399, 0.00018690297, 0.00024712237, 0.00030390552, 0.00035285827, 0.00037461083, 0.0004143161, 0.00044976376, 0.00046490424, 0.00049022643, 0.0005101945, 0.000519121, 0.00053761585, 0.00055739225, 0.00057769485, 0.00058966025, 0.00061782834, 0.000652181, 0.0006726942, 0.0007211448, 0.0007787498, 0.0008443549, 0.0008799707, 0.00095602433, 0.0010362688, 0.0010771706, 0.0011590837, 0.0012386282, 0.001275838, 0.0013459552, 0.0014091573, 0.0014616576, 0.0014829225, 0.0015153226, 0.0015347473, 0.0015392241, 0.0015366643, 0.0015154679, 0.0014766924, 0.0014511457, 0.0013892896, 0.0013097127, 0.0012630699, 0.0011546134, 0.0010302418, 0.00096372754, 0.0008243511, 0.00067724875, 0.00051967363, 0.0004367917, 0.000264497, 9.087272e-05, 6.62996e-06, -0.00015062919, -0.00028781078, -0.00040394344, -0.0004556487, -0.000550706, -0.00064209744, -0.0006886923, -0.000787697, -0.00089798105, -0.00095817586, -0.001088278, -0.0012304486, -0.001379466, -0.001454699, -0.001601468, -0.0017330757, -0.0017894893, -0.0018766978, -0.0019218398, -0.0019191477, -0.0018997203, -0.0018285498, -0.0017279553, -0.0016760303, -0.0016050057, -0.0016448323
0, 0, 0, 0, 0, 0, 0, 0, 0, 0, 0, 0, 0, 0, 0, 0, 0.0034620664, 0.0026632673, 0.0024098118, 0.0021272218, 0.0019890356, 0.0019290264, 0.001786108, 0.0016045667, 0.001504748, 0.0013058573, 0.0011244994, 0.00096409046, 0.00088946207, 0.00073959446, 0.00059028994, 0.0005164033, 0.00037797182, 0.00025590032, 0.00015788013, 0.00011691264, 4.913971e-05, -4.9493506e-06, -2.7880411e-05, -6.943807e-05, -0.000105329345, -0.00011999175, -0.0001408386, -0.00015119533, -0.00015440737, -0.00015414906, -0.00014986542, -0.00014145792, -0.00013714682, -0.000131722, -0.00013256626, -0.00014131865, -0.00014908686, -0.0001703743, -0.00019544999, -0.00020839687, -0.00023924395, -0.00027722126, -0.00029776522, -0.0003410515, -0.00038346645, -0.00041932557, -0.00043421585, -0.0004576339, -0.00047353396, -0.00047856197, -0.0004836609, -0.00048085515, -0.00046669794, -0.0004546551, -0.0004217004, -0.0003799038, -0.0003571232, -0.00030958114, -0.0002615337, -0.00021513678, -0.00019267244, -0.0001479225, -0.000105402774, -8.5883235e-05, -5.0608138e-05, -1.8200888e-05, -2.9507291e-06, 2.712591e-05, 5.6414592e-05, 8.4544175e-05, 9.870445e-05, 0.00013086619, 0.0001672888, 0.0001883244, 0.00023666242, 0.00029274478, 0.00035718956, 0.00039261594, 0.0004694446, 0.0005505902, 0.0005920753, 0.0006763275, 0.00075894373, 0.0007981249, 0.00087184616, 0.00093898585, 0.00099579, 0.0010193273, 0.0010563754, 0.001080402, 0.0010878515, 0.0010910562, 0.0010760968, 0.0010440286, 0.0010223412, 0.00096850464, 0.000899018, 0.0008577419, 0.0007613206, 0.00065071916, 0.0005916937, 0.00046967715, 0.00034208005, 0.00020565621, 0.00013371282, -1.7048744e-05, -0.00017148729, -0.00024682644, -0.00038748246, -0.0005088816, -0.00060972513, -0.00065403373, -0.00073520106, -0.00081491534, -0.00085710443, -0.0009506189, -0.0010599983, -0.0011211648, -0.0012546079, -0.0013984138, -0.0015440871, -0.00161439, -0.0017414443, -0.0018394745, -0.0018735465, -0.0019063038, -0.0018876411, -0.0018188123, -0.0017678578, -0.0016428344, -0.001505585, -0.001442997, -0.0013622801, -0.0013927848
0, 0, 0, 0, 0, 0, 0, 0, 0, 0, 0, 0, 0, 0, 0, 0.0033537091, 0.0028297312, 0.002534871, 0.0024730836, 0.002454803, 0.0024833237, 0.0024883868, 0.0024610225, 0.0023843672, 0.0023335675, 0.0022224453, 0.0021142785, 0.002011329, 0.0019591823, 0.0018464294, 0.0017234765, 0.0016600227, 0.0015342847, 0.0014157603, 0.0013102085, 0.0012624844, 0.0011777427, 0.0011034469, 0.0010695913, 0.0010052045, 0.00094282354, 0.0009124663, 0.00085621333, 0.0008067012, 0.0007614624, 0.00074003194, 0.0007009556, 0.00066477805, 0.0006459874, 0.0006047708, 0.00055757316, 0.0005038369, 0.0004741883, 0.00040776277, 0.0003339354, 0.00029363862, 0.00020693586, 0.00011327369, 6.565326e-05, -2.6778092e-05, -0.0001143617, -0.000194567, -0.00023232025, -0.00030286674, -0.0003662328, -0.0003954375, -0.0004467087, -0.00048723383, -0.0005141353, -0.000521017, -0.00052377273, -0.0005146071, -0.0005072408, -0.00048698872, -0.00046018686, -0.00042714647, -0.00040830384, -0.0003685239, -0.00032825588, -0.00030865162, -0.000271767, -0.00023516739, -0.00021784146, -0.0001863081, -0.00015959266, -0.00013808504, -0.00012915059, -0.0001121949, -9.61676e-05, -8.75305e-05, -6.739369e-05, -4.1731266e-05, -8.933092e-06, 1.1075957e-05, 5.789446e-05, 0.00011053569, 0.00013905237, 0.00019964816, 0.00026218826, 0.0002925873, 0.00035107983, 0.00040564555, 0.00045399103, 0.00047439503, 0.00050754775, 0.00053168193, 0.00054028013, 0.00054892956, 0.00054396543, 0.0005259971, 0.00051285553, 0.00047939178, 0.00043551484, 0.00040861437, 0.00034569224, 0.0002734087, 0.00023536572, 0.00015907198, 8.127414e-05, -1.4113614e-06, -4.5838082e-05, -0.00014135819, -0.00024188992, -0.00029122495, -0.00038276293, -0.00046050875, -0.0005239313, -0.0005520077, -0.0006060819, -0.0006672969, -0.00070306996, -0.0007887406, -0.0008949853, -0.0009547549, -0.0010840968, -0.0012166405, -0.0013400756, -0.0013934135, -0.0014745749, -0.0015113311, -0.0015105462, -0.0014681751, -0.0013753753, -0.0012443282, -0.0011698217, -0.0010190399, -0.000889469, -0.0008425771, -0.000808103, -0.00086869946
0, 0, 0, 0, 0, 0, 0, 0, 0, 0, 0, 0, 0, 0.0027035302, 0.0025340482, 0.002476923, 0.0023846996, 0.002391818, 0.0024303186, 0.002546046, 0.0026674075, 0.0027165494, 0.0027773904, 0.0027914445, 0.0027857441, 0.0027660495, 0.0027439645, 0.002719931, 0.0027037214, 0.0026540882, 0.0025817675, 0.0025394668, 0.0024502967, 0.0023616538, 0.002277973, 0.0022393048, 0.002168232, 0.0021034817, 0.0020728044, 0.002012575, 0.001951435, 0.0019195683, 0.0018558291, 0.0017934021, 0.0017315969, 0.0017011899, 0.0016419998, 0.0015851842, 0.0015545511, 0.0014892133, 0.0014166567, 0.0013391192, 0.0012970271, 0.0012060775, 0.0011032992, 0.001047496, 0.0009279986, 0.0008023636, 0.000739619, 0.0006195711, 0.000505708, 0.00039666094, 0.00034223901, 0.00023472107, 0.00013100349, 8.159389e-05, -9.541726e-06, -8.880206e-05, -0.00015392674, -0.0001807745, -0.00022338264, -0.0002528522, -0.0002631551, -0.00027473105, -0.00027350767, -0.00026016927, -0.00024890358, -0.00022112686, -0.00018954661, -0.00017300552, -0.00013848412, -0.00010274131, -8.5854954e-05, -5.7975616e-05, -3.989545e-05, -3.3325756e-05, -3.4102803e-05, -4.5072626e-05, -6.7526315e-05, -8.1667655e-05, -0.00011330167, -0.00014526519, -0.00017355912, -0.00018474419, -0.00020027021, -0.00020651352, -0.00020564196, -0.00019590928, -0.00017890461, -0.0001684102, -0.00014491752, -0.000119287804, -9.296026e-05, -8.0863094e-05, -5.9490376e-05, -4.0337432e-05, -3.1868218e-05, -1.731762e-05, -8.0972395e-06, -4.491182e-06, -3.8007693e-06, -4.1381318e-06, -6.665743e-06, -9.571041e-06, -1.7462131e-05, -2.6578236e-05, -2.9688232e-05, -3.2315427e-05, -3.0038635e-05, -2.8452585e-05, -2.9935341e-05, -3.9181705e-05, -5.5750676e-05, -6.487601e-05, -8.340023e-05, -9.850928e-05, -0.000112042544, -0.00012016798, -0.00014426434, -0.0001864885, -0.00021599409, -0.00029294283, -0.00039158674, -0.00044569024, -0.0005575624, -0.00066069234, -0.00073856005, -0.00076250394, -0.0007731393, -0.0007285498, -0.0006846036, -0.0005599886, -0.0003995045, -0.00022747669, -0.00014609445, -1.3667662e-05, 5.2321106e-05, 5.193163e-05, -2.1750466e-05, -0.00015835973
0, 0, 0, 0, 0, 0, 0, 0, 0, 0, 0, 0, 0.0004449844, 0.0012296059, 0.0014942671, 0.0017903126, 0.0019748327, 0.002133197, 0.0022109435, 0.002370133, 0.0025249044, 0.0025947818, 0.0027087275, 0.0027846533, 0.0028128892, 0.002861057, 0.002911811, 0.0029627983, 0.0029839342, 0.0030048585, 0.002991082, 0.0029743107, 0.002930432, 0.0028818862, 0.0028356088, 0.0028135953, 0.0027734288, 0.0027348453, 0.0027150197, 0.0026751778, 0.0026336787, 0.0026111908, 0.002561257, 0.0025068738, 0.0024498417, 0.0024199567, 0.002363223, 0.002307888, 0.002278131, 0.0022129945, 0.0021388482, 0.0020599912, 0.0020173835, 0.0019234949, 0.0018183507, 0.0017611391, 0.0016388381, 0.0015116408, 0.0014484184, 0.0013272646, 0.0012089758, 0.0010907645, 0.0010299848, 0.0009072672, 0.00078499067, 0.00072595064, 0.0006141716, 0.0005129688, 0.00042325625, 0.00038261595, 0.00030930585, 0.00024753538, 0.00022207713, 0.00018235912, 0.00016054454, 0.00015474054, 0.00015685897, 0.00016962332, 0.00019144405, 0.00020535529, 0.000237821, 0.00027343223, 0.0002903649, 0.00031840947, 0.00033387088, 0.00033273437, 0.00032427208, 0.00029004717, 0.00023061989, 0.00019226542, 0.000102836166, 6.709655e-07, -0.00010682559, -0.00015988728, -0.0002605037, -0.00034964865, -0.0003887133, -0.0004543339, -0.00050371006, -0.0005231418, -0.0005520608, -0.00056917407, -0.000576592, -0.0005773222, -0.0005737185, -0.0005633435, -0.00055554, -0.00053466455, -0.00050781696, -0.00047609126, -0.00045750066, -0.00041497246, -0.00036367262, -0.00033488838, -0.00027030217, -0.00019586891, -0.00015370485, -5.9931474e-05, 4.3608085e-05, 0.00014925348, 0.00020017542, 0.00029431205, 0.00037505358, 0.00041010388, 0.00047064864, 0.0005169071, 0.00054689054, 0.0005544681, 0.0005504658, 0.0005197229, 0.0004942394, 0.00042621596, 0.00034320232, 0.0003001785, 0.00022229014, 0.00016936714, 0.00015845432, 0.00017333133, 0.0002482894, 0.00038294468, 0.0004692491, 0.0006660747, 0.0008697924, 0.0010455048, 0.0011096944, 0.001169281, 0.0011121094, 0.0010347749, 0.0007974806, 0.0005402754
0, 0, 0, 0, 0, 0, 0, 0, 0, 0, 0, -0.0024301596, -0.00085877575, 0.00015317669, 0.00052872446, 0.001079544, 0.0014469831, 0.0016909349, 0.0017843314, 0.001943022, 0.0020918923, 0.0021633497, 0.0022980683, 0.0024074516, 0.0024529356, 0.0025396203, 0.0026344499, 0.0027393987, 0.0027901249, 0.0028706864, 0.002910859, 0.0029170238, 0.0029130678, 0.0029011755, 0.0028878115, 0.0028832976, 0.0028755944, 0.0028651077, 0.0028578062, 0.0028409315, 0.002821763, 0.0028114053, 0.0027839218, 0.0027465941, 0.0027032376, 0.0026809087, 0.0026372084, 0.0025972575, 0.002576548, 0.0025286304, 0.0024719264, 0.0024089343, 0.0023738593, 0.0022942047, 0.00220403, 0.0021557386, 0.0020539213, 0.0019495112, 0.0018978507, 0.0017955175, 0.0016911391, 0.0015828065, 0.0015264548, 0.001413009, 0.001298455, 0.0012427523, 0.0011349509, 0.0010323847, 0.00093616, 0.00089058, 0.0008034823, 0.00072488893, 0.0006903703, 0.00063290773, 0.000593943, 0.0005715416, 0.0005654928, 0.00056442374, 0.00057685166, 0.0005885404, 0.00061943213, 0.0006573535, 0.0006771582, 0.0007151906, 0.00074576103, 0.0007594342, 0.00075675984, 0.0007264659, 0.0006592046, 0.00061105256, 0.00048640542, 0.0003306799, 0.0001520731, 5.8289537e-05, -0.0001304305, -0.00031141817, -0.0003962254, -0.0005502898, -0.00067982497, -0.0007352518, -0.0008280465, -0.0008981065, -0.00094556645, -0.0009616627, -0.0009800135, -0.0009807574, -0.00097422476, -0.0009463195, -0.000900259, -0.00083713926, -0.0007987602, -0.00070831366, -0.0005962235, -0.0005315204, -0.00038451643, -0.00021502606, -0.00012233108, 7.627627e-05, 0.0002860179, 0.0004954336, 0.0005965481, 0.00078443874, 0.00094649417, 0.0010156641, 0.00112976, 0.0012093962, 0.0012545186, 0.001264571, 0.0012600698, 0.0012283918, 0.0012044902, 0.001146845, 0.0010890206, 0.001064455, 0.0010361209, 0.001048901, 0.0011174703, 0.0011752197, 0.0013382215, 0.0015532202, 0.0016722238, 0.0019117475, 0.0021163556, 0.0022395195, 0.0022572866, 0.0021835777, 0.0019493089, 0.0017732743, 0.0013384416, 0.000929626
0, 0, 0, 0, 0, 0, 0, 0, 0, 0, -0.007251539, -0.0049307006, -0.0025033068, -0.0011656677, -0.000655095, 0.00015037331, 0.00070522976, 0.0010475755, 0.0011599413, 0.0013167319, 0.0014425929, 0.0015073589, 0.0016381069, 0.0017586655, 0.0018119899, 0.0019128171, 0.002023685, 0.0021536832, 0.0022218183, 0.0023437813, 0.002423941, 0.0024471723, 0.0024719, 0.0024816666, 0.0024913165, 0.0024981305, 0.0025128827, 0.0025217226, 0.0025223822, 0.0025199333, 0.0025155284, 0.002513369, 0.0025043339, 0.002485483, 0.002456504, 0.0024408204, 0.0024109762, 0.0023862184, 0.0023745964, 0.0023472183, 0.002311935, 0.0022706168, 0.00224621, 0.002188067, 0.0021185738, 0.0020829637, 0.0020093236, 0.0019360556, 0.0018995099, 0.0018248555, 0.0017440033, 0.0016583074, 0.0016140628, 0.0015255781, 0.0014375667, 0.001394323, 0.0013080126, 0.001220844, 0.0011335603, 0.0010908869, 0.0010064994, 0.00092775497, 0.0008911809, 0.0008272148, 0.0007764899, 0.0007394773, 0.0007260884, 0.00071088376, 0.0007111364, 0.0007170506, 0.00074067456, 0.00077701424, 0.00079992024, 0.00085314753, 0.00091282825, 0.00096674566, 0.0009864777, 0.0010034426, 0.0009801817, 0.00094937044, 0.00084726606, 0.00069087977, 0.00048703907, 0.00037140225, 0.0001239731, -0.00013113086, -0.00025656266, -0.0004946686, -0.0007046244, -0.00079729746, -0.00095775444, -0.0010841023, -0.0011745017, -0.001207212, -0.0012495886, -0.0012627757, -0.0012575666, -0.001223228, -0.0011576442, -0.0010630514, -0.0010051179, -0.00086623384, -0.0006926095, -0.00059192796, -0.00036326857, -0.00010227813, 3.7538968e-05, 0.00032758585, 0.0006210642, 0.0009015122, 0.0010327055, 0.0012671404, 0.0014564787, 0.001531765, 0.0016427635, 0.0017042015, 0.0017230345, 0.0017195392, 0.001693359, 0.0016533152, 0.0016314868, 0.0015915151, 0.0015688109, 0.0015685533, 0.0015998505, 0.0016841429, 0.0018319694, 0.0019298512, 0.0021657737, 0.0024329897, 0.0025660188, 0.0027989936, 0.0029420108, 0.002944492, 0.0028814315, 0.0026161342, 0.0021700868, 0.0018885303, 0.0012592607, 0.0006955877
0, 0, 0, 0, 0, 0, 0, 0, 0, -0.010760985, -0.0072763204, -0.0059312494, -0.0039941054, -0.0026159545, -0.002022854, -0.0010007669, -0.00024395218, 0.00023384253, 0.00038472092, 0.0005675319, 0.0006782797, 0.00073068775, 0.00084688986, 0.00096782926, 0.0010237917, 0.0011277128, 0.0012368859, 0.0013682316, 0.0014414308, 0.0015842433, 0.0016913377, 0.0017254478, 0.0017647918, 0.0017853226, 0.0018038641, 0.0018152293, 0.0018386446, 0.001854916, 0.0018574524, 0.0018564223, 0.0018552154, 0.0018550187, 0.0018535844, 0.0018459976, 0.0018284991, 0.0018173291, 0.001794939, 0.0017784222, 0.0017708214, 0.0017544318, 0.0017326825, 0.0017065333, 0.0016903625, 0.0016491815, 0.0015994614, 0.001573074, 0.0015220529, 0.0014733383, 0.0014489569, 0.0013989907, 0.0013416652, 0.0012809222, 0.0012501955, 0.001190256, 0.0011314629, 0.0011025119, 0.0010420954, 0.0009766878, 0.00090820866, 0.00087322923, 0.0008029214, 0.00073503755, 0.00070216006, 0.0006384527, 0.00057977426, 0.00052968616, 0.0005084701, 0.00047535848, 0.0004565913, 0.00045145713, 0.00045156316, 0.00047042352, 0.00048818637, 0.0005424116, 0.0006212046, 0.00071758375, 0.000767315, 0.00085988914, 0.00092780596, 0.0009454216, 0.0009370709, 0.0008608411, 0.00071295124, 0.00061432587, 0.00037675007, 0.000101207515, -4.3800974e-05, -0.00033409832, -0.00060507294, -0.0007295335, -0.00095059036, -0.0011293443, -0.0012622253, -0.0013115274, -0.0013784334, -0.0014038652, -0.0014006937, -0.0013608746, -0.0012773052, -0.0011537091, -0.0010778365, -0.0008954002, -0.0006681444, -0.0005370213, -0.00024189606, 8.47982e-05, 0.00025369323, 0.0005901157, 0.0009063422, 0.0011848529, 0.0013051723, 0.0015016793, 0.0016343052, 0.0016767356, 0.0017177173, 0.0017118749, 0.0016756939, 0.0016521716, 0.001603978, 0.0015643043, 0.0015504451, 0.0015411705, 0.0015645615, 0.0015911909, 0.001684164, 0.0018356357, 0.0020495285, 0.0021772245, 0.0024558224, 0.0027315975, 0.002850433, 0.0030102537, 0.003016522, 0.0028269861, 0.002652976, 0.0021584907, 0.0015022486, 0.0011326881, 0.00035993932, -0.00032957713
0, 0, 0, 0, 0, 0, 0, 0, -0.010309232, -0.008749723, -0.0071902894, -0.0065009654, -0.0052327886, -0.004003438, -0.0033907793, -0.0022357379, -0.0012990694, -0.0006644053, -0.00045694123, -0.00021296914, -9.759205e-05, -5.4424196e-05, 4.3358472e-05, 0.00015871381, 0.00021676088, 0.00032333547, 0.0004260704, 0.0005459934, 0.0006159931, 0.00076276046, 0.0008842029, 0.00092608377, 0.0009773079, 0.0010007886, 0.001018436, 0.0010285011, 0.0010505287, 0.0010625669, 0.0010633335, 0.0010564164, 0.0010470713, 0.001043956, 0.001040399, 0.0010326315, 0.0010182116, 0.0010087829, 0.000990045, 0.00097481307, 0.000968697, 0.0009518829, 0.00093045976, 0.0009066072, 0.0008934748, 0.0008612558, 0.0008228443, 0.0008036999, 0.0007649087, 0.0007282052, 0.00070965925, 0.00067241426, 0.000631888, 0.00059043727, 0.00056968624, 0.00053025765, 0.00049181306, 0.00047187155, 0.00043141955, 0.00038611164, 0.00033778534, 0.00031280867, 0.00026123147, 0.00020775698, 0.00018013458, 0.00012107055, 5.9745726e-05, 9.05226e-08, -2.8181219e-05, -7.915955e-05, -0.00012422042, -0.00014557403, -0.00018162082, -0.0002031412, -0.0002048562, -0.00018269794, -0.00012336618, -2.1918659e-05, 4.2422627e-05, 0.00019267705, 0.00035299748, 0.00042837753, 0.00055365794, 0.0006246975, 0.0006195021, 0.0005854713, 0.00045433952, 0.00024925242, 0.00012426918, -0.00015111297, -0.0004363628, -0.000575131, -0.0008329467, -0.0010512931, -0.001221111, -0.0012859523, -0.0013765531, -0.0014154213, -0.0014143538, -0.0013705122, -0.0012718146, -0.00112524, -0.001035316, -0.0008211339, -0.00055988337, -0.0004125219, -9.197445e-05, 0.00024196878, 0.00040428527, 0.00070262956, 0.00094622636, 0.0011212562, 0.0011816422, 0.0012494127, 0.0012534612, 0.00123623, 0.001175526, 0.0010985677, 0.0010248725, 0.0009946817, 0.0009533485, 0.00094100216, 0.0009459891, 0.0009802482, 0.0010524658, 0.0011060692, 0.001252867, 0.0014576386, 0.0017150044, 0.001856185, 0.0021364258, 0.0023627637, 0.0024338174, 0.0024469064, 0.0022457063, 0.001811805, 0.0015146985, 0.00079769903, -1.4464697e-05, -0.00043109932, -0.0012513819, -0.0020086814
0, 0, 0, 0, 0, 0, -0.0076545, -0.007058476, -0.0072930483, -0.007165502, -0.0069379197, -0.0067367163, -0.006092183, -0.005129266, -0.0045614075, -0.003381642, -0.0023266694, -0.0015470233, -0.0012762846, -0.0009431797, -0.00079993426, -0.00075939833, -0.00067881646, -0.0005728393, -0.0005138786, -0.00039965057, -0.00029961093, -0.00019362113, -0.00013035533, 9.3847975e-06, 0.0001373132, 0.0001862751, 0.0002476016, 0.00027506126, 0.00029129002, 0.00029936936, 0.00031460333, 0.00032002118, 0.00031699552, 0.00030204834, 0.0002840926, 0.0002757449, 0.0002609182, 0.00024451036, 0.00022393414, 0.00021322013, 0.00019365817, 0.00017772506, 0.00016983795, 0.00015024719, 0.0001245423, 9.470729e-05, 7.990153e-05, 4.9134334e-05, 1.5206516e-05, -8.073905e-07, -3.4797456e-05, -6.946486e-05, -8.805734e-05, -0.00012364106, -0.00015952888, -0.00019294959, -0.0002082116, -0.0002368503, -0.00026659545, -0.00028130482, -0.0003118066, -0.00034386766, -0.00037697243, -0.00039372387, -0.00042879346, -0.00046791235, -0.00049001176, -0.0005401657, -0.00059729966, -0.000657749, -0.00068853894, -0.00075155037, -0.0008178968, -0.0008519751, -0.0009241069, -0.0009925207, -0.0010217738, -0.0010620622, -0.001064611, -0.0010150528, -0.00096800557, -0.0008288825, -0.0006380837, -0.0005303317, -0.00030479004, -9.0489346e-05, 7.792191e-05, 0.00013602157, 0.00018901631, 0.00014986486, 9.6498225e-05, -6.7849294e-05, -0.00028429262, -0.00040379536, -0.0006463252, -0.0008722412, -0.0010599621, -0.0011357521, -0.0012462372, -0.0012980262, -0.001300212, -0.0012561997, -0.001150737, -0.0009955375, -0.000901351, -0.00068333367, -0.00043055284, -0.00029556095, -2.2691669e-05, 0.00022729053, 0.00033306942, 0.0004926394, 0.0005704414, 0.00056715246, 0.00053951505, 0.0004442702, 0.00031844145, 0.00025307917, 0.00013161528, 3.9831695e-05, -1.22392985e-05, -2.2998454e-05, -1.6963968e-05, 1.883231e-05, 4.639819e-05, 0.00012236835, 0.0002343601, 0.00030711794, 0.00049231906, 0.00072934804, 0.0010000387, 0.0011354432, 0.0013661226, 0.0014809481, 0.0014703879, 0.001274561, 0.00082439935, 0.0001407359, -0.0002650327, -0.0011402243, -0.0020039005, -0.0024056607, -0.003156174, -0.003908282
0, 0, 0, 0, 0, -0.0046577463, -0.004455895, -0.0046053664, -0.005184835, -0.00590393, -0.006479625, -0.0066218735, -0.006512862, -0.0058838497, -0.005416407, -0.004321487, -0.003230801, -0.002346622, -0.0020147462, -0.001581667, -0.0013882399, -0.0013427143, -0.0012756827, -0.0011826869, -0.0011229102, -0.0009991803, -0.0008928546, -0.00079636707, -0.0007418567, -0.00061395194, -0.00048327187, -0.0004288795, -0.00035565312, -0.00031937484, -0.00030044923, -0.00029155557, -0.00027912937, -0.00028001284, -0.0002857104, -0.0003050068, -0.00032766754, -0.00034010387, -0.00036490927, -0.00039506354, -0.00042721565, -0.0004419369, -0.000464285, -0.0004817323, -0.00049103546, -0.000513145, -0.00054258306, -0.00057642296, -0.00059421017, -0.00062864914, -0.00066185044, -0.0006784359, -0.0007124444, -0.00074884517, -0.00076876034, -0.00080969714, -0.0008478525, -0.00088123174, -0.00089618744, -0.0009237916, -0.0009522356, -0.0009662321, -0.0009927567, -0.0010188088, -0.0010431651, -0.0010551397, -0.0010784332, -0.0011057907, -0.0011216713, -0.0011595909, -0.0012063162, -0.0012575525, -0.0012857671, -0.0013467143, -0.0014162422, -0.0014560282, -0.0015441285, -0.0016448539, -0.0016977205, -0.0017996761, -0.0018813915, -0.0019195961, -0.0019164189, -0.00185543, -0.001718983, -0.0016234869, -0.0013868832, -0.0011097767, -0.00082586595, -0.00069192506, -0.00046007754, -0.00029843734, -0.00024998025, -0.00021982254, -0.00027181493, -0.00032327752, -0.00046224103, -0.00062339316, -0.00077788276, -0.0008451665, -0.00095154153, -0.0010078686, -0.0010150542, -0.0009845562, -0.00090276654, -0.0007799106, -0.0007069129, -0.00054403563, -0.00037450134, -0.00029476322, -0.00016235703, -8.458275e-05, -7.2590636e-05, -0.00010530872, -0.00021440165, -0.00038542008, -0.00048459377, -0.0006886401, -0.0008691214, -0.00094006775, -0.0010362904, -0.0010672159, -0.0010459275, -0.0010221452, -0.0009569628, -0.00088064844, -0.00083918485, -0.00074148853, -0.0006100032, -0.00052643643, -0.0003211122, -7.470452e-05, 0.00017513707, 0.00028240858, 0.0004126952, 0.00036114638, 0.00024462075, -0.00019274418, -0.00089087914, -0.0017770147, -0.0022530144, -0.0031786873, -0.003965746, -0.0042879856, -0.004849317, -0.0055142473
0, 0, 0, -0.008604846, -0.006779611, -0.0038245714, -0.0030852756, -0.0031737103, -0.003880206, -0.0049325344, -0.0059312955, -0.0062973844, -0.0066174353, -0.0063378736, -0.006001711, -0.0050698924, -0.004013733, -0.0030679866, -0.0026864144, -0.0021485114, -0.0018881072, -0.0018293366, -0.0017658994, -0.0016870119, -0.001629735, -0.0014959502, -0.0013753036, -0.0012786953, -0.0012295916, -0.001111355, -0.0009802917, -0.0009217267, -0.00083445234, -0.0007851254, -0.0007564549, -0.0007448538, -0.00072795333, -0.0007297246, -0.00073794945, -0.0007592275, -0.00078120513, -0.00079391646, -0.0008252268, -0.0008647792, -0.0009079229, -0.00092685013, -0.0009560748, -0.0009786263, -0.000989984, -0.0010157679, -0.0010437038, -0.0010778798, -0.0010960628, -0.0011336253, -0.0011700816, -0.0011887732, -0.0012267911, -0.0012674204, -0.0012892954, -0.0013331486, -0.0013753115, -0.0014131446, -0.0014313557, -0.0014644958, -0.0014957052, -0.0015105999, -0.0015372898, -0.0015616538, -0.0015828991, -0.0015934384, -0.001612252, -0.0016311456, -0.0016414901, -0.001666721, -0.0016988295, -0.0017360689, -0.0017576615, -0.0018062713, -0.0018644822, -0.0018986408, -0.0019824621, -0.0020894075, -0.002152437, -0.002293707, -0.002438803, -0.0025632645, -0.0026093975, -0.0026551497, -0.0026203978, -0.0025690682, -0.002397693, -0.0021457127, -0.0018380275, -0.0016719485, -0.00133661, -0.0010269439, -0.00089002197, -0.00066267437, -0.00050561124, -0.00045305025, -0.0003925087, -0.00037227786, -0.00037445858, -0.00038067703, -0.00039859174, -0.00042067826, -0.00043305516, -0.00046067472, -0.00048848905, -0.00050491426, -0.0005065004, -0.00049954763, -0.00050062453, -0.0005122554, -0.00057182525, -0.0006828195, -0.00075917726, -0.0009491435, -0.001186633, -0.0014507357, -0.0015806083, -0.0018064585, -0.0019544216, -0.0019924222, -0.001998503, -0.0019325269, -0.0018299184, -0.0017755079, -0.0016751182, -0.0015881734, -0.0015456027, -0.0014480595, -0.0013104898, -0.0012218799, -0.0010075617, -0.00077035744, -0.0005701072, -0.00050828204, -0.0005184357, -0.00077208225, -0.0010054021, -0.001687524, -0.0026019483, -0.003624658, -0.004126614, -0.0050050155, -0.005611723, -0.0058038444, -0.006072766, -0.0065385173
0, 0, 0, -0.0068183653, -0.0056342008, -0.0034711382, -0.002629729, -0.002645384, -0.0032861135, -0.0044064927, -0.0056026704, -0.0061073774, -0.00674444, -0.0067700525, -0.0065595387, -0.0057973526, -0.0047941604, -0.003803072, -0.0033742283, -0.0027281337, -0.0023828365, -0.0022997006, -0.0022238484, -0.0021546306, -0.002098923, -0.0019554247, -0.0018143435, -0.0017059774, -0.0016557265, -0.0015408217, -0.0014071753, -0.001343142, -0.0012391594, -0.0011744474, -0.0011310637, -0.0011128942, -0.0010872238, -0.0010873683, -0.0010961307, -0.001118831, -0.0011402174, -0.0011519955, -0.0011845033, -0.0012296822, -0.0012810105, -0.0013047932, -0.001340753, -0.0013712383, -0.001387566, -0.0014196229, -0.0014481333, -0.001479029, -0.0014966232, -0.0015346258, -0.0015756207, -0.0015984013, -0.0016459208, -0.0016927092, -0.0017171206, -0.0017661272, -0.0018118763, -0.0018556003, -0.0018768889, -0.0019185274, -0.001955793, -0.0019726397, -0.0020028865, -0.0020293754, -0.0020536308, -0.0020643715, -0.0020831903, -0.0020993713, -0.002106064, -0.0021219, -0.0021429854, -0.0021690587, -0.0021847088, -0.0022196271, -0.0022621765, -0.002288435, -0.0023572969, -0.0024585372, -0.0025236763, -0.0026821122, -0.0028677806, -0.0030585714, -0.003146353, -0.0032868136, -0.0033534546, -0.0033511189, -0.003264186, -0.0030727058, -0.0027871183, -0.0026167368, -0.0022414497, -0.0018501123, -0.0016572613, -0.0012909012, -0.0009636651, -0.0008142815, -0.00052958506, -0.00023526407, 8.177739e-05, 0.00024094469, 0.00051520526, 0.0006487625, 0.0006353894, 0.00044341362, 0.000104098915, -0.00024681506, -0.00039654152, -0.00063551817, -0.0008354602, -0.00093587657, -0.0011563904, -0.0014029705, -0.0015356566, -0.0018186552, -0.0021225403, -0.0024215474, -0.0025542, -0.0027518342, -0.0028292274, -0.0028200622, -0.0027248226, -0.0025686882, -0.0024072165, -0.0023366492, -0.002226911, -0.0021488601, -0.0021120692, -0.00201873, -0.0018729309, -0.0017771227, -0.0015517932, -0.0013292286, -0.0011899028, -0.0011825518, -0.0013496389, -0.0018169605, -0.0021702456, -0.0030910086, -0.0042024967, -0.0053367447, -0.005851053, -0.006657725, -0.007064178, -0.0071104723, -0.007020037, -0.0071150134

