0, 0, 0, 0, 0, 0, 0, 0, 0, 0, 0, 0, 0, 0, 0, 0, 0, 0, 0, 0, 0, 0, 0, 0, 0, 0, 0, 0, 0, 0, 0, 0, 0, 0, 0, 0, 0, 0, 0, 0, 0, 0, 0, 0, 0, 0, 0, 0, 0, 0, 0, 0, 0, 0, 0, 0, 0, 0, 0, 0, 0, 0, 0, 0, 0, 0, 0, 0, 0, 0, 0, 0, 0, 0, 0.0035358935, 0.0042497288, 0.0044251983, 0.0043652216, 0.003892664, 0.0035545025, 0.002742145, 0.0018022264, 0.0013031808, 0.0002862151, -0.00071287144, -0.001657251, -0.002102683, -0.0029198444, -0.0036055932, -0.003887711, -0.004311212, -0.0045351447, -0.0045682834, -0.004519641, -0.0043093427, -0.0039788177, -0.0037832882, -0.003374377, -0.00299944, -0.0028451968, -0.0026264847, -0.0025316263, -0.0025347595, -0.002560184, -0.0026345782, -0.0027198892, -0.0027610464, -0.0028384686, -0.0029020228, -0.0029447384, -0.0029584542, -0.0029755828, -0.0029906086, -0.0030034052, -0.0030455727, -0.0031252683, -0.003184496, -0.0033552798, -0.0036143977, -0.003972988, -0.004190897, -0.0046917647, -0.0052321334, -0.005487763, -0.0058874865, -0.006016604, -0.00575808, -0.0054668817, -0.0045854254, -0.0033982503, -0.0027409706, -0.0014222423, -0.0002581736, 0.00020788406, 0.0007947986, 0.0008020372, 0.00014849166, -0.0004248687, -0.002002166, -0.00400583, -0.0050956164, -0.007298002, -0.009317144, -0.010896529, -0.011444713, -0.011941315, -0.011604641, -0.011166869, -0.010017888, -0.009103534
0, 0, 0, 0, 0, 0, 0, 0, 0, 0, 0, 0, 0, 0, 0, 0, 0, 0, 0, 0, 0, 0, 0, 0, 0, 0, 0, 0, 0, 0, 0, 0, 0, 0, 0, 0, 0, 0, 0, 0, 0, 0, 0, 0, 0, 0, 0, 0, 0, 0, 0, 0, 0, 0, 0, 0, 0, 0, 0, 0, 0, 0, 0, 0, 0, 0, 0, 0, 0, 0, 0, 0, 0, -0.00047401618, 0.0011447538, 0.0020769895, 0.002407739, 0.0027841183, 0.0028073543, 0.0027086854, 0.002334939, 0.0017735368, 0.0014401447, 0.0007068237, -6.76828e-05, -0.0008400028, -0.0012163261, -0.001929294, -0.0025570453, -0.0028272467, -0.0032615499, -0.0035379992, -0.0036537636, -0.0036542956, -0.0035511283, -0.0033282505, -0.0031832322, -0.0028580043, -0.0025361055, -0.0023941018, -0.002175796, -0.0020545877, -0.0020175625, -0.0020221379, -0.002059726, -0.0021151607, -0.0021452485, -0.0022044966, -0.0022563091, -0.0022958282, -0.0023099012, -0.002329372, -0.002344033, -0.0023534545, -0.00238215, -0.0024340611, -0.0024742924, -0.0025931902, -0.00278357, -0.0030607805, -0.0032347492, -0.0036514644, -0.004126748, -0.0043642037, -0.004774395, -0.0049911905, -0.0048974887, -0.00471295, -0.004068429, -0.0031163217, -0.0025632277, -0.0014013354, -0.0003030504, 0.00016812366, 0.0008542754, 0.0010734289, 0.0007297702, 0.00033818415, -0.0008464119, -0.0024591025, -0.0033696755, -0.005270071, -0.0070941118, -0.008612694, -0.009186229, -0.009848264, -0.009810879, -0.009567009, -0.008897817, -0.008657664
0, 0, 0, 0, 0, 0, 0, 0, 0, 0, 0, 0, 0, 0, 0, 0, 0, 0, 0, 0, 0, 0, 0, 0, 0, 0, 0, 0, 0, 0, 0, 0, 0, 0, 0, 0, 0, 0, 0, 0, 0, 0, 0, 0, 0, 0, 0, 0, 0, 0, 0, 0, 0, 0, 0, 0, 0, 0, 0, 0, 0, 0, 0, 0, 0, 0, 0, 0, 0, 0, 0, -0.0036110554, -0.003069546, -0.0015626244, -0.00059786916, 0.00012832381, 0.0004530299, 0.0010217477, 0.0014390089, 0.0015776212, 0.0017003265, 0.0016155769, 0.001500799, 0.0011507305, 0.00068024907, 0.00013531938, -0.0001536708, -0.0007402335, -0.0013068558, -0.0015706846, -0.0020361783, -0.002394636, -0.0026280815, -0.0026954787, -0.002733707, -0.002648396, -0.0025658964, -0.0023408718, -0.0020767562, -0.0019451196, -0.001713966, -0.0015449021, -0.0014426985, -0.0014138588, -0.0013892892, -0.0013942533, -0.0014046615, -0.0014316171, -0.0014623478, -0.0014906869, -0.0015027171, -0.0015226047, -0.0015378912, -0.0015453156, -0.0015599421, -0.0015836073, -0.0016028675, -0.0016667425, -0.0017830814, -0.0019740663, -0.0021042067, -0.0024386933, -0.0028579987, -0.0030860906, -0.0035296376, -0.003868651, -0.00398643, -0.0039328295, -0.0035725413, -0.0028882115, -0.0024458328, -0.0014299925, -0.00035488314, 0.0001575041, 0.0010291268, 0.0015624246, 0.0016279592, 0.0014625525, 0.0007367098, -0.00045770398, -0.0011915223, -0.0028324383, -0.004546266, -0.0061266944, -0.0067975116, -0.0077785063, -0.008196314, -0.008212368, -0.008088242, -0.008339715
0, 0, 0, 0, 0, 0, 0, 0, 0, 0, 0, 0, 0, 0, 0, 0, 0, 0, 0, 0, 0, 0, 0, 0, 0, 0, 0, 0, 0, 0, 0, 0, 0, 0, 0, 0, 0, 0, 0, 0, 0, 0, 0, 0, 0, 0, 0, 0, 0, 0, 0, 0, 0, 0, 0, 0, 0, 0, 0, 0, 0, 0, 0, 0, 0, 0, 0, 0, 0, 0, -0.0059106965, -0.003940152, -0.0032542231, -0.0023393088, -0.001769694, -0.0012876322, -0.0010386948, -0.0005117643, 2.4785157e-05, 0.0002789107, 0.00072052656, 0.0010294995, 0.0011236141, 0.0011866386, 0.001093124, 0.000867352, 0.0007147749, 0.0003482292, -6.868198e-05, -0.0002846906, -0.0007080358, -0.0010897317, -0.0013969566, -0.0015156931, -0.0016743022, -0.0017197285, -0.0016999517, -0.0015846465, -0.0013941666, -0.0012826677, -0.0010560068, -0.0008520588, -0.000689667, -0.0006262943, -0.0005308032, -0.00047010003, -0.00044985983, -0.00042624847, -0.00041768, -0.00042037276, -0.00042377104, -0.00043397976, -0.000443846, -0.0004471655, -0.0004507295, -0.00045234128, -0.00045392968, -0.0004687402, -0.00051723863, -0.0006248302, -0.000709904, -0.0009577045, -0.0013089086, -0.0015175095, -0.0019715088, -0.0024048872, -0.0027123685, -0.0027850373, -0.002716044, -0.0023309872, -0.002022197, -0.0012099715, -0.00021777522, 0.00030745484, 0.0013203259, 0.002142821, 0.0026162758, 0.0026840237, 0.0024436563, 0.0017080848, 0.0011728377, -0.00016264032, -0.0017268017, -0.0033354217, -0.004092094, -0.005380533, -0.006252565, -0.0065271743, -0.0069024907, -0.0074664433
0, 0, 0, 0, 0, 0, 0, 0, 0, 0, 0, 0, 0, 0, 0, 0, 0, 0, 0, 0, 0, 0, 0, 0, 0, 0, 0, 0, 0, 0, 0, 0, 0, 0, 0, 0, 0, 0, 0, 0, 0, 0, 0, 0, 0, 0, 0, 0, 0, 0, 0, 0, 0, 0, 0, 0, 0, 0, 0, 0, 0, 0, 0, 0, 0, 0, 0, 0, 0, -0.003981, -0.0039817356, -0.0034161527, -0.0031407978, -0.00275948, -0.0024980484, -0.0022282978, -0.0020666013, -0.0016732413, -0.0011956485, -0.0009354082, -0.0004024334, 0.00010361585, 0.00033059283, 0.0007090624, 0.00096712826, 0.0010956028, 0.0011121997, 0.0010580985, 0.0009049056, 0.0007987615, 0.0005469038, 0.0002688028, -1.859158e-07, -0.000120855955, -0.00031817975, -0.0004358502, -0.00045951072, -0.00043389597, -0.00032054115, -0.0002389103, -4.4586282e-05, 0.00016229655, 0.00035626575, 0.0004442232, 0.0005979146, 0.0007229415, 0.0007757506, 0.00086199626, 0.0009247747, 0.0009647, 0.0009778889, 0.0009934182, 0.0009994758, 0.001001916, 0.0010091424, 0.0010241534, 0.0010342854, 0.0010558282, 0.0010626351, 0.0010303239, 0.0009879891, 0.0008338635, 0.00057128654, 0.0003984094, -1.6312255e-05, -0.0004800153, -0.0009078891, -0.0010775607, -0.0012634554, -0.0011826952, -0.0010306904, -0.00050235406, 0.00028561757, 0.0007539696, 0.0017645572, 0.00274358, 0.0035251137, 0.0037929325, 0.0040141107, 0.0037668787, 0.0034651274, 0.0025358726, 0.0012543118, -0.00023483211, -0.0010010981, -0.0024543398, -0.003662192, -0.004147049, -0.0049373335, -0.0057134433
0, 0, 0, 0, 0, 0, 0, 0, 0, 0, 0, 0, 0, 0, 0, 0, 0, 0, 0, 0, 0, 0, 0, 0, 0, 0, 0, 0, 0, 0, 0, 0, 0, 0, 0, 0, 0, 0, 0, 0, 0, 0, 0, 0, 0, 0, 0, 0, 0, 0, 0, 0, 0, 0, 0, 0, 0, 0, 0, 0, 0, 0, 0, 0, 0, 0, 0, 0, -0.0035234166, -0.0031945328, -0.0029678692, -0.0029123, -0.0028982388, -0.00288568, -0.0028537798, -0.0027565125, -0.0026726415, -0.0024252518, -0.002072274, -0.0018600293, -0.0013796829, -0.00085199607, -0.00058205146, -5.476002e-05, 0.0004248301, 0.0008255313, 0.0009902623, 0.0012423213, 0.0013917765, 0.0014295054, 0.0014393963, 0.001377802, 0.001268752, 0.0012064417, 0.0010832926, 0.0009903251, 0.00096324005, 0.0009609107, 0.0010286025, 0.0010862653, 0.0012394321, 0.0014225928, 0.0016150854, 0.0017105096, 0.0018940719, 0.002065305, 0.0021449032, 0.0022887073, 0.0024070388, 0.0024966414, 0.002530729, 0.0025803994, 0.0026105451, 0.0026213424, 0.0026399267, 0.0026632647, 0.0026783545, 0.0027178286, 0.002758555, 0.0027785664, 0.0027720646, 0.0027016571, 0.0025342042, 0.0024087625, 0.0020737897, 0.0016477003, 0.0011847191, 0.00096477784, 0.00060696114, 0.00043273944, 0.00043537316, 0.0006454974, 0.0011348918, 0.0014778371, 0.0023168519, 0.0032663993, 0.004179844, 0.0045742095, 0.005149059, 0.005350965, 0.0052902214, 0.004834411, 0.0039644847, 0.0027681857, 0.002089047, 0.0006720105, -0.0006851533, -0.0013012318, -0.0023827467, -0.0032943753
0, 0, 0, 0, 0, 0, 0, 0, 0, 0, 0, 0, 0, 0, 0, 0, 0, 0, 0, 0, 0, 0, 0, 0, 0, 0, 0, 0, 0, 0, 0, 0, 0, 0, 0, 0, 0, 0, 0, 0, 0, 0, 0, 0, 0, 0, 0, 0, 0, 0, 0, 0, 0, 0, 0, 0, 0, 0, 0, 0, 0, 0, 0, 0, 0, 0, -0.0049561774, -0.004004927, -0.0029708887, -0.0027131734, -0.0025351683, -0.0026080285, -0.0026782, -0.0028198855, -0.0029160893, -0.002937292, -0.0029132578, -0.00279031, -0.0025643196, -0.002413103, -0.002040972, -0.0015872731, -0.0013358312, -0.0008009158, -0.00025126815, 0.00028039943, 0.0005303209, 0.0009847663, 0.0013683403, 0.0015303659, 0.00179372, 0.0019756274, 0.0020837998, 0.0021154033, 0.0021491607, 0.0021668416, 0.002178314, 0.0022210905, 0.0022990871, 0.0023518107, 0.0024827688, 0.0026389612, 0.002811622, 0.0029022894, 0.0030882005, 0.0032769837, 0.003370141, 0.0035482135, 0.0037066294, 0.0038354874, 0.0038878538, 0.0039672083, 0.004017586, 0.0040351483, 0.004059639, 0.0040811854, 0.004093904, 0.004128566, 0.0041727596, 0.0042118505, 0.004222549, 0.004205004, 0.0041132504, 0.004031533, 0.0037883683, 0.0034401738, 0.0030146327, 0.0027893607, 0.0023602664, 0.0020259444, 0.0019170895, 0.0018539276, 0.0020325864, 0.0022182164, 0.0027754526, 0.0035307624, 0.004384726, 0.0048084795, 0.0055637793, 0.0060885814, 0.0062308214, 0.0062297718, 0.0058274814, 0.0050458163, 0.0045354175, 0.0033460131, 0.0020447413, 0.0013964736, 0.00018606296, -0.0007725597
0, 0, 0, 0, 0, 0, 0, 0, 0, 0, 0, 0, 0, 0, 0, 0, 0, 0, 0, 0, 0, 0, 0, 0, 0, 0, 0, 0, 0, 0, 0, 0, 0, 0, 0, 0, 0, 0, 0, 0, 0, 0, 0, 0, 0, 0, 0, 0, 0, 0, 0, 0, 0, 0, 0, 0, 0, 0, 0, 0, 0, 0, 0, 0, 0, -0.0036052475, -0.003340606, -0.002929751, -0.0024796252, -0.0023530466, -0.0022872032, -0.0023864429, -0.0024651105, -0.0026320906, -0.0027709985, -0.0028521263, -0.0028660032, -0.0028318653, -0.0027078702, -0.0026116013, -0.0023515113, -0.0020039715, -0.0017997656, -0.0013395696, -0.00082802173, -0.0002920897, -2.2727187e-05, 0.0005028789, 0.0009991324, 0.0012314945, 0.0016569408, 0.0020202305, 0.0023141396, 0.0024357578, 0.0026360839, 0.0027941135, 0.0028640165, 0.0029958482, 0.0031262678, 0.0031929824, 0.0033297252, 0.0034732355, 0.003624884, 0.0037048846, 0.0038744202, 0.004054308, 0.0041465173, 0.0043281517, 0.0044966163, 0.004638403, 0.0046973596, 0.004787117, 0.004841803, 0.0048586847, 0.0048758476, 0.004880039, 0.004880752, 0.004885905, 0.0049000927, 0.0049162228, 0.004921078, 0.004909966, 0.0048517636, 0.00479735, 0.0046246173, 0.0043569673, 0.0040024896, 0.0038013153, 0.003383159, 0.0029912493, 0.0028243137, 0.0025872337, 0.002521956, 0.0025673811, 0.0028285098, 0.0033081642, 0.0039627776, 0.0043302192, 0.0050802915, 0.0057526245, 0.0060227895, 0.0063675637, 0.006391308, 0.006059094, 0.005761682, 0.0049348883, 0.003873065, 0.0032916795, 0.0021363485, 0.0012364874
0, 0, 0, 0, 0, 0, 0, 0, 0, 0, 0, 0, 0, 0, 0, 0, 0, 0, 0, 0, 0, 0, 0, 0, 0, 0, 0, 0, 0, 0, 0, 0, 0, 0, 0, 0, 0, 0, 0, 0, 0, 0, 0, 0, 0, 0, 0, 0, 0, 0, 0, 0, 0, 0, 0, 0, 0, 0, 0, 0, 0, 0, 0, 0, -0.0021641864, -0.0022361, -0.0021735504, -0.0020784677, -0.001999304, -0.001986451, -0.0020261286, -0.0021359732, -0.0022056738, -0.0023529325, -0.0024869998, -0.0025864386, -0.0026177897, -0.002634343, -0.0025808201, -0.00252589, -0.0023601956, -0.0021171388, -0.0019669123, -0.0016124985, -0.0011944755, -0.0007310996, -0.0004888158, 6.095804e-06, 0.00050305715, 0.00074856286, 0.0012259281, 0.0016698289, 0.0020650902, 0.0022422937, 0.0025551114, 0.002820757, 0.0029396387, 0.0031537456, 0.0033424168, 0.003427954, 0.003584287, 0.0037261492, 0.0038605824, 0.0039284383, 0.004069286, 0.0042198626, 0.0042980495, 0.004454275, 0.004599721, 0.004722109, 0.004771783, 0.004843921, 0.004879719, 0.0048847613, 0.004873822, 0.0048418343, 0.004820916, 0.004775021, 0.0047287773, 0.0046836184, 0.0046602893, 0.0046066637, 0.0045308317, 0.004479, 0.0043341713, 0.0041198176, 0.0038327228, 0.0036655576, 0.003300508, 0.0029249408, 0.0027469972, 0.002439667, 0.0022369646, 0.002188822, 0.0022215196, 0.0024428053, 0.002848761, 0.0031117098, 0.0037208241, 0.0043718833, 0.0046825884, 0.0052119675, 0.0055418387, 0.0055992296, 0.005512093, 0.005100899, 0.00440072, 0.0039672656, 0.0030360613, 0.0022982499
0, 0, 0, 0, 0, 0, 0, 0, 0, 0, 0, 0, 0, 0, 0, 0, 0, 0, 0, 0, 0, 0, 0, 0, 0, 0, 0, 0, 0, 0, 0, 0, 0, 0, 0, 0, 0, 0, 0, 0, 0, 0, 0, 0, 0, 0, 0, 0, 0, 0, 0, 0, 0, 0, 0, 0, 0, 0, 0, 0, 0, 0, 0, -0.0019770632, -0.0016405741, -0.001551058, -0.001493312, -0.0015228129, -0.0015861156, -0.0016252154, -0.001718164, -0.0018280185, -0.0018873552, -0.0020069033, -0.0021188601, -0.0022111034, -0.0022463694, -0.0022850155, -0.0022724913, -0.0022452206, -0.0021474937, -0.0019903295, -0.0018886195, -0.00163846, -0.0013284443, -0.0009690216, -0.0007751281, -0.00036717678, 6.167584e-05, 0.0002812949, 0.00072430185, 0.0011589176, 0.0015671118, 0.0017571759, 0.0021054032, 0.002412971, 0.0025529184, 0.0028057438, 0.0030228505, 0.0031182892, 0.00328356, 0.003419458, 0.003534816, 0.0035884418, 0.0036927422, 0.0037994974, 0.003853689, 0.003961829, 0.0040580435, 0.004133724, 0.004160583, 0.0041900356, 0.0041848193, 0.0041685873, 0.004112603, 0.004029126, 0.003979475, 0.0038673088, 0.0037432122, 0.0036120012, 0.0035451716, 0.003412504, 0.0032760531, 0.0032036249, 0.0030406613, 0.002840825, 0.0025946533, 0.0024545742, 0.0021473523, 0.0018199167, 0.0016569004, 0.0013526129, 0.0011068386, 0.001016737, 0.0009217469, 0.0009631502, 0.0011574583, 0.001313024, 0.0017283763, 0.0022494032, 0.002530659, 0.003087167, 0.0035659382, 0.0038870692, 0.0039657527, 0.0039319084, 0.0036283792, 0.0033851159, 0.002788882, 0.0022846144
0, 0, 0, 0, 0, 0, 0, 0, 0, 0, 0, 0, 0, 0, 0, 0, 0, 0, 0, 0, 0, 0, 0, 0, 0, 0, 0, 0, 0, 0, 0, 0, 0, 0, 0, 0, 0, 0, 0, 0, 0, 0, 0, 0, 0, 0, 0, 0, 0, 0, 0, 0, 0, 0, 0, 0, 0, 0, 0, 0, 0, 0, -0.0022432462, -0.0017079307, -0.0013457264, -0.0012479299, -0.0011772711, -0.0012075643, -0.0012801789, -0.0013219562, -0.0014098734, -0.0014998324, -0.0015446909, -0.0016321405, -0.0017144531, -0.0017868958, -0.0018164644, -0.0018557982, -0.0018603908, -0.0018480974, -0.0017929012, -0.001695651, -0.0016302887, -0.0014635413, -0.0012487709, -0.0009917249, -0.00084991276, -0.0005438294, -0.00021047474, -3.446275e-05, 0.000329709, 0.00069890753, 0.0010567623, 0.0012267133, 0.0015442616, 0.0018306373, 0.0019620121, 0.0022011138, 0.002405936, 0.0024946055, 0.0026446881, 0.0027598734, 0.0028476852, 0.0028838855, 0.0029466876, 0.0030027817, 0.0030287458, 0.0030765655, 0.0031123084, 0.0031281752, 0.0031265602, 0.0031013398, 0.003044447, 0.0030035828, 0.0028970477, 0.0027589768, 0.002678795, 0.00249975, 0.0022968936, 0.0020766172, 0.0019634895, 0.001738565, 0.0015201534, 0.0014129869, 0.001200308, 0.0009799788, 0.0007426244, 0.00061585975, 0.00034750893, 6.4683634e-05, -7.727118e-05, -0.0003500361, -0.0005873286, -0.00068526744, -0.00082554435, -0.00087441725, -0.00081391446, -0.0007382563, -0.0004931813, -0.00013137344, 8.532148e-05, 0.0005632595, 0.0010546015, 0.0014937809, 0.001672202, 0.0019085377, 0.0019482718, 0.0018900338, 0.0016507471, 0.0013954538
0, 0, 0, 0, 0, 0, 0, 0, 0, 0, 0, 0, 0, 0, 0, 0, 0, 0, 0, 0, 0, 0, 0, 0, 0, 0, 0, 0, 0, 0, 0, 0, 0, 0, 0, 0, 0, 0, 0, 0, 0, 0, 0, 0, 0, 0, 0, 0, 0, 0, 0, 0, 0, 0, 0, 0, 0, 0, 0, 0, -0.0034412802, -0.0026678876, -0.002138158, -0.0015445935, -0.001240273, -0.0011543812, -0.001070359, -0.0010605807, -0.0010875224, -0.0011078286, -0.0011539311, -0.0012033477, -0.00122813, -0.0012758443, -0.0013214711, -0.0013628649, -0.0013800347, -0.001403207, -0.0014044254, -0.0013954754, -0.0013590036, -0.0012949945, -0.0012517766, -0.0011400401, -0.000994634, -0.0008178002, -0.00071913615, -0.0005026824, -0.00026048033, -0.00013025002, 0.00014482546, 0.00042875906, 0.0007068864, 0.0008402562, 0.0010899456, 0.0013161505, 0.0014198973, 0.0016088106, 0.0017692911, 0.0018384248, 0.0019522429, 0.0020346583, 0.0020892473, 0.0021077904, 0.0021310274, 0.0021410878, 0.002141758, 0.002135608, 0.0021159025, 0.0020775362, 0.0020500803, 0.0019763983, 0.0018755386, 0.0018141187, 0.0016672814, 0.001486824, 0.0013837591, 0.0011529553, 0.00089021167, 0.00060175924, 0.00045101417, 0.00014750137, -0.00014836744, -0.00029114532, -0.0005634156, -0.0008234595, -0.0010776029, -0.0012040401, -0.0014604818, -0.0017204799, -0.0018502162, -0.0020997273, -0.0023227294, -0.0024183362, -0.0025683532, -0.0026524686, -0.0026584656, -0.0026283688, -0.0024962027, -0.002264739, -0.0021133386, -0.0017483508, -0.0013243993, -0.0008802598, -0.00066591974, -0.00028722532, -1.5845733e-05, 6.7239205e-05, 0.00012194655, 7.0815964e-05
0, 0, 0, 0, 0, 0, 0, 0, 0, 0, 0, 0, 0, 0, 0, 0, 0, 0, 0, 0, 0, 0, 0, 0, 0, 0, 0, 0, 0, 0, 0, 0, 0, 0, 0, 0, 0, 0, 0, 0, 0, 0, 0, 0, 0, 0, 0, 0, 0, 0, 0, 0, 0, 0, 0, 0, 0, 0, 0, 0, -0.0022983996, -0.0019947872, -0.0017763906, -0.0014378268, -0.0012306371, -0.001160915, -0.0010675174, -0.0010170521, -0.0009908942, -0.0009835851, -0.00097639783, -0.0009750224, -0.00097522093, -0.000975781, -0.0009765999, -0.0009769745, -0.0009761891, -0.00096885755, -0.00094965124, -0.0009352323, -0.0008959664, -0.00084159063, -0.000807078, -0.0007220956, -0.00061509805, -0.00048768177, -0.00041753642, -0.0002636106, -9.153054e-05, 1.3136867e-06, 0.00019849636, 0.00040256153, 0.0006013088, 0.0006959925, 0.0008721448, 0.0010299257, 0.0011012912, 0.0012290876, 0.0013357269, 0.0013805687, 0.0014527318, 0.0015025368, 0.0015302419, 0.001536475, 0.001534418, 0.0015165719, 0.0015024683, 0.0014639228, 0.0014101315, 0.0013389101, 0.0012959634, 0.0011949653, 0.0010718943, 0.0010010744, 0.00083702314, 0.00063897663, 0.0005261701, 0.00027306326, -1.4910795e-05, -0.00033521856, -0.0005042036, -0.0008522437, -0.0011984234, -0.0013663288, -0.0016879952, -0.0019890177, -0.0022712382, -0.0024077592, -0.002674895, -0.0029377989, -0.0030675905, -0.003319211, -0.0035490242, -0.0036506725, -0.0038190775, -0.0039314493, -0.003979429, -0.003976599, -0.003914195, -0.0037718802, -0.0036701357, -0.0034063372, -0.0030708693, -0.0026805224, -0.002473194, -0.0020570888, -0.0016741409, -0.0015100769, -0.0012717951, -0.001199921
0, 0, 0, 0, 0, 0, 0, 0, 0, 0, 0, 0, 0, 0, 0, 0, 0, 0, 0, 0, 0, 0, 0, 0, 0, 0, 0, 0, 0, 0, 0, 0, 0, 0, 0, 0, 0, 0, 0, 0, 0, 0, 0, 0, 0, 0, 0, 0, 0, 0, 0, 0, 0, 0, 0, 0, 0, 0, 0, -0.0021527717, -0.0017622515, -0.0015793043, -0.0015012809, -0.0013627083, -0.0012465105, -0.0011949869, -0.0011043344, -0.0010282691, -0.00096221146, -0.00093193504, -0.0008767619, -0.0008258647, -0.0008013433, -0.0007528319, -0.0007052742, -0.0006589641, -0.00063598884, -0.00058731635, -0.0005343944, -0.0005060345, -0.00044630707, -0.0003801652, -0.00034389138, -0.00026135542, -0.0001657599, -5.8755246e-05, -2.1424014e-06, 0.00011774004, 0.00024671917, 0.00031522597, 0.0004576591, 0.0006021478, 0.000740276, 0.000804784, 0.0009231418, 0.0010270976, 0.0010732085, 0.0011532143, 0.0012176087, 0.0012440413, 0.0012867852, 0.0013177409, 0.0013363401, 0.0013404741, 0.0013375826, 0.0013199402, 0.0013058691, 0.001264777, 0.0012068247, 0.0011311527, 0.001086935, 0.000986326, 0.00086782157, 0.0008008207, 0.00064612436, 0.00045980874, 0.0003534607, 0.000113951384, -0.00016110942, -0.00047050847, -0.00063634577, -0.0009852779, -0.0013435734, -0.0015213563, -0.0018680118, -0.0021981236, -0.0025099341, -0.0026599178, -0.0029508984, -0.0032349396, -0.0033750166, -0.0036505116, -0.003911211, -0.0040315203, -0.0042437864, -0.004406915, -0.0045108628, -0.00453838, -0.004541123, -0.004472148, -0.0044103, -0.0042315167, -0.003980284, -0.0036634712, -0.0034837828, -0.0030958934, -0.0026947313, -0.00250422, -0.0021945457, -0.0020827136
0, 0, 0, 0, 0, 0, 0, 0, 0, 0, 0, 0, 0, 0, 0, 0, 0, 0, 0, 0, 0, 0, 0, 0, 0, 0, 0, 0, 0, 0, 0, 0, 0, 0, 0, 0, 0, 0, 0, 0, 0, 0, 0, 0, 0, 0, 0, 0, 0, 0, 0, 0, 0, 0, 0, 0, 0, -0.0023850417, -0.0021793155, -0.0017516391, -0.001499364, -0.0013950524, -0.0013673584, -0.0013188297, -0.0012589731, -0.0012231943, -0.0011435248, -0.0010579271, -0.0009692152, -0.0009240336, -0.00083484483, -0.0007453702, -0.0006999314, -0.00060815905, -0.0005152512, -0.0004227638, -0.00037623022, -0.00028230046, -0.00018765133, -0.00014004967, -4.6822435e-05, 4.5364908e-05, 9.229978e-05, 0.00018994123, 0.00029381728, 0.00040201342, 0.00045705712, 0.00056740304, 0.0006791405, 0.0007361449, 0.0008499624, 0.0009611202, 0.0010641604, 0.0011116407, 0.0011987418, 0.0012752368, 0.0013090237, 0.0013676683, 0.0014142259, 0.0014339384, 0.0014694994, 0.0015033258, 0.0015354687, 0.0015496794, 0.0015718339, 0.0015821959, 0.0015818011, 0.0015674346, 0.0015332589, 0.001480073, 0.0014471523, 0.0013701072, 0.0012781658, 0.0012254969, 0.0011026491, 0.00095214666, 0.0008658052, 0.00066906924, 0.00044014357, 0.00017778346, 3.3442728e-05, -0.00027732705, -0.0006101712, -0.0007813133, -0.0011254476, -0.0014665399, -0.0017990072, -0.0019615355, -0.0022794423, -0.0025911606, -0.0027461029, -0.003053813, -0.0033550393, -0.003499972, -0.0037710692, -0.0040048403, -0.004188693, -0.0042580534, -0.004347146, -0.004365949, -0.004348755, -0.004259679, -0.0040983814, -0.0038674637, -0.0037275285, -0.0034064609, -0.0030500113, -0.0028726363, -0.0025759162, -0.0024834797
0, 0, 0, 0, 0, 0, 0, 0, 0, 0, 0, 0, 0, 0, 0, 0, 0, 0, 0, 0, 0, 0, 0, 0, 0, 0, 0, 0, 0, 0, 0, 0, 0, 0, 0, 0, 0, 0, 0, 0, 0, 0, 0, 0, 0, 0, 0, 0, 0, 0, 0, 0, 0, 0, 0, 0, -0.0022891161, -0.0018964608, -0.001727466, -0.0014797922, -0.0013536849, -0.0013088813, -0.0013005981, -0.0012856191, -0.001252713, -0.0012275348, -0.00116097, -0.0010773686, -0.0009809374, -0.00092919415, -0.00082117005, -0.00070692383, -0.00064718665, -0.0005231905, -0.00039498493, -0.00026367474, -0.00019696346, -6.16348e-05, 7.454958e-05, 0.00014192869, 0.00027298424, 0.00039907795, 0.00046155057, 0.00058546395, 0.00070998346, 0.00083288766, 0.00089334685, 0.0010112295, 0.001125431, 0.0011815741, 0.0012903011, 0.0013922976, 0.0014859135, 0.0015295846, 0.0016118827, 0.0016877761, 0.0017231577, 0.0017871513, 0.0018426351, 0.0018680036, 0.0019198852, 0.0019770623, 0.0020416763, 0.0020754645, 0.0021413772, 0.0021982589, 0.0022210262, 0.0022523552, 0.0022613679, 0.0022484972, 0.002235024, 0.0021959026, 0.0021424182, 0.0021099702, 0.0020310604, 0.0019300503, 0.0018706114, 0.0017332596, 0.0015690076, 0.0013740907, 0.001263888, 0.0010169836, 0.0007369938, 0.0005865111, 0.0002698598, -6.1867424e-05, -0.00040116336, -0.00057194295, -0.00091109535, -0.0012479105, -0.0014161144, -0.0017519175, -0.0020867984, -0.00225228, -0.0025750357, -0.002877068, -0.0031450307, -0.0032615256, -0.00345217, -0.0035788093, -0.0036162257, -0.0036378056, -0.0035862774, -0.0034627346, -0.003375202, -0.0031534638, -0.0028863759, -0.002748881, -0.002521683, -0.0024816305
0, 0, 0, 0, 0, 0, 0, 0, 0, 0, 0, 0, 0, 0, 0, 0, 0, 0, 0, 0, 0, 0, 0, 0, 0, 0, 0, 0, 0, 0, 0, 0, 0, 0, 0, 0, 0, 0, 0, 0, 0, 0, 0, 0, 0, 0, 0, 0, 0, 0, 0, 0, 0, 0, 0, -0.0020492922, -0.0017445983, -0.0014901502, -0.0013976906, -0.0012841593, -0.0012393993, -0.0012315641, -0.0012327712, -0.0012309363, -0.0012117387, -0.0011934548, -0.0011389585, -0.0010630703, -0.0009695602, -0.0009171787, -0.00080355187, -0.00067815994, -0.0006110318, -0.00046900735, -0.00031953366, -0.00016266118, -8.2476115e-05, 8.238976e-05, 0.0002502287, 0.0003339953, 0.0004987717, 0.00065871555, 0.0007370857, 0.0008912799, 0.0010411913, 0.0011851456, 0.0012545392, 0.0013891144, 0.0015177956, 0.0015798641, 0.0016996841, 0.0018118384, 0.001915968, 0.0019660003, 0.0020631147, 0.002158336, 0.0022050985, 0.002294475, 0.0023788938, 0.0024200382, 0.0025050228, 0.0025996226, 0.0027067745, 0.002763904, 0.0028802506, 0.0029901234, 0.003039621, 0.0031232305, 0.003182574, 0.0032167137, 0.0032252874, 0.0032293058, 0.00321808, 0.0032073543, 0.003174582, 0.0031248878, 0.0030934555, 0.003016815, 0.0029191251, 0.0027953805, 0.0027217162, 0.0025471097, 0.002333204, 0.0022114427, 0.0019405397, 0.0016374758, 0.0013083098, 0.0011375347, 0.00078947213, 0.0004378758, 0.00026146663, -9.1497444e-05, -0.0004448907, -0.0006215101, -0.00097364845, -0.001319722, -0.0016496979, -0.0018047064, -0.0020854815, -0.0023178991, -0.0024126507, -0.0025550723, -0.0026295448, -0.0026343607, -0.0026110646, -0.0025170306, -0.0023737897, -0.0022952578, -0.0021736717, -0.002202924
0, 0, 0, 0, 0, 0, 0, 0, 0, 0, 0, 0, 0, 0, 0, 0, 0, 0, 0, 0, 0, 0, 0, 0, 0, 0, 0, 0, 0, 0, 0, 0, 0, 0, 0, 0, 0, 0, 0, 0, 0, 0, 0, 0, 0, 0, 0, 0, 0, 0, 0, 0, 0, 0, -0.0015843397, -0.0014855956, -0.0012991515, -0.0011743598, -0.0011382295, -0.0011044422, -0.0011024312, -0.0011129138, -0.0011189007, -0.0011243239, -0.001113964, -0.0011016112, -0.0010596853, -0.0009957197, -0.0009111752, -0.0008621428, -0.0007526825, -0.00062760187, -0.0005596724, -0.00041374523, -0.00025725752, -9.107414e-05, -5.0265776e-06, 0.00017332823, 0.0003573189, 0.00045041685, 0.0006368796, 0.0008215445, 0.00091306673, 0.0010927387, 0.0012662899, 0.00143125, 0.0015103853, 0.001663078, 0.0018096121, 0.0018806512, 0.0020192598, 0.0021509675, 0.0022766215, 0.002337966, 0.0024603708, 0.0025842153, 0.0026466884, 0.002771221, 0.0028933925, 0.00295468, 0.0030802279, 0.0032158282, 0.0033654624, 0.0034448467, 0.0036073003, 0.0037647246, 0.003838061, 0.0039687497, 0.0040737665, 0.004152111, 0.004181931, 0.0042267004, 0.0042556785, 0.004265129, 0.004273994, 0.004269305, 0.0042618066, 0.004235209, 0.004191936, 0.004127081, 0.004084199, 0.0039730947, 0.0038228792, 0.0037314375, 0.0035147746, 0.0032549347, 0.0029559827, 0.0027949717, 0.002457242, 0.0021074945, 0.0019304113, 0.0015745638, 0.0012179867, 0.0010394711, 0.0006813334, 0.00032207862, -3.4197936e-05, -0.00020881201, -0.0005439193, -0.0008513802, -0.0009914011, -0.0012372506, -0.0014298139, -0.0015638942, -0.0016082962, -0.001653807, -0.001652179, -0.0016431854, -0.0016466425, -0.0017520995
0, 0, 0, 0, 0, 0, 0, 0, 0, 0, 0, 0, 0, 0, 0, 0, 0, 0, 0, 0, 0, 0, 0, 0, 0, 0, 0, 0, 0, 0, 0, 0, 0, 0, 0, 0, 0, 0, 0, 0, 0, 0, 0, 0, 0, 0, 0, 0, 0, 0, 0, 0, 0, -0.0013245154, -0.001140478, -0.0010651482, -0.00096019043, -0.00091132504, -0.0009022243, -0.0009034428, -0.00091691106, -0.0009333005, -0.00094047835, -0.0009485061, -0.00094512507, -0.0009376681, -0.00090858294, -0.00085875025, -0.00078786514, -0.00074528414, -0.00064687955, -0.0005314851, -0.000467847, -0.000329415, -0.00017875401, -1.7622377e-05, 6.655784e-05, 0.00024231512, 0.00042641032, 0.00052068, 0.0007123217, 0.0009067944, 0.0010044484, 0.0011987594, 0.0013874274, 0.0015674729, 0.0016536344, 0.001820097, 0.0019809387, 0.002059542, 0.0022137773, 0.0023639195, 0.0025103553, 0.0025833908, 0.0027306096, 0.0028818266, 0.0029591525, 0.003115548, 0.0032730906, 0.0033524535, 0.0035147506, 0.0036859429, 0.0038692628, 0.0039649904, 0.004160025, 0.0043499744, 0.0044392804, 0.0046016215, 0.0047383117, 0.0048492206, 0.0048956936, 0.0049738134, 0.0050358037, 0.0050618714, 0.00510452, 0.0051340084, 0.0051434594, 0.005151522, 0.0051431064, 0.0051147174, 0.0050912704, 0.0050229146, 0.0049202293, 0.004854283, 0.0046897926, 0.004480886, 0.0042284895, 0.0040876493, 0.003783503, 0.0034578335, 0.0032900705, 0.0029487615, 0.0026040035, 0.0024311198, 0.0020842054, 0.0017355103, 0.0013848451, 0.0012094965, 0.00086203724, 0.00052476506, 0.00036232502, 5.5193144e-05, -0.00021955825, -0.00045475576, -0.0005560182, -0.00072549825, -0.0008575671, -0.0009159367, -0.0010436609, -0.0012226318
0, 0, 0, 0, 0, 0, 0, 0, 0, 0, 0, 0, 0, 0, 0, 0, 0, 0, 0, 0, 0, 0, 0, 0, 0, 0, 0, 0, 0, 0, 0, 0, 0, 0, 0, 0, 0, 0, 0, 0, 0, 0, 0, 0, 0, 0, 0, 0, 0, 0, 0, -0.0013971276, -0.0012699233, -0.0010033, -0.00083329, -0.0007772661, -0.0007094147, -0.00068259035, -0.0006789255, -0.00068188965, -0.0006909056, -0.00070071616, -0.0007049849, -0.0007101427, -0.000707906, -0.00070325856, -0.00068401743, -0.00064698845, -0.00059116195, -0.0005561887, -0.00047385524, -0.00037458472, -0.0003187052, -0.00019625328, -6.110866e-05, 8.4340005e-05, 0.00016118778, 0.00032211066, 0.0004925579, 0.0005805532, 0.0007619975, 0.0009499468, 0.0010457032, 0.0012387222, 0.001429015, 0.0016119134, 0.0017003955, 0.001870866, 0.0020359082, 0.0021168587, 0.0022758644, 0.0024330893, 0.0025896132, 0.002668806, 0.0028304185, 0.0029983583, 0.0030843928, 0.0032603138, 0.0034393582, 0.0035300697, 0.003715123, 0.00390731, 0.004107925, 0.004211061, 0.004418553, 0.004618709, 0.004713014, 0.0048849015, 0.0050329044, 0.0051586265, 0.005214184, 0.0053128786, 0.0053973086, 0.005434617, 0.005499865, 0.0055509317, 0.005570655, 0.0055973586, 0.005605125, 0.0055917026, 0.0055760965, 0.0055261287, 0.0054491786, 0.005399358, 0.0052750753, 0.0051148674, 0.004916794, 0.004803813, 0.004553118, 0.004275172, 0.0041283565, 0.0038229818, 0.0035071708, 0.0033470665, 0.0030245064, 0.0027001211, 0.0023743133, 0.0022105784, 0.0018822618, 0.0015545632, 0.0013917936, 0.0010716914, 0.0007640752, 0.0004757935, 0.00034020518, 8.810441e-05, -0.00014235171, -0.0002532083, -0.00047995462, -0.0007173594
0, 0, 0, 0, 0, 0, 0, 0, 0, 0, 0, 0, 0, 0, 0, 0, 0, 0, 0, 0, 0, 0, 0, 0, 0, 0, 0, 0, 0, 0, 0, 0, 0, 0, 0, 0, 0, 0, 0, 0, 0, 0, 0, 0, 0, 0, 0, 0, 0, 0, 0, -0.001115392, -0.0010023515, -0.00079631904, -0.0006566328, -0.00060778577, -0.00053954, -0.00049914094, -0.0004862345, -0.00046781538, -0.00045627245, -0.0004480693, -0.00044437192, -0.00043628446, -0.0004264224, -0.00042016155, -0.0004024888, -0.0003726889, -0.00032862325, -0.00030090002, -0.00023457632, -0.00015331656, -0.00010686176, -4.6146038e-06, 0.000109585635, 0.00023397118, 0.00030003308, 0.00044001028, 0.00058813277, 0.00066505815, 0.00082480075, 0.0009921313, 0.0010786575, 0.0012546345, 0.0014303629, 0.0016013988, 0.0016841819, 0.0018449824, 0.0020003114, 0.0020760398, 0.002224651, 0.0023717892, 0.002521185, 0.0025977883, 0.0027562536, 0.002922844, 0.0030087067, 0.0031849495, 0.0033660377, 0.0034580815, 0.0036453556, 0.0038379559, 0.004035064, 0.0041346964, 0.0043312777, 0.0045176446, 0.0046043205, 0.004762076, 0.00489907, 0.005019337, 0.0050746365, 0.005177208, 0.005269602, 0.0053118197, 0.005387306, 0.005448658, 0.0054727243, 0.0055063204, 0.0055175377, 0.005504952, 0.0054893373, 0.0054410696, 0.0053713243, 0.0053291027, 0.005229328, 0.005107248, 0.004959683, 0.0048760474, 0.004688199, 0.004473985, 0.0043576886, 0.0041079507, 0.0038395284, 0.003700126, 0.0034153084, 0.003125846, 0.0028341932, 0.0026878037, 0.0023937987, 0.002097871, 0.0019490769, 0.0016508725, 0.0013535754, 0.0010600261, 0.0009156191, 0.0006323512, 0.0003545162, 0.00021537188, -6.777691e-05, -0.00033612066
0, 0, 0, 0, 0, 0, 0, 0, 0, 0, 0, 0, 0, 0, 0, 0, 0, 0, 0, 0, 0, 0, 0, 0, 0, 0, 0, 0, 0, 0, 0, 0, 0, 0, 0, 0, 0, 0, 0, 0, 0, 0, 0, 0, 0, 0, 0, 0, 0, 0, -0.0014850089, -0.0010319953, -0.00090017566, -0.0007170181, -0.00058982195, -0.0005383832, -0.0004514215, -0.00038113268, -0.00035069522, -0.00029820052, -0.00025413846, -0.00021688409, -0.000200427, -0.00016890287, -0.0001399065, -0.00012601523, -9.787214e-05, -6.485772e-05, -2.3270744e-05, 9.622e-07, 5.6658286e-05, 0.00012342654, 0.00016134806, 0.00024489983, 0.00033820255, 0.0004404822, 0.0004952082, 0.00061150687, 0.0007351472, 0.0007990835, 0.0009313874, 0.0010701127, 0.0011417958, 0.0012884861, 0.0014350107, 0.001578022, 0.0016474845, 0.0017831112, 0.0019139925, 0.0019772307, 0.002099843, 0.0022199987, 0.0023439734, 0.0024087257, 0.0025452264, 0.002691205, 0.0027671147, 0.0029239561, 0.0030863346, 0.0031690493, 0.0033374089, 0.003508915, 0.0036816085, 0.0037670687, 0.003932158, 0.0040835883, 0.004152534, 0.004276198, 0.004383607, 0.00448036, 0.004526633, 0.0046164664, 0.004702086, 0.004742408, 0.004816454, 0.0048783743, 0.004902953, 0.00493688, 0.0049469443, 0.0049311714, 0.004913816, 0.0048625967, 0.004793666, 0.004754262, 0.0046670637, 0.004569421, 0.0044602924, 0.0044009555, 0.0042697988, 0.0041194353, 0.004036004, 0.0038512188, 0.0036435593, 0.0035323713, 0.0032989376, 0.0030550635, 0.0028048966, 0.0026786078, 0.0024241582, 0.002167611, 0.0020385995, 0.0017781864, 0.0015149988, 0.0012486858, 0.0011143818, 0.0008429921, 0.00056536094, 0.00042282254, 0.00012969064, -0.00013973504
0, 0, 0, 0, 0, 0, 0, 0, 0, 0, 0, 0, 0, 0, 0, 0, 0, 0, 0, 0, 0, 0, 0, 0, 0, 0, 0, 0, 0, 0, 0, 0, 0, 0, 0, 0, 0, 0, 0, 0, 0, 0, 0, 0, 0, 0, 0, 0, 0, -0.0014488242, -0.0012218911, -0.0009637417, -0.0008664046, -0.0007172319, -0.00059718214, -0.0005413219, -0.0004346168, -0.0003343936, -0.00028663067, -0.00019732027, -0.000115909876, -4.3319513e-05, -9.540761e-06, 5.388505e-05, 0.00011205006, 0.00013888994, 0.00018995425, 0.00023985554, 0.00029106392, 0.00031755117, 0.00037346236, 0.0004347621, 0.00046794693, 0.00053920137, 0.0006168788, 0.0007009393, 0.0007457352, 0.00084030733, 0.0009405649, 0.0009917797, 0.0010959242, 0.0012033845, 0.0012582224, 0.0013685641, 0.0014761318, 0.0015792525, 0.0016292041, 0.0017269675, 0.0018213161, 0.0018664936, 0.0019521647, 0.0020339875, 0.002118687, 0.0021643825, 0.0022645511, 0.0023752975, 0.0024336248, 0.0025557338, 0.0026832072, 0.0027486994, 0.0028817877, 0.0030160702, 0.003148549, 0.0032127276, 0.003332969, 0.0034376911, 0.0034833106, 0.003561726, 0.0036282612, 0.0036903461, 0.0037217524, 0.003786834, 0.0038544526, 0.003888011, 0.003951889, 0.004007136, 0.004029856, 0.0040613245, 0.0040704138, 0.0040550535, 0.0040387614, 0.0039905757, 0.0039264527, 0.003890107, 0.0038119354, 0.0037290354, 0.0036437486, 0.0035998165, 0.003507541, 0.003405209, 0.0033485552, 0.00322132, 0.0030741482, 0.002993322, 0.002818226, 0.0026286098, 0.0024279528, 0.0023245255, 0.002113557, 0.0018986358, 0.001790154, 0.0015710442, 0.0013490459, 0.0011232632, 0.0010085412, 0.00077333674, 0.0005270427, 0.00039789907, 0.00012900618, -0.000119596174
0, 0, 0, 0, 0, 0, 0, 0, 0, 0, 0, 0, 0, 0, 0, 0, 0, 0, 0, 0, 0, 0, 0, 0, 0, 0, 0, 0, 0, 0, 0, 0, 0, 0, 0, 0, 0, 0, 0, 0, 0, 0, 0, 0, 0, 0, 0, 0, -0.0017478841, -0.0013435414, -0.00107733, -0.00091575657, -0.0008527367, -0.0007415077, -0.000633522, -0.0005774349, -0.00046119103, -0.00034183275, -0.00028187738, -0.00016334758, -4.920003e-05, 5.8452908e-05, 0.00010992961, 0.00020890622, 0.00030163486, 0.00034552033, 0.000428531, 0.00050589885, 0.0005795491, 0.00061454624, 0.0006831021, 0.00075033767, 0.00078451313, 0.0008538964, 0.00092487835, 0.0009984457, 0.0010362166, 0.0011147964, 0.0011951766, 0.0012351812, 0.0013140517, 0.0013914355, 0.0014293455, 0.0015024066, 0.0015686799, 0.001627654, 0.001655308, 0.0017086325, 0.001760475, 0.0017849782, 0.0018295597, 0.0018692967, 0.0019108882, 0.0019348589, 0.0019922578, 0.0020612217, 0.0020989648, 0.002178711, 0.0022634186, 0.0023073931, 0.0023977635, 0.0024884993, 0.0025752252, 0.0026159869, 0.0026886256, 0.002745629, 0.0027674672, 0.0027993897, 0.0028232269, 0.0028477407, 0.0028624143, 0.0028983084, 0.0029424967, 0.002966832, 0.0030160663, 0.0030613984, 0.0030807438, 0.0031086043, 0.0031184622, 0.0031084816, 0.0030964308, 0.0030589066, 0.0030072932, 0.0029771652, 0.0029108836, 0.0028397997, 0.0027675244, 0.00273096, 0.0026573716, 0.0025798702, 0.002538282, 0.0024474796, 0.0023446416, 0.0022884074, 0.002165557, 0.0020290373, 0.0018798034, 0.001800999, 0.0016364803, 0.0014652436, 0.0013776134, 0.0011999194, 0.00101958, 0.0008360488, 0.000742664, 0.00055056775, 0.00034725748, 0.0002390601, 9.1526435e-06, -0.00020966199
0, 0, 0, 0, 0, 0, 0, 0, 0, 0, 0, 0, 0, 0, 0, 0, 0, 0, 0, 0, 0, 0, 0, 0, 0, 0, 0, 0, 0, 0, 0, 0, 0, 0, 0, 0, 0, 0, 0, 0, 0, 0, 0, 0, 0, 0, 0, -0.0015758224, -0.0014074662, -0.0011344531, -0.0009634222, -0.00086395955, -0.0008236729, -0.000743787, -0.0006532512, -0.000602413, -0.0004904905, -0.00036736985, -0.0003028391, -0.0001694488, -3.4165547e-05, 9.988673e-05, 0.000166072, 0.00029683605, 0.00042302796, 0.00048412953, 0.0006008425, 0.00071124575, 0.0008147102, 0.00086318946, 0.00095374294, 0.0010383568, 0.0010788651, 0.0011572731, 0.0012319619, 0.0013039914, 0.0013391381, 0.0014086469, 0.0014747789, 0.0015058997, 0.0015637035, 0.0016156562, 0.0016389983, 0.0016792758, 0.0017087957, 0.0017276627, 0.0017342325, 0.0017457565, 0.0017564407, 0.0017613351, 0.001767591, 0.0017693563, 0.0017727837, 0.0017772404, 0.0017953509, 0.0018251445, 0.0018430868, 0.0018825947, 0.0019261958, 0.0019495423, 0.0019987086, 0.0020485066, 0.0020945463, 0.0021145057, 0.0021457793, 0.0021622889, 0.0021643126, 0.0021575144, 0.002144159, 0.00213522, 0.002134722, 0.0021438352, 0.0021656458, 0.0021804355, 0.0022144811, 0.0022490642, 0.002264603, 0.0022881422, 0.002298909, 0.0022954706, 0.0022884777, 0.0022649923, 0.0022293073, 0.002207345, 0.0021561503, 0.0020975552, 0.0020337931, 0.0020004583, 0.0019312896, 0.0018588541, 0.0018211853, 0.0017429476, 0.0016608041, 0.0016177935, 0.0015272769, 0.0014288423, 0.0013206992, 0.0012631244, 0.001141049, 0.0010118193, 0.00094474194, 0.0008073506, 0.00066658435, 0.00052304985, 0.00044966844, 0.00029861607, 0.00013687483, 4.9594746e-05, -0.00014117599, -0.00033248667
0, 0, 0, 0, 0, 0, 0, 0, 0, 0, 0, 0, 0, 0, 0, 0, 0, 0, 0, 0, 0, 0, 0, 0, 0, 0, 0, 0, 0, 0, 0, 0, 0, 0, 0, 0, 0, 0, 0, 0, 0, 0, 0, 0, 0, 0, -0.0012034838, -0.0011228861, -0.0010450092, -0.0009122854, -0.0008281928, -0.00077414943, -0.0007496512, -0.00069394935, -0.0006226666, -0.0005803236, -0.0004825836, -0.00036931864, -0.00030781192, -0.00017554875, -3.4410055e-05, 0.0001124649, 0.00018751583, 0.00033917307, 0.0004908189, 0.00056511635, 0.0007105632, 0.000850583, 0.0009834685, 0.0010464453, 0.0011641572, 0.0012719675, 0.0013224497, 0.0014177144, 0.0015043163, 0.0015831934, 0.0016199565, 0.0016877571, 0.0017465143, 0.0017719909, 0.0018146912, 0.0018474552, 0.001860201, 0.001876095, 0.0018787723, 0.0018681317, 0.0018592778, 0.0018384516, 0.0018170981, 0.0018063947, 0.0017831277, 0.0017575754, 0.001733848, 0.0017247908, 0.0017145453, 0.0017149963, 0.0017177218, 0.001726594, 0.0017382057, 0.0017455863, 0.0017627283, 0.001781498, 0.001797081, 0.0018021192, 0.0018035524, 0.0017911313, 0.0017791708, 0.0017450128, 0.0017051465, 0.0016711177, 0.0016591988, 0.0016479063, 0.0016520221, 0.0016588605, 0.0016797341, 0.00170464, 0.0017164329, 0.0017352672, 0.0017453305, 0.001745361, 0.0017417357, 0.0017281375, 0.0017054644, 0.0016905543, 0.0016533498, 0.0016066529, 0.0015501354, 0.0015185309, 0.0014488751, 0.001372468, 0.0013325792, 0.0012511777, 0.0011694939, 0.0011285014, 0.0010464964, 0.0009625788, 0.00087468704, 0.0008290254, 0.00073433534, 0.00063515326, 0.00058401556, 0.0004790308, 0.00037140487, 0.00026129908, 0.00020499088, 8.829863e-05, -3.888417e-05, -0.00010906594, -0.00026788036, -0.00043844082
0, 0, 0, 0, 0, 0, 0, 0, 0, 0, 0, 0, 0, 0, 0, 0, 0, 0, 0, 0, 0, 0, 0, 0, 0, 0, 0, 0, 0, 0, 0, 0, 0, 0, 0, 0, 0, 0, 0, 0, 0, 0, 0, 0, 0, -0.0011141037, -0.000928682, -0.00080650253, -0.0007625459, -0.0007015506, -0.0006649686, -0.0006358993, -0.00062028813, -0.0005805885, -0.0005257842, -0.0004921919, -0.00041181158, -0.0003156762, -0.00026163, -0.0001429049, -1.0016395e-05, 0.00013444322, 0.00021069964, 0.00036947054, 0.00053269684, 0.0006143382, 0.00077715586, 0.0009372856, 0.0010920971, 0.0011666779, 0.0013074476, 0.0014380551, 0.001499394, 0.0016133123, 0.0017159296, 0.0018063983, 0.0018471291, 0.0019191529, 0.0019772586, 0.0020006532, 0.0020358067, 0.0020576066, 0.0020638357, 0.002066252, 0.002054148, 0.0020276308, 0.0020103983, 0.001972032, 0.0019326956, 0.0019129798, 0.0018736763, 0.0018342169, 0.0017977349, 0.0017822597, 0.0017585334, 0.0017436018, 0.0017380937, 0.0017294458, 0.0017230624, 0.0017209585, 0.0017192134, 0.0017194785, 0.0017167791, 0.0017128227, 0.0016967788, 0.0016669625, 0.0016467493, 0.0015974123, 0.0015427546, 0.0014943935, 0.0014758054, 0.0014520243, 0.0014448432, 0.0014466036, 0.0014579898, 0.0014754279, 0.001484201, 0.0014982875, 0.0015053117, 0.0015047801, 0.0015017529, 0.0014909772, 0.0014737886, 0.001462328, 0.0014334377, 0.0013945121, 0.0013438005, 0.0013138247, 0.0012444517, 0.0011649468, 0.0011224356, 0.0010340553, 0.0009436778, 0.0008985374, 0.0008082797, 0.0007181371, 0.000627919, 0.00058284454, 0.00049308967, 0.00040354527, 0.0003588173, 0.00026919166, 0.0001797245, 8.937566e-05, 4.3739652e-05, -5.109162e-05, -0.00015526415, -0.00021410176, -0.00035184526, -0.00050858647
0, 0, 0, 0, 0, 0, 0, 0, 0, 0, 0, 0, 0, 0, 0, 0, 0, 0, 0, 0, 0, 0, 0, 0, 0, 0, 0, 0, 0, 0, 0, 0, 0, 0, 0, 0, 0, 0, 0, 0, 0, 0, 0, 0, -0.0010039977, -0.00088528445, -0.00070099, -0.00058869884, -0.0005541724, -0.000510369, -0.00048349332, -0.00045971738, -0.00044599228, -0.00041209487, -0.0003667625, -0.00033908052, -0.0002727752, -0.0001932567, -0.00014836698, -4.7228652e-05, 6.882083e-05, 0.00019915674, 0.00026982426, 0.00042081336, 0.0005809593, 0.0006626136, 0.00082823815, 0.0009949113, 0.0011593488, 0.0012396378, 0.0013937553, 0.0015392068, 0.0016083372, 0.0017377265, 0.0018540071, 0.001956072, 0.0020014665, 0.0020810217, 0.0021431264, 0.00216731, 0.002202169, 0.0022214013, 0.0022257771, 0.0022247313, 0.002209269, 0.0021800266, 0.0021615776, 0.0021204916, 0.0020784661, 0.0020575752, 0.0020166356, 0.001976926, 0.001941389, 0.0019265551, 0.0019035063, 0.0018876385, 0.001881222, 0.0018694414, 0.0018591646, 0.001854489, 0.0018471279, 0.0018406112, 0.001830935, 0.001823369, 0.0017997911, 0.0017626474, 0.001739115, 0.0016843943, 0.0016256805, 0.0015737552, 0.0015533257, 0.0015259123, 0.0015150633, 0.001514686, 0.0015215322, 0.0015341166, 0.0015407642, 0.0015508977, 0.0015538955, 0.001549792, 0.0015452899, 0.0015320429, 0.0015134854, 0.0015018818, 0.0014735676, 0.0014363974, 0.001388612, 0.001360107, 0.0012937888, 0.001215993, 0.0011736825, 0.0010829862, 0.0009861165, 0.00093610334, 0.00083296903, 0.0007274805, 0.00062158966, 0.0005690213, 0.00046578882, 0.00036570718, 0.00031687086, 0.00022162733, 0.00012936714, 3.9303082e-05, -5.414995e-06, -9.638376e-05, -0.00019513338, -0.00025051725, -0.00038118305, -0.0005323593
0, 0, 0, 0, 0, 0, 0, 0, 0, 0, 0, 0, 0, 0, 0, 0, 0, 0, 0, 0, 0, 0, 0, 0, 0, 0, 0, 0, 0, 0, 0, 0, 0, 0, 0, 0, 0, 0, 0, 0, 0, 0, 0, -0.0008883478, -0.0007552929, -0.0006683592, -0.0005214223, -0.00042238054, -0.00038722937, -0.00033619828, -0.00029847876, -0.00026429084, -0.00024668372, -0.00020785372, -0.00016269604, -0.00013679314, -7.818542e-05, -9.923758e-06, 2.799923e-05, 0.00011331172, 0.00021192564, 0.00032360025, 0.00038484958, 0.00051745033, 0.0006612153, 0.0007361039, 0.0008902712, 0.0010493264, 0.0012098559, 0.0012890933, 0.0014438785, 0.0015926645, 0.0016641215, 0.0017996446, 0.0019227257, 0.0020316204, 0.0020805877, 0.0021666775, 0.002235058, 0.0022617753, 0.002300733, 0.0023231825, 0.0023290776, 0.0023316208, 0.0023209201, 0.002298662, 0.0022842898, 0.002252266, 0.0022200115, 0.0022042445, 0.0021735188, 0.0021445605, 0.0021203246, 0.0021110894, 0.0020993624, 0.002094467, 0.0020932187, 0.0020903202, 0.0020869705, 0.0020854354, 0.0020828145, 0.002079026, 0.0020705566, 0.0020629405, 0.0020392188, 0.0020018977, 0.0019783296, 0.0019251974, 0.0018704992, 0.0018236124, 0.0018055949, 0.0017822728, 0.001774453, 0.0017750199, 0.0017820093, 0.0017931723, 0.0017986706, 0.0018059472, 0.001805497, 0.0017975592, 0.0017911592, 0.0017737878, 0.0017506408, 0.0017369722, 0.0017043672, 0.0016648186, 0.0016168985, 0.0015894023, 0.0015276202, 0.0014561454, 0.0014167646, 0.0013305616, 0.0012344525, 0.0011825939, 0.0010720879, 0.0009545084, 0.0008326942, 0.000771053, 0.0006484233, 0.0005277056, 0.0004683062, 0.00035228443, 0.00024011802, 0.0001319174, 7.875165e-05, -2.7840944e-05, -0.0001402979, -0.00020166057, -0.00034191125, -0.0004973389
0, 0, 0, 0, 0, 0, 0, 0, 0, 0, 0, 0, 0, 0, 0, 0, 0, 0, 0, 0, 0, 0, 0, 0, 0, 0, 0, 0, 0, 0, 0, 0, 0, 0, 0, 0, 0, 0, 0, 0, 0, 0, -0.0010089077, -0.00077133824, -0.00058379304, -0.0005080025, -0.00038220471, -0.00028530016, -0.00024544296, -0.00017816178, -0.00012118756, -6.882362e-05, -4.2945852e-05, 8.524031e-06, 6.248459e-05, 9.08335e-05, 0.00015095768, 0.00021610581, 0.00025107583, 0.00032688663, 0.00041176085, 0.0005060915, 0.00055748416, 0.0006678238, 0.0007879371, 0.0008512061, 0.0009838318, 0.001123554, 0.0012675213, 0.0013395674, 0.0014823611, 0.0016224228, 0.001690778, 0.0018215931, 0.001941366, 0.002049011, 0.0020980644, 0.0021864395, 0.002258054, 0.0022870968, 0.0023309034, 0.0023583758, 0.0023667875, 0.0023755291, 0.0023732632, 0.002361973, 0.0023541434, 0.0023372548, 0.0023209509, 0.0023133396, 0.0022990673, 0.002286375, 0.0022787624, 0.0022778993, 0.002282915, 0.0022950296, 0.0023019055, 0.002314979, 0.0023251353, 0.0023293102, 0.0023364646, 0.0023405063, 0.0023374974, 0.0023321167, 0.002311648, 0.0022773677, 0.0022555916, 0.002207491, 0.0021608467, 0.0021237107, 0.0021105218, 0.0020959538, 0.002094995, 0.0020982847, 0.002108912, 0.0021208117, 0.0021258944, 0.0021315385, 0.00212904, 0.002119082, 0.0021117334, 0.002092498, 0.0020664204, 0.0020508496, 0.00201483, 0.0019726735, 0.0019249609, 0.0018988792, 0.0018422641, 0.0017788777, 0.0017438941, 0.0016663335, 0.0015767621, 0.0015270455, 0.0014183624, 0.0012985202, 0.001170236, 0.0011036784, 0.00096762, 0.0008288029, 0.00075902883, 0.00061971956, 0.0004819415, 0.00034652936, 0.00027938996, 0.00014466069, 4.4818244e-06, -7.020639e-05, -0.00023387354, -0.00040284806
0, 0, 0, 0, 0, 0, 0, 0, 0, 0, 0, 0, 0, 0, 0, 0, 0, 0, 0, 0, 0, 0, 0, 0, 0, 0, 0, 0, 0, 0, 0, 0, 0, 0, 0, 0, 0, 0, 0, 0, 0, -0.001041215, -0.000821594, -0.0006095496, -0.00044608448, -0.00037926398, -0.0002637467, -0.0001634196, -0.00011793625, -3.3540226e-05, 4.2636068e-05, 0.000114556, 0.0001496369, 0.00021777258, 0.0002856401, 0.00031971806, 0.00038965364, 0.00046098762, 0.00049708475, 0.0005718348, 0.00064951624, 0.0007314699, 0.0007746159, 0.00086493837, 0.0009609645, 0.0010116424, 0.0011183226, 0.0012322796, 0.0013516585, 0.0014120924, 0.0015333515, 0.0016548134, 0.0017147461, 0.0018305831, 0.0019377233, 0.0020344027, 0.0020790515, 0.0021606758, 0.0022294926, 0.002257961, 0.002302396, 0.0023321952, 0.0023425366, 0.0023555863, 0.0023602375, 0.0023584769, 0.0023567257, 0.0023533725, 0.002352233, 0.0023524812, 0.002354114, 0.0023576613, 0.0023666609, 0.0023741964, 0.002395912, 0.0024241735, 0.0024392796, 0.0024680882, 0.0024923289, 0.0025024465, 0.002518999, 0.0025298393, 0.002532367, 0.0025291252, 0.002511673, 0.0024803472, 0.0024605056, 0.0024176529, 0.00237866, 0.0023512228, 0.0023429727, 0.002337086, 0.0023428176, 0.002348836, 0.0023631805, 0.0023764512, 0.0023814873, 0.0023865176, 0.002383871, 0.00237422, 0.0023675582, 0.0023496454, 0.0023248866, 0.0023099938, 0.002275505, 0.0022358568, 0.0021922817, 0.0021690852, 0.0021195787, 0.0020645626, 0.0020342483, 0.0019660993, 0.001885957, 0.0018409599, 0.0017410199, 0.0016286334, 0.0015051635, 0.0014396778, 0.0013017404, 0.0011560279, 0.001080737, 0.0009266328, 0.00076945877, 0.0006103997, 0.0005300264, 0.00036639924, 0.00019558292, 0.00010536544, -8.684299e-05, -0.00027348578
0, 0, 0, 0, 0, 0, 0, 0, 0, 0, 0, 0, 0, 0, 0, 0, 0, 0, 0, 0, 0, 0, 0, 0, 0, 0, 0, 0, 0, 0, 0, 0, 0, 0, 0, 0, 0, 0, 0, 0, -0.00076925196, -0.0007397513, -0.00059355015, -0.00044016732, -0.00031126037, -0.0002538836, -0.0001467953, -4.477038e-05, 4.911163e-06, 0.00010100871, 0.00019295316, 0.0002814125, 0.0003244676, 0.00040906089, 0.0004923631, 0.0005337829, 0.00061739504, 0.0007001518, 0.0007411485, 0.0008215068, 0.0008997805, 0.0009753653, 0.0010131804, 0.0010894526, 0.0011669864, 0.0012066541, 0.0012894967, 0.0013778917, 0.0014707831, 0.001517869, 0.0016130361, 0.0017095698, 0.0017575679, 0.0018509898, 0.0019367941, 0.0020137795, 0.0020496354, 0.0021154352, 0.002171859, 0.0021953618, 0.0022326314, 0.002258559, 0.0022680408, 0.002281131, 0.002287737, 0.0022899124, 0.0022907066, 0.0022944298, 0.0023023614, 0.002307514, 0.0023197418, 0.0023349053, 0.0023560233, 0.0023697591, 0.0024033207, 0.0024425678, 0.0024629228, 0.0025014258, 0.0025344156, 0.0025480443, 0.0025692342, 0.002582016, 0.0025854313, 0.002582552, 0.0025661688, 0.002535692, 0.002516767, 0.002477062, 0.0024428735, 0.0024212436, 0.0024156964, 0.0024145541, 0.0024238764, 0.002431104, 0.0024471579, 0.0024610655, 0.0024660192, 0.0024711331, 0.0024695469, 0.00246202, 0.0024565533, 0.0024423166, 0.002422671, 0.002410749, 0.0023837928, 0.0023535301, 0.002319971, 0.0023019721, 0.0022626705, 0.0022171673, 0.002191483, 0.0021325357, 0.0020625966, 0.0020232522, 0.0019356488, 0.0018363215, 0.001725187, 0.0016651071, 0.0015356997, 0.0013946272, 0.0013201025, 0.0011641314, 0.0010004406, 0.00082962774, 0.00074169424, 0.0005595639, 0.00036637878, 0.000264084, 4.882462e-05, -0.00015218744
0, 0, 0, 0, 0, 0, 0, 0, 0, 0, 0, 0, 0, 0, 0, 0, 0, 0, 0, 0, 0, 0, 0, 0, 0, 0, 0, 0, 0, 0, 0, 0, 0, 0, 0, 0, 0, 0, 0, -0.0007187785, -0.000584927, -0.00052118325, -0.0003962891, -0.00028001275, -0.00017415787, -0.00012368339, -2.3297207e-05, 7.806889e-05, 0.00012880127, 0.00023050894, 0.00033148527, 0.0004309762, 0.00048046085, 0.00057797955, 0.0006747995, 0.0007235142, 0.0008202429, 0.000915526, 0.0009620243, 0.0010513357, 0.0011344594, 0.0012108106, 0.0012469062, 0.0013166156, 0.0013831935, 0.0014157719, 0.001481604, 0.0015498627, 0.0016198446, 0.0016546524, 0.001724252, 0.0017942508, 0.0018290532, 0.0018954192, 0.0019547236, 0.0020060092, 0.0020292425, 0.0020714353, 0.0021064747, 0.0021208853, 0.0021430212, 0.0021574735, 0.0021624689, 0.0021686533, 0.002170392, 0.002169438, 0.0021692456, 0.0021718014, 0.0021803682, 0.002186632, 0.0022026382, 0.0022226789, 0.0022489286, 0.0022650817, 0.0023029095, 0.0023451825, 0.0023663712, 0.002406068, 0.0024393902, 0.0024528822, 0.0024722826, 0.002481231, 0.0024803143, 0.0024756733, 0.0024569912, 0.002425389, 0.0024063138, 0.002367163, 0.0023343153, 0.0023136307, 0.0023082101, 0.002306657, 0.0023152495, 0.0023220133, 0.002337515, 0.0023510172, 0.002355792, 0.0023609549, 0.0023602971, 0.002354855, 0.0023506514, 0.0023398155, 0.0023259525, 0.0023180426, 0.0023012413, 0.002283693, 0.0022641642, 0.0022529915, 0.0022264326, 0.0021923431, 0.002171834, 0.002123381, 0.0020648672, 0.0020318425, 0.0019580182, 0.0018735495, 0.0017774398, 0.0017246067, 0.0016089652, 0.001480113, 0.0014111638, 0.0012643463, 0.0011065645, 0.00093791104, 0.00084951776, 0.0006633615, 0.00046233716, 0.0003551001, 0.00012965649, -7.718368e-05
0, 0, 0, 0, 0, 0, 0, 0, 0, 0, 0, 0, 0, 0, 0, 0, 0, 0, 0, 0, 0, 0, 0, 0, 0, 0, 0, 0, 0, 0, 0, 0, 0, 0, 0, 0, 0, 0, 0, -0.0005696069, -0.00042787654, -0.0003614955, -0.000244787, -0.00014163325, -4.3846427e-05, 4.454115e-06, 0.00010229186, 0.00020252846, 0.00025377178, 0.00035691037, 0.00046105846, 0.000565593, 0.0006180351, 0.0007236272, 0.00082971295, 0.0008832933, 0.0009901295, 0.0010946147, 0.0011457222, 0.0012436523, 0.0013337216, 0.0014144457, 0.001451716, 0.0015211599, 0.001584302, 0.0016139703, 0.0016712995, 0.0017272952, 0.0017815176, 0.0018070333, 0.0018562143, 0.0019023032, 0.0019242604, 0.0019638876, 0.001995668, 0.0020190077, 0.002028079, 0.0020417192, 0.002050024, 0.0020521511, 0.0020526317, 0.0020494622, 0.002046777, 0.002039516, 0.0020299926, 0.0020198056, 0.002015576, 0.0020108637, 0.002013062, 0.002016832, 0.0020293333, 0.002047766, 0.002072367, 0.0020874604, 0.0021218078, 0.002159263, 0.002177591, 0.0022109447, 0.0022372317, 0.0022470097, 0.0022587008, 0.0022596584, 0.0022512507, 0.0022436378, 0.0022211492, 0.0021879494, 0.0021684023, 0.0021279152, 0.0020934674, 0.0020701692, 0.0020632034, 0.0020579286, 0.0020629962, 0.0020684074, 0.0020818417, 0.0020943917, 0.0020990288, 0.0021037247, 0.0021031308, 0.0020980467, 0.0020940865, 0.0020843672, 0.0020737953, 0.0020687317, 0.002059813, 0.0020527889, 0.0020451555, 0.0020400903, 0.0020254415, 0.0020032187, 0.0019887993, 0.0019530372, 0.0019083867, 0.0018826408, 0.00182395, 0.0017548664, 0.0016740616, 0.0016288775, 0.0015287311, 0.0014155441, 0.0013544089, 0.001222999, 0.0010792717, 0.0009228618, 0.00083964865, 0.0006621667, 0.00046736174, 0.0003624642, 0.0001404514, -6.318679e-05
0, 0, 0, 0, 0, 0, 0, 0, 0, 0, 0, 0, 0, 0, 0, 0, 0, 0, 0, 0, 0, 0, 0, 0, 0, 0, 0, 0, 0, 0, 0, 0, 0, 0, 0, 0, 0, -0.00082189246, -0.0007230859, -0.0004891694, -0.0003271993, -0.00025961912, -0.00014037226, -3.467306e-05, 6.65868e-05, 0.000116815296, 0.00021790824, 0.00032020954, 0.00037198295, 0.0004757584, 0.00058043975, 0.0006861174, 0.00073946826, 0.00084731245, 0.0009567741, 0.0010124054, 0.0011236782, 0.0012331073, 0.0012868006, 0.0013902978, 0.0014862623, 0.0015722386, 0.0016118838, 0.0016847857, 0.0017496783, 0.0017793477, 0.0018347495, 0.0018858267, 0.0019318864, 0.0019521305, 0.0019873888, 0.0020157371, 0.0020269968, 0.0020435522, 0.0020507567, 0.0020484824, 0.0020441166, 0.0020302609, 0.0020107252, 0.0019994986, 0.0019755866, 0.0019514343, 0.0019393242, 0.0019149175, 0.0018900539, 0.0018669425, 0.0018570927, 0.001842281, 0.0018345967, 0.0018334632, 0.0018369666, 0.0018479585, 0.0018663375, 0.0018776243, 0.0019035949, 0.0019313185, 0.0019445709, 0.0019673635, 0.0019822703, 0.0019863397, 0.001987146, 0.0019792768, 0.0019638098, 0.0019535313, 0.0019274831, 0.0018931726, 0.0018732559, 0.0018312648, 0.0017940208, 0.0017671066, 0.0017581307, 0.0017485162, 0.0017497331, 0.001753743, 0.0017650194, 0.0017759264, 0.0017798312, 0.001783375, 0.0017813566, 0.0017742061, 0.0017692171, 0.0017576708, 0.0017465852, 0.0017420299, 0.0017356492, 0.0017324197, 0.0017296785, 0.0017274172, 0.0017195581, 0.0017064594, 0.0016974403, 0.0016745894, 0.0016445656, 0.0016265269, 0.0015836449, 0.0015300361, 0.0014644713, 0.001427192, 0.0013432945, 0.0012475057, 0.00119504, 0.0010813872, 0.0009555728, 0.0008165235, 0.0007418008, 0.0005807232, 0.0004013671, 0.000303648, 9.476393e-05, -9.993741e-05
0, 0, 0, 0, 0, 0, 0, 0, 0, 0, 0, 0, 0, 0, 0, 0, 0, 0, 0, 0, 0, 0, 0, 0, 0, 0, 0, 0, 0, 0, 0, 0, 0, 0, 0, 0, 0, -0.0007233093, -0.00062307087, -0.00042818394, -0.00027200664, -0.00020417992, -7.911682e-05, 3.649896e-05, 0.0001472273, 0.00020224834, 0.00031062184, 0.00041811337, 0.00047202478, 0.0005790332, 0.0006850011, 0.0007911238, 0.00084442215, 0.0009513324, 0.0010599563, 0.0011149544, 0.0012246921, 0.0013336111, 0.001387247, 0.0014916102, 0.0015899279, 0.0016796552, 0.0017214149, 0.0017986028, 0.0018670562, 0.0018980693, 0.0019545385, 0.002005115, 0.0020481115, 0.0020659661, 0.0020938292, 0.0021110896, 0.0021155125, 0.0021155395, 0.0021039413, 0.002081277, 0.0020665745, 0.0020305908, 0.0019879567, 0.0019649041, 0.0019180047, 0.0018731556, 0.00185159, 0.0018099914, 0.0017698493, 0.0017331333, 0.0017173877, 0.0016917738, 0.0016739335, 0.0016674978, 0.0016600467, 0.00166112, 0.0016706951, 0.001677845, 0.0016944453, 0.0017112937, 0.0017188981, 0.0017300883, 0.0017335039, 0.0017319021, 0.0017225444, 0.0017073901, 0.0016876468, 0.0016759463, 0.001647744, 0.0016124254, 0.0015921828, 0.0015493408, 0.0015096371, 0.0014797441, 0.0014694111, 0.0014572189, 0.0014559072, 0.001458683, 0.0014680745, 0.0014768156, 0.0014793345, 0.0014797613, 0.0014739822, 0.0014628236, 0.0014557308, 0.0014401558, 0.0014257586, 0.0014197035, 0.0014103075, 0.0014036087, 0.0013975587, 0.0013940604, 0.0013859546, 0.0013761658, 0.0013703734, 0.0013562716, 0.0013373947, 0.0013253781, 0.0012953768, 0.0012554224, 0.0012043939, 0.0011748179, 0.0011074567, 0.0010291755, 0.0009858689, 0.0008906979, 0.00078365905, 0.0006638669, 0.00059894857, 0.0004575716, 0.00029782308, 0.00020966698, 1.8346163e-05, -0.00016543831
0, 0, 0, 0, 0, 0, 0, 0, 0, 0, 0, 0, 0, 0, 0, 0, 0, 0, 0, 0, 0, 0, 0, 0, 0, 0, 0, 0, 0, 0, 0, 0, 0, 0, 0, 0, -0.00095306494, -0.0006575902, -0.00055352197, -0.0003824703, -0.00023938042, -0.0001731691, -4.535662e-05, 7.7707606e-05, 0.00019841701, 0.0002577626, 0.00037472625, 0.00048968405, 0.00054653385, 0.0006589526, 0.0007687045, 0.0008767, 0.0009303994, 0.0010364801, 0.0011426276, 0.0011957592, 0.0013007934, 0.001405018, 0.001456246, 0.0015567169, 0.0016524944, 0.0017413178, 0.0017836103, 0.0018627271, 0.0019338375, 0.001966027, 0.002024129, 0.0020740821, 0.0021152594, 0.0021316544, 0.0021559796, 0.0021676156, 0.0021684188, 0.002159085, 0.002135796, 0.002100236, 0.0020787509, 0.0020290702, 0.00197153, 0.0019405098, 0.0018770919, 0.001815551, 0.001786086, 0.0017301872, 0.0016777486, 0.0016307342, 0.0016100218, 0.0015753285, 0.001549123, 0.0015388018, 0.0015230882, 0.0015156267, 0.0015172046, 0.0015207715, 0.0015300472, 0.0015384108, 0.001541325, 0.0015426113, 0.0015369783, 0.0015313484, 0.0015156216, 0.0014966837, 0.0014751102, 0.0014629086, 0.0014338231, 0.0013971463, 0.001376229, 0.001332397, 0.0012914819, 0.0012602707, 0.0012496365, 0.0012373619, 0.0012356552, 0.0012379616, 0.0012452526, 0.0012507132, 0.0012510098, 0.001245974, 0.0012343429, 0.0012174195, 0.0012075194, 0.0011868442, 0.0011674617, 0.001158724, 0.0011428528, 0.0011282607, 0.0011140244, 0.0011068562, 0.0010932818, 0.001080971, 0.0010750729, 0.0010624968, 0.0010470178, 0.00103743, 0.00101347, 0.0009818001, 0.0009416479, 0.0009183652, 0.0008650558, 0.0008024455, 0.0007674444, 0.00068930857, 0.0006000678, 0.00049901224, 0.00044373173, 0.00032244634, 0.00018306091, 0.000105000654, -6.83536e-05, -0.00024147193
0, 0, 0, 0, 0, 0, 0, 0, 0, 0, 0, 0, 0, 0, 0, 0, 0, 0, 0, 0, 0, 0, 0, 0, 0, 0, 0, 0, 0, 0, 0, 0, 0, 0, 0, -0.0008524338, -0.00072413427, -0.00053952314, -0.00045993453, -0.00032269766, -0.00019824442, -0.00013779478, -1.4729335e-05, 0.00010858168, 0.00023250088, 0.00029399846, 0.00041600064, 0.00053617253, 0.00059562334, 0.00071338995, 0.0008280266, 0.000940121, 0.0009949866, 0.0011019858, 0.0012058918, 0.0012569057, 0.0013571536, 0.0014549114, 0.0015030606, 0.0015969469, 0.0016864018, 0.0017704901, 0.0018104344, 0.0018866169, 0.001956376, 0.001988191, 0.0020449369, 0.0020927468, 0.002130412, 0.0021451355, 0.0021654298, 0.0021734885, 0.002172367, 0.0021592146, 0.0021312542, 0.0020905666, 0.0020662162, 0.0020107152, 0.001947153, 0.001912635, 0.0018413026, 0.0017705307, 0.0017360663, 0.0016707797, 0.0016108364, 0.0015579449, 0.0015347344, 0.0014957034, 0.001465676, 0.0014535312, 0.0014343516, 0.0014231111, 0.0014204973, 0.0014219622, 0.001427137, 0.0014313718, 0.0014316324, 0.0014270962, 0.0014161563, 0.0014086093, 0.0013908594, 0.0013713753, 0.0013500832, 0.0013375463, 0.0013071977, 0.0012688016, 0.0012471239, 0.001202017, 0.0011609304, 0.0011303792, 0.0011201572, 0.0011099215, 0.0011095485, 0.0011117202, 0.0011171004, 0.0011183004, 0.001115784, 0.0011041625, 0.0010854467, 0.0010620158, 0.001049185, 0.0010229022, 0.0009975944, 0.0009856608, 0.00096228067, 0.0009389288, 0.00091599097, 0.0009051041, 0.00088472205, 0.000866568, 0.00085799326, 0.0008402877, 0.0008202921, 0.0008091004, 0.0007833113, 0.00075246516, 0.0007165646, 0.0006964479, 0.0006513027, 0.00059893256, 0.0005695437, 0.00050402747, 0.00042877722, 0.00034343402, 0.0002965929, 0.00019290739, 7.1866605e-05, 2.8538614e-06, -0.00015424643, -0.00031838368
0, 0, 0, 0, 0, 0, 0, 0, 0, 0, 0, 0, 0, 0, 0, 0, 0, 0, 0, 0, 0, 0, 0, 0, 0, 0, 0, 0, 0, 0, 0, 0, 0, 0, -0.0006297397, -0.0006095456, -0.00050664187, -0.0003881095, -0.00033267334, -0.0002287162, -0.00012564978, -7.275728e-05, 3.762004e-05, 0.00015270727, 0.00027140038, 0.0003311994, 0.00045152535, 0.000571663, 0.0006313945, 0.0007499909, 0.00086705474, 0.0009821407, 0.0010384992, 0.001147612, 0.0012510604, 0.001300854, 0.0013968184, 0.0014886502, 0.0015335357, 0.0016201726, 0.0017017747, 0.0017778998, 0.0018140764, 0.001883387, 0.00194668, 0.0019756632, 0.0020268657, 0.002068834, 0.0021003706, 0.002112076, 0.0021264635, 0.0021299555, 0.0021273762, 0.0021122699, 0.0020837127, 0.0020432705, 0.0020190894, 0.0019643751, 0.0019015006, 0.0018672337, 0.001795593, 0.0017227194, 0.0016869497, 0.0016184362, 0.0015563633, 0.0015028613, 0.0014800337, 0.0014419304, 0.0014137643, 0.0014027839, 0.0013861789, 0.001376511, 0.0013742682, 0.0013755949, 0.001380776, 0.0013846138, 0.0013843683, 0.0013786469, 0.0013663806, 0.0013586353, 0.0013417869, 0.0013237651, 0.0013030833, 0.001290331, 0.0012585514, 0.0012183336, 0.0011959593, 0.0011503927, 0.0011099532, 0.0010812411, 0.001072388, 0.0010649636, 0.001066569, 0.001068906, 0.0010727003, 0.0010698375, 0.0010647303, 0.0010472485, 0.0010225566, 0.0009934704, 0.0009779074, 0.00094621663, 0.00091490016, 0.0008995845, 0.0008690862, 0.0008387197, 0.00080955715, 0.00079596956, 0.00077045476, 0.0007460665, 0.0007339511, 0.0007082747, 0.0006800214, 0.0006648426, 0.0006324141, 0.00059723767, 0.000558993, 0.0005385792, 0.00049437425, 0.0004446169, 0.00041727518, 0.0003574097, 0.00029018315, 0.00021486093, 0.00017376727, 8.264923e-05, -2.4625888e-05, -8.6548986e-05, -0.00023075759, -0.00038845703
0, 0, 0, 0, 0, 0, 0, 0, 0, 0, 0, 0, 0, 0, 0, 0, 0, 0, 0, 0, 0, 0, 0, 0, 0, 0, 0, 0, 0, 0, 0, 0, 0, -0.000516945, -0.00044018, -0.0003994322, -0.00030848215, -0.00022039811, -0.00017901037, -9.732613e-05, -1.2592057e-05, 3.169346e-05, 0.00012689776, 0.00022891363, 0.0003362666, 0.0003915256, 0.0005033443, 0.00061627163, 0.0006730143, 0.00078606233, 0.0008991518, 0.0010127213, 0.0010690986, 0.0011783296, 0.0012814424, 0.0013301871, 0.0014228442, 0.0015092533, 0.0015508023, 0.0016302613, 0.0017041385, 0.0017715154, 0.0018033357, 0.0018633682, 0.001917271, 0.0019412168, 0.001982565, 0.0020150633, 0.0020376558, 0.0020447718, 0.0020512433, 0.0020483765, 0.0020437096, 0.002026157, 0.0019977312, 0.0019588156, 0.0019360316, 0.0018848899, 0.0018263846, 0.0017946593, 0.0017273735, 0.0016580396, 0.0016236779, 0.0015580042, 0.0014986059, 0.001449065, 0.001428494, 0.0013963865, 0.0013749525, 0.0013674989, 0.0013575805, 0.0013534577, 0.001354708, 0.0013574092, 0.0013647885, 0.0013709194, 0.0013718025, 0.0013676028, 0.0013565543, 0.0013495961, 0.0013344472, 0.0013178571, 0.0012973765, 0.0012843993, 0.0012513306, 0.0012098441, 0.0011874003, 0.0011427321, 0.0011039529, 0.0010778955, 0.0010704885, 0.0010659726, 0.0010692902, 0.0010716759, 0.0010738582, 0.001068254, 0.0010616682, 0.0010412302, 0.0010136398, 0.0009813296, 0.0009639659, 0.0009278558, 0.00089139165, 0.0008731603, 0.00083736633, 0.0008028811, 0.00077078096, 0.00075576454, 0.0007270057, 0.00069788145, 0.00068264944, 0.0006499603, 0.00061462424, 0.0005959573, 0.0005572869, 0.0005168021, 0.0004737784, 0.00045123452, 0.00040319553, 0.0003505165, 0.00032243587, 0.00026257557, 0.00019735174, 0.00012602647, 8.757301e-05, 2.8707366e-06, -9.638088e-05, -0.00015403998, -0.00029030704, -0.00044455333
0, 0, 0, 0, 0, 0, 0, 0, 0, 0, 0, 0, 0, 0, 0, 0, 0, 0, 0, 0, 0, 0, 0, 0, 0, 0, 0, 0, 0, 0, 0, 0, 0, -0.00039881314, -0.00028512473, -0.00023083905, -0.00013386094, -5.121864e-05, -1.3219972e-05, 6.0149778e-05, 0.00013414444, 0.00017265693, 0.0002540903, 0.00034189085, 0.00043607943, 0.00048463867, 0.0005848358, 0.00068621046, 0.0007372996, 0.0008401261, 0.00094355206, 0.0010486445, 0.0011012064, 0.0012046813, 0.0013035225, 0.001350584, 0.0014389304, 0.0015200374, 0.001558583, 0.0016309897, 0.0016968665, 0.0017559231, 0.0017831483, 0.0018332949, 0.0018762109, 0.0018945361, 0.0019246631, 0.0019462532, 0.0019579164, 0.0019596466, 0.0019561928, 0.0019452495, 0.0019373965, 0.001915949, 0.0018857023, 0.0018468113, 0.0018247232, 0.0017764043, 0.0017226089, 0.0016938903, 0.001633275, 0.0015707221, 0.0015396259, 0.0014798361, 0.0014265504, 0.0013833353, 0.001366369, 0.0013421319, 0.0013292938, 0.0013261609, 0.0013242214, 0.0013262933, 0.0013316997, 0.0013357629, 0.0013451951, 0.0013535253, 0.0013554891, 0.0013532192, 0.0013435181, 0.0013369662, 0.001322581, 0.0013064006, 0.0012852326, 0.001271656, 0.0012374363, 0.0011956353, 0.0011734762, 0.0011301913, 0.0010940279, 0.0010706625, 0.0010644781, 0.0010616188, 0.0010652959, 0.0010673244, 0.0010680427, 0.0010614824, 0.0010547923, 0.0010348543, 0.0010078456, 0.00097531226, 0.00095740013, 0.00091912964, 0.00087958795, 0.00086000084, 0.00082173804, 0.0007859637, 0.0007531733, 0.0007375452, 0.0007067518, 0.0006743876, 0.00065721147, 0.00062081224, 0.0005823604, 0.00056259835, 0.000521433, 0.00047816944, 0.00043202165, 0.00040762805, 0.00035574945, 0.00029973505, 0.00027036053, 0.00020888943, 0.00014332931, 7.267623e-05, 3.4852797e-05, -4.7608606e-05, -0.00014331775, -0.00019889777, -0.000331407, -0.00048511947
0, 0, 0, 0, 0, 0, 0, 0, 0, 0, 0, 0, 0, 0, 0, 0, 0, 0, 0, 0, 0, 0, 0, 0, 0, 0, 0, 0, 0, 0, 0, 0, -0.00047186908, -0.000307408, -0.00016555702, -0.000102240105, 8.27944e-06, 0.00010115457, 0.00014271916, 0.00022081303, 0.0002949649, 0.00033163716, 0.00040639009, 0.00048442796, 0.00056670734, 0.00060902047, 0.000696281, 0.00078534964, 0.0008304369, 0.0009211403, 0.001012148, 0.0011038911, 0.0011500386, 0.0012409135, 0.001329054, 0.0013718753, 0.0014526362, 0.0015266755, 0.0015612786, 0.0016263815, 0.0016848188, 0.0017361355, 0.0017591136, 0.0017996215, 0.0018317798, 0.0018445245, 0.0018634124, 0.0018742552, 0.0018754619, 0.0018719953, 0.0018581284, 0.0018377013, 0.0018258289, 0.0017979394, 0.0017635309, 0.0017223929, 0.0016999416, 0.0016517272, 0.0016010011, 0.0015745893, 0.001520327, 0.0014650715, 0.0014375449, 0.0013849955, 0.0013386892, 0.0013023693, 0.0012888819, 0.0012715834, 0.0012659746, 0.0012661368, 0.0012697784, 0.0012755853, 0.0012829874, 0.0012871544, 0.0012962364, 0.0013039319, 0.0013057118, 0.0013035912, 0.0012937901, 0.001286933, 0.0012715687, 0.0012539005, 0.0012307444, 0.001216098, 0.0011801441, 0.0011378521, 0.001115966, 0.0010740722, 0.0010399797, 0.0010183124, 0.0010127646, 0.0010099002, 0.0010125209, 0.0010138139, 0.0010133794, 0.0010073165, 0.0010015587, 0.0009841355, 0.00095926103, 0.00092807534, 0.0009103541, 0.00087186496, 0.00083211466, 0.00081260677, 0.0007748706, 0.00073983934, 0.0007072151, 0.0006913002, 0.00065886887, 0.0006248667, 0.00060710876, 0.00057070924, 0.00053327036, 0.0005142743, 0.0004746144, 0.0004319533, 0.0003857882, 0.0003611422, 0.00030898384, 0.00025334413, 0.00022426253, 0.00016356829, 9.920403e-05, 2.9881821e-05, -7.1554114e-06, -8.7493725e-05, -0.00018042073, -0.00023423784, -0.00036407216, -0.00051831815
0, 0, 0, 0, 0, 0, 0, 0, 0, 0, 0, 0, 0, 0, 0, 0, 0, 0, 0, 0, 0, 0, 0, 0, 0, 0, 0, 0, 0, 0, -0.00071666396, -0.0005689736, -0.00035704707, -0.00018781789, -3.7754337e-05, 3.2764583e-05, 0.00016625675, 0.00028913328, 0.00034705337, 0.00045461935, 0.000552219, 0.0005978442, 0.000683607, 0.0007642828, 0.0008421292, 0.00088045123, 0.0009564197, 0.001031609, 0.0010689466, 0.0011419639, 0.0012112677, 0.0012769945, 0.0013086072, 0.0013694246, 0.0014281425, 0.0014569337, 0.0015120729, 0.0015630975, 0.0015873981, 0.0016336794, 0.0016759275, 0.0017117185, 0.0017267036, 0.0017497616, 0.0017632627, 0.0017665967, 0.0017677317, 0.0017609547, 0.0017441156, 0.0017315254, 0.0016994424, 0.001661687, 0.0016415545, 0.0015981448, 0.0015507616, 0.0015001579, 0.0014742983, 0.0014223986, 0.0013706441, 0.0013450552, 0.001294943, 0.0012478918, 0.001226031, 0.0011857244, 0.0011514209, 0.0011248828, 0.0011151875, 0.0011035663, 0.0011007271, 0.001101494, 0.0011044572, 0.0011073126, 0.001109313, 0.001110305, 0.0011121002, 0.0011122233, 0.0011108747, 0.0011040106, 0.0010905637, 0.0010814387, 0.0010593438, 0.0010331168, 0.0010018427, 0.0009836471, 0.0009418465, 0.000895621, 0.00087258377, 0.0008300406, 0.00079524197, 0.0007715568, 0.000764316, 0.00075734605, 0.00075646566, 0.0007567836, 0.0007568946, 0.0007536803, 0.0007494823, 0.00073411135, 0.00070921547, 0.0006766102, 0.0006584519, 0.0006205207, 0.00058254733, 0.0005642651, 0.0005291433, 0.00049469643, 0.00046084667, 0.00044388603, 0.00040976203, 0.0003761431, 0.0003597694, 0.0003275923, 0.00029536826, 0.00027865052, 0.000243616, 0.00020604362, 0.00016620055, 0.00014559235, 0.00010286406, 5.812985e-05, 3.4889777e-05, -1.3976567e-05, -6.675982e-05, -0.00012369145, -0.00015398934, -0.00021974384, -0.00029712383, -0.00034342092, -0.00046048715, -0.0006105041
0, 0, 0, 0, 0, 0, 0, 0, 0, 0, 0, 0, 0, 0, 0, 0, 0, 0, 0, 0, 0, 0, 0, 0, 0, 0, 0, 0, 0, 0, -0.00057534804, -0.0004878074, -0.00031693335, -0.00016510281, -2.2812465e-05, 4.7032307e-05, 0.00018404677, 0.00031579804, 0.00037929905, 0.00049983873, 0.0006109692, 0.0006631517, 0.00076092326, 0.0008520045, 0.00093770924, 0.0009790064, 0.0010595861, 0.0011376496, 0.0011756659, 0.0012483128, 0.0013147561, 0.0013749541, 0.0014026058, 0.0014542787, 0.0015018437, 0.0015245011, 0.0015670464, 0.0016058482, 0.0016243019, 0.0016599472, 0.0016926342, 0.0017196195, 0.0017302734, 0.0017447689, 0.0017498765, 0.0017492805, 0.0017430006, 0.0017288488, 0.0017045578, 0.0016882735, 0.0016495346, 0.0016060795, 0.0015831107, 0.0015340232, 0.0014805029, 0.0014242278, 0.0013960568, 0.0013401837, 0.0012850902, 0.0012578885, 0.0012056291, 0.001158554, 0.0011374454, 0.0011004993, 0.0010702269, 0.0010469574, 0.0010380693, 0.0010267706, 0.0010219181, 0.0010213064, 0.001021279, 0.0010211172, 0.0010203773, 0.0010199916, 0.0010194008, 0.0010176485, 0.0010154609, 0.001006786, 0.0009909943, 0.0009801415, 0.0009533315, 0.00092174514, 0.00088592386, 0.00086601626, 0.0008218953, 0.000773762, 0.0007496519, 0.00070473657, 0.0006671843, 0.00064012985, 0.00063109474, 0.0006216542, 0.0006200744, 0.00062057737, 0.00062145304, 0.00061847345, 0.0006138033, 0.00059598114, 0.00056791864, 0.0005327359, 0.00051374035, 0.00047475766, 0.00043621458, 0.00041741988, 0.00038058354, 0.00034404383, 0.00030795386, 0.00029025093, 0.00025549505, 0.00022224405, 0.0002062277, 0.00017451738, 0.00014202337, 0.00012506336, 8.9988345e-05, 5.379326e-05, 1.6960668e-05, -1.6039788e-06, -3.936831e-05, -7.8467565e-05, -9.8737364e-05, -0.00014107957, -0.0001862007, -0.00023411756, -0.00025945742, -0.0003144101, -0.00038047988, -0.0004211281, -0.0005281024, -0.0006731617
0, 0, 0, 0, 0, 0, 0, 0, 0, 0, 0, 0, 0, 0, 0, 0, 0, 0, 0, 0, 0, 0, 0, 0, 0, 0, 0, 0, 0, -0.00076869084, -0.000522335, -0.00043557756, -0.00028787897, -0.00015481058, -2.442648e-05, 4.20532e-05, 0.00017548341, 0.00030866227, 0.00037399583, 0.00050084124, 0.0006206302, 0.00067761523, 0.0007857585, 0.0008874543, 0.0009829074, 0.0010289178, 0.0011180863, 0.0012037324, 0.0012449467, 0.0013230611, 0.0013933337, 0.0014553582, 0.0014830489, 0.0015325525, 0.0015752736, 0.0015944982, 0.0016285471, 0.0016583136, 0.0016720976, 0.0016987936, 0.0017224532, 0.001740764, 0.0017470147, 0.0017528712, 0.0017500321, 0.0017457372, 0.0017322976, 0.00171152, 0.001681439, 0.0016626269, 0.0016196182, 0.001572274, 0.0015473599, 0.0014937455, 0.0014347963, 0.0013726035, 0.0013416628, 0.0012801454, 0.0012196428, 0.0011899734, 0.0011335562, 0.0010847125, 0.0010637249, 0.0010283221, 0.0010007016, 0.0009803299, 0.00097279606, 0.00096259697, 0.0009571506, 0.00095573533, 0.0009541058, 0.00095341, 0.00095278403, 0.0009526088, 0.0009524988, 0.00095117843, 0.0009491971, 0.0009400909, 0.0009218942, 0.00090921787, 0.0008779682, 0.00084211625, 0.00080333906, 0.0007825677, 0.0007372587, 0.00068768486, 0.00066257024, 0.00061477383, 0.0005737376, 0.00054308074, 0.0005325667, 0.0005214632, 0.0005198806, 0.0005206155, 0.0005213576, 0.00051640975, 0.0005102227, 0.0004888447, 0.00045759638, 0.00042069628, 0.00040114118, 0.0003612214, 0.0003210382, 0.00030111437, 0.000261362, 0.00022198264, 0.0001837691, 0.0001654327, 0.00012995944, 9.599401e-05, 7.924932e-05, 4.5729925e-05, 1.0833707e-05, -7.031761e-06, -4.325272e-05, -7.906657e-05, -0.00011429993, -0.0001318705, -0.00016735258, -0.00020352915, -0.00022204185, -0.00025999814, -0.00029896866, -0.00033922293, -0.000360271, -0.0004059053, -0.000461893, -0.0004974012, -0.0005948595, -0.0007350847
0, 0, 0, 0, 0, 0, 0, 0, 0, 0, 0, 0, 0, 0, 0, 0, 0, 0, 0, 0, 0, 0, 0, 0, 0, 0, 0, 0, -0.00081790605, -0.00064581615, -0.00046335932, -0.00038933853, -0.00026243474, -0.0001459711, -2.8122033e-05, 3.2333508e-05, 0.00015642059, 0.00028295876, 0.0003464559, 0.00047185645, 0.0005937186, 0.0006527776, 0.00076694123, 0.00087571406, 0.0009793645, 0.0010293893, 0.0011264095, 0.0012200288, 0.0012651709, 0.0013510633, 0.0014289091, 0.0014975354, 0.0015283425, 0.0015825243, 0.0016271657, 0.0016463827, 0.0016788578, 0.0017045342, 0.001715985, 0.0017363444, 0.0017527285, 0.0017633224, 0.0017660538, 0.0017651839, 0.0017559596, 0.0017484378, 0.0017286878, 0.0017025732, 0.0016681793, 0.0016478088, 0.0016023518, 0.0015525399, 0.0015258217, 0.0014677676, 0.0014031156, 0.0013348476, 0.001300544, 0.0012326055, 0.0011656063, 0.0011329284, 0.0010719962, 0.001020559, 0.0009992258, 0.0009646096, 0.0009391255, 0.0009217987, 0.00091599935, 0.00090861507, 0.0009049706, 0.0009039801, 0.0009032953, 0.00090447307, 0.0009070269, 0.0009084791, 0.0009108233, 0.00091113796, 0.0009094984, 0.00090014626, 0.00087990955, 0.0008656631, 0.0008312386, 0.00079325156, 0.0007539064, 0.000733113, 0.0006871986, 0.0006360234, 0.00060975115, 0.0005588742, 0.00051466556, 0.00048164386, 0.00047044086, 0.0004588035, 0.00045695546, 0.0004572629, 0.00045583045, 0.0004471378, 0.00043897406, 0.00041452923, 0.0003819147, 0.00034484686, 0.00032534203, 0.00028485357, 0.00024317419, 0.00022219917, 0.00018029248, 0.00013939998, 0.0001004477, 8.173866e-05, 4.5478373e-05, 9.763551e-06, -8.169661e-06, -4.4739372e-05, -8.218234e-05, -0.0001009477, -0.00013791774, -0.00017386452, -0.00020905906, -0.00022668488, -0.00026216087, -0.00029782046, -0.00031564018, -0.0003510931, -0.0003861109, -0.00042143467, -0.00043966854, -0.00047905123, -0.0005279082, -0.00055954844, -0.0006498017, -0.00078691065
0, 0, 0, 0, 0, 0, 0, 0, 0, 0, 0, 0, 0, 0, 0, 0, 0, 0, 0, 0, 0, 0, 0, 0, 0, 0, 0, -0.00080247835, -0.0007237434, -0.0005530481, -0.00040895815, -0.00034816875, -0.0002388584, -0.00013471393, -2.8695267e-05, 2.582943e-05, 0.00013800725, 0.0002542152, 0.00031307767, 0.00043131763, 0.0005490601, 0.00060720334, 0.00072199095, 0.00083357614, 0.0009412888, 0.0009935166, 0.0010948977, 0.0011929108, 0.0012402377, 0.0013311938, 0.00141536, 0.0014914338, 0.0015262539, 0.0015880066, 0.001639818, 0.0016619954, 0.0016987328, 0.0017264585, 0.0017377291, 0.0017556712, 0.0017675933, 0.0017731427, 0.0017733417, 0.0017682171, 0.0017551073, 0.0017456692, 0.0017220668, 0.001692322, 0.0016551935, 0.0016337299, 0.0015860931, 0.0015335884, 0.0015050167, 0.0014423836, 0.0013720877, 0.0012977257, 0.0012602691, 0.0011860149, 0.0011130131, 0.0010775962, 0.0010124546, 0.0009587545, 0.0009369671, 0.0009028825, 0.00087955594, 0.0008653199, 0.00086117594, 0.0008572985, 0.00085681345, 0.0008571104, 0.0008591268, 0.00086357124, 0.0008701722, 0.0008734921, 0.00087880855, 0.0008801457, 0.0008784106, 0.0008681451, 0.0008463171, 0.0008313721, 0.0007958994, 0.0007579657, 0.0007193603, 0.0006987609, 0.0006523332, 0.0005988989, 0.00057098456, 0.00051704963, 0.00047070577, 0.00043681415, 0.00042551162, 0.00041371692, 0.00041065348, 0.000409707, 0.0004045796, 0.00039200092, 0.0003822567, 0.0003561588, 0.00032373174, 0.0002872901, 0.0002679296, 0.00022700772, 0.0001844317, 0.0001629884, 0.00012098163, 8.056955e-05, 4.2100517e-05, 2.3461309e-05, -1.3381052e-05, -5.055033e-05, -6.941132e-05, -0.000107801876, -0.00014616057, -0.00016503448, -0.0002017586, -0.00023786916, -0.00027379184, -0.00029179954, -0.00032788175, -0.00036341822, -0.00038082353, -0.00041459315, -0.00044724575, -0.00047986896, -0.00049655035, -0.00053237396, -0.0005765471, -0.0006055579, -0.0006911407, -0.00082691415
0, 0, 0, 0, 0, 0, 0, 0, 0, 0, 0, 0, 0, 0, 0, 0, 0, 0, 0, 0, 0, 0, 0, 0, 0, 0, 0, -0.0007281937, -0.00063810457, -0.0004841115, -0.0003642157, -0.0003123421, -0.00021596484, -0.000121631696, -2.5635167e-05, 2.4023324e-05, 0.00012589805, 0.00023166466, 0.00028535834, 0.000395001, 0.0005055603, 0.0005609403, 0.0006716349, 0.0007811619, 0.00088841026, 0.0009407253, 0.0010421849, 0.0011393322, 0.0011864057, 0.0012770969, 0.0013623504, 0.0014421424, 0.0014792791, 0.001547667, 0.0016070396, 0.001633155, 0.0016770149, 0.0017100655, 0.0017231972, 0.0017428172, 0.0017541371, 0.0017578539, 0.0017570951, 0.001750604, 0.0017365828, 0.0017265133, 0.0017016174, 0.0016705091, 0.0016320138, 0.0016095118, 0.0015590774, 0.0015029337, 0.0014724499, 0.0014052643, 0.0013302597, 0.0012508945, 0.0012108608, 0.0011314255, 0.0010539416, 0.0010168127, 0.00094898406, 0.0008940454, 0.00087226386, 0.00083888404, 0.00081725797, 0.00080534385, 0.0008024273, 0.00080123765, 0.000803192, 0.0008048845, 0.00080963457, 0.00081741705, 0.0008271794, 0.0008318921, 0.00083896576, 0.00084047095, 0.0008383491, 0.0008267708, 0.00080401235, 0.00078880653, 0.00075383537, 0.0007174676, 0.0006799329, 0.0006594229, 0.00061154546, 0.0005549696, 0.00052547926, 0.0004691181, 0.0004215896, 0.00038746384, 0.00037612862, 0.00036338516, 0.00035790316, 0.00035520937, 0.00034644984, 0.00033124967, 0.0003208992, 0.00029479008, 0.0002628433, 0.00022651217, 0.00020680644, 0.00016494693, 0.000121940066, 0.00010069919, 5.974776e-05, 2.0773577e-05, -1.6578379e-05, -3.5025078e-05, -7.203527e-05, -0.00010949367, -0.00012841586, -0.00016600659, -0.0002030423, -0.00022113437, -0.00025677666, -0.0002925209, -0.00032874968, -0.00034681486, -0.00038230314, -0.00041650882, -0.00043306025, -0.0004649189, -0.00049580104, -0.0005264171, -0.00054196443, -0.0005748363, -0.000615089, -0.0006420775, -0.000724443, -0.0008599158
0, 0, 0, 0, 0, 0, 0, 0, 0, 0, 0, 0, 0, 0, 0, 0, 0, 0, 0, 0, 0, 0, 0, 0, 0, 0, -0.0009729286, -0.000660933, -0.000562556, -0.00042119736, -0.00031737788, -0.00027206074, -0.00018574027, -0.000100213234, -1.2353126e-05, 3.2541044e-05, 0.00012506584, 0.00022160134, 0.00027120367, 0.0003727901, 0.00047607452, 0.0005283619, 0.00063316134, 0.00073772774, 0.0008407727, 0.0008909087, 0.0009881753, 0.0010801505, 0.0011243712, 0.0012090828, 0.00128935, 0.0013660543, 0.001402936, 0.0014725532, 0.0015358143, 0.0015645316, 0.0016143294, 0.0016531874, 0.0016687918, 0.0016922071, 0.0017058579, 0.0017113339, 0.0017112972, 0.0017063124, 0.0016934214, 0.0016839541, 0.0016600426, 0.001629223, 0.0015898767, 0.0015666417, 0.001513802, 0.0014538676, 0.0014214857, 0.0013507154, 0.0012721051, 0.0011892737, 0.0011475662, 0.0010655134, 0.0009863507, 0.00094872504, 0.0008807951, 0.00082649605, 0.0008050745, 0.0007726561, 0.0007518316, 0.00074055727, 0.00073793036, 0.00073716126, 0.00074032345, 0.000742743, 0.0007496168, 0.00075954036, 0.0007712704, 0.00077673944, 0.0007842507, 0.0007852272, 0.0007824924, 0.00076952414, 0.0007463685, 0.00073151424, 0.00069813046, 0.0006633143, 0.0006262749, 0.00060524757, 0.0005551686, 0.0004958801, 0.00046516216, 0.00040740476, 0.0003595175, 0.0003248732, 0.00031284164, 0.00029769246, 0.00028896928, 0.00028463124, 0.00027333153, 0.0002573238, 0.00024712682, 0.0002216559, 0.00018947787, 0.00015184452, 0.00013128223, 8.821271e-05, 4.4966033e-05, 2.4086336e-05, -1.585786e-05, -5.381328e-05, -9.084911e-05, -0.00010918743, -0.00014576741, -0.00018234344, -0.0002003941, -0.00023562193, -0.0002700045, -0.000287121, -0.00032159255, -0.0003563926, -0.00039141762, -0.0004085676, -0.00044165435, -0.0004729201, -0.00048804015, -0.00051759864, -0.0005462286, -0.00057422085, -0.0005881245, -0.0006168601, -0.0006526345, -0.00067750603, -0.0007566864, -0.00089179946
0, 0, 0, 0, 0, 0, 0, 0, 0, 0, 0, 0, 0, 0, 0, 0, 0, 0, 0, 0, 0, 0, 0, 0, 0, 0, -0.0006991019, -0.00052807934, -0.0004562986, -0.0003423789, -0.00025244968, -0.00021165352, -0.00013299703, -5.5312983e-05, 2.3338525e-05, 6.3523905e-05, 0.00014630573, 0.00023311365, 0.00027838245, 0.00037204204, 0.00046842784, 0.0005175092, 0.000616348, 0.0007148304, 0.0008113407, 0.0008584823, 0.00094854383, 0.0010326309, 0.0010723544, 0.001147195, 0.0012176022, 0.0012851757, 0.0013182962, 0.0013823446, 0.0014429222, 0.0014715311, 0.0015226129, 0.0015644951, 0.0015815764, 0.0016084039, 0.0016250282, 0.001633357, 0.001634902, 0.0016333632, 0.0016240287, 0.0016161253, 0.0015946542, 0.001565402, 0.001526077, 0.0015024635, 0.0014479675, 0.0013859726, 0.0013523697, 0.0012791655, 0.0011984716, 0.001114, 0.0010719884, 0.0009906164, 0.00091355346, 0.0008774393, 0.0008124994, 0.0007605333, 0.00073995494, 0.0007083596, 0.00068733335, 0.0006747931, 0.00067129836, 0.0006692997, 0.00067254837, 0.0006754756, 0.0006837586, 0.0006946443, 0.0007067169, 0.00071207684, 0.00071911607, 0.00071924017, 0.0007160191, 0.0007022911, 0.0006794288, 0.0006652753, 0.0006336827, 0.00060000696, 0.0005624633, 0.0005404649, 0.00048787455, 0.0004267423, 0.00039549937, 0.00033753313, 0.0002894583, 0.00025334355, 0.00024009215, 0.00022187845, 0.00021010151, 0.00020464652, 0.00019231101, 0.0001762898, 0.00016622645, 0.00014046227, 0.0001067151, 6.682969e-05, 4.538222e-05, 1.4014877e-06, -4.1795523e-05, -6.244677e-05, -0.00010212215, -0.00014033752, -0.00017769697, -0.00019601974, -0.00023184704, -0.0002669155, -0.0002838256, -0.0003169617, -0.00034974676, -0.000366279, -0.0003996066, -0.00043292696, -0.0004652169, -0.00048070395, -0.00051030755, -0.0005383842, -0.0005520424, -0.00057865883, -0.00060403574, -0.00062798476, -0.0006396126, -0.00066341937, -0.0006941685, -0.0007166354, -0.0007917178, -0.0009254385
0, 0, 0, 0, 0, 0, 0, 0, 0, 0, 0, 0, 0, 0, 0, 0, 0, 0, 0, 0, 0, 0, 0, 0, 0, -0.00064198504, -0.0005052948, -0.00038311264, -0.0003300159, -0.00023866893, -0.00015911166, -0.00012133778, -4.7757952e-05, 2.4263178e-05, 9.564349e-05, 0.00013127591, 0.00020421165, 0.00028033828, 0.00032031623, 0.00040391833, 0.0004916715, 0.0005367938, 0.00062804157, 0.0007188779, 0.0008076269, 0.00085051334, 0.00093230366, 0.0010074977, 0.0010424018, 0.0011068939, 0.0011657483, 0.001221129, 0.0012479608, 0.0013005523, 0.0013512148, 0.0013757055, 0.0014210527, 0.0014602693, 0.0014769357, 0.0015039312, 0.0015216215, 0.001531695, 0.0015345715, 0.0015363918, 0.0015314125, 0.0015258151, 0.001508449, 0.0014816447, 0.0014435269, 0.0014200329, 0.0013651936, 0.0013024384, 0.0012684342, 0.001194964, 0.0011143131, 0.0010312244, 0.0009905902, 0.00091334054, 0.00084249664, 0.0008098421, 0.00075111917, 0.0007034182, 0.00068386935, 0.0006527405, 0.0006304209, 0.00061562576, 0.0006110327, 0.0006071278, 0.0006100662, 0.000613348, 0.000622525, 0.0006333443, 0.00064413494, 0.0006488593, 0.00065473444, 0.0006539475, 0.0006505169, 0.00063702004, 0.0006152479, 0.0006020014, 0.00057208433, 0.0005384681, 0.00049900886, 0.00047580907, 0.0004210986, 0.0003591852, 0.00032817724, 0.00027066426, 0.00022216362, 0.00018422867, 0.00016967373, 0.0001489224, 0.00013510555, 0.0001291233, 0.00011635517, 9.987817e-05, 8.9242734e-05, 6.143966e-05, 2.5061467e-05, -1.6879038e-05, -3.879403e-05, -8.3005296e-05, -0.00012600214, -0.00014663086, -0.00018658674, -0.00022544792, -0.0002630479, -0.00028118436, -0.0003162682, -0.00035008346, -0.0003665141, -0.00039895257, -0.0004314335, -0.00044770757, -0.00048003843, -0.0005113463, -0.0005406252, -0.0005545344, -0.000581387, -0.00060709886, -0.00061952387, -0.00064299, -0.00066441257, -0.0006837645, -0.00069288985, -0.0007119611, -0.0007378306, -0.0007577026, -0.0008280228, -0.00095956284
0, 0, 0, 0, 0, 0, 0, 0, 0, 0, 0, 0, 0, 0, 0, 0, 0, 0, 0, 0, 0, 0, 0, 0, -0.0005740929, -0.0004716885, -0.00034375908, -0.00023819409, -0.00019248138, -0.00011092967, -3.6013367e-05, 4.5508392e-07, 7.158912e-05, 0.00014079391, 0.00020745787, 0.00024017303, 0.00030502456, 0.00037105798, 0.00040579445, 0.00047799203, 0.0005544081, 0.0005938827, 0.0006744971, 0.00075466366, 0.00083288463, 0.00087057013, 0.00094229163, 0.0010080081, 0.0010383232, 0.001093978, 0.0011430697, 0.0011871752, 0.0012076092, 0.0012462927, 0.0012823368, 0.0012997189, 0.0013325522, 0.001361786, 0.0013749985, 0.0013970734, 0.00141245, 0.0014217979, 0.001424961, 0.0014285807, 0.0014267368, 0.0014229759, 0.0014092588, 0.0013854731, 0.0013494587, 0.0013266155, 0.0012724068, 0.0012100356, 0.001176297, 0.0011040202, 0.0010267808, 0.00094920676, 0.0009118544, 0.0008420546, 0.00077965646, 0.0007512485, 0.00070056465, 0.0006584276, 0.00064042, 0.00060968206, 0.0005856533, 0.0005685632, 0.0005630239, 0.0005581856, 0.00056098256, 0.00056447234, 0.0005736434, 0.00058365054, 0.0005922006, 0.00059561117, 0.0005996638, 0.00059836253, 0.00059514225, 0.00058277074, 0.0005625878, 0.0005500091, 0.00052048144, 0.00048567756, 0.0004435159, 0.00041906442, 0.00036323894, 0.0003019826, 0.00027155533, 0.0002148065, 0.00016563023, 0.00012596787, 0.000110391775, 8.809254e-05, 7.357381e-05, 6.732524e-05, 5.3729615e-05, 3.5575973e-05, 2.361404e-05, -7.361353e-06, -4.6351088e-05, -8.9497255e-05, -0.000111557536, -0.00015550847, -0.0001981895, -0.00021887597, -0.0002592774, -0.00029849462, -0.00033571714, -0.00035350397, -0.00038794617, -0.00042122227, -0.00043756224, -0.00047011094, -0.00050258107, -0.0005185881, -0.0005497351, -0.00057902467, -0.00060641783, -0.00061957136, -0.0006449891, -0.00066910696, -0.0006804101, -0.0007011072, -0.0007189318, -0.00073427503, -0.0007414148, -0.00075652543, -0.0007782088, -0.0007957745, -0.0008615758, -0.0009909793
0, 0, 0, 0, 0, 0, 0, 0, 0, 0, 0, 0, 0, 0, 0, 0, 0, 0, 0, 0, 0, 0, 0, -0.00047183392, -0.00043614276, -0.00031777917, -0.00019731393, -9.589042e-05, -5.1344086e-05, 3.0363637e-05, 0.00010632945, 0.0001433481, 0.00021504708, 0.00028413069, 0.00034964448, 0.0003809924, 0.0004418109, 0.0005015305, 0.00053151237, 0.00059290667, 0.0006566358, 0.0006895345, 0.0007565767, 0.00082342816, 0.0008884986, 0.00091973384, 0.0009792772, 0.0010342759, 0.0010597963, 0.001106987, 0.0011481016, 0.0011832843, 0.0011987288, 0.0012254096, 0.0012476973, 0.0012575475, 0.0012746595, 0.0012893168, 0.001295923, 0.0013075264, 0.0013159619, 0.0013215381, 0.0013237195, 0.0013267769, 0.0013256563, 0.0013224973, 0.0013098177, 0.0012873217, 0.0012527333, 0.001230657, 0.0011778545, 0.001116679, 0.0010836155, 0.001013736, 0.0009416459, 0.0008720399, 0.00083923456, 0.000778933, 0.00072532723, 0.00070091273, 0.0006577674, 0.00062167563, 0.0006057413, 0.0005765648, 0.0005513583, 0.00053280545, 0.0005269253, 0.000522486, 0.0005256944, 0.0005292387, 0.0005373829, 0.00054508104, 0.00055124314, 0.0005535161, 0.0005558097, 0.0005538855, 0.0005509532, 0.0005398122, 0.00052063033, 0.00050801015, 0.0004773562, 0.0004404379, 0.00039622595, 0.00037119322, 0.00031574623, 0.00025644788, 0.00022673013, 0.00017000343, 0.00011943311, 7.842918e-05, 6.2290266e-05, 3.9536135e-05, 2.4987537e-05, 1.8481667e-05, 3.3226386e-06, -1.7353283e-05, -3.0811265e-05, -6.4596046e-05, -0.000105173654, -0.0001485962, -0.00017060131, -0.00021436792, -0.00025741264, -0.0002784383, -0.0003191871, -0.00035815706, -0.0003945985, -0.0004120546, -0.00044565866, -0.00047850667, -0.00049477565, -0.0005271157, -0.0005589608, -0.0005743777, -0.00060383824, -0.00063169934, -0.000658393, -0.00067127845, -0.0006959586, -0.0007185924, -0.00072884024, -0.0007470238, -0.0007622598, -0.00077525305, -0.00078115857, -0.0007932933, -0.00081133534, -0.0008269518, -0.0008893286, -0.0010175656
0, 0, 0, 0, 0, 0, 0, 0, 0, 0, 0, 0, 0, 0, 0, 0, 0, 0, 0, 0, 0, 0, -0.00051388, -0.00038244613, -0.00031593087, -0.0001875473, -6.9981776e-05, 3.2572403e-05, 7.924744e-05, 0.00016609681, 0.00024699615, 0.00028579103, 0.00036099736, 0.0004329988, 0.0005010633, 0.0005332225, 0.0005944501, 0.0006516158, 0.00067926495, 0.0007330589, 0.0007860937, 0.0008125135, 0.0008656293, 0.0009178019, 0.00096845475, 0.0009927716, 0.0010390698, 0.0010823283, 0.001102776, 0.0011409222, 0.0011740051, 0.0012015107, 0.0012128634, 0.0012306476, 0.0012428649, 0.0012469346, 0.001251713, 0.0012524205, 0.0012520854, 0.0012507703, 0.0012485891, 0.0012463556, 0.0012456119, 0.001244558, 0.0012407141, 0.0012365731, 0.0012221787, 0.0011979225, 0.0011621028, 0.0011395094, 0.0010868683, 0.0010268136, 0.0009947385, 0.0009282161, 0.0008613772, 0.00079880824, 0.0007702942, 0.00071884703, 0.000673395, 0.00065278105, 0.0006160645, 0.0005852664, 0.0005713284, 0.0005449257, 0.0005204915, 0.00050217204, 0.0004965652, 0.0004930095, 0.000497056, 0.00050036085, 0.0005067933, 0.0005113262, 0.00051443867, 0.00051570224, 0.00051695557, 0.00051488203, 0.0005119259, 0.0005008744, 0.0004812148, 0.00046772172, 0.00043471443, 0.00039566794, 0.00035149933, 0.00032712234, 0.00027381783, 0.00021629901, 0.00018690997, 0.00012932028, 7.6833036e-05, 3.4649056e-05, 1.8571693e-05, -3.9838533e-06, -1.8826335e-05, -2.5852578e-05, -4.2605567e-05, -6.557415e-05, -8.000705e-05, -0.000115062096, -0.00015585078, -0.00019902433, -0.00022105311, -0.0002656168, -0.00030978085, -0.00033123032, -0.00037229707, -0.00041070138, -0.00044628835, -0.0004632189, -0.0004962214, -0.0005286147, -0.0005444981, -0.0005756047, -0.00060566317, -0.0006201435, -0.0006479073, -0.0006748047, -0.00070083025, -0.00071335636, -0.00073678466, -0.0007573695, -0.00076648645, -0.0007825485, -0.000796328, -0.00080796913, -0.0008129914, -0.0008224377, -0.00083705405, -0.0008510747, -0.00091127394, -0.0010395034
0, 0, 0, 0, 0, 0, 0, 0, 0, 0, 0, 0, 0, 0, 0, 0, 0, 0, 0, 0, 0, 0, -0.00047067195, -0.0003021309, -0.00022526062, -9.027807e-05, 2.7560276e-05, 0.00013322737, 0.00018267716, 0.00027568958, 0.0003626677, 0.0004044274, 0.00048511126, 0.0005622264, 0.00063482067, 0.0006692345, 0.0007341504, 0.00079339603, 0.0008210996, 0.00087254116, 0.0009197116, 0.00094216247, 0.000984882, 0.001025066, 0.0010628183, 0.001080585, 0.0011140393, 0.0011450211, 0.001159899, 0.0011875249, 0.001211529, 0.0012309715, 0.0012384483, 0.0012491054, 0.0012546744, 0.0012555778, 0.0012535613, 0.001246249, 0.0012413121, 0.0012299307, 0.0012174606, 0.0012053959, 0.0011999637, 0.0011901841, 0.0011792814, 0.001172065, 0.0011525521, 0.0011238724, 0.001083572, 0.0010589032, 0.0010028686, 0.0009418984, 0.00091039005, 0.00084682705, 0.00078422704, 0.00072668894, 0.0007008474, 0.000655528, 0.0006170855, 0.0005999251, 0.0005691398, 0.0005425584, 0.00053026754, 0.0005065179, 0.00048490905, 0.00046913544, 0.00046463648, 0.00046232995, 0.0004661974, 0.00046879248, 0.00047279158, 0.00047405026, 0.0004742089, 0.00047464643, 0.00047547455, 0.00047348833, 0.00047025093, 0.00045782575, 0.00043584403, 0.00042112175, 0.00038596595, 0.000346421, 0.00030400814, 0.00028105517, 0.00023028588, 0.0001731565, 0.00014329, 8.386097e-05, 2.9785955e-05, -1.2595028e-05, -2.8285915e-05, -5.033997e-05, -6.574324e-05, -7.341235e-05, -9.150838e-05, -0.00011569505, -0.00013046722, -0.0001655093, -0.00020603505, -0.00024933976, -0.0002717705, -0.00031764116, -0.00036285853, -0.00038454708, -0.0004256038, -0.0004634081, -0.00049841736, -0.00051510334, -0.00054757675, -0.00057915767, -0.00059440563, -0.00062372145, -0.00065177766, -0.0006653842, -0.00069197145, -0.0007178068, -0.0007422961, -0.0007537993, -0.0007747585, -0.00079300825, -0.00080108765, -0.00081559585, -0.0008279681, -0.00083755964, -0.00084130786, -0.0008479726, -0.0008597556, -0.0008724937, -0.0009308282, -0.0010588885
0, 0, 0, 0, 0, 0, 0, 0, 0, 0, 0, 0, 0, 0, 0, 0, 0, 0, 0, 0, 0, -0.0006166197, -0.00043159496, -0.00025371934, -0.00017518789, -3.6971007e-05, 8.3984734e-05, 0.00019358174, 0.00024532422, 0.0003438256, 0.00043675216, 0.00048147235, 0.0005684121, 0.00065117195, 0.000729412, 0.00076664705, 0.0008365603, 0.0009001817, 0.00092962413, 0.0009834609, 0.0010306872, 0.0010522655, 0.0010912502, 0.0011254908, 0.0011554916, 0.001168819, 0.0011923759, 0.0012122274, 0.001221197, 0.001237237, 0.0012506279, 0.0012608333, 0.0012643287, 0.0012685956, 0.0012696785, 0.0012692128, 0.001265018, 0.001256122, 0.0012499859, 0.0012351869, 0.0012167556, 0.0011964508, 0.0011859831, 0.0011648246, 0.0011420435, 0.0011293385, 0.0010999106, 0.0010632393, 0.0010155989, 0.0009874894, 0.0009256194, 0.000860885, 0.0008287909, 0.0007663466, 0.0007067948, 0.00065281265, 0.0006288024, 0.0005876318, 0.00055432017, 0.00053985126, 0.00051398115, 0.0004910228, 0.0004801566, 0.00045970868, 0.0004421351, 0.00043051713, 0.0004276518, 0.00042683413, 0.0004299417, 0.00043151446, 0.0004328672, 0.00043147622, 0.00042988046, 0.00042978217, 0.00043022435, 0.00042784, 0.00042403926, 0.0004094359, 0.00038455735, 0.0003687387, 0.0003327262, 0.000294228, 0.0002539956, 0.00023203726, 0.00018173484, 0.0001230735, 9.208032e-05, 3.0957628e-05, -2.3059743e-05, -6.410581e-05, -7.908149e-05, -0.00010056704, -0.0001168448, -0.0001251483, -0.00014437233, -0.00016896967, -0.00018375888, -0.00021857685, -0.00025920194, -0.00030343572, -0.00032648543, -0.00037345538, -0.00041903087, -0.00044063854, -0.00048110294, -0.00051848456, -0.00055315613, -0.0005697676, -0.00060181296, -0.00063227955, -0.0006468828, -0.000674883, -0.0007017178, -0.0007147567, -0.0007402491, -0.0007645059, -0.0007865981, -0.00079668104, -0.0008151227, -0.0008313276, -0.0008386428, -0.00085160654, -0.00086149824, -0.00086797366, -0.0008701391, -0.000874115, -0.00088370417, -0.0008952616, -0.0009511185, -0.0010778627
0, 0, 0, 0, 0, 0, 0, 0, 0, 0, 0, 0, 0, 0, 0, 0, 0, 0, 0, 0, 0, -0.0005276894, -0.00039208893, -0.00023317256, -0.00015974022, -2.5010466e-05, 9.6960815e-05, 0.00020955892, 0.0002630073, 0.00036533808, 0.00046269625, 0.00050980004, 0.0006017015, 0.0006896653, 0.0007735795, 0.000813641, 0.00088936713, 0.00095833704, 0.0009901294, 0.0010486654, 0.0010997973, 0.0011224437, 0.0011629424, 0.0011971663, 0.0012254419, 0.0012375353, 0.001256517, 0.0012695022, 0.0012739671, 0.0012800965, 0.0012829391, 0.0012835452, 0.0012828067, 0.0012804597, 0.0012780329, 0.0012768599, 0.001273544, 0.001267254, 0.0012627922, 0.0012500718, 0.00123127, 0.0012059171, 0.001191418, 0.0011586521, 0.0011211662, 0.0011008771, 0.0010570246, 0.0010081376, 0.000950995, 0.00091902795, 0.0008506255, 0.00078146846, 0.0007482355, 0.00068538496, 0.00062808784, 0.000577538, 0.00055534113, 0.00051778584, 0.00048816978, 0.00047545874, 0.00045293767, 0.00043315065, 0.00042419243, 0.00040840844, 0.00039619737, 0.0003896183, 0.00038844193, 0.0003892754, 0.00039176157, 0.00039255418, 0.00039219332, 0.00038958114, 0.00038734704, 0.0003870016, 0.00038690178, 0.00038341977, 0.00037865105, 0.0003612412, 0.00033405656, 0.00031758554, 0.00028171696, 0.000244613, 0.00020510679, 0.00018287118, 0.00013065331, 6.9779526e-05, 3.8042763e-05, -2.2943632e-05, -7.509786e-05, -0.0001139544, -0.0001282869, -0.00014987418, -0.00016735485, -0.00017619498, -0.00019599275, -0.00022061093, -0.00023542052, -0.0002705811, -0.0003120088, -0.00035764094, -0.00038130826, -0.0004287572, -0.00047391286, -0.0004951097, -0.00053485, -0.00057171116, -0.0006062919, -0.0006228782, -0.0006545486, -0.0006841369, -0.00069826597, -0.000725447, -0.0007514906, -0.000764055, -0.0007882978, -0.00081064337, -0.0008306646, -0.00083983334, -0.000856608, -0.00087122305, -0.0008776756, -0.00088842737, -0.000895485, -0.00089899596, -0.0008998415, -0.00090142625, -0.00090845756, -0.00091866363, -0.0009716651, -0.0010968507
0, 0, 0, 0, 0, 0, 0, 0, 0, 0, 0, 0, 0, 0, 0, 0, 0, 0, 0, 0, -0.0007553893, -0.00059321045, -0.00038901615, -0.00024073567, -0.00017383815, -4.7790694e-05, 7.1284e-05, 0.0001848144, 0.0002394655, 0.00034459183, 0.00044469393, 0.000493114, 0.00058748585, 0.0006791576, 0.0007673037, 0.00080944604, 0.0008903603, 0.00096464466, 0.0009991648, 0.0010628657, 0.0011186916, 0.0011437205, 0.0011878386, 0.0012246552, 0.0012553338, 0.0012682191, 0.0012883, 0.0013001102, 0.0013035479, 0.0013047607, 0.0013008567, 0.0012940051, 0.0012899109, 0.0012820547, 0.0012765891, 0.0012750259, 0.001272821, 0.0012699743, 0.0012676863, 0.0012592652, 0.0012428341, 0.0012157849, 0.0011982786, 0.0011557506, 0.0011040736, 0.0010755016, 0.0010151423, 0.0009518024, 0.0008841911, 0.00084851164, 0.00077500584, 0.00070280785, 0.0006686751, 0.000605554, 0.0005505342, 0.0005039973, 0.00048394763, 0.00045015567, 0.00042294824, 0.00041119877, 0.00039091025, 0.0003748486, 0.0003685592, 0.0003589523, 0.00035318552, 0.0003514038, 0.0003517063, 0.0003538268, 0.00035623636, 0.00035697792, 0.0003566212, 0.00035420302, 0.0003517272, 0.00035102532, 0.00035003707, 0.00034458432, 0.0003383484, 0.00031807256, 0.0002890752, 0.0002725404, 0.0002373761, 0.00020082467, 0.00016026486, 0.00013687141, 8.2180115e-05, 2.0160229e-05, -1.1300745e-05, -7.022712e-05, -0.000119838274, -0.00015743908, -0.00017189246, -0.00019432964, -0.00021283244, -0.00022187075, -0.00024148352, -0.00026582886, -0.00028077886, -0.00031690527, -0.00035959817, -0.00040614608, -0.0004300018, -0.00047717453, -0.0005215592, -0.0005423356, -0.00058176223, -0.00061884616, -0.0006535527, -0.00066989905, -0.0007008863, -0.0007296596, -0.0007433312, -0.0007696411, -0.0007948874, -0.0008070257, -0.00083001016, -0.00085087656, -0.00086962304, -0.00087823253, -0.0008940815, -0.00090725854, -0.0009126726, -0.0009209913, -0.0009259037, -0.00092766987, -0.0009276292, -0.0009268907, -0.0009308874, -0.00093953445, -0.0009901073, -0.0011146602
0, 0, 0, 0, 0, 0, 0, 0, 0, 0, 0, 0, 0, 0, 0, 0, 0, 0, 0, -0.0009456118, -0.00069647, -0.00058016094, -0.00040480803, -0.0002742134, -0.00021481447, -9.9555175e-05, 1.4394469e-05, 0.00012651608, 0.00018143342, 0.0002876017, 0.00038918614, 0.00043822877, 0.0005337865, 0.0006267363, 0.00071699556, 0.0007609779, 0.0008453536, 0.0009240592, 0.00096092146, 0.0010288273, 0.0010889474, 0.0011158274, 0.0011635481, 0.001203632, 0.0012378885, 0.0012526117, 0.0012767814, 0.0012928277, 0.0012978575, 0.0013012915, 0.0012970401, 0.001288118, 0.0012828542, 0.0012727443, 0.0012662373, 0.0012646182, 0.001263258, 0.0012619043, 0.001260597, 0.0012540665, 0.0012389948, 0.0012110668, 0.0011919509, 0.0011429172, 0.0010805571, 0.0010453708, 0.0009708234, 0.0008938037, 0.0008161776, 0.00077731226, 0.0007006873, 0.0006281207, 0.00059422915, 0.00053261174, 0.00048004958, 0.0004370575, 0.00041905904, 0.00038836928, 0.00036286694, 0.00035164866, 0.0003332256, 0.00032138074, 0.00031797323, 0.00031476913, 0.00031462646, 0.00031631743, 0.00031766377, 0.00032095626, 0.00032405625, 0.0003250831, 0.00032527413, 0.0003234555, 0.00032094662, 0.00031999013, 0.00031752905, 0.00030962782, 0.00030207637, 0.00027940594, 0.0002494842, 0.00023303967, 0.00019847012, 0.00016136127, 0.0001188679, 9.435975e-05, 3.85228e-05, -2.2682412e-05, -5.3036267e-05, -0.00010972801, -0.00015819866, -0.0001964149, -0.00021143835, -0.00023485972, -0.00025335245, -0.00026202435, -0.0002806221, -0.00030475273, -0.0003200087, -0.0003569418, -0.00040035226, -0.00044690643, -0.00047053714, -0.00051709067, -0.00056113896, -0.00058204646, -0.0006220999, -0.0006596307, -0.0006939815, -0.00070989766, -0.00073972926, -0.0007674725, -0.0007807278, -0.0008064477, -0.00083081843, -0.00084238005, -0.0008640843, -0.0008838211, -0.0009015797, -0.0009097321, -0.00092435424, -0.000936066, -0.00094067544, -0.0009472254, -0.0009506963, -0.0009513611, -0.0009505714, -0.0009476877, -0.0009490078, -0.00095644174, -0.0010053795, -0.0011299629
0, 0, 0, 0, 0, 0, 0, 0, 0, 0, 0, 0, 0, 0, 0, 0, 0, 0, 0, -0.0007884, -0.0006447476, -0.0005669241, -0.0004358264, -0.00032655432, -0.00027473213, -0.0001702414, -6.3057654e-05, 4.5284996e-05, 9.8860364e-05, 0.0002039959, 0.00030472554, 0.0003533655, 0.00044839634, 0.0005409026, 0.000631631, 0.00067601446, 0.00076274725, 0.00084467, 0.00088341784, 0.0009552401, 0.0010186535, 0.0010471026, 0.0010978007, 0.0011408236, 0.0011778963, 0.0011942552, 0.0012227305, 0.0012447108, 0.0012531481, 0.0012634451, 0.0012656295, 0.0012615048, 0.0012581014, 0.0012512903, 0.0012471678, 0.0012463693, 0.0012459782, 0.0012441997, 0.001242237, 0.0012343568, 0.0012175571, 0.0011881111, 0.0011679687, 0.0011160792, 0.001048584, 0.0010099096, 0.00092701294, 0.0008406232, 0.00075507804, 0.00071358815, 0.0006349672, 0.00056411215, 0.0005316782, 0.00047311452, 0.00042310177, 0.00038223018, 0.0003650558, 0.00033548515, 0.0003105688, 0.00029967603, 0.00028272992, 0.0002739675, 0.00027263036, 0.00027385636, 0.00027674143, 0.00027987422, 0.00028162022, 0.00028596964, 0.00029004374, 0.00029145204, 0.00029227624, 0.00029073207, 0.0002883932, 0.0002871978, 0.0002834385, 0.00027369222, 0.00026516552, 0.00024113817, 0.00021110143, 0.00019481347, 0.00016018447, 0.00012180839, 7.743506e-05, 5.2453088e-05, -2.8988038e-06, -6.2138206e-05, -9.157958e-05, -0.0001473977, -0.00019671959, -0.00023636187, -0.00025179784, -0.00027516406, -0.00029241067, -0.00030031518, -0.00031787046, -0.0003419545, -0.00035745, -0.00039473813, -0.00043787, -0.00048383052, -0.00050729007, -0.00055359903, -0.0005979271, -0.000619163, -0.0006597309, -0.00069699134, -0.0007304085, -0.0007458014, -0.0007746889, -0.0008018515, -0.00081489224, -0.00084001344, -0.0008633844, -0.00087426713, -0.0008945176, -0.00091310206, -0.00092985324, -0.0009374106, -0.00095033256, -0.00096037117, -0.000964313, -0.00096980436, -0.0009720717, -0.0009710842, -0.0009693562, -0.0009646762, -0.00096435566, -0.00097098923, -0.0010185152, -0.0011426024
0, 0, 0, 0, 0, 0, 0, 0, 0, 0, 0, 0, 0, 0, 0, 0, 0, 0, 0, -0.00080192887, -0.00063262315, -0.0005701262, -0.00046902697, -0.00038001672, -0.00033553364, -0.00024290707, -0.00014499378, -4.3755434e-05, 6.907446e-06, 0.00010707921, 0.00020379912, 0.00025079574, 0.0003425827, 0.0004322202, 0.0005206458, 0.00056438963, 0.0006508769, 0.00073469966, 0.0007746889, 0.0008502579, 0.0009175475, 0.0009478348, 0.0010019182, 0.0010482012, 0.0010877836, 0.0011055014, 0.0011368239, 0.0011632999, 0.0011747535, 0.0011929759, 0.0012047075, 0.0012104495, 0.0012117423, 0.0012129142, 0.0012148672, 0.0012161573, 0.0012178338, 0.0012156216, 0.0012125607, 0.0012016469, 0.0011816169, 0.0011498493, 0.0011290851, 0.0010767909, 0.0010091988, 0.000970434, 0.00088566775, 0.0007963238, 0.0007073466, 0.0006646234, 0.0005853579, 0.0005167495, 0.0004861737, 0.0004309089, 0.00038280926, 0.00034174338, 0.00032395124, 0.0002928979, 0.000266767, 0.00025573917, 0.00023908693, 0.00023121054, 0.00023033486, 0.00023228872, 0.00023530236, 0.00023835222, 0.00024028083, 0.0002452352, 0.0002501822, 0.00025194953, 0.00025336607, 0.00025259357, 0.00025084644, 0.0002495735, 0.00024491505, 0.00023375738, 0.00022482571, 0.00020064438, 0.00017118872, 0.00015499821, 0.00011971618, 7.952141e-05, 3.3855347e-05, 8.887412e-06, -4.542138e-05, -0.00010338427, -0.00013254906, -0.00018905736, -0.00023964501, -0.00027953353, -0.00029457806, -0.0003163567, -0.00033191527, -0.00033927834, -0.00035661118, -0.0003812686, -0.0003970026, -0.00043431894, -0.00047677744, -0.00052216224, -0.0005454533, -0.0005917042, -0.00063627394, -0.0006575532, -0.0006977248, -0.0007340827, -0.00076638436, -0.00078146544, -0.0008102514, -0.0008372289, -0.0008500986, -0.0008743286, -0.0008964272, -0.0009066786, -0.0009257919, -0.000943342, -0.00095890387, -0.00096571626, -0.0009770608, -0.0009854122, -0.0009885993, -0.0009928782, -0.000993774, -0.0009907532, -0.0009879319, -0.000981369, -0.0009798026, -0.0009856821, -0.0010315377, -0.0011544933
0, 0, 0, 0, 0, 0, 0, 0, 0, 0, 0, 0, 0, 0, 0, 0, 0, 0, -0.0009666292, -0.0007629208, -0.00061718794, -0.0005667499, -0.0004873516, -0.00041566524, -0.000378813, -0.00029977292, -0.00021424462, -0.00012414552, -7.8244535e-05, 1.2990699e-05, 0.000102360915, 0.00014602214, 0.00023189146, 0.00031589827, 0.00039940234, 0.00044088633, 0.0005244426, 0.00060725963, 0.0006477627, 0.00072538096, 0.0007959984, 0.0008282588, 0.00088634185, 0.0009366243, 0.0009800179, 0.0009994125, 0.0010336768, 0.0010631002, 0.0010764182, 0.0011004403, 0.0011201065, 0.0011357852, 0.0011421698, 0.0011528156, 0.0011622033, 0.0011663662, 0.0011715511, 0.0011702437, 0.0011668351, 0.0011538462, 0.0011312105, 0.0010976776, 0.0010766481, 0.0010253828, 0.00096115115, 0.0009244915, 0.0008443726, 0.00075881934, 0.00067256246, 0.0006306556, 0.00055319007, 0.00048690796, 0.00045771533, 0.0004047926, 0.00035697626, 0.0003139904, 0.00029467462, 0.0002602376, 0.0002313475, 0.00021922769, 0.00020082189, 0.0001916171, 0.00019001671, 0.00019029524, 0.00019195714, 0.00019413565, 0.00019586629, 0.00020093868, 0.00020667975, 0.00020894001, 0.00021166356, 0.0002124377, 0.00021179933, 0.00021064858, 0.00020499082, 0.00019285898, 0.0001838349, 0.00016054847, 0.00013166042, 0.000115324394, 7.869241e-05, 3.669743e-05, -9.6354715e-06, -3.440533e-05, -8.7875094e-05, -0.00014561307, -0.00017517756, -0.0002327416, -0.00028343638, -0.00032184855, -0.00033591845, -0.00035581685, -0.00037054662, -0.00037799275, -0.00039599233, -0.0004213532, -0.00043700868, -0.00047386406, -0.0005155049, -0.00056053256, -0.0005837519, -0.00063003035, -0.0006744886, -0.0006955038, -0.0007347125, -0.00077001273, -0.000801838, -0.0008168976, -0.00084570586, -0.0008723825, -0.0008847968, -0.00090773153, -0.00092872535, -0.0009385875, -0.0009571915, -0.00097393675, -0.0009880979, -0.0009942105, -0.0010042627, -0.0010114291, -0.0010139944, -0.0010168202, -0.0010159487, -0.0010111865, -0.0010075351, -0.0009992728, -0.0009957801, -0.0010007279, -0.0010447925, -0.0011669612
0, 0, 0, 0, 0, 0, 0, 0, 0, 0, 0, 0, 0, 0, 0, 0, 0, -0.000981223, -0.00088389014, -0.000702584, -0.00058807875, -0.0005486487, -0.00048548082, -0.00042725413, -0.0003968767, -0.0003312193, -0.00025903352, -0.00018184002, -0.000142221, -6.2332736e-05, 1.7153943e-05, 5.639938e-05, 0.00013410217, 0.00021075533, 0.0002869992, 0.0003251669, 0.00040267807, 0.00048078896, 0.0005200591, 0.0005966392, 0.0006682428, 0.00070151, 0.00076252985, 0.00081637944, 0.00086419174, 0.0008859668, 0.0009245828, 0.00095769844, 0.0009725509, 0.0009996954, 0.0010238435, 0.0010451948, 0.0010547646, 0.0010716736, 0.0010867774, 0.0010932431, 0.0011022277, 0.0011034915, 0.0011009964, 0.0010889497, 0.0010666358, 0.001033278, 0.0010127211, 0.0009636994, 0.0009041782, 0.0008709975, 0.00079944247, 0.00072368333, 0.00064572087, 0.0006070092, 0.0005340089, 0.00047028463, 0.00044185837, 0.00038973146, 0.00034079846, 0.00029478222, 0.0002736177, 0.00023516004, 0.00020287013, 0.00018926522, 0.0001682207, 0.00015612922, 0.00015308529, 0.00015082194, 0.00015070502, 0.00015169414, 0.00015299268, 0.00015789055, 0.00016460099, 0.00016764716, 0.00017240805, 0.0001750345, 0.0001751033, 0.0001737607, 0.00016713089, 0.00015459296, 0.00014592308, 0.00012377744, 9.499595e-05, 7.8104866e-05, 3.98327e-05, -3.1937118e-06, -4.92991e-05, -7.377356e-05, -0.00012650275, -0.00018464311, -0.00021470505, -0.00027275475, -0.00032255857, -0.00035921426, -0.0003724439, -0.00039172883, -0.00040670772, -0.0004144307, -0.00043281805, -0.0004577417, -0.0004729759, -0.0005086092, -0.0005496966, -0.0005947652, -0.0006180981, -0.00066444423, -0.0007082478, -0.00072886306, -0.0007672843, -0.0008020291, -0.0008338168, -0.0008488618, -0.0008773235, -0.0009028421, -0.0009145937, -0.0009366359, -0.00095710804, -0.0009667275, -0.0009848299, -0.0010006154, -0.0010134573, -0.0010189473, -0.0010281282, -0.0010345854, -0.0010366807, -0.0010379816, -0.0010355491, -0.0010296028, -0.0010253952, -0.0010157482, -0.0010102378, -0.0010141117, -0.0010566227, -0.0011786332
0, 0, 0, 0, 0, 0, 0, 0, 0, 0, 0, 0, 0, 0, 0, 0, 0, -0.0009002939, -0.0007985587, -0.00064651115, -0.00055448356, -0.00052206917, -0.00046828223, -0.00041827906, -0.00039241585, -0.00033700664, -0.00027619043, -0.00021100166, -0.00017709393, -0.00010827614, -3.8769173e-05, -4.003479e-06, 6.507053e-05, 0.00013364028, 0.00020187604, 0.00023608297, 0.0003052263, 0.00037554346, 0.00041127315, 0.00048271698, 0.00055129436, 0.0005839965, 0.00064501434, 0.0007004427, 0.0007515373, 0.0007752503, 0.0008185028, 0.0008558886, 0.0008723487, 0.0009017175, 0.00092704565, 0.00094954425, 0.00095980417, 0.0009784045, 0.0009954355, 0.0010030532, 0.0010146422, 0.001019108, 0.0010183307, 0.0010100451, 0.000991238, 0.00096157927, 0.00094283547, 0.0008978013, 0.0008438907, 0.00081439986, 0.000752724, 0.000688689, 0.0006223761, 0.00058854057, 0.00052218005, 0.0004608951, 0.0004327867, 0.000379703, 0.0003286008, 0.00027974253, 0.00025670725, 0.00021486644, 0.00017919742, 0.00016394621, 0.0001395837, 0.00012431848, 0.00011982785, 0.000114873576, 0.000112605405, 0.00011184615, 0.000112555026, 0.00011710675, 0.00012503784, 0.00012924956, 0.00013590802, 0.000139275, 0.00013874038, 0.00013688974, 0.0001296513, 0.000117912576, 0.00011002571, 8.923584e-05, 6.018186e-05, 4.2520544e-05, 2.620488e-06, -4.0473664e-05, -8.550672e-05, -0.00010935565, -0.00016184254, -0.0002207053, -0.0002510705, -0.00030903594, -0.00035764184, -0.00039323643, -0.00040628458, -0.00042579815, -0.0004410741, -0.0004486927, -0.00046633696, -0.00048992597, -0.0005045824, -0.0005393164, -0.000580359, -0.00062557467, -0.0006488711, -0.00069467805, -0.0007375792, -0.00075785065, -0.0007957677, -0.0008303756, -0.0008620585, -0.0008768945, -0.00090434327, -0.00092871214, -0.00094002776, -0.0009617018, -0.0009818686, -0.0009912406, -0.0010082884, -0.0010227894, -0.0010347802, -0.0010398895, -0.0010483334, -0.0010539175, -0.0010553733, -0.0010554551, -0.0010519206, -0.0010449954, -0.0010402515, -0.0010293333, -0.0010222292, -0.0010253058, -0.0010666364, -0.00118839
0, 0, 0, 0, 0, 0, 0, 0, 0, 0, 0, 0, 0, 0, 0, 0, -0.00100876, -0.0008073623, -0.00072035816, -0.0005967471, -0.00051964447, -0.00049032876, -0.00044016825, -0.0003934996, -0.00036982432, -0.00032049403, -0.00026760943, -0.00021136574, -0.0001817979, -0.00012163369, -6.014656e-05, -2.9310193e-05, 3.2431206e-05, 9.387816e-05, 0.00015486327, 0.00018525099, 0.00024578365, 0.00030685, 0.00033785313, 0.00040041292, 0.00046188847, 0.0004918746, 0.0005491674, 0.00060276425, 0.00065385055, 0.0006783098, 0.00072373013, 0.0007640364, 0.000781915, 0.0008131046, 0.0008389268, 0.0008606185, 0.00087026285, 0.00088753406, 0.0009034543, 0.00091079576, 0.000922762, 0.00092896784, 0.0009298744, 0.0009259699, 0.00091300334, 0.0008897146, 0.00087419926, 0.00083530735, 0.00078748714, 0.0007614574, 0.00070794177, 0.0006542606, 0.0005990433, 0.00057023653, 0.0005112117, 0.00045308447, 0.00042502984, 0.00037018533, 0.00031617304, 0.00026422684, 0.00023976922, 0.0001951463, 0.00015675585, 0.00014016304, 0.00011300598, 9.485346e-05, 8.882934e-05, 8.090968e-05, 7.579289e-05, 7.28604e-05, 7.292507e-05, 7.7242184e-05, 8.6637156e-05, 9.172311e-05, 9.9184406e-05, 0.0001014271, 9.949611e-05, 9.727896e-05, 9.09989e-05, 8.128282e-05, 7.440813e-05, 5.4484775e-05, 2.430572e-05, 5.765667e-06, -3.5044235e-05, -7.716256e-05, -0.000120884164, -0.00014457852, -0.00019759747, -0.00025725891, -0.00028768653, -0.000344977, -0.00039242182, -0.0004273555, -0.00044050795, -0.0004601282, -0.00047504716, -0.00048216555, -0.00049857807, -0.0005212262, -0.0005355962, -0.00057015865, -0.00061115756, -0.00065606856, -0.00067897263, -0.0007236947, -0.00076574093, -0.0007856933, -0.00082339434, -0.00085779343, -0.0008889084, -0.0009032663, -0.0009296022, -0.0009533839, -0.0009646021, -0.0009860666, -0.0010055635, -0.001014433, -0.0010302733, -0.0010437913, -0.0010552177, -0.0010601198, -0.001067599, -0.0010718135, -0.0010726601, -0.0010718569, -0.0010675248, -0.0010594145, -0.0010539279, -0.0010415729, -0.0010332357, -0.0010358121, -0.0010761118, -0.0011972173
0, 0, 0, 0, 0, 0, 0, 0, 0, 0, 0, 0, 0, 0, 0, 0, -0.00089277275, -0.00071034726, -0.00064144423, -0.0005427054, -0.000475879, -0.0004484494, -0.00039906253, -0.0003526065, -0.0003296526, -0.00028283824, -0.00023442891, -0.00018362919, -0.00015723945, -0.000102919614, -4.7124387e-05, -1.9098306e-05, 3.7442645e-05, 9.3542156e-05, 0.00014894846, 0.00017630114, 0.00023021045, 0.0002827455, 0.0003088075, 0.00036093654, 0.00041267616, 0.0004382175, 0.00048810084, 0.00053611636, 0.0005828073, 0.00060551026, 0.0006489613, 0.0006890136, 0.0007073603, 0.0007398474, 0.00076673494, 0.0007887031, 0.0007981122, 0.00081412407, 0.00082805305, 0.00083432114, 0.00084430695, 0.0008500383, 0.0008513934, 0.0008499443, 0.00084148993, 0.0008241421, 0.00081181014, 0.0007794201, 0.0007379436, 0.00071495527, 0.0006678221, 0.000621419, 0.0005739268, 0.000549022, 0.0004962197, 0.00044116125, 0.00041313685, 0.00035662038, 0.00029988508, 0.0002452604, 0.00021973677, 0.00017348364, 0.00013395923, 0.000116662275, 8.762789e-05, 6.69006e-05, 5.9287904e-05, 4.7964626e-05, 3.9985767e-05, 3.5485817e-05, 3.5186196e-05, 3.981751e-05, 4.993092e-05, 5.5101136e-05, 6.1715284e-05, 6.197258e-05, 5.9032478e-05, 5.726638e-05, 5.320372e-05, 4.565374e-05, 3.9230126e-05, 1.8495522e-05, -1.33189105e-05, -3.2339005e-05, -7.277127e-05, -0.00011327999, -0.00015604921, -0.00017991268, -0.00023408819, -0.00029426077, -0.00032440547, -0.00038053608, -0.00042704403, -0.0004617868, -0.00047490772, -0.00049425906, -0.0005082263, -0.0005147685, -0.000530346, -0.0005526156, -0.000566919, -0.0006014379, -0.0006420703, -0.0006862072, -0.00070852827, -0.0007521818, -0.0007936946, -0.0008135596, -0.000850952, -0.0008847088, -0.0009148336, -0.00092870794, -0.0009543731, -0.000977869, -0.000989048, -0.0010100226, -0.0010284223, -0.001036687, -0.0010517688, -0.0010648369, -0.001075636, -0.00108009, -0.0010865229, -0.0010896103, -0.0010900038, -0.0010883864, -0.0010832035, -0.0010737629, -0.0010675653, -0.0010538223, -0.0010444477, -0.0010465073, -0.001085543, -0.001205914
0, 0, 0, 0, 0, 0, 0, 0, 0, 0, 0, 0, 0, 0, 0, -0.0009346881, -0.0007584369, -0.00060898054, -0.0005543719, -0.00047362866, -0.00041336738, -0.0003869382, -0.00033760967, -0.00029081886, -0.00026785184, -0.00022179383, -0.00017544586, -0.00012791176, -0.00010343795, -5.2974716e-05, -8.756833e-07, 2.5371652e-05, 7.8469115e-05, 0.00013093393, 0.00018273196, 0.00020808166, 0.00025714491, 0.00030331797, 0.00032533958, 0.00036790466, 0.0004090584, 0.0004293657, 0.00046942747, 0.0005085375, 0.00054680085, 0.0005657015, 0.0006028556, 0.00063875556, 0.0006560203, 0.000688171, 0.0007160425, 0.0007397021, 0.00074981095, 0.0007667692, 0.000780174, 0.0007855576, 0.00079311494, 0.0007960486, 0.00079601514, 0.000793034, 0.00078464934, 0.00076943333, 0.00075884134, 0.0007313857, 0.00069579546, 0.0006756581, 0.0006336139, 0.0005910805, 0.0005470045, 0.000523688, 0.00047411048, 0.00042090815, 0.00039309825, 0.00033556094, 0.0002771082, 0.00022098991, 0.00019518682, 0.00014916589, 0.00010997362, 9.2786526e-05, 6.324114e-05, 4.039971e-05, 3.1350843e-05, 1.7036593e-05, 7.2781577e-06, 2.3656528e-06, 2.1862713e-06, 7.0236883e-06, 1.6040161e-05, 2.0327063e-05, 2.4706807e-05, 2.3399441e-05, 2.0709067e-05, 1.9920331e-05, 1.8245277e-05, 1.1478251e-05, 4.6021296e-06, -1.7982615e-05, -5.0742514e-05, -6.9519956e-05, -0.0001081172, -0.00014683936, -0.00018950686, -0.00021395684, -0.00026941008, -0.000329383, -0.0003589585, -0.0004139581, -0.00045999206, -0.000494761, -0.0005077698, -0.00052651286, -0.00053935486, -0.00054546125, -0.00056050863, -0.0005826376, -0.00059684785, -0.0006310378, -0.0006708874, -0.00071397895, -0.0007358678, -0.00077889586, -0.00082017743, -0.0008399003, -0.00087665254, -0.00090945646, -0.0009386737, -0.00095224916, -0.0009775612, -0.0010007168, -0.00101161, -0.0010316336, -0.0010490732, -0.0010570225, -0.0010717115, -0.0010843984, -0.0010943933, -0.0010982458, -0.0011036426, -0.0011062043, -0.0011063187, -0.0011038391, -0.0010975208, -0.0010870198, -0.0010803443, -0.0010656221, -0.0010550129, -0.0010563551, -0.0010941841, -0.0012141718
0, 0, 0, 0, 0, 0, 0, 0, 0, 0, 0, 0, 0, 0, 0, -0.00080307544, -0.00062904105, -0.0005046371, -0.00045900283, -0.00038779204, -0.00032980443, -0.00030317876, -0.00025282134, -0.0002047432, -0.00018148075, -0.00013564227, -9.026622e-05, -4.4612323e-05, -2.1335156e-05, 2.6284879e-05, 7.554659e-05, 0.00010066913, 0.00015108036, 0.00020094017, 0.00024972286, 0.00027342513, 0.00031890045, 0.00036077897, 0.00038002979, 0.00041589304, 0.0004485352, 0.0004641657, 0.0004941693, 0.0005228862, 0.0005509947, 0.0005650417, 0.0005928439, 0.00062134693, 0.0006359006, 0.0006646058, 0.0006917013, 0.0007164478, 0.00072757195, 0.0007464805, 0.00076109386, 0.0007663296, 0.00077201764, 0.0007713524, 0.000768961, 0.0007610225, 0.0007478011, 0.00072931475, 0.00071808515, 0.0006919035, 0.0006600564, 0.00064221286, 0.0006035775, 0.0005619558, 0.0005167887, 0.00049262616, 0.00044177193, 0.00038821882, 0.00036035807, 0.00030285775, 0.0002446687, 0.00018978996, 0.00016496195, 0.00012095398, 8.355695e-05, 6.6983186e-05, 3.7745936e-05, 1.4164615e-05, 4.2554316e-06, -1.16685815e-05, -2.237193e-05, -2.6825104e-05, -2.6759979e-05, -2.2831138e-05, -1.6470876e-05, -1.3697155e-05, -1.1417889e-05, -1.2826218e-05, -1.4021102e-05, -1.3851774e-05, -1.4467363e-05, -2.2037942e-05, -2.9889985e-05, -5.378701e-05, -8.593407e-05, -0.000103601065, -0.00014006044, -0.00017829474, -0.00022225802, -0.0002474994, -0.00030354434, -0.00036236033, -0.00039116878, -0.00044512938, -0.0004912108, -0.00052606635, -0.00053877255, -0.00055647944, -0.0005684877, -0.00057435094, -0.00058919296, -0.00061104423, -0.00062498555, -0.000658329, -0.00069730356, -0.0007395534, -0.0007611361, -0.0008038392, -0.0008448045, -0.0008641868, -0.0008999377, -0.0009317443, -0.0009604643, -0.0009738166, -0.0009987633, -0.0010213085, -0.0010317349, -0.0010507491, -0.0010676463, -0.0010755105, -0.0010898458, -0.0011017116, -0.0011108064, -0.0011142533, -0.001119008, -0.0011210286, -0.0011208529, -0.00111754, -0.0011100603, -0.0010987339, -0.0010917957, -0.0010762599, -0.0010643367, -0.0010649493, -0.0011017761, -0.0012217008
0, 0, 0, 0, 0, 0, 0, 0, 0, 0, 0, 0, 0, 0, -0.0008708834, -0.0006797993, -0.0005166716, -0.00040624524, -0.0003645095, -0.00029466703, -0.00023449994, -0.00020600662, -0.00015166283, -0.00010060539, -7.619272e-05, -2.8929591e-05, 1.6628132e-05, 6.1330145e-05, 8.348372e-05, 0.00012872674, 0.00017520922, 0.00019890814, 0.00024669853, 0.00029401932, 0.0003398235, 0.00036199458, 0.00040429755, 0.00044265567, 0.00046024617, 0.000491865, 0.00051919743, 0.0005315683, 0.00055426353, 0.0005744191, 0.0005933404, 0.0006025091, 0.0006209126, 0.000640839, 0.000651543, 0.0006738088, 0.0006966878, 0.0007194511, 0.0007302806, 0.0007494314, 0.0007643789, 0.0007694499, 0.0007736757, 0.0007692706, 0.0007643989, 0.0007496784, 0.0007287358, 0.00070288783, 0.00068883994, 0.0006591324, 0.00062665675, 0.0006090066, 0.00057033286, 0.0005264425, 0.00047672828, 0.00045002412, 0.00039488974, 0.0003393355, 0.00031146494, 0.00025531638, 0.0002002783, 0.00014983393, 0.00012728755, 8.709407e-05, 5.226128e-05, 3.658769e-05, 8.831188e-06, -1.4019267e-05, -2.370684e-05, -3.977829e-05, -5.025902e-05, -5.439556e-05, -5.4361073e-05, -5.1811498e-05, -4.8193517e-05, -4.6718193e-05, -4.53473e-05, -4.549744e-05, -4.5166053e-05, -4.4800807e-05, -4.6300203e-05, -5.5533175e-05, -6.4020554e-05, -8.800673e-05, -0.00011859425, -0.0001353604, -0.00017091035, -0.00021019058, -0.00025600698, -0.00028158637, -0.00033650614, -0.00039339834, -0.00042158223, -0.00047530475, -0.00052178756, -0.00055628095, -0.0005685574, -0.0005852856, -0.0005967746, -0.0006025259, -0.000617021, -0.0006383083, -0.0006518265, -0.0006842951, -0.0007225761, -0.0007642518, -0.0007856108, -0.0008279346, -0.00086811034, -0.0008870023, -0.0009217019, -0.0009528834, -0.0009811886, -0.0009943597, -0.0010186994, -0.0010404217, -0.001050382, -0.0010686887, -0.0010852691, -0.0010929607, -0.0011067335, -0.0011176238, -0.0011258844, -0.0011291264, -0.00113357, -0.0011348508, -0.0011341518, -0.0011299131, -0.0011218183, -0.0011098046, -0.001102401, -0.001085847, -0.0010728592, -0.0010729822, -0.0011089531, -0.0012285473
0, 0, 0, 0, 0, 0, 0, 0, 0, 0, 0, 0, 0, -0.00091202284, -0.0007987642, -0.0005845639, -0.00043437525, -0.0003300161, -0.0002880216, -0.00021442813, -0.00014764603, -0.00011574093, -5.451074e-05, 2.755222e-06, 3.0005669e-05, 8.152009e-05, 0.00012939658, 0.00017478713, 0.00019683261, 0.0002403606, 0.00028447533, 0.00030688877, 0.00035170067, 0.00039606594, 0.0004388596, 0.0004596215, 0.00049895426, 0.0005346261, 0.00055076194, 0.00057977106, 0.0006040124, 0.0006146605, 0.0006329709, 0.000647612, 0.0006599293, 0.0006656859, 0.00067697576, 0.00068920775, 0.00069587963, 0.0007103336, 0.0007259864, 0.00074321165, 0.0007518356, 0.00076760806, 0.00077967905, 0.00078342657, 0.0007847627, 0.0007767751, 0.00076951244, 0.000748455, 0.0007194057, 0.0006845245, 0.00066604547, 0.00062824227, 0.000589049, 0.0005687103, 0.00052515004, 0.0004762507, 0.00042099948, 0.00039160502, 0.00033213437, 0.00027487008, 0.00024747156, 0.00019456384, 0.0001453484, 0.00010180633, 8.255508e-05, 4.7930447e-05, 1.6677175e-05, 2.2153042e-06, -2.3464298e-05, -4.4001303e-05, -5.2595427e-05, -6.677664e-05, -7.6364624e-05, -8.054091e-05, -8.072227e-05, -7.9401994e-05, -7.754306e-05, -7.675049e-05, -7.546729e-05, -7.4418494e-05, -7.388072e-05, -7.421422e-05, -7.799084e-05, -8.8813016e-05, -9.7407516e-05, -0.00012044291, -0.00014972241, -0.00016617581, -0.00020230436, -0.00024298982, -0.00028925628, -0.00031424448, -0.00036716243, -0.0004227022, -0.00045082017, -0.00050531613, -0.00055206666, -0.000585781, -0.00059747585, -0.0006132409, -0.0006242538, -0.00062984915, -0.00064387923, -0.00066446856, -0.0006776744, -0.0007094339, -0.00074721855, -0.0007884668, -0.0008095481, -0.0008511077, -0.00089031854, -0.00090866274, -0.0009426427, -0.0009734143, -0.0010012727, -0.0010141201, -0.0010375043, -0.0010583838, -0.0010680495, -0.0010860197, -0.0011022676, -0.001109628, -0.0011224053, -0.0011325735, -0.0011404706, -0.0011435299, -0.0011474205, -0.0011478701, -0.0011466852, -0.0011416968, -0.0011331994, -0.0011205286, -0.0011125534, -0.0010947741, -0.0010809291, -0.0010807798, -0.001116024, -0.0012348866
0, 0, 0, 0, 0, 0, 0, 0, 0, 0, 0, 0, 0, -0.00074497965, -0.0006803696, -0.00051981193, -0.0003894606, -0.00028873974, -0.00024513874, -0.0001651941, -9.0520414e-05, -5.444332e-05, 1.4989369e-05, 8.032011e-05, 0.00011132154, 0.00016964426, 0.00022341528, 0.00027300496, 0.00029646183, 0.00034103633, 0.0003845966, 0.00040614375, 0.00044917667, 0.0004913752, 0.0005316444, 0.0005511723, 0.00058824953, 0.0006216521, 0.0006367582, 0.0006633137, 0.00068490097, 0.0006942919, 0.00070960284, 0.0007207616, 0.00072908803, 0.0007326916, 0.0007391353, 0.0007459176, 0.000749435, 0.0007569743, 0.0007657586, 0.0007761957, 0.00078153034, 0.000790851, 0.0007969014, 0.0007979921, 0.0007946656, 0.0007824673, 0.000772966, 0.0007467173, 0.0007108399, 0.00066726713, 0.000643791, 0.0005949168, 0.00054457196, 0.0005189324, 0.00046605384, 0.00041026156, 0.00035053035, 0.00031965988, 0.0002587162, 0.00020241835, 0.00017651304, 0.00012874365, 8.65682e-05, 5.0987477e-05, 3.5506186e-05, 7.0924266e-06, -2.0071211e-05, -3.320365e-05, -5.6358364e-05, -7.404679e-05, -8.098242e-05, -9.227039e-05, -0.00010072669, -0.00010515807, -0.00010590519, -0.000105548526, -0.00010437908, -0.000103776736, -0.00010246753, -0.000101469865, -0.000102142076, -0.00010352562, -0.000109461114, -0.00012083698, -0.0001289582, -0.00015058271, -0.00017949335, -0.00019624559, -0.00023346007, -0.00027470622, -0.00032004842, -0.00034418088, -0.0003955724, -0.0004511246, -0.00047979053, -0.0005352802, -0.00058154424, -0.00061364303, -0.0006246975, -0.000639766, -0.0006505717, -0.00065599923, -0.0006695475, -0.0006894965, -0.00070236146, -0.00073366845, -0.00077089685, -0.0008115505, -0.0008322817, -0.0008729514, -0.00091128517, -0.0009292186, -0.0009627643, -0.000993024, -0.0010201624, -0.0010325095, -0.001054983, -0.0010752929, -0.0010848246, -0.0011024672, -0.0011179994, -0.0011249005, -0.0011368776, -0.0011466851, -0.001154386, -0.0011571028, -0.0011601049, -0.0011597552, -0.0011583866, -0.0011530308, -0.0011438185, -0.001130233, -0.0011218081, -0.0011033063, -0.0010886488, -0.0010880436, -0.0011224592, -0.0012408947
0, 0, 0, 0, 0, 0, 0, 0, 0, 0, 0, 0, 0, -0.0007611583, -0.00065821013, -0.00049810513, -0.00037933703, -0.00028199042, -0.00023760526, -0.00015339314, -7.278658e-05, -3.350015e-05, 4.2508953e-05, 0.000114411014, 0.000149033, 0.00021481127, 0.00027648805, 0.0003331028, 0.0003596113, 0.00040918728, 0.0004556953, 0.00047828385, 0.00052212767, 0.0005640352, 0.00060322287, 0.000622013, 0.000657261, 0.0006885106, 0.00070242933, 0.0007262936, 0.0007451248, 0.0007527622, 0.0007651705, 0.0007734497, 0.00077876804, 0.0007806798, 0.00078411296, 0.0007873338, 0.0007890469, 0.0007928416, 0.000797358, 0.0008028131, 0.0008053297, 0.00080845284, 0.0008079016, 0.00080596, 0.0007969856, 0.0007799756, 0.000768237, 0.0007370979, 0.0006954326, 0.00064439094, 0.000616353, 0.0005567092, 0.00049403385, 0.00046202177, 0.000398427, 0.0003359506, 0.00027395558, 0.00024326713, 0.00018445952, 0.00013215399, 0.0001088291, 6.708695e-05, 3.132143e-05, 2.1456424e-06, -1.0363495e-05, -3.3563047e-05, -5.708728e-05, -6.889061e-05, -8.998533e-05, -0.000105022846, -0.00011033715, -0.000118527925, -0.00012544314, -0.00013019748, -0.00013140812, -0.00013152667, -0.0001301699, -0.00012936234, -0.00012819614, -0.00012819076, -0.00013020304, -0.00013233189, -0.0001391921, -0.00015003938, -0.00015761124, -0.00017859227, -0.00020804442, -0.00022545941, -0.000263581, -0.00030450302, -0.0003484533, -0.00037202914, -0.00042330252, -0.0004797921, -0.00050891255, -0.0005642301, -0.000608875, -0.0006394384, -0.00065016595, -0.00066523795, -0.00067609135, -0.00068129034, -0.0006941159, -0.00071336, -0.0007259905, -0.00075671554, -0.0007933237, -0.00083333254, -0.0008536956, -0.0008935731, -0.0009312148, -0.0009488989, -0.0009818493, -0.0010114614, -0.001037608, -0.0010494891, -0.0010714078, -0.0010914356, -0.0011007835, -0.0011176927, -0.0011323347, -0.0011388685, -0.0011504716, -0.0011600632, -0.0011670883, -0.001169405, -0.0011716514, -0.0011709427, -0.0011694047, -0.0011635707, -0.0011534616, -0.0011389859, -0.0011303361, -0.0011114344, -0.001095906, -0.0010946335, -0.0011281109, -0.0012466627
0, 0, 0, 0, 0, 0, 0, 0, 0, 0, 0, 0, -0.000992691, -0.00074496167, -0.00064313534, -0.00049485173, -0.0003880886, -0.00029754677, -0.0002546816, -0.00017121565, -8.919595e-05, -4.906931e-05, 2.936193e-05, 0.00010450419, 0.00014079329, 0.00021189047, 0.00028028656, 0.00034477108, 0.00037515737, 0.00043190227, 0.00048401995, 0.00050889683, 0.0005561191, 0.0005996322, 0.0006393844, 0.0006576847, 0.00069150946, 0.00072087673, 0.0007337917, 0.000755485, 0.00077176304, 0.0007781789, 0.0007875832, 0.00079298514, 0.0007956329, 0.00079641736, 0.0007974546, 0.00079913414, 0.00080032833, 0.00080323336, 0.00080700783, 0.000810967, 0.0008122693, 0.00081186916, 0.0008068298, 0.00080218393, 0.00078788766, 0.0007654088, 0.0007509771, 0.00071445334, 0.00066722714, 0.0006102749, 0.00057884917, 0.0005112548, 0.00043884848, 0.00040198604, 0.0003299784, 0.00026281332, 0.0002006571, 0.00017123981, 0.00011701792, 7.035455e-05, 4.9874332e-05, 1.345801e-05, -1.8129973e-05, -4.4331613e-05, -5.5570286e-05, -7.596293e-05, -9.671232e-05, -0.00010718248, -0.0001259427, -0.00013840324, -0.00014226773, -0.0001473149, -0.00015202409, -0.00015657634, -0.00015803648, -0.00015823088, -0.00015581454, -0.00015453775, -0.00015319172, -0.00015407536, -0.0001570607, -0.00015949026, -0.0001662845, -0.00017672789, -0.00018416172, -0.00020556357, -0.0002360884, -0.00025399798, -0.000292397, -0.00033253923, -0.00037569346, -0.000399223, -0.00045102945, -0.0005080445, -0.00053712213, -0.000591229, -0.0006340899, -0.00066409755, -0.0006749024, -0.0006904792, -0.00070086995, -0.0007056545, -0.00071752915, -0.00073602673, -0.0007483687, -0.0007786937, -0.0008148322, -0.0008541987, -0.0008741679, -0.00091335684, -0.0009503552, -0.0009677325, -0.0009999785, -0.0010287443, -0.0010541263, -0.0010657045, -0.0010872597, -0.001106756, -0.0011156627, -0.0011317135, -0.0011458595, -0.0011522128, -0.0011634913, -0.0011725529, -0.0011786944, -0.0011806482, -0.0011826124, -0.0011816258, -0.0011797589, -0.0011731507, -0.0011623472, -0.0011474699, -0.0011385565, -0.0011188585, -0.0011024645, -0.0011007901, -0.0011335772, -0.00125193
0, 0, 0, 0, 0, 0, 0, 0, 0, 0, 0, 0, -0.0009498967, -0.0007056982, -0.00061859924, -0.0004934842, -0.00040190906, -0.00032168793, -0.00028275713, -0.0002048729, -0.00012674108, -8.786054e-05, -1.182675e-05, 6.198279e-05, 9.834445e-05, 0.00017078106, 0.00024270357, 0.00031278966, 0.00034617019, 0.00040901263, 0.00046674022, 0.00049372046, 0.0005447343, 0.000590645, 0.00063117803, 0.00064933114, 0.00068215805, 0.00071023015, 0.00072248775, 0.0007429973, 0.0007584129, 0.0007643127, 0.00077258307, 0.000776718, 0.0007782863, 0.00077863503, 0.00077904004, 0.00078039337, 0.000781632, 0.0007851185, 0.00078979746, 0.00079473126, 0.00079617486, 0.0007954798, 0.00078853016, 0.0007823438, 0.00076389575, 0.00073616666, 0.0007187067, 0.0006764541, 0.0006239165, 0.00056256406, 0.00052909873, 0.00045753203, 0.00038094664, 0.00034208904, 0.00026695125, 0.00019881541, 0.00013839395, 0.00011080944, 6.1275416e-05, 1.935958e-05, 9.986368e-07, -3.2362575e-05, -6.27876e-05, -8.936774e-05, -0.00010079037, -0.000120879275, -0.00013924114, -0.00014809817, -0.00016351679, -0.00017308407, -0.0001756007, -0.00017792525, -0.0001805888, -0.00018432879, -0.0001856302, -0.00018504985, -0.00018114333, -0.000179157, -0.00017739697, -0.00017896721, -0.00018278083, -0.00018525514, -0.00019180487, -0.00020230864, -0.00020996584, -0.0002321847, -0.00026348856, -0.00028153943, -0.00031977484, -0.00035920166, -0.00040211205, -0.0004257584, -0.0004780879, -0.0005350559, -0.0005635995, -0.00061620516, -0.0006582749, -0.0006886319, -0.0006997073, -0.0007151762, -0.0007243656, -0.0007284647, -0.0007395654, -0.00075783156, -0.00077005994, -0.0008000147, -0.0008355742, -0.00087421504, -0.00089379254, -0.0009322455, -0.0009686234, -0.0009857067, -0.0010172985, -0.0010451972, -0.001070026, -0.0010813602, -0.0011023793, -0.0011211294, -0.0011295945, -0.0011450623, -0.0011589001, -0.0011650521, -0.0011757956, -0.0011840422, -0.0011896243, -0.0011914748, -0.0011931697, -0.001191551, -0.0011893476, -0.0011820212, -0.0011708688, -0.0011556016, -0.0011463427, -0.0011256338, -0.0011085462, -0.0011067241, -0.0011389898, -0.0012567085
0, 0, 0, 0, 0, 0, 0, 0, 0, 0, 0, 0, -0.00081371405, -0.0006543581, -0.0005907578, -0.0004929795, -0.00041655975, -0.0003466881, -0.0003120491, -0.00024208215, -0.0001712961, -0.00013561806, -6.487423e-05, 4.5487373e-06, 3.9046943e-05, 0.00010888427, 0.00018030709, 0.0002518491, 0.00028653938, 0.00035250437, 0.00041311444, 0.00044152656, 0.0004942611, 0.00054144673, 0.00058235705, 0.0006005489, 0.0006326651, 0.00065951585, 0.00067129184, 0.00069186965, 0.0007083163, 0.0007150255, 0.0007248437, 0.0007307642, 0.0007338538, 0.00073489064, 0.00073636725, 0.0007382532, 0.0007395406, 0.000743215, 0.00074856245, 0.00075460086, 0.00075681607, 0.0007573823, 0.00075070304, 0.0007441284, 0.0007233102, 0.0006917738, 0.0006721171, 0.00062539795, 0.00056923396, 0.0005057155, 0.00047181488, 0.0004008069, 0.00032631002, 0.00028886946, 0.00021673045, 0.00015161921, 9.4058785e-05, 6.7864814e-05, 2.0513562e-05, -2.0021713e-05, -3.8119913e-05, -7.184939e-05, -0.00010359955, -0.00013231508, -0.00014482217, -0.00016564457, -0.00018215275, -0.00018915198, -0.00020068501, -0.00020756574, -0.00020914694, -0.00021011624, -0.00021128336, -0.00021351184, -0.00021408057, -0.00021204367, -0.00020654323, -0.00020390144, -0.0002016445, -0.00020366318, -0.00020805692, -0.00021055857, -0.00021677016, -0.0002271562, -0.00023509725, -0.00025811585, -0.00028985474, -0.0003078377, -0.00034549463, -0.00038468876, -0.00042765375, -0.00045148793, -0.0005040648, -0.0005604464, -0.0005884398, -0.00064010406, -0.0006823163, -0.00071291754, -0.0007239149, -0.00073828787, -0.0007461061, -0.0007498177, -0.00076080183, -0.0007791048, -0.0007911638, -0.00082054734, -0.0008553367, -0.0008931587, -0.0009124196, -0.0009503338, -0.0009862059, -0.0010029711, -0.0010337745, -0.0010609879, -0.0010851696, -0.001096282, -0.0011167047, -0.0011346628, -0.0011428191, -0.0011578902, -0.0011712847, -0.0011771767, -0.0011871799, -0.0011948977, -0.001200214, -0.0012019108, -0.001203028, -0.0012006477, -0.0011981546, -0.001190563, -0.0011790252, -0.0011629905, -0.0011534042, -0.0011321447, -0.0011144363, -0.001112237, -0.0011438552, -0.0012612479
0, 0, 0, 0, 0, 0, 0, 0, 0, 0, 0, -0.0010172065, -0.00078098837, -0.0006291088, -0.00057702954, -0.0004973556, -0.00043211642, -0.00037021603, -0.00033935386, -0.00027659797, -0.00021284356, -0.00018059906, -0.00011641833, -5.277239e-05, -2.0927599e-05, 4.3896907e-05, 0.000111307476, 0.0001802778, 0.00021439676, 0.00027988863, 0.00034054293, 0.0003689812, 0.0004216684, 0.00046878913, 0.00050954527, 0.0005275825, 0.00055898237, 0.0005851262, 0.00059666904, 0.0006178319, 0.0006362837, 0.00064449315, 0.00065824966, 0.00066807255, 0.00067471445, 0.0006772655, 0.0006809099, 0.0006834471, 0.0006847423, 0.00068754744, 0.00069192244, 0.00069772755, 0.0007002058, 0.00070151873, 0.0006957376, 0.00068944145, 0.000668413, 0.00063608075, 0.0006159107, 0.0005684041, 0.00051226135, 0.00045002744, 0.000417546, 0.00035090672, 0.0002831823, 0.00024935775, 0.00018421376, 0.00012435344, 6.906529e-05, 4.289909e-05, -6.237458e-06, -4.9957398e-05, -6.98357e-05, -0.00010691494, -0.0001414816, -0.00017245997, -0.00018588439, -0.00020762498, -0.00022301033, -0.00022874029, -0.00023737342, -0.00024241064, -0.00024359718, -0.00024427116, -0.00024436845, -0.00024435206, -0.00024365527, -0.00023936637, -0.00023230522, -0.00022932694, -0.0002267616, -0.00022897776, -0.00023332848, -0.00023559677, -0.00024124804, -0.00025140916, -0.00025953582, -0.00028305268, -0.00031497827, -0.00033281234, -0.00037007185, -0.000409168, -0.00045239733, -0.00047638454, -0.0005288102, -0.00058455725, -0.00061216275, -0.00066348206, -0.00070587074, -0.00073615427, -0.0007466894, -0.00075975794, -0.00076684664, -0.0007705074, -0.00078171707, -0.0007997592, -0.0008114313, -0.0008398984, -0.0008739109, -0.00091127947, -0.00093036325, -0.0009678518, -0.001003082, -0.0010194395, -0.00104941, -0.0010760131, -0.0010997064, -0.0011105257, -0.0011302747, -0.0011475403, -0.001155466, -0.0011701288, -0.001182909, -0.0011884903, -0.0011979206, -0.0012053169, -0.0012102582, -0.0012116666, -0.0012121246, -0.0012092991, -0.0012066157, -0.0011987113, -0.0011865675, -0.0011698357, -0.0011599339, -0.0011383872, -0.0011200247, -0.0011173369, -0.001148235, -0.0012656385
0, 0, 0, 0, 0, 0, 0, 0, 0, 0, -0.0011310917, -0.0009865377, -0.0007471779, -0.000612892, -0.0005692849, -0.0005027647, -0.0004458156, -0.00039007876, -0.00036183727, -0.00030441748, -0.00024569666, -0.00021599939, -0.00015659623, -9.78668e-05, -6.873639e-05, -9.69404e-06, 5.1631265e-05, 0.00011490916, 0.00014660682, 0.00020878672, 0.00026721795, 0.0002946899, 0.00034614772, 0.00039243556, 0.00043285155, 0.0004508433, 0.00048235286, 0.00050850917, 0.000520286, 0.0005422029, 0.00056249107, 0.00057201245, 0.0005892651, 0.00060282234, 0.0006133678, 0.0006174712, 0.00062366016, 0.00062706874, 0.0006282002, 0.0006295577, 0.0006315231, 0.00063488516, 0.00063628686, 0.0006362132, 0.00063008687, 0.00062405877, 0.00060439756, 0.0005746324, 0.0005560557, 0.00051238394, 0.0004608168, 0.00040385826, 0.00037434528, 0.00031488587, 0.00025532593, 0.00022580127, 0.00016812884, 0.00011219634, 5.6625555e-05, 2.885332e-05, -2.5158924e-05, -7.484741e-05, -9.769769e-05, -0.0001396443, -0.0001771642, -0.00020964252, -0.00022352407, -0.00024601122, -0.00026142976, -0.00026687776, -0.00027433204, -0.00027855934, -0.00027958475, -0.0002798587, -0.00027835107, -0.00027556097, -0.0002733952, -0.00026693166, -0.0002590219, -0.00025584837, -0.00025309864, -0.00025492063, -0.0002584975, -0.00026032765, -0.0002651078, -0.00027500288, -0.0002832818, -0.00030734437, -0.0003393822, -0.00035700607, -0.0003937264, -0.00043280728, -0.00047641757, -0.00050045573, -0.0005525392, -0.00060767087, -0.00063506153, -0.0006861924, -0.00072843843, -0.00075813883, -0.0007680846, -0.00078012026, -0.0007871699, -0.00079097017, -0.00080207066, -0.000819293, -0.00083041424, -0.00085807504, -0.0008918197, -0.00092893763, -0.00094782317, -0.000984648, -0.00101904, -0.0010349662, -0.001064273, -0.0010905247, -0.0011137007, -0.0011241487, -0.0011430621, -0.0011598947, -0.0011676403, -0.0011818202, -0.0011939317, -0.0011991767, -0.0012082509, -0.0012152541, -0.0012196685, -0.0012207617, -0.0012207128, -0.0012176165, -0.001214793, -0.0012062979, -0.0011935524, -0.0011764517, -0.0011663351, -0.0011441752, -0.0011251678, -0.001122181, -0.0011525132, -0.0012696788
0, 0, 0, 0, 0, 0, 0, 0, 0, 0, -0.0008998384, -0.0008340614, -0.0006868476, -0.0005899362, -0.00055610266, -0.0005014812, -0.00045194846, -0.00040098012, -0.00037474878, -0.000320568, -0.00026488045, -0.00023688271, -0.00018025599, -0.0001247063, -9.723996e-05, -4.2894324e-05, 1.1942135e-05, 6.816669e-05, 9.648939e-05, 0.0001525007, 0.0002067409, 0.00023263633, 0.0002817887, 0.0003270119, 0.0003674796, 0.00038580195, 0.00041827784, 0.00044559868, 0.0004577662, 0.00048017755, 0.00050106173, 0.00051108777, 0.0005294711, 0.0005451348, 0.00055795826, 0.0005634895, 0.0005718186, 0.0005763638, 0.0005774071, 0.0005771131, 0.0005757704, 0.0005746542, 0.0005736752, 0.00056946924, 0.00056121213, 0.0005551887, 0.0005380318, 0.0005133876, 0.00049831695, 0.00046270152, 0.00041994452, 0.0003713827, 0.0003458237, 0.0002937387, 0.00024092173, 0.00021436697, 0.00016072304, 0.00010525455, 4.6947865e-05, 1.683585e-05, -4.2823613e-05, -9.843433e-05, -0.00012396878, -0.00017027673, -0.00021030582, -0.00024358188, -0.00025769343, -0.00028089603, -0.00029748114, -0.0003033932, -0.00031104038, -0.00031467542, -0.00031529556, -0.00031453103, -0.0003114668, -0.00030661345, -0.00030332743, -0.00029538965, -0.00028715382, -0.00028394224, -0.0002806764, -0.00028120706, -0.00028317983, -0.0002844322, -0.00028856352, -0.00029858458, -0.00030702812, -0.0003314644, -0.00036318525, -0.00038041605, -0.00041654301, -0.0004558839, -0.00049987866, -0.00052382355, -0.00057528523, -0.0006297431, -0.0006569495, -0.0007081308, -0.0007500679, -0.0007788664, -0.0007883429, -0.0007999571, -0.00080713304, -0.0008108619, -0.00082126696, -0.0008374442, -0.00084823713, -0.00087574526, -0.00090942386, -0.00094602036, -0.000964495, -0.0010004957, -0.0010341804, -0.0010498713, -0.0010788155, -0.0011045556, -0.0011269122, -0.0011369925, -0.001155331, -0.0011717833, -0.001179334, -0.0011929261, -0.001204365, -0.001209391, -0.0012181628, -0.001224701, -0.0012285124, -0.0012293863, -0.001229011, -0.0012255277, -0.0012224858, -0.0012133794, -0.001200188, -0.0011828087, -0.001172489, -0.001149567, -0.0011299172, -0.0011267483, -0.001156682, -0.0012734507
0, 0, 0, 0, 0, 0, 0, 0, 0, 0, -0.00087845424, -0.0007787953, -0.00064425403, -0.00056667154, -0.00053888565, -0.0004918218, -0.0004467645, -0.00039928776, -0.00037434694, -0.00032247705, -0.00026842506, -0.00024096918, -0.00018590555, -0.00013177477, -0.000105328974, -5.404504e-05, -4.1697317e-06, 4.526228e-05, 6.9801325e-05, 0.00011856644, 0.00016643242, 0.0001899852, 0.00023602902, 0.00027958458, 0.0003199227, 0.00033849635, 0.00037226817, 0.00040105387, 0.00041377565, 0.0004366737, 0.00045685715, 0.00046630335, 0.00048357045, 0.0004986849, 0.0005120398, 0.0005179008, 0.0005271169, 0.0005323689, 0.0005332781, 0.0005319397, 0.0005278652, 0.00052219536, 0.00051864696, 0.00050978427, 0.00049923535, 0.00049343484, 0.0004794859, 0.0004614628, 0.0004506626, 0.0004247292, 0.0003918216, 0.00035190966, 0.00032985298, 0.00028287558, 0.00023303062, 0.00020711213, 0.00015326202, 9.543008e-05, 3.30357e-05, 7.90323e-07, -6.291963e-05, -0.00012178805, -0.00014868274, -0.00019770727, -0.00023991628, -0.00027425165, -0.00028858669, -0.00031221882, -0.00032999914, -0.0003366783, -0.00034541366, -0.0003489799, -0.0003492276, -0.00034760838, -0.00034368192, -0.00033776593, -0.00033410828, -0.00032545085, -0.00031653722, -0.00031286938, -0.00030826425, -0.00030704215, -0.00030753275, -0.0003082946, -0.00031229432, -0.00032270607, -0.00033128902, -0.0003554043, -0.00038616642, -0.00040297172, -0.00043886356, -0.00047858877, -0.0005226585, -0.0005462989, -0.000596966, -0.00065101724, -0.0006782494, -0.00072937796, -0.00077073625, -0.00079870527, -0.00080785336, -0.00081929984, -0.00082631287, -0.00082975184, -0.00083923916, -0.0008547898, -0.0008655075, -0.00089309184, -0.00092635717, -0.00096205226, -0.0009800728, -0.0010155484, -0.0010488846, -0.0010644638, -0.0010928623, -0.0011178253, -0.0011394271, -0.0011492673, -0.0011672701, -0.00118329, -0.0011905218, -0.0012033567, -0.001214407, -0.001219302, -0.0012276749, -0.0012336102, -0.0012368909, -0.0012376604, -0.0012369901, -0.0012329939, -0.0012297088, -0.0012201755, -0.0012066432, -0.0011887717, -0.0011781509, -0.0011546887, -0.0011345681, -0.0011310909, -0.001160523, -0.0012770635
0, 0, 0, 0, 0, 0, 0, 0, 0, -0.0011077242, -0.0008458681, -0.00074561714, -0.00061743206, -0.0005458237, -0.0005197912, -0.00047470196, -0.00043121065, -0.0003854943, -0.00036141902, -0.00031121445, -0.00025885995, -0.00023208307, -0.00017800972, -0.00012476744, -9.871442e-05, -4.8573496e-05, -1.025197e-06, 4.3796055e-05, 6.528318e-05, 0.00010740945, 0.00014878104, 0.00016947827, 0.00021100219, 0.00025174013, 0.00029019726, 0.00030831486, 0.00034212743, 0.00037142233, 0.0003843377, 0.0004072178, 0.00042621774, 0.00043473588, 0.00045011108, 0.00046345172, 0.00047559835, 0.00048094484, 0.0004894068, 0.0004945023, 0.0004954597, 0.00049426104, 0.0004895457, 0.00048237608, 0.00047767372, 0.00046661883, 0.0004553689, 0.00045011198, 0.00043930928, 0.0004266162, 0.0004189959, 0.00039994397, 0.00037390052, 0.0003395097, 0.0003193289, 0.00027393553, 0.00022302939, 0.00019589557, 0.00013883146, 7.761517e-05, 1.2182841e-05, -2.1200744e-05, -8.598653e-05, -0.00014496192, -0.00017196289, -0.00022182691, -0.00026556532, -0.00030107886, -0.00031563066, -0.00033986426, -0.00035894808, -0.00036651632, -0.0003769388, -0.00038113352, -0.00038148588, -0.0003797386, -0.00037550952, -0.00036920942, -0.0003652561, -0.0003557758, -0.0003456882, -0.0003413192, -0.0003352799, -0.0003326424, -0.00033223905, -0.00033284986, -0.0003369759, -0.00034742273, -0.00035572454, -0.0003787458, -0.00040827374, -0.00042483385, -0.00046096748, -0.00050106045, -0.0005447522, -0.000567927, -0.0006176996, -0.0006716888, -0.0006990396, -0.000750007, -0.00079054775, -0.0008177395, -0.00082671136, -0.0008379725, -0.0008445706, -0.0008476625, -0.00085635873, -0.00087165897, -0.0008824543, -0.0009097871, -0.0009422774, -0.0009771644, -0.0009949848, -0.0010302269, -0.0010631678, -0.0010784355, -0.0011061556, -0.0011304106, -0.0011515381, -0.0011611945, -0.0011788356, -0.0011941929, -0.0012010278, -0.0012133694, -0.0012241972, -0.0012289273, -0.0012367113, -0.0012420673, -0.0012450791, -0.0012456595, -0.0012445556, -0.0012400777, -0.0012365298, -0.0012266902, -0.001212859, -0.0011943289, -0.0011834473, -0.0011596285, -0.001139089, -0.0011353063, -0.0011640415, -0.0012804625
0, 0, 0, 0, 0, 0, 0, 0, 0, -0.001052933, -0.0007928412, -0.0007054613, -0.00059190154, -0.00052359636, -0.0004973324, -0.00045075157, -0.00040673008, -0.00036162467, -0.00033847027, -0.00029042043, -0.00024054562, -0.00021506444, -0.00016301175, -0.000110971196, -8.5339205e-05, -3.559006e-05, 1.12501175e-05, 5.4372023e-05, 7.4480435e-05, 0.00011261886, 0.00014929476, 0.00016754563, 0.00020439453, 0.00024087875, 0.000275979, 0.00029270636, 0.00032436976, 0.00035242763, 0.0003649722, 0.00038663374, 0.00040414816, 0.00041183073, 0.00042538738, 0.0004371865, 0.0004475924, 0.00045218994, 0.00045964334, 0.0004645665, 0.0004660543, 0.0004666779, 0.00046443523, 0.00045948045, 0.00045553606, 0.00044565438, 0.00043568257, 0.00043112616, 0.0004219925, 0.00041030793, 0.00040302865, 0.00038445607, 0.00035882948, 0.000324709, 0.00030440814, 0.00025747137, 0.00020351684, 0.00017463414, 0.00011439006, 5.093053e-05, -1.5273676e-05, -4.8378737e-05, -0.00011131466, -0.00016780286, -0.0001938955, -0.00024317637, -0.00028785187, -0.00032461953, -0.0003396634, -0.00036465446, -0.00038501553, -0.00039355364, -0.00040608025, -0.0004117554, -0.00041244653, -0.00041059943, -0.0004060188, -0.00039935092, -0.0003951919, -0.00038507968, -0.00037389647, -0.00036896166, -0.00036194027, -0.0003587022, -0.00035787854, -0.00035836585, -0.00036216102, -0.00037191337, -0.00037963557, -0.00040118783, -0.00043000502, -0.00044668373, -0.00048347938, -0.0005234351, -0.00056592457, -0.00058848964, -0.0006378528, -0.0006922037, -0.0007195591, -0.00076985836, -0.0008093194, -0.0008360391, -0.0008449465, -0.00085605774, -0.0008619999, -0.00086465623, -0.0008728845, -0.0008881662, -0.0008989018, -0.0009255599, -0.0009573234, -0.000991876, -0.0010095994, -0.0010444685, -0.001076767, -0.0010916431, -0.0011187894, -0.0011425461, -0.0011633651, -0.0011727941, -0.0011898302, -0.0012044925, -0.0012110885, -0.0012232178, -0.0012336237, -0.0012380818, -0.001245245, -0.0012502382, -0.0012530297, -0.0012533901, -0.0012516958, -0.0012468392, -0.0012431986, -0.0012329462, -0.0012186229, -0.0011996778, -0.0011886203, -0.0011643878, -0.001143281, -0.001139205, -0.0011674766, -0.0012837173
0, 0, 0, 0, 0, 0, 0, 0, 0, -0.00088689994, -0.0007199754, -0.00065562123, -0.0005630737, -0.0004988126, -0.00047182257, -0.00042301122, -0.0003769184, -0.0003318125, -0.0003090474, -0.0002629638, -0.00021600572, -0.00019198122, -0.0001430682, -9.383555e-05, -6.918319e-05, -2.0893023e-05, 2.5194298e-05, 6.806737e-05, 8.807046e-05, 0.00012538265, 0.00016019437, 0.00017710908, 0.00021027698, 0.00024255723, 0.00027362633, 0.00028861148, 0.00031720227, 0.00034281297, 0.0003541338, 0.0003736572, 0.00038908742, 0.00039581966, 0.00040771908, 0.0004181491, 0.0004275197, 0.00043177558, 0.00043936045, 0.0004459711, 0.000448821, 0.00045333544, 0.00045581063, 0.00045519255, 0.00045306617, 0.00044579332, 0.0004366714, 0.00043194075, 0.00042078365, 0.00040488763, 0.00039476983, 0.00036991417, 0.0003385602, 0.0003000951, 0.00027801783, 0.00022806478, 0.00017161628, 0.00014182142, 8.0583886e-05, 1.7631573e-05, -4.6554058e-05, -7.8216326e-05, -0.00013774108, -0.0001907587, -0.00021544183, -0.00026309097, -0.00030777694, -0.00034570837, -0.00036143468, -0.00038772944, -0.00040959634, -0.00041900415, -0.0004331041, -0.00044000024, -0.00044090665, -0.000438926, -0.00043402062, -0.0004272543, -0.00042311856, -0.00041304695, -0.0004016178, -0.00039645456, -0.0003888975, -0.00038523818, -0.00038392426, -0.0003840667, -0.00038700065, -0.00039569303, -0.0004028308, -0.00042339353, -0.00045226, -0.00046912997, -0.00050604966, -0.00054496457, -0.0005861326, -0.00060837675, -0.00065799436, -0.000712438, -0.00073953735, -0.00078869093, -0.00082736847, -0.00085393555, -0.0008628306, -0.0008734672, -0.00087860227, -0.0008809472, -0.00088891975, -0.0009040853, -0.0009145437, -0.00094054936, -0.00097178837, -0.0010061648, -0.0010237719, -0.0010580784, -0.0010897128, -0.0011042666, -0.0011309421, -0.0011543994, -0.0011747888, -0.0011838886, -0.0012002661, -0.0012144963, -0.0012209754, -0.0012327669, -0.0012425688, -0.0012467088, -0.0012534627, -0.0012582564, -0.0012606225, -0.001260697, -0.0012585607, -0.0012534296, -0.0012496164, -0.0012389665, -0.0012241064, -0.0012048844, -0.0011936367, -0.001168921, -0.0011471751, -0.0011428931, -0.001170889, -0.0012868207
0, 0, 0, 0, 0, 0, 0, 0, -0.0011019628, -0.00084124843, -0.0006755055, -0.0006200521, -0.0005390274, -0.00047720427, -0.00044973017, -0.00039830775, -0.00034981995, -0.00030277358, -0.00027966735, -0.0002339234, -0.00018842859, -0.00016580414, -0.00012014502, -7.383477e-05, -5.07518e-05, -4.5385154e-06, 4.0473256e-05, 8.355077e-05, 0.00010402787, 0.00014243933, 0.00017746139, 0.00019373423, 0.00022461021, 0.00025352518, 0.00028125462, 0.00029462145, 0.0003202471, 0.00034302045, 0.00035294518, 0.0003698411, 0.00038318752, 0.00038898285, 0.00039945956, 0.0004087332, 0.00041749034, 0.00042179154, 0.00043045357, 0.00043944348, 0.0004440208, 0.00045294606, 0.0004601961, 0.00046371305, 0.00046319113, 0.00045738026, 0.000447013, 0.00044054174, 0.00042373055, 0.0003994276, 0.0003844533, 0.00034970173, 0.00030954197, 0.00026480807, 0.00024051723, 0.00018795427, 0.0001305595, 0.00010090185, 4.1270774e-05, -1.8574634e-05, -7.868765e-05, -0.00010823977, -0.00016386354, -0.00021358173, -0.00023696941, -0.00028295978, -0.00032731576, -0.00036598017, -0.00038239168, -0.00041016846, -0.00043306086, -0.0004427892, -0.00045746285, -0.00046465144, -0.00046566204, -0.0004639275, -0.0004593403, -0.0004533512, -0.00044973372, -0.00044049197, -0.0004291354, -0.0004237122, -0.00041552508, -0.00041127385, -0.00040940335, -0.0004091857, -0.00041138416, -0.00041914155, -0.00042587513, -0.00044610348, -0.0004750055, -0.0004918918, -0.0005280862, -0.00056555757, -0.00060581573, -0.00062820443, -0.000678193, -0.0007322159, -0.00075870036, -0.0008066999, -0.00084499194, -0.0008715907, -0.00088027754, -0.00089006143, -0.0008943997, -0.00089662214, -0.0009045111, -0.0009193366, -0.00092949456, -0.00095490814, -0.0009857613, -0.001020007, -0.0010373904, -0.0010710622, -0.0011020646, -0.001116448, -0.0011428439, -0.0011658214, -0.0011856066, -0.0011944629, -0.001210359, -0.0012242916, -0.0012306082, -0.0012418675, -0.0012510947, -0.0012549962, -0.0012615985, -0.0012660034, -0.0012678062, -0.0012676119, -0.001265248, -0.0012598525, -0.001255758, -0.00124467, -0.0012294912, -0.0012098887, -0.0011984333, -0.0011732035, -0.0011510185, -0.0011465367, -0.001174069, -0.0012897687
0, 0, 0, 0, 0, 0, 0, 0, -0.0010888915, -0.0008038619, -0.00064696156, -0.00059722876, -0.00052313536, -0.00046344585, -0.0004359288, -0.00038301593, -0.00033216766, -0.00028258128, -0.00025834807, -0.00021105193, -0.00016522527, -0.00014302215, -9.894148e-05, -5.4621694e-05, -3.223161e-05, 1.2932199e-05, 5.799428e-05, 0.00010240938, 0.00012393997, 0.00016468964, 0.00020124922, 0.00021777819, 0.00024757985, 0.00027444772, 0.0002995392, 0.0003115441, 0.00033408258, 0.0003537054, 0.00036211644, 0.0003765249, 0.00038826844, 0.0003935765, 0.00040306844, 0.00041125016, 0.0004189457, 0.00042295962, 0.00043166798, 0.00044184623, 0.00044744427, 0.00045866732, 0.0004683514, 0.0004742432, 0.00047449057, 0.0004687243, 0.00045545772, 0.00044631548, 0.0004217971, 0.0003878104, 0.00036758065, 0.00032254425, 0.00027397566, 0.000223344, 0.00019729097, 0.00014323462, 8.6382766e-05, 5.76754e-05, 9.574939e-07, -5.461397e-05, -0.000110119145, -0.00013748127, -0.00018975105, -0.00023739538, -0.0002600973, -0.00030494013, -0.0003484046, -0.00038686828, -0.00040343343, -0.00043162395, -0.00045452442, -0.00046404667, -0.0004782121, -0.0004855919, -0.0004869216, -0.00048639407, -0.0004833491, -0.00047882897, -0.0004757377, -0.00046691648, -0.00045530585, -0.00044964236, -0.0004409765, -0.00043641054, -0.00043431233, -0.00043394146, -0.0004355593, -0.00044261717, -0.0004490995, -0.0004690901, -0.000497797, -0.0005143476, -0.0005493195, -0.0005854893, -0.0006257072, -0.0006483028, -0.00069824274, -0.00075117784, -0.00077693356, -0.00082413916, -0.00086251565, -0.0008888048, -0.00089708384, -0.0009058414, -0.0009097328, -0.0009119189, -0.0009196407, -0.00093388767, -0.0009437342, -0.00096868956, -0.0009993908, -0.0010333132, -0.001050405, -0.0010834114, -0.0011140608, -0.00112833, -0.0011543763, -0.0011767076, -0.0011959411, -0.0012046053, -0.0012202032, -0.0012337748, -0.0012398587, -0.0012505553, -0.0012593821, -0.001263229, -0.0012695108, -0.0012733728, -0.0012747133, -0.0012744279, -0.0012718457, -0.0012659285, -0.0012615797, -0.0012501909, -0.0012347406, -0.0012147218, -0.0012029771, -0.0011773449, -0.0011548304, -0.0011500712, -0.0011770173, -0.001292602
0, 0, 0, 0, 0, 0, 0, 0, -0.0008048255, -0.0006834671, -0.0005997544, -0.0005682808, -0.00051284983, -0.00046035927, -0.00043411247, -0.00038187156, -0.000329199, -0.00027626337, -0.00024991753, -0.00019823508, -0.00014883938, -0.00012517958, -7.907818e-05, -3.3931636e-05, -1.1453003e-05, 3.3915214e-05, 7.99086e-05, 0.00012666793, 0.00014990637, 0.00019489368, 0.00023617208, 0.00025500316, 0.00028899437, 0.0003191894, 0.0003457887, 0.00035778515, 0.0003786777, 0.0003945797, 0.0004010622, 0.00041179097, 0.00042038533, 0.0004240198, 0.00042956456, 0.00043254782, 0.00043478445, 0.00043623382, 0.00044072547, 0.00044776744, 0.0004518326, 0.0004594725, 0.00046539924, 0.00046750013, 0.0004659891, 0.0004560803, 0.00043687187, 0.00042346027, 0.00038804818, 0.00034100882, 0.00031412166, 0.0002564608, 0.00019746939, 0.00014030898, 0.000112828544, 5.9011916e-05, 5.4138072e-06, -2.1322548e-05, -7.374636e-05, -0.00012470053, -0.00017449545, -0.00019904134, -0.0002461391, -0.00029035032, -0.00031181378, -0.00035383864, -0.00039358198, -0.00042789034, -0.00044256196, -0.00046797338, -0.00048945716, -0.00049877964, -0.0005137835, -0.00052338646, -0.00052629673, -0.00052903016, -0.00052848516, -0.00052520406, -0.0005223065, -0.00051350455, -0.0005019743, -0.0004965298, -0.000488701, -0.00048511822, -0.00048310132, -0.00048232448, -0.00048267373, -0.0004887294, -0.00049494917, -0.000514334, -0.0005416948, -0.00055730296, -0.00059030746, -0.00062591257, -0.0006661925, -0.000688375, -0.0007361612, -0.0007864786, -0.00081168965, -0.0008589811, -0.00089690794, -0.0009210552, -0.00092818105, -0.00093583233, -0.00093967386, -0.0009416122, -0.0009481479, -0.00096107344, -0.0009705438, -0.0009952179, -0.0010254431, -0.0010581156, -0.0010746239, -0.0011069942, -0.001137145, -0.0011509969, -0.0011758201, -0.0011972565, -0.0012159081, -0.0012242204, -0.0012389395, -0.0012515733, -0.0012572028, -0.0012671957, -0.0012755317, -0.001278974, -0.0012842296, -0.0012874011, -0.0012882706, -0.0012876806, -0.0012841632, -0.0012774933, -0.0012728908, -0.0012609063, -0.0012445656, -0.0012237552, -0.0012117461, -0.0011852997, -0.0011617853, -0.0011565756, -0.0011829096, -0.0012979973
0, 0, 0, 0, 0, 0, 0, -0.0010918957, -0.00082453946, -0.00067975326, -0.0006017943, -0.0005731217, -0.00052184565, -0.00047183092, -0.00044664418, -0.00039538086, -0.00034275622, -0.0002889087, -0.0002619414, -0.00020812746, -0.0001561956, -0.00013094883, -8.234423e-05, -3.5835248e-05, -1.32668e-05, 3.115861e-05, 7.5122625e-05, 0.000119417964, 0.00014144949, 0.00018470298, 0.00022558947, 0.00024478792, 0.00028096655, 0.00031424887, 0.00034455417, 0.00035846134, 0.0003827022, 0.00040138653, 0.00040875518, 0.00042043006, 0.00042855175, 0.00043135628, 0.0004340526, 0.0004328729, 0.00043020485, 0.00042926503, 0.0004293914, 0.0004328208, 0.00043523175, 0.00043973917, 0.00044266434, 0.00044185654, 0.00043900928, 0.0004268848, 0.0004054172, 0.00039095694, 0.0003534724, 0.0003052343, 0.00027809976, 0.00022049772, 0.00016205157, 0.00010540102, 7.8145684e-05, 2.4825824e-05, -2.8381479e-05, -5.4949494e-05, -0.00010713618, -0.00015722348, -0.00020550466, -0.00022898705, -0.00027402403, -0.00031672098, -0.00033748333, -0.0003778285, -0.00041503698, -0.0004466512, -0.00046040028, -0.00048495628, -0.0005066713, -0.0005162816, -0.0005320255, -0.0005423356, -0.0005455546, -0.00054866995, -0.0005481176, -0.00054479425, -0.0005420839, -0.00053403026, -0.00052364357, -0.0005187538, -0.0005118234, -0.00050846784, -0.0005060968, -0.0005050755, -0.00050500606, -0.00051095, -0.0005171596, -0.00053630915, -0.00056298246, -0.00057816994, -0.000610667, -0.00064610643, -0.0006857474, -0.0007073556, -0.00075394136, -0.0008039214, -0.00082918955, -0.00087629864, -0.0009130657, -0.00093602843, -0.0009429381, -0.0009506638, -0.0009541453, -0.00095567154, -0.00096139754, -0.0009740568, -0.0009835213, -0.0010079793, -0.0010375787, -0.0010697931, -0.0010861985, -0.0011183877, -0.0011480376, -0.0011616043, -0.0011859918, -0.0012071771, -0.0012254866, -0.0012335534, -0.0012477667, -0.0012601119, -0.0012655975, -0.0012752686, -0.0012831381, -0.0012863607, -0.0012913018, -0.0012942624, -0.0012946922, -0.0012938626, -0.0012900382, -0.0012831875, -0.0012784105, -0.0012659039, -0.001249298, -0.0012281833, -0.001215884, -0.0011890538, -0.0011651948, -0.0011597645, -0.0011856313, -0.0013005496
0, 0, 0, 0, 0, 0, -0.001284471, -0.0011096088, -0.000831133, -0.00068805827, -0.0006127925, -0.0005851817, -0.00053618615, -0.0004886919, -0.00046450758, -0.0004151111, -0.00036361185, -0.00031016974, -0.000283072, -0.00022855317, -0.00017495986, -0.00014884087, -9.829118e-05, -5.0807113e-05, -2.8195429e-05, 1.4996238e-05, 5.6557412e-05, 9.7505916e-05, 0.00011769993, 0.00015737333, 0.00019547508, 0.00021388048, 0.00024922204, 0.0002832232, 0.00031562828, 0.00033096992, 0.00035895477, 0.00038169188, 0.0003910192, 0.00040565463, 0.00041532068, 0.0004184548, 0.00042030402, 0.0004166873, 0.00041016462, 0.0004069466, 0.00040232958, 0.00040128123, 0.00040180012, 0.00040312659, 0.00040382112, 0.0004014491, 0.0003980616, 0.00038521702, 0.00036336653, 0.0003488305, 0.00031183148, 0.00026537123, 0.00023968604, 0.00018602017, 0.00013151957, 7.775384e-05, 5.129381e-05, -1.5915135e-06, -5.5721423e-05, -8.3034305e-05, -0.00013641323, -0.00018647755, -0.0002334453, -0.00025595847, -0.00029947027, -0.00034143313, -0.0003619983, -0.00040140323, -0.0004365435, -0.00046594665, -0.00047900414, -0.0005031337, -0.0005253326, -0.00053515163, -0.000550812, -0.000560478, -0.0005633687, -0.00056609686, -0.0005657749, -0.0005632363, -0.000561053, -0.0005541512, -0.00054491847, -0.0005404279, -0.0005338718, -0.0005303302, -0.0005276392, -0.00052658055, -0.0005266546, -0.00053278496, -0.00053896307, -0.00055768853, -0.0005836991, -0.0005985736, -0.0006306839, -0.00066578673, -0.00070456293, -0.00072565884, -0.0007715177, -0.0008214525, -0.0008466699, -0.0008929589, -0.0009283603, -0.0009507703, -0.00095771434, -0.0009653489, -0.00096795906, -0.0009689945, -0.00097420986, -0.0009868924, -0.0009963027, -0.0010202638, -0.0010492537, -0.0010812052, -0.0010975279, -0.0011293674, -0.0011585247, -0.001171843, -0.0011959203, -0.0012168814, -0.0012346819, -0.0012424795, -0.0012563779, -0.0012684276, -0.0012737735, -0.00128308, -0.0012905387, -0.0012935814, -0.0012982814, -0.0013008524, -0.0013008853, -0.0012999023, -0.001295871, -0.0012886265, -0.0012836921, -0.0012708261, -0.0012539409, -0.0012324647, -0.0012199325, -0.0011927707, -0.0011685381, -0.0011628898, -0.001188236, -0.0013030659
0, 0, 0, 0, 0, 0, -0.0010606396, -0.00097613444, -0.00079425337, -0.00068304635, -0.00061797525, -0.0005929558, -0.00054738665, -0.0005030662, -0.00048042662, -0.00043388965, -0.00038478998, -0.00033365787, -0.00030749093, -0.0002550451, -0.00020308171, -0.00017757714, -0.00012784173, -8.081817e-05, -5.8573285e-05, -1.6207705e-05, 2.4004523e-05, 6.2662795e-05, 8.1592334e-05, 0.00011832247, 0.00015334437, 0.00017017731, 0.00020272948, 0.00023455001, 0.00026573896, 0.00028091465, 0.0003097063, 0.00033448474, 0.00034499474, 0.00036217665, 0.00037433885, 0.00037841106, 0.00038205026, 0.00037937792, 0.0003726026, 0.0003686088, 0.00036149254, 0.0003573625, 0.000356309, 0.0003554747, 0.0003547427, 0.00035212972, 0.00034881645, 0.0003369361, 0.00031697913, 0.00030373904, 0.0002700569, 0.00022809632, 0.00020506837, 0.00015706285, 0.000107408385, 5.67133e-05, 3.1011125e-05, -2.1786194e-05, -7.727334e-05, -0.00010543171, -0.00016044728, -0.00021125653, -0.00025811253, -0.00028040409, -0.00032365645, -0.00036570223, -0.0003862285, -0.00042503368, -0.00045874363, -0.000486707, -0.0004991622, -0.0005227109, -0.0005444835, -0.00055400195, -0.00056866463, -0.0005772677, -0.00057974807, -0.000582476, -0.0005830351, -0.00058178307, -0.00058012997, -0.0005740476, -0.00056511856, -0.00056074705, -0.0005542687, -0.00055084436, -0.000548304, -0.00054732815, -0.0005477261, -0.00055404636, -0.0005601554, -0.00057827635, -0.0006036329, -0.00061832945, -0.00065034966, -0.000684879, -0.000722754, -0.0007435025, -0.00078907376, -0.0008387839, -0.0008636045, -0.0009087861, -0.00094324705, -0.00096555374, -0.0009724913, -0.0009795171, -0.0009810299, -0.0009817836, -0.0009869449, -0.0009995627, -0.0010086851, -0.0010319602, -0.0010606239, -0.0010924013, -0.0011086283, -0.0011399265, -0.0011686573, -0.0011817903, -0.0012056505, -0.0012262559, -0.0012435515, -0.0012511655, -0.0012648716, -0.0012765764, -0.0012816986, -0.0012905726, -0.0012977596, -0.0013006846, -0.001305088, -0.0013072437, -0.0013069916, -0.0013059034, -0.001301551, -0.0012938952, -0.0012887714, -0.0012757285, -0.0012584726, -0.0012365761, -0.001223955, -0.0011964344, -0.0011716945, -0.001165846, -0.0011908878, -0.001305513
0, 0, 0, 0, 0, 0, -0.0010888007, -0.00094226276, -0.000760372, -0.00066832075, -0.0006141061, -0.0005922069, -0.0005511282, -0.0005099179, -0.00048884726, -0.00044496797, -0.00039912743, -0.00035199567, -0.00032809342, -0.0002803719, -0.00023329491, -0.00020994598, -0.00016404456, -0.00011970735, -9.832943e-05, -5.696964e-05, -1.73902e-05, 2.0616437e-05, 3.901058e-05, 7.418546e-05, 0.000107196625, 0.00012278644, 0.00015238828, 0.00018048967, 0.00020779035, 0.00022130285, 0.00024727173, 0.0002703043, 0.00028046808, 0.00029762957, 0.0003106203, 0.00031559248, 0.00032167087, 0.0003222871, 0.00031875054, 0.00031612974, 0.0003110346, 0.00030770147, 0.00030688854, 0.00030639907, 0.0003062105, 0.00030410054, 0.0003012219, 0.0002905815, 0.0002731726, 0.00026175356, 0.00023300046, 0.00019728215, 0.00017752119, 0.00013540013, 8.990736e-05, 4.0834566e-05, 1.5107501e-05, -3.8639628e-05, -9.5573036e-05, -0.0001244785, -0.00018071788, -0.00023273604, -0.00028075924, -0.00030377368, -0.00034828266, -0.0003908776, -0.00041116888, -0.00044873104, -0.0004806637, -0.0005074242, -0.0005195259, -0.00054251106, -0.0005633076, -0.00057208486, -0.0005854744, -0.0005936405, -0.0005962764, -0.0005996102, -0.0006009372, -0.0006002395, -0.00059877057, -0.00059285044, -0.00058401516, -0.0005797259, -0.0005735457, -0.0005704269, -0.0005682585, -0.0005674289, -0.0005680816, -0.0005744137, -0.00058030686, -0.0005978969, -0.0006228435, -0.0006375534, -0.00066944334, -0.0007033722, -0.0007404701, -0.00076095434, -0.000806327, -0.0008555326, -0.00087987946, -0.0009239955, -0.0009580612, -0.0009802773, -0.0009869543, -0.0009929492, -0.0009937092, -0.0009943799, -0.0009996503, -0.0010117885, -0.0010205471, -0.0010432432, -0.0010717842, -0.0011034108, -0.0011193583, -0.0011501571, -0.0011785208, -0.0011915686, -0.0012151817, -0.0012352301, -0.0012521576, -0.0012596884, -0.0012731748, -0.0012845064, -0.0012893833, -0.001297947, -0.0013048783, -0.0013076818, -0.0013116825, -0.0013135318, -0.0013130584, -0.0013118223, -0.0013070055, -0.0012991017, -0.001293854, -0.0012804967, -0.0012628814, -0.0012406597, -0.0012278866, -0.001199942, -0.0011748152, -0.0011687512, -0.0011934908, -0.0013078814
0, 0, 0, 0, 0, 0, -0.0009427987, -0.0008499854, -0.0007198893, -0.00065025716, -0.00060628506, -0.0005873098, -0.0005501144, -0.0005110635, -0.0004907802, -0.00044890898, -0.00040593796, -0.00036271728, -0.00034121133, -0.00029878612, -0.00025731703, -0.00023677465, -0.00019570277, -0.0001550478, -0.00013485122, -9.4869596e-05, -5.573767e-05, -1.7959415e-05, 2.0910605e-07, 3.482485e-05, 6.679662e-05, 8.158859e-05, 0.00010865646, 0.00013275097, 0.00015493427, 0.00016561926, 0.00018609478, 0.00020455621, 0.00021282815, 0.00022727625, 0.00023915964, 0.00024411114, 0.00025191368, 0.00025636028, 0.0002581308, 0.0002585021, 0.00025878477, 0.00026007742, 0.00026125737, 0.00026406406, 0.00026636987, 0.00026580095, 0.0002635924, 0.0002541871, 0.0002386463, 0.00022876741, 0.0002042405, 0.00017362932, 0.00015635975, 0.00011850656, 7.519376e-05, 2.6233845e-05, 5.9720007e-09, -5.548548e-05, -0.00011406783, -0.00014368593, -0.00020104056, -0.0002541116, -0.00030337446, -0.00032717557, -0.0003729709, -0.0004155234, -0.00043530008, -0.00047086322, -0.00050098327, -0.00052693795, -0.00053903105, -0.0005619758, -0.000582013, -0.0005902519, -0.00060265465, -0.0006107386, -0.0006136253, -0.00061758066, -0.0006192385, -0.00061836606, -0.00061668496, -0.00061056047, -0.0006019779, -0.0005978946, -0.0005921583, -0.0005893048, -0.0005874349, -0.0005868045, -0.0005875976, -0.00059364043, -0.0005992462, -0.0006165107, -0.00064156024, -0.0006562574, -0.0006878773, -0.00072105613, -0.00075760094, -0.00077797635, -0.00082312187, -0.00087161025, -0.00089547783, -0.00093893096, -0.0009728354, -0.00099453, -0.0010007785, -0.0010057993, -0.0010063052, -0.0010070312, -0.0010120507, -0.0010234116, -0.0010318905, -0.0010543872, -0.001082873, -0.0011140406, -0.0011296853, -0.0011600703, -0.001188277, -0.0012011974, -0.0012243988, -0.0012439864, -0.0012606215, -0.0012680752, -0.0012812401, -0.001292127, -0.00129688, -0.0013052407, -0.0013118701, -0.001314462, -0.0013181304, -0.0013197786, -0.0013189351, -0.0013175057, -0.001312408, -0.0013042444, -0.0012988538, -0.0012851097, -0.0012671825, -0.0012447196, -0.0012317338, -0.001203364, -0.0011779148, -0.0011716434, -0.0011959855, -0.0013101882
0, 0, 0, 0, 0, 0, -0.000841702, -0.00078030705, -0.000689386, -0.0006370725, -0.00060038175, -0.0005833447, -0.00054836174, -0.00051048887, -0.00049066305, -0.00044978465, -0.00040846862, -0.00036767428, -0.00034764456, -0.00030879513, -0.0002710251, -0.00025245195, -0.0002150915, -0.00017712316, -0.000157829, -0.00011903753, -8.056985e-05, -4.3511285e-05, -2.5626794e-05, 8.285241e-06, 3.912387e-05, 5.3127405e-05, 7.7598736e-05, 9.780281e-05, 0.00011475476, 0.00012237232, 0.00013671195, 0.00014968202, 0.000155605, 0.0001664803, 0.00017616316, 0.00018065117, 0.00018909462, 0.00019662346, 0.00020376754, 0.00020730973, 0.00021431496, 0.000221931, 0.00022584396, 0.0002333505, 0.00023906003, 0.00024063607, 0.00023894598, 0.00022999804, 0.00021488016, 0.0002054695, 0.00018246347, 0.0001537692, 0.00013749131, 0.00010071755, 5.741079e-05, 7.573283e-06, -1.9306939e-05, -7.60098e-05, -0.00013552264, -0.00016549518, -0.00022326122, -0.00027641904, -0.00032594733, -0.00034981285, -0.00039533197, -0.00043697763, -0.00045603476, -0.00049025443, -0.0005198598, -0.00054612046, -0.0005585016, -0.00058156095, -0.00060095894, -0.0006088554, -0.0006208905, -0.0006290643, -0.00063199335, -0.0006359355, -0.0006372578, -0.0006358152, -0.000633909, -0.0006276142, -0.0006194542, -0.000615682, -0.0006103051, -0.00060760987, -0.00060575496, -0.0006052041, -0.0006059811, -0.0006116838, -0.0006171746, -0.00063445535, -0.0006596766, -0.00067434245, -0.0007053961, -0.000737955, -0.0007742138, -0.0007945311, -0.00083927356, -0.00088698947, -0.0009105445, -0.0009536931, -0.0009872761, -0.0010081347, -0.0010139224, -0.0010184491, -0.0010189248, -0.0010195435, -0.0010238998, -0.0010346448, -0.0010429627, -0.0010655124, -0.0010936544, -0.0011242477, -0.0011396781, -0.0011699089, -0.0011978627, -0.0012105786, -0.0012333234, -0.0012525968, -0.0012690488, -0.0012763395, -0.0012890323, -0.0012995976, -0.0013042843, -0.0013124145, -0.001318635, -0.0013210573, -0.0013245239, -0.0013258312, -0.001324657, -0.0013230587, -0.0013177855, -0.0013092961, -0.0013037407, -0.0012896569, -0.001271466, -0.001248655, -0.001235481, -0.0012067496, -0.0011809311, -0.0011744712, -0.0011984175, -0.0013124567
0, 0, 0, 0, 0, -0.0011460441, -0.0008664481, -0.0007807476, -0.000682273, -0.00063147786, -0.00059569685, -0.00057885237, -0.0005440548, -0.0005068334, -0.0004874788, -0.00044740696, -0.00040719233, -0.00036755452, -0.00034803172, -0.00031029785, -0.00027387176, -0.00025595902, -0.00021996826, -0.00018298057, -0.00016410544, -0.00012604322, -8.8396555e-05, -5.2425512e-05, -3.521084e-05, -2.7696685e-06, 2.638547e-05, 3.937348e-05, 6.126555e-05, 7.812182e-05, 9.066949e-05, 9.586461e-05, 0.000105142004, 0.000113450595, 0.00011742545, 0.00012519665, 0.00013280452, 0.00013669653, 0.00014504058, 0.00015443157, 0.00016556628, 0.00017156872, 0.0001838281, 0.0001961581, 0.00020220311, 0.0002132417, 0.00022134696, 0.00022412058, 0.00022246872, 0.00021293893, 0.00019669998, 0.00018671219, 0.00016261681, 0.00013274328, 0.00011578002, 7.744142e-05, 3.2698994e-05, -1.8217093e-05, -4.534197e-05, -0.00010190497, -0.00016052855, -0.00018983688, -0.0002460641, -0.00029779127, -0.00034626038, -0.00036964656, -0.00041430563, -0.00045500373, -0.00047364726, -0.00050771434, -0.00053833146, -0.000565975, -0.0005787765, -0.00060171465, -0.0006204324, -0.0006280719, -0.0006400538, -0.000648167, -0.00065090565, -0.0006541079, -0.00065462495, -0.0006528231, -0.0006509197, -0.0006447566, -0.0006369096, -0.0006332678, -0.0006279616, -0.0006249632, -0.0006230917, -0.0006225665, -0.0006233136, -0.0006287889, -0.0006342136, -0.0006517366, -0.0006770703, -0.00069150847, -0.0007219719, -0.00075411296, -0.00079029496, -0.00081051514, -0.00085476466, -0.0009018495, -0.0009252195, -0.0009680781, -0.001001142, -0.0010212663, -0.0010267049, -0.0010310021, -0.0010312881, -0.0010316073, -0.0010352844, -0.0010457173, -0.0010540695, -0.0010764587, -0.0011040334, -0.0011342014, -0.0011495467, -0.0011796046, -0.0012071916, -0.001219675, -0.0012419996, -0.0012610983, -0.0012773442, -0.0012843692, -0.0012966449, -0.0013070484, -0.0013116157, -0.0013193571, -0.0013252478, -0.0013275732, -0.0013307995, -0.0013317532, -0.0013303177, -0.0013285907, -0.0013230377, -0.0013142233, -0.0013084662, -0.0012942031, -0.0012756964, -0.001252477, -0.0012391184, -0.0012101417, -0.001183871, -0.0011772001, -0.001200812, -0.0013146937
0, 0, 0, 0, 0, -0.0011655985, -0.0008714397, -0.00078340154, -0.0006809475, -0.00062614435, -0.0005869044, -0.0005687871, -0.00053220877, -0.00049465214, -0.00047543336, -0.00043643592, -0.000397188, -0.00035802313, -0.0003386844, -0.0003008283, -0.00026424017, -0.00024630822, -0.00021057203, -0.00017414328, -0.00015566208, -0.000118624375, -8.242413e-05, -4.8280104e-05, -3.2127315e-05, -1.8127796e-06, 2.529768e-05, 3.735549e-05, 5.759129e-05, 7.2770155e-05, 8.34469e-05, 8.758723e-05, 9.440997e-05, 9.9978824e-05, 0.00010273891, 0.0001081284, 0.00011350892, 0.00011638304, 0.00012320619, 0.00013225622, 0.00014440205, 0.00015130683, 0.00016565931, 0.00018014648, 0.00018712439, 0.00019955132, 0.00020828727, 0.00021046873, 0.00020811716, 0.00019658725, 0.00017793303, 0.0001665519, 0.00013966455, 0.00010694838, 8.8560475e-05, 4.7900616e-05, 1.4266593e-06, -4.9959555e-05, -7.6852564e-05, -0.00013167175, -0.00018719629, -0.00021458074, -0.00026714188, -0.00031595927, -0.0003629111, -0.00038604517, -0.00043075197, -0.00047158953, -0.000490372, -0.0005252456, -0.0005575064, -0.0005868365, -0.00059997465, -0.0006225064, -0.00064016687, -0.00064735254, -0.0006590813, -0.0006672308, -0.0006697645, -0.00067213824, -0.0006720646, -0.00067021104, -0.0006683186, -0.00066219125, -0.00065423513, -0.0006504424, -0.0006447714, -0.0006413941, -0.0006395109, -0.0006390223, -0.00063972763, -0.0006451066, -0.00065060065, -0.00066831463, -0.00069346424, -0.00070761173, -0.00073752494, -0.0007695998, -0.00080588204, -0.0008259425, -0.00086961105, -0.00091618905, -0.00093941827, -0.0009819657, -0.0010145014, -0.0010340576, -0.0010393078, -0.0010433255, -0.0010432134, -0.0010432412, -0.0010463946, -0.0010567454, -0.0010650634, -0.0010870504, -0.0011141171, -0.0011440131, -0.0011593396, -0.0011891328, -0.0012162324, -0.0012285104, -0.0012505878, -0.0012695723, -0.0012853238, -0.0012921724, -0.001304234, -0.001314402, -0.0013187929, -0.0013261187, -0.001331827, -0.0013340283, -0.001336949, -0.0013376201, -0.0013359128, -0.0013340655, -0.0013282179, -0.001319053, -0.0013131574, -0.0012986592, -0.0012798061, -0.0012562731, -0.0012427993, -0.0012134349, -0.0011868019, -0.0011799567, -0.0012031783, -0.0013169001
0, 0, 0, 0, 0, -0.0010264365, -0.0008303717, -0.00076106435, -0.0006710273, -0.000615573, -0.0005725158, -0.00055246276, -0.0005129422, -0.0004738121, -0.00045428917, -0.0004154957, -0.00037677938, -0.0003380429, -0.00031870752, -0.00028060688, -0.00024368522, -0.00022558315, -0.00018991277, -0.00015439127, -0.00013659541, -0.00010137311, -6.7630775e-05, -3.6213587e-05, -2.147033e-05, 6.1584906e-06, 3.1132313e-05, 4.2454434e-05, 6.200941e-05, 7.7405246e-05, 8.911047e-05, 9.372255e-05, 0.000100979945, 0.000106535845, 0.000108856366, 0.00011287246, 0.00011598882, 0.00011751264, 0.00012136006, 0.00012766254, 0.00013764718, 0.00014372125, 0.00015692931, 0.00017067514, 0.00017735205, 0.00018893345, 0.00019608252, 0.0001957198, 0.00019183643, 0.00017703729, 0.0001548604, 0.00014174623, 0.00011133521, 7.548831e-05, 5.5797922e-05, 1.3256668e-05, -3.3824017e-05, -8.4232815e-05, -0.000109864755, -0.00016114599, -0.00021187826, -0.00023684856, -0.0002851172, -0.00033122912, -0.00037763463, -0.00040110401, -0.00044712526, -0.00048920343, -0.0005085158, -0.00054449576, -0.0005778466, -0.000607827, -0.00062085903, -0.0006425745, -0.0006591709, -0.00066620694, -0.0006782581, -0.00068650773, -0.00068889064, -0.0006905857, -0.0006899974, -0.0006879167, -0.00068592833, -0.00067945884, -0.00067093875, -0.00066694047, -0.00066078076, -0.0006570877, -0.00065521954, -0.0006547655, -0.0006554305, -0.00066074834, -0.0006662405, -0.0006838847, -0.0007086522, -0.00072264124, -0.000752308, -0.0007846206, -0.0008208202, -0.0008406022, -0.00088363467, -0.0009300312, -0.0009531685, -0.0009954255, -0.001027382, -0.0010464949, -0.0010516562, -0.0010553735, -0.0010547264, -0.0010544528, -0.0010573935, -0.0010676181, -0.0010757941, -0.0010972875, -0.001123995, -0.0011538194, -0.0011690794, -0.0011983827, -0.0012250099, -0.0012372009, -0.0012592139, -0.0012777804, -0.0012931358, -0.0012998601, -0.0013117252, -0.0013215881, -0.0013257705, -0.0013328611, -0.0013383555, -0.0013404127, -0.0013429741, -0.0013433894, -0.0013414234, -0.0013394705, -0.0013332599, -0.0013238357, -0.0013178524, -0.001302994, -0.0012838248, -0.0012600664, -0.0012464159, -0.0012166421, -0.0011896727, -0.0011826636, -0.001205544, -0.0013190849
0, 0, 0, 0, -0.0013573571, -0.0010013323, -0.00079659635, -0.0007355723, -0.000656183, -0.0006029596, -0.0005582211, -0.00053679233, -0.00049455283, -0.00045318098, -0.00043285626, -0.00039311204, -0.0003542852, -0.0003155982, -0.00029633832, -0.00025776174, -0.00022029446, -0.0002019502, -0.00016624441, -0.0001314285, -0.00011436707, -8.118464e-05, -5.0038794e-05, -2.1512178e-05, -8.178916e-06, 1.6947777e-05, 4e-05, 5.0687733e-05, 7.015659e-05, 8.7169086e-05, 0.00010156213, 0.00010767144, 0.00011779258, 0.00012511126, 0.00012781695, 0.00013140102, 0.00013269566, 0.00013281967, 0.00013326848, 0.00013550738, 0.00014118048, 0.00014524616, 0.00015468488, 0.00016508032, 0.00017014885, 0.00017832521, 0.00018150102, 0.00017689432, 0.00017095942, 0.00015217828, 0.00012641611, 0.00011159851, 7.8146404e-05, 4.019298e-05, 1.993505e-05, -2.2762943e-05, -6.839594e-05, -0.00011587866, -0.00013959328, -0.00018631463, -0.00023259623, -0.00025568053, -0.0003012687, -0.00034681824, -0.00039427637, -0.0004186031, -0.00046608874, -0.0005088504, -0.00052827905, -0.00056434807, -0.00059798115, -0.00062788016, -0.00064076175, -0.0006618281, -0.0006782148, -0.0006855144, -0.00069820986, -0.0007064229, -0.00070848735, -0.00070917263, -0.00070797896, -0.00070569426, -0.0007035293, -0.0006963587, -0.0006870014, -0.00068263337, -0.0006760857, -0.00067234226, -0.00067049166, -0.00066998095, -0.00067044026, -0.0006754903, -0.00068088766, -0.0006983419, -0.0007229299, -0.0007368691, -0.00076663325, -0.000799057, -0.0008348356, -0.00085430976, -0.0008970273, -0.00094343035, -0.0009665428, -0.0010083425, -0.0010397842, -0.001058653, -0.001063681, -0.0010670662, -0.0010658893, -0.0010654972, -0.0010682817, -0.0010782554, -0.00108619, -0.0011072279, -0.0011338257, -0.0011635608, -0.0011785633, -0.0012073803, -0.001233813, -0.0012459606, -0.0012676592, -0.0012857286, -0.0013008653, -0.0013075155, -0.0013191038, -0.0013286329, -0.0013326451, -0.0013395463, -0.0013447831, -0.0013466452, -0.0013489014, -0.0013491011, -0.0013469014, -0.0013447332, -0.0013382452, -0.0013286142, -0.0013224916, -0.0013072637, -0.0012878333, -0.0012637391, -0.0012499044, -0.001219873, -0.0011925193, -0.0011853144, -0.0012078657, -0.001321242
0, 0, 0, 0, -0.0011244939, -0.0009125062, -0.0007572407, -0.00070911745, -0.0006439877, -0.0005964229, -0.0005533048, -0.0005318864, -0.000488849, -0.00044578308, -0.00042473746, -0.00038379224, -0.00034441453, -0.0003057005, -0.0002863105, -0.0002476202, -0.00020916543, -0.00019039078, -0.00015368975, -0.000118451215, -0.00010139689, -6.894434e-05, -3.9017712e-05, -1.1893626e-05, 8.1309014e-07, 2.4512676e-05, 4.6600722e-05, 5.707622e-05, 7.721632e-05, 9.61675e-05, 0.00011353557, 0.00012132726, 0.00013472055, 0.00014418467, 0.00014739047, 0.0001509583, 0.00015085268, 0.0001498939, 0.00014729967, 0.00014566997, 0.00014692123, 0.00014867361, 0.00015356882, 0.00015952575, 0.0001622755, 0.00016539106, 0.00016321603, 0.00015349922, 0.00014534527, 0.00012291117, 9.449745e-05, 7.864325e-05, 4.3934026e-05, 6.054103e-06, -1.3639527e-05, -5.432377e-05, -9.721579e-05, -0.00014152478, -0.00016358959, -0.00020722942, -0.00025136708, -0.0002738858, -0.0003192195, -0.00036569795, -0.00041457498, -0.00043940698, -0.00048714038, -0.00052922766, -0.00054809137, -0.0005834494, -0.00061723316, -0.00064777455, -0.00066072465, -0.00068159524, -0.00069803005, -0.0007054926, -0.00071862334, -0.0007266143, -0.0007281811, -0.00072780007, -0.00072598, -0.00072320853, -0.00072071597, -0.00071259704, -0.00070238975, -0.0006978144, -0.00069098925, -0.00068728195, -0.0006850902, -0.0006843834, -0.0006843947, -0.0006891736, -0.00069455785, -0.0007120566, -0.0007365769, -0.0007504867, -0.00078035437, -0.0008126101, -0.0008479469, -0.0008672476, -0.00090998603, -0.00095646584, -0.000979456, -0.0010207596, -0.0010517818, -0.0010704458, -0.0010753549, -0.001078308, -0.0010768381, -0.0010763502, -0.0010789313, -0.00108857, -0.0010963278, -0.0011171247, -0.0011436411, -0.0011729744, -0.0011877179, -0.0012162884, -0.001242612, -0.0012546591, -0.0012758393, -0.0012935913, -0.0013085863, -0.001315142, -0.0013263461, -0.0013355196, -0.0013394622, -0.0013461526, -0.001351007, -0.0013527338, -0.0013548202, -0.0013547777, -0.0013522173, -0.0013499067, -0.0013432262, -0.0013333228, -0.0013270314, -0.0013115403, -0.0012918126, -0.0012673856, -0.0012534029, -0.0012230615, -0.0011953453, -0.0011879243, -0.0012101578, -0.0013233477
0, 0, 0, 0, -0.0009841943, -0.0008381205, -0.00072962785, -0.0006947926, -0.00064493495, -0.0006047889, -0.00056557526, -0.0005453818, -0.000503659, -0.00046097775, -0.00043967128, -0.00039823778, -0.000358609, -0.00032016184, -0.00030099027, -0.0002621728, -0.00022314228, -0.00020361629, -0.0001653638, -0.00012851851, -0.00011070964, -7.700023e-05, -4.59611e-05, -1.7794224e-05, -4.649443e-06, 1.9865607e-05, 4.2610834e-05, 5.3493106e-05, 7.453671e-05, 9.5046424e-05, 0.000114539835, 0.00012357261, 0.00013913626, 0.0001502435, 0.00015399231, 0.00015794425, 0.00015737882, 0.00015584451, 0.00015154704, 0.00014748881, 0.0001459011, 0.00014610228, 0.00014803563, 0.00015085092, 0.00015181043, 0.00015071068, 0.00014380793, 0.00012985415, 0.000119942095, 9.474144e-05, 6.4568085e-05, 4.8319478e-05, 1.379629e-05, -2.2308e-05, -4.0678373e-05, -7.8585246e-05, -0.0001191885, -0.00016183898, -0.00018333523, -0.00022657281, -0.00027129383, -0.0002943018, -0.00034073702, -0.00038792173, -0.0004367761, -0.00046141894, -0.00050844386, -0.00054947933, -0.0005678779, -0.0006027796, -0.0006368978, -0.0006681618, -0.000681335, -0.00070233905, -0.00071875344, -0.00072622445, -0.00073927006, -0.0007467324, -0.0007477664, -0.00074633583, -0.00074352237, -0.00074000587, -0.00073711947, -0.00072831946, -0.0007176034, -0.0007127635, -0.0007056503, -0.0007015859, -0.000698843, -0.0006978055, -0.00069735624, -0.0007021139, -0.000707637, -0.00072517735, -0.00074954866, -0.0007634372, -0.00079324096, -0.0008252693, -0.00086034724, -0.00087968406, -0.00092262763, -0.00096900103, -0.0009917585, -0.0010325642, -0.0010633635, -0.0010819515, -0.0010867035, -0.0010892526, -0.0010875231, -0.0010869455, -0.001089314, -0.0010986571, -0.0011062444, -0.001126971, -0.0011532677, -0.0011821523, -0.0011967428, -0.0012251739, -0.0012512906, -0.0012630638, -0.0012838651, -0.0013015083, -0.0013162472, -0.0013225657, -0.0013334256, -0.001342436, -0.0013462793, -0.0013526623, -0.0013571644, -0.0013588058, -0.0013606992, -0.0013603107, -0.0013574949, -0.0013551293, -0.001348148, -0.0013378983, -0.001331486, -0.001315798, -0.0012957454, -0.0012710277, -0.001256911, -0.0012261812, -0.0011981068, -0.0011905136, -0.0012123899, -0.0013254083
0, 0, 0, 0, -0.0009476077, -0.0008261016, -0.0007373812, -0.0007094889, -0.0006689661, -0.000634706, -0.0005997909, -0.0005813941, -0.00054269226, -0.0005019504, -0.00048118253, -0.00044039983, -0.00040121886, -0.0003632464, -0.00034422352, -0.00030571248, -0.0002661576, -0.0002461291, -0.00020612184, -0.00016677489, -0.00014768317, -0.00011089017, -7.657569e-05, -4.5008368e-05, -3.0344652e-05, -2.9597102e-06, 2.1875276e-05, 3.345774e-05, 5.550735e-05, 7.6425575e-05, 9.6172196e-05, 0.000105273924, 0.00012118879, 0.00013300446, 0.00013724994, 0.00014260547, 0.0001436099, 0.00014290641, 0.00013998024, 0.00013693963, 0.00013580537, 0.00013608142, 0.00013791451, 0.00013988241, 0.00014001374, 0.00013653636, 0.00012688486, 0.00011048218, 9.957683e-05, 7.282378e-05, 4.1774096e-05, 2.5323416e-05, -8.630772e-06, -4.320278e-05, -6.0644485e-05, -9.709962e-05, -0.00013690993, -0.00017950463, -0.00020132713, -0.00024599305, -0.00029284845, -0.0003168886, -0.000364858, -0.0004119876, -0.00045946203, -0.00048330467, -0.0005290376, -0.0005696527, -0.00058824004, -0.0006237392, -0.00065836654, -0.0006896933, -0.0007029159, -0.0007239586, -0.0007403925, -0.00074776815, -0.00076005654, -0.00076613406, -0.00076648686, -0.0007639694, -0.00076047087, -0.000756428, -0.00075326406, -0.00074383314, -0.0007324561, -0.0007273288, -0.0007196639, -0.0007148941, -0.0007115356, -0.0007102579, -0.0007097748, -0.0007147344, -0.00072024175, -0.0007376164, -0.00076173176, -0.000775523, -0.00080528663, -0.0008372673, -0.00087236514, -0.00089179585, -0.0009348393, -0.0009808004, -0.0010032977, -0.0010438792, -0.0010748233, -0.0010931877, -0.0010977084, -0.0010998714, -0.0010979403, -0.001097351, -0.0010995141, -0.0011085713, -0.0011160723, -0.0011366074, -0.0011626307, -0.0011912574, -0.0012057768, -0.001233981, -0.0012596955, -0.0012712966, -0.0012919002, -0.0013093902, -0.0013237009, -0.0013298217, -0.0013405223, -0.0013492971, -0.0013530083, -0.0013589936, -0.0013633607, -0.0013648907, -0.0013664159, -0.0013657842, -0.0013627658, -0.001360281, -0.0013529658, -0.0013425046, -0.0013359431, -0.0013199474, -0.0012996555, -0.0012746262, -0.0012603495, -0.0012292546, -0.0012008499, -0.0011930635, -0.001214607, -0.0013274803
0, 0, 0, -0.0013490466, -0.0011408771, -0.0008876313, -0.00078183145, -0.00075357215, -0.0007151379, -0.0006840062, -0.00065247, -0.00063590467, -0.0006009763, -0.0005636145, -0.0005442163, -0.0005054593, -0.0004673552, -0.00042990918, -0.00041108188, -0.000372528, -0.00033259482, -0.00031210674, -0.00027052997, -0.00022886561, -0.00020824511, -0.00016789619, -0.00012942485, -9.3588795e-05, -7.686649e-05, -4.5825847e-05, -1.8207851e-05, -5.6178983e-06, 1.7486165e-05, 3.858539e-05, 5.7493922e-05, 6.604539e-05, 8.101966e-05, 9.2874485e-05, 9.766459e-05, 0.00010514157, 0.000109742956, 0.000111234825, 0.000113085865, 0.00011485388, 0.00011818872, 0.00012050795, 0.00012545056, 0.00012884881, 0.00012903224, 0.0001247338, 0.000113652735, 9.604363e-05, 8.477509e-05, 5.7739755e-05, 2.6872049e-05, 1.063396e-05, -2.2796708e-05, -5.7259083e-05, -7.5006275e-05, -0.000112450594, -0.00015351421, -0.0001972252, -0.00021964156, -0.00026581253, -0.00031458228, -0.000339571, -0.00038867115, -0.00043561033, -0.00048178734, -0.0005049489, -0.0005499337, -0.0005911004, -0.00061036344, -0.00064723805, -0.0006823731, -0.0007131026, -0.0007258914, -0.0007461123, -0.00076207175, -0.00076906005, -0.0007800701, -0.00078449084, -0.00078417215, -0.00078088325, -0.000777247, -0.0007728378, -0.00076930755, -0.00075889076, -0.00074647646, -0.00074087613, -0.0007325839, -0.00072734064, -0.00072365504, -0.0007223286, -0.0007218367, -0.0007268438, -0.000732183, -0.000749101, -0.0007730645, -0.0007868816, -0.00081688765, -0.000848888, -0.00088403607, -0.0009034658, -0.00094623934, -0.000991977, -0.0010144358, -0.001055118, -0.0010860129, -0.0011039379, -0.0011082235, -0.0011102065, -0.0011083079, -0.0011075635, -0.0011094799, -0.0011182531, -0.0011256941, -0.0011460684, -0.0011718771, -0.001200275, -0.0012146588, -0.00124262, -0.0012680457, -0.0012794778, -0.0012998979, -0.0013170511, -0.0013310444, -0.00133707, -0.001347587, -0.0013560321, -0.0013595626, -0.0013653405, -0.0013695235, -0.001370879, -0.0013720982, -0.0013712492, -0.0013679555, -0.001365299, -0.0013577911, -0.001347095, -0.0013403969, -0.0013240346, -0.0013035022, -0.0012781776, -0.001263735, -0.0012323131, -0.0012035491, -0.001195604, -0.001216826, -0.001329559
0, 0, 0, -0.0012127062, -0.0011159764, -0.0009305342, -0.000834421, -0.000807348, -0.00077060517, -0.00074143714, -0.00071282854, -0.0006979296, -0.0006668318, -0.00063350867, -0.00061611406, -0.00058035814, -0.00054401014, -0.0005071242, -0.00048829016, -0.00044962307, -0.00040947628, -0.00038883858, -0.00034656713, -0.00030358694, -0.00028202753, -0.000239277, -0.00019799202, -0.00015896813, -0.00014063783, -0.000106637584, -7.6331984e-05, -6.2529216e-05, -3.7437683e-05, -1.5142389e-05, 4.0792956e-06, 1.24737535e-05, 2.7147045e-05, 3.9332703e-05, 4.4795528e-05, 5.475519e-05, 6.323002e-05, 6.7146175e-05, 7.472332e-05, 8.304212e-05, 9.335567e-05, 9.894081e-05, 0.00010941811, 0.00011623143, 0.00011735946, 0.00011373965, 0.000102474885, 8.439373e-05, 7.300804e-05, 4.635523e-05, 1.6412521e-05, 7.4682356e-07, -3.1964577e-05, -6.709988e-05, -8.574458e-05, -0.0001257128, -0.00016916418, -0.0002144059, -0.0002373191, -0.00028432583, -0.00033437726, -0.00036001153, -0.00041031672, -0.00045797884, -0.0005047033, -0.00052805577, -0.00057369965, -0.00061592855, -0.00063575327, -0.00067328964, -0.0007080406, -0.00073745113, -0.00074935635, -0.0007680421, -0.0007827982, -0.0007892262, -0.0007989609, -0.00080218865, -0.0008014955, -0.00079796073, -0.0007940955, -0.00078882545, -0.0007845803, -0.00077261357, -0.0007590667, -0.00075322913, -0.00074485154, -0.0007395125, -0.0007355228, -0.00073398167, -0.0007333092, -0.00073800486, -0.000743157, -0.0007598368, -0.0007840357, -0.0007980606, -0.0008282001, -0.0008599935, -0.0008949958, -0.0009144325, -0.0009571605, -0.0010028833, -0.0010254155, -0.0010661454, -0.001096659, -0.0011142371, -0.0011184376, -0.0011204622, -0.0011184739, -0.0011176087, -0.0011191074, -0.0011278155, -0.0011352528, -0.0011554675, -0.0011809743, -0.0012090808, -0.001223423, -0.0012511822, -0.0012762795, -0.0012875955, -0.0013077772, -0.0013246348, -0.0013383502, -0.0013442872, -0.0013545324, -0.0013626848, -0.0013660723, -0.0013716926, -0.0013755325, -0.0013767523, -0.0013777708, -0.0013766788, -0.0013730889, -0.0013703102, -0.0013625695, -0.0013515707, -0.0013447311, -0.0013281464, -0.0013072938, -0.0012816915, -0.0012670947, -0.0012353886, -0.0012062229, -0.0011981074, -0.0012190016, -0.0013315565
0, 0, 0, -0.0013831072, -0.0011896525, -0.0009716759, -0.0008796463, -0.00085486186, -0.00082177046, -0.000795824, -0.00077033334, -0.00075715047, -0.0007296959, -0.00070036144, -0.00068493944, -0.00065237016, -0.00061792426, -0.0005818934, -0.0005631921, -0.0005246173, -0.00048455788, -0.00046411352, -0.00042235252, -0.0003797511, -0.00035830765, -0.0003154297, -0.0002736017, -0.00023379318, -0.00021492373, -0.0001794769, -0.00014708939, -0.00013202801, -0.000103994156, -7.902381e-05, -5.7637448e-05, -4.8279002e-05, -3.1852844e-05, -1.7796192e-05, -1.1242311e-05, 1.3781184e-06, 1.3035741e-05, 1.8783923e-05, 3.0726856e-05, 4.4388966e-05, 6.0756272e-05, 6.936787e-05, 8.5154395e-05, 9.605129e-05, 9.875186e-05, 9.751726e-05, 8.785736e-05, 7.112241e-05, 6.040907e-05, 3.5434474e-05, 7.719145e-06, -6.9276907e-06, -3.8334412e-05, -7.374661e-05, -9.314318e-05, -0.0001352487, -0.00018096389, -0.00022818676, -0.00025192805, -0.0003007271, -0.00035265632, -0.00037930577, -0.0004317854, -0.00048166636, -0.00053034123, -0.0005544674, -0.0006011599, -0.0006440521, -0.0006638335, -0.00070060365, -0.00073367835, -0.00076103164, -0.0007719586, -0.0007891224, -0.0008027291, -0.000808647, -0.0008175549, -0.0008201323, -0.0008192403, -0.0008151206, -0.0008100604, -0.0008030438, -0.0007979822, -0.00078484445, -0.0007710624, -0.0007653825, -0.00075719453, -0.00075138663, -0.000746516, -0.00074468256, -0.00074378145, -0.0007484363, -0.0007536227, -0.00077037193, -0.000794837, -0.00080897653, -0.0008388531, -0.00087038707, -0.0009055461, -0.00092508615, -0.00096793426, -0.0010135287, -0.0010360281, -0.0010766077, -0.001106902, -0.0011243706, -0.0011286088, -0.0011305625, -0.0011282669, -0.0011272529, -0.0011285692, -0.0011373633, -0.0011447283, -0.0011646735, -0.001189811, -0.0012178777, -0.0012321883, -0.0012595679, -0.0012843683, -0.0012956146, -0.0013156155, -0.0013321189, -0.0013455931, -0.0013514508, -0.0013614036, -0.0013693034, -0.001372575, -0.0013779207, -0.0013814726, -0.0013825841, -0.0013834088, -0.0013820543, -0.0013781918, -0.0013752927, -0.0013672683, -0.0013560281, -0.0013490584, -0.0013321952, -0.0013110783, -0.0012851675, -0.001270415, -0.0012383902, -0.001208901, -0.0012006141, -0.0012211696, -0.0013335454
0, 0, 0, -0.0012542201, -0.0011308392, -0.000971383, -0.00090258045, -0.0008844211, -0.00086001214, -0.0008397293, -0.0008185973, -0.0008074838, -0.00078385073, -0.0007582341, -0.0007445966, -0.00071517256, -0.0006831442, -0.0006484629, -0.000630353, -0.0005926288, -0.00055366376, -0.0005337812, -0.0004934455, -0.0004523637, -0.00043166179, -0.00039031205, -0.00034966346, -0.00031034343, -0.00029141645, -0.00025501128, -0.00022060936, -0.00020413163, -0.00017281206, -0.00014427934, -0.000119418575, -0.00010844611, -8.9153575e-05, -7.2477575e-05, -6.471629e-05, -5.010795e-05, -3.6739737e-05, -3.0151157e-05, -1.6314252e-05, 2.8797508e-08, 1.9482064e-05, 2.9811812e-05, 4.8998652e-05, 6.351636e-05, 6.819189e-05, 7.126523e-05, 6.6034205e-05, 5.3797805e-05, 4.5423196e-05, 2.5215793e-05, 1.8340933e-06, -1.1021851e-05, -4.0523384e-05, -7.620872e-05, -9.6436874e-05, -0.0001409543, -0.00018953152, -0.00023982789, -0.0002652373, -0.00031745434, -0.00037256625, -0.00040078445, -0.00045626023, -0.00050889776, -0.00055936095, -0.00058391946, -0.00063068286, -0.000672879, -0.000692136, -0.0007273573, -0.0007582311, -0.00078334316, -0.0007934448, -0.00080982613, -0.0008230467, -0.000828663, -0.00083653396, -0.00083790964, -0.0008363128, -0.0008307221, -0.00082397676, -0.0008154691, -0.0008100225, -0.0007968696, -0.000783504, -0.0007778425, -0.0007688837, -0.0007618856, -0.00075634144, -0.0007545982, -0.00075399637, -0.0007588605, -0.0007640326, -0.0007806484, -0.00080505555, -0.00081911904, -0.0008488757, -0.00088053365, -0.00091601774, -0.00093564787, -0.0009783192, -0.0010237565, -0.0010462397, -0.0010867864, -0.0011170291, -0.0011343958, -0.0011385989, -0.0011403655, -0.0011376938, -0.0011365894, -0.00113808, -0.0011467643, -0.0011539322, -0.0011735425, -0.0011986739, -0.0012266259, -0.001240731, -0.0012677745, -0.0012924627, -0.0013036306, -0.001323311, -0.0013394627, -0.0013528368, -0.0013585532, -0.0013681706, -0.0013758326, -0.0013790473, -0.001384104, -0.0013873703, -0.0013884106, -0.001388997, -0.0013873375, -0.0013832927, -0.0013802577, -0.0013719337, -0.0013604269, -0.0013533351, -0.0013362339, -0.0013147985, -0.0012886131, -0.0012737224, -0.0012413703, -0.0012115571, -0.00120307, -0.0012233355, -0.0013355368
0, 0, 0, -0.0011268245, -0.0010448699, -0.00094309467, -0.0009038496, -0.0008946522, -0.00088193285, -0.00086914026, -0.0008534948, -0.0008445966, -0.00082529243, -0.0008034994, -0.00079164957, -0.00076568715, -0.00073651015, -0.00070443994, -0.0006874549, -0.00065202353, -0.00061521557, -0.0005963498, -0.0005578806, -0.00051874045, -0.0004990115, -0.0004596363, -0.00042044374, -0.000381739, -0.00036261574, -0.00032497136, -0.00028828456, -0.00027037258, -0.00023580872, -0.00020367133, -0.00017508095, -0.00016239763, -0.00014014043, -0.00012132386, -0.0001129435, -9.797962e-05, -8.504529e-05, -7.876712e-05, -6.546949e-05, -4.919321e-05, -2.9139872e-05, -1.8245382e-05, 3.084149e-06, 2.1586944e-05, 2.8921875e-05, 3.845582e-05, 4.0343526e-05, 3.5178316e-05, 3.0179757e-05, 1.6399581e-05, -1.7579408e-06, -1.2769769e-05, -4.0506806e-05, -7.713956e-05, -9.8594326e-05, -0.000146663, -0.00019943148, -0.00025427176, -0.0002819784, -0.0003383235, -0.00039662607, -0.0004261153, -0.0004838617, -0.00053855346, -0.0005898907, -0.0006142649, -0.00065975764, -0.0007003372, -0.0007188945, -0.00075278204, -0.0007820281, -0.0008055551, -0.00081519724, -0.00083116814, -0.00084385957, -0.0008488348, -0.0008545119, -0.0008535186, -0.00085101207, -0.000844178, -0.0008366975, -0.0008277489, -0.0008222119, -0.00080912426, -0.00079552695, -0.00078937976, -0.00077889935, -0.00077104376, -0.0007661007, -0.0007647864, -0.00076446764, -0.0007688312, -0.00077372714, -0.00079030264, -0.0008148337, -0.0008289189, -0.0008587761, -0.00089066004, -0.00092622696, -0.0009457281, -0.0009882367, -0.0010337806, -0.0010562945, -0.0010968709, -0.0011269354, -0.0011441556, -0.0011482696, -0.0011498409, -0.0011470979, -0.0011460104, -0.0011474488, -0.001155807, -0.001162872, -0.001182395, -0.0012075137, -0.0012351092, -0.001249005, -0.0012760035, -0.0013005112, -0.0013115479, -0.0013308385, -0.00134686, -0.0013600076, -0.0013655492, -0.0013748925, -0.0013823642, -0.0013854478, -0.0013901792, -0.0013933032, -0.0013942211, -0.0013945263, -0.00139256, -0.0013882772, -0.0013851487, -0.001376558, -0.0013647949, -0.0013575748, -0.0013402274, -0.0013184873, -0.0012920328, -0.0012769873, -0.0012443287, -0.0012141804, -0.0012055126, -0.0012254554, -0.001337553
0, 0, 0, -0.0010411005, -0.0009805957, -0.0009134023, -0.000894404, -0.0008918005, -0.00088839856, -0.0008820302, -0.000871696, -0.0008652377, -0.0008502628, -0.00083245774, -0.0008224154, -0.00080004276, -0.00077436917, -0.00074587704, -0.0007306693, -0.0006985255, -0.00066445576, -0.00064675306, -0.0006103904, -0.00057329435, -0.0005545976, -0.0005171901, -0.00047956695, -0.00044155252, -0.00042232065, -0.00038380924, -0.00034553424, -0.00032658907, -0.00028962406, -0.0002544844, -0.00022240038, -0.00020799726, -0.0001827531, -0.00016239278, -0.00015384101, -0.00013960274, -0.0001283191, -0.00012310794, -0.000111708316, -9.717384e-05, -7.818354e-05, -6.733331e-05, -4.452426e-05, -2.1979205e-05, -1.1725837e-05, 4.8001566e-06, 1.4389549e-05, 1.651708e-05, 1.4803866e-05, 6.619427e-06, -7.687968e-06, -1.7648768e-05, -4.4903853e-05, -8.328843e-05, -0.00010630296, -0.00015824381, -0.00021562651, -0.00027505626, -0.00030488858, -0.00036436017, -0.00042425265, -0.00045420625, -0.000512846, -0.0005683214, -0.000619528, -0.0006433512, -0.00068715465, -0.00072650396, -0.00074469263, -0.0007781176, -0.00080634304, -0.0008283858, -0.0008373187, -0.000852025, -0.0008632152, -0.0008671041, -0.00087004836, -0.00086686766, -0.00086387724, -0.0008571597, -0.00084977876, -0.0008401938, -0.00083415833, -0.0008201228, -0.0008058463, -0.0007992451, -0.00078809436, -0.0007804022, -0.00077636004, -0.0007752584, -0.0007744003, -0.0007778199, -0.00078261935, -0.0007998082, -0.0008247471, -0.0008388289, -0.0008685704, -0.00090043986, -0.00093599065, -0.00095547846, -0.0009980657, -0.0010437426, -0.0010662815, -0.0011067048, -0.0011364839, -0.0011536804, -0.0011577777, -0.0011592662, -0.0011563915, -0.0011552582, -0.0011565262, -0.0011646999, -0.0011717428, -0.0011912272, -0.0012160795, -0.0012434382, -0.0012573131, -0.0012841675, -0.0013084024, -0.0013192614, -0.0013383541, -0.0013542192, -0.0013670211, -0.0013724196, -0.0013815754, -0.0013888063, -0.0013917176, -0.001396249, -0.001399171, -0.0013999346, -0.0013999025, -0.0013978072, -0.0013932375, -0.0013899625, -0.0013811751, -0.0013691506, -0.0013617976, -0.0013441622, -0.0013221953, -0.0012954408, -0.0012802494, -0.0012472282, -0.0012167697, -0.0012079491, -0.001227559, -0.0013395353
0, 0, 0, -0.001012262, -0.0009569257, -0.00089650485, -0.0008819372, -0.0008810321, -0.0008807818, -0.0008777135, -0.00087094004, -0.0008663506, -0.0008547961, -0.0008402026, -0.00083169236, -0.0008124226, -0.0007900901, -0.00076498743, -0.0007514066, -0.0007224404, -0.0006908967, -0.0006743104, -0.0006399012, -0.00060472434, -0.0005870845, -0.0005519196, -0.0005164966, -0.00048026288, -0.0004617592, -0.00042433018, -0.00038675414, -0.00036795298, -0.00033047984, -0.00029377287, -0.00025923277, -0.00024348278, -0.00021588775, -0.0001943566, -0.00018573317, -0.0001721709, -0.00016237384, -0.00015800934, -0.00014857139, -0.0001361441, -0.00011890452, -0.00010855586, -8.530596e-05, -6.027502e-05, -4.8042155e-05, -2.6669042e-05, -1.1797961e-05, -4.670751e-06, -4.159215e-06, -9.121313e-06, -2.1970585e-05, -3.182862e-05, -6.0218346e-05, -0.000100880265, -0.00012524636, -0.00018005329, -0.00024038527, -0.00030248924, -0.00033320757, -0.00039339394, -0.00045295432, -0.000482769, -0.0005415515, -0.00059741794, -0.00064838934, -0.00067166984, -0.0007142464, -0.0007526894, -0.00077066885, -0.0008035113, -0.00083035935, -0.0008502576, -0.0008579858, -0.0008704183, -0.0008796669, -0.00088261947, -0.0008839536, -0.00087997515, -0.000876959, -0.0008702804, -0.00086230686, -0.0008512686, -0.00084450404, -0.000829653, -0.00081522134, -0.00080865517, -0.000797619, -0.0007903172, -0.0007863034, -0.0007848905, -0.00078318955, -0.00078653084, -0.0007917379, -0.00080965424, -0.0008345841, -0.0008484152, -0.00087792234, -0.0009099895, -0.00094567525, -0.0009652159, -0.0010078719, -0.001053555, -0.0010760321, -0.0011162001, -0.0011459538, -0.0011631913, -0.0011672515, -0.0011684312, -0.00116548, -0.0011643303, -0.0011654422, -0.0011734824, -0.0011804785, -0.0011999019, -0.001224514, -0.0012517537, -0.0012655602, -0.0012921991, -0.001316131, -0.0013268807, -0.0013458071, -0.0013614161, -0.0013739677, -0.0013792467, -0.001388209, -0.0013951585, -0.0013979294, -0.0014023249, -0.0014049286, -0.0014055236, -0.0014052783, -0.0014030137, -0.0013981865, -0.0013947549, -0.0013857364, -0.0013734384, -0.0013659736, -0.0013480781, -0.0013258711, -0.001298816, -0.0012834629, -0.0012501531, -0.0012193145, -0.0012103232, -0.0012296643, -0.0013414552
0, 0, -0.001465585, -0.0010820536, -0.0009811299, -0.00089110446, -0.0008681612, -0.0008650743, -0.0008627076, -0.0008594043, -0.0008534063, -0.0008492565, -0.0008386153, -0.0008248261, -0.0008168826, -0.00079883967, -0.00077801314, -0.00075451133, -0.00074177724, -0.0007143011, -0.00068416225, -0.0006682178, -0.0006352317, -0.0006016076, -0.00058485905, -0.0005519845, -0.0005194852, -0.00048656022, -0.00046991374, -0.00043635417, -0.00040266436, -0.00038568917, -0.00035115052, -0.00031628556, -0.00028241062, -0.0002666936, -0.00023893331, -0.00021729681, -0.00020863599, -0.00019511084, -0.00018533213, -0.00018101852, -0.00017223725, -0.0001611396, -0.00014563091, -0.0001360959, -0.00011397027, -8.936216e-05, -7.7106895e-05, -5.538199e-05, -3.9863306e-05, -3.2083288e-05, -3.135295e-05, -3.631105e-05, -4.9732167e-05, -6.0149538e-05, -8.9886926e-05, -0.00013179817, -0.00015659357, -0.00021182314, -0.00027215327, -0.00033418616, -0.00036466692, -0.000423974, -0.00048259072, -0.0005121213, -0.0005710896, -0.00062737055, -0.00067773927, -0.0007004049, -0.0007416021, -0.0007786438, -0.0007959235, -0.0008270215, -0.0008517734, -0.0008694424, -0.0008761369, -0.0008867517, -0.00089442695, -0.00089678494, -0.0008974821, -0.0008932496, -0.00089003175, -0.00088238344, -0.0008728518, -0.00086054875, -0.00085356605, -0.000839056, -0.0008249152, -0.0008183596, -0.0008071452, -0.00079975673, -0.00079538283, -0.0007936696, -0.00079172605, -0.000795841, -0.00080148486, -0.0008195295, -0.00084382494, -0.00085747987, -0.00088716194, -0.000919768, -0.0009554647, -0.0009749137, -0.001017439, -0.0010631012, -0.0010855033, -0.0011257092, -0.0011554366, -0.0011724668, -0.0011764249, -0.0011774579, -0.0011744995, -0.001173317, -0.0011742304, -0.0011821542, -0.0011891132, -0.0012084128, -0.0012328838, -0.0012599474, -0.0012736754, -0.0013000532, -0.0013237954, -0.001334455, -0.0013531691, -0.0013685005, -0.0013808621, -0.0013860431, -0.0013947433, -0.0014014349, -0.0014041126, -0.0014082795, -0.001410625, -0.0014111093, -0.0014107061, -0.0014081327, -0.0014031036, -0.0013995589, -0.0013902682, -0.0013776993, -0.0013701294, -0.0013519867, -0.001329461, -0.001302124, -0.0012866518, -0.0012530622, -0.0012218709, -0.0012127146, -0.0012317151, -0.0013433403
0, 0, -0.0012289688, -0.0010261709, -0.00095129316, -0.00087450724, -0.00084975996, -0.00084473216, -0.0008385652, -0.0008323502, -0.0008239772, -0.00081871555, -0.0008058211, -0.00079000334, -0.00078110845, -0.0007615189, -0.00073949515, -0.00071492983, -0.0007017276, -0.00067371124, -0.00064342056, -0.00062761136, -0.00059516507, -0.0005623759, -0.00054616615, -0.0005148984, -0.0004849574, -0.0004558117, -0.00044145153, -0.0004131658, -0.0003855863, -0.00037183473, -0.0003439218, -0.00031515537, -0.0002866084, -0.00027313174, -0.0002489475, -0.00022948824, -0.00022137146, -0.00020795119, -0.00019731489, -0.00019259032, -0.0001833331, -0.00017267065, -0.0001587068, -0.00015024711, -0.0001311204, -0.000110288616, -0.00010017436, -8.293424e-05, -7.180089e-05, -6.778874e-05, -6.870236e-05, -7.633701e-05, -9.160237e-05, -0.000102596176, -0.0001326475, -0.00017362028, -0.00019749356, -0.00025046765, -0.0003089245, -0.00036953823, -0.00039947184, -0.00045781198, -0.00051556627, -0.0005447812, -0.00060308026, -0.000658117, -0.0007066015, -0.0007282595, -0.0007675216, -0.0008028335, -0.0008190367, -0.0008477506, -0.0008702068, -0.0008862624, -0.00089237926, -0.0009020787, -0.0009086753, -0.0009104516, -0.0009101783, -0.00090536923, -0.0009017563, -0.0008928316, -0.00088197726, -0.0008694538, -0.00086277595, -0.0008489984, -0.0008346882, -0.00082776335, -0.0008159035, -0.00080846803, -0.00080425566, -0.00080254563, -0.00080081174, -0.0008055, -0.0008112431, -0.0008288587, -0.00085266575, -0.0008664683, -0.00089692505, -0.0009297031, -0.0009649059, -0.000984201, -0.0010268763, -0.0010726841, -0.0010950918, -0.0011351095, -0.0011647188, -0.0011815843, -0.0011854363, -0.0011864731, -0.0011833902, -0.0011820489, -0.0011828529, -0.0011907839, -0.0011976848, -0.0012167924, -0.0012411212, -0.0012680263, -0.0012816581, -0.001307826, -0.0013313589, -0.0013419432, -0.0013604542, -0.0013755199, -0.0013876598, -0.0013927572, -0.0014011916, -0.0014076454, -0.0014102388, -0.001414138, -0.0014162674, -0.0014166761, -0.0014160734, -0.0014132068, -0.0014079628, -0.0014043159, -0.0013947539, -0.0013819551, -0.0013742283, -0.0013558151, -0.0013330479, -0.0013054367, -0.0012897865, -0.0012559054, -0.0012244423, -0.0012151091, -0.0012337815, -0.0013452355
0, 0, -0.0011099132, -0.0009703696, -0.00091417163, -0.00085171976, -0.0008266929, -0.0008195013, -0.00080829306, -0.00079684664, -0.00078330864, -0.0007755663, -0.00075794396, -0.0007378868, -0.00072706025, -0.0007039806, -0.00067887106, -0.00065157074, -0.0006372543, -0.00060758804, -0.0005766388, -0.00056080974, -0.0005285969, -0.0004962823, -0.0004805075, -0.00045040302, -0.00042237123, -0.000396162, -0.00038368755, -0.00035999608, -0.00033820694, -0.00032789758, -0.00030752528, -0.0002870351, -0.00026690084, -0.00025740714, -0.0002403999, -0.0002264627, -0.00022045508, -0.00020985797, -0.00020069363, -0.00019642187, -0.00018787588, -0.00017818452, -0.00016568188, -0.00015844117, -0.00014284441, -0.0001273734, -0.00012044615, -0.000110430046, -0.000106652566, -0.000109217974, -0.0001129503, -0.00012498196, -0.00014298841, -0.00015461328, -0.00018438816, -0.00022326873, -0.00024564462, -0.0002955379, -0.00035142808, -0.00041022708, -0.00043935093, -0.00049618154, -0.0005521616, -0.0005803486, -0.00063607615, -0.00068804855, -0.000733622, -0.0007540293, -0.000791151, -0.0008245255, -0.00083971844, -0.0008663111, -0.0008868394, -0.0009016819, -0.00090738916, -0.0009163231, -0.0009218769, -0.0009229825, -0.00092147954, -0.0009158051, -0.0009118396, -0.00090227026, -0.00089108123, -0.0008788551, -0.0008724525, -0.0008587495, -0.0008436954, -0.0008362861, -0.0008242475, -0.00081753207, -0.00081364135, -0.00081189227, -0.0008101308, -0.000814933, -0.00082061515, -0.0008378582, -0.00086186535, -0.00087601313, -0.0009069551, -0.00093921425, -0.0009740033, -0.0009934269, -0.0010365774, -0.0010823349, -0.0011045365, -0.0011442807, -0.0011739098, -0.0011907051, -0.0011944849, -0.0011953075, -0.001192105, -0.0011907235, -0.0011914304, -0.0011992796, -0.0012061166, -0.001225056, -0.0012492039, -0.001276032, -0.0012895464, -0.0013154941, -0.0013388774, -0.001349359, -0.0013676449, -0.0013824677, -0.0013943714, -0.0013993538, -0.0014075642, -0.0014138581, -0.0014163349, -0.001419971, -0.0014218668, -0.0014222063, -0.0014213292, -0.0014182304, -0.0014127488, -0.0014089342, -0.0013991778, -0.0013861678, -0.0013782931, -0.0013596131, -0.0013366042, -0.001308729, -0.0012929334, -0.0012587311, -0.0012269214, -0.0012174391, -0.0012358658, -0.0013471391
0, 0, -0.0012511599, -0.0009716721, -0.0009014071, -0.000829951, -0.0007988005, -0.00078829663, -0.00076972524, -0.0007506816, -0.000730009, -0.00071893184, -0.0006953371, -0.0006703008, -0.000657263, -0.0006302275, -0.00060178264, -0.0005720395, -0.00055689324, -0.0005263483, -0.0004956037, -0.00048014076, -0.00044893974, -0.00041798604, -0.00040295723, -0.00037454334, -0.00034844622, -0.00032453658, -0.00031328076, -0.00029270843, -0.00027480096, -0.00026681172, -0.00025215012, -0.0002386224, -0.0002265009, -0.000221238, -0.00021269654, -0.00020691566, -0.00020471244, -0.00020109689, -0.00019794377, -0.00019623451, -0.00019174318, -0.0001849669, -0.00017479373, -0.00016874059, -0.00015617689, -0.0001450993, -0.00014095135, -0.00013740778, -0.00014089265, -0.00015095252, -0.0001582539, -0.000176589, -0.00019908677, -0.00021200924, -0.0002423247, -0.00027921866, -0.00030006, -0.00034658395, -0.00039927434, -0.00045543222, -0.00048328485, -0.0005375361, -0.0005904182, -0.0006167092, -0.0006683016, -0.0007162344, -0.00075877644, -0.0007779736, -0.00081311597, -0.00084434584, -0.00085841405, -0.00088301324, -0.0009021748, -0.0009160202, -0.0009212651, -0.00092908257, -0.0009333713, -0.0009338722, -0.000931479, -0.0009253405, -0.0009213355, -0.0009117765, -0.000900526, -0.00088826584, -0.0008818501, -0.00086775486, -0.00085218187, -0.0008447252, -0.0008332021, -0.0008271718, -0.00082314556, -0.0008211657, -0.0008192386, -0.0008241795, -0.0008298856, -0.0008472461, -0.0008715809, -0.00088586943, -0.00091655116, -0.0009484161, -0.0009834243, -0.0010030839, -0.001046324, -0.0010916603, -0.0011137197, -0.001153463, -0.0011831394, -0.0011997063, -0.0012033434, -0.001204012, -0.0012007534, -0.0011993452, -0.0011998778, -0.0012076378, -0.0012143914, -0.0012331669, -0.0012572401, -0.0012838996, -0.0012973165, -0.0013230478, -0.0013463073, -0.0013566705, -0.0013746694, -0.0013893623, -0.0014010482, -0.001405876, -0.0014138715, -0.0014199807, -0.0014223381, -0.0014257286, -0.0014274638, -0.0014276626, -0.0014264894, -0.0014232119, -0.0014174837, -0.0014135609, -0.0014035685, -0.0013903314, -0.0013823258, -0.001363416, -0.0013401124, -0.0013119956, -0.0012960646, -0.0012615267, -0.0012294473, -0.0012197733, -0.0012378553, -0.0013490244
0, 0, -0.001116265, -0.0009250754, -0.00086632493, -0.0007993154, -0.0007632149, -0.0007490026, -0.0007222253, -0.00069489394, -0.0006666161, -0.0006521496, -0.00062279176, -0.0005931199, -0.00057813077, -0.00054787734, -0.0005171715, -0.00048653295, -0.0004713888, -0.00044175918, -0.0004127838, -0.0003984421, -0.00036990622, -0.00034190586, -0.00032838606, -0.00030276147, -0.0002791213, -0.0002571389, -0.00024680112, -0.00022782231, -0.00021158476, -0.00020458674, -0.00019257933, -0.00018302494, -0.00017635252, -0.00017438053, -0.00017363612, -0.00017678723, -0.00017934339, -0.00018547273, -0.00019170319, -0.0001941768, -0.00019693833, -0.00019552634, -0.0001891368, -0.00018463556, -0.00017498375, -0.0001670355, -0.00016474284, -0.00016544451, -0.00017405744, -0.00019039978, -0.00020111004, -0.00022642323, -0.00025478395, -0.0002698647, -0.000302365, -0.0003385148, -0.00035813605, -0.0004011881, -0.0004499356, -0.0005022721, -0.00052850286, -0.00057942985, -0.00062867795, -0.00065280416, -0.00069954887, -0.0007429717, -0.0007821609, -0.0008002681, -0.0008335673, -0.00086277165, -0.0008757423, -0.00089835544, -0.00091614574, -0.00092887506, -0.000933561, -0.0009402477, -0.0009435948, -0.00094377866, -0.0009410888, -0.0009349864, -0.0009309485, -0.00092126714, -0.0009098281, -0.0008974321, -0.0008908665, -0.0008765517, -0.0008611212, -0.00085392763, -0.0008429841, -0.000836822, -0.000832313, -0.0008302311, -0.00082866265, -0.0008339665, -0.0008396724, -0.00085685, -0.000881315, -0.0008956477, -0.0009260787, -0.0009578189, -0.0009932314, -0.0010129802, -0.0010557981, -0.0011007559, -0.0011228793, -0.0011628456, -0.0011922892, -0.0012084952, -0.0012120667, -0.0012127446, -0.0012093387, -0.0012078193, -0.0012082398, -0.0012158436, -0.0012225674, -0.0012411982, -0.0012651758, -0.0012916127, -0.0013049468, -0.0013305739, -0.0013536013, -0.0013638269, -0.0013816385, -0.0013961925, -0.001407609, -0.0014123216, -0.0014201679, -0.0014260156, -0.0014282344, -0.0014314257, -0.001432983, -0.001433021, -0.0014316238, -0.0014281742, -0.0014221284, -0.0014181379, -0.0014079337, -0.0013944366, -0.0013863269, -0.001367162, -0.0013436216, -0.0013151951, -0.0012991396, -0.0012643071, -0.001231911, -0.0012220801, -0.0012398404, -0.0013508903
0, 0, -0.0010185488, -0.00087304314, -0.0008238378, -0.00076133, -0.0007208829, -0.0007032406, -0.00066902355, -0.00063451554, -0.0005999449, -0.0005827505, -0.0005488697, -0.0005156229, -0.00049921556, -0.00046681167, -0.0004351875, -0.0004049368, -0.00039047477, -0.00036301735, -0.00033710455, -0.00032454374, -0.00029997542, -0.0002763013, -0.0002648855, -0.00024301851, -0.00022231445, -0.00020252082, -0.00019291767, -0.00017504813, -0.00015960047, -0.00015302887, -0.0001421642, -0.000134742, -0.0001316703, -0.00013224463, -0.00013776275, -0.00014877562, -0.00015573007, -0.00017117133, -0.00018670975, -0.00019361195, -0.00020436272, -0.00020941318, -0.00020802047, -0.00020554397, -0.00019929426, -0.00019412138, -0.00019306401, -0.00019604171, -0.0002073092, -0.0002269588, -0.00023982106, -0.00027032717, -0.00030448413, -0.00032227344, -0.00035892552, -0.0003968573, -0.00041619065, -0.00045652012, -0.0005008212, -0.00054840476, -0.00057253224, -0.00061977195, -0.0006652727, -0.00068734644, -0.00072950445, -0.00076836994, -0.0008041492, -0.00082105986, -0.0008525994, -0.00088003185, -0.0008919946, -0.00091255823, -0.00092864473, -0.00094022916, -0.0009445374, -0.0009506002, -0.0009534719, -0.00095356995, -0.0009509107, -0.0009447525, -0.0009405637, -0.00093047996, -0.00091888587, -0.0009067236, -0.0009002458, -0.00088600547, -0.00087065727, -0.00086354214, -0.00085285364, -0.00084648875, -0.000841634, -0.00083964167, -0.00083862763, -0.00084410835, -0.00084963394, -0.00086650474, -0.0008910842, -0.0009054875, -0.00093582255, -0.00096745405, -0.0010030493, -0.0010227422, -0.0010651539, -0.0011099225, -0.001132162, -0.0011722674, -0.0012012096, -0.0012171569, -0.0012207583, -0.0012214545, -0.0012177484, -0.0012161258, -0.0012164791, -0.001224001, -0.001230676, -0.0012491833, -0.0012729693, -0.0012992239, -0.0013124979, -0.0013379898, -0.0013607483, -0.0013708782, -0.001388569, -0.0014028634, -0.0014140684, -0.0014187152, -0.0014263876, -0.0014319262, -0.001434044, -0.0014371136, -0.0014383822, -0.001438315, -0.0014367591, -0.0014330174, -0.001426781, -0.0014226809, -0.0014122466, -0.001398492, -0.001390311, -0.0013708835, -0.0013470632, -0.0013183589, -0.0013021845, -0.0012671013, -0.0012343291, -0.0012243283, -0.00124181, -0.0013527283
0, -0.0014561893, -0.0010577105, -0.0008534283, -0.00079725374, -0.0007273699, -0.00068060466, -0.0006598517, -0.00061953167, -0.00057972485, -0.00054081704, -0.0005218336, -0.00048488547, -0.00044925473, -0.00043189753, -0.00039831392, -0.0003666503, -0.00033743828, -0.0003238261, -0.0002985706, -0.00027544898, -0.00026457483, -0.00024376842, -0.00022424784, -0.00021490951, -0.00019692496, -0.00017956506, -0.0001622797, -0.00015379374, -0.00013780016, -0.00012410716, -0.00011844309, -0.000109676505, -0.00010517308, -0.00010609126, -0.00010905355, -0.00011989898, -0.00013692256, -0.0001470358, -0.00016878625, -0.00019047086, -0.00020033096, -0.00021623874, -0.00022560812, -0.00022800034, -0.0002273267, -0.00022455191, -0.00022252214, -0.00022279317, -0.00022796424, -0.00024064482, -0.00026146308, -0.00027509916, -0.00030801652, -0.00034609975, -0.0003662661, -0.00040788215, -0.00044942534, -0.0004694619, -0.0005087394, -0.0005491024, -0.0005916851, -0.00061331445, -0.00065623835, -0.0006982081, -0.0007185955, -0.00075740734, -0.0007928545, -0.0008256014, -0.0008411453, -0.000870388, -0.0008957056, -0.0009066927, -0.00092548423, -0.00094029505, -0.0009512595, -0.0009553284, -0.0009609468, -0.0009633865, -0.00096337363, -0.00096081226, -0.00095462333, -0.0009503027, -0.0009397859, -0.000928289, -0.00091663655, -0.0009103931, -0.0008960909, -0.0008803989, -0.00087332464, -0.00086292624, -0.000856576, -0.0008516279, -0.0008496639, -0.0008488676, -0.0008542471, -0.0008596139, -0.0008764176, -0.00090112456, -0.00091551867, -0.00094566215, -0.0009772973, -0.0010127383, -0.0010323232, -0.0010745674, -0.0011193906, -0.0011416364, -0.0011814018, -0.001209988, -0.0012259551, -0.0012295721, -0.0012299928, -0.0012259922, -0.0012243314, -0.0012246845, -0.0012320612, -0.0012386398, -0.0012570143, -0.0012807073, -0.001306798, -0.0013199713, -0.0013452623, -0.0013678484, -0.0013779079, -0.001395403, -0.0014094465, -0.0014204453, -0.001425032, -0.0014324429, -0.0014378113, -0.0014398822, -0.0014426961, -0.0014437224, -0.0014435675, -0.0014418182, -0.00143782, -0.001431443, -0.0014272085, -0.0014164913, -0.0014025441, -0.001394245, -0.0013745623, -0.0013504958, -0.0013215456, -0.0013052183, -0.001269844, -0.0012367558, -0.0012265933, -0.0012437796, -0.0013545436
0, -0.0012432962, -0.0010035563, -0.0008287439, -0.00077519857, -0.0007042238, -0.0006538269, -0.00063113525, -0.0005871408, -0.0005442291, -0.00050278567, -0.00048270467, -0.0004437448, -0.00040662583, -0.00038873847, -0.00035468055, -0.0003233093, -0.00029486284, -0.0002816928, -0.00025735065, -0.00023538506, -0.00022525982, -0.00020657606, -0.0001897379, -0.00018187649, -0.00016702739, -0.00015266759, -0.00013838898, -0.0001314173, -0.00011842501, -0.00010782159, -0.00010373889, -9.867848e-05, -9.8517805e-05, -0.000104492305, -0.00011004945, -0.00012605454, -0.0001476484, -0.00015976642, -0.00018495094, -0.00020905322, -0.00021963916, -0.00023613131, -0.00024534517, -0.00024798184, -0.00024782284, -0.00024699155, -0.00024795398, -0.00024990164, -0.0002581017, -0.00027293776, -0.00029494113, -0.0003088269, -0.00034220275, -0.00038133154, -0.00040253045, -0.00044701665, -0.00049118005, -0.00051211036, -0.000551717, -0.0005903942, -0.00062973436, -0.00064949517, -0.0006885847, -0.0007271162, -0.00074603735, -0.0007822835, -0.0008155132, -0.00084607286, -0.00086048484, -0.00088719244, -0.0009100826, -0.0009200581, -0.0009374315, -0.00095181185, -0.00096277444, -0.0009667455, -0.0009716998, -0.0009733195, -0.00097312644, -0.00097074884, -0.00096502004, -0.00096074154, -0.00094993657, -0.00093848, -0.0009271419, -0.00092097285, -0.000906548, -0.0008907495, -0.000883755, -0.0008734733, -0.00086706504, -0.00086207053, -0.00086019334, -0.0008594035, -0.00086450524, -0.00086978904, -0.0008866425, -0.0009114273, -0.0009256868, -0.00095558015, -0.0009871601, -0.0010224999, -0.0010419403, -0.0010840555, -0.0011288818, -0.0011510418, -0.0011903661, -0.0012188284, -0.0012348263, -0.0012383573, -0.001238333, -0.0012342255, -0.001232619, -0.0012328464, -0.001239942, -0.0012464545, -0.0012647859, -0.0012883425, -0.0013142613, -0.0013273341, -0.0013524593, -0.0013748796, -0.0013848472, -0.0014021128, -0.0014159632, -0.0014268118, -0.0014312603, -0.00143845, -0.0014436699, -0.0014456166, -0.0014481669, -0.0014490251, -0.0014487908, -0.0014468243, -0.001442614, -0.0014359902, -0.0014316619, -0.0014207324, -0.0014065519, -0.001398078, -0.0013782072, -0.001353877, -0.0013246819, -0.0013082037, -0.001272526, -0.0012391637, -0.0012288501, -0.0012457591, -0.0013563446
0, -0.0011290597, -0.0009473003, -0.0008072908, -0.0007616131, -0.0006973674, -0.0006484751, -0.000625821, -0.0005815217, -0.0005381042, -0.0004958828, -0.0004752949, -0.0004354432, -0.00039759313, -0.00037945062, -0.00034525583, -0.0003138059, -0.00028508058, -0.00027165315, -0.0002467028, -0.00022423019, -0.00021403415, -0.00019577327, -0.00017999222, -0.00017286354, -0.00015983776, -0.0001477462, -0.00013629546, -0.00013089436, -0.00012124984, -0.00011424859, -0.000112033005, -0.00011096142, -0.00011512281, -0.00012564074, -0.00013341315, -0.00015371178, -0.00017879768, -0.00019223573, -0.00021901274, -0.00024293418, -0.00025274378, -0.00026646734, -0.00027205134, -0.00027152375, -0.00027023055, -0.00026867166, -0.00027078408, -0.00027378657, -0.00028477187, -0.00030226706, -0.00032589067, -0.00034002768, -0.00037284885, -0.00041077757, -0.00043140555, -0.00047534387, -0.0005197214, -0.00054107665, -0.00058159966, -0.0006211318, -0.00066034705, -0.0006795361, -0.000716629, -0.0007523827, -0.0007699472, -0.00080375705, -0.0008352983, -0.0008644854, -0.00087820226, -0.00090320077, -0.00092412083, -0.0009332257, -0.00094939425, -0.0009635192, -0.00097460195, -0.0009785377, -0.0009829239, -0.0009838463, -0.0009835758, -0.0009814657, -0.0009761726, -0.0009718963, -0.0009610403, -0.0009495449, -0.00093827693, -0.0009321326, -0.00091758964, -0.000901895, -0.00089497503, -0.0008845716, -0.0008779395, -0.0008729724, -0.00087122654, -0.00087028724, -0.00087495137, -0.0008801577, -0.00089720445, -0.0009219746, -0.0009359858, -0.0009655307, -0.0009971522, -0.0010324114, -0.0010516737, -0.0010935663, -0.0011383883, -0.001160391, -0.0011993838, -0.0012277483, -0.0012435863, -0.0012468916, -0.0012466406, -0.0012425099, -0.0012408509, -0.0012408632, -0.0012477533, -0.0012542106, -0.0012724943, -0.0012958249, -0.0013216069, -0.0013346365, -0.0013595708, -0.0013818026, -0.001391665, -0.001408739, -0.0014223877, -0.001433059, -0.0014373949, -0.0014444172, -0.0014494314, -0.0014512398, -0.0014536136, -0.0014542948, -0.0014539413, -0.0014517466, -0.0014473383, -0.0014404869, -0.001436049, -0.0014249254, -0.0014104892, -0.0014019237, -0.0013818011, -0.001357256, -0.0013277787, -0.001311155, -0.0012752065, -0.0012415356, -0.0012310705, -0.0012477001, -0.0013581783
0, -0.0010871545, -0.0009250261, -0.00080420624, -0.00076523586, -0.0007099297, -0.00066665915, -0.00064612995, -0.0006053019, -0.0005643885, -0.0005238384, -0.00050386076, -0.00046481233, -0.0004273897, -0.0004094786, -0.00037526098, -0.00034329362, -0.0003134227, -0.00029925877, -0.00027268034, -0.00024884625, -0.00023811123, -0.00021903345, -0.00020288558, -0.00019571128, -0.00018290103, -0.00017167073, -0.00016188534, -0.00015764743, -0.00015081935, -0.00014689036, -0.00014623397, -0.00014803025, -0.00015486553, -0.00016777051, -0.00017661962, -0.00019872084, -0.00022502961, -0.0002387387, -0.0002650651, -0.00028700198, -0.0002952083, -0.0003048386, -0.00030586965, -0.0003011534, -0.00029816548, -0.0002940672, -0.0002949223, -0.00029783227, -0.00030930826, -0.0003275955, -0.00035150716, -0.00036536137, -0.00039653567, -0.00043204872, -0.0004514035, -0.0004929788, -0.0005363285, -0.00055770006, -0.0005993473, -0.0006406785, -0.0006815249, -0.0007011843, -0.00073838944, -0.00077325176, -0.0007900698, -0.0008222643, -0.00085230306, -0.0008804421, -0.0008937361, -0.0009180072, -0.0009381035, -0.0009467189, -0.00096205366, -0.0009757071, -0.0009866329, -0.0009904844, -0.0009947716, -0.0009956586, -0.0009954728, -0.000993504, -0.000988069, -0.0009837196, -0.00097288797, -0.0009617067, -0.00095042505, -0.0009441031, -0.0009292061, -0.000913648, -0.0009068824, -0.00089643407, -0.00088924664, -0.0008841391, -0.0008824547, -0.00088158564, -0.0008858085, -0.0008908281, -0.0009079387, -0.00093257654, -0.00094640715, -0.00097560923, -0.0010072911, -0.0010423515, -0.0010614144, -0.0011030885, -0.0011478534, -0.001169732, -0.0012084347, -0.0012366364, -0.0012522129, -0.0012553529, -0.0012549555, -0.0012507824, -0.0012490142, -0.0012487533, -0.0012555494, -0.0012619924, -0.0012801, -0.0013031926, -0.0013288993, -0.0013418793, -0.0013665631, -0.0013886146, -0.0013983791, -0.001415305, -0.0014287386, -0.0014392365, -0.0014434798, -0.0014502897, -0.001455105, -0.0014568315, -0.001459032, -0.0014595032, -0.0014590302, -0.0014565695, -0.0014520207, -0.0014449614, -0.0014404184, -0.001429061, -0.0014144031, -0.0014057256, -0.0013853665, -0.001360584, -0.0013308618, -0.0013141232, -0.001277874, -0.0012438726, -0.0012332594, -0.001249623, -0.0013599785
0, -0.0010857568, -0.00093073933, -0.0008201344, -0.0007860662, -0.00073975977, -0.0007044568, -0.00068761234, -0.0006533829, -0.00061811914, -0.00058215926, -0.0005640795, -0.00052813266, -0.00049306656, -0.00047603162, -0.00044287342, -0.0004110689, -0.00038060857, -0.00036598084, -0.00033830476, -0.00031335733, -0.00030203362, -0.00028158142, -0.00026379392, -0.00025574563, -0.00024120911, -0.00022865988, -0.00021822396, -0.00021398222, -0.00020754439, -0.00020422609, -0.00020380809, -0.00020592866, -0.00021265008, -0.00022503301, -0.00023349955, -0.0002543572, -0.0002790593, -0.0002917771, -0.00031572516, -0.00033462147, -0.00034103866, -0.00034691163, -0.00034432852, -0.00033634796, -0.00033185942, -0.00032490463, -0.0003231254, -0.00032484264, -0.0003340825, -0.00035008992, -0.00037121263, -0.00038340522, -0.00041100723, -0.00044305684, -0.00046091198, -0.000500336, -0.0005429338, -0.00056446576, -0.0006073997, -0.000650474, -0.0006931555, -0.0007136617, -0.00075246824, -0.0007885694, -0.0008057093, -0.0008378834, -0.0008670844, -0.00089432055, -0.0009073167, -0.0009313232, -0.0009514924, -0.000960134, -0.00097552733, -0.0009889624, -0.0009994649, -0.0010031448, -0.0010073868, -0.0010086872, -0.0010086793, -0.0010069591, -0.0010011354, -0.0009965838, -0.0009856845, -0.0009748006, -0.0009635701, -0.000957024, -0.0009416473, -0.00092601083, -0.00091933855, -0.0009088553, -0.0009010934, -0.00089566794, -0.0008939786, -0.0008931269, -0.000897012, -0.0009018247, -0.0009188041, -0.0009432945, -0.0009569705, -0.0009858988, -0.0010174679, -0.0010522567, -0.0010711936, -0.0011127288, -0.0011573343, -0.0011790328, -0.0012174641, -0.001245556, -0.0012608087, -0.0012638065, -0.0012632777, -0.0012589614, -0.001257019, -0.0012565367, -0.0012633752, -0.0012697685, -0.0012875585, -0.0013105305, -0.0013361326, -0.0013489723, -0.0013734619, -0.0013953815, -0.0014050752, -0.0014217629, -0.0014350265, -0.0014453399, -0.0014494903, -0.0014560504, -0.0014607102, -0.0014623724, -0.0014643734, -0.0014646001, -0.0014640361, -0.0014614308, -0.0014566416, -0.0014493658, -0.001444718, -0.0014331581, -0.0014182769, -0.0014094694, -0.0013889023, -0.0013638778, -0.0013338986, -0.0013170403, -0.001280517, -0.001246215, -0.0012354385, -0.0012515446, -0.0013617106
0, -0.0011041564, -0.0009521784, -0.0008483574, -0.0008183092, -0.00078052306, -0.0007539103, -0.0007413858, -0.0007152705, -0.0006873603, -0.0006578135, -0.0006426225, -0.00061187206, -0.0005811059, -0.0005658579, -0.00053573435, -0.00050623034, -0.00047752354, -0.00046364721, -0.0004371276, -0.0004126502, -0.000401165, -0.00037948636, -0.000359373, -0.00034986966, -0.00033216446, -0.00031637188, -0.00030279034, -0.00029694554, -0.00028730475, -0.00028057653, -0.00027840055, -0.00027697693, -0.00028017972, -0.00028910997, -0.00029578968, -0.0003130117, -0.00033397594, -0.00034489352, -0.00036540444, -0.00038114123, -0.00038609537, -0.00038942177, -0.00038485602, -0.00037508892, -0.00036967391, -0.00036054637, -0.00035587736, -0.0003558553, -0.0003608627, -0.00037147236, -0.0003859554, -0.00039467224, -0.00041590907, -0.00044330876, -0.00045973813, -0.00049799506, -0.0005412746, -0.0005635841, -0.0006082957, -0.00065286964, -0.00069679704, -0.00071810896, -0.0007591057, -0.00079809217, -0.000816539, -0.00085028476, -0.0008795854, -0.00090613484, -0.0009189428, -0.0009432418, -0.000964322, -0.0009734412, -0.0009895352, -0.001003122, -0.001013274, -0.0010168045, -0.0010209489, -0.0010228629, -0.0010232467, -0.0010217751, -0.0010155278, -0.0010105862, -0.0009993775, -0.0009887343, -0.000977694, -0.0009709521, -0.00095500844, -0.0009389386, -0.0009321747, -0.00092162413, -0.0009135729, -0.00090776745, -0.0009059478, -0.0009047812, -0.0009084287, -0.0009131691, -0.00092990405, -0.0009540895, -0.00096759154, -0.0009963597, -0.0010277579, -0.0010622008, -0.0010809926, -0.001122457, -0.0011668083, -0.0011883475, -0.0012264797, -0.0012544295, -0.0012693675, -0.0012722275, -0.001271625, -0.0012670035, -0.0012649184, -0.0012643959, -0.0012711074, -0.0012773525, -0.0012949263, -0.0013179076, -0.0013432602, -0.0013559532, -0.0013803218, -0.0014020908, -0.0014116828, -0.0014281207, -0.0014412735, -0.0014513271, -0.0014553891, -0.0014618051, -0.0014662516, -0.0014678045, -0.0014695914, -0.0014696383, -0.0014689941, -0.0014662438, -0.0014612321, -0.0014537253, -0.0014489675, -0.0014372104, -0.0014221271, -0.0014132184, -0.0013924058, -0.0013671415, -0.0013369353, -0.0013199224, -0.0012831048, -0.0012485466, -0.0012376197, -0.0012534189, -0.0013634498
0, -0.0011307334, -0.0009800937, -0.00088157255, -0.00085498963, -0.00082474435, -0.00080609595, -0.00079752423, -0.0007792093, -0.0007586322, -0.000735947, -0.0007240317, -0.00069942645, -0.0006742766, -0.00066163024, -0.0006363998, -0.0006114419, -0.0005870087, -0.000575113, -0.00055193185, -0.00052960485, -0.0005186271, -0.0004967361, -0.0004751198, -0.00046450488, -0.00044409418, -0.00042493688, -0.0004072654, -0.00039902344, -0.00038391535, -0.00037089534, -0.0003654013, -0.0003571637, -0.0003538612, -0.00035660426, -0.0003603212, -0.0003718888, -0.00038769524, -0.0003962899, -0.00041282465, -0.0004255742, -0.00042940184, -0.00043111623, -0.00042557088, -0.0004149514, -0.0004089707, -0.00039814253, -0.0003906912, -0.0003886371, -0.00038816704, -0.00039104038, -0.0003962372, -0.0004001841, -0.00041297826, -0.00043485776, -0.00044989557, -0.0004880493, -0.0005335195, -0.0005572615, -0.0006045603, -0.00065078994, -0.0006956005, -0.0007174305, -0.0007601913, -0.000802041, -0.0008220915, -0.00085839775, -0.000888961, -0.00091616536, -0.00092937064, -0.0009546947, -0.0009767662, -0.0009863371, -0.0010032363, -0.0010177714, -0.0010285953, -0.0010321529, -0.0010360471, -0.0010379442, -0.0010385214, -0.0010375131, -0.0010311872, -0.0010260177, -0.001014298, -0.0010034783, -0.0009923462, -0.0009855247, -0.0009691554, -0.00095259707, -0.0009456397, -0.00093473, -0.00092647923, -0.0009203318, -0.0009182705, -0.0009166234, -0.0009200043, -0.00092471513, -0.0009412488, -0.000964937, -0.00097828, -0.0010070007, -0.0010381762, -0.0010721843, -0.0010908252, -0.001132174, -0.0011763263, -0.0011976651, -0.0012355163, -0.0012632842, -0.0012779372, -0.0012806623, -0.0012798898, -0.0012750317, -0.001272835, -0.0012722351, -0.0012787359, -0.0012848306, -0.0013023323, -0.0013251514, -0.0013502812, -0.0013629141, -0.00138716, -0.0014086689, -0.0014181399, -0.001434478, -0.0014474227, -0.0014572791, -0.0014612329, -0.0014674959, -0.001471739, -0.0014731871, -0.0014747779, -0.0014746513, -0.0014739, -0.0014709205, -0.0014657563, -0.0014580815, -0.0014532168, -0.0014412105, -0.0014259167, -0.0014169295, -0.00139589, -0.0013703875, -0.001339915, -0.001322777, -0.0012856895, -0.0012508295, -0.0012397643, -0.0012552519, -0.001365206
0, -0.0011600984, -0.0010098189, -0.0009156503, -0.00089204, -0.0008683058, -0.000856417, -0.0008511852, -0.00083963916, -0.00082564825, -0.00080947357, -0.0008007109, -0.00078225293, -0.00076293974, -0.00075309037, -0.0007332805, -0.00071347936, -0.0006938595, -0.00068409444, -0.0006645515, -0.0006446037, -0.0006343759, -0.00061324384, -0.0005916537, -0.0005808499, -0.0005594543, -0.00053841836, -0.00051774347, -0.0005075505, -0.00048759216, -0.00046863672, -0.00045983758, -0.00044464, -0.00043410936, -0.00042958016, -0.00042971686, -0.0004344645, -0.0004440978, -0.0004499458, -0.00046185357, -0.00047098423, -0.0004733691, -0.00047275744, -0.00046499842, -0.0004521059, -0.000444904, -0.000431277, -0.0004203407, -0.000416124, -0.00040997678, -0.00040541112, -0.00040192157, -0.00040152925, -0.00040665825, -0.00042357764, -0.0004373935, -0.0004754965, -0.0005229714, -0.0005480251, -0.0005977197, -0.00064574595, -0.0006918202, -0.00071420975, -0.0007583701, -0.0008020657, -0.0008231663, -0.0008615791, -0.0008942547, -0.0009241238, -0.00093876605, -0.00096657133, -0.0009897469, -0.0009993613, -0.0010163976, -0.0010321473, -0.0010448131, -0.0010489372, -0.001052925, -0.001054108, -0.0010544824, -0.0010536748, -0.0010477441, -0.001042732, -0.0010306283, -0.0010190952, -0.0010073299, -0.0010003638, -0.0009838801, -0.0009670758, -0.0009598382, -0.0009481489, -0.0009394707, -0.0009332295, -0.0009310413, -0.0009287848, -0.0009316775, -0.0009363592, -0.0009527599, -0.0009760095, -0.0009891568, -0.0010176784, -0.0010486388, -0.0010823, -0.0011008338, -0.0011419455, -0.0011858095, -0.0012069654, -0.0012446473, -0.0012721595, -0.0012864629, -0.0012891062, -0.0012881191, -0.0012830606, -0.0012807655, -0.0012799539, -0.0012863035, -0.001292307, -0.0013097014, -0.0013323218, -0.001357236, -0.0013698535, -0.001393902, -0.0014152405, -0.0014246018, -0.0014407899, -0.0014534891, -0.0014631558, -0.0014670531, -0.001473108, -0.0014771608, -0.0014785063, -0.0014799149, -0.001479603, -0.0014787446, -0.00147558, -0.0014702014, -0.0014623735, -0.0014574092, -0.0014451917, -0.0014296743, -0.0014205609, -0.001399335, -0.0013735892, -0.0013428706, -0.001325605, -0.0012882565, -0.001253103, -0.00124189, -0.0012571284, -0.0013669273
0, -0.0011929764, -0.0010427361, -0.00095275644, -0.0009320653, -0.00091462856, -0.00090902013, -0.00090686715, -0.0009013897, -0.00089344115, -0.0008831362, -0.00087725586, -0.0008642941, -0.0008500463, -0.0008425798, -0.0008270384, -0.00081090216, -0.000794158, -0.00078551966, -0.0007675443, -0.000748376, -0.0007383443, -0.0007176142, -0.00069641595, -0.00068575196, -0.00066423573, -0.00064243225, -0.00062016485, -0.00060884876, -0.0005860148, -0.0005634641, -0.00055263255, -0.0005329881, -0.0005172303, -0.0005068321, -0.00050390954, -0.0005025842, -0.00050646946, -0.00050965423, -0.0005165293, -0.00052098394, -0.0005209896, -0.0005153556, -0.0005020077, -0.00048294553, -0.00047260136, -0.0004529452, -0.00043668528, -0.00043012024, -0.00041960747, -0.00041088846, -0.00040326625, -0.00040094033, -0.0004026343, -0.00041691252, -0.00042985743, -0.00046685635, -0.00051415263, -0.0005392511, -0.00058934104, -0.0006381965, -0.00068571296, -0.0007089843, -0.00075501285, -0.0008003076, -0.0008219737, -0.00086147717, -0.00089625735, -0.0009298199, -0.00094673334, -0.0009784523, -0.0010034392, -0.0010131373, -0.0010297761, -0.0010461664, -0.0010608407, -0.0010659761, -0.0010710306, -0.00107186, -0.0010717899, -0.0010704218, -0.0010646649, -0.0010597311, -0.0010477876, -0.0010356436, -0.0010229676, -0.0010155805, -0.0009987691, -0.0009819507, -0.00097450527, -0.0009620511, -0.00095262844, -0.0009462266, -0.00094395876, -0.0009412741, -0.00094363006, -0.000948109, -0.0009642908, -0.0009872455, -0.0010002078, -0.0010283962, -0.0010590844, -0.001092475, -0.0011108902, -0.0011518237, -0.0011952496, -0.0012162885, -0.0012538597, -0.0012810144, -0.0012950469, -0.0012975892, -0.0012963678, -0.0012910267, -0.001288659, -0.0012877113, -0.0012938014, -0.0012997446, -0.0013170182, -0.0013394507, -0.0013641755, -0.0013766962, -0.0014006089, -0.0014217356, -0.001431055, -0.0014469844, -0.0014594642, -0.0014690243, -0.0014728339, -0.0014786422, -0.0014824816, -0.0014837547, -0.0014850239, -0.0014845092, -0.0014835572, -0.0014802134, -0.0014746499, -0.001466597, -0.0014615183, -0.0014491244, -0.001433405, -0.0014241865, -0.0014027231, -0.0013767391, -0.0013457953, -0.001328417, -0.0012908214, -0.0012553827, -0.0012439966, -0.0012589674, -0.0013686289
0, -0.0012325399, -0.0010827739, -0.0009980687, -0.0009808285, -0.00097062683, -0.000971958, -0.00097311696, -0.00097390683, -0.0009718827, -0.00096703786, -0.00096367276, -0.00095524424, -0.00094486616, -0.0009389863, -0.00092597975, -0.0009112327, -0.0008948007, -0.0008859431, -0.0008668775, -0.00084615475, -0.0008353687, -0.0008132821, -0.0007907978, -0.00077944814, -0.0007563149, -0.0007325406, -0.0007078887, -0.0006953197, -0.0006699202, -0.0006448658, -0.00063283596, -0.0006106993, -0.0005921634, -0.00057867257, -0.0005741207, -0.00056950253, -0.00057012803, -0.0005715966, -0.00057446817, -0.00057373894, -0.00057057606, -0.00055724086, -0.00053488713, -0.0005060128, -0.0004907073, -0.0004619178, -0.00043860363, -0.0004295488, -0.000416288, -0.00040732097, -0.00040125003, -0.00040004958, -0.000403811, -0.00041893072, -0.00043159825, -0.00046685775, -0.0005113225, -0.0005349179, -0.0005822845, -0.000629387, -0.00067693525, -0.00070097984, -0.00074958894, -0.00079766125, -0.0008204107, -0.0008615931, -0.0008983143, -0.00093480624, -0.0009534491, -0.0009884455, -0.0010159037, -0.0010264661, -0.0010443499, -0.0010615614, -0.0010771388, -0.0010828116, -0.0010889117, -0.0010902777, -0.0010901764, -0.0010883297, -0.0010820201, -0.0010769315, -0.0010649086, -0.0010525957, -0.0010392965, -0.001031454, -0.0010138574, -0.0009967767, -0.0009891948, -0.0009762517, -0.00096615806, -0.0009593427, -0.0009569095, -0.00095384935, -0.0009558207, -0.00096011383, -0.00097586325, -0.0009984946, -0.0010113773, -0.0010393573, -0.0010695928, -0.0011026532, -0.0011210309, -0.0011617792, -0.0012047839, -0.0012256856, -0.0012630336, -0.0012899183, -0.0013036622, -0.0013061056, -0.0013045922, -0.0012989922, -0.0012965548, -0.0012954279, -0.0013012787, -0.0013071784, -0.001324324, -0.0013464787, -0.001371123, -0.0013835608, -0.0014071984, -0.0014281577, -0.0014374098, -0.0014531265, -0.0014654296, -0.0014748288, -0.0014784804, -0.0014841201, -0.0014878111, -0.0014889915, -0.0014900335, -0.0014893672, -0.001488344, -0.0014847778, -0.00147903, -0.001470764, -0.0014656245, -0.0014530298, -0.0014371079, -0.0014277784, -0.0014060764, -0.0013799045, -0.0013487029, -0.0013312114, -0.0012933454, -0.0012576021, -0.0012460846, -0.0012607855, -0.0013703083
0, -0.0012774306, -0.0011289266, -0.0010508877, -0.0010378308, -0.0010362987, -0.001045871, -0.0010508795, -0.0010587794, -0.0010629571, -0.0010634316, -0.0010623757, -0.0010577951, -0.001050178, -0.001045256, -0.0010332657, -0.0010184178, -0.0010007978, -0.0009909845, -0.00096951413, -0.00094608724, -0.0009338528, -0.0009085999, -0.00088245847, -0.00086909346, -0.00084156427, -0.00081303355, -0.0007836193, -0.0007686538, -0.00073872827, -0.0007096802, -0.00069586764, -0.00067060755, -0.0006497574, -0.0006346648, -0.0006295786, -0.00062424544, -0.0006242221, -0.0006250987, -0.00062574487, -0.00062054646, -0.00061431807, -0.000593055, -0.0005611493, -0.0005219104, -0.0005014759, -0.00046339314, -0.00043317888, -0.00042186005, -0.0004069383, -0.0004000349, -0.0003989372, -0.00040070855, -0.00041008554, -0.0004285977, -0.00044172184, -0.00047533776, -0.00051551964, -0.0005365192, -0.00057868724, -0.0006218314, -0.00066777016, -0.00069214625, -0.00074335723, -0.00079505297, -0.00081949553, -0.00086344796, -0.0009022824, -0.00094052224, -0.0009598969, -0.0009964824, -0.0010263367, -0.001038572, -0.0010598946, -0.0010789703, -0.0010942993, -0.0010996568, -0.0011057648, -0.001108224, -0.0011087051, -0.0011071617, -0.0011001045, -0.0010945073, -0.0010816827, -0.0010693133, -0.001055905, -0.0010478131, -0.0010294263, -0.0010115608, -0.0010037, -0.0009903578, -0.0009800349, -0.00097270857, -0.00096997165, -0.00096631906, -0.000968075, -0.00097227865, -0.0009876632, -0.0010098494, -0.0010225778, -0.0010503377, -0.0010801933, -0.0011130488, -0.0011313307, -0.0011717074, -0.0012143378, -0.0012351442, -0.0012723294, -0.0012988169, -0.0013122453, -0.0013146113, -0.0013128747, -0.0013069402, -0.0013044536, -0.0013031348, -0.0013087871, -0.0013146207, -0.0013315595, -0.001353521, -0.0013780437, -0.0013903783, -0.0014137535, -0.0014345341, -0.0014437035, -0.0014592, -0.0014713672, -0.0014805145, -0.0014840737, -0.0014895835, -0.0014930941, -0.0014941605, -0.0014950102, -0.0014941874, -0.0014930515, -0.0014892999, -0.0014833688, -0.001474897, -0.0014696823, -0.0014569027, -0.0014407545, -0.0014313308, -0.0014094132, -0.0013830274, -0.0013516053, -0.0013339765, -0.0012958221, -0.0012598189, -0.001248153, -0.001262601, -0.0013719739
0, -0.0013208213, -0.0011739286, -0.0011028575, -0.0010941877, -0.0011016533, -0.0011198103, -0.0011288514, -0.0011440607, -0.0011545098, -0.0011602342, -0.0011613927, -0.0011603467, -0.0011551009, -0.0011509839, -0.001139733, -0.0011247803, -0.0011063148, -0.0010958578, -0.0010728176, -0.0010473898, -0.0010338705, -0.0010053725, -0.0009748608, -0.0009588745, -0.00092553644, -0.0008904701, -0.0008543023, -0.000835961, -0.0007993551, -0.0007639252, -0.00074713444, -0.00071651576, -0.0006915906, -0.00067402096, -0.0006682088, -0.00066217274, -0.00066166976, -0.00066212117, -0.00066101673, -0.00065242604, -0.00064378366, -0.0006166113, -0.0005775725, -0.0005308342, -0.00050689955, -0.0004628665, -0.00042873574, -0.0004164981, -0.00040192396, -0.00039814814, -0.00040205722, -0.00040653144, -0.0004206165, -0.00044177874, -0.00045516115, -0.0004872431, -0.000523774, -0.00054249127, -0.00058001315, -0.00061934744, -0.0006633143, -0.0006875035, -0.00073970325, -0.0007934507, -0.00081908115, -0.0008655709, -0.0009072433, -0.0009478551, -0.0009679128, -0.0010053039, -0.001036555, -0.0010501638, -0.0010748989, -0.0010965889, -0.0011121634, -0.0011171149, -0.0011226031, -0.0011256223, -0.0011266604, -0.0011257989, -0.0011182512, -0.0011122024, -0.0010985632, -0.0010858566, -0.0010721893, -0.0010639599, -0.0010450237, -0.0010263922, -0.0010182268, -0.0010044521, -0.0009939043, -0.0009861235, -0.0009830233, -0.0009788071, -0.0009804828, -0.0009846338, -0.0009996006, -0.0010211903, -0.0010337953, -0.0010614572, -0.0010909663, -0.0011234399, -0.0011416175, -0.001181716, -0.0012240513, -0.0012447309, -0.0012816408, -0.001307729, -0.0013209255, -0.0013232126, -0.0013211303, -0.0013149235, -0.0013123701, -0.0013108641, -0.0013162969, -0.0013220424, -0.0013387576, -0.0013605526, -0.0013848686, -0.0013970875, -0.0014203192, -0.0014408935, -0.0014499106, -0.0014652562, -0.0014772371, -0.0014861713, -0.0014896515, -0.0014949855, -0.0014983122, -0.0014992782, -0.001499991, -0.001498931, -0.0014977112, -0.0014937848, -0.0014876851, -0.0014790368, -0.0014736833, -0.0014606891, -0.0014443742, -0.0014348458, -0.0014127248, -0.0013861185, -0.0013544936, -0.0013367203, -0.0012983063, -0.0012620218, -0.0012502339, -0.001264382, -0.0013736436
0, -0.0013543869, -0.0012087326, -0.00114303, -0.0011377662, -0.0011523456, -0.0011773058, -0.0011895437, -0.001210687, -0.0012263842, -0.0012365956, -0.0012397105, -0.0012420564, -0.0012394638, -0.0012364083, -0.001226933, -0.0012133066, -0.0011959136, -0.001185949, -0.0011636878, -0.0011385488, -0.0011248983, -0.0010952055, -0.0010622168, -0.001044534, -0.0010069009, -0.0009666365, -0.0009244777, -0.00090296805, -0.0008596984, -0.00081733253, -0.000797058, -0.00075970206, -0.00072862284, -0.0007059806, -0.000698031, -0.00068829535, -0.00068451924, -0.0006833436, -0.0006790187, -0.000667084, -0.00065669464, -0.00062594813, -0.0005832005, -0.0005333636, -0.0005083114, -0.0004631841, -0.0004296825, -0.00041842562, -0.00040692333, -0.0004071022, -0.00041457327, -0.00042034124, -0.00043582162, -0.00045669643, -0.00046938183, -0.0004993286, -0.00053339836, -0.0005509583, -0.00058625225, -0.0006237423, -0.0006664374, -0.00069013593, -0.0007414394, -0.00079460285, -0.0008202642, -0.0008680825, -0.0009127156, -0.00095670234, -0.0009780938, -0.0010169103, -0.0010487442, -0.0010627119, -0.0010890256, -0.0011128247, -0.001129707, -0.001134778, -0.0011400152, -0.0011429514, -0.0011440432, -0.0011434042, -0.0011356749, -0.0011294823, -0.0011156267, -0.0011023817, -0.0010878586, -0.001079338, -0.0010602728, -0.0010414989, -0.0010330532, -0.0010184535, -0.0010074187, -0.000999495, -0.0009962261, -0.0009915653, -0.0009928677, -0.0009968827, -0.0010114511, -0.0010326825, -0.0010452409, -0.0010726906, -0.0011017716, -0.0011338682, -0.001151959, -0.0011918833, -0.0012338549, -0.0012543678, -0.0012909656, -0.0013167583, -0.0013296708, -0.0013317693, -0.00132937, -0.0013230323, -0.0013203679, -0.0013185665, -0.0013237788, -0.0013294513, -0.0013459334, -0.0013675914, -0.0013916868, -0.0014037883, -0.001426836, -0.0014472302, -0.0014560889, -0.0014712568, -0.0014830882, -0.0014917839, -0.0014951857, -0.001500344, -0.0015034825, -0.0015043998, -0.0015048624, -0.001503628, -0.0015023551, -0.0014982491, -0.0014919122, -0.0014831099, -0.0014776501, -0.001464474, -0.0014479676, -0.0014383232, -0.0014160245, -0.0013891723, -0.0013573221, -0.0013394351, -0.0013007837, -0.0012642039, -0.001252262, -0.0012661545, -0.0013753322
0, -0.0013708543, -0.0012251983, -0.001161681, -0.0011579529, -0.0011758814, -0.0012042177, -0.0012180802, -0.0012423458, -0.0012610897, -0.001274122, -0.0012786071, -0.0012836973, -0.001283857, -0.001282203, -0.0012756774, -0.0012652272, -0.0012512084, -0.00124296, -0.0012240233, -0.0012017032, -0.001189255, -0.0011613491, -0.0011294528, -0.00111201, -0.0010742213, -0.0010329151, -0.0009886258, -0.0009656219, -0.00091868546, -0.00087193603, -0.0008492399, -0.0008066801, -0.0007699621, -0.00074116467, -0.0007300559, -0.0007137873, -0.0007034641, -0.0006991413, -0.0006889058, -0.00067206053, -0.0006596348, -0.00062573154, -0.00058120274, -0.00053133495, -0.0005069618, -0.00046462746, -0.00043562803, -0.00042701294, -0.00042100705, -0.00042596346, -0.00043633662, -0.00044264283, -0.00045724952, -0.00047527108, -0.0004861746, -0.0005126016, -0.0005439874, -0.00056073605, -0.0005956158, -0.0006335576, -0.00067650987, -0.00069999817, -0.00074987265, -0.00080089003, -0.00082576537, -0.00087344827, -0.00092000223, -0.0009669225, -0.0009897763, -0.0010307881, -0.001063405, -0.0010773459, -0.0011036313, -0.0011279021, -0.0011458802, -0.001151426, -0.0011573859, -0.0011605946, -0.0011615757, -0.001160198, -0.00115182, -0.0011455808, -0.0011320916, -0.0011187367, -0.0011032973, -0.0010942979, -0.0010749742, -0.0010563369, -0.0010477069, -0.0010323005, -0.0010207655, -0.0010128604, -0.0010095291, -0.001004348, -0.001005092, -0.0010090385, -0.0010235058, -0.001044474, -0.001056776, -0.0010838646, -0.0011126889, -0.0011445272, -0.0011624517, -0.0012020814, -0.0012436737, -0.0012640608, -0.0013004068, -0.0013258358, -0.0013383928, -0.0013404062, -0.0013377098, -0.0013311498, -0.001328349, -0.0013262464, -0.0013312835, -0.0013368594, -0.0013531232, -0.0013745714, -0.001398473, -0.001410449, -0.0014333356, -0.0014534869, -0.0014622711, -0.0014772608, -0.001488856, -0.0014974219, -0.0015007393, -0.001505622, -0.00150864, -0.00150944, -0.0015097316, -0.0015083341, -0.001506954, -0.0015026543, -0.0014961419, -0.0014871171, -0.0014815774, -0.0014682699, -0.001451554, -0.0014418004, -0.0014192834, -0.0013922182, -0.0013601292, -0.001342128, -0.0013032252, -0.0012663577, -0.0012542695, -0.0012679641, -0.001376982
0, -0.0013612153, -0.0012128227, -0.0011455764, -0.0011400351, -0.0011545594, -0.0011799511, -0.0011925353, -0.0012148772, -0.0012324853, -0.001245474, -0.0012503464, -0.0012571454, -0.0012603174, -0.0012606516, -0.0012589572, -0.0012542385, -0.0012464673, -0.0012413957, -0.0012287989, -0.0012127704, -0.0012033936, -0.001182044, -0.0011570394, -0.0011430852, -0.0011123358, -0.0010778349, -0.0010398682, -0.0010198001, -0.0009782406, -0.0009362183, -0.0009156738, -0.0008767277, -0.0008418849, -0.0008123879, -0.0007996562, -0.0007775951, -0.00075836014, -0.00074867165, -0.0007265898, -0.00069778186, -0.00067993486, -0.0006373388, -0.0005882654, -0.0005388737, -0.0005167595, -0.00048248985, -0.00046460755, -0.00046188192, -0.00046648155, -0.00047874547, -0.0004920546, -0.00049810286, -0.00050931954, -0.000521321, -0.0005288935, -0.000549042, -0.0005760545, -0.00059155666, -0.00062614935, -0.00066601695, -0.00071062986, -0.0007341451, -0.00078242976, -0.00083116785, -0.00085525244, -0.0009025286, -0.0009497063, -0.0009971336, -0.0010200576, -0.001061166, -0.0010945275, -0.0011090807, -0.0011360407, -0.0011600197, -0.0011772432, -0.001182732, -0.0011892399, -0.0011930396, -0.001194025, -0.0011916229, -0.0011820849, -0.0011756034, -0.0011623933, -0.0011491334, -0.0011327647, -0.0011231677, -0.0011031302, -0.0010843277, -0.0010756152, -0.0010597523, -0.0010474663, -0.001038962, -0.0010354348, -0.0010298679, -0.0010301019, -0.0010337175, -0.0010476444, -0.0010681088, -0.0010800695, -0.0011065525, -0.001134859, -0.0011661109, -0.0011837205, -0.0012226369, -0.0012637482, -0.0012837979, -0.0013193956, -0.001344139, -0.0013561617, -0.0013577986, -0.0013544688, -0.0013473606, -0.0013443246, -0.0013416999, -0.0013463623, -0.0013517267, -0.0013675004, -0.0013885872, -0.0014119515, -0.0014237436, -0.0014462556, -0.001465967, -0.0014746044, -0.0014891829, -0.0015003285, -0.0015085185, -0.0015116334, -0.0015162026, -0.0015187889, -0.0015194135, -0.0015193652, -0.0015176455, -0.0015160497, -0.0015113739, -0.001504532, -0.0014951623, -0.0014894301, -0.0014756701, -0.0014585878, -0.0014486653, -0.0014257304, -0.0013982503, -0.0013656947, -0.001347465, -0.0013080619, -0.0012706832, -0.0012583095, -0.0012714909, -0.0013802435
0, -0.0013548387, -0.0012056297, -0.0011363875, -0.0011295658, -0.0011413264, -0.0011638793, -0.0011751252, -0.0011949608, -0.001210559, -0.0012220991, -0.001226444, -0.0012326374, -0.0012355357, -0.0012357695, -0.0012338378, -0.0012286676, -0.001220251, -0.0012148581, -0.0012016831, -0.001185335, -0.0011760182, -0.0011549616, -0.001130721, -0.0011173681, -0.0010881323, -0.0010557827, -0.0010207888, -0.0010025717, -0.0009652204, -0.0009278439, -0.00090970437, -0.0008754507, -0.0008453302, -0.00082018477, -0.0008095654, -0.0007915686, -0.0007761804, -0.0007683049, -0.00074953213, -0.00072360487, -0.00070701697, -0.0006665654, -0.0006191334, -0.00057063455, -0.00054861663, -0.0005140154, -0.00049511594, -0.0004916199, -0.0004942983, -0.000504337, -0.0005156682, -0.0005209685, -0.00053130696, -0.0005433728, -0.0005511997, -0.00057232595, -0.00060022913, -0.000616059, -0.00065086305, -0.0006903697, -0.0007343976, -0.00075761694, -0.00080556225, -0.00085457205, -0.0008789327, -0.00092651695, -0.0009727839, -0.0010180279, -0.0010396501, -0.0010786754, -0.0011113184, -0.0011259285, -0.0011533359, -0.001177086, -0.0011934019, -0.0011983202, -0.0012039044, -0.0012071428, -0.0012079977, -0.0012059195, -0.0011969152, -0.0011904564, -0.0011765067, -0.0011623441, -0.0011461818, -0.0011369307, -0.0011172249, -0.0010978465, -0.0010888352, -0.0010728497, -0.0010606801, -0.0010520178, -0.0010483749, -0.0010425877, -0.001042592, -0.0010460638, -0.0010597998, -0.0010800553, -0.0010919241, -0.0011180402, -0.0011460395, -0.0011770881, -0.0011945318, -0.0012330757, -0.00127387, -0.001293794, -0.001328966, -0.0013534118, -0.001365109, -0.0013665722, -0.0013629182, -0.0013555395, -0.0013523621, -0.0013494483, -0.0013538855, -0.0013591477, -0.0013746723, -0.0013955953, -0.0014186801, -0.001430372, -0.0014527171, -0.001472182, -0.0014807167, -0.0014951085, -0.0015060067, -0.0015140243, -0.0015170614, -0.0015214477, -0.001523815, -0.0015243695, -0.0015241804, -0.001522222, -0.0015205295, -0.0015157226, -0.0015086888, -0.0014991377, -0.0014933076, -0.001479385, -0.0014620969, -0.0014520651, -0.0014289299, -0.0014012611, -0.0013684296, -0.0013501099, -0.0013104744, -0.00127282, -0.0012603136, -0.001273207, -0.0013818829
0, -0.0013528741, -0.0012039724, -0.0011343233, -0.001127044, -0.0011376478, -0.0011587619, -0.0011692675, -0.0011875924, -0.0012016492, -0.0012116925, -0.0012153169, -0.0012199859, -0.001221257, -0.001220662, -0.001216804, -0.0012093903, -0.0011985077, -0.0011917923, -0.0011759256, -0.0011570087, -0.0011464199, -0.0011230586, -0.0010968293, -0.0010827115, -0.0010524405, -0.0010197789, -0.0009853103, -0.00096769695, -0.00093217334, -0.00089724944, -0.0008804057, -0.00084915204, -0.0008227123, -0.0008023766, -0.0007947033, -0.0007837551, -0.00077696185, -0.00077391026, -0.0007655072, -0.00075016764, -0.0007386723, -0.00070736685, -0.0006668249, -0.0006218416, -0.0006000792, -0.0005630063, -0.00053832587, -0.000531179, -0.0005262095, -0.0005292397, -0.00053565105, -0.0005395068, -0.00054907554, -0.0005629698, -0.00057238276, -0.000597082, -0.00062845804, -0.0006456033, -0.00068184256, -0.00072131323, -0.00076462026, -0.0007873784, -0.0008346053, -0.000883115, -0.00090731, -0.00095413387, -0.0009987941, -0.0010417562, -0.0010622728, -0.0010995929, -0.0011311232, -0.0011451187, -0.001170949, -0.0011931133, -0.001208551, -0.0012133418, -0.0012186918, -0.0012214028, -0.0012218772, -0.0012193242, -0.0012104125, -0.0012040624, -0.0011898197, -0.0011753378, -0.0011594589, -0.0011504532, -0.0011306712, -0.0011107645, -0.0011016343, -0.0010859539, -0.0010739876, -0.0010649019, -0.0010610379, -0.0010552114, -0.0010552508, -0.001058602, -0.0010719632, -0.0010920013, -0.0011038244, -0.0011296578, -0.0011573251, -0.0011881181, -0.0012053789, -0.0012435952, -0.0012840466, -0.001303794, -0.0013386676, -0.0013627249, -0.0013740798, -0.0013753816, -0.0013713976, -0.0013637292, -0.0013603932, -0.0013572412, -0.0013614318, -0.0013665748, -0.0013818841, -0.0014025253, -0.0014254773, -0.001437051, -0.0014591295, -0.0014784137, -0.0014868381, -0.0015009814, -0.0015117339, -0.0015195502, -0.0015224904, -0.0015266539, -0.0015288652, -0.0015293105, -0.0015289466, -0.0015267878, -0.0015250323, -0.0015200443, -0.0015128168, -0.0015031053, -0.0014972101, -0.0014830781, -0.0014655703, -0.0014554516, -0.0014321171, -0.0014041914, -0.0013712111, -0.0013527648, -0.0013128767, -0.0012749668, -0.0012623376, -0.0012749275, -0.001383495
0, -0.0013500866, -0.0012020741, -0.0011326313, -0.0011252463, -0.0011354187, -0.0011558848, -0.0011659674, -0.0011831515, -0.0011957595, -0.0012039107, -0.0012064548, -0.001208554, -0.0012070304, -0.0012049471, -0.0011982616, -0.0011881535, -0.0011746886, -0.0011667245, -0.001148317, -0.0011267968, -0.0011149035, -0.0010890281, -0.0010605196, -0.001045376, -0.001013524, -0.0009797405, -0.00094451214, -0.0009266179, -0.0008908872, -0.0008562071, -0.00083972793, -0.00080996566, -0.0007862404, -0.0007705813, -0.0007660477, -0.0007632564, -0.0007668203, -0.00076973735, -0.0007743792, -0.0007727393, -0.00076796324, -0.00074895675, -0.00071803416, -0.00067869254, -0.0006578982, -0.0006187826, -0.0005876415, -0.0005760972, -0.00056129205, -0.00055528013, -0.000555233, -0.0005572887, -0.0005662373, -0.0005829336, -0.0005946597, -0.0006247174, -0.0006608338, -0.0006796101, -0.0007174564, -0.00075687584, -0.00079950923, -0.0008220372, -0.0008688203, -0.00091670576, -0.00094032136, -0.0009854662, -0.0010275913, -0.0010678268, -0.0010872352, -0.0011229485, -0.0011529673, -0.0011659362, -0.0011891576, -0.0012090044, -0.0012234545, -0.0012281745, -0.001233385, -0.0012354613, -0.0012355087, -0.0012322428, -0.0012231498, -0.0012167703, -0.0012025896, -0.0011882707, -0.0011725697, -0.0011635643, -0.0011435342, -0.0011235038, -0.0011144298, -0.0010991417, -0.0010871822, -0.001077644, -0.0010736372, -0.0010679236, -0.0010680077, -0.0010711849, -0.0010841301, -0.0011040495, -0.0011158106, -0.0011413719, -0.0011686832, -0.001199175, -0.0012163313, -0.0012541733, -0.0012942892, -0.0013138504, -0.001348418, -0.0013720883, -0.0013830632, -0.0013842187, -0.0013799621, -0.0013719356, -0.001368429, -0.0013651026, -0.0013689783, -0.0013739679, -0.0013890835, -0.0014094792, -0.0014322816, -0.001443712, -0.001465534, -0.0014846312, -0.001492941, -0.0015068458, -0.0015174566, -0.0015250412, -0.0015278619, -0.0015318597, -0.0015338981, -0.0015342612, -0.0015336969, -0.0015313764, -0.0015295253, -0.0015243429, -0.0015169361, -0.0015070403, -0.0015010661, -0.0014867315, -0.0014690389, -0.0014588144, -0.0014352842, -0.0014071749, -0.001373994, -0.0013554097, -0.0013152307, -0.0012770803, -0.0012643094, -0.0012766691, -0.0013850905
0, -0.0013385345, -0.0011909923, -0.0011204385, -0.0011122059, -0.0011204394, -0.0011388779, -0.0011478792, -0.0011626625, -0.0011725603, -0.0011776853, -0.00117853, -0.001177233, -0.0011722167, -0.0011684584, -0.0011586953, -0.0011461382, -0.0011309438, -0.0011223766, -0.0011031326, -0.0010812208, -0.0010693042, -0.0010435724, -0.0010155406, -0.0010007625, -0.0009698517, -0.00093728385, -0.0009032292, -0.00088583236, -0.00085105817, -0.0008175348, -0.0008019247, -0.0007743302, -0.0007538011, -0.0007426014, -0.0007408863, -0.0007448101, -0.00075660134, -0.0007640949, -0.0007787912, -0.00078786304, -0.0007884364, -0.00077974505, -0.00075768714, -0.00072472106, -0.0007058585, -0.00066766597, -0.0006335221, -0.00061924016, -0.0005974633, -0.0005841883, -0.00057860574, -0.000579126, -0.0005877641, -0.0006075541, -0.00062166766, -0.00065698294, -0.00069713924, -0.0007171555, -0.0007557011, -0.00079449743, -0.000836732, -0.0008594087, -0.000906855, -0.0009548687, -0.000977892, -0.001020517, -0.0010589517, -0.0010957206, -0.0011137985, -0.0011475807, -0.0011756378, -0.0011874083, -0.001208013, -0.0012258551, -0.001239125, -0.0012433892, -0.0012477441, -0.0012488554, -0.0012485863, -0.0012451336, -0.0012359496, -0.0012294741, -0.0012151308, -0.0012007712, -0.0011852862, -0.001176353, -0.0011563911, -0.0011363755, -0.0011273305, -0.0011121291, -0.0011001382, -0.0010905297, -0.0010864495, -0.0010806759, -0.0010806654, -0.0010837588, -0.0010964929, -0.0011161804, -0.0011278116, -0.0011531352, -0.0011801639, -0.0012102579, -0.0012272495, -0.0012648389, -0.0013046265, -0.0013239781, -0.0013581312, -0.0013815283, -0.0013921119, -0.001393053, -0.0013885078, -0.0013801506, -0.0013765438, -0.0013729479, -0.0013765472, -0.001381425, -0.0013963275, -0.0014164436, -0.0014390228, -0.0014503684, -0.0014719253, -0.0014908095, -0.0014990022, -0.0015127427, -0.0015231374, -0.0015305206, -0.0015332409, -0.0015370623, -0.0015388974, -0.0015391846, -0.0015384458, -0.0015359338, -0.0015339914, -0.0015286267, -0.001521064, -0.0015109809, -0.0015048769, -0.0014903714, -0.0014725187, -0.0014622002, -0.0014384554, -0.0014101755, -0.0013766993, -0.0013580067, -0.001317637, -0.0012791966, -0.0012662672, -0.0012784045, -0.0013866919
0, -0.0013133278, -0.0011649819, -0.0010907198, -0.0010801846, -0.0010835956, -0.001097489, -0.0011042915, -0.0011148737, -0.0011205575, -0.001121474, -0.0011203053, -0.0011151665, -0.0011067366, -0.0011014661, -0.0010891883, -0.0010749017, -0.0010590949, -0.0010506217, -0.0010326783, -0.0010131409, -0.0010027995, -0.0009808991, -0.0009573272, -0.00094490015, -0.00091879914, -0.00089116726, -0.0008620832, -0.0008470613, -0.00081681856, -0.00078779913, -0.00077443157, -0.0007514304, -0.0007354254, -0.0007285332, -0.0007288782, -0.0007368034, -0.0007524708, -0.00076183653, -0.00078044547, -0.00079382036, -0.0007967149, -0.0007930674, -0.0007763689, -0.0007487502, -0.00073245075, -0.00069871946, -0.00066764886, -0.00065426464, -0.0006328523, -0.00061845296, -0.00061100296, -0.0006106177, -0.0006183137, -0.00063873193, -0.0006537156, -0.00069140404, -0.00073400815, -0.00075508334, -0.00079522654, -0.0008347478, -0.00087734597, -0.00090021786, -0.00094803906, -0.0009952158, -0.0010171845, -0.001056506, -0.0010913464, -0.0011254476, -0.0011424045, -0.0011738786, -0.0011989599, -0.0012090803, -0.0012269171, -0.0012431648, -0.0012556413, -0.0012594718, -0.0012625819, -0.0012622869, -0.0012615409, -0.0012578386, -0.0012488369, -0.0012424743, -0.0012280727, -0.0012134061, -0.001197765, -0.0011889173, -0.0011693306, -0.0011495594, -0.0011405247, -0.0011251076, -0.0011130621, -0.0011035635, -0.0010995584, -0.001093606, -0.0010933001, -0.0010963127, -0.0011089625, -0.0011284373, -0.0011398894, -0.001164889, -0.0011917057, -0.0012214471, -0.0012382502, -0.0012755421, -0.0013149879, -0.0013341462, -0.0013678989, -0.0013909807, -0.0014011416, -0.0014018995, -0.0013970875, -0.0013884214, -0.0013846246, -0.0013807531, -0.0013841105, -0.0013888582, -0.0014036089, -0.0014234364, -0.0014457671, -0.0014570376, -0.0014783345, -0.001497039, -0.001505093, -0.0015186268, -0.0015288101, -0.0015360127, -0.0015386457, -0.001542244, -0.0015439066, -0.0015440964, -0.0015431595, -0.001540474, -0.0015384526, -0.001532938, -0.0015251905, -0.001514888, -0.0015086913, -0.0014940194, -0.0014759894, -0.0014655751, -0.0014416199, -0.0014131062, -0.0013794538, -0.0013606522, -0.0013200139, -0.0012812917, -0.0012682365, -0.0012801149, -0.0013882881
0, -0.0012799228, -0.0011297807, -0.0010496662, -0.0010355613, -0.0010318162, -0.0010389774, -0.0010426675, -0.0010475639, -0.0010481279, -0.0010444463, -0.0010412093, -0.001032287, -0.0010208606, -0.0010144033, -0.0010004194, -0.0009854514, -0.0009700517, -0.00096229726, -0.0009468587, -0.000931351, -0.0009235082, -0.0009076092, -0.0008908812, -0.00088207575, -0.00086340716, -0.0008433385, -0.00082205026, -0.0008109742, -0.0007884957, -0.00076687004, -0.0007569128, -0.00074017356, -0.00072926993, -0.00072585064, -0.00072727946, -0.0007361937, -0.00075147673, -0.0007602923, -0.0007773755, -0.00078944745, -0.00079206884, -0.00078881596, -0.00077435136, -0.00075109774, -0.0007377569, -0.00071133755, -0.00068851677, -0.0006792687, -0.00066536595, -0.00065641286, -0.0006515867, -0.0006514103, -0.00065795577, -0.0006760998, -0.0006900117, -0.0007265501, -0.0007699031, -0.0007920283, -0.00083503284, -0.0008772247, -0.00092107983, -0.0009439947, -0.0009908756, -0.0010358071, -0.0010561874, -0.0010919808, -0.0011238209, -0.0011559019, -0.0011719646, -0.0012010689, -0.0012228327, -0.0012313128, -0.0012464605, -0.0012610451, -0.001272616, -0.0012759835, -0.0012779187, -0.0012763869, -0.001275199, -0.0012709781, -0.0012621563, -0.0012558313, -0.0012412837, -0.0012264189, -0.0012106253, -0.001201823, -0.0011825158, -0.0011629697, -0.0011539429, -0.0011381367, -0.0011260652, -0.0011168611, -0.001112908, -0.0011066431, -0.0011059049, -0.0011088902, -0.001121647, -0.0011408535, -0.001151995, -0.0011765995, -0.0012033334, -0.0012327752, -0.0012492922, -0.0012862021, -0.0013254116, -0.0013444046, -0.001377686, -0.0014004267, -0.0014102289, -0.0014108467, -0.0014056829, -0.0013966617, -0.0013926917, -0.0013886157, -0.0013917157, -0.0013963011, -0.001410827, -0.0014304213, -0.001452566, -0.001463686, -0.0014847703, -0.0015032456, -0.0015111949, -0.0015245222, -0.0015344812, -0.0015414809, -0.0015440267, -0.0015474444, -0.0015489511, -0.0015489898, -0.0015478528, -0.0015450324, -0.001542934, -0.0015372282, -0.0015292603, -0.0015188197, -0.0015125339, -0.0014976921, -0.0014794694, -0.0014689005, -0.0014447499, -0.0014160617, -0.0013822041, -0.001363261, -0.0013223533, -0.0012833747, -0.0012702232, -0.0012818569, -0.0013898896
0, -0.001248808, -0.0010967907, -0.0010105412, -0.0009926353, -0.0009810576, -0.000980627, -0.000980747, -0.0009791848, -0.0009743026, -0.00096612977, -0.0009609571, -0.00094878784, -0.00093497906, -0.00092768355, -0.0009127342, -0.00089778367, -0.000883342, -0.0008764671, -0.0008634677, -0.0008515863, -0.0008459563, -0.000835229, -0.00082466257, -0.00081927294, -0.0008079539, -0.0007957425, -0.0007828373, -0.0007761668, -0.0007625152, -0.00074921286, -0.0007430829, -0.00073288137, -0.00072667684, -0.0007257223, -0.00072741316, -0.000735093, -0.0007473566, -0.00075420656, -0.0007669289, -0.00077510695, -0.0007763087, -0.00077194977, -0.00075922924, -0.00074106734, -0.00073138054, -0.0007139257, -0.00070131745, -0.0006972911, -0.00069346826, -0.0006927353, -0.0006932801, -0.00069445744, -0.000701084, -0.00071685197, -0.00072929525, -0.0007635866, -0.0008067656, -0.0008296531, -0.000875132, -0.00091974286, -0.00096454873, -0.0009872881, -0.0010327055, -0.0010753057, -0.0010943797, -0.001127323, -0.0011562743, -0.0011856043, -0.0012003615, -0.0012271523, -0.0012468109, -0.0012543747, -0.00126772, -0.0012803444, -0.0012898593, -0.0012924471, -0.0012933819, -0.0012914931, -0.0012901755, -0.0012857092, -0.0012761523, -0.0012694581, -0.0012545917, -0.0012400887, -0.0012245678, -0.0012156412, -0.0011959843, -0.0011764341, -0.0011675258, -0.0011518408, -0.0011395104, -0.0011301638, -0.0011262465, -0.0011199281, -0.0011187773, -0.0011216267, -0.001134304, -0.0011533403, -0.0011642771, -0.0011884423, -0.0012149327, -0.0012440903, -0.0012603824, -0.0012969287, -0.0013358255, -0.0013546019, -0.0013874916, -0.0014099574, -0.0014193408, -0.0014197086, -0.0014142508, -0.0014049533, -0.0014008227, -0.001396503, -0.0013993562, -0.0014037621, -0.0014180571, -0.0014374271, -0.0014593557, -0.0014703352, -0.0014911983, -0.0015094856, -0.0015173431, -0.0015304127, -0.001540166, -0.0015469729, -0.0015494114, -0.0015526608, -0.0015539296, -0.0015538901, -0.0015526188, -0.0015496032, -0.0015473794, -0.0015415022, -0.0015333623, -0.0015227459, -0.0015163791, -0.0015013281, -0.001482871, -0.0014722497, -0.0014479286, -0.0014189965, -0.0013849068, -0.0013658312, -0.0013247316, -0.0012855126, -0.0012722124, -0.0012836015, -0.0013914969
0, -0.0012278196, -0.0010743557, -0.0009835106, -0.0009627199, -0.00094470097, -0.00093759655, -0.0009344483, -0.00092680496, -0.0009167197, -0.0009045454, -0.00089781627, -0.0008833432, -0.000868082, -0.0008603144, -0.0008449468, -0.0008301702, -0.0008162636, -0.00080973824, -0.00079768925, -0.0007870536, -0.000782173, -0.00077325036, -0.0007653939, -0.00076172024, -0.00075460126, -0.0007475892, -0.00074065645, -0.0007372184, -0.00073040935, -0.00072393, -0.000720982, -0.0007163848, -0.0007143287, -0.00071578164, -0.0007179032, -0.00072494085, -0.0007349453, -0.0007403116, -0.00075001025, -0.00075586676, -0.0007565608, -0.0007529109, -0.0007437825, -0.0007317238, -0.00072578376, -0.00071653444, -0.00071228296, -0.0007122844, -0.00071607484, -0.000722236, -0.0007283503, -0.00073162967, -0.00074061885, -0.000756616, -0.0007686494, -0.0008021913, -0.0008455586, -0.0008689653, -0.0009158948, -0.0009614945, -0.0010058532, -0.001027738, -0.0010708814, -0.0011113996, -0.00112967, -0.0011610672, -0.0011879216, -0.0012145505, -0.0012279924, -0.0012524057, -0.0012706016, -0.0012775228, -0.001289456, -0.0013003473, -0.0013080655, -0.0013098781, -0.0013099465, -0.0013078348, -0.001306453, -0.0013015119, -0.0012910085, -0.0012839239, -0.0012688843, -0.0012548472, -0.001239454, -0.0012302549, -0.0012098195, -0.0011902663, -0.0011816138, -0.0011663499, -0.0011533747, -0.0011434568, -0.0011395551, -0.0011335224, -0.0011321588, -0.00113467, -0.001146875, -0.0011658194, -0.0011767132, -0.0012004436, -0.0012265155, -0.0012553586, -0.0012715112, -0.0013077122, -0.00134626, -0.0013647972, -0.0013972984, -0.0014194668, -0.0014284565, -0.0014285757, -0.0014228234, -0.0014133094, -0.0014090092, -0.0014043776, -0.0014069661, -0.0014112678, -0.0014253327, -0.001444443, -0.0014660882, -0.0014769981, -0.0014976467, -0.001515726, -0.0015234649, -0.0015363148, -0.0015458689, -0.0015524894, -0.001554836, -0.001557842, -0.0015589348, -0.0015588221, -0.0015573676, -0.0015541669, -0.0015518705, -0.0015457864, -0.0015375111, -0.0015266476, -0.0015201932, -0.0015049578, -0.0014862898, -0.0014756242, -0.0014510995, -0.0014219184, -0.0013876075, -0.0013684519, -0.0013271145, -0.0012876404, -0.0012741671, -0.001285315, -0.0013931
0, -0.0012210642, -0.0010665653, -0.0009731969, -0.0009507604, -0.00092883565, -0.0009171632, -0.000911671, -0.0008993553, -0.0008851692, -0.00086992624, -0.00086208, -0.000846212, -0.0008302766, -0.00082241197, -0.0008068883, -0.00079186994, -0.0007773093, -0.0007702522, -0.0007567674, -0.0007441332, -0.0007382199, -0.00072721747, -0.0007175639, -0.0007132812, -0.0007055766, -0.0006989038, -0.00069303665, -0.0006904546, -0.00068596797, -0.00068250933, -0.00068128324, -0.0006802926, -0.0006819475, -0.0006869711, -0.0006907296, -0.00070048193, -0.00071260426, -0.0007189681, -0.00073073583, -0.00073939585, -0.0007418226, -0.0007426637, -0.00073916203, -0.0007331928, -0.0007302368, -0.000726021, -0.0007254251, -0.0007267694, -0.00073291454, -0.0007420545, -0.0007522398, -0.0007579078, -0.0007716338, -0.00079145643, -0.0008049594, -0.0008406157, -0.0008854122, -0.00090926397, -0.0009565658, -0.0010013243, -0.0010432983, -0.001063577, -0.0011035439, -0.0011422329, -0.0011602046, -0.0011916964, -0.001218118, -0.0012429099, -0.0012551537, -0.0012772864, -0.0012937757, -0.0013000477, -0.0013109054, -0.0013208749, -0.0013277729, -0.0013291228, -0.001328198, -0.0013252575, -0.00132357, -0.0013182372, -0.0013074705, -0.0013001425, -0.0012845454, -0.0012703494, -0.0012550594, -0.0012457945, -0.0012247681, -0.0012047446, -0.0011961077, -0.0011811109, -0.0011679153, -0.0011572955, -0.0011531967, -0.0011471435, -0.0011456878, -0.001147981, -0.0011597032, -0.0011783602, -0.0011890727, -0.00121247, -0.001238259, -0.0012667114, -0.0012826229, -0.0013184268, -0.0013567848, -0.0013750946, -0.0014071097, -0.0014288813, -0.0014375788, -0.0014375459, -0.0014314459, -0.0014216169, -0.0014171492, -0.0014122658, -0.001414624, -0.0014187945, -0.0014325938, -0.0014515065, -0.0014729118, -0.0014837114, -0.0015041478, -0.0015219202, -0.0015295637, -0.0015422557, -0.0015516342, -0.0015579909, -0.0015602454, -0.0015630618, -0.0015639846, -0.001563787, -0.0015620984, -0.0015587303, -0.0015563664, -0.0015500849, -0.0015416149, -0.0015305837, -0.0015240175, -0.0015086188, -0.0014897862, -0.0014789586, -0.0014542374, -0.0014248844, -0.0013903634, -0.0013710954, -0.0013294757, -0.0012897294, -0.0012761311, -0.0012870402, -0.001394697
0, -0.0012321947, -0.001075747, -0.0009803955, -0.0009570011, -0.0009328451, -0.00091858825, -0.0009116148, -0.0008962105, -0.00087914674, -0.0008613923, -0.000852581, -0.0008352641, -0.00081837625, -0.0008100646, -0.00079371466, -0.0007773722, -0.0007608082, -0.00075241615, -0.00073564, -0.0007190411, -0.00071098906, -0.00069552875, -0.0006814506, -0.00067501405, -0.00066343753, -0.0006533867, -0.00064462493, -0.0006408206, -0.0006345577, -0.0006304837, -0.00062945805, -0.000629968, -0.0006345981, -0.0006441664, -0.00065066764, -0.0006666803, -0.00068574667, -0.00069582666, -0.00071539637, -0.00073189096, -0.0007381191, -0.00074597436, -0.0007482219, -0.0007463387, -0.0007445953, -0.000741071, -0.00073921133, -0.0007395066, -0.000743809, -0.0007531836, -0.0007666946, -0.0007750708, -0.000795403, -0.0008215731, -0.0008376305, -0.00087662245, -0.00092264044, -0.00094651437, -0.0009927382, -0.001035446, -0.0010747117, -0.0010936226, -0.0011311886, -0.0011687217, -0.0011866704, -0.0012187749, -0.0012454444, -0.0012692915, -0.0012806671, -0.0013010834, -0.0013163732, -0.0013222912, -0.0013327154, -0.0013423448, -0.001348721, -0.0013497005, -0.0013477601, -0.0013438347, -0.0013418681, -0.0013364446, -0.0013257182, -0.0013181781, -0.0013016438, -0.0012865795, -0.001271399, -0.0012623168, -0.0012412183, -0.0012202681, -0.0012111885, -0.0011959649, -0.0011829298, -0.0011719606, -0.0011675067, -0.001160947, -0.0011592186, -0.0011613654, -0.0011727749, -0.0011910808, -0.0012015864, -0.0012244931, -0.0012499639, -0.0012781919, -0.001293846, -0.0013291774, -0.0013671499, -0.0013853629, -0.0014169877, -0.0014383122, -0.0014466988, -0.001446495, -0.0014400936, -0.0014299218, -0.0014253049, -0.0014201838, -0.0014223371, -0.0014263429, -0.001439846, -0.0014585906, -0.0014797344, -0.0014904347, -0.0015106509, -0.0015281636, -0.0015357482, -0.0015482149, -0.0015573932, -0.0015635198, -0.0015656656, -0.0015683053, -0.0015690294, -0.0015687621, -0.0015668536, -0.0015633162, -0.0015608581, -0.0015543955, -0.0015457189, -0.0015345381, -0.0015278957, -0.0015122644, -0.0014932493, -0.0014823283, -0.0014573983, -0.001427861, -0.0013930923, -0.0013737133, -0.0013318645, -0.0012918233, -0.0012781052, -0.0012887607, -0.0013963014
0, -0.0012705533, -0.0011069985, -0.001005142, -0.0009793603, -0.0009518743, -0.00093504286, -0.0009269385, -0.00090929266, -0.00088977703, -0.00086952467, -0.0008594278, -0.0008397532, -0.0008207572, -0.00081145717, -0.0007930901, -0.0007745876, -0.00075557624, -0.0007457783, -0.00072576903, -0.000705653, -0.0006957528, -0.0006764322, -0.00065821415, -0.00064972346, -0.00063407933, -0.00061998976, -0.00060755596, -0.0006019291, -0.0005925729, -0.0005863504, -0.0005847822, -0.0005853492, -0.00059197133, -0.0006054709, -0.0006148056, -0.00063787465, -0.00066536333, -0.0006799994, -0.000709042, -0.0007345416, -0.0007447484, -0.000758917, -0.00076478766, -0.00076373224, -0.00076150335, -0.00075561873, -0.00075018784, -0.00074875104, -0.0007505866, -0.0007601519, -0.0007773239, -0.0007885843, -0.0008157845, -0.0008482093, -0.00086645933, -0.0009074851, -0.00095283205, -0.0009757664, -0.0010198269, -0.0010605081, -0.0010985587, -0.0011171182, -0.0011544538, -0.0011920208, -0.0012100762, -0.0012424104, -0.0012689946, -0.0012923162, -0.0013033382, -0.0013232906, -0.001338781, -0.0013448216, -0.001355316, -0.0013645269, -0.0013703841, -0.0013711798, -0.0013687735, -0.0013641515, -0.0013617738, -0.0013559517, -0.0013452725, -0.0013377389, -0.0013206626, -0.0013043053, -0.0012884141, -0.0012794317, -0.001258613, -0.0012370558, -0.0012274397, -0.0012114161, -0.001198202, -0.001187021, -0.001182326, -0.0011751945, -0.0011730045, -0.0011749094, -0.0011859289, -0.0012039491, -0.0012143276, -0.0012366635, -0.0012616282, -0.0012896109, -0.0013051298, -0.0013399945, -0.0013775453, -0.001395626, -0.0014268694, -0.0014478102, -0.0014558691, -0.0014554788, -0.0014486964, -0.0014383158, -0.0014335347, -0.0014280472, -0.0014300103, -0.0014339306, -0.0014471668, -0.001465703, -0.0014865721, -0.0014971654, -0.0015171842, -0.0015345152, -0.0015419674, -0.0015542154, -0.0015631021, -0.001569122, -0.0015711441, -0.001573574, -0.0015741105, -0.001573729, -0.0015716662, -0.001567916, -0.0015653466, -0.0015587006, -0.0015498496, -0.0015384852, -0.001531758, -0.0015159105, -0.0014967308, -0.0014857387, -0.001460556, -0.0014308252, -0.0013958223, -0.0013763332, -0.001334258, -0.0012939423, -0.0012800641, -0.0012904645, -0.0013979198
0, -0.0013534302, -0.0011650576, -0.0010417445, -0.0010094555, -0.00097473396, -0.00095455954, -0.00094537094, -0.0009258349, -0.00090430793, -0.00088179973, -0.0008705055, -0.00084839447, -0.00082709023, -0.0008167476, -0.0007964834, -0.00077657576, -0.00075636874, -0.00074601034, -0.0007249625, -0.00070390286, -0.00069349946, -0.00067328615, -0.00065400824, -0.00064490933, -0.00062776444, -0.000612075, -0.00059767487, -0.0005910921, -0.00057969126, -0.00057163276, -0.0005693125, -0.00056909287, -0.0005758006, -0.00059069565, -0.000601226, -0.00062759116, -0.00065948645, -0.0006765622, -0.00071081327, -0.0007416268, -0.00075422536, -0.0007720815, -0.0007798428, -0.0007787705, -0.0007759258, -0.0007679415, -0.00075987563, -0.000757205, -0.0007576449, -0.00076785486, -0.0007881268, -0.00080164813, -0.00083368487, -0.00086979696, -0.00088891614, -0.0009296068, -0.0009727612, -0.0009945197, -0.0010368382, -0.0010770231, -0.001115449, -0.0011343438, -0.001172557, -0.001210923, -0.0012292474, -0.0012620194, -0.0012889416, -0.0013124361, -0.0013236005, -0.0013442921, -0.0013608393, -0.0013673925, -0.0013782161, -0.0013870286, -0.0013925402, -0.0013933966, -0.001391348, -0.0013864372, -0.0013835925, -0.0013766692, -0.0013657265, -0.0013583519, -0.0013411983, -0.001323854, -0.0013067769, -0.0012975461, -0.001276597, -0.0012545882, -0.0012446366, -0.0012277748, -0.0012141236, -0.0012023336, -0.0011973048, -0.0011897546, -0.0011872723, -0.0011889206, -0.001199194, -0.0012167707, -0.0012270268, -0.0012490761, -0.0012734431, -0.0013009933, -0.0013164002, -0.0013508477, -0.0013880153, -0.0014058998, -0.0014367619, -0.0014573233, -0.0014650914, -0.0014645379, -0.0014573095, -0.001446722, -0.0014418005, -0.0014359998, -0.001437697, -0.0014415185, -0.0014545349, -0.0014728538, -0.0014934884, -0.001503956, -0.0015237821, -0.0015408885, -0.0015482071, -0.0015602128, -0.0015688704, -0.0015747409, -0.0015766545, -0.0015788901, -0.0015792272, -0.0015787302, -0.0015765369, -0.0015725233, -0.0015698493, -0.0015630558, -0.0015539968, -0.0015424406, -0.0015355942, -0.0015195943, -0.0015002252, -0.0014891163, -0.0014637623, -0.0014337699, -0.0013985755, -0.0013789682, -0.0013366526, -0.0012960485, -0.0012820311, -0.0012921954, -0.001399532
0, -0.0015073175, -0.0012399504, -0.0010709363, -0.0010288481, -0.0009865781, -0.0009653403, -0.00095621095, -0.00093690434, -0.0009156016, -0.0008929384, -0.00088155956, -0.00085928745, -0.0008379262, -0.000827585, -0.000807503, -0.00078819034, -0.0007690134, -0.0007594321, -0.0007400876, -0.0007209919, -0.0007117216, -0.00069384463, -0.000677076, -0.000669084, -0.0006538902, -0.000639504, -0.0006257055, -0.00061911915, -0.00060712534, -0.00059778104, -0.0005945478, -0.00059216056, -0.0005963847, -0.00060847634, -0.00061751873, -0.0006409994, -0.0006701968, -0.0006860729, -0.00071860926, -0.000748796, -0.0007615374, -0.0007803396, -0.0007893391, -0.0007895004, -0.00078711763, -0.0007795644, -0.000771293, -0.00076838303, -0.000768447, -0.000778996, -0.0008006079, -0.00081498316, -0.0008485183, -0.0008845611, -0.0009028374, -0.00094062235, -0.0009808666, -0.0010017331, -0.0010440546, -0.0010862722, -0.0011271334, -0.0011469675, -0.0011860679, -0.0012246628, -0.0012431805, -0.0012764733, -0.0013045802, -0.0013298132, -0.0013420348, -0.0013649935, -0.0013833321, -0.0013903204, -0.0014008982, -0.0014089312, -0.0014146058, -0.0014160459, -0.0014155111, -0.0014108353, -0.0014073839, -0.0013986878, -0.0013868681, -0.0013795993, -0.0013628993, -0.0013450336, -0.0013266138, -0.0013167893, -0.0012952137, -0.0012727961, -0.0012624782, -0.0012449399, -0.0012307259, -0.0012181929, -0.0012126729, -0.0012045259, -0.0012018152, -0.0012032317, -0.0012127169, -0.0012297609, -0.0012398465, -0.0012615508, -0.0012853678, -0.0013124987, -0.0013277207, -0.0013617118, -0.0013984944, -0.001416262, -0.0014467323, -0.0014668697, -0.0014743349, -0.0014736234, -0.0014659717, -0.0014550958, -0.0014501251, -0.0014440307, -0.001445466, -0.0014491819, -0.0014619232, -0.0014800263, -0.0015004501, -0.0015107883, -0.0015303871, -0.0015472838, -0.0015544739, -0.0015662849, -0.0015747607, -0.0015803732, -0.0015822056, -0.0015842282, -0.0015843626, -0.0015837849, -0.0015813595, -0.0015771773, -0.0015744065, -0.0015674235, -0.001558177, -0.0015464156, -0.001539477, -0.0015232927, -0.0015037057, -0.0014925001, -0.0014669765, -0.0014367247, -0.0014013443, -0.0013816227, -0.0013390145, -0.0012981662, -0.0012840413, -0.0012939421, -0.0014011285
0, -0.0017579402, -0.0012719457, -0.0010655875, -0.0010216938, -0.0009831911, -0.00096748414, -0.00096100813, -0.0009463169, -0.000929089, -0.0009103158, -0.00090086594, -0.0008822575, -0.00086437026, -0.0008556098, -0.00083823816, -0.0008213544, -0.00080484105, -0.00079671113, -0.00078067754, -0.0007652274, -0.00075790397, -0.0007441932, -0.00073164364, -0.0007257543, -0.00071428856, -0.0007026651, -0.00069058116, -0.000684361, -0.00067210034, -0.00066108024, -0.0006564729, -0.0006502746, -0.0006492781, -0.000654871, -0.000660225, -0.00067585695, -0.00069693994, -0.00070884946, -0.00073418126, -0.00075908646, -0.0007700287, -0.0007870201, -0.00079622027, -0.00079796265, -0.0007966985, -0.0007915966, -0.0007852628, -0.0007828905, -0.0007832497, -0.000793242, -0.00081375253, -0.00082740205, -0.00085867924, -0.00089135754, -0.0009077252, -0.00094158726, -0.0009792596, -0.0009998211, -0.0010436412, -0.0010892631, -0.0011334638, -0.0011544372, -0.0011946243, -0.0012334595, -0.001252184, -0.0012867246, -0.0013170828, -0.001345252, -0.0013589854, -0.0013845997, -0.0014048439, -0.0014123799, -0.0014233437, -0.0014312824, -0.0014373967, -0.0014394207, -0.0014401686, -0.0014358466, -0.0014320752, -0.0014221997, -0.0014095983, -0.001402184, -0.0013853544, -0.0013668649, -0.0013474434, -0.0013372188, -0.0013149874, -0.0012916975, -0.0012808415, -0.0012624852, -0.0012478572, -0.0012346454, -0.0012286227, -0.0012195668, -0.001216468, -0.0012176908, -0.0012265303, -0.0012429549, -0.0012528473, -0.0012740834, -0.001297323, -0.0013241265, -0.0013391783, -0.001372678, -0.0014090338, -0.0014266232, -0.0014567557, -0.001476469, -0.00148362, -0.0014827223, -0.0014747685, -0.0014635847, -0.0014584828, -0.0014520618, -0.0014533186, -0.0014569424, -0.0014693899, -0.0014872366, -0.0015074721, -0.0015176638, -0.0015370374, -0.0015537095, -0.0015608051, -0.0015724204, -0.001580659, -0.0015860383, -0.0015877705, -0.0015896177, -0.0015895463, -0.0015888525, -0.0015861888, -0.0015818703, -0.0015790405, -0.0015717943, -0.0015623852, -0.0015504096, -0.0015433875, -0.0015270218, -0.0015072088, -0.0014959072, -0.0014701474, -0.0014397254, -0.0014041053, -0.001384261, -0.0013414056, -0.001300307, -0.0012860445, -0.0012956845, -0.0014027451
0, 0, -0.0011507276, -0.0010353456, -0.0010063014, -0.0009829506, -0.0009765745, -0.00097412313, -0.000967068, -0.0009571919, -0.0009456403, -0.0009396614, -0.0009276398, -0.0009153711, -0.0009089603, -0.0008955096, -0.0008814559, -0.00086735655, -0.00086044666, -0.0008469891, -0.00083458365, -0.00082882564, -0.00081851025, -0.0008094483, -0.00080522255, -0.00079687365, -0.00078770076, -0.00077696034, -0.00077097607, -0.000758221, -0.00074542296, -0.000739411, -0.00072917284, -0.00072246656, -0.0007206934, -0.0007218674, -0.0007282541, -0.0007395011, -0.00074651063, -0.00076241145, -0.00077941903, -0.00078729173, -0.00080010726, -0.00080769503, -0.00080970186, -0.0008091659, -0.0008059859, -0.00080133637, -0.0007993485, -0.00079890253, -0.0008064399, -0.0008232737, -0.00083493005, -0.0008620992, -0.0008910416, -0.00090578897, -0.0009373044, -0.00097391085, -0.0009944055, -0.0010392735, -0.001086608, -0.0011326767, -0.0011545249, -0.001196527, -0.0012376826, -0.001257803, -0.0012956084, -0.0013291384, -0.0013597275, -0.0013743769, -0.0014015508, -0.0014235866, -0.0014322323, -0.0014455816, -0.0014551288, -0.0014617698, -0.0014637933, -0.001464396, -0.0014602378, -0.0014566242, -0.0014469941, -0.0014341554, -0.0014264212, -0.0014085129, -0.0013889221, -0.0013688956, -0.001358447, -0.0013357159, -0.0013114057, -0.001299887, -0.0012804145, -0.0012652476, -0.0012515328, -0.001245105, -0.001235079, -0.0012313148, -0.0012322962, -0.0012405614, -0.0012564067, -0.0012660717, -0.0012867549, -0.0013094319, -0.001335851, -0.0013507192, -0.0013837671, -0.0014196244, -0.001437088, -0.0014668681, -0.0014861133, -0.0014929874, -0.0014919463, -0.0014836462, -0.0014721202, -0.0014669116, -0.0014602109, -0.00146121, -0.0014647208, -0.0014769441, -0.001494532, -0.0015145596, -0.0015246326, -0.0015437547, -0.0015601738, -0.0015671627, -0.0015786007, -0.0015866173, -0.0015917498, -0.0015933848, -0.0015950089, -0.0015947504, -0.0015939315, -0.0015910915, -0.0015865702, -0.0015836206, -0.0015762395, -0.0015665785, -0.0015544443, -0.0015473325, -0.0015307829, -0.0015107365, -0.0014993027, -0.0014733534, -0.0014427443, -0.0014068701, -0.0013868931, -0.0013437936, -0.0013024497, -0.0012880405, -0.0012974276, -0.0014043808
0, 0, -0.0012004961, -0.001067328, -0.0010336373, -0.0010080211, -0.0010053089, -0.0010058251, -0.0010059397, -0.0010040522, -0.0010004834, -0.0009983742, -0.0009932288, -0.0009864913, -0.0009821892, -0.0009718397, -0.00095957, -0.0009462739, -0.0009396006, -0.0009266947, -0.0009150204, -0.00090966624, -0.0009000857, -0.0008917879, -0.0008879616, -0.0008802815, -0.0008717806, -0.00086148974, -0.0008556028, -0.00084263156, -0.0008291387, -0.0008225523, -0.00081030105, -0.00080025464, -0.0007936199, -0.000791865, -0.0007913846, -0.00079494185, -0.00079800864, -0.00080617494, -0.0008159353, -0.0008207192, -0.00082837243, -0.00083220354, -0.00083147583, -0.0008297118, -0.00082429947, -0.0008172933, -0.0008139495, -0.00081014284, -0.0008135658, -0.0008263916, -0.00083628384, -0.0008606683, -0.0008877209, -0.00090180454, -0.0009322573, -0.0009679034, -0.0009879151, -0.0010320134, -0.0010791344, -0.0011259576, -0.0011487555, -0.0011937739, -0.0012391978, -0.0012616245, -0.0013038109, -0.0013405024, -0.0013727853, -0.0013879269, -0.0014162055, -0.0014405306, -0.0014508055, -0.0014674462, -0.0014793602, -0.0014864533, -0.0014881997, -0.001488274, -0.0014845646, -0.0014814396, -0.0014725296, -0.0014593118, -0.0014510026, -0.0014319533, -0.0014116954, -0.0013911854, -0.001380341, -0.0013566524, -0.0013313859, -0.001319406, -0.0012990796, -0.0012830718, -0.0012685609, -0.0012617592, -0.00125099, -0.0012465203, -0.0012471612, -0.0012547149, -0.0012699864, -0.0012794384, -0.0012996, -0.0013216785, -0.0013477134, -0.0013624274, -0.0013949618, -0.0014303019, -0.001447651, -0.0014771422, -0.0014958564, -0.0015024076, -0.0015012543, -0.0014925906, -0.0014807737, -0.0014754414, -0.001468497, -0.0014691243, -0.0014725582, -0.0014845945, -0.0015019148, -0.0015217196, -0.0015316703, -0.0015505066, -0.0015667574, -0.0015736108, -0.0015847877, -0.0015926372, -0.0015975168, -0.0015990528, -0.0016004512, -0.0015999904, -0.0015990657, -0.0015960647, -0.0015913142, -0.0015882325, -0.0015806784, -0.0015708299, -0.0015584893, -0.0015512815, -0.0015345115, -0.0015142832, -0.0015027395, -0.0014765887, -0.0014457768, -0.0014096558, -0.0013895417, -0.0013462129, -0.001304601, -0.0012900617, -0.00129919, -0.0014059857
0, 0, -0.0013602843, -0.001145587, -0.0010910681, -0.0010491257, -0.001046082, -0.0010488012, -0.0010553417, -0.0010605813, -0.0010642492, -0.0010654009, -0.0010659737, -0.0010633069, -0.0010604709, -0.0010518496, -0.0010401297, -0.001026337, -0.0010192399, -0.0010053593, -0.0009925104, -0.0009865076, -0.000975395, -0.00096521253, -0.00096033997, -0.00095069164, -0.00094056514, -0.000929226, -0.0009230327, -0.0009100457, -0.0008971345, -0.00089091004, -0.00087948306, -0.0008696391, -0.00086224766, -0.0008596068, -0.00085656985, -0.0008564696, -0.0008574333, -0.0008609882, -0.0008656817, -0.0008677752, -0.00087014143, -0.000868602, -0.000862298, -0.0008576646, -0.00084632466, -0.0008336734, -0.00082768116, -0.00081892335, -0.0008178798, -0.0008269921, -0.00083536026, -0.00085754815, -0.00088312954, -0.00089659885, -0.0009259865, -0.00096060615, -0.0009802138, -0.0010236412, -0.0010707718, -0.0011184949, -0.0011421388, -0.0011897695, -0.0012389763, -0.0012636092, -0.0013100973, -0.0013501374, -0.0013843991, -0.0014002087, -0.001430074, -0.0014569148, -0.00146879, -0.0014885748, -0.0015025372, -0.0015101486, -0.0015119048, -0.001512228, -0.001509325, -0.0015066745, -0.0014980541, -0.001484178, -0.0014753374, -0.0014555838, -0.0014351046, -0.0014139498, -0.0014025616, -0.0013776257, -0.001351542, -0.0013392834, -0.0013182025, -0.0013011849, -0.0012857413, -0.0012785502, -0.0012671091, -0.001262016, -0.0012622826, -0.0012690665, -0.0012837306, -0.001292952, -0.0013126878, -0.0013341112, -0.001359668, -0.0013742293, -0.0014063416, -0.0014412028, -0.0014583155, -0.0014875006, -0.0015058412, -0.0015119661, -0.0015106475, -0.001501655, -0.0014895377, -0.0014840579, -0.0014768734, -0.0014772232, -0.0014805062, -0.0014923643, -0.0015093788, -0.0015289639, -0.0015388245, -0.0015573924, -0.0015734348, -0.0015801648, -0.00159102, -0.0015986672, -0.0016033526, -0.0016047552, -0.0016059666, -0.0016052517, -0.0016042873, -0.0016010413, -0.0015960778, -0.0015929491, -0.0015851248, -0.001575134, -0.0015625764, -0.0015552334, -0.0015382519, -0.0015178374, -0.0015062168, -0.0014798295, -0.0014488011, -0.001412454, -0.0013922135, -0.0013486575, -0.001306761, -0.0012920692, -0.0013009331, -0.0014076345
0, 0, -0.001515095, -0.0011927368, -0.0011257326, -0.0010806295, -0.0010831372, -0.001089373, -0.0011029254, -0.0011147256, -0.0011242334, -0.0011279429, -0.0011327416, -0.001132846, -0.0011309717, -0.0011235438, -0.0011122163, -0.0010983752, -0.0010910633, -0.001076539, -0.0010628826, -0.0010562552, -0.0010434742, -0.0010308214, -0.001024482, -0.0010116363, -0.0009984697, -0.0009847977, -0.0009777246, -0.00096378097, -0.0009508478, -0.00094499555, -0.0009346685, -0.00092617, -0.00091965473, -0.00091718097, -0.00091370835, -0.00091227767, -0.0009122088, -0.0009131533, -0.00091457344, -0.0009147841, -0.0009129133, -0.0009067206, -0.0008955015, -0.000888249, -0.0008716429, -0.00085378304, -0.0008453417, -0.0008319706, -0.0008264281, -0.00083102315, -0.0008371727, -0.0008553484, -0.0008775285, -0.00088963564, -0.0009172827, -0.00095164345, -0.000971685, -0.0010167513, -0.0010659512, -0.0011150616, -0.0011389942, -0.001187149, -0.0012375606, -0.0012634534, -0.0013135658, -0.0013576812, -0.001395392, -0.0014125152, -0.0014444847, -0.0014732765, -0.0014861487, -0.0015080511, -0.0015236394, -0.0015326717, -0.0015350482, -0.0015366145, -0.0015343347, -0.0015316255, -0.001522454, -0.0015080877, -0.0014993029, -0.001479762, -0.001458871, -0.0014364374, -0.0014243557, -0.0013985176, -0.0013721132, -0.0013595943, -0.0013375415, -0.0013193369, -0.0013030708, -0.0012955914, -0.0012835129, -0.0012776782, -0.0012775789, -0.0012836487, -0.0012976456, -0.0013066415, -0.0013259497, -0.0013467631, -0.0013717087, -0.001386096, -0.0014179943, -0.0014523045, -0.001469118, -0.001497959, -0.0015159548, -0.001521626, -0.0015201708, -0.0015109179, -0.0014983979, -0.0014927794, -0.0014853852, -0.0014854299, -0.001488549, -0.0015001775, -0.001516942, -0.0015362892, -0.0015460261, -0.0015643754, -0.0015801499, -0.0015867385, -0.0015973444, -0.0016047886, -0.0016092291, -0.001610507, -0.0016115017, -0.0016105839, -0.0016095152, -0.0016060575, -0.0016009186, -0.0015976802, -0.0015896544, -0.0015794319, -0.0015666888, -0.0015592341, -0.0015420251, -0.0015213992, -0.0015097008, -0.0014831154, -0.0014518227, -0.0014152699, -0.0013949401, -0.0013510825, -0.0013089187, -0.0012940911, -0.0013027054, -0.0014093044
0, 0, -0.0012863335, -0.0011614294, -0.0011225981, -0.0011002652, -0.0011131522, -0.0011232835, -0.0011431383, -0.0011601414, -0.0011740292, -0.0011796858, -0.0011874052, -0.0011898109, -0.0011889058, -0.001183179, -0.0011737326, -0.0011618881, -0.0011556085, -0.001142844, -0.0011303724, -0.0011241117, -0.0011112324, -0.0010973046, -0.0010898786, -0.0010741876, -0.0010576106, -0.0010402821, -0.0010315161, -0.0010142366, -0.0009984471, -0.0009913774, -0.0009789846, -0.0009689141, -0.00096125907, -0.00095826434, -0.0009537543, -0.0009512124, -0.0009505663, -0.0009502698, -0.0009503151, -0.00094976916, -0.0009463011, -0.0009384623, -0.0009256588, -0.00091753347, -0.00089882646, -0.00087835564, -0.0008683297, -0.00085132226, -0.00084116525, -0.0008402986, -0.0008436202, -0.0008562816, -0.0008739415, -0.00088433875, -0.00091004325, -0.00094467524, -0.0009656307, -0.0010134386, -0.0010654295, -0.0011160205, -0.0011399774, -0.0011872285, -0.0012371474, -0.0012633994, -0.0013158629, -0.0013638875, -0.0014057372, -0.0014246698, -0.0014592374, -0.0014895786, -0.0015029993, -0.001525967, -0.0015429533, -0.0015538974, -0.001557315, -0.0015606199, -0.0015588794, -0.0015558737, -0.0015457843, -0.001531283, -0.0015227633, -0.0015036425, -0.0014821942, -0.0014585498, -0.0014459493, -0.0014195795, -0.0013925702, -0.0013796414, -0.0013566001, -0.0013376888, -0.0013207804, -0.0013128741, -0.0012997657, -0.0012933146, -0.0012931124, -0.0012986982, -0.0013117035, -0.0013203066, -0.001339342, -0.0013598014, -0.0013840256, -0.001398144, -0.0014297187, -0.0014636454, -0.001480216, -0.0015085833, -0.001526257, -0.0015314849, -0.001529866, -0.0015203585, -0.0015074231, -0.0015016195, -0.00149399, -0.0014937813, -0.001496753, -0.0015081153, -0.0015246333, -0.0015436886, -0.0015533332, -0.0015714121, -0.0015869181, -0.0015934252, -0.0016037937, -0.0016109342, -0.0016151519, -0.0016163149, -0.0016171224, -0.001615989, -0.001614776, -0.0016111145, -0.0016057964, -0.0016024294, -0.0015941708, -0.001583755, -0.0015707937, -0.0015632531, -0.001545818, -0.0015250074, -0.0015131978, -0.0014863993, -0.0014548555, -0.0014180801, -0.0013976395, -0.0013535359, -0.0013111114, -0.0012961327, -0.0013045003, -0.0014109631
0, 0, -0.001366453, -0.0012125344, -0.0011640412, -0.0011318086, -0.0011434191, -0.0011545158, -0.001177501, -0.0011978217, -0.0012146031, -0.0012214924, -0.0012316508, -0.0012363872, -0.0012366843, -0.001233792, -0.0012278124, -0.0012201221, -0.0012159613, -0.001207183, -0.0011976883, -0.0011924213, -0.0011804404, -0.0011658871, -0.0011575216, -0.0011389604, -0.0011183961, -0.0010964797, -0.001085121, -0.0010624703, -0.0010409133, -0.0010309704, -0.0010129812, -0.0009978529, -0.0009861047, -0.0009814798, -0.0009746228, -0.00097076717, -0.0009698091, -0.00096954405, -0.0009698843, -0.0009696168, -0.00096683967, -0.0009600594, -0.00094845984, -0.0009410022, -0.00092350773, -0.0009034228, -0.00089312403, -0.0008742172, -0.0008603081, -0.0008543716, -0.00085496256, -0.0008626031, -0.00087657577, -0.0008857728, -0.00091016735, -0.0009447552, -0.0009660383, -0.0010150752, -0.0010683304, -0.0011196632, -0.0011437453, -0.0011905674, -0.0012400951, -0.0012663988, -0.0013198709, -0.0013704067, -0.0014154132, -0.0014358896, -0.0014730493, -0.0015051337, -0.0015192449, -0.0015434377, -0.0015618259, -0.0015741617, -0.0015782309, -0.0015826043, -0.0015815562, -0.0015787483, -0.0015688696, -0.0015544763, -0.0015458813, -0.0015262571, -0.0015040868, -0.0014801607, -0.0014675607, -0.0014408804, -0.001412818, -0.0013992203, -0.0013751251, -0.0013559632, -0.001338886, -0.0013304958, -0.0013160427, -0.0013088646, -0.0013086066, -0.0013139979, -0.0013261295, -0.0013342542, -0.0013528438, -0.0013729797, -0.0013966656, -0.0014104794, -0.0014416495, -0.0014751571, -0.0014914676, -0.0015194718, -0.0015367821, -0.0015415419, -0.0015396925, -0.0015298933, -0.0015166347, -0.00151066, -0.0015027521, -0.0015022488, -0.0015050544, -0.0015162112, -0.0015324397, -0.001551184, -0.0015607505, -0.0015785614, -0.0015937339, -0.0016001901, -0.0016103395, -0.0016171724, -0.0016211593, -0.0016222259, -0.001622803, -0.0016214215, -0.0016201079, -0.0016162294, -0.0016106354, -0.0016071752, -0.001598757, -0.0015881092, -0.0015749224, -0.0015673027, -0.0015496913, -0.0015286503, -0.0015167107, -0.0014896564, -0.0014579305, -0.0014209263, -0.0014003466, -0.0013560111, -0.0013132939, -0.0012981831, -0.0013063108, -0.0014126211
0, 0, -0.0015804934, -0.0013233226, -0.0012370562, -0.0011678288, -0.001170031, -0.0011806847, -0.0012058736, -0.0012292257, -0.0012485929, -0.0012566935, -0.0012691874, -0.0012763728, -0.0012780542, -0.0012785008, -0.0012763721, -0.0012730801, -0.0012711675, -0.0012664734, -0.0012597658, -0.0012552206, -0.0012433209, -0.0012272277, -0.0012175464, -0.0011955417, -0.0011708924, -0.0011444531, -0.001130805, -0.0011030855, -0.0010761633, -0.0010632768, -0.0010392858, -0.0010182642, -0.0010011487, -0.0009942479, -0.0009837318, -0.0009776546, -0.00097602716, -0.0009752166, -0.000976034, -0.0009761885, -0.0009745923, -0.000969532, -0.00096025754, -0.0009541722, -0.00093967625, -0.0009224101, -0.00091322616, -0.00089547766, -0.0008809327, -0.00087296194, -0.00087232114, -0.00087767694, -0.00089023233, -0.00089885684, -0.0009219966, -0.00095452374, -0.0009745289, -0.0010211016, -0.0010731147, -0.0011249672, -0.0011497206, -0.0011981643, -0.0012483941, -0.0012746461, -0.0013277172, -0.0013782656, -0.0014244552, -0.001445933, -0.0014854843, -0.001519852, -0.0015349294, -0.0015607968, -0.0015804858, -0.0015935847, -0.0015978616, -0.001602546, -0.0016022376, -0.0015999742, -0.0015911653, -0.0015769996, -0.0015682491, -0.0015478194, -0.001524984, -0.0015010204, -0.0014884204, -0.0014614979, -0.0014327673, -0.0014186697, -0.0013937309, -0.0013739041, -0.0013565043, -0.0013479175, -0.0013327511, -0.0013247058, -0.0013241458, -0.0013291484, -0.0013407284, -0.0013485464, -0.001366667, -0.0013863584, -0.0014093503, -0.0014229175, -0.0014539245, -0.0014869561, -0.0015029425, -0.0015304994, -0.0015475368, -0.0015518594, -0.001549784, -0.0015395962, -0.001526047, -0.0015198819, -0.0015116829, -0.0015108808, -0.0015135311, -0.0015243851, -0.0015403776, -0.0015588064, -0.0015682022, -0.0015858142, -0.0016007316, -0.0016070202, -0.0016169094, -0.0016235264, -0.0016272729, -0.0016282101, -0.0016285068, -0.0016269187, -0.0016254727, -0.0016213814, -0.0016155613, -0.0016119854, -0.0016033784, -0.0015925268, -0.0015791068, -0.0015713746, -0.0015535693, -0.0015322925, -0.0015202211, -0.0014929912, -0.0014610499, -0.0014237897, -0.0014030878, -0.0013584984, -0.001315497, -0.0013002418, -0.0013081201, -0.0014142743
0, 0, -0.0018921087, -0.0013872619, -0.0012657763, -0.0011783814, -0.0011824784, -0.001195919, -0.0012265617, -0.0012542149, -0.0012766123, -0.0012859184, -0.0013006213, -0.0013100683, -0.0013129736, -0.0013159006, -0.0013162869, -0.0013156623, -0.0013149884, -0.0013123183, -0.0013065011, -0.0013019701, -0.0012888843, -0.0012703955, -0.0012593301, -0.0012341788, -0.0012064517, -0.0011772715, -0.0011624566, -0.001132701, -0.0011036156, -0.001089477, -0.0010625427, -0.0010380156, -0.0010169974, -0.0010080914, -0.000993736, -0.0009843054, -0.0009813074, -0.0009780213, -0.0009770469, -0.0009764921, -0.00097383116, -0.00096828275, -0.0009594, -0.000954002, -0.0009419998, -0.00092894817, -0.0009223168, -0.00091006147, -0.0009005427, -0.00089613, -0.00089670095, -0.00090343505, -0.00091623404, -0.00092452037, -0.00094559364, -0.0009740105, -0.0009913829, -0.0010328094, -0.0010814132, -0.0011329076, -0.0011584461, -0.001209121, -0.0012609336, -0.0012873625, -0.0013397122, -0.0013891069, -0.0014348325, -0.0014565224, -0.0014973107, -0.0015336308, -0.0015497169, -0.0015773486, -0.0015984148, -0.0016121642, -0.0016165589, -0.0016213552, -0.0016215567, -0.0016197419, -0.0016116938, -0.0015977827, -0.0015889494, -0.00156846, -0.0015456307, -0.0015211777, -0.0015082367, -0.0014807318, -0.0014519476, -0.0014379037, -0.0014125596, -0.0013916711, -0.0013734831, -0.0013648188, -0.0013495608, -0.001340816, -0.0013398712, -0.0013442904, -0.0013555174, -0.001363094, -0.0013806369, -0.0013999409, -0.0014224201, -0.0014357502, -0.0014662592, -0.0014989525, -0.0015147391, -0.0015418318, -0.0015584395, -0.0015623181, -0.0015600686, -0.0015496125, -0.0015356218, -0.0015292448, -0.0015207628, -0.0015197094, -0.0015221944, -0.0015326652, -0.0015484393, -0.0015665749, -0.0015757737, -0.0015931675, -0.0016078241, -0.0016139005, -0.0016235603, -0.0016299095, -0.0016334734, -0.0016342868, -0.0016342684, -0.0016324732, -0.0016308947, -0.0016265518, -0.0016205552, -0.0016168593, -0.0016080217, -0.0015969432, -0.0015833401, -0.0015754863, -0.0015574312, -0.0015359333, -0.0015237896, -0.0014963591, -0.0014641569, -0.0014266535, -0.0014058453, -0.001360991, -0.0013177259, -0.0013023223, -0.0013099052, -0.001415981
0, 0, 0, -0.0012560072, -0.0012020988, -0.0011646475, -0.0011860142, -0.0012042422, -0.0012411475, -0.0012721084, -0.0012963063, -0.001306063, -0.0013214883, -0.0013316307, -0.0013349293, -0.0013383518, -0.0013389888, -0.0013379356, -0.0013369333, -0.0013332794, -0.0013262031, -0.0013208524, -0.0013059131, -0.001285502, -0.0012735404, -0.0012472195, -0.0012189241, -0.0011901753, -0.0011759696, -0.0011482845, -0.0011216798, -0.0011087812, -0.0010837486, -0.0010604266, -0.0010394047, -0.001029946, -0.0010135511, -0.0010008041, -0.0009958103, -0.0009880381, -0.0009821032, -0.0009790192, -0.0009717668, -0.00096229365, -0.0009508633, -0.0009449923, -0.0009341247, -0.0009254637, -0.000922267, -0.0009182885, -0.0009176779, -0.0009208867, -0.0009243714, -0.00093516544, -0.0009497054, -0.0009580157, -0.0009774738, -0.0010021095, -0.0010169907, -0.0010529574, -0.0010971444, -0.0011462016, -0.0011714117, -0.0012225717, -0.0012753354, -0.00130208, -0.0013542973, -0.001402911, -0.0014480895, -0.0014696739, -0.0015106874, -0.0015476021, -0.0015640676, -0.0015925159, -0.0016143972, -0.0016292336, -0.0016341421, -0.0016398185, -0.0016404508, -0.001638588, -0.0016301617, -0.001616213, -0.0016076525, -0.0015881264, -0.0015657416, -0.0015405745, -0.0015271121, -0.001498935, -0.0014703856, -0.001456576, -0.0014310305, -0.0014091325, -0.0013903165, -0.0013816302, -0.0013662868, -0.0013568545, -0.0013555229, -0.0013595897, -0.001370635, -0.0013778796, -0.0013946347, -0.0014136452, -0.0014359207, -0.0014489709, -0.0014788083, -0.0015111152, -0.0015267566, -0.0015534459, -0.0015696073, -0.0015730364, -0.0015705152, -0.0015597537, -0.0015454761, -0.0015388979, -0.0015299607, -0.001528698, -0.0015310432, -0.0015411414, -0.0015566224, -0.001574481, -0.0015835457, -0.0016006118, -0.0016149139, -0.0016209017, -0.0016303377, -0.0016363712, -0.0016396687, -0.0016403834, -0.0016401142, -0.0016380571, -0.0016363731, -0.0016317903, -0.001625584, -0.0016217857, -0.0016127103, -0.0016013711, -0.0015875936, -0.0015796212, -0.0015613089, -0.0015396404, -0.0015273794, -0.001499686, -0.0014672864, -0.0014295551, -0.0014086195, -0.001363514, -0.0013199365, -0.0013043961, -0.001311717, -0.0014176933
0, 0, 0, -0.0012730596, -0.0012163157, -0.0011772533, -0.001197734, -0.0012154474, -0.0012509038, -0.0012802257, -0.0013024282, -0.0013111894, -0.0013245723, -0.0013330376, -0.001335534, -0.0013374388, -0.0013359451, -0.0013319191, -0.0013292796, -0.0013224044, -0.0013125209, -0.0013060201, -0.0012895508, -0.0012687052, -0.001256992, -0.0012321955, -0.0012066913, -0.0011818156, -0.0011699067, -0.0011475197, -0.0011268326, -0.0011168594, -0.0010975619, -0.0010790674, -0.0010616734, -0.0010533321, -0.0010376723, -0.0010236488, -0.0010171983, -0.0010053129, -0.0009941099, -0.0009882537, -0.0009754339, -0.0009612108, -0.00094659685, -0.00093993323, -0.0009294564, -0.00092394045, -0.0009233265, -0.00092612137, -0.00093307905, -0.0009433968, -0.00094990944, -0.0009654978, -0.0009830978, -0.000992367, -0.0010123927, -0.0010356948, -0.0010492331, -0.0010816152, -0.0011217782, -0.0011672252, -0.001190951, -0.0012399083, -0.001291543, -0.0013180338, -0.0013700253, -0.0014186586, -0.0014638971, -0.0014855354, -0.0015263328, -0.0015626937, -0.0015789077, -0.0016071327, -0.0016292685, -0.001644807, -0.0016501811, -0.0016568486, -0.0016582069, -0.0016565118, -0.0016478014, -0.0016334925, -0.0016249563, -0.0016060083, -0.001584215, -0.0015591545, -0.0015455259, -0.0015168492, -0.0014880033, -0.001474175, -0.0014486748, -0.0014264812, -0.0014072068, -0.0013983392, -0.0013827346, -0.0013728304, -0.0013712273, -0.0013750005, -0.0013857563, -0.0013927453, -0.0014089879, -0.0014275737, -0.0014494709, -0.0014622159, -0.0014917202, -0.0015236917, -0.0015390373, -0.0015651265, -0.001581, -0.0015840855, -0.0015812833, -0.001570005, -0.0015555511, -0.0015487836, -0.0015393837, -0.0015378008, -0.0015400111, -0.0015497789, -0.0015649194, -0.0015825204, -0.0015914099, -0.0016081533, -0.00162217, -0.0016280286, -0.0016371816, -0.0016429652, -0.0016458932, -0.001646474, -0.001646046, -0.0016437091, -0.0016419219, -0.0016370944, -0.0016306135, -0.001626732, -0.001617417, -0.0016058781, -0.0015918423, -0.0015837708, -0.0015652615, -0.0015433911, -0.0015309926, -0.0015030355, -0.0014704578, -0.0014324733, -0.001411397, -0.0013660131, -0.0013221807, -0.0013065046, -0.0013135611, -0.0014193883
0, 0, 0, -0.0013833328, -0.0013003965, -0.0012197818, -0.0012167427, -0.0012267956, -0.0012517994, -0.0012740698, -0.0012909663, -0.0012973949, -0.0013067144, -0.0013118513, -0.0013128775, -0.0013121743, -0.001307777, -0.0013004176, -0.0012959725, -0.0012856857, -0.0012731225, -0.0012657272, -0.0012485946, -0.0012289045, -0.0012185223, -0.0011973844, -0.0011765911, -0.0011570278, -0.0011479047, -0.0011312071, -0.0011162366, -0.0011090726, -0.0010953641, -0.0010820882, -0.0010696142, -0.0010634457, -0.0010513064, -0.0010393832, -0.0010334848, -0.0010214524, -0.0010090107, -0.0010023136, -0.0009877306, -0.00097203103, -0.000956701, -0.0009499525, -0.00093992637, -0.00093558506, -0.0009358104, -0.0009408957, -0.00095071556, -0.00096411025, -0.0009722155, -0.0009911159, -0.0010121078, -0.0010229424, -0.0010456361, -0.0010702562, -0.0010838562, -0.0011151087, -0.0011528397, -0.0011951282, -0.0012170906, -0.001262569, -0.001311301, -0.0013367824, -0.0013876747, -0.0014361393, -0.0014813957, -0.0015029284, -0.0015430703, -0.0015785033, -0.0015943646, -0.001622305, -0.001644556, -0.0016600657, -0.0016653324, -0.0016719188, -0.001673801, -0.0016726309, -0.0016648307, -0.0016505072, -0.0016417382, -0.0016223455, -0.0016008612, -0.0015764987, -0.001563121, -0.0015344323, -0.0015050705, -0.0014910247, -0.0014655698, -0.0014434814, -0.0014239402, -0.0014148861, -0.0013990097, -0.001388854, -0.0013870668, -0.001390484, -0.0014008695, -0.0014076773, -0.0014235307, -0.0014418411, -0.0014632285, -0.0014757001, -0.0015047648, -0.001536545, -0.0015516543, -0.0015770682, -0.00159255, -0.0015953813, -0.0015923583, -0.0015805326, -0.0015657124, -0.0015588142, -0.0015489936, -0.0015470809, -0.0015491144, -0.0015585282, -0.0015734178, -0.0015906866, -0.0015993692, -0.0016158241, -0.0016295996, -0.001635231, -0.0016440896, -0.0016496205, -0.0016522629, -0.0016527331, -0.0016520174, -0.0016494044, -0.0016475063, -0.0016424261, -0.0016357237, -0.0016316958, -0.0016221504, -0.00161042, -0.0015961172, -0.0015879428, -0.0015692771, -0.0015471191, -0.0015346253, -0.0015064734, -0.001473596, -0.0014354034, -0.0014142188, -0.0013685338, -0.0013244477, -0.0013086147, -0.0013153976, -0.0014211065
0, 0, 0, -0.0015476798, -0.0014111814, -0.0012600933, -0.0012239268, -0.0012245355, -0.0012372005, -0.0012517871, -0.0012631894, -0.0012674187, -0.0012727486, -0.0012745131, -0.0012741932, -0.0012709749, -0.0012643066, -0.0012546604, -0.0012490595, -0.0012367276, -0.001222811, -0.0012150423, -0.0011981475, -0.0011803115, -0.0011712989, -0.0011539771, -0.001137438, -0.0011220512, -0.0011149604, -0.001101804, -0.0010896812, -0.0010840248, -0.0010732972, -0.0010637166, -0.0010554527, -0.0010517611, -0.001044924, -0.0010385788, -0.0010354226, -0.0010287171, -0.001021262, -0.0010168339, -0.0010065344, -0.0009946087, -0.0009821779, -0.0009765415, -0.0009677782, -0.0009634572, -0.000963137, -0.0009665846, -0.0009746959, -0.0009868422, -0.0009947208, -0.0010141582, -0.0010371758, -0.001049485, -0.0010752123, -0.0011025119, -0.0011169761, -0.0011490459, -0.0011861658, -0.0012267907, -0.0012475501, -0.0012899896, -0.0013354727, -0.0013595347, -0.0014086788, -0.0014560788, -0.0015004623, -0.0015213691, -0.0015602458, -0.0015946263, -0.0016101866, -0.001638113, -0.0016604201, -0.0016754812, -0.0016802357, -0.0016858105, -0.0016878776, -0.001687248, -0.0016807191, -0.001666668, -0.001657705, -0.0016378231, -0.0016164553, -0.0015927821, -0.0015796762, -0.0015510767, -0.0015215216, -0.0015074576, -0.0014821341, -0.0014601281, -0.0014402971, -0.001431116, -0.0014151608, -0.0014048795, -0.0014029512, -0.0014059584, -0.0014161015, -0.0014227545, -0.0014381701, -0.0014562481, -0.0014772487, -0.0014894829, -0.0015180338, -0.0015494879, -0.001564425, -0.0015893232, -0.0016043766, -0.001606816, -0.0016035995, -0.001591259, -0.0015760926, -0.0015690164, -0.0015588326, -0.0015565095, -0.0015583849, -0.0015674563, -0.0015819899, -0.0015989537, -0.0016074791, -0.0016235779, -0.0016371205, -0.0016425862, -0.0016510368, -0.0016563353, -0.0016587303, -0.0016590655, -0.0016580363, -0.0016551625, -0.0016531327, -0.0016478583, -0.001640902, -0.0016367133, -0.0016269173, -0.0016149916, -0.0016004954, -0.0015921668, -0.0015732619, -0.0015508919, -0.0015382938, -0.0015099258, -0.0014767983, -0.0014383369, -0.0014170368, -0.0013711115, -0.0013267134, -0.0013107231, -0.0013172576, -0.0014228183
0, 0, 0, -0.0016918266, -0.0014673169, -0.0012559434, -0.0012029011, -0.0011993768, -0.0012066526, -0.0012175756, -0.0012261219, -0.0012291, -0.0012324923, -0.0012325065, -0.0012313123, -0.0012267359, -0.0012190831, -0.0012088107, -0.0012029717, -0.001190226, -0.0011760369, -0.00116842, -0.0011522436, -0.0011358169, -0.0011279143, -0.0011127965, -0.0010985007, -0.001084783, -0.0010781478, -0.0010652423, -0.0010527651, -0.0010468479, -0.001036161, -0.0010278929, -0.001022601, -0.0010210956, -0.0010201667, -0.0010215176, -0.0010226151, -0.0010253357, -0.0010277276, -0.0010282474, -0.0010270699, -0.0010227897, -0.0010160572, -0.0010124375, -0.0010060992, -0.0010019521, -0.0010010258, -0.0010019749, -0.0010066043, -0.0010151156, -0.001021454, -0.001038894, -0.0010616658, -0.0010744553, -0.0011018801, -0.0011310867, -0.0011464588, -0.0011799219, -0.0012180862, -0.0012591103, -0.0012796978, -0.0013207982, -0.0013637157, -0.0013862783, -0.0014327348, -0.0014782981, -0.0015211105, -0.0015412461, -0.0015785095, -0.0016115175, -0.0016266189, -0.0016539764, -0.0016762303, -0.0016908018, -0.0016951351, -0.0016998107, -0.0017013915, -0.0017009479, -0.0016952038, -0.0016816335, -0.0016726527, -0.0016528177, -0.001631605, -0.0016081826, -0.0015951875, -0.0015668733, -0.0015375699, -0.0015235851, -0.0014983149, -0.001476281, -0.0014563741, -0.0014472065, -0.00143125, -0.0014207923, -0.0014186796, -0.0014215008, -0.0014315573, -0.0014380347, -0.0014529832, -0.0014706779, -0.0014915398, -0.0015035789, -0.0015314909, -0.0015625404, -0.0015773898, -0.0016019167, -0.0016163308, -0.0016184301, -0.0016150237, -0.0016022429, -0.0015865759, -0.0015793297, -0.0015688804, -0.0015660749, -0.0015678046, -0.0015765909, -0.00159067, -0.0016073239, -0.0016157172, -0.0016314433, -0.0016446994, -0.0016500249, -0.0016580975, -0.0016631247, -0.0016652448, -0.0016653684, -0.0016641318, -0.001661012, -0.0016588186, -0.0016533014, -0.0016460601, -0.0016417957, -0.0016317959, -0.0016195765, -0.0016048852, -0.0015964573, -0.0015772865, -0.001554698, -0.0015419738, -0.00151337, -0.0014800496, -0.0014413095, -0.0014198669, -0.0013736767, -0.0013289957, -0.001312879, -0.0013191461, -0.001424563
0, 0, 0, -0.0014147412, -0.0013376231, -0.0012075349, -0.0011644905, -0.0011618279, -0.0011701182, -0.001181844, -0.0011910385, -0.001194242, -0.0011978564, -0.0011977656, -0.0011965114, -0.0011916314, -0.0011838862, -0.0011737365, -0.0011679868, -0.0011555431, -0.0011417966, -0.0011343724, -0.0011188288, -0.0011034778, -0.0010961504, -0.0010822696, -0.0010689142, -0.001055371, -0.0010484463, -0.0010340046, -0.0010192738, -0.001012274, -0.0009998393, -0.0009910561, -0.0009870332, -0.0009870556, -0.0009906844, -0.0009986784, -0.0010037957, -0.001015568, -0.0010280182, -0.0010336908, -0.001042706, -0.0010474917, -0.0010479171, -0.001047091, -0.001044753, -0.0010424822, -0.0010417361, -0.0010418126, -0.0010438269, -0.0010488718, -0.0010533341, -0.0010675706, -0.0010885028, -0.0011008673, -0.0011281515, -0.0011575699, -0.0011730632, -0.0012070932, -0.0012465148, -0.0012893886, -0.0013108815, -0.0013527909, -0.0013944611, -0.0014157183, -0.0014589741, -0.0015020563, -0.0015432468, -0.0015627253, -0.0015984864, -0.0016296336, -0.0016438249, -0.0016697968, -0.0016914324, -0.0017060016, -0.0017102434, -0.0017143397, -0.0017151238, -0.0017143431, -0.0017085279, -0.0016954637, -0.0016867712, -0.0016674282, -0.0016465491, -0.0016229863, -0.0016099467, -0.0015818673, -0.0015531427, -0.0015394372, -0.001514315, -0.0014921187, -0.0014721993, -0.0014631205, -0.0014473001, -0.0014366605, -0.001434399, -0.001437031, -0.0014470282, -0.0014534608, -0.0014679526, -0.0014851706, -0.0015059768, -0.0015179005, -0.0015452352, -0.0015756944, -0.0015904891, -0.0016147759, -0.0016285186, -0.0016301373, -0.0016266035, -0.0016134375, -0.0015972396, -0.0015898249, -0.0015789933, -0.0015758123, -0.0015773623, -0.0015858196, -0.0015994961, -0.0016158436, -0.0016240524, -0.0016393797, -0.0016523349, -0.0016575212, -0.0016652963, -0.0016699837, -0.0016718465, -0.0016717903, -0.0016702708, -0.0016669002, -0.0016645844, -0.0016587876, -0.0016512914, -0.0016469129, -0.0016367168, -0.0016242242, -0.0016092542, -0.0016007511, -0.0015813628, -0.0015585329, -0.0015457029, -0.0015168737, -0.00148327, -0.0014443281, -0.001422747, -0.0013763006, -0.0013312767, -0.001315039, -0.0013210438, -0.0014263323
0, 0, 0, -0.0015185062, -0.0013981819, -0.0012038916, -0.0011379659, -0.0011321971, -0.0011407043, -0.0011554634, -0.0011673936, -0.0011716007, -0.001176477, -0.0011767928, -0.0011755475, -0.0011704772, -0.0011625503, -0.0011525558, -0.0011469094, -0.0011349315, -0.0011217307, -0.0011146474, -0.0011000723, -0.0010860597, -0.0010794264, -0.0010672333, -0.001055311, -0.0010425209, -0.0010355527, -0.0010202758, -0.0010041724, -0.0009963415, -0.0009825608, -0.0009730986, -0.00096943235, -0.00097002345, -0.00097569067, -0.000986654, -0.0009936258, -0.0010098206, -0.0010277735, -0.0010365932, -0.0010524476, -0.001064401, -0.0010714851, -0.0010735465, -0.0010758587, -0.0010768529, -0.0010772649, -0.0010785393, -0.0010802395, -0.0010834903, -0.0010867553, -0.0010983439, -0.0011171841, -0.0011288754, -0.0011554733, -0.0011845595, -0.0011998801, -0.0012335478, -0.0012730872, -0.0013171516, -0.0013394932, -0.0013828113, -0.0014243787, -0.0014449722, -0.0014861603, -0.0015273609, -0.0015672643, -0.0015860668, -0.0016199677, -0.0016487009, -0.0016616476, -0.0016856858, -0.0017065023, -0.0017210533, -0.0017253562, -0.0017291394, -0.0017291032, -0.0017279673, -0.0017217841, -0.0017088404, -0.0017003042, -0.0016813335, -0.0016608989, -0.0016377335, -0.0016247836, -0.001596769, -0.0015681814, -0.0015546238, -0.0015299208, -0.0015079586, -0.0014880645, -0.0014789633, -0.0014631214, -0.0014524878, -0.0014501844, -0.0014526349, -0.0014625789, -0.0014689538, -0.0014830391, -0.0014998334, -0.0015204384, -0.0015322731, -0.0015592133, -0.0015891495, -0.0016037106, -0.0016276634, -0.0016409642, -0.0016420631, -0.0016383193, -0.0016247063, -0.0016081437, -0.0016005243, -0.0015892524, -0.0015856561, -0.0015870426, -0.0015951773, -0.0016084225, -0.001624429, -0.0016325312, -0.0016474889, -0.0016600018, -0.0016650754, -0.0016726258, -0.0016769062, -0.0016784569, -0.0016783084, -0.0016764748, -0.001672873, -0.0016704182, -0.0016643378, -0.0016566038, -0.00165208, -0.0016416283, -0.0016289261, -0.0016137301, -0.0016050632, -0.0015854659, -0.0015624022, -0.0015494699, -0.0015203814, -0.0014865261, -0.0014473522, -0.0014256553, -0.0013789292, -0.001333631, -0.0013172029, -0.0013229426, -0.0014280945
0, 0, 0, -0.0017975208, -0.001519489, -0.0012065719, -0.0011191461, -0.0011119342, -0.0011227534, -0.0011408807, -0.0011551704, -0.0011601568, -0.0011655604, -0.0011655473, -0.0011640211, -0.0011583102, -0.0011500992, -0.001140382, -0.001135178, -0.0011241253, -0.0011119843, -0.0011056715, -0.0010930215, -0.0010813716, -0.0010760587, -0.0010665655, -0.0010574121, -0.0010470465, -0.0010409724, -0.0010271524, -0.0010121434, -0.0010047319, -0.0009917287, -0.0009828638, -0.0009797041, -0.0009803759, -0.0009859765, -0.0009965105, -0.00100318, -0.0010187404, -0.0010367632, -0.0010460031, -0.0010638279, -0.0010790481, -0.0010900382, -0.0010939842, -0.0010995497, -0.0011029425, -0.0011043351, -0.0011070706, -0.0011096663, -0.0011128912, -0.0011157905, -0.0011261832, -0.0011440072, -0.0011555848, -0.0011826218, -0.0012126819, -0.0012282792, -0.0012618015, -0.0013005883, -0.0013439482, -0.0013662104, -0.0014097872, -0.001451653, -0.0014721694, -0.0015127788, -0.0015531309, -0.0015919843, -0.0016100872, -0.0016421282, -0.0016685091, -0.0016803471, -0.00170262, -0.001722336, -0.001736118, -0.0017401294, -0.001743357, -0.001743098, -0.0017419022, -0.0017357296, -0.0017227071, -0.0017140275, -0.001694751, -0.0016745516, -0.0016522021, -0.0016396396, -0.0016118583, -0.0015831775, -0.0015696303, -0.0015452113, -0.0015235833, -0.0015038034, -0.0014947515, -0.0014790588, -0.0014684672, -0.0014660055, -0.0014681111, -0.0014780288, -0.0014844825, -0.0014984475, -0.001514638, -0.0015348772, -0.0015466915, -0.001573418, -0.001602791, -0.0016170152, -0.0016406255, -0.0016535589, -0.0016541701, -0.0016501743, -0.0016361666, -0.0016191093, -0.0016113258, -0.0015997262, -0.0015956347, -0.0015967968, -0.0016046431, -0.001617529, -0.0016330541, -0.0016410048, -0.0016557026, -0.0016677834, -0.0016726985, -0.001679996, -0.0016839401, -0.0016851458, -0.0016848696, -0.0016827619, -0.0016788592, -0.0016762877, -0.0016699168, -0.0016619727, -0.0016573167, -0.0016465874, -0.0016336566, -0.0016182075, -0.001609449, -0.0015895882, -0.0015663265, -0.0015532634, -0.0015238824, -0.0014898323, -0.0014503897, -0.001428576, -0.001381561, -0.0013360064, -0.0013194097, -0.0013248263, -0.0014298777
0, 0, 0, 0, -0.001284013, -0.0011611516, -0.0011071959, -0.0011042455, -0.001117769, -0.0011359167, -0.001149507, -0.0011538957, -0.0011581548, -0.0011570966, -0.0011550087, -0.0011486767, -0.0011407369, -0.0011320189, -0.0011274343, -0.0011179111, -0.0011077347, -0.0011025626, -0.0010925045, -0.0010836482, -0.001079932, -0.0010734795, -0.0010672513, -0.0010596866, -0.0010550651, -0.0010443627, -0.0010324979, -0.0010267454, -0.0010169233, -0.001010825, -0.0010097348, -0.001010999, -0.0010171584, -0.0010269216, -0.0010327816, -0.0010462567, -0.0010617115, -0.0010697632, -0.0010858761, -0.0011004658, -0.0011114093, -0.0011154553, -0.0011209641, -0.0011241373, -0.0011254122, -0.0011280999, -0.0011311247, -0.0011348594, -0.0011379274, -0.0011485718, -0.0011666182, -0.0011785242, -0.0012069527, -0.001239026, -0.0012555923, -0.0012901525, -0.0013284972, -0.0013706475, -0.0013923947, -0.0014356367, -0.0014776278, -0.0014981442, -0.0015383663, -0.0015776337, -0.0016153503, -0.001632883, -0.0016637621, -0.0016888153, -0.0016999387, -0.0017208774, -0.0017392472, -0.0017516419, -0.0017550936, -0.0017576729, -0.0017571524, -0.0017559285, -0.0017498393, -0.0017369374, -0.0017282747, -0.0017087816, -0.0016884678, -0.0016663981, -0.0016540933, -0.0016267521, -0.0015983428, -0.0015849373, -0.0015607438, -0.0015392493, -0.0015193048, -0.0015102567, -0.0014949212, -0.0014846963, -0.0014821875, -0.0014837261, -0.0014932861, -0.001499831, -0.0015139907, -0.0015297773, -0.001549401, -0.0015610409, -0.0015876342, -0.0016166107, -0.0016306054, -0.0016537608, -0.0016661901, -0.0016663889, -0.0016622301, -0.0016477702, -0.0016301762, -0.0016221651, -0.0016103124, -0.0016057645, -0.0016066962, -0.0016141462, -0.0016267267, -0.0016418379, -0.0016495893, -0.0016639754, -0.0016757058, -0.0016804383, -0.0016873727, -0.0016910176, -0.0016919586, -0.001691544, -0.0016891017, -0.0016849113, -0.0016822319, -0.0016755915, -0.0016673654, -0.0016626165, -0.0016515731, -0.0016384268, -0.0016227053, -0.0016138495, -0.0015937478, -0.0015702553, -0.0015570587, -0.0015274667, -0.0014931627, -0.001453468, -0.0014315272, -0.00138422, -0.0013383458, -0.0013216382, -0.0013267847, -0.0014316741
0, 0, 0, 0, -0.0013760271, -0.0012183669, -0.0011387918, -0.0011272598, -0.0011289247, -0.0011394543, -0.0011479395, -0.0011504451, -0.0011518091, -0.0011490782, -0.0011466023, -0.0011402622, -0.001133107, -0.0011256657, -0.0011218328, -0.0011139548, -0.0011055889, -0.0011015009, -0.0010936606, -0.0010870543, -0.001084391, -0.0010798391, -0.0010752347, -0.0010695588, -0.001066104, -0.0010585018, -0.0010507415, -0.0010473419, -0.0010422627, -0.0010407321, -0.0010434584, -0.0010462897, -0.0010546272, -0.0010654607, -0.0010714857, -0.0010843436, -0.0010980743, -0.0011049949, -0.0011186549, -0.00113091, -0.0011398736, -0.0011428178, -0.0011458829, -0.0011463005, -0.0011461695, -0.0011465027, -0.0011483077, -0.001152128, -0.0011555522, -0.0011672116, -0.001186167, -0.0011984281, -0.0012277181, -0.0012610528, -0.0012783742, -0.0013144237, -0.0013536137, -0.0013961497, -0.0014180474, -0.0014616663, -0.001503746, -0.0015239663, -0.0015629162, -0.0016003373, -0.0016367086, -0.0016538788, -0.0016844796, -0.0017091322, -0.0017197664, -0.0017394397, -0.0017563987, -0.0017678086, -0.0017709085, -0.0017730822, -0.0017720284, -0.0017704786, -0.0017638932, -0.0017510564, -0.0017426241, -0.0017235875, -0.0017032224, -0.0016810851, -0.0016687774, -0.0016415968, -0.0016133862, -0.0016001022, -0.0015764525, -0.0015553336, -0.0015352237, -0.001525924, -0.0015104592, -0.0015007328, -0.0014984142, -0.0014997977, -0.0015088099, -0.0015151849, -0.0015293474, -0.0015449937, -0.0015641932, -0.0015756255, -0.0016018153, -0.0016304454, -0.0016442918, -0.0016670622, -0.0016789665, -0.0016786145, -0.0016742995, -0.0016595414, -0.0016413832, -0.0016330958, -0.0016209139, -0.0016160668, -0.0016167111, -0.001623726, -0.0016360099, -0.0016507106, -0.0016582741, -0.0016723183, -0.0016836975, -0.0016882421, -0.0016948221, -0.0016981816, -0.0016987884, -0.0016982481, -0.0016955012, -0.0016910227, -0.0016882046, -0.0016813182, -0.001672803, -0.0016679211, -0.0016566229, -0.0016432253, -0.0016272799, -0.0016182855, -0.0015979796, -0.0015741906, -0.0015608878, -0.0015311005, -0.0014965355, -0.0014565705, -0.001434461, -0.001386897, -0.0013407503, -0.0013238644, -0.0013287796, -0.0014335148
0, 0, 0, 0, -0.001623331, -0.0013562725, -0.0012014827, -0.001169083, -0.0011473832, -0.0011468065, -0.001149042, -0.0011495606, -0.00114854, -0.0011451297, -0.0011428199, -0.001137496, -0.0011317655, -0.0011258094, -0.0011226025, -0.0011158343, -0.0011086423, -0.0011050667, -0.001098192, -0.0010922997, -0.0010897267, -0.0010850485, -0.0010802296, -0.0010747366, -0.0010717878, -0.0010662698, -0.0010623556, -0.0010612387, -0.0010612143, -0.0010645335, -0.0010713355, -0.0010758768, -0.0010866179, -0.0010993253, -0.0011060692, -0.0011199462, -0.0011337253, -0.001140301, -0.001152661, -0.001163401, -0.0011708234, -0.0011729685, -0.0011741662, -0.0011720087, -0.0011703856, -0.0011677139, -0.0011671076, -0.0011701643, -0.0011737116, -0.0011858328, -0.0012048683, -0.0012168636, -0.0012453739, -0.0012783732, -0.0012960084, -0.0013335242, -0.0013747812, -0.0014191956, -0.0014418035, -0.0014864367, -0.001528689, -0.0015485974, -0.0015860763, -0.0016215652, -0.0016567247, -0.0016736988, -0.0017043822, -0.001728986, -0.0017393142, -0.0017577925, -0.0017734927, -0.0017842888, -0.0017872894, -0.0017893604, -0.0017880112, -0.0017861451, -0.0017788536, -0.0017657069, -0.0017573265, -0.0017385336, -0.0017183737, -0.0016963992, -0.0016842075, -0.0016572279, -0.0016287628, -0.0016153739, -0.0015919456, -0.0015715132, -0.0015516892, -0.0015421964, -0.001526247, -0.0015165233, -0.001514389, -0.0015159457, -0.0015246714, -0.0015308455, -0.0015446843, -0.0015601061, -0.0015790715, -0.0015903832, -0.0016162008, -0.0016443013, -0.0016579124, -0.0016803825, -0.0016919352, -0.0016909521, -0.0016863893, -0.001671323, -0.0016527238, -0.0016441812, -0.0016315066, -0.0016263918, -0.0016268519, -0.0016333928, -0.0016453719, -0.001659705, -0.0016670303, -0.0016807042, -0.0016917799, -0.0016961133, -0.0017023324, -0.0017054118, -0.0017056752, -0.0017049803, -0.0017019811, -0.0016971752, -0.0016942044, -0.0016870766, -0.001678311, -0.0016732668, -0.0016617262, -0.0016480744, -0.0016319208, -0.0016227878, -0.0016022151, -0.0015781948, -0.0015647758, -0.0015347683, -0.0014999191, -0.0014596917, -0.0014374584, -0.0013896202, -0.0013431744, -0.0013261219, -0.0013307305, -0.0014353796
0, 0, 0, 0, -0.0019932035, -0.0014770948, -0.0012444482, -0.0011950029, -0.0011566209, -0.0011502859, -0.0011513045, -0.0011518376, -0.00115208, -0.0011508807, -0.0011499431, -0.0011473862, -0.0011441342, -0.0011399789, -0.0011375693, -0.0011317352, -0.001125043, -0.001121579, -0.0011146974, -0.0011081157, -0.0011049368, -0.0010987638, -0.0010924395, -0.0010861093, -0.0010831751, -0.0010787226, -0.0010772087, -0.0010776962, -0.0010810657, -0.0010872027, -0.0010955752, -0.0011003964, -0.0011110891, -0.0011235396, -0.0011302616, -0.0011445861, -0.00115903, -0.0011659532, -0.0011788362, -0.0011899382, -0.0011977003, -0.0012000469, -0.0012015867, -0.0011989273, -0.0011966816, -0.0011921655, -0.0011897505, -0.001191651, -0.0011949107, -0.0012066182, -0.0012245629, -0.0012356935, -0.0012620606, -0.0012934582, -0.0013108363, -0.0013492773, -0.0013926087, -0.0014390186, -0.0014624136, -0.0015079466, -0.0015505927, -0.0015704179, -0.0016071445, -0.0016416376, -0.0016759027, -0.0016926836, -0.0017233295, -0.0017479156, -0.0017581843, -0.0017760424, -0.0017910254, -0.0018012963, -0.0018041771, -0.0018060821, -0.0018044666, -0.0018024575, -0.0017948407, -0.0017816758, -0.0017732802, -0.0017542632, -0.001733732, -0.0017118999, -0.0017000044, -0.0016736105, -0.0016451217, -0.0016314454, -0.0016076075, -0.0015875832, -0.001568294, -0.0015588487, -0.0015424952, -0.00153253, -0.0015303903, -0.0015320122, -0.001540581, -0.0015466212, -0.0015602474, -0.0015753141, -0.0015939365, -0.0016051122, -0.0016306738, -0.001658275, -0.001671613, -0.0016937046, -0.0017049396, -0.0017034152, -0.0016985801, -0.0016831037, -0.0016641477, -0.0016553234, -0.0016421844, -0.0016367754, -0.0016370543, -0.0016431225, -0.0016547499, -0.0016687592, -0.0016758572, -0.0016891676, -0.0016999259, -0.0017040648, -0.0017099322, -0.0017127086, -0.0017126726, -0.0017117845, -0.0017085084, -0.0017033868, -0.0017002707, -0.0016928888, -0.0016838263, -0.0016786731, -0.0016668992, -0.0016529802, -0.0016366055, -0.00162734, -0.0016065057, -0.0015822536, -0.0015686821, -0.0015384067, -0.0015033656, -0.0014628622, -0.0014404918, -0.0013923645, -0.0013455797, -0.0013284071, -0.0013327192, -0.0014372112
0, 0, 0, 0, 0, -0.0014430766, -0.0012443662, -0.0011924066, -0.001151297, -0.0011479519, -0.0011546604, -0.00115836, -0.0011649122, -0.001169505, -0.0011712356, -0.0011731923, -0.0011734535, -0.0011719199, -0.0011705279, -0.0011663351, -0.0011605853, -0.0011573369, -0.0011504695, -0.0011432414, -0.0011395476, -0.0011320065, -0.0011244282, -0.0011172363, -0.0011141377, -0.0011097423, -0.0011085268, -0.001109163, -0.0011124132, -0.0011174148, -0.0011232363, -0.001126332, -0.0011331418, -0.0011421556, -0.0011475948, -0.0011604626, -0.0011750762, -0.0011824196, -0.0011964793, -0.0012088415, -0.0012181465, -0.0012213555, -0.001224681, -0.0012235217, -0.0012216087, -0.0012170912, -0.0012139353, -0.0012149485, -0.00121773, -0.0012283925, -0.0012447925, -0.0012549707, -0.0012795614, -0.001309634, -0.0013267967, -0.001365531, -0.0014094675, -0.0014559228, -0.0014791441, -0.001524509, -0.001567611, -0.0015879296, -0.0016257329, -0.0016607379, -0.0016947653, -0.0017112314, -0.0017411992, -0.0017655018, -0.0017757282, -0.001793884, -0.0018091444, -0.0018193425, -0.0018220703, -0.0018233978, -0.0018212334, -0.0018190969, -0.0018116169, -0.00179876, -0.0017903968, -0.0017710457, -0.0017499733, -0.0017279473, -0.0017163088, -0.0016903823, -0.0016619817, -0.0016481957, -0.0016240503, -0.0016040348, -0.0015849319, -0.001575497, -0.0015590377, -0.0015489138, -0.0015467268, -0.0015482029, -0.0015565174, -0.0015624547, -0.001575896, -0.0015906298, -0.0016087699, -0.0016198081, -0.0016452377, -0.0016723309, -0.0016853362, -0.0017070147, -0.001718014, -0.0017159567, -0.0017107772, -0.0016948748, -0.0016756939, -0.0016666218, -0.001652869, -0.0016471733, -0.0016473115, -0.0016529385, -0.0016641167, -0.0016778708, -0.0016848069, -0.0016976519, -0.001708079, -0.001712071, -0.001717605, -0.0017200726, -0.0017196862, -0.0017186059, -0.0017150356, -0.0017096811, -0.0017063904, -0.0016987363, -0.0016894076, -0.0016841292, -0.0016721281, -0.0016579375, -0.0016413047, -0.001631901, -0.0016108355, -0.0015863553, -0.0015726442, -0.0015420998, -0.0015068457, -0.001466066, -0.0014435333, -0.0013951062, -0.001348049, -0.0013307112, -0.0013347506, -0.0014390702
0, 0, 0, 0, 0, -0.0015615901, -0.001254336, -0.001187177, -0.0011404922, -0.0011445945, -0.0011621491, -0.001171273, -0.0011876418, -0.0012003006, -0.0012053517, -0.0012126572, -0.001216864, -0.0012184456, -0.0012183422, -0.0012165318, -0.0012126995, -0.001210136, -0.0012041312, -0.0011972504, -0.001193683, -0.0011863405, -0.0011791097, -0.0011723227, -0.0011692626, -0.0011643955, -0.0011615817, -0.0011608496, -0.0011603996, -0.0011603386, -0.001159801, -0.0011595179, -0.0011596801, -0.0011628792, -0.0011660148, -0.0011758375, -0.0011895036, -0.0011970777, -0.001212228, -0.0012261177, -0.0012368782, -0.0012407877, -0.0012453506, -0.0012451718, -0.0012434408, -0.0012387809, -0.0012350866, -0.0012354183, -0.0012380133, -0.0012483404, -0.0012645894, -0.0012746284, -0.0012989431, -0.0013289474, -0.0013459526, -0.0013839897, -0.0014264483, -0.0014706858, -0.0014928168, -0.0015369962, -0.0015806428, -0.001601703, -0.0016413397, -0.001677677, -0.001712239, -0.0017287196, -0.0017584796, -0.0017827558, -0.00179307, -0.0018114233, -0.0018269756, -0.001837555, -0.001840399, -0.0018416943, -0.0018391148, -0.0018367324, -0.0018291497, -0.0018164266, -0.0018081376, -0.0017887539, -0.0017673878, -0.0017449968, -0.0017332939, -0.0017076252, -0.0016794, -0.001665544, -0.0016411367, -0.0016209226, -0.0016018335, -0.0015924458, -0.0015759142, -0.0015655208, -0.0015632508, -0.0015644557, -0.0015725018, -0.0015783702, -0.0015916915, -0.0016060828, -0.0016235771, -0.0016344143, -0.0016597534, -0.001686594, -0.0016992324, -0.001720207, -0.0017309766, -0.0017286338, -0.0017230973, -0.001706599, -0.0016871785, -0.0016779783, -0.0016637518, -0.0016575146, -0.0016575041, -0.0016628421, -0.0016736125, -0.0016869596, -0.0016937375, -0.0017062472, -0.0017163167, -0.0017201313, -0.0017253293, -0.0017274511, -0.0017267427, -0.0017255134, -0.0017216391, -0.0017160283, -0.001712576, -0.0017046117, -0.0016950645, -0.0016896204, -0.0016773646, -0.0016629676, -0.0016460385, -0.001636547, -0.0016152051, -0.0015904617, -0.0015766666, -0.0015458798, -0.0015102974, -0.0014692846, -0.0014466436, -0.00139789, -0.0013505474, -0.0013330373, -0.0013367705, -0.0014410012
0, 0, 0, 0, 0, -0.0014365343, -0.0012421624, -0.0011769074, -0.0011326572, -0.0011476343, -0.0011783475, -0.0011937928, -0.0012206958, -0.0012411368, -0.0012490923, -0.0012609774, -0.0012686326, -0.0012732462, -0.0012745861, -0.0012755402, -0.0012742627, -0.001272733, -0.0012685178, -0.001263015, -0.0012600734, -0.0012544009, -0.0012489187, -0.001243565, -0.0012408793, -0.001235348, -0.001229468, -0.0012264274, -0.0012199937, -0.0012128173, -0.0012050524, -0.001201241, -0.0011948574, -0.0011925054, -0.0011935534, -0.0012004721, -0.0012129777, -0.001220491, -0.0012360235, -0.0012501925, -0.0012607151, -0.0012642299, -0.0012674547, -0.0012654118, -0.0012627854, -0.0012563, -0.0012514032, -0.0012514208, -0.0012541816, -0.0012654415, -0.0012830403, -0.0012938251, -0.0013194311, -0.0013501681, -0.0013671669, -0.0014039393, -0.0014436208, -0.0014844296, -0.0015050808, -0.001547473, -0.0015913965, -0.0016131663, -0.0016544302, -0.0016921068, -0.0017274993, -0.001744363, -0.0017749409, -0.0017999934, -0.0018106384, -0.0018292939, -0.0018449019, -0.0018558648, -0.0018589512, -0.0018605926, -0.0018578637, -0.0018553067, -0.001847426, -0.0018348645, -0.0018267189, -0.001807451, -0.0017857989, -0.0017628986, -0.0017509905, -0.0017253652, -0.0016975198, -0.0016837113, -0.0016588946, -0.0016382668, -0.0016190889, -0.0016096948, -0.0015929992, -0.0015824386, -0.0015801227, -0.0015810581, -0.0015885349, -0.0015941164, -0.0016074482, -0.0016217795, -0.0016386107, -0.0016490506, -0.0016740229, -0.001700879, -0.0017133297, -0.0017334966, -0.001743773, -0.0017412737, -0.0017355245, -0.0017184594, -0.0016985893, -0.0016892486, -0.0016746337, -0.0016679676, -0.001667807, -0.0016727371, -0.0016830906, -0.0016961411, -0.0017027144, -0.0017148295, -0.001724605, -0.0017282796, -0.0017330894, -0.0017348494, -0.0017338993, -0.0017325112, -0.0017282988, -0.0017223995, -0.0017188328, -0.0017105658, -0.0017007563, -0.001695188, -0.001682652, -0.0016680046, -0.0016508215, -0.0016412238, -0.0016196485, -0.0015946284, -0.0015807137, -0.0015496471, -0.0015138163, -0.001472506, -0.0014497531, -0.0014007585, -0.0013530626, -0.0013353993, -0.0013388314, -0.0014429336
0, 0, 0, 0, 0, -0.0016853203, -0.001282621, -0.0011912318, -0.0011413492, -0.0011670355, -0.0012092249, -0.0012293685, -0.0012635007, -0.0012888311, -0.0012984546, -0.0013130555, -0.0013229088, -0.0013296499, -0.0013320947, -0.0013352726, -0.0013359837, -0.0013354043, -0.0013325121, -0.0013282452, -0.0013259118, -0.0013217436, -0.0013180096, -0.0013141099, -0.0013116228, -0.0013050112, -0.0012959974, -0.0012906716, -0.0012789185, -0.0012662595, -0.0012537579, -0.0012479937, -0.0012383586, -0.0012337422, -0.0012338349, -0.0012394491, -0.0012510146, -0.0012581716, -0.0012729339, -0.0012856361, -0.0012936251, -0.0012954968, -0.0012947926, -0.0012882976, -0.0012835725, -0.0012736915, -0.0012666684, -0.0012660786, -0.0012689077, -0.0012809676, -0.0012999391, -0.0013115241, -0.0013388131, -0.001370593, -0.0013875979, -0.0014231182, -0.0014599032, -0.001497533, -0.001516858, -0.0015577911, -0.0016018277, -0.0016240637, -0.0016663352, -0.0017047785, -0.0017407745, -0.0017581296, -0.0017902775, -0.0018169817, -0.0018282301, -0.0018474162, -0.0018630588, -0.001874382, -0.0018778767, -0.0018803233, -0.0018775539, -0.0018747079, -0.0018662267, -0.0018536852, -0.0018458234, -0.0018271755, -0.0018054076, -0.0017818316, -0.0017694816, -0.0017435704, -0.0017160521, -0.0017023742, -0.001677324, -0.0016562205, -0.0016369025, -0.0016273949, -0.001610192, -0.0015993465, -0.0015970755, -0.0015981491, -0.0016049439, -0.0016100772, -0.0016228752, -0.0016374629, -0.001654027, -0.00166397, -0.0016881905, -0.0017149289, -0.0017273335, -0.0017469615, -0.0017566814, -0.0017538193, -0.0017479215, -0.001730336, -0.0017100371, -0.0017005283, -0.0016855331, -0.0016784604, -0.0016781243, -0.0016827413, -0.0016926101, -0.0017053309, -0.0017117844, -0.0017235057, -0.0017328564, -0.0017364158, -0.0017409119, -0.0017423042, -0.00174108, -0.0017395561, -0.0017350145, -0.0017288333, -0.0017251285, -0.0017165578, -0.0017064888, -0.0017008123, -0.0016880146, -0.0016730645, -0.001655628, -0.0016459154, -0.0016241404, -0.0015988565, -0.0015847862, -0.0015534504, -0.0015173742, -0.0014758315, -0.0014529016, -0.0014036173, -0.001355579, -0.0013377743, -0.0013409687, -0.0014448464
0, 0, 0, 0, 0, 0, -0.001252632, -0.0012058271, -0.0011815773, -0.0012133729, -0.0012577173, -0.0012781834, -0.0013123282, -0.0013372231, -0.0013468392, -0.0013613886, -0.0013717129, -0.0013792198, -0.0013820451, -0.0013860785, -0.001387578, -0.00138723, -0.001384763, -0.001380787, -0.001378754, -0.0013754056, -0.0013726028, -0.0013689437, -0.0013664428, -0.0013588495, -0.0013477859, -0.0013411832, -0.0013269284, -0.0013125866, -0.0012993853, -0.0012937612, -0.0012848942, -0.0012812637, -0.0012817685, -0.0012876217, -0.0012985602, -0.0013050148, -0.0013177976, -0.0013279229, -0.0013326769, -0.0013326489, -0.0013277374, -0.0013168892, -0.0013101135, -0.0012968251, -0.0012876233, -0.001285798, -0.0012882027, -0.0012994758, -0.0013177707, -0.0013291604, -0.0013562075, -0.0013879088, -0.0014047695, -0.0014391023, -0.0014738612, -0.0015094335, -0.0015280624, -0.0015684216, -0.001612758, -0.001635388, -0.0016785775, -0.0017173339, -0.0017535381, -0.0017711956, -0.0018047463, -0.0018335639, -0.0018456954, -0.001865747, -0.0018815218, -0.001893084, -0.0018969547, -0.0019004069, -0.0018982957, -0.0018953754, -0.0018862165, -0.0018729679, -0.0018650485, -0.00184699, -0.0018259283, -0.0018021079, -0.0017893591, -0.0017626372, -0.0017348818, -0.0017212662, -0.0016961917, -0.0016747871, -0.0016553419, -0.0016457011, -0.001627927, -0.0016163186, -0.0016138962, -0.0016152151, -0.0016218531, -0.0016265895, -0.001638416, -0.0016528303, -0.0016693913, -0.0016791376, -0.0017025571, -0.0017288935, -0.0017412215, -0.0017604772, -0.001769582, -0.0017663715, -0.0017603246, -0.0017422064, -0.0017214575, -0.0017118022, -0.001696515, -0.0016889347, -0.0016883576, -0.0016927402, -0.0017022705, -0.0017144643, -0.0017207891, -0.0017322503, -0.001741228, -0.0017445879, -0.0017487614, -0.0017498567, -0.0017482829, -0.0017466125, -0.0017417681, -0.0017352866, -0.001731455, -0.0017226194, -0.0017122681, -0.0017064619, -0.0016934013, -0.0016781953, -0.0016605356, -0.0016506742, -0.0016286374, -0.0016030788, -0.0015889094, -0.0015573655, -0.0015209626, -0.0014791703, -0.0014560989, -0.001406489, -0.0013581411, -0.0013401647, -0.0013430531, -0.0014468171
0, 0, 0, 0, 0, 0, -0.0014289329, -0.0013527176, -0.0012830106, -0.0012869427, -0.0013144442, -0.0013291878, -0.0013550544, -0.0013749826, -0.001382816, -0.0013955157, -0.0014052148, -0.0014126694, -0.001415672, -0.0014200703, -0.001422066, -0.001422004, -0.0014201547, -0.0014169905, -0.0014153362, -0.0014124939, -0.001409942, -0.001405934, -0.001403012, -0.0013943808, -0.0013826276, -0.0013760155, -0.0013623288, -0.0013497093, -0.0013392055, -0.0013350962, -0.0013295495, -0.0013287876, -0.0013302766, -0.0013367851, -0.0013466082, -0.0013518124, -0.0013614806, -0.001368206, -0.0013700547, -0.0013688023, -0.0013617238, -0.0013490164, -0.0013414344, -0.0013268503, -0.0013167254, -0.001314019, -0.0013158275, -0.0013251883, -0.0013407045, -0.0013504612, -0.0013743558, -0.0014032557, -0.0014188293, -0.0014510686, -0.0014844227, -0.0015196291, -0.0015384286, -0.0015795066, -0.0016246294, -0.0016476429, -0.0016911745, -0.0017302528, -0.0017666636, -0.0017846711, -0.0018197059, -0.0018506127, -0.0018635951, -0.0018844322, -0.0019000506, -0.0019116424, -0.001915807, -0.0019203537, -0.001919567, -0.00191701, -0.0019076231, -0.0018933648, -0.0018850394, -0.0018669262, -0.0018466208, -0.0018230914, -0.0018101333, -0.0017827745, -0.0017546915, -0.0017409524, -0.0017153865, -0.0016934258, -0.0016739276, -0.0016644417, -0.0016464279, -0.0016337387, -0.0016308327, -0.0016320047, -0.0016388507, -0.0016433868, -0.0016543495, -0.0016681324, -0.0016847035, -0.0016942807, -0.0017170442, -0.0017428665, -0.0017551015, -0.0017740193, -0.001782471, -0.0017788317, -0.0017726487, -0.0017541846, -0.0017328978, -0.0017230511, -0.0017074782, -0.0016994593, -0.0016986752, -0.0017027286, -0.0017118832, -0.0017237095, -0.0017298397, -0.0017409923, -0.0017496205, -0.001752798, -0.0017566928, -0.0017574158, -0.0017555471, -0.001753726, -0.0017486006, -0.0017417913, -0.0017378178, -0.0017287192, -0.0017181067, -0.0017121697, -0.0016988075, -0.0016833945, -0.0016654747, -0.0016554797, -0.0016331534, -0.0016073514, -0.001593089, -0.0015612809, -0.0015246142, -0.0014825437, -0.0014593226, -0.0014094446, -0.0013607604, -0.0013425907, -0.0013451488, -0.001448817
0, 0, 0, 0, 0, 0, -0.0017581496, -0.0016007435, -0.0014116009, -0.0013553145, -0.0013545265, -0.0013611607, -0.00137746, -0.0013928307, -0.001399671, -0.0014117111, -0.0014220775, -0.0014307473, -0.0014345256, -0.0014403337, -0.0014437803, -0.0014444691, -0.0014442587, -0.0014426721, -0.0014415653, -0.0014391307, -0.0014357519, -0.0014303457, -0.0014265523, -0.001416877, -0.0014054875, -0.0013996515, -0.0013887184, -0.0013799197, -0.0013738232, -0.0013718652, -0.0013703349, -0.0013725421, -0.0013748588, -0.00138147, -0.0013890811, -0.0013926113, -0.0013982303, -0.0014012714, -0.0014008014, -0.0013991948, -0.0013925979, -0.001381407, -0.0013747434, -0.001361782, -0.0013524343, -0.0013491135, -0.0013500924, -0.0013567137, -0.0013682707, -0.0013756604, -0.0013947312, -0.0014189399, -0.001432525, -0.001461916, -0.0014940317, -0.0015296101, -0.0015489405, -0.001591192, -0.0016371396, -0.0016603058, -0.0017041602, -0.0017437252, -0.0017809045, -0.0017993883, -0.0018356736, -0.001868141, -0.0018818574, -0.0019038019, -0.0019197142, -0.0019308925, -0.0019348877, -0.0019398482, -0.0019403186, -0.0019385448, -0.0019299656, -0.0019152842, -0.0019064763, -0.0018876904, -0.001867436, -0.0018442291, -0.0018312824, -0.0018036248, -0.0017752887, -0.0017614136, -0.0017353399, -0.0017125107, -0.0016926152, -0.0016831046, -0.0016652179, -0.0016517966, -0.0016483881, -0.0016488368, -0.0016557024, -0.0016601714, -0.0016705254, -0.001683576, -0.0016999133, -0.0017094107, -0.0017316676, -0.0017568158, -0.0017688901, -0.0017876074, -0.0017955152, -0.0017912644, -0.001784924, -0.0017661919, -0.0017444295, -0.0017343602, -0.0017184061, -0.0017100534, -0.0017090619, -0.0017127078, -0.0017215832, -0.0017329518, -0.0017389393, -0.0017498059, -0.0017580397, -0.0017610291, -0.0017646323, -0.0017650527, -0.0017628239, -0.0017608844, -0.0017554718, -0.0017483649, -0.0017442731, -0.0017348808, -0.0017239896, -0.001717907, -0.001704305, -0.0016886175, -0.0016704698, -0.0016603156, -0.0016377353, -0.0016117514, -0.0015972755, -0.001565182, -0.0015283405, -0.0014859647, -0.0014625905, -0.0014123739, -0.0013634091, -0.0013450837, -0.0013473034, -0.0014508357
0, 0, 0, 0, 0, 0, -0.0020496822, -0.0017630169, -0.001427065, -0.0013251074, -0.0013188033, -0.001328755, -0.0013554478, -0.0013824599, -0.0013948146, -0.0014171818, -0.001436527, -0.0014529169, -0.0014599557, -0.001471499, -0.0014796451, -0.0014824268, -0.0014861854, -0.001487765, -0.0014875964, -0.0014856452, -0.0014805753, -0.001472663, -0.0014680113, -0.0014584427, -0.001450226, -0.0014469868, -0.0014424614, -0.0014399418, -0.0014386392, -0.001438268, -0.0014380034, -0.0014387907, -0.0014394732, -0.0014410245, -0.0014424915, -0.0014430085, -0.0014436882, -0.001444364, -0.0014452938, -0.0014458704, -0.0014466994, -0.0014453423, -0.0014436275, -0.0014384441, -0.0014318669, -0.0014255398, -0.0014232999, -0.0014217588, -0.0014242587, -0.0014272064, -0.0014374075, -0.0014537469, -0.001464127, -0.0014891685, -0.0015203237, -0.0015571567, -0.0015774157, -0.0016206503, -0.0016661376, -0.0016888769, -0.0017328411, -0.0017746114, -0.0018151366, -0.0018348603, -0.0018720919, -0.0019044701, -0.001918502, -0.0019424541, -0.001961085, -0.001973427, -0.001977138, -0.0019810018, -0.001981599, -0.001980544, -0.0019740972, -0.0019606426, -0.0019518964, -0.0019325557, -0.0019117418, -0.0018879345, -0.0018745996, -0.0018461647, -0.0018175307, -0.0018036223, -0.001777042, -0.0017526391, -0.0017309941, -0.0017210069, -0.0017027713, -0.0016889282, -0.0016847809, -0.0016833605, -0.001689319, -0.0016936883, -0.0017034524, -0.0017149587, -0.0017301665, -0.0017395348, -0.0017612117, -0.0017850875, -0.0017965273, -0.0018146116, -0.0018217396, -0.0018164088, -0.0018096558, -0.0017902389, -0.0017675203, -0.0017569464, -0.0017403284, -0.0017313911, -0.0017299062, -0.001732736, -0.0017410342, -0.0017517327, -0.0017572604, -0.0017674692, -0.0017750758, -0.0017776616, -0.0017805636, -0.0017804304, -0.0017775496, -0.0017752924, -0.0017693486, -0.0017616356, -0.0017572363, -0.0017473897, -0.0017358795, -0.0017295468, -0.0017154956, -0.0016992505, -0.0016805378, -0.0016701731, -0.001647048, -0.0016205204, -0.00160589, -0.0015732929, -0.0015357942, -0.0014928562, -0.0014692354, -0.0014184, -0.0013687767, -0.0013501021, -0.0013517278, -0.0014549093
0, 0, 0, 0, 0, 0, 0, -0.0015385515, -0.0013514007, -0.0012675575, -0.0012750421, -0.0012925796, -0.0013335522, -0.001372127, -0.0013892417, -0.0014193451, -0.0014442711, -0.0014647782, -0.0014735764, -0.0014880267, -0.0014986101, -0.0015027211, -0.0015087012, -0.001512378, -0.0015132271, -0.0015125773, -0.0015084731, -0.0015013503, -0.0014971459, -0.0014888502, -0.0014818239, -0.0014789881, -0.0014746132, -0.001471221, -0.0014678662, -0.0014662257, -0.0014628726, -0.0014603173, -0.001459348, -0.0014581116, -0.0014582124, -0.0014585913, -0.0014602096, -0.0014632094, -0.001467022, -0.001469265, -0.0014737748, -0.0014764976, -0.0014766863, -0.0014746352, -0.0014685515, -0.0014598625, -0.0014557083, -0.001449727, -0.0014480401, -0.0014493404, -0.0014572284, -0.0014723516, -0.0014824014, -0.0015076253, -0.0015394125, -0.0015767657, -0.0015970122, -0.0016395604, -0.0016839935, -0.0017063188, -0.0017504893, -0.0017939004, -0.0018360649, -0.0018560836, -0.0018926419, -0.001923472, -0.0019370546, -0.001961583, -0.001982228, -0.001996081, -0.0019999268, -0.00200321, -0.0020032977, -0.0020022984, -0.0019964618, -0.001983639, -0.0019750257, -0.0019557448, -0.0019349164, -0.0019109342, -0.0018973213, -0.0018680606, -0.0018389731, -0.0018250275, -0.0017983243, -0.001773419, -0.0017508579, -0.001740483, -0.001721663, -0.0017075907, -0.0017033237, -0.0017011563, -0.0017062475, -0.0017104283, -0.0017200349, -0.0017309649, -0.0017454646, -0.0017546345, -0.0017760536, -0.0017993901, -0.0018105331, -0.0018281458, -0.0018349271, -0.0018290665, -0.0018220408, -0.001802267, -0.0017792268, -0.0017683889, -0.0017512891, -0.0017420584, -0.0017404407, -0.0017428311, -0.0017507869, -0.0017611767, -0.0017664961, -0.0017763159, -0.001783619, -0.0017860795, -0.0017885948, -0.0017882206, -0.0017849762, -0.0017825621, -0.0017763929, -0.0017683974, -0.0017637996, -0.0017537025, -0.0017419322, -0.001735431, -0.0017211267, -0.001704658, -0.0016856411, -0.0016751466, -0.0016518396, -0.0016250025, -0.0016102063, -0.0015773628, -0.0015396281, -0.0014964015, -0.0014726046, -0.0014214667, -0.001371476, -0.0013526434, -0.0013539691, -0.0014570096
0, 0, 0, 0, 0, 0, 0, -0.0017886824, -0.0013732358, -0.0012452961, -0.0012524227, -0.0012737805, -0.0013236272, -0.0013702386, -0.001390685, -0.0014260842, -0.0014551869, -0.001478606, -0.0014886109, -0.0015050025, -0.0015174095, -0.0015223018, -0.0015299754, -0.0015352153, -0.0015367445, -0.0015373445, -0.0015346158, -0.00152909, -0.0015256825, -0.0015186801, -0.0015123266, -0.0015094163, -0.001503776, -0.0014978732, -0.0014915057, -0.0014882893, -0.0014820632, -0.0014768756, -0.0014747726, -0.0014719696, -0.0014718699, -0.0014728552, -0.0014769101, -0.0014836085, -0.0014914022, -0.0014954683, -0.0015032657, -0.0015086937, -0.001509899, -0.0015088539, -0.0015019291, -0.0014904133, -0.0014842665, -0.001474089, -0.0014692206, -0.0014693835, -0.0014762302, -0.0014916039, -0.0015020818, -0.0015282314, -0.0015610039, -0.0015988118, -0.0016189945, -0.0016611347, -0.001705104, -0.0017274743, -0.0017723218, -0.0018169004, -0.001859553, -0.0018793185, -0.0019141565, -0.0019429632, -0.0019560577, -0.0019812307, -0.0020037538, -0.0020190466, -0.0020232173, -0.0020263596, -0.0020261582, -0.002025185, -0.00201958, -0.0020069142, -0.0019982394, -0.0019788865, -0.0019585106, -0.0019347661, -0.0019208395, -0.0018904657, -0.0018605161, -0.0018464641, -0.0018197738, -0.0017945832, -0.0017711248, -0.0017602219, -0.0017406876, -0.0017263087, -0.0017219395, -0.0017192286, -0.0017234281, -0.0017273241, -0.0017366519, -0.0017471971, -0.0017609391, -0.0017698046, -0.0017909446, -0.0018138165, -0.001824618, -0.0018417181, -0.0018482222, -0.0018418565, -0.0018345234, -0.0018142995, -0.0017909668, -0.0017799225, -0.0017623423, -0.0017527628, -0.0017510157, -0.0017529759, -0.0017605986, -0.0017706715, -0.0017758127, -0.0017852043, -0.0017922585, -0.0017945671, -0.0017967118, -0.0017959716, -0.0017925149, -0.0017899222, -0.0017834022, -0.0017751872, -0.0017704753, -0.0017600147, -0.0017480574, -0.0017414119, -0.0017268164, -0.001710058, -0.0016908407, -0.0016802115, -0.0016566468, -0.0016295635, -0.0016146068, -0.0015814782, -0.0015435034, -0.0015000018, -0.0014760164, -0.0014245752, -0.0013742116, -0.0013552149, -0.0013562336, -0.0014591342
0, 0, 0, 0, 0, 0, 0, 0, -0.0013455438, -0.0012591309, -0.0012626923, -0.0012820822, -0.0013309385, -0.0013783755, -0.0013995711, -0.0014365627, -0.0014669063, -0.0014915172, -0.0015018085, -0.0015190188, -0.001531979, -0.00153707, -0.0015451304, -0.0015506422, -0.0015522605, -0.0015535038, -0.0015519885, -0.0015482618, -0.0015458137, -0.001540467, -0.0015346387, -0.0015314919, -0.0015240473, -0.0015154072, -0.0015063866, -0.0015021776, -0.001494468, -0.0014884647, -0.0014862034, -0.0014833574, -0.0014842554, -0.0014862528, -0.001493545, -0.001504522, -0.0015168033, -0.0015228328, -0.0015333453, -0.0015400648, -0.0015414268, -0.0015396349, -0.0015308235, -0.0015167397, -0.0015093004, -0.0014970087, -0.0014911356, -0.0014911366, -0.0014981029, -0.0015137988, -0.0015244645, -0.0015509336, -0.0015840314, -0.001622123, -0.0016423463, -0.0016846426, -0.0017289687, -0.0017516568, -0.0017974696, -0.0018426422, -0.00188508, -0.0019042685, -0.0019373344, -0.0019644413, -0.0019769447, -0.0020020122, -0.0020252801, -0.0020415164, -0.0020460866, -0.0020500377, -0.002050495, -0.0020497497, -0.0020440712, -0.0020308476, -0.0020217267, -0.0020020027, -0.001982048, -0.0019588955, -0.0019449387, -0.0019135992, -0.0018825391, -0.0018681705, -0.0018411697, -0.0018156504, -0.001791723, -0.0017804168, -0.0017600813, -0.00174508, -0.001740496, -0.0017374327, -0.0017409545, -0.0017444628, -0.0017532891, -0.0017635145, -0.0017766779, -0.0017851962, -0.0018058312, -0.0018283149, -0.0018389085, -0.0018554537, -0.001861529, -0.0018547324, -0.0018471238, -0.001826434, -0.0018027417, -0.0017915115, -0.0017734636, -0.0017634904, -0.0017616015, -0.001763204, -0.0017703891, -0.0017802117, -0.0017851788, -0.0017941674, -0.0018008729, -0.001803051, -0.001804907, -0.0018038141, -0.0018001014, -0.0017973437, -0.0017904673, -0.0017820167, -0.0017771958, -0.0017664034, -0.0017542328, -0.001747466, -0.001732549, -0.001715552, -0.0016960985, -0.0016853139, -0.0016614684, -0.0016341682, -0.0016190663, -0.0015856609, -0.0015473893, -0.0015036067, -0.0014794923, -0.0014277018, -0.0013770264, -0.0013578385, -0.0013585173, -0.0014612805
0, 0, 0, 0, 0, 0, 0, 0, -0.0015339503, -0.0013467033, -0.0013017758, -0.0013089578, -0.001345477, -0.0013879214, -0.0014079656, -0.0014436323, -0.00147335, -0.0014977972, -0.0015080839, -0.001525217, -0.0015383281, -0.0015435653, -0.0015516622, -0.0015571073, -0.0015588324, -0.0015602155, -0.0015596716, -0.0015573981, -0.0015558003, -0.0015517257, -0.0015460838, -0.0015424974, -0.0015336053, -0.0015232194, -0.0015129109, -0.0015083277, -0.0015010714, -0.0014962492, -0.0014946526, -0.0014934347, -0.0014960811, -0.0014991777, -0.0015091955, -0.0015233743, -0.0015388747, -0.0015462328, -0.00155861, -0.0015658846, -0.0015672302, -0.0015647493, -0.0015550484, -0.0015401068, -0.0015324273, -0.0015202485, -0.0015150753, -0.0015155853, -0.0015232527, -0.0015392283, -0.0015498776, -0.0015764293, -0.0016098802, -0.0016484885, -0.00166898, -0.00171142, -0.0017557101, -0.001778376, -0.0018238863, -0.0018683274, -0.0019098858, -0.0019287872, -0.0019615812, -0.001988612, -0.0020010667, -0.0020256678, -0.0020482691, -0.0020639242, -0.0020685506, -0.0020733683, -0.0020752035, -0.0020750095, -0.0020698633, -0.0020561102, -0.0020465134, -0.0020257563, -0.002005537, -0.0019826868, -0.001968887, -0.0019371833, -0.0019052338, -0.001890392, -0.0018627424, -0.0018367491, -0.0018124003, -0.001800841, -0.0017797006, -0.0017640395, -0.0017592078, -0.0017558521, -0.0017587616, -0.0017618104, -0.0017700593, -0.0017799392, -0.0017926071, -0.0018007711, -0.0018209028, -0.0018430433, -0.0018533514, -0.0018692763, -0.001874955, -0.0018677689, -0.0018598418, -0.0018386019, -0.001814623, -0.0018032051, -0.0017846905, -0.0017742885, -0.0017722404, -0.0017735146, -0.0017802268, -0.0017897561, -0.0017946039, -0.0018031888, -0.0018095312, -0.0018116097, -0.001813153, -0.0018116909, -0.0018077362, -0.0018048346, -0.0017976011, -0.001788906, -0.0017839605, -0.0017728847, -0.0017604198, -0.0017535461, -0.001738358, -0.0017211036, -0.0017013879, -0.0016905045, -0.001666355, -0.0016388095, -0.001623561, -0.0015898822, -0.0015513242, -0.0015072613, -0.0014830035, -0.0014308792, -0.0013798685, -0.0013604849, -0.0013608327, -0.0014634567
0, 0, 0, 0, 0, 0, 0, 0, -0.0017814032, -0.0014305816, -0.0013309472, -0.0013261291, -0.0013511654, -0.0013895892, -0.0014086331, -0.0014430308, -0.0014721468, -0.0014963184, -0.0015066887, -0.0015241764, -0.0015376682, -0.0015431057, -0.001551494, -0.0015569977, -0.0015586276, -0.0015600307, -0.0015596149, -0.0015578452, -0.0015564507, -0.0015527076, -0.0015470705, -0.0015432745, -0.0015344534, -0.0015244451, -0.0015152539, -0.001511577, -0.0015062344, -0.0015037745, -0.0015034145, -0.001504586, -0.0015091122, -0.001512923, -0.001524137, -0.0015390376, -0.0015550214, -0.0015626041, -0.0015754163, -0.001583309, -0.0015848983, -0.0015831648, -0.0015746006, -0.0015613186, -0.0015545404, -0.0015442441, -0.0015408201, -0.001542049, -0.0015506129, -0.0015669198, -0.0015776742, -0.0016046, -0.0016389283, -0.0016785017, -0.0016993268, -0.0017420439, -0.0017859209, -0.0018080744, -0.0018517796, -0.0018936485, -0.0019330861, -0.0019515972, -0.0019849807, -0.0020136193, -0.0020267903, -0.0020518247, -0.0020735948, -0.002088166, -0.0020924448, -0.0020973664, -0.0020999236, -0.0021001683, -0.0020956348, -0.0020819523, -0.002072253, -0.0020508405, -0.0020298013, -0.0020064623, -0.001992558, -0.0019607444, -0.0019282058, -0.0019129622, -0.0018845161, -0.0018580273, -0.0018332825, -0.0018214809, -0.0017995996, -0.0017831203, -0.0017780507, -0.0017743523, -0.0017768525, -0.0017795839, -0.0017870368, -0.0017964768, -0.0018086907, -0.0018165789, -0.0018361987, -0.0018579402, -0.0018679326, -0.0018832296, -0.0018884748, -0.0018808949, -0.0018727608, -0.001850949, -0.0018265309, -0.0018149348, -0.0017960438, -0.0017851854, -0.0017829471, -0.0017838862, -0.0017901559, -0.0017993121, -0.0018040652, -0.0018123382, -0.0018182707, -0.0018201906, -0.0018214777, -0.0018196292, -0.0018153738, -0.0018123641, -0.0018048679, -0.0017958164, -0.0017907566, -0.001779455, -0.0017666443, -0.0017596991, -0.001744272, -0.0017267112, -0.0017067379, -0.0016956913, -0.0016713076, -0.0016434881, -0.0016281101, -0.0015941436, -0.0015553592, -0.0015109321, -0.0014865267, -0.0014340767, -0.0013827371, -0.001363184, -0.0013631802, -0.001465662
0, 0, 0, 0, 0, 0, 0, 0, -0.001651138, -0.0014346957, -0.0013304141, -0.0013222452, -0.0013456178, -0.0013847584, -0.0014040304, -0.0014385323, -0.0014674367, -0.0014912717, -0.0015015675, -0.0015192395, -0.001532893, -0.0015383888, -0.001546833, -0.0015517607, -0.001553143, -0.0015539958, -0.0015529155, -0.0015505919, -0.0015490671, -0.0015453256, -0.001540316, -0.0015373415, -0.0015308098, -0.0015239504, -0.0015181199, -0.0015158318, -0.0015130109, -0.0015127651, -0.0015133371, -0.0015163828, -0.0015222385, -0.0015263915, -0.0015375437, -0.0015516465, -0.0015663279, -0.0015733553, -0.0015858447, -0.0015942497, -0.0015964414, -0.0015965899, -0.0015904591, -0.0015802501, -0.0015750802, -0.0015678097, -0.001566918, -0.0015692293, -0.0015793653, -0.0015967921, -0.0016081226, -0.0016362583, -0.0016716527, -0.0017118854, -0.0017327494, -0.0017747773, -0.0018174482, -0.0018386785, -0.0018799674, -0.0019188971, -0.0019562314, -0.0019744167, -0.002008697, -0.0020391508, -0.0020530177, -0.0020786365, -0.002100026, -0.0021141493, -0.0021183882, -0.0021232937, -0.0021258888, -0.0021260385, -0.0021214106, -0.0021078691, -0.0020982255, -0.0020765837, -0.002054685, -0.0020304709, -0.0020163627, -0.001984531, -0.0019515739, -0.0019358316, -0.0019064032, -0.0018792958, -0.0018542942, -0.0018423345, -0.001819889, -0.001802601, -0.0017971657, -0.0017929361, -0.0017949644, -0.0017974844, -0.0018044346, -0.0018133668, -0.001824937, -0.0018325066, -0.0018516714, -0.0018730345, -0.0018827845, -0.0018974676, -0.001902089, -0.0018941626, -0.0018857742, -0.0018634533, -0.0018385538, -0.0018267921, -0.001807448, -0.001796131, -0.0017937359, -0.0017943492, -0.0018002403, -0.0018089343, -0.0018135498, -0.0018215692, -0.0018270683, -0.0018287811, -0.00182985, -0.0018276974, -0.001823041, -0.001819932, -0.0018122211, -0.001802792, -0.001797596, -0.0017860761, -0.0017730125, -0.0017658893, -0.0017501987, -0.0017323979, -0.0017121698, -0.0017009879, -0.0016763237, -0.0016482191, -0.0016327071, -0.0015984735, -0.0015594282, -0.0015146608, -0.0014901089, -0.0014373163, -0.0013856353, -0.0013659191, -0.0013655499, -0.0014678676
0, 0, 0, 0, 0, 0, 0, 0, -0.0019372464, -0.0014830504, -0.0013326645, -0.00132025, -0.0013430039, -0.0013829716, -0.0014021803, -0.0014358138, -0.0014633633, -0.0014858678, -0.0014957575, -0.0015123659, -0.0015255082, -0.0015305819, -0.0015381431, -0.0015422797, -0.001543097, -0.0015431197, -0.0015413346, -0.0015386869, -0.0015370599, -0.0015337073, -0.0015303345, -0.0015286187, -0.0015256852, -0.0015232716, -0.0015215199, -0.0015209581, -0.0015203892, -0.0015213288, -0.0015224671, -0.0015265569, -0.0015334194, -0.0015379442, -0.001548928, -0.001561913, -0.0015752808, -0.0015817193, -0.0015935509, -0.0016024262, -0.0016052073, -0.0016069926, -0.00160352, -0.0015965666, -0.001593245, -0.0015896991, -0.0015921846, -0.0015959601, -0.0016088148, -0.0016285755, -0.0016410818, -0.0016713327, -0.0017078746, -0.0017477093, -0.0017679086, -0.0018082234, -0.0018485832, -0.0018686019, -0.001907149, -0.0019434901, -0.0019795627, -0.001997721, -0.002033274, -0.0020654337, -0.0020799607, -0.0021060326, -0.002127295, -0.0021415139, -0.0021458252, -0.0021506252, -0.0021527272, -0.002152569, -0.0021475705, -0.0021341825, -0.0021247764, -0.0021031075, -0.002079953, -0.0020544117, -0.0020400586, -0.0020083485, -0.001975216, -0.001959128, -0.0019286791, -0.0019008426, -0.0018752872, -0.0018630744, -0.0018402381, -0.0018225269, -0.0018168564, -0.0018118693, -0.0018132468, -0.0018154889, -0.0018220745, -0.0018305831, -0.0018415637, -0.0018488357, -0.001867308, -0.0018882086, -0.001897806, -0.0019119529, -0.0019159345, -0.0019074847, -0.0018989337, -0.0018760806, -0.0018506508, -0.0018387367, -0.0018190318, -0.0018071764, -0.0018045082, -0.0018049233, -0.0018104466, -0.00181865, -0.001823064, -0.0018308401, -0.0018360297, -0.0018375355, -0.0018382306, -0.0018358319, -0.0018308444, -0.0018275931, -0.0018195729, -0.0018099019, -0.0018045319, -0.0017927617, -0.0017793928, -0.0017721099, -0.0017562081, -0.0017381478, -0.0017176504, -0.0017063444, -0.0016813723, -0.0016530143, -0.0016373676, -0.0016028502, -0.0015634616, -0.0015184648, -0.0014937365, -0.0014406344, -0.0013885611, -0.0013686508, -0.0013679753, -0.0014700881
0, 0, 0, 0, 0, 0, 0, 0, 0, -0.0014630504, -0.0013586391, -0.0013431263, -0.0013552895, -0.0013875099, -0.0014041475, -0.0014339893, -0.0014589306, -0.0014798274, -0.0014890184, -0.0015049231, -0.0015172119, -0.0015218221, -0.0015286143, -0.0015318926, -0.0015325923, -0.0015323916, -0.0015309429, -0.0015287091, -0.0015274016, -0.001524678, -0.0015224448, -0.0015218183, -0.0015215839, -0.0015225335, -0.0015240883, -0.0015248721, -0.0015263222, -0.0015285402, -0.0015303266, -0.0015357707, -0.0015440541, -0.001549117, -0.0015604773, -0.001572773, -0.0015849798, -0.0015908246, -0.0016018577, -0.0016105161, -0.0016135166, -0.001616386, -0.0016149973, -0.0016113936, -0.0016099921, -0.0016105035, -0.0016168373, -0.0016223983, -0.0016386929, -0.0016618184, -0.0016757871, -0.0017081378, -0.0017452226, -0.0017834175, -0.0018022116, -0.0018396189, -0.0018775876, -0.0018965844, -0.0019335266, -0.001968896, -0.0020045326, -0.002022827, -0.0020589274, -0.002091799, -0.002106579, -0.0021330991, -0.0021551228, -0.0021704668, -0.0021751435, -0.0021798708, -0.0021806478, -0.0021797263, -0.0021736957, -0.0021604712, -0.0021513822, -0.0021300437, -0.002105991, -0.0020790298, -0.0020642027, -0.0020321228, -0.0019987072, -0.001982268, -0.0019511966, -0.001923034, -0.0018968672, -0.0018841453, -0.0018605051, -0.0018426188, -0.0018368439, -0.0018313235, -0.0018320181, -0.0018339419, -0.0018399247, -0.0018479036, -0.0018585254, -0.0018654842, -0.0018833234, -0.0019036493, -0.0019129888, -0.0019265618, -0.0019299719, -0.0019210695, -0.0019123205, -0.0018888579, -0.0018628527, -0.001850751, -0.0018308033, -0.0018184015, -0.0018154577, -0.001815497, -0.0018207573, -0.0018285165, -0.0018326924, -0.0018401335, -0.0018450419, -0.0018463718, -0.0018467224, -0.0018440211, -0.0018387238, -0.0018353004, -0.0018270123, -0.0018170598, -0.0018115516, -0.0017994959, -0.001785851, -0.0017784275, -0.0017622864, -0.0017439675, -0.0017231583, -0.0017117363, -0.0016865224, -0.0016578543, -0.0016420954, -0.0016072986, -0.0015675748, -0.0015223058, -0.001497407, -0.001443989, -0.00139151, -0.0013714087, -0.0013704026, -0.001472351
0, 0, 0, 0, 0, 0, 0, 0, 0, -0.0017033753, -0.0014682009, -0.0014103014, -0.001374817, -0.0013875377, -0.0013995358, -0.0014251318, -0.0014490387, -0.0014702821, -0.0014798021, -0.0014961513, -0.0015087796, -0.0015135532, -0.0015202793, -0.00152365, -0.0015246858, -0.001525219, -0.001524919, -0.0015237476, -0.0015229736, -0.0015209704, -0.0015192764, -0.0015188756, -0.0015196895, -0.0015221292, -0.0015257332, -0.0015275895, -0.0015312943, -0.0015360212, -0.001539008, -0.0015468538, -0.0015573304, -0.0015632275, -0.0015754461, -0.0015874286, -0.0015984386, -0.0016035913, -0.0016133833, -0.0016210967, -0.0016239292, -0.0016271615, -0.0016275588, -0.0016271735, -0.001627879, -0.0016327732, -0.0016431592, -0.001650607, -0.0016702755, -0.0016961666, -0.0017112431, -0.0017445963, -0.0017804916, -0.0018156215, -0.0018325337, -0.0018664552, -0.0019023984, -0.0019210909, -0.0019585774, -0.0019952029, -0.0020320741, -0.0020506927, -0.0020869272, -0.0021194152, -0.0021338363, -0.0021599475, -0.0021825207, -0.0021992752, -0.0022047057, -0.0022100352, -0.0022099395, -0.0022082785, -0.0022008813, -0.0021870944, -0.002177975, -0.0021564958, -0.0021318097, -0.0021040463, -0.002088971, -0.0020565616, -0.0020224105, -0.0020054672, -0.0019736688, -0.0019454274, -0.0019189408, -0.0019058492, -0.0018812803, -0.0018629556, -0.0018569848, -0.0018510836, -0.0018511933, -0.0018528274, -0.0018582225, -0.0018656149, -0.0018757017, -0.0018824243, -0.0018996357, -0.0019193499, -0.0019284623, -0.0019415643, -0.0019441466, -0.0019347189, -0.0019258243, -0.0019019655, -0.0018751908, -0.0018628257, -0.0018426114, -0.0018298228, -0.0018266145, -0.001826144, -0.001831142, -0.0018384798, -0.00184244, -0.0018495821, -0.0018541275, -0.0018552677, -0.0018552963, -0.0018523287, -0.0018466751, -0.0018430732, -0.001834558, -0.0018243009, -0.0018186207, -0.0018063162, -0.0017924184, -0.0017848439, -0.0017683698, -0.0017498453, -0.0017287409, -0.0017171935, -0.0016917725, -0.0016627541, -0.0016468554, -0.0016117933, -0.0015717573, -0.0015261831, -0.0015011003, -0.0014473604, -0.0013945014, -0.0013742067, -0.0013728712, -0.0014746408
0, 0, 0, 0, 0, 0, 0, 0, 0, -0.002047992, -0.0015680551, -0.0014524283, -0.0013654082, -0.0013649643, -0.0013758916, -0.0014036489, -0.0014315691, -0.0014566415, -0.0014677468, -0.0014868737, -0.0015014036, -0.001506891, -0.0015146557, -0.0015192472, -0.0015207307, -0.0015225529, -0.0015232993, -0.001523093, -0.0015227167, -0.0015211364, -0.0015195982, -0.0015192576, -0.0015198871, -0.0015226272, -0.0015271202, -0.0015298802, -0.0015360807, -0.0015440561, -0.0015486883, -0.0015598286, -0.0015729677, -0.0015797311, -0.0015929402, -0.0016048466, -0.0016149943, -0.0016195953, -0.0016282167, -0.0016353028, -0.0016380292, -0.0016421891, -0.001645037, -0.0016484116, -0.0016513133, -0.0016605541, -0.0016745253, -0.0016831589, -0.0017044134, -0.001730928, -0.0017458247, -0.0017780134, -0.0018111783, -0.0018426522, -0.0018577595, -0.0018888301, -0.0019235507, -0.0019424111, -0.0019816626, -0.0020211297, -0.0020604862, -0.0020799357, -0.0021167612, -0.0021487, -0.002162729, -0.0021882176, -0.002210718, -0.0022281401, -0.002233919, -0.0022395852, -0.0022390431, -0.0022370014, -0.0022288125, -0.0022145398, -0.0022052582, -0.002183222, -0.0021575459, -0.0021290493, -0.0021137937, -0.0020811514, -0.0020464126, -0.0020290692, -0.0019966965, -0.001968145, -0.0019411495, -0.0019277709, -0.0019026338, -0.0018837517, -0.0018775986, -0.0018712283, -0.0018708212, -0.0018721749, -0.001876907, -0.0018836489, -0.0018933279, -0.0018997822, -0.0019162216, -0.0019352229, -0.0019441395, -0.0019568494, -0.0019586545, -0.0019484741, -0.0019394197, -0.0019152277, -0.0018878728, -0.0018751477, -0.0018544295, -0.0018414219, -0.001837963, -0.0018369523, -0.0018415572, -0.0018486036, -0.0018523451, -0.0018591076, -0.0018633708, -0.0018643274, -0.0018639086, -0.0018607215, -0.0018547769, -0.0018509759, -0.0018421366, -0.001831673, -0.0018258288, -0.0018131883, -0.0017990745, -0.0017913581, -0.0017745789, -0.0017557766, -0.0017344131, -0.0017227278, -0.0016970153, -0.0016677531, -0.001651691, -0.0016163046, -0.0015760207, -0.0015300692, -0.0015048586, -0.0014507247, -0.0013975548, -0.0013770406, -0.0013753672, -0.001476982
0, 0, 0, 0, 0, 0, 0, 0, 0, -0.0019886328, -0.0015192085, -0.0014009023, -0.0013143618, -0.0013215815, -0.0013376982, -0.0013755535, -0.0014119414, -0.0014433612, -0.0014569856, -0.0014798712, -0.0014970559, -0.0015037372, -0.0015134442, -0.0015195013, -0.0015215952, -0.001524189, -0.0015253725, -0.0015252362, -0.0015248121, -0.0015235511, -0.0015226402, -0.0015226605, -0.0015239995, -0.0015274966, -0.001533028, -0.0015365637, -0.0015451049, -0.001555724, -0.0015617323, -0.001574961, -0.0015893043, -0.0015962236, -0.0016090769, -0.0016203207, -0.0016298466, -0.0016343781, -0.0016432382, -0.0016516681, -0.0016555504, -0.001662826, -0.0016699262, -0.0016781689, -0.0016834055, -0.0016965254, -0.0017121683, -0.0017209174, -0.0017408673, -0.001764689, -0.0017778452, -0.0018060372, -0.0018352915, -0.0018639175, -0.0018780556, -0.0019083291, -0.0019436409, -0.0019632294, -0.0020046632, -0.0020467616, -0.0020883258, -0.002108549, -0.0021461989, -0.002178156, -0.0021921245, -0.0022175312, -0.0022402436, -0.0022578212, -0.0022636154, -0.0022689723, -0.002267859, -0.00226537, -0.002256504, -0.0022418385, -0.0022323756, -0.0022099477, -0.0021837254, -0.0021546667, -0.0021391597, -0.0021059182, -0.0020704072, -0.0020527581, -0.0020200305, -0.0019912294, -0.001963999, -0.0019503472, -0.0019246067, -0.0019050516, -0.0018985294, -0.0018916728, -0.0018909769, -0.0018921553, -0.0018960993, -0.0019020196, -0.0019112433, -0.001917522, -0.0019331897, -0.0019513798, -0.001960043, -0.00197233, -0.0019734888, -0.0019625302, -0.0019531602, -0.0019286094, -0.0019007399, -0.0018876856, -0.0018664529, -0.001853085, -0.0018494199, -0.0018478773, -0.0018521388, -0.0018589065, -0.0018624183, -0.0018686836, -0.0018726821, -0.0018734589, -0.0018727124, -0.001869162, -0.0018629669, -0.0018590452, -0.0018498228, -0.0018391025, -0.0018331506, -0.0018201666, -0.0018058134, -0.0017979767, -0.0017808834, -0.0017617812, -0.0017401521, -0.0017282931, -0.0017023076, -0.0016728005, -0.0016565722, -0.0016208914, -0.001580295, -0.0015340373, -0.0015086846, -0.0014541737, -0.0014006061, -0.001379932, -0.0013778608, -0.0014793572
0, 0, 0, 0, 0, 0, 0, 0, 0, 0, -0.0014311711, -0.0013438727, -0.0012691814, -0.0012859335, -0.0013077672, -0.0013560123, -0.0014002735, -0.0014368636, -0.0014524484, -0.0014783614, -0.0014980442, -0.0015057838, -0.0015176367, -0.0015251955, -0.0015278206, -0.0015309567, -0.001531717, -0.0015310525, -0.0015305824, -0.0015300259, -0.0015307589, -0.0015318146, -0.0015353533, -0.0015407518, -0.0015482232, -0.0015525807, -0.0015628081, -0.001574878, -0.001581211, -0.0015941992, -0.0016066959, -0.0016125405, -0.001623015, -0.0016325307, -0.0016419626, -0.0016471208, -0.0016587154, -0.0016712251, -0.0016776288, -0.0016904675, -0.0017032428, -0.0017165681, -0.0017237657, -0.0017390708, -0.0017540754, -0.0017614227, -0.0017771878, -0.0017954338, -0.0018057115, -0.0018282505, -0.001853342, -0.0018803811, -0.0018947022, -0.0019264347, -0.0019640487, -0.0019848696, -0.0020286671, -0.002072991, -0.002116239, -0.0021370475, -0.0021751553, -0.0022070573, -0.002220915, -0.0022464232, -0.0022696168, -0.0022873993, -0.0022932116, -0.0022983765, -0.0022967823, -0.0022940682, -0.0022845014, -0.0022691153, -0.0022592703, -0.0022360515, -0.0022094513, -0.002180369, -0.002164848, -0.002131389, -0.0020953233, -0.0020773248, -0.0020438472, -0.0020144663, -0.0019869013, -0.0019732832, -0.0019474506, -0.0019272682, -0.0019202449, -0.0019125341, -0.001911408, -0.0019124151, -0.0019158007, -0.0019209338, -0.001929563, -0.001935593, -0.0019505863, -0.0019678343, -0.0019761457, -0.0019880352, -0.00198867, -0.0019768798, -0.0019671265, -0.0019421502, -0.0019138275, -0.0019004446, -0.0018786191, -0.0018648525, -0.001861033, -0.0018590064, -0.0018628353, -0.0018693208, -0.0018726197, -0.001878415, -0.0018820978, -0.0018827585, -0.0018816344, -0.0018777181, -0.0018712461, -0.0018671822, -0.0018576378, -0.0018465943, -0.0018405297, -0.001827243, -0.0018126027, -0.0018046368, -0.0017872545, -0.0017678585, -0.0017459908, -0.0017339662, -0.0017076493, -0.0016778884, -0.0016615082, -0.0016255513, -0.001584617, -0.0015380512, -0.0015124917, -0.0014576429, -0.0014036824, -0.0013828266, -0.0013804134, -0.0014817729
0, 0, 0, 0, 0, 0, 0, 0, 0, 0, -0.0015608208, -0.0013960677, -0.0012730702, -0.0012835435, -0.0013057917, -0.0013565061, -0.0014024213, -0.0014403055, -0.0014564075, -0.0014835071, -0.0015044786, -0.0015130084, -0.0015264775, -0.0015353942, -0.0015383578, -0.001541757, -0.0015424038, -0.00154174, -0.0015416285, -0.0015426108, -0.0015457729, -0.0015482972, -0.001554774, -0.0015629202, -0.0015724, -0.0015775848, -0.0015886558, -0.0016003124, -0.0016058692, -0.0016160716, -0.0016245291, -0.0016281895, -0.0016352306, -0.0016434933, -0.0016544139, -0.0016613816, -0.0016782712, -0.00169741, -0.0017073451, -0.001726918, -0.0017453006, -0.0017621656, -0.0017701772, -0.0017846869, -0.0017962847, -0.0018011103, -0.0018105833, -0.0018221909, -0.0018291977, -0.0018462626, -0.0018683342, -0.0018953037, -0.0019104515, -0.0019447728, -0.0019850607, -0.0020070625, -0.00205291, -0.0020989366, -0.0021437649, -0.0021651522, -0.0022039723, -0.0022360038, -0.0022498884, -0.0022754527, -0.0022984708, -0.0023157524, -0.0023213197, -0.0023263, -0.0023250212, -0.0023223818, -0.0023126998, -0.002296757, -0.0022865038, -0.0022624594, -0.0022352005, -0.0022058387, -0.002190251, -0.0021565997, -0.0021206136, -0.002102638, -0.0020688819, -0.0020386807, -0.0020102586, -0.001996364, -0.001970454, -0.0019500373, -0.0019427272, -0.001934292, -0.0019325555, -0.0019331627, -0.0019358145, -0.0019401386, -0.001948206, -0.0019540582, -0.0019684925, -0.0019846775, -0.0019924818, -0.0020038623, -0.0020041468, -0.0019916038, -0.0019813604, -0.001955787, -0.0019271426, -0.0019135011, -0.0018909855, -0.0018767972, -0.0018728244, -0.0018703646, -0.0018736861, -0.0018798355, -0.0018829793, -0.0018883431, -0.0018915856, -0.0018921609, -0.0018907511, -0.0018863956, -0.0018796491, -0.0018754402, -0.0018655732, -0.0018542085, -0.0018480225, -0.001834438, -0.0018194313, -0.0018113528, -0.0017937528, -0.001774004, -0.0017518691, -0.0017397193, -0.0017130832, -0.0016830188, -0.001666519, -0.0016302245, -0.0015890172, -0.0015420737, -0.0015163445, -0.0014611769, -0.0014067956, -0.0013857404, -0.001383011, -0.0014841658
0, 0, 0, 0, 0, 0, 0, 0, 0, 0, -0.0014849808, -0.0014200665, -0.0013255503, -0.001319376, -0.0013341084, -0.0013743342, -0.0014148409, -0.001450012, -0.0014653874, -0.0014919526, -0.001513324, -0.0015221013, -0.001536122, -0.0015457615, -0.0015488999, -0.0015526846, -0.0015540379, -0.0015549706, -0.0015558264, -0.0015593502, -0.0015653376, -0.0015691555, -0.0015778148, -0.0015875455, -0.0015977534, -0.001602984, -0.0016132348, -0.001622735, -0.0016268578, -0.001633507, -0.001638493, -0.001640717, -0.0016463165, -0.0016560757, -0.0016714948, -0.001681446, -0.0017054874, -0.0017317818, -0.0017448633, -0.0017698633, -0.0017916436, -0.0018094437, -0.0018168709, -0.0018284424, -0.0018351369, -0.0018369864, -0.0018403486, -0.0018459958, -0.0018503799, -0.0018637385, -0.0018846323, -0.0019126679, -0.0019289267, -0.0019656601, -0.0020075634, -0.0020301475, -0.0020766503, -0.0021233775, -0.002169345, -0.0021914504, -0.002231565, -0.002264653, -0.0022789133, -0.0023047454, -0.002327094, -0.0023433312, -0.0023483254, -0.002352929, -0.002351947, -0.0023495029, -0.0023400015, -0.002323835, -0.002313515, -0.0022892368, -0.0022617455, -0.002231983, -0.0022160923, -0.0021819137, -0.002145797, -0.0021279973, -0.0020943524, -0.0020637808, -0.002034754, -0.0020205586, -0.00199415, -0.0019730648, -0.0019654178, -0.0019564345, -0.00195429, -0.0019547348, -0.001956583, -0.0019598107, -0.0019669146, -0.0019725568, -0.0019867239, -0.002002194, -0.002009469, -0.0020198552, -0.0020197365, -0.0020066001, -0.0019959465, -0.0019696543, -0.0019406116, -0.0019267369, -0.0019035522, -0.001888942, -0.0018848286, -0.001881996, -0.0018846943, -0.0018904845, -0.0018935051, -0.0018984624, -0.0019012974, -0.0019016812, -0.0018999908, -0.0018952348, -0.0018881831, -0.0018838462, -0.0018736637, -0.0018619297, -0.0018555789, -0.0018417711, -0.0018263895, -0.0018181769, -0.0018003198, -0.001780255, -0.0017578119, -0.0017455411, -0.0017185966, -0.0016882381, -0.0016715993, -0.0016349755, -0.0015934375, -0.0015461715, -0.001520287, -0.0014647568, -0.0014099745, -0.0013886834, -0.0013855956, -0.0014865642
0, 0, 0, 0, 0, 0, 0, 0, 0, 0, -0.0018320383, -0.0016950123, -0.0014626615, -0.0013805254, -0.0013748562, -0.0013935362, -0.001425658, -0.0014577744, -0.0014724736, -0.0014985091, -0.0015198332, -0.0015287336, -0.0015427362, -0.0015526846, -0.0015561122, -0.001560864, -0.0015641168, -0.0015675253, -0.0015697724, -0.0015759282, -0.001583705, -0.0015879379, -0.0015969371, -0.0016058407, -0.0016148264, -0.0016191414, -0.001627235, -0.0016340361, -0.0016368347, -0.0016415054, -0.0016458272, -0.0016485729, -0.0016570572, -0.0016717963, -0.0016938867, -0.0017074596, -0.0017381428, -0.0017697061, -0.0017847081, -0.0018120548, -0.0018342829, -0.0018508225, -0.001856996, -0.0018649546, -0.0018671196, -0.0018666971, -0.0018658388, -0.0018682823, -0.0018716108, -0.0018843986, -0.0019062496, -0.0019360734, -0.0019532333, -0.001991044, -0.0020328334, -0.002054865, -0.002100091, -0.0021461095, -0.0021925068, -0.0022151642, -0.0022570374, -0.002291951, -0.002307014, -0.00233342, -0.0023550643, -0.0023698127, -0.0023743429, -0.0023787266, -0.0023782365, -0.002375965, -0.0023663847, -0.002349933, -0.0023395142, -0.0023154933, -0.0022884882, -0.0022588463, -0.0022427726, -0.0022079865, -0.0021715641, -0.0021537908, -0.0021202744, -0.002089291, -0.0020597756, -0.002045479, -0.0020188284, -0.0019971333, -0.0019890056, -0.0019789771, -0.001976133, -0.0019764376, -0.001977952, -0.0019803334, -0.0019862137, -0.0019913155, -0.002004983, -0.0020200403, -0.0020268564, -0.002036291, -0.0020355377, -0.0020218147, -0.0020108153, -0.0019837792, -0.0019543513, -0.0019402644, -0.001916414, -0.0019012011, -0.0018969446, -0.0018937982, -0.001895982, -0.0019012761, -0.0019041401, -0.0019088425, -0.0019111972, -0.0019113721, -0.0019093462, -0.0019042965, -0.0018968128, -0.001892304, -0.0018818637, -0.0018697482, -0.0018632456, -0.0018491746, -0.0018335062, -0.0018251081, -0.0018069595, -0.0017865839, -0.0017638403, -0.0017514287, -0.0017241705, -0.0016935306, -0.0016767068, -0.0016397455, -0.0015979096, -0.0015503304, -0.0015242514, -0.0014682958, -0.0014131849, -0.0013916943, -0.0013881879, -0.0014890254
0, 0, 0, 0, 0, 0, 0, 0, 0, 0, -0.0023951111, -0.002064676, -0.0015865563, -0.0014126864, -0.0013885025, -0.0013929902, -0.0014229316, -0.0014558253, -0.0014711682, -0.0014983651, -0.0015205323, -0.0015298384, -0.0015449218, -0.0015559449, -0.0015602503, -0.0015670278, -0.0015728646, -0.0015788896, -0.0015821231, -0.0015893519, -0.0015966488, -0.0016002844, -0.001607133, -0.0016136199, -0.0016203044, -0.0016235426, -0.0016295613, -0.0016351009, -0.0016376401, -0.0016434209, -0.0016513054, -0.0016565941, -0.0016712836, -0.0016927135, -0.0017206633, -0.0017366922, -0.0017706878, -0.0018034237, -0.0018183924, -0.0018446819, -0.0018651867, -0.0018795582, -0.001884595, -0.0018902719, -0.0018903991, -0.0018892926, -0.0018877572, -0.0018907049, -0.0018948128, -0.0019093769, -0.0019336566, -0.0019653875, -0.0019830998, -0.0020211402, -0.0020617456, -0.0020825684, -0.002124889, -0.0021683625, -0.0022136234, -0.0022364184, -0.0022798, -0.0023171492, -0.0023332445, -0.0023605565, -0.0023814114, -0.0023950047, -0.0023992513, -0.0024037722, -0.0024037934, -0.0024016583, -0.00239208, -0.0023755392, -0.0023651815, -0.0023416462, -0.0023151923, -0.0022857967, -0.0022696715, -0.0022346529, -0.0021982787, -0.00218058, -0.0021470683, -0.0021154247, -0.00208532, -0.0020708707, -0.0020440076, -0.0020218543, -0.002013342, -0.0020024446, -0.0019986283, -0.0019984588, -0.0019993773, -0.0020011973, -0.0020061804, -0.0020107355, -0.0020236312, -0.0020380397, -0.0020444666, -0.0020529379, -0.0020516082, -0.0020375326, -0.002026094, -0.0019981146, -0.0019681435, -0.001953955, -0.0019297429, -0.0019137893, -0.0019092559, -0.0019057118, -0.0019075285, -0.0019123281, -0.001914976, -0.0019193826, -0.0019212682, -0.0019212135, -0.0019189327, -0.0019135567, -0.0019055756, -0.0019008977, -0.0018902009, -0.0018777797, -0.0018710627, -0.0018566654, -0.0018407324, -0.0018321219, -0.0018136702, -0.00179303, -0.0017699349, -0.001757395, -0.0017298484, -0.0016988424, -0.0016818574, -0.0016446086, -0.0016024262, -0.0015545286, -0.0015282432, -0.0014718894, -0.0014164055, -0.0013947261, -0.0013908565, -0.0014914656
0, 0, 0, 0, 0, 0, 0, 0, 0, 0, 0, -0.002026963, -0.0015634102, -0.0013857714, -0.0013620192, -0.00137082, -0.0014059577, -0.001443198, -0.0014602273, -0.0014900822, -0.001514932, -0.0015254914, -0.0015435326, -0.0015577608, -0.0015637006, -0.0015736781, -0.0015819573, -0.0015890566, -0.001592397, -0.0015982925, -0.0016030329, -0.0016049229, -0.0016084446, -0.0016127056, -0.0016177486, -0.0016207922, -0.0016270656, -0.0016341681, -0.0016381888, -0.0016486426, -0.0016630222, -0.0016718408, -0.0016931434, -0.0017190764, -0.0017486213, -0.001764504, -0.0017966864, -0.0018267154, -0.0018401267, -0.0018634012, -0.0018814697, -0.0018942583, -0.0018987594, -0.001904294, -0.0019056083, -0.0019055709, -0.0019071449, -0.001913829, -0.0019197946, -0.0019378094, -0.0019642382, -0.001997199, -0.0020152044, -0.002053266, -0.002092984, -0.0021128922, -0.0021525063, -0.0021926071, -0.0022350575, -0.0022571266, -0.0023004408, -0.0023392607, -0.0023561083, -0.002384438, -0.002405457, -0.0024191218, -0.00242352, -0.00242852, -0.0024286315, -0.002426446, -0.0024166862, -0.0024005617, -0.002390642, -0.0023679477, -0.0023422907, -0.0023130567, -0.0022968845, -0.002261757, -0.002225608, -0.0022080278, -0.002174496, -0.002142393, -0.0021116766, -0.0020970241, -0.0020697003, -0.0020469204, -0.0020381054, -0.0020265118, -0.0020217143, -0.0020210114, -0.0020212836, -0.0020225092, -0.0020263914, -0.0020303696, -0.0020424624, -0.0020566166, -0.002062647, -0.0020699464, -0.0020677769, -0.0020533975, -0.0020417522, -0.0020129175, -0.0019822316, -0.0019677866, -0.0019431788, -0.0019267317, -0.0019219159, -0.0019179025, -0.0019193135, -0.0019236124, -0.0019260651, -0.0019301208, -0.0019316125, -0.001931296, -0.0019286296, -0.0019229722, -0.0019145793, -0.0019096802, -0.0018986791, -0.0018859492, -0.0018790403, -0.0018642702, -0.0018480623, -0.0018393005, -0.0018204678, -0.0017995698, -0.0017761125, -0.0017634002, -0.0017355786, -0.0017041971, -0.0016870793, -0.001649545, -0.0016069759, -0.001558718, -0.0015322856, -0.0014755845, -0.0014196758, -0.0013977849, -0.0013934991, -0.001493968
0, 0, 0, 0, 0, 0, 0, 0, 0, 0, 0, 0, -0.0015151835, -0.0013676955, -0.0013420808, -0.0013494856, -0.0013865824, -0.0014267552, -0.0014454491, -0.0014789732, -0.0015077443, -0.0015204787, -0.0015428497, -0.0015614002, -0.001569269, -0.0015824769, -0.0015924722, -0.0015998936, -0.0016026383, -0.001606435, -0.0016084381, -0.0016090099, -0.0016105805, -0.0016139923, -0.0016198371, -0.001623588, -0.0016325435, -0.0016436313, -0.0016502715, -0.001666381, -0.0016867374, -0.0016981912, -0.0017226001, -0.0017485401, -0.0017747814, -0.0017880433, -0.0018143889, -0.0018388651, -0.0018501292, -0.001870269, -0.0018865847, -0.0018989077, -0.0019037478, -0.0019112071, -0.0019163378, -0.0019189147, -0.00192637, -0.0019384907, -0.0019465418, -0.001966891, -0.0019936983, -0.002026144, -0.0020440326, -0.002082542, -0.002123223, -0.0021434587, -0.002182627, -0.0022203957, -0.002259595, -0.0022800723, -0.0023211336, -0.0023590266, -0.0023757, -0.0024041343, -0.0024260802, -0.0024413473, -0.0024466368, -0.0024528564, -0.0024531297, -0.0024507486, -0.0024409625, -0.0024254876, -0.0024159853, -0.002394214, -0.0023692334, -0.00234051, -0.0023245194, -0.0022897157, -0.0022537946, -0.002236327, -0.0022025115, -0.0021699271, -0.0021387397, -0.0021238439, -0.002095879, -0.0020724633, -0.002063428, -0.0020511788, -0.0020452305, -0.0020438936, -0.0020433515, -0.0020442058, -0.0020472987, -0.0020505777, -0.0020615456, -0.002075197, -0.002081052, -0.0020875293, -0.0020844243, -0.0020693648, -0.0020574676, -0.0020280709, -0.0019967149, -0.0019820249, -0.0019569187, -0.0019398753, -0.0019347462, -0.0019303474, -0.0019314449, -0.0019351437, -0.0019373281, -0.0019410551, -0.0019422685, -0.0019416705, -0.0019384469, -0.0019325033, -0.0019238371, -0.0019186819, -0.0019072801, -0.0018942384, -0.00188716, -0.0018719995, -0.0018554751, -0.0018465755, -0.0018273781, -0.0018061803, -0.0017823802, -0.0017694654, -0.0017413758, -0.0017096422, -0.001692345, -0.0016544837, -0.0016116183, -0.0015629646, -0.0015363527, -0.0014793023, -0.0014229454, -0.0014008584, -0.0013961924, -0.0014964645
0, 0, 0, 0, 0, 0, 0, 0, 0, 0, 0, 0, -0.0017079134, -0.0014210511, -0.0013666961, -0.0013467607, -0.0013758915, -0.0014163852, -0.0014363433, -0.0014738529, -0.0015070401, -0.0015222362, -0.0015491055, -0.0015716699, -0.0015811439, -0.001596895, -0.0016083439, -0.0016161208, -0.0016188476, -0.0016226337, -0.0016246343, -0.0016254497, -0.0016279146, -0.0016329768, -0.0016415546, -0.001646855, -0.0016593016, -0.0016742139, -0.0016826148, -0.0017019468, -0.0017243949, -0.00173593, -0.0017590572, -0.0017805068, -0.0017999484, -0.0018094217, -0.0018285407, -0.0018474935, -0.0018567593, -0.0018747936, -0.0018906647, -0.0019036861, -0.0019093027, -0.001919471, -0.001929232, -0.0019346619, -0.0019478651, -0.0019643253, -0.0019734956, -0.001994003, -0.002018806, -0.0020491802, -0.002066592, -0.0021057888, -0.0021487547, -0.0021703502, -0.0022113791, -0.0022492302, -0.0022866558, -0.00230573, -0.002343891, -0.0023788856, -0.002394448, -0.0024215651, -0.0024439667, -0.0024611773, -0.0024675366, -0.0024753793, -0.002476382, -0.002474307, -0.0024653608, -0.0024510066, -0.0024419872, -0.0024209386, -0.0023964425, -0.0023682264, -0.002352453, -0.002318015, -0.002282344, -0.00226494, -0.0022312752, -0.0021984468, -0.0021665513, -0.0021511486, -0.0021222692, -0.002098233, -0.0020890445, -0.0020764598, -0.0020693957, -0.0020673147, -0.0020654935, -0.0020660448, -0.0020685287, -0.0020712593, -0.0020811404, -0.0020941154, -0.0020996458, -0.0021053439, -0.002101441, -0.0020857889, -0.0020736519, -0.0020435466, -0.0020114135, -0.0019964997, -0.0019710518, -0.0019534642, -0.0019479386, -0.0019429245, -0.0019437837, -0.0019470964, -0.0019489598, -0.0019521123, -0.0019530678, -0.0019523406, -0.0019485608, -0.0019422036, -0.0019331991, -0.0019278931, -0.0019160626, -0.0019026746, -0.0018954175, -0.0018799148, -0.0018630063, -0.0018539362, -0.001834378, -0.0018128469, -0.0017887602, -0.0017756494, -0.0017471758, -0.0017152027, -0.0016977061, -0.001659473, -0.0016163025, -0.0015672673, -0.0015404556, -0.0014830199, -0.0014262461, -0.0014039441, -0.001398915, -0.0014990038
0, 0, 0, 0, 0, 0, 0, 0, 0, 0, 0, 0, -0.001714495, -0.0014966736, -0.0014174031, -0.0013582075, -0.0013743823, -0.0014155635, -0.001437967, -0.0014810325, -0.0015192988, -0.0015364834, -0.0015669476, -0.0015922915, -0.0016028963, -0.0016205458, -0.001634162, -0.0016445583, -0.001648857, -0.0016558747, -0.0016616883, -0.0016644355, -0.0016702898, -0.0016782696, -0.001689226, -0.0016957322, -0.0017100256, -0.001725652, -0.0017339203, -0.001751974, -0.001771275, -0.0017808605, -0.0017987844, -0.00181416, -0.0018272523, -0.0018336689, -0.001847485, -0.0018631213, -0.0018715216, -0.0018890842, -0.0019057977, -0.0019201632, -0.0019267387, -0.0019395183, -0.0019526484, -0.0019597479, -0.0019754374, -0.0019922229, -0.0020005163, -0.0020179083, -0.0020388528, -0.0020665766, -0.0020835788, -0.0021235093, -0.0021692151, -0.0021924113, -0.00223591, -0.0022750117, -0.002312101, -0.0023305388, -0.0023666772, -0.002399259, -0.0024137609, -0.002439596, -0.0024620113, -0.002480053, -0.0024869654, -0.0024958486, -0.0024981364, -0.0024969033, -0.0024896148, -0.0024765765, -0.002468017, -0.0024478685, -0.0024244767, -0.002397175, -0.0023815867, -0.0023469906, -0.0023108851, -0.0022933995, -0.0022600961, -0.0022276086, -0.0021953497, -0.0021794061, -0.0021491272, -0.0021241095, -0.0021146806, -0.0021017746, -0.002093988, -0.0020913375, -0.0020883442, -0.0020880369, -0.002089903, -0.0020922327, -0.0021010938, -0.0021133889, -0.0021186583, -0.0021236856, -0.0021187468, -0.0021024079, -0.0020900394, -0.0020595517, -0.0020266343, -0.0020112393, -0.001985342, -0.001967456, -0.0019616366, -0.0019559348, -0.0019563, -0.00195931, -0.001960921, -0.0019635155, -0.0019640971, -0.001963141, -0.0019589216, -0.0019521508, -0.0019427903, -0.0019372507, -0.0019250007, -0.0019112668, -0.0019038352, -0.0018878906, -0.0018706823, -0.0018614653, -0.0018415247, -0.001819559, -0.0017952118, -0.0017819556, -0.0017530726, -0.0017207689, -0.0017031387, -0.0016645311, -0.0016209929, -0.0015716194, -0.0015446383, -0.001486764, -0.0014295791, -0.0014070299, -0.0014016872, -0.0015015609
0, 0, 0, 0, 0, 0, 0, 0, 0, 0, 0, 0, -0.0021742943, -0.0016477391, -0.0014903127, -0.0013680474, -0.0013767455, -0.0014248827, -0.001451258, -0.0015008904, -0.0015432654, -0.0015618347, -0.0015943503, -0.0016216092, -0.0016333981, -0.0016540617, -0.0016713785, -0.0016867031, -0.0016938968, -0.0017069688, -0.0017182564, -0.001723459, -0.0017329282, -0.00174268, -0.0017539845, -0.0017601262, -0.0017728498, -0.0017858045, -0.0017922273, -0.001805288, -0.0018190229, -0.0018257401, -0.0018384057, -0.0018492977, -0.0018591677, -0.0018643951, -0.001876844, -0.0018924383, -0.0019012766, -0.0019199345, -0.0019382504, -0.0019544004, -0.0019619123, -0.001976581, -0.0019907395, -0.0019976918, -0.0020113566, -0.0020238778, -0.0020294432, -0.0020410505, -0.002057503, -0.0020828845, -0.0020994914, -0.0021399306, -0.002186736, -0.002210515, -0.0022550973, -0.002295063, -0.0023327463, -0.0023513818, -0.0023873218, -0.0024190622, -0.0024330907, -0.0024582434, -0.002480527, -0.0024988744, -0.0025059779, -0.0025157526, -0.0025198692, -0.0025197493, -0.0025144205, -0.0025020356, -0.002493633, -0.0024741685, -0.0024525132, -0.0024270082, -0.0024119632, -0.0023772952, -0.0023403016, -0.0023224375, -0.0022887609, -0.002256494, -0.0022241347, -0.002207967, -0.0021768073, -0.0021506262, -0.0021407097, -0.002127023, -0.0021186003, -0.0021154964, -0.0021115667, -0.0021104026, -0.0021116245, -0.002113581, -0.0021214867, -0.0021327897, -0.0021378356, -0.0021424529, -0.0021367054, -0.0021193642, -0.0021067117, -0.0020758563, -0.0020423215, -0.002026535, -0.0019999584, -0.001981662, -0.0019756595, -0.0019693684, -0.0019691875, -0.0019717931, -0.0019731594, -0.0019751722, -0.0019753466, -0.0019742292, -0.0019695444, -0.0019622669, -0.0019526046, -0.0019468729, -0.001934078, -0.0019199828, -0.0019123877, -0.0018960853, -0.0018784276, -0.0018690465, -0.0018487669, -0.001826403, -0.0018017226, -0.0017882955, -0.0017590867, -0.0017263988, -0.0017086174, -0.0016696502, -0.0016257113, -0.0015760078, -0.0015488152, -0.0014905528, -0.0014329487, -0.001410209, -0.0014044447, -0.0015041503
0, 0, 0, 0, 0, 0, 0, 0, 0, 0, 0, 0, 0, -0.0016438887, -0.0014826105, -0.0013673996, -0.0013891634, -0.001447745, -0.0014773317, -0.001530043, -0.0015733009, -0.0015921834, -0.0016257069, -0.0016549089, -0.0016684305, -0.0016930732, -0.0017158622, -0.0017370721, -0.001747248, -0.0017662765, -0.0017825713, -0.0017893375, -0.001800695, -0.0018100056, -0.0018189586, -0.0018233863, -0.0018319569, -0.0018401605, -0.0018441665, -0.0018521996, -0.0018612146, -0.0018660182, -0.0018760766, -0.0018862754, -0.0018972043, -0.001903494, -0.0019186808, -0.0019370632, -0.0019471695, -0.001968161, -0.0019879309, -0.0020049827, -0.002012867, -0.0020272804, -0.0020397857, -0.0020450908, -0.0020537635, -0.002059734, -0.002061976, -0.0020678102, -0.0020805362, -0.0021040437, -0.0021200525, -0.0021593743, -0.0022046072, -0.0022273788, -0.0022703847, -0.0023096784, -0.0023479613, -0.002367228, -0.0024044556, -0.0024372756, -0.0024516173, -0.0024773786, -0.002499731, -0.0025176485, -0.0025246576, -0.002535079, -0.0025417167, -0.002543168, -0.0025403893, -0.002528784, -0.002520292, -0.002500859, -0.0024802997, -0.0024563968, -0.002441969, -0.0024080097, -0.002370765, -0.0023525762, -0.002318188, -0.0022853215, -0.002252643, -0.0022362375, -0.0022044703, -0.0021774876, -0.0021670642, -0.002152556, -0.0021435188, -0.0021400251, -0.0021349525, -0.0021328833, -0.0021336314, -0.0021353797, -0.0021424114, -0.0021526169, -0.0021573151, -0.0021614886, -0.0021550616, -0.002136827, -0.0021238597, -0.002092498, -0.0020584147, -0.002042229, -0.002014953, -0.001996298, -0.0019900943, -0.0019831785, -0.0019823485, -0.0019845755, -0.0019857534, -0.00198717, -0.001986776, -0.0019855236, -0.001980479, -0.0019726208, -0.0019624894, -0.001956636, -0.0019434062, -0.0019288487, -0.0019210974, -0.0019044185, -0.0018863034, -0.0018766996, -0.0018561064, -0.0018333939, -0.0018083034, -0.0017947169, -0.001765116, -0.0017321035, -0.0017141178, -0.0016748009, -0.0016304838, -0.0015804314, -0.0015530323, -0.0014943855, -0.0014363836, -0.0014134123, -0.0014072125, -0.0015067447
0, 0, 0, 0, 0, 0, 0, 0, 0, 0, 0, 0, 0, -0.0015536165, -0.0014959316, -0.0014247986, -0.001440881, -0.0014906977, -0.0015167397, -0.0015637396, -0.0016035725, -0.0016216954, -0.0016553869, -0.0016873077, -0.0017026274, -0.0017319205, -0.0017596453, -0.0017856008, -0.0017979163, -0.0018203545, -0.0018389965, -0.0018464738, -0.0018576402, -0.0018653873, -0.001871357, -0.0018738932, -0.0018783389, -0.001882368, -0.001884513, -0.0018897399, -0.0018975107, -0.0019023811, -0.0019139568, -0.0019276056, -0.001943141, -0.0019519689, -0.0019720937, -0.0019945789, -0.0020059908, -0.0020282227, -0.0020478852, -0.0020638758, -0.0020709317, -0.002083091, -0.002092232, -0.0020954772, -0.0020994537, -0.002100448, -0.0021004775, -0.0021029215, -0.002113279, -0.002134568, -0.002149165, -0.0021846874, -0.0022249236, -0.0022451277, -0.0022838216, -0.0023211837, -0.002359769, -0.002379666, -0.002418591, -0.002453136, -0.0024685175, -0.0024962265, -0.002519785, -0.0025376582, -0.0025444499, -0.0025551175, -0.0025634782, -0.002566282, -0.0025661953, -0.0025563838, -0.0025483866, -0.0025294782, -0.0025091511, -0.0024855623, -0.0024713778, -0.002438317, -0.0024015163, -0.0023831348, -0.0023478968, -0.0023143725, -0.0022812912, -0.0022646873, -0.0022321963, -0.0022041807, -0.002193256, -0.002178112, -0.0021686975, -0.002164873, -0.0021588034, -0.0021556567, -0.002155845, -0.0021573387, -0.0021636481, -0.002172985, -0.0021772273, -0.0021809076, -0.002173893, -0.0021547126, -0.0021413593, -0.0021094778, -0.0020750363, -0.002058518, -0.0020303605, -0.0020111564, -0.002004799, -0.0019974872, -0.0019958925, -0.0019975838, -0.001998582, -0.0019995293, -0.001998522, -0.0019970818, -0.0019916026, -0.001983222, -0.0019726262, -0.0019665586, -0.0019529432, -0.0019378618, -0.0019299006, -0.0019128581, -0.0018943088, -0.0018845308, -0.0018635709, -0.0018404897, -0.0018149648, -0.001801186, -0.0017712404, -0.0017378337, -0.0017196906, -0.0016800195, -0.0016353169, -0.0015848872, -0.0015573152, -0.0014982236, -0.0014397942, -0.0014166024, -0.0014100182, -0.0015093486
0, 0, 0, 0, 0, 0, 0, 0, 0, 0, 0, 0, 0, -0.0019761682, -0.0018372273, -0.0016086736, -0.0015341289, -0.001540821, -0.0015555756, -0.0015908967, -0.0016271475, -0.0016450395, -0.001680354, -0.001715123, -0.0017320497, -0.0017646361, -0.0017949046, -0.0018226091, -0.0018354566, -0.001858409, -0.0018770723, -0.001884319, -0.0018948774, -0.0019014713, -0.0019060242, -0.001907689, -0.0019105828, -0.0019133308, -0.001915188, -0.0019210995, -0.0019312019, -0.0019379103, -0.0019545106, -0.001974105, -0.001995941, -0.002007732, -0.0020327535, -0.0020578871, -0.0020696847, -0.0020909326, -0.0021077152, -0.0021200657, -0.0021252146, -0.002133941, -0.0021401974, -0.002142194, -0.0021445218, -0.0021452252, -0.0021455016, -0.0021485353, -0.0021583117, -0.0021765388, -0.002188648, -0.0022171945, -0.0022495058, -0.002266055, -0.0022991118, -0.0023335132, -0.0023714534, -0.0023913549, -0.0024305938, -0.002466497, -0.002483145, -0.0025140396, -0.0025403027, -0.002559483, -0.00256635, -0.0025770687, -0.0025861354, -0.0025897527, -0.0025918328, -0.00258421, -0.0025771132, -0.0025592018, -0.002538774, -0.0025150252, -0.0025010991, -0.002468804, -0.002432303, -0.0024135695, -0.002377242, -0.002343093, -0.00230996, -0.0022932047, -0.0022600354, -0.0022309986, -0.0022196125, -0.0022037602, -0.0021937715, -0.0021896826, -0.0021829475, -0.002178951, -0.0021784543, -0.0021796296, -0.0021853158, -0.002193819, -0.0021976025, -0.002200622, -0.0021932884, -0.0021733793, -0.0021594071, -0.0021267335, -0.0020919985, -0.002075299, -0.0020463231, -0.0020264124, -0.0020198396, -0.0020120158, -0.0020098558, -0.002011006, -0.0020117713, -0.0020121965, -0.0020105792, -0.0020088549, -0.0020029647, -0.0019940385, -0.00198293, -0.001976666, -0.0019626957, -0.0019470449, -0.001938834, -0.0019214549, -0.0019024756, -0.0018924152, -0.001871118, -0.0018476582, -0.0018217014, -0.0018077312, -0.0017774506, -0.0017436326, -0.001725306, -0.001685299, -0.0016401953, -0.0015893419, -0.0015616041, -0.0015021416, -0.0014432443, -0.001419842, -0.0014128032, -0.0015120015
0, 0, 0, 0, 0, 0, 0, 0, 0, 0, 0, 0, 0, -0.0026602861, -0.002319995, -0.0018045738, -0.0015997326, -0.0015586358, -0.001564614, -0.0015958257, -0.0016352342, -0.0016554625, -0.0016953537, -0.0017337225, -0.0017519703, -0.0017861087, -0.0018166199, -0.0018434428, -0.0018556698, -0.0018775039, -0.0018951577, -0.0019023379, -0.0019131462, -0.0019207174, -0.0019264697, -0.0019289873, -0.0019335081, -0.0019384926, -0.0019417958, -0.0019512827, -0.0019662194, -0.0019757594, -0.001998137, -0.0020236054, -0.0020503718, -0.0020641512, -0.0020915892, -0.0021165372, -0.0021272532, -0.0021449104, -0.0021569245, -0.0021647736, -0.0021680521, -0.0021743127, -0.0021798427, -0.0021822331, -0.0021868248, -0.0021913345, -0.0021938307, -0.0022003592, -0.0022108958, -0.0022261054, -0.0022352573, -0.0022560346, -0.0022798069, -0.0022925218, -0.0023199175, -0.0023508056, -0.0023865653, -0.0024056204, -0.0024435502, -0.0024798338, -0.0024973727, -0.0025311091, -0.0025604316, -0.0025818702, -0.0025895115, -0.0026011267, -0.0026107368, -0.0026147075, -0.0026182295, -0.002612543, -0.002606345, -0.0025896006, -0.0025690568, -0.0025446955, -0.0025307739, -0.0024989469, -0.002462857, -0.002443985, -0.0024068526, -0.00237175, -0.002338076, -0.0023211553, -0.002287629, -0.0022580065, -0.0022462308, -0.0022296088, -0.0022190013, -0.0022146797, -0.0022073537, -0.002202548, -0.0022012256, -0.0022022165, -0.0022076753, -0.0022153426, -0.0022185645, -0.0022205955, -0.0022129642, -0.002192642, -0.0021781945, -0.0021445646, -0.0021092517, -0.002092355, -0.002062769, -0.00204216, -0.0020353454, -0.0020269994, -0.0020241353, -0.0020246673, -0.0020252601, -0.002025228, -0.0020229549, -0.0020208447, -0.0020145318, -0.0020052276, -0.0019934296, -0.0019869027, -0.0019725235, -0.0019564729, -0.0019479758, -0.0019301323, -0.001910832, -0.001900515, -0.0018787058, -0.0018548807, -0.0018285603, -0.0018143594, -0.0017837252, -0.0017495101, -0.001730949, -0.0016906225, -0.0016451434, -0.0015938432, -0.0015659257, -0.0015060753, -0.0014467249, -0.0014231005, -0.0014156674, -0.0015146516
0, 0, 0, 0, 0, 0, 0, 0, 0, 0, 0, 0, 0, 0, -0.0023959214, -0.001837613, -0.0015736232, -0.0015203621, -0.0015291804, -0.001572083, -0.0016235717, -0.0016487724, -0.0016960531, -0.0017386604, -0.0017581349, -0.0017931676, -0.0018233384, -0.0018494487, -0.0018614281, -0.001882821, -0.0019007322, -0.0019083384, -0.0019213991, -0.0019320386, -0.0019418107, -0.0019465039, -0.0019555606, -0.0019655032, -0.0019711154, -0.001985434, -0.0020051037, -0.002016609, -0.0020428617, -0.002070969, -0.0020990907, -0.0021127996, -0.0021385355, -0.002160275, -0.0021689197, -0.002182086, -0.0021903182, -0.0021959755, -0.0021988098, -0.0022056259, -0.002213295, -0.00221729, -0.0022259934, -0.0022355681, -0.0022404687, -0.0022510532, -0.002263071, -0.002276326, -0.0022832311, -0.002297847, -0.002314713, -0.002324394, -0.0023468211, -0.0023743066, -0.0024071827, -0.002424973, -0.0024610437, -0.002496678, -0.002514475, -0.0025494627, -0.0025807836, -0.0026046624, -0.0026135202, -0.0026269688, -0.0026372808, -0.0026414327, -0.0026453536, -0.002641124, -0.002635848, -0.0026205815, -0.0026001625, -0.0025749535, -0.0025606663, -0.002528555, -0.0024925766, -0.0024737224, -0.002436196, -0.0024004627, -0.002366081, -0.002348961, -0.0023150241, -0.002284944, -0.0022728727, -0.0022555038, -0.0022443782, -0.0022398506, -0.002232326, -0.0022267113, -0.0022243517, -0.0022250223, -0.0022302156, -0.0022375267, -0.002240289, -0.0022412522, -0.00223297, -0.00221225, -0.002197476, -0.0021629815, -0.0021270232, -0.0021098254, -0.0020796868, -0.0020582813, -0.0020511693, -0.0020424188, -0.0020388854, -0.002038661, -0.0020389452, -0.00203856, -0.002035643, -0.0020332006, -0.0020262979, -0.0020165844, -0.0020042583, -0.0019974045, -0.0019825012, -0.0019660383, -0.001957296, -0.0019390007, -0.0019192277, -0.0019087277, -0.001886422, -0.0018622297, -0.0018354884, -0.0018210984, -0.0017900271, -0.0017554397, -0.0017366863, -0.0016959581, -0.0016501462, -0.0015984448, -0.0015702981, -0.0015100146, -0.0014502133, -0.0014263749, -0.0014185522, -0.0015173319
0, 0, 0, 0, 0, 0, 0, 0, 0, 0, 0, 0, 0, 0, 0, -0.0017608508, -0.0015000775, -0.0014583246, -0.0014747673, -0.0015337031, -0.0015986938, -0.0016293951, -0.001684617, -0.0017319509, -0.0017527508, -0.0017897078, -0.0018209756, -0.0018481743, -0.0018605633, -0.0018835352, -0.0019040211, -0.0019132426, -0.0019303173, -0.0019461892, -0.0019615314, -0.0019691049, -0.0019840605, -0.0019994194, -0.0020074453, -0.0020255547, -0.0020468803, -0.0020586273, -0.0020835854, -0.0021090368, -0.0021332914, -0.0021446925, -0.0021656645, -0.0021831102, -0.0021901818, -0.0022013588, -0.0022099302, -0.0022177575, -0.0022222507, -0.0022328368, -0.002244387, -0.0022503673, -0.0022626386, -0.0022756376, -0.002282264, -0.0022953853, -0.0023085696, -0.0023209597, -0.002326832, -0.0023381065, -0.002351275, -0.002359321, -0.0023788458, -0.0024038295, -0.0024339985, -0.002450524, -0.0024845311, -0.0025187891, -0.0025360738, -0.002570428, -0.00260247, -0.0026288454, -0.0026392243, -0.0026551755, -0.0026662298, -0.0026701167, -0.0026735233, -0.0026695773, -0.0026649893, -0.002651346, -0.0026315874, -0.002605661, -0.0025906852, -0.0025577568, -0.0025219426, -0.002503185, -0.002465206, -0.0024285584, -0.0023936548, -0.0023764947, -0.002342545, -0.0023121415, -0.002299739, -0.0022816714, -0.0022699318, -0.0022652452, -0.002257426, -0.0022514388, -0.0022483247, -0.0022485491, -0.002253034, -0.002260009, -0.0022624866, -0.0022626333, -0.0022535513, -0.0022322708, -0.0022171787, -0.0021818825, -0.0021452084, -0.0021278062, -0.002097177, -0.002074816, -0.0020672765, -0.002058157, -0.0020541267, -0.0020530594, -0.0020529742, -0.0020520918, -0.0020486661, -0.0020458628, -0.0020383678, -0.0020281218, -0.0020152323, -0.0020080963, -0.0019927453, -0.001975763, -0.00196678, -0.0019479209, -0.0019277456, -0.0019170574, -0.0018942696, -0.0018696312, -0.0018425087, -0.0018278759, -0.0017964086, -0.0017614688, -0.0017425187, -0.0017013199, -0.0016551818, -0.001603092, -0.0015747187, -0.001513978, -0.001453748, -0.0014296726, -0.0014214561, -0.0015200658
0, 0, 0, 0, 0, 0, 0, 0, 0, 0, 0, 0, 0, 0, 0, -0.0016478115, -0.001480442, -0.0014273368, -0.0014412886, -0.0015036849, -0.0015763253, -0.0016107403, -0.0016718123, -0.0017230943, -0.0017456643, -0.0017853312, -0.0018190172, -0.0018487502, -0.0018626488, -0.0018885402, -0.0019126263, -0.0019240569, -0.0019460751, -0.001967161, -0.0019878857, -0.0019980364, -0.002017718, -0.0020364532, -0.0020456081, -0.0020639962, -0.0020829209, -0.002092488, -0.002111668, -0.00213039, -0.0021479535, -0.0021564197, -0.002172564, -0.0021875384, -0.0021945075, -0.0022079938, -0.0022213852, -0.0022350063, -0.0022423354, -0.0022581508, -0.0022737482, -0.0022812146, -0.0022958352, -0.0023103738, -0.002317478, -0.00233133, -0.0023445303, -0.0023566822, -0.0023621581, -0.0023729112, -0.002385916, -0.0023939672, -0.002413695, -0.0024383282, -0.0024674796, -0.002483122, -0.0025149381, -0.0025464904, -0.0025622891, -0.002594476, -0.0026263117, -0.0026547497, -0.0026666787, -0.002685233, -0.002697253, -0.0027008576, -0.0027033172, -0.00269927, -0.002695075, -0.0026821676, -0.002662209, -0.0026352715, -0.0026198311, -0.0025867787, -0.002551228, -0.0025325017, -0.0024939314, -0.0024563908, -0.0024212636, -0.0024040763, -0.0023698655, -0.002338984, -0.002326549, -0.002308448, -0.0022962866, -0.002291133, -0.0022826241, -0.0022765626, -0.0022729584, -0.0022727116, -0.002276434, -0.0022829878, -0.0022853017, -0.0022845732, -0.0022745645, -0.0022528912, -0.0022375812, -0.0022013832, -0.0021638132, -0.002146227, -0.0021150676, -0.0020919275, -0.0020839432, -0.0020741585, -0.0020697077, -0.0020679326, -0.002067437, -0.0020658749, -0.002062012, -0.0020589177, -0.0020506298, -0.0020399175, -0.00202652, -0.0020190424, -0.0020030637, -0.0019857076, -0.0019764542, -0.0019569844, -0.0019363423, -0.0019254874, -0.0019022714, -0.0018770678, -0.0018495931, -0.0018347853, -0.0018028651, -0.001767548, -0.0017484121, -0.001706766, -0.0016601945, -0.0016078171, -0.001579194, -0.001517974, -0.0014573438, -0.0014330316, -0.0014244076, -0.0015227743
0, 0, 0, 0, 0, 0, 0, 0, 0, 0, 0, 0, 0, 0, 0, -0.002025732, -0.0015853172, -0.0014467774, -0.0014448646, -0.0014967048, -0.0015696263, -0.0016051969, -0.0016688772, -0.0017226154, -0.001746245, -0.0017881938, -0.0018243621, -0.0018568147, -0.0018718607, -0.0019005598, -0.0019275444, -0.001940676, -0.0019661062, -0.001990275, -0.0020135904, -0.0020246853, -0.0020456146, -0.0020643896, -0.0020728947, -0.002088333, -0.002102128, -0.0021085409, -0.0021205326, -0.0021325788, -0.0021447719, -0.0021512073, -0.0021651424, -0.0021812243, -0.002190019, -0.0022095183, -0.002230421, -0.0022513939, -0.0022617718, -0.0022820332, -0.0023003323, -0.0023086662, -0.0023242675, -0.0023389154, -0.0023457804, -0.0023583937, -0.0023701778, -0.0023813925, -0.0023869849, -0.0023992152, -0.0024154007, -0.0024254129, -0.002448952, -0.0024761693, -0.0025060454, -0.0025212602, -0.002550813, -0.0025790262, -0.0025932137, -0.0026231809, -0.0026545522, -0.0026838428, -0.002696357, -0.002715918, -0.0027281158, -0.0027317202, -0.0027342145, -0.0027307332, -0.0027266904, -0.002713393, -0.0026923292, -0.0026642908, -0.0026486006, -0.0026153352, -0.002579719, -0.002560826, -0.0025219165, -0.0024844687, -0.0024494857, -0.002432133, -0.0023972776, -0.0023659403, -0.0023534794, -0.0023355305, -0.0023229476, -0.0023175103, -0.002308611, -0.0023023563, -0.0022980184, -0.0022973195, -0.0023002636, -0.0023065894, -0.0023086814, -0.0023071535, -0.0022962154, -0.0022739533, -0.0022584114, -0.0022213832, -0.0021829903, -0.0021650165, -0.0021334025, -0.0021095534, -0.0021011077, -0.0020904501, -0.0020855838, -0.0020832175, -0.0020822522, -0.002079975, -0.0020756163, -0.0020721809, -0.0020632427, -0.0020518166, -0.0020379983, -0.002030219, -0.0020135858, -0.0019957046, -0.0019862014, -0.0019662858, -0.0019450482, -0.0019339601, -0.0019103537, -0.0018846543, -0.001856753, -0.0018417485, -0.0018093737, -0.0017736434, -0.0017543252, -0.0017123045, -0.0016653276, -0.0016124968, -0.0015836929, -0.00152208, -0.0014609842, -0.0014364278, -0.0014273566, -0.0015255278
0, 0, 0, 0, 0, 0, 0, 0, 0, 0, 0, 0, 0, 0, 0, 0, -0.0016406782, -0.0014972356, -0.0014815499, -0.0015168722, -0.0015833662, -0.0016171107, -0.0016788181, -0.0017318907, -0.0017554596, -0.0017981639, -0.0018356538, -0.0018698256, -0.0018858636, -0.0019162686, -0.0019447642, -0.0019585418, -0.0019847043, -0.0020087247, -0.002030717, -0.002040701, -0.0020589198, -0.0020744929, -0.0020812207, -0.002092481, -0.0021016218, -0.002105655, -0.0021135656, -0.0021225982, -0.0021332884, -0.0021397495, -0.0021550695, -0.0021747996, -0.002186316, -0.0022125423, -0.0022408925, -0.0022683572, -0.0022813329, -0.0023048497, -0.002324838, -0.002333583, -0.0023494111, -0.0023630934, -0.0023688513, -0.0023783713, -0.0023868042, -0.002396228, -0.002402048, -0.0024171853, -0.0024389296, -0.0024521023, -0.0024817465, -0.002513326, -0.0025450648, -0.0025603462, -0.0025885866, -0.0026149843, -0.002628227, -0.0026570272, -0.002687841, -0.0027166053, -0.0027288531, -0.0027478067, -0.0027597058, -0.0027632837, -0.002765835, -0.002762058, -0.0027576473, -0.0027435126, -0.002721895, -0.0026937996, -0.0026780928, -0.0026442907, -0.0026075477, -0.0025882337, -0.0025493724, -0.0025124531, -0.0024776633, -0.0024602443, -0.0024251037, -0.002393841, -0.0023814181, -0.0023631179, -0.002349828, -0.0023441855, -0.0023351135, -0.0023287074, -0.0023238072, -0.0023227327, -0.0023249434, -0.0023305616, -0.002332353, -0.0023302247, -0.0023185394, -0.0022955923, -0.0022797296, -0.002242007, -0.002202593, -0.0021841323, -0.0021520834, -0.0021277766, -0.002118838, -0.0021071758, -0.0021017536, -0.0020988595, -0.0020974968, -0.002094369, -0.0020893929, -0.0020857188, -0.0020761066, -0.0020639787, -0.002049596, -0.002041555, -0.0020243374, -0.002005879, -0.0019961328, -0.0019756937, -0.0019539238, -0.0019425647, -0.0019185042, -0.0018923803, -0.0018639957, -0.0018487873, -0.0018160057, -0.0017798229, -0.0017602991, -0.0017179125, -0.0016705078, -0.001617225, -0.0015882434, -0.0015262173, -0.0014646521, -0.0014398583, -0.001430346, -0.0015283293
0, 0, 0, 0, 0, 0, 0, 0, 0, 0, 0, 0, 0, 0, 0, 0, -0.0019117477, -0.0016140111, -0.001564258, -0.0015615048, -0.0016091127, -0.0016369371, -0.001691323, -0.0017408407, -0.0017636982, -0.0018062445, -0.0018448686, -0.0018802459, -0.0018967412, -0.0019279764, -0.0019564962, -0.0019699128, -0.0019945789, -0.0020159595, -0.0020339503, -0.0020418016, -0.0020558736, -0.0020676893, -0.0020729334, -0.0020820117, -0.0020898953, -0.0020936085, -0.0021021303, -0.0021128922, -0.0021260367, -0.002133778, -0.002152131, -0.0021751884, -0.0021889647, -0.002220127, -0.00225428, -0.0022872924, -0.0023025668, -0.0023294573, -0.0023509099, -0.0023596617, -0.0023742928, -0.0023851716, -0.002388945, -0.0023941044, -0.002398826, -0.002407269, -0.0024137741, -0.0024326022, -0.002459786, -0.0024757101, -0.0025099958, -0.0025450576, -0.002579077, -0.002595284, -0.0026252011, -0.002652494, -0.0026659905, -0.0026941749, -0.0027236938, -0.0027510603, -0.0027628515, -0.0027814806, -0.0027935205, -0.0027970457, -0.0027986714, -0.002793012, -0.0027875942, -0.0027720013, -0.0027502691, -0.0027227881, -0.002707269, -0.0026730553, -0.0026355104, -0.002616105, -0.0025776438, -0.0025409567, -0.0025056489, -0.0024879717, -0.0024530317, -0.0024225307, -0.00241027, -0.002391479, -0.002377507, -0.0023716574, -0.0023623477, -0.0023553292, -0.0023500214, -0.002348717, -0.0023504803, -0.0023553183, -0.0023567372, -0.002353942, -0.002341267, -0.0023174686, -0.002301412, -0.0022634224, -0.0022228248, -0.002203782, -0.0021709837, -0.0021463756, -0.0021370864, -0.002124433, -0.0021182003, -0.0021146706, -0.0021130429, -0.0021091753, -0.0021034714, -0.0020994912, -0.0020892427, -0.0020763879, -0.002061385, -0.00205314, -0.0020352495, -0.0020161222, -0.0020062067, -0.001985283, -0.001962922, -0.0019512682, -0.001926782, -0.0019001844, -0.0018712884, -0.0018559047, -0.0018227391, -0.001786075, -0.0017663724, -0.001723598, -0.0016757158, -0.0016220608, -0.0015928819, -0.0015303943, -0.0014683205, -0.0014433212, -0.0014333858, -0.0015311671
0, 0, 0, 0, 0, 0, 0, 0, 0, 0, 0, 0, 0, 0, 0, 0, -0.0019890545, -0.001757024, -0.0016730847, -0.0016085632, -0.0016223723, -0.001641324, -0.00168681, -0.0017337014, -0.0017565724, -0.0018005266, -0.0018411367, -0.001878111, -0.0018951376, -0.0019266434, -0.0019547716, -0.001967523, -0.0019905244, -0.002009305, -0.002024198, -0.0020304706, -0.0020418575, -0.0020523649, -0.002057592, -0.0020675878, -0.0020776235, -0.002082898, -0.0020951664, -0.0021101218, -0.002127218, -0.0021367173, -0.0021579599, -0.002183347, -0.0021981741, -0.0022324084, -0.002270357, -0.0023079487, -0.002325364, -0.0023557656, -0.0023783883, -0.0023868976, -0.0023995242, -0.0024070342, -0.0024090202, -0.0024111005, -0.0024144698, -0.0024235821, -0.0024310986, -0.0024526357, -0.0024817917, -0.002498379, -0.0025335823, -0.002569862, -0.0026064378, -0.0026245571, -0.0026586417, -0.002689058, -0.0027033712, -0.0027315977, -0.0027597242, -0.0027859167, -0.002797353, -0.0028159798, -0.0028281405, -0.0028313373, -0.0028315133, -0.0028236944, -0.0028172496, -0.002800287, -0.0027783408, -0.0027511362, -0.0027355591, -0.0027009014, -0.0026631816, -0.0026440655, -0.0026066194, -0.0025705167, -0.002534736, -0.0025166594, -0.0024816922, -0.0024514957, -0.0024392423, -0.002420257, -0.0024061482, -0.0024003303, -0.0023905132, -0.0023826612, -0.002376894, -0.0023753946, -0.0023763548, -0.0023804058, -0.002381686, -0.0023785876, -0.0023648047, -0.0023396658, -0.0023233418, -0.0022851785, -0.0022438592, -0.0022241734, -0.002190347, -0.0021651597, -0.0021555857, -0.0021421765, -0.0021350775, -0.002130904, -0.00212894, -0.002124228, -0.0021177684, -0.0021135232, -0.0021026765, -0.0020890199, -0.0020733438, -0.0020648513, -0.002046428, -0.0020265833, -0.0020163064, -0.0019949498, -0.001972106, -0.0019601367, -0.0019350942, -0.0019081212, -0.0018787272, -0.0018630944, -0.0018295338, -0.0017924807, -0.0017725051, -0.0017292907, -0.0016810702, -0.0016269456, -0.0015975662, -0.0015346305, -0.0014720488, -0.0014468428, -0.0014364802, -0.0015340501
0, 0, 0, 0, 0, 0, 0, 0, 0, 0, 0, 0, 0, 0, 0, 0, -0.0025901285, -0.001991089, -0.0017972975, -0.0016173477, -0.0015924033, -0.0016056125, -0.0016502073, -0.0017013672, -0.0017266244, -0.0017751964, -0.0018197405, -0.0018592537, -0.0018770435, -0.0019093123, -0.001937714, -0.0019507268, -0.0019737792, -0.001992567, -0.0020073217, -0.0020138079, -0.0020256478, -0.0020379014, -0.0020440475, -0.0020569833, -0.0020706428, -0.0020780298, -0.0020945945, -0.0021138636, -0.0021349627, -0.002146132, -0.0021704216, -0.0021979813, -0.002213674, -0.0022492097, -0.0022888102, -0.0023283751, -0.002346921, -0.002379207, -0.0024027377, -0.0024112274, -0.0024231097, -0.0024298595, -0.002431746, -0.0024345333, -0.0024398551, -0.0024509437, -0.0024590122, -0.0024804086, -0.0025077474, -0.0025229605, -0.002555629, -0.0025908507, -0.0026291686, -0.002648986, -0.0026874444, -0.002721595, -0.0027371072, -0.0027665829, -0.0027949847, -0.0028209265, -0.0028321955, -0.00285031, -0.0028614202, -0.002863977, -0.002862719, -0.002853397, -0.0028463074, -0.0028284774, -0.0028062998, -0.0027793718, -0.0027638564, -0.002729168, -0.0026913781, -0.0026723964, -0.002635713, -0.0026002692, -0.0025645783, -0.002546602, -0.0025118259, -0.0024815756, -0.002469144, -0.0024496217, -0.002435404, -0.0024295528, -0.0024193064, -0.002410798, -0.002404708, -0.0024030386, -0.0024029517, -0.002405833, -0.0024068803, -0.0024035946, -0.0023891327, -0.0023627095, -0.0023459168, -0.0023070984, -0.0022652333, -0.0022451142, -0.0022103102, -0.0021843773, -0.0021745004, -0.0021602535, -0.0021522488, -0.002147456, -0.0021452035, -0.002139659, -0.0021322828, -0.0021277, -0.0021163153, -0.002101982, -0.0020854692, -0.0020766363, -0.0020577302, -0.002037264, -0.0020266522, -0.0020047184, -0.0019813597, -0.0019691386, -0.001943588, -0.0019161417, -0.0018862855, -0.0018703914, -0.0018364129, -0.0017988768, -0.0017786953, -0.0017351178, -0.0016864617, -0.0016318961, -0.0016022718, -0.0015389286, -0.0014758862, -0.0014504069, -0.0014396174, -0.0015369337
0, 0, 0, 0, 0, 0, 0, 0, 0, 0, 0, 0, 0, 0, 0, 0, 0, -0.0020369084, -0.0017901, -0.0015457885, -0.0015127513, -0.0015308664, -0.0015893705, -0.0016526324, -0.0016827076, -0.0017383624, -0.0017879123, -0.0018308529, -0.001850088, -0.0018844383, -0.0019151052, -0.0019293213, -0.0019549634, -0.0019765226, -0.0019937388, -0.0020012779, -0.0020155679, -0.0020303894, -0.0020379308, -0.00205363, -0.0020705005, -0.0020795322, -0.0020995496, -0.0021222425, -0.0021469835, -0.0021601422, -0.0021879326, -0.0022182376, -0.0022345288, -0.0022700804, -0.0023082397, -0.00234638, -0.0023644257, -0.0023965742, -0.002421246, -0.0024309258, -0.0024458645, -0.0024566457, -0.0024609382, -0.0024683776, -0.0024770044, -0.002488972, -0.0024964309, -0.0025146536, -0.0025377986, -0.0025509158, -0.0025797414, -0.0026126008, -0.002650531, -0.002670882, -0.002711619, -0.002748726, -0.0027657177, -0.0027979317, -0.002828349, -0.0028548646, -0.00286585, -0.0028825703, -0.002892227, -0.0028941878, -0.002892179, -0.0028820056, -0.0028744622, -0.002855887, -0.0028337338, -0.002807481, -0.0027923284, -0.0027579607, -0.002720602, -0.002701936, -0.0026659698, -0.0026309413, -0.0025951513, -0.0025771656, -0.0025425812, -0.0025125977, -0.0025000633, -0.0024801698, -0.0024657142, -0.002459634, -0.0024486498, -0.0024393764, -0.0024330143, -0.002431217, -0.0024304942, -0.0024321699, -0.002432702, -0.0024289538, -0.0024139376, -0.0023864168, -0.0023690732, -0.0023295074, -0.0022871026, -0.0022665435, -0.002230626, -0.0022039153, -0.002193817, -0.0021788648, -0.0021697944, -0.0021641676, -0.0021615988, -0.0021554308, -0.0021472152, -0.0021421586, -0.0021300372, -0.0021151642, -0.0020978798, -0.0020886266, -0.0020691354, -0.0020481015, -0.0020371636, -0.0020146242, -0.0019907479, -0.0019782598, -0.0019522024, -0.0019243029, -0.001893952, -0.0018777869, -0.0018433561, -0.001805457, -0.0017850129, -0.001740979, -0.0016919301, -0.0016369517, -0.0016070793, -0.0015432901, -0.0014797951, -0.0014540395, -0.0014427636, -0.0015399286
0, 0, 0, 0, 0, 0, 0, 0, 0, 0, 0, 0, 0, 0, 0, 0, 0, -0.0019175182, -0.0016785796, -0.0014450266, -0.0014352023, -0.001464249, -0.0015403554, -0.0016151841, -0.0016492901, -0.0017108262, -0.0017645222, -0.0018108446, -0.0018313337, -0.0018685911, -0.0019019358, -0.0019175257, -0.0019459516, -0.0019700404, -0.0019896554, -0.0019983393, -0.002014692, -0.002031747, -0.0020407634, -0.0020592983, -0.0020793274, -0.002089707, -0.0021126892, -0.002138294, -0.0021661036, -0.0021806082, -0.002210886, -0.0022422061, -0.0022583085, -0.0022917525, -0.0023261628, -0.0023604117, -0.002377086, -0.00240882, -0.0024365888, -0.0024490259, -0.0024712274, -0.00249016, -0.002498181, -0.0025117823, -0.002523262, -0.0025346498, -0.002540692, -0.0025550167, -0.0025733106, -0.0025840462, -0.0026082054, -0.0026368182, -0.0026717659, -0.0026914491, -0.0027325733, -0.0027722747, -0.0027909824, -0.002826547, -0.0028588658, -0.00288537, -0.0028957762, -0.0029109858, -0.0029196565, -0.002921493, -0.0029193005, -0.0029089595, -0.0029013527, -0.0028830627, -0.0028616877, -0.0028360994, -0.0028211349, -0.00278702, -0.0027503814, -0.0027323477, -0.0026975244, -0.0026629432, -0.002627126, -0.0026091416, -0.002574585, -0.0025443546, -0.002531569, -0.0025112687, -0.0024967557, -0.0024906336, -0.002479113, -0.0024688058, -0.0024618553, -0.002459873, -0.0024585119, -0.0024591924, -0.0024591903, -0.0024548545, -0.0024393026, -0.0024108496, -0.0023928166, -0.0023522554, -0.0023093778, -0.0022885222, -0.0022516113, -0.00222382, -0.0022132855, -0.0021977865, -0.0021878309, -0.0021811966, -0.002178252, -0.0021714738, -0.0021623888, -0.0021569002, -0.0021440196, -0.0021284767, -0.0021104773, -0.0021008423, -0.002080757, -0.00205913, -0.0020478463, -0.0020246399, -0.0020003312, -0.0019875865, -0.0019609064, -0.0019325132, -0.0019017495, -0.0018853407, -0.0018503501, -0.0018121015, -0.0017915014, -0.0017469311, -0.0016974985, -0.0016421162, -0.0016119952, -0.0015476908, -0.0014837533, -0.0014577085, -0.0014460026, -0.0015429627
0, 0, 0, 0, 0, 0, 0, 0, 0, 0, 0, 0, 0, 0, 0, 0, 0, 0, -0.0015384743, -0.0014423663, -0.0014392566, -0.0014659936, -0.0015393859, -0.0016140826, -0.0016485872, -0.0017109344, -0.001765506, -0.0018130477, -0.0018341601, -0.0018723924, -0.001906835, -0.0019227634, -0.0019520241, -0.0019769666, -0.0019976643, -0.0020070856, -0.0020254538, -0.0020453362, -0.0020559018, -0.0020782868, -0.0021016272, -0.0021137733, -0.0021391548, -0.002166343, -0.0021947983, -0.002209316, -0.002238543, -0.002267903, -0.0022825855, -0.0023125918, -0.002343376, -0.0023747755, -0.002390832, -0.0024235914, -0.0024559477, -0.0024716347, -0.0025016328, -0.0025282772, -0.0025397835, -0.0025586055, -0.0025729537, -0.002584252, -0.0025893261, -0.0026003004, -0.002613894, -0.0026218581, -0.002640228, -0.002663576, -0.0026949088, -0.0027136877, -0.0027546203, -0.0027957107, -0.0028153446, -0.0028523225, -0.0028850941, -0.0029112028, -0.0029211605, -0.0029356796, -0.0029437703, -0.0029453638, -0.00294301, -0.0029333506, -0.0029264595, -0.0029101963, -0.0028905529, -0.0028657622, -0.0028509204, -0.002817314, -0.0027815478, -0.0027639435, -0.0027296473, -0.0026953989, -0.0026601243, -0.002642442, -0.002608171, -0.00257739, -0.0025642107, -0.0025432857, -0.0025284323, -0.0025220818, -0.0025098666, -0.0024990202, -0.0024915878, -0.0024893852, -0.0024872795, -0.0024867835, -0.0024862394, -0.002481023, -0.0024651228, -0.0024360665, -0.002417485, -0.0023756053, -0.002331819, -0.0023107207, -0.0022731253, -0.0022442418, -0.0022332508, -0.0022170646, -0.0022061658, -0.0021985464, -0.0021952125, -0.0021877657, -0.0021778725, -0.002171904, -0.0021581638, -0.002142034, -0.0021233384, -0.0021132785, -0.0020924874, -0.0020703038, -0.0020587135, -0.002034853, -0.0020100283, -0.00199702, -0.0019697968, -0.0019407999, -0.0019096468, -0.0018930526, -0.001857559, -0.0018188199, -0.0017980307, -0.0017530543, -0.0017031083, -0.0016473263, -0.0016169918, -0.0015522087, -0.0014877138, -0.0014614685, -0.0014493465, -0.0015460559
0, 0, 0, 0, 0, 0, 0, 0, 0, 0, 0, 0, 0, 0, 0, 0, 0, 0, -0.0019395174, -0.0016739045, -0.0015509992, -0.001544794, -0.0015849723, -0.0016475251, -0.0016789497, -0.0017379853, -0.0017905063, -0.0018364914, -0.0018571619, -0.0018943326, -0.0019276268, -0.0019430431, -0.0019719086, -0.0019973582, -0.0020197548, -0.0020302897, -0.002051839, -0.0020755322, -0.0020881887, -0.0021144226, -0.002140899, -0.0021540804, -0.0021802904, -0.0022070324, -0.0022333066, -0.0022462292, -0.0022718497, -0.0022973155, -0.002310164, -0.0023375778, -0.0023669915, -0.0023983612, -0.0024149702, -0.0024500063, -0.0024862983, -0.0025042964, -0.002538973, -0.0025698703, -0.0025833552, -0.0026055311, -0.0026220605, -0.0026339092, -0.0026383656, -0.0026462602, -0.0026550442, -0.0026602922, -0.0026734455, -0.0026927295, -0.0027217423, -0.0027398148, -0.00278036, -0.0028210261, -0.0028402542, -0.0028760738, -0.002907651, -0.002932827, -0.0029424797, -0.0029566742, -0.002964372, -0.002966016, -0.0029641467, -0.002956308, -0.0029506495, -0.0029367264, -0.0029188897, -0.0028956032, -0.0028817246, -0.0028499337, -0.0028150869, -0.0027975175, -0.002762806, -0.0027285423, -0.0026939483, -0.002676548, -0.0026421775, -0.002611004, -0.002597711, -0.0025768245, -0.002561409, -0.0025545496, -0.0025411097, -0.002529479, -0.0025215854, -0.0025191733, -0.002516751, -0.0025155724, -0.0025144338, -0.002507735, -0.002490993, -0.002461538, -0.0024426503, -0.0023996967, -0.0023549222, -0.0023334704, -0.0022948976, -0.0022649376, -0.0022535333, -0.002236672, -0.002225093, -0.0022162625, -0.0022123652, -0.0022041723, -0.0021937105, -0.0021873568, -0.002172559, -0.0021557056, -0.0021363776, -0.0021259787, -0.0021043785, -0.002081634, -0.0020697555, -0.0020452365, -0.0020198193, -0.0020066018, -0.001978838, -0.001949269, -0.0019176658, -0.0019008402, -0.0018649101, -0.0018256786, -0.0018046477, -0.0017592554, -0.0017088902, -0.0016525943, -0.0016220432, -0.0015568313, -0.0014918344, -0.0014653337, -0.0014527142, -0.0015492154
0, 0, 0, 0, 0, 0, 0, 0, 0, 0, 0, 0, 0, 0, 0, 0, 0, 0, -0.0026026464, -0.0019711058, -0.0016751974, -0.0016304831, -0.0016365794, -0.0016889435, -0.0017181217, -0.0017738503, -0.0018239821, -0.0018681474, -0.0018881317, -0.0019242382, -0.0019569085, -0.0019724637, -0.002002153, -0.0020301472, -0.0020559803, -0.0020687738, -0.0020948455, -0.0021227626, -0.0021370235, -0.0021657806, -0.00219322, -0.0022060992, -0.0022308633, -0.0022546744, -0.0022776532, -0.0022888514, -0.0023109314, -0.0023340145, -0.002346259, -0.0023735415, -0.0024043163, -0.0024378614, -0.0024556387, -0.0024930495, -0.0025312752, -0.0025500844, -0.0025858502, -0.0026177277, -0.0026314224, -0.0026542551, -0.0026708702, -0.0026813159, -0.0026845776, -0.002689081, -0.0026939623, -0.0026973789, -0.002707436, -0.0027246592, -0.0027521611, -0.0027696535, -0.002808378, -0.002846926, -0.002864917, -0.002898083, -0.002927379, -0.0029513473, -0.0029606458, -0.0029744168, -0.002982567, -0.002984691, -0.0029848875, -0.0029797214, -0.0029752338, -0.0029629443, -0.002946442, -0.0029255159, -0.0029130105, -0.0028836885, -0.0028499842, -0.0028323787, -0.0027975023, -0.0027635144, -0.00272925, -0.0027117152, -0.0026764567, -0.0026445743, -0.0026313346, -0.002610797, -0.0025952212, -0.002587919, -0.0025736238, -0.002561046, -0.0025519363, -0.0025490439, -0.002546234, -0.0025449612, -0.0025434482, -0.0025356067, -0.002517593, -0.0024872909, -0.002467952, -0.0024240615, -0.00237859, -0.002356792, -0.00231736, -0.0022861562, -0.0022741214, -0.0022563324, -0.00224422, -0.0022346135, -0.0022300722, -0.0022207377, -0.0022096217, -0.002202928, -0.0021873259, -0.002169603, -0.0021495884, -0.0021388254, -0.0021164787, -0.002093155, -0.00208101, -0.0020557956, -0.0020297198, -0.002016278, -0.0019880922, -0.0019579432, -0.0019257677, -0.0019087556, -0.0018724238, -0.0018326396, -0.0018114124, -0.0017656268, -0.0017147582, -0.0016580388, -0.0016272782, -0.0015615075, -0.0014960307, -0.0014692992, -0.0014561305, -0.0015524297
0, 0, 0, 0, 0, 0, 0, 0, 0, 0, 0, 0, 0, 0, 0, 0, 0, 0, 0, -0.002035413, -0.0017245363, -0.0016721366, -0.0016682907, -0.0017161126, -0.0017442527, -0.0017989303, -0.0018485314, -0.0018930404, -0.0019134429, -0.0019513117, -0.0019865043, -0.0020035289, -0.0020367934, -0.0020690332, -0.0021002837, -0.0021156825, -0.002146194, -0.0021769528, -0.0021922232, -0.0022211745, -0.002247326, -0.0022590936, -0.0022810434, -0.0023020203, -0.0023226836, -0.0023332853, -0.0023552098, -0.0023790644, -0.0023922645, -0.0024215712, -0.0024545426, -0.0024900287, -0.002508655, -0.002547446, -0.0025866416, -0.002605693, -0.0026415042, -0.0026724678, -0.0026853525, -0.0027058339, -0.0027193911, -0.0027262869, -0.002727849, -0.0027295055, -0.0027327938, -0.0027357847, -0.0027452582, -0.0027614408, -0.0027866205, -0.0028023422, -0.002837301, -0.0028718533, -0.002887948, -0.0029177386, -0.0029443162, -0.0029663995, -0.0029753349, -0.0029893343, -0.0029995216, -0.0030033612, -0.0030073987, -0.0030052005, -0.0030015113, -0.0029899648, -0.0029747076, -0.0029562283, -0.0029450385, -0.002917759, -0.0028848373, -0.002867442, -0.0028330295, -0.0027997855, -0.0027659102, -0.0027482002, -0.002711912, -0.0026791138, -0.002665615, -0.0026445999, -0.0026287287, -0.0026213375, -0.0026070348, -0.0025939094, -0.0025834106, -0.0025798003, -0.0025761218, -0.0025743956, -0.0025725625, -0.0025639012, -0.0025451654, -0.00251399, -0.0024940553, -0.0024489379, -0.0024023254, -0.002380137, -0.0023402153, -0.0023082108, -0.0022954987, -0.002276313, -0.0022633967, -0.0022531354, -0.002248132, -0.002237796, -0.0022258104, -0.002218646, -0.0022022105, -0.002183747, -0.0021630758, -0.0021519517, -0.0021287147, -0.00210472, -0.0020923654, -0.002066675, -0.0020398009, -0.0020260243, -0.0019974483, -0.0019668571, -0.0019340857, -0.0019168314, -0.0018800205, -0.0018398084, -0.0018183339, -0.0017721065, -0.0017207807, -0.0016636221, -0.0016326113, -0.001566308, -0.0015002982, -0.0014733031, -0.0014596346, -0.0015557089
0, 0, 0, 0, 0, 0, 0, 0, 0, 0, 0, 0, 0, 0, 0, 0, 0, 0, 0, -0.0020191113, -0.0018070163, -0.0017348351, -0.0016912958, -0.0017211704, -0.001746138, -0.0018003101, -0.0018527143, -0.0019014329, -0.0019244154, -0.0019678134, -0.0020086183, -0.0020282809, -0.0020665738, -0.002103743, -0.0021398158, -0.0021572441, -0.0021911114, -0.002223239, -0.0022385893, -0.002266988, -0.0022918836, -0.0023031232, -0.0023232892, -0.002343014, -0.002364123, -0.0023754565, -0.0024001491, -0.0024276162, -0.0024426135, -0.0024751024, -0.0025101553, -0.0025469216, -0.002565918, -0.0026050915, -0.00264407, -0.002662826, -0.002697373, -0.0027258229, -0.0027372134, -0.0027540124, -0.0027638848, -0.0027682246, -0.00276905, -0.0027704977, -0.0027747967, -0.002778525, -0.0027890133, -0.0028041531, -0.0028259337, -0.0028392798, -0.0028681974, -0.0028968486, -0.0029102303, -0.002935296, -0.0029583916, -0.0029783603, -0.002986993, -0.0030024706, -0.003016547, -0.0030227725, -0.0030314426, -0.0030322983, -0.003029481, -0.0030192134, -0.0030056136, -0.0029889669, -0.002978441, -0.0029519743, -0.002919627, -0.00290261, -0.0028689594, -0.0028361904, -0.0028024144, -0.0027847404, -0.0027485136, -0.0027152896, -0.002701241, -0.0026790216, -0.002662186, -0.0026547308, -0.002640525, -0.0026270126, -0.002615751, -0.0026117251, -0.002607216, -0.0026044222, -0.0026020717, -0.0025924772, -0.0025730736, -0.002541154, -0.0025208665, -0.0024747907, -0.002426693, -0.0024038416, -0.002363093, -0.0023305446, -0.0023173825, -0.0022969956, -0.0022830097, -0.0022718261, -0.0022663048, -0.0022550214, -0.002242301, -0.0022347718, -0.0022174031, -0.0021979124, -0.0021766785, -0.002165333, -0.00214134, -0.0021164555, -0.0021038016, -0.0020776493, -0.002050246, -0.0020361189, -0.002006866, -0.0019758781, -0.0019426257, -0.0019250662, -0.0018877783, -0.0018471543, -0.0018254314, -0.0017787452, -0.0017269698, -0.0016692765, -0.0016380312, -0.0015712754, -0.0015046936, -0.0014773856, -0.0014632929, -0.0015591139
0, 0, 0, 0, 0, 0, 0, 0, 0, 0, 0, 0, 0, 0, 0, 0, 0, 0, 0, -0.0026153459, -0.0020349638, -0.0018538137, -0.0016989162, -0.0016950968, -0.0017164267, -0.0017736658, -0.0018336828, -0.0018909958, -0.0019182458, -0.001969934, -0.0020179239, -0.002040687, -0.002084155, -0.0021253063, -0.0021646884, -0.002183443, -0.0022190497, -0.0022519627, -0.0022672804, -0.0022955386, -0.0023208284, -0.002332246, -0.002353739, -0.0023752819, -0.0023990234, -0.0024121073, -0.0024411965, -0.0024734568, -0.0024906094, -0.002526378, -0.0025631427, -0.0026000363, -0.0026187797, -0.0026566489, -0.0026934112, -0.0027108414, -0.0027422619, -0.0027673736, -0.0027772144, -0.0027917055, -0.0028007599, -0.0028058875, -0.0028076035, -0.0028113974, -0.0028184801, -0.0028235011, -0.002835778, -0.0028507977, -0.002869179, -0.0028797744, -0.002901865, -0.0029232944, -0.0029334933, -0.0029532923, -0.0029727905, -0.0029908984, -0.0029993996, -0.003016519, -0.003034459, -0.0030429969, -0.0030560237, -0.003060102, -0.0030586456, -0.0030508765, -0.0030392003, -0.0030233872, -0.0030130995, -0.0029869892, -0.0029554374, -0.0029387337, -0.0029052526, -0.0028720729, -0.0028382207, -0.002820799, -0.002785285, -0.0027520836, -0.0027376784, -0.0027143494, -0.0026966655, -0.0026889918, -0.0026743817, -0.0026600612, -0.0026482549, -0.0026441186, -0.0026391407, -0.0026353672, -0.0026325097, -0.002621929, -0.002601336, -0.002568497, -0.002547896, -0.0025012065, -0.0024519297, -0.002428308, -0.0023864673, -0.0023530521, -0.0023393878, -0.0023178686, -0.0023030061, -0.0022909425, -0.0022849268, -0.002272531, -0.002258785, -0.0022509834, -0.00223297, -0.0022124704, -0.0021903259, -0.0021786955, -0.0021542616, -0.0021285622, -0.0021154955, -0.0020887498, -0.0020608436, -0.0020464319, -0.002016619, -0.0019850843, -0.0019512956, -0.0019335141, -0.0018958016, -0.0018546431, -0.0018326635, -0.0017855399, -0.0017333237, -0.0016750771, -0.0016436006, -0.0015763806, -0.0015091959, -0.0014816015, -0.0014670457, -0.0015625771
0, 0, 0, 0, 0, 0, 0, 0, 0, 0, 0, 0, 0, 0, 0, 0, 0, 0, 0, 0, -0.0020818333, -0.0018549925, -0.0016132632, -0.0015876921, -0.0016116523, -0.0016846819, -0.0017645, -0.0018402878, -0.0018763383, -0.001943736, -0.0020047848, -0.0020325852, -0.0020836727, -0.0021298768, -0.0021727604, -0.002192648, -0.0022299124, -0.0022637122, -0.0022796784, -0.0023113005, -0.0023430719, -0.0023588683, -0.002390796, -0.0024235689, -0.0024571817, -0.002474587, -0.002510713, -0.002547289, -0.0025654803, -0.0026014526, -0.002636078, -0.0026686469, -0.0026845997, -0.0027157273, -0.0027446894, -0.0027580298, -0.0027822254, -0.002803486, -0.0028130873, -0.0028311536, -0.0028485423, -0.002864299, -0.0028713811, -0.002884213, -0.0028973238, -0.002904378, -0.0029183668, -0.0029314354, -0.0029436625, -0.0029498083, -0.002962007, -0.0029746073, -0.0029815107, -0.0029974356, -0.0030158176, -0.0030349481, -0.0030444628, -0.0030640785, -0.0030844978, -0.00309419, -0.0031097073, -0.0031178782, -0.0031190088, -0.0031163145, -0.0031078819, -0.0030934038, -0.0030837446, -0.0030594827, -0.003029771, -0.003013386, -0.002979037, -0.0029443174, -0.0029099158, -0.0028925836, -0.0028576972, -0.0028249505, -0.0028103138, -0.0027862699, -0.0027677477, -0.0027596557, -0.002743906, -0.0027283055, -0.002715333, -0.002710521, -0.002703885, -0.0026986962, -0.0026952722, -0.0026831857, -0.0026601534, -0.0026248149, -0.0026033719, -0.002555104, -0.0025036165, -0.00247873, -0.0024344516, -0.0023991829, -0.0023846356, -0.0023610117, -0.0023436092, -0.0023296936, -0.0023230268, -0.0023087298, -0.0022927613, -0.0022840183, -0.0022646138, -0.0022424937, -0.002218565, -0.0022061877, -0.0021805186, -0.002153548, -0.0021397066, -0.0021116605, -0.0020827048, -0.0020677121, -0.002036711, -0.002004155, -0.001969411, -0.001951062, -0.0019123252, -0.0018702985, -0.0018478304, -0.0017996208, -0.0017464856, -0.0016873523, -0.00165525, -0.0015868994, -0.0015186542, -0.0014904203, -0.001474711, -0.0015698444
0, 0, 0, 0, 0, 0, 0, 0, 0, 0, 0, 0, 0, 0, 0, 0, 0, 0, 0, 0, 0, -0.0018508738, -0.0016639407, -0.0015873546, -0.0015950543, -0.0016548607, -0.0017349503, -0.0018157224, -0.0018542106, -0.0019265453, -0.001992066, -0.0020219162, -0.0020763138, -0.0021251542, -0.0021699301, -0.002190813, -0.002229787, -0.002265919, -0.0022836183, -0.002318811, -0.0023553327, -0.0023738733, -0.0024112908, -0.0024487402, -0.0024855342, -0.002503732, -0.002539341, -0.0025735067, -0.0025899678, -0.0026217578, -0.0026518642, -0.0026801976, -0.0026941672, -0.0027219723, -0.002748702, -0.0027615007, -0.0027865125, -0.002810602, -0.0028223763, -0.002845742, -0.002869121, -0.002890593, -0.0028998777, -0.002915875, -0.0029300076, -0.002936571, -0.0029483605, -0.00295791, -0.002966594, -0.0029711856, -0.0029814148, -0.0029940899, -0.0030018217, -0.0030208398, -0.0030434218, -0.003066611, -0.003077807, -0.0030994213, -0.00311983, -0.0031290976, -0.0031437979, -0.0031515623, -0.003152643, -0.0031497397, -0.0031411587, -0.0031272315, -0.0031180908, -0.0030949987, -0.0030661288, -0.0030500714, -0.0030161946, -0.0029815345, -0.0029464953, -0.0029287555, -0.0028933918, -0.0028609242, -0.0028466424, -0.0028227468, -0.0028039736, -0.002795622, -0.0027793695, -0.0027634397, -0.0027498186, -0.0027445962, -0.0027372271, -0.0027313796, -0.0027276229, -0.0027147024, -0.0026904666, -0.0026538845, -0.002631815, -0.0025826052, -0.0025303296, -0.0025048836, -0.0024591454, -0.0024225865, -0.002407585, -0.0023830978, -0.0023645547, -0.002349577, -0.0023424434, -0.002327253, -0.0023101806, -0.0023009167, -0.0022808332, -0.00225802, -0.0022331488, -0.0022203017, -0.0021939385, -0.0021664812, -0.0021523326, -0.0021235258, -0.0020939289, -0.0020787253, -0.002047176, -0.0020140477, -0.0019788363, -0.0019601928, -0.0019209106, -0.0018784866, -0.001855752, -0.0018069779, -0.0017533439, -0.0016937015, -0.0016613671, -0.0015924275, -0.0015235562, -0.001495045, -0.0014787649, -0.0015736214
0, 0, 0, 0, 0, 0, 0, 0, 0, 0, 0, 0, 0, 0, 0, 0, 0, 0, 0, 0, 0, -0.002401657, -0.0018530891, -0.0016184231, -0.0015936897, -0.0016303607, -0.0017100536, -0.0017958147, -0.0018372005, -0.0019150092, -0.0019848552, -0.002016869, -0.0020751585, -0.0021272036, -0.0021746287, -0.0021968447, -0.0022388487, -0.0022781324, -0.0022973837, -0.0023360788, -0.002375282, -0.0023949856, -0.0024341033, -0.0024719518, -0.002507819, -0.0025249727, -0.002557428, -0.002587164, -0.0026011646, -0.0026278435, -0.0026533566, -0.0026781708, -0.002690823, -0.002717092, -0.002744741, -0.0027589574, -0.0027883193, -0.0028183365, -0.002833257, -0.0028629068, -0.0028916886, -0.0029172988, -0.002928158, -0.002945621, -0.0029588134, -0.0029640393, -0.0029721593, -0.0029779803, -0.0029842057, -0.002988081, -0.0029983248, -0.0030126057, -0.0030216381, -0.003044517, -0.0030721086, -0.003100334, -0.003113611, -0.0031378, -0.0031587507, -0.0031677282, -0.0031815993, -0.0031884836, -0.003189074, -0.0031853404, -0.0031759806, -0.0031615219, -0.0031521139, -0.0031287924, -0.0031004539, -0.0030850659, -0.0030528158, -0.0030189597, -0.0029835245, -0.0029653758, -0.0029296533, -0.0028971438, -0.0028828874, -0.0028590136, -0.0028403807, -0.002832139, -0.002815874, -0.002799418, -0.0027849558, -0.0027792696, -0.002770998, -0.0027644634, -0.0027604206, -0.002746883, -0.0027216806, -0.0026835678, -0.0026607544, -0.0026102567, -0.0025572095, -0.0025313676, -0.0024844925, -0.0024465376, -0.0024309484, -0.002405391, -0.002385742, -0.0023696865, -0.0023621563, -0.0023462146, -0.0023279993, -0.0023181818, -0.002297129, -0.0022738, -0.002248216, -0.0022348738, -0.002207632, -0.0021795584, -0.0021651622, -0.0021357366, -0.002105537, -0.0020900287, -0.002057865, -0.0020242084, -0.0019885679, -0.001969658, -0.0019297369, -0.0018868197, -0.0018639014, -0.0018146354, -0.0017603673, -0.0017002434, -0.001667685, -0.0015981154, -0.0015285473, -0.0014998002, -0.001482969, -0.0015774814
0, 0, 0, 0, 0, 0, 0, 0, 0, 0, 0, 0, 0, 0, 0, 0, 0, 0, 0, 0, 0, 0, -0.0018839608, -0.0016109998, -0.0015768324, -0.0016088668, -0.0016931787, -0.0017858397, -0.001830573, -0.0019136631, -0.0019882936, -0.0020221085, -0.0020841477, -0.002139646, -0.0021900223, -0.0022136108, -0.0022580032, -0.002299623, -0.002319678, -0.0023591549, -0.0023974266, -0.0024160047, -0.0024517868, -0.002485472, -0.0025168092, -0.0025313958, -0.002558993, -0.0025841373, -0.0025960654, -0.0026196963, -0.0026434911, -0.0026679, -0.0026807925, -0.0027089717, -0.002739988, -0.0027565272, -0.0027916438, -0.0028282045, -0.0028463379, -0.0028813814, -0.0029138734, -0.0029412955, -0.0029523873, -0.0029691383, -0.0029799736, -0.0029839252, -0.0029895087, -0.002994277, -0.0030012818, -0.0030061696, -0.0030187895, -0.0030356445, -0.0030461967, -0.0030727268, -0.0031044225, -0.003136288, -0.003150772, -0.0031758298, -0.003196321, -0.003205013, -0.003218614, -0.003225746, -0.0032264157, -0.0032225403, -0.0032125653, -0.003196941, -0.003186874, -0.003162382, -0.0031337698, -0.003118764, -0.0030878412, -0.0030552726, -0.0030205236, -0.0030025176, -0.0029668328, -0.0029341152, -0.0029197298, -0.0028955843, -0.002876767, -0.0028684102, -0.0028523428, -0.0028362845, -0.00282151, -0.0028152883, -0.0028054644, -0.0027977135, -0.0027933107, -0.0027792377, -0.0027533888, -0.00271429, -0.0026906643, -0.0026385144, -0.0025841394, -0.0025578302, -0.0025100869, -0.0024709771, -0.0024548033, -0.0024282571, -0.0024072556, -0.00238989, -0.0023819369, -0.00236543, -0.0023463846, -0.0023359696, -0.0023138046, -0.0022896966, -0.0022635332, -0.002249839, -0.0022218076, -0.0021929916, -0.0021782315, -0.0021481826, -0.0021175065, -0.0021017492, -0.002068967, -0.0020345694, -0.0019984646, -0.0019794474, -0.001938946, -0.0018953028, -0.0018721509, -0.0018225836, -0.0017676578, -0.0017069525, -0.001674147, -0.0016039566, -0.0015337706, -0.0015046741, -0.0014872304, -0.0015815585
0, 0, 0, 0, 0, 0, 0, 0, 0, 0, 0, 0, 0, 0, 0, 0, 0, 0, 0, 0, 0, 0, -0.0018119724, -0.0016387284, -0.0015970874, -0.0016150903, -0.0016973121, -0.0017923014, -0.0018384277, -0.0019243192, -0.002001012, -0.0020360546, -0.0021002344, -0.0021580905, -0.002210236, -0.0022342594, -0.00227922, -0.002320561, -0.002340108, -0.0023770537, -0.0024113152, -0.002427205, -0.0024573067, -0.0024853812, -0.0025113742, -0.0025235885, -0.0025471437, -0.0025696042, -0.0025808136, -0.002604655, -0.0026303395, -0.0026582913, -0.0026732772, -0.002706182, -0.0027423473, -0.0027617312, -0.002802541, -0.0028441863, -0.0028644241, -0.0029020063, -0.0029347935, -0.0029604626, -0.0029703034, -0.0029842763, -0.0029930426, -0.0029963187, -0.0030017246, -0.0030081035, -0.003018611, -0.003025649, -0.0030429692, -0.0030642967, -0.0030769794, -0.003107321, -0.0031420432, -0.0031751946, -0.0031896299, -0.0032133493, -0.003231995, -0.003240114, -0.0032533456, -0.0032605112, -0.0032614507, -0.0032581142, -0.0032488822, -0.0032332062, -0.0032227256, -0.0031968656, -0.0031672982, -0.0031521819, -0.0031219122, -0.0030904126, -0.0030566163, -0.003039065, -0.003004125, -0.0029721204, -0.0029579755, -0.0029334812, -0.0029136785, -0.0029049322, -0.0028885708, -0.0028729972, -0.0028585398, -0.0028521628, -0.0028414293, -0.0028322402, -0.002826947, -0.0028113201, -0.0027847914, -0.002745453, -0.0027213853, -0.002667645, -0.0026118227, -0.0025848383, -0.002535649, -0.0024953473, -0.0024788438, -0.0024516836, -0.0024295233, -0.0024106111, -0.0024019445, -0.0023846056, -0.002365126, -0.002354299, -0.0023309928, -0.0023058916, -0.0022790704, -0.0022650291, -0.0022362913, -0.002206889, -0.0021917995, -0.0021609487, -0.0021296125, -0.0021136412, -0.0020804524, -0.002045392, -0.0020085587, -0.0019893562, -0.0019485265, -0.0019041906, -0.0018807171, -0.001830618, -0.0017752814, -0.0017139105, -0.0016807503, -0.0016099688, -0.0015392224, -0.0015097352, -0.0014916306, -0.0015857385
0, 0, 0, 0, 0, 0, 0, 0, 0, 0, 0, 0, 0, 0, 0, 0, 0, 0, 0, 0, 0, 0, -0.002270744, -0.0018095039, -0.0017048715, -0.0016634219, -0.0017243074, -0.0018121453, -0.0018567758, -0.001940522, -0.0020159022, -0.0020504375, -0.0021145442, -0.0021722817, -0.0022239648, -0.0022475421, -0.0022907516, -0.0023295854, -0.0023476402, -0.0023809725, -0.0024109762, -0.002424678, -0.0024501826, -0.0024745904, -0.0024978276, -0.0025093055, -0.0025318412, -0.0025546963, -0.0025667364, -0.002593757, -0.0026243827, -0.0026584922, -0.0026767205, -0.0027160312, -0.0027580815, -0.0027800386, -0.0028248604, -0.002868847, -0.0028893175, -0.0029259382, -0.0029557361, -0.0029779417, -0.0029861727, -0.0029982047, -0.0030063614, -0.003009753, -0.0030159142, -0.0030242577, -0.0030384238, -0.0030480113, -0.0030710169, -0.0030975787, -0.0031123569, -0.0031453406, -0.0031809881, -0.003213668, -0.0032272886, -0.0032492299, -0.0032663627, -0.003273834, -0.003286072, -0.0032926952, -0.0032935927, -0.0032910956, -0.0032831393, -0.0032684125, -0.0032579522, -0.0032317082, -0.003201805, -0.0031866394, -0.0031565404, -0.003125257, -0.0030917022, -0.0030744462, -0.0030406448, -0.0030103098, -0.0029967912, -0.0029729025, -0.0029523256, -0.0029429689, -0.0029255757, -0.0029093933, -0.0028948078, -0.0028885836, -0.0028781244, -0.002868275, -0.0028621096, -0.0028444824, -0.0028163842, -0.0027760186, -0.0027516026, -0.0026971358, -0.0026404902, -0.0026128406, -0.0025618991, -0.0025199081, -0.002502781, -0.0024748966, -0.0024523276, -0.0024322397, -0.0024227272, -0.0024039699, -0.002383879, -0.002372818, -0.002348684, -0.0023226598, -0.0022950256, -0.0022806053, -0.0022510435, -0.0022210623, -0.0022057774, -0.0021742908, -0.0021420883, -0.002125749, -0.0020922069, -0.002056678, -0.0020190992, -0.0019994995, -0.0019582703, -0.001913469, -0.0018896846, -0.0018388849, -0.001783043, -0.0017211247, -0.0016876205, -0.0016162307, -0.0015447227, -0.0015148825, -0.0014962433, -0.0015900071
0, 0, 0, 0, 0, 0, 0, 0, 0, 0, 0, 0, 0, 0, 0, 0, 0, 0, 0, 0, 0, 0, 0, -0.001954372, -0.0018389381, -0.001733317, -0.0017576402, -0.0018315293, -0.0018727819, -0.0019521483, -0.0020240129, -0.0020573, -0.0021189535, -0.0021744035, -0.0022236912, -0.0022458436, -0.0022862272, -0.002322296, -0.002339046, -0.002369861, -0.002397433, -0.0024102153, -0.0024343114, -0.0024585144, -0.0024830124, -0.0024954807, -0.002521034, -0.002547886, -0.002562432, -0.002594848, -0.00263179, -0.0026721973, -0.0026935956, -0.0027382486, -0.0027841397, -0.0028074037, -0.0028538613, -0.0028976847, -0.0029175212, -0.002951388, -0.0029780697, -0.0029980245, -0.003005844, -0.0030180756, -0.0030276824, -0.0030317716, -0.003039648, -0.0030504218, -0.0030682427, -0.0030800595, -0.0031072728, -0.0031365803, -0.0031517548, -0.0031840138, -0.0032176883, -0.0032482452, -0.003261073, -0.0032818504, -0.0032982738, -0.0033053174, -0.0033164967, -0.0033223813, -0.0033231187, -0.0033212549, -0.00331474, -0.0033015045, -0.0032915776, -0.0032661248, -0.0032368754, -0.0032220567, -0.0031924644, -0.0031610895, -0.0031271367, -0.00310979, -0.0030765117, -0.003047378, -0.0030346855, -0.0030123075, -0.002992349, -0.0029829675, -0.002964684, -0.002946914, -0.0029309592, -0.002924397, -0.0029140352, -0.0029043078, -0.0028979462, -0.0028791942, -0.0028493272, -0.002807016, -0.0027816922, -0.0027261304, -0.0026689249, -0.0026411198, -0.0025892453, -0.0025454843, -0.0025273578, -0.0024979436, -0.0024749467, -0.0024543991, -0.0024443173, -0.002424109, -0.0024029638, -0.002391505, -0.00236661, -0.0023399144, -0.0023115447, -0.002296746, -0.0022662268, -0.0022354627, -0.0022199429, -0.0021881086, -0.002155113, -0.002138335, -0.0021041548, -0.0020682618, -0.0020300578, -0.0020101035, -0.0019682224, -0.0019229811, -0.0018989075, -0.0018475477, -0.0017910302, -0.0017284716, -0.0016947272, -0.0016227406, -0.001550398, -0.0015201682, -0.0015009807, -0.0015944212
0, 0, 0, 0, 0, 0, 0, 0, 0, 0, 0, 0, 0, 0, 0, 0, 0, 0, 0, 0, 0, 0, 0, -0.002345832, -0.00206751, -0.0018011745, -0.001776226, -0.0018373699, -0.0018759854, -0.001951911, -0.0020204692, -0.002052136, -0.0021104978, -0.0021630141, -0.0022089612, -0.002229551, -0.00226753, -0.00230229, -0.0023187827, -0.0023497802, -0.0023781012, -0.0023912296, -0.0024169208, -0.0024438847, -0.0024725357, -0.0024876369, -0.0025189256, -0.002552048, -0.002569613, -0.002607852, -0.002649994, -0.0026946943, -0.0027176992, -0.0027646027, -0.002811493, -0.0028346267, -0.002880583, -0.002923543, -0.0029427982, -0.0029756327, -0.0030015367, -0.0030220647, -0.0030307216, -0.003045743, -0.00305882, -0.003064585, -0.0030758837, -0.0030899309, -0.00311107, -0.003124158, -0.003152634, -0.0031807227, -0.0031944986, -0.0032228278, -0.0032521358, -0.0032794436, -0.0032912723, -0.0033111377, -0.0033274705, -0.0033344445, -0.0033452383, -0.0033503002, -0.0033507387, -0.0033487638, -0.0033431815, -0.0033313313, -0.0033222847, -0.0032987348, -0.003271391, -0.0032574446, -0.003229091, -0.0031984411, -0.003164596, -0.0031470375, -0.0031133061, -0.00308392, -0.0030714327, -0.003050229, -0.003031958, -0.0030232435, -0.0030052925, -0.002986455, -0.0029688445, -0.0029614258, -0.0029496937, -0.0029391334, -0.0029327068, -0.0029139125, -0.0028835302, -0.002839469, -0.0028130417, -0.0027553462, -0.0026968005, -0.002668696, -0.0026166814, -0.0025721863, -0.0025531822, -0.0025218036, -0.0024974633, -0.0024764447, -0.0024660858, -0.0024450077, -0.002422746, -0.0024107934, -0.0023849416, -0.0023573276, -0.002328464, -0.0023133883, -0.002282128, -0.0022503168, -0.0022343956, -0.002202167, -0.0021686296, -0.0021514534, -0.0021164836, -0.0020800636, -0.0020413776, -0.0020211071, -0.001978572, -0.00193274, -0.0019083818, -0.0018564261, -0.0017993572, -0.0017360975, -0.0017019939, -0.0016293636, -0.001556314, -0.0015256956, -0.0015057884, -0.0015989497
0, 0, 0, 0, 0, 0, 0, 0, 0, 0, 0, 0, 0, 0, 0, 0, 0, 0, 0, 0, 0, 0, 0, -0.0023866056, -0.0021173088, -0.0018209708, -0.0017777378, -0.001829622, -0.0018654827, -0.0019374525, -0.00200343, -0.0020339782, -0.0020901207, -0.0021401045, -0.0021838848, -0.002203803, -0.0022408413, -0.0022767878, -0.0022942312, -0.0023284971, -0.0023609165, -0.0023761, -0.0024064754, -0.0024383178, -0.0024727443, -0.0024906555, -0.0025281056, -0.0025665744, -0.002586497, -0.002628376, -0.0026728152, -0.0027182882, -0.0027413736, -0.0027874152, -0.0028327862, -0.0028554713, -0.002900517, -0.002943521, -0.0029631315, -0.0029973786, -0.0030258836, -0.0030501063, -0.0030609246, -0.0030809825, -0.0030994294, -0.0031078341, -0.0031237318, -0.0031409846, -0.0031631815, -0.003175945, -0.003201844, -0.0032256048, -0.0032367418, -0.00325952, -0.0032837933, -0.003307646, -0.003318637, -0.00333833, -0.0033553464, -0.0033626666, -0.0033734902, -0.003377944, -0.003378103, -0.0033756953, -0.0033702548, -0.0033591653, -0.003350739, -0.0033288342, -0.0033033395, -0.003290378, -0.003264113, -0.003235968, -0.0032040905, -0.0031870012, -0.0031527067, -0.003122006, -0.0031089543, -0.00308753, -0.0030702653, -0.0030621546, -0.0030450635, -0.003026534, -0.0030086006, -0.0030006547, -0.0029869804, -0.0029741004, -0.0029668373, -0.0029474853, -0.0029171507, -0.002872627, -0.0028457032, -0.002786168, -0.0027252252, -0.002696179, -0.0026434113, -0.0025988389, -0.0025795584, -0.0025467547, -0.0025208562, -0.0024987392, -0.0024879866, -0.0024660851, -0.0024431017, -0.0024307552, -0.002404003, -0.0023752397, -0.0023455638, -0.002330326, -0.002298596, -0.0022658831, -0.0022494677, -0.0022164716, -0.0021825358, -0.0021650952, -0.0021293354, -0.002092234, -0.0020530222, -0.0020324735, -0.0019892908, -0.001942855, -0.0019181737, -0.0018655489, -0.0018079338, -0.0017439964, -0.0017095166, -0.0016361328, -0.0015623971, -0.0015314072, -0.0015107372, -0.0016036229
0, 0, 0, 0, 0, 0, 0, 0, 0, 0, 0, 0, 0, 0, 0, 0, 0, 0, 0, 0, 0, 0, 0, 0, -0.0021104007, -0.0018990317, -0.0018007724, -0.0018155493, -0.00184194, -0.0019060832, -0.001971143, -0.0020018818, -0.0020591018, -0.00211012, -0.002155114, -0.002175776, -0.0022157002, -0.0022555713, -0.0022758057, -0.0023158793, -0.0023548757, -0.0023734586, -0.0024103238, -0.0024481232, -0.0024872925, -0.0025074913, -0.0025482764, -0.0025890633, -0.0026096231, -0.002651863, -0.0026953905, -0.0027393585, -0.002761342, -0.0028053713, -0.002849319, -0.0028713294, -0.002916302, -0.0029603003, -0.0029810783, -0.0030191925, -0.0030531525, -0.0030837778, -0.003098166, -0.0031252054, -0.0031499907, -0.0031612942, -0.0031810761, -0.0031993736, -0.0032192122, -0.0032296113, -0.0032495435, -0.0032667594, -0.003274755, -0.0032917, -0.0033114594, -0.0033325353, -0.003342851, -0.0033626368, -0.003380981, -0.0033889355, -0.0034008378, -0.0034057854, -0.003406024, -0.0034038117, -0.0033984398, -0.0033879066, -0.0033798495, -0.0033585047, -0.0033334661, -0.0033208686, -0.003296118, -0.003270925, -0.0032426699, -0.0032270225, -0.00319408, -0.0031629878, -0.0031493488, -0.0031268157, -0.0031088395, -0.0031004443, -0.0030832542, -0.003065242, -0.0030481436, -0.0030403954, -0.0030258687, -0.0030110439, -0.0030025826, -0.0029811563, -0.0029495903, -0.0029049183, -0.0028780103, -0.002818016, -0.0027551528, -0.0027248766, -0.002670385, -0.0026251108, -0.0026056315, -0.0025721435, -0.0025451523, -0.0025218253, -0.0025105327, -0.0024875333, -0.0024636309, -0.0024510338, -0.0024237812, -0.0023939724, -0.002363119, -0.0023474935, -0.002315396, -0.0022820653, -0.0022651742, -0.0022312698, -0.0021967846, -0.0021790394, -0.0021426445, -0.0021048822, -0.0020650004, -0.0020441303, -0.0020003559, -0.001953336, -0.0019282905, -0.0018749749, -0.0018166975, -0.0017521619, -0.0017173066, -0.0016431172, -0.0015686838, -0.0015373201, -0.0015158374, -0.0016084327
0, 0, 0, 0, 0, 0, 0, 0, 0, 0, 0, 0, 0, 0, 0, 0, 0, 0, 0, 0, 0, 0, 0, 0, -0.002743838, -0.002135985, -0.0018418628, -0.0017834047, -0.0017966547, -0.0018552319, -0.0019247895, -0.0019591395, -0.0020229102, -0.0020801583, -0.002131431, -0.0021553629, -0.002202176, -0.0022490327, -0.002272699, -0.0023198654, -0.0023655563, -0.0023874398, -0.0024298916, -0.0024718496, -0.002513785, -0.002534778, -0.002576049, -0.0026164383, -0.0026365188, -0.0026772257, -0.0027183963, -0.0027600366, -0.0027809732, -0.0028230858, -0.0028657888, -0.002887716, -0.0029325683, -0.0029783968, -0.0030008138, -0.0030444355, -0.003086259, -0.003125646, -0.0031440705, -0.0031783478, -0.0032084968, -0.0032216418, -0.003243409, -0.003260234, -0.0032747593, -0.0032815991, -0.0032936553, -0.003303526, -0.0033084822, -0.0033205533, -0.0033367618, -0.0033556956, -0.0033653944, -0.0033847704, -0.0034035514, -0.0034121117, -0.00342528, -0.0034316988, -0.0034326364, -0.003431658, -0.0034276708, -0.0034186789, -0.0034113808, -0.0033907378, -0.0033651607, -0.0033520702, -0.0033272698, -0.0033037039, -0.0032783728, -0.0032642002, -0.0032339352, -0.0032044246, -0.0031912462, -0.0031688078, -0.0031497474, -0.003140553, -0.003121691, -0.0031028546, -0.0030859727, -0.0030784917, -0.0030643558, -0.0030490838, -0.003039981, -0.0030163957, -0.0029825112, -0.0029364626, -0.0029094468, -0.0028493933, -0.0027858408, -0.002754895, -0.0026985484, -0.0026518088, -0.0026318256, -0.0025976172, -0.002569798, -0.002545682, -0.0025339012, -0.0025097574, -0.0024846115, -0.002471613, -0.002443918, -0.0024134465, -0.0023814624, -0.0023652434, -0.0023325174, -0.0022986506, -0.002281409, -0.0022466439, -0.0022114548, -0.0021934197, -0.0021563678, -0.0021179426, -0.0020774128, -0.0020561756, -0.0020117203, -0.0019641006, -0.0019387767, -0.0018847315, -0.0018257058, -0.0017606082, -0.0017253832, -0.0016503155, -0.0015751228, -0.0015433853, -0.0015210914, -0.0016133843
0, 0, 0, 0, 0, 0, 0, 0, 0, 0, 0, 0, 0, 0, 0, 0, 0, 0, 0, 0, 0, 0, 0, 0, 0, -0.0022223252, -0.0018215048, -0.0017194008, -0.0017284352, -0.0017934081, -0.0018753471, -0.0019156309, -0.0019911954, -0.0020595284, -0.0021213847, -0.0021507333, -0.0022069337, -0.0022618147, -0.002288724, -0.0023414278, -0.0023915044, -0.0024154151, -0.0024609242, -0.0025045143, -0.0025467603, -0.0025676042, -0.0026082862, -0.0026478572, -0.0026672957, -0.0027065116, -0.0027456416, -0.002784769, -0.0028046344, -0.0028453593, -0.0028876504, -0.0029096708, -0.0029556267, -0.0030040212, -0.0030286948, -0.0030784714, -0.0031280483, -0.0031750477, -0.0031967089, -0.0032355357, -0.0032684898, -0.0032824168, -0.003304122, -0.0033179591, -0.0033262458, -0.0033290873, -0.0033331716, -0.0033370012, -0.0033397672, -0.003349027, -0.0033633674, -0.003380405, -0.0033891273, -0.0034068453, -0.0034247844, -0.0034334003, -0.003447673, -0.0034555367, -0.0034570976, -0.0034572417, -0.0034548799, -0.003448463, -0.0034426323, -0.0034244207, -0.0033997928, -0.0033866432, -0.003361337, -0.0033375837, -0.0033129514, -0.0032994777, -0.0032709448, -0.003243778, -0.0032317245, -0.0032108661, -0.003192049, -0.003182539, -0.0031622082, -0.003141515, -0.003123205, -0.003115359, -0.0031013028, -0.0030864524, -0.0030773403, -0.0030528062, -0.0030168644, -0.0029687635, -0.002940943, -0.0028801747, -0.0028163383, -0.0027850976, -0.0027276564, -0.0026794607, -0.002658852, -0.002623587, -0.0025947483, -0.0025699087, -0.0025578605, -0.0025328842, -0.0025064293, -0.002492823, -0.0024643273, -0.0024335133, -0.0024005985, -0.0023837956, -0.0023501117, -0.0023157282, -0.0022981712, -0.0022625772, -0.0022266025, -0.0022082601, -0.002170546, -0.002131374, -0.002090246, -0.002068663, -0.0020234485, -0.0019751026, -0.0019495237, -0.0018948563, -0.001834991, -0.0017691953, -0.0017336766, -0.0016577947, -0.0015816374, -0.0015495289, -0.0015266468, -0.001618487
0, 0, 0, 0, 0, 0, 0, 0, 0, 0, 0, 0, 0, 0, 0, 0, 0, 0, 0, 0, 0, 0, 0, 0, 0, -0.0021814138, -0.0017792934, -0.0016671492, -0.0016759861, -0.0017471273, -0.0018400904, -0.0018864485, -0.0019739459, -0.0020538627, -0.0021272185, -0.0021618647, -0.0022274302, -0.002288481, -0.0023178298, -0.0023735466, -0.0024257342, -0.0024504305, -0.0024971224, -0.002541017, -0.0025829512, -0.0026034582, -0.0026440057, -0.0026833764, -0.0027027852, -0.002741252, -0.0027789003, -0.0028164182, -0.0028357236, -0.0028763788, -0.002919851, -0.002942777, -0.0029910053, -0.0030423691, -0.0030690522, -0.0031235972, -0.0031781518, -0.0032288474, -0.0032515498, -0.0032913114, -0.0033239478, -0.0033374242, -0.0033572975, -0.0033673234, -0.0033701377, -0.0033699805, -0.0033689316, -0.0033698308, -0.0033718906, -0.0033804378, -0.0033936747, -0.0034082325, -0.0034154796, -0.0034304815, -0.0034471801, -0.0034557413, -0.003470811, -0.0034794316, -0.003481224, -0.0034813676, -0.0034796966, -0.0034754525, -0.0034711368, -0.0034563318, -0.0034345202, -0.003422382, -0.0033982487, -0.003374683, -0.0033496532, -0.0033360182, -0.0033074776, -0.0032809866, -0.0032696186, -0.003250581, -0.0032333825, -0.0032243563, -0.0032040286, -0.0031818901, -0.0031614047, -0.0031526207, -0.0031376118, -0.003122675, -0.0031135941, -0.0030889702, -0.0030520607, -0.003002365, -0.0029735854, -0.0029112252, -0.0028467388, -0.002815244, -0.002757092, -0.0027078937, -0.002686799, -0.0026503536, -0.002620269, -0.0025944938, -0.0025822003, -0.0025566663, -0.00252915, -0.0025148313, -0.002485215, -0.0024539214, -0.0024203782, -0.0024031086, -0.0023682995, -0.0023332303, -0.0023153606, -0.0022790988, -0.0022423132, -0.0022235888, -0.0021850492, -0.0021452121, -0.0021034677, -0.002081544, -0.0020355273, -0.0019864242, -0.0019605663, -0.0019053074, -0.0018445862, -0.0017779304, -0.0017421177, -0.001665505, -0.0015884199, -0.0015558231, -0.0015322926, -0.0016237318
0, 0, 0, 0, 0, 0, 0, 0, 0, 0, 0, 0, 0, 0, 0, 0, 0, 0, 0, 0, 0, 0, 0, 0, 0, 0, -0.0018460632, -0.0017004177, -0.0016861435, -0.0017353544, -0.0018278481, -0.001877475, -0.0019730988, -0.0020619137, -0.0021436845, -0.0021821023, -0.0022536102, -0.0023185054, -0.0023487085, -0.0024060293, -0.0024592746, -0.002484463, -0.002531947, -0.0025763167, -0.0026181603, -0.0026386767, -0.0026793557, -0.0027195134, -0.0027392032, -0.0027778617, -0.0028153535, -0.0028532753, -0.002873209, -0.0029162997, -0.002962986, -0.002987413, -0.0030383663, -0.0030919749, -0.0031195197, -0.003175627, -0.003230974, -0.003281213, -0.0033030221, -0.003340134, -0.0033697288, -0.0033815426, -0.0033984112, -0.0034053044, -0.0034055915, -0.0034045847, -0.0034030753, -0.003404617, -0.0034073356, -0.003416353, -0.003428301, -0.003440197, -0.003445804, -0.0034579223, -0.0034728472, -0.003481067, -0.0034957903, -0.003504215, -0.0035058523, -0.0035057156, -0.0035042055, -0.0035009908, -0.0034976306, -0.0034856491, -0.0034672723, -0.003456686, -0.0034350809, -0.0034129247, -0.0033884405, -0.0033748213, -0.0033460248, -0.0033187699, -0.003307076, -0.003288057, -0.0032722661, -0.0032641473, -0.0032452825, -0.003223047, -0.003200891, -0.0031911342, -0.0031743948, -0.0031584671, -0.0031491998, -0.0031243926, -0.0030872987, -0.0030366508, -0.0030072131, -0.0029432715, -0.002877544, -0.0028456762, -0.0027867283, -0.0027368602, -0.0027153112, -0.002678064, -0.002646697, -0.0026195957, -0.0026068718, -0.0025809398, -0.0025527447, -0.0025378345, -0.0025068743, -0.002474717, -0.0024406556, -0.0024230408, -0.0023873101, -0.002351282, -0.0023329875, -0.0022959828, -0.0022585134, -0.0022394515, -0.0022001697, -0.002159387, -0.0021169833, -0.0020948679, -0.0020480976, -0.0019981246, -0.0019718353, -0.0019159605, -0.0018545961, -0.0017869627, -0.0017506898, -0.001673418, -0.0015954208, -0.0015623193, -0.0015379882, -0.0016291062
0, 0, 0, 0, 0, 0, 0, 0, 0, 0, 0, 0, 0, 0, 0, 0, 0, 0, 0, 0, 0, 0, 0, 0, 0, 0, -0.0022291178, -0.001822135, -0.0017485215, -0.0017504435, -0.0018350218, -0.0018851899, -0.0019847646, -0.0020776545, -0.002163269, -0.002203026, -0.0022764162, -0.0023420332, -0.0023727056, -0.0024301012, -0.0024839712, -0.0025096873, -0.0025585361, -0.0026038613, -0.0026467256, -0.0026678068, -0.0027097212, -0.0027514936, -0.0027720102, -0.002812489, -0.0028519582, -0.0028924863, -0.0029142913, -0.0029613604, -0.0030118825, -0.0030377244, -0.003090304, -0.0031437818, -0.003170906, -0.00322525, -0.0032779549, -0.0033245287, -0.003344275, -0.0033769112, -0.003402039, -0.003412022, -0.0034259197, -0.003432015, -0.003433587, -0.0034338627, -0.0034355863, -0.0034405238, -0.0034444064, -0.0034545898, -0.0034659088, -0.0034761182, -0.0034808475, -0.0034913048, -0.0035045503, -0.003511838, -0.0035243323, -0.0035309275, -0.0035317165, -0.0035306553, -0.003529069, -0.0035264809, -0.0035238045, -0.003513798, -0.003498136, -0.0034889532, -0.003469803, -0.0034500028, -0.003427539, -0.0034146637, -0.0033863562, -0.0033582393, -0.0033458055, -0.0033254712, -0.003309449, -0.0033017895, -0.0032843992, -0.0032633294, -0.0032410035, -0.0032306032, -0.0032120717, -0.0031946816, -0.0031848245, -0.0031594278, -0.0031221122, -0.0030712157, -0.0030413962, -0.0029762583, -0.0029092217, -0.0028767926, -0.0028168426, -0.0027661517, -0.0027442975, -0.0027064977, -0.002674214, -0.0026455817, -0.002632148, -0.0026055074, -0.0025769614, -0.0025616323, -0.002529552, -0.0024960954, -0.0024613442, -0.0024434086, -0.002406918, -0.0023700478, -0.0023512957, -0.0023133445, -0.002275056, -0.002255702, -0.0022158735, -0.0021740743, -0.0021307645, -0.0021083206, -0.0020610858, -0.002010235, -0.0019834056, -0.0019267962, -0.0018648719, -0.0017963342, -0.0017595356, -0.0016814646, -0.0016026058, -0.0015690313, -0.001543792, -0.001634613
0, 0, 0, 0, 0, 0, 0, 0, 0, 0, 0, 0, 0, 0, 0, 0, 0, 0, 0, 0, 0, 0, 0, 0, 0, 0, -0.0023148207, -0.0018946686, -0.0018030953, -0.0017815054, -0.001855396, -0.0019029835, -0.0019999593, -0.0020917705, -0.0021764447, -0.002216021, -0.0022887054, -0.002354002, -0.002384455, -0.002442016, -0.0024969783, -0.0025233855, -0.0025741914, -0.0026216947, -0.0026668583, -0.0026891422, -0.0027339067, -0.0027789949, -0.0028012139, -0.0028451032, -0.0028885333, -0.0029330973, -0.002956891, -0.0030074264, -0.0030601388, -0.0030865045, -0.0031387277, -0.0031901174, -0.0032155851, -0.0032658137, -0.0033138902, -0.003355626, -0.003373096, -0.0034013211, -0.0034229758, -0.0034317714, -0.0034449366, -0.0034525348, -0.0034576517, -0.0034602042, -0.00346623, -0.0034740877, -0.003478784, -0.0034896985, -0.0035012485, -0.0035121655, -0.0035175418, -0.003528931, -0.003541616, -0.003547719, -0.0035572343, -0.00356085, -0.0035606145, -0.0035583884, -0.0035563176, -0.0035535295, -0.0035508813, -0.0035416826, -0.003527723, -0.003519671, -0.0035026793, -0.0034848189, -0.0034646036, -0.0034529509, -0.0034267218, -0.0033992778, -0.0033864903, -0.003364256, -0.0033463214, -0.0033382785, -0.0033215445, -0.003301923, -0.0032804755, -0.0032699753, -0.0032506508, -0.0032318318, -0.0032213363, -0.0031945405, -0.003156598, -0.0031056472, -0.003075742, -0.0030100557, -0.0029419, -0.0029088603, -0.0028477188, -0.0027958348, -0.0027736493, -0.0027354248, -0.0027026339, -0.0026727594, -0.002658508, -0.0026305905, -0.0026015022, -0.0025859498, -0.002553049, -0.0025184848, -0.00248262, -0.0024642134, -0.0024269733, -0.002389395, -0.0023702937, -0.0023314033, -0.0022920067, -0.0022722478, -0.0022319313, -0.0021894549, -0.0021449928, -0.0021220767, -0.002074321, -0.002022782, -0.0019954883, -0.0019379089, -0.0018752527, -0.0018059948, -0.0017687556, -0.001689714, -0.0016099124, -0.0015758781, -0.0015498088, -0.001640259
0, 0, 0, 0, 0, 0, 0, 0, 0, 0, 0, 0, 0, 0, 0, 0, 0, 0, 0, 0, 0, 0, 0, 0, 0, 0, 0, -0.0020383273, -0.001937104, -0.0018506952, -0.0018826199, -0.0019189862, -0.002004847, -0.0020926925, -0.0021757637, -0.002214973, -0.0022879092, -0.0023542722, -0.002385618, -0.0024452526, -0.0025024451, -0.0025302842, -0.0025839363, -0.0026348922, -0.0026839988, -0.0027084185, -0.0027575248, -0.0028069443, -0.0028314772, -0.0028797602, -0.0029270176, -0.0029744674, -0.0029992466, -0.0030505792, -0.0031024248, -0.0031279349, -0.0031775986, -0.003225765, -0.0032490557, -0.0032949166, -0.0033385146, -0.0033764425, -0.003392602, -0.0034193895, -0.0034410125, -0.0034503075, -0.0034656487, -0.0034765794, -0.0034850314, -0.0034890836, -0.0034971905, -0.0035054695, -0.0035100312, -0.0035204245, -0.003532497, -0.00354534, -0.0035518587, -0.0035652204, -0.003577819, -0.0035832552, -0.0035906537, -0.0035928362, -0.0035923792, -0.0035901326, -0.0035876897, -0.003583864, -0.0035807265, -0.0035712763, -0.0035580015, -0.0035504638, -0.0035342996, -0.0035171718, -0.0034984273, -0.0034880792, -0.0034649333, -0.0034400043, -0.003427651, -0.0034047584, -0.0033847645, -0.0033757212, -0.0033578542, -0.0033384857, -0.0033182434, -0.00330834, -0.0032894572, -0.0032700037, -0.003258855, -0.003230667, -0.0031914718, -0.0031399296, -0.0031099196, -0.003044142, -0.0029755041, -0.0029420108, -0.002879754, -0.002826551, -0.002803667, -0.0027645482, -0.0027315402, -0.0027010175, -0.0026861536, -0.0026567027, -0.002626543, -0.0026106436, -0.002576964, -0.0025416806, -0.0025048133, -0.0024858164, -0.00244744, -0.002409068, -0.002389758, -0.002350209, -0.0023096614, -0.0022893038, -0.0022481766, -0.0022052228, -0.0021598097, -0.002136357, -0.0020877274, -0.002035625, -0.0020079615, -0.0019493708, -0.0018858948, -0.0018158832, -0.0017782081, -0.0016981182, -0.001617444, -0.0015829597, -0.0015559403, -0.0016460303
0, 0, 0, 0, 0, 0, 0, 0, 0, 0, 0, 0, 0, 0, 0, 0, 0, 0, 0, 0, 0, 0, 0, 0, 0, 0, 0, -0.0025147654, -0.0022308677, -0.00193623, -0.0018880692, -0.001908794, -0.001984525, -0.002072626, -0.00215855, -0.0021995697, -0.0022765312, -0.00234739, -0.0023810614, -0.0024452547, -0.0025071318, -0.002537325, -0.0025956426, -0.0026517038, -0.0027058078, -0.0027326276, -0.0027863511, -0.002839783, -0.002865847, -0.0029169926, -0.0029659907, -0.0030136358, -0.0030376324, -0.003086199, -0.0031344132, -0.003157948, -0.0032041008, -0.0032490103, -0.0032708398, -0.003313665, -0.0033547697, -0.0033919718, -0.0034084914, -0.003438087, -0.0034640455, -0.0034758302, -0.003495802, -0.0035102256, -0.00352071, -0.0035249933, -0.0035324784, -0.0035392304, -0.003542719, -0.0035515677, -0.0035631326, -0.003576335, -0.0035830403, -0.0035962756, -0.0036082591, -0.0036132308, -0.003620432, -0.0036234928, -0.0036238597, -0.0036234497, -0.0036215314, -0.0036170466, -0.003613504, -0.003603758, -0.003590755, -0.00358329, -0.0035668653, -0.0035490799, -0.0035302015, -0.0035202657, -0.0034994094, -0.003477652, -0.0034667207, -0.003445485, -0.0034251122, -0.0034152095, -0.0033952394, -0.0033746317, -0.0033545976, -0.003345035, -0.0033269404, -0.0033082052, -0.0032971895, -0.003268432, -0.003227601, -0.0031745445, -0.0031442111, -0.0030781855, -0.0030094837, -0.0029758096, -0.0029129405, -0.002858524, -0.0028348574, -0.0027943149, -0.0027606804, -0.0027297752, -0.0027145476, -0.0026840067, -0.0026525818, -0.0026360415, -0.0026013046, -0.0025653145, -0.0025278046, -0.002508381, -0.0024686872, -0.0024291025, -0.0024094228, -0.002369469, -0.0023280545, -0.0023070332, -0.0022647332, -0.0022212598, -0.0021751719, -0.0021511624, -0.0021014537, -0.0020486692, -0.0020206836, -0.001961285, -0.0018967022, -0.001825989, -0.001787864, -0.0017067324, -0.0016251606, -0.0015902024, -0.0015622057, -0.0016519171
0, 0, 0, 0, 0, 0, 0, 0, 0, 0, 0, 0, 0, 0, 0, 0, 0, 0, 0, 0, 0, 0, 0, 0, 0, 0, 0, -0.0026677703, -0.0023557185, -0.001941028, -0.0018433793, -0.0018586454, -0.0019386734, -0.0020365496, -0.0021319338, -0.0021768645, -0.0022619953, -0.0023409554, -0.0023783438, -0.002449824, -0.0025181256, -0.0025511924, -0.0026152064, -0.0026765403, -0.0027348245, -0.0027634471, -0.0028197733, -0.0028743176, -0.0029007904, -0.0029513894, -0.0029991502, -0.0030443615, -0.0030665817, -0.0031109257, -0.0031547232, -0.0031763227, -0.0032195954, -0.0032626155, -0.0032838446, -0.0033263117, -0.0033682876, -0.0034088683, -0.0034281637, -0.0034643847, -0.0034975677, -0.003512401, -0.0035371368, -0.0035540974, -0.0035650167, -0.0035690716, -0.0035753597, -0.003580269, -0.003582682, -0.003589008, -0.0035977615, -0.0036075918, -0.0036127213, -0.0036226334, -0.0036323234, -0.0036369043, -0.003644776, -0.0036504376, -0.003652547, -0.003655247, -0.0036550409, -0.0036510266, -0.003647443, -0.003637757, -0.0036251452, -0.0036178557, -0.003601393, -0.0035827623, -0.0035622935, -0.0035518291, -0.0035311747, -0.0035117168, -0.0035022956, -0.0034838624, -0.003465106, -0.0034552892, -0.003434476, -0.0034125797, -0.003391171, -0.003381229, -0.003363173, -0.003345352, -0.0033349432, -0.0033068086, -0.0032654116, -0.003210904, -0.0031797814, -0.003112528, -0.0030433065, -0.0030096702, -0.0029468832, -0.0028916912, -0.0028673173, -0.002825349, -0.0027904767, -0.0027587903, -0.0027432826, -0.00271209, -0.0026796318, -0.0026624908, -0.002626476, -0.0025892174, -0.0025511542, -0.0025315364, -0.002490909, -0.0024498252, -0.0024295258, -0.0023889253, -0.0023470195, -0.0023254685, -0.0022818255, -0.0022375248, -0.0021908795, -0.0021664738, -0.0021156133, -0.0020619135, -0.002033627, -0.0019734353, -0.0019078861, -0.0018362858, -0.001797717, -0.0017156044, -0.001633004, -0.0015975483, -0.0015686413, -0.0016579314
0, 0, 0, 0, 0, 0, 0, 0, 0, 0, 0, 0, 0, 0, 0, 0, 0, 0, 0, 0, 0, 0, 0, 0, 0, 0, 0, 0, -0.002325417, -0.001900171, -0.0017911491, -0.0018062836, -0.0018931342, -0.0020022313, -0.0021093339, -0.0021599454, -0.002255193, -0.0023432295, -0.0023845972, -0.002463397, -0.0025376207, -0.0025732256, -0.002641712, -0.0027065447, -0.0027669289, -0.002795856, -0.002851553, -0.002904015, -0.002929023, -0.0029767994, -0.003021596, -0.0030636494, -0.0030841348, -0.003124672, -0.0031654376, -0.0031860408, -0.0032284672, -0.0032722997, -0.003294539, -0.0033395442, -0.0033859897, -0.003432913, -0.003455996, -0.0035002085, -0.003540251, -0.0035578872, -0.0035867072, -0.0036062326, -0.0036188657, -0.003623398, -0.0036297713, -0.0036330696, -0.0036341466, -0.0036364878, -0.00363962, -0.00364291, -0.0036445512, -0.0036482983, -0.003653703, -0.003657094, -0.0036647175, -0.0036727523, -0.0036765581, -0.0036826744, -0.0036853896, -0.0036831477, -0.0036801933, -0.0036712494, -0.003659498, -0.003652888, -0.00363741, -0.003618444, -0.0035963329, -0.0035848285, -0.0035628756, -0.0035435795, -0.003535015, -0.0035188645, -0.0035026998, -0.0034939158, -0.0034742104, -0.003452179, -0.0034296615, -0.0034190435, -0.0033998035, -0.0033817338, -0.0033715602, -0.003344444, -0.003303891, -0.00324906, -0.0032172815, -0.0031483166, -0.0030777631, -0.0030437952, -0.0029808828, -0.002925502, -0.002900844, -0.002857745, -0.0028213563, -0.002788518, -0.002772526, -0.0027405142, -0.0027073142, -0.0026898184, -0.0026527673, -0.0026138816, -0.0025747032, -0.0025548718, -0.0025138261, -0.0024714577, -0.0024503656, -0.0024086132, -0.0023662616, -0.002344405, -0.0022996385, -0.0022541045, -0.0022068422, -0.0021820888, -0.0021302744, -0.0020755117, -0.0020468403, -0.0019857658, -0.001919376, -0.0018467953, -0.0018077797, -0.0017246765, -0.0016410116, -0.0016050251, -0.0015752027, -0.0016641277
0, 0, 0, 0, 0, 0, 0, 0, 0, 0, 0, 0, 0, 0, 0, 0, 0, 0, 0, 0, 0, 0, 0, 0, 0, 0, 0, 0, 0, -0.0019609071, -0.0018178109, -0.0018095099, -0.001875518, -0.0019862277, -0.0021016907, -0.0021569224, -0.002260841, -0.0023558245, -0.0024004132, -0.0024838778, -0.0025614118, -0.0025981301, -0.0026677134, -0.0027325933, -0.0027919863, -0.0028198224, -0.0028721131, -0.0029205591, -0.0029434587, -0.0029873746, -0.0030294517, -0.003069482, -0.003089244, -0.0031287991, -0.003169467, -0.0031907114, -0.0032356437, -0.0032831826, -0.0033073819, -0.0033567452, -0.003408095, -0.0034609518, -0.0034873192, -0.0035378633, -0.003583806, -0.003603978, -0.0036375634, -0.0036621161, -0.0036793416, -0.003685713, -0.0036940032, -0.0036966498, -0.003696459, -0.0036945194, -0.003691354, -0.0036868204, -0.003684334, -0.003680342, -0.0036797991, -0.0036811219, -0.0036864663, -0.003693936, -0.0036978766, -0.003705163, -0.0037097032, -0.0037097612, -0.0037077751, -0.0037008158, -0.003691328, -0.0036859196, -0.0036729532, -0.0036554686, -0.0036330153, -0.0036208336, -0.003596912, -0.0035759883, -0.0035669394, -0.0035514538, -0.0035372854, -0.0035298096, -0.0035123192, -0.0034917858, -0.003469889, -0.0034590743, -0.0034386353, -0.0034190293, -0.0034083582, -0.0033812537, -0.0033418052, -0.0032878027, -0.0032559745, -0.003185978, -0.0031137797, -0.0030790807, -0.0030151745, -0.0029594626, -0.0029346612, -0.0028909387, -0.0028535426, -0.0028193493, -0.0028026458, -0.0027693443, -0.0027352914, -0.0027176633, -0.0026799145, -0.0026396196, -0.002598799, -0.0025784392, -0.0025370626, -0.0024939694, -0.002472106, -0.0024287808, -0.002385728, -0.0023636601, -0.0023180537, -0.0022712103, -0.0022230102, -0.0021979306, -0.0021452887, -0.0020895572, -0.0020603237, -0.0019983475, -0.0019311019, -0.001857501, -0.0018180156, -0.0017340038, -0.001649161, -0.0016126304, -0.0015819826, -0.0016704391
0, 0, 0, 0, 0, 0, 0, 0, 0, 0, 0, 0, 0, 0, 0, 0, 0, 0, 0, 0, 0, 0, 0, 0, 0, 0, 0, 0, 0, -0.0023582526, -0.0019376889, -0.0018672696, -0.0018850443, -0.00198924, -0.00210858, -0.0021664114, -0.0022743305, -0.0023722968, -0.002417595, -0.002502168, -0.0025793444, -0.002615442, -0.0026831112, -0.0027450856, -0.002800633, -0.002826402, -0.0028744696, -0.0029187407, -0.0029400229, -0.0029823624, -0.0030245925, -0.0030661982, -0.0030870219, -0.0031291132, -0.0031731636, -0.0031964192, -0.0032458645, -0.0032974249, -0.0033233676, -0.0033753423, -0.0034289705, -0.003484771, -0.0035127955, -0.003567516, -0.0036180608, -0.0036409665, -0.0036806697, -0.0037121973, -0.003736298, -0.0037456325, -0.0037579227, -0.0037616144, -0.0037608885, -0.0037560477, -0.0037479552, -0.0037375765, -0.0037320082, -0.0037224614, -0.0037174642, -0.003716868, -0.0037183473, -0.003721721, -0.0037237655, -0.003727874, -0.0037311786, -0.00373139, -0.0037298922, -0.0037243373, -0.0037170902, -0.0037131256, -0.0037038552, -0.0036901028, -0.0036704184, -0.0036588183, -0.0036343972, -0.0036115241, -0.0036014495, -0.0035847367, -0.003570725, -0.0035636935, -0.0035477784, -0.0035294618, -0.0035098537, -0.0034998672, -0.0034798542, -0.0034589334, -0.0034473343, -0.003418791, -0.0033792641, -0.0033260635, -0.0032945285, -0.0032246918, -0.0031515812, -0.003116168, -0.0030506179, -0.0029937944, -0.0029687234, -0.0029244444, -0.002886413, -0.0028513784, -0.002834052, -0.002799085, -0.0027636483, -0.002745595, -0.002707578, -0.0026664103, -0.002623773, -0.0026026045, -0.002560394, -0.0025169656, -0.0024946355, -0.0024497972, -0.0024054528, -0.0023830945, -0.0023369123, -0.0022889008, -0.0022395714, -0.0022140134, -0.0021606067, -0.002103894, -0.0020741299, -0.0020112882, -0.0019430609, -0.0018684296, -0.0018284572, -0.001743536, -0.0016574475, -0.0016203659, -0.0015889332, -0.0016768419
0, 0, 0, 0, 0, 0, 0, 0, 0, 0, 0, 0, 0, 0, 0, 0, 0, 0, 0, 0, 0, 0, 0, 0, 0, 0, 0, 0, 0, -0.002445537, -0.0020114444, -0.0019215449, -0.0019138833, -0.0020065699, -0.002121123, -0.0021774045, -0.0022833475, -0.0023794912, -0.0024239984, -0.0025067604, -0.002581464, -0.0026161592, -0.0026801042, -0.0027378395, -0.002789869, -0.0028139853, -0.002859766, -0.0029034433, -0.0029253103, -0.0029704499, -0.0030174127, -0.0030647968, -0.003088365, -0.0031359624, -0.003184655, -0.003210015, -0.0032629245, -0.0033166634, -0.0033430126, -0.0033949488, -0.0034480134, -0.0035038819, -0.0035323277, -0.0035887833, -0.003642266, -0.0036670028, -0.0037118944, -0.0037499869, -0.003780891, -0.0037931658, -0.0038096833, -0.0038149797, -0.0038142586, -0.003808449, -0.0037989812, -0.003787098, -0.003780979, -0.0037703498, -0.0037640627, -0.003762385, -0.0037607818, -0.0037594931, -0.003758785, -0.0037579178, -0.0037570007, -0.0037543175, -0.0037518775, -0.003745427, -0.0037385335, -0.003735271, -0.0037285292, -0.0037188043, -0.0037037062, -0.0036939494, -0.0036718603, -0.0036494106, -0.0036391364, -0.0036216385, -0.003606588, -0.0035990244, -0.0035826648, -0.0035651969, -0.0035478557, -0.003539222, -0.0035212615, -0.0035008944, -0.0034888852, -0.0034588543, -0.0034178803, -0.003364135, -0.0033327662, -0.0032633878, -0.003190239, -0.0031543833, -0.0030875888, -0.0030293928, -0.003003692, -0.0029582898, -0.0029195475, -0.0028840941, -0.0028663878, -0.0028300185, -0.0027927936, -0.0027740067, -0.0027353307, -0.0026938813, -0.0026498719, -0.0026277178, -0.0025840027, -0.0025401085, -0.0025175693, -0.0024716414, -0.002425756, -0.0024028185, -0.00235592, -0.0023071175, -0.0022565501, -0.0022305087, -0.0021762068, -0.0021184988, -0.0020882534, -0.0020245388, -0.0019552715, -0.0018795447, -0.0018391433, -0.0017532309, -0.0016659921, -0.0016283033, -0.001595928, -0.0016834177
0, 0, 0, 0, 0, 0, 0, 0, 0, 0, 0, 0, 0, 0, 0, 0, 0, 0, 0, 0, 0, 0, 0, 0, 0, 0, 0, 0, 0, 0, -0.002168505, -0.0020653934, -0.0019843949, -0.0020287288, -0.0021216767, -0.0021726303, -0.0022727083, -0.0023657943, -0.0024092665, -0.0024900187, -0.002563004, -0.002596652, -0.0026588356, -0.0027156689, -0.0027680723, -0.002793165, -0.0028425641, -0.0028917156, -0.0029169058, -0.0029693984, -0.0030242424, -0.0030788996, -0.003105885, -0.0031587058, -0.00321087, -0.003237307, -0.0032909142, -0.003344275, -0.003370066, -0.003420421, -0.0034719307, -0.0035265242, -0.003554687, -0.0036110322, -0.0036654894, -0.003691048, -0.0037385037, -0.0037798816, -0.003814085, -0.0038274375, -0.0038451192, -0.0038507092, -0.003850128, -0.003845499, -0.0038381212, -0.0038289807, -0.0038240065, -0.00381537, -0.0038100993, -0.0038086567, -0.0038061794, -0.0038024783, -0.0037999551, -0.003794367, -0.0037887814, -0.003782459, -0.0037786684, -0.0037700636, -0.0037614573, -0.0037576496, -0.0037510341, -0.0037435456, -0.003732053, -0.003724286, -0.003705381, -0.0036854767, -0.0036763176, -0.0036603387, -0.0036456094, -0.0036376184, -0.0036200765, -0.00360194, -0.0035851835, -0.0035773285, -0.0035613596, -0.0035427634, -0.0035312865, -0.0035011135, -0.0034586864, -0.0034034245, -0.003371655, -0.0033020831, -0.0032289266, -0.00319298, -0.0031255682, -0.00306633, -0.0030399142, -0.00299299, -0.0029530001, -0.0029169726, -0.0028991213, -0.0028620812, -0.0028230904, -0.0028032113, -0.0027631794, -0.0027215537, -0.0026768795, -0.002653852, -0.0026083298, -0.002563402, -0.0025406335, -0.0024939512, -0.0024467714, -0.0024231682, -0.0023752667, -0.002325592, -0.002273966, -0.00224742, -0.0021921706, -0.0021333955, -0.0021026258, -0.0020379997, -0.001967821, -0.0018909553, -0.0018499851, -0.0017630468, -0.0016747572, -0.0016364754, -0.0016029951, -0.0016900664
0, 0, 0, 0, 0, 0, 0, 0, 0, 0, 0, 0, 0, 0, 0, 0, 0, 0, 0, 0, 0, 0, 0, 0, 0, 0, 0, 0, 0, 0, -0.002679096, -0.0023768516, -0.0020677142, -0.0020231502, -0.0020894532, -0.0021365827, -0.0022354145, -0.0023298531, -0.0023743345, -0.0024569163, -0.002532428, -0.0025676135, -0.0026334443, -0.00269568, -0.0027556792, -0.0027852547, -0.0028446035, -0.0029039143, -0.0029337758, -0.0029947083, -0.0030561935, -0.0031165222, -0.0031456577, -0.0032017229, -0.0032551873, -0.0032815158, -0.0033343239, -0.0033862197, -0.003411358, -0.003460592, -0.003511049, -0.0035645955, -0.0035922057, -0.0036472834, -0.00370041, -0.0037255392, -0.0037717512, -0.0038113748, -0.0038430511, -0.0038549392, -0.003869777, -0.003873987, -0.0038735855, -0.003871154, -0.003867644, -0.0038621435, -0.0038587207, -0.0038525441, -0.0038491369, -0.0038484323, -0.0038468917, -0.003842619, -0.0038392672, -0.0038312883, -0.003823463, -0.0038153648, -0.003810716, -0.0037999656, -0.0037886775, -0.003783652, -0.003775666, -0.0037687586, -0.003758788, -0.0037519885, -0.0037353486, -0.003718413, -0.0037109202, -0.00369806, -0.003685194, -0.003677746, -0.00366039, -0.0036415788, -0.0036241135, -0.0036161472, -0.0036009564, -0.0035841693, -0.003573529, -0.0035441641, -0.0035010108, -0.0034444956, -0.0034120956, -0.0033414925, -0.0032676507, -0.0032315995, -0.0031641885, -0.0031043056, -0.003077187, -0.003028798, -0.002987122, -0.002949941, -0.0029319208, -0.002894717, -0.0028546993, -0.0028337527, -0.0027916187, -0.002749085, -0.0027042846, -0.0026808765, -0.002633662, -0.0025871529, -0.00256391, -0.002516555, -0.0024683648, -0.0024441124, -0.0023950841, -0.0023443794, -0.0022917273, -0.002264624, -0.0022085067, -0.0021486774, -0.002117327, -0.002051597, -0.0019805406, -0.0019027356, -0.0018611017, -0.0017729694, -0.0016836801, -0.0016448421, -0.0016101506, -0.001696873
0, 0, 0, 0, 0, 0, 0, 0, 0, 0, 0, 0, 0, 0, 0, 0, 0, 0, 0, 0, 0, 0, 0, 0, 0, 0, 0, 0, 0, 0, -0.002832029, -0.002498891, -0.002062204, -0.0019658033, -0.0020269984, -0.0020775856, -0.0021851375, -0.0022875105, -0.0023354902, -0.0024254846, -0.0025090282, -0.002548568, -0.0026239376, -0.002696808, -0.0027687377, -0.0028046123, -0.0028755998, -0.0029446327, -0.0029783763, -0.0030446951, -0.0031096835, -0.0031720493, -0.003202081, -0.0032592574, -0.0033129512, -0.0033389754, -0.0033906652, -0.003442116, -0.0034673293, -0.0035174675, -0.003568999, -0.003622714, -0.0036500467, -0.003703693, -0.0037543958, -0.0037778022, -0.0038194873, -0.0038532275, -0.003878204, -0.00388695, -0.0038966609, -0.0038983887, -0.003897734, -0.003896309, -0.003894571, -0.003890488, -0.0038876205, -0.0038822556, -0.003879539, -0.0038791934, -0.0038781068, -0.0038737382, -0.0038703517, -0.0038627428, -0.0038562187, -0.0038496633, -0.0038455436, -0.003834322, -0.0038210195, -0.003814734, -0.003804633, -0.003796384, -0.0037862307, -0.0037796753, -0.0037644624, -0.0037497743, -0.0037435943, -0.0037335802, -0.0037239727, -0.0037178928, -0.0037025872, -0.0036839845, -0.0036653564, -0.003656728, -0.003641265, -0.0036254616, -0.0036154182, -0.003587064, -0.0035444694, -0.0034874857, -0.0034543984, -0.0033818933, -0.0033067132, -0.0032703276, -0.0032027606, -0.0031427052, -0.0031154174, -0.0030660417, -0.0030224763, -0.0029832225, -0.002964618, -0.0029274, -0.002887154, -0.002865539, -0.002821292, -0.0027769888, -0.0027315903, -0.0027079908, -0.002659827, -0.0026117784, -0.0025878039, -0.0025394375, -0.0024902904, -0.002465497, -0.0024153707, -0.0023636082, -0.0023098227, -0.0022821974, -0.0022250833, -0.0021643396, -0.0021324723, -0.0020655217, -0.0019934785, -0.0019147213, -0.0018724796, -0.0017830726, -0.0016927716, -0.0016533609, -0.0016174946, -0.00170382
0, 0, 0, 0, 0, 0, 0, 0, 0, 0, 0, 0, 0, 0, 0, 0, 0, 0, 0, 0, 0, 0, 0, 0, 0, 0, 0, 0, 0, 0, 0, -0.0024588692, -0.0020229672, -0.0019172693, -0.001979103, -0.0020322038, -0.0021473903, -0.0022583848, -0.0023114323, -0.0024117457, -0.0025065134, -0.002551512, -0.0026386091, -0.0027226652, -0.002805074, -0.0028457223, -0.002924907, -0.0029995854, -0.0030353467, -0.00310365, -0.0031689324, -0.0032312456, -0.003261231, -0.0033185524, -0.0033722778, -0.00339843, -0.0034507755, -0.0035037687, -0.0035303857, -0.0035837016, -0.0036380147, -0.003693137, -0.0037203862, -0.003772659, -0.003820265, -0.0038417021, -0.0038784246, -0.0039062428, -0.003925477, -0.00393174, -0.003937875, -0.0039376244, -0.003936317, -0.0039334116, -0.0039295633, -0.003922654, -0.0039182333, -0.0039097476, -0.0039044155, -0.00390273, -0.0038995496, -0.0038941342, -0.0038908296, -0.003885199, -0.0038825844, -0.0038807637, -0.0038786004, -0.003869916, -0.0038569502, -0.0038502442, -0.0038384458, -0.0038283218, -0.0038168808, -0.003810014, -0.0037947216, -0.0037805666, -0.0037750301, -0.0037673025, -0.0037612577, -0.0037572193, -0.0037451824, -0.0037282656, -0.0037095693, -0.0037004885, -0.0036838623, -0.0036670202, -0.0036567764, -0.0036290034, -0.0035877638, -0.0035315987, -0.0034983049, -0.0034243097, -0.0033471799, -0.0033098964, -0.0032409276, -0.003180613, -0.0031535462, -0.0031042767, -0.0030595758, -0.0030178365, -0.0029980869, -0.0029596516, -0.002919458, -0.0028978253, -0.0028523358, -0.0028059601, -0.0027591262, -0.0027351866, -0.0026863117, -0.0026370136, -0.0026124103, -0.0025629948, -0.0025125726, -0.0024871829, -0.0024359568, -0.002383288, -0.0023283856, -0.0023001446, -0.002241872, -0.0021802722, -0.0021479113, -0.0020797583, -0.0020066733, -0.0019268873, -0.0018840645, -0.0017934121, -0.0017020578, -0.001662053, -0.0016250334, -0.0017109035
0, 0, 0, 0, 0, 0, 0, 0, 0, 0, 0, 0, 0, 0, 0, 0, 0, 0, 0, 0, 0, 0, 0, 0, 0, 0, 0, 0, 0, 0, 0, 0, -0.0021293166, -0.0019793226, -0.001986549, -0.0020256804, -0.0021314612, -0.0022470092, -0.0023042613, -0.0024153865, -0.002521033, -0.0025713916, -0.002668156, -0.0027601826, -0.0028484685, -0.0028912453, -0.0029737488, -0.0030504914, -0.0030865818, -0.0031550704, -0.0032197707, -0.0032816974, -0.0033116394, -0.0033695826, -0.0034247313, -0.0034517893, -0.003506639, -0.0035631028, -0.0035915864, -0.003648519, -0.003705317, -0.0037609856, -0.0037879138, -0.0038386674, -0.0038846068, -0.0039050796, -0.003939682, -0.003965529, -0.00398346, -0.0039896024, -0.0039962516, -0.003996376, -0.003994662, -0.0039890786, -0.0039801826, -0.003966774, -0.003958901, -0.0039433087, -0.0039309496, -0.003926046, -0.0039170245, -0.003908189, -0.003904265, -0.003900056, -0.003901487, -0.003905094, -0.0039056055, -0.0039015354, -0.0038917223, -0.0038859593, -0.003874969, -0.0038645822, -0.0038523974, -0.0038450612, -0.0038286936, -0.0038135978, -0.0038079508, -0.0038010965, -0.0037972394, -0.003794697, -0.0037860544, -0.0037722648, -0.0037556742, -0.0037470106, -0.00372985, -0.003711198, -0.0037000065, -0.0036707674, -0.0036295936, -0.003574525, -0.003541843, -0.0034682306, -0.003390002, -0.0033516735, -0.0032802327, -0.0032183023, -0.0031909882, -0.0031420006, -0.003097342, -0.0030543355, -0.0030334087, -0.0029927078, -0.0029514416, -0.0029297138, -0.0028837554, -0.0028360186, -0.0027875772, -0.0027630955, -0.0027130817, -0.002662592, -0.0026374052, -0.0025869652, -0.002535475, -0.0025094382, -0.0024569298, -0.0024032702, -0.0023474235, -0.0023185622, -0.002259001, -0.0021964654, -0.0021636176, -0.0020943165, -0.0020200575, -0.0019393275, -0.0018959644, -0.0018040267, -0.0017113804, -0.0016708162, -0.0016328187, -0.0017181237
0, 0, 0, 0, 0, 0, 0, 0, 0, 0, 0, 0, 0, 0, 0, 0, 0, 0, 0, 0, 0, 0, 0, 0, 0, 0, 0, 0, 0, 0, 0, 0, -0.0026295134, -0.002152797, -0.0020203388, -0.0020303421, -0.0021176776, -0.0022378797, -0.0023000229, -0.00242161, -0.0025368338, -0.0025914616, -0.0026949374, -0.0027912988, -0.0028814503, -0.0029247329, -0.0030075288, -0.0030844444, -0.0031206303, -0.0031895775, -0.0032549172, -0.0033174392, -0.0033480283, -0.0034076981, -0.0034653274, -0.0034939207, -0.0035516294, -0.0036106866, -0.0036403518, -0.0036988526, -0.00375598, -0.0038106984, -0.0038369906, -0.003887004, -0.0039332686, -0.0039544646, -0.003991735, -0.004021262, -0.004044189, -0.0040531987, -0.004065549, -0.004069467, -0.004068311, -0.004060945, -0.0040467787, -0.0040259217, -0.004013884, -0.0039891917, -0.003966949, -0.0039573186, -0.00393969, -0.003925281, -0.0039198496, -0.003914752, -0.003917683, -0.003924051, -0.003926205, -0.003926047, -0.0039204876, -0.003916867, -0.0039095054, -0.0039015545, -0.0038906434, -0.003883578, -0.0038672225, -0.0038517313, -0.003845713, -0.003838327, -0.0038344865, -0.0038323866, -0.0038253595, -0.0038143187, -0.0038005025, -0.0037931465, -0.0037774679, -0.003758591, -0.0037466611, -0.0037150884, -0.0036717055, -0.0036161002, -0.0035837432, -0.003511333, -0.0034336178, -0.0033949632, -0.003321838, -0.003257446, -0.0032291734, -0.0031792508, -0.003134607, -0.0030913348, -0.0030698366, -0.0030273183, -0.0029842888, -0.002962004, -0.002915283, -0.0028664093, -0.0028167432, -0.002791684, -0.0027405778, -0.0026886982, -0.0026628585, -0.0026112315, -0.002558891, -0.0025322034, -0.0024783576, -0.0024236648, -0.0023667535, -0.0023372674, -0.0022765151, -0.0022130047, -0.0021796776, -0.0021092182, -0.0020336483, -0.0019519387, -0.001908117, -0.0018149511, -0.0017208279, -0.001679694, -0.0016407892, -0.0017254949
0, 0, 0, 0, 0, 0, 0, 0, 0, 0, 0, 0, 0, 0, 0, 0, 0, 0, 0, 0, 0, 0, 0, 0, 0, 0, 0, 0, 0, 0, 0, 0, -0.0028118303, -0.0022345758, -0.002009386, -0.0020022772, -0.0020864788, -0.002217499, -0.0022858346, -0.0024174901, -0.0025400696, -0.0025973313, -0.0027047582, -0.0028033466, -0.0028942353, -0.0029374515, -0.0030198665, -0.0030972897, -0.0031340788, -0.0032047983, -0.0032717115, -0.0033360547, -0.0033675567, -0.0034293742, -0.003489392, -0.0035188522, -0.0035778312, -0.0036369888, -0.0036662624, -0.0037235015, -0.003778295, -0.0038309565, -0.0038564454, -0.003906352, -0.0039553307, -0.003978996, -0.004022977, -0.004061193, -0.0040938733, -0.0041077635, -0.0041293753, -0.004139837, -0.004140758, -0.0041346494, -0.0041186404, -0.0040935543, -0.0040785386, -0.0040463945, -0.004015455, -0.0040013236, -0.003976083, -0.0039557675, -0.003948267, -0.0039398293, -0.00393976, -0.003943638, -0.003945214, -0.0039456766, -0.0039430815, -0.00394148, -0.003938339, -0.0039341087, -0.0039264956, -0.0039211246, -0.0039077955, -0.0038943687, -0.0038887735, -0.003880919, -0.0038760433, -0.0038734253, -0.0038661363, -0.0038556997, -0.0038433576, -0.0038369421, -0.0038235446, -0.0038064998, -0.0037949157, -0.0037625267, -0.0037165543, -0.0036583643, -0.0036254134, -0.003553203, -0.0034765347, -0.0034380748, -0.0033643893, -0.0032983623, -0.003269088, -0.0032174287, -0.0031718202, -0.0031282536, -0.0031064458, -0.0030625686, -0.0030180507, -0.00299526, -0.0029475174, -0.0028973268, -0.0028462645, -0.0028205733, -0.0027684867, -0.0027155415, -0.0026890414, -0.002636026, -0.0025825817, -0.002555349, -0.0025002165, -0.0024444447, -0.0023865325, -0.0023564533, -0.0022943467, -0.0022296896, -0.002195932, -0.0021245931, -0.0020476487, -0.0019645593, -0.0019203215, -0.001826239, -0.0017305776, -0.0016887226, -0.001648804, -0.0017330871
0, 0, 0, 0, 0, 0, 0, 0, 0, 0, 0, 0, 0, 0, 0, 0, 0, 0, 0, 0, 0, 0, 0, 0, 0, 0, 0, 0, 0, 0, 0, 0, 0, -0.0022382014, -0.0019844219, -0.001971298, -0.0020537842, -0.0021904889, -0.002262405, -0.0024002658, -0.0025267766, -0.0025857668, -0.0026952426, -0.0027954946, -0.0028872257, -0.0029305622, -0.003013362, -0.0030920014, -0.0031295945, -0.003202503, -0.00327123, -0.0033371453, -0.0033694324, -0.0034325987, -0.003493572, -0.003523239, -0.0035814138, -0.003638501, -0.003666386, -0.0037202297, -0.00377212, -0.0038222882, -0.0038471534, -0.0038978073, -0.0039508506, -0.0039778077, -0.0040299944, -0.0040781186, -0.00412097, -0.0041397843, -0.004170717, -0.004189048, -0.004193175, -0.0041916943, -0.0041778367, -0.0041528917, -0.0041371463, -0.004102634, -0.004068738, -0.0040530777, -0.004025529, -0.004002998, -0.0039940258, -0.003981656, -0.0039756135, -0.003973009, -0.003971832, -0.0039687143, -0.0039651985, -0.003963837, -0.003962121, -0.003960501, -0.003957099, -0.003954257, -0.0039463853, -0.003937414, -0.0039333943, -0.00392726, -0.0039224313, -0.003919576, -0.003911306, -0.0038995135, -0.0038860417, -0.0038794768, -0.003867057, -0.0038524065, -0.0038420737, -0.003811021, -0.0037638762, -0.0037029898, -0.0036687567, -0.0035953093, -0.0035186454, -0.0034804402, -0.003406928, -0.0033402445, -0.0033101635, -0.0032566513, -0.0032098086, -0.0031656, -0.0031434803, -0.003098407, -0.0030524458, -0.0030289365, -0.0029801289, -0.0029290237, -0.002876558, -0.0028501202, -0.0027968122, -0.0027427, -0.0027155483, -0.0026614452, -0.0026069037, -0.00257913, -0.0025224858, -0.0024653554, -0.0024066789, -0.002376241, -0.0023128213, -0.0022465352, -0.0022122792, -0.0021402545, -0.002062082, -0.0019775454, -0.0019327461, -0.0018375656, -0.0017405996, -0.001698053, -0.001657011, -0.0017407748
0, 0, 0, 0, 0, 0, 0, 0, 0, 0, 0, 0, 0, 0, 0, 0, 0, 0, 0, 0, 0, 0, 0, 0, 0, 0, 0, 0, 0, 0, 0, 0, 0, -0.0022634214, -0.002064247, -0.0020163676, -0.002047757, -0.0021674363, -0.002237157, -0.0023750586, -0.0025028274, -0.0025623247, -0.002673165, -0.0027743154, -0.0028668593, -0.0029108205, -0.002994908, -0.003075062, -0.0031134733, -0.0031879249, -0.0032581934, -0.0033247934, -0.0033571385, -0.0034207827, -0.0034813355, -0.003510403, -0.0035668793, -0.003621262, -0.0036474948, -0.0036987448, -0.0037488074, -0.0037984266, -0.003823481, -0.0038760267, -0.003932725, -0.0039620185, -0.004020223, -0.004074717, -0.0041244808, -0.0041468423, -0.004184627, -0.004209568, -0.0042167967, -0.0042205486, -0.0042110095, -0.004189705, -0.004175835, -0.0041452055, -0.0041153617, -0.004101786, -0.0040776343, -0.004057089, -0.004048305, -0.0040338286, -0.00402339, -0.004015167, -0.004011051, -0.00400276, -0.0039948486, -0.003991654, -0.003987477, -0.0039856294, -0.0039844713, -0.003983725, -0.003980931, -0.0039771637, -0.003975472, -0.003972844, -0.003970249, -0.0039682114, -0.0039606867, -0.003947856, -0.0039318185, -0.003923769, -0.0039095213, -0.0038957708, -0.0038866238, -0.003858172, -0.0038120006, -0.0037498057, -0.0037143654, -0.003638647, -0.003560861, -0.0035225877, -0.003449371, -0.0033824355, -0.0033518812, -0.003296872, -0.003248545, -0.003203301, -0.0031807965, -0.0031349498, -0.0030876296, -0.0030633109, -0.0030132022, -0.0029610598, -0.002907426, -0.002880391, -0.0028259326, -0.002770426, -0.0027424695, -0.0026870063, -0.0026316582, -0.002603459, -0.0025455793, -0.0024866615, -0.0024269342, -0.0023962134, -0.0023318073, -0.0022640268, -0.0022290638, -0.0021559629, -0.002076777, -0.0019910524, -0.0019455706, -0.0018490232, -0.0017507959, -0.0017076184, -0.0016654183, -0.0017485821
0, 0, 0, 0, 0, 0, 0, 0, 0, 0, 0, 0, 0, 0, 0, 0, 0, 0, 0, 0, 0, 0, 0, 0, 0, 0, 0, 0, 0, 0, 0, 0, 0, -0.0029669246, -0.0023152283, -0.002142635, -0.002060152, -0.00214835, -0.0022136592, -0.0023488335, -0.0024760433, -0.0025355287, -0.0026466474, -0.0027487825, -0.002842791, -0.0028873475, -0.0029730264, -0.0030544885, -0.0030938152, -0.003169543, -0.0032405, -0.0033072494, -0.00333965, -0.003402568, -0.0034624455, -0.0034911914, -0.0035465413, -0.0036000435, -0.0036258975, -0.003676886, -0.0037277446, -0.0037789377, -0.0038052069, -0.0038595686, -0.0039180573, -0.003948245, -0.004007937, -0.004064091, -0.004115494, -0.0041390075, -0.004178985, -0.0042066006, -0.004215186, -0.0042225122, -0.004217653, -0.004202752, -0.0041926163, -0.0041703447, -0.004148991, -0.004139385, -0.0041219527, -0.004106103, -0.004098728, -0.0040851454, -0.004073592, -0.004062862, -0.0040572663, -0.0040452187, -0.0040333015, -0.0040281448, -0.004020428, -0.0040164837, -0.0040152064, -0.0040150685, -0.0040149344, -0.00401455, -0.004014512, -0.004014861, -0.0040151947, -0.004014644, -0.0040102038, -0.0039988416, -0.0039813737, -0.0039719036, -0.0039545526, -0.003938936, -0.003929749, -0.0039025857, -0.0038588354, -0.0037974895, -0.0037615893, -0.0036837112, -0.003604106, -0.0035654185, -0.0034919034, -0.00342464, -0.003393779, -0.003337879, -0.003288223, -0.003241581, -0.003218544, -0.003171904, -0.0031234524, -0.0030985042, -0.0030471187, -0.002993585, -0.0029385877, -0.0029110166, -0.002855633, -0.0027990283, -0.0027702982, -0.0027130349, -0.0026564912, -0.0026279502, -0.0025693488, -0.00250881, -0.0024474831, -0.0024161956, -0.0023510573, -0.0022821082, -0.002246365, -0.0021719106, -0.0020917314, -0.0020048723, -0.001958642, -0.0018607345, -0.0017612884, -0.0017174118, -0.0016738647, -0.001756597
0, 0, 0, 0, 0, 0, 0, 0, 0, 0, 0, 0, 0, 0, 0, 0, 0, 0, 0, 0, 0, 0, 0, 0, 0, 0, 0, 0, 0, 0, 0, 0, 0, 0, -0.0023929004, -0.0021935208, -0.0020711918, -0.0021386733, -0.002197888, -0.002326489, -0.0024510107, -0.0025098482, -0.0026213152, -0.0027250352, -0.0028212545, -0.0028669452, -0.0029545438, -0.0030373405, -0.0030771093, -0.0031535316, -0.0032252213, -0.0032922644, -0.0033247075, -0.0033876738, -0.0034481324, -0.0034774477, -0.0035343282, -0.003589506, -0.0036164704, -0.0036699956, -0.003723698, -0.0037780195, -0.003805525, -0.0038617486, -0.003920359, -0.003950039, -0.0040078075, -0.0040612686, -0.0041096094, -0.004131483, -0.004168436, -0.004194126, -0.004202474, -0.0042112824, -0.0042108735, -0.004202872, -0.0041968236, -0.0041831816, -0.0041702567, -0.0041646464, -0.0041543236, -0.0041436465, -0.0041381037, -0.004126923, -0.004116384, -0.0041061128, -0.0041006715, -0.004088612, -0.0040758704, -0.0040699737, -0.0040605487, -0.0040549166, -0.004052723, -0.004052513, -0.0040530423, -0.0040537757, -0.004054198, -0.0040554125, -0.004057063, -0.0040575974, -0.004055917, -0.0040474352, -0.004031759, -0.0040223226, -0.004003323, -0.003984371, -0.003973787, -0.0039460864, -0.0039042549, -0.003844452, -0.003808538, -0.0037296042, -0.0036487433, -0.0036095432, -0.003535032, -0.0034670334, -0.0034359253, -0.0033794174, -0.0033285597, -0.0032806543, -0.0032570304, -0.0032092712, -0.0031597307, -0.0031342492, -0.0030817967, -0.0030269134, -0.0029703267, -0.0029420136, -0.0028855896, -0.0028282271, -0.0027989256, -0.0027399713, -0.0026816726, -0.0026526237, -0.0025933927, -0.002531653, -0.0024686332, -0.0024367005, -0.0023705498, -0.0023005311, -0.00226412, -0.0021883047, -0.0021070517, -0.0020188887, -0.001971918, -0.0018727302, -0.0017720645, -0.0017274516, -0.001682404, -0.0017648316
0, 0, 0, 0, 0, 0, 0, 0, 0, 0, 0, 0, 0, 0, 0, 0, 0, 0, 0, 0, 0, 0, 0, 0, 0, 0, 0, 0, 0, 0, 0, 0, 0, 0, -0.0024358567, -0.002322538, -0.0021530904, -0.0021546707, -0.0021941836, -0.0023031223, -0.002422766, -0.0024816769, -0.0025949988, -0.0027023638, -0.0028023422, -0.0028497796, -0.0029398522, -0.003024285, -0.0030646333, -0.0031420272, -0.0032148184, -0.0032835344, -0.0033167019, -0.0033815876, -0.003444288, -0.0034748944, -0.003535162, -0.0035942025, -0.0036232544, -0.003680894, -0.0037386164, -0.003796757, -0.0038257071, -0.003883454, -0.0039417865, -0.003970399, -0.004024775, -0.004073553, -0.0041162497, -0.004135125, -0.0041666254, -0.0041886293, -0.004196287, -0.004205764, -0.004208752, -0.004205934, -0.004202677, -0.0041946345, -0.0041871932, -0.00418403, -0.0041780537, -0.0041706874, -0.004166217, -0.004156314, -0.0041470947, -0.004138776, -0.004134515, -0.0041251364, -0.0041151936, -0.004110627, -0.004103388, -0.00409919, -0.0040969416, -0.0040963963, -0.004096022, -0.004096316, -0.0040967083, -0.00409778, -0.0040988866, -0.0040991306, -0.0040977933, -0.0040916875, -0.0040797284, -0.0040718094, -0.004053297, -0.004032064, -0.004020099, -0.003990892, -0.0039493735, -0.0038905917, -0.0038549602, -0.0037758977, -0.003694135, -0.0036542786, -0.003578673, -0.0035100381, -0.0034786998, -0.0034213965, -0.0033694897, -0.0033204567, -0.00329627, -0.0032471202, -0.0031963622, -0.0031704386, -0.003117211, -0.003061233, -0.0030029342, -0.002973633, -0.0029157372, -0.0028578283, -0.0028282271, -0.002767806, -0.0027075068, -0.0026776828, -0.0026176644, -0.0025550341, -0.0024904716, -0.0024577153, -0.0023903672, -0.002319344, -0.0022822686, -0.0022050804, -0.0021226804, -0.0020332201, -0.0019855022, -0.0018850014, -0.0017830788, -0.0017377009, -0.0016912257, -0.0017732534
0, 0, 0, 0, 0, 0, 0, 0, 0, 0, 0, 0, 0, 0, 0, 0, 0, 0, 0, 0, 0, 0, 0, 0, 0, 0, 0, 0, 0, 0, 0, 0, 0, 0, -0.0032229084, -0.002845761, -0.0023192232, -0.0021685367, -0.0021750117, -0.0022604584, -0.0023800805, -0.0024417937, -0.0025622093, -0.0026757475, -0.0027815294, -0.0028315498, -0.002925424, -0.0030124348, -0.0030537685, -0.0031336532, -0.0032090265, -0.003280515, -0.0033152022, -0.0033827694, -0.0034486142, -0.0034810875, -0.0035454894, -0.0036089378, -0.003640179, -0.0037021155, -0.0037639793, -0.00382536, -0.003855513, -0.0039148373, -0.0039726812, -0.004000522, -0.004052345, -0.004097747, -0.0041362913, -0.0041530775, -0.004181058, -0.0042011086, -0.004208648, -0.004219542, -0.0042252373, -0.0042250534, -0.0042229923, -0.004216472, -0.004210013, -0.004207279, -0.004201466, -0.0041934005, -0.0041883327, -0.0041774325, -0.0041679526, -0.0041608857, -0.004157821, -0.004151962, -0.0041468907, -0.0041451533, -0.00414365, -0.0041436916, -0.004143594, -0.004143271, -0.004142571, -0.0041423445, -0.004142618, -0.0041429885, -0.004142121, -0.0041410164, -0.0041378727, -0.0041327956, -0.004124451, -0.0041184295, -0.004102287, -0.004080773, -0.004068018, -0.0040370654, -0.0039948653, -0.003936549, -0.0039013575, -0.0038225756, -0.003740055, -0.0036995327, -0.0036228914, -0.0035535214, -0.003521799, -0.0034636771, -0.0034110018, -0.0033612435, -0.0033364731, -0.0032858036, -0.0032334207, -0.003206823, -0.0031527383, -0.0030962816, -0.0030367926, -0.0030064897, -0.0029463458, -0.0028873505, -0.0028575899, -0.002796571, -0.0027343885, -0.0027035542, -0.0026420841, -0.0025787002, -0.002512921, -0.0024793816, -0.0024106768, -0.0023384106, -0.0023007388, -0.0022222707, -0.0021387085, -0.0020479518, -0.0019994846, -0.001897516, -0.0017942113, -0.0017481527, -0.0017004311, -0.0017818153
0, 0, 0, 0, 0, 0, 0, 0, 0, 0, 0, 0, 0, 0, 0, 0, 0, 0, 0, 0, 0, 0, 0, 0, 0, 0, 0, 0, 0, 0, 0, 0, 0, 0, 0, -0.0030001479, -0.0023673498, -0.0021201428, -0.0021095374, -0.0021919648, -0.002323031, -0.002390974, -0.002522209, -0.0026443515, -0.0027570222, -0.0028099066, -0.0029089232, -0.0030003483, -0.003043582, -0.0031271854, -0.0032065501, -0.0032818879, -0.003318062, -0.0033888395, -0.0034576342, -0.0034916685, -0.003559268, -0.003626236, -0.0036589906, -0.003723828, -0.003788248, -0.0038516845, -0.003882603, -0.0039424906, -0.004000317, -0.0040279906, -0.0040796166, -0.004124823, -0.0041636713, -0.0041808104, -0.0042100814, -0.0042325365, -0.0042415787, -0.004255787, -0.0042641377, -0.004264905, -0.0042626024, -0.0042548873, -0.0042461245, -0.0042418214, -0.0042321472, -0.004219428, -0.0042120335, -0.004197297, -0.004185732, -0.004178172, -0.004175627, -0.004172461, -0.0041721803, -0.004173422, -0.0041784155, -0.004184177, -0.004187725, -0.0041884095, -0.004188522, -0.004188811, -0.0041891984, -0.004189596, -0.0041871807, -0.0041847625, -0.0041786944, -0.004172661, -0.0041663507, -0.0041620783, -0.0041493056, -0.0041294233, -0.0041166632, -0.0040845466, -0.004040885, -0.0039824615, -0.0039475784, -0.003869456, -0.0037864605, -0.003745486, -0.0036678726, -0.0035976912, -0.00356542, -0.003506087, -0.0034525367, -0.0034024124, -0.0033775077, -0.0033257839, -0.003271579, -0.0032439618, -0.0031882813, -0.0031313263, -0.0030715226, -0.0030405864, -0.0029782408, -0.0029172003, -0.0028870224, -0.0028254434, -0.0027621428, -0.0027304927, -0.0026672229, -0.0026026475, -0.0025357173, -0.0025014705, -0.002431487, -0.0023581295, -0.0023197741, -0.0022397325, -0.002154907, -0.00206309, -0.0020140216, -0.0019103215, -0.0018053566, -0.0017587708, -0.0017100468, -0.00179055
0, 0, 0, 0, 0, 0, 0, 0, 0, 0, 0, 0, 0, 0, 0, 0, 0, 0, 0, 0, 0, 0, 0, 0, 0, 0, 0, 0, 0, 0, 0, 0, 0, 0, 0, 0, -0.0023306918, -0.002059576, -0.0020446058, -0.0021287664, -0.002269042, -0.0023424127, -0.0024833889, -0.0026135098, -0.002732383, -0.0027880566, -0.0028927233, -0.0029892374, -0.003035114, -0.003123371, -0.0032068721, -0.0032857312, -0.0033234577, -0.0033966824, -0.003467618, -0.0035025463, -0.0035721723, -0.0036406058, -0.003674033, -0.0037398736, -0.0038047598, -0.0038687314, -0.0038997794, -0.0039600465, -0.0040182727, -0.0040464057, -0.0040998994, -0.0041482453, -0.0041918107, -0.004211741, -0.0042471425, -0.0042761955, -0.0042882697, -0.00430756, -0.004319115, -0.0043210518, -0.0043187286, -0.0043093273, -0.004296757, -0.0042896913, -0.004273104, -0.004253043, -0.0042422414, -0.00422222, -0.0042075263, -0.00419869, -0.0041959486, -0.004193456, -0.0041957903, -0.0041990383, -0.00420884, -0.0042196657, -0.004226979, -0.004228809, -0.004230363, -0.0042318725, -0.0042330544, -0.0042346693, -0.004232288, -0.0042292145, -0.0042208848, -0.00421325, -0.004207225, -0.004204062, -0.0041943854, -0.004177331, -0.0041652257, -0.004132751, -0.0040876083, -0.004028491, -0.0039937804, -0.0039160564, -0.0038328108, -0.003791619, -0.0037135654, -0.003642843, -0.0036100575, -0.003549143, -0.0034942105, -0.0034435154, -0.0034184626, -0.0033666473, -0.0033113249, -0.0032826734, -0.0032245533, -0.0031663144, -0.0031064136, -0.0030752458, -0.0030113955, -0.0029482027, -0.0029171794, -0.0028545253, -0.002790289, -0.002757926, -0.0026931511, -0.0026273865, -0.002559054, -0.0025239715, -0.0024526198, -0.0023783443, -0.00233945, -0.002257819, -0.0021713024, -0.002078481, -0.0020288876, -0.0019235895, -0.0018168696, -0.0017695535, -0.0017197935, -0.0017995328
0, 0, 0, 0, 0, 0, 0, 0, 0, 0, 0, 0, 0, 0, 0, 0, 0, 0, 0, 0, 0, 0, 0, 0, 0, 0, 0, 0, 0, 0, 0, 0, 0, 0, 0, 0, -0.0023256163, -0.0021207845, -0.0020724307, -0.0021077897, -0.002234477, -0.0023078537, -0.0024538743, -0.0025894816, -0.0027132183, -0.0027713077, -0.0028810506, -0.0029823724, -0.0030304051, -0.0031223826, -0.0032087315, -0.003289929, -0.0033286922, -0.003403923, -0.0034764046, -0.0035119946, -0.0035822676, -0.00365079, -0.0036841831, -0.0037491368, -0.0038136872, -0.003877247, -0.003908379, -0.0039689937, -0.004028616, -0.004057789, -0.004114663, -0.0041683074, -0.0042187534, -0.004242494, -0.004286081, -0.0043230867, -0.0043387935, -0.004364317, -0.0043806233, -0.004385557, -0.0043837572, -0.004373555, -0.0043569757, -0.0043466813, -0.004322488, -0.004294738, -0.0042807343, -0.004256063, -0.0042385003, -0.004227766, -0.004224366, -0.004220921, -0.0042231376, -0.0042269635, -0.0042389757, -0.0042523616, -0.0042614914, -0.0042638555, -0.0042661135, -0.0042691, -0.004271432, -0.0042757443, -0.004275479, -0.004272811, -0.004264028, -0.0042548776, -0.0042479597, -0.004245153, -0.0042381096, -0.004224323, -0.0042133722, -0.0041813795, -0.004135197, -0.0040751263, -0.004040204, -0.0039622104, -0.0038786356, -0.0038372667, -0.0037594077, -0.0036886823, -0.0036556015, -0.0035934953, -0.0035368216, -0.0034845213, -0.0034590818, -0.0034073554, -0.003352137, -0.0033228674, -0.003262351, -0.003201934, -0.0031412612, -0.0031099566, -0.0030452353, -0.002980344, -0.0029483282, -0.0028842555, -0.002818886, -0.0027857614, -0.002719507, -0.0026526705, -0.0025831528, -0.0025472727, -0.0024741616, -0.0023986385, -0.0023593279, -0.0022766504, -0.002188341, -0.002093908, -0.0020437557, -0.0019373567, -0.0018288669, -0.0017806106, -0.0017295146, -0.0018087969
0, 0, 0, 0, 0, 0, 0, 0, 0, 0, 0, 0, 0, 0, 0, 0, 0, 0, 0, 0, 0, 0, 0, 0, 0, 0, 0, 0, 0, 0, 0, 0, 0, 0, 0, 0, -0.0030426274, -0.0023744171, -0.0021981993, -0.0021183295, -0.0022165533, -0.002287499, -0.0024353564, -0.0025748664, -0.0027026073, -0.0027624476, -0.0028753425, -0.002979947, -0.003029346, -0.0031232461, -0.0032110165, -0.0032932353, -0.003332866, -0.0034094958, -0.0034835178, -0.00351952, -0.0035901563, -0.0036584183, -0.0036913648, -0.0037557725, -0.0038199262, -0.003883731, -0.003915111, -0.0039770342, -0.004038647, -0.0040692473, -0.0041297125, -0.004188072, -0.004244439, -0.004271591, -0.0043221787, -0.0043663043, -0.0043856977, -0.004418192, -0.0044404557, -0.0044494835, -0.004448894, -0.0044385237, -0.004418906, -0.004406315, -0.0043766527, -0.004343962, -0.004327929, -0.004300002, -0.0042801085, -0.00426763, -0.0042632096, -0.004257895, -0.004258351, -0.0042613945, -0.004272284, -0.0042846156, -0.0042926534, -0.0042945, -0.0042962395, -0.004300118, -0.004303506, -0.004311204, -0.004315191, -0.0043144617, -0.004307797, -0.004297803, -0.004289478, -0.0042864797, -0.004280674, -0.0042695715, -0.0042598904, -0.0042293263, -0.0041834107, -0.004122984, -0.004087642, -0.00400863, -0.003924036, -0.0038823877, -0.003804332, -0.0037340238, -0.0037012736, -0.0036392934, -0.0035813006, -0.00352647, -0.003500014, -0.0034476528, -0.0033928498, -0.0033635553, -0.0033017753, -0.003238965, -0.0031765995, -0.0031448726, -0.003079514, -0.003013102, -0.0029802127, -0.002914879, -0.0028483702, -0.0028144042, -0.0027462672, -0.0026781866, -0.0026079, -0.0025714866, -0.002496448, -0.0024191882, -0.0023794114, -0.0022958645, -0.0022060075, -0.002109821, -0.0020589775, -0.0019513393, -0.0018411678, -0.0017920686, -0.0017394663, -0.0018182918
0, 0, 0, 0, 0, 0, 0, 0, 0, 0, 0, 0, 0, 0, 0, 0, 0, 0, 0, 0, 0, 0, 0, 0, 0, 0, 0, 0, 0, 0, 0, 0, 0, 0, 0, 0, 0, -0.0024574308, -0.00225439, -0.0021350286, -0.002214281, -0.0022810376, -0.0024267186, -0.002567584, -0.0026976077, -0.002758645, -0.0028738494, -0.0029797761, -0.003029489, -0.0031240096, -0.0032120012, -0.0032946547, -0.0033345628, -0.0034122919, -0.0034869711, -0.0035234296, -0.003594608, -0.0036636055, -0.0036970712, -0.0037627553, -0.0038283677, -0.0038938113, -0.003926227, -0.003990003, -0.0040534893, -0.0040851496, -0.004147712, -0.004208711, -0.0042682337, -0.0042972877, -0.004352762, -0.0044026356, -0.0044251964, -0.0044639264, -0.004491598, -0.0045045414, -0.0045049754, -0.0044954675, -0.004475307, -0.0044622007, -0.0044316105, -0.0043978216, -0.0043813344, -0.0043525985, -0.0043317317, -0.0043178857, -0.004312745, -0.0043051527, -0.004302784, -0.004304039, -0.004310836, -0.004318845, -0.004322803, -0.004323007, -0.004322355, -0.0043255086, -0.0043294798, -0.004340724, -0.004350841, -0.004353304, -0.0043511433, -0.0043420643, -0.004332666, -0.0043292316, -0.0043233335, -0.0043133204, -0.004304332, -0.004275405, -0.004230715, -0.0041707484, -0.004135357, -0.004056182, -0.0039708246, -0.0039284774, -0.0038487944, -0.0037780988, -0.0037458155, -0.0036851575, -0.00362713, -0.0035704111, -0.003542744, -0.0034884445, -0.0034331451, -0.003403928, -0.0033419202, -0.003277417, -0.0032130342, -0.0031806591, -0.0031143685, -0.0030463885, -0.0030125505, -0.0029459726, -0.0028786224, -0.0028440661, -0.0027740065, -0.0027039514, -0.0026328776, -0.0025961183, -0.0025196543, -0.0024404302, -0.002399877, -0.002315265, -0.0022242141, -0.0021263408, -0.0020746167, -0.0019654369, -0.0018538833, -0.0018039319, -0.0017496959, -0.0018279775
0, 0, 0, 0, 0, 0, 0, 0, 0, 0, 0, 0, 0, 0, 0, 0, 0, 0, 0, 0, 0, 0, 0, 0, 0, 0, 0, 0, 0, 0, 0, 0, 0, 0, 0, 0, 0, -0.0033409987, -0.0029526034, -0.0024147693, -0.0022738439, -0.0022909075, -0.0024014167, -0.0025426245, -0.002678531, -0.0027416772, -0.002858829, -0.002965372, -0.0030155273, -0.0031098954, -0.003198533, -0.0032823968, -0.0033231843, -0.0034026322, -0.003480053, -0.0035184321, -0.003595291, -0.003672187, -0.0037099032, -0.0037841853, -0.0038568275, -0.003927346, -0.0039614136, -0.0040275445, -0.0040919823, -0.004123646, -0.0041855923, -0.004245982, -0.0043061622, -0.0043361234, -0.004394271, -0.00444792, -0.0044724564, -0.0045159836, -0.004549073, -0.004567602, -0.0045709815, -0.00456758, -0.004554081, -0.0045447815, -0.004522731, -0.004497656, -0.004485227, -0.004462829, -0.004446046, -0.004434123, -0.0044291574, -0.0044196798, -0.0044107283, -0.0044070114, -0.0044013616, -0.004396766, -0.0043899035, -0.004385466, -0.0043762797, -0.0043727057, -0.0043750633, -0.0043888735, -0.0044093584, -0.004418829, -0.004430258, -0.0044303318, -0.0044235336, -0.004419464, -0.004411522, -0.004400605, -0.004391957, -0.004363962, -0.004319421, -0.0042600827, -0.0042259446, -0.0041502425, -0.0040668533, -0.0040240125, -0.0039413054, -0.0038677223, -0.003834784, -0.0037746017, -0.0037180905, -0.0036615243, -0.0036327573, -0.0035745827, -0.0035160733, -0.003486173, -0.003423267, -0.0033563203, -0.003288177, -0.003254461, -0.003186557, -0.0031161767, -0.0030803864, -0.0030094765, -0.0029397733, -0.0029047402, -0.0028325694, -0.0027582755, -0.0026837017, -0.0026459382, -0.0025676368, -0.0024854538, -0.0024430107, -0.002355076, -0.0022616216, -0.002160931, -0.0021074398, -0.0019946771, -0.0018800383, -0.0018284653, -0.0017711116, -0.0018481317
0, 0, 0, 0, 0, 0, 0, 0, 0, 0, 0, 0, 0, 0, 0, 0, 0, 0, 0, 0, 0, 0, 0, 0, 0, 0, 0, 0, 0, 0, 0, 0, 0, 0, 0, 0, 0, 0, -0.0031290536, -0.0024963918, -0.002263413, -0.0022643541, -0.0023697945, -0.0025145682, -0.002652435, -0.002715626, -0.0028333075, -0.0029410338, -0.0029919988, -0.0030895001, -0.0031818547, -0.0032699492, -0.0033127633, -0.003396915, -0.0034790346, -0.003519766, -0.0036017802, -0.0036833188, -0.003723291, -0.0038007614, -0.0038755345, -0.003947, -0.0039813584, -0.0040478525, -0.0041124146, -0.004143977, -0.0042050863, -0.0042642048, -0.0043228706, -0.0043519447, -0.0044082818, -0.004459978, -0.004483732, -0.0045261336, -0.0045595635, -0.004580179, -0.004584979, -0.00458533, -0.004576657, -0.0045702155, -0.0045542684, -0.004535573, -0.004526053, -0.0045085163, -0.004495469, -0.0044862805, -0.004482146, -0.0044728955, -0.004461655, -0.004455873, -0.0044453945, -0.0044367183, -0.004427403, -0.004421915, -0.0044104815, -0.004403622, -0.004404267, -0.004415723, -0.0044369223, -0.004448159, -0.004465145, -0.0044706278, -0.0044666664, -0.004463071, -0.0044552595, -0.004445018, -0.004436725, -0.00440841, -0.0043624355, -0.0043022456, -0.004268404, -0.0041945525, -0.004113516, -0.004071652, -0.0039895875, -0.003914753, -0.003880943, -0.003819589, -0.0037632836, -0.003707473, -0.0036786261, -0.0036192618, -0.003559073, -0.0035285424, -0.0034650338, -0.0033971055, -0.003327024, -0.0032922814, -0.0032230967, -0.0031522387, -0.0031159066, -0.0030428164, -0.0029710792, -0.0029354382, -0.0028624996, -0.002786948, -0.0027103848, -0.0026716625, -0.0025921094, -0.0025088224, -0.002465561, -0.002375867, -0.0022809599, -0.0021787644, -0.0021244285, -0.0020099748, -0.0018936477, -0.0018411584, -0.0017821519, -0.0018586467
0, 0, 0, 0, 0, 0, 0, 0, 0, 0, 0, 0, 0, 0, 0, 0, 0, 0, 0, 0, 0, 0, 0, 0, 0, 0, 0, 0, 0, 0, 0, 0, 0, 0, 0, 0, 0, 0, 0, -0.0025516755, -0.0022978995, -0.002283987, -0.0023594322, -0.0024826725, -0.0026092327, -0.0026705586, -0.0027887775, -0.0029017213, -0.002956314, -0.0030618582, -0.0031628301, -0.0032597196, -0.0033067535, -0.0033988822, -0.0034875756, -0.0035312916, -0.00361777, -0.0037024869, -0.0037435195, -0.0038224673, -0.0038978981, -0.003969887, -0.0040044584, -0.00407135, -0.0041361563, -0.0041676, -0.004228088, -0.004285694, -0.0043421914, -0.004369937, -0.0044235024, -0.004472412, -0.004494945, -0.004535596, -0.0045685326, -0.0045903106, -0.004596365, -0.0046000867, -0.004595823, -0.0045918277, -0.004581046, -0.0045672106, -0.0045597907, -0.004545811, -0.004534936, -0.004526842, -0.0045228577, -0.004512729, -0.0044996203, -0.0044926107, -0.0044803107, -0.0044713817, -0.004463934, -0.004459708, -0.0044500125, -0.004442612, -0.0044419575, -0.004449897, -0.004468841, -0.0044799703, -0.0044990103, -0.004507515, -0.004505707, -0.0045028175, -0.0044965902, -0.004488119, -0.0044805105, -0.0044528805, -0.0044063814, -0.004344984, -0.0043105837, -0.004236937, -0.0041582147, -0.004117886, -0.0040381397, -0.0039631776, -0.0039285757, -0.0038657375, -0.0038090996, -0.0037534693, -0.0037247303, -0.0036647364, -0.0036030423, -0.0035717487, -0.003507326, -0.0034387251, -0.0033669735, -0.003331014, -0.0032600753, -0.0031887055, -0.0031520212, -0.003077219, -0.0030032604, -0.0029667516, -0.0028927878, -0.00281624, -0.002737906, -0.0026981672, -0.0026170718, -0.002532592, -0.002488619, -0.002397288, -0.0023008054, -0.0021969548, -0.0021418396, -0.0020257256, -0.0019075484, -0.0018541338, -0.0017935379, -0.0018693751
0, 0, 0, 0, 0, 0, 0, 0, 0, 0, 0, 0, 0, 0, 0, 0, 0, 0, 0, 0, 0, 0, 0, 0, 0, 0, 0, 0, 0, 0, 0, 0, 0, 0, 0, 0, 0, 0, 0, -0.002823097, -0.0025765998, -0.0024727315, -0.0023903365, -0.0024354141, -0.0025388217, -0.0025993227, -0.0027260545, -0.0028524308, -0.0029142657, -0.0030340578, -0.0031486305, -0.0032574155, -0.003309952, -0.0034110863, -0.0035068556, -0.0035532205, -0.0036435048, -0.0037302747, -0.0037719347, -0.0038516459, -0.003927408, -0.0039998214, -0.0040346324, -0.0041022114, -0.0041672396, -0.0041987244, -0.0042586997, -0.004315269, -0.004369823, -0.00439666, -0.004447847, -0.004494188, -0.004515462, -0.0045541977, -0.004586276, -0.0046085464, -0.0046154717, -0.0046216957, -0.004620761, -0.0046184473, -0.0046108454, -0.004599474, -0.004592819, -0.0045790863, -0.0045667714, -0.004555586, -0.004549762, -0.0045361063, -0.004520324, -0.004512669, -0.0045009935, -0.004495779, -0.0044946405, -0.004494093, -0.0044911876, -0.0044875247, -0.004487168, -0.0044931197, -0.004508292, -0.0045176926, -0.004534498, -0.004542241, -0.0045409664, -0.0045386404, -0.0045338254, -0.004527251, -0.0045208433, -0.0044960477, -0.0044514197, -0.004389601, -0.004354294, -0.00427899, -0.004201387, -0.0041626403, -0.004085901, -0.004012131, -0.003977415, -0.0039134817, -0.0038558214, -0.0037998564, -0.0037711444, -0.003710891, -0.0036476604, -0.0036155118, -0.0035500664, -0.0034812419, -0.0034080413, -0.0033708184, -0.003297647, -0.0032253722, -0.0031884168, -0.003112617, -0.003036575, -0.0029989113, -0.0029233785, -0.0028460366, -0.00276622, -0.0027255246, -0.002642733, -0.0025567655, -0.0025121123, -0.0024193148, -0.002321161, -0.0022156553, -0.0021596898, -0.0020418346, -0.0019217939, -0.0018674488, -0.0018052387, -0.0018803551
0, 0, 0, 0, 0, 0, 0, 0, 0, 0, 0, 0, 0, 0, 0, 0, 0, 0, 0, 0, 0, 0, 0, 0, 0, 0, 0, 0, 0, 0, 0, 0, 0, 0, 0, 0, 0, 0, 0, -0.0040268903, -0.0032167, -0.0028134577, -0.0023885393, -0.0023376036, -0.0024381243, -0.0025081194, -0.002658577, -0.0028074544, -0.0028792066, -0.003016272, -0.0031449543, -0.0032656055, -0.0033230756, -0.0034323758, -0.0035341748, -0.0035824822, -0.003675853, -0.0037643842, -0.003806847, -0.0038876957, -0.003964468, -0.0040375376, -0.0040728115, -0.0041413093, -0.004207298, -0.004239207, -0.004299784, -0.0043562707, -0.004409903, -0.0044360277, -0.004485747, -0.00453062, -0.0045511713, -0.004588832, -0.004620575, -0.004643627, -0.0046513854, -0.0046598166, -0.0046611675, -0.004659793, -0.0046531428, -0.0046413946, -0.0046337587, -0.0046163374, -0.0045978716, -0.0045788097, -0.004568727, -0.0045473487, -0.004526687, -0.004518096, -0.0045078155, -0.0045081987, -0.004516052, -0.0045207697, -0.0045281285, -0.004532515, -0.0045346324, -0.004542048, -0.00455429, -0.00456128, -0.004573047, -0.004577613, -0.0045750714, -0.004572535, -0.004567429, -0.004561459, -0.0045562703, -0.0045356327, -0.004495637, -0.00443565, -0.0044000032, -0.0043230983, -0.004245183, -0.0042069843, -0.004132217, -0.004060509, -0.0040264395, -0.0039626225, -0.0039036658, -0.00384696, -0.0038181827, -0.0037577748, -0.0036930805, -0.0036599196, -0.0035931238, -0.003524013, -0.0034500672, -0.003411897, -0.0033363143, -0.0032622437, -0.0032248579, -0.0031485483, -0.0030709363, -0.0030321658, -0.0029546765, -0.002876162, -0.0027951133, -0.002753598, -0.002669134, -0.0025815428, -0.0025360973, -0.002441803, -0.0023419901, -0.0022348627, -0.0021780652, -0.0020583007, -0.0019362499, -0.0018810742, -0.0018173379, -0.0018915912
0, 0, 0, 0, 0, 0, 0, 0, 0, 0, 0, 0, 0, 0, 0, 0, 0, 0, 0, 0, 0, 0, 0, 0, 0, 0, 0, 0, 0, 0, 0, 0, 0, 0, 0, 0, 0, 0, 0, 0, -0.00382121, -0.0029257226, -0.0022406864, -0.0021993318, -0.002343424, -0.0024332895, -0.002615521, -0.0027864731, -0.0028666114, -0.0030168518, -0.0031555265, -0.0032835107, -0.0033442078, -0.0034588303, -0.003564515, -0.00361447, -0.0037102283, -0.0038007433, -0.0038439897, -0.003926558, -0.0040050307, -0.004079829, -0.0041159983, -0.0041863006, -0.004254213, -0.0042870515, -0.004349336, -0.004406397, -0.0044602132, -0.004486219, -0.0045354, -0.004579859, -0.0046004225, -0.0046383496, -0.004671166, -0.004696332, -0.004705418, -0.004717026, -0.0047207675, -0.004720105, -0.0047132336, -0.0046986784, -0.004688611, -0.0046645147, -0.004636617, -0.004606003, -0.0045899726, -0.004557812, -0.00452979, -0.0045193755, -0.0045090667, -0.004513783, -0.0045292885, -0.004538704, -0.004556629, -0.0045713484, -0.00457762, -0.0045895367, -0.0046009435, -0.0046060462, -0.00461303, -0.0046143173, -0.004610303, -0.0046070735, -0.0046001547, -0.0045930785, -0.004588304, -0.0045712045, -0.0045366385, -0.00448069, -0.0044460436, -0.0043696184, -0.0042912383, -0.004252872, -0.004178746, -0.004108535, -0.004075182, -0.004011816, -0.00395217, -0.0038948841, -0.0038661228, -0.003805571, -0.0037393847, -0.0037051458, -0.003636619, -0.0035667662, -0.0034925174, -0.0034539197, -0.0033762339, -0.0032998614, -0.0032617429, -0.0031847125, -0.0031060448, -0.0030663172, -0.0029869184, -0.0029068203, -0.0028244474, -0.0027822545, -0.0026961295, -0.002606942, -0.0025608304, -0.0024648968, -0.0023632103, -0.0022545496, -0.0021969203, -0.0020752242, -0.0019510846, -0.0018949877, -0.0018297201, -0.0019031519
0, 0, 0, 0, 0, 0, 0, 0, 0, 0, 0, 0, 0, 0, 0, 0, 0, 0, 0, 0, 0, 0, 0, 0, 0, 0, 0, 0, 0, 0, 0, 0, 0, 0, 0, 0, 0, 0, 0, 0, 0, -0.0021799842, -0.0020709867, -0.0021451735, -0.0023240058, -0.0024242087, -0.0026202735, -0.0027996104, -0.0028825877, -0.0030366494, -0.0031775192, -0.003307175, -0.00336866, -0.0034847702, -0.0035924418, -0.0036435449, -0.0037412911, -0.0038339142, -0.003878088, -0.003962831, -0.004043956, -0.0041214414, -0.004158986, -0.004231837, -0.004302499, -0.0043365755, -0.004400879, -0.004459508, -0.0045143096, -0.0045405356, -0.0045903046, -0.004635496, -0.004656623, -0.004696007, -0.004731602, -0.0047606565, -0.0047720345, -0.0047880146, -0.004795083, -0.0047951033, -0.0047873086, -0.0047688624, -0.004755939, -0.004724245, -0.0046865023, -0.004644265, -0.004622139, -0.004578996, -0.0045431443, -0.0045302063, -0.0045179045, -0.004523447, -0.0045420486, -0.004553901, -0.0045785606, -0.0046015764, -0.004611876, -0.0046290923, -0.0046412507, -0.0046453397, -0.0046496782, -0.0046495497, -0.004645506, -0.004642139, -0.004634162, -0.0046256, -0.004620613, -0.0046051475, -0.0045748134, -0.0045236503, -0.0044909567, -0.004416854, -0.0043388004, -0.0043003904, -0.0042265495, -0.004157474, -0.0041246065, -0.004061273, -0.004000751, -0.0039429376, -0.0039141807, -0.003853765, -0.0037869269, -0.0037518197, -0.003680857, -0.0036094699, -0.0035349631, -0.0034962578, -0.0034173927, -0.0033384438, -0.00329933, -0.0032212127, -0.0031416856, -0.0031012625, -0.0030199622, -0.0029381756, -0.0028544052, -0.0028115308, -0.0027236948, -0.0026329746, -0.0025861277, -0.0024885146, -0.0023849693, -0.002274613, -0.0022162034, -0.0020925335, -0.0019662734, -0.0019092496, -0.0018423448, -0.0019149771
0, 0, 0, 0, 0, 0, 0, 0, 0, 0, 0, 0, 0, 0, 0, 0, 0, 0, 0, 0, 0, 0, 0, 0, 0, 0, 0, 0, 0, 0, 0, 0, 0, 0, 0, 0, 0, 0, 0, 0, 0, -0.0026465121, -0.0023584364, -0.002290665, -0.0023990516, -0.0024815216, -0.0026595062, -0.0028309745, -0.002911353, -0.0030614126, -0.0031991994, -0.0033268395, -0.0033876817, -0.0035034174, -0.0036122098, -0.0036642053, -0.0037638268, -0.0038590217, -0.0039047364, -0.003992527, -0.004076728, -0.004157581, -0.004196705, -0.0042725015, -0.004345701, -0.004380715, -0.004447048, -0.004507386, -0.004563591, -0.004590524, -0.0046418924, -0.00468906, -0.004711337, -0.0047542104, -0.0047942107, -0.0048283623, -0.004842396, -0.004863125, -0.00487334, -0.0048740194, -0.0048654526, -0.0048438576, -0.004828551, -0.0047908654, -0.0047455393, -0.0046947263, -0.0046684104, -0.00461759, -0.0045759487, -0.004560941, -0.0045450367, -0.0045472067, -0.004563154, -0.004574285, -0.004599711, -0.0046260413, -0.004638281, -0.0046585747, -0.004671338, -0.004675016, -0.004678818, -0.0046795993, -0.004677804, -0.004675657, -0.0046690716, -0.0046602674, -0.004654918, -0.0046397788, -0.0046122945, -0.004565827, -0.0045353053, -0.0044639115, -0.0043867156, -0.004348489, -0.0042754, -0.0042073517, -0.004174853, -0.0041114674, -0.004050181, -0.003991289, -0.0039622267, -0.0039016232, -0.0038349198, -0.0037995104, -0.0037264891, -0.0036527272, -0.003577214, -0.0035384912, -0.0034591153, -0.0033783107, -0.0033380724, -0.0032581596, -0.0031775783, -0.0031366644, -0.003053873, -0.0029703113, -0.0028850788, -0.0028414198, -0.0027518845, -0.0026596116, -0.0026120574, -0.0025126555, -0.002407269, -0.0022951493, -0.0022359043, -0.0021102282, -0.0019819, -0.0019238434, -0.0018552176, -0.0019271354
0, 0, 0, 0, 0, 0, 0, 0, 0, 0, 0, 0, 0, 0, 0, 0, 0, 0, 0, 0, 0, 0, 0, 0, 0, 0, 0, 0, 0, 0, 0, 0, 0, 0, 0, 0, 0, 0, 0, 0, 0, -0.003661846, -0.0028598912, -0.0024989427, -0.0024819542, -0.0025352237, -0.00268568, -0.0028469805, -0.0029244921, -0.0030710965, -0.0032068798, -0.0033339886, -0.0033948405, -0.0035117415, -0.00362255, -0.003675874, -0.0037788036, -0.0038774014, -0.003924805, -0.0040164916, -0.004104346, -0.004188288, -0.004228592, -0.004306495, -0.004381034, -0.0044167507, -0.0044839648, -0.004545573, -0.0046033445, -0.0046311696, -0.004684958, -0.00473578, -0.004760205, -0.004807611, -0.0048524584, -0.0048911558, -0.004907176, -0.004931395, -0.0049439296, -0.0049452423, -0.004936891, -0.0049137822, -0.004897323, -0.0048567113, -0.00480843, -0.0047554206, -0.0047281617, -0.004675893, -0.004632379, -0.004615822, -0.004595128, -0.004590513, -0.0045986287, -0.0046062195, -0.00462607, -0.004649038, -0.004660247, -0.0046791774, -0.004691167, -0.004694766, -0.0046994057, -0.004703074, -0.0047058007, -0.004706233, -0.00470382, -0.004696582, -0.0046912623, -0.004676161, -0.004650694, -0.0046081385, -0.0045796297, -0.004511275, -0.0044353036, -0.0043973, -0.004324753, -0.004257387, -0.0042252974, -0.0041624466, -0.0041006007, -0.004040253, -0.004010443, -0.0039491584, -0.0038828314, -0.0038473522, -0.003773216, -0.0036970007, -0.0036198283, -0.003580761, -0.0035009647, -0.003419058, -0.003377916, -0.0032959986, -0.0032139665, -0.0031724658, -0.0030882927, -0.0030032003, -0.0029164949, -0.0028719846, -0.0027806472, -0.002686666, -0.0026383358, -0.002537446, -0.0024302078, -0.002316129, -0.002255895, -0.0021283736, -0.0019980762, -0.001938874, -0.0018682482, -0.0019395818
0, 0, 0, 0, 0, 0, 0, 0, 0, 0, 0, 0, 0, 0, 0, 0, 0, 0, 0, 0, 0, 0, 0, 0, 0, 0, 0, 0, 0, 0, 0, 0, 0, 0, 0, 0, 0, 0, 0, 0, 0, 0, -0.0030975922, -0.0026003283, -0.0025001853, -0.0025332626, -0.002666548, -0.00282546, -0.002904099, -0.0030547802, -0.0031956707, -0.0033273192, -0.0033903865, -0.0035117299, -0.003626997, -0.0036824625, -0.0037895646, -0.0038921323, -0.00394158, -0.0040365285, -0.0041273045, -0.004213437, -0.004254423, -0.0043329303, -0.0044076703, -0.00444338, -0.004510757, -0.0045729815, -0.0046322416, -0.004661342, -0.0047183824, -0.004773422, -0.0048003052, -0.0048523434, -0.004900755, -0.0049414923, -0.0049583493, -0.0049837967, -0.0049974346, -0.00499923, -0.0049917554, -0.004969206, -0.0049532168, -0.0049141482, -0.004869415, -0.004821761, -0.0047975495, -0.004750675, -0.004709577, -0.004692612, -0.004667478, -0.004654061, -0.00465089, -0.004652518, -0.0046612034, -0.0046746526, -0.004681939, -0.004694588, -0.0047032754, -0.0047063446, -0.0047123367, -0.004720133, -0.004729452, -0.0047334926, -0.0047376505, -0.0047342214, -0.0047297888, -0.0047153346, -0.0046908916, -0.0046508815, -0.0046239956, -0.0045586023, -0.0044845743, -0.0044470187, -0.0043745707, -0.004307565, -0.0042757834, -0.0042135688, -0.004151615, -0.004090014, -0.004059282, -0.003996694, -0.0039301524, -0.0038948355, -0.0038204947, -0.0037426187, -0.0036633026, -0.0036234243, -0.003542763, -0.0034602126, -0.0034184507, -0.0033348775, -0.003251179, -0.0032089658, -0.0031232527, -0.0030365945, -0.0029485365, -0.0029032787, -0.0028101755, -0.002714313, -0.00266507, -0.0025626763, -0.0024537381, -0.0023376115, -0.0022762741, -0.0021469367, -0.002014628, -0.0019542768, -0.0018815321, -0.0019523108
0, 0, 0, 0, 0, 0, 0, 0, 0, 0, 0, 0, 0, 0, 0, 0, 0, 0, 0, 0, 0, 0, 0, 0, 0, 0, 0, 0, 0, 0, 0, 0, 0, 0, 0, 0, 0, 0, 0, 0, 0, 0, -0.0031893854, -0.0027121252, -0.0025186935, -0.0025158995, -0.0026146662, -0.0027721354, -0.0028556106, -0.0030189166, -0.0031716048, -0.0033129104, -0.0033799873, -0.0035083995, -0.0036291957, -0.0036871112, -0.0037982704, -0.0039042193, -0.003954997, -0.0040523596, -0.004144801, -0.0042320155, -0.004273367, -0.0043519977, -0.0044264584, -0.0044620563, -0.004529755, -0.0045931074, -0.0046543665, -0.0046847695, -0.004745091, -0.0048037386, -0.0048320834, -0.0048861415, -0.00493459, -0.0049742907, -0.0049902084, -0.005014089, -0.0050272397, -0.005029226, -0.0050229887, -0.0050032274, -0.004989396, -0.004957064, -0.0049222335, -0.0048868023, -0.004868874, -0.0048330165, -0.004798483, -0.0047826525, -0.00475492, -0.0047331317, -0.0047176243, -0.00471227, -0.004706365, -0.004706102, -0.0047073006, -0.004710282, -0.004713171, -0.004715012, -0.0047214916, -0.0047333743, -0.0047494024, -0.0047573242, -0.004769196, -0.0047720564, -0.0047697886, -0.0047577815, -0.0047340994, -0.004695157, -0.0046693124, -0.004606313, -0.0045339004, -0.004496695, -0.0044244127, -0.0043577044, -0.004326258, -0.004264676, -0.004202969, -0.004140547, -0.004109076, -0.004044657, -0.003977086, -0.003941746, -0.003867592, -0.0037889744, -0.0037079684, -0.003667221, -0.003585038, -0.0035013915, -0.003459053, -0.003374254, -0.0032893708, -0.0032463835, -0.0031589407, -0.0030705389, -0.0029809854, -0.0029350787, -0.0028404894, -0.0027427087, -0.0026924487, -0.0025883242, -0.0024778822, -0.002359481, -0.0022970468, -0.0021658926, -0.0020316264, -0.0019700113, -0.00189505, -0.0019653472
0, 0, 0, 0, 0, 0, 0, 0, 0, 0, 0, 0, 0, 0, 0, 0, 0, 0, 0, 0, 0, 0, 0, 0, 0, 0, 0, 0, 0, 0, 0, 0, 0, 0, 0, 0, 0, 0, 0, 0, 0, 0, 0, -0.0031731639, -0.002654406, -0.002544842, -0.002558093, -0.0027106607, -0.002800888, -0.002980729, -0.0031474119, -0.0032991727, -0.0033706576, -0.0035056209, -0.003631494, -0.0036915434, -0.003806291, -0.003914475, -0.003966012, -0.0040649385, -0.0041586207, -0.004246706, -0.0042886157, -0.00436813, -0.0044437815, -0.004480305, -0.0045502777, -0.004616537, -0.0046807826, -0.004712747, -0.004775311, -0.0048349295, -0.0048629125, -0.004914882, -0.0049592624, -0.0049938806, -0.005007368, -0.005026753, -0.005036894, -0.0050382568, -0.0050324416, -0.005016502, -0.0050059906, -0.004983489, -0.0049621314, -0.004941831, -0.004931329, -0.0049088025, -0.0048836814, -0.0048705284, -0.0048435777, -0.0048167296, -0.004791117, -0.0047792983, -0.004758853, -0.0047440175, -0.0047385893, -0.0047312453, -0.0047276495, -0.004727817, -0.0047334265, -0.0047476827, -0.0047686305, -0.00477982, -0.004798813, -0.004808839, -0.004809535, -0.0048014903, -0.0047795223, -0.0047417893, -0.0047166375, -0.0046553593, -0.004583932, -0.0045467406, -0.0044741253, -0.0044073197, -0.004375913, -0.0043149004, -0.004254019, -0.004191646, -0.004159666, -0.0040935944, -0.0040245294, -0.0039887377, -0.0039142384, -0.003835225, -0.0037532619, -0.0037118755, -0.0036283452, -0.0035433294, -0.0035002483, -0.0034140015, -0.0033279152, -0.0032843754, -0.0031955568, -0.0031053803, -0.0030139203, -0.0029672724, -0.0028713902, -0.0027717021, -0.0027204172, -0.0026145335, -0.002502505, -0.0023819974, -0.0023184028, -0.00218509, -0.0020488857, -0.0019861585, -0.0019091023, -0.0019785874
0, 0, 0, 0, 0, 0, 0, 0, 0, 0, 0, 0, 0, 0, 0, 0, 0, 0, 0, 0, 0, 0, 0, 0, 0, 0, 0, 0, 0, 0, 0, 0, 0, 0, 0, 0, 0, 0, 0, 0, 0, 0, 0, -0.004356374, -0.0028175188, -0.0025735495, -0.0025168522, -0.002671424, -0.0027678488, -0.0029593254, -0.0031346579, -0.0032923408, -0.0033660445, -0.0035050728, -0.0036341448, -0.0036955264, -0.0038123243, -0.0039223367, -0.003974706, -0.004075259, -0.004170985, -0.0042615863, -0.0043049343, -0.004388072, -0.0044680764, -0.0045070397, -0.004582181, -0.004653409, -0.0047215093, -0.0047545796, -0.0048176744, -0.004875406, -0.004901612, -0.0049481704, -0.004985975, -0.005013386, -0.0050232313, -0.0050365236, -0.0050419844, -0.00504193, -0.005035953, -0.0050236313, -0.0050165043, -0.0050032986, -0.004993631, -0.00498539, -0.0049806647, -0.0049684034, -0.004951641, -0.0049414234, -0.004917659, -0.004889234, -0.004857248, -0.004840852, -0.004809534, -0.0047840676, -0.0047740247, -0.004759583, -0.0047517302, -0.0047504758, -0.0047548804, -0.0047694487, -0.0047924044, -0.0048052776, -0.004829194, -0.0048450795, -0.0048486185, -0.0048448527, -0.0048253452, -0.0047891294, -0.004764861, -0.004705241, -0.0046349643, -0.0045979745, -0.0045248843, -0.0044570356, -0.004425187, -0.0043639904, -0.00430387, -0.0042423005, -0.004210262, -0.0041433508, -0.004072962, -0.004036545, -0.003961164, -0.0038813986, -0.003798595, -0.0037567622, -0.0036723453, -0.0035860958, -0.0035422943, -0.0034545858, -0.0033668908, -0.003322642, -0.0032326328, -0.0031409436, -0.0030476497, -0.0030001965, -0.0029028764, -0.0028013065, -0.002748954, -0.0026411756, -0.0025275666, -0.0024052113, -0.0023404157, -0.002204596, -0.0020662416, -0.002002592, -0.0019237581, -0.0019920655
0, 0, 0, 0, 0, 0, 0, 0, 0, 0, 0, 0, 0, 0, 0, 0, 0, 0, 0, 0, 0, 0, 0, 0, 0, 0, 0, 0, 0, 0, 0, 0, 0, 0, 0, 0, 0, 0, 0, 0, 0, 0, 0, 0, -0.0027116262, -0.0026023078, -0.0025612968, -0.0026877413, -0.0027755208, -0.0029587792, -0.0031312087, -0.0032883931, -0.0033618845, -0.0035018348, -0.0036323979, -0.0036946, -0.0038134744, -0.003925656, -0.0039794706, -0.0040833554, -0.0041833767, -0.0042792223, -0.0043253615, -0.0044150255, -0.0045019817, -0.004544553, -0.0046265665, -0.0047032977, -0.004774897, -0.0048088096, -0.004871515, -0.0049258927, -0.0049498165, -0.0049904576, -0.0050212825, -0.0050420696, -0.005048755, -0.0050568385, -0.005058867, -0.0050579086, -0.0050520166, -0.0050426847, -0.0050379825, -0.0050308513, -0.005027517, -0.0050247447, -0.0050224303, -0.00501429, -0.005000909, -0.004992135, -0.004969838, -0.0049404283, -0.0049046045, -0.0048854644, -0.004848534, -0.004818414, -0.004806974, -0.0047913883, -0.0047841566, -0.004783515, -0.004788793, -0.004803155, -0.0048254104, -0.004838264, -0.0048638047, -0.0048834006, -0.0048889588, -0.0048885974, -0.00487096, -0.004835963, -0.004812389, -0.0047543603, -0.004685652, -0.004649245, -0.0045765927, -0.0045077694, -0.0044752397, -0.004413018, -0.0043529933, -0.0042918837, -0.0042600115, -0.0041928804, -0.0041218796, -0.004085201, -0.004008842, -0.003928175, -0.0038443727, -0.0038020003, -0.0037165668, -0.0036292898, -0.0035849467, -0.0034960373, -0.0034067216, -0.0033617024, -0.0032703567, -0.0031769904, -0.00308182, -0.0030336457, -0.0029349928, -0.0028317194, -0.0027783222, -0.0026683374, -0.0025527538, -0.0024289018, -0.0023631607, -0.0022248207, -0.0020838077, -0.0020191465, -0.0019386677, -0.0020059738
0, 0, 0, 0, 0, 0, 0, 0, 0, 0, 0, 0, 0, 0, 0, 0, 0, 0, 0, 0, 0, 0, 0, 0, 0, 0, 0, 0, 0, 0, 0, 0, 0, 0, 0, 0, 0, 0, 0, 0, 0, 0, 0, 0, -0.003603763, -0.0032029597, -0.0027685328, -0.0027434442, -0.0027993144, -0.0029538912, -0.003116473, -0.0032704514, -0.0033436003, -0.0034842584, -0.003617141, -0.0036808187, -0.0038034774, -0.00392014, -0.0039766994, -0.0040864693, -0.004192586, -0.004295342, -0.0043451707, -0.0044427738, -0.004537808, -0.004584188, -0.004672968, -0.004754611, -0.004828943, -0.004863314, -0.0049251094, -0.0049767084, -0.0049985563, -0.005035058, -0.005062305, -0.0050805453, -0.005086587, -0.0050937166, -0.005096086, -0.0050956216, -0.0050913896, -0.0050842403, -0.00508073, -0.0050754114, -0.0050723404, -0.0050682956, -0.0050647114, -0.0050535607, -0.005037227, -0.0050271433, -0.005002294, -0.0049701617, -0.0049316827, -0.004911455, -0.0048732706, -0.004843712, -0.0048335143, -0.0048221494, -0.004820895, -0.0048232004, -0.004832383, -0.00484739, -0.004867892, -0.00487986, -0.004904798, -0.004926, -0.004932752, -0.0049344846, -0.0049178605, -0.0048829047, -0.0048592915, -0.004801665, -0.0047346163, -0.0046991752, -0.00462782, -0.004558729, -0.004525678, -0.004462703, -0.0044023995, -0.004341306, -0.0043093245, -0.0042420193, -0.004170809, -0.00413389, -0.004056901, -0.0039755157, -0.0038908974, -0.0038480188, -0.0037614005, -0.0036729441, -0.0036280397, -0.0035378023, -0.0034471382, -0.0034015118, -0.0033088722, -0.0032138776, -0.0031166964, -0.0030674816, -0.0029672256, -0.0028627831, -0.0028086917, -0.002696331, -0.0025782117, -0.0024527921, -0.0023863276, -0.00224567, -0.0021017755, -0.0020359752, -0.001953816, -0.0020201898
0, 0, 0, 0, 0, 0, 0, 0, 0, 0, 0, 0, 0, 0, 0, 0, 0, 0, 0, 0, 0, 0, 0, 0, 0, 0, 0, 0, 0, 0, 0, 0, 0, 0, 0, 0, 0, 0, 0, 0, 0, 0, 0, 0, -0.005159224, -0.0039135967, -0.0028961413, -0.0027371375, -0.0027690735, -0.0029037078, -0.0030620154, -0.0032181037, -0.0032938144, -0.0034404595, -0.003580107, -0.0036473216, -0.0037772483, -0.0039013512, -0.0039615254, -0.004078415, -0.0041918796, -0.004302042, -0.004355499, -0.0044602323, -0.004561671, -0.0046109357, -0.0047042547, -0.004788914, -0.004864393, -0.0048988666, -0.0049603535, -0.0050112973, -0.005033013, -0.005069846, -0.0050989105, -0.0051203943, -0.005128519, -0.0051403977, -0.0051479544, -0.0051500434, -0.0051505617, -0.005146576, -0.005143709, -0.005137498, -0.00513054, -0.005120273, -0.0051130336, -0.005093747, -0.0050689257, -0.0050548376, -0.0050226483, -0.004985026, -0.0049436563, -0.0049230997, -0.004886728, -0.0048616687, -0.0048546237, -0.0048515494, -0.004859915, -0.0048665907, -0.0048820316, -0.004898581, -0.00491727, -0.0049278913, -0.0049510235, -0.004972299, -0.004979771, -0.004982987, -0.0049668397, -0.0049309265, -0.004906611, -0.0048485273, -0.0047824527, -0.0047477763, -0.00467754, -0.0046086838, -0.004575569, -0.004512615, -0.004452294, -0.004390924, -0.0043588085, -0.0042913645, -0.0042199492, -0.0041827937, -0.004105156, -0.0040230686, -0.003937808, -0.0038945773, -0.0038070234, -0.00371751, -0.003672017, -0.0035801688, -0.003487877, -0.0034414986, -0.0033478253, -0.0032516704, -0.0031526773, -0.0031022562, -0.0029997719, -0.0028941103, -0.0028394219, -0.0027251241, -0.00260451, -0.0024770647, -0.00240967, -0.0022667788, -0.0021203433, -0.002053405, -0.001969301, -0.0020346076
0, 0, 0, 0, 0, 0, 0, 0, 0, 0, 0, 0, 0, 0, 0, 0, 0, 0, 0, 0, 0, 0, 0, 0, 0, 0, 0, 0, 0, 0, 0, 0, 0, 0, 0, 0, 0, 0, 0, 0, 0, 0, 0, 0, 0, -0.003109035, -0.0027649058, -0.0026448502, -0.002666986, -0.0027906448, -0.0029539862, -0.0031231372, -0.0032065653, -0.0033679355, -0.0035211202, -0.0035944283, -0.0037354666, -0.0038694537, -0.003934019, -0.00405893, -0.004179236, -0.0042951643, -0.004351344, -0.0044598174, -0.0045640636, -0.0046140044, -0.0047079525, -0.0047927736, -0.0048688627, -0.0049037696, -0.0049667526, -0.005020365, -0.0050439727, -0.0050854483, -0.005120561, -0.0051493575, -0.005161562, -0.005182275, -0.0051989215, -0.0052054897, -0.0052138777, -0.0052150115, -0.005213068, -0.0052057295, -0.0051940014, -0.005176596, -0.0051652305, -0.0051366803, -0.005101663, -0.0050823153, -0.0050406195, -0.0049960716, -0.0049513597, -0.0049306606, -0.0048967316, -0.004877294, -0.0048741833, -0.004880855, -0.0048998347, -0.0049114837, -0.004934009, -0.004953155, -0.0049705207, -0.0049797986, -0.0050006546, -0.005021345, -0.0050291517, -0.0050332886, -0.005016711, -0.0049791057, -0.0049540247, -0.004895607, -0.0048302556, -0.0047960547, -0.0047264434, -0.004657776, -0.0046247817, -0.0045620496, -0.004501958, -0.004440592, -0.0044085793, -0.0043410906, -0.004269601, -0.004232225, -0.0041540354, -0.004071154, -0.0039850115, -0.003941261, -0.0038529069, -0.0037627018, -0.0037168122, -0.0036236965, -0.0035293833, -0.0034820365, -0.003386853, -0.0032897356, -0.0031896273, -0.0031381706, -0.003033136, -0.0029256106, -0.002870259, -0.0027544575, -0.0026316168, -0.0025018658, -0.0024334304, -0.0022882826, -0.0021393562, -0.0020712118, -0.0019850084, -0.0020493944
0, 0, 0, 0, 0, 0, 0, 0, 0, 0, 0, 0, 0, 0, 0, 0, 0, 0, 0, 0, 0, 0, 0, 0, 0, 0, 0, 0, 0, 0, 0, 0, 0, 0, 0, 0, 0, 0, 0, 0, 0, 0, 0, 0, 0, -0.00373069, -0.002898668, -0.0025572465, -0.0025311187, -0.0026267401, -0.0028058377, -0.0030013476, -0.0030974743, -0.0032818147, -0.0034534722, -0.0035346514, -0.0036887447, -0.0038333212, -0.0039021014, -0.004033824, -0.0041588857, -0.004277537, -0.0043342165, -0.004442647, -0.0045450553, -0.004593801, -0.0046855714, -0.0047690943, -0.0048458516, -0.0048817163, -0.004947912, -0.0050059785, -0.005032184, -0.0050804345, -0.0051234863, -0.0051613417, -0.005178438, -0.0052093538, -0.00523623, -0.0052476665, -0.005264548, -0.0052712513, -0.0052708015, -0.0052634617, -0.0052489867, -0.005226879, -0.005212306, -0.0051768157, -0.005133709, -0.0051102666, -0.0050613433, -0.0050118254, -0.004965375, -0.0049448507, -0.0049132598, -0.0048988634, -0.004899125, -0.0049137147, -0.004941493, -0.004957107, -0.004985738, -0.0050072386, -0.005023784, -0.0050320155, -0.0050511654, -0.0050718, -0.0050799586, -0.005084575, -0.005066854, -0.00502728, -0.005001514, -0.004942554, -0.00487754, -0.0048437566, -0.004774853, -0.004706865, -0.0046740603, -0.0046116114, -0.004551484, -0.0044901995, -0.0044581923, -0.004390751, -0.0043194024, -0.004282163, -0.0042036762, -0.0041201655, -0.004032888, -0.0039885473, -0.0038989612, -0.003807969, -0.0037617728, -0.0036679648, -0.0035722032, -0.0035237824, -0.0034263781, -0.0033279948, -0.0032269314, -0.0031747485, -0.0030675067, -0.002957926, -0.0029016307, -0.0027840978, -0.0026593143, -0.0025271631, -0.0024575843, -0.0023103484, -0.0021589051, -0.0020893107, -0.0020007645, -0.0020646155
0, 0, 0, 0, 0, 0, 0, 0, 0, 0, 0, 0, 0, 0, 0, 0, 0, 0, 0, 0, 0, 0, 0, 0, 0, 0, 0, 0, 0, 0, 0, 0, 0, 0, 0, 0, 0, 0, 0, 0, 0, 0, 0, 0, 0, 0, -0.0028957722, -0.0024166026, -0.002358049, -0.0024516608, -0.0026624452, -0.0028922523, -0.0030028243, -0.0032105981, -0.0033997071, -0.0034880002, -0.0036537184, -0.003806212, -0.0038780072, -0.004013349, -0.004139389, -0.0042572306, -0.004312775, -0.0044180173, -0.0045165583, -0.004563353, -0.0046520396, -0.0047345418, -0.004812089, -0.004848949, -0.0049178354, -0.004979662, -0.0050082277, -0.005062167, -0.0051126983, -0.0051589846, -0.005180302, -0.0052197846, -0.0052545606, -0.005269728, -0.00529309, -0.0053044558, -0.0053055426, -0.0052994536, -0.005284244, -0.005260209, -0.0052445643, -0.0052063465, -0.005160528, -0.005135849, -0.0050853025, -0.005035724, -0.0049909325, -0.0049716174, -0.0049430453, -0.0049322764, -0.0049345735, -0.004953489, -0.0049858564, -0.0050038323, -0.005036064, -0.0050590704, -0.005074798, -0.0050823386, -0.0051006232, -0.0051216222, -0.0051301005, -0.005134846, -0.005116142, -0.0050753327, -0.0050490974, -0.004989571, -0.004924507, -0.004890794, -0.0048225587, -0.0047554844, -0.004723163, -0.0046614455, -0.004601745, -0.004540408, -0.0045081736, -0.0044405204, -0.0043691336, -0.0043318365, -0.0042535313, -0.004169849, -0.0040819817, -0.004037134, -0.0039458093, -0.0038532643, -0.003806656, -0.0037124131, -0.0036158464, -0.0035666206, -0.003466964, -0.0033667474, -0.0032643767, -0.0032115495, -0.003102731, -0.002990967, -0.0029336293, -0.002814253, -0.0026875567, -0.0025529421, -0.0024821872, -0.0023328052, -0.0021789134, -0.0021079124, -0.0020168044, -0.0020800973
0, 0, 0, 0, 0, 0, 0, 0, 0, 0, 0, 0, 0, 0, 0, 0, 0, 0, 0, 0, 0, 0, 0, 0, 0, 0, 0, 0, 0, 0, 0, 0, 0, 0, 0, 0, 0, 0, 0, 0, 0, 0, 0, 0, 0, 0, -0.002768724, -0.0023161112, -0.0022571993, -0.002363222, -0.002594005, -0.0028422754, -0.0029610377, -0.003181659, -0.0033799293, -0.0034717612, -0.0036423304, -0.003797503, -0.0038695203, -0.004003936, -0.004127523, -0.0042417073, -0.0042954497, -0.004396954, -0.004492025, -0.0045374515, -0.004624217, -0.0047059995, -0.0047836984, -0.004820955, -0.004890831, -0.004954354, -0.0049841353, -0.005041847, -0.0050974786, -0.0051493607, -0.005173385, -0.00521773, -0.0052569215, -0.0052739666, -0.0053004576, -0.0053139143, -0.0053156754, -0.0053102514, -0.0052954094, -0.0052722516, -0.005257433, -0.0052213706, -0.0051788655, -0.0051561687, -0.0051105353, -0.0050669406, -0.0050285193, -0.005012203, -0.0049881646, -0.004979655, -0.0049822973, -0.005001351, -0.005033816, -0.005051895, -0.0050844452, -0.005106946, -0.005121921, -0.00512924, -0.005147817, -0.0051695667, -0.005178306, -0.0051827957, -0.0051637976, -0.00512296, -0.005096612, -0.0050366726, -0.0049712025, -0.0049373796, -0.004869554, -0.004803552, -0.004771852, -0.004711232, -0.004652405, -0.004591252, -0.0045590065, -0.0044911215, -0.0044193603, -0.004381908, -0.0043031913, -0.0042194105, -0.004131751, -0.0040866258, -0.00399392, -0.0038994034, -0.0038520014, -0.003756852, -0.0036596998, -0.0036099195, -0.0035086323, -0.0034064488, -0.003302313, -0.003248743, -0.0031385284, -0.003024643, -0.0029662063, -0.002845019, -0.0027164319, -0.0025793347, -0.0025071956, -0.00235551, -0.002199439, -0.0021270213, -0.0020332234, -0.0020958632
0, 0, 0, 0, 0, 0, 0, 0, 0, 0, 0, 0, 0, 0, 0, 0, 0, 0, 0, 0, 0, 0, 0, 0, 0, 0, 0, 0, 0, 0, 0, 0, 0, 0, 0, 0, 0, 0, 0, 0, 0, 0, 0, 0, 0, 0, 0, -0.0025463586, -0.0024691601, -0.0024748733, -0.0026433396, -0.0028681445, -0.002982316, -0.003199057, -0.0033949912, -0.0034855288, -0.0036530653, -0.0038042108, -0.0038741003, -0.004003709, -0.0041229543, -0.0042332597, -0.0042854515, -0.004384517, -0.004477952, -0.0045228754, -0.0046087997, -0.0046898965, -0.004767061, -0.004803824, -0.0048732604, -0.0049368017, -0.0049670874, -0.005026567, -0.0050844983, -0.005138525, -0.005163473, -0.0052088583, -0.005248515, -0.0052655297, -0.005291507, -0.005304329, -0.005305813, -0.005300463, -0.0052867504, -0.0052664597, -0.0052536777, -0.005223272, -0.0051884204, -0.005170311, -0.0051353252, -0.0051034098, -0.0050753993, -0.0050631375, -0.005044281, -0.005037093, -0.0050392672, -0.005056044, -0.0050856196, -0.005102155, -0.0051315, -0.005151507, -0.0051652333, -0.00517253, -0.0051914756, -0.0052132923, -0.0052219606, -0.0052266517, -0.005209017, -0.0051698745, -0.0051441044, -0.005084403, -0.005018299, -0.0049842424, -0.0049161776, -0.0048506046, -0.0048195506, -0.00476064, -0.004703211, -0.004642593, -0.004610416, -0.004542666, -0.004470715, -0.0044328454, -0.004352963, -0.004268774, -0.0041815275, -0.004136397, -0.004042878, -0.0039467593, -0.0038985233, -0.0038018657, -0.0037035868, -0.0036533077, -0.0035510035, -0.0034469862, -0.0033409675, -0.0032866732, -0.0031748493, -0.0030588612, -0.0029993404, -0.0028763334, -0.0027459422, -0.002606346, -0.0025327415, -0.0023786244, -0.0022202039, -0.002146464, -0.0020501465, -0.002111889
0, 0, 0, 0, 0, 0, 0, 0, 0, 0, 0, 0, 0, 0, 0, 0, 0, 0, 0, 0, 0, 0, 0, 0, 0, 0, 0, 0, 0, 0, 0, 0, 0, 0, 0, 0, 0, 0, 0, 0, 0, 0, 0, 0, 0, 0, 0, -0.003649864, -0.003226284, -0.0027697312, -0.0027638027, -0.0029343327, -0.0030373635, -0.0032407984, -0.0034270273, -0.0035128458, -0.0036713947, -0.0038148027, -0.0038812368, -0.0040051136, -0.0041206023, -0.00422888, -0.004280615, -0.004379826, -0.00447355, -0.004518523, -0.0046043186, -0.00468488, -0.0047610756, -0.0047976803, -0.0048663868, -0.004930055, -0.0049605817, -0.005020755, -0.00507894, -0.0051323245, -0.005156435, -0.005199541, -0.005236077, -0.0052515715, -0.005274588, -0.005284823, -0.005285253, -0.0052792407, -0.005267002, -0.005250534, -0.0052405694, -0.005217693, -0.0051931893, -0.0051813805, -0.00516027, -0.005142274, -0.0051255897, -0.005117458, -0.0051034973, -0.0050972174, -0.005098877, -0.0051129884, -0.0051380876, -0.0051521105, -0.005177013, -0.005194441, -0.005207533, -0.00521465, -0.005232782, -0.005252926, -0.0052607334, -0.0052652117, -0.005249637, -0.0052137305, -0.0051895017, -0.0051320083, -0.005066718, -0.0050325077, -0.00496369, -0.004897836, -0.0048670555, -0.0048094634, -0.004753002, -0.0046931542, -0.004661508, -0.0045951908, -0.0045234826, -0.004485053, -0.0044034733, -0.004318423, -0.0042310967, -0.0041859066, -0.0040920167, -0.0039950893, -0.003946204, -0.0038478612, -0.0037480085, -0.0036971616, -0.003593706, -0.0034880966, -0.0033803394, -0.0033253497, -0.003211967, -0.0030938077, -0.003033127, -0.0029080198, -0.0027759513, -0.0026339756, -0.0025589992, -0.0024021834, -0.002241285, -0.0021661907, -0.002067399, -0.0021282863
0, 0, 0, 0, 0, 0, 0, 0, 0, 0, 0, 0, 0, 0, 0, 0, 0, 0, 0, 0, 0, 0, 0, 0, 0, 0, 0, 0, 0, 0, 0, 0, 0, 0, 0, 0, 0, 0, 0, 0, 0, 0, 0, 0, 0, 0, 0, -0.0053106984, -0.004028212, -0.0029797598, -0.002850406, -0.0029897033, -0.003084699, -0.0032750592, -0.0034488786, -0.0035291282, -0.0036779346, -0.0038140307, -0.0038779266, -0.0039987885, -0.0041137487, -0.004223184, -0.004276018, -0.004377427, -0.0044736, -0.004519416, -0.0046063713, -0.0046877023, -0.0047645187, -0.0048013097, -0.0048708054, -0.004935648, -0.0049668914, -0.0050274534, -0.005084846, -0.005135809, -0.0051582963, -0.00519761, -0.005229853, -0.0052431156, -0.005261884, -0.005268523, -0.0052677128, -0.005260523, -0.0052500465, -0.005237695, -0.005230887, -0.0052162376, -0.0052021397, -0.005196311, -0.005187669, -0.005181367, -0.005173615, -0.0051685213, -0.0051578195, -0.005151889, -0.0051528094, -0.005164209, -0.00518515, -0.0051970333, -0.005218869, -0.0052355565, -0.005249279, -0.0052564964, -0.0052736355, -0.005291263, -0.0052978247, -0.0053007677, -0.0052857646, -0.0052529573, -0.005230808, -0.0051770923, -0.0051139835, -0.005080222, -0.005011803, -0.0049468824, -0.0049166093, -0.0048592594, -0.004802161, -0.004742463, -0.004711541, -0.004647116, -0.0045764064, -0.004537832, -0.0044554546, -0.0043694945, -0.004280973, -0.004235256, -0.0041408804, -0.0040435726, -0.0039943154, -0.0038948352, -0.003793481, -0.00374188, -0.0036369346, -0.0035297729, -0.0034202768, -0.0033644743, -0.0032496534, -0.0031296897, -0.003067786, -0.0029402773, -0.0028061662, -0.00266208, -0.0025859, -0.0024264033, -0.002262597, -0.002186086, -0.0020850624, -0.0021449777
0, 0, 0, 0, 0, 0, 0, 0, 0, 0, 0, 0, 0, 0, 0, 0, 0, 0, 0, 0, 0, 0, 0, 0, 0, 0, 0, 0, 0, 0, 0, 0, 0, 0, 0, 0, 0, 0, 0, 0, 0, 0, 0, 0, 0, 0, 0, 0, -0.0033191747, -0.003014262, -0.0029238432, -0.003026246, -0.003106002, -0.0032755772, -0.0034371489, -0.0035128586, -0.0036562306, -0.0037901963, -0.0038541593, -0.0039772, -0.004095717, -0.00421019, -0.00426541, -0.004371622, -0.0044719344, -0.004519677, -0.0046100984, -0.0046943077, -0.004773827, -0.004811999, -0.0048845387, -0.00495191, -0.0049840007, -0.0050455574, -0.005102078, -0.005150783, -0.0051717334, -0.005207604, -0.0052363668, -0.005247922, -0.0052634287, -0.0052674077, -0.005265791, -0.0052588265, -0.0052512847, -0.0052441736, -0.0052405363, -0.005232903, -0.005226405, -0.0052244887, -0.005223496, -0.0052234074, -0.0052192374, -0.0052148863, -0.0052037523, -0.0051958472, -0.0051954743, -0.0052036624, -0.005221488, -0.005232013, -0.005252621, -0.0052707247, -0.0052873753, -0.005296083, -0.0053144926, -0.0053308015, -0.0053359913, -0.0053362143, -0.005320519, -0.0052897353, -0.005269198, -0.005218619, -0.0051576393, -0.0051247403, -0.0050587114, -0.004996542, -0.0049671787, -0.004910129, -0.0048523317, -0.0047924677, -0.004761851, -0.0046982, -0.004628099, -0.0045897984, -0.0045077656, -0.0044214297, -0.00433202, -0.00428587, -0.004190435, -0.0040919706, -0.004042195, -0.003941919, -0.0038396574, -0.0037875117, -0.003681224, -0.003572275, -0.0034607037, -0.0034039512, -0.0032877978, -0.0031663165, -0.0031032613, -0.0029733526, -0.0028368572, -0.0026906112, -0.002613269, -0.0024509982, -0.00228423, -0.002206443, -0.0021031785, -0.0021618544
0, 0, 0, 0, 0, 0, 0, 0, 0, 0, 0, 0, 0, 0, 0, 0, 0, 0, 0, 0, 0, 0, 0, 0, 0, 0, 0, 0, 0, 0, 0, 0, 0, 0, 0, 0, 0, 0, 0, 0, 0, 0, 0, 0, 0, 0, 0, 0, -0.0044801794, -0.0036344982, -0.0031045384, -0.0030366974, -0.00308105, -0.0032216865, -0.0033768867, -0.0034531497, -0.0035997974, -0.0037395929, -0.0038070856, -0.0039375606, -0.004064178, -0.004186076, -0.004244834, -0.004357538, -0.0044635762, -0.0045141364, -0.0046100756, -0.0046995208, -0.004783978, -0.0048244605, -0.0049014823, -0.004972311, -0.005005735, -0.005068708, -0.00512512, -0.0051726266, -0.0051927217, -0.0052270233, -0.0052546733, -0.005265719, -0.005281082, -0.0052857916, -0.0052851387, -0.005282023, -0.0052801324, -0.005279719, -0.005279215, -0.0052764816, -0.005273426, -0.0052727032, -0.005273287, -0.005273029, -0.005266647, -0.005260419, -0.005244731, -0.00523174, -0.0052289898, -0.005232805, -0.0052467445, -0.0052558, -0.0052755484, -0.0052958406, -0.005317573, -0.005329048, -0.005351795, -0.0053694723, -0.0053742477, -0.0053731576, -0.005357138, -0.005327283, -0.0053072814, -0.0052574743, -0.005197632, -0.005165864, -0.005103287, -0.0050446927, -0.005016599, -0.004960721, -0.0049031754, -0.004843628, -0.0048130485, -0.0047494536, -0.004679605, -0.0046415073, -0.004559635, -0.0044729463, -0.004383215, -0.0043370165, -0.0042411443, -0.0041414616, -0.004090966, -0.0039892476, -0.0038857826, -0.0038332469, -0.003726217, -0.00361582, -0.003502136, -0.003444315, -0.003326325, -0.0032032179, -0.003139295, -0.0030070618, -0.0028682435, -0.0027197045, -0.002641121, -0.0024757993, -0.0023061174, -0.0022271974, -0.0021217947, -0.0021789167
0, 0, 0, 0, 0, 0, 0, 0, 0, 0, 0, 0, 0, 0, 0, 0, 0, 0, 0, 0, 0, 0, 0, 0, 0, 0, 0, 0, 0, 0, 0, 0, 0, 0, 0, 0, 0, 0, 0, 0, 0, 0, 0, 0, 0, 0, 0, 0, -0.0067950054, -0.004349693, -0.0031509104, -0.0029424613, -0.002967925, -0.003103395, -0.0032701292, -0.0033533513, -0.0035147013, -0.0036685176, -0.0037423794, -0.0038850459, -0.004022252, -0.004153371, -0.0042161685, -0.0043358174, -0.004448228, -0.0045018285, -0.004603888, -0.0046995156, -0.0047898726, -0.0048329798, -0.0049146516, -0.004989453, -0.0050242105, -0.0050889803, -0.005146321, -0.0051940647, -0.0052142637, -0.005249314, -0.00527855, -0.0052909967, -0.005309715, -0.005320001, -0.005322777, -0.005327908, -0.005335017, -0.0053421943, -0.005344411, -0.005344859, -0.005341751, -0.005340216, -0.0053376984, -0.0053324467, -0.005319535, -0.005309645, -0.005286306, -0.0052663377, -0.0052603604, -0.0052582454, -0.0052669626, -0.0052738856, -0.00529098, -0.005312502, -0.005338889, -0.005353456, -0.0053816508, -0.0054029156, -0.005408805, -0.005409486, -0.0053952006, -0.005366282, -0.0053462647, -0.005295994, -0.0052363696, -0.0052054604, -0.005145782, -0.0050902227, -0.0050635417, -0.005009714, -0.0049537253, -0.004894924, -0.0048645143, -0.0048009427, -0.004731403, -0.0046935403, -0.004611701, -0.004524339, -0.0044340803, -0.004387777, -0.004291861, -0.0041918685, -0.0041408986, -0.0040376107, -0.0039325724, -0.0038793692, -0.003771297, -0.003659827, -0.003544603, -0.003485764, -0.0033656217, -0.003240609, -0.0031757802, -0.0030412707, -0.0028999657, -0.002749381, -0.0026696492, -0.0025011736, -0.0023282315, -0.00224805, -0.0021405828, -0.002196311
0, 0, 0, 0, 0, 0, 0, 0, 0, 0, 0, 0, 0, 0, 0, 0, 0, 0, 0, 0, 0, 0, 0, 0, 0, 0, 0, 0, 0, 0, 0, 0, 0, 0, 0, 0, 0, 0, 0, 0, 0, 0, 0, 0, 0, 0, 0, 0, 0, -0.0032574954, -0.002876211, -0.0027579067, -0.0027930331, -0.0029483777, -0.0031394404, -0.003234857, -0.0034182877, -0.00359047, -0.0036725316, -0.0038294657, -0.0039780056, -0.0041182325, -0.004184882, -0.0043112636, -0.0044296696, -0.0044861794, -0.0045939833, -0.004695329, -0.0047909, -0.0048364936, -0.0049222433, -0.004999798, -0.0050356886, -0.005102418, -0.005161053, -0.0052104723, -0.0052318787, -0.0052698078, -0.0053035403, -0.0053188424, -0.005344829, -0.005364428, -0.005372624, -0.00538856, -0.0054052956, -0.0054192133, -0.0054235123, -0.0054254867, -0.005420906, -0.0054176897, -0.005410286, -0.005398357, -0.0053775418, -0.005363673, -0.005332737, -0.005305877, -0.0052965954, -0.0052876864, -0.0052897595, -0.005293593, -0.0053064865, -0.0053270226, -0.0053558443, -0.0053721806, -0.005404346, -0.0054293294, -0.0054371604, -0.005442058, -0.005431296, -0.0054042777, -0.0053845257, -0.0053343596, -0.0052754153, -0.0052452413, -0.005187445, -0.005134066, -0.005108361, -0.005056847, -0.0050028325, -0.004945379, -0.0049152854, -0.0048521818, -0.0047830828, -0.0047454885, -0.0046641226, -0.004576344, -0.0044850633, -0.004438373, -0.0043421797, -0.004242364, -0.0041912603, -0.004086932, -0.003980237, -0.003926296, -0.003816898, -0.0037042908, -0.0035874886, -0.0035276779, -0.0034054853, -0.0032788166, -0.003213135, -0.003076118, -0.0029318568, -0.0027792167, -0.0026985342, -0.0025272039, -0.0023507378, -0.002269035, -0.002159378, -0.0022140434
0, 0, 0, 0, 0, 0, 0, 0, 0, 0, 0, 0, 0, 0, 0, 0, 0, 0, 0, 0, 0, 0, 0, 0, 0, 0, 0, 0, 0, 0, 0, 0, 0, 0, 0, 0, 0, 0, 0, 0, 0, 0, 0, 0, 0, 0, 0, 0, 0, -0.0037684822, -0.0029181945, -0.0026363716, -0.0026484136, -0.0028052225, -0.0030179825, -0.0031251425, -0.0033301902, -0.0035205337, -0.0036101728, -0.0037802095, -0.003939589, -0.0040880344, -0.0041579595, -0.00429028, -0.0044138264, -0.004472916, -0.0045856806, -0.004691491, -0.0047910544, -0.0048380657, -0.0049262373, -0.0050051897, -0.005041645, -0.0051095085, -0.005170169, -0.005222861, -0.0052463124, -0.0052896715, -0.005330423, -0.005349578, -0.005384751, -0.0054148063, -0.0054283203, -0.0054540625, -0.005478071, -0.005496362, -0.005501639, -0.0055037895, -0.0054974454, -0.00549265, -0.0054806075, -0.0054630646, -0.0054364824, -0.005419889, -0.005383744, -0.0053518233, -0.0053398223, -0.0053251144, -0.005320831, -0.005321691, -0.005329693, -0.005347306, -0.0053747487, -0.0053910306, -0.005423791, -0.0054508736, -0.0054604346, -0.005469636, -0.0054628854, -0.005438539, -0.0054198443, -0.0053715184, -0.0053143166, -0.0052849427, -0.0052285795, -0.005176898, -0.005152143, -0.005102757, -0.00505069, -0.0049947803, -0.0049652224, -0.0049025062, -0.0048336536, -0.0047965334, -0.0047164173, -0.004629124, -0.004536883, -0.004489431, -0.004392405, -0.004292751, -0.0042416467, -0.0041366615, -0.0040287767, -0.003974139, -0.0038631822, -0.003749209, -0.0036310235, -0.0035702281, -0.0034458332, -0.0033173764, -0.0032508443, -0.0031116528, -0.0029645027, -0.0028093182, -0.0027273982, -0.002553428, -0.0023738216, -0.0022905415, -0.002178294, -0.0022319634
0, 0, 0, 0, 0, 0, 0, 0, 0, 0, 0, 0, 0, 0, 0, 0, 0, 0, 0, 0, 0, 0, 0, 0, 0, 0, 0, 0, 0, 0, 0, 0, 0, 0, 0, 0, 0, 0, 0, 0, 0, 0, 0, 0, 0, 0, 0, 0, 0, 0, -0.0028819395, -0.002557075, -0.002557223, -0.0027081715, -0.0029299697, -0.0030438905, -0.0032637324, -0.0034679929, -0.0035638667, -0.0037450085, -0.00391294, -0.004068232, -0.004141182, -0.0042785415, -0.004406773, -0.00446813, -0.0045846836, -0.004693646, -0.004795316, -0.0048430925, -0.004931963, -0.00501156, -0.0050483667, -0.0051177014, -0.005181329, -0.005238488, -0.0052648312, -0.005314789, -0.005362636, -0.0053857244, -0.0054290933, -0.0054672314, -0.005484582, -0.005516156, -0.005543322, -0.005562419, -0.005567421, -0.0055683316, -0.0055603296, -0.0055543636, -0.005539916, -0.005520072, -0.0054912725, -0.00547383, -0.0054361434, -0.005402278, -0.0053889877, -0.0053708972, -0.005362517, -0.005361218, -0.0053646974, -0.0053779334, -0.0054010665, -0.005415467, -0.005445686, -0.0054721204, -0.005482153, -0.0054931804, -0.0054892404, -0.0054681236, -0.0054511144, -0.0054061697, -0.005351845, -0.0053235902, -0.0052688974, -0.005218884, -0.0051950077, -0.005147384, -0.0050974935, -0.0050436375, -0.0050146636, -0.0049521215, -0.004883242, -0.004846463, -0.0047678016, -0.0046816613, -0.0045890855, -0.0045411596, -0.004443461, -0.004343305, -0.004291884, -0.0041863285, -0.0040779077, -0.004022712, -0.0039101676, -0.0037945956, -0.0036751577, -0.0036134378, -0.0034867446, -0.0033562474, -0.0032887987, -0.00314758, -0.0029977958, -0.002839714, -0.0027564494, -0.0025798618, -0.002397316, -0.0023123906, -0.0021971904, -0.0022500844
0, 0, 0, 0, 0, 0, 0, 0, 0, 0, 0, 0, 0, 0, 0, 0, 0, 0, 0, 0, 0, 0, 0, 0, 0, 0, 0, 0, 0, 0, 0, 0, 0, 0, 0, 0, 0, 0, 0, 0, 0, 0, 0, 0, 0, 0, 0, 0, 0, 0, -0.0028708682, -0.002637765, -0.0025951557, -0.0026806016, -0.0028812108, -0.0029948412, -0.0032217696, -0.0034361533, -0.0035371957, -0.003726929, -0.0039019536, -0.0040630563, -0.0041386317, -0.0042806165, -0.0044130394, -0.0044762087, -0.0045958166, -0.0047063697, -0.004808759, -0.0048568486, -0.0049464446, -0.0050273337, -0.005065163, -0.0051372508, -0.00520501, -0.0052675563, -0.00529678, -0.0053523574, -0.005405523, -0.0054312395, -0.00547919, -0.0055210865, -0.0055395113, -0.00557151, -0.0055966764, -0.005612348, -0.0056157676, -0.005614363, -0.005605184, -0.005598917, -0.005584375, -0.005564851, -0.005537304, -0.0055208015, -0.005485398, -0.0054536206, -0.00544104, -0.005423385, -0.00541421, -0.0054120934, -0.0054123253, -0.005420324, -0.005437067, -0.0054483274, -0.0054732487, -0.005496209, -0.005505214, -0.0055156876, -0.00551298, -0.0054944204, -0.005479115, -0.005437886, -0.0053872117, -0.0053605125, -0.005308124, -0.0052594678, -0.005236261, -0.0051905042, -0.0051434734, -0.005091935, -0.005063547, -0.005001072, -0.0049321814, -0.004895824, -0.0048184497, -0.0047332086, -0.004640921, -0.004593084, -0.0044953534, -0.004394406, -0.00434245, -0.0042361873, -0.004127289, -0.004071564, -0.0039576, -0.003840722, -0.00371972, -0.003657094, -0.003528215, -0.0033953714, -0.0033269105, -0.003183844, -0.0030316971, -0.0028703862, -0.0027855316, -0.0026064052, -0.0024211786, -0.0023345083, -0.0022161335, -0.0022683812
0, 0, 0, 0, 0, 0, 0, 0, 0, 0, 0, 0, 0, 0, 0, 0, 0, 0, 0, 0, 0, 0, 0, 0, 0, 0, 0, 0, 0, 0, 0, 0, 0, 0, 0, 0, 0, 0, 0, 0, 0, 0, 0, 0, 0, 0, 0, 0, 0, 0, -0.0037862472, -0.0029635853, -0.002756077, -0.0026913094, -0.002855473, -0.0029667104, -0.0031992584, -0.0034228782, -0.0035283717, -0.0037257802, -0.0039067254, -0.0040728105, -0.004150369, -0.0042966236, -0.004432727, -0.0044973106, -0.0046189777, -0.0047310293, -0.004834219, -0.004882863, -0.0049744113, -0.005058591, -0.0050984495, -0.005175132, -0.005247771, -0.0053148274, -0.0053462433, -0.0054052016, -0.0054605114, -0.005486827, -0.005535119, -0.005575551, -0.005592547, -0.005620025, -0.005639046, -0.005648731, -0.005649883, -0.0056457217, -0.005635916, -0.00562985, -0.0056160283, -0.005598112, -0.0055735786, -0.0055591147, -0.005528957, -0.0055026524, -0.0054926695, -0.005479516, -0.005473073, -0.0054712957, -0.005469998, -0.0054731504, -0.0054826005, -0.0054898304, -0.0055073192, -0.0055245557, -0.0055315653, -0.005539723, -0.0055367104, -0.0055196285, -0.00550555, -0.005467875, -0.005421207, -0.0053963256, -0.0053462777, -0.0052984706, -0.005275741, -0.005231965, -0.0051880376, -0.005139082, -0.005111438, -0.0050495784, -0.0049812435, -0.0049452027, -0.004868397, -0.0047837636, -0.0046922774, -0.0046448233, -0.0045473827, -0.004445905, -0.004393613, -0.004286606, -0.0041768663, -0.0041206493, -0.004005361, -0.003887084, -0.003764573, -0.0037012459, -0.003570411, -0.003434791, -0.0033650384, -0.0032201353, -0.0030660282, -0.0029013713, -0.0028148198, -0.0026330827, -0.0024451953, -0.0023567805, -0.002235267, -0.0022867818
0, 0, 0, 0, 0, 0, 0, 0, 0, 0, 0, 0, 0, 0, 0, 0, 0, 0, 0, 0, 0, 0, 0, 0, 0, 0, 0, 0, 0, 0, 0, 0, 0, 0, 0, 0, 0, 0, 0, 0, 0, 0, 0, 0, 0, 0, 0, 0, 0, 0, 0, -0.003055996, -0.0028092875, -0.0026945258, -0.0028416177, -0.0029521727, -0.0031906117, -0.0034222803, -0.0035314716, -0.0037348869, -0.003920213, -0.004089693, -0.004169115, -0.0043186042, -0.004457802, -0.0045238, -0.004647962, -0.0047621345, -0.0048679863, -0.004918331, -0.005013789, -0.005103084, -0.0051456247, -0.0052273087, -0.0053044204, -0.0053748954, -0.005407251, -0.0054672966, -0.0055218884, -0.005547286, -0.0055922964, -0.0056279185, -0.005641696, -0.0056619933, -0.0056735408, -0.005677187, -0.005676279, -0.0056699123, -0.0056597055, -0.0056537776, -0.0056406204, -0.0056240996, -0.005603179, -0.005591431, -0.00556801, -0.0055493643, -0.0055432124, -0.005536841, -0.005535244, -0.0055347793, -0.00553333, -0.005532233, -0.005534569, -0.005537592, -0.0055469805, -0.005557631, -0.0055621904, -0.005567273, -0.0055628615, -0.0055458345, -0.00553243, -0.005497534, -0.0054546697, -0.0054314723, -0.0053837798, -0.0053371005, -0.00531477, -0.0052725226, -0.0052307276, -0.005183995, -0.005157354, -0.0050973925, -0.0050304905, -0.004994788, -0.0049181846, -0.004834045, -0.004743229, -0.0046960823, -0.004598902, -0.0044975155, -0.004445228, -0.0043377616, -0.0042269086, -0.004169994, -0.004053295, -0.003933531, -0.0038096593, -0.0037456308, -0.0036129707, -0.0034746465, -0.003403511, -0.0032565093, -0.0031002932, -0.0029325513, -0.0028444552, -0.002660073, -0.0024692162, -0.0023789778, -0.0022543394, -0.002305398
0, 0, 0, 0, 0, 0, 0, 0, 0, 0, 0, 0, 0, 0, 0, 0, 0, 0, 0, 0, 0, 0, 0, 0, 0, 0, 0, 0, 0, 0, 0, 0, 0, 0, 0, 0, 0, 0, 0, 0, 0, 0, 0, 0, 0, 0, 0, 0, 0, 0, 0, -0.0030764034, -0.0029407162, -0.0027750996, -0.00285998, -0.0029573154, -0.003189911, -0.0034257274, -0.003536703, -0.0037432252, -0.0039305524, -0.004101787, -0.004182218, -0.0043343934, -0.0044768876, -0.004544661, -0.004672444, -0.004790694, -0.0049013654, -0.0049542924, -0.0050553936, -0.005150007, -0.005195035, -0.0052809664, -0.00536106, -0.005433195, -0.005465989, -0.005525361, -0.0055779153, -0.0056013702, -0.0056416164, -0.0056707617, -0.005681374, -0.005695554, -0.005702034, -0.005702397, -0.0057005547, -0.0056934534, -0.0056827785, -0.00567678, -0.005663351, -0.0056480267, -0.005630736, -0.0056218714, -0.0056059696, -0.0055958536, -0.0055937255, -0.0055944747, -0.0055977376, -0.0055986717, -0.0055972924, -0.0055927574, -0.005588845, -0.005588165, -0.005590037, -0.005594928, -0.0055973623, -0.0055994373, -0.0055930344, -0.0055750404, -0.0055618323, -0.0055285296, -0.0054883054, -0.0054664235, -0.0054209554, -0.005375912, -0.005354311, -0.005313174, -0.0052722944, -0.0052269707, -0.0052014026, -0.005143997, -0.005078941, -0.0050437027, -0.004967901, -0.004884602, -0.0047945944, -0.0047474927, -0.0046499753, -0.0045485464, -0.0044963853, -0.004389129, -0.0042774784, -0.0042198678, -0.004101589, -0.0039800326, -0.0038545178, -0.0037898351, -0.003655683, -0.0035150042, -0.0034424763, -0.0032929135, -0.0031343554, -0.0029639348, -0.0028744198, -0.0026871364, -0.0024931096, -0.0024012164, -0.002273748, -0.0023239388
0, 0, 0, 0, 0, 0, 0, 0, 0, 0, 0, 0, 0, 0, 0, 0, 0, 0, 0, 0, 0, 0, 0, 0, 0, 0, 0, 0, 0, 0, 0, 0, 0, 0, 0, 0, 0, 0, 0, 0, 0, 0, 0, 0, 0, 0, 0, 0, 0, 0, 0, -0.0040545445, -0.0035666106, -0.002960857, -0.0028954537, -0.002967614, -0.003185988, -0.0034207816, -0.0035319976, -0.0037377307, -0.003924561, -0.0040967287, -0.004178211, -0.004333716, -0.0044804127, -0.0045505785, -0.004683783, -0.0048079975, -0.0049249874, -0.004981273, -0.005088488, -0.0051882407, -0.0052352813, -0.0053245346, -0.0054063876, -0.005478991, -0.0055114706, -0.0055690864, -0.0056182006, -0.005639558, -0.0056746127, -0.005699118, -0.005707638, -0.0057190033, -0.005724697, -0.0057256026, -0.005724138, -0.005717561, -0.0057069864, -0.005700782, -0.005687187, -0.0056735147, -0.0056603407, -0.0056545427, -0.0056457953, -0.0056433524, -0.005644684, -0.005650959, -0.0056577194, -0.005659494, -0.0056579486, -0.0056505017, -0.005641577, -0.0056380336, -0.0056347996, -0.005636007, -0.005637159, -0.0056368127, -0.005628241, -0.0056086113, -0.0055950526, -0.0055619203, -0.005522894, -0.005501861, -0.005458347, -0.005415343, -0.00539449, -0.0053541185, -0.0053134905, -0.0052693784, -0.0052449056, -0.005189748, -0.005126278, -0.0050915596, -0.005016857, -0.0049352082, -0.0048463475, -0.0047994065, -0.0047014616, -0.0045994404, -0.0045472314, -0.0044399654, -0.004327802, -0.0042698137, -0.0041505205, -0.004027018, -0.0038992984, -0.003833689, -0.003698071, -0.0035554525, -0.0034817883, -0.003329577, -0.003168352, -0.0029953802, -0.0029045194, -0.0027140344, -0.0025168904, -0.002423632, -0.0022935993, -0.0023423259
0, 0, 0, 0, 0, 0, 0, 0, 0, 0, 0, 0, 0, 0, 0, 0, 0, 0, 0, 0, 0, 0, 0, 0, 0, 0, 0, 0, 0, 0, 0, 0, 0, 0, 0, 0, 0, 0, 0, 0, 0, 0, 0, 0, 0, 0, 0, 0, 0, 0, 0, 0, -0.0036760056, -0.0030308913, -0.0029144534, -0.0029717959, -0.0031718458, -0.003396713, -0.0035045063, -0.0037064692, -0.0038927803, -0.0040678103, -0.0041515445, -0.0043125236, -0.0044656936, -0.0045392294, -0.0046797423, -0.0048112394, -0.0049355347, -0.004995213, -0.0051088333, -0.005213717, -0.005262859, -0.0053547057, -0.00543771, -0.005510008, -0.005541716, -0.005597149, -0.0056430427, -0.005662501, -0.005694267, -0.0057165045, -0.0057246033, -0.00573668, -0.0057447175, -0.005748278, -0.005747955, -0.005742909, -0.005733085, -0.0057270546, -0.005714558, -0.0057029943, -0.0056937593, -0.0056902724, -0.005687079, -0.005689606, -0.00569312, -0.005702725, -0.0057113054, -0.0057134004, -0.005711316, -0.0057019577, -0.0056903353, -0.005685607, -0.0056807804, -0.00568093, -0.005681452, -0.005679405, -0.0056687957, -0.0056472905, -0.0056328643, -0.0055985022, -0.0055593476, -0.005538679, -0.005496856, -0.005455501, -0.005435142, -0.005395115, -0.0053549022, -0.0053121466, -0.0052885944, -0.005235261, -0.0051730517, -0.0051387986, -0.0050653014, -0.004985258, -0.0048978706, -0.0048513836, -0.0047535067, -0.004650886, -0.0045983368, -0.004490374, -0.004377584, -0.0043193786, -0.004199315, -0.0040741675, -0.0039443783, -0.0038777902, -0.003740162, -0.0035955966, -0.0035208357, -0.0033661735, -0.0032025187, -0.0030271562, -0.0029346994, -0.0027404905, -0.0025404834, -0.0024462256, -0.0023140009, -0.0023605402
0, 0, 0, 0, 0, 0, 0, 0, 0, 0, 0, 0, 0, 0, 0, 0, 0, 0, 0, 0, 0, 0, 0, 0, 0, 0, 0, 0, 0, 0, 0, 0, 0, 0, 0, 0, 0, 0, 0, 0, 0, 0, 0, 0, 0, 0, 0, 0, 0, 0, 0, 0, 0, -0.0032021687, -0.0030146379, -0.0030178383, -0.003145406, -0.0033389023, -0.0034405966, -0.0036405048, -0.0038318268, -0.0040147426, -0.0041030394, -0.004273514, -0.004436548, -0.0045147804, -0.004663966, -0.0048037735, -0.0049355174, -0.0049984804, -0.0051180846, -0.005227719, -0.0052785114, -0.005373132, -0.005457357, -0.005529249, -0.0055607217, -0.005614847, -0.0056595886, -0.0056786737, -0.005710195, -0.005733323, -0.005742353, -0.005757344, -0.005768995, -0.00577586, -0.0057770116, -0.0057742335, -0.005766138, -0.005760875, -0.0057503656, -0.005741029, -0.0057338253, -0.0057312683, -0.005729247, -0.005732354, -0.0057358155, -0.005745019, -0.0057530133, -0.005754805, -0.005752189, -0.0057428675, -0.0057327165, -0.0057292236, -0.005727231, -0.005729483, -0.005730498, -0.0057281214, -0.005715607, -0.005691355, -0.005675448, -0.005638374, -0.005597916, -0.0055773566, -0.0055366936, -0.0054963296, -0.0054762373, -0.005436389, -0.005397022, -0.005355533, -0.0053327247, -0.0052808966, -0.005220048, -0.0051863524, -0.005113826, -0.0050347187, -0.004948682, -0.004902852, -0.0048056482, -0.004702833, -0.0046498724, -0.00454081, -0.004427033, -0.0043684333, -0.004247553, -0.0041211336, -0.00398962, -0.0039219544, -0.0037822474, -0.0036355776, -0.0035596283, -0.0034024126, -0.003236603, -0.0030590864, -0.0029650216, -0.0027670562, -0.002563904, -0.002468606, -0.002334319, -0.002378896
0, 0, 0, 0, 0, 0, 0, 0, 0, 0, 0, 0, 0, 0, 0, 0, 0, 0, 0, 0, 0, 0, 0, 0, 0, 0, 0, 0, 0, 0, 0, 0, 0, 0, 0, 0, 0, 0, 0, 0, 0, 0, 0, 0, 0, 0, 0, 0, 0, 0, 0, 0, 0, -0.003921667, -0.0032133912, -0.003077895, -0.0030707892, -0.00322833, -0.0033282498, -0.0035372917, -0.003744206, -0.0039431755, -0.0040389956, -0.0042237076, -0.0043990365, -0.004483245, -0.0046423115, -0.0047901566, -0.0049282126, -0.004993895, -0.0051177787, -0.0052308035, -0.0052830726, -0.0053795534, -0.0054648025, -0.0055376547, -0.0055695535, -0.0056249946, -0.0056717554, -0.0056921626, -0.0057270457, -0.0057541574, -0.0057655927, -0.005785276, -0.0058014262, -0.005812489, -0.005815604, -0.0058164145, -0.005811856, -0.00580839, -0.0058006905, -0.0057928534, -0.0057850233, -0.0057814335, -0.0057755555, -0.0057734726, -0.005774122, -0.005778087, -0.0057817106, -0.005782132, -0.0057783495, -0.0057710432, -0.0057658, -0.0057655904, -0.005770315, -0.005778463, -0.005781605, -0.005781643, -0.0057688253, -0.0057420926, -0.0057242666, -0.0056830947, -0.005639699, -0.0056183925, -0.0055771284, -0.005537019, -0.0055172015, -0.005478339, -0.005440141, -0.005399869, -0.005377606, -0.0053271977, -0.0052677123, -0.005234641, -0.0051628086, -0.005084321, -0.0049991445, -0.004953762, -0.00485729, -0.004754727, -0.0047015464, -0.0045914627, -0.004476478, -0.004417277, -0.0042951126, -0.0041674837, -0.0040345173, -0.003965995, -0.0038243344, -0.0036755211, -0.0035983971, -0.0034384457, -0.0032702633, -0.003090706, -0.0029954382, -0.0027941728, -0.0025873645, -0.0024905172, -0.0023540105, -0.0023976814
0, 0, 0, 0, 0, 0, 0, 0, 0, 0, 0, 0, 0, 0, 0, 0, 0, 0, 0, 0, 0, 0, 0, 0, 0, 0, 0, 0, 0, 0, 0, 0, 0, 0, 0, 0, 0, 0, 0, 0, 0, 0, 0, 0, 0, 0, 0, 0, 0, 0, 0, 0, 0, -0.0040950505, -0.0032195335, -0.0029957767, -0.0029110308, -0.0030664406, -0.0031761217, -0.0034104725, -0.003642818, -0.003864059, -0.003969552, -0.0041706166, -0.0043591666, -0.0044485936, -0.004616867, -0.0047713374, -0.004913883, -0.0049811713, -0.005107482, -0.0052218116, -0.0052746534, -0.0053721303, -0.005458655, -0.005533147, -0.005566143, -0.0056249327, -0.0056761224, -0.0056992685, -0.005739979, -0.0057737166, -0.005788394, -0.005814621, -0.005836938, -0.0058541773, -0.0058602137, -0.0058670575, -0.005868401, -0.005867473, -0.005863665, -0.005856952, -0.0058470587, -0.005841084, -0.005828481, -0.005817402, -0.0058131507, -0.005807602, -0.005803639, -0.0058013014, -0.0057955356, -0.0057907, -0.0057912595, -0.005794614, -0.005807037, -0.005822479, -0.0058290274, -0.005834528, -0.005824541, -0.005797412, -0.005778419, -0.0057338257, -0.005686409, -0.0056633633, -0.0056196093, -0.0055783708, -0.0055585494, -0.00552022, -0.0054831873, -0.0054445546, -0.0054232944, -0.0053747436, -0.0053166593, -0.0052841147, -0.00521279, -0.0051344093, -0.005049456, -0.0050042286, -0.004908288, -0.0048060357, -0.004752909, -0.0046421667, -0.0045258943, -0.0044659763, -0.0043425164, -0.0042133634, -0.004078675, -0.0040093185, -0.0038661065, -0.003715692, -0.0036374088, -0.003474534, -0.0033033676, -0.0031217074, -0.0030256165, -0.0028218527, -0.0026110988, -0.0025122243, -0.002373114, -0.002416713
0, 0, 0, 0, 0, 0, 0, 0, 0, 0, 0, 0, 0, 0, 0, 0, 0, 0, 0, 0, 0, 0, 0, 0, 0, 0, 0, 0, 0, 0, 0, 0, 0, 0, 0, 0, 0, 0, 0, 0, 0, 0, 0, 0, 0, 0, 0, 0, 0, 0, 0, 0, 0, 0, -0.0030885548, -0.0028427916, -0.0027427424, -0.0029070508, -0.003027044, -0.00328729, -0.0035457197, -0.003788848, -0.0039034968, -0.0041190875, -0.0043180697, -0.0044114413, -0.004585765, -0.0047441847, -0.0048890547, -0.0049569453, -0.0050837467, -0.005198118, -0.00525087, -0.005348477, -0.0054357285, -0.005512189, -0.005546577, -0.0056095244, -0.0056663444, -0.0056927237, -0.005740618, -0.0057821656, -0.0058007683, -0.0058348603, -0.0058652507, -0.00589042, -0.0059002913, -0.005914992, -0.0059235743, -0.005925987, -0.005926953, -0.0059221066, -0.0059106685, -0.005902635, -0.005883503, -0.0058634044, -0.0058542406, -0.005838818, -0.005827272, -0.005822493, -0.0058148587, -0.0058114687, -0.005815845, -0.0058215964, -0.0058393083, -0.0058609378, -0.0058707832, -0.005882461, -0.005877028, -0.00585178, -0.0058327485, -0.0057866727, -0.0057365536, -0.005712023, -0.005665717, -0.0056229327, -0.0056025875, -0.005563642, -0.0055266554, -0.0054890923, -0.0054687043, -0.005422347, -0.0053663664, -0.0053346283, -0.005264329, -0.0051859925, -0.0051003736, -0.0050547896, -0.0049585253, -0.004856582, -0.004803477, -0.0046922374, -0.0045751776, -0.004514783, -0.0043899673, -0.0042589377, -0.004122221, -0.004051947, -0.0039072176, -0.0037555818, -0.00367646, -0.0035109583, -0.0033364976, -0.00315226, -0.0030551977, -0.0028493102, -0.0026351993, -0.0025343914, -0.002392343, -0.0024354996
0, 0, 0, 0, 0, 0, 0, 0, 0, 0, 0, 0, 0, 0, 0, 0, 0, 0, 0, 0, 0, 0, 0, 0, 0, 0, 0, 0, 0, 0, 0, 0, 0, 0, 0, 0, 0, 0, 0, 0, 0, 0, 0, 0, 0, 0, 0, 0, 0, 0, 0, 0, 0, 0, -0.0029841787, -0.0028515572, -0.0027011617, -0.0028097343, -0.0029226, -0.003192313, -0.003469682, -0.0037287574, -0.0038491404, -0.0040730443, -0.0042766337, -0.004371528, -0.004547926, -0.0047073658, -0.004852696, -0.004920566, -0.005046778, -0.0051605436, -0.005213023, -0.0053105364, -0.0053984937, -0.0054768096, -0.0055126604, -0.0055795745, -0.0056417896, -0.005671258, -0.0057260413, -0.0057747993, -0.005797064, -0.005838712, -0.0058765044, -0.0059093526, -0.0059232665, -0.0059457766, -0.0059618214, -0.005967561, -0.0059739663, -0.0059718834, -0.005960424, -0.0059514274, -0.0059287287, -0.005903889, -0.005892167, -0.0058719683, -0.005857355, -0.005851662, -0.0058438103, -0.0058413865, -0.00584702, -0.0058535407, -0.0058734096, -0.0058983155, -0.0059101507, -0.005925972, -0.0059239725, -0.005900681, -0.0058820765, -0.00583596, -0.005785359, -0.0057605035, -0.0057138554, -0.0056709363, -0.00565034, -0.005610603, -0.0055726757, -0.0055351276, -0.005515133, -0.005469834, -0.0054154345, -0.0053846524, -0.005316157, -0.005238549, -0.0051524206, -0.0051063607, -0.0050093634, -0.004906644, -0.004852945, -0.004740938, -0.0046236305, -0.0045630583, -0.0044373386, -0.004304749, -0.004165819, -0.0040943297, -0.0039475965, -0.0037945572, -0.0037147806, -0.0035476366, -0.0033703975, -0.0031827923, -0.0030842233, -0.0028759206, -0.0026594703, -0.0025572134, -0.0024121075, -0.0024538387
0, 0, 0, 0, 0, 0, 0, 0, 0, 0, 0, 0, 0, 0, 0, 0, 0, 0, 0, 0, 0, 0, 0, 0, 0, 0, 0, 0, 0, 0, 0, 0, 0, 0, 0, 0, 0, 0, 0, 0, 0, 0, 0, 0, 0, 0, 0, 0, 0, 0, 0, 0, 0, 0, -0.0038716937, -0.0033887594, -0.002807935, -0.0027760342, -0.0028708985, -0.003141577, -0.0034295265, -0.0036942791, -0.003815826, -0.00403879, -0.004240637, -0.0043346193, -0.0045092856, -0.0046678744, -0.004812683, -0.0048802556, -0.005006196, -0.005119948, -0.005172742, -0.0052711866, -0.0053606294, -0.0054412605, -0.005478711, -0.0055491813, -0.0056160134, -0.005648034, -0.0057079336, -0.0057616252, -0.0057860976, -0.005831929, -0.0058736517, -0.005910773, -0.00592698, -0.0059541897, -0.0059750746, -0.0059831482, -0.0059932815, -0.005993774, -0.0059833815, -0.0059747216, -0.0059529482, -0.005929475, -0.0059187156, -0.0059013395, -0.0058898362, -0.005885955, -0.005880928, -0.005880362, -0.0058869105, -0.0058938726, -0.005914456, -0.0059402366, -0.005952512, -0.005969307, -0.0059677456, -0.005944121, -0.005925195, -0.0058787027, -0.00582881, -0.0058047697, -0.005760233, -0.005719284, -0.005699422, -0.0056604645, -0.0056227143, -0.0055847233, -0.005564418, -0.0055184993, -0.0054643615, -0.005434209, -0.0053671636, -0.005290461, -0.0052044867, -0.005158456, -0.005061171, -0.004957159, -0.004902587, -0.004789026, -0.00467087, -0.004609974, -0.0044836025, -0.0043504923, -0.0042101555, -0.0041374606, -0.0039877803, -0.0038325319, -0.0037521154, -0.0035839435, -0.0034048134, -0.0032138228, -0.0031133522, -0.0029020607, -0.0026835217, -0.00258006, -0.00243206, -0.002472256
0, 0, 0, 0, 0, 0, 0, 0, 0, 0, 0, 0, 0, 0, 0, 0, 0, 0, 0, 0, 0, 0, 0, 0, 0, 0, 0, 0, 0, 0, 0, 0, 0, 0, 0, 0, 0, 0, 0, 0, 0, 0, 0, 0, 0, 0, 0, 0, 0, 0, 0, 0, 0, 0, 0, -0.0034415987, -0.0028718216, -0.0028093066, -0.0028974575, -0.0031593272, -0.0034376476, -0.0036914928, -0.0038074036, -0.0040211026, -0.00421583, -0.0043071373, -0.004478458, -0.0046353596, -0.0047796653, -0.004847499, -0.004974467, -0.005089973, -0.0051440652, -0.005245551, -0.0053383866, -0.005422606, -0.0054617785, -0.0055360044, -0.0056064446, -0.005640123, -0.0057029855, -0.005758234, -0.00578324, -0.0058291173, -0.0058704736, -0.0059071113, -0.0059230803, -0.005950551, -0.0059719235, -0.005980181, -0.0059907874, -0.005991662, -0.0059824577, -0.005974897, -0.0059568817, -0.0059392108, -0.0059320256, -0.00592209, -0.0059177782, -0.005917016, -0.005917133, -0.0059204143, -0.0059297853, -0.0059378655, -0.0059602833, -0.0059870635, -0.0059994194, -0.0060153482, -0.006011816, -0.005985488, -0.005965244, -0.0059172623, -0.005867825, -0.005844543, -0.005802075, -0.0057638474, -0.0057456107, -0.005710307, -0.0056751384, -0.0056378394, -0.0056172227, -0.0055700927, -0.0055151614, -0.0054847747, -0.0054173335, -0.0053407736, -0.0052554156, -0.005209746, -0.005112853, -0.0050079767, -0.0049526794, -0.0048377826, -0.004717927, -0.004656033, -0.00452833, -0.004395215, -0.0042544673, -0.004180881, -0.0040286253, -0.003870671, -0.0037892123, -0.0036193312, -0.0034387175, -0.0032453574, -0.0031432668, -0.0029286807, -0.0027072448, -0.002602395, -0.002451704, -0.0024911915
0, 0, 0, 0, 0, 0, 0, 0, 0, 0, 0, 0, 0, 0, 0, 0, 0, 0, 0, 0, 0, 0, 0, 0, 0, 0, 0, 0, 0, 0, 0, 0, 0, 0, 0, 0, 0, 0, 0, 0, 0, 0, 0, 0, 0, 0, 0, 0, 0, 0, 0, 0, 0, 0, 0, 0, -0.0046655126, -0.0036893901, -0.0034599516, -0.0033713882, -0.0035054188, -0.0036979143, -0.0037970801, -0.0039902483, -0.004174287, -0.004262771, -0.004431899, -0.004590384, -0.0047394587, -0.004810737, -0.0049462826, -0.0050725, -0.0051320563, -0.0052453997, -0.0053496445, -0.0054435455, -0.005486729, -0.0055672913, -0.005641272, -0.0056755883, -0.0057377084, -0.0057900595, -0.005812871, -0.005853301, -0.005888466, -0.0059178947, -0.005930378, -0.005950485, -0.005965227, -0.005970907, -0.0059789275, -0.005981861, -0.0059797163, -0.005977014, -0.0059706713, -0.0059661353, -0.0059655732, -0.0059677823, -0.0059728622, -0.0059758155, -0.0059815403, -0.005988899, -0.0060017644, -0.0060114358, -0.006036653, -0.006064707, -0.0060769035, -0.0060911886, -0.006086282, -0.006060914, -0.0060420427, -0.005997236, -0.0059495633, -0.005926243, -0.005883099, -0.005846062, -0.00582979, -0.0058005434, -0.0057721436, -0.0057400707, -0.0057215295, -0.005677646, -0.0056234645, -0.005592163, -0.0055216104, -0.0054417364, -0.005354033, -0.005307715, -0.0052101873, -0.005106019, -0.0050514573, -0.0049368367, -0.004813949, -0.004749619, -0.00461766, -0.0044819773, -0.004339581, -0.0042653377, -0.0041112686, -0.0039495328, -0.0038652818, -0.0036897913, -0.0035049564, -0.0033077921, -0.0032035315, -0.0029834083, -0.002755194, -0.0026468025, -0.0024907407, -0.0025294416
0, 0, 0, 0, 0, 0, 0, 0, 0, 0, 0, 0, 0, 0, 0, 0, 0, 0, 0, 0, 0, 0, 0, 0, 0, 0, 0, 0, 0, 0, 0, 0, 0, 0, 0, 0, 0, 0, 0, 0, 0, 0, 0, 0, 0, 0, 0, 0, 0, 0, 0, 0, 0, 0, 0, 0, -0.006776009, -0.004055149, -0.0035756961, -0.0033249592, -0.0034347177, -0.0036326735, -0.0037364159, -0.0039380253, -0.0041282545, -0.004219331, -0.004394026, -0.0045587155, -0.004714377, -0.004788953, -0.0049316105, -0.005064846, -0.0051277117, -0.0052466486, -0.005355181, -0.005452432, -0.005497022, -0.005579332, -0.0056537786, -0.005687868, -0.0057488005, -0.00579948, -0.005821296, -0.0058602476, -0.0058935955, -0.0059216013, -0.0059333183, -0.005952405, -0.005967198, -0.005973546, -0.0059853545, -0.0059948983, -0.006000871, -0.006002532, -0.0060039572, -0.0060056583, -0.006007401, -0.006012754, -0.006019018, -0.0060217716, -0.006026081, -0.0060309297, -0.006040575, -0.0060481536, -0.006068312, -0.006090273, -0.00609946, -0.006109605, -0.006104694, -0.0060841814, -0.006068989, -0.006031709, -0.005989486, -0.0059680673, -0.0059274123, -0.005891633, -0.0058756988, -0.0058464142, -0.0058176424, -0.0057860757, -0.0057681445, -0.005726174, -0.005674048, -0.0056436635, -0.0055745267, -0.005494703, -0.005405097, -0.005357292, -0.005257237, -0.0051522865, -0.0050979736, -0.004984114, -0.004861645, -0.004797261, -0.004664203, -0.0045259986, -0.004381269, -0.0043064007, -0.0041517, -0.0039888574, -0.0039038218, -0.0037262794, -0.0035386519, -0.0033385756, -0.003233072, -0.0030106707, -0.002779717, -0.0026697207, -0.0025109004, -0.0025482976
0, 0, 0, 0, 0, 0, 0, 0, 0, 0, 0, 0, 0, 0, 0, 0, 0, 0, 0, 0, 0, 0, 0, 0, 0, 0, 0, 0, 0, 0, 0, 0, 0, 0, 0, 0, 0, 0, 0, 0, 0, 0, 0, 0, 0, 0, 0, 0, 0, 0, 0, 0, 0, 0, 0, 0, 0, -0.0033860186, -0.0032001317, -0.0031254457, -0.0032902502, -0.0035196808, -0.003635121, -0.0038545069, -0.004058387, -0.0041552666, -0.004340448, -0.0045148153, -0.0046795, -0.0047583506, -0.0049086516, -0.0050477046, -0.00511281, -0.0052348543, -0.005345738, -0.0054446487, -0.005489865, -0.0055726958, -0.005646814, -0.0056805136, -0.005740342, -0.0057899333, -0.0058115125, -0.005850051, -0.0058839456, -0.0059129694, -0.00592568, -0.005947189, -0.005966182, -0.005975421, -0.005994523, -0.006013969, -0.0060308953, -0.006037959, -0.006049318, -0.00605886, -0.0060636746, -0.0060732295, -0.0060814186, -0.006084271, -0.0060871327, -0.0060882163, -0.006091479, -0.006094662, -0.0061041447, -0.006114432, -0.006118462, -0.0061214985, -0.006115102, -0.006098252, -0.006086273, -0.0060563274, -0.0060213595, -0.006003421, -0.0059689106, -0.0059374445, -0.0059227822, -0.0058945, -0.0058654677, -0.0058329194, -0.005814343, -0.005771331, -0.0057193553, -0.0056898003, -0.0056233727, -0.005545885, -0.005456552, -0.0054081157, -0.0053060823, -0.005199144, -0.0051440024, -0.005029468, -0.0049075624, -0.0048437105, -0.0047108275, -0.0045710406, -0.004424263, -0.004348391, -0.004191785, -0.0040272973, -0.0039417567, -0.0037631383, -0.0035731164, -0.0033698278, -0.003262811, -0.003037847, -0.0028040996, -0.0026927514, -0.0025313734, -0.0025673732
0, 0, 0, 0, 0, 0, 0, 0, 0, 0, 0, 0, 0, 0, 0, 0, 0, 0, 0, 0, 0, 0, 0, 0, 0, 0, 0, 0, 0, 0, 0, 0, 0, 0, 0, 0, 0, 0, 0, 0, 0, 0, 0, 0, 0, 0, 0, 0, 0, 0, 0, 0, 0, 0, 0, 0, 0, -0.0034889206, -0.0031656853, -0.003007218, -0.0031598497, -0.0033976263, -0.003519844, -0.0037555478, -0.0039757844, -0.004080632, -0.004279815, -0.004466143, -0.0046411296, -0.004724352, -0.0048816726, -0.005024922, -0.0050916253, -0.0052153906, -0.0053270496, -0.005426354, -0.0054715113, -0.0055537405, -0.0056268643, -0.005660029, -0.0057195583, -0.005769629, -0.0057917368, -0.0058318316, -0.005867969, -0.00589985, -0.005914087, -0.005939718, -0.0059638037, -0.0059763314, -0.0060033114, -0.006031938, -0.006059323, -0.006071571, -0.006092967, -0.0061114253, -0.0061202105, -0.0061368616, -0.0061504995, -0.006155182, -0.006159461, -0.006157854, -0.006153746, -0.00615153, -0.006148034, -0.0061451136, -0.0061434777, -0.006138145, -0.006127779, -0.006110751, -0.0060998593, -0.006074132, -0.00604544, -0.0060309796, -0.006003197, -0.0059772995, -0.0059649474, -0.0059402864, -0.0059135393, -0.005880961, -0.0058616046, -0.0058164094, -0.0057627354, -0.005732895, -0.0056673037, -0.005592029, -0.005505166, -0.005457686, -0.0053559486, -0.005247591, -0.0051913, -0.005074829, -0.0049524857, -0.0048888493, -0.004756217, -0.0046160235, -0.004468283, -0.004391615, -0.004232439, -0.0040657343, -0.0039795274, -0.0037997991, -0.0036075441, -0.0034015754, -0.0032933047, -0.0030655132, -0.002828422, -0.0027154938, -0.0025516679, -0.0025869345
0, 0, 0, 0, 0, 0, 0, 0, 0, 0, 0, 0, 0, 0, 0, 0, 0, 0, 0, 0, 0, 0, 0, 0, 0, 0, 0, 0, 0, 0, 0, 0, 0, 0, 0, 0, 0, 0, 0, 0, 0, 0, 0, 0, 0, 0, 0, 0, 0, 0, 0, 0, 0, 0, 0, 0, 0, -0.0033770928, -0.0032114687, -0.0030002552, -0.00307348, -0.0032864579, -0.0034093868, -0.0036581166, -0.003896591, -0.004010284, -0.0042253057, -0.0044241548, -0.0046086963, -0.0046959273, -0.0048585595, -0.005005082, -0.0050724996, -0.0051972414, -0.005309241, -0.00540846, -0.0054533584, -0.0055350866, -0.0056081642, -0.005641601, -0.005702444, -0.005755181, -0.005778856, -0.005822384, -0.005861985, -0.0058975597, -0.0059135724, -0.005942798, -0.005970976, -0.00598569, -0.006017581, -0.006052005, -0.006085511, -0.0061011403, -0.006129662, -0.0061558294, -0.006168627, -0.0061932704, -0.0062142247, -0.0062218755, -0.006229819, -0.0062274337, -0.006217659, -0.0062112296, -0.006197622, -0.0061847037, -0.0061786263, -0.0061662546, -0.0061510005, -0.006131093, -0.006119452, -0.0060939346, -0.0060674087, -0.0060545187, -0.0060303663, -0.0060086693, -0.005998638, -0.005978997, -0.0059566894, -0.0059264875, -0.005907488, -0.00586193, -0.005806761, -0.0057760496, -0.0057090265, -0.005634024, -0.0055496725, -0.0055036433, -0.005404182, -0.0052962247, -0.0052396543, -0.0051217764, -0.0049979384, -0.0049337884, -0.0048005683, -0.004660233, -0.00451233, -0.004435129, -0.004273973, -0.0041050613, -0.004017836, -0.0038361768, -0.0036418494, -0.003433737, -0.0033242858, -0.0030934801, -0.0028529505, -0.0027384704, -0.0025721842, -0.0026065945
0, 0, 0, 0, 0, 0, 0, 0, 0, 0, 0, 0, 0, 0, 0, 0, 0, 0, 0, 0, 0, 0, 0, 0, 0, 0, 0, 0, 0, 0, 0, 0, 0, 0, 0, 0, 0, 0, 0, 0, 0, 0, 0, 0, 0, 0, 0, 0, 0, 0, 0, 0, 0, 0, 0, 0, 0, -0.0043405914, -0.0037854405, -0.003092914, -0.0030014552, -0.0031827947, -0.0033092517, -0.0035759495, -0.0038349149, -0.0039576436, -0.004187117, -0.0043963264, -0.004588069, -0.0046776813, -0.004843561, -0.0049915803, -0.0050594457, -0.005184868, -0.005297714, -0.0053979983, -0.0054432596, -0.0055262498, -0.0056012063, -0.0056360736, -0.005700703, -0.00575807, -0.0057841092, -0.0058323476, -0.005876215, -0.0059157764, -0.0059336303, -0.0059655816, -0.005995959, -0.00601149, -0.0060450276, -0.0060807313, -0.0061159604, -0.006132813, -0.006164681, -0.0061955154, -0.0062108734, -0.006241304, -0.006267499, -0.0062774057, -0.0062879534, -0.006285531, -0.006273274, -0.006264833, -0.006246807, -0.0062295664, -0.0062214974, -0.006205092, -0.006186036, -0.006162845, -0.0061498834, -0.0061222278, -0.0060941223, -0.0060806177, -0.0060558883, -0.006034972, -0.0060259504, -0.0060094316, -0.0059908936, -0.005964656, -0.005947464, -0.005904602, -0.00585053, -0.005819618, -0.005751251, -0.0056752404, -0.0055914386, -0.005546221, -0.0054490003, -0.0053432165, -0.0052873218, -0.0051695574, -0.0050444524, -0.004979619, -0.004845164, -0.00470404, -0.00455557, -0.00447808, -0.0043159053, -0.0041451985, -0.0040568872, -0.0038728483, -0.0036762254, -0.0034660625, -0.0033553697, -0.0031215383, -0.002877832, -0.0027618844, -0.0025931513, -0.0026261995
0, 0, 0, 0, 0, 0, 0, 0, 0, 0, 0, 0, 0, 0, 0, 0, 0, 0, 0, 0, 0, 0, 0, 0, 0, 0, 0, 0, 0, 0, 0, 0, 0, 0, 0, 0, 0, 0, 0, 0, 0, 0, 0, 0, 0, 0, 0, 0, 0, 0, 0, 0, 0, 0, 0, 0, 0, 0, -0.003767098, -0.0030271176, -0.0029064054, -0.0030968664, -0.0032339552, -0.003523325, -0.0038001302, -0.0039292234, -0.0041681943, -0.004383425, -0.0045782505, -0.0046688407, -0.0048357663, -0.004984525, -0.005052974, -0.005179849, -0.0052949497, -0.0053979824, -0.0054449462, -0.0055313557, -0.0056104725, -0.0056478493, -0.005717699, -0.005780365, -0.005809242, -0.005862351, -0.005911033, -0.005954357, -0.005973704, -0.0060078576, -0.0060388073, -0.00605442, -0.006087245, -0.006121958, -0.0061563672, -0.006172881, -0.0062050982, -0.0062370715, -0.006253255, -0.006284783, -0.0063115912, -0.006321533, -0.0063320766, -0.006329785, -0.0063177114, -0.0063095773, -0.0062923925, -0.0062758625, -0.0062677828, -0.0062504383, -0.0062294863, -0.0062039862, -0.006189737, -0.0061592027, -0.0061275596, -0.0061121974, -0.00608408, -0.0060611265, -0.006051618, -0.0060353647, -0.0060183476, -0.005994822, -0.005979476, -0.0059405835, -0.0058901724, -0.005860678, -0.0057936087, -0.0057175006, -0.0056331903, -0.005587996, -0.005491667, -0.0053879092, -0.0053329677, -0.005216345, -0.0050912895, -0.005026075, -0.004890607, -0.004748269, -0.004598618, -0.0045206263, -0.004357516, -0.0041854274, -0.0040962445, -0.0039100028, -0.0037112073, -0.0034986387, -0.0033865601, -0.0031494712, -0.0029028861, -0.0027857358, -0.0026145447, -0.0026458278
0, 0, 0, 0, 0, 0, 0, 0, 0, 0, 0, 0, 0, 0, 0, 0, 0, 0, 0, 0, 0, 0, 0, 0, 0, 0, 0, 0, 0, 0, 0, 0, 0, 0, 0, 0, 0, 0, 0, 0, 0, 0, 0, 0, 0, 0, 0, 0, 0, 0, 0, 0, 0, 0, 0, 0, 0, 0, 0, -0.003004564, -0.0029053711, -0.0030800232, -0.0032163123, -0.003510514, -0.0037914983, -0.0039218916, -0.0041617732, -0.004377185, -0.004571717, -0.0046619303, -0.004829219, -0.004979312, -0.0050490545, -0.0051790983, -0.005298197, -0.005405831, -0.0054553756, -0.00554727, -0.0056322585, -0.0056726406, -0.0057486263, -0.005816658, -0.0058479835, -0.0059060804, -0.0059590437, -0.006005913, -0.0060264296, -0.006062435, -0.0060940213, -0.0061095394, -0.006141824, -0.006175355, -0.006208092, -0.006223783, -0.0062540253, -0.0062837577, -0.0062985118, -0.0063267127, -0.006349901, -0.00635825, -0.0063667293, -0.006364596, -0.0063546505, -0.0063482434, -0.006334829, -0.0063217836, -0.006314964, -0.0062990757, -0.006277988, -0.00625088, -0.0062353816, -0.0062012454, -0.006165283, -0.006147714, -0.0061154813, -0.006089338, -0.0060786493, -0.006060594, -0.0060427403, -0.0060200635, -0.0060058343, -0.0059704203, -0.0059243604, -0.005896967, -0.0058333986, -0.0057592173, -0.0056754993, -0.0056302613, -0.005534243, -0.0054314984, -0.005377257, -0.0052616447, -0.005137197, -0.0050720563, -0.0049362453, -0.004792863, -0.004642093, -0.0045635616, -0.0043991236, -0.0042255013, -0.0041353595, -0.0039472673, -0.0037465768, -0.0035317147, -0.0034180728, -0.0031776202, -0.0029280365, -0.002809641, -0.002635958, -0.0026657989
0, 0, 0, 0, 0, 0, 0, 0, 0, 0, 0, 0, 0, 0, 0, 0, 0, 0, 0, 0, 0, 0, 0, 0, 0, 0, 0, 0, 0, 0, 0, 0, 0, 0, 0, 0, 0, 0, 0, 0, 0, 0, 0, 0, 0, 0, 0, 0, 0, 0, 0, 0, 0, 0, 0, 0, 0, 0, 0, -0.003519043, -0.003087023, -0.0031471725, -0.0032567051, -0.0035229186, -0.0037912938, -0.003917829, -0.004151993, -0.0043635545, -0.0045564296, -0.004646437, -0.0048147812, -0.0049680592, -0.0050399164, -0.0051752613, -0.0052998834, -0.005413236, -0.0054659587, -0.005564614, -0.0056566377, -0.005700443, -0.0057822554, -0.0058553983, -0.005888824, -0.0059510362, -0.0060075833, -0.0060572983, -0.006079099, -0.006117202, -0.0061508906, -0.006167403, -0.0062011513, -0.0062351422, -0.006266746, -0.0062813265, -0.0063083833, -0.006333741, -0.006345905, -0.006368578, -0.0063868845, -0.0063933604, -0.0063999584, -0.006398478, -0.0063914107, -0.0063868156, -0.006377226, -0.006367866, -0.0063626054, -0.0063489475, -0.0063282223, -0.006299516, -0.006282414, -0.006244357, -0.006204126, -0.0061845933, -0.006148865, -0.0061197085, -0.006107572, -0.006086529, -0.006066519, -0.0060434896, -0.0060298764, -0.005996944, -0.005954537, -0.005929257, -0.0058697904, -0.005798919, -0.005717205, -0.0056725214, -0.005577076, -0.005474674, -0.005420698, -0.0053060567, -0.0051825643, -0.005117598, -0.004981276, -0.0048369775, -0.0046854746, -0.004606552, -0.0044411416, -0.004265844, -0.004174651, -0.0039843563, -0.0037818432, -0.0035649894, -0.0034500505, -0.0032063301, -0.0029533375, -0.002833394, -0.0026572512, -0.0026861415
0, 0, 0, 0, 0, 0, 0, 0, 0, 0, 0, 0, 0, 0, 0, 0, 0, 0, 0, 0, 0, 0, 0, 0, 0, 0, 0, 0, 0, 0, 0, 0, 0, 0, 0, 0, 0, 0, 0, 0, 0, 0, 0, 0, 0, 0, 0, 0, 0, 0, 0, 0, 0, 0, 0, 0, 0, 0, 0, -0.0036457176, -0.003312464, -0.0032423616, -0.0033056096, -0.0035213253, -0.0037701754, -0.0038916364, -0.004120079, -0.0043289545, -0.004521515, -0.0046125525, -0.004784327, -0.0049426616, -0.0050174487, -0.0051591964, -0.0052905055, -0.005411103, -0.005467555, -0.0055743735, -0.0056742644, -0.0057215528, -0.0058091306, -0.0058866446, -0.005922024, -0.005987288, -0.0060464414, -0.0060986606, -0.0061217938, -0.006162587, -0.006199769, -0.0062179514, -0.0062545086, -0.006289486, -0.0063203103, -0.0063337893, -0.006357668, -0.006379082, -0.0063892645, -0.0064085876, -0.006424715, -0.0064307963, -0.0064381193, -0.006438854, -0.0064348336, -0.006431859, -0.0064251856, -0.006417921, -0.0064134505, -0.0064001796, -0.0063780923, -0.006345988, -0.006326756, -0.0062842853, -0.0062407693, -0.006220008, -0.006182584, -0.0061513856, -0.0061379573, -0.0061136894, -0.0060909605, -0.0060672048, -0.006053932, -0.0060228156, -0.005983107, -0.0059593893, -0.005903414, -0.00583629, -0.0057577426, -0.005714181, -0.005619847, -0.005517427, -0.0054634786, -0.005349606, -0.0052272137, -0.005162557, -0.0050260657, -0.004880862, -0.0047283177, -0.0046490217, -0.004482977, -0.004306431, -0.0042142617, -0.0040217293, -0.0038170922, -0.0035981378, -0.0034819248, -0.003235292, -0.002978976, -0.002857447, -0.0026786195, -0.0027065428
0, 0, 0, 0, 0, 0, 0, 0, 0, 0, 0, 0, 0, 0, 0, 0, 0, 0, 0, 0, 0, 0, 0, 0, 0, 0, 0, 0, 0, 0, 0, 0, 0, 0, 0, 0, 0, 0, 0, 0, 0, 0, 0, 0, 0, 0, 0, 0, 0, 0, 0, 0, 0, 0, 0, 0, 0, 0, 0, -0.004779946, -0.0037021106, -0.0033088909, -0.0033055535, -0.0034683305, -0.0037049956, -0.003825336, -0.0040541724, -0.0042651487, -0.0044616694, -0.0045551397, -0.0047329105, -0.0048983223, -0.004976695, -0.005126087, -0.0052657533, -0.005395339, -0.0054564294, -0.005572228, -0.0056803464, -0.0057309913, -0.005824055, -0.0059055756, -0.0059425067, -0.0060104714, -0.006072164, -0.006127019, -0.0061516487, -0.006195627, -0.0062359953, -0.006255477, -0.0062936232, -0.006328463, -0.0063578887, -0.006370309, -0.006392368, -0.0064126854, -0.0064227595, -0.0064428076, -0.0064612953, -0.006469057, -0.0064804074, -0.006485717, -0.006485881, -0.0064847837, -0.0064811674, -0.006475145, -0.0064704614, -0.006455142, -0.006428474, -0.00639035, -0.0063678795, -0.006319882, -0.0062731644, -0.006251679, -0.0062136687, -0.006181837, -0.006167707, -0.0061417907, -0.006117536, -0.006093418, -0.0060803494, -0.006050104, -0.0060117533, -0.005988892, -0.005935493, -0.0058719325, -0.0057968805, -0.0057547255, -0.0056619216, -0.005559982, -0.0055060233, -0.0053924597, -0.0052706846, -0.0052063065, -0.00507031, -0.0049247392, -0.0047709825, -0.0046911016, -0.0045242766, -0.0043469043, -0.0042539323, -0.004059252, -0.0038524733, -0.003631323, -0.0035138263, -0.0032642817, -0.003004901, -0.0028817242, -0.002699923, -0.0027270569
0, 0, 0, 0, 0, 0, 0, 0, 0, 0, 0, 0, 0, 0, 0, 0, 0, 0, 0, 0, 0, 0, 0, 0, 0, 0, 0, 0, 0, 0, 0, 0, 0, 0, 0, 0, 0, 0, 0, 0, 0, 0, 0, 0, 0, 0, 0, 0, 0, 0, 0, 0, 0, 0, 0, 0, 0, 0, 0, 0, -0.0037093272, -0.00324317, -0.003219451, -0.0033621243, -0.003595214, -0.00371694, -0.0039522657, -0.004171666, -0.004376943, -0.004474878, -0.0046617026, -0.004836341, -0.004919326, -0.0050780335, -0.0052276426, -0.005367465, -0.005433628, -0.0055586193, -0.005674468, -0.0057283854, -0.005826641, -0.0059121503, -0.0059509687, -0.0060223346, -0.0060869833, -0.0061444878, -0.0061703813, -0.0062165656, -0.00625764, -0.0062770774, -0.0063139447, -0.00634692, -0.0063749044, -0.006387167, -0.006410014, -0.0064327205, -0.0064446824, -0.006469635, -0.0064941556, -0.006505222, -0.006523218, -0.0065348307, -0.0065404507, -0.0065416326, -0.0065410365, -0.0065359226, -0.0065306374, -0.0065119215, -0.0064795697, -0.006434539, -0.0064087287, -0.0063549094, -0.00630393, -0.0062809517, -0.00624105, -0.0062084007, -0.0061942586, -0.0061689243, -0.006145858, -0.0061228587, -0.0061102808, -0.0060804216, -0.0060424204, -0.006019912, -0.0059678266, -0.005906558, -0.005834197, -0.0057934523, -0.005703082, -0.005602155, -0.0055483025, -0.005434674, -0.0053129536, -0.0052489154, -0.0051137586, -0.0049682236, -0.0048133307, -0.0047328253, -0.0045653465, -0.004387071, -0.004293392, -0.004096788, -0.0038879158, -0.0036644256, -0.0035457, -0.0032934262, -0.0030309143, -0.002905962, -0.0027212636, -0.0027476128
0, 0, 0, 0, 0, 0, 0, 0, 0, 0, 0, 0, 0, 0, 0, 0, 0, 0, 0, 0, 0, 0, 0, 0, 0, 0, 0, 0, 0, 0, 0, 0, 0, 0, 0, 0, 0, 0, 0, 0, 0, 0, 0, 0, 0, 0, 0, 0, 0, 0, 0, 0, 0, 0, 0, 0, 0, 0, 0, 0, -0.0035519302, -0.0032452438, -0.003179077, -0.003249339, -0.0034576145, -0.0035783798, -0.0038220456, -0.0040550665, -0.0042742435, -0.0043788175, -0.0045784037, -0.004764812, -0.004853605, -0.005023805, -0.0051845857, -0.005335108, -0.005406047, -0.005539501, -0.0056618345, -0.0057186307, -0.0058219135, -0.005911839, -0.0059526036, -0.0060274354, -0.0060946844, -0.006153796, -0.006180052, -0.0062258, -0.006265081, -0.0062831254, -0.006317077, -0.006348115, -0.0063760583, -0.0063891006, -0.0064150044, -0.00644262, -0.006457568, -0.0064895074, -0.0065218196, -0.006536903, -0.0065628304, -0.0065813228, -0.0065925824, -0.0065958975, -0.006598009, -0.006593231, -0.0065872343, -0.006565446, -0.006528852, -0.00647912, -0.006450918, -0.0063923076, -0.0063363225, -0.006310952, -0.006267143, -0.0062325266, -0.006218342, -0.0061946884, -0.006174572, -0.0061540883, -0.0061423844, -0.0061136032, -0.0060761757, -0.0060538673, -0.0060021845, -0.0059412736, -0.005870237, -0.005830603, -0.005742754, -0.005643468, -0.005589986, -0.0054763574, -0.0053546345, -0.005290832, -0.0051561277, -0.0050107273, -0.0048553706, -0.00477449, -0.0046061384, -0.0044267275, -0.0043323888, -0.0041343463, -0.003923487, -0.0036973797, -0.0035773667, -0.0033225368, -0.0030570216, -0.0029303138, -0.002742558, -0.0027681768
0, 0, 0, 0, 0, 0, 0, 0, 0, 0, 0, 0, 0, 0, 0, 0, 0, 0, 0, 0, 0, 0, 0, 0, 0, 0, 0, 0, 0, 0, 0, 0, 0, 0, 0, 0, 0, 0, 0, 0, 0, 0, 0, 0, 0, 0, 0, 0, 0, 0, 0, 0, 0, 0, 0, 0, 0, 0, 0, 0, -0.0045489273, -0.0035003233, -0.0032338423, -0.0031273307, -0.003297603, -0.0034191327, -0.0036773693, -0.003929648, -0.0041670175, -0.004279995, -0.004494719, -0.0046953093, -0.004790932, -0.0049738996, -0.005146282, -0.005306105, -0.005381191, -0.0055212127, -0.005648904, -0.0057078507, -0.005815634, -0.005909529, -0.0059517454, -0.006029064, -0.006097142, -0.006155704, -0.0061811707, -0.0062246732, -0.0062610907, -0.0062777097, -0.006309838, -0.00634073, -0.006370694, -0.006385509, -0.006415995, -0.006449322, -0.0064674863, -0.006506389, -0.0065461034, -0.006564852, -0.0065974314, -0.006621335, -0.0066363374, -0.0066407686, -0.0066440976, -0.0066391877, -0.0066327266, -0.0066101355, -0.0065728934, -0.0065225773, -0.0064937747, -0.0064324806, -0.006371952, -0.0063439226, -0.0062950994, -0.0062576164, -0.006243169, -0.0062207524, -0.0062034302, -0.0061859125, -0.0061754286, -0.006148755, -0.006112582, -0.006090573, -0.0060386467, -0.005976942, -0.0059060184, -0.0058671082, -0.0057810727, -0.005683303, -0.0056303097, -0.0055172117, -0.005395809, -0.0053321356, -0.0051977006, -0.0050524315, -0.0048968075, -0.004815726, -0.0046465984, -0.004466073, -0.004371137, -0.0041717975, -0.003958862, -0.003730138, -0.0036089192, -0.0033516581, -0.0030830582, -0.0029545238, -0.0027636634, -0.0027888136
0, 0, 0, 0, 0, 0, 0, 0, 0, 0, 0, 0, 0, 0, 0, 0, 0, 0, 0, 0, 0, 0, 0, 0, 0, 0, 0, 0, 0, 0, 0, 0, 0, 0, 0, 0, 0, 0, 0, 0, 0, 0, 0, 0, 0, 0, 0, 0, 0, 0, 0, 0, 0, 0, 0, 0, 0, 0, 0, 0, 0, -0.003415281, -0.0031035303, -0.0029578262, -0.003131066, -0.0032612118, -0.00354113, -0.003814423, -0.004070621, -0.004192243, -0.004422807, -0.0046377108, -0.0047399723, -0.004935138, -0.0051173256, -0.0052846977, -0.0053628106, -0.0055075884, -0.005638833, -0.005699336, -0.0058098524, -0.0059055467, -0.0059483317, -0.006025379, -0.006092315, -0.00614892, -0.006173177, -0.006214668, -0.006249803, -0.0062663597, -0.0062994245, -0.0063332603, -0.0063674627, -0.0063847876, -0.006420604, -0.006459606, -0.0064807343, -0.006525534, -0.006570802, -0.00659197, -0.006628195, -0.0066538374, -0.006668822, -0.0066729244, -0.006675543, -0.006670342, -0.0066641434, -0.006642931, -0.0066084624, -0.0065608956, -0.006532933, -0.0064719245, -0.0064094304, -0.0063798954, -0.006327804, -0.0062877443, -0.0062725185, -0.006249809, -0.006233646, -0.006218135, -0.0062087565, -0.0061843893, -0.0061499528, -0.0061284336, -0.0060765552, -0.0060140397, -0.0059426306, -0.005903681, -0.005818242, -0.005721664, -0.005669266, -0.005557119, -0.005436374, -0.005372886, -0.0052387207, -0.0050934204, -0.0049376735, -0.0048564803, -0.0046866178, -0.0045049987, -0.004409518, -0.004209033, -0.0039940462, -0.003762694, -0.0036402042, -0.0033806127, -0.0031089026, -0.0029786443, -0.0027848538, -0.0028091967
0, 0, 0, 0, 0, 0, 0, 0, 0, 0, 0, 0, 0, 0, 0, 0, 0, 0, 0, 0, 0, 0, 0, 0, 0, 0, 0, 0, 0, 0, 0, 0, 0, 0, 0, 0, 0, 0, 0, 0, 0, 0, 0, 0, 0, 0, 0, 0, 0, 0, 0, 0, 0, 0, 0, 0, 0, 0, 0, 0, 0, -0.0031132312, -0.0029742362, -0.0028561861, -0.003015814, -0.0031475734, -0.0034391244, -0.0037276123, -0.0039987927, -0.004127293, -0.0043708174, -0.0045974716, -0.004704892, -0.0049090898, -0.0050983336, -0.005270649, -0.0053503416, -0.005497472, -0.005630011, -0.005690897, -0.0058013476, -0.0058963215, -0.0059385365, -0.006014002, -0.00607938, -0.0061347755, -0.006158638, -0.006200117, -0.006236535, -0.0062543205, -0.006290959, -0.006329689, -0.006369462, -0.006389497, -0.0064311367, -0.0064757415, -0.006499603, -0.006549294, -0.006598024, -0.0066200015, -0.0066559133, -0.0066791456, -0.0066908686, -0.0066934684, -0.0066941646, -0.006689263, -0.0066840677, -0.006665932, -0.0066352054, -0.00659119, -0.0065648006, -0.0065063066, -0.0064454502, -0.0064162873, -0.0063640513, -0.006323262, -0.0063076187, -0.0062843813, -0.0062680594, -0.0062526446, -0.0062435735, -0.00621995, -0.0061863563, -0.006165245, -0.006114161, -0.0060518673, -0.0059800292, -0.00594076, -0.005855147, -0.0057591493, -0.0057071764, -0.005595912, -0.0054757874, -0.0054126405, -0.0052791536, -0.005134249, -0.004978337, -0.0048967744, -0.004725859, -0.0045434465, -0.00444764, -0.004246056, -0.0040289774, -0.0037949972, -0.0036712366, -0.0034092672, -0.0031344832, -0.003002559, -0.002805965, -0.002829395
0, 0, 0, 0, 0, 0, 0, 0, 0, 0, 0, 0, 0, 0, 0, 0, 0, 0, 0, 0, 0, 0, 0, 0, 0, 0, 0, 0, 0, 0, 0, 0, 0, 0, 0, 0, 0, 0, 0, 0, 0, 0, 0, 0, 0, 0, 0, 0, 0, 0, 0, 0, 0, 0, 0, 0, 0, 0, 0, 0, 0, -0.003838688, -0.0033539361, -0.0029110115, -0.0029785887, -0.0030954732, -0.003381645, -0.0036764136, -0.0039567584, -0.0040900577, -0.004342219, -0.0045757424, -0.0046861316, -0.0048945555, -0.005086125, -0.005259516, -0.0053391964, -0.00548574, -0.0056169475, -0.005676895, -0.0057853214, -0.0058786036, -0.0059202486, -0.005995196, -0.0060607693, -0.006117342, -0.0061423336, -0.0061863987, -0.0062263412, -0.0062463004, -0.006287858, -0.0063319886, -0.0063773817, -0.006400226, -0.0064468635, -0.0064961575, -0.0065220185, -0.006574603, -0.006623965, -0.006645406, -0.006678695, -0.0066980575, -0.0067059156, -0.0067070816, -0.006706557, -0.0067025847, -0.0066984347, -0.006683105, -0.006655278, -0.0066142655, -0.0065895356, -0.006534803, -0.0064779003, -0.0064504626, -0.006400944, -0.006361802, -0.006346546, -0.0063236593, -0.00630697, -0.0062906174, -0.00628094, -0.006256217, -0.0062220935, -0.0062010367, -0.0061504166, -0.0060886787, -0.006016753, -0.005977445, -0.0058918907, -0.0057967165, -0.0057452368, -0.0056343055, -0.0055142213, -0.0054512136, -0.005318527, -0.005174622, -0.0050188927, -0.004936932, -0.004764832, -0.004581472, -0.004485207, -0.0042824037, -0.004063511, -0.0038272392, -0.0037022636, -0.0034375011, -0.0031595747, -0.0030260826, -0.002826882, -0.0028494305
0, 0, 0, 0, 0, 0, 0, 0, 0, 0, 0, 0, 0, 0, 0, 0, 0, 0, 0, 0, 0, 0, 0, 0, 0, 0, 0, 0, 0, 0, 0, 0, 0, 0, 0, 0, 0, 0, 0, 0, 0, 0, 0, 0, 0, 0, 0, 0, 0, 0, 0, 0, 0, 0, 0, 0, 0, 0, 0, 0, 0, 0, -0.003254724, -0.0029762234, -0.002988895, -0.0030877613, -0.0033604207, -0.0036568798, -0.003942154, -0.0040778792, -0.0043337774, -0.0045687757, -0.004679042, -0.0048857466, -0.0050746603, -0.0052449126, -0.0053229243, -0.0054660635, -0.0055944147, -0.0056531276, -0.0057600113, -0.0058528236, -0.0058946325, -0.005971206, -0.0060395557, -0.006099965, -0.0061272043, -0.0061761313, -0.00622142, -0.006244101, -0.006291383, -0.0063407267, -0.0063905544, -0.00641538, -0.0064653954, -0.0065170135, -0.00654361, -0.006596493, -0.0066442653, -0.006664495, -0.0066949176, -0.0067117075, -0.006718082, -0.0067190365, -0.006718795, -0.006716046, -0.0067127044, -0.006698849, -0.006672503, -0.0066334065, -0.0066101127, -0.006558943, -0.006506681, -0.006481673, -0.0064367005, -0.0064011235, -0.006387095, -0.006365436, -0.0063483836, -0.0063303616, -0.006319694, -0.0062930766, -0.006257805, -0.0062364945, -0.0061859894, -0.006124198, -0.0060520107, -0.0060126274, -0.0059276014, -0.005833793, -0.0057829833, -0.0056728623, -0.005552746, -0.0054896576, -0.0053572683, -0.0052139754, -0.0050586727, -0.0049766283, -0.0048037623, -0.004619358, -0.004522507, -0.0043180985, -0.004097289, -0.0038590468, -0.0037329225, -0.0034654425, -0.0031843823, -0.0030492323, -0.0028473237, -0.0028691795
0, 0, 0, 0, 0, 0, 0, 0, 0, 0, 0, 0, 0, 0, 0, 0, 0, 0, 0, 0, 0, 0, 0, 0, 0, 0, 0, 0, 0, 0, 0, 0, 0, 0, 0, 0, 0, 0, 0, 0, 0, 0, 0, 0, 0, 0, 0, 0, 0, 0, 0, 0, 0, 0, 0, 0, 0, 0, 0, 0, 0, 0, -0.0040640044, -0.003208946, -0.003044235, -0.0031107764, -0.0033622012, -0.0036580844, -0.0039460394, -0.0040822816, -0.0043371655, -0.0045683323, -0.0046757427, -0.0048760553, -0.005058329, -0.0052220956, -0.005297436, -0.00543596, -0.0055615846, -0.005619772, -0.0057266443, -0.0058211647, -0.0058645606, -0.0059446655, -0.0060175695, -0.0060832007, -0.0061130403, -0.0061682356, -0.006219667, -0.006245303, -0.0062976056, -0.006351028, -0.0064036893, -0.006429591, -0.0064812223, -0.0065335305, -0.006559864, -0.006611474, -0.006657307, -0.006676525, -0.0067058895, -0.00672325, -0.0067316135, -0.006733764, -0.0067356606, -0.00673411, -0.006730998, -0.0067170267, -0.006690502, -0.0066519086, -0.0066293157, -0.006580874, -0.0065331245, -0.0065109055, -0.0064715855, -0.0064404784, -0.006428005, -0.0064075054, -0.006389408, -0.0063692844, -0.0063574985, -0.0063290787, -0.0062929275, -0.006271537, -0.0062209535, -0.0061588623, -0.0060863304, -0.006046903, -0.00596241, -0.0058697513, -0.005819733, -0.0057109213, -0.0055914978, -0.0055285413, -0.0053959573, -0.0052528395, -0.005097745, -0.0050155637, -0.004842112, -0.004656816, -0.00455948, -0.0043534734, -0.004130597, -0.00389019, -0.003762886, -0.0034927875, -0.0032088214, -0.0030721915, -0.0028675501, -0.0028884185
0, 0, 0, 0, 0, 0, 0, 0, 0, 0, 0, 0, 0, 0, 0, 0, 0, 0, 0, 0, 0, 0, 0, 0, 0, 0, 0, 0, 0, 0, 0, 0, 0, 0, 0, 0, 0, 0, 0, 0, 0, 0, 0, 0, 0, 0, 0, 0, 0, 0, 0, 0, 0, 0, 0, 0, 0, 0, 0, 0, 0, 0, 0, -0.0032661082, -0.0030996497, -0.003144207, -0.003374638, -0.0036680724, -0.003955888, -0.004090858, -0.004340578, -0.0045640487, -0.0046671275, -0.004858669, -0.0050326707, -0.005190045, -0.0052628955, -0.005398537, -0.005523206, -0.00558176, -0.0056911474, -0.005789363, -0.0058346735, -0.0059193033, -0.0059973802, -0.0060682762, -0.0061008884, -0.0061611817, -0.006217384, -0.00624509, -0.0063002976, -0.0063553695, -0.006408923, -0.0064350693, -0.0064868038, -0.006538784, -0.0065648723, -0.006616105, -0.0066622156, -0.0066820914, -0.0067143235, -0.006736396, -0.0067501827, -0.006754775, -0.006760187, -0.006759656, -0.006756249, -0.0067408592, -0.0067127477, -0.0066730515, -0.006650364, -0.00660317, -0.0065587545, -0.006538827, -0.0065050246, -0.0064788535, -0.0064679747, -0.00644851, -0.0064288005, -0.006406, -0.006392988, -0.0063627725, -0.0063261366, -0.0063048247, -0.006254447, -0.0061926385, -0.0061204256, -0.006081129, -0.0059968536, -0.0059048953, -0.005855418, -0.0057481267, -0.005629962, -0.005567287, -0.0054347524, -0.0052916836, -0.0051364102, -0.00505396, -0.0048797224, -0.0046935687, -0.004595775, -0.0043884204, -0.0041633947, -0.003920612, -0.0037922533, -0.0035197064, -0.0032326991, -0.0030944815, -0.002887237, -0.0029073835
0, 0, 0, 0, 0, 0, 0, 0, 0, 0, 0, 0, 0, 0, 0, 0, 0, 0, 0, 0, 0, 0, 0, 0, 0, 0, 0, 0, 0, 0, 0, 0, 0, 0, 0, 0, 0, 0, 0, 0, 0, 0, 0, 0, 0, 0, 0, 0, 0, 0, 0, 0, 0, 0, 0, 0, 0, 0, 0, 0, 0, 0, 0, -0.003730349, -0.0032242753, -0.0032081672, -0.0033918107, -0.0036734547, -0.0039552962, -0.004086921, -0.0043284353, -0.0045433813, -0.0046425792, -0.0048274384, -0.004996675, -0.005151343, -0.0052235727, -0.005359819, -0.005486994, -0.0055471896, -0.005660574, -0.005763276, -0.0058109295, -0.005899864, -0.0059821624, -0.006057101, -0.006091608, -0.006154611, -0.006212513, -0.006240563, -0.0062958, -0.006350289, -0.0064028455, -0.0064285, -0.0064792274, -0.006530695, -0.006556995, -0.0066097737, -0.006659405, -0.0066818185, -0.0067203976, -0.0067504104, -0.006772381, -0.0067805974, -0.006791335, -0.0067929844, -0.0067895753, -0.006772909, -0.006742611, -0.0067007127, -0.006677063, -0.0066291993, -0.006585827, -0.0065672123, -0.006536782, -0.0065139593, -0.0065043317, -0.0064859907, -0.006465252, -0.006440316, -0.006426227, -0.006394448, -0.006357062, -0.006335624, -0.0062855473, -0.0062246965, -0.0061538047, -0.0061149797, -0.0060314657, -0.005940205, -0.005891173, -0.0057848417, -0.005667472, -0.005605105, -0.0054731905, -0.0053305523, -0.0051749563, -0.005092024, -0.0049166037, -0.0047295825, -0.0046312944, -0.0044225915, -0.004195553, -0.003950612, -0.0038210477, -0.0035458223, -0.0032558823, -0.0031162668, -0.0029066924, -0.0029258
0, 0, 0, 0, 0, 0, 0, 0, 0, 0, 0, 0, 0, 0, 0, 0, 0, 0, 0, 0, 0, 0, 0, 0, 0, 0, 0, 0, 0, 0, 0, 0, 0, 0, 0, 0, 0, 0, 0, 0, 0, 0, 0, 0, 0, 0, 0, 0, 0, 0, 0, 0, 0, 0, 0, 0, 0, 0, 0, 0, 0, 0, 0, -0.0036131807, -0.0033073674, -0.0032665904, -0.003401452, -0.0036582472, -0.003926417, -0.004052874, -0.004286577, -0.0044966377, -0.004594542, -0.004779218, -0.0049506584, -0.005109028, -0.005183756, -0.0053251367, -0.0054576853, -0.0055206358, -0.0056390855, -0.0057464843, -0.005796265, -0.0058891173, -0.0059744655, -0.006051157, -0.006085997, -0.0061486266, -0.006204853, -0.0062319203, -0.006285161, -0.006337773, -0.0063888603, -0.006413809, -0.006463456, -0.006514957, -0.00654194, -0.0065976013, -0.006652682, -0.006678518, -0.006725061, -0.0067636957, -0.0067942827, -0.006806413, -0.006823403, -0.006828896, -0.0068266178, -0.006811052, -0.0067806942, -0.006737825, -0.0067134234, -0.0066635213, -0.0066180173, -0.006598574, -0.006567329, -0.006544733, -0.0065354398, -0.006517566, -0.006496895, -0.006471354, -0.006456731, -0.0064239055, -0.0063861315, -0.006364703, -0.006315031, -0.0062551666, -0.006185504, -0.006147387, -0.0060654255, -0.0059758276, -0.0059273904, -0.005821587, -0.005704612, -0.005642458, -0.005510942, -0.005368602, -0.005212812, -0.0051295413, -0.0049531935, -0.004765003, -0.0046659424, -0.0044556116, -0.0042270287, -0.0039799735, -0.0038491024, -0.003571009, -0.0032785223, -0.0031377252, -0.0029257971, -0.0029435735
0, 0, 0, 0, 0, 0, 0, 0, 0, 0, 0, 0, 0, 0, 0, 0, 0, 0, 0, 0, 0, 0, 0, 0, 0, 0, 0, 0, 0, 0, 0, 0, 0, 0, 0, 0, 0, 0, 0, 0, 0, 0, 0, 0, 0, 0, 0, 0, 0, 0, 0, 0, 0, 0, 0, 0, 0, 0, 0, 0, 0, 0, 0, -0.004500731, -0.003567682, -0.0033937397, -0.0034006117, -0.0036049292, -0.0038518456, -0.003973996, -0.0042060805, -0.004420359, -0.0045215166, -0.004714654, -0.0048958096, -0.0050640297, -0.005143393, -0.005293512, -0.00543369, -0.005500145, -0.0056244624, -0.0057366546, -0.005788355, -0.005884132, -0.005970685, -0.006047125, -0.0060812035, -0.0061416905, -0.0061954274, -0.0062213116, -0.0062732613, -0.0063251625, -0.006375745, -0.006400407, -0.0064495867, -0.0065015545, -0.0065294085, -0.006588488, -0.006648878, -0.006677989, -0.00673147, -0.0067770435, -0.0068137455, -0.006828616, -0.0068507404, -0.0068611116, -0.0068612522, -0.0068502673, -0.006823711, -0.0067828344, -0.006758418, -0.006706392, -0.00665676, -0.006634873, -0.006599343, -0.006573314, -0.006562747, -0.0065433015, -0.00652246, -0.0064975815, -0.006483233, -0.0064508948, -0.00641351, -0.006392377, -0.0063433917, -0.006284624, -0.0062162145, -0.0061788308, -0.006098764, -0.0060108136, -0.0059629222, -0.0058580074, -0.005741711, -0.0056797434, -0.0055483566, -0.005405716, -0.0052496293, -0.005166165, -0.004989037, -0.0047994545, -0.004699596, -0.004487839, -0.0042578927, -0.0040085316, -0.0038760938, -0.0035951792, -0.003300664, -0.0031588434, -0.0029445444, -0.0029607352
0, 0, 0, 0, 0, 0, 0, 0, 0, 0, 0, 0, 0, 0, 0, 0, 0, 0, 0, 0, 0, 0, 0, 0, 0, 0, 0, 0, 0, 0, 0, 0, 0, 0, 0, 0, 0, 0, 0, 0, 0, 0, 0, 0, 0, 0, 0, 0, 0, 0, 0, 0, 0, 0, 0, 0, 0, 0, 0, 0, 0, 0, 0, 0, -0.003655501, -0.0034706336, -0.0033577015, -0.0034938871, -0.0037241662, -0.0038478377, -0.0040913587, -0.0043206904, -0.0044296575, -0.004637889, -0.004833456, -0.005014702, -0.0050998116, -0.0052597923, -0.005407963, -0.005477894, -0.005607864, -0.005723948, -0.0057770303, -0.005874379, -0.005960966, -0.0060369037, -0.0060707256, -0.0061309715, -0.006185166, -0.0062116194, -0.006264853, -0.00631831, -0.006370003, -0.006395028, -0.0064452654, -0.0064988933, -0.006527996, -0.0065907817, -0.006655609, -0.0066870237, -0.006744601, -0.006792911, -0.0068317256, -0.0068477048, -0.006872836, -0.006888021, -0.0068912487, -0.0068868794, -0.006866428, -0.006829559, -0.0068061193, -0.006753257, -0.006699971, -0.0066755894, -0.006634099, -0.00660204, -0.0065887477, -0.006565537, -0.0065437085, -0.006519721, -0.0065060966, -0.0064749443, -0.0064385845, -0.006417922, -0.0063703936, -0.006313684, -0.006247031, -0.0062104426, -0.00613157, -0.006044651, -0.005997304, -0.0058936845, -0.0057784077, -0.005716636, -0.0055849133, -0.005441928, -0.005285738, -0.0052020797, -0.0050238357, -0.004832529, -0.004731929, -0.0045190835, -0.004288003, -0.0040362994, -0.0039023417, -0.0036186236, -0.0033220402, -0.0031791977, -0.0029626563, -0.0029775188
0, 0, 0, 0, 0, 0, 0, 0, 0, 0, 0, 0, 0, 0, 0, 0, 0, 0, 0, 0, 0, 0, 0, 0, 0, 0, 0, 0, 0, 0, 0, 0, 0, 0, 0, 0, 0, 0, 0, 0, 0, 0, 0, 0, 0, 0, 0, 0, 0, 0, 0, 0, 0, 0, 0, 0, 0, 0, 0, 0, 0, 0, 0, 0, -0.0042060786, -0.0036858513, -0.0032584046, -0.0033224295, -0.0035594548, -0.0036947674, -0.0039628637, -0.0042137126, -0.004332161, -0.0045566955, -0.0047660903, -0.0049592964, -0.0050493376, -0.0052175364, -0.0053720255, -0.0054442524, -0.0055778464, -0.005696246, -0.0057500466, -0.005848487, -0.005936372, -0.006014176, -0.0060493643, -0.00611343, -0.006172225, -0.006201097, -0.0062587867, -0.006316382, -0.00637166, -0.0063983947, -0.00645194, -0.0065090214, -0.0065400484, -0.0066063507, -0.006674152, -0.006706549, -0.0067650494, -0.0068132775, -0.006851879, -0.0068681324, -0.0068953186, -0.0069144326, -0.0069200513, -0.006921082, -0.006905456, -0.0068722493, -0.006849888, -0.0067976764, -0.0067424932, -0.0067162775, -0.0066695926, -0.006631465, -0.0066153696, -0.0065878388, -0.006563961, -0.006539889, -0.0065265596, -0.006496555, -0.006461359, -0.0064414535, -0.0063960794, -0.006341949, -0.0062776376, -0.00624188, -0.006164111, -0.00607782, -0.0060309162, -0.0059285904, -0.005814143, -0.0057522706, -0.005620098, -0.0054770187, -0.0053209136, -0.005237075, -0.005057661, -0.004864532, -0.0047631087, -0.00454894, -0.0043167784, -0.0040633553, -0.0039281873, -0.003641713, -0.0033425058, -0.0031984414, -0.0029798502, -0.002994246
0, 0, 0, 0, 0, 0, 0, 0, 0, 0, 0, 0, 0, 0, 0, 0, 0, 0, 0, 0, 0, 0, 0, 0, 0, 0, 0, 0, 0, 0, 0, 0, 0, 0, 0, 0, 0, 0, 0, 0, 0, 0, 0, 0, 0, 0, 0, 0, 0, 0, 0, 0, 0, 0, 0, 0, 0, 0, 0, 0, 0, 0, 0, 0, -0.004001105, -0.0034707144, -0.0030302342, -0.0031317815, -0.0034080448, -0.0035589084, -0.0038504782, -0.0041180016, -0.004243167, -0.0044792346, -0.004697855, -0.0048985463, -0.0049918266, -0.005164837, -0.0053224545, -0.0053958083, -0.0055310037, -0.0056508235, -0.0057054455, -0.0058060135, -0.0058971616, -0.005979533, -0.006017542, -0.006088161, -0.0061541134, -0.0061863894, -0.006250841, -0.0063146516, -0.006375673, -0.006405093, -0.0064636334, -0.00652499, -0.0065577854, -0.0066270293, -0.0066967653, -0.006729723, -0.00678894, -0.006837874, -0.0068775467, -0.0068945964, -0.0069238576, -0.0069453423, -0.006952246, -0.006955698, -0.0069420375, -0.006910239, -0.006888176, -0.006835844, -0.0067793536, -0.0067519266, -0.006701784, -0.0066599296, -0.0066421423, -0.006611585, -0.0065856567, -0.006560549, -0.006547104, -0.0065174056, -0.0064830612, -0.006463814, -0.006420653, -0.006369265, -0.0063074525, -0.0062725823, -0.006195793, -0.006110187, -0.006063872, -0.0059628454, -0.00584883, -0.0057866727, -0.0056535294, -0.005510314, -0.005354546, -0.0052706692, -0.005090416, -0.004895692, -0.0047933785, -0.0045774593, -0.004343865, -0.004089363, -0.0039534383, -0.0036645131, -0.003362286, -0.003216818, -0.0029963034, -0.0030106711
0, 0, 0, 0, 0, 0, 0, 0, 0, 0, 0, 0, 0, 0, 0, 0, 0, 0, 0, 0, 0, 0, 0, 0, 0, 0, 0, 0, 0, 0, 0, 0, 0, 0, 0, 0, 0, 0, 0, 0, 0, 0, 0, 0, 0, 0, 0, 0, 0, 0, 0, 0, 0, 0, 0, 0, 0, 0, 0, 0, 0, 0, 0, 0, 0, -0.0030230375, -0.0029259333, -0.0030645232, -0.003335097, -0.0034829741, -0.0037723377, -0.0040417276, -0.0041688336, -0.004409437, -0.004632373, -0.0048363176, -0.0049307807, -0.0051056757, -0.0052641327, -0.0053376746, -0.005474242, -0.0055962247, -0.005652311, -0.0057565384, -0.0058525405, -0.005941014, -0.0059824083, -0.0060601677, -0.0061334595, -0.006169528, -0.0062408037, -0.006310601, -0.0063769477, -0.0064086923, -0.006471054, -0.006535409, -0.006569435, -0.006640771, -0.0067125633, -0.006746833, -0.006809092, -0.006861915, -0.0069058808, -0.006925022, -0.006957887, -0.0069820764, -0.0069896765, -0.0069935885, -0.006979355, -0.0069459327, -0.0069229454, -0.006868627, -0.006810072, -0.006781483, -0.0067295334, -0.0066860565, -0.0066675288, -0.006635509, -0.0066082524, -0.0065822857, -0.0065686973, -0.0065392884, -0.0065057315, -0.006487082, -0.0064455825, -0.006396069, -0.0063357786, -0.0063015665, -0.0062257764, -0.006141413, -0.0060959235, -0.005996264, -0.0058822185, -0.0058196113, -0.0056855753, -0.0055420347, -0.0053859246, -0.0053018946, -0.005121546, -0.004926165, -0.0048230034, -0.0046050227, -0.0043695685, -0.0041140383, -0.003977643, -0.0036867647, -0.0033814984, -0.0032347434, -0.0030125917, -0.003026392
0, 0, 0, 0, 0, 0, 0, 0, 0, 0, 0, 0, 0, 0, 0, 0, 0, 0, 0, 0, 0, 0, 0, 0, 0, 0, 0, 0, 0, 0, 0, 0, 0, 0, 0, 0, 0, 0, 0, 0, 0, 0, 0, 0, 0, 0, 0, 0, 0, 0, 0, 0, 0, 0, 0, 0, 0, 0, 0, 0, 0, 0, 0, 0, 0, -0.0037498882, -0.0032978402, -0.0031774535, -0.0033277553, -0.0034473552, -0.0037124213, -0.003977464, -0.0041052112, -0.0043483716, -0.0045734365, -0.004778352, -0.0048731244, -0.0050484, -0.005207672, -0.0052818907, -0.005420871, -0.00554662, -0.0056049717, -0.0057145287, -0.005816303, -0.005910799, -0.005955218, -0.00603888, -0.006117375, -0.0061556255, -0.0062307734, -0.006303656, -0.0063724173, -0.006405047, -0.006468759, -0.0065343673, -0.006569002, -0.006641789, -0.006716181, -0.0067522903, -0.0068197255, -0.0068790065, -0.006929958, -0.00695249, -0.0069910437, -0.007019027, -0.007027828, -0.0070325145, -0.007017183, -0.0069816113, -0.0069573796, -0.00690019, -0.0068387464, -0.006808962, -0.006755076, -0.0067102117, -0.00669117, -0.0066583627, -0.0066303383, -0.0066042026, -0.0065909023, -0.006562389, -0.0065301624, -0.006512234, -0.0064720055, -0.00642315, -0.006363162, -0.0063290894, -0.006253957, -0.006170799, -0.006125946, -0.0060273986, -0.0059138504, -0.005851294, -0.0057169525, -0.005572181, -0.005414831, -0.0053305766, -0.005150684, -0.0049553667, -0.004851633, -0.004631671, -0.0043944935, -0.0041377232, -0.004000544, -0.0037077852, -0.0034004624, -0.0032527433, -0.0030286768, -0.0030413626
0, 0, 0, 0, 0, 0, 0, 0, 0, 0, 0, 0, 0, 0, 0, 0, 0, 0, 0, 0, 0, 0, 0, 0, 0, 0, 0, 0, 0, 0, 0, 0, 0, 0, 0, 0, 0, 0, 0, 0, 0, 0, 0, 0, 0, 0, 0, 0, 0, 0, 0, 0, 0, 0, 0, 0, 0, 0, 0, 0, 0, 0, 0, 0, 0, -0.005029928, -0.003746117, -0.0032419926, -0.003274904, -0.0033782758, -0.003641534, -0.0039165136, -0.004048681, -0.004297878, -0.0045252247, -0.0047309254, -0.0048259697, -0.005002338, -0.0051639336, -0.0052400846, -0.0053829825, -0.005514033, -0.00557538, -0.0056911614, -0.0057987114, -0.0058982964, -0.005944826, -0.006031378, -0.0061114957, -0.006150039, -0.006225035, -0.0062967753, -0.0063642813, -0.006396413, -0.006459284, -0.0065243947, -0.0065590558, -0.0066327676, -0.006709475, -0.0067475024, -0.006819947, -0.00688576, -0.0069438764, -0.0069699385, -0.0070150006, -0.007048213, -0.0070591075, -0.0070664883, -0.0070522856, -0.0070166974, -0.0069919415, -0.006933172, -0.0068694614, -0.0068385703, -0.0067821946, -0.0067352494, -0.00671516, -0.006680778, -0.0066519533, -0.0066258423, -0.0066130143, -0.0065860483, -0.0065554962, -0.0065383436, -0.006499191, -0.0064506237, -0.0063905963, -0.0063565127, -0.006281383, -0.006198068, -0.006153278, -0.0060553313, -0.0059429444, -0.0058809435, -0.0057470705, -0.0056010415, -0.0054421, -0.005357481, -0.00517767, -0.0049824673, -0.0048784935, -0.0046575214, -0.004419115, -0.0041605406, -0.0040223026, -0.0037277997, -0.0034190847, -0.0032705045, -0.0030443857, -0.0030559658
0, 0, 0, 0, 0, 0, 0, 0, 0, 0, 0, 0, 0, 0, 0, 0, 0, 0, 0, 0, 0, 0, 0, 0, 0, 0, 0, 0, 0, 0, 0, 0, 0, 0, 0, 0, 0, 0, 0, 0, 0, 0, 0, 0, 0, 0, 0, 0, 0, 0, 0, 0, 0, 0, 0, 0, 0, 0, 0, 0, 0, 0, 0, 0, 0, 0, -0.0035612632, -0.0030612198, -0.00314039, -0.003267697, -0.0035697324, -0.0038677626, -0.0040067467, -0.0042624595, -0.0044917585, -0.0046978123, -0.004793211, -0.0049718316, -0.005137794, -0.0052165547, -0.0053652027, -0.005501985, -0.005566287, -0.0056874505, -0.005799594, -0.005902652, -0.005950118, -0.0060371864, -0.006116025, -0.0061535467, -0.006225637, -0.00629415, -0.006358716, -0.006389563, -0.006451022, -0.006515481, -0.0065500224, -0.006624166, -0.0067019295, -0.006740678, -0.0068151364, -0.0068838513, -0.0069458857, -0.0069742105, -0.0070245117, -0.0070631956, -0.0070768655, -0.0070896745, -0.0070804628, -0.0070486884, -0.007025311, -0.0069680098, -0.006903821, -0.0068720714, -0.0068128468, -0.006762479, -0.006740856, -0.0067042126, -0.0066746045, -0.006649085, -0.0066367527, -0.006610657, -0.0065805684, -0.0065636383, -0.006525009, -0.0064771506, -0.0064180084, -0.0063841566, -0.006308552, -0.006223971, -0.006178609, -0.006080215, -0.0059688226, -0.005907622, -0.005774719, -0.0056283157, -0.0054682945, -0.005383312, -0.0052030473, -0.0050074314, -0.004903341, -0.00468222, -0.0044430983, -0.0041827867, -0.0040435735, -0.003747167, -0.0034369251, -0.0032875012, -0.0030596505, -0.0030704336
0, 0, 0, 0, 0, 0, 0, 0, 0, 0, 0, 0, 0, 0, 0, 0, 0, 0, 0, 0, 0, 0, 0, 0, 0, 0, 0, 0, 0, 0, 0, 0, 0, 0, 0, 0, 0, 0, 0, 0, 0, 0, 0, 0, 0, 0, 0, 0, 0, 0, 0, 0, 0, 0, 0, 0, 0, 0, 0, 0, 0, 0, 0, 0, 0, 0, -0.0030009148, -0.0029104622, -0.0030772132, -0.0032225035, -0.0035439932, -0.0038489953, -0.003988244, -0.004242173, -0.0044694855, -0.004675083, -0.0047712456, -0.004953123, -0.005124183, -0.00520594, -0.0053605014, -0.005502289, -0.00556886, -0.0056938212, -0.0058088982, -0.0059134224, -0.0059610736, -0.006047617, -0.0061250012, -0.0061614052, -0.006231341, -0.0062980847, -0.006361226, -0.0063918983, -0.0064534335, -0.0065182857, -0.006552982, -0.0066267266, -0.006703391, -0.0067411866, -0.006813675, -0.0068804394, -0.0069415756, -0.0069701797, -0.007022248, -0.007064882, -0.0070813093, -0.0071008196, -0.0070993863, -0.007074975, -0.0070547964, -0.007002061, -0.0069396975, -0.0069076084, -0.006846087, -0.006792435, -0.0067693163, -0.006730641, -0.0067003663, -0.006674899, -0.0066626384, -0.006636322, -0.006605584, -0.0065882523, -0.0065490725, -0.006501585, -0.006443682, -0.006410381, -0.0063348874, -0.006249047, -0.0062028402, -0.0061031836, -0.005991734, -0.0059310226, -0.005799281, -0.0056533744, -0.0054932493, -0.005408093, -0.005227266, -0.0050309994, -0.004926742, -0.004705477, -0.0044659534, -0.004204492, -0.0040645315, -0.003766286, -0.0034540514, -0.0033037297, -0.0030744062, -0.0030847066
0, 0, 0, 0, 0, 0, 0, 0, 0, 0, 0, 0, 0, 0, 0, 0, 0, 0, 0, 0, 0, 0, 0, 0, 0, 0, 0, 0, 0, 0, 0, 0, 0, 0, 0, 0, 0, 0, 0, 0, 0, 0, 0, 0, 0, 0, 0, 0, 0, 0, 0, 0, 0, 0, 0, 0, 0, 0, 0, 0, 0, 0, 0, 0, 0, 0, -0.0035884373, -0.0032157958, -0.0032073546, -0.0033056692, -0.0035739325, -0.0038504193, -0.0039803884, -0.0042223954, -0.0044450085, -0.0046513337, -0.004749276, -0.0049364436, -0.0051134415, -0.005197821, -0.0053571328, -0.0055027166, -0.0055705053, -0.0056976723, -0.00581397, -0.0059188865, -0.0059666424, -0.006053418, -0.0061308923, -0.006167517, -0.006238386, -0.0063067446, -0.0063724136, -0.006404418, -0.006468706, -0.0065358137, -0.00657108, -0.0066445703, -0.0067186733, -0.006754516, -0.0068220394, -0.006883301, -0.0069399467, -0.006967002, -0.007017961, -0.0070625665, -0.007080981, -0.0071067624, -0.007112864, -0.00709601, -0.0070791724, -0.007031409, -0.00697168, -0.006940026, -0.006878267, -0.006823869, -0.0068004355, -0.0067612967, -0.006730367, -0.006704137, -0.0066913604, -0.0066635907, -0.006630822, -0.0066124275, -0.006571306, -0.0065233796, -0.006466739, -0.0064342143, -0.0063595376, -0.0062728566, -0.006225729, -0.0061244084, -0.0060124355, -0.005952031, -0.0058212937, -0.005675892, -0.0055162795, -0.005431394, -0.005250572, -0.0050537684, -0.0049491804, -0.0047275703, -0.0044876216, -0.004225461, -0.004084937, -0.0037851646, -0.003470784, -0.00331938, -0.0030884994, -0.003098767
0, 0, 0, 0, 0, 0, 0, 0, 0, 0, 0, 0, 0, 0, 0, 0, 0, 0, 0, 0, 0, 0, 0, 0, 0, 0, 0, 0, 0, 0, 0, 0, 0, 0, 0, 0, 0, 0, 0, 0, 0, 0, 0, 0, 0, 0, 0, 0, 0, 0, 0, 0, 0, 0, 0, 0, 0, 0, 0, 0, 0, 0, 0, 0, 0, 0, -0.004700132, -0.0036613462, -0.0033802537, -0.0034060082, -0.003588253, -0.0038236456, -0.0039431383, -0.0041769366, -0.004401546, -0.004614925, -0.0047170133, -0.004912282, -0.005096266, -0.00518329, -0.005346845, -0.0054949317, -0.005563664, -0.0056915414, -0.005808364, -0.0059139472, -0.0059621185, -0.006050323, -0.006130679, -0.006169052, -0.006244324, -0.0063179126, -0.006389138, -0.006423806, -0.006492861, -0.006563253, -0.0065993853, -0.006672462, -0.0067435945, -0.006777123, -0.006839135, -0.0068950877, -0.006947661, -0.006973371, -0.0070235515, -0.007069798, -0.0070897886, -0.007119291, -0.0071293293, -0.0071160523, -0.007100605, -0.007055036, -0.0069967504, -0.0069658575, -0.00690597, -0.0068538864, -0.006831545, -0.0067940117, -0.006763781, -0.006736927, -0.006723326, -0.006692914, -0.0066566234, -0.006636387, -0.0065922746, -0.0065430747, -0.006487025, -0.0064550936, -0.0063812304, -0.0062943734, -0.0062468327, -0.0061443783, -0.0060318476, -0.0059714806, -0.005840849, -0.0056959596, -0.0055374773, -0.0054532033, -0.0052730287, -0.0050758175, -0.004970939, -0.0047487314, -0.0045081824, -0.0042456165, -0.0041047903, -0.003803818, -0.003487156, -0.0033344843, -0.003102014, -0.003112541
0, 0, 0, 0, 0, 0, 0, 0, 0, 0, 0, 0, 0, 0, 0, 0, 0, 0, 0, 0, 0, 0, 0, 0, 0, 0, 0, 0, 0, 0, 0, 0, 0, 0, 0, 0, 0, 0, 0, 0, 0, 0, 0, 0, 0, 0, 0, 0, 0, 0, 0, 0, 0, 0, 0, 0, 0, 0, 0, 0, 0, 0, 0, 0, 0, 0, 0, -0.0037700634, -0.003434945, -0.003400443, -0.0035080924, -0.0037232025, -0.0038442893, -0.0040915166, -0.004333805, -0.0045634764, -0.0046727085, -0.004879516, -0.005071065, -0.0051610083, -0.0053286874, -0.0054790536, -0.0055484693, -0.0056770733, -0.0057949563, -0.0059020384, -0.005951299, -0.006042729, -0.0061274543, -0.0061686803, -0.0062499554, -0.006330069, -0.006407644, -0.0064452267, -0.006518843, -0.006592018, -0.0066286777, -0.006701002, -0.00676938, -0.0068012173, -0.0068599824, -0.0069140466, -0.0069667506, -0.006993141, -0.0070456676, -0.007094604, -0.007115846, -0.0071466626, -0.0071565467, -0.007141838, -0.0071253455, -0.0070778755, -0.0070184413, -0.0069874944, -0.006929068, -0.006879927, -0.006859404, -0.0068254652, -0.006797821, -0.006771247, -0.006756842, -0.00672339, -0.0066831685, -0.00666099, -0.0066134925, -0.0065620425, -0.0065048467, -0.006472705, -0.006399111, -0.006312844, -0.0062654265, -0.006162965, -0.0060503515, -0.0059898384, -0.0058589247, -0.0057142866, -0.0055568754, -0.0054732645, -0.0052941586, -0.005097318, -0.0049923416, -0.004769506, -0.004527912, -0.0042646904, -0.004123758, -0.003822114, -0.00350327, -0.0033492453, -0.0031150298, -0.0031258569
0, 0, 0, 0, 0, 0, 0, 0, 0, 0, 0, 0, 0, 0, 0, 0, 0, 0, 0, 0, 0, 0, 0, 0, 0, 0, 0, 0, 0, 0, 0, 0, 0, 0, 0, 0, 0, 0, 0, 0, 0, 0, 0, 0, 0, 0, 0, 0, 0, 0, 0, 0, 0, 0, 0, 0, 0, 0, 0, 0, 0, 0, 0, 0, 0, 0, 0, -0.00428793, -0.0034098458, -0.0032687625, -0.0033175398, -0.0035565204, -0.0036978987, -0.003984901, -0.0042580687, -0.004509348, -0.004626252, -0.0048436904, -0.0050419467, -0.005134084, -0.0053049778, -0.005457769, -0.0055280062, -0.005658586, -0.0057786955, -0.005888858, -0.0059401607, -0.0060359146, -0.0061258357, -0.0061696717, -0.0062569645, -0.0063425624, -0.006424886, -0.006464379, -0.006540645, -0.0066149468, -0.0066516455, -0.0067231106, -0.006790135, -0.006821589, -0.0068811323, -0.006938034, -0.006995486, -0.007024612, -0.0070825764, -0.007135677, -0.007158029, -0.0071889875, -0.0071964264, -0.0071773552, -0.0071584648, -0.0071061854, -0.007043293, -0.007011353, -0.0069525195, -0.006904792, -0.0068855304, -0.0068545863, -0.0068289875, -0.0068025948, -0.006787613, -0.006752277, -0.006709899, -0.006686679, -0.006636523, -0.006581609, -0.0065211207, -0.0064878743, -0.0064134668, -0.0063278894, -0.0062810145, -0.00617964, -0.006067716, -0.006007273, -0.0058763768, -0.0057318932, -0.005575111, -0.00549185, -0.005313707, -0.005117954, -0.0050133285, -0.0047901548, -0.004547256, -0.004282874, -0.00414167, -0.0038394732, -0.003519119, -0.0033639965, -0.0031278855, -0.003138438
0, 0, 0, 0, 0, 0, 0, 0, 0, 0, 0, 0, 0, 0, 0, 0, 0, 0, 0, 0, 0, 0, 0, 0, 0, 0, 0, 0, 0, 0, 0, 0, 0, 0, 0, 0, 0, 0, 0, 0, 0, 0, 0, 0, 0, 0, 0, 0, 0, 0, 0, 0, 0, 0, 0, 0, 0, 0, 0, 0, 0, 0, 0, 0, 0, 0, 0, -0.0039804033, -0.0030784833, -0.0029583, -0.0030848407, -0.0034015405, -0.0035743038, -0.0039068484, -0.004206227, -0.004470369, -0.004590653, -0.004811913, -0.005011766, -0.0051045753, -0.0052767475, -0.0054315245, -0.005503068, -0.0056370953, -0.005761139, -0.0058760713, -0.0059296736, -0.0060303695, -0.0061250417, -0.0061711892, -0.0062626773, -0.0063516293, -0.0064360546, -0.0064762156, -0.006553134, -0.006627576, -0.00666437, -0.006736595, -0.0068058055, -0.006839106, -0.0069036023, -0.0069670123, -0.007031325, -0.0070637455, -0.0071275914, -0.0071847243, -0.007208175, -0.0072393026, -0.007244291, -0.0072210585, -0.007199765, -0.0071430546, -0.007076577, -0.007043333, -0.006982799, -0.006934276, -0.006914766, -0.0068834047, -0.006856661, -0.0068287654, -0.006813085, -0.0067770365, -0.00673488, -0.006711641, -0.006660145, -0.0066020223, -0.006537716, -0.006502778, -0.006426216, -0.006340354, -0.006293828, -0.0061937203, -0.0060831876, -0.0060234517, -0.005893702, -0.0057498612, -0.0055930153, -0.0055096536, -0.005331774, -0.0051374505, -0.0050334805, -0.0048105004, -0.004566233, -0.0043005487, -0.00415888, -0.0038559337, -0.003534277, -0.0033782793, -0.0031404232, -0.0031505518
0, 0, 0, 0, 0, 0, 0, 0, 0, 0, 0, 0, 0, 0, 0, 0, 0, 0, 0, 0, 0, 0, 0, 0, 0, 0, 0, 0, 0, 0, 0, 0, 0, 0, 0, 0, 0, 0, 0, 0, 0, 0, 0, 0, 0, 0, 0, 0, 0, 0, 0, 0, 0, 0, 0, 0, 0, 0, 0, 0, 0, 0, 0, 0, 0, 0, 0, 0, -0.0027302066, -0.0027527255, -0.0030031737, -0.003370857, -0.0035565295, -0.0038996863, -0.004196894, -0.004453511, -0.0045696497, -0.004783613, -0.0049790107, -0.00507071, -0.005242017, -0.005398248, -0.0054713422, -0.005609355, -0.00573866, -0.0058586393, -0.0059148725, -0.0060202205, -0.006118837, -0.006166762, -0.0062608514, -0.006351367, -0.0064361636, -0.0064764065, -0.0065536587, -0.006629256, -0.006667082, -0.0067430884, -0.0068182508, -0.006855118, -0.0069275824, -0.0069986917, -0.007069581, -0.007104836, -0.0071731457, -0.007233094, -0.007257378, -0.007289053, -0.00729309, -0.007268008, -0.0072456445, -0.0071870773, -0.0071191466, -0.0070852423, -0.007023169, -0.006972042, -0.006950773, -0.006914909, -0.006883415, -0.0068517434, -0.0068349047, -0.006798237, -0.00675676, -0.006733633, -0.00668151, -0.006621565, -0.006554584, -0.006518195, -0.006439364, -0.006352279, -0.00630561, -0.006205902, -0.0060968106, -0.0060380334, -0.00591038, -0.005767901, -0.005611106, -0.005527547, -0.005349648, -0.0051559997, -0.0050523793, -0.0048295176, -0.004584814, -0.0043182704, -0.0041759717, -0.0038715063, -0.0035483693, -0.003391691, -0.0031526333, -0.0031622446
0, 0, 0, 0, 0, 0, 0, 0, 0, 0, 0, 0, 0, 0, 0, 0, 0, 0, 0, 0, 0, 0, 0, 0, 0, 0, 0, 0, 0, 0, 0, 0, 0, 0, 0, 0, 0, 0, 0, 0, 0, 0, 0, 0, 0, 0, 0, 0, 0, 0, 0, 0, 0, 0, 0, 0, 0, 0, 0, 0, 0, 0, 0, 0, 0, 0, 0, 0, -0.0031373426, -0.0030825913, -0.0032106654, -0.0034968161, -0.0036517237, -0.003946311, -0.004207883, -0.0044385544, -0.004544861, -0.004745399, -0.00493356, -0.0050234813, -0.005193922, -0.0053516813, -0.005426454, -0.0055691143, -0.0057035983, -0.0058290926, -0.005887874, -0.0059980163, -0.0061004055, -0.006149797, -0.006245947, -0.0063376864, -0.006423224, -0.0064639766, -0.00654307, -0.0066220798, -0.0066623744, -0.0067448583, -0.0068283533, -0.0068695587, -0.0069503165, -0.0070283115, -0.0071041533, -0.0071411594, -0.00721171, -0.0072728395, -0.007297509, -0.0073299455, -0.0073353327, -0.0073122852, -0.0072912807, -0.0072356467, -0.0071697813, -0.0071362616, -0.007072679, -0.007017032, -0.006992611, -0.0069497316, -0.0069118785, -0.006875821, -0.006857583, -0.006819018, -0.0067761703, -0.0067524184, -0.0066993455, -0.0066387216, -0.0065706302, -0.006533517, -0.0064531113, -0.006364888, -0.006317887, -0.0062180604, -0.006110017, -0.0060521564, -0.0059262253, -0.005785054, -0.0056289886, -0.0055456026, -0.005368019, -0.0051742163, -0.005070369, -0.0048472034, -0.004602572, -0.0043354495, -0.0041924515, -0.0038862708, -0.0035617666, -0.0034045037, -0.0031643838, -0.0031731937
0, 0, 0, 0, 0, 0, 0, 0, 0, 0, 0, 0, 0, 0, 0, 0, 0, 0, 0, 0, 0, 0, 0, 0, 0, 0, 0, 0, 0, 0, 0, 0, 0, 0, 0, 0, 0, 0, 0, 0, 0, 0, 0, 0, 0, 0, 0, 0, 0, 0, 0, 0, 0, 0, 0, 0, 0, 0, 0, 0, 0, 0, 0, 0, 0, 0, 0, 0, -0.0040571215, -0.0037766434, -0.003556043, -0.003648284, -0.003743685, -0.0039615594, -0.0041799718, -0.0043863994, -0.004485301, -0.004677381, -0.0048630666, -0.0049531567, -0.005125962, -0.0052882247, -0.005365373, -0.0055134017, -0.005653575, -0.005784491, -0.0058458894, -0.005960903, -0.006067501, -0.006118633, -0.006217598, -0.0063116853, -0.006399826, -0.006441988, -0.0065249973, -0.00660937, -0.0066528665, -0.0067427973, -0.0068341843, -0.0068792454, -0.006966566, -0.0070496146, -0.0071283495, -0.00716607, -0.007237075, -0.007298105, -0.0073228995, -0.0073568956, -0.0073662126, -0.0073495964, -0.007332503, -0.0072841374, -0.0072234347, -0.0071909865, -0.007126236, -0.0070657954, -0.0070381775, -0.006988525, -0.006944634, -0.006903648, -0.0068832603, -0.006840842, -0.0067947255, -0.0067697987, -0.0067152344, -0.006654027, -0.0065852376, -0.006547713, -0.0064666383, -0.006378243, -0.0063313036, -0.006231711, -0.006124268, -0.006066842, -0.0059417547, -0.0058015315, -0.00564653, -0.005563546, -0.0053861253, -0.0051919143, -0.0050877663, -0.0048643686, -0.004619664, -0.004351487, -0.0042076474, -0.0039000025, -0.0035747406, -0.003417124, -0.0031756088, -0.0031832326
0, 0, 0, 0, 0, 0, 0, 0, 0, 0, 0, 0, 0, 0, 0, 0, 0, 0, 0, 0, 0, 0, 0, 0, 0, 0, 0, 0, 0, 0, 0, 0, 0, 0, 0, 0, 0, 0, 0, 0, 0, 0, 0, 0, 0, 0, 0, 0, 0, 0, 0, 0, 0, 0, 0, 0, 0, 0, 0, 0, 0, 0, 0, 0, 0, 0, 0, 0, -0.0050573032, -0.004362144, -0.0036957264, -0.0036185796, -0.0036746196, -0.0038544484, -0.0040611504, -0.0042682043, -0.004369822, -0.004569417, -0.004763546, -0.0048579816, -0.0050395043, -0.0052097593, -0.0052908044, -0.0054460694, -0.0055926554, -0.0057296674, -0.0057938956, -0.0059145773, -0.0060266512, -0.0060802596, -0.0061837044, -0.006281855, -0.006374198, -0.0064185774, -0.006506216, -0.0065957014, -0.006641971, -0.0067372797, -0.0068339296, -0.006881363, -0.0069723623, -0.0070572365, -0.0071363067, -0.0071736914, -0.007243863, -0.007304737, -0.0073302435, -0.0073682517, -0.0073848143, -0.007378029, -0.007366087, -0.0073272497, -0.007272888, -0.00724191, -0.0071771797, -0.0071141548, -0.0070846826, -0.007030489, -0.006981608, -0.0069353385, -0.006912254, -0.0068649994, -0.0068149855, -0.0067883804, -0.0067310766, -0.0066680326, -0.0065983073, -0.0065608053, -0.006480528, -0.006393152, -0.0063464562, -0.006246829, -0.0061393343, -0.0060820696, -0.005957824, -0.005818428, -0.005663948, -0.005581012, -0.005403325, -0.0052088527, -0.0051046317, -0.0048809596, -0.0046358095, -0.0043665953, -0.004222026, -0.0039128233, -0.0035868154, -0.0034288703, -0.0031861807, -0.0031926814
0, 0, 0, 0, 0, 0, 0, 0, 0, 0, 0, 0, 0, 0, 0, 0, 0, 0, 0, 0, 0, 0, 0, 0, 0, 0, 0, 0, 0, 0, 0, 0, 0, 0, 0, 0, 0, 0, 0, 0, 0, 0, 0, 0, 0, 0, 0, 0, 0, 0, 0, 0, 0, 0, 0, 0, 0, 0, 0, 0, 0, 0, 0, 0, 0, 0, 0, 0, -0.004801268, -0.004096054, -0.0034051745, -0.0033406867, -0.0034093899, -0.0036197228, -0.0038585467, -0.0040955017, -0.0042105094, -0.0044331956, -0.004645836, -0.004748284, -0.004943624, -0.005125573, -0.0052117147, -0.005375799, -0.0055303443, -0.0056742565, -0.00574191, -0.0058689658, -0.0059873117, -0.0060438626, -0.0061526806, -0.006255919, -0.006353187, -0.0063999277, -0.006492198, -0.006585892, -0.0066339755, -0.006732396, -0.006830726, -0.0068784812, -0.0069687986, -0.007051354, -0.007127369, -0.0071633277, -0.007231662, -0.00729345, -0.0073207645, -0.007364912, -0.0073907063, -0.007394504, -0.007387786, -0.007358446, -0.0073110824, -0.007282648, -0.007221221, -0.007159355, -0.0071295947, -0.0070731575, -0.007020087, -0.006968808, -0.006943353, -0.0068919514, -0.006838266, -0.0068096193, -0.0067483406, -0.006682259, -0.0066114743, -0.006574198, -0.006495563, -0.006409483, -0.006363019, -0.006263382, -0.0061558513, -0.006098667, -0.005974684, -0.0058353366, -0.0056809946, -0.0055981763, -0.0054202066, -0.00522492, -0.0051204506, -0.0048965127, -0.0046509774, -0.004380972, -0.004235738, -0.0039249863, -0.003597727, -0.00343937, -0.0031959082, -0.0032017927
0, 0, 0, 0, 0, 0, 0, 0, 0, 0, 0, 0, 0, 0, 0, 0, 0, 0, 0, 0, 0, 0, 0, 0, 0, 0, 0, 0, 0, 0, 0, 0, 0, 0, 0, 0, 0, 0, 0, 0, 0, 0, 0, 0, 0, 0, 0, 0, 0, 0, 0, 0, 0, 0, 0, 0, 0, 0, 0, 0, 0, 0, 0, 0, 0, 0, 0, 0, 0, -0.0032912719, -0.0029876323, -0.0029895855, -0.0030840086, -0.0033487293, -0.003638796, -0.00391762, -0.0040500006, -0.0043008644, -0.004534809, -0.004645962, -0.0048560696, -0.005049694, -0.005140936, -0.0053142337, -0.005476858, -0.00562799, -0.005698949, -0.0058321054, -0.005955754, -0.006014741, -0.006128265, -0.006236248, -0.006338425, -0.0063876202, -0.0064842305, -0.0065814066, -0.0066306577, -0.006729962, -0.0068270923, -0.0068735573, -0.006959944, -0.007037733, -0.0071092406, -0.007143504, -0.0072101895, -0.007273293, -0.0073022353, -0.007351452, -0.0073839542, -0.007395596, -0.007393054, -0.007372227, -0.0073335585, -0.0073092002, -0.007255007, -0.007197749, -0.007169146, -0.0071126395, -0.0070572295, -0.0070030186, -0.0069760038, -0.006921403, -0.0068635335, -0.0068326043, -0.0067669274, -0.0066981665, -0.0066269794, -0.0065901647, -0.006512882, -0.0064274115, -0.006380906, -0.006281226, -0.006173704, -0.006116319, -0.005991756, -0.005852336, -0.00569809, -0.005615184, -0.005436456, -0.005239946, -0.0051350286, -0.004910966, -0.0046652337, -0.004394292, -0.0042484524, -0.003936532, -0.003607938, -0.003448926, -0.0032045103, -0.003210473
0, 0, 0, 0, 0, 0, 0, 0, 0, 0, 0, 0, 0, 0, 0, 0, 0, 0, 0, 0, 0, 0, 0, 0, 0, 0, 0, 0, 0, 0, 0, 0, 0, 0, 0, 0, 0, 0, 0, 0, 0, 0, 0, 0, 0, 0, 0, 0, 0, 0, 0, 0, 0, 0, 0, 0, 0, 0, 0, 0, 0, 0, 0, 0, 0, 0, 0, 0, 0, 0, -0.0025515398, -0.0026320769, -0.002761422, -0.0030937812, -0.0034383282, -0.0037562437, -0.0039031776, -0.0041761147, -0.004426473, -0.004544467, -0.004767307, -0.004972771, -0.0050695594, -0.0052529853, -0.00542435, -0.0055832444, -0.005657562, -0.0057967063, -0.005924997, -0.005986172, -0.0061039925, -0.0062162317, -0.006322348, -0.0063732876, -0.006472335, -0.006570181, -0.006619288, -0.0067170593, -0.0068112416, -0.006855863, -0.0069386563, -0.0070133456, -0.0070830327, -0.0071170786, -0.007184238, -0.007248393, -0.0072777965, -0.0073273, -0.0073603964, -0.007374277, -0.007374057, -0.0073606954, -0.0073331734, -0.0073157386, -0.0072761634, -0.007233421, -0.007211369, -0.0071658744, -0.0071183923, -0.0070675877, -0.007040506, -0.006982007, -0.0069167567, -0.006881853, -0.0068098325, -0.0067378175, -0.0066663353, -0.0066301445, -0.006554498, -0.00646999, -0.0064235036, -0.006322602, -0.0062119663, -0.0061525735, -0.006024919, -0.005884954, -0.0057305926, -0.005647112, -0.0054666465, -0.0052683786, -0.0051624794, -0.0049364585, -0.004689236, -0.00441733, -0.004271141, -0.0039580646, -0.003626559, -0.0034656953, -0.0032190082, -0.0032259396
0, 0, 0, 0, 0, 0, 0, 0, 0, 0, 0, 0, 0, 0, 0, 0, 0, 0, 0, 0, 0, 0, 0, 0, 0, 0, 0, 0, 0, 0, 0, 0, 0, 0, 0, 0, 0, 0, 0, 0, 0, 0, 0, 0, 0, 0, 0, 0, 0, 0, 0, 0, 0, 0, 0, 0, 0, 0, 0, 0, 0, 0, 0, 0, 0, 0, 0, 0, 0, 0, -0.0028369073, -0.002813503, -0.0029048366, -0.0031841344, -0.003495005, -0.0037901981, -0.003928793, -0.0041896603, -0.004432327, -0.004547775, -0.004767033, -0.0049710134, -0.0050674328, -0.0052506747, -0.005422218, -0.005581402, -0.0056559993, -0.0057954006, -0.0059239115, -0.0059851473, -0.006102877, -0.0062142685, -0.006318793, -0.006368756, -0.0064657396, -0.006561355, -0.006609495, -0.006706003, -0.0067998166, -0.0068445234, -0.0069283834, -0.007005173, -0.0070777456, -0.0071134805, -0.007183888, -0.007250355, -0.0072803246, -0.0073299273, -0.007361608, -0.0073731164, -0.0073714526, -0.0073552458, -0.0073259505, -0.007308313, -0.0072704093, -0.007231815, -0.0072125234, -0.0071737044, -0.0071331016, -0.0070885434, -0.007064013, -0.0070089772, -0.006944847, -0.006909825, -0.006836644, -0.006762702, -0.006689719, -0.006653129, -0.006577198, -0.0064925496, -0.0064458866, -0.0063444413, -0.0062323096, -0.006171896, -0.0060419803, -0.0058998545, -0.005744129, -0.0056602904, -0.0054799416, -0.0052820505, -0.0051758606, -0.0049480665, -0.0046993433, -0.004427199, -0.00428095, -0.0039671715, -0.0036348382, -0.003473667, -0.0032261529, -0.0032321988
0, 0, 0, 0, 0, 0, 0, 0, 0, 0, 0, 0, 0, 0, 0, 0, 0, 0, 0, 0, 0, 0, 0, 0, 0, 0, 0, 0, 0, 0, 0, 0, 0, 0, 0, 0, 0, 0, 0, 0, 0, 0, 0, 0, 0, 0, 0, 0, 0, 0, 0, 0, 0, 0, 0, 0, 0, 0, 0, 0, 0, 0, 0, 0, 0, 0, 0, 0, 0, 0, -0.003482472, -0.003164452, -0.0031607226, -0.0033262838, -0.0035789863, -0.0038420341, -0.003970259, -0.0042170254, -0.0044513065, -0.004563669, -0.00477854, -0.0049792784, -0.005074355, -0.0052553755, -0.005424944, -0.005582672, -0.005656834, -0.0057952674, -0.0059232838, -0.005984299, -0.0061015314, -0.0062121265, -0.0063155144, -0.0063648135, -0.0064602345, -0.00655428, -0.006601674, -0.0066969013, -0.0067902105, -0.006835094, -0.006920124, -0.0069996472, -0.007076252, -0.0071141752, -0.00718918, -0.0072594625, -0.007290902, -0.0073420997, -0.0073737055, -0.0073832613, -0.0073799915, -0.007359978, -0.0073270774, -0.007308, -0.007268308, -0.0072293268, -0.0072104842, -0.007173695, -0.0071371747, -0.0070984648, -0.0070771836, -0.0070283115, -0.0069694086, -0.0069364635, -0.006866032, -0.0067923865, -0.006717722, -0.0066797696, -0.0066004796, -0.006513312, -0.0064661377, -0.0063645476, -0.0062520425, -0.006191055, -0.0060591483, -0.0059146234, -0.00575669, -0.005672128, -0.005491342, -0.0052936617, -0.005187552, -0.004959426, -0.0047096643, -0.004436354, -0.0042894953, -0.0039748256, -0.0036424394, -0.0034813455, -0.003233188, -0.003237773
0, 0, 0, 0, 0, 0, 0, 0, 0, 0, 0, 0, 0, 0, 0, 0, 0, 0, 0, 0, 0, 0, 0, 0, 0, 0, 0, 0, 0, 0, 0, 0, 0, 0, 0, 0, 0, 0, 0, 0, 0, 0, 0, 0, 0, 0, 0, 0, 0, 0, 0, 0, 0, 0, 0, 0, 0, 0, 0, 0, 0, 0, 0, 0, 0, 0, 0, 0, 0, 0, -0.004123108, -0.0033891008, -0.0032988184, -0.003381244, -0.0036039676, -0.0038573302, -0.003983613, -0.004229234, -0.004463166, -0.0045752297, -0.004788727, -0.0049871714, -0.005080923, -0.0052587814, -0.0054254076, -0.005580373, -0.0056532617, -0.005789921, -0.005916996, -0.005977685, -0.0060948986, -0.0062057204, -0.0063092634, -0.00635852, -0.0064536617, -0.0065472038, -0.006594211, -0.0066887857, -0.006782338, -0.006827788, -0.0069149635, -0.006998149, -0.0070794085, -0.0071197734, -0.0071994355, -0.0072737276, -0.0073068193, -0.007360329, -0.007392701, -0.0074015586, -0.007397523, -0.007375399, -0.007340247, -0.0073199426, -0.0072775106, -0.0072353696, -0.0072149183, -0.007175631, -0.0071388464, -0.0071023824, -0.0070829713, -0.0070394767, -0.0069874483, -0.006958155, -0.0068940585, -0.006823936, -0.006748586, -0.006708908, -0.0066248463, -0.0065335645, -0.00648513, -0.0063819974, -0.00626843, -0.0062070573, -0.0060747755, -0.0059294365, -0.005769559, -0.005683864, -0.005501288, -0.0053031044, -0.005197218, -0.0049697375, -0.0047197524, -0.004445225, -0.004297682, -0.003982004, -0.0036491368, -0.0034877977, -0.0032391697, -0.0032434347
0, 0, 0, 0, 0, 0, 0, 0, 0, 0, 0, 0, 0, 0, 0, 0, 0, 0, 0, 0, 0, 0, 0, 0, 0, 0, 0, 0, 0, 0, 0, 0, 0, 0, 0, 0, 0, 0, 0, 0, 0, 0, 0, 0, 0, 0, 0, 0, 0, 0, 0, 0, 0, 0, 0, 0, 0, 0, 0, 0, 0, 0, 0, 0, 0, 0, 0, 0, 0, 0, -0.0036670445, -0.0032805076, -0.003205214, -0.003297918, -0.0035430912, -0.0038211416, -0.0039578704, -0.004219114, -0.0044621946, -0.0045769624, -0.004792778, -0.0049902387, -0.0050828983, -0.0052577103, -0.005420992, -0.0055727013, -0.005644101, -0.005778596, -0.005904249, -0.005964679, -0.006081828, -0.006193195, -0.006297566, -0.006347086, -0.0064427312, -0.0065366467, -0.0065837754, -0.0066790893, -0.0067742225, -0.006820907, -0.006911479, -0.006999151, -0.0070852516, -0.0071280356, -0.007212318, -0.007290646, -0.0073255324, -0.0073818583, -0.0074157184, -0.0074249124, -0.0074209, -0.0073988633, -0.0073637813, -0.007343318, -0.0072995117, -0.0072542084, -0.007231581, -0.007187675, -0.0071469233, -0.007108186, -0.007088708, -0.0070476355, -0.0070011746, -0.006975347, -0.0069179726, -0.0068522156, -0.0067774276, -0.0067366934, -0.006649163, -0.006554201, -0.006504006, -0.0063974313, -0.0062813163, -0.0062194075, -0.0060873963, -0.0059424504, -0.005781836, -0.0056953887, -0.005511224, -0.005311784, -0.0052055847, -0.0049782814, -0.004728774, -0.0044537187, -0.0043057045, -0.003989044, -0.0036551547, -0.0034933668, -0.00324427, -0.0032488045
0, 0, 0, 0, 0, 0, 0, 0, 0, 0, 0, 0, 0, 0, 0, 0, 0, 0, 0, 0, 0, 0, 0, 0, 0, 0, 0, 0, 0, 0, 0, 0, 0, 0, 0, 0, 0, 0, 0, 0, 0, 0, 0, 0, 0, 0, 0, 0, 0, 0, 0, 0, 0, 0, 0, 0, 0, 0, 0, 0, 0, 0, 0, 0, 0, 0, 0, 0, 0, 0, -0.0042072013, -0.0032066908, -0.0030626862, -0.0031588704, -0.0034508314, -0.0037696108, -0.003921462, -0.0042029303, -0.004456625, -0.004574166, -0.004791674, -0.0049876254, -0.0050787684, -0.005250435, -0.0054102, -0.005558523, -0.0056284578, -0.005760624, -0.0058848658, -0.0059448117, -0.0060616345, -0.0061735474, -0.006278766, -0.0063288333, -0.006425553, -0.0065212543, -0.0065695303, -0.006667392, -0.006765744, -0.006814252, -0.00690883, -0.007000508, -0.0070906496, -0.007135423, -0.007223481, -0.007305469, -0.0073419358, -0.007401316, -0.0074377446, -0.0074493946, -0.007446675, -0.007427847, -0.007395908, -0.007376707, -0.0073335925, -0.0072860466, -0.007261358, -0.0072121206, -0.007165561, -0.0071223606, -0.0071016946, -0.0070604095, -0.0070162117, -0.00699206, -0.006938094, -0.0068745865, -0.0068001463, -0.006759063, -0.006670272, -0.006573091, -0.006521393, -0.006411514, -0.006292629, -0.00622987, -0.006097291, -0.0059524574, -0.0057919235, -0.005705513, -0.00552101, -0.0053205956, -0.0052139033, -0.0049860515, -0.0047364053, -0.004461099, -0.0043128147, -0.0039957087, -0.0036611592, -0.0034989656, -0.0032490224, -0.0032532692
0, 0, 0, 0, 0, 0, 0, 0, 0, 0, 0, 0, 0, 0, 0, 0, 0, 0, 0, 0, 0, 0, 0, 0, 0, 0, 0, 0, 0, 0, 0, 0, 0, 0, 0, 0, 0, 0, 0, 0, 0, 0, 0, 0, 0, 0, 0, 0, 0, 0, 0, 0, 0, 0, 0, 0, 0, 0, 0, 0, 0, 0, 0, 0, 0, 0, 0, 0, 0, 0, 0, -0.0028663594, -0.0028653082, -0.0030732409, -0.003410883, -0.0037531406, -0.003911648, -0.004199574, -0.0044540963, -0.004570878, -0.0047848453, -0.004976357, -0.005065288, -0.0052330834, -0.0053892955, -0.005534649, -0.00560335, -0.0057337643, -0.0058569936, -0.0059166527, -0.00603312, -0.006145644, -0.006252242, -0.0063032554, -0.006402747, -0.0065020723, -0.006552586, -0.006655257, -0.0067582433, -0.0068088444, -0.0069070607, -0.0070014535, -0.0070938496, -0.0071395864, -0.007229429, -0.007313428, -0.007351092, -0.0074132723, -0.0074536004, -0.007470408, -0.0074708033, -0.007458589, -0.0074328794, -0.007416169, -0.007376012, -0.007328252, -0.007302347, -0.007249091, -0.007197095, -0.0071487892, -0.007126006, -0.0070816847, -0.0070358734, -0.0070112837, -0.00695673, -0.006892342, -0.0068168445, -0.0067753657, -0.0066856313, -0.0065871826, -0.0065347715, -0.006423476, -0.006303127, -0.006239701, -0.0061059184, -0.0059601935, -0.0057995976, -0.0057134344, -0.005529515, -0.0053291237, -0.0052222344, -0.0049938667, -0.004743585, -0.0044673895, -0.004318764, -0.00400134, -0.0036669013, -0.0035045696, -0.0032537666, -0.0032569165
0, 0, 0, 0, 0, 0, 0, 0, 0, 0, 0, 0, 0, 0, 0, 0, 0, 0, 0, 0, 0, 0, 0, 0, 0, 0, 0, 0, 0, 0, 0, 0, 0, 0, 0, 0, 0, 0, 0, 0, 0, 0, 0, 0, 0, 0, 0, 0, 0, 0, 0, 0, 0, 0, 0, 0, 0, 0, 0, 0, 0, 0, 0, 0, 0, 0, 0, 0, 0, 0, 0, -0.003099409, -0.0030455373, -0.0031770342, -0.003471124, -0.0037869131, -0.003935209, -0.0042065945, -0.0044479, -0.0045589977, -0.0047638444, -0.004948209, -0.005034427, -0.00519817, -0.0053519867, -0.0054958574, -0.0055641145, -0.005694278, -0.005817656, -0.0058776834, -0.005995342, -0.006109653, -0.006219204, -0.0062722233, -0.006376526, -0.0064817434, -0.006535428, -0.0066443644, -0.0067526386, -0.0068052053, -0.0069061792, -0.0070017963, -0.00709428, -0.0071398653, -0.0072293147, -0.0073133926, -0.0073514967, -0.0074159577, -0.007460842, -0.0074846162, -0.007489173, -0.0074857636, -0.007468553, -0.007455389, -0.0074207387, -0.007376113, -0.007350734, -0.0072964523, -0.007241131, -0.0071879392, -0.007162488, -0.0071127745, -0.007061817, -0.007034834, -0.006975617, -0.006907157, -0.0068288804, -0.006786514, -0.0066956496, -0.006596578, -0.006544017, -0.006432408, -0.0063116252, -0.0062479014, -0.006113456, -0.0059672724, -0.005806412, -0.0057202545, -0.005536517, -0.0053364797, -0.005229676, -0.0050011645, -0.0047504217, -0.0044734953, -0.0043243836, -0.0040062345, -0.0036715711, -0.0035091508, -0.003257925, -0.0032605827
0, 0, 0, 0, 0, 0, 0, 0, 0, 0, 0, 0, 0, 0, 0, 0, 0, 0, 0, 0, 0, 0, 0, 0, 0, 0, 0, 0, 0, 0, 0, 0, 0, 0, 0, 0, 0, 0, 0, 0, 0, 0, 0, 0, 0, 0, 0, 0, 0, 0, 0, 0, 0, 0, 0, 0, 0, 0, 0, 0, 0, 0, 0, 0, 0, 0, 0, 0, 0, 0, 0, -0.0037186204, -0.0034935223, -0.0033879955, -0.003564071, -0.0038196216, -0.0039484263, -0.0041916566, -0.0044144527, -0.0045186607, -0.004713759, -0.0048924712, -0.004977054, -0.0051391483, -0.0052930224, -0.0054385406, -0.005507822, -0.0056406115, -0.005767245, -0.0058290954, -0.0059508802, -0.0060697477, -0.006184695, -0.00624075, -0.006351634, -0.006463396, -0.0065201498, -0.006634533, -0.006746863, -0.0068009654, -0.006903694, -0.0069997045, -0.007091708, -0.007136895, -0.007225456, -0.007308867, -0.0073470687, -0.007413035, -0.007461795, -0.0074918643, -0.0075002345, -0.0075051407, -0.0074961977, -0.0074871155, -0.007460285, -0.0074225888, -0.007400044, -0.007349377, -0.007294345, -0.0072380174, -0.007209861, -0.007153083, -0.007093758, -0.0070624426, -0.0069950214, -0.0069201523, -0.006838105, -0.0067946506, -0.006702635, -0.0066031255, -0.0065503656, -0.006438392, -0.006317556, -0.0062539307, -0.0061197225, -0.0059738085, -0.0058129765, -0.0057267887, -0.0055430303, -0.005342889, -0.0052359332, -0.005007101, -0.0047563384, -0.004479493, -0.00433023, -0.004011051, -0.0036750662, -0.0035123364, -0.0032611233, -0.0032644363
0, 0, 0, 0, 0, 0, 0, 0, 0, 0, 0, 0, 0, 0, 0, 0, 0, 0, 0, 0, 0, 0, 0, 0, 0, 0, 0, 0, 0, 0, 0, 0, 0, 0, 0, 0, 0, 0, 0, 0, 0, 0, 0, 0, 0, 0, 0, 0, 0, 0, 0, 0, 0, 0, 0, 0, 0, 0, 0, 0, 0, 0, 0, 0, 0, 0, 0, 0, 0, 0, 0, -0.0043430766, -0.003834875, -0.0034771413, -0.0035575076, -0.0037707002, -0.0038871495, -0.004114202, -0.0043277666, -0.004429163, -0.004621706, -0.0048012165, -0.004886983, -0.005052665, -0.0052117766, -0.0053637875, -0.005436742, -0.0055766543, -0.0057108398, -0.005776687, -0.005906628, -0.00603348, -0.006156114, -0.0062158694, -0.0063333474, -0.00645007, -0.006508783, -0.0066259285, -0.0067400164, -0.006794746, -0.006898349, -0.0069946577, -0.0070866286, -0.007131761, -0.0072200443, -0.0073034354, -0.007341983, -0.007409424, -0.007461027, -0.007495577, -0.007506475, -0.0075167767, -0.0075139944, -0.0075082774, -0.0074893073, -0.007460547, -0.0074424814, -0.0073995427, -0.007349256, -0.0072931596, -0.0072633405, -0.0071998704, -0.007130666, -0.0070937844, -0.007015653, -0.006932613, -0.006845902, -0.006801244, -0.0067082085, -0.0066085816, -0.006555831, -0.006443628, -0.0063222605, -0.006258365, -0.0061242175, -0.005978888, -0.0058191656, -0.005733476, -0.005550099, -0.0053490098, -0.0052412637, -0.005011323, -0.004760841, -0.0044849887, -0.0043358817, -0.004015702, -0.0036779698, -0.0035146591, -0.0032636053, -0.003268025
0, 0, 0, 0, 0, 0, 0, 0, 0, 0, 0, 0, 0, 0, 0, 0, 0, 0, 0, 0, 0, 0, 0, 0, 0, 0, 0, 0, 0, 0, 0, 0, 0, 0, 0, 0, 0, 0, 0, 0, 0, 0, 0, 0, 0, 0, 0, 0, 0, 0, 0, 0, 0, 0, 0, 0, 0, 0, 0, 0, 0, 0, 0, 0, 0, 0, 0, 0, 0, 0, 0, -0.0038134523, -0.0035932458, -0.003325138, -0.0033965686, -0.0036087767, -0.0037272251, -0.0039603747, -0.0041806973, -0.0042857924, -0.004486383, -0.004675294, -0.0047662407, -0.004943023, -0.005113721, -0.0052778753, -0.00535694, -0.005509131, -0.005655323, -0.00572708, -0.005868427, -0.006005504, -0.006136856, -0.0062002097, -0.0063232277, -0.00644326, -0.006502821, -0.006620758, -0.006735014, -0.0067897574, -0.006893508, -0.006990084, -0.007082294, -0.007127617, -0.0072163017, -0.0073004947, -0.00733958, -0.0074085877, -0.007462122, -0.0074987053, -0.007510721, -0.0075233807, -0.0075237895, -0.007520373, -0.007507615, -0.007487247, -0.007473781, -0.0074399463, -0.007396757, -0.0073439176, -0.0073139383, -0.007246455, -0.0071691102, -0.0071272654, -0.0070390874, -0.0069474895, -0.006854854, -0.006808265, -0.0067132437, -0.0066135474, -0.0065610576, -0.0064492715, -0.0063276994, -0.006263471, -0.0061284355, -0.0059828223, -0.0058241542, -0.0057393014, -0.005556921, -0.005355082, -0.005246545, -0.0050150333, -0.0047642123, -0.0044888933, -0.004340056, -0.004019724, -0.003681108, -0.0035173525, -0.0032658686, -0.0032706081
0, 0, 0, 0, 0, 0, 0, 0, 0, 0, 0, 0, 0, 0, 0, 0, 0, 0, 0, 0, 0, 0, 0, 0, 0, 0, 0, 0, 0, 0, 0, 0, 0, 0, 0, 0, 0, 0, 0, 0, 0, 0, 0, 0, 0, 0, 0, 0, 0, 0, 0, 0, 0, 0, 0, 0, 0, 0, 0, 0, 0, 0, 0, 0, 0, 0, 0, 0, 0, 0, 0, -0.004335871, -0.0036783982, -0.0031127855, -0.003151107, -0.003375486, -0.0035030446, -0.003754497, -0.0039925524, -0.004106313, -0.0043241372, -0.004530696, -0.004630535, -0.0048247096, -0.005012096, -0.0051921336, -0.005278982, -0.0054460904, -0.0056063393, -0.005684617, -0.0058377334, -0.005984871, -0.006123904, -0.0061903703, -0.0063177533, -0.0064403005, -0.0065006535, -0.0066197123, -0.006734674, -0.0067898226, -0.006894426, -0.006991909, -0.007084823, -0.0071304343, -0.0072199046, -0.0073047383, -0.007344183, -0.007413406, -0.0074668173, -0.0075028115, -0.0075145904, -0.007527326, -0.0075289896, -0.0075268494, -0.007518303, -0.007503973, -0.007493981, -0.0074674976, -0.0074307285, -0.0073820218, -0.0073530204, -0.007284863, -0.007203711, -0.007159191, -0.0070647886, -0.0069663893, -0.006867667, -0.0068185576, -0.0067198705, -0.0066188057, -0.006566391, -0.0064554447, -0.0063344287, -0.0062700636, -0.006133967, -0.005987429, -0.005828686, -0.005744128, -0.0055621397, -0.005360101, -0.005251231, -0.005019029, -0.0047673997, -0.0044914614, -0.0043425187, -0.0040224623, -0.003684235, -0.0035204543, -0.0032683536, -0.0032723732
0, 0, 0, 0, 0, 0, 0, 0, 0, 0, 0, 0, 0, 0, 0, 0, 0, 0, 0, 0, 0, 0, 0, 0, 0, 0, 0, 0, 0, 0, 0, 0, 0, 0, 0, 0, 0, 0, 0, 0, 0, 0, 0, 0, 0, 0, 0, 0, 0, 0, 0, 0, 0, 0, 0, 0, 0, 0, 0, 0, 0, 0, 0, 0, 0, 0, 0, 0, 0, 0, 0, 0, -0.002949766, -0.0028089855, -0.00290577, -0.003141464, -0.003274882, -0.0035425667, -0.0038007242, -0.003925351, -0.004165513, -0.0043945233, -0.0045052473, -0.0047197575, -0.0049256315, -0.0051221964, -0.00521665, -0.0053977165, -0.005569704, -0.0056531643, -0.005815169, -0.0059691123, -0.0061133006, -0.006181623, -0.0063121594, -0.0064372635, -0.0064988, -0.006620512, -0.0067382986, -0.0067947777, -0.006902299, -0.007002549, -0.0070976955, -0.0071441173, -0.0072348053, -0.0073199156, -0.007359065, -0.0074271807, -0.0074782805, -0.007511465, -0.0075218203, -0.0075322757, -0.0075330376, -0.0075310473, -0.0075237914, -0.0075121685, -0.0075040995, -0.0074819266, -0.0074495827, -0.007404753, -0.007377144, -0.007310696, -0.007229962, -0.007185192, -0.0070891646, -0.0069878204, -0.006885045, -0.00683361, -0.0067306194, -0.0066266926, -0.0065735695, -0.00646243, -0.006341758, -0.0062774946, -0.006141196, -0.005993905, -0.005833946, -0.0057486775, -0.005565663, -0.0053633614, -0.005254593, -0.005022567, -0.004770499, -0.0044936794, -0.004344421, -0.0040243473, -0.0036866136, -0.003522977, -0.00327067, -0.0032741744
0, 0, 0, 0, 0, 0, 0, 0, 0, 0, 0, 0, 0, 0, 0, 0, 0, 0, 0, 0, 0, 0, 0, 0, 0, 0, 0, 0, 0, 0, 0, 0, 0, 0, 0, 0, 0, 0, 0, 0, 0, 0, 0, 0, 0, 0, 0, 0, 0, 0, 0, 0, 0, 0, 0, 0, 0, 0, 0, 0, 0, 0, 0, 0, 0, 0, 0, 0, 0, 0, 0, 0, -0.0031696367, -0.0027987661, -0.002763891, -0.0029582966, -0.00308872, -0.003367278, -0.0036464012, -0.003782628, -0.004046397, -0.0042974167, -0.004418157, -0.0046508224, -0.0048719686, -0.0050812867, -0.0051810965, -0.0053711417, -0.005549876, -0.005635968, -0.0058019226, -0.005958499, -0.006104306, -0.0061734347, -0.006305832, -0.006433284, -0.006496342, -0.0066214083, -0.006743289, -0.006802097, -0.00691413, -0.0070189503, -0.0071181254, -0.0071660653, -0.007258728, -0.0073446142, -0.0073836274, -0.0074502346, -0.007498623, -0.0075281938, -0.0075366353, -0.0075435503, -0.00754099, -0.0075375102, -0.0075277663, -0.0075145164, -0.00750621, -0.007484677, -0.007454319, -0.007412484, -0.0073865596, -0.0073237075, -0.0072466577, -0.007203519, -0.0071099577, -0.0070092757, -0.006904784, -0.0068518366, -0.006745226, -0.006638275, -0.006584134, -0.006471754, -0.006350642, -0.006286325, -0.006149719, -0.00600119, -0.005839344, -0.005753179, -0.005568664, -0.0053656385, -0.0052568135, -0.005024942, -0.0047728703, -0.004495815, -0.004346456, -0.004026276, -0.0036883447, -0.0035246275, -0.0032724708, -0.0032763637
0, 0, 0, 0, 0, 0, 0, 0, 0, 0, 0, 0, 0, 0, 0, 0, 0, 0, 0, 0, 0, 0, 0, 0, 0, 0, 0, 0, 0, 0, 0, 0, 0, 0, 0, 0, 0, 0, 0, 0, 0, 0, 0, 0, 0, 0, 0, 0, 0, 0, 0, 0, 0, 0, 0, 0, 0, 0, 0, 0, 0, 0, 0, 0, 0, 0, 0, 0, 0, 0, 0, 0, -0.0038121853, -0.0028234955, -0.0026427251, -0.0028214934, -0.0029587012, -0.0032597054, -0.0035632628, -0.0037109717, -0.003994516, -0.004261183, -0.004388443, -0.004631687, -0.004861017, -0.005076057, -0.0051780087, -0.005370685, -0.0055506327, -0.0056367773, -0.005802192, -0.0059575937, -0.0061021107, -0.006170771, -0.006302751, -0.006430834, -0.0064945403, -0.006621946, -0.0067473077, -0.0068080933, -0.0069248453, -0.0070349, -0.007138939, -0.0071889474, -0.007284914, -0.0073727597, -0.007412232, -0.007478963, -0.0075263274, -0.0075538037, -0.007560748, -0.0075638033, -0.007556289, -0.0075500184, -0.007534488, -0.007515963, -0.007505471, -0.0074811177, -0.0074499524, -0.0074091307, -0.0073844073, -0.0073254937, -0.007253883, -0.007213842, -0.007126088, -0.007029201, -0.006925244, -0.0068715448, -0.006762356, -0.0066525345, -0.00659731, -0.006483802, -0.006362171, -0.0062975553, -0.006159569, -0.0060084984, -0.005844008, -0.005756862, -0.005571154, -0.005367503, -0.0052585397, -0.005026787, -0.0047749355, -0.00449765, -0.00434807, -0.0040278374, -0.0036902495, -0.0035267032, -0.003274519, -0.003278216
0, 0, 0, 0, 0, 0, 0, 0, 0, 0, 0, 0, 0, 0, 0, 0, 0, 0, 0, 0, 0, 0, 0, 0, 0, 0, 0, 0, 0, 0, 0, 0, 0, 0, 0, 0, 0, 0, 0, 0, 0, 0, 0, 0, 0, 0, 0, 0, 0, 0, 0, 0, 0, 0, 0, 0, 0, 0, 0, 0, 0, 0, 0, 0, 0, 0, 0, 0, 0, 0, 0, 0, 0, -0.0024488326, -0.0024972649, -0.0027543404, -0.0029153964, -0.0032500722, -0.0035749122, -0.0037297958, -0.004022337, -0.004292668, -0.004420488, -0.004663453, -0.0048910966, -0.0051037306, -0.0052042413, -0.0053937878, -0.0055702887, -0.005654577, -0.005816161, -0.005967975, -0.0061094523, -0.0061766636, -0.0063066115, -0.0064337575, -0.00649743, -0.006625571, -0.0067525017, -0.0068144402, -0.006933785, -0.0070467624, -0.007153756, -0.0072052754, -0.0073040114, -0.0073946444, -0.007435466, -0.0075051105, -0.0075550275, -0.0075836265, -0.007590369, -0.007591231, -0.0075793033, -0.007570229, -0.007548311, -0.0075230324, -0.0075093415, -0.007479348, -0.0074436786, -0.0074004987, -0.00737577, -0.007319555, -0.007254119, -0.007217963, -0.00713791, -0.0070462846, -0.006944221, -0.0068903957, -0.006779999, -0.006668784, -0.0066130417, -0.006498769, -0.0063760006, -0.0063102543, -0.006169277, -0.006015196, -0.005848283, -0.005760126, -0.005573036, -0.005368963, -0.005260042, -0.0050285766, -0.0047769304, -0.004499377, -0.0043496126, -0.0040293303, -0.0036924053, -0.0035291053, -0.003276856, -0.0032800348
0, 0, 0, 0, 0, 0, 0, 0, 0, 0, 0, 0, 0, 0, 0, 0, 0, 0, 0, 0, 0, 0, 0, 0, 0, 0, 0, 0, 0, 0, 0, 0, 0, 0, 0, 0, 0, 0, 0, 0, 0, 0, 0, 0, 0, 0, 0, 0, 0, 0, 0, 0, 0, 0, 0, 0, 0, 0, 0, 0, 0, 0, 0, 0, 0, 0, 0, 0, 0, 0, 0, 0, 0, -0.0024876501, -0.0025547426, -0.0028392812, -0.0030112416, -0.003359334, -0.003686902, -0.0038398784, -0.004124484, -0.004383411, -0.004504977, -0.0047353925, -0.0049512773, -0.005153399, -0.005249149, -0.0054303952, -0.005599467, -0.0056802267, -0.0058357827, -0.0059829354, -0.00612093, -0.0061868434, -0.0063149403, -0.006441626, -0.006505467, -0.006633978, -0.00676147, -0.00682358, -0.0069428855, -0.007055491, -0.0071623004, -0.007213886, -0.0073133204, -0.007405848, -0.0074480916, -0.0075211213, -0.0075747757, -0.007606607, -0.007614613, -0.007617156, -0.007605732, -0.0075962613, -0.007572127, -0.0075422805, -0.007525413, -0.0074874363, -0.007443307, -0.0073938775, -0.0073675634, -0.0073119197, -0.0072514485, -0.0072187465, -0.0071455375, -0.00705899, -0.0069600255, -0.006907119, -0.006797901, -0.0066871494, -0.006631206, -0.006515181, -0.00638951, -0.006322115, -0.0061779083, -0.006021163, -0.005852215, -0.005763084, -0.005574521, -0.0053701503, -0.005261555, -0.005030814, -0.004779137, -0.004501138, -0.004351316, -0.0040313723, -0.003694887, -0.0035317, -0.0032792862, -0.0032821393
0, 0, 0, 0, 0, 0, 0, 0, 0, 0, 0, 0, 0, 0, 0, 0, 0, 0, 0, 0, 0, 0, 0, 0, 0, 0, 0, 0, 0, 0, 0, 0, 0, 0, 0, 0, 0, 0, 0, 0, 0, 0, 0, 0, 0, 0, 0, 0, 0, 0, 0, 0, 0, 0, 0, 0, 0, 0, 0, 0, 0, 0, 0, 0, 0, 0, 0, 0, 0, 0, 0, 0, 0, -0.0028147637, -0.0028248685, -0.0030767424, -0.0032371455, -0.0035640765, -0.00386962, -0.0040110075, -0.004271577, -0.004506764, -0.0046171052, -0.0048267487, -0.0050243954, -0.005210613, -0.005299405, -0.0054683336, -0.0056269183, -0.005703268, -0.0058514867, -0.0059936126, -0.006128271, -0.006193182, -0.006320463, -0.006447881, -0.0065123485, -0.006642179, -0.0067705265, -0.006832822, -0.0069515575, -0.0070627052, -0.0071678204, -0.0072185677, -0.007316538, -0.007408237, -0.007450369, -0.007523878, -0.007579303, -0.007614537, -0.007625025, -0.0076337373, -0.007629108, -0.007622718, -0.007602353, -0.007572058, -0.007553193, -0.007508474, -0.007455867, -0.00739896, -0.0073699052, -0.007311056, -0.007250648, -0.007218779, -0.0071483436, -0.0070660617, -0.0069723492, -0.006922125, -0.0068171853, -0.006707535, -0.0066507333, -0.0065309005, -0.0064004487, -0.0063310377, -0.0061840946, -0.006025948, -0.005855813, -0.005766092, -0.0055765053, -0.0053719305, -0.005263512, -0.0050330707, -0.0047812415, -0.004503565, -0.0043541235, -0.0040346663, -0.0036975774, -0.00353392, -0.0032813558, -0.0032851037
0, 0, 0, 0, 0, 0, 0, 0, 0, 0, 0, 0, 0, 0, 0, 0, 0, 0, 0, 0, 0, 0, 0, 0, 0, 0, 0, 0, 0, 0, 0, 0, 0, 0, 0, 0, 0, 0, 0, 0, 0, 0, 0, 0, 0, 0, 0, 0, 0, 0, 0, 0, 0, 0, 0, 0, 0, 0, 0, 0, 0, 0, 0, 0, 0, 0, 0, 0, 0, 0, 0, 0, 0, -0.0033150716, -0.0032069678, -0.0033752834, -0.0035058442, -0.0037865546, -0.0040552123, -0.0041801957, -0.004410421, -0.0046188687, -0.004717009, -0.0049051302, -0.0050841165, -0.005254109, -0.0053356164, -0.0054918877, -0.0056404974, -0.0057128416, -0.005854972, -0.005993227, -0.006126299, -0.006191051, -0.006319294, -0.006448573, -0.006514043, -0.006645668, -0.0067752623, -0.006837775, -0.006956204, -0.0070661106, -0.0071691787, -0.0072186645, -0.007313947, -0.0074029723, -0.007443961, -0.0075159734, -0.007571923, -0.0076106265, -0.007623916, -0.0076402384, -0.007644691, -0.007642653, -0.0076295007, -0.0076033003, -0.0075852117, -0.0075397044, -0.0074837883, -0.007421705, -0.0073893927, -0.0073234956, -0.0072566164, -0.007222239, -0.007149477, -0.0070698145, -0.006982361, -0.0069356887, -0.006836254, -0.0067278254, -0.0066697276, -0.006544652, -0.006408272, -0.006336542, -0.0061869454, -0.006028277, -0.005858721, -0.0057693766, -0.0055802464, -0.0053752502, -0.0052663577, -0.0050350036, -0.004783419, -0.0045071617, -0.0043583727, -0.004039023, -0.0037005371, -0.0035361717, -0.0032834327, -0.0032885803
0, 0, 0, 0, 0, 0, 0, 0, 0, 0, 0, 0, 0, 0, 0, 0, 0, 0, 0, 0, 0, 0, 0, 0, 0, 0, 0, 0, 0, 0, 0, 0, 0, 0, 0, 0, 0, 0, 0, 0, 0, 0, 0, 0, 0, 0, 0, 0, 0, 0, 0, 0, 0, 0, 0, 0, 0, 0, 0, 0, 0, 0, 0, 0, 0, 0, 0, 0, 0, 0, 0, 0, 0, -0.003925843, -0.0035521379, -0.003590663, -0.0036861752, -0.0039218627, -0.0041598324, -0.0042718197, -0.0044796537, -0.004669468, -0.0047595724, -0.004933439, -0.005100185, -0.0052596633, -0.0053365626, -0.0054852488, -0.0056287395, -0.0056993975, -0.0058399476, -0.005978743, -0.006114149, -0.006180424, -0.0063118204, -0.00644366, -0.006510139, -0.0066433414, -0.006773432, -0.0068358076, -0.0069535193, -0.007061939, -0.0071629207, -0.007211314, -0.0073043513, -0.0073911874, -0.007431311, -0.0075027663, -0.0075598103, -0.0076017883, -0.007617554, -0.00764014, -0.0076519256, -0.0076536885, -0.007648227, -0.007629294, -0.00761454, -0.0075743776, -0.0075210794, -0.0074576084, -0.007422901, -0.0073496616, -0.0072737695, -0.0072352476, -0.0071568782, -0.007076551, -0.006992532, -0.0069480664, -0.0068520936, -0.006744141, -0.006684746, -0.00655489, -0.0064132754, -0.006339479, -0.0061874175, -0.006028661, -0.005860933, -0.005772714, -0.005585191, -0.0053799963, -0.00527049, -0.0050379075, -0.0047864798, -0.00451146, -0.0043632197, -0.004043828, -0.0037041563, -0.003539293, -0.0032862325, -0.0032918486
0, 0, 0, 0, 0, 0, 0, 0, 0, 0, 0, 0, 0, 0, 0, 0, 0, 0, 0, 0, 0, 0, 0, 0, 0, 0, 0, 0, 0, 0, 0, 0, 0, 0, 0, 0, 0, 0, 0, 0, 0, 0, 0, 0, 0, 0, 0, 0, 0, 0, 0, 0, 0, 0, 0, 0, 0, 0, 0, 0, 0, 0, 0, 0, 0, 0, 0, 0, 0, 0, 0, 0, 0, -0.0043925527, -0.0036281357, -0.0035875468, -0.003671057, -0.00389493, -0.0041251304, -0.00423395, -0.004437031, -0.0046239262, -0.0047130575, -0.0048854556, -0.005051472, -0.005211069, -0.005288367, -0.0054387054, -0.0055855107, -0.0056585046, -0.005804422, -0.005949656, -0.0060917703, -0.0061612795, -0.0062979227, -0.0064334557, -0.006501121, -0.0066353157, -0.006764879, -0.0068266657, -0.0069429157, -0.007049565, -0.0071490095, -0.007196721, -0.0072890553, -0.007375797, -0.0074162297, -0.0074889977, -0.007548382, -0.0075935777, -0.007611142, -0.007637766, -0.007654009, -0.0076583102, -0.0076590125, -0.007647675, -0.0076370556, -0.007604984, -0.007557869, -0.007496825, -0.007461772, -0.0073849997, -0.007302901, -0.007261029, -0.0071767876, -0.0070927916, -0.007006638, -0.006961309, -0.006863475, -0.0067529688, -0.0066920095, -0.006559077, -0.006415266, -0.006340871, -0.0061880546, -0.0060295076, -0.0058633448, -0.0057760887, -0.005589931, -0.0053850934, -0.0052755866, -0.005043082, -0.004791607, -0.00451623, -0.0043677655, -0.004048235, -0.0037086853, -0.0035437266, -0.003289996, -0.0032946402
0, 0, 0, 0, 0, 0, 0, 0, 0, 0, 0, 0, 0, 0, 0, 0, 0, 0, 0, 0, 0, 0, 0, 0, 0, 0, 0, 0, 0, 0, 0, 0, 0, 0, 0, 0, 0, 0, 0, 0, 0, 0, 0, 0, 0, 0, 0, 0, 0, 0, 0, 0, 0, 0, 0, 0, 0, 0, 0, 0, 0, 0, 0, 0, 0, 0, 0, 0, 0, 0, 0, 0, 0, -0.0035095462, -0.0033170946, -0.0033791107, -0.0034762996, -0.0037126348, -0.003952167, -0.0040661553, -0.004281002, -0.0044805654, -0.004575972, -0.0047606984, -0.004938891, -0.005110484, -0.00519365, -0.0053553274, -0.005513546, -0.0055923085, -0.0057498356, -0.005906109, -0.006058016, -0.0061317594, -0.0062753865, -0.0064154034, -0.006484465, -0.0066199526, -0.0067494027, -0.006810868, -0.006926299, -0.007032545, -0.0071321004, -0.0071802717, -0.007273826, -0.007362445, -0.0074039884, -0.007479153, -0.0075409757, -0.007588342, -0.007606882, -0.0076352637, -0.007653638, -0.0076595326, -0.0076645887, -0.007659411, -0.007652265, -0.007627286, -0.007586567, -0.007530442, -0.0074972343, -0.007422607, -0.007340684, -0.0072981203, -0.007210862, -0.0071210633, -0.007026753, -0.00697691, -0.006870454, -0.0067535425, -0.0066907546, -0.0065568783, -0.006414718, -0.0063413805, -0.0061903666, -0.006032879, -0.0058673853, -0.0057803616, -0.005594378, -0.005390066, -0.005281138, -0.0050500557, -0.0047988067, -0.004521962, -0.004372586, -0.0040521887, -0.0037132234, -0.0035485763, -0.0032942842, -0.0032974384
0, 0, 0, 0, 0, 0, 0, 0, 0, 0, 0, 0, 0, 0, 0, 0, 0, 0, 0, 0, 0, 0, 0, 0, 0, 0, 0, 0, 0, 0, 0, 0, 0, 0, 0, 0, 0, 0, 0, 0, 0, 0, 0, 0, 0, 0, 0, 0, 0, 0, 0, 0, 0, 0, 0, 0, 0, 0, 0, 0, 0, 0, 0, 0, 0, 0, 0, 0, 0, 0, 0, 0, 0, -0.003629381, -0.0032053997, -0.0031445802, -0.0032167495, -0.0034399657, -0.0036896907, -0.003812771, -0.0040492453, -0.0042719706, -0.0043788487, -0.004586066, -0.0047858907, -0.0049780463, -0.005070734, -0.005250225, -0.00542477, -0.005511266, -0.005683056, -0.0058513726, -0.00601341, -0.006091454, -0.006241933, -0.0063865795, -0.006457257, -0.00659511, -0.0067262724, -0.006788613, -0.0069060833, -0.007014983, -0.0071178917, -0.0071678273, -0.0072650374, -0.0073569366, -0.0073999222, -0.007477194, -0.0075401785, -0.007587691, -0.0076059927, -0.007633909, -0.0076525565, -0.007658981, -0.007666277, -0.007664529, -0.0076595126, -0.007639569, -0.0076048602, -0.00755566, -0.0075262035, -0.0074588517, -0.007382501, -0.0073414496, -0.007253328, -0.0071565127, -0.0070504085, -0.0069938675, -0.0068747774, -0.006749365, -0.006684511, -0.006550807, -0.0064125434, -0.006341604, -0.0061947466, -0.0060394085, -0.005873888, -0.005786301, -0.005599299, -0.005395389, -0.0052872323, -0.005057887, -0.0048069283, -0.0045285425, -0.0043781465, -0.004056435, -0.0037173764, -0.0035528138, -0.003298257, -0.003300631
0, 0, 0, 0, 0, 0, 0, 0, 0, 0, 0, 0, 0, 0, 0, 0, 0, 0, 0, 0, 0, 0, 0, 0, 0, 0, 0, 0, 0, 0, 0, 0, 0, 0, 0, 0, 0, 0, 0, 0, 0, 0, 0, 0, 0, 0, 0, 0, 0, 0, 0, 0, 0, 0, 0, 0, 0, 0, 0, 0, 0, 0, 0, 0, 0, 0, 0, 0, 0, 0, 0, 0, 0, -0.0042249393, -0.003086892, -0.0028600881, -0.0029120184, -0.0031344658, -0.0034033377, -0.003538844, -0.0038021244, -0.0040521803, -0.0041724625, -0.0044055576, -0.0046298965, -0.004844336, -0.00494728, -0.0051455097, -0.005336632, -0.0054304497, -0.005614873, -0.005793028, -0.0059626778, -0.0060439324, -0.006199552, -0.006348213, -0.0064207385, -0.006562307, -0.00669742, -0.0067619067, -0.006884439, -0.006999049, -0.0071081594, -0.0071611805, -0.0072639855, -0.007360385, -0.0074049765, -0.007484082, -0.007547028, -0.0075929654, -0.0076101706, -0.0076354053, -0.007651637, -0.0076571754, -0.007663558, -0.007662587, -0.007658791, -0.0076431436, -0.007615307, -0.0075751906, -0.0075506405, -0.0074926936, -0.007423246, -0.0073839044, -0.007294603, -0.00719024, -0.0070722695, -0.0070091793, -0.0068780174, -0.006744842, -0.0066784, -0.006545747, -0.006411991, -0.0063437265, -0.006201444, -0.0060479734, -0.0058818897, -0.0057937484, -0.0056060404, -0.0054025073, -0.0052946885, -0.0050656963, -0.0048143384, -0.0045350892, -0.0043842257, -0.0040615276, -0.0037213452, -0.003556326, -0.0033013108, -0.0033039676
0, 0, 0, 0, 0, 0, 0, 0, 0, 0, 0, 0, 0, 0, 0, 0, 0, 0, 0, 0, 0, 0, 0, 0, 0, 0, 0, 0, 0, 0, 0, 0, 0, 0, 0, 0, 0, 0, 0, 0, 0, 0, 0, 0, 0, 0, 0, 0, 0, 0, 0, 0, 0, 0, 0, 0, 0, 0, 0, 0, 0, 0, 0, 0, 0, 0, 0, 0, 0, 0, 0, 0, 0, 0, -0.0024829828, -0.0025031178, -0.0025981073, -0.0028663094, -0.0031655156, -0.0033145885, -0.003603487, -0.003877566, -0.004009298, -0.0042639407, -0.0045078886, -0.004739764, -0.0048507, -0.005063147, -0.0052659404, -0.0053646048, -0.005556477, -0.0057400223, -0.005913704, -0.005996657, -0.0061553484, -0.006307506, -0.0063820602, -0.0065281275, -0.006668453, -0.006735848, -0.0068646856, -0.0069859545, -0.007101709, -0.0071580373, -0.00726675, -0.0073678438, -0.007414189, -0.00749531, -0.007558238, -0.007602447, -0.007618185, -0.007639555, -0.007651488, -0.00765499, -0.0076583074, -0.0076569505, -0.007654137, -0.0076430854, -0.007622975, -0.0075922096, -0.0075723296, -0.0075225784, -0.0074576666, -0.00741871, -0.007326282, -0.007214415, -0.0070869303, -0.007019228, -0.0068806405, -0.006743886, -0.0066773477, -0.0065470305, -0.006416896, -0.006350243, -0.0062100543, -0.006057145, -0.0058907685, -0.005802576, -0.005615238, -0.0054116515, -0.0053034304, -0.0050730957, -0.0048207142, -0.004541019, -0.004389994, -0.004066604, -0.003725326, -0.00355973, -0.003303991, -0.0033066862
0, 0, 0, 0, 0, 0, 0, 0, 0, 0, 0, 0, 0, 0, 0, 0, 0, 0, 0, 0, 0, 0, 0, 0, 0, 0, 0, 0, 0, 0, 0, 0, 0, 0, 0, 0, 0, 0, 0, 0, 0, 0, 0, 0, 0, 0, 0, 0, 0, 0, 0, 0, 0, 0, 0, 0, 0, 0, 0, 0, 0, 0, 0, 0, 0, 0, 0, 0, 0, 0, 0, 0, 0, 0, -0.0022835792, -0.0023283463, -0.0024347906, -0.0027230154, -0.003040085, -0.0031974122, -0.003501888, -0.0037899404, -0.003928027, -0.004193885, -0.004447312, -0.004687165, -0.0048014754, -0.0050193686, -0.005225605, -0.0053252745, -0.005518232, -0.0057021044, -0.005876063, -0.0059591993, -0.00611905, -0.006273679, -0.0063500265, -0.0065002986, -0.00664552, -0.006715593, -0.006850022, -0.006976573, -0.0070971665, -0.00715568, -0.007268409, -0.0073726107, -0.007420146, -0.007502697, -0.007565739, -0.0076088104, -0.0076235943, -0.007642455, -0.007651507, -0.007653816, -0.007655842, -0.007655444, -0.00765411, -0.0076475223, -0.007633261, -0.0076082423, -0.0075908215, -0.0075444146, -0.007479855, -0.007439717, -0.007342959, -0.0072256303, -0.0070930445, -0.0070236037, -0.006883939, -0.006748801, -0.006683746, -0.006556849, -0.006428835, -0.006362342, -0.0062211603, -0.006067107, -0.0059004235, -0.0058124075, -0.005625664, -0.005421964, -0.005313106, -0.0050805584, -0.0048260875, -0.004545701, -0.0043947115, -0.0040712296, -0.00372927, -0.003563101, -0.003306339, -0.003308637
0, 0, 0, 0, 0, 0, 0, 0, 0, 0, 0, 0, 0, 0, 0, 0, 0, 0, 0, 0, 0, 0, 0, 0, 0, 0, 0, 0, 0, 0, 0, 0, 0, 0, 0, 0, 0, 0, 0, 0, 0, 0, 0, 0, 0, 0, 0, 0, 0, 0, 0, 0, 0, 0, 0, 0, 0, 0, 0, 0, 0, 0, 0, 0, 0, 0, 0, 0, 0, 0, 0, 0, 0, 0, -0.0023353011, -0.0023513485, -0.0024496703, -0.0027319817, -0.0030498516, -0.003208467, -0.003515351, -0.003804715, -0.0039428105, -0.0042071887, -0.00445774, -0.004693976, -0.0048062913, -0.005019826, -0.0052213348, -0.005318601, -0.005506972, -0.005686954, -0.0058578537, -0.005939992, -0.0060991123, -0.006254565, -0.0063317665, -0.0064845155, -0.0066329185, -0.0067046746, -0.0068420363, -0.0069708116, -0.0070927767, -0.0071516475, -0.0072646462, -0.0073686833, -0.0074160607, -0.0074982485, -0.0075610206, -0.007604342, -0.007619476, -0.0076398104, -0.007651352, -0.0076552955, -0.0076613696, -0.0076652714, -0.007665964, -0.007662454, -0.0076492867, -0.007623277, -0.007604587, -0.007554635, -0.00748577, -0.0074435407, -0.007343352, -0.0072247325, -0.0070931655, -0.0070251785, -0.006890143, -0.0067605646, -0.0066979723, -0.0065744515, -0.00644689, -0.0063793603, -0.006234897, -0.006078431, -0.0059111915, -0.005823163, -0.0056363614, -0.0054321517, -0.005322605, -0.0050875703, -0.004830465, -0.004549372, -0.0043987017, -0.0040756403, -0.003732485, -0.0035654232, -0.0033077216, -0.0033105551
0, 0, 0, 0, 0, 0, 0, 0, 0, 0, 0, 0, 0, 0, 0, 0, 0, 0, 0, 0, 0, 0, 0, 0, 0, 0, 0, 0, 0, 0, 0, 0, 0, 0, 0, 0, 0, 0, 0, 0, 0, 0, 0, 0, 0, 0, 0, 0, 0, 0, 0, 0, 0, 0, 0, 0, 0, 0, 0, 0, 0, 0, 0, 0, 0, 0, 0, 0, 0, 0, 0, 0, 0, 0, -0.0024955543, -0.002495398, -0.0025885028, -0.0028641683, -0.003176844, -0.003332355, -0.0036314128, -0.0039104475, -0.0040423954, -0.004293401, -0.004530009, -0.0047528604, -0.0048587723, -0.0050601494, -0.0052508297, -0.005343308, -0.0055232174, -0.0056961584, -0.0058618505, -0.0059420587, -0.0060985703, -0.0062525943, -0.0063294317, -0.006482173, -0.0066309273, -0.006702736, -0.0068395897, -0.0069668833, -0.0070862663, -0.0071435487, -0.0072529293, -0.0073533785, -0.0073991534, -0.0074790493, -0.007541235, -0.0075865057, -0.007603725, -0.007630586, -0.007651196, -0.0076601943, -0.0076760794, -0.0076875105, -0.007690375, -0.0076874685, -0.0076699136, -0.0076358267, -0.0076123984, -0.007552915, -0.007476666, -0.0074322107, -0.00733117, -0.0072160736, -0.007091434, -0.007027643, -0.0069012963, -0.0067789895, -0.0067189336, -0.0065974654, -0.0064682616, -0.006399045, -0.0062506325, -0.006091419, -0.0059230397, -0.005834653, -0.005646828, -0.005440969, -0.005330449, -0.005093267, -0.0048343516, -0.004552797, -0.004402275, -0.0040791887, -0.003734562, -0.0035666937, -0.003308582, -0.0033124217
0, 0, 0, 0, 0, 0, 0, 0, 0, 0, 0, 0, 0, 0, 0, 0, 0, 0, 0, 0, 0, 0, 0, 0, 0, 0, 0, 0, 0, 0, 0, 0, 0, 0, 0, 0, 0, 0, 0, 0, 0, 0, 0, 0, 0, 0, 0, 0, 0, 0, 0, 0, 0, 0, 0, 0, 0, 0, 0, 0, 0, 0, 0, 0, 0, 0, 0, 0, 0, 0, 0, 0, 0, 0, -0.0027046248, -0.0027022096, -0.002796926, -0.003074475, -0.0033825722, -0.0035328816, -0.0038169078, -0.0040764213, -0.0041976236, -0.0044267485, -0.004642409, -0.004845951, -0.0049428158, -0.005127681, -0.0053041535, -0.0053904327, -0.0055597266, -0.0057240585, -0.0058830422, -0.005960598, -0.006112713, -0.0062632603, -0.006338649, -0.0064889095, -0.0066351257, -0.006705399, -0.0068386225, -0.0069615142, -0.007075504, -0.0071298145, -0.0072333096, -0.0073285205, -0.007372146, -0.007449188, -0.007511593, -0.0075608785, -0.007581769, -0.0076188636, -0.007652339, -0.0076679774, -0.0076957983, -0.007714682, -0.00771904, -0.0077143605, -0.0076892697, -0.0076440563, -0.0076146373, -0.0075439913, -0.007460213, -0.0074141114, -0.007314236, -0.0072057024, -0.007091476, -0.007033473, -0.006917772, -0.0068027363, -0.0067445356, -0.0066230916, -0.0064904112, -0.006418972, -0.0062668025, -0.0061053135, -0.0059354394, -0.005846299, -0.005656421, -0.0054479954, -0.005336237, -0.005097301, -0.004837773, -0.004556094, -0.0044054477, -0.004081566, -0.0037356813, -0.0035673873, -0.0033093495, -0.003314006
0, 0, 0, 0, 0, 0, 0, 0, 0, 0, 0, 0, 0, 0, 0, 0, 0, 0, 0, 0, 0, 0, 0, 0, 0, 0, 0, 0, 0, 0, 0, 0, 0, 0, 0, 0, 0, 0, 0, 0, 0, 0, 0, 0, 0, 0, 0, 0, 0, 0, 0, 0, 0, 0, 0, 0, 0, 0, 0, 0, 0, 0, 0, 0, 0, 0, 0, 0, 0, 0, 0, 0, 0, 0, -0.00294759, -0.0029431018, -0.00304016, -0.0033190825, -0.0036187982, -0.003761401, -0.0040247696, -0.0042598806, -0.0043685716, -0.0045734155, -0.004766751, -0.004949985, -0.005037455, -0.005205219, -0.0053669913, -0.0054468433, -0.0056048976, -0.005759889, -0.0059111346, -0.005985356, -0.00613165, -0.0062770047, -0.0063500265, -0.006495805, -0.0066375365, -0.0067055053, -0.0068340166, -0.006951775, -0.0070601855, -0.0071117124, -0.007210191, -0.0073012765, -0.007343415, -0.0074192723, -0.0074836463, -0.0075383987, -0.0075633284, -0.0076103904, -0.00765473, -0.00767557, -0.00771169, -0.007734989, -0.0077398554, -0.0077326875, -0.007701204, -0.0076474543, -0.0076135, -0.00753471, -0.007446211, -0.007399489, -0.007302049, -0.007200875, -0.0070971455, -0.0070445715, -0.006938134, -0.006828626, -0.006771248, -0.006648024, -0.0065113143, -0.0064378893, -0.006282532, -0.0061186496, -0.0059467265, -0.005856584, -0.005664281, -0.005453266, -0.005340415, -0.0051003527, -0.004840707, -0.0045587057, -0.004407653, -0.004082775, -0.0037365155, -0.0035682942, -0.003310402, -0.0033150055
0, 0, 0, 0, 0, 0, 0, 0, 0, 0, 0, 0, 0, 0, 0, 0, 0, 0, 0, 0, 0, 0, 0, 0, 0, 0, 0, 0, 0, 0, 0, 0, 0, 0, 0, 0, 0, 0, 0, 0, 0, 0, 0, 0, 0, 0, 0, 0, 0, 0, 0, 0, 0, 0, 0, 0, 0, 0, 0, 0, 0, 0, 0, 0, 0, 0, 0, 0, 0, 0, 0, 0, 0, 0, -0.0032335583, -0.0032025191, -0.0032898055, -0.0035501295, -0.0038285956, -0.003959685, -0.004199463, -0.0044118827, -0.0045099673, -0.0046953373, -0.0048712115, -0.0050386903, -0.0051189037, -0.0052733133, -0.0054233046, -0.0054977583, -0.00564584, -0.0057919393, -0.005935299, -0.0060059237, -0.0061453986, -0.006284444, -0.0063545294, -0.006494952, -0.0066319127, -0.006697843, -0.006822796, -0.0069375527, -0.007043507, -0.0070941155, -0.007191223, -0.0072818073, -0.0073241713, -0.007401763, -0.007469228, -0.007528334, -0.0075556766, -0.007607324, -0.007655566, -0.007677926, -0.007715987, -0.007740075, -0.0077448823, -0.00773665, -0.0077031497, -0.007646838, -0.0076114847, -0.007530641, -0.007442084, -0.0073961914, -0.007302542, -0.0072076865, -0.007111246, -0.0070619388, -0.0069603897, -0.006852792, -0.006795164, -0.006669422, -0.006529465, -0.0064546405, -0.006296662, -0.006129898, -0.0059553976, -0.005864216, -0.0056699864, -0.0054570246, -0.00534349, -0.005102853, -0.004843121, -0.004560375, -0.004408751, -0.0040832506, -0.0037374892, -0.0035695992, -0.0033116895, -0.0033155526
0, 0, 0, 0, 0, 0, 0, 0, 0, 0, 0, 0, 0, 0, 0, 0, 0, 0, 0, 0, 0, 0, 0, 0, 0, 0, 0, 0, 0, 0, 0, 0, 0, 0, 0, 0, 0, 0, 0, 0, 0, 0, 0, 0, 0, 0, 0, 0, 0, 0, 0, 0, 0, 0, 0, 0, 0, 0, 0, 0, 0, 0, 0, 0, 0, 0, 0, 0, 0, 0, 0, 0, 0, 0, -0.0035827546, -0.003450112, -0.003497752, -0.0037025837, -0.003946296, -0.0040648878, -0.004285985, -0.004485532, -0.0045786346, -0.0047557484, -0.0049246736, -0.005085988, -0.005163368, -0.0053122602, -0.0054566353, -0.0055281417, -0.0056702658, -0.005810504, -0.0059480495, -0.006015698, -0.0061491476, -0.0062824762, -0.0063499254, -0.0064857784, -0.0066194963, -0.006684392, -0.00680848, -0.0069240457, -0.0070322114, -0.0070842947, -0.0071847634, -0.0072790547, -0.0073232804, -0.0074039483, -0.0074731573, -0.007532209, -0.007558709, -0.0076074624, -0.0076519824, -0.0076724454, -0.0077075576, -0.007730276, -0.007735085, -0.0077281445, -0.0076973527, -0.0076445034, -0.0076110936, -0.007534746, -0.0074510216, -0.007407626, -0.007318906, -0.0072283344, -0.007134431, -0.007085562, -0.006983361, -0.0068731876, -0.006813909, -0.006685181, -0.006543132, -0.006467476, -0.0063075544, -0.0061382707, -0.0059614307, -0.005869249, -0.0056733596, -0.005459193, -0.005345417, -0.0051049413, -0.0048452467, -0.0045615057, -0.0044092564, -0.0040833717, -0.0037385586, -0.0035711639, -0.0033132103, -0.003316157
0, 0, 0, 0, 0, 0, 0, 0, 0, 0, 0, 0, 0, 0, 0, 0, 0, 0, 0, 0, 0, 0, 0, 0, 0, 0, 0, 0, 0, 0, 0, 0, 0, 0, 0, 0, 0, 0, 0, 0, 0, 0, 0, 0, 0, 0, 0, 0, 0, 0, 0, 0, 0, 0, 0, 0, 0, 0, 0, 0, 0, 0, 0, 0, 0, 0, 0, 0, 0, 0, 0, 0, 0, 0, -0.0039924653, -0.0035961936, -0.003568821, -0.0036978007, -0.0039153225, -0.004029242, -0.004249133, -0.0044528544, -0.004549038, -0.004732701, -0.004907723, -0.005074368, -0.00515414, -0.0053067394, -0.0054533007, -0.0055254283, -0.005668146, -0.005808279, -0.00594483, -0.006011665, -0.006143234, -0.006274845, -0.006341528, -0.006476263, -0.0066101328, -0.006675671, -0.0068022516, -0.00692189, -0.007035318, -0.007090243, -0.0071961894, -0.0072950306, -0.0073407516, -0.0074225487, -0.007489845, -0.007544002, -0.0075672064, -0.0076084575, -0.007645509, -0.0076628122, -0.007693255, -0.0077141183, -0.0077191787, -0.007714898, -0.007689524, -0.007644142, -0.0076149665, -0.0075473883, -0.00747191, -0.007432066, -0.007348645, -0.0072603174, -0.007165063, -0.0071142553, -0.007006237, -0.0068894434, -0.0068271616, -0.0066942726, -0.006550485, -0.006474491, -0.006314068, -0.0061439006, -0.005965445, -0.005872298, -0.0056746476, -0.0054596732, -0.005346044, -0.0051065558, -0.004847334, -0.004562707, -0.004409797, -0.004083471, -0.0037397072, -0.003572923, -0.0033151787, -0.0033170725
0, 0, 0, 0, 0, 0, 0, 0, 0, 0, 0, 0, 0, 0, 0, 0, 0, 0, 0, 0, 0, 0, 0, 0, 0, 0, 0, 0, 0, 0, 0, 0, 0, 0, 0, 0, 0, 0, 0, 0, 0, 0, 0, 0, 0, 0, 0, 0, 0, 0, 0, 0, 0, 0, 0, 0, 0, 0, 0, 0, 0, 0, 0, 0, 0, 0, 0, 0, 0, 0, 0, 0, 0, 0, -0.004230458, -0.003446812, -0.003374985, -0.0034924054, -0.0037280398, -0.0038534265, -0.004096464, -0.004322055, -0.004428429, -0.0046309694, -0.004822481, -0.0050032497, -0.0050892592, -0.0052531054, -0.0054091434, -0.0054855705, -0.00563624, -0.0057835015, -0.0059261657, -0.0059957164, -0.006132675, -0.006269423, -0.0063385097, -0.0064777476, -0.0066163326, -0.0066842833, -0.0068157073, -0.0069401083, -0.0070580146, -0.007114838, -0.0072235283, -0.0073233484, -0.0073686056, -0.007447772, -0.007510334, -0.0075579844, -0.0075775795, -0.0076116775, -0.00764225, -0.0076568546, -0.007683425, -0.0077028982, -0.0077082533, -0.0077070193, -0.007687564, -0.007650212, -0.007625633, -0.0075674662, -0.0075004995, -0.0074641723, -0.0073856185, -0.0072980663, -0.007199074, -0.0071448763, -0.0070280586, -0.006901848, -0.0068355715, -0.0066971933, -0.0065513784, -0.006475333, -0.006315999, -0.0061469083, -0.00596801, -0.005874033, -0.0056744977, -0.0054589943, -0.0053457175, -0.005107691, -0.004849423, -0.0045643435, -0.004410887, -0.0040841126, -0.003741139, -0.0035748293, -0.0033173591, -0.0033186756
0, 0, 0, 0, 0, 0, 0, 0, 0, 0, 0, 0, 0, 0, 0, 0, 0, 0, 0, 0, 0, 0, 0, 0, 0, 0, 0, 0, 0, 0, 0, 0, 0, 0, 0, 0, 0, 0, 0, 0, 0, 0, 0, 0, 0, 0, 0, 0, 0, 0, 0, 0, 0, 0, 0, 0, 0, 0, 0, 0, 0, 0, 0, 0, 0, 0, 0, 0, 0, 0, 0, 0, 0, 0, -0.003022497, -0.0029002863, -0.0029417886, -0.003167487, -0.0034594322, -0.0036057737, -0.0038834605, -0.004137678, -0.0042568753, -0.004482449, -0.0046939654, -0.0048923246, -0.0049865274, -0.005165835, -0.00533639, -0.005419775, -0.0055840556, -0.005744469, -0.005899712, -0.0059754867, -0.006124552, -0.00627251, -0.0063467594, -0.0064954413, -0.006642005, -0.0067132255, -0.0068497164, -0.0069771986, -0.00709629, -0.007152867, -0.007259745, -0.007356123, -0.007399225, -0.0074732923, -0.007530549, -0.0075733415, -0.007590736, -0.0076210108, -0.007648782, -0.0076622395, -0.00768738, -0.007706661, -0.007712495, -0.007713457, -0.0076978398, -0.0076656914, -0.007644182, -0.0075926743, -0.0075322534, -0.0074987616, -0.007423761, -0.0073354635, -0.0072310623, -0.0071726963, -0.007045947, -0.0069099893, -0.006839738, -0.006696026, -0.006548297, -0.006472352, -0.006314588, -0.006147122, -0.005968535, -0.0058742217, -0.0056740316, -0.005458664, -0.0053457315, -0.0051084473, -0.0048508616, -0.004566255, -0.004413004, -0.0040862546, -0.003743135, -0.0035768065, -0.0033194728, -0.0033212826
0, 0, 0, 0, 0, 0, 0, 0, 0, 0, 0, 0, 0, 0, 0, 0, 0, 0, 0, 0, 0, 0, 0, 0, 0, 0, 0, 0, 0, 0, 0, 0, 0, 0, 0, 0, 0, 0, 0, 0, 0, 0, 0, 0, 0, 0, 0, 0, 0, 0, 0, 0, 0, 0, 0, 0, 0, 0, 0, 0, 0, 0, 0, 0, 0, 0, 0, 0, 0, 0, 0, 0, 0, 0, -0.0026684364, -0.0025804078, -0.0026440802, -0.0029054973, -0.0032256716, -0.0033845652, -0.0036850695, -0.0039600157, -0.0040890197, -0.0043332223, -0.004561915, -0.004776666, -0.004878974, -0.0050743734, -0.005260806, -0.005351982, -0.0055317334, -0.005707431, -0.0058776913, -0.005960795, -0.0061238073, -0.0062845224, -0.006364484, -0.0065233866, -0.0066778576, -0.0067520263, -0.00689215, -0.0070206975, -0.0071385037, -0.0071937284, -0.0072968625, -0.0073888865, -0.0074297646, -0.007499685, -0.007553836, -0.0075947247, -0.0076116794, -0.007641909, -0.00767011, -0.0076839062, -0.007709658, -0.007729476, -0.0077355783, -0.0077370848, -0.007722375, -0.0076918704, -0.0076715085, -0.0076227714, -0.007565083, -0.0075325076, -0.0074575194, -0.007365924, -0.007255175, -0.0071928035, -0.0070574856, -0.0069140038, -0.006840846, -0.00669333, -0.0065442445, -0.0064683757, -0.006311552, -0.006145235, -0.0059671933, -0.0058731367, -0.0056738667, -0.005459543, -0.0053468784, -0.0051095523, -0.004851935, -0.004568487, -0.0044159926, -0.004089976, -0.0037460665, -0.0035792599, -0.0033218258, -0.0033246598
0, 0, 0, 0, 0, 0, 0, 0, 0, 0, 0, 0, 0, 0, 0, 0, 0, 0, 0, 0, 0, 0, 0, 0, 0, 0, 0, 0, 0, 0, 0, 0, 0, 0, 0, 0, 0, 0, 0, 0, 0, 0, 0, 0, 0, 0, 0, 0, 0, 0, 0, 0, 0, 0, 0, 0, 0, 0, 0, 0, 0, 0, 0, 0, 0, 0, 0, 0, 0, 0, 0, 0, 0, 0, -0.0026097677, -0.0024920509, -0.0025399446, -0.0027806486, -0.0030931237, -0.0032514313, -0.0035549647, -0.003836988, -0.003970444, -0.0042247185, -0.004464469, -0.0046912427, -0.004799919, -0.005008515, -0.0052082622, -0.005306061, -0.0054988335, -0.005687033, -0.0058688573, -0.0059572943, -0.0061303223, -0.0062998724, -0.00638368, -0.00654905, -0.006708345, -0.0067842416, -0.006926469, -0.0070557273, -0.00717306, -0.007227788, -0.0073298817, -0.0074209664, -0.0074615045, -0.007531248, -0.0075859837, -0.0076280585, -0.0076458273, -0.0076777614, -0.0077074515, -0.0077218944, -0.0077485614, -0.007768637, -0.007774619, -0.0077755433, -0.00775996, -0.007728547, -0.0077077406, -0.0076578013, -0.0075976816, -0.0075632157, -0.0074832602, -0.007385238, -0.0072676, -0.0072020763, -0.007061616, -0.0069145006, -0.0068401997, -0.0066915164, -0.0065419674, -0.006465905, -0.0063086567, -0.0061423774, -0.0059651686, -0.0058718296, -0.005674384, -0.0054616174, -0.0053492663, -0.0051115933, -0.0048537473, -0.00457148, -0.0044198474, -0.004094726, -0.003750011, -0.003582574, -0.0033248356, -0.003328714
0, 0, 0, 0, 0, 0, 0, 0, 0, 0, 0, 0, 0, 0, 0, 0, 0, 0, 0, 0, 0, 0, 0, 0, 0, 0, 0, 0, 0, 0, 0, 0, 0, 0, 0, 0, 0, 0, 0, 0, 0, 0, 0, 0, 0, 0, 0, 0, 0, 0, 0, 0, 0, 0, 0, 0, 0, 0, 0, 0, 0, 0, 0, 0, 0, 0, 0, 0, 0, 0, 0, 0, 0, 0, -0.0026533362, -0.0025182671, -0.0025528427, -0.0027681037, -0.003061677, -0.003213307, -0.003508461, -0.0037874242, -0.00392088, -0.0041772993, -0.004421407, -0.0046544126, -0.0047667176, -0.0049830778, -0.0051904935, -0.0052920394, -0.0054919873, -0.005686365, -0.0058729025, -0.005963227, -0.0061393343, -0.0063112234, -0.0063959607, -0.006562743, -0.0067232703, -0.006799827, -0.0069436915, -0.0070751533, -0.0071953796, -0.007251884, -0.007358052, -0.007453443, -0.0074961972, -0.0075703235, -0.00762884, -0.007673721, -0.0076925172, -0.0077258693, -0.0077563557, -0.0077711074, -0.007798179, -0.007818318, -0.007824172, -0.007824335, -0.007807206, -0.007773268, -0.007750612, -0.0076955766, -0.0076282476, -0.0075894725, -0.0075000813, -0.0073931767, -0.007268744, -0.007201072, -0.0070589148, -0.0069127046, -0.0068392646, -0.006692169, -0.006543027, -0.006466474, -0.0063074753, -0.0061400943, -0.0059637823, -0.0058714245, -0.0056761126, -0.005464773, -0.0053527346, -0.0051150178, -0.0048572407, -0.004575765, -0.004424682, -0.004100171, -0.003754833, -0.0035869137, -0.003328862, -0.003333411
0, 0, 0, 0, 0, 0, 0, 0, 0, 0, 0, 0, 0, 0, 0, 0, 0, 0, 0, 0, 0, 0, 0, 0, 0, 0, 0, 0, 0, 0, 0, 0, 0, 0, 0, 0, 0, 0, 0, 0, 0, 0, 0, 0, 0, 0, 0, 0, 0, 0, 0, 0, 0, 0, 0, 0, 0, 0, 0, 0, 0, 0, 0, 0, 0, 0, 0, 0, 0, 0, 0, 0, 0, 0, -0.0027269956, -0.0025855866, -0.0026150767, -0.002817672, -0.0030980078, -0.0032436345, -0.0035288064, -0.0038005165, -0.0039313305, -0.0041840686, -0.00442661, -0.0046598082, -0.0047727106, -0.004990563, -0.0051993444, -0.005301403, -0.005502058, -0.0056963176, -0.0058818497, -0.0059714196, -0.00614581, -0.0063157408, -0.0063995854, -0.0065650395, -0.006725204, -0.006802084, -0.006947972, -0.0070833187, -0.0072092074, -0.007269055, -0.0073825708, -0.0074855955, -0.0075320266, -0.0076127853, -0.0076762973, -0.0077243154, -0.0077440557, -0.00777821, -0.007808962, -0.007823743, -0.007851054, -0.007871643, -0.007877638, -0.007877524, -0.007858809, -0.007821131, -0.0077955774, -0.007732572, -0.0076547405, -0.0076101497, -0.0075090183, -0.007392578, -0.0072625177, -0.007193807, -0.0070528723, -0.006910718, -0.0068394234, -0.0066954424, -0.006547122, -0.006470156, -0.006309289, -0.0061403913, -0.005964432, -0.00587279, -0.0056791864, -0.005469145, -0.0053575668, -0.0051205396, -0.0048629846, -0.004581547, -0.004430395, -0.0041059065, -0.0037606733, -0.0035926993, -0.0033341907, -0.0033384482
0, 0, 0, 0, 0, 0, 0, 0, 0, 0, 0, 0, 0, 0, 0, 0, 0, 0, 0, 0, 0, 0, 0, 0, 0, 0, 0, 0, 0, 0, 0, 0, 0, 0, 0, 0, 0, 0, 0, 0, 0, 0, 0, 0, 0, 0, 0, 0, 0, 0, 0, 0, 0, 0, 0, 0, 0, 0, 0, 0, 0, 0, 0, 0, 0, 0, 0, 0, 0, 0, 0, 0, 0, 0, -0.002799235, -0.0026567588, -0.002686168, -0.002886877, -0.0031623123, -0.00330463, -0.0035824403, -0.0038465506, -0.003973698, -0.00421963, -0.0044564744, -0.0046850406, -0.0047958856, -0.005009945, -0.0052152583, -0.0053157136, -0.0055131293, -0.0057041775, -0.005886894, -0.005975272, -0.00614761, -0.0063159005, -0.0063992236, -0.0065644556, -0.006725444, -0.0068031508, -0.006951605, -0.0070910295, -0.0072221453, -0.007284915, -0.0074046315, -0.0075139645, -0.007563356, -0.007649428, -0.007717088, -0.007768027, -0.0077887946, -0.007824412, -0.007856195, -0.007871553, -0.007900049, -0.007921924, -0.007928391, -0.00792838, -0.007907757, -0.00786543, -0.007836405, -0.0077643213, -0.0076754186, -0.0076250783, -0.007513313, -0.007388884, -0.007255125, -0.007186236, -0.007047857, -0.006910454, -0.0068416335, -0.0067013563, -0.006554111, -0.00647681, -0.006314514, -0.006144237, -0.0059677055, -0.0058763707, -0.0056841373, -0.0054758233, -0.005364865, -0.005128269, -0.004870439, -0.004588498, -0.0044372994, -0.004112756, -0.0037675665, -0.0035994756, -0.0033403742, -0.0033440487
0, 0, 0, 0, 0, 0, 0, 0, 0, 0, 0, 0, 0, 0, 0, 0, 0, 0, 0, 0, 0, 0, 0, 0, 0, 0, 0, 0, 0, 0, 0, 0, 0, 0, 0, 0, 0, 0, 0, 0, 0, 0, 0, 0, 0, 0, 0, 0, 0, 0, 0, 0, 0, 0, 0, 0, 0, 0, 0, 0, 0, 0, 0, 0, 0, 0, 0, 0, 0, 0, 0, 0, 0, 0, -0.0028529319, -0.0027110106, -0.002741855, -0.0029445752, -0.0032192005, -0.003359973, -0.0036328733, -0.0038906904, -0.004014435, -0.0042535667, -0.0044838535, -0.0047061625, -0.004813949, -0.005022288, -0.0052228714, -0.0053213704, -0.005515585, -0.0057042767, -0.0058858655, -0.0059742546, -0.0061474442, -0.006317325, -0.006401745, -0.0065696365, -0.0067335633, -0.006812625, -0.0069636395, -0.0071054166, -0.0072385017, -0.0073020793, -0.007423395, -0.0075342073, -0.007584355, -0.0076721422, -0.007742149, -0.007795662, -0.007817775, -0.007856234, -0.007890691, -0.007907305, -0.007937992, -0.007961634, -0.007968648, -0.0079687275, -0.007946295, -0.0078995265, -0.007867385, -0.0077877175, -0.007690223, -0.0076357313, -0.0075169615, -0.007387823, -0.0072522843, -0.0071837087, -0.0070476886, -0.0069140326, -0.0068471553, -0.0067100353, -0.0065637887, -0.006486154, -0.0063226544, -0.0061512655, -0.00597435, -0.005883237, -0.005692385, -0.0054855784, -0.00537489, -0.005137722, -0.0048789405, -0.0045969146, -0.0044459184, -0.004121447, -0.0037753645, -0.0036067024, -0.003346811, -0.0033505475
0, 0, 0, 0, 0, 0, 0, 0, 0, 0, 0, 0, 0, 0, 0, 0, 0, 0, 0, 0, 0, 0, 0, 0, 0, 0, 0, 0, 0, 0, 0, 0, 0, 0, 0, 0, 0, 0, 0, 0, 0, 0, 0, 0, 0, 0, 0, 0, 0, 0, 0, 0, 0, 0, 0, 0, 0, 0, 0, 0, 0, 0, 0, 0, 0, 0, 0, 0, 0, 0, 0, 0, 0, 0, -0.0028605394, -0.0027183013, -0.00274892, -0.0029508264, -0.0032238774, -0.0033636251, -0.0036340994, -0.0038891595, -0.00401154, -0.0042480156, -0.0044758776, -0.004696266, -0.0048033795, -0.0050110016, -0.0052119954, -0.005311244, -0.0055079395, -0.005700582, -0.0058872215, -0.0059784795, -0.0061577796, -0.0063341213, -0.006421626, -0.006595133, -0.006763383, -0.0068439282, -0.0069963927, -0.0071372753, -0.007267004, -0.0073280814, -0.0074431454, -0.0075471303, -0.0075940024, -0.007676615, -0.007744053, -0.007798202, -0.007821719, -0.007864433, -0.007903984, -0.007923008, -0.007957836, -0.00798386, -0.007991501, -0.007991692, -0.007968195, -0.00791988, -0.007886918, -0.007805874, -0.007707734, -0.007653252, -0.0075352145, -0.007407365, -0.0072733397, -0.007205516, -0.00707095, -0.0069381897, -0.006871634, -0.006734797, -0.0065882327, -0.0065103173, -0.006346493, -0.0061758566, -0.0060005095, -0.005910141, -0.005720157, -0.00551267, -0.005401024, -0.0051615057, -0.004901333, -0.0046193963, -0.004468372, -0.004142559, -0.0037932443, -0.0036228746, -0.0033611027, -0.0033656287
0, 0, 0, 0, 0, 0, 0, 0, 0, 0, 0, 0, 0, 0, 0, 0, 0, 0, 0, 0, 0, 0, 0, 0, 0, 0, 0, 0, 0, 0, 0, 0, 0, 0, 0, 0, 0, 0, 0, 0, 0, 0, 0, 0, 0, 0, 0, 0, 0, 0, 0, 0, 0, 0, 0, 0, 0, 0, 0, 0, 0, 0, 0, 0, 0, 0, 0, 0, 0, 0, 0, 0, 0, 0, -0.0028108645, -0.0026680403, -0.002697329, -0.0028974726, -0.0031714807, -0.0033128546, -0.0035882413, -0.00384961, -0.003975346, -0.004218459, -0.004452785, -0.0046792733, -0.004789341, -0.0050025643, -0.0052083563, -0.0053096623, -0.0055100345, -0.0057058167, -0.0058947196, -0.0059866537, -0.006166598, -0.00634272, -0.0064298366, -0.006601926, -0.006768426, -0.00684811, -0.006998881, -0.007138038, -0.0072662933, -0.0073267347, -0.0074403277, -0.0075424705, -0.007588283, -0.007668306, -0.007732495, -0.007783348, -0.0078052767, -0.007845279, -0.007883165, -0.007901773, -0.007936259, -0.00796251, -0.007970381, -0.007971492, -0.007950012, -0.007905467, -0.007875273, -0.0078013116, -0.007711692, -0.007661567, -0.0075513264, -0.007429151, -0.007297875, -0.007230199, -0.007093776, -0.006957503, -0.006889132, -0.006749492, -0.006602625, -0.006525456, -0.006363992, -0.0061950926, -0.0060199625, -0.0059292386, -0.005737907, -0.005528908, -0.0054167397, -0.005176787, -0.0049162894, -0.004633122, -0.0044812276, -0.0041537187, -0.0038032462, -0.0036324528, -0.0033697402, -0.003373596
0, 0, 0, 0, 0, 0, 0, 0, 0, 0, 0, 0, 0, 0, 0, 0, 0, 0, 0, 0, 0, 0, 0, 0, 0, 0, 0, 0, 0, 0, 0, 0, 0, 0, 0, 0, 0, 0, 0, 0, 0, 0, 0, 0, 0, 0, 0, 0, 0, 0, 0, 0, 0, 0, 0, 0, 0, 0, 0, 0, 0, 0, 0, 0, 0, 0, 0, 0, 0, 0, 0, 0, 0, 0, -0.0027385512, -0.0025970628, -0.0026268673, -0.0028302954, -0.0031113266, -0.003257184, -0.0035426598, -0.003814609, -0.0039454885, -0.0041981824, -0.0044405917, -0.004673622, -0.0047863633, -0.0050040213, -0.0052128844, -0.005315224, -0.005516826, -0.00571294, -0.0059011765, -0.0059923558, -0.0061703124, -0.0063440967, -0.0064298534, -0.006599011, -0.0067625446, -0.0068408996, -0.0069894227, -0.007126758, -0.0072538946, -0.0073140287, -0.007427502, -0.0075296, -0.0075753396, -0.007654635, -0.0077168616, -0.0077643744, -0.007784218, -0.007819619, -0.007853046, -0.007869612, -0.007900912, -0.007925527, -0.007933261, -0.007935708, -0.007918056, -0.007879986, -0.0078540575, -0.007790226, -0.0077122347, -0.007668049, -0.0075687366, -0.0074546095, -0.007327106, -0.0072595286, -0.007120207, -0.00697925, -0.006908701, -0.0067663407, -0.006619728, -0.006543843, -0.006385602, -0.0062185745, -0.0060427617, -0.005950983, -0.0057573384, -0.0055468045, -0.0054343506, -0.0051943217, -0.0049333014, -0.004648092, -0.0044948934, -0.0041652485, -0.003813883, -0.0036428375, -0.0033791543, -0.003381854
0, 0, 0, 0, 0, 0, 0, 0, 0, 0, 0, 0, 0, 0, 0, 0, 0, 0, 0, 0, 0, 0, 0, 0, 0, 0, 0, 0, 0, 0, 0, 0, 0, 0, 0, 0, 0, 0, 0, 0, 0, 0, 0, 0, 0, 0, 0, 0, 0, 0, 0, 0, 0, 0, 0, 0, 0, 0, 0, 0, 0, 0, 0, 0, 0, 0, 0, 0, 0, 0, 0, 0, 0, 0, -0.0026627332, -0.0025278814, -0.002563256, -0.002780967, -0.0030776912, -0.0032310039, -0.003529766, -0.0038124297, -0.003947739, -0.004207721, -0.004454946, -0.0046904883, -0.0048037395, -0.005021223, -0.0052286377, -0.0053297393, -0.0055281464, -0.005720389, -0.0059046, -0.0059937565, -0.006167613, -0.0063377223, -0.006421812, -0.006587945, -0.0067487364, -0.0068258857, -0.0069720624, -0.0071074264, -0.0072331517, -0.0072927927, -0.0074058343, -0.007508293, -0.0075543215, -0.0076341387, -0.0076963375, -0.0077425507, -0.007761216, -0.0077931886, -0.007821979, -0.007836006, -0.007862549, -0.007883911, -0.007890954, -0.0078944685, -0.007881073, -0.007850243, -0.007828803, -0.007775299, -0.0077088526, -0.007670625, -0.007582553, -0.0074771103, -0.0073543917, -0.0072874934, -0.007146713, -0.007002448, -0.0069303066, -0.0067863916, -0.0066405656, -0.006565831, -0.0064102607, -0.0062446613, -0.0060679903, -0.005975091, -0.005778551, -0.00556607, -0.0054533184, -0.0052134814, -0.004951841, -0.0046641445, -0.0045093084, -0.004177243, -0.0038250475, -0.0036537645, -0.003389092, -0.003390474
0, 0, 0, 0, 0, 0, 0, 0, 0, 0, 0, 0, 0, 0, 0, 0, 0, 0, 0, 0, 0, 0, 0, 0, 0, 0, 0, 0, 0, 0, 0, 0, 0, 0, 0, 0, 0, 0, 0, 0, 0, 0, 0, 0, 0, 0, 0, 0, 0, 0, 0, 0, 0, 0, 0, 0, 0, 0, 0, 0, 0, 0, 0, 0, 0, 0, 0, 0, 0, 0, 0, 0, 0, 0, -0.0026175112, -0.0025002293, -0.002549145, -0.0027930601, -0.0031096379, -0.0032701662, -0.0035783192, -0.0038649424, -0.004000775, -0.0042597773, -0.004504141, -0.004735139, -0.004845668, -0.0050570797, -0.005257925, -0.0053555337, -0.005546525, -0.005731393, -0.0059089176, -0.0059950184, -0.0061633796, -0.0063286573, -0.0064107543, -0.0065735085, -0.0067315693, -0.006807438, -0.0069511584, -0.0070841755, -0.0072078435, -0.0072666802, -0.007378422, -0.007480442, -0.007526559, -0.007606942, -0.0076702605, -0.0077177207, -0.0077367458, -0.0077686748, -0.007795934, -0.0078086536, -0.007831938, -0.007850298, -0.007856395, -0.0078596845, -0.007848935, -0.007823217, -0.007805016, -0.007759192, -0.0077012153, -0.007667251, -0.007587659, -0.007490101, -0.007373366, -0.0073086102, -0.0071704104, -0.0070267366, -0.0069543775, -0.006809974, -0.006664885, -0.0065908306, -0.0064365095, -0.0062716044, -0.0060945693, -0.0060008694, -0.0058016465, -0.005586586, -0.005473274, -0.0052334843, -0.004971141, -0.004680773, -0.0045243395, -0.0041898564, -0.003836805, -0.0036652011, -0.003399275, -0.0033994047
0, 0, 0, 0, 0, 0, 0, 0, 0, 0, 0, 0, 0, 0, 0, 0, 0, 0, 0, 0, 0, 0, 0, 0, 0, 0, 0, 0, 0, 0, 0, 0, 0, 0, 0, 0, 0, 0, 0, 0, 0, 0, 0, 0, 0, 0, 0, 0, 0, 0, 0, 0, 0, 0, 0, 0, 0, 0, 0, 0, 0, 0, 0, 0, 0, 0, 0, 0, 0, 0, 0, 0, 0, 0, -0.0026762497, -0.0025887173, -0.0026533736, -0.0029178455, -0.0032413732, -0.0034017898, -0.003704885, -0.0039819544, -0.004112022, -0.004358459, -0.004590094, -0.0048085004, -0.004912849, -0.0051123444, -0.0053021037, -0.0053944904, -0.0055753873, -0.0057508866, -0.0059198607, -0.0060021086, -0.0061633447, -0.006322412, -0.0064017866, -0.006559793, -0.006713962, -0.006788156, -0.0069290255, -0.0070596104, -0.007181388, -0.0072394474, -0.007349831, -0.007450815, -0.0074966527, -0.007576922, -0.0076411273, -0.007690799, -0.007711338, -0.007746607, -0.0077770352, -0.0077910153, -0.007815816, -0.007834248, -0.007840021, -0.007842223, -0.007830587, -0.0078049744, -0.007787239, -0.0077431784, -0.0076883333, -0.007656331, -0.00758157, -0.007490545, -0.0073813745, -0.0073203957, -0.007189157, -0.0070504937, -0.0069795805, -0.006836277, -0.0066914875, -0.0066175233, -0.006463314, -0.0062982542, -0.0061209705, -0.006026834, -0.0058258343, -0.005608531, -0.0054944204, -0.005253734, -0.0049900725, -0.0046974393, -0.0045397724, -0.004203439, -0.0038492105, -0.0036770029, -0.003409528, -0.0034085114
0, 0, 0, 0, 0, 0, 0, 0, 0, 0, 0, 0, 0, 0, 0, 0, 0, 0, 0, 0, 0, 0, 0, 0, 0, 0, 0, 0, 0, 0, 0, 0, 0, 0, 0, 0, 0, 0, 0, 0, 0, 0, 0, 0, 0, 0, 0, 0, 0, 0, 0, 0, 0, 0, 0, 0, 0, 0, 0, 0, 0, 0, 0, 0, 0, 0, 0, 0, 0, 0, 0, 0, 0, 0, -0.0030332336, -0.0029113537, -0.002953876, -0.0031822678, -0.003476289, -0.0036231366, -0.0039004385, -0.0041528842, -0.0042709345, -0.0044944356, -0.0047051013, -0.004904449, -0.0049998793, -0.005182917, -0.0053582224, -0.005444072, -0.0056132227, -0.005778164, -0.005937803, -0.0060157273, -0.0061690747, -0.0063213105, -0.0063975872, -0.0065499675, -0.006699225, -0.006771393, -0.00690902, -0.0070371316, -0.007157033, -0.0072143357, -0.0073235105, -0.007423469, -0.007468907, -0.007548869, -0.00761388, -0.007666082, -0.007688697, -0.00772962, -0.0077670487, -0.0077846437, -0.007815873, -0.00783825, -0.007844744, -0.007845672, -0.007829717, -0.0077984044, -0.007777741, -0.0077288444, -0.007671494, -0.007639302, -0.007566271, -0.0074802698, -0.0073789777, -0.0073226555, -0.0072012055, -0.0070712185, -0.007003524, -0.006863621, -0.0067190398, -0.0066445987, -0.0064890264, -0.006323095, -0.006145764, -0.0060517336, -0.0058504515, -0.0056316606, -0.005516412, -0.0052732406, -0.00500778, -0.004714117, -0.004555941, -0.004218173, -0.003861786, -0.003688496, -0.0034194384, -0.0034181094
0, 0, 0, 0, 0, 0, 0, 0, 0, 0, 0, 0, 0, 0, 0, 0, 0, 0, 0, 0, 0, 0, 0, 0, 0, 0, 0, 0, 0, 0, 0, 0, 0, 0, 0, 0, 0, 0, 0, 0, 0, 0, 0, 0, 0, 0, 0, 0, 0, 0, 0, 0, 0, 0, 0, 0, 0, 0, 0, 0, 0, 0, 0, 0, 0, 0, 0, 0, 0, 0, 0, 0, 0, 0, -0.0042520016, -0.0034650096, -0.0033938102, -0.0035137753, -0.0037512009, -0.0038766358, -0.0041180733, -0.0043398673, -0.004443824, -0.0046413043, -0.0048285783, -0.005007131, -0.0050929785, -0.0052583925, -0.005418178, -0.005497068, -0.005653743, -0.0058079725, -0.005958626, -0.0060325144, -0.006178562, -0.006324509, -0.006397991, -0.006545357, -0.006690182, -0.006760411, -0.0068947156, -0.007020067, -0.007137642, -0.0071940767, -0.0073020104, -0.007401335, -0.0074468125, -0.007527651, -0.0075947475, -0.0076505775, -0.0076756435, -0.007722855, -0.0077679753, -0.0077896356, -0.007828547, -0.00785641, -0.007864281, -0.007864724, -0.007843615, -0.0078037, -0.007778139, -0.007719677, -0.007654974, -0.0076204883, -0.0075462856, -0.0074635074, -0.0073694508, -0.0073179146, -0.007207048, -0.007087021, -0.007023401, -0.0068887565, -0.006745097, -0.0066699116, -0.0065122726, -0.006345487, -0.006168508, -0.006074865, -0.005874141, -0.0056544296, -0.0055379397, -0.005291679, -0.005024599, -0.004730983, -0.0045727603, -0.0042333966, -0.0038739843, -0.0036993118, -0.003429013, -0.0034284126
0, 0, 0, 0, 0, 0, 0, 0, 0, 0, 0, 0, 0, 0, 0, 0, 0, 0, 0, 0, 0, 0, 0, 0, 0, 0, 0, 0, 0, 0, 0, 0, 0, 0, 0, 0, 0, 0, 0, 0, 0, 0, 0, 0, 0, 0, 0, 0, 0, 0, 0, 0, 0, 0, 0, 0, 0, 0, 0, 0, 0, 0, 0, 0, 0, 0, 0, 0, 0, 0, 0, 0, 0, 0, -0.0040206457, -0.003623163, -0.0035966889, -0.0037290065, -0.003949603, -0.0040644254, -0.004284578, -0.0044862987, -0.0045807026, -0.0047599687, -0.004930371, -0.0050932467, -0.005171721, -0.0053233607, -0.005470782, -0.00554401, -0.0056901732, -0.0058353324, -0.0059783747, -0.006048999, -0.0061890706, -0.006329984, -0.0064013354, -0.0065449993, -0.0066865636, -0.0067552957, -0.0068869917, -0.0070101167, -0.0071259593, -0.007181865, -0.0072893617, -0.0073893317, -0.0074355747, -0.0075188708, -0.0075893328, -0.0076493947, -0.0076768133, -0.007728988, -0.0077794357, -0.007803794, -0.007847809, -0.007879722, -0.007888906, -0.00788969, -0.00786517, -0.00781793, -0.0077875797, -0.0077185254, -0.0076442305, -0.0076061683, -0.007528251, -0.0074466206, -0.007358012, -0.007310332, -0.00720819, -0.007096547, -0.00703664, -0.006907781, -0.006766508, -0.006691359, -0.006532959, -0.0063653467, -0.0061882744, -0.0060948497, -0.0058948966, -0.0056751645, -0.0055580055, -0.0053098737, -0.005041452, -0.0047473074, -0.004588765, -0.004247908, -0.0038861267, -0.0037103356, -0.0034388471, -0.0034385822
0, 0, 0, 0, 0, 0, 0, 0, 0, 0, 0, 0, 0, 0, 0, 0, 0, 0, 0, 0, 0, 0, 0, 0, 0, 0, 0, 0, 0, 0, 0, 0, 0, 0, 0, 0, 0, 0, 0, 0, 0, 0, 0, 0, 0, 0, 0, 0, 0, 0, 0, 0, 0, 0, 0, 0, 0, 0, 0, 0, 0, 0, 0, 0, 0, 0, 0, 0, 0, 0, 0, 0, 0, 0, -0.003618901, -0.0034867716, -0.0035360965, -0.0037456152, -0.0039946306, -0.0041156397, -0.004340872, -0.0045429654, -0.0046366192, -0.004813406, -0.0049804063, -0.005138973, -0.0052149324, -0.0053612655, -0.005503511, -0.005574199, -0.0057153036, -0.005855404, -0.0059939316, -0.0060625086, -0.006198912, -0.0063365144, -0.006406544, -0.0065481425, -0.00668814, -0.0067562577, -0.0068870927, -0.007009803, -0.00712561, -0.007181676, -0.0072901347, -0.007391838, -0.007439252, -0.0075255283, -0.007599317, -0.0076627648, -0.0076917773, -0.007746456, -0.0077986475, -0.007823642, -0.007868604, -0.007901239, -0.007910628, -0.007911389, -0.007885576, -0.007834867, -0.007801915, -0.007726302, -0.0076445867, -0.00760308, -0.007520058, -0.007436315, -0.007348892, -0.0073028724, -0.007205525, -0.0070995744, -0.0070427135, -0.006919343, -0.0067817485, -0.006707567, -0.0065496922, -0.0063815615, -0.0062041143, -0.006110912, -0.005912011, -0.0056933793, -0.005576477, -0.005327866, -0.0050579836, -0.0047622533, -0.004603108, -0.0042614504, -0.0038985002, -0.003721946, -0.003448921, -0.0034481348
0, 0, 0, 0, 0, 0, 0, 0, 0, 0, 0, 0, 0, 0, 0, 0, 0, 0, 0, 0, 0, 0, 0, 0, 0, 0, 0, 0, 0, 0, 0, 0, 0, 0, 0, 0, 0, 0, 0, 0, 0, 0, 0, 0, 0, 0, 0, 0, 0, 0, 0, 0, 0, 0, 0, 0, 0, 0, 0, 0, 0, 0, 0, 0, 0, 0, 0, 0, 0, 0, 0, 0, 0, 0, -0.0032804057, -0.0032502986, -0.003339592, -0.003605458, -0.0038905365, -0.0040251818, -0.004272355, -0.0044915676, -0.0045925477, -0.0047821975, -0.0049601286, -0.005127517, -0.0052071046, -0.005359222, -0.0055060065, -0.0055786455, -0.005722699, -0.0058645885, -0.0060040266, -0.0060727852, -0.006209094, -0.0063462267, -0.0064159925, -0.006557263, -0.0066973586, -0.0067656664, -0.0068972423, -0.007021215, -0.0071385736, -0.007195444, -0.0073056878, -0.0074094343, -0.007457968, -0.007546541, -0.0076226965, -0.0076877773, -0.0077171675, -0.007771589, -0.007821787, -0.007845224, -0.007886656, -0.007916122, -0.007924306, -0.0079240315, -0.007899033, -0.00784999, -0.007817751, -0.007742196, -0.007658008, -0.0076143523, -0.0075258976, -0.0074364366, -0.00734503, -0.0072980965, -0.0072009484, -0.007097727, -0.007042848, -0.0069237635, -0.006789783, -0.0067168963, -0.0065606213, -0.0063929805, -0.006215915, -0.0061232154, -0.005926036, -0.0057092593, -0.005592971, -0.0053444337, -0.0050731506, -0.0047758133, -0.004616166, -0.0042741434, -0.0039107264, -0.0037335588, -0.003458829, -0.0034571267
0, 0, 0, 0, 0, 0, 0, 0, 0, 0, 0, 0, 0, 0, 0, 0, 0, 0, 0, 0, 0, 0, 0, 0, 0, 0, 0, 0, 0, 0, 0, 0, 0, 0, 0, 0, 0, 0, 0, 0, 0, 0, 0, 0, 0, 0, 0, 0, 0, 0, 0, 0, 0, 0, 0, 0, 0, 0, 0, 0, 0, 0, 0, 0, 0, 0, 0, 0, 0, 0, 0, 0, 0, 0, -0.0030052743, -0.0030012627, -0.0031001475, -0.0033840798, -0.0036898837, -0.0038360395, -0.0041072494, -0.0043505747, -0.0044632857, -0.0046750894, -0.004873456, -0.005059546, -0.005147756, -0.0053155636, -0.0054761292, -0.005555006, -0.0057103965, -0.0058619436, -0.0060090898, -0.006081038, -0.0062222886, -0.006362766, -0.006433611, -0.006576304, -0.006717369, -0.0067861397, -0.006918717, -0.0070440886, -0.0071633947, -0.007221343, -0.007333775, -0.0074395123, -0.0074888896, -0.007578689, -0.007655283, -0.007719672, -0.0077480734, -0.0077992156, -0.007844289, -0.007864604, -0.007899342, -0.007922997, -0.007929188, -0.00792752, -0.007905055, -0.007861766, -0.007832878, -0.0077631176, -0.007681368, -0.007637243, -0.0075444146, -0.0074477526, -0.0073488215, -0.007298733, -0.007197532, -0.0070933322, -0.0070387716, -0.0069214087, -0.0067900834, -0.006718697, -0.006565088, -0.006399557, -0.006224503, -0.006132857, -0.0059377006, -0.005722423, -0.005606598, -0.0053583584, -0.005086547, -0.0047883927, -0.004628485, -0.0042860378, -0.0039220555, -0.003744338, -0.0034682732, -0.003465702
0, 0, 0, 0, 0, 0, 0, 0, 0, 0, 0, 0, 0, 0, 0, 0, 0, 0, 0, 0, 0, 0, 0, 0, 0, 0, 0, 0, 0, 0, 0, 0, 0, 0, 0, 0, 0, 0, 0, 0, 0, 0, 0, 0, 0, 0, 0, 0, 0, 0, 0, 0, 0, 0, 0, 0, 0, 0, 0, 0, 0, 0, 0, 0, 0, 0, 0, 0, 0, 0, 0, 0, 0, 0, -0.002769047, -0.0027665293, -0.002862672, -0.0031440568, -0.003456667, -0.0036096873, -0.0038998292, -0.0041662264, -0.0042911437, -0.004527373, -0.004749281, -0.004957842, -0.0050568464, -0.005245183, -0.005424529, -0.0055121714, -0.005683884, -0.0058501745, -0.006009972, -0.006087361, -0.0062379036, -0.0063854665, -0.0064590024, -0.006605329, -0.006748424, -0.006817829, -0.006951323, -0.0070773265, -0.0071976953, -0.007256295, -0.007370099, -0.007477077, -0.0075269216, -0.0076167914, -0.0076919375, -0.00775325, -0.0077794427, -0.007824811, -0.007862958, -0.007879518, -0.007906965, -0.007924596, -0.007928841, -0.007925974, -0.007906469, -0.007869818, -0.007845151, -0.0077839317, -0.0077081984, -0.0076654186, -0.0075713014, -0.007468526, -0.007360815, -0.0073061436, -0.007196899, -0.0070875236, -0.0070315395, -0.0069134594, -0.00678389, -0.0067140823, -0.0065642796, -0.0064026075, -0.0062307604, -0.006140276, -0.005946839, -0.005732635, -0.0056171142, -0.005369108, -0.005097751, -0.0048002787, -0.004640461, -0.0042972094, -0.003931683, -0.0037533897, -0.00347668, -0.0034740837
0, 0, 0, 0, 0, 0, 0, 0, 0, 0, 0, 0, 0, 0, 0, 0, 0, 0, 0, 0, 0, 0, 0, 0, 0, 0, 0, 0, 0, 0, 0, 0, 0, 0, 0, 0, 0, 0, 0, 0, 0, 0, 0, 0, 0, 0, 0, 0, 0, 0, 0, 0, 0, 0, 0, 0, 0, 0, 0, 0, 0, 0, 0, 0, 0, 0, 0, 0, 0, 0, 0, 0, 0, 0, -0.0025613103, -0.0025612174, -0.0026556763, -0.0029348792, -0.0032511507, -0.0034084762, -0.003711665, -0.0039954307, -0.0041300002, -0.004386621, -0.0046290928, -0.004857903, -0.0049667587, -0.005174272, -0.005371409, -0.0054673553, -0.0056548086, -0.005835761, -0.006008888, -0.0060922815, -0.0062535256, -0.00641009, -0.006487379, -0.0066395756, -0.0067864233, -0.006857083, -0.006992036, -0.0071183397, -0.0072384086, -0.0072967946, -0.007410001, -0.0075163026, -0.007565789, -0.0076545863, -0.0077275154, -0.0077849445, -0.007808529, -0.007847604, -0.00787854, -0.007891452, -0.007912184, -0.007924686, -0.007927213, -0.007923209, -0.007905763, -0.007874453, -0.007853523, -0.00780075, -0.0077327364, -0.0076926984, -0.007600442, -0.0074939444, -0.0073780296, -0.007318278, -0.007198704, -0.0070811883, -0.007022498, -0.0069021187, -0.006774085, -0.00670608, -0.0065610176, -0.006403909, -0.0062350286, -0.0061453953, -0.0059528765, -0.0057394584, -0.0056243683, -0.005377465, -0.0051075243, -0.004810994, -0.004651153, -0.004306675, -0.003939778, -0.0037611392, -0.0034842798, -0.003481777
0, 0, 0, 0, 0, 0, 0, 0, 0, 0, 0, 0, 0, 0, 0, 0, 0, 0, 0, 0, 0, 0, 0, 0, 0, 0, 0, 0, 0, 0, 0, 0, 0, 0, 0, 0, 0, 0, 0, 0, 0, 0, 0, 0, 0, 0, 0, 0, 0, 0, 0, 0, 0, 0, 0, 0, 0, 0, 0, 0, 0, 0, 0, 0, 0, 0, 0, 0, 0, 0, 0, 0, 0, 0, -0.00239833, -0.0024157197, -0.0025162748, -0.0028034805, -0.0031256743, -0.0032861158, -0.003596343, -0.0038889612, -0.0040287348, -0.0042970665, -0.004552219, -0.004793914, -0.004909251, -0.005129525, -0.0053388556, -0.0054404954, -0.0056386166, -0.005829485, -0.006012073, -0.006099995, -0.006269626, -0.006433772, -0.006514496, -0.0066726687, -0.00682398, -0.0068963496, -0.0070333984, -0.007160394, -0.007279803, -0.0073374943, -0.0074489093, -0.0075534326, -0.0076020756, -0.007689124, -0.007760003, -0.007814141, -0.007835512, -0.0078691505, -0.0078935195, -0.007903141, -0.007917673, -0.007925514, -0.007926362, -0.007920948, -0.007904562, -0.007876919, -0.007858696, -0.007812515, -0.00775125, -0.007714008, -0.007624621, -0.0075164437, -0.0073941336, -0.0073300065, -0.0072011473, -0.007075597, -0.0070141274, -0.0068914844, -0.0067648776, -0.006698568, -0.0065575666, -0.0064040413, -0.0062371236, -0.006147947, -0.0059559266, -0.0057435636, -0.005629332, -0.0053842734, -0.005115736, -0.004819726, -0.0046597044, -0.004314388, -0.00394656, -0.003767675, -0.0034906873, -0.0034885635
0, 0, 0, 0, 0, 0, 0, 0, 0, 0, 0, 0, 0, 0, 0, 0, 0, 0, 0, 0, 0, 0, 0, 0, 0, 0, 0, 0, 0, 0, 0, 0, 0, 0, 0, 0, 0, 0, 0, 0, 0, 0, 0, 0, 0, 0, 0, 0, 0, 0, 0, 0, 0, 0, 0, 0, 0, 0, 0, 0, 0, 0, 0, 0, 0, 0, 0, 0, 0, 0, 0, 0, 0, 0, -0.0023415762, -0.0023902734, -0.002500372, -0.0027962448, -0.003119709, -0.0032795463, -0.0035879132, -0.0038788982, -0.004018346, -0.004287258, -0.004544572, -0.0047893003, -0.004906373, -0.0051304256, -0.005343691, -0.0054472494, -0.0056487224, -0.0058424133, -0.0060276585, -0.006116878, -0.00628936, -0.0064564026, -0.0065386016, -0.0066997046, -0.006854037, -0.006927731, -0.007067053, -0.0071956743, -0.007315792, -0.0073734634, -0.0074842884, -0.007587771, -0.0076357634, -0.00772132, -0.0077902144, -0.007841463, -0.007860925, -0.007889868, -0.007908751, -0.007915484, -0.007924651, -0.0079282895, -0.007927693, -0.007920818, -0.007904912, -0.007879079, -0.007862168, -0.0078187855, -0.007760438, -0.007724405, -0.0076365676, -0.007527956, -0.007402905, -0.007336688, -0.0072027748, -0.0070725954, -0.0070095225, -0.006885427, -0.0067594834, -0.0066940268, -0.006555062, -0.006403314, -0.0062371315, -0.0061481777, -0.0059568807, -0.005746107, -0.005632935, -0.005389889, -0.0051222336, -0.004825951, -0.0046656555, -0.00432012, -0.0039523067, -0.0037733242, -0.0034960434, -0.0034938871
0, 0, 0, 0, 0, 0, 0, 0, 0, 0, 0, 0, 0, 0, 0, 0, 0, 0, 0, 0, 0, 0, 0, 0, 0, 0, 0, 0, 0, 0, 0, 0, 0, 0, 0, 0, 0, 0, 0, 0, 0, 0, 0, 0, 0, 0, 0, 0, 0, 0, 0, 0, 0, 0, 0, 0, 0, 0, 0, 0, 0, 0, 0, 0, 0, 0, 0, 0, 0, 0, 0, 0, 0, 0, -0.0025340987, -0.0025606065, -0.0026601823, -0.0029380969, -0.0032459365, -0.0033983497, -0.0036925427, -0.0039704195, -0.0041038175, -0.004361986, -0.004610649, -0.0048485426, -0.0049627298, -0.0051815957, -0.0053903763, -0.005491851, -0.0056893597, -0.0058790613, -0.0060601584, -0.0061474736, -0.0063166404, -0.0064809686, -0.0065621114, -0.006721939, -0.0068762004, -0.006950276, -0.0070909658, -0.007221426, -0.0073436135, -0.0074021975, -0.0075143385, -0.0076183192, -0.007666167, -0.0077507463, -0.007817698, -0.007866171, -0.007883955, -0.007909177, -0.0079240715, -0.007928766, -0.007934241, -0.007934752, -0.00793303, -0.00792452, -0.007907648, -0.007880778, -0.007863061, -0.007817586, -0.007757068, -0.0077201356, -0.007631572, -0.0075238612, -0.0074008377, -0.007335793, -0.0072036497, -0.007074084, -0.0070108944, -0.006885916, -0.006758921, -0.0066929697, -0.0065534944, -0.0064018047, -0.0062362333, -0.006147619, -0.005957235, -0.0057477006, -0.0056353654, -0.005393999, -0.0051268255, -0.0048298114, -0.0046691974, -0.0043239584, -0.0039569614, -0.0037780725, -0.0035002735, -0.0034975326
0, 0, 0, 0, 0, 0, 0, 0, 0, 0, 0, 0, 0, 0, 0, 0, 0, 0, 0, 0, 0, 0, 0, 0, 0, 0, 0, 0, 0, 0, 0, 0, 0, 0, 0, 0, 0, 0, 0, 0, 0, 0, 0, 0, 0, 0, 0, 0, 0, 0, 0, 0, 0, 0, 0, 0, 0, 0, 0, 0, 0, 0, 0, 0, 0, 0, 0, 0, 0, 0, 0, 0, 0, -0.0042712633, -0.0031284303, -0.0029059127, -0.0029620111, -0.003193857, -0.003472094, -0.003611737, -0.0038822636, -0.004138303, -0.0042614755, -0.004500743, -0.0047326675, -0.004956284, -0.0050641494, -0.005271595, -0.005470042, -0.0055666924, -0.0057551973, -0.005936536, -0.006109633, -0.0061931014, -0.006355056, -0.006513063, -0.0065913526, -0.006746429, -0.0068973736, -0.0069702966, -0.007109682, -0.0072403452, -0.0073635615, -0.007422848, -0.007536546, -0.0076417006, -0.007689832, -0.0077742185, -0.007839961, -0.007886589, -0.007903424, -0.007926775, -0.007939923, -0.007943803, -0.00794755, -0.007946135, -0.007943278, -0.007932031, -0.007911218, -0.0078788875, -0.007857879, -0.0078052636, -0.007738331, -0.0076992293, -0.0076095974, -0.0075055286, -0.0073897126, -0.0073288516, -0.0072043985, -0.0070794513, -0.0070171636, -0.006891622, -0.0067621884, -0.006694874, -0.0065531707, -0.0064003794, -0.0062353057, -0.0061471947, -0.005957773, -0.0057490724, -0.005637099, -0.0053964094, -0.0051292274, -0.004831615, -0.004670853, -0.004326223, -0.0039602844, -0.0037815543, -0.0035031661, -0.0034995815
0, 0, 0, 0, 0, 0, 0, 0, 0, 0, 0, 0, 0, 0, 0, 0, 0, 0, 0, 0, 0, 0, 0, 0, 0, 0, 0, 0, 0, 0, 0, 0, 0, 0, 0, 0, 0, 0, 0, 0, 0, 0, 0, 0, 0, 0, 0, 0, 0, 0, 0, 0, 0, 0, 0, 0, 0, 0, 0, 0, 0, 0, 0, 0, 0, 0, 0, 0, 0, 0, 0, 0, 0, -0.0036447921, -0.0032208983, -0.0031638176, -0.0032391807, -0.0034705508, -0.0037296794, -0.0038575549, -0.004103472, -0.0043356977, -0.00444765, -0.0046657342, -0.004878384, -0.0050847842, -0.0051849284, -0.0053786393, -0.0055650305, -0.005656116, -0.0058345683, -0.006006966, -0.006171817, -0.0062512965, -0.0064055063, -0.006556433, -0.006631334, -0.0067800675, -0.0069253193, -0.0069956025, -0.007130272, -0.007257204, -0.0073777707, -0.0074361465, -0.0075489907, -0.007654245, -0.007702634, -0.00778774, -0.007854284, -0.007901765, -0.007919074, -0.0079436, -0.007957755, -0.0079618525, -0.007965014, -0.007961045, -0.007956048, -0.007938811, -0.007909952, -0.007868038, -0.007841997, -0.0077799545, -0.007705954, -0.007664994, -0.007576092, -0.0074785743, -0.0073734666, -0.0073183794, -0.00720437, -0.0070861788, -0.0070253983, -0.0068996563, -0.006767392, -0.0066984748, -0.0065540033, -0.006399847, -0.006235185, -0.0061477292, -0.005959311, -0.0057503264, -0.005637902, -0.005396559, -0.00512965, -0.0048322706, -0.0046715694, -0.004327178, -0.0039617284, -0.0037831434, -0.0035045142, -0.003500436
0, 0, 0, 0, 0, 0, 0, 0, 0, 0, 0, 0, 0, 0, 0, 0, 0, 0, 0, 0, 0, 0, 0, 0, 0, 0, 0, 0, 0, 0, 0, 0, 0, 0, 0, 0, 0, 0, 0, 0, 0, 0, 0, 0, 0, 0, 0, 0, 0, 0, 0, 0, 0, 0, 0, 0, 0, 0, 0, 0, 0, 0, 0, 0, 0, 0, 0, 0, 0, 0, 0, 0, 0, -0.0034754924, -0.003288542, -0.0033559203, -0.0034562487, -0.0037011001, -0.003951614, -0.004071834, -0.0042997478, -0.004513412, -0.0046163946, -0.004817435, -0.0050138417, -0.005205273, -0.0052985647, -0.0054802787, -0.0056565404, -0.0057431795, -0.0059138034, -0.0060796514, -0.0062384703, -0.0063149347, -0.006463407, -0.0066083516, -0.0066802413, -0.0068226326, -0.0069610337, -0.0070277513, -0.007155068, -0.0072746696, -0.007388789, -0.0074445126, -0.007553432, -0.0076570124, -0.0077054114, -0.0077920626, -0.00786163, -0.007912925, -0.007932208, -0.007960071, -0.007976206, -0.007980517, -0.007981926, -0.007973091, -0.007964458, -0.007937951, -0.007898265, -0.0078453915, -0.007814252, -0.0077439835, -0.0076657063, -0.007624448, -0.0075387885, -0.0074495794, -0.007355754, -0.007306478, -0.0072025214, -0.0070908815, -0.007031802, -0.0069064526, -0.0067722583, -0.006702133, -0.006555876, -0.0064009787, -0.0062364633, -0.0061492682, -0.005961191, -0.0057510347, -0.0056376928, -0.0053948555, -0.0051282407, -0.0048322664, -0.004672001, -0.004327226, -0.0039609266, -0.0037822102, -0.0035039533, -0.0035005729
0, 0, 0, 0, 0, 0, 0, 0, 0, 0, 0, 0, 0, 0, 0, 0, 0, 0, 0, 0, 0, 0, 0, 0, 0, 0, 0, 0, 0, 0, 0, 0, 0, 0, 0, 0, 0, 0, 0, 0, 0, 0, 0, 0, 0, 0, 0, 0, 0, 0, 0, 0, 0, 0, 0, 0, 0, 0, 0, 0, 0, 0, 0, 0, 0, 0, 0, 0, 0, 0, 0, 0, 0, -0.004286465, -0.003548781, -0.0035197744, -0.0036082247, -0.0038442994, -0.0040899487, -0.00420753, -0.004429217, -0.004635339, -0.00473437, -0.004927209, -0.0051149717, -0.0052974317, -0.005386476, -0.005560438, -0.005730157, -0.005814018, -0.0059798206, -0.0061418377, -0.0062972507, -0.006372039, -0.0065171462, -0.006658305, -0.0067279795, -0.0068653347, -0.0069977124, -0.0070610642, -0.007181157, -0.007293158, -0.007400077, -0.007452683, -0.0075565684, -0.007657467, -0.0077054775, -0.007793147, -0.007865868, -0.007921163, -0.007942386, -0.007972844, -0.00798902, -0.0079922555, -0.007989319, -0.007973422, -0.007960486, -0.007924376, -0.007874734, -0.007813143, -0.007778481, -0.0077036372, -0.0076247663, -0.0075848005, -0.007504399, -0.007423215, -0.007338799, -0.0072940597, -0.0071975766, -0.007090748, -0.007033026, -0.0069088168, -0.006774571, -0.00670446, -0.0065586925, -0.0064042993, -0.0062390566, -0.006151236, -0.005961627, -0.005750258, -0.0056363544, -0.005392791, -0.005126435, -0.0048312866, -0.004671067, -0.004325509, -0.0039583673, -0.0037796858, -0.0035022257, -0.0034994765
0, 0, 0, 0, 0, 0, 0, 0, 0, 0, 0, 0, 0, 0, 0, 0, 0, 0, 0, 0, 0, 0, 0, 0, 0, 0, 0, 0, 0, 0, 0, 0, 0, 0, 0, 0, 0, 0, 0, 0, 0, 0, 0, 0, 0, 0, 0, 0, 0, 0, 0, 0, 0, 0, 0, 0, 0, 0, 0, 0, 0, 0, 0, 0, 0, 0, 0, 0, 0, 0, 0, 0, 0, -0.003797277, -0.0034445776, -0.0035002194, -0.003604028, -0.0038579, -0.004116854, -0.004240175, -0.00447161, -0.004684947, -0.0047864616, -0.0049823895, -0.005170681, -0.0053517, -0.005439562, -0.005610732, -0.0057773697, -0.0058596223, -0.006022675, -0.0061822743, -0.0063358247, -0.0064098043, -0.0065533803, -0.006692992, -0.006761854, -0.0068971138, -0.007026787, -0.00708855, -0.0072048786, -0.007312678, -0.007415431, -0.007465915, -0.0075661736, -0.0076641655, -0.007711071, -0.007797279, -0.007869334, -0.007924517, -0.0079455115, -0.007974723, -0.007987797, -0.007988779, -0.00797998, -0.0079572685, -0.007940804, -0.007897788, -0.007841989, -0.007776123, -0.0077403155, -0.0076654395, -0.0075894385, -0.0075518936, -0.0074773803, -0.0074022138, -0.0073229577, -0.007280316, -0.0071871355, -0.0070829284, -0.0070266463, -0.0069057066, -0.006774674, -0.0067058853, -0.0065617017, -0.0064074704, -0.0062408596, -0.0061520007, -0.005960504, -0.0057484386, -0.005634531, -0.0053910133, -0.005124286, -0.004828373, -0.004667766, -0.004321934, -0.003955021, -0.0037765596, -0.0034994418, -0.0034966066
0, 0, 0, 0, 0, 0, 0, 0, 0, 0, 0, 0, 0, 0, 0, 0, 0, 0, 0, 0, 0, 0, 0, 0, 0, 0, 0, 0, 0, 0, 0, 0, 0, 0, 0, 0, 0, 0, 0, 0, 0, 0, 0, 0, 0, 0, 0, 0, 0, 0, 0, 0, 0, 0, 0, 0, 0, 0, 0, 0, 0, 0, 0, 0, 0, 0, 0, 0, 0, 0, 0, 0, 0, -0.0031809572, -0.003104152, -0.0033006992, -0.0034438837, -0.0037483792, -0.0040410156, -0.0041781575, -0.0044333083, -0.00466569, -0.004775051, -0.004983586, -0.0051807286, -0.005367406, -0.0054570762, -0.005630162, -0.00579693, -0.0058788336, -0.006040663, -0.0061987448, -0.0063507766, -0.006424216, -0.006567277, -0.0067071426, -0.0067763138, -0.0069125835, -0.007043512, -0.0071058497, -0.007222981, -0.007331246, -0.0074337833, -0.0074838367, -0.007582425, -0.0076777358, -0.007722877, -0.0078047854, -0.007871682, -0.007920971, -0.007938878, -0.007961686, -0.00796834, -0.007966159, -0.007951534, -0.007924306, -0.007906197, -0.007861068, -0.0078050117, -0.0077404534, -0.007706123, -0.007635268, -0.0075639347, -0.0075285803, -0.0074575976, -0.007384378, -0.0073057683, -0.0072632637, -0.007170715, -0.007068453, -0.0070139146, -0.0068978425, -0.006771916, -0.006705123, -0.0065628355, -0.006408161, -0.006240217, -0.0061507607, -0.005958663, -0.005746351, -0.0056323307, -0.0053884275, -0.0051207026, -0.0048236568, -0.004662758, -0.0043170312, -0.003950726, -0.0037724653, -0.0034952916, -0.0034921588
0, 0, 0, 0, 0, 0, 0, 0, 0, 0, 0, 0, 0, 0, 0, 0, 0, 0, 0, 0, 0, 0, 0, 0, 0, 0, 0, 0, 0, 0, 0, 0, 0, 0, 0, 0, 0, 0, 0, 0, 0, 0, 0, 0, 0, 0, 0, 0, 0, 0, 0, 0, 0, 0, 0, 0, 0, 0, 0, 0, 0, 0, 0, 0, 0, 0, 0, 0, 0, 0, 0, 0, 0, -0.0027258121, -0.002782591, -0.0030670164, -0.003239814, -0.0035883035, -0.0039140526, -0.0040657055, -0.0043468312, -0.004601581, -0.004720862, -0.0049461513, -0.005156705, -0.0053539006, -0.005447697, -0.0056267125, -0.0057968176, -0.0058795707, -0.006041846, -0.006199096, -0.006349636, -0.0064223786, -0.0065645156, -0.0067045176, -0.0067741848, -0.006912195, -0.0070459596, -0.0071100737, -0.00723096, -0.007343011, -0.0074485093, -0.007499514, -0.0075985845, -0.0076919477, -0.0077351085, -0.0078111496, -0.007869763, -0.007908974, -0.007921596, -0.007934291, -0.007932325, -0.007926654, -0.007907669, -0.007879605, -0.007862366, -0.007820957, -0.0077699567, -0.007710845, -0.007679254, -0.007613763, -0.007546567, -0.0075124307, -0.0074417586, -0.007366399, -0.0072853016, -0.0072420193, -0.007149563, -0.007049707, -0.006997141, -0.00688587, -0.006764732, -0.0066997875, -0.006559857, -0.006405625, -0.0062373714, -0.0061478433, -0.0059557534, -0.005743182, -0.0056288117, -0.0053840224, -0.0051153693, -0.004817718, -0.004656736, -0.0043109236, -0.003944736, -0.0037665945, -0.0034897407, -0.003486491
0, 0, 0, 0, 0, 0, 0, 0, 0, 0, 0, 0, 0, 0, 0, 0, 0, 0, 0, 0, 0, 0, 0, 0, 0, 0, 0, 0, 0, 0, 0, 0, 0, 0, 0, 0, 0, 0, 0, 0, 0, 0, 0, 0, 0, 0, 0, 0, 0, 0, 0, 0, 0, 0, 0, 0, 0, 0, 0, 0, 0, 0, 0, 0, 0, 0, 0, 0, 0, 0, 0, 0, 0, -0.002579993, -0.0026500751, -0.0029364652, -0.0031110847, -0.0034670806, -0.0038049193, -0.0039637093, -0.004260046, -0.0045305816, -0.0046574334, -0.004896914, -0.00512023, -0.0053284355, -0.005427018, -0.0056137214, -0.0057889125, -0.0058733816, -0.0060374676, -0.006194281, -0.0063433405, -0.006415148, -0.0065553356, -0.006693737, -0.006762979, -0.006901161, -0.0070362524, -0.0071013947, -0.0072255754, -0.0073412987, -0.0074502584, -0.0075028148, -0.007603662, -0.0076964675, -0.007738185, -0.007808844, -0.007859162, -0.007888121, -0.007895269, -0.007897705, -0.007887743, -0.007879365, -0.007858141, -0.007832303, -0.007817507, -0.0077831014, -0.007739851, -0.0076874113, -0.007658503, -0.007596922, -0.0075316406, -0.007497642, -0.007425586, -0.007346851, -0.0072619645, -0.0072174794, -0.0071249246, -0.00702763, -0.0069769556, -0.0068698577, -0.006752683, -0.006689516, -0.0065524695, -0.0063998494, -0.006232086, -0.0061425436, -0.0059503387, -0.005737846, -0.0056233634, -0.0053778198, -0.0051082266, -0.00481003, -0.004649009, -0.004303208, -0.003937061, -0.0037591043, -0.0034827269, -0.0034794474
0, 0, 0, 0, 0, 0, 0, 0, 0, 0, 0, 0, 0, 0, 0, 0, 0, 0, 0, 0, 0, 0, 0, 0, 0, 0, 0, 0, 0, 0, 0, 0, 0, 0, 0, 0, 0, 0, 0, 0, 0, 0, 0, 0, 0, 0, 0, 0, 0, 0, 0, 0, 0, 0, 0, 0, 0, 0, 0, 0, 0, 0, 0, 0, 0, 0, 0, 0, 0, 0, 0, 0, -0.0038356679, -0.0028752254, -0.002728632, -0.0029475142, -0.0031039524, -0.0034377668, -0.003764886, -0.0039211595, -0.0042167087, -0.0044904207, -0.004619795, -0.0048655733, -0.005095846, -0.00531116, -0.0054129874, -0.005605266, -0.0057844482, -0.0058703646, -0.006035848, -0.0061924984, -0.006339754, -0.0064103524, -0.006547599, -0.0066825124, -0.0067499653, -0.0068852594, -0.0070182336, -0.007082756, -0.007206434, -0.007322945, -0.00743318, -0.007486425, -0.007588694, -0.0076818457, -0.007723188, -0.007791522, -0.007837286, -0.007859972, -0.007863738, -0.007859645, -0.007845012, -0.007835323, -0.007813877, -0.0077907355, -0.0077782073, -0.007749466, -0.0077123865, -0.0076652886, -0.0076383767, -0.0075792903, -0.007514533, -0.0074800807, -0.0074058734, -0.0073238616, -0.0072355815, -0.007190023, -0.0070973192, -0.007002787, -0.006954036, -0.0068508964, -0.0067369356, -0.0066751265, -0.0065405313, -0.006389973, -0.006223448, -0.006134159, -0.0059420285, -0.0057296245, -0.005615157, -0.005369229, -0.005098942, -0.00480023, -0.0046390677, -0.004293463, -0.003927798, -0.003750022, -0.0034739869, -0.003470872
0, 0, 0, 0, 0, 0, 0, 0, 0, 0, 0, 0, 0, 0, 0, 0, 0, 0, 0, 0, 0, 0, 0, 0, 0, 0, 0, 0, 0, 0, 0, 0, 0, 0, 0, 0, 0, 0, 0, 0, 0, 0, 0, 0, 0, 0, 0, 0, 0, 0, 0, 0, 0, 0, 0, 0, 0, 0, 0, 0, 0, 0, 0, 0, 0, 0, 0, 0, 0, 0, 0, 0, -0.003161321, -0.0028115506, -0.0028129313, -0.0030468185, -0.003196107, -0.0035078696, -0.0038133312, -0.003960339, -0.0042414092, -0.0045054364, -0.0046315705, -0.004873325, -0.0051018437, -0.005316997, -0.0054190233, -0.0056117917, -0.0057909763, -0.005876667, -0.006041327, -0.0061962637, -0.0063411174, -0.0064102234, -0.0065437104, -0.0066736615, -0.0067384415, -0.006867915, -0.006995255, -0.007057097, -0.0071764253, -0.0072897174, -0.0073981127, -0.007450884, -0.0075529297, -0.00764671, -0.0076885372, -0.007758069, -0.0078049293, -0.007827917, -0.0078314645, -0.007826268, -0.007810485, -0.007800582, -0.007779412, -0.007757531, -0.007745927, -0.007719279, -0.0076845866, -0.007639761, -0.0076136817, -0.0075555705, -0.007490681, -0.0074556954, -0.0073797386, -0.0072955387, -0.00720577, -0.007160028, -0.007068222, -0.006976414, -0.006929424, -0.006829632, -0.0067182095, -0.006657361, -0.006524455, -0.0063756653, -0.0062105116, -0.0061217346, -0.005930413, -0.005718271, -0.0056037824, -0.0053574904, -0.0050866543, -0.004787703, -0.0046265507, -0.0042815297, -0.003916589, -0.0037390487, -0.0034634408, -0.003460525
0, 0, 0, 0, 0, 0, 0, 0, 0, 0, 0, 0, 0, 0, 0, 0, 0, 0, 0, 0, 0, 0, 0, 0, 0, 0, 0, 0, 0, 0, 0, 0, 0, 0, 0, 0, 0, 0, 0, 0, 0, 0, 0, 0, 0, 0, 0, 0, 0, 0, 0, 0, 0, 0, 0, 0, 0, 0, 0, 0, 0, 0, 0, 0, 0, 0, 0, 0, 0, 0, 0, 0, -0.002972618, -0.0028513263, -0.0029736653, -0.0032331627, -0.0033776255, -0.0036662892, -0.0039436677, -0.0040771766, -0.004334382, -0.0045789983, -0.00469702, -0.004925157, -0.005143299, -0.0053504584, -0.005449125, -0.0056360117, -0.0058101057, -0.00589335, -0.006053144, -0.0062038284, -0.006344384, -0.00641145, -0.0065405574, -0.0066653043, -0.00672716, -0.0068502314, -0.0069705797, -0.0070289685, -0.0071418565, -0.007249794, -0.0073541347, -0.0074054194, -0.007505514, -0.0075987508, -0.0076410742, -0.007712957, -0.0077639893, -0.0077924184, -0.007798529, -0.007797649, -0.0077843987, -0.0077750585, -0.007753775, -0.0077307615, -0.0077182744, -0.0076895817, -0.0076529565, -0.0076068062, -0.0075802924, -0.0075215725, -0.0074564624, -0.0074214437, -0.007345422, -0.007261365, -0.007172707, -0.0071279877, -0.0070389416, -0.006949959, -0.006904318, -0.006806623, -0.0066964263, -0.006635991, -0.0065041063, -0.0063569304, -0.0061935144, -0.006105308, -0.0059147794, -0.0057029226, -0.0055884314, -0.0053420304, -0.0050708787, -0.0047719493, -0.0046110814, -0.004266939, -0.0039030327, -0.003726017, -0.0034511245, -0.003448014
0, 0, 0, 0, 0, 0, 0, 0, 0, 0, 0, 0, 0, 0, 0, 0, 0, 0, 0, 0, 0, 0, 0, 0, 0, 0, 0, 0, 0, 0, 0, 0, 0, 0, 0, 0, 0, 0, 0, 0, 0, 0, 0, 0, 0, 0, 0, 0, 0, 0, 0, 0, 0, 0, 0, 0, 0, 0, 0, 0, 0, 0, 0, 0, 0, 0, 0, 0, 0, 0, 0, -0.0046639815, -0.003944091, -0.0032999, -0.0032997336, -0.003508186, -0.0036325892, -0.0038843858, -0.0041284077, -0.0042467336, -0.0044761086, -0.004696037, -0.0048027583, -0.005010959, -0.005212277, -0.0054048565, -0.0054971077, -0.0056727617, -0.005837397, -0.005916413, -0.0060686674, -0.006212696, -0.0063477647, -0.00641227, -0.006536608, -0.006656843, -0.0067163548, -0.006834277, -0.0069488897, -0.007004289, -0.0071110292, -0.007213054, -0.007312202, -0.0073612267, -0.0074574915, -0.0075483155, -0.0075902324, -0.007663428, -0.007718671, -0.007753453, -0.007763265, -0.007769311, -0.007761094, -0.0077530304, -0.007731785, -0.0077053416, -0.0076903463, -0.007655785, -0.0076136226, -0.007563169, -0.0075352644, -0.007475142, -0.0074103763, -0.0073762294, -0.0073030107, -0.0072224666, -0.007137665, -0.0070948633, -0.007009746, -0.0069234753, -0.006878646, -0.0067817527, -0.006671608, -0.0066111456, -0.0064796577, -0.006333826, -0.0061721625, -0.006084714, -0.005894889, -0.0056829043, -0.00556826, -0.00532179, -0.00505108, -0.004752889, -0.004592545, -0.0042494615, -0.0038866187, -0.0037101987, -0.0034364702, -0.0034335165
0, 0, 0, 0, 0, 0, 0, 0, 0, 0, 0, 0, 0, 0, 0, 0, 0, 0, 0, 0, 0, 0, 0, 0, 0, 0, 0, 0, 0, 0, 0, 0, 0, 0, 0, 0, 0, 0, 0, 0, 0, 0, 0, 0, 0, 0, 0, 0, 0, 0, 0, 0, 0, 0, 0, 0, 0, 0, 0, 0, 0, 0, 0, 0, 0, 0, 0, 0, 0, 0, 0, -0.0050345063, -0.004325222, -0.0036617857, -0.003609214, -0.0037743638, -0.0038810805, -0.0041027633, -0.004321392, -0.0044280277, -0.0046347184, -0.0048319576, -0.004927539, -0.005114301, -0.005295886, -0.005470801, -0.005555018, -0.0057164277, -0.005869307, -0.005943134, -0.0060865437, -0.006223315, -0.006352445, -0.0064143846, -0.0065340167, -0.006650592, -0.006708357, -0.0068227737, -0.006933621, -0.006986864, -0.0070889224, -0.0071857553, -0.007279407, -0.0073257894, -0.0074169305, -0.007503801, -0.0075444193, -0.007616811, -0.0076739443, -0.007713022, -0.0077254986, -0.007737059, -0.0077330894, -0.0077261156, -0.007704209, -0.007673305, -0.0076547894, -0.007612312, -0.007562758, -0.0075072353, -0.0074779354, -0.007417368, -0.0073546367, -0.007322204, -0.0072539216, -0.007179831, -0.0071013724, -0.007061436, -0.006980569, -0.006896492, -0.0068518375, -0.006754026, -0.0066427053, -0.0065819975, -0.0064513367, -0.00630721, -0.0061468044, -0.006059591, -0.0058696056, -0.0056571322, -0.00554244, -0.005296489, -0.005027118, -0.004730523, -0.004570816, -0.004228509, -0.0038665847, -0.003690882, -0.0034190044, -0.0034171448
0, 0, 0, 0, 0, 0, 0, 0, 0, 0, 0, 0, 0, 0, 0, 0, 0, 0, 0, 0, 0, 0, 0, 0, 0, 0, 0, 0, 0, 0, 0, 0, 0, 0, 0, 0, 0, 0, 0, 0, 0, 0, 0, 0, 0, 0, 0, 0, 0, 0, 0, 0, 0, 0, 0, 0, 0, 0, 0, 0, 0, 0, 0, 0, 0, 0, 0, 0, 0, 0, 0, -0.004111037, -0.0038231716, -0.0035987427, -0.0036993495, -0.003914213, -0.0040307106, -0.004259089, -0.004475693, -0.004579415, -0.004776986, -0.00496153, -0.0050497176, -0.0052203466, -0.005385057, -0.0055432236, -0.005619381, -0.0057659023, -0.0059062336, -0.005974554, -0.006108406, -0.00623769, -0.006361098, -0.006420504, -0.0065359906, -0.006649194, -0.006705472, -0.006816987, -0.006925082, -0.00697694, -0.0070756054, -0.0071682422, -0.0072573884, -0.007301349, -0.007387841, -0.0074705603, -0.0075093773, -0.007579045, -0.007634567, -0.0076731564, -0.007685702, -0.007697584, -0.0076936563, -0.0076862583, -0.0076619983, -0.007626501, -0.007604815, -0.0075549833, -0.0074987146, -0.007439256, -0.007409392, -0.0073505808, -0.007292546, -0.0072631566, -0.007201879, -0.007135567, -0.007064307, -0.0070271706, -0.0069498285, -0.006866429, -0.0068214317, -0.0067224074, -0.0066101123, -0.0065493486, -0.006419649, -0.006276832, -0.0061166203, -0.0060289423, -0.0058376933, -0.005625245, -0.005511191, -0.005266979, -0.0049991226, -0.0047035576, -0.004544331, -0.0042032725, -0.0038431394, -0.003668564, -0.003398968, -0.0033981248
0, 0, 0, 0, 0, 0, 0, 0, 0, 0, 0, 0, 0, 0, 0, 0, 0, 0, 0, 0, 0, 0, 0, 0, 0, 0, 0, 0, 0, 0, 0, 0, 0, 0, 0, 0, 0, 0, 0, 0, 0, 0, 0, 0, 0, 0, 0, 0, 0, 0, 0, 0, 0, 0, 0, 0, 0, 0, 0, 0, 0, 0, 0, 0, 0, 0, 0, 0, 0, 0, 0, -0.0032594937, -0.0032003727, -0.003326547, -0.00361628, -0.003926576, -0.00407171, -0.0043363334, -0.0045720334, -0.004681038, -0.0048838025, -0.0050674886, -0.005153476, -0.005317163, -0.0054721977, -0.0056186034, -0.0056885383, -0.0058227316, -0.0059511494, -0.006013997, -0.0061379443, -0.006259207, -0.0063763694, -0.0064332373, -0.006544227, -0.0066537377, -0.006708307, -0.006816833, -0.006922066, -0.006972533, -0.0070683653, -0.007157916, -0.007243723, -0.007285879, -0.0073687485, -0.0074480562, -0.0074851564, -0.007551096, -0.0076021836, -0.0076354304, -0.0076450715, -0.0076508406, -0.007640474, -0.0076300427, -0.007599813, -0.007558788, -0.0075345784, -0.00748026, -0.0074212514, -0.007362047, -0.0073336274, -0.00728007, -0.007229272, -0.007203735, -0.0071497858, -0.007089989, -0.0070243985, -0.0069895126, -0.006914868, -0.0068319333, -0.006786544, -0.0066867694, -0.0065741995, -0.006513506, -0.0063839313, -0.0062409374, -0.0060799834, -0.0059917253, -0.005799791, -0.0055881585, -0.0054750517, -0.005232982, -0.004966288, -0.0046709734, -0.004512102, -0.0041733775, -0.0038168456, -0.0036439027, -0.0033763596, -0.0033755358
0, 0, 0, 0, 0, 0, 0, 0, 0, 0, 0, 0, 0, 0, 0, 0, 0, 0, 0, 0, 0, 0, 0, 0, 0, 0, 0, 0, 0, 0, 0, 0, 0, 0, 0, 0, 0, 0, 0, 0, 0, 0, 0, 0, 0, 0, 0, 0, 0, 0, 0, 0, 0, 0, 0, 0, 0, 0, 0, 0, 0, 0, 0, 0, 0, 0, 0, 0, 0, 0, 0, -0.0029309748, -0.0029453116, -0.0031880196, -0.003553827, -0.0039136815, -0.004077315, -0.004370299, -0.004625647, -0.004742055, -0.0049550994, -0.005145124, -0.0052329856, -0.0053978725, -0.005551098, -0.0056931614, -0.005760084, -0.005886707, -0.006006152, -0.00606417, -0.0061786384, -0.006291319, -0.006401112, -0.0064546475, -0.006559614, -0.0066634878, -0.0067154365, -0.0068190806, -0.006920272, -0.0069690626, -0.007062339, -0.0071500363, -0.0072343224, -0.0072756414, -0.0073567387, -0.007433788, -0.007469374, -0.0075310334, -0.007575378, -0.007599098, -0.007602997, -0.0075963717, -0.0075733433, -0.007556976, -0.0075171334, -0.007469973, -0.0074443086, -0.007389976, -0.0073342677, -0.007280839, -0.007255971, -0.007210445, -0.0071677133, -0.007145763, -0.0070976866, -0.007042004, -0.0069796224, -0.0069462573, -0.006874203, -0.0067925863, -0.006747217, -0.0066468064, -0.0065334947, -0.006472572, -0.0063423035, -0.006198585, -0.006036877, -0.0059484798, -0.0057568336, -0.005546211, -0.005433757, -0.0051929993, -0.004927384, -0.004633017, -0.0044749933, -0.0041393014, -0.0037869376, -0.0036158406, -0.0033506248, -0.0033495678
0, 0, 0, 0, 0, 0, 0, 0, 0, 0, 0, 0, 0, 0, 0, 0, 0, 0, 0, 0, 0, 0, 0, 0, 0, 0, 0, 0, 0, 0, 0, 0, 0, 0, 0, 0, 0, 0, 0, 0, 0, 0, 0, 0, 0, 0, 0, 0, 0, 0, 0, 0, 0, 0, 0, 0, 0, 0, 0, 0, 0, 0, 0, 0, 0, 0, 0, 0, 0, 0, -0.0044220896, -0.003378051, -0.0032230702, -0.0033187182, -0.0036250742, -0.0039596464, -0.004117862, -0.0044082813, -0.004666815, -0.0047855997, -0.0050042775, -0.0052003292, -0.0052911094, -0.005460558, -0.0056166346, -0.0057598283, -0.0058267, -0.005951268, -0.006066099, -0.00612109, -0.0062283627, -0.0063330606, -0.006434521, -0.006483916, -0.006580787, -0.0066769607, -0.0067251436, -0.006822004, -0.006917815, -0.006964726, -0.007055422, -0.0071421335, -0.0072259833, -0.007267092, -0.0073473244, -0.0074222838, -0.0074561136, -0.0075123473, -0.0075480407, -0.00755958, -0.0075563085, -0.0075339247, -0.007495372, -0.0074719824, -0.007420864, -0.007367975, -0.0073417434, -0.0072908686, -0.0072431304, -0.0071996455, -0.007179801, -0.0071431412, -0.0071073575, -0.007088115, -0.0070438986, -0.0069906884, -0.0069299857, -0.006897462, -0.0068273293, -0.00674692, -0.0067016976, -0.0066005797, -0.006486254, -0.0064249076, -0.006294253, -0.006150337, -0.00598831, -0.0058997944, -0.0057082986, -0.005498327, -0.005386321, -0.0051466646, -0.0048823603, -0.0045900084, -0.0044333464, -0.004101084, -0.003752646, -0.0035834822, -0.003321241, -0.0033205466
0, 0, 0, 0, 0, 0, 0, 0, 0, 0, 0, 0, 0, 0, 0, 0, 0, 0, 0, 0, 0, 0, 0, 0, 0, 0, 0, 0, 0, 0, 0, 0, 0, 0, 0, 0, 0, 0, 0, 0, 0, 0, 0, 0, 0, 0, 0, 0, 0, 0, 0, 0, 0, 0, 0, 0, 0, 0, 0, 0, 0, 0, 0, 0, 0, 0, 0, 0, 0, 0, -0.004727484, -0.0036938856, -0.0035150307, -0.0035357478, -0.0037719542, -0.004056445, -0.004197277, -0.004465002, -0.0047123134, -0.0048282538, -0.005044741, -0.005241922, -0.0053338427, -0.005506579, -0.0056659807, -0.005812352, -0.0058804294, -0.006006788, -0.006121723, -0.0061760163, -0.006280242, -0.0063796854, -0.006473797, -0.006518953, -0.0066068573, -0.006693913, -0.0067376574, -0.006826284, -0.006915597, -0.00695997, -0.0070470413, -0.007131868, -0.007214672, -0.0072552925, -0.0073339483, -0.007405834, -0.0074373786, -0.0074871504, -0.0075136013, -0.0075131496, -0.0075029894, -0.007465843, -0.0074128, -0.0073831514, -0.007322206, -0.00726466, -0.0072382954, -0.0071914094, -0.0071521597, -0.0071194307, -0.007104939, -0.007077386, -0.0070473445, -0.007029842, -0.0069875126, -0.0069350107, -0.0068746014, -0.0068423045, -0.0067727296, -0.006692928, -0.0066479286, -0.0065467586, -0.006432195, -0.0063707377, -0.0062400987, -0.0060961344, -0.005933766, -0.0058450587, -0.0056534316, -0.0054439805, -0.005332432, -0.005093933, -0.0048314617, -0.004542004, -0.0043870714, -0.0040583527, -0.0037136583, -0.003546414, -0.0032878877, -0.0032885564
0, 0, 0, 0, 0, 0, 0, 0, 0, 0, 0, 0, 0, 0, 0, 0, 0, 0, 0, 0, 0, 0, 0, 0, 0, 0, 0, 0, 0, 0, 0, 0, 0, 0, 0, 0, 0, 0, 0, 0, 0, 0, 0, 0, 0, 0, 0, 0, 0, 0, 0, 0, 0, 0, 0, 0, 0, 0, 0, 0, 0, 0, 0, 0, 0, 0, 0, 0, 0, 0, -0.0038955482, -0.003525228, -0.0034966243, -0.003632807, -0.0038786477, -0.0041445466, -0.0042747594, -0.0045247297, -0.004759573, -0.004871298, -0.0050823567, -0.0052769743, -0.0053683543, -0.00554112, -0.005701728, -0.005850042, -0.0059193205, -0.006047896, -0.0061651315, -0.0062203966, -0.006325304, -0.006422917, -0.006512495, -0.0065545104, -0.006634716, -0.0067129047, -0.006752238, -0.0068321954, -0.0069138655, -0.0069548306, -0.0070362, -0.0071165543, -0.007195931, -0.007235105, -0.0073106256, -0.0073785856, -0.0074076843, -0.0074512563, -0.007469785, -0.0074597355, -0.007444299, -0.0073960614, -0.00733227, -0.007297838, -0.0072297985, -0.007169048, -0.007142642, -0.007098853, -0.0070662675, -0.0070421216, -0.007031953, -0.0070116934, -0.006985836, -0.006968972, -0.00692637, -0.006872766, -0.006811623, -0.0067791534, -0.006709704, -0.0066304, -0.006585726, -0.0064852554, -0.006371454, -0.0063103647, -0.006180033, -0.006035669, -0.005872318, -0.0057832063, -0.0055914875, -0.0053830463, -0.0052722422, -0.005035247, -0.0047746976, -0.0044885445, -0.004335647, -0.0040108906, -0.003669815, -0.0035046465, -0.0032505342, -0.0032535691
0, 0, 0, 0, 0, 0, 0, 0, 0, 0, 0, 0, 0, 0, 0, 0, 0, 0, 0, 0, 0, 0, 0, 0, 0, 0, 0, 0, 0, 0, 0, 0, 0, 0, 0, 0, 0, 0, 0, 0, 0, 0, 0, 0, 0, 0, 0, 0, 0, 0, 0, 0, 0, 0, 0, 0, 0, 0, 0, 0, 0, 0, 0, 0, 0, 0, 0, 0, 0, 0, -0.0032712433, -0.0032576798, -0.003346193, -0.003613566, -0.0039097024, -0.004189957, -0.0043214327, -0.0045689554, -0.0047991066, -0.004908573, -0.0051158518, -0.005307608, -0.005397962, -0.00556868, -0.0057284473, -0.005876658, -0.0059459717, -0.0060749, -0.0061932127, -0.0062491223, -0.006355548, -0.006453272, -0.0065411855, -0.006581573, -0.006656761, -0.006728286, -0.0067638555, -0.006836355, -0.0069106976, -0.0069479938, -0.0070222914, -0.0070960843, -0.0071695205, -0.0072059236, -0.007276537, -0.007339798, -0.007366408, -0.0074046445, -0.007416909, -0.007400135, -0.0073812073, -0.0073263654, -0.0072570248, -0.007220402, -0.0071493336, -0.007087542, -0.0070612626, -0.007018749, -0.006989133, -0.006968943, -0.006960798, -0.006943715, -0.006919163, -0.0069020693, -0.0068576536, -0.0068020676, -0.006739943, -0.006707426, -0.0066384436, -0.0065601096, -0.006516087, -0.00641712, -0.006304594, -0.0062437383, -0.0061132, -0.0059677497, -0.005803173, -0.0057137315, -0.005522354, -0.005315664, -0.005205999, -0.0049709426, -0.004712139, -0.0044288146, -0.0042780023, -0.003958121, -0.0036219524, -0.003459155, -0.0032094938, -0.0032148298
0, 0, 0, 0, 0, 0, 0, 0, 0, 0, 0, 0, 0, 0, 0, 0, 0, 0, 0, 0, 0, 0, 0, 0, 0, 0, 0, 0, 0, 0, 0, 0, 0, 0, 0, 0, 0, 0, 0, 0, 0, 0, 0, 0, 0, 0, 0, 0, 0, 0, 0, 0, 0, 0, 0, 0, 0, 0, 0, 0, 0, 0, 0, 0, 0, 0, 0, 0, 0, -0.0041590435, -0.003279069, -0.0031757718, -0.003276095, -0.0035786466, -0.0039021776, -0.0041997735, -0.0043367725, -0.004590981, -0.0048240745, -0.0049338853, -0.005141302, -0.0053319135, -0.005421624, -0.005590944, -0.005749034, -0.005895358, -0.005963569, -0.0060901693, -0.0062064794, -0.006261716, -0.0063670827, -0.0064643873, -0.0065520443, -0.0065919026, -0.00666533, -0.0067338306, -0.006767508, -0.006835503, -0.006904066, -0.0069382302, -0.0070056273, -0.007071898, -0.007137535, -0.007170136, -0.007233846, -0.0072911577, -0.007315104, -0.007348654, -0.0073566744, -0.007336163, -0.007315766, -0.0072587095, -0.007188758, -0.0071523986, -0.007082542, -0.00702166, -0.0069955965, -0.006952589, -0.0069214916, -0.006899541, -0.006890317, -0.0068709347, -0.006843839, -0.006825614, -0.006779083, -0.0067223483, -0.0066603543, -0.00662837, -0.006560935, -0.0064841895, -0.006440808, -0.006343068, -0.0062310314, -0.00617004, -0.006038211, -0.0058912067, -0.005726212, -0.005637044, -0.0054470794, -0.0052422057, -0.005133379, -0.004900048, -0.00464318, -0.0043628113, -0.0042142523, -0.003900212, -0.0035700693, -0.00341, -0.0031649687, -0.0031719063
0, 0, 0, 0, 0, 0, 0, 0, 0, 0, 0, 0, 0, 0, 0, 0, 0, 0, 0, 0, 0, 0, 0, 0, 0, 0, 0, 0, 0, 0, 0, 0, 0, 0, 0, 0, 0, 0, 0, 0, 0, 0, 0, 0, 0, 0, 0, 0, 0, 0, 0, 0, 0, 0, 0, 0, 0, 0, 0, 0, 0, 0, 0, 0, 0, 0, 0, 0, 0, -0.0034137412, -0.0031188119, -0.0031450323, -0.0032584944, -0.0035649717, -0.0038909633, -0.004194454, -0.0043352176, -0.0045963423, -0.0048350645, -0.004947184, -0.005157338, -0.0053489585, -0.0054385234, -0.0056071193, -0.005763922, -0.005907889, -0.0059745945, -0.006097434, -0.0062090247, -0.006261911, -0.006362923, -0.0064573744, -0.0065435693, -0.006583157, -0.0066563194, -0.006724501, -0.0067580263, -0.0068247537, -0.0068907253, -0.006922964, -0.0069849635, -0.0070442846, -0.0071020806, -0.0071306424, -0.0071865027, -0.00723692, -0.007257882, -0.0072864112, -0.0072910995, -0.0072693606, -0.0072490615, -0.007193941, -0.0071275737, -0.007093304, -0.0070272926, -0.0069682663, -0.0069420687, -0.0068964553, -0.0068598827, -0.0068307584, -0.0068177166, -0.0067910757, -0.006758258, -0.006738285, -0.0066907704, -0.006635476, -0.006575975, -0.0065452787, -0.0064798337, -0.0064039854, -0.006360567, -0.0062621515, -0.006149132, -0.0060875593, -0.0059545236, -0.0058067897, -0.005642524, -0.005554113, -0.0053657214, -0.0051618577, -0.0050534247, -0.0048214807, -0.004567446, -0.004291524, -0.0041455766, -0.0038374362, -0.0035133585, -0.003356275, -0.0031165585, -0.0031254685
0, 0, 0, 0, 0, 0, 0, 0, 0, 0, 0, 0, 0, 0, 0, 0, 0, 0, 0, 0, 0, 0, 0, 0, 0, 0, 0, 0, 0, 0, 0, 0, 0, 0, 0, 0, 0, 0, 0, 0, 0, 0, 0, 0, 0, 0, 0, 0, 0, 0, 0, 0, 0, 0, 0, 0, 0, 0, 0, 0, 0, 0, 0, 0, 0, 0, 0, 0, -0.004135968, -0.0035976314, -0.0030947744, -0.0031477916, -0.0032669753, -0.00356979, -0.0038890038, -0.0041904114, -0.0043317475, -0.004596305, -0.0048393207, -0.004953513, -0.0051668826, -0.005360272, -0.0054501407, -0.005618368, -0.0057735657, -0.0059149885, -0.0059798057, -0.0060982257, -0.0062041916, -0.0062537743, -0.0063483412, -0.006437493, -0.006520169, -0.0065586925, -0.006630963, -0.0066996496, -0.0067335297, -0.006801043, -0.006867019, -0.0068986923, -0.006958143, -0.0070125866, -0.0070638354, -0.0070887813, -0.007137108, -0.007180332, -0.007198137, -0.007221602, -0.007223737, -0.0072019193, -0.0071827956, -0.007131916, -0.0070710573, -0.007039443, -0.006977479, -0.0069194436, -0.006892236, -0.0068418123, -0.006797008, -0.006757685, -0.0067393803, -0.0067034145, -0.0066646077, -0.006643339, -0.0065968563, -0.006545824, -0.0064904722, -0.0064609065, -0.0063958582, -0.006318312, -0.0062736957, -0.006172964, -0.0060585514, -0.005996666, -0.0058634714, -0.005716023, -0.005552451, -0.00546451, -0.005276818, -0.0050734803, -0.0049655563, -0.0047357767, -0.004485694, -0.0042151054, -0.004072102, -0.0037695654, -0.0034513683, -0.0032975883, -0.0030642943, -0.003075985
0, 0, 0, 0, 0, 0, 0, 0, 0, 0, 0, 0, 0, 0, 0, 0, 0, 0, 0, 0, 0, 0, 0, 0, 0, 0, 0, 0, 0, 0, 0, 0, 0, 0, 0, 0, 0, 0, 0, 0, 0, 0, 0, 0, 0, 0, 0, 0, 0, 0, 0, 0, 0, 0, 0, 0, 0, 0, 0, 0, 0, 0, 0, 0, 0, 0, 0, 0, -0.003314831, -0.0031536852, -0.002997913, -0.0031474293, -0.0032819996, -0.0035905156, -0.0039040374, -0.0042003975, -0.004340243, -0.004603873, -0.004847495, -0.0049621323, -0.0051764157, -0.005370357, -0.0054601305, -0.005627528, -0.005780095, -0.0059177387, -0.0059804292, -0.0060941093, -0.0061943126, -0.006240793, -0.0063286107, -0.0064112553, -0.00648838, -0.006524826, -0.0065943617, -0.0066619054, -0.006695742, -0.006763806, -0.0068305945, -0.00686254, -0.006921728, -0.0069742356, -0.007021758, -0.007044201, -0.0070865955, -0.007123855, -0.0071389354, -0.007157992, -0.007157736, -0.0071361046, -0.0071178842, -0.0070702215, -0.0070132697, -0.006983207, -0.0069227135, -0.006863324, -0.006834235, -0.0067779333, -0.0067252098, -0.0066769957, -0.0066544134, -0.0066114706, -0.0065692645, -0.006547732, -0.0065035834, -0.006456761, -0.0064042713, -0.0063747396, -0.006307173, -0.006225583, -0.006179191, -0.006076168, -0.0059611876, -0.005899393, -0.0057663484, -0.005618721, -0.005454834, -0.005366808, -0.0051793917, -0.00497715, -0.004870404, -0.0046440507, -0.00439834, -0.0041329577, -0.0039927643, -0.0036962128, -0.0033848211, -0.0032348146, -0.0030086865, -0.0030230782
0, 0, 0, 0, 0, 0, 0, 0, 0, 0, 0, 0, 0, 0, 0, 0, 0, 0, 0, 0, 0, 0, 0, 0, 0, 0, 0, 0, 0, 0, 0, 0, 0, 0, 0, 0, 0, 0, 0, 0, 0, 0, 0, 0, 0, 0, 0, 0, 0, 0, 0, 0, 0, 0, 0, 0, 0, 0, 0, 0, 0, 0, 0, 0, 0, 0, 0, 0, -0.00341988, -0.0031047508, -0.002976824, -0.0031811513, -0.0033283457, -0.003643566, -0.0039518964, -0.004240033, -0.004375927, -0.004632728, -0.004871224, -0.004983793, -0.0051945606, -0.0053856857, -0.005474067, -0.0056381663, -0.005786154, -0.0059184097, -0.0059783226, -0.006086367, -0.0061810995, -0.0062246984, -0.006306325, -0.006382548, -0.006453258, -0.0064868084, -0.006551595, -0.0066158315, -0.00664851, -0.006715437, -0.006782107, -0.006814207, -0.006873996, -0.0069269026, -0.006973846, -0.0069955834, -0.0070355665, -0.00706938, -0.0070825643, -0.0070978473, -0.0070942743, -0.007070076, -0.0070509473, -0.007001925, -0.0069439188, -0.006913221, -0.006850825, -0.0067886943, -0.006758122, -0.006698502, -0.0066422317, -0.006590427, -0.006566293, -0.006520887, -0.006478028, -0.006456759, -0.006413818, -0.00636834, -0.006315397, -0.0062845587, -0.0062125865, -0.00612651, -0.006078506, -0.0059739077, -0.005858488, -0.0057965475, -0.005662608, -0.0055135326, -0.005348756, -0.0052607344, -0.0050741397, -0.0048739966, -0.004768808, -0.004546387, -0.0043050144, -0.004044497, -0.003907215, -0.0036176445, -0.0033144185, -0.0031686458, -0.0029499042, -0.0029664857
0, 0, 0, 0, 0, 0, 0, 0, 0, 0, 0, 0, 0, 0, 0, 0, 0, 0, 0, 0, 0, 0, 0, 0, 0, 0, 0, 0, 0, 0, 0, 0, 0, 0, 0, 0, 0, 0, 0, 0, 0, 0, 0, 0, 0, 0, 0, 0, 0, 0, 0, 0, 0, 0, 0, 0, 0, 0, 0, 0, 0, 0, 0, 0, 0, 0, 0, -0.0041804863, -0.0033231033, -0.0031895037, -0.0032576309, -0.0035094053, -0.0036534257, -0.0039395574, -0.004208507, -0.00445628, -0.004573027, -0.004793676, -0.0049999477, -0.0050979345, -0.005282527, -0.0054511265, -0.0055292654, -0.005673685, -0.0058036377, -0.0059190313, -0.0059710797, -0.0060645337, -0.0061463867, -0.006184073, -0.0062545193, -0.0063192835, -0.006378111, -0.006405855, -0.006459628, -0.006514561, -0.006543489, -0.0066044857, -0.0066675497, -0.0066986466, -0.0067581674, -0.006812666, -0.006861694, -0.00688397, -0.0069234376, -0.0069522443, -0.006961114, -0.00696432, -0.006945078, -0.006903721, -0.006875995, -0.006810844, -0.0067401226, -0.00670494, -0.0066381907, -0.0065780706, -0.006550721, -0.006500459, -0.006454862, -0.0064121983, -0.006391429, -0.006350398, -0.006309119, -0.0062876013, -0.006241411, -0.00618908, -0.006126906, -0.00609115, -0.0060094227, -0.005915234, -0.0058641015, -0.0057547335, -0.0056353104, -0.0055712205, -0.005432365, -0.0052791, -0.0051133432, -0.0050263703, -0.004843722, -0.004648659, -0.0045465017, -0.004331401, -0.004099648, -0.0038512964, -0.0037209308, -0.00344704, -0.003162169, -0.003025804, -0.0028226108, -0.0028437367
0, 0, 0, 0, 0, 0, 0, 0, 0, 0, 0, 0, 0, 0, 0, 0, 0, 0, 0, 0, 0, 0, 0, 0, 0, 0, 0, 0, 0, 0, 0, 0, 0, 0, 0, 0, 0, 0, 0, 0, 0, 0, 0, 0, 0, 0, 0, 0, 0, 0, 0, 0, 0, 0, 0, 0, 0, 0, 0, 0, 0, 0, 0, 0, 0, 0, 0, -0.004528385, -0.003702404, -0.003568485, -0.0036072787, -0.0038145992, -0.003935349, -0.004177625, -0.004408387, -0.004623062, -0.0047247647, -0.0049182135, -0.0051001944, -0.00518698, -0.00535123, -0.005501354, -0.00557105, -0.0057000904, -0.005816537, -0.0059202965, -0.005967357, -0.006052003, -0.0061266394, -0.006161383, -0.006226526, -0.006286417, -0.0063407905, -0.006366377, -0.006415862, -0.0064667515, -0.006493709, -0.006550759, -0.0066098724, -0.0066391225, -0.0066947797, -0.0067455093, -0.006791308, -0.0068120337, -0.0068476293, -0.006871178, -0.006876624, -0.0068715517, -0.0068425275, -0.006790933, -0.0067584207, -0.006685445, -0.0066096666, -0.0065735443, -0.006508071, -0.006453354, -0.006429958, -0.006389431, -0.006354114, -0.0063204663, -0.0063033104, -0.0062668584, -0.0062267766, -0.0062047425, -0.006155209, -0.0060968017, -0.0060276175, -0.0059885033, -0.0059011257, -0.00580267, -0.0057497784, -0.005636939, -0.0055138986, -0.0054480424, -0.005306283, -0.005151237, -0.0049856748, -0.004899468, -0.0047189295, -0.004526505, -0.004425758, -0.004214625, -0.003988744, -0.0037476344, -0.003621226, -0.0033558984, -0.0030804474, -0.0029490064, -0.0027544505, -0.0027785376
0, 0, 0, 0, 0, 0, 0, 0, 0, 0, 0, 0, 0, 0, 0, 0, 0, 0, 0, 0, 0, 0, 0, 0, 0, 0, 0, 0, 0, 0, 0, 0, 0, 0, 0, 0, 0, 0, 0, 0, 0, 0, 0, 0, 0, 0, 0, 0, 0, 0, 0, 0, 0, 0, 0, 0, 0, 0, 0, 0, 0, 0, 0, 0, 0, 0, -0.0057771197, -0.0044895615, -0.003915951, -0.0038462519, -0.003919417, -0.0041046045, -0.0042075943, -0.00441314, -0.004609339, -0.004793326, -0.0048809727, -0.005048035, -0.005206299, -0.005282087, -0.0054257633, -0.005556945, -0.0056175417, -0.0057299184, -0.005831887, -0.0059234183, -0.005965017, -0.006040623, -0.006107835, -0.006139335, -0.0061987424, -0.0062539093, -0.006304081, -0.0063274554, -0.006372345, -0.0064183064, -0.00644256, -0.006494176, -0.006547229, -0.0065733693, -0.006622577, -0.006666553, -0.0067055332, -0.006723005, -0.0067518833, -0.0067685232, -0.0067703156, -0.0067573516, -0.006720456, -0.00666148, -0.0066257184, -0.0065479, -0.0064701154, -0.0064341608, -0.0063716583, -0.006323485, -0.006304348, -0.0062739104, -0.0062495857, -0.0062259873, -0.0062128035, -0.006181472, -0.006142097, -0.0061189984, -0.0060650394, -0.0059998855, -0.0059232423, -0.00588065, -0.005787542, -0.005684894, -0.0056301025, -0.005513264, -0.0053859144, -0.00531809, -0.0051734913, -0.005017145, -0.0048519387, -0.004766471, -0.0045881225, -0.004398343, -0.0042992556, -0.004092552, -0.0038732244, -0.0036400526, -0.0035178554, -0.0032611808, -0.0029953932, -0.0028691047, -0.0026836812, -0.0027113205
0, 0, 0, 0, 0, 0, 0, 0, 0, 0, 0, 0, 0, 0, 0, 0, 0, 0, 0, 0, 0, 0, 0, 0, 0, 0, 0, 0, 0, 0, 0, 0, 0, 0, 0, 0, 0, 0, 0, 0, 0, 0, 0, 0, 0, 0, 0, 0, 0, 0, 0, 0, 0, 0, 0, 0, 0, 0, 0, 0, 0, 0, 0, 0, 0, 0, -0.0043691196, -0.0039730817, -0.0038514389, -0.0038943111, -0.0040729037, -0.0042847, -0.004388398, -0.00458428, -0.004765189, -0.0049317917, -0.005010251, -0.005158852, -0.005299211, -0.0053661624, -0.0054930635, -0.0056079268, -0.005660652, -0.0057582255, -0.005846698, -0.0059264777, -0.0059629246, -0.006029105, -0.006088372, -0.0061162068, -0.006169131, -0.0062184054, -0.0062630787, -0.0062834728, -0.0063223965, -0.006362009, -0.0063830316, -0.006427645, -0.006473871, -0.0064964266, -0.0065384777, -0.006574908, -0.0066057406, -0.00661899, -0.0066397074, -0.0066487985, -0.006646888, -0.006627242, -0.006584733, -0.006521573, -0.0064843753, -0.0064049005, -0.006327787, -0.006292908, -0.006234702, -0.0061931796, -0.0061781993, -0.006157222, -0.0061427318, -0.006127878, -0.0061181197, -0.0060907025, -0.0060508107, -0.0060260803, -0.005966863, -0.0058952635, -0.0058122794, -0.0057667326, -0.005668413, -0.0055613234, -0.0055045364, -0.0053833025, -0.0052513136, -0.0051815105, -0.0050343378, -0.004877361, -0.004712624, -0.0046277517, -0.004451444, -0.0042648376, -0.0041677966, -0.0039663278, -0.0037538155, -0.0035287838, -0.0034108325, -0.003163291, -0.0029076189, -0.0027866608, -0.0026109226, -0.002642272
0, 0, 0, 0, 0, 0, 0, 0, 0, 0, 0, 0, 0, 0, 0, 0, 0, 0, 0, 0, 0, 0, 0, 0, 0, 0, 0, 0, 0, 0, 0, 0, 0, 0, 0, 0, 0, 0, 0, 0, 0, 0, 0, 0, 0, 0, 0, 0, 0, 0, 0, 0, 0, 0, 0, 0, 0, 0, 0, 0, 0, 0, 0, 0, 0, 0, -0.0041499007, -0.0036394875, -0.0036884383, -0.0038009717, -0.0040700766, -0.0043290746, -0.0044468027, -0.0046591945, -0.004845928, -0.0050119106, -0.005088059, -0.005230448, -0.005362009, -0.005424134, -0.0055401763, -0.00564389, -0.0056909462, -0.0057769334, -0.005854373, -0.005923681, -0.005955474, -0.006012966, -0.006063771, -0.006087637, -0.006133031, -0.0061752354, -0.0062129037, -0.0062300446, -0.006262182, -0.006294805, -0.006312204, -0.006349772, -0.006389104, -0.006408456, -0.0064439205, -0.006473313, -0.006496218, -0.006505267, -0.006517555, -0.0065187835, -0.0065135136, -0.0064884084, -0.006442303, -0.0063777356, -0.006340503, -0.006262546, -0.0061883056, -0.006155368, -0.0061021387, -0.0060668928, -0.006055472, -0.006041709, -0.0060339365, -0.0060241395, -0.0060160547, -0.0059899045, -0.005948406, -0.0059218067, -0.005857759, -0.005781029, -0.005693456, -0.005645844, -0.005543163, -0.00543146, -0.005372314, -0.0052464996, -0.0051102024, -0.005038566, -0.004889147, -0.0047318623, -0.0045679584, -0.0044837724, -0.0043098037, -0.004127006, -0.0040323534, -0.0038367058, -0.0036311585, -0.0034139762, -0.0033003972, -0.0030626268, -0.0028180727, -0.0027028096, -0.002536708, -0.0025712545
0, 0, 0, 0, 0, 0, 0, 0, 0, 0, 0, 0, 0, 0, 0, 0, 0, 0, 0, 0, 0, 0, 0, 0, 0, 0, 0, 0, 0, 0, 0, 0, 0, 0, 0, 0, 0, 0, 0, 0, 0, 0, 0, 0, 0, 0, 0, 0, 0, 0, 0, 0, 0, 0, 0, 0, 0, 0, 0, 0, 0, 0, 0, 0, 0, 0, -0.0034458132, -0.003312181, -0.0035003785, -0.003652084, -0.0039763525, -0.004275292, -0.0044088513, -0.0046467464, -0.00485146, -0.0050286, -0.005108618, -0.0052548833, -0.0053867423, -0.0054479577, -0.0055601415, -0.0056580887, -0.005701837, -0.005780462, -0.0058496683, -0.0059111076, -0.005938761, -0.0059883595, -0.006031402, -0.0060512167, -0.006088757, -0.0061233067, -0.0061536366, -0.0061670872, -0.006192269, -0.00621808, -0.0062321923, -0.006263273, -0.0062964247, -0.00631263, -0.0063419966, -0.0063651497, -0.006381033, -0.0063863, -0.0063909236, -0.0063853343, -0.0063772798, -0.006348304, -0.0063006165, -0.0062367395, -0.0062007224, -0.0061262064, -0.0060563902, -0.00602592, -0.0059774416, -0.005946746, -0.0059373765, -0.0059271283, -0.0059213596, -0.005911834, -0.0059033344, -0.0058755125, -0.0058314186, -0.005803384, -0.005736325, -0.005656508, -0.0055660796, -0.005517071, -0.005410951, -0.0052945106, -0.0052327975, -0.0051021916, -0.00496212, -0.0048889974, -0.004738018, -0.004581036, -0.0044187326, -0.004335636, -0.004164424, -0.003985619, -0.0038934683, -0.0037038217, -0.0035055547, -0.0032967697, -0.0031877633, -0.0029600637, -0.0027269882, -0.0026175622, -0.00246125, -0.0024989694
0, 0, 0, 0, 0, 0, 0, 0, 0, 0, 0, 0, 0, 0, 0, 0, 0, 0, 0, 0, 0, 0, 0, 0, 0, 0, 0, 0, 0, 0, 0, 0, 0, 0, 0, 0, 0, 0, 0, 0, 0, 0, 0, 0, 0, 0, 0, 0, 0, 0, 0, 0, 0, 0, 0, 0, 0, 0, 0, 0, 0, 0, 0, 0, 0, -0.003965276, -0.0032071467, -0.0031089212, -0.0033527792, -0.0035203057, -0.0038662264, -0.0041844808, -0.0043282732, -0.004585494, -0.004807444, -0.0049989144, -0.0050847773, -0.0052401554, -0.005377476, -0.0054400153, -0.0055531194, -0.0056496398, -0.0056919167, -0.005766998, -0.005831466, -0.0058872765, -0.0059117735, -0.005954354, -0.0059899287, -0.0060060434, -0.006036358, -0.006063749, -0.0060870224, -0.0060971207, -0.0061159073, -0.0061356006, -0.0061467714, -0.0061721704, -0.0061995685, -0.006212801, -0.0062362975, -0.0062535084, -0.0062633036, -0.0062654978, -0.006264283, -0.006253844, -0.006244143, -0.0062132115, -0.0061659166, -0.006104386, -0.006070105, -0.0059998715, -0.00593472, -0.005906389, -0.005861221, -0.0058320197, -0.0058225906, -0.005810735, -0.0058017042, -0.005787735, -0.005777068, -0.00574556, -0.0056993864, -0.00567076, -0.0056030974, -0.005522404, -0.005430186, -0.0053798323, -0.005270175, -0.005148886, -0.005084516, -0.004949285, -0.004806582, -0.004732967, -0.0045819134, -0.004426171, -0.004265797, -0.004183859, -0.0040156357, -0.0038409287, -0.0037514095, -0.0035682498, -0.0033780301, -0.003178102, -0.0030738127, -0.0028562325, -0.002634475, -0.00253094, -0.0023848042, -0.002426117
0, 0, 0, 0, 0, 0, 0, 0, 0, 0, 0, 0, 0, 0, 0, 0, 0, 0, 0, 0, 0, 0, 0, 0, 0, 0, 0, 0, 0, 0, 0, 0, 0, 0, 0, 0, 0, 0, 0, 0, 0, 0, 0, 0, 0, 0, 0, 0, 0, 0, 0, 0, 0, 0, 0, 0, 0, 0, 0, 0, 0, 0, 0, 0, 0, -0.0031258862, -0.0029166683, -0.002996637, -0.0032821891, -0.0034525995, -0.00379522, -0.004111928, -0.004256727, -0.004519745, -0.0047500716, -0.004950548, -0.005040642, -0.0052029286, -0.00534529, -0.0054093967, -0.0055243387, -0.005621307, -0.0056634555, -0.0057374663, -0.0058001433, -0.005852561, -0.005874754, -0.0059113298, -0.0059399786, -0.0059526893, -0.0059764604, -0.005997869, -0.0060157273, -0.006023099, -0.006036608, -0.0060510505, -0.0060596783, -0.006079924, -0.006101586, -0.0061119134, -0.0061294255, -0.0061409203, -0.00614572, -0.0061456645, -0.006140663, -0.0061279386, -0.006117756, -0.0060873074, -0.0060421885, -0.005984092, -0.0059517063, -0.00588509, -0.0058229985, -0.0057955612, -0.0057504666, -0.005718363, -0.005706416, -0.005687837, -0.005671269, -0.005650526, -0.0056371232, -0.0056022457, -0.005555274, -0.0055268663, -0.005460003, -0.005378959, -0.005284215, -0.0052320617, -0.005118191, -0.0049926545, -0.0049263244, -0.004788283, -0.0046448405, -0.004571586, -0.004421869, -0.0042676385, -0.0041091456, -0.0040283566, -0.003863428, -0.00369382, -0.0036074212, -0.003431357, -0.0032492857, -0.0030582633, -0.0029587203, -0.0027515455, -0.0025413146, -0.0024437685, -0.0023079638, -0.002352919
0, 0, 0, 0, 0, 0, 0, 0, 0, 0, 0, 0, 0, 0, 0, 0, 0, 0, 0, 0, 0, 0, 0, 0, 0, 0, 0, 0, 0, 0, 0, 0, 0, 0, 0, 0, 0, 0, 0, 0, 0, 0, 0, 0, 0, 0, 0, 0, 0, 0, 0, 0, 0, 0, 0, 0, 0, 0, 0, 0, 0, 0, 0, 0, -0.0037362739, -0.0033069355, -0.00294093, -0.0030406106, -0.003317721, -0.0034763135, -0.0037933702, -0.004089705, -0.0042272382, -0.0044812043, -0.0047077476, -0.0049074395, -0.004997716, -0.0051608095, -0.005303433, -0.005367911, -0.0054825842, -0.0055789617, -0.005621022, -0.0056947432, -0.005756847, -0.005807333, -0.0058279587, -0.005860033, -0.005883418, -0.0058930824, -0.0059111943, -0.0059276726, -0.0059413663, -0.0059467736, -0.005955911, -0.005966027, -0.0059724585, -0.005987856, -0.006004255, -0.0060116844, -0.006023492, -0.0060298857, -0.006030764, -0.0060293116, -0.0060227048, -0.006009843, -0.0060001784, -0.0059719584, -0.005929863, -0.0058747795, -0.0058436967, -0.005778788, -0.005716253, -0.005687772, -0.00563838, -0.0055995164, -0.005583297, -0.005555504, -0.005530406, -0.00550338, -0.0054878243, -0.0054505933, -0.0054030363, -0.0053745704, -0.0053071384, -0.0052242023, -0.0051258253, -0.005071542, -0.0049539125, -0.0048258817, -0.0047589308, -0.0046207276, -0.004478285, -0.004405719, -0.0042576604, -0.0041050906, -0.003948768, -0.003869535, -0.0037089237, -0.0035452878, -0.0034623204, -0.0032937992, -0.0031198154, -0.0029376617, -0.0028428985, -0.0026464765, -0.002448313, -0.0023567413, -0.002231127, -0.002279656
0, 0, 0, 0, 0, 0, 0, 0, 0, 0, 0, 0, 0, 0, 0, 0, 0, 0, 0, 0, 0, 0, 0, 0, 0, 0, 0, 0, 0, 0, 0, 0, 0, 0, 0, 0, 0, 0, 0, 0, 0, 0, 0, 0, 0, 0, 0, 0, 0, 0, 0, 0, 0, 0, 0, 0, 0, 0, 0, 0, 0, 0, 0, 0, -0.0038605272, -0.003450035, -0.0031194582, -0.0032006656, -0.0034385563, -0.0035754512, -0.0038531667, -0.0041177245, -0.004242895, -0.004477509, -0.0046905554, -0.004880724, -0.0049672355, -0.0051244562, -0.0052627027, -0.005325224, -0.0054363664, -0.005529627, -0.0055704457, -0.005642503, -0.0057033384, -0.00575229, -0.0057718377, -0.0058012595, -0.0058205947, -0.005828132, -0.0058415933, -0.005854117, -0.005864217, -0.0058679, -0.005873998, -0.0058808043, -0.005885408, -0.005897001, -0.005908949, -0.005914051, -0.005921026, -0.0059233196, -0.005921272, -0.0059188697, -0.0059113028, -0.0058987783, -0.005889591, -0.005862898, -0.005822838, -0.0057691736, -0.005738406, -0.005672578, -0.005606708, -0.0055756276, -0.0055195177, -0.005472469, -0.0054520024, -0.0054159528, -0.005383706, -0.0053516235, -0.005334233, -0.0052940287, -0.0052436856, -0.0052137226, -0.005142996, -0.0050563854, -0.004954284, -0.0048983484, -0.00477857, -0.0046504945, -0.004584101, -0.0044475957, -0.0043070163, -0.0042352867, -0.004088933, -0.00393843, -0.003785298, -0.0037082136, -0.003553136, -0.0033961989, -0.0033168849, -0.0031557719, -0.0029898756, -0.0028169083, -0.002727202, -0.0025418717, -0.002355734, -0.002270125, -0.002154582, -0.0022067917
0, 0, 0, 0, 0, 0, 0, 0, 0, 0, 0, 0, 0, 0, 0, 0, 0, 0, 0, 0, 0, 0, 0, 0, 0, 0, 0, 0, 0, 0, 0, 0, 0, 0, 0, 0, 0, 0, 0, 0, 0, 0, 0, 0, 0, 0, 0, 0, 0, 0, 0, 0, 0, 0, 0, 0, 0, 0, 0, 0, 0, 0, 0, -0.0046543446, -0.0036781111, -0.003399896, -0.0032348623, -0.003352843, -0.003573058, -0.0036947979, -0.0039389264, -0.004173312, -0.004285005, -0.004497266, -0.00469263, -0.0048692, -0.0049501094, -0.005097642, -0.005228089, -0.0052869385, -0.005391558, -0.0054790475, -0.005517244, -0.0055850046, -0.0056423284, -0.005688922, -0.0057074702, -0.0057353424, -0.005752531, -0.005758856, -0.005769438, -0.005778608, -0.005785595, -0.005787946, -0.0057913545, -0.005795991, -0.0057993773, -0.0058083115, -0.0058172136, -0.005820512, -0.005823329, -0.0058213025, -0.005815621, -0.0058117253, -0.005801786, -0.0057876403, -0.0057779634, -0.0057509043, -0.0057106656, -0.005657021, -0.0056259157, -0.0055585, -0.005489046, -0.005455506, -0.0053933365, -0.005339658, -0.005315923, -0.005273641, -0.0052356245, -0.005198124, -0.005178007, -0.005132402, -0.005076173, -0.005043205, -0.004966898, -0.0048759724, -0.0047711846, -0.004714495, -0.004594688, -0.0044683274, -0.0044031623, -0.0042693275, -0.004130704, -0.004059871, -0.003915537, -0.0037682576, -0.0036197456, -0.0035455183, -0.0033968631, -0.003246936, -0.0031711932, -0.0030175403, -0.002860032, -0.0026968229, -0.0026124155, -0.002438289, -0.0022638773, -0.0021840197, -0.0020785492, -0.0021349029
0, 0, 0, 0, 0, 0, 0, 0, 0, 0, 0, 0, 0, 0, 0, 0, 0, 0, 0, 0, 0, 0, 0, 0, 0, 0, 0, 0, 0, 0, 0, 0, 0, 0, 0, 0, 0, 0, 0, 0, 0, 0, 0, 0, 0, 0, 0, 0, 0, 0, 0, 0, 0, 0, 0, 0, 0, 0, 0, 0, 0, 0, 0, -0.00340964, -0.0031678616, -0.003126256, -0.003218898, -0.0034292284, -0.0036684452, -0.0037873473, -0.0040158727, -0.004229779, -0.004331393, -0.004524059, -0.0047028325, -0.004865416, -0.0049403305, -0.005077441, -0.0051990626, -0.0052538095, -0.0053506745, -0.0054309997, -0.0054657254, -0.0055267652, -0.005578651, -0.0056214416, -0.0056388387, -0.0056648203, -0.005681109, -0.0056869816, -0.0056960187, -0.0057032155, -0.005707312, -0.0057081375, -0.0057089506, -0.0057110917, -0.005713381, -0.0057200887, -0.0057259733, -0.0057273605, -0.005725535, -0.0057178237, -0.005706194, -0.0056994916, -0.0056845224, -0.0056662904, -0.005655041, -0.005625843, -0.0055851215, -0.005531693, -0.005500846, -0.0054335664, -0.0053631556, -0.005328484, -0.005263024, -0.0052049453, -0.005178815, -0.0051312963, -0.0050871694, -0.0050421865, -0.005018009, -0.0049640066, -0.004899695, -0.004862982, -0.004780418, -0.0046856436, -0.0045795157, -0.0045229746, -0.004404688, -0.004280788, -0.0042169993, -0.004085655, -0.0039492785, -0.0038795518, -0.0037381605, -0.0035956881, -0.0034532286, -0.0033822097, -0.0032403462, -0.0030976431, -0.0030256566, -0.0028798005, -0.0027310776, -0.0025779025, -0.002498908, -0.0023360478, -0.002173179, -0.0020989657, -0.0020035408, -0.002064141
0, 0, 0, 0, 0, 0, 0, 0, 0, 0, 0, 0, 0, 0, 0, 0, 0, 0, 0, 0, 0, 0, 0, 0, 0, 0, 0, 0, 0, 0, 0, 0, 0, 0, 0, 0, 0, 0, 0, 0, 0, 0, 0, 0, 0, 0, 0, 0, 0, 0, 0, 0, 0, 0, 0, 0, 0, 0, 0, 0, 0, 0, 0, -0.003201824, -0.002946823, -0.002982262, -0.0031970316, -0.00346788, -0.0037283353, -0.0038493464, -0.0040726927, -0.0042748996, -0.004369635, -0.0045478195, -0.0047123944, -0.0048626275, -0.0049318033, -0.0050592697, -0.005171789, -0.0052225557, -0.005311692, -0.0053846063, -0.005415862, -0.005470205, -0.0055164397, -0.0055543436, -0.0055697435, -0.005592735, -0.005607151, -0.0056123883, -0.0056205587, -0.00562599, -0.005627417, -0.0056266305, -0.005623572, -0.005622032, -0.0056225215, -0.005625385, -0.005626878, -0.005625488, -0.0056171296, -0.0056020985, -0.005582522, -0.0055721705, -0.0055506434, -0.0055274535, -0.0055145784, -0.0054838443, -0.0054439767, -0.005393187, -0.0053640166, -0.0052998383, -0.005231495, -0.0051972466, -0.0051309387, -0.005069699, -0.0050412207, -0.004987667, -0.0049357684, -0.004881345, -0.0048520616, -0.0047879554, -0.0047150226, -0.0046746912, -0.0045866575, -0.004489124, -0.0043826513, -0.0043266704, -0.004210358, -0.004088799, -0.004026117, -0.0038968704, -0.003763067, -0.0036949678, -0.0035580082, -0.0034218326, -0.0032865135, -0.0032190527, -0.0030841148, -0.0029486897, -0.0028805574, -0.0027430695, -0.002603736, -0.0024608457, -0.0023872494, -0.0022354613, -0.0020839144, -0.002015382, -0.0019299237, -0.0019948506
0, 0, 0, 0, 0, 0, 0, 0, 0, 0, 0, 0, 0, 0, 0, 0, 0, 0, 0, 0, 0, 0, 0, 0, 0, 0, 0, 0, 0, 0, 0, 0, 0, 0, 0, 0, 0, 0, 0, 0, 0, 0, 0, 0, 0, 0, 0, 0, 0, 0, 0, 0, 0, 0, 0, 0, 0, 0, 0, 0, 0, 0, -0.0038644434, -0.0031676707, -0.0029780013, -0.003028019, -0.0032541445, -0.0035253544, -0.0037817168, -0.0038998374, -0.00411576, -0.0043079997, -0.0043966738, -0.0045627556, -0.0047153635, -0.004854619, -0.004918801, -0.005036253, -0.005140133, -0.0051867743, -0.0052685104, -0.0053348425, -0.0053632474, -0.005412358, -0.005453514, -0.0054864394, -0.0054991934, -0.0055172825, -0.0055278395, -0.0055315723, -0.0055371034, -0.0055399756, -0.0055384487, -0.005535713, -0.005527638, -0.0055201035, -0.005517615, -0.0055141053, -0.005508967, -0.0055041565, -0.0054881563, -0.005465085, -0.005438031, -0.0054242867, -0.00539724, -0.0053709284, -0.005357492, -0.0053278888, -0.0052914764, -0.005245672, -0.00521912, -0.005160005, -0.0050953506, -0.0050620795, -0.004995813, -0.004931443, -0.0049002958, -0.0048392415, -0.004778023, -0.0047132964, -0.004678801, -0.0046049966, -0.0045243823, -0.004481268, -0.004389298, -0.004289882, -0.0041832537, -0.004127663, -0.0040125675, -0.0038924362, -0.0038304585, -0.0037033106, -0.0035731348, -0.0035075864, -0.0033769188, -0.0032479763, -0.003120149, -0.0030562307, -0.0029281403, -0.002800362, -0.00273643, -0.0026080662, -0.002478612, -0.0023460113, -0.0022777205, -0.0021367949, -0.0019963828, -0.001933448, -0.0018580338, -0.0019274217
0, 0, 0, 0, 0, 0, 0, 0, 0, 0, 0, 0, 0, 0, 0, 0, 0, 0, 0, 0, 0, 0, 0, 0, 0, 0, 0, 0, 0, 0, 0, 0, 0, 0, 0, 0, 0, 0, 0, 0, 0, 0, 0, 0, 0, 0, 0, 0, 0, 0, 0, 0, 0, 0, 0, 0, 0, 0, 0, 0, 0, -0.004138159, -0.0037273548, -0.0031898613, -0.003104419, -0.003163208, -0.0033690322, -0.0036087455, -0.0038399247, -0.003948331, -0.004148651, -0.0043278695, -0.004410634, -0.004565002, -0.00470616, -0.0048345337, -0.0048934827, -0.005001307, -0.005095976, -0.0051384373, -0.0052127824, -0.005272934, -0.0052985153, -0.0053432332, -0.005380358, -0.005408417, -0.0054185377, -0.0054309675, -0.005435601, -0.005436499, -0.005437298, -0.0054361587, -0.0054301904, -0.0054249754, -0.00541125, -0.0053969035, -0.0053906245, -0.0053794156, -0.005366448, -0.005357699, -0.0053346264, -0.005305231, -0.0052732076, -0.0052576144, -0.0052285963, -0.005202535, -0.0051900144, -0.00516383, -0.0051326193, -0.0050927526, -0.0050691254, -0.0050147385, -0.00495318, -0.0049206475, -0.004853749, -0.0047854465, -0.0047510597, -0.0046818806, -0.004611152, -0.0045371754, -0.004498547, -0.0044174353, -0.0043313694, -0.0042862655, -0.0041913926, -0.0040900097, -0.0039820615, -0.00392605, -0.0038108737, -0.0036916835, -0.0036306083, -0.003506637, -0.0033817678, -0.0033194984, -0.00319625, -0.0030746963, -0.0029540334, -0.0028936146, -0.0027728614, -0.002653353, -0.0025941, -0.0024757623, -0.0023561928, -0.0022334415, -0.002170218, -0.0020400367, -0.0019110958, -0.0018538652, -0.0017883285, -0.0018617776
0, 0, 0, 0, 0, 0, 0, 0, 0, 0, 0, 0, 0, 0, 0, 0, 0, 0, 0, 0, 0, 0, 0, 0, 0, 0, 0, 0, 0, 0, 0, 0, 0, 0, 0, 0, 0, 0, 0, 0, 0, 0, 0, 0, 0, 0, 0, 0, 0, 0, 0, 0, 0, 0, 0, 0, 0, 0, 0, 0, 0, -0.003905315, -0.0035460533, -0.003207036, -0.0032161528, -0.0032854576, -0.0034751052, -0.0036830676, -0.003885004, -0.0039815553, -0.0041626543, -0.004327021, -0.004403617, -0.004546132, -0.0046767434, -0.0047945627, -0.00484817, -0.0049461755, -0.005031362, -0.0050693853, -0.00513567, -0.0051894723, -0.005212272, -0.0052520316, -0.0052847425, -0.005308391, -0.0053161853, -0.0053232056, -0.005322024, -0.0053199255, -0.005315117, -0.005308413, -0.005297224, -0.0052893297, -0.005270078, -0.005249463, -0.005239689, -0.005221122, -0.00520109, -0.005189199, -0.0051609846, -0.00512816, -0.005094926, -0.0050793826, -0.0050519006, -0.005029052, -0.00501865, -0.0049970765, -0.004970685, -0.004935546, -0.004913814, -0.0048621735, -0.004801437, -0.004768619, -0.0046993573, -0.0046268497, -0.0045896, -0.004513525, -0.0044355807, -0.00435559, -0.0043144324, -0.0042291204, -0.0041393465, -0.0040924107, -0.0039936686, -0.0038887567, -0.0037782767, -0.0037214798, -0.003606007, -0.0034884384, -0.0034290066, -0.0033096855, -0.0031912434, -0.0031325838, -0.0030164928, -0.0029020018, -0.002788483, -0.0027318532, -0.0026194158, -0.0025092177, -0.0024549149, -0.0023467045, -0.0022367695, -0.002123408, -0.0020651612, -0.0019458913, -0.0018286322, -0.0017771629, -0.0017211268, -0.0017979862
0, 0, 0, 0, 0, 0, 0, 0, 0, 0, 0, 0, 0, 0, 0, 0, 0, 0, 0, 0, 0, 0, 0, 0, 0, 0, 0, 0, 0, 0, 0, 0, 0, 0, 0, 0, 0, 0, 0, 0, 0, 0, 0, 0, 0, 0, 0, 0, 0, 0, 0, 0, 0, 0, 0, 0, 0, 0, 0, 0, -0.004325064, -0.0035039796, -0.0032687753, -0.003133185, -0.0032355578, -0.0033220586, -0.0035143823, -0.003706244, -0.00388903, -0.003976463, -0.0041417554, -0.004293424, -0.004364084, -0.0044967695, -0.004617406, -0.004725062, -0.0047741057, -0.0048624715, -0.004939147, -0.004973079, -0.005031727, -0.005078715, -0.005098411, -0.0051322905, -0.0051595806, -0.0051787863, -0.0051844176, -0.0051876693, -0.005182906, -0.005178895, -0.0051697125, -0.0051580896, -0.0051416983, -0.0051313434, -0.0051072617, -0.005081709, -0.0050694277, -0.0050458927, -0.005021339, -0.005007629, -0.0049769804, -0.004943672, -0.004911752, -0.004897574, -0.0048735854, -0.004854872, -0.0048465026, -0.0048287497, -0.004805117, -0.0047714817, -0.0047501787, -0.0046982705, -0.0046362174, -0.004602279, -0.0045304596, -0.0044549163, -0.004416056, -0.004336608, -0.004255315, -0.0041724583, -0.0041298983, -0.00404154, -0.0039476017, -0.0038982267, -0.0037945413, -0.0036853387, -0.0035725695, -0.0035154144, -0.0034007372, -0.0032861414, -0.0032289, -0.003114974, -0.0030028971, -0.002947596, -0.002838301, -0.002730698, -0.0026249602, -0.0025726366, -0.002469453, -0.0023690732, -0.0023197532, -0.0022211147, -0.0021205256, -0.0020167716, -0.0019636424, -0.0018553748, -0.0017494848, -0.0017034159, -0.0016564379, -0.0017366676
0, 0, 0, 0, 0, 0, 0, 0, 0, 0, 0, 0, 0, 0, 0, 0, 0, 0, 0, 0, 0, 0, 0, 0, 0, 0, 0, 0, 0, 0, 0, 0, 0, 0, 0, 0, 0, 0, 0, 0, 0, 0, 0, 0, 0, 0, 0, 0, 0, 0, 0, 0, 0, 0, 0, 0, 0, 0, 0, 0, -0.0030732357, -0.0028729455, -0.002843537, -0.0029427484, -0.0031439664, -0.0032536613, -0.0034656376, -0.003659247, -0.0038356762, -0.0039184573, -0.004074405, -0.0042171474, -0.00428397, -0.0044081397, -0.004520558, -0.0046203113, -0.0046653813, -0.0047460715, -0.004815527, -0.00484616, -0.004898663, -0.0049400553, -0.0049570845, -0.00498488, -0.005006681, -0.005021221, -0.005025124, -0.0050263605, -0.0050206208, -0.005016359, -0.0050056586, -0.004991372, -0.0049716695, -0.0049594324, -0.0049319547, -0.0049032867, -0.004889608, -0.004863474, -0.004836907, -0.004822748, -0.004791696, -0.0047588944, -0.0047283866, -0.0047151367, -0.0046939356, -0.0046781427, -0.004671111, -0.0046551228, -0.0046318243, -0.004597233, -0.004575213, -0.0045216484, -0.004457808, -0.004423049, -0.0043500084, -0.0042736544, -0.0042344774, -0.0041546854, -0.004072548, -0.003987742, -0.0039438293, -0.0038516659, -0.0037526202, -0.0037005795, -0.0035920672, -0.003479911, -0.0033666103, -0.0033099658, -0.003197658, -0.0030868773, -0.003031944, -0.0029232905, -0.002817067, -0.0027649768, -0.0026624964, -0.0025623287, -0.0024650677, -0.0024174151, -0.0023238673, -0.0022331162, -0.002188397, -0.0020989028, -0.0020076109, -0.0019139239, -0.0018661226, -0.0017687477, -0.0016734308, -0.0016323883, -0.0015942833, -0.0016781903
0, 0, 0, 0, 0, 0, 0, 0, 0, 0, 0, 0, 0, 0, 0, 0, 0, 0, 0, 0, 0, 0, 0, 0, 0, 0, 0, 0, 0, 0, 0, 0, 0, 0, 0, 0, 0, 0, 0, 0, 0, 0, 0, 0, 0, 0, 0, 0, 0, 0, 0, 0, 0, 0, 0, 0, 0, 0, 0, 0, -0.0026796455, -0.0025050994, -0.002544761, -0.0027468966, -0.0030004566, -0.0031247279, -0.0033527587, -0.0035522776, -0.0037286866, -0.0038105568, -0.0039624763, -0.004099915, -0.0041636773, -0.004281676, -0.0043878066, -0.004481246, -0.0045232703, -0.0045984457, -0.004663086, -0.0046916804, -0.004740918, -0.004778878, -0.004793839, -0.004817407, -0.004834844, -0.0048456616, -0.004848307, -0.004848746, -0.004844106, -0.0048404713, -0.0048308214, -0.0048166797, -0.0047959783, -0.00478303, -0.0047533475, -0.004722391, -0.004707435, -0.004679152, -0.0046514734, -0.0046369755, -0.0046057403, -0.004572752, -0.0045418055, -0.0045285625, -0.004507975, -0.004493463, -0.004487119, -0.004472091, -0.0044488558, -0.004413333, -0.00439052, -0.0043357187, -0.0042709038, -0.004235982, -0.0041628834, -0.0040866765, -0.004047688, -0.0039679254, -0.0038849572, -0.0037974482, -0.003751633, -0.0036548877, -0.003551158, -0.0034971416, -0.0033861175, -0.0032733732, -0.0031615417, -0.0031062989, -0.0029972338, -0.0028902073, -0.0028374083, -0.0027338234, -0.0026336105, -0.0025848767, -0.0024898516, -0.0023979486, -0.0023096495, -0.0022666638, -0.0021826676, -0.0021010411, -0.0020607666, -0.001980124, -0.0018983472, -0.0018150691, -0.001772626, -0.0016855753, -0.0016000054, -0.0015637357, -0.0015344099, -0.0016228328
0, 0, 0, 0, 0, 0, 0, 0, 0, 0, 0, 0, 0, 0, 0, 0, 0, 0, 0, 0, 0, 0, 0, 0, 0, 0, 0, 0, 0, 0, 0, 0, 0, 0, 0, 0, 0, 0, 0, 0, 0, 0, 0, 0, 0, 0, 0, 0, 0, 0, 0, 0, 0, 0, 0, 0, 0, 0, 0, -0.0029485645, -0.0024805085, -0.0023644867, -0.0024162643, -0.0026235264, -0.0028722028, -0.0029939718, -0.0032190604, -0.0034171098, -0.0035926194, -0.003673521, -0.0038229336, -0.0039562797, -0.0040176706, -0.0041305297, -0.004231177, -0.004319738, -0.004359301, -0.004430533, -0.0044924077, -0.0045199706, -0.0045679244, -0.004604728, -0.004619183, -0.0046415357, -0.0046571773, -0.0046664174, -0.004668604, -0.0046685343, -0.0046639983, -0.0046606604, -0.004651916, -0.004638652, -0.004618152, -0.0046048635, -0.0045736604, -0.0045397165, -0.004522921, -0.004491242, -0.004460997, -0.004445631, -0.0044130823, -0.0043789083, -0.0043470343, -0.0043332623, -0.00431263, -0.0042995573, -0.004294313, -0.0042817206, -0.0042603062, -0.0042253435, -0.0042024595, -0.0041469513, -0.004081454, -0.0040461044, -0.003972089, -0.0038948583, -0.0038551837, -0.0037737607, -0.0036884486, -0.0035977862, -0.0035502585, -0.0034500484, -0.003344069, -0.0032895668, -0.003178977, -0.0030682806, -0.0029590516, -0.0029053073, -0.0027995717, -0.0026961344, -0.0026455624, -0.0025473791, -0.002453811, -0.0024088651, -0.0023220659, -0.0022390254, -0.0021596428, -0.0021211922, -0.00204634, -0.0019737259, -0.0019379837, -0.001866775, -0.0017945889, -0.0017211301, -0.0016836041, -0.0016062035, -0.0015301562, -0.0014984951, -0.0014776621, -0.0015703797
0, 0, 0, 0, 0, 0, 0, 0, 0, 0, 0, 0, 0, 0, 0, 0, 0, 0, 0, 0, 0, 0, 0, 0, 0, 0, 0, 0, 0, 0, 0, 0, 0, 0, 0, 0, 0, 0, 0, 0, 0, 0, 0, 0, 0, 0, 0, 0, 0, 0, 0, 0, 0, 0, 0, 0, 0, 0, 0, -0.0026854428, -0.0023504633, -0.0023205949, -0.002379262, -0.0025664344, -0.002784555, -0.0028930465, -0.003098334, -0.0032848986, -0.0034532894, -0.0035313906, -0.003675701, -0.0038045135, -0.0038633423, -0.003971408, -0.0040674945, -0.004151673, -0.0041893446, -0.0042570005, -0.0043168548, -0.0043440135, -0.004391267, -0.004428152, -0.0044428706, -0.004466237, -0.004482685, -0.004492164, -0.0044939597, -0.004492126, -0.0044851215, -0.004480641, -0.004470125, -0.0044558407, -0.004434499, -0.004420757, -0.004387436, -0.0043495377, -0.004330456, -0.0042937626, -0.0042595514, -0.0042428924, -0.0042091203, -0.0041750562, -0.004144088, -0.004131215, -0.0041129356, -0.004103528, -0.004100517, -0.004092402, -0.00407438, -0.004040831, -0.0040178057, -0.00396056, -0.0038922625, -0.0038552217, -0.0037772951, -0.003696221, -0.0036547692, -0.0035698859, -0.0034817026, -0.0033891017, -0.0033408364, -0.0032403108, -0.003135332, -0.0030818484, -0.0029741721, -0.002866781, -0.0027608585, -0.0027087335, -0.0026064918, -0.0025073837, -0.0024594553, -0.0023676849, -0.0022815412, -0.0022405232, -0.0021619666, -0.002087332, -0.0020164233, -0.0019824305, -0.0019168033, -0.001853444, -0.0018223375, -0.0017605909, -0.0016979402, -0.0016335666, -0.0016004037, -0.0015322345, -0.0014654379, -0.0014382068, -0.0014249979, -0.0015212817
0, 0, 0, 0, 0, 0, 0, 0, 0, 0, 0, 0, 0, 0, 0, 0, 0, 0, 0, 0, 0, 0, 0, 0, 0, 0, 0, 0, 0, 0, 0, 0, 0, 0, 0, 0, 0, 0, 0, 0, 0, 0, 0, 0, 0, 0, 0, 0, 0, 0, 0, 0, 0, 0, 0, 0, 0, 0, -0.0028480946, -0.0024250897, -0.0022553387, -0.0023016715, -0.002368011, -0.0025378694, -0.0027244198, -0.0028173176, -0.0029969355, -0.0031649016, -0.0033207405, -0.0033939758, -0.0035307163, -0.0036536523, -0.0037098778, -0.003813462, -0.0039051708, -0.0039854916, -0.004021422, -0.004085991, -0.004143205, -0.00416907, -0.004214978, -0.004251633, -0.004266576, -0.004290689, -0.0043082405, -0.0043177633, -0.00431869, -0.004313868, -0.0043016695, -0.004294334, -0.0042786966, -0.0042605824, -0.004236388, -0.0042213895, -0.004185151, -0.0041437075, -0.00412267, -0.004082448, -0.0040459004, -0.004029037, -0.0039965543, -0.003966227, -0.0039408435, -0.0039311526, -0.0039192713, -0.003915712, -0.0039154477, -0.0039116624, -0.0038960762, -0.0038620792, -0.0038376383, -0.0037755205, -0.003700605, -0.0036600153, -0.0035751313, -0.0034880342, -0.0034441066, -0.003355625, -0.0032657925, -0.003173431, -0.0031259903, -0.0030277953, -0.0029260812, -0.0028744761, -0.0027710414, -0.0026678296, -0.002566183, -0.0025162746, -0.0024189248, -0.0023258536, -0.0022812835, -0.0021968568, -0.0021183116, -0.0020811122, -0.0020102924, -0.0019436863, -0.0018811983, -0.0018515663, -0.0017948546, -0.0017402951, -0.0017135756, -0.0016608678, -0.0016074021, -0.001551548, -0.0015225834, -0.0014630707, -0.0014054916, -0.0013826299, -0.0013765723, -0.0014757118
0, 0, 0, 0, 0, 0, 0, 0, 0, 0, 0, 0, 0, 0, 0, 0, 0, 0, 0, 0, 0, 0, 0, 0, 0, 0, 0, 0, 0, 0, 0, 0, 0, 0, 0, 0, 0, 0, 0, 0, 0, 0, 0, 0, 0, 0, 0, 0, 0, 0, 0, 0, 0, 0, 0, 0, 0, -0.0027116686, -0.0025048703, -0.0022168, -0.002175777, -0.002272916, -0.002344072, -0.0025014915, -0.0026638512, -0.0027440118, -0.0028996593, -0.0030480819, -0.0031886348, -0.003256082, -0.0033833857, -0.003499605, -0.0035529812, -0.003651144, -0.0037392403, -0.0038164486, -0.0038506896, -0.003912252, -0.003965758, -0.003989783, -0.0040325876, -0.004066907, -0.004080988, -0.004103952, -0.0041202432, -0.004127814, -0.0041274833, -0.0041185333, -0.0041013444, -0.0040909965, -0.0040689725, -0.0040453277, -0.004016899, -0.0040001688, -0.0039615543, -0.003919151, -0.0038979836, -0.0038588701, -0.0038249562, -0.0038099915, -0.0037832153, -0.0037607963, -0.0037447992, -0.003739828, -0.0037363716, -0.0037389165, -0.0037404455, -0.0037379023, -0.0037205874, -0.0036820623, -0.0036543917, -0.0035841009, -0.0034997414, -0.0034546088, -0.0033617506, -0.0032687353, -0.0032228238, -0.003132082, -0.0030423135, -0.0029516597, -0.0029055916, -0.0028111215, -0.0027137068, -0.002664486, -0.0025659278, -0.002468404, -0.0023725494, -0.0023256643, -0.0022347826, -0.0021489398, -0.002108278, -0.0020317878, -0.0019611819, -0.001927978, -0.0018652055, -0.0018068524, -0.0017527663, -0.0017274903, -0.0016795311, -0.0016332907, -0.0016104749, -0.0015657494, -0.0015209519, -0.0014732912, -0.0014482756, -0.0013970956, -0.0013485111, -0.0013300938, -0.0013312036, -0.0014332539
0, 0, 0, 0, 0, 0, 0, 0, 0, 0, 0, 0, 0, 0, 0, 0, 0, 0, 0, 0, 0, 0, 0, 0, 0, 0, 0, 0, 0, 0, 0, 0, 0, 0, 0, 0, 0, 0, 0, 0, 0, 0, 0, 0, 0, 0, 0, 0, 0, 0, 0, 0, 0, 0, 0, 0, 0, -0.0023653936, -0.0022008102, -0.0020589693, -0.0021006158, -0.002222617, -0.002293816, -0.00244018, -0.0025849286, -0.0026555213, -0.0027926418, -0.0029234465, -0.0030489895, -0.0031098456, -0.0032267498, -0.0033344305, -0.0033845543, -0.0034780297, -0.0035619321, -0.00363614, -0.0036689076, -0.003727166, -0.0037773421, -0.0037994836, -0.0038378488, -0.0038675943, -0.0038793494, -0.0038981915, -0.0039105345, -0.0039147865, -0.003912793, -0.0039006635, -0.003879831, -0.0038675414, -0.0038408707, -0.0038121454, -0.0037799035, -0.0037618661, -0.0037229506, -0.003683061, -0.003664347, -0.0036314577, -0.003605384, -0.0035945198, -0.0035764826, -0.0035635643, -0.0035572348, -0.003556851, -0.0035603936, -0.0035656977, -0.0035669282, -0.0035609626, -0.003537083, -0.003490404, -0.0034583563, -0.0033791147, -0.0032860867, -0.0032369469, -0.0031374353, -0.0030402513, -0.0029931036, -0.0029018247, -0.0028132948, -0.002725307, -0.0026809988, -0.0025909212, -0.0024990956, -0.0024527868, -0.0023603768, -0.0022694846, -0.002180646, -0.0021372517, -0.0020536366, -0.0019757631, -0.001939332, -0.0018712489, -0.0018089162, -0.0017798519, -0.0017259013, -0.001676568, -0.0016314241, -0.0016104901, -0.0015712314, -0.0015331409, -0.0015142334, -0.0014773123, -0.0014405017, -0.0014007314, -0.0013795205, -0.0013358033, -0.0012951993, -0.0012807535, -0.0012888125, -0.0013936921
0, 0, 0, 0, 0, 0, 0, 0, 0, 0, 0, 0, 0, 0, 0, 0, 0, 0, 0, 0, 0, 0, 0, 0, 0, 0, 0, 0, 0, 0, 0, 0, 0, 0, 0, 0, 0, 0, 0, 0, 0, 0, 0, 0, 0, 0, 0, 0, 0, 0, 0, 0, 0, 0, 0, 0, -0.0023933502, -0.0020649144, -0.0019704134, -0.0019370017, -0.00202415, -0.0021534585, -0.0022214404, -0.0023560752, -0.0024859686, -0.002549202, -0.0026715253, -0.0027882012, -0.0029003667, -0.0029548963, -0.0030603642, -0.003158714, -0.0032048519, -0.0032925007, -0.003372703, -0.003443507, -0.0034749692, -0.003530598, -0.0035778577, -0.0035986023, -0.0036333322, -0.0036583412, -0.0036675222, -0.0036802876, -0.0036870383, -0.0036871252, -0.003683933, -0.003669924, -0.003647383, -0.003634101, -0.0036052174, -0.0035744936, -0.003540451, -0.0035221777, -0.0034850203, -0.0034502377, -0.0034352578, -0.0034114206, -0.0033952722, -0.0033891574, -0.0033798749, -0.0033745687, -0.0033746003, -0.0033765417, -0.0033825769, -0.003386409, -0.0033853385, -0.0033722485, -0.0033395283, -0.0032840322, -0.003247786, -0.0031614297, -0.0030623213, -0.003010584, -0.002907073, -0.0028076037, -0.0027601887, -0.002669736, -0.0025835254, -0.0024991469, -0.0024570816, -0.002372665, -0.0022876034, -0.0022448855, -0.00215995, -0.0020765779, -0.0019956573, -0.0019562477, -0.0018807716, -0.001811434, -0.0017793472, -0.0017200342, -0.0016664749, -0.0016418137, -0.0015966672, -0.0015563493, -0.0015200154, -0.0015033995, -0.0014725301, -0.0014429948, -0.0014282535, -0.0013992976, -0.0013700278, -0.0013376338, -0.0013198865, -0.0012827553, -0.0012486279, -0.0012375063, -0.001251266, -0.0013581953
0, 0, 0, 0, 0, 0, 0, 0, 0, 0, 0, 0, 0, 0, 0, 0, 0, 0, 0, 0, 0, 0, 0, 0, 0, 0, 0, 0, 0, 0, 0, 0, 0, 0, 0, 0, 0, 0, 0, 0, 0, 0, 0, 0, 0, 0, 0, 0, 0, 0, 0, 0, 0, 0, 0, 0, -0.0020702372, -0.0018364151, -0.001798539, -0.0018330353, -0.001940379, -0.0020679105, -0.002131255, -0.0022537045, -0.0023705557, -0.0024274562, -0.0025377457, -0.002643335, -0.0027446162, -0.0027937242, -0.0028884523, -0.002977322, -0.003019462, -0.0031004844, -0.003175833, -0.0032437297, -0.0032740466, -0.003327736, -0.0033734716, -0.003393237, -0.003425931, -0.0034482258, -0.0034553825, -0.003463431, -0.0034651114, -0.0034609565, -0.003456209, -0.0034405184, -0.0034172859, -0.0034037381, -0.003374854, -0.0033442988, -0.0033115242, -0.0032943997, -0.0032604246, -0.0032307834, -0.0032191912, -0.0032032896, -0.0031951265, -0.003192644, -0.0031893977, -0.003188038, -0.0031895435, -0.0031914338, -0.0031955019, -0.0031948157, -0.0031905835, -0.0031699324, -0.003129158, -0.0030665586, -0.0030273846, -0.0029364666, -0.0028344917, -0.0027816023, -0.0026765035, -0.0025764618, -0.0025292742, -0.0024406193, -0.0023576035, -0.0022774371, -0.0022379244, -0.0021596379, -0.0020823183, -0.0020437439, -0.0019671759, -0.0018923933, -0.0018203318, -0.0017855632, -0.001719797, -0.0016602763, -0.0016330082, -0.0015831185, -0.0015384837, -0.0015180164, -0.0014809788, -0.0014489805, -0.0014210154, -0.001408395, -0.0013853326, -0.0013636546, -0.0013528356, -0.0013310588, -0.0013085485, -0.0012831623, -0.0012687858, -0.0012375518, -0.0012088651, -0.0012006514, -0.0012195276, -0.0013282754
0, 0, 0, 0, 0, 0, 0, 0, 0, 0, 0, 0, 0, 0, 0, 0, 0, 0, 0, 0, 0, 0, 0, 0, 0, 0, 0, 0, 0, 0, 0, 0, 0, 0, 0, 0, 0, 0, 0, 0, 0, 0, 0, 0, 0, 0, 0, 0, 0, 0, 0, 0, 0, 0, 0, -0.0020689492, -0.0017858872, -0.0016613334, -0.001660591, -0.0017294444, -0.0018412387, -0.0019611472, -0.0020197693, -0.002131644, -0.0022378871, -0.0022899464, -0.002390899, -0.0024875756, -0.0025806732, -0.0026258552, -0.0027131455, -0.0027946616, -0.0028331133, -0.0029070496, -0.0029765912, -0.003040554, -0.0030697132, -0.0031223744, -0.0031672926, -0.003186882, -0.0032190408, -0.0032404014, -0.0032471004, -0.0032533528, -0.0032518415, -0.003243595, -0.0032369492, -0.0032188336, -0.0031948541, -0.003181465, -0.0031533353, -0.0031242603, -0.0030941016, -0.0030783922, -0.0030477634, -0.0030216828, -0.0030119342, -0.0029999774, -0.0029957362, -0.0029949963, -0.0029940223, -0.0029928067, -0.0029924572, -0.0029926, -0.0029921434, -0.0029863485, -0.002979359, -0.0029531335, -0.0029075064, -0.00284111, -0.0028006497, -0.0027082472, -0.0026058466, -0.0025530579, -0.002448329, -0.0023491727, -0.0023025656, -0.0022157563, -0.0021357401, -0.0020598632, -0.0020229141, -0.0019507462, -0.0018808575, -0.0018465027, -0.0017790165, -0.0017139076, -0.0016522296, -0.0016229167, -0.0015683337, -0.001519563, -0.0014973866, -0.00145703, -0.0014214445, -0.0014052595, -0.0013765352, -0.0013528657, -0.0013330735, -0.0013240702, -0.0013074637, -0.0012922698, -0.0012847454, -0.0012691068, -0.0012522857, -0.0012329795, -0.0012216907, -0.0011960675, -0.0011728992, -0.00116765, -0.0011919342, -0.0013027745
0, 0, 0, 0, 0, 0, 0, 0, 0, 0, 0, 0, 0, 0, 0, 0, 0, 0, 0, 0, 0, 0, 0, 0, 0, 0, 0, 0, 0, 0, 0, 0, 0, 0, 0, 0, 0, 0, 0, 0, 0, 0, 0, 0, 0, 0, 0, 0, 0, 0, 0, 0, 0, 0, -0.0018823014, -0.0017535035, -0.0015533083, -0.0015118613, -0.0015319069, -0.0016136268, -0.0017191989, -0.0018288211, -0.0018822867, -0.0019861995, -0.0020857307, -0.002134533, -0.0022292815, -0.0023202302, -0.0024082072, -0.0024511656, -0.0025334074, -0.002610046, -0.0026459456, -0.0027142782, -0.0027782535, -0.0028371017, -0.002864111, -0.00291393, -0.0029583133, -0.0029782092, -0.0030111235, -0.003032888, -0.0030396369, -0.003045573, -0.0030429475, -0.0030324, -0.003024179, -0.0030028108, -0.002976868, -0.0029633164, -0.0029354533, -0.0029074522, -0.0028787574, -0.002864036, -0.0028353648, -0.0028107374, -0.0028011473, -0.0027885851, -0.002783219, -0.002782009, -0.0027798086, -0.002776539, -0.002772784, -0.0027708246, -0.0027659927, -0.0027565574, -0.0027480663, -0.0027202638, -0.002673906, -0.002607733, -0.0025678265, -0.0024767602, -0.0023761897, -0.0023243816, -0.00222154, -0.0021239007, -0.0020781152, -0.0019929195, -0.0019154128, -0.0018434244, -0.0018091087, -0.0017431019, -0.0016809816, -0.0016511022, -0.0015934428, -0.0015389182, -0.0014881279, -0.0014644833, -0.001421049, -0.0013830527, -0.0013660219, -0.001335448, -0.0013094591, -0.0012980838, -0.0012786221, -0.0012637558, -0.0012519989, -0.0012465417, -0.0012359857, -0.0012267482, -0.0012223086, -0.0012123408, -0.0012004543, -0.0011861167, -0.0011774427, -0.0011571056, -0.0011394065, -0.0011369331, -0.0011660152, -0.0012789184
0, 0, 0, 0, 0, 0, 0, 0, 0, 0, 0, 0, 0, 0, 0, 0, 0, 0, 0, 0, 0, 0, 0, 0, 0, 0, 0, 0, 0, 0, 0, 0, 0, 0, 0, 0, 0, 0, 0, 0, 0, 0, 0, 0, 0, 0, 0, 0, 0, 0, 0, 0, 0, 0, -0.0015650471, -0.0014604183, -0.0013546691, -0.0013651901, -0.0013951286, -0.0014776211, -0.0015725676, -0.0016710697, -0.0017199009, -0.0018166516, -0.0019123699, -0.001959088, -0.0020512892, -0.00214025, -0.0022262447, -0.002268116, -0.0023480665, -0.002421582, -0.0024559284, -0.0025206984, -0.002580527, -0.0026345716, -0.0026591772, -0.0027045505, -0.0027462575, -0.0027654078, -0.0027984402, -0.0028209002, -0.0028276455, -0.0028335848, -0.002830704, -0.0028195202, -0.0028105415, -0.0027866734, -0.0027575677, -0.0027424584, -0.0027129545, -0.0026844628, -0.002655568, -0.0026408196, -0.0026115905, -0.0025854667, -0.002574515, -0.002557949, -0.0025479216, -0.0025446035, -0.0025390605, -0.0025331525, -0.0025266085, -0.002523228, -0.0025164024, -0.0025063658, -0.0024985482, -0.002473025, -0.0024300152, -0.0023675147, -0.002329382, -0.0022415998, -0.0021439064, -0.002093552, -0.0019933772, -0.0018977643, -0.0018528197, -0.0017697001, -0.0016952772, -0.0016283507, -0.001597132, -0.0015385088, -0.0014849907, -0.0014599557, -0.0014125841, -0.0013687782, -0.0013288062, -0.0013105735, -0.0012779981, -0.0012505831, -0.0012387333, -0.0012182326, -0.0012024161, -0.0011961835, -0.0011865769, -0.0011805355, -0.0011766655, -0.0011748606, -0.0011711781, -0.0011683247, -0.0011671005, -0.001163155, -0.0011561482, -0.0011461207, -0.0011396479, -0.0011238338, -0.0011103202, -0.0011097215, -0.001142132, -0.0012568863
0, 0, 0, 0, 0, 0, 0, 0, 0, 0, 0, 0, 0, 0, 0, 0, 0, 0, 0, 0, 0, 0, 0, 0, 0, 0, 0, 0, 0, 0, 0, 0, 0, 0, 0, 0, 0, 0, 0, 0, 0, 0, 0, 0, 0, 0, 0, 0, 0, 0, 0, 0, 0, -0.0014616981, -0.0012790847, -0.001214773, -0.0011736066, -0.0012098802, -0.0012422088, -0.0013193603, -0.0014035382, -0.0014910223, -0.0015355889, -0.0016256466, -0.001717219, -0.0017633163, -0.0018543042, -0.0019429288, -0.0020289044, -0.002070672, -0.002150773, -0.002224462, -0.0022585818, -0.0023221523, -0.0023801902, -0.0024312737, -0.0024542594, -0.0024951466, -0.0025314982, -0.0025481891, -0.0025781759, -0.002599622, -0.0026063726, -0.0026123554, -0.0026093172, -0.0025974468, -0.002588072, -0.0025626763, -0.0025306975, -0.002513832, -0.0024807402, -0.0024493253, -0.0024187227, -0.0024028383, -0.0023711927, -0.0023412616, -0.0023280317, -0.002306234, -0.002291166, -0.0022855354, -0.002276738, -0.0022692787, -0.0022624629, -0.0022593057, -0.002253312, -0.00224586, -0.0022399507, -0.0022192362, -0.0021814196, -0.0021239098, -0.0020880462, -0.0020043359, -0.0019098814, -0.0018609947, -0.0017638954, -0.0016713844, -0.0016281061, -0.0015488154, -0.0014795131, -0.0014194121, -0.0013921771, -0.0013427063, -0.0012991449, -0.0012793923, -0.0012430247, -0.001210146, -0.0011811408, -0.0011683461, -0.0011465896, -0.0011299766, -0.0011233666, -0.0011133745, -0.0011076891, -0.0011064409, -0.0011062108, -0.0011082637, -0.0011118319, -0.0011137218, -0.001117318, -0.0011213584, -0.0011233275, -0.0011252868, -0.0011228388, -0.0011166281, -0.001112046, -0.0010998788, -0.001089195, -0.001089563, -0.0011238726, -0.001240229
0, 0, 0, 0, 0, 0, 0, 0, 0, 0, 0, 0, 0, 0, 0, 0, 0, 0, 0, 0, 0, 0, 0, 0, 0, 0, 0, 0, 0, 0, 0, 0, 0, 0, 0, 0, 0, 0, 0, 0, 0, 0, 0, 0, 0, 0, 0, 0, 0, 0, 0, 0, 0, -0.0011931492, -0.0010471258, -0.0010112894, -0.0010024384, -0.0010441614, -0.0010740152, -0.0011414321, -0.0012143838, -0.0012911628, -0.0013306865, -0.0014125741, -0.0014987107, -0.0015428232, -0.00163193, -0.0017196747, -0.0018061677, -0.0018488723, -0.0019314466, -0.0020080416, -0.0020434533, -0.0021092806, -0.0021684652, -0.002219705, -0.0022419712, -0.0022801317, -0.0023115638, -0.0023253793, -0.0023492342, -0.0023659654, -0.002371519, -0.0023764255, -0.0023731682, -0.0023605356, -0.0023505066, -0.002323781, -0.002290491, -0.002272737, -0.0022372701, -0.0022032156, -0.0021695972, -0.0021526555, -0.002118137, -0.0020847477, -0.0020695091, -0.0020441073, -0.0020260368, -0.002019561, -0.0020098025, -0.0020024152, -0.0019968867, -0.0019947207, -0.0019918503, -0.0019881818, -0.0019845017, -0.001968578, -0.0019360065, -0.0018830838, -0.0018492653, -0.001769478, -0.0016787488, -0.0016315159, -0.001537917, -0.0014500166, -0.0014093025, -0.0013359721, -0.0012741463, -0.00122311, -0.0012010862, -0.0011628006, -0.0011306993, -0.0011166635, -0.0010917519, -0.001070143, -0.0010526277, -0.0010456957, -0.0010357004, -0.0010304976, -0.0010293906, -0.0010297514, -0.0010333346, -0.0010363645, -0.0010441102, -0.0010532024, -0.0010634795, -0.0010687674, -0.0010790749, -0.0010887493, -0.0010930818, -0.0010993329, -0.0011008148, -0.0010977222, -0.0010946803, -0.0010855774, -0.0010768882, -0.001077836, -0.001113425, -0.0012311939
0, 0, 0, 0, 0, 0, 0, 0, 0, 0, 0, 0, 0, 0, 0, 0, 0, 0, 0, 0, 0, 0, 0, 0, 0, 0, 0, 0, 0, 0, 0, 0, 0, 0, 0, 0, 0, 0, 0, 0, 0, 0, 0, 0, 0, 0, 0, 0, 0, 0, 0, 0, -0.0011004462, -0.0009555483, -0.00085611857, -0.0008356045, -0.0008365589, -0.00087053597, -0.00089412974, -0.0009475301, -0.0010068482, -0.0010713942, -0.0011052852, -0.0011769652, -0.0012545361, -0.0012951178, -0.0013785262, -0.0014636392, -0.0015494713, -0.0015928084, -0.0016782586, -0.0017594849, -0.0017976034, -0.0018692097, -0.0019329212, -0.0019870088, -0.0020101857, -0.0020480214, -0.0020771127, -0.0020887363, -0.0021064216, -0.0021169214, -0.002119605, -0.0021207558, -0.0021157465, -0.0021028921, -0.002092907, -0.0020666106, -0.002034352, -0.0020172964, -0.0019833206, -0.0019496733, -0.001915336, -0.0018974185, -0.0018609569, -0.0018264266, -0.0018107693, -0.0017849733, -0.0017669025, -0.001760574, -0.0017519288, -0.0017461755, -0.001742682, -0.0017417766, -0.0017420144, -0.0017421797, -0.0017403268, -0.0017281013, -0.0016991191, -0.0016497098, -0.0016174599, -0.0015408284, -0.0014534377, -0.0014081125, -0.001319066, -0.001237106, -0.0012001119, -0.0011351649, -0.001082917, -0.001042692, -0.0010265397, -0.0010000892, -0.0009795051, -0.0009711705, -0.0009577549, -0.0009484423, -0.0009435994, -0.0009431198, -0.0009456182, -0.0009517917, -0.0009558906, -0.0009658847, -0.0009777525, -0.000984633, -0.000999593, -0.001015193, -0.0010309396, -0.0010388673, -0.0010537806, -0.0010667647, -0.001072385, -0.0010811856, -0.0010854678, -0.0010847321, -0.0010827584, -0.001075873, -0.0010691469, -0.0010709036, -0.0011078854, -0.0012269532
0, 0, 0, 0, 0, 0, 0, 0, 0, 0, 0, 0, 0, 0, 0, 0, 0, 0, 0, 0, 0, 0, 0, 0, 0, 0, 0, 0, 0, 0, 0, 0, 0, 0, 0, 0, 0, 0, 0, 0, 0, 0, 0, 0, 0, 0, 0, 0, 0, 0, 0, -0.00094192155, -0.00088243536, -0.0007573248, -0.00068771327, -0.0006726994, -0.00066991517, -0.00068956, -0.000704533, -0.00074043765, -0.0007839496, -0.0008340619, -0.0008613095, -0.00092039537, -0.0009865392, -0.0010218695, -0.0010970308, -0.0011757478, -0.0012580167, -0.0013003505, -0.0013860841, -0.0014708892, -0.0015119531, -0.0015904417, -0.0016612468, -0.0017210935, -0.0017460763, -0.0017865943, -0.001816366, -0.0018274587, -0.0018421994, -0.0018474681, -0.0018472503, -0.0018432599, -0.0018354412, -0.0018230525, -0.0018142948, -0.001791353, -0.0017634261, -0.0017486931, -0.001719407, -0.0016896883, -0.0016576042, -0.0016403627, -0.001604547, -0.0015706922, -0.0015559898, -0.001532775, -0.0015178107, -0.0015127602, -0.0015063925, -0.0015034813, -0.001502386, -0.0015025935, -0.0015045538, -0.001506321, -0.0015053937, -0.0014947605, -0.001467236, -0.0014196099, -0.001388518, -0.0013148679, -0.0012314267, -0.0011886675, -0.0011056466, -0.0010314841, -0.0009990432, -0.0009442244, -0.00090272014, -0.0008734847, -0.0008629418, -0.0008475944, -0.00083829137, -0.0008356696, -0.00083412573, -0.0008376988, -0.00084585213, -0.00085163274, -0.00086563494, -0.00088204246, -0.0008909498, -0.0009099208, -0.0009303038, -0.0009411065, -0.0009633717, -0.0009849557, -0.0010052752, -0.0010150612, -0.0010331249, -0.0010483203, -0.0010547058, -0.0010651451, -0.0010712616, -0.0010721203, -0.0010707119, -0.0010652604, -0.0010605992, -0.0010633733, -0.001102094, -0.0012220894
0, 0, 0, 0, 0, 0, 0, 0, 0, 0, 0, 0, 0, 0, 0, 0, 0, 0, 0, 0, 0, 0, 0, 0, 0, 0, 0, 0, 0, 0, 0, 0, 0, 0, 0, 0, 0, 0, 0, 0, 0, 0, 0, 0, 0, 0, 0, 0, 0, 0, -0.0010853737, -0.00082500686, -0.00072145695, -0.00059444667, -0.00053156144, -0.00051482645, -0.0005003408, -0.0005021977, -0.0005077674, -0.00052590045, -0.00055282627, -0.0005872329, -0.00060670386, -0.00065106014, -0.00070341176, -0.00073270913, -0.00079650775, -0.0008660892, -0.0009411643, -0.0009806388, -0.0010626925, -0.0011460622, -0.001187788, -0.0012700794, -0.0013474317, -0.0014144469, -0.0014428956, -0.0014892364, -0.0015227881, -0.0015352115, -0.0015514655, -0.0015561068, -0.0015548829, -0.0015477645, -0.0015383168, -0.0015269264, -0.0015199033, -0.0015021634, -0.0014803804, -0.0014689344, -0.0014459555, -0.0014220685, -0.0013949933, -0.0013799182, -0.0013479121, -0.001317454, -0.0013043336, -0.0012847912, -0.0012740884, -0.0012712018, -0.0012680022, -0.0012667371, -0.001266891, -0.001267454, -0.0012690881, -0.0012695594, -0.0012679534, -0.001256756, -0.0012295274, -0.0011832955, -0.001153574, -0.0010837537, -0.001006183, -0.000966928, -0.00089215895, -0.000827471, -0.0008002145, -0.00075642153, -0.0007263727, -0.0007084361, -0.0007033435, -0.00069934904, -0.00070159277, -0.00070488005, -0.0007154468, -0.0007310459, -0.0007507118, -0.0007617597, -0.0007857564, -0.0008113102, -0.00082466804, -0.00085259747, -0.00088159734, -0.000896316, -0.0009256191, -0.0009531295, -0.0009781139, -0.0009898015, -0.0010114966, -0.0010297038, -0.0010372361, -0.001049549, -0.001057442, -0.001059705, -0.0010586994, -0.0010538771, -0.001050611, -0.0010542611, -0.0010942563, -0.0012145792
0, 0, 0, 0, 0, 0, 0, 0, 0, 0, 0, 0, 0, 0, 0, 0, 0, 0, 0, 0, 0, 0, 0, 0, 0, 0, 0, 0, 0, 0, 0, 0, 0, 0, 0, 0, 0, 0, 0, 0, 0, 0, 0, 0, 0, 0, 0, 0, 0, 0, -0.0008340822, -0.0006416343, -0.0005609723, -0.00045100067, -0.00038608164, -0.00036410062, -0.0003332081, -0.00031657147, -0.00031283736, -0.00031331248, -0.0003241603, -0.0003432048, -0.00035523853, -0.00038417886, -0.00042104366, -0.00044270474, -0.0004919481, -0.0005488079, -0.0006132919, -0.0006483519, -0.0007222469, -0.00079915306, -0.0008383996, -0.0009182426, -0.0009979232, -0.0010711887, -0.0011036762, -0.0011584327, -0.0012000247, -0.0012160381, -0.0012382473, -0.0012475116, -0.0012478745, -0.0012432754, -0.0012352362, -0.001226024, -0.0012206354, -0.0012071676, -0.0011910836, -0.0011826521, -0.0011659449, -0.0011486539, -0.0011276467, -0.0011155067, -0.001088991, -0.0010632137, -0.0010522078, -0.0010362933, -0.001028965, -0.0010276142, -0.0010271448, -0.0010266699, -0.001025566, -0.0010250801, -0.0010241325, -0.0010214807, -0.001018465, -0.0010054924, -0.00097848, -0.0009344822, -0.0009066283, -0.0008423384, -0.0007727614, -0.000738313, -0.0006742479, -0.0006212049, -0.00060001964, -0.0005690667, -0.0005521646, -0.0005469719, -0.00054807134, -0.0005566362, -0.00057146366, -0.0005808838, -0.00060335075, -0.00063007395, -0.0006598792, -0.0006756228, -0.0007085301, -0.00074278546, -0.0007603655, -0.00079680124, -0.0008336855, -0.0008519966, -0.0008875863, -0.00092097063, -0.00095135457, -0.0009656006, -0.0009920348, -0.0010145279, -0.0010239183, -0.0010388357, -0.001048881, -0.001052793, -0.0010522706, -0.0010475528, -0.0010442961, -0.0010481802, -0.0010887407, -0.0012090753
0, 0, 0, 0, 0, 0, 0, 0, 0, 0, 0, 0, 0, 0, 0, 0, 0, 0, 0, 0, 0, 0, 0, 0, 0, 0, 0, 0, 0, 0, 0, 0, 0, 0, 0, 0, 0, 0, 0, 0, 0, 0, 0, 0, 0, 0, 0, 0, 0, 0, -0.00061023666, -0.0004819916, -0.00042390003, -0.00033148422, -0.00026247036, -0.00023406281, -0.0001869925, -0.0001520144, -0.00013861606, -0.0001212761, -0.00011543092, -0.000119142, -0.00012345462, -0.00013692347, -0.00015726747, -0.00017034003, -0.00020254747, -0.00024265096, -0.00029238136, -0.00032114313, -0.00038404972, -0.00045122052, -0.00048574244, -0.00055800076, -0.0006335255, -0.0007086408, -0.00074420497, -0.00080796255, -0.00086056365, -0.0008820069, -0.0009146702, -0.0009329785, -0.0009373273, -0.00093966833, -0.00093669153, -0.0009309476, -0.0009270316, -0.0009164063, -0.0009036933, -0.0008970488, -0.0008849309, -0.0008734734, -0.00085871015, -0.00084942806, -0.0008278392, -0.00080659305, -0.0007978816, -0.0007857596, -0.00078084535, -0.0007803715, -0.00078065053, -0.00077970553, -0.0007761777, -0.000773629, -0.0007677418, -0.0007607133, -0.0007560287, -0.0007413535, -0.00071558286, -0.0006756475, -0.00065072183, -0.0005944093, -0.00053554313, -0.0005073142, -0.00045705275, -0.00041871483, -0.00040513204, -0.00038944068, -0.0003881239, -0.00039825845, -0.00040672655, -0.00042931258, -0.00045824537, -0.00047432896, -0.000509217, -0.000547112, -0.0005870046, -0.00060738483, -0.0006490592, -0.00069167913, -0.0007133378, -0.00075717, -0.0008008878, -0.0008221767, -0.00086314563, -0.00090183003, -0.000937574, -0.0009543673, -0.0009853184, -0.0010117695, -0.0010228684, -0.0010405027, -0.001052377, -0.0010576935, -0.0010573991, -0.0010523181, -0.0010480302, -0.0010515734, -0.0010919033, -0.0012120489
0, 0, 0, 0, 0, 0, 0, 0, 0, 0, 0, 0, 0, 0, 0, 0, 0, 0, 0, 0, 0, 0, 0, 0, 0, 0, 0, 0, 0, 0, 0, 0, 0, 0, 0, 0, 0, 0, 0, 0, 0, 0, 0, 0, 0, 0, 0, 0, -0.0010784582, -0.0007798868, -0.00051177276, -0.0003807173, -0.00033143107, -0.00024684728, -0.00017354974, -0.00013965665, -7.8311954e-05, -2.682494e-05, -4.7614444e-06, 3.088048e-05, 5.4665525e-05, 6.857018e-05, 7.2354516e-05, 7.5611024e-05, 7.222297e-05, 6.779587e-05, 5.399045e-05, 3.2400632e-05, 7.260013e-09, -2.0611136e-05, -6.9246045e-05, -0.00012429566, -0.00015328525, -0.00021496933, -0.0002825246, -0.00035352018, -0.0003890386, -0.00045789187, -0.0005200011, -0.0005474047, -0.0005925529, -0.00062271854, -0.0006325375, -0.00064397487, -0.0006481289, -0.0006474609, -0.0006453805, -0.0006379169, -0.0006273683, -0.0006219572, -0.00061253173, -0.0006046662, -0.0005944339, -0.00058747473, -0.0005703162, -0.0005528206, -0.0005458748, -0.00053717074, -0.0005344393, -0.0005343545, -0.0005339446, -0.000530633, -0.0005233292, -0.0005184424, -0.00050750445, -0.00049624976, -0.0004903013, -0.0004755005, -0.0004532123, -0.00041998032, -0.00039969402, -0.0003547654, -0.0003096949, -0.00028921434, -0.00025545465, -0.00023452075, -0.00022964954, -0.0002315168, -0.0002475224, -0.00027477514, -0.00029161078, -0.00033030243, -0.00037452378, -0.0003979177, -0.00044627654, -0.0004959702, -0.00054642104, -0.00057165226, -0.0006223132, -0.0006730219, -0.00069849775, -0.00074896385, -0.00079809444, -0.00082163356, -0.00086655753, -0.00090895145, -0.0009482092, -0.00096639374, -0.0009994518, -0.0010274837, -0.0010392786, -0.0010579029, -0.0010698719, -0.0010749942, -0.0010745357, -0.00106843, -0.0010627504, -0.0010656082, -0.0011046929, -0.0012242235
0, 0, 0, 0, 0, 0, 0, 0, 0, 0, 0, 0, 0, 0, 0, 0, 0, 0, 0, 0, 0, 0, 0, 0, 0, 0, 0, 0, 0, 0, 0, 0, 0, 0, 0, 0, 0, 0, 0, 0, 0, 0, 0, 0, 0, 0, 0, 0, -0.000776934, -0.00061350974, -0.00043544956, -0.00031819128, -0.0002720155, -0.00018982436, -0.00011318755, -7.620674e-05, -5.4486104e-06, 5.8506997e-05, 8.771488e-05, 0.00014019875, 0.00018289124, 0.00021561068, 0.0002287707, 0.0002492286, 0.00026257022, 0.00026638396, 0.00026922865, 0.00026468717, 0.00024935135, 0.00023722195, 0.00020463274, 0.00016414453, 0.00014169364, 9.237252e-05, 3.5707733e-05, -2.682057e-05, -5.9523445e-05, -0.00012608028, -0.00019171539, -0.00022282077, -0.00027847, -0.00032047, -0.00033591868, -0.0003579334, -0.00037062445, -0.00037706524, -0.00037790916, -0.00037539925, -0.00036831218, -0.00036392186, -0.00035569427, -0.00034839034, -0.00033991926, -0.00033446224, -0.0003206653, -0.00030635172, -0.00030066923, -0.00029445605, -0.0002937804, -0.00029399153, -0.000292705, -0.0002866197, -0.00027501263, -0.00026810428, -0.00025384058, -0.00024102103, -0.00023526263, -0.00022344242, -0.00020798098, -0.00018544646, -0.00017140413, -0.00014042905, -0.00011124236, -9.931646e-05, -8.353025e-05, -8.0593505e-05, -8.4691346e-05, -0.000104418155, -0.00013847728, -0.00018341628, -0.00020897803, -0.00026443248, -0.0003239694, -0.00035455127, -0.0004162456, -0.00047767285, -0.0005386826, -0.0005688207, -0.0006284877, -0.00068722275, -0.00071600266, -0.0007719126, -0.00082480034, -0.0008498516, -0.00089700264, -0.00094081764, -0.0009807207, -0.0009987605, -0.0010305857, -0.0010569846, -0.0010679013, -0.0010847616, -0.0010947225, -0.0010975738, -0.0010962115, -0.0010885716, -0.0010813245, -0.0010833853, -0.0011207684, -0.001239185
0, 0, 0, 0, 0, 0, 0, 0, 0, 0, 0, 0, 0, 0, 0, 0, 0, 0, 0, 0, 0, 0, 0, 0, 0, 0, 0, 0, 0, 0, 0, 0, 0, 0, 0, 0, 0, 0, 0, 0, 0, 0, 0, 0, 0, 0, 0, -0.00073026225, -0.000660058, -0.0005033086, -0.00036880362, -0.00026416802, -0.0002190966, -0.00013618478, -5.6765984e-05, -1.756248e-05, 5.8817826e-05, 0.00013055334, 0.00016500418, 0.00023021562, 0.00028912982, 0.00033935346, 0.00036120517, 0.00039832745, 0.0004265103, 0.00043732108, 0.00045331992, 0.00046198416, 0.000460569, 0.00045555236, 0.00043784344, 0.0004126196, 0.000397789, 0.00036290532, 0.0003198921, 0.00026913863, 0.00024164794, 0.00018304988, 0.00012125485, 9.007699e-05, 3.056874e-05, -2.002199e-05, -4.081278e-05, -7.341868e-05, -9.6510514e-05, -0.00011179334, -0.000116914176, -0.00012139443, -0.000119834986, -0.000117156764, -0.00011016666, -0.000102081634, -9.296674e-05, -8.765593e-05, -7.6030316e-05, -6.4651955e-05, -6.058538e-05, -5.7185887e-05, -5.8297977e-05, -5.896916e-05, -5.7352947e-05, -4.905381e-05, -3.479966e-05, -2.671408e-05, -1.2004381e-05, -1.8892703e-06, 1.2122794e-06, 5.5081787e-06, 1.0833422e-05, 2.0052e-05, 2.6642627e-05, 4.1872532e-05, 5.484088e-05, 5.8377664e-05, 5.6952988e-05, 4.240371e-05, 2.963463e-05, -7.0358415e-06, -5.8004993e-05, -0.000119629134, -0.0001530717, -0.00022317008, -0.00029590994, -0.0003326462, -0.00040577693, -0.0004780022, -0.00054869964, -0.000583361, -0.0006509455, -0.0007161225, -0.0007474123, -0.0008070133, -0.0008621923, -0.00088803336, -0.00093621877, -0.0009798451, -0.0010181771, -0.0010351387, -0.0010641235, -0.0010869673, -0.0010961008, -0.0011095505, -0.0011162616, -0.0011161596, -0.0011134101, -0.001103674, -0.0010946288, -0.0010957171, -0.0011315101, -0.0012492696
0, 0, 0, 0, 0, 0, 0, 0, 0, 0, 0, 0, 0, 0, 0, 0, 0, 0, 0, 0, 0, 0, 0, 0, 0, 0, 0, 0, 0, 0, 0, 0, 0, 0, 0, 0, 0, 0, 0, 0, 0, 0, 0, 0, 0, 0, 0, -0.0006325814, -0.0005549544, -0.0004122916, -0.00029412008, -0.00019398234, -0.00014817604, -6.0884675e-05, 2.3334545e-05, 6.488678e-05, 0.00014644016, 0.00022479573, 0.00026332136, 0.00033774017, 0.00040777796, 0.00047166154, 0.000500777, 0.0005515023, 0.00059168716, 0.00060779124, 0.0006332715, 0.0006510858, 0.00065954117, 0.0006601285, 0.0006547718, 0.00064337417, 0.0006359923, 0.0006167564, 0.0005889656, 0.00055322086, 0.00053243054, 0.00048552876, 0.00043287536, 0.00040464953, 0.00034715902, 0.00029341754, 0.00026919076, 0.00022729316, 0.00019336573, 0.00016643321, 0.00015597403, 0.00014175581, 0.00013615954, 0.00013612268, 0.00013969574, 0.0001468873, 0.00015653034, 0.00016186314, 0.00017243499, 0.00018074774, 0.00018313929, 0.00018304485, 0.00017975763, 0.00017852942, 0.0001802728, 0.00018968756, 0.00020398157, 0.00021133789, 0.000222621, 0.00022567333, 0.0002239989, 0.00021663941, 0.00020836011, 0.0002032272, 0.00020205294, 0.00020094456, 0.00019742698, 0.00019292979, 0.00017547583, 0.0001445712, 0.00012384132, 7.183991e-05, 6.5848826e-06, -6.8623594e-05, -0.000108235974, -0.00018965547, -0.00027266372, -0.00031436063, -0.00039710625, -0.00047780544, -0.00055579847, -0.0005937157, -0.0006665635, -0.0007354031, -0.0007681493, -0.0008297966, -0.0008863492, -0.00091277994, -0.00096187374, -0.0010051797, -0.0010421209, -0.001058157, -0.0010850758, -0.0011053381, -0.0011131954, -0.0011243519, -0.0011287729, -0.0011261287, -0.0011221545, -0.0011102866, -0.0010992524, -0.0010993428, -0.0011337996, -0.0012519817
0, 0, 0, 0, 0, 0, 0, 0, 0, 0, 0, 0, 0, 0, 0, 0, 0, 0, 0, 0, 0, 0, 0, 0, 0, 0, 0, 0, 0, 0, 0, 0, 0, 0, 0, 0, 0, 0, 0, 0, 0, 0, 0, 0, 0, 0, -0.00077623565, -0.000542455, -0.00045821106, -0.0003214809, -0.00020754851, -0.000104589184, -5.5434448e-05, 3.9868846e-05, 0.00013265244, 0.00017840882, 0.0002683564, 0.00035547774, 0.0003981338, 0.00048188987, 0.0005615335, 0.0006351109, 0.0006692741, 0.00073084305, 0.0007804553, 0.00080107903, 0.0008346128, 0.0008598106, 0.0008765791, 0.00088161294, 0.00088691316, 0.00088750955, 0.000886645, 0.0008815861, 0.00086952595, 0.00084922905, 0.00083585194, 0.000802517, 0.0007616454, 0.0007382185, 0.000686991, 0.0006344438, 0.0006089542, 0.0005608101, 0.00051709363, 0.00047818318, 0.00046129985, 0.0004348003, 0.0004189405, 0.00041469984, 0.00041199403, 0.00041531105, 0.00042264003, 0.0004275452, 0.00043685152, 0.0004426424, 0.00044335893, 0.00044068473, 0.0004354663, 0.00043384745, 0.00043561257, 0.00044475388, 0.00045675927, 0.0004616416, 0.00046490377, 0.00045626427, 0.00044786188, 0.00042526977, 0.00040085672, 0.00037901613, 0.00036946352, 0.00035140952, 0.00033106163, 0.0003184649, 0.00028561451, 0.00023998063, 0.00021212113, 0.00014651715, 6.94425e-05, -1.6404987e-05, -6.117644e-05, -0.00015213783, -0.00024366226, -0.00028937453, -0.00037952734, -0.0004658912, -0.00054776826, -0.00058714853, -0.0006622807, -0.0007328059, -0.0007662068, -0.0008292284, -0.0008874031, -0.00091467943, -0.00096508634, -0.0010091411, -0.0010463966, -0.0010625852, -0.0010899706, -0.0011108384, -0.0011189883, -0.0011305143, -0.001134538, -0.0011303192, -0.001125596, -0.0011125588, -0.0011000237, -0.0010993021, -0.0011328686, -0.0012516914
0, 0, 0, 0, 0, 0, 0, 0, 0, 0, 0, 0, 0, 0, 0, 0, 0, 0, 0, 0, 0, 0, 0, 0, 0, 0, 0, 0, 0, 0, 0, 0, 0, 0, 0, 0, 0, 0, 0, 0, 0, 0, 0, 0, 0, -0.00075740146, -0.00061524945, -0.00044379797, -0.0003707812, -0.0002445214, -0.00013054689, -2.0663227e-05, 3.3588578e-05, 0.00014034525, 0.0002451089, 0.0002966368, 0.00039872655, 0.0004983398, 0.000547135, 0.000643233, 0.0007346889, 0.00081918016, 0.00085854257, 0.0009302346, 0.0009898018, 0.0010152073, 0.0010578608, 0.0010920124, 0.0011189622, 0.0011292766, 0.0011455377, 0.0011573167, 0.0011621104, 0.0011689031, 0.0011705497, 0.001164722, 0.0011586563, 0.0011396861, 0.0011104546, 0.0010924352, 0.0010498182, 0.0010016871, 0.0009765958, 0.0009258797, 0.000875451, 0.00082651176, 0.0008037601, 0.00076421164, 0.0007359325, 0.00072649936, 0.00071521377, 0.0007125433, 0.00071607187, 0.00071954256, 0.00072735624, 0.000732375, 0.00073296926, 0.00073007063, 0.00072525494, 0.0007238798, 0.00072549493, 0.00073220505, 0.00073820533, 0.0007382297, 0.00072800077, 0.0007025785, 0.0006848597, 0.0006431641, 0.0005992326, 0.00055815035, 0.00053912314, 0.0005029423, 0.00046527808, 0.00044438173, 0.0003957409, 0.0003358118, 0.00030109435, 0.0002226297, 0.00013355784, 3.7285463e-05, -1.2549683e-05, -0.000112969756, -0.00021242756, -0.00026149966, -0.00035669733, -0.000446405, -0.0005301218, -0.0005700929, -0.0006465143, -0.0007183616, -0.00075253, -0.00081739255, -0.00087743765, -0.0009055228, -0.0009573403, -0.0010029421, -0.0010422907, -0.0010597818, -0.0010901574, -0.0011138583, -0.0011231485, -0.0011362431, -0.0011406905, -0.0011365612, -0.0011317784, -0.0011182298, -0.0011048132, -0.0011034119, -0.0011362018, -0.0012556292
0, 0, 0, 0, 0, 0, 0, 0, 0, 0, 0, 0, 0, 0, 0, 0, 0, 0, 0, 0, 0, 0, 0, 0, 0, 0, 0, 0, 0, 0, 0, 0, 0, 0, 0, 0, 0, 0, 0, 0, 0, 0, 0, -0.00090770563, -0.0006699874, -0.00057386205, -0.0004392886, -0.00033817306, -0.0002916229, -0.00019820368, -9.635375e-05, 1.598875e-05, 7.559327e-05, 0.00019904446, 0.00032497977, 0.00038829245, 0.0005157712, 0.00064335624, 0.0007069485, 0.0008343257, 0.00095882296, 0.001078194, 0.0011351814, 0.0012414225, 0.001335014, 0.001376377, 0.0014506121, 0.0015152387, 0.0015700887, 0.001594524, 0.0016380288, 0.0016747938, 0.0016909782, 0.001717524, 0.0017373741, 0.0017522664, 0.0017575299, 0.0017620393, 0.0017549343, 0.001746888, 0.0017226888, 0.0016909008, 0.0016726941, 0.0016311083, 0.0015832274, 0.0015316062, 0.0015055297, 0.0014564489, 0.0014159179, 0.0013999994, 0.0013781122, 0.0013682307, 0.0013687283, 0.0013721415, 0.0013834048, 0.0013955095, 0.0014002413, 0.0014056242, 0.0014059257, 0.0014047306, 0.0013992485, 0.0013869499, 0.0013625361, 0.0013437876, 0.0012903226, 0.001216781, 0.0011741486, 0.0010832733, 0.0009926982, 0.0009074336, 0.00086680806, 0.0007879001, 0.0007095515, 0.0006693553, 0.0005844412, 0.0004904574, 0.00043967465, 0.0003311008, 0.0002151556, 9.4684e-05, 3.416206e-05, -8.520588e-05, -0.00020002495, -0.00025535302, -0.0003612658, -0.00046011474, -0.0005522179, -0.00059614395, -0.0006797427, -0.0007568037, -0.00079269405, -0.0008596057, -0.00092045346, -0.00094864174, -0.0010008451, -0.0010474536, -0.0010878788, -0.0011055752, -0.00113598, -0.0011591798, -0.0011678889, -0.0011793518, -0.0011830954, -0.0011784408, -0.0011729363, -0.0011571535, -0.0011408894, -0.001138392, -0.0011691999, -0.0012879868
0, 0, 0, 0, 0, 0, 0, 0, 0, 0, 0, 0, 0, 0, 0, 0, 0, 0, 0, 0, 0, 0, 0, 0, 0, 0, 0, 0, 0, 0, 0, 0, 0, 0, 0, 0, 0, 0, 0, 0, 0, 0, 0, -0.0007751031, -0.00059120206, -0.000513639, -0.00040069717, -0.0003189234, -0.00028190998, -0.00020609566, -0.000120875586, -2.0845027e-05, 3.430248e-05, 0.00015302289, 0.00027910693, 0.0003441697, 0.00047676297, 0.0006114525, 0.0006795105, 0.00081750506, 0.00095553655, 0.0010919191, 0.0011587193, 0.0012869922, 0.0014038729, 0.0014568205, 0.0015531181, 0.0016369409, 0.0017090201, 0.001740914, 0.00179786, 0.0018472257, 0.0018687589, 0.0019050771, 0.0019323744, 0.0019532463, 0.001961603, 0.001973867, 0.0019758514, 0.0019722916, 0.0019581364, 0.0019378953, 0.0019258908, 0.0018971675, 0.0018606669, 0.0018186921, 0.0017970614, 0.0017565701, 0.0017228338, 0.0017094783, 0.0016908572, 0.0016835163, 0.0016870465, 0.0016922829, 0.001708331, 0.0017261467, 0.0017337379, 0.0017435136, 0.0017444656, 0.0017414828, 0.0017268676, 0.0016981495, 0.001650976, 0.0016194514, 0.0015393308, 0.0014386082, 0.0013826069, 0.0012653768, 0.0011489835, 0.0010387715, 0.0009859831, 0.00088316266, 0.0007815699, 0.00073040323, 0.0006254963, 0.00051421986, 0.00045551936, 0.00033204924, 0.00020300338, 7.128682e-05, 5.469136e-06, -0.0001238969, -0.00024809764, -0.00030787406, -0.00042253727, -0.00052968547, -0.0006287784, -0.0006753589, -0.0007626901, -0.0008415285, -0.00087762065, -0.00094399456, -0.0010038295, -0.001031253, -0.0010811255, -0.0011239292, -0.0011594577, -0.0011744796, -0.0011991881, -0.0012171547, -0.0012233718, -0.0012300616, -0.0012294496, -0.0012208825, -0.0012133642, -0.0011933645, -0.001173498, -0.0011693403, -0.0011967741, -0.0013131347
0, 0, 0, 0, 0, 0, 0, 0, 0, 0, 0, 0, 0, 0, 0, 0, 0, 0, 0, 0, 0, 0, 0, 0, 0, 0, 0, 0, 0, 0, 0, 0, 0, 0, 0, 0, 0, 0, 0, 0, 0, 0, -0.0007803862, -0.0006439739, -0.00050132483, -0.0004413871, -0.00034771062, -0.00027739946, -0.00024596826, -0.00018435462, -0.00011624517, -3.4394045e-05, 1.24032695e-05, 0.00011644939, 0.0002334684, 0.00029522277, 0.00042441854, 0.00055797765, 0.0006265893, 0.0007664265, 0.00090999575, 0.0010549735, 0.0011279726, 0.0012724041, 0.0014098467, 0.0014736989, 0.0015911042, 0.0016935918, 0.0017815027, 0.00182035, 0.0018893989, 0.0019494274, 0.001976156, 0.002021846, 0.0020562839, 0.002082001, 0.002092537, 0.0021094952, 0.0021181721, 0.002119031, 0.002114758, 0.0021063872, 0.00210134, 0.0020879654, 0.00206694, 0.0020395515, 0.0020251914, 0.0019992078, 0.0019794058, 0.001971885, 0.0019623488, 0.001960889, 0.0019689847, 0.0019764695, 0.0019967135, 0.0020187001, 0.0020279398, 0.0020389706, 0.0020363312, 0.0020291111, 0.002001154, 0.0019522122, 0.0018798617, 0.0018346292, 0.0017272418, 0.0016002817, 0.0015314468, 0.0013889238, 0.0012471289, 0.0011116688, 0.0010466465, 0.00092061324, 0.00079770084, 0.0007368775, 0.0006149824, 0.00048928015, 0.00042410716, 0.00028850866, 0.00014764455, 5.2924634e-06, -6.550984e-05, -0.00020491627, -0.0003391084, -0.00040355333, -0.00052644615, -0.0006404831, -0.0007443807, -0.0007925796, -0.0008816957, -0.0009607946, -0.0009968397, -0.0010625952, -0.0011206573, -0.0011466547, -0.0011921488, -0.0012291459, -0.0012581948, -0.0012699629, -0.0012878596, -0.0012987868, -0.0013014652, -0.0013008743, -0.00129272, -0.0012771052, -0.0012661801, -0.0012390998, -0.0012125947, -0.0012051997, -0.0012266975, -0.0013390906
0, 0, 0, 0, 0, 0, 0, 0, 0, 0, 0, 0, 0, 0, 0, 0, 0, 0, 0, 0, 0, 0, 0, 0, 0, 0, 0, 0, 0, 0, 0, 0, 0, 0, 0, 0, 0, 0, 0, 0, 0, -0.0007245774, -0.00060088007, -0.0004751913, -0.00036547292, -0.00031804128, -0.00023765364, -0.00017227966, -0.00014318318, -8.9569425e-05, -3.4856977e-05, 2.9090643e-05, 6.602798e-05, 0.00015166773, 0.00025224837, 0.0003074886, 0.00042527547, 0.0005499259, 0.0006148786, 0.00074912875, 0.00088888593, 0.0010331206, 0.0011071238, 0.001256605, 0.0014041641, 0.0014750927, 0.0016071039, 0.0017244787, 0.0018256105, 0.0018705012, 0.0019501301, 0.0020194312, 0.0020505837, 0.0021044824, 0.0021459141, 0.0021762224, 0.0021884248, 0.0022081833, 0.0022219073, 0.0022263848, 0.0022312885, 0.0022333495, 0.0022342133, 0.002233664, 0.0022275685, 0.002215825, 0.0022095859, 0.002200096, 0.0021960833, 0.0021955657, 0.002196846, 0.0022020459, 0.002213498, 0.002221886, 0.0022420483, 0.0022623974, 0.0022701873, 0.0022756946, 0.0022630612, 0.0022484274, 0.0022014037, 0.0021290118, 0.0020304448, 0.00197195, 0.0018385658, 0.0016875006, 0.0016071226, 0.0014418443, 0.0012770838, 0.0011192174, 0.0010435103, 0.00089825795, 0.0007590256, 0.0006911328, 0.0005569507, 0.0004206415, 0.00035029108, 0.00020501453, 5.4940432e-05, -9.605217e-05, -0.00017089907, -0.00031744307, -0.00045776778, -0.000524899, -0.00065175246, -0.0007678656, -0.00087248173, -0.00092069164, -0.001009236, -0.0010877089, -0.0011232622, -0.0011873653, -0.0012427925, -0.0012669794, -0.0013078593, -0.0013396202, -0.0013631422, -0.0013719527, -0.001383508, -0.0013867874, -0.0013853165, -0.0013762774, -0.0013593889, -0.0013348544, -0.0013194929, -0.0012836666, -0.0012482636, -0.001236663, -0.0012511841, -0.0013597984
0, 0, 0, 0, 0, 0, 0, 0, 0, 0, 0, 0, 0, 0, 0, 0, 0, 0, 0, 0, 0, 0, 0, 0, 0, 0, 0, 0, 0, 0, 0, 0, 0, 0, 0, 0, 0, 0, 0, 0, -0.00029116406, -0.0003406262, -0.0003021164, -0.00021864322, -0.00013965694, -0.00010319217, -3.4849894e-05, 2.6775697e-05, 5.5182853e-05, 0.00010622481, 0.0001535293, 0.00020483606, 0.00023380203, 0.00030190323, 0.0003845386, 0.00043128632, 0.00053340895, 0.00064443605, 0.00070287066, 0.00082593784, 0.000955754, 0.0010918126, 0.0011619722, 0.0013061728, 0.0014518221, 0.0015234749, 0.0016608273, 0.0017867545, 0.0018986324, 0.0019485683, 0.0020381778, 0.0021164312, 0.0021516094, 0.002213074, 0.0022610025, 0.00229645, 0.0023101794, 0.0023329665, 0.0023503061, 0.0023577753, 0.0023693712, 0.0023785636, 0.0023826894, 0.0023896692, 0.0023933465, 0.0023939917, 0.0023944268, 0.0023985112, 0.002406812, 0.0024116875, 0.0024200135, 0.00242763, 0.0024373843, 0.0024434652, 0.0024562958, 0.0024658665, 0.0024674172, 0.0024586185, 0.0024279107, 0.002402738, 0.0023313125, 0.0022325374, 0.0021082964, 0.0020375068, 0.0018814229, 0.0017097379, 0.0016195218, 0.0014350401, 0.0012515587, 0.0010758698, 0.0009919436, 0.0008324606, 0.00068206235, 0.000609369, 0.00046675807, 0.00032325508, 0.00024959128, 9.833995e-05, -5.602768e-05, -0.00020986004, -0.00028556932, -0.0004328858, -0.0005725983, -0.0006388733, -0.00076317135, -0.00087619346, -0.0009776362, -0.0010243264, -0.0011100561, -0.0011859874, -0.001220085, -0.001281007, -0.0013325821, -0.0013547882, -0.0013917839, -0.0014197135, -0.0014390069, -0.0014452162, -0.0014508044, -0.0014474008, -0.0014425385, -0.0014264989, -0.0014023476, -0.0013699657, -0.0013506976, -0.0013073912, -0.0012651157, -0.0012504716, -0.0012603841, -0.0013671323
0, 0, 0, 0, 0, 0, 0, 0, 0, 0, 0, 0, 0, 0, 0, 0, 0, 0, 0, 0, 0, 0, 0, 0, 0, 0, 0, 0, 0, 0, 0, 0, 0, 0, 0, 0, 0, 0, 0, 0.0004308155, 0.00016112952, 8.46202e-05, 7.8249745e-05, 0.00012979834, 0.00018634081, 0.00021449414, 0.00027111688, 0.00032799452, 0.00035553623, 0.0004068869, 0.00045266678, 0.00049849803, 0.0005232035, 0.0005791001, 0.00064639014, 0.00068464456, 0.0007702831, 0.00086564204, 0.0009166695, 0.001025495, 0.001141584, 0.0012648075, 0.0013287951, 0.0014612502, 0.0015968661, 0.0016649432, 0.0017988847, 0.0019276766, 0.0020464824, 0.0021013364, 0.0022013858, 0.0022891592, 0.002328407, 0.0023972292, 0.0024514208, 0.0024922849, 0.002508729, 0.002535664, 0.0025570064, 0.0025660081, 0.0025816842, 0.0025941392, 0.002598927, 0.0026065651, 0.0026124017, 0.002618431, 0.002622233, 0.0026330603, 0.0026461608, 0.0026521026, 0.0026601336, 0.0026626186, 0.0026628904, 0.0026628203, 0.002660826, 0.0026518195, 0.0026425845, 0.0026104504, 0.0025545054, 0.0025162231, 0.0024178417, 0.002292548, 0.0021445523, 0.0020633996, 0.0018887165, 0.0017004039, 0.0016023369, 0.0014015408, 0.0012022933, 0.0010120899, 0.00092198927, 0.0007517002, 0.00059343886, 0.0005177936, 0.00037061961, 0.00022436032, 0.00015003397, -9.3610356e-07, -0.00015254146, -0.00030126746, -0.00037390454, -0.0005145038, -0.0006469551, -0.00070944004, -0.0008261246, -0.0009319587, -0.0010273284, -0.0010710071, -0.0011511055, -0.001221471, -0.0012529384, -0.0013086917, -0.001355479, -0.0013754382, -0.0014082756, -0.0014320568, -0.001447385, -0.0014515603, -0.0014530474, -0.001446078, -0.0014397362, -0.0014212611, -0.0013942582, -0.0013589988, -0.001338629, -0.0012941381, -0.0012516787, -0.0012372644, -0.0012482523, -0.0013563898
0, 0, 0, 0, 0, 0, 0, 0, 0, 0, 0, 0, 0, 0, 0, 0, 0, 0, 0, 0, 0, 0, 0, 0, 0, 0, 0, 0, 0, 0, 0, 0, 0, 0, 0, 0, 0, 0, 0.0007177788, 0.00054599997, 0.0004439671, 0.0004307435, 0.00046134045, 0.00051626493, 0.0005699143, 0.0005954752, 0.0006477358, 0.0007027931, 0.00073079066, 0.0007850418, 0.00083533354, 0.0008829903, 0.0009073506, 0.000958294, 0.0010158329, 0.001048119, 0.0011195564, 0.0012000042, 0.0012437655, 0.0013385717, 0.0014407964, 0.0015498985, 0.0016066441, 0.0017246674, 0.0018467978, 0.0019089461, 0.0020348106, 0.0021618453, 0.0022853564, 0.0023439503, 0.002453334, 0.0025510292, 0.0025948563, 0.0026708513, 0.0027320369, 0.0027803353, 0.0028005962, 0.0028340085, 0.002859773, 0.002870189, 0.0028873626, 0.0028991897, 0.0029027057, 0.00290583, 0.0029070193, 0.0029100021, 0.002912987, 0.0029216933, 0.0029306237, 0.002933422, 0.00293251, 0.0029226784, 0.0029073704, 0.002898281, 0.0028765665, 0.002844476, 0.002822155, 0.002761716, 0.0026769347, 0.0026244707, 0.0024998623, 0.0023514277, 0.0021839014, 0.0020941917, 0.0019043993, 0.0017019443, 0.0015966361, 0.0013812092, 0.0011671426, 0.0009639334, 0.00086847023, 0.00069022627, 0.0005272323, 0.0004502877, 0.00030264354, 0.00015892944, 8.698673e-05, -5.7226756e-05, -0.00019998023, -0.00033815307, -0.0004052894, -0.00053477957, -0.00065668375, -0.0007141258, -0.0008211708, -0.00091763004, -0.0010043622, -0.0010440015, -0.0011159504, -0.0011783714, -0.0012062817, -0.0012553224, -0.0012958456, -0.0013128851, -0.0013407767, -0.0013603368, -0.0013729581, -0.0013764898, -0.0013780363, -0.0013727186, -0.0013677066, -0.0013526002, -0.001330045, -0.001300158, -0.0012829595, -0.0012457771, -0.0012112311, -0.0012008451, -0.0012190355, -0.0013323135
0, 0, 0, 0, 0, 0, 0, 0, 0, 0, 0, 0, 0, 0, 0, 0, 0, 0, 0, 0, 0, 0, 0, 0, 0, 0, 0, 0, 0, 0, 0, 0, 0, 0, 0, 0, 0, 0.00030919458, 0.00038687265, 0.000489856, 0.0005868707, 0.0006396572, 0.00074614707, 0.000840226, 0.0009176279, 0.0009514254, 0.0010157984, 0.0010798085, 0.0011118114, 0.0011757008, 0.0012366347, 0.0012946142, 0.0013230481, 0.0013780982, 0.0014343109, 0.0014638276, 0.0015270947, 0.0015976449, 0.0016361766, 0.0017199153, 0.0018114389, 0.0019093095, 0.0019601844, 0.0020657242, 0.002175233, 0.0022316372, 0.0023484414, 0.002470999, 0.0025957236, 0.0026569692, 0.0027736824, 0.0028798422, 0.0029281233, 0.003012669, 0.003082095, 0.003139929, 0.0031650006, 0.0032080237, 0.0032403737, 0.003252421, 0.0032692694, 0.0032780175, 0.0032790739, 0.003275981, 0.0032685562, 0.003262076, 0.0032601831, 0.003258822, 0.003256072, 0.0032523961, 0.0032371734, 0.0032110359, 0.0031771497, 0.003158273, 0.0031152468, 0.0030589257, 0.0030234389, 0.0029347737, 0.00282171, 0.0027561616, 0.002608971, 0.002442959, 0.0022609802, 0.0021647513, 0.0019618508, 0.0017460751, 0.0016338774, 0.0014044523, 0.0011768641, 0.0009625988, 0.0008629109, 0.000679513, 0.00051527703, 0.00043869612, 0.00029351754, 0.00015493375, 8.670297e-05, -4.8466347e-05, -0.00018110096, -0.0003087936, -0.00037071938, -0.00049027655, -0.0006026152, -0.0006554358, -0.00075327343, -0.000840781, -0.0009187259, -0.0009542335, -0.001017984, -0.0010724565, -0.0010963752, -0.0011384827, -0.0011727096, -0.0011871455, -0.0012113688, -0.0012299935, -0.001243774, -0.0012489291, -0.0012555211, -0.0012574432, -0.0012566707, -0.0012509247, -0.0012394384, -0.0012220045, -0.0012111791, -0.0011867699, -0.0011646678, -0.0011600355, -0.0011886351, -0.001309159
0, 0, 0, 0, 0, 0, 0, 0, 0, 0, 0, 0, 0, 0, 0, 0, 0, 0, 0, 0, 0, 0, 0, 0, 0, 0, 0, 0, 0, 0, 0, 0, 0, 0, 0, 0, 0, -1.2877208e-05, 0.0001066343, 0.00033564106, 0.0005530187, 0.0006553736, 0.00083958526, 0.0009928911, 0.001116694, 0.0011705192, 0.0012669101, 0.0013551419, 0.0013984862, 0.0014827077, 0.0015636146, 0.001640331, 0.0016769598, 0.0017464506, 0.0018115187, 0.0018439167, 0.0019094916, 0.0019786465, 0.0020162782, 0.002096886, 0.0021842807, 0.002276982, 0.002325248, 0.0024248383, 0.002527773, 0.0025805908, 0.002690697, 0.0028082703, 0.00293163, 0.002993294, 0.0031140842, 0.0032268693, 0.0032791921, 0.0033729898, 0.0034529003, 0.0035218762, 0.0035531723, 0.0036083332, 0.003649311, 0.003663655, 0.0036813954, 0.0036873184, 0.0036866674, 0.003678089, 0.0036621683, 0.0036436468, 0.003634814, 0.0036185407, 0.0036000006, 0.0035881586, 0.003556504, 0.0035133867, 0.003460889, 0.0034323342, 0.003368451, 0.0032899454, 0.0032425995, 0.0031294783, 0.0029931155, 0.0029172779, 0.0027536235, 0.0025760746, 0.0023848873, 0.0022839461, 0.0020707333, 0.0018427562, 0.0017242982, 0.001483116, 0.0012452846, 0.0010235445, 0.00092119526, 0.0007350676, 0.0005704519, 0.00049433345, 0.0003507416, 0.00021499755, 0.00014894035, 1.8628818e-05, -0.00010818809, -0.00023064016, -0.0002900812, -0.0004047586, -0.0005122751, -0.00056252675, -0.0006551115, -0.00073741184, -0.0008101303, -0.00084288314, -0.0009011182, -0.00095044664, -0.0009720793, -0.0010103914, -0.0010428132, -0.0010572174, -0.0010831053, -0.001106125, -0.0011260742, -0.0011350396, -0.0011504255, -0.001162615, -0.0011673261, -0.0011732834, -0.0011742406, -0.0011694457, -0.001164747, -0.0011517433, -0.0011397803, -0.0011396706, -0.0011760294, -0.0013017872
0, 0, 0, 0, 0, 0, 0, 0, 0, 0, 0, 0, 0, 0, 0, 0, 0, 0, 0, 0, 0, 0, 0, 0, 0, 0, 0, 0, 0, 0, 0, 0, 0, 0, 0, 0, -0.00066349586, -0.00031514687, -0.00017221489, 9.1928734e-05, 0.00034846397, 0.00047235348, 0.0007058568, 0.00091069227, 0.001086575, 0.001164788, 0.001305684, 0.0014318443, 0.0014915578, 0.0016065021, 0.0017160672, 0.0018200381, 0.0018695488, 0.0019622757, 0.0020483073, 0.0020890099, 0.0021691981, 0.0022501103, 0.0022921064, 0.002380304, 0.0024733113, 0.002569991, 0.0026193988, 0.0027211083, 0.002825332, 0.002878389, 0.0029877839, 0.0031032567, 0.003224584, 0.003286356, 0.0034085242, 0.003525652, 0.0035811483, 0.0036837875, 0.0037747207, 0.0038566303, 0.0038948536, 0.003963433, 0.004015792, 0.004034032, 0.0040558637, 0.0040628933, 0.0040619755, 0.004051759, 0.0040306137, 0.004001981, 0.003986349, 0.003954239, 0.003919037, 0.0038986977, 0.0038506943, 0.003791781, 0.0037231958, 0.0036858765, 0.0036041862, 0.0035071403, 0.003450703, 0.0033203098, 0.0031688584, 0.0030872573, 0.0029149123, 0.0027318795, 0.0025364154, 0.0024327869, 0.002212735, 0.001976241, 0.0018533116, 0.0016042304, 0.0013606692, 0.0011346315, 0.0010306075, 0.00084121537, 0.00067311875, 0.0005952753, 0.00044820548, 0.00030949255, 0.00024221481, 0.00010988585, -1.8807661e-05, -0.00014366802, -0.00020449837, -0.00032199538, -0.00043170044, -0.00048260923, -0.0005762789, -0.0006594765, -0.00073293917, -0.00076585414, -0.00082445407, -0.00087549543, -0.0008986141, -0.00094087917, -0.0009791888, -0.0009971366, -0.0010310723, -0.0010625798, -0.0010912188, -0.0011043786, -0.0011280228, -0.001148159, -0.0011566426, -0.0011692104, -0.0011761145, -0.0011764017, -0.0011738248, -0.0011636914, -0.0011532308, -0.0011536721, -0.0011903055, -0.0013163369
0, 0, 0, 0, 0, 0, 0, 0, 0, 0, 0, 0, 0, 0, 0, 0, 0, 0, 0, 0, 0, 0, 0, 0, 0, 0, 0, 0, 0, 0, 0, 0, 0, 0, -0.002521517, -0.0022208872, -0.0011779782, -0.0006501784, -0.0004952536, -0.00023870739, 6.76179e-06, 0.00012976969, 0.0003727621, 0.00060291437, 0.0008146325, 0.0009131685, 0.0010950809, 0.0012613666, 0.0013396542, 0.0014892973, 0.0016311846, 0.0017655543, 0.0018301643, 0.0019526584, 0.002066774, 0.0021212667, 0.002226388, 0.0023295786, 0.0023811948, 0.002487184, 0.0025950975, 0.002705009, 0.0027603735, 0.0028723893, 0.0029849373, 0.0030416045, 0.0031563214, 0.0032742948, 0.0033952089, 0.0034564943, 0.0035792517, 0.0036991902, 0.0037571776, 0.0038668872, 0.003967958, 0.004061972, 0.0041068424, 0.0041892286, 0.0042548683, 0.0042793695, 0.004310923, 0.0043246755, 0.0043261945, 0.0043193153, 0.004298074, 0.004263973, 0.004243718, 0.004199238, 0.004150297, 0.004123175, 0.004061622, 0.003990451, 0.003910495, 0.0038672287, 0.0037733717, 0.0036648966, 0.0036032954, 0.0034642937, 0.0033079607, 0.0032252306, 0.0030528833, 0.0028708435, 0.0026752255, 0.0025708138, 0.002347498, 0.0021070905, 0.001982172, 0.001729614, 0.0014828296, 0.0012530019, 0.0011466655, 0.00095113384, 0.0007749976, 0.00069267314, 0.00053681, 0.00038936033, 0.00031768164, 0.00017692303, 3.8838774e-05, -9.562674e-05, -0.00016131066, -0.0002882112, -0.00040641852, -0.00046117793, -0.00056222914, -0.00065314275, -0.0007345964, -0.0007716986, -0.0008395273, -0.00090109877, -0.00093000405, -0.0009844424, -0.0010346666, -0.001058315, -0.0011024647, -0.001142313, -0.0011766963, -0.001191762, -0.0012175369, -0.0012373372, -0.001244718, -0.0012538509, -0.0012554253, -0.0012489567, -0.0012424497, -0.001223618, -0.0012038985, -0.0011997735, -0.0012282856, -0.0013497133
0, 0, 0, 0, 0, 0, 0, 0, 0, 0, 0, 0, 0, 0, 0, 0, 0, 0, 0, 0, 0, 0, 0, 0, 0, 0, 0, 0, 0, 0, 0, 0, 0, 0, -0.0018426932, -0.0017116945, -0.0012840402, -0.00095499615, -0.0008353337, -0.00062533055, -0.00041658868, -0.0003082865, -8.5560474e-05, 0.00014012604, 0.00036169565, 0.00046950614, 0.000676453, 0.00087125594, 0.0009646319, 0.001143674, 0.0013139396, 0.0014771407, 0.0015552494, 0.0017066749, 0.0018494073, 0.001918262, 0.0020515174, 0.0021806108, 0.0022452981, 0.0023738823, 0.0025026926, 0.002631148, 0.0026948208, 0.0028222576, 0.0029484213, 0.0030105812, 0.0031336718, 0.0032560278, 0.0033779745, 0.0034390127, 0.0035610886, 0.0036820506, 0.00374137, 0.0038555593, 0.0039630095, 0.004066249, 0.004116313, 0.004211221, 0.0042917174, 0.004323915, 0.0043703737, 0.0043965275, 0.0044034123, 0.004404955, 0.004389039, 0.0043565887, 0.004335533, 0.0042867195, 0.00423113, 0.00420041, 0.0041318936, 0.0040543154, 0.003969222, 0.0039239945, 0.0038262187, 0.0037149712, 0.0036529826, 0.0035153213, 0.0033630012, 0.0032831635, 0.0031173443, 0.0029408506, 0.0027478724, 0.00264409, 0.0024207958, 0.002180237, 0.0020554226, 0.0018026737, 0.0015541018, 0.0013199444, 0.0012103552, 0.001006407, 0.0008196659, 0.0007316846, 0.0005641962, 0.00040535384, 0.00032800031, 0.00017547864, 2.4833882e-05, -0.00012273334, -0.00019460193, -0.00033317582, -0.0004628403, -0.0005238067, -0.00063767267, -0.0007421046, -0.00083848555, -0.0008836299, -0.00096819684, -0.0010464325, -0.0010834825, -0.001152782, -0.0012151869, -0.0012436757, -0.0012946659, -0.0013370451, -0.001370124, -0.0013830103, -0.0014020493, -0.0014118968, -0.001413198, -0.0014089434, -0.001395347, -0.0013721125, -0.0013567177, -0.0013200231, -0.0012827934, -0.0012702649, -0.001284345, -0.0013973925
0, 0, 0, 0, 0, 0, 0, 0, 0, 0, 0, 0, 0, 0, 0, 0, 0, 0, 0, 0, 0, 0, 0, 0, 0, 0, 0, 0, 0, 0, 0, 0, 0, -0.002829744, -0.0020071354, -0.0017295182, -0.0014244121, -0.0012374463, -0.0011591293, -0.0010057647, -0.0008424803, -0.0007549943, -0.0005689347, -0.00036993192, -0.00016208265, -5.6248966e-05, 0.00015397895, 0.00035996566, 0.00046047207, 0.00065551756, 0.00084367755, 0.0010257474, 0.0011142932, 0.001286593, 0.0014516839, 0.0015318261, 0.0016877817, 0.0018385593, 0.001913033, 0.002062022, 0.0022098436, 0.0023557444, 0.0024279621, 0.0025709765, 0.0027107215, 0.0027783639, 0.0029093805, 0.0030349395, 0.0031565358, 0.0032162291, 0.0033351048, 0.0034533287, 0.003511926, 0.0036260027, 0.003735919, 0.0038431636, 0.0038964122, 0.004000245, 0.0040939795, 0.0041343616, 0.0041985847, 0.0042414176, 0.0042553903, 0.004269818, 0.004264825, 0.004240902, 0.0042229835, 0.0041790754, 0.0041262982, 0.004096581, 0.0040293364, 0.003952482, 0.0038684616, 0.0038242706, 0.0037292307, 0.0036226476, 0.0035637824, 0.0034339768, 0.0032908882, 0.0032155884, 0.0030579926, 0.002888188, 0.002699886, 0.0025977856, 0.0023780593, 0.0021412633, 0.0020186466, 0.0017692614, 0.0015215585, 0.0012840665, 0.0011714658, 0.0009599117, 0.00076401234, 0.00067115953, 0.0004939982, 0.00032584157, 0.0002439003, 8.193075e-05, -7.868184e-05, -0.00023646963, -0.00031341004, -0.0004623608, -0.00060365297, -0.0006712573, -0.00080020487, -0.0009218676, -0.001036187, -0.0010906335, -0.0011929884, -0.001287171, -0.0013310715, -0.0014110253, -0.0014800364, -0.0015099469, -0.0015604568, -0.0015979359, -0.0016228375, -0.0016304943, -0.0016369729, -0.0016320776, -0.0016254392, -0.0016033938, -0.0015702989, -0.0015263956, -0.0015003524, -0.0014417658, -0.0013829685, -0.0013600698, -0.0013556776, -0.00145775
0, 0, 0, 0, 0, 0, 0, 0, 0, 0, 0, 0, 0, 0, 0, 0, 0, 0, 0, 0, 0, 0, 0, 0, 0, 0, 0, 0, 0, 0, 0, 0, -0.002862912, -0.0023387074, -0.0018700543, -0.001707971, -0.0015289276, -0.0014308229, -0.0013863759, -0.0012875716, -0.0011714627, -0.0011063968, -0.00096319895, -0.00080245174, -0.0006247047, -0.0005302733, -0.00033579697, -0.00013759584, -3.867888e-05, 0.00015645308, 0.00034749854, 0.0005354356, 0.00062813924, 0.0008100973, 0.0009869381, 0.0010730055, 0.0012406551, 0.0014027931, 0.0014825921, 0.0016410666, 0.0017982171, 0.0019532659, 0.0020304203, 0.0021829407, 0.002330279, 0.0024011023, 0.0025355686, 0.002660675, 0.0027781106, 0.0028348044, 0.0029459884, 0.0030566882, 0.0031118444, 0.003220851, 0.0033277369, 0.0034340383, 0.0034875425, 0.0035954544, 0.0036975718, 0.0037440856, 0.0038238654, 0.0038836363, 0.0039060288, 0.0039362325, 0.0039463234, 0.0039363857, 0.0039249766, 0.0038923454, 0.003849201, 0.0038236612, 0.0037636461, 0.0036919047, 0.0036111702, 0.003567978, 0.0034764684, 0.003375285, 0.0033197366, 0.003198391, 0.0030636746, 0.0029921522, 0.0028410857, 0.0026771165, 0.002495298, 0.00239676, 0.00218548, 0.0019583937, 0.0018405739, 0.0015993497, 0.0013564714, 0.0011197502, 0.0010062837, 0.00079151447, 0.00059236906, 0.0004979458, 0.0003184161, 0.00014813636, 6.510418e-05, -9.915655e-05, -0.00026248125, -0.00042350846, -0.0005028357, -0.0006581438, -0.0008082673, -0.0008813591, -0.0010234775, -0.0011598859, -0.0012883365, -0.0013490604, -0.0014625634, -0.0015648212, -0.0016112581, -0.0016933306, -0.0017602188, -0.0017879768, -0.0018316645, -0.0018604873, -0.0018752842, -0.0018776478, -0.0018723665, -0.001853951, -0.0018399556, -0.0018022435, -0.0017512704, -0.0016876936, -0.0016515772, -0.0015719756, -0.0014913831, -0.0014577431, -0.0014337696, -0.0015233395
0, 0, 0, 0, 0, 0, 0, 0, 0, 0, 0, 0, 0, 0, 0, 0, 0, 0, 0, 0, 0, 0, 0, 0, 0, 0, 0, 0, 0, 0, 0, 0, -0.0015747261, -0.0015801721, -0.0014896729, -0.001458763, -0.0014336732, -0.0014223526, -0.001410929, -0.0013682725, -0.0013005654, -0.0012583807, -0.001159571, -0.0010409821, -0.00090127584, -0.0008242214, -0.0006589383, -0.00048291378, -0.00039319374, -0.00021271572, -3.3015218e-05, 0.00014654838, 0.00023635397, 0.00041528803, 0.0005918676, 0.00067851145, 0.0008459065, 0.0010067435, 0.001085385, 0.001240178, 0.0013934175, 0.0015438468, 0.0016192091, 0.0017688693, 0.0019137069, 0.0019830707, 0.0021140124, 0.0022336815, 0.002342925, 0.002394292, 0.0024933496, 0.0025911613, 0.0026403554, 0.0027390374, 0.0028381161, 0.0029394147, 0.0029914188, 0.003097124, 0.0032010193, 0.0032499668, 0.0033380685, 0.0034102707, 0.003440047, 0.0034856272, 0.003512156, 0.0035180359, 0.003513692, 0.0034931558, 0.0034593975, 0.0034375715, 0.0033827908, 0.0033128527, 0.003230574, 0.0031860073, 0.003091439, 0.0029891562, 0.0029341849, 0.0028154484, 0.0026840183, 0.0026139554, 0.0024664148, 0.0023077945, 0.0021349888, 0.0020425182, 0.0018457323, 0.0016348278, 0.0015247898, 0.0012973273, 0.0010647702, 0.00083551323, 0.00072506146, 0.00051572645, 0.00032298276, 0.00023234174, 6.0829298e-05, -0.00010097973, -0.00017997573, -0.00033667652, -0.00049374474, -0.00065028685, -0.00072822336, -0.0008831633, -0.0010361696, -0.0011114222, -0.0012586917, -0.0013998223, -0.00153121, -0.0015922444, -0.0017046886, -0.0018031338, -0.0018466667, -0.0019214032, -0.00197959, -0.0020029538, -0.0020385757, -0.0020595412, -0.0020668346, -0.0020653252, -0.0020516142, -0.00202332, -0.0020036767, -0.001953859, -0.001889177, -0.0018099356, -0.0017655916, -0.0016697657, -0.0015726024, -0.0015305943, -0.0014913259, -0.0015695472
0, 0, 0, 0, 0, 0, 0, 0, 0, 0, 0, 0, 0, 0, 0, 0, 0, 0, 0, 0, 0, 0, 0, 0, 0, 0, 0, 0, 0, 0, 0.00041769395, 0.00019449208, -0.0004773293, -0.00072961056, -0.0008746149, -0.00093652896, -0.0010462857, -0.001125008, -0.0011492351, -0.0011678681, -0.0011516912, -0.0011324916, -0.0010773129, -0.0009995581, -0.0008998844, -0.0008417452, -0.0007111358, -0.00056613405, -0.0004900171, -0.00033442743, -0.00017618465, -1.5848947e-05, 6.4876025e-05, 0.00022827112, 0.00039220718, 0.00047336105, 0.00063055736, 0.0007792041, 0.00085061556, 0.0009897983, 0.0011247693, 0.0012573681, 0.0013236298, 0.0014567116, 0.0015874741, 0.0016501, 0.0017689136, 0.0018777618, 0.001975288, 0.0020202582, 0.002104076, 0.0021851715, 0.0022259234, 0.0023095405, 0.002396684, 0.0024886932, 0.002536696, 0.0026352773, 0.0027337237, 0.002780895, 0.0028681585, 0.0029435782, 0.0029763207, 0.0030306939, 0.0030675407, 0.0030844526, 0.0030847741, 0.0030704488, 0.003037855, 0.003015015, 0.002955241, 0.0028763653, 0.0027818568, 0.0027307107, 0.0026235676, 0.0025103276, 0.002451189, 0.00232637, 0.0021918889, 0.002121226, 0.0019747617, 0.0018223556, 0.0016621351, 0.0015780838, 0.0014012855, 0.0012118979, 0.0011121521, 0.0009037106, 0.00068775367, 0.00047407855, 0.00037144704, 0.00017890445, 4.2428637e-06, -7.693575e-05, -0.00022920704, -0.00037191767, -0.00044171064, -0.0005817135, -0.00072399195, -0.0008675924, -0.0009398956, -0.0010855141, -0.0012306143, -0.0013020813, -0.001440721, -0.0015710518, -0.0016893815, -0.0017433575, -0.0018406664, -0.0019237059, -0.001959769, -0.0020205982, -0.002067274, -0.0020857372, -0.0021134245, -0.002127703, -0.0021283072, -0.0021234164, -0.0021025473, -0.0020662881, -0.002042404, -0.0019832912, -0.0019099214, -0.0018226965, -0.0017745151, -0.0016726042, -0.0015710508, -0.0015273235, -0.0014846927, -0.0015586086
0, 0, 0, 0, 0, 0, 0, 0, 0, 0, 0, 0, 0, 0, 0, 0, 0, 0, 0, 0, 0, 0, 0, 0, 0, 0, 0, 0, 0, 0.0016685372, 0.0010197748, 0.0007571588, 0.00036963148, 0.00011633374, -0.000100659236, -0.0002028338, -0.00038893506, -0.0005362754, -0.0005924791, -0.00066857575, -0.00070189475, -0.00070510124, -0.0006893027, -0.00064821885, -0.0005841214, -0.0005434974, -0.00044717622, -0.0003340058, -0.000272846, -0.00014480733, -1.2251943e-05, 0.00012331428, 0.00019232192, 0.00033227255, 0.00047489136, 0.00054615136, 0.0006845543, 0.00081323786, 0.00087414536, 0.0009896469, 0.0010987241, 0.0012046392, 0.0012574375, 0.0013641038, 0.0014702604, 0.0015219795, 0.0016206182, 0.001712451, 0.0017948585, 0.0018322166, 0.0018999887, 0.001962532, 0.001994046, 0.002059146, 0.0021288495, 0.002205076, 0.0022456003, 0.0023304082, 0.0024159127, 0.0024568823, 0.0025328833, 0.002599306, 0.0026284056, 0.0026775794, 0.0027112311, 0.0027254808, 0.0027242338, 0.0027032888, 0.0026585856, 0.0026274852, 0.0025478275, 0.0024459595, 0.0023275802, 0.002264572, 0.0021352088, 0.0020037342, 0.0019369175, 0.0018000697, 0.0016588656, 0.0015867423, 0.0014417958, 0.00129826, 0.0011536813, 0.0010798507, 0.0009260283, 0.00076078274, 0.0006729545, 0.00048743398, 0.0002945185, 0.000104979175, 1.5377625e-05, -0.00014987607, -0.00029650202, -0.000363644, -0.00048782767, -0.0006038316, -0.0006608451, -0.00077653397, -0.000895742, -0.0010174004, -0.0010791495, -0.0012031442, -0.0013262039, -0.0013859579, -0.0014994313, -0.001601935, -0.0016918083, -0.0017321118, -0.0018031492, -0.0018628921, -0.0018886224, -0.0019316917, -0.0019641449, -0.0019766716, -0.0019933681, -0.0019979079, -0.001988971, -0.0019794693, -0.0019500228, -0.0019067461, -0.001880119, -0.0018176574, -0.0017446142, -0.0016624894, -0.0016185743, -0.0015280136, -0.0014416943, -0.0014065951, -0.0013800365, -0.0014624568
0, 0, 0, 0, 0, 0, 0, 0, 0, 0, 0, 0, 0, 0, 0, 0, 0, 0, 0, 0, 0, 0, 0, 0, 0, 0, 0, 0, 0, 0.0012818341, 0.0011888949, 0.0011299362, 0.0010146708, 0.0008758182, 0.00070151256, 0.000605486, 0.00041280227, 0.00024118272, 0.00016886083, 5.6677465e-05, -1.2873059e-05, -3.2630123e-05, -4.7641173e-05, -3.46655e-05, 3.4763646e-06, 3.0893785e-05, 0.00010059025, 0.00018813253, 0.00023707403, 0.00034168203, 0.0004519653, 0.0005652332, 0.00062332867, 0.0007403987, 0.00085967995, 0.0009194955, 0.0010366078, 0.0011441145, 0.0011937581, 0.0012854855, 0.0013687037, 0.0014471728, 0.0014860614, 0.0015635082, 0.0016412925, 0.0016796401, 0.0017532343, 0.0018226722, 0.0018856295, 0.0019138904, 0.0019641405, 0.002008871, 0.0020305524, 0.0020753643, 0.0021228944, 0.0021755693, 0.002204397, 0.0022649993, 0.002326069, 0.0023550787, 0.0024072798, 0.0024498955, 0.0024674172, 0.0024931747, 0.0025052782, 0.0024980318, 0.0024857484, 0.0024407892, 0.0023677757, 0.0023210484, 0.0022086261, 0.0020741022, 0.0019249696, 0.0018480466, 0.0016936347, 0.0015418008, 0.0014668059, 0.001318236, 0.0011713891, 0.0010994044, 0.00095943804, 0.00082692894, 0.0006993693, 0.0006358654, 0.0005050733, 0.0003646976, 0.00028993058, 0.0001315136, -3.25753e-05, -0.00019042328, -0.00026351286, -0.0003947315, -0.00050760893, -0.0005582741, -0.0006508281, -0.00073662086, -0.0007786476, -0.0008643347, -0.0009529246, -0.001043521, -0.0010889571, -0.001178827, -0.0012654249, -0.0013058785, -0.0013795657, -0.0014416785, -0.0014935276, -0.0015162554, -0.0015560206, -0.0015883937, -0.0016016893, -0.0016226518, -0.001636219, -0.0016399693, -0.001640117, -0.0016293878, -0.0016078618, -0.0015932253, -0.0015566417, -0.0015118725, -0.001487109, -0.0014339802, -0.0013775663, -0.0013195724, -0.0012903605, -0.0012333274, -0.0011852554, -0.0011699495, -0.0011807549, -0.0012852958
0, 0, 0, 0, 0, 0, 0, 0, 0, 0, 0, 0, 0, 0, 0, 0, 0, 0, 0, 0, 0, 0, 0, 0, 0, 0, 0, 0.00079701585, 0.00082606275, 0.0009955725, 0.0011908221, 0.001276888, 0.0013936721, 0.0014174217, 0.0013550511, 0.0013000076, 0.0011658382, 0.0010239929, 0.0009580234, 0.000845968, 0.0007671957, 0.0007410025, 0.00071260583, 0.0007127197, 0.000737254, 0.0007581162, 0.0008150696, 0.0008897309, 0.00093246665, 0.001025603, 0.0011247193, 0.0012256306, 0.0012766178, 0.0013786077, 0.0014816452, 0.0015326753, 0.0016332539, 0.0017257071, 0.0017675806, 0.0018432628, 0.0019088675, 0.0019672792, 0.0019950974, 0.0020486864, 0.0021015534, 0.0021270872, 0.0021758096, 0.0022209391, 0.0022619981, 0.002279767, 0.0023108968, 0.0023364364, 0.0023483983, 0.0023720996, 0.0023952038, 0.0024180727, 0.0024302287, 0.0024554837, 0.0024792342, 0.0024890995, 0.0025023927, 0.002505759, 0.0025033078, 0.0024893268, 0.0024608676, 0.0024137294, 0.0023816032, 0.002296949, 0.0021841896, 0.002117486, 0.001966959, 0.0017987789, 0.0016216018, 0.0015328377, 0.0013590244, 0.0011929416, 0.0011124839, 0.0009571806, 0.000809529, 0.0007394119, 0.00060759607, 0.00048812, 0.00037795643, 0.0003241958, 0.00021566419, 0.00010104994, 4.0330942e-05, -8.728065e-05, -0.00021770633, -0.00033999493, -0.00039528392, -0.00049179816, -0.0005714477, -0.00060626055, -0.0006683151, -0.0007237882, -0.00075028697, -0.0008030388, -0.00085592363, -0.0009080261, -0.00093292777, -0.0009800317, -0.0010204926, -0.0010376563, -0.0010649639, -0.0010838497, -0.001096824, -0.0011016368, -0.0011088274, -0.0011118918, -0.001111393, -0.0011065922, -0.0010968203, -0.0010895344, -0.0010699371, -0.0010436559, -0.0010131893, -0.0009969736, -0.00096391333, -0.0009323347, -0.00091784965, -0.0008926614, -0.00087292516, -0.0008589939, -0.0008542154, -0.0008496402, -0.0008568687, -0.000869463, -0.0009314197, -0.0010667336
0, 0, 0, 0, 0, 0, 0, 0, 0, 0, 0, 0, 0, 0, 0, 0, 0, 0, 0, 0, 0, 0, 0, 0, 0, 0, -0.0004909446, 6.2115185e-05, 0.00029482183, 0.0006606748, 0.001006463, 0.0011697927, 0.0014437797, 0.0016202165, 0.0016956665, 0.0017017598, 0.0016683284, 0.0016009645, 0.0015634499, 0.0014915209, 0.0014363156, 0.0014177347, 0.0013995053, 0.0014061487, 0.0014352861, 0.0014580697, 0.0015187882, 0.0015970285, 0.0016413894, 0.0017384863, 0.0018416687, 0.0019447737, 0.0019958687, 0.0020965696, 0.0021952824, 0.0022439666, 0.002339167, 0.0024279074, 0.0024687606, 0.0025416024, 0.0026025474, 0.0026530018, 0.0026752595, 0.0027155061, 0.0027514584, 0.0027675848, 0.0027967698, 0.0028216473, 0.0028426806, 0.0028507109, 0.002861999, 0.0028686211, 0.00287065, 0.0028724626, 0.0028696393, 0.0028599487, 0.0028532217, 0.0028361084, 0.0028128382, 0.0027978995, 0.0027607644, 0.0027130705, 0.0026847904, 0.002620006, 0.0025399907, 0.0024420489, 0.0023853264, 0.002254666, 0.0021004353, 0.0020155292, 0.0018332563, 0.0016409274, 0.0014468577, 0.0013519679, 0.0011701874, 0.0010009755, 0.00092032837, 0.0007670015, 0.0006251723, 0.00055879116, 0.0004375641, 0.00033187156, 0.0002395615, 0.00019610394, 0.00011076415, 2.3426644e-05, -2.2154902e-05, -0.0001170204, -0.0002120975, -0.00029972577, -0.00033860235, -0.00040552177, -0.000458832, -0.000481075, -0.0005177476, -0.0005461817, -0.00055822136, -0.0005788568, -0.0005953394, -0.0006069902, -0.0006108078, -0.0006141362, -0.0006097507, -0.00060516165, -0.0005909014, -0.00057323143, -0.00055372587, -0.00054342154, -0.0005210116, -0.000496209, -0.00048267655, -0.00045350182, -0.00042187402, -0.0004054178, -0.00037251998, -0.00034169608, -0.00031678381, -0.00030744195, -0.00029652662, -0.00029756746, -0.00030285347, -0.00032267516, -0.0003538597, -0.00039508252, -0.0004190084, -0.00047315736, -0.00053948426, -0.0005811969, -0.0006951559, -0.0008618577
0, 0, 0, 0, 0, 0, 0, 0, 0, 0, 0, 0, 0, 0, 0, 0, 0, 0, 0, 0, 0, 0, 0, 0, 0, 0, -0.001046709, -0.0004987838, -0.0002670092, 0.00015371348, 0.0005658781, 0.00076729385, 0.0011359991, 0.0014293997, 0.0016313272, 0.0016996906, 0.0017817941, 0.0018124765, 0.001815621, 0.0018125549, 0.0018090894, 0.0018110924, 0.0018261976, 0.0018583904, 0.0019096909, 0.0019426215, 0.0020229074, 0.0021202213, 0.002174125, 0.0022903848, 0.002410817, 0.0025309478, 0.002589436, 0.0027027756, 0.0028109446, 0.002863467, 0.0029655718, 0.0030630392, 0.0031087345, 0.0031917721, 0.0032614733, 0.0033168932, 0.0033397474, 0.003377688, 0.003407758, 0.0034198156, 0.0034386476, 0.0034519807, 0.0034592461, 0.0034600408, 0.0034554852, 0.0034442854, 0.0034367717, 0.0034172744, 0.0033892728, 0.0033484409, 0.003323298, 0.0032637806, 0.0031918457, 0.0031513788, 0.003061792, 0.002961137, 0.0029068282, 0.0027897041, 0.0026587509, 0.0025122582, 0.0024329168, 0.002263164, 0.0020799607, 0.0019845173, 0.0017888175, 0.0015914463, 0.0013987094, 0.001306283, 0.0011322476, 0.0009727089, 0.000897943, 0.0007571913, 0.0006281213, 0.0005685365, 0.00046116422, 0.00037122247, 0.00029787852, 0.00026550857, 0.00020561802, 0.00014724833, 0.00011716809, 5.480529e-05, -8.680078e-06, -6.794345e-05, -9.475355e-05, -0.00014127936, -0.00017761283, -0.00019171706, -0.00021078388, -0.0002181144, -0.00021834296, -0.00021260869, -0.00019861612, -0.00017704841, -0.00016371676, -0.00013316191, -9.732873e-05, -7.7805074e-05, -3.673968e-05, 4.232132e-06, 4.4965604e-05, 6.543675e-05, 0.0001080305, 0.00015222971, 0.00017435352, 0.00021762123, 0.00025751922, 0.0002751641, 0.00030321715, 0.0003181056, 0.00031680462, 0.0003094209, 0.00028116524, 0.00023455179, 0.00020493439, 0.00013485922, 5.2795644e-05, -3.8766695e-05, -8.7340595e-05, -0.00019029502, -0.00030421335, -0.00036862813, -0.00052343326, -0.0007149948
0, 0, 0, 0, 0, 0, 0, 0, 0, 0, 0, 0, 0, 0, 0, 0, 0, 0, 0, 0, 0, 0, 0, 0, 0, -0.0030688394, -0.0017531428, -0.0011705507, -0.0009566544, -0.00055122457, -0.00013097307, 8.380097e-05, 0.0004992409, 0.00086845073, 0.0011667848, 0.001287101, 0.0014724531, 0.0015986696, 0.0016453747, 0.0017195294, 0.0017815718, 0.0018112087, 0.0018745606, 0.0019472422, 0.0020324504, 0.0020810382, 0.0021902865, 0.0023148984, 0.0023822752, 0.0025252327, 0.0026720732, 0.0028171765, 0.0028883426, 0.0030235029, 0.003150009, 0.0032106945, 0.0033275925, 0.0034394856, 0.00349334, 0.0035934728, 0.0036801472, 0.003749874, 0.0037783044, 0.003823735, 0.0038573819, 0.0038700649, 0.003888626, 0.0038989168, 0.0039006644, 0.0038980066, 0.003883733, 0.0038587735, 0.0038430814, 0.0038046285, 0.003754324, 0.003687559, 0.003647388, 0.0035535004, 0.0034424127, 0.0033808327, 0.0032474666, 0.0031032392, 0.0030278524, 0.0028704558, 0.002702498, 0.0025245806, 0.0024324853, 0.0022453081, 0.0020570508, 0.001963744, 0.0017806551, 0.0016037639, 0.0014352788, 0.0013555258, 0.0012065049, 0.0010716207, 0.001008862, 0.0008913502, 0.00078397884, 0.00073485123, 0.0006476108, 0.0005783609, 0.0005272576, 0.0005073533, 0.00047461587, 0.0004451416, 0.0004296824, 0.00039473345, 0.00035489775, 0.00031354092, 0.00029362526, 0.00025712614, 0.00022818455, 0.00021792448, 0.00020834668, 0.00021312282, 0.00022028694, 0.00024202341, 0.00027307495, 0.00031171416, 0.00033321354, 0.0003784147, 0.00042519308, 0.0004492132, 0.0004968569, 0.0005431683, 0.00058897014, 0.0006120448, 0.00065922213, 0.0007050679, 0.0007263397, 0.0007625829, 0.00078723824, 0.00079393334, 0.00079373206, 0.00077252765, 0.0007296145, 0.0007003405, 0.0006277572, 0.000538012, 0.00048775072, 0.00037922943, 0.00026232688, 0.00013936007, 7.617197e-05, -5.446646e-05, -0.00019406118, -0.00027047432, -0.0004471529, -0.00065388344
0, 0, 0, 0, 0, 0, 0, 0, 0, 0, 0, 0, 0, 0, 0, 0, 0, 0, 0, 0, 0, 0, 0, 0, -0.00408918, -0.0031233102, -0.0023783192, -0.0019375472, -0.0017599358, -0.001402698, -0.0010078758, -0.0007976776, -0.00037096033, 3.6056328e-05, 0.0003957942, 0.00055208657, 0.0008147721, 0.0010184352, 0.0011025957, 0.0012440912, 0.0013651877, 0.0014218464, 0.0015342402, 0.0016488692, 0.0017703508, 0.0018347573, 0.001973046, 0.002123068, 0.0022026487, 0.0023690322, 0.0025403788, 0.002710783, 0.0027935263, 0.0029518153, 0.0030980937, 0.003167028, 0.0032991031, 0.003425032, 0.0034858156, 0.003600984, 0.0037042089, 0.0037895709, 0.0038252366, 0.0038830985, 0.0039257235, 0.0039422465, 0.0039660237, 0.0039793244, 0.003982082, 0.003978647, 0.0039609047, 0.003928388, 0.003906859, 0.003853988, 0.0037864647, 0.0037005986, 0.0036503565, 0.0035358025, 0.0034023244, 0.0033286957, 0.003170558, 0.0030017162, 0.0029149638, 0.0027389375, 0.0025596202, 0.0023785133, 0.0022889876, 0.0021153064, 0.0019522214, 0.0018756482, 0.0017325092, 0.0016010227, 0.0014791497, 0.0014220357, 0.001315667, 0.0012203624, 0.0011762109, 0.0010944448, 0.0010208915, 0.0009875017, 0.00093027204, 0.0008889179, 0.000865193, 0.00085913605, 0.00085367897, 0.0008499416, 0.0008462879, 0.0008310671, 0.00080494746, 0.00077123503, 0.00075336435, 0.00071829936, 0.0006893376, 0.0006790594, 0.0006702428, 0.00067657186, 0.00068446976, 0.0007070456, 0.00073651195, 0.0007710744, 0.0007890482, 0.000824963, 0.00085964904, 0.0008763244, 0.0009085289, 0.00093970774, 0.00097045465, 0.0009859726, 0.001014817, 0.0010373936, 0.0010444109, 0.0010472363, 0.0010323785, 0.0010172587, 0.00097150536, 0.0009049857, 0.0008195419, 0.00077118666, 0.0006648015, 0.0005485349, 0.00048754536, 0.00036192164, 0.00023279477, 0.00010138875, 3.491267e-05, -9.979271e-05, -0.00024090428, -0.00031732497, -0.0004939313, -0.000703984
0, 0, 0, 0, 0, 0, 0, 0, 0, 0, 0, 0, 0, 0, 0, 0, 0, 0, 0, 0, 0, 0, -0.009678761, -0.006921264, -0.0051685106, -0.00364959, -0.0030657458, -0.0027405831, -0.0025993334, -0.00229606, -0.0019412745, -0.0017462702, -0.0013339337, -0.0009177752, -0.000527925, -0.00035028352, -3.7666403e-05, 0.00021907038, 0.00032856758, 0.0005184306, 0.0006816974, 0.0007573699, 0.00090419693, 0.0010485807, 0.001195047, 0.0012697977, 0.0014243852, 0.0015873964, 0.0016720918, 0.0018488709, 0.002031106, 0.002214574, 0.0023040855, 0.0024758424, 0.002634048, 0.0027083138, 0.0028484024, 0.0029808986, 0.0030450404, 0.003167863, 0.00327928, 0.0033741747, 0.0034148078, 0.0034830465, 0.0035339429, 0.0035539283, 0.0035830142, 0.0035998211, 0.0036050382, 0.0036022814, 0.0035843304, 0.0035494908, 0.0035252671, 0.0034650392, 0.0033880484, 0.0032933725, 0.0032394489, 0.0031183744, 0.002980803, 0.002905998, 0.0027461338, 0.0025777046, 0.0024927484, 0.002325105, 0.0021631133, 0.0020102803, 0.0019388027, 0.0018086309, 0.0016981557, 0.0016504098, 0.0015681438, 0.0015001821, 0.001441641, 0.0014147696, 0.0013664049, 0.0013246014, 0.0013060649, 0.0012738802, 0.0012471217, 0.0012362511, 0.0012204625, 0.0012158448, 0.0012241434, 0.0012321541, 0.0012518661, 0.001268587, 0.0012731805, 0.0012699149, 0.0012494508, 0.0012160334, 0.0011968156, 0.001157776, 0.0011238385, 0.0011106975, 0.0010940435, 0.0010895609, 0.0010904174, 0.0010961449, 0.0011041473, 0.0011118329, 0.0011147081, 0.0011178573, 0.0011176928, 0.0011163786, 0.0011121468, 0.0011065304, 0.001100137, 0.0010958262, 0.0010811479, 0.0010543466, 0.0010352526, 0.0009840538, 0.00091507134, 0.0008742065, 0.00078061165, 0.00067446486, 0.0005594086, 0.00049966417, 0.00037748323, 0.00025291866, 0.00019013323, 6.395397e-05, -6.192104e-05, -0.00018576454, -0.00024659422, -0.00036552647, -0.00048485835, -0.00054814253, -0.0006988428, -0.00089574035
0, 0, 0, 0, 0, 0, 0, 0, 0, 0, 0, 0, 0, 0, 0, 0, 0, 0, 0, 0, 0, -0.007377786, -0.0066487086, -0.0055898353, -0.0049056024, -0.0040272614, -0.003639316, -0.0034137117, -0.0033083109, -0.0030663034, -0.0027655514, -0.0025932826, -0.0022157573, -0.0018144957, -0.0014193993, -0.0012330742, -0.00089307205, -0.0006049736, -0.00048021448, -0.0002627445, -7.770276e-05, 6.112028e-06, 0.00016573582, 0.0003179735, 0.00046726607, 0.0005417944, 0.00069174013, 0.0008454675, 0.00092431356, 0.0010883809, 0.0012596344, 0.0014337343, 0.0015199739, 0.0016872876, 0.0018417296, 0.0019141278, 0.0020492757, 0.0021752208, 0.0022359476, 0.0023530398, 0.0024608981, 0.0025549147, 0.0025958247, 0.0026657416, 0.0027187448, 0.0027387799, 0.0027669822, 0.0027821963, 0.0027859956, 0.0027830882, 0.0027651573, 0.0027304129, 0.002706674, 0.0026467685, 0.0025709858, 0.0024795805, 0.0024285247, 0.0023164127, 0.002192481, 0.0021264523, 0.0019869662, 0.0018429809, 0.0017718959, 0.0016375678, 0.0015175671, 0.0014164792, 0.001374318, 0.0013080651, 0.0012663036, 0.0012536114, 0.0012421159, 0.0012444167, 0.0012554879, 0.0012629797, 0.0012816486, 0.0013046707, 0.0013178575, 0.0013464225, 0.0013774717, 0.0013936628, 0.0014279148, 0.0014659226, 0.0015077156, 0.0015294491, 0.0015707178, 0.0016024853, 0.0016122373, 0.0016155749, 0.0015975641, 0.0015624178, 0.001540867, 0.0014953741, 0.0014527114, 0.0014338173, 0.001400763, 0.001372302, 0.0013585023, 0.0013302554, 0.0012987496, 0.0012609645, 0.0012394309, 0.0011911104, 0.001137712, 0.0011096906, 0.001051548, 0.0009908031, 0.00092656567, 0.00089185825, 0.0008147712, 0.00072350434, 0.0006728143, 0.0005624849, 0.00044207374, 0.0003789677, 0.00024893228, 0.0001177676, -1.2339417e-05, -7.677576e-05, -0.00020473932, -0.00033144018, -0.00039431342, -0.00051705306, -0.00063487655, -0.0007424121, -0.0007907031, -0.0008752773, -0.0009466427, -0.0009819925, -0.0010751724, -0.0012362064
0, 0, 0, 0, 0, 0, 0, 0, 0, 0, 0, 0, 0, 0, 0, 0, 0, 0, 0, 0, -0.0035772147, -0.0040155943, -0.00423046, -0.004162867, -0.0040612947, -0.003883376, -0.0037862465, -0.0037065512, -0.0036540134, -0.0035026527, -0.0032810965, -0.0031441604, -0.002824248, -0.0024619543, -0.0020844499, -0.0018991227, -0.00155174, -0.0012480299, -0.0011152569, -0.0008868398, -0.0006982363, -0.0006157153, -0.0004648304, -0.0003271363, -0.00019906585, -0.00013707083, -1.5789046e-05, 0.00010424389, 0.00016532352, 0.000290955, 0.00042388486, 0.00056288624, 0.0006335832, 0.0007719399, 0.0009010784, 0.0009615994, 0.0010731051, 0.0011750004, 0.0012235736, 0.0013171893, 0.0014053241, 0.0014834827, 0.0015179354, 0.0015763032, 0.001619364, 0.0016340945, 0.0016514034, 0.0016565234, 0.0016516985, 0.00164575, 0.0016249144, 0.0015904668, 0.0015683525, 0.0015151141, 0.001450791, 0.0013751306, 0.0013336471, 0.0012446604, 0.0011498233, 0.001100524, 0.0009985483, 0.00089715864, 0.0008492807, 0.0007644252, 0.0007006576, 0.00066077913, 0.0006509116, 0.00065231277, 0.0006798503, 0.0007015607, 0.00075807096, 0.00082679704, 0.0009036257, 0.00094427285, 0.0010302708, 0.0011211217, 0.0011684023, 0.0012625145, 0.0013546094, 0.0013985429, 0.0014825332, 0.001560882, 0.0016333415, 0.00166708, 0.0017259944, 0.0017686252, 0.0017821355, 0.0017910774, 0.0017762843, 0.0017416953, 0.0017189647, 0.001667036, 0.0016115679, 0.001583549, 0.0015260575, 0.0014636763, 0.001429844, 0.0013556461, 0.0012724759, 0.0011785441, 0.0011272415, 0.0010178139, 0.00090198196, 0.00084244076, 0.00072103256, 0.00059578684, 0.0004650273, 0.00039681088, 0.00025369486, 0.000102030426, 2.4094166e-05, -0.00013322012, -0.00028967895, -0.00036681537, -0.0005177306, -0.00066303124, -0.0008042806, -0.00087351154, -0.0010116091, -0.0011466041, -0.0012119475, -0.0013339438, -0.0014387753, -0.0015170295, -0.0015436598, -0.001569045, -0.0015624012, -0.0015537207, -0.0015587602, -0.0016602372
0, 0, 0, 0, 0, 0, 0, 0, 0, 0, 0, 0, 0, 0, 0, 0, 0, 0, 0, -0.00044024322, -0.0013254526, -0.0017393265, -0.0022788278, -0.0026863373, -0.0028534385, -0.0031202557, -0.0033058338, -0.0034109748, -0.003431976, -0.0034104679, -0.0033017555, -0.0032151723, -0.0029829133, -0.002686245, -0.002350339, -0.0021765216, -0.0018388384, -0.0015340024, -0.0013995819, -0.0011696353, -0.0009887192, -0.0009135288, -0.0007854909, -0.00067956373, -0.0005900425, -0.00055005564, -0.00047590476, -0.00040725863, -0.00037357482, -0.0003054993, -0.00023385299, -0.00015326137, -0.00011072901, -2.4872412e-05, 5.7083445e-05, 9.497477e-05, 0.00016310948, 0.00022092776, 0.0002478011, 0.00029875553, 0.00034716428, 0.00039091593, 0.00040992833, 0.00043998472, 0.00045683802, 0.00045906843, 0.00045274638, 0.00043692603, 0.00041557266, 0.00040290007, 0.0003730591, 0.00033642416, 0.00031598972, 0.00027196627, 0.0002248595, 0.00017445779, 0.00014750814, 9.203891e-05, 3.5095924e-05, 7.1950085e-06, -4.802309e-05, -9.86061e-05, -0.00011976791, -0.00014966936, -0.00015841797, -0.00014326723, -0.00012583693, -7.004701e-05, 1.2010315e-05, 6.0920214e-05, 0.00017083889, 0.0002929943, 0.0004239154, 0.00049199536, 0.00063486886, 0.00078505155, 0.0008617724, 0.0010135683, 0.0011576427, 0.0012252717, 0.0013489759, 0.0014582665, 0.0015538576, 0.001596395, 0.0016690603, 0.0017213082, 0.0017384813, 0.0017540817, 0.0017448064, 0.0017132496, 0.0016904747, 0.0016325993, 0.001562339, 0.0015234795, 0.0014375063, 0.0013382171, 0.001282931, 0.0011610707, 0.0010248298, 0.0008747588, 0.0007946983, 0.0006277428, 0.00045386094, 0.0003656559, 0.00018672619, 4.1499356e-06, -0.0001822562, -0.00027720048, -0.00046891224, -0.00065950217, -0.0007531281, -0.0009346719, -0.0011085357, -0.0011927738, -0.0013561818, -0.0015163181, -0.0016760852, -0.0017557063, -0.001912544, -0.002059636, -0.0021262555, -0.0022383432, -0.0023114628, -0.0023342948, -0.0023250363, -0.0022628482, -0.0021535812, -0.0020907677, -0.0019922634, -0.0020223306
0, 0, 0, 0, 0, 0, 0, 0, 0, 0, 0, 0, 0, 0, 0, 0, 0, 0, 0.0019077995, 0.00077349815, 6.4116953e-06, -0.00027245283, -0.00074815616, -0.0012197082, -0.0014526458, -0.0018826015, -0.002234672, -0.002492939, -0.0025863848, -0.002704594, -0.0027289332, -0.0027047577, -0.0025853354, -0.0023805625, -0.0021111912, -0.001961144, -0.0016523143, -0.0013592171, -0.001227065, -0.0010008694, -0.0008302058, -0.0007643494, -0.00066256843, -0.0005932829, -0.0005484589, -0.0005331717, -0.0005118316, -0.00050089, -0.0004978591, -0.00049496867, -0.0004927455, -0.00048450296, -0.0004776305, -0.00045962082, -0.0004401189, -0.0004319471, -0.00042243174, -0.00042269484, -0.00042513825, -0.00043222652, -0.00043965763, -0.00044870048, -0.0004543198, -0.00047007843, -0.0004950118, -0.0005126178, -0.0005557401, -0.00060331385, -0.00065113505, -0.00067454187, -0.0007212417, -0.0007659495, -0.00078666175, -0.00082387595, -0.00085427647, -0.00087875116, -0.00088989804, -0.00091106293, -0.0009294096, -0.00093710946, -0.0009482473, -0.000952911, -0.00095137395, -0.0009368716, -0.0009049589, -0.0008545203, -0.00082151545, -0.0007370011, -0.0006275259, -0.000564463, -0.00042478312, -0.0002710207, -0.00010652616, -2.0528902e-05, 0.00015879149, 0.00034705256, 0.00044257028, 0.000630889, 0.000807387, 0.00088899955, 0.0010361044, 0.0011624566, 0.0012698548, 0.0013175142, 0.0013986888, 0.0014584896, 0.0014791363, 0.0015012776, 0.0014985988, 0.0014716493, 0.0014495268, 0.001388311, 0.0013062492, 0.0012581444, 0.0011475695, 0.0010173575, 0.00094469707, 0.0007854992, 0.0006088824, 0.00041766503, 0.000317921, 0.00011304484, -9.6498006e-05, -0.00020187633, -0.000413446, -0.00062579644, -0.00083818415, -0.0009436952, -0.0011509362, -0.0013491866, -0.0014446963, -0.0016292719, -0.0018087979, -0.0018979796, -0.0020772093, -0.0022602866, -0.002445707, -0.0025370317, -0.002708574, -0.0028520473, -0.002908423, -0.0029800266, -0.002987042, -0.0029221084, -0.002862801, -0.0026957286, -0.002481438, -0.0023690925, -0.0021826446, -0.0021512446
0, 0, 0, 0, 0, 0, 0, 0, 0, 0, 0, 0, 0, 0, 0, 0, 0, 0.0035299312, 0.0025979916, 0.0015651467, 0.0010190939, 0.00082802476, 0.00048605996, 0.00012453109, -6.718115e-05, -0.00045560332, -0.00081884145, -0.0011322284, -0.0012658302, -0.0014815779, -0.0016187279, -0.0016546746, -0.0016530467, -0.0015555322, -0.0013734989, -0.0012574183, -0.0009973757, -0.0007289477, -0.00060279533, -0.00038290265, -0.00021829037, -0.00015702264, -7.262841e-05, -3.127867e-05, -2.2680515e-05, -2.7838878e-05, -5.1825762e-05, -9.001741e-05, -0.00011340576, -0.00016785643, -0.00022832616, -0.00028884708, -0.0003170251, -0.00036788947, -0.00041425033, -0.0004373681, -0.00048880227, -0.0005488872, -0.0005814009, -0.00064941106, -0.0007174153, -0.000786124, -0.0008207909, -0.000892213, -0.00096968707, -0.0010109826, -0.001099085, -0.0011867177, -0.001269345, -0.0013081658, -0.0013792602, -0.0014396405, -0.0014646652, -0.0015030897, -0.0015246464, -0.0015319261, -0.0015317448, -0.001527476, -0.0015179435, -0.0015117276, -0.0014958116, -0.0014741742, -0.0014606548, -0.0014267187, -0.0013817995, -0.0013255851, -0.0012922629, -0.0012117864, -0.0011084423, -0.0010482161, -0.0009113053, -0.00075652485, -0.0005876822, -0.00049870164, -0.00031241163, -0.000117233845, -1.7911712e-05, 0.00017769412, 0.00036067312, 0.0004446593, 0.00059523917, 0.0007227181, 0.0008299261, 0.0008769683, 0.00095811253, 0.001019414, 0.0010418994, 0.0010692965, 0.0010728348, 0.00105194, 0.0010317656, 0.00097242626, 0.00088691374, 0.00083491515, 0.000713009, 0.00056791666, 0.00048760744, 0.00031310672, 0.00012277969, -7.825325e-05, -0.00018109778, -0.00038782414, -0.0005942466, -0.0006970718, -0.00090087263, -0.0011017647, -0.0012978989, -0.0013934819, -0.0015791171, -0.0017571666, -0.0018445795, -0.0020209404, -0.0022050992, -0.0023011153, -0.002502266, -0.002710611, -0.0029143884, -0.0030083365, -0.0031673121, -0.0032702684, -0.0032948377, -0.0032837423, -0.0031886424, -0.00301488, -0.002902514, -0.0026400373, -0.0023523918, -0.0022128534, -0.001988454, -0.0019287332
0, 0, 0, 0, 0, 0, 0, 0, 0, 0, 0, 0, 0, 0, 0, 0, 0.0058042863, 0.003763586, 0.0031285037, 0.0023245753, 0.0018724579, 0.0017121461, 0.0014482238, 0.0012077844, 0.0010867855, 0.0008385968, 0.0005846958, 0.00033368406, 0.00021243114, -1.3336301e-05, -0.00020215803, -0.00027593484, -0.00036688632, -0.00037038457, -0.0002806774, -0.00020499104, -7.5016965e-06, 0.00022355688, 0.0003404802, 0.0005549622, 0.00072277075, 0.0007854769, 0.00086992903, 0.000902965, 0.0008953014, 0.00087939465, 0.0008290459, 0.0007608389, 0.0007213358, 0.0006320907, 0.0005302425, 0.00042179014, 0.00036750277, 0.0002624066, 0.00016201248, 0.00011302225, 1.2717306e-05, -9.362111e-05, -0.0001497174, -0.00026364668, -0.00037989326, -0.0004974012, -0.00055617286, -0.0006753667, -0.00079831807, -0.0008615265, -0.0009906093, -0.0011178917, -0.0012373792, -0.0012926456, -0.0013927118, -0.0014760273, -0.0015093706, -0.001558997, -0.001584772, -0.0015901084, -0.0015868172, -0.0015727774, -0.0015536628, -0.0015432739, -0.0015227386, -0.0015029913, -0.0014929734, -0.0014709682, -0.0014456717, -0.0014165471, -0.0013996951, -0.0013573092, -0.0012971204, -0.0012585773, -0.0011641757, -0.001047874, -0.00091370346, -0.000841136, -0.0006860505, -0.0005205265, -0.00043526432, -0.0002653777, -0.000104318424, -2.9632723e-05, 0.00010446512, 0.00021736007, 0.00031122792, 0.00035196127, 0.0004224831, 0.00047801423, 0.0004998711, 0.0005296448, 0.000539452, 0.00052630715, 0.0005102693, 0.00045935338, 0.00038281502, 0.00033482208, 0.00022075433, 8.564117e-05, 1.1749113e-05, -0.00014604992, -0.0003118073, -0.000480243, -0.0005639704, -0.0007266801, -0.0008831407, -0.0009595123, -0.0011084611, -0.0012523164, -0.0013911403, -0.0014592605, -0.0015955257, -0.0017382108, -0.0018149412, -0.0019844193, -0.0021783013, -0.0022836714, -0.0025051641, -0.0027255283, -0.0029191195, -0.0029970715, -0.0030986348, -0.0031131713, -0.0030843136, -0.002954713, -0.002739863, -0.0024624679, -0.0023088995, -0.001991748, -0.0016911983, -0.0015603448, -0.0013714449, -0.0013317233
0, 0, 0, 0, 0, 0, 0, 0, 0, 0, 0, 0, 0, 0, 0, 0.0070770932, 0.0053753774, 0.0042067613, 0.0037771615, 0.0031166694, 0.002631879, 0.0024386642, 0.0021363406, 0.0019300666, 0.0018544156, 0.0017374003, 0.0016377664, 0.0015301361, 0.0014690121, 0.0013281439, 0.0011716902, 0.0010957073, 0.0009660859, 0.0008950329, 0.00090436277, 0.0009413656, 0.0010729438, 0.0012607704, 0.0013655673, 0.0015720081, 0.0017503388, 0.0018212581, 0.0019230519, 0.0019709114, 0.0019706911, 0.001955663, 0.001903223, 0.0018291004, 0.0017868145, 0.001690222, 0.0015794674, 0.0014560993, 0.0013919943, 0.001261799, 0.0011328921, 0.0010702843, 0.0009447585, 0.00081708416, 0.00075169443, 0.00061829976, 0.00048151638, 0.00034335686, 0.00027386955, 0.00013493183, -6.926928e-06, -7.988974e-05, -0.00022872338, -0.00037827913, -0.0005226203, -0.00059075735, -0.00071459374, -0.00081967725, -0.0008632264, -0.0009320443, -0.0009755643, -0.0009943255, -0.0009963282, -0.000990246, -0.0009774476, -0.00097088027, -0.00096253055, -0.0009630165, -0.00096678076, -0.0009798154, -0.0009994069, -0.0010247077, -0.0010384987, -0.0010654764, -0.0010830322, -0.0010860257, -0.0010766245, -0.0010441281, -0.0009905711, -0.00095667056, -0.00087583193, -0.0007789219, -0.000725483, -0.0006133451, -0.0005004597, -0.0004468148, -0.00034874686, -0.00026514084, -0.00019638057, -0.0001665989, -0.000115181145, -7.2391886e-05, -5.404071e-05, -2.5323252e-05, -9.978662e-06, -1.3181352e-05, -2.2830362e-05, -5.7607565e-05, -0.00011272692, -0.00014819189, -0.0002316515, -0.00032814502, -0.0003791677, -0.00048194692, -0.00058074994, -0.0006713021, -0.0007122683, -0.00078462856, -0.00084564125, -0.0008732864, -0.0009250749, -0.00097578065, -0.0010308984, -0.0010625732, -0.0011426922, -0.0012541777, -0.0013250359, -0.0014993262, -0.0017099326, -0.0018237097, -0.0020522356, -0.0022545138, -0.0023947582, -0.002431825, -0.0024265794, -0.0023101706, -0.0022121943, -0.0019489939, -0.0016226874, -0.0012717535, -0.0010994427, -0.00078767777, -0.0005498061, -0.00046902295, -0.0003966194, -0.00043138443
0, 0, 0, 0, 0, 0, 0, 0, 0, 0, 0, 0, 0, 0.005569931, 0.005379751, 0.005501351, 0.005169605, 0.0047301645, 0.0044757095, 0.0039110105, 0.0033275085, 0.0030563576, 0.0025997024, 0.0022968096, 0.0022056033, 0.002122954, 0.0021330758, 0.002175646, 0.002193427, 0.0021988072, 0.0021512767, 0.0021090705, 0.0020074365, 0.0019174623, 0.0018774093, 0.0018854463, 0.0019607118, 0.0021045061, 0.0021946975, 0.0023901376, 0.002576988, 0.0026591977, 0.002789266, 0.0028680942, 0.0028958707, 0.0028921608, 0.002858531, 0.0028012376, 0.002766973, 0.002689094, 0.0025997146, 0.0024961843, 0.0024402381, 0.0023200929, 0.0021964428, 0.0021348635, 0.0020138242, 0.0018944291, 0.0018346291, 0.0017139964, 0.0015911827, 0.0014676525, 0.0014062554, 0.001284133, 0.0011613314, 0.0010974914, 0.00096510386, 0.00082547165, 0.0006842834, 0.0006147755, 0.00048425578, 0.00036961472, 0.0003191756, 0.00023172416, 0.00016520967, 0.00012298787, 0.00011037696, 9.82763e-05, 9.6828764e-05, 9.726416e-05, 9.2174596e-05, 7.3881856e-05, 5.8135767e-05, 1.1601945e-05, -5.5510594e-05, -0.00014296497, -0.0001934489, -0.00030536452, -0.00042416438, -0.00048357938, -0.00059445895, -0.0006875607, -0.00075821584, -0.0007845964, -0.0008181723, -0.0008251415, -0.0008193664, -0.0007923705, -0.000751651, -0.00072897406, -0.0006836504, -0.00064291933, -0.00060778804, -0.00059258676, -0.0005648224, -0.0005386224, -0.0005257547, -0.0005008709, -0.00048254977, -0.00047572373, -0.00047738015, -0.00048975495, -0.0005124829, -0.0005265234, -0.00055793027, -0.00058727956, -0.0005988536, -0.00061018835, -0.0006020914, -0.0005732135, -0.0005511051, -0.00049425033, -0.0004257746, -0.0003894294, -0.00032024638, -0.00026517737, -0.0002384177, -0.00024059418, -0.00028632148, -0.00039503947, -0.00047400658, -0.00067219953, -0.0009040604, -0.0010212488, -0.0012317831, -0.0013730385, -0.0014081394, -0.001378569, -0.0012212344, -0.0009451379, -0.000771077, -0.00037791868, 3.3752003e-05, 0.0004119325, 0.0005729628, 0.0008103576, 0.0009069217, 0.00089689845, 0.0007761201, 0.00061035104
0, 0, 0, 0, 0, 0, 0, 0, 0, 0, 0, 0, -0.00062463304, 0.0020888546, 0.0030625868, 0.004297483, 0.004950824, 0.005128764, 0.0050503723, 0.0046236524, 0.0039696754, 0.0036129314, 0.0029416552, 0.0024267673, 0.0022496602, 0.0020603552, 0.0020599926, 0.0021777363, 0.0022568738, 0.0024076437, 0.0025017518, 0.0025199302, 0.002502069, 0.0024437516, 0.0023946122, 0.0023873497, 0.0024231453, 0.0025297876, 0.0026055556, 0.002783881, 0.0029734746, 0.0030638678, 0.0032211486, 0.0033357383, 0.003401678, 0.0034159974, 0.0034140456, 0.003386414, 0.003366956, 0.0033229273, 0.003273048, 0.003212945, 0.003178329, 0.0030977093, 0.0030078706, 0.002961791, 0.0028711273, 0.0027834768, 0.0027414681, 0.0026594042, 0.002578847, 0.0025004572, 0.0024629082, 0.0023910797, 0.0023210808, 0.0022849804, 0.0022047919, 0.002112641, 0.0020076043, 0.0019522952, 0.0018428388, 0.0017383557, 0.0016886408, 0.0015933849, 0.0015093124, 0.0014450917, 0.0014215393, 0.0013911214, 0.0013779207, 0.0013745321, 0.0013692385, 0.0013547002, 0.001340061, 0.0012896346, 0.0012040924, 0.0010798482, 0.0010024619, 0.00082070584, 0.00060725084, 0.00049158034, 0.00025205486, 1.4285635e-05, -0.00020724413, -0.00030840343, -0.00048544377, -0.0006236598, -0.0006777816, -0.0007576165, -0.0008071323, -0.00082348014, -0.0008443798, -0.0008559549, -0.0008601566, -0.00086056074, -0.0008574691, -0.00084800133, -0.0008410183, -0.0008239513, -0.0008063229, -0.00079154345, -0.00078516064, -0.0007712776, -0.0007514707, -0.00073743437, -0.0006977072, -0.0006341892, -0.00059116195, -0.00047945563, -0.0003323499, -0.00015400702, -5.566401e-05, 0.00015184672, 0.00036108503, 0.00046127653, 0.0006399937, 0.00077280094, 0.0008366812, 0.0008371237, 0.00076834013, 0.0006099606, 0.00050270814, 0.00025561685, 4.285174e-06, -0.000105162115, -0.00025753313, -0.0002827194, -0.00015511275, -3.2862583e-05, 0.0003159793, 0.00076950627, 0.001018313, 0.001521465, 0.0019751647, 0.0023172612, 0.0024301098, 0.002513163, 0.0023888217, 0.002251052, 0.00187127, 0.0015206673
0, 0, 0, 0, 0, 0, 0, 0, 0, 0, 0, -0.004044316, -0.0019222568, 0.00027491862, 0.0013173094, 0.0031094986, 0.0044376194, 0.00517595, 0.0053058555, 0.005133903, 0.0045277323, 0.0041276114, 0.0032705416, 0.0024953943, 0.002183039, 0.0017571165, 0.0015999693, 0.0016624056, 0.0017486836, 0.0019727594, 0.0021862395, 0.0022670727, 0.0023592415, 0.002371217, 0.0023474903, 0.0023403924, 0.0023591358, 0.002439346, 0.002500954, 0.0026597239, 0.0028433998, 0.002936693, 0.0031107555, 0.0032553652, 0.0033566244, 0.0033899816, 0.0034241898, 0.0034290196, 0.0034255104, 0.0034152453, 0.0034053717, 0.003392139, 0.003382772, 0.0033541222, 0.0033122392, 0.0032890986, 0.0032410633, 0.0031960232, 0.0031768507, 0.003143368, 0.0031167476, 0.003097384, 0.0030899993, 0.0030831983, 0.0030826782, 0.0030828838, 0.003077866, 0.0030580345, 0.003017177, 0.0029897117, 0.00292508, 0.0028519805, 0.002811606, 0.0027248254, 0.00263546, 0.0025583843, 0.002527425, 0.0024830436, 0.0024624222, 0.002459904, 0.002467138, 0.0024803507, 0.0024844038, 0.0024747786, 0.0024248573, 0.0023222838, 0.0022491203, 0.0020564585, 0.0018029424, 0.0016551609, 0.0013257376, 0.00096881384, 0.0006070854, 0.00043161595, 0.00010438844, -0.00017863419, -0.00030053835, -0.0005041231, -0.0006575749, -0.00071807875, -0.00081317546, -0.0008789961, -0.0009226924, -0.0009375654, -0.0009562138, -0.000962818, -0.0009626031, -0.00095691544, -0.0009455316, -0.00092605, -0.0009117199, -0.0008683969, -0.00079756865, -0.0007490441, -0.00061947666, -0.00044000233, -0.00033045944, -7.3033174e-05, 0.0002302281, 0.0005661065, 0.00074032525, 0.0010852239, 0.0014032315, 0.0015429282, 0.0017657934, 0.0018903478, 0.001895243, 0.001850069, 0.0016711487, 0.0013990961, 0.0012437841, 0.0009359062, 0.0006909448, 0.0006141498, 0.00058466365, 0.00074630167, 0.0010980888, 0.0013365583, 0.0019039233, 0.0025319052, 0.002842728, 0.0034049035, 0.0038237271, 0.0040347753, 0.0040485947, 0.0038791313, 0.0034537935, 0.003159606, 0.0024819889, 0.0019109972
0, 0, 0, 0, 0, 0, 0, 0, 0, 0, -0.00856462, -0.0062347343, -0.003610245, -0.0015528966, -0.00049934955, 0.0015902951, 0.0034176165, 0.004696517, 0.005075525, 0.005301458, 0.0049134623, 0.0045493618, 0.003627478, 0.0026429857, 0.0021924726, 0.001467301, 0.0010384514, 0.0009075577, 0.00093454664, 0.0011162389, 0.0013704557, 0.0014924089, 0.0016790597, 0.0017717228, 0.0017953853, 0.001797823, 0.0018156763, 0.0018785353, 0.0019306508, 0.0020703194, 0.0022418827, 0.0023322934, 0.0025110864, 0.0026711565, 0.0027984024, 0.0028470205, 0.0029122552, 0.0029461484, 0.0029561853, 0.0029710957, 0.0029876532, 0.003007592, 0.0030172057, 0.003030885, 0.003034496, 0.0030321237, 0.0030233825, 0.003016407, 0.0030158546, 0.0030239893, 0.0030411042, 0.0030703924, 0.0030893788, 0.003136934, 0.0031966225, 0.0032294334, 0.0032952349, 0.0033507035, 0.0033835666, 0.0033900207, 0.0033842537, 0.003357125, 0.0033343313, 0.0032705162, 0.0031887367, 0.0031071107, 0.0030701768, 0.0030112818, 0.0029778907, 0.0029733544, 0.0029878658, 0.003033947, 0.003064381, 0.0031261428, 0.0031643882, 0.0031565218, 0.0031299256, 0.0030223147, 0.0028302579, 0.0027006418, 0.0023788486, 0.0019863849, 0.0015486625, 0.0013219578, 0.00087397895, 0.0004567487, 0.0002666374, -6.728999e-05, -0.00033391884, -0.00044222895, -0.0006133709, -0.00073030527, -0.0008052655, -0.00083054596, -0.0008649715, -0.00088655663, -0.00089361286, -0.0009036353, -0.00090316223, -0.0008816, -0.0008585039, -0.00077992905, -0.0006461079, -0.0005550411, -0.00031798, -6.254918e-06, 0.00017612771, 0.00058371254, 0.0010308287, 0.0014904792, 0.0017139056, 0.002123818, 0.0024512839, 0.002572385, 0.0027084409, 0.0026853592, 0.0025008612, 0.0023543695, 0.001982649, 0.0015630673, 0.0013613988, 0.0010320708, 0.0008698777, 0.0008711622, 0.0010581857, 0.0014854358, 0.0021114864, 0.0024764638, 0.0032520287, 0.004000522, 0.0043311347, 0.0048432657, 0.005093272, 0.005033547, 0.0048837643, 0.004357984, 0.0035790633, 0.003122389, 0.0021660458, 0.0013841314
0, 0, 0, 0, 0, 0, 0, 0, 0, -0.010640014, -0.008032795, -0.006919904, -0.005163098, -0.003455725, -0.0024735888, -0.00030009996, 0.0018635978, 0.0036309506, 0.004276008, 0.0050041275, 0.0050022025, 0.004767054, 0.003959071, 0.0029037218, 0.0023601314, 0.0013720825, 0.0006387614, 0.00022522769, 0.00013742512, 0.00015831545, 0.00035029268, 0.00047174818, 0.00069901545, 0.0008529889, 0.00092422374, 0.0009397645, 0.0009639998, 0.0010153191, 0.0010578254, 0.0011789319, 0.0013355301, 0.0014206975, 0.0015935139, 0.0017555829, 0.0018940136, 0.0019504001, 0.0020363021, 0.0020923559, 0.002111597, 0.0021426152, 0.0021704645, 0.0022011672, 0.0022182516, 0.0022526616, 0.0022833084, 0.0022950452, 0.0023120418, 0.0023264876, 0.002336093, 0.0023647824, 0.0024053557, 0.002457402, 0.0024882786, 0.0025599275, 0.0026480635, 0.0026981544, 0.002806444, 0.0029146243, 0.0030068744, 0.0030434632, 0.003095846, 0.0031198966, 0.0031196498, 0.0030901458, 0.0030252857, 0.0029421125, 0.0028984211, 0.0028167504, 0.0027537993, 0.0027342658, 0.002728001, 0.0027750426, 0.002818518, 0.0029362356, 0.0030721028, 0.0031985717, 0.0032499046, 0.003311776, 0.0032939971, 0.0032461325, 0.0030671651, 0.002774114, 0.0023812945, 0.0021560173, 0.0016697709, 0.0011699725, 0.0009271191, 0.00047760026, 0.00010036166, -5.621315e-05, -0.00030164156, -0.0004630236, -0.00055842486, -0.0005890967, -0.0006315832, -0.0006635773, -0.0006787855, -0.0007059884, -0.00071783765, -0.00069071277, -0.00065515825, -0.00052735896, -0.00031161873, -0.00016855277, 0.00018877856, 0.00063050137, 0.0008762127, 0.0013950136, 0.0019165264, 0.0023957596, 0.0026045714, 0.00293154, 0.0031011319, 0.003116431, 0.002998154, 0.0026858395, 0.0022152364, 0.0019409885, 0.0013708045, 0.00085931417, 0.00065887516, 0.0004283668, 0.000479726, 0.0006201165, 0.0011203882, 0.0018646417, 0.0027591928, 0.003226577, 0.004120779, 0.0048517925, 0.005118975, 0.0054014735, 0.00530375, 0.0048246556, 0.00445665, 0.0035196987, 0.0024119082, 0.0018322747, 0.00070394255, -0.0002175013
0, 0, 0, 0, 0, 0, 0, 0, -0.00813353, -0.008082494, -0.0074861883, -0.0071588694, -0.0063818344, -0.0051914635, -0.00437209, -0.0023345207, -4.467268e-05, 0.0020751932, 0.0029540525, 0.0041976795, 0.0046847234, 0.004654458, 0.004137266, 0.0031915687, 0.002635154, 0.0015084333, 0.0005318882, -0.00016530686, -0.00039077058, -0.0006048939, -0.0005691794, -0.000491636, -0.00029432305, -0.000121753925, -2.2047969e-05, 3.8017215e-06, 3.0759184e-05, 6.725758e-05, 9.990298e-05, 0.0002005362, 0.00034050227, 0.00041869705, 0.0005806977, 0.00073537737, 0.0008692825, 0.0009262241, 0.0010180346, 0.0010848944, 0.0011118143, 0.0011536074, 0.0011833475, 0.0012080391, 0.0012220412, 0.0012537626, 0.0012886834, 0.0013047077, 0.0013291498, 0.0013482333, 0.0013586485, 0.0013877489, 0.0014289214, 0.0014791, 0.0015066215, 0.0015701178, 0.0016504488, 0.001697495, 0.0018075246, 0.0019298301, 0.0020497153, 0.0021039934, 0.0021988384, 0.0022694988, 0.0022927613, 0.0023041016, 0.0022669185, 0.0021891599, 0.0021393117, 0.0020293877, 0.0019204833, 0.0018737197, 0.0018093889, 0.0018046013, 0.0018297442, 0.0019365327, 0.002110389, 0.0023314613, 0.0024517584, 0.0026916552, 0.0028942057, 0.0029672019, 0.0030361225, 0.0029796602, 0.0027831397, 0.0026334093, 0.0022468711, 0.0017750814, 0.0015212724, 0.0010137965, 0.0005534855, 0.00035549863, 4.1339998e-05, -0.00016150626, -0.0002718621, -0.0003037309, -0.00034471074, -0.00038015706, -0.00040007086, -0.00043840855, -0.0004523239, -0.0004029857, -0.00034362514, -0.00014200615, 0.0001759745, 0.00037558985, 0.0008404606, 0.0013617928, 0.0016286632, 0.0021436068, 0.0025874851, 0.0029101784, 0.0030109442, 0.003067215, 0.0029078294, 0.0027445913, 0.0022633842, 0.0016191504, 0.0008939686, 0.00053402816, -0.00010514855, -0.00054031954, -0.0006495645, -0.0006099487, -0.00021099224, 0.00011408624, 0.000966123, 0.0019907837, 0.0030477485, 0.003540807, 0.004365056, 0.0048631723, 0.0049591926, 0.004811291, 0.0042152405, 0.0032422391, 0.0026533802, 0.0013693332, 7.4328505e-05, -0.00053747545, -0.0016521885, -0.0025961888
0, 0, 0, 0, 0, 0, -0.0028883512, -0.0032190199, -0.0050704316, -0.0060952436, -0.006780667, -0.0069923587, -0.0070534768, -0.0064634993, -0.0058824844, -0.004184455, -0.0020032835, 0.00025693246, 0.0012883532, 0.0029539189, 0.003930921, 0.0041402094, 0.0040350347, 0.0033614882, 0.0028794368, 0.0017803508, 0.0006912152, -0.00021082895, -0.000556369, -0.0010131609, -0.0011821794, -0.001181387, -0.0010791919, -0.0009358768, -0.0008331382, -0.00080610043, -0.00078523334, -0.0007697201, -0.0007512419, -0.0006761347, -0.00055604096, -0.00048650373, -0.0003351295, -0.00019144118, -7.070986e-05, -2.0722415e-05, 6.076703e-05, 0.00012671184, 0.00015648935, 0.00020653715, 0.00024039025, 0.0002547377, 0.00025930692, 0.00027210952, 0.00029526342, 0.00030729026, 0.00032627158, 0.00033657948, 0.00034137635, 0.000358457, 0.00038666927, 0.0004214035, 0.00043931502, 0.00047562126, 0.00052198453, 0.00055262074, 0.0006313981, 0.00073050644, 0.0008414975, 0.00089825265, 0.0010098441, 0.0011128965, 0.0011565287, 0.001213051, 0.0012157834, 0.0011613414, 0.001114575, 0.0009902383, 0.0008412095, 0.00076551136, 0.0006263537, 0.00053091627, 0.0005076688, 0.00052677206, 0.0006411554, 0.00085135055, 0.0009880343, 0.0013100283, 0.0016624021, 0.001834742, 0.0021451104, 0.002368564, 0.0024640812, 0.0024545123, 0.0023143818, 0.0020222187, 0.0018281031, 0.0013775884, 0.00090520823, 0.0006840092, 0.00031176378, 6.0034585e-05, -7.4428935e-05, -0.000108894434, -0.00014444988, -0.00016902821, -0.00018297957, -0.00020478909, -0.00018295016, -6.7841545e-05, 3.631391e-05, 0.0003410661, 0.00075804663, 0.0009946602, 0.0014871383, 0.001953464, 0.0021586074, 0.0024827053, 0.002656573, 0.0026467154, 0.0025640626, 0.0022359395, 0.0016936528, 0.0013505879, 0.0005606337, -0.00029039296, -0.0010854059, -0.0014235931, -0.0019091733, -0.002059586, -0.0019892242, -0.0015501365, -0.000754066, -0.00025222535, 0.0008737074, 0.0020255866, 0.0030362362, 0.0034387335, 0.0039546555, 0.004003674, 0.003837935, 0.0031373245, 0.0020150293, 0.00062178046, -0.00011650519, -0.0015523583, -0.0027997158, -0.0033264707, -0.0042205583, -0.005064078
0, 0, 0, 0, 0, 0.0016441294, -0.00029769164, -0.0012009247, -0.002926489, -0.004486332, -0.0058469484, -0.0063974536, -0.007103841, -0.0071110413, -0.0068086805, -0.0055937245, -0.0037264484, -0.0015501322, -0.00046923946, 0.0014500078, 0.0028286632, 0.0032652034, 0.0036067837, 0.0033066026, 0.0029646037, 0.0020391974, 0.0009825733, -3.8531603e-06, -0.00042530365, -0.0010732322, -0.0014433304, -0.001531937, -0.0015640513, -0.0014895751, -0.0014116059, -0.0013905296, -0.0013848272, -0.0013970511, -0.001394612, -0.0013541159, -0.0012591433, -0.0011963429, -0.0010555302, -0.0009197287, -0.0008113461, -0.0007711677, -0.00071159046, -0.0006604827, -0.0006334097, -0.00057527627, -0.00053314585, -0.00052073854, -0.0005237325, -0.0005330514, -0.0005310059, -0.00052565633, -0.0005192032, -0.0005218923, -0.0005255988, -0.0005280352, -0.0005166507, -0.0004981674, -0.0004908906, -0.00048239448, -0.00047271894, -0.0004628126, -0.00042837052, -0.00037186244, -0.00029605677, -0.00025131291, -0.0001474981, -3.0522453e-05, 2.7134569e-05, 0.00012292078, 0.00017529268, 0.00016865277, 0.00014042693, 3.4648354e-05, -0.00012318855, -0.00021437636, -0.00040865922, -0.0005938053, -0.0006722255, -0.00078024657, -0.0007969599, -0.0006981563, -0.0006046787, -0.0003345067, 2.5134383e-05, 0.00022849606, 0.0006583312, 0.0010760794, 0.0014279084, 0.001562095, 0.0017214012, 0.0017137913, 0.0016453741, 0.0013884983, 0.0010139685, 0.00080479216, 0.00039697794, 6.675484e-05, -0.00014158608, -0.00019950856, -0.00024748896, -0.00023931482, -0.00022169887, -0.00014851584, 5.707102e-06, 0.000275765, 0.00045413614, 0.00087013014, 0.0013130244, 0.0015205428, 0.0018682275, 0.002085488, 0.0021356412, 0.0021115264, 0.0019107781, 0.0015253099, 0.0012617027, 0.0006000267, -0.00021401588, -0.0006582602, -0.0015641276, -0.0023944362, -0.0030264854, -0.003233329, -0.003373154, -0.0031064083, -0.0028191856, -0.0019704038, -0.00085124414, -0.00023788314, 0.0009821163, 0.0020379273, 0.0027655598, 0.0029647744, 0.002980546, 0.002458479, 0.0020041638, 0.000770313, -0.0007583415, -0.002370781, -0.0031383294, -0.004473193, -0.0054350984, -0.005771312, -0.00627955, -0.006918912
0, 0, 0, 0.0042519504, 0.0035560308, 0.0020415022, 0.00075048994, 4.5441615e-05, -0.0014976067, -0.0031730058, -0.0048212945, -0.0055633737, -0.006720735, -0.0072491597, -0.0072185285, -0.006527085, -0.00508235, -0.0031459176, -0.0021030058, -9.042839e-05, 0.001566352, 0.0021878844, 0.0029417153, 0.0030349009, 0.002862069, 0.0021916959, 0.0012706751, 0.00030260146, -0.00014803672, -0.0009155124, -0.0014521277, -0.0016266328, -0.0018057225, -0.0018240496, -0.001788781, -0.0017784077, -0.0017936577, -0.0018351187, -0.0018518432, -0.0018482389, -0.0017827275, -0.0017294263, -0.0015964062, -0.0014596913, -0.0013565249, -0.0013233005, -0.001288776, -0.0012616363, -0.001241557, -0.0011828811, -0.0011256125, -0.0011033351, -0.0011082649, -0.001132541, -0.0011497418, -0.0011528499, -0.0011570648, -0.0011724696, -0.00118402, -0.0012063385, -0.0012146991, -0.001209308, -0.0012080963, -0.0012175214, -0.001234236, -0.001240525, -0.001242512, -0.0012290658, -0.0011970587, -0.0011704827, -0.0010915583, -0.0009795286, -0.0009166701, -0.0007926396, -0.00069172285, -0.0006382617, -0.0006352547, -0.0006885331, -0.0008167841, -0.0009037795, -0.0011149867, -0.0013566021, -0.0014796603, -0.0017037889, -0.0018643794, -0.0019187407, -0.0018992744, -0.0017662742, -0.001509519, -0.0013372742, -0.00091927755, -0.00043833745, 5.1589963e-05, 0.00028085688, 0.0006710156, 0.0009308717, 0.0009996325, 0.0009998964, 0.0008107769, 0.0006504203, 0.00023194565, -0.00024394332, -0.00066596584, -0.0008230081, -0.0009870365, -0.00093450124, -0.0008290647, -0.00047626634, 2.9491863e-05, 0.00060384406, 0.0008820783, 0.0013527226, 0.0016569941, 0.0017390673, 0.0017638726, 0.0016166463, 0.0014838144, 0.0011081604, 0.0005885856, -7.361708e-05, -0.00045565382, -0.0013062428, -0.0022219608, -0.0026773675, -0.0035122733, -0.004144816, -0.0044640955, -0.0044808504, -0.004199924, -0.003504956, -0.0030195746, -0.0018439823, -0.0005381543, 0.000101214784, 0.0012279843, 0.0019996685, 0.0022824502, 0.00221617, 0.0016577417, 0.0005687653, -0.00014216635, -0.0017856533, -0.0035402311, -0.0051648566, -0.005859115, -0.006904866, -0.0074328245, -0.007521547, -0.0075447117, -0.007873093
0, 0, 0, 0.0014101076, 0.0019307217, 0.0019059072, 0.0012260305, 0.00070944073, -0.00062752387, -0.0022742937, -0.004041012, -0.004892164, -0.0063602473, -0.00729118, -0.0074836235, -0.007240383, -0.0061820974, -0.0044945166, -0.0035080086, -0.0014645684, 0.00039586364, 0.0011676517, 0.0022697484, 0.0027132507, 0.0026976222, 0.0022763999, 0.0015053928, 0.00058623403, 0.00012425426, -0.0007221617, -0.00139183, -0.0016416901, -0.0019617614, -0.0020797858, -0.0020975291, -0.0021012903, -0.0021374456, -0.002204998, -0.002237068, -0.0022676717, -0.0022310962, -0.002186243, -0.002058512, -0.0019130628, -0.0018010348, -0.0017697064, -0.0017502033, -0.0017482003, -0.0017371307, -0.0016823926, -0.0016100353, -0.0015696054, -0.0015711108, -0.0016017628, -0.001633075, -0.0016428088, -0.0016549843, -0.0016780308, -0.0016962257, -0.0017369213, -0.0017642454, -0.0017703854, -0.0017728746, -0.0017915189, -0.0018225164, -0.0018377978, -0.0018617173, -0.0018778712, -0.001881738, -0.0018728583, -0.00182128, -0.0017216404, -0.0016572371, -0.001517579, -0.0013794461, -0.0012677073, -0.001232498, -0.0012208261, -0.0012998551, -0.0013725517, -0.0015763482, -0.0018465596, -0.001997971, -0.0023098947, -0.0025910307, -0.0027849823, -0.0028385706, -0.002849612, -0.0027206966, -0.0025994515, -0.0022461913, -0.0017702824, -0.0012216812, -0.00094102, -0.00040771934, 3.840737e-05, 0.00021465177, 0.0004359845, 0.0004342822, 0.00033303458, -9.46036e-05, -0.00081170216, -0.0017019485, -0.0021314789, -0.0027315086, -0.0027169206, -0.0024362311, -0.0014306793, -0.00016988876, 0.0009067941, 0.0012874631, 0.0016989533, 0.0017269166, 0.0016370817, 0.0013136358, 0.0008490206, 0.0005741211, -5.6106008e-05, -0.00079158734, -0.0016306032, -0.0020842578, -0.0030325905, -0.003968676, -0.0043985522, -0.005099546, -0.0054920395, -0.005483327, -0.005312771, -0.0046383166, -0.0035668616, -0.0029171554, -0.0014936683, -8.856279e-05, 0.00053525204, 0.0014900931, 0.001920539, 0.0017362395, 0.0014078313, 0.00030939624, -0.001278964, -0.002201822, -0.0041581127, -0.0060459757, -0.007613462, -0.008210716, -0.008948596, -0.009046747, -0.008888714, -0.008391214, -0.008244292

