0, 0, 0, 0, 0, 0, 0, 0, 0, 0, 0, 0, 0, 0, 0, 0, 0, 0, 0, 0, 0, 0, 0, 0, 0, 0, 0, 0, 0, 0, 0, 0, 0, 0, 0, 0, 0, 0, 0, 0, 0, 0, 0, 0, 0, 0, 0, 0, 0, 0, 0, 0, 0, 0, 0, 0, 0, 0, 0, 0, 0, 0, 0, 0, 0, 0, 0, 0, 0, 0, 0, 0, 0, 0, -0.011838669, -0.010958875, -0.009672901, -0.0060740947, -0.0020970847, -0.00023500377, 0.002927367, 0.0051234737, 0.0058194, 0.006415783, 0.006077704, 0.0050667883, 0.0044095237, 0.0029839927, 0.0016289637, 0.0010445205, 0.00017532834, -0.00017129918, 0.00010320466, 0.00047661952, 0.0016376169, 0.0032061837, 0.0040772553, 0.0058584106, 0.0075161923, 0.008233835, 0.00932055, 0.00978217, 0.009489021, 0.0090529, 0.0076569035, 0.0057259263, 0.0046326653, 0.0023547523, 0.00016595404, -0.0016645038, -0.0023588852, -0.0031549765, -0.0030244263, -0.0025975476, -0.0010841799, 0.0011252703, 0.0024038402, 0.0051149633, 0.007781563, 0.010111845, 0.011067241, 0.012415298, 0.012905097, 0.012816082, 0.012014171, 0.0105045, 0.008476705, 0.0073333182, 0.004929723, 0.0025748303, 0.0014994302, -0.00027416716, -0.001346762, -0.0015675257, -0.0013389166, -0.0002459448, 0.0016042215, 0.002761768, 0.005400541, 0.008231406, 0.009616049, 0.01211328, 0.013994516, 0.015037927, 0.015206216, 0.014823133, 0.013574708, 0.0127104, 0.01084781, 0.009515447
0, 0, 0, 0, 0, 0, 0, 0, 0, 0, 0, 0, 0, 0, 0, 0, 0, 0, 0, 0, 0, 0, 0, 0, 0, 0, 0, 0, 0, 0, 0, 0, 0, 0, 0, 0, 0, 0, 0, 0, 0, 0, 0, 0, 0, 0, 0, 0, 0, 0, 0, 0, 0, 0, 0, 0, 0, 0, 0, 0, 0, 0, 0, 0, 0, 0, 0, 0, 0, 0, 0, 0, 0, -0.0032354651, -0.005743443, -0.0062691118, -0.005924809, -0.0042417264, -0.0017937057, -0.00049602246, 0.0019196854, 0.003800527, 0.004469673, 0.005211664, 0.0051951385, 0.004574803, 0.0041073076, 0.0030064613, 0.0018581507, 0.0013244946, 0.00044219047, -6.179846e-05, -6.58376e-05, 0.0001375023, 0.00093089946, 0.0021423842, 0.0028545307, 0.004378875, 0.005883532, 0.0065705115, 0.007698845, 0.0083460035, 0.008370066, 0.008129616, 0.0071685114, 0.005673318, 0.0047824234, 0.0028410396, 0.0008685872, -0.0009020307, -0.001634574, -0.002647331, -0.0029071923, -0.0027267418, -0.0017641704, -0.00011546885, 0.0009013529, 0.0031664656, 0.005526335, 0.0077176373, 0.008670182, 0.010145862, 0.010915661, 0.011010728, 0.010637005, 0.009589691, 0.008011603, 0.0070774974, 0.0050339014, 0.0029322458, 0.0019312968, 0.00018449676, -0.0010344893, -0.0013907136, -0.0015381781, -0.0009208735, 0.00040687778, 0.0013039792, 0.0034565441, 0.005893366, 0.007130175, 0.009449115, 0.011318231, 0.012507124, 0.012801473, 0.012759697, 0.011944798, 0.011325109, 0.010018211, 0.00941842
0, 0, 0, 0, 0, 0, 0, 0, 0, 0, 0, 0, 0, 0, 0, 0, 0, 0, 0, 0, 0, 0, 0, 0, 0, 0, 0, 0, 0, 0, 0, 0, 0, 0, 0, 0, 0, 0, 0, 0, 0, 0, 0, 0, 0, 0, 0, 0, 0, 0, 0, 0, 0, 0, 0, 0, 0, 0, 0, 0, 0, 0, 0, 0, 0, 0, 0, 0, 0, 0, 0, 0.0028172748, 0.002102914, -0.00013879052, -0.0015280984, -0.0022824146, -0.002403608, -0.0020669897, -0.0010332651, -0.00033440933, 0.0012181192, 0.0026968105, 0.0033202418, 0.004213534, 0.0045691486, 0.0044087297, 0.004166501, 0.0034431932, 0.0025230953, 0.0020343831, 0.0010970978, 0.00035212238, -4.192789e-05, -7.029896e-05, 0.0002365374, 0.0009956654, 0.0015159092, 0.0027541313, 0.0041270433, 0.004811642, 0.006066586, 0.007013135, 0.0074827354, 0.00750272, 0.0070879455, 0.006106143, 0.005435761, 0.0038292478, 0.0020156156, 0.00019815454, -0.00064075855, -0.0020336185, -0.0028721713, -0.0030365894, -0.0028153344, -0.0018909951, -0.0011984012, 0.0005448841, 0.0025976382, 0.0047295173, 0.005746565, 0.0075255204, 0.008790344, 0.009182512, 0.009447743, 0.009036264, 0.008025708, 0.0073334184, 0.005667822, 0.0037749615, 0.0028069983, 0.0009685475, -0.0005499967, -0.0011278798, -0.0018308363, -0.0018644428, -0.001208698, -0.00063217664, 0.00095885945, 0.002996773, 0.00411261, 0.0063642883, 0.008397973, 0.009954469, 0.010492356, 0.011018898, 0.010833478, 0.010533738, 0.009847533, 0.009792714
0, 0, 0, 0, 0, 0, 0, 0, 0, 0, 0, 0, 0, 0, 0, 0, 0, 0, 0, 0, 0, 0, 0, 0, 0, 0, 0, 0, 0, 0, 0, 0, 0, 0, 0, 0, 0, 0, 0, 0, 0, 0, 0, 0, 0, 0, 0, 0, 0, 0, 0, 0, 0, 0, 0, 0, 0, 0, 0, 0, 0, 0, 0, 0, 0, 0, 0, 0, 0, 0, 0.006622034, 0.004088173, 0.0032011387, 0.0019771273, 0.0011613868, 0.00052154344, 0.00027615338, 2.9293084e-05, 0.00020559064, 0.0004578802, 0.0012271531, 0.0021919685, 0.0026786712, 0.0035331778, 0.0041012526, 0.004301064, 0.0042594383, 0.0039110966, 0.0032638703, 0.0028545589, 0.0019386166, 0.0010208365, 0.0002745398, 1.72048e-05, -0.00019669042, 3.0296522e-05, 0.00030514676, 0.00113558, 0.002250443, 0.0028724023, 0.004147886, 0.0053133215, 0.0061838822, 0.0064566466, 0.0066047115, 0.0061888066, 0.005775255, 0.004585782, 0.0030187636, 0.0012402164, 0.0003341662, -0.0013718021, -0.0027500123, -0.0032554157, -0.003810611, -0.0037037658, -0.0034013253, -0.0023380062, -0.0007625644, 0.0011502899, 0.0021650842, 0.0041536866, 0.0058800033, 0.006576243, 0.0075393543, 0.007865051, 0.0075441212, 0.0071574575, 0.00599211, 0.004419063, 0.0035329594, 0.0016914341, -5.832087e-05, -0.00083279633, -0.002066871, -0.0027681503, -0.0028433641, -0.0026311153, -0.0017120601, -0.00020078641, 0.0007310087, 0.002804204, 0.0049320827, 0.0068339994, 0.007623809, 0.008767769, 0.009281076, 0.009332167, 0.009273818, 0.009610526
0, 0, 0, 0, 0, 0, 0, 0, 0, 0, 0, 0, 0, 0, 0, 0, 0, 0, 0, 0, 0, 0, 0, 0, 0, 0, 0, 0, 0, 0, 0, 0, 0, 0, 0, 0, 0, 0, 0, 0, 0, 0, 0, 0, 0, 0, 0, 0, 0, 0, 0, 0, 0, 0, 0, 0, 0, 0, 0, 0, 0, 0, 0, 0, 0, 0, 0, 0, 0, 0.0052213385, 0.0049083508, 0.004151956, 0.0038057354, 0.0033038957, 0.0028920884, 0.0024467974, 0.002217401, 0.0018153791, 0.0015992234, 0.001591933, 0.0017972543, 0.0022541368, 0.0025442261, 0.0031584885, 0.0036998258, 0.004050239, 0.0041276906, 0.00405808, 0.0036763903, 0.0033742853, 0.0025857298, 0.0016431354, 0.00069623784, 0.00027389522, -0.00037776213, -0.0006816732, -0.0006851317, -0.00039091564, 0.00026977347, 0.0007138034, 0.0017628698, 0.0029035604, 0.00396315, 0.0044059735, 0.005010667, 0.005142714, 0.0050095106, 0.004344807, 0.0031943396, 0.0016678635, 0.0008126971, -0.00096144027, -0.0026452756, -0.0033888477, -0.004567143, -0.005220328, -0.005322199, -0.005053949, -0.004177401, -0.0027769473, -0.0019264926, -5.1290004e-05, 0.0018565445, 0.002746372, 0.0042593367, 0.0052795517, 0.0057035056, 0.0056813043, 0.0051787044, 0.004131937, 0.0034426507, 0.0018386298, 9.953466e-05, -0.0007561292, -0.0023149475, -0.0035295954, -0.0042557344, -0.004401735, -0.0042162933, -0.0033856314, -0.0027460663, -0.0011053171, 0.0008427271, 0.002842348, 0.003780449, 0.0053882073, 0.0065209246, 0.0069057764, 0.007456825, 0.008124023
0, 0, 0, 0, 0, 0, 0, 0, 0, 0, 0, 0, 0, 0, 0, 0, 0, 0, 0, 0, 0, 0, 0, 0, 0, 0, 0, 0, 0, 0, 0, 0, 0, 0, 0, 0, 0, 0, 0, 0, 0, 0, 0, 0, 0, 0, 0, 0, 0, 0, 0, 0, 0, 0, 0, 0, 0, 0, 0, 0, 0, 0, 0, 0, 0, 0, 0, 0, 0.0063122604, 0.0052546705, 0.004435136, 0.0042448775, 0.0042083464, 0.0041478504, 0.004011861, 0.0037501317, 0.003577431, 0.0031951317, 0.002846609, 0.0027152062, 0.0025816846, 0.0026415612, 0.0027385391, 0.0030270964, 0.003366435, 0.003655421, 0.0037503412, 0.0037899034, 0.003577234, 0.0033658517, 0.002736625, 0.0018821621, 0.00090464455, 0.00041074902, -0.0004993445, -0.0012061162, -0.0014535716, -0.0017023197, -0.0016044485, -0.0014282488, -0.0008450915, -2.1860573e-05, 0.00092269277, 0.0013917388, 0.002213544, 0.002744848, 0.0028593843, 0.0027361144, 0.0021229722, 0.0010552814, 0.00038034434, -0.0011643433, -0.0028235477, -0.0036379, -0.0051242225, -0.006285318, -0.0067025553, -0.00714873, -0.0070312144, -0.006346089, -0.0058073304, -0.0044076117, -0.002721662, -0.0018358012, -0.000119501936, 0.0013493438, 0.0023970106, 0.0027242934, 0.0029447703, 0.0025813582, 0.0021964244, 0.0010860071, -0.00034693987, -0.0011286552, -0.0027050164, -0.0041497415, -0.0052982713, -0.0057164556, -0.006166641, -0.006038614, -0.005748818, -0.004744366, -0.0032713483, -0.0015120353, -0.00059463695, 0.0011723673, 0.0026941167, 0.003330434, 0.004388008, 0.0053222687
0, 0, 0, 0, 0, 0, 0, 0, 0, 0, 0, 0, 0, 0, 0, 0, 0, 0, 0, 0, 0, 0, 0, 0, 0, 0, 0, 0, 0, 0, 0, 0, 0, 0, 0, 0, 0, 0, 0, 0, 0, 0, 0, 0, 0, 0, 0, 0, 0, 0, 0, 0, 0, 0, 0, 0, 0, 0, 0, 0, 0, 0, 0, 0, 0, 0, 0.011403348, 0.008921649, 0.006045209, 0.0053004157, 0.0046402346, 0.0045787017, 0.0046256706, 0.0047234464, 0.0047289794, 0.0045978953, 0.0044820155, 0.0041727056, 0.0038110707, 0.0036324926, 0.00332101, 0.0031137802, 0.0030577793, 0.003037213, 0.0031071708, 0.0032059462, 0.0032408603, 0.0032314775, 0.0030538384, 0.0028834215, 0.0023643263, 0.0016211674, 0.00071107806, 0.00022091881, -0.0007663762, -0.0016783413, -0.002078823, -0.0027251495, -0.0031226058, -0.003216495, -0.0031818284, -0.0028564495, -0.0022845964, -0.0019342465, -0.0011887647, -0.00051198906, -0.00024832162, 4.675906e-05, -4.488678e-05, -0.0005640244, -0.0009771632, -0.0020654527, -0.0034039454, -0.0041216644, -0.005557189, -0.006865796, -0.007429333, -0.008302498, -0.0087596495, -0.008741336, -0.008546992, -0.0078041013, -0.006651607, -0.005959943, -0.004446856, -0.002916671, -0.0015561958, -0.0009928494, -0.00018630057, 0.000121074096, 7.668888e-05, -0.00039379517, -0.0012997666, -0.0018757965, -0.0031799623, -0.0045482432, -0.005819861, -0.00637144, -0.0072212, -0.007638634, -0.0076604523, -0.0073107635, -0.006459129, -0.005194965, -0.0044524404, -0.0028567358, -0.0012618679, -0.00051057874, 0.00084232446, 0.0019255594
0, 0, 0, 0, 0, 0, 0, 0, 0, 0, 0, 0, 0, 0, 0, 0, 0, 0, 0, 0, 0, 0, 0, 0, 0, 0, 0, 0, 0, 0, 0, 0, 0, 0, 0, 0, 0, 0, 0, 0, 0, 0, 0, 0, 0, 0, 0, 0, 0, 0, 0, 0, 0, 0, 0, 0, 0, 0, 0, 0, 0, 0, 0, 0, 0, 0.008783457, 0.007973858, 0.0068889363, 0.0056825243, 0.00530881, 0.0049654013, 0.00495301, 0.0050006793, 0.005107361, 0.0051535047, 0.0050934157, 0.0050188326, 0.004783826, 0.0044562323, 0.004269779, 0.0038820787, 0.0035158126, 0.0033542356, 0.003089733, 0.0029047492, 0.0027748852, 0.00271554, 0.0025687763, 0.0023280007, 0.0021532625, 0.001671367, 0.0010067017, 0.00018439263, -0.0002693549, -0.0012205273, -0.0021712887, -0.0026261494, -0.0034604494, -0.004153778, -0.004433583, -0.004830697, -0.0049782833, -0.004859901, -0.0047053574, -0.0042469413, -0.003675262, -0.0033870721, -0.0028916476, -0.0026101845, -0.0026371076, -0.0027813984, -0.0033296568, -0.0041771242, -0.0046848734, -0.005796046, -0.006930081, -0.007468149, -0.008415631, -0.009114786, -0.009491861, -0.009543765, -0.0093573695, -0.008787633, -0.008370076, -0.0073184296, -0.00607102, -0.0047679516, -0.0041442257, -0.003050865, -0.0022757486, -0.002040757, -0.0019089453, -0.0022242106, -0.0025322682, -0.0033875424, -0.004456408, -0.0055986755, -0.0061519747, -0.007136962, -0.007857611, -0.008086834, -0.008240422, -0.007959927, -0.007259242, -0.0067691198, -0.0055701616, -0.004185472, -0.0034668236, -0.0020860673, -0.0010153601
0, 0, 0, 0, 0, 0, 0, 0, 0, 0, 0, 0, 0, 0, 0, 0, 0, 0, 0, 0, 0, 0, 0, 0, 0, 0, 0, 0, 0, 0, 0, 0, 0, 0, 0, 0, 0, 0, 0, 0, 0, 0, 0, 0, 0, 0, 0, 0, 0, 0, 0, 0, 0, 0, 0, 0, 0, 0, 0, 0, 0, 0, 0, 0, 0.005197632, 0.0054272274, 0.00538611, 0.0052577495, 0.0051089036, 0.0050656255, 0.0050606364, 0.00513252, 0.005180435, 0.0052686143, 0.005311943, 0.005278986, 0.0052280356, 0.0050486987, 0.0047674137, 0.004592244, 0.0041898517, 0.00374766, 0.0035247551, 0.0030976871, 0.002716302, 0.0023864638, 0.0022344973, 0.0019350073, 0.0015980344, 0.0013989119, 0.0009135406, 0.00029579664, -0.00044875048, -0.00085997727, -0.0017324582, -0.0026303676, -0.0030741794, -0.003927677, -0.0047087497, -0.005061453, -0.0056679593, -0.006103721, -0.0063265758, -0.0063489648, -0.006217454, -0.0058828625, -0.0056615146, -0.0051729493, -0.0047198795, -0.0044133705, -0.0043431963, -0.0044017634, -0.004730349, -0.0049867863, -0.0056418595, -0.0064115725, -0.006808667, -0.007567468, -0.008208055, -0.00866348, -0.00880641, -0.008899326, -0.008717208, -0.008520237, -0.007922895, -0.0070864065, -0.0060797674, -0.0055428166, -0.0044756215, -0.003528914, -0.003139931, -0.0025979192, -0.0024227668, -0.002478867, -0.0028578204, -0.0035337568, -0.0044055814, -0.004875852, -0.005807413, -0.006624984, -0.006957768, -0.007417808, -0.007554244, -0.0073362794, -0.0070941816, -0.0063622217, -0.005356284, -0.004781972, -0.0036058675, -0.0026991896
0, 0, 0, 0, 0, 0, 0, 0, 0, 0, 0, 0, 0, 0, 0, 0, 0, 0, 0, 0, 0, 0, 0, 0, 0, 0, 0, 0, 0, 0, 0, 0, 0, 0, 0, 0, 0, 0, 0, 0, 0, 0, 0, 0, 0, 0, 0, 0, 0, 0, 0, 0, 0, 0, 0, 0, 0, 0, 0, 0, 0, 0, 0, 0.0043931464, 0.0038112542, 0.0037205159, 0.0038266936, 0.0041235765, 0.0044442276, 0.0045878394, 0.004827245, 0.0050033433, 0.005069936, 0.005161446, 0.005195757, 0.0051655057, 0.0051226057, 0.004972787, 0.0047303415, 0.0045734746, 0.004192938, 0.003739148, 0.003493637, 0.0029883513, 0.002490755, 0.0020253467, 0.0018062573, 0.0013879008, 0.0009713046, 0.00075150875, 0.00026485004, -0.0003077885, -0.0009757096, -0.0013420726, -0.002121224, -0.0029314056, -0.003335636, -0.0041223657, -0.0048584514, -0.0052014184, -0.0058220653, -0.006333515, -0.006701068, -0.0068195756, -0.0069093034, -0.0067968154, -0.006669442, -0.0062999493, -0.005836978, -0.0053710393, -0.0051656826, -0.0048618224, -0.0047454126, -0.0047650705, -0.0049522487, -0.0052977074, -0.005508665, -0.0059565203, -0.006374717, -0.0067001185, -0.006813897, -0.0069261137, -0.0068686525, -0.006772181, -0.006438932, -0.005919971, -0.0052309847, -0.004833568, -0.003970198, -0.0030867644, -0.0026697805, -0.0019541574, -0.0014767767, -0.0013496085, -0.0013368689, -0.0016363186, -0.0021970877, -0.0025490832, -0.0033313066, -0.004124705, -0.004493505, -0.005116522, -0.0055273552, -0.0056750462, -0.005640087, -0.005348275, -0.004776674, -0.0044034705, -0.0035769336, -0.002924947
0, 0, 0, 0, 0, 0, 0, 0, 0, 0, 0, 0, 0, 0, 0, 0, 0, 0, 0, 0, 0, 0, 0, 0, 0, 0, 0, 0, 0, 0, 0, 0, 0, 0, 0, 0, 0, 0, 0, 0, 0, 0, 0, 0, 0, 0, 0, 0, 0, 0, 0, 0, 0, 0, 0, 0, 0, 0, 0, 0, 0, 0, 0.0042470465, 0.0034587674, 0.0029768266, 0.002898128, 0.0030221078, 0.0033780562, 0.003801152, 0.0040024132, 0.0043455404, 0.0045932895, 0.0046811188, 0.004790668, 0.004820964, 0.0047803703, 0.0047340887, 0.0045888824, 0.004368695, 0.004228771, 0.0038876152, 0.0034678096, 0.0032325543, 0.0027255747, 0.002194985, 0.0016703862, 0.0014170478, 0.00093438587, 0.00047637802, 0.00025022015, -0.00021531551, -0.0007241466, -0.0012971583, -0.0016095547, -0.002278438, -0.0029830043, -0.003337483, -0.0040286947, -0.0046719857, -0.004969371, -0.005506282, -0.005957714, -0.006309286, -0.006441863, -0.0066059968, -0.006616339, -0.006558621, -0.006316721, -0.0059235073, -0.0054263426, -0.005159259, -0.004637399, -0.004195326, -0.0040237983, -0.0038018574, -0.0037429924, -0.0037654736, -0.00387978, -0.0040287357, -0.004149741, -0.0041845697, -0.0041845134, -0.0040801438, -0.003986947, -0.0037182702, -0.003339167, -0.0028482447, -0.0025610449, -0.0019115777, -0.0011890386, -0.0008178908, -0.00010467803, 0.0004937526, 0.0007233374, 0.0010008021, 0.0010057712, 0.0007381519, 0.0005135701, -7.578253e-05, -0.0007789769, -0.0011436902, -0.0018432607, -0.0024368435, -0.002862363, -0.002997701, -0.0030945714, -0.002952893, -0.0027987245, -0.0023800547, -0.0020094702
0, 0, 0, 0, 0, 0, 0, 0, 0, 0, 0, 0, 0, 0, 0, 0, 0, 0, 0, 0, 0, 0, 0, 0, 0, 0, 0, 0, 0, 0, 0, 0, 0, 0, 0, 0, 0, 0, 0, 0, 0, 0, 0, 0, 0, 0, 0, 0, 0, 0, 0, 0, 0, 0, 0, 0, 0, 0, 0, 0, 0.005411123, 0.004321033, 0.0036237475, 0.002851673, 0.0025297666, 0.0024911263, 0.0025983471, 0.0028758917, 0.0032309256, 0.0034116816, 0.003742987, 0.004002011, 0.004097749, 0.0042181914, 0.004246349, 0.0041925968, 0.004138833, 0.003983561, 0.0037711016, 0.0036439742, 0.0033456988, 0.0029856618, 0.0027820927, 0.0023313619, 0.0018365121, 0.0013222019, 0.0010661047, 0.0005700824, 0.000105516076, -0.00011525695, -0.00054302404, -0.0009735616, -0.0014333961, -0.001681061, -0.002214774, -0.0027902473, -0.0030852084, -0.0036679374, -0.0042120605, -0.0044602207, -0.004896908, -0.0052482593, -0.0055136755, -0.005614293, -0.005748229, -0.0057807667, -0.005752225, -0.005592624, -0.005283381, -0.0048287837, -0.00455464, -0.003946394, -0.0033141468, -0.0030122374, -0.0024789483, -0.0020768861, -0.001929492, -0.0017291015, -0.0016154298, -0.0015298994, -0.0014805526, -0.0013446411, -0.0011416866, -0.0010130142, -0.0007045992, -0.00033643906, 8.696475e-05, 0.00031996562, 0.00083227345, 0.0014066487, 0.001712717, 0.0023394267, 0.0029359842, 0.003201336, 0.003620535, 0.0038406856, 0.003823774, 0.0037231622, 0.0033514057, 0.0027947463, 0.0024681138, 0.001767689, 0.0010681512, 0.00043755086, 0.00016560598, -0.00026481666, -0.0005198721, -0.0005774663, -0.0005653818, -0.0004601641
0, 0, 0, 0, 0, 0, 0, 0, 0, 0, 0, 0, 0, 0, 0, 0, 0, 0, 0, 0, 0, 0, 0, 0, 0, 0, 0, 0, 0, 0, 0, 0, 0, 0, 0, 0, 0, 0, 0, 0, 0, 0, 0, 0, 0, 0, 0, 0, 0, 0, 0, 0, 0, 0, 0, 0, 0, 0, 0, 0, 0.00320253, 0.0029589478, 0.0027179988, 0.0023716365, 0.0022395698, 0.0022353986, 0.0023200307, 0.0024980805, 0.0027342732, 0.0028626325, 0.0031141876, 0.0033313252, 0.0034172484, 0.0035305005, 0.003557633, 0.0034991999, 0.0034412914, 0.0032800916, 0.0030716232, 0.0029537338, 0.0026941956, 0.002399274, 0.0022354964, 0.0018706345, 0.0014557005, 0.0010010862, 0.0007658373, 0.00029540434, -0.00015329408, -0.00036385286, -0.0007538147, -0.0011124336, -0.0014614164, -0.0016414773, -0.0020252098, -0.0024480755, -0.002671498, -0.003128459, -0.00356921, -0.0037726685, -0.0041265474, -0.00439522, -0.0045766616, -0.004637048, -0.0047042435, -0.0047020824, -0.004673157, -0.004546131, -0.0043060593, -0.0039298567, -0.0036877955, -0.0031049715, -0.002422618, -0.002062901, -0.0013507234, -0.0007057016, -0.00042374, 4.5262736e-05, 0.00039912184, 0.0006774638, 0.0008039962, 0.0010607876, 0.0013514048, 0.0015151629, 0.001879422, 0.0022818008, 0.0027091578, 0.0029292114, 0.003383671, 0.0038637258, 0.0041153408, 0.004638641, 0.0051687905, 0.0054242145, 0.0058833077, 0.0062242914, 0.0063935043, 0.0064012236, 0.0062515824, 0.0058889664, 0.005637004, 0.0050244625, 0.0043173553, 0.0035788997, 0.0032167565, 0.002538301, 0.0019583907, 0.001719337, 0.0013759588, 0.0012581794
0, 0, 0, 0, 0, 0, 0, 0, 0, 0, 0, 0, 0, 0, 0, 0, 0, 0, 0, 0, 0, 0, 0, 0, 0, 0, 0, 0, 0, 0, 0, 0, 0, 0, 0, 0, 0, 0, 0, 0, 0, 0, 0, 0, 0, 0, 0, 0, 0, 0, 0, 0, 0, 0, 0, 0, 0, 0, 0, 0.002192142, 0.0020344032, 0.0019753017, 0.0019467023, 0.0019203892, 0.0019461457, 0.0019749126, 0.0020549593, 0.0021595538, 0.0022878444, 0.00235859, 0.002507976, 0.0026521862, 0.002714743, 0.0028053976, 0.0028328348, 0.0027855786, 0.002734102, 0.002584799, 0.0023900103, 0.0022820265, 0.0020540801, 0.0018129122, 0.0016850228, 0.0014065817, 0.0010868305, 0.00071986683, 0.00052152755, 0.0001070725, -0.00030718817, -0.00050515734, -0.0008671696, -0.0011774087, -0.0014444076, -0.0015687321, -0.0018174133, -0.002087084, -0.002233976, -0.0025501049, -0.0028791719, -0.0030385372, -0.003324718, -0.0035419962, -0.0036748087, -0.0037097528, -0.0037246912, -0.0036800231, -0.0036383197, -0.0035152908, -0.0033243976, -0.0030390043, -0.0028526308, -0.002380609, -0.0017798777, -0.0014389989, -0.0007080528, 3.4686287e-05, 0.00039054238, 0.001038075, 0.001582119, 0.002028649, 0.0022244088, 0.0025869263, 0.0029453754, 0.003132542, 0.0035313587, 0.0039608357, 0.0044071176, 0.0046315063, 0.005075818, 0.0055136527, 0.0057320325, 0.0061719795, 0.0066174236, 0.00683894, 0.0072647193, 0.0076362332, 0.007907822, 0.00799145, 0.00802927, 0.007874402, 0.0077224453, 0.0072787516, 0.0066761132, 0.0059590447, 0.005573247, 0.004779186, 0.004001376, 0.003640336, 0.003045081, 0.0027701748
0, 0, 0, 0, 0, 0, 0, 0, 0, 0, 0, 0, 0, 0, 0, 0, 0, 0, 0, 0, 0, 0, 0, 0, 0, 0, 0, 0, 0, 0, 0, 0, 0, 0, 0, 0, 0, 0, 0, 0, 0, 0, 0, 0, 0, 0, 0, 0, 0, 0, 0, 0, 0, 0, 0, 0, 0, 0.0021494091, 0.0019698513, 0.001623093, 0.0014378784, 0.0014093452, 0.0014313956, 0.0015132414, 0.001613576, 0.0016625796, 0.0017485174, 0.0018142127, 0.0018665853, 0.0018918824, 0.0019468367, 0.0020095422, 0.0020422612, 0.0020990572, 0.002126315, 0.0021032677, 0.0020685992, 0.0019537606, 0.0017883482, 0.0016930206, 0.0014903006, 0.0012839829, 0.0011805317, 0.0009682192, 0.00073529145, 0.000465448, 0.00031443615, -1.6799042e-05, -0.0003711483, -0.0005480675, -0.00088212057, -0.0011680577, -0.0013954554, -0.0014894423, -0.0016512049, -0.0018038187, -0.0018855232, -0.0020711052, -0.0022878128, -0.0024032353, -0.0026292831, -0.0028191777, -0.002943504, -0.002975719, -0.0029822022, -0.002923237, -0.0028754736, -0.0027529094, -0.0025977686, -0.0023972257, -0.0022728601, -0.001956827, -0.0015311395, -0.0012737067, -0.00067896425, -7.264605e-06, 0.00034075568, 0.0010259358, 0.0016577346, 0.0022102683, 0.0024563898, 0.002900736, 0.0033069535, 0.0035065275, 0.003914369, 0.004344622, 0.0047949664, 0.0050230487, 0.0054737604, 0.0059059034, 0.006112732, 0.006510472, 0.0068931305, 0.007080219, 0.007445406, 0.007787952, 0.008083431, 0.008202246, 0.00835883, 0.008376353, 0.008323204, 0.008084961, 0.007671662, 0.00709917, 0.0067624566, 0.006012542, 0.0052059414, 0.0048066014, 0.004110571, 0.003770225
0, 0, 0, 0, 0, 0, 0, 0, 0, 0, 0, 0, 0, 0, 0, 0, 0, 0, 0, 0, 0, 0, 0, 0, 0, 0, 0, 0, 0, 0, 0, 0, 0, 0, 0, 0, 0, 0, 0, 0, 0, 0, 0, 0, 0, 0, 0, 0, 0, 0, 0, 0, 0, 0, 0, 0, 0.0018754619, 0.0015947553, 0.0014654105, 0.0012475449, 0.0011210046, 0.0010907948, 0.0011059234, 0.0011768942, 0.0012749964, 0.0013243188, 0.0014066938, 0.0014545206, 0.0014660278, 0.001462745, 0.001448101, 0.0014395517, 0.001441957, 0.0014574322, 0.0014770413, 0.0014776948, 0.0014634397, 0.001395333, 0.0012724797, 0.0011939883, 0.0010160116, 0.00082914147, 0.0007379966, 0.00056403613, 0.00039549684, 0.00021583714, 0.00011612843, -0.00011116405, -0.00037511752, -0.00051687425, -0.0008041417, -0.001071108, -0.0012918791, -0.0013809459, -0.0015188175, -0.001619433, -0.0016646631, -0.0017637804, -0.0018927061, -0.001970627, -0.0021464892, -0.0023256354, -0.0024729709, -0.002525121, -0.0025754455, -0.0025542201, -0.002521432, -0.00242628, -0.0023094222, -0.0021817563, -0.0021124114, -0.0019494116, -0.0017283369, -0.0015864504, -0.0012270381, -0.0007664033, -0.00050472224, 5.8664962e-05, 0.0006352019, 0.0011837828, 0.0014388219, 0.001905569, 0.0023226796, 0.00251957, 0.0029072375, 0.0033061337, 0.0037287627, 0.00394793, 0.004393739, 0.0048327954, 0.005044072, 0.00544395, 0.005812971, 0.0059868903, 0.0063177254, 0.006627445, 0.006910731, 0.007037848, 0.007249069, 0.007377523, 0.0074013113, 0.007350148, 0.00715153, 0.0067982515, 0.0065650735, 0.005997489, 0.005328544, 0.0049794805, 0.004350034, 0.0040479545
0, 0, 0, 0, 0, 0, 0, 0, 0, 0, 0, 0, 0, 0, 0, 0, 0, 0, 0, 0, 0, 0, 0, 0, 0, 0, 0, 0, 0, 0, 0, 0, 0, 0, 0, 0, 0, 0, 0, 0, 0, 0, 0, 0, 0, 0, 0, 0, 0, 0, 0, 0, 0, 0, 0, 0.0018416303, 0.0014870516, 0.0012438531, 0.0011624185, 0.0010459544, 0.0009670441, 0.0009223699, 0.0009145192, 0.00092958275, 0.0009780037, 0.0010093758, 0.0010696154, 0.0011056295, 0.0011028548, 0.0010869429, 0.0010356359, 0.0009780471, 0.0009545208, 0.0009266002, 0.0009252735, 0.0009336503, 0.0009338641, 0.00090805854, 0.0008330227, 0.0007755994, 0.0006288521, 0.00045960865, 0.0003748773, 0.00021842489, 8.730494e-05, -2.452727e-05, -7.931254e-05, -0.0002014548, -0.00035702068, -0.00045029382, -0.0006637008, -0.0008953066, -0.001116265, -0.0012140911, -0.0013747463, -0.0014876431, -0.0015308346, -0.0016069126, -0.001695357, -0.0017520405, -0.0018977181, -0.0020785287, -0.0022686233, -0.002356081, -0.0024945114, -0.0025692175, -0.002581475, -0.0025660011, -0.0025178883, -0.0024640453, -0.002440249, -0.0023992348, -0.0023535264, -0.0023197408, -0.002208638, -0.0020167914, -0.0018865155, -0.0015616601, -0.0011729657, -0.00075613504, -0.00054850447, -0.00015182269, 0.00021133355, 0.0003808831, 0.00070720894, 0.0010365178, 0.0013898626, 0.0015793893, 0.0019836049, 0.0024091676, 0.00262434, 0.0030458733, 0.003445054, 0.0036337269, 0.003987186, 0.0043111513, 0.004607072, 0.004744031, 0.004991164, 0.0051922523, 0.0052696606, 0.0053633815, 0.0053584096, 0.005236692, 0.0051289075, 0.0048193303, 0.004402267, 0.004170885, 0.0037440592, 0.0035669233
0, 0, 0, 0, 0, 0, 0, 0, 0, 0, 0, 0, 0, 0, 0, 0, 0, 0, 0, 0, 0, 0, 0, 0, 0, 0, 0, 0, 0, 0, 0, 0, 0, 0, 0, 0, 0, 0, 0, 0, 0, 0, 0, 0, 0, 0, 0, 0, 0, 0, 0, 0, 0, 0, 0.0019585476, 0.0016494853, 0.0012668413, 0.0010781182, 0.0010280873, 0.0009659926, 0.0009127574, 0.00085386896, 0.0008248572, 0.00077893125, 0.00076099526, 0.00076328195, 0.0007830478, 0.0008023237, 0.00079832465, 0.0007828748, 0.0007255666, 0.00064716843, 0.00060758804, 0.00054218824, 0.00050785625, 0.00050275266, 0.00050584285, 0.0005057342, 0.00047468604, 0.0004415961, 0.0003388531, 0.00019999486, 0.00012466391, -1.9007712e-05, -0.00013380116, -0.00021074997, -0.00023780792, -0.00028280987, -0.00034197784, -0.00038523236, -0.0005097396, -0.00068264507, -0.0008849206, -0.0009881754, -0.0011815093, -0.0013403974, -0.0014051597, -0.0015121828, -0.0016104903, -0.0016661284, -0.0018078741, -0.0020000532, -0.0022361455, -0.0023621481, -0.0026077298, -0.002816773, -0.0029005124, -0.0030226798, -0.0030952017, -0.0031427115, -0.0031658188, -0.0032241414, -0.0033031967, -0.0033474024, -0.0034287858, -0.0034736209, -0.003473205, -0.003415448, -0.0032812068, -0.0030855369, -0.0029727563, -0.0027351608, -0.002499643, -0.0023862242, -0.0021667918, -0.0019452644, -0.0017005428, -0.0015627907, -0.0012495614, -0.0008853409, -0.000686992, -0.00026898365, 0.00016112573, 0.00037480716, 0.00078981114, 0.0011811323, 0.0015435443, 0.0017136205, 0.0020295093, 0.0023120362, 0.0024387012, 0.0026567432, 0.0028171313, 0.0029057325, 0.002918939, 0.0028784638, 0.0027543907, 0.0026712425, 0.0025170527, 0.00250771
0, 0, 0, 0, 0, 0, 0, 0, 0, 0, 0, 0, 0, 0, 0, 0, 0, 0, 0, 0, 0, 0, 0, 0, 0, 0, 0, 0, 0, 0, 0, 0, 0, 0, 0, 0, 0, 0, 0, 0, 0, 0, 0, 0, 0, 0, 0, 0, 0, 0, 0, 0, 0, 0.0021669008, 0.0016362772, 0.0014323915, 0.0011546952, 0.0010175767, 0.0009824092, 0.0009429843, 0.00090510363, 0.000841924, 0.0008008771, 0.0007119681, 0.00063371105, 0.00060574815, 0.00057428575, 0.0005672592, 0.0005617527, 0.0005521548, 0.00050971576, 0.00043717417, 0.00039377503, 0.0003068861, 0.00023986949, 0.00020613777, 0.00020126438, 0.00020611523, 0.00020768127, 0.00019899053, 0.00015251628, 6.482238e-05, 9.342143e-06, -0.00010918757, -0.00021499272, -0.00028605372, -0.00030610446, -0.0003214608, -0.00032596642, -0.00033405877, -0.0003805836, -0.00048250152, -0.00063961954, -0.0007335558, -0.00093584677, -0.0011336581, -0.0012242108, -0.001384559, -0.0015246382, -0.0015943153, -0.0017528507, -0.001959159, -0.002226491, -0.002381109, -0.00271615, -0.0030569795, -0.003218914, -0.0035090342, -0.0037466576, -0.0039386293, -0.00402388, -0.0041892, -0.004365666, -0.0044617755, -0.0046666176, -0.004872991, -0.0049686586, -0.0051286635, -0.005232351, -0.0052731745, -0.0052722474, -0.005236846, -0.005172935, -0.0051349467, -0.005052091, -0.0049584056, -0.00484148, -0.004768503, -0.0045814305, -0.0043284604, -0.0041758143, -0.003820639, -0.0034105799, -0.00319081, -0.002734188, -0.0022705214, -0.0018159657, -0.0015951267, -0.0011708721, -0.00077326386, -0.00058512564, -0.00023163082, 8.814738e-05, 0.00036774357, 0.0004902383, 0.00069703814, 0.00085327134, 0.00091666804, 0.0010374051, 0.0011919226
0, 0, 0, 0, 0, 0, 0, 0, 0, 0, 0, 0, 0, 0, 0, 0, 0, 0, 0, 0, 0, 0, 0, 0, 0, 0, 0, 0, 0, 0, 0, 0, 0, 0, 0, 0, 0, 0, 0, 0, 0, 0, 0, 0, 0, 0, 0, 0, 0, 0, 0, 0.0022094457, 0.0020429797, 0.0016798936, 0.0013783994, 0.00126004, 0.0010865497, 0.0009857846, 0.0009566943, 0.0009239662, 0.0008955535, 0.0008415124, 0.00080059236, 0.00069557, 0.0005797857, 0.0005270934, 0.0004455558, 0.0004016543, 0.00038424775, 0.00037801178, 0.00035504706, 0.00030487907, 0.00026838266, 0.00018175112, 9.470315e-05, 3.1566055e-05, 1.3765571e-05, 6.6154525e-06, 2.4533543e-05, 3.5776724e-05, 4.677004e-05, 2.6159942e-05, 1.8684399e-06, -6.9806214e-05, -0.00015530465, -0.00023019855, -0.0002567768, -0.00028350865, -0.0002816656, -0.00027683895, -0.00027848178, -0.00031811532, -0.00041392472, -0.00048354367, -0.0006583875, -0.00086200685, -0.00096647954, -0.001169095, -0.0013559968, -0.0014456828, -0.0016302883, -0.0018466301, -0.002121234, -0.0022844737, -0.0026602373, -0.0030841057, -0.0033041209, -0.003739018, -0.0041433596, -0.004501941, -0.0046641664, -0.004962712, -0.005245422, -0.005387413, -0.0056816456, -0.0059899064, -0.006146007, -0.006451276, -0.006729388, -0.006963077, -0.007059876, -0.0072131706, -0.0073176343, -0.007354906, -0.0074060853, -0.0074312557, -0.007430102, -0.007417053, -0.007355474, -0.0072329845, -0.0071439994, -0.006904874, -0.0065833447, -0.006393644, -0.0059655076, -0.005486785, -0.004977021, -0.0047160136, -0.004191018, -0.0036713423, -0.003415944, -0.0029168362, -0.002435536, -0.001974417, -0.0017520805, -0.0013250861, -0.0009227466, -0.0007310549, -0.00037128798, -8.3701736e-05
0, 0, 0, 0, 0, 0, 0, 0, 0, 0, 0, 0, 0, 0, 0, 0, 0, 0, 0, 0, 0, 0, 0, 0, 0, 0, 0, 0, 0, 0, 0, 0, 0, 0, 0, 0, 0, 0, 0, 0, 0, 0, 0, 0, 0, 0, 0, 0, 0, 0, 0, 0.0015857457, 0.0015014898, 0.0013316079, 0.0011983751, 0.0011410061, 0.0010380893, 0.0009565909, 0.0009267497, 0.00088792783, 0.0008619437, 0.00082165207, 0.00078870135, 0.0006923097, 0.00056614215, 0.0004996344, 0.0003797286, 0.0002948548, 0.00024979745, 0.00023858334, 0.00022351049, 0.00019645887, 0.00017300998, 0.00010457038, 1.794505e-05, -6.257011e-05, -9.2473965e-05, -0.00012073007, -0.00010494463, -8.401818e-05, -3.107471e-05, 1.297637e-05, 2.4288332e-05, 1.8329e-05, -2.4628502e-05, -8.753218e-05, -0.00011873078, -0.00016695149, -0.00018629759, -0.0001857584, -0.00017514093, -0.0001739463, -0.00020991488, -0.000247926, -0.00036808202, -0.0005411048, -0.0006420963, -0.00085871806, -0.0010786096, -0.0011863098, -0.0013986026, -0.0016220659, -0.0018834252, -0.0020361913, -0.0023958373, -0.002827719, -0.0030659176, -0.0035709203, -0.0040860497, -0.0045822007, -0.0048169787, -0.005255971, -0.0056604347, -0.0058546267, -0.006238714, -0.0066280505, -0.0068259872, -0.007226204, -0.007618977, -0.007986404, -0.008154965, -0.008453442, -0.008694498, -0.008793962, -0.0089545855, -0.009071154, -0.009152825, -0.0091814175, -0.009211152, -0.009195199, -0.00916495, -0.009050849, -0.008853709, -0.00872168, -0.008390892, -0.007976626, -0.0074910456, -0.0072266525, -0.006665393, -0.0060736, -0.0057708668, -0.005157221, -0.004539432, -0.003921731, -0.0036136184, -0.002999871, -0.0023931954, -0.0020962972, -0.0015447141, -0.0011586157
0, 0, 0, 0, 0, 0, 0, 0, 0, 0, 0, 0, 0, 0, 0, 0, 0, 0, 0, 0, 0, 0, 0, 0, 0, 0, 0, 0, 0, 0, 0, 0, 0, 0, 0, 0, 0, 0, 0, 0, 0, 0, 0, 0, 0, 0, 0, 0, 0, 0, 0.0016553386, 0.0012973747, 0.0012163279, 0.0011386913, 0.0010985453, 0.0010755413, 0.0010123777, 0.0009361067, 0.0008999397, 0.00084348704, 0.00080608664, 0.0007720408, 0.0007479534, 0.0006726406, 0.00055843225, 0.0004906995, 0.00035139552, 0.00023033898, 0.00014710918, 0.00012114613, 9.292514e-05, 7.571556e-05, 6.377668e-05, 2.1565882e-05, -4.5650897e-05, -0.00012527005, -0.00016131894, -0.00021037093, -0.00021307045, -0.00019588589, -0.00013127815, -4.72692e-05, -7.006471e-06, 5.2719708e-05, 7.2236515e-05, 5.1105537e-05, 3.0367853e-05, -1.5886182e-05, -4.8589114e-05, -5.4906177e-05, -4.717059e-05, -2.4763714e-05, -1.3500107e-05, -2.1104748e-05, -7.6584096e-05, -0.00019448812, -0.0002762177, -0.0004756726, -0.0007047794, -0.00082328735, -0.0010590538, -0.0012925213, -0.0015366971, -0.0016704786, -0.0019776376, -0.0023530312, -0.0025682955, -0.0030496544, -0.0035814764, -0.004135405, -0.004411586, -0.004949073, -0.005457685, -0.005701255, -0.0061729825, -0.0066359537, -0.006867763, -0.007335191, -0.0078029223, -0.008257669, -0.00847477, -0.008876307, -0.009221781, -0.0093705775, -0.009619376, -0.009807644, -0.009945545, -0.009999052, -0.010079622, -0.010124629, -0.010131503, -0.010106941, -0.010017578, -0.009944166, -0.009732252, -0.009429177, -0.009035507, -0.008806832, -0.008292613, -0.007713712, -0.007404213, -0.0067525343, -0.0060666585, -0.0053544277, -0.004990249, -0.0042480626, -0.0034952718, -0.0031223858, -0.0024329394, -0.001979737
0, 0, 0, 0, 0, 0, 0, 0, 0, 0, 0, 0, 0, 0, 0, 0, 0, 0, 0, 0, 0, 0, 0, 0, 0, 0, 0, 0, 0, 0, 0, 0, 0, 0, 0, 0, 0, 0, 0, 0, 0, 0, 0, 0, 0, 0, 0, 0, 0, 0.0014192021, 0.0012612678, 0.0010890147, 0.0010480788, 0.0010306042, 0.0010384893, 0.0010344868, 0.0009960847, 0.00092213566, 0.0008790806, 0.0007976837, 0.00073665596, 0.0006938591, 0.000673005, 0.0006173688, 0.00052692887, 0.0004680129, 0.00033017987, 0.00018715239, 6.6858185e-05, 2.1023929e-05, -3.890501e-05, -6.640232e-05, -7.444866e-05, -9.447716e-05, -0.00013323147, -0.00019262104, -0.00022604896, -0.00028537182, -0.0003138857, -0.00031087053, -0.00026733216, -0.00018254906, -0.00013100432, -2.756075e-05, 5.397361e-05, 9.766077e-05, 0.000104894905, 9.922883e-05, 8.505846e-05, 8.206841e-05, 9.3326504e-05, 0.00012747785, 0.00016983108, 0.00018614004, 0.00019103813, 0.0001399065, 8.912898e-05, -6.245276e-05, -0.00026841747, -0.00038434492, -0.0006273455, -0.00086933107, -0.0011053588, -0.0012242515, -0.0014766122, -0.0017695677, -0.0019380801, -0.0023270273, -0.0027846303, -0.0032976225, -0.0035677087, -0.0041189753, -0.00466703, -0.0049354006, -0.00545811, -0.005966622, -0.006218203, -0.006721132, -0.007225375, -0.007725185, -0.007969169, -0.00843513, -0.008856542, -0.009045384, -0.00937345, -0.009632397, -0.009826362, -0.00990207, -0.010018276, -0.010093734, -0.010117618, -0.01013616, -0.010108331, -0.010073302, -0.009952931, -0.009755771, -0.009474143, -0.009300759, -0.00888935, -0.008396227, -0.008120959, -0.0075188465, -0.006855176, -0.0061381254, -0.0057615577, -0.0049768137, -0.0041607446, -0.0037516397, -0.0029930018, -0.0025085025
0, 0, 0, 0, 0, 0, 0, 0, 0, 0, 0, 0, 0, 0, 0, 0, 0, 0, 0, 0, 0, 0, 0, 0, 0, 0, 0, 0, 0, 0, 0, 0, 0, 0, 0, 0, 0, 0, 0, 0, 0, 0, 0, 0, 0, 0, 0, 0, 0.0017019196, 0.0012847075, 0.0010345026, 0.0009307808, 0.00091490534, 0.00092853897, 0.0009610854, 0.000969827, 0.00095417787, 0.000889518, 0.0008440982, 0.00074388995, 0.0006542483, 0.0005889478, 0.00056390424, 0.0005150918, 0.00044850926, 0.0004026102, 0.0002844285, 0.00014065887, -4.1285175e-06, -6.808804e-05, -0.00016750883, -0.00022357577, -0.00023758065, -0.0002506863, -0.00026306268, -0.00029206905, -0.00031394232, -0.00036618137, -0.00041205293, -0.00042533953, -0.00042084657, -0.00036878005, -0.00032598307, -0.00021697051, -9.732422e-05, 8.4285475e-06, 5.0737934e-05, 0.000111261834, 0.00014688312, 0.00016089478, 0.00019165299, 0.00023639879, 0.00029574594, 0.00032705962, 0.00037850303, 0.00039383207, 0.00038099836, 0.00030540646, 0.0001638839, 7.211353e-05, -0.00013985249, -0.00036845778, -0.0005951087, -0.00070508197, -0.0009212726, -0.0011455715, -0.0012678003, -0.0015455007, -0.001880666, -0.0022785468, -0.0024991306, -0.0029734299, -0.003474172, -0.0037282296, -0.004234453, -0.004732473, -0.0049786065, -0.005467539, -0.005956772, -0.006446787, -0.006690746, -0.0071698376, -0.0076255854, -0.0078394115, -0.0082297465, -0.00855994, -0.008823239, -0.008929897, -0.009096011, -0.009206173, -0.009242903, -0.009283745, -0.009282861, -0.009265991, -0.009195794, -0.009070586, -0.008881609, -0.0087609375, -0.008463515, -0.008088624, -0.007871691, -0.0073798425, -0.006813204, -0.006175431, -0.0058313296, -0.0050965394, -0.004311443, -0.003911772, -0.0031650309, -0.0026936086
0, 0, 0, 0, 0, 0, 0, 0, 0, 0, 0, 0, 0, 0, 0, 0, 0, 0, 0, 0, 0, 0, 0, 0, 0, 0, 0, 0, 0, 0, 0, 0, 0, 0, 0, 0, 0, 0, 0, 0, 0, 0, 0, 0, 0, 0, 0, 0.0016873835, 0.001457022, 0.0011148032, 0.0009110327, 0.00082018634, 0.000804253, 0.0008121606, 0.0008445779, 0.0008583328, 0.00086125155, 0.00081502565, 0.0007737478, 0.0006681372, 0.0005559448, 0.00046166123, 0.0004247633, 0.00036649726, 0.00031171244, 0.00027765447, 0.00018668953, 6.0693048e-05, -8.712726e-05, -0.00016164935, -0.0002948654, -0.00038858535, -0.00041760446, -0.00044447166, -0.00044644595, -0.00044787364, -0.00045412598, -0.0004823672, -0.0005251389, -0.00054688676, -0.0005755919, -0.00056879164, -0.00054743374, -0.00046779477, -0.0003482046, -0.00021020739, -0.00014234129, -2.0448935e-05, 7.424994e-05, 0.000111390196, 0.00017358837, 0.00023121819, 0.00029671853, 0.0003336543, 0.0004117208, 0.00048118783, 0.00050592306, 0.0005217394, 0.00048103748, 0.00043770272, 0.00030946004, 0.00014035267, -4.8655864e-05, -0.00014461498, -0.00033196027, -0.00051214633, -0.00060194265, -0.00079084287, -0.0010074486, -0.0012681333, -0.0014183068, -0.0017581829, -0.0021430948, -0.0023475864, -0.0027699228, -0.003197927, -0.0034113773, -0.0038344373, -0.0042552976, -0.004677696, -0.0048904805, -0.005319019, -0.0057466784, -0.005957201, -0.006363358, -0.006736296, -0.007060596, -0.007200745, -0.0074324985, -0.0075988513, -0.007658701, -0.0077356715, -0.0077625606, -0.007759316, -0.007721379, -0.0076420684, -0.007518705, -0.0074385772, -0.0072374474, -0.0069760303, -0.0068208273, -0.006458358, -0.006024308, -0.005517532, -0.0052367905, -0.004622385, -0.0039471495, -0.00359727, -0.0029371993, -0.0025223007
0, 0, 0, 0, 0, 0, 0, 0, 0, 0, 0, 0, 0, 0, 0, 0, 0, 0, 0, 0, 0, 0, 0, 0, 0, 0, 0, 0, 0, 0, 0, 0, 0, 0, 0, 0, 0, 0, 0, 0, 0, 0, 0, 0, 0, 0, 0.0013384699, 0.0012418184, 0.0011473837, 0.0009742292, 0.0008447485, 0.0007583986, 0.0007312285, 0.00070754095, 0.0007146864, 0.00072330417, 0.0007301509, 0.00070123066, 0.0006689938, 0.0005713638, 0.0004479446, 0.00032681116, 0.00027446897, 0.0001912319, 0.0001289967, 9.968513e-05, 2.961744e-05, -7.014668e-05, -0.00020247286, -0.00027740755, -0.0004279531, -0.0005571298, -0.00060593436, -0.0006665922, -0.0006835036, -0.0006761456, -0.0006711677, -0.0006714977, -0.00069306995, -0.0007107298, -0.00074988214, -0.00077576033, -0.00077652896, -0.00074235204, -0.0006566421, -0.00052827835, -0.00045473524, -0.0003045396, -0.00016926692, -0.0001121093, -1.9008528e-05, 5.305543e-05, 0.000119705226, 0.0001560079, 0.00024054694, 0.00033983952, 0.00039174585, 0.00048818582, 0.00055609486, 0.00057330576, 0.000566988, 0.0005065266, 0.00040203228, 0.0003385741, 0.00020166078, 6.366988e-05, -2.7838355e-06, -0.00013115391, -0.00026094346, -0.00040720054, -0.000491673, -0.00069096574, -0.00093503995, -0.0010727942, -0.0013729156, -0.0016933805, -0.0018568477, -0.0021828283, -0.0025045886, -0.0028234897, -0.0029837063, -0.0033101162, -0.0036477405, -0.003820978, -0.0041737696, -0.00452518, -0.00486009, -0.005015902, -0.005294043, -0.005518132, -0.0056077754, -0.005741964, -0.0058197915, -0.0058399495, -0.0058474033, -0.005815502, -0.0057477835, -0.00570027, -0.005575601, -0.005407242, -0.0053049233, -0.005059797, -0.004756808, -0.0043918253, -0.004184868, -0.0037221727, -0.0031997978, -0.0029244295, -0.0023985445, -0.002067883
0, 0, 0, 0, 0, 0, 0, 0, 0, 0, 0, 0, 0, 0, 0, 0, 0, 0, 0, 0, 0, 0, 0, 0, 0, 0, 0, 0, 0, 0, 0, 0, 0, 0, 0, 0, 0, 0, 0, 0, 0, 0, 0, 0, 0, 0.0013562235, 0.0011010149, 0.0009738914, 0.0009386989, 0.00088143966, 0.0008186717, 0.00074437796, 0.0007076201, 0.0006470627, 0.00061334396, 0.000605592, 0.0005967668, 0.00057436863, 0.00054996635, 0.0004677538, 0.00034704665, 0.00020925805, 0.00014238956, 2.553967e-05, -6.2645515e-05, -9.886709e-05, -0.00016598905, -0.00024587498, -0.0003547461, -0.00042114724, -0.0005703228, -0.0007212352, -0.0007886586, -0.0008934032, -0.0009499426, -0.0009640747, -0.0009609277, -0.0009497405, -0.0009486531, -0.00095568155, -0.0009836176, -0.0010184732, -0.0010324192, -0.0010384832, -0.0010017587, -0.0009163833, -0.0008577423, -0.00072135235, -0.0005794827, -0.0005134315, -0.00040047767, -0.00031405187, -0.00024464566, -0.00021081207, -0.00013335267, -3.2171258e-05, 2.8602166e-05, 0.00016618757, 0.00030947023, 0.00037640246, 0.00048627544, 0.00055068673, 0.00056379416, 0.0005525912, 0.00050380715, 0.00043395723, 0.00039642546, 0.00032383934, 0.00025735117, 0.00019202605, 0.00015627884, 6.887695e-05, -4.9818627e-05, -0.00012347811, -0.00029842596, -0.0005030346, -0.0006124228, -0.0008365235, -0.0010586237, -0.0012736939, -0.0013791195, -0.0015901705, -0.0018085976, -0.0019232798, -0.0021666351, -0.0024277829, -0.0027000315, -0.0028365396, -0.0031003037, -0.0033399558, -0.003446676, -0.0036286784, -0.0037654694, -0.0038170344, -0.0038884422, -0.003920536, -0.0039166966, -0.003901975, -0.0038466589, -0.0037554773, -0.0036956554, -0.0035457148, -0.0033523277, -0.0031121788, -0.002973512, -0.0026574947, -0.0022916752, -0.002095459, -0.0017151173, -0.0014733317
0, 0, 0, 0, 0, 0, 0, 0, 0, 0, 0, 0, 0, 0, 0, 0, 0, 0, 0, 0, 0, 0, 0, 0, 0, 0, 0, 0, 0, 0, 0, 0, 0, 0, 0, 0, 0, 0, 0, 0, 0, 0, 0, 0, 0.0014490505, 0.0012181748, 0.00093631155, 0.000828434, 0.0008146587, 0.00081329973, 0.00079822494, 0.0007477268, 0.00071013736, 0.0006266259, 0.00055311795, 0.00052490836, 0.0004858271, 0.00045492954, 0.0004348856, 0.00037022782, 0.00026551026, 0.0001281813, 5.3521188e-05, -9.181474e-05, -0.00021567837, -0.0002672612, -0.0003532962, -0.00043115835, -0.00052176014, -0.00057669025, -0.0007091944, -0.0008628377, -0.0009410416, -0.0010847978, -0.0011930781, -0.0012556058, -0.0012708319, -0.0012798859, -0.0012777548, -0.001278508, -0.001291072, -0.0013195128, -0.0013371087, -0.0013675271, -0.0013755889, -0.0013462772, -0.0013157061, -0.001225859, -0.0011110227, -0.001050493, -0.00093570945, -0.0008396906, -0.00076384406, -0.00073061005, -0.00066402165, -0.00058145996, -0.0005296379, -0.00040108562, -0.00024294523, -0.00015726082, 1.4635163e-05, 0.00016939582, 0.00029023463, 0.00033495974, 0.0003940976, 0.00041991656, 0.00042424654, 0.00042459957, 0.00042198197, 0.00042112867, 0.00042068295, 0.00041404372, 0.0003904174, 0.00036871768, 0.00030172474, 0.00020383603, 0.00014526676, 1.5136578e-05, -0.00012110463, -0.00025308804, -0.0003159486, -0.00043485346, -0.00054972136, -0.0006082374, -0.000732447, -0.0008723341, -0.0010308789, -0.0011168462, -0.0012985074, -0.0014865298, -0.001579886, -0.001759018, -0.001921251, -0.0019937183, -0.0021181388, -0.0022126045, -0.0022750334, -0.0022937774, -0.0023061472, -0.0022843461, -0.0022606996, -0.0021883764, -0.002082518, -0.0019428744, -0.0018598952, -0.0016658434, -0.0014343121, -0.0013070831, -0.0010542165, -0.0008865091
0, 0, 0, 0, 0, 0, 0, 0, 0, 0, 0, 0, 0, 0, 0, 0, 0, 0, 0, 0, 0, 0, 0, 0, 0, 0, 0, 0, 0, 0, 0, 0, 0, 0, 0, 0, 0, 0, 0, 0, 0, 0, 0, 0.0012478996, 0.0010916183, 0.0009701087, 0.0007824789, 0.0007035738, 0.00069753744, 0.00071789586, 0.00073593453, 0.00071604847, 0.00068822136, 0.0006049648, 0.00050824694, 0.00046352952, 0.00039270273, 0.0003446774, 0.0003243833, 0.0002755908, 0.00019812185, 8.1363876e-05, 1.0486305e-05, -0.00014380422, -0.00029603366, -0.0003648625, -0.00048307647, -0.0005780264, -0.0006647619, -0.00071137113, -0.00082132197, -0.0009592199, -0.0010367702, -0.0011989761, -0.0013509723, -0.0014717312, -0.0015168115, -0.0015763184, -0.0016048708, -0.0016131618, -0.0016285022, -0.0016534105, -0.0016708589, -0.0017131311, -0.0017548199, -0.0017788364, -0.0017795787, -0.0017534518, -0.0016915655, -0.0016505187, -0.0015580178, -0.0014662341, -0.0013871843, -0.0013537478, -0.0012952362, -0.0012382694, -0.0012050673, -0.0011208663, -0.0010044086, -0.0009337976, -0.00077205425, -0.0005952672, -0.00042064028, -0.00033904065, -0.00019397005, -7.557502e-05, -2.614671e-05, 5.698084e-05, 0.00012624411, 0.00018872968, 0.00021855532, 0.00027563891, 0.00032477637, 0.0003438686, 0.0003664461, 0.00036416922, 0.0003532941, 0.00031373222, 0.0002572812, 0.00019422451, 0.00016287561, 0.00010557734, 5.719749e-05, 3.625604e-05, -2.3237085e-06, -4.182777e-05, -8.9514186e-05, -0.00011832126, -0.00018881432, -0.00027832497, -0.0003300392, -0.00044504117, -0.0005707954, -0.00063527963, -0.0007622345, -0.00087912387, -0.0009785604, -0.0010195547, -0.0010817968, -0.0011155254, -0.0011215463, -0.0011126937, -0.0010770324, -0.0010161628, -0.00097617705, -0.0008760001, -0.0007475087, -0.0006731583, -0.00051661616, -0.00040113527
0, 0, 0, 0, 0, 0, 0, 0, 0, 0, 0, 0, 0, 0, 0, 0, 0, 0, 0, 0, 0, 0, 0, 0, 0, 0, 0, 0, 0, 0, 0, 0, 0, 0, 0, 0, 0, 0, 0, 0, 0, 0, 0.001085223, 0.000943948, 0.00080577086, 0.00073565304, 0.00061665924, 0.00055433356, 0.00054723956, 0.0005681524, 0.0006037243, 0.0006142138, 0.00060221995, 0.0005411933, 0.0004457484, 0.00039431994, 0.00030163454, 0.00023536614, 0.00021258606, 0.00017506312, 0.00012828821, 4.9740207e-05, -4.988731e-06, -0.00014139502, -0.0002988634, -0.0003782398, -0.0005252846, -0.000647333, -0.0007459483, -0.0007906186, -0.00088294665, -0.0009948112, -0.0010616598, -0.0012159979, -0.0013864952, -0.0015519212, -0.0016258647, -0.0017477974, -0.0018319106, -0.0018619885, -0.0019070394, -0.001946252, -0.0019678802, -0.002021888, -0.0020881847, -0.0021570902, -0.0021873408, -0.002229759, -0.0022390396, -0.0022299723, -0.0021887985, -0.0021277796, -0.0020630849, -0.0020337163, -0.001985364, -0.001950858, -0.0019361975, -0.0019039618, -0.0018535639, -0.0018172695, -0.0017178737, -0.0015839626, -0.0014232753, -0.0013372682, -0.0011625021, -0.000994712, -0.0009161458, -0.0007720026, -0.0006438456, -0.000527402, -0.00047207458, -0.00036368903, -0.00025760237, -0.00020604927, -0.0001086715, -2.467911e-05, 1.0449146e-05, 6.411864e-05, 9.481865e-05, 0.00010633486, 0.0001068642, 0.000103094644, 9.9323675e-05, 9.964417e-05, 0.000106601095, 0.00012224689, 0.00014303661, 0.00015364427, 0.00017087263, 0.0001765533, 0.00017322718, 0.00015154823, 0.00010905304, 8.070734e-05, 1.2690564e-05, -6.458e-05, -0.00014341692, -0.00018114857, -0.00024907768, -0.0003033351, -0.00032433952, -0.0003534452, -0.00036492242, -0.00035915207, -0.000349541, -0.00031517458, -0.00025757845, -0.00021931868, -0.00012759252, -4.4367447e-05
0, 0, 0, 0, 0, 0, 0, 0, 0, 0, 0, 0, 0, 0, 0, 0, 0, 0, 0, 0, 0, 0, 0, 0, 0, 0, 0, 0, 0, 0, 0, 0, 0, 0, 0, 0, 0, 0, 0, 0, 0, 0.00062931486, 0.00065445824, 0.00063145073, 0.00056732877, 0.0005285886, 0.00044975997, 0.00039190703, 0.00037868007, 0.00038559324, 0.00042155085, 0.00045314478, 0.00045710654, 0.00042955737, 0.00035680665, 0.00030947945, 0.00021162088, 0.00013259517, 0.00010493955, 7.133855e-05, 4.989724e-05, 1.3720401e-05, -1.6989745e-05, -0.00011166035, -0.00024603546, -0.00032261954, -0.00048009917, -0.00062495767, -0.00074298755, -0.00079238706, -0.00087927136, -0.0009682285, -0.0010200111, -0.0011469725, -0.0013061317, -0.0014860716, -0.0015774589, -0.0017494588, -0.0018931621, -0.0019521347, -0.002046405, -0.0021200376, -0.0021541356, -0.0022274961, -0.0023161513, -0.0024211206, -0.0024768533, -0.0025848246, -0.0026736956, -0.002706574, -0.0027451452, -0.0027497145, -0.0027312618, -0.0027183932, -0.0026951681, -0.0026832435, -0.00268285, -0.0026900026, -0.0026968522, -0.0026949365, -0.0026707316, -0.0026107423, -0.0025122159, -0.0024501395, -0.0023072616, -0.0021510727, -0.0020719504, -0.0019171488, -0.0017712405, -0.0016339975, -0.0015670621, -0.0014332575, -0.0012948781, -0.0012228921, -0.0010740265, -0.0009228816, -0.00084877707, -0.0007091709, -0.00058765424, -0.0004897407, -0.00044974525, -0.00038577145, -0.00033723895, -0.00031624993, -0.00027556665, -0.00023167672, -0.00018076977, -0.00015265614, -9.212729e-05, -2.942819e-05, 9.645958e-07, 5.6161196e-05, 9.984643e-05, 0.00011641723, 0.00013786295, 0.0001439921, 0.00013704771, 0.0001294406, 0.000108791995, 8.377789e-05, 7.085077e-05, 4.6410605e-05, 2.617122e-05, 1.3076198e-05, 1.01290125e-05, 1.4530639e-05, 3.725954e-05, 5.734186e-05, 0.00011583484, 0.00018411862
0, 0, 0, 0, 0, 0, 0, 0, 0, 0, 0, 0, 0, 0, 0, 0, 0, 0, 0, 0, 0, 0, 0, 0, 0, 0, 0, 0, 0, 0, 0, 0, 0, 0, 0, 0, 0, 0, 0, 0, 0.0005125094, 0.0004774478, 0.00042123417, 0.00039831773, 0.00037461956, 0.00035606956, 0.00030390642, 0.00024864697, 0.00022810025, 0.00021382737, 0.00023559482, 0.00027277097, 0.00028759052, 0.00029260543, 0.00025445278, 0.00021999737, 0.00013537775, 5.2976266e-05, 2.0744017e-05, -1.7521834e-05, -2.7673224e-05, -3.0785333e-05, -3.8976556e-05, -8.2412815e-05, -0.00017107103, -0.00023111208, -0.0003724858, -0.00052131095, -0.00065505836, -0.00071207096, -0.00080625626, -0.0008852775, -0.00092582195, -0.0010217254, -0.0011505864, -0.0013150051, -0.0014075617, -0.0016002273, -0.0017858387, -0.0018700738, -0.002016416, -0.0021352868, -0.0021878907, -0.0022896295, -0.0024011193, -0.0025332232, -0.0026078236, -0.0027685123, -0.002931348, -0.0030080539, -0.0031414214, -0.003240186, -0.0033041972, -0.0033255205, -0.003355471, -0.0033810248, -0.0033956522, -0.0034322208, -0.003476263, -0.0034981284, -0.003532911, -0.0035439164, -0.0035222245, -0.0034981153, -0.0034263202, -0.0033304312, -0.003276627, -0.0031637377, -0.0030491771, -0.0029351613, -0.0028776226, -0.0027577493, -0.0026258542, -0.0025534793, -0.00239446, -0.0022172343, -0.0021237019, -0.0019320295, -0.0017435048, -0.0015686232, -0.0014887535, -0.0013468101, -0.001228488, -0.0011769552, -0.0010857985, -0.0010046682, -0.0009271421, -0.00088802597, -0.00080625026, -0.0007179325, -0.00067125517, -0.00057356386, -0.0004725742, -0.00042212533, -0.0003242624, -0.00023381835, -0.00015482768, -0.00012056889, -6.3179614e-05, -2.0605083e-05, -4.323041e-06, 2.01041e-05, 3.7173413e-05, 5.165243e-05, 5.9454545e-05, 7.975974e-05, 0.00011206333, 0.00013513846, 0.00019723688, 0.00027040107
0, 0, 0, 0, 0, 0, 0, 0, 0, 0, 0, 0, 0, 0, 0, 0, 0, 0, 0, 0, 0, 0, 0, 0, 0, 0, 0, 0, 0, 0, 0, 0, 0, 0, 0, 0, 0, 0, 0, 0.0007203219, 0.0004927658, 0.00039607138, 0.0002784384, 0.00023421424, 0.00021974777, 0.00021179955, 0.00017992531, 0.00013131292, 0.000106866064, 7.3821015e-05, 7.331561e-05, 0.000100963094, 0.00011930626, 0.000147495, 0.00014560521, 0.00012970777, 7.3683244e-05, 2.8328957e-06, -3.0057081e-05, -7.5891585e-05, -8.961963e-05, -7.937942e-05, -7.2532304e-05, -7.226802e-05, -0.00010778529, -0.00014232328, -0.00024223849, -0.00036933657, -0.00050185405, -0.0005632587, -0.00066921837, -0.0007526896, -0.00078984787, -0.0008666948, -0.0009642589, -0.0010966242, -0.0011768352, -0.0013590296, -0.0015564499, -0.0016544294, -0.0018385282, -0.0020000753, -0.0020726367, -0.00220742, -0.002341835, -0.002492313, -0.0025773237, -0.0027682912, -0.0029809875, -0.0030912564, -0.0033078762, -0.0035047703, -0.0036704473, -0.0037399055, -0.00385433, -0.0039441753, -0.003983627, -0.004058079, -0.004133361, -0.0041716867, -0.004247219, -0.0043136957, -0.0043623876, -0.0043777353, -0.0043887636, -0.0043750405, -0.0043602963, -0.0043193907, -0.004267208, -0.004207248, -0.004174317, -0.0041002, -0.00401088, -0.003958633, -0.0038358679, -0.003686501, -0.003602221, -0.0034170533, -0.003215877, -0.0030085, -0.002905478, -0.0027063163, -0.0025218176, -0.0024361752, -0.0022787894, -0.0021386575, -0.0020123085, -0.0019528044, -0.001837498, -0.001722359, -0.0016632286, -0.0015391369, -0.0014059341, -0.0013361167, -0.0011915009, -0.0010439793, -0.0008991243, -0.00082935794, -0.0006980025, -0.0005799627, -0.0005262093, -0.0004289347, -0.00034215828, -0.00026206637, -0.00022303485, -0.00014391245, -5.8051894e-05, -1.0703558e-05, 9.35025e-05, 0.00019427227
0, 0, 0, 0, 0, 0, 0, 0, 0, 0, 0, 0, 0, 0, 0, 0, 0, 0, 0, 0, 0, 0, 0, 0, 0, 0, 0, 0, 0, 0, 0, 0, 0, 0, 0, 0, 0, 0, 0, 0.0004979316, 0.00034303244, 0.00026154108, 0.0001402757, 8.2385246e-05, 6.626498e-05, 6.3197585e-05, 4.816291e-05, 1.2317604e-05, -1.0741579e-05, -5.4182136e-05, -7.663162e-05, -6.758988e-05, -5.328405e-05, -1.5759186e-05, 1.2553603e-05, 1.6760012e-05, 7.721614e-07, -4.216786e-05, -6.791873e-05, -0.00011412579, -0.00013694703, -0.00013104634, -0.00012017516, -9.476186e-05, -8.515052e-05, -9.233333e-05, -0.00013650356, -0.00021848123, -0.00032471615, -0.00038097394, -0.0004889054, -0.00058135873, -0.0006212409, -0.0006945995, -0.00077247265, -0.0008724746, -0.0009344961, -0.0010853894, -0.0012657448, -0.0013627312, -0.0015595813, -0.0017489024, -0.0018378855, -0.002004163, -0.0021622605, -0.0023257143, -0.0024141849, -0.0026115868, -0.0028393448, -0.0029633893, -0.0032248858, -0.0034900096, -0.003742559, -0.00385957, -0.004069536, -0.0042454116, -0.0043220115, -0.0044575646, -0.0045790337, -0.004637389, -0.0047529596, -0.0048678, -0.004977459, -0.005028464, -0.0051183454, -0.0051880428, -0.0052145175, -0.00525109, -0.005267975, -0.005268082, -0.005262643, -0.0052415547, -0.005206239, -0.0051824846, -0.0051203477, -0.0050352607, -0.0049829353, -0.0048572067, -0.0047032963, -0.0045242882, -0.004427067, -0.0042219767, -0.0040093823, -0.0039027934, -0.003693747, -0.0034940883, -0.0033065514, -0.0032176476, -0.0030482332, -0.0028864455, -0.0028068814, -0.0026468947, -0.0024821893, -0.0023971451, -0.0022214162, -0.0020394537, -0.0018539862, -0.0017611524, -0.0015776088, -0.001399423, -0.0013128236, -0.001145178, -0.0009831222, -0.0008247508, -0.0007460428, -0.0005869748, -0.000422661, -0.00033769896, -0.00016566856, -2.0870066e-05
0, 0, 0, 0, 0, 0, 0, 0, 0, 0, 0, 0, 0, 0, 0, 0, 0, 0, 0, 0, 0, 0, 0, 0, 0, 0, 0, 0, 0, 0, 0, 0, 0, 0, 0, 0, 0, 0.0005096742, 0.0004535184, 0.00033082132, 0.00018876379, 0.00011683595, -3.3275023e-06, -7.5424585e-05, -0.000102926155, -0.00010719105, -0.00011386377, -0.00013623151, -0.00015523747, -0.00020039575, -0.00023892775, -0.00025217165, -0.00024651826, -0.00021480565, -0.00016964471, -0.00014919312, -0.00012372139, -0.00012626073, -0.0001368488, -0.00016698898, -0.00019263716, -0.00019748433, -0.00019006629, -0.00016048297, -0.00012370198, -0.00010954044, -0.00010004489, -0.00012442973, -0.00018244541, -0.00022131875, -0.00030980902, -0.00040015124, -0.00044209792, -0.0005185844, -0.0005886066, -0.0006651373, -0.00071023765, -0.0008213211, -0.0009644962, -0.0010474811, -0.0012297364, -0.0014236704, -0.0015211101, -0.0017108244, -0.0018916272, -0.0020682644, -0.0021581247, -0.0023493231, -0.002564156, -0.0026826018, -0.002941254, -0.0032225237, -0.0035145206, -0.003659736, -0.003939331, -0.0041949777, -0.004311733, -0.0045234445, -0.0047108643, -0.0047984864, -0.004967637, -0.005134754, -0.005302052, -0.005384796, -0.0055444697, -0.0056886245, -0.0057526166, -0.005860592, -0.0059405905, -0.005993722, -0.0060114656, -0.006032763, -0.006039321, -0.0060381424, -0.0060277088, -0.006004773, -0.0059871306, -0.005935849, -0.0058578774, -0.0057484186, -0.005681222, -0.0055227526, -0.005336013, -0.005233935, -0.005018027, -0.004792839, -0.004565627, -0.004453085, -0.004232342, -0.0040176995, -0.003912351, -0.003704344, -0.0034975647, -0.003393767, -0.0031843125, -0.002971946, -0.0027562752, -0.002647391, -0.002428114, -0.002207588, -0.0020971054, -0.0018757061, -0.0016532945, -0.0014284044, -0.0013146173, -0.0010828032, -0.0008433246, -0.0007208654, -0.00047954556, -0.00028987534
0, 0, 0, 0, 0, 0, 0, 0, 0, 0, 0, 0, 0, 0, 0, 0, 0, 0, 0, 0, 0, 0, 0, 0, 0, 0, 0, 0, 0, 0, 0, 0, 0, 0, 0, 0, 0, 0.000505875, 0.00041919082, 0.00026107224, 0.00011102786, 3.7418056e-05, -9.652928e-05, -0.00019603009, -0.00025198224, -0.0002667684, -0.000283183, -0.0003026039, -0.0003185427, -0.0003621204, -0.0004117681, -0.00044679327, -0.0004537297, -0.00044118255, -0.0003990018, -0.0003716623, -0.00031802486, -0.00028139152, -0.00027287824, -0.00027437662, -0.00028880715, -0.00029906095, -0.00029728666, -0.00027590618, -0.00023369168, -0.00020880855, -0.00016244633, -0.00013471954, -0.00013687616, -0.00015042041, -0.00019853929, -0.0002657919, -0.0003022667, -0.00037348882, -0.00043789964, -0.0004977749, -0.00052914285, -0.0006024122, -0.0006995446, -0.0007597087, -0.0009039591, -0.0010762701, -0.0011698379, -0.0013647426, -0.0015606867, -0.0017511575, -0.0018444805, -0.0020307824, -0.0022247944, -0.0023282098, -0.0025524618, -0.0028027906, -0.0030775038, -0.0032217004, -0.0035167076, -0.003810114, -0.0039524776, -0.0042238324, -0.004475191, -0.0045942464, -0.004822873, -0.0050446056, -0.0052647307, -0.005374366, -0.005590064, -0.0057941517, -0.005888995, -0.006058113, -0.006195063, -0.006297429, -0.0063363267, -0.006393519, -0.006429667, -0.0064422106, -0.006460519, -0.006472078, -0.006475095, -0.0064733536, -0.0064553553, -0.0064135245, -0.006381412, -0.0062920474, -0.0061677294, -0.0060927994, -0.005919452, -0.0057195164, -0.0054995683, -0.005384092, -0.0051455917, -0.0049010823, -0.004777712, -0.0045304894, -0.0042836666, -0.004160664, -0.0039154324, -0.003670934, -0.003425909, -0.0033028363, -0.0030546798, -0.0028030819, -0.0026757144, -0.0024174643, -0.0021545005, -0.0018854268, -0.0017481727, -0.0014671091, -0.001175266, -0.0010260257, -0.0007345673, -0.00051311386
0, 0, 0, 0, 0, 0, 0, 0, 0, 0, 0, 0, 0, 0, 0, 0, 0, 0, 0, 0, 0, 0, 0, 0, 0, 0, 0, 0, 0, 0, 0, 0, 0, 0, 0, 0, 0.0008493784, 0.00053997507, 0.0004408996, 0.00028257788, 0.00013556227, 5.988666e-05, -9.0104375e-05, -0.00022327312, -0.00032198138, -0.00035687568, -0.00040405183, -0.00043825098, -0.00045659966, -0.0005026773, -0.00055979734, -0.00061407615, -0.00063454104, -0.00065273483, -0.00063487026, -0.00061416667, -0.00055922224, -0.00050286326, -0.00048014784, -0.0004525636, -0.00044719377, -0.00045253403, -0.00045381315, -0.00044459567, -0.00041278856, -0.00038893393, -0.00033149702, -0.00027358468, -0.0002316459, -0.0002205529, -0.00022076124, -0.0002486601, -0.00027018748, -0.00032032843, -0.00037037066, -0.00041389719, -0.00043362536, -0.00047393524, -0.00052608, -0.00056067045, -0.00065264036, -0.00077923853, -0.00085521425, -0.0010276249, -0.0012173891, -0.0014117479, -0.0015075977, -0.0016940722, -0.001874663, -0.001964859, -0.0021503335, -0.002350463, -0.002571903, -0.0026915015, -0.0029475132, -0.0032204397, -0.003360712, -0.003643526, -0.0039228084, -0.004059704, -0.004327227, -0.0045874743, -0.0048429957, -0.0049695442, -0.005218899, -0.0054596104, -0.005574521, -0.0057879495, -0.005973264, -0.006124738, -0.0061873873, -0.0062876316, -0.0063584987, -0.0063848677, -0.00642419, -0.0064505935, -0.0064603584, -0.0064741075, -0.0064787464, -0.00647092, -0.0064607803, -0.0064246077, -0.006363065, -0.0063215806, -0.006214952, -0.0060762973, -0.0059065735, -0.0058107018, -0.0055995164, -0.0053666052, -0.0052438374, -0.004989161, -0.0047267154, -0.004594061, -0.0043277964, -0.0040613804, -0.0037949597, -0.0036612973, -0.0033918917, -0.003118812, -0.0029804057, -0.0026995416, -0.0024132784, -0.0021208078, -0.0019718364, -0.0016665198, -0.0013493289, -0.001187039, -0.0008710188, -0.0006347835
0, 0, 0, 0, 0, 0, 0, 0, 0, 0, 0, 0, 0, 0, 0, 0, 0, 0, 0, 0, 0, 0, 0, 0, 0, 0, 0, 0, 0, 0, 0, 0, 0, 0, 0, 0.00084904383, 0.00069567445, 0.00052175217, 0.00045462945, 0.00034097137, 0.0002233412, 0.00015659409, 7.717519e-06, -0.00014780056, -0.00028734864, -0.00034574736, -0.00043703712, -0.0005020129, -0.00052968186, -0.00058569224, -0.0006495255, -0.00071857387, -0.0007516057, -0.00080384297, -0.0008268252, -0.0008255814, -0.000800386, -0.0007560316, -0.00073242903, -0.0006926923, -0.0006708636, -0.00066638994, -0.00066742813, -0.00066739833, -0.0006539001, -0.0006395622, -0.0005954835, -0.00053729536, -0.0004777101, -0.0004516921, -0.00041463537, -0.00040141877, -0.00040363264, -0.00042065492, -0.00044538616, -0.0004680951, -0.00047700483, -0.00049101864, -0.00050588464, -0.00051734416, -0.00055530394, -0.00062254444, -0.0006696092, -0.0007903967, -0.00094206637, -0.0011139327, -0.001203147, -0.0013806751, -0.001551248, -0.0016327124, -0.001790345, -0.0019465392, -0.0021099276, -0.0021970135, -0.0023855513, -0.0025953637, -0.0027082423, -0.0029478702, -0.0032009825, -0.0033305332, -0.0035919454, -0.003852517, -0.0041097, -0.00423665, -0.0044869287, -0.0047307056, -0.004849426, -0.005078102, -0.0052904994, -0.005480861, -0.005566254, -0.0057152966, -0.005833905, -0.005881781, -0.0059557105, -0.006004207, -0.006020164, -0.006038845, -0.0060442905, -0.00603985, -0.0060346914, -0.006017981, -0.0059906817, -0.005971777, -0.0059197876, -0.0058435504, -0.0057380707, -0.005673214, -0.0055189156, -0.005333487, -0.0052303686, -0.005006689, -0.0047657187, -0.0046406197, -0.004384357, -0.00412288, -0.0038572797, -0.0037228402, -0.0034502489, -0.00317184, -0.0030304063, -0.0027431222, -0.002450328, -0.0021524704, -0.0020012646, -0.0016922592, -0.0013719185, -0.0012081575, -0.0008890304, -0.0006508431
0, 0, 0, 0, 0, 0, 0, 0, 0, 0, 0, 0, 0, 0, 0, 0, 0, 0, 0, 0, 0, 0, 0, 0, 0, 0, 0, 0, 0, 0, 0, 0, 0, 0, 0.00091036095, 0.0008013401, 0.00062115706, 0.00050466467, 0.0004633786, 0.0003945659, 0.00031695355, 0.00026700855, 0.000140807, -1.4213662e-05, -0.00017750586, -0.00025465613, -0.00038879513, -0.00049212476, -0.0005342416, -0.00060826726, -0.00068087794, -0.0007602847, -0.0008025251, -0.00088526163, -0.00095391, -0.0009788909, -0.0010061066, -0.0010044068, -0.000995522, -0.0009714355, -0.00094993395, -0.00094048196, -0.0009405104, -0.000946282, -0.0009511032, -0.0009496147, -0.0009344465, -0.00090108486, -0.0008534171, -0.0008270641, -0.00077611586, -0.0007356904, -0.00072123413, -0.0007042882, -0.0006992198, -0.0006986993, -0.0006979237, -0.0006926677, -0.0006832066, -0.0006782245, -0.0006730742, -0.000683343, -0.00069752865, -0.000748935, -0.00083312835, -0.0009477296, -0.0010134793, -0.0011544441, -0.001298498, -0.0013684318, -0.0015009368, -0.0016236936, -0.0017402803, -0.0017986653, -0.0019204866, -0.0020557663, -0.0021303312, -0.002295268, -0.0024810282, -0.0025805268, -0.0027892939, -0.0030055614, -0.0032231924, -0.0033311502, -0.0035440696, -0.0037526968, -0.003855737, -0.0040600076, -0.0042614713, -0.0044582197, -0.0045533497, -0.004733558, -0.0048945714, -0.0049656313, -0.005085686, -0.005173567, -0.0052052457, -0.0052456823, -0.005260566, -0.0052570524, -0.0052508726, -0.0052334876, -0.0052117873, -0.0051994785, -0.00516985, -0.005128652, -0.0050690556, -0.005030351, -0.0049323174, -0.0048055914, -0.0047317264, -0.0045648594, -0.0043763607, -0.004275595, -0.004063659, -0.0038404695, -0.003607084, -0.0034866817, -0.0032382507, -0.0029797447, -0.0028468978, -0.0025751842, -0.0022965712, -0.002012498, -0.0018683317, -0.0015740957, -0.0012694675, -0.0011135117, -0.0008081904, -0.0005765077
0, 0, 0, 0, 0, 0, 0, 0, 0, 0, 0, 0, 0, 0, 0, 0, 0, 0, 0, 0, 0, 0, 0, 0, 0, 0, 0, 0, 0, 0, 0, 0, 0, 0.0016477392, 0.0011046072, 0.00089469505, 0.0006573041, 0.00053830777, 0.0005011281, 0.00044711152, 0.00039384278, 0.0003589892, 0.00026169672, 0.00012445971, -4.084322e-05, -0.00012723512, -0.0002921042, -0.0004326658, -0.0004918791, -0.00059195596, -0.0006799266, -0.0007699768, -0.0008188486, -0.00092404184, -0.0010320464, -0.0010827235, -0.0011692365, -0.0012276998, -0.0012456054, -0.0012627941, -0.001264517, -0.0012644277, -0.001266746, -0.0012791024, -0.0012996685, -0.0013106036, -0.0013280723, -0.0013323319, -0.0013181755, -0.0013040558, -0.0012653087, -0.0012192886, -0.0011964137, -0.0011558378, -0.0011250378, -0.0011033753, -0.0010946271, -0.001078089, -0.0010580473, -0.0010460292, -0.0010182054, -0.000989228, -0.0009767254, -0.00096195826, -0.0009680674, -0.0010007315, -0.0010272341, -0.0010973078, -0.0011827465, -0.0012283018, -0.0013184157, -0.0014020586, -0.00147674, -0.0015113169, -0.0015782024, -0.0016482947, -0.0016869609, -0.0017756065, -0.0018819434, -0.001941815, -0.0020732975, -0.0022159792, -0.0023631519, -0.0024366034, -0.0025810916, -0.0027220733, -0.0027919256, -0.0029331471, -0.0030798228, -0.003235041, -0.0033158674, -0.0034815175, -0.0036466296, -0.0037262402, -0.003873205, -0.0039962735, -0.0040468, -0.004123397, -0.004168035, -0.0041849464, -0.00418523, -0.004174113, -0.004153114, -0.004140248, -0.0041110134, -0.0040761176, -0.0040323553, -0.00400585, -0.003941378, -0.00385971, -0.003812064, -0.0037035716, -0.0035784247, -0.0035102, -0.0033634591, -0.003203037, -0.003028658, -0.0029360605, -0.0027395193, -0.0025282972, -0.0024176517, -0.0021876493, -0.0019480881, -0.0017011103, -0.0015750676, -0.0013167543, -0.0010480087, -0.00090954674, -0.0006347856, -0.00041775094
0, 0, 0, 0, 0, 0, 0, 0, 0, 0, 0, 0, 0, 0, 0, 0, 0, 0, 0, 0, 0, 0, 0, 0, 0, 0, 0, 0, 0, 0, 0, 0, 0, 0.001428488, 0.0011063262, 0.00096758804, 0.00077066483, 0.0006467458, 0.00060203276, 0.00053387554, 0.000477908, 0.00044749255, 0.0003683833, 0.0002524563, 9.9152894e-05, 1.2675786e-05, -0.00016731523, -0.0003379155, -0.00041445676, -0.0005484798, -0.0006628271, -0.00077144604, -0.00082784885, -0.00095121213, -0.0010872212, -0.001157943, -0.0012947932, -0.0014136826, -0.0014628248, -0.0015368921, -0.0015828701, -0.0016111638, -0.0016233808, -0.001651019, -0.0016879103, -0.0017098727, -0.0017569165, -0.0017997437, -0.0018269934, -0.0018324353, -0.0018245908, -0.0017945874, -0.0017736714, -0.0017264546, -0.0016810151, -0.0016443138, -0.0016299845, -0.0016074626, -0.0015874596, -0.0015762587, -0.0015465616, -0.0015046843, -0.0014790845, -0.0014221023, -0.001364791, -0.0013168394, -0.0012991705, -0.0012792017, -0.0012793844, -0.0012857072, -0.0013061771, -0.0013305871, -0.0013523821, -0.0013616905, -0.0013768445, -0.0013909714, -0.0013993011, -0.0014220579, -0.0014561018, -0.0014780124, -0.0015309103, -0.0015930205, -0.0016589478, -0.001691794, -0.0017546173, -0.0018127789, -0.0018406605, -0.0018970597, -0.001959228, -0.0020332905, -0.002076109, -0.0021742028, -0.002286885, -0.0023470344, -0.0024697748, -0.0025880842, -0.0026426096, -0.0027378125, -0.002810083, -0.002857232, -0.002871619, -0.0028839319, -0.0028779753, -0.0028694966, -0.002843912, -0.00280894, -0.002766838, -0.002743409, -0.0026921043, -0.0026351213, -0.002604456, -0.0025387118, -0.0024666868, -0.0024281084, -0.0023449517, -0.0022514444, -0.0021452722, -0.002086738, -0.0019577085, -0.0018128033, -0.0017348748, -0.0015692106, -0.0013923869, -0.0012065375, -0.001110487, -0.000911663, -0.0007012809, -0.0005908566, -0.00036511084, -0.00017322367
0, 0, 0, 0, 0, 0, 0, 0, 0, 0, 0, 0, 0, 0, 0, 0, 0, 0, 0, 0, 0, 0, 0, 0, 0, 0, 0, 0, 0, 0, 0, 0, 0.0018771032, 0.0013744313, 0.0011445648, 0.0010649292, 0.0009340421, 0.00082193187, 0.0007709487, 0.0006810806, 0.0006044979, 0.0005681855, 0.00048872567, 0.0003860284, 0.00024916138, 0.00016794144, -1.274505e-05, -0.0002014088, -0.0002931984, -0.00046381, -0.0006152018, -0.0007543934, -0.00082326395, -0.00096695713, -0.0011241913, -0.0012078008, -0.0013794954, -0.0015460129, -0.0016227744, -0.0017560957, -0.0018591387, -0.0019359565, -0.001967788, -0.0020267805, -0.002088335, -0.0021220655, -0.0021957783, -0.0022716173, -0.0023383894, -0.0023645305, -0.0023965323, -0.0023984413, -0.0023892228, -0.0023553907, -0.0023117634, -0.0022702932, -0.0022530656, -0.0022273785, -0.002210663, -0.0022033222, -0.0021842348, -0.0021504285, -0.0021257785, -0.0020590269, -0.001971592, -0.0018711842, -0.0018197424, -0.0017210317, -0.0016341303, -0.0015964541, -0.0015321637, -0.0014796563, -0.0014333504, -0.0014111836, -0.0013673725, -0.0013242185, -0.0013033442, -0.001264857, -0.0012324379, -0.0012191654, -0.0011979667, -0.0011828728, -0.001170265, -0.0011635942, -0.0011477354, -0.0011272898, -0.001115291, -0.0010895535, -0.0010648808, -0.0010469606, -0.0010423381, -0.0010444315, -0.0010637144, -0.0010799484, -0.0011245137, -0.0011816187, -0.0012131314, -0.0012780592, -0.0013402128, -0.0013937524, -0.0014157393, -0.0014481879, -0.0014638918, -0.0014655276, -0.0014568652, -0.0014346995, -0.0014029131, -0.0013846592, -0.0013458994, -0.0013064933, -0.0012872403, -0.0012500541, -0.001214183, -0.0011963767, -0.0011596526, -0.0011185664, -0.0010699955, -0.0010420993, -0.0009779403, -0.00090230495, -0.00086027285, -0.0007687332, -0.0006682143, -0.00055977656, -0.00050268654, -0.00038173806, -0.00024800768, -0.00017454059, -1.395341e-05, 0.00014299636
0, 0, 0, 0, 0, 0, 0, 0, 0, 0, 0, 0, 0, 0, 0, 0, 0, 0, 0, 0, 0, 0, 0, 0, 0, 0, 0, 0, 0, 0, 0.0023725496, 0.0019035457, 0.0014244673, 0.0012485234, 0.001202699, 0.0011977473, 0.0011851127, 0.0011444514, 0.0011112596, 0.0010246412, 0.000923455, 0.0008717038, 0.00076984713, 0.00066826714, 0.0005571959, 0.00049427745, 0.00034678407, 0.00016925539, 7.0611175e-05, -0.00013973842, -0.00035668557, -0.0005700098, -0.00067377003, -0.0008753044, -0.0010730742, -0.0011725468, -0.0013768834, -0.0015896001, -0.001698267, -0.0019165842, -0.002129057, -0.0023276338, -0.0024201425, -0.002590266, -0.0027433822, -0.0028149884, -0.0029510558, -0.0030811501, -0.003205309, -0.0032639734, -0.0033713793, -0.0034591146, -0.003493665, -0.0035428167, -0.0035663263, -0.0035703806, -0.003567619, -0.0035581356, -0.0035486964, -0.0035446933, -0.0035374877, -0.0035259738, -0.0035158463, -0.00348088, -0.0034195047, -0.003326521, -0.0032678524, -0.0031292178, -0.0029690424, -0.0028838569, -0.002709319, -0.0025354535, -0.0023661554, -0.0022836598, -0.0021222176, -0.0019628713, -0.0018831012, -0.0017211676, -0.0015550122, -0.0014704093, -0.0012982772, -0.0011251137, -0.0009547619, -0.00087163446, -0.00071133755, -0.00055974507, -0.000487086, -0.0003470025, -0.00021119104, -7.623654e-05, -8.010917e-06, 0.0001307358, 0.0002718627, 0.00034243776, 0.00048051364, 0.0006097159, 0.0006691994, 0.0007745971, 0.0008593183, 0.0009225385, 0.0009464408, 0.000981224, 0.0010020366, 0.0010086996, 0.0010168012, 0.0010200541, 0.0010195461, 0.0010179845, 0.0010119951, 0.0010020522, 0.0009958544, 0.0009813433, 0.0009652434, 0.0009569232, 0.0009403449, 0.00092388416, 0.0009067777, 0.00089760596, 0.00087702647, 0.0008528363, 0.0008391171, 0.0008085158, 0.0007747754, 0.0007398593, 0.0007230343, 0.0006931058, 0.0006749516, 0.0006744716, 0.0007040807, 0.0007907176
0, 0, 0, 0, 0, 0, 0, 0, 0, 0, 0, 0, 0, 0, 0, 0, 0, 0, 0, 0, 0, 0, 0, 0, 0, 0, 0, 0, 0, 0, 0.0016410958, 0.001475184, 0.0012314932, 0.0011380443, 0.0011315871, 0.0011421703, 0.0011635175, 0.0011606733, 0.0011450961, 0.0010856737, 0.0009973941, 0.0009469843, 0.0008428089, 0.0007401837, 0.00063757447, 0.0005831501, 0.000460347, 0.0003095125, 0.00022192209, 2.395302e-05, -0.00019641515, -0.00042678748, -0.00054203277, -0.0007673244, -0.0009840111, -0.0010900787, -0.0013021764, -0.0015206932, -0.0016339289, -0.001869389, -0.0021134748, -0.0023583202, -0.0024777483, -0.0027050828, -0.0029118878, -0.0030068317, -0.0031808505, -0.0033375598, -0.0034824782, -0.0035519258, -0.0036860758, -0.0038123308, -0.003870914, -0.003975683, -0.0040588584, -0.004117573, -0.0041379817, -0.004163484, -0.004172785, -0.0041732322, -0.0041685053, -0.0041570473, -0.0041485503, -0.0041230563, -0.0040815366, -0.004016885, -0.003974098, -0.003866227, -0.0037298226, -0.0036520958, -0.0034823702, -0.003299851, -0.0031116523, -0.0030165631, -0.0028261498, -0.0026338485, -0.002535977, -0.0023339961, -0.002120914, -0.0020095832, -0.0017777525, -0.0015370495, -0.0012941526, -0.0011741769, -0.0009423585, -0.0007257679, -0.0006240537, -0.0004338614, -0.00025800717, -9.026303e-05, -7.1406316e-06, 0.00016127374, 0.00033575887, 0.00042556538, 0.00060906156, 0.0007935589, 0.00088417885, 0.0010579684, 0.0012164281, 0.0013552427, 0.0014162222, 0.0015212232, 0.0016044477, 0.001638404, 0.0016918677, 0.0017275718, 0.0017465779, 0.0017503034, 0.0017471134, 0.0017319224, 0.0017206686, 0.0016932205, 0.0016616184, 0.0016449315, 0.001610781, 0.0015754998, 0.0015375806, 0.001516787, 0.0014700715, 0.0014149335, 0.001384002, 0.0013156506, 0.001240565, 0.0011616013, 0.001121792, 0.0010450007, 0.0009792352, 0.00095538114, 0.0009443665, 0.0010116438
0, 0, 0, 0, 0, 0, 0, 0, 0, 0, 0, 0, 0, 0, 0, 0, 0, 0, 0, 0, 0, 0, 0, 0, 0, 0, 0, 0, 0, 0.0015628295, 0.001246686, 0.0011473448, 0.0010291303, 0.0009877287, 0.0009941385, 0.0010069938, 0.0010382542, 0.0010562637, 0.0010546632, 0.0010235491, 0.0009575689, 0.00091425714, 0.0008169934, 0.000716103, 0.0006179322, 0.0005690711, 0.00046539717, 0.0003429982, 0.00027132727, 0.000103383565, -9.617016e-05, -0.00031868007, -0.00043451454, -0.0006667734, -0.0008933255, -0.0010033796, -0.0012200198, -0.0014381781, -0.001550807, -0.0017877591, -0.00204135, -0.0023072714, -0.0024416826, -0.0027054183, -0.0029522895, -0.0030663647, -0.003273876, -0.0034561006, -0.0036191521, -0.003696584, -0.0038489737, -0.0040025786, -0.0040798048, -0.004232134, -0.004374001, -0.0044953576, -0.004545964, -0.0046245484, -0.0046729655, -0.004686951, -0.0046983548, -0.004692984, -0.0046857423, -0.0046644094, -0.004634087, -0.0045915246, -0.004564039, -0.004493187, -0.004397299, -0.0043393, -0.0042036884, -0.004045648, -0.003870825, -0.0037790448, -0.0035889095, -0.0033914503, -0.0032892802, -0.0030764344, -0.0028482135, -0.002727185, -0.0024709352, -0.00219764, -0.0019131004, -0.0017693732, -0.0014851452, -0.0012125471, -0.0010825812, -0.0008379418, -0.0006128838, -0.00040330476, -0.00030232873, -0.00010336872, 9.6030315e-05, 0.00019704018, 0.0004023161, 0.00061079615, 0.0007151075, 0.0009210428, 0.001119232, 0.0013050033, 0.0013919411, 0.0015525646, 0.0016941171, 0.0017572893, 0.0018676417, 0.0019558913, 0.0020211125, 0.0020450868, 0.0020761183, 0.0020866212, 0.0020852454, 0.0020716058, 0.0020467225, 0.0020310648, 0.0019946233, 0.0019521397, 0.0019026439, 0.0018746435, 0.0018110031, 0.0017361861, 0.001694546, 0.0016035961, 0.0015049103, 0.001401827, 0.0013498056, 0.0012480622, 0.001156842, 0.001120536, 0.0010882538, 0.0011477055
0, 0, 0, 0, 0, 0, 0, 0, 0, 0, 0, 0, 0, 0, 0, 0, 0, 0, 0, 0, 0, 0, 0, 0, 0, 0, 0, 0, 0.0011803505, 0.00109964, 0.00094625406, 0.00089532847, 0.0008402234, 0.0008207108, 0.0008221339, 0.00082882185, 0.00084855873, 0.00086658436, 0.0008697912, 0.000856656, 0.0008115876, 0.0007777673, 0.0006932703, 0.0005970441, 0.0004999684, 0.00045257155, 0.00035824595, 0.0002569041, 0.00019980078, 6.630973e-05, -9.7735894e-05, -0.0002907706, -0.00039562536, -0.00061412307, -0.0008352492, -0.00094458606, -0.001159567, -0.0013732407, -0.0014820279, -0.0017091975, -0.0019532754, -0.0022141205, -0.0023487653, -0.0026192516, -0.0028808122, -0.0030044701, -0.0032327434, -0.003434275, -0.0036133248, -0.0036974247, -0.0038622061, -0.0040307837, -0.004118163, -0.004298754, -0.0044808537, -0.0046527553, -0.0047309124, -0.00486507, -0.0049649756, -0.0050014253, -0.005049317, -0.0050694584, -0.0050715473, -0.005064538, -0.0050474834, -0.005022503, -0.0050067846, -0.004965988, -0.0049081063, -0.004871018, -0.004778214, -0.004660052, -0.0045187506, -0.004440768, -0.0042729173, -0.0040922505, -0.0039974106, -0.0037983789, -0.003584508, -0.0034709913, -0.003229353, -0.0029681276, -0.002689237, -0.0025448475, -0.0022501606, -0.0019539401, -0.0018074762, -0.0015214576, -0.0012474327, -0.0009867545, -0.00086099043, -0.00061709166, -0.0003810857, -0.00026525906, -3.71235e-05, 0.00018692896, 0.00029737948, 0.00051454915, 0.0007258161, 0.0009291878, 0.0010274956, 0.0012163534, 0.001393316, 0.0014765871, 0.0016312483, 0.001767452, 0.0018825172, 0.0019314232, 0.002011001, 0.0020670344, 0.002086734, 0.0021108992, 0.0021170862, 0.002114407, 0.0020983953, 0.002069347, 0.00202705, 0.0020008392, 0.0019380086, 0.0018612922, 0.0018180639, 0.0017230634, 0.0016196596, 0.0015110979, 0.0014560814, 0.0013474165, 0.0012480189, 0.0012072629, 0.0011671098, 0.0012247117
0, 0, 0, 0, 0, 0, 0, 0, 0, 0, 0, 0, 0, 0, 0, 0, 0, 0, 0, 0, 0, 0, 0, 0, 0, 0, 0, 0.0007488214, 0.0007586909, 0.0007091437, 0.00066092017, 0.0006488487, 0.00063961715, 0.0006344254, 0.0006270877, 0.00062381575, 0.0006212235, 0.0006221552, 0.0006216956, 0.00061164366, 0.00058098027, 0.0005560571, 0.00048790214, 0.00040190815, 0.00030762926, 0.00026037573, 0.00016747716, 7.594698e-05, 2.8159675e-05, -7.707956e-05, -0.00020313363, -0.00035520262, -0.0004407461, -0.0006272361, -0.000826492, -0.0009284599, -0.0011331759, -0.0013377273, -0.0014406623, -0.0016516319, -0.0018734613, -0.0021088026, -0.0022310968, -0.0024805428, -0.0027294336, -0.0028506555, -0.003081339, -0.0032923822, -0.003484068, -0.0035742347, -0.003749109, -0.0039246124, -0.004014932, -0.0042028297, -0.0043976377, -0.004591689, -0.004684829, -0.0048565264, -0.005000677, -0.0050606513, -0.0051557166, -0.005219733, -0.005241744, -0.005269763, -0.005282093, -0.0052828155, -0.005279522, -0.005265083, -0.005237437, -0.005217374, -0.0051619015, -0.0050833113, -0.0049807387, -0.0049209003, -0.0047858763, -0.004633682, -0.0045522093, -0.004380081, -0.004196225, -0.004099645, -0.0038965973, -0.003678896, -0.0034450283, -0.003321844, -0.0030633942, -0.0027903807, -0.0026491147, -0.0023596543, -0.0020646101, -0.0017690489, -0.0016224656, -0.0013344588, -0.0010561205, -0.0009214501, -0.0006617567, -0.00041534097, -0.00029699903, -6.8699155e-05, 0.00014947772, 0.00035895035, 0.00046076582, 0.0006592893, 0.0008504026, 0.00094285444, 0.0011201781, 0.0012848788, 0.0014337725, 0.0015014, 0.0016216325, 0.0017211776, 0.0017630692, 0.0018316578, 0.0018804314, 0.0018978266, 0.0019189896, 0.0019226838, 0.0019089885, 0.0018957028, 0.0018564181, 0.0018010311, 0.0017676974, 0.0016915401, 0.0016047515, 0.0015104708, 0.0014614786, 0.0013625624, 0.0012696416, 0.0012311544, 0.0011939075, 0.0012537531
0, 0, 0, 0, 0, 0, 0, 0, 0, 0, 0, 0, 0, 0, 0, 0, 0, 0, 0, 0, 0, 0, 0, 0, 0, 0, 0, 0.0004763854, 0.00045009772, 0.00039848124, 0.0003822332, 0.0003856464, 0.00039847652, 0.0004015887, 0.00038713243, 0.000374987, 0.000347654, 0.00032368492, 0.00031362736, 0.0002949655, 0.0002702213, 0.00025281226, 0.00020370385, 0.00013524288, 5.171298e-05, 7.1877243e-06, -8.3362786e-05, -0.00017144282, -0.0002143619, -0.00030097735, -0.00039532577, -0.0005055159, -0.0005687338, -0.0007114569, -0.00087508414, -0.0009627783, -0.001145795, -0.0013337856, -0.0014286159, -0.001618785, -0.0018120549, -0.0020105953, -0.0021125132, -0.0023215867, -0.0025359464, -0.0026438471, -0.002857601, -0.0030651237, -0.0032629801, -0.0033581727, -0.0035424738, -0.0037224698, -0.0038122043, -0.003993733, -0.004178438, -0.0043645976, -0.0044565233, -0.004633883, -0.0047970805, -0.00487156, -0.0050037694, -0.005112718, -0.005158548, -0.005234489, -0.0052914615, -0.0053316937, -0.0053458572, -0.0053630644, -0.0053649377, -0.0053598695, -0.0053359936, -0.0052922703, -0.005226755, -0.0051855366, -0.0050868005, -0.004968482, -0.00490301, -0.0047623306, -0.004611632, -0.004533561, -0.004372585, -0.0042048846, -0.0040286845, -0.0039362367, -0.003740035, -0.0035253742, -0.003410038, -0.0031625184, -0.0028935869, -0.0026074422, -0.0024599743, -0.002161046, -0.0018634656, -0.001717382, -0.0014342736, -0.0011661813, -0.0010381264, -0.0007938009, -0.00056342443, -0.0003451737, -0.00023981858, -3.53565e-05, 0.00016145856, 0.0002570211, 0.00044189126, 0.0006171439, 0.0007808818, 0.00085771066, 0.0010006701, 0.0011284519, 0.0011864522, 0.0012901505, 0.0013771937, 0.0014143848, 0.0014760243, 0.00152043, 0.0015475795, 0.0015546173, 0.0015559416, 0.0015408571, 0.0015274802, 0.0014900854, 0.0014398226, 0.0013784736, 0.0013444166, 0.0012721951, 0.0012018593, 0.0011729769, 0.0011514871, 0.0012201056
0, 0, 0, 0, 0, 0, 0, 0, 0, 0, 0, 0, 0, 0, 0, 0, 0, 0, 0, 0, 0, 0, 0, 0, 0, 0, 0.00040963705, 0.0002740222, 0.00021373379, 0.00012731811, 9.4089875e-05, 9.203827e-05, 9.874886e-05, 9.732699e-05, 7.3983356e-05, 5.420615e-05, 5.595003e-06, -4.4469867e-05, -6.635044e-05, -0.000101736405, -0.00012871079, -0.00014160824, -0.00017282346, -0.00021850297, -0.0002812655, -0.00031834035, -0.00039851287, -0.00048046646, -0.00052006927, -0.00059474446, -0.0006658249, -0.0007402597, -0.00078166235, -0.00087816996, -0.0009965674, -0.0010639152, -0.0012123258, -0.0013730207, -0.0014555297, -0.0016201921, -0.0017814148, -0.0019389753, -0.0020174843, -0.002176535, -0.0023421242, -0.002428361, -0.0026080736, -0.0027959344, -0.0029877352, -0.003083754, -0.0032729532, -0.0034559083, -0.0035443006, -0.0037154064, -0.0038798298, -0.004039815, -0.0041186707, -0.004274414, -0.004426887, -0.004501342, -0.0046450645, -0.004779308, -0.0048419572, -0.004957042, -0.0050562485, -0.005137805, -0.005171481, -0.0052246964, -0.0052594375, -0.0052699605, -0.0052778916, -0.0052680825, -0.005239702, -0.0052179866, -0.0051591815, -0.005080104, -0.0050335214, -0.004928541, -0.0048117493, -0.0047503845, -0.0046245935, -0.0044965837, -0.0043667895, -0.0043005417, -0.0041623875, -0.0040119207, -0.0039300257, -0.0037496097, -0.003544396, -0.0033143822, -0.0031911158, -0.002931702, -0.0026609336, -0.0025237289, -0.0022502167, -0.0019825217, -0.0018521835, -0.0015994833, -0.0013586552, -0.0011292967, -0.0010188128, -0.00080587575, -0.000603007, -0.00050525664, -0.00031739677, -0.0001394248, 2.8145278e-05, 0.0001079918, 0.0002598196, 0.00040128446, 0.0004681448, 0.0005934039, 0.0007070152, 0.0007591772, 0.0008538533, 0.0009349838, 0.0010023231, 0.0010305946, 0.0010765962, 0.0011083444, 0.0011189467, 0.0011296929, 0.0011265617, 0.0011102016, 0.0010975508, 0.0010655171, 0.0010318775, 0.0010198973, 0.0010277291, 0.0011136258
0, 0, 0, 0, 0, 0, 0, 0, 0, 0, 0, 0, 0, 0, 0, 0, 0, 0, 0, 0, 0, 0, 0, 0, 0, 0, 0.00021814865, 6.581438e-05, -1.1810735e-05, -0.00013614344, -0.00020927191, -0.00022983603, -0.00025316226, -0.00027452075, -0.00031232557, -0.00033939807, -0.00040582346, -0.00047856697, -0.0005122944, -0.00056842476, -0.0006062925, -0.0006198851, -0.0006422398, -0.00066848943, -0.00070776994, -0.00073346274, -0.00079550815, -0.00086501485, -0.0008996482, -0.00096393155, -0.0010185486, -0.0010664386, -0.001090309, -0.0011443673, -0.0012149252, -0.0012582433, -0.001361469, -0.0014824859, -0.0015470075, -0.0016780939, -0.0018041844, -0.0019209698, -0.0019761482, -0.0020838594, -0.0021951583, -0.002254787, -0.0023864717, -0.002536569, -0.0027035074, -0.0027915318, -0.0029714275, -0.0031486764, -0.0032337212, -0.0033932633, -0.0035376146, -0.0036691586, -0.003731728, -0.0038543958, -0.0039776843, -0.0040404815, -0.0041694106, -0.0043006553, -0.004366035, -0.004493456, -0.0046119727, -0.004717026, -0.0047634263, -0.0048429915, -0.004904819, -0.004929368, -0.0049671563, -0.0049907854, -0.0050004222, -0.0049994728, -0.0049851607, -0.0049523544, -0.0049286773, -0.0048674946, -0.00479013, -0.0047466434, -0.00465327, -0.0045549315, -0.0044551063, -0.0044049677, -0.004303744, -0.004198444, -0.0041427636, -0.004022423, -0.0038857975, -0.0037299045, -0.0036442375, -0.0034580524, -0.0032540911, -0.00314665, -0.0029233233, -0.0026925276, -0.0025755363, -0.0023405189, -0.0021073201, -0.0018786025, -0.0017667934, -0.001549499, -0.0013421183, -0.0012424358, -0.0010514909, -0.00087161304, -0.0007024004, -0.00062133855, -0.00046562377, -0.00031755178, -0.0002462303, -0.00010913934, 2.017467e-05, 8.176304e-05, 0.00019840308, 0.0003058953, 0.00040367723, 0.00044886585, 0.00053160504, 0.0006036657, 0.00063557323, 0.0006905726, 0.0007329919, 0.0007623919, 0.00077239075, 0.0007849252, 0.00079450494, 0.0008033508, 0.0008485776, 0.0009573703
0, 0, 0, 0, 0, 0, 0, 0, 0, 0, 0, 0, 0, 0, 0, 0, 0, 0, 0, 0, 0, 0, 0, 0, 0, -0.00010771166, -4.0515482e-05, -0.00016300494, -0.00024298769, -0.00039309578, -0.0005095744, -0.00055346754, -0.0006205855, -0.0006746201, -0.00073361245, -0.0007683696, -0.0008494542, -0.0009392562, -0.0009834839, -0.0010618295, -0.0011196845, -0.0011401422, -0.0011684367, -0.0011884143, -0.0012121615, -0.001228368, -0.001270609, -0.0013238526, -0.0013521757, -0.0014059088, -0.0014495773, -0.0014808644, -0.0014929223, -0.0015153318, -0.0015438908, -0.0015635802, -0.0016170222, -0.0016890479, -0.0017305664, -0.001818531, -0.0019046848, -0.001981696, -0.002015916, -0.0020777227, -0.0021377036, -0.0021701662, -0.002246828, -0.0023443622, -0.0024648812, -0.002532795, -0.0026794758, -0.0028314763, -0.002906033, -0.0030466532, -0.0031716188, -0.0032801626, -0.0033296964, -0.0034233504, -0.003515462, -0.0035628628, -0.0036624814, -0.003769045, -0.0038241278, -0.0039351163, -0.0040429807, -0.004142721, -0.0041883173, -0.0042702146, -0.0043393527, -0.0043697217, -0.0044236933, -0.004470348, -0.004510406, -0.0045276443, -0.0045549553, -0.0045693074, -0.0045704204, -0.0045593358, -0.0045296433, -0.004508158, -0.0044535873, -0.004386909, -0.004312274, -0.0042730295, -0.004192448, -0.004109961, -0.0040679113, -0.0039815935, -0.003889969, -0.0037903662, -0.0037367134, -0.003620129, -0.0034899549, -0.003419436, -0.003267322, -0.003100257, -0.0030115135, -0.0028247663, -0.002628302, -0.0024258276, -0.0023236414, -0.0021200108, -0.001920579, -0.0018233308, -0.0016349246, -0.001455599, -0.0012852051, -0.0012030933, -0.0010441703, -0.0008913807, -0.00081714394, -0.0006730476, -0.0005349755, -0.00046820345, -0.00033939147, -0.00021694851, -0.00010110784, -4.5695408e-05, 5.987564e-05, 0.0001583835, 0.00020472587, 0.0002908158, 0.00036723298, 0.00043267815, 0.0004614256, 0.00051229086, 0.0005612127, 0.000589486, 0.00066996407, 0.00080029946
0, 0, 0, 0, 0, 0, 0, 0, 0, 0, 0, 0, 0, 0, 0, 0, 0, 0, 0, 0, 0, 0, 0, 0, -0.00017553927, -0.00018275407, -0.0002475247, -0.00038217087, -0.000462568, -0.0006274547, -0.000777364, -0.00084303017, -0.00095491594, -0.0010476033, -0.0011334704, -0.0011773193, -0.0012713395, -0.0013735301, -0.0014252326, -0.0015230246, -0.0016048476, -0.0016374597, -0.0016859379, -0.0017172822, -0.0017414758, -0.0017540834, -0.001784994, -0.0018247656, -0.0018470703, -0.0018914781, -0.0019289053, -0.0019536922, -0.0019606086, -0.0019661435, -0.0019665856, -0.0019678352, -0.0019767366, -0.0019983596, -0.0020142058, -0.002052913, -0.0020948548, -0.0021326314, -0.002148384, -0.002172781, -0.002191824, -0.002201541, -0.0022272358, -0.0022676971, -0.0023279148, -0.0023658548, -0.002454996, -0.0025566798, -0.0026094937, -0.002713855, -0.0028110028, -0.0028972945, -0.0029365413, -0.0030089566, -0.0030770265, -0.0031109722, -0.0031806654, -0.0032541307, -0.003292128, -0.0033691952, -0.0034445503, -0.0035149164, -0.003547529, -0.003607051, -0.00365958, -0.0036839896, -0.0037311208, -0.0037784427, -0.0038275747, -0.0038527541, -0.0039027694, -0.003948971, -0.0039691767, -0.0040007913, -0.0040176036, -0.0040198006, -0.004010956, -0.0039850115, -0.00394386, -0.0039183344, -0.0038596422, -0.0037935867, -0.0037588151, -0.0036870502, -0.0036137525, -0.0035391864, -0.0035012853, -0.003423496, -0.00334151, -0.0032982316, -0.0032051757, -0.0031007451, -0.0030436679, -0.002918869, -0.0027798456, -0.0026282712, -0.002548682, -0.0023838985, -0.002214799, -0.0021296598, -0.0019598964, -0.0017927167, -0.0016290594, -0.0015486764, -0.0013909301, -0.001237155, -0.001161777, -0.0010147085, -0.00087276584, -0.00080379954, -0.0006700328, -0.0005416285, -0.0004185342, -0.00035899392, -0.00024360906, -0.00013316216, -7.996863e-05, 2.1860651e-05, 0.00011672061, 0.00020350718, 0.00024384404, 0.00031998602, 0.00039581425, 0.00043764405, 0.00054299383, 0.0006876186
0, 0, 0, 0, 0, 0, 0, 0, 0, 0, 0, 0, 0, 0, 0, 0, 0, 0, 0, 0, 0, 0, 0, -0.00027238968, -0.0002495334, -0.00030448235, -0.00042569952, -0.0005745391, -0.00065530924, -0.0008239957, -0.0009930902, -0.00107384, -0.0012234901, -0.0013538961, -0.0014695238, -0.0015243223, -0.0016326715, -0.001743943, -0.0018005101, -0.0019119614, -0.002015015, -0.0020605745, -0.002136675, -0.0021922707, -0.002232555, -0.002249325, -0.0022814206, -0.0023161266, -0.0023349358, -0.002373663, -0.0024093827, -0.0024350306, -0.0024426999, -0.0024461423, -0.0024355557, -0.0024266525, -0.0024056225, -0.0023863085, -0.0023788463, -0.0023696255, -0.0023664432, -0.0023656385, -0.0023648106, -0.002359962, -0.0023511036, -0.002345361, -0.0023341859, -0.002327361, -0.0023296145, -0.0023352155, -0.0023560612, -0.002389553, -0.0024104929, -0.0024582534, -0.0025106112, -0.0025640472, -0.002590332, -0.002640654, -0.002687906, -0.002710342, -0.0027534338, -0.0027944504, -0.0028142477, -0.0028522252, -0.0028871458, -0.002918303, -0.0029323907, -0.0029574689, -0.002979443, -0.0029899713, -0.00301175, -0.003037443, -0.0030690618, -0.0030874743, -0.003129014, -0.0031754216, -0.0031994567, -0.0032466527, -0.0032893524, -0.0033077628, -0.003336135, -0.0033508919, -0.0033497943, -0.0033430238, -0.003317636, -0.0032777525, -0.0032534015, -0.0031976243, -0.0031352397, -0.0030692231, -0.0030356804, -0.0029689674, -0.0029033695, -0.0028710344, -0.0028062954, -0.0027394528, -0.0027043682, -0.0026289485, -0.002544364, -0.0024493677, -0.0023978527, -0.0022868875, -0.00216648, -0.0021032544, -0.001971734, -0.001835094, -0.0016948435, -0.0016236858, -0.0014804761, -0.0013370481, -0.0012656829, -0.0011246027, -0.0009866199, -0.0009190836, -0.0007872709, -0.00066025363, -0.00053777033, -0.00047821208, -0.00036247403, -0.0002509603, -0.00019677595, -9.183406e-05, 7.917643e-06, 0.00010172921, 0.0001464707, 0.00023309219, 0.00032107774, 0.00036924056, 0.00048614506, 0.0006364992
0, 0, 0, 0, 0, 0, 0, 0, 0, 0, 0, 0, 0, 0, 0, 0, 0, 0, 0, 0, 0, 0, -0.0004988568, -0.0003888182, -0.00037313593, -0.00045256584, -0.0005900436, -0.00074051827, -0.00081859884, -0.0009822386, -0.0011561397, -0.0012447282, -0.0014192023, -0.0015817125, -0.0017278853, -0.0017950477, -0.001921344, -0.002041726, -0.0021014423, -0.0022208828, -0.00233705, -0.0023922927, -0.002493065, -0.002576612, -0.0026419284, -0.0026687419, -0.0027138465, -0.0027533849, -0.002772564, -0.0028106316, -0.0028474357, -0.0028780922, -0.0028893526, -0.0029004752, -0.0028938856, -0.0028838206, -0.0028520944, -0.0028096375, -0.0027864438, -0.0027400646, -0.0026978862, -0.0026616333, -0.0026456462, -0.0026162558, -0.0025881564, -0.0025735267, -0.0025418135, -0.002506324, -0.0024677988, -0.002447905, -0.002409705, -0.0023764782, -0.0023630515, -0.0023442085, -0.0023372776, -0.0023417731, -0.0023474735, -0.0023637202, -0.0023822195, -0.0023909572, -0.0024052942, -0.0024136624, -0.0024154705, -0.0024148417, -0.0024095231, -0.0024018262, -0.0023974092, -0.0023883847, -0.002379353, -0.0023750707, -0.002367778, -0.0023628334, -0.0023615796, -0.0023628992, -0.0023702688, -0.0023846566, -0.0023948178, -0.0024206191, -0.0024529363, -0.0024707355, -0.002507378, -0.002541518, -0.002568619, -0.0025781635, -0.00258723, -0.0025812653, -0.0025726801, -0.0025445295, -0.0025036056, -0.002452489, -0.0024242376, -0.0023644886, -0.0023036315, -0.0022736052, -0.0022156546, -0.0021608833, -0.0021345662, -0.0020827556, -0.002030336, -0.0019748935, -0.0019452833, -0.0018809413, -0.0018088815, -0.001769693, -0.001684745, -0.0015914248, -0.0014901587, -0.0014368427, -0.0013256603, -0.0012096319, -0.0011504104, -0.0010303975, -0.0009097168, -0.0008495397, -0.0007303679, -0.0006134032, -0.00049939746, -0.00044365323, -0.00033507592, -0.00023029673, -0.00017935732, -8.0589125e-05, 1.3923898e-05, 0.000103787665, 0.00014716708, 0.00023214691, 0.00031986836, 0.00036829934, 0.00048562404, 0.0006353509
0, 0, 0, 0, 0, 0, 0, 0, 0, 0, 0, 0, 0, 0, 0, 0, 0, 0, 0, 0, 0, 0, -0.00025484938, -0.00036137877, -0.000420437, -0.000564939, -0.00072106736, -0.0008726749, -0.00094781135, -0.0011039067, -0.0012736671, -0.0013637674, -0.0015502525, -0.001735484, -0.0019088805, -0.001989298, -0.0021365487, -0.0022697623, -0.0023328809, -0.0024562739, -0.002578246, -0.002638656, -0.002754945, -0.0028615356, -0.0029527189, -0.0029920018, -0.0030583227, -0.003111763, -0.003135208, -0.0031785145, -0.003218496, -0.00325461, -0.003270053, -0.0032920635, -0.0032982249, -0.0032936698, -0.003268427, -0.0032233663, -0.003194802, -0.0031305023, -0.0030630026, -0.002998997, -0.0029698245, -0.0029181147, -0.0028733262, -0.0028521374, -0.0028090323, -0.0027601141, -0.002701353, -0.0026679148, -0.0025941355, -0.0025148368, -0.0024750996, -0.0023990811, -0.002333156, -0.0022807901, -0.0022599318, -0.0022276596, -0.0022034538, -0.0021924179, -0.0021687334, -0.0021392407, -0.0021216124, -0.0020813358, -0.002036603, -0.0019912755, -0.001969362, -0.001928649, -0.0018923571, -0.0018756124, -0.001844024, -0.0018131331, -0.0017814953, -0.0017652733, -0.0017331032, -0.0017030133, -0.0016899165, -0.0016697838, -0.0016603384, -0.0016600802, -0.0016682596, -0.0016859641, -0.0017091263, -0.0017212105, -0.0017431062, -0.0017583724, -0.0017623862, -0.0017621584, -0.0017497236, -0.001725022, -0.0017084829, -0.0016683661, -0.0016217335, -0.0015970523, -0.0015468667, -0.0014976223, -0.0014738765, -0.0014288755, -0.0013868294, -0.0013468217, -0.0013271169, -0.0012870851, -0.0012449365, -0.0012224225, -0.0011739187, -0.001120064, -0.001059772, -0.0010272218, -0.00095690903, -0.000880271, -0.00083980773, -0.0007550968, -0.000666157, -0.00062049273, -0.00052745076, -0.00043288566, -0.00033831078, -0.00029142588, -0.00019924038, -0.00010981119, -6.631155e-05, 1.8006209e-05, 9.8783006e-05, 0.00017588086, 0.00021334966, 0.00028751726, 0.00036566774, 0.00040976706, 0.00051960186, 0.0006649543
0, 0, 0, 0, 0, 0, 0, 0, 0, 0, 0, 0, 0, 0, 0, 0, 0, 0, 0, 0, 0, 5.82123e-05, -9.501294e-05, -0.00029294082, -0.00039704374, -0.000600416, -0.0007848098, -0.0009479256, -0.0010248513, -0.0011784567, -0.0013426514, -0.0014309126, -0.0016194729, -0.0018163971, -0.0020093857, -0.0021011697, -0.0022698285, -0.002418523, -0.0024865589, -0.0026147352, -0.0027387496, -0.0028004486, -0.0029242274, -0.0030458292, -0.003159043, -0.0032106664, -0.0033018705, -0.003376351, -0.0034081126, -0.0034628087, -0.003509813, -0.0035516885, -0.0035706772, -0.003602887, -0.0036232464, -0.0036272742, -0.003619336, -0.003588936, -0.003565396, -0.0035042476, -0.0034308552, -0.0033530584, -0.003315217, -0.0032446848, -0.0031825895, -0.0031540643, -0.0030992667, -0.003041965, -0.002975881, -0.0029382813, -0.0028526941, -0.0027545283, -0.0027020047, -0.0025937117, -0.0024866175, -0.0023867877, -0.0023408318, -0.0022569667, -0.0021821784, -0.0021467516, -0.0020764845, -0.0020027894, -0.0019637623, -0.0018815158, -0.0017961718, -0.0017120859, -0.0016718798, -0.0015972677, -0.0015314915, -0.0015017714, -0.0014468088, -0.0013949207, -0.0013419638, -0.0013140826, -0.0012545113, -0.0011907765, -0.0011582025, -0.0010942229, -0.0010363188, -0.0010110079, -0.00096975174, -0.00094193185, -0.00092684885, -0.0009233562, -0.00092235644, -0.00092647964, -0.000929331, -0.00093466445, -0.000936731, -0.0009331263, -0.0009285126, -0.00091335544, -0.0008906767, -0.000876752, -0.00084481057, -0.0008087338, -0.00078969955, -0.0007510168, -0.0007125311, -0.00067535095, -0.0006575129, -0.00062306086, -0.0005902839, -0.0005743136, -0.0005427187, -0.00051113334, -0.0004783762, -0.0004612464, -0.00042476627, -0.00038495462, -0.00036348825, -0.00031728405, -0.00026678847, -0.00023984193, -0.00018271079, -0.00012183858, -5.825102e-05, -2.5909445e-05, 3.8956667e-05, 0.00010279683, 0.00013403164, 0.00019483139, 0.00025301505, 0.00030895392, 0.00033635253, 0.00039119256, 0.00045126746, 0.0004869585, 0.00058229367, 0.0007199375
0, 0, 0, 0, 0, 0, 0, 0, 0, 0, 0, 0, 0, 0, 0, 0, 0, 0, 0, 0, 0, 0.0001172951, -1.4591346e-05, -0.00022644139, -0.0003413369, -0.0005664871, -0.0007705752, -0.0009498444, -0.0010319615, -0.0011906716, -0.0013527907, -0.0014387411, -0.0016229991, -0.0018205844, -0.0020214233, -0.0021192697, -0.002303497, -0.0024673596, -0.0025414398, -0.0026774807, -0.0028045857, -0.002867255, -0.0029944503, -0.0031246778, -0.0032542495, -0.0033167386, -0.0034326024, -0.0035321163, -0.0035750982, -0.003648196, -0.0037076029, -0.0037575548, -0.0037801675, -0.0038207269, -0.0038537646, -0.0038661032, -0.003879171, -0.003872469, -0.0038607598, -0.0038206496, -0.003761125, -0.0036881296, -0.0036489572, -0.0035697133, -0.0034939637, -0.0034579455, -0.003389194, -0.0033218479, -0.003250826, -0.0032123204, -0.0031270771, -0.003028973, -0.0029752662, -0.002859959, -0.0027373706, -0.0026123882, -0.002550357, -0.0024286408, -0.002311054, -0.0022533734, -0.002138423, -0.002021795, -0.0019621046, -0.0018399989, -0.0017160432, -0.0015936096, -0.0015343647, -0.0014219432, -0.0013197751, -0.0012730575, -0.0011872704, -0.0011095073, -0.0010355568, -0.0009987262, -0.0009229322, -0.0008425049, -0.00080042216, -0.000713238, -0.00062455464, -0.00058080064, -0.0004968961, -0.00042031298, -0.00035363532, -0.0003244037, -0.00027461018, -0.00023644761, -0.00022168214, -0.00019966677, -0.0001858558, -0.00017764456, -0.00017451007, -0.00016835003, -0.00015997567, -0.00015429303, -0.00013930467, -0.00011855011, -0.000106105836, -7.769987e-05, -4.568915e-05, -1.1956432e-05, 5.0567887e-06, 3.8371665e-05, 6.997673e-05, 8.4853484e-05, 0.00011253969, 0.00013734048, 0.00015944942, 0.00016969, 0.00018868603, 0.00020634162, 0.00021493886, 0.00023234315, 0.00025067912, 0.00026060504, 0.0002823981, 0.00030712018, 0.00033472318, 0.00034952717, 0.0003801535, 0.00041109257, 0.0004264059, 0.00045616517, 0.00048451897, 0.0005115903, 0.0005248828, 0.0005522545, 0.00058587495, 0.00060895167, 0.0006820604, 0.00080732256
0, 0, 0, 0, 0, 0, 0, 0, 0, 0, 0, 0, 0, 0, 0, 0, 0, 0, 0, 0, 5.6840276e-05, 6.0841718e-05, -2.6273363e-05, -0.00019587479, -0.00029494517, -0.00050119293, -0.0007020634, -0.000888139, -0.0009751795, -0.0011414717, -0.0013051276, -0.0013890348, -0.0015655981, -0.0017543525, -0.0019503668, -0.002047886, -0.0022368282, -0.002410074, -0.0024896706, -0.0026359013, -0.0027699634, -0.0028348637, -0.0029657239, -0.0031008432, -0.0032402822, -0.0033101493, -0.0034453962, -0.0035683413, -0.0036234118, -0.0037183438, -0.0037951744, -0.0038572422, -0.0038844913, -0.003933334, -0.003976566, -0.003995708, -0.004026754, -0.0040447065, -0.0040471, -0.004036881, -0.004005834, -0.003955255, -0.003923913, -0.0038529325, -0.003776138, -0.0037370666, -0.0036592816, -0.003582732, -0.0035057964, -0.0034661263, -0.003382264, -0.0032898954, -0.003239782, -0.0031311838, -0.0030119405, -0.002883865, -0.0028171968, -0.0026801047, -0.0025399423, -0.0024689187, -0.0023252834, -0.0021788804, -0.0021045655, -0.0019539653, -0.0018014055, -0.001649065, -0.0015738605, -0.0014269891, -0.0012874639, -0.0012212037, -0.0010966371, -0.0009825474, -0.0008777027, -0.0008280585, -0.00073228206, -0.0006387318, -0.00059180433, -0.0004965527, -0.00039804963, -0.00034762413, -0.00024463926, -0.00014006268, -3.62765e-05, 1.4359512e-05, 0.00011116615, 0.00019895883, 0.00023842801, 0.00030718365, 0.00036156146, 0.00040240816, 0.00041846588, 0.00044384578, 0.0004634242, 0.0004721406, 0.00048947363, 0.00050885574, 0.00051971397, 0.0005438772, 0.000571127, 0.0006003409, 0.0006150433, 0.0006442769, 0.0006724789, 0.00068592146, 0.0007110352, 0.0007334625, 0.0007529147, 0.0007613017, 0.0007751297, 0.0007847417, 0.0007879038, 0.0007911981, 0.00079119514, 0.0007902399, 0.00078735285, 0.00078415696, 0.0007815819, 0.00078066764, 0.00077939086, 0.0007782433, 0.00077757455, 0.0007753658, 0.00077198126, 0.000767287, 0.00076460425, 0.0007600701, 0.0007619504, 0.00076955114, 0.0008149013, 0.00092375255
0, 0, 0, 0, 0, 0, 0, 0, 0, 0, 0, 0, 0, 0, 0, 0, 0, 0, 0, 0.000112244015, 5.6080262e-05, 2.2157023e-05, -7.177137e-05, -0.00020237597, -0.00027887014, -0.0004461624, -0.0006240975, -0.0008031265, -0.0008907416, -0.0010611926, -0.0012266312, -0.0013088547, -0.0014764058, -0.0016507905, -0.0018312201, -0.0019225485, -0.0021037709, -0.0022773752, -0.0023597262, -0.0025145537, -0.002658029, -0.0027269311, -0.002862786, -0.0030005793, -0.0031427226, -0.003214798, -0.0033585967, -0.0034950818, -0.0035585642, -0.0036721162, -0.0037669668, -0.0038442544, -0.003877721, -0.003936798, -0.003988574, -0.004012368, -0.0040557636, -0.0040916274, -0.0041056257, -0.0041231476, -0.0041242726, -0.0041063353, -0.004090226, -0.004045218, -0.003986225, -0.0039528664, -0.0038811136, -0.0038052967, -0.003727154, -0.003687079, -0.0036042733, -0.0035162708, -0.0034695524, -0.0033696238, -0.003259994, -0.0031401962, -0.0030765343, -0.0029422725, -0.0028000732, -0.0027264287, -0.0025752215, -0.002419471, -0.0023402018, -0.002179577, -0.002016604, -0.0018517433, -0.0017689219, -0.0016029418, -0.0014379753, -0.0013566635, -0.0011976938, -0.0010456287, -0.0009026311, -0.0008349031, -0.00070721563, -0.0005889909, -0.0005329541, -0.00042515618, -0.0003205324, -0.00026836706, -0.00016247746, -5.272129e-05, 6.1872764e-05, 0.00012058571, 0.0002393789, 0.00035701483, 0.00041398796, 0.0005213496, 0.00061726815, 0.00070001965, 0.00073638, 0.00079977437, 0.000852812, 0.00087627757, 0.0009189438, 0.00095791946, 0.00097644684, 0.0010119821, 0.0010457173, 0.0010770533, 0.0010915949, 0.0011186353, 0.0011426389, 0.0011536896, 0.0011740032, 0.0011923058, 0.001208455, 0.0012156074, 0.001227399, 0.0012349144, 0.0012367324, 0.0012359861, 0.0012295068, 0.001224212, 0.0012101077, 0.0011922123, 0.0011717511, 0.0011608108, 0.0011379274, 0.0011135902, 0.001100817, 0.0010737842, 0.0010444999, 0.0010128986, 0.0009964281, 0.0009632912, 0.00093579, 0.0009289067, 0.00094779563, 0.0010405615
0, 0, 0, 0, 0, 0, 0, 0, 0, 0, 0, 0, 0, 0, 0, 0, 0, 0, 0, 0.00015137, 5.717945e-05, -3.4262803e-06, -0.00012177016, -0.00023893613, -0.00030012528, -0.00043357, -0.00058366964, -0.00074606854, -0.0008299646, -0.0009980478, -0.0011627798, -0.0012434784, -0.0014026056, -0.0015607737, -0.0017207916, -0.0018022103, -0.001966256, -0.0021307354, -0.0022118043, -0.0023699333, -0.0025210036, -0.002593531, -0.0027348388, -0.002872548, -0.003009892, -0.0030788654, -0.0032165125, -0.0033512742, -0.0034160977, -0.0035372784, -0.0036445968, -0.0037361772, -0.003776434, -0.0038468956, -0.00390688, -0.0039337906, -0.003983012, -0.0040268223, -0.0040465286, -0.004080703, -0.004105654, -0.0041183536, -0.0041192006, -0.004109004, -0.004082815, -0.004064034, -0.0040165833, -0.003957986, -0.00389107, -0.0038551874, -0.0037790088, -0.0036972554, -0.0036540339, -0.0035621314, -0.0034619907, -0.0033527708, -0.0032944512, -0.003170461, -0.0030375698, -0.0029680454, -0.0028240248, -0.0026751673, -0.0025993958, -0.002446144, -0.002290833, -0.0021333797, -0.0020534105, -0.0018904814, -0.0017230433, -0.0016376714, -0.001464494, -0.0012902315, -0.0011180175, -0.001033865, -0.0008714673, -0.0007192969, -0.0006475474, -0.0005128083, -0.00038900686, -0.00033047042, -0.00021774703, -0.000107753156, 3.1543418e-06, 5.9637347e-05, 0.00017554717, 0.00029462107, 0.00035476065, 0.00047441942, 0.00059069163, 0.0007008598, 0.000753134, 0.0008512133, 0.0009407631, 0.0009825045, 0.001060212, 0.0011308306, 0.0011635519, 0.0012237631, 0.0012768109, 0.0013221676, 0.0013419688, 0.0013758126, 0.0014028859, 0.0014142768, 0.0014335667, 0.0014493043, 0.0014625288, 0.0014683065, 0.0014780547, 0.0014843779, 0.0014858894, 0.0014850624, 0.0014783131, 0.001472731, 0.0014570366, 0.0014357104, 0.0014094078, 0.0013946741, 0.001362362, 0.0013267704, 0.0013077488, 0.0012672502, 0.0012232255, 0.001175557, 0.0011505082, 0.0010994051, 0.0010528896, 0.0010364518, 0.0010379008, 0.0011203807
0, 0, 0, 0, 0, 0, 0, 0, 0, 0, 0, 0, 0, 0, 0, 0, 0, 0, 0, 0.00012145219, 8.621005e-06, -6.115261e-05, -0.0001949072, -0.00031323754, -0.00036930977, -0.00048452063, -0.00061271666, -0.00075717526, -0.00083465193, -0.0009948856, -0.0011557541, -0.0012345139, -0.0013859489, -0.0015301381, -0.0016705235, -0.0017407, -0.0018837119, -0.0020315477, -0.0021073131, -0.0022606493, -0.0024129858, -0.0024873808, -0.0026308661, -0.0027656741, -0.0028930511, -0.0029545883, -0.003075059, -0.0031930958, -0.0032514313, -0.003365505, -0.0034738884, -0.0035729755, -0.0036180874, -0.003698672, -0.0037661737, -0.0037952831, -0.0038459494, -0.0038889407, -0.003908389, -0.003944758, -0.0039783306, -0.0040080803, -0.0040208367, -0.0040403125, -0.004048479, -0.004047565, -0.004034554, -0.00400631, -0.0039639696, -0.0039382186, -0.0038794114, -0.0038118286, -0.0037751053, -0.0036956205, -0.0036079604, -0.003511255, -0.0034592638, -0.003347945, -0.0032273848, -0.0031639934, -0.0030322878, -0.0028961378, -0.0028271724, -0.0026887385, -0.0025505659, -0.0024123217, -0.0023425622, -0.0022001169, -0.0020517018, -0.0019745429, -0.0018136833, -0.0016441093, -0.0014676903, -0.001377923, -0.0011977559, -0.0010206049, -0.000934482, -0.00076958846, -0.00061688316, -0.00054549426, -0.00041263786, -0.00029107713, -0.00017788023, -0.00012330692, -1.6050728e-05, 9.118646e-05, 0.0001453294, 0.00025556958, 0.00036796846, 0.0004817156, 0.0005386457, 0.0006516678, 0.00076214713, 0.0008159761, 0.00092016323, 0.0010184932, 0.0010650372, 0.0011520745, 0.0012299864, 0.0012977507, 0.0013275641, 0.0013791175, 0.0014206072, 0.0014378855, 0.0014662797, 0.0014880206, 0.0015047338, 0.001511539, 0.0015225396, 0.0015302249, 0.0015326613, 0.0015341686, 0.0015305862, 0.0015267597, 0.001514572, 0.0014966727, 0.0014727571, 0.0014586773, 0.0014267038, 0.0013900315, 0.0013700911, 0.0013268735, 0.0012793393, 0.0012271635, 0.0011995421, 0.0011428389, 0.0010901054, 0.0010704132, 0.0010662818, 0.0011462744
0, 0, 0, 0, 0, 0, 0, 0, 0, 0, 0, 0, 0, 0, 0, 0, 0, 0, 7.0796574e-05, 2.9552359e-05, -9.629327e-05, -0.00016949465, -0.00031158281, -0.0004369229, -0.0004940542, -0.0006053879, -0.0007222933, -0.00085261685, -0.00092348136, -0.0010733086, -0.0012271793, -0.0013027777, -0.0014476613, -0.0015811493, -0.0017057834, -0.001766371, -0.0018881948, -0.0020156822, -0.002082681, -0.0022223757, -0.002366594, -0.0024385962, -0.0025777856, -0.0027061573, -0.0028217942, -0.0028748722, -0.0029743854, -0.0030685905, -0.0031155157, -0.0032103455, -0.0033067851, -0.0034020983, -0.0034476945, -0.0035317664, -0.0036032663, -0.0036335147, -0.0036837324, -0.0037221843, -0.0037383125, -0.0037673514, -0.003795607, -0.0038257623, -0.00384174, -0.0038740733, -0.003903634, -0.003915866, -0.003931957, -0.0039341412, -0.0039209244, -0.0039087515, -0.0038748046, -0.0038295016, -0.003803371, -0.0037442697, -0.0036764096, -0.0035988486, -0.0035560885, -0.003462528, -0.0033581362, -0.003302245, -0.003184718, -0.003061912, -0.0029995043, -0.0028748438, -0.0027521949, -0.0026323393, -0.0025730517, -0.0024545721, -0.0023334795, -0.0022707558, -0.0021390493, -0.0019967933, -0.0018431237, -0.0017622072, -0.0015935046, -0.0014185112, -0.0013298866, -0.0011536552, -0.0009826382, -0.0009005565, -0.0007454001, -0.00060368725, -0.00047576491, -0.00041651473, -0.00030574243, -0.00020241881, -0.00015225331, -5.273299e-05, 4.782476e-05, 0.00015131618, 0.00020441071, 0.00031300038, 0.00042409537, 0.0004801649, 0.0005921925, 0.00070269755, 0.0007568011, 0.00086111476, 0.00095903064, 0.0010484961, 0.0010896266, 0.0011641792, 0.001227901, 0.001255815, 0.0013038071, 0.0013421755, 0.0013720811, 0.001384416, 0.0014046506, 0.0014198956, 0.0014257899, 0.0014339422, 0.0014371946, 0.0014368513, 0.0014319805, 0.0014213859, 0.0014049058, 0.0013944635, 0.001369284, 0.0013388371, 0.0013217478, 0.0012839634, 0.0012412174, 0.0011934519, 0.001167854, 0.00111478, 0.0010655762, 0.0010476127, 0.0010469742, 0.0011299798
0, 0, 0, 0, 0, 0, 0, 0, 0, 0, 0, 0, 0, 0, 0, 0, 0, -8.56168e-05, -6.2064224e-05, -0.0001224352, -0.00025697265, -0.00033203434, -0.00047903278, -0.00061273907, -0.00067445857, -0.00079102017, -0.00090656645, -0.001029523, -0.001095231, -0.0012342299, -0.0013790878, -0.0014510778, -0.0015891736, -0.0017150759, -0.0018282639, -0.0018814051, -0.0019852307, -0.0020912832, -0.0021469756, -0.0022652934, -0.0023906713, -0.0024548783, -0.0025806043, -0.002697573, -0.002800847, -0.0028468794, -0.0029285282, -0.0030011178, -0.0030361468, -0.0031069685, -0.0031820978, -0.003260891, -0.0033005106, -0.0033767372, -0.0034441047, -0.0034731247, -0.0035205486, -0.0035548196, -0.003567756, -0.003588408, -0.0036065893, -0.0036269545, -0.0036388156, -0.003666429, -0.0036972049, -0.0037124623, -0.0037396646, -0.0037583022, -0.0037655518, -0.0037644543, -0.00375323, -0.0037312722, -0.0037167908, -0.0036817645, -0.0036387513, -0.0035869842, -0.0035573011, -0.0034894252, -0.0034093666, -0.003364942, -0.0032681758, -0.003162999, -0.0031083776, -0.0029973616, -0.0028864553, -0.0027779755, -0.0027249898, -0.0026212973, -0.002519393, -0.0024682595, -0.0023640404, -0.002254081, -0.002135565, -0.002072586, -0.001938803, -0.0017947699, -0.0017193118, -0.0015632478, -0.0014029394, -0.0013226683, -0.0011645154, -0.0010130174, -0.00087142125, -0.00080485607, -0.00068041595, -0.0005666952, -0.00051296054, -0.00041048738, -0.0003118046, -0.00021434954, -0.00016538096, -6.620105e-05, 3.5417976e-05, 8.710291e-05, 0.00019206737, 0.00029855795, 0.0003520574, 0.0004587753, 0.0005637257, 0.00066516513, 0.00071402616, 0.0008068737, 0.0008918258, 0.0009309777, 0.0010018448, 0.0010624389, 0.0011129186, 0.001134745, 0.0011721015, 0.0012021782, 0.0012148524, 0.0012356117, 0.0012503968, 0.0012557069, 0.0012620016, 0.0012625846, 0.0012575284, 0.0012529201, 0.0012395289, 0.0012208913, 0.0012096264, 0.0011832316, 0.0011514615, 0.0011141127, 0.001093612, 0.0010504157, 0.0010107794, 0.000997524, 0.0010053337, 0.0010935286
0, 0, 0, 0, 0, 0, 0, 0, 0, 0, 0, 0, 0, 0, 0, 0, 0, -0.0002683959, -0.00025661997, -0.0003358017, -0.00047404045, -0.0005488398, -0.00069769425, -0.0008385285, -0.0009051635, -0.0010320101, -0.001153941, -0.0012765886, -0.0013397094, -0.0014707665, -0.0016061799, -0.001673552, -0.0018042133, -0.0019236639, -0.0020292327, -0.0020772687, -0.0021673094, -0.002253608, -0.0022975174, -0.0023894508, -0.0024877812, -0.0025387888, -0.0026413237, -0.0027395466, -0.0028283556, -0.0028678796, -0.0029367253, -0.002993715, -0.0030193697, -0.003068416, -0.0031184396, -0.0031716342, -0.0031992046, -0.0032542387, -0.0033056415, -0.0033286954, -0.003367749, -0.0033967223, -0.0034075526, -0.0034235285, -0.0034349773, -0.003445341, -0.0034511369, -0.0034650916, -0.0034819972, -0.0034911819, -0.003509139, -0.0035243002, -0.0035341387, -0.0035365382, -0.0035359077, -0.003528224, -0.0035219865, -0.0035054814, -0.00348367, -0.0034560738, -0.003439566, -0.0034000399, -0.0033501822, -0.0033210479, -0.0032543507, -0.0031769199, -0.0031347987, -0.0030448986, -0.0029496697, -0.0028515956, -0.0028022723, -0.002704229, -0.0026083707, -0.002561528, -0.0024697478, -0.0023794211, -0.0022884912, -0.0022422937, -0.002146838, -0.002045729, -0.0019923812, -0.001879649, -0.0017584952, -0.0016950585, -0.0015637635, -0.0014290267, -0.0012940458, -0.0012274574, -0.0010976567, -0.0009737184, -0.00091414875, -0.0008000185, -0.00069201225, -0.0005891028, -0.00053915835, -0.0004415442, -0.00034574472, -0.0002981454, -0.00020309674, -0.00010735338, -5.9077225e-05, 3.8485163e-05, 0.00013727485, 0.00023688306, 0.0002865501, 0.00038484347, 0.00048018957, 0.0005260086, 0.00061299274, 0.00069210876, 0.00076258654, 0.0007944396, 0.000851615, 0.0009006651, 0.00092234346, 0.0009602258, 0.0009912356, 0.0010043145, 0.001025826, 0.0010416444, 0.0010521096, 0.0010554458, 0.0010584919, 0.0010566091, 0.001053753, 0.0010440677, 0.0010285708, 0.0010071286, 0.0009943774, 0.0009662967, 0.0009410742, 0.0009345757, 0.00095401105, 0.0010482807
0, 0, 0, 0, 0, 0, 0, 0, 0, 0, 0, 0, 0, 0, 0, 0, -0.0005798641, -0.00047078796, -0.00048626025, -0.00059247535, -0.0007361065, -0.00081107154, -0.0009607124, -0.001107675, -0.0011795805, -0.0013191638, -0.0014528228, -0.0015821605, -0.0016460009, -0.0017734306, -0.0019006998, -0.0019634801, -0.0020854396, -0.0021980293, -0.0022980694, -0.002342849, -0.0024234396, -0.0024947582, -0.002528672, -0.0025954945, -0.002664037, -0.0026994154, -0.0027719317, -0.0028445125, -0.0029136748, -0.0029454576, -0.0030017358, -0.0030470307, -0.0030658687, -0.0030973447, -0.003123698, -0.0031479711, -0.0031599689, -0.003184016, -0.0032076447, -0.0032189295, -0.003239533, -0.003256728, -0.0032639925, -0.0032755116, -0.0032838092, -0.0032885286, -0.0032898295, -0.0032909715, -0.0032902914, -0.0032895147, -0.0032870618, -0.0032838185, -0.0032796313, -0.0032770804, -0.0032706868, -0.0032622134, -0.0032572132, -0.003245824, -0.0032327813, -0.00321753, -0.0032089711, -0.0031889526, -0.003163893, -0.0031489455, -0.0031132936, -0.0030692318, -0.0030436185, -0.0029849424, -0.0029161517, -0.0028378037, -0.002795418, -0.0027061144, -0.0026135386, -0.0025671087, -0.0024760643, -0.002389365, -0.0023084742, -0.0022703293, -0.0021979779, -0.0021294705, -0.002095623, -0.0020264797, -0.0019525349, -0.0019129001, -0.0018271864, -0.0017325616, -0.0016298025, -0.001575882, -0.0014642787, -0.001349702, -0.0012920281, -0.0011771293, -0.0010644535, -0.00095546455, -0.0009025821, -0.0008005065, -0.00070310256, -0.00065601204, -0.00056472793, -0.00047620616, -0.00043255178, -0.00034582792, -0.00025886466, -0.00017046074, -0.00012565406, -3.4945304e-05, 5.659424e-05, 0.00010212525, 0.00019184616, 0.0002780972, 0.0003592096, 0.0003975993, 0.00046946257, 0.00053467054, 0.00056470797, 0.0006196382, 0.0006679391, 0.0006896808, 0.00072883785, 0.0007625352, 0.0007915559, 0.000804382, 0.0008270891, 0.00084554666, 0.0008530561, 0.00086420524, 0.00086961477, 0.00086890307, 0.0008663406, 0.0008583375, 0.00085230055, 0.000854781, 0.0008894292, 0.0009915878
0, 0, 0, 0, 0, 0, 0, 0, 0, 0, 0, 0, 0, 0, 0, 0, -0.0006832667, -0.0006723408, -0.0007218288, -0.0008650113, -0.0010220718, -0.0010999008, -0.0012543161, -0.0014088863, -0.0014861553, -0.0016396786, -0.0017886743, -0.0019298805, -0.00199743, -0.00212613, -0.002247985, -0.0023064069, -0.0024185758, -0.0025229957, -0.0026169175, -0.0026595274, -0.0027352455, -0.0027987391, -0.002826546, -0.0028763, -0.0029210278, -0.002942551, -0.0029852588, -0.003029059, -0.0030730763, -0.0030944452, -0.0031337354, -0.0031655927, -0.0031778687, -0.003194479, -0.0032005443, -0.0031982341, -0.003194868, -0.003185338, -0.0031747976, -0.0031698938, -0.00316207, -0.0031573875, -0.0031562538, -0.0031557991, -0.003156103, -0.0031543963, -0.0031520699, -0.0031433643, -0.0031283414, -0.0031187637, -0.0030960613, -0.0030706797, -0.0030447303, -0.0030319386, -0.0030074408, -0.0029846134, -0.0029738655, -0.0029532437, -0.0029337378, -0.0029152513, -0.0029063032, -0.0028888155, -0.0028716782, -0.0028629357, -0.0028447867, -0.0028242879, -0.0028124289, -0.002783935, -0.0027465248, -0.0026977072, -0.0026685582, -0.0026010836, -0.0025231366, -0.0024813362, -0.002395077, -0.0023092418, -0.0022284288, -0.002191074, -0.0021241067, -0.0020675855, -0.0020427674, -0.0019978723, -0.0019558414, -0.001934573, -0.0018891995, -0.0018374436, -0.0017772007, -0.001743697, -0.0016697581, -0.0015874102, -0.0015434572, -0.0014510441, -0.0013543353, -0.0012554103, -0.0012056893, -0.0011071841, -0.001011149, -0.0009643926, -0.0008740411, -0.0007879817, -0.000746461, -0.0006660366, -0.00058814615, -0.0005110822, -0.0004724278, -0.00039431715, -0.00031466296, -0.0002743423, -0.00019319107, -0.000112064066, -3.2155564e-05, 7.056471e-06, 8.322297e-05, 0.00015584118, 0.00019059969, 0.0002566114, 0.00031801566, 0.00034697074, 0.0004015102, 0.00045180833, 0.00049861876, 0.00052068516, 0.0005625987, 0.00060127943, 0.0006191705, 0.0006516609, 0.00067908195, 0.00070068956, 0.00070940837, 0.00072395225, 0.00074008736, 0.00075320166, 0.0008064548, 0.00091898086
0, 0, 0, 0, 0, 0, 0, 0, 0, 0, 0, 0, 0, 0, 0, -0.0008737883, -0.0007798999, -0.00086836633, -0.0009491469, -0.0011301466, -0.0013072615, -0.0013917079, -0.0015567362, -0.0017212855, -0.0018044122, -0.0019716492, -0.0021355026, -0.002290189, -0.002362713, -0.002496623, -0.0026159107, -0.002670825, -0.002773304, -0.0028677648, -0.0029547221, -0.002995263, -0.0030690858, -0.0031317698, -0.0031585726, -0.0032028444, -0.0032359932, -0.003249259, -0.0032711364, -0.003289625, -0.0033077374, -0.0033163733, -0.0033333674, -0.0033464937, -0.003350674, -0.0033517194, -0.0033409277, -0.003317975, -0.0033023153, -0.0032650025, -0.0032230117, -0.0032019387, -0.0031619223, -0.0031272941, -0.0031125632, -0.003088202, -0.003069029, -0.00305152, -0.0030421887, -0.0030205501, -0.0029923236, -0.0029754075, -0.0029366114, -0.0028924313, -0.002845574, -0.0028218953, -0.0027756384, -0.0027320276, -0.0027114237, -0.002672532, -0.0026366315, -0.0026030936, -0.002587102, -0.0025567452, -0.002529035, -0.002516301, -0.0024932832, -0.0024736822, -0.0024649526, -0.002448357, -0.0024299275, -0.0024059343, -0.0023907712, -0.002352304, -0.0023020457, -0.0022725998, -0.0022066694, -0.0021345299, -0.0020611205, -0.0020255565, -0.0019596408, -0.0019030517, -0.0018786368, -0.0018371065, -0.0018036853, -0.0017889828, -0.0017618127, -0.0017348395, -0.0017053362, -0.0016888238, -0.0016515258, -0.0016075434, -0.0015827541, -0.0015275556, -0.0014651945, -0.0013960286, -0.001359366, -0.0012825904, -0.0012029221, -0.0011625723, -0.0010818254, -0.0010026753, -0.00096409116, -0.0008891849, -0.0008172168, -0.00074749393, -0.0007131347, -0.0006447921, -0.00057606446, -0.00054146134, -0.00047157664, -0.00040081615, -0.0003294122, -0.00029357136, -0.0002220872, -0.00015145028, -0.00011653847, -4.8090627e-05, 1.8525367e-05, 5.108577e-05, 0.0001144145, 0.00017551797, 0.00023440899, 0.0002631062, 0.00031883473, 0.0003722272, 0.00039785207, 0.0004463966, 0.0004909521, 0.00053077, 0.0005490145, 0.0005832601, 0.00061998103, 0.00064324157, 0.00071493647, 0.00083851645
0, 0, 0, 0, 0, 0, 0, 0, 0, 0, 0, 0, 0, 0, 0, -0.0009009309, -0.00090040424, -0.0010586795, -0.0011610938, -0.0013713306, -0.0015688018, -0.001661871, -0.0018408613, -0.0020162596, -0.0021043536, -0.0022811973, -0.0024551249, -0.0026199236, -0.002696634, -0.0028359557, -0.0029552518, -0.0030081759, -0.0031032832, -0.003188535, -0.0032681734, -0.003306402, -0.0033794737, -0.003445532, -0.0034747962, -0.0035238913, -0.0035588513, -0.0035707694, -0.0035849565, -0.0035886844, -0.0035859065, -0.003583021, -0.0035760389, -0.003566774, -0.0035608748, -0.0035445767, -0.0035192862, -0.0034823117, -0.0034592156, -0.0034049316, -0.00334226, -0.0033091228, -0.003242378, -0.003178122, -0.0031480477, -0.0030926478, -0.0030433252, -0.0029981243, -0.0029762404, -0.0029322172, -0.002884961, -0.0028595594, -0.002804445, -0.002743763, -0.0026793524, -0.0026463126, -0.002580561, -0.002516895, -0.002486282, -0.0024278376, -0.0023729266, -0.0023204426, -0.0022948778, -0.0022450818, -0.0021965543, -0.0021730922, -0.0021284604, -0.0020883796, -0.0020705576, -0.0020395897, -0.0020145087, -0.0019933016, -0.001983235, -0.001962092, -0.001936445, -0.0019210402, -0.0018841464, -0.0018394017, -0.0017884508, -0.0017617206, -0.0017079152, -0.0016563681, -0.0016323288, -0.0015887488, -0.0015517251, -0.0015355546, -0.0015072965, -0.0014833021, -0.0014623106, -0.0014524321, -0.0014329464, -0.0014125903, -0.0014015707, -0.0013772812, -0.0013486302, -0.0013144822, -0.0012951866, -0.0012519037, -0.001202571, -0.0011758829, -0.0011191773, -0.0010593405, -0.0010287594, -0.0009669753, -0.00090501417, -0.0008434106, -0.0008126351, -0.0007512991, -0.0006898218, -0.00065911503, -0.0005975469, -0.0005356183, -0.00047325963, -0.00044170226, -0.00037830594, -0.00031440525, -0.0002822777, -0.00021785703, -0.00015300271, -0.00012053522, -5.5815293e-05, 8.283874e-06, 7.136786e-05, 0.00010246748, 0.00016347729, 0.00022254219, 0.0002512312, 0.0003066811, 0.00035899392, 0.00040801908, 0.00043148853, 0.000477356, 0.0005270916, 0.0005571683, 0.00064184435, 0.0007734547
0, 0, 0, 0, 0, 0, 0, 0, 0, 0, 0, 0, 0, 0, -0.0010828003, -0.0009466194, -0.0010251877, -0.0012241089, -0.0013384111, -0.0015668968, -0.0017812833, -0.0018820777, -0.0020742654, -0.002259165, -0.0023503283, -0.0025307117, -0.0027069964, -0.0028743232, -0.0029525445, -0.003094958, -0.003215983, -0.0032690438, -0.003362088, -0.003443037, -0.0035178678, -0.0035543668, -0.0036265221, -0.0036960137, -0.0037286866, -0.003786575, -0.0038307423, -0.0038465522, -0.0038648027, -0.0038658273, -0.0038527665, -0.0038423135, -0.0038163695, -0.0037866211, -0.0037708487, -0.0037371456, -0.0036987662, -0.0036527207, -0.0036262784, -0.003565642, -0.0034948515, -0.0034561788, -0.0033744872, -0.0032895645, -0.0032469968, -0.003163161, -0.0030825266, -0.0030052108, -0.0029676203, -0.0028938623, -0.0028202396, -0.002782976, -0.0027064001, -0.002626865, -0.0025446014, -0.0025029846, -0.0024200834, -0.0023392509, -0.0023000392, -0.0022246104, -0.00215253, -0.0020830496, -0.0020488575, -0.0019806537, -0.0019119179, -0.0018772283, -0.0018077687, -0.0017394769, -0.0017066003, -0.0016452326, -0.0015918163, -0.0015480397, -0.001529816, -0.0014998162, -0.001476336, -0.0014660388, -0.00144628, -0.0014250156, -0.0014002993, -0.0013864466, -0.0013557319, -0.0013218581, -0.001304222, -0.0012684503, -0.0012333419, -0.0012163989, -0.0011841358, -0.0011546223, -0.0011286646, -0.0011169936, -0.0010962352, -0.0010790267, -0.0010716126, -0.0010585218, -0.001046552, -0.0010343001, -0.0010275862, -0.0010120346, -0.0009925427, -0.0009810555, -0.0009541215, -0.00092190877, -0.0009038802, -0.0008645979, -0.0008213462, -0.0007746331, -0.0007501465, -0.00069939444, -0.00064695976, -0.0006203578, -0.0005665746, -0.0005124043, -0.0004577284, -0.00043019326, -0.00037467177, -0.00031824358, -0.0002896964, -0.00023147176, -0.00017193671, -0.00014169645, -8.0528065e-05, -1.9291578e-05, 4.1385585e-05, 7.125976e-05, 0.00012986995, 0.00018667792, 0.00021437768, 0.00026816028, 0.00031955226, 0.00036866107, 0.00039257863, 0.00044045845, 0.0004932361, 0.00052522344, 0.00061363966, 0.0007474123
0, 0, 0, 0, 0, 0, 0, 0, 0, 0, 0, 0, 0, -0.0010720443, -0.0009802895, -0.0009435413, -0.0010942098, -0.0013231873, -0.0014456087, -0.0016869286, -0.0019144549, -0.002022299, -0.0022265005, -0.0024185039, -0.0025111095, -0.0026903637, -0.002862456, -0.0030252032, -0.0031020364, -0.0032440291, -0.0033684825, -0.0034238815, -0.0035219495, -0.0036064794, -0.0036830024, -0.0037195894, -0.0037918584, -0.0038626685, -0.0038969228, -0.003960442, -0.004012975, -0.0040334547, -0.00406062, -0.0040677604, -0.004055838, -0.004043645, -0.004010034, -0.003968259, -0.003945691, -0.0038983389, -0.003849146, -0.0037964513, -0.0037683109, -0.0037064615, -0.0036355148, -0.0035964272, -0.0035110419, -0.003417264, -0.0033681658, -0.00326704, -0.0031642732, -0.0030616196, -0.0030106956, -0.0029096073, -0.0028091893, -0.0027589889, -0.0026582917, -0.0025569026, -0.0024548862, -0.0024040635, -0.0023037281, -0.0022060876, -0.0021586618, -0.0020668027, -0.0019786898, -0.0018935223, -0.0018517234, -0.001768578, -0.00168459, -0.0016418704, -0.0015545075, -0.0014647915, -0.001419626, -0.0013302951, -0.0012452612, -0.0011682638, -0.0011337139, -0.0010737501, -0.0010266328, -0.0010077539, -0.0009777885, -0.0009564735, -0.0009405314, -0.00093361543, -0.00092020177, -0.00090552086, -0.0008972216, -0.0008783761, -0.0008564945, -0.0008443708, -0.000818175, -0.00079010625, -0.00076164305, -0.0007477079, -0.0007213874, -0.0006982769, -0.0006882961, -0.000671701, -0.0006596064, -0.0006513476, -0.0006483743, -0.00064385246, -0.000639972, -0.00063775666, -0.00063172047, -0.0006225213, -0.00061632507, -0.000600382, -0.00057947554, -0.00055330584, -0.0005384113, -0.0005052667, -0.0004684848, -0.00044895938, -0.00040823664, -0.00036580092, -0.0003218563, -0.00029936875, -0.00025332297, -0.00020569885, -0.0001812468, -0.00013085002, -7.850397e-05, -5.1653755e-05, 2.897785e-06, 5.788801e-05, 0.00011241762, 0.00013918016, 0.00019164359, 0.00024253115, 0.00026730043, 0.00031535854, 0.000361527, 0.00040571624, 0.0004272953, 0.00047074936, 0.0005191448, 0.00054898474, 0.0006333055, 0.0007636821
0, 0, 0, 0, 0, 0, 0, 0, 0, 0, 0, 0, 0, -0.0006852711, -0.00070655847, -0.00084776623, -0.0010767091, -0.0013337982, -0.0014627093, -0.0017139419, -0.00195202, -0.0020655703, -0.0022806844, -0.0024793828, -0.0025733325, -0.0027508799, -0.002916615, -0.0030720765, -0.0031458992, -0.0032854844, -0.0034134898, -0.0034727089, -0.0035809507, -0.003676839, -0.0037622708, -0.0038020182, -0.003877165, -0.0039479155, -0.0039815623, -0.0040443204, -0.004098269, -0.0041207215, -0.0041542887, -0.0041700304, -0.0041668755, -0.0041584102, -0.004129619, -0.004088419, -0.004064525, -0.0040124794, -0.0039569256, -0.0038987088, -0.0038684714, -0.0038046304, -0.0037344578, -0.0036963203, -0.003612576, -0.0035191479, -0.0034690178, -0.0033632917, -0.0032523123, -0.0031379578, -0.00308011, -0.0029632293, -0.002845518, -0.0027863043, -0.0026673842, -0.00254795, -0.0024287386, -0.0023694425, -0.0022522358, -0.0021372973, -0.002080938, -0.0019705354, -0.0018636764, -0.001760165, -0.0017096114, -0.001610541, -0.0015131307, -0.0014645987, -0.0013665865, -0.0012665482, -0.0012156554, -0.0011126926, -0.0010094121, -0.00090843736, -0.0008597975, -0.0007685023, -0.0006877508, -0.0006520207, -0.00059071125, -0.0005432271, -0.0005085301, -0.0004953784, -0.00047590147, -0.0004625628, -0.00045740875, -0.00044829154, -0.00043888864, -0.00043333837, -0.0004198378, -0.00040263016, -0.00038203876, -0.00037076202, -0.0003473608, -0.0003241199, -0.00031308745, -0.00029305226, -0.00027656727, -0.00026414354, -0.0002594757, -0.0002529362, -0.00024962227, -0.0002489465, -0.0002487054, -0.00024874663, -0.00024846586, -0.0002465482, -0.00024174276, -0.00023348194, -0.00022800763, -0.00021426905, -0.00019692259, -0.00018703289, -0.00016493688, -0.00014001793, -0.000112421534, -9.76045e-05, -6.586705e-05, -3.138871e-05, -1.3089966e-05, 2.5608599e-05, 6.701563e-05, 8.860763e-05, 0.00013306642, 0.00017863011, 0.00022425957, 0.00024692807, 0.0002916547, 0.00033547022, 0.00035695915, 0.00039897452, 0.00043924732, 0.00047766117, 0.00049620034, 0.0005331652, 0.00057454646, 0.000600632, 0.0006775352, 0.0008024749
0, 0, 0, 0, 0, 0, 0, 0, 0, 0, 0, 0, 0, -0.0005792533, -0.0006059197, -0.0007802785, -0.0010272508, -0.0012868771, -0.0014149328, -0.0016654285, -0.0019066852, -0.0020231677, -0.0022455896, -0.0024513758, -0.0025472417, -0.0027255581, -0.0028877668, -0.003037389, -0.003108408, -0.0032447618, -0.0033745363, -0.003436911, -0.003555709, -0.0036648153, -0.0037632084, -0.0038081883, -0.0038900997, -0.0039616656, -0.0039939624, -0.0040517845, -0.0041006594, -0.0041214987, -0.004155198, -0.004176457, -0.0041835424, -0.0041815345, -0.0041666054, -0.004137788, -0.00411887, -0.0040732087, -0.004019011, -0.0039585386, -0.0039263074, -0.003858461, -0.003785754, -0.0037471068, -0.0036646514, -0.0035745548, -0.0035265486, -0.0034250848, -0.0033170087, -0.003203531, -0.0031451327, -0.0030259963, -0.002904256, -0.0028426384, -0.0027182435, -0.0025927443, -0.0024665035, -0.0024031273, -0.0022761365, -0.0021484569, -0.002084453, -0.001956196, -0.0018284238, -0.0017025304, -0.0016407357, -0.0015207701, -0.0014058717, -0.0013502412, -0.0012419069, -0.0011362515, -0.0010839241, -0.0009792479, -0.00087345444, -0.00076605286, -0.00071214413, -0.00060490397, -0.00050106103, -0.00045135993, -0.0003583113, -0.00027606284, -0.00020657924, -0.00017693911, -0.0001275664, -9.049799e-05, -7.6039105e-05, -5.40488e-05, -3.907832e-05, -3.3215932e-05, -2.32736e-05, -1.3977434e-05, -3.7653483e-06, 2.0057032e-06, 1.4620931e-05, 2.8578028e-05, 3.594731e-05, 5.0937226e-05, 6.567152e-05, 7.930811e-05, 8.5499974e-05, 9.633781e-05, 0.00010487879, 0.00010816304, 0.000112940725, 0.00011553383, 0.0001161355, 0.00011656794, 0.000116619674, 0.000116840056, 0.00011711271, 0.00011829205, 0.00012053651, 0.00012220138, 0.00012682761, 0.00013365506, 0.00014310628, 0.0001488959, 0.00016289014, 0.00018022482, 0.00019016946, 0.00021266735, 0.00023836475, 0.00025231016, 0.00028209764, 0.00031393304, 0.0003469879, 0.0003639282, 0.00039826529, 0.00043290292, 0.00045028955, 0.00048480826, 0.00051814294, 0.0005498644, 0.0005650609, 0.00059499027, 0.000628933, 0.00065115036, 0.0007206417, 0.0008411364
0, 0, 0, 0, 0, 0, 0, 0, 0, 0, 0, 0, -0.000615948, -0.00056761823, -0.0006054038, -0.00077343354, -0.0009980373, -0.0012345362, -0.001352876, -0.001587697, -0.0018200172, -0.0019345161, -0.002156682, -0.0023653281, -0.0024631373, -0.0026442322, -0.002806622, -0.002953143, -0.0030222347, -0.0031544734, -0.0032823023, -0.0033450453, -0.0034677647, -0.0035849288, -0.0036933916, -0.0037432704, -0.00383279, -0.0039074584, -0.0039395164, -0.0039935564, -0.0040359874, -0.0040536476, -0.0040827747, -0.0041044476, -0.0041186027, -0.0041225865, -0.004123032, -0.004112374, -0.004102381, -0.004072244, -0.0040285145, -0.0039727855, -0.0039410563, -0.0038713561, -0.0037951611, -0.0037551846, -0.0036721248, -0.0035848883, -0.0035395834, -0.0034453592, -0.0033456464, -0.0032399145, -0.003185061, -0.003072029, -0.0029560658, -0.0028974032, -0.0027792798, -0.0026605004, -0.0025406093, -0.0024798436, -0.0023558573, -0.0022274111, -0.0021610653, -0.0020238687, -0.0018814511, -0.0017361939, -0.0016634854, -0.0015207406, -0.0013840934, -0.0013187777, -0.0011949304, -0.0010797267, -0.0010249236, -0.0009191682, -0.0008158947, -0.00071247196, -0.0006601174, -0.0005536364, -0.0004452711, -0.0003908904, -0.00028297666, -0.0001786424, -8.0400896e-05, -3.434918e-05, 5.059703e-05, 0.00012434635, 0.00015676291, 0.00021217823, 0.0002553679, 0.00027261153, 0.00029965854, 0.00031809986, 0.00033028243, 0.0003346974, 0.00034134687, 0.0003466568, 0.00034938598, 0.00035568967, 0.00036361057, 0.00037324702, 0.00037865317, 0.00039017457, 0.00040224814, 0.0004081588, 0.0004193977, 0.0004290173, 0.0004330799, 0.0004397664, 0.0004444084, 0.00044694243, 0.00044747314, 0.00044693702, 0.0004445595, 0.00044281883, 0.0004385437, 0.00043427295, 0.0004305572, 0.00042916983, 0.00042792625, 0.00042908106, 0.0004306998, 0.0004361844, 0.00044452018, 0.00044977534, 0.0004622513, 0.00047718833, 0.0004944137, 0.00050374144, 0.0005236484, 0.0005450145, 0.0005561134, 0.0005786895, 0.0006009492, 0.0006222626, 0.00063249917, 0.00065280683, 0.0006774597, 0.0006952551, 0.0007570675, 0.0008737337
0, 0, 0, 0, 0, 0, 0, 0, 0, 0, 0, 0, -0.00054075057, -0.0005584322, -0.00061844394, -0.00079377886, -0.0009987558, -0.001209505, -0.0013149212, -0.0015262436, -0.0017394336, -0.0018462603, -0.0020578823, -0.0022618598, -0.0023589807, -0.0025403982, -0.0027032811, -0.0028488133, -0.0029161808, -0.0030430388, -0.003163768, -0.0032232287, -0.003340461, -0.0034552834, -0.003564758, -0.003616035, -0.0037096846, -0.003788461, -0.0038217448, -0.003876063, -0.0039159986, -0.0039314968, -0.0039557884, -0.0039746296, -0.0039902236, -0.0039969976, -0.004007454, -0.0040116943, -0.0040102825, -0.00399778, -0.003970562, -0.0039273207, -0.0039002716, -0.003836224, -0.0037624913, -0.0037232942, -0.0036417723, -0.0035581954, -0.0035157548, -0.0034291635, -0.0033387654, -0.003243238, -0.0031933598, -0.0030898023, -0.0029832919, -0.0029296898, -0.0028226203, -0.0027164472, -0.0026104336, -0.0025568896, -0.002446901, -0.0023307244, -0.0022694138, -0.0021389783, -0.0019979477, -0.0018479476, -0.0017708506, -0.0016153576, -0.0014625008, -0.0013885039, -0.0012474849, -0.0011173347, -0.0010562785, -0.0009416377, -0.0008346244, -0.00073202344, -0.0006814311, -0.0005801495, -0.0004776932, -0.00042570406, -0.00032019004, -0.00021299548, -0.00010521878, -5.1513485e-05, 5.443937e-05, 0.00015622038, 0.0002047476, 0.00029513784, 0.00037443519, 0.00040924488, 0.00046866696, 0.0005144273, 0.00054725166, 0.00055939896, 0.0005768225, 0.00058727624, 0.0005909143, 0.0005968811, 0.0006027683, 0.00061020924, 0.00061478274, 0.0006257346, 0.0006388578, 0.0006461219, 0.00066142203, 0.0006769183, 0.000684473, 0.0006988091, 0.0007116217, 0.0007222554, 0.0007265765, 0.0007329497, 0.00073573075, 0.00073574495, 0.00073318335, 0.00072771905, 0.0007199575, 0.0007155177, 0.0007064019, 0.0006976673, 0.00069370965, 0.0006867873, 0.0006815384, 0.00067960826, 0.0006771189, 0.00067659654, 0.00067792455, 0.0006792529, 0.000683036, 0.0006881497, 0.0006911178, 0.0006975383, 0.0007041287, 0.0007104796, 0.0007135378, 0.00072018435, 0.00073220924, 0.0007442008, 0.0007961828, 0.0009077519
0, 0, 0, 0, 0, 0, 0, 0, 0, 0, 0, 0, -0.00038507907, -0.0005195647, -0.00061197096, -0.00081436464, -0.0010182944, -0.0012157778, -0.0013123242, -0.0015033833, -0.0016948986, -0.001791153, -0.0019840791, -0.0021743353, -0.0022665637, -0.0024423287, -0.0026023346, -0.0027453697, -0.0028108484, -0.002931498, -0.0030424634, -0.0030956753, -0.0032001897, -0.0033026077, -0.0034026282, -0.0034509678, -0.0035417017, -0.003621394, -0.0036558935, -0.0037130096, -0.0037544225, -0.0037698199, -0.0037922417, -0.0038076753, -0.0038202002, -0.0038261747, -0.0038376793, -0.0038471313, -0.0038499003, -0.0038491269, -0.0038362655, -0.0038086406, -0.0037890638, -0.0037390871, -0.0036774292, -0.003643406, -0.0035713369, -0.0034964024, -0.0034584089, -0.0033810914, -0.00330096, -0.0032162762, -0.0031718425, -0.0030792174, -0.0029832926, -0.0029348622, -0.002838112, -0.0027426977, -0.0026487436, -0.0026019479, -0.0025074454, -0.0024088335, -0.0023569765, -0.0022459496, -0.0021237594, -0.0019899237, -0.0019192789, -0.0017726603, -0.0016222888, -0.0015471432, -0.001399629, -0.001258632, -0.0011911322, -0.0010630965, -0.00094413996, -0.00083290145, -0.0007795938, -0.00067620503, -0.0005757295, -0.00052594574, -0.00042653305, -0.0003260064, -0.00022343973, -0.00017111666, -6.438738e-05, 4.430477e-05, 9.8803794e-05, 0.00020597731, 0.0003081363, 0.00035616587, 0.00044450842, 0.00052084966, 0.0005837395, 0.0006101446, 0.00065354444, 0.0006860511, 0.0006990518, 0.00072031806, 0.0007375884, 0.000752956, 0.00076048984, 0.0007759855, 0.000792378, 0.00080107263, 0.0008192122, 0.0008382646, 0.0008479983, 0.0008678178, 0.0008875264, 0.00090653525, 0.0009154258, 0.0009313117, 0.00094377034, 0.0009483392, 0.00095398794, 0.00095480314, 0.0009510279, 0.00094768155, 0.0009389474, 0.00092835084, 0.0009227027, 0.00091119466, 0.0008998198, 0.00089424953, 0.0008835159, 0.0008734986, 0.00086395326, 0.000859381, 0.00085036136, 0.0008414723, 0.0008370472, 0.00082807307, 0.0008189794, 0.00080967, 0.0008050061, 0.0007967798, 0.00079483684, 0.00080033543, 0.0008411963, 0.0009462366
0, 0, 0, 0, 0, 0, 0, 0, 0, 0, 0, -0.00036316353, -0.00036913206, -0.0005225302, -0.0006246277, -0.00083935703, -0.0010474954, -0.0012432719, -0.0013366349, -0.0015171957, -0.0016924473, -0.0017792324, -0.0019518313, -0.0021230597, -0.0022072464, -0.0023703005, -0.0025219328, -0.0026592305, -0.0027220128, -0.0028362928, -0.0029379204, -0.0029851769, -0.0030751785, -0.0031616709, -0.0032464024, -0.00328805, -0.0033684443, -0.003442406, -0.0034757366, -0.0035331482, -0.0035760922, -0.0035921736, -0.003614645, -0.003627568, -0.0036351245, -0.0036379236, -0.0036428748, -0.003647094, -0.0036484755, -0.0036482832, -0.0036411823, -0.003624505, -0.0036120657, -0.0035786675, -0.0035351971, -0.0035101858, -0.003455494, -0.0033962883, -0.0033654121, -0.003301387, -0.0032335871, -0.0031612872, -0.003123233, -0.0030433598, -0.0029593126, -0.0029162373, -0.0028285754, -0.002740589, -0.0026531704, -0.0026099829, -0.002524214, -0.002438174, -0.0023945454, -0.0023043621, -0.0022080548, -0.0021037646, -0.0020482268, -0.0019309003, -0.001805899, -0.0017411154, -0.0016083268, -0.001473565, -0.0014063056, -0.0012736698, -0.001145375, -0.0010228071, -0.0009637641, -0.0008500947, -0.0007418686, -0.00068957725, -0.00058805005, -0.00048981706, -0.0003932182, -0.00034493985, -0.00024737915, -0.00014761122, -9.687057e-05, 5.522934e-06, 0.00010781878, 0.0001582191, 0.00025610678, 0.00034824183, 0.0004324507, 0.00047108464, 0.00054088345, 0.00060081814, 0.0006273694, 0.00067437487, 0.0007146517, 0.0007495736, 0.0007654102, 0.0007945985, 0.00082123664, 0.000833853, 0.00085811055, 0.0008816221, 0.0008932798, 0.0009169376, 0.0009411736, 0.00096581364, 0.0009779751, 0.0010013764, 0.0010222227, 0.0010313322, 0.0010460281, 0.0010556885, 0.0010599178, 0.0010601863, 0.0010575082, 0.0010515428, 0.0010476299, 0.0010387378, 0.0010287018, 0.0010233778, 0.0010121929, 0.0010003642, 0.0009878118, 0.0009811665, 0.0009669953, 0.0009515823, 0.000943342, 0.00092588674, 0.00090727507, 0.0008878295, 0.00087793655, 0.0008593426, 0.00084723457, 0.00084791833, 0.0008800906, 0.0009797993
0, 0, 0, 0, 0, 0, 0, 0, 0, 0, -0.0004216773, -0.0003780079, -0.0004101714, -0.00056887104, -0.00066913513, -0.0008797759, -0.0010868023, -0.0012833765, -0.001377149, -0.0015557852, -0.0017240971, -0.0018050559, -0.0019627009, -0.0021159223, -0.0021910865, -0.002337482, -0.002475976, -0.0026035805, -0.002662755, -0.0027709827, -0.0028662293, -0.0029096452, -0.002989843, -0.0030635407, -0.003133348, -0.003167238, -0.0032328458, -0.0032944381, -0.0033227806, -0.003373137, -0.0034122786, -0.0034273325, -0.0034484537, -0.0034590538, -0.0034618438, -0.0034610673, -0.0034568524, -0.0034504365, -0.0034467317, -0.003437979, -0.0034268915, -0.003412315, -0.0034032762, -0.0033812616, -0.0033536933, -0.0033378042, -0.0033019285, -0.0032609927, -0.0032387073, -0.0031903957, -0.0031369827, -0.003078526, -0.0030473988, -0.0029815254, -0.002911142, -0.0028742382, -0.0027975624, -0.002717585, -0.0026353714, -0.002593867, -0.002511202, -0.0024301219, -0.0023903179, -0.0023122353, -0.002235068, -0.0021573426, -0.002117605, -0.0020350316, -0.0019467633, -0.0018999425, -0.0018002446, -0.0016924196, -0.0016357462, -0.0015180857, -0.001396677, -0.001273956, -0.001212769, -0.0010919324, -0.00097429816, -0.00091717736, -0.00080695597, -0.0007028075, -0.00060456333, -0.0005573059, -0.00046548923, -0.00037568482, -0.00033124408, -0.00024249074, -0.00015376094, -0.000109361165, -2.0632535e-05, 6.740645e-05, 0.00015378413, 0.00019586636, 0.00027701928, 0.00035348293, 0.00038973006, 0.00045815576, 0.0005209799, 0.00057823246, 0.0006046809, 0.0006535181, 0.00069707667, 0.0007170138, 0.00075369206, 0.00078680564, 0.00080244575, 0.000832498, 0.00086186366, 0.00089105073, 0.00090552575, 0.00093379186, 0.0009602571, 0.0009724828, 0.0009942222, 0.0010117702, 0.001024549, 0.0010291392, 0.001034985, 0.0010371146, 0.0010370162, 0.0010350267, 0.0010312048, 0.001028737, 0.001022808, 0.0010154783, 0.0010066665, 0.0010016317, 0.0009901593, 0.0009765605, 0.0009689489, 0.0009521362, 0.00093328767, 0.00091281254, 0.0009022335, 0.0008816456, 0.00086721784, 0.000866645, 0.000896379, 0.0009945593
0, 0, 0, 0, 0, 0, 0, 0, 0, 0, -0.0003200224, -0.0003406382, -0.00046219278, -0.00064537104, -0.0007453233, -0.00094799063, -0.0011476522, -0.001340948, -0.0014344272, -0.0016136582, -0.0017809939, -0.0018602846, -0.0020105324, -0.0021516148, -0.0022193275, -0.0023496314, -0.0024727935, -0.002588218, -0.002642417, -0.002743925, -0.0028350614, -0.0028768417, -0.002953303, -0.0030207334, -0.0030810374, -0.0031086223, -0.0031594504, -0.0032043327, -0.00322453, -0.0032600516, -0.0032879175, -0.0032988223, -0.003314244, -0.003321296, -0.0033203606, -0.003317152, -0.0033060382, -0.003290249, -0.0032810501, -0.003261678, -0.0032417215, -0.0032221342, -0.0032123371, -0.0031927277, -0.0031723734, -0.0031614418, -0.0031375324, -0.0031095634, -0.0030937705, -0.0030580629, -0.0030168395, -0.0029703004, -0.002945342, -0.0028922176, -0.0028351727, -0.0028052125, -0.0027419229, -0.0026741212, -0.0026017483, -0.0025641103, -0.0024869083, -0.0024092146, -0.0023708772, -0.002296769, -0.002227046, -0.0021619934, -0.0021310754, -0.0020711469, -0.0020114137, -0.001980695, -0.001915401, -0.0018427428, -0.0018030519, -0.0017163377, -0.0016204338, -0.0015166138, -0.0014622991, -0.0013502568, -0.0012358781, -0.0011787235, -0.0010660451, -0.0009577463, -0.0008554932, -0.00080679567, -0.0007140765, -0.0006269324, -0.0005852248, -0.0005047784, -0.00042725657, -0.0003892504, -0.0003138964, -0.00023871973, -0.000163187, -0.00012529708, -4.9453793e-05, 2.6277476e-05, 6.383256e-05, 0.00013809587, 0.00021049113, 0.0002803983, 0.00031406654, 0.00037853193, 0.00043858678, 0.0004668206, 0.00051947794, 0.00056738517, 0.00058972335, 0.00063158566, 0.00067053305, 0.00070729805, 0.0007250239, 0.00075910357, 0.0007911994, 0.00080638286, 0.0008345854, 0.0008596172, 0.00088087836, 0.00089002907, 0.00090527063, 0.0009167545, 0.0009211766, 0.00092786644, 0.0009322318, 0.00093365804, 0.0009352705, 0.000935255, 0.000933568, 0.0009320463, 0.00092751504, 0.00092090655, 0.0009167486, 0.0009067851, 0.0008945416, 0.0008804072, 0.000872848, 0.0008579244, 0.00084859744, 0.00085033814, 0.00088408985, 0.0009847769
0, 0, 0, 0, 0, 0, 0, 0, 0, 0, -0.00047755547, -0.00047256798, -0.00059275056, -0.0007764834, -0.00087246095, -0.0010621833, -0.0012476516, -0.0014296845, -0.001519325, -0.001694179, -0.0018602216, -0.0019389477, -0.0020868336, -0.0022220055, -0.002285059, -0.002403312, -0.0025125663, -0.0026145692, -0.0026631234, -0.0027559658, -0.0028423436, -0.0028830003, -0.0029582765, -0.0030247236, -0.0030810342, -0.0031050562, -0.003144618, -0.0031738859, -0.003185031, -0.0032020235, -0.0032133793, -0.0032174506, -0.0032227137, -0.00322399, -0.0032199626, -0.0032155216, -0.0032016162, -0.0031813649, -0.0031692758, -0.00314291, -0.0031154722, -0.0030887804, -0.0030760246, -0.0030523143, -0.0030302533, -0.0030194751, -0.0029971928, -0.0029721356, -0.0029581669, -0.002926599, -0.002889844, -0.0028487123, -0.0028267473, -0.0027806037, -0.002732651, -0.0027080742, -0.0026574903, -0.0026042277, -0.0025473651, -0.0025172385, -0.0024536161, -0.0023862042, -0.002351689, -0.002282286, -0.002214888, -0.0021514453, -0.0021217065, -0.002066301, -0.00201563, -0.0019915516, -0.001944025, -0.0018949531, -0.0018689164, -0.0018120231, -0.0017473416, -0.001674037, -0.0016341566, -0.0015484387, -0.0014562438, -0.0014085483, -0.0013112228, -0.0012134106, -0.0011174032, -0.0010704639, -0.0009794598, -0.00089281285, -0.0008512805, -0.0007717445, -0.0006965575, -0.00066040864, -0.00059041934, -0.0005226009, -0.00045619387, -0.0004232202, -0.00035720857, -0.00029090483, -0.00025756066, -0.00019031107, -0.0001225521, -5.4216292e-05, -2.0039644e-05, 4.8204645e-05, 0.000115598115, 0.0001486691, 0.00021309486, 0.00027445474, 0.00030375714, 0.0003595985, 0.0004115214, 0.00045993534, 0.0004829167, 0.00052677374, 0.0005680002, 0.0005876861, 0.0006251959, 0.0006601271, 0.00069198484, 0.0007065495, 0.000732739, 0.0007548796, 0.00076439354, 0.0007807048, 0.0007938106, 0.0007993077, 0.0008086524, 0.0008160531, 0.0008216359, 0.0008237604, 0.0008265698, 0.0008275385, 0.00082729023, 0.0008254692, 0.0008216346, 0.000816094, 0.0008128681, 0.0008065935, 0.00080569944, 0.00081146555, 0.0008524308, 0.00095776725
0, 0, 0, 0, 0, 0, 0, 0, 0, -0.000772011, -0.0006405291, -0.00065432565, -0.00078200275, -0.0009584207, -0.0010484514, -0.0012231222, -0.0013909962, -0.001555712, -0.0016374469, -0.0017997442, -0.00195805, -0.0020344337, -0.0021797873, -0.0023122164, -0.002372972, -0.002484374, -0.002583586, -0.002673772, -0.0027165797, -0.002798939, -0.0028779153, -0.0029160737, -0.0029889047, -0.003054757, -0.003110085, -0.0031327954, -0.003166749, -0.0031857032, -0.0031902345, -0.003191867, -0.003187478, -0.0031842443, -0.0031775602, -0.0031711357, -0.0031634136, -0.0031583565, -0.0031440628, -0.0031236492, -0.0031111455, -0.0030823762, -0.003050974, -0.0030189403, -0.003003313, -0.0029735921, -0.0029455258, -0.0029318135, -0.0029040182, -0.0028739874, -0.002857508, -0.0028213821, -0.002780635, -0.0027359857, -0.0027126165, -0.0026650191, -0.002617812, -0.0025948808, -0.0025507074, -0.002508342, -0.0024665555, -0.0024450128, -0.0023996676, -0.0023498677, -0.0023230463, -0.002266082, -0.0022058904, -0.0021445332, -0.0021140904, -0.0020548154, -0.0019989263, -0.0019724322, -0.0019223813, -0.0018756182, -0.0018529843, -0.0018079942, -0.001761826, -0.0017127743, -0.0016869052, -0.0016316012, -0.0015716736, -0.0015400237, -0.0014735202, -0.0014032274, -0.0013298711, -0.0012922473, -0.0012158314, -0.0011388371, -0.0011004531, -0.0010244612, -0.0009499975, -0.00091354386, -0.00084240484, -0.00077379495, -0.00070773315, -0.0006755282, -0.0006126663, -0.00055147265, -0.00052133657, -0.0004617625, -0.00040262053, -0.00034294816, -0.0003126786, -0.00025088133, -0.0001871212, -0.00015460237, -8.8685585e-05, -2.2477587e-05, 1.0313846e-05, 7.490615e-05, 0.00013706106, 0.00019663633, 0.00022536595, 0.00028078287, 0.0003338218, 0.00035946365, 0.00040943414, 0.0004572581, 0.000502321, 0.00052354316, 0.0005629192, 0.0005975258, 0.00061297306, 0.0006401876, 0.0006629795, 0.00067293644, 0.00069042295, 0.0007051323, 0.00071748, 0.0007228011, 0.00073197397, 0.00073906657, 0.00074198534, 0.00074669544, 0.0007498354, 0.00075153547, 0.000751976, 0.0007534453, 0.000760387, 0.0007699506, 0.00081783975, 0.00092739414
0, 0, 0, 0, 0, 0, 0, 0, 0, -0.0007488517, -0.0007305164, -0.00078504655, -0.00095228734, -0.0011385157, -0.0012284063, -0.0013966672, -0.0015517808, -0.0016995008, -0.0017721639, -0.0019172285, -0.002061851, -0.0021333182, -0.0022719987, -0.002401029, -0.0024606383, -0.002569252, -0.0026637795, -0.002746682, -0.0027850266, -0.0028578273, -0.0029276626, -0.0029620915, -0.0030291805, -0.0030921048, -0.0031464656, -0.0031690565, -0.0032024742, -0.0032192091, -0.0032216012, -0.0032170524, -0.0032039778, -0.0031960714, -0.0031802107, -0.0031661694, -0.0031537483, -0.0031473625, -0.0031323263, -0.0031122637, -0.0030998976, -0.00307069, -0.00303695, -0.0030009754, -0.002982826, -0.0029469724, -0.0029121507, -0.0028948854, -0.0028596215, -0.0028220061, -0.0028018148, -0.0027578904, -0.002709, -0.0026558526, -0.0026281534, -0.0025722196, -0.0025178504, -0.0024921088, -0.002444831, -0.0024039138, -0.0023683454, -0.0023518128, -0.002319404, -0.002285351, -0.0022668913, -0.0022262905, -0.0021799607, -0.0021281713, -0.002100526, -0.0020425692, -0.0019823685, -0.0019520078, -0.0018919375, -0.0018341716, -0.0018065411, -0.0017542749, -0.0017063523, -0.0016626978, -0.0016423318, -0.0016039844, -0.0015678509, -0.0015501087, -0.0015140261, -0.0014755952, -0.0014332036, -0.0014101735, -0.0013602682, -0.0013055141, -0.0012764169, -0.0012153456, -0.0011508461, -0.0011175957, -0.001049965, -0.000981782, -0.00091405545, -0.000880628, -0.00081515755, -0.0007519122, -0.0007213583, -0.0006625234, -0.0006065057, -0.00055239984, -0.0005256419, -0.00047178072, -0.00041629796, -0.00038769594, -0.00032832642, -0.00026654825, -0.00023498634, -0.00017074827, -0.0001061307, -4.1796342e-05, -9.864863e-06, 5.3276428e-05, 0.00011544024, 0.00014617876, 0.00020692936, 0.0002663022, 0.00032360814, 0.00035108445, 0.0004030534, 0.0004501111, 0.0004715648, 0.00051028596, 0.00054383307, 0.0005588255, 0.0005856164, 0.00060877757, 0.0006286454, 0.0006374255, 0.0006529427, 0.00066605094, 0.0006718901, 0.000682264, 0.00069118704, 0.0006989565, 0.0007025167, 0.0007104365, 0.00072391814, 0.0007366613, 0.0007901754, 0.000902665
0, 0, 0, 0, 0, 0, 0, 0, 0, -0.00057822134, -0.00072278816, -0.00082592893, -0.0010480874, -0.0012592748, -0.0013557683, -0.0015299016, -0.001682599, -0.0018215518, -0.0018880579, -0.0020187485, -0.0021490022, -0.0022142492, -0.0023434712, -0.0024670172, -0.0025256146, -0.0026335123, -0.0027277565, -0.0028092389, -0.0028459714, -0.002913869, -0.0029772404, -0.0030080567, -0.0030687242, -0.0031269405, -0.0031792803, -0.0032018553, -0.0032377427, -0.0032590555, -0.0032640835, -0.0032639764, -0.0032531705, -0.0032452492, -0.003227217, -0.0032090489, -0.0031918858, -0.0031835574, -0.0031655366, -0.003143598, -0.0031304439, -0.0030991402, -0.0030620694, -0.0030211092, -0.002999882, -0.002957159, -0.0029148757, -0.002893902, -0.0028514932, -0.002807382, -0.0027842226, -0.0027345333, -0.0026797736, -0.0026197855, -0.0025883017, -0.002523613, -0.00245959, -0.0024287987, -0.0023716867, -0.0023222254, -0.0022804963, -0.002262109, -0.0022288323, -0.002197918, -0.002182553, -0.0021508636, -0.0021159705, -0.0020765106, -0.002054699, -0.002006727, -0.0019525785, -0.001923398, -0.0018616222, -0.0017967976, -0.0017641049, -0.0016999745, -0.0016396879, -0.0015858925, -0.0015619152, -0.0015204583, -0.0014875664, -0.0014738827, -0.001450482, -0.0014300057, -0.0014095136, -0.0013985224, -0.0013737512, -0.0013441538, -0.0013272832, -0.0012891083, -0.0012448619, -0.0012205256, -0.0011678754, -0.001110621, -0.0010498536, -0.0010184987, -0.00095472235, -0.00089091156, -0.00085954124, -0.0007989073, -0.00074177363, -0.00068813807, -0.00066238147, -0.0006122787, -0.00056260824, -0.0005373928, -0.00048562553, -0.00043145925, -0.00040334382, -0.00034517105, -0.00028486236, -0.00022288466, -0.00019146352, -0.0001280309, -6.401077e-05, -3.1865242e-05, 3.2578624e-05, 9.674689e-05, 0.00015967184, 0.00019034723, 0.0002493058, 0.00030428692, 0.00032994917, 0.00037741577, 0.00042010387, 0.00043972587, 0.0004759443, 0.00050807255, 0.0005364242, 0.0005492241, 0.00057215756, 0.00059222727, 0.0006014188, 0.0006185113, 0.00063415937, 0.0006487729, 0.00065589335, 0.00067067344, 0.0006909937, 0.0007070664, 0.0007662638, 0.0008816406
0, 0, 0, 0, 0, 0, 0, 0, -0.0005587294, -0.00054928544, -0.0007176518, -0.0008333266, -0.001074753, -0.0012994516, -0.0014015961, -0.0015848866, -0.0017434892, -0.0018835437, -0.0019489512, -0.0020743394, -0.0021964891, -0.0022571876, -0.0023779508, -0.0024956085, -0.002552249, -0.002659322, -0.0027557288, -0.0028404626, -0.0028788485, -0.0029487778, -0.0030119047, -0.003041868, -0.0030994336, -0.0031538582, -0.0032038735, -0.003226482, -0.0032655075, -0.0032945569, -0.0033047602, -0.0033163556, -0.0033169293, -0.00331376, -0.0033022289, -0.003286186, -0.0032674712, -0.0032574758, -0.003235508, -0.0032093555, -0.003194195, -0.0031587337, -0.00311674, -0.0030696162, -0.0030447878, -0.002993905, -0.0029429367, -0.002917583, -0.002867373, -0.0028171598, -0.0027916261, -0.0027387436, -0.0026821985, -0.002620935, -0.002588669, -0.0025213626, -0.0024526138, -0.0024184354, -0.0023522407, -0.0022906114, -0.0022345365, -0.0022086354, -0.002160536, -0.0021169044, -0.0020964614, -0.0020579007, -0.0020213102, -0.0019854635, -0.0019671998, -0.0019286909, -0.0018858607, -0.0018622889, -0.0018102508, -0.0017516443, -0.0017203165, -0.0016549921, -0.0015885409, -0.0015243572, -0.0014941458, -0.0014392161, -0.0013932032, -0.0013735987, -0.0013409776, -0.0013157203, -0.0012956932, -0.001286924, -0.0012704714, -0.0012537731, -0.0012447787, -0.0012245373, -0.0012000886, -0.001185992, -0.0011538285, -0.0011159421, -0.0010722048, -0.0010483331, -0.0009970487, -0.0009423394, -0.0009143836, -0.0008585465, -0.00080414803, -0.00075210404, -0.0007270091, -0.0006784668, -0.00063102983, -0.000607412, -0.00055970415, -0.000510477, -0.00048508344, -0.00043263976, -0.00037797424, -0.00032144948, -0.00029267077, -0.00023426849, -0.0001748892, -0.0001449279, -8.452351e-05, -2.3888575e-05, 3.6315654e-05, 6.602062e-05, 0.00012388482, 0.0001790542, 0.00020541644, 0.00025551798, 0.000302082, 0.00032418445, 0.0003659641, 0.00040439246, 0.00043924502, 0.00045529133, 0.0004848517, 0.00051152677, 0.00052405207, 0.0005480396, 0.00057094, 0.0005929642, 0.000603823, 0.00062621123, 0.00065403274, 0.0006737701, 0.0007394866, 0.0008587444
0, 0, 0, 0, 0, 0, 0, 0, -0.0005464565, -0.00055596424, -0.0007197306, -0.00082788354, -0.0010549888, -0.0012721383, -0.0013732205, -0.0015589555, -0.0017240945, -0.0018720622, -0.0019407154, -0.002070597, -0.0021937706, -0.0022534516, -0.0023699554, -0.0024824936, -0.002537109, -0.0026419924, -0.002739711, -0.0028292993, -0.0028709357, -0.0029480017, -0.0030175287, -0.003049748, -0.0031097506, -0.0031641903, -0.0032135686, -0.0032362659, -0.0032778035, -0.0033136257, -0.0033289643, -0.0033536563, -0.0033691542, -0.0033732445, -0.0033744108, -0.0033669046, -0.003352289, -0.0033427174, -0.0033190488, -0.003289489, -0.0032723667, -0.0032328833, -0.0031866578, -0.0031346574, -0.0031070295, -0.0030494223, -0.0029905692, -0.0029609983, -0.0029024996, -0.0028450487, -0.0028166755, -0.0027600145, -0.0027024394, -0.0026429417, -0.00261223, -0.002548843, -0.0024830538, -0.0024494922, -0.002381302, -0.0023123545, -0.0022435617, -0.0022093914, -0.0021420442, -0.0020772319, -0.0020462621, -0.0019877576, -0.0019347278, -0.0018876367, -0.0018659339, -0.0018251513, -0.0017859879, -0.001766151, -0.0017243522, -0.0016781801, -0.0016530572, -0.0015985096, -0.0015387374, -0.0014755249, -0.0014434287, -0.0013799393, -0.0013195738, -0.0012912372, -0.0012391268, -0.0011938625, -0.0011555577, -0.0011388622, -0.0011098735, -0.0010858872, -0.0010752671, -0.0010558725, -0.0010374459, -0.0010281772, -0.0010087361, -0.0009867401, -0.00096098735, -0.0009463476, -0.00091323437, -0.00087549665, -0.0008552403, -0.00081278844, -0.00076877046, -0.0007241806, -0.00070180383, -0.00065696926, -0.0006119036, -0.0005892516, -0.0005431919, -0.00049590337, -0.00047166142, -0.00042202338, -0.0003709611, -0.0003189521, -0.00029270278, -0.00024007489, -0.00018729799, -0.00016083867, -0.000107856664, -5.5013243e-05, -2.3863151e-06, 2.3676508e-05, 7.4818105e-05, 0.00012417775, 0.0001480893, 0.00019435318, 0.00023837041, 0.00025965675, 0.00030071006, 0.00033943783, 0.00037532204, 0.00039212892, 0.00042374156, 0.00045306687, 0.00046712722, 0.0004945732, 0.00052150834, 0.0005480615, 0.0005612888, 0.00058872695, 0.00062185526, 0.00064428017, 0.0007151876, 0.0008380717
0, 0, 0, 0, 0, 0, 0, 0, -0.00025221772, -0.00042923616, -0.0006439916, -0.00074922387, -0.000947268, -0.0011289384, -0.0012156059, -0.0013831138, -0.0015456378, -0.0017035591, -0.0017803564, -0.001927864, -0.0020654472, -0.0021296956, -0.0022492714, -0.0023575807, -0.0024080526, -0.0025045665, -0.0025973818, -0.0026891045, -0.0027347277, -0.002824255, -0.0029097248, -0.002950026, -0.0030238845, -0.0030879488, -0.0031427722, -0.0031672404, -0.003212424, -0.0032546613, -0.0032750163, -0.0033137032, -0.0033488243, -0.003364164, -0.003389211, -0.0034046385, -0.003408887, -0.0034067133, -0.0033939944, -0.003371252, -0.0033565147, -0.003321353, -0.003279819, -0.0032332586, -0.003208371, -0.0031558247, -0.0030994934, -0.0030700786, -0.0030087356, -0.0029447728, -0.0029119628, -0.0028458505, -0.0027800896, -0.0027159925, -0.0026848149, -0.0026246312, -0.0025664384, -0.0025375255, -0.0024783523, -0.0024154268, -0.0023468968, -0.0023103661, -0.0022329434, -0.0021503482, -0.0021077949, -0.0020213174, -0.001935192, -0.0018516097, -0.0018113551, -0.0017350542, -0.0016652971, -0.0016330492, -0.0015737423, -0.0015199097, -0.0014945021, -0.0014452583, -0.0013960473, -0.0013447534, -0.0013178198, -0.0012606014, -0.0011986976, -0.001166042, -0.0010978654, -0.0010269427, -0.00095503416, -0.00091927696, -0.0008491937, -0.00078236096, -0.00075067807, -0.0006915452, -0.0006390553, -0.00061557, -0.0005742069, -0.0005402238, -0.0005126387, -0.00050064485, -0.00047888345, -0.00045820276, -0.00044761912, -0.0004251771, -0.0003998614, -0.00037095096, -0.00035506653, -0.00032052808, -0.00028276487, -0.0002628952, -0.00022150403, -0.00017830747, -0.0001561558, -0.00011112541, -6.567864e-05, -2.0438201e-05, 1.9680344e-06, 4.6016266e-05, 8.876797e-05, 0.00010961368, 0.00015038112, 0.0001900967, 0.00022873595, 0.00024768128, 0.00028464486, 0.00031992627, 0.00033674933, 0.00036875572, 0.00039875234, 0.00041306118, 0.00044026427, 0.0004657, 0.00048898935, 0.00049977953, 0.00051968516, 0.00053793174, 0.0005465958, 0.0005634992, 0.00058031676, 0.0005971947, 0.0006058328, 0.0006245806, 0.0006500258, 0.0006690804, 0.0007346561, 0.0008550241
0, 0, 0, 0, 0, 0, 0, -0.00021900263, -0.00025386992, -0.0004183123, -0.0006208588, -0.00071951235, -0.00090227026, -0.0010676936, -0.0011462151, -0.0012997553, -0.0014523754, -0.0016053827, -0.0016813483, -0.0018294125, -0.0019690741, -0.002034436, -0.0021550853, -0.0022624037, -0.0023120167, -0.0024052714, -0.0024945948, -0.002583522, -0.0026282514, -0.0027180316, -0.0028057597, -0.0028476918, -0.0029255245, -0.0029935483, -0.0030517096, -0.0030774828, -0.0031245253, -0.0031676674, -0.003188438, -0.0032283976, -0.0032657476, -0.00328299, -0.0033127868, -0.003334758, -0.00334682, -0.0033486963, -0.0033444227, -0.0033302358, -0.003319897, -0.0032939145, -0.003262085, -0.0032262972, -0.0032072149, -0.0031667284, -0.00312274, -0.003099149, -0.003048168, -0.0029921832, -0.0029623061, -0.002899577, -0.0028341615, -0.0027676146, -0.0027345538, -0.0026697228, -0.0026067644, -0.0025759137, -0.0025145249, -0.0024523798, -0.0023883071, -0.002355267, -0.0022865976, -0.002214249, -0.0021766073, -0.0020983324, -0.0020165152, -0.0019320266, -0.0018891615, -0.0018033726, -0.0017191333, -0.0016782164, -0.0015996172, -0.0015257277, -0.0014904946, -0.0014230186, -0.0013585613, -0.0012960171, -0.0012650493, -0.001202876, -0.0011394079, -0.00110683, -0.0010398617, -0.0009701227, -0.0008976857, -0.0008607174, -0.0007855014, -0.0007095317, -0.0006717463, -0.00059777073, -0.00052730925, -0.0004940318, -0.00043242416, -0.00037839296, -0.0003321674, -0.0003117433, -0.00027544377, -0.0002432216, -0.000227987, -0.00019807661, -0.00016729854, -0.00013465845, -0.000117415104, -8.124821e-05, -4.3150445e-05, -2.3572826e-05, 1.6380349e-05, 5.7026362e-05, 7.757211e-05, 0.00011881856, 0.00015999391, 0.00020054898, 0.0002205654, 0.0002596685, 0.00029719475, 0.0003153033, 0.00035029787, 0.0003837484, 0.0004159423, 0.0004316822, 0.00046208274, 0.0004908121, 0.00050439045, 0.0005297946, 0.0005530989, 0.0005640292, 0.0005843468, 0.0006029031, 0.0006192456, 0.0006265061, 0.0006392812, 0.0006500559, 0.00065480446, 0.0006634529, 0.0006714929, 0.0006790326, 0.0006828514, 0.0006917657, 0.0007073045, 0.00072147406, 0.00077817094, 0.0008929251
0, 0, 0, 0, 0, 0, -0.00021540368, -0.00020736789, -0.00027736885, -0.00043647902, -0.00062042044, -0.0007101865, -0.0008777589, -0.001029631, -0.0011016076, -0.0012422254, -0.0013823197, -0.0015241371, -0.001595257, -0.0017357311, -0.0018700261, -0.0019336565, -0.0020518487, -0.002158173, -0.0022073805, -0.002299825, -0.0023876124, -0.0024739802, -0.0025171258, -0.0026035877, -0.0026884093, -0.0027292115, -0.0028058945, -0.0028740417, -0.0029330028, -0.0029593024, -0.0030070352, -0.0030504016, -0.0030709354, -0.003110191, -0.0031470463, -0.0031642618, -0.0031951154, -0.003219442, -0.0032355275, -0.0032401292, -0.0032422843, -0.0032362263, -0.0032305114, -0.0032145632, -0.0031942884, -0.0031711261, -0.0031586932, -0.0031322003, -0.00310264, -0.0030862356, -0.00304978, -0.0030076876, -0.0029844719, -0.002933994, -0.002878112, -0.0028175528, -0.0027858638, -0.0027204258, -0.0026533264, -0.0026195375, -0.0025518695, -0.0024850804, -0.0024198203, -0.0023879162, -0.0023253362, -0.0022636678, -0.0022327083, -0.0021693117, -0.00210249, -0.0020307992, -0.001993005, -0.0019135702, -0.0018298298, -0.0017868603, -0.0016995543, -0.001611609, -0.0015677904, -0.001480857, -0.0013958054, -0.0013132212, -0.0012730301, -0.0011948233, -0.001119311, -0.0010823394, -0.0010096953, -0.00093798793, -0.00086654315, -0.0008305684, -0.0007578031, -0.0006834892, -0.00064587884, -0.00056997413, -0.0004940327, -0.00045655327, -0.0003835862, -0.00031470254, -0.00025092965, -0.00022118005, -0.00016559171, -0.00011439007, -8.998291e-05, -4.2825654e-05, 2.9714734e-06, 4.824378e-05, 7.074252e-05, 0.00011531123, 0.00015903627, 0.00018054628, 0.00022252418, 0.00026327124, 0.00028317017, 0.0003221452, 0.00035998021, 0.00039644958, 0.0004140968, 0.00044823834, 0.00048040974, 0.0004956692, 0.00052436726, 0.00055081607, 0.0005754822, 0.0005873395, 0.00061007106, 0.0006313575, 0.0006413615, 0.0006600445, 0.00067715894, 0.0006852035, 0.0007002944, 0.0007139517, 0.00072575506, 0.000730855, 0.00073932373, 0.00074544566, 0.00074777927, 0.00075116, 0.00075314846, 0.00075403793, 0.00075428264, 0.00075550587, 0.000762842, 0.00077281805, 0.00082158105, 0.00093143823
0, 0, 0, 0, 0, 0, -0.00011632738, -0.0001475314, -0.0002788724, -0.00045168202, -0.00062812836, -0.0007123324, -0.0008695534, -0.0010127511, -0.001080169, -0.001210594, -0.0013386431, -0.0014668758, -0.0015309784, -0.0016582934, -0.001781856, -0.0018412442, -0.0019537369, -0.0020574874, -0.0021064728, -0.0021993679, -0.002287332, -0.0023720742, -0.0024135548, -0.0024947391, -0.0025728324, -0.0026101682, -0.0026806027, -0.0027442116, -0.0028003568, -0.0028259053, -0.0028722375, -0.0029140394, -0.0029334896, -0.0029705148, -0.003004898, -0.00302099, -0.0030503883, -0.0030747857, -0.0030926692, -0.0030988727, -0.0031054765, -0.0031056223, -0.0031036288, -0.0030964408, -0.0030861574, -0.0030738444, -0.0030670613, -0.0030518707, -0.003033967, -0.0030236365, -0.0030000538, -0.0029722736, -0.0029569648, -0.0029229652, -0.0028837635, -0.0028384365, -0.0028133027, -0.002757955, -0.0026964366, -0.0026637272, -0.0025956887, -0.0025260947, -0.0024576169, -0.002424502, -0.002361314, -0.0023021575, -0.0022739617, -0.0022190711, -0.0021643292, -0.0021073036, -0.0020773371, -0.0020131466, -0.0019426213, -0.0019049074, -0.0018246049, -0.0017384295, -0.0016934045, -0.0016002876, -0.0015046758, -0.0014082887, -0.0013603998, -0.0012661724, -0.0011748564, -0.0011305619, -0.0010448083, -0.00096318783, -0.00088554213, -0.0008478382, -0.00077435834, -0.00070228317, -0.0006664172, -0.0005943419, -0.0005215284, -0.0004848128, -0.00041102857, -0.00033754, -0.00026514978, -0.00022962801, -0.00016007677, -9.252973e-05, -5.945562e-05, 5.5784094e-06, 6.8839596e-05, 0.0001303726, 0.00016032737, 0.00021816746, 0.00027292134, 0.0002989902, 0.0003483955, 0.0003941819, 0.00041582817, 0.00045716908, 0.00049570657, 0.0005316029, 0.00054858817, 0.0005805828, 0.0006096997, 0.0006230828, 0.000647308, 0.0006682409, 0.00068639446, 0.0006947336, 0.0007101436, 0.0007241767, 0.0007306773, 0.0007429755, 0.00075461355, 0.0007602203, 0.0007711769, 0.0007813623, 0.0007903609, 0.0007942623, 0.0008005336, 0.0008046396, 0.0008058659, 0.0008069189, 0.00080624735, 0.0008039269, 0.00080235075, 0.00079957215, 0.0008022095, 0.0008095935, 0.0008534632, 0.00096060825
0, 0, 0, 0, 0, 0, -0.00012307301, -0.00015354202, -0.0002925887, -0.00046826477, -0.00064089993, -0.00072232116, -0.000874075, -0.0010122282, -0.001077125, -0.001200847, -0.0013194914, -0.0014355059, -0.0014928749, -0.0016063415, -0.00171709, -0.0017710306, -0.0018752962, -0.0019743622, -0.0020219786, -0.0021137323, -0.0022009865, -0.002283621, -0.0023230347, -0.0023979084, -0.0024673797, -0.0025000018, -0.0025610526, -0.0026165845, -0.0026666492, -0.0026896712, -0.002732006, -0.002769773, -0.002787249, -0.00281979, -0.0028494922, -0.0028634046, -0.0028893144, -0.0029120208, -0.0029302118, -0.0029373406, -0.0029474963, -0.0029525706, -0.0029535908, -0.0029530565, -0.0029499147, -0.002944822, -0.0029415293, -0.0029329914, -0.0029217103, -0.0029149216, -0.0028992537, -0.002881495, -0.0028720708, -0.0028518976, -0.002829368, -0.0028027764, -0.0027873286, -0.0027510957, -0.0027071415, -0.0026822921, -0.0026272086, -0.0025665702, -0.0025026882, -0.00247035, -0.0024062553, -0.0023445755, -0.0023148933, -0.0022580111, -0.0022041139, -0.0021519272, -0.0021259796, -0.0020726803, -0.0020159627, -0.0019857483, -0.0019207741, -0.0018490289, -0.0018104714, -0.0017282829, -0.0016402164, -0.0015476296, -0.0015000812, -0.001403483, -0.0013062798, -0.0012578405, -0.0011623815, -0.0010701139, -0.0009820795, -0.00093986274, -0.00085890753, -0.0007822, -0.00074503926, -0.0006723071, -0.00060062844, -0.0005648727, -0.00049292925, -0.00042027634, -0.00034686286, -0.00030993597, -0.0002356177, -0.00016066925, -0.00012304266, -4.758276e-05, 2.7724649e-05, 0.00010208573, 0.00013867122, 0.00020993165, 0.00027774624, 0.00030998065, 0.00037098493, 0.000427146, 0.00045348395, 0.0005029858, 0.000548385, 0.00058976765, 0.00060903426, 0.0006447382, 0.00067639694, 0.0006906116, 0.00071562803, 0.0007361188, 0.0007526213, 0.0007597048, 0.00077197584, 0.0007823744, 0.0007869962, 0.0007955397, 0.0008036849, 0.00080772984, 0.00081576937, 0.0008234188, 0.0008302464, 0.00083318446, 0.0008377366, 0.0008403966, 0.0008409612, 0.0008406783, 0.000838583, 0.0008346318, 0.00083214365, 0.0008272861, 0.00082728843, 0.00083325966, 0.00087438186, 0.0009802101
0, 0, 0, 0, 0, 0, -8.376559e-05, -0.00014300838, -0.0003097336, -0.00049161474, -0.0006627289, -0.00074245204, -0.0008903061, -0.0010249105, -0.0010881629, -0.0012079648, -0.0013205973, -0.001428449, -0.001480822, -0.0015834119, -0.0016830165, -0.0017315252, -0.0018261528, -0.0019172569, -0.001961716, -0.0020480305, -0.002130699, -0.0022083307, -0.0022448837, -0.0023127974, -0.0023737033, -0.0024016595, -0.0024530652, -0.002499602, -0.0025416005, -0.0025610912, -0.0025968002, -0.0026284037, -0.0026426842, -0.0026684804, -0.0026912552, -0.0027018418, -0.0027220186, -0.0027405948, -0.0027570925, -0.0027642571, -0.002776216, -0.0027846312, -0.0027877132, -0.0027917614, -0.0027932394, -0.0027923146, -0.0027908608, -0.0027856473, -0.0027771736, -0.002771804, -0.0027593586, -0.0027459608, -0.0027392653, -0.0027265446, -0.002714433, -0.0027018446, -0.002694826, -0.002678147, -0.002656641, -0.0026436413, -0.0026122825, -0.002573563, -0.0025275107, -0.0025020298, -0.00244703, -0.0023882769, -0.0023580748, -0.0022974433, -0.002237927, -0.0021809158, -0.0021533722, -0.0020998768, -0.0020473502, -0.0020210054, -0.0019672627, -0.0019106823, -0.0018809016, -0.001817781, -0.0017496188, -0.0016760774, -0.001637317, -0.001555835, -0.0014698793, -0.0014254877, -0.0013347779, -0.0012430389, -0.0011520295, -0.001107277, -0.0010198408, -0.0009356802, -0.00089479197, -0.00081522414, -0.00073811086, -0.00070025004, -0.0006254561, -0.0005514318, -0.00047771068, -0.00044085408, -0.00036660887, -0.00029129672, -0.0002531866, -0.00017581283, -9.705375e-05, -1.7398743e-05, 2.2560862e-05, 0.00010181697, 0.00017915295, 0.000216638, 0.00028867013, 0.00035642314, 0.00038868486, 0.00044980543, 0.00050654175, 0.0005588057, 0.00058329356, 0.0006289154, 0.0006697773, 0.0006882904, 0.00072125904, 0.0007487607, 0.0007712978, 0.0007809156, 0.0007974874, 0.00081112527, 0.0008170102, 0.0008273276, 0.0008363364, 0.0008405031, 0.0008483932, 0.00085542386, 0.0008611958, 0.00086349814, 0.00086667854, 0.0008678927, 0.0008677223, 0.00086589245, 0.0008621459, 0.00085656304, 0.0008531447, 0.00084629643, 0.00084410975, 0.000848983, 0.000888016, 0.000992644
0, 0, 0, 0, 0, 0, -8.7099565e-05, -0.0001602841, -0.0003442709, -0.0005300013, -0.00069849467, -0.00077586627, -0.00091873313, -0.0010490953, -0.0011105327, -0.0012270017, -0.0013364361, -0.0014398873, -0.0014895515, -0.0015853018, -0.0016762065, -0.0017200334, -0.0018046681, -0.0018854496, -0.0019247644, -0.0020010276, -0.0020744398, -0.0021436505, -0.0021763034, -0.0022368946, -0.0022908773, -0.0023153333, -0.0023596708, -0.002398798, -0.0024331866, -0.0024487951, -0.002476967, -0.0025010584, -0.0025114857, -0.0025293198, -0.0025442857, -0.0025509847, -0.0025636435, -0.002575647, -0.0025870837, -0.002592458, -0.0026021218, -0.0026100883, -0.0026134797, -0.0026187883, -0.0026222663, -0.0026235585, -0.0026232223, -0.0026202637, -0.0026138627, -0.002609406, -0.0025986496, -0.0025867557, -0.0025808448, -0.0025700266, -0.0025607785, -0.00255327, -0.0025502765, -0.0025449928, -0.0025399025, -0.0025369036, -0.002528548, -0.0025149651, -0.0024940642, -0.0024803542, -0.0024460303, -0.0024026588, -0.002377965, -0.0023238594, -0.0022655155, -0.0022056724, -0.0021758368, -0.00211738, -0.0020613347, -0.0020343433, -0.001982365, -0.0019324265, -0.0019079755, -0.0018593033, -0.0018096154, -0.001757405, -0.0017299714, -0.0016717551, -0.0016084296, -0.0015746957, -0.0015034458, -0.0014276097, -0.0013482026, -0.0013073796, -0.0012242853, -0.0011400123, -0.0010978808, -0.0010140027, -0.0009312355, -0.0008904076, -0.00081015343, -0.0007319068, -0.00065536454, -0.0006176691, -0.00054291653, -0.00046849297, -0.00043114496, -0.00035568202, -0.00027887739, -0.00020051326, -0.0001607891, -8.0823695e-05, -1.009383e-06, 3.842301e-05, 0.00011585749, 0.0001908522, 0.00022735613, 0.00029814732, 0.0003657494, 0.00042977784, 0.00046036535, 0.00051855406, 0.0005723719, 0.00059739454, 0.00064343173, 0.0006838552, 0.00071895274, 0.0007346592, 0.0007627103, 0.00078673975, 0.0007973514, 0.0008160676, 0.0008319745, 0.0008389891, 0.000851412, 0.00086170714, 0.00086976495, 0.00087281276, 0.0008770212, 0.00087862846, 0.00087845355, 0.00087641954, 0.000872111, 0.00086575485, 0.0008618584, 0.00085384486, 0.00085047126, 0.0008547664, 0.0008925215, 0.0009960979
0, 0, 0, 0, 0, -0.00017672632, -0.00018448714, -0.0002467277, -0.0004160286, -0.00059111597, -0.0007502608, -0.0008232039, -0.0009581299, -0.0010819914, -0.001140675, -0.0012531632, -0.0013596537, -0.0014600233, -0.0015080805, -0.0015992902, -0.0016839743, -0.0017239508, -0.0017994593, -0.001869711, -0.0019032699, -0.0019679514, -0.0020297216, -0.0020888287, -0.0021171565, -0.0021709122, -0.0022199347, -0.0022425358, -0.0022832782, -0.0023181438, -0.0023472242, -0.0023597737, -0.002381101, -0.0023978073, -0.0024045205, -0.0024152682, -0.0024231416, -0.0024263866, -0.002431864, -0.0024364023, -0.0024404249, -0.0024420607, -0.002444782, -0.002446709, -0.0024474226, -0.0024486282, -0.0024497563, -0.0024505116, -0.00245057, -0.0024494566, -0.0024461998, -0.0024434526, -0.0024360316, -0.0024266527, -0.0024214138, -0.002410662, -0.0024001452, -0.0023912217, -0.002387756, -0.0023834524, -0.0023828554, -0.0023837052, -0.0023864529, -0.0023884901, -0.00238692, -0.0023839348, -0.002372087, -0.0023511695, -0.0023371638, -0.002302168, -0.0022590822, -0.0022096648, -0.0021832876, -0.002128544, -0.0020732083, -0.0020458973, -0.0019930133, -0.0019435108, -0.0019201494, -0.0018758138, -0.0018340717, -0.0017936567, -0.0017735515, -0.001732613, -0.0016895987, -0.0016669681, -0.0016186596, -0.0015657184, -0.0015072562, -0.00147578, -0.0014086465, -0.0013365872, -0.001299061, -0.0012219462, -0.0011430961, -0.0011033912, -0.0010241151, -0.0009456665, -0.0008684101, -0.0008302957, -0.0007551176, -0.00068100955, -0.000644244, -0.0005709347, -0.0004974117, -0.00042321518, -0.00038577072, -0.000310352, -0.00023440996, -0.00019640253, -0.00012048372, -4.4991415e-05, -7.4390787e-06, 6.718598e-05, 0.00014058485, 0.00021236284, 0.0002474426, 0.00031560267, 0.00038063462, 0.0004117009, 0.00047050853, 0.0005244954, 0.0005736752, 0.00059654267, 0.00063902145, 0.000677125, 0.00069453084, 0.0007261849, 0.00075377105, 0.0007661428, 0.0007882219, 0.0008068543, 0.00082205475, 0.00082823855, 0.00083811325, 0.00084460224, 0.00084666885, 0.0008486324, 0.00084781746, 0.00084448134, 0.0008420055, 0.00083668466, 0.00083568325, 0.0008409763, 0.0008804203, 0.0009843846
0, 0, 0, 0, 0, -0.00022734058, -0.00027943472, -0.00034472125, -0.0005040175, -0.0006646319, -0.000810851, -0.00087799644, -0.0010027572, -0.0011179693, -0.0011731377, -0.001279559, -0.0013813257, -0.0014780157, -0.0015240936, -0.0016112692, -0.0016911017, -0.0017280799, -0.0017966416, -0.0018586762, -0.0018877683, -0.001942898, -0.0019952704, -0.0020457655, -0.0020705643, -0.0021188243, -0.0021647485, -0.0021864874, -0.0022261322, -0.002259575, -0.0022861036, -0.0022967728, -0.0023134362, -0.0023246042, -0.002328599, -0.002334191, -0.0023374923, -0.0023385237, -0.002339181, -0.0023380176, -0.0023349, -0.0023324785, -0.002326035, -0.002318341, -0.0023141475, -0.0023062653, -0.0022997481, -0.0022953362, -0.0022938868, -0.002292176, -0.0022910768, -0.0022902866, -0.002287556, -0.0022824889, -0.0022789051, -0.0022697407, -0.0022584188, -0.0022465514, -0.002240906, -0.0022318212, -0.00222653, -0.0022252991, -0.0022254481, -0.002227752, -0.0022304282, -0.0022313034, -0.0022308647, -0.0022261257, -0.002221658, -0.0022080883, -0.002187774, -0.002160745, -0.0021447616, -0.0021084447, -0.0020672544, -0.0020453448, -0.0020002818, -0.0019548351, -0.001932409, -0.0018888265, -0.0018473327, -0.0018080835, -0.001789335, -0.0017534287, -0.0017189473, -0.0017019508, -0.0016675256, -0.0016309335, -0.0015904239, -0.0015682632, -0.0015197846, -0.0014658686, -0.0014371858, -0.0013768859, -0.0013134098, -0.0012807366, -0.0012138401, -0.0011453694, -0.0010758293, -0.001040829, -0.0009705457, -0.0009002739, -0.0008653377, -0.0007959557, -0.0007272603, -0.00065882463, -0.0006246954, -0.00055627787, -0.0004874176, -0.00045278613, -0.0003829443, -0.0003118352, -0.0002757324, -0.00020263494, -0.00012870443, -5.4638847e-05, -1.7824108e-05, 5.4821343e-05, 0.00012564808, 0.00016010509, 0.00022684067, 0.0002900401, 0.00034958814, 0.00037800623, 0.0004322562, 0.0004828221, 0.00050666643, 0.0005513166, 0.0005917078, 0.00061031163, 0.00064441, 0.00067450723, 0.0007005297, 0.00071204815, 0.0007321983, 0.0007485461, 0.00075538276, 0.0007665929, 0.0007747508, 0.0007800415, 0.0007817798, 0.00078455324, 0.0007911754, 0.0008000406, 0.0008456817, 0.0009527362
0, 0, 0, 0, 0, -0.00019556207, -0.00032457066, -0.0004058895, -0.00057222456, -0.00072630495, -0.0008627228, -0.0009248968, -0.0010402045, -0.0011465928, -0.0011976047, -0.0012966113, -0.0013921265, -0.0014836919, -0.0015275647, -0.0016105147, -0.0016865135, -0.0017216754, -0.0017864014, -0.001844459, -0.001871351, -0.0019218724, -0.0019694983, -0.0020156198, -0.0020384074, -0.0020837188, -0.002127802, -0.0021489928, -0.0021881105, -0.0022212616, -0.002247138, -0.0022572745, -0.0022722331, -0.0022811538, -0.0022839573, -0.0022874172, -0.0022890242, -0.0022891022, -0.0022879385, -0.0022841624, -0.0022769775, -0.0022719165, -0.0022588964, -0.0022429267, -0.0022341434, -0.0022162674, -0.0021995245, -0.0021858334, -0.0021804874, -0.0021730778, -0.0021694913, -0.0021686354, -0.002167656, -0.002165605, -0.0021636174, -0.0021570467, -0.0021469144, -0.0021343213, -0.0021275387, -0.0021143693, -0.0021023576, -0.0020969762, -0.0020874985, -0.0020795246, -0.0020731033, -0.0020703913, -0.0020658467, -0.0020622467, -0.002060632, -0.0020574161, -0.0020533705, -0.0020472135, -0.0020428551, -0.002030702, -0.002013053, -0.0020021081, -0.0019758916, -0.0019446538, -0.0019273927, -0.0018905377, -0.0018515754, -0.0018119169, -0.0017922651, -0.0017542407, -0.0017182413, -0.0017010819, -0.0016678463, -0.0016348829, -0.0016008602, -0.0015830044, -0.0015453965, -0.0015052651, -0.0014845171, -0.0014416145, -0.0013970023, -0.001373949, -0.0013259862, -0.0012752359, -0.0012215838, -0.0011936318, -0.0011360225, -0.0010766853, -0.0010467162, -0.00098669, -0.00092683145, -0.00086734124, -0.0008376884, -0.0007782198, -0.0007181752, -0.0006877515, -0.0006255308, -0.0005607473, -0.00052733475, -0.0004583414, -0.0003869493, -0.00031425277, -0.00027769044, -0.00020482263, -0.00013292393, -9.75514e-05, -2.8282542e-05, 3.8795704e-05, 0.00010335814, 0.00013471993, 0.00019566636, 0.00025394314, 0.00028204056, 0.00033587022, 0.0003860734, 0.00040975452, 0.00045428725, 0.00049507624, 0.00053213356, 0.0005493252, 0.0005810286, 0.0006092302, 0.0006221055, 0.0006453541, 0.00066553376, 0.00068272586, 0.0006903736, 0.0007047163, 0.00072267285, 0.0007370183, 0.0007922012, 0.0009046386
0, 0, 0, 0, -0.00015661662, -0.00019401651, -0.00033951938, -0.000426927, -0.00059855846, -0.0007514898, -0.00088382035, -0.00094346754, -0.0010527421, -0.0011526892, -0.0012004012, -0.0012929385, -0.0013826515, -0.0014691857, -0.0015109535, -0.0015907225, -0.0016647069, -0.0016993354, -0.0017636886, -0.0018220245, -0.0018491228, -0.0019002577, -0.0019483318, -0.0019944587, -0.0020172005, -0.00206196, -0.0021053678, -0.0021261808, -0.002164862, -0.002197949, -0.002224494, -0.0022350815, -0.002251281, -0.002261701, -0.002265267, -0.0022703111, -0.0022729372, -0.0022736324, -0.0022730075, -0.0022692874, -0.0022615117, -0.002255903, -0.0022415237, -0.002222856, -0.0022122737, -0.0021893624, -0.0021656344, -0.0021433106, -0.0021333094, -0.0021166678, -0.0021046964, -0.002100293, -0.0020937023, -0.00208812, -0.0020851016, -0.0020775127, -0.0020676123, -0.0020555719, -0.0020489467, -0.0020348812, -0.0020197374, -0.0020116481, -0.0019944005, -0.0019757843, -0.001956797, -0.0019475014, -0.0019303872, -0.0019163016, -0.0019107481, -0.0019028479, -0.0018994681, -0.001899757, -0.00190078, -0.0019028711, -0.0019032871, -0.001902102, -0.0018957932, -0.0018832664, -0.0018744869, -0.0018519266, -0.0018233358, -0.001789985, -0.0017720696, -0.0017348749, -0.0016969156, -0.0016780099, -0.0016404799, -0.0016031482, -0.0015658708, -0.0015472481, -0.0015103219, -0.001474435, -0.0014571034, -0.00142379, -0.0013916661, -0.0013757696, -0.0013433209, -0.0013090478, -0.001271913, -0.0012521704, -0.0012105632, -0.001166513, -0.0011438405, -0.0010976875, -0.0010509172, -0.0010036838, -0.0009798252, -0.0009313778, -0.00088149274, -0.00085575157, -0.0008020203, -0.0007446253, -0.00071441993, -0.0006509394, -0.0005839693, -0.00051468285, -0.00047948607, -0.0004085711, -0.00033784923, -0.00030280362, -0.0002335494, -0.00016558281, -9.917494e-05, -6.6605186e-05, -2.759297e-06, 5.9181242e-05, 8.9352005e-05, 0.00014774021, 0.0002031824, 0.00022973596, 0.00028049076, 0.0003281576, 0.00037284807, 0.00039415085, 0.00043469545, 0.00047261038, 0.00049053837, 0.00052419247, 0.00055488845, 0.0005827585, 0.0005957915, 0.0006209485, 0.0006499207, 0.0006696743, 0.00073464034, 0.0008525084
0, 0, 0, 0, -3.2667092e-05, -0.00012941261, -0.00030060104, -0.00039270468, -0.00056855456, -0.0007231163, -0.0008561068, -0.00091551023, -0.0010236427, -0.0011213371, -0.0011677159, -0.0012572528, -0.0013438761, -0.001427716, -0.0014684793, -0.0015472557, -0.0016216666, -0.0016570298, -0.0017238605, -0.0017858279, -0.0018150602, -0.0018705699, -0.0019226371, -0.0019721934, -0.001996199, -0.0020429646, -0.0020875314, -0.0021087378, -0.0021480478, -0.0021824636, -0.0022113393, -0.0022236495, -0.0022439838, -0.0022594733, -0.002265685, -0.0022758422, -0.0022829266, -0.0022853396, -0.002287423, -0.0022855762, -0.002279736, -0.0022753463, -0.0022636247, -0.0022483913, -0.0022393798, -0.0022189002, -0.0021956277, -0.0021708775, -0.0021584257, -0.0021342766, -0.0021121749, -0.0021019932, -0.0020832787, -0.0020660856, -0.0020578513, -0.0020417513, -0.002026142, -0.0020109878, -0.0020036737, -0.001988987, -0.001973317, -0.0019647016, -0.001945238, -0.0019224309, -0.0018970117, -0.001883602, -0.0018568737, -0.0018314192, -0.0018197814, -0.0017996331, -0.0017847162, -0.0017755027, -0.0017729693, -0.0017711002, -0.0017718553, -0.0017725154, -0.0017728831, -0.0017702512, -0.0017672961, -0.0017573021, -0.0017414567, -0.0017199203, -0.0017071642, -0.0016780181, -0.0016448013, -0.0016269807, -0.0015892397, -0.0015493655, -0.0015084066, -0.0014878303, -0.0014476808, -0.0014098705, -0.001392205, -0.0013595724, -0.0013302993, -0.0013165614, -0.0012900917, -0.0012639093, -0.0012367327, -0.0012226244, -0.001193019, -0.0011617346, -0.0011456338, -0.0011125432, -0.0010786642, -0.0010436124, -0.0010255522, -0.0009882075, -0.0009485955, -0.0009277057, -0.0008830492, -0.0008342537, -0.0008081068, -0.0007523377, -0.0006923814, -0.000629048, -0.00059639284, -0.00052974786, -0.000462141, -0.00042814037, -0.0003601692, -0.00029251087, -0.00022561313, -0.00019255842, -0.00012756839, -6.4316846e-05, -3.3480035e-05, 2.6285888e-05, 8.32726e-05, 0.0001107047, 0.00016340523, 0.00021359256, 0.0002614794, 0.0002847086, 0.0003298501, 0.0003730651, 0.00039385667, 0.00043356503, 0.00047064046, 0.00050516805, 0.00052163017, 0.00055418187, 0.00059103535, 0.00061482383, 0.00068718643, 0.00080865895
0, 0, 0, 0, 9.084611e-05, -3.0109319e-05, -0.00021474044, -0.00030898326, -0.00048546726, -0.0006405301, -0.00077483413, -0.00083522405, -0.0009453646, -0.001044892, -0.0010917874, -0.0011819856, -0.0012690533, -0.0013534357, -0.001394719, -0.0014749238, -0.0015517097, -0.0015888007, -0.0016601799, -0.0017276717, -0.0017599928, -0.00182188, -0.0018804189, -0.0019358887, -0.0019625556, -0.0020140046, -0.0020626527, -0.002085762, -0.0021289724, -0.0021679236, -0.0022022, -0.0022176288, -0.0022453014, -0.0022688648, -0.0022792672, -0.002297494, -0.002311718, -0.0023171424, -0.0023243343, -0.0023264468, -0.0023242414, -0.0023219145, -0.0023151431, -0.0023060285, -0.002300566, -0.0022875604, -0.0022712965, -0.0022515662, -0.00224038, -0.0022156131, -0.0021880767, -0.0021734233, -0.002142911, -0.0021115786, -0.0020959538, -0.0020653794, -0.002036934, -0.0020117632, -0.0020004644, -0.0019800283, -0.001961187, -0.0019518691, -0.0019322184, -0.0019104959, -0.0018861477, -0.0018730531, -0.0018452335, -0.0018159067, -0.0018009589, -0.0017713557, -0.0017433622, -0.0017183872, -0.0017073824, -0.0016884861, -0.001673212, -0.0016667639, -0.0016554247, -0.0016452943, -0.0016403248, -0.0016299679, -0.0016180895, -0.0016037702, -0.0015953777, -0.0015755701, -0.001551292, -0.0015374548, -0.0015063772, -0.001471377, -0.0014334739, -0.0014138725, -0.0013744325, -0.0013358042, -0.0013172366, -0.001282066, -0.0012499214, -0.0012348616, -0.0012065037, -0.0011798559, -0.0011542784, -0.0011415936, -0.0011162277, -0.0010906757, -0.0010778137, -0.001051964, -0.0010257027, -0.0009986175, -0.0009846311, -0.0009553155, -0.0009237533, -0.0009068999, -0.00087081146, -0.0008310596, -0.00080965576, -0.0007636847, -0.000713639, -0.00065959094, -0.0006312407, -0.00057242333, -0.0005110429, -0.0004796557, -0.000415883, -0.0003513148, -0.00028646758, -0.00025417446, -0.00019041607, -0.00012824536, -9.796526e-05, -3.936675e-05, 1.653807e-05, 4.3422628e-05, 9.532694e-05, 0.00014500522, 0.00019292378, 0.00021643606, 0.00026260916, 0.0003074611, 0.00032929474, 0.00037157245, 0.00041168425, 0.00044982834, 0.00046830406, 0.0005055323, 0.00054780976, 0.0005744387, 0.000651881, 0.0007754398
0, 0, 0, 0, 0.00018957644, 6.12352e-05, -0.00011795906, -0.00020720487, -0.00037378786, -0.0005220916, -0.0006533226, -0.0007134894, -0.00082450657, -0.00092603517, -0.00097418943, -0.0010669854, -0.0011565511, -0.0012435309, -0.0012860994, -0.0013691973, -0.0014496129, -0.0014887827, -0.0015651347, -0.0016387405, -0.0016744983, -0.0017439724, -0.0018109381, -0.0018750773, -0.0019060677, -0.0019659088, -0.0020225793, -0.002049563, -0.0021008824, -0.0021480385, -0.0021912877, -0.0022115253, -0.0022491422, -0.002282988, -0.00229858, -0.0023266617, -0.0023501304, -0.00235994, -0.0023746875, -0.0023834496, -0.002387318, -0.0023879337, -0.0023870757, -0.002384375, -0.002382515, -0.0023774172, -0.0023699435, -0.0023587302, -0.0023514165, -0.0023325544, -0.002307552, -0.0022926528, -0.0022584004, -0.0022193214, -0.0021985017, -0.0021558406, -0.002113844, -0.0020746882, -0.0020566343, -0.0020239023, -0.0019953325, -0.0019823299, -0.0019581702, -0.001935572, -0.0019133668, -0.0019019772, -0.0018777743, -0.0018507045, -0.0018358717, -0.0018036646, -0.0017688402, -0.0017326048, -0.0017143036, -0.0016778479, -0.0016422889, -0.0016250702, -0.0015920807, -0.0015616522, -0.0015475784, -0.0015219742, -0.001499375, -0.0014791045, -0.0014694431, -0.0014501378, -0.0014297228, -0.001418765, -0.0013950042, -0.001368518, -0.0013391817, -0.0013236093, -0.0012909659, -0.0012566559, -0.0012391948, -0.0012042293, -0.0011698812, -0.0011531039, -0.0011205486, -0.0010895114, -0.0010601009, -0.0010458353, -0.0010182253, -0.0009914752, -0.0009783576, -0.0009527613, -0.00092765375, -0.00090267725, -0.00089007244, -0.0008641276, -0.00083681446, -0.0008225511, -0.000792592, -0.0007603426, -0.0007433149, -0.00070711214, -0.00066779135, -0.00062491786, -0.00060218584, -0.00055407913, -0.0005027343, -0.00047602804, -0.00042093947, -0.00036417265, -0.0003062731, -0.00027707868, -0.00021897099, -0.00016176267, -0.00013375413, -7.922419e-05, -2.6876607e-05, -1.5880603e-06, 4.750859e-05, 9.487675e-05, 0.00014096269, 0.00016371798, 0.00020880878, 0.00025330522, 0.00027528082, 0.00031845667, 0.00036049896, 0.00040148592, 0.0004217765, 0.00046323639, 0.0005105272, 0.0005397422, 0.00062170683, 0.00074711547
0, 0, 0, 0.00036627142, 0.000288624, 0.00012730858, -3.6358302e-05, -0.00011471182, -0.0002611093, -0.00039365256, -0.00051430636, -0.0005707626, -0.000677291, -0.0007772234, -0.000825331, -0.0009190404, -0.0010103873, -0.0010996877, -0.0011435401, -0.0012295903, -0.001313468, -0.0013546285, -0.0014355977, -0.0015150114, -0.0015542166, -0.0016319127, -0.0017086944, -0.0017841116, -0.0018211596, -0.0018932521, -0.0019621367, -0.0019950778, -0.0020577442, -0.0021160329, -0.00217046, -0.002196269, -0.0022450837, -0.002290082, -0.0023111613, -0.002350273, -0.0023844976, -0.0023994232, -0.0024246403, -0.0024434228, -0.0024566639, -0.0024615242, -0.0024684544, -0.0024725331, -0.0024737122, -0.0024744698, -0.0024732817, -0.002469184, -0.0024656963, -0.002454852, -0.0024376835, -0.0024263978, -0.00239821, -0.0023627954, -0.0023426875, -0.002298824, -0.002251813, -0.0022038647, -0.0021802222, -0.002134781, -0.0020926942, -0.00207326, -0.0020378786, -0.0020069997, -0.0019797252, -0.001966966, -0.0019416028, -0.0019146345, -0.0018999331, -0.0018674586, -0.0018307992, -0.0017902944, -0.0017686182, -0.0017227574, -0.0016740985, -0.0016489779, -0.001598103, -0.0015478603, -0.0015234739, -0.0014771961, -0.0014350989, -0.0013975826, -0.0013804187, -0.0013491015, -0.0013210549, -0.0013080207, -0.0012834335, -0.0012600827, -0.001236686, -0.0012246302, -0.0011992457, -0.0011714804, -0.0011566704, -0.0011253031, -0.0010920701, -0.0010750088, -0.0010404027, -0.0010057028, -0.0009715778, -0.0009548088, -0.0009220521, -0.0008903737, -0.00087498885, -0.0008450501, -0.0008164097, -0.0007888098, -0.00077524944, -0.00074821746, -0.000721121, -0.0007075001, -0.0006799555, -0.0006519914, -0.000637703, -0.00060841057, -0.0005774879, -0.00054433796, -0.00052673806, -0.0004893802, -0.00044930266, -0.00042833434, -0.00038483215, -0.0003395123, -0.00029262793, -0.00026876223, -0.00022044382, -0.00017206579, -0.00014798481, -0.00010047684, -5.412747e-05, -3.1410545e-05, 1.2998234e-05, 5.6339548e-05, 9.8994504e-05, 0.00012022359, 0.00016268832, 0.00020535878, 0.00022680905, 0.00026984487, 0.000313086, 0.00035656974, 0.00037853824, 0.00042412878, 0.00047616044, 0.0005077928, 0.00059414696, 0.00072161015
0, 0, 0, 0.00038249255, 0.00032657708, 0.0001746037, 2.9277451e-05, -3.7347585e-05, -0.00016004987, -0.00027175198, -0.0003753108, -0.0004248044, -0.00052029977, -0.000612578, -0.00065813627, -0.00074855617, -0.0008383847, -0.00092783413, -0.00097228953, -0.0010603373, -0.0011470655, -0.0011899256, -0.0012750988, -0.0013598084, -0.0014022405, -0.0014877991, -0.0015744441, -0.0016620494, -0.0017059055, -0.0017924751, -0.0018760163, -0.0019160619, -0.0019920538, -0.0020625722, -0.0021281987, -0.0021594074, -0.0022189207, -0.00227474, -0.0023013004, -0.002351638, -0.0023976923, -0.002418839, -0.0024569551, -0.0024890096, -0.0025151013, -0.0025260162, -0.0025435956, -0.0025559764, -0.0025604602, -0.0025663853, -0.0025691825, -0.0025693018, -0.0025681513, -0.0025633618, -0.002554208, -0.0025476995, -0.0025304859, -0.0025070913, -0.0024929997, -0.0024599095, -0.0024206764, -0.002376126, -0.0023522936, -0.0023027027, -0.002252277, -0.0022273718, -0.0021794813, -0.0021351278, -0.0020946597, -0.0020756691, -0.0020391638, -0.00200309, -0.0019846905, -0.0019463989, -0.0019057103, -0.0018622308, -0.0018392255, -0.0017905065, -0.0017378057, -0.0017100512, -0.0016522817, -0.0015926432, -0.0015625622, -0.0015025397, -0.0014443911, -0.0013891318, -0.0013629769, -0.0013141874, -0.00127052, -0.0012507243, -0.0012151505, -0.0011844933, -0.0011571349, -0.0011441739, -0.0011185154, -0.0010920048, -0.0010781701, -0.0010488767, -0.001017354, -0.0010007297, -0.0009661232, -0.00093004724, -0.0008930978, -0.0008744886, -0.0008372679, -0.0008006235, -0.0007826127, -0.0007473617, -0.00071341067, -0.00068074453, -0.00066485925, -0.00063372066, -0.000603508, -0.0005887164, -0.0005599182, -0.0005321341, -0.00051845604, -0.0004914391, -0.00046420522, -0.00043614692, -0.00042158592, -0.00039137606, -0.00035964668, -0.00034327773, -0.00030971746, -0.0002749624, -0.0002390759, -0.00022064646, -0.00018284883, -0.0001443148, -0.0001247714, -8.5525884e-05, -4.64198e-05, -2.705005e-05, 1.1194324e-05, 4.8996684e-05, 8.658185e-05, 0.00010544618, 0.0001435878, 0.00018270765, 0.00020269683, 0.00024376383, 0.00028615532, 0.0003300179, 0.00035263272, 0.000400134, 0.00045460754, 0.0004875812, 0.0005762464, 0.0007048098
0, 0, 0, 0.00048062782, 0.0003839296, 0.00022147493, 9.136018e-05, 3.4967863e-05, -6.623721e-05, -0.00015710326, -0.00024147831, -0.00028219173, -0.00036222584, -0.00044215968, -0.0004826337, -0.00056514225, -0.0006499377, -0.00073683885, -0.00078096514, -0.0008699341, -0.0009592212, -0.001003799, -0.0010931201, -0.0011826445, -0.0012278677, -0.0013197766, -0.0014143166, -0.0015118066, -0.0015613764, -0.0016608385, -0.0017582212, -0.0018051665, -0.0018944748, -0.001977013, -0.0020533453, -0.0020895395, -0.0021588048, -0.0022246041, -0.002256337, -0.0023177192, -0.0023759322, -0.0024036353, -0.002455949, -0.0025031453, -0.0025445528, -0.0025627373, -0.0025937273, -0.0026171783, -0.0026261553, -0.0026394, -0.0026473745, -0.0026514805, -0.0026522172, -0.0026516414, -0.0026482563, -0.0026455077, -0.0026378955, -0.0026269534, -0.002620011, -0.0026022543, -0.0025783873, -0.0025474995, -0.0025293184, -0.0024879042, -0.0024406896, -0.002415441, -0.0023628853, -0.002308983, -0.002255156, -0.002228454, -0.002175382, -0.0021226052, -0.0020963552, -0.0020441758, -0.0019924308, -0.0019408483, -0.0019148795, -0.0018623094, -0.0018080511, -0.0017801973, -0.001722976, -0.0016636137, -0.0016331972, -0.0015709164, -0.0015076004, -0.001444306, -0.001413152, -0.001352682, -0.0012959728, -0.0012693608, -0.0012199329, -0.0011756028, -0.001135557, -0.0011168156, -0.0010810627, -0.0010465559, -0.0010295613, -0.0009955073, -0.0009608908, -0.0009432164, -0.0009068712, -0.000869466, -0.0008310138, -0.0008114202, -0.00077205134, -0.000732587, -0.00071292877, -0.0006739686, -0.00063576223, -0.0005983853, -0.00058009237, -0.0005442055, -0.00050962425, -0.00049284514, -0.0004605161, -0.00042972754, -0.00041489617, -0.00038593702, -0.00035758948, -0.0003291867, -0.00031490342, -0.00028602703, -0.00025680984, -0.00024212101, -0.00021279414, -0.00018328, -0.00015342854, -0.00013823177, -0.00010727917, -7.551778e-05, -5.9386963e-05, -2.674311e-05, 6.0368575e-06, 2.2277582e-05, 5.4499487e-05, 8.629976e-05, 0.000118131065, 0.00013417649, 0.00016695718, 0.00020107353, 0.00021872776, 0.0002555343, 0.0002942382, 0.0003351145, 0.0003565094, 0.00040198705, 0.0004549084, 0.00048723535, 0.00057464826, 0.0007018813
0, 0, 0, 0.0005049797, 0.0004238547, 0.00027754589, 0.00016364947, 0.00011567416, 3.1372532e-05, -4.2697906e-05, -0.000110328365, -0.00014279468, -0.00020716364, -0.00027312976, -0.000307364, -0.00037944433, -0.00045694507, -0.00053951, -0.0005825567, -0.0006715871, -0.0007632015, -0.00080957194, -0.00090282294, -0.0009966348, -0.0010438665, -0.0011397882, -0.0012385971, -0.001341231, -0.0013938854, -0.0015009877, -0.0016077722, -0.0016598995, -0.001760142, -0.0018537168, -0.0019404906, -0.0019816833, -0.0020606602, -0.0021361823, -0.002172954, -0.002244781, -0.0023143524, -0.0023483324, -0.0024139697, -0.0024754752, -0.0025315078, -0.0025569936, -0.0026021393, -0.002638607, -0.0026535552, -0.0026775834, -0.0026948566, -0.0027066346, -0.0027108036, -0.0027162158, -0.002718304, -0.0027182891, -0.0027166586, -0.0027131296, -0.002710606, -0.0027035922, -0.002692579, -0.0026761096, -0.0026654387, -0.0026386282, -0.0026041735, -0.0025841326, -0.0025386722, -0.0024867575, -0.002429202, -0.0023985626, -0.0023343156, -0.0022674196, -0.0022335628, -0.0021659855, -0.0020996628, -0.0020352043, -0.0020037193, -0.0019421149, -0.0018822824, -0.0018530303, -0.0017953413, -0.0017378842, -0.0017088361, -0.0016499261, -0.0015895468, -0.0015282107, -0.0014974433, -0.0014362835, -0.001376404, -0.0013471091, -0.0012900612, -0.0012353722, -0.001183004, -0.0011576874, -0.0011084421, -0.0010610678, -0.0010380556, -0.0009931391, -0.0009495148, -0.0009280428, -0.000885711, -0.0008440698, -0.00080292387, -0.00078243564, -0.0007417557, -0.000701138, -0.0006808209, -0.0006403219, -0.0006000761, -0.0005602974, -0.0005406426, -0.0005019249, -0.0004643644, -0.00044608067, -0.00041054882, -0.00037641363, -0.00035978807, -0.000327254, -0.0002951151, -0.00026294807, -0.00024685648, -0.000214644, -0.00018241131, -0.00016643744, -0.00013489043, -0.00010383879, -7.317141e-05, -5.792592e-05, -2.7533637e-05, 2.8462928e-06, 1.801507e-05, 4.8164817e-05, 7.794147e-05, 9.253388e-05, 0.000121120815, 0.00014886785, 0.0001763535, 0.00019020597, 0.00021840727, 0.00024773512, 0.00026295782, 0.00029473205, 0.00032842215, 0.00036420012, 0.00038302186, 0.00042356658, 0.00047174774, 0.00050181797, 0.0005851469, 0.000709229
0, 0, 0, 0.0005412336, 0.00047187076, 0.00034611192, 0.00024836397, 0.00020725447, 0.0001351685, 7.255886e-05, 1.6384838e-05, -1.0098895e-05, -6.2275125e-05, -0.000116228686, -0.00014485244, -0.00020694558, -0.00027677696, -0.00035448582, -0.00039612866, -0.00048417295, -0.0005768976, -0.0006243149, -0.00072029606, -0.00081672415, -0.00086505717, -0.0009623981, -0.0010617756, -0.0011644585, -0.00121722, -0.001325346, -0.0014350031, -0.0014895028, -0.0015962245, -0.0016981374, -0.0017944445, -0.0018406623, -0.0019298986, -0.002015659, -0.00205746, -0.0021393066, -0.0022188942, -0.002257808, -0.0023335025, -0.0024053315, -0.0024720996, -0.002503167, -0.0025598716, -0.0026084061, -0.0026297322, -0.0026666424, -0.0026968357, -0.0027210764, -0.002731125, -0.0027469033, -0.0027571972, -0.0027604187, -0.0027635598, -0.002763118, -0.0027619156, -0.002757716, -0.0027509977, -0.002741421, -0.0027352283, -0.0027194198, -0.002698012, -0.0026848759, -0.0026529215, -0.0026126623, -0.002563252, -0.0025352098, -0.0024730412, -0.00240447, -0.0023685608, -0.0022948834, -0.002220297, -0.0021462962, -0.0021097492, -0.002038355, -0.0019701482, -0.0019374851, -0.001874663, -0.0018144796, -0.0017850073, -0.001726624, -0.0016687802, -0.001611577, -0.0015833419, -0.0015273922, -0.0014719274, -0.0014441473, -0.0013883535, -0.0013321275, -0.001275577, -0.0012472614, -0.001190654, -0.001134547, -0.0011067905, -0.001052246, -0.0009992515, -0.00097342744, -0.0009233807, -0.00087565987, -0.00083020807, -0.0008081805, -0.0007652992, -0.000723225, -0.0007022978, -0.00066078064, -0.0006197546, -0.00057934, -0.0005594207, -0.0005203064, -0.00048215126, -0.00046347003, -0.0004268192, -0.0003910278, -0.0003733003, -0.00033800374, -0.00030237404, -0.00026624714, -0.00024796333, -0.0002110697, -0.00017375356, -0.00015509734, -0.000117997915, -8.1293976e-05, -4.5197066e-05, -2.7413018e-05, 7.49423e-06, 4.145217e-05, 5.8051843e-05, 9.049294e-05, 0.00012156922, 0.00013658384, 0.00016553732, 0.00019307298, 0.00021977317, 0.00023303628, 0.00025971752, 0.00028703216, 0.00030107846, 0.00033004783, 0.00036040027, 0.00039230494, 0.00040899427, 0.00044503357, 0.0004885209, 0.00051630166, 0.00059547334, 0.0007165866
0, 0, 0, 0.000578015, 0.0005181051, 0.00041143698, 0.00032863184, 0.00029333757, 0.00023011446, 0.00017431322, 0.0001243006, 0.00010094789, 5.5783832e-05, 9.627808e-06, -1.5060682e-05, -6.953524e-05, -0.00013273845, -0.00020537718, -0.00024504095, -0.00033014658, -0.00042120268, -0.0004681494, -0.0005636255, -0.00065983547, -0.0007079849, -0.00080440054, -0.0009017523, -0.0010011757, -0.001051989, -0.0011561372, -0.001262831, -0.0013167389, -0.0014240958, -0.0015294446, -0.0016319199, -0.001681915, -0.0017798013, -0.0018749267, -0.0019214511, -0.0020122263, -0.0020998481, -0.002142206, -0.002223933, -0.0023009558, -0.0023725599, -0.00240614, -0.002468635, -0.0025250325, -0.0025509708, -0.0025987674, -0.0026416187, -0.0026795177, -0.0026964713, -0.0027255802, -0.0027473166, -0.0027552606, -0.002765278, -0.0027682944, -0.0027675484, -0.0027626562, -0.0027543628, -0.0027437387, -0.0027377086, -0.002724287, -0.0027085298, -0.0026993991, -0.0026775757, -0.0026494637, -0.0026132094, -0.0025917294, -0.002542319, -0.0024853933, -0.0024546217, -0.0023895057, -0.002320625, -0.0022491117, -0.0022127316, -0.0021397746, -0.0020680414, -0.002033047, -0.0019652043, -0.001899761, -0.001867878, -0.0018054657, -0.0017452743, -0.0016880045, -0.0016605098, -0.0016075071, -0.0015561573, -0.0015306527, -0.0014794779, -0.0014273361, -0.0013741009, -0.0013471122, -0.0012923342, -0.0012367239, -0.0012086938, -0.0011526903, -0.0010970581, -0.0010697829, -0.0010165039, -0.000965677, -0.00091745163, -0.0008942008, -0.00084901205, -0.00080489274, -0.0007830612, -0.0007399462, -0.0006978938, -0.0006569756, -0.0006369838, -0.0005978119, -0.0005595815, -0.0005407928, -0.00050368893, -0.00046697663, -0.00044857757, -0.00041161795, -0.00037401522, -0.00033554508, -0.00031593838, -0.00027574494, -0.00023474521, -0.00021402648, -0.00017216659, -0.00013014863, -8.8253255e-05, -6.752877e-05, -2.6750864e-05, 1.2785327e-05, 3.2050342e-05, 6.939635e-05, 0.000105002284, 0.00012210055, 0.00015486796, 0.00018587855, 0.00021565847, 0.00023031281, 0.00025946746, 0.00028894073, 0.00030390688, 0.0003342931, 0.00036544766, 0.0003974942, 0.0004139828, 0.0004490647, 0.00049117656, 0.0005182089, 0.00059584517, 0.00071585755
0, 0, 0, 0.00060249557, 0.0005471424, 0.00045114534, 0.00037870285, 0.00034762596, 0.0002907104, 0.00023854402, 0.00019072431, 0.0001682691, 0.00012516454, 8.212563e-05, 5.9531423e-05, 9.808965e-06, -4.7782265e-05, -0.00011460103, -0.00015128854, -0.00023067987, -0.00031629557, -0.00036077652, -0.00045174296, -0.000544135, -0.0005905832, -0.0006837134, -0.0007774202, -0.00087226497, -0.0009203679, -0.0010183858, -0.0011188873, -0.001169882, -0.001272536, -0.0013752572, -0.0014772547, -0.0015279594, -0.0016286138, -0.0017282179, -0.0017773119, -0.0018735178, -0.0019660736, -0.0020105424, -0.002095005, -0.0021730484, -0.0022443512, -0.0022776304, -0.002339877, -0.0023973742, -0.0024246208, -0.0024768026, -0.0025263987, -0.0025732284, -0.0025952219, -0.0026353756, -0.0026684874, -0.0026817676, -0.0027011218, -0.0027109338, -0.0027125096, -0.0027101033, -0.002701809, -0.0026892016, -0.0026819117, -0.0026659654, -0.002648812, -0.0026397703, -0.0026200805, -0.0025972184, -0.0025696298, -0.002553828, -0.0025181742, -0.0024778058, -0.002455985, -0.002409149, -0.0023579278, -0.0023022953, -0.0022727943, -0.0022112746, -0.0021474403, -0.0021151376, -0.0020500964, -0.0019847366, -0.0019520367, -0.0018870833, -0.0018238124, -0.0017636514, -0.0017350292, -0.0016804889, -0.0016286693, -0.0016034413, -0.001553915, -0.0015049372, -0.0014563682, -0.0014321158, -0.0013835353, -0.001334429, -0.0013096969, -0.0012598926, -0.0012099564, -0.0011851562, -0.0011361914, -0.001088631, -0.0010424736, -0.0010198662, -0.0009750722, -0.00093050103, -0.0009083242, -0.00086433906, -0.0008213635, -0.00077940646, -0.00075877144, -0.000718051, -0.00067777635, -0.0006577414, -0.00061775895, -0.00057794555, -0.0005580219, -0.00051815895, -0.00047812803, -0.00043767865, -0.00041718842, -0.00037534753, -0.0003325671, -0.0003108495, -0.00026678425, -0.00022203445, -0.00017690117, -0.0001543261, -0.000109543456, -6.560442e-05, -4.403796e-05, -1.9312324e-06, 3.8590268e-05, 5.8188707e-05, 9.5965246e-05, 0.00013207403, 0.00016695596, 0.00018416141, 0.000218488, 0.0002530287, 0.0002704988, 0.00030574467, 0.00034145234, 0.00037755, 0.00039584495, 0.00043391495, 0.00047843714, 0.0005064641, 0.00058585434, 0.00070692174
0, 0, 0.00085852493, 0.0006288492, 0.00055166846, 0.00044793155, 0.00037837637, 0.00034916057, 0.00029524651, 0.0002445999, 0.00019659083, 0.00017367664, 0.00012960582, 8.651046e-05, 6.443661e-05, 1.7510458e-05, -3.5334826e-05, -9.5537616e-05, -0.00012836796, -0.00019952454, -0.00027670554, -0.00031703827, -0.00040008375, -0.00048519942, -0.0005283407, -0.0006157314, -0.00070419593, -0.0007937031, -0.0008389087, -0.00093034765, -0.0010233363, -0.0010703176, -0.0011646899, -0.001258934, -0.001353061, -0.0014001078, -0.0014947195, -0.0015898409, -0.0016374176, -0.0017317644, -0.0018236067, -0.0018679308, -0.0019519237, -0.0020285617, -0.0020971762, -0.0021286083, -0.002186691, -0.0022395947, -0.0022647297, -0.0023133236, -0.002360643, -0.0024071021, -0.0024298532, -0.0024733352, -0.0025121893, -0.0025291543, -0.0025569429, -0.0025758545, -0.0025819056, -0.002587574, -0.0025856344, -0.0025773093, -0.0025711872, -0.0025559303, -0.002537825, -0.0025279287, -0.0025065893, -0.0024830385, -0.0024572622, -0.0024437197, -0.0024156165, -0.0023869565, -0.002372481, -0.002342765, -0.002311261, -0.0022765037, -0.002257558, -0.0022162637, -0.0021708389, -0.0021467304, -0.0020956732, -0.0020410754, -0.0020125944, -0.0019540596, -0.0018947134, -0.0018363261, -0.0018078728, -0.0017525683, -0.0016992199, -0.0016732458, -0.0016227046, -0.0015739729, -0.0015273496, -0.0015047569, -0.0014607455, -0.0014177767, -0.0013965388, -0.0013545869, -0.0013131647, -0.0012926327, -0.0012520046, -0.001211808, -0.0011717479, -0.0011516085, -0.0011107728, -0.001069039, -0.0010479157, -0.001005451, -0.0009629826, -0.0009205185, -0.00089898007, -0.0008553478, -0.0008105701, -0.00078775035, -0.00074150943, -0.0006949938, -0.0006718117, -0.00062585244, -0.0005806302, -0.0005360169, -0.0005137752, -0.00046921254, -0.00042427122, -0.00040165515, -0.0003560462, -0.00030984572, -0.00026328498, -0.00023991827, -0.00019330319, -0.00014699336, -0.00012408136, -7.8913945e-05, -3.4967183e-05, -1.351081e-05, 2.829222e-05, 6.8687186e-05, 0.00010822594, 0.00012783773, 0.0001671153, 0.0002067952, 0.0002268404, 0.00026735387, 0.00030817045, 0.0003492513, 0.00036989042, 0.00041235198, 0.0004608191, 0.000490666, 0.0005731936, 0.0006961885
0, 0, 0.000700846, 0.0005578646, 0.00049100106, 0.0003918113, 0.0003219804, 0.00029234702, 0.0002376837, 0.00018610203, 0.00013661807, 0.000112715905, 6.675637e-05, 2.2230322e-05, 7.1422434e-08, -4.5548742e-05, -9.44621e-05, -0.00014836602, -0.00017734178, -0.0002398194, -0.00030747615, -0.0003429111, -0.00041603317, -0.00049160834, -0.0005302028, -0.00060900825, -0.0006898427, -0.0007722279, -0.0008137976, -0.00089771976, -0.0009820786, -0.0010242766, -0.0011079538, -0.0011900637, -0.0012708722, -0.0013110088, -0.0013915255, -0.0014729268, -0.001514074, -0.0015968992, -0.0016794255, -0.0017199775, -0.001798128, -0.0018703665, -0.0019350955, -0.0019643914, -0.0020172207, -0.0020634555, -0.0020846839, -0.002124541, -0.0021624402, -0.002199883, -0.0022186458, -0.0022560249, -0.002292121, -0.0023090253, -0.0023398949, -0.0023652867, -0.002375698, -0.0023915437, -0.0024007065, -0.002403304, -0.002402139, -0.002395426, -0.0023833716, -0.002375613, -0.002357009, -0.0023348273, -0.0023101764, -0.0022973774, -0.0022718916, -0.0022478837, -0.0022367479, -0.0022161014, -0.0021969026, -0.0021776452, -0.0021676067, -0.0021457148, -0.0021208075, -0.0021070065, -0.0020762647, -0.0020409694, -0.0020216035, -0.0019797364, -0.0019348061, -0.0018880353, -0.001864203, -0.001815835, -0.0017670471, -0.0017426069, -0.0016941901, -0.0016470575, -0.0016019719, -0.0015802393, -0.0015383762, -0.0014984776, -0.0014792238, -0.0014419464, -0.0014062073, -0.0013887412, -0.0013544982, -0.0013204967, -0.0012861264, -0.0012685991, -0.001232555, -0.0011950923, -0.0011758368, -0.0011364279, -0.0010957628, -0.001053372, -0.0010311631, -0.0009844537, -0.0009343971, -0.0009083466, -0.0008547375, -0.00080001174, -0.0007726363, -0.0007183556, -0.000665333, -0.00061365066, -0.00058819, -0.00053787144, -0.00048804123, -0.0004632874, -0.00041402012, -0.00036498264, -0.00031616908, -0.00029182626, -0.00024337982, -0.00019521455, -0.00017138958, -0.00012422906, -7.805281e-05, -5.5443154e-05, -1.1185828e-05, 3.1824584e-05, 7.404404e-05, 9.503967e-05, 0.000137113, 0.00017964719, 0.0002010685, 0.00024436484, 0.00028801602, 0.00033181204, 0.0003538258, 0.00039909143, 0.00045021006, 0.0004812979, 0.0005659781, 0.0006902456
0, 0, 0.00056495133, 0.00045435515, 0.00039437957, 0.00029586544, 0.00022067015, 0.00018808719, 0.00012815418, 7.252744e-05, 2.0180856e-05, -4.9540445e-06, -5.3123673e-05, -9.902378e-05, -0.000121470934, -0.00016641075, -0.00021284302, -0.0002623718, -0.00028858596, -0.000344145, -0.00040352202, -0.00043432968, -0.000497332, -0.00056198105, -0.0005949579, -0.00066251366, -0.000732499, -0.0008044349, -0.00084085535, -0.0009142189, -0.0009875401, -0.0010237943, -0.0010947674, -0.0011630551, -0.0012284962, -0.001260421, -0.0013230597, -0.001385279, -0.0014165527, -0.001479842, -0.0015443797, -0.0015768618, -0.0016414785, -0.001703582, -0.0017608302, -0.0017870931, -0.001834071, -0.0018737814, -0.0018912385, -0.0019222236, -0.0019494416, -0.0019749175, -0.0019875518, -0.0020132659, -0.002039687, -0.0020530075, -0.002079505, -0.002104781, -0.00211677, -0.0021387641, -0.0021573799, -0.0021717404, -0.0021770862, -0.0021836574, -0.0021846576, -0.002183121, -0.0021759472, -0.0021635836, -0.0021469009, -0.0021372943, -0.0021170927, -0.0020968993, -0.002087389, -0.0020700525, -0.002055054, -0.002042319, -0.0020365836, -0.002025901, -0.002015146, -0.002009421, -0.0019964965, -0.0019809036, -0.0019718634, -0.0019511402, -0.0019270751, -0.0018998072, -0.001884978, -0.0018527256, -0.0018174489, -0.0017988463, -0.0017603927, -0.0017212282, -0.00168208, -0.0016627022, -0.0016245183, -0.0015874503, -0.0015694154, -0.0015344165, -0.0015009297, -0.0014845862, -0.0014524859, -0.0014205383, -0.0013882738, -0.0013718156, -0.0013379949, -0.0013027886, -0.0012845068, -0.0012466368, -0.0012065421, -0.0011633795, -0.0011403327, -0.0010908213, -0.0010366155, -0.0010080093, -0.0009486523, -0.0008873896, -0.0008564618, -0.0007948023, -0.0007339762, -0.00067431777, -0.00064491737, -0.00058690604, -0.00052990916, -0.0005017902, -0.00044636108, -0.0003922126, -0.0003390287, -0.00031277502, -0.00026091936, -0.00020991525, -0.00018476575, -0.00013514828, -8.671004e-05, -6.3052496e-05, -1.6959602e-05, 2.75942e-05, 7.102623e-05, 9.243005e-05, 0.00013506503, 0.00017786314, 0.00019937166, 0.0002426611, 0.00028633347, 0.00033025243, 0.0003523861, 0.00039797378, 0.00044955703, 0.00048083134, 0.0005657977, 0.0006903113
0, 0, 0.00050416624, 0.00035157386, 0.00028609432, 0.00017791412, 9.175955e-05, 5.3818818e-05, -1.558422e-05, -7.837719e-05, -0.0001359443, -0.00016294356, -0.00021372292, -0.00026117256, -0.00028393997, -0.00032895486, -0.00037445343, -0.000422092, -0.0004468555, -0.0004982796, -0.000551509, -0.00057838217, -0.0006320454, -0.0006853452, -0.00071204116, -0.0007661683, -0.0008218598, -0.0008792843, -0.000908426, -0.00096717064, -0.0010256328, -0.0010544239, -0.0011105661, -0.0011640558, -0.0012143021, -0.0012381987, -0.0012834793, -0.0013261521, -0.0013468105, -0.0013877215, -0.0014294037, -0.0014507808, -0.0014948407, -0.0015394391, -0.0015826753, -0.0016031933, -0.0016409853, -0.0016734516, -0.0016876074, -0.0017121854, -0.0017324903, -0.0017496672, -0.0017576289, -0.0017731838, -0.0017892979, -0.0017977161, -0.0018154879, -0.0018346403, -0.0018445924, -0.0018651284, -0.0018860577, -0.0019064551, -0.0019160648, -0.0019337677, -0.0019485771, -0.001954724, -0.0019639318, -0.0019684487, -0.001968097, -0.0019661472, -0.0019592477, -0.0019493795, -0.001943716, -0.0019318771, -0.0019203981, -0.0019106149, -0.0019065136, -0.0019001545, -0.0018957194, -0.001894074, -0.0018913122, -0.0018888488, -0.0018875456, -0.0018840919, -0.0018791864, -0.0018717842, -0.001866924, -0.001854394, -0.0018378972, -0.0018282055, -0.0018062546, -0.0017814451, -0.0017542485, -0.001739827, -0.0017097602, -0.0016785597, -0.0016627811, -0.0016311157, -0.0015994643, -0.0015835753, -0.0015516207, -0.0015191338, -0.0014859281, -0.001468945, -0.0014339137, -0.0013972394, -0.0013781127, -0.0013381314, -0.0012953816, -0.0012491771, -0.0012245888, -0.0011719291, -0.0011147953, -0.0010847189, -0.0010221578, -0.00095724594, -0.0009242512, -0.0008578048, -0.00079127704, -0.0007252425, -0.0006924672, -0.00062749936, -0.0005635878, -0.0005321071, -0.0004704357, -0.00041046148, -0.0003521225, -0.00032352822, -0.0002673564, -0.00021238932, -0.0001853967, -0.00013245395, -8.1155355e-05, -5.6230103e-05, -8.119625e-06, 3.7840604e-05, 8.188991e-05, 0.000103331986, 0.00014561941, 0.0001875703, 0.00020859425, 0.0002508617, 0.00029352223, 0.00033653935, 0.0003582289, 0.00040303753, 0.0004539733, 0.00048489324, 0.0005692424, 0.00069351774
0, 0, 0.00038750077, 0.00023941963, 0.00016976189, 4.9653238e-05, -5.0050377e-05, -9.4587354e-05, -0.00017577983, -0.00024847485, -0.00031344083, -0.00034329205, -0.00039842806, -0.00044859273, -0.0004723072, -0.0005184591, -0.0005644609, -0.00061156345, -0.00063553714, -0.00068404747, -0.00073228247, -0.00075580826, -0.00080086256, -0.00084311236, -0.0008633814, -0.0009030952, -0.0009425626, -0.0009824766, -0.0010026661, -0.0010431949, -0.0010834801, -0.0011034384, -0.0011426115, -0.0011802554, -0.0012155833, -0.0012320006, -0.001261883, -0.0012876393, -0.0012990441, -0.0013200934, -0.0013397998, -0.0013497898, -0.0013707741, -0.0013931978, -0.0014165193, -0.0014281805, -0.0014511693, -0.0014728383, -0.0014830345, -0.0015020805, -0.0015188871, -0.0015334274, -0.0015398421, -0.0015514974, -0.0015623269, -0.0015676549, -0.0015785348, -0.0015905142, -0.0015970061, -0.001611229, -0.0016276345, -0.001646453, -0.0016566033, -0.001678268, -0.001701127, -0.0017128189, -0.0017356015, -0.0017566521, -0.0017748686, -0.0017825768, -0.0017946471, -0.0018020129, -0.0018040072, -0.0018051574, -0.0018039062, -0.0018017885, -0.0018009131, -0.0017998933, -0.0018001278, -0.0018007883, -0.0018032681, -0.0018073556, -0.0018099515, -0.0018160325, -0.0018225554, -0.0018284676, -0.0018308657, -0.0018337846, -0.0018337618, -0.0018324706, -0.001827276, -0.0018182603, -0.001805206, -0.0017971707, -0.0017781545, -0.0017559098, -0.0017437536, -0.0017177413, -0.0016895739, -0.0016747098, -0.0016435388, -0.0016103985, -0.0015754802, -0.001557222, -0.0015190259, -0.0014782328, -0.0014567198, -0.001411519, -0.0013633551, -0.0013121264, -0.0012853199, -0.0012289986, -0.0011692514, -0.0011380899, -0.001073619, -0.0010066726, -0.0009724484, -0.00090310664, -0.0008330152, -0.00076260004, -0.0007275001, -0.0006577253, -0.00058889337, -0.0005550079, -0.000488675, -0.00042427809, -0.00036179274, -0.00033115208, -0.00027103035, -0.00021223225, -0.00018340615, -0.00012712537, -7.285231e-05, -4.665916e-05, 3.602638e-06, 5.0787385e-05, 9.5321964e-05, 0.00011680184, 0.00015883126, 0.0002002231, 0.0002208759, 0.00026249967, 0.0003045124, 0.00034682153, 0.00036815042, 0.00041212837, 0.00046194866, 0.0004922862, 0.00057564746, 0.00069960393
0, 0, 0.00026756126, 0.0001226992, 4.9899238e-05, -8.078282e-05, -0.00019308485, -0.00024387139, -0.00033689142, -0.00042004164, -0.00049398665, -0.00052765943, -0.00058924453, -0.00064428174, -0.00066992425, -0.0007189269, -0.000766196, -0.00081261835, -0.0008354724, -0.00088020647, -0.0009225547, -0.00094243896, -0.0009789445, -0.0010108455, -0.0010252781, -0.0010516585, -0.0010756194, -0.0010982956, -0.0011093516, -0.0011310537, -0.0011523556, -0.0011629068, -0.0011839464, -0.0012047088, -0.0012244824, -0.0012335038, -0.0012490752, -0.0012607268, -0.0012649221, -0.0012704439, -0.0012731024, -0.0012738152, -0.001274972, -0.0012764323, -0.0012788579, -0.0012806068, -0.0012854908, -0.0012925187, -0.001296954, -0.0013076678, -0.0013202648, -0.001333411, -0.0013398905, -0.0013522806, -0.0013636544, -0.0013690246, -0.001379206, -0.0013888156, -0.0013935383, -0.0014032928, -0.0014146423, -0.0014287919, -0.0014372289, -0.0014571382, -0.0014810248, -0.0014943128, -0.0015229988, -0.0015534789, -0.001584488, -0.0015996465, -0.0016282644, -0.001653434, -0.0016644357, -0.0016833977, -0.0016991497, -0.0017125634, -0.0017186605, -0.001730008, -0.001740421, -0.0017454014, -0.0017551484, -0.0017651132, -0.0017703037, -0.0017811898, -0.0017925476, -0.001803821, -0.0018091948, -0.0018192155, -0.0018277064, -0.0018312624, -0.0018364753, -0.0018383524, -0.001835989, -0.001833118, -0.0018238038, -0.0018100039, -0.0018014923, -0.0017814394, -0.0017575446, -0.0017441583, -0.0017146021, -0.0016816141, -0.0016451551, -0.0016255516, -0.0015836727, -0.001537826, -0.0015134837, -0.0014620373, -0.0014076559, -0.0013508358, -0.0013215874, -0.0012612263, -0.0011983465, -0.0011659086, -0.0010991052, -0.0010298999, -0.0009944848, -0.000922496, -0.0008493147, -0.00077554246, -0.0007386611, -0.0006652073, -0.00059270783, -0.0005570848, -0.00048734975, -0.00041972438, -0.00035403707, -0.00032183115, -0.00025848803, -0.00019661685, -0.0001662556, -0.000107099215, -5.0426985e-05, -2.319165e-05, 2.86601e-05, 7.676437e-05, 0.00012163988, 0.00014319154, 0.00018507987, 0.00022624723, 0.00024677435, 0.0002878846, 0.0003291882, 0.00037041117, 0.00039099975, 0.0004330473, 0.00048035744, 0.00050936104, 0.0005902107, 0.0007128953
0, 0.00025757845, 0.000162969, 1.3081222e-05, -6.198164e-05, -0.00020012913, -0.0003220816, -0.00037791266, -0.0004811363, -0.000573809, -0.00065655715, -0.0006943793, -0.0007635336, -0.00082513085, -0.000853552, -0.00090677245, -0.00095586356, -0.0010011267, -0.0010222809, -0.0010613599, -0.0010959454, -0.0011114358, -0.0011387918, -0.0011612602, -0.0011708337, -0.0011867926, -0.0011991721, -0.0012087846, -0.0012126531, -0.0012190086, -0.0012239664, -0.0012261004, -0.0012301088, -0.0012340149, -0.0012377135, -0.00123912, -0.001240495, -0.0012390016, -0.0012370929, -0.0012306983, -0.0012214568, -0.0012159772, -0.0012037648, -0.0011906534, -0.0011774948, -0.0011713041, -0.0011604234, -0.0011527019, -0.0011504414, -0.001149719, -0.0011538438, -0.0011617832, -0.0011668663, -0.0011784987, -0.0011917319, -0.0011986427, -0.0012125648, -0.001225906, -0.0012321546, -0.0012441856, -0.0012563213, -0.001269937, -0.0012778725, -0.0012964361, -0.0013189743, -0.0013317596, -0.0013603066, -0.0013923692, -0.0014273338, -0.0014454961, -0.001482368, -0.001518683, -0.0015363105, -0.0015703599, -0.0016030832, -0.0016346009, -0.0016498165, -0.0016789273, -0.001705747, -0.0017182089, -0.0017411698, -0.0017617347, -0.0017712017, -0.0017885211, -0.0018037298, -0.0018170633, -0.0018230523, -0.0018339918, -0.0018435853, -0.0018478866, -0.0018551698, -0.0018598556, -0.0018610156, -0.0018601234, -0.0018549594, -0.0018452262, -0.0018385942, -0.0018219682, -0.0018007167, -0.0017882637, -0.0017599246, -0.0017269994, -0.0016892334, -0.0016684751, -0.001623117, -0.0015727263, -0.0015457687, -0.0014890829, -0.0014294055, -0.0013676352, -0.0013360579, -0.0012716198, -0.001205237, -0.0011712064, -0.0011013133, -0.001029142, -0.000992268, -0.0009171705, -0.00084049447, -0.00076306734, -0.000724317, -0.0006470741, -0.0005707809, -0.0005331988, -0.00045969902, -0.00038850383, -0.0003193468, -0.00028543346, -0.00021872691, -0.00015369528, -0.0001219272, -6.020743e-05, -1.4932004e-06, 2.654494e-05, 7.963021e-05, 0.00012850104, 0.0001737638, 0.00019536832, 0.00023724012, 0.00027801667, 0.0002981724, 0.0003381594, 0.00037755418, 0.00041584997, 0.00043462237, 0.00047227557, 0.0005144732, 0.0005407544, 0.0006163905, 0.0007358503
0, 0.00022992831, 0.00010781075, -5.7720852e-05, -0.00013792755, -0.0002850568, -0.00041572354, -0.0004758526, -0.0005872232, -0.0006876711, -0.0007777455, -0.000819107, -0.0008950941, -0.00096305454, -0.0009943709, -0.0010520574, -0.0011031813, -0.001147353, -0.0011667396, -0.0011999964, -0.0012263678, -0.0012373553, -0.0012557511, -0.0012701164, -0.0012759975, -0.0012852857, -0.0012913053, -0.0012939635, -0.001293955, -0.0012914125, -0.0012856841, -0.0012818526, -0.0012725574, -0.0012622456, -0.0012510881, -0.0012452325, -0.0012324303, -0.0012182738, -0.0012106842, -0.0011943359, -0.0011764977, -0.001167134, -0.0011475418, -0.0011273416, -0.0011068058, -0.0010966031, -0.0010770092, -0.001059673, -0.0010522284, -0.0010407197, -0.0010342153, -0.0010328038, -0.0010339047, -0.0010398881, -0.0010507784, -0.0010578278, -0.0010744481, -0.0010931276, -0.0011027792, -0.001122144, -0.001141702, -0.0011621221, -0.0011728901, -0.0011958092, -0.001220848, -0.0012341954, -0.0012627456, -0.0012940043, -0.0013281897, -0.0013463111, -0.0013841796, -0.0014237013, -0.0014439344, -0.0014854443, -0.0015283136, -0.0015725335, -0.001594932, -0.001639289, -0.0016820865, -0.0017024928, -0.0017409121, -0.0017755339, -0.001791106, -0.0018187063, -0.0018412546, -0.0018589529, -0.0018661673, -0.0018778826, -0.0018866151, -0.0018900218, -0.0018948164, -0.0018966596, -0.0018951414, -0.0018930443, -0.001885849, -0.001874556, -0.0018673104, -0.0018497708, -0.0018279324, -0.0018153314, -0.0017866673, -0.0017530075, -0.0017138892, -0.0016921666, -0.0016443349, -0.0015909633, -0.0015623961, -0.0015024191, -0.0014393929, -0.0013742077, -0.0013409513, -0.0012733552, -0.00120407, -0.0011687028, -0.0010962832, -0.0010215816, -0.0009833546, -0.0009051936, -0.00082524767, -0.00074417336, -0.0007035449, -0.00062234595, -0.000541893, -0.00050219655, -0.00042421714, -0.00034847733, -0.0002748049, -0.00023869624, -0.00016778984, -9.89572e-05, -6.548051e-05, -8.1886475e-07, 6.0297883e-05, 8.930127e-05, 0.00014400313, 0.00019419125, 0.00024043742, 0.00026242636, 0.0003046422, 0.00034509474, 0.00036475886, 0.00040296363, 0.00043934007, 0.00047337075, 0.000489499, 0.0005209847, 0.00055612484, 0.0005787486, 0.0006474797, 0.00076226814
0, 0.00023766243, 0.00010411, -7.391273e-05, -0.0001595272, -0.0003161585, -0.000454928, -0.0005187527, -0.00063669647, -0.000742782, -0.00083765044, -0.0008812702, -0.0009615833, -0.0010336324, -0.0010667677, -0.0011273874, -0.0011801174, -0.001224154, -0.0012426119, -0.0012724228, -0.0012934434, -0.001301387, -0.0013135006, -0.0013222834, -0.0013258352, -0.0013315906, -0.0013352982, -0.0013360318, -0.0013349708, -0.0013296015, -0.0013195723, -0.0013128695, -0.0012964557, -0.0012771081, -0.0012554908, -0.0012439557, -0.0012197058, -0.0011946934, -0.0011821801, -0.0011572926, -0.0011328546, -0.0011208989, -0.0010975726, -0.0010751981, -0.0010535109, -0.001042855, -0.0010221574, -0.001002565, -0.0009933313, -0.0009767804, -0.0009633349, -0.0009535913, -0.00095043064, -0.00094827556, -0.00095276756, -0.00095760776, -0.0009722556, -0.000992388, -0.001004039, -0.001029812, -0.0010580542, -0.0010883253, -0.0011040578, -0.0011364304, -0.0011693574, -0.0011859004, -0.0012192763, -0.0012534072, -0.0012888842, -0.0013072863, -0.0013453938, -0.0013852392, -0.0014058666, -0.0014486872, -0.0014939812, -0.0015419663, -0.001566807, -0.0016173404, -0.0016678799, -0.0016927236, -0.0017408571, -0.001785663, -0.0018064434, -0.0018439164, -0.0018751919, -0.0019000903, -0.001910162, -0.0019260731, -0.0019368537, -0.0019404129, -0.0019440645, -0.001943176, -0.0019378891, -0.0019336307, -0.0019220525, -0.001906325, -0.0018970158, -0.0018757085, -0.0018508956, -0.0018371588, -0.0018065624, -0.0017714297, -0.0017309743, -0.0017085961, -0.0016595616, -0.0016051565, -0.0015761999, -0.0015153381, -0.0014513977, -0.0013851096, -0.0013512884, -0.0012825552, -0.001212369, -0.0011766336, -0.0011036409, -0.0010283029, -0.0009896413, -0.00091018644, -0.0008285257, -0.0007453347, -0.00070344476, -0.0006195294, -0.0005359946, -0.0004945932, -0.00041282273, -0.00033295434, -0.0002549594, -0.00021667835, -0.00014151658, -6.865324e-05, -3.3288918e-05, 3.489103e-05, 9.9131496e-05, 0.00012955457, 0.00018688882, 0.00023949922, 0.00028790504, 0.0003107852, 0.00035439178, 0.0003954262, 0.00041502848, 0.00045225167, 0.00048642978, 0.0005170931, 0.00053106924, 0.0005575014, 0.0005868292, 0.00060641166, 0.00066939526, 0.0007802308
0, 0.00027765377, 0.00014003202, -4.1610412e-05, -0.00012915216, -0.0002899971, -0.0004331416, -0.0004989568, -0.0006205239, -0.0007294876, -0.0008264612, -0.00087078253, -0.00095204107, -0.0010245241, -0.0010578299, -0.0011186401, -0.0011717606, -0.0012164593, -0.0012353299, -0.0012655696, -0.0012865842, -0.0012942184, -0.0013053331, -0.0013127861, -0.0013157156, -0.0013204828, -0.0013237541, -0.0013245641, -0.0013236596, -0.0013187038, -0.0013088754, -0.0013020658, -0.0012848541, -0.0012633589, -0.0012383227, -0.001224556, -0.001194931, -0.0011641467, -0.0011487311, -0.0011185792, -0.0010899703, -0.0010764158, -0.0010512054, -0.0010284244, -0.0010080396, -0.0009986177, -0.0009810899, -0.000964934, -0.0009573655, -0.000943128, -0.00093029084, -0.00091924873, -0.00091467693, -0.0009085795, -0.00090798596, -0.00091028475, -0.00092040695, -0.0009375377, -0.0009485294, -0.0009749454, -0.0010066091, -0.0010425812, -0.0010618797, -0.0011022801, -0.0011437689, -0.0011645933, -0.0012060523, -0.0012475555, -0.0012894345, -0.0013104771, -0.0013531157, -0.0013959735, -0.0014175434, -0.0014610525, -0.0015056066, -0.0015514393, -0.0015748893, -0.0016225759, -0.0016707412, -0.0016947206, -0.0017420837, -0.0017876853, -0.0018094106, -0.0018497461, -0.0018851337, -0.0019148164, -0.0019274564, -0.0019483618, -0.0019632578, -0.0019685235, -0.0019744276, -0.0019744155, -0.0019687966, -0.0019639398, -0.001950583, -0.0019325721, -0.0019220298, -0.0018982901, -0.0018712647, -0.0018565507, -0.0018243778, -0.0017878634, -0.0017465655, -0.0017240335, -0.0016752144, -0.0016216965, -0.0015933227, -0.0015337985, -0.001471059, -0.0014058806, -0.0013726186, -0.0013050638, -0.0012362495, -0.001201298, -0.0011299027, -0.0010561299, -0.001018201, -0.00094004476, -0.0008592473, -0.00077669736, -0.0007350099, -0.0006512733, -0.00056742196, -0.00052560016, -0.00044275395, -0.00036115927, -0.00028107926, -0.00024158705, -0.00016397842, -8.844168e-05, -5.1647374e-05, 1.9635407e-05, 8.7130364e-05, 0.00011922027, 0.00017987729, 0.00023576162, 0.00028727588, 0.00031159553, 0.00035767633, 0.00040075387, 0.0004211822, 0.00045961575, 0.00049433735, 0.00052483164, 0.0005385346, 0.0005638805, 0.0005916899, 0.000610375, 0.0006716181, 0.00078117306
0, 0.00034188424, 0.00020355493, 2.6438034e-05, -5.8422327e-05, -0.00021478652, -0.0003549258, -0.00041974115, -0.00053992274, -0.0006478472, -0.0007436637, -0.00078711787, -0.00086611905, -0.0009357205, -0.0009675291, -0.0010257339, -0.0010776098, -0.0011229744, -0.0011429448, -0.0011769703, -0.0012029427, -0.001213211, -0.0012292854, -0.0012406552, -0.0012450311, -0.0012518188, -0.0012560664, -0.0012575762, -0.0012571005, -0.001253381, -0.0012457416, -0.0012404809, -0.001227183, -0.0012101727, -0.0011895685, -0.0011777718, -0.0011514695, -0.0011229375, -0.001108352, -0.0010792133, -0.0010510185, -0.0010375333, -0.0010123777, -0.0009901468, -0.00097128906, -0.0009631936, -0.00094960077, -0.0009390611, -0.00093483995, -0.00092796434, -0.0009226465, -0.00091839896, -0.0009167923, -0.00091491756, -0.0009162456, -0.0009185542, -0.0009272646, -0.0009415712, -0.00095082744, -0.0009736451, -0.0010022455, -0.0010363881, -0.0010552648, -0.0010960484, -0.0011399736, -0.0011626658, -0.001209186, -0.0012572787, -0.0013064753, -0.0013312739, -0.0013810153, -0.0014300281, -0.0014540416, -0.0015006454, -0.0015455423, -0.0015888622, -0.0016100315, -0.0016514475, -0.001691727, -0.0017115544, -0.001750376, -0.0017878633, -0.0018059306, -0.0018401652, -0.0018711991, -0.0018984583, -0.0019106017, -0.0019314977, -0.0019476919, -0.0019539488, -0.0019622406, -0.0019650154, -0.00196213, -0.0019586817, -0.0019478267, -0.0019320912, -0.0019226122, -0.0019006658, -0.0018750672, -0.001860921, -0.001829643, -0.0017939449, -0.0017537269, -0.0017319234, -0.0016852063, -0.0016344675, -0.00160759, -0.0015510777, -0.0014911427, -0.0014286492, -0.0013966587, -0.0013316176, -0.0012652405, -0.0012314998, -0.0011626587, -0.0010914687, -0.0010549239, -0.0009797309, -0.0009021618, -0.0008229843, -0.00078302313, -0.00070244254, -0.0006215554, -0.0005811032, -0.0005005442, -0.00042073475, -0.00034196617, -0.0003030236, -0.0002261633, -0.00015077306, -0.000113750146, -4.1470637e-05, 2.7792537e-05, 6.099046e-05, 0.000124158, 0.00018286442, 0.00023732356, 0.00026312855, 0.00031209557, 0.00035824365, 0.00038024524, 0.00042197344, 0.00046010182, 0.000494106, 0.0005095174, 0.00053831126, 0.0005694815, 0.00058978784, 0.0006539383, 0.0007651778
0, 0.00042412957, 0.0002870345, 0.000121262165, 4.3613087e-05, -9.885992e-05, -0.00022736074, -0.00028740833, -0.0003997915, -0.0005017128, -0.00059247593, -0.00063358067, -0.0007077522, -0.000772422, -0.0008017565, -0.00085569354, -0.0009048775, -0.0009501245, -0.0009712678, -0.0010100051, -0.0010433741, -0.0010579933, -0.0010830832, -0.0011028226, -0.001110879, -0.0011236429, -0.0011322091, -0.0011368551, -0.0011377502, -0.0011370572, -0.0011334912, -0.0011309101, -0.0011244132, -0.0011164501, -0.0011063524, -0.0011002601, -0.0010857318, -0.0010684001, -0.0010589525, -0.0010390622, -0.0010183305, -0.001007829, -0.0009872491, -0.0009682989, -0.00095221, -0.0009456765, -0.00093596644, -0.00093094324, -0.0009301772, -0.0009316823, -0.000936446, -0.0009433496, -0.00094733766, -0.00095633365, -0.0009668811, -0.00097296364, -0.0009868399, -0.0010033246, -0.0010125431, -0.0010330576, -0.0010569462, -0.0010847138, -0.0011001177, -0.0011339477, -0.0011718129, -0.0011921019, -0.0012355663, -0.001282618, -0.0013328479, -0.0013588573, -0.0014116792, -0.0014642241, -0.0014899315, -0.0015393567, -0.0015853881, -0.0016277299, -0.0016474562, -0.0016840164, -0.0017170385, -0.0017324585, -0.0017612872, -0.0017877108, -0.0018000613, -0.0018230033, -0.0018434233, -0.0018613914, -0.0018694447, -0.0018835682, -0.0018949499, -0.0018995173, -0.0019060551, -0.0019089284, -0.0019079096, -0.0019059699, -0.0018988057, -0.0018875434, -0.0018804977, -0.0018633489, -0.0018422699, -0.0018302304, -0.0018028009, -0.0017707666, -0.0017344347, -0.0017147972, -0.0016727289, -0.0016271526, -0.0016029415, -0.0015514275, -0.0014960365, -0.0014375262, -0.0014073303, -0.0013453242, -0.0012813378, -0.0012486597, -0.0011818364, -0.0011129136, -0.0010776588, -0.0010057351, -0.0009322288, -0.0008576383, -0.00082001765, -0.00074435485, -0.00066832366, -0.0006303053, -0.0005544351, -0.00047914995, -0.0004047453, -0.00036793304, -0.00029490417, -0.00022285145, -0.00018717005, -0.00011692549, -4.8776008e-05, -1.582496e-05, 4.755194e-05, 0.000107052925, 0.00016277791, 0.00018937577, 0.00024046336, 0.00028926184, 0.0003129108, 0.00035855122, 0.00040139444, 0.0004406637, 0.00045895606, 0.0004937741, 0.0005311736, 0.00055463106, 0.00062439096, 0.0007389443
0, 0.0005229283, 0.00038858282, 0.00023987945, 0.00017328472, 5.314625e-05, -5.5590554e-05, -0.00010713127, -0.0002051157, -0.00029562096, -0.00037724728, -0.0004144733, -0.0004816335, -0.00054029346, -0.000567007, -0.0006164781, -0.0006624424, -0.00070679566, -0.00072860974, -0.00077114295, -0.0008114646, -0.00083052076, -0.00086544355, -0.00089582766, -0.00090910576, -0.0009319048, -0.0009498817, -0.0009632572, -0.0009683718, -0.0009758704, -0.0009806969, -0.0009825943, -0.00098609, -0.0009900002, -0.0009939726, -0.0009958162, -0.0009983788, -0.000998837, -0.0009981826, -0.0009950616, -0.0009893731, -0.0009855798, -0.000976768, -0.00096717634, -0.0009586972, -0.0009554057, -0.00095167017, -0.00095261616, -0.00095506053, -0.0009639689, -0.0009775561, -0.0009947792, -0.00100437, -0.001025223, -0.0010475934, -0.0010592514, -0.0010830289, -0.0011070487, -0.001118953, -0.0011422039, -0.0011651253, -0.0011885553, -0.0012006742, -0.0012261287, -0.001254038, -0.0012691326, -0.0013021062, -0.0013391682, -0.0013804671, -0.0014024717, -0.00144835, -0.0014953375, -0.0015187948, -0.0015646053, -0.0016079359, -0.0016475727, -0.0016657088, -0.0016985055, -0.0017263328, -0.001738606, -0.0017598135, -0.001777094, -0.0017843831, -0.0017964904, -0.0018055249, -0.0018120991, -0.0018146556, -0.0018185513, -0.0018210423, -0.0018216938, -0.0018219543, -0.0018206789, -0.0018177767, -0.0018155555, -0.0018093069, -0.0018004465, -0.0017949749, -0.0017814358, -0.0017644324, -0.001754422, -0.0017312677, -0.0017040576, -0.0016732916, -0.0016567406, -0.0016215529, -0.001583305, -0.0015628111, -0.001518587, -0.0014698785, -0.0014170782, -0.001389348, -0.0013314171, -0.0012705609, -0.0012390696, -0.0011742513, -0.0011074696, -0.0010735218, -0.0010047108, -0.000935016, -0.0008647893, -0.00082946295, -0.0007586631, -0.0006877149, -0.0006522709, -0.0005817774, -0.00051203667, -0.000443224, -0.00040918376, -0.0003417488, -0.0002749947, -0.00024184411, -0.00017613945, -0.000111830035, -8.0413825e-05, -1.9579751e-05, 3.8122238e-05, 9.2773385e-05, 0.00011911337, 0.00017042762, 0.00022039129, 0.00024505812, 0.00029354307, 0.00034026263, 0.00038441175, 0.0004054371, 0.00044630904, 0.0004901068, 0.0005168425, 0.0005925198, 0.000710151
0, 0.00063865224, 0.0005081428, 0.00038029373, 0.00032722845, 0.00023528085, 0.00015245074, 0.00011252146, 3.475366e-05, -3.9322713e-05, -0.00010777626, -0.00013943258, -0.00019755652, -0.00024943578, -0.00027347985, -0.00031874015, -0.00036197747, -0.0004052623, -0.00042730244, -0.00047223156, -0.0005175243, -0.00053989975, -0.0005831732, -0.0006238279, -0.0006429071, -0.0006784427, -0.00071052706, -0.00073911046, -0.00075201044, -0.00077512074, -0.0007952415, -0.00080456707, -0.000822908, -0.00084193307, -0.0008622917, -0.0008728469, -0.00089413294, -0.0009148346, -0.0009245538, -0.00094241364, -0.0009574225, -0.0009637661, -0.0009742176, -0.000982142, -0.0009888462, -0.0009921328, -0.0009997188, -0.0010098164, -0.0010162968, -0.0010325928, -0.0010532592, -0.0010779588, -0.0010915338, -0.0011208091, -0.0011521259, -0.0011683585, -0.0012012203, -0.0012336088, -0.001249253, -0.0012787217, -0.0013055622, -0.0013299861, -0.0013414071, -0.0013629613, -0.0013836126, -0.0013939439, -0.0014152478, -0.0014384795, -0.0014642323, -0.0014779607, -0.0015072167, -0.0015383378, -0.0015543133, -0.0015866932, -0.0016187506, -0.0016491518, -0.001663299, -0.0016889069, -0.0017102112, -0.0017191938, -0.0017337344, -0.0017438211, -0.001747302, -0.0017512282, -0.0017514499, -0.0017489138, -0.0017469001, -0.0017418133, -0.0017356881, -0.0017322991, -0.001725186, -0.0017177811, -0.0017101001, -0.0017060062, -0.001697072, -0.0016866192, -0.0016806615, -0.0016670136, -0.0016506199, -0.0016412734, -0.0016201588, -0.0015962333, -0.0015701079, -0.0015564073, -0.0015279725, -0.0014973657, -0.0014809271, -0.0014449772, -0.001404382, -0.0013591148, -0.0013347943, -0.0012830397, -0.0012273572, -0.0011981999, -0.0011375395, -0.001074685, -0.0010427037, -0.0009780463, -0.00091271335, -0.0008469464, -0.00081400166, -0.00074785366, -0.000681887, -0.0006490274, -0.0005838087, -0.0005195413, -0.00045625688, -0.0004250069, -0.00036324034, -0.00030213385, -0.0002717726, -0.00021154164, -0.0001523675, -0.0001232644, -6.663672e-05, -1.24265425e-05, 3.9443697e-05, 6.472844e-05, 0.00011463481, 0.00016413696, 0.00018897904, 0.00023858182, 0.0002875363, 0.00033507487, 0.00035817243, 0.00040372653, 0.00045290258, 0.00048233653, 0.0005628274, 0.0006827797
0, 0.00076732057, 0.0006406214, 0.0005344595, 0.00049560814, 0.00043362164, 0.000379437, 0.00035281654, 0.0002990066, 0.00024532218, 0.0001937078, 0.00016913372, 0.0001225183, 7.893135e-05, 5.803431e-05, 1.7167938e-05, -2.3640516e-05, -6.6138324e-05, -8.830156e-05, -0.00013466158, -0.00018305641, -0.00020764561, -0.00025701398, -0.0003061174, -0.0003305062, -0.00037902597, -0.00042712747, -0.0004744098, -0.00049750454, -0.00054184307, -0.0005835278, -0.00060351554, -0.0006423938, -0.0006808343, -0.0007200006, -0.0007398517, -0.00078005326, -0.0008202495, -0.00084015133, -0.00087922905, -0.0009169294, -0.0009350951, -0.00096951175, -0.0010011997, -0.0010300088, -0.0010434851, -0.0010691669, -0.0010941128, -0.0011068662, -0.0011335632, -0.0011623045, -0.0011933392, -0.001209736, -0.0012439498, -0.0012798443, -0.0012982457, -0.0013354316, -0.0013722946, -0.001390144, -0.0014242079, -0.0014555877, -0.0014837438, -0.0014965445, -0.0015191981, -0.0015380163, -0.0015462001, -0.001560352, -0.0015724547, -0.0015832123, -0.0015882372, -0.0015981818, -0.001608582, -0.0016140775, -0.0016259325, -0.0016388131, -0.0016518837, -0.0016581634, -0.0016695943, -0.0016786727, -0.0016820964, -0.0016866396, -0.0016879946, -0.0016873481, -0.0016836739, -0.0016769904, -0.0016679342, -0.0016627399, -0.0016514455, -0.0016392466, -0.0016329287, -0.0016201172, -0.0016073036, -0.0015945488, -0.0015881049, -0.0015747395, -0.0015602893, -0.0015525054, -0.0015358294, -0.0015171864, -0.001507033, -0.0014853468, -0.0014621635, -0.0014382686, -0.0014262664, -0.0014021654, -0.0013771913, -0.0013639169, -0.0013349188, -0.0013019725, -0.0012646356, -0.0012443361, -0.0012006112, -0.0011526303, -0.0011272586, -0.001074084, -0.0010184848, -0.0009900036, -0.00093206007, -0.0008731195, -0.0008135923, -0.0007837331, -0.0007238403, -0.0006640782, -0.0006343294, -0.00057516067, -0.00051659683, -0.00045894654, -0.0004304848, -0.00037415655, -0.00031846523, -0.0002907784, -0.00023590983, -0.00018188359, -0.00015528464, -0.00010323581, -5.2929663e-05, -4.2924503e-06, 1.9703813e-05, 6.7629255e-05, 0.00011607322, 0.00014065966, 0.00019047422, 0.00024072462, 0.00029055946, 0.00031518628, 0.00036450772, 0.00041815455, 0.00044984702, 0.0005344252, 0.0006563153
0, 0.00089789246, 0.00077390217, 0.000687036, 0.0006610495, 0.00062660617, 0.0005998523, 0.00058637414, 0.0005573134, 0.00052584946, 0.0004934536, 0.00047730014, 0.0004449509, 0.00041223763, 0.0003954594, 0.00036045507, 0.00032266334, 0.0002811085, 0.00025879446, 0.00021148156, 0.00016106873, 0.00013498076, 8.13303e-05, 2.5583062e-05, -3.1833652e-06, -6.276915e-05, -0.00012536517, -0.0001904203, -0.00022356721, -0.00028996592, -0.00035531167, -0.00038745426, -0.00045041242, -0.0005119952, -0.0005727488, -0.0006028365, -0.00066252716, -0.00072161463, -0.00075100845, -0.00080979936, -0.00086879014, -0.00089825154, -0.00095664564, -0.001013204, -0.0010666952, -0.0010921618, -0.0011403708, -0.001185473, -0.0012071504, -0.0012492262, -0.0012901678, -0.0013301047, -0.0013498475, -0.0013890652, -0.0014278635, -0.0014470785, -0.0014846971, -0.0015211896, -0.0015387572, -0.0015725599, -0.0016043145, -0.001633578, -0.0016470391, -0.0016709062, -0.0016901483, -0.0016977963, -0.0017092625, -0.0017155588, -0.0017169768, -0.0017160543, -0.0017115665, -0.0017047147, -0.001700782, -0.0016925067, -0.0016842666, -0.0016760541, -0.0016719515, -0.0016633278, -0.0016539845, -0.0016489397, -0.0016379753, -0.0016258862, -0.0016193842, -0.0016055811, -0.0015906809, -0.001574958, -0.0015667997, -0.0015501874, -0.0015330174, -0.0015243151, -0.001506855, -0.0014893715, -0.001472029, -0.0014632816, -0.0014453306, -0.0014265343, -0.0014167952, -0.001396435, -0.0013749148, -0.0013636764, -0.0013404628, -0.0013164604, -0.0012927735, -0.0012811705, -0.001258653, -0.0012361784, -0.0012245041, -0.00119974, -0.0011720749, -0.0011413465, -0.0011247565, -0.001089085, -0.0010499984, -0.0010292327, -0.0009856505, -0.000939735, -0.0009160929, -0.00086742005, -0.0008175416, -0.00076696224, -0.00074152666, -0.0006906314, -0.00063940603, -0.0006137066, -0.000562202, -0.00051076006, -0.0004596487, -0.00043432935, -0.00038400563, -0.00033396712, -0.00030909976, -0.00025964592, -0.00021067866, -0.00018646172, -0.00013882433, -9.237731e-05, -4.675893e-05, -2.396578e-05, 2.2137734e-05, 6.970466e-05, 9.410969e-05, 0.00014413852, 0.00019555331, 0.00024748384, 0.00027346463, 0.0003261993, 0.00038389378, 0.00041780763, 0.00050644943, 0.00063025276
0, 0.0010165229, 0.0008936324, 0.00082208257, 0.0008064985, 0.00079465803, 0.00079095544, 0.00078883313, 0.00078200776, 0.0007716524, 0.0007586905, 0.00075150054, 0.0007353016, 0.0007159213, 0.00070457405, 0.00067784154, 0.0006449412, 0.0006056629, 0.00058376754, 0.0005361451, 0.00048433707, 0.00045710756, 0.00039988122, 0.00033850493, 0.00030615594, 0.00023761585, 0.00016373006, 8.4775944e-05, 4.36838e-05, -4.0806088e-05, -0.000126956, -0.00017018526, -0.00025633926, -0.0003413721, -0.00042471138, -0.00046568247, -0.00054605893, -0.00062471937, -0.00066352525, -0.0007409301, -0.0008187323, -0.0008579057, -0.0009364742, -0.0010140432, -0.0010892492, -0.0011256314, -0.0011956933, -0.0012622377, -0.001294193, -0.0013554093, -0.0014129668, -0.0014665578, -0.0014918228, -0.0015395572, -0.001583541, -0.0016040823, -0.0016423933, -0.0016769534, -0.0016929279, -0.0017228209, -0.001750324, -0.0017755326, -0.0017871042, -0.0018077687, -0.0018242967, -0.001830685, -0.0018394525, -0.0018422388, -0.0018390229, -0.0018351827, -0.0018236303, -0.0018073568, -0.0017977811, -0.0017761079, -0.001751817, -0.0017254337, -0.0017116208, -0.0016829944, -0.00165368, -0.0016388111, -0.0016092769, -0.0015803004, -0.0015661606, -0.0015388537, -0.0015127636, -0.0014876415, -0.0014754545, -0.0014514006, -0.001427605, -0.0014157941, -0.001392308, -0.0013689495, -0.0013460465, -0.0013346495, -0.0013118177, -0.0012886319, -0.0012769388, -0.0012533737, -0.0012294569, -0.0012173798, -0.0011927409, -0.001167778, -0.0011432082, -0.0011313008, -0.0011083015, -0.0010858297, -0.0010744808, -0.0010510387, -0.0010261295, -0.0009996969, -0.0009858509, -0.0009567052, -0.00092554436, -0.0009091556, -0.0008748372, -0.0008387193, -0.00082001503, -0.0007813856, -0.0007418765, -0.00070192746, -0.0006818356, -0.0006414746, -0.00060024, -0.00057922705, -0.00053650374, -0.0004931177, -0.00044959938, -0.00042784808, -0.0003844289, -0.00034091857, -0.00031916526, -0.00027562043, -0.00023205827, -0.00021030754, -0.00016714007, -0.00012449003, -8.185274e-05, -6.022475e-05, -1.576972e-05, 3.0919968e-05, 5.5141885e-05, 0.00010542014, 0.00015769906, 0.00021120821, 0.00023826538, 0.00029371976, 0.00035480782, 0.00039057966, 0.00048265542, 0.0006081409
0, 0.0011143392, 0.0009914804, 0.00093153253, 0.00092409144, 0.0009298185, 0.0009438771, 0.0009506081, 0.0009613969, 0.0009685218, 0.00097243086, 0.0009733732, 0.00097268715, 0.00096726546, 0.00096212054, 0.0009457285, 0.0009201072, 0.00088522286, 0.0008646307, 0.00081797247, 0.00076519046, 0.00073676225, 0.00067573343, 0.00060895184, 0.0005732803, 0.00049711054, 0.00041451352, 0.0003255964, 0.0002789562, 0.00018185833, 8.0887454e-05, 2.9369921e-05, -7.476962e-05, -0.00017911091, -0.00028248553, -0.00033356875, -0.0004341384, -0.0005324468, -0.0005808002, -0.0006764459, -0.0007713013, -0.0008186305, -0.00091284857, -0.001005802, -0.0010966, -0.001141112, -0.0012280383, -0.0013124505, -0.0013535699, -0.0014331774, -0.0015083489, -0.0015778446, -0.0016102669, -0.0016701921, -0.001723171, -0.0017469927, -0.001789335, -0.0018246929, -0.0018400742, -0.001866881, -0.0018893897, -0.0019080995, -0.0019161366, -0.0019295419, -0.0019388467, -0.0019419381, -0.0019444756, -0.0019419787, -0.0019343056, -0.0019285554, -0.0019133874, -0.0018932122, -0.0018813063, -0.0018536028, -0.0018208734, -0.0017836065, -0.001763537, -0.0017211487, -0.0016767731, -0.0016541135, -0.0016086798, -0.0015642022, -0.0015426456, -0.0015011649, -0.0014622896, -0.0014255763, -0.0014078981, -0.0013734256, -0.0013399406, -0.0013234972, -0.0012910992, -0.0012596378, -0.0012291746, -0.001214332, -0.0011852665, -0.0011569589, -0.001143118, -0.0011161063, -0.0010898022, -0.0010767763, -0.0010507831, -0.0010245288, -0.0009986275, -0.000986006, -0.00096152787, -0.0009377229, -0.0009258708, -0.00090206455, -0.000878064, -0.0008539582, -0.00084181956, -0.000817248, -0.000792004, -0.00077899604, -0.00075211655, -0.00072390964, -0.0007093453, -0.0006795591, -0.00064935046, -0.00061928114, -0.0006042606, -0.00057359063, -0.0005414586, -0.0005247508, -0.0004901263, -0.0004543612, -0.00041816034, -0.00040004187, -0.00036354913, -0.00032672886, -0.00030816402, -0.0002706624, -0.00023253927, -0.00021330292, -0.00017458778, -0.0001356436, -9.594678e-05, -7.5506956e-05, -3.2872547e-05, 1.2484102e-05, 3.624531e-05, 8.597463e-05, 0.00013811846, 0.00019196839, 0.00021939602, 0.00027597306, 0.00033873683, 0.0003754224, 0.00046910037, 0.0005951226
0, 0.001190161, 0.0010673272, 0.0010169145, 0.0010160347, 0.0010358129, 0.0010636192, 0.0010769903, 0.0011007447, 0.0011203837, 0.0011364166, 0.0011432774, 0.001154325, 0.0011603356, 0.0011607102, 0.0011545339, 0.0011373513, 0.0011086286, 0.0010901035, 0.0010455805, 0.0009922324, 0.0009625225, 0.00089739094, 0.0008248307, 0.0007857572, 0.0007023875, 0.0006121449, 0.0005154277, 0.00046480904, 0.00035946, 0.00024942082, 0.00019295968, 7.781128e-05, -3.904595e-05, -0.0001564562, -0.00021510904, -0.0003316328, -0.00044658728, -0.0005034159, -0.000615381, -0.00072531594, -0.000779544, -0.0008863616, -0.0009907606, -0.0010923994, -0.0011422859, -0.0012403792, -0.001336497, -0.0013837508, -0.0014761869, -0.0015644329, -0.0016468114, -0.001685471, -0.001756978, -0.0018201154, -0.001848341, -0.0018979907, -0.0019385043, -0.0019555273, -0.0019837643, -0.002005077, -0.002020183, -0.0020256476, -0.002032457, -0.0020341615, -0.0020331843, -0.0020277342, -0.0020176135, -0.0020032816, -0.0019946895, -0.0019745405, -0.001950417, -0.0019367345, -0.0019054525, -0.0018687289, -0.001826838, -0.0018041561, -0.0017559101, -0.0017047179, -0.0016783454, -0.0016247581, -0.0015711769, -0.0015447814, -0.0014933087, -0.0014438813, -0.0013962737, -0.0013729996, -0.0013272959, -0.0012827468, -0.0012608336, -0.0012180316, -0.0011768568, -0.0011375084, -0.0011185461, -0.0010820284, -0.0010474998, -0.0010310258, -0.0009997827, -0.0009704123, -0.0009561449, -0.0009281573, -0.00090037624, -0.0008730649, -0.0008596983, -0.0008337632, -0.00080841134, -0.0007959613, -0.00077141076, -0.00074759114, -0.0007246956, -0.0007136386, -0.0006922412, -0.0006712015, -0.00066067587, -0.00063924096, -0.0006169166, -0.0006054986, -0.0005824561, -0.00055943115, -0.00053677807, -0.0005254273, -0.00050188915, -0.00047639117, -0.00046281153, -0.00043422444, -0.00040448533, -0.0003742271, -0.00035895928, -0.0003281178, -0.00029674658, -0.00028080252, -0.00024818417, -0.0002144759, -0.00019722093, -0.00016203626, -0.00012608175, -8.880066e-05, -6.943166e-05, -2.8768294e-05, 1.4811896e-05, 3.7771664e-05, 8.613107e-05, 0.00013727519, 0.00019039892, 0.00021755083, 0.00027371466, 0.000336315, 0.00037292577, 0.00046634153, 0.0005915573
0, 0.0012464304, 0.0011243342, 0.0010822216, 0.0010868541, 0.0011181211, 0.0011568269, 0.0011752316, 0.0012081114, 0.001235579, 0.0012585944, 0.0012685482, 0.0012855716, 0.001297857, 0.001301558, 0.001302259, 0.0012919522, 0.0012691059, 0.001252865, 0.001211111, 0.0011577756, 0.001127139, 0.0010583517, 0.0009803831, 0.000938236, 0.0008480453, 0.00075072213, 0.0006471397, 0.00059339276, 0.00048258668, 0.00036774194, 0.0003089366, 0.0001889882, 6.647282e-05, -5.7781752e-05, -0.00012028392, -0.00024567457, -0.0003708767, -0.0004331204, -0.00055625755, -0.00067722076, -0.0007367193, -0.00085371814, -0.00096747704, -0.001077735, -0.0011316441, -0.0012370008, -0.0013396157, -0.0013898013, -0.0014877125, -0.001581221, -0.0016689308, -0.0017103488, -0.0017876406, -0.001857115, -0.0018887356, -0.0019452345, -0.0019925514, -0.0020128132, -0.0020467404, -0.0020722926, -0.0020895954, -0.00209534, -0.002101242, -0.0021001443, -0.0020971685, -0.0020865682, -0.0020703645, -0.0020492969, -0.002037222, -0.0020101734, -0.0019795054, -0.0019627598, -0.0019260979, -0.0018850802, -0.0018402438, -0.0018165278, -0.0017670827, -0.0017152639, -0.0016886492, -0.0016342782, -0.0015790695, -0.0015514904, -0.0014966676, -0.001442342, -0.0013884263, -0.0013615115, -0.0013079507, -0.0012549049, -0.0012287307, -0.0011773526, -0.0011278187, -0.0010804135, -0.001057583, -0.0010137764, -0.000972832, -0.00095352746, -0.00091752736, -0.000884562, -0.00086889573, -0.0008388213, -0.0008097894, -0.0007817285, -0.0007681135, -0.0007416421, -0.00071590603, -0.00070338, -0.0006788658, -0.0006555426, -0.000633882, -0.00062379363, -0.0006049583, -0.00058732275, -0.0005787235, -0.00056147744, -0.0005439225, -0.00053497055, -0.0005168615, -0.0004989546, -0.0004812944, -0.0004722832, -0.0004532493, -0.0004320887, -0.00042058888, -0.0003961132, -0.00037049744, -0.00034417107, -0.00033072222, -0.00030341122, -0.0002753375, -0.00026088147, -0.00023104507, -0.00019970858, -0.00018347558, -0.00015015352, -0.00011574586, -7.982263e-05, -6.112594e-05, -2.1919095e-05, 2.0231828e-05, 4.2565633e-05, 8.9865236e-05, 0.00014025318, 0.00019280483, 0.00021968565, 0.00027549334, 0.00033774058, 0.00037419682, 0.0004670787, 0.00059133436
0, 0.001295518, 0.0011750248, 0.0011411796, 0.0011512273, 0.0011936132, 0.0012423241, 0.0012649617, 0.0013047113, 0.0013368455, 0.0013616139, 0.0013714288, 0.0013864172, 0.0013955957, 0.0013978919, 0.0013970068, 0.0013872185, 0.0013668785, 0.0013522769, 0.0013139739, 0.001263263, 0.0012334043, 0.0011649791, 0.0010857711, 0.0010423244, 0.0009481541, 0.0008454931, 0.0007365273, 0.00068043754, 0.0005663186, 0.00045042532, 0.0003918698, 0.00027358162, 0.00015371914, 3.242939e-05, -2.8536304e-05, -0.00015115993, -0.0002741002, -0.00033556696, -0.000458303, -0.00058074197, -0.0006418344, -0.0007636383, -0.0008841069, -0.0010018942, -0.001059202, -0.001170119, -0.0012753017, -0.0013255208, -0.0014206988, -0.0015081492, -0.0015876173, -0.0016246034, -0.0016934768, -0.001756567, -0.0017860448, -0.0018412283, -0.0018912652, -0.0019142814, -0.0019561122, -0.001991755, -0.0020204803, -0.0020321636, -0.002049688, -0.0020592753, -0.0020610152, -0.002057943, -0.0020461574, -0.0020259751, -0.0020129546, -0.0019816156, -0.0019439205, -0.0019230255, -0.0018777583, -0.001829065, -0.0017786166, -0.0017531806, -0.0017022828, -0.0016513362, -0.0016257997, -0.0015746726, -0.0015235731, -0.0014981596, -0.0014475347, -0.0013972033, -0.0013466376, -0.0013212787, -0.0012700716, -0.0012187462, -0.0011931697, -0.0011423851, -0.0010920909, -0.0010424296, -0.0010178508, -0.0009698392, -0.0009241342, -0.00090247655, -0.0008621435, -0.0008259841, -0.0008094142, -0.0007787924, -0.00075090176, -0.000725124, -0.00071287825, -0.0006894231, -0.00066708884, -0.00065617164, -0.00063514465, -0.00061527785, -0.0005974003, -0.00058932824, -0.0005749761, -0.0005625302, -0.0005566884, -0.0005455121, -0.0005341423, -0.0005283138, -0.0005162265, -0.00050373067, -0.00049082376, -0.00048404746, -0.00046948207, -0.00045279443, -0.00044359267, -0.00042339423, -0.0004010945, -0.00037710593, -0.00036463415, -0.00033879274, -0.0003118146, -0.00029784645, -0.0002686324, -0.00023757567, -0.00022134405, -0.00018777793, -0.00015289665, -0.00011673981, -9.795328e-05, -5.8410595e-05, -1.5521417e-05, 7.3852552e-06, 5.615804e-05, 0.00010866894, 0.00016400393, 0.0001924711, 0.00025171612, 0.0003177151, 0.00035605193, 0.0004523379, 0.00057862734
0, 0.0012799155, 0.0011583815, 0.001120914, 0.0011287291, 0.0011666003, 0.0012108712, 0.0012313783, 0.0012670137, 0.0012953202, 0.001316453, 0.001324425, 0.0013354354, 0.001340029, 0.0013397612, 0.0013336581, 0.0013191093, 0.001295122, 0.0012795458, 0.0012407618, 0.0011918148, 0.0011635501, 0.0010996112, 0.001026168, 0.000985944, 0.0008984358, 0.0008022413, 0.00069913623, 0.0006458021, 0.00053679827, 0.00042578948, 0.00036964566, 0.00025631915, 0.00014191288, 2.6996917e-05, -3.0485724e-05, -0.00014518769, -0.0002594838, -0.00031627752, -0.00042949728, -0.0005424708, -0.00059894484, -0.0007119463, -0.00082435564, -0.00093470723, -0.0009885886, -0.0010930105, -0.0011921942, -0.0012395936, -0.0013290538, -0.0014106503, -0.0014839091, -0.001517578, -0.0015797787, -0.0016361006, -0.0016623951, -0.001711572, -0.0017564091, -0.0017771864, -0.0018156501, -0.0018495244, -0.001878297, -0.0018906485, -0.0019110325, -0.0019251867, -0.0019297389, -0.0019331876, -0.0019286809, -0.0019160927, -0.0019068259, -0.0018827806, -0.0018517536, -0.0018339232, -0.00179405, -0.0017500782, -0.0017034316, -0.0016795978, -0.0016311024, -0.0015820584, -0.0015573393, -0.0015077384, -0.0014582387, -0.0014337717, -0.0013856492, -0.0013386861, -0.0012925453, -0.0012697312, -0.001224563, -0.0011800858, -0.0011581989, -0.0011148645, -0.0010719635, -0.0010291412, -0.0010078559, -0.00096583914, -0.00092530955, -0.0009060123, -0.00086994644, -0.0008375946, -0.0008227388, -0.0007955061, -0.00077076006, -0.0007480145, -0.00073720206, -0.0007164325, -0.0006965566, -0.0006867507, -0.00066755957, -0.00064936536, -0.0006327202, -0.00062514556, -0.0006116164, -0.00059969927, -0.0005940205, -0.0005829604, -0.0005714763, -0.0005654433, -0.00055276137, -0.0005394076, -0.000525452, -0.0005181721, -0.0005026685, -0.0004853105, -0.0004757871, -0.00045489482, -0.00043181807, -0.00040703802, -0.0003941624, -0.00036755754, -0.00033989717, -0.00032565361, -0.00029594454, -0.00026435667, -0.0002478599, -0.0002138249, -0.00017870995, -0.00014215174, -0.00012310379, -8.2835024e-05, -3.895086e-05, -1.5481142e-05, 3.4633424e-05, 8.860177e-05, 0.00014553755, 0.00017492102, 0.00023617256, 0.00030434228, 0.00034381723, 0.00044239764, 0.00057048496
0, 0.001237504, 0.0011133394, 0.0010666753, 0.0010687168, 0.001094656, 0.0011275683, 0.0011428564, 0.0011688031, 0.0011887827, 0.0012033798, 0.0012086491, 0.0012149992, 0.0012152138, 0.0012127758, 0.0012020438, 0.0011829322, 0.0011551325, 0.0011381304, 0.0010981411, 0.0010504589, 0.0010238222, 0.0009650748, 0.0008994176, 0.00086395175, 0.0007873948, 0.00070307765, 0.0006120754, 0.00056458276, 0.00046673455, 0.00036582144, 0.00031434622, 0.0002098782, 0.00010421035, -1.4617544e-06, -5.4046857e-05, -0.0001583468, -0.0002610927, -0.0003118023, -0.00041187357, -0.00051074073, -0.00055991166, -0.0006577628, -0.00075455394, -0.0008490754, -0.00089526456, -0.000985033, -0.0010711567, -0.0011127342, -0.0011921339, -0.0012656767, -0.0013326316, -0.001363672, -0.0014210736, -0.0014729296, -0.0014970097, -0.001541517, -0.0015811926, -0.0015992378, -0.0016320077, -0.0016604016, -0.0016844985, -0.001694899, -0.0017126917, -0.0017262765, -0.0017313558, -0.00173769, -0.0017384953, -0.001733388, -0.0017285789, -0.0017145947, -0.0016948337, -0.0016828573, -0.0016549159, -0.0016224529, -0.0015865815, -0.0015676545, -0.0015279491, -0.0014864617, -0.001465086, -0.001421444, -0.0013771916, -0.0013551502, -0.0013116958, -0.0012693134, -0.0012281869, -0.0012080655, -0.0011689103, -0.0011312208, -0.0011130625, -0.0010776883, -0.0010432473, -0.0010093908, -0.0009926505, -0.00095986226, -0.0009282946, -0.0009133339, -0.00088524766, -0.0008599885, -0.0008483429, -0.0008267558, -0.00080687425, -0.00078820816, -0.00077923865, -0.00076177536, -0.0007446429, -0.00073605246, -0.0007188052, -0.00070193975, -0.0006858927, -0.00067831913, -0.00066424103, -0.00065094436, -0.00064436696, -0.0006307999, -0.00061613845, -0.00060826883, -0.00059148343, -0.0005736206, -0.0005550197, -0.0005454724, -0.0005255034, -0.000504027, -0.0004925815, -0.00046827344, -0.00044241376, -0.00041540104, -0.00040158397, -0.00037332866, -0.00034429654, -0.00032941613, -0.0002986193, -0.0002662791, -0.00024954963, -0.00021529538, -0.00018016393, -0.00014365236, -0.00012452202, -8.407962e-05, -4.002964e-05, -1.649776e-05, 3.363037e-05, 8.7543376e-05, 0.00014441523, 0.00017377317, 0.00023508139, 0.00030339797, 0.00034301274, 0.0004420485, 0.00057076564
0, 0.0011757233, 0.0010481816, 0.0009887731, 0.0009827117, 0.0009916465, 0.0010082572, 0.0010158858, 0.0010278738, 0.0010358288, 0.0010406441, 0.0010419069, 0.001041972, 0.0010375609, 0.0010332484, 0.0010192944, 0.0009972678, 0.00096717227, 0.00094928785, 0.0009085945, 0.00086190016, 0.00083650363, 0.0007822211, 0.00072367425, 0.0006928952, 0.00062782347, 0.0005574389, 0.00048185862, 0.00044238352, 0.00036065752, 0.00027527404, 0.00023129949, 0.00014116212, 4.9257545e-05, -4.287473e-05, -8.872669e-05, -0.00017926584, -0.00026768656, -0.00031095315, -0.00039522897, -0.00047696687, -0.0005170811, -0.0005960347, -0.0006728924, -0.0007468642, -0.0007827307, -0.00085241307, -0.00092000014, -0.0009530671, -0.0010175492, -0.0010791407, -0.0011373503, -0.0011650348, -0.0012176678, -0.0012663909, -0.0012891511, -0.0013311481, -0.0013679363, -0.0013843706, -0.0014131484, -0.0014367718, -0.0014558068, -0.0014637306, -0.0014768888, -0.0014869715, -0.0014909643, -0.0014967051, -0.0014993668, -0.0014986923, -0.0014971193, -0.0014916031, -0.0014827547, -0.0014769126, -0.00146249, -0.0014444361, -0.001423311, -0.0014116715, -0.0013865061, -0.0013588473, -0.0013441397, -0.0013131023, -0.0012806159, -0.0012640015, -0.0012305072, -0.0011969225, -0.0011637419, -0.0011473312, -0.0011152993, -0.0010847889, -0.0010701556, -0.0010422486, -0.0010158366, -0.0009907471, -0.0009786764, -0.00095544255, -0.0009335644, -0.0009232559, -0.00090409146, -0.0008867233, -0.0008786352, -0.00086317194, -0.000848309, -0.0008339538, -0.0008268801, -0.0008130691, -0.0007992079, -0.0007921278, -0.0007775976, -0.00076262874, -0.0007476536, -0.0007402082, -0.0007253734, -0.0007099247, -0.0007018288, -0.00068410044, -0.0006640744, -0.0006532003, -0.0006297316, -0.00060451846, -0.00057826855, -0.0005648516, -0.0005373028, -0.0005086133, -0.0004938859, -0.00046361863, -0.00043283633, -0.00040174407, -0.0003861438, -0.00035467226, -0.00032267912, -0.00030645166, -0.00027341399, -0.0002394109, -0.00022213298, -0.00018714266, -0.0001516855, -0.000115159484, -9.613125e-05, -5.6032783e-05, -1.2683951e-05, 1.0344908e-05, 5.918709e-05, 0.000111435744, 0.00016641448, 0.00019476682, 0.00025389454, 0.0003199726, 0.00035844283, 0.00045550356, 0.00058334286
0, 0.0011031877, 0.0009727311, 0.00089984527, 0.00088501547, 0.00087525666, 0.00087352766, 0.00087239995, 0.00086812465, 0.00086145, 0.00085357623, 0.0008493233, 0.00084027625, 0.00082942756, 0.0008227331, 0.0008055684, 0.00078186404, 0.0007511002, 0.0007332004, 0.00069314195, 0.0006480209, 0.0006238618, 0.0005732539, 0.00052046677, 0.00049347733, 0.00043807854, 0.00038031852, 0.0003200462, 0.00028908835, 0.00022562873, 0.0001595439, 0.00012544541, 5.5085922e-05, -1.7257562e-05, -9.0323e-05, -0.00012673727, -0.00019883105, -0.00026907012, -0.00030312492, -0.00036880103, -0.00043128262, -0.00046147854, -0.00052012346, -0.00057611347, -0.0006289995, -0.0006543445, -0.0007032145, -0.0007507781, -0.00077429874, -0.00082103803, -0.00086719723, -0.0009127364, -0.0009352805, -0.0009797566, -0.0010229149, -0.0010436594, -0.0010827553, -0.0011177225, -0.0011334163, -0.0011611662, -0.0011838087, -0.001201646, -0.001208944, -0.0012207016, -0.0012295167, -0.0012330051, -0.0012383036, -0.001241638, -0.0012433204, -0.0012437067, -0.0012436573, -0.0012425563, -0.0012414878, -0.0012381448, -0.0012331054, -0.0012265368, -0.00122263, -0.0012137758, -0.0012029494, -0.0011968121, -0.0011828337, -0.001166903, -0.0011583049, -0.0011399987, -0.0011203198, -0.0010994464, -0.0010887356, -0.001067207, -0.0010461204, -0.0010359654, -0.0010166501, -0.0009987913, -0.0009823696, -0.00097467744, -0.0009602631, -0.0009471056, -0.0009409423, -0.0009293429, -0.0009184187, -0.00091303873, -0.0009020992, -0.0008907992, -0.000879464, -0.00087386783, -0.00086297566, -0.0008521335, -0.0008466575, -0.0008351842, -0.0008228748, -0.0008097731, -0.00080280827, -0.00078779337, -0.00077073165, -0.00076108845, -0.0007392974, -0.0007138639, -0.0006998108, -0.0006693107, -0.00063645584, -0.0006020923, -0.0005844407, -0.00054849056, -0.0005117378, -0.0004931083, -0.00045571133, -0.00041854227, -0.00038177517, -0.00036349977, -0.00032692673, -0.00029015433, -0.00027170256, -0.00023474108, -0.00019770049, -0.00017919885, -0.00014222585, -0.000105442086, -6.811469e-05, -4.889926e-05, -8.941738e-06, 3.3684348e-05, 5.6070032e-05, 0.00010325607, 0.00015328865, 0.0002055195, 0.00023232528, 0.00028805638, 0.00035040043, 0.00038691587, 0.00048022365, 0.0006059571
0, 0.0010256481, 0.00089348876, 0.00080828177, 0.00078520196, 0.00075754966, 0.00073794404, 0.0007281099, 0.00070706964, 0.00068457815, 0.00066203607, 0.0006511548, 0.0006304448, 0.00061063835, 0.00060059933, 0.00057889184, 0.0005532494, 0.00052245345, 0.00050508115, 0.00046683298, 0.00042454034, 0.00040222242, 0.00035595373, 0.0003087554, 0.00028513925, 0.00023793508, 0.000190879, 0.00014412892, 0.000120974786, 7.5045355e-05, 2.895485e-05, 5.535259e-06, -4.207435e-05, -9.081881e-05, -0.00014008427, -0.0001646973, -0.00021359914, -0.00026107198, -0.0002840983, -0.00032814633, -0.0003694907, -0.0003893396, -0.00042755564, -0.00046375644, -0.00049751834, -0.00051346864, -0.0005441012, -0.00057386176, -0.0005886751, -0.00061830715, -0.0006482701, -0.0006788579, -0.0006945265, -0.00072692207, -0.0007601791, -0.00077684893, -0.00080959627, -0.00084087823, -0.0008556875, -0.00088325446, -0.00090762484, -0.00092855253, -0.0009377105, -0.00095355086, -0.0009664495, -0.00097188423, -0.0009809114, -0.000987846, -0.0009934154, -0.0009959408, -0.001000871, -0.0010059632, -0.0010084956, -0.0010137447, -0.0010189903, -0.001024403, -0.0010272373, -0.0010328278, -0.0010376775, -0.001039651, -0.0010425114, -0.0010436848, -0.0010436379, -0.0010422238, -0.0010386596, -0.0010329834, -0.001029452, -0.001021419, -0.0010126925, -0.0010083381, -0.0010000009, -0.0009923651, -0.000985517, -0.0009823842, -0.0009765812, -0.00097129063, -0.00096868427, -0.000963225, -0.000956888, -0.0009532698, -0.00094483455, -0.0009350452, -0.0009246816, -0.0009195625, -0.0009097557, -0.00090045005, -0.00089581846, -0.0008861578, -0.0008755553, -0.00086350815, -0.0008567801, -0.0008413804, -0.0008226535, -0.0008118009, -0.0007866277, -0.00075702317, -0.0007406211, -0.00070499495, -0.0006665473, -0.0006261193, -0.0006053532, -0.00056289916, -0.0005195843, -0.00049762486, -0.00045375357, -0.00041024873, -0.00036725614, -0.0003459233, -0.00030342845, -0.00026104067, -0.00023989654, -0.00019802227, -0.00015682947, -0.00013649833, -9.638151e-05, -5.69547e-05, -1.7669669e-05, 2.1624924e-06, 4.2810123e-05, 8.537831e-05, 0.00010750469, 0.00015359472, 0.000201739, 0.0002512481, 0.00027647923, 0.00032859785, 0.0003866858, 0.00042088312, 0.0005098319, 0.00063324557
0, 0.0009469066, 0.0008137514, 0.00071776373, 0.00068733544, 0.0006435995, 0.0006075554, 0.00058968156, 0.0005527625, 0.00051494944, 0.00047784948, 0.0004601272, 0.0004269976, 0.00039711062, 0.00038308447, 0.00035557835, 0.00032708197, 0.00029575737, 0.00027893396, 0.00024295693, 0.00020466912, 0.00018490841, 0.00014467143, 0.000104575454, 8.488928e-05, 4.6545185e-05, 9.882433e-06, -2.4660865e-05, -4.093811e-05, -7.135401e-05, -9.945311e-05, -0.00011284227, -0.00013882798, -0.00016403603, -0.00018867097, -0.00020072654, -0.00022423232, -0.00024655653, -0.00025720202, -0.00027744257, -0.0002963825, -0.0003055856, -0.00032366364, -0.0003412413, -0.0003579966, -0.00036600657, -0.0003814459, -0.00039654362, -0.0004041663, -0.0004194917, -0.0004352294, -0.00045174448, -0.00046055528, -0.00047970974, -0.0005007823, -0.0005119877, -0.0005354055, -0.00056007406, -0.0005727873, -0.00059849146, -0.0006241306, -0.0006489719, -0.0006609538, -0.00068377476, -0.0007047632, -0.0007144235, -0.0007321123, -0.00074754696, -0.00076140487, -0.0007680801, -0.0007812625, -0.0007946615, -0.0008014815, -0.00081539573, -0.0008302103, -0.0008460657, -0.0008544378, -0.0008716387, -0.0008889972, -0.0008974086, -0.00091353536, -0.00092868117, -0.00093576504, -0.0009488972, -0.00096006045, -0.00096905977, -0.00097274466, -0.0009786844, -0.0009832991, -0.0009852907, -0.0009890386, -0.0009925669, -0.000995922, -0.0009974528, -0.0010002385, -0.0010023224, -0.0010029273, -0.001002792, -0.0010002684, -0.0009979756, -0.0009911595, -0.0009819653, -0.0009714462, -0.0009660545, -0.00095556997, -0.0009454576, -0.0009403424, -0.0009295064, -0.0009174158, -0.0009034073, -0.00089546177, -0.0008773132, -0.00085530494, -0.0008426844, -0.00081407157, -0.00078106404, -0.00076306495, -0.00072432065, -0.0006827066, -0.000638959, -0.00061646267, -0.0005703737, -0.00052301143, -0.0004989316, -0.00045038378, -0.00040188283, -0.00035366713, -0.00032966016, -0.00028189275, -0.00023433822, -0.0002107438, -0.00016420659, -0.00011869749, -9.636624e-05, -5.2671418e-05, -1.0069948e-05, 3.1535204e-05, 5.223243e-05, 9.4018105e-05, 0.00013697013, 0.00015906266, 0.00020436713, 0.0002508382, 0.00029776816, 0.0003213942, 0.00036969947, 0.00042327368, 0.00045506924, 0.0005395531, 0.0006605965
0, 0.00087202335, 0.0007378987, 0.0006320521, 0.0005949812, 0.0005367681, 0.0004861078, 0.00046105645, 0.00041021378, 0.00035921606, 0.00030987817, 0.00028644426, 0.00024285738, 0.00020406218, 0.00018634993, 0.0001532369, 0.00012144822, 8.9234614e-05, 7.270877e-05, 3.9047598e-05, 5.1969796e-06, -1.1579239e-05, -4.453241e-05, -7.586641e-05, -9.074983e-05, -0.00011866384, -0.00014399357, -0.00016629607, -0.00017610977, -0.0001927883, -0.0002057157, -0.00021091435, -0.00021923921, -0.00022509179, -0.00022879711, -0.00022980788, -0.0002304609, -0.00022924664, -0.00022813474, -0.00022532963, -0.0002224139, -0.00022126001, -0.0002198662, -0.00021956765, -0.0002201603, -0.00022066988, -0.00022228161, -0.00022466102, -0.00022622681, -0.0002299885, -0.00023452331, -0.00024014396, -0.0002435678, -0.00025201193, -0.000262753, -0.0002691673, -0.0002837032, -0.0003011808, -0.0003110767, -0.00033306552, -0.00035749425, -0.00038380115, -0.0003975605, -0.00042581736, -0.000454569, -0.00046879885, -0.0004967048, -0.00052355276, -0.0005496234, -0.0005625908, -0.000588332, -0.0006140379, -0.0006269239, -0.00065257726, -0.0006786289, -0.0007054224, -0.00071912014, -0.0007467648, -0.00077410217, -0.0007874753, -0.0008134262, -0.000838622, -0.00085098675, -0.000875037, -0.0008977883, -0.0009187, -0.0009283831, -0.00094634603, -0.00096274214, -0.0009704362, -0.0009850771, -0.0009986165, -0.0010108912, -0.0010165984, -0.001026791, -0.0010350966, -0.0010384284, -0.0010429341, -0.0010440628, -0.0010431493, -0.001038428, -0.0010303939, -0.0010200061, -0.001014353, -0.0010024701, -0.0009898299, -0.0009829605, -0.00096783263, -0.0009504736, -0.0009306264, -0.00091961666, -0.0008952488, -0.00086732453, -0.00085189653, -0.00081842724, -0.000781492, -0.000761824, -0.00072037923, -0.00067645445, -0.0006305855, -0.0006070142, -0.0005587149, -0.0005089502, -0.00048353782, -0.00043201976, -0.00037992033, -0.00032785969, -0.00030189916, -0.00025006168, -0.00019847277, -0.00017285642, -0.00012237385, -7.325018e-05, -4.925677e-05, -2.6231141e-06, 4.2171272e-05, 8.532743e-05, 0.00010652075, 0.00014874338, 0.0001914652, 0.0002131814, 0.00025712492, 0.0003013256, 0.00034515755, 0.0003668775, 0.0004107859, 0.00045932073, 0.00048850884, 0.00056820695, 0.00068680913
0, 0.00080903707, 0.0006735532, 0.000558439, 0.00051520846, 0.00044407678, 0.0003807928, 0.00034976896, 0.00028786063, 0.00022691586, 0.00016904803, 0.00014184426, 9.1616654e-05, 4.7235386e-05, 2.7056272e-05, -1.0041248e-05, -4.423633e-05, -7.7127756e-05, -9.330628e-05, -0.00012492001, -0.00015459985, -0.00016847273, -0.00019405443, -0.00021640134, -0.00022624643, -0.00024332792, -0.00025689535, -0.00026688864, -0.00027052118, -0.00027487066, -0.00027532817, -0.00027422016, -0.00026946387, -0.000261481, -0.00025038442, -0.00024355773, -0.00022750515, -0.00020870448, -0.00019850109, -0.00017732549, -0.00015633651, -0.00014625263, -0.00012737096, -0.00011026381, -9.492949e-05, -8.7949265e-05, -7.567755e-05, -6.568553e-05, -6.158014e-05, -5.5108572e-05, -5.0856503e-05, -4.88231e-05, -4.87532e-05, -5.063156e-05, -5.5460063e-05, -5.905691e-05, -6.860146e-05, -8.163965e-05, -8.946869e-05, -0.000107994805, -0.00013002551, -0.00015539292, -0.00016927603, -0.00019939657, -0.00023223633, -0.0002494394, -0.00028499373, -0.0003218351, -0.00035992963, -0.00037946127, -0.00041908902, -0.0004590441, -0.00047904495, -0.0005187372, -0.0005581063, -0.0005972825, -0.0006166953, -0.0006550246, -0.0006919642, -0.0007098344, -0.0007442659, -0.00077771954, -0.0007942014, -0.0008267885, -0.0008583906, -0.00088834285, -0.0009027346, -0.0009300922, -0.0009557162, -0.0009679239, -0.0009908759, -0.001011685, -0.0010303257, -0.0010387851, -0.0010538655, -0.0010663911, -0.0010716352, -0.0010795871, -0.0010838788, -0.0010844886, -0.0010826198, -0.0010767005, -0.0010675072, -0.0010619464, -0.0010490348, -0.0010333963, -0.0010243437, -0.001003501, -0.0009790417, -0.00095129217, -0.0009362188, -0.0009038588, -0.0008684701, -0.00084968755, -0.00081026135, -0.00076849625, -0.00074679306, -0.00070180354, -0.0006548185, -0.00060616434, -0.0005813009, -0.00053057575, -0.00047834023, -0.00045170815, -0.0003975873, -0.0003426372, -0.00028742288, -0.0002597961, -0.0002046306, -0.00014966454, -0.00012239847, -6.865075e-05, -1.6807895e-05, 8.261433e-06, 5.6518667e-05, 0.0001021144, 0.000145401, 0.00016637756, 0.00020777462, 0.00024910798, 0.0002698792, 0.00031150258, 0.00035265257, 0.0003927607, 0.00041231693, 0.00045128362, 0.000494351, 0.00052076264, 0.00059545896, 0.00071149576
0, 0.00076587306, 0.00062863517, 0.00050534966, 0.0004568736, 0.0003749123, 0.00030146426, 0.00026585985, 0.00019592063, 0.00012854459, 6.6012755e-05, 3.706863e-05, -1.5741498e-05, -6.2191335e-05, -8.3259794e-05, -0.00012187571, -0.00015686863, -0.00018956093, -0.00020518946, -0.00023456616, -0.00026044156, -0.0002718174, -0.00029112736, -0.00030573443, -0.00031121843, -0.0003187596, -0.00032205763, -0.00032129575, -0.00031959117, -0.0003134827, -0.0003040489, -0.0002981023, -0.00028392902, -0.00026675462, -0.00024638433, -0.00023487983, -0.00020906927, -0.0001798914, -0.000164343, -0.00013199964, -9.905445e-05, -8.274827e-05, -5.0723127e-05, -1.9820885e-05, 9.520573e-06, 2.3400347e-05, 4.886435e-05, 7.0802176e-05, 8.0330996e-05, 9.614175e-05, 0.000107948894, 0.00011568214, 0.00011799409, 0.00011951659, 0.00011687353, 0.00011410485, 0.00010554722, 9.322962e-05, 8.57364e-05, 6.8025045e-05, 4.7021636e-05, 2.2407914e-05, 8.779659e-06, -2.133387e-05, -5.5220018e-05, -7.348647e-05, -0.000112582944, -0.00015499821, -0.00020072843, -0.00022475098, -0.00027465573, -0.0003260349, -0.00035195966, -0.00040383477, -0.00045529832, -0.00050614943, -0.00053122395, -0.00057999394, -0.00062673644, -0.0006491463, -0.00069245405, -0.000734383, -0.0007549506, -0.00079544826, -0.0008346367, -0.000872063, -0.0008900896, -0.00092474656, -0.00095740624, -0.0009728569, -0.0010015665, -0.001027125, -0.0010492937, -0.0010591298, -0.0010765248, -0.0010909184, -0.0010970426, -0.0011070301, -0.0011136758, -0.0011156332, -0.0011165269, -0.0011132319, -0.0011060442, -0.0011009639, -0.0010877656, -0.0010698485, -0.0010589939, -0.0010334622, -0.0010031309, -0.0009687687, -0.00095037045, -0.00091147656, -0.00087013975, -0.00084865757, -0.0008042671, -0.00075821916, -0.00073457754, -0.0006859816, -0.00063550106, -0.0005834632, -0.0005569368, -0.0005029867, -0.00044769066, -0.00041960867, -0.00036267022, -0.0003050342, -0.00024705328, -0.00021797253, -0.000159841, -0.00010202183, -7.340831e-05, -1.7409524e-05, 3.623509e-05, 6.1910854e-05, 0.00011079456, 0.00015627123, 0.00019884022, 0.00021933668, 0.00025950666, 0.0002991651, 0.00031892132, 0.00035819158, 0.00039664577, 0.00043350182, 0.00045117884, 0.0004859672, 0.0005242301, 0.00054824573, 0.0006186485, 0.0007324162
0, 0.00074693, 0.0006073558, 0.00047745008, 0.000424978, 0.00033512127, 0.0002546448, 0.0002159838, 0.0001410324, 7.033794e-05, 6.076242e-06, -2.3184215e-05, -7.595122e-05, -0.000121959565, -0.00014280362, -0.0001808666, -0.00021512466, -0.00024650758, -0.00026117402, -0.00028781354, -0.00030990515, -0.00031900904, -0.00033300644, -0.00034139777, -0.0003436029, -0.0003440906, -0.00033996048, -0.00033169138, -0.00032628962, -0.00031294915, -0.0002965792, -0.00028723216, -0.00026645308, -0.00024318742, -0.00021717427, -0.00020303442, -0.00017226879, -0.00013839449, -0.000120405144, -8.3170504e-05, -4.479709e-05, -2.5331054e-05, 1.38112255e-05, 5.2954398e-05, 9.143676e-05, 0.000109970526, 0.0001448591, 0.00017576638, 0.00018943526, 0.0002127885, 0.00023065675, 0.00024296062, 0.0002470116, 0.00025080965, 0.00024908502, 0.0002463063, 0.00023694527, 0.0002229974, 0.0002145524, 0.00019504827, 0.00017232921, 0.0001462409, 0.00013197743, 0.00010077929, 6.60299e-05, 4.7300033e-05, 7.1482436e-06, -3.6913654e-05, -8.508173e-05, -0.00011064772, -0.00016436413, -0.0002203735, -0.00024898554, -0.00030673717, -0.00036473805, -0.0004226375, -0.0004513151, -0.00050760346, -0.0005620797, -0.00058855995, -0.00064018136, -0.0006903219, -0.00071490783, -0.0007629816, -0.0008090852, -0.0008529138, -0.0008739049, -0.00091424456, -0.00095193216, -0.0009696104, -0.0010021667, -0.0010304122, -0.0010542802, -0.001064656, -0.0010825893, -0.0010973668, -0.0011036786, -0.0011142858, -0.0011220311, -0.0011248097, -0.0011276922, -0.0011266572, -0.0011212886, -0.00111682, -0.0011039295, -0.0010852264, -0.0010735928, -0.0010459363, -0.0010130921, -0.0009760291, -0.0009563058, -0.00091498176, -0.00087158044, -0.00084916153, -0.00080304913, -0.000755327, -0.0007307931, -0.0006802418, -0.000627641, -0.00057315564, -0.00054529804, -0.00048846606, -0.00043054114, -0.00040122354, -0.00034217685, -0.00028269584, -0.00022304853, -0.00019316531, -0.00013351251, -7.439402e-05, -4.525605e-05, 1.1617383e-05, 6.584747e-05, 9.170252e-05, 0.00014067645, 0.00018598056, 0.0002282498, 0.0002486218, 0.00028837935, 0.0003274709, 0.0003468863, 0.00038533594, 0.00042277644, 0.0004582659, 0.00047510728, 0.00050773943, 0.00054345856, 0.00056610495, 0.00063407584, 0.00074684445
0, 0.0007543967, 0.000610228, 0.00047384715, 0.00041842836, 0.00032380293, 0.00024009505, 0.00020028488, 0.00012393843, 5.2925185e-05, -1.0883861e-05, -3.96587e-05, -9.1165915e-05, -0.00013569329, -0.00015581032, -0.00019240267, -0.00022506955, -0.00025431364, -0.00026763033, -0.0002909016, -0.00030889636, -0.00031566262, -0.00032468882, -0.00032812823, -0.0003279012, -0.00032372688, -0.00031534626, -0.00030336366, -0.0002961487, -0.00027958717, -0.00025994028, -0.00024891886, -0.0002247498, -0.00019816468, -0.0001690475, -0.00015349494, -0.00012024243, -8.44486e-05, -6.57966e-05, -2.7338003e-05, 1.2172857e-05, 3.215117e-05, 7.2663854e-05, 0.00011349295, 0.00015393933, 0.00017362002, 0.0002111012, 0.00024485923, 0.00026004226, 0.0002865639, 0.0003074023, 0.00032243942, 0.00032767467, 0.00033350012, 0.00033293857, 0.0003303477, 0.0003205597, 0.0003051336, 0.0002956435, 0.00027352507, 0.00024773643, 0.0002185119, 0.00020256218, 0.00016838688, 0.00013120461, 0.00011161433, 7.039595e-05, 2.624129e-05, -2.1264479e-05, -4.6219247e-05, -9.835068e-05, -0.00015267787, -0.0001803763, -0.00023670451, -0.0002939323, -0.00035168172, -0.00038062292, -0.0004383084, -0.00049530895, -0.0005235485, -0.00057957, -0.00063482625, -0.00066204125, -0.0007150743, -0.00076567347, -0.0008136099, -0.000836489, -0.0008801595, -0.0009207115, -0.00093961065, -0.0009741798, -0.0010038362, -0.001028446, -0.0010390041, -0.0010570082, -0.0010715285, -0.0010776408, -0.0010877566, -0.0010952295, -0.0010979881, -0.0011013894, -0.0011013524, -0.0010969017, -0.001092848, -0.0010805634, -0.0010623538, -0.0010510128, -0.0010241298, -0.0009923851, -0.0009567925, -0.00093790045, -0.00089845026, -0.0008570238, -0.0008356472, -0.0007912911, -0.0007450317, -0.0007210828, -0.00067134417, -0.0006191657, -0.0005645077, -0.00053640775, -0.00047882696, -0.00042032055, -0.00039084285, -0.00033178786, -0.00027273258, -0.0002138094, -0.00018442434, -0.00012593463, -6.8215624e-05, -3.9765066e-05, 1.5910837e-05, 6.921112e-05, 9.47359e-05, 0.0001432369, 0.00018847146, 0.00023097303, 0.0002515339, 0.00029181674, 0.00033163157, 0.00035143775, 0.00039077134, 0.00042908738, 0.00046526894, 0.00048239034, 0.0005152514, 0.00055091135, 0.00057342765, 0.00064123294, 0.00075424457
0, 0.0007947253, 0.0006379672, 0.0004912466, 0.00043323357, 0.00033715484, 0.0002547676, 0.00021618619, 0.00014289438, 7.526082e-05, 1.4747787e-05, -1.259033e-05, -6.1564184e-05, -0.00010396093, -0.0001231574, -0.00015801282, -0.00018869572, -0.00021562784, -0.0002275155, -0.0002473668, -0.0002612588, -0.00026583124, -0.00027049234, -0.00027002915, -0.00026815463, -0.000261698, -0.00025202552, -0.00023964932, -0.00023249596, -0.00021629463, -0.00019726357, -0.0001865753, -0.0001629793, -0.00013665605, -0.000107739776, -9.213611e-05, -5.88971e-05, -2.3206092e-05, -4.752124e-06, 3.286264e-05, 7.085096e-05, 8.981969e-05, 0.00012754505, 0.00016459498, 0.00020059416, 0.00021795469, 0.00025078395, 0.00028039733, 0.0002937318, 0.00031727256, 0.00033624168, 0.00035036143, 0.00035549156, 0.00036166311, 0.00036185107, 0.00035962448, 0.000350258, 0.00033464888, 0.00032475425, 0.00030140224, 0.00027364577, 0.00024185868, 0.00022456753, 0.00018750249, 0.00014769133, 0.00012709954, 8.465509e-05, 4.0553503e-05, -5.4261045e-06, -2.915566e-05, -7.756576e-05, -0.00012702243, -0.0001520025, -0.00020244207, -0.00025371203, -0.00030574464, -0.00033195043, -0.00038467112, -0.0004377302, -0.00046442397, -0.0005182116, -0.000572111, -0.0005989069, -0.0006511335, -0.0007010323, -0.0007482103, -0.0007707448, -0.0008137713, -0.000853813, -0.00087250664, -0.00090671505, -0.0009361804, -0.000960786, -0.0009713643, -0.0009893931, -0.0010035163, -0.0010092404, -0.0010183702, -0.0010244981, -0.0010265822, -0.0010289787, -0.0010284233, -0.0010239097, -0.0010199768, -0.0010083497, -0.0009915063, -0.0009811808, -0.000957059, -0.0009288493, -0.000897308, -0.00088058447, -0.00084538176, -0.000808103, -0.0007886674, -0.0007480565, -0.0007051319, -0.00068270613, -0.00063591555, -0.00058630586, -0.0005340181, -0.0005069915, -0.0004516352, -0.00039538005, -0.00036715536, -0.00031093936, -0.00025517007, -0.00019992619, -0.0001725165, -0.00011798728, -6.4171836e-05, -3.7524915e-05, 1.4930942e-05, 6.5665234e-05, 9.0184476e-05, 0.00013705931, 0.0001812732, 0.00022320435, 0.00024366826, 0.00028407705, 0.0003243963, 0.00034464887, 0.00038504307, 0.0004245817, 0.000462168, 0.00047998247, 0.00051435304, 0.00055138033, 0.00057451276, 0.0006433585, 0.0007571913
0, 0.0008852303, 0.00069101964, 0.00052650983, 0.0004668813, 0.00037427645, 0.0002991091, 0.00026459733, 0.00019954437, 0.00013991403, 8.643858e-05, 6.216722e-05, 1.8178902e-05, -2.0492653e-05, -3.819665e-05, -7.054549e-05, -9.9130935e-05, -0.00012384451, -0.00013455356, -0.00015180508, -0.0001629388, -0.00016618837, -0.00016853589, -0.00016661546, -0.00016446256, -0.00015837708, -0.00015037468, -0.00014051647, -0.00013494943, -0.0001223298, -0.00010726653, -9.87999e-05, -7.981165e-05, -5.818553e-05, -3.3795714e-05, -2.0392146e-05, 8.778954e-06, 4.0647068e-05, 5.729651e-05, 9.120566e-05, 0.00012509045, 0.00014177022, 0.00017401097, 0.00020423741, 0.00023217365, 0.000245092, 0.0002686698, 0.00028915636, 0.00029813815, 0.00031356304, 0.0003255124, 0.0003341042, 0.00033703932, 0.00034000826, 0.00033852182, 0.00033584898, 0.00032624713, 0.00031096808, 0.00030126926, 0.0002784014, 0.00025106347, 0.00021946139, 0.00020214172, 0.00016489952, 0.00012519046, 0.00010468683, 6.2825995e-05, 1.9879846e-05, -2.4064591e-05, -4.638975e-05, -9.10615e-05, -0.00013574003, -0.00015788962, -0.00020198249, -0.00024611334, -0.00029043312, -0.00031260023, -0.00035702728, -0.00040174756, -0.00042426313, -0.00046982558, -0.0005158536, -0.0005387322, -0.00058338733, -0.0006259984, -0.0006662418, -0.00068550557, -0.00072246545, -0.00075725804, -0.0007735949, -0.00080384495, -0.0008304151, -0.00085317006, -0.000863089, -0.0008801628, -0.00089350494, -0.00089870027, -0.0009064725, -0.0009111392, -0.0009124703, -0.0009133698, -0.00091172924, -0.0009069134, -0.0009030716, -0.00089234725, -0.000877595, -0.0008687295, -0.0008483675, -0.00082462793, -0.00079803204, -0.00078371045, -0.00075307785, -0.0007199718, -0.00070248195, -0.0006655729, -0.0006261666, -0.0006054998, -0.0005623323, -0.0005165681, -0.00046835255, -0.0004434246, -0.00039255, -0.0003409191, -0.00031513008, -0.00026391345, -0.0002134475, -0.00016371266, -0.00013908985, -9.008523e-05, -4.1363004e-05, -1.717597e-05, 3.072528e-05, 7.736829e-05, 0.00010000717, 0.0001436041, 0.00018480323, 0.00022428588, 0.00024365955, 0.0002823324, 0.0003213989, 0.0003411833, 0.00038096748, 0.00042031813, 0.00045818897, 0.00047636888, 0.00051179534, 0.00055024464, 0.0005740315, 0.0006438979, 0.0007583349
0, 0.0010431457, 0.0007482301, 0.00057446095, 0.0005190084, 0.00043880715, 0.00037714787, 0.00034936424, 0.0002974416, 0.00024996186, 0.00020740484, 0.00018796785, 0.0001523658, 0.00012028104, 0.000105342806, 7.7354016e-05, 5.1895608e-05, 2.9332776e-05, 1.9444136e-05, 3.156173e-06, -7.837416e-06, -1.133888e-05, -1.5176769e-05, -1.5743242e-05, -1.5246698e-05, -1.3161399e-05, -9.973788e-06, -5.600142e-06, -2.9026994e-06, 3.5785508e-06, 1.1907978e-05, 1.6789949e-05, 2.7890308e-05, 4.0920055e-05, 5.6247238e-05, 6.500399e-05, 8.485111e-05, 0.00010759083, 0.00011981538, 0.00014523178, 0.00017102476, 0.00018372954, 0.00020782491, 0.00022955939, 0.00024811144, 0.00025610006, 0.00026935973, 0.00027925512, 0.00028296883, 0.00028794512, 0.0002899134, 0.00028936873, 0.0002882023, 0.00028414495, 0.00027737336, 0.00027268313, 0.00026034273, 0.00024395729, 0.00023425637, 0.00021248433, 0.00018712817, 0.00015826566, 0.00014260982, 0.000109061606, 7.335169e-05, 5.4915297e-05, 1.709304e-05, -2.190944e-05, -6.216218e-05, -8.2623126e-05, -0.00012352386, -0.00016386255, -0.00018363021, -0.00022232489, -0.0002602003, -0.00029742124, -0.00031569254, -0.0003516494, -0.00038697815, -0.00040456894, -0.0004396285, -0.00047443932, -0.000491508, -0.0005244404, -0.0005552491, -0.00058403594, -0.0005977796, -0.0006242066, -0.0006491264, -0.00066097075, -0.0006829969, -0.0007029232, -0.0007205341, -0.0007284606, -0.00074228947, -0.00075314986, -0.00075731904, -0.00076324237, -0.0007664811, -0.0007672071, -0.00076719053, -0.00076515117, -0.0007607464, -0.0007574899, -0.000748711, -0.000736884, -0.00072991167, -0.00071387476, -0.00069502305, -0.0006733808, -0.0006614104, -0.0006350765, -0.0006055965, -0.0005897438, -0.0005561063, -0.00051998836, -0.00050112105, -0.00046174685, -0.00042035218, -0.00037708235, -0.0003549216, -0.0003096734, -0.0002637914, -0.00024088439, -0.00019544932, -0.00015078092, -0.000106734864, -8.489924e-05, -4.128868e-05, 2.2326626e-06, 2.3865474e-05, 6.664356e-05, 0.000108260596, 0.0001283778, 0.00016699056, 0.00020361086, 0.0002388037, 0.00025622087, 0.0002912961, 0.00032717208, 0.00034548438, 0.0003826205, 0.00041978044, 0.00045622932, 0.00047402552, 0.0005094273, 0.00054849946, 0.00057264837, 0.0006431107, 0.0007577782
0, 0, 0.0007550389, 0.0006378495, 0.00059510866, 0.0005340207, 0.0004893185, 0.0004695859, 0.00043318304, 0.00040037304, 0.00037107614, 0.0003577587, 0.00033326886, 0.00031087108, 0.00030013506, 0.00027917378, 0.00025884135, 0.00023925226, 0.00023010797, 0.00021350928, 0.00020006478, 0.00019453526, 0.00018537935, 0.00017825533, 0.00017513405, 0.00016964437, 0.00016504934, 0.00016158016, 0.0001603586, 0.00015880905, 0.00015845789, 0.00015870816, 0.00015998806, 0.00016203936, 0.00016520426, 0.00016745506, 0.0001736644, 0.00018240366, 0.00018762644, 0.00019944253, 0.00021242014, 0.00021907128, 0.00023179154, 0.00024276416, 0.00025090415, 0.0002538137, 0.0002570618, 0.0002569973, 0.0002557348, 0.0002508465, 0.00024306032, 0.00023274854, 0.00022684125, 0.00021386272, 0.00019919581, 0.0001911399, 0.00017335698, 0.00015347345, 0.00014291893, 0.00012080575, 9.7257674e-05, 7.2118826e-05, 5.8914928e-05, 3.131438e-05, 2.3141868e-06, -1.2578502e-05, -4.328613e-05, -7.568061e-05, -0.00010993335, -0.00012754987, -0.00016303806, -0.0001980221, -0.0002150333, -0.0002480601, -0.00027983298, -0.0003104302, -0.00032517978, -0.00035346474, -0.00038031983, -0.00039330273, -0.00041846937, -0.00044244807, -0.0004538111, -0.00047486543, -0.0004935972, -0.00051026803, -0.000518028, -0.0005324993, -0.000545738, -0.0005519517, -0.00056336675, -0.000573745, -0.0005832365, -0.0005876174, -0.00059537904, -0.000601397, -0.0006036228, -0.0006066962, -0.0006080266, -0.0006081679, -0.00060759013, -0.0006058175, -0.0006026979, -0.00060048484, -0.0005945972, -0.0005866193, -0.0005818185, -0.0005706078, -0.00055709115, -0.00054067874, -0.00053121976, -0.0005096045, -0.00048441338, -0.00047051525, -0.00044075184, -0.0004087242, -0.00039197222, -0.00035712583, -0.0003208834, -0.00028339692, -0.00026421878, -0.00022507209, -0.00018530429, -0.00016534782, -0.0001256548, -8.63621e-05, -4.7447185e-05, -2.8051227e-05, 1.076407e-05, 4.949072e-05, 6.8735215e-05, 0.00010639483, 0.00014263709, 0.0001601315, 0.00019346912, 0.00022510314, 0.00025577316, 0.00027100983, 0.00030192256, 0.00033389984, 0.00035032, 0.0003839764, 0.00041821238, 0.00045244044, 0.00046953012, 0.0005043095, 0.0005434046, 0.00056777446, 0.00063874264, 0.00075374485
0, 0, 0.0008783154, 0.0007499231, 0.0007075197, 0.0006551278, 0.00062428555, 0.0006121709, 0.0005911132, 0.0005728842, 0.0005571799, 0.00055025285, 0.00053793966, 0.00052681443, 0.0005213644, 0.000509624, 0.0004964073, 0.00048159502, 0.0004735764, 0.0004570527, 0.00044042748, 0.00043215835, 0.00041593917, 0.00040011617, 0.00039239065, 0.00037747636, 0.00036365908, 0.00035108635, 0.00034533624, 0.00033462758, 0.00032467375, 0.00031989842, 0.00031038743, 0.00030057368, 0.0002904913, 0.00028560794, 0.0002765129, 0.0002688622, 0.00026578258, 0.00026080303, 0.0002575218, 0.00025634005, 0.00025424504, 0.00025165526, 0.00024737106, 0.0002445294, 0.0002372049, 0.0002275819, 0.00022189846, 0.00020863763, 0.00019296924, 0.00017480728, 0.00016498835, 0.0001442212, 0.00012210992, 0.000110462555, 8.64457e-05, 6.169123e-05, 4.9334827e-05, 2.5206687e-05, 1.931484e-06, -2.0686508e-05, -3.1892916e-05, -5.4152933e-05, -7.636387e-05, -8.756818e-05, -0.00011059341, -0.0001352184, -0.00016160484, -0.00017536733, -0.00020319693, -0.00023045515, -0.00024361636, -0.00026898258, -0.0002932054, -0.00031617016, -0.0003270827, -0.00034760855, -0.0003662633, -0.0003750528, -0.0003913165, -0.0004059806, -0.00041257733, -0.00042388766, -0.00043281965, -0.00043969706, -0.0004424778, -0.00044703583, -0.00045025177, -0.00045138292, -0.00045299696, -0.00045390442, -0.00045462316, -0.0004549594, -0.00045535355, -0.0004552224, -0.0004549931, -0.00045400334, -0.00045260973, -0.00045183947, -0.0004502817, -0.0004486719, -0.0004467225, -0.00044547993, -0.00044225398, -0.0004378592, -0.00043508655, -0.0004286375, -0.00042041694, -0.00040970315, -0.00040316515, -0.00038743461, -0.0003679705, -0.00035702018, -0.00033303947, -0.00030667792, -0.00029280124, -0.00026393597, -0.00023395522, -0.00020319187, -0.00018734523, -0.00015491383, -0.00012162033, -0.0001048145, -7.100711e-05, -3.716708e-05, -3.3128385e-06, 1.372516e-05, 4.7917478e-05, 8.196833e-05, 9.880176e-05, 0.00013162801, 0.0001629819, 0.000178095, 0.00020710762, 0.00023474265, 0.00026175773, 0.00027529686, 0.00030294876, 0.00033179723, 0.00034677974, 0.00037773108, 0.00040975303, 0.00044254752, 0.00045916098, 0.0004935441, 0.0005329854, 0.0005577698, 0.00062979193, 0.00074552477
0, 0, 0.0010739538, 0.00088781887, 0.0008342486, 0.00078071374, 0.0007609751, 0.0007558279, 0.00074880716, 0.0007438479, 0.00074035814, 0.00073929376, 0.0007383244, 0.0007380838, 0.00073784275, 0.00073592947, 0.00073087646, 0.00072197494, 0.00071605, 0.0007011089, 0.00068280875, 0.00067257776, 0.0006506047, 0.00062739186, 0.00061559485, 0.00059219555, 0.0005696885, 0.00054830016, 0.00053806335, 0.0005180372, 0.0004981939, 0.00048823343, 0.00046774908, 0.00044633515, 0.00042351877, 0.0004117413, 0.0003880091, 0.0003646028, 0.00035330706, 0.00033158794, 0.00031121573, 0.00030156257, 0.00028281205, 0.00026434258, 0.00024567448, 0.00023615429, 0.00021674343, 0.00019700997, 0.00018698932, 0.00016612672, 0.00014413595, 0.000120647215, 0.00010845687, 8.292664e-05, 5.605068e-05, 4.2136686e-05, 1.363969e-05, -1.5050188e-05, -2.9084458e-05, -5.5771718e-05, -8.009875e-05, -0.000102277394, -0.000112568516, -0.00013182136, -0.00014956764, -0.0001580956, -0.0001750103, -0.00019245478, -0.00021072193, -0.00022003471, -0.00023854096, -0.00025618335, -0.00026445393, -0.00028023706, -0.00029503446, -0.00030883125, -0.00031526948, -0.00032689958, -0.0003368253, -0.00034119276, -0.00034877696, -0.0003546569, -0.0003569147, -0.00035997407, -0.00036109393, -0.0003606814, -0.00035997658, -0.00035759778, -0.00035395357, -0.00035163673, -0.00034630392, -0.0003404353, -0.00033452237, -0.00033168908, -0.0003262542, -0.0003211114, -0.00031872356, -0.000314121, -0.00031001988, -0.0003082551, -0.00030526542, -0.00030306622, -0.00030127075, -0.00030038063, -0.00029847657, -0.00029614547, -0.00029487594, -0.00029192987, -0.00028826902, -0.0002829355, -0.0002793764, -0.00027000526, -0.00025742812, -0.00024997897, -0.0002330362, -0.00021371552, -0.00020330088, -0.00018153014, -0.00015866898, -0.0001349975, -0.00012283844, -9.767953e-05, -7.149416e-05, -5.8109345e-05, -3.093429e-05, -3.2125597e-06, 2.4958108e-05, 3.9252165e-05, 6.8222e-05, 9.719675e-05, 0.000111538284, 0.00013964628, 0.00016674295, 0.00017984567, 0.00020535226, 0.00023015626, 0.00025467432, 0.000267128, 0.00029281634, 0.00032003532, 0.0003343308, 0.0003641542, 0.0003955207, 0.00042809974, 0.00044482597, 0.0004796162, 0.00052007026, 0.00054557016, 0.00061930146, 0.0007363438
0, 0, 0.0012562594, 0.0009910382, 0.00093208865, 0.00088661775, 0.0008814083, 0.0008835614, 0.0008902365, 0.00089725154, 0.00090441987, 0.00090828096, 0.0009168833, 0.0009257225, 0.0009297576, 0.0009358898, 0.0009380069, 0.000934714, 0.0009308446, 0.00091849925, 0.0009005677, 0.0008897557, 0.0008652124, 0.0008381298, 0.00082400214, 0.0007953288, 0.00076643674, 0.00073768257, 0.0007233259, 0.0006943452, 0.0006648329, 0.0006496763, 0.0006184939, 0.0005859214, 0.00055149826, 0.00053366605, 0.00049727404, 0.0004604849, 0.0004421529, 0.00040599267, 0.00037039255, 0.0003528956, 0.00031838357, 0.00028445924, 0.0002512587, 0.0002348999, 0.00020318553, 0.00017296855, 0.0001583862, 0.00013013768, 0.00010251797, 7.517833e-05, 6.143828e-05, 3.3553624e-05, 4.865321e-06, -9.773352e-06, -3.9674876e-05, -6.957517e-05, -8.4165e-05, -0.00011190422, -0.00013697875, -0.00015939564, -0.0001695187, -0.00018775642, -0.00020351063, -0.00021066281, -0.0002237078, -0.0002356253, -0.00024667947, -0.00025180538, -0.00026098112, -0.00026864195, -0.00027194887, -0.00027769693, -0.00028267634, -0.0002866911, -0.0002883066, -0.00029053714, -0.00029126648, -0.00029103603, -0.00028953244, -0.00028647293, -0.00028445723, -0.00027941365, -0.00027329597, -0.00026656635, -0.00026302002, -0.00025552756, -0.00024728134, -0.00024286531, -0.00023356453, -0.00022406592, -0.00021484797, -0.00021049772, -0.00020241414, -0.0001949721, -0.00019155885, -0.00018551359, -0.0001802349, -0.00017790859, -0.00017411567, -0.00017131167, -0.00016911776, -0.00016815933, -0.00016651099, -0.00016497973, -0.00016431711, -0.00016343432, -0.0001628643, -0.00016183357, -0.00016076161, -0.00015702669, -0.00015063738, -0.00014646263, -0.00013622294, -0.00012372613, -0.00011676798, -0.00010168335, -8.5513166e-05, -6.843796e-05, -5.9642272e-05, -4.138099e-05, -2.2291646e-05, -1.2360719e-05, 8.014304e-06, 2.9148252e-05, 5.1199448e-05, 6.249324e-05, 8.5552376e-05, 0.00010897206, 0.00012073534, 0.00014402058, 0.00016682937, 0.00017808125, 0.00020032837, 0.00022256126, 0.0002453146, 0.00025707728, 0.00028184216, 0.00030852648, 0.00032267175, 0.00035255364, 0.00038426532, 0.0004175073, 0.0004346275, 0.0004704089, 0.0005120285, 0.0005382517, 0.00061357924, 0.0007318936
0, 0, 0.0011318069, 0.0010253713, 0.0009919585, 0.00097280956, 0.000984442, 0.0009936763, 0.0010127393, 0.001030357, 0.0010467818, 0.0010549088, 0.0010712503, 0.0010868664, 0.0010939748, 0.0011054589, 0.001111766, 0.0011116974, 0.0011089962, 0.0010981265, 0.0010807606, 0.0010700098, 0.0010453457, 0.0010176281, 0.0010029335, 0.00097216084, 0.00093961845, 0.00090529065, 0.00088744325, 0.0008503511, 0.0008113942, 0.00079125835, 0.000749815, 0.0007066964, 0.00066181715, 0.00063880876, 0.000592111, 0.00054485386, 0.00052117533, 0.0004739321, 0.00042674292, 0.00040321436, 0.00035637547, 0.00031030862, 0.00026541643, 0.00024361718, 0.00020185547, 0.00016292732, 0.00014452534, 0.00010960732, 7.681917e-05, 4.5762787e-05, 3.064378e-05, 9.01024e-07, -2.8482189e-05, -4.3088632e-05, -7.219174e-05, -0.00010074115, -0.00011457759, -0.00014070015, -0.00016438823, -0.00018562979, -0.00019524507, -0.00021240824, -0.00022689755, -0.00023312993, -0.00024362464, -0.00025144542, -0.00025668895, -0.0002583586, -0.00025964517, -0.00025888372, -0.00025792888, -0.00025512074, -0.00025156248, -0.00024712033, -0.00024440774, -0.00023813744, -0.0002303025, -0.00022585163, -0.0002158348, -0.00020438537, -0.00019822268, -0.00018525626, -0.0001719308, -0.00015894794, -0.00015273181, -0.0001406237, -0.00012887393, -0.00012294133, -0.000111379966, -0.00010037649, -9.032961e-05, -8.5788335e-05, -7.77168e-05, -7.0688926e-05, -6.7611996e-05, -6.220966e-05, -5.7795613e-05, -5.594944e-05, -5.286916e-05, -5.043871e-05, -4.864017e-05, -4.7831607e-05, -4.6657355e-05, -4.5872668e-05, -4.574301e-05, -4.6414854e-05, -4.81017e-05, -5.015345e-05, -5.0953968e-05, -5.1411644e-05, -4.9706152e-05, -4.7938658e-05, -4.2776257e-05, -3.55581e-05, -3.1332944e-05, -2.1563861e-05, -1.0560423e-05, 1.325935e-06, 7.4690965e-06, 2.0236937e-05, 3.356587e-05, 4.0518975e-05, 5.5072465e-05, 7.044895e-05, 8.676189e-05, 9.521035e-05, 0.000112599184, 0.00013071907, 0.00013993657, 0.00015849227, 0.0001770874, 0.00018645654, 0.00020547821, 0.00022529447, 0.0002465897, 0.0002579239, 0.00028220814, 0.00030886638, 0.0003230742, 0.00035321125, 0.0003853549, 0.00041909807, 0.0004365008, 0.00047297278, 0.00051520695, 0.00054171466, 0.0006175358, 0.0007362054
0, 0, 0.0012655141, 0.001127906, 0.0010859994, 0.0010620268, 0.0010783265, 0.0010916247, 0.0011194459, 0.0011458272, 0.0011704194, 0.0011822121, 0.0012048478, 0.0012254707, 0.0012345068, 0.0012486437, 0.0012562356, 0.0012562477, 0.0012531889, 0.0012413729, 0.0012230008, 0.0012118166, 0.0011867507, 0.0011589705, 0.0011441796, 0.0011126242, 0.0010780292, 0.0010396494, 0.0010189984, 0.0009749585, 0.00092769065, 0.00090302853, 0.0008522044, 0.00079976086, 0.00074599823, 0.00071881054, 0.00066417304, 0.0006094787, 0.0005821709, 0.00052770425, 0.00047318975, 0.00044601224, 0.0003918542, 0.00033858506, 0.00028710673, 0.00026237938, 0.00021510059, 0.00017144582, 0.00015080701, 0.000111768335, 7.5076474e-05, 4.0367246e-05, 2.3615466e-05, -8.521929e-06, -3.9010167e-05, -5.367602e-05, -8.174974e-05, -0.00010777941, -0.00011994938, -0.0001425306, -0.00016264433, -0.00018039225, -0.00018844087, -0.00020264402, -0.00021438932, -0.00021928581, -0.00022674505, -0.00023072373, -0.0002310079, -0.00022984251, -0.00022518684, -0.00021830779, -0.00021432883, -0.00020569218, -0.00019630161, -0.00018582595, -0.0001799979, -0.00016722313, -0.00015284338, -0.00014505227, -0.00012822975, -0.00011000338, -0.00010042766, -8.082469e-05, -6.1490544e-05, -4.3344182e-05, -3.485019e-05, -1.9034227e-05, -4.477848e-06, 2.4391745e-06, 1.54654e-05, 2.7046852e-05, 3.676108e-05, 4.091486e-05, 4.7819736e-05, 5.309658e-05, 5.5224344e-05, 5.8560174e-05, 6.088251e-05, 6.164813e-05, 6.28147e-05, 6.3460015e-05, 6.358772e-05, 6.342821e-05, 6.283346e-05, 6.152045e-05, 6.050439e-05, 5.7530804e-05, 5.3306572e-05, 4.8481677e-05, 4.6198715e-05, 4.2540774e-05, 4.083923e-05, 4.086904e-05, 4.238627e-05, 4.5725308e-05, 4.8009384e-05, 5.370851e-05, 6.072985e-05, 6.8559944e-05, 7.2717645e-05, 8.1260885e-05, 9.025873e-05, 9.4984214e-05, 0.00010509168, 0.00011604882, 0.0001278838, 0.00013408912, 0.00014719926, 0.00016109143, 0.00016828829, 0.00018307663, 0.00019834981, 0.00020619512, 0.00022273579, 0.00024079112, 0.00026103598, 0.0002720939, 0.0002962102, 0.00032291218, 0.00033716837, 0.00036736802, 0.00039959542, 0.00043328636, 0.000450688, 0.00048695973, 0.0005289132, 0.0005551223, 0.00063013606, 0.00074827566
0, 0, 0.0015194356, 0.0012789818, 0.0012008456, 0.0011445016, 0.0011564812, 0.0011716583, 0.0012062265, 0.0012401284, 0.0012716156, 0.0012863493, 0.001314018, 0.0013380252, 0.0013481299, 0.0013632249, 0.0013703979, 0.0013687428, 0.0013645606, 0.0013499571, 0.0013288194, 0.0013164364, 0.0012890274, 0.0012593903, 0.0012437527, 0.0012104368, 0.0011736052, 0.0011320869, 0.0011093637, 0.0010601854, 0.0010066316, 0.0009785781, 0.0009207214, 0.0008612708, 0.00080131966, 0.0007714106, 0.00071190373, 0.0006531112, 0.0006240362, 0.000566124, 0.00050858123, 0.00048002737, 0.00042329222, 0.0003679613, 0.00031519818, 0.0002900346, 0.00024237896, 0.00019828096, 0.0001773821, 0.00013742398, 9.91765e-05, 6.232162e-05, 4.4412867e-05, 1.0063653e-05, -2.1807991e-05, -3.662242e-05, -6.3767104e-05, -8.742517e-05, -9.785552e-05, -0.000116516596, -0.00013220367, -0.0001453337, -0.00015098894, -0.00016049581, -0.00016772634, -0.00017031854, -0.00017330743, -0.00017265695, -0.00016824352, -0.00016470607, -0.00015555345, -0.00014464936, -0.00013878293, -0.00012676977, -0.00011399189, -9.988817e-05, -9.213876e-05, -7.520992e-05, -5.6510795e-05, -4.6516205e-05, -2.5395408e-05, -2.9475439e-06, 8.6153095e-06, 3.206328e-05, 5.473975e-05, 7.568829e-05, 8.533218e-05, 0.00010299446, 0.00011891341, 0.00012627609, 0.00013986648, 0.0001514259, 0.0001604161, 0.0001640343, 0.0001695458, 0.0001729636, 0.00017410162, 0.0001752628, 0.0001752253, 0.00017487418, 0.00017375697, 0.00017201829, 0.0001695519, 0.0001680211, 0.00016433929, 0.00015964922, 0.00015685211, 0.00015050902, 0.00014309872, 0.0001353413, 0.00013163537, 0.00012510455, 0.00012041548, 0.00011878682, 0.00011692773, 0.000116670795, 0.000117060124, 0.00011884543, 0.00012177673, 0.00012550657, 0.00012759853, 0.00013206816, 0.0001371166, 0.00013992164, 0.00014627623, 0.00015371975, 0.00016236266, 0.0001671161, 0.00017748555, 0.00018886809, 0.0001949392, 0.00020777558, 0.00022129889, 0.00022844593, 0.0002437425, 0.00026099166, 0.00028076782, 0.00029168077, 0.00031568215, 0.00034236084, 0.00035659486, 0.00038673636, 0.00041875118, 0.00045208386, 0.00046917863, 0.00050478545, 0.0005457769, 0.0005713966, 0.0006451745, 0.0007625958
0, 0, 0.0018557779, 0.0013672108, 0.0012539997, 0.0011821566, 0.0011997332, 0.0012191858, 0.0012618486, 0.0013022904, 0.0013387247, 0.0013554943, 0.0013858983, 0.0014114055, 0.0014218724, 0.0014371392, 0.0014438301, 0.0014409546, 0.0014358808, 0.0014192311, 0.0013952784, 0.0013813156, 0.0013505685, 0.0013172999, 0.0012998867, 0.0012632573, 0.0012233473, 0.0011790453, 0.0011549472, 0.0011026735, 0.0010457712, 0.0010158839, 0.00095459825, 0.0008922903, 0.00083030696, 0.00079970644, 0.0007393641, 0.0006803323, 0.0006511807, 0.000593515, 0.00053665356, 0.000508532, 0.00045322644, 0.00039986265, 0.00034948817, 0.0003256726, 0.00028087955, 0.00023948515, 0.00021974975, 0.00018172852, 0.00014477922, 0.00010856878, 9.083537e-05, 5.6736062e-05, 2.5433128e-05, 1.1094462e-05, -1.4395379e-05, -3.5583475e-05, -4.4608987e-05, -5.9918166e-05, -7.18961e-05, -8.084949e-05, -8.427751e-05, -8.90883e-05, -9.138709e-05, -9.148975e-05, -8.95347e-05, -8.416713e-05, -7.557909e-05, -7.00963e-05, -5.753882e-05, -4.390549e-05, -3.690921e-05, -2.2759485e-05, -7.870248e-06, 8.615965e-06, 1.7690869e-05, 3.7260426e-05, 5.85694e-05, 6.9667236e-05, 9.247153e-05, 0.000116070005, 0.00012798813, 0.00015173666, 0.00017432912, 0.0001948437, 0.00020418325, 0.00022139022, 0.0002368378, 0.00024394592, 0.0002570095, 0.00026777523, 0.0002758252, 0.0002787997, 0.00028283146, 0.00028471736, 0.0002849361, 0.00028426724, 0.00028229915, 0.000281002, 0.0002778305, 0.0002737886, 0.00026892053, 0.0002659904, 0.00025920908, 0.00025113532, 0.00024668104, 0.00023691184, 0.00022655155, 0.00021611628, 0.00021107789, 0.0002018639, 0.00019408234, 0.0001907171, 0.00018507286, 0.00018073973, 0.00017897219, 0.00017618392, 0.00017419226, 0.00017295494, 0.00017262, 0.0001725509, 0.00017336707, 0.00017420371, 0.0001768534, 0.00018115767, 0.0001874115, 0.0001911962, 0.00020008595, 0.00021047238, 0.00021614853, 0.00022830642, 0.0002414347, 0.00024842823, 0.00026340643, 0.0002802755, 0.00029965446, 0.00031038863, 0.00033394757, 0.00036026683, 0.00037436295, 0.00040415337, 0.00043564485, 0.00046827024, 0.00048492773, 0.00051959214, 0.0005594849, 0.00058454706, 0.0006573303, 0.00077464135
0, 0, 0, 0.0012333771, 0.0011887683, 0.001169876, 0.0012070484, 0.0012320024, 0.0012814905, 0.0013250946, 0.0013625107, 0.0013793048, 0.0014091983, 0.0014338834, 0.0014440068, 0.0014591235, 0.0014660251, 0.0014635583, 0.0014586829, 0.0014419468, 0.0014171303, 0.0014023831, 0.0013694874, 0.0013332202, 0.001314171, 0.0012742087, 0.0012315045, 0.0011850521, 0.0011601434, 0.0011068982, 0.0010493909, 0.0010194662, 0.0009586911, 0.0008980253, 0.00083864643, 0.0008095774, 0.0007526548, 0.00069718773, 0.0006698287, 0.00061574904, 0.00056253024, 0.0005363678, 0.00048530605, 0.00043636758, 0.00039044226, 0.0003687615, 0.000328239, 0.0002907573, 0.0002730024, 0.00023887663, 0.00020583348, 0.00017349386, 0.00015772725, 0.000127619, 0.00010020491, 8.786823e-05, 6.612733e-05, 4.8380894e-05, 4.090827e-05, 2.864973e-05, 1.965637e-05, 1.3673201e-05, 1.1784614e-05, 1.0231216e-05, 1.154338e-05, 1.3186531e-05, 1.8488838e-05, 2.6591224e-05, 3.759522e-05, 4.3967324e-05, 5.8101497e-05, 7.3264826e-05, 8.101337e-05, 9.678045e-05, 0.00011345955, 0.00013188338, 0.00014191263, 0.00016325744, 0.00018573875, 0.0001971092, 0.00021965298, 0.00024180593, 0.00025264866, 0.00027365942, 0.00029312915, 0.00031049328, 0.00031836398, 0.00033286857, 0.0003461886, 0.00035238723, 0.00036373807, 0.00037295168, 0.00037946197, 0.00038161612, 0.00038403017, 0.00038421832, 0.0003836562, 0.00038134918, 0.00037785457, 0.0003757254, 0.00037079063, 0.00036515138, 0.00035844336, 0.0003546147, 0.0003458753, 0.00033574956, 0.00033023406, 0.0003186154, 0.00030655588, 0.0002945854, 0.00028865706, 0.00027732982, 0.000266718, 0.00026174058, 0.00025238734, 0.00024383959, 0.00023989039, 0.00023242546, 0.00022567247, 0.000219776, 0.00021724391, 0.00021315612, 0.00021033126, 0.00020950656, 0.00020923022, 0.00021125028, 0.00021581334, 0.000219073, 0.00022721321, 0.00023716612, 0.0002426254, 0.00025437094, 0.0002671362, 0.00027384757, 0.00028824797, 0.0003043376, 0.00032262903, 0.00033277142, 0.00035514773, 0.00038029283, 0.00039384348, 0.00042248456, 0.00045273209, 0.00048395887, 0.0004998931, 0.00053300586, 0.00057145295, 0.00059587817, 0.0006678188, 0.0007854903
0, 0, 0, 0.001236235, 0.0011888954, 0.0011683395, 0.0012040584, 0.0012280965, 0.0012745891, 0.0013140835, 0.0013468385, 0.0013612458, 0.001386657, 0.0014080042, 0.0014170713, 0.0014312005, 0.0014387686, 0.0014377026, 0.0014336765, 0.0014184602, 0.0013949047, 0.0013806546, 0.0013480952, 0.0013116136, 0.0012922069, 0.0012513181, 0.0012078547, 0.001160958, 0.0011362301, 0.0010837123, 0.0010279863, 0.0009994947, 0.00094233913, 0.00088657206, 0.0008331623, 0.00080734934, 0.00075701973, 0.00070814014, 0.00068406627, 0.00063654524, 0.0005899107, 0.00056699663, 0.0005223462, 0.00047946468, 0.00043897604, 0.00041985212, 0.00038389023, 0.00035101795, 0.00033563445, 0.00030669663, 0.0002796572, 0.00025401023, 0.00024171326, 0.00021882728, 0.0001984152, 0.00018939367, 0.0001736504, 0.00016100304, 0.00015571885, 0.00014702966, 0.00014091992, 0.00013726909, 0.00013644702, 0.00013674222, 0.00013955767, 0.00014178391, 0.00014764929, 0.00015558332, 0.00016565651, 0.0001715238, 0.00018459966, 0.0001990592, 0.00020667264, 0.00022277754, 0.00024023803, 0.00025949508, 0.00026981934, 0.00029148062, 0.00031346484, 0.00032422296, 0.00034484267, 0.00036387081, 0.00037283628, 0.0003894431, 0.0004042867, 0.00041719218, 0.00042302717, 0.0004337357, 0.00044368068, 0.00044837382, 0.00045684865, 0.00046346927, 0.00046758133, 0.00046865587, 0.00046903535, 0.00046720487, 0.00046567523, 0.0004616576, 0.00045648764, 0.00045353352, 0.0004471614, 0.0004402002, 0.00043243138, 0.00042821458, 0.0004188094, 0.00040825832, 0.0004026187, 0.00039081436, 0.00037864107, 0.00036631836, 0.00036016686, 0.00034773373, 0.00033520395, 0.00032904456, 0.00031694502, 0.0003054133, 0.00029987923, 0.0002894995, 0.00027997166, 0.0002717835, 0.00026822923, 0.00026258893, 0.00025870616, 0.00025741124, 0.00025646295, 0.0002580279, 0.00026227627, 0.0002653893, 0.00027331355, 0.0002827462, 0.00028791057, 0.0002987845, 0.000310341, 0.0003163753, 0.00032929445, 0.00034370093, 0.00036011563, 0.00036920022, 0.00038950273, 0.00041251947, 0.00042494977, 0.00045130315, 0.00047909832, 0.00050786947, 0.0005225619, 0.00055321277, 0.0005892072, 0.0006125098, 0.00068278855, 0.0008003857
0, 0, 0, 0.0013374336, 0.0012628789, 0.0011983246, 0.0012074333, 0.0012222808, 0.0012548736, 0.001283423, 0.0013067715, 0.0013169571, 0.0013352279, 0.0013512489, 0.0013584438, 0.0013701442, 0.0013768597, 0.0013763042, 0.0013728786, 0.0013591723, 0.0013376755, 0.0013245055, 0.0012943626, 0.0012603876, 0.0012422077, 0.0012039153, 0.0011626993, 0.0011182899, 0.0010949321, 0.0010456204, 0.0009938965, 0.000967697, 0.00091613975, 0.0008667902, 0.00082055636, 0.0007985705, 0.00075621705, 0.00071567285, 0.0006959911, 0.0006572874, 0.00061965437, 0.000601198, 0.00056511123, 0.0005300719, 0.0004965921, 0.00048054845, 0.0004502729, 0.0004229316, 0.00041050662, 0.00038800604, 0.0003683444, 0.00035101842, 0.00034311306, 0.00032903536, 0.00031718714, 0.00031212525, 0.00030375452, 0.00029727808, 0.0002946416, 0.00029035367, 0.00028747256, 0.00028608146, 0.0002860109, 0.00028717116, 0.0002898906, 0.0002916465, 0.00029603485, 0.0003013959, 0.0003080601, 0.0003119893, 0.00032128903, 0.00033240128, 0.00033854003, 0.00035214596, 0.0003675438, 0.00038469033, 0.00039381106, 0.00041260078, 0.0004312796, 0.0004402535, 0.00045693887, 0.00047164012, 0.0004782908, 0.00049016834, 0.00050028757, 0.00050886377, 0.0005126585, 0.000519403, 0.00052537484, 0.0005281114, 0.0005328275, 0.00053597597, 0.0005369473, 0.0005365602, 0.0005342184, 0.0005300964, 0.0005274513, 0.0005213372, 0.0005142279, 0.0005103838, 0.0005022981, 0.00049390737, 0.0004851235, 0.00048059598, 0.00047107614, 0.00046084475, 0.0004554505, 0.0004441984, 0.00043259904, 0.00042064552, 0.00041452295, 0.0004019664, 0.0003888199, 0.0003822038, 0.00036917027, 0.00035682437, 0.00035104156, 0.0003404798, 0.00033152406, 0.00032454185, 0.00032185967, 0.00031803938, 0.0003163669, 0.00031623663, 0.0003174351, 0.0003207873, 0.00032630278, 0.00032982204, 0.00033805976, 0.00034736475, 0.00035217602, 0.00036208972, 0.0003723504, 0.00037767025, 0.00038887915, 0.00040137998, 0.0004156305, 0.0004236033, 0.00044135295, 0.0004615744, 0.00047251343, 0.00049576326, 0.0005203477, 0.0005457934, 0.00055879896, 0.00058595324, 0.00061831507, 0.00063983817, 0.0007070641, 0.0008236358
0, 0, 0, 0.001504381, 0.0013752782, 0.0012366485, 0.0012083458, 0.001211481, 0.0012271719, 0.0012432771, 0.0012566788, 0.0012625522, 0.0012735348, 0.0012835838, 0.0012881438, 0.0012956003, 0.001299032, 0.0012965013, 0.001292424, 0.0012786203, 0.0012582217, 0.0012460261, 0.0012186026, 0.0011881952, 0.001172093, 0.0011383761, 0.0011023723, 0.0010634866, 0.0010429111, 0.0009996992, 0.00095456815, 0.0009318799, 0.00088743394, 0.0008454226, 0.0008066167, 0.00078841107, 0.0007541997, 0.0007224256, 0.00070737535, 0.0006787172, 0.00065152824, 0.0006383832, 0.0006128897, 0.0005881565, 0.0005640561, 0.0005523618, 0.00053024816, 0.00051058497, 0.00050185865, 0.00048709504, 0.000475608, 0.0004668678, 0.0004634285, 0.0004582262, 0.00045488705, 0.00045377613, 0.00045265627, 0.0004524141, 0.00045239896, 0.00045241043, 0.00045254064, 0.0004529547, 0.00045339763, 0.00045471807, 0.00045646564, 0.00045745217, 0.00045939445, 0.00046134306, 0.0004637617, 0.0004652479, 0.0004692004, 0.00047485402, 0.00047824485, 0.00048636692, 0.0004960903, 0.0005071367, 0.0005130194, 0.00052513194, 0.00053698313, 0.0005426527, 0.00055290654, 0.00056174624, 0.00056557835, 0.0005722337, 0.000577689, 0.00058199547, 0.0005837487, 0.0005864941, 0.0005883714, 0.00058899564, 0.00058945373, 0.0005886085, 0.00058616, 0.0005842552, 0.0005792105, 0.0005726828, 0.0005690237, 0.0005608075, 0.0005516872, 0.0005468531, 0.0005367702, 0.0005264036, 0.00051586714, 0.00051060447, 0.00050016516, 0.00048945623, 0.00048401358, 0.0004729299, 0.00046160503, 0.00045003602, 0.00044412527, 0.00043202896, 0.00041951513, 0.0004132764, 0.00040124834, 0.00039035527, 0.00038555573, 0.0003775847, 0.00037211654, 0.00036914245, 0.00036861643, 0.00036920936, 0.0003718578, 0.00037385552, 0.0003789973, 0.00038555698, 0.00039342992, 0.0003977745, 0.00040721422, 0.00041711377, 0.0004220781, 0.00043208725, 0.00044217566, 0.00044728402, 0.0004578873, 0.00046940692, 0.00048227428, 0.0004893751, 0.0005049808, 0.0005225725, 0.0005320711, 0.00055223546, 0.000573606, 0.000595517, 0.0006066437, 0.0006297607, 0.00065778196, 0.00067708106, 0.000740314, 0.0008552462
0, 0, 0, 0.0016560365, 0.001436927, 0.0012342038, 0.0011844621, 0.0011809273, 0.0011861396, 0.0011941394, 0.001200898, 0.001203901, 0.0012097051, 0.0012146294, 0.0012165209, 0.0012183175, 0.0012164182, 0.0012093555, 0.0012036102, 0.0011877927, 0.0011670658, 0.0011552449, 0.0011297065, 0.0011024898, 0.001088435, 0.001059899, 0.0010301305, 0.0009986178, 0.0009820071, 0.00094745134, 0.0009116704, 0.0008937897, 0.0008587178, 0.0008258943, 0.00079558406, 0.00078151934, 0.0007554888, 0.0007324533, 0.00072196656, 0.00070313987, 0.0006866683, 0.0006792123, 0.0006655953, 0.0006530414, 0.0006409925, 0.0006350868, 0.0006240092, 0.0006144574, 0.0006104833, 0.0006046427, 0.00060172944, 0.00060134655, 0.0006019752, 0.0006046173, 0.00060854683, 0.0006108295, 0.00061568373, 0.0006203302, 0.0006223522, 0.00062547805, 0.00062761514, 0.0006289029, 0.00062936684, 0.00063017634, 0.00063064496, 0.0006307079, 0.00063022505, 0.0006289638, 0.0006270531, 0.0006261031, 0.0006244947, 0.0006238546, 0.000623886, 0.0006248969, 0.00062681665, 0.0006293415, 0.0006307901, 0.00063367013, 0.0006364207, 0.0006376327, 0.00063956436, 0.00064079836, 0.000641143, 0.0006412227, 0.0006408141, 0.00063980074, 0.00063902297, 0.0006369461, 0.0006341433, 0.0006324031, 0.00062839815, 0.00062352745, 0.0006178417, 0.0006146675, 0.00060749025, 0.0005994229, 0.00059501553, 0.0005853835, 0.00057471474, 0.0005689867, 0.00055691943, 0.0005440476, 0.0005310716, 0.00052465673, 0.00051208015, 0.0004998597, 0.00049387786, 0.00048216412, 0.00047061685, 0.0004592952, 0.00045372167, 0.00044272386, 0.00043189057, 0.00042667505, 0.00041711377, 0.0004092927, 0.00040630775, 0.0004025761, 0.00040188525, 0.00040406123, 0.00040604713, 0.0004115608, 0.000418755, 0.00042281955, 0.00043182977, 0.0004415905, 0.0004519827, 0.0004573761, 0.00046844783, 0.00047993407, 0.00048574002, 0.0004973885, 0.00050893397, 0.0005147095, 0.0005263226, 0.0005384676, 0.00055135135, 0.0005581546, 0.0005726296, 0.00058841927, 0.00059680204, 0.0006144466, 0.00063279184, 0.0006513255, 0.00066052645, 0.00067942427, 0.00070276466, 0.0007196517, 0.0007786623, 0.0008918749
0, 0, 0, 0.0013702333, 0.0012976137, 0.0011748616, 0.0011311937, 0.001125888, 0.0011269823, 0.001131925, 0.0011365798, 0.001138714, 0.0011421995, 0.0011437553, 0.0011433164, 0.0011397185, 0.0011319765, 0.0011197706, 0.0011121093, 0.0010938251, 0.0010724259, 0.0010609193, 0.0010369051, 0.0010123603, 0.0010001634, 0.00097604154, 0.0009522395, 0.0009283804, 0.00091628876, 0.0008916789, 0.0008672069, 0.0008551097, 0.00083196245, 0.00081046816, 0.0007907484, 0.0007816098, 0.00076482637, 0.0007506391, 0.00074462604, 0.0007350994, 0.00072886865, 0.0007268694, 0.0007251903, 0.0007252661, 0.00072639773, 0.0007270764, 0.00072856987, 0.0007305193, 0.00073187915, 0.00073580246, 0.0007415525, 0.0007490106, 0.000753293, 0.0007624343, 0.00077195873, 0.0007766628, 0.0007855013, 0.00079302903, 0.0007960946, 0.00080057804, 0.0008031312, 0.0008040741, 0.00080409675, 0.0008036222, 0.00080247, 0.000801515, 0.00079855963, 0.0007939948, 0.0007880784, 0.00078474416, 0.0007777395, 0.0007709559, 0.0007677602, 0.00076171366, 0.00075611443, 0.000750526, 0.0007476683, 0.0007418357, 0.0007357959, 0.00073260174, 0.00072595105, 0.0007187386, 0.00071494357, 0.0007070299, 0.000699045, 0.00069097726, 0.0006870266, 0.0006789844, 0.000670454, 0.0006661282, 0.00065735687, 0.0006485397, 0.0006398382, 0.0006355521, 0.0006268511, 0.00061782816, 0.0006130429, 0.0006027342, 0.00059129816, 0.0005850142, 0.0005714223, 0.00055666926, 0.0005414222, 0.0005338908, 0.0005192015, 0.0005054202, 0.0004989109, 0.00048648572, 0.00047494474, 0.00046446692, 0.00045963912, 0.00045066985, 0.00044254752, 0.00043892453, 0.00043289145, 0.0004291358, 0.00042833117, 0.00042921354, 0.00043334262, 0.0004401971, 0.00044435836, 0.0004537997, 0.00046438686, 0.0004699678, 0.00048157814, 0.0004934906, 0.00050574966, 0.0005120494, 0.00052492775, 0.00053854863, 0.0005455293, 0.0005596568, 0.00057379855, 0.00058082724, 0.00059476885, 0.00060867023, 0.0006225996, 0.00062958547, 0.00064374495, 0.000658323, 0.00066578906, 0.00068105414, 0.0006962968, 0.00071107195, 0.0007181594, 0.00073235546, 0.00075053034, 0.00076474494, 0.0008191124, 0.0009307188
0, 0, 0, 0.0014488646, 0.0013330082, 0.0011428341, 0.001070489, 0.001059276, 0.0010559505, 0.0010607737, 0.0010662926, 0.0010687279, 0.0010718422, 0.0010712595, 0.0010692108, 0.0010615564, 0.0010495167, 0.0010337916, 0.0010250289, 0.001006013, 0.0009856531, 0.00097521, 0.000953845, 0.0009324288, 0.00092201214, 0.0009019113, 0.00088323606, 0.00086622534, 0.0008582674, 0.00084355194, 0.00083048525, 0.00082447636, 0.00081401016, 0.0008049548, 0.00079704396, 0.00079338375, 0.00078689697, 0.00078201067, 0.00078059075, 0.00078012253, 0.0007834143, 0.00078652846, 0.00079548144, 0.0008072121, 0.0008202107, 0.00082688296, 0.0008400479, 0.00085280294, 0.0008592308, 0.0008722929, 0.00088616204, 0.00090058695, 0.0009078895, 0.00092239166, 0.0009359055, 0.0009421038, 0.00095297786, 0.0009613172, 0.0009644396, 0.00096848764, 0.000969956, 0.00096942455, 0.00096854847, 0.00096604525, 0.00096244965, 0.0009601405, 0.0009542029, 0.00094612455, 0.0009360832, 0.00093046017, 0.0009184251, 0.0009061756, 0.00090015767, 0.00088839966, 0.0008769615, 0.0008654234, 0.0008595024, 0.0008472092, 0.00083439384, 0.0008277107, 0.00081385626, 0.0007989937, 0.00079122616, 0.00077524193, 0.0007592771, 0.00074378576, 0.0007362804, 0.00072180846, 0.00070762757, 0.0007006097, 0.00068711885, 0.0006743412, 0.0006625893, 0.00065705116, 0.00064656953, 0.0006363296, 0.0006311497, 0.00062028255, 0.0006084488, 0.00060197193, 0.00058785354, 0.0005724833, 0.00055645686, 0.0005485508, 0.0005333176, 0.00051927794, 0.0005128278, 0.00050105527, 0.0004909581, 0.0004825662, 0.0004790517, 0.00047330288, 0.00046910057, 0.00046760475, 0.0004660987, 0.00046714913, 0.00046876044, 0.00047434794, 0.0004828265, 0.0004934972, 0.0004993642, 0.0005116764, 0.0005245177, 0.00053097884, 0.00054405024, 0.00055734435, 0.0005708927, 0.00057789584, 0.0005924771, 0.00060796103, 0.0006160368, 0.00063259696, 0.00064927357, 0.000657478, 0.00067364756, 0.0006891546, 0.0007039336, 0.00071101624, 0.0007246858, 0.00073775457, 0.0007441357, 0.0007564251, 0.0007677959, 0.000777918, 0.00078241876, 0.00079090294, 0.0008028526, 0.00081388943, 0.00086260133, 0.00097203004
0, 0, 0, 0.0016948631, 0.0014198141, 0.0011063587, 0.0010079795, 0.0009936158, 0.0009904176, 0.0009975107, 0.0010050003, 0.0010077868, 0.0010103867, 0.0010079981, 0.0010047386, 0.0009944579, 0.0009805228, 0.0009645769, 0.00095635693, 0.0009398024, 0.000923514, 0.0009153002, 0.00089878135, 0.00088195305, 0.00087360444, 0.0008576166, 0.00084358, 0.0008322089, 0.0008277809, 0.0008213513, 0.0008179776, 0.000817318, 0.0008176833, 0.00081962335, 0.0008223134, 0.00082379027, 0.00082720444, 0.00083177746, 0.0008349045, 0.0008433073, 0.0008555227, 0.0008631747, 0.00088118267, 0.00090193126, 0.0009238552, 0.0009348713, 0.0009563157, 0.0009769382, 0.0009870079, 0.0010069432, 0.0010269289, 0.0010468506, 0.0010565429, 0.0010748748, 0.0010909252, 0.0010978894, 0.0011091836, 0.0011168383, 0.0011192737, 0.0011215942, 0.0011209412, 0.0011178947, 0.0011157087, 0.0011102984, 0.0011034348, 0.001099348, 0.0010897719, 0.0010779384, 0.0010638391, 0.0010561699, 0.0010397863, 0.0010230402, 0.0010148067, 0.0009988323, 0.000983375, 0.00096792553, 0.000960023, 0.0009434794, 0.0009259068, 0.0009167807, 0.00089745026, 0.0008766681, 0.0008658008, 0.00084351294, 0.00082122866, 0.00079975795, 0.0007894678, 0.0007699106, 0.0007513077, 0.00074224477, 0.0007249497, 0.0007086989, 0.00069379644, 0.0006869097, 0.00067394983, 0.0006618454, 0.000655917, 0.0006439617, 0.00063152314, 0.0006249796, 0.0006111532, 0.00059656496, 0.00058166374, 0.00057437934, 0.0005606568, 0.00054830586, 0.0005428452, 0.00053343066, 0.0005263129, 0.0005213625, 0.00051977247, 0.00051830744, 0.00051900605, 0.000520131, 0.00052403, 0.0005304393, 0.0005346364, 0.00054498075, 0.0005575747, 0.0005716769, 0.0005790316, 0.00059398485, 0.0006088892, 0.00061624724, 0.00063081505, 0.0006455189, 0.00066058687, 0.0006683167, 0.0006844522, 0.00070142193, 0.0007102061, 0.0007281125, 0.0007460911, 0.00075484056, 0.0007717288, 0.0007873938, 0.0008016932, 0.0008082662, 0.0008202617, 0.00083088607, 0.00083571544, 0.0008440985, 0.0008506428, 0.00085502514, 0.00085640064, 0.00085816154, 0.00086253945, 0.0008696893, 0.000911255, 0.0010174528
0, 0, 0, 0, 0.0011497678, 0.0010270183, 0.00096409454, 0.0009550588, 0.0009564871, 0.0009653902, 0.00097267586, 0.0009747078, 0.00097528915, 0.0009704835, 0.00096619857, 0.0009549884, 0.00094191916, 0.0009290283, 0.0009229399, 0.0009122193, 0.0009023894, 0.00089762063, 0.0008874723, 0.00087647216, 0.00087081804, 0.0008596805, 0.00085022446, 0.00084403215, 0.0008424212, 0.0008422315, 0.00084578956, 0.0008487396, 0.00085638516, 0.00086551916, 0.0008754143, 0.00088062213, 0.0008918385, 0.00090441376, 0.0009115449, 0.00092802884, 0.0009480936, 0.0009594253, 0.0009844063, 0.0010112235, 0.0010383124, 0.0010515486, 0.0010770067, 0.0011012098, 0.0011129369, 0.0011360819, 0.0011591282, 0.0011818202, 0.0011928547, 0.0012131201, 0.0012301299, 0.0012371918, 0.0012477537, 0.0012536908, 0.0012549274, 0.0012545844, 0.0012510135, 0.0012449999, 0.001241186, 0.0012323594, 0.0012218202, 0.0012157857, 0.001202337, 0.0011868877, 0.00116937, 0.0011599618, 0.00114014, 0.0011200166, 0.0011100981, 0.0010908997, 0.0010724993, 0.0010541772, 0.0010447764, 0.001025132, 0.0010040954, 0.0009930655, 0.00096983556, 0.0009450549, 0.000932224, 0.00090607005, 0.00088015996, 0.00085535634, 0.00084359915, 0.0008213442, 0.00080045394, 0.00079038896, 0.00077101635, 0.00075255433, 0.00073527446, 0.0007271075, 0.0007117092, 0.0006974703, 0.0006906755, 0.0006773148, 0.00066412875, 0.0006575971, 0.00064448523, 0.000631712, 0.00061937404, 0.00061345956, 0.000602643, 0.0005934507, 0.00058960664, 0.0005836618, 0.00058032, 0.00057948736, 0.00058003806, 0.00058311265, 0.0005887002, 0.00059245777, 0.0006018121, 0.0006134405, 0.0006200542, 0.00063485035, 0.0006512048, 0.0006686856, 0.00067758776, 0.0006954921, 0.0007130445, 0.00072168815, 0.00073879486, 0.0007556609, 0.00077284576, 0.00078155834, 0.0007992708, 0.0008172038, 0.00082627503, 0.0008441696, 0.00086160266, 0.00086996105, 0.00088556565, 0.0008994538, 0.0009114336, 0.0009167168, 0.0009258235, 0.0009331253, 0.0009359684, 0.0009398408, 0.0009410101, 0.0009391479, 0.00093707064, 0.0009312596, 0.00092731795, 0.0009300975, 0.0009637153, 0.001065854
0, 0, 0, 0, 0.0012262368, 0.0010766184, 0.0009940466, 0.000978642, 0.0009716715, 0.0009751208, 0.0009778884, 0.0009779665, 0.00097497186, 0.00096812425, 0.0009637354, 0.000954027, 0.00094506703, 0.00093814376, 0.0009356026, 0.00093213416, 0.0009297867, 0.0009286027, 0.00092528126, 0.00092055375, 0.0009178086, 0.0009122722, 0.0009081506, 0.0009071369, 0.00090801244, 0.0009125889, 0.00092044356, 0.0009254331, 0.0009364783, 0.000948586, 0.0009618021, 0.00096889416, 0.0009844647, 0.0010023703, 0.0010123083, 0.0010344224, 0.0010598305, 0.0010735985, 0.0011026287, 0.0011322533, 0.0011609122, 0.0011745453, 0.0012001167, 0.0012239984, 0.0012354632, 0.0012582456, 0.0012808599, 0.0013031688, 0.0013139333, 0.0013335884, 0.0013495303, 0.0013557838, 0.001364309, 0.0013674812, 0.0013672801, 0.0013637729, 0.0013569498, 0.0013477032, 0.001342342, 0.0013302917, 0.0013163944, 0.0013087852, 0.001292131, 0.0012737383, 0.0012536872, 0.0012430134, 0.0012208036, 0.001198117, 0.0011868881, 0.0011649008, 0.0011438595, 0.0011228996, 0.0011122107, 0.001089955, 0.0010661691, 0.0010537475, 0.0010279587, 0.0010009897, 0.0009872508, 0.0009597179, 0.0009327377, 0.0009071021, 0.000895025, 0.0008722564, 0.00085109286, 0.0008410026, 0.0008213894, 0.00080229575, 0.00078402634, 0.0007752482, 0.00075858337, 0.0007431334, 0.0007357344, 0.00072155136, 0.00070823764, 0.0007019214, 0.0006901397, 0.00067968335, 0.00067047117, 0.0006663412, 0.0006592619, 0.0006537558, 0.0006517985, 0.00064954936, 0.00064994313, 0.0006529345, 0.0006554332, 0.0006624119, 0.000672068, 0.0006778755, 0.0006914802, 0.0007071445, 0.00071570376, 0.0007338518, 0.0007532561, 0.0007734457, 0.00078371033, 0.00080427295, 0.0008247129, 0.0008347927, 0.0008547617, 0.00087445433, 0.00089395966, 0.000903576, 0.0009223955, 0.0009404583, 0.00094912085, 0.00096559135, 0.0009806792, 0.0009877039, 0.0010002839, 0.0010109249, 0.0010193988, 0.0010228702, 0.0010282855, 0.0010315736, 0.0010322989, 0.0010316215, 0.0010275388, 0.0010195626, 0.0010140452, 0.001000724, 0.000988578, 0.0009871728, 0.0010133596, 0.0011116914
0, 0, 0, 0, 0.0014890152, 0.0012370448, 0.0010843659, 0.0010496035, 0.0010208808, 0.0010131226, 0.001009436, 0.0010075666, 0.0010029401, 0.0009976502, 0.0009951048, 0.0009911694, 0.0009896058, 0.000990913, 0.0009923333, 0.0009964145, 0.0010008863, 0.0010027796, 0.0010053517, 0.001006302, 0.0010064566, 0.00100691, 0.0010089087, 0.0010133915, 0.0010168656, 0.0010256704, 0.0010364729, 0.001042348, 0.001054355, 0.0010666414, 0.0010799558, 0.0010872909, 0.0011040021, 0.0011237129, 0.0011347049, 0.0011590965, 0.0011861961, 0.0012004595, 0.0012295776, 0.0012581776, 0.0012848388, 0.001297263, 0.0013202251, 0.001341052, 0.0013510329, 0.0013706395, 0.0013902531, 0.0014093973, 0.0014184176, 0.0014345828, 0.0014470207, 0.0014513833, 0.0014561145, 0.0014555763, 0.0014535001, 0.0014465171, 0.001436562, 0.001424497, 0.001417816, 0.0014031744, 0.0013868823, 0.001378087, 0.0013593866, 0.0013391948, 0.0013175065, 0.0013061793, 0.001282405, 0.0012579446, 0.0012456583, 0.001221346, 0.0011976653, 0.0011742675, 0.0011623572, 0.001138042, 0.0011126191, 0.0010995185, 0.0010728994, 0.0010457188, 0.0010321962, 0.0010054142, 0.0009793898, 0.0009548046, 0.0009432094, 0.0009214455, 0.00090148184, 0.0008919244, 0.0008733715, 0.0008552673, 0.0008376269, 0.0008291407, 0.00081297825, 0.0007978678, 0.00079071487, 0.0007771856, 0.0007649127, 0.0007593946, 0.0007497282, 0.000742088, 0.00073629525, 0.0007341074, 0.00073091034, 0.00072932045, 0.00072925445, 0.00073065463, 0.0007344517, 0.0007407045, 0.00074477517, 0.00075494015, 0.0007676447, 0.0007749412, 0.0007912391, 0.0008094739, 0.00081912504, 0.0008392784, 0.0008602454, 0.00088188297, 0.00089286914, 0.00091485085, 0.0009370322, 0.0009481083, 0.0009701385, 0.0009917398, 0.0010124139, 0.0010222943, 0.0010407844, 0.0010575262, 0.0010651117, 0.0010786118, 0.0010900045, 0.0010949123, 0.0011033354, 0.0011096864, 0.0011139228, 0.0011152561, 0.0011163561, 0.001115138, 0.0011135635, 0.0011080464, 0.0010987906, 0.0010850913, 0.0010764858, 0.0010564502, 0.001037253, 0.0010324295, 0.0010527031, 0.0011485635
0, 0, 0, 0, 0.0018796432, 0.0013922087, 0.001164068, 0.0011125213, 0.0010669586, 0.0010529914, 0.0010483796, 0.0010475118, 0.001047721, 0.001050477, 0.0010528235, 0.0010594799, 0.0010685407, 0.0010791871, 0.0010847452, 0.0010955071, 0.001104909, 0.0011090003, 0.0011158842, 0.001121498, 0.0011242212, 0.0011303959, 0.0011383819, 0.001148729, 0.0011546612, 0.0011674383, 0.0011805088, 0.001186797, 0.0011986356, 0.001209779, 0.0012213668, 0.0012279076, 0.0012431121, 0.0012616069, 0.0012720331, 0.001294856, 0.0013194398, 0.0013321289, 0.00135699, 0.0013806006, 0.0014020909, 0.0014119426, 0.001430083, 0.0014464363, 0.0014542788, 0.001469518, 0.001484214, 0.0014979184, 0.0015040846, 0.00151445, 0.001521156, 0.0015228111, 0.0015225045, 0.0015175211, 0.0015135027, 0.0015029666, 0.0014900588, 0.0014754959, 0.0014677241, 0.0014510772, 0.0014328756, 0.0014233364, 0.0014033116, 0.0013821346, 0.0013598439, 0.0013481616, 0.0013238054, 0.0012983578, 0.0012854248, 0.0012594688, 0.0012338067, 0.0012085277, 0.00119593, 0.0011705805, 0.0011451159, 0.001132238, 0.001106795, 0.0010818602, 0.0010695625, 0.0010455474, 0.0010222981, 0.0010002124, 0.0009897302, 0.00097012747, 0.00095222314, 0.00094376237, 0.00092744944, 0.0009116677, 0.0008963926, 0.0008890108, 0.0008750342, 0.0008620508, 0.00085603126, 0.00084486586, 0.00083521416, 0.0008310906, 0.00082449516, 0.0008202328, 0.00081819977, 0.0008179481, 0.00081870006, 0.000821158, 0.0008229263, 0.00082794024, 0.00083494163, 0.0008443832, 0.0008499528, 0.00086296437, 0.0008783312, 0.0008868229, 0.0009051565, 0.0009250137, 0.00093533954, 0.0009564981, 0.0009779861, 0.0009997697, 0.0010106973, 0.0010326953, 0.001054926, 0.0010660907, 0.0010881064, 0.0011093076, 0.0011289561, 0.001137985, 0.0011542528, 0.0011679252, 0.001173725, 0.0011831518, 0.0011899136, 0.0011924027, 0.0011957694, 0.0011970957, 0.0011962327, 0.0011949637, 0.0011906902, 0.0011838793, 0.0011794951, 0.0011683779, 0.0011533934, 0.0011340322, 0.0011225254, 0.0010966199, 0.0010717744, 0.0010642922, 0.0010802753, 0.00117493
0, 0, 0, 0, 0, 0.0013827184, 0.0011887514, 0.0011360081, 0.0010906446, 0.0010831829, 0.0010890428, 0.0010944909, 0.0011084453, 0.0011259039, 0.0011356374, 0.0011562533, 0.001177117, 0.0011968681, 0.0012059573, 0.0012218504, 0.001234829, 0.0012402695, 0.0012498132, 0.0012587295, 0.0012634841, 0.001274075, 0.0012869053, 0.00130164, 0.0013093728, 0.0013247826, 0.0013389663, 0.0013452203, 0.0013560955, 0.0013651927, 0.0013740268, 0.0013790233, 0.0013909086, 0.001405751, 0.0014141187, 0.0014321057, 0.0014505921, 0.001459727, 0.0014769782, 0.0014925154, 0.0015064331, 0.001512773, 0.0015247996, 0.0015358537, 0.0015411425, 0.0015511104, 0.0015598406, 0.0015667572, 0.0015692948, 0.0015725036, 0.0015724361, 0.0015710338, 0.0015652719, 0.0015559434, 0.0015501048, 0.0015365074, 0.001520976, 0.0015040347, 0.0014950803, 0.001476282, 0.0014562804, 0.0014458633, 0.0014245615, 0.0014027312, 0.0013800878, 0.0013684054, 0.0013441074, 0.0013186763, 0.0013056165, 0.0012791365, 0.0012528246, 0.0012270386, 0.0012143966, 0.0011897612, 0.0011658836, 0.0011543551, 0.0011321318, 0.0011112907, 0.0011012559, 0.0010817042, 0.001062813, 0.0010446274, 0.0010359132, 0.0010195468, 0.0010048518, 0.0009979999, 0.0009852169, 0.0009730254, 0.00096156006, 0.00095605606, 0.0009457265, 0.00093638856, 0.0009321616, 0.00092491304, 0.0009191677, 0.00091706234, 0.0009143879, 0.00091397215, 0.0009159243, 0.0009176841, 0.0009224761, 0.00092867156, 0.00093229103, 0.00094073167, 0.0009510376, 0.00096361875, 0.0009708049, 0.0009868352, 0.0010049599, 0.0010146678, 0.0010350025, 0.001056497, 0.001067491, 0.0010895609, 0.0011114914, 0.0011330692, 0.0011437641, 0.0011650022, 0.0011859883, 0.0011963488, 0.0012164431, 0.0012351132, 0.0012515959, 0.0012588713, 0.001271142, 0.0012804955, 0.0012840568, 0.0012887593, 0.0012905324, 0.0012904253, 0.0012882925, 0.0012838652, 0.0012769308, 0.0012725232, 0.0012616746, 0.0012481646, 0.0012403259, 0.0012224483, 0.0012010119, 0.0011755017, 0.0011611487, 0.0011297839, 0.0010998249, 0.0010900707, 0.001102495, 0.0011963369
0, 0, 0, 0, 0, 0.0015127575, 0.0012137194, 0.0011491097, 0.0011074059, 0.0011180304, 0.0011455996, 0.0011618013, 0.0011959395, 0.001231329, 0.0012488948, 0.0012829605, 0.0013140672, 0.001341146, 0.0013528669, 0.0013726018, 0.0013878465, 0.001394287, 0.0014055747, 0.0014166164, 0.0014224802, 0.0014354843, 0.0014503225, 0.0014662804, 0.0014742701, 0.0014893187, 0.00150218, 0.0015075351, 0.0015159826, 0.001522202, 0.00152751, 0.0015304569, 0.0015376916, 0.0015468703, 0.0015519642, 0.0015622877, 0.0015721258, 0.0015764902, 0.0015840863, 0.0015901342, 0.0015954294, 0.0015980905, 0.0016034887, 0.0016087638, 0.0016112413, 0.0016153, 0.0016172554, 0.001616685, 0.0016154258, 0.001611061, 0.0016041528, 0.0015997312, 0.0015889434, 0.0015757888, 0.0015684172, 0.0015522453, 0.0015344749, 0.0015153128, 0.0015051472, 0.0014839246, 0.001461717, 0.0014503442, 0.001427591, 0.0014048205, 0.0013818862, 0.0013703288, 0.0013466538, 0.0013219166, 0.0013092308, 0.0012835645, 0.0012580121, 0.0012333414, 0.0012214999, 0.001199016, 0.0011784296, 0.0011689134, 0.0011514477, 0.0011357601, 0.0011284754, 0.0011147927, 0.0011014598, 0.0010885006, 0.0010823009, 0.0010705172, 0.0010603311, 0.0010557707, 0.0010476966, 0.0010405447, 0.0010341416, 0.0010311153, 0.0010255637, 0.0010207894, 0.0010188713, 0.0010161506, 0.0010150609, 0.0010151473, 0.0010167655, 0.0010205958, 0.0010264944, 0.0010302078, 0.0010388135, 0.0010485759, 0.0010538662, 0.0010653742, 0.0010786297, 0.001093966, 0.0011026397, 0.0011215674, 0.0011422073, 0.0011529963, 0.0011754059, 0.0011985528, 0.0012102092, 0.0012334492, 0.0012561921, 0.0012780661, 0.0012886539, 0.0013090543, 0.001328342, 0.0013374907, 0.0013546465, 0.0013695977, 0.0013819387, 0.0013869213, 0.0013945494, 0.0013991436, 0.0014003058, 0.0014002672, 0.0013971755, 0.0013945089, 0.0013869626, 0.0013765811, 0.0013632844, 0.001355512, 0.0013378303, 0.0013172966, 0.0013059056, 0.001280936, 0.0012527482, 0.0012209377, 0.0012036315, 0.0011667467, 0.001131649, 0.0011195358, 0.0011280986, 0.0012205844
0, 0, 0, 0, 0, 0.0014042199, 0.0012237456, 0.0011672656, 0.0011431861, 0.0011806465, 0.001235713, 0.001263998, 0.0013188048, 0.0013694859, 0.0013931318, 0.0014364622, 0.0014741342, 0.001505737, 0.0015191883, 0.0015416687, 0.0015590871, 0.001566394, 0.0015795471, 0.0015920309, 0.0015984607, 0.0016116604, 0.0016251508, 0.0016385339, 0.0016447956, 0.0016559347, 0.0016646021, 0.001667846, 0.0016721977, 0.0016742684, 0.0016752244, 0.0016757067, 0.0016771152, 0.001678955, 0.0016798242, 0.0016809681, 0.0016807136, 0.0016799843, 0.0016774182, 0.0016741231, 0.0016712775, 0.001670282, 0.0016689958, 0.0016682543, 0.0016676352, 0.001665156, 0.0016601718, 0.0016522291, 0.0016472627, 0.001635771, 0.0016224965, 0.001615307, 0.0015998328, 0.0015832002, 0.0015743608, 0.0015557915, 0.0015357934, 0.0015145941, 0.0015034246, 0.0014801635, 0.0014560922, 0.0014440196, 0.0014200798, 0.0013966495, 0.0013737198, 0.0013623483, 0.0013395482, 0.0013161825, 0.0013042542, 0.0012802262, 0.0012564787, 0.0012340068, 0.0012235072, 0.0012042765, 0.0011877565, 0.0011805322, 0.0011680907, 0.0011579966, 0.0011536403, 0.0011459135, 0.0011390073, 0.00113245, 0.0011293816, 0.0011237081, 0.0011194404, 0.0011178822, 0.0011159176, 0.001115129, 0.0011148116, 0.0011147115, 0.001114582, 0.0011147808, 0.00111517, 0.0011170038, 0.0011203532, 0.0011225487, 0.0011283036, 0.0011358885, 0.0011454413, 0.0011509159, 0.001162809, 0.0011756241, 0.00118232, 0.0011963606, 0.0012117906, 0.0012291131, 0.0012385902, 0.0012591267, 0.0012812967, 0.0012928183, 0.0013164658, 0.0013406563, 0.0013527058, 0.0013767778, 0.0014001674, 0.0014222777, 0.0014327157, 0.0014521295, 0.0014694219, 0.0014771878, 0.0014908519, 0.0015018069, 0.0015097584, 0.0015125357, 0.0015157501, 0.0015158736, 0.0015148693, 0.0015105747, 0.0015033336, 0.0014985419, 0.0014864469, 0.0014709894, 0.0014521941, 0.0014415899, 0.0014179922, 0.0013914056, 0.0013769893, 0.0013458793, 0.0013117417, 0.0012742882, 0.0012542306, 0.0012120579, 0.0011718104, 0.0011571196, 0.0011611002, 0.0012515147
0, 0, 0, 0, 0, 0.0016863934, 0.0013124362, 0.0012351758, 0.0012201812, 0.0012834863, 0.0013618141, 0.0013993551, 0.0014674308, 0.0015263226, 0.0015526902, 0.0016000345, 0.00164059, 0.001674841, 0.0016895141, 0.0017147156, 0.001734836, 0.0017434354, 0.0017587828, 0.0017727755, 0.0017792521, 0.0017913242, 0.0018016282, 0.0018100847, 0.0018135869, 0.0018188959, 0.0018217183, 0.0018222315, 0.0018214574, 0.0018186511, 0.0018143287, 0.0018118119, 0.0018062753, 0.0017998467, 0.0017962129, 0.0017879675, 0.0017782004, 0.0017727618, 0.0017612072, 0.0017498239, 0.0017396652, 0.0017353006, 0.0017272352, 0.0017196881, 0.0017156659, 0.0017062784, 0.0016942525, 0.0016795883, 0.001671321, 0.0016535867, 0.0016345925, 0.0016247826, 0.0016046675, 0.0015842984, 0.0015738306, 0.0015523813, 0.0015300912, 0.0015069429, 0.0014950216, 0.0014706759, 0.0014460753, 0.0014339479, 0.0014101429, 0.0013871072, 0.0013648972, 0.0013539384, 0.001332351, 0.0013107357, 0.0012999226, 0.0012781785, 0.0012570005, 0.0012373078, 0.0012283655, 0.0012127127, 0.0012003514, 0.0011952767, 0.0011875283, 0.0011823513, 0.0011806337, 0.0011785117, 0.0011778182, 0.0011780655, 0.0011785022, 0.0011800862, 0.0011828438, 0.0011848768, 0.00119016, 0.0011964645, 0.0012029973, 0.0012060433, 0.0012118248, 0.0012172232, 0.0012199173, 0.0012258979, 0.001233039, 0.001237097, 0.0012461566, 0.0012569402, 0.0012693888, 0.0012762441, 0.0012907118, 0.0013059299, 0.0013136952, 0.0013295504, 0.0013462518, 0.0013643142, 0.0013739453, 0.0013944332, 0.0014164086, 0.0014277734, 0.0014511378, 0.0014748535, 0.0014867603, 0.0015103183, 0.0015330022, 0.0015541149, 0.0015638411, 0.0015813614, 0.0015958905, 0.0016019909, 0.0016119344, 0.0016189371, 0.0016228617, 0.0016236827, 0.0016231484, 0.001619618, 0.0016168191, 0.0016092327, 0.0015988066, 0.0015924451, 0.0015770969, 0.0015580668, 0.0015353347, 0.0015226675, 0.001494792, 0.0014639008, 0.0014473412, 0.0014118607, 0.0013733302, 0.0013315973, 0.0013093286, 0.0012626065, 0.0012174502, 0.0012001169, 0.0011990578, 0.0012869298
0, 0, 0, 0, 0, 0, 0.0013557774, 0.0013249216, 0.0013441101, 0.0014215945, 0.0015067679, 0.0015458022, 0.0016147182, 0.0016734741, 0.001699742, 0.0017476166, 0.0017898711, 0.0018268712, 0.0018433846, 0.0018723306, 0.0018963966, 0.001906762, 0.0019248782, 0.0019400482, 0.0019465875, 0.0019572668, 0.0019647412, 0.001969126, 0.0019703647, 0.0019710404, 0.001969361, 0.00196756, 0.0019620846, 0.001954216, 0.0019441247, 0.001938322, 0.0019251365, 0.0019103751, 0.0019024491, 0.0018859264, 0.0018686493, 0.0018597124, 0.0018415798, 0.0018240024, 0.0018076232, 0.001799846, 0.0017849336, 0.0017698598, 0.0017620485, 0.0017451581, 0.0017260866, 0.0017050831, 0.0016939106, 0.0016707521, 0.0016466718, 0.0016344392, 0.0016098339, 0.0015851005, 0.0015727963, 0.0015480162, 0.0015232054, 0.0014983345, 0.0014860259, 0.0014614908, 0.0014377206, 0.001426228, 0.0014040291, 0.0013826129, 0.0013619, 0.0013517579, 0.001331876, 0.0013123293, 0.0013027495, 0.0012838902, 0.0012659463, 0.0012497349, 0.0012426198, 0.0012309655, 0.0012225788, 0.0012195953, 0.0012159982, 0.0012148888, 0.0012153012, 0.0012178032, 0.0012224062, 0.0012287493, 0.0012324625, 0.0012411702, 0.0012513548, 0.0012570516, 0.0012696033, 0.0012830034, 0.0012963135, 0.0013025884, 0.0013144502, 0.0013250384, 0.0013300551, 0.0013399771, 0.0013504708, 0.0013560578, 0.001367988, 0.0013812926, 0.0013961204, 0.001404002, 0.0014203785, 0.0014373955, 0.0014459725, 0.0014630157, 0.0014802696, 0.0014980475, 0.0015072543, 0.0015264335, 0.0015465649, 0.0015569233, 0.0015780957, 0.0015995943, 0.0016102613, 0.0016312978, 0.0016513428, 0.0016696472, 0.001677914, 0.0016922381, 0.0017033046, 0.0017076655, 0.0017139943, 0.0017173283, 0.0017179184, 0.0017171324, 0.0017135496, 0.0017073244, 0.0017032595, 0.0016932929, 0.0016804608, 0.0016729188, 0.0016551989, 0.00163365, 0.0016082783, 0.0015942154, 0.0015635455, 0.001529684, 0.0015116335, 0.0014733629, 0.0014319475, 0.0013869256, 0.0013628845, 0.0013121164, 0.001262064, 0.0012421331, 0.0012360705, 0.0013213457
0, 0, 0, 0, 0, 0, 0.0016339076, 0.0015659045, 0.0015300812, 0.001574197, 0.0016390467, 0.0016710778, 0.001730532, 0.0017847453, 0.0018103388, 0.0018594606, 0.0019053423, 0.0019474733, 0.00196672, 0.0020012439, 0.0020299768, 0.0020422349, 0.0020630988, 0.0020794875, 0.002086171, 0.0020966276, 0.0021032947, 0.0021066968, 0.0021074521, 0.0021070528, 0.0021038626, 0.0021010058, 0.0020926953, 0.0020806363, 0.0020648716, 0.0020556806, 0.0020351713, 0.0020129264, 0.0020014998, 0.0019785778, 0.001955995, 0.0019448004, 0.0019225392, 0.0019008156, 0.0018791973, 0.0018684091, 0.0018465172, 0.0018238352, 0.0018120431, 0.0017875477, 0.0017617659, 0.0017349229, 0.0017211719, 0.0016931929, 0.0016645077, 0.0016500601, 0.0016211435, 0.0015923055, 0.0015780325, 0.0015498941, 0.0015225188, 0.0014964362, 0.0014839001, 0.0014600314, 0.0014379885, 0.0014275393, 0.0014075838, 0.0013882603, 0.0013692768, 0.001360052, 0.0013418605, 0.0013245193, 0.0013162357, 0.0013006071, 0.0012866557, 0.001274764, 0.0012699502, 0.0012629223, 0.0012591302, 0.001258287, 0.001258634, 0.0012613584, 0.0012635719, 0.0012698786, 0.0012785998, 0.0012897368, 0.0012961332, 0.0013105195, 0.0013267769, 0.0013354603, 0.0013538563, 0.0013729191, 0.0013916696, 0.0014006636, 0.0014175685, 0.0014328614, 0.0014400277, 0.0014538241, 0.0014674496, 0.0014744302, 0.0014890438, 0.0015047626, 0.0015215349, 0.0015302647, 0.0015482826, 0.0015666907, 0.0015758128, 0.00159378, 0.0016112679, 0.0016284335, 0.0016369246, 0.0016541472, 0.0016715328, 0.0016803063, 0.001697853, 0.0017154507, 0.0017241681, 0.001741126, 0.0017571306, 0.0017714741, 0.001777818, 0.0017884955, 0.0017961964, 0.0017989178, 0.0018022303, 0.0018028062, 0.0018008737, 0.0017989426, 0.0017932589, 0.001785054, 0.0017800401, 0.0017680684, 0.0017531519, 0.0017444836, 0.0017244633, 0.0017006098, 0.0016728947, 0.0016576624, 0.001624674, 0.0015884626, 0.0015692039, 0.0015284601, 0.001484397, 0.001436203, 0.0014103353, 0.0013552418, 0.0013002632, 0.0012777565, 0.00126705, 0.0013500444
0, 0, 0, 0, 0, 0, 0.0020832776, 0.0019119954, 0.001723988, 0.0016919532, 0.0017225506, 0.0017458972, 0.0017977097, 0.0018520685, 0.0018794857, 0.0019343087, 0.0019875914, 0.0020373792, 0.00206024, 0.0021010647, 0.002134675, 0.0021487281, 0.0021721865, 0.002190024, 0.0021972808, 0.0022088464, 0.0022172483, 0.0022229403, 0.0022249823, 0.0022266502, 0.0022247485, 0.0022219976, 0.0022124453, 0.0021970905, 0.002176406, 0.0021643296, 0.00213779, 0.0021095914, 0.002095474, 0.0020680074, 0.0020420032, 0.0020295805, 0.002004871, 0.0019799962, 0.0019543245, 0.0019409237, 0.001912919, 0.001883366, 0.0018681448, 0.0018371168, 0.0018055396, 0.0017739093, 0.0017580288, 0.001726164, 0.0016938946, 0.0016777423, 0.0016453096, 0.0016130578, 0.0015972089, 0.0015663435, 0.0015372576, 0.001510333, 0.001497873, 0.0014749857, 0.001454615, 0.0014451941, 0.0014271851, 0.0014095136, 0.0013918423, 0.0013832463, 0.0013665205, 0.0013511933, 0.0013442194, 0.0013320184, 0.001322315, 0.0013153909, 0.0013131439, 0.0013110937, 0.0013122128, 0.0013137353, 0.0013182788, 0.0013248259, 0.001328802, 0.0013384889, 0.0013507213, 0.0013655773, 0.0013738878, 0.0013920495, 0.0014119897, 0.0014224136, 0.0014439188, 0.0014658099, 0.0014873864, 0.0014978468, 0.0015177586, 0.0015362657, 0.0015450919, 0.001562009, 0.001578602, 0.0015869042, 0.0016039585, 0.0016216801, 0.0016399865, 0.0016493831, 0.0016685269, 0.0016877654, 0.0016971955, 0.0017156412, 0.0017331276, 0.0017495919, 0.0017574856, 0.0017725879, 0.001786949, 0.0017939237, 0.0018074714, 0.0018206959, 0.0018272133, 0.0018399499, 0.0018519158, 0.0018625886, 0.0018672888, 0.0018750579, 0.0018803824, 0.0018820737, 0.0018835557, 0.0018825178, 0.001879104, 0.0018764774, 0.0018693648, 0.0018596051, 0.001853718, 0.0018395999, 0.0018222271, 0.0018122399, 0.0017894387, 0.0017627957, 0.0017323577, 0.0017157737, 0.0016800193, 0.0016410088, 0.0016203317, 0.0015765969, 0.0015292002, 0.0014772032, 0.0014492024, 0.0013894333, 0.0013296149, 0.0013047537, 0.0012900599, 0.0013713943
0, 0, 0, 0, 0, 0, 0.002448883, 0.0021071895, 0.0017326614, 0.0016574683, 0.0017020984, 0.0017406399, 0.001826806, 0.0019135732, 0.0019555322, 0.0020349827, 0.0021074612, 0.002171784, 0.0022004785, 0.0022511955, 0.0022925648, 0.0023101436, 0.0023396604, 0.0023634287, 0.0023737822, 0.002392107, 0.0024076416, 0.0024201232, 0.0024248082, 0.0024305487, 0.0024297806, 0.002426529, 0.0024140216, 0.0023938036, 0.002367146, 0.0023519597, 0.002319154, 0.0022850186, 0.0022682874, 0.0022359204, 0.0022057074, 0.0021912565, 0.0021631455, 0.0021343718, 0.0021034374, 0.0020871232, 0.0020523581, 0.0020157401, 0.0019970564, 0.0019596315, 0.0019229461, 0.0018876721, 0.0018705163, 0.0018367992, 0.0018033871, 0.0017868035, 0.0017538638, 0.001721596, 0.0017057803, 0.0016751658, 0.0016463093, 0.0016198392, 0.0016075644, 0.0015853883, 0.001565947, 0.0015569462, 0.0015399843, 0.0015234367, 0.0015071604, 0.0014993172, 0.0014849547, 0.0014733989, 0.0014688355, 0.0014625611, 0.0014598927, 0.0014608385, 0.0014625241, 0.0014682836, 0.0014766864, 0.0014817152, 0.0014931231, 0.0015061481, 0.0015132815, 0.0015288005, 0.0015462572, 0.001565431, 0.0015755343, 0.0015961552, 0.0016167167, 0.0016268269, 0.0016465492, 0.0016658437, 0.0016849639, 0.0016945588, 0.0017140069, 0.0017337245, 0.0017435347, 0.0017632311, 0.0017826216, 0.0017922291, 0.0018112186, 0.0018297693, 0.0018476897, 0.0018563526, 0.0018731236, 0.0018892545, 0.0018971225, 0.0019122822, 0.0019264406, 0.001939285, 0.0019450801, 0.0019553483, 0.0019640278, 0.0019678962, 0.0019751536, 0.0019823934, 0.0019861902, 0.001994012, 0.0020019738, 0.002009742, 0.0020133252, 0.0020195772, 0.0020242408, 0.002025808, 0.0020270145, 0.0020254413, 0.0020208634, 0.0020174312, 0.0020080046, 0.0019950166, 0.0019870764, 0.00196794, 0.0019445238, 0.0019311764, 0.0019014007, 0.0018677749, 0.0018303447, 0.0018102713, 0.0017675738, 0.0017216617, 0.0016975859, 0.0016469925, 0.0015926529, 0.0015333133, 0.0015015118, 0.0014341256, 0.0013667948, 0.0013384892, 0.0013184512, 0.001398068
0, 0, 0, 0, 0, 0, 0, 0.0018163226, 0.0016302913, 0.0015913413, 0.001667878, 0.0017222074, 0.0018358075, 0.0019423738, 0.001991296, 0.0020804272, 0.0021585021, 0.0022262167, 0.0022564083, 0.002310048, 0.0023553458, 0.0023751305, 0.0024095415, 0.002438419, 0.002451177, 0.0024734961, 0.0024916753, 0.0025048316, 0.00250923, 0.0025129966, 0.0025096051, 0.0025050985, 0.002490604, 0.0024694349, 0.0024427641, 0.0024277803, 0.002395669, 0.0023620136, 0.0023451278, 0.0023120642, 0.002280667, 0.0022656254, 0.0022363754, 0.0022070608, 0.0021760287, 0.0021596616, 0.0021252192, 0.0020888913, 0.0020703163, 0.0020334627, 0.001997858, 0.0019641058, 0.0019479683, 0.0019168518, 0.0018868605, 0.0018721912, 0.0018434529, 0.0018155413, 0.0018017688, 0.0017748342, 0.0017486224, 0.0017236556, 0.0017116909, 0.0016893758, 0.0016691865, 0.0016598116, 0.0016421049, 0.0016254849, 0.0016099169, 0.0016025908, 0.0015895998, 0.0015798494, 0.0015762883, 0.0015720887, 0.0015715047, 0.0015742735, 0.0015768451, 0.0015840464, 0.0015936482, 0.0015992062, 0.0016117024, 0.0016258769, 0.0016335403, 0.0016500705, 0.0016679027, 0.0016868329, 0.0016964402, 0.0017156142, 0.0017341028, 0.0017429356, 0.0017598576, 0.0017760561, 0.0017923533, 0.0018007054, 0.0018183427, 0.0018371022, 0.0018466876, 0.0018659005, 0.0018848142, 0.0018940051, 0.0019116749, 0.0019280919, 0.0019431268, 0.0019500273, 0.0019627677, 0.0019743384, 0.0019798588, 0.0019904308, 0.0020003917, 0.0020094223, 0.0020135113, 0.0020208126, 0.002026939, 0.0020297067, 0.0020351803, 0.0020410528, 0.0020442554, 0.0020513076, 0.0020589174, 0.0020664406, 0.0020699454, 0.0020760975, 0.0020806012, 0.0020820238, 0.0020828159, 0.0020805828, 0.0020750249, 0.0020709564, 0.00205993, 0.002044944, 0.0020359163, 0.0020144915, 0.0019885988, 0.0019739056, 0.0019413098, 0.0019046736, 0.0018642301, 0.0018426897, 0.0017972748, 0.0017489204, 0.0017236833, 0.0016708263, 0.0016143282, 0.001552969, 0.0015202424, 0.0014509916, 0.0013816949, 0.0013523925, 0.0013306506, 0.0014098289
0, 0, 0, 0, 0, 0, 0, 0.0021335084, 0.0016691788, 0.0015809828, 0.0016653083, 0.001727911, 0.0018563065, 0.0019724069, 0.0020243444, 0.0021167188, 0.0021961087, 0.0022649714, 0.002296269, 0.002353134, 0.0024032814, 0.0024259142, 0.0024665794, 0.0025012037, 0.0025162604, 0.0025418045, 0.0025606516, 0.0025724105, 0.0025754443, 0.0025759356, 0.0025695635, 0.0025639685, 0.0025488676, 0.002529128, 0.0025052615, 0.0024920213, 0.0024632323, 0.0024323196, 0.0024163208, 0.00238417, 0.002352894, 0.0023377673, 0.002308759, 0.002280383, 0.0022511897, 0.0022359688, 0.0022040342, 0.0021704116, 0.0021532269, 0.0021189633, 0.0020863072, 0.0020558801, 0.0020416605, 0.002014927, 0.0019901595, 0.0019783573, 0.0019556698, 0.0019337015, 0.0019227951, 0.0019008726, 0.0018786141, 0.0018562143, 0.0018450617, 0.0018234131, 0.0018029299, 0.0017932411, 0.001774979, 0.0017585175, 0.0017436049, 0.0017369398, 0.0017254802, 0.0017171246, 0.0017143219, 0.0017112932, 0.0017116208, 0.0017149823, 0.001717734, 0.00172488, 0.0017340874, 0.0017392611, 0.0017509371, 0.0017641241, 0.0017712897, 0.0017864767, 0.0018025513, 0.0018190058, 0.0018272583, 0.0018433717, 0.001858689, 0.0018659482, 0.0018799214, 0.001893442, 0.0019072474, 0.0019146034, 0.0019304379, 0.001947585, 0.0019564256, 0.0019740749, 0.0019911344, 0.0019991829, 0.002013979, 0.0020267016, 0.0020373748, 0.002041865, 0.0020493963, 0.0020556154, 0.0020583896, 0.0020636246, 0.0020686276, 0.002073476, 0.0020758158, 0.002080295, 0.0020845963, 0.002086697, 0.0020910928, 0.002096102, 0.0020989669, 0.0021052165, 0.0021120897, 0.0021186061, 0.0021215726, 0.0021263352, 0.0021290611, 0.0021295582, 0.0021284248, 0.0021243072, 0.0021169714, 0.002111912, 0.0020989892, 0.002082007, 0.0020720295, 0.0020489334, 0.002021502, 0.0020061287, 0.0019720306, 0.0019336969, 0.0018917108, 0.0018694844, 0.0018228057, 0.0017734694, 0.001747718, 0.0016939028, 0.0016363137, 0.0015740352, 0.0015408339, 0.001470573, 0.0013999628, 0.001369879, 0.0013465919, 0.0014253389
0, 0, 0, 0, 0, 0, 0, 0, 0.0016492684, 0.0016129586, 0.0016951504, 0.0017558306, 0.0018817406, 0.0019960264, 0.0020470598, 0.0021378202, 0.002216491, 0.0022862705, 0.0023187185, 0.0023795434, 0.0024350707, 0.0024607875, 0.0025073506, 0.0025467714, 0.002563527, 0.002590687, 0.0026091654, 0.00261881, 0.0026206863, 0.0026189506, 0.0026115277, 0.002606245, 0.002593195, 0.0025774678, 0.0025589094, 0.0025485577, 0.0025252681, 0.002498949, 0.0024848382, 0.0024556515, 0.0024265917, 0.0024123471, 0.0023852917, 0.0023594717, 0.002333709, 0.0023204766, 0.0022928554, 0.0022636412, 0.0022487028, 0.0022191005, 0.0021911473, 0.0021656298, 0.0021538914, 0.0021325152, 0.002113561, 0.0021047215, 0.0020880483, 0.002072012, 0.0020639787, 0.002047206, 0.0020292527, 0.0020100796, 0.0020001295, 0.0019799587, 0.001960261, 0.0019507766, 0.00193291, 0.0019169683, 0.0019030387, 0.0018968553, 0.0018866543, 0.0018793155, 0.0018768426, 0.0018740953, 0.0018743441, 0.0018771964, 0.0018794535, 0.0018853764, 0.0018927881, 0.0018969531, 0.0019061383, 0.0019163882, 0.0019219506, 0.0019335016, 0.0019456452, 0.0019578722, 0.0019639896, 0.0019759266, 0.0019875357, 0.0019932152, 0.0020043012, 0.00201568, 0.002027726, 0.0020342276, 0.0020480212, 0.0020627505, 0.0020702363, 0.002084939, 0.0020985624, 0.002104709, 0.0021153854, 0.0021235617, 0.0021291042, 0.0021309645, 0.0021333077, 0.0021344612, 0.002134774, 0.0021353352, 0.0021360428, 0.0021372125, 0.0021381213, 0.002140524, 0.0021436505, 0.0021454736, 0.0021494422, 0.0021538464, 0.0021561997, 0.002161267, 0.0021663103, 0.0021706312, 0.0021722126, 0.0021739788, 0.0021734526, 0.00217234, 0.0021681187, 0.0021612775, 0.002151599, 0.0021454915, 0.0021305054, 0.0021119448, 0.0021012647, 0.0020772023, 0.002049226, 0.0020337456, 0.0019996006, 0.001961304, 0.0019194802, 0.0018973488, 0.0018509805, 0.0018019193, 0.0017762779, 0.0017224962, 0.0016646156, 0.0016019051, 0.0015683045, 0.0014969333, 0.0014246672, 0.0013935799, 0.001368346, 0.0014462175
0, 0, 0, 0, 0, 0, 0, 0, 0.0019046206, 0.0017326928, 0.0017494357, 0.0017936155, 0.0019026772, 0.0020101133, 0.0020594285, 0.0021485214, 0.0022273418, 0.0022987314, 0.0023324036, 0.0023966255, 0.0024561507, 0.0024838564, 0.0025340882, 0.0025758801, 0.0025932335, 0.0026208265, 0.0026388124, 0.0026480537, 0.0026498276, 0.0026489946, 0.0026440513, 0.0026405253, 0.0026323078, 0.0026223627, 0.0026103845, 0.0026032077, 0.0025863012, 0.002565873, 0.0025544893, 0.0025302935, 0.0025053716, 0.0024931582, 0.002469865, 0.002447904, 0.002426677, 0.0024159653, 0.002393841, 0.002370399, 0.0023585, 0.0023350848, 0.002313276, 0.002293669, 0.0022848335, 0.0022691435, 0.0022556137, 0.002249461, 0.0022378706, 0.0022264705, 0.0022206353, 0.0022078322, 0.0021934754, 0.0021773407, 0.0021687227, 0.0021507111, 0.0021325124, 0.0021236518, 0.0021069972, 0.002092025, 0.002079191, 0.002073604, 0.002064194, 0.0020572683, 0.0020547453, 0.0020516533, 0.0020510352, 0.002052493, 0.0020538762, 0.0020576138, 0.0020622092, 0.002064794, 0.0020702013, 0.0020762486, 0.0020794293, 0.0020859817, 0.0020927475, 0.0020995555, 0.002103032, 0.0021101662, 0.002117689, 0.00212162, 0.0021299613, 0.0021391069, 0.0021491922, 0.0021545282, 0.0021655709, 0.0021766694, 0.0021820578, 0.0021922386, 0.002201131, 0.0022047886, 0.0022104676, 0.0022135633, 0.002214137, 0.002213735, 0.0022116725, 0.0022087654, 0.0022072224, 0.0022040782, 0.0022015348, 0.002199997, 0.0021998258, 0.0022005762, 0.002202709, 0.0022041833, 0.002207587, 0.0022112108, 0.0022130487, 0.0022164523, 0.002219, 0.0022201464, 0.0022199415, 0.0022178828, 0.0022136234, 0.002210662, 0.0022032422, 0.0021937555, 0.0021818818, 0.0021748873, 0.0021585133, 0.0021389588, 0.0021278986, 0.0021034873, 0.002075781, 0.0020606488, 0.0020276231, 0.0019908708, 0.0019506869, 0.0019293725, 0.0018846021, 0.0018367117, 0.0018115294, 0.0017582683, 0.0017004934, 0.0016370702, 0.0016028493, 0.0015296584, 0.0014549155, 0.001422417, 0.0013943963, 0.0014708643
0, 0, 0, 0, 0, 0, 0, 0, 0.0022355411, 0.0018413201, 0.0017851883, 0.0018146696, 0.0019127305, 0.0020195676, 0.0020695433, 0.0021607676, 0.0022414261, 0.002314386, 0.0023485317, 0.0024138114, 0.002474106, 0.0025020442, 0.0025522814, 0.002593677, 0.002610829, 0.0026382105, 0.00265681, 0.0026682746, 0.0026717887, 0.0026754923, 0.002676117, 0.0026757151, 0.002673746, 0.002670173, 0.0026642398, 0.0026601874, 0.002649526, 0.002635209, 0.0026270011, 0.0026088564, 0.002589697, 0.002580192, 0.002561917, 0.0025449847, 0.002529067, 0.0025212483, 0.0025052852, 0.002488786, 0.0024804163, 0.0024641876, 0.0024493583, 0.002436384, 0.0024307405, 0.002420721, 0.0024120884, 0.0024081853, 0.002400514, 0.0023923728, 0.002387909, 0.00237782, 0.00236586, 0.0023519688, 0.0023445254, 0.0023286324, 0.0023121773, 0.0023041025, 0.002288806, 0.0022750814, 0.0022634119, 0.0022583222, 0.0022494418, 0.0022425517, 0.0022397446, 0.0022356305, 0.002233379, 0.0022327767, 0.0022329153, 0.0022337649, 0.0022350603, 0.0022357062, 0.0022369705, 0.002238384, 0.0022389893, 0.0022402043, 0.0022413295, 0.002242511, 0.0022432539, 0.0022452418, 0.0022480462, 0.002249951, 0.0022548994, 0.002261026, 0.0022680482, 0.002271661, 0.0022786267, 0.0022847306, 0.0022874053, 0.0022917686, 0.002294744, 0.0022955576, 0.0022957758, 0.0022938915, 0.0022902207, 0.0022879392, 0.0022826127, 0.0022768066, 0.002273797, 0.0022679663, 0.0022626948, 0.0022586703, 0.0022573285, 0.0022560398, 0.0022562952, 0.0022568952, 0.0022586659, 0.0022607676, 0.0022616864, 0.0022629204, 0.0022627746, 0.002260635, 0.002258719, 0.0022531694, 0.002245653, 0.0022412399, 0.0022313315, 0.002219842, 0.0022064976, 0.002198961, 0.0021819023, 0.0021620055, 0.002150915, 0.0021266623, 0.0020997217, 0.0020852236, 0.0020540054, 0.0020197441, 0.0019822044, 0.0019622303, 0.0019197533, 0.0018735875, 0.0018490009, 0.0017964466, 0.0017385816, 0.0016740351, 0.0016389489, 0.0015633041, 0.0014855212, 0.0014513754, 0.0014201913, 0.0014951332
0, 0, 0, 0, 0, 0, 0, 0, 0.002067021, 0.0018416344, 0.0017843314, 0.001813341, 0.0019176113, 0.0020326243, 0.0020860052, 0.0021815086, 0.0022636072, 0.0023359947, 0.002369684, 0.0024326157, 0.0024904166, 0.0025169929, 0.0025647052, 0.0026042657, 0.00262101, 0.0026487112, 0.0026698317, 0.0026858074, 0.0026922245, 0.0027029212, 0.0027109445, 0.0027141273, 0.0027188244, 0.002721216, 0.0027208636, 0.00271951, 0.0027144256, 0.0027061775, 0.002701115, 0.0026892454, 0.0026760637, 0.0026695018, 0.0026566668, 0.0026450658, 0.0026347975, 0.002630088, 0.0026209243, 0.0026120378, 0.0026076727, 0.0025994014, 0.0025922079, 0.0025862996, 0.002583756, 0.0025792995, 0.0025754238, 0.0025734403, 0.0025691087, 0.002563456, 0.002560053, 0.0025516874, 0.00254141, 0.0025292719, 0.0025227277, 0.0025086275, 0.0024937987, 0.00248639, 0.0024724435, 0.0024600723, 0.0024494955, 0.0024448503, 0.0024365615, 0.0024294218, 0.002426162, 0.002420372, 0.0024157022, 0.002412116, 0.0024106593, 0.0024080577, 0.0024055755, 0.0024042847, 0.0024016725, 0.0023988658, 0.0023973451, 0.0023939668, 0.0023904245, 0.0023867567, 0.0023850354, 0.0023819995, 0.0023800596, 0.0023796696, 0.0023801639, 0.0023820181, 0.0023846733, 0.0023859083, 0.0023875537, 0.0023877844, 0.0023873192, 0.002385186, 0.0023817103, 0.002379492, 0.0023741482, 0.0023676155, 0.0023603516, 0.0023565064, 0.0023487161, 0.0023407952, 0.0023367566, 0.002328753, 0.0023210007, 0.0023142563, 0.002311302, 0.0023065538, 0.0023033507, 0.002302198, 0.0023007507, 0.002299879, 0.0022993856, 0.0022977893, 0.002294773, 0.002289718, 0.0022864256, 0.002278295, 0.002268618, 0.002263299, 0.0022517438, 0.0022390014, 0.0022248158, 0.002216997, 0.0021996938, 0.0021797155, 0.0021687264, 0.0021448126, 0.002118616, 0.0021047397, 0.002075436, 0.002043562, 0.0020087692, 0.001990129, 0.0019499862, 0.001905577, 0.0018815898, 0.0018296712, 0.001771609, 0.0017059401, 0.0016699157, 0.0015918467, 0.0015110548, 0.0014753462, 0.0014412495, 0.0015148574
0, 0, 0, 0, 0, 0, 0, 0, 0.0024487614, 0.0019118025, 0.0017958406, 0.0018224111, 0.0019326354, 0.0020536047, 0.0021085092, 0.0022044727, 0.0022845988, 0.0023540214, 0.0023858845, 0.0024452473, 0.0024996293, 0.0025246616, 0.0025699565, 0.0026086757, 0.0026256025, 0.0026552577, 0.0026803473, 0.0027021784, 0.0027120248, 0.0027300352, 0.0027454104, 0.0027520433, 0.0027630792, 0.002771035, 0.0027759373, 0.0027773082, 0.0027777348, 0.0027753618, 0.0027732323, 0.0027673845, 0.0027598813, 0.0027558466, 0.0027480666, 0.0027413843, 0.002736618, 0.0027350124, 0.0027328779, 0.0027319577, 0.0027317947, 0.0027319714, 0.0027327945, 0.0027339938, 0.002734554, 0.0027356711, 0.0027363207, 0.0027362427, 0.0027351775, 0.002732163, 0.002729823, 0.0027234075, 0.0027147853, 0.0027045265, 0.0026988892, 0.002686656, 0.0026735389, 0.0026669381, 0.0026543767, 0.0026431528, 0.0026337274, 0.0026295434, 0.0026217508, 0.0026141666, 0.002610357, 0.0026025774, 0.0025948484, 0.0025875412, 0.0025839983, 0.0025772443, 0.0025707346, 0.0025675993, 0.0025613285, 0.0025550798, 0.0025519433, 0.0025453675, 0.0025385206, 0.0025315245, 0.0025280872, 0.0025211794, 0.0025149751, 0.0025123246, 0.002508077, 0.0025050053, 0.002502347, 0.0025008311, 0.0024967089, 0.002490804, 0.0024871307, 0.002478557, 0.0024688893, 0.0024637193, 0.0024529337, 0.0024420694, 0.00243145, 0.0024263365, 0.0024164445, 0.0024068863, 0.0024020337, 0.0023922964, 0.0023822503, 0.002372402, 0.00236759, 0.002358481, 0.002350414, 0.002346854, 0.00234089, 0.0023359584, 0.0023335677, 0.0023285963, 0.0023225378, 0.0023148968, 0.002310499, 0.0023006047, 0.0022896184, 0.0022836716, 0.002271056, 0.0022573369, 0.0022423845, 0.0022342347, 0.0022164956, 0.0021962621, 0.0021851622, 0.0021612146, 0.0021352482, 0.0021216734, 0.0020932755, 0.0020628616, 0.002029736, 0.0020118335, 0.001973027, 0.0019296636, 0.0019060501, 0.0018545304, 0.0017961068, 0.00172951, 0.0016927704, 0.0016127708, 0.0015295675, 0.0014925486, 0.0014561394, 0.0015287377
0, 0, 0, 0, 0, 0, 0, 0, 0, 0.0019026145, 0.0018448245, 0.0018678627, 0.0019640152, 0.0020736277, 0.002124185, 0.0022134008, 0.0022888195, 0.002354977, 0.0023856128, 0.0024435173, 0.0024967408, 0.0025215365, 0.0025670622, 0.0026072562, 0.002625643, 0.0026590605, 0.0026891085, 0.0027167439, 0.0027297048, 0.002754088, 0.002775688, 0.0027853576, 0.0028019145, 0.0028152154, 0.0028254879, 0.002829635, 0.0028358132, 0.0028393008, 0.002840019, 0.0028397897, 0.0028373057, 0.0028356405, 0.0028322204, 0.0028300737, 0.0028302993, 0.0028315003, 0.002836123, 0.0028430165, 0.0028469511, 0.0028554616, 0.0028639876, 0.0028717571, 0.0028751802, 0.0028812597, 0.0028861477, 0.0028880811, 0.0028906476, 0.0028909696, 0.002890168, 0.0028866944, 0.0028809847, 0.0028733548, 0.0028689394, 0.0028589796, 0.0028479993, 0.0028423248, 0.002831264, 0.0028212362, 0.0028125169, 0.0028086272, 0.0028010993, 0.0027931836, 0.0027887663, 0.0027790188, 0.0027682432, 0.00275689, 0.0027511395, 0.0027399103, 0.0027291176, 0.0027240524, 0.0027142945, 0.002705214, 0.002700796, 0.0026921164, 0.0026833327, 0.0026744318, 0.002669895, 0.0026606633, 0.0026515168, 0.002647107, 0.0026386746, 0.0026309236, 0.0026229715, 0.0026187322, 0.0026091733, 0.0025976568, 0.002591203, 0.0025771216, 0.0025619995, 0.0025541598, 0.002538635, 0.0025237266, 0.002509966, 0.0025035664, 0.002491528, 0.002480207, 0.0024746389, 0.0024632264, 0.0024511833, 0.0024384637, 0.0024319591, 0.002418816, 0.002406192, 0.0024003645, 0.0023898275, 0.0023806875, 0.0023764872, 0.0023680178, 0.0023590159, 0.002349084, 0.0023437024, 0.0023323284, 0.0023200205, 0.0023135513, 0.002299806, 0.0022849648, 0.0022687751, 0.0022600845, 0.0022412224, 0.0022200027, 0.002208444, 0.002183674, 0.0021570101, 0.0021430631, 0.0021140717, 0.0020832964, 0.002049865, 0.0020318257, 0.0019928108, 0.0019491331, 0.0019253249, 0.0018731359, 0.0018139541, 0.001746261, 0.0017088758, 0.001627379, 0.0015424248, 0.0015044323, 0.0014663979, 0.0015384011
0, 0, 0, 0, 0, 0, 0, 0, 0, 0.0022579683, 0.002009321, 0.0019690283, 0.0019918943, 0.0020695138, 0.0021120252, 0.0021937115, 0.0022676159, 0.0023354753, 0.0023675545, 0.0024285677, 0.0024849256, 0.0025113274, 0.0025603846, 0.0026046531, 0.002625278, 0.0026635518, 0.0026987675, 0.0027312182, 0.0027465315, 0.0027755306, 0.0028015329, 0.0028134487, 0.0028348113, 0.0028532567, 0.0028690104, 0.0028758582, 0.0028875486, 0.0028965476, 0.0028999369, 0.0029046326, 0.002906949, 0.0029074408, 0.002908521, 0.002910866, 0.0029160772, 0.0029200413, 0.0029305818, 0.0029443866, 0.0029519391, 0.0029675267, 0.0029823685, 0.002995313, 0.003001008, 0.0030109857, 0.0030192789, 0.003023018, 0.0030292924, 0.0030337363, 0.0030351127, 0.003036301, 0.0030349612, 0.0030313532, 0.0030287406, 0.0030218458, 0.0030133366, 0.003008667, 0.0029989297, 0.002989565, 0.0029812495, 0.0029773526, 0.0029696922, 0.0029612603, 0.002956427, 0.0029452015, 0.0029319604, 0.0029171559, 0.0029095027, 0.0028941229, 0.0028792873, 0.0028723348, 0.0028594502, 0.0028478827, 0.0028425388, 0.0028323038, 0.002822441, 0.002812504, 0.0028074095, 0.0027968623, 0.0027858466, 0.0027801748, 0.0027686656, 0.0027568634, 0.0027444253, 0.0027377808, 0.0027236051, 0.002707668, 0.002699034, 0.0026807114, 0.002661342, 0.002651526, 0.0026320335, 0.002613633, 0.0025967124, 0.0025889312, 0.0025744615, 0.002560939, 0.0025543154, 0.0025409467, 0.0025270514, 0.0025123158, 0.0025046668, 0.0024890925, 0.0024737497, 0.0024664004, 0.0024527686, 0.002440454, 0.0024347238, 0.0024234345, 0.0024119816, 0.0023999892, 0.0023937551, 0.0023807634, 0.0023669966, 0.002359788, 0.0023445436, 0.0023280648, 0.002310113, 0.0023005083, 0.00227968, 0.0022565695, 0.0022441365, 0.0022175934, 0.0021891429, 0.002174229, 0.0021430615, 0.0021099516, 0.0020742905, 0.0020553041, 0.002014414, 0.0019689472, 0.0019442197, 0.0018902207, 0.0018293125, 0.0017600274, 0.0017218912, 0.001638966, 0.001552582, 0.001513892, 0.0014746065, 0.0015463228
0, 0, 0, 0, 0, 0, 0, 0, 0, 0.0027558196, 0.0021438173, 0.0020156293, 0.001959216, 0.002016706, 0.0020584036, 0.0021456387, 0.002229189, 0.0023067703, 0.0023432558, 0.002411863, 0.0024745576, 0.002503726, 0.0025578444, 0.002607314, 0.0026304254, 0.0026736823, 0.0027131338, 0.0027492428, 0.0027661426, 0.0027978453, 0.0028267703, 0.002840308, 0.0028651631, 0.0028879917, 0.0029084864, 0.0029178294, 0.002934447, 0.002948038, 0.0029536034, 0.0029625504, 0.0029692354, 0.0029719726, 0.002977612, 0.002984785, 0.0029951052, 0.0030017123, 0.0030180395, 0.0030375863, 0.0030480106, 0.0030686466, 0.0030875697, 0.0031036849, 0.003110553, 0.003122616, 0.0031332339, 0.0031382807, 0.003148024, 0.0031570583, 0.0031610676, 0.003167929, 0.0031721904, 0.0031735625, 0.0031731525, 0.0031698602, 0.0031639095, 0.0031601219, 0.0031516051, 0.0031427892, 0.0031343848, 0.0031303302, 0.0031222422, 0.0031131883, 0.0031080057, 0.0030958015, 0.0030810721, 0.0030642306, 0.003055282, 0.0030370846, 0.0030193464, 0.0030110246, 0.0029958056, 0.0029824579, 0.0029763975, 0.0029650424, 0.0029543075, 0.0029434743, 0.0029379136, 0.0029263366, 0.0029139328, 0.0029073472, 0.0028933918, 0.0028783972, 0.0028623561, 0.0028539102, 0.0028360372, 0.0028167567, 0.0028065841, 0.0027852135, 0.0027629796, 0.0027516873, 0.002729099, 0.0027075906, 0.0026876726, 0.0026783256, 0.0026608834, 0.002644611, 0.0026366336, 0.0026208803, 0.0026050438, 0.0025889883, 0.0025808236, 0.0025645525, 0.0025484732, 0.0025407048, 0.002525828, 0.0025119223, 0.0025052193, 0.0024921717, 0.0024790037, 0.0024653985, 0.002458383, 0.002443789, 0.0024283961, 0.0024203148, 0.0024033557, 0.0023848538, 0.0023645726, 0.0023536964, 0.0023301928, 0.002304423, 0.0022906468, 0.002261562, 0.002230367, 0.002214041, 0.0021797551, 0.0021432408, 0.002104261, 0.002083762, 0.0020398644, 0.0019918417, 0.0019659216, 0.0019095892, 0.0018463992, 0.0017751029, 0.0017360378, 0.0016514832, 0.0015634923, 0.0015240865, 0.0014836221, 0.0015550166
0, 0, 0, 0, 0, 0, 0, 0, 0, 0.002654926, 0.0020338686, 0.001900466, 0.0018494235, 0.0019262984, 0.0019799904, 0.0020908257, 0.002194544, 0.0022869268, 0.0023290648, 0.0024059005, 0.0024742, 0.0025056128, 0.0025642589, 0.0026182598, 0.0026436574, 0.0026911472, 0.0027341763, 0.0027728311, 0.0027907218, 0.0028237647, 0.0028542287, 0.002868493, 0.0028956796, 0.0029214271, 0.0029454154, 0.0029566537, 0.0029770478, 0.0029942573, 0.003001651, 0.0030142902, 0.003024743, 0.0030295881, 0.0030398483, 0.0030519797, 0.0030674012, 0.0030766686, 0.0030979903, 0.0031220564, 0.0031343594, 0.003158107, 0.0031790452, 0.0031963573, 0.0032036703, 0.0032165602, 0.0032284376, 0.0032345008, 0.0032472827, 0.0032604677, 0.0032669879, 0.0032790366, 0.0032886143, 0.0032947036, 0.003296362, 0.0032966821, 0.0032932463, 0.0032905021, 0.0032835081, 0.0032755914, 0.0032674815, 0.0032633205, 0.0032548173, 0.0032451102, 0.0032396428, 0.0032268637, 0.0032116433, 0.0031942995, 0.0031849882, 0.0031659119, 0.0031472677, 0.0031383825, 0.003122227, 0.0031079638, 0.003101477, 0.0030892845, 0.0030776314, 0.003065761, 0.0030596503, 0.003046897, 0.0030332527, 0.0030259811, 0.003010432, 0.0029933162, 0.002974656, 0.0029647779, 0.0029440513, 0.002922139, 0.002910749, 0.0028872613, 0.0028628383, 0.0028503998, 0.0028254949, 0.0028013373, 0.0027785252, 0.002767674, 0.0027470023, 0.002727521, 0.0027180787, 0.0026995442, 0.0026816886, 0.0026644322, 0.0026561243, 0.0026399167, 0.0026243087, 0.002616716, 0.0026018838, 0.002587543, 0.0025805444, 0.0025665744, 0.0025523347, 0.0025375623, 0.0025298947, 0.0025138697, 0.002496826, 0.0024878932, 0.0024690444, 0.0024483255, 0.0024253442, 0.0024129497, 0.0023863313, 0.002357477, 0.002342183, 0.002310012, 0.0022757426, 0.0022578258, 0.0022202835, 0.002180562, 0.002138406, 0.0021163067, 0.0020697298, 0.002019259, 0.0019922722, 0.0019339747, 0.0018687975, 0.0017954875, 0.0017553958, 0.0016688647, 0.0015788908, 0.0015385044, 0.0014963634, 0.001567238
0, 0, 0, 0, 0, 0, 0, 0, 0, 0, 0.001851097, 0.0017669246, 0.0017473104, 0.0018531438, 0.0019222245, 0.0020607698, 0.0021840644, 0.002288185, 0.0023336574, 0.0024140815, 0.0024837563, 0.0025159437, 0.0025766909, 0.0026339393, 0.0026612005, 0.0027125638, 0.0027586312, 0.0027994143, 0.0028179332, 0.0028516564, 0.0028824112, 0.0028969676, 0.002925273, 0.0029526537, 0.0029789838, 0.0029915704, 0.0030148088, 0.0030351896, 0.0030441503, 0.0030600752, 0.003074137, 0.0030810374, 0.0030953384, 0.0031119508, 0.0031317815, 0.003143056, 0.0031681277, 0.0031949617, 0.0032084265, 0.00323354, 0.003255235, 0.0032729544, 0.0032804953, 0.0032941618, 0.0033074017, 0.0033143612, 0.0033294803, 0.0033457933, 0.003354083, 0.0033697966, 0.003382841, 0.0033921367, 0.0033952522, 0.0033982021, 0.0033973206, 0.0033957816, 0.0033912167, 0.0033852404, 0.0033782362, 0.0033742948, 0.003365794, 0.003355942, 0.0033503294, 0.00333775, 0.0033230633, 0.0033064818, 0.0032976686, 0.003279663, 0.0032620027, 0.0032535812, 0.0032379278, 0.0032238225, 0.0032172056, 0.0032044551, 0.0031917559, 0.0031787646, 0.0031720693, 0.0031582236, 0.0031438298, 0.0031361864, 0.0031199688, 0.0031019168, 0.0030818384, 0.0030710814, 0.0030483447, 0.0030243823, 0.0030120353, 0.0029866702, 0.0029605364, 0.0029472166, 0.0029203875, 0.0028939573, 0.002868591, 0.0028563982, 0.0028329643, 0.0028104978, 0.0027996309, 0.002778593, 0.002758698, 0.0027403182, 0.0027316383, 0.0027153736, 0.0027000892, 0.0026927222, 0.002678188, 0.0026637537, 0.0026565618, 0.0026419375, 0.0026268424, 0.002610885, 0.0026025681, 0.0025851082, 0.0025663788, 0.002556583, 0.00253568, 0.0025126429, 0.0024868804, 0.002473002, 0.0024433844, 0.0024113478, 0.0023945554, 0.0023594496, 0.0023224188, 0.0023031365, 0.0022632394, 0.002221237, 0.0021769837, 0.0021538925, 0.0021054754, 0.0020533507, 0.002025586, 0.0019657197, 0.0018990135, 0.0018237816, 0.0017826515, 0.001693669, 0.0016009976, 0.0015592538, 0.0015147963, 0.0015846945
0, 0, 0, 0, 0, 0, 0, 0, 0, 0, 0.0019979982, 0.0018100992, 0.0017331018, 0.0018449668, 0.0019217909, 0.0020740044, 0.0022043618, 0.0023094437, 0.0023536915, 0.0024303917, 0.0024969953, 0.0025282702, 0.0025893133, 0.0026489259, 0.0026778607, 0.0027327621, 0.0027819334, 0.0028246478, 0.0028435215, 0.0028776755, 0.0029086045, 0.0029232793, 0.0029523002, 0.0029810718, 0.0030095112, 0.0030233127, 0.0030494917, 0.0030728874, 0.0030835415, 0.0031028253, 0.0031203486, 0.0031289626, 0.0031466994, 0.0031662185, 0.0031886317, 0.0032010234, 0.0032275906, 0.003255306, 0.0032689655, 0.003294468, 0.0033166066, 0.0033353162, 0.0033436397, 0.0033592205, 0.0033744355, 0.0033824206, 0.003399511, 0.0034175639, 0.0034266517, 0.0034437843, 0.003458159, 0.0034685743, 0.0034722432, 0.0034767129, 0.003478122, 0.003477891, 0.003476184, 0.003472958, 0.0034679475, 0.003464853, 0.0034572734, 0.0034480365, 0.0034427657, 0.003431058, 0.0034178023, 0.0034031817, 0.0033955646, 0.0033800045, 0.003364672, 0.0033572929, 0.0033432345, 0.0033299986, 0.0033235312, 0.0033104655, 0.0032971017, 0.0032831742, 0.0032761362, 0.0032616719, 0.0032470552, 0.0032395725, 0.003223851, 0.003206101, 0.003186014, 0.0031749741, 0.0031513767, 0.0031260974, 0.0031130037, 0.0030862335, 0.0030585777, 0.0030445063, 0.0030161557, 0.0029879496, 0.0029606884, 0.0029474925, 0.00292196, 0.0028975245, 0.0028856357, 0.002862803, 0.0028415534, 0.0028220392, 0.002813013, 0.0027960972, 0.0027804642, 0.0027729024, 0.0027579917, 0.0027429578, 0.0027353144, 0.0027195306, 0.0027029803, 0.0026853709, 0.002676164, 0.00265693, 0.0026364068, 0.0026255704, 0.0026024564, 0.0025769558, 0.0025488485, 0.0025337115, 0.0025015958, 0.0024670318, 0.0024490056, 0.0024116207, 0.0023726106, 0.0023525376, 0.002311289, 0.002268342, 0.0022231222, 0.0021994947, 0.0021498727, 0.0020963852, 0.002067868, 0.0020063312, 0.0019376965, 0.0018601276, 0.0018176344, 0.0017255328, 0.0016295079, 0.0015860071, 0.0015384371, 0.0016068415
0, 0, 0, 0, 0, 0, 0, 0, 0, 0, 0.0019060902, 0.0018456669, 0.0018133711, 0.0019119901, 0.0019818875, 0.00212248, 0.0022430387, 0.0023382911, 0.0023782605, 0.0024477285, 0.0025099982, 0.0025404035, 0.0026017204, 0.0026638363, 0.0026942873, 0.002752238, 0.0028039962, 0.0028482147, 0.002867692, 0.002902561, 0.0029341571, 0.0029494662, 0.002980077, 0.0030113913, 0.0030429552, 0.003058492, 0.0030881322, 0.0031150451, 0.0031274247, 0.003149942, 0.0031703021, 0.0031801465, 0.003199884, 0.0032205596, 0.0032433006, 0.0032555207, 0.0032814047, 0.0033081444, 0.0033213196, 0.0033465885, 0.003369687, 0.0033904796, 0.003400157, 0.0034188218, 0.0034370786, 0.0034462223, 0.0034648827, 0.0034835823, 0.0034926746, 0.0035094006, 0.003523245, 0.0035331931, 0.003536743, 0.003541799, 0.0035446808, 0.0035455835, 0.0035464978, 0.0035459702, 0.0035433539, 0.0035412742, 0.003535363, 0.0035274965, 0.003522959, 0.0035129027, 0.0035017692, 0.0034897209, 0.0034834393, 0.003470795, 0.0034581632, 0.0034519918, 0.0034397421, 0.0034275572, 0.0034214198, 0.0034086357, 0.0033952438, 0.003381153, 0.0033740092, 0.003359637, 0.003345487, 0.0033384368, 0.0033238248, 0.0033075432, 0.0032885876, 0.003277961, 0.0032547142, 0.0032293035, 0.0032160166, 0.0031884075, 0.0031598164, 0.0031451536, 0.0031155979, 0.0030862489, 0.003057788, 0.0030439768, 0.0030173156, 0.0029919425, 0.0029796795, 0.002956135, 0.0029343108, 0.0029139556, 0.0029044538, 0.0028864562, 0.0028694742, 0.0028612867, 0.0028450035, 0.0028283705, 0.002819859, 0.0028020814, 0.002783308, 0.0027635267, 0.002753335, 0.0027320154, 0.0027093824, 0.0026974853, 0.002672181, 0.002644635, 0.0026146492, 0.0025986938, 0.0025649506, 0.002528991, 0.0025102445, 0.0024715015, 0.0024314118, 0.002410989, 0.0023692118, 0.0023257982, 0.0022799077, 0.0022557592, 0.0022046382, 0.002149152, 0.002119402, 0.0020551388, 0.0019832908, 0.0019021829, 0.0018578197, 0.0017618468, 0.0016617182, 0.0016161324, 0.0015647978, 0.0016314067
0, 0, 0, 0, 0, 0, 0, 0, 0, 0, 0.002428063, 0.0022669942, 0.0020390176, 0.002028207, 0.0020676886, 0.0021730633, 0.0022755829, 0.0023607367, 0.002397617, 0.0024638318, 0.002525854, 0.0025570586, 0.0026210223, 0.0026860735, 0.0027178463, 0.002778175, 0.002831761, 0.0028777844, 0.0028979906, 0.002934427, 0.0029683337, 0.0029850225, 0.0030191645, 0.0030548247, 0.0030909742, 0.0031087454, 0.0031425045, 0.0031730914, 0.00318695, 0.0032119045, 0.0032339324, 0.0032441185, 0.0032641168, 0.0032842013, 0.0033055607, 0.0033169491, 0.0033407132, 0.0033656822, 0.0033781698, 0.0034031572, 0.00342729, 0.0034505844, 0.0034619926, 0.0034840233, 0.0035053515, 0.003515551, 0.003535155, 0.003553568, 0.0035621652, 0.0035777013, 0.0035901498, 0.0035991953, 0.0036024791, 0.0036074521, 0.003611021, 0.0036125635, 0.003615082, 0.003616163, 0.0036154583, 0.0036142273, 0.003610092, 0.0036039643, 0.0036002074, 0.003592061, 0.0035829155, 0.00357317, 0.0035681454, 0.0035577975, 0.00354727, 0.003541875, 0.0035308513, 0.0035195209, 0.0035137369, 0.0035017636, 0.0034892291, 0.0034759657, 0.003469069, 0.0034553788, 0.003441882, 0.0034352052, 0.003421615, 0.0034067915, 0.00338944, 0.0033795922, 0.0033577452, 0.0033334254, 0.0033204774, 0.003293278, 0.00326459, 0.0032498217, 0.0032199295, 0.003190138, 0.0031611132, 0.003147074, 0.0031199583, 0.0030943016, 0.003082027, 0.0030584887, 0.0030363237, 0.0030151622, 0.0030049232, 0.0029851163, 0.002966008, 0.0029566493, 0.0029380827, 0.0029190686, 0.0029092876, 0.002889116, 0.0028679576, 0.0028460664, 0.0028347988, 0.0028115779, 0.0027871178, 0.0027742924, 0.0027473557, 0.002718401, 0.0026872475, 0.0026709286, 0.002636533, 0.0026000442, 0.002581103, 0.0025419155, 0.002501386, 0.0024806496, 0.002438295, 0.0023939104, 0.0023465306, 0.002321364, 0.0022676531, 0.0022088017, 0.0021771293, 0.0021086498, 0.0020322115, 0.001946545, 0.0018999415, 0.0017993831, 0.0016946093, 0.0016467224, 0.0015912406, 0.001655801
0, 0, 0, 0, 0, 0, 0, 0, 0, 0, 0.0032761144, 0.002843834, 0.0022488744, 0.0020948127, 0.0021040174, 0.0021843296, 0.0022817862, 0.0023694076, 0.00240877, 0.002481544, 0.0025510646, 0.0025858383, 0.0026554924, 0.0027241833, 0.0027573493, 0.00281961, 0.002875291, 0.0029237452, 0.0029455773, 0.0029857657, 0.00302415, 0.0030433168, 0.0030828707, 0.0031240373, 0.00316531, 0.0031853889, 0.003223073, 0.0032563778, 0.0032712608, 0.0032972724, 0.0033193089, 0.0033292808, 0.0033481764, 0.0033668294, 0.003386739, 0.0033972901, 0.0034193995, 0.003442794, 0.0034548952, 0.003479663, 0.0035046402, 0.003529702, 0.0035421704, 0.0035664556, 0.003589179, 0.0035998507, 0.0036195747, 0.0036371106, 0.003645085, 0.0036592023, 0.0036704817, 0.0036789565, 0.003682141, 0.0036871315, 0.0036909783, 0.0036925625, 0.0036951746, 0.0036966794, 0.0036964593, 0.003695611, 0.003692522, 0.0036877184, 0.0036847468, 0.0036780327, 0.0036702384, 0.0036616425, 0.0036571992, 0.0036479214, 0.0036381583, 0.0036330367, 0.0036224343, 0.003611481, 0.0036059401, 0.003594866, 0.0035835898, 0.0035716826, 0.0035654658, 0.0035526056, 0.0035392558, 0.0035325314, 0.0035188026, 0.003504135, 0.003487516, 0.0034784079, 0.0034582908, 0.0034359926, 0.0034240216, 0.0033985663, 0.0033712788, 0.0033570677, 0.0033279932, 0.0032988007, 0.0032698817, 0.0032557694, 0.0032283727, 0.0032024032, 0.0031899244, 0.003165893, 0.0031428903, 0.003120324, 0.003109134, 0.003086686, 0.0030645689, 0.0030536698, 0.0030319921, 0.0030102166, 0.0029992121, 0.0029769405, 0.0029541627, 0.002930782, 0.0029188704, 0.0028943657, 0.00286881, 0.0028555014, 0.0028275894, 0.0027978213, 0.0027660788, 0.0027494817, 0.0027148554, 0.0026782777, 0.002659288, 0.002619979, 0.0025789593, 0.0025577662, 0.0025139244, 0.0024673324, 0.0024170785, 0.0023902599, 0.0023327146, 0.0022693872, 0.0022352827, 0.0021618288, 0.002080396, 0.0019897749, 0.0019407175, 0.0018353944, 0.0017259077, 0.0016757175, 0.0016160436, 0.0016785559
0, 0, 0, 0, 0, 0, 0, 0, 0, 0, 0, 0.0028284432, 0.0022171042, 0.0020487218, 0.0020586234, 0.0021500539, 0.0022638245, 0.0023693172, 0.0024173977, 0.002506522, 0.0025895482, 0.002629501, 0.0027070495, 0.002780375, 0.0028152019, 0.0028805193, 0.002939908, 0.0029932673, 0.0030180498, 0.0030652923, 0.0031108386, 0.0031335738, 0.0031796573, 0.003226059, 0.003271475, 0.0032931785, 0.0033331849, 0.003367726, 0.0033827971, 0.0034086881, 0.0034300978, 0.003439596, 0.003457671, 0.003475604, 0.0034950105, 0.00350533, 0.00352722, 0.003550409, 0.003562486, 0.003587267, 0.0036125379, 0.0036377667, 0.0036501025, 0.0036740573, 0.003695924, 0.0037059744, 0.003724147, 0.0037402883, 0.0037475743, 0.003760666, 0.0037717493, 0.0037805326, 0.0037840134, 0.0037894296, 0.0037931476, 0.003794461, 0.0037959437, 0.0037962499, 0.003795117, 0.0037940575, 0.003790924, 0.003786788, 0.0037843005, 0.0037782073, 0.0037707232, 0.003762051, 0.003757433, 0.0037477054, 0.0037373765, 0.0037319988, 0.003721059, 0.0037099544, 0.003704579, 0.0036941774, 0.003684148, 0.003673504, 0.0036678095, 0.0036552427, 0.0036412284, 0.003633725, 0.0036180012, 0.0036013438, 0.0035838652, 0.0035748289, 0.0035559381, 0.0035358884, 0.003525259, 0.0035026309, 0.0034779108, 0.003464827, 0.003437671, 0.0034097466, 0.0033814916, 0.003367428, 0.0033396517, 0.003312678, 0.0032995082, 0.0032740408, 0.003249148, 0.0032243296, 0.003211767, 0.0031863295, 0.0031608047, 0.003148166, 0.0031232825, 0.003099008, 0.003087018, 0.0030634222, 0.0030399745, 0.0030162362, 0.0030041097, 0.00297923, 0.0029531387, 0.0029395393, 0.0029111132, 0.002880727, 0.002848202, 0.0028312062, 0.0027959098, 0.0027587637, 0.0027395037, 0.002699562, 0.0026573034, 0.0026352017, 0.0025887133, 0.0025386212, 0.0024841928, 0.002455179, 0.0023931016, 0.0023250002, 0.0022885934, 0.002210408, 0.002124317, 0.0020292571, 0.0019779995, 0.0018683333, 0.00175438, 0.0017020691, 0.0016386008, 0.0016993538
0, 0, 0, 0, 0, 0, 0, 0, 0, 0, 0, 0, 0.0021224816, 0.0019979277, 0.002009236, 0.0021111462, 0.0022450956, 0.0023736176, 0.0024328416, 0.0025420398, 0.002640583, 0.0026863832, 0.002772537, 0.0028515868, 0.0028889796, 0.0029596337, 0.003025688, 0.0030877802, 0.0031172473, 0.0031741988, 0.0032289368, 0.003255659, 0.0033079456, 0.003358391, 0.0034059985, 0.003428191, 0.0034687046, 0.003503453, 0.003518426, 0.0035442926, 0.003565775, 0.0035755627, 0.003594225, 0.003613157, 0.0036334384, 0.003644275, 0.0036671723, 0.0036911692, 0.003703455, 0.0037281571, 0.0037527417, 0.0037763296, 0.003787616, 0.0038086462, 0.0038272573, 0.0038356767, 0.0038509488, 0.0038647193, 0.0038712344, 0.0038836563, 0.0038950476, 0.0039049143, 0.00390907, 0.0039153374, 0.0039188014, 0.0039195702, 0.0039193006, 0.003917264, 0.00391399, 0.003912115, 0.0039081313, 0.0039035184, 0.0039009203, 0.0038947056, 0.0038865872, 0.0038767105, 0.003871398, 0.0038601616, 0.0038484605, 0.0038425706, 0.003830899, 0.0038196237, 0.0038142884, 0.0038043417, 0.0037949474, 0.003785005, 0.003779348, 0.0037662142, 0.0037504677, 0.003741698, 0.003722731, 0.00370277, 0.0036828406, 0.00367316, 0.0036544744, 0.0036359865, 0.003626434, 0.0036064743, 0.0035843758, 0.003572498, 0.003547287, 0.0035207006, 0.0034931852, 0.0034791853, 0.0034508083, 0.0034224691, 0.0034084246, 0.0033807822, 0.003353485, 0.0033260183, 0.003312111, 0.0032839123, 0.0032555412, 0.0032414729, 0.003214031, 0.0031879426, 0.0031754083, 0.0031511972, 0.0031276739, 0.0031041238, 0.0030920787, 0.0030670676, 0.0030405712, 0.0030265993, 0.0029971553, 0.0029655565, 0.0029316968, 0.0029139626, 0.0028770939, 0.0028383553, 0.0028182773, 0.0027764926, 0.0027318243, 0.0027081755, 0.0026580375, 0.0026035653, 0.0025443498, 0.0025128904, 0.0024461057, 0.0023736963, 0.0023352169, 0.0022530607, 0.0021632435, 0.0020645582, 0.0020114947, 0.001898133, 0.001780398, 0.0017261119, 0.001659411, 0.0017188132
0, 0, 0, 0, 0, 0, 0, 0, 0, 0, 0, 0, 0.0023918997, 0.0020561914, 0.0020281428, 0.0021035098, 0.0022442099, 0.0023914892, 0.0024611892, 0.0025898227, 0.0027032963, 0.0027550186, 0.002849914, 0.0029362647, 0.0029771326, 0.0030559006, 0.0031317014, 0.00320467, 0.003239874, 0.0033076762, 0.003371637, 0.0034019786, 0.00345921, 0.0035119106, 0.00355976, 0.0035818603, 0.0036222266, 0.003657383, 0.0036730417, 0.003700743, 0.0037246891, 0.0037356864, 0.003756854, 0.003778002, 0.003799955, 0.0038113783, 0.0038348555, 0.0038589453, 0.0038710674, 0.0038951363, 0.0039179497, 0.0039388486, 0.003948406, 0.0039654197, 0.003979619, 0.0039857393, 0.0039971126, 0.0040078824, 0.004013481, 0.004024847, 0.004036418, 0.0040473347, 0.004052082, 0.0040592356, 0.004062575, 0.0040627373, 0.004060579, 0.004055826, 0.0040497133, 0.0040465286, 0.004040285, 0.0040341783, 0.0040309574, 0.004023527, 0.004014003, 0.0040026116, 0.0039963657, 0.0039832965, 0.003970274, 0.0039638467, 0.003951568, 0.003940112, 0.003934759, 0.003924925, 0.003915435, 0.00390507, 0.0038990725, 0.0038848515, 0.0038672283, 0.0038572792, 0.0038355524, 0.003812685, 0.003790454, 0.003779911, 0.0037602913, 0.0037420094, 0.0037328876, 0.0037137573, 0.003692538, 0.0036811044, 0.0036567457, 0.0036307552, 0.0036034936, 0.003589426, 0.0035605815, 0.0035309962, 0.0035161725, 0.0034866906, 0.00345752, 0.0034281928, 0.0034134444, 0.0033836619, 0.0033536658, 0.0033388466, 0.0033101246, 0.0032830788, 0.0032702312, 0.0032455795, 0.0032219575, 0.0031982427, 0.0031860357, 0.0031603018, 0.0031325107, 0.0031177122, 0.0030862773, 0.0030524626, 0.003016397, 0.0029975784, 0.0029583017, 0.0029170914, 0.002895634, 0.0028507814, 0.0028025534, 0.0027769522, 0.0027224696, 0.0026634156, 0.0025994696, 0.002565694, 0.0024944998, 0.002418209, 0.0023779243, 0.0022925504, 0.002199768, 0.0020981007, 0.0020434656, 0.0019268645, 0.0018056879, 0.0017497008, 0.0016800807, 0.0017384109
0, 0, 0, 0, 0, 0, 0, 0, 0, 0, 0, 0, 0.002396265, 0.0021551575, 0.0020936336, 0.0021223933, 0.002259715, 0.0024245838, 0.0025049632, 0.0026529962, 0.0027813832, 0.002838805, 0.0029429896, 0.0030375256, 0.0030826996, 0.0031706702, 0.003256936, 0.0033406052, 0.0033810567, 0.0034580997, 0.0035289486, 0.0035618383, 0.003621946, 0.0036755386, 0.0037232526, 0.0037454471, 0.003786796, 0.0038244931, 0.003841972, 0.0038742004, 0.0039030479, 0.0039164145, 0.003941197, 0.0039647226, 0.003987514, 0.0039987834, 0.004021078, 0.0040432755, 0.0040542902, 0.0040758844, 0.004095989, 0.004113922, 0.004121711, 0.0041348585, 0.0041448483, 0.004149015, 0.0041566095, 0.004164293, 0.004168493, 0.0041781757, 0.0041889963, 0.0041999635, 0.004204885, 0.004212404, 0.0042153583, 0.0042150393, 0.0042110384, 0.0042035556, 0.0041943006, 0.004189443, 0.0041800034, 0.004171078, 0.004166671, 0.004157027, 0.004145828, 0.0041329237, 0.004125847, 0.0041114637, 0.004097388, 0.00409064, 0.0040779337, 0.0040661218, 0.004060601, 0.004050195, 0.0040398976, 0.004028603, 0.004022166, 0.0040071933, 0.0039890623, 0.0039787986, 0.0039564637, 0.003932742, 0.0039094146, 0.003898315, 0.0038773704, 0.0038576634, 0.0038477553, 0.003827148, 0.0038044993, 0.0037923579, 0.0037668936, 0.0037402478, 0.003712682, 0.0036984591, 0.0036692398, 0.0036391376, 0.0036239661, 0.0035937012, 0.003563766, 0.0035339745, 0.0035190086, 0.0034889828, 0.003458905, 0.0034440886, 0.003415235, 0.0033877422, 0.0033745992, 0.0033493522, 0.0033247944, 0.0032997907, 0.0032867547, 0.0032590388, 0.0032285936, 0.0032123278, 0.0031777842, 0.003140807, 0.0031017552, 0.003081507, 0.0030393933, 0.0029951711, 0.002972097, 0.002923581, 0.0028713415, 0.0028436957, 0.0027851614, 0.0027220068, 0.0026540123, 0.0026182362, 0.0025433057, 0.0024636304, 0.00242184, 0.002333736, 0.002238351, 0.0021338454, 0.0020776761, 0.0019577171, 0.0018329759, 0.0017752557, 0.0017025862, 0.0017597592
0, 0, 0, 0, 0, 0, 0, 0, 0, 0, 0, 0, 0.003086807, 0.0023870822, 0.0022066457, 0.0021465628, 0.0022860868, 0.0024760002, 0.0025690866, 0.0027374316, 0.002879852, 0.0029425405, 0.0030553835, 0.0031578257, 0.0032068552, 0.0033030785, 0.0033975383, 0.0034891262, 0.0035330646, 0.0036160282, 0.0036908563, 0.0037248824, 0.0037865576, 0.0038405855, 0.0038892091, 0.003912132, 0.0039563826, 0.00399888, 0.0040192087, 0.004057855, 0.0040928144, 0.0041087507, 0.004137333, 0.0041623553, 0.0041841865, 0.004194265, 0.0042131664, 0.004231311, 0.0042402404, 0.004257959, 0.004274723, 0.0042894944, 0.0042958166, 0.004305978, 0.0043132454, 0.004316058, 0.004320914, 0.004326009, 0.004329036, 0.00433634, 0.004345299, 0.0043546627, 0.004359062, 0.0043656854, 0.004367718, 0.00436681, 0.004360991, 0.004350947, 0.0043384773, 0.004331856, 0.0043187067, 0.004306181, 0.0043000504, 0.004287783, 0.004274818, 0.004260653, 0.004253374, 0.0042384514, 0.004223789, 0.0042166794, 0.004203284, 0.00419077, 0.0041847723, 0.004173186, 0.00416165, 0.0041494663, 0.0041429666, 0.004128546, 0.004111832, 0.004102511, 0.004082122, 0.00405994, 0.004037164, 0.0040258192, 0.0040036063, 0.00398136, 0.0039699157, 0.003946032, 0.003920197, 0.00390667, 0.0038788847, 0.0038507148, 0.0038222938, 0.0038078825, 0.0037785186, 0.0037484705, 0.003733334, 0.003703164, 0.0036733374, 0.0036437996, 0.0036290511, 0.0035996563, 0.0035703739, 0.0035558722, 0.0035273114, 0.0034995438, 0.0034860033, 0.0034592922, 0.003432634, 0.0034050657, 0.0033905455, 0.003359566, 0.0033253687, 0.00330706, 0.0032684153, 0.0032276427, 0.0031851756, 0.0031633216, 0.0031181949, 0.0030708394, 0.0030461818, 0.0029942968, 0.0029386345, 0.0029092869, 0.002847639, 0.0027815355, 0.0027108577, 0.0026737982, 0.0025962482, 0.0025140536, 0.0024710714, 0.0023805287, 0.0022824865, 0.002174963, 0.00211709, 0.0019932585, 0.001864404, 0.0018046075, 0.0017283654, 0.0017840526
0, 0, 0, 0, 0, 0, 0, 0, 0, 0, 0, 0, 0, 0.002400287, 0.0022085896, 0.0021651841, 0.0023392504, 0.002558057, 0.002661368, 0.0028438785, 0.00299491, 0.0030608964, 0.0031798861, 0.0032880772, 0.0033399002, 0.003441626, 0.003540891, 0.0036368023, 0.0036827044, 0.0037688268, 0.0038461066, 0.0038811294, 0.003944434, 0.004000327, 0.004051471, 0.0040761037, 0.0041246563, 0.004172331, 0.004195577, 0.0042399885, 0.0042800293, 0.004297902, 0.004328989, 0.0043541524, 0.0043741306, 0.004382648, 0.004397401, 0.004410871, 0.004417492, 0.004431038, 0.004444334, 0.004456332, 0.004461497, 0.0044698324, 0.0044758376, 0.00447814, 0.0044821096, 0.0044859806, 0.004488166, 0.004493253, 0.0044993334, 0.004505805, 0.0045086993, 0.0045125936, 0.004512401, 0.0045104, 0.004502625, 0.0044904347, 0.004475325, 0.0044671143, 0.004450475, 0.004434186, 0.0044264384, 0.0044114627, 0.0043969247, 0.004382287, 0.00437487, 0.004359979, 0.0043450105, 0.0043376554, 0.004323426, 0.0043098642, 0.004303266, 0.004290309, 0.0042777555, 0.004265296, 0.0042590443, 0.0042462316, 0.004232295, 0.004224612, 0.0042075203, 0.004188145, 0.0041668243, 0.004155674, 0.0041323667, 0.004107638, 0.0040946114, 0.004067107, 0.0040380666, 0.0040232115, 0.0039933054, 0.003963727, 0.0039343587, 0.003919721, 0.0038900792, 0.003860065, 0.003845044, 0.003815069, 0.0037853294, 0.0037558845, 0.0037412997, 0.0037123705, 0.0036835521, 0.0036692726, 0.0036406403, 0.0036119763, 0.003597528, 0.0035684528, 0.0035387222, 0.0035075932, 0.0034911986, 0.003456196, 0.0034178193, 0.0033974561, 0.0033546952, 0.0033099272, 0.0032638642, 0.0032403443, 0.0031921493, 0.0031419708, 0.0031158896, 0.003061332, 0.0030034191, 0.0029730937, 0.0029097227, 0.0028422838, 0.0027704574, 0.00273284, 0.0026539692, 0.0025702566, 0.002526354, 0.0024336355, 0.0023328646, 0.0022219548, 0.0021621305, 0.0020340492, 0.0019003804, 0.0018381701, 0.0017576084, 0.0018113982
0, 0, 0, 0, 0, 0, 0, 0, 0, 0, 0, 0, 0, 0.0023252817, 0.0022747319, 0.0022959094, 0.0024666642, 0.0026768139, 0.0027766102, 0.002954285, 0.0031038492, 0.0031704642, 0.0032924209, 0.003404862, 0.003458969, 0.0035646264, 0.003667131, 0.0037657348, 0.0038130318, 0.0039022022, 0.003982932, 0.0040198574, 0.0040872484, 0.004147416, 0.004203081, 0.004230058, 0.0042828927, 0.0043345373, 0.004359545, 0.0044069197, 0.004449143, 0.004467807, 0.0044999174, 0.004524986, 0.004543477, 0.004550796, 0.004562757, 0.0045730756, 0.004578036, 0.004588433, 0.0045990176, 0.004609024, 0.0046136095, 0.0046215225, 0.004627885, 0.004630703, 0.0046356693, 0.0046398607, 0.0046418165, 0.0046452265, 0.0046480275, 0.00465022, 0.0046508615, 0.0046504512, 0.0046465998, 0.004643158, 0.004633181, 0.0046192952, 0.004602588, 0.0045934087, 0.0045742677, 0.004555011, 0.0045458484, 0.0045286138, 0.0045127585, 0.0044978973, 0.004490595, 0.0044759363, 0.0044608144, 0.0044533107, 0.0044384995, 0.0044241333, 0.0044171074, 0.0044033355, 0.004390239, 0.004377858, 0.004372042, 0.0043607173, 0.0043491814, 0.0043428573, 0.004328719, 0.0043117707, 0.0042919395, 0.004280935, 0.0042570326, 0.004230636, 0.004216488, 0.0041867793, 0.004156051, 0.004140618, 0.004109976, 0.004079785, 0.0040499433, 0.0040349597, 0.004004797, 0.0039744135, 0.003959142, 0.00392869, 0.0038984576, 0.003868456, 0.0038535763, 0.0038240363, 0.0037947274, 0.0037800123, 0.0037501564, 0.00371938, 0.0037035707, 0.0036711877, 0.003637597, 0.0036023713, 0.0035839619, 0.0035450803, 0.0035031028, 0.0034809907, 0.0034350185, 0.003387026, 0.0033376992, 0.0033126753, 0.0032616118, 0.0032088307, 0.0031815956, 0.0031251847, 0.0030660015, 0.0030352448, 0.0029712426, 0.0029035192, 0.0028315296, 0.002793788, 0.0027145434, 0.0026298224, 0.002585191, 0.0024904192, 0.0023868582, 0.0022723938, 0.0022105924, 0.002078039, 0.0019394278, 0.0018746121, 0.0017893167, 0.0018408567
0, 0, 0, 0, 0, 0, 0, 0, 0, 0, 0, 0, 0, 0.0030869807, 0.0028977261, 0.002646125, 0.0026570226, 0.0027892983, 0.0028684183, 0.0030246705, 0.003169127, 0.0032364286, 0.0033633693, 0.003482728, 0.003540387, 0.0036518937, 0.003759238, 0.0038624103, 0.0039118687, 0.004006053, 0.004092657, 0.0041329334, 0.004207273, 0.0042744894, 0.004336355, 0.004365915, 0.0044223466, 0.004475678, 0.004500968, 0.004548322, 0.004590542, 0.004609317, 0.0046419306, 0.0046676425, 0.004686787, 0.0046942686, 0.0047061364, 0.004715386, 0.0047197286, 0.004728459, 0.004737603, 0.0047470783, 0.0047517684, 0.0047609243, 0.0047696102, 0.0047737374, 0.0047812737, 0.004787127, 0.0047891787, 0.004791406, 0.0047911163, 0.0047886474, 0.004786761, 0.0047811256, 0.004773029, 0.004767996, 0.0047559673, 0.0047412156, 0.0047239363, 0.0047143637, 0.0046941307, 0.00467331, 0.0046631685, 0.00464421, 0.0046274075, 0.004612233, 0.004604924, 0.0045903404, 0.0045752767, 0.004567738, 0.0045527364, 0.00453803, 0.004530876, 0.0045168595, 0.0045036273, 0.0044912645, 0.004485461, 0.004474452, 0.0044634813, 0.0044576568, 0.0044445116, 0.004428551, 0.0044094417, 0.004398557, 0.004374426, 0.0043473747, 0.004332996, 0.0043030563, 0.004272607, 0.0042575905, 0.0042278427, 0.0041983007, 0.0041683987, 0.004153209, 0.004122258, 0.00409084, 0.004075091, 0.0040435204, 0.004012008, 0.003980636, 0.003965, 0.003933779, 0.0039024698, 0.0038865674, 0.0038540873, 0.0038201346, 0.0038025265, 0.003766224, 0.0037285185, 0.0036892984, 0.0036689835, 0.0036268495, 0.0035823912, 0.0035592767, 0.0035114035, 0.0034614918, 0.0034099217, 0.0033836353, 0.0033300174, 0.0032749786, 0.0032468166, 0.0031888562, 0.0031285577, 0.0030973633, 0.003032629, 0.0029643695, 0.0028919664, 0.0028540473, 0.0027743327, 0.0026886151, 0.0026431875, 0.0025462839, 0.0024399436, 0.00232217, 0.002258521, 0.0021217922, 0.0019784716, 0.0019111811, 0.0018212701, 0.0018706223
0, 0, 0, 0, 0, 0, 0, 0, 0, 0, 0, 0, 0, 0.004289346, 0.0037581949, 0.0029923373, 0.0027611838, 0.0028010411, 0.0028621561, 0.0030097312, 0.003162668, 0.0032368726, 0.0033791529, 0.0035131027, 0.0035772603, 0.0036999732, 0.0038162211, 0.003926642, 0.0039796475, 0.004080623, 0.0041747736, 0.004219039, 0.004301792, 0.004377228, 0.0044458755, 0.0044779144, 0.004537611, 0.0045917514, 0.0046169823, 0.004663784, 0.0047058193, 0.0047248644, 0.004759023, 0.0047871894, 0.0048088976, 0.0048176167, 0.004831287, 0.004841507, 0.004845891, 0.004854507, 0.004863783, 0.004874249, 0.004879834, 0.0048918035, 0.0049040047, 0.004909985, 0.0049207117, 0.004928368, 0.0049307356, 0.004932102, 0.0049293116, 0.0049232696, 0.004919197, 0.004909475, 0.0048979623, 0.004891653, 0.0048781596, 0.0048631816, 0.004846313, 0.0048370496, 0.004816966, 0.0047957795, 0.0047852523, 0.004765382, 0.0047476985, 0.0047320575, 0.0047245994, 0.004709689, 0.004694765, 0.004687189, 0.0046721566, 0.004657362, 0.0046501295, 0.004635818, 0.0046220594, 0.0046089618, 0.0046025948, 0.004590369, 0.004577884, 0.0045712716, 0.0045568887, 0.0045401747, 0.0045206784, 0.004509764, 0.004485785, 0.0044592153, 0.004445167, 0.004416527, 0.004387896, 0.004373768, 0.0043458184, 0.0043174615, 0.0042878673, 0.00427248, 0.0042407573, 0.0042081284, 0.0041916436, 0.0041584894, 0.0041253506, 0.0040921182, 0.00407538, 0.004041743, 0.004007484, 0.003989879, 0.003953795, 0.0039160857, 0.003896686, 0.003856729, 0.00381539, 0.0037727884, 0.0037509527, 0.0037062978, 0.0036603909, 0.0036368226, 0.0035882727, 0.003537612, 0.0034846766, 0.0034574491, 0.0034018194, 0.0033446935, 0.0033155482, 0.0032557647, 0.003193532, 0.003161325, 0.003094572, 0.0030243648, 0.0029502711, 0.0029115805, 0.0028302826, 0.0027428414, 0.0026964985, 0.002597356, 0.0024883912, 0.0023676571, 0.0023023933, 0.0021620975, 0.0020145671, 0.001945083, 0.0018510869, 0.0018986419
0, 0, 0, 0, 0, 0, 0, 0, 0, 0, 0, 0, 0, 0, 0.0038901225, 0.0029993225, 0.0026503224, 0.0026681114, 0.0027362776, 0.0029117619, 0.0030967554, 0.0031863174, 0.0033564493, 0.0035133571, 0.0035869698, 0.0037253113, 0.0038532116, 0.003972051, 0.004028516, 0.0041362825, 0.0042368784, 0.004284473, 0.0043741837, 0.004456807, 0.004531729, 0.004566331, 0.0046298397, 0.004686325, 0.0047124294, 0.0047609257, 0.004805039, 0.0048254975, 0.0048627676, 0.0048942408, 0.004919579, 0.004929748, 0.004945852, 0.0049575935, 0.004962542, 0.0049722735, 0.0049828887, 0.004995457, 0.005002588, 0.0050178454, 0.005033585, 0.005041077, 0.005054096, 0.005062951, 0.0050653853, 0.0050663925, 0.005062534, 0.005055023, 0.005050254, 0.005038914, 0.005026299, 0.00501955, 0.00500575, 0.004991304, 0.0049754987, 0.004966875, 0.0049478877, 0.004927443, 0.0049170447, 0.0048970925, 0.004878851, 0.00486253, 0.0048548323, 0.0048395433, 0.0048243105, 0.0048165233, 0.004801133, 0.004785831, 0.0047782427, 0.004763033, 0.0047479095, 0.004732876, 0.004725455, 0.0047105756, 0.0046951924, 0.004687196, 0.0046701524, 0.00465139, 0.0046306606, 0.0046195798, 0.004595846, 0.0045703473, 0.0045570936, 0.00453022, 0.0045035495, 0.004490305, 0.004463665, 0.004436022, 0.004406462, 0.004390853, 0.004358274, 0.004324248, 0.004306912, 0.004271988, 0.004236851, 0.0042014685, 0.0041836346, 0.0041472944, 0.004109917, 0.004090694, 0.00405133, 0.0040106648, 0.003989875, 0.0039474294, 0.0039036458, 0.0038586482, 0.0038357673, 0.0037893963, 0.003742289, 0.003718386, 0.0036693497, 0.0036181426, 0.0035643005, 0.0035364327, 0.0034791792, 0.00342, 0.0033896768, 0.0033272402, 0.003261983, 0.0032281165, 0.0031578569, 0.0030841467, 0.0030067135, 0.0029664629, 0.0028822408, 0.0027921663, 0.0027444912, 0.0026428818, 0.002531305, 0.002407835, 0.0023410865, 0.0021975646, 0.0020463993, 0.0019750427, 0.0018777301, 0.0019238708
0, 0, 0, 0, 0, 0, 0, 0, 0, 0, 0, 0, 0, 0, 0, 0.002774652, 0.0024299398, 0.0024823805, 0.0025728955, 0.002795003, 0.0030227415, 0.0031311628, 0.0033330547, 0.003514413, 0.0035978653, 0.0037514342, 0.0038893383, 0.004014722, 0.004073628, 0.004184995, 0.0042887274, 0.004338171, 0.004431726, 0.0045189173, 0.0045990264, 0.0046361475, 0.0047047255, 0.004766442, 0.0047952263, 0.0048488933, 0.004898076, 0.004920779, 0.004961974, 0.0049968627, 0.0050247675, 0.005036022, 0.0050540227, 0.0050674784, 0.0050733183, 0.0050850944, 0.0050982772, 0.0051136403, 0.0051220898, 0.005139914, 0.0051573147, 0.005165298, 0.0051785563, 0.005187193, 0.0051895315, 0.0051907073, 0.00518779, 0.0051817936, 0.0051778867, 0.0051684068, 0.005157303, 0.00515138, 0.0051390445, 0.0051261648, 0.0051120627, 0.0051043346, 0.005087185, 0.0050683054, 0.0050585005, 0.005039315, 0.0050211083, 0.00500436, 0.004996279, 0.0049805176, 0.004964781, 0.0049568736, 0.004940781, 0.0049244426, 0.00491614, 0.004899295, 0.0048819846, 0.0048642294, 0.004855232, 0.0048370208, 0.004818193, 0.0048084995, 0.004788521, 0.00476742, 0.0047454676, 0.004734162, 0.0047107697, 0.0046862876, 0.0046737674, 0.0046483288, 0.0046225237, 0.0046094893, 0.004582703, 0.004554323, 0.004523698, 0.0045074495, 0.004473421, 0.0044375877, 0.0044192714, 0.0043821246, 0.0043447404, 0.004307047, 0.0042880382, 0.0042494913, 0.004209866, 0.0041896403, 0.004148381, 0.004106262, 0.0040849373, 0.0040414804, 0.0039966586, 0.003950438, 0.0039268555, 0.0038789771, 0.0038303141, 0.0038057107, 0.003755387, 0.0037029213, 0.0036479593, 0.0036194671, 0.0035606062, 0.0034993014, 0.0034676504, 0.003402097, 0.003333076, 0.0032972223, 0.0032229119, 0.0031448975, 0.0030633276, 0.0030210821, 0.0029330438, 0.002839506, 0.0027902448, 0.002685701, 0.0025713246, 0.002444967, 0.0023767161, 0.0022299145, 0.0020754226, 0.002002323, 0.0019021098, 0.0019472871
0, 0, 0, 0, 0, 0, 0, 0, 0, 0, 0, 0, 0, 0, 0, 0.0025110936, 0.00233601, 0.0023910438, 0.0024880623, 0.0027357473, 0.0029934738, 0.0031155078, 0.0033398422, 0.0035374851, 0.0036269776, 0.003789274, 0.003932445, 0.004060417, 0.0041199615, 0.0042317603, 0.004335652, 0.00438532, 0.0044802264, 0.0045698644, 0.004653868, 0.0046935375, 0.004768097, 0.004836794, 0.0048691924, 0.004930063, 0.0049853, 0.005010678, 0.0050558583, 0.005093294, 0.005122998, 0.0051350463, 0.0051548015, 0.0051705204, 0.005177881, 0.005192606, 0.0052088574, 0.0052266777, 0.00523594, 0.0052544097, 0.0052711423, 0.005278431, 0.0052899793, 0.0052972804, 0.0052995374, 0.0053015198, 0.0053014765, 0.0052994676, 0.005297758, 0.0052928417, 0.0052860267, 0.0052819448, 0.005272897, 0.0052626724, 0.005250988, 0.0052444986, 0.005229633, 0.005213012, 0.0052043255, 0.0051865648, 0.005169233, 0.005152588, 0.0051445025, 0.005128678, 0.005112949, 0.0051050014, 0.005088651, 0.0050715497, 0.005062693, 0.0050439825, 0.005024093, 0.0050033573, 0.0049926853, 0.004971158, 0.004949187, 0.0049381233, 0.0049156784, 0.0048930915, 0.0048703062, 0.0048588114, 0.0048355204, 0.0048115854, 0.004799322, 0.0047739167, 0.0047472767, 0.0047334274, 0.004704499, 0.0046736165, 0.0046404405, 0.004622951, 0.004586442, 0.0045481343, 0.0045284894, 0.0044887164, 0.0044487235, 0.0044087893, 0.0043887384, 0.0043484936, 0.0043078866, 0.0042873034, 0.004245808, 0.004203776, 0.004182512, 0.004139272, 0.004094431, 0.0040476406, 0.00402351, 0.003973943, 0.0039229933, 0.003897102, 0.0038442719, 0.003789518, 0.003732605, 0.0037032692, 0.003642555, 0.0035789746, 0.003545938, 0.003477326, 0.003404931, 0.0033673437, 0.0032894386, 0.0032077013, 0.0031223767, 0.003078171, 0.0029863673, 0.002889148, 0.0028381362, 0.0027302862, 0.0026127854, 0.0024831179, 0.0024131006, 0.0022626817, 0.0021045946, 0.0020297908, 0.0019266409, 0.0019709214
0, 0, 0, 0, 0, 0, 0, 0, 0, 0, 0, 0, 0, 0, 0, 0.0031301752, 0.002529806, 0.002447806, 0.0025224234, 0.002760335, 0.0030234167, 0.003148702, 0.0033776693, 0.0035774342, 0.0036672498, 0.0038296774, 0.003972873, 0.0041008405, 0.004160307, 0.004272025, 0.0043762494, 0.0044260686, 0.0045220414, 0.004613536, 0.0047007552, 0.004742484, 0.0048224377, 0.004897134, 0.0049327253, 0.004999571, 0.0050600525, 0.005087525, 0.0051360917, 0.0051761554, 0.0052082846, 0.005221609, 0.0052444544, 0.005264024, 0.0052732895, 0.0052919774, 0.0053111175, 0.0053304937, 0.00533992, 0.005357263, 0.005371699, 0.0053776214, 0.0053867204, 0.0053929607, 0.0053953063, 0.0053994856, 0.00540327, 0.0054066577, 0.0054078377, 0.0054089236, 0.005407762, 0.005406261, 0.0054015806, 0.005394828, 0.005385796, 0.005380491, 0.0053682406, 0.0053541744, 0.005346695, 0.0053311777, 0.0053154384, 0.0052998657, 0.0052922433, 0.00527741, 0.0052628303, 0.0052554337, 0.005240051, 0.0052233357, 0.005214337, 0.005194679, 0.0051730545, 0.0051499372, 0.0051380885, 0.005113976, 0.005089897, 0.00507795, 0.005054365, 0.005031038, 0.005007814, 0.0049960986, 0.004972327, 0.0049476437, 0.0049347426, 0.004907524, 0.0048782015, 0.0048626475, 0.004829872, 0.0047949846, 0.004758088, 0.004738894, 0.004699183, 0.0046579274, 0.0046368646, 0.0045943665, 0.0045517003, 0.004509473, 0.0044885143, 0.004447074, 0.004405942, 0.0043853926, 0.00434433, 0.004303107, 0.004282217, 0.0042394535, 0.0041947216, 0.004147278, 0.0041224547, 0.0040708696, 0.004016958, 0.003989407, 0.0039331, 0.0038752255, 0.003815561, 0.003785045, 0.0037220765, 0.0036560867, 0.0036218555, 0.0035506927, 0.003475888, 0.0034371675, 0.0033569657, 0.0032729744, 0.003184999, 0.003139356, 0.0030444392, 0.0029440501, 0.002891355, 0.0027800193, 0.0026588656, 0.0025252637, 0.0024532482, 0.002298665, 0.0021363473, 0.0020595258, 0.0019530511, 0.00199609
0, 0, 0, 0, 0, 0, 0, 0, 0, 0, 0, 0, 0, 0, 0, 0, 0.0027012627, 0.0025890751, 0.002636016, 0.002840008, 0.003084679, 0.0032026563, 0.0034183324, 0.0036074256, 0.003693233, 0.0038506358, 0.0039925557, 0.0041221874, 0.0041831853, 0.004298653, 0.0044069663, 0.00445878, 0.0045583574, 0.0046529034, 0.0047426014, 0.0047856555, 0.0048683165, 0.004946063, 0.004983092, 0.0050530373, 0.005116487, 0.0051455223, 0.00519753, 0.0052416525, 0.0052782902, 0.0052942876, 0.0053225136, 0.0053475415, 0.0053592944, 0.005381777, 0.0054030875, 0.0054228366, 0.00543186, 0.005447578, 0.0054597994, 0.0054647904, 0.0054729823, 0.005479787, 0.005483162, 0.005490536, 0.00549903, 0.005507715, 0.0055117756, 0.005518661, 0.005522903, 0.005524018, 0.005523718, 0.005520344, 0.0055138497, 0.0055096224, 0.005499398, 0.0054874, 0.005480986, 0.005467687, 0.0054538776, 0.005440303, 0.0054336125, 0.005420685, 0.005408211, 0.005401934, 0.0053887614, 0.005373865, 0.005365453, 0.0053466232, 0.0053249467, 0.0053013046, 0.0052889893, 0.0052641574, 0.005239642, 0.0052275653, 0.005203973, 0.0051805465, 0.0051567564, 0.0051445127, 0.005119168, 0.005091988, 0.0050775665, 0.0050467425, 0.005013197, 0.0049954066, 0.0049579833, 0.004918742, 0.0048779896, 0.00485718, 0.004814527, 0.004770699, 0.004748473, 0.0047035017, 0.0046585114, 0.0046141106, 0.004592244, 0.004549467, 0.0045077675, 0.004487122, 0.004446135, 0.004405, 0.0043840846, 0.0043409425, 0.004295429, 0.004246592, 0.0042208475, 0.0041667502, 0.0041098082, 0.004080515, 0.0040205745, 0.003959266, 0.0038965263, 0.0038645943, 0.003799009, 0.0037307425, 0.0036955038, 0.0036224378, 0.003546175, 0.0035068293, 0.003425493, 0.00334036, 0.0032509554, 0.0032043962, 0.0031073699, 0.0030041512, 0.0029498609, 0.002834871, 0.0027095755, 0.0025715698, 0.0024972302, 0.0023379675, 0.002170817, 0.002091679, 0.0019811308, 0.0020224708
0, 0, 0, 0, 0, 0, 0, 0, 0, 0, 0, 0, 0, 0, 0, 0, 0.003235133, 0.002822586, 0.0028017443, 0.0029287902, 0.0031297752, 0.0032318945, 0.0034245232, 0.0035994926, 0.0036813037, 0.0038362837, 0.0039816923, 0.0041189454, 0.0041845846, 0.004310286, 0.0044285315, 0.0044847694, 0.004591527, 0.004690937, 0.004783057, 0.0048267143, 0.004909604, 0.004987003, 0.00502401, 0.0050941547, 0.005159115, 0.005189567, 0.005245745, 0.005295561, 0.0053393715, 0.005359219, 0.005394944, 0.0054262104, 0.005440368, 0.005465966, 0.005488259, 0.0055074496, 0.0055158664, 0.005530524, 0.0055424916, 0.0055477354, 0.005557854, 0.0055680545, 0.0055734036, 0.0055851783, 0.0055980566, 0.005611158, 0.005617401, 0.0056285346, 0.005636998, 0.0056399717, 0.0056433543, 0.0056426087, 0.0056380904, 0.0056346254, 0.0056257974, 0.005615178, 0.0056093805, 0.005597365, 0.0055849487, 0.00557278, 0.005566929, 0.005555856, 0.0055455156, 0.005540437, 0.0055296416, 0.005517139, 0.005509906, 0.0054931734, 0.005473419, 0.005451361, 0.005439769, 0.005416315, 0.0053932974, 0.0053819753, 0.0053593796, 0.0053361203, 0.005311234, 0.005297988, 0.0052697584, 0.005238895, 0.0052223653, 0.00518705, 0.005148851, 0.005128812, 0.0050872816, 0.005044494, 0.005001042, 0.0049790847, 0.00493475, 0.004889621, 0.004866692, 0.0048202295, 0.00477352, 0.004727274, 0.0047045625, 0.00466018, 0.004617122, 0.0045959246, 0.004553825, 0.0045112264, 0.00448942, 0.004444293, 0.0043963436, 0.0043450785, 0.004318042, 0.0042612464, 0.004201366, 0.0041705794, 0.0041075596, 0.0040432513, 0.0039777067, 0.003944325, 0.0038762465, 0.0038057712, 0.0037695346, 0.003695013, 0.0036174865, 0.003577579, 0.0034953656, 0.0034093661, 0.003318854, 0.0032716563, 0.0031728116, 0.0030667956, 0.0030108064, 0.0028918372, 0.0027619994, 0.0026193485, 0.0025426007, 0.0023784183, 0.0022063246, 0.0021246497, 0.0020097024, 0.002048972
0, 0, 0, 0, 0, 0, 0, 0, 0, 0, 0, 0, 0, 0, 0, 0, 0.00335951, 0.0030472165, 0.0029632363, 0.0029749344, 0.0031117208, 0.003196379, 0.003371932, 0.0035442768, 0.0036282386, 0.003791771, 0.0039498266, 0.0041019088, 0.0041753035, 0.004316388, 0.0044485205, 0.0045108465, 0.0046271333, 0.004732487, 0.0048272996, 0.0048713563, 0.0049535697, 0.005029764, 0.0050661177, 0.0051360033, 0.0052025192, 0.0052345446, 0.005295799, 0.0053527346, 0.0054046516, 0.005428601, 0.005471735, 0.005508567, 0.005524522, 0.005551889, 0.00557414, 0.005592741, 0.005600969, 0.005616303, 0.0056307954, 0.005638127, 0.0056533213, 0.0056692963, 0.00567745, 0.0056938957, 0.0057101375, 0.005725564, 0.0057327617, 0.0057455786, 0.0057561444, 0.0057602525, 0.0057659973, 0.0057676453, 0.0057650823, 0.005762294, 0.0057546026, 0.0057448, 0.005739281, 0.0057274005, 0.0057150256, 0.0057029035, 0.0056971535, 0.0056865136, 0.0056767324, 0.0056720464, 0.0056624482, 0.005651337, 0.0056450157, 0.0056304554, 0.0056131533, 0.0055936873, 0.0055834195, 0.0055627255, 0.0055422424, 0.0055319862, 0.005510848, 0.005487906, 0.0054618763, 0.005447571, 0.005416128, 0.005381342, 0.0053627533, 0.005323359, 0.0052815145, 0.0052599143, 0.0052158944, 0.005171385, 0.0051267967, 0.0051045665, 0.0050599347, 0.0050147837, 0.0049918336, 0.004945148, 0.004897858, 0.0048506116, 0.0048272237, 0.004781205, 0.0047361394, 0.0047138254, 0.004669073, 0.004623315, 0.0045997687, 0.0045509664, 0.004499192, 0.0044443607, 0.004415698, 0.004356069, 0.004293756, 0.004261795, 0.0041967505, 0.004130193, 0.004062349, 0.004027879, 0.003957517, 0.0038848743, 0.0038476184, 0.0037711794, 0.0036918477, 0.003651029, 0.003566912, 0.0034791175, 0.0033867927, 0.003338559, 0.0032372137, 0.0031280904, 0.0030702532, 0.0029470462, 0.0028127213, 0.0026655174, 0.0025865166, 0.002417858, 0.002241106, 0.0021570937, 0.002037893, 0.002075269
0, 0, 0, 0, 0, 0, 0, 0, 0, 0, 0, 0, 0, 0, 0, 0, 0.00440738, 0.003421186, 0.0031318327, 0.0029302957, 0.0030015844, 0.003080459, 0.0032670477, 0.0034616424, 0.003557604, 0.0037441028, 0.003923146, 0.004094195, 0.004176373, 0.004333217, 0.0044783973, 0.004546138, 0.0046713115, 0.0047824834, 0.0048806914, 0.004925481, 0.005008259, 0.005084668, 0.005121376, 0.0051925797, 0.005262024, 0.0052961777, 0.0053629642, 0.005426667, 0.00548585, 0.0055131675, 0.0055617727, 0.0056020496, 0.0056189774, 0.0056471596, 0.0056694746, 0.0056885257, 0.0056976443, 0.005716084, 0.005735981, 0.005746747, 0.005769133, 0.0057918727, 0.0058028013, 0.005823127, 0.0058407355, 0.0058556837, 0.005862415, 0.0058743176, 0.0058845608, 0.005889175, 0.005896562, 0.005900604, 0.0059004016, 0.005898783, 0.0058927913, 0.0058836904, 0.0058782734, 0.005865844, 0.0058524953, 0.005839062, 0.005832612, 0.005820506, 0.005809271, 0.005803881, 0.0057930266, 0.005781157, 0.005774711, 0.005760363, 0.005743966, 0.0057259523, 0.005716659, 0.0056978944, 0.0056791706, 0.005669619, 0.00564943, 0.005626544, 0.005599663, 0.0055845045, 0.0055509447, 0.0055134464, 0.005493525, 0.005451809, 0.0054083145, 0.005386227, 0.0053417883, 0.005297374, 0.005253149, 0.005231095, 0.005187074, 0.005142743, 0.0051202765, 0.0050746193, 0.0050281323, 0.0049810344, 0.0049573975, 0.004910243, 0.0048629045, 0.004839152, 0.004791017, 0.0047411937, 0.004715453, 0.004662131, 0.004606055, 0.0045472044, 0.0045168563, 0.0044545247, 0.00439026, 0.004357514, 0.0042910636, 0.0042230478, 0.0041534286, 0.0041179424, 0.0040453463, 0.003970327, 0.0039318246, 0.0038525753, 0.0037702285, 0.0037277956, 0.0036402538, 0.0035489926, 0.0034532633, 0.0034033048, 0.003298335, 0.0031854457, 0.0031256124, 0.0029984391, 0.0028601289, 0.002709055, 0.0026281958, 0.0024558092, 0.0022751007, 0.0021890362, 0.0020662074, 0.0021021157
0, 0, 0, 0, 0, 0, 0, 0, 0, 0, 0, 0, 0, 0, 0, 0, 0, 0.0034513753, 0.0030592, 0.002744475, 0.0028187546, 0.002918603, 0.0031553276, 0.0033956794, 0.0035108624, 0.0037287658, 0.003930967, 0.004118752, 0.004207562, 0.00437452, 0.004527308, 0.004598196, 0.004728619, 0.0048441626, 0.0049459212, 0.0049922797, 0.0050781285, 0.005157522, 0.0051958915, 0.005270832, 0.005344737, 0.0053814063, 0.00545358, 0.0055229506, 0.00558718, 0.005616721, 0.0056687393, 0.0057108486, 0.0057284036, 0.0057574967, 0.005781221, 0.005802946, 0.005814052, 0.005838175, 0.005865327, 0.005879889, 0.005909532, 0.005937949, 0.00595083, 0.005972769, 0.0059893555, 0.0060015763, 0.0060066604, 0.0060157445, 0.0060246815, 0.0060291006, 0.0060375705, 0.006043918, 0.0060467366, 0.006046551, 0.006042935, 0.006035144, 0.0060299127, 0.0060171913, 0.0060028764, 0.005987887, 0.005980549, 0.0059661493, 0.0059522293, 0.0059452555, 0.0059309755, 0.0059157116, 0.005907647, 0.005890416, 0.0058719045, 0.0058524953, 0.0058426852, 0.00582329, 0.0058039175, 0.0057940376, 0.0057730637, 0.0057492494, 0.0057214946, 0.005705881, 0.0056713712, 0.0056330347, 0.005612824, 0.005570904, 0.005527915, 0.005506307, 0.005463066, 0.0054198727, 0.0053767487, 0.0053551183, 0.0053118668, 0.0052684336, 0.0052465904, 0.0052024373, 0.005157484, 0.005111539, 0.005088136, 0.005040496, 0.0049916394, 0.0049667777, 0.0049157348, 0.0048624575, 0.00483488, 0.0047775586, 0.0047177137, 0.004655555, 0.0046237283, 0.004559024, 0.004493252, 0.0044599404, 0.004392321, 0.004323119, 0.004251721, 0.0042152274, 0.0041401405, 0.0040621622, 0.0040219617, 0.0039389627, 0.0038524296, 0.0038077775, 0.0037155976, 0.0036194078, 0.0035187372, 0.0034664334, 0.003356889, 0.0032398175, 0.003178062, 0.0030472907, 0.0029057104, 0.0027515823, 0.0026692294, 0.0024936611, 0.002309558, 0.0022217596, 0.0020956222, 0.0021303112
0, 0, 0, 0, 0, 0, 0, 0, 0, 0, 0, 0, 0, 0, 0, 0, 0, 0.0032034025, 0.0028212087, 0.0025330107, 0.0026755992, 0.0028102302, 0.0031078556, 0.0033939476, 0.0035265463, 0.0037699856, 0.0039879773, 0.00418427, 0.004275161, 0.004444106, 0.00459734, 0.004668332, 0.004799786, 0.0049175853, 0.00502285, 0.005071354, 0.005162031, 0.0052467156, 0.005287779, 0.0053682057, 0.00544731, 0.005486464, 0.0055635134, 0.005637192, 0.0057051834, 0.0057361936, 0.005790988, 0.0058355755, 0.0058542555, 0.005886336, 0.005914059, 0.005941019, 0.005955133, 0.005985756, 0.006019476, 0.006037145, 0.006071738, 0.0061028926, 0.0061162445, 0.006137417, 0.006151432, 0.0061602644, 0.006163545, 0.0061697997, 0.006177175, 0.0061814147, 0.006190573, 0.006198836, 0.0062040654, 0.006205214, 0.006203907, 0.006197662, 0.0061928583, 0.006180666, 0.006166175, 0.006150723, 0.0061428887, 0.0061268196, 0.006110084, 0.006101288, 0.0060825567, 0.00606225, 0.006051419, 0.0060289144, 0.0060054194, 0.005981847, 0.0059701027, 0.0059470637, 0.005924338, 0.0059127905, 0.005888796, 0.005862531, 0.0058331513, 0.0058170645, 0.0057821516, 0.0057440223, 0.00572404, 0.005683027, 0.0056414763, 0.0056206933, 0.0055791647, 0.0055374247, 0.0054951543, 0.0054738163, 0.005430939, 0.0053879786, 0.005366483, 0.00532336, 0.0052797017, 0.0052349023, 0.005211942, 0.005164648, 0.0051154434, 0.0050901445, 0.0050377804, 0.004982745, 0.0049541495, 0.004894764, 0.004832696, 0.0047685374, 0.004735841, 0.004669542, 0.0046022967, 0.00456835, 0.0044993493, 0.004428551, 0.004355243, 0.0043174927, 0.004239493, 0.004158041, 0.0041159433, 0.004028832, 0.0039376942, 0.0038905917, 0.0037933874, 0.0036918235, 0.003585749, 0.003530777, 0.00341639, 0.0032950793, 0.0032314912, 0.003097496, 0.002953009, 0.0027959945, 0.0027121145, 0.0025332284, 0.0023454996, 0.0022558693, 0.002126435, 0.0021598716
0, 0, 0, 0, 0, 0, 0, 0, 0, 0, 0, 0, 0, 0, 0, 0, 0, 0, 0.0026004785, 0.0025491146, 0.0027220983, 0.0028626833, 0.003173853, 0.0034744458, 0.003613075, 0.0038651528, 0.0040860157, 0.00428082, 0.0043699956, 0.004534311, 0.004683153, 0.004752485, 0.004882412, 0.005000813, 0.00510906, 0.0051598027, 0.005255593, 0.005346326, 0.00539023, 0.005476368, 0.005560802, 0.005602406, 0.0056838333, 0.005761692, 0.0058334, 0.005866269, 0.005925177, 0.005974502, 0.0059961397, 0.0060342276, 0.006068617, 0.006102363, 0.0061196317, 0.0061557153, 0.0061935093, 0.0062124175, 0.0062481435, 0.0062788716, 0.006291412, 0.006310388, 0.006321807, 0.0063283467, 0.0063307653, 0.006335824, 0.0063426113, 0.0063467175, 0.006355961, 0.006364828, 0.006371258, 0.0063730036, 0.006373035, 0.006367833, 0.0063635283, 0.00635205, 0.0063382895, 0.0063231746, 0.006315205, 0.0062982035, 0.006279378, 0.006269095, 0.0062463987, 0.0062210024, 0.006207387, 0.006179094, 0.006149948, 0.0061209896, 0.006106726, 0.006078795, 0.0060511003, 0.006037112, 0.0060084867, 0.0059783603, 0.005946273, 0.0059292223, 0.0058933236, 0.0058548027, 0.005834882, 0.0057942695, 0.005753454, 0.0057331235, 0.0056923954, 0.005651274, 0.005609252, 0.005587928, 0.0055448473, 0.0055015716, 0.005479989, 0.0054367557, 0.005393222, 0.0053486223, 0.0053258543, 0.005279034, 0.0052304133, 0.0052053058, 0.0051532467, 0.0050983583, 0.0050697397, 0.0050102235, 0.0049479073, 0.004883174, 0.0048500695, 0.0047827046, 0.004714041, 0.0046792007, 0.0046083527, 0.00453542, 0.0044597774, 0.0044207573, 0.0043397746, 0.004255011, 0.0042110975, 0.0041202647, 0.0040251734, 0.0039760256, 0.0038743916, 0.0037682196, 0.0036572185, 0.0035998235, 0.0034808498, 0.0033554956, 0.003290091, 0.0031527816, 0.0030050909, 0.0028445772, 0.0027587472, 0.002575609, 0.0023832875, 0.0022913618, 0.002158037, 0.0021901228
0, 0, 0, 0, 0, 0, 0, 0, 0, 0, 0, 0, 0, 0, 0, 0, 0, 0, 0.0034289914, 0.0030522733, 0.0029949383, 0.0030731522, 0.0033237282, 0.0036039855, 0.0037376974, 0.0039829514, 0.004197047, 0.0043846555, 0.0044703265, 0.0046285396, 0.0047731646, 0.004841233, 0.004970093, 0.0050896322, 0.0052006873, 0.005253419, 0.0053543425, 0.005450206, 0.0054969005, 0.005588255, 0.005677699, 0.0057218033, 0.0058080577, 0.00589077, 0.005967862, 0.006003708, 0.0060692583, 0.006126332, 0.006152039, 0.006198717, 0.00624108, 0.006281478, 0.0063011176, 0.0063402425, 0.006378236, 0.0063965586, 0.006430244, 0.006458245, 0.006469497, 0.0064864997, 0.006497019, 0.0065036635, 0.0065064305, 0.0065121534, 0.0065192506, 0.0065233414, 0.006531918, 0.0065398742, 0.006545762, 0.0065474417, 0.006547385, 0.0065424736, 0.0065382123, 0.006527084, 0.0065134317, 0.0064980425, 0.0064897286, 0.006471534, 0.0064508766, 0.006439316, 0.0064136917, 0.0063847266, 0.006369254, 0.0063368427, 0.0063037574, 0.006270982, 0.006254768, 0.0062228753, 0.0061908322, 0.0061745234, 0.0061413087, 0.0061070756, 0.0060714716, 0.0060530445, 0.006014823, 0.00597486, 0.005954188, 0.005912446, 0.005870555, 0.0058496883, 0.005808084, 0.005766069, 0.0057234108, 0.0057017533, 0.0056579905, 0.005613754, 0.0055917385, 0.005547353, 0.0055024186, 0.005456823, 0.0054336614, 0.005386609, 0.0053383335, 0.005313554, 0.005262352, 0.0052085193, 0.0051803924, 0.005121835, 0.0050602816, 0.0049957805, 0.0049625593, 0.0048944843, 0.0048242826, 0.004788514, 0.0047154245, 0.0046401573, 0.0045619975, 0.0045216717, 0.0044382736, 0.0043509398, 0.004305772, 0.0042123054, 0.00411459, 0.0040640305, 0.003959418, 0.0038498347, 0.0037349674, 0.0036755854, 0.0035525234, 0.0034232049, 0.0033558693, 0.0032147006, 0.0030629195, 0.0028977352, 0.0028093604, 0.002620806, 0.002422897, 0.002328179, 0.0021901743, 0.0022204488
0, 0, 0, 0, 0, 0, 0, 0, 0, 0, 0, 0, 0, 0, 0, 0, 0, 0, 0.0047829286, 0.0036918863, 0.0032783076, 0.003276924, 0.003457924, 0.0037152136, 0.0038428598, 0.004077963, 0.0042838464, 0.0044652703, 0.0045487443, 0.004704669, 0.0048498926, 0.0049189366, 0.0050509167, 0.0051746788, 0.005290673, 0.0053461324, 0.0054523866, 0.0055536707, 0.005603055, 0.0056999973, 0.005794997, 0.0058419583, 0.005934392, 0.006023673, 0.0061080228, 0.006147833, 0.006221934, 0.006288284, 0.0063185883, 0.006374126, 0.006423865, 0.006468918, 0.0064899195, 0.006529088, 0.0065648397, 0.0065814354, 0.0066114464, 0.0066362745, 0.0066465447, 0.0066628563, 0.0066744643, 0.006683253, 0.006687112, 0.0066948775, 0.0067025395, 0.006706362, 0.0067136153, 0.006719848, 0.006723939, 0.0067248237, 0.006723614, 0.0067178365, 0.0067132697, 0.0067011323, 0.00668598, 0.006668453, 0.006658787, 0.006637852, 0.0066144816, 0.0066017346, 0.0065739756, 0.0065432712, 0.0065270835, 0.006493446, 0.0064594056, 0.0064257057, 0.0064089694, 0.006375602, 0.0063414522, 0.0063238787, 0.0062876437, 0.006250216, 0.006211602, 0.0061918437, 0.00615108, 0.006108626, 0.006086828, 0.006042567, 0.005998158, 0.00597594, 0.0059318324, 0.0058877254, 0.0058435756, 0.00582142, 0.005776612, 0.0057313354, 0.0057085417, 0.0056624548, 0.005615264, 0.005567387, 0.005543225, 0.0054945513, 0.00544531, 0.005420283, 0.005368969, 0.005315444, 0.005287632, 0.005229891, 0.005169034, 0.0051048324, 0.005071603, 0.0050027343, 0.0049311267, 0.004894344, 0.0048190495, 0.0047413656, 0.004661082, 0.004619765, 0.004534622, 0.004445805, 0.004399908, 0.0043050754, 0.004205928, 0.0041545527, 0.0040480923, 0.003936194, 0.0038185967, 0.003757626, 0.003631006, 0.0034977028, 0.003428158, 0.0032822741, 0.003125269, 0.0029544448, 0.0028630882, 0.0026684033, 0.0024641631, 0.002366381, 0.002223152, 0.0022511822
0, 0, 0, 0, 0, 0, 0, 0, 0, 0, 0, 0, 0, 0, 0, 0, 0, 0, 0, 0.0038388511, 0.003373288, 0.003355419, 0.003515875, 0.0037611418, 0.0038842112, 0.004112124, 0.0043138172, 0.004494804, 0.0045796405, 0.0047411723, 0.0048941607, 0.0049679424, 0.005109765, 0.0052433657, 0.005369047, 0.0054289647, 0.0055436394, 0.005652659, 0.0057057254, 0.0058097756, 0.005912087, 0.0059628324, 0.0060627987, 0.0061601405, 0.006252869, 0.006297062, 0.0063799457, 0.006454793, 0.0064891754, 0.006552003, 0.0066070966, 0.0066549485, 0.006676321, 0.0067143044, 0.0067471084, 0.0067618806, 0.006788444, 0.006810972, 0.006820792, 0.0068375426, 0.0068511525, 0.0068625705, 0.0068677757, 0.006877157, 0.0068851905, 0.0068885935, 0.006894155, 0.0068981103, 0.0068999464, 0.0068998346, 0.006896823, 0.0068894103, 0.006883909, 0.0068696337, 0.006851175, 0.0068294415, 0.0068176296, 0.006792369, 0.006765172, 0.0067510176, 0.006721352, 0.006690171, 0.0066740927, 0.0066413856, 0.006608716, 0.006576454, 0.006560535, 0.006528064, 0.006494017, 0.0064762644, 0.0064391247, 0.0064003402, 0.006360337, 0.0063398965, 0.006297679, 0.0062537887, 0.006231123, 0.0061846664, 0.0061375457, 0.00611391, 0.00606685, 0.0060203327, 0.0059742522, 0.005951397, 0.005905491, 0.005859035, 0.0058354354, 0.005787216, 0.0057374304, 0.0056865956, 0.005660964, 0.005609375, 0.005557502, 0.005531315, 0.0054781404, 0.0054232664, 0.0053950413, 0.005336863, 0.005275865, 0.0052114455, 0.0051779705, 0.005108339, 0.0050354735, 0.004997837, 0.004920645, 0.0048409114, 0.004758826, 0.0047167717, 0.0046304064, 0.004540725, 0.0044944496, 0.0043987823, 0.004298479, 0.0042465185, 0.0041385577, 0.004024914, 0.0039052996, 0.0038430132, 0.0037132893, 0.003576035, 0.0035041803, 0.0033530435, 0.0031902308, 0.0030133477, 0.0029188595, 0.0027178149, 0.0025071057, 0.00240623, 0.002257509, 0.0022830903
0, 0, 0, 0, 0, 0, 0, 0, 0, 0, 0, 0, 0, 0, 0, 0, 0, 0, 0, 0.0038082344, 0.0035133425, 0.0034528635, 0.0035282113, 0.003729886, 0.0038429524, 0.0040640924, 0.004268593, 0.0044582793, 0.0045490717, 0.0047246753, 0.004893937, 0.004975954, 0.005135048, 0.0052856663, 0.005427057, 0.005494394, 0.005622472, 0.005743543, 0.0058020786, 0.0059161587, 0.0060276897, 0.006082726, 0.00619102, 0.006296432, 0.006397139, 0.006445211, 0.0065356246, 0.006617211, 0.0066547226, 0.006722834, 0.006781885, 0.00683176, 0.006853364, 0.0068907957, 0.006922071, 0.006935797, 0.0069605126, 0.006981814, 0.0069913776, 0.0070086895, 0.0070237857, 0.0070368536, 0.0070427316, 0.0070527736, 0.0070601767, 0.0070629134, 0.0070666987, 0.007068364, 0.0070678373, 0.0070666345, 0.007061536, 0.0070519517, 0.0070452224, 0.00702775, 0.007005287, 0.0069789723, 0.0069646053, 0.006934655, 0.0069038044, 0.00688821, 0.0068571665, 0.006826144, 0.0068106935, 0.0067797177, 0.0067491103, 0.006718785, 0.0067035914, 0.006672471, 0.0066393064, 0.006621877, 0.0065852012, 0.006546768, 0.0065070507, 0.0064868485, 0.006445418, 0.006402133, 0.006379683, 0.006333232, 0.0062852623, 0.006261013, 0.006212292, 0.0061640013, 0.0061163474, 0.0060926965, 0.0060454197, 0.005997437, 0.005972875, 0.0059224023, 0.0058699185, 0.0058159786, 0.005788651, 0.005733529, 0.005678037, 0.0056500854, 0.0055935234, 0.005535851, 0.0055064843, 0.005446335, 0.005383921, 0.005318423, 0.005284415, 0.005213828, 0.0051398748, 0.005101731, 0.0050231535, 0.004941863, 0.0048581515, 0.0048153745, 0.0047276304, 0.0046366863, 0.004589757, 0.004492673, 0.0043907044, 0.004337785, 0.004227968, 0.0041124853, 0.0039909855, 0.0039276667, 0.0037953542, 0.003654448, 0.0035803833, 0.0034242312, 0.0032557792, 0.0030730995, 0.0029756986, 0.0027686288, 0.0025517256, 0.002447777, 0.0022937416, 0.002316924
0, 0, 0, 0, 0, 0, 0, 0, 0, 0, 0, 0, 0, 0, 0, 0, 0, 0, 0, 0.005013807, 0.0039548096, 0.00365777, 0.0034857006, 0.0036067264, 0.0037085025, 0.0039313347, 0.0041509923, 0.0043601682, 0.00446166, 0.0046596704, 0.0048521017, 0.0049459278, 0.005127992, 0.0053012446, 0.00546395, 0.005541095, 0.005687715, 0.005824593, 0.0058902395, 0.0060166386, 0.0061383885, 0.006197727, 0.0063136877, 0.0064259707, 0.0065330463, 0.00658416, 0.006680265, 0.0067674974, 0.0068074656, 0.0068798414, 0.006942303, 0.0069946265, 0.007017279, 0.007056006, 0.0070877904, 0.0071014953, 0.0071258442, 0.0071469247, 0.007156498, 0.007173752, 0.0071892357, 0.0072025247, 0.007208327, 0.0072176084, 0.0072238203, 0.0072257044, 0.0072274953, 0.007226977, 0.0072240806, 0.007221581, 0.007214057, 0.007201894, 0.0071937595, 0.0071732895, 0.007147288, 0.0071170484, 0.007100963, 0.00706784, 0.0070349225, 0.0070188125, 0.0069877454, 0.0069579654, 0.0069433236, 0.0069140927, 0.006884737, 0.0068548284, 0.006839518, 0.0068080053, 0.006774503, 0.006757039, 0.0067207334, 0.0066831484, 0.0066449256, 0.00662564, 0.0065866383, 0.006546223, 0.0065251654, 0.006481188, 0.006435168, 0.006411518, 0.006363492, 0.0063149966, 0.0062666154, 0.006242359, 0.0061935727, 0.0061436975, 0.006118083, 0.0060653277, 0.0060102805, 0.005953429, 0.0059245024, 0.0058658887, 0.0058068475, 0.005777057, 0.005716819, 0.0056558144, 0.0056248703, 0.005561901, 0.005496894, 0.005429401, 0.005394513, 0.0053224773, 0.00524736, 0.0052086455, 0.0051289243, 0.005046152, 0.0049606836, 0.0049168956, 0.0048269797, 0.004733671, 0.004685486, 0.004585756, 0.0044809617, 0.0044266125, 0.004314072, 0.0041963123, 0.0040727262, 0.004008425, 0.0038737124, 0.0037297343, 0.0036538392, 0.0034934608, 0.0033203254, 0.0031325521, 0.0030326305, 0.0028202327, 0.0025977243, 0.0024908932, 0.002331777, 0.0023528426
0, 0, 0, 0, 0, 0, 0, 0, 0, 0, 0, 0, 0, 0, 0, 0, 0, 0, 0, 0, 0.003908009, 0.0034689244, 0.0030899534, 0.0031725243, 0.00328615, 0.00355701, 0.0038360553, 0.0041058995, 0.0042370805, 0.004492531, 0.0047390917, 0.0048589995, 0.005091247, 0.005311781, 0.005519041, 0.005617148, 0.005802051, 0.005971908, 0.0060515963, 0.0062013706, 0.006340092, 0.006406073, 0.0065322546, 0.0066519314, 0.00676593, 0.006820715, 0.006924863, 0.007020814, 0.007065101, 0.0071456367, 0.007215224, 0.007274042, 0.00729957, 0.0073435116, 0.007379589, 0.007395049, 0.0074219247, 0.007444544, 0.007454595, 0.007472524, 0.007487728, 0.0074999994, 0.007504787, 0.0075114835, 0.0075145243, 0.007514605, 0.0075124116, 0.0075071245, 0.007499135, 0.0074940976, 0.007481481, 0.007465193, 0.007455516, 0.0074328464, 0.0074061695, 0.007376558, 0.007361209, 0.0073305354, 0.007301318, 0.007287516, 0.007261509, 0.007236544, 0.0072238436, 0.0071968483, 0.0071668015, 0.0071331747, 0.007115231, 0.0070775766, 0.007038927, 0.0070195296, 0.00698118, 0.006943636, 0.006907344, 0.0068896865, 0.0068546575, 0.0068196426, 0.0068017473, 0.006764489, 0.0067250975, 0.006704533, 0.006661761, 0.0066170357, 0.006570463, 0.0065465067, 0.006497012, 0.0064454717, 0.0064187995, 0.0063633677, 0.0063052014, 0.006244521, 0.0062133605, 0.00614991, 0.0060854014, 0.006052872, 0.005987321, 0.0059207696, 0.0058870725, 0.005818345, 0.005747292, 0.005673511, 0.0056355274, 0.0055576083, 0.0054769088, 0.005435611, 0.0053507234, 0.0052628107, 0.005171445, 0.005124348, 0.005027492, 0.004926639, 0.0048746653, 0.0047670975, 0.00465482, 0.004597011, 0.0044777906, 0.0043538483, 0.0042243553, 0.0041571013, 0.0040167887, 0.0038670553, 0.003788225, 0.0036216548, 0.003441852, 0.0032468496, 0.0031429587, 0.0029220865, 0.0026901318, 0.0025783551, 0.0024100405, 0.0024272825
0, 0, 0, 0, 0, 0, 0, 0, 0, 0, 0, 0, 0, 0, 0, 0, 0, 0, 0, 0, 0, 0.0033168604, 0.0030674473, 0.003071366, 0.0031619407, 0.0034260566, 0.0037260032, 0.00402501, 0.0041706082, 0.0044529885, 0.0047229156, 0.0048531927, 0.005104064, 0.005341548, 0.0055646915, 0.0056700916, 0.0058681965, 0.0060493923, 0.0061336863, 0.006290863, 0.0064346013, 0.0065022404, 0.00663065, 0.006751622, 0.0068667554, 0.006922356, 0.007028747, 0.0071271723, 0.007172835, 0.0072563495, 0.007328493, 0.0073894523, 0.0074159866, 0.0074619087, 0.007499879, 0.007516261, 0.0075449874, 0.0075692795, 0.00758003, 0.0075992565, 0.0076153576, 0.0076278932, 0.007632486, 0.0076386146, 0.007640439, 0.007639835, 0.0076361243, 0.0076291487, 0.0076195966, 0.007613913, 0.0076007512, 0.007585131, 0.0075763552, 0.007556858, 0.0075346897, 0.007510235, 0.0074975374, 0.00747183, 0.0074468595, 0.0074348324, 0.0074117845, 0.0073887175, 0.0073766094, 0.0073500397, 0.0073193996, 0.0072844736, 0.007265686, 0.0072260937, 0.007185684, 0.007165642, 0.0071261954, 0.0070882486, 0.007051461, 0.0070334715, 0.006997888, 0.0069622123, 0.006944181, 0.0069070286, 0.006868169, 0.0068480726, 0.0068064868, 0.006763118, 0.0067178826, 0.006694549, 0.0066463347, 0.0065958523, 0.00656959, 0.0065148408, 0.006456858, 0.0063957726, 0.006364161, 0.006299396, 0.006233096, 0.0061995992, 0.0061318055, 0.0060629426, 0.0060279337, 0.005956404, 0.00588221, 0.0058047837, 0.0057648527, 0.005682598, 0.0055973497, 0.005553647, 0.0054641995, 0.0053717755, 0.0052760737, 0.0052269064, 0.005125655, 0.005020629, 0.0049665924, 0.004855377, 0.00473981, 0.0046803546, 0.0045580785, 0.0044307183, 0.0042975303, 0.0042283745, 0.0040841675, 0.0039308374, 0.0038503257, 0.0036807654, 0.00349802, 0.0032998845, 0.0031942634, 0.0029696242, 0.002733393, 0.0026193522, 0.0024468363, 0.002462483
0, 0, 0, 0, 0, 0, 0, 0, 0, 0, 0, 0, 0, 0, 0, 0, 0, 0, 0, 0, 0, 0.004319137, 0.0033779754, 0.003078438, 0.0031133278, 0.0033517904, 0.0036717018, 0.003998974, 0.0041578454, 0.0044621713, 0.0047486266, 0.0048855892, 0.005147716, 0.0053950073, 0.0056269346, 0.005736621, 0.0059425766, 0.00613041, 0.006217457, 0.006379181, 0.0065253763, 0.006593585, 0.0067224028, 0.0068433243, 0.0069585103, 0.007013869, 0.0071206363, 0.007220266, 0.0072665857, 0.0073518343, 0.007425673, 0.0074881953, 0.007515522, 0.007563165, 0.0076031345, 0.0076206443, 0.0076514217, 0.007677743, 0.0076894886, 0.007710292, 0.0077275233, 0.0077405223, 0.007745224, 0.007751081, 0.0077521037, 0.007751242, 0.0077469717, 0.0077400664, 0.0077311923, 0.0077261804, 0.0077155824, 0.007704009, 0.0076979897, 0.0076848655, 0.00767, 0.007653055, 0.007643747, 0.007623904, 0.0076029855, 0.0075924485, 0.0075710216, 0.007548562, 0.007536568, 0.0075101145, 0.0074798865, 0.0074456604, 0.0074271746, 0.0073884213, 0.007348702, 0.0073288945, 0.0072899396, 0.0072518513, 0.0072143534, 0.0071956683, 0.007158154, 0.0071199434, 0.0071004853, 0.0070606796, 0.00701947, 0.0069983946, 0.0069552897, 0.0069109797, 0.006865528, 0.006842348, 0.0067947493, 0.0067451266, 0.0067193494, 0.0066656237, 0.006608439, 0.006547676, 0.0065160673, 0.006450589, 0.0063828086, 0.006348327, 0.00627817, 0.006206468, 0.0061699487, 0.0060951784, 0.006017601, 0.0059364056, 0.005894479, 0.005807797, 0.0057177157, 0.005671534, 0.0055769095, 0.0054794904, 0.0053789387, 0.0053274035, 0.005221723, 0.005112609, 0.005056707, 0.004942133, 0.004823624, 0.004762836, 0.004637706, 0.0045069978, 0.0043698195, 0.004298528, 0.0041499366, 0.003992389, 0.003909949, 0.00373667, 0.0035504347, 0.0033487193, 0.0032412454, 0.0030126267, 0.0027721752, 0.0026559816, 0.0024797812, 0.0024939121
0, 0, 0, 0, 0, 0, 0, 0, 0, 0, 0, 0, 0, 0, 0, 0, 0, 0, 0, 0, 0, 0, 0.0034234389, 0.0030488092, 0.0030728953, 0.0033226656, 0.003670495, 0.0040240404, 0.0041933963, 0.0045128344, 0.004807901, 0.004947622, 0.0052132867, 0.00546329, 0.005697853, 0.00580898, 0.006017961, 0.0062089534, 0.0062974705, 0.0064610154, 0.0066080214, 0.0066761007, 0.0068037836, 0.0069229533, 0.0070363088, 0.007090943, 0.0071966616, 0.0072962516, 0.0073429854, 0.0074296203, 0.0075056073, 0.007570577, 0.0075992555, 0.007649851, 0.007692835, 0.0077118594, 0.007745644, 0.007774371, 0.007787188, 0.007809536, 0.007827698, 0.007840939, 0.0078456, 0.007850992, 0.007852099, 0.007851432, 0.007848388, 0.007843905, 0.007838973, 0.007836462, 0.007831919, 0.007827778, 0.007825755, 0.007821197, 0.0078149885, 0.007805786, 0.007799869, 0.0077854292, 0.0077677406, 0.0077579767, 0.0077370545, 0.007714434, 0.007702373, 0.007676489, 0.00764777, 0.0076161115, 0.0075991917, 0.007563552, 0.0075266985, 0.007508178, 0.0074710255, 0.0074338275, 0.007396146, 0.00737697, 0.0073377616, 0.0072969594, 0.0072758947, 0.007232442, 0.0071872477, 0.007164134, 0.0071171015, 0.007069269, 0.00702084, 0.006996448, 0.006946963, 0.0068961983, 0.0068700477, 0.0068159695, 0.0067587816, 0.006697938, 0.006666226, 0.0066001797, 0.0065309242, 0.006495255, 0.0064222603, 0.0063471273, 0.0063087693, 0.0062302477, 0.006148874, 0.0060641137, 0.0060202265, 0.0059295287, 0.0058351457, 0.005786693, 0.0056873364, 0.005584964, 0.005479651, 0.005425848, 0.0053159464, 0.005202965, 0.005145311, 0.0050275666, 0.0049062194, 0.004843966, 0.004715786, 0.0045815455, 0.00444026, 0.004366728, 0.0042134216, 0.0040512094, 0.0039664595, 0.003788726, 0.003598263, 0.0033923087, 0.0032827542, 0.003050013, 0.0028054547, 0.0026873057, 0.0025076736, 0.0025204844
0, 0, 0, 0, 0, 0, 0, 0, 0, 0, 0, 0, 0, 0, 0, 0, 0, 0, 0, 0, 0, 0, 0.0033248726, 0.0031223719, 0.0031353752, 0.0033700787, 0.003724772, 0.0040899836, 0.0042638658, 0.004588896, 0.004885055, 0.0050242455, 0.005287444, 0.0055344244, 0.0057664067, 0.0058767875, 0.006085649, 0.0062771454, 0.006366104, 0.0065300683, 0.006676634, 0.006744033, 0.00686959, 0.0069858157, 0.0070959516, 0.007149499, 0.007253412, 0.0073527703, 0.0074001634, 0.0074892477, 0.0075691347, 0.00763871, 0.007669908, 0.0077254646, 0.007772986, 0.007794288, 0.007832, 0.007863974, 0.007877924, 0.00790216, 0.007921185, 0.007934839, 0.007939571, 0.007945617, 0.007948327, 0.007948921, 0.007949259, 0.007949744, 0.007951308, 0.007952562, 0.007956154, 0.007960705, 0.007963083, 0.007967089, 0.00796865, 0.007966046, 0.007962771, 0.007952394, 0.007937173, 0.007927981, 0.007907564, 0.007885062, 0.007873242, 0.007848732, 0.007822747, 0.007794886, 0.007779994, 0.007748732, 0.0077158124, 0.0076988856, 0.007664414, 0.007628838, 0.0075919735, 0.0075728945, 0.007533182, 0.007491192, 0.0074692443, 0.0074232663, 0.0073746075, 0.0073494557, 0.0072975433, 0.0072443984, 0.0071906466, 0.007163632, 0.00710923, 0.0070542847, 0.007026328, 0.0069691096, 0.0069095884, 0.006847265, 0.0068147425, 0.0067471005, 0.006675777, 0.006638817, 0.0065625138, 0.0064834086, 0.0064429855, 0.006360255, 0.0062747737, 0.0061862106, 0.00614055, 0.0060463334, 0.0059482367, 0.005897793, 0.005794236, 0.0056875315, 0.0055779135, 0.00552205, 0.005408333, 0.0052917986, 0.0052324594, 0.005111463, 0.004986944, 0.0049229995, 0.004791347, 0.004653187, 0.0045075454, 0.004431711, 0.004273658, 0.0041064755, 0.004019224, 0.0038365354, 0.003641173, 0.0034305598, 0.0033188162, 0.0030819022, 0.0028334497, 0.002713413, 0.0025306616, 0.0025424326
0, 0, 0, 0, 0, 0, 0, 0, 0, 0, 0, 0, 0, 0, 0, 0, 0, 0, 0, 0, 0, 0, 0.004288527, 0.0035076914, 0.0033886388, 0.0035044097, 0.0038214175, 0.0041768793, 0.0043492075, 0.004671724, 0.004964009, 0.005100517, 0.005357779, 0.005598105, 0.0058246297, 0.005932756, 0.0061384947, 0.0063288053, 0.0064176316, 0.006581634, 0.006727657, 0.006794397, 0.0069178687, 0.0070312405, 0.0071383445, 0.007190591, 0.0072929026, 0.007392643, 0.0074411235, 0.007534111, 0.0076197833, 0.007696203, 0.0077308104, 0.007793008, 0.007846637, 0.00787047, 0.007912747, 0.007948578, 0.007964139, 0.007991013, 0.008012357, 0.008028342, 0.008034412, 0.008043815, 0.008050836, 0.0080539305, 0.008060196, 0.008067433, 0.00807637, 0.008081495, 0.00809286, 0.00810496, 0.008110821, 0.008121132, 0.0081281, 0.008129849, 0.008128447, 0.008121046, 0.008107859, 0.008099529, 0.0080803335, 0.00805911, 0.008048215, 0.008026161, 0.008003643, 0.007979915, 0.0079672625, 0.007940301, 0.00791122, 0.007895928, 0.007863924, 0.007830031, 0.0077943476, 0.007775777, 0.0077367183, 0.007695105, 0.007673114, 0.0076264855, 0.007576052, 0.0075494815, 0.007493864, 0.00743573, 0.007376062, 0.0073458725, 0.0072851577, 0.0072237146, 0.007192721, 0.007129968, 0.007065615, 0.006999266, 0.006965078, 0.0068943272, 0.0068197325, 0.006781034, 0.0067009223, 0.006617597, 0.006574907, 0.006487666, 0.0063977917, 0.006305013, 0.006257469, 0.006159521, 0.0060576536, 0.00600528, 0.005897728, 0.0057868715, 0.0056733056, 0.00561557, 0.005498316, 0.00537847, 0.0053175706, 0.0051932284, 0.005065141, 0.004999338, 0.004863577, 0.004721153, 0.0045710932, 0.0044929804, 0.004330186, 0.004158235, 0.0040685483, 0.003880814, 0.0036804427, 0.0034651682, 0.0033512376, 0.0031102274, 0.002858024, 0.0027362565, 0.0025507014, 0.0025616875
0, 0, 0, 0, 0, 0, 0, 0, 0, 0, 0, 0, 0, 0, 0, 0, 0, 0, 0, 0, 0, 0, 0, 0.0038463958, 0.003695105, 0.0036746645, 0.003919908, 0.0042533013, 0.004422011, 0.004740874, 0.005028627, 0.0051621245, 0.0054123155, 0.005645168, 0.005864704, 0.0059699905, 0.006171572, 0.0063601173, 0.0064487807, 0.0066133933, 0.0067602214, 0.006827203, 0.006950585, 0.007062921, 0.007168675, 0.007220242, 0.0073220264, 0.007423194, 0.0074732183, 0.007570887, 0.0076630833, 0.007747112, 0.0077855512, 0.007854913, 0.007914546, 0.007941051, 0.007988236, 0.008028471, 0.008046169, 0.008077653, 0.008103932, 0.008125802, 0.008135188, 0.00815162, 0.008166346, 0.008173369, 0.0081873, 0.008201874, 0.008217478, 0.008225719, 0.008242762, 0.008259527, 0.008267463, 0.008281226, 0.008290916, 0.008295247, 0.0082950685, 0.008290114, 0.008279332, 0.008272208, 0.008255453, 0.008236791, 0.008227338, 0.008208409, 0.008189259, 0.008169297, 0.008158607, 0.008135321, 0.008109241, 0.008095104, 0.008064783, 0.008031708, 0.007996446, 0.007978015, 0.007939307, 0.007898185, 0.0078764185, 0.007830022, 0.0077792285, 0.007752159, 0.0076948376, 0.007633821, 0.007570219, 0.0075376695, 0.0074714813, 0.007404128, 0.0073700296, 0.007300883, 0.0072304686, 0.0071584065, 0.007121641, 0.0070458683, 0.006966749, 0.006925784, 0.0068413094, 0.0067535965, 0.0067086183, 0.006616593, 0.0065219435, 0.0064243916, 0.0063744513, 0.006271875, 0.0061655017, 0.006110811, 0.0059987046, 0.0058834734, 0.0057657626, 0.005706114, 0.0055853673, 0.0054622507, 0.005399679, 0.005271934, 0.0051399944, 0.0050721387, 0.0049321074, 0.0047853487, 0.0046310625, 0.0045508402, 0.004383895, 0.0042077494, 0.0041158753, 0.0039236294, 0.003718774, 0.0034993077, 0.0033833685, 0.0031385617, 0.0028827596, 0.0027593493, 0.0025711197, 0.0025813605
0, 0, 0, 0, 0, 0, 0, 0, 0, 0, 0, 0, 0, 0, 0, 0, 0, 0, 0, 0, 0, 0, 0, 0.0047102836, 0.00420338, 0.0038278282, 0.0039721555, 0.0042879395, 0.0044561736, 0.004775018, 0.0050601433, 0.0051914356, 0.0054360246, 0.00566305, 0.005877149, 0.005980191, 0.0061791386, 0.00636741, 0.0064566773, 0.0066239205, 0.006774491, 0.006843477, 0.0069702775, 0.00708541, 0.0071931235, 0.0072454656, 0.0073492285, 0.007452699, 0.0075043603, 0.007606703, 0.007704725, 0.007795448, 0.007837389, 0.007913314, 0.007978819, 0.008008165, 0.008060645, 0.008106437, 0.008127259, 0.008165515, 0.008199843, 0.008230938, 0.008245262, 0.008271807, 0.008296206, 0.008307705, 0.008329728, 0.008350694, 0.008371328, 0.008381766, 0.008402232, 0.008421541, 0.008430513, 0.008446048, 0.008457402, 0.008463601, 0.008464529, 0.008462229, 0.008454547, 0.008449099, 0.0084358845, 0.008420505, 0.008412557, 0.0083963815, 0.008379929, 0.008362482, 0.008353039, 0.0083320625, 0.008307545, 0.008293921, 0.008263821, 0.008230294, 0.0081936885, 0.008174581, 0.008134458, 0.008092048, 0.008069793, 0.008022712, 0.00797176, 0.007944599, 0.007887199, 0.007825853, 0.0077611874, 0.007727841, 0.0076593193, 0.0075886254, 0.0075524603, 0.0074785603, 0.0074027367, 0.007324798, 0.0072850054, 0.007203389, 0.0071188184, 0.007075343, 0.0069859717, 0.006893699, 0.006846439, 0.0067496756, 0.0066498783, 0.0065467968, 0.006493999, 0.00638577, 0.0062738187, 0.006216432, 0.0060991338, 0.005978972, 0.0058566495, 0.005794863, 0.005670044, 0.0055431332, 0.0054787165, 0.005347161, 0.005211179, 0.0051412666, 0.0049970923, 0.004846374, 0.004688308, 0.0046063433, 0.004436048, 0.0042565498, 0.004162953, 0.003967332, 0.0037590994, 0.0035362241, 0.0034186263, 0.0031704595, 0.002911289, 0.0027861833, 0.0025950754, 0.0026044736
0, 0, 0, 0, 0, 0, 0, 0, 0, 0, 0, 0, 0, 0, 0, 0, 0, 0, 0, 0, 0, 0, 0, 0.004829024, 0.0043136203, 0.0038547008, 0.003966411, 0.0042720917, 0.0044381176, 0.004754363, 0.0050377953, 0.0051682456, 0.0054113977, 0.0056373375, 0.0058509344, 0.0059543382, 0.0061547784, 0.006346683, 0.0064384607, 0.0066123507, 0.0067707477, 0.006843904, 0.0069791176, 0.0071018934, 0.0072161756, 0.0072713145, 0.0073796413, 0.007486931, 0.0075404225, 0.0076467628, 0.0077494043, 0.00784564, 0.0078905, 0.007972807, 0.008045053, 0.008077585, 0.008137101, 0.008190525, 0.008215468, 0.008262751, 0.00830705, 0.008348747, 0.008368357, 0.008405366, 0.008438832, 0.008454194, 0.008482562, 0.008508226, 0.008532542, 0.008544346, 0.008567082, 0.008588639, 0.0085985605, 0.008616046, 0.0086296685, 0.008638616, 0.008641153, 0.008642355, 0.008638735, 0.008635319, 0.008625936, 0.008613849, 0.008607259, 0.008593119, 0.008577768, 0.008560844, 0.008551604, 0.008530854, 0.008506054, 0.008492012, 0.008460572, 0.008424737, 0.008385106, 0.008364183, 0.008320437, 0.008274412, 0.008250481, 0.008200888, 0.008148405, 0.008121014, 0.008063594, 0.008003142, 0.007939516, 0.007906569, 0.007838423, 0.00776727, 0.0077305282, 0.007654576, 0.0075754854, 0.007493132, 0.00745077, 0.007363936, 0.007274105, 0.007228148, 0.0071341214, 0.0070372922, 0.0069877063, 0.0068861293, 0.0067809606, 0.006672121, 0.0066163535, 0.006502081, 0.0063842693, 0.0063240957, 0.006201391, 0.006076028, 0.005948759, 0.0058844914, 0.0057549058, 0.0056233397, 0.0055566155, 0.005420596, 0.0052802907, 0.005208294, 0.005060172, 0.004905784, 0.0047445702, 0.0046610995, 0.0044880416, 0.0043059727, 0.004211239, 0.004013382, 0.0038030047, 0.0035778878, 0.0034590058, 0.0032080158, 0.002945541, 0.0028186727, 0.002624381, 0.0026326007
0, 0, 0, 0, 0, 0, 0, 0, 0, 0, 0, 0, 0, 0, 0, 0, 0, 0, 0, 0, 0, 0, 0, 0, 0.0043064877, 0.004001234, 0.003990988, 0.004215304, 0.0043608965, 0.0046606627, 0.004944349, 0.0050774813, 0.005328067, 0.00556169, 0.0057829516, 0.0058900127, 0.0060985764, 0.006299329, 0.00639627, 0.006581319, 0.006752169, 0.006831914, 0.0069804415, 0.0071158437, 0.007240933, 0.0073004984, 0.0074163103, 0.0075289845, 0.0075845546, 0.0076945154, 0.0078013563, 0.007902897, 0.0079509895, 0.008040868, 0.008121845, 0.008159027, 0.0082283085, 0.008291654, 0.008321609, 0.0083789155, 0.008433033, 0.008483852, 0.008507847, 0.008552629, 0.008592425, 0.008610324, 0.008642552, 0.008671063, 0.008697549, 0.0087104505, 0.00873574, 0.0087599205, 0.008771395, 0.008792497, 0.008809929, 0.008823072, 0.008827857, 0.008833712, 0.008834799, 0.008833612, 0.008828352, 0.008819387, 0.008813766, 0.008800523, 0.008784732, 0.008766354, 0.008756187, 0.008733146, 0.008705948, 0.0086905975, 0.008656028, 0.008616632, 0.008572772, 0.008549479, 0.008500537, 0.008449353, 0.0084230555, 0.008369149, 0.008313599, 0.008285198, 0.008226844, 0.0081663625, 0.008103537, 0.008071087, 0.008003796, 0.0079333335, 0.00789669, 0.007820506, 0.0077401404, 0.0076556248, 0.007611804, 0.0075215325, 0.007427947, 0.007380019, 0.0072820135, 0.0071809897, 0.00712931, 0.007023098, 0.0069128745, 0.006798687, 0.00674022, 0.006620584, 0.0064976597, 0.006434997, 0.0063075093, 0.0061775297, 0.006045433, 0.0059786593, 0.005843854, 0.0057069934, 0.0056375945, 0.0054964023, 0.0053513655, 0.0052771806, 0.005124985, 0.0049671205, 0.0048026317, 0.0047176587, 0.004541991, 0.00435765, 0.00426194, 0.004062566, 0.003850787, 0.003624124, 0.0035043384, 0.0032508173, 0.0029850246, 0.0028563004, 0.002658503, 0.0026653712
0, 0, 0, 0, 0, 0, 0, 0, 0, 0, 0, 0, 0, 0, 0, 0, 0, 0, 0, 0, 0, 0, 0, 0, 0.005703276, 0.0045043575, 0.0040330654, 0.004082528, 0.004196273, 0.0044830884, 0.0047814795, 0.004925045, 0.0051965807, 0.005448899, 0.005686407, 0.0058009243, 0.006023223, 0.006237489, 0.0063413177, 0.0065407064, 0.0067277737, 0.0068158363, 0.006981094, 0.007132287, 0.0072713033, 0.007336647, 0.0074615036, 0.007580938, 0.007639025, 0.0077535906, 0.007865342, 0.007973464, 0.008025773, 0.008125469, 0.008218031, 0.00826144, 0.00834268, 0.008417404, 0.00845255, 0.008518895, 0.008580496, 0.008637373, 0.008663933, 0.0087128095, 0.008755824, 0.00877511, 0.0088095255, 0.008839839, 0.008867843, 0.008881644, 0.0089091165, 0.008936346, 0.008949664, 0.008974907, 0.008997136, 0.009015417, 0.009022917, 0.009034117, 0.009040396, 0.009041621, 0.009040378, 0.009034169, 0.00902934, 0.009016359, 0.008999221, 0.008978226, 0.008966283, 0.0089394385, 0.008908131, 0.008890653, 0.008852017, 0.00880839, 0.008759931, 0.008734169, 0.008680236, 0.008623804, 0.008594992, 0.008536576, 0.008477296, 0.00844718, 0.008386331, 0.00832396, 0.008259634, 0.008226601, 0.008158352, 0.008086958, 0.008049863, 0.007972942, 0.007891967, 0.0078066974, 0.0077623804, 0.0076707257, 0.007575222, 0.0075260936, 0.0074252468, 0.007320962, 0.0072674416, 0.007157328, 0.0070430324, 0.006924723, 0.006864224, 0.0067405635, 0.0066139065, 0.0065494673, 0.006418534, 0.0062849647, 0.0061489013, 0.0060800067, 0.0059403055, 0.005798094, 0.005725968, 0.005579485, 0.005429562, 0.005353074, 0.0051966645, 0.0050348025, 0.0048666266, 0.004779897, 0.004600916, 0.0044138134, 0.004316975, 0.0041156076, 0.0039022085, 0.0036737924, 0.003552918, 0.0032967809, 0.0030274787, 0.0028968286, 0.0026953332, 0.0027007712
0, 0, 0, 0, 0, 0, 0, 0, 0, 0, 0, 0, 0, 0, 0, 0, 0, 0, 0, 0, 0, 0, 0, 0, 0, 0.0046364875, 0.0038908918, 0.0038363002, 0.0039427956, 0.0042518917, 0.0045868726, 0.004748668, 0.0050526373, 0.0053316304, 0.005590352, 0.00571394, 0.005952208, 0.006181107, 0.006292057, 0.006506775, 0.0067103254, 0.0068074116, 0.006990449, 0.0071586175, 0.007311998, 0.0073836623, 0.0075187115, 0.0076457434, 0.0077070384, 0.007827268, 0.007945525, 0.008062138, 0.008119425, 0.008231061, 0.008336655, 0.008386601, 0.0084803905, 0.00856555, 0.0086051095, 0.008678347, 0.00874454, 0.008804295, 0.008831912, 0.0088828495, 0.008927858, 0.008948161, 0.008984691, 0.009016833, 0.009046466, 0.009060985, 0.00908987, 0.009119003, 0.009133496, 0.009161653, 0.009187582, 0.009210295, 0.009220111, 0.0092362, 0.009247277, 0.009250697, 0.009253169, 0.009249599, 0.0092454245, 0.009232633, 0.009214108, 0.009190471, 0.009176666, 0.009145809, 0.009110154, 0.009090583, 0.009047732, 0.009000043, 0.008947773, 0.008920184, 0.008862468, 0.008802377, 0.0087718405, 0.008709863, 0.008647138, 0.008615437, 0.008551086, 0.008485128, 0.008416903, 0.008381788, 0.008309541, 0.008234172, 0.008195351, 0.008115485, 0.008032556, 0.007946282, 0.007901703, 0.0078096543, 0.0077134348, 0.0076637585, 0.0075612506, 0.007454733, 0.00739984, 0.0072869034, 0.0071698274, 0.0070489747, 0.0069872076, 0.0068613244, 0.0067324545, 0.006667043, 0.0065340768, 0.006398292, 0.00625951, 0.0061889016, 0.0060453867, 0.0058985944, 0.005824109, 0.0056728884, 0.0055183517, 0.0054396624, 0.0052788667, 0.0051125996, 0.004940068, 0.0048511797, 0.004667989, 0.0044771023, 0.0043784734, 0.004173902, 0.003957474, 0.0037261278, 0.0036036498, 0.003343989, 0.0030706257, 0.002937803, 0.002732528, 0.002736575
0, 0, 0, 0, 0, 0, 0, 0, 0, 0, 0, 0, 0, 0, 0, 0, 0, 0, 0, 0, 0, 0, 0, 0, 0, 0.0044437638, 0.003666265, 0.0035986002, 0.003712477, 0.0040511363, 0.004423458, 0.004603434, 0.0049396493, 0.005244478, 0.005522989, 0.0056547928, 0.0059068897, 0.0061478466, 0.006264894, 0.0064926744, 0.006710923, 0.0068157343, 0.007015091, 0.00719899, 0.007366494, 0.007444249, 0.007589894, 0.0077252844, 0.0077903257, 0.007917696, 0.008043495, 0.008169164, 0.008231749, 0.008354566, 0.008471746, 0.008527378, 0.008631149, 0.008724214, 0.008766769, 0.008844637, 0.00891381, 0.008975645, 0.009004164, 0.009057516, 0.009105433, 0.009127444, 0.0091673955, 0.009202579, 0.009234116, 0.009249081, 0.009278378, 0.0093073435, 0.009321648, 0.0093500735, 0.00937707, 0.009401791, 0.0094129, 0.009432064, 0.009446248, 0.009451266, 0.009456385, 0.009454521, 0.009450958, 0.009438281, 0.00941889, 0.009393245, 0.009378232, 0.009344602, 0.009305865, 0.009284758, 0.009238962, 0.009188573, 0.009134006, 0.0091054505, 0.009045917, 0.0089843115, 0.008952959, 0.008889325, 0.008824538, 0.008791522, 0.008724115, 0.008654076, 0.008580739, 0.008542819, 0.008464346, 0.008382646, 0.008340775, 0.008255503, 0.008168567, 0.008079753, 0.008034496, 0.007941608, 0.007844789, 0.007794765, 0.0076913713, 0.007583284, 0.0075275553, 0.007412863, 0.007294205, 0.007171966, 0.007109615, 0.0069826846, 0.006853053, 0.006787233, 0.006653359, 0.0065163015, 0.006375788, 0.006304087, 0.0061577447, 0.006007731, 0.0059313932, 0.0057763653, 0.0056178444, 0.0055370936, 0.005371992, 0.005201243, 0.0050241277, 0.0049328995, 0.004745046, 0.004549336, 0.0044482877, 0.0042388584, 0.0040177163, 0.0037817198, 0.0036568705, 0.0033923152, 0.0031139036, 0.002978562, 0.0027689636, 0.0027714865
0, 0, 0, 0, 0, 0, 0, 0, 0, 0, 0, 0, 0, 0, 0, 0, 0, 0, 0, 0, 0, 0, 0, 0, 0, 0, 0.0037033327, 0.0035781139, 0.003649248, 0.0039527602, 0.0043333084, 0.0045232414, 0.004880327, 0.005202123, 0.0054937107, 0.0056307325, 0.0058921687, 0.006141626, 0.0062631248, 0.0065007326, 0.0067305914, 0.0068417885, 0.0070548295, 0.0072526834, 0.007433174, 0.007517058, 0.007673794, 0.007818747, 0.00788821, 0.008023633, 0.00815717, 0.008290455, 0.008356857, 0.008487537, 0.008612216, 0.008671269, 0.008781166, 0.008879094, 0.008923809, 0.009005247, 0.009077541, 0.009142792, 0.009173354, 0.009231143, 0.009284323, 0.009308924, 0.00935395, 0.009393022, 0.009426933, 0.009442416, 0.009471238, 0.009498503, 0.0095117185, 0.00953758, 0.009562986, 0.009586714, 0.009597902, 0.009617517, 0.009632441, 0.0096377935, 0.009643326, 0.009641765, 0.009638034, 0.009624849, 0.009604551, 0.009577907, 0.009562345, 0.009527407, 0.009487772, 0.009466184, 0.009419563, 0.0093686, 0.0093137175, 0.009285074, 0.009225749, 0.009164442, 0.009133091, 0.00906934, 0.00900375, 0.008970146, 0.0089007355, 0.008827419, 0.008749687, 0.008709038, 0.008624561, 0.008536399, 0.008491307, 0.008399973, 0.008307845, 0.0082153, 0.008168676, 0.008073814, 0.007975963, 0.007925453, 0.007821087, 0.007711883, 0.007655502, 0.007539686, 0.0074198353, 0.007296734, 0.0072340625, 0.0071066176, 0.006976645, 0.006910621, 0.0067762453, 0.006638191, 0.0064962376, 0.0064236815, 0.006275443, 0.0061231777, 0.006045544, 0.005887537, 0.0057255914, 0.005642979, 0.005473964, 0.0052989996, 0.0051176, 0.00502415, 0.0048315153, 0.004630586, 0.0045267497, 0.004311518, 0.0040843664, 0.0038421676, 0.003714258, 0.0034434448, 0.00315886, 0.0030205098, 0.0028056432, 0.0028061974
0, 0, 0, 0, 0, 0, 0, 0, 0, 0, 0, 0, 0, 0, 0, 0, 0, 0, 0, 0, 0, 0, 0, 0, 0, 0, 0.0045020636, 0.003798135, 0.0037376108, 0.0039386027, 0.004304569, 0.0044968044, 0.004861292, 0.005189805, 0.0054873265, 0.0056273825, 0.0058951504, 0.006151509, 0.006276859, 0.006522773, 0.0067624194, 0.00687906, 0.0071037645, 0.0073138345, 0.00750728, 0.007597561, 0.007766931, 0.007923254, 0.007997835, 0.008141937, 0.008282174, 0.008420343, 0.008488716, 0.008622459, 0.008749847, 0.008810248, 0.008922826, 0.009023846, 0.009070243, 0.009155346, 0.009232251, 0.009303022, 0.009336608, 0.009400602, 0.009460134, 0.009487823, 0.009538391, 0.009581687, 0.009618238, 0.009634183, 0.009662534, 0.009687486, 0.009699118, 0.009721768, 0.009744, 0.0097653, 0.009775386, 0.009793048, 0.009806246, 0.009810679, 0.009814344, 0.009810613, 0.009805813, 0.009790729, 0.009768936, 0.009741372, 0.0097256545, 0.009690916, 0.009652057, 0.009630968, 0.009585607, 0.009535913, 0.009482507, 0.009454538, 0.009396685, 0.009336422, 0.009305536, 0.00924219, 0.009176575, 0.0091427155, 0.0090721985, 0.008997236, 0.008917062, 0.008874863, 0.00878675, 0.008694377, 0.008647067, 0.0085513545, 0.0084552085, 0.0083592115, 0.008311157, 0.008214109, 0.008114686, 0.008063571, 0.0079580275, 0.007847726, 0.0077907774, 0.007673569, 0.007552492, 0.0074281543, 0.0073649506, 0.007236632, 0.0071056304, 0.007039082, 0.006903493, 0.0067640976, 0.0066205463, 0.0065472024, 0.0063973786, 0.0062433444, 0.0061647943, 0.006004363, 0.0058394745, 0.0057550566, 0.0055823177, 0.0054034283, 0.0052178674, 0.005122347, 0.004925201, 0.0047192895, 0.0046127317, 0.0043916395, 0.004158152, 0.003909171, 0.0037777885, 0.0034998802, 0.0032079925, 0.0030660634, 0.0028449693, 0.0028428445
0, 0, 0, 0, 0, 0, 0, 0, 0, 0, 0, 0, 0, 0, 0, 0, 0, 0, 0, 0, 0, 0, 0, 0, 0, 0, 0.0046916227, 0.00391471, 0.003808971, 0.0039587966, 0.0043029017, 0.0044891248, 0.004847932, 0.0051761344, 0.0054778648, 0.005621348, 0.005897459, 0.006163293, 0.0062935483, 0.0065492867, 0.006798707, 0.00692061, 0.007156492, 0.0073789395, 0.0075858375, 0.0076833004, 0.007866812, 0.008036356, 0.0081165405, 0.008269688, 0.008415399, 0.008555941, 0.008624545, 0.008757961, 0.008885119, 0.008945654, 0.009059615, 0.0091636535, 0.009211887, 0.009301688, 0.0093839215, 0.009460483, 0.009496974, 0.00956674, 0.0096315, 0.009661514, 0.009716335, 0.00976314, 0.009801782, 0.009818297, 0.009846395, 0.0098695895, 0.00987991, 0.009899689, 0.009918739, 0.009937292, 0.009946007, 0.009961003, 0.009971164, 0.009973989, 0.0099741295, 0.009966478, 0.009959766, 0.009941295, 0.009917122, 0.009888254, 0.009872495, 0.009838598, 0.009801342, 0.009781327, 0.009738059, 0.009690601, 0.009639205, 0.009612232, 0.009555742, 0.009496359, 0.009465734, 0.009402404, 0.009336525, 0.009302457, 0.009231536, 0.009156221, 0.009075698, 0.009033393, 0.008944921, 0.008852056, 0.008804428, 0.008707854, 0.008610544, 0.008513236, 0.008464458, 0.008366114, 0.008265381, 0.008213774, 0.008107177, 0.007995792, 0.007938256, 0.007819578, 0.0076968595, 0.0075706537, 0.007506443, 0.0073759635, 0.0072427187, 0.007174947, 0.007036905, 0.006895154, 0.006749615, 0.006675408, 0.0065239305, 0.006368371, 0.0062889005, 0.00612637, 0.0059586065, 0.0058726035, 0.0056960676, 0.005513188, 0.005323366, 0.0052256915, 0.0050240676, 0.0048135305, 0.004704542, 0.0044780597, 0.00423861, 0.0039831493, 0.003848279, 0.00356295, 0.0032630758, 0.0031171096, 0.0028889256, 0.0028834788
0, 0, 0, 0, 0, 0, 0, 0, 0, 0, 0, 0, 0, 0, 0, 0, 0, 0, 0, 0, 0, 0, 0, 0, 0, 0, 0, 0.0041779177, 0.0040457873, 0.004051227, 0.004301577, 0.0044637555, 0.0048033213, 0.0051339264, 0.0054478464, 0.0055988934, 0.005891114, 0.0061724074, 0.0063095833, 0.006578316, 0.00683938, 0.0069667706, 0.0072141746, 0.007449287, 0.007670466, 0.007775333, 0.007973654, 0.008156763, 0.008242709, 0.008404562, 0.008554937, 0.008696638, 0.00876499, 0.008897149, 0.009023417, 0.009084226, 0.009200286, 0.009308205, 0.009358929, 0.009454046, 0.009541255, 0.009622023, 0.009660381, 0.00973282, 0.009799496, 0.009830412, 0.009886698, 0.009934932, 0.009974666, 0.009991408, 0.010019296, 0.010041328, 0.010050814, 0.010068268, 0.010085039, 0.010101317, 0.010108916, 0.010121643, 0.0101291, 0.01013031, 0.0101269465, 0.010115361, 0.010106629, 0.010084463, 0.010057612, 0.010027612, 0.01001189, 0.009978777, 0.009943163, 0.009924035, 0.009882624, 0.009836817, 0.009786628, 0.009760036, 0.00970383, 0.009644073, 0.009613048, 0.009548735, 0.009481727, 0.009447266, 0.009376056, 0.009301176, 0.009222118, 0.009180889, 0.009095017, 0.009005198, 0.008959124, 0.008865387, 0.0087702405, 0.008674331, 0.00862597, 0.008527885, 0.008427026, 0.0083752135, 0.008268246, 0.008156124, 0.00809808, 0.007978157, 0.007853635, 0.007725061, 0.00765943, 0.0075258296, 0.0073890644, 0.0073194182, 0.0071777683, 0.007032745, 0.0068846266, 0.0068092817, 0.006656019, 0.0064987573, 0.0064183795, 0.0062536937, 0.006083172, 0.005995522, 0.0058152163, 0.005627997, 0.00543354, 0.0053335275, 0.005127313, 0.0049121827, 0.0048008678, 0.0045695473, 0.004324728, 0.0040631355, 0.0039248997, 0.0036321774, 0.003323987, 0.0031736852, 0.0029377025, 0.0029285105
0, 0, 0, 0, 0, 0, 0, 0, 0, 0, 0, 0, 0, 0, 0, 0, 0, 0, 0, 0, 0, 0, 0, 0, 0, 0, 0, 0.0051907776, 0.0046434663, 0.004170726, 0.0042414507, 0.0043726778, 0.004704631, 0.005057701, 0.005400634, 0.005566127, 0.005884232, 0.0061869496, 0.006333047, 0.0066166325, 0.006890031, 0.007023176, 0.0072818333, 0.0075292643, 0.0077638477, 0.007875826, 0.008087702, 0.008282449, 0.008373445, 0.008542733, 0.008697147, 0.008840363, 0.008908722, 0.009040521, 0.009167402, 0.009229054, 0.009348361, 0.00946119, 0.009514506, 0.0096147135, 0.0097060045, 0.0097888885, 0.009827568, 0.009899691, 0.0099651925, 0.009995549, 0.010050613, 0.010098212, 0.0101374695, 0.010153976, 0.010181175, 0.010201943, 0.010210717, 0.010226064, 0.010240746, 0.010254985, 0.010261714, 0.010272981, 0.010279036, 0.010279411, 0.010274127, 0.010260442, 0.010250607, 0.01022661, 0.010198232, 0.010167807, 0.010152099, 0.010119647, 0.0100849345, 0.010066253, 0.010025658, 0.009980173, 0.0099295685, 0.0099025145, 0.009844868, 0.009783117, 0.0097508915, 0.009684384, 0.009615494, 0.00958036, 0.009508582, 0.00943448, 0.009357828, 0.009318378, 0.00923711, 0.009152632, 0.009109422, 0.009021051, 0.008930487, 0.008837954, 0.0087907715, 0.008694377, 0.008594475, 0.008542915, 0.008436183, 0.008323914, 0.008265613, 0.008144821, 0.0080187805, 0.007888025, 0.00782102, 0.0076841065, 0.007543518, 0.0074718953, 0.007326229, 0.007177631, 0.007026382, 0.006949726, 0.0067940666, 0.0066345003, 0.0065529635, 0.006385663, 0.006212216, 0.006122901, 0.0059388466, 0.0057473537, 0.0055481466, 0.0054456503, 0.005234613, 0.005014764, 0.004901071, 0.004664973, 0.0044149733, 0.004147428, 0.0040058233, 0.0037054957, 0.0033887886, 0.003234019, 0.002989875, 0.002976787
0, 0, 0, 0, 0, 0, 0, 0, 0, 0, 0, 0, 0, 0, 0, 0, 0, 0, 0, 0, 0, 0, 0, 0, 0, 0, 0, 0.005486086, 0.004854748, 0.0041030403, 0.004074847, 0.004204176, 0.0045703226, 0.0049709575, 0.0053579616, 0.005542315, 0.0058917026, 0.0062173945, 0.0063726734, 0.0066704457, 0.0069547654, 0.0070927218, 0.0073609375, 0.00761879, 0.007864449, 0.007981858, 0.008204188, 0.008407672, 0.008502205, 0.008677004, 0.008835357, 0.008980575, 0.009049693, 0.0091831, 0.009311971, 0.009375021, 0.009498081, 0.009615415, 0.009671138, 0.009775435, 0.009869521, 0.009953603, 0.009992277, 0.01006311, 0.010126558, 0.010155637, 0.010208643, 0.010254441, 0.010292572, 0.010308565, 0.010334442, 0.010353549, 0.01036122, 0.010374179, 0.010386089, 0.0103979865, 0.010403725, 0.01041369, 0.010419484, 0.010419955, 0.0104153305, 0.010402513, 0.010393314, 0.010370349, 0.010343052, 0.010313473, 0.010298126, 0.010266068, 0.010231541, 0.0102127595, 0.010171741, 0.010125269, 0.010073008, 0.010044741, 0.009984402, 0.009919485, 0.009885775, 0.009816413, 0.009745394, 0.009709403, 0.009637068, 0.009563773, 0.009489583, 0.009451941, 0.009375454, 0.009296957, 0.009256929, 0.009174743, 0.009089492, 0.009000943, 0.008955243, 0.008860883, 0.008762127, 0.0087109525, 0.0086045135, 0.008492436, 0.008434122, 0.008313142, 0.008186418, 0.008054212, 0.007986281, 0.007847012, 0.0077035013, 0.007630305, 0.0074813683, 0.007329421, 0.0071748346, 0.007096561, 0.0069376593, 0.0067747715, 0.0066916253, 0.0065211547, 0.0063443305, 0.006253301, 0.006065581, 0.005869982, 0.0056662615, 0.005561372, 0.0053453776, 0.005120561, 0.005004434, 0.0047632023, 0.0045076585, 0.0042337542, 0.004088617, 0.0037803506, 0.0034548696, 0.0032956528, 0.0030434986, 0.003026697
0, 0, 0, 0, 0, 0, 0, 0, 0, 0, 0, 0, 0, 0, 0, 0, 0, 0, 0, 0, 0, 0, 0, 0, 0, 0, 0, 0, 0.004739889, 0.0039584767, 0.0039208066, 0.0040618237, 0.0044670855, 0.004913712, 0.0053419117, 0.0055433954, 0.005919972, 0.0062647094, 0.0064269584, 0.0067356215, 0.0070278146, 0.0071692155, 0.007444393, 0.007709432, 0.007962388, 0.008083447, 0.008312439, 0.0085217925, 0.008618657, 0.008797829, 0.008959752, 0.009108379, 0.009179115, 0.009315727, 0.009447805, 0.009512348, 0.009638364, 0.009758611, 0.009815603, 0.009922448, 0.010018624, 0.010104366, 0.010143406, 0.010214579, 0.010277835, 0.010306594, 0.01035882, 0.010404024, 0.010441535, 0.010457148, 0.010482258, 0.010499691, 0.010506214, 0.0105165, 0.010525265, 0.010534192, 0.010538741, 0.010547276, 0.010553221, 0.01055436, 0.010552097, 0.010542737, 0.010535461, 0.010516494, 0.010492644, 0.010465395, 0.010450709, 0.010419317, 0.0103845475, 0.01036544, 0.010323289, 0.010275166, 0.010220759, 0.010191207, 0.010128059, 0.010060335, 0.010025363, 0.0099536935, 0.00988103, 0.009844594, 0.009771738, 0.009698961, 0.009626465, 0.009590212, 0.009517308, 0.009443424, 0.009405813, 0.009328486, 0.009247636, 0.009162185, 0.009117557, 0.0090244105, 0.00892598, 0.008874779, 0.008768274, 0.00865634, 0.008598171, 0.008477412, 0.00835085, 0.008218629, 0.008150529, 0.008010491, 0.00786577, 0.007791816, 0.0076408056, 0.007486406, 0.0073287096, 0.007248664, 0.007085881, 0.006918928, 0.00683371, 0.006659157, 0.006478436, 0.0063855187, 0.0061940085, 0.0059944117, 0.005786375, 0.005679153, 0.0054582744, 0.0052282186, 0.005109369, 0.004862481, 0.0046004555, 0.004319363, 0.004170347, 0.0038539344, 0.00351983, 0.003356325, 0.0030965845, 0.0030764078
0, 0, 0, 0, 0, 0, 0, 0, 0, 0, 0, 0, 0, 0, 0, 0, 0, 0, 0, 0, 0, 0, 0, 0, 0, 0, 0, 0, 0, 0.0041045914, 0.003987604, 0.0040795472, 0.004445965, 0.004903019, 0.005354206, 0.0055665295, 0.005960125, 0.006316623, 0.006483226, 0.006798709, 0.0070960107, 0.007239708, 0.007518969, 0.007788061, 0.008045311, 0.008168364, 0.008401302, 0.008614538, 0.008713551, 0.008897222, 0.009064086, 0.009217963, 0.00929125, 0.009432528, 0.0095681595, 0.009634107, 0.009761408, 0.009882082, 0.009939436, 0.010046993, 0.010144827, 0.01023282, 0.01027331, 0.010347572, 0.010413461, 0.010443507, 0.010498079, 0.010545199, 0.010584217, 0.01060044, 0.010626305, 0.01064393, 0.010650189, 0.0106591275, 0.010665772, 0.010671955, 0.010675266, 0.010682085, 0.010687819, 0.010689459, 0.010689642, 0.010684348, 0.010679468, 0.010665399, 0.01064606, 0.010621868, 0.010608202, 0.01057765, 0.010542759, 0.01052331, 0.010480198, 0.010430757, 0.010375123, 0.010344836, 0.010280263, 0.010211435, 0.01017594, 0.01010356, 0.010030408, 0.009993824, 0.009920793, 0.00984819, 0.009776289, 0.009740563, 0.009669048, 0.00959706, 0.009560417, 0.009485242, 0.009406114, 0.009321657, 0.009277173, 0.009183653, 0.009084259, 0.009032452, 0.008925155, 0.008812898, 0.00875483, 0.0086347405, 0.008509101, 0.008377921, 0.008310252, 0.008170825, 0.008026351, 0.007952249, 0.0078005823, 0.007644777, 0.0074849217, 0.0074033365, 0.0072368863, 0.0070656836, 0.006978136, 0.0067990287, 0.0066138357, 0.0065186834, 0.006322861, 0.0061188666, 0.0059063346, 0.0057967524, 0.0055708964, 0.0053352234, 0.005213378, 0.0049598687, 0.004690574, 0.0044015995, 0.004248415, 0.0039236285, 0.0035811027, 0.0034135797, 0.0031469245, 0.0031237246
0, 0, 0, 0, 0, 0, 0, 0, 0, 0, 0, 0, 0, 0, 0, 0, 0, 0, 0, 0, 0, 0, 0, 0, 0, 0, 0, 0, 0, 0.005053932, 0.0042808177, 0.004223192, 0.004474709, 0.0049166856, 0.005375419, 0.005592202, 0.0059930733, 0.006355069, 0.006524281, 0.0068443017, 0.007145941, 0.007291424, 0.0075737885, 0.0078452, 0.008104372, 0.008228626, 0.008464506, 0.008681854, 0.0087834895, 0.008973472, 0.0091477195, 0.00930936, 0.0093862, 0.009533494, 0.009672779, 0.009739512, 0.009867314, 0.009986882, 0.010043597, 0.010150719, 0.010249501, 0.010340357, 0.0103828255, 0.010461765, 0.010533045, 0.010565689, 0.0106250085, 0.010676306, 0.010719321, 0.010737508, 0.010767183, 0.010788212, 0.010795879, 0.010806797, 0.010813886, 0.010819285, 0.010821927, 0.0108269695, 0.010831609, 0.010833342, 0.010834381, 0.010831646, 0.0108285295, 0.010818334, 0.010802524, 0.01078104, 0.010768194, 0.010738456, 0.010703495, 0.010683946, 0.0106405355, 0.010591262, 0.010536053, 0.010506233, 0.01044269, 0.010375157, 0.010340171, 0.010268814, 0.010196427, 0.010160111, 0.010087366, 0.0100148255, 0.009942703, 0.00990673, 0.009834479, 0.009761472, 0.009724254, 0.009647632, 0.009566896, 0.009480672, 0.009435212, 0.009339492, 0.00923803, 0.009185326, 0.009076631, 0.008963576, 0.008905469, 0.008785821, 0.008661065, 0.008531033, 0.0084639015, 0.008325283, 0.008181325, 0.008107373, 0.007955736, 0.0077994545, 0.0076384787, 0.007556043, 0.007387166, 0.0072124684, 0.007122918, 0.0069392114, 0.006749004, 0.006651335, 0.006450337, 0.006241225, 0.0060236882, 0.0059115295, 0.0056802533, 0.0054385355, 0.005313336, 0.005052553, 0.004775296, 0.0044779875, 0.0043206178, 0.00398751, 0.003636969, 0.0034656143, 0.0031924178, 0.0031665566
0, 0, 0, 0, 0, 0, 0, 0, 0, 0, 0, 0, 0, 0, 0, 0, 0, 0, 0, 0, 0, 0, 0, 0, 0, 0, 0, 0, 0, 0.005284597, 0.0044216267, 0.0043130023, 0.0045103794, 0.0049315356, 0.005383088, 0.0055986526, 0.0060002715, 0.0063659437, 0.0065376954, 0.0068637063, 0.007170714, 0.0073184795, 0.0076043215, 0.007877709, 0.008138524, 0.008263634, 0.008502597, 0.008725294, 0.008830675, 0.009029462, 0.009214079, 0.009385607, 0.009467106, 0.0096212765, 0.009764895, 0.0098325275, 0.009960657, 0.010079326, 0.010135369, 0.0102421325, 0.0103422, 0.010436081, 0.0104807075, 0.010564872, 0.010642004, 0.010677565, 0.010742676, 0.010799544, 0.010848254, 0.010869437, 0.010905725, 0.010933716, 0.010944683, 0.010961368, 0.010972357, 0.010979433, 0.010981951, 0.010986017, 0.01098882, 0.010989797, 0.01099021, 0.01098791, 0.010985341, 0.010976794, 0.010962729, 0.010942456, 0.010929881, 0.01090036, 0.0108652515, 0.010845629, 0.010802687, 0.010754843, 0.010702085, 0.01067385, 0.010613755, 0.010549433, 0.010515938, 0.010446984, 0.01037593, 0.010340203, 0.010268178, 0.010195957, 0.010123451, 0.010086902, 0.010012941, 0.0099370945, 0.009898244, 0.00981767, 0.009732737, 0.009642352, 0.009595026, 0.00949599, 0.0093918415, 0.009338086, 0.009227622, 0.009113489, 0.009055023, 0.008934856, 0.008809949, 0.008679616, 0.008612254, 0.008473233, 0.0083288085, 0.00825466, 0.008102755, 0.007946304, 0.007784936, 0.0077022817, 0.007532265, 0.0073554926, 0.0072644055, 0.0070766364, 0.006881524, 0.0067810547, 0.0065742065, 0.006359271, 0.006136096, 0.0060211457, 0.0057839304, 0.005535761, 0.0054070037, 0.0051384997, 0.004853143, 0.004547634, 0.004386265, 0.004045149, 0.003686868, 0.0035118607, 0.003232466, 0.0032043005
0, 0, 0, 0, 0, 0, 0, 0, 0, 0, 0, 0, 0, 0, 0, 0, 0, 0, 0, 0, 0, 0, 0, 0, 0, 0, 0, 0, 0, 0, 0.0047189896, 0.0045824475, 0.004621795, 0.00494245, 0.005355099, 0.0055646654, 0.005967256, 0.0063413666, 0.00651811, 0.006853666, 0.007168781, 0.007319685, 0.007610161, 0.0078865765, 0.008149586, 0.008276267, 0.008519256, 0.008748768, 0.00885855, 0.00906793, 0.0092645995, 0.0094477255, 0.009534137, 0.009696513, 0.009845395, 0.00991491, 0.010045078, 0.010164964, 0.010221739, 0.010330204, 0.010433191, 0.01053123, 0.010578108, 0.010667555, 0.010750118, 0.010788373, 0.010859173, 0.01092195, 0.010977087, 0.011001897, 0.011045964, 0.011082561, 0.011097856, 0.011122628, 0.011139461, 0.0111498805, 0.0111531, 0.011156586, 0.011157739, 0.0111577045, 0.011156645, 0.011153606, 0.011151008, 0.011142652, 0.011128847, 0.011108533, 0.011095877, 0.01106559, 0.011029654, 0.011009948, 0.010967467, 0.010921456, 0.010872051, 0.010845844, 0.01079012, 0.010729713, 0.01069789, 0.010631277, 0.0105618825, 0.010526496, 0.010455103, 0.010383211, 0.01031063, 0.0102738375, 0.010198344, 0.010119879, 0.010079261, 0.009994532, 0.00990473, 0.0098096905, 0.00976021, 0.009657591, 0.009550872, 0.009496162, 0.009384104, 0.009268594, 0.009209369, 0.009087469, 0.008960423, 0.008827499, 0.008758829, 0.008617108, 0.008470145, 0.008394972, 0.008241496, 0.008084016, 0.007922061, 0.007839227, 0.0076687518, 0.00749064, 0.0073984666, 0.007207447, 0.0070077255, 0.006904609, 0.00669201, 0.0064712525, 0.0062422426, 0.006124331, 0.005880964, 0.005625956, 0.0054935664, 0.0052175447, 0.004924549, 0.0046114232, 0.00444623, 0.0040976214, 0.0037321239, 0.0035536196, 0.0032685357, 0.0032382894
0, 0, 0, 0, 0, 0, 0, 0, 0, 0, 0, 0, 0, 0, 0, 0, 0, 0, 0, 0, 0, 0, 0, 0, 0, 0, 0, 0, 0, 0, 0.005876556, 0.0052733575, 0.004774518, 0.004893751, 0.005258053, 0.0054673017, 0.005884908, 0.0062778373, 0.006462886, 0.0068125324, 0.007137964, 0.007293102, 0.0075896345, 0.00787048, 0.008137906, 0.008266941, 0.008516187, 0.008753914, 0.008868719, 0.009089571, 0.009298182, 0.009492905, 0.009584713, 0.009756486, 0.009912764, 0.009985487, 0.010121321, 0.010246576, 0.010306063, 0.010420285, 0.010529309, 0.010633459, 0.010683434, 0.010778851, 0.010866997, 0.010908193, 0.010984624, 0.011053308, 0.011115019, 0.011143259, 0.011194772, 0.01123923, 0.011258452, 0.011290126, 0.0113124745, 0.011325984, 0.011329881, 0.011333521, 0.011333657, 0.011332959, 0.011331, 0.011327622, 0.011325117, 0.011317115, 0.011303689, 0.011283177, 0.011270124, 0.011238651, 0.011201488, 0.011181154, 0.011138264, 0.011093259, 0.011046232, 0.0110215265, 0.010969041, 0.010911568, 0.010880879, 0.010815615, 0.010746556, 0.010711154, 0.0106394105, 0.010567317, 0.010494457, 0.010457502, 0.0103816, 0.010301977, 0.010260425, 0.01017312, 0.010080089, 0.009981644, 0.009930628, 0.00982554, 0.009717143, 0.009661903, 0.009548855, 0.0094318865, 0.009371616, 0.009247125, 0.009116392, 0.008979006, 0.0089079095, 0.008761337, 0.008609642, 0.008532289, 0.00837511, 0.008214605, 0.00805069, 0.007966966, 0.0077949734, 0.0076152366, 0.0075219884, 0.0073281117, 0.0071244696, 0.0070191333, 0.00680163, 0.0065758866, 0.0063414155, 0.006220678, 0.0059712175, 0.0057097105, 0.00557388, 0.0052909777, 0.0049910466, 0.004671127, 0.0045025824, 0.00414734, 0.0037752392, 0.0035936248, 0.003303411, 0.003271385
0, 0, 0, 0, 0, 0, 0, 0, 0, 0, 0, 0, 0, 0, 0, 0, 0, 0, 0, 0, 0, 0, 0, 0, 0, 0, 0, 0, 0, 0, 0.0062489826, 0.005546011, 0.0047224504, 0.0047223717, 0.005086938, 0.0053108553, 0.0057596243, 0.006177447, 0.006372405, 0.006737298, 0.0070740525, 0.007233801, 0.007538792, 0.007827473, 0.008102811, 0.008235972, 0.008494254, 0.008742367, 0.008862616, 0.009095072, 0.0093153445, 0.009521486, 0.009618768, 0.009800927, 0.00996736, 0.010045066, 0.010190909, 0.010326031, 0.010390675, 0.010514985, 0.010633658, 0.010746653, 0.010800636, 0.01090357, 0.010998478, 0.011042869, 0.011125888, 0.011201058, 0.011269102, 0.011300542, 0.01135816, 0.0114079, 0.011429455, 0.011465058, 0.011490267, 0.011505204, 0.01150934, 0.01151315, 0.011513164, 0.011512711, 0.011511285, 0.011509211, 0.01150746, 0.011501039, 0.011488936, 0.011469116, 0.01145599, 0.011423763, 0.011384985, 0.011363893, 0.011319712, 0.011274073, 0.011226994, 0.011202642, 0.011150876, 0.011094086, 0.011063443, 0.010997665, 0.010927435, 0.010891143, 0.010817535, 0.010743591, 0.010669461, 0.010632111, 0.010555883, 0.010476192, 0.010434539, 0.010346823, 0.010253028, 0.010153664, 0.010102243, 0.009996749, 0.009888246, 0.009832904, 0.009719576, 0.00960166, 0.009540498, 0.009413109, 0.009278297, 0.00913588, 0.009061924, 0.008909288, 0.008751465, 0.008671036, 0.008508024, 0.008342416, 0.008173862, 0.008088124, 0.007912488, 0.0077295136, 0.007634716, 0.007437752, 0.0072308453, 0.007123686, 0.0069024833, 0.0066724834, 0.0064333975, 0.0063101733, 0.006055379, 0.005788162, 0.0056494013, 0.005360647, 0.005054864, 0.0047292197, 0.00455785, 0.0041968445, 0.0038190503, 0.0036347245, 0.0033399393, 0.0033064021
0, 0, 0, 0, 0, 0, 0, 0, 0, 0, 0, 0, 0, 0, 0, 0, 0, 0, 0, 0, 0, 0, 0, 0, 0, 0, 0, 0, 0, 0, 0, 0.005451643, 0.004578265, 0.004550921, 0.0049208705, 0.005150779, 0.0056138793, 0.0060456684, 0.0062473165, 0.006625153, 0.006974868, 0.0071409703, 0.0074585527, 0.0077600144, 0.008047915, 0.008187792, 0.008459136, 0.008720436, 0.008847036, 0.009091942, 0.0093242, 0.009541714, 0.009644611, 0.009838366, 0.01001675, 0.010100832, 0.010259968, 0.010408929, 0.010480256, 0.010617685, 0.010748273, 0.0108716795, 0.010930412, 0.011041325, 0.011143836, 0.0111918505, 0.01128183, 0.011364164, 0.0114387395, 0.011473084, 0.011535445, 0.011588202, 0.011610808, 0.011647393, 0.01167254, 0.011687276, 0.0116913915, 0.011695499, 0.011696428, 0.011696678, 0.01169731, 0.011697652, 0.011697301, 0.011693567, 0.011683742, 0.01166555, 0.011652985, 0.011620921, 0.01158142, 0.011559655, 0.0115138795, 0.0114664305, 0.011417521, 0.011392264, 0.011338946, 0.011280488, 0.011248994, 0.011181329, 0.011108569, 0.011070685, 0.010993521, 0.010915891, 0.010838431, 0.010799771, 0.010721791, 0.010641369, 0.010599618, 0.010512202, 0.010419174, 0.010320919, 0.010270165, 0.010165993, 0.010058747, 0.010003783, 0.009890826, 0.009772451, 0.009710685, 0.009581194, 0.009442999, 0.009296046, 0.009219511, 0.009061091, 0.008896896, 0.008813258, 0.008643568, 0.0084712785, 0.008296195, 0.008207286, 0.008025721, 0.007837577, 0.007740493, 0.0075396504, 0.0073292833, 0.0072205383, 0.0069960775, 0.0067624906, 0.0065194564, 0.006394051, 0.0061349045, 0.0058631035, 0.0057220296, 0.005428594, 0.0051181884, 0.004787786, 0.0046140132, 0.004248264, 0.0038655193, 0.0036787288, 0.003379671, 0.0033448213
0, 0, 0, 0, 0, 0, 0, 0, 0, 0, 0, 0, 0, 0, 0, 0, 0, 0, 0, 0, 0, 0, 0, 0, 0, 0, 0, 0, 0, 0, 0, 0, 0.004766579, 0.0046169786, 0.004842044, 0.0050301934, 0.0054549314, 0.0058828075, 0.0060888054, 0.00648111, 0.0068486473, 0.007024149, 0.0073605194, 0.0076802527, 0.007985913, 0.0081341835, 0.0084222555, 0.008699228, 0.008833494, 0.009092501, 0.009337489, 0.009567224, 0.009676179, 0.009882447, 0.010074191, 0.0101653095, 0.010338994, 0.010502945, 0.010581657, 0.010732697, 0.010874952, 0.011007648, 0.011070355, 0.011188315, 0.011297105, 0.011348184, 0.011444461, 0.011533207, 0.01161393, 0.011650932, 0.011717633, 0.011773234, 0.011796451, 0.011833357, 0.011858063, 0.011872505, 0.011876797, 0.011881643, 0.011884441, 0.011885751, 0.01188883, 0.011891768, 0.011892603, 0.011891365, 0.011883705, 0.011867395, 0.011855708, 0.011824984, 0.011786152, 0.011764426, 0.011717971, 0.0116689745, 0.011617894, 0.011591311, 0.011535576, 0.011474785, 0.011442125, 0.011372121, 0.011296466, 0.01125678, 0.011175337, 0.0110926805, 0.011010088, 0.010969089, 0.010886803, 0.010803367, 0.010760549, 0.010672203, 0.010579562, 0.010482647, 0.010432685, 0.010330207, 0.010224319, 0.010169897, 0.010057375, 0.009938724, 0.009876522, 0.00974558, 0.009604956, 0.009454814, 0.009376255, 0.00921332, 0.009044131, 0.008957696, 0.008782138, 0.008603364, 0.008421435, 0.008328907, 0.0081403125, 0.007945812, 0.007845824, 0.007640042, 0.0074256733, 0.007315066, 0.00708689, 0.0068494994, 0.006602515, 0.006475153, 0.00621213, 0.0059366883, 0.0057938164, 0.0054967604, 0.005182704, 0.0048485403, 0.0046727476, 0.0043026996, 0.003915377, 0.0037261911, 0.0034229327, 0.0033868006
0, 0, 0, 0, 0, 0, 0, 0, 0, 0, 0, 0, 0, 0, 0, 0, 0, 0, 0, 0, 0, 0, 0, 0, 0, 0, 0, 0, 0, 0, 0, 0, 0.0059004333, 0.0049240943, 0.0047840658, 0.00489172, 0.0052578207, 0.0056887544, 0.0059048813, 0.0063231834, 0.0067176414, 0.006906148, 0.0072669284, 0.0076086773, 0.007934158, 0.008091454, 0.008397196, 0.008690535, 0.0088324975, 0.0091062095, 0.0093650045, 0.00960793, 0.00972331, 0.009942615, 0.010148042, 0.01024611, 0.010434205, 0.010612352, 0.010697677, 0.010860347, 0.011011684, 0.011150804, 0.011215907, 0.011337798, 0.011449923, 0.011502772, 0.011602989, 0.011696065, 0.011781695, 0.011821096, 0.011892398, 0.011951768, 0.011976508, 0.012015821, 0.012042374, 0.012058588, 0.012063931, 0.012071123, 0.01207627, 0.012078687, 0.012083722, 0.012088064, 0.012089439, 0.012088872, 0.012082054, 0.012067038, 0.0120561, 0.012027519, 0.01199072, 0.011969845, 0.011924356, 0.011875285, 0.011823076, 0.011795793, 0.011738214, 0.011675857, 0.011642491, 0.01157103, 0.011493309, 0.011452443, 0.011367569, 0.011280227, 0.01119214, 0.011148105, 0.011059932, 0.0109712, 0.010926365, 0.010834871, 0.010740531, 0.010643266, 0.010593399, 0.010491269, 0.010385474, 0.010330911, 0.010217679, 0.010097886, 0.010035031, 0.009902443, 0.0097599765, 0.009607605, 0.009527805, 0.009362235, 0.00919001, 0.009101917, 0.0089223515, 0.00873888, 0.008551224, 0.008455631, 0.008260661, 0.008059812, 0.007956875, 0.007745573, 0.0075261393, 0.007413117, 0.0071802926, 0.0069381674, 0.0066865673, 0.006557092, 0.0062901676, 0.0060112164, 0.005866824, 0.0055668484, 0.005249876, 0.004912523, 0.0047349753, 0.004360908, 0.003968865, 0.0037772704, 0.0034695636, 0.003432139
0, 0, 0, 0, 0, 0, 0, 0, 0, 0, 0, 0, 0, 0, 0, 0, 0, 0, 0, 0, 0, 0, 0, 0, 0, 0, 0, 0, 0, 0, 0, 0, 0.0062387395, 0.0049673207, 0.0045916727, 0.0046581267, 0.0050214194, 0.0054883678, 0.005725149, 0.006182526, 0.0066107935, 0.0068138135, 0.0072000157, 0.007562299, 0.007904982, 0.008070327, 0.008390662, 0.008698091, 0.00884682, 0.009134038, 0.009406069, 0.009661817, 0.009783696, 0.0100159235, 0.0102342535, 0.010338742, 0.010539628, 0.010729762, 0.010820323, 0.010992093, 0.011149603, 0.011292503, 0.011358827, 0.011482009, 0.011594772, 0.011648013, 0.011749267, 0.011844369, 0.011933179, 0.011974653, 0.012050786, 0.012115396, 0.012142829, 0.012187635, 0.012219649, 0.012240924, 0.012248622, 0.012260012, 0.012268269, 0.012271698, 0.012277668, 0.0122814635, 0.01228214, 0.012280095, 0.01227231, 0.012257524, 0.0122472085, 0.012220843, 0.012187163, 0.012167816, 0.012124958, 0.012077225, 0.012025367, 0.011997917, 0.011939934, 0.011877239, 0.011843778, 0.011772329, 0.011694475, 0.011653358, 0.011567399, 0.011477628, 0.011385634, 0.011339169, 0.011245772, 0.011151572, 0.011104101, 0.011008116, 0.010910324, 0.010810431, 0.010759486, 0.010655201, 0.010546928, 0.010491027, 0.01037497, 0.010252105, 0.010187783, 0.01005248, 0.009907829, 0.009753623, 0.009673164, 0.009506516, 0.009333232, 0.009244535, 0.009063266, 0.008877265, 0.008685982, 0.008588308, 0.008388509, 0.008182252, 0.008076582, 0.007859717, 0.007634705, 0.007518893, 0.0072804363, 0.007032696, 0.006775727, 0.006643779, 0.0063722823, 0.0060895854, 0.00594356, 0.0056406953, 0.0053210137, 0.004980771, 0.004801532, 0.0044234185, 0.0040264004, 0.003832103, 0.0035194699, 0.0034804665
0, 0, 0, 0, 0, 0, 0, 0, 0, 0, 0, 0, 0, 0, 0, 0, 0, 0, 0, 0, 0, 0, 0, 0, 0, 0, 0, 0, 0, 0, 0, 0, 0, 0.004813821, 0.0043810112, 0.0044455472, 0.0048314445, 0.0053370926, 0.005594426, 0.0060892776, 0.006547655, 0.0067629195, 0.0071683847, 0.0075449883, 0.007898821, 0.008069285, 0.008399233, 0.008716524, 0.008870361, 0.009167858, 0.009450348, 0.009716911, 0.009844162, 0.010087377, 0.010316727, 0.010426668, 0.010638121, 0.010837739, 0.010932562, 0.011111709, 0.011274436, 0.011420872, 0.011488235, 0.0116127655, 0.011725931, 0.011779273, 0.0118807405, 0.011976683, 0.0120677035, 0.012110978, 0.012191548, 0.012262108, 0.012292997, 0.012345287, 0.01238534, 0.012414406, 0.012425547, 0.012442836, 0.012454675, 0.012459076, 0.012465046, 0.012467059, 0.012466407, 0.012461429, 0.012451488, 0.01243603, 0.012426287, 0.012402042, 0.012371812, 0.012354369, 0.012314846, 0.012269627, 0.0122192, 0.012192098, 0.012134461, 0.012071845, 0.012038666, 0.011968226, 0.011891963, 0.011851707, 0.011767247, 0.0116782645, 0.01158563, 0.011538288, 0.011442255, 0.011344441, 0.011294928, 0.011194892, 0.011093066, 0.010989173, 0.0109362975, 0.010827781, 0.010714795, 0.0106563475, 0.0105351005, 0.010407114, 0.01034039, 0.010201029, 0.010053276, 0.0098972535, 0.009816317, 0.009649283, 0.009476145, 0.009387451, 0.009206039, 0.009019039, 0.008825964, 0.008726943, 0.008523747, 0.008313347, 0.008205242, 0.007983115, 0.007752378, 0.007633715, 0.0073892376, 0.007135505, 0.006872742, 0.0067379856, 0.006461457, 0.006174441, 0.00602655, 0.0057204533, 0.0053978283, 0.005054354, 0.004873279, 0.004490817, 0.004088324, 0.0038908608, 0.0035725026, 0.003531321
0, 0, 0, 0, 0, 0, 0, 0, 0, 0, 0, 0, 0, 0, 0, 0, 0, 0, 0, 0, 0, 0, 0, 0, 0, 0, 0, 0, 0, 0, 0, 0, 0, 0.0047805994, 0.0044865436, 0.004484547, 0.0047788825, 0.00526898, 0.0055328547, 0.0060478845, 0.0065239454, 0.00674578, 0.007160458, 0.007543076, 0.00790237, 0.008075404, 0.008411459, 0.00873515, 0.008892497, 0.009196931, 0.009486516, 0.009760357, 0.009891364, 0.010142254, 0.010379655, 0.010493829, 0.010713077, 0.010920268, 0.011018728, 0.011204254, 0.011373054, 0.011524733, 0.011594676, 0.01172345, 0.011839868, 0.011894374, 0.011997848, 0.012095837, 0.012189281, 0.012234094, 0.012318867, 0.012394949, 0.0124291405, 0.012489062, 0.012537489, 0.012574921, 0.012590085, 0.0126135405, 0.01262954, 0.012635016, 0.012641256, 0.012641654, 0.012639751, 0.01263212, 0.012619964, 0.012604143, 0.012594615, 0.012572618, 0.012545662, 0.012530141, 0.012494448, 0.012452279, 0.012404014, 0.012377557, 0.012320417, 0.012258107, 0.012225126, 0.012155685, 0.012081584, 0.012042693, 0.011961419, 0.011875515, 0.011785286, 0.011738692, 0.011642911, 0.011544311, 0.0114939995, 0.011391709, 0.011286998, 0.011179559, 0.01112454, 0.011011184, 0.010892478, 0.010830987, 0.0107031865, 0.0105688665, 0.010499172, 0.010354785, 0.010203466, 0.010045348, 0.009963913, 0.009796576, 0.009623794, 0.009535305, 0.009354165, 0.009166775, 0.008972514, 0.008872646, 0.008666868, 0.008452773, 0.00834249, 0.008115253, 0.007878871, 0.00775724, 0.00750671, 0.0072470466, 0.006978645, 0.0068411836, 0.0065594935, 0.0062679667, 0.0061179567, 0.0058079497, 0.005481651, 0.005134311, 0.004951086, 0.0045634164, 0.0041543315, 0.003953227, 0.00362801, 0.0035840035
0, 0, 0, 0, 0, 0, 0, 0, 0, 0, 0, 0, 0, 0, 0, 0, 0, 0, 0, 0, 0, 0, 0, 0, 0, 0, 0, 0, 0, 0, 0, 0, 0, 0.006391471, 0.00507656, 0.0047843843, 0.00482073, 0.0052527087, 0.0055127153, 0.0060318676, 0.006512154, 0.0067348056, 0.007150439, 0.0075343023, 0.007896657, 0.008072015, 0.008413423, 0.008743428, 0.008903666, 0.009213766, 0.0095083285, 0.009786617, 0.009919805, 0.010175429, 0.01041785, 0.01053466, 0.01075951, 0.010972372, 0.011073783, 0.011265318, 0.011440905, 0.0115997875, 0.011673439, 0.011810053, 0.0119336685, 0.011991475, 0.012100725, 0.012203292, 0.012300649, 0.012347342, 0.01243587, 0.012516417, 0.012553203, 0.012619128, 0.012674567, 0.012719167, 0.012737703, 0.012767369, 0.012787778, 0.012794712, 0.01280257, 0.012803, 0.012800726, 0.012791927, 0.012778951, 0.012763269, 0.012754385, 0.012734544, 0.012710849, 0.012697195, 0.01266553, 0.012627272, 0.012582112, 0.0125568565, 0.012501234, 0.012439642, 0.0124067925, 0.012337969, 0.012265563, 0.01222795, 0.012149809, 0.012067582, 0.011980757, 0.011935566, 0.011842124, 0.011744729, 0.011694767, 0.011592507, 0.011486922, 0.011377514, 0.011321038, 0.011203754, 0.011080052, 0.011015641, 0.010881664, 0.010741095, 0.010668502, 0.010519068, 0.010364054, 0.010203794, 0.010121839, 0.009954112, 0.009781399, 0.009693085, 0.009511915, 0.009324036, 0.009128546, 0.009027679, 0.008819251, 0.008601316, 0.008488758, 0.008256257, 0.008014028, 0.007889332, 0.0076328353, 0.0073674475, 0.007093584, 0.0069535263, 0.006666783, 0.0063704667, 0.0062181135, 0.005903525, 0.0055727684, 0.005220574, 0.0050346036, 0.004640538, 0.004223783, 0.0040184674, 0.0036854714, 0.0036381031
0, 0, 0, 0, 0, 0, 0, 0, 0, 0, 0, 0, 0, 0, 0, 0, 0, 0, 0, 0, 0, 0, 0, 0, 0, 0, 0, 0, 0, 0, 0, 0, 0, 0, 0.005286074, 0.0049158237, 0.0048581283, 0.0052496744, 0.005498741, 0.0060036625, 0.0064755045, 0.006695873, 0.0071100933, 0.007497455, 0.007866686, 0.008046069, 0.008396537, 0.008734785, 0.008898784, 0.00921519, 0.0095147835, 0.00979725, 0.009932295, 0.01019165, 0.010438149, 0.0105570275, 0.01078605, 0.011003027, 0.01110668, 0.011302961, 0.011483976, 0.01165021, 0.011727964, 0.011873497, 0.01200668, 0.01206913, 0.012187074, 0.0122971, 0.012400003, 0.012448942, 0.012541167, 0.0126250805, 0.012663697, 0.012733837, 0.012794187, 0.012844638, 0.012866032, 0.012901193, 0.0129264835, 0.012935471, 0.012946624, 0.012949127, 0.012947506, 0.012939747, 0.01292766, 0.012913119, 0.01290512, 0.0128876725, 0.0128674805, 0.01285593, 0.012828962, 0.012795725, 0.012755348, 0.012732209, 0.012680005, 0.012620636, 0.012588741, 0.012521305, 0.012450251, 0.012413527, 0.0123375775, 0.012257843, 0.012173585, 0.012129731, 0.012038608, 0.011943302, 0.011894282, 0.0117934095, 0.011688723, 0.011579076, 0.011522005, 0.011402545, 0.011275447, 0.011208981, 0.01107032, 0.010924742, 0.010849741, 0.010695942, 0.010537699, 0.01037554, 0.010293038, 0.010124858, 0.009952071, 0.009863686, 0.009682153, 0.00949338, 0.009296089, 0.009194009, 0.008982388, 0.008760249, 0.00864519, 0.008407169, 0.008158835, 0.0080310125, 0.007768539, 0.007497255, 0.0072178626, 0.0070750597, 0.0067829476, 0.006481125, 0.0063260826, 0.0060061156, 0.0056697903, 0.005311591, 0.005122249, 0.004720625, 0.0042951712, 0.004085363, 0.0037442758, 0.0036933648
0, 0, 0, 0, 0, 0, 0, 0, 0, 0, 0, 0, 0, 0, 0, 0, 0, 0, 0, 0, 0, 0, 0, 0, 0, 0, 0, 0, 0, 0, 0, 0, 0, 0, 0.005418055, 0.005222676, 0.0050428896, 0.0052743964, 0.0054735504, 0.005925078, 0.006380513, 0.006600293, 0.0070213797, 0.007421974, 0.0078065977, 0.007993801, 0.008358238, 0.008708035, 0.008876842, 0.009201366, 0.00950775, 0.009796249, 0.009934211, 0.010199467, 0.010451249, 0.010572476, 0.010805704, 0.0110258, 0.0111307185, 0.011329653, 0.011514279, 0.011685341, 0.011766336, 0.011919571, 0.012061944, 0.012129092, 0.012256225, 0.012374215, 0.012483133, 0.012534351, 0.012630012, 0.012716789, 0.012756825, 0.012830157, 0.012894716, 0.012950331, 0.012974562, 0.0130157145, 0.013046587, 0.013058188, 0.013073972, 0.013080092, 0.013080002, 0.013074766, 0.01306491, 0.013052322, 0.01304562, 0.01303106, 0.013014806, 0.01300557, 0.012984095, 0.012957164, 0.012923262, 0.012903286, 0.012856886, 0.0128025, 0.012772581, 0.012708571, 0.012639898, 0.012604071, 0.012529789, 0.012451311, 0.012368363, 0.012325227, 0.012235621, 0.012141997, 0.012093812, 0.011994597, 0.011891186, 0.011782221, 0.011725105, 0.011604935, 0.011476262, 0.011408632, 0.011267233, 0.01111852, 0.011041924, 0.010885059, 0.010724518, 0.010561042, 0.010478055, 0.010309518, 0.010136351, 0.010047703, 0.0098653035, 0.009674995, 0.009475378, 0.009371838, 0.009156554, 0.0089298645, 0.008812234, 0.008568607, 0.008314294, 0.008183436, 0.007914749, 0.007637306, 0.0073517542, 0.007205845, 0.006907378, 0.0065990663, 0.006440749, 0.006114261, 0.0057709366, 0.005405261, 0.00521194, 0.004801699, 0.0043670437, 0.004152597, 0.0038034187, 0.0037491568
0, 0, 0, 0, 0, 0, 0, 0, 0, 0, 0, 0, 0, 0, 0, 0, 0, 0, 0, 0, 0, 0, 0, 0, 0, 0, 0, 0, 0, 0, 0, 0, 0, 0, 0.0073110866, 0.006486101, 0.005414681, 0.005254912, 0.0053676413, 0.005754505, 0.0062104557, 0.0064396425, 0.0068863397, 0.0073140627, 0.007723745, 0.007921764, 0.008304195, 0.008667491, 0.008841739, 0.009175834, 0.0094905505, 0.009787648, 0.0099301785, 0.010204099, 0.010463597, 0.010588188, 0.010826095, 0.011048945, 0.011154557, 0.0113544585, 0.0115406085, 0.011714586, 0.011797744, 0.011956513, 0.012105677, 0.012176504, 0.012310801, 0.012434611, 0.012548091, 0.012600995, 0.012699361, 0.012788608, 0.01283, 0.01290706, 0.012976767, 0.013038765, 0.013066572, 0.013114841, 0.0131526785, 0.01316728, 0.013188271, 0.013198785, 0.013200627, 0.013198946, 0.0131922355, 0.013183033, 0.013177816, 0.013166831, 0.013154663, 0.013147837, 0.013132004, 0.013111445, 0.0130846035, 0.013068286, 0.013029358, 0.0129821515, 0.012955577, 0.012897566, 0.012833448, 0.012799451, 0.012727508, 0.012650479, 0.012568528, 0.012525803, 0.012436939, 0.012344032, 0.012296189, 0.012197608, 0.012094664, 0.011985926, 0.011928974, 0.0118087195, 0.011679686, 0.011611692, 0.011469666, 0.011319985, 0.011242821, 0.01108495, 0.010923652, 0.010759526, 0.010676424, 0.010507441, 0.0103335185, 0.010244325, 0.0100601185, 0.009867308, 0.009664492, 0.009559099, 0.009339688, 0.009108339, 0.008988236, 0.008739337, 0.008479588, 0.008345828, 0.0080710165, 0.007787124, 0.007494633, 0.007345184, 0.007039387, 0.0067235474, 0.0065613557, 0.0062267603, 0.00587496, 0.0055002533, 0.0053022713, 0.0048824456, 0.004438081, 0.0042189895, 0.0038617856, 0.0038042734
0, 0, 0, 0, 0, 0, 0, 0, 0, 0, 0, 0, 0, 0, 0, 0, 0, 0, 0, 0, 0, 0, 0, 0, 0, 0, 0, 0, 0, 0, 0, 0, 0, 0, 0, 0.0068594785, 0.0054601305, 0.005042556, 0.0051107244, 0.0054944893, 0.0059895744, 0.0062416038, 0.0067319954, 0.007197094, 0.0076362384, 0.007846339, 0.008247342, 0.008623882, 0.008803375, 0.009146146, 0.0094695855, 0.009775798, 0.009923227, 0.010206808, 0.010475116, 0.010603085, 0.010845819, 0.0110709965, 0.011177206, 0.01137803, 0.011565575, 0.011742499, 0.011827345, 0.011990452, 0.012144482, 0.012217681, 0.012355931, 0.012482525, 0.012597508, 0.012650866, 0.012750456, 0.012842035, 0.012885276, 0.012967517, 0.0130442185, 0.013114709, 0.013147001, 0.013204095, 0.013249799, 0.013267881, 0.013294839, 0.013310299, 0.013314369, 0.013317376, 0.013315358, 0.0133105805, 0.013307564, 0.013300825, 0.013292934, 0.013288248, 0.013276824, 0.013261183, 0.013239953, 0.013226804, 0.013194888, 0.013155517, 0.013132983, 0.013082713, 0.013025471, 0.01299429, 0.012927081, 0.012853389, 0.012773531, 0.01273142, 0.012643308, 0.012550345, 0.012502275, 0.012402906, 0.012298977, 0.012189423, 0.012132089, 0.012011715, 0.011882801, 0.011815212, 0.0116741955, 0.011525983, 0.011449486, 0.011292901, 0.011132606, 0.010969039, 0.010885955, 0.010716417, 0.010541228, 0.010450947, 0.010264022, 0.010067637, 0.00986055, 0.009752795, 0.009528465, 0.009292225, 0.009169645, 0.008915943, 0.008651304, 0.00851488, 0.008234296, 0.007943928, 0.007644347, 0.0074911164, 0.0071775205, 0.006853485, 0.0066869413, 0.0063430048, 0.0059811426, 0.0055959653, 0.0053926855, 0.004962413, 0.004507833, 0.004283834, 0.003918365, 0.003857373
0, 0, 0, 0, 0, 0, 0, 0, 0, 0, 0, 0, 0, 0, 0, 0, 0, 0, 0, 0, 0, 0, 0, 0, 0, 0, 0, 0, 0, 0, 0, 0, 0, 0, 0, 0, 0.0052631083, 0.0047781435, 0.0048429114, 0.005250724, 0.005789138, 0.006064922, 0.0065996195, 0.007101364, 0.007567797, 0.007788063, 0.008204268, 0.008590592, 0.008773843, 0.009122968, 0.009452512, 0.009765824, 0.009916822, 0.0102075115, 0.010481629, 0.010611738, 0.010857428, 0.011084173, 0.011190943, 0.0113936085, 0.011584353, 0.01176546, 0.0118528, 0.012021138, 0.012179423, 0.012254549, 0.012394898, 0.012522049, 0.01263645, 0.012689495, 0.012789439, 0.012883238, 0.012928697, 0.013017172, 0.013102591, 0.013182975, 0.013220303, 0.01328718, 0.013341508, 0.013363407, 0.013397208, 0.013418852, 0.01342598, 0.013435189, 0.013439638, 0.013440942, 0.013440932, 0.013439192, 0.013435406, 0.013432436, 0.013423576, 0.013410272, 0.013391688, 0.013380386, 0.013353214, 0.013320347, 0.013301621, 0.013259416, 0.013210474, 0.013183272, 0.013123132, 0.013055079, 0.012979333, 0.012938601, 0.012851909, 0.012758782, 0.012710171, 0.012609124, 0.012502916, 0.012391404, 0.01233331, 0.012212004, 0.012083411, 0.012016529, 0.011877644, 0.01173243, 0.0116576245, 0.011504306, 0.011346374, 0.011184396, 0.01110148, 0.010931545, 0.010754625, 0.010663015, 0.010472702, 0.010271783, 0.010059553, 0.009949005, 0.00971904, 0.00947733, 0.009352284, 0.009093817, 0.008824382, 0.008685547, 0.008399658, 0.008103249, 0.007797007, 0.0076402687, 0.0073191794, 0.006986734, 0.006815633, 0.006461628, 0.0060886755, 0.0056919977, 0.005482931, 0.005041225, 0.0045756847, 0.0043465337, 0.003972166, 0.0039072162
0, 0, 0, 0, 0, 0, 0, 0, 0, 0, 0, 0, 0, 0, 0, 0, 0, 0, 0, 0, 0, 0, 0, 0, 0, 0, 0, 0, 0, 0, 0, 0, 0, 0, 0, 0, 0.0051593436, 0.0048364718, 0.0048311795, 0.0051421747, 0.00566814, 0.0059539997, 0.0065185926, 0.007047648, 0.007533289, 0.007760364, 0.008185414, 0.008576659, 0.008761215, 0.009112605, 0.009444333, 0.009759706, 0.009912012, 0.010204519, 0.010479308, 0.010609433, 0.010854457, 0.011080879, 0.011188005, 0.011392944, 0.011588137, 0.011775257, 0.011866018, 0.012041063, 0.012205143, 0.01228243, 0.012425879, 0.012554038, 0.012668543, 0.012721756, 0.012822875, 0.012919977, 0.012967924, 0.013063442, 0.013157614, 0.013247722, 0.013290068, 0.013366542, 0.013429563, 0.013455522, 0.013496869, 0.013526057, 0.013537081, 0.013553843, 0.0135661615, 0.013575173, 0.013578613, 0.013582859, 0.013583091, 0.013581316, 0.013573803, 0.013560673, 0.013542312, 0.013531324, 0.013506317, 0.013477571, 0.013461774, 0.013426595, 0.013385969, 0.013363045, 0.013311143, 0.013250398, 0.013180383, 0.013141765, 0.013057583, 0.012965167, 0.01291618, 0.012813358, 0.0127048325, 0.012590833, 0.01253163, 0.012408652, 0.012279995, 0.012213629, 0.012076936, 0.011935082, 0.011862173, 0.011712657, 0.011557703, 0.0113973, 0.011314798, 0.011144483, 0.010965868, 0.010872955, 0.0106792385, 0.010473783, 0.010256083, 0.010142577, 0.009906644, 0.009659331, 0.009531588, 0.009268097, 0.008993959, 0.008852688, 0.0085618775, 0.008260298, 0.0079483995, 0.0077885534, 0.0074605295, 0.007119854, 0.0069440706, 0.0065798387, 0.006195592, 0.0057868497, 0.005571706, 0.00511788, 0.0046407133, 0.00440605, 0.0040223263, 0.0039530843
0, 0, 0, 0, 0, 0, 0, 0, 0, 0, 0, 0, 0, 0, 0, 0, 0, 0, 0, 0, 0, 0, 0, 0, 0, 0, 0, 0, 0, 0, 0, 0, 0, 0, 0, 0, 0.0068498696, 0.005424509, 0.005108029, 0.005145873, 0.0056178267, 0.0059053, 0.0064865844, 0.0070316163, 0.0075272433, 0.007756999, 0.008184329, 0.008574896, 0.008758768, 0.009108085, 0.009437696, 0.0097511625, 0.009902178, 0.010192013, 0.010463368, 0.010591703, 0.010833822, 0.011058626, 0.011165802, 0.011372458, 0.0115717705, 0.011765215, 0.011859508, 0.012042129, 0.0122138625, 0.012294683, 0.012444181, 0.012577422, 0.0126962075, 0.012751542, 0.012857001, 0.012959469, 0.013010654, 0.013113375, 0.013215469, 0.01331401, 0.013360535, 0.013445293, 0.013516473, 0.0135465255, 0.013595918, 0.013633027, 0.013647993, 0.013672832, 0.013693061, 0.013709803, 0.013716699, 0.013727099, 0.013731532, 0.013731074, 0.013724778, 0.013711452, 0.013692292, 0.013681127, 0.0136566395, 0.013630014, 0.013616024, 0.013585996, 0.013551951, 0.013532694, 0.013488417, 0.01343489, 0.013371102, 0.013335059, 0.013254612, 0.013164049, 0.013115395, 0.01301222, 0.012902275, 0.012786197, 0.012725954, 0.012601267, 0.0124717215, 0.012405391, 0.012269848, 0.012130247, 0.012058737, 0.011911762, 0.011758795, 0.011599288, 0.011516854, 0.011345825, 0.01116559, 0.011071507, 0.010874648, 0.010665211, 0.010442712, 0.010326711, 0.010085503, 0.00983302, 0.009702755, 0.009434295, 0.009155302, 0.009011788, 0.008716575, 0.0084107695, 0.008094081, 0.007931472, 0.00759699, 0.0072483956, 0.0070680603, 0.006693637, 0.0062982, 0.0058776825, 0.0056564845, 0.0051905545, 0.0047014933, 0.0044613075, 0.0040683374, 0.0039947615
0, 0, 0, 0, 0, 0, 0, 0, 0, 0, 0, 0, 0, 0, 0, 0, 0, 0, 0, 0, 0, 0, 0, 0, 0, 0, 0, 0, 0, 0, 0, 0, 0, 0, 0, 0, 0, 0.005620332, 0.00522566, 0.0051722415, 0.0056132106, 0.0058960454, 0.006476913, 0.007024632, 0.0075213746, 0.007750649, 0.008175077, 0.008560967, 0.008742301, 0.009086753, 0.009412276, 0.009722215, 0.0098715145, 0.010158289, 0.010426985, 0.010554161, 0.010794704, 0.011019457, 0.011127136, 0.011336168, 0.0115390625, 0.011737774, 0.011835306, 0.012025409, 0.012205914, 0.012291353, 0.01245109, 0.012594654, 0.012723763, 0.012783929, 0.012898631, 0.013009423, 0.013064404, 0.013174354, 0.01328343, 0.013388459, 0.013438358, 0.013529978, 0.013608437, 0.013642346, 0.013699484, 0.013743935, 0.013762426, 0.013793741, 0.013820083, 0.0138423275, 0.013851969, 0.013867385, 0.013875732, 0.013876892, 0.013872593, 0.013860142, 0.013841164, 0.013830041, 0.013805723, 0.013780089, 0.013767011, 0.0137396855, 0.013709718, 0.0136929145, 0.013654122, 0.013606281, 0.013547812, 0.013514216, 0.013438164, 0.013350773, 0.013303267, 0.0132013485, 0.013091549, 0.012974599, 0.012913795, 0.012787962, 0.012657276, 0.012590592, 0.012454844, 0.012315342, 0.012243949, 0.012097151, 0.01194394, 0.011783576, 0.011700495, 0.011527769, 0.011345258, 0.011249916, 0.0110501535, 0.010837551, 0.010611696, 0.01049392, 0.010249027, 0.009992555, 0.009860209, 0.009587456, 0.009304181, 0.009158649, 0.00885983, 0.00855037, 0.008229462, 0.008064315, 0.0077236183, 0.00736718, 0.0071824463, 0.006798422, 0.0063925027, 0.0059609986, 0.0057342267, 0.0052571218, 0.0047571994, 0.0045118807, 0.00411043, 0.0040330417
0, 0, 0, 0, 0, 0, 0, 0, 0, 0, 0, 0, 0, 0, 0, 0, 0, 0, 0, 0, 0, 0, 0, 0, 0, 0, 0, 0, 0, 0, 0, 0, 0, 0, 0, 0, 0, 0.007824515, 0.0069520483, 0.005831816, 0.005706544, 0.0058573876, 0.0063347854, 0.0068675787, 0.00736403, 0.007591401, 0.00800693, 0.00838152, 0.008557808, 0.00889528, 0.009219652, 0.009534943, 0.009689185, 0.009989096, 0.010275218, 0.010412408, 0.010673833, 0.010919059, 0.011036226, 0.011261679, 0.011478737, 0.011690018, 0.011793962, 0.011999141, 0.01219896, 0.012296147, 0.012483188, 0.012658252, 0.012819737, 0.012895357, 0.013037749, 0.01317036, 0.013234087, 0.013357832, 0.013477274, 0.013591176, 0.013645444, 0.0137471855, 0.013837537, 0.0138778975, 0.013948066, 0.014004337, 0.014027716, 0.014066365, 0.014096813, 0.014121545, 0.014132205, 0.014149503, 0.014160968, 0.014164016, 0.014164101, 0.014156299, 0.014141165, 0.014131471, 0.01410872, 0.0140831685, 0.014069759, 0.0140420655, 0.01401258, 0.013996557, 0.013960546, 0.0139168445, 0.013863493, 0.013832779, 0.013762692, 0.0136810625, 0.013635995, 0.013537944, 0.013430257, 0.013314174, 0.013253358, 0.01312678, 0.012994569, 0.012926677, 0.012787188, 0.012642912, 0.012568715, 0.0124155525, 0.012255302, 0.012087331, 0.012000216, 0.011819282, 0.011628822, 0.0115298815, 0.011323753, 0.011106082, 0.010876479, 0.010757135, 0.010509184, 0.010248911, 0.01011431, 0.009836544, 0.009547875, 0.009399594, 0.009095086, 0.008779172, 0.008450326, 0.008280385, 0.007928126, 0.0075578303, 0.0073654624, 0.0069654076, 0.006543274, 0.0060957246, 0.0058611427, 0.00536886, 0.0048543583, 0.004602071, 0.004188626, 0.0041064518
0, 0, 0, 0, 0, 0, 0, 0, 0, 0, 0, 0, 0, 0, 0, 0, 0, 0, 0, 0, 0, 0, 0, 0, 0, 0, 0, 0, 0, 0, 0, 0, 0, 0, 0, 0, 0, 0, 0.0074087167, 0.005971347, 0.005584134, 0.0056878766, 0.0061476496, 0.0066881287, 0.007187118, 0.007413777, 0.007827152, 0.008201847, 0.008379622, 0.008723526, 0.00905867, 0.009388063, 0.009550807, 0.009870438, 0.010178741, 0.010327529, 0.010612425, 0.010879741, 0.011007095, 0.011250398, 0.011481718, 0.011704571, 0.011813467, 0.012028526, 0.012238746, 0.0123416465, 0.012541899, 0.012731702, 0.012908389, 0.012991236, 0.013146178, 0.01328853, 0.013355985, 0.013484742, 0.013607207, 0.013723448, 0.0137790255, 0.013884194, 0.013979476, 0.014022852, 0.014099312, 0.014161419, 0.01418718, 0.014229107, 0.014260426, 0.014284045, 0.014293585, 0.014308555, 0.014318127, 0.014320743, 0.014321062, 0.0143144345, 0.014300899, 0.014291791, 0.014269488, 0.014243113, 0.014228917, 0.014199164, 0.0141674, 0.014150352, 0.014112387, 0.014067335, 0.014013134, 0.013982126, 0.013911733, 0.013829798, 0.01378451, 0.013685817, 0.013577287, 0.013460326, 0.013399046, 0.013271505, 0.013137909, 0.01306898, 0.012926759, 0.012778828, 0.01270248, 0.0125445975, 0.012379186, 0.012205864, 0.01211591, 0.011929437, 0.011733989, 0.011632642, 0.011422652, 0.011202511, 0.010971421, 0.010851598, 0.010602796, 0.010341573, 0.01020636, 0.009927003, 0.009636504, 0.009487212, 0.009180284, 0.008861388, 0.008528893, 0.008356896, 0.008000266, 0.0076252497, 0.0074304272, 0.007025621, 0.0065989126, 0.0061473823, 0.0059110015, 0.005415395, 0.0048976485, 0.0046436535, 0.0042272503, 0.0041444376
0, 0, 0, 0, 0, 0, 0, 0, 0, 0, 0, 0, 0, 0, 0, 0, 0, 0, 0, 0, 0, 0, 0, 0, 0, 0, 0, 0, 0, 0, 0, 0, 0, 0, 0, 0, 0, 0, 0, 0.0059951837, 0.005537085, 0.005606437, 0.0060001006, 0.0064904145, 0.006963323, 0.0071851253, 0.0076011615, 0.007989224, 0.008175978, 0.008540327, 0.008896956, 0.009249112, 0.009423336, 0.00976688, 0.01010006, 0.010261731, 0.010572253, 0.010864542, 0.011003596, 0.011268277, 0.011517805, 0.011755646, 0.011871278, 0.01209784, 0.012318505, 0.012426543, 0.012636962, 0.012837563, 0.013025083, 0.013113038, 0.013277313, 0.013426762, 0.013496717, 0.013628842, 0.0137526905, 0.013869924, 0.013926147, 0.014033649, 0.014133181, 0.014179172, 0.014262112, 0.014331108, 0.014359969, 0.014406826, 0.01444063, 0.014463967, 0.014472638, 0.014484852, 0.014491579, 0.01449292, 0.014491643, 0.014484576, 0.014471177, 0.01446201, 0.014439258, 0.014411718, 0.014396633, 0.014364337, 0.014329562, 0.014310824, 0.014269729, 0.01422164, 0.014164631, 0.014132268, 0.014059068, 0.013974041, 0.013927214, 0.01382507, 0.013713244, 0.013593189, 0.013530588, 0.0134005295, 0.013264319, 0.013193888, 0.0130482735, 0.0128959585, 0.012817228, 0.012654105, 0.012483218, 0.012304136, 0.012211381, 0.0120192645, 0.0118185105, 0.011714901, 0.011500936, 0.011277993, 0.011045062, 0.010924497, 0.010674441, 0.010411919, 0.010275972, 0.009995031, 0.00970273, 0.009552338, 0.009243033, 0.008921444, 0.008586145, 0.008412728, 0.008053417, 0.0076760566, 0.00748019, 0.007073478, 0.0066450774, 0.006192021, 0.00595494, 0.005457882, 0.004938331, 0.0046833525, 0.004265165, 0.004182435
0, 0, 0, 0, 0, 0, 0, 0, 0, 0, 0, 0, 0, 0, 0, 0, 0, 0, 0, 0, 0, 0, 0, 0, 0, 0, 0, 0, 0, 0, 0, 0, 0, 0, 0, 0, 0, 0, 0, 0.0065652803, 0.006129827, 0.0059795994, 0.005979714, 0.0062723807, 0.0066876383, 0.0069090473, 0.0073502352, 0.007776801, 0.007983457, 0.008385177, 0.008774897, 0.0091551, 0.009341898, 0.00970813, 0.010062801, 0.010235065, 0.010567117, 0.010881204, 0.011030967, 0.011316303, 0.011584362, 0.011838261, 0.011960945, 0.012199333, 0.012429529, 0.012541811, 0.012759465, 0.012966507, 0.013160591, 0.013251829, 0.013422524, 0.013577208, 0.013649072, 0.013783613, 0.01390786, 0.014024839, 0.014081104, 0.014189505, 0.014291926, 0.014340035, 0.014428821, 0.014504868, 0.014537428, 0.014590717, 0.014629028, 0.014654225, 0.014662642, 0.014673332, 0.014677483, 0.014677435, 0.014673706, 0.014664856, 0.014650277, 0.014640641, 0.014616844, 0.01458765, 0.014571407, 0.014536423, 0.0144980885, 0.014477433, 0.014432189, 0.014379911, 0.014318659, 0.014284203, 0.014206393, 0.014116515, 0.014067055, 0.013959841, 0.013842833, 0.01371812, 0.013653339, 0.013519392, 0.01337942, 0.0133069875, 0.013157133, 0.012999848, 0.012918329, 0.012749195, 0.012571943, 0.012386491, 0.012290598, 0.01209266, 0.011886584, 0.011780575, 0.011562888, 0.011336848, 0.011101575, 0.0109800175, 0.010728159, 0.010463948, 0.010327116, 0.010044419, 0.00974998, 0.009598553, 0.009287124, 0.008963343, 0.008626246, 0.008452157, 0.008092082, 0.0077147316, 0.007519231, 0.007113354, 0.006685654, 0.0062327967, 0.005995595, 0.005497755, 0.0049768263, 0.0047210325, 0.0043012537, 0.0042187087
0, 0, 0, 0, 0, 0, 0, 0, 0, 0, 0, 0, 0, 0, 0, 0, 0, 0, 0, 0, 0, 0, 0, 0, 0, 0, 0, 0, 0, 0, 0, 0, 0, 0, 0, 0, 0, 0, 0, 0.009537437, 0.007719979, 0.006798073, 0.005898648, 0.0059358813, 0.0063460935, 0.006596019, 0.0071076388, 0.0076008104, 0.007836849, 0.008287902, 0.008715539, 0.009124001, 0.009322017, 0.009706465, 0.0100758495, 0.01025497, 0.010601417, 0.010930628, 0.011088529, 0.011390065, 0.011673822, 0.011941757, 0.012070617, 0.012319198, 0.012557305, 0.012672491, 0.012895133, 0.013106666, 0.013305202, 0.013399116, 0.013575183, 0.013735036, 0.013808925, 0.013946126, 0.014071255, 0.014187749, 0.014243619, 0.014351282, 0.014454314, 0.014503635, 0.014596205, 0.0146780405, 0.014713874, 0.014773851, 0.014817679, 0.014846387, 0.014855677, 0.014866458, 0.014869089, 0.014868099, 0.0148620885, 0.014851101, 0.014834725, 0.014824379, 0.014799059, 0.014768087, 0.014750676, 0.014712366, 0.014669649, 0.01464652, 0.014596076, 0.014538512, 0.014472184, 0.0144351255, 0.014352157, 0.014256872, 0.014204673, 0.014091986, 0.013969784, 0.013840122, 0.013772925, 0.013634384, 0.013490072, 0.013415388, 0.01326067, 0.013097764, 0.01301305, 0.012836911, 0.012652238, 0.012459459, 0.012360092, 0.012155641, 0.011944137, 0.011835853, 0.011614233, 0.011384949, 0.011146955, 0.011024154, 0.010769987, 0.010503677, 0.0103658885, 0.010081303, 0.00978486, 0.009632388, 0.009319003, 0.008993758, 0.008655853, 0.008481731, 0.00812229, 0.007746657, 0.0075522545, 0.0071488754, 0.0067233625, 0.0062717968, 0.0060348157, 0.005536388, 0.0050137867, 0.004756825, 0.0043349313, 0.004252322
0, 0, 0, 0, 0, 0, 0, 0, 0, 0, 0, 0, 0, 0, 0, 0, 0, 0, 0, 0, 0, 0, 0, 0, 0, 0, 0, 0, 0, 0, 0, 0, 0, 0, 0, 0, 0, 0, 0, 0, 0.009261728, 0.007022514, 0.005409244, 0.005473919, 0.0060114665, 0.006320785, 0.0069303825, 0.007495341, 0.007759339, 0.008255356, 0.0087155765, 0.009146772, 0.009353225, 0.009750175, 0.010129178, 0.010312595, 0.010667592, 0.011006895, 0.01117013, 0.011483212, 0.011778219, 0.012056471, 0.01218977, 0.012446004, 0.012689679, 0.012807292, 0.0130340485, 0.013249731, 0.013453594, 0.013550585, 0.013733259, 0.0138997175, 0.013976401, 0.014117933, 0.01424498, 0.014361076, 0.014416289, 0.014522362, 0.014624087, 0.014673247, 0.014767097, 0.014852262, 0.014890363, 0.0149556305, 0.015004608, 0.015037307, 0.015048127, 0.015060342, 0.015062861, 0.015061327, 0.015053835, 0.015041051, 0.015022939, 0.0150117455, 0.014984814, 0.014951693, 0.01493273, 0.014890342, 0.014842144, 0.014815927, 0.014758723, 0.014694684, 0.014622366, 0.014582513, 0.014494517, 0.01439451, 0.014339923, 0.014222832, 0.0140962815, 0.013962135, 0.013892759, 0.013749542, 0.013600515, 0.013523443, 0.01336364, 0.013194907, 0.013106965, 0.01292364, 0.012731218, 0.012530548, 0.012427513, 0.012216419, 0.011999365, 0.01188871, 0.011663016, 0.011430239, 0.011189056, 0.0110647995, 0.010807904, 0.010539179, 0.01040036, 0.010113754, 0.0098154815, 0.009662044, 0.009346921, 0.009020523, 0.008682222, 0.00850831, 0.008149969, 0.007776402, 0.007583298, 0.007182626, 0.0067596566, 0.006309792, 0.006073169, 0.0055743204, 0.0050497786, 0.004791542, 0.0043670614, 0.004283824
0, 0, 0, 0, 0, 0, 0, 0, 0, 0, 0, 0, 0, 0, 0, 0, 0, 0, 0, 0, 0, 0, 0, 0, 0, 0, 0, 0, 0, 0, 0, 0, 0, 0, 0, 0, 0, 0, 0, 0, 0, 0.0049219416, 0.0048074625, 0.005209901, 0.005863906, 0.006208378, 0.006869256, 0.0074710487, 0.0077501754, 0.008270737, 0.008749839, 0.009195152, 0.009407306, 0.009813646, 0.010200088, 0.0103870435, 0.010749801, 0.011097329, 0.011264746, 0.011586669, 0.011889789, 0.012174911, 0.012311213, 0.012572215, 0.0128200725, 0.012939645, 0.013170912, 0.013392254, 0.013603076, 0.013704015, 0.013895152, 0.014069633, 0.014150111, 0.014297112, 0.014427241, 0.014544102, 0.014598775, 0.014703221, 0.014802959, 0.014851497, 0.014944942, 0.01503135, 0.015070808, 0.015139704, 0.015192875, 0.015229491, 0.01524194, 0.015256361, 0.015259636, 0.015258035, 0.015249824, 0.015235952, 0.015216275, 0.015204314, 0.015175742, 0.015139947, 0.015119192, 0.01507204, 0.015017267, 0.014987151, 0.014922004, 0.014850283, 0.014771301, 0.014728536, 0.014635431, 0.014531254, 0.014475039, 0.014354581, 0.01422441, 0.014086146, 0.014014408, 0.013866295, 0.013712049, 0.013632396, 0.013467421, 0.013293349, 0.013202603, 0.013013237, 0.012814195, 0.01260687, 0.012500549, 0.012283451, 0.012061227, 0.011948273, 0.011718359, 0.0114817675, 0.011236921, 0.011110891, 0.010850733, 0.010579291, 0.01043918, 0.010150253, 0.009849949, 0.009695559, 0.009378705, 0.009051143, 0.008712295, 0.008538419, 0.008180622, 0.0078081894, 0.00761582, 0.007216863, 0.006795631, 0.0063471626, 0.0061108824, 0.0056116423, 0.0050852494, 0.004825625, 0.004398411, 0.0043142717
0, 0, 0, 0, 0, 0, 0, 0, 0, 0, 0, 0, 0, 0, 0, 0, 0, 0, 0, 0, 0, 0, 0, 0, 0, 0, 0, 0, 0, 0, 0, 0, 0, 0, 0, 0, 0, 0, 0, 0, 0, 0.0059327125, 0.005418915, 0.005490129, 0.0059749046, 0.006276957, 0.0068986053, 0.0074917735, 0.0077712764, 0.008297437, 0.00878416, 0.009238116, 0.009454489, 0.00986951, 0.01026494, 0.01045641, 0.010828293, 0.011184978, 0.011357031, 0.011686981, 0.0119971065, 0.012287612, 0.012425922, 0.012690547, 0.012942014, 0.013063745, 0.013300255, 0.013528593, 0.013747762, 0.013853215, 0.014053442, 0.014236553, 0.014320846, 0.014474089, 0.014608302, 0.014726999, 0.014782003, 0.0148863075, 0.014985636, 0.015033861, 0.015127406, 0.015215224, 0.015255768, 0.0153278, 0.015384887, 0.015425359, 0.015439388, 0.015456504, 0.01546135, 0.015460133, 0.015451804, 0.015437153, 0.01541648, 0.015403865, 0.015373353, 0.015334816, 0.015312179, 0.015259855, 0.015198245, 0.015164261, 0.015090952, 0.015011109, 0.014924986, 0.014879147, 0.014781046, 0.014673025, 0.014615169, 0.01449153, 0.014357896, 0.014215153, 0.014140795, 0.013986784, 0.013826553, 0.013743981, 0.01357351, 0.013394687, 0.013301677, 0.013108163, 0.0129049, 0.012693308, 0.012584872, 0.012363555, 0.012137141, 0.012022048, 0.011787843, 0.011547124, 0.011298237, 0.011170216, 0.010906364, 0.010631474, 0.010489812, 0.010198078, 0.009895236, 0.009739731, 0.009420826, 0.009091713, 0.008751725, 0.008577362, 0.008219046, 0.007846167, 0.007653642, 0.007254601, 0.006833517, 0.0063851587, 0.0061487253, 0.0056485753, 0.0051200567, 0.0048590265, 0.004428788, 0.004343683
0, 0, 0, 0, 0, 0, 0, 0, 0, 0, 0, 0, 0, 0, 0, 0, 0, 0, 0, 0, 0, 0, 0, 0, 0, 0, 0, 0, 0, 0, 0, 0, 0, 0, 0, 0, 0, 0, 0, 0, 0, 0.0084016975, 0.0066426783, 0.0059687677, 0.0061274874, 0.006354338, 0.006909379, 0.007485903, 0.007764957, 0.008295885, 0.008791407, 0.009254992, 0.00947621, 0.009901499, 0.010307294, 0.010504069, 0.010886256, 0.011252483, 0.011429047, 0.011766936, 0.012083748, 0.012379322, 0.012519967, 0.012788617, 0.013044287, 0.01316855, 0.013411501, 0.013647494, 0.01387506, 0.013984729, 0.014193462, 0.014384339, 0.014472382, 0.014632278, 0.014771869, 0.014894573, 0.0149513045, 0.015058275, 0.015160301, 0.015209923, 0.015306068, 0.015396677, 0.0154389385, 0.015514787, 0.015576222, 0.015621385, 0.01563765, 0.01565851, 0.015665688, 0.015665151, 0.015657604, 0.015642548, 0.015620934, 0.015607604, 0.015575135, 0.015533893, 0.015509483, 0.015452806, 0.015385534, 0.015348376, 0.015268244, 0.015181515, 0.015088883, 0.015040219, 0.014937241, 0.0148255695, 0.014766047, 0.014639198, 0.01450181, 0.014354199, 0.0142769925, 0.014116669, 0.013949696, 0.013863881, 0.013687327, 0.013503636, 0.013408715, 0.013212259, 0.013006752, 0.01279327, 0.012683826, 0.012460123, 0.012230612, 0.012113718, 0.011875459, 0.011630345, 0.011377163, 0.011247001, 0.010979043, 0.010700346, 0.010557023, 0.010262063, 0.009956259, 0.009799468, 0.009478171, 0.009146841, 0.008804956, 0.008629642, 0.008269403, 0.007894434, 0.0077007944, 0.0072995867, 0.006876562, 0.0064262026, 0.006188669, 0.0056859497, 0.005154186, 0.0048912396, 0.0044576754, 0.004371305
0, 0, 0, 0, 0, 0, 0, 0, 0, 0, 0, 0, 0, 0, 0, 0, 0, 0, 0, 0, 0, 0, 0, 0, 0, 0, 0, 0, 0, 0, 0, 0, 0, 0, 0, 0, 0, 0, 0, 0, 0, 0, 0.0072177555, 0.0061683133, 0.0061155646, 0.006295704, 0.0068204673, 0.0074054846, 0.0076940325, 0.008246497, 0.008761119, 0.009239928, 0.0094676595, 0.0099036265, 0.010318861, 0.010519971, 0.010910182, 0.011283719, 0.01146366, 0.011807984, 0.012131063, 0.012432954, 0.012576527, 0.012851001, 0.013112931, 0.013240497, 0.013490411, 0.013734019, 0.013969137, 0.014082397, 0.0142984325, 0.014496969, 0.014588755, 0.014756509, 0.014903808, 0.015034263, 0.0150944125, 0.015208279, 0.015316502, 0.01536896, 0.01547048, 0.01556569, 0.01561011, 0.015690554, 0.015757358, 0.015808316, 0.015827434, 0.015853262, 0.015864335, 0.015865158, 0.015859077, 0.015844254, 0.015821727, 0.015807593, 0.015773354, 0.015729783, 0.015704112, 0.01564455, 0.015574114, 0.015535167, 0.015450956, 0.015359888, 0.015262837, 0.015212026, 0.015105458, 0.014990787, 0.014929903, 0.014800317, 0.014659789, 0.01450815, 0.014428492, 0.014262584, 0.014089227, 0.01400006, 0.013817219, 0.013628066, 0.013531011, 0.013331328, 0.013124104, 0.01290952, 0.01279953, 0.012574201, 0.012342091, 0.012223467, 0.01198131, 0.011731784, 0.01147408, 0.011341708, 0.0110696675, 0.010787348, 0.010642209, 0.010344166, 0.010035517, 0.00987736, 0.009553412, 0.00921952, 0.008874929, 0.008698161, 0.00833472, 0.007956113, 0.00776049, 0.0073551983, 0.006928036, 0.0064733876, 0.0062335064, 0.005725818, 0.0051888195, 0.0049233343, 0.0044853324, 0.0043972046
0, 0, 0, 0, 0, 0, 0, 0, 0, 0, 0, 0, 0, 0, 0, 0, 0, 0, 0, 0, 0, 0, 0, 0, 0, 0, 0, 0, 0, 0, 0, 0, 0, 0, 0, 0, 0, 0, 0, 0, 0, 0, 0.007391029, 0.0063653, 0.006095522, 0.0061983783, 0.006660575, 0.0072592515, 0.007565716, 0.008155327, 0.008698711, 0.009195939, 0.0094298, 0.009873857, 0.010293904, 0.010496876, 0.01088998, 0.0112663675, 0.011447905, 0.011796908, 0.012126081, 0.012435457, 0.012583138, 0.012866271, 0.013136736, 0.0132684875, 0.013526282, 0.013776986, 0.014018898, 0.014135664, 0.014358716, 0.014565575, 0.014662146, 0.014840622, 0.014999814, 0.015142256, 0.015208312, 0.01533301, 0.015450199, 0.0155065395, 0.015614344, 0.015714452, 0.015761103, 0.015846094, 0.015918413, 0.015975483, 0.015997851, 0.016030101, 0.016046463, 0.016049324, 0.01604613, 0.016032232, 0.016009212, 0.015994554, 0.015958788, 0.015913663, 0.015887374, 0.015826883, 0.015755907, 0.015716666, 0.01563161, 0.0155391935, 0.015440413, 0.01538871, 0.015280332, 0.015164414, 0.015103079, 0.014972504, 0.014830772, 0.014677326, 0.0145964, 0.0144271245, 0.014249145, 0.0141573725, 0.013968929, 0.013774329, 0.013674844, 0.013471388, 0.013261485, 0.013044948, 0.012934015, 0.012706444, 0.012471246, 0.012350762, 0.012104042, 0.0118496865, 0.011587178, 0.011452653, 0.011176694, 0.010891064, 0.010744543, 0.01044382, 0.0101329135, 0.009973596, 0.009647165, 0.009310523, 0.008962506, 0.008783851, 0.008416067, 0.008032618, 0.007834399, 0.00742358, 0.006990375, 0.0065291347, 0.006285859, 0.0057709776, 0.005226741, 0.004957767, 0.0045138635, 0.0044233906
0, 0, 0, 0, 0, 0, 0, 0, 0, 0, 0, 0, 0, 0, 0, 0, 0, 0, 0, 0, 0, 0, 0, 0, 0, 0, 0, 0, 0, 0, 0, 0, 0, 0, 0, 0, 0, 0, 0, 0, 0, 0, 0, 0.0074520516, 0.0063847974, 0.006229036, 0.0064924685, 0.0070896503, 0.007415521, 0.008044492, 0.008613861, 0.009123569, 0.009359944, 0.009805214, 0.01022386, 0.010425682, 0.010816932, 0.011193043, 0.011375413, 0.0117284665, 0.012064741, 0.012384013, 0.012537271, 0.012832167, 0.013113684, 0.013250338, 0.013516855, 0.013774933, 0.014023593, 0.014143943, 0.014375459, 0.014592921, 0.0146959685, 0.0148892505, 0.015064824, 0.015223491, 0.015297319, 0.015435394, 0.015562972, 0.01562308, 0.015736552, 0.015840197, 0.015888337, 0.015976897, 0.016053658, 0.016116802, 0.016142432, 0.016181773, 0.0162046, 0.016210355, 0.016211351, 0.016199721, 0.01617735, 0.01616257, 0.016126135, 0.01608063, 0.016054306, 0.015994577, 0.015924886, 0.015886344, 0.015802903, 0.015711475, 0.015613134, 0.015561563, 0.015453479, 0.01533807, 0.015277289, 0.015147997, 0.01500775, 0.014855529, 0.014774963, 0.014605433, 0.014425713, 0.014332523, 0.014140402, 0.013941715, 0.013840179, 0.0136329355, 0.01341998, 0.013200544, 0.013088164, 0.012857217, 0.012617892, 0.012494963, 0.012242903, 0.011982961, 0.011715042, 0.011578216, 0.011298222, 0.011009662, 0.010861947, 0.010559284, 0.010246545, 0.010086292, 0.009757639, 0.009418031, 0.009066248, 0.008885414, 0.008512627, 0.008123615, 0.007922366, 0.0075050592, 0.007064545, 0.0065952484, 0.0063477163, 0.005824076, 0.005270986, 0.004997797, 0.00454688, 0.0044533745
0, 0, 0, 0, 0, 0, 0, 0, 0, 0, 0, 0, 0, 0, 0, 0, 0, 0, 0, 0, 0, 0, 0, 0, 0, 0, 0, 0, 0, 0, 0, 0, 0, 0, 0, 0, 0, 0, 0, 0, 0, 0, 0, 0.010385074, 0.0067659165, 0.006266126, 0.00635197, 0.0069516934, 0.0072882953, 0.007932266, 0.008505057, 0.009011053, 0.009244433, 0.009682886, 0.010095531, 0.0102951, 0.010684199, 0.011061333, 0.011245581, 0.011605514, 0.0119525865, 0.012285355, 0.012445972, 0.012755481, 0.013050125, 0.013192443, 0.013468702, 0.013734817, 0.013991463, 0.014116198, 0.014358007, 0.014589088, 0.0146998875, 0.014910989, 0.015105882, 0.015283578, 0.015365876, 0.015518428, 0.015655883, 0.015719458, 0.015836755, 0.015942529, 0.015991408, 0.016082024, 0.016162239, 0.01623062, 0.016259631, 0.016306084, 0.016336286, 0.016345367, 0.016352152, 0.016344812, 0.016324872, 0.016310975, 0.016275683, 0.01623123, 0.016205745, 0.016147694, 0.016080385, 0.016043246, 0.015962154, 0.01587265, 0.015775828, 0.01572486, 0.015617889, 0.01550411, 0.015444368, 0.015317959, 0.015181032, 0.015032549, 0.014953632, 0.014786578, 0.014608077, 0.01451496, 0.0143220015, 0.014121522, 0.01401895, 0.013809568, 0.01359438, 0.013372444, 0.013258509, 0.013024015, 0.012780173, 0.012654634, 0.012396853, 0.01213077, 0.011856977, 0.011717482, 0.011433216, 0.011141448, 0.010992519, 0.010687988, 0.010373555, 0.0102123115, 0.0098815635, 0.009538776, 0.009183017, 0.008999824, 0.008621847, 0.008227144, 0.008022771, 0.0075986777, 0.007150312, 0.0066722375, 0.006420008, 0.005886731, 0.00532403, 0.0050462205, 0.004587539, 0.004490585
0, 0, 0, 0, 0, 0, 0, 0, 0, 0, 0, 0, 0, 0, 0, 0, 0, 0, 0, 0, 0, 0, 0, 0, 0, 0, 0, 0, 0, 0, 0, 0, 0, 0, 0, 0, 0, 0, 0, 0, 0, 0, 0, 0, 0.0064724456, 0.00629643, 0.006403857, 0.0069080614, 0.0072089382, 0.007803834, 0.008345588, 0.008831194, 0.009057397, 0.009487241, 0.009896707, 0.010096618, 0.010489308, 0.010874034, 0.011063711, 0.011436591, 0.011799929, 0.012150619, 0.012320196, 0.0126466965, 0.012956208, 0.013104962, 0.013392194, 0.013667636, 0.013933776, 0.014063648, 0.014317521, 0.014563297, 0.014682588, 0.014911789, 0.015125912, 0.015321689, 0.0154121565, 0.015578085, 0.015724707, 0.01579114, 0.01591207, 0.01601958, 0.016069205, 0.016161421, 0.016244814, 0.016317958, 0.016350038, 0.016403517, 0.016441436, 0.016454456, 0.016468383, 0.01646724, 0.01645248, 0.016440615, 0.016409146, 0.01636812, 0.016344186, 0.016289406, 0.0162253, 0.016189614, 0.016110998, 0.016023457, 0.015927954, 0.015877394, 0.015771486, 0.01565906, 0.015600261, 0.01547654, 0.015343288, 0.015199049, 0.015122278, 0.014959312, 0.014783969, 0.014691903, 0.014500666, 0.014301124, 0.014198847, 0.01398957, 0.013774003, 0.01355118, 0.01343652, 0.013199868, 0.0129527245, 0.012825192, 0.012562556, 0.012290828, 0.012011389, 0.01186916, 0.0115802325, 0.011284763, 0.01113436, 0.010827379, 0.010510914, 0.010348594, 0.0100151915, 0.009669079, 0.009309111, 0.009123558, 0.008740592, 0.008340366, 0.0081331, 0.0077023334, 0.007246175, 0.0067593786, 0.006502492, 0.0059594405, 0.0053867977, 0.0051042465, 0.0046373084, 0.0045367666
0, 0, 0, 0, 0, 0, 0, 0, 0, 0, 0, 0, 0, 0, 0, 0, 0, 0, 0, 0, 0, 0, 0, 0, 0, 0, 0, 0, 0, 0, 0, 0, 0, 0, 0, 0, 0, 0, 0, 0, 0, 0, 0, 0, 0.008735226, 0.0077867312, 0.0068297354, 0.0068970867, 0.0070967437, 0.007587425, 0.0080839405, 0.00855044, 0.0087734135, 0.009204689, 0.009623281, 0.009829655, 0.010237892, 0.010640861, 0.010840277, 0.011234154, 0.0116191255, 0.011991236, 0.012170975, 0.012516495, 0.012842487, 0.012998407, 0.013298144, 0.013584622, 0.013861345, 0.01399683, 0.0142630795, 0.014522632, 0.014649261, 0.01489385, 0.015123099, 0.0153331775, 0.015430073, 0.015607051, 0.015761692, 0.015831232, 0.01595676, 0.016067632, 0.016118834, 0.016214259, 0.016301349, 0.016379235, 0.016414145, 0.016474083, 0.01651961, 0.016536519, 0.01655854, 0.016565425, 0.016558338, 0.016550258, 0.01652564, 0.016491015, 0.01646995, 0.01642033, 0.016360505, 0.01632663, 0.01625112, 0.016165672, 0.016071336, 0.01602123, 0.015915807, 0.015803682, 0.015745291, 0.015622993, 0.015492166, 0.01535115, 0.015276218, 0.0151169, 0.014945319, 0.014855121, 0.014667028, 0.014470236, 0.014369142, 0.014161852, 0.0139478445, 0.01372601, 0.013611581, 0.013374877, 0.0131266955, 0.012998192, 0.012732695, 0.012457168, 0.012173438, 0.012028968, 0.011735514, 0.011436243, 0.0112841735, 0.010974257, 0.010655118, 0.010491546, 0.010155264, 0.009805774, 0.009441635, 0.009253767, 0.0088658715, 0.008460412, 0.008250281, 0.007813143, 0.0073497146, 0.006854596, 0.006593235, 0.006040781, 0.005458336, 0.005170935, 0.0046956674, 0.0045915945
0, 0, 0, 0, 0, 0, 0, 0, 0, 0, 0, 0, 0, 0, 0, 0, 0, 0, 0, 0, 0, 0, 0, 0, 0, 0, 0, 0, 0, 0, 0, 0, 0, 0, 0, 0, 0, 0, 0, 0, 0, 0, 0, 0, 0.012691597, 0.009486351, 0.006947209, 0.0066414597, 0.00677114, 0.00719929, 0.007680617, 0.008155444, 0.008387835, 0.008843678, 0.009291312, 0.009512483, 0.009950379, 0.010382331, 0.010595827, 0.011016698, 0.01142658, 0.011821579, 0.012012071, 0.012377148, 0.012720312, 0.0128841335, 0.013197805, 0.013496678, 0.013784626, 0.013925611, 0.014202526, 0.014472498, 0.014604216, 0.0148584135, 0.015096848, 0.015315746, 0.015416779, 0.015601508, 0.015763292, 0.01583624, 0.015968183, 0.016085077, 0.016139077, 0.01623969, 0.016331604, 0.016414484, 0.016451849, 0.016517384, 0.016569542, 0.016590215, 0.016620543, 0.016636355, 0.01663891, 0.016635805, 0.016621072, 0.016595528, 0.016578672, 0.016536407, 0.01648244, 0.016451152, 0.01637977, 0.016297443, 0.016205236, 0.016155776, 0.016051047, 0.015939297, 0.015880857, 0.015758839, 0.015628798, 0.015489188, 0.015415396, 0.015258912, 0.015090686, 0.015002401, 0.0148182195, 0.01462505, 0.014525571, 0.014321107, 0.014109328, 0.013889263, 0.013775581, 0.0135400435, 0.013292472, 0.013164071, 0.012898109, 0.012621132, 0.012335141, 0.012189232, 0.011892688, 0.011590279, 0.011436634, 0.0111238295, 0.010802143, 0.010637285, 0.010298341, 0.009945566, 0.009577609, 0.009387583, 0.008994962, 0.008584163, 0.008371133, 0.007927785, 0.0074573183, 0.0069544753, 0.006688949, 0.006127596, 0.005535779, 0.0052436874, 0.0047602514, 0.0046527856
0, 0, 0, 0, 0, 0, 0, 0, 0, 0, 0, 0, 0, 0, 0, 0, 0, 0, 0, 0, 0, 0, 0, 0, 0, 0, 0, 0, 0, 0, 0, 0, 0, 0, 0, 0, 0, 0, 0, 0, 0, 0, 0, 0, 0, 0.006980207, 0.006251443, 0.006107272, 0.0062287045, 0.0066492897, 0.007157896, 0.0076803965, 0.007939289, 0.008448134, 0.008944384, 0.009187765, 0.009665784, 0.01013272, 0.010361868, 0.010810869, 0.0112454295, 0.011661756, 0.0118620135, 0.012245448, 0.012605364, 0.012776785, 0.013104692, 0.013415572, 0.013713994, 0.013859471, 0.014144054, 0.0144198155, 0.014553775, 0.0148114255, 0.015052764, 0.015274717, 0.0153777925, 0.015567097, 0.015734958, 0.01581127, 0.015950648, 0.016075, 0.016132545, 0.016239816, 0.016337354, 0.016424911, 0.016464572, 0.01653502, 0.016592704, 0.016616583, 0.016654396, 0.016679352, 0.016692331, 0.016694704, 0.01669115, 0.01667629, 0.01666437, 0.016631048, 0.01658451, 0.016556337, 0.016490586, 0.016412895, 0.016324272, 0.016276352, 0.016173877, 0.01606357, 0.016005505, 0.015883863, 0.015754147, 0.015615175, 0.015542, 0.015387825, 0.015223022, 0.01513678, 0.014956812, 0.014767762, 0.014669997, 0.014468177, 0.014258137, 0.014038914, 0.013925632, 0.013690753, 0.013444198, 0.013316186, 0.013051058, 0.012774487, 0.01248824, 0.012341963, 0.012044303, 0.011740135, 0.011585516, 0.011270642, 0.010946742, 0.010780889, 0.010439807, 0.010084423, 0.009713249, 0.009521312, 0.009124139, 0.008708022, 0.008492057, 0.008042246, 0.0075648967, 0.0070546386, 0.006785301, 0.006215814, 0.0056151683, 0.005318622, 0.004827396, 0.004716791
0, 0, 0, 0, 0, 0, 0, 0, 0, 0, 0, 0, 0, 0, 0, 0, 0, 0, 0, 0, 0, 0, 0, 0, 0, 0, 0, 0, 0, 0, 0, 0, 0, 0, 0, 0, 0, 0, 0, 0, 0, 0, 0, 0, 0, 0.008063423, 0.0062467856, 0.005628562, 0.0056530796, 0.006035543, 0.0066043823, 0.007211712, 0.0075118486, 0.008093875, 0.008649291, 0.008917364, 0.009436556, 0.009935806, 0.01017844, 0.010650562, 0.011103946, 0.011536406, 0.011744067, 0.012141684, 0.012514798, 0.012692644, 0.013031982, 0.0133526465, 0.01365815, 0.013806248, 0.014094013, 0.014370658, 0.014504211, 0.014760502, 0.015000354, 0.015221753, 0.0153251365, 0.015516705, 0.015688624, 0.015767705, 0.015913509, 0.016044805, 0.016105728, 0.016219443, 0.016322361, 0.016414525, 0.016456287, 0.016531153, 0.016593734, 0.016620573, 0.016665308, 0.016698861, 0.016721848, 0.016729439, 0.016736686, 0.016732205, 0.016725231, 0.016700802, 0.016662076, 0.016637499, 0.016578307, 0.016506243, 0.01642276, 0.016377088, 0.01627876, 0.016171481, 0.01611471, 0.015994878, 0.015866365, 0.015728986, 0.015656836, 0.0155056575, 0.015345092, 0.015261224, 0.015086319, 0.014901796, 0.014805854, 0.014606582, 0.014397223, 0.014177631, 0.014063947, 0.013828318, 0.01358128, 0.013453281, 0.0131887235, 0.012913201, 0.012628027, 0.012482164, 0.012184962, 0.011880502, 0.01172549, 0.011409534, 0.011084208, 0.01091747, 0.010574581, 0.010217252, 0.009843425, 0.009649832, 0.009248566, 0.008827178, 0.008608247, 0.008151963, 0.007667945, 0.0071507595, 0.006877799, 0.006300847, 0.005692269, 0.005391587, 0.0048929555, 0.0047794753
0, 0, 0, 0, 0, 0, 0, 0, 0, 0, 0, 0, 0, 0, 0, 0, 0, 0, 0, 0, 0, 0, 0, 0, 0, 0, 0, 0, 0, 0, 0, 0, 0, 0, 0, 0, 0, 0, 0, 0, 0, 0, 0, 0, 0, 0, 0.006031673, 0.00512173, 0.0050846767, 0.0054887, 0.0061584767, 0.0068684565, 0.007212654, 0.007865726, 0.008472436, 0.008760241, 0.009309468, 0.009829045, 0.0100792125, 0.010563312, 0.011025392, 0.011465314, 0.011676639, 0.012081131, 0.012461552, 0.012642704, 0.012987993, 0.013312643, 0.013619865, 0.01376792, 0.014053963, 0.014327003, 0.014458567, 0.014710477, 0.0149468575, 0.015166169, 0.015269052, 0.015461056, 0.015634937, 0.015715575, 0.015865298, 0.016001433, 0.016064871, 0.016183522, 0.016291318, 0.016387993, 0.016432187, 0.016511811, 0.016579812, 0.016609669, 0.016661188, 0.016702745, 0.016734704, 0.016746981, 0.016763443, 0.016767863, 0.01676505, 0.016748555, 0.016717235, 0.01669615, 0.016643276, 0.016577, 0.016498934, 0.01645591, 0.016362391, 0.016259586, 0.016204799, 0.016088378, 0.015963031, 0.015828922, 0.015758747, 0.015612173, 0.0154571785, 0.0153764095, 0.01520764, 0.01502831, 0.014934441, 0.014737831, 0.014529258, 0.014308844, 0.014194319, 0.013956689, 0.013707826, 0.013579289, 0.013314199, 0.01303907, 0.012754783, 0.012609541, 0.012313021, 0.012008824, 0.011853674, 0.011536981, 0.011210433, 0.011042985, 0.010698379, 0.010339162, 0.009963013, 0.009767949, 0.009362904, 0.008936558, 0.008714794, 0.0082525145, 0.007762059, 0.007238514, 0.006962314, 0.0063787787, 0.005762942, 0.0054585626, 0.004953214, 0.0048369886
0, 0, 0, 0, 0, 0, 0, 0, 0, 0, 0, 0, 0, 0, 0, 0, 0, 0, 0, 0, 0, 0, 0, 0, 0, 0, 0, 0, 0, 0, 0, 0, 0, 0, 0, 0, 0, 0, 0, 0, 0, 0, 0, 0, 0, 0, 0.0056465226, 0.0048228097, 0.004792653, 0.0052473717, 0.0059847124, 0.0067554708, 0.0071247728, 0.007817394, 0.00844943, 0.008745385, 0.009303429, 0.009824739, 0.010074242, 0.010555184, 0.01101379, 0.011450822, 0.011660966, 0.0120643135, 0.012444118, 0.012624891, 0.0129689695, 0.013290919, 0.01359385, 0.013739089, 0.014018861, 0.014285632, 0.014413976, 0.014660881, 0.014893623, 0.015110703, 0.015212888, 0.015404014, 0.01557832, 0.015659336, 0.015810568, 0.01594914, 0.016014257, 0.01613657, 0.016248718, 0.016350599, 0.016397502, 0.016482957, 0.016557494, 0.016590562, 0.01664919, 0.0166983, 0.016737983, 0.016754173, 0.016778389, 0.01679022, 0.016791081, 0.016781524, 0.016756803, 0.016738795, 0.016691675, 0.0166306, 0.016557228, 0.016516443, 0.016427375, 0.016328927, 0.01627633, 0.016164262, 0.016043436, 0.015914556, 0.0158472, 0.015706774, 0.015558323, 0.015480944, 0.015318596, 0.01514506, 0.015053515, 0.014860371, 0.0146535775, 0.014433227, 0.014318283, 0.014079137, 0.013828571, 0.01369913, 0.013432802, 0.013156961, 0.012872446, 0.012727129, 0.01243049, 0.012125494, 0.011969858, 0.011651644, 0.011323202, 0.011154705, 0.010807987, 0.010446587, 0.010067954, 0.009871485, 0.009462983, 0.009032268, 0.008807999, 0.008340311, 0.007844194, 0.0073149693, 0.0070359763, 0.0064464007, 0.0058241086, 0.0055163875, 0.0050049326, 0.004886409
0, 0, 0, 0, 0, 0, 0, 0, 0, 0, 0, 0, 0, 0, 0, 0, 0, 0, 0, 0, 0, 0, 0, 0, 0, 0, 0, 0, 0, 0, 0, 0, 0, 0, 0, 0, 0, 0, 0, 0, 0, 0, 0, 0, 0, 0, 0, 0.0054333587, 0.005347504, 0.00556794, 0.0061659217, 0.0068881535, 0.007249557, 0.007935576, 0.008560589, 0.008850998, 0.009394629, 0.009898328, 0.010138985, 0.01060278, 0.011046597, 0.011471517, 0.0116767185, 0.012071898, 0.012444801, 0.012622326, 0.012959703, 0.013274047, 0.013568457, 0.013709367, 0.013980991, 0.014240415, 0.0143659655, 0.014608331, 0.014838285, 0.0150535805, 0.015155141, 0.015345405, 0.015518865, 0.015599824, 0.015751487, 0.01589152, 0.015957832, 0.01608368, 0.016200522, 0.01630811, 0.016358133, 0.01645038, 0.016531732, 0.016568251, 0.016633771, 0.016689727, 0.016736152, 0.016755681, 0.016786486, 0.016805068, 0.016809206, 0.016806314, 0.016788077, 0.016773123, 0.016731398, 0.016674854, 0.01660539, 0.016566312, 0.01648064, 0.016385697, 0.016334938, 0.01622716, 0.016111376, 0.015988262, 0.015923955, 0.015790047, 0.01564812, 0.015573736, 0.015417231, 0.015248889, 0.015159765, 0.014970739, 0.014767, 0.0145487115, 0.014434299, 0.0141956005, 0.013944586, 0.013814823, 0.01354746, 0.013270496, 0.012984615, 0.012838481, 0.012539885, 0.012232351, 0.012075215, 0.011753659, 0.01142186, 0.011251696, 0.010901814, 0.010537489, 0.010156138, 0.009958255, 0.009546703, 0.009112385, 0.008886148, 0.008414005, 0.007913197, 0.0073790844, 0.007097529, 0.006502554, 0.005874381, 0.0055635683, 0.0050466233, 0.0049261
0, 0, 0, 0, 0, 0, 0, 0, 0, 0, 0, 0, 0, 0, 0, 0, 0, 0, 0, 0, 0, 0, 0, 0, 0, 0, 0, 0, 0, 0, 0, 0, 0, 0, 0, 0, 0, 0, 0, 0, 0, 0, 0, 0, 0, 0, 0, 0.0081843585, 0.0072694304, 0.006375235, 0.006551938, 0.0071465587, 0.007482108, 0.00813653, 0.008733325, 0.00900866, 0.009520693, 0.009993956, 0.010220284, 0.010658291, 0.011081155, 0.011489523, 0.0116880955, 0.012071784, 0.012435793, 0.0126092965, 0.012938654, 0.013245141, 0.013531841, 0.013669232, 0.013933946, 0.014188259, 0.014311631, 0.014551072, 0.014779471, 0.014993895, 0.015095313, 0.015285382, 0.015458702, 0.015539746, 0.015692469, 0.015834913, 0.015902828, 0.016032824, 0.01615474, 0.016268289, 0.016321411, 0.016419932, 0.01650736, 0.016546959, 0.01661827, 0.01667974, 0.016731817, 0.016754216, 0.016791034, 0.016816046, 0.016823487, 0.016827716, 0.016816324, 0.016804552, 0.016768705, 0.01671686, 0.016651032, 0.016613506, 0.016530598, 0.016438361, 0.016389104, 0.016284985, 0.016173707, 0.01605564, 0.01599412, 0.01586549, 0.01572847, 0.015656298, 0.015503878, 0.01533922, 0.01525195, 0.015066656, 0.014866737, 0.014652018, 0.014539139, 0.014302972, 0.01405365, 0.013924416, 0.0136573, 0.013379569, 0.013091859, 0.012944327, 0.012642184, 0.012330288, 0.012170718, 0.011844101, 0.011507311, 0.011334785, 0.010980482, 0.0106122615, 0.010227653, 0.010028291, 0.00961385, 0.009176697, 0.008948973, 0.008473704, 0.0079695, 0.007431573, 0.007147951, 0.00654839, 0.0059149046, 0.005601379, 0.0050798077, 0.0049578114
0, 0, 0, 0, 0, 0, 0, 0, 0, 0, 0, 0, 0, 0, 0, 0, 0, 0, 0, 0, 0, 0, 0, 0, 0, 0, 0, 0, 0, 0, 0, 0, 0, 0, 0, 0, 0, 0, 0, 0, 0, 0, 0, 0, 0, 0, 0, 0.012279001, 0.009299486, 0.0069554234, 0.0068379897, 0.0073665567, 0.00768577, 0.008308533, 0.008869554, 0.009126314, 0.009602371, 0.010043091, 0.010255034, 0.0106683755, 0.0110715935, 0.011465305, 0.01165811, 0.012033139, 0.01239065, 0.012561793, 0.01288733, 0.013190809, 0.013475025, 0.013611187, 0.013874433, 0.01412751, 0.014250669, 0.014489945, 0.014718518, 0.014933777, 0.015035782, 0.015227252, 0.015402807, 0.015485362, 0.01564141, 0.015788019, 0.015858425, 0.015993273, 0.016120544, 0.016239395, 0.016295185, 0.016398495, 0.016490484, 0.01653214, 0.016607555, 0.016672965, 0.016729094, 0.016753742, 0.016795905, 0.01682699, 0.016837839, 0.016849328, 0.01684529, 0.016837118, 0.016807847, 0.016761733, 0.01670023, 0.016664464, 0.016584378, 0.01649464, 0.016446698, 0.016345331, 0.016237421, 0.016123142, 0.016063469, 0.015938262, 0.015803838, 0.015732681, 0.015581876, 0.015418737, 0.015332263, 0.015149199, 0.014952289, 0.01474114, 0.014630241, 0.014397886, 0.014151895, 0.014023928, 0.013758455, 0.013480855, 0.013191521, 0.013042497, 0.012736143, 0.0124189835, 0.012256455, 0.011923885, 0.011581091, 0.011405667, 0.011045907, 0.0106727965, 0.010284047, 0.010082963, 0.009665619, 0.009226214, 0.008997445, 0.008520311, 0.00801427, 0.0074740653, 0.00718911, 0.006586275, 0.0059490157, 0.005633459, 0.0051083905, 0.004985356
0, 0, 0, 0, 0, 0, 0, 0, 0, 0, 0, 0, 0, 0, 0, 0, 0, 0, 0, 0, 0, 0, 0, 0, 0, 0, 0, 0, 0, 0, 0, 0, 0, 0, 0, 0, 0, 0, 0, 0, 0, 0, 0, 0, 0, 0, 0, 0, 0.007617398, 0.007046069, 0.007046874, 0.0075003766, 0.007785306, 0.008355803, 0.00887832, 0.009119204, 0.009568654, 0.009989004, 0.010192783, 0.01059296, 0.010986642, 0.011374015, 0.011564589, 0.011937467, 0.012295212, 0.012467134, 0.012796036, 0.013104044, 0.013393428, 0.013532203, 0.013800284, 0.014057329, 0.014182236, 0.014424453, 0.014656009, 0.014874819, 0.014978818, 0.015175081, 0.0153562445, 0.015441729, 0.01560436, 0.015757432, 0.015830783, 0.015971553, 0.01610403, 0.016227227, 0.016284943, 0.016391892, 0.016487127, 0.016530253, 0.016608268, 0.0166762, 0.016735034, 0.016761301, 0.01680717, 0.01684331, 0.016857218, 0.016875537, 0.016879179, 0.016874766, 0.016852852, 0.016813256, 0.016757026, 0.016723402, 0.016646622, 0.016559143, 0.01651213, 0.01641263, 0.016306764, 0.016194629, 0.016135927, 0.016012227, 0.015878575, 0.01580751, 0.015656238, 0.015492208, 0.015405338, 0.015222028, 0.015025939, 0.014816819, 0.014707426, 0.014478552, 0.014236263, 0.0141099105, 0.01384687, 0.013570009, 0.0132795125, 0.013129235, 0.012819133, 0.0124970665, 0.012331857, 0.011993461, 0.011644506, 0.011465978, 0.011100055, 0.010721159, 0.010327366, 0.010124175, 0.009703606, 0.009262129, 0.009032655, 0.008554757, 0.008048352, 0.007507653, 0.007222258, 0.006618219, 0.0059791594, 0.005662506, 0.005135255, 0.0050116596
0, 0, 0, 0, 0, 0, 0, 0, 0, 0, 0, 0, 0, 0, 0, 0, 0, 0, 0, 0, 0, 0, 0, 0, 0, 0, 0, 0, 0, 0, 0, 0, 0, 0, 0, 0, 0, 0, 0, 0, 0, 0, 0, 0, 0, 0, 0, 0, 0.010440167, 0.008555092, 0.0074784355, 0.007510477, 0.0077062007, 0.008197371, 0.008695259, 0.008932184, 0.009381249, 0.009806258, 0.010012898, 0.010419497, 0.010818975, 0.011211741, 0.011405139, 0.011784067, 0.012149367, 0.012325779, 0.01266483, 0.012984466, 0.013285937, 0.013430538, 0.013708897, 0.013974658, 0.01410316, 0.01435205, 0.014589868, 0.014815565, 0.014923394, 0.015128377, 0.0153191015, 0.015409418, 0.0155814085, 0.015742922, 0.015820123, 0.015967367, 0.016104741, 0.016232127, 0.01629168, 0.016402263, 0.016500663, 0.01654534, 0.016626116, 0.016696228, 0.016756983, 0.016784212, 0.016832355, 0.016871857, 0.016888062, 0.016911948, 0.016922323, 0.016921671, 0.016907126, 0.016874572, 0.016824074, 0.016792623, 0.016718805, 0.016632775, 0.016586086, 0.016486904, 0.01638138, 0.016269755, 0.01621133, 0.016087923, 0.015954029, 0.015882589, 0.015729737, 0.015563417, 0.015475179, 0.015289335, 0.0150912665, 0.014881795, 0.014772738, 0.014545542, 0.014305675, 0.014180596, 0.013919618, 0.013643643, 0.01335237, 0.013201232, 0.012888473, 0.012562762, 0.012395482, 0.012052464, 0.011698113, 0.011516544, 0.011144439, 0.010759275, 0.0103598125, 0.010154194, 0.009729907, 0.009286162, 0.00905614, 0.008577956, 0.008071951, 0.007532006, 0.007246966, 0.0066435128, 0.0060043857, 0.0056874435, 0.0051593664, 0.0050354884
0, 0, 0, 0, 0, 0, 0, 0, 0, 0, 0, 0, 0, 0, 0, 0, 0, 0, 0, 0, 0, 0, 0, 0, 0, 0, 0, 0, 0, 0, 0, 0, 0, 0, 0, 0, 0, 0, 0, 0, 0, 0, 0, 0, 0, 0, 0, 0, 0.0160959, 0.0102652265, 0.0075015835, 0.007173782, 0.007318076, 0.007789766, 0.008310075, 0.008563442, 0.00904793, 0.009506845, 0.0097291665, 0.01016255, 0.010583667, 0.010993413, 0.011194142, 0.011586531, 0.011965104, 0.0121486345, 0.012502707, 0.0128383655, 0.013155737, 0.013308008, 0.013600283, 0.013877797, 0.01401151, 0.014269925, 0.014517246, 0.014753323, 0.014866645, 0.015083681, 0.015286831, 0.015383447, 0.015567182, 0.015738804, 0.015820218, 0.015974596, 0.016117763, 0.01625, 0.016311936, 0.016427286, 0.016530635, 0.016577723, 0.016662803, 0.016736267, 0.01679917, 0.016827144, 0.016876519, 0.016917843, 0.016935308, 0.016962925, 0.016978497, 0.01698097, 0.016973259, 0.016947253, 0.016902009, 0.016872456, 0.016800689, 0.016714567, 0.016667228, 0.01656622, 0.01645905, 0.016346073, 0.016287293, 0.01616336, 0.016028926, 0.015956985, 0.015802627, 0.01563351, 0.015543583, 0.015353638, 0.015151625, 0.014938969, 0.014828965, 0.014600966, 0.0143613275, 0.0142366355, 0.013976498, 0.01370073, 0.013409122, 0.013257488, 0.012943259, 0.012615464, 0.01244685, 0.012100528, 0.011741926, 0.011557941, 0.01118019, 0.010789144, 0.010384039, 0.010175923, 0.009747481, 0.009300929, 0.0090701105, 0.00859103, 0.008085137, 0.0075458386, 0.0072612693, 0.0066587315, 0.0060203397, 0.005703617, 0.0051754457, 0.005051557
0, 0, 0, 0, 0, 0, 0, 0, 0, 0, 0, 0, 0, 0, 0, 0, 0, 0, 0, 0, 0, 0, 0, 0, 0, 0, 0, 0, 0, 0, 0, 0, 0, 0, 0, 0, 0, 0, 0, 0, 0, 0, 0, 0, 0, 0, 0, 0, 0, 0.007380829, 0.0066125346, 0.0065175747, 0.006687029, 0.0072074165, 0.0077900337, 0.008076031, 0.008622585, 0.00913633, 0.0093826335, 0.009857233, 0.0103102615, 0.010745017, 0.010956145, 0.011366626, 0.011762039, 0.011953735, 0.012324746, 0.0126778195, 0.013012329, 0.013172665, 0.013480117, 0.013770986, 0.013910677, 0.01418054, 0.014439619, 0.014688111, 0.014808171, 0.015039081, 0.015256646, 0.015360017, 0.015556484, 0.015738953, 0.015824996, 0.015987236, 0.016137082, 0.016275704, 0.016340846, 0.016463006, 0.016573614, 0.016624253, 0.016715905, 0.016794583, 0.016860945, 0.016889915, 0.01694029, 0.016982235, 0.017000109, 0.017029412, 0.017048407, 0.017053137, 0.017051036, 0.017030474, 0.01698964, 0.016961487, 0.016890544, 0.016802806, 0.016754042, 0.016649345, 0.016538275, 0.016422266, 0.016362272, 0.016236681, 0.016101265, 0.016028823, 0.015873136, 0.015701644, 0.015609976, 0.015415618, 0.015208559, 0.014991017, 0.014878852, 0.0146474745, 0.014405703, 0.014280364, 0.014019419, 0.013743233, 0.013451304, 0.013299499, 0.012984813, 0.012656046, 0.012486698, 0.012138191, 0.011776443, 0.011590534, 0.0112084355, 0.01081252, 0.010402558, 0.010192118, 0.009759284, 0.009309206, 0.009076882, 0.008595504, 0.008088036, 0.0075477134, 0.007262844, 0.0066600316, 0.006021766, 0.0057051242, 0.0051772, 0.005053308
0, 0, 0, 0, 0, 0, 0, 0, 0, 0, 0, 0, 0, 0, 0, 0, 0, 0, 0, 0, 0, 0, 0, 0, 0, 0, 0, 0, 0, 0, 0, 0, 0, 0, 0, 0, 0, 0, 0, 0, 0, 0, 0, 0, 0, 0, 0, 0, 0, 0.008342834, 0.0064490633, 0.005963188, 0.006079076, 0.0066071562, 0.007250614, 0.0075704316, 0.008182587, 0.0087543875, 0.009026245, 0.009544509, 0.010032532, 0.010494509, 0.010717302, 0.011147948, 0.011561136, 0.011761535, 0.012149414, 0.012519262, 0.012870203, 0.013038416, 0.013360452, 0.013664561, 0.01381058, 0.014092801, 0.014364049, 0.01462542, 0.014752278, 0.014997151, 0.015228663, 0.015338878, 0.015547978, 0.015741121, 0.015831864, 0.016002487, 0.016159931, 0.016306145, 0.016375264, 0.01650597, 0.016625352, 0.016680429, 0.016780317, 0.016865946, 0.016937178, 0.016967606, 0.01701951, 0.0170614, 0.017079132, 0.017108692, 0.017129112, 0.01713522, 0.017136684, 0.017120313, 0.017082928, 0.017055798, 0.016985254, 0.016895602, 0.016845033, 0.01673584, 0.016619425, 0.016498512, 0.016436359, 0.016307492, 0.016169885, 0.01609658, 0.015939165, 0.015765393, 0.015672108, 0.015473748, 0.015261538, 0.015038428, 0.014923516, 0.014687323, 0.014441728, 0.014314828, 0.0140517065, 0.013774444, 0.013482128, 0.013330268, 0.013015428, 0.0126861455, 0.012516223, 0.012166053, 0.011802135, 0.011614892, 0.011229838, 0.010830595, 0.010416794, 0.01020422, 0.009767071, 0.009312457, 0.009077916, 0.008592305, 0.008080876, 0.0075371508, 0.0072507546, 0.0066454853, 0.006006, 0.0056891576, 0.005161508, 0.005037819
0, 0, 0, 0, 0, 0, 0, 0, 0, 0, 0, 0, 0, 0, 0, 0, 0, 0, 0, 0, 0, 0, 0, 0, 0, 0, 0, 0, 0, 0, 0, 0, 0, 0, 0, 0, 0, 0, 0, 0, 0, 0, 0, 0, 0, 0, 0, 0, 0, 0, 0.006086742, 0.00549801, 0.0055922363, 0.0061192005, 0.0067943693, 0.0071359933, 0.0077950754, 0.008412251, 0.008705072, 0.009260532, 0.009779141, 0.010266313, 0.010499763, 0.010949438, 0.011379514, 0.011587756, 0.011991097, 0.012376314, 0.012741849, 0.012917236, 0.013252768, 0.013569444, 0.013721582, 0.014015551, 0.014298106, 0.014570952, 0.014703625, 0.014960638, 0.015204471, 0.015320695, 0.0155411195, 0.015744546, 0.015840117, 0.016019592, 0.016185394, 0.016340014, 0.016413627, 0.016553123, 0.016681697, 0.016741334, 0.016850077, 0.016943514, 0.017020509, 0.017053027, 0.017107291, 0.017149568, 0.017167034, 0.017195733, 0.017215835, 0.017222097, 0.017224817, 0.017210633, 0.017175617, 0.017149342, 0.017079629, 0.016988978, 0.016937146, 0.016823962, 0.016702207, 0.016575225, 0.016510153, 0.016375862, 0.016234059, 0.016159074, 0.015998702, 0.015822079, 0.015727347, 0.01552529, 0.015308818, 0.015080484, 0.014962927, 0.014721408, 0.014471281, 0.014342492, 0.014076293, 0.013797308, 0.013504229, 0.013352239, 0.013037059, 0.012707005, 0.012536574, 0.012185054, 0.011819437, 0.011631327, 0.011244436, 0.010843022, 0.010426346, 0.010211916, 0.00977019, 0.009310375, 0.009072998, 0.008581729, 0.008064531, 0.0075155194, 0.0072267903, 0.006617642, 0.0059760073, 0.0056588654, 0.0051317234, 0.005008439
0, 0, 0, 0, 0, 0, 0, 0, 0, 0, 0, 0, 0, 0, 0, 0, 0, 0, 0, 0, 0, 0, 0, 0, 0, 0, 0, 0, 0, 0, 0, 0, 0, 0, 0, 0, 0, 0, 0, 0, 0, 0, 0, 0, 0, 0, 0, 0, 0, 0, 0.0057706097, 0.005423578, 0.005437684, 0.005834121, 0.0064696134, 0.006812592, 0.007491749, 0.0081369085, 0.008443929, 0.009025709, 0.009567156, 0.0100734215, 0.010315215, 0.010779891, 0.011223373, 0.011438005, 0.011854082, 0.012251556, 0.012629651, 0.0128111765, 0.01315873, 0.013487175, 0.013644857, 0.0139493095, 0.014241634, 0.014523473, 0.01466057, 0.014926536, 0.015179874, 0.0153009845, 0.015531538, 0.015745018, 0.01584551, 0.016034573, 0.016209941, 0.016373688, 0.01645167, 0.01659987, 0.01673694, 0.016800806, 0.016917767, 0.017019045, 0.017102746, 0.01713797, 0.017196067, 0.017239908, 0.017257433, 0.01728507, 0.01730323, 0.017308597, 0.017309906, 0.017295454, 0.017261233, 0.017235724, 0.017167542, 0.017077671, 0.017025592, 0.016910492, 0.016784534, 0.016651418, 0.016582845, 0.016441591, 0.016293213, 0.0162154, 0.016050167, 0.015869848, 0.015773512, 0.015568454, 0.015348685, 0.0151165, 0.01499664, 0.014750286, 0.014495522, 0.014364603, 0.014094944, 0.013813423, 0.013518775, 0.013366209, 0.013050042, 0.012719068, 0.012548066, 0.012195308, 0.011828442, 0.011639729, 0.011251797, 0.010848945, 0.010429851, 0.010213824, 0.009767799, 0.009302396, 0.009062086, 0.008564677, 0.008041611, 0.0074871797, 0.007196114, 0.0065835454, 0.0059400634, 0.0056227837, 0.005096441, 0.0049736626
0, 0, 0, 0, 0, 0, 0, 0, 0, 0, 0, 0, 0, 0, 0, 0, 0, 0, 0, 0, 0, 0, 0, 0, 0, 0, 0, 0, 0, 0, 0, 0, 0, 0, 0, 0, 0, 0, 0, 0, 0, 0, 0, 0, 0, 0, 0, 0, 0, 0, 0.0075662867, 0.005965877, 0.005623185, 0.005691743, 0.006243625, 0.006579194, 0.0072665624, 0.007928743, 0.00824414, 0.008841941, 0.009397169, 0.009914517, 0.010161139, 0.010634525, 0.011085647, 0.011304137, 0.011728059, 0.01213432, 0.012521908, 0.012708365, 0.0130667575, 0.013406009, 0.013568891, 0.013882882, 0.014183209, 0.01447186, 0.014612037, 0.014884154, 0.015144304, 0.015269506, 0.015508876, 0.015732694, 0.01583861, 0.016038856, 0.016225066, 0.016398922, 0.016481403, 0.016637873, 0.016782468, 0.016849952, 0.01697455, 0.017083485, 0.017174756, 0.017213468, 0.017277386, 0.01732468, 0.017342994, 0.01737029, 0.01738616, 0.017389739, 0.017387375, 0.017370228, 0.017335085, 0.01730993, 0.017243585, 0.017156212, 0.01710522, 0.01699068, 0.016862527, 0.016724413, 0.016652582, 0.016503606, 0.01634721, 0.016265607, 0.01609385, 0.015908781, 0.01581066, 0.015603134, 0.015381075, 0.015146362, 0.015024856, 0.014774492, 0.014515153, 0.014381995, 0.014108134, 0.013823064, 0.013525625, 0.013371925, 0.013053948, 0.012721577, 0.012550037, 0.012196398, 0.011828835, 0.011639879, 0.011251343, 0.010847639, 0.010426858, 0.010209537, 0.009760034, 0.009290098, 0.009047246, 0.008544722, 0.008017154, 0.0074590323, 0.0071664974, 0.006551822, 0.005907698, 0.005590683, 0.005065358, 0.0049429378
0, 0, 0, 0, 0, 0, 0, 0, 0, 0, 0, 0, 0, 0, 0, 0, 0, 0, 0, 0, 0, 0, 0, 0, 0, 0, 0, 0, 0, 0, 0, 0, 0, 0, 0, 0, 0, 0, 0, 0, 0, 0, 0, 0, 0, 0, 0, 0, 0, 0, 0, 0.006047499, 0.0056079486, 0.005563674, 0.0060764463, 0.006407279, 0.0070984513, 0.007769442, 0.008089171, 0.008693356, 0.009252724, 0.009772445, 0.010020001, 0.010494695, 0.010947429, 0.011166992, 0.011593695, 0.01200469, 0.012398844, 0.012589639, 0.012957381, 0.013307077, 0.013475086, 0.013798664, 0.0141064245, 0.014400678, 0.014543269, 0.01482006, 0.015085654, 0.015214146, 0.015462051, 0.015696738, 0.015808647, 0.01602163, 0.01622021, 0.016405113, 0.016492406, 0.016657045, 0.016808672, 0.016879566, 0.017011072, 0.017127413, 0.017227057, 0.01726992, 0.017341493, 0.017394735, 0.01741491, 0.01744344, 0.017457418, 0.01745919, 0.017452318, 0.017431052, 0.017393667, 0.017368428, 0.01730393, 0.017220056, 0.017170958, 0.017059203, 0.01693128, 0.016790379, 0.016715912, 0.016560135, 0.016395612, 0.016309949, 0.01613116, 0.015940791, 0.015840868, 0.015630962, 0.015407475, 0.015170948, 0.015048236, 0.014794447, 0.0145305, 0.014394856, 0.014115798, 0.013825978, 0.01352445, 0.013369058, 0.013048449, 0.012714442, 0.012542317, 0.012188023, 0.0118203275, 0.011631393, 0.011242854, 0.0108390525, 0.010417864, 0.010200012, 0.009749137, 0.00927699, 0.009032842, 0.008527685, 0.007997734, 0.007437909, 0.007144762, 0.006529503, 0.0058855824, 0.005568846, 0.0050442605, 0.0049217273
0, 0, 0, 0, 0, 0, 0, 0, 0, 0, 0, 0, 0, 0, 0, 0, 0, 0, 0, 0, 0, 0, 0, 0, 0, 0, 0, 0, 0, 0, 0, 0, 0, 0, 0, 0, 0, 0, 0, 0, 0, 0, 0, 0, 0, 0, 0, 0, 0, 0, 0, 0.00597971, 0.0057614585, 0.0056133424, 0.005993676, 0.006292971, 0.0069616744, 0.0076298867, 0.0079487935, 0.008550098, 0.00910455, 0.009619042, 0.009864137, 0.010334618, 0.010784526, 0.011003276, 0.0114301415, 0.011843506, 0.012243274, 0.012437696, 0.012814883, 0.013175326, 0.01334888, 0.013682553, 0.013999019, 0.01429988, 0.014445085, 0.014726679, 0.014997947, 0.015129852, 0.015386292, 0.015631983, 0.015750242, 0.015976688, 0.016188433, 0.016384859, 0.0164772, 0.016650373, 0.016808772, 0.0168828, 0.017020479, 0.017143998, 0.017251883, 0.017299132, 0.017379465, 0.01744009, 0.017463043, 0.017494686, 0.017508512, 0.01750915, 0.01749877, 0.017473584, 0.017433846, 0.017408343, 0.017345557, 0.017265366, 0.017218448, 0.017110769, 0.016985327, 0.01684392, 0.016768055, 0.016607592, 0.016436588, 0.016347492, 0.01616211, 0.015966767, 0.015865086, 0.015653033, 0.015428399, 0.015190594, 0.015066857, 0.014809995, 0.014541426, 0.014403062, 0.014118209, 0.013822772, 0.01351634, 0.013358847, 0.01303498, 0.0126989875, 0.012526253, 0.012171438, 0.011803819, 0.01161504, 0.011227062, 0.010824215, 0.0104044005, 0.0101873735, 0.009737904, 0.009267003, 0.009023264, 0.008518518, 0.007988459, 0.0074283057, 0.007135004, 0.0065194983, 0.0058754296, 0.0055586337, 0.0050337454, 0.004910344
0, 0, 0, 0, 0, 0, 0, 0, 0, 0, 0, 0, 0, 0, 0, 0, 0, 0, 0, 0, 0, 0, 0, 0, 0, 0, 0, 0, 0, 0, 0, 0, 0, 0, 0, 0, 0, 0, 0, 0, 0, 0, 0, 0, 0, 0, 0, 0, 0, 0, 0, 0.007912956, 0.006967751, 0.0058914972, 0.0059475536, 0.0061895843, 0.006818084, 0.007473145, 0.0077865184, 0.008375384, 0.008917777, 0.009423036, 0.00966463, 0.01013006, 0.010577528, 0.010796041, 0.011223988, 0.0116408225, 0.012047048, 0.012245719, 0.012633269, 0.013005776, 0.013185569, 0.01353151, 0.013859142, 0.014169295, 0.01431852, 0.014607277, 0.014885186, 0.015020841, 0.015285926, 0.015541998, 0.015666226, 0.015905095, 0.016129376, 0.016336983, 0.016434273, 0.016615856, 0.016780986, 0.016857935, 0.01700127, 0.017130928, 0.01724575, 0.017296989, 0.017385488, 0.017453764, 0.017479897, 0.017516067, 0.017531725, 0.017532429, 0.017520595, 0.017493336, 0.017452339, 0.017426785, 0.017365417, 0.017288657, 0.017243966, 0.01714095, 0.017019264, 0.016879756, 0.016803829, 0.016641233, 0.016466087, 0.016374402, 0.016184019, 0.01598457, 0.015881412, 0.015667513, 0.015441963, 0.015203342, 0.015078914, 0.014819573, 0.014547106, 0.014406336, 0.014116322, 0.013815553, 0.0135044055, 0.013344892, 0.013017669, 0.012679437, 0.012505997, 0.012150385, 0.011782709, 0.011594154, 0.011207266, 0.010806208, 0.010389132, 0.010173888, 0.009728493, 0.0092616975, 0.009019857, 0.008517974, 0.007989535, 0.007429823, 0.007136489, 0.0065204008, 0.0058752885, 0.005557863, 0.0050315014, 0.004906495
0, 0, 0, 0, 0, 0, 0, 0, 0, 0, 0, 0, 0, 0, 0, 0, 0, 0, 0, 0, 0, 0, 0, 0, 0, 0, 0, 0, 0, 0, 0, 0, 0, 0, 0, 0, 0, 0, 0, 0, 0, 0, 0, 0, 0, 0, 0, 0, 0, 0, 0, 0, 0.0071185334, 0.0059067616, 0.0058496827, 0.0060594026, 0.0066441693, 0.007266999, 0.0075666993, 0.008134123, 0.008662772, 0.009161608, 0.00940179, 0.009868138, 0.0103192795, 0.010540155, 0.010974034, 0.011398393, 0.011813809, 0.012017906, 0.01241778, 0.01280409, 0.012991253, 0.013351949, 0.0136936065, 0.014016516, 0.014171516, 0.014469939, 0.014756258, 0.014895786, 0.015168795, 0.015433676, 0.015562699, 0.015811807, 0.01604662, 0.016264226, 0.016366052, 0.016555624, 0.016727362, 0.016807027, 0.016955372, 0.017089687, 0.017209796, 0.017263992, 0.017359018, 0.017434023, 0.017463299, 0.017504755, 0.017523902, 0.017525526, 0.017514672, 0.017487586, 0.017446721, 0.017421484, 0.017361676, 0.017288033, 0.017245373, 0.017147036, 0.017030003, 0.016893817, 0.01681881, 0.016656332, 0.016479274, 0.01638618, 0.01619227, 0.015989857, 0.015885547, 0.015670167, 0.015444242, 0.01520561, 0.015080967, 0.014820806, 0.014546542, 0.014404565, 0.014111582, 0.013807629, 0.013493305, 0.013332359, 0.013002605, 0.012662247, 0.012488093, 0.012131455, 0.011763311, 0.011574826, 0.0111886095, 0.010789188, 0.010374958, 0.010161608, 0.009720906, 0.009259352, 0.009019982, 0.00852218, 0.007996269, 0.007437629, 0.007144294, 0.0065276055, 0.005881151, 0.0055628084, 0.0050344225, 0.004907671
0, 0, 0, 0, 0, 0, 0, 0, 0, 0, 0, 0, 0, 0, 0, 0, 0, 0, 0, 0, 0, 0, 0, 0, 0, 0, 0, 0, 0, 0, 0, 0, 0, 0, 0, 0, 0, 0, 0, 0, 0, 0, 0, 0, 0, 0, 0, 0, 0, 0, 0, 0, 0, 0.006098972, 0.005906076, 0.0060070544, 0.0064365286, 0.0069798473, 0.0072577447, 0.007802601, 0.008326203, 0.008829531, 0.009074655, 0.009552953, 0.010017408, 0.0102449395, 0.0106914835, 0.011128223, 0.011555863, 0.0117662875, 0.012179894, 0.012581094, 0.012776152, 0.0131534515, 0.01351156, 0.013849469, 0.014011128, 0.014321017, 0.014616293, 0.014759738, 0.015039554, 0.0153111825, 0.015443691, 0.015700223, 0.015943034, 0.016168647, 0.016274458, 0.016471447, 0.016649377, 0.016731776, 0.01688465, 0.017023005, 0.017147046, 0.017203389, 0.017303437, 0.017383927, 0.01741606, 0.017463053, 0.01748651, 0.017489882, 0.017481573, 0.017456105, 0.017416367, 0.017391812, 0.017333802, 0.01726306, 0.017222345, 0.017128674, 0.017016737, 0.016884994, 0.016811611, 0.016650783, 0.016473431, 0.01637956, 0.016183669, 0.015979005, 0.015873818, 0.015657578, 0.015431843, 0.015194394, 0.015070618, 0.014812219, 0.0145394085, 0.014397895, 0.01410563, 0.013801805, 0.01348722, 0.013326003, 0.0129956, 0.012654379, 0.012479705, 0.012122106, 0.011752876, 0.011563882, 0.011176884, 0.010777327, 0.0103640985, 0.010151742, 0.00971401, 0.009256424, 0.009019048, 0.008525077, 0.008001877, 0.0074448595, 0.0071519907, 0.0065354137, 0.005888276, 0.0055693393, 0.0050395406, 0.0049113575
0, 0, 0, 0, 0, 0, 0, 0, 0, 0, 0, 0, 0, 0, 0, 0, 0, 0, 0, 0, 0, 0, 0, 0, 0, 0, 0, 0, 0, 0, 0, 0, 0, 0, 0, 0, 0, 0, 0, 0, 0, 0, 0, 0, 0, 0, 0, 0, 0, 0, 0, 0, 0, 0.0074174856, 0.0061700316, 0.0059844055, 0.0061248965, 0.0065751183, 0.006838974, 0.007383241, 0.007922387, 0.008448034, 0.008705105, 0.009207232, 0.009693901, 0.0099314265, 0.010396139, 0.010848358, 0.011290046, 0.011507292, 0.011934132, 0.012349665, 0.012552211, 0.012945162, 0.013318995, 0.013671485, 0.013839611, 0.014160722, 0.014464397, 0.014611069, 0.014896581, 0.015173145, 0.015308026, 0.015569857, 0.015818346, 0.01605027, 0.016159289, 0.016362598, 0.016546452, 0.01663147, 0.016788844, 0.01693095, 0.017058626, 0.01711693, 0.017221317, 0.017306933, 0.017341796, 0.017394092, 0.017422339, 0.017427798, 0.01742296, 0.017399931, 0.017362008, 0.017338384, 0.017282452, 0.017214788, 0.01717598, 0.01708709, 0.016980559, 0.016853899, 0.016782636, 0.016624896, 0.016448747, 0.016354855, 0.016158208, 0.01595244, 0.015846703, 0.015630037, 0.015405435, 0.015170756, 0.015048801, 0.014794754, 0.014526683, 0.014387551, 0.014099572, 0.013799372, 0.0134876715, 0.013327665, 0.012999057, 0.0126590375, 0.012484567, 0.012126437, 0.0117556695, 0.011565506, 0.011175797, 0.010773474, 0.010357958, 0.0101448335, 0.009706617, 0.009249881, 0.00901336, 0.008521377, 0.008000479, 0.007445601, 0.0071535674, 0.006538448, 0.005892113, 0.0055733295, 0.0050433585, 0.0049148262
0, 0, 0, 0, 0, 0, 0, 0, 0, 0, 0, 0, 0, 0, 0, 0, 0, 0, 0, 0, 0, 0, 0, 0, 0, 0, 0, 0, 0, 0, 0, 0, 0, 0, 0, 0, 0, 0, 0, 0, 0, 0, 0, 0, 0, 0, 0, 0, 0, 0, 0, 0, 0, 0.007673529, 0.006041842, 0.005669683, 0.0056391703, 0.0060686753, 0.0063434755, 0.006921621, 0.007498852, 0.008060853, 0.008335028, 0.008868158, 0.009380631, 0.009629341, 0.010113111, 0.010580459, 0.011034772, 0.01125767, 0.011695506, 0.012121946, 0.012330291, 0.012734858, 0.013120359, 0.013483873, 0.013656881, 0.013986586, 0.014297078, 0.014446536, 0.0147366915, 0.015017009, 0.015153654, 0.015419073, 0.01567161, 0.015908169, 0.016019646, 0.016227838, 0.01641656, 0.016503798, 0.016665356, 0.016811421, 0.016943127, 0.017003462, 0.017112384, 0.017202843, 0.017240388, 0.017297948, 0.017331205, 0.017338945, 0.01733814, 0.017318271, 0.017283164, 0.017260835, 0.01720784, 0.017143724, 0.017107137, 0.017023336, 0.016922671, 0.016801998, 0.016733535, 0.01658043, 0.016407566, 0.016314847, 0.016119467, 0.01591403, 0.015808495, 0.015592598, 0.015370085, 0.015139067, 0.015019628, 0.014771613, 0.014510365, 0.014374769, 0.014093443, 0.013799091, 0.0134926215, 0.0133349085, 0.013010488, 0.012673525, 0.012500078, 0.012142633, 0.0117705995, 0.011579033, 0.011185237, 0.010777646, 0.010356635, 0.010140936, 0.00969835, 0.009238636, 0.009001313, 0.008509066, 0.007989356, 0.007436463, 0.0071456744, 0.006533122, 0.005889143, 0.0055713304, 0.005042803, 0.0049149026
0, 0, 0, 0, 0, 0, 0, 0, 0, 0, 0, 0, 0, 0, 0, 0, 0, 0, 0, 0, 0, 0, 0, 0, 0, 0, 0, 0, 0, 0, 0, 0, 0, 0, 0, 0, 0, 0, 0, 0, 0, 0, 0, 0, 0, 0, 0, 0, 0, 0, 0, 0, 0, 0, 0.005628302, 0.0052050087, 0.0051436513, 0.0055872668, 0.005878149, 0.0064980215, 0.0071195345, 0.0077216886, 0.008013152, 0.008575791, 0.009110814, 0.009368406, 0.009866157, 0.010344062, 0.0108063165, 0.011032685, 0.011476823, 0.0119089, 0.012119844, 0.01252983, 0.012920402, 0.013288856, 0.013464391, 0.013798917, 0.014114022, 0.0142655885, 0.014559518, 0.014843217, 0.014981328, 0.015249316, 0.015504644, 0.015744058, 0.015857145, 0.01606855, 0.016260298, 0.016349068, 0.016513824, 0.016663125, 0.01679838, 0.016860722, 0.016973678, 0.01706874, 0.01710863, 0.017170953, 0.017209241, 0.017219542, 0.017223505, 0.017208405, 0.017177548, 0.017157415, 0.017108666, 0.017049232, 0.017015332, 0.016937306, 0.016843207, 0.01672974, 0.0166649, 0.01651887, 0.01635244, 0.01626246, 0.016071407, 0.015869198, 0.015764946, 0.015551567, 0.015332079, 0.015105259, 0.014988458, 0.01474673, 0.014492618, 0.014360561, 0.014086161, 0.013798303, 0.013497588, 0.0133425845, 0.0130231995, 0.012690519, 0.012518733, 0.012163289, 0.011790897, 0.01159824, 0.011200461, 0.010786819, 0.010358615, 0.010139227, 0.009689408, 0.009223816, 0.0089842575, 0.0084893955, 0.007969337, 0.007417933, 0.0071283905, 0.006518847, 0.005878034, 0.005561754, 0.005035813, 0.004909263
0, 0, 0, 0, 0, 0, 0, 0, 0, 0, 0, 0, 0, 0, 0, 0, 0, 0, 0, 0, 0, 0, 0, 0, 0, 0, 0, 0, 0, 0, 0, 0, 0, 0, 0, 0, 0, 0, 0, 0, 0, 0, 0, 0, 0, 0, 0, 0, 0, 0, 0, 0, 0, 0, 0.0052697677, 0.005066686, 0.004923095, 0.005264837, 0.005541867, 0.006179139, 0.006837651, 0.007473053, 0.0077778045, 0.008359468, 0.008906064, 0.009167338, 0.009669698, 0.010149723, 0.010613139, 0.010839723, 0.01128369, 0.011715107, 0.01192542, 0.012333742, 0.012722645, 0.0130899185, 0.013265411, 0.013600909, 0.013918407, 0.014071604, 0.01436865, 0.014655111, 0.014794543, 0.015064727, 0.01532156, 0.015562529, 0.01567619, 0.01588888, 0.016081857, 0.016171351, 0.016337654, 0.01648865, 0.01662594, 0.016689232, 0.01680461, 0.01690222, 0.016943624, 0.017009892, 0.017053174, 0.017066265, 0.017076487, 0.01706809, 0.017044088, 0.017027145, 0.016984588, 0.016931333, 0.016900454, 0.016829213, 0.016742786, 0.016637994, 0.016577812, 0.016441606, 0.016284838, 0.016199443, 0.016016755, 0.015821168, 0.015719645, 0.015510835, 0.015295494, 0.015073147, 0.014958835, 0.014722474, 0.014474138, 0.014345066, 0.014076351, 0.013793906, 0.013498136, 0.013345491, 0.013030656, 0.012702065, 0.01253203, 0.0121790785, 0.01180745, 0.011614419, 0.011213997, 0.0107954675, 0.010360716, 0.010137543, 0.0096801305, 0.00920762, 0.008965231, 0.008466217, 0.007944514, 0.007393665, 0.007105037, 0.0064981217, 0.0058605457, 0.0055458536, 0.005022671, 0.004897756
0, 0, 0, 0, 0, 0, 0, 0, 0, 0, 0, 0, 0, 0, 0, 0, 0, 0, 0, 0, 0, 0, 0, 0, 0, 0, 0, 0, 0, 0, 0, 0, 0, 0, 0, 0, 0, 0, 0, 0, 0, 0, 0, 0, 0, 0, 0, 0, 0, 0, 0, 0, 0, 0, 0.0068319403, 0.0059742914, 0.0050177816, 0.005097927, 0.005345136, 0.005992329, 0.0066794795, 0.0073325513, 0.00764132, 0.008224386, 0.008766601, 0.009024688, 0.00951981, 0.009992964, 0.010449565, 0.010673037, 0.011110663, 0.011535398, 0.011742306, 0.012143376, 0.012525516, 0.0128875645, 0.013061279, 0.01339522, 0.013713473, 0.013867639, 0.014167247, 0.014456306, 0.014596563, 0.014868139, 0.015125639, 0.015366842, 0.015480436, 0.015693026, 0.015886078, 0.015975649, 0.01614226, 0.016293606, 0.016430732, 0.016493851, 0.016608527, 0.016706321, 0.016748222, 0.016817018, 0.016865022, 0.016881373, 0.016899617, 0.016900374, 0.016885528, 0.016873054, 0.016838841, 0.016792899, 0.016765611, 0.01670182, 0.016623603, 0.01652854, 0.016473971, 0.016349714, 0.016205521, 0.016126247, 0.015955081, 0.015769172, 0.015671724, 0.015469646, 0.015259542, 0.015041701, 0.014929436, 0.014697431, 0.014453567, 0.014326592, 0.014062149, 0.013783647, 0.0134916175, 0.0133406725, 0.013028898, 0.012703, 0.01253414, 0.012183101, 0.0118125845, 0.011619602, 0.011218234, 0.010797385, 0.010358581, 0.010132949, 0.009669914, 0.009191743, 0.008946761, 0.008443729, 0.007919775, 0.0073686554, 0.007080513, 0.0064753117, 0.0058400976, 0.005526671, 0.0050058113, 0.004882277
0, 0, 0, 0, 0, 0, 0, 0, 0, 0, 0, 0, 0, 0, 0, 0, 0, 0, 0, 0, 0, 0, 0, 0, 0, 0, 0, 0, 0, 0, 0, 0, 0, 0, 0, 0, 0, 0, 0, 0, 0, 0, 0, 0, 0, 0, 0, 0, 0, 0, 0, 0, 0, 0, 0, 0.0059934244, 0.0050271945, 0.0050652353, 0.005311109, 0.0059627527, 0.0066447426, 0.0072828, 0.007581881, 0.008144039, 0.00866607, 0.00891497, 0.009393232, 0.009851932, 0.010296185, 0.010513973, 0.01094071, 0.011354808, 0.01155649, 0.011947664, 0.0123212775, 0.012677173, 0.0128487665, 0.013180531, 0.013499164, 0.013654084, 0.013955623, 0.014246051, 0.01438687, 0.014658944, 0.01491622, 0.015156843, 0.015270241, 0.015482528, 0.015675796, 0.015765581, 0.015932366, 0.016083345, 0.016218815, 0.01628086, 0.01639304, 0.016489001, 0.016530694, 0.016601361, 0.016654551, 0.016674614, 0.016702205, 0.016713645, 0.016709939, 0.016702663, 0.01667784, 0.016640246, 0.016616737, 0.016560132, 0.016490117, 0.016404847, 0.016355865, 0.016244318, 0.016114047, 0.016041812, 0.015883908, 0.015709521, 0.015617012, 0.015423126, 0.015219031, 0.01500567, 0.014895353, 0.014666867, 0.014426433, 0.014301175, 0.014040296, 0.013765214, 0.013476122, 0.013326392, 0.013016357, 0.012691438, 0.012522933, 0.012172397, 0.011802365, 0.0116096055, 0.011208765, 0.0107879825, 0.01034849, 0.010122111, 0.009657028, 0.00917604, 0.0089296205, 0.008424034, 0.007898437, 0.00734674, 0.0070586894, 0.006454363, 0.0058204564, 0.005507744, 0.0049885265, 0.0048656454
0, 0, 0, 0, 0, 0, 0, 0, 0, 0, 0, 0, 0, 0, 0, 0, 0, 0, 0, 0, 0, 0, 0, 0, 0, 0, 0, 0, 0, 0, 0, 0, 0, 0, 0, 0, 0, 0, 0, 0, 0, 0, 0, 0, 0, 0, 0, 0, 0, 0, 0, 0, 0, 0, 0, 0, 0.0080718165, 0.006512471, 0.006202362, 0.006239039, 0.0066602537, 0.007173137, 0.0074312184, 0.007930598, 0.0084047, 0.008633201, 0.009076787, 0.009506637, 0.009925741, 0.010131876, 0.010536431, 0.010930457, 0.011122958, 0.011498864, 0.011861856, 0.012212127, 0.012382863, 0.0127157755, 0.013037172, 0.0131934425, 0.013496861, 0.013787029, 0.013926995, 0.014196108, 0.014450661, 0.014690043, 0.014803709, 0.015018312, 0.015215578, 0.015307637, 0.015478306, 0.015631033, 0.01576595, 0.015827045, 0.01593723, 0.01603309, 0.01607632, 0.016153963, 0.016219908, 0.01624822, 0.016294986, 0.016327487, 0.016344566, 0.016347123, 0.016340166, 0.016317332, 0.01630039, 0.016256321, 0.016199421, 0.016129836, 0.016090194, 0.016000038, 0.015893864, 0.015834164, 0.015700834, 0.015548755, 0.015465944, 0.015288188, 0.015095947, 0.014891317, 0.014784552, 0.014562495, 0.014328765, 0.0142073305, 0.013954707, 0.013688017, 0.013405856, 0.013258608, 0.012951495, 0.012626936, 0.012457988, 0.012106541, 0.01173696, 0.011545368, 0.011148539, 0.010733494, 0.010300268, 0.01007688, 0.009616634, 0.009138926, 0.008893532, 0.008389087, 0.0078640105, 0.0073127123, 0.0070248977, 0.00642132, 0.0057888348, 0.0054771104, 0.0049598482, 0.0048373183
0, 0, 0, 0, 0, 0, 0, 0, 0, 0, 0, 0, 0, 0, 0, 0, 0, 0, 0, 0, 0, 0, 0, 0, 0, 0, 0, 0, 0, 0, 0, 0, 0, 0, 0, 0, 0, 0, 0, 0, 0, 0, 0, 0, 0, 0, 0, 0, 0, 0, 0, 0, 0, 0, 0, 0, 0.011816637, 0.007109932, 0.006341574, 0.006074914, 0.006440675, 0.0069495556, 0.0072081685, 0.0077075274, 0.008179024, 0.00840588, 0.008845997, 0.009272398, 0.009687885, 0.009891746, 0.010291677, 0.010681397, 0.01087219, 0.011246012, 0.011609351, 0.011961857, 0.012134192, 0.012470312, 0.012794131, 0.012951168, 0.013254375, 0.013542921, 0.013681611, 0.013948324, 0.014201196, 0.01444019, 0.014554472, 0.014771545, 0.014972425, 0.015066436, 0.015240901, 0.015396745, 0.015534715, 0.015597276, 0.01571098, 0.015811495, 0.015857462, 0.01594155, 0.016014874, 0.016047163, 0.016101947, 0.016142163, 0.016166579, 0.016172456, 0.016171744, 0.016154567, 0.016140237, 0.016101109, 0.016049355, 0.015985483, 0.015948877, 0.015865829, 0.015767487, 0.015711945, 0.015587007, 0.015443033, 0.015363953, 0.015192581, 0.015005572, 0.014804676, 0.014699598, 0.014480731, 0.014250626, 0.01413113, 0.013882629, 0.013620335, 0.013342115, 0.013196531, 0.012891992, 0.012569224, 0.012401016, 0.012051301, 0.011684247, 0.011494336, 0.011101784, 0.010691884, 0.010264193, 0.010043517, 0.009588362, 0.009114691, 0.008870892, 0.008368803, 0.007845173, 0.0072947335, 0.007007224, 0.0064044497, 0.00577318, 0.0054621994, 0.0049463455, 0.0048242095
0, 0, 0, 0, 0, 0, 0, 0, 0, 0, 0, 0, 0, 0, 0, 0, 0, 0, 0, 0, 0, 0, 0, 0, 0, 0, 0, 0, 0, 0, 0, 0, 0, 0, 0, 0, 0, 0, 0, 0, 0, 0, 0, 0, 0, 0, 0, 0, 0, 0, 0, 0, 0, 0, 0, 0, 0, 0.0058271564, 0.0055730767, 0.0056119403, 0.006065815, 0.006618171, 0.0068904725, 0.007408188, 0.007891732, 0.008123413, 0.008572062, 0.009005077, 0.009424764, 0.0096300505, 0.010031436, 0.010421406, 0.010612538, 0.01098765, 0.011353707, 0.011710118, 0.011884272, 0.012223649, 0.012549172, 0.01270642, 0.0130087985, 0.013295456, 0.013433113, 0.013697975, 0.013950016, 0.014189775, 0.014304882, 0.014524898, 0.014729494, 0.014825541, 0.015004231, 0.015164759, 0.0153076, 0.015372936, 0.015492882, 0.015600201, 0.015649812, 0.015741179, 0.01582175, 0.015857367, 0.0159183, 0.015964216, 0.015993563, 0.016001888, 0.016005568, 0.015992975, 0.015980905, 0.015946327, 0.015899025, 0.015839651, 0.015805308, 0.015726842, 0.01563346, 0.015580643, 0.015461309, 0.01532317, 0.015247037, 0.015081282, 0.014898859, 0.014701858, 0.014598389, 0.014382389, 0.014154973, 0.014036802, 0.013791176, 0.0135317035, 0.013256503, 0.01311244, 0.012810892, 0.012491507, 0.012325239, 0.011979941, 0.011618242, 0.011431356, 0.011045289, 0.010642276, 0.010221378, 0.010003968, 0.009554548, 0.009085432, 0.008843397, 0.008343766, 0.007821306, 0.0072714346, 0.006984214, 0.0063821636, 0.0057525113, 0.005442587, 0.0049287933, 0.0048074867
0, 0, 0, 0, 0, 0, 0, 0, 0, 0, 0, 0, 0, 0, 0, 0, 0, 0, 0, 0, 0, 0, 0, 0, 0, 0, 0, 0, 0, 0, 0, 0, 0, 0, 0, 0, 0, 0, 0, 0, 0, 0, 0, 0, 0, 0, 0, 0, 0, 0, 0, 0, 0, 0, 0, 0, 0, 0.005912605, 0.00540539, 0.0052841883, 0.005706184, 0.0062586963, 0.006535954, 0.0070680063, 0.007569021, 0.007809644, 0.008275137, 0.008722003, 0.009151873, 0.009360844, 0.009767503, 0.010161055, 0.010353608, 0.010731672, 0.011100815, 0.011460144, 0.011635632, 0.011976427, 0.012302181, 0.012458911, 0.012760129, 0.013045387, 0.013182619, 0.013447434, 0.013700565, 0.013942895, 0.014059493, 0.014283084, 0.0144918095, 0.014589997, 0.0147733465, 0.014939303, 0.015088184, 0.015156877, 0.015284099, 0.015398963, 0.015452333, 0.01555072, 0.015637182, 0.015675483, 0.015741164, 0.015791047, 0.0158241, 0.015834233, 0.01584171, 0.015833028, 0.01582302, 0.015792545, 0.015749207, 0.015693363, 0.015660712, 0.015585141, 0.015494824, 0.015443557, 0.015328097, 0.015194627, 0.015121159, 0.0149607165, 0.014783264, 0.014590291, 0.014488438, 0.014274733, 0.014048561, 0.013930761, 0.013685599, 0.01342665, 0.013152537, 0.013009441, 0.012710707, 0.012395405, 0.012231728, 0.011892806, 0.011538573, 0.011355724, 0.0109780235, 0.010583305, 0.010170152, 0.0099562565, 0.009513037, 0.009048747, 0.008808564, 0.008311371, 0.007789871, 0.0072400183, 0.0069527533, 0.0063513154, 0.0057233963, 0.0054147444, 0.0049037477, 0.00478376
0, 0, 0, 0, 0, 0, 0, 0, 0, 0, 0, 0, 0, 0, 0, 0, 0, 0, 0, 0, 0, 0, 0, 0, 0, 0, 0, 0, 0, 0, 0, 0, 0, 0, 0, 0, 0, 0, 0, 0, 0, 0, 0, 0, 0, 0, 0, 0, 0, 0, 0, 0, 0, 0, 0, 0, 0, 0.0056075756, 0.0053662006, 0.0051450124, 0.0054141646, 0.0059062997, 0.006176626, 0.0067170346, 0.0072385166, 0.007490253, 0.007976122, 0.008439055, 0.00888006, 0.009093175, 0.009505795, 0.009903298, 0.010097388, 0.010477926, 0.010848551, 0.011208425, 0.011383613, 0.011723211, 0.012047069, 0.012202926, 0.012502738, 0.012788193, 0.01292605, 0.013193111, 0.013450138, 0.013696674, 0.013815719, 0.014044167, 0.014257719, 0.014358485, 0.014547432, 0.014719468, 0.014875236, 0.014947485, 0.015081722, 0.015203533, 0.015259935, 0.015363789, 0.015454756, 0.015494934, 0.015564267, 0.015617599, 0.015654372, 0.01566646, 0.015678182, 0.015673723, 0.01566588, 0.015639532, 0.015599634, 0.015546587, 0.015515025, 0.015441379, 0.015353005, 0.015302986, 0.015190969, 0.015062258, 0.014991492, 0.014836923, 0.014664912, 0.014476185, 0.014375811, 0.014163872, 0.013937698, 0.013819513, 0.013573047, 0.013312752, 0.01303822, 0.012895338, 0.012598378, 0.012286785, 0.012125714, 0.011793044, 0.011446435, 0.011267641, 0.010898219, 0.010511633, 0.010106248, 0.009895893, 0.009459047, 0.0089998795, 0.008761764, 0.008267477, 0.0077473046, 0.0071978727, 0.006910759, 0.006310305, 0.005684526, 0.0053775776, 0.004870268, 0.0047521396
0, 0, 0, 0, 0, 0, 0, 0, 0, 0, 0, 0, 0, 0, 0, 0, 0, 0, 0, 0, 0, 0, 0, 0, 0, 0, 0, 0, 0, 0, 0, 0, 0, 0, 0, 0, 0, 0, 0, 0, 0, 0, 0, 0, 0, 0, 0, 0, 0, 0, 0, 0, 0, 0, 0, 0, 0, 0.007179155, 0.0062494613, 0.0051665925, 0.005130412, 0.0055499678, 0.005817981, 0.0063771587, 0.0069236415, 0.007186658, 0.0076905554, 0.008165533, 0.008614185, 0.008829871, 0.009246021, 0.009645471, 0.0098400805, 0.010220412, 0.010589526, 0.010946799, 0.011120251, 0.011456349, 0.011777185, 0.011932125, 0.012231455, 0.012518439, 0.012657769, 0.012929373, 0.013191663, 0.013443969, 0.013565905, 0.0138002345, 0.014020161, 0.014124195, 0.014319874, 0.014498967, 0.014661821, 0.014737568, 0.0148779685, 0.015005045, 0.0150636, 0.015171034, 0.015265037, 0.015306771, 0.015379459, 0.015436838, 0.015478501, 0.015493236, 0.015510305, 0.015511315, 0.015505917, 0.015483842, 0.015447405, 0.015396786, 0.0153661035, 0.0152940275, 0.015207766, 0.015159204, 0.015051148, 0.014927629, 0.0148598645, 0.0147113595, 0.014545053, 0.014360554, 0.014261679, 0.014051426, 0.013825223, 0.013706559, 0.013458519, 0.013196683, 0.0129211685, 0.012778301, 0.012482431, 0.012173328, 0.012014018, 0.011685887, 0.011344527, 0.011168536, 0.010805017, 0.010424572, 0.010025225, 0.009817825, 0.009386858, 0.0089331195, 0.0086973775, 0.0082070995, 0.0076898714, 0.007142775, 0.006856875, 0.0062592467, 0.005637538, 0.0053329775, 0.0048305416, 0.004715023
0, 0, 0, 0, 0, 0, 0, 0, 0, 0, 0, 0, 0, 0, 0, 0, 0, 0, 0, 0, 0, 0, 0, 0, 0, 0, 0, 0, 0, 0, 0, 0, 0, 0, 0, 0, 0, 0, 0, 0, 0, 0, 0, 0, 0, 0, 0, 0, 0, 0, 0, 0, 0, 0, 0, 0, 0, 0, 0.006090669, 0.0048785363, 0.004781888, 0.005208982, 0.0054908725, 0.0060785413, 0.0066462946, 0.0069162594, 0.0074284216, 0.007906579, 0.008355871, 0.0085713165, 0.008986241, 0.009383671, 0.009576783, 0.009953411, 0.01031782, 0.010669451, 0.010840403, 0.011172059, 0.0114903785, 0.011644849, 0.011945186, 0.012235113, 0.012376696, 0.012653278, 0.012920848, 0.013178687, 0.013303599, 0.013544103, 0.013770764, 0.013878408, 0.0140818665, 0.014268633, 0.014438488, 0.014517192, 0.01466271, 0.014793181, 0.014853073, 0.014962703, 0.015058967, 0.015102178, 0.015178662, 0.015241517, 0.015289557, 0.0153077915, 0.015331903, 0.015339457, 0.0153370425, 0.015319907, 0.0152871255, 0.015239244, 0.015209823, 0.0151400985, 0.015056692, 0.015010013, 0.014906478, 0.014788557, 0.014723711, 0.014581067, 0.014420019, 0.014239876, 0.01414272, 0.013934816, 0.013709741, 0.013591355, 0.013343285, 0.013081193, 0.012805822, 0.012663193, 0.012368346, 0.012060741, 0.011902232, 0.011575747, 0.011236075, 0.011061016, 0.010699493, 0.010321532, 0.009925367, 0.009719974, 0.0092937, 0.008845174, 0.008612098, 0.00812729, 0.0076156263, 0.007074144, 0.0067912363, 0.0061999415, 0.005585282, 0.0052843676, 0.0047885934, 0.004676509
0, 0, 0, 0, 0, 0, 0, 0, 0, 0, 0, 0, 0, 0, 0, 0, 0, 0, 0, 0, 0, 0, 0, 0, 0, 0, 0, 0, 0, 0, 0, 0, 0, 0, 0, 0, 0, 0, 0, 0, 0, 0, 0, 0, 0, 0, 0, 0, 0, 0, 0, 0, 0, 0, 0, 0, 0, 0, 0, 0.0046258816, 0.0045827217, 0.0049872836, 0.005265662, 0.0058529368, 0.00641861, 0.006686162, 0.007191276, 0.007661455, 0.00810309, 0.008314803, 0.008722826, 0.009113322, 0.009302761, 0.009671783, 0.01002859, 0.010373828, 0.01054224, 0.010870463, 0.011188187, 0.011343351, 0.011646815, 0.011941228, 0.012085204, 0.012366327, 0.012638154, 0.012900127, 0.013027102, 0.013272492, 0.0135049755, 0.013616092, 0.013826692, 0.014020579, 0.0141966175, 0.014277866, 0.014427279, 0.014560099, 0.0146207465, 0.014731824, 0.01483043, 0.014875348, 0.014956665, 0.015026041, 0.015081769, 0.015104013, 0.015136275, 0.015151235, 0.015152082, 0.01514062, 0.015112342, 0.015068259, 0.015040569, 0.014974687, 0.014895569, 0.014851339, 0.014752852, 0.014640244, 0.014577986, 0.014440594, 0.014284454, 0.014108829, 0.0140137365, 0.013809669, 0.013587872, 0.0134708425, 0.013225227, 0.012965108, 0.012691563, 0.012549762, 0.012256277, 0.011949498, 0.011791093, 0.011464005, 0.011122942, 0.010947006, 0.010583924, 0.010205044, 0.009809417, 0.009604955, 0.00918171, 0.00873797, 0.008507857, 0.008029913, 0.007526447, 0.0069942106, 0.0067161964, 0.0061350507, 0.0055305427, 0.0052345134, 0.004747188, 0.004639152
0, 0, 0, 0, 0, 0, 0, 0, 0, 0, 0, 0, 0, 0, 0, 0, 0, 0, 0, 0, 0, 0, 0, 0, 0, 0, 0, 0, 0, 0, 0, 0, 0, 0, 0, 0, 0, 0, 0, 0, 0, 0, 0, 0, 0, 0, 0, 0, 0, 0, 0, 0, 0, 0, 0, 0, 0, 0, 0, 0.005280362, 0.0047066556, 0.0049269227, 0.0051593166, 0.0056928773, 0.006226783, 0.0064820405, 0.006966397, 0.0074196868, 0.007846945, 0.008052132, 0.008447869, 0.008826935, 0.009010873, 0.009369778, 0.009718086, 0.010057594, 0.0102240965, 0.010551999, 0.010872299, 0.011029898, 0.011339195, 0.011639548, 0.011786242, 0.012071576, 0.012346322, 0.012610432, 0.01273853, 0.012986641, 0.013223205, 0.013336602, 0.013552518, 0.0137518365, 0.013932764, 0.014016031, 0.014168236, 0.014302884, 0.014364347, 0.014477141, 0.014578728, 0.014625718, 0.0147124445, 0.014788702, 0.014852241, 0.0148784835, 0.0149185965, 0.0149408765, 0.014945082, 0.014939697, 0.01491704, 0.01487806, 0.014853048, 0.014792461, 0.01471901, 0.014677571, 0.014584535, 0.014477121, 0.014417402, 0.014284896, 0.014133719, 0.013963307, 0.013870957, 0.013672347, 0.013456014, 0.013341483, 0.013100339, 0.012843992, 0.012573386, 0.012432741, 0.012140976, 0.011834766, 0.01167608, 0.011347479, 0.011003821, 0.0108263595, 0.010460237, 0.010079156, 0.0096828565, 0.009478779, 0.009057861, 0.008618664, 0.008391669, 0.007921755, 0.007428226, 0.006907696, 0.0066358657, 0.006067302, 0.0054747825, 0.0051843165, 0.00470607, 0.0046022423
0, 0, 0, 0, 0, 0, 0, 0, 0, 0, 0, 0, 0, 0, 0, 0, 0, 0, 0, 0, 0, 0, 0, 0, 0, 0, 0, 0, 0, 0, 0, 0, 0, 0, 0, 0, 0, 0, 0, 0, 0, 0, 0, 0, 0, 0, 0, 0, 0, 0, 0, 0, 0, 0, 0, 0, 0, 0, 0, 0.0053440654, 0.0049267104, 0.0049429354, 0.005099106, 0.0055415854, 0.00602911, 0.0062687127, 0.006728085, 0.0071611186, 0.007570704, 0.0077679395, 0.008148614, 0.00851387, 0.008691807, 0.009040581, 0.009381846, 0.009718044, 0.009884637, 0.010215385, 0.0105419485, 0.010703472, 0.011020991, 0.011328794, 0.0114784725, 0.0117684165, 0.012045606, 0.01231089, 0.012439537, 0.012688859, 0.012927467, 0.013042248, 0.013261324, 0.013464302, 0.013648527, 0.013733227, 0.013887975, 0.014024712, 0.014087288, 0.0142027335, 0.014307803, 0.014357125, 0.0144490395, 0.014531099, 0.014601003, 0.01463047, 0.014676996, 0.014705559, 0.0147128105, 0.014713632, 0.014697101, 0.014664422, 0.01464259, 0.014588668, 0.014521624, 0.014483226, 0.014396019, 0.014293896, 0.014236704, 0.014109386, 0.0139638055, 0.013799883, 0.013710959, 0.013519464, 0.013310008, 0.0131986365, 0.012962951, 0.012710974, 0.012443518, 0.012304063, 0.0120137455, 0.011707917, 0.011549138, 0.011219563, 0.010874443, 0.010696168, 0.010328683, 0.009946921, 0.009551165, 0.009347945, 0.008930154, 0.008496073, 0.00827246, 0.007810987, 0.007328106, 0.0068197227, 0.0065542734, 0.0059983665, 0.005417639, 0.0051324195, 0.004662744, 0.004562402
0, 0, 0, 0, 0, 0, 0, 0, 0, 0, 0, 0, 0, 0, 0, 0, 0, 0, 0, 0, 0, 0, 0, 0, 0, 0, 0, 0, 0, 0, 0, 0, 0, 0, 0, 0, 0, 0, 0, 0, 0, 0, 0, 0, 0, 0, 0, 0, 0, 0, 0, 0, 0, 0, 0, 0, 0, 0, 0, 0.006987263, 0.0054282625, 0.0049393484, 0.0049873604, 0.005333262, 0.0057835984, 0.0060108043, 0.006449135, 0.0068636797, 0.0072568716, 0.007446376, 0.007813511, 0.008167555, 0.008340828, 0.0086823255, 0.009019998, 0.009356365, 0.009524403, 0.009860719, 0.010195403, 0.010361335, 0.01068799, 0.011003957, 0.011157007, 0.011452131, 0.011732707, 0.012000112, 0.01212927, 0.012379906, 0.012619559, 0.012735096, 0.012955984, 0.013160996, 0.013347857, 0.013433874, 0.013591373, 0.01373108, 0.013795198, 0.013914109, 0.014023074, 0.0140743, 0.01417007, 0.01425604, 0.014329677, 0.014361225, 0.014412056, 0.0144452555, 0.014455159, 0.014461626, 0.014451131, 0.014425209, 0.014406854, 0.014359809, 0.014299455, 0.0142641645, 0.014182683, 0.014085716, 0.014031113, 0.013909244, 0.013770153, 0.013613503, 0.013528541, 0.013345109, 0.013143233, 0.013035294, 0.012805487, 0.012557713, 0.012292996, 0.012154498, 0.011865321, 0.01156014, 0.011401668, 0.011073141, 0.010729556, 0.01055228, 0.010187253, 0.009808727, 0.009417031, 0.009216077, 0.008803639, 0.008376044, 0.008156285, 0.0077036037, 0.00723099, 0.00673366, 0.006473827, 0.0059287106, 0.005357681, 0.0050768005, 0.0046140384, 0.0045162886
0, 0, 0, 0, 0, 0, 0, 0, 0, 0, 0, 0, 0, 0, 0, 0, 0, 0, 0, 0, 0, 0, 0, 0, 0, 0, 0, 0, 0, 0, 0, 0, 0, 0, 0, 0, 0, 0, 0, 0, 0, 0, 0, 0, 0, 0, 0, 0, 0, 0, 0, 0, 0, 0, 0, 0, 0, 0, 0, 0, 0.0053546745, 0.004740345, 0.004752568, 0.005053817, 0.0054773977, 0.0056943973, 0.006115841, 0.0065167127, 0.0068990714, 0.007084076, 0.0074443268, 0.0077934843, 0.007965146, 0.008305213, 0.008643532, 0.008982532, 0.009152713, 0.009494352, 0.009835875, 0.010005376, 0.010339065, 0.0106618125, 0.010818016, 0.011118743, 0.011404215, 0.011675417, 0.01180622, 0.012058817, 0.012300036, 0.012415994, 0.01263784, 0.012844222, 0.013033087, 0.013120564, 0.013281609, 0.013425391, 0.013491712, 0.013614955, 0.013727526, 0.013780198, 0.013878169, 0.013965511, 0.014040422, 0.014072607, 0.014125564, 0.014162111, 0.014174109, 0.014185599, 0.014181064, 0.014161643, 0.014146549, 0.014105979, 0.014051455, 0.014018735, 0.013941761, 0.013848942, 0.013796519, 0.013679656, 0.013546778, 0.013397475, 0.01331647, 0.013141202, 0.0129470695, 0.012842609, 0.012618893, 0.012375499, 0.012113525, 0.011975934, 0.01168844, 0.011385305, 0.011228167, 0.010903413, 0.010565111, 0.010391033, 0.010033107, 0.009662478, 0.0092789475, 0.0090821255, 0.008678099, 0.008259313, 0.0080440575, 0.0076008225, 0.0071378015, 0.006649856, 0.0063944287, 0.005857445, 0.00529355, 0.0050158547, 0.004558368, 0.004462105
0, 0, 0, 0, 0, 0, 0, 0, 0, 0, 0, 0, 0, 0, 0, 0, 0, 0, 0, 0, 0, 0, 0, 0, 0, 0, 0, 0, 0, 0, 0, 0, 0, 0, 0, 0, 0, 0, 0, 0, 0, 0, 0, 0, 0, 0, 0, 0, 0, 0, 0, 0, 0, 0, 0, 0, 0, 0, 0, 0, 0.0050157905, 0.004634611, 0.0045812535, 0.004760452, 0.005124116, 0.0053268154, 0.0057342956, 0.0061304355, 0.0065118195, 0.0066975662, 0.0070601185, 0.007413206, 0.0075871255, 0.007931413, 0.008273427, 0.008615562, 0.008786943, 0.009130693, 0.009473939, 0.009644603, 0.009980719, 0.010306734, 0.010464948, 0.0107705705, 0.01106107, 0.011336992, 0.011469698, 0.011725197, 0.01196764, 0.012083903, 0.01230613, 0.012513381, 0.012704259, 0.012793338, 0.012958542, 0.013107476, 0.013176489, 0.013304636, 0.013420669, 0.013474444, 0.013573321, 0.01366044, 0.013734767, 0.013766952, 0.013820627, 0.013859534, 0.0138733145, 0.0138895195, 0.013890737, 0.013877379, 0.01386522, 0.013829766, 0.013779289, 0.0137479585, 0.01367333, 0.013582621, 0.013531506, 0.013417984, 0.013289845, 0.013146614, 0.013069092, 0.012901087, 0.012714305, 0.012613374, 0.012395894, 0.012157747, 0.011899856, 0.011764047, 0.01148018, 0.0111814365, 0.011027064, 0.010709264, 0.010379831, 0.010210788, 0.009863937, 0.0095049795, 0.00913316, 0.008942131, 0.008549382, 0.008141717, 0.00793185, 0.007498909, 0.007045334, 0.006565464, 0.0063135256, 0.005782717, 0.005224281, 0.0049491446, 0.004496132, 0.004400806
0, 0, 0, 0, 0, 0, 0, 0, 0, 0, 0, 0, 0, 0, 0, 0, 0, 0, 0, 0, 0, 0, 0, 0, 0, 0, 0, 0, 0, 0, 0, 0, 0, 0, 0, 0, 0, 0, 0, 0, 0, 0, 0, 0, 0, 0, 0, 0, 0, 0, 0, 0, 0, 0, 0, 0, 0, 0, 0, 0, 0.0063871606, 0.004895659, 0.00453918, 0.0044409763, 0.0047291, 0.0049220547, 0.0053303475, 0.005735791, 0.006128262, 0.0063194134, 0.0066931196, 0.0070564006, 0.007234623, 0.0075859865, 0.007931915, 0.008274696, 0.008445415, 0.008785917, 0.009124836, 0.009293231, 0.009625848, 0.009950446, 0.010108922, 0.010416432, 0.010710048, 0.010989066, 0.011123011, 0.011379798, 0.011622214, 0.011738283, 0.011959879, 0.012167452, 0.012360138, 0.012450771, 0.01262046, 0.012775101, 0.012846929, 0.012980204, 0.013099811, 0.01315457, 0.013254164, 0.013340542, 0.0134140365, 0.013445908, 0.013500096, 0.013541371, 0.013556982, 0.013577798, 0.013584444, 0.01357635, 0.013566435, 0.013534391, 0.013485415, 0.013454415, 0.013379653, 0.0132888965, 0.013237952, 0.01312579, 0.013000435, 0.0128613515, 0.01278632, 0.012624002, 0.012443578, 0.012346026, 0.0121352235, 0.011903611, 0.011652043, 0.011519394, 0.011242217, 0.0109511055, 0.010801065, 0.010493043, 0.010174976, 0.010012191, 0.009678575, 0.009333306, 0.008975233, 0.008791045, 0.008411665, 0.008016658, 0.00781288, 0.0073912083, 0.006947262, 0.006475365, 0.0062268465, 0.005701958, 0.0051492266, 0.004876984, 0.0044291085, 0.004335083
0, 0, 0, 0, 0, 0, 0, 0, 0, 0, 0, 0, 0, 0, 0, 0, 0, 0, 0, 0, 0, 0, 0, 0, 0, 0, 0, 0, 0, 0, 0, 0, 0, 0, 0, 0, 0, 0, 0, 0, 0, 0, 0, 0, 0, 0, 0, 0, 0, 0, 0, 0, 0, 0, 0, 0, 0, 0, 0, 0, 0, 0.0046256133, 0.0041970103, 0.0040371045, 0.004321513, 0.004521942, 0.0049500354, 0.0053754565, 0.0057852785, 0.005984152, 0.006371184, 0.006744986, 0.006927414, 0.007283821, 0.007630891, 0.007970618, 0.008138301, 0.00847057, 0.008799915, 0.008963355, 0.009287449, 0.00960595, 0.009762276, 0.010067141, 0.010359656, 0.010637608, 0.010770835, 0.011025819, 0.011265856, 0.011380575, 0.011600402, 0.011807399, 0.012001396, 0.012093406, 0.012267042, 0.012426807, 0.0125012, 0.012639167, 0.012762118, 0.0128179705, 0.012918576, 0.013005119, 0.013078652, 0.013110804, 0.013166441, 0.013210639, 0.013228118, 0.013253485, 0.013264608, 0.01326017, 0.013251559, 0.013220688, 0.013171506, 0.013139951, 0.013063848, 0.012972045, 0.012920876, 0.012808983, 0.012684993, 0.012548242, 0.01247471, 0.012316327, 0.012140992, 0.012046426, 0.011842432, 0.011618614, 0.011375836, 0.011247832, 0.010980424, 0.010699858, 0.010555364, 0.01025899, 0.009953363, 0.009797103, 0.009476968, 0.009145734, 0.008801845, 0.008624728, 0.00825928, 0.007877631, 0.007680195, 0.0072703445, 0.0068368204, 0.006373916, 0.006129496, 0.0056125224, 0.0050676647, 0.0047994815, 0.0043587983, 0.004267292
0, 0, 0, 0, 0, 0, 0, 0, 0, 0, 0, 0, 0, 0, 0, 0, 0, 0, 0, 0, 0, 0, 0, 0, 0, 0, 0, 0, 0, 0, 0, 0, 0, 0, 0, 0, 0, 0, 0, 0, 0, 0, 0, 0, 0, 0, 0, 0, 0, 0, 0, 0, 0, 0, 0, 0, 0, 0, 0, 0, 0, 0.0039924965, 0.0038246687, 0.0037283339, 0.0040006274, 0.0042026374, 0.0046432186, 0.005083346, 0.00550574, 0.0057100416, 0.0061051757, 0.0064841043, 0.0066676745, 0.007024276, 0.0073680305, 0.0077009522, 0.007864127, 0.008185685, 0.008502784, 0.008660129, 0.008972438, 0.009280609, 0.00943237, 0.009729901, 0.010015773, 0.010287606, 0.010417921, 0.010667118, 0.0109021785, 0.011014919, 0.01123145, 0.011436781, 0.011630976, 0.01172378, 0.011900415, 0.012063683, 0.012140057, 0.012281362, 0.012406977, 0.012463864, 0.012565965, 0.012653826, 0.0127288755, 0.012762119, 0.012820449, 0.012867818, 0.012887125, 0.012915849, 0.012929699, 0.012926703, 0.012918275, 0.012887102, 0.0128369145, 0.012804856, 0.012728112, 0.012636235, 0.012585249, 0.012474182, 0.012351287, 0.012216077, 0.012143599, 0.0119878305, 0.01181656, 0.011724692, 0.011527473, 0.0113124605, 0.0110801635, 0.010957878, 0.010702317, 0.01043387, 0.010295457, 0.01001114, 0.00971755, 0.009567362, 0.009259654, 0.00894125, 0.00861057, 0.008440138, 0.008088025, 0.0077194665, 0.007528342, 0.007130655, 0.006708559, 0.006256585, 0.0060175685, 0.005511711, 0.004978385, 0.0047159344, 0.0042854412, 0.0041981274
0, 0, 0, 0, 0, 0, 0, 0, 0, 0, 0, 0, 0, 0, 0, 0, 0, 0, 0, 0, 0, 0, 0, 0, 0, 0, 0, 0, 0, 0, 0, 0, 0, 0, 0, 0, 0, 0, 0, 0, 0, 0, 0, 0, 0, 0, 0, 0, 0, 0, 0, 0, 0, 0, 0, 0, 0, 0, 0, 0, 0, 0.004810302, 0.004182988, 0.0036631145, 0.0038163485, 0.003997995, 0.004425847, 0.0048658825, 0.005289764, 0.005494055, 0.005888077, 0.006263897, 0.0064453147, 0.006796423, 0.0071327304, 0.007456711, 0.0076148002, 0.007924974, 0.008229488, 0.008380188, 0.008679443, 0.008974542, 0.009120018, 0.0094051985, 0.009679688, 0.009941161, 0.01006661, 0.010307297, 0.010535362, 0.010645097, 0.010856932, 0.011059451, 0.011252624, 0.011345504, 0.011523128, 0.011688084, 0.011765235, 0.011908177, 0.012035263, 0.0120929405, 0.012196763, 0.012286628, 0.012364384, 0.012399013, 0.012460178, 0.012510151, 0.012530505, 0.012560734, 0.012575042, 0.012571592, 0.01256277, 0.012530826, 0.012480346, 0.0124485865, 0.012373221, 0.012283552, 0.012233857, 0.012125221, 0.012004425, 0.011871071, 0.011799539, 0.011646413, 0.011479064, 0.011389798, 0.011199761, 0.010994244, 0.010773288, 0.010657202, 0.0104143275, 0.010158306, 0.010025828, 0.009752752, 0.00946985, 0.009324811, 0.009027555, 0.008720013, 0.008400697, 0.008236163, 0.00789598, 0.0075397342, 0.0073548364, 0.006969561, 0.006560116, 0.0061213546, 0.0058892695, 0.0053979075, 0.0048798965, 0.0046250583, 0.0042078607, 0.0041266023
0, 0, 0, 0, 0, 0, 0, 0, 0, 0, 0, 0, 0, 0, 0, 0, 0, 0, 0, 0, 0, 0, 0, 0, 0, 0, 0, 0, 0, 0, 0, 0, 0, 0, 0, 0, 0, 0, 0, 0, 0, 0, 0, 0, 0, 0, 0, 0, 0, 0, 0, 0, 0, 0, 0, 0, 0, 0, 0, 0, 0, 0, 0.0039351564, 0.003636167, 0.003719648, 0.0038749329, 0.004275695, 0.0047043418, 0.005120382, 0.0053205793, 0.005705905, 0.0060722884, 0.0062487824, 0.006590073, 0.0069163595, 0.0072296797, 0.0073823296, 0.0076806927, 0.0079727005, 0.008116825, 0.008401687, 0.0086819595, 0.008819918, 0.009089778, 0.009349745, 0.00959808, 0.009717705, 0.009948037, 0.010167762, 0.010273949, 0.010479943, 0.010678172, 0.010868321, 0.010960285, 0.011136574, 0.011300943, 0.011377926, 0.011520808, 0.011648259, 0.011706271, 0.011811529, 0.011903256, 0.011983099, 0.012018805, 0.01208171, 0.012132563, 0.012153003, 0.012182788, 0.012195955, 0.012191373, 0.012182241, 0.012150653, 0.012101947, 0.012071585, 0.012000007, 0.011914819, 0.011867334, 0.011762835, 0.011645561, 0.01151538, 0.011445363, 0.011295651, 0.01113318, 0.011047058, 0.010864983, 0.010669611, 0.010460591, 0.010350754, 0.010120548, 0.0098765055, 0.009749602, 0.009486713, 0.0092129065, 0.00907216, 0.00878331, 0.008484407, 0.008174308, 0.008014608, 0.007684954, 0.007340055, 0.0071611335, 0.0067886454, 0.0063930294, 0.005969451, 0.0057454705, 0.0052713645, 0.0047715814, 0.0045257485, 0.004124353, 0.0040504844
0, 0, 0, 0, 0, 0, 0, 0, 0, 0, 0, 0, 0, 0, 0, 0, 0, 0, 0, 0, 0, 0, 0, 0, 0, 0, 0, 0, 0, 0, 0, 0, 0, 0, 0, 0, 0, 0, 0, 0, 0, 0, 0, 0, 0, 0, 0, 0, 0, 0, 0, 0, 0, 0, 0, 0, 0, 0, 0, 0, 0, 0, 0.004866865, 0.0038341472, 0.003689572, 0.0038000885, 0.004161148, 0.004574482, 0.004979558, 0.005174355, 0.0055476753, 0.005901359, 0.0060715713, 0.006400233, 0.0067141983, 0.0070150783, 0.0071613574, 0.007446787, 0.0077249305, 0.007861808, 0.0081313625, 0.00839531, 0.008524925, 0.0087785, 0.009023124, 0.0092575895, 0.009370897, 0.009590199, 0.009800571, 0.009902595, 0.010101232, 0.010293005, 0.01047812, 0.01056791, 0.010740625, 0.010902361, 0.01097833, 0.011119856, 0.011246745, 0.01130471, 0.011410248, 0.011502651, 0.011583012, 0.011618753, 0.011681292, 0.011731182, 0.011750839, 0.011779051, 0.011791281, 0.011786747, 0.011778278, 0.011749174, 0.011704489, 0.011676688, 0.011610714, 0.011531472, 0.011486909, 0.011387882, 0.011275486, 0.011149873, 0.011082238, 0.010937732, 0.010781558, 0.010699176, 0.010526088, 0.010341314, 0.010144247, 0.010040776, 0.009823059, 0.009590684, 0.009469205, 0.009216052, 0.008950516, 0.008813482, 0.008531463, 0.008239311, 0.007936598, 0.0077810367, 0.007460601, 0.0071264505, 0.006953463, 0.006594065, 0.006212978, 0.0058054235, 0.0055900156, 0.0051342477, 0.0046538957, 0.0044177254, 0.0040330915, 0.0039671375
0, 0, 0, 0, 0, 0, 0, 0, 0, 0, 0, 0, 0, 0, 0, 0, 0, 0, 0, 0, 0, 0, 0, 0, 0, 0, 0, 0, 0, 0, 0, 0, 0, 0, 0, 0, 0, 0, 0, 0, 0, 0, 0, 0, 0, 0, 0, 0, 0, 0, 0, 0, 0, 0, 0, 0, 0, 0, 0, 0, 0, 0, 0, 0.003797519, 0.003653141, 0.0037343206, 0.004060593, 0.0044598067, 0.0048547806, 0.0050438587, 0.005404306, 0.0057439893, 0.005907215, 0.006221486, 0.0065211407, 0.006807589, 0.006946412, 0.007216705, 0.007478888, 0.0076075755, 0.007860406, 0.008107696, 0.008229091, 0.008466815, 0.008696741, 0.008917949, 0.009025247, 0.009233281, 0.009433204, 0.009530478, 0.00972012, 0.009903651, 0.010081598, 0.010168139, 0.010335548, 0.010493164, 0.010567699, 0.010706891, 0.010832264, 0.010889635, 0.010994111, 0.01108522, 0.011163813, 0.0111984825, 0.011258671, 0.011306396, 0.0113253165, 0.011352653, 0.011365265, 0.011363144, 0.011356463, 0.011332044, 0.011293384, 0.011268829, 0.011209583, 0.011137106, 0.011095858, 0.011003162, 0.010896978, 0.010777706, 0.010713232, 0.010575524, 0.010426926, 0.010348795, 0.010185111, 0.010011084, 0.009825704, 0.0097282585, 0.009522794, 0.009302255, 0.009186249, 0.008942981, 0.008685593, 0.0085521275, 0.008276487, 0.007990442, 0.007694318, 0.0075425254, 0.0072309724, 0.006907575, 0.006740721, 0.006394488, 0.0060278564, 0.005635805, 0.005428594, 0.004990154, 0.0045281174, 0.004301263, 0.0039328435, 0.0038742113
0, 0, 0, 0, 0, 0, 0, 0, 0, 0, 0, 0, 0, 0, 0, 0, 0, 0, 0, 0, 0, 0, 0, 0, 0, 0, 0, 0, 0, 0, 0, 0, 0, 0, 0, 0, 0, 0, 0, 0, 0, 0, 0, 0, 0, 0, 0, 0, 0, 0, 0, 0, 0, 0, 0, 0, 0, 0, 0, 0, 0, 0, 0, 0.0042519826, 0.0036989488, 0.0037063058, 0.003972523, 0.0043517905, 0.004733582, 0.0049158586, 0.005261695, 0.005586019, 0.005741462, 0.0060404795, 0.006324892, 0.0065958123, 0.0067267125, 0.006980543, 0.007225898, 0.007346091, 0.00758224, 0.007813472, 0.007927213, 0.008150683, 0.008367651, 0.00857699, 0.008678614, 0.008875675, 0.0090647545, 0.009156699, 0.009335821, 0.009509825, 0.0096793035, 0.009762297, 0.009923405, 0.010076418, 0.010149052, 0.010285183, 0.010408093, 0.010464259, 0.010566138, 0.010654092, 0.010729135, 0.010762136, 0.010819421, 0.0108652385, 0.010883793, 0.01091178, 0.0109271305, 0.010929101, 0.010925053, 0.010906651, 0.010874526, 0.010853303, 0.010800963, 0.01073557, 0.01069788, 0.010612635, 0.0105141, 0.010402516, 0.010342009, 0.010212424, 0.010072235, 0.009998443, 0.009843937, 0.009679874, 0.009505147, 0.009413326, 0.009219476, 0.009010534, 0.008900013, 0.008667149, 0.008418683, 0.008289195, 0.008020777, 0.007741523, 0.007452913, 0.0073053297, 0.007003375, 0.0066912053, 0.006530527, 0.0061973413, 0.0058443155, 0.0054662786, 0.0052662897, 0.0048427894, 0.0043966603, 0.004177921, 0.003824036, 0.0037715943
0, 0, 0, 0, 0, 0, 0, 0, 0, 0, 0, 0, 0, 0, 0, 0, 0, 0, 0, 0, 0, 0, 0, 0, 0, 0, 0, 0, 0, 0, 0, 0, 0, 0, 0, 0, 0, 0, 0, 0, 0, 0, 0, 0, 0, 0, 0, 0, 0, 0, 0, 0, 0, 0, 0, 0, 0, 0, 0, 0, 0, 0, 0, 0.0040036403, 0.0036962403, 0.0036787142, 0.0038892755, 0.0042354907, 0.0045944564, 0.0047668396, 0.0050947582, 0.005403273, 0.005551337, 0.005836253, 0.006107059, 0.0063640997, 0.006487758, 0.006726888, 0.006957059, 0.0070695877, 0.0072909975, 0.0075085307, 0.0076158294, 0.007827195, 0.008032987, 0.008231793, 0.008328162, 0.008514643, 0.008693009, 0.008779527, 0.008948092, 0.009112392, 0.009273297, 0.009352536, 0.0095073255, 0.009655435, 0.009725883, 0.009858444, 0.009977909, 0.010032396, 0.010130605, 0.010214729, 0.010286074, 0.010317525, 0.010372563, 0.010417967, 0.010436969, 0.010467271, 0.01048642, 0.010493138, 0.0104917195, 0.010478816, 0.010452282, 0.01043406, 0.010387935, 0.010329343, 0.010295472, 0.010218314, 0.010128438, 0.010025902, 0.009970015, 0.009849413, 0.009717848, 0.009648268, 0.009502049, 0.009346404, 0.009180705, 0.009093756, 0.008910285, 0.008712448, 0.008607579, 0.008385649, 0.008147619, 0.008023036, 0.007763952, 0.007493806, 0.0072147385, 0.007072193, 0.006781152, 0.0064808796, 0.0063263625, 0.006005782, 0.005665353, 0.005299741, 0.0051059234, 0.004695175, 0.0042626513, 0.0040508416, 0.00370973, 0.003662376
0, 0, 0, 0, 0, 0, 0, 0, 0, 0, 0, 0, 0, 0, 0, 0, 0, 0, 0, 0, 0, 0, 0, 0, 0, 0, 0, 0, 0, 0, 0, 0, 0, 0, 0, 0, 0, 0, 0, 0, 0, 0, 0, 0, 0, 0, 0, 0, 0, 0, 0, 0, 0, 0, 0, 0, 0, 0, 0, 0, 0, 0, 0, 0.0049325605, 0.00391092, 0.0037426974, 0.0038060462, 0.004084289, 0.0044065523, 0.004566768, 0.004877066, 0.005172943, 0.005315861, 0.0055914335, 0.0058530704, 0.0061008628, 0.006219616, 0.006448217, 0.0066671227, 0.006773947, 0.0069840327, 0.007190646, 0.007292636, 0.0074938373, 0.007689995, 0.007879116, 0.007970759, 0.008147424, 0.008315817, 0.008397335, 0.008556306, 0.008711583, 0.008864339, 0.008939884, 0.0090881325, 0.009230726, 0.009298934, 0.009427259, 0.009543087, 0.0095958, 0.009690652, 0.009771793, 0.009841093, 0.009871767, 0.009926662, 0.009973301, 0.009993604, 0.010027298, 0.010050279, 0.010061031, 0.010061516, 0.010052248, 0.010029554, 0.010013376, 0.009971953, 0.009919252, 0.009888797, 0.009819551, 0.009738659, 0.009645621, 0.009594529, 0.009483091, 0.009359924, 0.009294176, 0.009155149, 0.009006433, 0.008848169, 0.008765287, 0.008591054, 0.008403842, 0.00830479, 0.008094941, 0.007869463, 0.0077510527, 0.0075042886, 0.0072463513, 0.006979294, 0.006842836, 0.0065639885, 0.006275816, 0.0061273146, 0.0058186566, 0.0054899314, 0.005135877, 0.004947936, 0.004549106, 0.004129459, 0.003924226, 0.0035949408, 0.0035520908
0, 0, 0, 0, 0, 0, 0, 0, 0, 0, 0, 0, 0, 0, 0, 0, 0, 0, 0, 0, 0, 0, 0, 0, 0, 0, 0, 0, 0, 0, 0, 0, 0, 0, 0, 0, 0, 0, 0, 0, 0, 0, 0, 0, 0, 0, 0, 0, 0, 0, 0, 0, 0, 0, 0, 0, 0, 0, 0, 0, 0, 0, 0, 0, 0.003931337, 0.0037507666, 0.0036740652, 0.0038615533, 0.004145889, 0.004297343, 0.0045988406, 0.004890853, 0.005032223, 0.005304851, 0.005563096, 0.0058065886, 0.005922828, 0.006145346, 0.006357217, 0.006460032, 0.006661489, 0.0068589905, 0.0069564604, 0.007148594, 0.0073356936, 0.007516005, 0.007603147, 0.007771229, 0.007930868, 0.008008012, 0.00815856, 0.008305594, 0.0084504355, 0.008522135, 0.008663118, 0.008799372, 0.0088649, 0.008988741, 0.009101293, 0.0091528185, 0.009246068, 0.009326744, 0.009396538, 0.009427958, 0.00948506, 0.009534889, 0.009557016, 0.009594419, 0.009620826, 0.009634433, 0.009636043, 0.0096287625, 0.009608098, 0.009593163, 0.009554873, 0.009506491, 0.00947871, 0.009415926, 0.009342731, 0.009258074, 0.009211205, 0.009108104, 0.00899248, 0.0089301625, 0.008797341, 0.00865467, 0.008502923, 0.008423759, 0.008258306, 0.008081975, 0.007989132, 0.0077930633, 0.007582597, 0.007471948, 0.0072407466, 0.0069978307, 0.0067450562, 0.0066153444, 0.006349179, 0.0060728057, 0.00592991, 0.0056322385, 0.0053147036, 0.0049724067, 0.0047906605, 0.00440504, 0.0039992295, 0.0038010806, 0.0034842961, 0.0034459792
0, 0, 0, 0, 0, 0, 0, 0, 0, 0, 0, 0, 0, 0, 0, 0, 0, 0, 0, 0, 0, 0, 0, 0, 0, 0, 0, 0, 0, 0, 0, 0, 0, 0, 0, 0, 0, 0, 0, 0, 0, 0, 0, 0, 0, 0, 0, 0, 0, 0, 0, 0, 0, 0, 0, 0, 0, 0, 0, 0, 0, 0, 0, 0, 0.004457441, 0.003901141, 0.0034631921, 0.0035517295, 0.0038216962, 0.003974775, 0.004282214, 0.0045781145, 0.004720488, 0.0049936515, 0.005251332, 0.0054929177, 0.0056077, 0.00582647, 0.0060326047, 0.0061321193, 0.006325529, 0.006514039, 0.006606767, 0.0067895893, 0.0069674654, 0.007139116, 0.0072222897, 0.0073823836, 0.007534715, 0.0076082135, 0.007751227, 0.007890461, 0.008027151, 0.008094732, 0.008227991, 0.008357315, 0.008419843, 0.008539212, 0.008649617, 0.00870081, 0.008794898, 0.0088778855, 0.008951067, 0.008984476, 0.009045958, 0.009100344, 0.009124586, 0.009165817, 0.009195365, 0.009211326, 0.009213876, 0.009208375, 0.009189321, 0.009175283, 0.009139174, 0.009093592, 0.009067503, 0.009008794, 0.008940694, 0.008861869, 0.008818127, 0.008721218, 0.008611713, 0.008552339, 0.008425263, 0.008288323, 0.0081432825, 0.008067926, 0.007911722, 0.007747139, 0.0076611373, 0.0074807494, 0.007287736, 0.007186264, 0.0069731744, 0.0067472863, 0.0065098936, 0.0063870936, 0.006133419, 0.005868024, 0.005730323, 0.0054429597, 0.005136446, 0.0048067993, 0.0046319677, 0.004261503, 0.0038720244, 0.003681961, 0.0033792001, 0.00334604
0, 0, 0, 0, 0, 0, 0, 0, 0, 0, 0, 0, 0, 0, 0, 0, 0, 0, 0, 0, 0, 0, 0, 0, 0, 0, 0, 0, 0, 0, 0, 0, 0, 0, 0, 0, 0, 0, 0, 0, 0, 0, 0, 0, 0, 0, 0, 0, 0, 0, 0, 0, 0, 0, 0, 0, 0, 0, 0, 0, 0, 0, 0, 0, 0.0041392273, 0.0035489493, 0.003082369, 0.0031981042, 0.0034937738, 0.0036547994, 0.0039703, 0.004267493, 0.0044093383, 0.004680538, 0.0049353526, 0.0051732967, 0.0052859993, 0.005499043, 0.005697952, 0.005793072, 0.0059770294, 0.0061553377, 0.0062429016, 0.0064155944, 0.00658405, 0.0067470972, 0.006826237, 0.0069788815, 0.0071242843, 0.0071944618, 0.0073306984, 0.0074627046, 0.007591782, 0.0076554585, 0.007781121, 0.007903722, 0.007963511, 0.008079231, 0.008188489, 0.008240156, 0.008336751, 0.008424044, 0.008502395, 0.008538633, 0.008605384, 0.008664548, 0.008690895, 0.008735603, 0.00876824, 0.008787032, 0.008791, 0.008788278, 0.00877197, 0.0087592555, 0.008725545, 0.008681945, 0.008656737, 0.008599898, 0.008534117, 0.008458352, 0.008416303, 0.008323429, 0.008218596, 0.008161768, 0.008040226, 0.007909592, 0.0077718934, 0.0077008633, 0.007554813, 0.007402947, 0.0073243994, 0.0071609155, 0.006986711, 0.006894944, 0.0067009847, 0.0064928923, 0.006270975, 0.0061549656, 0.0059131226, 0.005658102, 0.005525322, 0.0052480055, 0.0049530426, 0.004637018, 0.004469894, 0.0041164365, 0.0037452013, 0.0035642253, 0.0032769688, 0.0032498091
0, 0, 0, 0, 0, 0, 0, 0, 0, 0, 0, 0, 0, 0, 0, 0, 0, 0, 0, 0, 0, 0, 0, 0, 0, 0, 0, 0, 0, 0, 0, 0, 0, 0, 0, 0, 0, 0, 0, 0, 0, 0, 0, 0, 0, 0, 0, 0, 0, 0, 0, 0, 0, 0, 0, 0, 0, 0, 0, 0, 0, 0, 0, 0, 0, 0.0028669348, 0.00279351, 0.0029568626, 0.003241379, 0.0033939013, 0.0036936048, 0.0039784946, 0.004115224, 0.0043774946, 0.0046241363, 0.004853716, 0.00496191, 0.0051656356, 0.0053543, 0.0054440075, 0.0056167427, 0.005783756, 0.005865912, 0.0060280696, 0.0061867265, 0.006340725, 0.0064157275, 0.006560843, 0.00669972, 0.0067667915, 0.0068969387, 0.0070229038, 0.007145755, 0.00720616, 0.0073256753, 0.007443018, 0.007500779, 0.007613917, 0.007722912, 0.007775254, 0.0078748595, 0.007966597, 0.008050108, 0.008088892, 0.008160234, 0.008222874, 0.008250708, 0.008298072, 0.008333408, 0.008355493, 0.0083614215, 0.008362892, 0.008350892, 0.008340114, 0.008309615, 0.008268185, 0.008243711, 0.008187752, 0.0081228865, 0.008048507, 0.008007583, 0.00791784, 0.007817323, 0.0077631245, 0.0076476294, 0.007524147, 0.0073948056, 0.007328458, 0.007193108, 0.007054153, 0.006983031, 0.006836083, 0.006680125, 0.006597684, 0.006422208, 0.0062312344, 0.006024218, 0.0059147035, 0.0056844233, 0.00543973, 0.005312019, 0.005045451, 0.0047629722, 0.0044615944, 0.004302681, 0.003967189, 0.0036152026, 0.0034437277, 0.003172657, 0.0031518089
0, 0, 0, 0, 0, 0, 0, 0, 0, 0, 0, 0, 0, 0, 0, 0, 0, 0, 0, 0, 0, 0, 0, 0, 0, 0, 0, 0, 0, 0, 0, 0, 0, 0, 0, 0, 0, 0, 0, 0, 0, 0, 0, 0, 0, 0, 0, 0, 0, 0, 0, 0, 0, 0, 0, 0, 0, 0, 0, 0, 0, 0, 0, 0, 0, 0.0033648743, 0.0029776895, 0.0029014833, 0.0030626555, 0.003181031, 0.0034410527, 0.0037048748, 0.0038338294, 0.0040826784, 0.0043165167, 0.0045333174, 0.004635125, 0.004826329, 0.005002915, 0.005086839, 0.0052482975, 0.005404301, 0.0054809344, 0.005632292, 0.0057806084, 0.0059250062, 0.0059954673, 0.006132966, 0.0062653353, 0.006329685, 0.006454951, 0.0065763365, 0.0066944696, 0.006752672, 0.006867681, 0.006981385, 0.0070377956, 0.0071494733, 0.0072584082, 0.007311358, 0.0074131233, 0.0075078937, 0.0075945654, 0.007634665, 0.0077081686, 0.0077723037, 0.0078005646, 0.00784898, 0.007886014, 0.00791114, 0.0079189865, 0.007924987, 0.007917736, 0.007909222, 0.007882537, 0.007843846, 0.007820415, 0.0077660372, 0.0077027334, 0.0076307827, 0.007591508, 0.0075060576, 0.007411294, 0.00736051, 0.007252558, 0.0071374658, 0.0070172977, 0.0069558243, 0.006830986, 0.006704084, 0.006639523, 0.00650693, 0.0063667125, 0.0062924633, 0.006133377, 0.005957958, 0.0057649245, 0.005661853, 0.005443403, 0.0052099363, 0.005087949, 0.0048337746, 0.004565068, 0.0042794053, 0.0041290214, 0.0038116672, 0.0034787778, 0.0033166632, 0.0030616417, 0.00304696
0, 0, 0, 0, 0, 0, 0, 0, 0, 0, 0, 0, 0, 0, 0, 0, 0, 0, 0, 0, 0, 0, 0, 0, 0, 0, 0, 0, 0, 0, 0, 0, 0, 0, 0, 0, 0, 0, 0, 0, 0, 0, 0, 0, 0, 0, 0, 0, 0, 0, 0, 0, 0, 0, 0, 0, 0, 0, 0, 0, 0, 0, 0, 0, 0, 0.0044132336, 0.0032558907, 0.0028176948, 0.0028520445, 0.0029446506, 0.0031815078, 0.003433711, 0.003557209, 0.0037933043, 0.004012286, 0.0042137955, 0.0043083257, 0.0044860626, 0.004650807, 0.0047291457, 0.0048801056, 0.005025585, 0.0050968556, 0.005236946, 0.005373996, 0.005507883, 0.0055736983, 0.005703041, 0.0058292174, 0.0058910986, 0.0060120556, 0.00612946, 0.006243874, 0.006300115, 0.006411718, 0.006522648, 0.006577963, 0.0066882097, 0.0067966254, 0.006849466, 0.0069515808, 0.0070469775, 0.007134101, 0.0071741766, 0.007247118, 0.0073099993, 0.007337756, 0.007385543, 0.007423096, 0.0074500223, 0.0074592624, 0.0074686557, 0.007465259, 0.0074585984, 0.007435391, 0.007399994, 0.0073780008, 0.007326962, 0.007267749, 0.007201117, 0.007165032, 0.0070870365, 0.0070008985, 0.006954702, 0.0068565025, 0.0067515294, 0.006641306, 0.006584778, 0.006469795, 0.006353048, 0.006293829, 0.00617264, 0.006044798, 0.005977132, 0.0058316546, 0.005669946, 0.0054902295, 0.005393654, 0.005188067, 0.0049676257, 0.004852396, 0.004612504, 0.0043592914, 0.0040901494, 0.0039483733, 0.0036488676, 0.003334257, 0.0031811409, 0.0029415793, 0.0029327248
0, 0, 0, 0, 0, 0, 0, 0, 0, 0, 0, 0, 0, 0, 0, 0, 0, 0, 0, 0, 0, 0, 0, 0, 0, 0, 0, 0, 0, 0, 0, 0, 0, 0, 0, 0, 0, 0, 0, 0, 0, 0, 0, 0, 0, 0, 0, 0, 0, 0, 0, 0, 0, 0, 0, 0, 0, 0, 0, 0, 0, 0, 0, 0, 0, 0, 0.002959907, 0.0025102682, 0.002567054, 0.0026704846, 0.002920401, 0.0031734207, 0.0032933196, 0.0035168666, 0.0037194898, 0.0039045238, 0.00399148, 0.004156002, 0.0043093185, 0.0043824776, 0.004523265, 0.004657896, 0.0047233384, 0.0048512435, 0.00497564, 0.0050978204, 0.005158476, 0.005279132, 0.0053986534, 0.005457676, 0.005573701, 0.0056867544, 0.005796481, 0.005850508, 0.00595791, 0.00606521, 0.0061189914, 0.006226595, 0.006333056, 0.0063852076, 0.006485827, 0.0065796026, 0.006664752, 0.0067035765, 0.006773823, 0.006833871, 0.0068603856, 0.006906539, 0.006943471, 0.006970861, 0.006980729, 0.006991763, 0.0069905412, 0.0069850762, 0.0069646174, 0.0069324574, 0.006912624, 0.006866798, 0.006814567, 0.0067566712, 0.006725623, 0.0066587697, 0.006584442, 0.006544314, 0.0064581744, 0.006364775, 0.006265192, 0.00621361, 0.0061078384, 0.0059995805, 0.005944604, 0.0058320286, 0.0057136375, 0.0056511043, 0.005516925, 0.005367599, 0.005201116, 0.005111453, 0.0049202163, 0.0047147693, 0.0046073627, 0.0043836306, 0.004147145, 0.0038948816, 0.0037616, 0.0034791394, 0.0031818831, 0.0030373777, 0.0028128007, 0.00280935
0, 0, 0, 0, 0, 0, 0, 0, 0, 0, 0, 0, 0, 0, 0, 0, 0, 0, 0, 0, 0, 0, 0, 0, 0, 0, 0, 0, 0, 0, 0, 0, 0, 0, 0, 0, 0, 0, 0, 0, 0, 0, 0, 0, 0, 0, 0, 0, 0, 0, 0, 0, 0, 0, 0, 0, 0, 0, 0, 0, 0, 0, 0, 0, 0, 0, 0.002273095, 0.0022031127, 0.0023371554, 0.0024517323, 0.0027051559, 0.0029475654, 0.0030592459, 0.0032635524, 0.0034469853, 0.0036152238, 0.0036947066, 0.0038461098, 0.003988231, 0.0040559005, 0.0041854046, 0.004307733, 0.0043664384, 0.004480404, 0.0045910673, 0.0047006262, 0.004755548, 0.004866336, 0.0049776062, 0.005033102, 0.0051422874, 0.005248416, 0.0053515597, 0.0054023177, 0.005503311, 0.0056048078, 0.0056559914, 0.0057591815, 0.0058618984, 0.0059124315, 0.006010112, 0.00610087, 0.006182724, 0.0062198443, 0.0062865224, 0.0063435114, 0.006368726, 0.006412781, 0.0064486885, 0.0064758854, 0.0064858133, 0.0064974627, 0.006497154, 0.006492346, 0.0064740074, 0.006445483, 0.0064281696, 0.006389097, 0.0063459277, 0.006299227, 0.0062744957, 0.0062210374, 0.0061608013, 0.006127648, 0.0060550645, 0.005974054, 0.0058853887, 0.0058387006, 0.00574171, 0.0056412118, 0.005589833, 0.0054845633, 0.0053741215, 0.0053161136, 0.0051921285, 0.0050549367, 0.0049023973, 0.004820257, 0.00464486, 0.0044561615, 0.004357325, 0.004150766, 0.0039312495, 0.0036953944, 0.00357017, 0.0033039367, 0.0030233033, 0.0028871403, 0.0026773138, 0.0026790765
0, 0, 0, 0, 0, 0, 0, 0, 0, 0, 0, 0, 0, 0, 0, 0, 0, 0, 0, 0, 0, 0, 0, 0, 0, 0, 0, 0, 0, 0, 0, 0, 0, 0, 0, 0, 0, 0, 0, 0, 0, 0, 0, 0, 0, 0, 0, 0, 0, 0, 0, 0, 0, 0, 0, 0, 0, 0, 0, 0, 0, 0, 0, 0, 0, 0, 0.0025195174, 0.00226452, 0.0022751656, 0.0023523255, 0.002553494, 0.0027577619, 0.0028532387, 0.0030301616, 0.0031923759, 0.0033442266, 0.0034169569, 0.0035561093, 0.0036866625, 0.0037484688, 0.0038651505, 0.003973404, 0.004024817, 0.004124056, 0.0042205574, 0.0043172007, 0.0043662484, 0.004466022, 0.0045671687, 0.0046177637, 0.004717216, 0.0048137223, 0.0049071964, 0.0049534687, 0.0050456235, 0.0051391115, 0.005186761, 0.005283729, 0.0053813145, 0.0054296996, 0.0055234698, 0.005610592, 0.005688775, 0.005724178, 0.0057875775, 0.0058418415, 0.0058658905, 0.0059084664, 0.0059435377, 0.0059705535, 0.005980497, 0.0059924335, 0.0059930026, 0.0059888973, 0.005973016, 0.0059486963, 0.005934266, 0.005902772, 0.0058694026, 0.0058343983, 0.0058159824, 0.005776041, 0.0057298243, 0.005703647, 0.005644353, 0.0055753933, 0.0054974663, 0.005455578, 0.0053673657, 0.0052746916, 0.0052271457, 0.0051295804, 0.005027653, 0.004974338, 0.0048611774, 0.004736886, 0.004599477, 0.004525568, 0.004367394, 0.004196441, 0.0041064383, 0.0039171153, 0.0037138225, 0.003493495, 0.0033758637, 0.0031249628, 0.002860586, 0.002732913, 0.0025379793, 0.0025450473
0, 0, 0, 0, 0, 0, 0, 0, 0, 0, 0, 0, 0, 0, 0, 0, 0, 0, 0, 0, 0, 0, 0, 0, 0, 0, 0, 0, 0, 0, 0, 0, 0, 0, 0, 0, 0, 0, 0, 0, 0, 0, 0, 0, 0, 0, 0, 0, 0, 0, 0, 0, 0, 0, 0, 0, 0, 0, 0, 0, 0, 0, 0, 0, 0, 0, 0.0031930201, 0.0024651291, 0.002277206, 0.0022954235, 0.0024156526, 0.002567613, 0.0026439766, 0.0027932625, 0.002937678, 0.0030771974, 0.0031447224, 0.0032739006, 0.003393481, 0.0034492807, 0.0035529716, 0.0036472208, 0.0036916465, 0.0037771394, 0.0038605204, 0.0039450247, 0.0039881403, 0.004076259, 0.0041656173, 0.0042101266, 0.004297385, 0.004381791, 0.0044635916, 0.004504189, 0.0045860996, 0.0046705985, 0.004714183, 0.004804258, 0.004896214, 0.004942049, 0.0050312616, 0.005114404, 0.005189012, 0.005222758, 0.0052831857, 0.005335172, 0.0053583276, 0.00539976, 0.0054343482, 0.005461355, 0.0054715252, 0.005484376, 0.005486422, 0.0054835766, 0.0054712254, 0.0054520583, 0.005440978, 0.0054173595, 0.005393081, 0.005368274, 0.005355247, 0.005326473, 0.005291852, 0.0052715046, 0.0052236747, 0.0051654577, 0.0050974465, 0.005060243, 0.004981091, 0.0048973574, 0.004854278, 0.004766051, 0.0046743425, 0.0046266303, 0.0045261336, 0.0044166828, 0.004295962, 0.0042309184, 0.004090976, 0.0039380644, 0.0038567074, 0.0036838022, 0.0034956567, 0.0032897447, 0.0031793776, 0.0029436687, 0.0026961179, 0.0025771647, 0.002398019, 0.002410915
0, 0, 0, 0, 0, 0, 0, 0, 0, 0, 0, 0, 0, 0, 0, 0, 0, 0, 0, 0, 0, 0, 0, 0, 0, 0, 0, 0, 0, 0, 0, 0, 0, 0, 0, 0, 0, 0, 0, 0, 0, 0, 0, 0, 0, 0, 0, 0, 0, 0, 0, 0, 0, 0, 0, 0, 0, 0, 0, 0, 0, 0, 0, 0, 0, 0, 0, 0.002444807, 0.0022140315, 0.0021819677, 0.0022251632, 0.0023331374, 0.0023961065, 0.002529149, 0.0026645586, 0.0027979633, 0.002862371, 0.0029843939, 0.0030949144, 0.0031455448, 0.00323815, 0.003320744, 0.0033594123, 0.003433419, 0.003506132, 0.0035797162, 0.0036171672, 0.003693335, 0.0037697381, 0.0038073792, 0.0038809807, 0.0039520897, 0.0040217154, 0.004056686, 0.0041283714, 0.0042043207, 0.004244286, 0.004327424, 0.0044135284, 0.0044565783, 0.004540937, 0.004619598, 0.0046902634, 0.004722276, 0.0047796024, 0.0048293574, 0.004851656, 0.0048917704, 0.0049259234, 0.0049531586, 0.0049637835, 0.004978263, 0.0049832445, 0.0049823658, 0.0049749957, 0.004962344, 0.0049548373, 0.0049386853, 0.004922036, 0.004904758, 0.00489547, 0.0048743123, 0.004847627, 0.0048314277, 0.004792251, 0.0047430284, 0.0046842457, 0.004651767, 0.004582259, 0.0045085945, 0.004470769, 0.0043936027, 0.004314113, 0.004273212, 0.004187643, 0.0040949513, 0.003992396, 0.003936666, 0.0038154407, 0.0036801896, 0.0036071574, 0.003449655, 0.0032757872, 0.0030840295, 0.0029810166, 0.002761285, 0.0025317941, 0.0024222862, 0.002260249, 0.0022800346
0, 0, 0, 0, 0, 0, 0, 0, 0, 0, 0, 0, 0, 0, 0, 0, 0, 0, 0, 0, 0, 0, 0, 0, 0, 0, 0, 0, 0, 0, 0, 0, 0, 0, 0, 0, 0, 0, 0, 0, 0, 0, 0, 0, 0, 0, 0, 0, 0, 0, 0, 0, 0, 0, 0, 0, 0, 0, 0, 0, 0, 0, 0, 0, 0, 0, 0, 0.0026899308, 0.0020939193, 0.0019811683, 0.0019550421, 0.0020452843, 0.002106101, 0.0022385714, 0.002373717, 0.0025047988, 0.0025671783, 0.0026832542, 0.0027860275, 0.0028324937, 0.0029160758, 0.0029897776, 0.0030240219, 0.0030892028, 0.003152734, 0.0032160166, 0.003247924, 0.0033116636, 0.0033745074, 0.0034052718, 0.0034652387, 0.0035235856, 0.0035819705, 0.0036119611, 0.0036749502, 0.0037434257, 0.0037798716, 0.003856491, 0.003936264, 0.0039763344, 0.004054754, 0.004128153, 0.004194275, 0.004224278, 0.004278469, 0.0043258592, 0.004347289, 0.0043862755, 0.0044201054, 0.004448068, 0.0044594198, 0.004476628, 0.0044860607, 0.0044880374, 0.004487397, 0.004482129, 0.0044782897, 0.004469074, 0.0044583175, 0.004445823, 0.0044387006, 0.00442156, 0.0043994426, 0.004386002, 0.004353292, 0.004311925, 0.00426202, 0.004234398, 0.004175196, 0.0041125086, 0.004080419, 0.004015347, 0.003949282, 0.003915718, 0.0038461827, 0.003771083, 0.0036871436, 0.0036409001, 0.0035381098, 0.0034200551, 0.003354961, 0.0032122892, 0.003052626, 0.0028755472, 0.0027804843, 0.0025784776, 0.0023690544, 0.0022700422, 0.0021267568, 0.002154312
0, 0, 0, 0, 0, 0, 0, 0, 0, 0, 0, 0, 0, 0, 0, 0, 0, 0, 0, 0, 0, 0, 0, 0, 0, 0, 0, 0, 0, 0, 0, 0, 0, 0, 0, 0, 0, 0, 0, 0, 0, 0, 0, 0, 0, 0, 0, 0, 0, 0, 0, 0, 0, 0, 0, 0, 0, 0, 0, 0, 0, 0, 0, 0, 0, 0, 0, 0.0023886906, 0.0017529108, 0.0016425613, 0.0016364363, 0.0017458972, 0.0018134889, 0.0019526356, 0.0020873037, 0.0022129072, 0.0022713921, 0.0023786477, 0.0024726088, 0.0025146215, 0.0025899296, 0.0026557306, 0.0026859033, 0.0027427995, 0.0027965668, 0.0028489744, 0.0028747127, 0.0029255608, 0.002975, 0.0029992347, 0.0030466951, 0.0030939577, 0.0031430516, 0.0031689166, 0.0032243787, 0.0032856313, 0.0033183922, 0.003387447, 0.0034594892, 0.0034958613, 0.0035671992, 0.0036346144, 0.0036960512, 0.003724278, 0.0037757715, 0.0038216761, 0.0038427592, 0.0038815804, 0.003916078, 0.0039458685, 0.003958651, 0.0039800727, 0.0039957585, 0.0040014437, 0.0040088343, 0.0040115784, 0.0040114396, 0.0040083784, 0.004001925, 0.0039920686, 0.0039859475, 0.003970895, 0.0039518834, 0.0039406004, 0.003913608, 0.003879898, 0.003839385, 0.003816925, 0.0037684443, 0.0037170134, 0.0036907014, 0.0036376338, 0.0035845381, 0.0035578955, 0.0035033224, 0.0034446083, 0.0033780732, 0.0033405311, 0.003254942, 0.003153382, 0.0030961218, 0.0029685583, 0.0028239687, 0.0026631497, 0.002577094, 0.0023950858, 0.002208023, 0.0021204022, 0.0019972515, 0.0020332914
0, 0, 0, 0, 0, 0, 0, 0, 0, 0, 0, 0, 0, 0, 0, 0, 0, 0, 0, 0, 0, 0, 0, 0, 0, 0, 0, 0, 0, 0, 0, 0, 0, 0, 0, 0, 0, 0, 0, 0, 0, 0, 0, 0, 0, 0, 0, 0, 0, 0, 0, 0, 0, 0, 0, 0, 0, 0, 0, 0, 0, 0, 0, 0, 0, 0, 0, 0, 0.0013345676, 0.0013179504, 0.0013813314, 0.0015082771, 0.0015769016, 0.0017098715, 0.001831481, 0.0019410816, 0.001991518, 0.0020836187, 0.0021643087, 0.0022005008, 0.0022654017, 0.0023213886, 0.0023466363, 0.002392937, 0.0024351072, 0.002474855, 0.0024940479, 0.002531492, 0.0025683688, 0.0025865901, 0.0026235539, 0.0026619595, 0.0027033852, 0.0027256405, 0.0027736537, 0.0028263866, 0.0028545887, 0.0029138543, 0.002976001, 0.0030076136, 0.0030705093, 0.0031314155, 0.0031884876, 0.0032153628, 0.003265851, 0.0033120993, 0.0033337404, 0.0033743158, 0.003411258, 0.003444509, 0.003459683, 0.0034871048, 0.00351046, 0.0035204547, 0.0035366977, 0.003547559, 0.0035509146, 0.0035533162, 0.003550237, 0.003542483, 0.003537165, 0.0035243498, 0.0035089417, 0.0035002653, 0.003480126, 0.0034553271, 0.0034252354, 0.0034082746, 0.003370973, 0.003330427, 0.0033094478, 0.0032671, 0.003224845, 0.003203816, 0.0031611084, 0.0031154468, 0.003062966, 0.003032809, 0.0029624375, 0.002876454, 0.002827138, 0.002715569, 0.002587892, 0.0024456277, 0.0023696835, 0.0022098562, 0.0020467986, 0.0019712062, 0.0018688276, 0.0019136023
0, 0, 0, 0, 0, 0, 0, 0, 0, 0, 0, 0, 0, 0, 0, 0, 0, 0, 0, 0, 0, 0, 0, 0, 0, 0, 0, 0, 0, 0, 0, 0, 0, 0, 0, 0, 0, 0, 0, 0, 0, 0, 0, 0, 0, 0, 0, 0, 0, 0, 0, 0, 0, 0, 0, 0, 0, 0, 0, 0, 0, 0, 0, 0, 0, 0, 0, 0, 0.0012995278, 0.001261316, 0.0012811315, 0.0013697605, 0.0014208473, 0.0015206303, 0.0016118741, 0.0016941288, 0.0017321297, 0.0018024559, 0.0018648433, 0.0018930297, 0.0019434495, 0.0019861495, 0.002004807, 0.0020376106, 0.0020660483, 0.0020922243, 0.0021047802, 0.002130204, 0.00215616, 0.0021695467, 0.002198213, 0.002229621, 0.0022643725, 0.0022830414, 0.002322701, 0.002365373, 0.002387768, 0.0024347089, 0.0024845686, 0.0025104203, 0.0025634763, 0.0026171799, 0.0026702806, 0.0026962382, 0.0027466875, 0.0027946664, 0.0028175446, 0.002861355, 0.0029021723, 0.0029402287, 0.0029583597, 0.0029929723, 0.0030243786, 0.0030387978, 0.0030637018, 0.0030822628, 0.0030888387, 0.0030963128, 0.0030969074, 0.0030923868, 0.003088846, 0.0030805212, 0.003071433, 0.0030667062, 0.0030559667, 0.0030423133, 0.0030241155, 0.0030130993, 0.0029872651, 0.0029569685, 0.0029406713, 0.0029068275, 0.0028723301, 0.0028550897, 0.0028202601, 0.002783273, 0.0027408565, 0.0027164593, 0.002659083, 0.0025878975, 0.0025466383, 0.00245251, 0.0023438174, 0.0022222216, 0.0021572511, 0.0020208757, 0.0018822886, 0.0018187321, 0.001737007, 0.0017900191
0, 0, 0, 0, 0, 0, 0, 0, 0, 0, 0, 0, 0, 0, 0, 0, 0, 0, 0, 0, 0, 0, 0, 0, 0, 0, 0, 0, 0, 0, 0, 0, 0, 0, 0, 0, 0, 0, 0, 0, 0, 0, 0, 0, 0, 0, 0, 0, 0, 0, 0, 0, 0, 0, 0, 0, 0, 0, 0, 0, 0, 0, 0, 0, 0, 0, 0, 0, 0.001518341, 0.001399144, 0.0012848872, 0.0012865692, 0.0013060481, 0.0013557322, 0.0014076303, 0.0014572889, 0.0014810845, 0.0015263137, 0.0015674096, 0.0015860567, 0.0016189647, 0.0016453832, 0.0016563596, 0.0016744403, 0.0016892911, 0.0017030496, 0.0017102398, 0.0017258952, 0.0017439954, 0.0017541044, 0.0017767692, 0.0018025825, 0.0018311025, 0.001846106, 0.0018766344, 0.0019078379, 0.0019237858, 0.001957105, 0.0019934631, 0.002012934, 0.0020549991, 0.0021004395, 0.002148566, 0.0021732533, 0.0022227466, 0.0022716902, 0.0022955178, 0.0023419252, 0.0023862757, 0.0024290183, 0.0024499197, 0.002490819, 0.0025295513, 0.002547676, 0.0025797386, 0.0026047886, 0.0026142513, 0.0026270938, 0.0026329341, 0.0026344277, 0.0026344776, 0.0026345432, 0.0026359083, 0.002636936, 0.0026389777, 0.0026389034, 0.0026342266, 0.0026296445, 0.0026153745, 0.0025947478, 0.0025824488, 0.0025550344, 0.0025255382, 0.0025104405, 0.0024798568, 0.002447921, 0.0024123522, 0.002392401, 0.0023461801, 0.0022894172, 0.0022564125, 0.0021808487, 0.0020927007, 0.0019931274, 0.0019396301, 0.0018266947, 0.0017118399, 0.0016598618, 0.0015977981, 0.0016584075
0, 0, 0, 0, 0, 0, 0, 0, 0, 0, 0, 0, 0, 0, 0, 0, 0, 0, 0, 0, 0, 0, 0, 0, 0, 0, 0, 0, 0, 0, 0, 0, 0, 0, 0, 0, 0, 0, 0, 0, 0, 0, 0, 0, 0, 0, 0, 0, 0, 0, 0, 0, 0, 0, 0, 0, 0, 0, 0, 0, 0, 0, 0, 0, 0, 0, 0, 0, 0.0018083242, 0.0015400508, 0.0012550793, 0.0011727647, 0.0011642581, 0.0011709948, 0.0011887898, 0.0012095164, 0.0012202739, 0.0012415112, 0.0012612649, 0.0012701317, 0.0012847764, 0.0012951395, 0.0012987199, 0.0013034946, 0.0013071132, 0.0013119084, 0.0013153601, 0.0013247966, 0.0013380961, 0.0013460818, 0.0013645308, 0.0013855427, 0.0014077281, 0.0014188371, 0.0014399821, 0.0014599968, 0.0014698046, 0.0014902677, 0.0015138637, 0.0015273143, 0.001558338, 0.0015948433, 0.0016362073, 0.0016582398, 0.0017039144, 0.001750529, 0.0017737789, 0.0018196371, 0.0018649081, 0.0019096831, 0.0019321009, 0.0019767233, 0.0020199623, 0.0020403685, 0.002077282, 0.002107323, 0.0021194788, 0.0021383092, 0.0021517428, 0.0021628833, 0.0021685003, 0.002181388, 0.0021970323, 0.0022056694, 0.0022232183, 0.0022384806, 0.0022483007, 0.0022503685, 0.0022478683, 0.002236626, 0.002228018, 0.0022062112, 0.0021804005, 0.0021666475, 0.0021385609, 0.0021098268, 0.0020796398, 0.0020635277, 0.0020277097, 0.001985127, 0.001960522, 0.0019038115, 0.001836605, 0.0017591789, 0.0017169584, 0.0016266886, 0.0015344399, 0.0014933933, 0.0014500188, 0.001517561
0, 0, 0, 0, 0, 0, 0, 0, 0, 0, 0, 0, 0, 0, 0, 0, 0, 0, 0, 0, 0, 0, 0, 0, 0, 0, 0, 0, 0, 0, 0, 0, 0, 0, 0, 0, 0, 0, 0, 0, 0, 0, 0, 0, 0, 0, 0, 0, 0, 0, 0, 0, 0, 0, 0, 0, 0, 0, 0, 0, 0, 0, 0, 0, 0, 0, 0, 0, 0.0016701437, 0.0013930238, 0.0010874035, 0.0009836057, 0.0009636046, 0.00094713544, 0.00094218476, 0.0009408876, 0.0009409574, 0.0009415378, 0.00094215956, 0.0009420439, 0.0009405456, 0.00093695073, 0.0009345338, 0.0009292297, 0.00092511694, 0.0009242677, 0.0009254584, 0.0009312006, 0.00094116764, 0.000947429, 0.0009618611, 0.0009778502, 0.0009934327, 0.0010005805, 0.0010131143, 0.0010235597, 0.0010284516, 0.0010389567, 0.0010525984, 0.0010611952, 0.0010826958, 0.0011101376, 0.0011430993, 0.0011611427, 0.0011997977, 0.0012401736, 0.0012606515, 0.0013019699, 0.0013439177, 0.0013869723, 0.0014089466, 0.0014533962, 0.0014974166, 0.0015185963, 0.0015576428, 0.0015912668, 0.001605877, 0.0016315774, 0.001654681, 0.001678137, 0.001690803, 0.0017190495, 0.0017511195, 0.0017680532, 0.0018019333, 0.0018327489, 0.0018568337, 0.001865524, 0.0018748806, 0.0018733974, 0.0018687674, 0.0018532894, 0.0018319908, 0.0018200773, 0.0017952593, 0.0017703832, 0.00174599, 0.0017338365, 0.0017084653, 0.0016796299, 0.0016630827, 0.0016244634, 0.0015772128, 0.0015209104, 0.0014894143, 0.0014207775, 0.001350382, 0.0013200371, 0.0012951383, 0.001369193
0, 0, 0, 0, 0, 0, 0, 0, 0, 0, 0, 0, 0, 0, 0, 0, 0, 0, 0, 0, 0, 0, 0, 0, 0, 0, 0, 0, 0, 0, 0, 0, 0, 0, 0, 0, 0, 0, 0, 0, 0, 0, 0, 0, 0, 0, 0, 0, 0, 0, 0, 0, 0, 0, 0, 0, 0, 0, 0, 0, 0, 0, 0, 0, 0, 0, 0, 0, 0, 0.0010055779, 0.0008522304, 0.00075722265, 0.00073197304, 0.0007008264, 0.0006789466, 0.0006594291, 0.00065019476, 0.000632842, 0.0006165401, 0.0006087615, 0.0005935158, 0.0005787235, 0.00057171134, 0.00055903924, 0.00054960564, 0.0005446009, 0.00054396107, 0.0005459869, 0.0005518946, 0.0005558793, 0.00056510844, 0.00057497394, 0.0005837752, 0.0005873146, 0.0005925661, 0.0005960241, 0.0005975337, 0.0006015433, 0.000608435, 0.00061353954, 0.00062770775, 0.00064694, 0.000671076, 0.000684681, 0.0007143807, 0.0007461225, 0.0007626277, 0.0007964196, 0.0008319427, 0.00086974225, 0.00088944426, 0.00093029527, 0.0009718367, 0.0009922966, 0.0010315541, 0.0010677056, 0.0010847276, 0.0011176018, 0.0011509148, 0.0011871395, 0.0012068555, 0.0012498829, 0.0012968323, 0.0013211189, 0.0013692443, 0.0014136339, 0.0014506067, 0.0014654611, 0.0014866788, 0.001495951, 0.0014962348, 0.0014895325, 0.001475642, 0.0014670265, 0.0014484097, 0.0014300245, 0.0014133346, 0.0014057279, 0.001391208, 0.001375536, 0.001366413, 0.0013441793, 0.0013151385, 0.0012782929, 0.0012568699, 0.0012091032, 0.00116043, 0.0011409695, 0.0011349353, 0.0012157889
0, 0, 0, 0, 0, 0, 0, 0, 0, 0, 0, 0, 0, 0, 0, 0, 0, 0, 0, 0, 0, 0, 0, 0, 0, 0, 0, 0, 0, 0, 0, 0, 0, 0, 0, 0, 0, 0, 0, 0, 0, 0, 0, 0, 0, 0, 0, 0, 0, 0, 0, 0, 0, 0, 0, 0, 0, 0, 0, 0, 0, 0, 0, 0, 0, 0, 0, 0, 0, 0, 0.0004427326, 0.0003492288, 0.00031058522, 0.00024457258, 0.00018488847, 0.00012758088, 9.9846475e-05, 4.725778e-05, -6.4509635e-07, -2.2490054e-05, -6.241557e-05, -9.668069e-05, -0.00011178189, -0.00013810671, -0.00015915516, -0.00017569985, -0.00018261182, -0.0001942863, -0.0002033685, -0.00020703931, -0.00021312985, -0.00021826322, -0.00022331468, -0.00022597334, -0.00023177458, -0.00023809582, -0.00024121348, -0.0002463748, -0.0002496208, -0.0002502258, -0.0002489587, -0.00024399273, -0.00023507707, -0.00022914809, -0.00021456392, -0.00019734223, -0.00018799477, -0.00016793334, -0.00014575034, -0.00012073193, -0.00010700169, -7.710883e-05, -4.4092518e-05, -2.6574688e-05, 1.0379684e-05, 4.9707054e-05, 7.0372924e-05, 0.00011427288, 0.00016220623, 0.00021464507, 0.00024249044, 0.00030081472, 0.00036186408, 0.0003927319, 0.00045406248, 0.0005129833, 0.0005672765, 0.00059201865, 0.000635569, 0.000670075, 0.00068385527, 0.0007046311, 0.0007179055, 0.0007224347, 0.0007291014, 0.000734534, 0.00074091234, 0.00074466126, 0.00075324246, 0.00076218543, 0.00076628744, 0.0007726925, 0.00077590084, 0.0007753452, 0.000773672, 0.0007686994, 0.000766522, 0.0007706203, 0.0008059796, 0.0009029494
0, 0, 0, 0, 0, 0, 0, 0, 0, 0, 0, 0, 0, 0, 0, 0, 0, 0, 0, 0, 0, 0, 0, 0, 0, 0, 0, 0, 0, 0, 0, 0, 0, 0, 0, 0, 0, 0, 0, 0, 0, 0, 0, 0, 0, 0, 0, 0, 0, 0, 0, 0, 0, 0, 0, 0, 0, 0, 0, 0, 0, 0, 0, 0, 0, 0, 0, 0, 0, 0, 0.0002932925, 0.00019440334, 0.00014737777, 6.0538383e-05, -2.0620835e-05, -9.812098e-05, -0.00013536218, -0.00020571546, -0.00026937207, -0.00029843804, -0.00035086073, -0.00039582266, -0.00041555907, -0.00045071114, -0.00048057837, -0.0005066372, -0.00051861495, -0.00054067647, -0.0005600844, -0.0005686456, -0.0005839156, -0.0005971792, -0.000609227, -0.00061508326, -0.00062696805, -0.00063917367, -0.00064530905, -0.0006570435, -0.0006675432, -0.00067187357, -0.00067832624, -0.0006810382, -0.00067908893, -0.0006763343, -0.0006674951, -0.00065501715, -0.0006478227, -0.0006318773, -0.0006138904, -0.00059329014, -0.000581851, -0.0005563288, -0.00052691833, -0.00051069265, -0.00047513912, -0.00043548172, -0.00041415353, -0.0003684108, -0.00031886998, -0.00026589472, -0.00023824562, -0.00018118887, -0.00012242941, -9.251488e-05, -3.2135813e-05, 2.8155617e-05, 8.7185144e-05, 0.00011568182, 0.00016957324, 0.00021776171, 0.00023941365, 0.00027738503, 0.00030881213, 0.00032248764, 0.00034675671, 0.00036853395, 0.00038950585, 0.00040002353, 0.00042136322, 0.00044281472, 0.0004535235, 0.00047447984, 0.00049469515, 0.00051410426, 0.0005235374, 0.000542861, 0.0005668433, 0.0005841007, 0.00064255367, 0.00074893615
0, 0, 0, 0, 0, 0, 0, 0, 0, 0, 0, 0, 0, 0, 0, 0, 0, 0, 0, 0, 0, 0, 0, 0, 0, 0, 0, 0, 0, 0, 0, 0, 0, 0, 0, 0, 0, 0, 0, 0, 0, 0, 0, 0, 0, 0, 0, 0, 0, 0, 0, 0, 0, 0, 0, 0, 0, 0, 0, 0, 0, 0, 0, 0, 0, 0, 0, 0, 0, 0, 0.00018766799, 7.585964e-05, 1.8974302e-05, -8.9544556e-05, -0.00019190743, -0.00028901556, -0.00033546536, -0.00042292013, -0.000502153, -0.00053837535, -0.00060405425, -0.0006610701, -0.00068655243, -0.00073272147, -0.0007738999, -0.0008120165, -0.00083005737, -0.0008643945, -0.00089540257, -0.0009095042, -0.00093465357, -0.0009565985, -0.0009766017, -0.0009861069, -0.0010052943, -0.0010249976, -0.0010350427, -0.0010551541, -0.0010743774, -0.0010832355, -0.0010985503, -0.0011096017, -0.0011150026, -0.0011155484, -0.0011124198, -0.0011046362, -0.0010994574, -0.0010871647, -0.0010726609, -0.0010556721, -0.0010459707, -0.001023897, -0.0009972618, -0.0009821455, -0.00094806193, -0.00090921676, -0.0008881314, -0.00084344746, -0.0007959239, -0.00074656546, -0.0007213226, -0.0006696263, -0.00061621156, -0.00058858003, -0.00053109153, -0.00047055085, -0.00040758034, -0.00037557702, -0.000312004, -0.00025079207, -0.00022163834, -0.00016705095, -0.000117701944, -9.492139e-05, -5.2651092e-05, -1.3795916e-05, 2.2894012e-05, 4.082706e-05, 7.626238e-05, 0.00011199721, 0.00013024091, 0.00016795505, 0.00020770657, 0.00024987783, 0.0002717864, 0.00031776697, 0.00036992173, 0.00040109694, 0.0004836122, 0.00059997366
0, 0, 0, 0, 0, 0, 0, 0, 0, 0, 0, 0, 0, 0, 0, 0, 0, 0, 0, 0, 0, 0, 0, 0, 0, 0, 0, 0, 0, 0, 0, 0, 0, 0, 0, 0, 0, 0, 0, 0, 0, 0, 0, 0, 0, 0, 0, 0, 0, 0, 0, 0, 0, 0, 0, 0, 0, 0, 0, 0, 0, 0, 0, 0, 0, 0, 0, 0, 0, 0, 0.00010761069, -1.2116835e-05, -7.61372e-05, -0.00020436833, -0.00032771123, -0.00044417934, -0.0004994848, -0.0006037045, -0.000698588, -0.0007421838, -0.00082190573, -0.00089214474, -0.00092433195, -0.0009837426, -0.0010384656, -0.0010905337, -0.0011156852, -0.0011637247, -0.0012078412, -0.0012280404, -0.0012647294, -0.0012969313, -0.0013262188, -0.001340157, -0.0013677911, -0.0013959676, -0.0014102805, -0.0014391505, -0.0014673825, -0.0014807489, -0.0015048144, -0.001524136, -0.0015370216, -0.0015409087, -0.001544001, -0.001541756, -0.00153903, -0.0015312952, -0.0015209035, -0.0015078043, -0.0015000051, -0.0014812823, -0.0014575759, -0.0014436223, -0.0014116566, -0.0013746612, -0.0013546592, -0.0013127265, -0.0012692984, -0.0012251508, -0.0012028804, -0.001157329, -0.0011091126, -0.0010834645, -0.0010279319, -0.0009661485, -0.0008987893, -0.00086351513, -0.0007914094, -0.000719368, -0.0006841102, -0.0006161385, -0.00055216247, -0.0005217156, -0.00046363275, -0.00040873137, -0.0003561846, -0.00033040924, -0.00027912692, -0.00022665306, -0.00019943992, -0.00014204957, -7.999378e-05, -1.2777066e-05, 2.2516202e-05, 9.656888e-05, 0.00017771371, 0.00022303125, 0.00032954715, 0.0004557521
0, 0, 0, 0, 0, 0, 0, 0, 0, 0, 0, 0, 0, 0, 0, 0, 0, 0, 0, 0, 0, 0, 0, 0, 0, 0, 0, 0, 0, 0, 0, 0, 0, 0, 0, 0, 0, 0, 0, 0, 0, 0, 0, 0, 0, 0, 0, 0, 0, 0, 0, 0, 0, 0, 0, 0, 0, 0, 0, 0, 0, 0, 0, 0, 0, 0, 0, 0, 0, 0, 7.826854e-06, -8.097532e-05, -0.00014620647, -0.00028989406, -0.00043402312, -0.0005703545, -0.00063495437, -0.0007562041, -0.0008665701, -0.0009175983, -0.0010117667, -0.0010963621, -0.0011355955, -0.0012092912, -0.0012787484, -0.0013455774, -0.0013781118, -0.0014408082, -0.0014992818, -0.0015265294, -0.0015766068, -0.0016212354, -0.001661508, -0.0016805482, -0.0017175827, -0.0017541507, -0.0017725156, -0.0018091714, -0.0018449823, -0.0018621066, -0.001893623, -0.0019197614, -0.0019392095, -0.0019463024, -0.001955684, -0.001959532, -0.0019598403, -0.0019578594, -0.001952912, -0.001944963, -0.0019396279, -0.001925435, -0.001905761, -0.0018935684, -0.0018647383, -0.001830567, -0.0018120825, -0.0017733068, -0.0017335569, -0.0016935251, -0.0016733211, -0.0016315562, -0.0015858392, -0.0015607729, -0.0015046785, -0.0014403281, -0.0013684594, -0.0013304013, -0.0012517931, -0.0011723082, -0.0011330836, -0.0010563794, -0.0009824795, -0.00094654434, -0.0008763464, -0.00080783403, -0.0007402351, -0.0007064023, -0.0006378944, -0.000566453, -0.0005290737, -0.00044971277, -0.0003635939, -0.00027071347, -0.00022197646, -0.000120128985, -1.0759736e-05, 4.8196423e-05, 0.00017794529, 0.00031333475
0, 0, 0, 0, 0, 0, 0, 0, 0, 0, 0, 0, 0, 0, 0, 0, 0, 0, 0, 0, 0, 0, 0, 0, 0, 0, 0, 0, 0, 0, 0, 0, 0, 0, 0, 0, 0, 0, 0, 0, 0, 0, 0, 0, 0, 0, 0, 0, 0, 0, 0, 0, 0, 0, 0, 0, 0, 0, 0, 0, 0, 0, 0, 0, 0, 0, 0, 0, 0, 0, -8.572748e-05, -0.00014492047, -0.00020666565, -0.00036384325, -0.00052955706, -0.0006860944, -0.00075971574, -0.00089717377, -0.0010221836, -0.0010804365, -0.0011884506, -0.0012868742, -0.0013330145, -0.0014204811, -0.0015038799, -0.0015845643, -0.0016240414, -0.0017006673, -0.0017733312, -0.0018077561, -0.0018719559, -0.0019301749, -0.001982767, -0.0020073515, -0.00205412, -0.0020987436, -0.0021206771, -0.0021637047, -0.0022053004, -0.0022251646, -0.0022621057, -0.0022936151, -0.0023185075, -0.002328465, -0.002343674, -0.0023539346, -0.0023576226, -0.002362288, -0.0023641097, -0.0023628583, -0.002360785, -0.0023529765, -0.0023390318, -0.0023293942, -0.002305094, -0.0022746208, -0.0022575916, -0.0022212034, -0.002183044, -0.0021441167, -0.0021241556, -0.0020821043, -0.0020351387, -0.0020090293, -0.0019502884, -0.0018826072, -0.0018070478, -0.0017670948, -0.0016846494, -0.0016012724, -0.0015599562, -0.0014783868, -0.0013985606, -0.0013590065, -0.0012800703, -0.001200438, -0.0011191649, -0.0010775845, -0.000991554, -0.00090032443, -0.0008522283, -0.0007503481, -0.00064044667, -0.00052286836, -0.00046148372, -0.0003336696, -0.00019796666, -0.0001261652, 2.5480304e-05, 0.00016949288
0, 0, 0, 0, 0, 0, 0, 0, 0, 0, 0, 0, 0, 0, 0, 0, 0, 0, 0, 0, 0, 0, 0, 0, 0, 0, 0, 0, 0, 0, 0, 0, 0, 0, 0, 0, 0, 0, 0, 0, 0, 0, 0, 0, 0, 0, 0, 0, 0, 0, 0, 0, 0, 0, 0, 0, 0, 0, 0, 0, 0, 0, 0, 0, 0, 0, 0, 0, 0, 0, 0, -0.00021326441, -0.0002801154, -0.00045521598, -0.0006399197, -0.00081301, -0.00089403486, -0.0010450723, -0.0011829366, -0.0012472566, -0.001367618, -0.0014779026, -0.001529916, -0.0016291603, -0.0017238986, -0.0018156423, -0.0018605179, -0.0019484031, -0.0020327398, -0.0020732684, -0.0021502597, -0.0022211485, -0.0022858127, -0.0023159243, -0.002372345, -0.002425079, -0.002450368, -0.0024992626, -0.0025458664, -0.0025681392, -0.0026096352, -0.0026460236, -0.002676274, -0.0026891346, -0.0027106698, -0.0027278794, -0.0027352516, -0.0027475446, -0.002757179, -0.0027638676, -0.0027657826, -0.0027658145, -0.0027590005, -0.0027526894, -0.0027338339, -0.0027071713, -0.0026913218, -0.0026557061, -0.0026165703, -0.0025750261, -0.00255331, -0.0025070691, -0.0024557556, -0.0024274406, -0.0023648439, -0.002294035, -0.0022161703, -0.0021752608, -0.0020910387, -0.0020056127, -0.0019629789, -0.0018781511, -0.0017937022, -0.0017512314, -0.0016649638, -0.0015757193, -0.0014821474, -0.0014333694, -0.0013309591, -0.0012209127, -0.0011627319, -0.0010397285, -0.00090796716, -0.0007680741, -0.0006953402, -0.000544193, -0.0003843995, -0.00030069723, -0.00012851489, 2.3664292e-05
0, 0, 0, 0, 0, 0, 0, 0, 0, 0, 0, 0, 0, 0, 0, 0, 0, 0, 0, 0, 0, 0, 0, 0, 0, 0, 0, 0, 0, 0, 0, 0, 0, 0, 0, 0, 0, 0, 0, 0, 0, 0, 0, 0, 0, 0, 0, 0, 0, 0, 0, 0, 0, 0, 0, 0, 0, 0, 0, 0, 0, 0, 0, 0, 0, 0, 0, 0, 0, 0, 0, -0.0003704014, -0.00042462096, -0.0005901015, -0.0007779885, -0.0009594008, -0.001045211, -0.0012065966, -0.0013552401, -0.001425052, -0.0015558907, -0.0016762785, -0.0017330878, -0.0018413654, -0.0019442611, -0.0020437152, -0.0020923172, -0.0021876122, -0.0022801366, -0.0023251034, -0.0024116903, -0.0024930104, -0.0025682123, -0.0026034324, -0.0026694012, -0.0027305665, -0.0027596406, -0.0028154626, -0.0028681287, -0.0028933566, -0.0029407518, -0.002983302, -0.0030202905, -0.0030367458, -0.0030660448, -0.003091352, -0.0031027526, -0.0031235507, -0.0031417094, -0.0031568443, -0.003162967, -0.0031710183, -0.00317156, -0.0031684502, -0.0031547805, -0.0031310068, -0.0031156433, -0.003078968, -0.0030362017, -0.0029890172, -0.002964042, -0.002911138, -0.0028534713, -0.0028224767, -0.0027555681, -0.002682062, -0.0026026997, -0.0025611944, -0.002475473, -0.0023876373, -0.0023433012, -0.0022539732, -0.0021634307, -0.002117406, -0.0020230056, -0.0019239606, -0.001818831, -0.001763464, -0.0016463628, -0.00151978, -0.0014528316, -0.001311582, -0.0011610597, -0.0010020618, -0.0009195456, -0.00074796885, -0.0005665465, -0.00047191244, -0.0002805348, -0.00012072362
0, 0, 0, 0, 0, 0, 0, 0, 0, 0, 0, 0, 0, 0, 0, 0, 0, 0, 0, 0, 0, 0, 0, 0, 0, 0, 0, 0, 0, 0, 0, 0, 0, 0, 0, 0, 0, 0, 0, 0, 0, 0, 0, 0, 0, 0, 0, 0, 0, 0, 0, 0, 0, 0, 0, 0, 0, 0, 0, 0, 0, 0, 0, 0, 0, 0, 0, 0, 0, 0, 0, -0.0005997193, -0.0006190035, -0.0007437163, -0.0009221535, -0.0011077884, -0.0011979403, -0.0013695708, -0.0015291116, -0.0016043063, -0.0017458139, -0.0018759642, -0.0019371506, -0.0020533842, -0.002163272, -0.002268558, -0.0023199723, -0.0024210429, -0.002519748, -0.0025682123, -0.002662546, -0.0027525872, -0.002837013, -0.0028769735, -0.002952491, -0.0030227853, -0.0030562687, -0.0031205735, -0.0031814354, -0.0032106196, -0.0032660163, -0.0033168078, -0.0033623315, -0.0033831692, -0.003421473, -0.0034556012, -0.0034714206, -0.003500709, -0.0035269433, -0.003549742, -0.003559494, -0.0035741874, -0.0035804263, -0.0035796154, -0.0035690875, -0.0035463313, -0.0035304995, -0.0034908678, -0.003442715, -0.0033884277, -0.0033595096, -0.0032987313, -0.0032339536, -0.003199942, -0.0031284713, -0.003052022, -0.002970586, -0.0029280386, -0.0028396463, -0.0027473753, -0.0027000064, -0.0026031684, -0.0025035439, -0.002452578, -0.0023476079, -0.0022374075, -0.0021204138, -0.0020588161, -0.0019284936, -0.0017879826, -0.0017138174, -0.0015577531, -0.0013922191, -0.0012175601, -0.0011268472, -0.0009378939, -0.0007375309, -0.0006332032, -0.00042444014, -0.00025789902
0, 0, 0, 0, 0, 0, 0, 0, 0, 0, 0, 0, 0, 0, 0, 0, 0, 0, 0, 0, 0, 0, 0, 0, 0, 0, 0, 0, 0, 0, 0, 0, 0, 0, 0, 0, 0, 0, 0, 0, 0, 0, 0, 0, 0, 0, 0, 0, 0, 0, 0, 0, 0, 0, 0, 0, 0, 0, 0, 0, 0, 0, 0, 0, 0, 0, 0, 0, 0, 0, 0, -0.00081765075, -0.00077502226, -0.00085275574, -0.0010289586, -0.0012260696, -0.0013232899, -0.0015097277, -0.0016835694, -0.001765587, -0.0019200037, -0.0020619947, -0.0021287978, -0.0022551762, -0.0023740674, -0.0024876965, -0.0025430429, -0.0026520737, -0.0027589637, -0.002811645, -0.002914968, -0.0030143284, -0.003108429, -0.0031532224, -0.003238376, -0.0033183116, -0.0033566009, -0.0034302438, -0.0035003005, -0.003533956, -0.0035981324, -0.0036576812, -0.0037119607, -0.0037371644, -0.0037839217, -0.0038261588, -0.0038456852, -0.0038819017, -0.0039143367, -0.003942476, -0.003954396, -0.0039726794, -0.003981335, -0.003981253, -0.0039711944, -0.003947311, -0.003930229, -0.0038866934, -0.0038327773, -0.0037714108, -0.003738692, -0.003670192, -0.0035982092, -0.0035610385, -0.0034842638, -0.0034037565, -0.0033186935, -0.0032740708, -0.0031807167, -0.0030813445, -0.0030295423, -0.0029221233, -0.0028102614, -0.0027528224, -0.0026346692, -0.0025114915, -0.0023818074, -0.002314022, -0.0021716664, -0.0020194217, -0.0019394525, -0.0017719971, -0.0015948134, -0.0014078534, -0.0013104782, -0.0011070203, -0.0008904469, -0.0007777147, -0.0005540594, -0.00038207826
0, 0, 0, 0, 0, 0, 0, 0, 0, 0, 0, 0, 0, 0, 0, 0, 0, 0, 0, 0, 0, 0, 0, 0, 0, 0, 0, 0, 0, 0, 0, 0, 0, 0, 0, 0, 0, 0, 0, 0, 0, 0, 0, 0, 0, 0, 0, 0, 0, 0, 0, 0, 0, 0, 0, 0, 0, 0, 0, 0, 0, 0, 0, 0, 0, 0, 0, 0, 0, 0, 0, -0.000799897, -0.00079530396, -0.0008863184, -0.0010770657, -0.0012951727, -0.0014031379, -0.0016095605, -0.0018016705, -0.0018925262, -0.0020638218, -0.0022224134, -0.0022972517, -0.0024394675, -0.0025734126, -0.0027014953, -0.0027638925, -0.0028864315, -0.0030063076, -0.0030654133, -0.0031809325, -0.0032919487, -0.003397065, -0.0034470982, -0.0035424419, -0.0036319748, -0.003674874, -0.0037571841, -0.0038352923, -0.0038726933, -0.0039440505, -0.0040103034, -0.004070983, -0.0040992154, -0.004151792, -0.0041990727, -0.0042209188, -0.004260963, -0.0042961845, -0.004325803, -0.0043379627, -0.004355941, -0.004363328, -0.004362464, -0.004350579, -0.004324456, -0.0043060016, -0.0042591314, -0.0042008506, -0.0041340124, -0.0040982678, -0.004023177, -0.003944505, -0.0039041268, -0.0038213443, -0.0037352098, -0.0036443362, -0.0035965736, -0.003495547, -0.0033865408, -0.0033290838, -0.0032088782, -0.0030827278, -0.0030177901, -0.0028845952, -0.0027469588, -0.0026040124, -0.0025301245, -0.0023766574, -0.0022145894, -0.002130011, -0.0019537045, -0.0017675364, -0.0015707698, -0.0014680097, -0.0012524361, -0.0010221354, -0.00090220914, -0.000666059, -0.000489962
0, 0, 0, 0, 0, 0, 0, 0, 0, 0, 0, 0, 0, 0, 0, 0, 0, 0, 0, 0, 0, 0, 0, 0, 0, 0, 0, 0, 0, 0, 0, 0, 0, 0, 0, 0, 0, 0, 0, 0, 0, 0, 0, 0, 0, 0, 0, 0, 0, 0, 0, 0, 0, 0, 0, 0, 0, 0, 0, 0, 0, 0, 0, 0, 0, 0, 0, 0, 0, 0, 0, -0.0010109178, -0.00088954787, -0.0008911714, -0.0010843638, -0.0013236044, -0.0014427978, -0.0016710217, -0.0018843347, -0.0019856677, -0.002178596, -0.0023590738, -0.002445242, -0.0026099172, -0.0027660015, -0.0029155503, -0.002988198, -0.003129805, -0.003267151, -0.003334317, -0.0034645656, -0.0035887335, -0.0037055789, -0.0037611155, -0.0038664588, -0.00396488, -0.0040117092, -0.0041009174, -0.0041844975, -0.0042242063, -0.0042994497, -0.004368788, -0.004432216, -0.0044617453, -0.0045163613, -0.004565236, -0.004587525, -0.0046276446, -0.0046617207, -0.0046887994, -0.004699346, -0.0047133816, -0.004716696, -0.0047139744, -0.004699111, -0.004670925, -0.004651799, -0.0046036355, -0.004543697, -0.0044742473, -0.004436619, -0.004357025, -0.0042728046, -0.0042293295, -0.004140102, -0.0040469747, -0.00394834, -0.003896315, -0.003785498, -0.0036650042, -0.0036011955, -0.0034671405, -0.0033256991, -0.0032528741, -0.0031040565, -0.0029516006, -0.0027953254, -0.0027155296, -0.0025517214, -0.0023810156, -0.002292646, -0.0021090363, -0.0019153146, -0.0017102045, -0.00160283, -0.0013767786, -0.0011345, -0.0010084057, -0.0007615819, -0.00058261584
0, 0, 0, 0, 0, 0, 0, 0, 0, 0, 0, 0, 0, 0, 0, 0, 0, 0, 0, 0, 0, 0, 0, 0, 0, 0, 0, 0, 0, 0, 0, 0, 0, 0, 0, 0, 0, 0, 0, 0, 0, 0, 0, 0, 0, 0, 0, 0, 0, 0, 0, 0, 0, 0, 0, 0, 0, 0, 0, 0, 0, 0, 0, 0, 0, 0, 0, 0, 0, 0, 0, 0, -0.00077876705, -0.0008684829, -0.0010828858, -0.0013378055, -0.0014660519, -0.0017145147, -0.0019505859, -0.002064117, -0.002282264, -0.00248924, -0.0025887988, -0.0027805876, -0.002963304, -0.0031377368, -0.0032220227, -0.0033849769, -0.0035406393, -0.0036156685, -0.0037601583, -0.0038962874, -0.004023549, -0.0040839086, -0.004197943, -0.004303703, -0.0043536145, -0.004447703, -0.004534383, -0.0045750528, -0.0046512196, -0.0047209193, -0.0047844425, -0.0048139277, -0.0048682285, -0.0049161795, -0.0049376795, -0.004975201, -0.0050052055, -0.005026968, -0.005034481, -0.0050422465, -0.0050399816, -0.005034923, -0.005016798, -0.0049876347, -0.004968601, -0.004921503, -0.004862788, -0.004793607, -0.004755518, -0.0046735997, -0.004585282, -0.004539181, -0.0044435076, -0.0043428317, -0.004235407, -0.0041784635, -0.004056924, -0.0039244383, -0.0038541819, -0.0037061388, -0.0035498277, -0.0034693403, -0.0033051337, -0.0031380935, -0.0029687968, -0.002883208, -0.0027093042, -0.0025301932, -0.0024380567, -0.002247314, -0.002046436, -0.0018336119, -0.0017219656, -0.001486488, -0.0012335628, -0.0011021184, -0.0008461524, -0.0006652102
0, 0, 0, 0, 0, 0, 0, 0, 0, 0, 0, 0, 0, 0, 0, 0, 0, 0, 0, 0, 0, 0, 0, 0, 0, 0, 0, 0, 0, 0, 0, 0, 0, 0, 0, 0, 0, 0, 0, 0, 0, 0, 0, 0, 0, 0, 0, 0, 0, 0, 0, 0, 0, 0, 0, 0, 0, 0, 0, 0, 0, 0, 0, 0, 0, 0, 0, 0, 0, 0, 0, 0, -0.0009581414, -0.00094747066, -0.0011113125, -0.001361827, -0.001496532, -0.0017660707, -0.002028228, -0.0021554292, -0.002401425, -0.0026361311, -0.0027494817, -0.0029681674, -0.0031764784, -0.0033742043, -0.0034690178, -0.0036505314, -0.0038210908, -0.0039024595, -0.0040574814, -0.004202148, -0.004336498, -0.0044000847, -0.004520138, -0.004630971, -0.0046830056, -0.004780199, -0.0048685726, -0.004909624, -0.0049859243, -0.005055419, -0.0051186695, -0.005148, -0.0052018096, -0.0052485825, -0.005269024, -0.005303299, -0.005328469, -0.0053439797, -0.00534806, -0.00534895, -0.00534078, -0.005333416, -0.005312292, -0.005282312, -0.0052636685, -0.0052185347, -0.0051622726, -0.0050947084, -0.005056907, -0.004974041, -0.004882859, -0.0048345667, -0.0047332663, -0.0046255584, -0.0045098024, -0.0044482467, -0.004316702, -0.004173288, -0.00409717, -0.0039365734, -0.0037667926, -0.003679236, -0.0035007647, -0.0033197533, -0.0031375901, -0.003046017, -0.002861294, -0.0026726613, -0.0025761456, -0.0023773063, -0.0021688095, -0.0019484033, -0.0018327548, -0.0015887389, -0.0013266323, -0.0011904966, -0.0009269046, -0.0007446465
0, 0, 0, 0, 0, 0, 0, 0, 0, 0, 0, 0, 0, 0, 0, 0, 0, 0, 0, 0, 0, 0, 0, 0, 0, 0, 0, 0, 0, 0, 0, 0, 0, 0, 0, 0, 0, 0, 0, 0, 0, 0, 0, 0, 0, 0, 0, 0, 0, 0, 0, 0, 0, 0, 0, 0, 0, 0, 0, 0, 0, 0, 0, 0, 0, 0, 0, 0, 0, 0, 0, 0, -0.0012724021, -0.0010215566, -0.0011350907, -0.0013996981, -0.0015484713, -0.0018491516, -0.0021416077, -0.0022832404, -0.0025562725, -0.0028161276, -0.002941195, -0.0031820748, -0.0034103438, -0.0036253734, -0.003727692, -0.003921685, -0.0041019777, -0.0041871592, -0.0043482636, -0.004497465, -0.00463554, -0.0047006393, -0.004823488, -0.004936657, -0.004989695, -0.005088608, -0.005178196, -0.0052197226, -0.0052971034, -0.0053676465, -0.0054320884, -0.005462076, -0.005516869, -0.00556368, -0.005583583, -0.0056157135, -0.0056369742, -0.0056471545, -0.005648207, -0.005643141, -0.0056295, -0.0056198216, -0.0055952035, -0.0055633998, -0.0055445065, -0.005499687, -0.0054441686, -0.0053771664, -0.005339336, -0.005255433, -0.005161937, -0.0051119723, -0.0050065876, -0.0048936, -0.0047715856, -0.0047066035, -0.004567536, -0.0044157626, -0.004335096, -0.0041646073, -0.003983806, -0.0038903865, -0.0036995541, -0.0035057948, -0.0033108483, -0.0032129989, -0.0030160893, -0.002816201, -0.0027143892, -0.002505932, -0.0022890172, -0.0020607421, -0.0019413275, -0.0016896639, -0.0014196242, -0.0012795214, -0.0010091694, -0.00082612445
0, 0, 0, 0, 0, 0, 0, 0, 0, 0, 0, 0, 0, 0, 0, 0, 0, 0, 0, 0, 0, 0, 0, 0, 0, 0, 0, 0, 0, 0, 0, 0, 0, 0, 0, 0, 0, 0, 0, 0, 0, 0, 0, 0, 0, 0, 0, 0, 0, 0, 0, 0, 0, 0, 0, 0, 0, 0, 0, 0, 0, 0, 0, 0, 0, 0, 0, 0, 0, 0, 0, 0, 0, -0.0009320306, -0.001149536, -0.0014728584, -0.0016445167, -0.001982676, -0.0023040115, -0.0024577556, -0.0027516957, -0.0030291325, -0.0031620916, -0.003417173, -0.0036574705, -0.0038824684, -0.003988958, -0.004189917, -0.004375362, -0.00446258, -0.0046268473, -0.0047781607, -0.0049176915, -0.0049833045, -0.0051069325, -0.005220743, -0.005274064, -0.0053737513, -0.0054646838, -0.0055070934, -0.0055863922, -0.005659389, -0.0057265214, -0.005757709, -0.005814657, -0.0058627934, -0.0058829607, -0.005914425, -0.0059334883, -0.0059400783, -0.0059390482, -0.0059292833, -0.0059107775, -0.005898661, -0.005869551, -0.005833866, -0.0058132834, -0.005765501, -0.005707571, -0.0056383726, -0.005599459, -0.005513559, -0.005417794, -0.00536682, -0.005259123, -0.0051435293, -0.0050183665, -0.004951562, -0.0048083873, -0.0046516433, -0.0045680907, -0.004391255, -0.0042029945, -0.004105406, -0.0039052365, -0.003700823, -0.0034938024, -0.0033896607, -0.0031797604, -0.0029669653, -0.0028591119, -0.0026395111, -0.0024129453, -0.002176447, -0.0020532296, -0.0017941892, -0.001516594, -0.0013726878, -0.0010958719, -0.0009118972
0, 0, 0, 0, 0, 0, 0, 0, 0, 0, 0, 0, 0, 0, 0, 0, 0, 0, 0, 0, 0, 0, 0, 0, 0, 0, 0, 0, 0, 0, 0, 0, 0, 0, 0, 0, 0, 0, 0, 0, 0, 0, 0, 0, 0, 0, 0, 0, 0, 0, 0, 0, 0, 0, 0, 0, 0, 0, 0, 0, 0, 0, 0, 0, 0, 0, 0, 0, 0, 0, 0, 0, 0, -0.0010384027, -0.0012713807, -0.0016253493, -0.0018115899, -0.0021732077, -0.0025106494, -0.002670161, -0.002973155, -0.0032574923, -0.0033933797, -0.0036534634, -0.003898037, -0.0041268105, -0.004234998, -0.0044394014, -0.0046279496, -0.004716724, -0.0048837913, -0.0050375536, -0.00517902, -0.0052454583, -0.0053703156, -0.0054851673, -0.0055389213, -0.005639789, -0.0057321633, -0.0057755313, -0.005857118, -0.0059326487, -0.00600227, -0.0060346904, -0.006093898, -0.0061435457, -0.006164119, -0.0061958944, -0.0062140278, -0.0062187924, -0.006216495, -0.0062036687, -0.006181205, -0.0061668567, -0.0061328867, -0.0060917954, -0.006068479, -0.0060153864, -0.0059524816, -0.0058791386, -0.005838512, -0.0057498254, -0.00565246, -0.005600972, -0.0054926937, -0.0053766617, -0.005250932, -0.005183681, -0.005039191, -0.0048805657, -0.004795919, -0.0046163914, -0.00442468, -0.004325008, -0.0041194153, -0.003907209, -0.0036899531, -0.0035798158, -0.0033568551, -0.0031303351, -0.0030157617, -0.0027836536, -0.0025462352, -0.0023004636, -0.002173065, -0.0019059535, -0.0016200308, -0.0014718403, -0.0011875108, -0.0010017126
0, 0, 0, 0, 0, 0, 0, 0, 0, 0, 0, 0, 0, 0, 0, 0, 0, 0, 0, 0, 0, 0, 0, 0, 0, 0, 0, 0, 0, 0, 0, 0, 0, 0, 0, 0, 0, 0, 0, 0, 0, 0, 0, 0, 0, 0, 0, 0, 0, 0, 0, 0, 0, 0, 0, 0, 0, 0, 0, 0, 0, 0, 0, 0, 0, 0, 0, 0, 0, 0, 0, 0, 0, -0.0012868186, -0.0014986292, -0.0018486488, -0.0020351722, -0.002396762, -0.0027321903, -0.0028900958, -0.0031893188, -0.0034698972, -0.0036040598, -0.0038613367, -0.0041041686, -0.0043324307, -0.004441034, -0.004647308, -0.0048394245, -0.004930312, -0.0051019243, -0.0052607013, -0.005407138, -0.0054759057, -0.005605148, -0.005723609, -0.005778976, -0.005882572, -0.005977331, -0.0060218535, -0.0061056237, -0.0061831283, -0.006254631, -0.0062878276, -0.0063482476, -0.0063987533, -0.006419655, -0.0064516566, -0.006469822, -0.0064743944, -0.006471868, -0.0064580785, -0.0064338576, -0.006418275, -0.0063809003, -0.0063355686, -0.006309831, -0.0062518865, -0.006184586, -0.006107547, -0.0060655237, -0.005975075, -0.0058771768, -0.0058257314, -0.0057177753, -0.005602085, -0.0054764617, -0.0054091653, -0.005264494, -0.0051057967, -0.005021171, -0.0048418404, -0.0046502, -0.004550179, -0.004342611, -0.004125618, -0.003900342, -0.00378493, -0.003549375, -0.0033089078, -0.0031872585, -0.0029415423, -0.0026919248, -0.0024354376, -0.0023030227, -0.0020261419, -0.0017299965, -0.0015764732, -0.0012826218, -0.0010934776
0, 0, 0, 0, 0, 0, 0, 0, 0, 0, 0, 0, 0, 0, 0, 0, 0, 0, 0, 0, 0, 0, 0, 0, 0, 0, 0, 0, 0, 0, 0, 0, 0, 0, 0, 0, 0, 0, 0, 0, 0, 0, 0, 0, 0, 0, 0, 0, 0, 0, 0, 0, 0, 0, 0, 0, 0, 0, 0, 0, 0, 0, 0, 0, 0, 0, 0, 0, 0, 0, 0, 0, 0, -0.0016135345, -0.0017665237, -0.002079418, -0.0022536519, -0.0025972787, -0.0029188523, -0.0030707747, -0.0033590884, -0.0036301666, -0.0037603343, -0.004010622, -0.0042483616, -0.0044740667, -0.004582452, -0.0047904816, -0.0049869665, -0.0050808415, -0.0052598873, -0.00542707, -0.005582496, -0.0056558093, -0.00579371, -0.0059197373, -0.0059784395, -0.006087561, -0.0061867028, -0.0062330654, -0.0063198823, -0.0063999803, -0.0064733094, -0.006507231, -0.0065684435, -0.0066192695, -0.0066402983, -0.006672548, -0.00669154, -0.00669765, -0.006696109, -0.0066844053, -0.006662033, -0.0066471207, -0.0066103875, -0.006564827, -0.0065386877, -0.006479892, -0.0064117108, -0.0063344357, -0.00629255, -0.0062028775, -0.006106008, -0.006054968, -0.005947408, -0.0058313324, -0.0057047573, -0.0056369547, -0.005491492, -0.0053326935, -0.0052483734, -0.005070155, -0.0048797894, -0.0047801887, -0.0045721773, -0.00435218, -0.0041204575, -0.0040005036, -0.0037536898, -0.003499952, -0.003371341, -0.0031117785, -0.0028488776, -0.002579855, -0.0024414058, -0.0021522383, -0.0018431348, -0.0016830346, -0.0013772923, -0.0011830917
0, 0, 0, 0, 0, 0, 0, 0, 0, 0, 0, 0, 0, 0, 0, 0, 0, 0, 0, 0, 0, 0, 0, 0, 0, 0, 0, 0, 0, 0, 0, 0, 0, 0, 0, 0, 0, 0, 0, 0, 0, 0, 0, 0, 0, 0, 0, 0, 0, 0, 0, 0, 0, 0, 0, 0, 0, 0, 0, 0, 0, 0, 0, 0, 0, 0, 0, 0, 0, 0, 0, 0, 0, -0.0019798104, -0.0019813792, -0.0022251455, -0.0023826736, -0.0027072614, -0.0030170605, -0.0031640877, -0.0034437836, -0.0037074096, -0.00383417, -0.004078446, -0.004311869, -0.004535539, -0.004644004, -0.004854551, -0.0050566923, -0.005154567, -0.0053430917, -0.0055216686, -0.0056893877, -0.005768988, -0.005918977, -0.0060560727, -0.0061197584, -0.0062377728, -0.0063442853, -0.0063938224, -0.006486378, -0.0065710405, -0.0066477237, -0.0066828313, -0.006745543, -0.0067969505, -0.0068181274, -0.0068509653, -0.0068718013, -0.006881269, -0.0068819234, -0.0068756077, -0.0068592243, -0.0068473173, -0.006816327, -0.006776073, -0.006752459, -0.006698253, -0.0066348575, -0.00656248, -0.006522972, -0.0064376476, -0.006343978, -0.0062938933, -0.006186882, -0.0060696653, -0.0059409807, -0.005871937, -0.005724292, -0.0055640605, -0.0054793213, -0.0053008827, -0.00511039, -0.0050105564, -0.004801116, -0.004577809, -0.004340222, -0.0042164205, -0.0039602444, -0.003695392, -0.003560786, -0.0032885028, -0.003012175, -0.0027291737, -0.002583448, -0.0022790637, -0.0019539993, -0.0017858563, -0.0014659254, -0.0012650111
0, 0, 0, 0, 0, 0, 0, 0, 0, 0, 0, 0, 0, 0, 0, 0, 0, 0, 0, 0, 0, 0, 0, 0, 0, 0, 0, 0, 0, 0, 0, 0, 0, 0, 0, 0, 0, 0, 0, 0, 0, 0, 0, 0, 0, 0, 0, 0, 0, 0, 0, 0, 0, 0, 0, 0, 0, 0, 0, 0, 0, 0, 0, 0, 0, 0, 0, 0, 0, 0, 0, 0, 0, -0.002234967, -0.002003258, -0.002205128, -0.0023592024, -0.002683514, -0.0029940554, -0.0031412602, -0.0034210344, -0.003684533, -0.0038112036, -0.0040556053, -0.004289646, -0.0045152577, -0.0046254857, -0.0048412387, -0.0050512827, -0.0051538856, -0.0053536566, -0.005544954, -0.0057263, -0.0058126785, -0.0059761126, -0.006125994, -0.006195706, -0.006324972, -0.0064417846, -0.006496058, -0.006597174, -0.006688867, -0.006770878, -0.0068079256, -0.0068731797, -0.0069259275, -0.0069474936, -0.006981761, -0.0070053907, -0.0070196143, -0.007023491, -0.0070248363, -0.0070174485, -0.0070103155, -0.006989429, -0.006959257, -0.0069407187, -0.0068966686, -0.006843457, -0.0067808675, -0.006746018, -0.006668858, -0.0065811365, -0.006533143, -0.006428184, -0.0063107363, -0.0061801895, -0.006109946, -0.005959741, -0.005796736, -0.005710663, -0.00552933, -0.005335597, -0.0052339155, -0.0050201067, -0.0047916574, -0.004548248, -0.0044212593, -0.0041581956, -0.0038856037, -0.0037466006, -0.0034641563, -0.0031755895, -0.0028778722, -0.0027238696, -0.002401502, -0.0020574348, -0.0018799213, -0.0015435942, -0.0013345937
0, 0, 0, 0, 0, 0, 0, 0, 0, 0, 0, 0, 0, 0, 0, 0, 0, 0, 0, 0, 0, 0, 0, 0, 0, 0, 0, 0, 0, 0, 0, 0, 0, 0, 0, 0, 0, 0, 0, 0, 0, 0, 0, 0, 0, 0, 0, 0, 0, 0, 0, 0, 0, 0, 0, 0, 0, 0, 0, 0, 0, 0, 0, 0, 0, 0, 0, 0, 0, 0, 0, 0, 0, -0.0017129849, -0.0017756514, -0.0020373082, -0.0022009402, -0.0025352938, -0.002853607, -0.0030048308, -0.0032932905, -0.0035657089, -0.0036967918, -0.0039498317, -0.004192437, -0.004426845, -0.0045417743, -0.0047675516, -0.0049884887, -0.005096956, -0.0053088455, -0.00551274, -0.0057065426, -0.0057991324, -0.0059746793, -0.0061364956, -0.0062121437, -0.0063530733, -0.0064813597, -0.006541115, -0.0066522895, -0.0067523625, -0.0068406407, -0.006880035, -0.0069486764, -0.0070035993, -0.0070262053, -0.0070630005, -0.007090485, -0.007110452, -0.007117947, -0.0071278317, -0.0071306396, -0.007129171, -0.0071201804, -0.00710271, -0.007090748, -0.007060148, -0.007020498, -0.006971198, -0.0069426806, -0.0068769665, -0.0067984737, -0.0067540687, -0.0066542523, -0.0065396097, -0.0064100195, -0.00633963, -0.0061880876, -0.006022551, -0.0059346436, -0.0057485243, -0.0055487324, -0.0054435628, -0.0052224784, -0.00498709, -0.004737663, -0.0046081007, -0.0043405727, -0.00406348, -0.003921773, -0.003632154, -0.0033330189, -0.003020723, -0.0028580143, -0.0025161486, -0.0021510683, -0.001963274, -0.0016092389, -0.0013911707
0, 0, 0, 0, 0, 0, 0, 0, 0, 0, 0, 0, 0, 0, 0, 0, 0, 0, 0, 0, 0, 0, 0, 0, 0, 0, 0, 0, 0, 0, 0, 0, 0, 0, 0, 0, 0, 0, 0, 0, 0, 0, 0, 0, 0, 0, 0, 0, 0, 0, 0, 0, 0, 0, 0, 0, 0, 0, 0, 0, 0, 0, 0, 0, 0, 0, 0, 0, 0, 0, 0, 0, 0, -0.0017342191, -0.0016553338, -0.0018364568, -0.001982387, -0.002305629, -0.002629251, -0.0027860552, -0.003088706, -0.0033773887, -0.0035168284, -0.003786469, -0.004045395, -0.0042954986, -0.0044178534, -0.004657988, -0.0048922333, -0.0050069443, -0.0052306354, -0.005445123, -0.0056486903, -0.00574595, -0.0059305155, -0.006101649, -0.0061821146, -0.006333155, -0.0064716917, -0.006536398, -0.0066568195, -0.006764749, -0.006859299, -0.0069011194, -0.006973985, -0.0070327925, -0.0070573958, -0.007098763, -0.007131893, -0.0071587125, -0.007170064, -0.0071884897, -0.007201045, -0.0072048884, -0.007207275, -0.007202299, -0.007196833, -0.0071800156, -0.007154631, -0.007119704, -0.007098175, -0.0070458557, -0.006979211, -0.006940016, -0.0068491683, -0.006741357, -0.006616566, -0.006547805, -0.0063979845, -0.0062317075, -0.006142472, -0.005951849, -0.005745235, -0.0056360685, -0.005406681, -0.0051636514, -0.0049082707, -0.0047764853, -0.0045056986, -0.0042257197, -0.0040821545, -0.003786892, -0.0034783094, -0.003152241, -0.0029811934, -0.0026203308, -0.0022348508, -0.0020371, -0.0016659552, -0.0014389529
0, 0, 0, 0, 0, 0, 0, 0, 0, 0, 0, 0, 0, 0, 0, 0, 0, 0, 0, 0, 0, 0, 0, 0, 0, 0, 0, 0, 0, 0, 0, 0, 0, 0, 0, 0, 0, 0, 0, 0, 0, 0, 0, 0, 0, 0, 0, 0, 0, 0, 0, 0, 0, 0, 0, 0, 0, 0, 0, 0, 0, 0, 0, 0, 0, 0, 0, 0, 0, 0, 0, 0, 0, -0.002018185, -0.0015141941, -0.0015867738, -0.0017177111, -0.0020368642, -0.0023703175, -0.0025344428, -0.0028543521, -0.0031624092, -0.0033119065, -0.0036019643, -0.0038806244, -0.004149151, -0.004279887, -0.004534964, -0.0047816937, -0.004901693, -0.0051343194, -0.0053561376, -0.0055660363, -0.0056662033, -0.0058567887, -0.006034341, -0.0061182734, -0.0062769046, -0.006423316, -0.006491969, -0.0066199084, -0.0067345244, -0.006834993, -0.0068798084, -0.0069585624, -0.007023918, -0.0070520956, -0.007101145, -0.007142375, -0.007177523, -0.007192995, -0.007219776, -0.0072407536, -0.007248948, -0.0072605684, -0.007265633, -0.0072655804, -0.0072602793, -0.0072471164, -0.0072249514, -0.0072099273, -0.0071705463, -0.007116481, -0.0070833205, -0.0070038247, -0.006905938, -0.0067892927, -0.0067239725, -0.0065790843, -0.0064151227, -0.006325893, -0.00613311, -0.005921768, -0.0058095963, -0.0055733193, -0.0053235395, -0.0050626136, -0.0049285465, -0.004654005, -0.00437015, -0.004224258, -0.0039224885, -0.0036044184, -0.0032657974, -0.0030874317, -0.0027105112, -0.002308211, -0.002102332, -0.0017171933, -0.0014828381
0, 0, 0, 0, 0, 0, 0, 0, 0, 0, 0, 0, 0, 0, 0, 0, 0, 0, 0, 0, 0, 0, 0, 0, 0, 0, 0, 0, 0, 0, 0, 0, 0, 0, 0, 0, 0, 0, 0, 0, 0, 0, 0, 0, 0, 0, 0, 0, 0, 0, 0, 0, 0, 0, 0, 0, 0, 0, 0, 0, 0, 0, 0, 0, 0, 0, 0, 0, 0, 0, 0, 0, 0, 0, -0.0010806415, -0.0012872666, -0.0014425422, -0.0017867564, -0.0021361269, -0.0023076064, -0.0026426967, -0.002967008, -0.0031250515, -0.0034322445, -0.0037272966, -0.004010386, -0.004147526, -0.004413009, -0.004667236, -0.004790061, -0.005026944, -0.005252001, -0.005465111, -0.0055671157, -0.0057618534, -0.0059445067, -0.006031325, -0.006196112, -0.006349018, -0.0064209956, -0.006555214, -0.0066760187, -0.006783083, -0.0068314704, -0.006918395, -0.006993212, -0.0070265834, -0.00708625, -0.0071378252, -0.0071825148, -0.0072023273, -0.007236976, -0.0072648944, -0.0072764196, -0.00729474, -0.0073068063, -0.007310491, -0.0073129805, -0.0073082047, -0.007295022, -0.007284673, -0.00725512, -0.0072115883, -0.007183887, -0.0071152197, -0.007027767, -0.006920608, -0.006859519, -0.006721699, -0.006562792, -0.006475242, -0.0062839533, -0.006071948, -0.0059586917, -0.005719189, -0.0054651266, -0.005199337, -0.005062724, -0.00478247, -0.004491923, -0.004342163, -0.0040315473, -0.0037031744, -0.0033532993, -0.0031692393, -0.0027808873, -0.002367608, -0.002156587, -0.0017626416, -0.0015237803
0, 0, 0, 0, 0, 0, 0, 0, 0, 0, 0, 0, 0, 0, 0, 0, 0, 0, 0, 0, 0, 0, 0, 0, 0, 0, 0, 0, 0, 0, 0, 0, 0, 0, 0, 0, 0, 0, 0, 0, 0, 0, 0, 0, 0, 0, 0, 0, 0, 0, 0, 0, 0, 0, 0, 0, 0, 0, 0, 0, 0, 0, 0, 0, 0, 0, 0, 0, 0, 0, 0, 0, 0, 0, -0.0008871176, -0.001110105, -0.0012711977, -0.0016231728, -0.0019779908, -0.0021522397, -0.0024933033, -0.0028247111, -0.0029865848, -0.0033014887, -0.0036038226, -0.0038924916, -0.0040316693, -0.004299651, -0.0045543634, -0.0046770475, -0.0049132635, -0.005138234, -0.0053526307, -0.005456005, -0.005654706, -0.0058427737, -0.005932705, -0.006103999, -0.006263501, -0.0063386485, -0.006479245, -0.006606616, -0.0067209625, -0.006773501, -0.00686989, -0.0069555556, -0.0069946866, -0.0070659206, -0.0071283844, -0.0071822945, -0.0072061378, -0.0072475867, -0.007281215, -0.0072952686, -0.0073183337, -0.007334756, -0.0073405937, -0.0073471237, -0.007346245, -0.007336863, -0.007328591, -0.007303822, -0.0072662393, -0.0072419187, -0.007180686, -0.00710127, -0.007002238, -0.00694503, -0.006814725, -0.006662475, -0.006577968, -0.0063919807, -0.0061838552, -0.006071925, -0.005833727, -0.0055786753, -0.0053093713, -0.0051700473, -0.004882414, -0.004582539, -0.004427534, -0.00410594, -0.0037668587, -0.0034076327, -0.0032195896, -0.0028249652, -0.0024071776, -0.0021943229, -0.0017973727, -0.001557339
0, 0, 0, 0, 0, 0, 0, 0, 0, 0, 0, 0, 0, 0, 0, 0, 0, 0, 0, 0, 0, 0, 0, 0, 0, 0, 0, 0, 0, 0, 0, 0, 0, 0, 0, 0, 0, 0, 0, 0, 0, 0, 0, 0, 0, 0, 0, 0, 0, 0, 0, 0, 0, 0, 0, 0, 0, 0, 0, 0, 0, 0, 0, 0, 0, 0, 0, 0, 0, 0, 0, 0, 0, 0, -0.00085637474, -0.0010662685, -0.0012213308, -0.0015636513, -0.0019112948, -0.002082516, -0.0024185702, -0.0027458216, -0.0029057718, -0.0032172035, -0.003515755, -0.0038001328, -0.003936848, -0.0041996976, -0.004449228, -0.0045694523, -0.0048017534, -0.005024865, -0.005239958, -0.0053445995, -0.0055476176, -0.0057416363, -0.0058348537, -0.0060129315, -0.006179197, -0.006257593, -0.0064044716, -0.0065381555, -0.006659325, -0.006715656, -0.006820374, -0.0069155484, -0.0069595524, -0.007040401, -0.0071114795, -0.0071726213, -0.007199535, -0.00724626, -0.0072843195, -0.007300367, -0.0073268777, -0.0073460704, -0.00735287, -0.0073603787, -0.0073592877, -0.007349042, -0.0073402855, -0.007314925, -0.0072777458, -0.0072540925, -0.0071954196, -0.0071198037, -0.0070257215, -0.0069714068, -0.0068474584, -0.006702356, -0.0066216826, -0.006443515, -0.0062429383, -0.006134454, -0.005901702, -0.0056491364, -0.0053786584, -0.0052372087, -0.0049427035, -0.004633179, -0.0044728, -0.004140422, -0.003791792, -0.0034257655, -0.003235519, -0.0028390447, -0.0024219959, -0.0022100364, -0.0018149316, -0.0015763363
0, 0, 0, 0, 0, 0, 0, 0, 0, 0, 0, 0, 0, 0, 0, 0, 0, 0, 0, 0, 0, 0, 0, 0, 0, 0, 0, 0, 0, 0, 0, 0, 0, 0, 0, 0, 0, 0, 0, 0, 0, 0, 0, 0, 0, 0, 0, 0, 0, 0, 0, 0, 0, 0, 0, 0, 0, 0, 0, 0, 0, 0, 0, 0, 0, 0, 0, 0, 0, 0, 0, 0, 0, 0, -0.00089398195, -0.001097122, -0.001247611, -0.0015795478, -0.0019156869, -0.0020809271, -0.0024044702, -0.0027189872, -0.0028725958, -0.0031718076, -0.0034584643, -0.0037316873, -0.003863175, -0.004116536, -0.004358092, -0.0044750078, -0.004702641, -0.004923484, -0.00513889, -0.005244504, -0.005451054, -0.0056497813, -0.0057455404, -0.00592882, -0.006099958, -0.00618061, -0.0063317227, -0.006469373, -0.006594884, -0.006653565, -0.0067635416, -0.0068644104, -0.006911407, -0.0069979937, -0.0070740273, -0.007139517, -0.007168344, -0.007218808, -0.0072604, -0.007278086, -0.0073073907, -0.0073282328, -0.0073352163, -0.0073417425, -0.0073379828, -0.0073238346, -0.0073128864, -0.00728314, -0.0072420663, -0.007216842, -0.0071560293, -0.0070801605, -0.0069877733, -0.006935079, -0.0068158526, -0.00667729, -0.006600448, -0.006430849, -0.00623956, -0.0061356006, -0.005910938, -0.0056639533, -0.0053954273, -0.0052534984, -0.0049553444, -0.004639518, -0.004475389, -0.0041353526, -0.0037804276, -0.0034105745, -0.003219701, -0.0028243307, -0.0024108503, -0.0022012196, -0.0018106287, -0.0015746895
0, 0, 0, 0, 0, 0, 0, 0, 0, 0, 0, 0, 0, 0, 0, 0, 0, 0, 0, 0, 0, 0, 0, 0, 0, 0, 0, 0, 0, 0, 0, 0, 0, 0, 0, 0, 0, 0, 0, 0, 0, 0, 0, 0, 0, 0, 0, 0, 0, 0, 0, 0, 0, 0, 0, 0, 0, 0, 0, 0, 0, 0, 0, 0, 0, 0, 0, 0, 0, 0, 0, 0, 0, 0, -0.0009509717, -0.0011544232, -0.0013043686, -0.0016316739, -0.001957934, -0.0021165018, -0.0024243926, -0.0027217476, -0.002866708, -0.0031490242, -0.0034201066, -0.0036796175, -0.003805079, -0.0040481957, -0.0042820526, -0.004396069, -0.004619409, -0.0048379633, -0.005052544, -0.0051582456, -0.0053655235, -0.0055653416, -0.0056616873, -0.00584586, -0.006017471, -0.0060981982, -0.0062493137, -0.006387073, -0.00651313, -0.0065722545, -0.006683814, -0.006786631, -0.0068346863, -0.0069235205, -0.007001932, -0.007069854, -0.0071000536, -0.0071534812, -0.0071982467, -0.0072174123, -0.0072490904, -0.0072709117, -0.007277763, -0.007282576, -0.007275307, -0.0072562783, -0.007242525, -0.0072068702, -0.0071599055, -0.0071319495, -0.007066453, -0.006987657, -0.006894631, -0.006842542, -0.0067261956, -0.0065925745, -0.0065188524, -0.0063566114, -0.0061737667, -0.0060742386, -0.005858127, -0.0056184824, -0.0053551705, -0.0052149226, -0.0049183443, -0.004602117, -0.004437277, -0.0040953797, -0.0037388178, -0.0033685663, -0.0031781453, -0.0027851593, -0.0023758833, -0.0021687432, -0.0017828975, -0.0015491905
0, 0, 0, 0, 0, 0, 0, 0, 0, 0, 0, 0, 0, 0, 0, 0, 0, 0, 0, 0, 0, 0, 0, 0, 0, 0, 0, 0, 0, 0, 0, 0, 0, 0, 0, 0, 0, 0, 0, 0, 0, 0, 0, 0, 0, 0, 0, 0, 0, 0, 0, 0, 0, 0, 0, 0, 0, 0, 0, 0, 0, 0, 0, 0, 0, 0, 0, 0, 0, 0, 0, 0, 0, 0, -0.0010123411, -0.0012172515, -0.001367928, -0.0016927201, -0.0020096367, -0.0021612437, -0.0024523945, -0.0027309558, -0.0028664456, -0.003130475, -0.0033853797, -0.003631382, -0.003751205, -0.0039852597, -0.0042127497, -0.0043243086, -0.004543808, -0.0047592917, -0.004970907, -0.0050750067, -0.0052787918, -0.0054745846, -0.0055688196, -0.005748423, -0.0059153005, -0.0059937183, -0.006140669, -0.006275234, -0.006399038, -0.0064574527, -0.0065682023, -0.006671116, -0.0067195534, -0.006809628, -0.006890128, -0.0069608106, -0.0069926037, -0.0070494423, -0.007097473, -0.0071180523, -0.007151601, -0.007173946, -0.007180408, -0.0071832878, -0.0071725775, -0.007148937, -0.007132581, -0.007091299, -0.0070385057, -0.0070076473, -0.006937028, -0.00685425, -0.0067590885, -0.006706663, -0.006591103, -0.0064599505, -0.006387963, -0.006230203, -0.006053075, -0.005956763, -0.005747661, -0.0055155098, -0.005259672, -0.0051230234, -0.0048332294, -0.0045229406, -0.004360721, -0.004023366, -0.003670473, -0.0033032994, -0.0031143592, -0.0027245772, -0.002319216, -0.0021142322, -0.0017324459, -0.0014999512
0, 0, 0, 0, 0, 0, 0, 0, 0, 0, 0, 0, 0, 0, 0, 0, 0, 0, 0, 0, 0, 0, 0, 0, 0, 0, 0, 0, 0, 0, 0, 0, 0, 0, 0, 0, 0, 0, 0, 0, 0, 0, 0, 0, 0, 0, 0, 0, 0, 0, 0, 0, 0, 0, 0, 0, 0, 0, 0, 0, 0, 0, 0, 0, 0, 0, 0, 0, 0, 0, 0, 0, 0, 0, -0.0010854446, -0.0012830013, -0.0014299583, -0.0017452057, -0.0020486857, -0.0021924276, -0.002466106, -0.002726422, -0.0028528408, -0.0030996578, -0.0033394347, -0.0035730968, -0.003687869, -0.0039138226, -0.0041354033, -0.0042445804, -0.004459712, -0.0046704737, -0.0048763305, -0.0049771094, -0.0051732087, -0.00536053, -0.0054503162, -0.005621332, -0.0057802866, -0.005855236, -0.0059964824, -0.006127181, -0.006248724, -0.006306527, -0.006416905, -0.006520629, -0.0065698205, -0.006662359, -0.0067462046, -0.006820942, -0.00685478, -0.0069154776, -0.0069663264, -0.006987809, -0.007022066, -0.0070436154, -0.0070492174, -0.007049511, -0.007035332, -0.0070077023, -0.006989196, -0.0069432403, -0.0068855914, -0.00685233, -0.0067771086, -0.006690311, -0.0065918504, -0.0065380866, -0.0064205676, -0.0062886383, -0.006216677, -0.0060598985, -0.0058850623, -0.0057904506, -0.0055860667, -0.005360499, -0.0051130773, -0.0049812566, -0.0047018374, -0.004402248, -0.004245205, -0.0039174696, -0.003572853, -0.0032124284, -0.003026328, -0.0026415647, -0.0022410087, -0.0020385245, -0.001661196, -0.00142938
0, 0, 0, 0, 0, 0, 0, 0, 0, 0, 0, 0, 0, 0, 0, 0, 0, 0, 0, 0, 0, 0, 0, 0, 0, 0, 0, 0, 0, 0, 0, 0, 0, 0, 0, 0, 0, 0, 0, 0, 0, 0, 0, 0, 0, 0, 0, 0, 0, 0, 0, 0, 0, 0, 0, 0, 0, 0, 0, 0, 0, 0, 0, 0, 0, 0, 0, 0, 0, 0, 0, 0, 0, 0, -0.0011855431, -0.0013447112, -0.0014752948, -0.0017650059, -0.0020495881, -0.002185188, -0.0024440738, -0.002690233, -0.0028098042, -0.0030434353, -0.0032712144, -0.0034945493, -0.0036048724, -0.0038232065, -0.0040384186, -0.004144732, -0.004354165, -0.004558444, -0.004756403, -0.004852701, -0.0050389497, -0.005215756, -0.005300357, -0.0054618535, -0.0056131147, -0.0056851087, -0.0058222846, -0.0059512598, -0.0060726875, -0.006130889, -0.006242817, -0.0063488767, -0.0063996133, -0.0064956886, -0.0065835393, -0.0066621117, -0.0066976156, -0.0067605167, -0.0068118456, -0.0068328925, -0.0068651093, -0.0068834, -0.006887132, -0.0068834764, -0.006865464, -0.0068341917, -0.0068139625, -0.006764501, -0.006703309, -0.006668271, -0.0065891515, -0.0064982376, -0.0063952315, -0.006339082, -0.006216959, -0.0060810647, -0.006007536, -0.0058488618, -0.0056738704, -0.0055799894, -0.0053788708, -0.0051592886, -0.0049206577, -0.0047941743, -0.004526768, -0.0042400667, -0.0040894994, -0.0037743417, -0.0034411505, -0.0030908966, -0.002909404, -0.0025331962, -0.0021408019, -0.0019423692, -0.0015720043, -0.00134179
0, 0, 0, 0, 0, 0, 0, 0, 0, 0, 0, 0, 0, 0, 0, 0, 0, 0, 0, 0, 0, 0, 0, 0, 0, 0, 0, 0, 0, 0, 0, 0, 0, 0, 0, 0, 0, 0, 0, 0, 0, 0, 0, 0, 0, 0, 0, 0, 0, 0, 0, 0, 0, 0, 0, 0, 0, 0, 0, 0, 0, 0, 0, 0, 0, 0, 0, 0, 0, 0, 0, 0, 0, 0, -0.0013101824, -0.0013607773, -0.0014585239, -0.0017124608, -0.0019816684, -0.0021130259, -0.0023661351, -0.0026075563, -0.0027246098, -0.002952764, -0.0031745974, -0.0033917818, -0.003498981, -0.003711058, -0.0039199423, -0.0040230183, -0.004225626, -0.0044224965, -0.0046122447, -0.004704051, -0.004880854, -0.0050483127, -0.0051284996, -0.0052823913, -0.005428379, -0.005498735, -0.0056346296, -0.005764285, -0.0058876346, -0.0059470087, -0.006061435, -0.006170094, -0.006222097, -0.0063205995, -0.006410387, -0.00648965, -0.006524944, -0.006585961, -0.006633533, -0.0066521103, -0.0066784443, -0.006690406, -0.006691133, -0.0066821775, -0.006660118, -0.006625753, -0.006604192, -0.0065523605, -0.006488643, -0.0064521898, -0.0063696415, -0.0062741265, -0.0061655124, -0.006106291, -0.005977876, -0.00583614, -0.005760214, -0.0055981255, -0.0054221232, -0.005328837, -0.0051312908, -0.0049184724, -0.0046895198, -0.0045687417, -0.0043138834, -0.0040405733, -0.0038968492, -0.0035952362, -0.00327525, -0.0029378727, -0.0027627689, -0.0023994166, -0.0020200876, -0.0018280466, -0.0014687283, -0.0012422173
0, 0, 0, 0, 0, 0, 0, 0, 0, 0, 0, 0, 0, 0, 0, 0, 0, 0, 0, 0, 0, 0, 0, 0, 0, 0, 0, 0, 0, 0, 0, 0, 0, 0, 0, 0, 0, 0, 0, 0, 0, 0, 0, 0, 0, 0, 0, 0, 0, 0, 0, 0, 0, 0, 0, 0, 0, 0, 0, 0, 0, 0, 0, 0, 0, 0, 0, 0, 0, 0, 0, 0, 0, 0, -0.0013546415, -0.0012370821, -0.0013124486, -0.001556227, -0.0018295264, -0.0019643102, -0.0022246419, -0.0024726316, -0.0025924123, -0.0028247905, -0.0030489005, -0.0032661995, -0.0033727738, -0.003582115, -0.0037865639, -0.0038868836, -0.0040832777, -0.004273283, -0.0044558025, -0.0045438833, -0.0047132694, -0.004873911, -0.004951107, -0.0051000584, -0.0052431794, -0.005312858, -0.005448835, -0.0055797314, -0.005704877, -0.0057651163, -0.0058806557, -0.005989583, -0.006041316, -0.0061383764, -0.0062253145, -0.006300203, -0.0063326354, -0.0063868123, -0.006426332, -0.0064405664, -0.006458241, -0.006462204, -0.006459399, -0.006444842, -0.0064188563, -0.006382013, -0.0063594943, -0.0063059, -0.0062400126, -0.0062020826, -0.0061157844, -0.006015062, -0.0059002033, -0.005837608, -0.0057025324, -0.0055548893, -0.005476585, -0.0053113275, -0.0051351245, -0.0050429935, -0.0048505594, -0.0046462934, -0.0044286363, -0.004314134, -0.0040726685, -0.003813051, -0.0036761945, -0.0033882249, -0.003082355, -0.0027597058, -0.00259232, -0.0022452916, -0.0018832239, -0.001699787, -0.0013553569, -0.001134565
0, 0, 0, 0, 0, 0, 0, 0, 0, 0, 0, 0, 0, 0, 0, 0, 0, 0, 0, 0, 0, 0, 0, 0, 0, 0, 0, 0, 0, 0, 0, 0, 0, 0, 0, 0, 0, 0, 0, 0, 0, 0, 0, 0, 0, 0, 0, 0, 0, 0, 0, 0, 0, 0, 0, 0, 0, 0, 0, 0, 0, 0, 0, 0, 0, 0, 0, 0, 0, 0, 0, 0, 0, 0, -0.00081957097, -0.0009269765, -0.001042992, -0.0013251404, -0.0016178393, -0.0017602782, -0.0020345428, -0.0022955325, -0.0024215307, -0.002665178, -0.0028984426, -0.0031222033, -0.0032308064, -0.0034418567, -0.0036451146, -0.0037439114, -0.0039359955, -0.0041206344, -0.00429739, -0.0043826653, -0.0045468314, -0.00470264, -0.004777818, -0.0049236356, -0.005064816, -0.0051339683, -0.0052694203, -0.0054001072, -0.0055246507, -0.0055842493, -0.00569749, -0.005802622, -0.0058518625, -0.0059427186, -0.0060219406, -0.0060879355, -0.0061156163, -0.006159916, -0.006189521, -0.0061989487, -0.006207869, -0.006204579, -0.0061987, -0.0061791576, -0.006149659, -0.0061102295, -0.0060865586, -0.006030464, -0.005961258, -0.005921283, -0.005829976, -0.0057232464, -0.005601898, -0.0055361283, -0.005395237, -0.005242927, -0.0051629012, -0.0049959966, -0.004821107, -0.004730978, -0.004545384, -0.0043514688, -0.0041467976, -0.0040393923, -0.0038125194, -0.0035675582, -0.0034378709, -0.003164353, -0.0028732494, -0.0025663686, -0.002407359, -0.0020783944, -0.0017356919, -0.0015620525, -0.0012345341, -0.001020261
0, 0, 0, 0, 0, 0, 0, 0, 0, 0, 0, 0, 0, 0, 0, 0, 0, 0, 0, 0, 0, 0, 0, 0, 0, 0, 0, 0, 0, 0, 0, 0, 0, 0, 0, 0, 0, 0, 0, 0, 0, 0, 0, 0, 0, 0, 0, 0, 0, 0, 0, 0, 0, 0, 0, 0, 0, 0, 0, 0, 0, 0, 0, 0, 0, 0, 0, 0, 0, 0, 0, 0, 0, 0, -0.0005691293, -0.00069154054, -0.00081360043, -0.0011027906, -0.0014007938, -0.0015464284, -0.0018288597, -0.002100226, -0.0022318999, -0.002487071, -0.002730911, -0.0029630354, -0.0030747252, -0.0032895778, -0.003493663, -0.0035919077, -0.0037814623, -0.003962433, -0.004135192, -0.0042184824, -0.0043789707, -0.0045316224, -0.0046054167, -0.0047488874, -0.00488813, -0.0049563013, -0.005089659, -0.0052176574, -0.0053384136, -0.005395627, -0.005503099, -0.005600734, -0.005645641, -0.0057269335, -0.005795946, -0.005851478, -0.005874063, -0.005908895, -0.0059301266, -0.005935966, -0.005938758, -0.005930436, -0.005922357, -0.005898598, -0.005864884, -0.0058209966, -0.005794975, -0.005733603, -0.005658537, -0.0056153694, -0.0055172998, -0.00540394, -0.0052765757, -0.0052082026, -0.005063039, -0.004907798, -0.004826918, -0.0046600015, -0.0044878684, -0.0044003576, -0.004222596, -0.0040400056, -0.0038492878, -0.0037495142, -0.0035385736, -0.0033098438, -0.0031882494, -0.0029307872, -0.0026557187, -0.0023653174, -0.0022149796, -0.001904253, -0.0015811078, -0.0014172104, -0.001106548, -0.000898486
0, 0, 0, 0, 0, 0, 0, 0, 0, 0, 0, 0, 0, 0, 0, 0, 0, 0, 0, 0, 0, 0, 0, 0, 0, 0, 0, 0, 0, 0, 0, 0, 0, 0, 0, 0, 0, 0, 0, 0, 0, 0, 0, 0, 0, 0, 0, 0, 0, 0, 0, 0, 0, 0, 0, 0, 0, 0, 0, 0, 0, 0, 0, 0, 0, 0, 0, 0, 0, 0, 0, 0, 0, 0, -0.0004329414, -0.0005481513, -0.00066191296, -0.0009342839, -0.0012201476, -0.0013618992, -0.0016406821, -0.0019125781, -0.0020456202, -0.002304693, -0.0025527098, -0.0027881158, -0.0029008847, -0.0031166142, -0.003320055, -0.0034175739, -0.0036051988, -0.0037840689, -0.003954835, -0.0040372745, -0.0041962815, -0.0043479637, -0.0044212397, -0.0045635016, -0.004700789, -0.0047676302, -0.0048973677, -0.0050204005, -0.00513487, -0.005188443, -0.0052876747, -0.0053759753, -0.005415938, -0.0054871244, -0.0055462127, -0.0055929236, -0.005611637, -0.0056399433, -0.0056564882, -0.0056605684, -0.0056604645, -0.0056492416, -0.0056393817, -0.0056110034, -0.00557105, -0.005519326, -0.00548891, -0.0054184883, -0.005334337, -0.005286834, -0.0051806564, -0.00506063, -0.0049282326, -0.0048579196, -0.004710062, -0.0045537273, -0.004472926, -0.0043074745, -0.00413902, -0.004054327, -0.0038844578, -0.0037127545, -0.0035358686, -0.003443987, -0.0032501235, -0.0030394606, -0.00292705, -0.0026877893, -0.0024305824, -0.0021578593, -0.0020163406, -0.0017236854, -0.0014193039, -0.0012647382, -0.0009701445, -0.00076748984
0, 0, 0, 0, 0, 0, 0, 0, 0, 0, 0, 0, 0, 0, 0, 0, 0, 0, 0, 0, 0, 0, 0, 0, 0, 0, 0, 0, 0, 0, 0, 0, 0, 0, 0, 0, 0, 0, 0, 0, 0, 0, 0, 0, 0, 0, 0, 0, 0, 0, 0, 0, 0, 0, 0, 0, 0, 0, 0, 0, 0, 0, 0, 0, 0, 0, 0, 0, 0, 0, 0, 0, 0, 0, -0.00035146665, -0.00046350557, -0.00056995533, -0.00082299573, -0.0010897414, -0.0012229533, -0.0014872004, -0.0017473837, -0.0018754166, -0.002125697, -0.0023658122, -0.0025938936, -0.0027031638, -0.0029125102, -0.0031106658, -0.0032061015, -0.0033908666, -0.0035685564, -0.0037396727, -0.0038227348, -0.0039835386, -0.004137072, -0.0042111054, -0.0043537663, -0.004489594, -0.004554902, -0.004679782, -0.004795964, -0.0049022287, -0.004951352, -0.0050412463, -0.0051202276, -0.0051556346, -0.0052182144, -0.005269896, -0.0053108833, -0.0053274487, -0.0053528603, -0.0053681354, -0.0053718165, -0.0053707575, -0.0053573484, -0.0053455504, -0.005311216, -0.005262527, -0.0051999004, -0.005163587, -0.0050810864, -0.004985719, -0.004933193, -0.0048186434, -0.004692458, -0.0045561483, -0.00448462, -0.0043356633, -0.004179969, -0.004100109, -0.0039377157, -0.0037737496, -0.003691987, -0.0035296087, -0.0033679693, -0.0032040344, -0.0031198265, -0.0029432867, -0.0027518836, -0.0026494844, -0.0024305156, -0.0021931636, -0.0019395975, -0.0018074684, -0.0015334464, -0.0012478218, -0.0011025792, -0.00082418654, -0.0006267288
0, 0, 0, 0, 0, 0, 0, 0, 0, 0, 0, 0, 0, 0, 0, 0, 0, 0, 0, 0, 0, 0, 0, 0, 0, 0, 0, 0, 0, 0, 0, 0, 0, 0, 0, 0, 0, 0, 0, 0, 0, 0, 0, 0, 0, 0, 0, 0, 0, 0, 0, 0, 0, 0, 0, 0, 0, 0, 0, 0, 0, 0, 0, 0, 0, 0, 0, 0, 0, 0, 0, 0, 0, 0, -0.00029847075, -0.00041085907, -0.0005129621, -0.0007506339, -0.0009976872, -0.0011204574, -0.0013633753, -0.0016022187, -0.001719627, -0.001948959, -0.0021691637, -0.0023789348, -0.0024798992, -0.0026747505, -0.002861963, -0.0029533915, -0.003133071, -0.003309189, -0.0034816451, -0.0035661126, -0.0037304815, -0.0038874606, -0.0039628143, -0.004106695, -0.004240916, -0.004304291, -0.0044231163, -0.0045309924, -0.004627697, -0.0046718614, -0.004752314, -0.00482283, -0.0048544644, -0.004910745, -0.004957911, -0.004996082, -0.0050119227, -0.0050369524, -0.005052601, -0.005056457, -0.005054924, -0.005038939, -0.005024827, -0.0049836156, -0.004925299, -0.004851276, -0.0048089297, -0.0047146194, -0.0046085124, -0.004551297, -0.004429244, -0.0042978995, -0.0041587087, -0.0040866174, -0.0039381026, -0.0037849164, -0.0037069814, -0.0035496145, -0.0033918833, -0.0033135838, -0.0031590054, -0.0030067875, -0.002854816, -0.0027775902, -0.002617234, -0.002444519, -0.002352171, -0.0021539936, -0.001937739, -0.0017048762, -0.0015828608, -0.0013290499, -0.0010640303, -0.0009290422, -0.00066837406, -0.00047690893
0, 0, 0, 0, 0, 0, 0, 0, 0, 0, 0, 0, 0, 0, 0, 0, 0, 0, 0, 0, 0, 0, 0, 0, 0, 0, 0, 0, 0, 0, 0, 0, 0, 0, 0, 0, 0, 0, 0, 0, 0, 0, 0, 0, 0, 0, 0, 0, 0, 0, 0, 0, 0, 0, 0, 0, 0, 0, 0, 0, 0, 0, 0, 0, 0, 0, 0, 0, 0, 0, 0, 0, 0, 0, -0.00024988913, -0.00036362672, -0.00046261266, -0.00068758987, -0.0009161967, -0.001028318, -0.0012478619, -0.0014613107, -0.0015655372, -0.0017681784, -0.0019621386, -0.0021474941, -0.0022372983, -0.0024125793, -0.0025844409, -0.0026698723, -0.002840891, -0.0030123494, -0.0031832142, -0.0032676535, -0.0034327595, -0.0035905703, -0.0036659604, -0.0038086227, -0.003939417, -0.004000081, -0.004111779, -0.0042108167, -0.0042978935, -0.004337369, -0.004409169, -0.004472652, -0.0045014825, -0.0045535797, -0.0045982604, -0.004635626, -0.004651449, -0.0046770996, -0.0046934457, -0.0046974225, -0.0046950853, -0.0046763737, -0.00466009, -0.0046129497, -0.00454724, -0.004464824, -0.0044182916, -0.00431596, -0.0042026797, -0.004142356, -0.0040150876, -0.003880229, -0.0037394625, -0.0036674067, -0.0035208098, -0.0033719502, -0.0032970682, -0.003147094, -0.002997869, -0.0029240106, -0.0027784687, -0.0026358617, -0.0024946493, -0.0024234466, -0.002276787, -0.0021201086, -0.0020365934, -0.0018575183, -0.0016618056, -0.0014503114, -0.0013392762, -0.0011080797, -0.0008666404, -0.00074342877, -0.00050329097, -0.0003193922
0, 0, 0, 0, 0, 0, 0, 0, 0, 0, 0, 0, 0, 0, 0, 0, 0, 0, 0, 0, 0, 0, 0, 0, 0, 0, 0, 0, 0, 0, 0, 0, 0, 0, 0, 0, 0, 0, 0, 0, 0, 0, 0, 0, 0, 0, 0, 0, 0, 0, 0, 0, 0, 0, 0, 0, 0, 0, 0, 0, 0, 0, 0, 0, 0, 0, 0, 0, 0, 0, 0, 0, 0, 0, -0.00018466834, -0.0002990386, -0.00039449852, -0.0006066326, -0.0008177649, -0.00092000846, -0.0011179323, -0.001307827, -0.0013998213, -0.0015774351, -0.0017466574, -0.0019082713, -0.0019868673, -0.0021415234, -0.0022955595, -0.0023731706, -0.0025305054, -0.002690708, -0.0028521295, -0.0029323278, -0.0030897975, -0.0032403807, -0.0033122909, -0.0034480426, -0.0035716984, -0.0036287033, -0.0037327919, -0.003823966, -0.0039034015, -0.003939347, -0.0040049907, -0.0040637585, -0.0040908977, -0.00414088, -0.0041848538, -0.0042224675, -0.004238695, -0.0042650863, -0.004281884, -0.004285788, -0.004282533, -0.0042618853, -0.004244279, -0.004194199, -0.0041253627, -0.0040401765, -0.0039924113, -0.0038879544, -0.0037729896, -0.003711929, -0.0035833654, -0.003447783, -0.0033073656, -0.0032360896, -0.003092654, -0.0029494313, -0.0028783048, -0.002737353, -0.0025984233, -0.002529878, -0.002394728, -0.0022620608, -0.0021304183, -0.00206414, -0.001928025, -0.0017836471, -0.0017071324, -0.0015440929, -0.0013670474, -0.001176836, -0.001077345, -0.00087091664, -0.0006560328, -0.0005462522, -0.00032961406, -0.0001549822
0, 0, 0, 0, 0, 0, 0, 0, 0, 0, 0, 0, 0, 0, 0, 0, 0, 0, 0, 0, 0, 0, 0, 0, 0, 0, 0, 0, 0, 0, 0, 0, 0, 0, 0, 0, 0, 0, 0, 0, 0, 0, 0, 0, 0, 0, 0, 0, 0, 0, 0, 0, 0, 0, 0, 0, 0, 0, 0, 0, 0, 0, 0, 0, 0, 0, 0, 0, 0, 0, 0, 0, 0, 0, 4.991532e-06, -0.00010712567, -0.00019186255, -0.0003719461, -0.0005462103, -0.0006298211, -0.0007911927, -0.00094573724, -0.001020465, -0.0011643615, -0.001300269, -0.0014280787, -0.0014893257, -0.0016080266, -0.0017234148, -0.001780552, -0.001894341, -0.002007719, -0.0021201707, -0.0021757802, -0.0022849543, -0.002391179, -0.0024431057, -0.0025446569, -0.0026425153, -0.0026897136, -0.0027796985, -0.002862615, -0.0029381206, -0.002973238, -0.0030387472, -0.003098757, -0.00312686, -0.0031791213, -0.0032256418, -0.003265344, -0.0032822036, -0.0033087998, -0.0033241261, -0.0033267864, -0.0033206542, -0.003297696, -0.0032796676, -0.003230738, -0.0031659834, -0.003088032, -0.0030448036, -0.00295108, -0.0028479432, -0.0027928096, -0.0026755524, -0.0025501184, -0.0024191337, -0.0023526747, -0.0022200437, -0.0020900709, -0.0020265025, -0.0019026796, -0.00178291, -0.0017243202, -0.0016090865, -0.0014952291, -0.0013809747, -0.0013230762, -0.0012042902, -0.0010796593, -0.0010147254, -0.00087909034, -0.00073649286, -0.000588265, -0.0005126653, -0.0003594246, -0.0002032692, -0.00012337521, 4.0580904e-05, 0.00019285634
0, 0, 0, 0, 0, 0, 0, 0, 0, 0, 0, 0, 0, 0, 0, 0, 0, 0, 0, 0, 0, 0, 0, 0, 0, 0, 0, 0, 0, 0, 0, 0, 0, 0, 0, 0, 0, 0, 0, 0, 0, 0, 0, 0, 0, 0, 0, 0, 0, 0, 0, 0, 0, 0, 0, 0, 0, 0, 0, 0, 0, 0, 0, 0, 0, 0, 0, 0, 0, 0, 0, 0, 0, 0, 0.000105508996, -4.9181435e-06, -8.3135346e-05, -0.00024387613, -0.0003962995, -0.0004693028, -0.000610881, -0.0007478727, -0.00081458216, -0.0009436465, -0.0010656153, -0.001179387, -0.0012331973, -0.0013352606, -0.0014308958, -0.001476774, -0.0015651116, -0.0016494929, -0.0017304997, -0.0017699612, -0.0018475252, -0.00192452, -0.0019634059, -0.0020427906, -0.002124576, -0.002166107, -0.0022490807, -0.0023299342, -0.0024068255, -0.0024433993, -0.0025124738, -0.0025759034, -0.0026054322, -0.0026595336, -0.0027064758, -0.0027450812, -0.0027608415, -0.0027842098, -0.0027952273, -0.0027955896, -0.0027850205, -0.0027588098, -0.0027398078, -0.0026907076, -0.0026283707, -0.002555409, -0.002515626, -0.0024302935, -0.0023373016, -0.002287688, -0.0021819132, -0.0020679294, -0.0019477631, -0.001886371, -0.0017630525, -0.0016413257, -0.0015816086, -0.0014648357, -0.0013519209, -0.0012968677, -0.0011893689, -0.0010842567, -0.0009799439, -0.0009274523, -0.00082066306, -0.0007097572, -0.0006523554, -0.0005336563, -0.00041048962, -0.0002848376, -0.00022183398, -9.630593e-05, 2.94466e-05, 9.389043e-05, 0.00023040047, 0.00037065917
0, 0, 0, 0, 0, 0, 0, 0, 0, 0, 0, 0, 0, 0, 0, 0, 0, 0, 0, 0, 0, 0, 0, 0, 0, 0, 0, 0, 0, 0, 0, 0, 0, 0, 0, 0, 0, 0, 0, 0, 0, 0, 0, 0, 0, 0, 0, 0, 0, 0, 0, 0, 0, 0, 0, 0, 0, 0, 0, 0, 0, 0, 0, 0, 0, 0, 0, 0, 0, 0, 0, 0, 0, 0, 0.00020343227, 9.433617e-05, 2.2932521e-05, -0.00011688755, -0.00024507818, -0.00030599424, -0.0004243369, -0.00053982163, -0.0005964724, -0.0007066155, -0.00081110303, -0.0009083261, -0.0009538603, -0.0010386568, -0.0011154256, -0.00115097, -0.0012167622, -0.0012762479, -0.0013307175, -0.0013566443, -0.0014074366, -0.0014594776, -0.0014868535, -0.0015460921, -0.0016121605, -0.0016475992, -0.0017219464, -0.001798497, -0.0018742031, -0.0019108736, -0.001980805, -0.0020446149, -0.0020739029, -0.0021263312, -0.0021695595, -0.0022024969, -0.002214774, -0.0022304426, -0.0022332855, -0.0022296887, -0.0022120418, -0.002180441, -0.0021596604, -0.0021090026, -0.0020483017, -0.0019798528, -0.0019434133, -0.0018667592, -0.0017849032, -0.0017416602, -0.001649917, -0.0015508693, -0.0014455768, -0.0013912487, -0.0012808071, -0.0011696365, -0.0011143131, -0.0010048847, -0.0008983001, -0.00084647536, -0.00074631715, -0.0006507851, -0.0005588816, -0.00051366707, -0.00042341417, -0.00033144013, -0.0002842246, -0.00018704019, -8.7005654e-05, 1.3438456e-05, 6.296897e-05, 0.00015962875, 0.0002545741, 0.00030366873, 0.0004133999, 0.00054205133
0, 0, 0, 0, 0, 0, 0, 0, 0, 0, 0, 0, 0, 0, 0, 0, 0, 0, 0, 0, 0, 0, 0, 0, 0, 0, 0, 0, 0, 0, 0, 0, 0, 0, 0, 0, 0, 0, 0, 0, 0, 0, 0, 0, 0, 0, 0, 0, 0, 0, 0, 0, 0, 0, 0, 0, 0, 0, 0, 0, 0, 0, 0, 0, 0, 0, 0, 0, 0, 0, 0, 0, 0, 0, 0.000312082, 0.00020436561, 0.00014045852, 2.3213535e-05, -7.928847e-05, -0.00012728103, -0.00022016816, -0.00031076928, -0.00035534997, -0.00044231507, -0.0005251504, -0.0006024642, -0.0006386462, -0.0007054586, -0.0007648492, -0.00079179223, -0.00084045454, -0.00088279095, -0.00092006946, -0.0009374186, -0.0009711692, -0.0010065476, -0.0010258537, -0.0010695376, -0.0011213579, -0.0011503098, -0.0012133825, -0.0012808442, -0.0013494195, -0.001383085, -0.0014473966, -0.0015055703, -0.001531602, -0.0015764778, -0.0016103808, -0.0016323902, -0.0016388579, -0.0016426453, -0.001634336, -0.0016257279, -0.0015997774, -0.001562736, -0.0015404499, -0.0014892489, -0.0014310587, -0.0013680538, -0.0013352596, -0.00126771, -0.0011972588, -0.0011606207, -0.0010836476, -0.0010011124, -0.00091302826, -0.0008671151, -0.0007720812, -0.00067381223, -0.00062383275, -0.00052353233, -0.0004249096, -0.00037712895, -0.00028628987, -0.00020280662, -0.00012648897, -9.0477864e-05, -2.0906582e-05, 4.7874142e-05, 8.273715e-05, 0.00015417246, 0.00022725979, 0.0002995238, 0.0003344234, 0.00040066784, 0.00046444233, 0.0004983679, 0.00058214576, 0.0006999784
0, 0, 0, 0, 0, 0, 0, 0, 0, 0, 0, 0, 0, 0, 0, 0, 0, 0, 0, 0, 0, 0, 0, 0, 0, 0, 0, 0, 0, 0, 0, 0, 0, 0, 0, 0, 0, 0, 0, 0, 0, 0, 0, 0, 0, 0, 0, 0, 0, 0, 0, 0, 0, 0, 0, 0, 0, 0, 0, 0, 0, 0, 0, 0, 0, 0, 0, 0, 0, 0, 0, 0, 0, 0, 0.000449896, 0.0003447503, 0.00028943253, 0.00019588508, 0.00011884833, 8.3449035e-05, 1.5504298e-05, -5.0225648e-05, -8.233668e-05, -0.0001448371, -0.00020421347, -0.00025980352, -0.00028587275, -0.00033426136, -0.00037740055, -0.00039708498, -0.00043289457, -0.00046439338, -0.0004924067, -0.00050548743, -0.000531021, -0.00055776205, -0.0005724111, -0.0006054872, -0.00064505416, -0.00066738843, -0.0007167273, -0.00077037566, -0.00082547124, -0.0008526665, -0.0009044625, -0.0009504075, -0.00097029627, -0.0010023816, -0.0010227886, -0.0010307084, -0.0010301322, -0.0010204889, -0.0010005079, -0.0009870663, -0.0009541384, -0.00091397046, -0.0008915547, -0.000842867, -0.000790023, -0.00073460134, -0.0007062158, -0.0006483675, -0.00058883446, -0.00055828446, -0.0004949698, -0.00042793085, -0.00035654753, -0.00031902848, -0.00024019374, -0.00015657816, -0.00011323571, -2.5196463e-05, 6.155383e-05, 0.00010319516, 0.00018057103, 0.00024814624, 0.00030567968, 0.00033127525, 0.00037803585, 0.00042181707, 0.0004435065, 0.0004873956, 0.0005315073, 0.0005735137, 0.00059281406, 0.0006271517, 0.0006590828, 0.0006777477, 0.00073576707, 0.00084317033
0, 0, 0, 0, 0, 0, 0, 0, 0, 0, 0, 0, 0, 0, 0, 0, 0, 0, 0, 0, 0, 0, 0, 0, 0, 0, 0, 0, 0, 0, 0, 0, 0, 0, 0, 0, 0, 0, 0, 0, 0, 0, 0, 0, 0, 0, 0, 0, 0, 0, 0, 0, 0, 0, 0, 0, 0, 0, 0, 0, 0, 0, 0, 0, 0, 0, 0, 0, 0, 0, 0, 0, 0, 0, 0.00063152844, 0.00052944076, 0.0004822049, 0.0004099933, 0.0003554161, 0.00033107714, 0.0002850132, 0.00024122544, 0.00022021301, 0.00018018289, 0.00014318472, 0.00010921997, 9.3442024e-05, 6.420132e-05, 3.7885056e-05, 2.5614025e-05, 2.393124e-06, -1.9557034e-05, -4.070719e-05, -5.114501e-05, -7.225827e-05, -9.4483745e-05, -0.00010632137, -0.00013205009, -0.000161298, -0.00017734719, -0.0002119653, -0.00024900597, -0.00028668958, -0.00030513178, -0.00033991193, -0.00036967735, -0.0003818197, -0.00039889992, -0.00040485756, -0.00039888514, -0.0003916761, -0.00036998955, -0.00034046912, -0.00032343567, -0.00028626207, -0.00024599317, -0.00022495368, -0.00018158183, -0.00013660263, -9.029413e-05, -6.672583e-05, -1.8604615e-05, 3.0818588e-05, 5.6108485e-05, 0.000108023, 0.00016222424, 0.00021930132, 0.00024922309, 0.00031227744, 0.00037971305, 0.0004148328, 0.00048604392, 0.0005553143, 0.0005878176, 0.0006462058, 0.00069363136, 0.00072991545, 0.00074442814, 0.00076834345, 0.0007881268, 0.0007973015, 0.000814944, 0.0008307932, 0.0008425624, 0.00084607437, 0.00084787566, 0.0008469415, 0.0008498659, 0.000881591, 0.000978188
0, 0, 0, 0, 0, 0, 0, 0, 0, 0, 0, 0, 0, 0, 0, 0, 0, 0, 0, 0, 0, 0, 0, 0, 0, 0, 0, 0, 0, 0, 0, 0, 0, 0, 0, 0, 0, 0, 0, 0, 0, 0, 0, 0, 0, 0, 0, 0, 0, 0, 0, 0, 0, 0, 0, 0, 0, 0, 0, 0, 0, 0, 0, 0, 0, 0, 0, 0, 0, 0, 0, 0, 0, 0, 0.00088727457, 0.0007670541, 0.00071810203, 0.0006552558, 0.00061711075, 0.0006018125, 0.0005744543, 0.0005499249, 0.00053872826, 0.0005188347, 0.00050239166, 0.0004893843, 0.00048392615, 0.0004749302, 0.00046760772, 0.00046416692, 0.0004568594, 0.0004478388, 0.00043636136, 0.0004296207, 0.00041418755, 0.00039677563, 0.00038754538, 0.00036831092, 0.00034851, 0.0003384211, 0.00031828033, 0.00029842329, 0.0002794831, 0.00027056466, 0.0002544701, 0.00024193035, 0.00023774264, 0.00023516077, 0.00024200101, 0.00025909866, 0.0002712688, 0.0003014861, 0.00033731945, 0.0003564206, 0.0003954758, 0.00043431262, 0.00045347062, 0.00049120304, 0.0005284828, 0.0005661263, 0.00058522687, 0.0006242388, 0.0006645153, 0.00068514404, 0.0007273091, 0.0007705698, 0.000815126, 0.0008379574, 0.0008849781, 0.0009338533, 0.00095866615, 0.0010078201, 0.001053446, 0.0010737337, 0.0011075342, 0.0011309355, 0.0011442145, 0.0011476049, 0.0011497672, 0.0011479434, 0.0011460759, 0.0011404832, 0.0011308925, 0.0011144272, 0.0011028085, 0.0010727728, 0.0010390031, 0.0010259573, 0.0010305239, 0.0011155909
0, 0, 0, 0, 0, 0, 0, 0, 0, 0, 0, 0, 0, 0, 0, 0, 0, 0, 0, 0, 0, 0, 0, 0, 0, 0, 0, 0, 0, 0, 0, 0, 0, 0, 0, 0, 0, 0, 0, 0, 0, 0, 0, 0, 0, 0, 0, 0, 0, 0, 0, 0, 0, 0, 0, 0, 0, 0, 0, 0, 0, 0, 0, 0, 0, 0, 0, 0, 0, 0, 0, 0, 0, 0, 0.0013764724, 0.0010400622, 0.0009662048, 0.0008993697, 0.00087620516, 0.0008703814, 0.0008629385, 0.0008587873, 0.0008578238, 0.0008584625, 0.00086283596, 0.0008708039, 0.00087600586, 0.0008882508, 0.0009018315, 0.00090853556, 0.0009203653, 0.00092826533, 0.00093069323, 0.00092973124, 0.00092389504, 0.0009143887, 0.00090889115, 0.0008978891, 0.0008884514, 0.00088460086, 0.00087908324, 0.0008765002, 0.00087651884, 0.000877269, 0.00088007783, 0.00088480284, 0.000888311, 0.0008989856, 0.0009162073, 0.00094112736, 0.00095637917, 0.0009913081, 0.0010300089, 0.0010499546, 0.0010894737, 0.0011271465, 0.0011450591, 0.0011792034, 0.0012115345, 0.0012428322, 0.0012583537, 0.0012894642, 0.0013210145, 0.0013369842, 0.0013690476, 0.0014009532, 0.0014320314, 0.0014469938, 0.0014756562, 0.0015023329, 0.0015146952, 0.001536614, 0.0015533093, 0.0015590528, 0.0015643571, 0.0015612026, 0.0015506159, 0.0015431005, 0.0015248188, 0.0015035456, 0.0014918984, 0.0014657862, 0.0014334737, 0.0013912638, 0.001365651, 0.0013057127, 0.0012405243, 0.0012120011, 0.0011898146, 0.0012631966
0, 0, 0, 0, 0, 0, 0, 0, 0, 0, 0, 0, 0, 0, 0, 0, 0, 0, 0, 0, 0, 0, 0, 0, 0, 0, 0, 0, 0, 0, 0, 0, 0, 0, 0, 0, 0, 0, 0, 0, 0, 0, 0, 0, 0, 0, 0, 0, 0, 0, 0, 0, 0, 0, 0, 0, 0, 0, 0, 0, 0, 0, 0, 0, 0, 0, 0, 0, 0, 0, 0, 0, 0, 0, 0.0013866071, 0.0011815397, 0.0011329917, 0.0011013562, 0.0011079877, 0.0011162832, 0.0011360219, 0.0011576011, 0.0011690304, 0.001193544, 0.0012209202, 0.0012511477, 0.0012672096, 0.0013007852, 0.0013350892, 0.0013519479, 0.0013834459, 0.0014097109, 0.001428668, 0.0014351711, 0.001442916, 0.0014455414, 0.0014459536, 0.0014472601, 0.0014512474, 0.0014548516, 0.0014657025, 0.0014813844, 0.0015007681, 0.0015113325, 0.0015331705, 0.0015551018, 0.0015661771, 0.0015893348, 0.0016154199, 0.0016457525, 0.0016626217, 0.0016991461, 0.001737958, 0.0017577169, 0.0017965898, 0.0018336023, 0.0018511467, 0.0018841143, 0.0019143908, 0.0019420335, 0.0019549709, 0.0019792416, 0.002001768, 0.0020124295, 0.0020323962, 0.0020499548, 0.00206393, 0.002069139, 0.0020754368, 0.00207581, 0.0020737436, 0.0020651184, 0.002050229, 0.0020403771, 0.0020159585, 0.0019860114, 0.001952127, 0.0019341342, 0.001896592, 0.0018570058, 0.0018360686, 0.0017902941, 0.0017361413, 0.0016696962, 0.001631082, 0.0015435203, 0.0014493994, 0.0014066031, 0.0013595037, 0.0014222696
0, 0, 0, 0, 0, 0, 0, 0, 0, 0, 0, 0, 0, 0, 0, 0, 0, 0, 0, 0, 0, 0, 0, 0, 0, 0, 0, 0, 0, 0, 0, 0, 0, 0, 0, 0, 0, 0, 0, 0, 0, 0, 0, 0, 0, 0, 0, 0, 0, 0, 0, 0, 0, 0, 0, 0, 0, 0, 0, 0, 0, 0, 0, 0, 0, 0, 0, 0, 0, 0, 0, 0, 0, 0, 0.001367112, 0.0012543015, 0.0012402475, 0.0012619232, 0.0013104628, 0.0013372917, 0.001390944, 0.0014433322, 0.0014692028, 0.0015207498, 0.0015731235, 0.0016265385, 0.0016535379, 0.0017077258, 0.0017612441, 0.0017873852, 0.0018369785, 0.0018811503, 0.0019178141, 0.0019330693, 0.0019582075, 0.0019781205, 0.0019872268, 0.002006049, 0.0020280362, 0.0020408465, 0.0020706097, 0.0021057073, 0.0021447267, 0.0021649357, 0.0022052764, 0.002243798, 0.0022621255, 0.0022973428, 0.0023316848, 0.0023663412, 0.0023840417, 0.002420364, 0.0024574972, 0.0024761264, 0.002512985, 0.0025486976, 0.0025658044, 0.002598101, 0.0026271862, 0.0026522486, 0.0026629723, 0.0026806612, 0.002693368, 0.002697902, 0.0027031908, 0.0027028744, 0.0026956524, 0.0026890212, 0.002669237, 0.0026407395, 0.002623474, 0.002583851, 0.0025381458, 0.0025134713, 0.002461341, 0.0024070116, 0.0023519818, 0.0023243523, 0.0022685553, 0.0022106443, 0.0021800753, 0.002113539, 0.002036586, 0.0019458088, 0.0018945645, 0.0017811022, 0.0016605167, 0.0016046845, 0.0015349395, 0.0015886745
0, 0, 0, 0, 0, 0, 0, 0, 0, 0, 0, 0, 0, 0, 0, 0, 0, 0, 0, 0, 0, 0, 0, 0, 0, 0, 0, 0, 0, 0, 0, 0, 0, 0, 0, 0, 0, 0, 0, 0, 0, 0, 0, 0, 0, 0, 0, 0, 0, 0, 0, 0, 0, 0, 0, 0, 0, 0, 0, 0, 0, 0, 0, 0, 0, 0, 0, 0, 0, 0, 0, 0, 0, 0, 0.00140179, 0.001331765, 0.0013413755, 0.001407875, 0.0014964812, 0.0015416626, 0.0016291748, 0.0017122162, 0.0017524665, 0.0018311845, 0.0019085698, 0.0019851557, 0.0020229714, 0.0020973752, 0.002169539, 0.0022045868, 0.002271976, 0.0023344306, 0.0023906375, 0.0024162275, 0.002463113, 0.0025058032, 0.0025264455, 0.0025681173, 0.0026121396, 0.0026355458, 0.0026856982, 0.0027400267, 0.0027971088, 0.002825915, 0.0028824084, 0.0029354363, 0.0029603117, 0.0030066029, 0.0030488272, 0.0030878237, 0.0031064474, 0.0031424938, 0.0031774167, 0.0031945857, 0.0032282704, 0.0032609697, 0.0032767956, 0.0033065486, 0.003332655, 0.0033534698, 0.003361399, 0.003371354, 0.0033731621, 0.0033709253, 0.0033601099, 0.0033402438, 0.003310225, 0.0032911336, 0.00324477, 0.0031882909, 0.003156814, 0.0030888226, 0.0030162737, 0.0029789824, 0.002903866, 0.002829429, 0.0027563327, 0.0027200282, 0.002646497, 0.0025690028, 0.0025277515, 0.0024380083, 0.0023360392, 0.002219472, 0.0021553563, 0.002016331, 0.0018704085, 0.0018022232, 0.0017112942, 0.0017571846
0, 0, 0, 0, 0, 0, 0, 0, 0, 0, 0, 0, 0, 0, 0, 0, 0, 0, 0, 0, 0, 0, 0, 0, 0, 0, 0, 0, 0, 0, 0, 0, 0, 0, 0, 0, 0, 0, 0, 0, 0, 0, 0, 0, 0, 0, 0, 0, 0, 0, 0, 0, 0, 0, 0, 0, 0, 0, 0, 0, 0, 0, 0, 0, 0, 0, 0, 0, 0, 0, 0, 0, 0, 0, 0.0014821973, 0.0014317884, 0.0014553602, 0.0015522516, 0.0016710943, 0.0017307784, 0.001845861, 0.0019548435, 0.0020075182, 0.00211039, 0.0022110539, 0.0023100178, 0.0023587595, 0.0024541665, 0.0025466182, 0.0025916463, 0.0026792472, 0.002762995, 0.0028422137, 0.0028801907, 0.0029530637, 0.003023046, 0.0030573548, 0.0031254448, 0.0031937282, 0.0032282264, 0.0032984847, 0.0033700368, 0.00344197, 0.0034775308, 0.0035464836, 0.0036109372, 0.003641036, 0.0036967434, 0.0037465561, 0.00379095, 0.0038113163, 0.0038490524, 0.003883587, 0.0038999016, 0.003930854, 0.003959662, 0.003973192, 0.003997793, 0.0040177214, 0.004031095, 0.004034688, 0.0040346268, 0.004024331, 0.004015207, 0.0039887168, 0.0039507006, 0.003900558, 0.0038707273, 0.003801845, 0.0037219827, 0.0036787956, 0.0035879249, 0.003494124, 0.003447038, 0.003353938, 0.0032632486, 0.003174179, 0.0031294376, 0.0030371575, 0.0029377106, 0.0028841924, 0.0027679862, 0.0026381516, 0.0024937752, 0.0024159893, 0.0022502712, 0.0020785453, 0.0019979759, 0.0018859222, 0.001924262
0, 0, 0, 0, 0, 0, 0, 0, 0, 0, 0, 0, 0, 0, 0, 0, 0, 0, 0, 0, 0, 0, 0, 0, 0, 0, 0, 0, 0, 0, 0, 0, 0, 0, 0, 0, 0, 0, 0, 0, 0, 0, 0, 0, 0, 0, 0, 0, 0, 0, 0, 0, 0, 0, 0, 0, 0, 0, 0, 0, 0, 0, 0, 0, 0, 0, 0, 0, 0, 0, 0, 0, 0, 0, 0.0015724231, 0.0015334169, 0.0015665028, 0.0016853538, 0.0018266687, 0.00189731, 0.0020336667, 0.0021633976, 0.0022263408, 0.0023497026, 0.0024712486, 0.002591574, 0.0026511368, 0.0027686781, 0.002883947, 0.0029406308, 0.003052078, 0.0031607598, 0.0032664828, 0.003318251, 0.0034198782, 0.0035189558, 0.0035675655, 0.0036628277, 0.003755352, 0.0038006823, 0.0038895677, 0.0039762175, 0.004060309, 0.0041012256, 0.00417972, 0.0042530256, 0.004287384, 0.0043513896, 0.0044091684, 0.004460776, 0.0044844127, 0.004527572, 0.0045657824, 0.0045831446, 0.0046143145, 0.0046408586, 0.0046521965, 0.0046705585, 0.0046819323, 0.004684799, 0.004682531, 0.004670071, 0.004646615, 0.00463078, 0.0045904242, 0.0045382096, 0.0044733034, 0.00443589, 0.0043512154, 0.004254828, 0.0042032045, 0.004095683, 0.0039857156, 0.0039309203, 0.0038229197, 0.0037170227, 0.003611062, 0.003556822, 0.0034427322, 0.0033177468, 0.0032501977, 0.003104154, 0.0029436953, 0.002769186, 0.002676779, 0.002482875, 0.0022841603, 0.0021908854, 0.0020573987, 0.0020879689
0, 0, 0, 0, 0, 0, 0, 0, 0, 0, 0, 0, 0, 0, 0, 0, 0, 0, 0, 0, 0, 0, 0, 0, 0, 0, 0, 0, 0, 0, 0, 0, 0, 0, 0, 0, 0, 0, 0, 0, 0, 0, 0, 0, 0, 0, 0, 0, 0, 0, 0, 0, 0, 0, 0, 0, 0, 0, 0, 0, 0, 0, 0, 0, 0, 0, 0, 0, 0, 0, 0, 0, 0, 0, 0.0016413463, 0.0016144327, 0.001657648, 0.0017988462, 0.0019619847, 0.0020428582, 0.0021984852, 0.002346251, 0.00241805, 0.0025592023, 0.0026990874, 0.0028386859, 0.002908352, 0.0030474681, 0.0031856657, 0.003254417, 0.0033907618, 0.0035252902, 0.0036578306, 0.0037233143, 0.0038525846, 0.0039790603, 0.004040959, 0.004161375, 0.004276467, 0.0043319697, 0.0044387183, 0.0045401924, 0.0046366616, 0.0046829404, 0.004771298, 0.0048535275, 0.004892361, 0.00496529, 0.005032228, 0.005093474, 0.0051220083, 0.005174643, 0.0052211885, 0.0052419687, 0.0052779783, 0.0053059235, 0.0053165033, 0.005330205, 0.005333153, 0.00532448, 0.0053156875, 0.00528952, 0.005252375, 0.0052299676, 0.00517754, 0.0051146434, 0.005039841, 0.004997631, 0.004903111, 0.0047961557, 0.00473887, 0.004619389, 0.0044965255, 0.0044347993, 0.0043117837, 0.0041885464, 0.0040620705, 0.0039961715, 0.0038559427, 0.0037014503, 0.0036181873, 0.003439789, 0.0032466045, 0.003040333, 0.0029327173, 0.0027097391, 0.0024837381, 0.0023776598, 0.0022230006, 0.0022460571
0, 0, 0, 0, 0, 0, 0, 0, 0, 0, 0, 0, 0, 0, 0, 0, 0, 0, 0, 0, 0, 0, 0, 0, 0, 0, 0, 0, 0, 0, 0, 0, 0, 0, 0, 0, 0, 0, 0, 0, 0, 0, 0, 0, 0, 0, 0, 0, 0, 0, 0, 0, 0, 0, 0, 0, 0, 0, 0, 0, 0, 0, 0, 0, 0, 0, 0, 0, 0, 0, 0, 0, 0, 0, 0.0016925212, 0.0016863421, 0.0017437104, 0.0019130955, 0.0021010195, 0.0021928018, 0.0023678879, 0.0025328281, 0.002612524, 0.0027690397, 0.0029238379, 0.0030789287, 0.0031567675, 0.0033131458, 0.0034702483, 0.0035489069, 0.0037059505, 0.0038622108, 0.0040171635, 0.004094039, 0.0042462074, 0.0043953615, 0.00446839, 0.0046103876, 0.0047460585, 0.0048113572, 0.004936663, 0.0050552315, 0.005167054, 0.005220364, 0.0053217695, 0.0054160617, 0.0054605133, 0.0055444795, 0.0056223273, 0.005694722, 0.0057289246, 0.0057929875, 0.005850378, 0.00587606, 0.0059201736, 0.0059529888, 0.00596451, 0.0059768227, 0.0059739547, 0.0059557096, 0.0059411726, 0.0059023653, 0.0058524753, 0.005823966, 0.005760413, 0.0056878254, 0.0056046615, 0.005558506, 0.0054563615, 0.005341453, 0.005279895, 0.005150658, 0.005015944, 0.004947282, 0.004807547, 0.0046636923, 0.0045125196, 0.004432877, 0.0042626737, 0.004075799, 0.0039758864, 0.0037638417, 0.0035375347, 0.00329953, 0.0031768044, 0.0029251748, 0.0026726683, 0.002554402, 0.0023796635, 0.0023957938
0, 0, 0, 0, 0, 0, 0, 0, 0, 0, 0, 0, 0, 0, 0, 0, 0, 0, 0, 0, 0, 0, 0, 0, 0, 0, 0, 0, 0, 0, 0, 0, 0, 0, 0, 0, 0, 0, 0, 0, 0, 0, 0, 0, 0, 0, 0, 0, 0, 0, 0, 0, 0, 0, 0, 0, 0, 0, 0, 0, 0, 0, 0, 0, 0, 0, 0, 0, 0, 0, 0, 0, 0, 0, 0.0017852162, 0.0018079221, 0.0018806185, 0.0020772517, 0.0022874596, 0.0023889858, 0.0025811598, 0.002760556, 0.0028466694, 0.0030147433, 0.00318002, 0.0033451389, 0.0034280724, 0.0035949086, 0.0037632356, 0.0038478079, 0.004017539, 0.0041875527, 0.0043573715, 0.0044420036, 0.004610457, 0.0047767735, 0.0048586447, 0.005018843, 0.005173501, 0.0052484735, 0.005393553, 0.0055316547, 0.0056623165, 0.0057246126, 0.005842756, 0.0059522325, 0.006003591, 0.0061002015, 0.0061892555, 0.0062719993, 0.0063110734, 0.006384689, 0.0064510475, 0.006480984, 0.0065327655, 0.006571351, 0.006584834, 0.0065986854, 0.006594041, 0.0065708547, 0.0065528997, 0.0065059736, 0.0064467876, 0.006413342, 0.0063397144, 0.006256942, 0.006163818, 0.0061127786, 0.0060012247, 0.005877123, 0.005810911, 0.0056714024, 0.005524176, 0.0054480447, 0.005290501, 0.005124436, 0.004946841, 0.004852582, 0.004651086, 0.0044313977, 0.004314898, 0.0040699006, 0.0038118039, 0.0035437287, 0.0034067295, 0.0031281232, 0.0028506727, 0.002720869, 0.0025271229, 0.002536922
0, 0, 0, 0, 0, 0, 0, 0, 0, 0, 0, 0, 0, 0, 0, 0, 0, 0, 0, 0, 0, 0, 0, 0, 0, 0, 0, 0, 0, 0, 0, 0, 0, 0, 0, 0, 0, 0, 0, 0, 0, 0, 0, 0, 0, 0, 0, 0, 0, 0, 0, 0, 0, 0, 0, 0, 0, 0, 0, 0, 0, 0, 0, 0, 0, 0, 0, 0, 0, 0, 0, 0, 0, 0, 0.0020536794, 0.0020615777, 0.0021331434, 0.0023352394, 0.0025547978, 0.0026612852, 0.0028632504, 0.0030515054, 0.0031417492, 0.0033169389, 0.0034881744, 0.0036582798, 0.0037434131, 0.0039144126, 0.004086749, 0.0041734697, 0.0043481765, 0.004524435, 0.004702113, 0.004791393, 0.0049706344, 0.005149792, 0.005238777, 0.0054147057, 0.0055868104, 0.0056710546, 0.0058353823, 0.005992973, 0.0061427336, 0.0062141726, 0.0063495934, 0.006474458, 0.0065327855, 0.0066412417, 0.0067397226, 0.006829311, 0.0068711326, 0.006949227, 0.0070191976, 0.007050848, 0.007106038, 0.0071480554, 0.007163232, 0.007180097, 0.007177658, 0.007155668, 0.007137767, 0.0070895995, 0.0070268856, 0.006990747, 0.006909634, 0.006816772, 0.00671172, 0.0066544167, 0.0065301666, 0.006393499, 0.0063209706, 0.0061683897, 0.0060065505, 0.005922196, 0.005746156, 0.0055583324, 0.0053556412, 0.0052477433, 0.0050173737, 0.004767542, 0.004635868, 0.004361064, 0.0040742997, 0.0037790092, 0.0036289247, 0.0033250162, 0.003023422, 0.002882179, 0.0026694592, 0.0026726897
0, 0, 0, 0, 0, 0, 0, 0, 0, 0, 0, 0, 0, 0, 0, 0, 0, 0, 0, 0, 0, 0, 0, 0, 0, 0, 0, 0, 0, 0, 0, 0, 0, 0, 0, 0, 0, 0, 0, 0, 0, 0, 0, 0, 0, 0, 0, 0, 0, 0, 0, 0, 0, 0, 0, 0, 0, 0, 0, 0, 0, 0, 0, 0, 0, 0, 0, 0, 0, 0, 0, 0, 0, 0.0036212108, 0.002639824, 0.0024495258, 0.0024940236, 0.0026785333, 0.0028951797, 0.0030018461, 0.003205778, 0.0033975744, 0.0034898887, 0.003669682, 0.0038454088, 0.0040191812, 0.0041058385, 0.004279083, 0.0044531287, 0.004540675, 0.0047171884, 0.0048963376, 0.005078478, 0.005170806, 0.0053578084, 0.0055470476, 0.005641931, 0.0058311955, 0.006018174, 0.0061102314, 0.006290125, 0.006462998, 0.0066272905, 0.0067057298, 0.0068543027, 0.0069910074, 0.007054685, 0.007172272, 0.007277272, 0.007370385, 0.007412971, 0.00749056, 0.007558461, 0.0075887293, 0.007641543, 0.0076825814, 0.0076979976, 0.007717156, 0.007719076, 0.00770281, 0.007687884, 0.007644775, 0.007584528, 0.0075481697, 0.0074632578, 0.0073622195, 0.0072454265, 0.00718131, 0.0070421966, 0.006889906, 0.006809375, 0.0066401525, 0.0064606383, 0.0063669733, 0.006171081, 0.0059621143, 0.005736901, 0.005617283, 0.005362922, 0.005088602, 0.004944704, 0.0046457434, 0.0043350887, 0.0040161917, 0.0038541427, 0.003525879, 0.0031995566, 0.0030462751, 0.00281296, 0.0028083292
0, 0, 0, 0, 0, 0, 0, 0, 0, 0, 0, 0, 0, 0, 0, 0, 0, 0, 0, 0, 0, 0, 0, 0, 0, 0, 0, 0, 0, 0, 0, 0, 0, 0, 0, 0, 0, 0, 0, 0, 0, 0, 0, 0, 0, 0, 0, 0, 0, 0, 0, 0, 0, 0, 0, 0, 0, 0, 0, 0, 0, 0, 0, 0, 0, 0, 0, 0, 0, 0, 0, 0, 0, 0.0031645535, 0.0028067208, 0.002769736, 0.0028389795, 0.003041407, 0.0032611485, 0.003368007, 0.003572818, 0.0037678578, 0.0038628834, 0.004049565, 0.0042335223, 0.004415555, 0.0045060376, 0.004686165, 0.0048656226, 0.0049554496, 0.0051359967, 0.0053189876, 0.005505538, 0.0056004776, 0.0057937647, 0.0059907716, 0.006090178, 0.0062893927, 0.006486876, 0.006584149, 0.0067737666, 0.006955227, 0.0071269316, 0.0072087725, 0.0073639625, 0.0075072814, 0.007574177, 0.0076978393, 0.0078076078, 0.007903443, 0.0079462575, 0.008021992, 0.008084995, 0.008111969, 0.008157682, 0.008192637, 0.008205972, 0.008223695, 0.008227993, 0.008217261, 0.008205839, 0.008169688, 0.008114352, 0.008079048, 0.007992919, 0.007886089, 0.007759394, 0.0076890807, 0.00753559, 0.0073669283, 0.0072775157, 0.007089487, 0.0068897386, 0.0067854677, 0.006567873, 0.0063372124, 0.0060912035, 0.0059616067, 0.0056883083, 0.005396441, 0.0052439915, 0.004928038, 0.004599637, 0.004261106, 0.004088356, 0.0037365633, 0.003384473, 0.0032181863, 0.0029620493, 0.0029478332
0, 0, 0, 0, 0, 0, 0, 0, 0, 0, 0, 0, 0, 0, 0, 0, 0, 0, 0, 0, 0, 0, 0, 0, 0, 0, 0, 0, 0, 0, 0, 0, 0, 0, 0, 0, 0, 0, 0, 0, 0, 0, 0, 0, 0, 0, 0, 0, 0, 0, 0, 0, 0, 0, 0, 0, 0, 0, 0, 0, 0, 0, 0, 0, 0, 0, 0, 0, 0, 0, 0, 0, 0, 0.0031329277, 0.0029722329, 0.0030469103, 0.0031434272, 0.0033725565, 0.0036032035, 0.0037138863, 0.003926464, 0.0041320324, 0.0042334623, 0.0044351704, 0.004635941, 0.00483524, 0.004934067, 0.005129407, 0.005321553, 0.005416622, 0.0056057354, 0.0057950965, 0.005986815, 0.0060840733, 0.0062819133, 0.006483896, 0.0065860823, 0.0067911474, 0.0069943722, 0.0070942207, 0.0072882613, 0.0074725817, 0.0076458333, 0.0077282065, 0.007884638, 0.0080301035, 0.008098565, 0.008226159, 0.00834054, 0.0084402105, 0.008484085, 0.00855935, 0.00861804, 0.008641436, 0.008677659, 0.008702046, 0.008710411, 0.0087202, 0.008720017, 0.008708394, 0.0086975135, 0.008663283, 0.008609397, 0.008574048, 0.008485701, 0.008373528, 0.008238629, 0.008163188, 0.007997726, 0.007814693, 0.0077171307, 0.007511027, 0.0072909296, 0.007175808, 0.0069357823, 0.0066828798, 0.006416745, 0.0062782476, 0.0059897183, 0.005685777, 0.0055280584, 0.005201797, 0.0048618284, 0.004508375, 0.0043265033, 0.0039531738, 0.003575668, 0.003396102, 0.003116256, 0.003091136
0, 0, 0, 0, 0, 0, 0, 0, 0, 0, 0, 0, 0, 0, 0, 0, 0, 0, 0, 0, 0, 0, 0, 0, 0, 0, 0, 0, 0, 0, 0, 0, 0, 0, 0, 0, 0, 0, 0, 0, 0, 0, 0, 0, 0, 0, 0, 0, 0, 0, 0, 0, 0, 0, 0, 0, 0, 0, 0, 0, 0, 0, 0, 0, 0, 0, 0, 0, 0, 0, 0, 0, 0, 0.003993879, 0.0033135656, 0.0033082662, 0.003401987, 0.0036428075, 0.0038922327, 0.00401325, 0.004248032, 0.0044774516, 0.0045913165, 0.004818676, 0.005045576, 0.0052706427, 0.005381717, 0.0055995733, 0.0058105756, 0.0059134965, 0.006115161, 0.006313347, 0.0065109087, 0.006610174, 0.0068109753, 0.0070152697, 0.0071185436, 0.007326101, 0.0075319395, 0.0076329815, 0.007828851, 0.008013812, 0.008186398, 0.008268142, 0.008423211, 0.008567934, 0.00863652, 0.008765893, 0.0088833915, 0.008986434, 0.009031554, 0.009107227, 0.009162311, 0.009182327, 0.00920853, 0.009219406, 0.0092202965, 0.0092149135, 0.009200938, 0.009177712, 0.0091618, 0.009118985, 0.009057419, 0.009018525, 0.008922795, 0.008802831, 0.008659651, 0.008579858, 0.0084051145, 0.008211508, 0.008107995, 0.007887988, 0.0076511954, 0.0075267097, 0.007266757, 0.0069935336, 0.006708714, 0.006562113, 0.006260632, 0.0059476043, 0.0057865065, 0.0054543037, 0.00510745, 0.0047438103, 0.004555068, 0.0041639144, 0.003763889, 0.0035720635, 0.0032696591, 0.0032340032
0, 0, 0, 0, 0, 0, 0, 0, 0, 0, 0, 0, 0, 0, 0, 0, 0, 0, 0, 0, 0, 0, 0, 0, 0, 0, 0, 0, 0, 0, 0, 0, 0, 0, 0, 0, 0, 0, 0, 0, 0, 0, 0, 0, 0, 0, 0, 0, 0, 0, 0, 0, 0, 0, 0, 0, 0, 0, 0, 0, 0, 0, 0, 0, 0, 0, 0, 0, 0, 0, 0, 0, 0, 0.0036256493, 0.0033229678, 0.0034203648, 0.003542089, 0.003828804, 0.0041210223, 0.0042630727, 0.0045386734, 0.0048062117, 0.004938098, 0.005199323, 0.0054576015, 0.0057115844, 0.0058362805, 0.006079314, 0.0063121133, 0.0064244987, 0.0066419314, 0.0068519423, 0.0070576025, 0.007159756, 0.00736428, 0.007570608, 0.0076746484, 0.007883457, 0.008090932, 0.008192942, 0.008390505, 0.008576441, 0.008748727, 0.008829677, 0.00898214, 0.009123615, 0.009190636, 0.009317251, 0.009432677, 0.009533828, 0.009577868, 0.009650482, 0.009700238, 0.009716309, 0.009731688, 0.009727671, 0.009719701, 0.009694342, 0.009658825, 0.009613982, 0.009587567, 0.009524838, 0.009445358, 0.009398198, 0.009287754, 0.009155496, 0.009002312, 0.008918314, 0.008736239, 0.008535829, 0.008428818, 0.008200747, 0.007953747, 0.007823316, 0.007549842, 0.0072619338, 0.006962647, 0.0068095857, 0.00649721, 0.0061764023, 0.0060124043, 0.005675682, 0.0053242208, 0.0049539255, 0.004760475, 0.004356271, 0.003938364, 0.003736402, 0.0034147059, 0.0033701453
0, 0, 0, 0, 0, 0, 0, 0, 0, 0, 0, 0, 0, 0, 0, 0, 0, 0, 0, 0, 0, 0, 0, 0, 0, 0, 0, 0, 0, 0, 0, 0, 0, 0, 0, 0, 0, 0, 0, 0, 0, 0, 0, 0, 0, 0, 0, 0, 0, 0, 0, 0, 0, 0, 0, 0, 0, 0, 0, 0, 0, 0, 0, 0, 0, 0, 0, 0, 0, 0, 0, 0, 0, 0.0031751546, 0.0031470286, 0.0034049912, 0.0035798522, 0.0039482503, 0.004306453, 0.0044781286, 0.0048073367, 0.005121188, 0.005273471, 0.005570554, 0.0058592632, 0.0061401427, 0.0062773963, 0.006544256, 0.006799553, 0.006922615, 0.0071599516, 0.0073869554, 0.007606246, 0.007713767, 0.007926361, 0.008137719, 0.008243302, 0.008454207, 0.008662951, 0.008765564, 0.008964406, 0.009150982, 0.0093225725, 0.009402441, 0.009550855, 0.009685823, 0.009748894, 0.009866287, 0.009971188, 0.010061453, 0.010099977, 0.010161763, 0.010200764, 0.010211297, 0.010214308, 0.010194943, 0.01017788, 0.010131437, 0.010071553, 0.01000025, 0.009960375, 0.009870936, 0.009766559, 0.009707951, 0.009577242, 0.009428638, 0.009263271, 0.009174673, 0.008985684, 0.008780721, 0.008671968, 0.008440691, 0.008190307, 0.008057876, 0.0077792723, 0.007484888, 0.0071781073, 0.0070210984, 0.0067011085, 0.006373528, 0.00620658, 0.005864623, 0.0055083777, 0.005132659, 0.004935753, 0.0045223264, 0.0040913643, 0.0038816994, 0.003545021, 0.0034936992
0, 0, 0, 0, 0, 0, 0, 0, 0, 0, 0, 0, 0, 0, 0, 0, 0, 0, 0, 0, 0, 0, 0, 0, 0, 0, 0, 0, 0, 0, 0, 0, 0, 0, 0, 0, 0, 0, 0, 0, 0, 0, 0, 0, 0, 0, 0, 0, 0, 0, 0, 0, 0, 0, 0, 0, 0, 0, 0, 0, 0, 0, 0, 0, 0, 0, 0, 0, 0, 0, 0, 0, 0, 0.0029158264, 0.0030299241, 0.0033983232, 0.0036164883, 0.004057917, 0.0044784965, 0.004678394, 0.0050588665, 0.0054163495, 0.005587489, 0.0059171002, 0.006232502, 0.0065364754, 0.0066847047, 0.006973784, 0.007252323, 0.0073874346, 0.0076491386, 0.007899439, 0.008139119, 0.008255367, 0.008481772, 0.0087018795, 0.008810147, 0.009023464, 0.009231977, 0.009333768, 0.009530358, 0.009714305, 0.009882442, 0.009959977, 0.010101842, 0.010227127, 0.01028389, 0.010386157, 0.010473285, 0.010544224, 0.010573091, 0.010616258, 0.010638523, 0.010641414, 0.010629806, 0.010595307, 0.010569801, 0.0105040725, 0.010421656, 0.010324993, 0.0102718, 0.010155543, 0.0100253085, 0.0099546835, 0.00980253, 0.009636469, 0.009457863, 0.009364095, 0.009167528, 0.008957998, 0.008847855, 0.008615523, 0.008365839, 0.008234204, 0.007957464, 0.007664125, 0.007356801, 0.0071987533, 0.006875121, 0.0065423865, 0.0063724653, 0.0060242275, 0.005661706, 0.005279616, 0.005079367, 0.004658202, 0.004217518, 0.0040022507, 0.0036546614, 0.0035987936
0, 0, 0, 0, 0, 0, 0, 0, 0, 0, 0, 0, 0, 0, 0, 0, 0, 0, 0, 0, 0, 0, 0, 0, 0, 0, 0, 0, 0, 0, 0, 0, 0, 0, 0, 0, 0, 0, 0, 0, 0, 0, 0, 0, 0, 0, 0, 0, 0, 0, 0, 0, 0, 0, 0, 0, 0, 0, 0, 0, 0, 0, 0, 0, 0, 0, 0, 0, 0, 0, 0, 0, 0, 0.002986019, 0.0031167082, 0.003503946, 0.003734553, 0.0042059086, 0.004660611, 0.004878203, 0.005293633, 0.0056838146, 0.0058702957, 0.0062275585, 0.006567205, 0.0068930723, 0.007051929, 0.007362812, 0.0076651913, 0.00781298, 0.008100896, 0.008377324, 0.008640546, 0.008766986, 0.009009684, 0.009239767, 0.009350649, 0.009564723, 0.009769176, 0.009867678, 0.010056383, 0.010232151, 0.010392123, 0.010465503, 0.010598122, 0.0107116345, 0.0107613355, 0.010846801, 0.010913928, 0.010962703, 0.010980298, 0.011001612, 0.011004155, 0.010998157, 0.010970516, 0.010921042, 0.01088798, 0.010805885, 0.0107044885, 0.010586629, 0.010522225, 0.010383269, 0.010231143, 0.010150276, 0.0099796, 0.009797981, 0.009606689, 0.009507535, 0.009302088, 0.009086164, 0.00897383, 0.008739531, 0.008490993, 0.008360921, 0.008088654, 0.007800141, 0.0074963686, 0.007339174, 0.0070152613, 0.0066793845, 0.006506969, 0.006152543, 0.0057827267, 0.0053928685, 0.005188707, 0.004759651, 0.0043109395, 0.004091548, 0.003736558, 0.0036781023
0, 0, 0, 0, 0, 0, 0, 0, 0, 0, 0, 0, 0, 0, 0, 0, 0, 0, 0, 0, 0, 0, 0, 0, 0, 0, 0, 0, 0, 0, 0, 0, 0, 0, 0, 0, 0, 0, 0, 0, 0, 0, 0, 0, 0, 0, 0, 0, 0, 0, 0, 0, 0, 0, 0, 0, 0, 0, 0, 0, 0, 0, 0, 0, 0, 0, 0, 0, 0, 0, 0, 0, 0.0046926145, 0.003517781, 0.003394955, 0.0037206684, 0.0039399476, 0.00440411, 0.004864006, 0.0050872522, 0.005518546, 0.0059292596, 0.006126953, 0.0065080626, 0.0068715713, 0.0072202566, 0.007390115, 0.007722435, 0.008046211, 0.008204795, 0.00851458, 0.008811997, 0.009094185, 0.009228761, 0.009484059, 0.009721122, 0.009832937, 0.010044321, 0.0102403145, 0.01033303, 0.010508472, 0.010670661, 0.010818219, 0.010885922, 0.011007753, 0.011110085, 0.011153626, 0.011225129, 0.011275955, 0.011306501, 0.0113143455, 0.011316259, 0.011300317, 0.011285582, 0.011242025, 0.011177824, 0.011137606, 0.011040855, 0.010923518, 0.010788354, 0.01071487, 0.010557709, 0.010388396, 0.010299599, 0.010114539, 0.009920354, 0.009717774, 0.0096133975, 0.009398266, 0.009174127, 0.009058503, 0.008819821, 0.008570116, 0.0084406845, 0.00817156, 0.007887453, 0.007587675, 0.007431962, 0.0071093854, 0.0067723724, 0.0065984456, 0.006239095, 0.005862468, 0.005464761, 0.005256561, 0.0048199245, 0.0043646847, 0.00414257, 0.0037834302, 0.0037241688
0, 0, 0, 0, 0, 0, 0, 0, 0, 0, 0, 0, 0, 0, 0, 0, 0, 0, 0, 0, 0, 0, 0, 0, 0, 0, 0, 0, 0, 0, 0, 0, 0, 0, 0, 0, 0, 0, 0, 0, 0, 0, 0, 0, 0, 0, 0, 0, 0, 0, 0, 0, 0, 0, 0, 0, 0, 0, 0, 0, 0, 0, 0, 0, 0, 0, 0, 0, 0, 0, 0, 0, 0.003902314, 0.0035222473, 0.0036041073, 0.003969927, 0.00419062, 0.004647458, 0.0050995615, 0.005321033, 0.0057543954, 0.006175051, 0.006380451, 0.006780711, 0.007166056, 0.007536322, 0.0077161, 0.008065797, 0.008403594, 0.00856816, 0.008888128, 0.009194222, 0.009483363, 0.0096208565, 0.009880182, 0.010117803, 0.01022848, 0.010433658, 0.010618947, 0.010704887, 0.010864974, 0.011011269, 0.011144392, 0.0112057375, 0.011316684, 0.011409736, 0.0114490455, 0.0115118455, 0.01155275, 0.011571557, 0.011572923, 0.011560563, 0.011529265, 0.011506833, 0.011447952, 0.011369195, 0.011321902, 0.011211088, 0.011079329, 0.0109290015, 0.010847844, 0.010675352, 0.010491786, 0.010396485, 0.0101996, 0.009994964, 0.009782739, 0.00967375, 0.0094496645, 0.009217335, 0.009098211, 0.008853861, 0.008600797, 0.008470646, 0.008201682, 0.007919462, 0.007622086, 0.007467525, 0.007146482, 0.0068095033, 0.0066348347, 0.006272505, 0.0058911676, 0.0054876376, 0.005276492, 0.004834453, 0.004375329, 0.0041520325, 0.0037919693, 0.0037335113
0, 0, 0, 0, 0, 0, 0, 0, 0, 0, 0, 0, 0, 0, 0, 0, 0, 0, 0, 0, 0, 0, 0, 0, 0, 0, 0, 0, 0, 0, 0, 0, 0, 0, 0, 0, 0, 0, 0, 0, 0, 0, 0, 0, 0, 0, 0, 0, 0, 0, 0, 0, 0, 0, 0, 0, 0, 0, 0, 0, 0, 0, 0, 0, 0, 0, 0, 0, 0, 0, 0, 0, 0.003680026, 0.0036011005, 0.003851773, 0.004269862, 0.004495237, 0.0049445163, 0.00538294, 0.005598493, 0.006024752, 0.006445907, 0.0066543072, 0.007065133, 0.007464343, 0.007848493, 0.008034053, 0.008391914, 0.008732343, 0.008896352, 0.009212343, 0.009512316, 0.009795085, 0.009929447, 0.010183018, 0.01041498, 0.0105224615, 0.010720263, 0.0108958455, 0.010976102, 0.011123403, 0.011255836, 0.011375502, 0.011430782, 0.011531417, 0.011616765, 0.011652789, 0.011709953, 0.011744978, 0.011756411, 0.011753188, 0.011729808, 0.011685343, 0.011655577, 0.011581777, 0.0114885, 0.011434346, 0.011310568, 0.011166275, 0.011003312, 0.010915685, 0.010730393, 0.010534494, 0.0104333, 0.010225729, 0.010011782, 0.00979154, 0.009678907, 0.0094484, 0.009210636, 0.00908906, 0.008840416, 0.008583921, 0.00845236, 0.008181535, 0.007898671, 0.0076017063, 0.007447508, 0.0071271434, 0.0067901905, 0.006615291, 0.006251845, 0.0058685844, 0.0054629534, 0.0052507524, 0.0048070434, 0.0043474785, 0.0041246093, 0.0037665158, 0.0037100415
0, 0, 0, 0, 0, 0, 0, 0, 0, 0, 0, 0, 0, 0, 0, 0, 0, 0, 0, 0, 0, 0, 0, 0, 0, 0, 0, 0, 0, 0, 0, 0, 0, 0, 0, 0, 0, 0, 0, 0, 0, 0, 0, 0, 0, 0, 0, 0, 0, 0, 0, 0, 0, 0, 0, 0, 0, 0, 0, 0, 0, 0, 0, 0, 0, 0, 0, 0, 0, 0, 0, 0.005705026, 0.004853859, 0.0041661668, 0.004286243, 0.004660266, 0.004870767, 0.0052952366, 0.00571331, 0.0059203296, 0.0063332077, 0.0067457994, 0.006951626, 0.0073600514, 0.0077591212, 0.0081429845, 0.008327659, 0.008680805, 0.009012274, 0.009170242, 0.009471935, 0.009756203, 0.010023746, 0.010151254, 0.0103930095, 0.010615492, 0.010719105, 0.010909914, 0.01107916, 0.011155967, 0.011295389, 0.01141852, 0.011527931, 0.011577978, 0.0116687855, 0.011745552, 0.011777918, 0.011828242, 0.011856425, 0.011859804, 0.011851915, 0.01181739, 0.011759777, 0.011722947, 0.011634815, 0.011528179, 0.011468091, 0.011334082, 0.011181265, 0.011010463, 0.010918974, 0.010725427, 0.010520678, 0.010414982, 0.010198537, 0.009976672, 0.009750012, 0.009634961, 0.009400884, 0.009161298, 0.009039081, 0.008789205, 0.00853096, 0.008398278, 0.008125004, 0.0078399405, 0.0075413557, 0.007386646, 0.007065488, 0.006728071, 0.006553076, 0.006189862, 0.0058075287, 0.0054033506, 0.0051920526, 0.0047505824, 0.0042940048, 0.0040729404, 0.0037189103, 0.0036650535
0, 0, 0, 0, 0, 0, 0, 0, 0, 0, 0, 0, 0, 0, 0, 0, 0, 0, 0, 0, 0, 0, 0, 0, 0, 0, 0, 0, 0, 0, 0, 0, 0, 0, 0, 0, 0, 0, 0, 0, 0, 0, 0, 0, 0, 0, 0, 0, 0, 0, 0, 0, 0, 0, 0, 0, 0, 0, 0, 0, 0, 0, 0, 0, 0, 0, 0, 0, 0, 0, 0, 0.0061622136, 0.0053390395, 0.004649012, 0.004717001, 0.0050498787, 0.0052456674, 0.0056488016, 0.00605133, 0.006251615, 0.0066509615, 0.0070495866, 0.007248094, 0.007641256, 0.0080249, 0.008393153, 0.00856989, 0.008907137, 0.009222023, 0.009371535, 0.009656038, 0.0099234525, 0.010175315, 0.010295568, 0.010524354, 0.010736497, 0.010835874, 0.011020192, 0.01118473, 0.011259492, 0.0113947, 0.011512278, 0.011614441, 0.011660166, 0.011741224, 0.0118078515, 0.01183499, 0.011874845, 0.01189251, 0.01188502, 0.011871521, 0.011825323, 0.011755302, 0.011712349, 0.011612436, 0.011495814, 0.011431654, 0.0112916725, 0.011135734, 0.0109634735, 0.0108713405, 0.010676124, 0.010468352, 0.010360666, 0.010139309, 0.0099120615, 0.009680951, 0.009564249, 0.0093284985, 0.009088802, 0.0089668995, 0.008717416, 0.008458683, 0.008325258, 0.008049574, 0.007761441, 0.0074599516, 0.0073039453, 0.006981044, 0.0066431346, 0.0064683957, 0.0061068274, 0.0057276064, 0.0053276587, 0.0051187617, 0.004682448, 0.0042312215, 0.0040129046, 0.0036640265, 0.0036128075
0, 0, 0, 0, 0, 0, 0, 0, 0, 0, 0, 0, 0, 0, 0, 0, 0, 0, 0, 0, 0, 0, 0, 0, 0, 0, 0, 0, 0, 0, 0, 0, 0, 0, 0, 0, 0, 0, 0, 0, 0, 0, 0, 0, 0, 0, 0, 0, 0, 0, 0, 0, 0, 0, 0, 0, 0, 0, 0, 0, 0, 0, 0, 0, 0, 0, 0, 0, 0, 0, 0, 0.0051014414, 0.004795168, 0.0046436936, 0.004899875, 0.005296795, 0.0055075823, 0.005927099, 0.0063361092, 0.0065368228, 0.006931587, 0.0073179514, 0.007507828, 0.00787914, 0.008237241, 0.008579516, 0.008744035, 0.009059238, 0.009356157, 0.009497857, 0.009768928, 0.010024568, 0.010265492, 0.010380288, 0.010598077, 0.010799589, 0.01089383, 0.011069305, 0.011226946, 0.011298961, 0.011429524, 0.011542531, 0.011638904, 0.011681114, 0.0117534185, 0.011809283, 0.011830532, 0.0118581075, 0.011863597, 0.011845108, 0.011826605, 0.011771543, 0.011693693, 0.011647183, 0.011540844, 0.011419088, 0.011353177, 0.011211344, 0.011056181, 0.01088651, 0.010796143, 0.010604234, 0.010398742, 0.010291579, 0.010069907, 0.00984098, 0.00960749, 0.009489625, 0.009252003, 0.009011166, 0.008888919, 0.008638812, 0.008378954, 0.0082446225, 0.007966375, 0.007674875, 0.0073702047, 0.0072129373, 0.0068888147, 0.006551844, 0.006378409, 0.0060208077, 0.0056471215, 0.005253533, 0.0050479886, 0.004618312, 0.0041733948, 0.003958077, 0.0036142801, 0.0035653713
0, 0, 0, 0, 0, 0, 0, 0, 0, 0, 0, 0, 0, 0, 0, 0, 0, 0, 0, 0, 0, 0, 0, 0, 0, 0, 0, 0, 0, 0, 0, 0, 0, 0, 0, 0, 0, 0, 0, 0, 0, 0, 0, 0, 0, 0, 0, 0, 0, 0, 0, 0, 0, 0, 0, 0, 0, 0, 0, 0, 0, 0, 0, 0, 0, 0, 0, 0, 0, 0, 0, 0.004146434, 0.0041178428, 0.004389625, 0.0048718406, 0.005382645, 0.0056285756, 0.00609473, 0.006530966, 0.0067398013, 0.0071414914, 0.0075228093, 0.007705877, 0.008056976, 0.008388842, 0.008703454, 0.008855139, 0.009148616, 0.009429795, 0.009565836, 0.009828644, 0.010078114, 0.010312436, 0.0104233, 0.010631306, 0.010820422, 0.010908192, 0.011070608, 0.01121677, 0.011284066, 0.011407044, 0.011514676, 0.01160605, 0.011645541, 0.0117112985, 0.011758461, 0.011774749, 0.011792072, 0.011788314, 0.011763021, 0.011742255, 0.0116847465, 0.011606638, 0.011560281, 0.011454339, 0.011332744, 0.011266691, 0.011125039, 0.010970761, 0.010803369, 0.010714506, 0.010526197, 0.010324521, 0.01021894, 0.009999677, 0.009771826, 0.009537749, 0.009419031, 0.009178818, 0.008934861, 0.008810964, 0.0085578635, 0.00829531, 0.0081595965, 0.007878597, 0.00758463, 0.007278281, 0.0071208254, 0.006797931, 0.0064648027, 0.0062942114, 0.0059438148, 0.0055782213, 0.0051927217, 0.0049909875, 0.004568382, 0.004129475, 0.003916759, 0.0035773043, 0.0035302364
0, 0, 0, 0, 0, 0, 0, 0, 0, 0, 0, 0, 0, 0, 0, 0, 0, 0, 0, 0, 0, 0, 0, 0, 0, 0, 0, 0, 0, 0, 0, 0, 0, 0, 0, 0, 0, 0, 0, 0, 0, 0, 0, 0, 0, 0, 0, 0, 0, 0, 0, 0, 0, 0, 0, 0, 0, 0, 0, 0, 0, 0, 0, 0, 0, 0, 0, 0, 0, 0, 0, 0.0038184712, 0.003877833, 0.0042839404, 0.0048503126, 0.005416243, 0.005683403, 0.0061837803, 0.0066451854, 0.006863263, 0.0072761755, 0.007658576, 0.0078382995, 0.008175964, 0.008487986, 0.008780521, 0.008921644, 0.009197118, 0.009465527, 0.009597038, 0.009853506, 0.010098179, 0.010326703, 0.0104336385, 0.010631477, 0.010807258, 0.010887412, 0.011034629, 0.011167278, 0.011228949, 0.011343542, 0.0114456965, 0.011533789, 0.011571669, 0.011633429, 0.0116749955, 0.011688083, 0.011698939, 0.011690175, 0.011663537, 0.011643575, 0.011590267, 0.011518441, 0.011475483, 0.0113755055, 0.011257815, 0.011192701, 0.011051159, 0.010895617, 0.01072668, 0.010637307, 0.010448881, 0.010248365, 0.010143747, 0.009926674, 0.009700583, 0.009467047, 0.009347932, 0.009105571, 0.008858033, 0.008732164, 0.008475269, 0.008209562, 0.008072681, 0.0077902745, 0.0074963304, 0.0071914815, 0.0070354845, 0.006717143, 0.0063909306, 0.0062245014, 0.005883408, 0.0055273557, 0.00515082, 0.00495305, 0.0045371554, 0.0041034683, 0.003892893, 0.0035567856, 0.0035112626
0, 0, 0, 0, 0, 0, 0, 0, 0, 0, 0, 0, 0, 0, 0, 0, 0, 0, 0, 0, 0, 0, 0, 0, 0, 0, 0, 0, 0, 0, 0, 0, 0, 0, 0, 0, 0, 0, 0, 0, 0, 0, 0, 0, 0, 0, 0, 0, 0, 0, 0, 0, 0, 0, 0, 0, 0, 0, 0, 0, 0, 0, 0, 0, 0, 0, 0, 0, 0, 0, 0.0057353913, 0.0044339066, 0.004274081, 0.0044830013, 0.004964665, 0.0054921843, 0.0057504266, 0.00624532, 0.006709835, 0.0069306022, 0.007348021, 0.0077314195, 0.007909744, 0.00824071, 0.008541577, 0.008820298, 0.008954366, 0.00921643, 0.009473642, 0.00960047, 0.009848986, 0.010086371, 0.0103073185, 0.010410082, 0.010598327, 0.010763165, 0.01083765, 0.010973842, 0.011097159, 0.011155198, 0.011264715, 0.01136443, 0.011451185, 0.011488407, 0.011547839, 0.011585561, 0.011596214, 0.01160248, 0.011590933, 0.011564731, 0.011546475, 0.011499341, 0.011436154, 0.011397747, 0.01130627, 0.011194385, 0.011130936, 0.010989794, 0.010831617, 0.010658506, 0.010566987, 0.010375108, 0.010172597, 0.01006776, 0.009851212, 0.00962638, 0.0093939295, 0.009275073, 0.009032514, 0.0087837735, 0.0086570745, 0.008398484, 0.008132044, 0.007995467, 0.007714835, 0.007424513, 0.007124828, 0.006971867, 0.0066603892, 0.006341859, 0.006179602, 0.0058468203, 0.0054989993, 0.005130022, 0.004935666, 0.0045256712, 0.004096648, 0.0038878976, 0.00355449, 0.0035104097
0, 0, 0, 0, 0, 0, 0, 0, 0, 0, 0, 0, 0, 0, 0, 0, 0, 0, 0, 0, 0, 0, 0, 0, 0, 0, 0, 0, 0, 0, 0, 0, 0, 0, 0, 0, 0, 0, 0, 0, 0, 0, 0, 0, 0, 0, 0, 0, 0, 0, 0, 0, 0, 0, 0, 0, 0, 0, 0, 0, 0, 0, 0, 0, 0, 0, 0, 0, 0, 0, 0.00606322, 0.0048179743, 0.004631809, 0.0047432375, 0.0051317513, 0.005592999, 0.005827814, 0.0062905536, 0.006736253, 0.0069509046, 0.0073597617, 0.00773776, 0.007914042, 0.0082412055, 0.008537556, 0.008810768, 0.00894149, 0.00919563, 0.009443879, 0.009566017, 0.009805072, 0.010033773, 0.010247158, 0.010346749, 0.0105299065, 0.010691515, 0.010764951, 0.010900239, 0.0110238455, 0.011082413, 0.011193245, 0.011294242, 0.011381248, 0.0114179505, 0.011475147, 0.01150872, 0.011516846, 0.011518067, 0.011502732, 0.01147482, 0.011456869, 0.011412637, 0.011355269, 0.011320479, 0.0112366015, 0.01113126, 0.011070283, 0.010932184, 0.010774146, 0.010599108, 0.010506367, 0.010312111, 0.010107961, 0.010002806, 0.009786393, 0.009562682, 0.009332227, 0.00921452, 0.008974277, 0.008727777, 0.008602114, 0.0083457455, 0.008082367, 0.007947847, 0.0076727252, 0.0073891906, 0.0070970748, 0.0069478448, 0.0066431914, 0.0063301544, 0.0061701722, 0.0058412724, 0.0054969066, 0.0051313215, 0.0049388055, 0.0045327246, 0.0041076136, 0.00390061, 0.003569866, 0.0035274737
0, 0, 0, 0, 0, 0, 0, 0, 0, 0, 0, 0, 0, 0, 0, 0, 0, 0, 0, 0, 0, 0, 0, 0, 0, 0, 0, 0, 0, 0, 0, 0, 0, 0, 0, 0, 0, 0, 0, 0, 0, 0, 0, 0, 0, 0, 0, 0, 0, 0, 0, 0, 0, 0, 0, 0, 0, 0, 0, 0, 0, 0, 0, 0, 0, 0, 0, 0, 0, 0, 0.0048987474, 0.004513058, 0.004522276, 0.004785122, 0.0051892786, 0.0056278408, 0.0058476827, 0.00628087, 0.00670012, 0.0069029545, 0.007292589, 0.0076572835, 0.007829318, 0.008152418, 0.00844913, 0.008724278, 0.008855742, 0.009109784, 0.009354916, 0.00947454, 0.009707564, 0.009930624, 0.0101406835, 0.010240002, 0.010425798, 0.010594051, 0.010672044, 0.010817316, 0.01095063, 0.0110132415, 0.011130241, 0.011234302, 0.011321637, 0.011357587, 0.011412181, 0.01144246, 0.011448765, 0.011445935, 0.0114265615, 0.011394958, 0.011375487, 0.01132958, 0.011272981, 0.011239646, 0.01116042, 0.011061881, 0.01100466, 0.010873982, 0.010722619, 0.010553107, 0.01046274, 0.010272502, 0.010071899, 0.009968143, 0.00975455, 0.00953367, 0.0093062585, 0.009190258, 0.00895367, 0.008711079, 0.008587511, 0.008335674, 0.008077588, 0.007946116, 0.007678047, 0.00740239, 0.0071177916, 0.0069717965, 0.0066716126, 0.006360074, 0.006199686, 0.0058686123, 0.005521147, 0.0051531, 0.004960074, 0.004554486, 0.0041315267, 0.0039258655, 0.0035975934, 0.003557311
0, 0, 0, 0, 0, 0, 0, 0, 0, 0, 0, 0, 0, 0, 0, 0, 0, 0, 0, 0, 0, 0, 0, 0, 0, 0, 0, 0, 0, 0, 0, 0, 0, 0, 0, 0, 0, 0, 0, 0, 0, 0, 0, 0, 0, 0, 0, 0, 0, 0, 0, 0, 0, 0, 0, 0, 0, 0, 0, 0, 0, 0, 0, 0, 0, 0, 0, 0, 0, 0, 0.0039282786, 0.0040106284, 0.0041717896, 0.0046050623, 0.0050744726, 0.005528802, 0.005746887, 0.006165205, 0.0065617915, 0.0067524854, 0.0071193445, 0.007467073, 0.0076337974, 0.007953198, 0.008254392, 0.0085391505, 0.008676047, 0.008939744, 0.009191577, 0.009313251, 0.009548498, 0.009772906, 0.009986475, 0.0100888675, 0.010284127, 0.01046602, 0.0105517395, 0.010712669, 0.010859512, 0.01092743, 0.011051346, 0.011157664, 0.0112445345, 0.011280011, 0.011334059, 0.01136543, 0.011372848, 0.011372228, 0.011354182, 0.011322142, 0.011301715, 0.01125307, 0.011194366, 0.011160819, 0.011083782, 0.010991562, 0.010938968, 0.010819913, 0.010682358, 0.010527136, 0.010443525, 0.010265868, 0.010075834, 0.0099765835, 0.009770439, 0.0095549915, 0.0093316855, 0.009217338, 0.008983686, 0.008743564, 0.0086213, 0.008372439, 0.0081181675, 0.0079890415, 0.0077261827, 0.007456167, 0.007176675, 0.0070325513, 0.0067340345, 0.0064206403, 0.0062579173, 0.0059201284, 0.005564589, 0.0051892544, 0.0049933163, 0.0045841634, 0.0041604764, 0.00395511, 0.0036281385, 0.0035895791
0, 0, 0, 0, 0, 0, 0, 0, 0, 0, 0, 0, 0, 0, 0, 0, 0, 0, 0, 0, 0, 0, 0, 0, 0, 0, 0, 0, 0, 0, 0, 0, 0, 0, 0, 0, 0, 0, 0, 0, 0, 0, 0, 0, 0, 0, 0, 0, 0, 0, 0, 0, 0, 0, 0, 0, 0, 0, 0, 0, 0, 0, 0, 0, 0, 0, 0, 0, 0, 0.0045239786, 0.0036894523, 0.0036953995, 0.0038706562, 0.004338251, 0.004830332, 0.005293155, 0.0055106925, 0.0059199263, 0.006300158, 0.0064814524, 0.006829875, 0.0071642543, 0.0073271543, 0.007646121, 0.00795635, 0.008256417, 0.008402094, 0.008683548, 0.0089508565, 0.009079049, 0.009325095, 0.009558371, 0.009780875, 0.009888393, 0.010095905, 0.010292297, 0.010385755, 0.0105615435, 0.010720054, 0.010792096, 0.010920696, 0.011028229, 0.0111154495, 0.011151929, 0.011210581, 0.011250936, 0.011264271, 0.011277012, 0.011271353, 0.0112485, 0.011231064, 0.011185269, 0.011126742, 0.011093205, 0.011017751, 0.010931013, 0.010883117, 0.010777162, 0.01065671, 0.010520631, 0.010446705, 0.010287206, 0.010112977, 0.010020476, 0.009825599, 0.009618262, 0.009399937, 0.009287037, 0.0090545565, 0.008814016, 0.008691168, 0.008441127, 0.00818603, 0.008056807, 0.007794583, 0.0075259814, 0.0072479467, 0.0071043437, 0.006805762, 0.006489694, 0.0063245883, 0.0059799296, 0.0056156553, 0.005231386, 0.005031303, 0.0046154344, 0.004187461, 0.0039808857, 0.003652726, 0.0036146361
0, 0, 0, 0, 0, 0, 0, 0, 0, 0, 0, 0, 0, 0, 0, 0, 0, 0, 0, 0, 0, 0, 0, 0, 0, 0, 0, 0, 0, 0, 0, 0, 0, 0, 0, 0, 0, 0, 0, 0, 0, 0, 0, 0, 0, 0, 0, 0, 0, 0, 0, 0, 0, 0, 0, 0, 0, 0, 0, 0, 0, 0, 0, 0, 0, 0, 0, 0, 0, 0.0035931033, 0.0033381246, 0.0034510226, 0.0036210692, 0.0040552616, 0.004516923, 0.004958753, 0.0051681143, 0.0055635097, 0.0059309965, 0.0061063664, 0.0064450763, 0.0067737796, 0.0069360957, 0.007259096, 0.0075796493, 0.007895422, 0.0080501065, 0.0083501935, 0.008635091, 0.008771375, 0.009031774, 0.009277606, 0.009511207, 0.009624188, 0.009842916, 0.010051053, 0.010150325, 0.010336706, 0.010503695, 0.010578807, 0.01071168, 0.0108225485, 0.01091456, 0.010954794, 0.011025316, 0.011083337, 0.0111072995, 0.011143783, 0.01116211, 0.011159752, 0.011150755, 0.011117608, 0.011066559, 0.011035482, 0.010964317, 0.010883115, 0.010839159, 0.010744376, 0.010638998, 0.010520826, 0.010456284, 0.0103151295, 0.01015759, 0.010072596, 0.009890473, 0.009693062, 0.009481212, 0.009370337, 0.009139279, 0.008897327, 0.008772824, 0.008518316, 0.008258059, 0.008126253, 0.007859564, 0.007587652, 0.0073078754, 0.0071638515, 0.006864737, 0.006547774, 0.006381793, 0.0060339943, 0.005664616, 0.0052735587, 0.005069766, 0.004646431, 0.0042115427, 0.00400201, 0.0036695753, 0.0036301017
0, 0, 0, 0, 0, 0, 0, 0, 0, 0, 0, 0, 0, 0, 0, 0, 0, 0, 0, 0, 0, 0, 0, 0, 0, 0, 0, 0, 0, 0, 0, 0, 0, 0, 0, 0, 0, 0, 0, 0, 0, 0, 0, 0, 0, 0, 0, 0, 0, 0, 0, 0, 0, 0, 0, 0, 0, 0, 0, 0, 0, 0, 0, 0, 0, 0, 0, 0, 0.0041048415, 0.003604548, 0.0031459369, 0.0032466576, 0.0033957558, 0.0037703598, 0.004174777, 0.004574161, 0.0047680745, 0.005142121, 0.005498002, 0.0056700422, 0.006005604, 0.00633446, 0.006497896, 0.0068248687, 0.007151909, 0.007476065, 0.0076356637, 0.007946479, 0.008243022, 0.00838516, 0.0086571565, 0.008914094, 0.009158247, 0.009276175, 0.009504275, 0.009721566, 0.009825235, 0.010020526, 0.010196058, 0.010275484, 0.010417451, 0.010538805, 0.010643862, 0.010691839, 0.010781249, 0.010862506, 0.010899715, 0.010964399, 0.011011675, 0.011036829, 0.011040126, 0.011027987, 0.010992922, 0.010968149, 0.010907045, 0.010834092, 0.010794188, 0.01070827, 0.0106136715, 0.01050818, 0.010450487, 0.010323636, 0.010180303, 0.010102117, 0.009932821, 0.009746816, 0.009544339, 0.009437106, 0.0092111165, 0.00897081, 0.008845894, 0.008588, 0.00832179, 0.008186419, 0.007912166, 0.007633453, 0.0073489044, 0.007203465, 0.0069033494, 0.006587386, 0.0064221853, 0.0060757953, 0.0057065547, 0.005313517, 0.0051077805, 0.0046787197, 0.0042366134, 0.004023383, 0.0036845703, 0.0036421556
0, 0, 0, 0, 0, 0, 0, 0, 0, 0, 0, 0, 0, 0, 0, 0, 0, 0, 0, 0, 0, 0, 0, 0, 0, 0, 0, 0, 0, 0, 0, 0, 0, 0, 0, 0, 0, 0, 0, 0, 0, 0, 0, 0, 0, 0, 0, 0, 0, 0, 0, 0, 0, 0, 0, 0, 0, 0, 0, 0, 0, 0, 0, 0, 0, 0, 0, 0, 0.0031410402, 0.0029979204, 0.0028640162, 0.0030201415, 0.0031584443, 0.003483719, 0.0038315488, 0.0041837655, 0.0043593817, 0.0047072577, 0.005049215, 0.005217601, 0.0055494346, 0.005876729, 0.006039377, 0.0063637244, 0.0066868537, 0.00700695, 0.007164709, 0.007473822, 0.007771563, 0.007915573, 0.00819325, 0.00845782, 0.0087104775, 0.008832626, 0.009069375, 0.0092956545, 0.009404114, 0.009610515, 0.009799663, 0.009886928, 0.010046804, 0.010188814, 0.010316488, 0.010376259, 0.0104895905, 0.010595437, 0.01064507, 0.010735295, 0.0108085815, 0.010859845, 0.01087598, 0.010888655, 0.010876061, 0.010861345, 0.010817908, 0.010759308, 0.010725371, 0.010649668, 0.01056404, 0.010467363, 0.010414362, 0.010297544, 0.010165009, 0.010092632, 0.00993552, 0.009761911, 0.009571799, 0.009470395, 0.009254655, 0.009022032, 0.008899642, 0.00864379, 0.008375425, 0.00823762, 0.007956374, 0.0076695946, 0.007377905, 0.0072297193, 0.00692656, 0.0066106943, 0.0064466954, 0.0061039114, 0.0057387115, 0.0053483, 0.005142994, 0.0047123577, 0.004265768, 0.004049557, 0.0037050596, 0.003659577
0, 0, 0, 0, 0, 0, 0, 0, 0, 0, 0, 0, 0, 0, 0, 0, 0, 0, 0, 0, 0, 0, 0, 0, 0, 0, 0, 0, 0, 0, 0, 0, 0, 0, 0, 0, 0, 0, 0, 0, 0, 0, 0, 0, 0, 0, 0, 0, 0, 0, 0, 0, 0, 0, 0, 0, 0, 0, 0, 0, 0, 0, 0, 0, 0, 0, 0, 0, 0.002943319, 0.0026985602, 0.0026049414, 0.002788803, 0.0029212194, 0.0032127418, 0.0035158766, 0.003824977, 0.00398165, 0.004299089, 0.0046195523, 0.00477997, 0.0050992295, 0.0054148673, 0.0055716014, 0.0058819777, 0.006189227, 0.006492962, 0.0066434485, 0.0069405176, 0.0072312173, 0.0073737935, 0.0076524885, 0.007921629, 0.00818097, 0.008306928, 0.008551935, 0.008787698, 0.0089019695, 0.00912193, 0.0093292175, 0.009427564, 0.009612915, 0.009783626, 0.009940598, 0.010014512, 0.010153982, 0.010282597, 0.010342635, 0.0104519585, 0.010544714, 0.010616689, 0.010644146, 0.010680985, 0.010694268, 0.010692574, 0.01067388, 0.0106371455, 0.010612606, 0.010552415, 0.010478371, 0.010391061, 0.0103423, 0.010233927, 0.0101105645, 0.010043182, 0.009896966, 0.009735621, 0.009558721, 0.009464233, 0.009262338, 0.009042394, 0.008925576, 0.00867856, 0.008414817, 0.008277511, 0.007993855, 0.0077011264, 0.0074016843, 0.0072496855, 0.006940187, 0.006621374, 0.0064571956, 0.00611687, 0.0057567335, 0.005372047, 0.005169289, 0.0047421805, 0.0042964546, 0.004079684, 0.0037329872, 0.003686091
0, 0, 0, 0, 0, 0, 0, 0, 0, 0, 0, 0, 0, 0, 0, 0, 0, 0, 0, 0, 0, 0, 0, 0, 0, 0, 0, 0, 0, 0, 0, 0, 0, 0, 0, 0, 0, 0, 0, 0, 0, 0, 0, 0, 0, 0, 0, 0, 0, 0, 0, 0, 0, 0, 0, 0, 0, 0, 0, 0, 0, 0, 0, 0, 0, 0, 0, 0.0027893812, 0.0022963607, 0.002224147, 0.0023034369, 0.0025108256, 0.0026274181, 0.0028597778, 0.0030844354, 0.0033066096, 0.0034193492, 0.0036514096, 0.0038939728, 0.0040189032, 0.0042736456, 0.0045317197, 0.0046609165, 0.0049187196, 0.005176274, 0.0054358784, 0.005567133, 0.005833478, 0.0061052064, 0.006242315, 0.0065173367, 0.006789301, 0.0070544668, 0.0071837422, 0.007435212, 0.0076783826, 0.007797424, 0.008031795, 0.008262897, 0.008377638, 0.0086048115, 0.008826978, 0.009039084, 0.009139846, 0.009328295, 0.009497696, 0.009575211, 0.009716656, 0.009840982, 0.009948796, 0.009996617, 0.010079676, 0.010145129, 0.010170928, 0.010207242, 0.010221838, 0.010220679, 0.010201457, 0.01016058, 0.010099884, 0.010062733, 0.009975663, 0.009872159, 0.009814629, 0.009688647, 0.009548182, 0.009393682, 0.00931102, 0.009134823, 0.0089435335, 0.008841955, 0.008625758, 0.008390709, 0.008265532, 0.007999669, 0.0077140895, 0.007411468, 0.0072548687, 0.006933597, 0.0066033984, 0.006435379, 0.00609271, 0.0057382113, 0.005366292, 0.0051716566, 0.00476211, 0.0043325014, 0.00412219, 0.0037840605, 0.0037411917
0, 0, 0, 0, 0, 0, 0, 0, 0, 0, 0, 0, 0, 0, 0, 0, 0, 0, 0, 0, 0, 0, 0, 0, 0, 0, 0, 0, 0, 0, 0, 0, 0, 0, 0, 0, 0, 0, 0, 0, 0, 0, 0, 0, 0, 0, 0, 0, 0, 0, 0, 0, 0, 0, 0, 0, 0, 0, 0, 0, 0, 0, 0, 0, 0, 0, 0, 0.0029385132, 0.0024136852, 0.0023326892, 0.002377267, 0.0025390687, 0.0026318051, 0.0028172715, 0.00299521, 0.003168979, 0.0032566097, 0.003438382, 0.0036322568, 0.0037342545, 0.003947477, 0.0041702935, 0.0042841807, 0.0045151403, 0.0047499877, 0.00499024, 0.005112708, 0.0053638997, 0.005623274, 0.0057554073, 0.006022581, 0.006288744, 0.006549025, 0.006675737, 0.006921457, 0.0071577206, 0.007273076, 0.0075009726, 0.0077283923, 0.00784287, 0.008073937, 0.008305934, 0.008533029, 0.008642617, 0.008849971, 0.00903885, 0.009126043, 0.009286597, 0.009430125, 0.009558011, 0.009616131, 0.009720155, 0.009806583, 0.009842481, 0.009898033, 0.00993041, 0.009937443, 0.00993348, 0.009906802, 0.009859646, 0.009829145, 0.009755204, 0.009665086, 0.009614163, 0.009501135, 0.009372946, 0.00923009, 0.009153106, 0.008988841, 0.008811239, 0.008717441, 0.008518834, 0.008303098, 0.0081877345, 0.00794064, 0.0076703834, 0.0073781027, 0.007224673, 0.0069061513, 0.006575502, 0.0064067314, 0.006062873, 0.0057092295, 0.005341185, 0.0051495265, 0.0047474196, 0.0043259016, 0.004119329, 0.0037868419, 0.0037462658
0, 0, 0, 0, 0, 0, 0, 0, 0, 0, 0, 0, 0, 0, 0, 0, 0, 0, 0, 0, 0, 0, 0, 0, 0, 0, 0, 0, 0, 0, 0, 0, 0, 0, 0, 0, 0, 0, 0, 0, 0, 0, 0, 0, 0, 0, 0, 0, 0, 0, 0, 0, 0, 0, 0, 0, 0, 0, 0, 0, 0, 0, 0, 0, 0, 0, 0.0038148053, 0.002926856, 0.0025239645, 0.002468865, 0.0025065735, 0.002627782, 0.0026975635, 0.0028379625, 0.0029734476, 0.0031058246, 0.0031726446, 0.0033121412, 0.00346483, 0.0035471637, 0.0037243564, 0.0039162496, 0.004016705, 0.00422403, 0.0044377963, 0.004657297, 0.0047693867, 0.004999567, 0.005238125, 0.0053602313, 0.005609107, 0.0058599217, 0.0061078006, 0.006229118, 0.0064652483, 0.0066921907, 0.006802817, 0.007021266, 0.0072400146, 0.0073507833, 0.007576649, 0.007807237, 0.008038056, 0.008151358, 0.00836979, 0.0085732145, 0.0086685335, 0.008846242, 0.009007213, 0.009152021, 0.0092182765, 0.009337428, 0.00943736, 0.009479214, 0.009545613, 0.009587632, 0.009599287, 0.009604622, 0.009587874, 0.009552249, 0.009528254, 0.009468745, 0.009395084, 0.009352823, 0.0092573315, 0.009146299, 0.009019366, 0.008950057, 0.008800659, 0.008638252, 0.008552389, 0.008370996, 0.008174113, 0.008068714, 0.007841884, 0.0075913, 0.0073161814, 0.0071699833, 0.006862532, 0.0065386724, 0.006371925, 0.0060303058, 0.0056775818, 0.005310406, 0.0051194318, 0.004719249, 0.0043000365, 0.004094597, 0.0037637516, 0.0037229387
0, 0, 0, 0, 0, 0, 0, 0, 0, 0, 0, 0, 0, 0, 0, 0, 0, 0, 0, 0, 0, 0, 0, 0, 0, 0, 0, 0, 0, 0, 0, 0, 0, 0, 0, 0, 0, 0, 0, 0, 0, 0, 0, 0, 0, 0, 0, 0, 0, 0, 0, 0, 0, 0, 0, 0, 0, 0, 0, 0, 0, 0, 0, 0, 0, 0, 0.0029350559, 0.002634699, 0.0025082564, 0.00251474, 0.0025956992, 0.0027102104, 0.0027695396, 0.0028864879, 0.0029987989, 0.0031083054, 0.0031636453, 0.0032788375, 0.0034057365, 0.0034749438, 0.0036259564, 0.0037926866, 0.0038810186, 0.004065055, 0.0042545903, 0.004448245, 0.0045461846, 0.004746017, 0.0049523753, 0.0050587156, 0.005277595, 0.0055036186, 0.005732826, 0.0058472403, 0.0060734907, 0.0062942533, 0.0064025237, 0.0066163247, 0.0068295132, 0.006936971, 0.0071548023, 0.007376914, 0.007600821, 0.0077121747, 0.007929798, 0.008136506, 0.008234718, 0.008419495, 0.008588497, 0.008740939, 0.0088106515, 0.008936076, 0.009041238, 0.009085572, 0.009156896, 0.009204554, 0.009219459, 0.009232073, 0.009224537, 0.009200101, 0.009182685, 0.009138724, 0.009083399, 0.009051207, 0.008976677, 0.008887042, 0.008780939, 0.008721571, 0.008591167, 0.0084464, 0.008368925, 0.00820347, 0.008022659, 0.007925661, 0.0077164797, 0.0074848994, 0.00722927, 0.007092413, 0.006801825, 0.0064912927, 0.0063294517, 0.0059942235, 0.0056434367, 0.0052745775, 0.0050818594, 0.0046771374, 0.0042532803, 0.0040458194, 0.0037118378, 0.003667276
0, 0, 0, 0, 0, 0, 0, 0, 0, 0, 0, 0, 0, 0, 0, 0, 0, 0, 0, 0, 0, 0, 0, 0, 0, 0, 0, 0, 0, 0, 0, 0, 0, 0, 0, 0, 0, 0, 0, 0, 0, 0, 0, 0, 0, 0, 0, 0, 0, 0, 0, 0, 0, 0, 0, 0, 0, 0, 0, 0, 0, 0, 0, 0, 0, 0, 0.0028927696, 0.002482265, 0.0024584525, 0.0025060116, 0.0026354745, 0.0027689266, 0.002832527, 0.0029532225, 0.003066736, 0.0031756824, 0.0032298092, 0.0033392063, 0.0034552936, 0.003516992, 0.00364929, 0.0037937905, 0.0038700153, 0.004027693, 0.004188945, 0.0043510287, 0.004432241, 0.004595951, 0.0047649294, 0.004852562, 0.005036529, 0.005233021, 0.0054406375, 0.005547613, 0.0057647387, 0.0059826863, 0.0060909824, 0.006305274, 0.006516998, 0.006622272, 0.0068321005, 0.00704165, 0.0072506224, 0.007354374, 0.00755829, 0.0077538667, 0.007847467, 0.008024745, 0.008187748, 0.008335178, 0.008402872, 0.008525197, 0.008629299, 0.008673991, 0.008748403, 0.008802279, 0.00882153, 0.008844666, 0.0088492, 0.008838193, 0.008827992, 0.008799663, 0.008761699, 0.0087389825, 0.008684639, 0.008616352, 0.008532004, 0.0084834825, 0.008373755, 0.00824747, 0.008178125, 0.008026922, 0.007858454, 0.0077673895, 0.00757097, 0.0073541394, 0.00711566, 0.006987973, 0.00671562, 0.006421552, 0.0062666284, 0.005941315, 0.0055944724, 0.0052236877, 0.005028117, 0.004615415, 0.004182971, 0.0039718687, 0.0036324137, 0.003582319
0, 0, 0, 0, 0, 0, 0, 0, 0, 0, 0, 0, 0, 0, 0, 0, 0, 0, 0, 0, 0, 0, 0, 0, 0, 0, 0, 0, 0, 0, 0, 0, 0, 0, 0, 0, 0, 0, 0, 0, 0, 0, 0, 0, 0, 0, 0, 0, 0, 0, 0, 0, 0, 0, 0, 0, 0, 0, 0, 0, 0, 0, 0, 0, 0, 0, 0.002490226, 0.0023502558, 0.0024286006, 0.002506251, 0.0026774197, 0.0028406102, 0.002916647, 0.0030586612, 0.0031903645, 0.0033135058, 0.003372356, 0.003486311, 0.003598273, 0.0036546702, 0.0037706157, 0.003892265, 0.003955554, 0.004085287, 0.004217661, 0.004350153, 0.004416441, 0.0045495634, 0.004687131, 0.0047592823, 0.0049131582, 0.005082569, 0.0052687763, 0.005367324, 0.005572671, 0.0057842312, 0.0058905985, 0.0061019016, 0.0063088015, 0.0064101843, 0.0066082366, 0.0068010464, 0.0069892653, 0.007081675, 0.007262546, 0.007435604, 0.007518561, 0.007675832, 0.007820868, 0.00795281, 0.008013835, 0.008125766, 0.00822392, 0.008267858, 0.008344986, 0.008407088, 0.008432184, 0.00846971, 0.008489965, 0.008494459, 0.008491577, 0.00847703, 0.008452269, 0.008436179, 0.0083957175, 0.008342954, 0.008275655, 0.008236078, 0.008144164, 0.008033928, 0.007971585, 0.00783208, 0.0076727928, 0.007585813, 0.0073978123, 0.0071911123, 0.0069655348, 0.0068453583, 0.0065894574, 0.006312021, 0.006164782, 0.0058518434, 0.0055121137, 0.0051422515, 0.0049450207, 0.004526642, 0.0040880223, 0.0038744893, 0.003531679, 0.003477204
0, 0, 0, 0, 0, 0, 0, 0, 0, 0, 0, 0, 0, 0, 0, 0, 0, 0, 0, 0, 0, 0, 0, 0, 0, 0, 0, 0, 0, 0, 0, 0, 0, 0, 0, 0, 0, 0, 0, 0, 0, 0, 0, 0, 0, 0, 0, 0, 0, 0, 0, 0, 0, 0, 0, 0, 0, 0, 0, 0, 0, 0, 0, 0, 0, 0.0031155653, 0.0024612583, 0.0023454214, 0.002480771, 0.002578954, 0.0027829006, 0.0029738843, 0.0030628282, 0.0032287596, 0.0033809892, 0.0035201886, 0.0035846806, 0.0037039984, 0.0038119373, 0.0038628264, 0.0039618807, 0.0040609105, 0.0041117663, 0.004216965, 0.004327038, 0.0044408184, 0.004498656, 0.004616335, 0.004738349, 0.0048022904, 0.004937901, 0.0050872522, 0.0052521382, 0.0053403396, 0.0055256877, 0.005718811, 0.005816679, 0.0060112933, 0.0062007275, 0.006292711, 0.006470172, 0.0066399844, 0.0068032322, 0.0068824547, 0.0070361244, 0.0071824566, 0.007252236, 0.007384376, 0.007505942, 0.0076169637, 0.007668818, 0.0077655977, 0.007854002, 0.007895348, 0.007972292, 0.008040457, 0.008070584, 0.008121065, 0.008156239, 0.0081751635, 0.008178522, 0.00817398, 0.008156105, 0.008142662, 0.008107234, 0.008060584, 0.008001778, 0.007967258, 0.007886268, 0.007787177, 0.0077299564, 0.0075994395, 0.0074477796, 0.007364372, 0.007183359, 0.0069849933, 0.0067697023, 0.006655686, 0.006413948, 0.0061518154, 0.0060121557, 0.0057130884, 0.0053838207, 0.005020297, 0.004825003, 0.004408919, 0.003972437, 0.0037603923, 0.0034207916, 0.0033654722
0, 0, 0, 0, 0, 0, 0, 0, 0, 0, 0, 0, 0, 0, 0, 0, 0, 0, 0, 0, 0, 0, 0, 0, 0, 0, 0, 0, 0, 0, 0, 0, 0, 0, 0, 0, 0, 0, 0, 0, 0, 0, 0, 0, 0, 0, 0, 0, 0, 0, 0, 0, 0, 0, 0, 0, 0, 0, 0, 0, 0, 0, 0, 0, 0, 0.002569629, 0.0023891323, 0.0024374858, 0.002634821, 0.00275001, 0.0029770222, 0.0031859616, 0.0032828455, 0.003463816, 0.0036284775, 0.0037775966, 0.003845681, 0.003968025, 0.0040723346, 0.004119062, 0.0042048874, 0.004287407, 0.0043294956, 0.0044190786, 0.0045180297, 0.0046261884, 0.004682933, 0.0048005823, 0.0049221935, 0.004984443, 0.005112506, 0.005246935, 0.0053897286, 0.0054644723, 0.005620122, 0.005781726, 0.0058633457, 0.0060257353, 0.006183565, 0.0062599885, 0.006407258, 0.0065474375, 0.006681768, 0.0067469147, 0.0068730367, 0.006992888, 0.007050015, 0.0071578342, 0.007256564, 0.0073462375, 0.007388098, 0.0074669593, 0.0075409273, 0.007576629, 0.007645984, 0.007711686, 0.0077424217, 0.007797205, 0.007839767, 0.007866885, 0.007873904, 0.007874638, 0.007858584, 0.007844888, 0.007807746, 0.007759304, 0.007700549, 0.007666851, 0.007589398, 0.007495615, 0.007441614, 0.0073181163, 0.0071743247, 0.0070950855, 0.0069230315, 0.0067342976, 0.0065299324, 0.0064218906, 0.0061930846, 0.005944949, 0.005812383, 0.0055273008, 0.005211201, 0.00486027, 0.0046711382, 0.004267809, 0.0038447687, 0.0036395008, 0.0033115672, 0.0032598872
0, 0, 0, 0, 0, 0, 0, 0, 0, 0, 0, 0, 0, 0, 0, 0, 0, 0, 0, 0, 0, 0, 0, 0, 0, 0, 0, 0, 0, 0, 0, 0, 0, 0, 0, 0, 0, 0, 0, 0, 0, 0, 0, 0, 0, 0, 0, 0, 0, 0, 0, 0, 0, 0, 0, 0, 0, 0, 0, 0, 0, 0, 0, 0, 0.003297287, 0.0028932383, 0.0025687737, 0.0026556621, 0.0028787875, 0.0030004666, 0.0032352572, 0.0034484873, 0.0035473185, 0.003731291, 0.0038999156, 0.0040534684, 0.0041241613, 0.004251359, 0.0043594427, 0.0044066817, 0.004491753, 0.0045706425, 0.0046105296, 0.00469573, 0.0047927927, 0.004902234, 0.0049608964, 0.005083132, 0.005208135, 0.0052702934, 0.0053929226, 0.0055128685, 0.0056318566, 0.0056916894, 0.0058129323, 0.0059366277, 0.005998856, 0.006122767, 0.0062433537, 0.006301761, 0.006414364, 0.0065215062, 0.0066242553, 0.006674183, 0.0067714914, 0.00686498, 0.0069099097, 0.0069950707, 0.0070727486, 0.0071423594, 0.007174216, 0.0072333403, 0.007288016, 0.0073145493, 0.0073665576, 0.007417615, 0.007442324, 0.0074881804, 0.007526526, 0.007552807, 0.0075601432, 0.007561831, 0.0075453646, 0.0075307507, 0.007490153, 0.00743706, 0.007373538, 0.0073379315, 0.007258293, 0.007164966, 0.0071124425, 0.0069945096, 0.006859107, 0.0067850053, 0.00662442, 0.006447987, 0.006256279, 0.0061545717, 0.0059385826, 0.005703247, 0.0055771437, 0.005305313, 0.0050040195, 0.0046704616, 0.0044912375, 0.004109816, 0.0037103149, 0.0035165416, 0.0032078458, 0.0031637086
0, 0, 0, 0, 0, 0, 0, 0, 0, 0, 0, 0, 0, 0, 0, 0, 0, 0, 0, 0, 0, 0, 0, 0, 0, 0, 0, 0, 0, 0, 0, 0, 0, 0, 0, 0, 0, 0, 0, 0, 0, 0, 0, 0, 0, 0, 0, 0, 0, 0, 0, 0, 0, 0, 0, 0, 0, 0, 0, 0, 0, 0, 0, 0, 0.0034673456, 0.0031040178, 0.0028344744, 0.002931299, 0.0031510945, 0.0032698049, 0.003499088, 0.003708046, 0.003805258, 0.0039874744, 0.00415687, 0.0043157334, 0.0043909485, 0.0045313407, 0.004655479, 0.004711256, 0.004811919, 0.004902437, 0.0049465364, 0.005037114, 0.0051353113, 0.005243703, 0.0053011323, 0.0054197633, 0.005538983, 0.005597149, 0.005707928, 0.0058103525, 0.005905683, 0.005951784, 0.0060424977, 0.006133361, 0.006178921, 0.006269809, 0.006358461, 0.0064011747, 0.0064826207, 0.0065579936, 0.006628246, 0.0066618226, 0.006727237, 0.0067909914, 0.006822165, 0.0068824063, 0.00693798, 0.00698701, 0.007008631, 0.0070466152, 0.007078654, 0.007093345, 0.007120965, 0.0071477615, 0.0071610324, 0.0071868147, 0.007209964, 0.0072268364, 0.007231399, 0.0072300294, 0.00721253, 0.007197288, 0.0071545597, 0.0070975116, 0.007028193, 0.0069894195, 0.0069040116, 0.0068075615, 0.0067548263, 0.006639922, 0.0065118396, 0.0064427243, 0.0062940787, 0.0061308257, 0.005952479, 0.0058572353, 0.0056536887, 0.005430208, 0.005310012, 0.0050510694, 0.004765809, 0.0044528544, 0.004285944, 0.0039324462, 0.003563222, 0.0033842283, 0.0031001153, 0.0030662816
0, 0, 0, 0, 0, 0, 0, 0, 0, 0, 0, 0, 0, 0, 0, 0, 0, 0, 0, 0, 0, 0, 0, 0, 0, 0, 0, 0, 0, 0, 0, 0, 0, 0, 0, 0, 0, 0, 0, 0, 0, 0, 0, 0, 0, 0, 0, 0, 0, 0, 0, 0, 0, 0, 0, 0, 0, 0, 0, 0, 0, 0, 0, 0.0042181294, 0.0033413512, 0.0031049778, 0.0029960556, 0.0031420554, 0.003368279, 0.003486186, 0.0037123975, 0.0039202175, 0.0040176827, 0.0042022346, 0.004377681, 0.0045477487, 0.004630705, 0.004791393, 0.0049414863, 0.005011107, 0.005138596, 0.0052515734, 0.00530389, 0.005404071, 0.005502685, 0.0056033237, 0.0056545646, 0.005757566, 0.005858542, 0.0059071276, 0.0059982566, 0.0060808365, 0.006155756, 0.006191075, 0.006260157, 0.006328762, 0.0063632946, 0.0064323014, 0.006498898, 0.0065303072, 0.006587193, 0.0066351066, 0.0066740946, 0.006690849, 0.006721461, 0.0067506297, 0.00676531, 0.0067952788, 0.0068244236, 0.0068498803, 0.0068605, 0.0068766247, 0.006886051, 0.006888595, 0.0068907756, 0.006890821, 0.006890766, 0.00689137, 0.0068928865, 0.0068932977, 0.006891751, 0.006882185, 0.006860137, 0.0068434975, 0.006797968, 0.0067367577, 0.006661055, 0.0066184965, 0.0065252567, 0.0064227106, 0.0063683, 0.0062531102, 0.0061292243, 0.00606371, 0.005924305, 0.005772396, 0.005605969, 0.0055166725, 0.0053249, 0.0051131654, 0.0049992865, 0.0047548213, 0.004487993, 0.0041989274, 0.0040460005, 0.0037238065, 0.0033885147, 0.0032262295, 0.0029702322, 0.002948587
0, 0, 0, 0, 0, 0, 0, 0, 0, 0, 0, 0, 0, 0, 0, 0, 0, 0, 0, 0, 0, 0, 0, 0, 0, 0, 0, 0, 0, 0, 0, 0, 0, 0, 0, 0, 0, 0, 0, 0, 0, 0, 0, 0, 0, 0, 0, 0, 0, 0, 0, 0, 0, 0, 0, 0, 0, 0, 0, 0, 0, 0, 0, 0.003108607, 0.00290379, 0.0028803337, 0.0030017619, 0.0032340975, 0.003490236, 0.003615672, 0.0038527863, 0.0040711523, 0.004174176, 0.004370946, 0.004559993, 0.004745081, 0.004836909, 0.0050181774, 0.0051923515, 0.005275044, 0.005428572, 0.0055640927, 0.0056252265, 0.005735803, 0.005834641, 0.005925672, 0.0059691765, 0.0060529048, 0.0061318865, 0.0061694006, 0.0062398403, 0.0063042347, 0.006363082, 0.0063910135, 0.006445341, 0.006499278, 0.0065262564, 0.0065795653, 0.0066292286, 0.0066513238, 0.0066875443, 0.006711072, 0.0067214426, 0.006722426, 0.00671886, 0.00671223, 0.0067091603, 0.006705032, 0.006703998, 0.006703421, 0.0067023886, 0.006697117, 0.00668608, 0.0066782166, 0.006658368, 0.0066348626, 0.006622429, 0.006597941, 0.006575119, 0.0065532946, 0.006541843, 0.0065154927, 0.006480552, 0.0064587654, 0.006404727, 0.0063354126, 0.0062511866, 0.006204245, 0.006102451, 0.0059929485, 0.0059359837, 0.0058184187, 0.0056956178, 0.0056316694, 0.005497664, 0.0053532794, 0.0051960503, 0.0051119784, 0.0049314876, 0.0047334065, 0.0046274164, 0.0044018724, 0.0041586095, 0.0038977917, 0.0037606214, 0.0034726544, 0.003173378, 0.0030288761, 0.0028035787, 0.0027956157
0, 0, 0, 0, 0, 0, 0, 0, 0, 0, 0, 0, 0, 0, 0, 0, 0, 0, 0, 0, 0, 0, 0, 0, 0, 0, 0, 0, 0, 0, 0, 0, 0, 0, 0, 0, 0, 0, 0, 0, 0, 0, 0, 0, 0, 0, 0, 0, 0, 0, 0, 0, 0, 0, 0, 0, 0, 0, 0, 0, 0, 0, 0, 0.0029476027, 0.0027150535, 0.002754338, 0.0029745381, 0.0032582595, 0.003541457, 0.003676836, 0.0039332267, 0.004171579, 0.004284663, 0.0045006294, 0.004705773, 0.0049038883, 0.0050013326, 0.005193018, 0.005378953, 0.0054682647, 0.005636261, 0.005785971, 0.0058535645, 0.0059737246, 0.0060762838, 0.006164562, 0.006204394, 0.0062777605, 0.006343686, 0.0063743875, 0.006431564, 0.006483702, 0.0065306756, 0.006552446, 0.006593803, 0.006632306, 0.006650788, 0.0066853575, 0.00671448, 0.006725725, 0.006739396, 0.006739163, 0.006724314, 0.0067121293, 0.0066804895, 0.006643745, 0.006625083, 0.0065898863, 0.0065591307, 0.0065321773, 0.006519441, 0.0064929132, 0.0064626387, 0.006445503, 0.0064067636, 0.0063627344, 0.0063392646, 0.006291158, 0.006242296, 0.00619318, 0.006168112, 0.0061155884, 0.006057511, 0.0060255053, 0.005953761, 0.005870183, 0.0057748575, 0.0057233567, 0.0056141703, 0.0054996028, 0.0054409234, 0.0053214566, 0.0051985322, 0.0051352773, 0.0050036735, 0.004863513, 0.0047129863, 0.0046334295, 0.0044649313, 0.004283574, 0.0041880035, 0.00398751, 0.0037742585, 0.0035473467, 0.003428068, 0.0031772754, 0.0029163247, 0.0027905242, 0.002597962, 0.002604837
0, 0, 0, 0, 0, 0, 0, 0, 0, 0, 0, 0, 0, 0, 0, 0, 0, 0, 0, 0, 0, 0, 0, 0, 0, 0, 0, 0, 0, 0, 0, 0, 0, 0, 0, 0, 0, 0, 0, 0, 0, 0, 0, 0, 0, 0, 0, 0, 0, 0, 0, 0, 0, 0, 0, 0, 0, 0, 0, 0, 0, 0, 0.0035480878, 0.0029078913, 0.0027329559, 0.002781011, 0.003002119, 0.0032817242, 0.003566768, 0.0037058173, 0.0039751404, 0.004230993, 0.004353459, 0.004586651, 0.0048040384, 0.0050075683, 0.005105221, 0.005294127, 0.005476185, 0.005564489, 0.005733002, 0.0058877105, 0.005958921, 0.0060879663, 0.006199694, 0.006295602, 0.0063384054, 0.006415102, 0.0064819036, 0.0065120803, 0.0065663513, 0.006612894, 0.006650759, 0.0066665597, 0.0066919555, 0.0067101265, 0.006716865, 0.006725528, 0.0067271786, 0.006724883, 0.006712488, 0.0066890717, 0.006654117, 0.0066325692, 0.006582494, 0.006526466, 0.006497254, 0.0064391997, 0.0063836416, 0.006331128, 0.0063058245, 0.006255501, 0.0062032742, 0.0061756647, 0.0061164643, 0.0060516363, 0.0060171965, 0.0059450623, 0.0058693993, 0.0057907403, 0.0057502417, 0.0056666746, 0.0055789337, 0.0055332365, 0.0054374435, 0.0053354264, 0.0052276314, 0.005171864, 0.0050580697, 0.0049423105, 0.004883919, 0.004765624, 0.0046439595, 0.004581428, 0.0044514895, 0.0043141423, 0.004169187, 0.0040939553, 0.0039382833, 0.0037763838, 0.0036932544, 0.0035225924, 0.0033444508, 0.003156022, 0.0030567066, 0.0028465714, 0.002626453, 0.0025205605, 0.002362652, 0.0023849737
0, 0, 0, 0, 0, 0, 0, 0, 0, 0, 0, 0, 0, 0, 0, 0, 0, 0, 0, 0, 0, 0, 0, 0, 0, 0, 0, 0, 0, 0, 0, 0, 0, 0, 0, 0, 0, 0, 0, 0, 0, 0, 0, 0, 0, 0, 0, 0, 0, 0, 0, 0, 0, 0, 0, 0, 0, 0, 0, 0, 0, 0.0037291206, 0.003368747, 0.002892216, 0.0028187418, 0.002874527, 0.0030743545, 0.0033233964, 0.0035871933, 0.0037204938, 0.0039860737, 0.004246226, 0.0043721483, 0.0046122675, 0.0048331777, 0.0050341454, 0.0051283264, 0.0053069135, 0.0054772096, 0.0055603157, 0.005722339, 0.005876967, 0.0059504714, 0.0060883164, 0.006211755, 0.006320116, 0.0063687377, 0.0064555304, 0.0065292055, 0.0065615973, 0.006617438, 0.0066612335, 0.0066913622, 0.0067010587, 0.006709775, 0.006705859, 0.0066996603, 0.0066802963, 0.0066534635, 0.006637434, 0.0066008815, 0.0065582786, 0.006509499, 0.006482542, 0.0064234505, 0.006357666, 0.006322568, 0.006249217, 0.0061728987, 0.0060953815, 0.0060562305, 0.005977209, 0.005896831, 0.0058558066, 0.0057711285, 0.005682027, 0.005635789, 0.0055393996, 0.005438371, 0.005332563, 0.0052779787, 0.005165782, 0.0050499747, 0.0049910117, 0.0048717903, 0.004751656, 0.00463214, 0.0045730704, 0.004456879, 0.004342694, 0.0042860415, 0.004171719, 0.0040538115, 0.0039927782, 0.0038657065, 0.0037320117, 0.0035931435, 0.0035224971, 0.0033801717, 0.0032382247, 0.0031678383, 0.003027744, 0.0028861102, 0.0027380467, 0.0026598703, 0.0024930884, 0.0023165331, 0.0022318533, 0.002110685, 0.0021491966
0, 0, 0, 0, 0, 0, 0, 0, 0, 0, 0, 0, 0, 0, 0, 0, 0, 0, 0, 0, 0, 0, 0, 0, 0, 0, 0, 0, 0, 0, 0, 0, 0, 0, 0, 0, 0, 0, 0, 0, 0, 0, 0, 0, 0, 0, 0, 0, 0, 0, 0, 0, 0, 0, 0, 0, 0, 0, 0, 0, 0, 0.0034697745, 0.0031583705, 0.002871431, 0.002892437, 0.0029605792, 0.0031479148, 0.0033662354, 0.0035991415, 0.003719388, 0.0039650938, 0.004211729, 0.004333268, 0.0045668315, 0.004782723, 0.004977808, 0.0050682086, 0.005238207, 0.0053997906, 0.00547912, 0.005636759, 0.0057917414, 0.0058674505, 0.006011524, 0.0061430377, 0.0062586498, 0.0063099805, 0.006399811, 0.0064735087, 0.006504855, 0.0065568658, 0.0065944865, 0.006616793, 0.006621616, 0.006618264, 0.0065986337, 0.006583578, 0.006544828, 0.006498058, 0.0064727017, 0.0064197243, 0.006364545, 0.0063070413, 0.0062770504, 0.0062126457, 0.006140331, 0.0061007557, 0.006014317, 0.0059185848, 0.005815421, 0.005761527, 0.0056509804, 0.00553821, 0.005481613, 0.0053677033, 0.005252236, 0.00519391, 0.0050747525, 0.0049518878, 0.0048250495, 0.0047600763, 0.0046272525, 0.0044916435, 0.004423219, 0.0042867265, 0.0041529555, 0.0040240358, 0.003962155, 0.0038435275, 0.0037304005, 0.00367504, 0.0035645915, 0.0034514305, 0.0033928463, 0.003271281, 0.0031438738, 0.0030134204, 0.0029479836, 0.002819293, 0.002695858, 0.002636908, 0.0025242236, 0.0024159332, 0.0023064762, 0.0022492923, 0.0021267184, 0.0019962117, 0.0019341131, 0.0018522519, 0.0019082979
0, 0, 0, 0, 0, 0, 0, 0, 0, 0, 0, 0, 0, 0, 0, 0, 0, 0, 0, 0, 0, 0, 0, 0, 0, 0, 0, 0, 0, 0, 0, 0, 0, 0, 0, 0, 0, 0, 0, 0, 0, 0, 0, 0, 0, 0, 0, 0, 0, 0, 0, 0, 0, 0, 0, 0, 0, 0, 0, 0, 0.0038629493, 0.003117259, 0.0029115418, 0.0028074381, 0.002917286, 0.0030032184, 0.003194761, 0.0033949052, 0.00360071, 0.003706063, 0.0039224694, 0.004143717, 0.0042542657, 0.0044705514, 0.004674981, 0.004863997, 0.004952538, 0.005120436, 0.005281278, 0.005360743, 0.0055189617, 0.0056752483, 0.0057514734, 0.005896184, 0.006026281, 0.006137317, 0.0061847796, 0.006263866, 0.006323817, 0.0063479473, 0.0063858787, 0.0064118174, 0.0064254156, 0.0064270226, 0.006419472, 0.0063960715, 0.006378961, 0.00633527, 0.0062816036, 0.0062525994, 0.0061915834, 0.0061284616, 0.0060627996, 0.0060286275, 0.005955436, 0.0058726044, 0.0058266614, 0.0057249255, 0.0056099137, 0.0054829987, 0.00541593, 0.0052771126, 0.0051349946, 0.00506376, 0.0049220184, 0.0047817347, 0.0047119185, 0.004572479, 0.0044320407, 0.004289854, 0.0042180326, 0.004073012, 0.003926373, 0.003853002, 0.0037072734, 0.0035654984, 0.0034300592, 0.0033653877, 0.0032424012, 0.003126679, 0.0030708602, 0.0029615336, 0.0028523188, 0.0027968835, 0.0026835152, 0.0025666617, 0.0024483593, 0.0023898054, 0.0022759794, 0.0021699395, 0.0021208155, 0.0020310439, 0.0019508083, 0.0018753818, 0.0018373897, 0.0017575112, 0.0016735588, 0.0016349192, 0.0015944644, 0.001669586
0, 0, 0, 0, 0, 0, 0, 0, 0, 0, 0, 0, 0, 0, 0, 0, 0, 0, 0, 0, 0, 0, 0, 0, 0, 0, 0, 0, 0, 0, 0, 0, 0, 0, 0, 0, 0, 0, 0, 0, 0, 0, 0, 0, 0, 0, 0, 0, 0, 0, 0, 0, 0, 0, 0, 0, 0, 0, 0, 0, 0.0028260031, 0.002632764, 0.0026076965, 0.0027098518, 0.0029078457, 0.003015001, 0.003223961, 0.0034204812, 0.0036095371, 0.0037034652, 0.0038928909, 0.0040857824, 0.0041830745, 0.0043771747, 0.0045662886, 0.004747148, 0.004834061, 0.005001889, 0.0051638638, 0.00524378, 0.0054012616, 0.005554369, 0.0056276154, 0.005764057, 0.0058821803, 0.0059777363, 0.0060162637, 0.0060756076, 0.006114743, 0.0061282255, 0.0061472054, 0.0061585875, 0.006163849, 0.006163859, 0.006156638, 0.0061373534, 0.0061226757, 0.0060826107, 0.0060296077, 0.0059992326, 0.0059323683, 0.005859257, 0.005780841, 0.0057391645, 0.0056497995, 0.005549987, 0.005495279, 0.00537597, 0.005243366, 0.005098923, 0.00502292, 0.004865913, 0.0047044973, 0.004623144, 0.004460624, 0.0042997873, 0.00422004, 0.004062124, 0.0039056484, 0.003750193, 0.0036729109, 0.0035193441, 0.003366838, 0.0032913433, 0.0031424619, 0.002997615, 0.002858785, 0.0027918837, 0.0026637004, 0.0025429712, 0.0024851663, 0.0023743268, 0.0022682664, 0.0022164446, 0.0021140086, 0.002012353, 0.0019116234, 0.0018622174, 0.0017670693, 0.0016798583, 0.0016403389, 0.0015709341, 0.0015141647, 0.0014670503, 0.001445546, 0.0014037438, 0.001363178, 0.0013469843, 0.0013469481, 0.0014416554
0, 0, 0, 0, 0, 0, 0, 0, 0, 0, 0, 0, 0, 0, 0, 0, 0, 0, 0, 0, 0, 0, 0, 0, 0, 0, 0, 0, 0, 0, 0, 0, 0, 0, 0, 0, 0, 0, 0, 0, 0, 0, 0, 0, 0, 0, 0, 0, 0, 0, 0, 0, 0, 0, 0, 0, 0, 0, 0, 0, 0.00274676, 0.002491067, 0.002514215, 0.0026971498, 0.0029378338, 0.0030571504, 0.0032799002, 0.0034798835, 0.0036632705, 0.0037512619, 0.003923342, 0.0040941597, 0.004179618, 0.0043511917, 0.0045213155, 0.0046877065, 0.0047691325, 0.004927762, 0.005081577, 0.0051563573, 0.0053019384, 0.0054398235, 0.005504722, 0.005622914, 0.0057217665, 0.0057981657, 0.0058275554, 0.005869551, 0.005892463, 0.005898371, 0.0059034685, 0.0059034918, 0.005901191, 0.005898834, 0.005889478, 0.005870288, 0.005855784, 0.0058151972, 0.0057584415, 0.0057244846, 0.0056463694, 0.005557536, 0.0054598264, 0.0054079243, 0.0052974517, 0.0051773707, 0.0051133134, 0.0049771136, 0.0048309164, 0.00467636, 0.0045964606, 0.004432385, 0.004263515, 0.004177588, 0.004003762, 0.0038284084, 0.003740669, 0.003565794, 0.0033925439, 0.0032222823, 0.003138739, 0.0029755791, 0.0028179775, 0.0027413452, 0.0025923932, 0.0024491553, 0.0023113973, 0.0022444997, 0.0021147362, 0.0019914806, 0.0019326293, 0.0018217374, 0.0017202264, 0.0016730373, 0.0015844197, 0.0015019061, 0.0014237486, 0.0013862591, 0.0013151282, 0.0012510341, 0.0012224828, 0.00117405, 0.0011382397, 0.0011142241, 0.0011058582, 0.0010942149, 0.0010889976, 0.0010914798, 0.0011257373, 0.0012370563
0, 0, 0, 0, 0, 0, 0, 0, 0, 0, 0, 0, 0, 0, 0, 0, 0, 0, 0, 0, 0, 0, 0, 0, 0, 0, 0, 0, 0, 0, 0, 0, 0, 0, 0, 0, 0, 0, 0, 0, 0, 0, 0, 0, 0, 0, 0, 0, 0, 0, 0, 0, 0, 0, 0, 0, 0, 0, 0, 0.003552052, 0.0028437818, 0.0026329854, 0.0026635968, 0.0028457313, 0.0030804027, 0.003197768, 0.0034193227, 0.0036203745, 0.003802989, 0.0038887963, 0.004052556, 0.004208995, 0.00428536, 0.004435139, 0.0045818416, 0.004724736, 0.0047943327, 0.0049293432, 0.0050575878, 0.005118722, 0.00523569, 0.005344238, 0.0053947885, 0.0054864064, 0.0055629057, 0.005622137, 0.005645214, 0.005678379, 0.0056964536, 0.005700486, 0.0057014464, 0.00569541, 0.0056841895, 0.0056765233, 0.005654967, 0.005622176, 0.0056004478, 0.0055452767, 0.0054728417, 0.00543052, 0.0053342776, 0.0052256207, 0.00510725, 0.0050449315, 0.0049145855, 0.0047762454, 0.004704021, 0.0045537804, 0.0043974333, 0.0042366846, 0.004155181, 0.003989761, 0.0038203488, 0.003733777, 0.0035562413, 0.0033731651, 0.0032800366, 0.0030917255, 0.002902973, 0.002717356, 0.0026268624, 0.0024528562, 0.0022897683, 0.0022124266, 0.002066054, 0.0019290322, 0.0017989506, 0.0017359306, 0.0016132676, 0.0014960566, 0.0014401887, 0.0013359073, 0.0012437415, 0.001202662, 0.0011302527, 0.0010688247, 0.0010158235, 0.0009918953, 0.00094858167, 0.00091137254, 0.00089535455, 0.0008696353, 0.0008537047, 0.0008482003, 0.00084915594, 0.0008576833, 0.000875846, 0.000890919, 0.00094822847, 0.0010697375
0, 0, 0, 0, 0, 0, 0, 0, 0, 0, 0, 0, 0, 0, 0, 0, 0, 0, 0, 0, 0, 0, 0, 0, 0, 0, 0, 0, 0, 0, 0, 0, 0, 0, 0, 0, 0, 0, 0, 0, 0, 0, 0, 0, 0, 0, 0, 0, 0, 0, 0, 0, 0, 0, 0, 0, 0, 0, 0, 0.0035666013, 0.0030316438, 0.002937013, 0.0029830823, 0.003156178, 0.0033671483, 0.0034745703, 0.0036820879, 0.0038763045, 0.0040552644, 0.004138926, 0.0042959535, 0.004439402, 0.0045069987, 0.0046345815, 0.004753693, 0.004865189, 0.0049179825, 0.0050176233, 0.005107962, 0.0051498464, 0.0052271863, 0.0052972757, 0.0053298194, 0.005389676, 0.0054417774, 0.005485065, 0.005503095, 0.005531287, 0.005548372, 0.0055526285, 0.0055518206, 0.005538846, 0.0055134515, 0.0054958924, 0.005450287, 0.005389915, 0.005354121, 0.0052716997, 0.005174539, 0.0051208674, 0.005004745, 0.0048783557, 0.0047435546, 0.004673664, 0.0045288415, 0.0043769483, 0.004298359, 0.0041362983, 0.003969614, 0.0038007612, 0.0037163498, 0.0035472615, 0.0033767018, 0.0032900614, 0.0031124614, 0.0029280945, 0.0028332635, 0.0026391, 0.0024422274, 0.0022474865, 0.0021528078, 0.0019722478, 0.0018069738, 0.001730638, 0.0015899912, 0.0014636674, 0.001347784, 0.0012928058, 0.0011869168, 0.0010864557, 0.001038632, 0.0009497008, 0.000872755, 0.0008395293, 0.0007843481, 0.0007432725, 0.0007141874, 0.00070328725, 0.0006869365, 0.0006763547, 0.00067292777, 0.0006698133, 0.0006720895, 0.0006807457, 0.0006876055, 0.0007068214, 0.0007355803, 0.0007563413, 0.0008240512, 0.000948275
0, 0, 0, 0, 0, 0, 0, 0, 0, 0, 0, 0, 0, 0, 0, 0, 0, 0, 0, 0, 0, 0, 0, 0, 0, 0, 0, 0, 0, 0, 0, 0, 0, 0, 0, 0, 0, 0, 0, 0, 0, 0, 0, 0, 0, 0, 0, 0, 0, 0, 0, 0, 0, 0, 0, 0, 0, 0, 0.00437657, 0.0035935882, 0.0033070974, 0.003342725, 0.003414079, 0.003594858, 0.0037896892, 0.0038868624, 0.0040760534, 0.004255536, 0.0044222167, 0.004499893, 0.004642809, 0.004768562, 0.00482504, 0.0049267528, 0.0050152927, 0.005093523, 0.0051289015, 0.005192405, 0.005245622, 0.00526859, 0.005307416, 0.0053395005, 0.005353964, 0.005380551, 0.0054043927, 0.005425188, 0.0054341676, 0.0054478403, 0.0054531684, 0.0054517463, 0.0054380777, 0.005407844, 0.0053594015, 0.0053280876, 0.0052517722, 0.0051587466, 0.005106956, 0.004994727, 0.0048732627, 0.00480942, 0.0046768226, 0.0045380653, 0.004393141, 0.004318329, 0.004163762, 0.0040012207, 0.0039169686, 0.0037429288, 0.00356338, 0.003381843, 0.0032914258, 0.003112462, 0.002935655, 0.002847605, 0.0026703023, 0.002489644, 0.002397508, 0.0022091744, 0.0020180105, 0.0018285803, 0.0017364359, 0.001561191, 0.001402099, 0.0013296009, 0.0011987698, 0.0010854765, 0.0009864407, 0.00094105967, 0.0008564273, 0.0007783131, 0.00074160285, 0.0006737898, 0.000615806, 0.0005914592, 0.00055343437, 0.00053009787, 0.0005206222, 0.0005202833, 0.00052608666, 0.00053796027, 0.0005452314, 0.00056138943, 0.0005787839, 0.0005975324, 0.00060776353, 0.00063077774, 0.00066117937, 0.00068245246, 0.00075075054, 0.0008723764
0, 0, 0, 0, 0, 0, 0, 0, 0, 0, 0, 0, 0, 0, 0, 0, 0, 0, 0, 0, 0, 0, 0, 0, 0, 0, 0, 0, 0, 0, 0, 0, 0, 0, 0, 0, 0, 0, 0, 0, 0, 0, 0, 0, 0, 0, 0, 0, 0, 0, 0, 0, 0, 0, 0, 0, 0, 0.004673373, 0.004229961, 0.0037011656, 0.003647494, 0.00380135, 0.0039021382, 0.0041076075, 0.0043020262, 0.0043939883, 0.004568201, 0.0047294754, 0.0048764534, 0.004943726, 0.0050644064, 0.00516526, 0.0052085123, 0.0052817594, 0.0053404444, 0.0053886683, 0.0054095737, 0.0054450138, 0.0054710945, 0.0054804073, 0.005491558, 0.0054940474, 0.005492773, 0.0054864413, 0.005475804, 0.0054618837, 0.0054535866, 0.005433359, 0.005405582, 0.005387861, 0.0053420584, 0.00527991, 0.005199941, 0.005153048, 0.0050467774, 0.0049261134, 0.004861584, 0.0047267107, 0.0045866333, 0.0045153014, 0.004370142, 0.0042211185, 0.0040668896, 0.003987451, 0.0038228207, 0.0036493777, 0.0035591421, 0.0033722708, 0.0031788612, 0.0029831142, 0.0028858078, 0.0026942987, 0.0025087174, 0.002418293, 0.0022416944, 0.002069081, 0.0019835397, 0.0018127533, 0.0016425631, 0.0014752162, 0.0013937878, 0.0012382112, 0.0010956718, 0.0010302663, 0.00091213034, 0.0008108104, 0.00072494475, 0.00068719155, 0.0006199587, 0.0005615952, 0.00053533853, 0.000488475, 0.000450084, 0.00043482863, 0.00041386174, 0.00040659308, 0.00041298088, 0.00042071115, 0.0004431809, 0.0004716298, 0.00048684777, 0.00051737064, 0.0005458735, 0.0005715107, 0.00058344007, 0.0006069003, 0.00063508155, 0.00065470266, 0.0007193326, 0.00083664525
0, 0, 0, 0, 0, 0, 0, 0, 0, 0, 0, 0, 0, 0, 0, 0, 0, 0, 0, 0, 0, 0, 0, 0, 0, 0, 0, 0, 0, 0, 0, 0, 0, 0, 0, 0, 0, 0, 0, 0, 0, 0, 0, 0, 0, 0, 0, 0, 0, 0, 0, 0, 0, 0, 0, 0, 0, 0.0044058464, 0.004080549, 0.0038600701, 0.003994564, 0.0042451764, 0.004374661, 0.004615016, 0.004823637, 0.0049171797, 0.005086344, 0.0052342475, 0.0053623365, 0.005418934, 0.0055163093, 0.0055925637, 0.0056230407, 0.005670198, 0.0057033575, 0.0057273568, 0.0057372744, 0.005752691, 0.0057609426, 0.005761574, 0.0057543423, 0.0057350146, 0.005720692, 0.005682644, 0.005633378, 0.0055744904, 0.0055418834, 0.005471279, 0.0053929905, 0.005350489, 0.005257967, 0.0051544025, 0.0050390773, 0.004977125, 0.0048457463, 0.004705189, 0.00463216, 0.0044820528, 0.0043275664, 0.004249058, 0.004089323, 0.0039253184, 0.0037556167, 0.0036683849, 0.0034888708, 0.0033022277, 0.0032061134, 0.0030088543, 0.0028066947, 0.0026033297, 0.0025024128, 0.0023047104, 0.0021153756, 0.0020246787, 0.0018519206, 0.0016908989, 0.0016143378, 0.001467338, 0.0013269098, 0.001191895, 0.0011262029, 0.0009995837, 0.0008805378, 0.00082442746, 0.0007204604, 0.00062861614, 0.0005502901, 0.00051634404, 0.00045844787, 0.0004125841, 0.00039380617, 0.00036396435, 0.00034413024, 0.00033828284, 0.00033542266, 0.00034510824, 0.00036670393, 0.00038141786, 0.00041678688, 0.00045688896, 0.00047739033, 0.0005170579, 0.00055248913, 0.0005821404, 0.0005949419, 0.00061812287, 0.0006437295, 0.0006616288, 0.00072234054, 0.0008361132
0, 0, 0, 0, 0, 0, 0, 0, 0, 0, 0, 0, 0, 0, 0, 0, 0, 0, 0, 0, 0, 0, 0, 0, 0, 0, 0, 0, 0, 0, 0, 0, 0, 0, 0, 0, 0, 0, 0, 0, 0, 0, 0, 0, 0, 0, 0, 0, 0, 0, 0, 0, 0, 0, 0, 0, 0.0047967006, 0.0041167266, 0.0039646905, 0.0040022866, 0.0042714747, 0.0045930576, 0.004747151, 0.0050239246, 0.005256495, 0.0053577726, 0.005534671, 0.005681783, 0.0058028097, 0.0058541796, 0.0059390008, 0.006000721, 0.0060233567, 0.0060541495, 0.006069084, 0.006074411, 0.00607456, 0.0060713287, 0.0060616233, 0.0060533215, 0.006027426, 0.005986476, 0.005959389, 0.005890905, 0.0058037825, 0.005700103, 0.0056431405, 0.0055211326, 0.0053906124, 0.005322909, 0.005183361, 0.0050388626, 0.00489048, 0.0048150676, 0.0046615545, 0.0045043677, 0.0044239685, 0.004258871, 0.004087627, 0.003999422, 0.0038179718, 0.0036299976, 0.003436646, 0.0033383938, 0.0031400553, 0.002940635, 0.0028406896, 0.002640789, 0.002441394, 0.0022440874, 0.0021468631, 0.0019565322, 0.0017748337, 0.0016881136, 0.0015250635, 0.0013772621, 0.0013093692, 0.0011846871, 0.001072089, 0.00096829975, 0.000918489, 0.0008219476, 0.00072825985, 0.00068265427, 0.00059480465, 0.00051337044, 0.0004414528, 0.00040992556, 0.00035713858, 0.00031894428, 0.00030550594, 0.00028934967, 0.00028696773, 0.000290614, 0.00030719797, 0.00033508393, 0.00037231363, 0.00039354453, 0.00043949572, 0.00048706622, 0.0005103968, 0.0005541866, 0.0005923368, 0.00062334107, 0.0006363482, 0.0006590074, 0.00068268226, 0.0006990865, 0.00075637904, 0.00086783257
0, 0, 0, 0, 0, 0, 0, 0, 0, 0, 0, 0, 0, 0, 0, 0, 0, 0, 0, 0, 0, 0, 0, 0, 0, 0, 0, 0, 0, 0, 0, 0, 0, 0, 0, 0, 0, 0, 0, 0, 0, 0, 0, 0, 0, 0, 0, 0, 0, 0, 0, 0, 0, 0, 0, 0, 0.004241071, 0.0038553057, 0.0038467136, 0.004063035, 0.004415037, 0.0047815545, 0.0049527697, 0.0052604014, 0.0055196625, 0.0056323474, 0.0058279494, 0.0059881723, 0.0061178273, 0.006172218, 0.006261374, 0.0063252267, 0.0063478774, 0.006375176, 0.0063816, 0.0063721132, 0.006362834, 0.0063367304, 0.0063006766, 0.0062786285, 0.0062248576, 0.0061556306, 0.0061142887, 0.006016374, 0.0058976756, 0.005759891, 0.005685139, 0.0055261175, 0.005358125, 0.0052720467, 0.005097514, 0.0049212896, 0.004745153, 0.0046572774, 0.004481666, 0.004304337, 0.0042139045, 0.004028546, 0.0038346548, 0.0037341565, 0.0035265735, 0.0033118837, 0.0030938643, 0.0029850907, 0.0027711992, 0.002565247, 0.0024658393, 0.0022740266, 0.0020902266, 0.0019125595, 0.0018256985, 0.0016558437, 0.0014924066, 0.0014138996, 0.001265393, 0.0011309384, 0.0010700058, 0.00096127193, 0.00086813647, 0.0007873024, 0.00075024617, 0.0006796282, 0.0006112157, 0.00057738926, 0.0005104594, 0.00044605447, 0.00038728956, 0.00036117632, 0.0003178392, 0.0002892406, 0.0002811733, 0.0002779945, 0.00029138487, 0.0003035938, 0.0003375767, 0.00038138972, 0.00043133588, 0.0004573741, 0.0005097559, 0.00056035456, 0.00058406504, 0.0006272057, 0.0006640461, 0.000693823, 0.0007063107, 0.00072772277, 0.00074916275, 0.00076377956, 0.00081684865, 0.00092594087
0, 0, 0, 0, 0, 0, 0, 0, 0, 0, 0, 0, 0, 0, 0, 0, 0, 0, 0, 0, 0, 0, 0, 0, 0, 0, 0, 0, 0, 0, 0, 0, 0, 0, 0, 0, 0, 0, 0, 0, 0, 0, 0, 0, 0, 0, 0, 0, 0, 0, 0, 0, 0, 0, 0, 0.0041750944, 0.0036952705, 0.0035991082, 0.0036865626, 0.0040057544, 0.004397788, 0.0047849785, 0.0049658506, 0.0052937972, 0.0055756364, 0.005699605, 0.0059167845, 0.006097538, 0.00624615, 0.0063094213, 0.0064152847, 0.0064935773, 0.0065220497, 0.006557313, 0.0065642074, 0.006545277, 0.0065274145, 0.006477059, 0.0064095506, 0.0063700634, 0.0062806066, 0.00617731, 0.0061204927, 0.005995049, 0.0058534527, 0.005695702, 0.005611606, 0.005434333, 0.0052478667, 0.0051520416, 0.0049569174, 0.0047587375, 0.0045598075, 0.0044602286, 0.004260329, 0.0040584453, 0.0039560557, 0.0037468923, 0.0035305328, 0.0034194319, 0.0031922583, 0.0029611264, 0.0027310424, 0.0026182146, 0.0024012746, 0.0021998326, 0.0021054596, 0.0019292935, 0.0017666823, 0.0016135538, 0.0015394246, 0.0013942576, 0.0012533035, 0.001184757, 0.0010533348, 0.0009330217, 0.00087823736, 0.0007813835, 0.00070170686, 0.00063758926, 0.00061019, 0.00056192075, 0.0005190244, 0.00049859856, 0.0004588779, 0.00042109485, 0.00038650405, 0.00037133196, 0.00034722255, 0.00033469227, 0.00033380513, 0.0003437296, 0.00036927633, 0.0003871781, 0.00043146816, 0.00048314442, 0.0005376558, 0.0005647691, 0.00061716867, 0.00066498626, 0.0006867116, 0.0007254109, 0.0007578966, 0.00078444625, 0.0007956425, 0.0008145036, 0.0008322902, 0.0008443499, 0.0008914583, 0.0009969395
0, 0, 0, 0, 0, 0, 0, 0, 0, 0, 0, 0, 0, 0, 0, 0, 0, 0, 0, 0, 0, 0, 0, 0, 0, 0, 0, 0, 0, 0, 0, 0, 0, 0, 0, 0, 0, 0, 0, 0, 0, 0, 0, 0, 0, 0, 0, 0, 0, 0, 0, 0, 0, 0, 0.0036496005, 0.0034520586, 0.0032063604, 0.0033101789, 0.0034508258, 0.0038159795, 0.0042172717, 0.004606806, 0.0047902022, 0.005127515, 0.005422774, 0.005554358, 0.005787924, 0.0059851366, 0.0061507463, 0.0062226737, 0.006345654, 0.006440576, 0.0064767166, 0.0065242867, 0.0065378174, 0.006517251, 0.0064948443, 0.006428491, 0.00633663, 0.0062829247, 0.0061632833, 0.006031209, 0.005961294, 0.0058142934, 0.00565678, 0.005488379, 0.005400011, 0.005215395, 0.005021027, 0.004920409, 0.004713006, 0.004499104, 0.004280622, 0.0041702753, 0.003947786, 0.0037233904, 0.0036103593, 0.0033833, 0.003155117, 0.003040763, 0.002812578, 0.0025869135, 0.0023666262, 0.002259937, 0.0020567516, 0.0018699403, 0.0017832298, 0.0016228373, 0.0014769805, 0.001341872, 0.0012771888, 0.0011517917, 0.0010310867, 0.00097263715, 0.0008608888, 0.0007586444, 0.0007122636, 0.0006308216, 0.0005664405, 0.00051856204, 0.00050037674, 0.00047317182, 0.00045526034, 0.00044886032, 0.00043964488, 0.00043396273, 0.0004311227, 0.00043097688, 0.00043395656, 0.0004433143, 0.00045109593, 0.00047381676, 0.0005062988, 0.0005257782, 0.00057004, 0.00061836943, 0.00066719326, 0.0006909766, 0.0007360518, 0.0007762461, 0.00079427136, 0.0008262707, 0.0008531375, 0.000875298, 0.00088458403, 0.0008993907, 0.0009119017, 0.0009205581, 0.0009603453, 0.0010612602
0, 0, 0, 0, 0, 0, 0, 0, 0, 0, 0, 0, 0, 0, 0, 0, 0, 0, 0, 0, 0, 0, 0, 0, 0, 0, 0, 0, 0, 0, 0, 0, 0, 0, 0, 0, 0, 0, 0, 0, 0, 0, 0, 0, 0, 0, 0, 0, 0, 0, 0, 0, 0, 0, 0.0028822941, 0.0027632138, 0.0027335081, 0.002948201, 0.0031094092, 0.0034803203, 0.0038694972, 0.0042482954, 0.00442801, 0.004763586, 0.005061698, 0.005195812, 0.0054351278, 0.0056386683, 0.0058109174, 0.0058863196, 0.006017683, 0.0061220373, 0.006163448, 0.006221584, 0.006244567, 0.0062311394, 0.0062107425, 0.006144463, 0.006048297, 0.005991032, 0.0058619427, 0.0057188626, 0.00564361, 0.0054859263, 0.005319569, 0.0051441304, 0.0050526126, 0.0048619322, 0.004660763, 0.0045561166, 0.0043390165, 0.004112898, 0.003880648, 0.0037630706, 0.0035267486, 0.003290926, 0.0031741734, 0.0029442434, 0.0027217648, 0.0026140234, 0.0024055173, 0.0022062846, 0.0020153776, 0.001923199, 0.0017460089, 0.0015793208, 0.0015002692, 0.0013508331, 0.0012127225, 0.0010852868, 0.0010252631, 0.0009123643, 0.0008090921, 0.00076101464, 0.0006726501, 0.00059582526, 0.0005622323, 0.00050518685, 0.00046254502, 0.00043474836, 0.00042608593, 0.00041856882, 0.000422163, 0.00042754313, 0.0004445885, 0.0004681697, 0.00049592333, 0.00051094935, 0.0005422386, 0.00057451037, 0.0005910626, 0.00062500767, 0.00066018786, 0.0006782644, 0.0007149098, 0.00075164967, 0.0007876624, 0.0008051251, 0.00083833514, 0.0008686547, 0.0008825335, 0.0009075718, 0.0009288901, 0.00094615243, 0.00095292245, 0.0009621184, 0.0009677468, 0.0009725443, 0.0010047134, 0.0011012978
0, 0, 0, 0, 0, 0, 0, 0, 0, 0, 0, 0, 0, 0, 0, 0, 0, 0, 0, 0, 0, 0, 0, 0, 0, 0, 0, 0, 0, 0, 0, 0, 0, 0, 0, 0, 0, 0, 0, 0, 0, 0, 0, 0, 0, 0, 0, 0, 0, 0, 0, 0, 0, 0.0022765126, 0.0021562648, 0.0021288265, 0.0022282654, 0.0024809998, 0.0026393065, 0.0029853457, 0.0033433521, 0.0036953106, 0.0038651447, 0.0041859457, 0.0044759316, 0.004607611, 0.0048438143, 0.005044983, 0.0052150516, 0.005289615, 0.005420018, 0.0055252984, 0.005568329, 0.0056327055, 0.0056657162, 0.0056657395, 0.005653401, 0.0056041707, 0.0055255047, 0.0054767476, 0.005363286, 0.0052318303, 0.005160741, 0.005008314, 0.004842593, 0.004664198, 0.0045703775, 0.004374392, 0.0041676695, 0.004060508, 0.0038386693, 0.0036095208, 0.0033760578, 0.0032589147, 0.0030259045, 0.002797066, 0.0026856102, 0.002471005, 0.0022696569, 0.0021747276, 0.0019962476, 0.0018308929, 0.001674961, 0.0015992363, 0.0014506957, 0.0013050123, 0.0012333394, 0.001093283, 0.0009604343, 0.0008380754, 0.00078180066, 0.00068064185, 0.00059560407, 0.0005592399, 0.00049810886, 0.00045189547, 0.00043384815, 0.00040680025, 0.00039014858, 0.0003833856, 0.0003835059, 0.00039127757, 0.00040919075, 0.0004220157, 0.0004554287, 0.00049836934, 0.0005482979, 0.00057486875, 0.0006288436, 0.000680672, 0.00070487487, 0.0007486407, 0.0007858261, 0.00080203224, 0.0008305346, 0.0008552946, 0.00087820954, 0.0008893437, 0.00091109955, 0.00093236763, 0.00094252895, 0.00096149364, 0.0009775485, 0.0009892012, 0.0009927009, 0.0009945284, 0.0009917293, 0.000992483, 0.0010178994, 0.0011109917
0, 0, 0, 0, 0, 0, 0, 0, 0, 0, 0, 0, 0, 0, 0, 0, 0, 0, 0, 0, 0, 0, 0, 0, 0, 0, 0, 0, 0, 0, 0, 0, 0, 0, 0, 0, 0, 0, 0, 0, 0, 0, 0, 0, 0, 0, 0, 0, 0, 0, 0, 0, 0, 0.001524493, 0.0014956289, 0.0015196725, 0.0016643154, 0.0019002403, 0.002037347, 0.0023311246, 0.0026361325, 0.0029417418, 0.0030917267, 0.0033816884, 0.0036510972, 0.003776144, 0.0040035476, 0.004200297, 0.0043675336, 0.0044407495, 0.0045683067, 0.0046722074, 0.0047154953, 0.004783373, 0.00482629, 0.004842788, 0.004840959, 0.004817591, 0.0047686948, 0.0047352468, 0.0046522934, 0.0045489306, 0.0044897487, 0.0043570325, 0.0042049084, 0.004034996, 0.0039439364, 0.0037526162, 0.003551417, 0.0034480307, 0.0032372042, 0.0030235238, 0.0028098284, 0.0027040394, 0.0024959145, 0.0022941735, 0.0021965888, 0.0020097138, 0.0018361822, 0.0017547878, 0.001602838, 0.0014638456, 0.0013338096, 0.0012707824, 0.0011462935, 0.0010218789, 0.00095957046, 0.0008363086, 0.0007185781, 0.0006116597, 0.00056392484, 0.00048209736, 0.0004197829, 0.0003959665, 0.0003618696, 0.0003436517, 0.000339377, 0.00033798616, 0.0003432726, 0.00035295868, 0.00035947282, 0.00037640124, 0.00040112215, 0.0004170629, 0.00045713983, 0.00050859747, 0.0005697412, 0.00060284644, 0.0006708693, 0.0007365975, 0.0007669153, 0.00082006934, 0.00086201774, 0.00087873783, 0.0009051328, 0.0009246562, 0.0009403494, 0.0009476558, 0.0009620873, 0.000976711, 0.0009838191, 0.0009970842, 0.0010070757, 0.0010113523, 0.0010105564, 0.0010028239, 0.0009908255, 0.0009876637, 0.0010073789, 0.0010978669
0, 0, 0, 0, 0, 0, 0, 0, 0, 0, 0, 0, 0, 0, 0, 0, 0, 0, 0, 0, 0, 0, 0, 0, 0, 0, 0, 0, 0, 0, 0, 0, 0, 0, 0, 0, 0, 0, 0, 0, 0, 0, 0, 0, 0, 0, 0, 0, 0, 0, 0, 0, 0.0007910519, 0.0008642152, 0.0008870024, 0.0009229638, 0.0010503156, 0.0012307687, 0.0013328716, 0.0015511719, 0.0017818911, 0.0020201744, 0.0021410934, 0.0023821977, 0.0026175058, 0.0027303565, 0.0029435665, 0.0031354218, 0.0033027553, 0.003376899, 0.0035069739, 0.0036137006, 0.0036584106, 0.003732124, 0.0037851636, 0.003817786, 0.0038263302, 0.0038275544, 0.0038071568, 0.0037891022, 0.0037378913, 0.0036664936, 0.0036229468, 0.0035196163, 0.0033949811, 0.0032504161, 0.003172082, 0.0030064883, 0.0028329792, 0.0027449215, 0.0025680675, 0.002392924, 0.0022216542, 0.0021376116, 0.0019731044, 0.0018129281, 0.0017345706, 0.0015817126, 0.0014361496, 0.0013662836, 0.0012328657, 0.0011087931, 0.0009934768, 0.0009387464, 0.0008339825, 0.00073397247, 0.000685483, 0.0005920903, 0.00050597097, 0.00043068704, 0.0003984644, 0.00034599713, 0.0003096839, 0.00029757945, 0.00028429378, 0.00028370038, 0.00028704834, 0.0002989556, 0.00031516672, 0.0003333905, 0.00034326987, 0.0003653306, 0.00039323978, 0.00041041675, 0.00045226398, 0.00050553505, 0.000569493, 0.0006046875, 0.00067821227, 0.0007510245, 0.00078533596, 0.0008468985, 0.0008965494, 0.0009166375, 0.0009485087, 0.00097134087, 0.0009876336, 0.0009942607, 0.0010056468, 0.0010153999, 0.0010195624, 0.0010258638, 0.0010273131, 0.0010215616, 0.0010154971, 0.0009973468, 0.0009766784, 0.0009702882, 0.0009858307, 0.0010746616
0, 0, 0, 0, 0, 0, 0, 0, 0, 0, 0, 0, 0, 0, 0, 0, 0, 0, 0, 0, 0, 0, 0, 0, 0, 0, 0, 0, 0, 0, 0, 0, 0, 0, 0, 0, 0, 0, 0, 0, 0, 0, 0, 0, 0, 0, 0, 0, 0, 0, 0, 0.00017451853, 0.00026328414, 0.00031248422, 0.00032879153, 0.0003497217, 0.00042154445, 0.0005239741, 0.0005829927, 0.0007125499, 0.00085612456, 0.0010149111, 0.0010998595, 0.001279164, 0.0014673411, 0.0015627771, 0.0017514655, 0.0019314642, 0.002096396, 0.0021717735, 0.002306528, 0.0024198017, 0.0024687191, 0.0025520085, 0.0026174742, 0.0026655213, 0.002683285, 0.0027042748, 0.0027059559, 0.0026998825, 0.0026739961, 0.0026311127, 0.002603307, 0.0025349667, 0.0024495786, 0.0023489564, 0.0022939607, 0.0021771642, 0.0020550082, 0.001993193, 0.0018703365, 0.0017505443, 0.0016344758, 0.0015776376, 0.0014651518, 0.0013522325, 0.0012951866, 0.0011800925, 0.0010641562, 0.0010063982, 0.0008924938, 0.00078335113, 0.00068267, 0.0006365253, 0.0005535898, 0.0004829908, 0.0004520785, 0.00039778333, 0.00035361727, 0.00031925744, 0.00030578964, 0.0002856816, 0.00027383183, 0.00027058925, 0.00026894436, 0.00027330045, 0.0002776093, 0.00028986126, 0.00030638368, 0.0003266428, 0.00033822918, 0.00036489504, 0.0003975, 0.00041667116, 0.00046094385, 0.0005138195, 0.00057530485, 0.000608818, 0.00067924807, 0.0007508222, 0.00078560173, 0.00085054967, 0.0009062652, 0.0009302035, 0.000970264, 0.0010004534, 0.0010217937, 0.0010295262, 0.0010403717, 0.0010455338, 0.001046236, 0.0010435238, 0.00103435, 0.0010176783, 0.0010064745, 0.0009797815, 0.0009536822, 0.00094581663, 0.00096062024, 0.0010495259
0, 0, 0, 0, 0, 0, 0, 0, 0, 0, 0, 0, 0, 0, 0, 0, 0, 0, 0, 0, 0, 0, 0, 0, 0, 0, 0, 0, 0, 0, 0, 0, 0, 0, 0, 0, 0, 0, 0, 0, 0, 0, 0, 0, 0, 0, 0, 0, 0, 0, -0.00039714618, -0.00020399045, -0.00014384653, -0.00013528322, -0.00016329299, -0.00017285711, -0.00017540308, -0.00015884115, -0.0001442986, -0.000103961305, -4.4968063e-05, 3.5537312e-05, 8.433381e-05, 0.0001986365, 0.00033233842, 0.00040460756, 0.0005554843, 0.0007079603, 0.0008553741, 0.00092566496, 0.0010559557, 0.0011722391, 0.0012246548, 0.0013190442, 0.0013992917, 0.0014647365, 0.0014914777, 0.0015320312, 0.0015542345, 0.001558667, 0.0015559522, 0.00154047, 0.001528775, 0.0014988381, 0.0014614218, 0.001417083, 0.0013927298, 0.0013401653, 0.0012830555, 0.001253148, 0.0011917001, 0.001129398, 0.0010670071, 0.001035809, 0.00097202044, 0.0009050617, 0.00087012444, 0.0007967231, 0.00071950426, 0.00067984156, 0.00059932703, 0.00052052847, 0.00044817146, 0.0004161025, 0.00036246737, 0.000324309, 0.00031082536, 0.00029378882, 0.0002871771, 0.00028794014, 0.00028995713, 0.00029514084, 0.00030018235, 0.00030205474, 0.00030478885, 0.00030718255, 0.00030911097, 0.0003161287, 0.00032907576, 0.00034969804, 0.00036292235, 0.0003957231, 0.00043544476, 0.00045762284, 0.00050512416, 0.0005558189, 0.0006094328, 0.0006373331, 0.0006947854, 0.0007536848, 0.0007831332, 0.0008405985, 0.0008941597, 0.00091871695, 0.0009622889, 0.0009977192, 0.0010236434, 0.001032775, 0.0010437353, 0.0010451378, 0.0010425375, 0.001031308, 0.0010127648, 0.0009882227, 0.0009741076, 0.00094446744, 0.00091914606, 0.0009128813, 0.0009320258, 0.0010237116
0, 0, 0, 0, 0, 0, 0, 0, 0, 0, 0, 0, 0, 0, 0, 0, 0, 0, 0, 0, 0, 0, 0, 0, 0, 0, 0, 0, 0, 0, 0, 0, 0, 0, 0, 0, 0, 0, 0, 0, 0, 0, 0, 0, 0, 0, 0, 0, 0, 0, -0.0003079756, -0.0003365417, -0.00036570278, -0.00045741606, -0.00055989256, -0.00060740625, -0.00069094077, -0.00075778813, -0.000784361, -0.00082247285, -0.0008358525, -0.0008213629, -0.000803506, -0.00074757944, -0.000668921, -0.0006229157, -0.0005224274, -0.00041580983, -0.00030713892, -0.00025299477, -0.00014556058, -4.05403e-05, 1.1185686e-05, 0.000111613306, 0.00020683384, 0.0002928247, 0.00033123948, 0.00039671038, 0.0004453345, 0.00046362667, 0.00049023965, 0.0005076525, 0.0005144995, 0.0005272373, 0.00054145383, 0.0005575976, 0.00056566414, 0.0005801588, 0.0005885878, 0.0005896777, 0.0005847939, 0.0005717304, 0.0005523563, 0.0005412106, 0.0005172629, 0.00049196044, 0.00047905615, 0.00045294917, 0.00042630892, 0.0004126263, 0.0003841706, 0.00035506938, 0.00032762613, 0.00031564577, 0.00029780535, 0.00028991888, 0.0002900181, 0.00029769895, 0.00031290503, 0.00033209706, 0.00034187973, 0.00035990015, 0.0003731213, 0.0003776475, 0.00038290664, 0.0003849888, 0.00038611473, 0.0003913253, 0.00040389269, 0.00042636224, 0.00044149827, 0.00047892626, 0.00052308344, 0.000546213, 0.00059171254, 0.0006338476, 0.00067140243, 0.00068882294, 0.0007224482, 0.0007562516, 0.00077386067, 0.00081105554, 0.00085069606, 0.00087079, 0.00090991944, 0.0009450279, 0.0009726277, 0.0009829181, 0.0009951898, 0.0009959742, 0.0009922336, 0.0009775611, 0.00095591723, 0.00093027216, 0.0009170455, 0.00089194573, 0.0008744659, 0.0008727625, 0.0009006684, 0.0009976702
0, 0, 0, 0, 0, 0, 0, 0, 0, 0, 0, 0, 0, 0, 0, 0, 0, 0, 0, 0, 0, 0, 0, 0, 0, 0, 0, 0, 0, 0, 0, 0, 0, 0, 0, 0, 0, 0, 0, 0, 0, 0, 0, 0, 0, 0, 0, 0, 0, 0, -0.00024342937, -0.0003777053, -0.00046313592, -0.0006465968, -0.0008276091, -0.00091398065, -0.0010747554, -0.0012163643, -0.0012784783, -0.0013816736, -0.0014531551, -0.0014914743, -0.001498735, -0.0014927059, -0.0014658214, -0.0014468424, -0.0014027079, -0.0013531734, -0.0012982778, -0.0012686049, -0.0012021709, -0.0011240578, -0.0010801349, -0.0009833219, -0.00087826815, -0.0007713614, -0.0007198997, -0.0006236817, -0.00054046797, -0.0005038798, -0.0004393153, -0.00038177805, -0.00035358642, -0.00029474392, -0.00022954248, -0.00015722697, -0.00011954374, -4.5122342e-05, 2.1195317e-05, 4.9305436e-05, 9.320201e-05, 0.000121205136, 0.00013752923, 0.0001434117, 0.0001542174, 0.00016815907, 0.00017737849, 0.00020112294, 0.00023050312, 0.00024629835, 0.00027728363, 0.00030500532, 0.00032742578, 0.0003367093, 0.0003531326, 0.00036881946, 0.00037726053, 0.0003959693, 0.00041770647, 0.00044075775, 0.0004522327, 0.00047370294, 0.00049121806, 0.00049841614, 0.0005098789, 0.0005184946, 0.00052263273, 0.00053291227, 0.0005487398, 0.000572284, 0.0005871239, 0.000621361, 0.00065844343, 0.00067635666, 0.00070759136, 0.00072986126, 0.00074237824, 0.00074550975, 0.0007483149, 0.0007505098, 0.00075287354, 0.0007627167, 0.0007809304, 0.0007929589, 0.0008210542, 0.0008507489, 0.00087729335, 0.0008882932, 0.00090342877, 0.00090816553, 0.00090645213, 0.0008961416, 0.0008794774, 0.0008604692, 0.0008513215, 0.0008361372, 0.00083026633, 0.0008342819, 0.0008719868, 0.0009748358
0, 0, 0, 0, 0, 0, 0, 0, 0, 0, 0, 0, 0, 0, 0, 0, 0, 0, 0, 0, 0, 0, 0, 0, 0, 0, 0, 0, 0, 0, 0, 0, 0, 0, 0, 0, 0, 0, 0, 0, 0, 0, 0, 0, 0, 0, 0, 0, -0.00049328996, -0.00036558096, -0.00026307846, -0.0003842471, -0.00048243444, -0.00070721237, -0.00094146974, -0.001056674, -0.0012783199, -0.001480579, -0.0015717162, -0.0017300406, -0.0018516999, -0.0019373575, -0.00196782, -0.0020091208, -0.00203174, -0.0020389778, -0.002048845, -0.0020548443, -0.002054453, -0.0020500114, -0.0020288313, -0.0019848705, -0.0019529805, -0.0018699087, -0.001764596, -0.001645125, -0.0015829777, -0.0014598432, -0.0013431261, -0.0012881566, -0.0011843614, -0.0010854672, -0.0010357349, -0.00093286694, -0.0008221042, -0.000702983, -0.00064143195, -0.00051852834, -0.00040376882, -0.0003519216, -0.00026240392, -0.00019194493, -0.00013604351, -0.000110867426, -6.128234e-05, -6.4883448e-06, 2.4424591e-05, 9.397056e-05, 0.00017140203, 0.00021151293, 0.0002905161, 0.00036261952, 0.0004234031, 0.00044897062, 0.00049088063, 0.00052261294, 0.0005359499, 0.0005601804, 0.0005836279, 0.00060779485, 0.0006202442, 0.0006452135, 0.00066914136, 0.00068058155, 0.0007017969, 0.00072094105, 0.000729807, 0.0007467435, 0.0007635905, 0.00078120513, 0.0007902903, 0.0008079742, 0.00082256924, 0.00082766835, 0.0008311997, 0.00082475354, 0.0008086231, 0.0007976502, 0.0007725717, 0.0007478325, 0.0007373099, 0.0007232715, 0.0007206935, 0.00072389556, 0.0007375521, 0.0007574022, 0.00077895186, 0.0007889722, 0.0008057204, 0.00081585464, 0.0008180051, 0.0008168422, 0.0008105254, 0.0008023811, 0.000798712, 0.0007942701, 0.0007982963, 0.0008067562, 0.0008516863, 0.00095851143
0, 0, 0, 0, 0, 0, 0, 0, 0, 0, 0, 0, 0, 0, 0, 0, 0, 0, 0, 0, 0, 0, 0, 0, 0, 0, 0, 0, 0, 0, 0, 0, 0, 0, 0, 0, 0, 0, 0, 0, 0, 0, 0, 0, 0, 0, 0, 0, -1.421305e-05, -7.3524796e-05, -0.0001457017, -0.00029602827, -0.00039672485, -0.000628256, -0.0008805292, -0.0010091468, -0.001263661, -0.0015057401, -0.0016184658, -0.0018224342, -0.001992756, -0.002128368, -0.002184566, -0.002277389, -0.0023515606, -0.0023838065, -0.0024413492, -0.002491717, -0.0025318372, -0.0025460327, -0.0025583135, -0.0025427607, -0.0025228343, -0.0024589642, -0.002365753, -0.0022496074, -0.0021858928, -0.002052416, -0.001917281, -0.0018503007, -0.001718169, -0.0015865538, -0.0015197301, -0.0013816776, -0.0012359807, -0.0010824385, -0.0010034762, -0.00084486813, -0.0006909669, -0.00061789143, -0.00048255676, -0.00036263405, -0.00025640163, -0.00020658213, -0.00010943296, -1.0893472e-05, 3.9989332e-05, 0.00014534361, 0.00025342256, 0.000306921, 0.00040953787, 0.00050248136, 0.00058187434, 0.0006160129, 0.0006734244, 0.0007181199, 0.000736951, 0.0007707532, 0.0008028293, 0.0008352357, 0.00085183565, 0.00088515226, 0.0009179224, 0.0009336133, 0.0009625737, 0.0009874908, 0.0009978923, 0.0010137255, 0.0010220698, 0.0010229896, 0.0010208243, 0.0010108354, 0.000993195, 0.0009815245, 0.00095281284, 0.0009179591, 0.0008791189, 0.00085877854, 0.00081793085, 0.00077968324, 0.00076258014, 0.0007344767, 0.0007163228, 0.00071133464, 0.00070837286, 0.0007125285, 0.00072131795, 0.0007266612, 0.00073824, 0.0007491008, 0.0007537133, 0.0007607268, 0.000764801, 0.00076707726, 0.00076812226, 0.00077163265, 0.0007811843, 0.0007916679, 0.00083981355, 0.00094810594
0, 0, 0, 0, 0, 0, 0, 0, 0, 0, 0, 0, 0, 0, 0, 0, 0, 0, 0, 0, 0, 0, 0, 0, 0, 0, 0, 0, 0, 0, 0, 0, 0, 0, 0, 0, 0, 0, 0, 0, 0, 0, 0, 0, 0, 0, 0, 0.00070480385, 0.00050849415, 0.00027392476, 0.000103403894, -7.7201425e-05, -0.00017758642, -0.00039845746, -0.00063983916, -0.0007656337, -0.001022457, -0.0012785709, -0.0014031503, -0.0016398862, -0.001854027, -0.0020412407, -0.002124669, -0.0022733058, -0.002400148, -0.0024562066, -0.002555552, -0.0026375279, -0.002700716, -0.002724405, -0.0027527735, -0.0027534077, -0.0027427156, -0.0026992732, -0.0026282736, -0.0025334472, -0.0024787628, -0.0023583754, -0.0022269336, -0.002158103, -0.0020159944, -0.0018675114, -0.0017908772, -0.001631586, -0.0014647788, -0.0012907663, -0.0012017324, -0.00102098, -0.0008396291, -0.0007497558, -0.0005739527, -0.00040546045, -0.00024587207, -0.00016942476, -2.2015658e-05, 0.00011854081, 0.00018642363, 0.0003169032, 0.0004389471, 0.0004963794, 0.00060260296, 0.0006975303, 0.00078107195, 0.00081882963, 0.00088718504, 0.00094719575, 0.0009745398, 0.0010260387, 0.0010749542, 0.0011215752, 0.0011438844, 0.0011855772, 0.0012224539, 0.0012383913, 0.0012646774, 0.0012828744, 0.0012883554, 0.0012909197, 0.0012814148, 0.001259812, 0.0012447155, 0.0012068254, 0.001160315, 0.0011347864, 0.0010814753, 0.0010279864, 0.0009775107, 0.00095388654, 0.00090973306, 0.0008696931, 0.00085116323, 0.0008170627, 0.00078713713, 0.0007739163, 0.00075093855, 0.00073261023, 0.0007196442, 0.0007155042, 0.0007122012, 0.00071537314, 0.0007189679, 0.0007285, 0.0007390827, 0.0007486679, 0.0007528385, 0.0007607066, 0.0007722573, 0.0007831536, 0.0008319593, 0.0009410483
0, 0, 0, 0, 0, 0, 0, 0, 0, 0, 0, 0, 0, 0, 0, 0, 0, 0, 0, 0, 0, 0, 0, 0, 0, 0, 0, 0, 0, 0, 0, 0, 0, 0, 0, 0, 0, 0, 0, 0, 0, 0, 0, 0, 0, 0, 0, 0.0009714285, 0.0008069319, 0.0005782114, 0.0004046187, 0.00023413007, 0.00014412659, -4.746067e-05, -0.00025622008, -0.0003671699, -0.00060021604, -0.0008447034, -0.0009696464, -0.0012187694, -0.0014603611, -0.0016875428, -0.0017941955, -0.0019907088, -0.0021635392, -0.002240625, -0.002374346, -0.002479724, -0.0025573254, -0.002585526, -0.0026217562, -0.0026321115, -0.0026285185, -0.00260544, -0.002561924, -0.002498981, -0.0024605591, -0.002368837, -0.0022579413, -0.0021959448, -0.0020597542, -0.0019096495, -0.0018301056, -0.0016636013, -0.0014891248, -0.0013090281, -0.0012170437, -0.0010293117, -0.00083680986, -0.00073888554, -0.00054056814, -0.00034109404, -0.00014384708, -4.7498284e-05, 0.00013802235, 0.00031045658, 0.0003908083, 0.0005386538, 0.00066833576, 0.0007268379, 0.0008328483, 0.0009271422, 0.0010141309, 0.001055767, 0.0011367215, 0.001214341, 0.0012517835, 0.0013227582, 0.0013872789, 0.0014433971, 0.0014675902, 0.0015076133, 0.001535448, 0.0015448007, 0.0015548064, 0.001553804, 0.001549481, 0.0015326138, 0.0015044857, 0.0014652293, 0.0014416175, 0.0013876108, 0.0013268151, 0.0012948543, 0.0012309378, 0.00117025, 0.0011159856, 0.0010917065, 0.0010480419, 0.0010083241, 0.0009890147, 0.0009498883, 0.0009082963, 0.00088658714, 0.0008422041, 0.00079875364, 0.0007600799, 0.0007439802, 0.00072028727, 0.0007094581, 0.00070868206, 0.0007146558, 0.0007265417, 0.00073965173, 0.0007455691, 0.0007558982, 0.0007684707, 0.00077972957, 0.00082926085, 0.0009402894
0, 0, 0, 0, 0, 0, 0, 0, 0, 0, 0, 0, 0, 0, 0, 0, 0, 0, 0, 0, 0, 0, 0, 0, 0, 0, 0, 0, 0, 0, 0, 0, 0, 0, 0, 0, 0, 0, 0, 0, 0, 0, 0, 0, 0, 0, 0.0016692212, 0.0011344703, 0.0009922311, 0.0008144599, 0.00068654184, 0.00055995345, 0.0004928156, 0.00034749618, 0.0001851229, 9.670849e-05, -9.67066e-05, -0.0003104133, -0.00042383748, -0.0006603565, -0.00090282905, -0.0011426574, -0.0012591543, -0.001479938, -0.0016791099, -0.0017691771, -0.0019263916, -0.002051594, -0.0021448226, -0.0021798592, -0.0022287588, -0.0022541475, -0.0022594195, -0.0022582985, -0.002242368, -0.0022108664, -0.002188012, -0.002126081, -0.002039703, -0.0019871404, -0.0018645081, -0.001721721, -0.0016444298, -0.0014809846, -0.0013103832, -0.001135306, -0.0010465314, -0.00086611527, -0.0006811412, -0.000586327, -0.0003915102, -0.00019061817, 1.3914987e-05, 0.00011563193, 0.00031421508, 0.00050074584, 0.0005877219, 0.00074723654, 0.00088695984, 0.00095007755, 0.0010650904, 0.0011696096, 0.0012682647, 0.0013164971, 0.0014116844, 0.0015036064, 0.0015473836, 0.0016277884, 0.0016953489, 0.0017466964, 0.0017656853, 0.0017899565, 0.001797106, 0.0017949583, 0.0017817793, 0.001759111, 0.0017452782, 0.0017132135, 0.0016753348, 0.0016312908, 0.0016066688, 0.0015525882, 0.001493124, 0.0014619484, 0.001398656, 0.0013369805, 0.0012796376, 0.0012530641, 0.0012041569, 0.0011584483, 0.0011357375, 0.0010881763, 0.0010352981, 0.0010066826, 0.000946173, 0.00088440056, 0.0008268315, 0.00080153963, 0.00076077326, 0.0007361165, 0.00072993385, 0.00072838063, 0.0007371068, 0.0007499047, 0.0007562045, 0.00076764345, 0.0007811137, 0.0007929271, 0.0008439166, 0.00095803046
0, 0, 0, 0, 0, 0, 0, 0, 0, 0, 0, 0, 0, 0, 0, 0, 0, 0, 0, 0, 0, 0, 0, 0, 0, 0, 0, 0, 0, 0, 0, 0, 0, 0, 0, 0, 0, 0, 0, 0, 0, 0, 0, 0, 0, 0.0013601, 0.0012628735, 0.0010736614, 0.0010103801, 0.0009326214, 0.000876262, 0.00081376015, 0.00077675027, 0.00068840117, 0.0005781965, 0.0005137924, 0.00036658242, 0.0001943566, 9.981378e-05, -0.00010247773, -0.0003166077, -0.00053505384, -0.00064346025, -0.00085388235, -0.0010501583, -0.0011413697, -0.0013061925, -0.0014462671, -0.0015593718, -0.0016059016, -0.0016796152, -0.001730478, -0.0017482761, -0.0017717521, -0.0017791399, -0.0017693851, -0.0017570169, -0.001714817, -0.0016465024, -0.0016023016, -0.0014948919, -0.0013654627, -0.0012943299, -0.0011428576, -0.0009844826, -0.00082339154, -0.0007422721, -0.0005792424, -0.00041418665, -0.00033063506, -0.00015999853, 1.6719017e-05, 0.00019931499, 0.00029186765, 0.00047699478, 0.00065721525, 0.0007438442, 0.00090802356, 0.0010590164, 0.0011298747, 0.0012629312, 0.0013861458, 0.0015014639, 0.0015564963, 0.0016607137, 0.0017555634, 0.0017983792, 0.001871975, 0.0019270064, 0.0019613781, 0.0019707922, 0.0019749638, 0.001962299, 0.0019510476, 0.0019216767, 0.0018869515, 0.0018688376, 0.0018324087, 0.0017958177, 0.001757476, 0.0017370479, 0.0016927326, 0.0016431529, 0.0016163727, 0.0015588275, 0.0014978901, 0.0014357164, 0.0014050152, 0.0013452721, 0.0012880993, 0.0012599955, 0.0012032606, 0.0011441178, 0.001113294, 0.0010496923, 0.0009856088, 0.00092531915, 0.0008979455, 0.0008514004, 0.0008187417, 0.0008081917, 0.00079784467, 0.0007989929, 0.0008063278, 0.0008106613, 0.00081931107, 0.000831091, 0.00084211223, 0.00089248177, 0.0010087133
0, 0, 0, 0, 0, 0, 0, 0, 0, 0, 0, 0, 0, 0, 0, 0, 0, 0, 0, 0, 0, 0, 0, 0, 0, 0, 0, 0, 0, 0, 0, 0, 0, 0, 0, 0, 0, 0, 0, 0, 0, 0, 0, 0.00025135893, 0.0003744239, 0.0004259817, 0.0004906993, 0.0005597167, 0.00059982145, 0.00068430183, 0.0007638759, 0.00082897703, 0.0008528964, 0.00088168983, 0.0008805323, 0.00086779596, 0.0008181471, 0.00074180687, 0.000695573, 0.00059250556, 0.0004821152, 0.00037007738, 0.00031381968, 0.00020129191, 8.6299035e-05, 2.705642e-05, -9.598329e-05, -0.00022513988, -0.00035616916, -0.0004203134, -0.0005401048, -0.00064189517, -0.0006838225, -0.00074691145, -0.00078093313, -0.0007880017, -0.0007823593, -0.0007561943, -0.0007143631, -0.0006882401, -0.0006268534, -0.00055376586, -0.00051284855, -0.00042269725, -0.0003224913, -0.00021411211, -0.00015724509, -3.9722494e-05, 8.1089325e-05, 0.00014192158, 0.00026286155, 0.00038250216, 0.00050206686, 0.00056268106, 0.00068664685, 0.0008155395, 0.0008820198, 0.00101926, 0.0011603595, 0.0012312812, 0.0013707379, 0.0015016509, 0.0016174534, 0.0016682302, 0.0017546801, 0.0018212899, 0.00184771, 0.0018885775, 0.0019162495, 0.0019345174, 0.0019410859, 0.0019499769, 0.0019534137, 0.0019528611, 0.001946128, 0.0019314521, 0.0019215582, 0.0018981061, 0.0018717478, 0.0018444784, 0.0018307933, 0.0018035981, 0.0017757049, 0.0017609557, 0.001728404, 0.0016896371, 0.0016427708, 0.0016166253, 0.0015609263, 0.0015043359, 0.0014771045, 0.0014271033, 0.0013850612, 0.0013672296, 0.0013374583, 0.0013127842, 0.0012898926, 0.0012778527, 0.001251406, 0.0012217765, 0.0012062476, 0.0011753993, 0.0011468004, 0.0011216525, 0.0011102918, 0.0010899476, 0.0010754792, 0.0010744216, 0.001104595, 0.0012141061
0, 0, 0, 0, 0, 0, 0, 0, 0, 0, 0, 0, 0, 0, 0, 0, 0, 0, 0, 0, 0, 0, 0, 0, 0, 0, 0, 0, 0, 0, 0, 0, 0, 0, 0, 0, 0, 0, 0, 0, 0, 0, 0, -4.1250943e-05, 2.2072158e-05, 4.5090383e-05, 9.6324664e-05, 0.00017307451, 0.00021989786, 0.0003241629, 0.00043029358, 0.0005300794, 0.00057514565, 0.0006515641, 0.00070424407, 0.0007201296, 0.000729703, 0.0007121163, 0.00069485954, 0.00064904167, 0.0005946093, 0.0005378097, 0.00050913816, 0.00045086627, 0.0003867457, 0.0003510038, 0.0002683893, 0.00016985965, 5.8682483e-05, 1.0435995e-06, -0.00011271591, -0.00021407292, -0.00025685912, -0.0003230467, -0.0003608423, -0.00037279277, -0.00037099747, -0.00035692478, -0.00033505686, -0.0003232737, -0.00029796932, -0.0002689184, -0.00025178038, -0.00020959643, -0.0001549626, -8.6225824e-05, -4.646287e-05, 4.2950902e-05, 0.0001425001, 0.00019453543, 0.00029970944, 0.00040348922, 0.000503874, 0.00055328314, 0.0006514498, 0.0007517349, 0.0008033803, 0.00091109506, 0.0010234684, 0.0010806512, 0.0011936944, 0.0012997874, 0.0013931756, 0.0014336146, 0.0015022515, 0.0015559756, 0.0015784401, 0.0016173016, 0.0016523907, 0.00168774, 0.0017060596, 0.0017431385, 0.0017778458, 0.0017927228, 0.0018142369, 0.0018217636, 0.0018201593, 0.0018079305, 0.0017877835, 0.001765311, 0.0017547474, 0.0017375357, 0.0017264613, 0.0017229775, 0.0017178186, 0.0017111667, 0.0016983341, 0.0016886871, 0.0016634162, 0.0016327652, 0.0016167338, 0.0015870472, 0.0015642968, 0.0015564291, 0.0015473906, 0.0015441253, 0.0015407704, 0.0015369863, 0.0015221834, 0.0014958446, 0.001478557, 0.0014375525, 0.0013913049, 0.0013438455, 0.0013205283, 0.001275906, 0.0012377113, 0.00122531, 0.0012361887, 0.0013372594
0, 0, 0, 0, 0, 0, 0, 0, 0, 0, 0, 0, 0, 0, 0, 0, 0, 0, 0, 0, 0, 0, 0, 0, 0, 0, 0, 0, 0, 0, 0, 0, 0, 0, 0, 0, 0, 0, 0, 0, 0, 0, -0.00054555695, -0.00037117652, -0.00034995432, -0.0003506579, -0.0003346411, -0.00028454416, -0.00024798207, -0.00015902698, -5.7323137e-05, 5.1067233e-05, 0.00010544491, 0.00021224459, 0.00031039843, 0.00035390857, 0.0004258323, 0.00047456758, 0.00049016, 0.0005069776, 0.00050838565, 0.0005001407, 0.0004938427, 0.00047805713, 0.00045574617, 0.00044076957, 0.000399871, 0.0003422995, 0.00026921197, 0.00022862578, 0.00014470088, 6.546718e-05, 3.0557538e-05, -2.6579763e-05, -6.3899584e-05, -8.3247345e-05, -8.782344e-05, -9.223125e-05, -9.551356e-05, -9.8669174e-05, -0.00010823141, -0.00012000071, -0.00012477707, -0.00012807848, -0.000118238175, -9.1674316e-05, -7.159433e-05, -1.7733013e-05, 5.135396e-05, 9.012231e-05, 0.00017241089, 0.00025602052, 0.00033730728, 0.00037658145, 0.00045273264, 0.00052719004, 0.0005645514, 0.00064076734, 0.0007191869, 0.0007590079, 0.0008383194, 0.0009148598, 0.0009854791, 0.0010181399, 0.0010777189, 0.0011316434, 0.0011574117, 0.0012087347, 0.001262647, 0.0013214491, 0.0013525088, 0.0014160881, 0.0014775873, 0.0015055691, 0.0015521348, 0.0015832678, 0.0015926769, 0.0016007816, 0.0015995494, 0.0015963132, 0.0015962019, 0.0016027448, 0.0016207328, 0.0016339578, 0.001666712, 0.001702584, 0.0017348585, 0.0017478172, 0.0017655857, 0.001772253, 0.0017723968, 0.0017691872, 0.001766589, 0.001766818, 0.001771282, 0.0017792917, 0.0017852604, 0.0017855382, 0.0017770438, 0.0017536054, 0.0017358122, 0.0016894025, 0.0016315371, 0.0015664515, 0.0015325603, 0.0014640986, 0.0014005037, 0.0013753271, 0.0013637522, 0.0014548398
0, 0, 0, 0, 0, 0, 0, 0, 0, 0, 0, 0, 0, 0, 0, 0, 0, 0, 0, 0, 0, 0, 0, 0, 0, 0, 0, 0, 0, 0, 0, 0, 0, 0, 0, 0, 0, 0, 0, 0, 0, -0.0012861992, -0.0008833057, -0.0007146915, -0.0007317898, -0.0007544851, -0.00078352826, -0.0007770599, -0.00076060183, -0.00070762075, -0.000632752, -0.0005397665, -0.00048738634, -0.0003725695, -0.0002489736, -0.00018607896, -6.4018954e-05, 4.536626e-05, 9.301583e-05, 0.00017119235, 0.00022683968, 0.00026358504, 0.00027636898, 0.00029393216, 0.0003035236, 0.00030510634, 0.0003014541, 0.00028617808, 0.00025839973, 0.00024018611, 0.0001979366, 0.00015209123, 0.00012960487, 8.788722e-05, 5.2557876e-05, 2.3959754e-05, 1.1477854e-05, -1.2520457e-05, -3.8418868e-05, -5.2844425e-05, -8.550941e-05, -0.000121026686, -0.0001385041, -0.0001693101, -0.0001913901, -0.00020069393, -0.00020009631, -0.00018780379, -0.00016165902, -0.00014419519, -0.00010226073, -5.440905e-05, -3.593016e-06, 2.215104e-05, 7.320953e-05, 0.00012273331, 0.00014720447, 0.00019629643, 0.00024639937, 0.00027209226, 0.00032577052, 0.00038288467, 0.00044361598, 0.00047523176, 0.0005408113, 0.00060858874, 0.00064338546, 0.0007145439, 0.00078811176, 0.00086380827, 0.00090209703, 0.0009785108, 0.0010526736, 0.001088124, 0.0011537917, 0.0012116096, 0.0012374057, 0.0012832667, 0.0013241085, 0.0013650408, 0.0013871588, 0.00143722, 0.0014973099, 0.001531002, 0.0016046014, 0.0016816529, 0.0017562809, 0.0017907021, 0.0018505245, 0.0018961366, 0.0019136504, 0.0019397669, 0.00195813, 0.001965795, 0.001979816, 0.0019923605, 0.002001, 0.002002657, 0.0019976408, 0.001979138, 0.0019636527, 0.0019199796, 0.0018599706, 0.0017859157, 0.0017447636, 0.0016565953, 0.0015676526, 0.0015288702, 0.0014925777, 0.0015718475
0, 0, 0, 0, 0, 0, 0, 0, 0, 0, 0, 0, 0, 0, 0, 0, 0, 0, 0, 0, 0, 0, 0, 0, 0, 0, 0, 0, 0, 0, 0, 0, 0, 0, 0, 0, 0, 0, 0, 0, -0.0008210633, -0.0008706857, -0.0008869017, -0.00093397446, -0.001038344, -0.0010924145, -0.0011802055, -0.001229334, -0.0012394012, -0.0012334948, -0.0011981946, -0.001136661, -0.0010960142, -0.0009964848, -0.00087522366, -0.00080775825, -0.0006656261, -0.0005232763, -0.00045496927, -0.00033160724, -0.00023022329, -0.00015239042, -0.00012142576, -7.2055154e-05, -3.349577e-05, -1.6939843e-05, 1.128816e-05, 3.2689044e-05, 4.507137e-05, 4.725937e-05, 4.2958913e-05, 2.812095e-05, 1.7269267e-05, -9.7713055e-06, -4.266551e-05, -7.912319e-05, -9.822416e-05, -0.00013731833, -0.00017734658, -0.00019730187, -0.00023740414, -0.00027726512, -0.00029696836, -0.000334788, -0.00037039307, -0.0004034299, -0.00041851957, -0.00044608497, -0.0004684398, -0.00047706964, -0.00048783884, -0.00048890436, -0.00047999082, -0.0004722702, -0.0004521763, -0.0004276632, -0.00041425598, -0.00038568597, -0.0003536734, -0.00033594845, -0.00029448202, -0.00024294018, -0.0001788536, -0.00014210296, -6.0910093e-05, 2.7610407e-05, 7.318975e-05, 0.00016428309, 0.00025325047, 0.00033808203, 0.00037898117, 0.00045852503, 0.000537645, 0.0005783476, 0.00066394615, 0.00075650273, 0.000805413, 0.00090784015, 0.0010135706, 0.0011211027, 0.0011751384, 0.0012834345, 0.0013921497, 0.0014465945, 0.001555041, 0.0016620687, 0.0017661204, 0.0018159945, 0.0019092293, 0.001990681, 0.0020259318, 0.0020853789, 0.0021311154, 0.0021495735, 0.002178878, 0.0021994375, 0.0022121663, 0.002215492, 0.0022151158, 0.0022032547, 0.0021918365, 0.0021556597, 0.0020992975, 0.0020217395, 0.001975278, 0.0018692168, 0.0017540096, 0.001700292, 0.0016357101, 0.0016999719
0, 0, 0, 0, 0, 0, 0, 0, 0, 0, 0, 0, 0, 0, 0, 0, 0, 0, 0, 0, 0, 0, 0, 0, 0, 0, 0, 0, 0, 0, 0, 0, 0, 0, 0, 0, 0, 0, 0, -0.0002121119, -0.0004195569, -0.0005332543, -0.00074437796, -0.00095519645, -0.0011627794, -0.0012578596, -0.0014192237, -0.0015351009, -0.001575644, -0.0016241656, -0.0016348056, -0.0016127815, -0.0015909224, -0.001526011, -0.0014357034, -0.001381753, -0.0012600195, -0.0011262222, -0.0010574176, -0.0009223907, -0.0007981823, -0.0006898992, -0.0006424068, -0.00055942725, -0.00048981956, -0.0004585942, -0.0004019597, -0.00035291415, -0.0003136878, -0.00029862093, -0.00027913033, -0.0002747881, -0.0002780681, -0.00029482486, -0.0003237003, -0.00036266466, -0.0003846686, -0.00043096207, -0.00047707846, -0.0004990315, -0.0005398069, -0.00057714985, -0.0005950841, -0.0006316109, -0.0006712238, -0.00071680994, -0.00074232917, -0.0007987827, -0.0008596187, -0.0008903382, -0.00094787695, -0.0009948261, -0.0010272565, -0.0010376942, -0.0010478905, -0.0010462893, -0.0010420638, -0.0010279157, -0.0010061921, -0.0009921725, -0.000955396, -0.0009036926, -0.00083368184, -0.0007917683, -0.00069615006, -0.00058940816, -0.0005342543, -0.00042427017, -0.00031930185, -0.00022167135, -0.00017542516, -8.493977e-05, 8.855611e-06, 5.9890248e-05, 0.00017535563, 0.00031227767, 0.00038896812, 0.00055588444, 0.000733914, 0.00091373763, 0.0010015976, 0.0011694923, 0.0013240158, 0.001396256, 0.0015314962, 0.0016583243, 0.0017813069, 0.0018422278, 0.001962654, 0.0020784463, 0.0021329673, 0.0022321295, 0.0023152626, 0.0023499324, 0.002404994, 0.0024420144, 0.002463492, 0.0024693455, 0.0024726295, 0.0024637918, 0.002454087, 0.0024209416, 0.0023646457, 0.0022808474, 0.002227983, 0.0021018565, 0.0019582, 0.0018883871, 0.0017929273, 0.0018396493
0, 0, 0, 0, 0, 0, 0, 0, 0, 0, 0, 0, 0, 0, 0, 0, 0, 0, 0, 0, 0, 0, 0, 0, 0, 0, 0, 0, 0, 0, 0, 0, 0, 0, 0, 0, 0, 0, 0.0008009611, 0.00032174095, -2.3065966e-05, -0.00016159918, -0.00043901373, -0.0007315223, -0.0010200025, -0.0011554767, -0.0013953905, -0.001585028, -0.0016587602, -0.0017676669, -0.001829263, -0.0018530891, -0.0018535556, -0.0018367507, -0.0017991967, -0.0017730994, -0.0017069997, -0.001622649, -0.0015743151, -0.0014681459, -0.0013532805, -0.001236799, -0.0011797281, -0.0010713838, -0.00097339257, -0.00092908385, -0.00084981445, -0.0007841096, -0.0007331936, -0.0007137072, -0.0006867541, -0.00067547435, -0.0006752035, -0.0006851524, -0.0007070501, -0.00074084225, -0.0007613447, -0.00080764724, -0.0008574845, -0.00088243117, -0.0009303275, -0.00097569113, -0.0009975903, -0.0010420661, -0.0010901261, -0.0011450741, -0.0011761962, -0.0012459587, -0.0013241759, -0.0013650492, -0.0014456036, -0.0015180744, -0.0015760957, -0.001598676, -0.0016301665, -0.0016453792, -0.0016474961, -0.0016426798, -0.0016272358, -0.001615443, -0.0015825087, -0.0015338323, -0.0014653179, -0.001422815, -0.0013220819, -0.0012047695, -0.0011420083, -0.0010123586, -0.0008822194, -0.0007552184, -0.0006928221, -0.0005678326, -0.00043664023, -0.00036569376, -0.00020733685, -2.238945e-05, 8.0146536e-05, 0.00030191542, 0.00053732016, 0.000773296, 0.00088762917, 0.001103103, 0.001296303, 0.0013842558, 0.0015453154, 0.00169327, 0.0018371807, 0.0019097555, 0.0020580739, 0.0022083959, 0.002282473, 0.0024226394, 0.0025452212, 0.002597525, 0.002681276, 0.0027365016, 0.0027659594, 0.0027725236, 0.0027725375, 0.0027570194, 0.0027433329, 0.0027012997, 0.0026343314, 0.002536338, 0.0024744507, 0.0023258228, 0.0021537356, 0.0020684793, 0.0019442276, 0.0019744684
0, 0, 0, 0, 0, 0, 0, 0, 0, 0, 0, 0, 0, 0, 0, 0, 0, 0, 0, 0, 0, 0, 0, 0, 0, 0, 0, 0, 0, 0, 0, 0, 0, 0, 0, 0, 0, 0.0014730769, 0.0011982807, 0.00079431065, 0.00050760596, 0.00037654597, 9.26881e-05, -0.00022854297, -0.0005668937, -0.0007331259, -0.0010418997, -0.0013034611, -0.0014120929, -0.0015858553, -0.0017054871, -0.0017834236, -0.0018108397, -0.0018520197, -0.0018797586, -0.0018892607, -0.0018974211, -0.00188657, -0.0018724349, -0.0018247886, -0.0017506481, -0.0016544049, -0.0016006285, -0.0014883905, -0.0013793407, -0.0013291629, -0.0012420252, -0.0011746156, -0.0011266909, -0.0011095722, -0.0010875067, -0.001078029, -0.0010768784, -0.0010810216, -0.0010933739, -0.0011165435, -0.0011325178, -0.0011746672, -0.0012289122, -0.00125981, -0.0013262008, -0.0013962066, -0.001431188, -0.0015004772, -0.0015683683, -0.001635849, -0.0016700855, -0.0017411616, -0.001816007, -0.0018544919, -0.0019314893, -0.0020038844, -0.0020661734, -0.0020919794, -0.0021313585, -0.0021534285, -0.0021584427, -0.0021573207, -0.0021439064, -0.002133018, -0.0021029979, -0.0020587218, -0.001996375, -0.0019566277, -0.0018586671, -0.0017365984, -0.0016675226, -0.001515925, -0.001350979, -0.0011774326, -0.0010883472, -0.00090606196, -0.0007171687, -0.0006189167, -0.00041139932, -0.00018578421, -6.568945e-05, 0.00018661527, 0.0004496738, 0.0007133816, 0.0008422321, 0.0010888447, 0.0013151087, 0.0014202524, 0.0016156841, 0.0017970958, 0.0019725384, 0.0020602797, 0.0022378531, 0.0024167588, 0.0025049073, 0.002672485, 0.0028194834, 0.0028823446, 0.0029824583, 0.003046176, 0.0030751454, 0.00307845, 0.0030668234, 0.0030345784, 0.0030114406, 0.0029496194, 0.0028626968, 0.0027445816, 0.002672472, 0.0025020947, 0.0023070662, 0.002210124, 0.0020641978, 0.0020827407
0, 0, 0, 0, 0, 0, 0, 0, 0, 0, 0, 0, 0, 0, 0, 0, 0, 0, 0, 0, 0, 0, 0, 0, 0, 0, 0, 0, 0, 0, 0, 0, 0, 0, 0, 0, 0, 0.0020704847, 0.0017696663, 0.0014318542, 0.001217757, 0.0011084016, 0.00084964884, 0.00053316663, 0.00017924429, -2.0021596e-06, -0.00035559118, -0.0006745066, -0.0008156341, -0.0010558761, -0.0012432891, -0.0013878609, -0.0014495025, -0.001559609, -0.0016596215, -0.0017065475, -0.0017918618, -0.00185845, -0.0018812974, -0.0019022399, -0.0018866889, -0.0018366975, -0.0018012105, -0.0017168975, -0.0016281419, -0.0015866935, -0.0015158065, -0.0014654613, -0.0014350986, -0.0014257906, -0.0014162043, -0.0014136435, -0.0014134991, -0.0014150481, -0.0014201532, -0.0014337307, -0.0014458015, -0.0014833021, -0.0015415774, -0.0015785653, -0.0016649695, -0.001762467, -0.0018128387, -0.0019112626, -0.0020025761, -0.0020837036, -0.0021204457, -0.0021880472, -0.0022501557, -0.0022802416, -0.0023392416, -0.00239609, -0.002447151, -0.0024693233, -0.0025039583, -0.0025232264, -0.0025268756, -0.0025218655, -0.002502657, -0.0024883957, -0.0024515365, -0.0024021969, -0.0023373475, -0.0022973919, -0.0021986195, -0.002071149, -0.0019958988, -0.0018230452, -0.0016227042, -0.0014002168, -0.0012828169, -0.0010404736, -0.0007925509, -0.0006679523, -0.0004179871, -0.00016613073, -3.8758946e-05, 0.00021987438, 0.00048344393, 0.0007504332, 0.00088409736, 0.001148684, 0.0014052994, 0.0015294134, 0.0017673649, 0.0019916971, 0.0022038494, 0.0023062353, 0.0025046726, 0.002693947, 0.0027840044, 0.0029513242, 0.0030944024, 0.003154667, 0.0032490483, 0.003305883, 0.003325534, 0.003322782, 0.0032956544, 0.003243858, 0.0032095863, 0.0031245872, 0.0030151848, 0.0028767558, 0.0027954425, 0.0026086527, 0.0023990327, 0.0022953658, 0.0021380468, 0.0021506387
0, 0, 0, 0, 0, 0, 0, 0, 0, 0, 0, 0, 0, 0, 0, 0, 0, 0, 0, 0, 0, 0, 0, 0, 0, 0, 0, 0, 0, 0, 0, 0, 0, 0, 0, 0, 0.0041226815, 0.0028771693, 0.0025548632, 0.0022400252, 0.0020679247, 0.001977939, 0.0017534202, 0.0014659788, 0.0011305626, 0.00095220184, 0.00059044285, 0.00024182939, 7.851355e-05, -0.00022097447, -0.0004804949, -0.000705738, -0.0008083903, -0.0009998442, -0.0011792104, -0.0012643227, -0.001422421, -0.0015574556, -0.0016132558, -0.0016983374, -0.0017456217, -0.0017575957, -0.0017526087, -0.0017274367, -0.0016932035, -0.0016768854, -0.0016512785, -0.0016388875, -0.0016384977, -0.0016413289, -0.0016501332, -0.0016594952, -0.00166353, -0.0016707312, -0.0016788731, -0.001693414, -0.001705309, -0.0017425478, -0.0018020145, -0.0018403972, -0.001932322, -0.0020380812, -0.0020929652, -0.002201178, -0.0023009663, -0.002386537, -0.0024234788, -0.0024865905, -0.0025381625, -0.0025609094, -0.002602796, -0.0026419212, -0.0026766239, -0.0026914135, -0.002712846, -0.0027202696, -0.0027176603, -0.0026988247, -0.0026620082, -0.0026373605, -0.0025773253, -0.0025035224, -0.0024163912, -0.0023669181, -0.002252926, -0.0021124755, -0.0020307184, -0.0018416762, -0.0016183332, -0.0013650258, -0.001229746, -0.00094862306, -0.0006627516, -0.0005212874, -0.00024542483, 1.9147301e-05, 0.0001478401, 0.00040144895, 0.000655258, 0.0009154365, 0.0010489649, 0.0013224186, 0.0016011649, 0.0017403212, 0.0020128381, 0.0022702527, 0.0025060328, 0.002614689, 0.0028131069, 0.0029872512, 0.0030652834, 0.003203583, 0.0033164977, 0.0033627462, 0.003433234, 0.0034723394, 0.003479004, 0.0034703165, 0.003430482, 0.0033628691, 0.0033194828, 0.0032143975, 0.0030852025, 0.002929485, 0.0028410477, 0.0026436097, 0.0024274196, 0.0023216282, 0.0021613534, 0.002172018
0, 0, 0, 0, 0, 0, 0, 0, 0, 0, 0, 0, 0, 0, 0, 0, 0, 0, 0, 0, 0, 0, 0, 0, 0, 0, 0, 0, 0, 0, 0, 0, 0, 0, 0.012375217, 0.01095844, 0.00601016, 0.003857203, 0.0034488277, 0.0030993773, 0.002938862, 0.002862089, 0.002674412, 0.0024320313, 0.002143897, 0.0019866386, 0.0016555592, 0.0013145993, 0.0011437965, 0.0008086161, 0.00048600338, 0.00018011387, 3.3345455e-05, -0.00024714597, -0.00051034824, -0.0006339683, -0.00086123473, -0.001056487, -0.0011406832, -0.0012821138, -0.0013898556, -0.0014705637, -0.00150298, -0.0015573106, -0.0016031498, -0.0016244722, -0.001666592, -0.0017078989, -0.0017465435, -0.0017640518, -0.0017952471, -0.0018222199, -0.0018348087, -0.0018597054, -0.0018869939, -0.0019195084, -0.0019384404, -0.0019839825, -0.0020414144, -0.0020748607, -0.0021493863, -0.0022315376, -0.0022738443, -0.0023579062, -0.0024370686, -0.0025079667, -0.0025394368, -0.0025939252, -0.0026372112, -0.0026551182, -0.0026843634, -0.0027067172, -0.002721981, -0.0027262159, -0.0027258024, -0.0027105382, -0.0026963064, -0.0026528432, -0.0025877152, -0.0025468117, -0.002449805, -0.002335661, -0.0022080918, -0.0021401078, -0.0019944592, -0.0018319538, -0.0017425644, -0.0015437378, -0.0013160959, -0.0010606432, -0.00092418527, -0.00063908065, -0.00034672453, -0.00020128724, 8.248793e-05, 0.00035257378, 0.00048239055, 0.00073436246, 0.0009828837, 0.00123621, 0.0013666211, 0.0016363522, 0.001915102, 0.0020554697, 0.0023316187, 0.002589792, 0.0028185837, 0.0029195757, 0.0030935202, 0.0032321408, 0.0032896122, 0.0033843631, 0.0034560922, 0.0034841106, 0.0035247123, 0.0035433206, 0.0035368423, 0.0035231828, 0.0034736467, 0.0033939432, 0.0033432005, 0.0032212809, 0.0030745838, 0.0029041641, 0.0028101625, 0.0026059248, 0.00238896, 0.0022845725, 0.002127647, 0.0021384005
0, 0, 0, 0, 0, 0, 0, 0, 0, 0, 0, 0, 0, 0, 0, 0, 0, 0, 0, 0, 0, 0, 0, 0, 0, 0, 0, 0, 0, 0, 0, 0, 0, 0, 0.0068034073, 0.0064832666, 0.0050867028, 0.0041351, 0.003916411, 0.003721308, 0.003625276, 0.0035748405, 0.0034431163, 0.0032656859, 0.0030472132, 0.002924791, 0.0026556414, 0.0023572582, 0.002197721, 0.0018608723, 0.0015042573, 0.0011379984, 0.0009548883, 0.0005955688, 0.00025543701, 9.605659e-05, -0.00019616283, -0.0004482439, -0.0005595242, -0.0007551479, -0.000923285, -0.0010746674, -0.0011468146, -0.0012867475, -0.0014214969, -0.001485125, -0.0016027804, -0.0017031692, -0.0017837017, -0.0018167008, -0.0018720828, -0.0019200218, -0.0019439264, -0.001995627, -0.002054293, -0.0021176697, -0.0021500245, -0.002212501, -0.0022680825, -0.0022927155, -0.002335456, -0.0023711217, -0.0023873367, -0.0024195383, -0.0024533912, -0.002489537, -0.0025078405, -0.0025426687, -0.0025707823, -0.0025809004, -0.0025915212, -0.0025880085, -0.0025709611, -0.0025572754, -0.0025191174, -0.0024667783, -0.0024348553, -0.0023573714, -0.0022588153, -0.0022007562, -0.0020664101, -0.0019111434, -0.0017401176, -0.0016506797, -0.0014665582, -0.0012759905, -0.0011778004, -0.00097321055, -0.00075460237, -0.00051956717, -0.0003956981, -0.00013599769, 0.00013606167, 0.00027466318, 0.00055169046, 0.0008226675, 0.000954594, 0.0012103925, 0.0014576281, 0.0017006928, 0.0018220571, 0.0020658395, 0.0023101117, 0.002431195, 0.0026667386, 0.0028839903, 0.0030720418, 0.0031525614, 0.003284995, 0.0033811426, 0.003417649, 0.0034713782, 0.0035058027, 0.003517173, 0.0035291873, 0.0035259533, 0.0035032397, 0.0034827876, 0.0034199979, 0.0033257667, 0.0032668714, 0.0031277137, 0.0029641897, 0.0027808156, 0.002682687, 0.0024760868, 0.0022645127, 0.0021650498, 0.0020189593, 0.0020331272
0, 0, 0, 0, 0, 0, 0, 0, 0, 0, 0, 0, 0, 0, 0, 0, 0, 0, 0, 0, 0, 0, 0, 0, 0, 0, 0, 0, 0, 0, 0, 0, 0, 0.003050853, 0.0034727906, 0.0036253347, 0.0036929618, 0.003730688, 0.0037715351, 0.0038596038, 0.0039107124, 0.0039152214, 0.0038804503, 0.0037948813, 0.0036657501, 0.003586177, 0.0033973318, 0.0031648711, 0.0030309833, 0.0027266908, 0.0023760013, 0.0019901511, 0.0017894709, 0.0013853795, 0.0009941276, 0.0008085719, 0.00046327926, 0.00015831024, 2.0137964e-05, -0.00023214295, -0.0004628402, -0.0006838523, -0.0007937796, -0.0010131557, -0.0012275673, -0.0013299462, -0.0015165922, -0.0016716407, -0.0017917652, -0.0018399499, -0.0019193199, -0.0019881914, -0.0020230308, -0.0020997399, -0.0021877445, -0.002280974, -0.0023260126, -0.002404253, -0.0024580767, -0.002473856, -0.002484368, -0.0024719574, -0.0024606434, -0.0024356204, -0.002416366, -0.0024068148, -0.0024055825, -0.0024059182, -0.0024015126, -0.002394385, -0.0023653111, -0.0023136586, -0.0022404697, -0.0021970153, -0.002099989, -0.0019934373, -0.0019372192, -0.0018186221, -0.0016877495, -0.0016160121, -0.001456496, -0.0012747773, -0.0010733871, -0.0009676385, -0.0007513957, -0.00053464266, -0.00042759275, -0.0002169532, -1.0035898e-05, 0.00019800126, 0.00030440345, 0.0005261615, 0.00076286483, 0.0008869446, 0.001143217, 0.0014034326, 0.001532248, 0.0017820765, 0.0020166694, 0.0022332277, 0.0023347016, 0.0025247247, 0.0027005605, 0.00278401, 0.0029422352, 0.0030866575, 0.0032115434, 0.003264661, 0.00334961, 0.003406028, 0.0034246785, 0.0034455324, 0.0034484144, 0.0034442914, 0.0034260333, 0.0033940878, 0.003344857, 0.00331196, 0.003226204, 0.0031109983, 0.0030424567, 0.0028858858, 0.0027090805, 0.002519072, 0.002420905, 0.0022215035, 0.002026916, 0.0019386444, 0.0018152938, 0.0018396855
0, 0, 0, 0, 0, 0, 0, 0, 0, 0, 0, 0, 0, 0, 0, 0, 0, 0, 0, 0, 0, 0, 0, 0, 0, 0, 0, 0, 0, 0, 0, 0, 0.0010899825, 0.0014755551, 0.0018643219, 0.0020606962, 0.0024849689, 0.0029186867, 0.0031160857, 0.0034420579, 0.003667642, 0.0037460243, 0.0038436498, 0.0038756, 0.0038516978, 0.00381956, 0.003716727, 0.0035581659, 0.003456569, 0.00320676, 0.0028971033, 0.002537681, 0.0023445818, 0.0019447366, 0.0015445395, 0.0013495763, 0.0009771645, 0.00063240353, 0.00047040003, 0.00016366882, -0.00012791186, -0.00041256496, -0.00055441324, -0.00083646, -0.0011104707, -0.0012407982, -0.0014792078, -0.001678606, -0.0018352633, -0.0018987951, -0.0020038462, -0.0020919556, -0.0021351078, -0.0022258542, -0.0023249448, -0.0024266255, -0.0024737916, -0.0025516932, -0.0025957348, -0.0026026356, -0.002587075, -0.0025399663, -0.0025086533, -0.0024400312, -0.002373928, -0.002316295, -0.0022909797, -0.0022415956, -0.0021832944, -0.0021468885, -0.0020534834, -0.0019295317, -0.0017785724, -0.0016957669, -0.0015229683, -0.0013493896, -0.0012644022, -0.0010995065, -0.00093749625, -0.0008553564, -0.00068221724, -0.0004906591, -0.0002784011, -0.0001657304, 6.7154026e-05, 0.0003001958, 0.00041361502, 0.0006296206, 0.00082961185, 0.001016393, 0.0011076683, 0.0012918423, 0.0014862408, 0.0015890083, 0.0018052052, 0.0020293412, 0.0021406903, 0.0023548573, 0.0025476506, 0.0027110018, 0.0027802396, 0.0028949543, 0.002983693, 0.003021388, 0.0030881173, 0.0031490303, 0.0032036458, 0.0032271699, 0.0032630598, 0.0032804946, 0.003281511, 0.0032685848, 0.0032362614, 0.0032134287, 0.003155562, 0.0030826596, 0.0029940903, 0.0029432753, 0.0028269321, 0.0026894503, 0.0026130388, 0.0024474217, 0.0022708871, 0.0020911105, 0.0020017887, 0.0018280435, 0.0016691707, 0.0016012738, 0.0015171717, 0.0015615558
0, 0, 0, 0, 0, 0, 0, 0, 0, 0, 0, 0, 0, 0, 0, 0, 0, 0, 0, 0, 0, 0, 0, 0, 0, 0, 0, 0, 0, 0, 0, 0, 6.249688e-05, 0.0003755597, 0.00068242435, 0.0008706136, 0.0013286052, 0.0018405585, 0.002089473, 0.002536069, 0.0028954402, 0.0030419035, 0.0032741171, 0.0034311798, 0.0035180815, 0.003534998, 0.0035168985, 0.0034298336, 0.0033606656, 0.0031724276, 0.0029235885, 0.002623019, 0.0024580434, 0.0021070084, 0.0017425223, 0.0015585268, 0.0011930715, 0.0008329308, 0.00065579877, 0.00030744, -3.377937e-05, -0.00036807987, -0.0005319998, -0.0008527726, -0.0011585038, -0.0013032329, -0.0015698875, -0.0018002223, -0.0019896044, -0.0020696856, -0.0022044806, -0.0023143392, -0.0023632396, -0.0024545637, -0.0025406932, -0.0026191187, -0.0026525627, -0.002700806, -0.0027161306, -0.0027100607, -0.0026696995, -0.0025982582, -0.0025540597, -0.0024548094, -0.002348908, -0.0022409533, -0.002186342, -0.0020712125, -0.0019405463, -0.0018659962, -0.0016932862, -0.0014879685, -0.0012562977, -0.001134398, -0.00088678784, -0.00064620795, -0.0005315259, -0.00031628922, -0.00011814672, -2.3321918e-05, 0.00016518171, 0.0003618131, 0.0005737208, 0.0006856077, 0.00091708265, 0.001150148, 0.0012634136, 0.001477526, 0.0016706026, 0.0018420726, 0.001920887, 0.0020701764, 0.0022162127, 0.002290576, 0.0024428146, 0.0025971392, 0.0026723684, 0.0028125122, 0.002929369, 0.0030148895, 0.003044177, 0.0030769615, 0.0030810833, 0.0030761405, 0.0030598168, 0.0030430008, 0.0030282433, 0.0030208887, 0.0030016585, 0.0029701008, 0.0029478406, 0.0028886613, 0.0028085867, 0.0027610804, 0.0026530037, 0.0025312882, 0.002400316, 0.0023320098, 0.0021904209, 0.0020427916, 0.0019671984, 0.0018141288, 0.0016630711, 0.0015193877, 0.0014517078, 0.001327916, 0.0012258097, 0.0011876504, 0.0011586556, 0.001231464
0, 0, 0, 0, 0, 0, 0, 0, 0, 0, 0, 0, 0, 0, 0, 0, 0, 0, 0, 0, 0, 0, 0, 0, 0, 0, 0, 0, 0, 0, -0.0018054362, -0.0015250401, -0.00080000417, -0.0005517958, -0.00034483254, -0.00020638476, 0.00015626973, 0.0005986665, 0.00083123, 0.0012865951, 0.0017029607, 0.0018907365, 0.002220741, 0.0024826736, 0.0026685107, 0.0027310357, 0.0027928695, 0.002772578, 0.0027333614, 0.0026055023, 0.0024205393, 0.002191409, 0.0020635412, 0.0017870287, 0.0014871026, 0.0013300441, 0.0010012861, 0.0006543006, 0.00047506444, 0.000109207846, -0.00025948646, -0.00062037003, -0.0007946683, -0.001127614, -0.0014362556, -0.0015810538, -0.0018514154, -0.0020948958, -0.0023092423, -0.0024049017, -0.0025716645, -0.0027055792, -0.002760055, -0.002845762, -0.0029027243, -0.0029334724, -0.002939242, -0.0029312947, -0.002896434, -0.0028690796, -0.0027950488, -0.002696919, -0.002639238, -0.0025084803, -0.0023579428, -0.0021895715, -0.002098519, -0.0019030407, -0.0016878267, -0.0015720178, -0.0013217382, -0.0010475714, -0.00075559533, -0.00060585944, -0.00030502988, -1.1871368e-05, 0.0001290334, 0.00039598232, 0.00064103905, 0.00075616175, 0.00097514706, 0.0011870016, 0.001399119, 0.001506532, 0.0017226683, 0.001936093, 0.0020394789, 0.0022353493, 0.0024106286, 0.0025614344, 0.0026268326, 0.0027388963, 0.0028297673, 0.0028693213, 0.0029393996, 0.0029984831, 0.0030233942, 0.0030620357, 0.0030818426, 0.0030783443, 0.0030669344, 0.0030246268, 0.0029601317, 0.00292163, 0.0028387995, 0.0027539677, 0.0026705207, 0.0026287867, 0.0025421416, 0.0024459409, 0.0023925186, 0.0022730196, 0.0021363376, 0.0020622776, 0.0019058066, 0.0017444445, 0.0015855724, 0.0015090364, 0.0013641432, 0.0012316908, 0.0011704916, 0.001058194, 0.00096039445, 0.00087840646, 0.0008440735, 0.00079004886, 0.0007601625, 0.0007577122, 0.0007918285, 0.00089700875
0, 0, 0, 0, 0, 0, 0, 0, 0, 0, 0, 0, 0, 0, 0, 0, 0, 0, 0, 0, 0, 0, 0, 0, 0, 0, 0, 0, 0, -0.002147262, -0.0017314972, -0.0015699409, -0.0013547519, -0.0012944827, -0.001232911, -0.0011701419, -0.00096376834, -0.0006641644, -0.00048891496, -0.000110639, 0.00027953633, 0.00047124797, 0.00083414186, 0.0011523062, 0.0014057192, 0.0015030563, 0.0016328325, 0.0016759454, 0.001667019, 0.0015969066, 0.0014733804, 0.0013125698, 0.0012209542, 0.001020003, 0.000792371, 0.0006675025, 0.00039208384, 8.090829e-05, -8.746114e-05, -0.00044299802, -0.0008099021, -0.0011693131, -0.0013409657, -0.00166091, -0.0019490365, -0.0020827414, -0.002334268, -0.0025704561, -0.0027929903, -0.0028977066, -0.0030874708, -0.0032410799, -0.0033004843, -0.0033798974, -0.0034063694, -0.0033856255, -0.003360492, -0.0032881268, -0.0031930886, -0.0031392907, -0.0030200388, -0.002883115, -0.0028062572, -0.0026310098, -0.0024227342, -0.0021805102, -0.0020475534, -0.0017640878, -0.0014631529, -0.0013085435, -0.0009945581, -0.00067584205, -0.000354146, -0.00019238745, 0.00013220271, 0.00045593685, 0.0006162586, 0.0009301462, 0.0012283833, 0.0013696434, 0.0016339925, 0.0018736845, 0.002091532, 0.0021933496, 0.0023849965, 0.002562215, 0.0026458579, 0.0028021433, 0.0029411328, 0.0030569036, 0.0031039333, 0.003172577, 0.0032055606, 0.0032093097, 0.003194463, 0.00315508, 0.0031280227, 0.003062276, 0.002985288, 0.0028975236, 0.002849753, 0.0027446589, 0.002626069, 0.002561648, 0.0024237318, 0.002276409, 0.0021224746, 0.0020431604, 0.0018806339, 0.0017113878, 0.0016242281, 0.0014450782, 0.0012609072, 0.0011682978, 0.0009853839, 0.0008112976, 0.0006542663, 0.0005843502, 0.00046431198, 0.00037229896, 0.0003367405, 0.00028500258, 0.00025702934, 0.00025011756, 0.00025414978, 0.00027770578, 0.00032408733, 0.00035822514, 0.00045542404, 0.0005924217
0, 0, 0, 0, 0, 0, 0, 0, 0, 0, 0, 0, 0, 0, 0, 0, 0, 0, 0, 0, 0, 0, 0, 0, 0, 0, 0, 0, 0, -0.0011965393, -0.0013835744, -0.001457204, -0.0016192478, -0.00178672, -0.0019037825, -0.0019295595, -0.001904942, -0.0017807648, -0.0016857767, -0.0014424772, -0.0011478671, -0.0009893057, -0.00066499785, -0.00035390022, -8.197954e-05, 3.2338416e-05, 0.00020692253, 0.00030419216, 0.00032423853, 0.00031440167, 0.00025204863, 0.00015247284, 9.2436436e-05, -4.592306e-05, -0.00021158709, -0.00030720423, -0.00052690896, -0.00079014583, -0.0009371464, -0.0012557011, -0.001591399, -0.0019219964, -0.0020789255, -0.0023675445, -0.002620911, -0.0027368527, -0.002954861, -0.003164131, -0.0033704513, -0.003470903, -0.0036590698, -0.0038140041, -0.0038732318, -0.0039448123, -0.0039497996, -0.0038929682, -0.0038456914, -0.0037245948, -0.0035803923, -0.0035025768, -0.0033374697, -0.0031547816, -0.0030537597, -0.0028250965, -0.0025533952, -0.0022376254, -0.0020654178, -0.0017021099, -0.0013291968, -0.0011442273, -0.0007843715, -0.0004408742, -0.000109906956, 5.3483152e-05, 0.00038174196, 0.0007174688, 0.0008888246, 0.0012347717, 0.0015757305, 0.0017393476, 0.0020441501, 0.0023096714, 0.002531669, 0.00262673, 0.002789147, 0.0029217752, 0.0029798727, 0.003082697, 0.0031697673, 0.0032370896, 0.0032607755, 0.0032821724, 0.0032623943, 0.0032358854, 0.0031521246, 0.0030343225, 0.002966091, 0.0028175346, 0.0026619046, 0.0025054985, 0.002427556, 0.002269753, 0.0021037057, 0.002015841, 0.001826731, 0.0016203721, 0.0013992618, 0.001285178, 0.0010540208, 0.0008247845, 0.0007126925, 0.00049657543, 0.00029402232, 0.0001989106, 2.3075962e-05, -0.00013029532, -0.00025632905, -0.00030770228, -0.00038447292, -0.000425464, -0.00043271552, -0.00042199352, -0.00038197584, -0.0003174408, -0.00027699882, -0.0001804097, -6.284751e-05, 5.0785256e-06, 0.0001611117, 0.00032850704
0, 0, 0, 0, 0, 0, 0, 0, 0, 0, 0, 0, 0, 0, 0, 0, 0, 0, 0, 0, 0, 0, 0, 0, 0, 0, 0, 0.0004143718, 0.00020456505, -0.00045820125, -0.00093001284, -0.0011493798, -0.0015694982, -0.0019480103, -0.0022541415, -0.0023730886, -0.002535508, -0.0025950936, -0.0025880574, -0.0025080463, -0.0023530922, -0.0022544158, -0.0020289207, -0.0017866151, -0.0015522379, -0.0014448594, -0.0012615087, -0.00112945, -0.0010848772, -0.0010374793, -0.0010392616, -0.0010807243, -0.001113801, -0.0012023784, -0.0013208658, -0.0013927958, -0.0015639772, -0.0017738309, -0.0018926109, -0.002153261, -0.0024322441, -0.0027107953, -0.0028440645, -0.0030900615, -0.0033048205, -0.003401773, -0.003581414, -0.0037514789, -0.003918333, -0.004000003, -0.0041534775, -0.0042809765, -0.004328813, -0.0043830057, -0.0043744743, -0.004304563, -0.0042498414, -0.0041107107, -0.003943777, -0.0038527653, -0.0036563957, -0.0034363307, -0.003314352, -0.0030407961, -0.0027215285, -0.002356781, -0.0021605273, -0.0017512055, -0.0013375592, -0.0011355054, -0.00074973656, -0.00039095886, -5.3319192e-05, 0.000111186986, 0.00044029413, 0.00077808625, 0.00095128926, 0.0013044862, 0.0016559818, 0.00182545, 0.0021397544, 0.002407537, 0.0026201312, 0.002705608, 0.0028386982, 0.002930326, 0.002964573, 0.003016021, 0.003049275, 0.0030650431, 0.003064527, 0.0030408136, 0.0029789004, 0.0029316042, 0.0028049413, 0.0026413307, 0.002549066, 0.0023516458, 0.002146461, 0.001941388, 0.001839868, 0.0016367431, 0.0014267721, 0.0013165072, 0.0010821237, 0.0008284757, 0.00056022237, 0.00042405067, 0.00015502292, -9.932978e-05, -0.00021810927, -0.00043463268, -0.00062056724, -0.0007019362, -0.0008424318, -0.00095367857, -0.0010357916, -0.0010650996, -0.001097646, -0.0010929821, -0.001076368, -0.0010150151, -0.0009200597, -0.0007964839, -0.0007251797, -0.00056638586, -0.00038673694, -0.0002893363, -8.091949e-05, 0.0001167503
0, 0, 0, 0, 0, 0, 0, 0, 0, 0, 0, 0, 0, 0, 0, 0, 0, 0, 0, 0, 0, 0, 0, 0, 0, 0, 0.001644199, 0.0009545484, 0.0006473691, 0.00010688097, -0.0004055076, -0.0006718496, -0.0012154708, -0.0017420426, -0.0022113812, -0.0024159863, -0.0027524275, -0.0029866162, -0.0030653356, -0.003151584, -0.0031529742, -0.0031269353, -0.0030347044, -0.0029045376, -0.0027545812, -0.002677223, -0.002527014, -0.0023925253, -0.0023352266, -0.0022453216, -0.0021936998, -0.0021823496, -0.0021914798, -0.002237287, -0.002319125, -0.0023720786, -0.002500582, -0.0026565369, -0.0027433403, -0.0029319483, -0.0031356285, -0.0033448194, -0.0034477834, -0.0036441658, -0.0038210559, -0.0039014688, -0.0040479545, -0.004177978, -0.004293913, -0.0043470147, -0.0044413228, -0.0045143156, -0.0045397505, -0.0045631165, -0.004542393, -0.004475757, -0.004426005, -0.004297986, -0.00413755, -0.004046386, -0.0038422083, -0.003606102, -0.0034746586, -0.0031831653, -0.0028525414, -0.0024859607, -0.0022915667, -0.00188975, -0.0014832051, -0.0012832825, -0.0008967695, -0.00053100527, -0.00018343424, -1.388061e-05, 0.0003196554, 0.0006512473, 0.00081668905, 0.0011453338, 0.0014636882, 0.0016150674, 0.0018935081, 0.0021283939, 0.002312573, 0.002384956, 0.0024935976, 0.0025591727, 0.002578825, 0.0025961732, 0.0025894912, 0.0025626079, 0.002541236, 0.0024796233, 0.0023879975, 0.002329069, 0.0021845507, 0.0020069699, 0.0019081791, 0.0016964321, 0.0014721808, 0.0012422295, 0.0011259665, 0.00089093164, 0.0006490497, 0.00052404695, 0.0002649105, -6.2771983e-06, -0.00028231824, -0.00041884606, -0.000679615, -0.00091545715, -0.0010210657, -0.0012047228, -0.0013503957, -0.0014097973, -0.0015051501, -0.001572166, -0.0016130033, -0.001622856, -0.0016184644, -0.0015771608, -0.0015416197, -0.0014403501, -0.0013014439, -0.0011304064, -0.0010347056, -0.0008263334, -0.0005985448, -0.00047813926, -0.0002291743, -5.0516237e-06
0, 0, 0, 0, 0, 0, 0, 0, 0, 0, 0, 0, 0, 0, 0, 0, 0, 0, 0, 0, 0, 0, 0, 0, 0, 0, 0.0014664031, 0.0011424944, 0.00097102707, 0.00061282306, 0.00018523683, -6.185131e-05, -0.0006106532, -0.0011953673, -0.00176655, -0.0020333054, -0.0025097565, -0.0028931068, -0.0030478977, -0.0032853417, -0.0034360779, -0.0034831124, -0.003530288, -0.0035274772, -0.0034855616, -0.003452813, -0.0033689903, -0.0032676277, -0.0032141227, -0.0031092267, -0.0030233185, -0.0029702268, -0.0029587715, -0.0029681728, -0.0030169713, -0.0030533515, -0.003143493, -0.0032468825, -0.0033015395, -0.00341401, -0.0035331263, -0.0036619871, -0.0037298128, -0.0038698814, -0.0040088664, -0.004074864, -0.0041947044, -0.0042923335, -0.0043625035, -0.004387214, -0.004418562, -0.0044287066, -0.0044271164, -0.0044125766, -0.004380043, -0.0043248334, -0.0042868108, -0.0041871257, -0.0040529473, -0.003971945, -0.0037815422, -0.0035540035, -0.003427626, -0.0031531577, -0.0028552862, -0.002538679, -0.002374932, -0.0020382428, -0.0016923327, -0.0015175793, -0.0011662724, -0.00081574795, -0.0004702734, -0.00030063288, 2.8250526e-05, 0.00033748354, 0.00048324975, 0.00075553433, 0.0010012094, 0.0011141561, 0.0013186, 0.0014926774, 0.0016346024, 0.0016934071, 0.0017857845, 0.0018443901, 0.0018608208, 0.0018680629, 0.0018428966, 0.0017897947, 0.0017542418, 0.0016669899, 0.0015583441, 0.001495628, 0.0013527719, 0.0011874471, 0.0010968293, 0.00090142584, 0.0006890117, 0.0004629708, 0.000346064, 0.000106775355, -0.00013667537, -0.00025909947, -0.00050460565, -0.00074826647, -0.0009839422, -0.0010965706, -0.0013053919, -0.0014871211, -0.0015661386, -0.0016991566, -0.0017985746, -0.00183638, -0.0018905797, -0.0019189864, -0.0019225414, -0.0019141759, -0.0018730728, -0.0017947833, -0.0017404059, -0.0016008768, -0.0014239362, -0.0012167792, -0.0011043457, -0.00086554873, -0.0006132493, -0.000482636, -0.00021689091, 2.1221418e-05
0, 0, 0, 0, 0, 0, 0, 0, 0, 0, 0, 0, 0, 0, 0, 0, 0, 0, 0, 0, 0, 0, 0, 0, 0, 0.0015589833, 0.0013248185, 0.0012261949, 0.0011774704, 0.0010262164, 0.00076138607, 0.0005801626, 0.00012877962, -0.00041236033, -0.0009952572, -0.0012871488, -0.0018426359, -0.0023329272, -0.0025472972, -0.0029105495, -0.0031896462, -0.0033002228, -0.0034713845, -0.0035830436, -0.0036443833, -0.0036576537, -0.0036506818, -0.0036028915, -0.0035659503, -0.0034749347, -0.003379456, -0.0033020105, -0.003275633, -0.003253837, -0.0032718412, -0.003292454, -0.0033469, -0.003404481, -0.0034304324, -0.0034747352, -0.0035137415, -0.0035613815, -0.003591726, -0.0036681502, -0.0037614733, -0.003810849, -0.0039037983, -0.00397618, -0.0040142266, -0.0040188236, -0.004003936, -0.0039671855, -0.003945316, -0.003902527, -0.0038649067, -0.00382751, -0.0038045263, -0.003741532, -0.0036445505, -0.0035808207, -0.0034223918, -0.003226928, -0.0031194878, -0.0028937506, -0.0026652345, -0.0024390887, -0.0023266666, -0.0020985175, -0.0018580195, -0.0017304828, -0.0014579644, -0.0011647883, -0.0008605873, -0.00070949586, -0.00042022605, -0.00016451515, -5.232354e-05, 0.00013852352, 0.0002908147, 0.00035624477, 0.00047269656, 0.00057816366, 0.00067636656, 0.00072276616, 0.0008062728, 0.00087010994, 0.00089091307, 0.0009053268, 0.0008805491, 0.0008207177, 0.00078049366, 0.0006858273, 0.00057832623, 0.0005211839, 0.0004008991, 0.00027089546, 0.00020133883, 5.0542494e-05, -0.00011790139, -0.0003044029, -0.000402826, -0.00060481345, -0.0008048104, -0.00090189435, -0.0010870678, -0.0012579539, -0.0014131959, -0.0014841586, -0.001613119, -0.0017224529, -0.0017696032, -0.0018471953, -0.001900917, -0.0019179877, -0.0019319265, -0.0019191154, -0.0018783318, -0.0018468141, -0.001758598, -0.0016345122, -0.0015588395, -0.0013821522, -0.001177863, -0.0009542965, -0.0008380649, -0.00060085516, -0.00036116887, -0.00024000464, 6.1798787e-06, 0.00023733
0, 0, 0, 0, 0, 0, 0, 0, 0, 0, 0, 0, 0, 0, 0, 0, 0, 0, 0, 0, 0, 0, 0, 0, 0.000919386, 0.0010381925, 0.0010801314, 0.001171648, 0.0012171521, 0.0012589127, 0.0011881329, 0.0011024945, 0.0008274824, 0.00042765847, -6.555598e-05, -0.00033424894, -0.0008861603, -0.0014217716, -0.0016722598, -0.0021244131, -0.0025046533, -0.0026658026, -0.0029336947, -0.0031326239, -0.003269475, -0.0033170031, -0.0033700815, -0.003370957, -0.0033529191, -0.0032876723, -0.0031994835, -0.0031111075, -0.0030742039, -0.0030241353, -0.0030088362, -0.0030121682, -0.0030321053, -0.0030525688, -0.0030571856, -0.0030516842, -0.0030314643, -0.0030102802, -0.0030056178, -0.003015277, -0.003051198, -0.0030764386, -0.0031308134, -0.003173974, -0.0031884077, -0.0031824124, -0.0031470552, -0.0030919858, -0.0030636478, -0.0030167361, -0.0029896346, -0.0029791768, -0.0029750392, -0.0029560837, -0.002908825, -0.0028711085, -0.0027662448, -0.0026309974, -0.0025567475, -0.0024082598, -0.0022724662, -0.0021563612, -0.0021044267, -0.0020037678, -0.0018925885, -0.001827764, -0.0016739425, -0.0014888265, -0.0012835442, -0.0011794431, -0.0009831844, -0.00082054286, -0.0007556584, -0.0006601686, -0.0006011299, -0.00057926023, -0.00053922454, -0.00049171335, -0.00042999513, -0.0003948164, -0.00032086624, -0.00025468162, -0.00022982461, -0.0002045465, -0.00021697723, -0.00026316204, -0.00029544355, -0.00036945898, -0.00044615546, -0.00048342682, -0.00055442523, -0.00062373216, -0.0006594339, -0.00073816604, -0.0008316883, -0.00094184146, -0.0010013195, -0.001121816, -0.0012349462, -0.0012857596, -0.0013732834, -0.0014422481, -0.0014961915, -0.0015187007, -0.0015572757, -0.0015885058, -0.0016013589, -0.0016182638, -0.0016181588, -0.0016092245, -0.0015701231, -0.0015002799, -0.0013993246, -0.0013373654, -0.0011922199, -0.001021153, -0.00092737935, -0.00072847714, -0.0005217557, -0.0003159782, -0.00021559707, -2.3078363e-05, 0.00015874182, 0.0002480156, 0.00043404638, 0.0006341314
0, 0, 0, 0, 0, 0, 0, 0, 0, 0, 0, 0, 0, 0, 0, 0, 0, 0, 0, 0, 0, 0, 5.4143777e-05, 0.00013471482, 0.00031020486, 0.0005134372, 0.00069183396, 0.00090846024, 0.0010205687, 0.001218282, 0.0013371482, 0.0013554177, 0.0012984006, 0.0011094382, 0.000793927, 0.0005954507, 0.00013847095, -0.00036401718, -0.00061858795, -0.0011110468, -0.0015560866, -0.0017537326, -0.002091742, -0.0023489883, -0.0025289827, -0.0025923303, -0.0026724439, -0.0026953267, -0.0026875, -0.0026371619, -0.002553797, -0.0024557959, -0.0024078107, -0.002323842, -0.0022650878, -0.0022459894, -0.0022229243, -0.002208108, -0.002198351, -0.0021660046, -0.002114354, -0.0020520058, -0.0020216457, -0.0019729303, -0.0019455755, -0.0019394847, -0.00193744, -0.001936771, -0.0019240531, -0.0019107684, -0.0018708201, -0.0018222936, -0.001800261, -0.0017708446, -0.001769487, -0.0017939955, -0.0018120116, -0.0018465332, -0.001864825, -0.001864276, -0.0018442146, -0.0018036494, -0.0017804895, -0.0017382422, -0.0017137842, -0.0017138642, -0.0017218859, -0.0017458907, -0.0017653796, -0.0017684542, -0.001756005, -0.0017178105, -0.0016618917, -0.001631449, -0.0015764179, -0.0015402698, -0.0015319788, -0.001534109, -0.0015523891, -0.0015626028, -0.0015749878, -0.001567558, -0.0015371055, -0.0015148321, -0.0014615265, -0.0014081409, -0.0013854901, -0.0013547615, -0.0013465454, -0.0013564642, -0.0013651552, -0.0013822342, -0.001391247, -0.0013912289, -0.0013826954, -0.0013664709, -0.0013574465, -0.0013425311, -0.0013374825, -0.001342598, -0.0013476484, -0.0013562426, -0.0013550495, -0.0013483993, -0.001322557, -0.0012826106, -0.0012341313, -0.0012083959, -0.0011562915, -0.0011047783, -0.0010782683, -0.001020184, -0.0009466735, -0.00090101484, -0.0007877927, -0.00064434943, -0.0004746429, -0.00038210518, -0.00018736151, 1.208403e-05, 0.00011076799, 0.00030015522, 0.00047106404, 0.00061782607, 0.00068127445, 0.0007876727, 0.00087202614, 0.00091069244, 0.0010035781, 0.0011537325
0, 0, 0, 0, 0, 0, 0, 0, 0, 0, 0, 0, 0, 0, 0, 0, 0, 0, 0, 0, 0, 0.00046578268, 0.00015549493, -3.0710715e-05, -3.9794355e-05, 2.2487051e-05, 0.00017747203, 0.00041769224, 0.00055906165, 0.0008539787, 0.0011243419, 0.0012369262, 0.0013952046, 0.0014423584, 0.0013574366, 0.001264195, 0.0009817817, 0.0005935848, 0.0003719842, -9.774206e-05, -0.00056316913, -0.0007802551, -0.001163119, -0.0014585926, -0.0016600119, -0.001728205, -0.0018073648, -0.0018236773, -0.0018121359, -0.0017554968, -0.0016594519, -0.0015380537, -0.0014719946, -0.0013391149, -0.0012182833, -0.0011660683, -0.0010814035, -0.0010207577, -0.0009960709, -0.0009479684, -0.00089027727, -0.00081748347, -0.00077677914, -0.00069221057, -0.00061102526, -0.0005740702, -0.0005073046, -0.00044967112, -0.00039945927, -0.00037557218, -0.0003316296, -0.00029578354, -0.0002838873, -0.0002780464, -0.00030314896, -0.00035977096, -0.00039791578, -0.00048539872, -0.0005795534, -0.0006260732, -0.0007169221, -0.00080502336, -0.00084960787, -0.00094260904, -0.0010470534, -0.0011663007, -0.0012308961, -0.0013667885, -0.0015040637, -0.0015707643, -0.0016985601, -0.0018181725, -0.0019313267, -0.001986021, -0.0020919538, -0.002193481, -0.0022421859, -0.0023326755, -0.0024090654, -0.0024402386, -0.0024849507, -0.002506289, -0.0025075134, -0.0025023427, -0.0024837994, -0.0024575696, -0.0024422237, -0.0024081282, -0.0023679251, -0.0023180218, -0.002287782, -0.0022152755, -0.0021256183, -0.0020753576, -0.001966801, -0.0018518313, -0.0017932223, -0.0016760723, -0.0015618313, -0.0014508433, -0.001395639, -0.001282865, -0.0011625618, -0.0010991003, -0.00096571, -0.0008268514, -0.0006857601, -0.0006149444, -0.00047395314, -0.00033234834, -0.0002600524, -0.00010946263, 5.6266177e-05, 0.00014669349, 0.0003447015, 0.00056143873, 0.00078737584, 0.00089995994, 0.0011160063, 0.0013100683, 0.0013957147, 0.0015387724, 0.0016393005, 0.0016955179, 0.0017073181, 0.0017019879, 0.0016662504, 0.0016444969, 0.001627717, 0.0017179254
0, 0, 0, 0, 0, 0, 0, 0, 0, 0, 0, 0, 0, 0, 0, 0, 0, 0, 0, 0, 0.000992075, 0.00074311614, 0.00026190112, -0.00013004264, -0.00026794206, -0.0004183253, -0.00040819295, -0.00025269567, -0.00012963933, 0.00018072441, 0.00053650595, 0.0007167972, 0.0010503823, 0.0013142603, 0.001468226, 0.0014945753, 0.0014349322, 0.0012278592, 0.0010755748, 0.00069942104, 0.0002705241, 5.4755717e-05, -0.00034611294, -0.00066994736, -0.00089265447, -0.0009654048, -0.0010412692, -0.0010425918, -0.0010207585, -0.0009396139, -0.00081518927, -0.00065265497, -0.0005603514, -0.00036083662, -0.00015749637, -6.0752525e-05, 0.000109641376, 0.00023869047, 0.0002873001, 0.0003593309, 0.0004158196, 0.00047751545, 0.00051423424, 0.00060356536, 0.0007100737, 0.00076793117, 0.000885098, 0.0009951631, 0.0010874831, 0.0011246494, 0.0011818107, 0.0012148218, 0.0012226673, 0.0012184905, 0.0011849225, 0.0011166977, 0.0010689183, 0.0009466523, 0.0007893429, 0.000698313, 0.0004948176, 0.0002680301, 0.00014939334, -9.249156e-05, -0.00033463957, -0.0005741485, -0.00069293805, -0.00092971243, -0.0011677116, -0.00128863, -0.0015368281, -0.0017948945, -0.0020583174, -0.0021888346, -0.0024377913, -0.0026582964, -0.002754678, -0.0029161046, -0.003036004, -0.0030820523, -0.0031515772, -0.003199285, -0.00323423, -0.0032478822, -0.0032664659, -0.0032650933, -0.003253869, -0.0032041594, -0.003115495, -0.0029878346, -0.0029104243, -0.0027350776, -0.0025404377, -0.0024390516, -0.0022336263, -0.0020262913, -0.0019215824, -0.0017095344, -0.0014927433, -0.0012724274, -0.0011610669, -0.0009374032, -0.0007136793, -0.00060229417, -0.000380859, -0.00016147389, 5.797506e-05, 0.00016848552, 0.00039395486, 0.0006272629, 0.00074735685, 0.0009950065, 0.0012529497, 0.0013853647, 0.0016547433, 0.0019215732, 0.0021731881, 0.0022891255, 0.002493252, 0.002651151, 0.002710334, 0.0027849767, 0.002799964, 0.002756064, 0.0027134626, 0.0025918437, 0.0024338455, 0.0023509145, 0.0022233839, 0.0022507622
0, 0, 0, 0, 0, 0, 0, 0, 0, 0, 0, 0, 0, 0, 0, 0, 0, 0, 0, 0.0020075387, 0.0013253241, 0.001009148, 0.0004459637, -9.1565824e-05, -0.00033509292, -0.0007252454, -0.0009482105, -0.0009844995, -0.0009341195, -0.0007116646, -0.00036179507, -0.00015527946, 0.00028308685, 0.0007096811, 0.0010701596, 0.0012097165, 0.001382308, 0.0013956368, 0.0013415739, 0.0011225285, 0.00079334225, 0.0006049363, 0.00022045003, -0.00012366552, -0.0003822147, -0.00047190418, -0.0005720787, -0.000579414, -0.0005538323, -0.00045447543, -0.0002980224, -8.8019035e-05, 3.502072e-05, 0.00030974697, 0.0006059327, 0.0007536577, 0.001027581, 0.0012482422, 0.0013332305, 0.0014530182, 0.0015228698, 0.0015717422, 0.0015979372, 0.0016654666, 0.0017619729, 0.0018205987, 0.0019516024, 0.0020864059, 0.0022055202, 0.0022542886, 0.0023292736, 0.002375274, 0.002388846, 0.0023990998, 0.002384417, 0.0023361796, 0.0022957842, 0.0021744566, 0.0019918971, 0.0018760128, 0.0015968765, 0.0012646967, 0.0010856856, 0.0007169842, 0.00035095462, 4.605341e-07, -0.00016823562, -0.0004961238, -0.00081995525, -0.0009843836, -0.0013240403, -0.0016807282, -0.0020468344, -0.002227817, -0.0025701658, -0.002867971, -0.002995535, -0.0032049578, -0.0033580994, -0.0034172083, -0.003511267, -0.0035849488, -0.0036472206, -0.0036735048, -0.003709867, -0.003708588, -0.003688302, -0.0036005673, -0.0034489857, -0.0032412878, -0.0031210869, -0.002859128, -0.0025836937, -0.0024449895, -0.0021690212, -0.001893867, -0.0017542827, -0.0014672714, -0.0011676352, -0.000858615, -0.00070298766, -0.00039458758, -9.52782e-05, 4.9685987e-05, 0.00033149458, 0.00060691347, 0.0008837452, 0.0010253626, 0.0013192828, 0.0016286484, 0.0017881443, 0.0021120543, 0.0024363718, 0.0025958163, 0.0029032093, 0.0031862827, 0.00343251, 0.0035384325, 0.0037099484, 0.0038204463, 0.0038505115, 0.0038581558, 0.0037930838, 0.003657881, 0.0035660407, 0.003339208, 0.0030704339, 0.0029319483, 0.0027033393, 0.0026690776
0, 0, 0, 0, 0, 0, 0, 0, 0, 0, 0, 0, 0, 0, 0, 0, 0, 0, 0.00091079366, 0.0012397526, 0.0012064333, 0.0010645792, 0.0006436385, 8.2952734e-05, -0.00022268364, -0.0008155107, -0.0013020636, -0.0016104018, -0.0016844348, -0.0016636353, -0.0014347509, -0.0012558225, -0.00080838404, -0.00029883362, 0.00020490629, 0.0004350457, 0.0008171337, 0.0010576126, 0.0011155569, 0.001103, 0.0009331281, 0.00080101396, 0.0004764418, 0.00012725596, -0.0001813685, -0.00030482395, -0.00047325654, -0.0005346445, -0.0005272452, -0.0004438459, -0.0002769433, -3.2307667e-05, 0.0001168485, 0.00045904572, 0.0008418453, 0.0010384595, 0.0014164235, 0.0017407469, 0.001871983, 0.002065731, 0.002175951, 0.0022300498, 0.002247892, 0.0022842607, 0.0023405831, 0.0023798489, 0.002478328, 0.0025926975, 0.0027050348, 0.0027554631, 0.0028404412, 0.0029058226, 0.0029333166, 0.0029785116, 0.0030077063, 0.0030082064, 0.0029921574, 0.0029135307, 0.002758607, 0.0026484246, 0.0023620203, 0.0019972334, 0.0017927478, 0.0013594631, 0.0009183077, 0.00048914104, 0.0002815163, -0.00012042612, -0.0005131295, -0.0007097678, -0.0011085821, -0.0015167452, -0.0019260739, -0.002125366, -0.0024983864, -0.0028207276, -0.002959134, -0.003188885, -0.0033623725, -0.0034321868, -0.0035470405, -0.0036377187, -0.0037068473, -0.0037315385, -0.0037507764, -0.0037142565, -0.003670002, -0.0035261097, -0.0033131805, -0.0030466525, -0.0029001965, -0.0025926628, -0.002279927, -0.002124484, -0.00181523, -0.0015024953, -0.0013414876, -0.0010051685, -0.00065017404, -0.00028536882, -0.00010354202, 0.00025011261, 0.00058401836, 0.0007428325, 0.0010478331, 0.0013454391, 0.0016481456, 0.0018053958, 0.002135549, 0.0024851928, 0.0026646338, 0.0030246088, 0.0033739745, 0.0035407883, 0.003851606, 0.004124276, 0.00434913, 0.0044410895, 0.0045777224, 0.0046458915, 0.004651306, 0.004601615, 0.0044676783, 0.004252031, 0.004116124, 0.003797432, 0.0034358955, 0.0032530988, 0.0029453365, 0.002858747
0, 0, 0, 0, 0, 0, 0, 0, 0, 0, 0, 0, 0, 0, 0, 0, 0, -0.00152811, -0.00056532933, 0.0004458725, 0.0008650214, 0.00091896305, 0.00077419454, 0.0003406187, 4.11834e-05, -0.0006477827, -0.0013515697, -0.0019522054, -0.00218324, -0.0024636816, -0.0024791511, -0.0023913137, -0.0020561449, -0.001568371, -0.0010040923, -0.00071697135, -0.0001753424, 0.00027184765, 0.00044367113, 0.0006617346, 0.0006981567, 0.00065000204, 0.00043849254, 0.00011875883, -0.0002376038, -0.00040556584, -0.00068533205, -0.0008593368, -0.00090143207, -0.0008940746, -0.0007669429, -0.0005269764, -0.00036864597, 1.2752571e-05, 0.00045785066, 0.00069288723, 0.0011603198, 0.0015839225, 0.0017657687, 0.0020520517, 0.002231192, 0.0023195937, 0.0023391896, 0.002352811, 0.0023560605, 0.0023610133, 0.0023860526, 0.0024316576, 0.0024923403, 0.0025258812, 0.0025971353, 0.002674144, 0.0027152456, 0.002802597, 0.0028889019, 0.0029567603, 0.0029770494, 0.0029745062, 0.0028966072, 0.0028239193, 0.0026069768, 0.0022987283, 0.002115385, 0.001707425, 0.0012669624, 0.000816975, 0.00059286936, 0.00015093767, -0.00028271283, -0.00049674936, -0.00091933995, -0.001332148, -0.0017272582, -0.0019142387, -0.0022574218, -0.002551783, -0.00267927, -0.0028969564, -0.0030703456, -0.003142755, -0.0032625948, -0.0033490872, -0.0033981395, -0.0034054162, -0.00337726, -0.003283431, -0.003210293, -0.003014584, -0.002764842, -0.002480448, -0.0023309402, -0.0020262883, -0.0017196588, -0.001565607, -0.0012533233, -0.0009281023, -0.00075796375, -0.00040115067, -2.842003e-05, 0.00034504585, 0.00052630086, 0.00086916366, 0.0011816311, 0.0013279311, 0.001608049, 0.0018842645, 0.002173152, 0.0023258268, 0.0026510945, 0.0029983774, 0.0031765106, 0.0035318919, 0.0038719731, 0.0040322947, 0.0043269624, 0.004579163, 0.0047800117, 0.0048578093, 0.004961453, 0.004986627, 0.0049661784, 0.00485411, 0.0046466677, 0.0043495223, 0.0041724457, 0.0037760143, 0.003351266, 0.0031443592, 0.0028021608, 0.0026918575
0, 0, 0, 0, 0, 0, 0, 0, 0, 0, 0, 0, 0, 0, 0, 0, -0.0047924686, -0.0024420163, -0.0016552396, -0.000503733, 0.00026072166, 0.00051187363, 0.00073559285, 0.0005804876, 0.0003719867, -0.00024894965, -0.0010431334, -0.0018744062, -0.002259249, -0.0028880448, -0.0032503982, -0.0033167908, -0.0032277913, -0.0028873796, -0.0023697752, -0.0020703594, -0.0014398767, -0.00083032524, -0.0005554459, -0.00010638218, 0.0001683843, 0.00022835066, 0.00018875906, -4.508769e-05, -0.00041336616, -0.00062126154, -0.001029572, -0.0013658565, -0.0014903572, -0.0016334992, -0.0016235012, -0.0014594378, -0.0013231263, -0.0009568518, -0.0004929632, -0.00023761498, 0.0002929618, 0.00080369425, 0.0010351451, 0.0014254453, 0.0016980924, 0.0018534606, 0.001891889, 0.001906746, 0.0018642327, 0.001830742, 0.0017574114, 0.0016926692, 0.0016534011, 0.0016460312, 0.0016608649, 0.0017183706, 0.0017632883, 0.0018800495, 0.0020198012, 0.0021601068, 0.0022226018, 0.0023161892, 0.0023507276, 0.0023403275, 0.002256696, 0.0020855388, 0.0019680588, 0.0016761007, 0.0013226158, 0.0009253304, 0.0007162184, 0.00028726098, -0.0001428079, -0.00035349265, -0.00075806404, -0.0011302346, -0.0014625854, -0.0016120333, -0.0018767222, -0.0020986164, -0.0021953236, -0.0023653167, -0.0025085479, -0.0025698293, -0.0026688518, -0.0027277134, -0.0027369035, -0.0027195103, -0.0026390823, -0.0024977163, -0.002406704, -0.0021933343, -0.0019514338, -0.0016965767, -0.0015666884, -0.001303014, -0.0010299111, -0.0008882502, -0.0005911853, -0.000273993, -0.000108701744, 0.00023031613, 0.0005672214, 0.0008828392, 0.0010278356, 0.0012880634, 0.0015134085, 0.0016176451, 0.0018214581, 0.002035408, 0.0022758218, 0.0024084665, 0.002699526, 0.0030186386, 0.0031841407, 0.0035163327, 0.0038358956, 0.003986508, 0.0042614094, 0.004490454, 0.0046597044, 0.004716644, 0.004766402, 0.0047196974, 0.0046574534, 0.0044542314, 0.004152262, 0.003770129, 0.0035585002, 0.003116137, 0.0026839804, 0.0024881791, 0.0021882043, 0.0021081679
0, 0, 0, 0, 0, 0, 0, 0, 0, 0, 0, 0, 0, 0, 0, -0.0068293554, -0.0048585744, -0.0034178165, -0.002806251, -0.001674594, -0.00065631274, -0.000220681, 0.00041843223, 0.0006677899, 0.00063424284, 0.0002674304, -0.00043065267, -0.0013420793, -0.0018308857, -0.0027659407, -0.0035123702, -0.0037763878, -0.0040521505, -0.0039935755, -0.0036513458, -0.003395946, -0.0027731631, -0.0020722947, -0.001719093, -0.0010623845, -0.0005378766, -0.0003494865, -0.00015557135, -0.0002242261, -0.0005289482, -0.0007476517, -0.0012531612, -0.0017641033, -0.0019936576, -0.002357696, -0.0025570325, -0.0025678307, -0.0025021576, -0.0022395493, -0.001826852, -0.001577392, -0.0010237886, -0.00044557673, -0.00016637493, 0.000335843, 0.00072910613, 0.0009886124, 0.0010665365, 0.001124508, 0.0010670658, 0.0010040283, 0.0008323091, 0.00063295505, 0.00044691502, 0.00036998128, 0.0002677131, 0.00024738515, 0.00026997214, 0.00037406664, 0.00053903274, 0.00073700625, 0.0008392484, 0.0010348662, 0.0012013431, 0.0012685014, 0.0013606253, 0.0013832285, 0.0013644373, 0.0012623608, 0.001072836, 0.00080386485, 0.00064489763, 0.00029365876, -7.546323e-05, -0.00025709948, -0.0005969486, -0.00088822114, -0.0011217305, -0.0012175377, -0.0013725944, -0.0014918594, -0.0015426665, -0.0016339221, -0.0017155899, -0.0017514026, -0.0018054233, -0.0018227622, -0.0017916076, -0.0017565656, -0.001649481, -0.0015024856, -0.0014182462, -0.0012386458, -0.0010541743, -0.0008675452, -0.00077226484, -0.0005706732, -0.00034528322, -0.00022241025, 4.1808715e-05, 0.00032046466, 0.0004592238, 0.0007230979, 0.0009511823, 0.0011293795, 0.0011988233, 0.001304702, 0.0013861208, 0.0014262707, 0.0015224575, 0.0016575239, 0.0018433646, 0.0019561572, 0.0022176907, 0.0025176597, 0.0026764437, 0.002998832, 0.003308359, 0.003452373, 0.0037053237, 0.0038938113, 0.003996518, 0.0040095793, 0.0039519425, 0.0037794793, 0.0036518509, 0.0033237818, 0.0029198655, 0.0024768729, 0.0022539147, 0.001834317, 0.0014857929, 0.0013516862, 0.0011927332, 0.001213463
0, 0, 0, 0, 0, 0, 0, 0, 0, 0, 0, 0, 0, -0.0062007834, -0.005807508, -0.0055513, -0.005032059, -0.004399311, -0.0039994735, -0.0030093044, -0.0018527553, -0.0012726061, -0.00024145396, 0.0004697496, 0.00066858105, 0.0007219974, 0.0003256986, -0.00045382016, -0.0009494349, -0.0020444556, -0.0031117597, -0.0035750973, -0.004273459, -0.00460961, -0.004576581, -0.0044338484, -0.003944918, -0.0032565931, -0.0028671501, -0.002059755, -0.0013016929, -0.00097552966, -0.00049427757, -0.0003042683, -0.00043260245, -0.0006057045, -0.0011144795, -0.0017480904, -0.0020755858, -0.0026888244, -0.0031734416, -0.0034684537, -0.003534025, -0.0034955868, -0.0032407027, -0.0030416115, -0.002530256, -0.0019211937, -0.0016024548, -0.0009833628, -0.00044328594, -3.336024e-05, 0.0001122612, 0.00027449874, 0.00026433496, 0.0001990252, -3.226432e-05, -0.00035696937, -0.0007146611, -0.00088609825, -0.0011766833, -0.0013609789, -0.0014056443, -0.0013981159, -0.00127628, -0.0010695255, -0.0009442689, -0.0006665095, -0.00037123973, -0.00022300411, 6.1986204e-05, 0.0003096158, 0.00041006724, 0.0005476446, 0.0005819707, 0.0005068873, 0.00043174223, 0.00022491567, -2.4761855e-05, -0.00015208827, -0.00038648667, -0.00056982914, -0.00068985025, -0.0007273393, -0.00076618115, -0.00077412394, -0.000773164, -0.0007698653, -0.000771148, -0.000772208, -0.0007688274, -0.0007465355, -0.00069690665, -0.0006614303, -0.0005743322, -0.00047586107, -0.0004259325, -0.00032968304, -0.00023826712, -0.00014194383, -8.773994e-05, 4.2615113e-05, 0.00020710079, 0.0003007328, 0.0004982746, 0.00068457023, 0.0007634433, 0.0008757613, 0.0009152894, 0.00088386406, 0.0008478658, 0.0007569525, 0.00067673816, 0.00065298204, 0.00065822114, 0.0007454673, 0.0009179306, 0.0010334891, 0.0013135932, 0.0016408153, 0.0018134349, 0.0021571394, 0.002470602, 0.0026051975, 0.0028115036, 0.0029103584, 0.0028809714, 0.0028150917, 0.0025849578, 0.0022409162, 0.0020361852, 0.0015861753, 0.0011223357, 0.00069295656, 0.00050650944, 0.00021667745, 6.180932e-05, 4.107478e-05, 0.000112687856, 0.000296551
0, 0, 0, 0, 0, 0, 0, 0, 0, 0, 0, 0, -0.0013517045, -0.003006743, -0.0036673849, -0.0045539318, -0.005076829, -0.0051671118, -0.0050143935, -0.0043083583, -0.0031854447, -0.0025365688, -0.0012240191, -8.407823e-05, 0.0003614852, 0.0009260931, 0.0010003599, 0.0005732179, 0.00018873694, -0.0008413109, -0.0020552806, -0.002661455, -0.003742003, -0.0045172814, -0.004899489, -0.004937044, -0.00472603, -0.004189318, -0.0038256752, -0.0029693665, -0.0020383922, -0.0015856276, -0.00079392316, -0.0002649178, -8.811062e-05, -0.00014001483, -0.0004991826, -0.0011237852, -0.0015008522, -0.0023080267, -0.0030870656, -0.003735836, -0.003984777, -0.004297979, -0.0043383935, -0.004254663, -0.0038966346, -0.003332078, -0.0029975679, -0.002283083, -0.0015833708, -0.0009792561, -0.00073321327, -0.00038482837, -0.00025143372, -0.00026904128, -0.00046589648, -0.00084506016, -0.0013449187, -0.0016147655, -0.0021385099, -0.0025754648, -0.0027416989, -0.002950394, -0.0029899091, -0.0028773912, -0.0027722516, -0.0024816548, -0.0021048815, -0.0018917627, -0.0014324994, -0.00096161006, -0.00073528796, -0.0003333544, -3.4068253e-05, 0.00013825469, 0.0001764805, 0.000170546, 8.7878776e-05, 3.3395783e-05, -7.3439114e-05, -0.0001473166, -0.00016839887, -0.00015832813, -0.00010485884, -2.1607899e-05, 2.465282e-05, 0.000116208816, 0.000196343, 0.00023063789, 0.00028762716, 0.00033302454, 0.0003695662, 0.00038447807, 0.0004035566, 0.00040612073, 0.00040085695, 0.00038281284, 0.00036587563, 0.0003673606, 0.00037957355, 0.00043130247, 0.00051263336, 0.00055741274, 0.0006325038, 0.00065337145, 0.00063219626, 0.0005151149, 0.0003032449, 2.7441803e-05, -0.00011817937, -0.000387228, -0.00057867856, -0.00063179474, -0.0006365327, -0.0005058697, -0.00025444353, -9.177963e-05, 0.0002861764, 0.0007016596, 0.00090926857, 0.0012931228, 0.0015947615, 0.0017001178, 0.001798999, 0.0017315483, 0.0014964234, 0.0013221455, 0.00088420755, 0.000373579, 0.00011097477, -0.00039049238, -0.00081201753, -0.0011058183, -0.0011936444, -0.0012389123, -0.0011100188, -0.0009848514, -0.0006404443, -0.00026707153
0, 0, 0, 0, 0, 0, 0, 0, 0, 0, 0, 0.0026056496, 0.00059254066, -0.001120308, -0.001943693, -0.0034549304, -0.0046915878, -0.0054349774, -0.005562938, -0.00529743, -0.0044153524, -0.0038033593, -0.0023962758, -0.00096205634, -0.00030826204, 0.00075414387, 0.0013755035, 0.0014633094, 0.0012974581, 0.0005780329, -0.00053914095, -0.0011828502, -0.0024904895, -0.0036440575, -0.0044736685, -0.0047346298, -0.0049282713, -0.0046978267, -0.004440024, -0.0036858392, -0.0027017135, -0.0021646544, -0.0011036383, -0.00020571964, 0.00037552262, 0.00051710533, 0.00048375415, 6.0529597e-05, -0.00027348782, -0.0011184375, -0.0020935913, -0.0030671621, -0.0035136407, -0.0042539523, -0.004713846, -0.004817907, -0.0047601876, -0.004373277, -0.004077572, -0.0033453484, -0.002519949, -0.0017101907, -0.0013420223, -0.000731258, -0.0003419925, -0.00024457075, -0.00025885372, -0.0005463452, -0.0010686759, -0.0013950792, -0.0021148492, -0.0028314753, -0.0031568608, -0.0036903126, -0.0040305317, -0.0041611455, -0.004149417, -0.0039825137, -0.0036415355, -0.0034137417, -0.0028623613, -0.0022219135, -0.0018870978, -0.001231699, -0.0006517092, -0.0001978677, -2.5543752e-05, 0.00021140258, 0.00032790427, 0.00035431134, 0.00037351568, 0.00038450232, 0.00041780595, 0.0004481003, 0.0005380385, 0.00066249707, 0.0007340653, 0.0008851745, 0.0010306671, 0.0010944136, 0.0011935964, 0.0012445066, 0.0012400416, 0.0012169684, 0.0011327864, 0.0010077765, 0.00093655556, 0.00079254305, 0.0006676068, 0.00057984906, 0.0005512316, 0.000515326, 0.00048250423, 0.0004542052, 0.00034187426, 0.00012313468, -3.2739546e-05, -0.00043087147, -0.0009089762, -0.0013954607, -0.0016158384, -0.001961878, -0.0021324067, -0.0021419078, -0.0020088449, -0.001694108, -0.0012428131, -0.0009829253, -0.00043377333, 0.00010294789, 0.0003456485, 0.00073801406, 0.00095854094, 0.0009912653, 0.0008915958, 0.0005804525, 9.703751e-05, -0.00018939005, -0.0008021145, -0.0013964506, -0.0016609395, -0.0020826687, -0.0023206668, -0.0023491867, -0.002283781, -0.0020057883, -0.0015624487, -0.0012940571, -0.00070680416, -0.00016529656
0, 0, 0, 0, 0, 0, 0, 0, 0, 0, 0.0074452963, 0.005189247, 0.0026646561, 0.00082804274, -8.902046e-05, -0.0019465038, -0.0036773114, -0.004997925, -0.0054233796, -0.005717751, -0.0052742846, -0.004813068, -0.0035438982, -0.0020230731, -0.0012472478, 0.00019183363, 0.0013202177, 0.001975563, 0.002090418, 0.0018691471, 0.0010939729, 0.0005413047, -0.00075867336, -0.0021206408, -0.0033199114, -0.0038023195, -0.004459129, -0.004659572, -0.0045863353, -0.0041092853, -0.003248048, -0.0027068434, -0.001501142, -0.00029613066, 0.00070793857, 0.0010817585, 0.0015107788, 0.0014830149, 0.0013019182, 0.00064516946, -0.00031867324, -0.0014630343, -0.0020553805, -0.003183883, -0.0041060154, -0.00444629, -0.0048268046, -0.004781344, -0.0046085776, -0.0040095425, -0.0031714498, -0.0022187147, -0.001738564, -0.00084347464, -0.00011789782, 0.00015436781, 0.00047939265, 0.00047501907, 0.00013225105, -0.00015522758, -0.0009110679, -0.0018099598, -0.0022719481, -0.0031449527, -0.0038680227, -0.004376309, -0.0045386567, -0.004670839, -0.004546793, -0.0043921564, -0.003909358, -0.0032329562, -0.0028421367, -0.0020087503, -0.0011845086, -0.00045170498, -0.00013835524, 0.00036380783, 0.00069823366, 0.0008096066, 0.000944305, 0.0010023307, 0.0010289792, 0.0010422916, 0.0010889758, 0.0011795023, 0.0012436253, 0.0014045842, 0.0015877235, 0.001673968, 0.0018088531, 0.0018601766, 0.0018052696, 0.0017374626, 0.0015319369, 0.0012649954, 0.0011225432, 0.0008513254, 0.00062621763, 0.00045866013, 0.00039110213, 0.00025951254, 8.289604e-05, -4.1612013e-05, -0.00039449826, -0.0009005251, -0.001205321, -0.0018795175, -0.0025598074, -0.003133152, -0.003346219, -0.0035765811, -0.0035191309, -0.0033832411, -0.002926112, -0.0022812758, -0.0015343823, -0.0011516258, -0.00042324897, 0.00018528929, 0.00041989324, 0.0007090238, 0.0007254115, 0.00062807644, 0.0002405104, -0.00035005418, -0.0010533271, -0.0014142445, -0.0020880527, -0.0026180965, -0.0028049485, -0.0029913255, -0.0029140618, -0.002587255, -0.0023426758, -0.0017323281, -0.0010231364, -0.00065364636, 7.554685e-05, 0.00072008226
0, 0, 0, 0, 0, 0, 0, 0, 0, 0.00971692, 0.00713289, 0.006036095, 0.004320669, 0.002746697, 0.0018717751, -6.716949e-05, -0.0020742863, -0.0038419561, -0.004539635, -0.0054233805, -0.005547562, -0.0053304913, -0.004422605, -0.0030535343, -0.0022697214, -0.0006561272, 0.00083169725, 0.0019843492, 0.0023796668, 0.0027316536, 0.0024653238, 0.0021159498, 0.0010722143, -0.00026125152, -0.0016496289, -0.0022935467, -0.0033637385, -0.0040360885, -0.0041970205, -0.004144488, -0.0035968458, -0.00315356, -0.0020024162, -0.00065323286, 0.0006740149, 0.0012632901, 0.002185389, 0.002670812, 0.0027307249, 0.002481252, 0.0017785879, 0.00071224454, 8.426599e-05, -0.0012563979, -0.0025494876, -0.0031159434, -0.0039850255, -0.004411523, -0.004444622, -0.004168319, -0.0035029785, -0.0025640505, -0.0020319642, -0.00093007594, 0.000117246185, 0.0005828497, 0.001333346, 0.0017661462, 0.0018133256, 0.0016842084, 0.0011393062, 0.00028531457, -0.00021828833, -0.001290558, -0.0023365265, -0.003244544, -0.0036197572, -0.0041777915, -0.0044450196, -0.0044616284, -0.004255177, -0.0037462548, -0.003393229, -0.0025436655, -0.001590758, -0.0006473245, -0.00021036388, 0.00054663286, 0.0011080719, 0.0013104277, 0.0015659158, 0.0016543522, 0.0016284337, 0.0015919294, 0.0015110922, 0.0014720779, 0.001483116, 0.0015781738, 0.0017529699, 0.0018526171, 0.002026187, 0.002099588, 0.0020182973, 0.0019148946, 0.0016006222, 0.0011952101, 0.0009834503, 0.00059187645, 0.00028011927, 4.7501664e-05, -5.535124e-05, -0.00028727937, -0.0006312094, -0.0008685612, -0.0014913118, -0.0022832688, -0.0027159487, -0.0035705133, -0.0042823907, -0.0047096256, -0.0047861696, -0.004639314, -0.004117123, -0.0037378334, -0.0028125315, -0.0017725404, -0.0007482584, -0.00027982838, 0.00050509296, 0.001017729, 0.0011539593, 0.0011665882, 0.0008440858, 0.00057245407, -0.00013273605, -0.0009522891, -0.0017575265, -0.002116118, -0.0026788344, -0.002972604, -0.0030042818, -0.0028297966, -0.002362979, -0.0016647084, -0.0012562944, -0.00038805834, 0.0004634341, 0.0008601292, 0.0015861577, 0.0022431833
0, 0, 0, 0, 0, 0, 0, 0, 0.008357494, 0.0076130233, 0.006745903, 0.00634255, 0.0055022584, 0.004392432, 0.0036699835, 0.0018984252, -0.00014266712, -0.0021534313, -0.0030460549, -0.004434843, -0.0051448517, -0.005219847, -0.004831058, -0.0038290368, -0.003155839, -0.0016012316, 3.3274693e-05, 0.0015162847, 0.0021325464, 0.0030036592, 0.003295228, 0.0032099641, 0.0026074634, 0.0015378116, 0.000196802, -0.000505284, -0.0018327313, -0.0029029516, -0.0032952658, -0.0037262915, -0.0036317238, -0.0033808383, -0.0025052729, -0.0012435296, 0.00020587344, 0.0009294789, 0.0022424543, 0.0032296896, 0.0035592366, 0.003842523, 0.0036037723, 0.002867204, 0.0023376232, 0.001045151, -0.00040203563, -0.0011153381, -0.002385492, -0.0032988526, -0.003583536, -0.0037769019, -0.0034846594, -0.0027709885, -0.0022900319, -0.0011605571, 7.316519e-05, 0.00068518805, 0.001818075, 0.0027188694, 0.0032693692, 0.003385039, 0.0032756103, 0.0027338644, 0.002325604, 0.0013138264, 0.00015756299, -0.0010077627, -0.0015565159, -0.0025219468, -0.0032440128, -0.0034902464, -0.0037216663, -0.0035823244, -0.0033769626, -0.0027279684, -0.001842637, -0.000840504, -0.000334889, 0.0006100744, 0.0013855002, 0.0016871515, 0.0020973515, 0.0022536567, 0.0021899026, 0.0020950632, 0.001834571, 0.001567654, 0.0014650772, 0.0013710879, 0.0014429268, 0.001528341, 0.0017319189, 0.0018727417, 0.001838825, 0.0017387513, 0.0013826359, 0.00089003413, 0.0006305606, 0.0001562894, -0.00020697396, -0.00048143498, -0.00061544834, -0.0009607431, -0.0015035402, -0.0018669454, -0.0027553004, -0.0037545695, -0.004238904, -0.005048804, -0.0054966873, -0.005463759, -0.0052562277, -0.0044908575, -0.0033593816, -0.0027066085, -0.0013373577, -2.8675806e-05, 0.0010682732, 0.001500299, 0.002082121, 0.0022560738, 0.0021897356, 0.0017750073, 0.0010551836, 0.00061794394, -0.00032034083, -0.0012170636, -0.0019363827, -0.0021958016, -0.002469894, -0.0023905707, -0.002218219, -0.0016334252, -0.00079063117, 0.0002035557, 0.0007179528, 0.0016957995, 0.0025168085, 0.0028526569, 0.003422189, 0.0040023304
0, 0, 0, 0, 0, 0, 0.005636294, 0.0052859974, 0.00576657, 0.0060131736, 0.006230899, 0.0062819244, 0.00614803, 0.005557645, 0.005052885, 0.0036294544, 0.0017792424, -0.0002410466, -0.001220066, -0.0029354568, -0.004133859, -0.004490216, -0.0046745418, -0.0041793007, -0.0037087132, -0.0024271621, -0.0008699347, 0.0007277412, 0.001469203, 0.0027069494, 0.0034834363, 0.0036624002, 0.0035777192, 0.0029354293, 0.0018584314, 0.0012131009, -0.00015436462, -0.0014528487, -0.002016868, -0.0028751304, -0.0032676323, -0.0032605643, -0.002824278, -0.0018738466, -0.0005507767, 0.0001874214, 0.0016816417, 0.003027465, 0.0035873982, 0.0043943077, 0.0047010216, 0.004461524, 0.004140249, 0.0031463078, 0.0018089827, 0.0010733203, -0.0003907942, -0.0016673786, -0.0021797528, -0.002875815, -0.0030784972, -0.0027802566, -0.002458154, -0.0015288428, -0.0003268285, 0.00033253408, 0.0016763015, 0.0029296097, 0.0039431225, 0.0043170247, 0.004738655, 0.0046895794, 0.004493908, 0.0038050027, 0.0028137974, 0.0016435859, 0.0010322044, -0.00017107384, -0.0012511532, -0.001710563, -0.0024040453, -0.002736796, -0.0027542782, -0.0024964546, -0.0018929817, -0.0010387361, -0.0005545374, 0.0004434771, 0.0013671692, 0.0017636851, 0.002368591, 0.0026780062, 0.0026741074, 0.0025615676, 0.002157627, 0.0016142426, 0.001338284, 0.0008824158, 0.0006565666, 0.0006439788, 0.000780076, 0.00100615, 0.00113944, 0.0011260567, 0.0009100305, 0.0005010774, 0.00026831205, -0.00016220898, -0.0004954596, -0.00078913395, -0.0009680047, -0.0014902956, -0.0022990918, -0.002800688, -0.0038931202, -0.0048972815, -0.005285393, -0.005699268, -0.005533503, -0.0047767516, -0.0042044194, -0.0027744125, -0.0011386395, -0.00031249045, 0.0012259108, 0.0024677087, 0.003289741, 0.0035211653, 0.0036215105, 0.0032711304, 0.00295162, 0.0020972372, 0.0010750485, 0.0005507264, -0.00042494622, -0.0011854167, -0.00162381, -0.0017032668, -0.0015692604, -0.001062403, -0.0006851453, 0.00026446301, 0.0013764618, 0.0025130094, 0.0030428707, 0.0039387336, 0.0045452886, 0.004741422, 0.005031835, 0.0054708417
0, 0, 0, 0, 0, 0.0029033925, 0.0030994087, 0.0033364815, 0.003988314, 0.0047870954, 0.0055783587, 0.0059032617, 0.0062844674, 0.0061812587, 0.0059128213, 0.0049281376, 0.0034213979, 0.0015887714, 0.00063030224, -0.0012026178, -0.0027213101, -0.0032999436, -0.0040049027, -0.0040545627, -0.0038359654, -0.0029688142, -0.0016718407, -0.00016032332, 0.00060450163, 0.0020202643, 0.0031317282, 0.0035256287, 0.00392443, 0.0037675183, 0.0030927712, 0.0025960845, 0.0013910066, 6.624359e-05, -0.00057949795, -0.0017209004, -0.00252421, -0.0027543562, -0.0028126733, -0.0023170693, -0.0013275519, -0.00069213065, 0.0007456858, 0.002235403, 0.0029380727, 0.004143635, 0.0049542217, 0.0052514896, 0.0051896977, 0.004653059, 0.0036410007, 0.0030037523, 0.0015876056, 0.0001575967, -0.00050155295, -0.0016034069, -0.0023031756, -0.0025119847, -0.002423221, -0.0018788168, -0.0009217803, -0.00032735258, 0.0010081002, 0.0024103064, 0.0037246053, 0.0042987266, 0.005196389, 0.005675018, 0.005740961, 0.0055317795, 0.004917716, 0.0039873603, 0.0034359957, 0.0022314806, 0.0009918191, 0.00039969242, -0.0006452141, -0.0014104987, -0.0016608066, -0.0018706404, -0.0016915238, -0.0011655816, -0.00079658884, 8.237861e-05, 0.0010356396, 0.0014940692, 0.0022891015, 0.0028284588, 0.0030254528, 0.0029789754, 0.0025900037, 0.0018556735, 0.0014006455, 0.00044507394, -0.00036706697, -0.0006517763, -0.00090178126, -0.00075038744, -0.0003683613, -0.00016721066, 0.00012953425, 0.00023121096, 0.00022383068, 0.00014718372, -1.3763537e-05, -0.00037386912, -0.00067856803, -0.0015808007, -0.002787099, -0.0034256675, -0.004562493, -0.0052487054, -0.005353281, -0.005036372, -0.004060544, -0.0025732843, -0.0017037742, 0.00013849004, 0.0019195718, 0.0027175106, 0.0040155565, 0.004813474, 0.005057879, 0.00497863, 0.004467805, 0.0035907796, 0.0030619171, 0.0019252287, 0.0008180323, 0.00032389027, -0.0004629904, -0.0008993497, -0.00093092595, -0.00079148874, -0.00022366173, 0.00067094254, 0.0012104617, 0.0024011259, 0.0036186525, 0.0047090477, 0.0051577883, 0.0057904804, 0.0060386234, 0.0060421973, 0.005985615, 0.006244092
0, 0, 0, 0.0035018544, 0.0028384144, 0.0019746649, 0.0019781613, 0.0021835028, 0.002896779, 0.0038753215, 0.004913596, 0.005386459, 0.0061138337, 0.006411307, 0.0063584535, 0.005807597, 0.0046939007, 0.0031494864, 0.0022796283, 0.00048698418, -0.0011869199, -0.0019118043, -0.0030235287, -0.0035652122, -0.003597915, -0.0031912315, -0.002249101, -0.00095121004, -0.00023487445, 0.0012038582, 0.0024977566, 0.0030379908, 0.0038179862, 0.004108799, 0.003870118, 0.0035619496, 0.0026403458, 0.0014419608, 0.00079585135, -0.00047176564, -0.0015549619, -0.001974347, -0.0024789274, -0.0024608653, -0.001901952, -0.0014397348, -0.00023064454, 0.0012161868, 0.0019698467, 0.0034135228, 0.0046099112, 0.0053869584, 0.0055786525, 0.005535614, 0.004946643, 0.0044770003, 0.0032809062, 0.0018871245, 0.0011726889, -0.00018013098, -0.0012814049, -0.0019774009, -0.0021378144, -0.0020594865, -0.0014752969, -0.0010198826, 0.0001405887, 0.0015137235, 0.0029503438, 0.0036436226, 0.004881243, 0.00580762, 0.0061205467, 0.0064111184, 0.0062590786, 0.0057025347, 0.005293849, 0.004265538, 0.0030483908, 0.002410712, 0.0011706491, 9.272984e-05, -0.00034836013, -0.000985299, -0.0012541031, -0.001138533, -0.0009415741, -0.00030949104, 0.0005516417, 0.0010243373, 0.001956744, 0.0027432905, 0.0032408969, 0.003339438, 0.003169915, 0.002464288, 0.0019176678, 0.0005218477, -0.0010643911, -0.0018221667, -0.0030181298, -0.0034910436, -0.003069281, -0.002556943, -0.0011603951, 0.00033738127, 0.0009904873, 0.0018957354, 0.0020418132, 0.0012916318, 0.0006118877, -0.0011225559, -0.0029086987, -0.0036552448, -0.0046054884, -0.0046793963, -0.004385749, -0.0032348242, -0.0015385085, 0.00042934623, 0.0014312248, 0.0033193906, 0.004877599, 0.0054772915, 0.0062438073, 0.006394462, 0.005966273, 0.0055690217, 0.0045133233, 0.003262669, 0.002622865, 0.0014203695, 0.0004408044, 7.052416e-05, -0.00037925184, -0.00040504246, -2.26107e-07, 0.00035100302, 0.0013035086, 0.0024943186, 0.0031395084, 0.0044365013, 0.0056116167, 0.006508642, 0.0068099108, 0.00707097, 0.006895015, 0.006688598, 0.0062650014, 0.006295902
0, 0, 0, 0.0024843118, 0.0021900162, 0.0016177642, 0.0015487397, 0.0017135704, 0.0023820903, 0.0033779582, 0.004507551, 0.00505985, 0.0060113613, 0.0066084196, 0.0067223804, 0.006517503, 0.0057268078, 0.004435051, 0.0036513547, 0.0019306769, 0.00017657541, -0.00064810435, -0.0020597666, -0.0029968987, -0.0032407488, -0.0032407762, -0.0026298035, -0.0015512796, -0.0008976807, 0.0005137545, 0.001911284, 0.0025516183, 0.0036132834, 0.0042607216, 0.0043960656, 0.004261534, 0.0036200176, 0.0025824558, 0.0019651565, 0.00064986566, -0.0006158265, -0.0011724206, -0.0020238184, -0.0024089564, -0.0022442408, -0.0019528512, -0.0009983549, 0.00034164035, 0.0011050153, 0.0026924869, 0.0041774027, 0.0053422856, 0.005747058, 0.0061336057, 0.0059341695, 0.0056296852, 0.0046770554, 0.0033829573, 0.0026570705, 0.0011547656, -0.00024810492, -0.0013487038, -0.0017306202, -0.002084762, -0.0018682935, -0.0015604655, -0.0006066036, 0.00068498537, 0.0021674212, 0.0029328936, 0.0044138017, 0.0056890785, 0.0062044444, 0.006926114, 0.007194543, 0.007003736, 0.006744237, 0.0059301606, 0.00479638, 0.004149876, 0.0027988334, 0.0015009836, 0.00091497693, -6.404058e-05, -0.00071689254, -0.0009799702, -0.00095353735, -0.0005887811, 0.00013822452, 0.0006011257, 0.0016276797, 0.0026400543, 0.0034538351, 0.0037262524, 0.0038817115, 0.0033798604, 0.0028489903, 0.0012248032, -0.0010340657, -0.0023115824, -0.004843167, -0.0067069386, -0.0069839815, -0.0062926924, -0.00324608, 0.0010955262, 0.0031838226, 0.006040193, 0.0063116658, 0.004253619, 0.0027260615, -0.00045529418, -0.002949068, -0.0037522735, -0.0043599927, -0.0037367828, -0.0030524475, -0.0011762861, 0.0010497458, 0.0032821042, 0.004314378, 0.006073873, 0.007287205, 0.007650418, 0.0078555485, 0.0073901284, 0.0063723195, 0.0057168473, 0.0042545027, 0.0027769248, 0.00209579, 0.0009453932, 0.00016941635, -5.57293e-05, -0.0001565144, 0.00020922517, 0.0010076873, 0.0015454885, 0.0028242662, 0.0042514117, 0.0049721994, 0.006319445, 0.00740567, 0.008079515, 0.008227281, 0.008123327, 0.007549411, 0.007146214, 0.0063475235, 0.006047908

