0, 0, 0, 0, 0, 0, 0, 0, 0, 0, 0, 0, 0, 0, 0, 0, 0, 0, 0, 0, 0, 0, 0, 0, 0, 0, 0, 0, 0, 0, 0, 0, 0, 0, 0, 0, 0, 0, 0, 0, 0, 0, 0, 0, 0, 0, 0, 0, 0, 0, 0, 0, 0, 0, 0, 0, 0, 0, 0, 0, 0, 0, 0, 0, 0, 0, 0, 0, 0, 0, 0, 0.0016063659, 0.0013820404, 0.00011508069, -0.0018273903, -0.0036797198, -0.0043425662, -0.0048552444, -0.004321337, -0.003851444, 0, 0, 0, 0, 0, 0, 0, 0, 0, 0, 0, 0, 0, 0, 0, 0, 0, 0, 0, 0, 0, 0, 0, 0, 0, 0, 0, 0, 0, 0, 0, 0, 0, 0, 0, 0, 0, 0, 0, 0, 0, 0, 0, 0, 0, 0, 0, 0, 0, 0, 0, 0, 0, 0, 0, 0, 0, 0, 0, 0, 0, 0, 0, 0, 0, 0, 0, 0, 0, 0
0, 0, 0, 0, 0, 0, 0, 0, 0, 0, 0, 0, 0, 0, 0, 0, 0, 0, 0, 0, 0, 0, 0, 0, 0, 0, 0, 0, 0, 0, 0, 0, 0, 0, 0, 0, 0, 0, 0, 0, 0, 0, 0, 0, 0, 0, 0, 0, 0, 0, 0, 0, 0, 0, 0, 0, 0, 0, 0, 0, 0, 0, 0, 0, 0, 0, 0, 0, -0.006311214, -0.005511853, -0.0026180702, 6.331519e-05, 0.00041138195, 0.00014849985, -0.00075142604, -0.0017031004, -0.0020546177, -0.0023531755, -0.002184776, -0.0020645729, -0.0021246434, -0.0026316645, -0.0027600753, 0, 0, 0, 0, 0, 0, 0, 0, 0, 0, 0, 0, 0, 0, 0, 0, 0, 0, 0, 0, 0, 0, 0, 0, 0, 0, 0, 0, 0, 0, 0, 0, 0, 0, 0, 0, 0, 0, 0, 0, 0, 0, 0, 0, 0, 0, 0, 0, 0, 0, 0, 0, 0, 0, 0, 0, 0, 0, 0, 0, 0, 0, 0, 0, 0, 0, 0
0, 0, 0, 0, 0, 0, 0, 0, 0, 0, 0, 0, 0, 0, 0, 0, 0, 0, 0, 0, 0, 0, 0, 0, 0, 0, 0, 0, 0, 0, 0, 0, 0, 0, 0, 0, 0, 0, 0, 0, 0, 0, 0, 0, 0, 0, 0, 0, 0, 0, 0, 0, 0, 0, 0, 0, 0, 0, 0, 0, 0, 0, 0, 0, 0, 0, -0.015227842, -0.010582126, -0.005940282, -0.0047636693, -0.002686509, -0.00096658955, -0.000482374, -9.1435526e-05, -0.0001631025, -0.00039998832, -0.0005133554, -0.0006687368, -0.00077972416, -0.0008805606, -0.001296044, -0.001992811, -0.0025246479, -0.005042596, -0.0078221075, 0, 0, 0, 0, 0, 0, 0, 0, 0, 0, 0, 0, 0, 0, 0, 0, 0, 0, 0, 0, 0, 0, 0, 0, 0, 0, 0, 0, 0, 0, 0, 0, 0, 0, 0, 0, 0, 0, 0, 0, 0, 0, 0, 0, 0, 0, 0, 0, 0, 0, 0, 0, 0, 0, 0, 0, 0, 0, 0, 0, 0, 0, 0, 0, 0
0, 0, 0, 0, 0, 0, 0, 0, 0, 0, 0, 0, 0, 0, 0, 0, 0, 0, 0, 0, 0, 0, 0, 0, 0, 0, 0, 0, 0, 0, 0, 0, 0, 0, 0, 0, 0, 0, 0, 0, 0, 0, 0, 0, 0, 0, 0, 0, 0, 0, 0, 0, 0, 0, 0, 0, 0, 0, 0, 0, 0, 0, 0, -0.02148143, -0.019378765, -0.016376276, -0.011665343, -0.008552298, -0.005722578, -0.004729682, -0.0031568222, -0.0018840528, -0.0013927215, -0.000700278, -0.00032004403, -0.00015749103, -0.00013578829, -0.00019213739, -0.00039622493, -0.00056868675, -0.0010806769, -0.0018641753, -0.0024369687, -0.004216288, -0.006545259, -0.010902934, -0.013749998, -0.016567219, 0, 0, 0, 0, 0, 0, 0, 0, 0, 0, 0, 0, 0, 0, 0, 0, 0, 0, 0, 0, 0, 0, 0, 0, 0, 0, 0, 0, 0, 0, 0, 0, 0, 0, 0, 0, 0, 0, 0, 0, 0, 0, 0, 0, 0, 0, 0, 0, 0, 0, 0, 0, 0, 0, 0, 0, 0, 0, 0, 0, 0, 0
0, 0, 0, 0, 0, 0, 0, 0, 0, 0, 0, 0, 0, 0, 0, 0, 0, 0, 0, 0, 0, 0, 0, 0, 0, 0, 0, 0, 0, 0, 0, 0, 0, 0, 0, 0, 0, 0, 0, 0, 0, 0, 0, 0, 0, 0, 0, 0, 0, 0, 0, 0, 0, 0, 0, 0, 0, 0, 0, 0, 0, -0.015077452, -0.014865465, -0.013785753, -0.012629214, -0.01147506, -0.00903379, -0.0072140293, -0.0056568277, -0.004995098, -0.0038392674, -0.0028236406, -0.0023721664, -0.0016142932, -0.0010690329, -0.0007413846, -0.00065700395, -0.00064162904, -0.0008254696, -0.000989353, -0.0014566749, -0.0021313527, -0.0025728014, -0.0037215722, -0.005266002, -0.007500377, -0.008546091, -0.009107277, -0.0074692424, -0.007141395, 0, 0, 0, 0, 0, 0, 0, 0, 0, 0, 0, 0, 0, 0, 0, 0, 0, 0, 0, 0, 0, 0, 0, 0, 0, 0, 0, 0, 0, 0, 0, 0, 0, 0, 0, 0, 0, 0, 0, 0, 0, 0, 0, 0, 0, 0, 0, 0, 0, 0, 0, 0, 0, 0, 0, 0, 0, 0, 0, 0
0, 0, 0, 0, 0, 0, 0, 0, 0, 0, 0, 0, 0, 0, 0, 0, 0, 0, 0, 0, 0, 0, 0, 0, 0, 0, 0, 0, 0, 0, 0, 0, 0, 0, 0, 0, 0, 0, 0, 0, 0, 0, 0, 0, 0, 0, 0, 0, 0, 0, 0, 0, 0, 0, 0, 0, 0, 0, 0, 0, -0.009214014, -0.00911749, -0.009012431, -0.008545458, -0.008089322, -0.007787809, -0.0070590335, -0.006354536, -0.0056377784, -0.005269188, -0.0045143543, -0.0037527278, -0.003384549, -0.0027175322, -0.0021921808, -0.0018438472, -0.0017401172, -0.0016693504, -0.0017644719, -0.0018666534, -0.002162876, -0.0025710945, -0.0028155835, -0.0033769025, -0.004013689, -0.004633469, -0.004800841, -0.0046455692, -0.004156621, -0.0040479307, -0.004126117, 0, 0, 0, 0, 0, 0, 0, 0, 0, 0, 0, 0, 0, 0, 0, 0, 0, 0, 0, 0, 0, 0, 0, 0, 0, 0, 0, 0, 0, 0, 0, 0, 0, 0, 0, 0, 0, 0, 0, 0, 0, 0, 0, 0, 0, 0, 0, 0, 0, 0, 0, 0, 0, 0, 0, 0, 0, 0, 0
0, 0, 0, 0, 0, 0, 0, 0, 0, 0, 0, 0, 0, 0, 0, 0, 0, 0, 0, 0, 0, 0, 0, 0, 0, 0, 0, 0, 0, 0, 0, 0, 0, 0, 0, 0, 0, 0, 0, 0, 0, 0, 0, 0, 0, 0, 0, 0, 0, 0, 0, 0, 0, 0, 0, 0, 0, 0, 0, -0.008699328, -0.0067532854, -0.005809781, -0.0056163548, -0.005501241, -0.0056074513, -0.0056865783, -0.005801679, -0.0058078663, -0.0056586294, -0.0055215578, -0.0051401975, -0.004662776, -0.0044107754, -0.0039276, -0.0035235866, -0.003233627, -0.0031337007, -0.0030155, -0.0029856486, -0.0029952445, -0.0030472516, -0.0031245784, -0.003165411, -0.0032306782, -0.0032386128, -0.0031365126, -0.0030296834, -0.0027725338, -0.0027182435, -0.0028931855, -0.0039637405, -0.0062029245, 0, 0, 0, 0, 0, 0, 0, 0, 0, 0, 0, 0, 0, 0, 0, 0, 0, 0, 0, 0, 0, 0, 0, 0, 0, 0, 0, 0, 0, 0, 0, 0, 0, 0, 0, 0, 0, 0, 0, 0, 0, 0, 0, 0, 0, 0, 0, 0, 0, 0, 0, 0, 0, 0, 0, 0, 0, 0
0, 0, 0, 0, 0, 0, 0, 0, 0, 0, 0, 0, 0, 0, 0, 0, 0, 0, 0, 0, 0, 0, 0, 0, 0, 0, 0, 0, 0, 0, 0, 0, 0, 0, 0, 0, 0, 0, 0, 0, 0, 0, 0, 0, 0, 0, 0, 0, 0, 0, 0, 0, 0, 0, 0, 0, 0, 0, -0.005205563, -0.005289012, -0.0046319617, -0.004156589, -0.0040858136, -0.0042116744, -0.004581595, -0.004813186, -0.0052781967, -0.0056498544, -0.005853579, -0.005883976, -0.005815177, -0.0056171273, -0.0054908614, -0.005225132, -0.004982285, -0.004782548, -0.004697094, -0.0045423144, -0.004387563, -0.004304132, -0.0041185496, -0.0039053464, -0.0037881967, -0.0035281712, -0.0032318898, -0.0029143728, -0.002765461, -0.0025618419, -0.0026121088, -0.0027796463, -0.003476844, -0.004476215, -0.0053097145, -0.005635743, 0, 0, 0, 0, 0, 0, 0, 0, 0, 0, 0, 0, 0, 0, 0, 0, 0, 0, 0, 0, 0, 0, 0, 0, 0, 0, 0, 0, 0, 0, 0, 0, 0, 0, 0, 0, 0, 0, 0, 0, 0, 0, 0, 0, 0, 0, 0, 0, 0, 0, 0, 0, 0, 0, 0, 0
0, 0, 0, 0, 0, 0, 0, 0, 0, 0, 0, 0, 0, 0, 0, 0, 0, 0, 0, 0, 0, 0, 0, 0, 0, 0, 0, 0, 0, 0, 0, 0, 0, 0, 0, 0, 0, 0, 0, 0, 0, 0, 0, 0, 0, 0, 0, 0, 0, 0, 0, 0, 0, 0, 0, 0, 0, -0.0060618697, -0.004960002, -0.0040460676, -0.0037729181, -0.003743015, -0.003812017, -0.004111188, -0.0045872447, -0.004867424, -0.0054485803, -0.00597451, -0.0063716373, -0.0065109385, -0.0066738655, -0.0067120506, -0.006699009, -0.0066370782, -0.0065504634, -0.006442726, -0.0063758898, -0.006200923, -0.0059548113, -0.0058032153, -0.0054498278, -0.0050496976, -0.004840251, -0.0044185123, -0.004013234, -0.0036556516, -0.0035080682, -0.0033043828, -0.003246468, -0.0032720442, -0.0034108984, -0.003607885, -0.0038719953, -0.004039598, 0, 0, 0, 0, 0, 0, 0, 0, 0, 0, 0, 0, 0, 0, 0, 0, 0, 0, 0, 0, 0, 0, 0, 0, 0, 0, 0, 0, 0, 0, 0, 0, 0, 0, 0, 0, 0, 0, 0, 0, 0, 0, 0, 0, 0, 0, 0, 0, 0, 0, 0, 0, 0, 0, 0, 0
0, 0, 0, 0, 0, 0, 0, 0, 0, 0, 0, 0, 0, 0, 0, 0, 0, 0, 0, 0, 0, 0, 0, 0, 0, 0, 0, 0, 0, 0, 0, 0, 0, 0, 0, 0, 0, 0, 0, 0, 0, 0, 0, 0, 0, 0, 0, 0, 0, 0, 0, 0, 0, 0, 0, 0, -0.008393373, -0.005849766, -0.00509214, -0.0043380377, -0.0042055757, -0.004352962, -0.0044900905, -0.004869086, -0.0053676115, -0.005649465, -0.006239035, -0.0068051396, -0.0072896974, -0.007491043, -0.007806523, -0.008018321, -0.008092425, -0.008189948, -0.008225526, -0.008191222, -0.00814131, -0.007963648, -0.007673547, -0.0074886833, -0.007056771, -0.0065744063, -0.0063272887, -0.005844745, -0.0054000835, -0.005012483, -0.0048432397, -0.004550264, -0.0042986814, -0.004177332, -0.0039313305, -0.003724489, -0.0037749773, -0.004058661, -0.005857295, 0, 0, 0, 0, 0, 0, 0, 0, 0, 0, 0, 0, 0, 0, 0, 0, 0, 0, 0, 0, 0, 0, 0, 0, 0, 0, 0, 0, 0, 0, 0, 0, 0, 0, 0, 0, 0, 0, 0, 0, 0, 0, 0, 0, 0, 0, 0, 0, 0, 0, 0, 0, 0, 0, 0
0, 0, 0, 0, 0, 0, 0, 0, 0, 0, 0, 0, 0, 0, 0, 0, 0, 0, 0, 0, 0, 0, 0, 0, 0, 0, 0, 0, 0, 0, 0, 0, 0, 0, 0, 0, 0, 0, 0, 0, 0, 0, 0, 0, 0, 0, 0, 0, 0, 0, 0, 0, 0, 0, -0.010544358, -0.009641464, -0.007379481, -0.006070379, -0.005711016, -0.0054019545, -0.0054444955, -0.005679668, -0.00584345, -0.006240979, -0.0067180526, -0.0069799297, -0.0075283838, -0.0080746235, -0.008579959, -0.00880858, -0.009207787, -0.009526308, -0.009655506, -0.009851932, -0.009960778, -0.009968662, -0.009929418, -0.009758116, -0.009463694, -0.009275144, -0.00883456, -0.008342913, -0.008089812, -0.0075885085, -0.007110082, -0.006660584, -0.006445348, -0.0060231164, -0.0055959043, -0.005376211, -0.004935627, -0.0045654643, -0.004460785, -0.004616305, -0.005613169, -0.007709393, -0.008515761, 0, 0, 0, 0, 0, 0, 0, 0, 0, 0, 0, 0, 0, 0, 0, 0, 0, 0, 0, 0, 0, 0, 0, 0, 0, 0, 0, 0, 0, 0, 0, 0, 0, 0, 0, 0, 0, 0, 0, 0, 0, 0, 0, 0, 0, 0, 0, 0, 0, 0, 0, 0, 0
0, 0, 0, 0, 0, 0, 0, 0, 0, 0, 0, 0, 0, 0, 0, 0, 0, 0, 0, 0, 0, 0, 0, 0, 0, 0, 0, 0, 0, 0, 0, 0, 0, 0, 0, 0, 0, 0, 0, 0, 0, 0, 0, 0, 0, 0, 0, 0, 0, 0, 0, 0, 0, 0, -0.008015413, -0.007570878, -0.006831463, -0.0065675154, -0.0065658228, -0.0067147766, -0.006985621, -0.007328426, -0.0075188153, -0.0079314355, -0.008381102, -0.00861823, -0.009109945, -0.00960939, -0.010095605, -0.010326974, -0.010753312, -0.011115842, -0.011267948, -0.011502719, -0.01163406, -0.011650013, -0.011612768, -0.011448418, -0.011171453, -0.010996458, -0.010588034, -0.010124142, -0.009878907, -0.009374164, -0.008858235, -0.00833602, -0.008072205, -0.007539192, -0.006999878, -0.0067314566, -0.0062127486, -0.0057648243, -0.0054740985, -0.005426844, -0.005623797, -0.006293192, -0.006698975, 0, 0, 0, 0, 0, 0, 0, 0, 0, 0, 0, 0, 0, 0, 0, 0, 0, 0, 0, 0, 0, 0, 0, 0, 0, 0, 0, 0, 0, 0, 0, 0, 0, 0, 0, 0, 0, 0, 0, 0, 0, 0, 0, 0, 0, 0, 0, 0, 0, 0, 0, 0, 0
0, 0, 0, 0, 0, 0, 0, 0, 0, 0, 0, 0, 0, 0, 0, 0, 0, 0, 0, 0, 0, 0, 0, 0, 0, 0, 0, 0, 0, 0, 0, 0, 0, 0, 0, 0, 0, 0, 0, 0, 0, 0, 0, 0, 0, 0, 0, 0, 0, 0, 0, 0, 0, -0.01052312, -0.007654345, -0.0071527497, -0.0069619915, -0.007260614, -0.0074802907, -0.00796025, -0.008445124, -0.00891583, -0.009145203, -0.009593643, -0.01003398, -0.010253644, -0.01069619, -0.011144502, -0.011591567, -0.011810086, -0.01222263, -0.012580072, -0.01272964, -0.012955644, -0.013072296, -0.013073476, -0.0130324, -0.012873232, -0.012623813, -0.012469378, -0.012109545, -0.011689827, -0.011459883, -0.010963261, -0.01042366, -0.009850665, -0.009556219, -0.008961424, -0.008374261, -0.00808898, -0.007544322, -0.007042407, -0.006591308, -0.0063931914, -0.0061142235, -0.006238233, -0.006655152, -0.009189437, 0, 0, 0, 0, 0, 0, 0, 0, 0, 0, 0, 0, 0, 0, 0, 0, 0, 0, 0, 0, 0, 0, 0, 0, 0, 0, 0, 0, 0, 0, 0, 0, 0, 0, 0, 0, 0, 0, 0, 0, 0, 0, 0, 0, 0, 0, 0, 0, 0, 0, 0, 0
0, 0, 0, 0, 0, 0, 0, 0, 0, 0, 0, 0, 0, 0, 0, 0, 0, 0, 0, 0, 0, 0, 0, 0, 0, 0, 0, 0, 0, 0, 0, 0, 0, 0, 0, 0, 0, 0, 0, 0, 0, 0, 0, 0, 0, 0, 0, 0, 0, 0, 0, -0.012280806, -0.011355624, -0.008941371, -0.007564336, -0.007335628, -0.0074734082, -0.008000569, -0.008316753, -0.008967011, -0.009591268, -0.010166529, -0.010433344, -0.010926914, -0.011375502, -0.011587522, -0.011999317, -0.012405593, -0.012810036, -0.013008653, -0.013384646, -0.013708972, -0.013842392, -0.014036983, -0.014125355, -0.014108679, -0.014064655, -0.013915794, -0.013698095, -0.013566735, -0.013259045, -0.012889059, -0.012678838, -0.012207201, -0.0116724055, -0.011090169, -0.010788948, -0.010183065, -0.009591355, -0.00930499, -0.008750331, -0.008206198, -0.0076546525, -0.007378636, -0.006885789, -0.006698832, -0.006872256, -0.008116036, -0.01057248, -0.011521446, 0, 0, 0, 0, 0, 0, 0, 0, 0, 0, 0, 0, 0, 0, 0, 0, 0, 0, 0, 0, 0, 0, 0, 0, 0, 0, 0, 0, 0, 0, 0, 0, 0, 0, 0, 0, 0, 0, 0, 0, 0, 0, 0, 0, 0, 0, 0, 0, 0, 0
0, 0, 0, 0, 0, 0, 0, 0, 0, 0, 0, 0, 0, 0, 0, 0, 0, 0, 0, 0, 0, 0, 0, 0, 0, 0, 0, 0, 0, 0, 0, 0, 0, 0, 0, 0, 0, 0, 0, 0, 0, 0, 0, 0, 0, 0, 0, 0, 0, 0, 0, -0.00810192, -0.007908076, -0.0074070715, -0.007310042, -0.0074319257, -0.007917278, -0.008577413, -0.008932893, -0.009647581, -0.010332026, -0.010961219, -0.0112507995, -0.011776939, -0.012238634, -0.012450205, -0.012847357, -0.013225228, -0.013592524, -0.013770737, -0.014104625, -0.014388553, -0.014503522, -0.0146666095, -0.014734723, -0.014712757, -0.014672319, -0.014543446, -0.014361273, -0.0142516885, -0.013992551, -0.01367144, -0.013484247, -0.013053498, -0.012552801, -0.012000104, -0.011712296, -0.01112956, -0.010552541, -0.010268326, -0.009701497, -0.009119618, -0.008504396, -0.008186072, -0.0075654183, -0.0070814015, -0.0069553107, -0.0070667863, -0.007672818, -0.00796089, 0, 0, 0, 0, 0, 0, 0, 0, 0, 0, 0, 0, 0, 0, 0, 0, 0, 0, 0, 0, 0, 0, 0, 0, 0, 0, 0, 0, 0, 0, 0, 0, 0, 0, 0, 0, 0, 0, 0, 0, 0, 0, 0, 0, 0, 0, 0, 0, 0, 0
0, 0, 0, 0, 0, 0, 0, 0, 0, 0, 0, 0, 0, 0, 0, 0, 0, 0, 0, 0, 0, 0, 0, 0, 0, 0, 0, 0, 0, 0, 0, 0, 0, 0, 0, 0, 0, 0, 0, 0, 0, 0, 0, 0, 0, 0, 0, 0, 0, 0, -0.006236249, -0.0059308806, -0.005965124, -0.006348056, -0.006982544, -0.0073455074, -0.0081066955, -0.008874221, -0.009252417, -0.009987725, -0.010682602, -0.011323791, -0.011619976, -0.012160387, -0.0126327565, -0.01284665, -0.013240144, -0.013601302, -0.013939483, -0.014099504, -0.014394816, -0.014642213, -0.014742098, -0.014885544, -0.0149492165, -0.0149381105, -0.014907933, -0.014806748, -0.014658753, -0.014567806, -0.014348148, -0.014070106, -0.013906286, -0.013525381, -0.013078853, -0.012579807, -0.012316535, -0.011773017, -0.011215387, -0.01093145, -0.01034727, -0.009727247, -0.009061699, -0.008711864, -0.007991361, -0.0072797057, -0.0069476566, -0.00639606, -0.0061260187, -0.0061638355, -0.0066731805, 0, 0, 0, 0, 0, 0, 0, 0, 0, 0, 0, 0, 0, 0, 0, 0, 0, 0, 0, 0, 0, 0, 0, 0, 0, 0, 0, 0, 0, 0, 0, 0, 0, 0, 0, 0, 0, 0, 0, 0, 0, 0, 0, 0, 0, 0, 0, 0, 0
0, 0, 0, 0, 0, 0, 0, 0, 0, 0, 0, 0, 0, 0, 0, 0, 0, 0, 0, 0, 0, 0, 0, 0, 0, 0, 0, 0, 0, 0, 0, 0, 0, 0, 0, 0, 0, 0, 0, 0, 0, 0, 0, 0, 0, 0, 0, 0, 0, -0.008642203, -0.006383507, -0.005372334, -0.0053936266, -0.0059455824, -0.0067865336, -0.0072337324, -0.008107914, -0.008926658, -0.009313614, -0.010047438, -0.010731013, -0.011362792, -0.011657652, -0.012202319, -0.012684672, -0.012903197, -0.01330077, -0.01365351, -0.0139692705, -0.014114282, -0.014376444, -0.0145941395, -0.014683394, -0.014817224, -0.014888093, -0.014897372, -0.014880382, -0.014807694, -0.014687842, -0.014610462, -0.014419641, -0.014176222, -0.0140336305, -0.0137047265, -0.013319478, -0.012884136, -0.012649872, -0.012151874, -0.011616642, -0.011334188, -0.010736448, -0.010090183, -0.009393119, -0.009026006, -0.008257585, -0.007453433, -0.0070478655, -0.006290232, -0.0058060833, -0.0058144834, -0.006917712, -0.009313186, 0, 0, 0, 0, 0, 0, 0, 0, 0, 0, 0, 0, 0, 0, 0, 0, 0, 0, 0, 0, 0, 0, 0, 0, 0, 0, 0, 0, 0, 0, 0, 0, 0, 0, 0, 0, 0, 0, 0, 0, 0, 0, 0, 0, 0, 0, 0, 0
0, 0, 0, 0, 0, 0, 0, 0, 0, 0, 0, 0, 0, 0, 0, 0, 0, 0, 0, 0, 0, 0, 0, 0, 0, 0, 0, 0, 0, 0, 0, 0, 0, 0, 0, 0, 0, 0, 0, 0, 0, 0, 0, 0, 0, 0, 0, 0, 0, -0.00645225, -0.0056161517, -0.005298202, -0.0054109907, -0.0059829988, -0.0067861937, -0.007214644, -0.0080617, -0.008858063, -0.009233473, -0.009942028, -0.0106011955, -0.011215802, -0.011506629, -0.012053027, -0.012547108, -0.012773072, -0.013181084, -0.013532911, -0.013833791, -0.0139669115, -0.014202166, -0.0143968575, -0.014478798, -0.014609594, -0.01469297, -0.01472497, -0.014721203, -0.014674275, -0.014576451, -0.014509128, -0.014339027, -0.014123814, -0.013999963, -0.013719702, -0.013395371, -0.013024731, -0.012820737, -0.012373055, -0.0118683465, -0.011593791, -0.011001255, -0.010354173, -0.009659808, -0.009297115, -0.008543922, -0.0077597066, -0.0073636803, -0.0066069774, -0.0060355905, -0.0059058913, -0.0061808396, -0.006999591, 0, 0, 0, 0, 0, 0, 0, 0, 0, 0, 0, 0, 0, 0, 0, 0, 0, 0, 0, 0, 0, 0, 0, 0, 0, 0, 0, 0, 0, 0, 0, 0, 0, 0, 0, 0, 0, 0, 0, 0, 0, 0, 0, 0, 0, 0, 0, 0
0, 0, 0, 0, 0, 0, 0, 0, 0, 0, 0, 0, 0, 0, 0, 0, 0, 0, 0, 0, 0, 0, 0, 0, 0, 0, 0, 0, 0, 0, 0, 0, 0, 0, 0, 0, 0, 0, 0, 0, 0, 0, 0, 0, 0, 0, 0, 0, -0.0065974435, -0.0056028278, -0.0052967025, -0.00546451, -0.005673194, -0.006255316, -0.006965153, -0.007340084, -0.00809158, -0.008814192, -0.009159536, -0.009817022, -0.010436292, -0.011024493, -0.011308092, -0.011851216, -0.012355029, -0.012588223, -0.013010238, -0.013367749, -0.013662873, -0.013789604, -0.014007871, -0.014188618, -0.014266865, -0.014400796, -0.014499924, -0.0145566985, -0.0145665025, -0.014545542, -0.014469391, -0.014411521, -0.014261104, -0.014071255, -0.0139640095, -0.013727018, -0.013457285, -0.013146658, -0.012971883, -0.012576748, -0.012113418, -0.011855133, -0.011290164, -0.010670558, -0.0100107165, -0.009670141, -0.008972932, -0.0082587125, -0.007898049, -0.007187741, -0.006544205, -0.0062817466, -0.0059834137, -0.006192924, -0.007226951, 0, 0, 0, 0, 0, 0, 0, 0, 0, 0, 0, 0, 0, 0, 0, 0, 0, 0, 0, 0, 0, 0, 0, 0, 0, 0, 0, 0, 0, 0, 0, 0, 0, 0, 0, 0, 0, 0, 0, 0, 0, 0, 0, 0, 0, 0, 0
0, 0, 0, 0, 0, 0, 0, 0, 0, 0, 0, 0, 0, 0, 0, 0, 0, 0, 0, 0, 0, 0, 0, 0, 0, 0, 0, 0, 0, 0, 0, 0, 0, 0, 0, 0, 0, 0, 0, 0, 0, 0, 0, 0, 0, 0, 0, -0.009553272, -0.0076123932, -0.005887434, -0.0056305556, -0.0059235473, -0.0061578196, -0.0067126695, -0.0073323916, -0.007653687, -0.008299613, -0.008929805, -0.00923464, -0.009821993, -0.010385391, -0.010932575, -0.011201944, -0.0117294295, -0.012232338, -0.012468849, -0.012901198, -0.013268074, -0.013566676, -0.013692669, -0.013907518, -0.01408591, -0.014165755, -0.014309604, -0.014429591, -0.014514844, -0.014540275, -0.014549964, -0.014500908, -0.014455276, -0.014327971, -0.014163768, -0.014071428, -0.0138702905, -0.013644494, -0.013382817, -0.013233229, -0.0128866965, -0.012467125, -0.0122295, -0.01170436, -0.011126607, -0.010516565, -0.010205056, -0.009573844, -0.008934205, -0.008609902, -0.007952557, -0.0072969575, -0.006988393, -0.0065189283, -0.006625543, -0.008353763, -0.010400748, 0, 0, 0, 0, 0, 0, 0, 0, 0, 0, 0, 0, 0, 0, 0, 0, 0, 0, 0, 0, 0, 0, 0, 0, 0, 0, 0, 0, 0, 0, 0, 0, 0, 0, 0, 0, 0, 0, 0, 0, 0, 0, 0, 0, 0, 0
0, 0, 0, 0, 0, 0, 0, 0, 0, 0, 0, 0, 0, 0, 0, 0, 0, 0, 0, 0, 0, 0, 0, 0, 0, 0, 0, 0, 0, 0, 0, 0, 0, 0, 0, 0, 0, 0, 0, 0, 0, 0, 0, 0, 0, 0, -0.008463835, -0.007558511, -0.0069234422, -0.0062271184, -0.0062377444, -0.0065939366, -0.006829375, -0.007351454, -0.007906662, -0.008188905, -0.008750827, -0.009296666, -0.009561182, -0.010073823, -0.0105719855, -0.011066535, -0.011314671, -0.0118114725, -0.012298184, -0.012531472, -0.012964367, -0.013337084, -0.013643395, -0.013773181, -0.0139950095, -0.014181984, -0.014267628, -0.014428238, -0.014572675, -0.014689252, -0.014731772, -0.014775943, -0.014759183, -0.014727982, -0.014626975, -0.014487201, -0.014407209, -0.014232119, -0.014036102, -0.013808164, -0.013676585, -0.013366508, -0.012984169, -0.012765076, -0.012277632, -0.011740531, -0.011175981, -0.010889506, -0.010313338, -0.009732006, -0.009436273, -0.0088274125, -0.00819413, -0.007878695, -0.007325713, -0.007109016, -0.007660965, -0.008263302, -0.009145162, 0, 0, 0, 0, 0, 0, 0, 0, 0, 0, 0, 0, 0, 0, 0, 0, 0, 0, 0, 0, 0, 0, 0, 0, 0, 0, 0, 0, 0, 0, 0, 0, 0, 0, 0, 0, 0, 0, 0, 0, 0, 0, 0, 0, 0
0, 0, 0, 0, 0, 0, 0, 0, 0, 0, 0, 0, 0, 0, 0, 0, 0, 0, 0, 0, 0, 0, 0, 0, 0, 0, 0, 0, 0, 0, 0, 0, 0, 0, 0, 0, 0, 0, 0, 0, 0, 0, 0, 0, 0, 0, -0.0068326127, -0.006371264, -0.006313352, -0.006461952, -0.00684269, -0.0073304432, -0.007591478, -0.008125828, -0.008661541, -0.008925924, -0.009440303, -0.009928427, -0.010162401, -0.010613327, -0.011052973, -0.011495347, -0.01172031, -0.012178638, -0.012638011, -0.012861771, -0.013283215, -0.013654136, -0.013964769, -0.014098571, -0.014330557, -0.014530037, -0.014623016, -0.014801134, -0.01496841, -0.0151123, -0.015169903, -0.0152449105, -0.015257426, -0.015239732, -0.015162238, -0.015041699, -0.014970218, -0.014811551, -0.014632445, -0.014423714, -0.014303028, -0.01401681, -0.013660955, -0.013456187, -0.012998055, -0.012492115, -0.011960488, -0.011690766, -0.011149428, -0.010602259, -0.010322166, -0.009737755, -0.0091074165, -0.008774903, -0.008097811, -0.0074879765, -0.0071196454, -0.007094582, -0.007504902, 0, 0, 0, 0, 0, 0, 0, 0, 0, 0, 0, 0, 0, 0, 0, 0, 0, 0, 0, 0, 0, 0, 0, 0, 0, 0, 0, 0, 0, 0, 0, 0, 0, 0, 0, 0, 0, 0, 0, 0, 0, 0, 0, 0, 0
0, 0, 0, 0, 0, 0, 0, 0, 0, 0, 0, 0, 0, 0, 0, 0, 0, 0, 0, 0, 0, 0, 0, 0, 0, 0, 0, 0, 0, 0, 0, 0, 0, 0, 0, 0, 0, 0, 0, 0, 0, 0, 0, 0, 0, -0.0067109177, -0.0059387474, -0.0059385546, -0.0061511453, -0.0067542074, -0.007418109, -0.008061361, -0.008370238, -0.008963024, -0.0095228115, -0.00978964, -0.010294207, -0.010758595, -0.0109768035, -0.011392743, -0.011795422, -0.012200678, -0.012408142, -0.01283303, -0.013263008, -0.013474293, -0.01387611, -0.014235097, -0.0145415645, -0.014675475, -0.014911925, -0.015119551, -0.015217377, -0.015406682, -0.015587182, -0.015746824, -0.015812872, -0.015905509, -0.015935455, -0.01592601, -0.015863445, -0.015755307, -0.015689123, -0.015539988, -0.015370642, -0.015173966, -0.015060423, -0.014792012, -0.014457468, -0.014264066, -0.013830698, -0.013349104, -0.012840627, -0.0125813, -0.012057676, -0.011521864, -0.0112444535, -0.01065564, -0.00999751, -0.00963556, -0.0088410275, -0.007981398, -0.0071828575, -0.006897918, -0.00689068, -0.0079912245, 0, 0, 0, 0, 0, 0, 0, 0, 0, 0, 0, 0, 0, 0, 0, 0, 0, 0, 0, 0, 0, 0, 0, 0, 0, 0, 0, 0, 0, 0, 0, 0, 0, 0, 0, 0, 0, 0, 0, 0, 0, 0, 0, 0
0, 0, 0, 0, 0, 0, 0, 0, 0, 0, 0, 0, 0, 0, 0, 0, 0, 0, 0, 0, 0, 0, 0, 0, 0, 0, 0, 0, 0, 0, 0, 0, 0, 0, 0, 0, 0, 0, 0, 0, 0, 0, 0, 0, -0.0067911455, -0.0062244944, -0.0057267486, -0.0060770446, -0.0064222193, -0.007230986, -0.008047735, -0.008804513, -0.009157617, -0.009816817, -0.010418496, -0.010698222, -0.011217399, -0.011684811, -0.011902124, -0.0123118395, -0.012704184, -0.01309525, -0.013293675, -0.013697405, -0.014102964, -0.014301402, -0.014678374, -0.015016088, -0.015307391, -0.0154362945, -0.015667154, -0.01587339, -0.015971402, -0.01616153, -0.016341964, -0.016500851, -0.016566442, -0.016659051, -0.016690822, -0.016683394, -0.016626332, -0.016525336, -0.016463058, -0.016322454, -0.016162915, -0.015977854, -0.015871339, -0.015620026, -0.0153066525, -0.0151253585, -0.014717073, -0.0142609365, -0.013774169, -0.013523588, -0.013010553, -0.012474467, -0.012192451, -0.011583737, -0.010892367, -0.010507999, -0.009657228, -0.008723157, -0.007822044, -0.0074687563, -0.0072894827, -0.008478232, -0.009677189, 0, 0, 0, 0, 0, 0, 0, 0, 0, 0, 0, 0, 0, 0, 0, 0, 0, 0, 0, 0, 0, 0, 0, 0, 0, 0, 0, 0, 0, 0, 0, 0, 0, 0, 0, 0, 0, 0, 0, 0, 0, 0, 0
0, 0, 0, 0, 0, 0, 0, 0, 0, 0, 0, 0, 0, 0, 0, 0, 0, 0, 0, 0, 0, 0, 0, 0, 0, 0, 0, 0, 0, 0, 0, 0, 0, 0, 0, 0, 0, 0, 0, 0, 0, 0, 0, 0, -0.006687297, -0.006206133, -0.006094405, -0.0066727744, -0.007076369, -0.007950598, -0.008812533, -0.009614542, -0.009989505, -0.010687654, -0.011319298, -0.011611045, -0.012149029, -0.012632122, -0.012856155, -0.013278692, -0.013679562, -0.014072354, -0.014268088, -0.0146589, -0.015041425, -0.0152258715, -0.015572545, -0.015880927, -0.016147994, -0.016267465, -0.016484125, -0.01668123, -0.016775139, -0.016956251, -0.017124472, -0.017267888, -0.017325517, -0.01740345, -0.017425222, -0.017415136, -0.01735782, -0.017262194, -0.017204247, -0.017073724, -0.016925165, -0.016751628, -0.016651468, -0.016414633, -0.016120255, -0.015950168, -0.015567976, -0.015139615, -0.0146788135, -0.014438585, -0.013938931, -0.013404149, -0.013117955, -0.0124945, -0.011787057, -0.0113983, -0.010555568, -0.009658515, -0.008809726, -0.008473843, -0.008295078, -0.0097255595, -0.011727166, -0.017416134, 0, 0, 0, 0, 0, 0, 0, 0, 0, 0, 0, 0, 0, 0, 0, 0, 0, 0, 0, 0, 0, 0, 0, 0, 0, 0, 0, 0, 0, 0, 0, 0, 0, 0, 0, 0, 0, 0, 0, 0, 0, 0
0, 0, 0, 0, 0, 0, 0, 0, 0, 0, 0, 0, 0, 0, 0, 0, 0, 0, 0, 0, 0, 0, 0, 0, 0, 0, 0, 0, 0, 0, 0, 0, 0, 0, 0, 0, 0, 0, 0, 0, 0, 0, 0, -0.008713087, -0.0070757954, -0.0067793075, -0.0069547943, -0.0076380656, -0.008050162, -0.00890554, -0.009741121, -0.010527511, -0.0108990185, -0.011596641, -0.012232463, -0.012527787, -0.013075496, -0.013571585, -0.013803271, -0.014241516, -0.01465473, -0.015050696, -0.015243207, -0.015616698, -0.015970059, -0.016136516, -0.016444797, -0.016717065, -0.01695503, -0.01706316, -0.017263113, -0.017447393, -0.017534945, -0.017700935, -0.0178487, -0.017967246, -0.018011859, -0.01806667, -0.018072264, -0.018057426, -0.01799808, -0.01790761, -0.017853767, -0.017731888, -0.01758972, -0.01741972, -0.017320806, -0.017087754, -0.016802171, -0.016639475, -0.016277883, -0.015875977, -0.015442322, -0.015214251, -0.01473238, -0.014205854, -0.013920686, -0.013298181, -0.012599355, -0.012222568, -0.011424115, -0.0105952, -0.009798969, -0.009451409, -0.0090206815, -0.009368088, -0.010014095, -0.011545428, 0, 0, 0, 0, 0, 0, 0, 0, 0, 0, 0, 0, 0, 0, 0, 0, 0, 0, 0, 0, 0, 0, 0, 0, 0, 0, 0, 0, 0, 0, 0, 0, 0, 0, 0, 0, 0, 0, 0, 0, 0, 0
0, 0, 0, 0, 0, 0, 0, 0, 0, 0, 0, 0, 0, 0, 0, 0, 0, 0, 0, 0, 0, 0, 0, 0, 0, 0, 0, 0, 0, 0, 0, 0, 0, 0, 0, 0, 0, 0, 0, 0, 0, 0, 0, -0.00970714, -0.008050219, -0.007854994, -0.008142868, -0.00882464, -0.009213125, -0.010005715, -0.010779762, -0.011515734, -0.011867117, -0.012533895, -0.013151008, -0.013440975, -0.013985168, -0.014485896, -0.014721684, -0.015168184, -0.015584939, -0.01597344, -0.016157048, -0.016502082, -0.016815476, -0.016959896, -0.017224113, -0.017458236, -0.01766806, -0.017765723, -0.017949812, -0.01812047, -0.018200342, -0.018345969, -0.018465875, -0.018552512, -0.01858104, -0.018607745, -0.01859468, -0.018574867, -0.018512655, -0.018425401, -0.018373393, -0.018252492, -0.01810512, -0.017923579, -0.017817644, -0.017571926, -0.017280785, -0.01711922, -0.01676817, -0.01638588, -0.015974784, -0.015756994, -0.0152919, -0.014776465, -0.0144961905, -0.013887025, -0.013214998, -0.012858513, -0.012115467, -0.011347582, -0.010574109, -0.0101963105, -0.009527884, -0.009242136, -0.0094576385, -0.011566997, -0.015828198, 0, 0, 0, 0, 0, 0, 0, 0, 0, 0, 0, 0, 0, 0, 0, 0, 0, 0, 0, 0, 0, 0, 0, 0, 0, 0, 0, 0, 0, 0, 0, 0, 0, 0, 0, 0, 0, 0, 0, 0, 0
0, 0, 0, 0, 0, 0, 0, 0, 0, 0, 0, 0, 0, 0, 0, 0, 0, 0, 0, 0, 0, 0, 0, 0, 0, 0, 0, 0, 0, 0, 0, 0, 0, 0, 0, 0, 0, 0, 0, 0, 0, 0, -0.017305914, -0.011008652, -0.009148496, -0.008991435, -0.009318681, -0.009977577, -0.010342595, -0.0110797, -0.011796013, -0.012477526, -0.012803693, -0.013427372, -0.014012652, -0.014291686, -0.014823006, -0.015320363, -0.015556375, -0.016002739, -0.016413184, -0.016784241, -0.016954161, -0.017263163, -0.017532988, -0.017654937, -0.01787776, -0.018079344, -0.018266246, -0.018355563, -0.018525392, -0.018679664, -0.018748669, -0.018865498, -0.018948564, -0.018995076, -0.019004663, -0.018999597, -0.01896663, -0.018941438, -0.018875258, -0.018787399, -0.01873389, -0.018604307, -0.01843847, -0.018231293, -0.018111495, -0.01784102, -0.017534383, -0.017369876, -0.017022362, -0.016652275, -0.016255459, -0.01604401, -0.015587623, -0.015078189, -0.014801691, -0.014206806, -0.013563977, -0.013228627, -0.012536593, -0.011817155, -0.011061677, -0.010668778, -0.009883833, -0.009284461, -0.009209114, -0.010008522, -0.012007487, 0, 0, 0, 0, 0, 0, 0, 0, 0, 0, 0, 0, 0, 0, 0, 0, 0, 0, 0, 0, 0, 0, 0, 0, 0, 0, 0, 0, 0, 0, 0, 0, 0, 0, 0, 0, 0, 0, 0, 0, 0
0, 0, 0, 0, 0, 0, 0, 0, 0, 0, 0, 0, 0, 0, 0, 0, 0, 0, 0, 0, 0, 0, 0, 0, 0, 0, 0, 0, 0, 0, 0, 0, 0, 0, 0, 0, 0, 0, 0, 0, 0, 0, -0.011356533, -0.009742849, -0.009345676, -0.009488468, -0.010082661, -0.010822546, -0.011200273, -0.01193588, -0.012629166, -0.013275104, -0.013581241, -0.014164185, -0.014714977, -0.014980539, -0.015494552, -0.015984543, -0.016219262, -0.016662855, -0.017064871, -0.01741788, -0.017574811, -0.017851815, -0.018086212, -0.018191004, -0.018384162, -0.018563742, -0.018735709, -0.018818516, -0.018973486, -0.019105509, -0.019159392, -0.01923765, -0.019274741, -0.019274075, -0.019262506, -0.01922365, -0.019170247, -0.019139683, -0.019068474, -0.01897711, -0.018920198, -0.018775955, -0.01858537, -0.018346941, -0.01821158, -0.017915117, -0.017594017, -0.017427389, -0.01708383, -0.016723508, -0.01633541, -0.01612622, -0.015669214, -0.015155549, -0.014877837, -0.014286882, -0.013662048, -0.013340869, -0.012683516, -0.0119974585, -0.011257145, -0.010857896, -0.010003433, -0.009151211, -0.008793093, -0.008425801, -0.008698321, 0, 0, 0, 0, 0, 0, 0, 0, 0, 0, 0, 0, 0, 0, 0, 0, 0, 0, 0, 0, 0, 0, 0, 0, 0, 0, 0, 0, 0, 0, 0, 0, 0, 0, 0, 0, 0, 0, 0, 0, 0
0, 0, 0, 0, 0, 0, 0, 0, 0, 0, 0, 0, 0, 0, 0, 0, 0, 0, 0, 0, 0, 0, 0, 0, 0, 0, 0, 0, 0, 0, 0, 0, 0, 0, 0, 0, 0, 0, 0, 0, 0, -0.0087743765, -0.00829033, -0.00834522, -0.009005716, -0.009442239, -0.0103645, -0.011257024, -0.011678297, -0.012462982, -0.01317039, -0.013806033, -0.014100542, -0.014654414, -0.015175924, -0.015429239, -0.015926428, -0.016409446, -0.016643548, -0.017087495, -0.017486624, -0.017829994, -0.017979482, -0.018237047, -0.018450528, -0.018545529, -0.018722735, -0.018891431, -0.019054543, -0.019132273, -0.01927175, -0.019377755, -0.01941414, -0.019449743, -0.019438148, -0.01939076, -0.019358821, -0.019288244, -0.019217024, -0.019181576, -0.019105615, -0.019009495, -0.018947965, -0.018788384, -0.018574486, -0.01830941, -0.018161977, -0.017847601, -0.017520439, -0.01735531, -0.017021198, -0.016673008, -0.016292524, -0.016084189, -0.015622728, -0.015098393, -0.014815344, -0.01421762, -0.013594279, -0.013277575, -0.012634574, -0.011964062, -0.011232925, -0.01083249, -0.009948466, -0.008981836, -0.0085104, -0.007832318, -0.008318919, -0.012190295, -0.014000346, 0, 0, 0, 0, 0, 0, 0, 0, 0, 0, 0, 0, 0, 0, 0, 0, 0, 0, 0, 0, 0, 0, 0, 0, 0, 0, 0, 0, 0, 0, 0, 0, 0, 0, 0, 0, 0, 0, 0
0, 0, 0, 0, 0, 0, 0, 0, 0, 0, 0, 0, 0, 0, 0, 0, 0, 0, 0, 0, 0, 0, 0, 0, 0, 0, 0, 0, 0, 0, 0, 0, 0, 0, 0, 0, 0, 0, 0, 0, -0.00863878, -0.007938776, -0.0073246104, -0.0077774236, -0.008754276, -0.009302207, -0.010381839, -0.011377356, -0.011836002, -0.012673795, -0.013408279, -0.014049816, -0.014341192, -0.014880982, -0.015385144, -0.015630899, -0.016117927, -0.016599335, -0.016834902, -0.017284209, -0.017688006, -0.01803149, -0.018178983, -0.01842916, -0.018633407, -0.01872415, -0.01889434, -0.01905841, -0.019216513, -0.019290185, -0.019416694, -0.019500352, -0.019521892, -0.019522017, -0.019471461, -0.019387819, -0.019340446, -0.019246446, -0.019161845, -0.01912252, -0.019041788, -0.018939584, -0.018873312, -0.018699989, -0.018467544, -0.01818419, -0.018029023, -0.01770549, -0.017378977, -0.017217472, -0.016894972, -0.016559765, -0.016188486, -0.015982503, -0.015520052, -0.01499039, -0.01470357, -0.014099353, -0.013472065, -0.0131547125, -0.0125133665, -0.011848807, -0.011129289, -0.010737643, -0.009875295, -0.00892274, -0.008442892, -0.007645195, -0.007518502, -0.008548335, -0.00904607, 0, 0, 0, 0, 0, 0, 0, 0, 0, 0, 0, 0, 0, 0, 0, 0, 0, 0, 0, 0, 0, 0, 0, 0, 0, 0, 0, 0, 0, 0, 0, 0, 0, 0, 0, 0, 0, 0, 0
0, 0, 0, 0, 0, 0, 0, 0, 0, 0, 0, 0, 0, 0, 0, 0, 0, 0, 0, 0, 0, 0, 0, 0, 0, 0, 0, 0, 0, 0, 0, 0, 0, 0, 0, 0, 0, 0, 0, 0, -0.00816746, -0.0075395536, -0.007221499, -0.0077796383, -0.008739066, -0.009270172, -0.010331659, -0.011332689, -0.011799839, -0.012657447, -0.013409232, -0.014061665, -0.014356062, -0.01489797, -0.01540191, -0.015647821, -0.016137207, -0.016624968, -0.016864711, -0.017323745, -0.017736308, -0.018084966, -0.01823347, -0.018482957, -0.018683847, -0.018772665, -0.018939547, -0.019101104, -0.019256843, -0.019328747, -0.01944909, -0.019521577, -0.019535592, -0.019517818, -0.019447498, -0.019345729, -0.019290391, -0.019183973, -0.019090625, -0.019048098, -0.018960617, -0.018850384, -0.01877898, -0.018593583, -0.018348038, -0.018052477, -0.01789243, -0.017562421, -0.017234867, -0.017074598, -0.01675709, -0.016429294, -0.016065994, -0.015863864, -0.01540981, -0.014888804, -0.014606511, -0.0140105905, -0.01339027, -0.013075534, -0.012439614, -0.011785305, -0.0110896835, -0.0107185505, -0.0099186, -0.00905065, -0.008607599, -0.007795351, -0.0073362286, -0.00775595, -0.008504186, 0, 0, 0, 0, 0, 0, 0, 0, 0, 0, 0, 0, 0, 0, 0, 0, 0, 0, 0, 0, 0, 0, 0, 0, 0, 0, 0, 0, 0, 0, 0, 0, 0, 0, 0, 0, 0, 0, 0
0, 0, 0, 0, 0, 0, 0, 0, 0, 0, 0, 0, 0, 0, 0, 0, 0, 0, 0, 0, 0, 0, 0, 0, 0, 0, 0, 0, 0, 0, 0, 0, 0, 0, 0, 0, 0, 0, 0, -0.0090924045, -0.0076169055, -0.007256057, -0.0072907615, -0.007921171, -0.008807999, -0.00928908, -0.010265025, -0.011213334, -0.011665646, -0.0125105465, -0.0132651515, -0.013929081, -0.014231002, -0.014789967, -0.015311219, -0.015565363, -0.016070236, -0.016571894, -0.016818207, -0.017288921, -0.017710844, -0.01806671, -0.018217837, -0.018470978, -0.018673308, -0.018762365, -0.018929744, -0.019091995, -0.019249823, -0.01932304, -0.019446317, -0.019522173, -0.019537738, -0.019522306, -0.019453367, -0.0193515, -0.019295482, -0.019186031, -0.019087322, -0.019041026, -0.01894498, -0.018825013, -0.018748973, -0.018554958, -0.018302295, -0.018000107, -0.017836614, -0.017499115, -0.017163226, -0.016998596, -0.01667344, -0.016340995, -0.01597878, -0.015780244, -0.015340199, -0.01484135, -0.0145722255, -0.014003519, -0.013407784, -0.013103801, -0.012486729, -0.011854277, -0.011194984, -0.010851354, -0.010131603, -0.0093753515, -0.008993834, -0.0082853995, -0.007876788, -0.008460712, -0.009602046, -0.0153800575, 0, 0, 0, 0, 0, 0, 0, 0, 0, 0, 0, 0, 0, 0, 0, 0, 0, 0, 0, 0, 0, 0, 0, 0, 0, 0, 0, 0, 0, 0, 0, 0, 0, 0, 0, 0, 0, 0
0, 0, 0, 0, 0, 0, 0, 0, 0, 0, 0, 0, 0, 0, 0, 0, 0, 0, 0, 0, 0, 0, 0, 0, 0, 0, 0, 0, 0, 0, 0, 0, 0, 0, 0, 0, 0, 0, 0, -0.007801317, -0.0068292716, -0.006770418, -0.0071815467, -0.007935593, -0.008809556, -0.009262025, -0.010171566, -0.011063345, -0.011494533, -0.012314093, -0.013063405, -0.01373853, -0.014050848, -0.014635407, -0.015184514, -0.01545188, -0.015980015, -0.016499067, -0.016752172, -0.017234085, -0.01766598, -0.018032165, -0.0181888, -0.018453639, -0.01866766, -0.018762095, -0.018938996, -0.019110397, -0.019277161, -0.019355569, -0.019491132, -0.019581921, -0.019606039, -0.019608963, -0.019557629, -0.019468876, -0.019417135, -0.019310638, -0.019208143, -0.019158114, -0.019052895, -0.01892509, -0.018846532, -0.018651094, -0.018400485, -0.018100567, -0.017936854, -0.01759452, -0.017246287, -0.01707333, -0.01672969, -0.016380403, -0.016009416, -0.01581095, -0.015380907, -0.014905163, -0.014650916, -0.014115089, -0.013550348, -0.013260142, -0.012667755, -0.012060629, -0.011437256, -0.011118127, -0.010463917, -0.009790846, -0.009451737, -0.008799975, -0.008307273, -0.008322626, -0.008703473, -0.010329716, 0, 0, 0, 0, 0, 0, 0, 0, 0, 0, 0, 0, 0, 0, 0, 0, 0, 0, 0, 0, 0, 0, 0, 0, 0, 0, 0, 0, 0, 0, 0, 0, 0, 0, 0, 0, 0, 0
0, 0, 0, 0, 0, 0, 0, 0, 0, 0, 0, 0, 0, 0, 0, 0, 0, 0, 0, 0, 0, 0, 0, 0, 0, 0, 0, 0, 0, 0, 0, 0, 0, 0, 0, 0, 0, 0, 0, -0.005762966, -0.0058704857, -0.0061425366, -0.0069315596, -0.007840044, -0.008754858, -0.009204712, -0.010085738, -0.010938706, -0.011351936, -0.012144928, -0.012885036, -0.013568541, -0.01389031, -0.014500206, -0.015077538, -0.015358103, -0.015907798, -0.016441569, -0.01670001, -0.017190669, -0.017633399, -0.018015623, -0.01818271, -0.018472167, -0.018713566, -0.018821666, -0.019023588, -0.01921637, -0.019401496, -0.019488622, -0.01964213, -0.019754207, -0.019790303, -0.019819107, -0.01979346, -0.019725554, -0.01968122, -0.01958253, -0.019479416, -0.01942701, -0.019315673, -0.019184835, -0.019107094, -0.01891888, -0.01868156, -0.01839599, -0.018237853, -0.01789979, -0.017544702, -0.017364454, -0.017000666, -0.01662952, -0.016241277, -0.016037518, -0.015605549, -0.015138329, -0.014891263, -0.014371856, -0.013822504, -0.013538661, -0.012956773, -0.0123606445, -0.01175296, -0.011444196, -0.0108135, -0.010157304, -0.009817078, -0.009110663, -0.008400042, -0.007813033, -0.007652939, -0.00785019, -0.008671731, 0, 0, 0, 0, 0, 0, 0, 0, 0, 0, 0, 0, 0, 0, 0, 0, 0, 0, 0, 0, 0, 0, 0, 0, 0, 0, 0, 0, 0, 0, 0, 0, 0, 0, 0, 0, 0
0, 0, 0, 0, 0, 0, 0, 0, 0, 0, 0, 0, 0, 0, 0, 0, 0, 0, 0, 0, 0, 0, 0, 0, 0, 0, 0, 0, 0, 0, 0, 0, 0, 0, 0, 0, 0, 0, -0.006167807, -0.0053095687, -0.0055761705, -0.0059524607, -0.006883322, -0.007858628, -0.008794203, -0.009242434, -0.010103906, -0.010924739, -0.011321101, -0.0120852, -0.0128095485, -0.013493124, -0.0138201555, -0.014447478, -0.0150452405, -0.015335135, -0.015898986, -0.016440507, -0.016701434, -0.017197667, -0.017651472, -0.018055331, -0.018237505, -0.018564079, -0.018847734, -0.018977273, -0.019218689, -0.01944404, -0.01965452, -0.019752227, -0.019925427, -0.020058416, -0.020106468, -0.020162156, -0.020165259, -0.020123819, -0.020090405, -0.0200069, -0.01991041, -0.019858794, -0.019747768, -0.019618962, -0.019544486, -0.019368684, -0.019150538, -0.018887071, -0.018739102, -0.018415494, -0.018063767, -0.017880762, -0.01750396, -0.017113805, -0.016705794, -0.016493022, -0.016046075, -0.015566537, -0.01531371, -0.014782302, -0.014218584, -0.01392632, -0.013326951, -0.012713587, -0.012089519, -0.01177246, -0.011118947, -0.010422857, -0.01005031, -0.00923986, -0.008340156, -0.007426917, -0.0070402604, -0.006718854, -0.0075175134, -0.0082886275, 0, 0, 0, 0, 0, 0, 0, 0, 0, 0, 0, 0, 0, 0, 0, 0, 0, 0, 0, 0, 0, 0, 0, 0, 0, 0, 0, 0, 0, 0, 0, 0, 0, 0, 0, 0
0, 0, 0, 0, 0, 0, 0, 0, 0, 0, 0, 0, 0, 0, 0, 0, 0, 0, 0, 0, 0, 0, 0, 0, 0, 0, 0, 0, 0, 0, 0, 0, 0, 0, 0, 0, 0, -0.007505374, -0.00662002, -0.005767102, -0.0060283453, -0.006378965, -0.0072477665, -0.008169346, -0.009062483, -0.009491511, -0.010314483, -0.011094853, -0.011471462, -0.012200354, -0.012900701, -0.01357425, -0.013901351, -0.014535885, -0.01514486, -0.015439807, -0.016010804, -0.01655502, -0.016816445, -0.017315336, -0.01777932, -0.018205293, -0.01840349, -0.018771024, -0.019102199, -0.019255854, -0.019542197, -0.019804008, -0.020040764, -0.020148622, -0.020339062, -0.020489503, -0.020547919, -0.020629257, -0.020663457, -0.020654721, -0.020636585, -0.020578725, -0.020499473, -0.020453552, -0.020349652, -0.020225791, -0.020154433, -0.019988175, -0.01978481, -0.019539734, -0.019401008, -0.019092765, -0.01874922, -0.018566722, -0.018184677, -0.017782345, -0.017357541, -0.01713508, -0.016666187, -0.016160836, -0.015893374, -0.015328523, -0.014727163, -0.014414851, -0.013773994, -0.013119098, -0.012452592, -0.012113084, -0.011409769, -0.010651548, -0.01024224, -0.009344632, -0.008334936, -0.007261913, -0.006750351, -0.0059697037, -0.0058101974, -0.005944455, 0, 0, 0, 0, 0, 0, 0, 0, 0, 0, 0, 0, 0, 0, 0, 0, 0, 0, 0, 0, 0, 0, 0, 0, 0, 0, 0, 0, 0, 0, 0, 0, 0, 0, 0, 0
0, 0, 0, 0, 0, 0, 0, 0, 0, 0, 0, 0, 0, 0, 0, 0, 0, 0, 0, 0, 0, 0, 0, 0, 0, 0, 0, 0, 0, 0, 0, 0, 0, 0, 0, 0, 0, -0.007759205, -0.0070340945, -0.0065379213, -0.0068641966, -0.00718017, -0.007939846, -0.008756525, -0.009568743, -0.009965106, -0.010733156, -0.011466751, -0.0118217645, -0.012512989, -0.01318507, -0.013842347, -0.014165739, -0.01480005, -0.015414323, -0.015712522, -0.016288625, -0.016835459, -0.017097546, -0.017598644, -0.018070072, -0.018512955, -0.01872366, -0.019123577, -0.019493788, -0.019667467, -0.019991303, -0.020283332, -0.02054195, -0.020657985, -0.020862008, -0.021027166, -0.021095067, -0.021201301, -0.021268504, -0.021297382, -0.021298133, -0.021274546, -0.02122121, -0.021184605, -0.02109236, -0.020973302, -0.020902859, -0.020737708, -0.020536639, -0.020296022, -0.02016018, -0.019857636, -0.019517077, -0.01933447, -0.018948898, -0.018538237, -0.018100698, -0.01787038, -0.01738164, -0.016850973, -0.016568618, -0.015969893, -0.015329758, -0.014996691, -0.014311531, -0.013609621, -0.0128943855, -0.012529844, -0.01177588, -0.0109687485, -0.010536937, -0.009602795, -0.008570062, -0.007471136, -0.0069299857, -0.00601742, -0.005753697, -0.006109624, 0, 0, 0, 0, 0, 0, 0, 0, 0, 0, 0, 0, 0, 0, 0, 0, 0, 0, 0, 0, 0, 0, 0, 0, 0, 0, 0, 0, 0, 0, 0, 0, 0, 0, 0, 0
0, 0, 0, 0, 0, 0, 0, 0, 0, 0, 0, 0, 0, 0, 0, 0, 0, 0, 0, 0, 0, 0, 0, 0, 0, 0, 0, 0, 0, 0, 0, 0, 0, 0, 0, 0, -0.009471384, -0.007750246, -0.0073252805, -0.0072441, -0.0077055693, -0.00802356, -0.0087293815, -0.009471163, -0.010216455, -0.010584753, -0.011304965, -0.011999305, -0.012336909, -0.012996747, -0.0136432685, -0.014282975, -0.014600989, -0.015230825, -0.015847163, -0.016147893, -0.016730042, -0.017282499, -0.0175466, -0.01805107, -0.018526662, -0.01897727, -0.019193932, -0.019610316, -0.020001423, -0.020186383, -0.020532504, -0.020843513, -0.02111695, -0.021239176, -0.021454843, -0.021634009, -0.021710915, -0.021840718, -0.02193879, -0.022003204, -0.022022039, -0.022031723, -0.0220049, -0.021978112, -0.021898132, -0.021782659, -0.021711353, -0.021541148, -0.021332636, -0.021084303, -0.02094485, -0.020635813, -0.020289155, -0.020103453, -0.019710366, -0.019290758, -0.018843094, -0.018607054, -0.018105827, -0.01756097, -0.017270988, -0.016655609, -0.015996259, -0.015652176, -0.014941754, -0.014209131, -0.013459613, -0.013077623, -0.0122925965, -0.011466374, -0.011032473, -0.010116316, -0.009135911, -0.008118389, -0.0076206834, -0.0067723794, -0.006485747, -0.0067700106, -0.008455307, 0, 0, 0, 0, 0, 0, 0, 0, 0, 0, 0, 0, 0, 0, 0, 0, 0, 0, 0, 0, 0, 0, 0, 0, 0, 0, 0, 0, 0, 0, 0, 0, 0, 0, 0
0, 0, 0, 0, 0, 0, 0, 0, 0, 0, 0, 0, 0, 0, 0, 0, 0, 0, 0, 0, 0, 0, 0, 0, 0, 0, 0, 0, 0, 0, 0, 0, 0, 0, 0, 0, -0.008568866, -0.0074099624, -0.007316461, -0.0076749134, -0.008337807, -0.0087017445, -0.009440081, -0.01017513, -0.010900268, -0.01125754, -0.011956179, -0.012629951, -0.012957228, -0.013596871, -0.014223736, -0.014845938, -0.015156827, -0.015776856, -0.01638949, -0.016690373, -0.01727568, -0.017832613, -0.018099004, -0.018606175, -0.019081846, -0.01953116, -0.019747471, -0.020164188, -0.020558815, -0.020746512, -0.021099938, -0.021419566, -0.02170269, -0.021830065, -0.022056991, -0.022249166, -0.022333372, -0.02248025, -0.022598505, -0.022684986, -0.022715019, -0.02274591, -0.022736585, -0.022716623, -0.022646042, -0.022534976, -0.022464091, -0.022291234, -0.022077058, -0.021821149, -0.021677626, -0.02136026, -0.021005014, -0.020814767, -0.02041219, -0.019982599, -0.019525684, -0.019285733, -0.018779343, -0.018233638, -0.0179449, -0.017334793, -0.016682046, -0.016340794, -0.015631992, -0.014894416, -0.014134897, -0.013747512, -0.012956184, -0.012138795, -0.011718874, -0.010854412, -0.009961867, -0.009060608, -0.008622713, -0.007850981, -0.0074579087, -0.007561167, -0.008783825, 0, 0, 0, 0, 0, 0, 0, 0, 0, 0, 0, 0, 0, 0, 0, 0, 0, 0, 0, 0, 0, 0, 0, 0, 0, 0, 0, 0, 0, 0, 0, 0, 0, 0, 0
0, 0, 0, 0, 0, 0, 0, 0, 0, 0, 0, 0, 0, 0, 0, 0, 0, 0, 0, 0, 0, 0, 0, 0, 0, 0, 0, 0, 0, 0, 0, 0, 0, 0, 0, 0, -0.0067375614, -0.0068188235, -0.007100696, -0.007907254, -0.008794829, -0.009227077, -0.010051199, -0.010829821, -0.011574836, -0.011936258, -0.012636541, -0.013305674, -0.013628832, -0.014255958, -0.014865973, -0.01546863, -0.015769245, -0.01637003, -0.016967284, -0.017262282, -0.017839696, -0.018392175, -0.018656913, -0.01916027, -0.019629989, -0.020070884, -0.020282408, -0.020689484, -0.021076286, -0.021261448, -0.021612516, -0.021934155, -0.022222927, -0.022354087, -0.022589462, -0.022789516, -0.022876963, -0.023028424, -0.023149671, -0.023238275, -0.023269452, -0.023303332, -0.023297876, -0.023280298, -0.02321555, -0.023111178, -0.023043647, -0.022877373, -0.022669112, -0.022418281, -0.022276811, -0.021962384, -0.021608144, -0.021417202, -0.021010784, -0.020575227, -0.020112349, -0.019870449, -0.019364573, -0.01882701, -0.018545479, -0.01795498, -0.017326646, -0.016997844, -0.01631135, -0.0155907, -0.014842131, -0.014459535, -0.013680766, -0.012887536, -0.012486712, -0.01167792, -0.0108624445, -0.010046808, -0.009644285, -0.008886289, -0.008332222, -0.008243509, -0.00885173, -0.010807749, 0, 0, 0, 0, 0, 0, 0, 0, 0, 0, 0, 0, 0, 0, 0, 0, 0, 0, 0, 0, 0, 0, 0, 0, 0, 0, 0, 0, 0, 0, 0, 0, 0, 0
0, 0, 0, 0, 0, 0, 0, 0, 0, 0, 0, 0, 0, 0, 0, 0, 0, 0, 0, 0, 0, 0, 0, 0, 0, 0, 0, 0, 0, 0, 0, 0, 0, 0, 0, -0.007843348, -0.00662183, -0.0068598273, -0.007267786, -0.00826655, -0.009278353, -0.009756441, -0.0106500285, -0.01147379, -0.012244208, -0.012612822, -0.013319077, -0.013986173, -0.014305954, -0.014921885, -0.0155140795, -0.016092977, -0.016380187, -0.016952014, -0.01752045, -0.017801844, -0.018354677, -0.018886765, -0.01914246, -0.019629866, -0.020084763, -0.020510312, -0.02071406, -0.021106157, -0.021479404, -0.021658914, -0.022001235, -0.02231836, -0.022605725, -0.02273697, -0.022972241, -0.023169724, -0.023254491, -0.023397049, -0.023505395, -0.02358002, -0.023604611, -0.023627508, -0.023615694, -0.023596786, -0.02353367, -0.023435883, -0.023373509, -0.023220642, -0.023028823, -0.022796389, -0.022664467, -0.022369161, -0.022031602, -0.021847663, -0.021451479, -0.021021223, -0.020561598, -0.020321805, -0.019823115, -0.01929874, -0.019026624, -0.01846076, -0.017862018, -0.01754895, -0.016893804, -0.01620125, -0.015476368, -0.015104459, -0.0143478615, -0.013581386, -0.0131966965, -0.01242574, -0.01164921, -0.010857515, -0.01045237, -0.009629158, -0.008861367, -0.008573286, -0.008529799, -0.009851042, -0.010956798, 0, 0, 0, 0, 0, 0, 0, 0, 0, 0, 0, 0, 0, 0, 0, 0, 0, 0, 0, 0, 0, 0, 0, 0, 0, 0, 0, 0, 0, 0, 0, 0, 0
0, 0, 0, 0, 0, 0, 0, 0, 0, 0, 0, 0, 0, 0, 0, 0, 0, 0, 0, 0, 0, 0, 0, 0, 0, 0, 0, 0, 0, 0, 0, 0, 0, 0, -0.009571414, -0.008582219, -0.007929983, -0.008365905, -0.008767425, -0.009693844, -0.010641594, -0.011099852, -0.011970417, -0.012776857, -0.013523696, -0.013877317, -0.014549895, -0.015182516, -0.015485516, -0.01606822, -0.016624393, -0.01715915, -0.017420016, -0.017930042, -0.018424647, -0.018665714, -0.019133884, -0.019581765, -0.019797556, -0.020212404, -0.020604685, -0.02097626, -0.02115497, -0.021499345, -0.021826506, -0.021982996, -0.02227929, -0.02254956, -0.022789666, -0.022897424, -0.02308703, -0.023241678, -0.023306059, -0.023410626, -0.023484698, -0.023529885, -0.02354198, -0.023544408, -0.0235172, -0.023492474, -0.023420686, -0.023319593, -0.02325811, -0.023113845, -0.022941805, -0.022742208, -0.022631867, -0.022388179, -0.022110704, -0.02195798, -0.021623576, -0.021250766, -0.020842511, -0.020626625, -0.020174371, -0.019697938, -0.019451221, -0.01894009, -0.018402055, -0.01812122, -0.017533008, -0.016907556, -0.016246533, -0.01590457, -0.015201684, -0.014479836, -0.014112283, -0.013360636, -0.012572964, -0.011722432, -0.011263514, -0.010262325, -0.009157988, -0.008594435, -0.007615126, -0.0073455004, -0.0077675343, 0, 0, 0, 0, 0, 0, 0, 0, 0, 0, 0, 0, 0, 0, 0, 0, 0, 0, 0, 0, 0, 0, 0, 0, 0, 0, 0, 0, 0, 0, 0, 0, 0
0, 0, 0, 0, 0, 0, 0, 0, 0, 0, 0, 0, 0, 0, 0, 0, 0, 0, 0, 0, 0, 0, 0, 0, 0, 0, 0, 0, 0, 0, 0, 0, 0, 0, -0.008780383, -0.008419606, -0.008442924, -0.009098932, -0.009523105, -0.0104228705, -0.011316347, -0.011748447, -0.012572983, -0.013339617, -0.014048548, -0.014383399, -0.015020386, -0.015621572, -0.015911257, -0.016472083, -0.01701086, -0.017529378, -0.01778103, -0.018267777, -0.018730111, -0.018951437, -0.019374054, -0.019771423, -0.01996159, -0.020327467, -0.020675812, -0.021008495, -0.021169228, -0.021478947, -0.021770816, -0.021908578, -0.02216444, -0.022390213, -0.022583412, -0.022667993, -0.022814741, -0.022934299, -0.022984888, -0.023070103, -0.023134397, -0.023177218, -0.023189692, -0.0231938, -0.02316698, -0.023140967, -0.023063656, -0.02295367, -0.02288715, -0.022733822, -0.022556327, -0.022358436, -0.022251947, -0.022023112, -0.021769788, -0.02163246, -0.021333095, -0.020999534, -0.020631816, -0.020436147, -0.020023726, -0.019586116, -0.019358566, -0.018885562, -0.018385774, -0.018124444, -0.017575826, -0.016990157, -0.016367756, -0.01604366, -0.015372243, -0.014672767, -0.014312451, -0.013566401, -0.012774347, -0.011915473, -0.011454091, -0.010458757, -0.009383901, -0.00884299, -0.007906836, -0.0076137767, -0.0079621365, -0.0098349005, 0, 0, 0, 0, 0, 0, 0, 0, 0, 0, 0, 0, 0, 0, 0, 0, 0, 0, 0, 0, 0, 0, 0, 0, 0, 0, 0, 0, 0, 0, 0, 0
0, 0, 0, 0, 0, 0, 0, 0, 0, 0, 0, 0, 0, 0, 0, 0, 0, 0, 0, 0, 0, 0, 0, 0, 0, 0, 0, 0, 0, 0, 0, 0, 0, -0.016693106, -0.010235661, -0.009231095, -0.009021136, -0.009692195, -0.010118154, -0.010998042, -0.011856782, -0.012270776, -0.013060993, -0.013795038, -0.014471091, -0.014788838, -0.015390678, -0.015957678, -0.0162314, -0.016764143, -0.0172798, -0.017778138, -0.018019503, -0.018483076, -0.018915445, -0.019118706, -0.019498855, -0.019847598, -0.02001232, -0.02032733, -0.020627974, -0.020917214, -0.021057628, -0.021327777, -0.021579284, -0.021695947, -0.021906346, -0.022082945, -0.022225246, -0.022284972, -0.022385905, -0.022468308, -0.022504823, -0.022570275, -0.022625558, -0.022667024, -0.022680491, -0.02268817, -0.02266366, -0.022637805, -0.022558179, -0.022442969, -0.022373514, -0.02221482, -0.022035029, -0.021838961, -0.02173555, -0.02151745, -0.02128118, -0.021154603, -0.020882104, -0.020580824, -0.020250168, -0.020074267, -0.019703258, -0.019309275, -0.019103937, -0.01867602, -0.018221911, -0.017983295, -0.017480325, -0.01693971, -0.01636031, -0.016056301, -0.015420827, -0.014749909, -0.014400912, -0.013673168, -0.01289834, -0.012064455, -0.011621735, -0.010682241, -0.009686044, -0.009185176, -0.0082768155, -0.0077880286, -0.007888546, -0.009239991, 0, 0, 0, 0, 0, 0, 0, 0, 0, 0, 0, 0, 0, 0, 0, 0, 0, 0, 0, 0, 0, 0, 0, 0, 0, 0, 0, 0, 0, 0, 0, 0
0, 0, 0, 0, 0, 0, 0, 0, 0, 0, 0, 0, 0, 0, 0, 0, 0, 0, 0, 0, 0, 0, 0, 0, 0, 0, 0, 0, 0, 0, 0, 0, 0, -0.011274406, -0.009302705, -0.008995104, -0.009296729, -0.01009883, -0.010544408, -0.011428856, -0.012273442, -0.012678202, -0.013449845, -0.014165361, -0.0148202935, -0.015125829, -0.015698355, -0.016231095, -0.016486643, -0.01698304, -0.017464546, -0.017931469, -0.018158047, -0.018591775, -0.018992456, -0.019178208, -0.019519424, -0.019823972, -0.019965135, -0.02023189, -0.020485118, -0.020729503, -0.020848546, -0.021077363, -0.02128845, -0.02138444, -0.021552797, -0.021685464, -0.02178396, -0.021822577, -0.021884318, -0.021933967, -0.021956718, -0.022000212, -0.022040319, -0.022071958, -0.022082133, -0.022085143, -0.022058154, -0.022031851, -0.021952199, -0.021839801, -0.021773037, -0.021623049, -0.021455703, -0.021274438, -0.021178953, -0.020976832, -0.02075667, -0.020638406, -0.02038386, -0.020103727, -0.019798996, -0.01963825, -0.019301489, -0.01894683, -0.018762575, -0.018379224, -0.017971432, -0.01775647, -0.017300926, -0.016807333, -0.016273519, -0.01599138, -0.015397244, -0.0147641115, -0.014432889, -0.013740784, -0.013005791, -0.012221209, -0.011808445, -0.01093695, -0.010006433, -0.009524017, -0.008563172, -0.0077445023, -0.007484832, -0.0075055296, 0, 0, 0, 0, 0, 0, 0, 0, 0, 0, 0, 0, 0, 0, 0, 0, 0, 0, 0, 0, 0, 0, 0, 0, 0, 0, 0, 0, 0, 0, 0, 0
0, 0, 0, 0, 0, 0, 0, 0, 0, 0, 0, 0, 0, 0, 0, 0, 0, 0, 0, 0, 0, 0, 0, 0, 0, 0, 0, 0, 0, 0, 0, 0, 0, -0.008176227, -0.008202265, -0.008502758, -0.009400088, -0.010392678, -0.0108720735, -0.011776654, -0.012616476, -0.013015951, -0.013776839, -0.014482004, -0.015124433, -0.015421748, -0.015971567, -0.01647252, -0.016709605, -0.017165417, -0.017605223, -0.018032044, -0.018239703, -0.018638238, -0.019005597, -0.0191748, -0.019481676, -0.01974887, -0.019870037, -0.020094596, -0.02030428, -0.020505639, -0.0206038, -0.020792417, -0.020965574, -0.021043345, -0.02117651, -0.021276116, -0.021343853, -0.021367759, -0.021402137, -0.021426432, -0.021437159, -0.021457788, -0.021476189, -0.021487597, -0.02148828, -0.021474779, -0.021436006, -0.021406, -0.021325264, -0.02122104, -0.021161836, -0.021032963, -0.02089256, -0.020740561, -0.020659085, -0.0204822, -0.020282287, -0.02017246, -0.019932372, -0.019666163, -0.019378018, -0.019227196, -0.018914742, -0.018589605, -0.018422153, -0.018075073, -0.017706962, -0.017512804, -0.017099917, -0.016650062, -0.016160946, -0.015901165, -0.015352429, -0.01476589, -0.014458829, -0.013817405, -0.0131381275, -0.012416261, -0.012036637, -0.011233653, -0.010362255, -0.009898978, -0.008929973, -0.007997811, -0.007637349, -0.007554545, -0.009092003, 0, 0, 0, 0, 0, 0, 0, 0, 0, 0, 0, 0, 0, 0, 0, 0, 0, 0, 0, 0, 0, 0, 0, 0, 0, 0, 0, 0, 0, 0, 0
0, 0, 0, 0, 0, 0, 0, 0, 0, 0, 0, 0, 0, 0, 0, 0, 0, 0, 0, 0, 0, 0, 0, 0, 0, 0, 0, 0, 0, 0, 0, 0, -0.011668546, -0.008825951, -0.008486337, -0.008799088, -0.009739212, -0.010737417, -0.0112108365, -0.012096338, -0.012916283, -0.01330702, -0.014052912, -0.014746885, -0.015379495, -0.015670652, -0.016204394, -0.016681753, -0.01690422, -0.017326858, -0.017730119, -0.018120443, -0.018310638, -0.018676646, -0.019015463, -0.019171346, -0.019451968, -0.019691285, -0.01979736, -0.019988557, -0.020161819, -0.020325236, -0.020404458, -0.020556642, -0.02069575, -0.020758092, -0.02086326, -0.02093901, -0.020986442, -0.021001235, -0.021018313, -0.021025375, -0.021026952, -0.021027938, -0.021024624, -0.02101298, -0.021002049, -0.020966617, -0.020910213, -0.020874329, -0.020788971, -0.020690829, -0.020638863, -0.020531498, -0.020419145, -0.020297684, -0.020231316, -0.02008195, -0.019904852, -0.01980459, -0.019580726, -0.019328738, -0.019055162, -0.018912528, -0.018618776, -0.01831543, -0.018160153, -0.017839488, -0.017500862, -0.017322503, -0.016943336, -0.016529968, -0.016080033, -0.01584119, -0.015337263, -0.014799636, -0.014518701, -0.013932852, -0.013312801, -0.012652942, -0.012305309, -0.011566948, -0.010761221, -0.010331334, -0.009430475, -0.008565469, -0.008232886, -0.008160741, -0.009648127, 0, 0, 0, 0, 0, 0, 0, 0, 0, 0, 0, 0, 0, 0, 0, 0, 0, 0, 0, 0, 0, 0, 0, 0, 0, 0, 0, 0, 0, 0, 0
0, 0, 0, 0, 0, 0, 0, 0, 0, 0, 0, 0, 0, 0, 0, 0, 0, 0, 0, 0, 0, 0, 0, 0, 0, 0, 0, 0, 0, 0, 0, -0.024292745, -0.0154882055, -0.010455858, -0.009457272, -0.009583518, -0.01027752, -0.011134102, -0.011561115, -0.012383897, -0.013163913, -0.013539628, -0.014262316, -0.014940402, -0.0155624375, -0.015849529, -0.016374877, -0.016842483, -0.017058836, -0.0174664, -0.017851433, -0.018221771, -0.01840172, -0.018748315, -0.01906951, -0.019217316, -0.019482255, -0.019704808, -0.019801373, -0.019970795, -0.02011828, -0.02025281, -0.02031695, -0.020439265, -0.020550491, -0.020600123, -0.0206829, -0.020740636, -0.020773428, -0.020781899, -0.0207871, -0.02078276, -0.020778475, -0.020767068, -0.020750176, -0.02072371, -0.020705177, -0.020654595, -0.02058472, -0.020543296, -0.020451048, -0.020352382, -0.020302612, -0.020203464, -0.02010403, -0.019998392, -0.019940697, -0.019809708, -0.019651607, -0.019560887, -0.019355735, -0.019122455, -0.018868051, -0.018735062, -0.018460529, -0.018175954, -0.018030081, -0.0177286, -0.01741038, -0.017243013, -0.016887536, -0.016501019, -0.016080873, -0.015858673, -0.015390891, -0.014893766, -0.01463429, -0.014092844, -0.013518191, -0.012904095, -0.012579579, -0.011888746, -0.011135221, -0.010733791, -0.009892838, -0.009064184, -0.008713695, -0.008417002, -0.009323713, -0.011875472, 0, 0, 0, 0, 0, 0, 0, 0, 0, 0, 0, 0, 0, 0, 0, 0, 0, 0, 0, 0, 0, 0, 0, 0, 0, 0, 0, 0, 0, 0
0, 0, 0, 0, 0, 0, 0, 0, 0, 0, 0, 0, 0, 0, 0, 0, 0, 0, 0, 0, 0, 0, 0, 0, 0, 0, 0, 0, 0, 0, 0, -0.014699058, -0.011868616, -0.009977144, -0.0097436905, -0.009952921, -0.01063097, -0.011418537, -0.011815018, -0.01259052, -0.013336644, -0.013698525, -0.014398097, -0.015059168, -0.01567153, -0.015956461, -0.016482785, -0.016955292, -0.017174868, -0.017588383, -0.017976945, -0.018346945, -0.018525489, -0.018867666, -0.019182995, -0.019327702, -0.019586585, -0.019802392, -0.01989502, -0.020054728, -0.02018919, -0.020307787, -0.020362921, -0.020466547, -0.02055931, -0.02060029, -0.020667732, -0.020712648, -0.020734586, -0.020738201, -0.02073478, -0.020722987, -0.020715624, -0.020699361, -0.02067969, -0.020651804, -0.020632809, -0.020581197, -0.020509254, -0.020466184, -0.020369323, -0.02026425, -0.020210672, -0.020103592, -0.019996658, -0.019886222, -0.01982791, -0.01970042, -0.019552758, -0.01946957, -0.019283282, -0.019072004, -0.018840238, -0.018718151, -0.018463599, -0.018196104, -0.018057432, -0.01776892, -0.017463166, -0.01730221, -0.016961005, -0.016590321, -0.016188305, -0.015975729, -0.015528413, -0.015052476, -0.014803516, -0.014281775, -0.01372525, -0.013127756, -0.012811528, -0.012138051, -0.011401946, -0.011007572, -0.010165562, -0.009269612, -0.0088252, -0.008081503, -0.0079083005, -0.008601483, 0, 0, 0, 0, 0, 0, 0, 0, 0, 0, 0, 0, 0, 0, 0, 0, 0, 0, 0, 0, 0, 0, 0, 0, 0, 0, 0, 0, 0, 0
0, 0, 0, 0, 0, 0, 0, 0, 0, 0, 0, 0, 0, 0, 0, 0, 0, 0, 0, 0, 0, 0, 0, 0, 0, 0, 0, 0, 0, 0, 0, -0.0086782975, -0.008319261, -0.008563995, -0.009304304, -0.009744761, -0.010641426, -0.011501657, -0.011912595, -0.0126983235, -0.013441238, -0.01379831, -0.014486216, -0.015136481, -0.01574322, -0.01602864, -0.016562508, -0.017050525, -0.017279388, -0.017712418, -0.018117571, -0.018498978, -0.018681066, -0.019026581, -0.019342333, -0.01948682, -0.01974528, -0.019961288, -0.020054337, -0.020215012, -0.020349791, -0.0204667, -0.020520426, -0.020619944, -0.020708077, -0.02074663, -0.020810014, -0.020851195, -0.020869521, -0.020871304, -0.020864202, -0.020849098, -0.020840732, -0.02082405, -0.020807179, -0.020785786, -0.020771122, -0.020728923, -0.020665677, -0.020625364, -0.020530036, -0.02041955, -0.020360524, -0.020238386, -0.020113189, -0.019985849, -0.019920941, -0.019786568, -0.019641282, -0.019562852, -0.019391367, -0.019199189, -0.018986965, -0.018873703, -0.018633574, -0.018375514, -0.018239852, -0.017955549, -0.017652577, -0.01749329, -0.01715628, -0.01679047, -0.016392667, -0.01618195, -0.01573623, -0.015258505, -0.015006973, -0.0144772325, -0.013909604, -0.013300834, -0.012979396, -0.012297248, -0.011552986, -0.011153267, -0.010289314, -0.00933561, -0.008835565, -0.007885004, -0.0073335515, -0.0076093576, 0, 0, 0, 0, 0, 0, 0, 0, 0, 0, 0, 0, 0, 0, 0, 0, 0, 0, 0, 0, 0, 0, 0, 0, 0, 0, 0, 0, 0, 0
0, 0, 0, 0, 0, 0, 0, 0, 0, 0, 0, 0, 0, 0, 0, 0, 0, 0, 0, 0, 0, 0, 0, 0, 0, 0, 0, 0, 0, 0, -0.008043979, -0.007395428, -0.006990755, -0.0077239485, -0.008850083, -0.0094252955, -0.010505684, -0.011473981, -0.011920594, -0.012752688, -0.013518187, -0.013880562, -0.014570982, -0.015219428, -0.015826615, -0.016114764, -0.016659878, -0.017166313, -0.017406026, -0.017860662, -0.018283827, -0.018676763, -0.018862253, -0.019210897, -0.019526802, -0.019671291, -0.019931225, -0.020152006, -0.02024882, -0.02041947, -0.020565635, -0.020694315, -0.0207535, -0.020863121, -0.020960908, -0.021004356, -0.021077547, -0.021128522, -0.021155614, -0.02116113, -0.02115956, -0.021147564, -0.021139855, -0.021123646, -0.02110757, -0.021089664, -0.021078251, -0.021045664, -0.020993648, -0.020958992, -0.020871604, -0.020763172, -0.020702545, -0.020571977, -0.020433316, -0.020291317, -0.020219993, -0.020076675, -0.01992929, -0.019852413, -0.019688105, -0.019505404, -0.019301333, -0.019190624, -0.018951803, -0.018689781, -0.018550685, -0.01825793, -0.017946474, -0.017783418, -0.017439825, -0.017068049, -0.016663076, -0.016447272, -0.015988002, -0.01549082, -0.015227445, -0.014670907, -0.014074906, -0.013439886, -0.01310718, -0.012407187, -0.011652281, -0.011249978, -0.010389363, -0.009459825, -0.008988936, -0.008186449, -0.008208995, -0.011195742, -0.015182716, 0, 0, 0, 0, 0, 0, 0, 0, 0, 0, 0, 0, 0, 0, 0, 0, 0, 0, 0, 0, 0, 0, 0, 0, 0, 0, 0, 0, 0
0, 0, 0, 0, 0, 0, 0, 0, 0, 0, 0, 0, 0, 0, 0, 0, 0, 0, 0, 0, 0, 0, 0, 0, 0, 0, 0, 0, 0, 0, -0.007973616, -0.0071787895, -0.0068657603, -0.0076260315, -0.008760936, -0.009348272, -0.01046837, -0.011483491, -0.011951933, -0.012819504, -0.013608523, -0.013978521, -0.014678169, -0.0153312795, -0.015943794, -0.016235925, -0.016793279, -0.017316516, -0.017565442, -0.018036945, -0.018472228, -0.018871376, -0.019057915, -0.019406281, -0.019721894, -0.01986718, -0.020131987, -0.020363307, -0.020467466, -0.02065598, -0.020822475, -0.020971341, -0.02104018, -0.021168657, -0.02128525, -0.02133864, -0.021432664, -0.02150554, -0.02155442, -0.021570006, -0.021585898, -0.02158559, -0.021580957, -0.021565802, -0.021545881, -0.021523222, -0.02151051, -0.021478977, -0.021433512, -0.021403695, -0.021327445, -0.021229295, -0.021172551, -0.021046309, -0.020906838, -0.020760162, -0.020685513, -0.020535743, -0.020383483, -0.020304961, -0.020138135, -0.019952146, -0.019741595, -0.01962606, -0.01937389, -0.019094488, -0.018945688, -0.018632667, -0.01830247, -0.018130986, -0.017772228, -0.017386407, -0.016966393, -0.016741907, -0.01626236, -0.015740173, -0.015462946, -0.014876817, -0.014251404, -0.013591306, -0.013248531, -0.01253503, -0.011775956, -0.01137574, -0.010529498, -0.0096294945, -0.009175579, -0.008367394, -0.008074564, -0.0091355825, -0.010278303, 0, 0, 0, 0, 0, 0, 0, 0, 0, 0, 0, 0, 0, 0, 0, 0, 0, 0, 0, 0, 0, 0, 0, 0, 0, 0, 0, 0, 0
0, 0, 0, 0, 0, 0, 0, 0, 0, 0, 0, 0, 0, 0, 0, 0, 0, 0, 0, 0, 0, 0, 0, 0, 0, 0, 0, 0, 0, 0, -0.006851324, -0.0067213182, -0.0070569003, -0.007934173, -0.009009569, -0.009558101, -0.010619721, -0.011606814, -0.012069427, -0.012934241, -0.013725944, -0.014097708, -0.0148008475, -0.015457919, -0.01607629, -0.016372398, -0.016940804, -0.017477365, -0.017732859, -0.018215705, -0.018658416, -0.019061044, -0.019248562, -0.01959888, -0.019919164, -0.020068733, -0.020346541, -0.020597566, -0.02071352, -0.02092789, -0.02112048, -0.021292757, -0.021372147, -0.02151991, -0.021655632, -0.021719253, -0.021836208, -0.021935632, -0.022013692, -0.022043994, -0.022086825, -0.022107087, -0.022109196, -0.022099502, -0.022075888, -0.022044528, -0.022027094, -0.02198884, -0.021942882, -0.02191529, -0.021848138, -0.021762429, -0.02171223, -0.021597318, -0.021464879, -0.021319365, -0.021243444, -0.021087527, -0.020926606, -0.020843023, -0.020664776, -0.020465508, -0.020238599, -0.020113636, -0.019840214, -0.019536907, -0.01937568, -0.019037714, -0.01868375, -0.018501043, -0.01812203, -0.017718215, -0.01728125, -0.017048173, -0.016550394, -0.016008882, -0.015721695, -0.015116142, -0.01447294, -0.013798989, -0.013451031, -0.01273184, -0.011973024, -0.011574939, -0.010732837, -0.009822762, -0.009344183, -0.008372573, -0.007520449, -0.0071203164, -0.007181927, 0, 0, 0, 0, 0, 0, 0, 0, 0, 0, 0, 0, 0, 0, 0, 0, 0, 0, 0, 0, 0, 0, 0, 0, 0, 0, 0, 0, 0
0, 0, 0, 0, 0, 0, 0, 0, 0, 0, 0, 0, 0, 0, 0, 0, 0, 0, 0, 0, 0, 0, 0, 0, 0, 0, 0, 0, 0, -0.0090699615, -0.007344254, -0.0071763457, -0.0076186424, -0.008493994, -0.009474932, -0.009967007, -0.010926646, -0.0118384, -0.012273125, -0.013098562, -0.013865954, -0.014229538, -0.014921818, -0.015573912, -0.016192114, -0.016489906, -0.017064635, -0.017609637, -0.017869668, -0.018360827, -0.018810883, -0.019220632, -0.01941202, -0.019772267, -0.0201069, -0.020265572, -0.020566791, -0.020846657, -0.020978292, -0.02122428, -0.021445422, -0.021640848, -0.02172947, -0.021892091, -0.022040598, -0.022111107, -0.02224475, -0.022366546, -0.022472125, -0.022517512, -0.022590619, -0.022637209, -0.022649791, -0.022653867, -0.022634124, -0.02259919, -0.022578608, -0.022533944, -0.022484431, -0.02245692, -0.022393635, -0.022315733, -0.022270013, -0.022162776, -0.022034246, -0.021886785, -0.02180761, -0.021641396, -0.02146652, -0.021375224, -0.021180678, -0.020964496, -0.020720052, -0.020586329, -0.020294132, -0.019971114, -0.019799203, -0.019439207, -0.019062378, -0.018868476, -0.018468069, -0.018045591, -0.017593151, -0.017353637, -0.01684513, -0.01629567, -0.016005192, -0.015394748, -0.0147485435, -0.014072996, -0.013725196, -0.0130081065, -0.012255112, -0.011860929, -0.011025735, -0.010112677, -0.009622351, -0.00858192, -0.0075559407, -0.0069045997, -0.006959018, -0.008332985, 0, 0, 0, 0, 0, 0, 0, 0, 0, 0, 0, 0, 0, 0, 0, 0, 0, 0, 0, 0, 0, 0, 0, 0, 0, 0, 0, 0
0, 0, 0, 0, 0, 0, 0, 0, 0, 0, 0, 0, 0, 0, 0, 0, 0, 0, 0, 0, 0, 0, 0, 0, 0, 0, 0, 0, 0, -0.009895821, -0.008217013, -0.008039202, -0.008404848, -0.009168333, -0.010025906, -0.01045812, -0.011309808, -0.012134342, -0.01253345, -0.013300983, -0.014026094, -0.014373218, -0.015039414, -0.015673283, -0.016280305, -0.016575085, -0.017147472, -0.017694479, -0.01795675, -0.01845459, -0.018914154, -0.019336235, -0.01953486, -0.019912008, -0.020267218, -0.020437943, -0.020766342, -0.021077111, -0.021225, -0.021502674, -0.021751935, -0.021968976, -0.022065794, -0.022240369, -0.02239678, -0.022470871, -0.022613365, -0.022748616, -0.022873739, -0.022930875, -0.023029894, -0.023102863, -0.023127591, -0.023152357, -0.023147177, -0.023120029, -0.023101239, -0.02305771, -0.023007818, -0.022980202, -0.022917503, -0.022840522, -0.022795053, -0.022686575, -0.022552999, -0.02239543, -0.022309488, -0.022126991, -0.021934064, -0.02183364, -0.021622095, -0.0213911, -0.021134976, -0.02099599, -0.020694505, -0.020361299, -0.020183431, -0.019808546, -0.019413156, -0.019209107, -0.01878871, -0.018349066, -0.017884292, -0.017640864, -0.017128646, -0.016580436, -0.016292246, -0.015688056, -0.015049449, -0.014381395, -0.014037667, -0.013330501, -0.012592627, -0.012208715, -0.011402527, -0.010532684, -0.010071203, -0.009107602, -0.008183009, -0.0076286043, -0.007703388, -0.009121946, 0, 0, 0, 0, 0, 0, 0, 0, 0, 0, 0, 0, 0, 0, 0, 0, 0, 0, 0, 0, 0, 0, 0, 0, 0, 0, 0, 0
0, 0, 0, 0, 0, 0, 0, 0, 0, 0, 0, 0, 0, 0, 0, 0, 0, 0, 0, 0, 0, 0, 0, 0, 0, 0, 0, 0, -0.012441502, -0.009657686, -0.008554831, -0.008527718, -0.008983971, -0.009712424, -0.010501122, -0.010896425, -0.0116766635, -0.012436319, -0.012806201, -0.01352207, -0.014203415, -0.014531301, -0.015163543, -0.01576966, -0.016355425, -0.016641889, -0.01720239, -0.017743798, -0.018005604, -0.01850722, -0.018976128, -0.01941129, -0.019617463, -0.020010654, -0.02038312, -0.02056293, -0.020911543, -0.021244876, -0.021404741, -0.021707078, -0.021980036, -0.022218347, -0.022324424, -0.022513662, -0.02268033, -0.02275809, -0.02290705, -0.023049744, -0.02318562, -0.023249565, -0.023365313, -0.023458164, -0.023493486, -0.02353934, -0.023553763, -0.02354274, -0.023530478, -0.023496257, -0.023451602, -0.023425426, -0.02336316, -0.02328431, -0.0232366, -0.023121247, -0.022976864, -0.02280511, -0.0227107, -0.022510258, -0.02229864, -0.022189496, -0.021962693, -0.021720883, -0.021458361, -0.02131748, -0.02101379, -0.020677442, -0.0204968, -0.02011274, -0.019703275, -0.019490931, -0.019053357, -0.018598903, -0.01812468, -0.017878821, -0.017367162, -0.01682488, -0.016541239, -0.015947847, -0.015320693, -0.0146640465, -0.014326318, -0.013634279, -0.012919162, -0.012551507, -0.011791566, -0.010992032, -0.010576282, -0.00972359, -0.008905284, -0.008335342, -0.008286582, -0.009149974, -0.011629967, 0, 0, 0, 0, 0, 0, 0, 0, 0, 0, 0, 0, 0, 0, 0, 0, 0, 0, 0, 0, 0, 0, 0, 0, 0, 0, 0
0, 0, 0, 0, 0, 0, 0, 0, 0, 0, 0, 0, 0, 0, 0, 0, 0, 0, 0, 0, 0, 0, 0, 0, 0, 0, 0, 0, -0.008684422, -0.007920238, -0.008010807, -0.008305852, -0.009095924, -0.009947159, -0.010772279, -0.011170359, -0.011940068, -0.012677144, -0.013033493, -0.013720538, -0.014372123, -0.014685055, -0.015288287, -0.015867142, -0.016428724, -0.016704848, -0.017248578, -0.017779047, -0.018037958, -0.018538713, -0.019012168, -0.01945519, -0.019665523, -0.020066302, -0.020444812, -0.020627465, -0.020982338, -0.021323891, -0.021489065, -0.021804733, -0.022095114, -0.022354094, -0.02247095, -0.022681242, -0.022865571, -0.02295048, -0.023110224, -0.023260264, -0.023402074, -0.02346916, -0.02359252, -0.023695437, -0.023736998, -0.023797268, -0.023827596, -0.023831971, -0.023826433, -0.023803206, -0.02376574, -0.023741718, -0.02368141, -0.023601219, -0.023551766, -0.023430998, -0.023278646, -0.023096569, -0.022996228, -0.022782335, -0.022556445, -0.022440173, -0.022200635, -0.021949215, -0.021680374, -0.02153748, -0.021230351, -0.020890398, -0.020707117, -0.020315245, -0.01989458, -0.019675657, -0.019224953, -0.01875956, -0.018278874, -0.018031817, -0.017521711, -0.016985307, -0.016705519, -0.016121458, -0.015504309, -0.014858233, -0.014526356, -0.013849042, -0.013156331, -0.012804237, -0.01208528, -0.011339593, -0.010953964, -0.010153596, -0.009329809, -0.008568948, -0.008282021, -0.008150715, -0.008705085, 0, 0, 0, 0, 0, 0, 0, 0, 0, 0, 0, 0, 0, 0, 0, 0, 0, 0, 0, 0, 0, 0, 0, 0, 0, 0, 0
0, 0, 0, 0, 0, 0, 0, 0, 0, 0, 0, 0, 0, 0, 0, 0, 0, 0, 0, 0, 0, 0, 0, 0, 0, 0, 0, 0, -0.006434523, -0.0065462706, -0.0073279664, -0.00784631, -0.008918466, -0.00992162, -0.01083, -0.011253766, -0.012053685, -0.01280174, -0.013158811, -0.013841208, -0.0144828465, -0.014789469, -0.015378245, -0.015941195, -0.016486991, -0.01675539, -0.017285056, -0.017804233, -0.018058795, -0.018554289, -0.019026078, -0.01946921, -0.019679502, -0.020078765, -0.020453678, -0.02063403, -0.02098434, -0.021322975, -0.02148807, -0.02180752, -0.022108348, -0.02238467, -0.022512287, -0.022746054, -0.022952918, -0.023047756, -0.023223443, -0.023383887, -0.023531549, -0.023600396, -0.023725936, -0.023831047, -0.023874255, -0.023939785, -0.023976896, -0.023988497, -0.023986125, -0.023967901, -0.023933334, -0.023910118, -0.023850592, -0.023769975, -0.023720128, -0.02359847, -0.023445241, -0.023261262, -0.023159439, -0.022940308, -0.022706186, -0.02258493, -0.02233428, -0.022071473, -0.021791928, -0.021643795, -0.021326713, -0.020977188, -0.020789249, -0.0203883, -0.019958815, -0.0197357, -0.019277044, -0.018805739, -0.018322082, -0.018074764, -0.017565837, -0.01703244, -0.016754797, -0.016175002, -0.015563016, -0.014922889, -0.014594587, -0.013926577, -0.013247157, -0.012903284, -0.012202634, -0.011473617, -0.011092273, -0.010281078, -0.009393617, -0.008466344, -0.00804024, -0.0075542857, -0.00831574, -0.009315468, 0, 0, 0, 0, 0, 0, 0, 0, 0, 0, 0, 0, 0, 0, 0, 0, 0, 0, 0, 0, 0, 0, 0, 0, 0, 0
0, 0, 0, 0, 0, 0, 0, 0, 0, 0, 0, 0, 0, 0, 0, 0, 0, 0, 0, 0, 0, 0, 0, 0, 0, 0, 0, -0.007998262, -0.0070340107, -0.0064791664, -0.0071647526, -0.007682987, -0.008781717, -0.009824716, -0.010771843, -0.011212275, -0.0120376935, -0.012801971, -0.013164535, -0.01385364, -0.014498987, -0.014806738, -0.015396643, -0.0159592, -0.016502624, -0.016768908, -0.017292501, -0.017804025, -0.01805439, -0.018542318, -0.019007858, -0.019446129, -0.019654276, -0.02004894, -0.020418761, -0.020596402, -0.020941094, -0.021275096, -0.021438543, -0.021757435, -0.022062594, -0.022349315, -0.022484174, -0.022735167, -0.022960128, -0.023063505, -0.023253795, -0.023425112, -0.023579298, -0.023649847, -0.023776688, -0.02388112, -0.023923894, -0.023988778, -0.024025464, -0.024036068, -0.02403267, -0.024011299, -0.023972817, -0.023947693, -0.023884682, -0.023801807, -0.023751548, -0.023630548, -0.023479715, -0.023298845, -0.023197971, -0.022978485, -0.022739634, -0.02261425, -0.022352869, -0.022076596, -0.021781987, -0.021626059, -0.021293834, -0.020931073, -0.020737756, -0.020328945, -0.019894177, -0.019669266, -0.019208219, -0.018735396, -0.01825148, -0.018004257, -0.017495608, -0.016962074, -0.016683998, -0.01610362, -0.01549127, -0.014851988, -0.014524387, -0.013857946, -0.0131793525, -0.0128349895, -0.0121297315, -0.0113872625, -0.010994532, -0.010148361, -0.009205147, -0.008188176, -0.0076914337, -0.006927668, -0.006874922, -0.0071011204, 0, 0, 0, 0, 0, 0, 0, 0, 0, 0, 0, 0, 0, 0, 0, 0, 0, 0, 0, 0, 0, 0, 0, 0, 0, 0
0, 0, 0, 0, 0, 0, 0, 0, 0, 0, 0, 0, 0, 0, 0, 0, 0, 0, 0, 0, 0, 0, 0, 0, 0, 0, 0, -0.008272508, -0.0073475423, -0.0068292106, -0.0073876367, -0.007835018, -0.008822539, -0.009801456, -0.010718995, -0.011152025, -0.011970829, -0.012733564, -0.013096168, -0.013787771, -0.014437793, -0.014748824, -0.015346683, -0.015918009, -0.016468327, -0.016736777, -0.017260892, -0.017767888, -0.018014804, -0.01849411, -0.018951377, -0.019383557, -0.019589745, -0.019982321, -0.02035231, -0.020530606, -0.020876719, -0.021211736, -0.021375205, -0.021693787, -0.021998968, -0.022286968, -0.022423156, -0.02267778, -0.022907706, -0.023013687, -0.02320933, -0.02338592, -0.023544395, -0.023616564, -0.023745136, -0.02385015, -0.023892755, -0.023956819, -0.023991777, -0.02399865, -0.023992676, -0.023964515, -0.023918517, -0.023889558, -0.02381938, -0.023730688, -0.023678167, -0.023554148, -0.02340244, -0.023221336, -0.023120055, -0.022897886, -0.022652749, -0.022522802, -0.022250364, -0.021960776, -0.021651864, -0.021488965, -0.021143867, -0.020771243, -0.02057463, -0.020162214, -0.019727113, -0.019502664, -0.019042794, -0.018570948, -0.018087221, -0.017839735, -0.017329628, -0.016793434, -0.016513716, -0.015929997, -0.0153149925, -0.014673982, -0.014345258, -0.013675423, -0.012989766, -0.012639712, -0.011918531, -0.011154384, -0.01074915, -0.009878307, -0.008916302, -0.007884838, -0.0073749796, -0.0065414207, -0.0064613298, -0.0069855624, 0, 0, 0, 0, 0, 0, 0, 0, 0, 0, 0, 0, 0, 0, 0, 0, 0, 0, 0, 0, 0, 0, 0, 0, 0, 0
0, 0, 0, 0, 0, 0, 0, 0, 0, 0, 0, 0, 0, 0, 0, 0, 0, 0, 0, 0, 0, 0, 0, 0, 0, 0, 0, -0.007031351, -0.0068199225, -0.0069793426, -0.007666587, -0.008095773, -0.009000955, -0.009897998, -0.0107546, -0.011164915, -0.01194971, -0.012689618, -0.013043928, -0.013724195, -0.014369467, -0.01468022, -0.015281193, -0.01585827, -0.016414324, -0.016684635, -0.017209295, -0.017712029, -0.017955137, -0.018424677, -0.018872103, -0.01929724, -0.019501379, -0.019894108, -0.020268759, -0.020450566, -0.020804387, -0.021145869, -0.021311441, -0.021631163, -0.021933252, -0.022214567, -0.022346525, -0.022591788, -0.022812499, -0.022914428, -0.023103872, -0.023276852, -0.02343393, -0.023506023, -0.023635335, -0.023741396, -0.023784565, -0.023849564, -0.023884743, -0.023890207, -0.023882719, -0.023850348, -0.02379848, -0.023766227, -0.023688983, -0.02359245, -0.023535812, -0.023403818, -0.023244008, -0.023055203, -0.022949966, -0.022719018, -0.022464119, -0.02232909, -0.02204657, -0.021747708, -0.021430897, -0.02126473, -0.020914834, -0.020540422, -0.020344106, -0.019933755, -0.019501751, -0.01927867, -0.018820472, -0.018348612, -0.017863411, -0.017614774, -0.01710197, -0.016563088, -0.016282545, -0.015697738, -0.015083448, -0.014443598, -0.014115215, -0.013443633, -0.012752212, -0.01239765, -0.011665383, -0.010890744, -0.010482328, -0.009614299, -0.008672198, -0.0076721827, -0.007172195, -0.006288321, -0.0058691064, -0.005953708, 0, 0, 0, 0, 0, 0, 0, 0, 0, 0, 0, 0, 0, 0, 0, 0, 0, 0, 0, 0, 0, 0, 0, 0, 0, 0
0, 0, 0, 0, 0, 0, 0, 0, 0, 0, 0, 0, 0, 0, 0, 0, 0, 0, 0, 0, 0, 0, 0, 0, 0, 0, -0.008522479, -0.006887476, -0.0067187725, -0.007134834, -0.007945803, -0.008386774, -0.0092630815, -0.0101054255, -0.010907802, -0.011294049, -0.0120375035, -0.01274399, -0.013084487, -0.013741536, -0.014369647, -0.014673978, -0.015265669, -0.015837453, -0.016389836, -0.016658371, -0.017178264, -0.0176735, -0.017911721, -0.018369999, -0.018805595, -0.019220658, -0.019421175, -0.01981056, -0.020187033, -0.020371068, -0.02073098, -0.021077432, -0.021244543, -0.021563921, -0.021860642, -0.022131862, -0.022257252, -0.022487536, -0.022692772, -0.022787394, -0.022964245, -0.02312744, -0.02327768, -0.02334719, -0.023472656, -0.02357622, -0.023618683, -0.023682939, -0.023717893, -0.023723383, -0.02371595, -0.023682944, -0.02362957, -0.023596004, -0.023514908, -0.023412036, -0.02335125, -0.02320932, -0.023038294, -0.022837736, -0.022726674, -0.022484617, -0.022220153, -0.022081148, -0.021792524, -0.021490574, -0.021173535, -0.021008233, -0.02066181, -0.020292465, -0.020098735, -0.01969341, -0.019264989, -0.019042844, -0.018584808, -0.018111072, -0.017623013, -0.017373176, -0.01685888, -0.016321482, -0.016042914, -0.015464994, -0.014860338, -0.014230602, -0.013906954, -0.013242864, -0.012555956, -0.012203148, -0.011475826, -0.010712911, -0.010314788, -0.009479756, -0.008588853, -0.0076494585, -0.007174889, -0.0063007297, -0.005824189, -0.0059487564, -0.0074181897, 0, 0, 0, 0, 0, 0, 0, 0, 0, 0, 0, 0, 0, 0, 0, 0, 0, 0, 0, 0, 0, 0, 0, 0, 0
0, 0, 0, 0, 0, 0, 0, 0, 0, 0, 0, 0, 0, 0, 0, 0, 0, 0, 0, 0, 0, 0, 0, 0, 0, 0, -0.0069754594, -0.006631217, -0.00673824, -0.007394323, -0.008273842, -0.008720584, -0.009581101, -0.010390374, -0.011155527, -0.011523425, -0.0122321965, -0.012907129, -0.013232906, -0.013862635, -0.014466454, -0.014759875, -0.015332164, -0.015887585, -0.016426574, -0.016689388, -0.017198944, -0.017684463, -0.017917478, -0.01836438, -0.01878732, -0.019189576, -0.019384215, -0.019763447, -0.020132435, -0.020313706, -0.020669254, -0.021012085, -0.021177003, -0.021490825, -0.021779947, -0.02204147, -0.022161435, -0.022380672, -0.022574883, -0.02266414, -0.022830674, -0.022983965, -0.02312445, -0.023189113, -0.023304613, -0.023398593, -0.0234365, -0.023492783, -0.023521855, -0.023523867, -0.023515562, -0.0234824, -0.023429768, -0.023396472, -0.023314526, -0.023208952, -0.023146087, -0.022997933, -0.022819337, -0.022610877, -0.022496173, -0.022248078, -0.021979906, -0.021840036, -0.021551434, -0.02125215, -0.020939847, -0.020777585, -0.020438043, -0.020075463, -0.019884832, -0.019484363, -0.019058665, -0.018837117, -0.018379098, -0.017904773, -0.017416632, -0.017167605, -0.0166578, -0.01612972, -0.015857914, -0.015297446, -0.014713461, -0.014105259, -0.013791847, -0.0131468335, -0.012478191, -0.012135224, -0.011431525, -0.0107015055, -0.010324984, -0.009545343, -0.008724624, -0.007861552, -0.0074196034, -0.006565126, -0.005937429, -0.0058305427, -0.006130668, 0, 0, 0, 0, 0, 0, 0, 0, 0, 0, 0, 0, 0, 0, 0, 0, 0, 0, 0, 0, 0, 0, 0, 0, 0
0, 0, 0, 0, 0, 0, 0, 0, 0, 0, 0, 0, 0, 0, 0, 0, 0, 0, 0, 0, 0, 0, 0, 0, 0, 0, -0.008077043, -0.0071058227, -0.007180868, -0.007817501, -0.008665183, -0.009094332, -0.009921687, -0.0107011665, -0.011439184, -0.011794334, -0.012478398, -0.013129668, -0.0134435985, -0.014050029, -0.014631017, -0.014913268, -0.015464168, -0.015999772, -0.01652188, -0.016777545, -0.017275468, -0.017751835, -0.017980918, -0.018419681, -0.018832957, -0.01922352, -0.019411577, -0.019776592, -0.020130059, -0.020303361, -0.020643076, -0.020970747, -0.02112872, -0.021430288, -0.021709148, -0.021963125, -0.022080446, -0.022295969, -0.02248802, -0.022576336, -0.022739723, -0.022887072, -0.02301807, -0.023076665, -0.023177957, -0.023255646, -0.02328506, -0.023325281, -0.023340655, -0.023332858, -0.02332124, -0.023284065, -0.023229837, -0.023196327, -0.023114366, -0.023008797, -0.022945834, -0.022797778, -0.022619793, -0.022412837, -0.022299398, -0.022055132, -0.021792276, -0.021655463, -0.021373166, -0.02108002, -0.020773731, -0.020614516, -0.02028089, -0.019924011, -0.019736076, -0.019340606, -0.018919354, -0.0187002, -0.01824728, -0.01777918, -0.017299332, -0.017055474, -0.016559185, -0.016049674, -0.01578916, -0.015254589, -0.014698935, -0.014119555, -0.013820435, -0.013203122, -0.012562973, -0.012235347, -0.011566379, -0.010879838, -0.010529426, -0.009811272, -0.009064635, -0.008282728, -0.007880621, -0.0070894803, -0.006484984, -0.006397114, -0.0072302325, 0, 0, 0, 0, 0, 0, 0, 0, 0, 0, 0, 0, 0, 0, 0, 0, 0, 0, 0, 0, 0, 0, 0, 0, 0
0, 0, 0, 0, 0, 0, 0, 0, 0, 0, 0, 0, 0, 0, 0, 0, 0, 0, 0, 0, 0, 0, 0, 0, 0, -0.011014892, -0.00837847, -0.007537934, -0.0076231984, -0.008231926, -0.009033094, -0.009440742, -0.010232506, -0.010985377, -0.011702321, -0.012048312, -0.0127161285, -0.013352358, -0.013659029, -0.0142510105, -0.014817193, -0.015091885, -0.015627507, -0.016148007, -0.016656272, -0.016905764, -0.017393857, -0.017863572, -0.018090164, -0.018524893, -0.018933866, -0.019318003, -0.019501703, -0.019854752, -0.020192048, -0.020355914, -0.020674769, -0.020981302, -0.021129353, -0.021413527, -0.021679562, -0.021925926, -0.022041284, -0.022256315, -0.022450466, -0.022539882, -0.022703925, -0.02284808, -0.022971086, -0.02302383, -0.023110481, -0.023171006, -0.02319136, -0.023213444, -0.02321253, -0.02319179, -0.02317494, -0.023129838, -0.02307029, -0.023034709, -0.022950014, -0.022844182, -0.022782212, -0.022638457, -0.022467865, -0.02227123, -0.022163784, -0.021932699, -0.021683209, -0.021552667, -0.021281406, -0.020996593, -0.020696564, -0.020539967, -0.020211663, -0.019861087, -0.01967685, -0.019290192, -0.018880283, -0.01866767, -0.018229831, -0.017778555, -0.017317494, -0.017083567, -0.01660904, -0.016123744, -0.015876397, -0.015369322, -0.0148424925, -0.014292027, -0.014007298, -0.013419678, -0.012810323, -0.012498924, -0.011864915, -0.011218341, -0.010890216, -0.010222306, -0.009532983, -0.008815207, -0.008445911, -0.0077144303, -0.0071344874, -0.0070263105, -0.0076782606, -0.009949361, 0, 0, 0, 0, 0, 0, 0, 0, 0, 0, 0, 0, 0, 0, 0, 0, 0, 0, 0, 0, 0, 0, 0, 0
0, 0, 0, 0, 0, 0, 0, 0, 0, 0, 0, 0, 0, 0, 0, 0, 0, 0, 0, 0, 0, 0, 0, 0, 0, -0.007981111, -0.007247006, -0.0073484736, -0.0076448848, -0.0084337285, -0.009278671, -0.009690139, -0.010477266, -0.01122018, -0.0119267395, -0.012267665, -0.01292687, -0.013556205, -0.013860005, -0.014446797, -0.015008185, -0.015280437, -0.015810087, -0.0163234, -0.01682317, -0.017068177, -0.017547667, -0.018010383, -0.018234303, -0.018665226, -0.019071877, -0.019454055, -0.019636199, -0.019983713, -0.02031114, -0.020468174, -0.020770509, -0.02105824, -0.021196729, -0.021462513, -0.021713227, -0.02194806, -0.022059238, -0.022268502, -0.022459459, -0.022547532, -0.022708263, -0.022846993, -0.0229622, -0.023010239, -0.023086429, -0.023135519, -0.0231502, -0.023161435, -0.02315066, -0.023121418, -0.02310066, -0.023048257, -0.022981714, -0.022942899, -0.022853, -0.022744725, -0.022683222, -0.02254446, -0.022384034, -0.022201637, -0.02210257, -0.021889577, -0.021658134, -0.021535894, -0.021278976, -0.02100498, -0.02071356, -0.020560905, -0.020241171, -0.019901475, -0.019723943, -0.01935371, -0.018964205, -0.018762976, -0.018349694, -0.01792415, -0.017488554, -0.017267225, -0.016816795, -0.016355153, -0.016119383, -0.015635299, -0.0151309725, -0.014603421, -0.014330718, -0.013767673, -0.013184041, -0.012885682, -0.012278135, -0.011657739, -0.011342734, -0.010701125, -0.0100378245, -0.009342494, -0.008980432, -0.008236847, -0.00754037, -0.00727653, -0.007166428, -0.007712195, 0, 0, 0, 0, 0, 0, 0, 0, 0, 0, 0, 0, 0, 0, 0, 0, 0, 0, 0, 0, 0, 0, 0, 0
0, 0, 0, 0, 0, 0, 0, 0, 0, 0, 0, 0, 0, 0, 0, 0, 0, 0, 0, 0, 0, 0, 0, 0, 0, -0.006346437, -0.0063915164, -0.0070697227, -0.007533589, -0.008506043, -0.009429133, -0.009861169, -0.01067159, -0.011424883, -0.012135017, -0.0124765765, -0.013135816, -0.013765318, -0.014069646, -0.014658435, -0.015222919, -0.0154965585, -0.016028, -0.016540075, -0.017034786, -0.01727604, -0.017745625, -0.01819712, -0.018415652, -0.01883714, -0.019237462, -0.01961593, -0.019797092, -0.020142859, -0.020467173, -0.020621637, -0.020916123, -0.02119231, -0.021323794, -0.021574121, -0.02180802, -0.022026004, -0.022129029, -0.0223229, -0.022499718, -0.02258131, -0.022730166, -0.022858202, -0.02296413, -0.023008449, -0.023079213, -0.02312574, -0.023140218, -0.023152113, -0.023142923, -0.023114817, -0.023094263, -0.023040386, -0.022970209, -0.022928959, -0.022834608, -0.022724155, -0.022662956, -0.022528479, -0.022377564, -0.022209309, -0.022118572, -0.021923734, -0.021710796, -0.021597555, -0.021356942, -0.021097485, -0.020819414, -0.020673577, -0.02036877, -0.020046799, -0.019879524, -0.019532552, -0.01916964, -0.01898238, -0.018597506, -0.018199548, -0.017788887, -0.017578863, -0.017149275, -0.016705817, -0.016478272, -0.01600947, -0.0155200325, -0.015007868, -0.014743221, -0.014197198, -0.013630468, -0.013340149, -0.012746467, -0.012136077, -0.011824153, -0.011184606, -0.010515678, -0.009803333, -0.009425942, -0.008625237, -0.007801558, -0.0074303993, -0.007043529, -0.00788413, 0, 0, 0, 0, 0, 0, 0, 0, 0, 0, 0, 0, 0, 0, 0, 0, 0, 0, 0, 0, 0, 0, 0, 0
0, 0, 0, 0, 0, 0, 0, 0, 0, 0, 0, 0, 0, 0, 0, 0, 0, 0, 0, 0, 0, 0, 0, 0, 0, -0.0074993414, -0.006700291, -0.0072241146, -0.0076715243, -0.008644322, -0.009584485, -0.010027462, -0.01086016, -0.011632761, -0.012357369, -0.012704375, -0.013371506, -0.014007, -0.014313981, -0.014908654, -0.01547917, -0.015755787, -0.0162921, -0.016805658, -0.017296955, -0.01753435, -0.01799241, -0.018428631, -0.018638736, -0.019043747, -0.01942991, -0.01979851, -0.019976217, -0.02031808, -0.020640735, -0.020794557, -0.021086456, -0.021357102, -0.02148442, -0.021723196, -0.021941261, -0.022139989, -0.02223261, -0.022404963, -0.022560682, -0.02263241, -0.022763051, -0.022876257, -0.022971505, -0.023012348, -0.02308019, -0.023129167, -0.023146423, -0.023166154, -0.023166394, -0.023147032, -0.023130037, -0.023081722, -0.02301445, -0.022974012, -0.02288078, -0.022772392, -0.022713104, -0.022584777, -0.02244306, -0.022286957, -0.0222033, -0.022023816, -0.021827374, -0.02172238, -0.021498553, -0.021256328, -0.020996341, -0.020860156, -0.02057587, -0.02027644, -0.02012118, -0.019799275, -0.019462131, -0.01928774, -0.018927297, -0.01855117, -0.018159477, -0.017957816, -0.017542772, -0.017111767, -0.016889777, -0.016431635, -0.01595247, -0.015450745, -0.015191183, -0.014655265, -0.014097167, -0.013809817, -0.013218883, -0.012605338, -0.012289493, -0.011635232, -0.010942267, -0.010194654, -0.009794691, -0.008935234, -0.008019091, -0.007575081, -0.006908359, -0.006936579, 0, 0, 0, 0, 0, 0, 0, 0, 0, 0, 0, 0, 0, 0, 0, 0, 0, 0, 0, 0, 0, 0, 0, 0
0, 0, 0, 0, 0, 0, 0, 0, 0, 0, 0, 0, 0, 0, 0, 0, 0, 0, 0, 0, 0, 0, 0, 0, -0.010506541, -0.007926031, -0.007147081, -0.007568429, -0.007965789, -0.0088698175, -0.009783089, -0.01022404, -0.011066242, -0.011856385, -0.012598305, -0.012952727, -0.013631509, -0.014274737, -0.014584705, -0.015184299, -0.01575953, -0.016038453, -0.016578585, -0.017093915, -0.017582975, -0.017817374, -0.018265579, -0.018687224, -0.018888863, -0.019275796, -0.019644372, -0.01999781, -0.02016932, -0.020501805, -0.020818453, -0.020970067, -0.021258062, -0.021523962, -0.021648105, -0.02187804, -0.022083683, -0.022266764, -0.02235065, -0.022504281, -0.022641072, -0.02270366, -0.022817453, -0.022916587, -0.023001352, -0.023038523, -0.023102019, -0.02315088, -0.023169495, -0.023194516, -0.023201972, -0.02319094, -0.023178102, -0.02313798, -0.023078814, -0.023042459, -0.022957671, -0.022858337, -0.022803925, -0.022685861, -0.02255519, -0.022410795, -0.02233309, -0.02216606, -0.021982731, -0.021884795, -0.021676427, -0.021451727, -0.02121137, -0.02108564, -0.020823302, -0.020546177, -0.020401813, -0.02010078, -0.019782731, -0.019617075, -0.019272443, -0.018910121, -0.018530486, -0.018334517, -0.017930266, -0.017509855, -0.017293187, -0.016845388, -0.01637611, -0.015883459, -0.015627706, -0.015097637, -0.014541951, -0.014254505, -0.013659528, -0.013036154, -0.012712699, -0.0120382365, -0.011317795, -0.010536525, -0.010117941, -0.009219218, -0.008255032, -0.0077769603, -0.0070038997, -0.0070253857, -0.00878046, 0, 0, 0, 0, 0, 0, 0, 0, 0, 0, 0, 0, 0, 0, 0, 0, 0, 0, 0, 0, 0, 0, 0
0, 0, 0, 0, 0, 0, 0, 0, 0, 0, 0, 0, 0, 0, 0, 0, 0, 0, 0, 0, 0, 0, 0, 0, -0.0076607303, -0.006941546, -0.0070492895, -0.007743419, -0.008179439, -0.0090955505, -0.010001315, -0.010440726, -0.011286567, -0.012086734, -0.012840233, -0.013199734, -0.013886507, -0.014533913, -0.0148448525, -0.015444906, -0.016019762, -0.016298555, -0.01683862, -0.017353876, -0.0178419, -0.01807504, -0.018518616, -0.018932583, -0.019129291, -0.01950444, -0.019859754, -0.020199148, -0.020363824, -0.02068348, -0.020988787, -0.021135353, -0.021414448, -0.021672152, -0.021792248, -0.022014057, -0.022211596, -0.02238596, -0.022465238, -0.02260949, -0.02273658, -0.022794211, -0.022898369, -0.022988563, -0.023064852, -0.023097891, -0.023153827, -0.023196295, -0.02321223, -0.023233334, -0.023239179, -0.02322896, -0.023217654, -0.02318281, -0.023132198, -0.023101315, -0.023029035, -0.022943655, -0.022896333, -0.022792239, -0.022674598, -0.022542214, -0.022470186, -0.022313617, -0.022141136, -0.022049043, -0.021853553, -0.021644097, -0.02142106, -0.021304552, -0.021060538, -0.020800736, -0.020664223, -0.02037698, -0.020070078, -0.019909266, -0.0195733, -0.01921933, -0.018848782, -0.018657863, -0.01826474, -0.017856505, -0.01764613, -0.017210761, -0.01675286, -0.016269071, -0.016016904, -0.015490967, -0.014935777, -0.014647034, -0.01404642, -0.013413418, -0.013083299, -0.012392625, -0.011652855, -0.010851313, -0.010423235, -0.00950649, -0.008518882, -0.008017528, -0.0071189613, -0.0067029046, -0.0070756194, 0, 0, 0, 0, 0, 0, 0, 0, 0, 0, 0, 0, 0, 0, 0, 0, 0, 0, 0, 0, 0, 0, 0
0, 0, 0, 0, 0, 0, 0, 0, 0, 0, 0, 0, 0, 0, 0, 0, 0, 0, 0, 0, 0, 0, 0, 0, -0.0061556133, -0.0062124743, -0.006897529, -0.007860175, -0.008358818, -0.009327951, -0.010244065, -0.010682916, -0.011525148, -0.012322059, -0.013073383, -0.013431886, -0.014116091, -0.014759719, -0.0150681995, -0.015662147, -0.016230084, -0.016505405, -0.017039627, -0.017550739, -0.01803647, -0.018268928, -0.018711707, -0.01912479, -0.01932064, -0.01969327, -0.020043831, -0.02037587, -0.020535737, -0.020843927, -0.021136485, -0.021276312, -0.02154235, -0.021788104, -0.021902928, -0.022116216, -0.022307726, -0.022478824, -0.022557091, -0.022700021, -0.022826063, -0.02288294, -0.022985049, -0.023071613, -0.023142427, -0.023171872, -0.023218995, -0.023251025, -0.023261534, -0.023271991, -0.023268932, -0.023252703, -0.023239855, -0.023205513, -0.023160085, -0.02313343, -0.023072265, -0.023000106, -0.022959616, -0.022868956, -0.022763776, -0.022642547, -0.022575501, -0.0224285, -0.022265062, -0.022177553, -0.021992063, -0.021794122, -0.02158357, -0.021473367, -0.021241888, -0.020993326, -0.020861864, -0.02058325, -0.020283427, -0.020125838, -0.01979655, -0.019450529, -0.019090028, -0.01890474, -0.018524395, -0.018129548, -0.0179258, -0.01750299, -0.017056074, -0.016580716, -0.016331831, -0.015810184, -0.015257049, -0.014968369, -0.01436664, -0.013730749, -0.013399171, -0.012704593, -0.0119620925, -0.011161079, -0.010735091, -0.00982556, -0.008841884, -0.008334206, -0.0073786005, -0.006845335, -0.007609849, -0.008714384, 0, 0, 0, 0, 0, 0, 0, 0, 0, 0, 0, 0, 0, 0, 0, 0, 0, 0, 0, 0, 0, 0
0, 0, 0, 0, 0, 0, 0, 0, 0, 0, 0, 0, 0, 0, 0, 0, 0, 0, 0, 0, 0, 0, 0, -0.008553948, -0.007402094, -0.0066699665, -0.0072399806, -0.008195918, -0.008694391, -0.009656807, -0.010556845, -0.01098538, -0.011805198, -0.012579769, -0.013311156, -0.013660809, -0.014329618, -0.014960061, -0.015262182, -0.015843837, -0.016399175, -0.016668042, -0.017190052, -0.01769064, -0.018168282, -0.018397896, -0.01883707, -0.019249119, -0.019445306, -0.0198188, -0.020169603, -0.020499744, -0.020657333, -0.02095832, -0.021240365, -0.021374194, -0.021627236, -0.021860348, -0.021969408, -0.02217304, -0.022358293, -0.022526404, -0.022604253, -0.022747716, -0.022875166, -0.022932727, -0.023035463, -0.02312115, -0.023189003, -0.023216069, -0.023256738, -0.023280608, -0.023286736, -0.02328845, -0.023277715, -0.02325592, -0.023241324, -0.023205653, -0.023162186, -0.023137512, -0.023081936, -0.023016948, -0.022980204, -0.022897538, -0.022800414, -0.022687167, -0.022623962, -0.02248443, -0.022328349, -0.022244547, -0.022066643, -0.021876022, -0.02167285, -0.021566235, -0.021342052, -0.021100704, -0.020972868, -0.020701699, -0.020409634, -0.020256212, -0.019935718, -0.019599874, -0.019250514, -0.019070875, -0.018701922, -0.018317867, -0.018119046, -0.017705496, -0.017266538, -0.016798643, -0.016553046, -0.01603821, -0.015491773, -0.015206613, -0.014612484, -0.013985495, -0.013658933, -0.01297722, -0.012252472, -0.011476163, -0.011065496, -0.010193012, -0.009249531, -0.008757385, -0.0077912025, -0.007073938, -0.0070642787, -0.007320758, 0, 0, 0, 0, 0, 0, 0, 0, 0, 0, 0, 0, 0, 0, 0, 0, 0, 0, 0, 0, 0, 0
0, 0, 0, 0, 0, 0, 0, 0, 0, 0, 0, 0, 0, 0, 0, 0, 0, 0, 0, 0, 0, 0, 0, -0.00913784, -0.008074811, -0.007415536, -0.007895532, -0.008751341, -0.009209028, -0.010107045, -0.010956571, -0.01136238, -0.012139468, -0.012874728, -0.013571141, -0.013905636, -0.014547921, -0.015157302, -0.015450368, -0.016015278, -0.016554482, -0.01681521, -0.017320348, -0.017803919, -0.018265232, -0.018487468, -0.018913945, -0.019316567, -0.019509166, -0.019878007, -0.020225842, -0.020553183, -0.020709097, -0.021005103, -0.021279965, -0.021409532, -0.021652784, -0.021875583, -0.021979555, -0.022173775, -0.022351414, -0.022513948, -0.022589864, -0.02273068, -0.022856317, -0.022913227, -0.02301463, -0.023098696, -0.02316457, -0.023190672, -0.023229495, -0.023252258, -0.02325816, -0.023260195, -0.02325065, -0.023230283, -0.023216562, -0.02318232, -0.023139682, -0.02311524, -0.02305953, -0.022994101, -0.022957422, -0.022875238, -0.022780187, -0.02267029, -0.022609394, -0.022475176, -0.022324827, -0.022243943, -0.022071445, -0.021885246, -0.021685788, -0.021580944, -0.021360744, -0.021124795, -0.021000296, -0.020737223, -0.020454997, -0.020306755, -0.019997114, -0.019671489, -0.019331157, -0.019155508, -0.018792858, -0.018413473, -0.018216755, -0.017807217, -0.017373476, -0.016912557, -0.016671522, -0.016167026, -0.015633317, -0.015355565, -0.014777485, -0.014169444, -0.013853817, -0.013198246, -0.01250656, -0.011772473, -0.011387216, -0.010575013, -0.00970481, -0.009252612, -0.008362703, -0.007703225, -0.007913242, -0.008709963, 0, 0, 0, 0, 0, 0, 0, 0, 0, 0, 0, 0, 0, 0, 0, 0, 0, 0, 0, 0, 0, 0
0, 0, 0, 0, 0, 0, 0, 0, 0, 0, 0, 0, 0, 0, 0, 0, 0, 0, 0, 0, 0, 0, 0, -0.007949021, -0.0076928246, -0.0078087626, -0.008475942, -0.009322561, -0.0097545795, -0.010594551, -0.011388964, -0.011769024, -0.012497265, -0.013187191, -0.013842781, -0.014158747, -0.014768725, -0.015351762, -0.015633842, -0.016179519, -0.016701235, -0.016953245, -0.017439868, -0.017903129, -0.018342951, -0.018554058, -0.018958878, -0.019341834, -0.019525645, -0.019879352, -0.02021538, -0.020533754, -0.020685917, -0.02097537, -0.021244224, -0.02137073, -0.021607792, -0.021823788, -0.021924177, -0.02211107, -0.022281526, -0.022437494, -0.022510288, -0.02264556, -0.022766085, -0.022820584, -0.022917906, -0.022998821, -0.023063067, -0.023089135, -0.02313015, -0.023158113, -0.023167657, -0.02317864, -0.023178788, -0.023167703, -0.023157738, -0.02312881, -0.02308785, -0.02306295, -0.023004042, -0.022933574, -0.022894247, -0.022807844, -0.022710683, -0.02260148, -0.022541983, -0.022411704, -0.022266325, -0.022187851, -0.02201912, -0.021835405, -0.021637106, -0.021532834, -0.021314258, -0.021082062, -0.020960364, -0.020704761, -0.020431532, -0.020288054, -0.019987289, -0.019668559, -0.019332144, -0.019157436, -0.018794678, -0.018414423, -0.018217482, -0.017809156, -0.01737983, -0.016927266, -0.016691621, -0.016200826, -0.015683193, -0.015414047, -0.014855033, -0.01426832, -0.013964775, -0.013336661, -0.012679351, -0.011987849, -0.011627266, -0.01087241, -0.010070299, -0.009655459, -0.008839515, -0.008226503, -0.008387392, -0.0090819495, -0.011915612, 0, 0, 0, 0, 0, 0, 0, 0, 0, 0, 0, 0, 0, 0, 0, 0, 0, 0, 0, 0, 0
0, 0, 0, 0, 0, 0, 0, 0, 0, 0, 0, 0, 0, 0, 0, 0, 0, 0, 0, 0, 0, 0, -0.009743779, -0.007857866, -0.0076395995, -0.008040525, -0.0088691125, -0.0097569395, -0.010186345, -0.011000667, -0.011758997, -0.0121196825, -0.012808669, -0.013459822, -0.014078003, -0.014376188, -0.0149534745, -0.015508053, -0.015777545, -0.016301645, -0.01680494, -0.017048325, -0.017517678, -0.01796238, -0.01838166, -0.018581737, -0.018963724, -0.019323764, -0.019496469, -0.01982951, -0.02014754, -0.020451114, -0.020597247, -0.020877043, -0.02113885, -0.021262664, -0.021495214, -0.021707429, -0.021806, -0.021989055, -0.022155415, -0.022307126, -0.022377737, -0.022508569, -0.02262507, -0.022677654, -0.022771465, -0.022850012, -0.02291353, -0.022940189, -0.022984672, -0.023019195, -0.023033151, -0.02305481, -0.023066478, -0.023066282, -0.023060944, -0.023038784, -0.023000741, -0.022975761, -0.022914214, -0.022839198, -0.022797512, -0.022706809, -0.022607796, -0.022499636, -0.022441518, -0.022315312, -0.02217408, -0.02209727, -0.021930821, -0.021747429, -0.021548277, -0.021443466, -0.02122414, -0.020992754, -0.02087238, -0.020620797, -0.020352615, -0.020211633, -0.019914981, -0.019597959, -0.019260524, -0.019084271, -0.018717894, -0.0183346, -0.018137055, -0.01773023, -0.01730645, -0.016863016, -0.016632851, -0.016154148, -0.015648946, -0.015385916, -0.014839326, -0.014265489, -0.013968966, -0.013357504, -0.012720544, -0.01205355, -0.011706471, -0.010978677, -0.010197753, -0.009786105, -0.008935913, -0.008143408, -0.007709877, -0.007790571, -0.008599603, 0, 0, 0, 0, 0, 0, 0, 0, 0, 0, 0, 0, 0, 0, 0, 0, 0, 0, 0, 0, 0
0, 0, 0, 0, 0, 0, 0, 0, 0, 0, 0, 0, 0, 0, 0, 0, 0, 0, 0, 0, 0, 0, -0.007844169, -0.0074060676, -0.007493767, -0.008169847, -0.009095263, -0.010012111, -0.010443466, -0.011248991, -0.011989, -0.012338703, -0.013003587, -0.013628701, -0.014219503, -0.014503549, -0.015052401, -0.015579467, -0.015836107, -0.016336657, -0.01682003, -0.017054657, -0.017508252, -0.017938796, -0.018344235, -0.018537294, -0.018904554, -0.0192488, -0.019413438, -0.019729983, -0.020032367, -0.020321898, -0.020461902, -0.020731457, -0.02098589, -0.02110684, -0.021335399, -0.021545084, -0.021642918, -0.021825153, -0.02199112, -0.022142656, -0.022213465, -0.022344796, -0.02246216, -0.022515403, -0.022610465, -0.02269026, -0.02275553, -0.022783225, -0.022830201, -0.022868188, -0.0228843, -0.022911046, -0.02292883, -0.022935078, -0.022932902, -0.022916395, -0.022882296, -0.022858469, -0.02279821, -0.02272333, -0.02268147, -0.022591127, -0.022493355, -0.022387741, -0.022331083, -0.022208342, -0.022069743, -0.021993767, -0.021827485, -0.021642156, -0.021439906, -0.02133333, -0.021110883, -0.020877415, -0.020756377, -0.020504463, -0.020236734, -0.020095887, -0.019798739, -0.019479675, -0.019138714, -0.018960562, -0.018590469, -0.018205367, -0.01800799, -0.017603807, -0.017185321, -0.016748035, -0.016520783, -0.016046658, -0.015543526, -0.015280739, -0.014732888, -0.014157149, -0.013859877, -0.013247865, -0.012611794, -0.011946638, -0.011599836, -0.010868089, -0.010069408, -0.00963871, -0.008709822, -0.0077269226, -0.0068654646, -0.0065982617, -0.0065860907, 0, 0, 0, 0, 0, 0, 0, 0, 0, 0, 0, 0, 0, 0, 0, 0, 0, 0, 0, 0, 0
0, 0, 0, 0, 0, 0, 0, 0, 0, 0, 0, 0, 0, 0, 0, 0, 0, 0, 0, 0, 0, 0, -0.008342607, -0.0074130045, -0.0075308396, -0.008264581, -0.009197489, -0.010104313, -0.010529542, -0.011323172, -0.012051896, -0.012395832, -0.0130489385, -0.013660985, -0.01423648, -0.01451191, -0.015041083, -0.015546444, -0.015791735, -0.016269954, -0.016733186, -0.01695893, -0.017397994, -0.017818209, -0.018217022, -0.018407837, -0.018771568, -0.019112445, -0.01927507, -0.019586755, -0.019882927, -0.02016574, -0.020302255, -0.020565469, -0.020814585, -0.020933297, -0.021158597, -0.021366574, -0.021464106, -0.021646658, -0.02181421, -0.021968458, -0.022040974, -0.022176892, -0.02230001, -0.022356272, -0.022457795, -0.022543492, -0.02261329, -0.02264255, -0.02269119, -0.022729179, -0.022744814, -0.022770457, -0.022787867, -0.02279523, -0.022794303, -0.022781612, -0.022752762, -0.022731856, -0.02267773, -0.02260849, -0.022569405, -0.022483988, -0.022390276, -0.022287574, -0.022232046, -0.022110445, -0.021971684, -0.021895114, -0.02172655, -0.021537822, -0.021331456, -0.021222701, -0.020996286, -0.020758944, -0.020636283, -0.020381326, -0.020110743, -0.019968577, -0.019668221, -0.019345742, -0.019001236, -0.018821348, -0.018449044, -0.018062942, -0.017865712, -0.017462328, -0.017044442, -0.016605908, -0.016377054, -0.015896816, -0.015384154, -0.015115555, -0.014554848, -0.013965789, -0.013662041, -0.013037461, -0.012389802, -0.011713275, -0.011360164, -0.010614718, -0.009798876, -0.009358385, -0.008407765, -0.007401493, -0.0065372777, -0.006319383, -0.006941038, 0, 0, 0, 0, 0, 0, 0, 0, 0, 0, 0, 0, 0, 0, 0, 0, 0, 0, 0, 0, 0
0, 0, 0, 0, 0, 0, 0, 0, 0, 0, 0, 0, 0, 0, 0, 0, 0, 0, 0, 0, 0, 0, -0.007396164, -0.0072470666, -0.007482138, -0.008269439, -0.009178564, -0.01005528, -0.0104689235, -0.01124651, -0.011966078, -0.012307296, -0.012956691, -0.013565895, -0.014138048, -0.014410983, -0.0149332, -0.0154279675, -0.015666714, -0.016130148, -0.016577745, -0.016796228, -0.017222965, -0.0176354, -0.01803154, -0.01822258, -0.018589612, -0.01893593, -0.019101474, -0.019418586, -0.019718815, -0.020003676, -0.020140724, -0.020403877, -0.020652037, -0.020770406, -0.020995004, -0.021202916, -0.021300582, -0.02148409, -0.021653526, -0.021810617, -0.021884961, -0.022025527, -0.022154618, -0.022214452, -0.022323342, -0.02241641, -0.022492403, -0.022524143, -0.022575723, -0.022614092, -0.022629304, -0.022653025, -0.022668744, -0.022676043, -0.02267592, -0.022666913, -0.022644307, -0.02262744, -0.022582106, -0.02252184, -0.022486804, -0.022407867, -0.022318091, -0.022216436, -0.022160629, -0.022037007, -0.02189515, -0.021816822, -0.021644851, -0.021453166, -0.021243904, -0.02113366, -0.020903993, -0.02066332, -0.020538628, -0.02027948, -0.020004319, -0.01985963, -0.019554637, -0.019227717, -0.01887935, -0.018697927, -0.018322658, -0.017933441, -0.017734151, -0.017325597, -0.01690002, -0.016451418, -0.016216408, -0.015722496, -0.015194885, -0.014918563, -0.014342877, -0.013739874, -0.013429462, -0.012792239, -0.012132637, -0.011444657, -0.011086749, -0.010334366, -0.009521491, -0.009088888, -0.008172919, -0.0072270106, -0.006404355, -0.0061456333, -0.0062105805, 0, 0, 0, 0, 0, 0, 0, 0, 0, 0, 0, 0, 0, 0, 0, 0, 0, 0, 0, 0, 0
0, 0, 0, 0, 0, 0, 0, 0, 0, 0, 0, 0, 0, 0, 0, 0, 0, 0, 0, 0, 0, -0.009229758, -0.0072788936, -0.007064633, -0.0073287482, -0.008133224, -0.009025641, -0.009882105, -0.010288067, -0.011056019, -0.0117719695, -0.012112852, -0.012764029, -0.013377556, -0.013955776, -0.014232139, -0.014760472, -0.015259327, -0.015498919, -0.015961511, -0.016404986, -0.016620547, -0.017041145, -0.017448768, -0.01784273, -0.01803412, -0.01840473, -0.0187578, -0.018927593, -0.019253854, -0.019563193, -0.019855956, -0.019996364, -0.020265128, -0.020518025, -0.02063841, -0.02086666, -0.02107819, -0.021177629, -0.021364493, -0.02153658, -0.021695985, -0.021771336, -0.021913983, -0.022045482, -0.022106824, -0.022219514, -0.02231748, -0.02239951, -0.022434257, -0.022491796, -0.022535166, -0.022552364, -0.02257932, -0.022597637, -0.022607716, -0.02260944, -0.022605037, -0.022588462, -0.02257513, -0.022537379, -0.022484543, -0.022452524, -0.022377837, -0.022288982, -0.022185255, -0.02212754, -0.02199942, -0.021853207, -0.0217731, -0.02159862, -0.021405889, -0.021196222, -0.02108578, -0.020854753, -0.020611212, -0.020484468, -0.02022, -0.019938435, -0.019790467, -0.019478738, -0.019145684, -0.018791923, -0.01860783, -0.018226653, -0.017829673, -0.01762546, -0.017204326, -0.016763825, -0.016299242, -0.0160565, -0.01554829, -0.015009352, -0.014728588, -0.014146645, -0.013539625, -0.013227604, -0.012587074, -0.011923271, -0.011231486, -0.010872622, -0.010123522, -0.009325946, -0.008907515, -0.008035046, -0.0071448786, -0.006358202, -0.006099404, -0.0062684794, -0.008034836, 0, 0, 0, 0, 0, 0, 0, 0, 0, 0, 0, 0, 0, 0, 0, 0, 0, 0, 0, 0
0, 0, 0, 0, 0, 0, 0, 0, 0, 0, 0, 0, 0, 0, 0, 0, 0, 0, 0, 0, 0, -0.006858472, -0.0063072382, -0.0065952386, -0.0069600153, -0.007846461, -0.008758516, -0.009619041, -0.0100257965, -0.010795546, -0.011513939, -0.011856504, -0.012512417, -0.013133162, -0.013721827, -0.014004865, -0.014548695, -0.015064383, -0.015312169, -0.015789019, -0.016243037, -0.016462201, -0.016886676, -0.017294917, -0.017688328, -0.017879726, -0.018251777, -0.018608972, -0.018781861, -0.01911609, -0.019434687, -0.01973723, -0.019882372, -0.020160507, -0.020422334, -0.020547062, -0.020784238, -0.021004492, -0.021108286, -0.021303188, -0.021481821, -0.021645501, -0.021722224, -0.021865826, -0.02199687, -0.022057736, -0.022170033, -0.022269623, -0.022355897, -0.02239389, -0.022459514, -0.022512326, -0.022534164, -0.022569701, -0.02259529, -0.022610797, -0.022614717, -0.022614034, -0.022600908, -0.02258926, -0.022554597, -0.022504091, -0.02247271, -0.022397831, -0.022306379, -0.022198295, -0.022138044, -0.02200479, -0.021854771, -0.021773422, -0.021598162, -0.021406453, -0.021198452, -0.021088522, -0.020857146, -0.020610362, -0.020481078, -0.02020963, -0.019919693, -0.01976739, -0.019447181, -0.019106418, -0.018745776, -0.018558046, -0.018168664, -0.017760785, -0.017549898, -0.017113375, -0.01665624, -0.01617652, -0.015927622, -0.015411497, -0.014870783, -0.014591515, -0.014015992, -0.013418028, -0.0131106805, -0.012478416, -0.011820626, -0.011133849, -0.010778142, -0.010039107, -0.009258913, -0.008852078, -0.008003992, -0.007121193, -0.006270303, -0.0059170527, -0.00561087, -0.006083162, 0, 0, 0, 0, 0, 0, 0, 0, 0, 0, 0, 0, 0, 0, 0, 0, 0, 0, 0, 0
0, 0, 0, 0, 0, 0, 0, 0, 0, 0, 0, 0, 0, 0, 0, 0, 0, 0, 0, 0, 0, -0.0054848543, -0.00550802, -0.006136937, -0.0065815197, -0.0075380444, -0.0084708985, -0.00933873, -0.009747854, -0.010521111, -0.011242099, -0.011585785, -0.012244197, -0.012869611, -0.013467007, -0.013756258, -0.0143168485, -0.01485375, -0.015113169, -0.015613362, -0.016088346, -0.016316403, -0.016754456, -0.017170986, -0.017568804, -0.017761558, -0.018136203, -0.01849735, -0.018673012, -0.019014532, -0.01934218, -0.01965481, -0.019805292, -0.02009411, -0.020366985, -0.0204975, -0.020746727, -0.020979887, -0.021090358, -0.021298448, -0.021489175, -0.021662574, -0.021743005, -0.021891266, -0.022023952, -0.022084828, -0.022196647, -0.022296838, -0.022386182, -0.022426955, -0.022500452, -0.022562703, -0.02258946, -0.022634204, -0.02266648, -0.022685798, -0.022690585, -0.022689857, -0.022675319, -0.022662591, -0.022625607, -0.02257241, -0.022539593, -0.022461152, -0.022365524, -0.022253025, -0.022190465, -0.022053448, -0.021900972, -0.021819057, -0.021644114, -0.021454109, -0.021247847, -0.02113845, -0.02090591, -0.020655077, -0.020522555, -0.020242961, -0.019944055, -0.019787023, -0.01945848, -0.019110695, -0.018743755, -0.018553192, -0.018157212, -0.01774081, -0.017524742, -0.017077161, -0.016609117, -0.016121555, -0.015870687, -0.015355335, -0.014822414, -0.01454937, -0.0139893815, -0.013409108, -0.013110531, -0.012494533, -0.011851039, -0.0111779515, -0.010829816, -0.010109105, -0.009352412, -0.008958433, -0.008133098, -0.0072526247, -0.0063425303, -0.00591138, -0.0052751345, -0.005215114, 0, 0, 0, 0, 0, 0, 0, 0, 0, 0, 0, 0, 0, 0, 0, 0, 0, 0, 0, 0
0, 0, 0, 0, 0, 0, 0, 0, 0, 0, 0, 0, 0, 0, 0, 0, 0, 0, 0, 0, -0.007096014, -0.006134288, -0.0055182264, -0.0060400353, -0.0064620203, -0.0073820134, -0.008286264, -0.009134859, -0.009537211, -0.0103012705, -0.011016212, -0.011357355, -0.012011935, -0.012635432, -0.013234547, -0.013526454, -0.014096524, -0.014648815, -0.014917633, -0.015438914, -0.015935428, -0.016173512, -0.016629506, -0.017059999, -0.017468432, -0.01766564, -0.018048532, -0.018418068, -0.018598333, -0.018949874, -0.019288195, -0.01961175, -0.019767655, -0.020067014, -0.020350043, -0.020485854, -0.020746449, -0.020992266, -0.021109708, -0.021332867, -0.021539342, -0.021727806, -0.021814873, -0.021974416, -0.022114879, -0.022178583, -0.02229445, -0.022397608, -0.022490414, -0.02253335, -0.022612033, -0.02268007, -0.022709567, -0.022758383, -0.02279229, -0.022810392, -0.022813518, -0.02280799, -0.022787396, -0.0227715, -0.022728818, -0.022670815, -0.02263585, -0.022553638, -0.022454903, -0.022339806, -0.02227612, -0.022137271, -0.021983726, -0.021901587, -0.021726737, -0.021537412, -0.021331642, -0.021221934, -0.020987578, -0.020732386, -0.020596927, -0.020310676, -0.02000456, -0.019844461, -0.019510632, -0.019159466, -0.018790897, -0.018599804, -0.018203119, -0.017785698, -0.017568983, -0.01711986, -0.016651344, -0.016165854, -0.015917668, -0.015410898, -0.0148910275, -0.014625908, -0.014083971, -0.013523212, -0.013234547, -0.012638113, -0.01201461, -0.011363968, -0.011028722, -0.010338965, -0.009620821, -0.009249193, -0.008474089, -0.00765121, -0.006808859, -0.006422054, -0.0059722615, -0.0067296317, -0.007864015, 0, 0, 0, 0, 0, 0, 0, 0, 0, 0, 0, 0, 0, 0, 0, 0, 0, 0, 0
0, 0, 0, 0, 0, 0, 0, 0, 0, 0, 0, 0, 0, 0, 0, 0, 0, 0, 0, 0, -0.005971113, -0.0057194526, -0.0056465766, -0.006204382, -0.0065949312, -0.0074367877, -0.008274134, -0.009074716, -0.009459312, -0.010197589, -0.010895698, -0.011230541, -0.011874777, -0.0124902455, -0.0130832745, -0.0133732455, -0.0139422575, -0.014497662, -0.014769728, -0.01530036, -0.01580912, -0.016054077, -0.016524198, -0.016968787, -0.017390808, -0.017594712, -0.017990818, -0.018373718, -0.01856068, -0.018925352, -0.019276055, -0.019610552, -0.019771162, -0.020078637, -0.020368375, -0.020507025, -0.020773591, -0.021026978, -0.021148974, -0.021383384, -0.021603549, -0.0218072, -0.021901932, -0.022076296, -0.022229565, -0.02229865, -0.022423532, -0.022533093, -0.022630459, -0.022675108, -0.022756238, -0.022825658, -0.022855347, -0.022902898, -0.022933556, -0.022946341, -0.022946175, -0.022933371, -0.022905605, -0.022886533, -0.022838581, -0.022777194, -0.022741178, -0.022657575, -0.022558441, -0.022443045, -0.022379268, -0.022240184, -0.022085931, -0.022003444, -0.0218279, -0.021637917, -0.021431496, -0.021321364, -0.021085821, -0.02082859, -0.020691905, -0.020403067, -0.020095136, -0.019934539, -0.019601252, -0.01925263, -0.018888518, -0.018700287, -0.018310156, -0.01790044, -0.017687755, -0.017247101, -0.016788026, -0.016313273, -0.016070863, -0.015577117, -0.015071698, -0.014814308, -0.014288669, -0.013745562, -0.013466247, -0.0128905615, -0.012291477, -0.011670339, -0.011352486, -0.010703501, -0.010035769, -0.009693549, -0.008988194, -0.008254424, -0.0075247204, -0.0072009293, -0.0068592527, -0.007566137, -0.008606245, 0, 0, 0, 0, 0, 0, 0, 0, 0, 0, 0, 0, 0, 0, 0, 0, 0, 0, 0
0, 0, 0, 0, 0, 0, 0, 0, 0, 0, 0, 0, 0, 0, 0, 0, 0, 0, 0, 0, -0.0062116804, -0.0060305223, -0.0062209223, -0.0068416013, -0.0072070984, -0.007954993, -0.008689172, -0.009401657, -0.009750048, -0.0104309395, -0.01108898, -0.011409019, -0.012029946, -0.0126263425, -0.013200822, -0.013480933, -0.014029439, -0.014563504, -0.014825491, -0.015338487, -0.01583519, -0.016076759, -0.01654575, -0.016995657, -0.017428193, -0.017638795, -0.018049676, -0.01844782, -0.018642185, -0.019020112, -0.019381046, -0.019722275, -0.01988472, -0.020192785, -0.020479342, -0.020615317, -0.020874739, -0.021120913, -0.021239987, -0.021471156, -0.021692693, -0.021902665, -0.022002267, -0.022188915, -0.022357015, -0.022433719, -0.02257286, -0.022694122, -0.02279927, -0.022846254, -0.022929536, -0.022998063, -0.023026217, -0.023069926, -0.023095597, -0.023103118, -0.02310058, -0.023083806, -0.023053756, -0.02303442, -0.02298756, -0.022929583, -0.022895807, -0.022817388, -0.02272255, -0.02261015, -0.022547243, -0.022408647, -0.022253864, -0.022170909, -0.021994557, -0.021804772, -0.021600753, -0.021492835, -0.021264177, -0.021016974, -0.020886282, -0.020611174, -0.020318644, -0.020166432, -0.019851005, -0.01952171, -0.019178452, -0.019001385, -0.018635541, -0.018252824, -0.01805466, -0.017644804, -0.017217685, -0.016775206, -0.016548682, -0.01608573, -0.015609664, -0.015366453, -0.0148690995, -0.014356598, -0.014094301, -0.013557693, -0.01300548, -0.01243853, -0.0121497, -0.011560647, -0.010952691, -0.010639545, -0.009988809, -0.009295616, -0.008556669, -0.008179575, -0.007498171, -0.0072619314, -0.007568639, -0.009592391, 0, 0, 0, 0, 0, 0, 0, 0, 0, 0, 0, 0, 0, 0, 0, 0, 0, 0
0, 0, 0, 0, 0, 0, 0, 0, 0, 0, 0, 0, 0, 0, 0, 0, 0, 0, 0, -0.008129802, -0.006346106, -0.0061065555, -0.006404086, -0.007114282, -0.0075056627, -0.008280599, -0.009020969, -0.009727461, -0.010070272, -0.010737888, -0.011383073, -0.0116972355, -0.012308383, -0.012896498, -0.0134625295, -0.013737901, -0.014274775, -0.014794883, -0.015049011, -0.015545445, -0.016026167, -0.016260426, -0.016716326, -0.017155483, -0.017578669, -0.017784579, -0.01818596, -0.018573932, -0.018762775, -0.019129053, -0.01947852, -0.01980888, -0.01996644, -0.020265842, -0.020544874, -0.020677207, -0.020929255, -0.021166898, -0.021281034, -0.02150135, -0.021710996, -0.021909427, -0.022003785, -0.022181533, -0.022343455, -0.02241804, -0.022554567, -0.022674574, -0.022779204, -0.022826247, -0.02290929, -0.022977524, -0.023005905, -0.02305035, -0.023078034, -0.023089098, -0.023088792, -0.023077128, -0.023052208, -0.023035176, -0.022992397, -0.02293741, -0.022904929, -0.02282865, -0.02273564, -0.02262499, -0.022563066, -0.022426652, -0.022274613, -0.022193195, -0.022020234, -0.02183432, -0.021635476, -0.021530787, -0.0213102, -0.021073485, -0.020948794, -0.020686729, -0.020407923, -0.020262528, -0.019960409, -0.019643346, -0.019311495, -0.019140027, -0.018785631, -0.01841547, -0.018224299, -0.017829841, -0.01741956, -0.016994465, -0.01677649, -0.016330078, -0.015869152, -0.015632948, -0.015148954, -0.0146488715, -0.014392803, -0.0138686765, -0.013327681, -0.01276895, -0.012482026, -0.011890441, -0.011268706, -0.01094323, -0.010254489, -0.00950089, -0.008669217, -0.008227205, -0.007349725, -0.006723945, -0.006667312, -0.007225045, 0, 0, 0, 0, 0, 0, 0, 0, 0, 0, 0, 0, 0, 0, 0, 0, 0, 0
0, 0, 0, 0, 0, 0, 0, 0, 0, 0, 0, 0, 0, 0, 0, 0, 0, 0, 0, -0.006248017, -0.0057879896, -0.005871841, -0.006505869, -0.007371482, -0.00781004, -0.008645578, -0.0094168605, -0.01013403, -0.010476528, -0.011136573, -0.011768906, -0.01207606, -0.012673432, -0.013248726, -0.013802604, -0.014071751, -0.014595274, -0.015100085, -0.015345877, -0.015825052, -0.016288284, -0.016513979, -0.0169538, -0.017377494, -0.017784733, -0.017982379, -0.01836563, -0.018733133, -0.018911043, -0.019255098, -0.019582998, -0.01989454, -0.020044163, -0.020330857, -0.020600813, -0.02072952, -0.020974906, -0.021204835, -0.021314355, -0.021522967, -0.021718571, -0.021901267, -0.021987779, -0.022150885, -0.022300396, -0.022369908, -0.022498121, -0.022612045, -0.022712251, -0.022757396, -0.022837665, -0.022904066, -0.022931889, -0.022976317, -0.023005733, -0.023020292, -0.023022253, -0.023015533, -0.022994906, -0.022979468, -0.022938535, -0.022883879, -0.022851251, -0.022774728, -0.02268256, -0.022574352, -0.022514265, -0.022382738, -0.022237249, -0.022159265, -0.021993244, -0.02181401, -0.021621771, -0.021520706, -0.021308359, -0.021081679, -0.020962691, -0.020713458, -0.020448802, -0.020310502, -0.020022439, -0.019718293, -0.019398123, -0.019232137, -0.018888555, -0.01852999, -0.018345358, -0.017965347, -0.01757102, -0.017162679, -0.016953044, -0.016522337, -0.016075345, -0.015845347, -0.015372024, -0.0148803145, -0.014627502, -0.014107415, -0.013566488, -0.013001658, -0.012708739, -0.012097705, -0.011445256, -0.011100021, -0.010362456, -0.009547437, -0.008639665, -0.008151285, -0.0071420623, -0.006254613, -0.0059731137, -0.005934022, 0, 0, 0, 0, 0, 0, 0, 0, 0, 0, 0, 0, 0, 0, 0, 0, 0, 0
0, 0, 0, 0, 0, 0, 0, 0, 0, 0, 0, 0, 0, 0, 0, 0, 0, 0, 0, -0.0055262875, -0.0056055104, -0.005899949, -0.006780753, -0.0077595683, -0.008230726, -0.009106536, -0.009896044, -0.010615568, -0.010954646, -0.011600756, -0.012213918, -0.012510515, -0.013086497, -0.013641469, -0.0141760325, -0.014435782, -0.01494053, -0.015426071, -0.01566207, -0.01612133, -0.016565034, -0.016781418, -0.017203284, -0.017609892, -0.017999869, -0.018188268, -0.01855135, -0.018896164, -0.01906188, -0.019380683, -0.019683927, -0.019973792, -0.02011408, -0.02038568, -0.020644933, -0.020769484, -0.02100754, -0.02122969, -0.021334656, -0.021532424, -0.021714592, -0.021882243, -0.021961033, -0.022109376, -0.022245733, -0.022309607, -0.022427883, -0.022533547, -0.02262655, -0.022668308, -0.02274232, -0.022803161, -0.0228286, -0.02286938, -0.022896929, -0.022911364, -0.022913577, -0.022907937, -0.022887757, -0.022872135, -0.022829503, -0.022772111, -0.022738086, -0.022659518, -0.022567442, -0.022462381, -0.022405159, -0.02228119, -0.02214442, -0.022071011, -0.021913743, -0.021741929, -0.02155578, -0.02145759, -0.021251244, -0.021032058, -0.020917656, -0.020679021, -0.020427007, -0.020295665, -0.020021819, -0.01973177, -0.01942477, -0.019264935, -0.018933201, -0.018586598, -0.01840823, -0.018041452, -0.017661544, -0.01726754, -0.017064951, -0.016646894, -0.01621069, -0.015985155, -0.0155186, -0.015030644, -0.014778405, -0.014256762, -0.013709662, -0.013133484, -0.012832714, -0.012201777, -0.011524629, -0.011165851, -0.01040105, -0.009562673, -0.008641545, -0.008151813, -0.0071520577, -0.006307573, -0.00610099, -0.006764259, 0, 0, 0, 0, 0, 0, 0, 0, 0, 0, 0, 0, 0, 0, 0, 0, 0, 0
0, 0, 0, 0, 0, 0, 0, 0, 0, 0, 0, 0, 0, 0, 0, 0, 0, 0, 0, -0.0073455437, -0.0065189353, -0.0066825026, -0.007455213, -0.008382338, -0.008834765, -0.009681122, -0.01044603, -0.011141767, -0.011468534, -0.012089008, -0.012675451, -0.0129586365, -0.013508427, -0.014038293, -0.01454887, -0.0147968875, -0.0152781205, -0.015739767, -0.015963713, -0.016399018, -0.016819809, -0.01702535, -0.017427, -0.017815562, -0.018188814, -0.018368907, -0.018714933, -0.019041216, -0.019197077, -0.019495212, -0.019777609, -0.0200478, -0.020179091, -0.020434769, -0.020680614, -0.020799233, -0.02102618, -0.021237625, -0.021337032, -0.021523098, -0.021692611, -0.021847323, -0.02191983, -0.022056464, -0.022182656, -0.022241926, -0.022352062, -0.022450056, -0.022535058, -0.022572568, -0.022637423, -0.022689205, -0.022710348, -0.022743374, -0.02276454, -0.022774402, -0.022774905, -0.02276628, -0.022743179, -0.022725893, -0.02267945, -0.022618122, -0.022582306, -0.022501351, -0.022409352, -0.022307498, -0.022252949, -0.022136245, -0.022007877, -0.02193864, -0.021788722, -0.021622598, -0.02144077, -0.021344384, -0.021141825, -0.020927532, -0.020816311, -0.020585923, -0.020344706, -0.020219551, -0.019959124, -0.019683333, -0.019390138, -0.019236973, -0.018917916, -0.018583167, -0.018410577, -0.018055355, -0.017686622, -0.017303217, -0.017105438, -0.016696218, -0.016267145, -0.01604461, -0.015582248, -0.015096574, -0.014844733, -0.014322128, -0.013771944, -0.013190997, -0.012887408, -0.01225092, -0.0115707675, -0.011212402, -0.0104552135, -0.009638641, -0.008759277, -0.0082985405, -0.0073652277, -0.006547581, -0.0062844553, -0.0063362266, 0, 0, 0, 0, 0, 0, 0, 0, 0, 0, 0, 0, 0, 0, 0, 0, 0, 0
0, 0, 0, 0, 0, 0, 0, 0, 0, 0, 0, 0, 0, 0, 0, 0, 0, 0, -0.011051249, -0.008362312, -0.007581235, -0.0076871263, -0.008314298, -0.009112522, -0.009512583, -0.010276249, -0.0109817395, -0.011633158, -0.011941577, -0.012530548, -0.013089778, -0.013360528, -0.013886956, -0.014394732, -0.014883717, -0.015120737, -0.015579213, -0.016016882, -0.016228452, -0.016638672, -0.017034864, -0.017228583, -0.017608417, -0.017977709, -0.018334713, -0.01850759, -0.018840343, -0.019154066, -0.019303568, -0.01958854, -0.01985714, -0.020112485, -0.020236252, -0.020476636, -0.020707201, -0.02081822, -0.021030169, -0.021226985, -0.02131935, -0.021491833, -0.021648757, -0.021792248, -0.021859726, -0.021987591, -0.022106651, -0.022162749, -0.022266991, -0.0223587, -0.022436181, -0.02246946, -0.022524614, -0.022565803, -0.022581711, -0.022604972, -0.022618031, -0.022621317, -0.022619098, -0.022605691, -0.022578783, -0.022559695, -0.02250971, -0.02244495, -0.022407703, -0.022324648, -0.02223236, -0.02213211, -0.022079121, -0.02196654, -0.021842923, -0.021776017, -0.02163011, -0.021467233, -0.021287996, -0.0211929, -0.02099312, -0.020782668, -0.02067403, -0.0204502, -0.020217283, -0.020097043, -0.019847274, -0.019582672, -0.019300878, -0.019153189, -0.018844781, -0.01851999, -0.018351976, -0.018005084, -0.01764385, -0.01726734, -0.01707266, -0.01666961, -0.016246187, -0.016026357, -0.015569371, -0.015088999, -0.014839973, -0.014323225, -0.013779919, -0.01320743, -0.012909118, -0.012286185, -0.011625635, -0.011280015, -0.01055658, -0.009787416, -0.008971133, -0.008546971, -0.0076863687, -0.006909099, -0.0066432315, -0.0067860726, -0.008652067, 0, 0, 0, 0, 0, 0, 0, 0, 0, 0, 0, 0, 0, 0, 0, 0, 0
0, 0, 0, 0, 0, 0, 0, 0, 0, 0, 0, 0, 0, 0, 0, 0, 0, 0, -0.008867889, -0.008119824, -0.008075807, -0.008294224, -0.00894093, -0.0096672615, -0.010026508, -0.010717668, -0.011367876, -0.011979398, -0.012272541, -0.012837325, -0.013378451, -0.0136415465, -0.014154108, -0.014648759, -0.015124515, -0.015354602, -0.01579818, -0.016219165, -0.016421653, -0.016812745, -0.017188812, -0.017372487, -0.017732823, -0.018084254, -0.01842575, -0.01859202, -0.018913751, -0.019218901, -0.019364685, -0.019642655, -0.01990357, -0.02014978, -0.020268215, -0.020496361, -0.020713078, -0.020816851, -0.021014126, -0.021196643, -0.02128226, -0.02144213, -0.021588031, -0.02172219, -0.021785643, -0.021906247, -0.022019114, -0.0220724, -0.02217117, -0.022257185, -0.022328036, -0.022357453, -0.022404443, -0.022436813, -0.02244838, -0.022463482, -0.022469517, -0.022467114, -0.022462452, -0.022445016, -0.022414727, -0.022394124, -0.022341538, -0.022274392, -0.022236038, -0.022150926, -0.022056904, -0.021955654, -0.021902287, -0.021789348, -0.02166568, -0.021598773, -0.021453489, -0.02129201, -0.021114986, -0.021021223, -0.020824969, -0.020618653, -0.020512247, -0.02029344, -0.020065952, -0.019948497, -0.019704122, -0.019445129, -0.01916913, -0.019024393, -0.018722042, -0.018402902, -0.01823756, -0.017895613, -0.017539036, -0.017167168, -0.016975159, -0.016577728, -0.016161144, -0.015945321, -0.015497526, -0.0150282625, -0.01478536, -0.014282707, -0.013755939, -0.013202875, -0.012915701, -0.0123182405, -0.011688267, -0.011360403, -0.010677498, -0.009956163, -0.009193771, -0.008797056, -0.0079826135, -0.0072045093, -0.00689093, -0.0066721234, -0.0071771396, 0, 0, 0, 0, 0, 0, 0, 0, 0, 0, 0, 0, 0, 0, 0, 0, 0
0, 0, 0, 0, 0, 0, 0, 0, 0, 0, 0, 0, 0, 0, 0, 0, 0, -0.010473037, -0.00914257, -0.007895802, -0.008064804, -0.008367811, -0.009096174, -0.009834372, -0.010188257, -0.010861945, -0.011494994, -0.012094228, -0.012382873, -0.0129413875, -0.013478177, -0.013739371, -0.014247958, -0.014738727, -0.015210482, -0.015438501, -0.015877908, -0.016294392, -0.01649434, -0.016879333, -0.01724722, -0.017426081, -0.017775234, -0.018114755, -0.018444395, -0.018605271, -0.018917877, -0.019216415, -0.019359862, -0.019634048, -0.019891726, -0.020133965, -0.020249719, -0.020471381, -0.020680344, -0.020779952, -0.020969009, -0.021143915, -0.02122601, -0.021379322, -0.021519583, -0.021648198, -0.021708777, -0.021823606, -0.021930153, -0.021980079, -0.022072092, -0.022151724, -0.022216532, -0.02224313, -0.022284837, -0.02231239, -0.022321675, -0.022332454, -0.022334354, -0.022328075, -0.022321494, -0.0223005, -0.022267057, -0.022245008, -0.022190012, -0.022120662, -0.022081088, -0.02199364, -0.021896742, -0.021791935, -0.021736708, -0.021619724, -0.021492405, -0.021424102, -0.021277286, -0.021116415, -0.020941928, -0.020850118, -0.020658145, -0.02045628, -0.020351846, -0.020136107, -0.019910177, -0.019793058, -0.01954863, -0.019289227, -0.019013189, -0.01886895, -0.018567748, -0.01825063, -0.018086426, -0.017747225, -0.017393874, -0.017026154, -0.016836733, -0.01644607, -0.016038336, -0.015827755, -0.015392406, -0.014937983, -0.014703208, -0.014218308, -0.0137111675, -0.013179689, -0.012904003, -0.01233184, -0.011729954, -0.011417202, -0.010766049, -0.010077477, -0.009345563, -0.00896146, -0.008160826, -0.0073644337, -0.007021866, -0.006738808, -0.0077747335, -0.008984109, 0, 0, 0, 0, 0, 0, 0, 0, 0, 0, 0, 0, 0, 0, 0, 0
0, 0, 0, 0, 0, 0, 0, 0, 0, 0, 0, 0, 0, 0, 0, 0, 0, -0.007742835, -0.007300912, -0.006995799, -0.0075278156, -0.007931068, -0.008786398, -0.009598201, -0.009977455, -0.010687868, -0.011346246, -0.011963766, -0.012259741, -0.012829523, -0.013373282, -0.013636603, -0.014147561, -0.014639413, -0.015112724, -0.015342288, -0.015786644, -0.016210267, -0.016414305, -0.016807303, -0.017181642, -0.017362364, -0.017712813, -0.018049961, -0.018374952, -0.018533126, -0.018840415, -0.019135004, -0.019277131, -0.019550184, -0.01980797, -0.020050619, -0.020166596, -0.02038842, -0.020597527, -0.020697385, -0.020887725, -0.021064745, -0.021148082, -0.021304155, -0.021446215, -0.021575129, -0.021635141, -0.021746567, -0.021847399, -0.021893848, -0.021978615, -0.022051541, -0.022111775, -0.02213687, -0.02217694, -0.022204023, -0.02221312, -0.022223365, -0.022223836, -0.022214465, -0.022205979, -0.022180717, -0.022143045, -0.022119246, -0.022061352, -0.021990113, -0.02194986, -0.021860609, -0.021761311, -0.021652814, -0.021595227, -0.02147322, -0.021341007, -0.021270776, -0.021121994, -0.02096171, -0.020790238, -0.020700334, -0.020512355, -0.020313464, -0.02020987, -0.019994019, -0.019766016, -0.019647194, -0.019398816, -0.01913547, -0.018856678, -0.018711634, -0.018409984, -0.018093767, -0.01793041, -0.01759345, -0.017243162, -0.016879749, -0.016692966, -0.016308956, -0.01591001, -0.01570467, -0.015281391, -0.0148405135, -0.014613027, -0.014142586, -0.013650168, -0.013133723, -0.012866043, -0.012310428, -0.011726854, -0.01142357, -0.010792155, -0.010121466, -0.009401429, -0.009019077, -0.008205738, -0.007352185, -0.0069450275, -0.0063631707, -0.006514985, -0.0068708025, 0, 0, 0, 0, 0, 0, 0, 0, 0, 0, 0, 0, 0, 0, 0, 0
0, 0, 0, 0, 0, 0, 0, 0, 0, 0, 0, 0, 0, 0, 0, 0, 0, -0.0057393094, -0.0056101014, -0.005915928, -0.006765555, -0.0072580245, -0.008230308, -0.009121584, -0.009533274, -0.010298107, -0.010999588, -0.011650398, -0.0119595565, -0.012549665, -0.013106477, -0.013373896, -0.0138900615, -0.014385312, -0.014863063, -0.015095957, -0.015550072, -0.015987387, -0.016199315, -0.016609088, -0.01699936, -0.017187178, -0.017548757, -0.017892983, -0.01822176, -0.018380908, -0.018689303, -0.018984916, -0.019127868, -0.019403446, -0.019664822, -0.019911848, -0.020030152, -0.020256886, -0.020471483, -0.020574495, -0.0207721, -0.020957917, -0.021045927, -0.021211434, -0.021361705, -0.021496378, -0.021557955, -0.021669824, -0.021767715, -0.021811878, -0.021891536, -0.021960497, -0.022018943, -0.022044143, -0.022086283, -0.022116795, -0.022127435, -0.022139838, -0.022140108, -0.022128109, -0.022117523, -0.022087317, -0.022045143, -0.022019554, -0.02195951, -0.021888016, -0.021848042, -0.021759678, -0.021660583, -0.02155075, -0.02149191, -0.021366347, -0.021230549, -0.021158976, -0.021008503, -0.020848636, -0.020678943, -0.020590097, -0.020403614, -0.020204587, -0.02010004, -0.019880643, -0.019647533, -0.019525712, -0.019271724, -0.019004434, -0.018723723, -0.018578582, -0.018278223, -0.01796452, -0.017802622, -0.017468853, -0.017121816, -0.016761674, -0.016576706, -0.016197013, -0.015803786, -0.015601762, -0.015185937, -0.014753128, -0.014529501, -0.014066257, -0.013580161, -0.013069781, -0.01280522, -0.012257343, -0.0116835665, -0.011386304, -0.010768083, -0.010111445, -0.00940285, -0.00902391, -0.008206613, -0.0073155225, -0.006861718, -0.0060658935, -0.005740192, -0.0058154594, 0, 0, 0, 0, 0, 0, 0, 0, 0, 0, 0, 0, 0, 0, 0, 0
0, 0, 0, 0, 0, 0, 0, 0, 0, 0, 0, 0, 0, 0, 0, 0, 0, -0.004853178, -0.0048358636, -0.0053048623, -0.006218364, -0.006723978, -0.007714091, -0.0086269835, -0.0090519255, -0.009846229, -0.010576987, -0.011254493, -0.011575389, -0.012185041, -0.012756247, -0.01302924, -0.0135542005, -0.014056676, -0.014542133, -0.014779615, -0.01524504, -0.01569672, -0.015916737, -0.016343484, -0.01675043, -0.016945992, -0.017321536, -0.017677365, -0.018015662, -0.018178968, -0.018495034, -0.018797733, -0.018944291, -0.019227237, -0.019496044, -0.019750064, -0.019871622, -0.020104408, -0.02032485, -0.02043087, -0.020635525, -0.020830037, -0.02092287, -0.021098677, -0.021258926, -0.021402, -0.021466654, -0.021582711, -0.021682281, -0.021726632, -0.021806179, -0.021875901, -0.02193723, -0.021964682, -0.022012278, -0.022048943, -0.022062443, -0.022078827, -0.022080354, -0.022067182, -0.022055324, -0.022022052, -0.021977384, -0.021951245, -0.02189204, -0.021823425, -0.021785412, -0.021701448, -0.021605898, -0.02149807, -0.021439502, -0.021313315, -0.02117596, -0.021103533, -0.020951828, -0.02079121, -0.020620855, -0.020531403, -0.020342834, -0.020139968, -0.020032864, -0.019807452, -0.019567702, -0.019442838, -0.019184137, -0.018914757, -0.018635001, -0.018491227, -0.01819482, -0.017885733, -0.017725922, -0.017395444, -0.0170503, -0.01669074, -0.016505761, -0.016125882, -0.01573286, -0.015531298, -0.0151170315, -0.014685646, -0.014462642, -0.013999929, -0.013513913, -0.013003966, -0.012740086, -0.0121955285, -0.011628421, -0.011336248, -0.010731673, -0.010093678, -0.00940947, -0.009044967, -0.008261771, -0.0074121854, -0.0069823563, -0.006261323, -0.0062516006, -0.0068632658, 0, 0, 0, 0, 0, 0, 0, 0, 0, 0, 0, 0, 0, 0, 0, 0
0, 0, 0, 0, 0, 0, 0, 0, 0, 0, 0, 0, 0, 0, 0, 0, 0, -0.0057749175, -0.005255218, -0.0053249104, -0.006061658, -0.0065053194, -0.00740614, -0.008267256, -0.00867714, -0.009456581, -0.010186469, -0.010871126, -0.011197487, -0.0118197715, -0.012404764, -0.0126845855, -0.01322321, -0.013738732, -0.0142367715, -0.014480317, -0.014957348, -0.015420535, -0.015646078, -0.016083632, -0.016500931, -0.01670155, -0.017086823, -0.017452303, -0.017800692, -0.017969213, -0.018296156, -0.01861013, -0.018762194, -0.01905586, -0.019334268, -0.019596295, -0.019721072, -0.019958552, -0.02018204, -0.020289427, -0.020496925, -0.020695327, -0.020790879, -0.020973166, -0.021141194, -0.021292346, -0.02136099, -0.021484267, -0.021590192, -0.021637432, -0.02172269, -0.02179861, -0.021866845, -0.021898093, -0.02195385, -0.021998383, -0.022015492, -0.022037985, -0.022043673, -0.022032872, -0.022021877, -0.021989942, -0.021947432, -0.021923052, -0.021868566, -0.02180615, -0.02177146, -0.021694165, -0.021604257, -0.021500282, -0.021442989, -0.021317815, -0.02118021, -0.021107225, -0.020953974, -0.020790955, -0.020617563, -0.020526234, -0.020333182, -0.020125015, -0.020015141, -0.019783787, -0.01953869, -0.019411707, -0.019150542, -0.018881254, -0.018604469, -0.018462643, -0.018171052, -0.017866043, -0.017707683, -0.017378451, -0.017032044, -0.016669083, -0.016481891, -0.016096983, -0.015699299, -0.015495799, -0.015078039, -0.014643969, -0.01441974, -0.0139550045, -0.013467162, -0.012956502, -0.012693053, -0.012150891, -0.011589759, -0.011301837, -0.010710163, -0.010091925, -0.009437295, -0.0090926485, -0.008363126, -0.0075873397, -0.00719878, -0.0065298597, -0.0063236305, -0.006520776, 0, 0, 0, 0, 0, 0, 0, 0, 0, 0, 0, 0, 0, 0, 0, 0
0, 0, 0, 0, 0, 0, 0, 0, 0, 0, 0, 0, 0, 0, 0, 0, 0, -0.005449838, -0.005287687, -0.0054975706, -0.0061389403, -0.0065203533, -0.007308743, -0.00808541, -0.008463691, -0.009197266, -0.009900181, -0.010572196, -0.010896707, -0.011522031, -0.012116983, -0.01240362, -0.012957838, -0.01348957, -0.014002421, -0.01425247, -0.014740021, -0.015210268, -0.015438369, -0.015879618, -0.01629948, -0.01650138, -0.01688975, -0.017259574, -0.017614117, -0.017786497, -0.018122496, -0.018446699, -0.01860406, -0.01890778, -0.01919528, -0.019464469, -0.019591883, -0.019832825, -0.020057863, -0.02016536, -0.020372692, -0.020571416, -0.020667586, -0.020852724, -0.021025918, -0.021184305, -0.021257224, -0.021389823, -0.021505598, -0.02155777, -0.021652797, -0.021738075, -0.021815278, -0.021850863, -0.021915188, -0.021967867, -0.021989036, -0.022019174, -0.02203229, -0.022028456, -0.02202076, -0.021995643, -0.021960307, -0.021939635, -0.021892812, -0.021837873, -0.021806771, -0.021735685, -0.021650767, -0.021550251, -0.02149391, -0.021369997, -0.021232214, -0.021158723, -0.021003688, -0.0208383, -0.020661775, -0.02056888, -0.020372361, -0.020161137, -0.020049732, -0.019815912, -0.019569235, -0.019441886, -0.019180711, -0.018912667, -0.018637856, -0.01849723, -0.018207282, -0.017902777, -0.01774403, -0.01741214, -0.017060952, -0.016691456, -0.016500577, -0.016108178, -0.015703358, -0.015496455, -0.015073246, -0.014634779, -0.014408711, -0.013941402, -0.013452207, -0.0129412655, -0.012677974, -0.012136882, -0.011577534, -0.011290936, -0.010703528, -0.010093284, -0.009453496, -0.009119986, -0.008421966, -0.0076895575, -0.00732395, -0.006687585, -0.00651603, -0.006849973, -0.008907844, 0, 0, 0, 0, 0, 0, 0, 0, 0, 0, 0, 0, 0, 0, 0
0, 0, 0, 0, 0, 0, 0, 0, 0, 0, 0, 0, 0, 0, 0, 0, -0.0074444967, -0.005728613, -0.0054728445, -0.0056787594, -0.006287284, -0.006637523, -0.0073547564, -0.00806403, -0.008412484, -0.009095997, -0.009761813, -0.010409498, -0.010726139, -0.011344077, -0.011940255, -0.012230185, -0.01279348, -0.013336147, -0.0138587, -0.01411259, -0.014605328, -0.01507736, -0.015305403, -0.015745271, -0.016163321, -0.01636441, -0.016751762, -0.017121818, -0.017478049, -0.01765171, -0.017991152, -0.018319719, -0.01847941, -0.018788125, -0.01908077, -0.019354636, -0.019484252, -0.019729156, -0.019957045, -0.020065561, -0.020274328, -0.020473968, -0.020570802, -0.020758273, -0.020935586, -0.021100735, -0.021177968, -0.021320641, -0.021447591, -0.021505432, -0.021611327, -0.021706197, -0.021791572, -0.021830887, -0.021901917, -0.021961406, -0.02198621, -0.022024328, -0.022046423, -0.022052513, -0.022049999, -0.022035265, -0.022009917, -0.021993773, -0.021954847, -0.021906305, -0.021877686, -0.02181048, -0.021728175, -0.021629278, -0.021573586, -0.02145032, -0.021312846, -0.021239506, -0.02108448, -0.020918945, -0.020742528, -0.020649856, -0.020454552, -0.020245051, -0.020134894, -0.019904025, -0.01966025, -0.019534158, -0.019274993, -0.019007703, -0.018731836, -0.018590149, -0.018297056, -0.01798813, -0.017826842, -0.01748922, -0.017131854, -0.016755763, -0.016561387, -0.016162109, -0.015750555, -0.015540408, -0.015110879, -0.014666849, -0.014438477, -0.013967457, -0.013475829, -0.012962837, -0.012698323, -0.012153575, -0.01158805, -0.011297631, -0.010700412, -0.010078621, -0.009426395, -0.009086341, -0.008373865, -0.007618098, -0.0072309338, -0.006499505, -0.006053732, -0.006085926, -0.0067605753, 0, 0, 0, 0, 0, 0, 0, 0, 0, 0, 0, 0, 0, 0, 0
0, 0, 0, 0, 0, 0, 0, 0, 0, 0, 0, 0, 0, 0, 0, 0, -0.0057392777, -0.005252346, -0.005276698, -0.0057422984, -0.006432251, -0.00679317, -0.00750231, -0.008183961, -0.008515448, -0.009163883, -0.009796597, -0.010416522, -0.010721786, -0.011322038, -0.011906898, -0.012192978, -0.012751095, -0.013290162, -0.013809211, -0.01406096, -0.014548783, -0.015015481, -0.015240978, -0.015676456, -0.016091628, -0.016291851, -0.016678391, -0.017048081, -0.017403385, -0.017576294, -0.017913386, -0.018238835, -0.018396962, -0.01870317, -0.01899464, -0.01926966, -0.019400673, -0.019650007, -0.019883309, -0.019994736, -0.02020872, -0.020412523, -0.020511167, -0.0207019, -0.02088343, -0.021054292, -0.021135082, -0.021286407, -0.021423036, -0.021485863, -0.021601077, -0.021703593, -0.02179491, -0.021836558, -0.02191179, -0.021975702, -0.022003066, -0.02204776, -0.022078326, -0.022094538, -0.0220973, -0.02209326, -0.022077318, -0.02206513, -0.022032507, -0.021987695, -0.021960389, -0.021894578, -0.021813301, -0.021715548, -0.021660706, -0.02153959, -0.021404967, -0.021333199, -0.021181755, -0.021020355, -0.020848593, -0.020758593, -0.020569313, -0.02036694, -0.020260552, -0.020037232, -0.019800099, -0.019676622, -0.019420613, -0.019152997, -0.01887368, -0.018729225, -0.01842934, -0.018113118, -0.017948361, -0.01760492, -0.017242823, -0.016863056, -0.016667122, -0.016264165, -0.015847877, -0.01563488, -0.015198921, -0.01474781, -0.014516056, -0.0140386075, -0.013541384, -0.01302273, -0.012754897, -0.012201357, -0.01162313, -0.011324519, -0.010707032, -0.010059685, -0.00937609, -0.009017959, -0.00826153, -0.0074433223, -0.007011458, -0.006132402, -0.0053788885, -0.0051568835, -0.005228142, 0, 0, 0, 0, 0, 0, 0, 0, 0, 0, 0, 0, 0, 0, 0
0, 0, 0, 0, 0, 0, 0, 0, 0, 0, 0, 0, 0, 0, 0, 0, -0.0049526906, -0.0049513173, -0.0051645804, -0.0058529815, -0.006642408, -0.0070286873, -0.007760745, -0.00844196, -0.008767557, -0.009396929, -0.0100049665, -0.010598391, -0.010890503, -0.0114658, -0.012027579, -0.012302738, -0.012840192, -0.013359396, -0.01385943, -0.014102248, -0.014573553, -0.015026749, -0.015246896, -0.01567487, -0.016086627, -0.016286265, -0.016672973, -0.017042942, -0.017396608, -0.017567588, -0.017898405, -0.018215153, -0.018368494, -0.018665655, -0.018950136, -0.019221853, -0.019352855, -0.019604838, -0.019843679, -0.019958297, -0.020178385, -0.020387158, -0.020487573, -0.02068081, -0.020864222, -0.021037336, -0.021119844, -0.021275684, -0.0214182, -0.021484125, -0.021605482, -0.021713132, -0.021808188, -0.02185117, -0.021928724, -0.021995073, -0.022024024, -0.022073423, -0.022110468, -0.022134528, -0.022141667, -0.022145908, -0.022137046, -0.022127608, -0.022098785, -0.022056185, -0.0220295, -0.02196508, -0.021885825, -0.021791836, -0.021739326, -0.021624316, -0.021496736, -0.02142865, -0.02128483, -0.021131113, -0.020967048, -0.02088113, -0.02070045, -0.020507574, -0.020406175, -0.02019268, -0.01996408, -0.019844001, -0.01959196, -0.019324468, -0.019041575, -0.01889435, -0.018588087, -0.01826574, -0.018098518, -0.017752042, -0.017389258, -0.017010147, -0.016814552, -0.016411515, -0.015993016, -0.015777899, -0.015335745, -0.01487689, -0.014641054, -0.014155599, -0.013650818, -0.013124903, -0.0128531465, -0.012290242, -0.011699616, -0.011393173, -0.010756668, -0.010085816, -0.009374807, -0.009001554, -0.008212202, -0.0073557906, -0.0069011906, -0.005961688, -0.0051056966, -0.0048071546, -0.004685716, 0, 0, 0, 0, 0, 0, 0, 0, 0, 0, 0, 0, 0, 0, 0
0, 0, 0, 0, 0, 0, 0, 0, 0, 0, 0, 0, 0, 0, 0, 0, -0.0060633, -0.005385332, -0.0055365274, -0.0062142173, -0.007018416, -0.00741076, -0.008149319, -0.008828545, -0.009150037, -0.009765288, -0.010353335, -0.0109225055, -0.011201386, -0.011748823, -0.012281908, -0.012542571, -0.013051219, -0.013541605, -0.014014069, -0.014243733, -0.014691199, -0.015124672, -0.0153368395, -0.015752653, -0.016156847, -0.016354201, -0.016738158, -0.017105898, -0.017455706, -0.017623678, -0.017946122, -0.018251903, -0.018399194, -0.018684385, -0.018958647, -0.019223291, -0.019352136, -0.019602278, -0.01984164, -0.019956926, -0.020178279, -0.02038715, -0.020486886, -0.020677714, -0.020857804, -0.021027884, -0.021109188, -0.02126406, -0.021407291, -0.021474345, -0.021598367, -0.021708878, -0.021806367, -0.021850409, -0.021929625, -0.021997718, -0.022027856, -0.022080468, -0.022121834, -0.022151329, -0.02216128, -0.022171028, -0.022166627, -0.022159116, -0.022133091, -0.022092916, -0.022067573, -0.022006763, -0.021933153, -0.021846918, -0.021799112, -0.021694371, -0.021577748, -0.021515043, -0.02138115, -0.0212363, -0.021080395, -0.020998286, -0.020825641, -0.020641476, -0.020544609, -0.020340435, -0.020120349, -0.020003812, -0.019756973, -0.019491723, -0.0192083, -0.019060157, -0.018751657, -0.018427692, -0.018260255, -0.017915139, -0.017555559, -0.017180866, -0.016987316, -0.016587105, -0.016168771, -0.015952714, -0.015506674, -0.01504231, -0.014803349, -0.014312139, -0.013802674, -0.013273137, -0.012999796, -0.01243406, -0.011839719, -0.011530841, -0.010888667, -0.010211281, -0.009495299, -0.009121111, -0.00833599, -0.0074963667, -0.007057298, -0.0061713527, -0.005430637, -0.0052553555, -0.0059013492, 0, 0, 0, 0, 0, 0, 0, 0, 0, 0, 0, 0, 0, 0, 0
0, 0, 0, 0, 0, 0, 0, 0, 0, 0, 0, 0, 0, 0, 0, 0, -0.005965037, -0.0058693336, -0.0060863653, -0.0067750704, -0.0075518247, -0.007930286, -0.008645231, -0.009305008, -0.009617274, -0.0102137, -0.010780942, -0.011326703, -0.0115930615, -0.012114249, -0.012620217, -0.012867235, -0.013348619, -0.0138125075, -0.01425904, -0.014476158, -0.014899826, -0.015311522, -0.015513752, -0.015911805, -0.016301133, -0.016491964, -0.016864562, -0.017222468, -0.017563006, -0.017726174, -0.018038578, -0.018333446, -0.018475167, -0.018749261, -0.019013045, -0.019268353, -0.019392945, -0.019635402, -0.019867651, -0.019979512, -0.02019363, -0.020394525, -0.02048997, -0.020671742, -0.020842649, -0.021004299, -0.02108203, -0.021231163, -0.021371124, -0.021437269, -0.021561082, -0.021672627, -0.021771738, -0.021816688, -0.021897594, -0.021967415, -0.021998493, -0.022053197, -0.022097448, -0.022130327, -0.022141991, -0.02215521, -0.022154195, -0.022148347, -0.022125822, -0.02208994, -0.022067249, -0.022012983, -0.021947732, -0.021871947, -0.021829884, -0.021737302, -0.021632567, -0.021575462, -0.021451656, -0.021314982, -0.021165904, -0.02108695, -0.020920565, -0.020742834, -0.020649433, -0.020452302, -0.020239536, -0.020126486, -0.01988593, -0.01962575, -0.019346498, -0.019200087, -0.018894952, -0.018574895, -0.01840972, -0.018069865, -0.017716676, -0.017348425, -0.01715791, -0.016762799, -0.01634766, -0.01613257, -0.015687445, -0.01522327, -0.014984526, -0.014494266, -0.013987022, -0.013461699, -0.0131913675, -0.012632814, -0.012047519, -0.011743959, -0.011113644, -0.010451645, -0.009757191, -0.009397337, -0.008650358, -0.007865343, -0.007460337, -0.0066486076, -0.005945808, -0.005726, -0.005814669, 0, 0, 0, 0, 0, 0, 0, 0, 0, 0, 0, 0, 0, 0, 0
0, 0, 0, 0, 0, 0, 0, 0, 0, 0, 0, 0, 0, 0, 0, -0.008697509, -0.006721712, -0.006513849, -0.00673828, -0.0074106725, -0.008144828, -0.008500916, -0.009176687, -0.009805321, -0.010104321, -0.010676762, -0.011221527, -0.011744646, -0.011999484, -0.012497651, -0.012981257, -0.013217575, -0.013678783, -0.014124038, -0.014552586, -0.014760781, -0.0151659455, -0.015557814, -0.015749525, -0.016125333, -0.016491834, -0.016671441, -0.017022451, -0.017361082, -0.017685309, -0.017841585, -0.018142028, -0.018426843, -0.01856397, -0.018829089, -0.01908366, -0.019328747, -0.019447759, -0.01967826, -0.019897478, -0.020002507, -0.02020297, -0.02039022, -0.020479, -0.020647857, -0.020806774, -0.020957934, -0.021030892, -0.021172125, -0.021306304, -0.02137035, -0.021491447, -0.021601992, -0.02170122, -0.02174641, -0.021828156, -0.02189909, -0.021930605, -0.021986524, -0.022032352, -0.022067133, -0.02207994, -0.022095788, -0.022098081, -0.022094252, -0.022076467, -0.022046363, -0.02202693, -0.02198011, -0.021923235, -0.021856656, -0.021819461, -0.02173667, -0.021641573, -0.021589084, -0.021473596, -0.02134428, -0.021201577, -0.021125454, -0.020964427, -0.020791825, -0.020701021, -0.020509401, -0.02030256, -0.020192789, -0.019959142, -0.01970654, -0.019435167, -0.019292941, -0.01899593, -0.018684134, -0.018523054, -0.018191252, -0.01784585, -0.01748507, -0.017298277, -0.01691016, -0.01650197, -0.016290275, -0.015852204, -0.015395849, -0.015161299, -0.01468003, -0.014182788, -0.013669215, -0.01340548, -0.012862252, -0.01229545, -0.012002418, -0.011396912, -0.010765856, -0.01011018, -0.00977309, -0.009080025, -0.008359736, -0.0079894345, -0.0072421967, -0.006570098, -0.006346017, -0.0065379473, -0.008439473, 0, 0, 0, 0, 0, 0, 0, 0, 0, 0, 0, 0, 0, 0
0, 0, 0, 0, 0, 0, 0, 0, 0, 0, 0, 0, 0, 0, 0, -0.007434758, -0.0068607097, -0.0070024976, -0.007273963, -0.007957144, -0.00866512, -0.009005632, -0.009652568, -0.010257142, -0.010545564, -0.011098247, -0.011623954, -0.012127436, -0.012372137, -0.01285028, -0.013315007, -0.013542735, -0.013988902, -0.014421393, -0.014838512, -0.015040866, -0.015432539, -0.0158076, -0.015989251, -0.016341886, -0.016681973, -0.016847711, -0.017171547, -0.017485548, -0.017789353, -0.017937195, -0.018224027, -0.018498914, -0.018631788, -0.01888868, -0.019134304, -0.019368716, -0.019481532, -0.019698335, -0.019902945, -0.020000616, -0.020186732, -0.020360764, -0.020443516, -0.020601192, -0.02075015, -0.020892194, -0.020960974, -0.021094246, -0.021221368, -0.021282407, -0.021398364, -0.021505198, -0.02160195, -0.021646317, -0.021726806, -0.021796666, -0.021827925, -0.021883385, -0.021929068, -0.02196447, -0.02197793, -0.021995984, -0.022001829, -0.022000097, -0.021987563, -0.021963114, -0.021946581, -0.021905348, -0.021853745, -0.021791982, -0.021757295, -0.021679498, -0.021589827, -0.021540303, -0.021431312, -0.021309042, -0.021173405, -0.021100692, -0.02094611, -0.020779084, -0.020690905, -0.020504173, -0.02030255, -0.020195635, -0.019969061, -0.019724984, -0.019463798, -0.019326922, -0.019041106, -0.01874016, -0.018584248, -0.018261867, -0.017924935, -0.017572206, -0.017389392, -0.017009938, -0.016611833, -0.016405651, -0.015979992, -0.015537414, -0.015309974, -0.01484321, -0.014360456, -0.013861524, -0.013605318, -0.0130787045, -0.012531738, -0.0122504365, -0.011672429, -0.011075154, -0.01045963, -0.010145192, -0.009500941, -0.00883185, -0.008486257, -0.007778201, -0.0071016382, -0.0068327463, -0.0066854404, -0.0072367974, 0, 0, 0, 0, 0, 0, 0, 0, 0, 0, 0, 0, 0, 0
0, 0, 0, 0, 0, 0, 0, 0, 0, 0, 0, 0, 0, 0, 0, -0.008314057, -0.0070951185, -0.007268401, -0.0075664893, -0.00828013, -0.009000375, -0.0093442425, -0.009994939, -0.010600345, -0.0108880345, -0.011436707, -0.011954201, -0.012445515, -0.012682941, -0.01314473, -0.013592595, -0.013812387, -0.014244016, -0.014664334, -0.015070561, -0.0152675165, -0.015647363, -0.016007619, -0.016180536, -0.016512949, -0.016829582, -0.01698309, -0.01728248, -0.01757402, -0.017858788, -0.017998548, -0.018271882, -0.018535782, -0.018663768, -0.01891075, -0.019145686, -0.019368114, -0.019474562, -0.01967815, -0.019870274, -0.019962164, -0.020138232, -0.020304259, -0.020383652, -0.020535532, -0.020679045, -0.020815153, -0.02088064, -0.02100667, -0.02112622, -0.02118325, -0.021291973, -0.021392519, -0.02148407, -0.021526242, -0.021602945, -0.021669686, -0.02169949, -0.021752134, -0.021795794, -0.021830112, -0.021843595, -0.021862797, -0.021871315, -0.021871468, -0.021863146, -0.021842802, -0.021828096, -0.02178984, -0.021739732, -0.021678552, -0.02164386, -0.021566587, -0.021478694, -0.0214306, -0.021326412, -0.021210752, -0.021083107, -0.021014575, -0.02086759, -0.020707121, -0.020621654, -0.020439865, -0.020242753, -0.020138444, -0.019917978, -0.019681986, -0.019430961, -0.019299775, -0.019026099, -0.018737126, -0.018586872, -0.018274685, -0.017946564, -0.017602231, -0.017423557, -0.017053636, -0.016666744, -0.016467152, -0.016056022, -0.015629243, -0.015409845, -0.014958533, -0.014489833, -0.014003041, -0.013752778, -0.013238163, -0.01270553, -0.01243267, -0.011874977, -0.011302241, -0.01071432, -0.010413911, -0.009795894, -0.009147323, -0.008808309, -0.008102282, -0.0074039367, -0.007111702, -0.006939981, -0.008133032, 0, 0, 0, 0, 0, 0, 0, 0, 0, 0, 0, 0, 0, 0
0, 0, 0, 0, 0, 0, 0, 0, 0, 0, 0, 0, 0, 0, 0, -0.0069398745, -0.0066276384, -0.007121203, -0.007502073, -0.00831929, -0.009104571, -0.009473457, -0.010163825, -0.010797873, -0.011096331, -0.011660018, -0.012184205, -0.012674882, -0.012909581, -0.013362353, -0.013797831, -0.014010619, -0.014428237, -0.014834549, -0.015227699, -0.015418244, -0.015785387, -0.016132604, -0.016298676, -0.016616633, -0.016918154, -0.017064046, -0.01734862, -0.01762607, -0.01789814, -0.018031886, -0.018293755, -0.0185463, -0.018668415, -0.018903395, -0.019125337, -0.019334551, -0.019434562, -0.019626651, -0.019809444, -0.01989765, -0.020068604, -0.020231554, -0.020309972, -0.020460248, -0.020601321, -0.02073339, -0.020796202, -0.02091547, -0.02102689, -0.021079872, -0.021180294, -0.02127344, -0.021358697, -0.02139809, -0.021469807, -0.021532036, -0.021559605, -0.021608014, -0.021647625, -0.021678811, -0.021691246, -0.021709597, -0.021718925, -0.021719923, -0.021713788, -0.021695891, -0.021682072, -0.021644646, -0.021594098, -0.021531248, -0.021495612, -0.02141659, -0.021328192, -0.021280797, -0.021179367, -0.021068979, -0.020948023, -0.020883093, -0.020742971, -0.020588284, -0.020505134, -0.020327013, -0.020133225, -0.020030534, -0.019814389, -0.019584464, -0.01934178, -0.019215606, -0.018952973, -0.018675497, -0.018530788, -0.018228658, -0.01790935, -0.017572995, -0.017398389, -0.01703727, -0.016660765, -0.0164671, -0.01606901, -0.015656052, -0.015443455, -0.0150048975, -0.01454678, -0.014068181, -0.0138211055, -0.013312685, -0.012786511, -0.012517414, -0.011968439, -0.011405135, -0.010824923, -0.01052638, -0.00990525, -0.009239793, -0.008885524, -0.008129174, -0.007336835, -0.0069654253, -0.0064808177, -0.006780723, 0, 0, 0, 0, 0, 0, 0, 0, 0, 0, 0, 0, 0, 0
0, 0, 0, 0, 0, 0, 0, 0, 0, 0, 0, 0, 0, 0, 0, -0.005610323, -0.0059137214, -0.0067429347, -0.0072210752, -0.008163975, -0.00902917, -0.009428769, -0.01016906, -0.010841257, -0.011155161, -0.011743562, -0.012285368, -0.012786823, -0.013024818, -0.013479626, -0.013912142, -0.014121931, -0.014530654, -0.014925775, -0.015306649, -0.015491042, -0.015846685, -0.016183907, -0.016345693, -0.016656622, -0.016952923, -0.017096717, -0.017377602, -0.017651416, -0.017918745, -0.018049493, -0.01830398, -0.018547026, -0.018663589, -0.018886557, -0.019095838, -0.01929291, -0.019387579, -0.019570628, -0.019747121, -0.019833269, -0.020001546, -0.020163318, -0.02024134, -0.020390129, -0.02052862, -0.020656316, -0.020716242, -0.020828906, -0.020932972, -0.020982228, -0.02107571, -0.02116281, -0.02124284, -0.021279924, -0.021347318, -0.0214053, -0.02143069, -0.021474287, -0.021508805, -0.021535138, -0.021545416, -0.021560173, -0.021567466, -0.021567859, -0.021561386, -0.021543676, -0.021529982, -0.02149241, -0.021441048, -0.021376602, -0.021339983, -0.02125907, -0.021169221, -0.02112138, -0.021020336, -0.020911539, -0.020793082, -0.02072956, -0.020592285, -0.020440033, -0.020357808, -0.020180808, -0.019987823, -0.019885687, -0.019671215, -0.01944453, -0.019206963, -0.019083984, -0.018829072, -0.018560259, -0.018419843, -0.01812591, -0.017813845, -0.01748403, -0.017312625, -0.016957939, -0.016588697, -0.01639894, -0.016009538, -0.015605775, -0.015397878, -0.014968121, -0.014517546, -0.014044678, -0.013799833, -0.01329453, -0.012770274, -0.012501587, -0.011952146, -0.011385401, -0.010796658, -0.010490789, -0.0098469835, -0.009144265, -0.00876412, -0.007935784, -0.0070240633, -0.00655844, -0.005746521, -0.0054430077, 0, 0, 0, 0, 0, 0, 0, 0, 0, 0, 0, 0, 0, 0
0, 0, 0, 0, 0, 0, 0, 0, 0, 0, 0, 0, 0, 0, 0, -0.0051189214, -0.0055953874, -0.006516181, -0.0070204223, -0.007997445, -0.008886939, -0.009297515, -0.010058078, -0.010749487, -0.011072779, -0.011679586, -0.012238967, -0.012757064, -0.013002552, -0.013470422, -0.013912317, -0.0141249765, -0.014535983, -0.014929291, -0.015305505, -0.0154870935, -0.015837451, -0.016171085, -0.016332028, -0.016643284, -0.016942624, -0.017088601, -0.017374476, -0.017652487, -0.017921926, -0.018052747, -0.01830514, -0.018543366, -0.018656822, -0.018872447, -0.01907434, -0.01926488, -0.019356877, -0.01953582, -0.019709628, -0.019794937, -0.019961664, -0.02012163, -0.020198312, -0.02034381, -0.020477857, -0.02060009, -0.020657193, -0.020764241, -0.020863185, -0.020910183, -0.020999772, -0.021083679, -0.021160837, -0.021196542, -0.02126117, -0.021315873, -0.0213393, -0.021378461, -0.021407673, -0.021428008, -0.02143519, -0.021444298, -0.021446206, -0.02144442, -0.021434234, -0.021413986, -0.021399377, -0.021360474, -0.021308009, -0.02124228, -0.021204935, -0.021121887, -0.021029491, -0.020980114, -0.020875718, -0.020763053, -0.020641161, -0.02057602, -0.020435816, -0.020280985, -0.020197583, -0.020018557, -0.019823942, -0.019721154, -0.019505814, -0.019279106, -0.019042367, -0.018920181, -0.018667659, -0.018401999, -0.01826328, -0.017973214, -0.017664833, -0.017338298, -0.017168345, -0.016816415, -0.016449986, -0.016261736, -0.015875649, -0.015476181, -0.015270654, -0.014846279, -0.014401725, -0.013934902, -0.013692912, -0.013192128, -0.01266996, -0.012401291, -0.01184864, -0.011274104, -0.010672092, -0.010357646, -0.009693174, -0.008965675, -0.008571922, -0.0077137104, -0.0067642187, -0.0062719383, -0.005369253, -0.0048940675, 0, 0, 0, 0, 0, 0, 0, 0, 0, 0, 0, 0, 0, 0
0, 0, 0, 0, 0, 0, 0, 0, 0, 0, 0, 0, 0, 0, -0.0075025954, -0.005812086, -0.0058546825, -0.0065996586, -0.007044008, -0.007931847, -0.008762334, -0.009151781, -0.009883395, -0.010559394, -0.010879123, -0.011485959, -0.012053038, -0.012584731, -0.012838564, -0.013324548, -0.013784487, -0.014005439, -0.014430585, -0.014834352, -0.015217866, -0.015402373, -0.015757885, -0.01609696, -0.016261077, -0.016579919, -0.016888324, -0.017039219, -0.017334573, -0.017621081, -0.017897252, -0.018030617, -0.01828665, -0.01852712, -0.018641422, -0.018858757, -0.019062838, -0.019256376, -0.019350005, -0.019532336, -0.019708911, -0.019795008, -0.019962141, -0.020120488, -0.020195704, -0.020337379, -0.020466901, -0.020585006, -0.020640206, -0.020744445, -0.020841815, -0.020888435, -0.020977428, -0.021060579, -0.021136492, -0.021171253, -0.021233408, -0.02128503, -0.02130659, -0.021341264, -0.021365222, -0.021379521, -0.021383425, -0.021385355, -0.021379938, -0.021374425, -0.021357238, -0.021330902, -0.02131378, -0.021270683, -0.021215107, -0.021146936, -0.021108124, -0.021021906, -0.02092483, -0.020872548, -0.020760704, -0.02063935, -0.020508202, -0.0204386, -0.020290261, -0.020128464, -0.020042185, -0.019858385, -0.019660082, -0.019555697, -0.019337334, -0.019107495, -0.018867066, -0.018743055, -0.018486599, -0.018217547, -0.01807756, -0.017785354, -0.017475804, -0.017148383, -0.016978087, -0.016625248, -0.01625785, -0.016069064, -0.015682196, -0.015282648, -0.01507773, -0.014656094, -0.014216382, -0.013756308, -0.013517871, -0.013024041, -0.012507013, -0.012239721, -0.0116871875, -0.011109127, -0.010501713, -0.010185035, -0.009519385, -0.008801216, -0.008418587, -0.00760135, -0.006726304, -0.0062880097, -0.005549363, -0.005480523, -0.0070421225, 0, 0, 0, 0, 0, 0, 0, 0, 0, 0, 0, 0, 0
0, 0, 0, 0, 0, 0, 0, 0, 0, 0, 0, 0, 0, 0, -0.006516172, -0.006006056, -0.0061779874, -0.0068017463, -0.007171768, -0.007925828, -0.008653712, -0.009003119, -0.009673481, -0.010309026, -0.010614851, -0.011204806, -0.01176725, -0.012304067, -0.012563275, -0.013064448, -0.013543079, -0.013774058, -0.0142190745, -0.014642052, -0.015043213, -0.015236002, -0.015607122, -0.015961148, -0.01613256, -0.016465716, -0.016787978, -0.016945368, -0.017253011, -0.017550433, -0.017836234, -0.017974282, -0.018239375, -0.018489655, -0.0186094, -0.018838454, -0.019055216, -0.019261708, -0.019361546, -0.019555122, -0.019740423, -0.019829756, -0.020000841, -0.020160358, -0.020235475, -0.020376274, -0.020505084, -0.020623125, -0.020678807, -0.020784536, -0.02088399, -0.020931544, -0.021021852, -0.021104962, -0.021179227, -0.021212567, -0.021271244, -0.021318408, -0.021337675, -0.021367623, -0.02138653, -0.021395296, -0.02139628, -0.021391405, -0.021377968, -0.021367887, -0.021341352, -0.021305578, -0.021283926, -0.021232674, -0.02117026, -0.021096058, -0.021054478, -0.020962263, -0.02085806, -0.020801522, -0.020679772, -0.02054696, -0.020403553, -0.020327842, -0.020168277, -0.019997021, -0.019906659, -0.019716222, -0.019512376, -0.019405436, -0.019181695, -0.018945679, -0.018697964, -0.018569786, -0.018304678, -0.01802718, -0.017883386, -0.017584743, -0.017270422, -0.016939536, -0.016767917, -0.016412662, -0.016042644, -0.015852468, -0.015462829, -0.015060946, -0.014855359, -0.014433602, -0.013996165, -0.013540634, -0.013305335, -0.012818432, -0.012308173, -0.012044016, -0.011496881, -0.0109239435, -0.010324044, -0.0100132665, -0.009368027, -0.008687753, -0.00833341, -0.0075964965, -0.0068356977, -0.0064635854, -0.0058352426, -0.005645866, -0.0061165197, 0, 0, 0, 0, 0, 0, 0, 0, 0, 0, 0, 0, 0
0, 0, 0, 0, 0, 0, 0, 0, 0, 0, 0, 0, 0, -0.008623535, -0.0073918123, -0.0062450436, -0.006339491, -0.0068787197, -0.0071985275, -0.007854369, -0.0084994, -0.008814494, -0.009429539, -0.010025573, -0.010316816, -0.010886156, -0.011438172, -0.011972644, -0.012233451, -0.012742143, -0.013233165, -0.013471822, -0.013934665, -0.014377769, -0.014800514, -0.015004381, -0.015397714, -0.015773619, -0.015955532, -0.016308656, -0.016648997, -0.01681464, -0.017137242, -0.017448043, -0.017746432, -0.017890872, -0.018169934, -0.018436035, -0.018564468, -0.018812178, -0.019048281, -0.01927363, -0.019382346, -0.019591609, -0.019789489, -0.019883852, -0.020062882, -0.020228252, -0.02030592, -0.020451555, -0.020585388, -0.020708846, -0.02076729, -0.020878345, -0.020982057, -0.021031145, -0.021122966, -0.021205246, -0.021276692, -0.021308033, -0.021361856, -0.021403799, -0.021420501, -0.021445595, -0.021460058, -0.021464434, -0.021462927, -0.021452421, -0.021431621, -0.02141721, -0.021380682, -0.021333504, -0.021306036, -0.021243244, -0.021169934, -0.021085747, -0.021039383, -0.020937935, -0.02082435, -0.020762863, -0.020630537, -0.020486236, -0.020330627, -0.020248918, -0.020077629, -0.019895682, -0.019800603, -0.019601397, -0.019389573, -0.019278832, -0.019047389, -0.01880304, -0.018546049, -0.018412923, -0.018137578, -0.017850194, -0.017701998, -0.017395841, -0.017076295, -0.01674212, -0.016569387, -0.016212812, -0.01584167, -0.015650861, -0.015259233, -0.0148547115, -0.0146475695, -0.014223407, -0.013784651, -0.013329786, -0.013095586, -0.012612553, -0.012108351, -0.011847838, -0.011309835, -0.010748761, -0.010165187, -0.009865048, -0.009248774, -0.008610766, -0.008283602, -0.007614095, -0.006934266, -0.006603152, -0.0060404846, -0.005913835, -0.006995591, -0.008178498, 0, 0, 0, 0, 0, 0, 0, 0, 0, 0, 0, 0
0, 0, 0, 0, 0, 0, 0, 0, 0, 0, 0, 0, 0, -0.006539594, -0.006129731, -0.0057528242, -0.0060682623, -0.0066612624, -0.0069839293, -0.007626764, -0.00825014, -0.008554124, -0.009149053, -0.0097288955, -0.010013658, -0.010572992, -0.011118501, -0.0116496915, -0.011909894, -0.012419751, -0.012915499, -0.013157988, -0.013631745, -0.014089836, -0.014531603, -0.014746204, -0.015162667, -0.015562549, -0.015756343, -0.01613233, -0.016493395, -0.016668607, -0.017008705, -0.01733541, -0.017649312, -0.017801736, -0.018097704, -0.01838236, -0.01852051, -0.018788157, -0.019043786, -0.01928717, -0.019404039, -0.019628102, -0.019838443, -0.019938387, -0.020127678, -0.020303, -0.020385722, -0.020541659, -0.020685524, -0.020818494, -0.020881101, -0.020998927, -0.021107096, -0.02115745, -0.021249967, -0.02133099, -0.021399753, -0.021429416, -0.021479318, -0.02151758, -0.02153241, -0.021553833, -0.021564668, -0.021565286, -0.021561664, -0.021546323, -0.021519292, -0.021501223, -0.021455664, -0.02139776, -0.021364488, -0.021289358, -0.021203186, -0.021106187, -0.021053618, -0.020940447, -0.020816006, -0.020749446, -0.020607436, -0.02045344, -0.020287875, -0.020200772, -0.020018565, -0.019825533, -0.01972476, -0.019514488, -0.019292174, -0.019176425, -0.018935563, -0.018682355, -0.018416826, -0.018279556, -0.0179963, -0.0177017, -0.017550223, -0.017238846, -0.016915692, -0.016580101, -0.016407296, -0.016051814, -0.015682627, -0.015492753, -0.015102252, -0.014697299, -0.014489424, -0.014062722, -0.013621118, -0.013163917, -0.012929207, -0.012447182, -0.011947225, -0.0116903605, -0.011162449, -0.010615379, -0.010049445, -0.009759643, -0.00916585, -0.008552434, -0.008237376, -0.0075883027, -0.006913567, -0.0065722037, -0.0059334254, -0.0055565713, -0.0058599575, -0.006242606, 0, 0, 0, 0, 0, 0, 0, 0, 0, 0, 0, 0
0, 0, 0, 0, 0, 0, 0, 0, 0, 0, 0, 0, 0, -0.0049138567, -0.004761799, -0.0048925793, -0.005485453, -0.0062157093, -0.0065802094, -0.0072781746, -0.007933891, -0.008248844, -0.008858845, -0.009448057, -0.009736161, -0.010300102, -0.010848149, -0.011380354, -0.0116407275, -0.012150531, -0.012646986, -0.012890567, -0.013368652, -0.013835078, -0.014289763, -0.014512413, -0.014947642, -0.0153684, -0.015572964, -0.015970007, -0.016350627, -0.016535046, -0.016892402, -0.01723545, -0.017565487, -0.017726129, -0.018039014, -0.018340899, -0.018487513, -0.018771306, -0.019041454, -0.01929711, -0.019419372, -0.019653115, -0.019872695, -0.019977426, -0.02017717, -0.020364322, -0.020453362, -0.020622164, -0.020778345, -0.020921746, -0.020988483, -0.0211124, -0.02122375, -0.021274777, -0.021367792, -0.021448614, -0.021517217, -0.021546844, -0.021596977, -0.021634951, -0.021649389, -0.02166926, -0.021677254, -0.02167383, -0.02166782, -0.021647144, -0.021614354, -0.021593235, -0.021540903, -0.021475287, -0.021437481, -0.021352222, -0.021254344, -0.021144712, -0.021085763, -0.02096006, -0.020824552, -0.020753078, -0.020602364, -0.020440722, -0.020267356, -0.020176107, -0.01998434, -0.019780153, -0.019673357, -0.019450696, -0.01921645, -0.01909522, -0.018844968, -0.018584574, -0.018313853, -0.018174559, -0.01788807, -0.017590974, -0.017438488, -0.017125012, -0.016800422, -0.016464768, -0.01629276, -0.015940074, -0.01557511, -0.015387793, -0.015002243, -0.014601165, -0.014394643, -0.013969312, -0.013527552, -0.013069851, -0.012835163, -0.012354701, -0.011859728, -0.011606704, -0.0110893315, -0.010555844, -0.010004523, -0.009721569, -0.009138503, -0.008528555, -0.008210833, -0.0075430553, -0.006821596, -0.0064399876, -0.0056596054, -0.0049879286, -0.004754418, -0.0048689554, 0, 0, 0, 0, 0, 0, 0, 0, 0, 0, 0, 0
0, 0, 0, 0, 0, 0, 0, 0, 0, 0, 0, 0, 0, -0.0039045054, -0.0038551418, -0.0042199814, -0.0049736304, -0.005806018, -0.00620854, -0.0069657792, -0.007663881, -0.007995167, -0.008630534, -0.009237746, -0.009532812, -0.0101077175, -0.0106634265, -0.011200568, -0.011462494, -0.011973976, -0.012470714, -0.012714304, -0.0131931, -0.013662414, -0.014122976, -0.014349816, -0.014795696, -0.015229261, -0.015440512, -0.015851138, -0.016244907, -0.016435573, -0.016805043, -0.017160194, -0.017502824, -0.017669838, -0.017995672, -0.018310169, -0.018462606, -0.018756693, -0.019034898, -0.019296527, -0.019421276, -0.019659718, -0.019884897, -0.019993162, -0.020201713, -0.020400003, -0.020495078, -0.020676166, -0.020843478, -0.02099544, -0.021065349, -0.021193372, -0.02130655, -0.021358225, -0.021452393, -0.021535344, -0.021607539, -0.021639386, -0.021693988, -0.02173547, -0.021750936, -0.021770725, -0.021775829, -0.021767221, -0.021758111, -0.021730883, -0.02169223, -0.021668484, -0.021611737, -0.021541849, -0.021501709, -0.021410555, -0.021304961, -0.021185383, -0.021121046, -0.020984381, -0.020838598, -0.02076264, -0.020604206, -0.020436367, -0.020257147, -0.020162752, -0.01996358, -0.019750033, -0.019638047, -0.01940446, -0.019159738, -0.01903396, -0.018776849, -0.01851275, -0.018241271, -0.01810249, -0.017817937, -0.017522827, -0.017370913, -0.017058115, -0.016733455, -0.016397802, -0.016226321, -0.015876153, -0.015516247, -0.0153322555, -0.014954556, -0.014562095, -0.014359747, -0.013941879, -0.013506798, -0.013054833, -0.012823149, -0.0123494305, -0.01186333, -0.011615807, -0.011111306, -0.010591798, -0.010053211, -0.009775256, -0.009197632, -0.008584355, -0.008261056, -0.0075729573, -0.0068180067, -0.0064135357, -0.005570718, -0.0047985245, -0.0044092126, -0.0044369595, 0, 0, 0, 0, 0, 0, 0, 0, 0, 0, 0, 0
0, 0, 0, 0, 0, 0, 0, 0, 0, 0, 0, 0, 0, -0.0037191943, -0.0037030976, -0.004095876, -0.004856035, -0.0056950115, -0.0061026313, -0.0068719336, -0.0075816577, -0.007917726, -0.008560615, -0.0091729835, -0.0094699375, -0.010048055, -0.010606431, -0.011145767, -0.0114084715, -0.011920649, -0.012416837, -0.012659576, -0.01313616, -0.0136029925, -0.014061753, -0.01428815, -0.014734083, -0.015168728, -0.01538093, -0.015793514, -0.016189426, -0.016381282, -0.0167535, -0.017112236, -0.017459529, -0.01762927, -0.017960975, -0.018281545, -0.018436844, -0.018735703, -0.019017493, -0.019281527, -0.01940732, -0.019647894, -0.01987647, -0.019987123, -0.020202028, -0.020408427, -0.02050784, -0.020697562, -0.02087235, -0.021029564, -0.02110136, -0.02123164, -0.0213461, -0.021398356, -0.021494707, -0.02158158, -0.02165946, -0.021694435, -0.021755418, -0.021801563, -0.021818336, -0.021838153, -0.021839784, -0.021825014, -0.021812228, -0.021778101, -0.021733815, -0.021707958, -0.021648722, -0.021577677, -0.021537002, -0.021444207, -0.02133516, -0.021210002, -0.021142012, -0.020997304, -0.020843277, -0.02076348, -0.020598857, -0.020426316, -0.020243676, -0.020147612, -0.019944832, -0.01972651, -0.019611752, -0.019372124, -0.019121872, -0.018993968, -0.018734321, -0.018470788, -0.01820266, -0.018066337, -0.01778729, -0.017497303, -0.017347442, -0.017037248, -0.01671344, -0.016378002, -0.01620672, -0.015858205, -0.0155027285, -0.015322065, -0.0149533395, -0.014572312, -0.014376238, -0.013971504, -0.013549447, -0.01311053, -0.012885481, -0.012425603, -0.011954606, -0.011715238, -0.011227533, -0.010724782, -0.01020127, -0.009929687, -0.009362307, -0.008756031, -0.008435728, -0.0077555496, -0.0070173065, -0.0066279382, -0.0058388007, -0.0051862085, -0.005173422, -0.00572439, 0, 0, 0, 0, 0, 0, 0, 0, 0, 0, 0, 0
0, 0, 0, 0, 0, 0, 0, 0, 0, 0, 0, 0, 0, -0.0050782487, -0.0045693493, -0.004597281, -0.005226247, -0.0059909616, -0.0063716136, -0.0070999763, -0.007779626, -0.008103217, -0.008724048, -0.009317542, -0.00960624, -0.010169995, -0.01071721, -0.011248042, -0.011507236, -0.012013135, -0.012502886, -0.01274219, -0.013210821, -0.013668181, -0.014116189, -0.014336903, -0.014771363, -0.015194731, -0.015401564, -0.0158041, -0.01619096, -0.016378706, -0.016743641, -0.017096259, -0.017438726, -0.017606618, -0.017935682, -0.018254735, -0.018409722, -0.018708644, -0.018990986, -0.019255923, -0.019382242, -0.019624233, -0.019854777, -0.019966576, -0.020184282, -0.020393807, -0.020494891, -0.020687466, -0.020864708, -0.02102353, -0.021095818, -0.021226803, -0.021341993, -0.021394825, -0.021493165, -0.02158323, -0.021665066, -0.021702243, -0.021766994, -0.021815699, -0.02183284, -0.021851532, -0.02184971, -0.021829685, -0.021814175, -0.02177461, -0.021726336, -0.021699332, -0.021639159, -0.021568894, -0.021528905, -0.021437274, -0.021328202, -0.021201428, -0.021132037, -0.020983243, -0.020824557, -0.020742444, -0.02057414, -0.020399574, -0.020216655, -0.020121086, -0.019919654, -0.019703062, -0.019588925, -0.019350575, -0.019101895, -0.018974964, -0.018718319, -0.01845919, -0.018197266, -0.01806439, -0.01779253, -0.017509466, -0.017362628, -0.017057324, -0.016736895, -0.016403768, -0.0162336, -0.015887922, -0.015536946, -0.01535947, -0.014999428, -0.014629861, -0.014440529, -0.014050791, -0.013644982, -0.01322342, -0.013007309, -0.01256619, -0.0121147, -0.011885301, -0.011417511, -0.0109345745, -0.010430402, -0.010168365, -0.009620815, -0.009037618, -0.008731242, -0.008087139, -0.007400796, -0.007044603, -0.0063325027, -0.0057327948, -0.0055559655, -0.005741269, 0, 0, 0, 0, 0, 0, 0, 0, 0, 0, 0, 0
0, 0, 0, 0, 0, 0, 0, 0, 0, 0, 0, 0, 0, -0.0052677905, -0.0051167994, -0.0053297537, -0.0059266435, -0.0066192644, -0.0069637084, -0.007626804, -0.00825124, -0.008550519, -0.009127759, -0.009682999, -0.009954353, -0.010486909, -0.011007363, -0.011515883, -0.011765243, -0.012253515, -0.012727074, -0.012958303, -0.01341029, -0.013849494, -0.014277598, -0.014487896, -0.014901053, -0.015303507, -0.015500418, -0.015884541, -0.0162549, -0.016434891, -0.016785378, -0.01712453, -0.017454319, -0.017616222, -0.017934266, -0.01824404, -0.018395137, -0.01868816, -0.018966986, -0.019230273, -0.019356104, -0.019597514, -0.019827016, -0.019938005, -0.020153254, -0.020359399, -0.020458575, -0.020647483, -0.02082136, -0.020978, -0.021049637, -0.021179736, -0.021294823, -0.021347588, -0.021445762, -0.021535316, -0.021616107, -0.02165263, -0.021715887, -0.021762807, -0.021779006, -0.021796064, -0.02179255, -0.02177106, -0.021754881, -0.021714037, -0.021664944, -0.021637866, -0.021578338, -0.02150946, -0.021470468, -0.021381175, -0.021274518, -0.021149907, -0.021081368, -0.02093382, -0.020775616, -0.020693792, -0.020526033, -0.020352915, -0.020173235, -0.020079957, -0.019884465, -0.019675147, -0.019565256, -0.019335307, -0.019095037, -0.018972177, -0.01872324, -0.0184715, -0.018216869, -0.01808762, -0.017823344, -0.017547963, -0.017405136, -0.017107876, -0.016795438, -0.016469987, -0.01630341, -0.01596476, -0.015620885, -0.015447123, -0.015095413, -0.01473582, -0.014552141, -0.014175531, -0.013784775, -0.013380255, -0.01317332, -0.012750969, -0.012318882, -0.012099003, -0.011650543, -0.011186697, -0.0107028475, -0.010451988, -0.009929777, -0.009378073, -0.00909045, -0.008490444, -0.007856679, -0.007528203, -0.006864841, -0.0062836693, -0.0061197635, -0.00643298, -0.0084677655, 0, 0, 0, 0, 0, 0, 0, 0, 0, 0, 0
0, 0, 0, 0, 0, 0, 0, 0, 0, 0, 0, 0, -0.008180312, -0.0062398566, -0.0059775477, -0.006187937, -0.0067664413, -0.0074063204, -0.007719934, -0.008321812, -0.008890855, -0.009164777, -0.009695134, -0.010207548, -0.010458583, -0.010952722, -0.011437763, -0.0119143035, -0.012148876, -0.012609817, -0.01305816, -0.013277247, -0.013704903, -0.014119178, -0.014521187, -0.014718021, -0.015104452, -0.015481563, -0.01566659, -0.016029019, -0.016380185, -0.016551403, -0.016884953, -0.01720727, -0.017519679, -0.01767262, -0.017972887, -0.018265681, -0.018409051, -0.018688783, -0.018957324, -0.019213231, -0.019336207, -0.01957192, -0.019795122, -0.019902308, -0.020108592, -0.020304158, -0.020397833, -0.02057621, -0.020741358, -0.020892061, -0.020961644, -0.02108944, -0.021202786, -0.02125463, -0.021349644, -0.02143421, -0.02150838, -0.021541292, -0.021597613, -0.02163932, -0.021653913, -0.021670004, -0.021668483, -0.021650817, -0.021636745, -0.021599913, -0.021553654, -0.021527605, -0.02146955, -0.021401871, -0.021363735, -0.021276996, -0.021174764, -0.021056186, -0.020991182, -0.020850824, -0.02069958, -0.020620905, -0.0204587, -0.02029072, -0.020116553, -0.020026518, -0.019839244, -0.019640524, -0.019536588, -0.019319769, -0.01909259, -0.018975874, -0.01873795, -0.01849511, -0.018247683, -0.018121889, -0.017864658, -0.017597474, -0.01745951, -0.017173782, -0.01687485, -0.016563622, -0.016404133, -0.016078599, -0.015745848, -0.0155770285, -0.015234089, -0.014882783, -0.0147035215, -0.01433658, -0.013957638, -0.013566816, -0.013367076, -0.012959708, -0.012542035, -0.012329079, -0.011893665, -0.011442956, -0.010973835, -0.010731605, -0.010230139, -0.00970453, -0.009431812, -0.008863708, -0.0082589425, -0.00794016, -0.007271858, -0.0066115367, -0.0061727716, -0.006176464, -0.0067693717, 0, 0, 0, 0, 0, 0, 0, 0, 0, 0, 0
0, 0, 0, 0, 0, 0, 0, 0, 0, 0, 0, 0, -0.007204015, -0.006616533, -0.006578487, -0.006939782, -0.00753161, -0.008144901, -0.008440422, -0.009005088, -0.009538798, -0.009795969, -0.010294162, -0.010774592, -0.011009414, -0.011470627, -0.011922675, -0.012366845, -0.012585946, -0.013017357, -0.013438118, -0.013643922, -0.014045394, -0.014433328, -0.014808518, -0.014991927, -0.015351699, -0.015703626, -0.015877001, -0.016218215, -0.016551025, -0.016713683, -0.017030625, -0.017335683, -0.01762893, -0.01777146, -0.01804955, -0.018319475, -0.01845163, -0.018710539, -0.01896144, -0.019202737, -0.01931929, -0.019543003, -0.019753912, -0.019854385, -0.020045795, -0.020225126, -0.020310571, -0.020473339, -0.02062563, -0.02076713, -0.020833544, -0.020957066, -0.021067241, -0.021117195, -0.021207118, -0.02128382, -0.021348335, -0.021376112, -0.021422934, -0.021458322, -0.021471519, -0.021488443, -0.021492237, -0.021482773, -0.02147303, -0.021444052, -0.021403467, -0.021379055, -0.021322465, -0.02125548, -0.021217884, -0.021134082, -0.021038024, -0.020929258, -0.020870216, -0.02074291, -0.020604763, -0.020531917, -0.020379579, -0.02021922, -0.020051314, -0.01996463, -0.01978523, -0.019597143, -0.019499665, -0.019297345, -0.0190854, -0.018975921, -0.018750586, -0.018517502, -0.018277276, -0.01815467, -0.017903846, -0.017645199, -0.01751265, -0.017240664, -0.016958665, -0.016666252, -0.016516194, -0.016208166, -0.01588968, -0.015726702, -0.015393082, -0.015049119, -0.014873231, -0.014513582, -0.014143252, -0.013762135, -0.013567386, -0.013169575, -0.012759387, -0.012549221, -0.012117598, -0.01166949, -0.011203313, -0.01096332, -0.010468694, -0.009952889, -0.009685669, -0.009127428, -0.008526457, -0.00820467, -0.0075114127, -0.0067750453, -0.0061374437, -0.0059577357, -0.0060413084, 0, 0, 0, 0, 0, 0, 0, 0, 0, 0, 0
0, 0, 0, 0, 0, 0, 0, 0, 0, 0, 0, 0, -0.008372583, -0.0070751887, -0.007021111, -0.007418507, -0.00803279, -0.008654091, -0.008951114, -0.009515949, -0.0100472635, -0.010302251, -0.010793545, -0.011262756, -0.011490152, -0.011933154, -0.012363594, -0.012784553, -0.012991915, -0.013400494, -0.0137995295, -0.013994793, -0.014375509, -0.014742353, -0.015095678, -0.015267845, -0.015604858, -0.015934443, -0.016097136, -0.0164187, -0.016734023, -0.01688857, -0.017189683, -0.017477969, -0.01775226, -0.017884225, -0.01813894, -0.018383365, -0.01850257, -0.018736156, -0.0189642, -0.019185686, -0.019293385, -0.019500762, -0.019695647, -0.019787991, -0.019962065, -0.02012317, -0.0201994, -0.020344669, -0.02048193, -0.020612137, -0.020674236, -0.02079146, -0.02089709, -0.020944841, -0.021029169, -0.021098427, -0.02115372, -0.021176822, -0.021215323, -0.021245271, -0.021257544, -0.021276422, -0.02128674, -0.021286406, -0.021281576, -0.021261413, -0.021226866, -0.021204293, -0.021149307, -0.021082778, -0.021045884, -0.02096569, -0.020877447, -0.02078139, -0.020730006, -0.020619739, -0.020498127, -0.020432705, -0.02029274, -0.020141192, -0.019979682, -0.019895859, -0.019723231, -0.019544538, -0.019453028, -0.019264877, -0.01906831, -0.018966438, -0.018754827, -0.018532738, -0.01830079, -0.018181445, -0.017937388, -0.017687036, -0.01755983, -0.017301189, -0.017035892, -0.01676201, -0.016621148, -0.01633023, -0.016025601, -0.015868038, -0.015542828, -0.015204892, -0.015031681, -0.014677503, -0.014313594, -0.013939325, -0.013747848, -0.013354659, -0.012945623, -0.012734389, -0.012297448, -0.011840479, -0.011363865, -0.011118369, -0.010613073, -0.010086893, -0.00981428, -0.009243681, -0.008627933, -0.008298205, -0.0075913584, -0.00685618, -0.0062825726, -0.0062176227, -0.007198063, 0, 0, 0, 0, 0, 0, 0, 0, 0, 0, 0
0, 0, 0, 0, 0, 0, 0, 0, 0, 0, 0, 0, -0.0071407463, -0.0067329453, -0.006860425, -0.007444573, -0.00815503, -0.008841054, -0.009164085, -0.009771825, -0.010335802, -0.010603539, -0.01111372, -0.011593405, -0.011823089, -0.012265519, -0.012689907, -0.013101432, -0.013303426, -0.013700941, -0.014088979, -0.014278783, -0.0146484645, -0.015003263, -0.015342733, -0.015507177, -0.01582709, -0.016138105, -0.016291264, -0.016594097, -0.016891815, -0.017038083, -0.017323298, -0.01759539, -0.017852137, -0.017974395, -0.018207714, -0.018428378, -0.018535152, -0.018744003, -0.01894875, -0.019149637, -0.019247953, -0.019438429, -0.019617748, -0.01970243, -0.019860977, -0.02000581, -0.02007382, -0.020203015, -0.020325493, -0.02044315, -0.020500103, -0.020609234, -0.02070889, -0.020754138, -0.020833524, -0.02089759, -0.020947108, -0.020967256, -0.021000292, -0.021026615, -0.021037988, -0.021057839, -0.021072378, -0.021078467, -0.021077229, -0.021063928, -0.021034626, -0.02101388, -0.020961367, -0.02089695, -0.020861423, -0.020786269, -0.020707175, -0.020624423, -0.02058098, -0.020487761, -0.020383043, -0.020325314, -0.020198235, -0.020056212, -0.01990188, -0.019821186, -0.019655226, -0.019485632, -0.01939975, -0.01922491, -0.01904349, -0.018949281, -0.018752383, -0.018542804, -0.018320886, -0.018205924, -0.017969502, -0.017727118, -0.017604409, -0.01735646, -0.017103866, -0.016843641, -0.016709447, -0.01643049, -0.016135247, -0.0159813, -0.015660955, -0.015326358, -0.015154532, -0.014803499, -0.014443368, -0.014072934, -0.013883045, -0.013490904, -0.013078441, -0.012863367, -0.012414697, -0.011940995, -0.011443549, -0.011186642, -0.010656838, -0.010104019, -0.009817262, -0.009216634, -0.008568689, -0.00822297, -0.0074862787, -0.0067214384, -0.006077685, -0.005912193, -0.006205179, 0, 0, 0, 0, 0, 0, 0, 0, 0, 0, 0
0, 0, 0, 0, 0, 0, 0, 0, 0, 0, 0, 0, -0.0057784794, -0.0059545897, -0.006274884, -0.007102244, -0.00795828, -0.008747091, -0.009112043, -0.009789447, -0.010407429, -0.010697244, -0.011243227, -0.011748809, -0.01198829, -0.012444502, -0.012876752, -0.013291869, -0.013494664, -0.013892452, -0.014279891, -0.014469197, -0.014837031, -0.01518863, -0.015522416, -0.01568278, -0.015991902, -0.01628894, -0.016434245, -0.01672008, -0.017000668, -0.017138556, -0.017407652, -0.017664582, -0.01790616, -0.018020723, -0.018237522, -0.018440038, -0.018537294, -0.01872654, -0.018911954, -0.019094894, -0.019185144, -0.019361014, -0.019527614, -0.0196063, -0.019753413, -0.019886458, -0.019948283, -0.020064449, -0.020173753, -0.020278694, -0.020329894, -0.020428916, -0.020521073, -0.020563504, -0.020638628, -0.020699657, -0.020746766, -0.020765617, -0.020796033, -0.020819683, -0.020829933, -0.02084819, -0.020862646, -0.020870665, -0.020870855, -0.020861486, -0.020836648, -0.020818261, -0.02077053, -0.020711282, -0.020678747, -0.02061056, -0.02054071, -0.020469498, -0.020432575, -0.020353317, -0.020262739, -0.020211777, -0.020097183, -0.019965751, -0.019820707, -0.019744452, -0.019587453, -0.019428063, -0.019347832, -0.019185822, -0.019018615, -0.018931828, -0.018749483, -0.018553263, -0.018342702, -0.018232578, -0.018004622, -0.01776959, -0.017650397, -0.017409403, -0.017164124, -0.016910886, -0.016779881, -0.016506169, -0.016214313, -0.016061144, -0.015741114, -0.015405549, -0.015232988, -0.014880783, -0.014519933, -0.014149018, -0.013958421, -0.013563321, -0.01314417, -0.012924175, -0.01246142, -0.011968627, -0.011447703, -0.01117757, -0.010618758, -0.010033801, -0.009729703, -0.009091675, -0.008401649, -0.008032653, -0.0072410293, -0.0063936575, -0.00558577, -0.005273063, -0.0050813896, 0, 0, 0, 0, 0, 0, 0, 0, 0, 0, 0
0, 0, 0, 0, 0, 0, 0, 0, 0, 0, 0, 0, -0.004868064, -0.005305686, -0.0057252524, -0.0066940305, -0.0076493314, -0.008517503, -0.008917081, -0.0096552335, -0.010323415, -0.010634912, -0.011218237, -0.011754419, -0.012006947, -0.012485212, -0.012934441, -0.013362214, -0.013570009, -0.013975665, -0.01436884, -0.014560451, -0.014932201, -0.015286485, -0.015621089, -0.015780888, -0.016086256, -0.01637591, -0.01651619, -0.016790029, -0.017056892, -0.01718773, -0.017443083, -0.01768757, -0.017918207, -0.018027589, -0.018234348, -0.018426372, -0.018517952, -0.018694934, -0.018867001, -0.019036345, -0.019120023, -0.019283937, -0.019440345, -0.019514605, -0.019653462, -0.019778652, -0.019836184, -0.01994277, -0.020040866, -0.020133827, -0.02017901, -0.020266807, -0.020349892, -0.020388832, -0.02045941, -0.020518333, -0.02056448, -0.020583034, -0.020612096, -0.020633297, -0.020641953, -0.02065646, -0.020667631, -0.02067389, -0.020674178, -0.020667005, -0.02064711, -0.020632094, -0.02059221, -0.020541552, -0.020513386, -0.020453706, -0.02039206, -0.020329041, -0.020296311, -0.020225994, -0.020145258, -0.020099651, -0.019996565, -0.019877432, -0.019744625, -0.019674437, -0.019529603, -0.019381993, -0.019307615, -0.01915725, -0.019001914, -0.01892122, -0.018750785, -0.018566081, -0.018365879, -0.018260276, -0.018040199, -0.017811075, -0.017694278, -0.017457169, -0.017214663, -0.01696318, -0.016832668, -0.01655905, -0.016265707, -0.016111245, -0.015787635, -0.015446878, -0.015271416, -0.014912748, -0.014545382, -0.014167626, -0.013973579, -0.013570784, -0.0131427925, -0.012917581, -0.012442672, -0.011934979, -0.011396424, -0.011116355, -0.010535858, -0.009927035, -0.009610217, -0.008945071, -0.008225115, -0.007839179, -0.0070061497, -0.0060959808, -0.005176664, -0.0047776243, -0.004351532, 0, 0, 0, 0, 0, 0, 0, 0, 0, 0, 0
0, 0, 0, 0, 0, 0, 0, 0, 0, 0, 0, 0, -0.004685959, -0.0051232846, -0.0055298298, -0.0064757913, -0.007424252, -0.008300717, -0.008708237, -0.009466411, -0.010157493, -0.010480984, -0.011088693, -0.011649579, -0.01191422, -0.012415692, -0.012885609, -0.013330531, -0.013545414, -0.0139623, -0.014363705, -0.0145586785, -0.014936571, -0.015296556, -0.015636679, -0.015798958, -0.016108228, -0.016399248, -0.016538953, -0.016809437, -0.017070217, -0.0171973, -0.017444845, -0.017682085, -0.017907035, -0.01801435, -0.018217713, -0.018406665, -0.018496314, -0.018667864, -0.018832237, -0.01899207, -0.019070469, -0.019224094, -0.019371329, -0.01944161, -0.019573834, -0.019693037, -0.019747688, -0.019847658, -0.01993736, -0.020020237, -0.020059938, -0.020136904, -0.020210374, -0.020245323, -0.020310124, -0.020365937, -0.020410806, -0.020428948, -0.020457106, -0.020476291, -0.020483367, -0.02049409, -0.020501504, -0.020505514, -0.02050564, -0.020500684, -0.020486698, -0.020475786, -0.020445777, -0.020405527, -0.020382265, -0.020331115, -0.020275744, -0.020217296, -0.020186506, -0.020120485, -0.020045776, -0.02000424, -0.019911176, -0.019804703, -0.019686006, -0.019622926, -0.01949161, -0.019355647, -0.019286443, -0.019144855, -0.01899717, -0.018919945, -0.018756462, -0.01857865, -0.01838518, -0.018282702, -0.018068036, -0.017842686, -0.01772707, -0.01749106, -0.017247964, -0.016994907, -0.01686316, -0.01658672, -0.01628994, -0.0161334, -0.015804568, -0.0154568115, -0.015277091, -0.014908457, -0.014529404, -0.014139411, -0.01393923, -0.013525098, -0.013087361, -0.012858031, -0.012376141, -0.011862758, -0.011319055, -0.011036394, -0.01045064, -0.009836964, -0.0095183095, -0.008851864, -0.00813556, -0.0077537666, -0.006934518, -0.006044315, -0.005144886, -0.004751055, -0.0043070125, 0, 0, 0, 0, 0, 0, 0, 0, 0, 0, 0
0, 0, 0, 0, 0, 0, 0, 0, 0, 0, 0, -0.0071597495, -0.005425996, -0.0053915596, -0.005688255, -0.0064915996, -0.007348877, -0.008166404, -0.008553529, -0.009284822, -0.00996375, -0.010285538, -0.010897252, -0.0114700105, -0.011742754, -0.012262778, -0.012752209, -0.013214835, -0.013437302, -0.013866548, -0.014277091, -0.014475795, -0.0148606105, -0.015228068, -0.015577221, -0.015744602, -0.016064527, -0.016365616, -0.016509697, -0.016786864, -0.017051045, -0.017178921, -0.01742655, -0.017663307, -0.017888416, -0.017996281, -0.018201815, -0.018393258, -0.018483661, -0.018655527, -0.018817296, -0.018971369, -0.019046126, -0.019191314, -0.019330172, -0.019396842, -0.019522915, -0.019637916, -0.019690746, -0.019787135, -0.019872358, -0.019949049, -0.019985046, -0.020053748, -0.020118605, -0.020149538, -0.020207565, -0.020258695, -0.020301057, -0.020318586, -0.020345937, -0.02036422, -0.020370662, -0.02037973, -0.020385358, -0.020388475, -0.02038891, -0.020386672, -0.020378347, -0.020371167, -0.02034998, -0.020318916, -0.020299848, -0.020255573, -0.020204492, -0.02014805, -0.020117963, -0.02005339, -0.01998198, -0.019943139, -0.019858243, -0.019762542, -0.019656189, -0.019599339, -0.01947921, -0.019351913, -0.019285763, -0.019148283, -0.019002657, -0.018926077, -0.018763734, -0.018587528, -0.018396232, -0.018294983, -0.018082138, -0.017857525, -0.017741531, -0.017503267, -0.01725644, -0.016998608, -0.016864507, -0.016583437, -0.0162826, -0.016123973, -0.015790569, -0.01543673, -0.015253004, -0.01487409, -0.014482138, -0.014078048, -0.013870994, -0.013444604, -0.012998618, -0.01276706, -0.012284992, -0.01177652, -0.011241564, -0.010964519, -0.010391862, -0.009794715, -0.00948644, -0.008847294, -0.00817145, -0.007816789, -0.007069656, -0.006281639, -0.0055289525, -0.005241081, -0.005233649, -0.006864363, 0, 0, 0, 0, 0, 0, 0, 0, 0, 0
0, 0, 0, 0, 0, 0, 0, 0, 0, 0, 0, -0.005357216, -0.005269551, -0.0056826086, -0.005999421, -0.0066950386, -0.0073873335, -0.00804902, -0.008368597, -0.008989128, -0.009589075, -0.009882488, -0.010457272, -0.011016052, -0.011289044, -0.011821024, -0.012332298, -0.012821063, -0.013056715, -0.013510831, -0.013942914, -0.0141515015, -0.014555051, -0.014942462, -0.015314933, -0.0154955, -0.015844997, -0.01617818, -0.01633836, -0.016645702, -0.016935863, -0.01707472, -0.017340645, -0.017592324, -0.017830947, -0.017945586, -0.01816529, -0.018371986, -0.018470297, -0.018656746, -0.018829815, -0.01899018, -0.019066012, -0.019209633, -0.019343946, -0.01940802, -0.019530376, -0.01964469, -0.01969852, -0.019798761, -0.019888697, -0.019968608, -0.020005006, -0.020071292, -0.020129783, -0.020156352, -0.020204669, -0.020247184, -0.020283898, -0.020299936, -0.02032719, -0.02034814, -0.020356324, -0.020368993, -0.020377181, -0.020381398, -0.020382036, -0.02037986, -0.020372713, -0.020366833, -0.020349195, -0.0203233, -0.020307027, -0.02026786, -0.020220941, -0.02016719, -0.02013802, -0.020075135, -0.020006143, -0.019969214, -0.019889552, -0.019800795, -0.019701293, -0.019647269, -0.019530604, -0.019402515, -0.019334447, -0.019190429, -0.019035872, -0.018954543, -0.01878332, -0.01860001, -0.018403098, -0.018299269, -0.018080449, -0.017846864, -0.017724896, -0.01747128, -0.017205672, -0.016927844, -0.01678406, -0.01648589, -0.01617177, -0.016008236, -0.015667027, -0.015306254, -0.015118453, -0.014729047, -0.014322705, -0.013901544, -0.013685999, -0.0132456375, -0.012793665, -0.012563292, -0.012093508, -0.0116104465, -0.011112549, -0.010857623, -0.010335434, -0.009797606, -0.009523403, -0.00896513, -0.008394483, -0.008104461, -0.007514605, -0.0069177253, -0.0063573224, -0.0061365324, -0.0060682683, -0.0072167674, -0.008459373, 0, 0, 0, 0, 0, 0, 0, 0, 0
0, 0, 0, 0, 0, 0, 0, 0, 0, 0, -0.007663566, -0.0065082223, -0.005564139, -0.0057877116, -0.00606326, -0.0066995174, -0.0073428126, -0.007962034, -0.008262857, -0.008850446, -0.009423148, -0.009704974, -0.01026059, -0.010805611, -0.011073937, -0.011600724, -0.012112714, -0.01260726, -0.0128472, -0.013311922, -0.01375574, -0.013970264, -0.014385391, -0.014783655, -0.015166712, -0.015352773, -0.01571394, -0.016060023, -0.016226996, -0.016548725, -0.016852994, -0.016998619, -0.017277226, -0.017540116, -0.017788853, -0.017908322, -0.018138062, -0.018355774, -0.018460155, -0.018659705, -0.018846577, -0.019020068, -0.019101866, -0.019255565, -0.019397484, -0.019464573, -0.019591829, -0.01971065, -0.019766863, -0.01987278, -0.019969424, -0.02005644, -0.020096289, -0.020168535, -0.020230975, -0.020258673, -0.020307772, -0.02034973, -0.020385738, -0.020401632, -0.020429604, -0.020452477, -0.020462014, -0.020477118, -0.020486603, -0.02049009, -0.0204895, -0.020483367, -0.020470642, -0.0204617, -0.020438809, -0.02040888, -0.02039133, -0.020351298, -0.020305028, -0.020252382, -0.020223616, -0.020160798, -0.020090243, -0.020051792, -0.01996782, -0.019873224, -0.019766929, -0.019709263, -0.019584872, -0.019448929, -0.019376926, -0.019224979, -0.019062616, -0.018977445, -0.018798994, -0.018608885, -0.01840576, -0.018298903, -0.018073546, -0.017832402, -0.01770602, -0.01744212, -0.017164322, -0.016873308, -0.016722988, -0.016412308, -0.01608802, -0.015920406, -0.015573673, -0.015210239, -0.0150219435, -0.014632286, -0.014225851, -0.013804213, -0.013588389, -0.013147683, -0.01269654, -0.012467371, -0.012002079, -0.0115267895, -0.01103972, -0.010791237, -0.010283555, -0.009761503, -0.009495411, -0.008953528, -0.008398564, -0.008115413, -0.0075354963, -0.006935416, -0.0063374345, -0.0060695973, -0.0057675927, -0.0061430596, -0.006552169, 0, 0, 0, 0, 0, 0, 0, 0, 0
0, 0, 0, 0, 0, 0, 0, 0, 0, 0, -0.0059649856, -0.005587448, -0.0052714916, -0.0056174616, -0.0059065167, -0.006548812, -0.0071936813, -0.007814752, -0.008116167, -0.008703507, -0.009273093, -0.009552131, -0.01010019, -0.010636243, -0.010900086, -0.011419796, -0.011928217, -0.012423911, -0.012666307, -0.013138577, -0.013592593, -0.013812469, -0.0142380865, -0.014645604, -0.015036588, -0.0152262645, -0.01559472, -0.01594911, -0.016120981, -0.01645361, -0.01677042, -0.016922541, -0.017214153, -0.017489277, -0.017749244, -0.017874015, -0.01811438, -0.018343497, -0.018454142, -0.018667756, -0.01887025, -0.019060094, -0.019149816, -0.019318268, -0.01947257, -0.01954479, -0.019680453, -0.019805823, -0.019865038, -0.019977035, -0.020080654, -0.020175733, -0.020219794, -0.02030053, -0.020370426, -0.020401232, -0.020455103, -0.020499852, -0.020537302, -0.020553704, -0.020582775, -0.020607024, -0.020617357, -0.020633884, -0.020643733, -0.020645717, -0.020643357, -0.02063223, -0.020612778, -0.020600202, -0.020570341, -0.020534972, -0.020515528, -0.020473067, -0.020425763, -0.020372551, -0.020343188, -0.02027779, -0.02020214, -0.020160131, -0.020067286, -0.019962372, -0.019845087, -0.019781865, -0.019646801, -0.019501023, -0.019424206, -0.01926294, -0.019091336, -0.01900145, -0.018813414, -0.018613786, -0.01840157, -0.018290324, -0.018056775, -0.017807743, -0.01767727, -0.017404707, -0.017117055, -0.016815063, -0.01665896, -0.016336922, -0.016002364, -0.01583056, -0.015477506, -0.015111059, -0.014922407, -0.014533731, -0.014129723, -0.013711035, -0.013496454, -0.013057672, -0.012607425, -0.012378386, -0.011913064, -0.011437515, -0.010950506, -0.010702057, -0.010193976, -0.00967006, -0.009401739, -0.008851626, -0.0082806, -0.007985373, -0.0073688123, -0.0067075547, -0.0060037533, -0.0056528705, -0.005069305, -0.0049378267, -0.0050907535, 0, 0, 0, 0, 0, 0, 0, 0, 0
0, 0, 0, 0, 0, 0, 0, 0, 0, 0, -0.004641849, -0.004500489, -0.00463328, -0.0052079386, -0.005559592, -0.006280358, -0.0069754655, -0.0076336, -0.007950121, -0.008561074, -0.009145912, -0.0094294995, -0.00998113, -0.010515195, -0.010776635, -0.011290521, -0.01179416, -0.012287916, -0.012530701, -0.013006495, -0.01346668, -0.01369005, -0.014122689, -0.014536189, -0.014931709, -0.01512334, -0.015495702, -0.015855271, -0.016030414, -0.016371507, -0.016699227, -0.016857496, -0.017162003, -0.017449856, -0.017721474, -0.017851658, -0.018102078, -0.018341256, -0.018457264, -0.018682508, -0.01889832, -0.019102849, -0.019200092, -0.019383455, -0.019551266, -0.019629307, -0.019774985, -0.019908072, -0.019970527, -0.020088797, -0.020199208, -0.020301864, -0.02035028, -0.020439882, -0.020518713, -0.020553676, -0.020614723, -0.02066472, -0.020705534, -0.02072302, -0.020753585, -0.020778826, -0.020789515, -0.02080644, -0.02081615, -0.020816693, -0.020813128, -0.02079806, -0.020773364, -0.020757968, -0.020722318, -0.020681763, -0.020659953, -0.020613672, -0.02056274, -0.020505404, -0.020473383, -0.020401116, -0.020316374, -0.020269044, -0.020164432, -0.02004684, -0.01991735, -0.019848388, -0.019702345, -0.019546432, -0.019464608, -0.019293135, -0.019110514, -0.019014739, -0.018814323, -0.01860208, -0.018377827, -0.018261118, -0.018018128, -0.017761594, -0.017628063, -0.017350063, -0.017057085, -0.016749213, -0.016589811, -0.016260896, -0.015919605, -0.015744707, -0.015386988, -0.01501829, -0.014829532, -0.0144424755, -0.014041759, -0.0136269145, -0.0134141315, -0.012978011, -0.012528629, -0.012299246, -0.01183127, -0.011350935, -0.010857252, -0.010604614, -0.010086382, -0.009548944, -0.009272182, -0.008700287, -0.008099056, -0.0077849505, -0.0071215834, -0.0063992054, -0.005613613, -0.005209118, -0.0044728415, -0.004114999, -0.0041672015, 0, 0, 0, 0, 0, 0, 0, 0, 0
0, 0, 0, 0, 0, 0, 0, 0, 0, 0, -0.0038386066, -0.0037909006, -0.0041417433, -0.004864718, -0.0052664024, -0.0060589025, -0.006803874, -0.0074989144, -0.007830286, -0.008464954, -0.009065952, -0.009355118, -0.0099132685, -0.010448328, -0.01070877, -0.011218542, -0.011717056, -0.012206278, -0.012447418, -0.012921426, -0.013381681, -0.013605565, -0.014039653, -0.014454656, -0.01485145, -0.0150437, -0.015417749, -0.01578024, -0.015957654, -0.016305111, -0.016641539, -0.016804961, -0.017120564, -0.017419597, -0.017701654, -0.01783661, -0.018095432, -0.018342135, -0.01846168, -0.01869447, -0.018918745, -0.01913325, -0.019236, -0.019431058, -0.019610565, -0.019694244, -0.01985009, -0.0199919, -0.020058168, -0.02018355, -0.020300845, -0.020410929, -0.020463178, -0.020560881, -0.02064796, -0.02068704, -0.020755656, -0.020811988, -0.020857403, -0.020876532, -0.020909175, -0.020935353, -0.020946113, -0.020963004, -0.020972315, -0.020972006, -0.020967761, -0.020950986, -0.020923696, -0.020906622, -0.020867115, -0.020821929, -0.020797502, -0.020745065, -0.02068691, -0.020620713, -0.020583691, -0.020500438, -0.020403571, -0.020349959, -0.020232733, -0.020103285, -0.019962795, -0.019888833, -0.0197334, -0.01956809, -0.01948152, -0.019299574, -0.01910508, -0.019002935, -0.018788954, -0.018562866, -0.018325845, -0.018203449, -0.017950999, -0.017688101, -0.017552432, -0.017271874, -0.01697774, -0.016669186, -0.016509421, -0.016179547, -0.015836865, -0.01566136, -0.015302732, -0.014934231, -0.014746175, -0.014361559, -0.013964679, -0.013554241, -0.01334369, -0.012911533, -0.012464668, -0.0122359255, -0.01176786, -0.011285219, -0.010786587, -0.010530545, -0.01000326, -0.009453038, -0.009168402, -0.008577458, -0.007953226, -0.0076266346, -0.0069384114, -0.006196506, -0.00540406, -0.0050024786, -0.0042809043, -0.003920635, -0.00394491, 0, 0, 0, 0, 0, 0, 0, 0, 0
0, 0, 0, 0, 0, 0, 0, 0, 0, 0, -0.003783312, -0.0037638615, -0.004136879, -0.0048640366, -0.0052665966, -0.0060613207, -0.0068089934, -0.007506354, -0.007838462, -0.008473689, -0.009074561, -0.009363347, -0.009920127, -0.010452412, -0.010710861, -0.011215332, -0.0117065795, -0.012187463, -0.012424199, -0.012889614, -0.013342043, -0.013562622, -0.013991104, -0.014402196, -0.0147965625, -0.014988139, -0.015361505, -0.015724452, -0.015902588, -0.016252356, -0.0165927, -0.016758533, -0.017079893, -0.017385459, -0.017674103, -0.01781215, -0.01807679, -0.01832834, -0.018450007, -0.018686583, -0.018914921, -0.019134346, -0.01924019, -0.019442618, -0.019630948, -0.019719528, -0.019885186, -0.020036643, -0.020107618, -0.020241573, -0.020366568, -0.020483594, -0.020539068, -0.02064316, -0.020736566, -0.020778824, -0.020853737, -0.020915847, -0.020966101, -0.020987166, -0.021022398, -0.02104961, -0.021060457, -0.021076918, -0.021085415, -0.021084325, -0.021079736, -0.02106236, -0.021034123, -0.021016229, -0.020973746, -0.020923592, -0.020895926, -0.020835103, -0.020766282, -0.020687623, -0.020644106, -0.020547457, -0.020437902, -0.020378364, -0.020250449, -0.020111648, -0.019963136, -0.019885447, -0.019722534, -0.019549422, -0.019458542, -0.019267306, -0.019062646, -0.018955206, -0.018730355, -0.018493723, -0.01824701, -0.018120416, -0.017861113, -0.017593604, -0.017456574, -0.017174799, -0.016881263, -0.016574776, -0.016416479, -0.016089985, -0.01575112, -0.015577543, -0.015222623, -0.014857899, -0.01467179, -0.0142916385, -0.01389984, -0.013495257, -0.013287877, -0.012862292, -0.012422564, -0.012197419, -0.011736343, -0.0112600755, -0.010766374, -0.01051209, -0.009986427, -0.009435543, -0.009149729, -0.00855546, -0.007928319, -0.007601434, -0.006919065, -0.0061974498, -0.005451649, -0.005088864, -0.004505201, -0.0045345724, -0.005061155, 0, 0, 0, 0, 0, 0, 0, 0, 0
0, 0, 0, 0, 0, 0, 0, 0, 0, 0, -0.005213682, -0.004685451, -0.0046774317, -0.0052666776, -0.00562555, -0.006354803, -0.0070538307, -0.0077124014, -0.008027575, -0.008633652, -0.009211089, -0.009490224, -0.010031329, -0.010551401, -0.010804361, -0.011297676, -0.011776555, -0.012242977, -0.012471747, -0.0129204085, -0.0133565795, -0.013569614, -0.013985288, -0.014386629, -0.014774232, -0.014963122, -0.015332289, -0.015691321, -0.01586748, -0.016213147, -0.016549313, -0.016713282, -0.017031826, -0.01733627, -0.017625522, -0.01776442, -0.018031621, -0.018285794, -0.01840864, -0.018647065, -0.018876664, -0.019097479, -0.01920438, -0.019410256, -0.019604282, -0.019696437, -0.019870905, -0.020032173, -0.020108068, -0.020251181, -0.020383801, -0.02050678, -0.020564578, -0.02067261, -0.020769635, -0.020813663, -0.020892428, -0.020958688, -0.02101299, -0.021035885, -0.02107385, -0.02110229, -0.021113232, -0.021128692, -0.021135565, -0.021132838, -0.021127608, -0.021109015, -0.021079373, -0.021060515, -0.021015054, -0.020959409, -0.020928033, -0.020857744, -0.02077713, -0.020685628, -0.020635603, -0.020526838, -0.020407004, -0.020343017, -0.02020778, -0.020063238, -0.01990943, -0.019829063, -0.01966063, -0.019481251, -0.01938706, -0.019189274, -0.018978681, -0.01886852, -0.018639386, -0.01839953, -0.018150343, -0.018022638, -0.01776127, -0.017491955, -0.017354086, -0.017071366, -0.01677812, -0.016473757, -0.016317304, -0.015996141, -0.015664278, -0.01549456, -0.015147745, -0.014790966, -0.014608635, -0.014235995, -0.0138518, -0.013455516, -0.01325274, -0.012837849, -0.012410857, -0.012192879, -0.0117473835, -0.0112879835, -0.010811422, -0.010565613, -0.0100565255, -0.009521804, -0.009244111, -0.00866698, -0.008059956, -0.007744799, -0.007090484, -0.006403847, -0.005694443, -0.005344344, -0.004736044, -0.0045058066, -0.0046497993, 0, 0, 0, 0, 0, 0, 0, 0, 0
0, 0, 0, 0, 0, 0, 0, 0, 0, 0, -0.005337902, -0.0051649213, -0.005330409, -0.00588457, -0.0062092417, -0.0068674153, -0.007500492, -0.008100189, -0.00838872, -0.008946841, -0.009484107, -0.009746225, -0.010258417, -0.010755354, -0.010998046, -0.0114719365, -0.01193103, -0.012375589, -0.012592837, -0.013017539, -0.013430247, -0.013632498, -0.014028946, -0.014415232, -0.014791145, -0.014975204, -0.015335422, -0.015685216, -0.015856165, -0.016190363, -0.016513929, -0.016671589, -0.01697848, -0.017273767, -0.017557338, -0.017694801, -0.017961036, -0.018215962, -0.018339401, -0.018578395, -0.01880762, -0.019027267, -0.019133616, -0.019339198, -0.019534985, -0.019629093, -0.019809086, -0.019977633, -0.020057373, -0.020207841, -0.020346157, -0.020472672, -0.020531593, -0.020640656, -0.020738224, -0.02078262, -0.020862726, -0.020931225, -0.020988444, -0.021012837, -0.021053508, -0.021083305, -0.021094257, -0.02110865, -0.021112818, -0.021107057, -0.021100333, -0.021079132, -0.021047004, -0.02102678, -0.020977816, -0.020917116, -0.020882292, -0.020803925, -0.02071391, -0.020612739, -0.02055812, -0.020441445, -0.020315576, -0.020249456, -0.020110965, -0.019963576, -0.019806653, -0.019724265, -0.019551264, -0.019366918, -0.019270502, -0.019069348, -0.018857695, -0.018748168, -0.0185221, -0.01828697, -0.018043132, -0.017917791, -0.017660055, -0.017392358, -0.017254746, -0.016971633, -0.016678475, -0.01637593, -0.016221352, -0.015906336, -0.0155837005, -0.01541943, -0.0150843505, -0.014739539, -0.014563047, -0.014201474, -0.01382807, -0.013443248, -0.013246811, -0.012846584, -0.012437063, -0.012228893, -0.011805278, -0.011369857, -0.010919158, -0.010686885, -0.010205987, -0.009701433, -0.009439831, -0.008897752, -0.008329789, -0.008035697, -0.007425032, -0.006779861, -0.006096673, -0.0057453415, -0.0050715753, -0.0046160766, -0.0045687975, 0, 0, 0, 0, 0, 0, 0, 0, 0
0, 0, 0, 0, 0, 0, 0, 0, 0, -0.007974044, -0.0060583446, -0.005775697, -0.005956017, -0.006519478, -0.0068337927, -0.0074535753, -0.008037799, -0.008586313, -0.008849665, -0.00935991, -0.009853859, -0.010096271, -0.010573112, -0.011039249, -0.011267908, -0.011715249, -0.012148112, -0.012565727, -0.012769009, -0.013165853, -0.013551578, -0.013741174, -0.014114901, -0.014482214, -0.014842476, -0.01501957, -0.0153666, -0.015702605, -0.015866159, -0.016184015, -0.01648985, -0.016638534, -0.01692839, -0.017209448, -0.01748286, -0.017616833, -0.017878925, -0.0181322, -0.018255237, -0.018493218, -0.018720072, -0.018935991, -0.019040132, -0.019241398, -0.019434204, -0.019527525, -0.019707784, -0.019878471, -0.01995966, -0.020113109, -0.020253431, -0.020380346, -0.02043886, -0.020546393, -0.020642253, -0.020685948, -0.020765536, -0.020834947, -0.020894377, -0.020920109, -0.020963177, -0.02099444, -0.021005502, -0.0210186, -0.021020027, -0.0210105, -0.021001963, -0.020977166, -0.020942304, -0.020920698, -0.02086897, -0.020805135, -0.02076843, -0.020685531, -0.020590618, -0.020484831, -0.020428278, -0.02030889, -0.020181824, -0.020115495, -0.019976925, -0.019828977, -0.019670086, -0.019586226, -0.019409526, -0.01922133, -0.019123489, -0.018921427, -0.01871207, -0.018605122, -0.018386707, -0.01816133, -0.017927503, -0.017806774, -0.017556528, -0.01729376, -0.01715772, -0.016876593, -0.016585464, -0.016286599, -0.016135, -0.01582844, -0.015517502, -0.015360081, -0.015039728, -0.01470997, -0.014540905, -0.014193499, -0.01383409, -0.013463844, -0.013275154, -0.012892219, -0.012502671, -0.012305487, -0.011905624, -0.011496016, -0.011073224, -0.010855728, -0.010406688, -0.009938139, -0.009696298, -0.00919797, -0.00867945, -0.008411724, -0.00785611, -0.007265423, -0.0066304062, -0.0062994277, -0.005665178, -0.005331266, -0.005500072, -0.0072054216, 0, 0, 0, 0, 0, 0, 0, 0
0, 0, 0, 0, 0, 0, 0, 0, 0, -0.006462684, -0.0059113614, -0.0059213885, -0.0063692485, -0.007021597, -0.0073509505, -0.007971787, -0.008536532, -0.009056454, -0.009303846, -0.009780346, -0.010239965, -0.010465323, -0.010908953, -0.011343634, -0.011557303, -0.011975762, -0.012380875, -0.012771207, -0.012960976, -0.013331069, -0.013691111, -0.013868447, -0.014219218, -0.014565946, -0.014908193, -0.0150769, -0.015408225, -0.015728736, -0.01588434, -0.016185632, -0.016473932, -0.016613843, -0.01688668, -0.017152902, -0.01741438, -0.017543582, -0.017798472, -0.01804679, -0.018167702, -0.018401444, -0.018623115, -0.018832544, -0.018932944, -0.019126501, -0.019311778, -0.019401865, -0.019576829, -0.01974398, -0.019824011, -0.019975463, -0.020113936, -0.020238537, -0.020295667, -0.020400325, -0.020493595, -0.020536391, -0.020615036, -0.02068495, -0.020745862, -0.020772653, -0.020817647, -0.020850139, -0.020861333, -0.020873373, -0.02087254, -0.020860221, -0.020850193, -0.020822959, -0.020786298, -0.020764217, -0.020711878, -0.020647613, -0.020610757, -0.020527625, -0.020432295, -0.02032649, -0.020270241, -0.020152073, -0.020026982, -0.019961676, -0.019824836, -0.01967767, -0.019518323, -0.019433714, -0.019254979, -0.019064946, -0.018966554, -0.018765055, -0.018559318, -0.01845517, -0.018244417, -0.018028565, -0.017804602, -0.017688688, -0.017446907, -0.017191198, -0.017058091, -0.016782856, -0.016498126, -0.016207717, -0.016061269, -0.015767017, -0.015470636, -0.0153210545, -0.015016987, -0.014703539, -0.014542425, -0.014210865, -0.013867128, -0.01351328, -0.013333411, -0.0129692685, -0.012599989, -0.012413477, -0.012035398, -0.0116483765, -0.011249171, -0.011044229, -0.010622616, -0.010185526, -0.009961444, -0.009502827, -0.009029888, -0.008787219, -0.00828495, -0.007751636, -0.007177001, -0.0068763546, -0.0062910416, -0.005914303, -0.005930251, -0.006450134, 0, 0, 0, 0, 0, 0, 0, 0
0, 0, 0, 0, 0, 0, 0, 0, 0, -0.005933764, -0.005843322, -0.0060168197, -0.006638065, -0.0073544458, -0.007697619, -0.008329652, -0.008894264, -0.009407487, -0.0096495785, -0.0101121375, -0.010553405, -0.010768168, -0.011188535, -0.01159839, -0.0117996065, -0.012193958, -0.012576285, -0.012945325, -0.013124758, -0.013474583, -0.013814574, -0.013981795, -0.014312494, -0.014639547, -0.01496296, -0.015122965, -0.015437935, -0.01574383, -0.015892593, -0.016180532, -0.016455958, -0.016589403, -0.016849648, -0.017103603, -0.017353667, -0.017477518, -0.017722458, -0.017961865, -0.018078603, -0.018304162, -0.018517854, -0.018718675, -0.018814664, -0.018999005, -0.019175205, -0.01926088, -0.019427652, -0.019587861, -0.01966493, -0.019811459, -0.019945985, -0.020067291, -0.020123018, -0.02022524, -0.020316634, -0.020358752, -0.020436704, -0.020506812, -0.020568391, -0.020595454, -0.020641247, -0.020674005, -0.020685049, -0.020696558, -0.020694764, -0.02068146, -0.02067111, -0.020643579, -0.020607254, -0.020585578, -0.020534629, -0.020472426, -0.020436712, -0.02035608, -0.020263407, -0.020160338, -0.020105558, -0.019990264, -0.019868072, -0.019804215, -0.019669915, -0.019524928, -0.01936721, -0.019283297, -0.019105766, -0.018917141, -0.01881974, -0.018620688, -0.018418502, -0.018316606, -0.018110912, -0.017900806, -0.017683385, -0.017570743, -0.017336085, -0.017088082, -0.016959285, -0.016693791, -0.016420495, -0.016143309, -0.016004203, -0.01572532, -0.015444767, -0.015303024, -0.015014158, -0.014715326, -0.0145614585, -0.014244545, -0.013916145, -0.013578761, -0.013407593, -0.013061457, -0.012710701, -0.012533285, -0.01217279, -0.01180212, -0.011418612, -0.01122163, -0.010816743, -0.010398473, -0.010184868, -0.009749432, -0.009303016, -0.00907456, -0.008603079, -0.008103229, -0.007565142, -0.00728304, -0.0067294636, -0.006371883, -0.006423553, -0.0076150214, 0, 0, 0, 0, 0, 0, 0, 0
0, 0, 0, 0, 0, 0, 0, 0, 0, -0.0073017627, -0.0062546777, -0.006293941, -0.0068180393, -0.007506304, -0.007845096, -0.008478538, -0.009051698, -0.009574998, -0.009821413, -0.010289397, -0.010730532, -0.010942971, -0.011355008, -0.011753045, -0.011947651, -0.012328743, -0.0126987565, -0.013056806, -0.013231114, -0.013570403, -0.013898501, -0.014059011, -0.0143746855, -0.014684907, -0.014991059, -0.015142669, -0.015442246, -0.015735418, -0.015878778, -0.016157687, -0.01642559, -0.016555533, -0.016808495, -0.01705391, -0.017293932, -0.017412191, -0.017645339, -0.017872889, -0.017983845, -0.018198725, -0.018402856, -0.018595418, -0.01868759, -0.01886451, -0.019033438, -0.019115442, -0.019274974, -0.019428214, -0.019502154, -0.019643355, -0.019773979, -0.019892827, -0.019947637, -0.020048767, -0.020139394, -0.020181302, -0.020258784, -0.02032826, -0.020388812, -0.02041542, -0.020460032, -0.020491855, -0.020502593, -0.020513957, -0.020512529, -0.020500138, -0.020490376, -0.020464394, -0.020429784, -0.020409161, -0.020360492, -0.020301083, -0.020267105, -0.020189874, -0.020101115, -0.020001868, -0.01994883, -0.019836955, -0.019717755, -0.019655421, -0.019524146, -0.019382566, -0.019229023, -0.019147467, -0.01897519, -0.018792234, -0.018697659, -0.01850386, -0.018306015, -0.018205926, -0.01800315, -0.017795768, -0.017581249, -0.017470647, -0.017241437, -0.017001286, -0.01687742, -0.01662375, -0.016364617, -0.016102603, -0.015971212, -0.015707223, -0.015440133, -0.015304393, -0.015026714, -0.014738344, -0.0145896645, -0.014283747, -0.013967548, -0.013643774, -0.013479772, -0.013148168, -0.012811385, -0.012640326, -0.012290815, -0.011928913, -0.011551952, -0.011357433, -0.010956509, -0.010540865, -0.010327888, -0.009892549, -0.009443517, -0.009212522, -0.008733036, -0.00822027, -0.007662438, -0.007365735, -0.00675982, -0.006264651, -0.0061638257, -0.006556267, 0, 0, 0, 0, 0, 0, 0, 0
0, 0, 0, 0, 0, 0, 0, 0, 0, -0.0063964296, -0.006035183, -0.006161358, -0.0067231953, -0.0074113724, -0.0077524534, -0.008399693, -0.008995559, -0.009544581, -0.009803539, -0.01029378, -0.010751807, -0.010970424, -0.011390445, -0.011792196, -0.011987558, -0.012369163, -0.01273948, -0.013097934, -0.013272272, -0.013610776, -0.013935706, -0.014093289, -0.014400358, -0.014698737, -0.014991232, -0.015135854, -0.015422564, -0.015705232, -0.015844466, -0.016117334, -0.016381228, -0.01650953, -0.016758556, -0.016998267, -0.017229853, -0.017342938, -0.017564315, -0.017779645, -0.01788477, -0.018089406, -0.018285505, -0.018472362, -0.0185623, -0.018735664, -0.01890118, -0.018981267, -0.019136325, -0.019284647, -0.019356089, -0.019492783, -0.019620368, -0.019737568, -0.019792013, -0.019892922, -0.019983573, -0.020025307, -0.020101737, -0.020169232, -0.020227168, -0.020252338, -0.020294162, -0.0203243, -0.020334715, -0.020346386, -0.020346511, -0.02033629, -0.020327706, -0.020303918, -0.020271346, -0.020251628, -0.020204835, -0.020147763, -0.020115217, -0.020041661, -0.019957038, -0.019862253, -0.019811442, -0.01970354, -0.019587921, -0.0195272, -0.019399354, -0.019262074, -0.019114302, -0.019036308, -0.018872214, -0.018698256, -0.018608151, -0.018422581, -0.01823112, -0.01813337, -0.017934058, -0.017728923, -0.01751673, -0.017407723, -0.017183391, -0.016951168, -0.016832255, -0.01659016, -0.016343689, -0.016094448, -0.015968831, -0.015714958, -0.015455531, -0.015322965, -0.015050436, -0.014767123, -0.0146211535, -0.014321394, -0.014012707, -0.013697045, -0.013537118, -0.013213268, -0.012882695, -0.012713961, -0.012367319, -0.012005579, -0.011626078, -0.011429127, -0.011020932, -0.010593548, -0.010372614, -0.00991616, -0.009438032, -0.009189138, -0.008665997, -0.008098277, -0.007470724, -0.0071313977, -0.00641208, -0.0057214973, -0.0054611666, -0.0053536342, 0, 0, 0, 0, 0, 0, 0, 0
0, 0, 0, 0, 0, 0, 0, 0, 0, -0.0052618496, -0.0053641465, -0.0056226384, -0.0063227275, -0.0070756823, -0.0074402653, -0.0081296945, -0.008765709, -0.009352996, -0.009630018, -0.010153488, -0.010640223, -0.0108713675, -0.011312847, -0.011731738, -0.011934462, -0.01232868, -0.0127095785, -0.013077031, -0.013255339, -0.013600321, -0.01392887, -0.01408719, -0.014392711, -0.014686092, -0.014971105, -0.01511154, -0.015389818, -0.015665082, -0.015801324, -0.016069666, -0.016330719, -0.016457848, -0.016704246, -0.016939888, -0.01716504, -0.017274216, -0.017486643, -0.017692624, -0.017793529, -0.017991235, -0.018182885, -0.018367575, -0.018457098, -0.018630268, -0.018795354, -0.018874839, -0.019027459, -0.01917206, -0.019241348, -0.019374067, -0.01949848, -0.019613894, -0.019667977, -0.019768495, -0.019858705, -0.019899935, -0.019974684, -0.020039184, -0.020093488, -0.020116748, -0.02015566, -0.02018426, -0.02019465, -0.020207563, -0.02021025, -0.02020318, -0.0201961, -0.020174827, -0.020143908, -0.02012488, -0.020079287, -0.020023972, -0.019992564, -0.019922566, -0.01984272, -0.01975352, -0.01970549, -0.019602798, -0.019491557, -0.019432835, -0.019308645, -0.019175606, -0.019033477, -0.01895897, -0.018803285, -0.018639116, -0.018554017, -0.018378075, -0.018195001, -0.018100824, -0.017907115, -0.017706146, -0.017497951, -0.0173912, -0.017172575, -0.016947513, -0.01683282, -0.016599538, -0.016361598, -0.016119173, -0.015996018, -0.015745325, -0.015487046, -0.015354441, -0.015081907, -0.014799097, -0.014653897, -0.014356348, -0.014050285, -0.013736614, -0.013577043, -0.013252403, -0.012918564, -0.012747445, -0.012394538, -0.0120248385, -0.011635452, -0.011432792, -0.011010124, -0.010563014, -0.010329571, -0.009841359, -0.009321638, -0.009047963, -0.008467539, -0.007832311, -0.0071275905, -0.0067454693, -0.005928105, -0.005108551, -0.0047637355, -0.0044482336, 0, 0, 0, 0, 0, 0, 0, 0
0, 0, 0, 0, 0, 0, 0, 0, 0, -0.004364264, -0.004668403, -0.005005548, -0.0058163647, -0.0066420035, -0.007035446, -0.0077741654, -0.008452549, -0.009077729, -0.009372432, -0.00992936, -0.010447115, -0.010692857, -0.011161551, -0.011604516, -0.011818003, -0.0122311395, -0.0126276165, -0.013007807, -0.013191641, -0.013546283, -0.013882901, -0.014044567, -0.0143553475, -0.014651765, -0.014937482, -0.015077572, -0.015353798, -0.015626136, -0.015760757, -0.016026225, -0.01628493, -0.016410947, -0.016655235, -0.016888412, -0.017110297, -0.017217444, -0.017425723, -0.017627759, -0.017727, -0.017922204, -0.018112905, -0.018297981, -0.018387929, -0.018561902, -0.018726854, -0.018805662, -0.01895586, -0.01909659, -0.019163625, -0.019291893, -0.01941256, -0.019525258, -0.01957854, -0.019677998, -0.01976727, -0.019807817, -0.019880679, -0.01994246, -0.019993562, -0.020015452, -0.020052282, -0.020080443, -0.02009138, -0.020106733, -0.020113168, -0.020110134, -0.020104896, -0.020086456, -0.020057563, -0.020039175, -0.019994874, -0.019941295, -0.019911306, -0.019845048, -0.019770702, -0.019687971, -0.019643273, -0.019546913, -0.019440876, -0.019384092, -0.019263446, -0.01913355, -0.018995302, -0.018923258, -0.018773641, -0.018617084, -0.01853618, -0.018368926, -0.018194301, -0.018104022, -0.017917346, -0.017722446, -0.017519798, -0.017415749, -0.017202659, -0.016983382, -0.01687138, -0.016642869, -0.016407806, -0.01616602, -0.016042372, -0.015789013, -0.015527123, -0.015392751, -0.015117238, -0.014832999, -0.01468755, -0.014390024, -0.014083221, -0.013766519, -0.013604312, -0.01327161, -0.012926702, -0.012749243, -0.012382893, -0.011999369, -0.011596377, -0.01138657, -0.0109482305, -0.010481674, -0.01023649, -0.0097195655, -0.009163974, -0.008869946, -0.008245394, -0.00756454, -0.0068167937, -0.006415259, -0.0055635246, -0.004706265, -0.0043334616, -0.0039276313, 0, 0, 0, 0, 0, 0, 0, 0
0, 0, 0, 0, 0, 0, 0, 0, 0, -0.0038394844, -0.004237037, -0.004604296, -0.0054534427, -0.006305161, -0.0067100287, -0.0074698552, -0.008167864, -0.008812326, -0.00911683, -0.009694279, -0.010234115, -0.010491302, -0.010983151, -0.011448174, -0.011671794, -0.012102812, -0.012513604, -0.012905284, -0.013094145, -0.013458192, -0.013804491, -0.013971166, -0.014292199, -0.014598613, -0.014892983, -0.015036555, -0.015317772, -0.015592345, -0.015727323, -0.015992226, -0.016249796, -0.01637535, -0.016619062, -0.016852302, -0.017075056, -0.01718284, -0.017392464, -0.017595932, -0.017695814, -0.017892197, -0.018083602, -0.018269217, -0.0183593, -0.018532803, -0.018696217, -0.018773848, -0.018920744, -0.019057356, -0.019122265, -0.019246297, -0.019363334, -0.01947347, -0.019525751, -0.019624013, -0.01971268, -0.019752938, -0.019824915, -0.01988536, -0.019935042, -0.019956276, -0.01999261, -0.020021655, -0.020033602, -0.02005214, -0.020062834, -0.020064367, -0.020061126, -0.020046359, -0.020020079, -0.020002745, -0.019960338, -0.019909047, -0.019880507, -0.019818269, -0.019749502, -0.019673076, -0.019631637, -0.019541452, -0.01944049, -0.019385757, -0.019267993, -0.019139946, -0.01900368, -0.018932814, -0.01878637, -0.018634006, -0.018555675, -0.018394044, -0.01822525, -0.01813788, -0.01795688, -0.01776712, -0.017569002, -0.017467009, -0.017257433, -0.017040733, -0.01692965, -0.016701454, -0.016464768, -0.01621931, -0.016093215, -0.01583449, -0.015567263, -0.015430633, -0.015151696, -0.014865488, -0.014719517, -0.014420824, -0.014111355, -0.013788999, -0.013622456, -0.01327834, -0.012918958, -0.012733615, -0.01235157, -0.011953316, -0.011537437, -0.011321768, -0.010872214, -0.010394061, -0.010142394, -0.00961115, -0.00903947, -0.008737575, -0.00809981, -0.0074136406, -0.0066748406, -0.006285086, -0.0054742377, -0.004679346, -0.0043414123, -0.0039871465, 0, 0, 0, 0, 0, 0, 0, 0
0, 0, 0, 0, 0, 0, 0, 0, 0, -0.003910932, -0.0042622075, -0.0045982725, -0.0053902566, -0.006198394, -0.0065863812, -0.0073203775, -0.008000588, -0.008634162, -0.008935705, -0.009512073, -0.0100567825, -0.010318371, -0.010821299, -0.011298922, -0.0115286885, -0.01197069, -0.012390313, -0.012789027, -0.012981131, -0.013352355, -0.0137076, -0.013879617, -0.014213163, -0.014533324, -0.014840987, -0.014990515, -0.015281376, -0.015562379, -0.015699448, -0.01596672, -0.016225671, -0.016351938, -0.016597975, -0.016834889, -0.017062873, -0.01717362, -0.0173891, -0.017597664, -0.017699525, -0.017898597, -0.018091012, -0.018276038, -0.018365419, -0.018537, -0.018698066, -0.018774474, -0.018918827, -0.019052947, -0.019116692, -0.019238625, -0.019353904, -0.019462906, -0.019514844, -0.01961301, -0.019702211, -0.019742798, -0.019815538, -0.019876495, -0.019926654, -0.019948114, -0.019985124, -0.020015595, -0.020028578, -0.02004995, -0.020064207, -0.020069689, -0.020068517, -0.020057375, -0.0200341, -0.020018034, -0.019978093, -0.01992925, -0.019902099, -0.01984328, -0.01977844, -0.01970664, -0.019667532, -0.019581918, -0.019484872, -0.01943172, -0.019316392, -0.019190209, -0.019055221, -0.018984975, -0.018839939, -0.018689314, -0.018611932, -0.018452367, -0.018285686, -0.01819928, -0.018019749, -0.017831182, -0.017633582, -0.01753158, -0.017321512, -0.017103333, -0.016991066, -0.016759682, -0.016518628, -0.016267713, -0.016138764, -0.015874187, -0.01560167, -0.015462792, -0.015180014, -0.014890784, -0.014743391, -0.01444157, -0.014127633, -0.013798479, -0.013627558, -0.013272636, -0.01290094, -0.012709205, -0.012314852, -0.01190635, -0.011482903, -0.01126463, -0.010812105, -0.010333881, -0.010083324, -0.009556674, -0.008993887, -0.008698745, -0.008081223, -0.007427842, -0.006738722, -0.0063819326, -0.0056570224, -0.004989594, -0.004749732, -0.0048290086, -0.0064569204, 0, 0, 0, 0, 0, 0, 0
0, 0, 0, 0, 0, 0, 0, 0, -0.0064098323, -0.004781239, -0.0047041406, -0.0049445974, -0.0056111105, -0.0063298475, -0.006680706, -0.0073521035, -0.007982902, -0.008578591, -0.008865218, -0.009419387, -0.009950633, -0.010208229, -0.010707635, -0.011185341, -0.011415823, -0.01185975, -0.012281339, -0.012682294, -0.012875965, -0.013251752, -0.0136141535, -0.0137909325, -0.014135869, -0.014469106, -0.01478994, -0.014945559, -0.015247147, -0.015536276, -0.015676532, -0.015949035, -0.016212514, -0.01634121, -0.016593013, -0.016837224, -0.017073547, -0.017188588, -0.017412338, -0.017627448, -0.017731663, -0.017933479, -0.018126473, -0.01831044, -0.018398969, -0.01856897, -0.018729083, -0.018805206, -0.018949902, -0.019085081, -0.019149467, -0.019272631, -0.01938902, -0.019498926, -0.019551395, -0.019650817, -0.019741511, -0.019783106, -0.019857746, -0.019920606, -0.019972183, -0.019994233, -0.020032309, -0.020063562, -0.02007705, -0.020099577, -0.020115413, -0.020122958, -0.020123005, -0.020114468, -0.020093989, -0.020079195, -0.020041557, -0.019994883, -0.019968688, -0.019911453, -0.01984825, -0.019778026, -0.01973983, -0.019656157, -0.019561395, -0.019509444, -0.0193965, -0.019272557, -0.019139366, -0.019070014, -0.018926367, -0.018776597, -0.018699318, -0.018539267, -0.018370979, -0.018283375, -0.018100986, -0.017908704, -0.017706746, -0.017602388, -0.017387327, -0.01716367, -0.017048607, -0.016811544, -0.016564852, -0.016308283, -0.01617644, -0.015906306, -0.015628187, -0.015486465, -0.015197826, -0.014902177, -0.014751404, -0.014442437, -0.014121093, -0.013784418, -0.013609732, -0.013247435, -0.012868967, -0.012674233, -0.012274905, -0.01186353, -0.011439713, -0.01122244, -0.010775107, -0.010306985, -0.010063837, -0.009557458, -0.009023434, -0.008746329, -0.008172408, -0.007573445, -0.0069491146, -0.006627411, -0.0059712366, -0.0053441357, -0.0050889514, -0.0049096253, -0.005385884, 0, 0, 0, 0, 0, 0, 0
0, 0, 0, 0, 0, 0, 0, 0, -0.005371418, -0.004895546, -0.00507538, -0.0053302515, -0.0059536085, -0.0065992977, -0.006912512, -0.0075135147, -0.0080838185, -0.008629855, -0.0088956235, -0.009415448, -0.009920952, -0.010168513, -0.010652293, -0.011119207, -0.011345776, -0.011784111, -0.012202696, -0.012603126, -0.012797425, -0.013176253, -0.013544065, -0.013724366, -0.0140775805, -0.014420106, -0.0147504965, -0.014910794, -0.015221194, -0.015518401, -0.015662476, -0.015942557, -0.016213842, -0.016346676, -0.016607407, -0.016861208, -0.017107274, -0.01722689, -0.017458854, -0.01768013, -0.017786574, -0.017991165, -0.018185174, -0.018369367, -0.018458053, -0.01862889, -0.01879091, -0.01886851, -0.019016849, -0.019156208, -0.019222703, -0.019349609, -0.019468842, -0.019580849, -0.019634152, -0.019735003, -0.019827232, -0.019869674, -0.019946223, -0.02001103, -0.020064177, -0.020086871, -0.020125533, -0.020156603, -0.020169673, -0.020191224, -0.02020616, -0.020213382, -0.020213593, -0.02020609, -0.020187277, -0.020173546, -0.020137914, -0.02009272, -0.020067014, -0.020009916, -0.01994584, -0.019874465, -0.019835792, -0.019751742, -0.019657345, -0.01960606, -0.019494971, -0.01937319, -0.01924226, -0.01917381, -0.019031404, -0.018881751, -0.018804014, -0.01864187, -0.018469967, -0.018380096, -0.01819205, -0.017992932, -0.017783443, -0.017675104, -0.017451733, -0.01722006, -0.017101109, -0.016856972, -0.016603827, -0.01634139, -0.016206594, -0.015930379, -0.015645286, -0.015499501, -0.015201461, -0.014894903, -0.014738289, -0.014417508, -0.014085373, -0.013740125, -0.013562372, -0.01319621, -0.012816628, -0.012622162, -0.012224708, -0.011816371, -0.011397036, -0.011182871, -0.010744522, -0.010290895, -0.010057771, -0.009578078, -0.009080708, -0.0088254325, -0.008301988, -0.007760351, -0.007195878, -0.0069030435, -0.0062937518, -0.0056734947, -0.005388033, -0.00501611, -0.0051108464, 0, 0, 0, 0, 0, 0, 0
0, 0, 0, 0, 0, 0, 0, 0, -0.005113577, -0.0050169188, -0.0053852894, -0.0056682276, -0.0062809433, -0.0068783634, -0.007163468, -0.007708758, -0.008228904, -0.008731616, -0.008978356, -0.009464427, -0.009941665, -0.010176845, -0.010639416, -0.011089982, -0.011309996, -0.011738999, -0.012152909, -0.012552611, -0.01274777, -0.013129865, -0.013502268, -0.013685017, -0.014043326, -0.014391086, -0.014727108, -0.014890421, -0.015207623, -0.015512932, -0.015661469, -0.015951507, -0.016233409, -0.01637178, -0.016643418, -0.016907604, -0.017162824, -0.017286547, -0.01752532, -0.017751867, -0.017860467, -0.018068524, -0.01826539, -0.018452639, -0.018542973, -0.018717727, -0.01888427, -0.018964365, -0.019118017, -0.01926233, -0.019331051, -0.019461554, -0.019583259, -0.019696571, -0.019750265, -0.019851418, -0.019944051, -0.019986792, -0.020064257, -0.02013034, -0.0201848, -0.020207904, -0.020246742, -0.020276923, -0.020289205, -0.020308401, -0.02032083, -0.020325983, -0.020325435, -0.020317484, -0.02029935, -0.02028633, -0.020252146, -0.020207936, -0.020182308, -0.020124689, -0.020058747, -0.019985002, -0.019945074, -0.01985889, -0.019763367, -0.019711835, -0.01960093, -0.019479781, -0.019349234, -0.019280765, -0.019137653, -0.018985992, -0.018906819, -0.018741127, -0.018564627, -0.01847215, -0.018278077, -0.018072063, -0.017854815, -0.01774228, -0.017510116, -0.01726947, -0.017146196, -0.016893769, -0.016633183, -0.016363991, -0.016225932, -0.01594258, -0.015649093, -0.015498315, -0.015188611, -0.0148683125, -0.014704443, -0.014369181, -0.014024466, -0.0136702005, -0.013489504, -0.013121102, -0.012742865, -0.012550125, -0.012156775, -0.011752913, -0.011338023, -0.0111264065, -0.010694894, -0.01025248, -0.01002734, -0.0095697455, -0.009102523, -0.008865141, -0.008381766, -0.007882913, -0.007361065, -0.0070885182, -0.006517894, -0.005939789, -0.0056860186, -0.0054881317, -0.006438061, 0, 0, 0, 0, 0, 0, 0
0, 0, 0, 0, 0, 0, 0, 0, -0.006456008, -0.0054919473, -0.005678459, -0.0059266877, -0.0064944187, -0.007056075, -0.0073247673, -0.007840416, -0.00833401, -0.008812877, -0.009048221, -0.009512087, -0.009967563, -0.010192298, -0.010635326, -0.01106962, -0.011283328, -0.011703608, -0.012114161, -0.0125151165, -0.012712016, -0.013098776, -0.013476034, -0.013660958, -0.0140229035, -0.014373967, -0.01471392, -0.014879777, -0.015203831, -0.015518335, -0.015672307, -0.015974322, -0.016268775, -0.01641322, -0.016695926, -0.016969446, -0.017231958, -0.017358791, -0.017602962, -0.017834233, -0.017945161, -0.01815821, -0.01836066, -0.018553741, -0.018647159, -0.018827785, -0.018999603, -0.019082101, -0.019239804, -0.01938717, -0.019456945, -0.019588962, -0.019711256, -0.019824393, -0.019877765, -0.019978102, -0.020069852, -0.02011237, -0.020189898, -0.020256573, -0.020311886, -0.020335332, -0.02037448, -0.020404018, -0.02041558, -0.020432677, -0.020442512, -0.020445086, -0.020443544, -0.020434178, -0.020415733, -0.020402817, -0.020369342, -0.02032562, -0.020299975, -0.020241553, -0.020173972, -0.020097667, -0.020056307, -0.019967267, -0.019869087, -0.019816369, -0.019703243, -0.019579705, -0.019446088, -0.0193757, -0.019227957, -0.01907092, -0.018988816, -0.01881743, -0.018635638, -0.018540628, -0.018341817, -0.01813095, -0.017908297, -0.017792534, -0.017553229, -0.017304268, -0.017176682, -0.016915198, -0.016646018, -0.016368924, -0.016227052, -0.015936134, -0.015634356, -0.015478878, -0.015158753, -0.014826362, -0.014655861, -0.014307532, -0.01395106, -0.013588089, -0.013404448, -0.013032917, -0.012654742, -0.0124626, -0.012071034, -0.011668246, -0.011253611, -0.01104195, -0.01061078, -0.010171188, -0.009948836, -0.009500151, -0.009046504, -0.008817147, -0.008350799, -0.007867681, -0.007357792, -0.007089379, -0.006523239, -0.005940106, -0.00567258, -0.0053524836, -0.005675493, 0, 0, 0, 0, 0, 0, 0
0, 0, 0, 0, 0, 0, 0, 0, -0.0057001538, -0.00536055, -0.0056636347, -0.0059235543, -0.0064953696, -0.007057809, -0.0073275086, -0.007845666, -0.008341127, -0.00881947, -0.009053203, -0.009511015, -0.009957038, -0.010176067, -0.010607276, -0.011031268, -0.011241063, -0.011656644, -0.012067227, -0.012471893, -0.012671479, -0.013064326, -0.013447035, -0.013634309, -0.0140001755, -0.01435497, -0.014699872, -0.014869007, -0.01520155, -0.015527047, -0.015687225, -0.016002044, -0.016308745, -0.016458625, -0.016750384, -0.017030422, -0.017297706, -0.017426409, -0.01767447, -0.017910445, -0.018024208, -0.018243926, -0.018453714, -0.018654222, -0.018751033, -0.018937362, -0.019113282, -0.019197162, -0.019356277, -0.019504055, -0.019573864, -0.019705597, -0.019827517, -0.019940231, -0.019993298, -0.02009287, -0.020183772, -0.020225964, -0.020302959, -0.020369643, -0.020425526, -0.020449392, -0.020489087, -0.020518698, -0.020529943, -0.02054615, -0.020554168, -0.020554535, -0.020551931, -0.020540623, -0.020520754, -0.020507319, -0.020473238, -0.020428916, -0.02040296, -0.020343326, -0.020273939, -0.02019516, -0.020152338, -0.020059936, -0.019958133, -0.019903459, -0.019785995, -0.019657612, -0.019518059, -0.019444166, -0.019288694, -0.019123312, -0.019037163, -0.018858386, -0.018670693, -0.018573407, -0.018371247, -0.01815807, -0.017932806, -0.017815484, -0.017571662, -0.017316336, -0.017184757, -0.016914615, -0.016636403, -0.016350867, -0.016205268, -0.015907535, -0.015599728, -0.015441257, -0.015114813, -0.014775223, -0.014600791, -0.014244084, -0.013879181, -0.013508516, -0.013321641, -0.012944982, -0.012563147, -0.012369426, -0.0119749, -0.011568465, -0.01114905, -0.010934596, -0.010497507, -0.010051682, -0.009826423, -0.009372357, -0.008913203, -0.008680787, -0.008206198, -0.0077100196, -0.007179626, -0.0068974183, -0.0062928605, -0.005644889, -0.0053234454, -0.0047990484, -0.0047027, 0, 0, 0, 0, 0, 0, 0
0, 0, 0, 0, 0, 0, 0, 0, -0.004736022, -0.004819197, -0.005328291, -0.0056427843, -0.006281944, -0.0068879304, -0.007175268, -0.007723234, -0.008242276, -0.00873811, -0.008978242, -0.00944463, -0.00989403, -0.010113436, -0.010543858, -0.010966715, -0.011176362, -0.011593453, -0.0120078195, -0.012417957, -0.01262062, -0.013019507, -0.013407686, -0.013597354, -0.013967801, -0.014327565, -0.014678874, -0.014852008, -0.015194267, -0.015531021, -0.015696986, -0.016022876, -0.01633865, -0.016492007, -0.016788667, -0.017071262, -0.017340077, -0.0174697, -0.017720262, -0.01796055, -0.018077241, -0.018303752, -0.018520944, -0.018728087, -0.018827608, -0.019017698, -0.019195478, -0.01927948, -0.019438352, -0.019585488, -0.019655138, -0.019787144, -0.019909993, -0.020023985, -0.020077625, -0.02017799, -0.020268908, -0.020310787, -0.020387098, -0.020453284, -0.020508915, -0.020532902, -0.020572975, -0.020602895, -0.020614285, -0.020630093, -0.020637, -0.020635415, -0.020631569, -0.020617737, -0.020595346, -0.020580664, -0.020544423, -0.020498024, -0.02047097, -0.02040905, -0.020336917, -0.02025502, -0.020210449, -0.02011422, -0.0200084, -0.019951576, -0.019829798, -0.0196965, -0.019551007, -0.019473795, -0.019310681, -0.019137219, -0.019047083, -0.018861052, -0.018667955, -0.018568665, -0.01836413, -0.018150125, -0.017924597, -0.017807016, -0.017561438, -0.017302388, -0.017168133, -0.01689148, -0.016605873, -0.016313234, -0.016164599, -0.015862163, -0.015551176, -0.015391706, -0.015063677, -0.0147223985, -0.01454686, -0.014187007, -0.013817477, -0.013441063, -0.013250915, -0.012867465, -0.0124788, -0.01228195, -0.0118809715, -0.0114681525, -0.011041751, -0.010823393, -0.010377511, -0.009920888, -0.009689367, -0.00922054, -0.008743383, -0.0085005555, -0.008001701, -0.007476207, -0.00691035, -0.0066074594, -0.005953913, -0.0052397503, -0.0048740427, -0.0042228824, -0.003946839, 0, 0, 0, 0, 0, 0, 0
0, 0, 0, 0, 0, 0, 0, 0, -0.0039963834, -0.004264744, -0.004907466, -0.005269381, -0.005979785, -0.0066381195, -0.0069471584, -0.0075319363, -0.008080775, -0.008600488, -0.008850783, -0.009333963, -0.009796695, -0.010021567, -0.010461497, -0.010892499, -0.01110588, -0.011530012, -0.0119507145, -0.012366488, -0.012571652, -0.012974887, -0.013366948, -0.013558442, -0.0139328325, -0.014297375, -0.014654858, -0.01483155, -0.015181683, -0.015526564, -0.015696196, -0.016028114, -0.01634734, -0.016501488, -0.016797962, -0.01707913, -0.017346727, -0.017476154, -0.017727785, -0.01797119, -0.018089987, -0.018321494, -0.018543554, -0.018754385, -0.01885504, -0.019046184, -0.019223632, -0.019307278, -0.019465482, -0.019612895, -0.019683257, -0.019817483, -0.019943578, -0.020060945, -0.020116031, -0.020218536, -0.02030996, -0.020351604, -0.020426663, -0.020491187, -0.020545462, -0.020568816, -0.020608207, -0.02063796, -0.020649137, -0.020664314, -0.020669863, -0.020666031, -0.020660771, -0.02064361, -0.020617696, -0.020601392, -0.02056172, -0.02051218, -0.020483514, -0.020418212, -0.020342346, -0.020256493, -0.020209862, -0.020109693, -0.020000245, -0.019941943, -0.01981751, -0.01968186, -0.019533947, -0.0194553, -0.019288592, -0.019110983, -0.019018607, -0.018828267, -0.018631626, -0.018531056, -0.018325059, -0.01811091, -0.017886285, -0.017769262, -0.01752465, -0.017265365, -0.017130535, -0.01685158, -0.016562792, -0.016266748, -0.01611665, -0.015812192, -0.015500619, -0.01534141, -0.015014625, -0.014675165, -0.014500371, -0.0141409775, -0.013770203, -0.013390347, -0.013197732, -0.012808208, -0.012412868, -0.012212587, -0.011805271, -0.011386823, -0.010955133, -0.010733998, -0.010281239, -0.009815096, -0.009577397, -0.0090929475, -0.00859566, -0.00834115, -0.007816817, -0.0072643533, -0.006672144, -0.0063569685, -0.005681648, -0.004947824, -0.004570797, -0.0038816927, -0.0035288467, 0, 0, 0, 0, 0, 0, 0
0, 0, 0, 0, 0, 0, 0, 0, -0.0035956018, -0.003947226, -0.0046365405, -0.005013899, -0.0057496913, -0.006431436, -0.0067518544, -0.007358488, -0.007927641, -0.008466274, -0.0087256, -0.009226483, -0.009706192, -0.009939237, -0.010394553, -0.010839085, -0.011058273, -0.011491804, -0.011918873, -0.012338319, -0.012544606, -0.0129490495, -0.013341873, -0.013533831, -0.013909739, -0.014276607, -0.014636967, -0.014815243, -0.015168048, -0.015514483, -0.01568429, -0.016015131, -0.016331434, -0.016483543, -0.016775597, -0.017052582, -0.017317167, -0.017445695, -0.017696943, -0.01794115, -0.018060628, -0.01829336, -0.018516028, -0.018726284, -0.0188262, -0.019015474, -0.019191183, -0.019274198, -0.019432116, -0.019580914, -0.019652333, -0.019789772, -0.01991946, -0.020040017, -0.020096263, -0.020199982, -0.02029105, -0.02033191, -0.020404777, -0.020466633, -0.02051834, -0.02054065, -0.020578282, -0.020606535, -0.020617059, -0.020630583, -0.020634098, -0.020627534, -0.020620693, -0.020599905, -0.020570448, -0.020552378, -0.020509407, -0.020456772, -0.020426624, -0.02035819, -0.020278981, -0.020189427, -0.020141084, -0.020037685, -0.019925928, -0.019866902, -0.019742362, -0.019608026, -0.01946229, -0.0193849, -0.019220596, -0.019044647, -0.018952819, -0.018762782, -0.01856576, -0.018465033, -0.018259006, -0.018045494, -0.017822564, -0.017706854, -0.017465502, -0.01721014, -0.017077187, -0.016801829, -0.016515816, -0.016221918, -0.016072555, -0.015769435, -0.015459327, -0.0153011335, -0.014976879, -0.014640518, -0.014467379, -0.014111203, -0.013742492, -0.013363158, -0.013170173, -0.012778592, -0.012380283, -0.012178465, -0.011768439, -0.011348075, -0.010915288, -0.010693473, -0.010238647, -0.009768057, -0.009526873, -0.009032495, -0.00852154, -0.008259319, -0.0077194087, -0.0071546435, -0.006558158, -0.0062456853, -0.0055891457, -0.004896429, -0.0045488505, -0.0039325003, -0.0036434322, 0, 0, 0, 0, 0, 0, 0
0, 0, 0, 0, 0, 0, 0, 0, -0.003720664, -0.004014095, -0.0046378523, -0.0049891286, -0.005689105, -0.0063533243, -0.0066699153, -0.007275288, -0.007848872, -0.008395783, -0.008660355, -0.009173654, -0.009667455, -0.009907953, -0.010377611, -0.010834425, -0.011058565, -0.011499056, -0.0119291255, -0.01234815, -0.012553411, -0.0129549615, -0.013344792, -0.0135354595, -0.013909167, -0.01427414, -0.014632102, -0.014808748, -0.015157089, -0.015497287, -0.015663436, -0.015986057, -0.01629408, -0.0164423, -0.016727513, -0.01699929, -0.017260354, -0.017387532, -0.017636526, -0.017878613, -0.017996773, -0.018226093, -0.018444397, -0.018649857, -0.018747412, -0.01893249, -0.019104956, -0.019187082, -0.019344255, -0.01949345, -0.019565314, -0.019703638, -0.019833812, -0.019953981, -0.020009778, -0.020111602, -0.020200131, -0.020239487, -0.020309206, -0.02036796, -0.020416964, -0.020438112, -0.020473642, -0.020499941, -0.020509467, -0.020520894, -0.0205219, -0.020512512, -0.020504253, -0.020480713, -0.020448579, -0.020429315, -0.020384489, -0.02033035, -0.020299584, -0.020230077, -0.02014964, -0.020058768, -0.020009723, -0.019905021, -0.019792868, -0.019734273, -0.019611565, -0.019480895, -0.019340599, -0.019266319, -0.019108925, -0.01893966, -0.01885086, -0.018665828, -0.018472485, -0.018373035, -0.018168954, -0.017957455, -0.017737346, -0.017623652, -0.017387832, -0.017139902, -0.017011337, -0.016745176, -0.016468335, -0.0161824, -0.016036438, -0.015738787, -0.015433022, -0.015276761, -0.014956588, -0.014625265, -0.01445506, -0.014105444, -0.013743919, -0.013371458, -0.01318148, -0.012795103, -0.012400793, -0.012200732, -0.011793796, -0.011376573, -0.010946959, -0.010726869, -0.010274814, -0.0098058, -0.009564547, -0.009068267, -0.008553628, -0.008289353, -0.00774661, -0.007184016, -0.0065995436, -0.006298546, -0.005679983, -0.0050534448, -0.004754959, -0.0043008677, -0.0044417763, -0.006005347, 0, 0, 0, 0, 0, 0
0, 0, 0, 0, 0, 0, 0, -0.006113843, -0.0045258454, -0.0043858155, -0.004850372, -0.0051550646, -0.0057933046, -0.006421634, -0.0067266254, -0.007317283, -0.007883979, -0.008429319, -0.0086946525, -0.00921183, -0.0097119035, -0.009955854, -0.010432314, -0.010893844, -0.011119233, -0.011559449, -0.011985927, -0.012398965, -0.01260068, -0.012995016, -0.013377939, -0.013565313, -0.013932749, -0.014291014, -0.0146409, -0.0148127545, -0.015149716, -0.015476825, -0.015636167, -0.015945537, -0.016241979, -0.016385324, -0.016662892, -0.01692942, -0.017186489, -0.017311811, -0.017556358, -0.017792627, -0.017907297, -0.018128725, -0.018338589, -0.018535959, -0.018629892, -0.018808974, -0.018977216, -0.01905764, -0.019212166, -0.019358613, -0.019428957, -0.019563362, -0.019688642, -0.01980341, -0.019856377, -0.019953113, -0.020037273, -0.020074842, -0.020141607, -0.020198088, -0.020245355, -0.020265708, -0.020299613, -0.020324102, -0.02033269, -0.020342067, -0.020341104, -0.020330096, -0.020321084, -0.020296264, -0.020263482, -0.020244086, -0.020199236, -0.020145917, -0.020115843, -0.020048145, -0.019969705, -0.019880993, -0.019832887, -0.019730216, -0.019620117, -0.019562598, -0.019442737, -0.019316254, -0.019181821, -0.019111192, -0.018962037, -0.01880176, -0.018717475, -0.018540932, -0.018354619, -0.018258061, -0.018058795, -0.017851453, -0.017635882, -0.017524868, -0.017296243, -0.017058235, -0.016935604, -0.01668254, -0.016419468, -0.0161464, -0.016006185, -0.015718665, -0.015421381, -0.015269036, -0.01495695, -0.014634743, -0.014469837, -0.01413239, -0.013784774, -0.013427107, -0.013244515, -0.012872113, -0.012490094, -0.012295427, -0.011898092, -0.0114891175, -0.011067007, -0.010850558, -0.010405545, -0.009943248, -0.009705199, -0.009214838, -0.008705521, -0.008443933, -0.0079075685, -0.0073536616, -0.006782065, -0.006489261, -0.005890169, -0.005281902, -0.004987049, -0.0044964924, -0.004388625, -0.0048994306, 0, 0, 0, 0, 0, 0
0, 0, 0, 0, 0, 0, 0, -0.0049691405, -0.00445235, -0.0045656543, -0.0050699133, -0.0053728926, -0.0059970343, -0.0066093775, -0.0069071893, -0.00748556, -0.008042547, -0.008580259, -0.008842481, -0.009354564, -0.009850634, -0.010092631, -0.010564435, -0.011019749, -0.011241079, -0.01167166, -0.0120866485, -0.01248747, -0.0126830395, -0.013065607, -0.013437644, -0.01361989, -0.01397699, -0.014324043, -0.014660812, -0.014825187, -0.015145855, -0.015455402, -0.015606064, -0.015899546, -0.016182858, -0.01632093, -0.016590197, -0.016850596, -0.017102031, -0.017224258, -0.017461462, -0.017688254, -0.01779756, -0.018007625, -0.018206382, -0.018394008, -0.018483844, -0.018656058, -0.018818926, -0.018896947, -0.019046187, -0.01918638, -0.019252922, -0.01937889, -0.019494936, -0.019600824, -0.019649863, -0.0197402, -0.019820187, -0.019856406, -0.01992163, -0.01997746, -0.020024298, -0.020044247, -0.020076979, -0.020099984, -0.020107774, -0.02011587, -0.020114249, -0.020103384, -0.020094581, -0.020070856, -0.020039348, -0.02002063, -0.01997758, -0.01992654, -0.019897982, -0.019833995, -0.019760503, -0.01967717, -0.019631872, -0.01953463, -0.019429266, -0.019373802, -0.019257681, -0.01913488, -0.01900497, -0.018937202, -0.018795218, -0.018643867, -0.018564507, -0.018398147, -0.018221578, -0.018129596, -0.017938323, -0.017737629, -0.017528575, -0.017421069, -0.017200643, -0.016973127, -0.01685671, -0.01661802, -0.016370552, -0.01611325, -0.015980674, -0.015707385, -0.01542347, -0.015277664, -0.014978997, -0.014671689, -0.014515075, -0.014195976, -0.013868939, -0.013533114, -0.013361533, -0.013010341, -0.0126476195, -0.012461579, -0.012079758, -0.011684122, -0.011274116, -0.011063437, -0.0106302025, -0.010180175, -0.009948462, -0.009470923, -0.008974374, -0.008718968, -0.008193869, -0.00764929, -0.007083202, -0.0067907586, -0.0061827893, -0.0055413162, -0.0052118613, -0.0045814835, -0.00416317, -0.0042321403, 0, 0, 0, 0, 0, 0
0, 0, 0, 0, 0, 0, 0, -0.004258534, -0.004191547, -0.0046209437, -0.0052687563, -0.0056078294, -0.0062682843, -0.0068916855, -0.0071899774, -0.007763809, -0.008311747, -0.008838049, -0.009094097, -0.009593175, -0.010075436, -0.0103102485, -0.010766952, -0.011205847, -0.01141854, -0.011831055, -0.012227689, -0.012610647, -0.012797727, -0.013164387, -0.013521558, -0.0136966575, -0.014039379, -0.01437111, -0.014690843, -0.014846029, -0.015147267, -0.015437346, -0.015578671, -0.015855165, -0.016124424, -0.016256697, -0.01651611, -0.016767966, -0.017010618, -0.017128043, -0.017354358, -0.017568734, -0.017671485, -0.01786857, -0.018055448, -0.018233296, -0.018319063, -0.018484611, -0.018641554, -0.018716589, -0.018858975, -0.018990716, -0.019052513, -0.019168034, -0.019273827, -0.019370854, -0.019416396, -0.019501757, -0.019579528, -0.01961544, -0.01968087, -0.019737234, -0.019783776, -0.019803239, -0.019834628, -0.01985602, -0.019863185, -0.019870816, -0.019870158, -0.01986154, -0.0198543, -0.019833846, -0.019805184, -0.019787861, -0.019747075, -0.019698506, -0.01967142, -0.01961155, -0.01954376, -0.019467695, -0.019426478, -0.019337371, -0.01923934, -0.019187, -0.019076033, -0.018957067, -0.018830722, -0.01876506, -0.018628739, -0.0184853, -0.018410727, -0.018255271, -0.018090403, -0.01800409, -0.017823536, -0.01763251, -0.017431786, -0.01732828, -0.017116359, -0.016898777, -0.016788043, -0.016562356, -0.016329821, -0.01608872, -0.015964454, -0.015707994, -0.015441046, -0.015303885, -0.015023119, -0.01473516, -0.014588819, -0.014291923, -0.013988649, -0.013677679, -0.013518562, -0.0131917, -0.012851734, -0.012676338, -0.012314201, -0.011936701, -0.011544101, -0.011342107, -0.010926875, -0.010495796, -0.010273901, -0.0098163355, -0.009339086, -0.009092549, -0.008582821, -0.008048629, -0.0074855927, -0.007190976, -0.0065690354, -0.005896618, -0.0055435747, -0.004845991, -0.0043343543, -0.0043002125, 0, 0, 0, 0, 0, 0
0, 0, 0, 0, 0, 0, 0, -0.0042925826, -0.004332432, -0.004857289, -0.005572652, -0.005935091, -0.0066249073, -0.0072599556, -0.0075591733, -0.0081275785, -0.008663585, -0.009173786, -0.009420809, -0.009900428, -0.010362132, -0.010586327, -0.011021239, -0.011437791, -0.011639218, -0.012029136, -0.012403499, -0.012765003, -0.012941839, -0.01328893, -0.0136274425, -0.013793388, -0.0141178565, -0.014430855, -0.014731086, -0.014876345, -0.015157457, -0.015428, -0.015560077, -0.015819607, -0.0160743, -0.01619997, -0.016447185, -0.016687214, -0.01691777, -0.017028807, -0.017241638, -0.017442154, -0.017538082, -0.017722508, -0.017898504, -0.018067835, -0.018150063, -0.018309422, -0.01846067, -0.01853268, -0.018668065, -0.018791543, -0.018848855, -0.018955508, -0.019053292, -0.019144274, -0.019187741, -0.019270957, -0.019348621, -0.019384896, -0.019451173, -0.01950759, -0.019552907, -0.019571353, -0.01960022, -0.01961963, -0.019626295, -0.019634502, -0.019636499, -0.019632308, -0.019627633, -0.019612277, -0.019587962, -0.01957228, -0.019533949, -0.019487241, -0.019461155, -0.019404279, -0.0193415, -0.019272614, -0.019235626, -0.019155674, -0.019066602, -0.01901832, -0.01891417, -0.018800236, -0.01867825, -0.018614743, -0.018483547, -0.018347414, -0.018277412, -0.01813262, -0.017979873, -0.017899863, -0.01773168, -0.017551946, -0.01736121, -0.017262304, -0.017059, -0.016850308, -0.01674433, -0.016529478, -0.016309531, -0.016082989, -0.015966557, -0.015726835, -0.01547757, -0.015349627, -0.015087993, -0.01481987, -0.014683833, -0.01440809, -0.014126805, -0.013838226, -0.013690355, -0.0133858435, -0.013067793, -0.012903233, -0.012562471, -0.012206619, -0.011836151, -0.0116457455, -0.011254436, -0.01084849, -0.010639453, -0.010207681, -0.009755096, -0.009520036, -0.009030423, -0.008511618, -0.00795825, -0.007666116, -0.0070457114, -0.0063738446, -0.006024541, -0.0053632786, -0.00503127, -0.005843432, -0.006973255, 0, 0, 0, 0, 0
0, 0, 0, 0, 0, 0, -0.0069417036, -0.005817223, -0.0050144233, -0.005357204, -0.006031174, -0.0063865376, -0.007068504, -0.0076944325, -0.00798737, -0.008539876, -0.009056235, -0.009544371, -0.009779761, -0.010235629, -0.01067325, -0.010885349, -0.01129636, -0.011689431, -0.011879298, -0.012246336, -0.012598122, -0.01293737, -0.013103237, -0.013428524, -0.013745703, -0.013901198, -0.014204895, -0.01449754, -0.01477799, -0.014913533, -0.015176209, -0.015429333, -0.015553203, -0.015797151, -0.016037252, -0.016155792, -0.016389167, -0.016615344, -0.016831968, -0.016936043, -0.017135156, -0.017322764, -0.01741277, -0.017586552, -0.017753897, -0.017916312, -0.017995618, -0.018149676, -0.018295705, -0.018364947, -0.018494464, -0.018611837, -0.01866612, -0.018767292, -0.018860832, -0.018949306, -0.01899216, -0.019075112, -0.01915319, -0.0191897, -0.019255802, -0.019310761, -0.019353423, -0.019370325, -0.01939631, -0.019413937, -0.019420518, -0.019430479, -0.019436648, -0.01943834, -0.019436907, -0.019427817, -0.019408869, -0.019395227, -0.01935992, -0.019315213, -0.019290011, -0.019235365, -0.0191763, -0.019113049, -0.01907962, -0.019007703, -0.018927211, -0.018883195, -0.018786574, -0.018679323, -0.018563006, -0.018502226, -0.018376889, -0.01824764, -0.018181633, -0.01804612, -0.017904036, -0.017829742, -0.017673118, -0.017504655, -0.017324448, -0.017230468, -0.017036062, -0.01683566, -0.016733874, -0.01652778, -0.016317826, -0.016102744, -0.0159928, -0.015767038, -0.015533117, -0.015413115, -0.015167622, -0.014915868, -0.014787952, -0.014528382, -0.014263087, -0.013990409, -0.013850646, -0.013562761, -0.0132623715, -0.013107112, -0.012786244, -0.012451988, -0.012105047, -0.011926977, -0.0115616, -0.011182623, -0.010987338, -0.010583005, -0.010157033, -0.009934776, -0.00946937, -0.00897263, -0.0084391795, -0.008156509, -0.0075536687, -0.0068971366, -0.006552458, -0.0058761523, -0.005406086, -0.0055600205, -0.0058831545, 0, 0, 0, 0, 0
0, 0, 0, 0, 0, 0, -0.005857708, -0.005535955, -0.0053844373, -0.005857635, -0.0065377154, -0.006883864, -0.007540728, -0.008139855, -0.008419358, -0.00894494, -0.009434476, -0.009896306, -0.010118651, -0.010548911, -0.010961781, -0.011162045, -0.011550232, -0.011921829, -0.012101346, -0.012448319, -0.012780347, -0.013099472, -0.013255032, -0.0135593675, -0.0138554415, -0.014000398, -0.014283759, -0.0145574445, -0.014820716, -0.0149484, -0.015196615, -0.015436624, -0.015554151, -0.015785515, -0.01601272, -0.016124664, -0.01634455, -0.016557353, -0.01676108, -0.01685909, -0.017047051, -0.01722519, -0.017311007, -0.01747779, -0.017639449, -0.017796714, -0.017873643, -0.018022941, -0.01816429, -0.018231211, -0.018356662, -0.018470764, -0.018523833, -0.018623315, -0.018716188, -0.018804625, -0.018847555, -0.018930482, -0.019008044, -0.019043887, -0.019108152, -0.01916057, -0.01920072, -0.019216506, -0.019240895, -0.019258603, -0.019265926, -0.019278878, -0.019289782, -0.019297345, -0.019299043, -0.019296238, -0.019282978, -0.019271845, -0.019240888, -0.019199682, -0.019175975, -0.019124137, -0.019068155, -0.019008804, -0.018977618, -0.018910954, -0.018836576, -0.018795803, -0.018705957, -0.018605566, -0.018495735, -0.01843811, -0.018318815, -0.018195353, -0.018132314, -0.018003011, -0.017867805, -0.017797342, -0.01764901, -0.017489675, -0.01731883, -0.017229384, -0.01704391, -0.016851585, -0.016753623, -0.016554749, -0.016352052, -0.016144792, -0.016039094, -0.015822755, -0.0155991325, -0.015484559, -0.015249917, -0.01500867, -0.014885793, -0.014635436, -0.014378745, -0.014114499, -0.013979107, -0.01370085, -0.013411847, -0.013263095, -0.012957015, -0.012639951, -0.0123120025, -0.012144006, -0.011799475, -0.01144207, -0.011257649, -0.010875359, -0.010471899, -0.010261155, -0.0098196, -0.009348116, -0.008841554, -0.008572933, -0.007998511, -0.0073669087, -0.007029183, -0.0063350983, -0.00574276, -0.0055645346, -0.0056748167, 0, 0, 0, 0, 0
0, 0, 0, 0, 0, 0, -0.0056372224, -0.005527791, -0.00570537, -0.006294736, -0.006985348, -0.0073209736, -0.007947047, -0.008513218, -0.008776992, -0.009273228, -0.009735691, -0.010172176, -0.010382394, -0.010789054, -0.011179592, -0.011369204, -0.011737495, -0.012091165, -0.012262393, -0.012593824, -0.012910927, -0.013214938, -0.013362708, -0.013650683, -0.013929997, -0.014066681, -0.0143341515, -0.014593857, -0.014845455, -0.014968223, -0.015207868, -0.015440219, -0.015553968, -0.01577701, -0.015994823, -0.016101707, -0.016310936, -0.01651334, -0.01670782, -0.016801883, -0.016983418, -0.017157076, -0.017241303, -0.017405335, -0.01756427, -0.017718377, -0.017793426, -0.017938673, -0.018076159, -0.018141525, -0.018264916, -0.018378563, -0.01843199, -0.01853301, -0.018627563, -0.018717252, -0.018760309, -0.018842591, -0.01891823, -0.01895303, -0.019015066, -0.019065998, -0.019105928, -0.019122178, -0.019148627, -0.019169513, -0.019178677, -0.019195482, -0.019210365, -0.019221807, -0.019225523, -0.01922692, -0.019218337, -0.019209841, -0.019184424, -0.019148633, -0.019127468, -0.01908018, -0.019027634, -0.01897086, -0.018940747, -0.018876147, -0.018804481, -0.018765375, -0.018679848, -0.018584674, -0.018480657, -0.018425811, -0.018311469, -0.018191773, -0.01813008, -0.018002925, -0.017869676, -0.017800398, -0.017655423, -0.01750105, -0.017336711, -0.01725097, -0.017072948, -0.016887655, -0.016792757, -0.01659911, -0.01640044, -0.016196622, -0.016092516, -0.015879741, -0.015660116, -0.015547748, -0.015317744, -0.015080774, -0.014959737, -0.014712425, -0.014457974, -0.014195593, -0.014061277, -0.013785758, -0.013501134, -0.013355258, -0.013056269, -0.01274762, -0.012429, -0.012265794, -0.011930726, -0.011582668, -0.011403007, -0.011030827, -0.010639233, -0.010435325, -0.010010046, -0.009558636, -0.0090762265, -0.008821078, -0.008276482, -0.0076779975, -0.0073585, -0.006709005, -0.006215426, -0.006466424, -0.0072408537, 0, 0, 0, 0, 0
0, 0, 0, 0, 0, 0, -0.007174343, -0.0064047147, -0.006151684, -0.0066377097, -0.0072798543, -0.0075962525, -0.008189209, -0.008728335, -0.008980465, -0.0094563775, -0.009901092, -0.010320815, -0.010522779, -0.0109129185, -0.011287023, -0.011468628, -0.011822235, -0.01216312, -0.012328827, -0.012650684, -0.0129595995, -0.013256075, -0.013399927, -0.013679803, -0.013950536, -0.014082939, -0.014342584, -0.014595754, -0.01484286, -0.014964016, -0.01520146, -0.015431752, -0.0155443, -0.01576392, -0.015976684, -0.01608056, -0.016283456, -0.016479935, -0.016670134, -0.016762797, -0.016943296, -0.017117761, -0.01720264, -0.017368, -0.017527238, -0.017680062, -0.017753966, -0.017896492, -0.018031616, -0.01809628, -0.018219786, -0.01833571, -0.018390777, -0.018495765, -0.018593796, -0.01868544, -0.018728813, -0.018810319, -0.018884324, -0.018918287, -0.018979603, -0.019032046, -0.019075831, -0.019094665, -0.019127335, -0.01915453, -0.019166349, -0.01918709, -0.01920396, -0.01921588, -0.01921968, -0.01922177, -0.01921548, -0.01920895, -0.01918888, -0.019159678, -0.019141832, -0.01910042, -0.019051999, -0.01899715, -0.018967252, -0.01890236, -0.018830232, -0.018791234, -0.01870719, -0.018614912, -0.018514661, -0.018461702, -0.01835026, -0.01823199, -0.018170295, -0.01804168, -0.017906116, -0.017835572, -0.017689059, -0.017534891, -0.017372854, -0.017288852, -0.017114993, -0.01693351, -0.016840039, -0.016647987, -0.01644896, -0.016243283, -0.016137887, -0.015922243, -0.015700117, -0.015586682, -0.015354985, -0.015116416, -0.01499447, -0.014744871, -0.014487196, -0.0142212035, -0.014084975, -0.013806088, -0.013518462, -0.013371333, -0.01307042, -0.01275985, -0.012438766, -0.012273853, -0.0119346455, -0.011581518, -0.011399201, -0.0110222045, -0.0106276665, -0.010423452, -0.00999991, -0.009554025, -0.009080358, -0.008830661, -0.008299155, -0.007716059, -0.0074045984, -0.0067655863, -0.006231769, -0.006175347, -0.0064703356, 0, 0, 0, 0, 0
0, 0, 0, 0, 0, 0, -0.0064030997, -0.0061059725, -0.0061509907, -0.006671362, -0.0073006176, -0.0076090572, -0.008189982, -0.008722425, -0.008972893, -0.009447162, -0.0098909205, -0.010308765, -0.010509145, -0.010894682, -0.0112627605, -0.011441247, -0.011788724, -0.012124866, -0.012288955, -0.012609182, -0.01291852, -0.013216388, -0.013361088, -0.013642486, -0.013914321, -0.014047191, -0.014307651, -0.014562292, -0.014811691, -0.014934286, -0.0151747735, -0.015407931, -0.015521488, -0.015742162, -0.01595454, -0.016057845, -0.016259208, -0.016454712, -0.016645258, -0.016738886, -0.016922893, -0.017101854, -0.01718922, -0.017358944, -0.017520895, -0.017674578, -0.01774832, -0.017890068, -0.018024933, -0.018090075, -0.01821601, -0.018336307, -0.018394161, -0.018504806, -0.018607905, -0.01870288, -0.018747138, -0.018829383, -0.018903479, -0.018937672, -0.019000908, -0.019057827, -0.019108659, -0.019131735, -0.019173129, -0.01920776, -0.019222407, -0.019246308, -0.019263018, -0.019272497, -0.01927466, -0.019274121, -0.01926731, -0.019261561, -0.019245151, -0.01922168, -0.019207038, -0.019171532, -0.01912705, -0.019073527, -0.019043528, -0.018977014, -0.018902715, -0.01886292, -0.01877816, -0.018686756, -0.018588288, -0.018536234, -0.018426122, -0.018307375, -0.01824467, -0.018112602, -0.017972136, -0.017898947, -0.017747438, -0.017589422, -0.017425122, -0.01734043, -0.017165625, -0.016982894, -0.016888306, -0.016692506, -0.016487777, -0.01627459, -0.016165094, -0.01594095, -0.0157106, -0.015593183, -0.015353984, -0.015108009, -0.014982305, -0.014724793, -0.014458486, -0.014182974, -0.014041864, -0.013752781, -0.013454998, -0.013302774, -0.012991317, -0.012669474, -0.012335722, -0.012163901, -0.011809311, -0.011439158, -0.0112479655, -0.0108532, -0.010441558, -0.010229252, -0.009790672, -0.009330669, -0.008843297, -0.008586632, -0.008039903, -0.007438401, -0.0071146023, -0.0064313784, -0.005779292, -0.0054092607, -0.0054457625, 0, 0, 0, 0, 0
0, 0, 0, 0, 0, 0, -0.0053930557, -0.0053515118, -0.0057055065, -0.006340647, -0.0070118136, -0.007332457, -0.007933211, -0.008484643, -0.008744606, -0.00923742, -0.009698319, -0.010130824, -0.010337443, -0.010733299, -0.011109282, -0.011291119, -0.011644806, -0.0119874785, -0.012155216, -0.012483663, -0.012802456, -0.013110602, -0.013260453, -0.01355184, -0.013832769, -0.013969777, -0.014238082, -0.014500116, -0.014756646, -0.014882827, -0.015130393, -0.015370163, -0.015486788, -0.01571274, -0.015929336, -0.016034396, -0.016239125, -0.016438158, -0.016633138, -0.016729472, -0.016919563, -0.017105319, -0.017195987, -0.017371628, -0.017538117, -0.017694749, -0.017769514, -0.017912984, -0.018049896, -0.018116513, -0.018246606, -0.018372605, -0.018433679, -0.018550904, -0.018660067, -0.018759865, -0.01880598, -0.018891014, -0.018967547, -0.019003198, -0.019070284, -0.019132884, -0.01919111, -0.019218247, -0.019267628, -0.01930869, -0.019325584, -0.019351576, -0.019367171, -0.01937345, -0.019373659, -0.01936952, -0.019360663, -0.019354837, -0.019340144, -0.019320194, -0.019307673, -0.019275878, -0.019233894, -0.019180821, -0.019150296, -0.019081777, -0.019004961, -0.01896406, -0.018877821, -0.018785821, -0.018687578, -0.018635672, -0.018525327, -0.018405123, -0.018341038, -0.018204866, -0.018058721, -0.017982367, -0.017824274, -0.017659938, -0.017489621, -0.01740208, -0.01722136, -0.017031869, -0.01693335, -0.016728593, -0.016513288, -0.016288284, -0.016172662, -0.015936054, -0.015693353, -0.0155699, -0.015318339, -0.015059799, -0.014927421, -0.014655934, -0.014374527, -0.01408305, -0.013933661, -0.013627626, -0.01331271, -0.013151926, -0.012823154, -0.01248336, -0.012130595, -0.011948594, -0.011572327, -0.011178699, -0.010975194, -0.010555002, -0.010116915, -0.009891117, -0.009424593, -0.008935129, -0.008416399, -0.008143086, -0.007561382, -0.006922417, -0.00657849, -0.0058486615, -0.0051256367, -0.0046285605, -0.0045789946, 0, 0, 0, 0, 0
0, 0, 0, 0, 0, 0, -0.004564059, -0.0046081287, -0.005089219, -0.0057946863, -0.0065102177, -0.0068493118, -0.0074843136, -0.0080682635, -0.008344029, -0.008867424, -0.009357267, -0.009816762, -0.010035994, -0.010455505, -0.010853064, -0.011044957, -0.011417904, -0.011778945, -0.011955618, -0.012301907, -0.012638121, -0.012963277, -0.013121319, -0.013427969, -0.013722649, -0.013865917, -0.014145869, -0.014418382, -0.0146848755, -0.0148159675, -0.0150730945, -0.015322577, -0.015443897, -0.015679203, -0.015904566, -0.01601377, -0.016226344, -0.016432764, -0.016635101, -0.016734984, -0.016932517, -0.017125629, -0.017219799, -0.01740188, -0.017574001, -0.017735455, -0.017812293, -0.017959647, -0.018100385, -0.018169075, -0.018303864, -0.018435214, -0.018499257, -0.018622547, -0.018737717, -0.018842934, -0.018891523, -0.018981012, -0.019061452, -0.019098993, -0.0191701, -0.019237153, -0.019300247, -0.019329952, -0.01938413, -0.019429049, -0.01944731, -0.019474907, -0.019490434, -0.019495431, -0.019494826, -0.019489162, -0.019479271, -0.019473298, -0.019458741, -0.019439677, -0.01942753, -0.019396327, -0.019354286, -0.019300321, -0.01926891, -0.019198507, -0.019119643, -0.019077675, -0.018989598, -0.018896285, -0.018796725, -0.018744068, -0.01863186, -0.01850896, -0.018443096, -0.018302511, -0.018150888, -0.018071517, -0.017906802, -0.017735176, -0.017556995, -0.017465195, -0.017275197, -0.017075226, -0.016971042, -0.01675412, -0.01652582, -0.016287388, -0.016165001, -0.01591481, -0.015658166, -0.015527508, -0.01526099, -0.0149860615, -0.014844891, -0.014554453, -0.014252597, -0.013939489, -0.013778884, -0.013450557, -0.01311339, -0.012941651, -0.012591026, -0.012229589, -0.011854721, -0.011661327, -0.0112615945, -0.010843074, -0.010626648, -0.010179421, -0.009712832, -0.00947211, -0.008974362, -0.008451715, -0.00789823, -0.007607394, -0.0069912113, -0.0063210786, -0.0059639695, -0.005214567, -0.0044786525, -0.003958954, -0.0038861118, 0, 0, 0, 0, 0
0, 0, 0, 0, 0, 0, -0.003924233, -0.0039923373, -0.0044995886, -0.0052200863, -0.005954003, -0.006304345, -0.006964731, -0.0075763995, -0.007866473, -0.00841919, -0.008938972, -0.0094289165, -0.009663401, -0.010113243, -0.01054053, -0.010746967, -0.01114791, -0.011535357, -0.011724634, -0.012094696, -0.012452951, -0.012798265, -0.012965723, -0.013289795, -0.013600025, -0.013750376, -0.014043181, -0.014327485, -0.014605146, -0.014741746, -0.01501023, -0.015271321, -0.0153987035, -0.015646307, -0.015883906, -0.015999068, -0.016222816, -0.01643934, -0.016650464, -0.016754447, -0.01695933, -0.017159192, -0.017256543, -0.01744488, -0.017623048, -0.017790373, -0.017870052, -0.018022513, -0.018167851, -0.018238636, -0.018377276, -0.018512275, -0.018578151, -0.018705472, -0.018825023, -0.018934935, -0.01898588, -0.019079844, -0.01916428, -0.019203596, -0.019277476, -0.019346504, -0.019411048, -0.019441355, -0.019496588, -0.019542884, -0.019561974, -0.019591257, -0.019608928, -0.019616157, -0.019616708, -0.019612942, -0.019604446, -0.019598652, -0.019583717, -0.019563181, -0.019550001, -0.019516395, -0.01947188, -0.019415544, -0.019383285, -0.019311104, -0.019230695, -0.01918789, -0.019097973, -0.01900226, -0.018899601, -0.018845249, -0.018728986, -0.018601574, -0.018533412, -0.018387906, -0.01823115, -0.018149002, -0.0179783, -0.017799858, -0.017613683, -0.017517373, -0.01731729, -0.017106172, -0.01699616, -0.016767226, -0.016526897, -0.016276628, -0.016148303, -0.015885983, -0.015616552, -0.015478945, -0.015197304, -0.0149051985, -0.014754655, -0.014443885, -0.014119942, -0.013783508, -0.013611086, -0.013258942, -0.012898088, -0.012714608, -0.012340909, -0.011956664, -0.011559034, -0.011354312, -0.010931693, -0.010490217, -0.010262223, -0.009791754, -0.009301483, -0.0090486705, -0.008526733, -0.0079804305, -0.0074049965, -0.0071043526, -0.0064728144, -0.00579545, -0.005438651, -0.004697776, -0.0039756317, -0.003456392, -0.0033715242, 0, 0, 0, 0, 0
0, 0, 0, 0, 0, 0, -0.0034546542, -0.0035368078, -0.004050116, -0.004762729, -0.0054910034, -0.00584107, -0.006506052, -0.0071279816, -0.007424995, -0.007994642, -0.0085351765, -0.009049165, -0.009296729, -0.009774405, -0.010230663, -0.010451691, -0.010881085, -0.011295519, -0.011497512, -0.01189126, -0.012271089, -0.012636131, -0.012812769, -0.013153996, -0.013479856, -0.013637531, -0.013943844, -0.014240483, -0.014529842, -0.014672159, -0.0149522545, -0.015225572, -0.0153592825, -0.015619989, -0.015870662, -0.015992297, -0.01622806, -0.01645509, -0.016674977, -0.016782606, -0.016993739, -0.01719884, -0.017298676, -0.017492127, -0.01767576, -0.017848868, -0.017931381, -0.018089196, -0.018238716, -0.018311094, -0.018451981, -0.018588252, -0.018654566, -0.018783001, -0.0189043, -0.019016806, -0.01906938, -0.019166939, -0.019254753, -0.019295413, -0.019371022, -0.019440226, -0.019503782, -0.019533271, -0.019587155, -0.019633004, -0.019652454, -0.019683745, -0.019704988, -0.01971694, -0.019719841, -0.019720342, -0.019714527, -0.019709246, -0.0196938, -0.019670393, -0.019655338, -0.01961771, -0.019569438, -0.019510562, -0.019477233, -0.019403866, -0.019322429, -0.019278985, -0.019187085, -0.019088017, -0.01898076, -0.01892371, -0.018801846, -0.018668521, -0.01859749, -0.018446866, -0.018285375, -0.018200964, -0.018025508, -0.017841628, -0.017648851, -0.017548783, -0.017340284, -0.017120149, -0.01700551, -0.016767673, -0.01651886, -0.016260462, -0.016127944, -0.015856754, -0.01557734, -0.015434089, -0.015139688, -0.014833063, -0.014674531, -0.014346769, -0.014004693, -0.013649281, -0.013467182, -0.013095326, -0.012714303, -0.012520578, -0.012126035, -0.01172082, -0.011302326, -0.0110873645, -0.010644776, -0.010184663, -0.009948012, -0.009461377, -0.008957084, -0.008698117, -0.008166134, -0.0076136957, -0.007037791, -0.0067398343, -0.006120742, -0.0054668584, -0.0051260595, -0.0044230763, -0.0037352438, -0.0032208716, -0.0031202321, 0, 0, 0, 0, 0
0, 0, 0, 0, 0, 0, -0.003222191, -0.0033229657, -0.0038403398, -0.0045288657, -0.0052281334, -0.0055655483, -0.006211393, -0.006822328, -0.007116647, -0.007685993, -0.008232238, -0.008757205, -0.009012003, -0.009506677, -0.009982489, -0.010213721, -0.0106636835, -0.011097866, -0.011309284, -0.011720853, -0.01211735, -0.012498047, -0.012682458, -0.013039015, -0.0133796865, -0.013544548, -0.01386454, -0.014173732, -0.014474549, -0.014622262, -0.014912611, -0.015196084, -0.015334958, -0.015606079, -0.015867421, -0.015994187, -0.016239632, -0.016474875, -0.0167013, -0.016811488, -0.017026523, -0.0172345, -0.017335726, -0.017531997, -0.017719273, -0.017896546, -0.017981345, -0.018143343, -0.018296087, -0.01836949, -0.01851098, -0.018646521, -0.018712154, -0.018839069, -0.018959433, -0.019072112, -0.019125309, -0.019224763, -0.019315, -0.01935669, -0.019433597, -0.019502645, -0.019564541, -0.019592945, -0.01964462, -0.019689042, -0.019708352, -0.019740835, -0.019764893, -0.019780695, -0.019785646, -0.019789664, -0.019785812, -0.01978072, -0.019763893, -0.019737547, -0.019720595, -0.01967918, -0.019627811, -0.019567024, -0.019533226, -0.019459387, -0.019377522, -0.019333653, -0.019239884, -0.019137438, -0.019025551, -0.018965736, -0.018838158, -0.018699542, -0.018626114, -0.01847147, -0.018306928, -0.018221127, -0.018042982, -0.017855827, -0.017658977, -0.017556483, -0.017342983, -0.017117742, -0.0170007, -0.016758313, -0.01650553, -0.01624316, -0.016108513, -0.015832271, -0.015546311, -0.0153993275, -0.015096466, -0.014780321, -0.014616945, -0.014279331, -0.013927326, -0.013561996, -0.013374736, -0.012991912, -0.012598587, -0.01239812, -0.01198911, -0.011568318, -0.011134174, -0.010911663, -0.010455279, -0.009983853, -0.009742708, -0.009249704, -0.008743242, -0.008484888, -0.007958232, -0.007417267, -0.0068607475, -0.006576043, -0.005992113, -0.0053866124, -0.005075512, -0.0044427854, -0.0038379282, -0.0034098136, -0.0033428958, 0, 0, 0, 0, 0
0, 0, 0, 0, 0, 0, -0.0034429568, -0.0035127676, -0.0039524785, -0.004569427, -0.0052102166, -0.0055236006, -0.0061306776, -0.006713482, -0.006997114, -0.0075506507, -0.00808763, -0.008608815, -0.008863394, -0.00936071, -0.0098420475, -0.010076761, -0.010534511, -0.010976926, -0.011192494, -0.011612544, -0.01201778, -0.01240828, -0.012597898, -0.012965933, -0.013318975, -0.0134901395, -0.01382243, -0.014142869, -0.014453209, -0.014604987, -0.01490224, -0.015191373, -0.015332723, -0.015608799, -0.015875034, -0.016004171, -0.016254202, -0.016493423, -0.016722525, -0.016833516, -0.017049419, -0.017257232, -0.017358283, -0.017554317, -0.017742004, -0.017920714, -0.01800645, -0.01817047, -0.018324852, -0.018398624, -0.018539857, -0.018673426, -0.018737685, -0.018861316, -0.018978592, -0.019089108, -0.01914173, -0.019240977, -0.019331891, -0.01937407, -0.019451765, -0.019520832, -0.019581655, -0.019609185, -0.019658642, -0.019700851, -0.019719288, -0.019750765, -0.019774722, -0.019791082, -0.019796299, -0.019800551, -0.0197961, -0.019790348, -0.019771455, -0.019742578, -0.019724408, -0.019680787, -0.01962813, -0.019567128, -0.019533597, -0.01946044, -0.019379046, -0.019335123, -0.019240396, -0.019136038, -0.0190214, -0.018960068, -0.018829502, -0.018688634, -0.018614493, -0.018459037, -0.018294545, -0.018209, -0.018031143, -0.017843913, -0.017646333, -0.017543383, -0.017328894, -0.017103067, -0.01698593, -0.016743716, -0.016491309, -0.016228989, -0.016094053, -0.015816538, -0.015528112, -0.015379588, -0.015073438, -0.014754316, -0.01458978, -0.014250716, -0.013898517, -0.013533554, -0.013346415, -0.012963075, -0.012567634, -0.012365266, -0.011951254, -0.011524178, -0.011083805, -0.010858584, -0.01039845, -0.009926238, -0.009685955, -0.009197943, -0.008700549, -0.008448589, -0.007938085, -0.0074189333, -0.0068907714, -0.0066230176, -0.0060796994, -0.0055252844, -0.0052445093, -0.0046863053, -0.0041929996, -0.004001631, -0.0042010196, -0.005734619, 0, 0, 0, 0
0, 0, 0, 0, 0, -0.00586935, -0.0043086195, -0.0041093472, -0.0043144636, -0.0048268153, -0.0054016504, -0.0056891567, -0.0062533757, -0.0068021514, -0.007071309, -0.007600227, -0.008117543, -0.008623325, -0.008871663, -0.009358767, -0.0098326625, -0.010064458, -0.010517604, -0.010956841, -0.011171204, -0.011589924, -0.01199555, -0.012388281, -0.012579843, -0.012953227, -0.013313194, -0.013488236, -0.013828403, -0.014155844, -0.014471178, -0.01462456, -0.014923494, -0.015212177, -0.015352887, -0.015627092, -0.015891492, -0.016019795, -0.016268566, -0.016506603, -0.01673431, -0.01684446, -0.017057778, -0.017262237, -0.017361416, -0.017553682, -0.017738018, -0.017914448, -0.017999355, -0.018162342, -0.018316, -0.018389365, -0.018529026, -0.018659925, -0.018722309, -0.018841626, -0.018954173, -0.019060303, -0.019110974, -0.019207222, -0.019296292, -0.01933788, -0.019414816, -0.019483203, -0.019542923, -0.019569479, -0.019616565, -0.019655641, -0.019672394, -0.019700445, -0.019721204, -0.019734414, -0.019738201, -0.019739447, -0.019732129, -0.01972505, -0.019703884, -0.0196735, -0.01965493, -0.01961124, -0.019559458, -0.01949998, -0.019467348, -0.01939592, -0.019315958, -0.019272612, -0.019178608, -0.019074734, -0.018960742, -0.018899983, -0.01877105, -0.018632857, -0.018560415, -0.018408895, -0.018248692, -0.01816526, -0.01799142, -0.017807622, -0.017613245, -0.01751191, -0.017300826, -0.017078815, -0.016963828, -0.016726159, -0.016478376, -0.01622017, -0.016087087, -0.015812542, -0.015526567, -0.015379192, -0.015075643, -0.014760457, -0.01459845, -0.014265917, -0.013921884, -0.013566092, -0.013383592, -0.013009127, -0.012621425, -0.012422514, -0.012014383, -0.011592916, -0.011158659, -0.010937061, -0.01048583, -0.0100249965, -0.009791463, -0.009318783, -0.008838952, -0.008596458, -0.008106376, -0.0076095536, -0.007105536, -0.0068506063, -0.0063339784, -0.005806169, -0.005537622, -0.0049968576, -0.0044937115, -0.004191694, -0.0042208494, -0.0047250586, 0, 0, 0, 0
0, 0, 0, 0, 0, -0.004284029, -0.0042051906, -0.0043573477, -0.0048819133, -0.005488881, -0.006074608, -0.0063533336, -0.006886185, -0.0073946198, -0.0076420824, -0.008126638, -0.0086000245, -0.009063638, -0.009291963, -0.009741405, -0.0101809595, -0.010396802, -0.010819924, -0.011231453, -0.011432737, -0.011826671, -0.0122095505, -0.012581923, -0.012764367, -0.013121973, -0.013469492, -0.01363928, -0.013969984, -0.01428815, -0.014592832, -0.014740054, -0.015024502, -0.015296396, -0.015428097, -0.015683727, -0.015930068, -0.016049935, -0.01628327, -0.016507855, -0.016723074, -0.01682707, -0.017027272, -0.017217183, -0.017308507, -0.017484225, -0.017651651, -0.017811703, -0.017889021, -0.018038468, -0.018180456, -0.018248435, -0.018377895, -0.018498389, -0.018555282, -0.018662391, -0.018761434, -0.018853223, -0.018896667, -0.018979019, -0.019055476, -0.01909147, -0.019158678, -0.019218916, -0.019271059, -0.01929384, -0.019332776, -0.019363254, -0.019375514, -0.019394534, -0.019406643, -0.019412076, -0.01941228, -0.019407606, -0.019396016, -0.01938758, -0.01936559, -0.019336544, -0.019319385, -0.019279612, -0.01923275, -0.019178517, -0.019148508, -0.019082485, -0.019007996, -0.018967506, -0.018880317, -0.018784804, -0.018681524, -0.018627059, -0.018512804, -0.018391317, -0.01832777, -0.018194674, -0.01805268, -0.017978074, -0.017821286, -0.017654136, -0.017476553, -0.01738403, -0.01719164, -0.016989935, -0.016885757, -0.016670523, -0.016445875, -0.01621086, -0.016089315, -0.015837831, -0.015575374, -0.01544022, -0.015162471, -0.014875383, -0.014728484, -0.014428176, -0.014118801, -0.013799417, -0.013635587, -0.0132990945, -0.012950277, -0.012771152, -0.01240381, -0.012025058, -0.011636102, -0.011438092, -0.011035391, -0.010624009, -0.010415014, -0.009989336, -0.009552332, -0.009328981, -0.008871985, -0.008400186, -0.007912031, -0.0076609985, -0.0071419366, -0.006593187, -0.0063041523, -0.0056913192, -0.0050448105, -0.0044622673, -0.00427308, -0.004264284, 0, 0, 0, 0
0, 0, 0, 0, 0, -0.0044391877, -0.0044418764, -0.004630184, -0.005212138, -0.0058559426, -0.006462618, -0.006747216, -0.007284947, -0.007790685, -0.008034561, -0.008508439, -0.008967429, -0.009414398, -0.009633811, -0.010065013, -0.010486103, -0.010692699, -0.011097404, -0.011490118, -0.01168191, -0.012056141, -0.012418499, -0.012770096, -0.0129422285, -0.01327944, -0.013607571, -0.013768101, -0.014081409, -0.0143834865, -0.014673236, -0.014813318, -0.015083891, -0.015342304, -0.015467318, -0.015709925, -0.015943646, -0.016057536, -0.016279425, -0.016493382, -0.016698709, -0.016797852, -0.016988447, -0.017168486, -0.017254522, -0.01741926, -0.017575197, -0.017723331, -0.01779478, -0.017932544, -0.018063493, -0.018126193, -0.018246062, -0.01835756, -0.018410169, -0.01850896, -0.018599743, -0.018683245, -0.018722475, -0.018796492, -0.018864773, -0.018896786, -0.018956356, -0.019009298, -0.019054731, -0.01907441, -0.01910777, -0.01913334, -0.019143514, -0.01915918, -0.01916918, -0.01917348, -0.019173497, -0.019169014, -0.019158276, -0.019150514, -0.019130109, -0.019102959, -0.019086758, -0.019049276, -0.019004982, -0.018953614, -0.018925207, -0.018862737, -0.018792635, -0.018754764, -0.018673223, -0.018584408, -0.018488826, -0.01843853, -0.018333154, -0.018221233, -0.018162658, -0.018039633, -0.017908191, -0.017838946, -0.017692892, -0.017537136, -0.017371824, -0.017285744, -0.017107295, -0.016920745, -0.016824484, -0.016626062, -0.016419118, -0.01620272, -0.016090762, -0.015859095, -0.015617193, -0.0154925715, -0.015236545, -0.014971976, -0.014836718, -0.014559936, -0.014274813, -0.013980169, -0.013829032, -0.013518444, -0.013196339, -0.013031067, -0.012692118, -0.01234266, -0.011983416, -0.011800253, -0.011426658, -0.011042692, -0.010846379, -0.010443618, -0.010025422, -0.009809781, -0.0093640145, -0.008897774, -0.00840905, -0.008155378, -0.007626078, -0.007061613, -0.006763817, -0.006136407, -0.005497306, -0.005003737, -0.004947983, -0.005814931, 0, 0, 0, 0
0, 0, 0, 0, 0, -0.0060404767, -0.0051191393, -0.005156724, -0.0056218538, -0.0062381257, -0.0068458156, -0.007134504, -0.0076812566, -0.008192973, -0.008437989, -0.008910102, -0.00936255, -0.0097987, -0.01001147, -0.010427544, -0.010831538, -0.011029068, -0.011414714, -0.011787254, -0.0119684385, -0.012320602, -0.012659945, -0.0129876295, -0.013147695, -0.01346092, -0.013765674, -0.013914967, -0.014206878, -0.01448907, -0.014760553, -0.014892009, -0.015146243, -0.0153892655, -0.015506866, -0.015734987, -0.015954593, -0.016061518, -0.0162699, -0.016470972, -0.016664064, -0.016757263, -0.016936377, -0.017105117, -0.017185614, -0.017339064, -0.01748336, -0.017619433, -0.017684653, -0.017810008, -0.017928552, -0.017985301, -0.018093573, -0.018194504, -0.018242091, -0.01833165, -0.018414002, -0.018489735, -0.018525336, -0.018592216, -0.018653376, -0.0186818, -0.01873417, -0.018779699, -0.018817995, -0.018834373, -0.01886169, -0.018882416, -0.01889072, -0.018903786, -0.01891253, -0.018916927, -0.018917212, -0.018913839, -0.01890445, -0.01889739, -0.018878339, -0.018852467, -0.018837072, -0.018801384, -0.018759618, -0.018711757, -0.01868546, -0.018627977, -0.018563759, -0.01852914, -0.018454583, -0.018373309, -0.01828551, -0.01823925, -0.018142026, -0.018038565, -0.01798441, -0.017870642, -0.01774917, -0.017685264, -0.017550712, -0.017407307, -0.017255465, -0.017176578, -0.01701332, -0.01684309, -0.01675551, -0.016575156, -0.01638748, -0.016191414, -0.01608999, -0.015880225, -0.015661202, -0.015548299, -0.015316184, -0.015076259, -0.014953396, -0.014702101, -0.014442935, -0.014174946, -0.014037365, -0.013754331, -0.013460317, -0.013309111, -0.012998552, -0.012677373, -0.01234564, -0.012175795, -0.011827611, -0.011467066, -0.011281481, -0.010898246, -0.010496433, -0.010287637, -0.009852777, -0.009393179, -0.008906307, -0.008651568, -0.008116024, -0.0075395973, -0.007233595, -0.0065852976, -0.0059123156, -0.0053348034, -0.0051763747, -0.005406851, 0, 0, 0, 0
0, 0, 0, 0, 0, -0.005541571, -0.005243416, -0.005370001, -0.005898623, -0.0065410263, -0.0071712253, -0.0074708965, -0.008037352, -0.008563927, -0.008814157, -0.009292196, -0.009744488, -0.010175265, -0.01038356, -0.010787746, -0.0111767175, -0.011365748, -0.011732928, -0.012085319, -0.012255901, -0.012586231, -0.012903147, -0.013208113, -0.013356758, -0.0136473635, -0.013929932, -0.014068368, -0.014339146, -0.01460135, -0.014853945, -0.014976391, -0.015213323, -0.015439908, -0.0155495675, -0.015762042, -0.01596638, -0.016065767, -0.016259208, -0.016445648, -0.01662471, -0.016711202, -0.016877541, -0.017034374, -0.017109215, -0.017251825, -0.017385656, -0.017511208, -0.017571103, -0.0176854, -0.017792778, -0.01784391, -0.017941246, -0.018031819, -0.018074552, -0.018155262, -0.018229943, -0.018299175, -0.018331857, -0.018393254, -0.018449094, -0.018474786, -0.01852118, -0.01856042, -0.018592387, -0.01860562, -0.018627226, -0.018643387, -0.018649824, -0.01865996, -0.018667005, -0.018670524, -0.018670687, -0.01866726, -0.018658038, -0.018651025, -0.018632041, -0.018606693, -0.018591734, -0.018557811, -0.018519072, -0.018475609, -0.018451983, -0.01840071, -0.018343447, -0.018312389, -0.018245274, -0.018171392, -0.018090826, -0.018048128, -0.017958088, -0.01786225, -0.017812047, -0.017707024, -0.017595407, -0.017536825, -0.01741394, -0.017283134, -0.01714488, -0.017073076, -0.016924396, -0.016769662, -0.016690038, -0.016526531, -0.01635673, -0.01617959, -0.016088014, -0.015898488, -0.015700461, -0.015598311, -0.015388093, -0.015170387, -0.01505896, -0.014830713, -0.014595418, -0.014352032, -0.014226979, -0.013969267, -0.013700564, -0.01356194, -0.013276129, -0.012978753, -0.01266949, -0.012510287, -0.012182042, -0.01183983, -0.011662873, -0.011295704, -0.010908566, -0.010706589, -0.01028405, -0.009834422, -0.009354738, -0.009102134, -0.008567202, -0.007984379, -0.007671299, -0.0069946544, -0.006254651, -0.0055181175, -0.005214763, -0.0049763406, 0, 0, 0, 0
0, 0, 0, 0, 0, -0.0048540346, -0.0050142906, -0.005288615, -0.005993589, -0.0067275907, -0.0074118185, -0.007730833, -0.008326122, -0.008871831, -0.009128699, -0.009615215, -0.010070377, -0.010498959, -0.010704522, -0.011100214, -0.011477258, -0.011659174, -0.012010545, -0.012345508, -0.012507029, -0.012818835, -0.013117152, -0.013403957, -0.013543645, -0.013816607, -0.014081647, -0.014211297, -0.014464656, -0.014709499, -0.014944926, -0.0150588835, -0.015279272, -0.015489917, -0.015591847, -0.015789293, -0.01597896, -0.0160711, -0.016250253, -0.01642264, -0.01658798, -0.016667835, -0.016821591, -0.016967092, -0.017036697, -0.0171698, -0.017295092, -0.017412797, -0.017468838, -0.017575353, -0.017674748, -0.01772182, -0.017810943, -0.017893529, -0.01793255, -0.0180062, -0.018074848, -0.018138787, -0.018169127, -0.018226234, -0.018277818, -0.018301254, -0.018342884, -0.01837714, -0.018403811, -0.01841452, -0.01843135, -0.018443245, -0.018447751, -0.01845463, -0.018458802, -0.018459957, -0.018459165, -0.018453924, -0.018443191, -0.01843558, -0.018415881, -0.018390633, -0.018376239, -0.018344436, -0.018309278, -0.018270638, -0.018249888, -0.018204598, -0.018153608, -0.018125666, -0.018064622, -0.017996697, -0.017921982, -0.017882202, -0.017798431, -0.017709456, -0.017663084, -0.01756653, -0.0174644, -0.017410876, -0.017298784, -0.017179538, -0.017053027, -0.016987259, -0.01685082, -0.01670875, -0.0166357, -0.016485654, -0.01633001, -0.016167851, -0.016083915, -0.015910069, -0.015728053, -0.01563401, -0.015440033, -0.015238867, -0.0151356375, -0.014924403, -0.014706441, -0.014481111, -0.014365234, -0.014126162, -0.013876323, -0.013746981, -0.013479265, -0.013199145, -0.012906225, -0.012754723, -0.012441115, -0.0121125635, -0.011942214, -0.011588165, -0.011213999, -0.011018478, -0.010608679, -0.010171249, -0.009702761, -0.009455273, -0.00892901, -0.008352209, -0.0080405185, -0.007361377, -0.0066068177, -0.005833502, -0.0055000777, -0.0051770564, 0, 0, 0, 0
0, 0, 0, 0, 0, -0.004486399, -0.0048681004, -0.0052308864, -0.0060581747, -0.0068633156, -0.007589128, -0.00792197, -0.008535812, -0.009092098, -0.009352253, -0.0098424535, -0.01029828, -0.010725205, -0.010929057, -0.011319426, -0.01168891, -0.011866308, -0.01220714, -0.01253031, -0.0126856165, -0.012984836, -0.013270782, -0.013545763, -0.013679679, -0.013941269, -0.014194734, -0.014318489, -0.014559493, -0.014791357, -0.015013353, -0.015120568, -0.015327599, -0.0155255385, -0.015621335, -0.015807327, -0.015986186, -0.016073069, -0.016241796, -0.016403735, -0.016558599, -0.016633285, -0.016777122, -0.016913524, -0.01697907, -0.017105056, -0.017224481, -0.01733748, -0.017391445, -0.017494055, -0.017589707, -0.017634856, -0.017719867, -0.017798265, -0.017835114, -0.017904628, -0.017969182, -0.018029172, -0.018057555, -0.018110648, -0.018158188, -0.01817945, -0.018216867, -0.018246816, -0.01826949, -0.018278325, -0.018291732, -0.018300422, -0.018303407, -0.018307175, -0.01830835, -0.018306527, -0.018304324, -0.018296618, -0.018283952, -0.01827567, -0.018255578, -0.018231101, -0.018217552, -0.018188344, -0.018156502, -0.018121708, -0.018102814, -0.018061217, -0.018013693, -0.017987398, -0.017929466, -0.017864695, -0.017793665, -0.017755987, -0.017676933, -0.017593581, -0.017550422, -0.017460827, -0.017366204, -0.01731669, -0.017212698, -0.01710169, -0.016983414, -0.016921727, -0.016793642, -0.016659945, -0.01659126, -0.016450135, -0.016303731, -0.016150987, -0.016071979, -0.015907835, -0.015735395, -0.015646089, -0.015461554, -0.015269424, -0.015170696, -0.014968069, -0.014758732, -0.014542163, -0.014430771, -0.014200916, -0.013960426, -0.013835967, -0.01357802, -0.013307568, -0.013024048, -0.012877176, -0.012572615, -0.012252908, -0.0120869195, -0.011741679, -0.011376576, -0.01118569, -0.01078523, -0.010357546, -0.009899371, -0.009657444, -0.009144049, -0.008584146, -0.008283404, -0.007635179, -0.006934269, -0.0062692636, -0.0060396716, -0.0062485063, -0.008339112, 0, 0, 0
0, 0, 0, 0, 0, -0.004731924, -0.005085039, -0.005430529, -0.0062299236, -0.0070158415, -0.0077275373, -0.008054446, -0.008657758, -0.009204959, -0.0094612725, -0.009945087, -0.010396211, -0.010819732, -0.01102224, -0.011410149, -0.011776889, -0.011952686, -0.01228967, -0.012608209, -0.012760981, -0.013055029, -0.013335757, -0.013605627, -0.013737002, -0.0139933545, -0.014241215, -0.014361922, -0.014596348, -0.014820861, -0.015035108, -0.015138517, -0.015338261, -0.015529702, -0.015622692, -0.015803844, -0.015978634, -0.016063582, -0.016228464, -0.016386138, -0.016536381, -0.01660856, -0.016747337, -0.016879005, -0.016942449, -0.017064923, -0.017182015, -0.01729364, -0.017347341, -0.017449932, -0.017545773, -0.017591085, -0.01767635, -0.017754579, -0.017791184, -0.017859768, -0.017922517, -0.017980006, -0.018006792, -0.018056326, -0.018099904, -0.018119248, -0.018152848, -0.018179534, -0.018199587, -0.018207386, -0.018218996, -0.018226223, -0.01822848, -0.01823067, -0.018229838, -0.018225979, -0.01822265, -0.018213099, -0.018199375, -0.018191021, -0.01817163, -0.018148815, -0.018136337, -0.018109359, -0.01807942, -0.01804562, -0.018026851, -0.017985111, -0.017936837, -0.01791011, -0.017851671, -0.017786933, -0.017716669, -0.017679868, -0.017603217, -0.01752291, -0.017481431, -0.017395273, -0.017303968, -0.017256074, -0.017155292, -0.017047348, -0.016932225, -0.016872229, -0.01674754, -0.016617348, -0.016550323, -0.016412757, -0.016269745, -0.016120471, -0.016043087, -0.01588225, -0.01571307, -0.015625304, -0.015443494, -0.0152536435, -0.015155768, -0.014954292, -0.0147452885, -0.014528374, -0.014416785, -0.014186557, -0.0139459465, -0.013821564, -0.0135641815, -0.013294939, -0.013012945, -0.012866982, -0.012564343, -0.012246546, -0.012081529, -0.011738005, -0.01137436, -0.011184146, -0.010785203, -0.01035944, -0.009904359, -0.0096649, -0.009159282, -0.0086130295, -0.008322285, -0.0077023744, -0.007040228, -0.006405032, -0.0061620516, -0.0060998998, -0.0068200915, 0, 0, 0
0, 0, 0, 0, -0.0077330195, -0.0057727243, -0.005584968, -0.0058076605, -0.0064559225, -0.0071493625, -0.0077992505, -0.008102838, -0.008669979, -0.009191507, -0.009438104, -0.009907336, -0.010349416, -0.010768173, -0.01096948, -0.011356914, -0.011724706, -0.011901422, -0.01224052, -0.012561234, -0.012715164, -0.013011284, -0.013293873, -0.013565205, -0.013697134, -0.013954281, -0.01420249, -0.014323189, -0.01455727, -0.014781262, -0.014995285, -0.0150986975, -0.015299299, -0.015492542, -0.0155868465, -0.015771179, -0.015949547, -0.016036255, -0.016204301, -0.016364604, -0.016516702, -0.016589582, -0.01672948, -0.016862148, -0.01692605, -0.017049996, -0.017169094, -0.017283188, -0.017338322, -0.017444193, -0.017543567, -0.017590648, -0.017679518, -0.017760945, -0.01779898, -0.017869614, -0.017933358, -0.017990569, -0.0180168, -0.018064424, -0.018105619, -0.018123765, -0.018155145, -0.01818026, -0.018199753, -0.018207472, -0.018219348, -0.01822714, -0.01822966, -0.018232072, -0.018230945, -0.01822629, -0.018222613, -0.018212385, -0.018198611, -0.018190486, -0.018172106, -0.018150741, -0.01813889, -0.018112445, -0.018081613, -0.018045386, -0.018024951, -0.017979128, -0.017926497, -0.017897615, -0.017835615, -0.01776828, -0.017696554, -0.017659217, -0.017581811, -0.01750076, -0.017458685, -0.017370742, -0.017277123, -0.01722783, -0.017124018, -0.017013283, -0.016895954, -0.016834993, -0.016708666, -0.016576862, -0.016508952, -0.016369035, -0.016223261, -0.01607071, -0.015991615, -0.015827423, -0.015654908, -0.015565534, -0.015380583, -0.015187225, -0.015087355, -0.014881165, -0.014666486, -0.014442792, -0.014327438, -0.014089333, -0.013840789, -0.01371241, -0.013447302, -0.013170497, -0.012881307, -0.012731716, -0.012422039, -0.012096998, -0.011928033, -0.011576233, -0.011203861, -0.011009101, -0.010601221, -0.010167006, -0.009704623, -0.00946223, -0.008952539, -0.00840503, -0.008114731, -0.0074958587, -0.006825148, -0.0061377157, -0.0058274963, -0.0054616076, -0.005676538, 0, 0, 0
0, 0, 0, 0, -0.006329203, -0.005652603, -0.005702062, -0.005924991, -0.0065153134, -0.0071394844, -0.0077313487, -0.008011279, -0.008541049, -0.009036087, -0.009272734, -0.009727713, -0.010161467, -0.010576423, -0.0107772285, -0.01116601, -0.011537602, -0.011716854, -0.012062367, -0.012390584, -0.012548526, -0.012853097, -0.013144095, -0.0134234335, -0.013559227, -0.013823505, -0.014078326, -0.0142022865, -0.014442922, -0.014673987, -0.014895774, -0.015003388, -0.015213086, -0.0154161155, -0.015515474, -0.015709842, -0.01589786, -0.01598925, -0.016165953, -0.016334286, -0.016493764, -0.016570369, -0.01671734, -0.016857065, -0.016924538, -0.017055547, -0.017181491, -0.017302213, -0.017360486, -0.017472547, -0.017577792, -0.017627757, -0.017722152, -0.017809138, -0.017849851, -0.017925221, -0.017992951, -0.018053172, -0.018080443, -0.018129526, -0.018171636, -0.01819014, -0.018222403, -0.018248836, -0.01827016, -0.018278971, -0.018293329, -0.018303495, -0.018307002, -0.01831091, -0.018310586, -0.018305998, -0.018302172, -0.018291479, -0.018277429, -0.01826929, -0.018250588, -0.018228605, -0.018216118, -0.01818742, -0.018152677, -0.01811112, -0.018087722, -0.018035376, -0.017976398, -0.017944746, -0.017877746, -0.017806575, -0.017731557, -0.017692558, -0.017611472, -0.017525632, -0.017480634, -0.017385878, -0.0172843, -0.017230874, -0.01711865, -0.01700005, -0.016875844, -0.016811648, -0.016679337, -0.01654137, -0.016470006, -0.016322292, -0.016167406, -0.01600488, -0.015920568, -0.015745996, -0.015563594, -0.015469489, -0.015275464, -0.015073248, -0.014969022, -0.014753668, -0.014528953, -0.014294146, -0.014172849, -0.013922091, -0.013660017, -0.013524584, -0.0132450005, -0.012953213, -0.012648732, -0.0124913845, -0.012165599, -0.011823667, -0.011646012, -0.0112763215, -0.010885619, -0.010681913, -0.010256366, -0.009805587, -0.009327682, -0.009077849, -0.0085539585, -0.00799249, -0.00769495, -0.0070596575, -0.006365116, -0.005633856, -0.0052863504, -0.004795738, -0.0048514553, 0, 0, 0
0, 0, 0, 0, -0.0052571283, -0.0050534783, -0.0053819665, -0.005663028, -0.006288105, -0.0069017, -0.0074724723, -0.0077420943, -0.008254586, -0.008737558, -0.008970039, -0.009419593, -0.009851277, -0.010266692, -0.0104686925, -0.010861263, -0.011238877, -0.011421983, -0.011776658, -0.0121163, -0.012280614, -0.012598877, -0.012904277, -0.013197967, -0.013340761, -0.013618629, -0.0138866855, -0.014017218, -0.014271128, -0.0145160975, -0.014752489, -0.014867693, -0.015092736, -0.015311133, -0.015417978, -0.015626505, -0.015827643, -0.015925232, -0.01611372, -0.016293444, -0.016464483, -0.016546896, -0.016705982, -0.016858134, -0.016931918, -0.017075121, -0.017212488, -0.017343478, -0.017406462, -0.017526893, -0.017639693, -0.01769317, -0.017794393, -0.01788801, -0.017932033, -0.018014263, -0.018088806, -0.018155342, -0.018185649, -0.018240301, -0.018287333, -0.01830818, -0.018345075, -0.018376179, -0.018402101, -0.018413248, -0.018431926, -0.01844575, -0.01845078, -0.018456832, -0.018457398, -0.018452672, -0.018448524, -0.01843655, -0.018420722, -0.01841147, -0.018390177, -0.018364642, -0.018349983, -0.018316077, -0.018275157, -0.018226713, -0.018199671, -0.018140348, -0.018075008, -0.018040454, -0.017968403, -0.017892769, -0.01781323, -0.017771758, -0.017684579, -0.017590858, -0.017541302, -0.017436141, -0.017323041, -0.01726374, -0.01713999, -0.017010521, -0.016876241, -0.016807295, -0.016665619, -0.01651755, -0.01644073, -0.01628067, -0.016111681, -0.015933529, -0.015841158, -0.015650235, -0.015451813, -0.015349982, -0.015141254, -0.01492523, -0.014814241, -0.014585561, -0.014347028, -0.0140978005, -0.013968906, -0.013702153, -0.01342288, -0.01327855, -0.012980107, -0.012668602, -0.012343437, -0.012175415, -0.011827595, -0.01146298, -0.011273815, -0.01088093, -0.010467562, -0.010252939, -0.009806768, -0.009337101, -0.008841788, -0.0085836705, -0.008043574, -0.0074659884, -0.0071605877, -0.006510482, -0.0058049336, -0.0050680237, -0.00471833, -0.0042120875, -0.004222288, 0, 0, 0
0, 0, 0, 0, -0.0044721095, -0.004416856, -0.004860309, -0.0051747705, -0.005836224, -0.006465207, -0.0070434213, -0.007315691, -0.007833296, -0.008321982, -0.008557466, -0.009013372, -0.009451464, -0.009873433, -0.010078782, -0.010478758, -0.010865027, -0.01105314, -0.011419614, -0.011773617, -0.011946073, -0.012282088, -0.012606503, -0.012919596, -0.013072033, -0.013368818, -0.013655321, -0.01379494, -0.014067149, -0.014330543, -0.01458557, -0.014710122, -0.014953558, -0.015189699, -0.015304834, -0.015529142, -0.015744695, -0.015849128, -0.016051162, -0.016244505, -0.016429812, -0.016519709, -0.016694402, -0.016862644, -0.01694446, -0.017103136, -0.017254738, -0.017398287, -0.017466929, -0.017597118, -0.017718345, -0.017775744, -0.017884498, -0.017985696, -0.018033538, -0.018123891, -0.018206961, -0.018282315, -0.018317027, -0.01838027, -0.018435527, -0.018460415, -0.018504981, -0.018543432, -0.01857624, -0.018590622, -0.018615143, -0.01863381, -0.018640725, -0.018649485, -0.018651275, -0.018646281, -0.01864138, -0.018627401, -0.018608252, -0.018597052, -0.0185711, -0.018539844, -0.018522024, -0.018481229, -0.018432986, -0.01837724, -0.018346697, -0.018280711, -0.018209422, -0.018172128, -0.01809474, -0.018013762, -0.017928263, -0.017883316, -0.017788256, -0.0176849, -0.017629942, -0.017512923, -0.017387368, -0.017321732, -0.017185537, -0.017044077, -0.016898187, -0.016823493, -0.016669987, -0.016509186, -0.016425459, -0.016250234, -0.016064292, -0.015867677, -0.015765782, -0.015555392, -0.015337628, -0.015226383, -0.014999105, -0.014765327, -0.014645662, -0.014399983, -0.014144326, -0.013877457, -0.0137395095, -0.013454035, -0.013155409, -0.01300108, -0.012682217, -0.012349719, -0.01200287, -0.011823878, -0.011453818, -0.011066717, -0.010866486, -0.010452012, -0.010018566, -0.0097945975, -0.009331626, -0.008847566, -0.008340105, -0.008076535, -0.0075265416, -0.0069406466, -0.0066320472, -0.0059788018, -0.005277766, -0.0045558033, -0.004216339, -0.0037240505, -0.0037176602, 0, 0, 0
0, 0, 0, 0, -0.0038767194, -0.0038628834, -0.004319653, -0.004635555, -0.0053010564, -0.0059392066, -0.0065303477, -0.0068099257, -0.007342614, -0.0078464355, -0.008089201, -0.008558885, -0.009009509, -0.009442987, -0.009653763, -0.010064577, -0.010462192, -0.01065655, -0.011037156, -0.011407574, -0.011589133, -0.011944811, -0.012290285, -0.012624968, -0.012788104, -0.0131060155, -0.013413134, -0.013562783, -0.01385503, -0.014137984, -0.014412291, -0.0145463245, -0.014808233, -0.015061681, -0.015185196, -0.015425199, -0.01565568, -0.015767425, -0.015984245, -0.016192937, -0.016394433, -0.016492732, -0.016684663, -0.016870178, -0.01696043, -0.017135004, -0.017300867, -0.017456947, -0.017531108, -0.017671434, -0.017801704, -0.017863384, -0.017980505, -0.01809007, -0.018142188, -0.018241366, -0.01833368, -0.01841866, -0.018458197, -0.018531086, -0.018595872, -0.018625291, -0.018678965, -0.018726071, -0.018766992, -0.018785128, -0.018816616, -0.018841045, -0.01885042, -0.01886289, -0.018866783, -0.018862389, -0.01885718, -0.018841434, -0.018819137, -0.018805828, -0.0187748, -0.018737543, -0.018716438, -0.018668773, -0.018613474, -0.018550849, -0.018516902, -0.018444533, -0.018367011, -0.018326493, -0.018242573, -0.018154342, -0.018060863, -0.018011652, -0.017907131, -0.017793335, -0.017732814, -0.01760438, -0.017467273, -0.017395735, -0.017247805, -0.01709436, -0.016936023, -0.016854936, -0.016687939, -0.016512657, -0.016421294, -0.016230073, -0.016027031, -0.015812794, -0.015701784, -0.015473113, -0.015236826, -0.0151162315, -0.014870307, -0.014617846, -0.014488799, -0.014224204, -0.0139493765, -0.013662978, -0.013515146, -0.0132098235, -0.012891437, -0.012727293, -0.012389194, -0.01203791, -0.011672841, -0.011484957, -0.011097709, -0.010694298, -0.010486387, -0.010057778, -0.009612293, -0.009383253, -0.008912214, -0.008422942, -0.007913283, -0.00764966, -0.0071019945, -0.006521905, -0.0062176497, -0.0055769477, -0.004893045, -0.004190128, -0.0038581567, -0.0033675125, -0.003339538, 0, 0, 0
0, 0, 0, 0, -0.00341672, -0.0034172349, -0.0038600669, -0.004166148, -0.0048172595, -0.005451353, -0.0060467757, -0.006330516, -0.006874253, -0.0073909224, -0.0076404414, -0.008123625, -0.008587437, -0.00903359, -0.009250613, -0.0096738, -0.010084425, -0.010285612, -0.01068094, -0.011067674, -0.011257968, -0.0116320215, -0.011996718, -0.012350794, -0.012523557, -0.012860429, -0.013186126, -0.0133449845, -0.013655129, -0.013955708, -0.014247242, -0.014389649, -0.014667834, -0.014936926, -0.015067982, -0.015322925, -0.015568379, -0.015687678, -0.015920173, -0.016145075, -0.016363319, -0.01647008, -0.016678689, -0.01687996, -0.016977472, -0.017165607, -0.017343322, -0.01750975, -0.017588694, -0.017738355, -0.017877873, -0.017944127, -0.01807051, -0.018189445, -0.018246245, -0.018354844, -0.018456351, -0.018550154, -0.018594157, -0.01867576, -0.01874928, -0.018783042, -0.018845264, -0.01890088, -0.018949963, -0.018972006, -0.019010756, -0.019041616, -0.019053765, -0.019071074, -0.019078497, -0.019076174, -0.019071447, -0.019055549, -0.01903166, -0.01901692, -0.018982142, -0.018940216, -0.018916497, -0.018863235, -0.018802114, -0.018733403, -0.018696347, -0.018617498, -0.018532803, -0.01848856, -0.018396202, -0.018298728, -0.018195264, -0.018140867, -0.018026048, -0.01790202, -0.017836392, -0.017698066, -0.017551001, -0.017474504, -0.017316064, -0.017151244, -0.016980236, -0.016892327, -0.016710728, -0.016520299, -0.016421193, -0.016214587, -0.015996767, -0.015768237, -0.0156503, -0.015407897, -0.015157573, -0.015029651, -0.014768573, -0.014500012, -0.014362571, -0.014080483, -0.013787549, -0.013482694, -0.013325661, -0.013002303, -0.012666897, -0.012494662, -0.01214147, -0.011776581, -0.011399695, -0.011206488, -0.01080992, -0.010399008, -0.010188021, -0.009754867, -0.009307189, -0.00907801, -0.008608843, -0.008124758, -0.0076241735, -0.0073668547, -0.006835694, -0.0062783672, -0.0059880894, -0.0053801313, -0.004733509, -0.00406455, -0.0037436832, -0.0032499945, -0.0031869235, 0, 0, 0
0, 0, 0, 0, -0.0030913004, -0.0031117634, -0.0035546308, -0.0038545525, -0.004489652, -0.0051097, -0.0056962166, -0.0059775007, -0.0065199533, -0.0070392336, -0.0072912173, -0.007780993, -0.008253018, -0.008708428, -0.008930424, -0.0093641905, -0.009786101, -0.009993277, -0.010400963, -0.0108005935, -0.010997485, -0.011384915, -0.011762832, -0.012130031, -0.012309266, -0.012659152, -0.012997978, -0.013163454, -0.013486926, -0.013800914, -0.014105808, -0.014254836, -0.014545985, -0.014827827, -0.014965187, -0.015232904, -0.0154918125, -0.015618112, -0.01586515, -0.016105164, -0.016338471, -0.016452512, -0.016674729, -0.016888037, -0.016990945, -0.017188469, -0.017374273, -0.017548349, -0.017631093, -0.017788917, -0.017937398, -0.018008431, -0.018144803, -0.018273827, -0.018335622, -0.018453494, -0.018563488, -0.018665027, -0.018712478, -0.018801032, -0.01888139, -0.018918706, -0.018988103, -0.019050898, -0.019107236, -0.019132782, -0.019178212, -0.019215167, -0.019230042, -0.019252207, -0.019263638, -0.019264417, -0.019260837, -0.019246327, -0.01922252, -0.019207377, -0.019170912, -0.019126207, -0.01910086, -0.019043762, -0.0189784, -0.018904792, -0.018865038, -0.018780133, -0.01868833, -0.018639961, -0.018538622, -0.018431235, -0.018317327, -0.01825772, -0.018132871, -0.01799978, -0.017929917, -0.017783638, -0.017628696, -0.017548189, -0.017380927, -0.017205687, -0.017022487, -0.01692787, -0.016731875, -0.01652671, -0.016420472, -0.016200574, -0.015970998, -0.015732514, -0.015610105, -0.015359369, -0.015100662, -0.014968335, -0.014697475, -0.01441786, -0.014274355, -0.013979472, -0.013673113, -0.013354879, -0.013191325, -0.012855746, -0.01250932, -0.012332283, -0.011970815, -0.01159945, -0.011218044, -0.011023302, -0.0106252665, -0.010214936, -0.010005015, -0.009575596, -0.009133816, -0.008908455, -0.0084491065, -0.00797827, -0.007495562, -0.007249369, -0.006746021, -0.0062253056, -0.0059571173, -0.0054020975, -0.0048206737, -0.0042287167, -0.0039500566, -0.0035437378, -0.0035339487, 0, 0, 0
0, 0, 0, 0, -0.0029797568, -0.0030341914, -0.0034852282, -0.0037783296, -0.004389129, -0.0049821204, -0.0055453386, -0.0058171153, -0.006344891, -0.0068547833, -0.0071037714, -0.0075904084, -0.008062237, -0.008519848, -0.008743613, -0.00918207, -0.009609717, -0.0098200375, -0.01023404, -0.010639886, -0.010839655, -0.011232459, -0.01161517, -0.011986942, -0.012168608, -0.012523694, -0.012868535, -0.013037396, -0.0133682415, -0.013690457, -0.014003878, -0.014157214, -0.014456941, -0.014747181, -0.01488876, -0.015165178, -0.015433353, -0.015564622, -0.015822083, -0.016072912, -0.016316768, -0.016435716, -0.016666912, -0.016887702, -0.016993793, -0.017196832, -0.017387573, -0.01756696, -0.01765275, -0.01781755, -0.01797443, -0.018050125, -0.01819622, -0.018334912, -0.018401325, -0.018527735, -0.018644966, -0.018752528, -0.018802749, -0.018896442, -0.018981792, -0.019021768, -0.019096605, -0.019165037, -0.019226914, -0.019255185, -0.019305704, -0.019347074, -0.019363943, -0.019389527, -0.019403953, -0.019407233, -0.019404704, -0.01939192, -0.019369131, -0.019354157, -0.019317327, -0.019271472, -0.019245213, -0.019186052, -0.019118125, -0.01904137, -0.018999858, -0.018910514, -0.018813303, -0.018761856, -0.018653408, -0.018537836, -0.018415414, -0.018351667, -0.018218776, -0.01807856, -0.018005492, -0.017853368, -0.017692817, -0.017609218, -0.017435025, -0.017251428, -0.017057987, -0.016957639, -0.016749555, -0.016532132, -0.016420024, -0.01618958, -0.015951544, -0.015706642, -0.015581646, -0.015326485, -0.015063794, -0.014929361, -0.014653818, -0.014368756, -0.014222292, -0.013921188, -0.013608713, -0.013285125, -0.013119275, -0.012779958, -0.012431263, -0.012253579, -0.011891804, -0.011521448, -0.01114244, -0.010949478, -0.0105561, -0.010152256, -0.009946244, -0.009525948, -0.0090951, -0.008875918, -0.00843064, -0.0079767825, -0.0075150356, -0.0072812536, -0.0068078204, -0.0063251113, -0.006079678, -0.0055795917, -0.0050697513, -0.0045778193, -0.0043703397, -0.00422571, -0.005059717, -0.006096724, 0, 0
0, 0, 0, 0, -0.0033298356, -0.0033360955, -0.0037150998, -0.003975636, -0.004530408, -0.005078847, -0.005607411, -0.0058650523, -0.006369591, -0.0068617496, -0.00710355, -0.007578355, -0.008041358, -0.008492528, -0.008713787, -0.009148404, -0.009573326, -0.009782402, -0.010194239, -0.010597549, -0.010795847, -0.011185181, -0.011564117, -0.011932143, -0.012112186, -0.012464923, -0.012808724, -0.012977649, -0.013309692, -0.013634199, -0.013950502, -0.014105402, -0.014408247, -0.014701346, -0.014844263, -0.01512341, -0.01539454, -0.015527489, -0.015788743, -0.016043749, -0.016291745, -0.016412728, -0.016647596, -0.016871527, -0.016979067, -0.017184945, -0.017378898, -0.017562317, -0.017650679, -0.017821398, -0.017985323, -0.018064875, -0.01821884, -0.018365348, -0.018435424, -0.018568397, -0.018691007, -0.018803047, -0.018855203, -0.018952634, -0.019041765, -0.019083617, -0.0191624, -0.019234743, -0.019300167, -0.019330068, -0.019383283, -0.019426672, -0.01944431, -0.019471094, -0.019486425, -0.019490538, -0.019488603, -0.019476863, -0.019455016, -0.019440353, -0.019403793, -0.019357828, -0.019331366, -0.019271618, -0.019202735, -0.019124804, -0.019082587, -0.018991545, -0.018892212, -0.0188394, -0.018727632, -0.018607905, -0.01848077, -0.01841452, -0.01827666, -0.018131774, -0.018056525, -0.017900389, -0.017735826, -0.017650101, -0.01747146, -0.017282411, -0.017082615, -0.016978642, -0.016763147, -0.016538177, -0.01642244, -0.016185576, -0.015942356, -0.015693597, -0.015567123, -0.015309791, -0.015045565, -0.014910614, -0.014634057, -0.014348305, -0.014201795, -0.013901074, -0.013590328, -0.013269859, -0.013106112, -0.012772017, -0.012429624, -0.012255373, -0.011900796, -0.011538163, -0.011167335, -0.010978667, -0.010594602, -0.010201123, -0.010000782, -0.0095929, -0.009175565, -0.008963483, -0.008533138, -0.008095236, -0.0076509896, -0.0074265725, -0.006973394, -0.0065132417, -0.006279972, -0.0058055706, -0.005321721, -0.0048493077, -0.0046412586, -0.004412942, -0.004723334, -0.0050574616, 0, 0
0, 0, 0, -0.00578719, -0.00479466, -0.004002007, -0.0041498416, -0.004354475, -0.004839639, -0.005344443, -0.005841802, -0.0060865562, -0.006568729, -0.007041503, -0.0072742756, -0.007732387, -0.008179952, -0.008616959, -0.008831626, -0.009253815, -0.009667157, -0.009870687, -0.010271552, -0.010663868, -0.010856602, -0.011234663, -0.0116024455, -0.011959929, -0.012135092, -0.012478998, -0.012815419, -0.012981208, -0.013308089, -0.013628438, -0.0139414, -0.014094762, -0.014394511, -0.014684472, -0.014825774, -0.015101502, -0.015369124, -0.015500374, -0.015758462, -0.016010836, -0.016256824, -0.016377006, -0.016610838, -0.016834516, -0.01694228, -0.01714941, -0.017345816, -0.017532501, -0.017622752, -0.017797947, -0.01796669, -0.01804865, -0.018207317, -0.018358123, -0.018430226, -0.018566802, -0.018692646, -0.018807527, -0.018861191, -0.018961335, -0.019053252, -0.019096455, -0.019177733, -0.01925211, -0.019318998, -0.019349393, -0.019403104, -0.019446336, -0.019463746, -0.019489897, -0.019504655, -0.019508554, -0.019506702, -0.019495541, -0.019474523, -0.019460442, -0.019424876, -0.019379841, -0.019353798, -0.019294726, -0.019226467, -0.019149253, -0.01910735, -0.019017288, -0.018918753, -0.0188663, -0.01875507, -0.018635346, -0.018507244, -0.018440207, -0.01830031, -0.018152757, -0.0180762, -0.017917221, -0.01775006, -0.017663192, -0.017482467, -0.01729169, -0.017090352, -0.016985765, -0.016768955, -0.016542597, -0.016426254, -0.016188115, -0.015943833, -0.015694182, -0.015567455, -0.015309968, -0.015046226, -0.014911767, -0.0146371275, -0.014354543, -0.014210153, -0.013915174, -0.013612196, -0.013301423, -0.013143137, -0.012820921, -0.012491096, -0.012323279, -0.011981513, -0.0116315875, -0.011273188, -0.0110908095, -0.010719512, -0.010339439, -0.010146087, -0.009752669, -0.009350109, -0.009145401, -0.008728986, -0.008303491, -0.0078690965, -0.0076484755, -0.0071995105, -0.006737473, -0.006500076, -0.0060080388, -0.0054874015, -0.0049430584, -0.0046759127, -0.004243338, -0.0041765766, -0.0043143244, 0, 0
0, 0, 0, -0.0048071397, -0.004490268, -0.004215681, -0.0044718985, -0.004692173, -0.0051868563, -0.005689885, -0.006180089, -0.006419781, -0.0068892236, -0.0073467037, -0.007571057, -0.008011262, -0.008439978, -0.008857942, -0.009063186, -0.009466755, -0.009861931, -0.010056491, -0.01043963, -0.010814293, -0.010998302, -0.011359259, -0.011710316, -0.0120520145, -0.0122196805, -0.012549324, -0.012872636, -0.013032212, -0.013347494, -0.0136572085, -0.013960404, -0.014109151, -0.014400144, -0.01468187, -0.014819174, -0.015086997, -0.015346716, -0.0154739125, -0.015724113, -0.015968924, -0.016208168, -0.016325459, -0.016554566, -0.016775407, -0.016882425, -0.017089456, -0.01728686, -0.017475544, -0.017566916, -0.017744187, -0.017914657, -0.017997308, -0.018156905, -0.018308345, -0.018380675, -0.018517986, -0.018644817, -0.018761251, -0.01881569, -0.0189177, -0.019011311, -0.019055273, -0.019137617, -0.019212522, -0.019279229, -0.019309292, -0.01936209, -0.019404223, -0.019421084, -0.019446451, -0.019460805, -0.019465012, -0.01946349, -0.019453455, -0.019434161, -0.019421007, -0.019387672, -0.019344844, -0.019319935, -0.019262891, -0.019196644, -0.019121373, -0.01908051, -0.018992646, -0.018896572, -0.018845499, -0.018736767, -0.018619273, -0.018492702, -0.018425982, -0.018285947, -0.018137366, -0.018059965, -0.017899105, -0.017730562, -0.017643288, -0.017462699, -0.017273571, -0.017075427, -0.016972909, -0.016760467, -0.01653892, -0.016424827, -0.016191075, -0.01595052, -0.015704127, -0.015578934, -0.015324314, -0.015063958, -0.014931493, -0.014661611, -0.014385419, -0.014244855, -0.0139590455, -0.013667213, -0.013369427, -0.013218193, -0.012911053, -0.012596708, -0.0124367, -0.012110604, -0.011776024, -0.011432801, -0.011257918, -0.010901942, -0.010537491, -0.010352062, -0.009974488, -0.009587434, -0.009389981, -0.008986518, -0.008570229, -0.008139697, -0.007918385, -0.007461485, -0.0069805826, -0.0067286002, -0.0061939172, -0.0056074234, -0.0049655586, -0.0046347044, -0.0040405965, -0.0037881052, -0.0038603006, 0, 0
0, 0, 0, -0.004162654, -0.0040399823, -0.0041572987, -0.0046409504, -0.004929935, -0.005509858, -0.006056335, -0.006565514, -0.0068085156, -0.007276125, -0.0077235023, -0.007940776, -0.008363931, -0.008773253, -0.0091704875, -0.009365142, -0.009747501, -0.010121103, -0.010304845, -0.010666197, -0.011019195, -0.011192453, -0.011532067, -0.0118627045, -0.012184638, -0.012342744, -0.012653799, -0.01295923, -0.013110069, -0.01340829, -0.013701717, -0.0139896935, -0.014131381, -0.014409343, -0.014679413, -0.014811385, -0.015069046, -0.015318939, -0.015441312, -0.01568152, -0.015916469, -0.016146453, -0.016259477, -0.016481243, -0.016696697, -0.016801767, -0.017006192, -0.017202478, -0.017390747, -0.017481936, -0.017658584, -0.017827649, -0.017909326, -0.018066889, -0.018216174, -0.018287558, -0.01842363, -0.018550219, -0.018667124, -0.018721938, -0.018824924, -0.018919274, -0.018963464, -0.0190457, -0.019119907, -0.019185511, -0.019214887, -0.019266564, -0.01930807, -0.019324867, -0.019350752, -0.019366374, -0.019372534, -0.01937209, -0.019364676, -0.019348353, -0.019336773, -0.019306839, -0.01926743, -0.019244108, -0.019190215, -0.019126743, -0.019054053, -0.019014467, -0.018929109, -0.018835576, -0.018785741, -0.018679721, -0.018564714, -0.018440297, -0.018374458, -0.018235486, -0.018087147, -0.018009696, -0.017848559, -0.017679995, -0.017593173, -0.01741465, -0.017229462, -0.017037189, -0.016938094, -0.016733784, -0.016520932, -0.016411288, -0.01618597, -0.015953466, -0.015714513, -0.015592839, -0.015345117, -0.015091663, -0.014962805, -0.014700747, -0.014433344, -0.014297633, -0.014022644, -0.013742837, -0.013458395, -0.013314233, -0.013021743, -0.012722822, -0.012570634, -0.01226031, -0.011941502, -0.011614267, -0.011447427, -0.011107658, -0.010759525, -0.01058232, -0.010220938, -0.009849517, -0.009659319, -0.009268308, -0.00886081, -0.008433509, -0.008211271, -0.0077464753, -0.0072486913, -0.006984491, -0.006417068, -0.0057857814, -0.0050861016, -0.004720739, -0.004043568, -0.0036940363, -0.0037303767, 0, 0
0, 0, 0, -0.0039345967, -0.0038849204, -0.004200197, -0.004840256, -0.005185974, -0.0058454033, -0.0064378055, -0.0069696237, -0.0072176023, -0.0076858355, -0.008124991, -0.008335841, -0.008743199, -0.009134068, -0.009511448, -0.00969573, -0.010056662, -0.010408256, -0.010580588, -0.010918822, -0.011248178, -0.011409613, -0.011725911, -0.012033959, -0.012334178, -0.012481604, -0.012771827, -0.013056653, -0.013197264, -0.013475291, -0.013749126, -0.014018862, -0.014151999, -0.014414505, -0.014671235, -0.0147972405, -0.015044102, -0.0152839115, -0.015401303, -0.0156315, -0.015856067, -0.0160756, -0.016183605, -0.01639603, -0.016603434, -0.016705154, -0.016904017, -0.01709617, -0.01728105, -0.017370656, -0.017544053, -0.017709637, -0.017789528, -0.017943429, -0.018089607, -0.018159784, -0.01829416, -0.018420205, -0.018537479, -0.018592697, -0.018696286, -0.018790923, -0.018834913, -0.018916447, -0.018989455, -0.019053828, -0.019082721, -0.019133916, -0.01917604, -0.019193616, -0.019221604, -0.019240247, -0.019249631, -0.019251034, -0.019247085, -0.019234365, -0.019224666, -0.019198416, -0.01916284, -0.019141411, -0.019091152, -0.019030944, -0.018961327, -0.01892309, -0.018839952, -0.01874848, -0.018699571, -0.01859541, -0.018482348, -0.018360028, -0.018295296, -0.018158494, -0.018012151, -0.01793554, -0.017776333, -0.017609952, -0.01752451, -0.017349433, -0.017169029, -0.016982934, -0.01688755, -0.016691452, -0.01648783, -0.016383052, -0.016167736, -0.01594512, -0.015715925, -0.0155989835, -0.015360656, -0.015116457, -0.014992237, -0.014739774, -0.014482132, -0.014351566, -0.01408713, -0.013818441, -0.013545593, -0.013407455, -0.0131274015, -0.012841532, -0.012696103, -0.012399716, -0.012095261, -0.011782781, -0.011623459, -0.011298801, -0.010965809, -0.010796136, -0.010449697, -0.010092534, -0.0099092005, -0.009530953, -0.009134234, -0.008715012, -0.008495603, -0.008034184, -0.00753732, -0.0072731683, -0.0067070313, -0.0060826247, -0.005401388, -0.0050517786, -0.004422208, -0.0041337116, -0.004182705, 0, 0
0, 0, 0, -0.004348839, -0.00429808, -0.0045890897, -0.0052211806, -0.0055684117, -0.0062353797, -0.006835044, -0.0073696035, -0.007616769, -0.008079359, -0.008508335, -0.008712809, -0.009105408, -0.009479861, -0.009839456, -0.010014442, -0.010355817, -0.010686485, -0.010847967, -0.011163473, -0.011469602, -0.011619373, -0.011912879, -0.0121989045, -0.012478083, -0.012615327, -0.012885467, -0.013150426, -0.01328113, -0.013539372, -0.0137939025, -0.014045009, -0.014169428, -0.014415916, -0.0146588255, -0.014778667, -0.015014386, -0.015244248, -0.015356781, -0.01557716, -0.015791655, -0.016000714, -0.016103433, -0.016305484, -0.01650327, -0.016600542, -0.016791541, -0.01697703, -0.01715619, -0.017243173, -0.017411804, -0.017572984, -0.017650891, -0.017801186, -0.017944722, -0.018013969, -0.018147377, -0.018273568, -0.018391639, -0.0184474, -0.01855183, -0.018646786, -0.018690718, -0.018771691, -0.018843766, -0.018907573, -0.018936403, -0.018988328, -0.019032273, -0.019051103, -0.019082319, -0.019104475, -0.019117346, -0.019120328, -0.019119376, -0.019109411, -0.01910101, -0.019077582, -0.019045148, -0.019025374, -0.018978762, -0.018922307, -0.018856091, -0.01881931, -0.018738758, -0.018649096, -0.01860094, -0.018498136, -0.018386727, -0.01826666, -0.018203225, -0.018069686, -0.017927174, -0.017852664, -0.017697653, -0.017535543, -0.017452136, -0.01728111, -0.017104983, -0.01692362, -0.016830798, -0.016640475, -0.01644369, -0.016342662, -0.016135493, -0.015921518, -0.015701154, -0.015588673, -0.015359174, -0.015123721, -0.015003824, -0.014759987, -0.014511032, -0.014384866, -0.014129232, -0.01386934, -0.013605252, -0.013471557, -0.013200804, -0.012924764, -0.012784435, -0.012498872, -0.012205809, -0.011905099, -0.011751799, -0.011439053, -0.011118046, -0.010954224, -0.010619428, -0.010273829, -0.010096303, -0.009730131, -0.009346191, -0.008940605, -0.008728585, -0.008283432, -0.007806473, -0.0075544566, -0.0070198462, -0.006441769, -0.005832436, -0.005535202, -0.005084413, -0.005297865, -0.0059858738, 0, 0
0, 0, 0, -0.006159099, -0.0054576523, -0.0052455612, -0.005711186, -0.006014835, -0.0066290824, -0.007200074, -0.007717165, -0.007957602, -0.008408185, -0.00882568, -0.009024243, -0.009404617, -0.009765837, -0.010111097, -0.010278425, -0.010603451, -0.01091615, -0.011068152, -0.011364009, -0.0116500305, -0.011789878, -0.012064092, -0.012332028, -0.012594332, -0.012723453, -0.012977875, -0.013227258, -0.0133502, -0.013592732, -0.013831148, -0.0140663, -0.014182906, -0.014414626, -0.014644079, -0.014757738, -0.014982251, -0.015202076, -0.015309907, -0.015521226, -0.015726613, -0.015926393, -0.01602443, -0.016216997, -0.016405575, -0.016498465, -0.016681315, -0.016859563, -0.017032523, -0.01711677, -0.017280482, -0.017437542, -0.017513705, -0.017661275, -0.017803032, -0.017871758, -0.018004848, -0.01813162, -0.018250845, -0.018307261, -0.018412987, -0.018508798, -0.01855293, -0.018634107, -0.018706374, -0.018770657, -0.01880008, -0.018853502, -0.018900003, -0.018920379, -0.01895473, -0.018979954, -0.018995294, -0.018999172, -0.018999426, -0.018990256, -0.018982295, -0.018960021, -0.018929336, -0.01891084, -0.018867414, -0.018814731, -0.018752234, -0.018717214, -0.018639645, -0.018552162, -0.018504841, -0.01840347, -0.018293692, -0.018175978, -0.01811411, -0.017984506, -0.017846817, -0.01777491, -0.017625168, -0.017467909, -0.017386647, -0.017219236, -0.017045645, -0.016866319, -0.016774459, -0.01658658, -0.016392773, -0.016293615, -0.016090686, -0.015881771, -0.01566674, -0.01555695, -0.015332894, -0.015102806, -0.014985602, -0.014747135, -0.014503734, -0.014380392, -0.014130469, -0.013876151, -0.013617663, -0.013486841, -0.013221653, -0.012951703, -0.012814553, -0.012535687, -0.012249876, -0.011956661, -0.011807193, -0.01150198, -0.0111882, -0.011027871, -0.010700006, -0.010361658, -0.010188089, -0.009830936, -0.009458305, -0.009067166, -0.008863718, -0.008438927, -0.007987438, -0.007750354, -0.0072503705, -0.0067131147, -0.0061466787, -0.0058667553, -0.0054070065, -0.005370748, -0.0056372755, 0, 0
0, 0, 0, -0.005766248, -0.005494829, -0.005538081, -0.0060176584, -0.006308377, -0.0068926895, -0.0074395495, -0.0079399, -0.00817407, -0.008614838, -0.009024501, -0.009219455, -0.00959246, -0.009945783, -0.010281946, -0.010444238, -0.010758074, -0.0110584125, -0.011203854, -0.011486269, -0.0117588565, -0.011892158, -0.012154021, -0.012410664, -0.012662764, -0.012787121, -0.013032427, -0.013272829, -0.013391157, -0.013623881, -0.013851615, -0.01407541, -0.014186137, -0.014405996, -0.014623858, -0.014731968, -0.014946225, -0.015156942, -0.015260711, -0.015464604, -0.01566327, -0.015856817, -0.015951736, -0.016138185, -0.016320813, -0.016410744, -0.016587868, -0.016760865, -0.016929135, -0.017011223, -0.017171284, -0.017325485, -0.017400434, -0.017546093, -0.01768649, -0.017754743, -0.017887441, -0.018014383, -0.018134268, -0.018191166, -0.018297948, -0.018395042, -0.018439848, -0.018522339, -0.018596042, -0.018662056, -0.018692477, -0.018748451, -0.01879764, -0.018819293, -0.018856253, -0.01888347, -0.018899925, -0.01890399, -0.0189041, -0.018894186, -0.018885806, -0.018863132, -0.018833041, -0.018815247, -0.018774012, -0.018724479, -0.018665528, -0.018632159, -0.018557554, -0.018472267, -0.018425852, -0.018325953, -0.01821755, -0.018101763, -0.01804117, -0.017914731, -0.017780852, -0.017710935, -0.017565137, -0.017411184, -0.017331148, -0.017165216, -0.016991993, -0.01681196, -0.016719716, -0.0165309, -0.016336739, -0.016237577, -0.01603515, -0.015827034, -0.015612962, -0.015503675, -0.015280483, -0.015051336, -0.014934715, -0.014697547, -0.014455912, -0.014333507, -0.014085869, -0.013833896, -0.013577509, -0.013447599, -0.013184224, -0.012915707, -0.012779437, -0.012502291, -0.012218545, -0.01192761, -0.011779268, -0.011476399, -0.011164692, -0.011005268, -0.010679018, -0.010342345, -0.010169882, -0.00981583, -0.00944822, -0.009064848, -0.008866397, -0.008454017, -0.008017366, -0.007788098, -0.00730264, -0.0067732916, -0.0061951177, -0.0058933673, -0.0053216317, -0.004995169, -0.00502968, 0, 0
0, 0, 0, -0.005113039, -0.005078155, -0.005416245, -0.0060105207, -0.0063251522, -0.0069284365, -0.007478705, -0.007978556, -0.008212347, -0.00865284, -0.009062659, -0.009257766, -0.00963075, -0.009983279, -0.0103176655, -0.010478663, -0.010789235, -0.011085744, -0.011229169, -0.01150757, -0.011776425, -0.011907972, -0.012166683, -0.012420591, -0.012670155, -0.012793404, -0.013036328, -0.01327411, -0.013390869, -0.013619954, -0.0138431955, -0.014061243, -0.014168805, -0.014381495, -0.014591762, -0.014696157, -0.014903253, -0.015107833, -0.015209091, -0.015408911, -0.015604903, -0.015796743, -0.015890997, -0.01607645, -0.016257964, -0.016347246, -0.016522918, -0.016694237, -0.016860787, -0.016942123, -0.017100692, -0.017253703, -0.0173281, -0.017472617, -0.017611966, -0.017679697, -0.017811282, -0.017937286, -0.018056737, -0.018113643, -0.018221047, -0.01831935, -0.018365031, -0.018449595, -0.018525807, -0.018594533, -0.018626276, -0.018684953, -0.01873639, -0.018759202, -0.018797873, -0.018826075, -0.018843018, -0.01884705, -0.018846644, -0.018835708, -0.01882681, -0.018803213, -0.018772762, -0.018755106, -0.018714711, -0.018666752, -0.018609636, -0.018577369, -0.018504566, -0.018420763, -0.018374888, -0.018275892, -0.018168155, -0.018053036, -0.017992914, -0.017867448, -0.017734606, -0.017665219, -0.017520042, -0.01736606, -0.017285693, -0.017118346, -0.016942753, -0.016759833, -0.016666051, -0.016474178, -0.016277157, -0.016176697, -0.015971916, -0.01576139, -0.01554473, -0.015434137, -0.0152082555, -0.0149766365, -0.014858796, -0.014619686, -0.014376609, -0.01425364, -0.014004939, -0.013751891, -0.013493983, -0.0133630065, -0.013096794, -0.012824736, -0.012686459, -0.012405365, -0.012117789, -0.011823558, -0.011673607, -0.011367618, -0.011052605, -0.010891437, -0.01056131, -0.010220254, -0.010045425, -0.009686704, -0.009314721, -0.008927843, -0.008727938, -0.008313113, -0.007873566, -0.0076421215, -0.007148948, -0.006603697, -0.0059946245, -0.005668506, -0.005019667, -0.0045634257, -0.00451847, 0, 0
0, 0, 0, -0.004585632, -0.0046315445, -0.005100337, -0.0057709147, -0.006109289, -0.0067430134, -0.00731079, -0.007822202, -0.008060751, -0.008509884, -0.008927938, -0.009126947, -0.009507475, -0.0098670125, -0.010208019, -0.0103722075, -0.010689053, -0.010992091, -0.01113889, -0.011424228, -0.01170021, -0.011835247, -0.012100446, -0.012359901, -0.012614087, -0.012739187, -0.0129852565, -0.013225477, -0.013343222, -0.013574006, -0.01379847, -0.014017128, -0.014124561, -0.014336533, -0.014545342, -0.014648891, -0.014854348, -0.015057859, -0.015158936, -0.015359553, -0.01555764, -0.015752578, -0.015848704, -0.016037911, -0.016223041, -0.01631391, -0.01649212, -0.016665354, -0.016833337, -0.01691529, -0.017074952, -0.017228672, -0.017303241, -0.017447941, -0.017586894, -0.017654222, -0.017784657, -0.017909344, -0.018027524, -0.018084044, -0.018191382, -0.018290697, -0.018337207, -0.018423991, -0.018502986, -0.01857443, -0.01860751, -0.018668303, -0.0187214, -0.018744702, -0.018784102, -0.018812755, -0.01882981, -0.018833935, -0.018833516, -0.018822422, -0.018813347, -0.018788915, -0.018757556, -0.018739376, -0.018698113, -0.018649241, -0.01859158, -0.018559111, -0.018486066, -0.018402262, -0.018356444, -0.018257383, -0.018149346, -0.018033491, -0.017972821, -0.017845947, -0.017711295, -0.017640723, -0.017492877, -0.017335504, -0.017253313, -0.017082, -0.016902072, -0.016714653, -0.016618539, -0.016422171, -0.016220728, -0.016118106, -0.015908912, -0.015693888, -0.015472643, -0.015359645, -0.015129049, -0.014892858, -0.014772847, -0.014529664, -0.01428272, -0.014157952, -0.013905182, -0.013647616, -0.013384173, -0.013249978, -0.012976379, -0.012695693, -0.012552808, -0.012262096, -0.01196508, -0.011661781, -0.011507539, -0.011193178, -0.010869747, -0.010704225, -0.010364731, -0.0100133605, -0.009832958, -0.009462147, -0.00907713, -0.0086762225, -0.008469105, -0.0080391485, -0.007583619, -0.007343754, -0.0068332623, -0.006270486, -0.0056450814, -0.0053118407, -0.004649561, -0.0041716793, -0.004108189, 0, 0
0, 0, 0, -0.00419282, -0.004257632, -0.0047472785, -0.005427038, -0.0057692635, -0.0064114034, -0.0069885985, -0.0075103124, -0.0077543794, -0.008215219, -0.008645747, -0.008851228, -0.009245107, -0.009618263, -0.009973309, -0.010144766, -0.010476681, -0.010795517, -0.010950464, -0.011252334, -0.011544544, -0.01168741, -0.011967002, -0.012238785, -0.012503015, -0.012632395, -0.012885807, -0.013132634, -0.013253575, -0.013490813, -0.0137220025, -0.013947569, -0.014058439, -0.014276849, -0.014491437, -0.014597511, -0.014807924, -0.015016238, -0.015119799, -0.015325824, -0.01552994, -0.01573146, -0.015831022, -0.016027005, -0.016218247, -0.016311951, -0.01649518, -0.01667251, -0.016843997, -0.016927512, -0.017090125, -0.017246488, -0.017322324, -0.017468955, -0.017609037, -0.017676637, -0.017806966, -0.017930888, -0.018048102, -0.018104209, -0.018211298, -0.01831121, -0.01835834, -0.018447023, -0.018528067, -0.018601626, -0.018635472, -0.018697156, -0.01875056, -0.018773744, -0.018812697, -0.018841017, -0.018858131, -0.018862352, -0.018862382, -0.018851671, -0.018842658, -0.018817797, -0.018785002, -0.018765781, -0.018721761, -0.01866972, -0.018608939, -0.018574987, -0.018499793, -0.01841451, -0.018368175, -0.018268378, -0.018159576, -0.018042305, -0.017980611, -0.017851118, -0.017713072, -0.017640583, -0.017488359, -0.017326334, -0.017241644, -0.017065331, -0.016880378, -0.01668782, -0.01658909, -0.0163874, -0.01618033, -0.016074855, -0.01585969, -0.015638707, -0.01541148, -0.015295524, -0.015058999, -0.014816932, -0.014693994, -0.0144450115, -0.014192013, -0.014063928, -0.01380419, -0.013538615, -0.013265982, -0.013126649, -0.012841901, -0.012548807, -0.012399344, -0.012095152, -0.011784575, -0.011467794, -0.011307009, -0.010979556, -0.010642961, -0.010470698, -0.010117217, -0.009750936, -0.009562585, -0.009175111, -0.008772081, -0.008352149, -0.008135174, -0.0076854634, -0.0072108726, -0.0069622854, -0.0064375317, -0.0058680666, -0.0052482714, -0.0049234396, -0.00428715, -0.0038324036, -0.003770189, 0, 0
0, 0, 0, -0.0038853842, -0.003949044, -0.004413629, -0.005061005, -0.005390043, -0.0060149347, -0.0065858816, -0.0071096458, -0.0073570213, -0.007827917, -0.008271628, -0.00848461, -0.008894585, -0.009285274, -0.009658954, -0.009840051, -0.0101922015, -0.01053225, -0.01069805, -0.011021806, -0.011335361, -0.011488416, -0.01178694, -0.012075278, -0.012353654, -0.012489334, -0.012754332, -0.013011951, -0.013138336, -0.013386911, -0.013630205, -0.013868558, -0.013985959, -0.014217147, -0.014443832, -0.014555643, -0.014776613, -0.014994576, -0.015102623, -0.015317124, -0.015529545, -0.015739024, -0.01584238, -0.01604565, -0.016243389, -0.016339961, -0.016528243, -0.016709946, -0.01688542, -0.016970929, -0.01713741, -0.017297776, -0.017375514, -0.017525714, -0.017668672, -0.017737396, -0.017869163, -0.017993517, -0.018110575, -0.01816654, -0.018273441, -0.01837365, -0.018421305, -0.018511057, -0.018593255, -0.018667528, -0.018701477, -0.018762777, -0.018815031, -0.018837534, -0.01887506, -0.01890213, -0.018918646, -0.01892282, -0.018923094, -0.01891262, -0.018903498, -0.018877909, -0.018843155, -0.018822469, -0.018774755, -0.01871834, -0.01865318, -0.018617295, -0.018538909, -0.018451555, -0.018404558, -0.018303733, -0.018194083, -0.018075537, -0.018012956, -0.017881013, -0.017739803, -0.017665595, -0.017509652, -0.017343758, -0.017257126, -0.017076937, -0.01688801, -0.016691152, -0.016590076, -0.016383046, -0.016169768, -0.016060907, -0.015838694, -0.015610472, -0.015376076, -0.015256562, -0.015012986, -0.01476371, -0.014637074, -0.014380183, -0.014118564, -0.013985856, -0.013716069, -0.0134395175, -0.013155007, -0.013009492, -0.012711764, -0.012404983, -0.012248446, -0.011929626, -0.011603922, -0.01127164, -0.011102968, -0.010759494, -0.010406589, -0.010226087, -0.0098559875, -0.009472686, -0.009275732, -0.008870642, -0.008449835, -0.008012094, -0.0077863806, -0.0073199035, -0.006830918, -0.006576681, -0.006045781, -0.00548007, -0.0048778714, -0.004567435, -0.003967955, -0.0035453658, -0.003488726, 0, 0
0, 0, 0, -0.0036201333, -0.0036776173, -0.0041059605, -0.004708409, -0.005017927, -0.0056140414, -0.006170114, -0.0066902763, -0.006939113, -0.007417662, -0.007873662, -0.00809396, -0.008520282, -0.0089289965, -0.009321913, -0.009513041, -0.009885921, -0.010247371, -0.010424104, -0.010769804, -0.011104998, -0.011268478, -0.01158695, -0.011893781, -0.012189219, -0.012332995, -0.012613557, -0.012886504, -0.013020664, -0.013285169, -0.013544978, -0.013800247, -0.013926168, -0.014174097, -0.014416748, -0.014536034, -0.014770708, -0.015000752, -0.0151142655, -0.015338689, -0.015559713, -0.015776804, -0.015883673, -0.01609304, -0.016296051, -0.016394852, -0.01658706, -0.016772239, -0.01695104, -0.017038232, -0.017208364, -0.017372524, -0.017452167, -0.017606122, -0.017752422, -0.017822456, -0.017956335, -0.018081704, -0.018199207, -0.018255144, -0.01836193, -0.018462159, -0.018509801, -0.018599834, -0.018681938, -0.018755699, -0.018789181, -0.018849269, -0.018899612, -0.018921103, -0.018956596, -0.01898198, -0.018997347, -0.01900113, -0.019000843, -0.018989878, -0.01898043, -0.018953726, -0.018916795, -0.018894661, -0.018843446, -0.018783225, -0.018714381, -0.01867676, -0.018595614, -0.018506514, -0.018458856, -0.018357195, -0.018246712, -0.018127004, -0.01806368, -0.017929995, -0.017786738, -0.017711502, -0.017553683, -0.017386386, -0.017299104, -0.017117636, -0.016927117, -0.016727908, -0.016625226, -0.016413925, -0.016195027, -0.016082985, -0.015853748, -0.015618014, -0.01537588, -0.015252456, -0.015000939, -0.014743193, -0.014612025, -0.014345355, -0.014072947, -0.013934476, -0.013652672, -0.013363666, -0.01306667, -0.012914993, -0.012604949, -0.012285946, -0.012123223, -0.0117914695, -0.011451898, -0.011104789, -0.0109282825, -0.010568761, -0.01019951, -0.010010796, -0.009624544, -0.009225612, -0.009021143, -0.008601633, -0.008167346, -0.007717177, -0.007485807, -0.007009452, -0.0065132407, -0.0062569077, -0.0057255886, -0.005166646, -0.004580049, -0.0042808657, -0.0037081116, -0.003308131, -0.0032549934, 0, 0
0, 0, 0, -0.003375101, -0.0034268422, -0.0038239444, -0.004388714, -0.004681826, -0.005253752, -0.005797247, -0.0063145296, -0.0065647215, -0.007049939, -0.007516654, -0.0077433335, -0.008183888, -0.008608214, -0.009017724, -0.009217411, -0.009607677, -0.009987029, -0.010172809, -0.010536669, -0.010890144, -0.011062755, -0.0113995485, -0.011724668, -0.012038484, -0.012191475, -0.012490594, -0.012782177, -0.012925696, -0.013208748, -0.013487071, -0.013760484, -0.013895269, -0.0141604375, -0.014419119, -0.014545915, -0.01479448, -0.015036684, -0.015155642, -0.015389618, -0.015618579, -0.015842197, -0.015951708, -0.01616578, -0.016372431, -0.016472757, -0.016667519, -0.016854957, -0.017035812, -0.017124038, -0.017296221, -0.01746239, -0.017543066, -0.017698979, -0.017846769, -0.01791745, -0.018052105, -0.018177826, -0.018295037, -0.018350763, -0.018456906, -0.018556245, -0.018603422, -0.01869235, -0.018773364, -0.018845651, -0.018878356, -0.018936634, -0.01898514, -0.01900565, -0.019039243, -0.019063031, -0.019076964, -0.019080244, -0.019078992, -0.01906725, -0.01905734, -0.01902946, -0.018990958, -0.018967992, -0.01891487, -0.018852593, -0.018781932, -0.018743657, -0.018661242, -0.018571202, -0.018523205, -0.018420687, -0.018309146, -0.018188147, -0.018124102, -0.017988859, -0.017844351, -0.017768696, -0.01761086, -0.01744425, -0.017357565, -0.017177442, -0.016988028, -0.016789041, -0.016686006, -0.01647285, -0.016250597, -0.016136302, -0.015901837, -0.015660038, -0.015411318, -0.015284407, -0.015025444, -0.014759361, -0.014623658, -0.014346884, -0.014063384, -0.013919077, -0.0136253955, -0.013324774, -0.0130168395, -0.012860027, -0.012540479, -0.012212566, -0.012045307, -0.0117040705, -0.011354043, -0.010995275, -0.01081256, -0.010440151, -0.010058046, -0.009863057, -0.009464996, -0.009055574, -0.008846414, -0.008418708, -0.007977612, -0.0075221183, -0.007288658, -0.006809314, -0.006312014, -0.0060558044, -0.0055263126, -0.004970891, -0.0043888, -0.004091982, -0.0035234203, -0.003124083, -0.0030682848, 0, 0
0, 0, 0, -0.0031521898, -0.0032015836, -0.0035821588, -0.0041283704, -0.0044141924, -0.004976733, -0.005517003, -0.006035665, -0.006287792, -0.0067788484, -0.0072533344, -0.0074844826, -0.007935008, -0.008370424, -0.008791903, -0.008997781, -0.009400867, -0.009793113, -0.009985367, -0.010362476, -0.010729627, -0.010909345, -0.011261095, -0.011602469, -0.011933727, -0.012095794, -0.0124135455, -0.012723904, -0.012876607, -0.013177517, -0.01347273, -0.01376194, -0.013904176, -0.014183506, -0.014455404, -0.014588335, -0.0148483515, -0.015100748, -0.015224193, -0.015466146, -0.015701417, -0.015929865, -0.016041333, -0.016258446, -0.01646726, -0.016568488, -0.016764725, -0.016953176, -0.017134687, -0.017222984, -0.017394813, -0.017560164, -0.017640209, -0.017794445, -0.017940562, -0.018010285, -0.018143, -0.018266866, -0.01838226, -0.018437069, -0.018541262, -0.018638479, -0.018684437, -0.018770877, -0.018849261, -0.018919058, -0.018950513, -0.019006584, -0.01905315, -0.019072779, -0.019104809, -0.019127252, -0.019140176, -0.019142961, -0.019140914, -0.019128546, -0.019118369, -0.019090056, -0.01905135, -0.019028204, -0.018975023, -0.018912967, -0.01884281, -0.018804777, -0.018722888, -0.018633004, -0.018584931, -0.018481959, -0.018369457, -0.018247232, -0.018182516, -0.018046113, -0.017901069, -0.017825572, -0.017668668, -0.017504076, -0.017418807, -0.017241655, -0.017055178, -0.016858587, -0.016756387, -0.016544174, -0.016321834, -0.016207026, -0.015970878, -0.01572668, -0.015474765, -0.015345921, -0.015082434, -0.01481072, -0.0146716805, -0.0143873375, -0.014095256, -0.013946449, -0.013643836, -0.013334748, -0.01301934, -0.0128592495, -0.012533912, -0.012200801, -0.012030942, -0.0116841905, -0.011327883, -0.010962118, -0.010775655, -0.01039584, -0.0100069335, -0.00980911, -0.009406554, -0.008994278, -0.008784396, -0.008356269, -0.007916124, -0.0074626096, -0.007230454, -0.0067545376, -0.0062615494, -0.0060077216, -0.00548257, -0.004929248, -0.004343771, -0.004042033, -0.0034553914, -0.0030286866, -0.00295949, 0, 0
0, 0, 0, -0.0029756688, -0.0030291898, -0.0034167538, -0.0039701564, -0.004259637, -0.004828955, -0.005374473, -0.005896816, -0.0061503174, -0.0066438, -0.007120722, -0.007353368, -0.007807872, -0.008248623, -0.008676904, -0.008886616, -0.009297877, -0.00969868, -0.009895278, -0.010281133, -0.010657429, -0.010842098, -0.011204586, -0.011558223, -0.0119033195, -0.012072704, -0.01240555, -0.012730825, -0.012890725, -0.013205176, -0.01351254, -0.013812334, -0.013959441, -0.014247842, -0.01452812, -0.014665052, -0.014932583, -0.015191632, -0.015318054, -0.015564924, -0.015803877, -0.016034657, -0.016146917, -0.016364887, -0.016574036, -0.016675305, -0.01687148, -0.017059442, -0.017239677, -0.01732706, -0.017496202, -0.017657649, -0.01773536, -0.017884541, -0.01802519, -0.018092256, -0.018220026, -0.018339437, -0.018450938, -0.0185039, -0.018604405, -0.01869775, -0.01874174, -0.018823832, -0.018897884, -0.018963479, -0.018993085, -0.019045744, -0.019089457, -0.019108051, -0.019138273, -0.019159352, -0.019171314, -0.019173587, -0.019171063, -0.019158337, -0.019148115, -0.019120073, -0.019082125, -0.019059617, -0.019007817, -0.018947653, -0.018879488, -0.018842507, -0.018762555, -0.018674165, -0.018626597, -0.018524338, -0.018412137, -0.018290162, -0.018225579, -0.018089786, -0.01794591, -0.017871207, -0.01771656, -0.017554903, -0.017471295, -0.01729779, -0.017115047, -0.01692211, -0.016821727, -0.016612848, -0.016393784, -0.016280534, -0.016047155, -0.015805196, -0.015554937, -0.0154266665, -0.015163418, -0.01489089, -0.014751051, -0.01446426, -0.01416878, -0.014018094, -0.013711694, -0.013399102, -0.013080972, -0.012919728, -0.012592435, -0.012257709, -0.012087037, -0.011738438, -0.011379788, -0.011011549, -0.010824022, -0.010442723, -0.010053782, -0.00985664, -0.009457164, -0.0090499595, -0.008843178, -0.00842221, -0.007990097, -0.007545358, -0.0073178997, -0.006852067, -0.0063702436, -0.0061224294, -0.0056097154, -0.0050676307, -0.0044886293, -0.004186499, -0.0035871277, -0.0031269926, -0.0030363386, 0, 0
0, 0, 0, -0.0028967124, -0.0029652358, -0.003387753, -0.0039698724, -0.0042697852, -0.004852305, -0.0054028598, -0.0059246263, -0.0061764987, -0.006665287, -0.0071371016, -0.007367634, -0.00781925, -0.008259388, -0.008689303, -0.008900577, -0.009315928, -0.009721534, -0.009920591, -0.010311366, -0.010692486, -0.010879771, -0.011248113, -0.0116086565, -0.011961778, -0.012135533, -0.0124772815, -0.012811075, -0.012974958, -0.013296506, -0.013609499, -0.013913963, -0.014062995, -0.01435483, -0.014638215, -0.01477677, -0.015047139, -0.015308577, -0.015435886, -0.015683705, -0.015922364, -0.016151669, -0.016262893, -0.016478425, -0.016684975, -0.016784906, -0.016978497, -0.017163737, -0.017340668, -0.017425913, -0.01759009, -0.017745268, -0.017819487, -0.017961062, -0.01809375, -0.018156907, -0.018277155, -0.018389866, -0.018495368, -0.018545486, -0.018640395, -0.018728022, -0.018768935, -0.018844802, -0.018912427, -0.018971834, -0.018998493, -0.019045807, -0.019085178, -0.019101901, -0.019129138, -0.019148057, -0.019158369, -0.019160049, -0.01915642, -0.019143146, -0.019132903, -0.019105216, -0.019068273, -0.01904653, -0.018996824, -0.018939242, -0.01887397, -0.018838488, -0.018761508, -0.018676126, -0.018630022, -0.018530717, -0.018421795, -0.018303327, -0.018240707, -0.018109076, -0.017969541, -0.017897028, -0.017746855, -0.017589616, -0.017508121, -0.01733891, -0.017160583, -0.016972242, -0.016874226, -0.016670652, -0.016457466, -0.016347433, -0.016120784, -0.015885599, -0.015641768, -0.015516606, -0.015258941, -0.0149912145, -0.014853437, -0.014570272, -0.014277726, -0.014128286, -0.013824118, -0.013513805, -0.013197708, -0.013037546, -0.012712197, -0.012379085, -0.012209066, -0.011861783, -0.011504344, -0.011137577, -0.010951053, -0.01057294, -0.01018903, -0.009995188, -0.009603779, -0.009206505, -0.0090052625, -0.00859613, -0.008176751, -0.0077456655, -0.0075254673, -0.0070756236, -0.006612458, -0.0063751806, -0.0058866255, -0.005373494, -0.0048290924, -0.0045468323, -0.003994348, -0.0035959953, -0.0035388859, 0, 0
0, 0, 0, -0.0030221464, -0.0031135522, -0.0035759942, -0.004179042, -0.004483189, -0.005065325, -0.0056078974, -0.006117597, -0.0063626985, -0.0068378933, -0.007297207, -0.0075222664, -0.007964986, -0.008399344, -0.008826221, -0.009036905, -0.009452126, -0.009858416, -0.010057927, -0.010449405, -0.010831055, -0.011018509, -0.011387469, -0.011749176, -0.012104012, -0.012278787, -0.012622685, -0.012958356, -0.013122904, -0.013445094, -0.0137578, -0.014061245, -0.014209572, -0.014499745, -0.014781449, -0.014919115, -0.015187616, -0.015446759, -0.01557261, -0.015816731, -0.016050443, -0.016273849, -0.016381932, -0.016590929, -0.016791128, -0.01688802, -0.01707571, -0.017255198, -0.017426122, -0.017508212, -0.017665392, -0.017812746, -0.0178827, -0.018015238, -0.018138627, -0.018197143, -0.018308308, -0.018412601, -0.018510168, -0.018556412, -0.018643618, -0.01872338, -0.018760284, -0.01882795, -0.018887212, -0.0189385, -0.01896131, -0.019001422, -0.019034596, -0.019048594, -0.019071251, -0.019086475, -0.019093743, -0.019094232, -0.019088607, -0.019074054, -0.019063408, -0.019035636, -0.018999526, -0.01897847, -0.018930942, -0.018876169, -0.018814242, -0.018780617, -0.018707795, -0.018627092, -0.018583661, -0.0184902, -0.018388106, -0.01827736, -0.018218787, -0.018095585, -0.01796437, -0.017895939, -0.017753273, -0.0176028, -0.017524436, -0.017361132, -0.017188486, -0.017006103, -0.016911393, -0.016715087, -0.016510073, -0.016404547, -0.016187482, -0.015962355, -0.015728721, -0.015608473, -0.015360528, -0.015102138, -0.014968935, -0.014694611, -0.014410447, -0.014265076, -0.013968679, -0.013665515, -0.01335603, -0.01319887, -0.012879017, -0.012550704, -0.012383044, -0.012040083, -0.011687117, -0.011325163, -0.011141369, -0.0107692685, -0.010392483, -0.010202669, -0.0098201325, -0.009432965, -0.009237074, -0.008839478, -0.008432778, -0.008015728, -0.0078032417, -0.0073708044, -0.006928415, -0.0067032357, -0.00624326, -0.0057668854, -0.0052724574, -0.0050235135, -0.0045739575, -0.0044233394, -0.0046585677, -0.00637785, 0
0, 0, 0, -0.0035747131, -0.0036329858, -0.0040376163, -0.004598781, -0.0048852833, -0.005436035, -0.0059510805, -0.006436447, -0.0066705886, -0.0071260636, -0.0075689796, -0.007786954, -0.008217848, -0.0086432, -0.009063361, -0.009271346, -0.009682067, -0.010084486, -0.01028216, -0.010669905, -0.011047802, -0.011233324, -0.011598407, -0.0119564105, -0.012307762, -0.012480807, -0.01282135, -0.013153594, -0.013316237, -0.01363417, -0.013942003, -0.0142399715, -0.014385444, -0.014669659, -0.014945232, -0.0150797125, -0.015341742, -0.015593865, -0.015715946, -0.01595178, -0.016176466, -0.016390247, -0.016493252, -0.016692301, -0.016882703, -0.016974892, -0.017153488, -0.017324192, -0.017486453, -0.017564235, -0.017712438, -0.017850447, -0.017915543, -0.01803828, -0.018151563, -0.018205, -0.01830605, -0.018400196, -0.018487785, -0.018529108, -0.018606491, -0.018676328, -0.018708294, -0.018766094, -0.018815845, -0.018858, -0.018876491, -0.018908603, -0.018934676, -0.018945405, -0.018962217, -0.01897239, -0.018975446, -0.01897412, -0.018965622, -0.018949155, -0.018938007, -0.018909942, -0.018874863, -0.018854795, -0.018809756, -0.018758338, -0.018700581, -0.018669266, -0.018601736, -0.01852724, -0.018487306, -0.01840196, -0.018309249, -0.018208971, -0.018155968, -0.018044244, -0.017924448, -0.017861519, -0.017729238, -0.017588146, -0.017514225, -0.017359301, -0.017194886, -0.017021226, -0.016931135, -0.016744638, -0.016550472, -0.016450573, -0.016245332, -0.016032329, -0.015811022, -0.015696872, -0.015460999, -0.015214795, -0.015087636, -0.014825372, -0.014553305, -0.014413973, -0.014128963, -0.013836484, -0.013536722, -0.01338409, -0.013072677, -0.012752277, -0.012588426, -0.01225318, -0.011907915, -0.01155378, -0.011373811, -0.011009234, -0.010639483, -0.01045287, -0.01007651, -0.009695146, -0.009502262, -0.009110829, -0.008711099, -0.008302271, -0.008094473, -0.0076725255, -0.0072423085, -0.007023943, -0.0065789395, -0.0061195553, -0.005643125, -0.0054019596, -0.00495261, -0.0047091325, -0.0047756857, -0.0053673577, 0
0, 0, -0.006489773, -0.004734586, -0.0044956547, -0.004650462, -0.0051098433, -0.005364039, -0.0058671264, -0.0063480963, -0.0068079922, -0.0070317453, -0.0074698776, -0.007898912, -0.008110997, -0.00853146, -0.008947576, -0.009359328, -0.009563151, -0.0099660205, -0.010360854, -0.010554788, -0.01093542, -0.0113063445, -0.011488461, -0.011846825, -0.012198033, -0.012542564, -0.012712199, -0.013045807, -0.013370894, -0.013529899, -0.013840147, -0.014139808, -0.014429022, -0.014569921, -0.014844559, -0.015109985, -0.0152393, -0.015490696, -0.015731895, -0.01584836, -0.016072672, -0.016285565, -0.01648739, -0.016584506, -0.016771741, -0.01695038, -0.017036814, -0.017203957, -0.017363325, -0.017514411, -0.017586563, -0.0177237, -0.017850792, -0.017910525, -0.01802235, -0.01812476, -0.0181726, -0.01826248, -0.018345134, -0.018420955, -0.018456422, -0.018522056, -0.01858044, -0.01860688, -0.01865408, -0.018694084, -0.018727403, -0.01874182, -0.018766465, -0.018785752, -0.018793281, -0.01880421, -0.018809112, -0.018807681, -0.01880449, -0.018793102, -0.018775074, -0.018763734, -0.018736335, -0.018703314, -0.018684682, -0.018643491, -0.018596644, -0.018544156, -0.01851575, -0.018454367, -0.018386956, -0.01835097, -0.01827426, -0.018191399, -0.018101957, -0.018054781, -0.017954888, -0.01784723, -0.017790275, -0.017669732, -0.0175399, -0.017471427, -0.017327562, -0.017174546, -0.017012957, -0.016929181, -0.016755719, -0.01657489, -0.01648185, -0.016290152, -0.016090624, -0.01588257, -0.015775124, -0.015552619, -0.015319805, -0.0151994005, -0.014950895, -0.014692611, -0.0145600345, -0.014288204, -0.014008006, -0.013719682, -0.0135723865, -0.013271326, -0.012961085, -0.012802362, -0.012477543, -0.012142816, -0.011798802, -0.01162357, -0.011267124, -0.010903394, -0.010718848, -0.010344781, -0.009963635, -0.00977026, -0.009377327, -0.008975528, -0.008564362, -0.008355186, -0.00792949, -0.007493176, -0.0072703883, -0.0068125986, -0.0063324566, -0.005821593, -0.0055541554, -0.0050158305, -0.0045803124, -0.0044821664, -0.0046584136, 0
0, 0, -0.005453312, -0.004851114, -0.004783458, -0.0050322628, -0.0054920763, -0.005739234, -0.006227222, -0.006696177, -0.0071476796, -0.00736828, -0.007801531, -0.008226554, -0.008436587, -0.008852207, -0.009262308, -0.009666666, -0.009866442, -0.01026055, -0.010646466, -0.010836019, -0.011208277, -0.011571243, -0.011749509, -0.012100095, -0.0124432305, -0.012779192, -0.012944413, -0.013268763, -0.013584172, -0.013738167, -0.014038223, -0.01432711, -0.014604925, -0.014739892, -0.0150022125, -0.015254785, -0.015377423, -0.015615289, -0.015842913, -0.015952686, -0.016164, -0.016364286, -0.016553974, -0.016645081, -0.016820226, -0.016986739, -0.017066935, -0.017221296, -0.017367544, -0.017505325, -0.01757087, -0.017694835, -0.017809441, -0.01786307, -0.017963002, -0.01805372, -0.018095778, -0.01817376, -0.018244203, -0.018307574, -0.01833673, -0.018389948, -0.01843652, -0.018457359, -0.01849438, -0.018525537, -0.018551247, -0.0185623, -0.018580923, -0.018594723, -0.018599723, -0.018605942, -0.018606547, -0.01860156, -0.01859697, -0.018583812, -0.01856557, -0.01855465, -0.018529527, -0.018500132, -0.01848381, -0.018447803, -0.018406853, -0.018360687, -0.018335504, -0.018280935, -0.0182206, -0.01818828, -0.018119546, -0.01804509, -0.017964937, -0.017922552, -0.017832728, -0.017735561, -0.017684057, -0.0175747, -0.017456582, -0.017394302, -0.017263366, -0.017124163, -0.016977232, -0.016900921, -0.016742928, -0.016577464, -0.016491905, -0.016314775, -0.016129235, -0.01593479, -0.015834002, -0.015625099, -0.015405979, -0.015292587, -0.015058382, -0.01481429, -0.014688584, -0.014430168, -0.014162469, -0.013885718, -0.013743933, -0.013453775, -0.0131545765, -0.013001569, -0.012688496, -0.012365664, -0.012032896, -0.0118626375, -0.011514432, -0.011155818, -0.010972615, -0.010598363, -0.010213802, -0.010017673, -0.009617386, -0.009205804, -0.008782083, -0.00856532, -0.008120903, -0.0076596164, -0.007421298, -0.0069247102, -0.0063935337, -0.0058164285, -0.005509173, -0.0048738746, -0.004311023, -0.0041369624, -0.004176156, 0
0, 0, -0.004712564, -0.004534739, -0.004634729, -0.005078357, -0.005628549, -0.0059027304, -0.0064279344, -0.006922275, -0.007393005, -0.0076215267, -0.008067827, -0.0085020885, -0.00871528, -0.009134162, -0.009543712, -0.009944343, -0.010141372, -0.010528953, -0.010907557, -0.011093469, -0.011458547, -0.01181455, -0.01198925, -0.012332371, -0.012667134, -0.012993601, -0.013153633, -0.013466929, -0.013770679, -0.013918638, -0.014206255, -0.014482553, -0.014747399, -0.0148757165, -0.015124472, -0.015362975, -0.015478431, -0.015701892, -0.01591536, -0.016018357, -0.01621678, -0.016405065, -0.016583435, -0.016668899, -0.016832711, -0.016987316, -0.017061198, -0.017202334, -0.017334454, -0.017457664, -0.017515967, -0.017625805, -0.0177269, -0.017774096, -0.017861972, -0.017941108, -0.017977536, -0.01804419, -0.018103227, -0.018155146, -0.0181785, -0.018220467, -0.018256558, -0.018272512, -0.018300893, -0.018324798, -0.018344644, -0.01835317, -0.018367263, -0.018377233, -0.018380487, -0.01838344, -0.018381353, -0.018374382, -0.0183692, -0.018355753, -0.018338664, -0.018328978, -0.018307276, -0.018282326, -0.018268604, -0.018238343, -0.018203638, -0.018163895, -0.018142026, -0.018093925, -0.018040134, -0.018011138, -0.01794908, -0.017881555, -0.017808467, -0.01776973, -0.017687548, -0.017598568, -0.017551465, -0.017451854, -0.017344806, -0.017288614, -0.01717075, -0.01704583, -0.016914027, -0.016845457, -0.016702864, -0.016552515, -0.016474247, -0.016311012, -0.016138684, -0.015957063, -0.015862664, -0.015666638, -0.015460904, -0.015354353, -0.015133878, -0.0149035305, -0.014784559, -0.014538878, -0.014283085, -0.014017289, -0.013880789, -0.013600935, -0.013312221, -0.013164618, -0.012862464, -0.012550619, -0.012228117, -0.012062513, -0.011721823, -0.011368034, -0.011186093, -0.010811928, -0.010424221, -0.010225276, -0.009816822, -0.009393235, -0.00895303, -0.00872599, -0.008256032, -0.007761225, -0.0075026588, -0.0069581363, -0.0063686874, -0.005724482, -0.005381597, -0.0046745627, -0.004044713, -0.003840024, -0.003830269, 0
0, 0, -0.0042077755, -0.004169664, -0.004346544, -0.0049182614, -0.00556508, -0.0058788303, -0.0064699086, -0.0070158606, -0.007526755, -0.007771951, -0.008245326, -0.008699334, -0.008919867, -0.009349109, -0.009763757, -0.01016543, -0.010361845, -0.010746544, -0.011121117, -0.011304745, -0.011664894, -0.01201548, -0.012187139, -0.012523302, -0.01284949, -0.013165788, -0.013320137, -0.013621263, -0.01391196, -0.0140533, -0.0143275475, -0.014590575, -0.014842409, -0.014964275, -0.015200064, -0.015425416, -0.015534291, -0.015744586, -0.01594537, -0.016042177, -0.016228884, -0.016406244, -0.016574115, -0.016654408, -0.01680762, -0.016950881, -0.017018704, -0.017146945, -0.017265486, -0.017374659, -0.017425945, -0.017522406, -0.017610885, -0.017652258, -0.017729111, -0.017798334, -0.017830022, -0.01788768, -0.017937936, -0.017981067, -0.018000172, -0.018033808, -0.018062206, -0.018074673, -0.018096728, -0.01811541, -0.01813109, -0.01813778, -0.018148728, -0.018156009, -0.01815811, -0.01815922, -0.018155754, -0.018148215, -0.018143121, -0.018130431, -0.018115133, -0.018106598, -0.018087892, -0.018066753, -0.018055055, -0.01802918, -0.017999317, -0.017964715, -0.017945541, -0.017903062, -0.017855115, -0.017829066, -0.01777297, -0.017711354, -0.017644115, -0.017608304, -0.017532177, -0.017449811, -0.017406346, -0.017314753, -0.01721727, -0.017166344, -0.017059932, -0.016947305, -0.016828233, -0.016766062, -0.016636074, -0.016497947, -0.016425477, -0.016273558, -0.016112128, -0.015941212, -0.015852256, -0.015667452, -0.015473467, -0.015372926, -0.015164796, -0.014946774, -0.0148338545, -0.01459993, -0.014355027, -0.014099266, -0.013967585, -0.013696938, -0.013417169, -0.013273878, -0.012980399, -0.012676846, -0.012361942, -0.0121998, -0.011865228, -0.011516071, -0.011335876, -0.010963909, -0.0105763795, -0.010376606, -0.009964393, -0.00953364, -0.009081838, -0.008847129, -0.008357498, -0.007836903, -0.0075630182, -0.006983237, -0.006353204, -0.0056650196, -0.0052995663, -0.0045479424, -0.0038736954, -0.003647028, -0.003602446, 0
0, 0, -0.003852067, -0.0038637032, -0.004070897, -0.004707531, -0.0054223514, -0.005769575, -0.0064226924, -0.007021511, -0.0075754733, -0.0078385575, -0.008341457, -0.008817516, -0.009046634, -0.009488804, -0.009911499, -0.0103173945, -0.010514765, -0.01089966, -0.011272612, -0.011454924, -0.011811517, -0.012157297, -0.01232606, -0.012655199, -0.012972715, -0.013278668, -0.01342735, -0.0137163205, -0.013994406, -0.01412943, -0.01439128, -0.014642468, -0.014883135, -0.014999537, -0.015224789, -0.015439683, -0.015543309, -0.01574325, -0.015933584, -0.016025241, -0.016201863, -0.016369496, -0.016527733, -0.016603235, -0.016746651, -0.01687977, -0.016942386, -0.017059846, -0.017167255, -0.01726528, -0.01731121, -0.017397234, -0.017476322, -0.01751338, -0.01758237, -0.017644772, -0.017673384, -0.017725315, -0.017770411, -0.017808564, -0.017825263, -0.017854383, -0.017878594, -0.017889196, -0.017907811, -0.017923579, -0.017936734, -0.017942267, -0.017951207, -0.017956836, -0.017958302, -0.01795835, -0.017954586, -0.017947275, -0.017942423, -0.017930588, -0.017916247, -0.01790829, -0.017890543, -0.017870648, -0.017859671, -0.017835433, -0.017807636, -0.017775897, -0.017758358, -0.017719885, -0.017676597, -0.017653104, -0.017602248, -0.01754599, -0.017484108, -0.017450947, -0.017380128, -0.017303417, -0.017262895, -0.017177869, -0.017087618, -0.017040553, -0.016942356, -0.016838068, -0.01672714, -0.016668953, -0.01654666, -0.016415875, -0.016347071, -0.016202474, -0.016048424, -0.015885128, -0.01580012, -0.015623704, -0.015438576, -0.0153427925, -0.015144265, -0.014935919, -0.014827958, -0.014603682, -0.0143681625, -0.014121292, -0.013993817, -0.0137310205, -0.013458323, -0.013318318, -0.013030736, -0.012732378, -0.012422096, -0.012262165, -0.011931876, -0.011586978, -0.011408939, -0.01104135, -0.010657993, -0.010460142, -0.010050957, -0.009621793, -0.0091696605, -0.008933948, -0.00844078, -0.007914998, -0.007638155, -0.0070526637, -0.0064183413, -0.005728142, -0.005362085, -0.0046063354, -0.003913638, -0.00366834, -0.0035801758, 0
0, 0, -0.0036146177, -0.003661095, -0.003889149, -0.004566178, -0.00531989, -0.0056860684, -0.0063750674, -0.0070055723, -0.007585928, -0.007860237, -0.0083819665, -0.008872619, -0.009107609, -0.00955905, -0.009988205, -0.010397967, -0.01059629, -0.010981561, -0.011353021, -0.011533833, -0.011886343, -0.012226665, -0.012392234, -0.012714031, -0.013023276, -0.013320032, -0.0134638725, -0.0137429545, -0.0140110515, -0.014141158, -0.014393612, -0.014636088, -0.0148686785, -0.014981301, -0.015199132, -0.015406872, -0.015506906, -0.015699483, -0.01588212, -0.015969984, -0.01613866, -0.016298095, -0.016448295, -0.016519712, -0.016655315, -0.01678093, -0.016839957, -0.016950568, -0.017051576, -0.017143928, -0.017187135, -0.017268201, -0.017342858, -0.01737781, -0.017443169, -0.017502476, -0.017529767, -0.017579604, -0.017622912, -0.017659914, -0.017676061, -0.017704263, -0.017727746, -0.01773805, -0.017756222, -0.017771496, -0.01778409, -0.017789315, -0.017797587, -0.0178027, -0.01780403, -0.017804023, -0.017800448, -0.017793592, -0.017788805, -0.01777703, -0.01776214, -0.017753704, -0.017734734, -0.017713051, -0.017701259, -0.017675415, -0.01764674, -0.01761504, -0.017597944, -0.017561246, -0.017520789, -0.017498953, -0.01745176, -0.0173995, -0.01734165, -0.017310522, -0.017243804, -0.017171182, -0.017132748, -0.017051795, -0.016965704, -0.016920643, -0.016826158, -0.016725294, -0.016617248, -0.016560324, -0.01644055, -0.016312279, -0.016244829, -0.016103402, -0.015952956, -0.01579383, -0.01571116, -0.015539622, -0.015359809, -0.015266753, -0.015073871, -0.014871656, -0.014766784, -0.014549112, -0.014320416, -0.014080411, -0.013956185, -0.013699607, -0.013432258, -0.013294569, -0.01301086, -0.012715568, -0.0124079855, -0.012249271, -0.011921749, -0.01158053, -0.0114046335, -0.0110423425, -0.010665562, -0.010471454, -0.010070585, -0.009650938, -0.009209817, -0.008980211, -0.008501261, -0.0079934085, -0.0077275266, -0.0071691363, -0.0065708663, -0.0059278826, -0.0055900207, -0.0049000317, -0.004285085, -0.004081287, -0.0040464727, 0
0, 0, -0.0035657692, -0.003655831, -0.0039013063, -0.0045927246, -0.0053451755, -0.005708762, -0.006392589, -0.0070193624, -0.007597526, -0.007871186, -0.008392209, -0.008882913, -0.009118189, -0.009570222, -0.009999841, -0.01040926, -0.010607098, -0.010990288, -0.01135801, -0.011536512, -0.01188334, -0.012217141, -0.012379279, -0.0126942, -0.012996661, -0.013286989, -0.013427759, -0.013700944, -0.013963376, -0.014090743, -0.014338012, -0.014575461, -0.014803375, -0.014913725, -0.0151270935, -0.015330503, -0.015428357, -0.015616438, -0.015794529, -0.015879963, -0.016043624, -0.01619792, -0.016343044, -0.016412156, -0.016543617, -0.016666114, -0.01672399, -0.016833255, -0.016934019, -0.017026853, -0.017070493, -0.017152611, -0.017228344, -0.017263766, -0.01732995, -0.017389987, -0.017417701, -0.017468479, -0.017513188, -0.01755173, -0.017568829, -0.017599206, -0.017624991, -0.017636457, -0.017656926, -0.017674144, -0.017688235, -0.017694194, -0.017703615, -0.017709693, -0.017711507, -0.017712425, -0.017709611, -0.017702918, -0.01769809, -0.01768539, -0.017668786, -0.01765908, -0.017636947, -0.01761167, -0.01759797, -0.01756858, -0.01753696, -0.017502937, -0.017485121, -0.01744758, -0.017406946, -0.017385326, -0.01733876, -0.017287202, -0.01723022, -0.017199581, -0.017133852, -0.017062092, -0.017024087, -0.016943568, -0.01685744, -0.016812067, -0.016716711, -0.01661442, -0.016504625, -0.016446793, -0.016325248, -0.016195685, -0.01612787, -0.015986167, -0.015836224, -0.015678143, -0.015596089, -0.015425809, -0.015247475, -0.015155047, -0.014963759, -0.014763246, -0.014659392, -0.014444294, -0.014218737, -0.013982418, -0.013860143, -0.013607287, -0.013343244, -0.013207037, -0.012925895, -0.012632741, -0.012327022, -0.012169279, -0.011844054, -0.0115058515, -0.011331938, -0.01097446, -0.010604109, -0.010413908, -0.01002272, -0.009615739, -0.009191091, -0.008971521, -0.0085170185, -0.008040799, -0.0077939606, -0.007281533, -0.006741771, -0.006173045, -0.005880128, -0.0053048884, -0.004882015, -0.004856007, -0.0057558245, 0
0, 0, -0.0039820727, -0.0040215403, -0.0042254725, -0.0048372033, -0.0055207824, -0.0058544967, -0.0064874226, -0.007074051, -0.0076212, -0.00788219, -0.008382664, -0.008858, -0.009087161, -0.009529568, -0.009951932, -0.010355441, -0.010550502, -0.010928052, -0.011289817, -0.011465179, -0.011805505, -0.0121330125, -0.012292157, -0.012601924, -0.012900449, -0.01318811, -0.0133279385, -0.013599716, -0.013861035, -0.013987776, -0.014233721, -0.014469496, -0.014695416, -0.01480472, -0.015015971, -0.015217431, -0.015314397, -0.01550091, -0.015677739, -0.015762564, -0.01592526, -0.016078798, -0.016223652, -0.016292928, -0.016425403, -0.016550144, -0.016609695, -0.016723098, -0.016829168, -0.016927963, -0.016974723, -0.017062964, -0.01714428, -0.017182318, -0.017253334, -0.017317705, -0.017347483, -0.017402304, -0.017450983, -0.017493678, -0.017512958, -0.017547956, -0.017578615, -0.01759251, -0.017617434, -0.017638832, -0.017656585, -0.017664079, -0.017676359, -0.017684974, -0.017687848, -0.017690444, -0.017688766, -0.017682292, -0.01767724, -0.017663341, -0.017644417, -0.017633183, -0.017607572, -0.017578375, -0.01756259, -0.017529137, -0.017493365, -0.017455606, -0.017435923, -0.017394772, -0.017350592, -0.017327141, -0.017276878, -0.017221525, -0.017160777, -0.017128265, -0.017058821, -0.016983453, -0.016943548, -0.016859083, -0.016768452, -0.016720712, -0.01662017, -0.016512478, -0.016397413, -0.016337046, -0.016210787, -0.016077125, -0.016007615, -0.015863016, -0.015710779, -0.015550768, -0.0154677415, -0.015295614, -0.015115063, -0.015021521, -0.014827852, -0.014625136, -0.014520307, -0.014303591, -0.014077071, -0.013840564, -0.013718355, -0.013465954, -0.013202764, -0.013066974, -0.012786969, -0.012495182, -0.012191159, -0.01203456, -0.011711777, -0.011376538, -0.011204236, -0.010850571, -0.010484835, -0.010297427, -0.009913502, -0.009516729, -0.009106419, -0.008896013, -0.008464258, -0.008017508, -0.007788231, -0.007316613, -0.0068253814, -0.006311769, -0.0060475017, -0.0055239853, -0.0051060566, -0.0050205886, -0.0053487536, 0
0, 0, -0.0052153687, -0.0048950403, -0.004978759, -0.0053879055, -0.0059003145, -0.006158632, -0.006660287, -0.0071392506, -0.0075990856, -0.007823049, -0.00826096, -0.008686494, -0.00889487, -0.009302557, -0.009697914, -0.010080637, -0.010267168, -0.010630603, -0.010981465, -0.011152314, -0.011485423, -0.011807917, -0.011965469, -0.012273824, -0.012573326, -0.01286391, -0.013005785, -0.013282272, -0.013548594, -0.013677752, -0.013927908, -0.014167284, -0.014396322, -0.014507227, -0.0147220595, -0.014928256, -0.015028237, -0.015222219, -0.015408271, -0.015498387, -0.015672693, -0.015839327, -0.01599837, -0.016075172, -0.016223695, -0.01636557, -0.016434105, -0.016566193, -0.016691575, -0.016809987, -0.016866522, -0.016974121, -0.017074428, -0.017121917, -0.017211454, -0.017294053, -0.017332805, -0.01740519, -0.017470898, -0.017530305, -0.017557768, -0.01760866, -0.017654458, -0.017675621, -0.017714418, -0.017748266, -0.01777719, -0.01778971, -0.017811045, -0.017827151, -0.017833149, -0.017840583, -0.01784161, -0.017836016, -0.017830685, -0.017814968, -0.017792787, -0.017779473, -0.017748844, -0.017713403, -0.017694173, -0.017652938, -0.017607983, -0.017559115, -0.017533148, -0.017478, -0.017417908, -0.017385848, -0.017317569, -0.017243426, -0.017163338, -0.017121209, -0.01703282, -0.016938811, -0.016889598, -0.01678678, -0.016677618, -0.016620567, -0.016501522, -0.016375596, -0.016242882, -0.016173998, -0.016031431, -0.015882518, -0.015805572, -0.015646784, -0.01548081, -0.01530733, -0.01521763, -0.01503206, -0.0148383295, -0.014738351, -0.014532055, -0.014317364, -0.014206848, -0.013979084, -0.0137423575, -0.013496214, -0.013369576, -0.013109194, -0.012839418, -0.012701052, -0.012417273, -0.012124221, -0.011821316, -0.011666004, -0.011347163, -0.011016481, -0.010846451, -0.010496916, -0.010134671, -0.009948895, -0.0095683765, -0.009176266, -0.008772841, -0.008566867, -0.008146128, -0.0077121216, -0.007489158, -0.0070279646, -0.006540012, -0.006014314, -0.0057339175, -0.0051397695, -0.004547129, -0.0043009957, -0.0041028904, 0
0, 0, -0.0045637987, -0.0046161315, -0.004802131, -0.005304857, -0.005837726, -0.006094527, -0.006583116, -0.007043923, -0.0074848374, -0.007699647, -0.008120378, -0.008530563, -0.008731961, -0.009127306, -0.009512733, -0.009888129, -0.01007202, -0.010431917, -0.010781563, -0.010952489, -0.011286844, -0.011611369, -0.011770162, -0.012080964, -0.01238283, -0.012675601, -0.012818506, -0.013097191, -0.013366231, -0.013497014, -0.013751039, -0.013995166, -0.014229792, -0.014343799, -0.014565631, -0.014779699, -0.014883906, -0.015087043, -0.015283185, -0.015378623, -0.015564047, -0.015742118, -0.015912903, -0.015995638, -0.016155738, -0.01630896, -0.016382938, -0.016525637, -0.01666128, -0.016789822, -0.016851535, -0.016969707, -0.01708124, -0.017134495, -0.017236207, -0.017331405, -0.017376501, -0.017461576, -0.017539663, -0.017610742, -0.01764362, -0.017704872, -0.017760115, -0.017785585, -0.017832382, -0.01787351, -0.017908957, -0.017924516, -0.017951258, -0.017971734, -0.017979497, -0.017989643, -0.017992275, -0.017987361, -0.01798207, -0.017966043, -0.017942972, -0.01792896, -0.017896323, -0.017858043, -0.017836977, -0.017791104, -0.017740287, -0.017684255, -0.017654195, -0.017589947, -0.017519912, -0.017482648, -0.017403418, -0.01731802, -0.017226696, -0.017178813, -0.017078875, -0.01697336, -0.016918443, -0.016804107, -0.016683538, -0.016620886, -0.016490566, -0.016353497, -0.016209831, -0.016135432, -0.01598184, -0.015821805, -0.015739277, -0.01556919, -0.015391866, -0.015207195, -0.015111929, -0.014915848, -0.014712364, -0.014607835, -0.014393359, -0.014171564, -0.014057748, -0.013824079, -0.013581677, -0.013330165, -0.01320096, -0.012935499, -0.012661089, -0.012520599, -0.01223312, -0.011937176, -0.011632385, -0.011476546, -0.011157264, -0.010826811, -0.010657125, -0.010308058, -0.009946004, -0.009760017, -0.009378399, -0.008983896, -0.0085761305, -0.008367065, -0.007937613, -0.0074907974, -0.007259553, -0.006777409, -0.0062622773, -0.0057044374, -0.005407054, -0.0047799516, -0.0041583534, -0.0038980923, -0.0036637755, 0
0, 0, -0.0040218383, -0.004212705, -0.0044513303, -0.005025511, -0.0056005316, -0.005871625, -0.0063798185, -0.006851796, -0.0072982768, -0.0075143147, -0.007935107, -0.008343182, -0.008543073, -0.008934995, -0.009317079, -0.009690086, -0.009873214, -0.010232911, -0.010583673, -0.010755675, -0.011092655, -0.011420154, -0.011580449, -0.011893707, -0.012197386, -0.012491335, -0.012634797, -0.012914941, -0.013186239, -0.0133187175, -0.013577281, -0.01382766, -0.014070084, -0.014188439, -0.014419779, -0.014644125, -0.01475381, -0.014968054, -0.015175812, -0.015277158, -0.0154747395, -0.015665162, -0.015848348, -0.015937258, -0.016109385, -0.016274145, -0.016353672, -0.01650705, -0.016652798, -0.016791504, -0.016858352, -0.016987419, -0.017110558, -0.017169882, -0.017284168, -0.01739229, -0.017443938, -0.017541986, -0.017632563, -0.01771537, -0.017753845, -0.017825378, -0.017889937, -0.01791978, -0.01797476, -0.018023469, -0.018065987, -0.018084796, -0.018117337, -0.018142626, -0.018152319, -0.018165544, -0.018170113, -0.018166315, -0.018161258, -0.018145135, -0.018121246, -0.018106557, -0.01807176, -0.018030029, -0.01800674, -0.01795542, -0.017897654, -0.017833704, -0.017799279, -0.017725939, -0.01764619, -0.017603954, -0.017514769, -0.017419187, -0.017317351, -0.017264165, -0.017153224, -0.017036263, -0.016975535, -0.016849378, -0.016716873, -0.016648233, -0.01650601, -0.0163573, -0.016201882, -0.016121708, -0.015956411, -0.015784333, -0.01569574, -0.015513283, -0.01532354, -0.01512656, -0.015025425, -0.014818166, -0.014604704, -0.014495699, -0.014273428, -0.014045138, -0.013928592, -0.013690131, -0.013443787, -0.013188803, -0.013058018, -0.012789759, -0.012512613, -0.012370775, -0.012080647, -0.011782088, -0.011474885, -0.011318009, -0.010997099, -0.010665814, -0.01049591, -0.010146952, -0.009785271, -0.009599469, -0.009217658, -0.008821714, -0.008410296, -0.008198327, -0.007760211, -0.007300489, -0.0070609646, -0.0065588253, -0.0060198307, -0.005436667, -0.0051273215, -0.004480819, -0.00384872, -0.003585306, -0.0033402056, 0
0, 0, -0.003605798, -0.0038316643, -0.004084106, -0.004686445, -0.0052930657, -0.0055804616, -0.0061194943, -0.0066178674, -0.007085087, -0.007309436, -0.007742955, -0.008159555, -0.008362305, -0.008758244, -0.009142542, -0.00951676, -0.009700372, -0.010061028, -0.010413025, -0.010585734, -0.01092429, -0.011253522, -0.011414511, -0.011729077, -0.012033401, -0.012328046, -0.0124718705, -0.012753237, -0.0130269155, -0.013161158, -0.013424545, -0.0136814825, -0.013931918, -0.014054711, -0.014295682, -0.01453013, -0.0146449935, -0.0148698995, -0.015088357, -0.0151951825, -0.015403944, -0.015605794, -0.015800588, -0.0158953, -0.016079206, -0.0162555, -0.01634065, -0.016505063, -0.01666168, -0.016811144, -0.016883403, -0.017023547, -0.017158063, -0.017223231, -0.017349275, -0.017469043, -0.017526329, -0.017635332, -0.017736398, -0.017829012, -0.0178722, -0.017952563, -0.018025503, -0.018059377, -0.018122196, -0.018178584, -0.01822812, -0.01825028, -0.018288776, -0.018319044, -0.018330745, -0.018347329, -0.018354256, -0.018351782, -0.018347135, -0.018331174, -0.018306622, -0.018291162, -0.018254014, -0.01820858, -0.018182892, -0.018125748, -0.018061198, -0.017989649, -0.017951293, -0.01786963, -0.017781597, -0.017735085, -0.01763733, -0.01753295, -0.017421804, -0.017363714, -0.017242467, -0.01711429, -0.017047677, -0.016909411, -0.01676466, -0.016689966, -0.016535766, -0.016375236, -0.016208418, -0.016122578, -0.015946062, -0.015762892, -0.015668716, -0.015475096, -0.015274434, -0.015066905, -0.014960765, -0.01474422, -0.014522496, -0.014409843, -0.0141811725, -0.013947722, -0.013829052, -0.013587174, -0.013338518, -0.013082325, -0.012951289, -0.012682899, -0.012406064, -0.0122644, -0.01197451, -0.011675615, -0.01136776, -0.011210473, -0.010888782, -0.0105573805, -0.010387677, -0.010039979, -0.009680583, -0.009496126, -0.009117136, -0.008723519, -0.00831322, -0.008101095, -0.0076610316, -0.007196918, -0.0069543542, -0.0064448616, -0.0058972533, -0.0053051743, -0.004991341, -0.00433543, -0.003690581, -0.003418048, -0.0031493383, 0
0, 0, -0.0032985967, -0.0035354027, -0.003791695, -0.0044065607, -0.0050344877, -0.0053347126, -0.0059008747, -0.006424945, -0.00691439, -0.0071482165, -0.007597193, -0.008025165, -0.008232246, -0.008634368, -0.009022382, -0.009398165, -0.009581997, -0.009942233, -0.010293076, -0.010465071, -0.010802266, -0.011130246, -0.011290731, -0.0116045885, -0.011908724, -0.0122037325, -0.012348055, -0.012630948, -0.012907158, -0.013043029, -0.013310422, -0.013572299, -0.013828552, -0.0139545845, -0.014202249, -0.014443987, -0.014562568, -0.014795148, -0.015021611, -0.015132578, -0.015349868, -0.01556087, -0.01576539, -0.015865171, -0.01605966, -0.016246904, -0.016337655, -0.016513305, -0.0166813, -0.016841926, -0.01691979, -0.017070724, -0.017215934, -0.017286185, -0.017422007, -0.017550772, -0.017612291, -0.017729148, -0.01783744, -0.01793691, -0.017983483, -0.018070491, -0.018150147, -0.018187428, -0.018257093, -0.018320207, -0.018376088, -0.018401202, -0.018444968, -0.018479653, -0.018493298, -0.01851278, -0.018521948, -0.018520802, -0.018516557, -0.018500803, -0.018475682, -0.018459585, -0.018420247, -0.018371677, -0.018343998, -0.018282095, -0.018211989, -0.018134404, -0.018093029, -0.018005174, -0.01791084, -0.017861152, -0.017756512, -0.017644769, -0.01752546, -0.017462973, -0.017332023, -0.01719332, -0.017121136, -0.016971333, -0.016814942, -0.016734442, -0.01656907, -0.016397705, -0.016220622, -0.016129822, -0.015943734, -0.015751526, -0.015652947, -0.015451076, -0.015242982, -0.015028831, -0.014919658, -0.014697537, -0.014470896, -0.014355994, -0.014123212, -0.013886134, -0.013765885, -0.013521584, -0.013271623, -0.013015511, -0.012884986, -0.012618561, -0.012344583, -0.012204554, -0.011918024, -0.011622398, -0.011317373, -0.011161347, -0.010842281, -0.010513853, -0.010346072, -0.010003138, -0.009649641, -0.009468655, -0.009097196, -0.008711469, -0.008309202, -0.008101134, -0.007669139, -0.0072135795, -0.006975796, -0.0064772163, -0.00594297, -0.0053662113, -0.0050601796, -0.0044165542, -0.0037717386, -0.003490866, -0.0031873982, 0
0, 0, -0.003123299, -0.003385003, -0.0036522096, -0.004284599, -0.0049272114, -0.0052344734, -0.005814277, -0.0063510896, -0.0068516233, -0.0070901765, -0.0075471355, -0.007980788, -0.008189903, -0.008594432, -0.008982855, -0.009357261, -0.009539775, -0.0098962765, -0.010242328, -0.010411806, -0.010743955, -0.011067471, -0.01122605, -0.0115368925, -0.011839485, -0.012134094, -0.012278653, -0.012562685, -0.0128404675, -0.012977059, -0.013246187, -0.013509835, -0.01376802, -0.013895086, -0.014145056, -0.014389541, -0.014509774, -0.01474606, -0.014976804, -0.015090168, -0.015312713, -0.015529715, -0.015741011, -0.015844481, -0.016046964, -0.016243074, -0.016338518, -0.016523993, -0.016702237, -0.016873201, -0.016956003, -0.017116584, -0.01727045, -0.017344747, -0.017487794, -0.017622883, -0.017687194, -0.017809091, -0.017921878, -0.018025698, -0.018074416, -0.018166024, -0.018250408, -0.018290183, -0.01836484, -0.018432725, -0.018493162, -0.018520236, -0.018567553, -0.018604975, -0.01861976, -0.018641148, -0.018651634, -0.01865148, -0.01864749, -0.018631859, -0.01860625, -0.01858972, -0.018549044, -0.018498337, -0.018469395, -0.018404579, -0.018331347, -0.018250423, -0.018207254, -0.018115899, -0.018017614, -0.017965825, -0.017856516, -0.017739125, -0.017613247, -0.017547103, -0.017408295, -0.017260931, -0.017184308, -0.017025469, -0.016859964, -0.01677493, -0.016600667, -0.016420918, -0.016235756, -0.016141152, -0.015947692, -0.015748812, -0.015647413, -0.0154406065, -0.015228738, -0.015012033, -0.014901893, -0.014678383, -0.014450571, -0.014335132, -0.014100844, -0.013862014, -0.013740872, -0.013495007, -0.013244331, -0.01298867, -0.012858874, -0.012595106, -0.01232528, -0.012187721, -0.011906857, -0.011617517, -0.011319068, -0.011166425, -0.010854417, -0.01053381, -0.010370249, -0.010036782, -0.009694053, -0.009518878, -0.009159972, -0.008788033, -0.00840073, -0.008200643, -0.007786244, -0.0073511642, -0.007125192, -0.006654163, -0.006153826, -0.0056183613, -0.005335883, -0.0047451844, -0.004162184, -0.0039166138, -0.003688696, 0
0, 0, -0.0031830103, -0.0034819725, -0.0037602282, -0.0043994887, -0.00503728, -0.0053404, -0.0059112036, -0.0064395894, -0.006932665, -0.0071679465, -0.0076189605, -0.008047174, -0.008253636, -0.00865296, -0.009035828, -0.009404071, -0.009583178, -0.009932236, -0.010270266, -0.010435581, -0.01075957, -0.0110756345, -0.01123096, -0.011536398, -0.011835023, -0.012127085, -0.0122707775, -0.012553489, -0.012829966, -0.0129659, -0.013233298, -0.013494786, -0.01375062, -0.01387658, -0.014124563, -0.014367745, -0.014487574, -0.01472379, -0.014955324, -0.015069283, -0.0152937, -0.015513059, -0.015727235, -0.015832376, -0.01603868, -0.01623945, -0.016337615, -0.016529167, -0.016714076, -0.016892027, -0.016978312, -0.017145444, -0.017305173, -0.017382102, -0.017529864, -0.01766879, -0.017734822, -0.017859789, -0.017975437, -0.01808211, -0.018132314, -0.01822675, -0.018314078, -0.018355237, -0.018432574, -0.018502787, -0.018564997, -0.018592827, -0.018641254, -0.018679393, -0.01869443, -0.018716203, -0.018727051, -0.018727148, -0.018723287, -0.018707743, -0.018681837, -0.018665116, -0.018623896, -0.018572511, -0.018543154, -0.018477624, -0.018403573, -0.018321883, -0.01827829, -0.01818584, -0.01808609, -0.018033303, -0.017921565, -0.017800953, -0.01767119, -0.017602857, -0.017459443, -0.017307274, -0.017228244, -0.017064642, -0.016894564, -0.016807187, -0.016628277, -0.016443761, -0.016253827, -0.016156869, -0.015959023, -0.015756162, -0.015653087, -0.015443889, -0.015230961, -0.015014526, -0.014904901, -0.014682927, -0.014456801, -0.014342074, -0.014108858, -0.013870584, -0.013749508, -0.013503812, -0.013253524, -0.012999043, -0.0128703285, -0.012609552, -0.012344088, -0.012209299, -0.011934995, -0.011653347, -0.01136381, -0.011216023, -0.010914574, -0.010605514, -0.010448229, -0.010127994, -0.009799653, -0.009632075, -0.009289262, -0.008934649, -0.008566365, -0.008376535, -0.0079848105, -0.0075760633, -0.0073649506, -0.006928263, -0.0064695827, -0.005985253, -0.0057329806, -0.0052172304, -0.004751094, -0.0046043713, -0.004847599, -0.006643686
0, 0, -0.0037155398, -0.0039406405, -0.0041861087, -0.004770505, -0.0053631966, -0.0056464984, -0.0061823665, -0.006681296, -0.0071495827, -0.007373997, -0.007805989, -0.008218007, -0.008417316, -0.008803885, -0.009175413, -0.009533137, -0.0097071845, -0.010046201, -0.010374067, -0.010534246, -0.010848171, -0.011154521, -0.011305261, -0.011602441, -0.01189392, -0.0121799065, -0.0123207625, -0.012598151, -0.012869348, -0.013002628, -0.013264472, -0.01352026, -0.013770562, -0.013893862, -0.014136911, -0.0143759195, -0.014493914, -0.014727205, -0.014956504, -0.01506962, -0.015292279, -0.015509995, -0.015722675, -0.015827121, -0.01603213, -0.016232178, -0.016330233, -0.016522316, -0.016708508, -0.016888313, -0.016975662, -0.017145008, -0.01730674, -0.01738462, -0.017534059, -0.01767455, -0.017741373, -0.017867899, -0.017985225, -0.01809366, -0.01814471, -0.018240733, -0.018329244, -0.018370783, -0.01844847, -0.018518532, -0.018580243, -0.018607713, -0.018655272, -0.018692572, -0.018707257, -0.018728694, -0.018739454, -0.018739758, -0.018735986, -0.018720804, -0.018695215, -0.018678553, -0.018637633, -0.0185867, -0.018557679, -0.018492905, -0.01841981, -0.01833904, -0.018295975, -0.018204203, -0.018104803, -0.018052105, -0.017940149, -0.017819224, -0.017688883, -0.017620258, -0.017476453, -0.017324343, -0.01724541, -0.017082294, -0.016912661, -0.016825555, -0.016646823, -0.01646221, -0.016271617, -0.016174207, -0.015975334, -0.015771573, -0.01566814, -0.015458733, -0.015246452, -0.01503166, -0.014923253, -0.014704069, -0.014481225, -0.014368093, -0.014138125, -0.013902866, -0.013783292, -0.013540434, -0.013293179, -0.013041994, -0.012915013, -0.012658312, -0.012397682, -0.0122657325, -0.011997828, -0.011723942, -0.011443565, -0.0113008795, -0.011010668, -0.01071411, -0.010563481, -0.0102570625, -0.00994325, -0.009783227, -0.009455999, -0.009118012, -0.008767674, -0.008587404, -0.008216363, -0.007830465, -0.0076317843, -0.007221842, -0.0067924866, -0.0063393014, -0.006102672, -0.005615065, -0.0051563806, -0.0049871188, -0.004986715, -0.005613352
0, -0.006747851, -0.0049148905, -0.004664161, -0.0048119663, -0.005284581, -0.0058085746, -0.006064697, -0.0065549924, -0.007016467, -0.0074533056, -0.007663809, -0.008071129, -0.008462162, -0.008652212, -0.00902223, -0.009379664, -0.009725066, -0.009893349, -0.0102214115, -0.010538561, -0.010693382, -0.010996421, -0.011291868, -0.011437161, -0.011723544, -0.012004708, -0.012280734, -0.012416768, -0.012684738, -0.012946927, -0.013075788, -0.013329172, -0.013576854, -0.013819597, -0.013939314, -0.01417576, -0.014408684, -0.014523898, -0.014751809, -0.014976062, -0.015086604, -0.0153039675, -0.01551617, -0.01572301, -0.01582446, -0.016023505, -0.016217759, -0.016313063, -0.016500104, -0.016682044, -0.01685832, -0.01694408, -0.017110648, -0.017270062, -0.017346852, -0.017494444, -0.01763356, -0.017699871, -0.017825866, -0.01794297, -0.018051451, -0.018102558, -0.018198619, -0.018286694, -0.018327814, -0.018404163, -0.01847254, -0.018532367, -0.01855894, -0.018604925, -0.018641142, -0.018655516, -0.018676832, -0.01868804, -0.01868916, -0.018685851, -0.018671643, -0.018647188, -0.01863111, -0.018591324, -0.018541772, -0.01851353, -0.018450456, -0.018379267, -0.01830047, -0.018258318, -0.018168371, -0.01807074, -0.018018808, -0.01790865, -0.017789884, -0.017662274, -0.017595211, -0.017454868, -0.017306803, -0.017230127, -0.017071644, -0.016906664, -0.016821884, -0.01664748, -0.01646683, -0.016279887, -0.016184196, -0.01598848, -0.015787655, -0.015685594, -0.0154788885, -0.015269288, -0.015057275, -0.014950403, -0.014734575, -0.014515504, -0.014404504, -0.0141793275, -0.013949369, -0.013832636, -0.013595828, -0.013354879, -0.013109952, -0.012986011, -0.012735287, -0.012480526, -0.01235154, -0.012089794, -0.011822847, -0.011550296, -0.011411895, -0.011130956, -0.010844469, -0.010698975, -0.010403051, -0.01009969, -0.009944859, -0.009628116, -0.009300816, -0.008961645, -0.008787162, -0.008427721, -0.008053145, -0.007859693, -0.0074582924, -0.0070328573, -0.0065748757, -0.0063305157, -0.005808357, -0.005265352, -0.005017716, -0.0047283648, -0.0049244403
0, -0.005711403, -0.0050720866, -0.005071622, -0.0052443934, -0.0057141464, -0.0062146564, -0.0064575663, -0.0069214315, -0.0073581813, -0.00777236, -0.007972314, -0.008360071, -0.008733667, -0.008915714, -0.009271147, -0.00961574, -0.009949887, -0.010112984, -0.010431068, -0.010738419, -0.010888289, -0.011181083, -0.011465692, -0.011605401, -0.011880073, -0.012149295, -0.012413256, -0.012543328, -0.012799658, -0.013050767, -0.013174291, -0.01341759, -0.013655962, -0.013889952, -0.014005505, -0.014233839, -0.014458923, -0.014570165, -0.014790066, -0.015006018, -0.015112306, -0.015321058, -0.015524375, -0.015722115, -0.015818967, -0.016008835, -0.016193915, -0.016284691, -0.016462909, -0.01663648, -0.01680477, -0.016886827, -0.017046278, -0.01719906, -0.017272798, -0.017414674, -0.017548764, -0.017612938, -0.01773501, -0.017849138, -0.017955191, -0.01800516, -0.018099219, -0.018185213, -0.01822528, -0.018299391, -0.018365396, -0.018423159, -0.018448817, -0.01849353, -0.018529179, -0.018543582, -0.018565463, -0.018577876, -0.01858058, -0.018578146, -0.018565813, -0.018543247, -0.018528186, -0.018490527, -0.018443242, -0.018416189, -0.018355623, -0.018287113, -0.01821104, -0.018170225, -0.01808315, -0.01798838, -0.017938046, -0.01783146, -0.017716844, -0.017594175, -0.017529842, -0.017395511, -0.017253853, -0.017180469, -0.01702878, -0.016870635, -0.016789274, -0.016621752, -0.016448097, -0.016268339, -0.016176313, -0.015987951, -0.015794534, -0.015696062, -0.015495904, -0.015292163, -0.015085099, -0.014980482, -0.014768906, -0.014554295, -0.014445701, -0.014226068, -0.0140027385, -0.013889724, -0.013660951, -0.01342849, -0.013192074, -0.013072238, -0.012829029, -0.0125809945, -0.012455125, -0.012199238, -0.011938027, -0.01167125, -0.011535859, -0.011260976, -0.01098018, -0.0108373035, -0.010546004, -0.010246265, -0.010092827, -0.009778305, -0.009452472, -0.0091140205, -0.008939554, -0.0085790595, -0.008201001, -0.008004317, -0.0075922348, -0.0071479552, -0.0066594733, -0.0063940748, -0.0058145896, -0.0051869727, -0.004883211, -0.004450094, -0.0045069363
0, -0.0050210506, -0.0048205815, -0.005115992, -0.00536964, -0.005927563, -0.006466052, -0.006718491, -0.0071912548, -0.0076289144, -0.008039868, -0.008237225, -0.008618613, -0.008984753, -0.009162839, -0.009510203, -0.00984681, -0.010173158, -0.0103324335, -0.010643118, -0.010943069, -0.011089097, -0.011373813, -0.011649616, -0.011784485, -0.012049044, -0.012307287, -0.012559881, -0.012684193, -0.01292925, -0.013169407, -0.013287688, -0.013520835, -0.013749561, -0.013974074, -0.014084894, -0.014303455, -0.014518314, -0.014624309, -0.014833324, -0.015037876, -0.015138512, -0.0153359445, -0.015528053, -0.015714852, -0.0158063, -0.015985467, -0.016159844, -0.016245399, -0.016412932, -0.016575951, -0.016733855, -0.0168108, -0.016960142, -0.017103286, -0.017172318, -0.017305221, -0.017431185, -0.017491454, -0.017606622, -0.01771449, -0.01781526, -0.017862909, -0.017952783, -0.018035222, -0.018073583, -0.018144708, -0.018208183, -0.018263856, -0.018288724, -0.018332237, -0.01836752, -0.018381992, -0.018404523, -0.018418154, -0.018422542, -0.018421138, -0.018410932, -0.018390814, -0.018377068, -0.018342407, -0.018298442, -0.018273136, -0.01821627, -0.01815171, -0.018079674, -0.018040974, -0.017958112, -0.017867843, -0.017819937, -0.01771848, -0.017609589, -0.017493188, -0.017432176, -0.01730486, -0.01717057, -0.017100886, -0.016956618, -0.016805943, -0.01672836, -0.016568728, -0.016403534, -0.01623323, -0.016146246, -0.015968625, -0.015786363, -0.015693462, -0.015503906, -0.015309663, -0.015110705, -0.01500951, -0.014804083, -0.01459492, -0.014489086, -0.014275128, -0.014058361, -0.0139489565, -0.013728031, -0.0135038765, -0.013275754, -0.013159882, -0.012924052, -0.012682226, -0.012559039, -0.012308049, -0.012050926, -0.011787842, -0.011654031, -0.011381678, -0.011102306, -0.010959599, -0.010667206, -0.010364376, -0.010208722, -0.009888157, -0.00955471, -0.009206984, -0.00902722, -0.008654438, -0.008261162, -0.008055307, -0.0076208077, -0.0071479124, -0.006624018, -0.006338481, -0.0057156174, -0.0050433003, -0.0047173714, -0.004239828, -0.004256375
0, -0.004610048, -0.0045510735, -0.0049936604, -0.0053048036, -0.005949324, -0.006546783, -0.006821289, -0.0073274635, -0.0077881073, -0.008214679, -0.008417752, -0.008807202, -0.009177586, -0.009356717, -0.009704411, -0.010039385, -0.01036298, -0.010520658, -0.010827643, -0.011123682, -0.011267561, -0.011547763, -0.011818344, -0.011950305, -0.012208158, -0.012458801, -0.012703023, -0.012823108, -0.0130592445, -0.013290537, -0.013404407, -0.013628463, -0.013847999, -0.014062762, -0.0141683305, -0.014375943, -0.014578798, -0.014678509, -0.014874437, -0.015065904, -0.015159979, -0.0153445285, -0.015524352, -0.015699478, -0.015785273, -0.015953284, -0.016116636, -0.016196566, -0.016352974, -0.016504735, -0.016651392, -0.016722724, -0.016860979, -0.016993135, -0.017056871, -0.017179435, -0.01729541, -0.01735092, -0.017457038, -0.01755673, -0.017650146, -0.017694516, -0.017778423, -0.017855918, -0.017892092, -0.017959377, -0.018019589, -0.018072605, -0.018096281, -0.018137943, -0.01817185, -0.018185826, -0.018207818, -0.018221686, -0.018226879, -0.018226074, -0.018217651, -0.018200109, -0.018187849, -0.018156735, -0.018117042, -0.018094148, -0.018042518, -0.017983433, -0.017917275, -0.017881544, -0.017804902, -0.017721066, -0.017676424, -0.017581735, -0.017479943, -0.01737094, -0.017313793, -0.017194299, -0.017067863, -0.017002119, -0.016865693, -0.016722983, -0.016649343, -0.01649793, -0.016341856, -0.016181672, -0.01610018, -0.015934622, -0.015765121, -0.015678825, -0.015502305, -0.015320206, -0.015131827, -0.015035326, -0.0148381395, -0.014635834, -0.014533074, -0.0143248, -0.014113674, -0.014007042, -0.01379191, -0.013573617, -0.013351083, -0.013237803, -0.013006604, -0.0127685135, -0.012646853, -0.01239833, -0.012142872, -0.011880661, -0.0117469495, -0.011474089, -0.0111926645, -0.011048245, -0.0107509, -0.010440761, -0.010280485, -0.009949038, -0.009602496, -0.009239684, -0.009051723, -0.00866091, -0.00824739, -0.008030529, -0.0075722532, -0.0070737624, -0.0065242127, -0.006226814, -0.0055849096, -0.0049026343, -0.0045751785, -0.0040960135, -0.004103643
0, -0.004373301, -0.0043551303, -0.004843197, -0.0051767253, -0.0058659245, -0.0065065464, -0.006801175, -0.007343711, -0.007835136, -0.008286934, -0.008500723, -0.008907881, -0.009291575, -0.009475791, -0.009831062, -0.010170814, -0.010497045, -0.01065547, -0.010963357, -0.011259619, -0.011403554, -0.011683452, -0.011953183, -0.012084431, -0.0123400055, -0.012587169, -0.0128270555, -0.012944632, -0.013175302, -0.013400447, -0.013511027, -0.013728021, -0.01393946, -0.0141452225, -0.014245861, -0.014442646, -0.014633529, -0.0147268325, -0.014909728, -0.015088127, -0.015175732, -0.015347746, -0.015515466, -0.015678845, -0.015758887, -0.015915502, -0.016067548, -0.016141836, -0.016286992, -0.016427424, -0.016562924, -0.016628733, -0.016756335, -0.016878134, -0.016936801, -0.01704949, -0.017155867, -0.017206632, -0.017303597, -0.017394595, -0.017479878, -0.017520398, -0.017597387, -0.01766868, -0.017702116, -0.017764427, -0.017820245, -0.017869204, -0.01789105, -0.017929334, -0.017960157, -0.017972887, -0.017992707, -0.018005097, -0.01800985, -0.018009232, -0.018002074, -0.017986802, -0.017976161, -0.01794899, -0.017914273, -0.017894158, -0.0178487, -0.017796546, -0.017737724, -0.017705789, -0.017636895, -0.017561106, -0.017520554, -0.017434165, -0.017340742, -0.017240467, -0.017187765, -0.017077237, -0.016959857, -0.016898606, -0.01677121, -0.01663738, -0.01656815, -0.01642569, -0.016278759, -0.016128363, -0.01605205, -0.015897531, -0.015739925, -0.015659701, -0.015495688, -0.015325626, -0.015148633, -0.015057381, -0.014869544, -0.014675225, -0.014575903, -0.01437363, -0.014167225, -0.01406262, -0.013850879, -0.01363525, -0.013414574, -0.0133019695, -0.01307137, -0.012833178, -0.01271116, -0.012461425, -0.012204136, -0.011939422, -0.0118041895, -0.011527473, -0.011241281, -0.011093906, -0.010789375, -0.010470245, -0.010304705, -0.009961379, -0.0096009625, -0.0092226565, -0.009026419, -0.008618276, -0.008186472, -0.007960404, -0.0074842223, -0.006969784, -0.0064084586, -0.006107698, -0.0054653795, -0.004791452, -0.004470474, -0.004002603, -0.0040103765
0, -0.0042331996, -0.004223921, -0.004713429, -0.0050481427, -0.0057459837, -0.0064042658, -0.0067101396, -0.0072777057, -0.007794937, -0.008271296, -0.00849649, -0.008924174, -0.009325093, -0.009516685, -0.009884294, -0.010233706, -0.010567315, -0.010728836, -0.011041918, -0.011342819, -0.011488869, -0.011772492, -0.0120451655, -0.012177601, -0.012434745, -0.0126822535, -0.012921281, -0.013038017, -0.0132662775, -0.013488118, -0.013596683, -0.013808929, -0.014014549, -0.014213182, -0.014309856, -0.014497814, -0.014678828, -0.0147669995, -0.0149392495, -0.015106699, -0.015188812, -0.015349887, -0.015506592, -0.015658844, -0.01573322, -0.015878484, -0.016019091, -0.016087644, -0.01622144, -0.016350731, -0.016475668, -0.016536428, -0.016654463, -0.016767304, -0.016821716, -0.016926121, -0.017024407, -0.017071161, -0.017160043, -0.01724297, -0.01732029, -0.017356899, -0.01742635, -0.017490678, -0.017520797, -0.017577041, -0.017627317, -0.017671185, -0.017690625, -0.017724298, -0.017751215, -0.017762136, -0.017779015, -0.017789314, -0.017793069, -0.01779248, -0.01778614, -0.01777295, -0.017763898, -0.017740639, -0.017710958, -0.0176937, -0.01765466, -0.017609634, -0.017558478, -0.017530646, -0.017470144, -0.01740315, -0.017367152, -0.017289903, -0.017205864, -0.01711513, -0.017067336, -0.016966835, -0.01685984, -0.016803864, -0.01668689, -0.016563317, -0.016499262, -0.016366564, -0.01622902, -0.016087739, -0.01601585, -0.015870173, -0.015721528, -0.015645944, -0.015491333, -0.015330932, -0.015163617, -0.015077114, -0.014898286, -0.014712182, -0.0146165425, -0.0144205075, -0.014218658, -0.014115752, -0.013906014, -0.013690732, -0.013469003, -0.013355371, -0.013122074, -0.012880286, -0.012756199, -0.012501735, -0.012239074, -0.011968253, -0.011829714, -0.011545931, -0.011251988, -0.011100546, -0.010787466, -0.010458973, -0.010288509, -0.009934509, -0.009562508, -0.00917192, -0.008969246, -0.008548257, -0.008104195, -0.007872429, -0.0073866625, -0.0068663075, -0.006304408, -0.0060057063, -0.0053725056, -0.0047131805, -0.0044001797, -0.003944687, -0.0039541805
0, -0.0041401745, -0.004130618, -0.004608041, -0.0049356907, -0.0056238608, -0.00628133, -0.006590155, -0.007168635, -0.0077014226, -0.008195534, -0.008429793, -0.00887532, -0.009292966, -0.009492306, -0.009874129, -0.010235912, -0.010580341, -0.010746704, -0.011068657, -0.011377424, -0.011527129, -0.01181752, -0.012096018, -0.01223092, -0.0124921575, -0.012742691, -0.012983502, -0.013100605, -0.013329013, -0.013550051, -0.013657802, -0.0138677955, -0.014070227, -0.014264682, -0.014358884, -0.01454125, -0.014715918, -0.014800715, -0.014965736, -0.015125455, -0.015203481, -0.015355896, -0.015503511, -0.015646003, -0.015715305, -0.015850104, -0.015979977, -0.01604314, -0.016166165, -0.016285138, -0.016400337, -0.016456533, -0.016566053, -0.016671125, -0.016721953, -0.016819354, -0.01691079, -0.016954167, -0.01703605, -0.017111626, -0.017181369, -0.017214227, -0.017276103, -0.017333182, -0.017359942, -0.017409695, -0.017454144, -0.017492905, -0.017509967, -0.01753955, -0.017563095, -0.017572653, -0.017587347, -0.017596437, -0.01759987, -0.01759946, -0.01759428, -0.017583292, -0.017575622, -0.01755585, -0.017530471, -0.017515648, -0.017482072, -0.017443223, -0.017399155, -0.017375074, -0.017322531, -0.01726403, -0.017232345, -0.017164199, -0.017089408, -0.017008262, -0.016965449, -0.01687511, -0.016778663, -0.016728178, -0.016622288, -0.016509773, -0.016451133, -0.016328992, -0.0162011, -0.016068267, -0.016000228, -0.015861416, -0.015718898, -0.015646206, -0.01549736, -0.015343145, -0.015182497, -0.015099571, -0.014928042, -0.014749074, -0.014656753, -0.014466607, -0.014269102, -0.014167667, -0.013959394, -0.013743481, -0.013519471, -0.013404197, -0.01316662, -0.012919551, -0.012792504, -0.012531306, -0.012261103, -0.01198166, -0.011838548, -0.0115450835, -0.01124087, -0.011084343, -0.010761204, -0.010423076, -0.010247949, -0.009884808, -0.009504071, -0.009104895, -0.008898129, -0.008469414, -0.008018961, -0.0077847517, -0.0072962097, -0.0067768735, -0.006220383, -0.0059261774, -0.0053049354, -0.0046599093, -0.0043537836, -0.00390839, -0.0039196066
0, -0.004067996, -0.0040565035, -0.0045207674, -0.004840159, -0.005513569, -0.0061620236, -0.0064688753, -0.0070481263, -0.007586778, -0.008090394, -0.008330278, -0.008788324, -0.009219333, -0.009425492, -0.009820783, -0.010195455, -0.010552012, -0.010724119, -0.011056826, -0.011375454, -0.0115297185, -0.011828449, -0.012114275, -0.012252464, -0.012519522, -0.0127747785, -0.013019403, -0.013138027, -0.013368682, -0.013591047, -0.013699179, -0.013909278, -0.014111052, -0.0143040875, -0.014397313, -0.014577185, -0.014748845, -0.014831808, -0.01499282, -0.0151477065, -0.015223061, -0.015369528, -0.015510373, -0.015645426, -0.015710797, -0.015837405, -0.015958738, -0.016017579, -0.01613185, -0.016242173, -0.016349059, -0.016401205, -0.016502988, -0.01660083, -0.016648097, -0.016738769, -0.01682359, -0.016863681, -0.016938806, -0.017007569, -0.017070265, -0.01709957, -0.017154532, -0.017204938, -0.017228618, -0.017272703, -0.017312441, -0.01734737, -0.017362919, -0.017390186, -0.017412232, -0.017421369, -0.017435798, -0.017445264, -0.017449657, -0.017449893, -0.01744639, -0.017437574, -0.017431121, -0.017414212, -0.017392082, -0.01737909, -0.017349565, -0.017315486, -0.017276993, -0.017255971, -0.017210238, -0.017159007, -0.017131181, -0.017071009, -0.017004535, -0.016931849, -0.016893342, -0.016811918, -0.016724862, -0.016679145, -0.016583271, -0.01648111, -0.016427597, -0.016315544, -0.01619708, -0.016072474, -0.016008012, -0.015875138, -0.015737185, -0.015666386, -0.015521011, -0.015370209, -0.015213312, -0.015132501, -0.0149655985, -0.014791437, -0.01470149, -0.0145154195, -0.014320978, -0.014220455, -0.014012714, -0.013795723, -0.013569139, -0.01345208, -0.013210293, -0.012958074, -0.012828116, -0.0125604, -0.012282467, -0.011994207, -0.011846146, -0.011542027, -0.011226653, -0.011064446, -0.010730372, -0.010382221, -0.010202517, -0.00983119, -0.009443419, -0.009038382, -0.008829177, -0.008396411, -0.007943342, -0.0077086412, -0.0072208857, -0.006705231, -0.0061556036, -0.005865903, -0.0052552954, -0.004621722, -0.0043208124, -0.0038828515, -0.0038954578
0, -0.0040085413, -0.0039957617, -0.0044498714, -0.0047625997, -0.005422721, -0.006060603, -0.0063635735, -0.0069381353, -0.0074758423, -0.007981877, -0.008224137, -0.008688813, -0.009128598, -0.009339689, -0.00974577, -0.010131912, -0.010499945, -0.010677692, -0.011021279, -0.011349987, -0.011509003, -0.011816609, -0.012110541, -0.012252533, -0.012526679, -0.012788292, -0.013038425, -0.013159556, -0.013394377, -0.013619937, -0.013729384, -0.013941439, -0.014144394, -0.014338123, -0.014431438, -0.014611113, -0.014781925, -0.0148643125, -0.015023547, -0.015176015, -0.015249873, -0.015392861, -0.015529659, -0.01566036, -0.015723443, -0.015845316, -0.015961608, -0.016017789, -0.01612658, -0.016230939, -0.016331315, -0.01638011, -0.016474776, -0.016565377, -0.016608987, -0.016692352, -0.016770141, -0.016806724, -0.016875215, -0.016937597, -0.016994176, -0.017020509, -0.017069843, -0.017115152, -0.0171365, -0.017176788, -0.01721354, -0.017246585, -0.017261595, -0.017288413, -0.017310847, -0.017320383, -0.01733599, -0.017346948, -0.01735301, -0.01735416, -0.017352602, -0.017345756, -0.017340379, -0.01732573, -0.017305998, -0.01729437, -0.017267704, -0.01723715, -0.017202713, -0.017184038, -0.01714359, -0.017098242, -0.017073555, -0.017019963, -0.016960245, -0.016894443, -0.01685941, -0.01678497, -0.016705127, -0.016663102, -0.016574912, -0.016480867, -0.01643146, -0.016327957, -0.016217787, -0.016100803, -0.01603982, -0.01591273, -0.015779229, -0.01571014, -0.015567362, -0.01541847, -0.015263235, -0.015183177, -0.015017909, -0.014845313, -0.014756088, -0.014571057, -0.014376823, -0.014276091, -0.014067079, -0.013847795, -0.013618148, -0.013499348, -0.013253667, -0.012997206, -0.012864927, -0.012592053, -0.012307926, -0.01201232, -0.011860082, -0.011546673, -0.011221182, -0.011053855, -0.010709518, -0.010351963, -0.010167959, -0.009789305, -0.009395719, -0.00898638, -0.008775578, -0.008340595, -0.0078867255, -0.007652139, -0.007165983, -0.006653719, -0.0061093164, -0.0058228415, -0.005219509, -0.004593468, -0.0042959824, -0.0038629137, -0.003876465
0, -0.0039631263, -0.0039501046, -0.0043976484, -0.0047056763, -0.0053557022, -0.0059840116, -0.006282677, -0.006850053, -0.0073827016, -0.007886117, -0.008128113, -0.0085943015, -0.009038178, -0.009252228, -0.009665496, -0.010060188, -0.010437511, -0.010619975, -0.010973024, -0.011310785, -0.0114742005, -0.011790527, -0.012092975, -0.012239131, -0.012521533, -0.012790968, -0.01304826, -0.013172611, -0.013413183, -0.013643342, -0.013754652, -0.013969893, -0.014175369, -0.014371057, -0.014465239, -0.0146463895, -0.014818237, -0.014900953, -0.015060379, -0.015212479, -0.015285944, -0.01542801, -0.015563683, -0.015693251, -0.015755828, -0.015876599, -0.01599159, -0.016046915, -0.016153447, -0.016254574, -0.016350534, -0.01639661, -0.016485149, -0.016568858, -0.016608868, -0.016684929, -0.01675571, -0.01678907, -0.016851678, -0.016908804, -0.016960932, -0.016985144, -0.017030692, -0.017072933, -0.017092917, -0.01713108, -0.01716657, -0.01719906, -0.017214108, -0.01724132, -0.01726466, -0.017274687, -0.017291455, -0.017303549, -0.017310899, -0.017312702, -0.017312672, -0.017307522, -0.017303055, -0.01729034, -0.017272726, -0.01726221, -0.017238092, -0.017210247, -0.017178988, -0.017162079, -0.017125424, -0.017084613, -0.017062385, -0.017013818, -0.016959563, -0.016899465, -0.01686714, -0.016798167, -0.016723437, -0.016684014, -0.016601022, -0.01651235, -0.016465878, -0.016368315, -0.01626444, -0.016153604, -0.016095562, -0.015973866, -0.015844565, -0.015777107, -0.015636655, -0.015488745, -0.015333558, -0.015253137, -0.015086738, -0.014912574, -0.014822316, -0.014635093, -0.014438084, -0.01433581, -0.014123366, -0.013900295, -0.013666601, -0.013545787, -0.01329618, -0.013035869, -0.012901608, -0.012624708, -0.012336112, -0.012035213, -0.011880059, -0.011560086, -0.011227305, -0.011056171, -0.01070426, -0.010339544, -0.010152248, -0.009767956, -0.009370079, -0.008957816, -0.008745905, -0.008309682, -0.007855536, -0.0076211183, -0.007135956, -0.0066254465, -0.006083579, -0.0057986076, -0.005198719, -0.0045761946, -0.004280319, -0.0038495946, -0.0038634986
0, -0.003933177, -0.003920663, -0.00436413, -0.004668962, -0.0053114477, -0.0059314757, -0.006225954, -0.0067853434, -0.007311038, -0.0078091784, -0.008049268, -0.00851332, -0.008957563, -0.009172648, -0.009589568, -0.009989519, -0.010373181, -0.01055902, -0.010919148, -0.011264396, -0.0114316195, -0.011755955, -0.012066897, -0.012217459, -0.012508739, -0.012786926, -0.013052385, -0.0131804915, -0.01342768, -0.01366326, -0.013776926, -0.0139961075, -0.014205072, -0.014404008, -0.014499856, -0.014684166, -0.014859059, -0.014943154, -0.015105161, -0.015259433, -0.0153338825, -0.0154776005, -0.015614911, -0.015746212, -0.015809631, -0.01593208, -0.016048314, -0.016104082, -0.016210759, -0.016310677, -0.016403979, -0.016448177, -0.01653194, -0.01661007, -0.016647127, -0.016717423, -0.01678289, -0.016813874, -0.016872386, -0.016926248, -0.016975773, -0.016998919, -0.017042598, -0.017083175, -0.017102497, -0.017139463, -0.017174162, -0.017206293, -0.017221196, -0.017248405, -0.017271662, -0.017281666, -0.017298248, -0.0173102, -0.017317636, -0.01731968, -0.01732036, -0.017316537, -0.0173129, -0.01730212, -0.01728682, -0.017277543, -0.017255956, -0.017230531, -0.017201703, -0.017186113, -0.017152194, -0.017114433, -0.017093943, -0.017049272, -0.016999451, -0.016943952, -0.016914062, -0.016849512, -0.016778797, -0.016741194, -0.016661562, -0.016576009, -0.016531087, -0.016436787, -0.016336419, -0.016229335, -0.01617306, -0.01605473, -0.01592828, -0.015861843, -0.015722439, -0.015574305, -0.015417498, -0.015335997, -0.015166641, -0.014988848, -0.014896604, -0.014705206, -0.014503947, -0.014399433, -0.014182563, -0.013954981, -0.013716782, -0.013593698, -0.013339734, -0.013075167, -0.012938926, -0.01265821, -0.012365895, -0.012061269, -0.011904166, -0.011580212, -0.011243357, -0.011070071, -0.010713905, -0.010345144, -0.010156048, -0.009768473, -0.009368105, -0.008954225, -0.008741866, -0.008305138, -0.007850962, -0.0076166387, -0.0071317567, -0.0066215787, -0.006079963, -0.005795082, -0.0051953853, -0.004573021, -0.0042771474, -0.0038463199, -0.0038597137
0, -0.0039154394, -0.0039035277, -0.004344463, -0.0046469998, -0.0052835536, -0.0058966056, -0.0061874436, -0.0067395414, -0.007258431, -0.007750754, -0.007988481, -0.008449007, -0.00889146, -0.009106365, -0.009524196, -0.009926416, -0.010313372, -0.010501213, -0.010865978, -0.01121676, -0.011387154, -0.011718343, -0.01203707, -0.012191745, -0.012491605, -0.012778449, -0.013052062, -0.013183947, -0.013437989, -0.013679481, -0.013795721, -0.014019779, -0.014233372, -0.01443716, -0.014535435, -0.014725001, -0.014905359, -0.014992197, -0.015159461, -0.015318634, -0.015395355, -0.015543297, -0.015684424, -0.015819218, -0.015884215, -0.016009556, -0.016128276, -0.016184911, -0.01629262, -0.016392604, -0.016484689, -0.016527917, -0.01660915, -0.016684093, -0.016719582, -0.016786942, -0.016849905, -0.016879862, -0.016936684, -0.016989406, -0.01703788, -0.017060574, -0.017103238, -0.01714262, -0.01716137, -0.017197123, -0.017230555, -0.01726163, -0.017275967, -0.017302098, -0.017324137, -0.017333407, -0.01734855, -0.01735922, -0.017365823, -0.01736761, -0.017368399, -0.01736543, -0.017362515, -0.017353682, -0.017340643, -0.017332593, -0.017313404, -0.01729019, -0.017263168, -0.01724836, -0.017216004, -0.017180022, -0.017160593, -0.01711855, -0.017071985, -0.01702001, -0.016991898, -0.016930886, -0.016863162, -0.016826848, -0.016749116, -0.016665047, -0.016620634, -0.01652717, -0.016427428, -0.016320892, -0.016264947, -0.016147025, -0.016020535, -0.015953861, -0.015813395, -0.01566329, -0.015503695, -0.015420518, -0.0152475415, -0.015065853, -0.014971683, -0.014776415, -0.014571467, -0.014465152, -0.0142447045, -0.014013473, -0.013771431, -0.013646339, -0.013388072, -0.013119124, -0.01298068, -0.01269578, -0.012399596, -0.012091602, -0.011933002, -0.011606551, -0.011267575, -0.011093353, -0.010735534, -0.010365258, -0.010175474, -0.00978655, -0.009385235, -0.008970749, -0.00875821, -0.00832144, -0.007867438, -0.007633228, -0.007148281, -0.0066376664, -0.006095081, -0.005809565, -0.0052081123, -0.0045836414, -0.004286692, -0.003853672, -0.0038660017
0, -0.0039037094, -0.0038922576, -0.0043314258, -0.0046322914, -0.005264526, -0.0058725113, -0.006160765, -0.0067076683, -0.0072216643, -0.0077096918, -0.007945536, -0.008402984, -0.008843188, -0.009057327, -0.009474259, -0.009876513, -0.010264467, -0.010453214, -0.010820577, -0.011175057, -0.011347764, -0.011684416, -0.012009483, -0.012167597, -0.012474597, -0.012768762, -0.013049611, -0.0131848985, -0.013445469, -0.013693053, -0.013812233, -0.014042062, -0.014261665, -0.014471837, -0.014573488, -0.014770144, -0.014957904, -0.015048439, -0.015222959, -0.01538887, -0.015468749, -0.015622502, -0.015768547, -0.015907478, -0.015974294, -0.016102621, -0.016223636, -0.016281234, -0.016390441, -0.016491303, -0.016583873, -0.016627202, -0.016708463, -0.016783534, -0.016819129, -0.016886827, -0.016950238, -0.016980376, -0.01703751, -0.017090222, -0.017138291, -0.01716061, -0.017202126, -0.017240046, -0.017257946, -0.017291958, -0.017323721, -0.01735311, -0.017366722, -0.017391326, -0.017411746, -0.017420268, -0.017433768, -0.017442893, -0.017448237, -0.017449683, -0.017450126, -0.017447496, -0.01744494, -0.017437417, -0.017426066, -0.017418878, -0.017401358, -0.017379506, -0.017353393, -0.017338824, -0.017307047, -0.017271617, -0.01725258, -0.017211583, -0.017166307, -0.017116068, -0.017088857, -0.017029574, -0.016963271, -0.016927486, -0.016850343, -0.016766103, -0.016721293, -0.01662668, -0.016525183, -0.016416535, -0.016359398, -0.016239015, -0.016109817, -0.016041752, -0.015898215, -0.015744912, -0.015582047, -0.015497171, -0.015321043, -0.015136524, -0.015041114, -0.014843684, -0.014636897, -0.014529697, -0.014307548, -0.01407451, -0.0138301095, -0.0137036815, -0.013442155, -0.013169469, -0.0130289635, -0.012739778, -0.012439659, -0.01212825, -0.0119683, -0.011639616, -0.011299078, -0.011124364, -0.010765804, -0.010394972, -0.01020494, -0.009815523, -0.009413681, -0.008998773, -0.008786063, -0.008349119, -0.007895029, -0.007660737, -0.007175519, -0.0066641527, -0.00612027, -0.0058338493, -0.005229975, -0.0046024583, -0.0043038893, -0.0038678213, -0.0038787746
0, -0.0038934597, -0.0038824396, -0.004320454, -0.0046203444, -0.00525017, -0.0058556846, -0.00614268, -0.006687295, -0.007199241, -0.0076853447, -0.007920272, -0.008375829, -0.008814194, -0.009027406, -0.009442676, -0.009843621, -0.010231082, -0.010419944, -0.010788425, -0.011145238, -0.011319501, -0.011660002, -0.011989655, -0.012150274, -0.01246249, -0.012762033, -0.013048526, -0.013186687, -0.0134531865, -0.013706948, -0.013829339, -0.014065865, -0.0142924525, -0.014509982, -0.014615477, -0.014819835, -0.015015265, -0.0151095865, -0.015291506, -0.015464352, -0.015547359, -0.01570691, -0.015857916, -0.016000837, -0.016069345, -0.016200565, -0.016323837, -0.016382538, -0.01649381, -0.016596807, -0.016691813, -0.016736466, -0.01682059, -0.016898796, -0.016935851, -0.017006308, -0.017072016, -0.017103117, -0.017161358, -0.017214192, -0.017261596, -0.017283361, -0.017323412, -0.017359737, -0.01737681, -0.017409084, -0.017439444, -0.017467534, -0.017480599, -0.01750418, -0.01752369, -0.017531713, -0.017544298, -0.017552428, -0.017556755, -0.017557744, -0.017557452, -0.017554278, -0.017551601, -0.017543927, -0.01753267, -0.017525574, -0.017508121, -0.017486256, -0.017459933, -0.017445259, -0.017413104, -0.017377267, -0.01735796, -0.017316412, -0.01727047, -0.017219396, -0.017191796, -0.017131604, -0.017064342, -0.01702795, -0.016949339, -0.016863286, -0.016817423, -0.016720232, -0.016615536, -0.016503401, -0.01644435, -0.01632007, -0.01618704, -0.016117074, -0.01597002, -0.015813498, -0.0156478, -0.015561688, -0.015383546, -0.015197494, -0.015101486, -0.014903222, -0.014695813, -0.014588337, -0.014365636, -0.0141318785, -0.013886493, -0.013759261, -0.013495887, -0.013220726, -0.013078784, -0.012786495, -0.012483127, -0.012168848, -0.0120075205, -0.011676741, -0.011334774, -0.01115949, -0.010800182, -0.010428808, -0.010238532, -0.009848695, -0.009446236, -0.009030576, -0.008817482, -0.008379704, -0.007924794, -0.0076901102, -0.0072039827, -0.0066915127, -0.0061460175, -0.005858531, -0.0052522053, -0.00462161, -0.004321346, -0.0038824205, -0.0038920825
0, -0.0038840289, -0.003873588, -0.004311378, -0.0046110842, -0.0052405386, -0.005845852, -0.00613285, -0.0066775708, -0.007189644, -0.007675649, -0.007910338, -0.008365004, -0.0088019, -0.009014257, -0.009427578, -0.009826749, -0.010213101, -0.010401766, -0.01077052, -0.011128583, -0.011303899, -0.011646783, -0.0119792335, -0.0121413525, -0.01245691, -0.012760105, -0.013050706, -0.013191251, -0.013462991, -0.0137227755, -0.013848384, -0.014091859, -0.014325598, -0.014550275, -0.01465924, -0.014870224, -0.015072034, -0.015169407, -0.015357037, -0.015535221, -0.015620813, -0.015785068, -0.015940333, -0.01608686, -0.01615705, -0.01629124, -0.016417408, -0.016477605, -0.016591966, -0.016698664, -0.01679794, -0.016844947, -0.016934026, -0.017017035, -0.017056327, -0.01713062, -0.017199188, -0.017231273, -0.017290613, -0.017343575, -0.017390268, -0.017411547, -0.017450511, -0.017485809, -0.017502539, -0.017534329, -0.017564366, -0.017592305, -0.017605316, -0.017628739, -0.017648114, -0.017656134, -0.017668396, -0.01767598, -0.017679563, -0.017679965, -0.017678304, -0.017673478, -0.017669903, -0.017660152, -0.017646784, -0.017638672, -0.017619306, -0.017595712, -0.01756795, -0.017552773, -0.01751946, -0.017482588, -0.01746263, -0.01741938, -0.01737109, -0.017317157, -0.017287884, -0.017224267, -0.017153632, -0.017115537, -0.017033625, -0.016944217, -0.016896717, -0.016796058, -0.016687915, -0.016572258, -0.016511463, -0.016383717, -0.016247528, -0.016176041, -0.01602629, -0.015867498, -0.015700005, -0.015613201, -0.01543375, -0.015246742, -0.015150226, -0.014951008, -0.014742562, -0.01463464, -0.014410821, -0.014176052, -0.013929703, -0.0138020115, -0.013537707, -0.013261459, -0.013118919, -0.012825256, -0.012520379, -0.012204506, -0.012042512, -0.011710439, -0.01136745, -0.011191869, -0.010832114, -0.010460469, -0.010270158, -0.009880237, -0.009477469, -0.009061242, -0.008847669, -0.008408768, -0.007952399, -0.0077169314, -0.0072290967, -0.0067147175, -0.006167046, -0.005878337, -0.005269417, -0.0046359436, -0.004334226, -0.0038927547, -0.0039014905
0, -0.0038768207, -0.003867286, -0.004305764, -0.0046057617, -0.0052359905, -0.0058422657, -0.0061298194, -0.00667559, -0.007188515, -0.0076747546, -0.007909323, -0.008363313, -0.008798945, -0.009010453, -0.009421996, -0.009819691, -0.010204999, -0.010393405, -0.01076228, -0.01112103, -0.011296739, -0.011640789, -0.011974605, -0.012137461, -0.01245469, -0.01276014, -0.013053702, -0.013196067, -0.013472266, -0.013737441, -0.013866012, -0.01411564, -0.014355509, -0.01458578, -0.014697299, -0.014912982, -0.015118791, -0.015217978, -0.015409149, -0.015590914, -0.015678355, -0.01584621, -0.016005142, -0.01615528, -0.016227258, -0.01636508, -0.016495036, -0.016557131, -0.016675776, -0.0167872, -0.016891714, -0.016941369, -0.017035844, -0.017123707, -0.017165208, -0.017243177, -0.017314307, -0.017347192, -0.017407672, -0.017461037, -0.017507974, -0.017529309, -0.017568706, -0.017604774, -0.017621981, -0.017654944, -0.017686145, -0.01771496, -0.017728211, -0.017751964, -0.017771415, -0.017779319, -0.017791316, -0.01779834, -0.017800866, -0.0178006, -0.017797023, -0.017789513, -0.017784264, -0.017770845, -0.017753411, -0.017743204, -0.017719936, -0.017692901, -0.017662575, -0.017646177, -0.017611105, -0.017572531, -0.017551683, -0.017506117, -0.017454755, -0.017397005, -0.017365552, -0.017297404, -0.017222106, -0.017181734, -0.017095592, -0.017002223, -0.016952852, -0.016848816, -0.016737651, -0.016619146, -0.016557103, -0.016427023, -0.016288696, -0.0162163, -0.01606493, -0.015904931, -0.015736349, -0.015649011, -0.015468352, -0.015279799, -0.015182528, -0.014981204, -0.014770369, -0.014661225, -0.014435028, -0.014197987, -0.013949936, -0.013821657, -0.013556627, -0.013280294, -0.01313783, -0.012844518, -0.012540035, -0.01222445, -0.012062549, -0.011730712, -0.01138807, -0.011212662, -0.010853426, -0.01048273, -0.010292917, -0.009904036, -0.0095022125, -0.009086456, -0.008872894, -0.008433392, -0.007975687, -0.0077393204, -0.007249364, -0.006732486, -0.0061821253, -0.0058920425, -0.005280277, -0.0046441276, -0.0043411595, -0.0038976239, -0.0039053715
0, -0.003871847, -0.003863364, -0.00430274, -0.0046030907, -0.0052340566, -0.0058409898, -0.0061288234, -0.0066750194, -0.007187989, -0.007673897, -0.007908114, -0.008361162, -0.008795648, -0.009006558, -0.009417053, -0.009813951, -0.010198857, -0.01038722, -0.010756105, -0.011115077, -0.011290818, -0.011634824, -0.011968689, -0.012131644, -0.012449278, -0.01275579, -0.013051185, -0.013194856, -0.013474235, -0.013743406, -0.013874183, -0.014128239, -0.014372311, -0.014606249, -0.014719314, -0.014937652, -0.015145608, -0.015245872, -0.015439292, -0.015623694, -0.01571257, -0.015883755, -0.016046338, -0.016200392, -0.016274443, -0.016416414, -0.016550746, -0.016615113, -0.016738288, -0.01685442, -0.016963609, -0.017015606, -0.017114386, -0.01720614, -0.017249241, -0.017329948, -0.017403087, -0.017436933, -0.017498914, -0.017553736, -0.017602487, -0.017624883, -0.017666684, -0.017705454, -0.017723998, -0.017759489, -0.01779259, -0.01782249, -0.017835984, -0.017859811, -0.01787869, -0.017886162, -0.017897276, -0.017903276, -0.017904574, -0.017903512, -0.017897895, -0.017887404, -0.017880345, -0.017862545, -0.017840067, -0.017827244, -0.017798636, -0.017766956, -0.017732605, -0.017714486, -0.017676456, -0.017635206, -0.017613085, -0.017564895, -0.017510528, -0.017449109, -0.017415708, -0.01734342, -0.017263921, -0.017221538, -0.017131526, -0.017034698, -0.016983835, -0.016876929, -0.016763244, -0.016642418, -0.016579317, -0.016447296, -0.016307123, -0.016233971, -0.016081188, -0.015919907, -0.015750078, -0.01566202, -0.015479675, -0.015288992, -0.015190375, -0.0149862785, -0.014772379, -0.01466162, -0.014432341, -0.014192721, -0.013942799, -0.013813906, -0.0135483965, -0.013272405, -0.01313041, -0.012838393, -0.012535489, -0.012221506, -0.012060437, -0.011730138, -0.011389054, -0.011214442, -0.010857015, -0.010488451, -0.010299733, -0.00991322, -0.009513661, -0.009099719, -0.008886855, -0.008448024, -0.007989974, -0.0077530667, -0.00726156, -0.0067424616, -0.0061896713, -0.0058983336, -0.0052840835, -0.0046457844, -0.0043418794, -0.0038967999, -0.0039035738
0, -0.0038665175, -0.003858847, -0.0042984514, -0.0045987214, -0.0052292384, -0.005835522, -0.00612296, -0.006668266, -0.00718011, -0.007664879, -0.007898581, -0.00835065, -0.008784377, -0.008995102, -0.009405491, -0.009802635, -0.010187868, -0.010376324, -0.010745293, -0.011103842, -0.011279262, -0.011622337, -0.011955069, -0.012117474, -0.012434452, -0.012740788, -0.013036752, -0.013180925, -0.013461861, -0.013732999, -0.013864875, -0.014121119, -0.014367208, -0.014602831, -0.014716678, -0.014936479, -0.01514605, -0.015247269, -0.015442962, -0.015630214, -0.015720772, -0.015895698, -0.01606225, -0.01622061, -0.016296744, -0.016443059, -0.016581547, -0.016647926, -0.016775094, -0.016894965, -0.017007606, -0.01706121, -0.017162902, -0.017257072, -0.017301291, -0.01738403, -0.01745918, -0.017493911, -0.01755812, -0.017615605, -0.017667558, -0.017691728, -0.017737225, -0.017779693, -0.017799906, -0.017838117, -0.017872863, -0.017903317, -0.017916769, -0.017939797, -0.017957514, -0.017964313, -0.017973956, -0.017978732, -0.01797887, -0.017977038, -0.017969828, -0.01795707, -0.017948499, -0.017926954, -0.017899845, -0.017884484, -0.017850695, -0.017813703, -0.017774282, -0.017753912, -0.017711509, -0.017666342, -0.017642379, -0.017590737, -0.017533123, -0.01746864, -0.017433671, -0.017358344, -0.017275877, -0.01723208, -0.017139511, -0.017040284, -0.016988177, -0.016878963, -0.016762922, -0.016639642, -0.016575126, -0.01644039, -0.016297607, -0.016223155, -0.01606797, -0.015904458, -0.015732478, -0.015643371, -0.015458888, -0.015265952, -0.015166197, -0.014959678, -0.014743532, -0.014631751, -0.014400627, -0.01415963, -0.013908998, -0.013780019, -0.013514738, -0.013239456, -0.013098088, -0.012807598, -0.012506476, -0.012194451, -0.012034377, -0.011706106, -0.011367069, -0.011193543, -0.0108384, -0.010472222, -0.010284815, -0.009901021, -0.009504207, -0.009092778, -0.008880946, -0.008443843, -0.007986844, -0.0077502304, -0.007258512, -0.006738778, -0.0061849225, -0.0058930214, -0.0052777985, -0.004638736, -0.004334556, -0.003888914, -0.0038948175
0, -0.0038572676, -0.00384989, -0.004288592, -0.0045880834, -0.0052167126, -0.005820965, -0.0061073485, -0.00665057, -0.00716059, -0.007643811, -0.0078769345, -0.008328319, -0.008761941, -0.008972844, -0.009383857, -0.009781861, -0.010167643, -0.010356212, -0.0107248975, -0.011082438, -0.011257137, -0.011598542, -0.011929447, -0.012090911, -0.012406299, -0.012711471, -0.01300669, -0.013150634, -0.013431377, -0.013702503, -0.013834367, -0.014090699, -0.014337009, -0.014573038, -0.0146872755, -0.014908155, -0.0151195405, -0.015221891, -0.015420481, -0.015611154, -0.015703585, -0.015882472, -0.01605315, -0.016215507, -0.01629361, -0.016443692, -0.01658561, -0.016653674, -0.016784005, -0.016906723, -0.01702183, -0.017076643, -0.017180454, -0.01727673, -0.01732199, -0.01740677, -0.017484117, -0.017520143, -0.017587038, -0.017647795, -0.017703263, -0.01772926, -0.017778391, -0.017824007, -0.017845476, -0.017885456, -0.017920913, -0.01795126, -0.017964385, -0.01798634, -0.018002702, -0.018008823, -0.018017208, -0.018020922, -0.018019943, -0.018017778, -0.01800956, -0.01799536, -0.017985895, -0.017961958, -0.01793167, -0.017914444, -0.017876461, -0.01783487, -0.01779053, -0.017767621, -0.017720068, -0.017669851, -0.017643426, -0.017587258, -0.01752562, -0.017457688, -0.017421164, -0.017343113, -0.017258283, -0.017213428, -0.017118726, -0.017017473, -0.016964277, -0.01685264, -0.016733753, -0.016607178, -0.01654093, -0.016402472, -0.016255908, -0.016179569, -0.016020827, -0.015854014, -0.015679069, -0.015588652, -0.015401968, -0.015207196, -0.015106738, -0.014899284, -0.014682665, -0.01457087, -0.014340208, -0.014100095, -0.013850502, -0.013722169, -0.01345812, -0.013184295, -0.013043615, -0.012754554, -0.012454934, -0.012144608, -0.011985432, -0.011658921, -0.011321712, -0.011149123, -0.010795812, -0.010431478, -0.010245006, -0.009863121, -0.009468338, -0.009059084, -0.008848356, -0.008413413, -0.007958588, -0.0077229706, -0.0072330404, -0.0067148674, -0.006162391, -0.0058712047, -0.005257441, -0.0046200124, -0.0043166615, -0.0038720998, -0.0038775515
0, -0.0038423475, -0.0038350085, -0.004271804, -0.0045699417, -0.0051955334, -0.005796775, -0.0060817366, -0.006622361, -0.0071301325, -0.007611706, -0.0078442115, -0.008294822, -0.0087283375, -0.0089393435, -0.0093507515, -0.009749004, -0.010134771, -0.010323107, -0.01069079, -0.011046758, -0.0112205045, -0.01155973, -0.011888392, -0.01204885, -0.012362326, -0.012665853, -0.012959637, -0.013102988, -0.013382381, -0.013652178, -0.013783503, -0.014038681, -0.0142841935, -0.014520144, -0.014634585, -0.014856654, -0.015070026, -0.015173637, -0.0153751895, -0.015569165, -0.015663287, -0.015845492, -0.016019385, -0.016184853, -0.016264418, -0.016417379, -0.016562225, -0.016631674, -0.016764812, -0.016890299, -0.017008279, -0.017064422, -0.01717107, -0.01727015, -0.017316854, -0.017404715, -0.01748514, -0.017522644, -0.01759268, -0.01765661, -0.017715145, -0.017742625, -0.017794123, -0.017841352, -0.017863385, -0.017904025, -0.017939495, -0.017969586, -0.017982433, -0.018003738, -0.018019287, -0.018025013, -0.018032555, -0.018035332, -0.018033534, -0.018030874, -0.01802156, -0.018006189, -0.017996069, -0.017970795, -0.017938871, -0.0179206, -0.017880263, -0.01783565, -0.017787708, -0.017762637, -0.01771043, -0.017654927, -0.017625777, -0.017564224, -0.01749744, -0.01742483, -0.017386172, -0.017304223, -0.017215911, -0.01716939, -0.017071512, -0.016967056, -0.016912237, -0.016797237, -0.016674632, -0.016544167, -0.016475957, -0.0163334, -0.01618289, -0.016104603, -0.015942128, -0.015771883, -0.015594079, -0.015502366, -0.015313461, -0.015117272, -0.015016432, -0.0148087805, -0.0145928515, -0.014481691, -0.01425278, -0.014014782, -0.013767341, -0.013640049, -0.013377866, -0.013105712, -0.012965795, -0.012678169, -0.012380004, -0.012071171, -0.011912788, -0.01158798, -0.011252564, -0.011080713, -0.010728911, -0.010365897, -0.010180023, -0.009799222, -0.009405557, -0.008997754, -0.00878798, -0.008355438, -0.007903635, -0.0076696016, -0.0071834945, -0.0066693393, -0.0061210264, -0.005831997, -0.005222515, -0.004589404, -0.004288062, -0.003846509, -0.0038521355
0, -0.0038229516, -0.003815554, -0.0042498875, -0.0045463284, -0.0051683807, -0.0057661147, -0.0060494216, -0.00658693, -0.0070919255, -0.0075711235, -0.0078025605, -0.008251395, -0.008683521, -0.008893861, -0.009304057, -0.009701025, -0.010085224, -0.010272687, -0.010638287, -0.0109920455, -0.011164611, -0.011501603, -0.011828183, -0.01198775, -0.012299508, -0.012601599, -0.012894098, -0.0130367335, -0.013314972, -0.013583593, -0.013714338, -0.013968613, -0.01421365, -0.0144497845, -0.014564581, -0.01478791, -0.015003155, -0.0151078915, -0.0153116025, -0.015507694, -0.015602802, -0.015786907, -0.015962604, -0.016129954, -0.016210513, -0.01636574, -0.016513268, -0.016584225, -0.016720705, -0.01684998, -0.016971972, -0.017030207, -0.017141148, -0.017244605, -0.01729346, -0.017385632, -0.017470166, -0.017509779, -0.017583631, -0.017650917, -0.017712172, -0.017740643, -0.017793687, -0.017841686, -0.017863913, -0.017904766, -0.017940369, -0.017970629, -0.017983597, -0.018005012, -0.018020619, -0.01802625, -0.018033331, -0.018035125, -0.018031845, -0.018028256, -0.018017005, -0.017999852, -0.017988896, -0.01796221, -0.017929323, -0.017910631, -0.017869337, -0.017823398, -0.017773487, -0.017747095, -0.017691491, -0.017631622, -0.017600048, -0.01753284, -0.017460166, -0.017381528, -0.017339874, -0.01725196, -0.017157909, -0.017108554, -0.017005123, -0.01689527, -0.01683792, -0.016717855, -0.016590523, -0.016455825, -0.016385663, -0.016239606, -0.016085954, -0.016006337, -0.01584125, -0.015668508, -0.0154884495, -0.015395643, -0.015204759, -0.015006969, -0.0149054695, -0.014696945, -0.014480919, -0.014369963, -0.014141811, -0.013904962, -0.013658908, -0.013532268, -0.013271489, -0.013000575, -0.012861315, -0.012575127, -0.012278499, -0.011971576, -0.011814161, -0.0114916675, -0.011158589, -0.010988021, -0.010638353, -0.010277136, -0.010092033, -0.009712588, -0.009320219, -0.008914082, -0.008705394, -0.008275819, -0.007827962, -0.007596343, -0.0071156006, -0.0066074952, -0.0060657887, -0.0057800994, -0.005177411, -0.0045508235, -0.0042524897, -0.003815429, -0.0038217143
0, -0.0038010147, -0.0037936454, -0.0042253737, -0.004519956, -0.005137982, -0.005731499, -0.006012737, -0.0065461565, -0.0070471377, -0.007522442, -0.007751985, -0.008197198, -0.008625785, -0.008834404, -0.00924122, -0.0096348105, -0.010015758, -0.010201577, -0.010564014, -0.010914812, -0.011086037, -0.011420758, -0.011745441, -0.011904241, -0.012214725, -0.012515953, -0.012807806, -0.012950276, -0.0132282125, -0.013496949, -0.013627839, -0.0138826, -0.014128558, -0.014365864, -0.014481525, -0.014706571, -0.014923547, -0.015029048, -0.015234121, -0.015431261, -0.0155267455, -0.01571148, -0.015888032, -0.016056592, -0.016138019, -0.016295418, -0.016445916, -0.016518729, -0.01665942, -0.016793571, -0.016920863, -0.016981872, -0.017098466, -0.017207695, -0.017259445, -0.01735718, -0.017447269, -0.01748946, -0.017568206, -0.017639654, -0.017704232, -0.01773405, -0.01778906, -0.017838584, -0.017861357, -0.017903183, -0.017939959, -0.017971305, -0.017984848, -0.01800727, -0.018023463, -0.0180291, -0.018035753, -0.01803623, -0.018030817, -0.01802592, -0.01801177, -0.017991839, -0.017979661, -0.017950881, -0.017916653, -0.01789751, -0.01785556, -0.017808808, -0.01775769, -0.017730398, -0.017672231, -0.017608887, -0.01757503, -0.017502727, -0.017423857, -0.017338434, -0.017293176, -0.017197803, -0.017096, -0.017042696, -0.016931575, -0.016814204, -0.016753167, -0.01662649, -0.016493501, -0.016354218, -0.01628214, -0.016133158, -0.015977412, -0.01589691, -0.01573046, -0.015556441, -0.015374747, -0.015281033, -0.015088138, -0.014887997, -0.014785212, -0.014574293, -0.014355946, -0.0142439185, -0.014013833, -0.013775463, -0.01352832, -0.013401288, -0.013140242, -0.01286958, -0.012730691, -0.01244567, -0.012150814, -0.011846231, -0.011690297, -0.011371093, -0.011041633, -0.010872952, -0.010526994, -0.0101691745, -0.009985659, -0.009609137, -0.0092196325, -0.008816538, -0.008609617, -0.008184167, -0.007741411, -0.007512733, -0.0070386613, -0.0065381173, -0.006004345, -0.005722754, -0.0051284195, -0.004509797, -0.0042150747, -0.0037833073, -0.003790296
0, -0.0037770423, -0.0037698066, -0.0041984445, -0.004490807, -0.0051038237, -0.0056920117, -0.0059705116, -0.006498396, -0.0069938023, -0.0074635316, -0.0076903873, -0.008130241, -0.008553608, -0.008759697, -0.009161544, -0.009550367, -0.0099267885, -0.010110424, -0.010468874, -0.010816211, -0.010985938, -0.011317995, -0.011640681, -0.0117986975, -0.012108045, -0.012408705, -0.012700596, -0.01284329, -0.013122252, -0.013392507, -0.013524333, -0.0137813995, -0.01402998, -0.014270176, -0.01438712, -0.014614724, -0.014833934, -0.014940379, -0.015147013, -0.015345252, -0.01544124, -0.015627027, -0.015804883, -0.015975228, -0.016057853, -0.016218286, -0.016372574, -0.0164475, -0.016593093, -0.016732607, -0.016865784, -0.016929843, -0.017052772, -0.017168358, -0.017223412, -0.017327651, -0.017424244, -0.017469639, -0.017554473, -0.01763147, -0.017700814, -0.017732771, -0.017791627, -0.017844379, -0.01786867, -0.017913256, -0.017952492, -0.017986055, -0.01800061, -0.018024575, -0.018041633, -0.018047506, -0.018053882, -0.018053256, -0.01804595, -0.018039893, -0.018023016, -0.018000219, -0.017986711, -0.017955411, -0.017918928, -0.017898772, -0.017854834, -0.017805988, -0.017752387, -0.017723778, -0.0176624, -0.01759512, -0.017559048, -0.017481586, -0.017396715, -0.017304413, -0.017255567, -0.017152399, -0.017042344, -0.016984804, -0.01686497, -0.016739052, -0.01667388, -0.016539445, -0.016399862, -0.016255138, -0.016180841, -0.016028328, -0.015870027, -0.015788639, -0.0156207, -0.015445296, -0.015262034, -0.015167412, -0.014972085, -0.014768894, -0.01466433, -0.014449538, -0.014226905, -0.014112602, -0.0138782365, -0.013635822, -0.013385198, -0.01325682, -0.012993681, -0.012722095, -0.012583117, -0.012298693, -0.012005424, -0.011703348, -0.0115489755, -0.011233516, -0.010908429, -0.010742063, -0.0104010645, -0.010048134, -0.009867079, -0.009495332, -0.009110569, -0.0087124165, -0.008508054, -0.008088053, -0.0076515144, -0.0074262647, -0.0069595347, -0.006467047, -0.0059418804, -0.0056647565, -0.0050792685, -0.0044691754, -0.0041783177, -0.0037520246, -0.0037596726
0, -0.0037497098, -0.0037423864, -0.004167119, -0.0044566873, -0.0050633117, -0.0056447624, -0.0059198434, -0.0064408923, -0.006929602, -0.0073929513, -0.0076167122, -0.008050645, -0.008468475, -0.008671926, -0.009068619, -0.009452496, -0.009824138, -0.010005511, -0.010359731, -0.010703291, -0.010871304, -0.011200326, -0.011520613, -0.011677584, -0.011985581, -0.012285466, -0.012577544, -0.012720633, -0.013001088, -0.013273715, -0.013407037, -0.0136676375, -0.013920075, -0.01416424, -0.014283166, -0.0145144295, -0.01473702, -0.014845064, -0.015054726, -0.015255907, -0.015353442, -0.015542388, -0.01572371, -0.015897963, -0.015982622, -0.016147455, -0.016306639, -0.016384153, -0.01653499, -0.016680012, -0.016819099, -0.016886145, -0.01701531, -0.017137438, -0.017195774, -0.017306963, -0.017410554, -0.017459389, -0.01755109, -0.017634664, -0.017710231, -0.01774514, -0.017809618, -0.01786747, -0.017894153, -0.017943097, -0.017986162, -0.01802285, -0.018038642, -0.018064791, -0.018083354, -0.018089755, -0.018096864, -0.0180965, -0.018088844, -0.018082486, -0.018064722, -0.018040318, -0.018025786, -0.01799213, -0.017952679, -0.017930767, -0.017882776, -0.017829394, -0.017770812, -0.017739568, -0.017672904, -0.01760011, -0.017561225, -0.0174779, -0.017386874, -0.01728797, -0.017235659, -0.017125292, -0.01700763, -0.016946167, -0.016818183, -0.016683964, -0.016614698, -0.016472328, -0.016325207, -0.016173735, -0.01609639, -0.015938323, -0.015775457, -0.015692024, -0.015520408, -0.015341862, -0.015155686, -0.01505958, -0.014861119, -0.014654414, -0.014547957, -0.014328846, -0.014101398, -0.013984623, -0.01374502, -0.013497708, -0.013242842, -0.01311263, -0.012846682, -0.012573298, -0.012433888, -0.012149384, -0.01185698, -0.011556753, -0.011403605, -0.011091107, -0.010769683, -0.010605427, -0.010268983, -0.009921231, -0.009742838, -0.009376662, -0.0089977225, -0.008605485, -0.008404176, -0.0079904, -0.0075605134, -0.0073387777, -0.006879427, -0.0063949316, -0.005878353, -0.0056056287, -0.005029159, -0.0044277776, -0.0041407514, -0.0037199769, -0.003728158
0, -0.0037174611, -0.0037096913, -0.004129621, -0.0044157975, -0.0050149667, -0.005588756, -0.005860094, -0.0063738213, -0.006855777, -0.0073129744, -0.007533916, -0.007962614, -0.0083757145, -0.008576874, -0.0089691635, -0.009348822, -0.009716354, -0.009895709, -0.010246064, -0.010585993, -0.01075232, -0.01107823, -0.011395863, -0.011551785, -0.01185806, -0.012157092, -0.012449152, -0.012592645, -0.012874506, -0.0131494375, -0.013284243, -0.013548454, -0.013804846, -0.014053264, -0.01417435, -0.014410131, -0.014637435, -0.014747875, -0.014962724, -0.0151695255, -0.0152699845, -0.015465158, -0.01565303, -0.015833724, -0.015921608, -0.016092813, -0.016258169, -0.016338706, -0.016495494, -0.016646516, -0.016791709, -0.016861914, -0.016997447, -0.017126191, -0.017187947, -0.017305998, -0.017416477, -0.017468711, -0.017567132, -0.017657291, -0.017739331, -0.017777506, -0.01784825, -0.017912231, -0.017941711, -0.0179961, -0.018043814, -0.01808442, -0.01810184, -0.018130967, -0.018152041, -0.01815963, -0.018168887, -0.018170616, -0.018164897, -0.018159363, -0.018142866, -0.018118748, -0.018103879, -0.018068537, -0.018025726, -0.018001543, -0.017948112, -0.017888306, -0.017822633, -0.017787758, -0.017713785, -0.01763393, -0.017591584, -0.01750145, -0.017403772, -0.017298212, -0.017242497, -0.017125376, -0.017000856, -0.016935913, -0.01680075, -0.016659131, -0.016586049, -0.016435832, -0.016280694, -0.016121164, -0.016039748, -0.015873717, -0.015703203, -0.015616061, -0.01543752, -0.015252819, -0.015061169, -0.0149626145, -0.014759621, -0.014548771, -0.014440293, -0.014217021, -0.01398533, -0.013866336, -0.01362235, -0.0133709265, -0.013112331, -0.012980481, -0.012711824, -0.012436633, -0.012296557, -0.012011339, -0.011719038, -0.011419352, -0.011266694, -0.0109554585, -0.010635908, -0.010472823, -0.010139306, -0.009795298, -0.009619063, -0.009257778, -0.008884154, -0.008497669, -0.008299314, -0.007891572, -0.007467901, -0.0072493656, -0.006796947, -0.0063198097, -0.0058113425, -0.0055428366, -0.0049751066, -0.004382383, -0.0040992955, -0.0036842222, -0.0036929427
0, -0.0036806324, -0.0036723092, -0.004086915, -0.0043695113, -0.0049609803, -0.0055272332, -0.0057949466, -0.006301961, -0.006777889, -0.007229731, -0.007448248, -0.007872532, -0.008281557, -0.008480788, -0.008869543, -0.00924572, -0.009609823, -0.009787592, -0.010134844, -0.010471832, -0.010636825, -0.010960317, -0.01127599, -0.011431094, -0.0117362775, -0.012034881, -0.012327189, -0.012471055, -0.012754218, -0.013030997, -0.013167002, -0.013433847, -0.013693553, -0.013945712, -0.014068911, -0.014309358, -0.01454203, -0.0146555565, -0.014877196, -0.01509168, -0.015196227, -0.015400036, -0.0155967595, -0.015786247, -0.015878385, -0.016057694, -0.016230766, -0.01631498, -0.01647904, -0.016637314, -0.016789673, -0.016863525, -0.017006377, -0.01714246, -0.017207796, -0.017332867, -0.017449964, -0.017505333, -0.017609771, -0.017705753, -0.017793637, -0.017834645, -0.017911274, -0.017981086, -0.018013502, -0.018073337, -0.01812621, -0.018171472, -0.018191056, -0.018224085, -0.018248787, -0.018258044, -0.018270737, -0.018275656, -0.0182731, -0.01826891, -0.018254606, -0.018231694, -0.018216884, -0.018180218, -0.018134315, -0.018107992, -0.0180493, -0.01798309, -0.017910501, -0.017871968, -0.017790752, -0.017703624, -0.017657692, -0.017560543, -0.01745593, -0.017343502, -0.017284313, -0.017160315, -0.017028859, -0.016960442, -0.016818376, -0.016669827, -0.01659316, -0.01643533, -0.016271995, -0.016103517, -0.016017415, -0.015841665, -0.015661046, -0.01556889, -0.015380489, -0.015186656, -0.014986652, -0.0148843555, -0.014674817, -0.0144583685, -0.014347364, -0.014119488, -0.0138836065, -0.013762649, -0.013515002, -0.013260211, -0.012998674, -0.012865545, -0.012594585, -0.012317648, -0.012176842, -0.011890481, -0.011597443, -0.011297246, -0.011144396, -0.010832933, -0.010513556, -0.010350703, -0.010018312, -0.009676269, -0.009501389, -0.009143486, -0.00877396, -0.0083921, -0.008196156, -0.0077935583, -0.007375158, -0.007159422, -0.00671293, -0.0062423185, -0.0057409834, -0.005476333, -0.0049167476, -0.0043323333, -0.0040531596, -0.0036438317, -0.0036530963
0, -0.0036416894, -0.0036329632, -0.0040425435, -0.0043217908, -0.0049063205, -0.0054659853, -0.00573058, -0.0062319166, -0.0067026746, -0.007149734, -0.0073659844, -0.007785957, -0.008190876, -0.008388174, -0.008773175, -0.009145944, -0.009507095, -0.009683504, -0.010028447, -0.0103636095, -0.010527876, -0.010850273, -0.011165468, -0.011320563, -0.011626096, -0.011925628, -0.01221919, -0.012363784, -0.012648568, -0.012927221, -0.013064164, -0.013333061, -0.013595279, -0.013850512, -0.013975584, -0.014220416, -0.014458629, -0.014575399, -0.014804258, -0.01502707, -0.015136182, -0.015349517, -0.015555864, -0.015755096, -0.015852047, -0.0160408, -0.016223036, -0.01631175, -0.016484763, -0.01665197, -0.016813116, -0.016891368, -0.017042898, -0.017187323, -0.017256599, -0.017389026, -0.017512752, -0.017571231, -0.01768137, -0.017782642, -0.017875694, -0.017919276, -0.018001111, -0.01807625, -0.018111361, -0.018176734, -0.018234834, -0.018285148, -0.018307175, -0.018344719, -0.018373547, -0.018384729, -0.018400703, -0.018408496, -0.018408222, -0.018404981, -0.018391881, -0.018369189, -0.018354084, -0.018316062, -0.018267639, -0.018239848, -0.018177465, -0.018107155, -0.01802995, -0.01798904, -0.017902682, -0.017810164, -0.01776141, -0.017658198, -0.017547056, -0.017427621, -0.017364785, -0.017233206, -0.017094178, -0.01702198, -0.016872596, -0.016716791, -0.016636437, -0.016471036, -0.016299454, -0.016121905, -0.016031064, -0.015844999, -0.015653519, -0.015555714, -0.015356134, -0.015151257, -0.014940972, -0.014833829, -0.014615365, -0.014391071, -0.014276488, -0.014042297, -0.013800941, -0.013677556, -0.01342561, -0.0131671075, -0.012902433, -0.012767849, -0.012494382, -0.012215299, -0.012073575, -0.011785711, -0.011491292, -0.011189972, -0.011036665, -0.010724411, -0.010404489, -0.010241532, -0.009909418, -0.0095683895, -0.009394329, -0.009038607, -0.00867217, -0.008293925, -0.008099984, -0.007701595, -0.0072876825, -0.0070742914, -0.0066326032, -0.006167444, -0.0056720814, -0.0054106894, -0.0048581245, -0.0042811623, -0.004005528, -0.0036014852, -0.0036111332
0, -0.0036038402, -0.003595036, -0.004000318, -0.0042767227, -0.0048554214, -0.0054095862, -0.0056716674, -0.0061682076, -0.006634336, -0.007076759, -0.0072906315, -0.0077056806, -0.0081058545, -0.008300825, -0.008681378, -0.0090504065, -0.009408571, -0.009583842, -0.009927149, -0.010261522, -0.01042567, -0.010748548, -0.011064948, -0.011220899, -0.011528505, -0.011830472, -0.012126776, -0.012272727, -0.012559986, -0.012841054, -0.012979129, -0.0132503705, -0.013515077, -0.013773428, -0.013900301, -0.0141495885, -0.014393156, -0.014512966, -0.014748796, -0.014979473, -0.01509278, -0.01531496, -0.015530561, -0.015739368, -0.015841212, -0.016039865, -0.016232142, -0.016325971, -0.01650912, -0.016686402, -0.016857505, -0.016940609, -0.017101489, -0.017254775, -0.01732826, -0.017468508, -0.017599424, -0.017661225, -0.017777702, -0.017884964, -0.017983593, -0.018029949, -0.018117236, -0.018197836, -0.018235631, -0.018306278, -0.018369596, -0.018424938, -0.018449321, -0.018491253, -0.018523848, -0.018536555, -0.01855485, -0.018563936, -0.018563995, -0.018560546, -0.018546535, -0.018522365, -0.018506309, -0.018466314, -0.018415986, -0.018387284, -0.018323414, -0.018251723, -0.018173179, -0.01813137, -0.018042987, -0.017947532, -0.017896846, -0.01778926, -0.017672488, -0.017546508, -0.017480046, -0.017340664, -0.017193532, -0.017117282, -0.016959842, -0.016796011, -0.016711775, -0.01653845, -0.016358703, -0.01617241, -0.01607688, -0.015881116, -0.01567929, -0.01557612, -0.015365562, -0.0151495375, -0.014928204, -0.014815595, -0.014586569, -0.014352267, -0.014233066, -0.013990336, -0.013741465, -0.013614794, -0.013356836, -0.013093267, -0.012824245, -0.012687687, -0.012410793, -0.012128613, -0.011985521, -0.011695193, -0.011398811, -0.011095935, -0.010941973, -0.010628794, -0.01030849, -0.010145508, -0.009813676, -0.009473596, -0.009300225, -0.008946487, -0.008582647, -0.008207606, -0.008015448, -0.0076207924, -0.00721091, -0.0069995387, -0.006562111, -0.006101284, -0.0056107007, -0.0053518247, -0.004804767, -0.004233807, -0.003961063, -0.003561296, -0.003570948
0, -0.0035690803, -0.003560511, -0.003962173, -0.004236099, -0.0048096906, -0.005359066, -0.0056189005, -0.006111081, -0.00657278, -0.007010549, -0.0072219474, -0.0076319566, -0.008027036, -0.0082195625, -0.008595656, -0.008960943, -0.009316431, -0.009490783, -0.009833066, -0.010167536, -0.010332108, -0.010656535, -0.01097511, -0.011132415, -0.011443063, -0.011748349, -0.0120480675, -0.012195718, -0.012486325, -0.012770568, -0.012910221, -0.01318468, -0.01345286, -0.013715243, -0.013844332, -0.01409855, -0.0143478755, -0.014470782, -0.014713226, -0.0149510475, -0.015068057, -0.015297896, -0.015521658, -0.015739242, -0.015845671, -0.016053954, -0.016256124, -0.016355053, -0.016548457, -0.016735608, -0.016916279, -0.017003924, -0.017173644, -0.017335283, -0.017412875, -0.017561058, -0.01769981, -0.017765492, -0.017889647, -0.018004281, -0.018110065, -0.018159863, -0.018253658, -0.018340334, -0.018381039, -0.018457007, -0.01852526, -0.018585142, -0.018611632, -0.018657383, -0.018692834, -0.018706651, -0.018726215, -0.018735396, -0.018734299, -0.018729948, -0.018713638, -0.018686963, -0.018669667, -0.018627493, -0.018575685, -0.018546557, -0.018482136, -0.01841043, -0.01833203, -0.018290155, -0.018201118, -0.018103886, -0.0180519, -0.017940767, -0.017819364, -0.017687645, -0.017617997, -0.01747164, -0.017316855, -0.01723665, -0.017071161, -0.016899144, -0.016810758, -0.016629163, -0.016441068, -0.016246283, -0.01614641, -0.015941776, -0.015730634, -0.015622787, -0.0154024875, -0.015176338, -0.014944398, -0.01482639, -0.01458655, -0.014341742, -0.014217471, -0.013965105, -0.013707584, -0.0135769, -0.01331188, -0.013042041, -0.012767533, -0.012628497, -0.012346919, -0.012060564, -0.011915535, -0.011621552, -0.011322024, -0.011016751, -0.010861816, -0.010547227, -0.01022617, -0.010063074, -0.009731527, -0.009392228, -0.009219547, -0.008867566, -0.00850613, -0.008133946, -0.007943464, -0.007552422, -0.0071462975, -0.0069368673, -0.0065033045, -0.0060462044, -0.005559367, -0.005302459, -0.0047596092, -0.00419306, -0.003922524, -0.0035259863, -0.0035351838
0, -0.0035380647, -0.0035296776, -0.003927967, -0.0041995817, -0.004768321, -0.0053130533, -0.0055706943, -0.0060585975, -0.006516064, -0.006949641, -0.0071588703, -0.0075645936, -0.00795546, -0.008146066, -0.008518764, -0.008881414, -0.009235298, -0.009409178, -0.009751299, -0.010086556, -0.0102518, -0.010578041, -0.010898937, -0.011057516, -0.01137085, -0.011679003, -0.011981746, -0.012130943, -0.012424859, -0.012712682, -0.012854281, -0.013132931, -0.013405858, -0.013673464, -0.013805402, -0.014065681, -0.014321289, -0.014447448, -0.014696562, -0.014940982, -0.015061361, -0.015298129, -0.015529174, -0.01575449, -0.015865035, -0.01608196, -0.016293185, -0.016396621, -0.016598832, -0.016794426, -0.01698281, -0.017074227, -0.01725112, -0.017419782, -0.01750096, -0.017656662, -0.017803427, -0.017873393, -0.018006107, -0.018129408, -0.018243505, -0.018297253, -0.018398475, -0.018491702, -0.018535368, -0.018616686, -0.018689621, -0.018753614, -0.018781958, -0.018831002, -0.018869022, -0.018883765, -0.018904613, -0.018913954, -0.01891227, -0.018907322, -0.018889353, -0.01886076, -0.01884264, -0.018798828, -0.018745732, -0.018715952, -0.01865064, -0.018578079, -0.018498419, -0.018455785, -0.018364664, -0.01826479, -0.018211216, -0.018096315, -0.017970646, -0.017834093, -0.01776187, -0.017609982, -0.017449168, -0.017365647, -0.017193047, -0.017013473, -0.016921088, -0.01673138, -0.016534995, -0.016331892, -0.01622787, -0.016014997, -0.01579575, -0.015683835, -0.015455162, -0.015220327, -0.014979471, -0.014856868, -0.014607643, -0.01435354, -0.01422476, -0.0139637515, -0.013698263, -0.013563923, -0.01329211, -0.013016115, -0.01273596, -0.012594204, -0.012307485, -0.012016104, -0.011868621, -0.011569881, -0.011266089, -0.010957023, -0.0108004855, -0.010483196, -0.010160171, -0.009996359, -0.0096639935, -0.009324562, -0.009152096, -0.008800996, -0.008441142, -0.0080712475, -0.007882088, -0.0074941167, -0.0070914244, -0.0068837805, -0.0064537493, -0.0060000774, -0.0055165496, -0.0052613057, -0.004721841, -0.0041587707, -0.0038899288, -0.003495793, -0.003504455
0, -0.0035111206, -0.0035025983, -0.003897626, -0.004167041, -0.0047310297, -0.00527125, -0.005526761, -0.0060106283, -0.0064644576, -0.0068946485, -0.0071023023, -0.0075052446, -0.007893733, -0.008083287, -0.008454356, -0.008816091, -0.009169679, -0.009343704, -0.009686473, -0.010022933, -0.010188963, -0.010516835, -0.010839587, -0.010999008, -0.011314039, -0.011623783, -0.011928296, -0.01207852, -0.012374992, -0.012666116, -0.01280969, -0.013092969, -0.013371245, -0.01364487, -0.013780006, -0.014046765, -0.014309146, -0.014438595, -0.014694133, -0.014944939, -0.015068482, -0.01531158, -0.015549224, -0.01578139, -0.015895475, -0.01611968, -0.01633827, -0.016445305, -0.016654352, -0.016856357, -0.017050583, -0.017144747, -0.017327005, -0.017501384, -0.017585678, -0.017748045, -0.017902162, -0.017975988, -0.018116934, -0.01824853, -0.01837059, -0.018428138, -0.018536221, -0.018635532, -0.018681943, -0.018768217, -0.01884557, -0.018913548, -0.018943824, -0.018996237, -0.019037375, -0.019053476, -0.019076755, -0.019087998, -0.019087583, -0.019083058, -0.01906552, -0.019036911, -0.019018568, -0.01897402, -0.018919539, -0.018888805, -0.018820975, -0.018745132, -0.018661324, -0.018616445, -0.018520458, -0.018415613, -0.018359534, -0.018239828, -0.018109709, -0.01796905, -0.017894866, -0.017739046, -0.017573932, -0.01748809, -0.01731013, -0.017124275, -0.017028516, -0.016831534, -0.01662751, -0.016416732, -0.016308948, -0.016088748, -0.01586235, -0.015746905, -0.01551143, -0.015269751, -0.015022024, -0.014895985, -0.014639988, -0.014379219, -0.014247169, -0.013979949, -0.013708738, -0.013571629, -0.013294489, -0.013013409, -0.01272824, -0.0125840185, -0.012292201, -0.011995688, -0.011845609, -0.011541717, -0.01123292, -0.010919103, -0.010760322, -0.010439084, -0.010112607, -0.009947349, -0.009612519, -0.009271455, -0.00909839, -0.008746684, -0.008386989, -0.008018099, -0.007829713, -0.007443838, -0.007043839, -0.006837708, -0.006410733, -0.005960311, -0.0054799113, -0.0052262684, -0.0046899305, -0.004130133, -0.0038627936, -0.0034707596, -0.0034790277
0, -0.00348937, -0.0034805706, -0.0038727296, -0.004140211, -0.004700051, -0.0052363817, -0.005490036, -0.0059705945, -0.0064216265, -0.00684951, -0.007056304, -0.0074577555, -0.00784533, -0.008034633, -0.008405473, -0.0087673105, -0.009121365, -0.009295695, -0.009639491, -0.009977146, -0.010143898, -0.010473151, -0.010797171, -0.010957145, -0.011273152, -0.011583718, -0.011889175, -0.012040008, -0.012338218, -0.012632004, -0.012777241, -0.013064589, -0.013347796, -0.013626904, -0.013764901, -0.014037591, -0.014305714, -0.014438113, -0.014699333, -0.014955684, -0.015081939, -0.01533065, -0.015573899, -0.01581174, -0.015928734, -0.016158514, -0.016382474, -0.016492076, -0.016706167, -0.016912915, -0.017111778, -0.017208196, -0.017395208, -0.017574543, -0.017661367, -0.01782934, -0.017989378, -0.01806622, -0.018213293, -0.018350894, -0.01847862, -0.018538792, -0.018651897, -0.018755795, -0.018804355, -0.018894978, -0.018976487, -0.019048568, -0.01908083, -0.019137288, -0.019182263, -0.019200303, -0.01922739, -0.01924209, -0.01924465, -0.019241448, -0.019225974, -0.019198764, -0.019180678, -0.019135853, -0.019079851, -0.019047795, -0.018976245, -0.01889513, -0.018805195, -0.018757, -0.018654387, -0.01854308, -0.018484054, -0.018358966, -0.018224292, -0.018079963, -0.018004155, -0.017845491, -0.017677391, -0.017589869, -0.01740819, -0.017217739, -0.017119428, -0.016916849, -0.016706925, -0.01649004, -0.016379206, -0.016153155, -0.015921256, -0.015803117, -0.015562459, -0.015315912, -0.01506362, -0.014935362, -0.014675175, -0.014410361, -0.014276389, -0.014005458, -0.013730408, -0.013591459, -0.01331041, -0.013025301, -0.012735822, -0.012589413, -0.012292985, -0.011991777, -0.011839338, -0.011530763, -0.011217272, -0.010898922, -0.010737947, -0.010412469, -0.0100822, -0.009915187, -0.009577176, -0.009233443, -0.009059281, -0.008705923, -0.008345127, -0.007975994, -0.007787809, -0.0074029164, -0.0070046172, -0.0067994953, -0.00637501, -0.005927406, -0.0054500536, -0.0051979767, -0.0046648365, -0.004108103, -0.0038421878, -0.003452263, -0.0034603972
0, -0.0034747904, -0.0034657964, -0.0038559015, -0.0041220323, -0.004679071, -0.005212677, -0.0054650684, -0.0059434106, -0.0063926345, -0.0068191765, -0.0070254486, -0.0074262004, -0.0078134, -0.008002583, -0.008373324, -0.008735177, -0.009089366, -0.009263804, -0.00960804, -0.009946412, -0.010113594, -0.010443942, -0.010769068, -0.010929642, -0.011246712, -0.011558288, -0.011864758, -0.012016278, -0.012316004, -0.012611706, -0.0127582075, -0.013048366, -0.013334953, -0.013617744, -0.013757618, -0.014034179, -0.01430632, -0.014440575, -0.014705696, -0.014965989, -0.015094297, -0.015346981, -0.015594355, -0.01583618, -0.015955064, -0.016188398, -0.016415767, -0.01652709, -0.016744625, -0.016955081, -0.017158095, -0.0172568, -0.017448517, -0.017632585, -0.01772171, -0.01789408, -0.018058006, -0.018136641, -0.018286794, -0.018427128, -0.018557258, -0.018618634, -0.018734207, -0.018840725, -0.018890828, -0.01898464, -0.019069953, -0.019145988, -0.01918027, -0.019240733, -0.019289797, -0.01930977, -0.019340483, -0.019358788, -0.019364432, -0.019362414, -0.019349054, -0.019322848, -0.019304974, -0.019259693, -0.019201951, -0.019168636, -0.019093394, -0.019007562, -0.018912213, -0.018861173, -0.01875289, -0.01863624, -0.01857469, -0.018445175, -0.018306762, -0.018159227, -0.01808202, -0.017920678, -0.01775008, -0.01766133, -0.017476859, -0.017283378, -0.017183412, -0.016977422, -0.016763939, -0.016543522, -0.016430981, -0.016201435, -0.01596622, -0.015846517, -0.0156027675, -0.015353352, -0.015098444, -0.014969031, -0.014706496, -0.014439484, -0.014304308, -0.014030823, -0.013753065, -0.013612557, -0.013328193, -0.013039429, -0.012746022, -0.012597611, -0.012297313, -0.01199231, -0.01183808, -0.01152609, -0.011209389, -0.010887931, -0.010725496, -0.010397151, -0.01006426, -0.009896057, -0.009555799, -0.009210007, -0.009034889, -0.008679914, -0.008317993, -0.007948214, -0.007759843, -0.0073751463, -0.0069776345, -0.006773146, -0.006350298, -0.0059047407, -0.0054298844, -0.005179188, -0.0046488545, -0.0040949075, -0.0038302252, -0.0034419005, -0.003450146
0, -0.003471085, -0.003462109, -0.0038516049, -0.0041172807, -0.004673453, -0.0052061668, -0.0054581896, -0.0059358156, -0.006384407, -0.0068102386, -0.0070160893, -0.0074158167, -0.0078016757, -0.007990105, -0.008359141, -0.008719053, -0.009071354, -0.009245002, -0.009587935, -0.009925742, -0.010092931, -0.010424029, -0.010750825, -0.010912475, -0.011232076, -0.011546697, -0.011856164, -0.0120090265, -0.012311118, -0.012608765, -0.012756019, -0.013047405, -0.013334796, -0.013618025, -0.013758139, -0.014035314, -0.01430831, -0.014443221, -0.014709778, -0.014971866, -0.015101035, -0.015355654, -0.015604576, -0.015847566, -0.015966821, -0.016200706, -0.016428644, -0.016540596, -0.01676016, -0.016974028, -0.017181981, -0.017283602, -0.017481383, -0.017671175, -0.01776278, -0.017938657, -0.01810419, -0.01818295, -0.018332146, -0.018470509, -0.018598784, -0.018659394, -0.018774288, -0.018881517, -0.018932581, -0.019029254, -0.019118274, -0.01919821, -0.019234363, -0.019298052, -0.01934944, -0.019370338, -0.01940231, -0.01942106, -0.019426683, -0.019424574, -0.019410482, -0.019383177, -0.01936462, -0.019317819, -0.019258492, -0.019224351, -0.019147778, -0.019060858, -0.018964851, -0.01891366, -0.01880514, -0.018688144, -0.018626366, -0.01849569, -0.018355038, -0.018204333, -0.018125245, -0.01795982, -0.017785251, -0.017694594, -0.017507073, -0.01731164, -0.01721114, -0.017004637, -0.016791247, -0.016571455, -0.016459191, -0.016229939, -0.015994616, -0.015874648, -0.015630065, -0.015379554, -0.015123378, -0.0149932485, -0.014729224, -0.014460172, -0.014323773, -0.014047331, -0.013765925, -0.013623322, -0.013334474, -0.013040989, -0.012743151, -0.012592673, -0.012288844, -0.011981312, -0.011826171, -0.01151309, -0.011195899, -0.010874388, -0.010711982, -0.010383915, -0.010051532, -0.009883632, -0.009544037, -0.0091990065, -0.00902425, -0.008670074, -0.00830883, -0.0079394495, -0.007751184, -0.0073663793, -0.0069686514, -0.006764131, -0.0063414597, -0.0058965334, -0.0054229884, -0.0051730964, -0.004644774, -0.0040928656, -0.0038290338, -0.0034418404, -0.0034501012
0, -0.003480067, -0.0034711782, -0.0038617612, -0.0041281558, -0.0046859034, -0.005220179, -0.005472946, -0.00595203, -0.0064018564, -0.0068285773, -0.0070347413, -0.0074348385, -0.007820725, -0.008009076, -0.008377786, -0.008737324, -0.009089255, -0.009262674, -0.009605129, -0.00994239, -0.01010925, -0.010439696, -0.010765867, -0.010927307, -0.011246611, -0.0115608815, -0.011870078, -0.012022703, -0.012324308, -0.012621041, -0.012767661, -0.013057423, -0.013342765, -0.013623836, -0.013762843, -0.014037754, -0.01430862, -0.014442542, -0.014707333, -0.014967685, -0.015096039, -0.0153486915, -0.015595421, -0.015836028, -0.015954012, -0.016185412, -0.016410975, -0.016521672, -0.016739028, -0.016950894, -0.01715695, -0.017257582, -0.01745364, -0.017641598, -0.017732218, -0.017906135, -0.018069474, -0.01814704, -0.018293867, -0.018430011, -0.018556241, -0.01861601, -0.018729296, -0.018835323, -0.018885706, -0.018981116, -0.019068534, -0.019146634, -0.01918171, -0.019242905, -0.01929161, -0.019311028, -0.019340167, -0.019356301, -0.019359684, -0.019356575, -0.019341102, -0.019313058, -0.019294318, -0.019247793, -0.019189395, -0.019156145, -0.019081844, -0.01899818, -0.018906038, -0.018856926, -0.01875267, -0.018639583, -0.018579528, -0.01845181, -0.018313296, -0.018163795, -0.018085044, -0.017920064, -0.017745785, -0.017655456, -0.01746874, -0.017274704, -0.017175049, -0.016970687, -0.016759641, -0.016542016, -0.016430812, -0.016203502, -0.015969757, -0.015850402, -0.015607032, -0.015357499, -0.015102278, -0.014972647, -0.014709489, -0.014441467, -0.014305674, -0.014030444, -0.013750276, -0.013608327, -0.013320796, -0.013028907, -0.012732904, -0.0125834765, -0.01228178, -0.011976495, -0.011822452, -0.011511478, -0.011196224, -0.010876431, -0.010714879, -0.010388317, -0.010057303, -0.009890043, -0.009551844, -0.009208269, -0.0090342965, -0.008681531, -0.008321461, -0.007952876, -0.0077648484, -0.0073799603, -0.006981675, -0.0067767105, -0.006352863, -0.005906667, -0.00543175, -0.005181171, -0.0046515362, -0.0040985555, -0.0038342774, -0.0034464633, -0.0034548168
0, -0.0034946275, -0.0034857618, -0.0038780842, -0.0041457377, -0.004706105, -0.005243118, -0.0054971636, -0.0059787002, -0.006430754, -0.006859415, -0.0070664515, -0.007468101, -0.007855316, -0.008044247, -0.008414078, -0.008774688, -0.0091275, -0.009301256, -0.009643996, -0.009980959, -0.010147414, -0.010476592, -0.010800807, -0.010961173, -0.011278095, -0.011589831, -0.0118964845, -0.012047909, -0.012347081, -0.012641317, -0.012786601, -0.013073513, -0.013355825, -0.013633689, -0.013771052, -0.014042607, -0.014310011, -0.014442259, -0.014703648, -0.014960552, -0.015087221, -0.015336357, -0.015579608, -0.015816597, -0.015932804, -0.01616055, -0.0163824, -0.016491022, -0.016704062, -0.016911125, -0.017111843, -0.01720962, -0.017399898, -0.017582227, -0.017670147, -0.017839147, -0.017998403, -0.018074187, -0.018217918, -0.01835151, -0.01847544, -0.018534055, -0.01864513, -0.018748395, -0.018797278, -0.018889204, -0.018972524, -0.01904622, -0.019078992, -0.019135818, -0.01918036, -0.019197946, -0.019223776, -0.019237282, -0.019238882, -0.019235272, -0.019219344, -0.01919167, -0.019173317, -0.019128045, -0.019071678, -0.019039575, -0.018968176, -0.018888108, -0.01879995, -0.018752966, -0.018652895, -0.018544065, -0.018485991, -0.018362174, -0.01822734, -0.018081317, -0.018004248, -0.017842524, -0.01767144, -0.017582687, -0.017399296, -0.017208517, -0.017110558, -0.01690942, -0.016701506, -0.01648661, -0.016376654, -0.016151642, -0.015919983, -0.015801677, -0.01556049, -0.015313232, -0.015060485, -0.014932183, -0.014671999, -0.014407236, -0.01427326, -0.014001854, -0.013725877, -0.013586172, -0.013303403, -0.013016489, -0.012725521, -0.01257858, -0.012281606, -0.011980531, -0.011828323, -0.011520642, -0.011208052, -0.010890407, -0.010729748, -0.010404687, -0.010074796, -0.009908037, -0.009570672, -0.009227955, -0.00905439, -0.008702431, -0.008342992, -0.007974659, -0.007786641, -0.0074015283, -0.007002493, -0.0067969454, -0.0063716793, -0.005923671, -0.0054466315, -0.005194952, -0.004663093, -0.004107903, -0.0038426858, -0.0034536624, -0.0034622531
0, -0.0035150454, -0.0035061007, -0.003900887, -0.0041702664, -0.004734355, -0.005275004, -0.0055308486, -0.0060156323, -0.0064706136, -0.0069020675, -0.0071104085, -0.007514477, -0.007904068, -0.00809414, -0.008466225, -0.008828892, -0.009183476, -0.009357928, -0.009701457, -0.010038379, -0.0102043785, -0.0105319135, -0.010853616, -0.011012298, -0.01132559, -0.011633508, -0.011936236, -0.012085783, -0.012381171, -0.012671756, -0.012815215, -0.013098562, -0.013377012, -0.013650902, -0.013786107, -0.014053055, -0.0143156275, -0.01444521, -0.014701245, -0.014952848, -0.015076808, -0.015320741, -0.015559004, -0.015791366, -0.015905282, -0.016128507, -0.016345488, -0.016451601, -0.01665886, -0.01685919, -0.017052297, -0.017146086, -0.017327985, -0.017502217, -0.01758632, -0.017748322, -0.017901795, -0.017975073, -0.018114561, -0.018244607, -0.018365193, -0.018422093, -0.018529441, -0.018628517, -0.01867489, -0.018761475, -0.018839078, -0.018907001, -0.018937124, -0.018989079, -0.019029694, -0.019045653, -0.019068971, -0.019080976, -0.01908194, -0.01907843, -0.019063056, -0.019036477, -0.019018965, -0.01897545, -0.018921252, -0.01889034, -0.01882144, -0.01874409, -0.018658808, -0.018613303, -0.018516282, -0.018410744, -0.0183546, -0.018234752, -0.0181046, -0.017963788, -0.017889494, -0.017733533, -0.017568333, -0.017482454, -0.01730467, -0.017119149, -0.017023686, -0.01682709, -0.016623208, -0.016412139, -0.016304033, -0.016082449, -0.015854385, -0.015738025, -0.015500788, -0.015257938, -0.015009755, -0.014883842, -0.014628685, -0.014369257, -0.014238063, -0.013972637, -0.013702834, -0.013566426, -0.013290484, -0.01301038, -0.01272608, -0.012582246, -0.012291221, -0.011995336, -0.011845425, -0.011541702, -0.0112323975, -0.010917533, -0.010757966, -0.010434931, -0.010106434, -0.0099402135, -0.009603635, -0.009261305, -0.009087817, -0.008735826, -0.008376041, -0.008007265, -0.007818886, -0.007432945, -0.007032933, -0.0068267593, -0.006399912, -0.0059498795, -0.005470416, -0.0052173706, -0.0046825483, -0.0041242805, -0.0038576873, -0.0034668362, -0.003475565
0, -0.003541988, -0.0035330206, -0.003931042, -0.0042026374, -0.004771325, -0.005316395, -0.0055743037, -0.006062904, -0.006521312, -0.006955913, -0.007165775, -0.007572788, -0.007965074, -0.008156502, -0.008531029, -0.008895791, -0.009251862, -0.00942692, -0.009771137, -0.010107794, -0.0102734165, -0.010599469, -0.010918876, -0.011076175, -0.011386278, -0.011690715, -0.011989713, -0.012137379, -0.0124289105, -0.012715675, -0.012857219, -0.013136537, -0.013410831, -0.013679972, -0.013812604, -0.01407392, -0.014330101, -0.01445627, -0.014705097, -0.014949246, -0.01506947, -0.015306267, -0.015537768, -0.015763827, -0.01587475, -0.016092168, -0.016303157, -0.0164061, -0.016606659, -0.016799528, -0.0169845, -0.017073989, -0.0172472, -0.017412772, -0.017492758, -0.017647086, -0.017793566, -0.017863767, -0.017997507, -0.018122273, -0.018237678, -0.018291982, -0.018393805, -0.018487012, -0.018530332, -0.018610638, -0.018682277, -0.018744867, -0.018772583, -0.018820662, -0.018858392, -0.018873323, -0.018895084, -0.018906265, -0.018907044, -0.01890355, -0.018888732, -0.018863222, -0.018846376, -0.01880451, -0.018752104, -0.018722167, -0.018655397, -0.018580029, -0.01849672, -0.018452192, -0.018357338, -0.018254496, -0.018199928, -0.018084113, -0.017958876, -0.017824087, -0.01775314, -0.017604165, -0.017446106, -0.017363824, -0.017193018, -0.01701418, -0.01692177, -0.016731266, -0.01653324, -0.016328052, -0.016222877, -0.016007582, -0.015785983, -0.015672963, -0.015442649, -0.015206776, -0.014965477, -0.014842941, -0.014594447, -0.014341729, -0.014213819, -0.013954916, -0.013691901, -0.013558784, -0.013289568, -0.013016009, -0.012737865, -0.012596974, -0.012311373, -0.012020412, -0.011872862, -0.011573356, -0.011268077, -0.010956935, -0.010799213, -0.010479353, -0.010153577, -0.009988421, -0.009653507, -0.009311938, -0.009138543, -0.00878615, -0.008425458, -0.0080554215, -0.00786636, -0.007478912, -0.007077165, -0.006870071, -0.0064412747, -0.0059889876, -0.005506674, -0.005252014, -0.0047135185, -0.0041512917, -0.0038828359, -0.003489204, -0.003497942
0, -0.003575033, -0.003566119, -0.0039679133, -0.00424202, -0.0048160143, -0.0053661005, -0.0056262645, -0.0061191088, -0.006581442, -0.007019639, -0.007231249, -0.0076415157, -0.008036772, -0.0082294345, -0.008606154, -0.008972425, -0.009329371, -0.009504551, -0.009848585, -0.010184695, -0.010349948, -0.010674865, -0.010992966, -0.011149524, -0.011457918, -0.011760242, -0.0120569095, -0.012203174, -0.0124919, -0.012775369, -0.012915101, -0.013190561, -0.013460489, -0.0137246065, -0.013854523, -0.014109579, -0.014358619, -0.014480987, -0.014721524, -0.014956978, -0.015072807, -0.015300753, -0.015523677, -0.01574141, -0.015848296, -0.016057814, -0.016261209, -0.016360423, -0.01655339, -0.016738547, -0.016915701, -0.01700135, -0.017166717, -0.017324567, -0.01740069, -0.017547593, -0.017686727, -0.017753309, -0.017879935, -0.017997649, -0.018105946, -0.018156653, -0.018251406, -0.018337736, -0.018377895, -0.01845235, -0.018518927, -0.018577378, -0.01860352, -0.018648878, -0.018684743, -0.018698862, -0.018719291, -0.01872939, -0.018729297, -0.018725466, -0.018710319, -0.01868492, -0.018668335, -0.018627485, -0.018576607, -0.018547531, -0.018482711, -0.018409463, -0.018328434, -0.01828494, -0.018192487, -0.018092606, -0.018039694, -0.017927956, -0.017807642, -0.017678672, -0.017610898, -0.017468603, -0.01731755, -0.017238861, -0.01707519, -0.016903495, -0.01681479, -0.016631754, -0.016441546, -0.0162448, -0.01614406, -0.015938163, -0.015726388, -0.015618317, -0.01539791, -0.015171563, -0.014939229, -0.01482095, -0.014580453, -0.014335018, -0.014210537, -0.013958153, -0.013701259, -0.013571034, -0.013307266, -0.013038758, -0.012765195, -0.012626443, -0.012344975, -0.012057973, -0.0119123915, -0.011616992, -0.011316049, -0.011009448, -0.010853992, -0.010538499, -0.010216745, -0.010053326, -0.009721079, -0.009381075, -0.009207998, -0.008855297, -0.008493415, -0.008121408, -0.007931212, -0.007541199, -0.007136716, -0.0069282465, -0.0064966767, -0.006041353, -0.005555643, -0.005299104, -0.004756222, -0.0041891825, -0.0039183125, -0.003521112, -0.0035297007
0, -0.0036121134, -0.0036032097, -0.0040090624, -0.004285876, -0.0048656156, -0.00542102, -0.0056837173, -0.0061812964, -0.0066481703, -0.007090878, -0.007304599, -0.0077188974, -0.008117823, -0.008312078, -0.008691197, -0.009058927, -0.009416352, -0.009591441, -0.009934917, -0.010270212, -0.010434987, -0.01075924, -0.011076809, -0.011233175, -0.0115410695, -0.011842692, -0.012138147, -0.012283661, -0.012570404, -0.012851173, -0.012989339, -0.013261173, -0.013526892, -0.013786177, -0.013913349, -0.014162578, -0.014404978, -0.014523699, -0.014756442, -0.014983308, -0.015094606, -0.015313179, -0.015526338, -0.01573406, -0.015835894, -0.0160355, -0.016229294, -0.016323805, -0.01650782, -0.016684731, -0.016854426, -0.016936466, -0.017095018, -0.017246174, -0.01731899, -0.017458815, -0.01759064, -0.017653387, -0.017772151, -0.017881552, -0.017981628, -0.018028272, -0.018115362, -0.018194813, -0.018231906, -0.018301116, -0.018363776, -0.018419227, -0.01844404, -0.018487392, -0.018521352, -0.018534563, -0.01855322, -0.018561501, -0.018559631, -0.018555043, -0.018538646, -0.018512668, -0.018496152, -0.018456062, -0.018406715, -0.018378759, -0.018316355, -0.018245986, -0.018168015, -0.018126234, -0.018037308, -0.01794125, -0.01789042, -0.017782954, -0.01766752, -0.017543824, -0.017478745, -0.017342303, -0.017197374, -0.017121866, -0.016964821, -0.016800353, -0.016715437, -0.016540546, -0.016359491, -0.016172804, -0.016077528, -0.015883055, -0.015683247, -0.01558114, -0.015372432, -0.015157201, -0.01493521, -0.014821783, -0.014590316, -0.014353051, -0.01423225, -0.013986613, -0.0137356445, -0.013608111, -0.013348996, -0.013084483, -0.012814401, -0.012677207, -0.012398676, -0.012114762, -0.011970755, -0.011678869, -0.011381729, -0.011079212, -0.010925863, -0.010614542, -0.010296589, -0.010134861, -0.009805205, -0.009466643, -0.0092937555, -0.008940557, -0.008576884, -0.008202045, -0.008010176, -0.0076164985, -0.0072081545, -0.0069977404, -0.006562242, -0.0061029284, -0.005613111, -0.0053543486, -0.004806645, -0.0042341473, -0.0039606127, -0.0035593929, -0.0035679901
0, -0.003650428, -0.0036415057, -0.0040515605, -0.004331289, -0.0049169976, -0.0054781614, -0.0057436214, -0.00624655, -0.0067187287, -0.0071666986, -0.0073830914, -0.007802657, -0.008206429, -0.008402885, -0.008785668, -0.009155973, -0.009514853, -0.009690295, -0.010033955, -0.010368887, -0.010533412, -0.0108572515, -0.011174514, -0.011330722, -0.011638355, -0.011939443, -0.012234048, -0.012378883, -0.012663673, -0.01294195, -0.013078638, -0.013347094, -0.013608855, -0.01386376, -0.013988564, -0.01423281, -0.014469649, -0.014585399, -0.014811729, -0.0150314225, -0.015138803, -0.015348666, -0.01555214, -0.015749415, -0.01584584, -0.016034264, -0.016216993, -0.016306162, -0.016479986, -0.016647888, -0.016809521, -0.016887989, -0.017039735, -0.017184364, -0.01725392, -0.017386986, -0.017511709, -0.017570633, -0.017681345, -0.017782468, -0.017874451, -0.01791713, -0.017996933, -0.018069979, -0.0181043, -0.018168762, -0.018227426, -0.01827975, -0.018303128, -0.018343667, -0.0183749, -0.01838678, -0.018402895, -0.018408826, -0.018405043, -0.018399695, -0.018382309, -0.018356193, -0.018339923, -0.018300986, -0.018253807, -0.018227123, -0.018167859, -0.018101063, -0.018027116, -0.017987536, -0.017903263, -0.017811975, -0.0177636, -0.01766116, -0.017550806, -0.017432284, -0.017369842, -0.017238777, -0.017099602, -0.017027037, -0.016876498, -0.016719064, -0.01663787, -0.016471231, -0.016299358, -0.016122939, -0.016033018, -0.015849844, -0.01566167, -0.015565462, -0.015368269, -0.015164213, -0.01495296, -0.014844717, -0.014622998, -0.014394873, -0.01427828, -0.01404039, -0.013796038, -0.01367148, -0.01341754, -0.013157255, -0.012890757, -0.012755199, -0.012479606, -0.012198319, -0.012055594, -0.011766277, -0.011471596, -0.0111714145, -0.011019148, -0.010709905, -0.01039373, -0.010232636, -0.009903718, -0.009564975, -0.009391632, -0.009036603, -0.008670015, -0.008291352, -0.008097318, -0.007698975, -0.0072857356, -0.0070728706, -0.006632509, -0.0061684246, -0.0056737987, -0.005412517, -0.00485954, -0.0042814407, -0.0040051243, -0.003599772, -0.0036084938
0, -0.0036878458, -0.0036789824, -0.0040935115, -0.0043762503, -0.0049683414, -0.005535754, -0.0058042184, -0.0063130315, -0.006790997, -0.0072448216, -0.007464207, -0.007889785, -0.008299355, -0.008498604, -0.008886606, -0.009261322, -0.009623658, -0.00980046, -0.01014615, -0.010482228, -0.010647047, -0.010970965, -0.011287869, -0.011443776, -0.011750544, -0.012050584, -0.01234361, -0.012487471, -0.012770098, -0.013045788, -0.013181019, -0.01344613, -0.01370427, -0.013955224, -0.014077949, -0.014317793, -0.014550174, -0.014663551, -0.014884815, -0.015098753, -0.015202936, -0.015405588, -0.015600732, -0.015788581, -0.015879942, -0.016057756, -0.016229598, -0.01631334, -0.016476968, -0.016635366, -0.016788343, -0.016862739, -0.017006986, -0.017144509, -0.0172106, -0.017336696, -0.017454144, -0.017509378, -0.017612705, -0.017706405, -0.017791206, -0.017830536, -0.017903902, -0.01797125, -0.018002894, -0.018062416, -0.018116586, -0.018164445, -0.018185638, -0.018221766, -0.01824895, -0.01825899, -0.018271964, -0.018275678, -0.018270686, -0.018265128, -0.018247923, -0.018222898, -0.018207422, -0.018170701, -0.018126251, -0.018101215, -0.018045459, -0.017982561, -0.017912952, -0.017875787, -0.017796721, -0.017710952, -0.017665444, -0.017568847, -0.017464295, -0.017351603, -0.017292177, -0.017167166, -0.017034365, -0.016965162, -0.01682158, -0.016671421, -0.01659417, -0.016435618, -0.016272426, -0.016104918, -0.016019646, -0.01584575, -0.015667055, -0.015575672, -0.015388226, -0.015194009, -0.014992786, -0.014889427, -0.014677622, -0.014458858, -0.01434681, -0.014117388, -0.013880606, -0.013759405, -0.013511564, -0.0132564325, -0.012994335, -0.012860707, -0.012588497, -0.012310011, -0.012168399, -0.011880773, -0.011587085, -0.011287076, -0.011134663, -0.010824642, -0.010507137, -0.010345221, -0.010014319, -0.009672969, -0.009498101, -0.009139558, -0.008768887, -0.008385595, -0.008189015, -0.007785484, -0.0073667504, -0.007151122, -0.0067052757, -0.0062356894, -0.0057354956, -0.0054713646, -0.0049124155, -0.0043282863, -0.0040491084, -0.0036395811, -0.0036484697
0, -0.0037234204, -0.00371478, -0.0041339877, -0.004419935, -0.0050190073, -0.005593158, -0.0058649005, -0.006379922, -0.0068638674, -0.0073234765, -0.00754567, -0.007976945, -0.008392269, -0.008594415, -0.008988181, -0.009368601, -0.009736262, -0.009915518, -0.010265263, -0.010604301, -0.010770126, -0.01109524, -0.011412137, -0.011567779, -0.011873518, -0.012171981, -0.012463148, -0.012606018, -0.012886363, -0.01315964, -0.013293486, -0.013555677, -0.013810436, -0.014057704, -0.014178451, -0.014414136, -0.01464207, -0.014753173, -0.014969661, -0.015178476, -0.015279956, -0.015476704, -0.015665252, -0.015845733, -0.015933111, -0.016102616, -0.016265681, -0.016344957, -0.016499635, -0.016649146, -0.016793603, -0.01686384, -0.016999943, -0.017129658, -0.017191915, -0.017310496, -0.017420651, -0.017472371, -0.017568927, -0.017656324, -0.017735284, -0.01777185, -0.017839901, -0.0179021, -0.01793126, -0.017985554, -0.018034277, -0.018076487, -0.018094819, -0.018125257, -0.018147463, -0.018155415, -0.018165145, -0.018167155, -0.018161885, -0.018156607, -0.018140871, -0.018118002, -0.018103855, -0.018070007, -0.018028732, -0.018005244, -0.017952869, -0.0178938, -0.017828556, -0.017793816, -0.017720142, -0.017640363, -0.017598001, -0.017507968, -0.017410262, -0.017304564, -0.017248714, -0.017131094, -0.017005924, -0.016940653, -0.01680503, -0.016663006, -0.016589846, -0.016439565, -0.016284326, -0.016124608, -0.016043039, -0.015876368, -0.015704732, -0.015616908, -0.015436828, -0.015250382, -0.015057264, -0.014958155, -0.014754848, -0.014544404, -0.014436477, -0.014214811, -0.013985069, -0.01386722, -0.013625306, -0.013375553, -0.013118171, -0.012986638, -0.012718133, -0.012442458, -0.012301966, -0.012015612, -0.011721957, -0.011420743, -0.011267284, -0.010954534, -0.0106335, -0.010469685, -0.01013467, -0.009789034, -0.009611975, -0.009248925, -0.008873603, -0.008485426, -0.008286324, -0.007877423, -0.0074530733, -0.0072345412, -0.0067825704, -0.006306603, -0.005799717, -0.005532136, -0.0049661575, -0.0043750308, -0.0040925993, -0.003678382, -0.0036872397
0, -0.0037563452, -0.0037481578, -0.004172256, -0.004461617, -0.00506803, -0.005649449, -0.0059246398, -0.0064461664, -0.006935849, -0.007400542, -0.0076251323, -0.008060933, -0.008480901, -0.0086854035, -0.009084284, -0.009470263, -0.009843639, -0.010025712, -0.010380757, -0.010724206, -0.010891792, -0.01121941, -0.01153751, -0.011693281, -0.011998673, -0.012296149, -0.012586082, -0.012728318, -0.013007225, -0.013278755, -0.01341164, -0.013671563, -0.013923482, -0.014167254, -0.014285997, -0.014517296, -0.014740453, -0.014848985, -0.015060288, -0.0152638545, -0.015362583, -0.015554135, -0.01573742, -0.015912747, -0.015997522, -0.01616165, -0.016318958, -0.01639529, -0.016543522, -0.01668607, -0.016823076, -0.016889462, -0.0170176, -0.017139308, -0.017197529, -0.017308282, -0.017411144, -0.017459448, -0.017549729, -0.01763166, -0.017705616, -0.017739922, -0.017803665, -0.017861322, -0.017888043, -0.017937334, -0.017980687, -0.018017177, -0.018032689, -0.018057846, -0.018075319, -0.018081402, -0.018088376, -0.018089175, -0.018084083, -0.018079296, -0.018065238, -0.018044746, -0.018031895, -0.018000798, -0.017962331, -0.017940274, -0.017891156, -0.01783568, -0.017774737, -0.017742414, -0.017674059, -0.017600488, -0.017561449, -0.017478397, -0.017388022, -0.017290099, -0.017238237, -0.017128868, -0.01701213, -0.016951168, -0.0168242, -0.016691012, -0.016622214, -0.016480308, -0.016333114, -0.016180499, -0.016102226, -0.015941717, -0.01577576, -0.015690658, -0.015516076, -0.015335371, -0.015148155, -0.015052032, -0.014854774, -0.014650187, -0.014545072, -0.014328768, -0.014104044, -0.013988492, -0.013751125, -0.013505575, -0.013251949, -0.013122267, -0.012857038, -0.0125839785, -0.012444462, -0.012159263, -0.01186546, -0.011562866, -0.011408303, -0.011092423, -0.010767613, -0.010601643, -0.010262192, -0.009912135, -0.009732906, -0.009365582, -0.008985891, -0.008593169, -0.008391647, -0.007977577, -0.0075475397, -0.007325784, -0.006866956, -0.006383413, -0.005868395, -0.0055966214, -0.005022068, -0.004422499, -0.0041362382, -0.003716476, -0.0037248991
0, -0.0037857369, -0.003778099, -0.0042070025, -0.004499648, -0.005113234, -0.005702076, -0.0059807957, -0.006508816, -0.0070040617, -0.0074734064, -0.0076999892, -0.008139348, -0.008562527, -0.008768714, -0.009171259, -0.009561407, -0.009939537, -0.01012413, -0.010484253, -0.010832425, -0.01100215, -0.011333273, -0.011653978, -0.011810673, -0.012117159, -0.012415043, -0.012704968, -0.0128470585, -0.013125597, -0.013396403, -0.013528788, -0.01378723, -0.014036975, -0.014277734, -0.014394699, -0.014621897, -0.014840181, -0.014946115, -0.015152001, -0.015350148, -0.015446309, -0.015632993, -0.015812133, -0.01598395, -0.016067084, -0.016228082, -0.016382206, -0.016456759, -0.016600914, -0.016738547, -0.016869714, -0.016932845, -0.017053984, -0.017168188, -0.01722259, -0.017325887, -0.017421596, -0.017466655, -0.017550832, -0.017627545, -0.017697098, -0.017729335, -0.017789096, -0.01784298, -0.01786777, -0.017913103, -0.017952204, -0.01798468, -0.017998308, -0.018020025, -0.018034676, -0.018039633, -0.01804512, -0.018045219, -0.018040206, -0.018035736, -0.018022731, -0.018003656, -0.017991675, -0.017962446, -0.017926125, -0.0179054, -0.017859112, -0.017807204, -0.017750513, -0.01772061, -0.017657567, -0.017589869, -0.017553983, -0.01747753, -0.01739433, -0.017303875, -0.017255845, -0.017154397, -0.017045822, -0.016989017, -0.016870538, -0.016746014, -0.016681502, -0.016548026, -0.016408643, -0.016263334, -0.016188405, -0.016033921, -0.015873289, -0.015790692, -0.015620632, -0.015444099, -0.0152607355, -0.0151664475, -0.014972382, -0.0147707965, -0.0146670705, -0.014453275, -0.014230947, -0.01411662, -0.013881638, -0.013638581, -0.013387458, -0.0132589685, -0.012996046, -0.012724947, -0.012586185, -0.012301905, -0.012008105, -0.011704627, -0.011549222, -0.011231205, -0.01090342, -0.010735892, -0.010393034, -0.010039468, -0.0098584695, -0.009487557, -0.009104086, -0.008707198, -0.008503408, -0.008084212, -0.007648084, -0.007422892, -0.0069562695, -0.00646407, -0.0059396913, -0.0056630047, -0.0050786743, -0.0044695647, -0.0041790167, -0.003752967, -0.0037605732
0, -0.0038110123, -0.0038036744, -0.0042366227, -0.0045320992, -0.005152135, -0.00574769, -0.00602971, -0.006564011, -0.0070648263, -0.0075388555, -0.007767416, -0.008210142, -0.0086361095, -0.008843525, -0.009248603, -0.009641535, -0.010022844, -0.010209158, -0.0105730165, -0.010925151, -0.011096866, -0.011431764, -0.011755749, -0.011913877, -0.012222717, -0.012522296, -0.012813237, -0.012955629, -0.013234339, -0.013504866, -0.01363684, -0.013894201, -0.014142374, -0.014380931, -0.014496588, -0.014720694, -0.014935317, -0.015039287, -0.015240786, -0.015434553, -0.015528635, -0.01571131, -0.015887093, -0.016056072, -0.016138004, -0.01629676, -0.01644855, -0.016521772, -0.016662909, -0.016796758, -0.016923146, -0.01698359, -0.017098794, -0.017206648, -0.01725778, -0.017354565, -0.017443908, -0.017485926, -0.017564489, -0.017636161, -0.017701235, -0.017731428, -0.0177875, -0.01783814, -0.017861465, -0.017904134, -0.017941108, -0.01797207, -0.017985197, -0.018006394, -0.01802094, -0.01802592, -0.018031465, -0.018031579, -0.01802652, -0.018022146, -0.018009359, -0.017990686, -0.01797901, -0.017950756, -0.017916067, -0.017896371, -0.01785288, -0.017804554, -0.017751997, -0.017724287, -0.017665945, -0.017603254, -0.017569996, -0.017499266, -0.017422054, -0.017337928, -0.01729322, -0.017198637, -0.01709716, -0.01704402, -0.016933043, -0.016816037, -0.016755309, -0.016629498, -0.016497428, -0.016359076, -0.016287442, -0.016138986, -0.015983533, -0.01590324, -0.015737249, -0.015563869, -0.015382888, -0.015289478, -0.015096939, -0.01489643, -0.014793137, -0.0145802125, -0.01435889, -0.014245123, -0.0140114715, -0.013769893, -0.013520332, -0.013392543, -0.013130813, -0.012860564, -0.012722029, -0.012437967, -0.012143961, -0.011839778, -0.011683811, -0.01136434, -0.011034656, -0.010865931, -0.010520627, -0.010164205, -0.009981675, -0.00960746, -0.009220383, -0.008819329, -0.008613163, -0.008188561, -0.007745976, -0.0075172237, -0.0070426664, -0.006541551, -0.006007601, -0.005725942, -0.0051316763, -0.004513121, -0.0042183297, -0.003786066, -0.0037926233
0, -0.00383218, -0.003824807, -0.0042607174, -0.0045584, -0.00518335, -0.005784241, -0.006068949, -0.0066086547, -0.0071147466, -0.007593664, -0.007824483, -0.008271082, -0.008700306, -0.008909157, -0.009316545, -0.009711421, -0.010094627, -0.01028193, -0.0106480215, -0.0110027585, -0.0111759035, -0.011513902, -0.011841063, -0.012000695, -0.012312253, -0.012613779, -0.01290594, -0.013048598, -0.013327299, -0.013597098, -0.013728618, -0.013984735, -0.014231578, -0.014468742, -0.014583694, -0.014806237, -0.015019131, -0.015122144, -0.015321594, -0.015513028, -0.015605841, -0.015786022, -0.0159591, -0.01612535, -0.016205944, -0.016361833, -0.016510751, -0.016582457, -0.016720075, -0.016849944, -0.016971927, -0.017029975, -0.017140185, -0.017242886, -0.017291429, -0.017382978, -0.01746734, -0.017506883, -0.017580595, -0.01764755, -0.017708262, -0.017736562, -0.01778906, -0.017836807, -0.017858949, -0.01790006, -0.017936528, -0.01796796, -0.017981699, -0.018004626, -0.018021282, -0.018027212, -0.018034305, -0.018035244, -0.018030595, -0.018026235, -0.018013483, -0.017994955, -0.017983535, -0.017956084, -0.017922875, -0.017904315, -0.017863518, -0.017818356, -0.017769402, -0.017743552, -0.017688934, -0.017630193, -0.017599067, -0.017532721, -0.017460393, -0.017381644, -0.017339751, -0.017250922, -0.017155562, -0.017105486, -0.017000768, -0.01689002, -0.0168324, -0.01671261, -0.016586535, -0.016453825, -0.016384983, -0.016241688, -0.016090786, -0.01601245, -0.015849661, -0.015678676, -0.015499311, -0.01540654, -0.015214845, -0.0150151, -0.014912253, -0.014700408, -0.01448054, -0.014367582, -0.014135545, -0.013895493, -0.0136472145, -0.01351978, -0.01325824, -0.012987593, -0.012848687, -0.012563633, -0.012268379, -0.011962767, -0.011806054, -0.0114849005, -0.011153275, -0.010983486, -0.010635597, -0.010276229, -0.010092034, -0.009714204, -0.009323175, -0.008917714, -0.0087091, -0.008279241, -0.007830681, -0.0075986353, -0.00711702, -0.006608227, -0.0060660345, -0.005780232, -0.0051775114, -0.004550842, -0.0042523853, -0.003814937, -0.0038207371
0, -0.0038502193, -0.003842521, -0.0042802766, -0.0045793075, -0.00520749, -0.0058118454, -0.0060983812, -0.006642035, -0.007152371, -0.007635749, -0.007868754, -0.008319614, -0.008752455, -0.008962892, -0.009372814, -0.009769484, -0.010153953, -0.010341777, -0.010708967, -0.0110651385, -0.01123914, -0.011579187, -0.011908716, -0.012069554, -0.012383325, -0.012686664, -0.012979653, -0.013122374, -0.013400622, -0.013669281, -0.013800099, -0.014054668, -0.014300106, -0.014536191, -0.014650777, -0.014872769, -0.01508547, -0.015188434, -0.015387723, -0.015578635, -0.01567107, -0.015849883, -0.016020825, -0.016184129, -0.016263014, -0.016415186, -0.016559992, -0.016629552, -0.016762769, -0.016888076, -0.017005466, -0.017061334, -0.01716728, -0.017265905, -0.01731246, -0.01740031, -0.017481098, -0.01751876, -0.01758883, -0.017652063, -0.017709069, -0.017735425, -0.017784571, -0.017829642, -0.017850727, -0.017890636, -0.017927043, -0.017959453, -0.017973987, -0.01799903, -0.018018141, -0.0180253, -0.018034482, -0.018037084, -0.018033579, -0.018029686, -0.018017668, -0.01800004, -0.017989136, -0.017963158, -0.017931947, -0.017914541, -0.017876362, -0.017834092, -0.017788054, -0.017763644, -0.017712148, -0.01765651, -0.01762715, -0.017564597, -0.0174967, -0.017422875, -0.017383626, -0.017300345, -0.017210612, -0.01716335, -0.01706403, -0.016958276, -0.016903026, -0.016787594, -0.016665636, -0.01653681, -0.016469792, -0.016329957, -0.016182236, -0.016105294, -0.015944922, -0.015775759, -0.015597811, -0.015505655, -0.015315155, -0.015116988, -0.015015015, -0.014805423, -0.014588155, -0.014476519, -0.014246908, -0.014008753, -0.013761418, -0.013634092, -0.013371963, -0.013099804, -0.012959894, -0.01267243, -0.012374568, -0.012066351, -0.011908403, -0.011584718, -0.011250491, -0.011079315, -0.010728405, -0.010365756, -0.010179788, -0.009798261, -0.0094033, -0.008993761, -0.008783084, -0.008348878, -0.007895838, -0.0076613957, -0.007174849, -0.0066607925, -0.006113037, -0.005824334, -0.005215579, -0.004582929, -0.004281759, -0.0038403396, -0.0038457504
0, -0.0038661584, -0.0038579635, -0.004296758, -0.004596614, -0.0052265506, -0.005832645, -0.006120097, -0.0066657797, -0.007178575, -0.0076648444, -0.007899458, -0.008353607, -0.008789562, -0.009001338, -0.009413526, -0.009811756, -0.010197108, -0.010385351, -0.01075319, -0.011110091, -0.011284521, -0.011625812, -0.01195686, -0.012118612, -0.0124340365, -0.012738754, -0.0130325705, -0.0131754605, -0.013453298, -0.013720979, -0.013851063, -0.0141042005, -0.014348047, -0.014582894, -0.014696986, -0.014918377, -0.015130735, -0.0152336145, -0.015432947, -0.01562354, -0.015715625, -0.01589317, -0.01606198, -0.01622215, -0.016299067, -0.016446931, -0.016586928, -0.016653987, -0.016782347, -0.016903117, -0.01701631, -0.017070163, -0.017172525, -0.017267864, -0.017312977, -0.017398058, -0.017476114, -0.017512528, -0.017579913, -0.017640393, -0.017694408, -0.017719366, -0.017765675, -0.01780831, -0.01782849, -0.017866775, -0.017902363, -0.017934548, -0.017949166, -0.017974924, -0.01799523, -0.018003061, -0.018013792, -0.018018149, -0.018016428, -0.018013434, -0.018003372, -0.017987847, -0.01797813, -0.017954662, -0.017926125, -0.017910067, -0.017874727, -0.017835282, -0.01779206, -0.01776916, -0.017720645, -0.017668597, -0.017641122, -0.017582856, -0.017519694, -0.017451037, -0.017414493, -0.017336847, -0.017252615, -0.017207993, -0.017113445, -0.0170118, -0.016958278, -0.01684594, -0.016726464, -0.016599884, -0.016533835, -0.01639602, -0.01625024, -0.01617423, -0.01601567, -0.015848257, -0.015672015, -0.015580762, -0.015392283, -0.015196448, -0.01509581, -0.014889062, -0.01467458, -0.014564204, -0.014336861, -0.014099938, -0.013852782, -0.013725163, -0.013461644, -0.013187201, -0.013045917, -0.012755319, -0.01245418, -0.012142744, -0.011983268, -0.011656663, -0.011319601, -0.0111469785, -0.010793314, -0.010427771, -0.010240315, -0.009855882, -0.009458002, -0.0090457555, -0.008833761, -0.008396967, -0.007941391, -0.0077058, -0.007216862, -0.0067002526, -0.006149584, -0.0058592362, -0.0052468916, -0.0046104533, -0.0043074093, -0.0038631107, -0.0038683445
0, -0.0038799823, -0.0038713396, -0.0043107662, -0.004611137, -0.00524199, -0.0058487915, -0.0061365776, -0.006682771, -0.007196231, -0.0076833228, -0.007918461, -0.008373806, -0.008811065, -0.009023437, -0.009436765, -0.0098358225, -0.010221978, -0.010410486, -0.010778885, -0.011136364, -0.011311205, -0.011653347, -0.011985414, -0.012147663, -0.012464305, -0.012770162, -0.013064868, -0.013208079, -0.013486231, -0.013753651, -0.013883411, -0.01413546, -0.01437785, -0.014610938, -0.01472401, -0.014943389, -0.015153858, -0.015255816, -0.015453313, -0.015642054, -0.015733117, -0.015908374, -0.016074229, -0.016230807, -0.016305804, -0.016449366, -0.016584765, -0.016649563, -0.016773628, -0.01689043, -0.017000247, -0.017052533, -0.017151987, -0.017244505, -0.017288268, -0.017370677, -0.0174461, -0.017481245, -0.017546223, -0.017604383, -0.017656201, -0.017680071, -0.017724345, -0.017765008, -0.017784307, -0.017820816, -0.01785452, -0.017884912, -0.017898714, -0.017923068, -0.01794253, -0.01795024, -0.017961374, -0.017966917, -0.017967207, -0.017965484, -0.017958125, -0.017945679, -0.017937502, -0.017917376, -0.017892132, -0.017877828, -0.017845796, -0.017809806, -0.017770166, -0.017749164, -0.01770487, -0.017657412, -0.017632345, -0.017579196, -0.017521346, -0.017458046, -0.017424246, -0.017351821, -0.017272532, -0.017230159, -0.017139751, -0.017041495, -0.016989417, -0.016879354, -0.016761653, -0.01663649, -0.016571159, -0.016434852, -0.01629073, -0.01621562, -0.016059136, -0.01589393, -0.01572021, -0.015630241, -0.015444397, -0.015251138, -0.0151516665, -0.014947042, -0.0147341145, -0.014624261, -0.0143973585, -0.014160182, -0.013911995, -0.0137836635, -0.013518356, -0.013241537, -0.013098953, -0.0128056565, -0.01250185, -0.012187838, -0.012027069, -0.01169817, -0.011359063, -0.011185473, -0.0108299935, -0.010462738, -0.010274568, -0.009888677, -0.009489532, -0.009076049, -0.008863514, -0.008425886, -0.007969582, -0.007733653, -0.0072441264, -0.0067268293, -0.006175346, -0.005884358, -0.0052704727, -0.0046319, -0.0043277903, -0.0038817755, -0.0038869604
0, -0.0038903938, -0.003881413, -0.0043214, -0.0046222187, -0.0052539324, -0.005861301, -0.006149245, -0.006695548, -0.0072086933, -0.0076952158, -0.007929957, -0.008384561, -0.008821223, -0.009033352, -0.009446428, -0.00984562, -0.010232199, -0.010420974, -0.0107901, -0.011148361, -0.011323542, -0.011666217, -0.011998758, -0.012161188, -0.012478144, -0.012784337, -0.013079476, -0.013222924, -0.013501509, -0.013768996, -0.0138986325, -0.014149801, -0.014390512, -0.014621067, -0.014732552, -0.014948322, -0.015154705, -0.015254536, -0.015447835, -0.01563253, -0.015721617, -0.015893081, -0.01605517, -0.016207987, -0.01628104, -0.016420742, -0.016552294, -0.016615245, -0.016735813, -0.016849542, -0.016956523, -0.017007496, -0.017104166, -0.017193884, -0.017236078, -0.017315226, -0.017387398, -0.01742088, -0.017482879, -0.017538516, -0.01758831, -0.017611302, -0.017654257, -0.017693652, -0.017712248, -0.0177472, -0.017778868, -0.017806878, -0.017819403, -0.017841246, -0.017858801, -0.01786591, -0.017876605, -0.017882967, -0.017885072, -0.017884523, -0.017880049, -0.017870834, -0.017864386, -0.017847681, -0.017826099, -0.01781359, -0.017785588, -0.017753892, -0.017719062, -0.017700693, -0.017661903, -0.017620139, -0.017597908, -0.017550167, -0.017497351, -0.017438684, -0.01740701, -0.017338548, -0.017262949, -0.017222285, -0.017135032, -0.017039651, -0.016988883, -0.016881175, -0.01676562, -0.01664251, -0.016578179, -0.01644402, -0.016302181, -0.016228348, -0.016074656, -0.015912538, -0.015741898, -0.015653433, -0.0154703455, -0.015279167, -0.01518042, -0.014976507, -0.014763289, -0.01465301, -0.014424854, -0.014186145, -0.013936327, -0.013807218, -0.013540546, -0.013262393, -0.013119192, -0.012824598, -0.012519509, -0.012204257, -0.012042893, -0.011712791, -0.011372595, -0.0111985635, -0.010842313, -0.010474519, -0.010286108, -0.009899786, -0.009500307, -0.009086542, -0.00887387, -0.008436042, -0.007979725, -0.007743856, -0.0072545195, -0.006737543, -0.0061863796, -0.005895565, -0.0052818456, -0.004643119, -0.0043387823, -0.0038924518, -0.0038979428
0, -0.003896608, -0.0038871358, -0.0043274863, -0.0046287305, -0.00526149, -0.005869977, -0.006158393, -0.0067052958, -0.0072185057, -0.0077044438, -0.007938729, -0.008392077, -0.008827478, -0.009039117, -0.009451411, -0.009850519, -0.010237512, -0.010426733, -0.010796643, -0.01115565, -0.011331069, -0.011673862, -0.012005885, -0.01216777, -0.01248351, -0.012788262, -0.013082113, -0.013224962, -0.0135023985, -0.013768743, -0.013897685, -0.0141470665, -0.014385121, -0.014612086, -0.014721486, -0.014932423, -0.015133479, -0.015230568, -0.015418273, -0.01559764, -0.015684223, -0.015851034, -0.01600896, -0.016157873, -0.016229099, -0.016365105, -0.0164933, -0.016554657, -0.016672032, -0.016782692, -0.01688671, -0.016936194, -0.017029777, -0.017116131, -0.017156534, -0.01723178, -0.017299835, -0.017331274, -0.017389592, -0.017442236, -0.017489977, -0.017512236, -0.017554184, -0.017593011, -0.017611247, -0.017645376, -0.017675865, -0.017702367, -0.017714038, -0.017734203, -0.017750267, -0.017757008, -0.017767526, -0.017774776, -0.017778553, -0.017779108, -0.017777232, -0.01777091, -0.017765975, -0.017752346, -0.01773411, -0.017723462, -0.017699476, -0.01767246, -0.017642967, -0.017627342, -0.017594334, -0.017558092, -0.017538438, -0.017495153, -0.01744604, -0.017390247, -0.017359793, -0.017293574, -0.017220046, -0.017180506, -0.017095737, -0.017003184, -0.016954003, -0.01684945, -0.016737208, -0.016617315, -0.016554585, -0.016423432, -0.016284844, -0.016212573, -0.016062206, -0.015903376, -0.015735922, -0.015648881, -0.015468228, -0.015278497, -0.015180129, -0.014976088, -0.014761892, -0.014650939, -0.014421324, -0.014181399, -0.013930968, -0.013801725, -0.013535121, -0.013257383, -0.013114388, -0.012820087, -0.0125151975, -0.012199843, -0.012038251, -0.0117075555, -0.0113666635, -0.011192288, -0.010835448, -0.010467161, -0.010278481, -0.009891653, -0.009491641, -0.00907732, -0.008864408, -0.008426143, -0.007969599, -0.007733779, -0.00724488, -0.006728799, -0.006178916, -0.0058889408, -0.005277068, -0.0046402533, -0.0043368186, -0.0038921698, -0.0038986749
0, -0.0039000537, -0.003889847, -0.0043301503, -0.0046316613, -0.005265432, -0.00587534, -0.0061645578, -0.00671307, -0.007227552, -0.0077142604, -0.007948755, -0.008402158, -0.008837338, -0.009048893, -0.009461282, -0.009860805, -0.010248568, -0.010438211, -0.010808944, -0.011168384, -0.011343743, -0.011685661, -0.012015829, -0.012176464, -0.012488961, -0.012789811, -0.013079581, -0.01322036, -0.013493766, -0.013756111, -0.013883042, -0.014128287, -0.014361891, -0.014583987, -0.0146907475, -0.014896304, -0.015091845, -0.015186174, -0.015368498, -0.015542808, -0.015627012, -0.015789378, -0.015943235, -0.016088426, -0.016157735, -0.016290084, -0.016414568, -0.01647403, -0.01658763, -0.016694503, -0.016794749, -0.016842324, -0.016932247, -0.0170148, -0.017053293, -0.0171245, -0.017188612, -0.017218182, -0.017272972, -0.017322851, -0.017368602, -0.01739026, -0.017431464, -0.017470103, -0.017488316, -0.017522467, -0.017553028, -0.017579539, -0.017591286, -0.0176116, -0.017628089, -0.01763501, -0.017646542, -0.017655235, -0.017660957, -0.017662643, -0.017662996, -0.017658895, -0.017655078, -0.017643776, -0.01762825, -0.017619032, -0.017598407, -0.017575253, -0.01755006, -0.01753663, -0.017507803, -0.017475141, -0.017457, -0.017416159, -0.017368587, -0.017313818, -0.017283775, -0.017218387, -0.017146192, -0.01710757, -0.017025316, -0.016936125, -0.01688888, -0.01678867, -0.0166808, -0.016565103, -0.016504323, -0.016376782, -0.01624139, -0.016170667, -0.016023127, -0.015867023, -0.015702099, -0.015616211, -0.0154373925, -0.0152489785, -0.015150993, -0.014947278, -0.014733179, -0.014622294, -0.014392976, -0.014153902, -0.013905012, -0.013776692, -0.013512053, -0.013236367, -0.013094318, -0.01280164, -0.012497502, -0.0121822525, -0.012020454, -0.011688877, -0.011346889, -0.011171918, -0.010813793, -0.010444217, -0.0102549335, -0.009866901, -0.009465605, -0.009050145, -0.008836769, -0.008397739, -0.00794088, -0.0077051315, -0.0072167735, -0.0067021432, -0.006154591, -0.0058660735, -0.0052575096, -0.0046246173, -0.0043231146, -0.0038818053, -0.0038899644
0, -0.0039048572, -0.0038936082, -0.004333488, -0.0046350686, -0.0052696033, -0.0058809035, -0.0061709816, -0.0067216833, -0.0072386, -0.0077277822, -0.007963439, -0.008418972, -0.008855898, -0.009068262, -0.009482071, -0.009882785, -0.01027135, -0.0104612205, -0.0108321775, -0.011191115, -0.011365856, -0.011705864, -0.012032903, -0.012191547, -0.012499195, -0.01279432, -0.013077574, -0.013214987, -0.013481499, -0.0137368655, -0.013860305, -0.014098646, -0.014325726, -0.014541505, -0.014645349, -0.014845203, -0.015035556, -0.01512743, -0.015305221, -0.015475311, -0.015557466, -0.015715912, -0.015866073, -0.016007505, -0.016074892, -0.016203221, -0.016323367, -0.016380576, -0.016489644, -0.01659197, -0.016687836, -0.016733417, -0.016819509, -0.016898626, -0.016935498, -0.01700391, -0.0170654, -0.0170938, -0.017146528, -0.017194636, -0.017239315, -0.01726053, -0.017301358, -0.017339928, -0.017358422, -0.017393079, -0.017424587, -0.017452382, -0.01746483, -0.0174868, -0.017505212, -0.017513163, -0.017526794, -0.017537564, -0.017545417, -0.017548006, -0.017550118, -0.017547615, -0.017544487, -0.017534686, -0.017520616, -0.017512217, -0.017493395, -0.017472241, -0.017448982, -0.017436493, -0.01740907, -0.017377265, -0.017359242, -0.017318465, -0.0172706, -0.017215732, -0.017185725, -0.017121054, -0.017050354, -0.017012985, -0.01693383, -0.016848708, -0.016803667, -0.016708206, -0.016604938, -0.016493313, -0.01643426, -0.016309809, -0.016176894, -0.016107246, -0.015961476, -0.015807059, -0.015643783, -0.0155586805, -0.0153814815, -0.015194626, -0.01509748, -0.014895612, -0.014683688, -0.014574014, -0.014347466, -0.014111503, -0.0138659105, -0.0137393, -0.013477826, -0.0132051, -0.013064217, -0.01277337, -0.012470198, -0.012154906, -0.011992852, -0.011660374, -0.011316961, -0.011141233, -0.0107815135, -0.01041039, -0.010220336, -0.0098309275, -0.009428396, -0.0090118935, -0.0087980945, -0.008358624, -0.007901953, -0.007666483, -0.007179425, -0.006666849, -0.006122294, -0.0058355443, -0.0052311583, -0.0046028583, -0.0043037147, -0.0038664236, -0.0038763203
0, -0.0039154794, -0.0039030768, -0.0043427404, -0.0046445425, -0.00527988, -0.005892515, -0.0061835074, -0.0067364504, -0.0072564916, -0.0077492744, -0.007986775, -0.0084460145, -0.008886265, -0.009099987, -0.009515779, -0.009917483, -0.010306124, -0.010495689, -0.010865301, -0.0112220235, -0.011395438, -0.011732176, -0.012055144, -0.012211417, -0.012513642, -0.012802484, -0.013078664, -0.013212246, -0.0134707065, -0.013717678, -0.013836898, -0.014066952, -0.014286168, -0.014494765, -0.014595308, -0.0147891715, -0.014974278, -0.015063809, -0.015237083, -0.015403093, -0.015483301, -0.01563777, -0.01578405, -0.015921637, -0.015987022, -0.01611129, -0.016227178, -0.016282218, -0.016386935, -0.016485102, -0.016577289, -0.01662112, -0.016704353, -0.016781423, -0.016817495, -0.016885007, -0.016946144, -0.016974479, -0.01702728, -0.017075643, -0.017120508, -0.017141948, -0.017183004, -0.01722178, -0.017240394, -0.017275808, -0.01730831, -0.01733751, -0.01735082, -0.01737481, -0.017395496, -0.017404526, -0.017420353, -0.01743305, -0.017442383, -0.017445615, -0.017448762, -0.017446913, -0.017444031, -0.017434683, -0.017420864, -0.017412601, -0.017393876, -0.01737258, -0.017348824, -0.017335845, -0.017307073, -0.017273702, -0.017254874, -0.01721256, -0.017163662, -0.017108498, -0.017078768, -0.017015256, -0.016946752, -0.01691079, -0.016834995, -0.016753536, -0.01671043, -0.016618598, -0.016518595, -0.016409626, -0.016351713, -0.016229127, -0.01609762, -0.016028523, -0.015883861, -0.015730528, -0.015568548, -0.0154842045, -0.015308945, -0.015124454, -0.015028705, -0.014830013, -0.014621736, -0.014514032, -0.01429147, -0.0140594365, -0.013817534, -0.013692592, -0.013434175, -0.013163979, -0.01302426, -0.012735148, -0.012433209, -0.012118604, -0.01195672, -0.011624296, -0.011280727, -0.011104815, -0.010744687, -0.010373148, -0.010182851, -0.009792992, -0.00939012, -0.00897359, -0.008759899, -0.008320929, -0.007865328, -0.007630557, -0.007145396, -0.006635271, -0.006093594, -0.005808544, -0.0052078334, -0.0045834067, -0.004286212, -0.0038522845, -0.003863513
0, -0.0039340383, -0.0039207954, -0.0043612877, -0.0046638786, -0.0053011123, -0.0059158774, -0.0062081576, -0.0067640087, -0.0072874255, -0.0077841976, -0.008023747, -0.008487001, -0.008930525, -0.009145433, -0.009562545, -0.009963944, -0.010350758, -0.010538845, -0.010904756, -0.011257033, -0.011428063, -0.011759869, -0.012077844, -0.012231563, -0.01252847, -0.0128116915, -0.013081744, -0.013212021, -0.013463447, -0.0137029225, -0.013818285, -0.014040692, -0.014252317, -0.014453881, -0.014551111, -0.014738802, -0.014918221, -0.015004999, -0.01517309, -0.015334137, -0.015411916, -0.015561792, -0.015703643, -0.015837178, -0.01590075, -0.016021665, -0.01613466, -0.01618835, -0.016290577, -0.016386645, -0.016477108, -0.016520288, -0.01660254, -0.016679477, -0.016715854, -0.016784346, -0.016847152, -0.01687651, -0.016931579, -0.01698204, -0.017028771, -0.017050881, -0.017093072, -0.017132584, -0.017151454, -0.017187286, -0.017220387, -0.017250504, -0.0172644, -0.017289793, -0.017311895, -0.017321644, -0.017338596, -0.017352033, -0.017361682, -0.017364874, -0.017367763, -0.017365487, -0.017362455, -0.017352557, -0.017338142, -0.017329484, -0.017309617, -0.017286675, -0.017260635, -0.017246412, -0.01721497, -0.017178819, -0.017158817, -0.01711456, -0.017064603, -0.017009372, -0.016979894, -0.016917536, -0.016850831, -0.016815709, -0.016741654, -0.016661592, -0.016619058, -0.01652813, -0.016428756, -0.016320372, -0.016262708, -0.016140819, -0.016010085, -0.01594148, -0.01579808, -0.01564633, -0.015486265, -0.015403037, -0.015230273, -0.015048797, -0.014954682, -0.01475969, -0.014555187, -0.01444937, -0.014230475, -0.014001593, -0.01376231, -0.013638506, -0.013382168, -0.0131138675, -0.012975072, -0.012687993, -0.012388332, -0.012076229, -0.0119156325, -0.011585815, -0.0112446565, -0.011069907, -0.010711763, -0.010341836, -0.010152257, -0.009763488, -0.009361628, -0.00894616, -0.00873307, -0.008295418, -0.007841357, -0.00760745, -0.0071240785, -0.0066158623, -0.006076162, -0.0057921517, -0.005193559, -0.004571386, -0.004275277, -0.0038431797, -0.0038551176
0, -0.00395921, -0.0039457106, -0.004388981, -0.004693597, -0.005335349, -0.0059547755, -0.006249321, -0.0068095527, -0.007337162, -0.007837707, -0.008078997, -0.008545146, -0.008990466, -0.009205696, -0.009622198, -0.010021217, -0.010403843, -0.010589276, -0.010948917, -0.011294231, -0.01146172, -0.01178662, -0.012098115, -0.012248806, -0.012540202, -0.012818295, -0.01308337, -0.013211154, -0.013457391, -0.013691443, -0.013804071, -0.014020911, -0.014226858, -0.014422731, -0.0145171005, -0.014699226, -0.014872915, -0.014956894, -0.015119362, -0.015274679, -0.015349763, -0.015494377, -0.015631754, -0.015761679, -0.015823951, -0.01594308, -0.01605541, -0.016109128, -0.016211923, -0.016308932, -0.016400538, -0.016444417, -0.016528152, -0.016606752, -0.016644195, -0.016715208, -0.016781222, -0.016812284, -0.016871002, -0.016925102, -0.016974898, -0.016998274, -0.017042434, -0.017083261, -0.017102633, -0.017139047, -0.017172595, -0.017203245, -0.017217316, -0.017243182, -0.017265605, -0.017275484, -0.017292216, -0.017305026, -0.017313464, -0.01731601, -0.017317388, -0.01731371, -0.017310051, -0.017298998, -0.017283412, -0.01727413, -0.017252536, -0.017227396, -0.017198708, -0.017182969, -0.017148638, -0.017109798, -0.017088603, -0.01704238, -0.016991166, -0.016935192, -0.016905451, -0.016842606, -0.01677497, -0.016739218, -0.016663304, -0.016580818, -0.016536828, -0.016443213, -0.016341444, -0.016231487, -0.016173411, -0.01605129, -0.015921399, -0.015853558, -0.01571203, -0.015562701, -0.01540539, -0.015323595, -0.01515383, -0.014975599, -0.014883079, -0.01469116, -0.014489736, -0.014385268, -0.014168766, -0.013941904, -0.013704209, -0.013581135, -0.013326491, -0.013060163, -0.012922635, -0.012638716, -0.012343141, -0.012035936, -0.011877951, -0.011553558, -0.011217596, -0.011045242, -0.0106914565, -0.010324921, -0.010136754, -0.009750395, -0.009350435, -0.008936471, -0.008724097, -0.008287649, -0.007834519, -0.0076010334, -0.0071182754, -0.006610512, -0.0060711815, -0.005787229, -0.0051888297, -0.004566883, -0.004271013, -0.0038395065, -0.0038518368
0, -0.0039883144, -0.0039753146, -0.004424029, -0.0047325385, -0.0053828303, -0.0060107554, -0.006309139, -0.006875996, -0.00740853, -0.007912249, -0.00815456, -0.008621431, -0.009065985, -0.0092803035, -0.009693848, -0.01008816, -0.010464478, -0.010646245, -0.010997647, -0.0113339685, -0.01149685, -0.011812689, -0.01211577, -0.01226264, -0.012547257, -0.012819557, -0.01307963, -0.013205138, -0.013447245, -0.013677451, -0.013788264, -0.014001484, -0.014204036, -0.014396464, -0.014489157, -0.014667568, -0.014837294, -0.01491918, -0.015077218, -0.015228022, -0.015300839, -0.015441299, -0.015575229, -0.015703052, -0.015764818, -0.015884234, -0.015998391, -0.016053498, -0.016159805, -0.016260725, -0.01635617, -0.016401898, -0.016489204, -0.016571265, -0.0166104, -0.01668514, -0.016755115, -0.01678838, -0.016851481, -0.01690987, -0.016963579, -0.016988715, -0.017035723, -0.017078731, -0.017098896, -0.017136691, -0.017171243, -0.01720252, -0.017216882, -0.017242981, -0.017265225, -0.017274847, -0.017290689, -0.017302016, -0.01730855, -0.017309988, -0.017309261, -0.017303728, -0.017299145, -0.017286588, -0.017269501, -0.017259289, -0.017235862, -0.017208455, -0.01717711, -0.01715997, -0.017122688, -0.017081177, -0.017058657, -0.017009921, -0.016956223, -0.016897425, -0.016866136, -0.016799413, -0.016727062, -0.016688524, -0.016606594, -0.01651771, -0.016470607, -0.016371077, -0.016264614, -0.016151488, -0.016092429, -0.015969394, -0.015839871, -0.015772631, -0.015632955, -0.015486037, -0.015331319, -0.015250888, -0.015083844, -0.014908081, -0.014816825, -0.014627272, -0.014427981, -0.014324512, -0.014109847, -0.01388477, -0.0136489365, -0.013526888, -0.013274828, -0.013011876, -0.012876381, -0.012597408, -0.012307775, -0.01200725, -0.011852837, -0.0115354275, -0.011206142, -0.011036889, -0.01068847, -0.010326384, -0.01014005, -0.009756787, -0.0093591185, -0.008946721, -0.008734821, -0.008298845, -0.007845437, -0.0076115793, -0.0071277088, -0.0066183377, -0.0060772253, -0.0057923477, -0.0051921313, -0.0045688194, -0.0042725075, -0.0038407936, -0.0038536177
0, -0.004021139, -0.004009605, -0.004466935, -0.004781436, -0.0054448554, -0.0060850005, -0.0063886046, -0.0069634877, -0.007500507, -0.008005513, -0.008247348, -0.008711779, -0.009152163, -0.009363976, -0.00977172, -0.010159419, -0.010527955, -0.010705448, -0.01104754, -0.011373679, -0.011531334, -0.011836644, -0.012129753, -0.012271999, -0.012548112, -0.012813087, -0.013067039, -0.013189909, -0.013427404, -0.0136539005, -0.013763211, -0.013973965, -0.014174821, -0.014366268, -0.014458472, -0.014636272, -0.014805454, -0.014886916, -0.0150439795, -0.01519368, -0.015265849, -0.015405264, -0.015538602, -0.015666822, -0.01572921, -0.015851025, -0.015968993, -0.016026432, -0.016138058, -0.01624477, -0.016345939, -0.016394436, -0.01648705, -0.016574116, -0.016615655, -0.016695218, -0.016770188, -0.016805977, -0.016874125, -0.016937505, -0.016995788, -0.017023087, -0.017073855, -0.01712016, -0.017141683, -0.017181946, -0.01721851, -0.01725142, -0.017266436, -0.017293466, -0.017316053, -0.017325558, -0.017340759, -0.017350744, -0.017355518, -0.017356006, -0.017353192, -0.0173457, -0.017340178, -0.017325718, -0.017306596, -0.017295344, -0.017269531, -0.01723932, -0.017204883, -0.01718608, -0.01714532, -0.01710005, -0.01707556, -0.017022684, -0.01696419, -0.016899887, -0.016865393, -0.016791563, -0.01671104, -0.01666821, -0.016577372, -0.016479786, -0.01642855, -0.01632167, -0.016209226, -0.016091641, -0.016030913, -0.015905572, -0.015774837, -0.015707318, -0.015567697, -0.015421047, -0.015267054, -0.015187074, -0.015021101, -0.014846682, -0.014756149, -0.0145681035, -0.014370478, -0.014267992, -0.014055547, -0.0138329845, -0.013600397, -0.013480311, -0.013232604, -0.012975057, -0.012842556, -0.012570159, -0.012287636, -0.011994436, -0.011843644, -0.011533348, -0.011210704, -0.011044485, -0.010701769, -0.010344819, -0.010160857, -0.009781607, -0.009387197, -0.008976973, -0.0087656835, -0.008330022, -0.007875651, -0.007640869, -0.0071542547, -0.0066414597, -0.0060964585, -0.005809646, -0.0052057346, -0.004579273, -0.004281803, -0.0038489318, -0.0038621977
0, -0.004062752, -0.004053523, -0.0045226216, -0.0048451615, -0.005525039, -0.0061789574, -0.0064876955, -0.007068824, -0.0076068994, -0.008108728, -0.008347772, -0.008804937, -0.0092369495, -0.009444404, -0.009843332, -0.010222243, -0.010581891, -0.010754706, -0.011087202, -0.01140329, -0.011555779, -0.01185072, -0.01213375, -0.012271161, -0.012538213, -0.012795238, -0.01304224, -0.01316208, -0.013394354, -0.013616899, -0.013724652, -0.013933305, -0.014133568, -0.01432565, -0.01441872, -0.014599047, -0.014771349, -0.014854523, -0.01501527, -0.015168407, -0.01524231, -0.015385074, -0.01552187, -0.015653742, -0.015718166, -0.01584447, -0.015967658, -0.016027952, -0.016145773, -0.016259016, -0.01636692, -0.01641874, -0.016518133, -0.016611874, -0.016656782, -0.01674279, -0.016824163, -0.016863162, -0.016937433, -0.017006602, -0.017070325, -0.017100163, -0.017155768, -0.017206328, -0.017229835, -0.01727379, -0.01731363, -0.017349364, -0.017365605, -0.017394483, -0.017418288, -0.017428191, -0.017443616, -0.017453233, -0.017457075, -0.017456964, -0.017452748, -0.017443275, -0.017436737, -0.017419888, -0.017398018, -0.017385159, -0.01735578, -0.017321479, -0.017282588, -0.01726137, -0.017215457, -0.017164482, -0.01713707, -0.017077904, -0.017012449, -0.016940206, -0.016901407, -0.01681845, -0.016728252, -0.016680572, -0.0165802, -0.016473722, -0.016418442, -0.01630414, -0.01618529, -0.016062122, -0.015998919, -0.015868936, -0.015733978, -0.01566448, -0.015521158, -0.015371447, -0.015214831, -0.015133841, -0.01496645, -0.014791359, -0.014700793, -0.014513414, -0.01431705, -0.01421547, -0.014005465, -0.013786282, -0.013558047, -0.013440494, -0.0131986085, -0.012947672, -0.01281877, -0.012553688, -0.012278451, -0.011992306, -0.011844924, -0.011541163, -0.011224865, -0.011061836, -0.010725545, -0.01037522, -0.010194522, -0.0098216655, -0.0094329035, -0.009027122, -0.008817475, -0.008383598, -0.007929081, -0.0076934597, -0.007203952, -0.0066867787, -0.006136177, -0.005846337, -0.0052362317, -0.004604033, -0.0043041143, -0.0038681692, -0.0038817294
0, -0.0041236146, -0.0041167643, -0.0045998194, -0.0049312213, -0.005627276, -0.0062915087, -0.0066026305, -0.007183179, -0.0077148825, -0.008206281, -0.008439213, -0.008883302, -0.009302283, -0.009503392, -0.009890398, -0.010258277, -0.010607797, -0.010775849, -0.01109897, -0.011406044, -0.011554105, -0.011840422, -0.01211544, -0.012249045, -0.012508976, -0.012759681, -0.013001171, -0.013118539, -0.013346619, -0.013565997, -0.013672645, -0.013880112, -0.014080629, -0.01427486, -0.014369734, -0.014554681, -0.014732889, -0.014819453, -0.014987326, -0.015148057, -0.015225795, -0.015376138, -0.015520339, -0.015659414, -0.015727388, -0.015860528, -0.015990408, -0.016054014, -0.016178621, -0.016298914, -0.016414309, -0.016470002, -0.016577417, -0.01667955, -0.016728705, -0.016823143, -0.016912652, -0.016955517, -0.017037293, -0.017113369, -0.017183652, -0.017216515, -0.017277868, -0.017333813, -0.017359836, -0.017408527, -0.017452583, -0.017491972, -0.017509747, -0.017541345, -0.017567186, -0.017577805, -0.01759427, -0.017604314, -0.017608082, -0.017607676, -0.017602423, -0.017591335, -0.017583622, -0.01756378, -0.017538046, -0.01752297, -0.01748847, -0.01744845, -0.01740318, -0.017378604, -0.017325608, -0.017267236, -0.017235972, -0.017168736, -0.01709478, -0.017013473, -0.016969973, -0.016877485, -0.01677778, -0.016725523, -0.01661642, -0.016502043, -0.016443027, -0.016321741, -0.016196128, -0.016066115, -0.015999319, -0.015862102, -0.015719565, -0.015646223, -0.01549533, -0.015338691, -0.015176079, -0.01509257, -0.014921032, -0.014743222, -0.014651858, -0.014463461, -0.014267308, -0.014166129, -0.013957634, -0.013741112, -0.0135166915, -0.013401554, -0.013165145, -0.012920575, -0.012794997, -0.01253686, -0.0122685395, -0.011989267, -0.011845256, -0.011548215, -0.011239114, -0.011079927, -0.010751982, -0.010410758, -0.010234859, -0.009871695, -0.009492236, -0.009094546, -0.008888257, -0.008459586, -0.008007657, -0.0077723195, -0.0072813323, -0.0067600533, -0.006203042, -0.0059091984, -0.0052900864, -0.004648546, -0.004344264, -0.003902258, -0.003915224
0, -0.004218595, -0.004212011, -0.0047069797, -0.005045081, -0.00574975, -0.006413149, -0.0067204135, -0.0072882455, -0.0078029423, -0.008275596, -0.008499122, -0.008925063, -0.00932736, -0.00952076, -0.009893631, -0.01024908, -0.010587788, -0.01075097, -0.011065513, -0.011365234, -0.011510046, -0.011790892, -0.012061374, -0.012193167, -0.012450066, -0.012698392, -0.012938081, -0.013054799, -0.013281949, -0.013501101, -0.013607883, -0.013816548, -0.014019348, -0.014217297, -0.014314482, -0.014505285, -0.014690839, -0.014781546, -0.014958316, -0.015128841, -0.01521166, -0.015372511, -0.015527229, -0.01567649, -0.015749384, -0.015891925, -0.016030597, -0.016098473, -0.016231215, -0.016359702, -0.016483607, -0.016543718, -0.016660329, -0.016772017, -0.016826041, -0.016930204, -0.017029103, -0.017076418, -0.017166702, -0.017250666, -0.017328167, -0.017364474, -0.01743241, -0.017494576, -0.017523615, -0.01757773, -0.017626695, -0.017670237, -0.017689768, -0.017724343, -0.017752388, -0.017763823, -0.017781425, -0.017792128, -0.017795963, -0.017795479, -0.017789328, -0.01777654, -0.017767577, -0.017744308, -0.017714098, -0.017696258, -0.01765556, -0.017608512, -0.01755559, -0.017527016, -0.017465783, -0.017398953, -0.017363267, -0.017287228, -0.017204167, -0.01711371, -0.01706561, -0.016963918, -0.016855324, -0.01679872, -0.016681524, -0.01655943, -0.016496684, -0.016367903, -0.016234562, -0.016096283, -0.016025092, -0.01587848, -0.015726106, -0.01564781, -0.015487045, -0.015321154, -0.015150444, -0.015063274, -0.01488557, -0.014702961, -0.014609591, -0.014418153, -0.014219859, -0.014117942, -0.013908768, -0.01369267, -0.013469789, -0.013355921, -0.013122957, -0.012882937, -0.012759975, -0.012507607, -0.012245723, -0.011973373, -0.011832974, -0.011543846, -0.0112435, -0.011089147, -0.010771637, -0.010441968, -0.010272201, -0.009921659, -0.009554771, -0.009168962, -0.008968021, -0.008548561, -0.00810342, -0.007870414, -0.007381642, -0.0068589537, -0.0062967697, -0.0059988587, -0.00536888, -0.0047141933, -0.004403482, -0.0039518294, -0.0039632637
0, -0.004369766, -0.0043541077, -0.004846607, -0.005182537, -0.0058756364, -0.006517955, -0.006812342, -0.0073526995, -0.007840353, -0.0082885595, -0.008501033, -0.008907324, -0.009292867, -0.009478695, -0.009838083, -0.010181756, -0.010510668, -0.01066964, -0.0109772775, -0.011272189, -0.011415368, -0.011694192, -0.011964235, -0.012096207, -0.012354453, -0.012604896, -0.012847433, -0.012965736, -0.013196427, -0.013419657, -0.013528689, -0.013742115, -0.013950318, -0.014154297, -0.014254793, -0.014452691, -0.014646193, -0.014741214, -0.014927413, -0.015108236, -0.015196574, -0.015368957, -0.015535858, -0.015697464, -0.015776414, -0.015930824, -0.016080735, -0.016153982, -0.016297137, -0.016435595, -0.01656943, -0.016634556, -0.016761275, -0.016883034, -0.016942123, -0.01705623, -0.017164549, -0.0172164, -0.01731521, -0.01740725, -0.01749223, -0.017532218, -0.017607195, -0.017676067, -0.017708225, -0.01776826, -0.017822435, -0.017870322, -0.017891712, -0.017929057, -0.017958872, -0.017970981, -0.017989386, -0.018000342, -0.018004032, -0.018003166, -0.017995907, -0.017981242, -0.01797093, -0.017944219, -0.017909251, -0.017888749, -0.017841864, -0.017787611, -0.0177269, -0.017694267, -0.017624708, -0.01754934, -0.017509306, -0.017424403, -0.017332453, -0.017232979, -0.01718036, -0.017069595, -0.01695207, -0.016890995, -0.016764876, -0.016633973, -0.016566804, -0.016429, -0.016286334, -0.016138338, -0.016062243, -0.015905457, -0.015742823, -0.015659349, -0.015488603, -0.015313174, -0.015133696, -0.015042535, -0.0148573695, -0.014668159, -0.014571787, -0.014374817, -0.014171627, -0.014067625, -0.013854916, -0.013636376, -0.013412299, -0.013298254, -0.013066126, -0.012828227, -0.012706884, -0.012458737, -0.012202381, -0.011936774, -0.01180019, -0.011519511, -0.011228745, -0.011079524, -0.010773099, -0.010455444, -0.0102920635, -0.009954934, -0.009601879, -0.009230001, -0.009035923, -0.008629526, -0.0081963, -0.00796853, -0.007488338, -0.006970531, -0.00640833, -0.0061082244, -0.0054690945, -0.0048000747, -0.0044815186, -0.0040174625, -0.00402722
0, -0.0046158107, -0.0045590363, -0.0050048, -0.005317155, -0.005962507, -0.0065584527, -0.0068314476, -0.007334048, -0.007791619, -0.008216655, -0.008419787, -0.008810898, -0.009184486, -0.009365309, -0.009715737, -0.010051933, -0.010374756, -0.010531396, -0.010835735, -0.011129363, -0.011272655, -0.011552987, -0.0118260775, -0.0119600855, -0.012222932, -0.012478898, -0.012727614, -0.012849219, -0.013087199, -0.013318348, -0.013431592, -0.013653793, -0.013871125, -0.014084122, -0.014189055, -0.014395916, -0.014598361, -0.014697946, -0.014893767, -0.015084856, -0.015178586, -0.015362552, -0.015541925, -0.015716758, -0.015802477, -0.015970357, -0.016133383, -0.016213007, -0.016368525, -0.016518785, -0.016663907, -0.0167345, -0.016871704, -0.017003572, -0.017067362, -0.017190618, -0.017307568, -0.017363494, -0.017470103, -0.017569393, -0.017661458, -0.017704913, -0.017786747, -0.017862033, -0.01789735, -0.017963206, -0.018022416, -0.018074373, -0.018097421, -0.018137304, -0.0181686, -0.01818103, -0.018199824, -0.018210543, -0.01821345, -0.018211978, -0.018203145, -0.018186223, -0.018174522, -0.018144378, -0.018105097, -0.018082133, -0.018029585, -0.01796921, -0.017901609, -0.017865384, -0.017788371, -0.017705167, -0.017661108, -0.017568016, -0.017467566, -0.017359385, -0.017302308, -0.017182365, -0.017055254, -0.016989285, -0.016853057, -0.016711649, -0.016639154, -0.01649052, -0.016337141, -0.016178552, -0.016097272, -0.015930524, -0.015758365, -0.015670277, -0.015490609, -0.015306582, -0.015118598, -0.015023329, -0.014830042, -0.0146329235, -0.0145326285, -0.014328308, -0.014118312, -0.014011255, -0.013793132, -0.01357013, -0.013342848, -0.013227602, -0.012994007, -0.012755959, -0.012635103, -0.0123890545, -0.012136268, -0.011875756, -0.011742236, -0.011468621, -0.01118577, -0.011040835, -0.010743498, -0.010435524, -0.0102772815, -0.009951262, -0.009610549, -0.009252401, -0.00906574, -0.008675198, -0.008258883, -0.00803976, -0.007576394, -0.0070734685, -0.0065219244, -0.0062247934, -0.0055852775, -0.004907291, -0.0045821583, -0.0041069393, -0.0041168393
0, -0.0050264443, -0.0048281043, -0.0051259017, -0.005379984, -0.0059368527, -0.006472219, -0.006722813, -0.0071925763, -0.007629499, -0.008042352, -0.008241625, -0.008627916, -0.008999036, -0.009179139, -0.009528722, -0.00986476, -0.010188063, -0.010345306, -0.010651855, -0.010948882, -0.011094315, -0.011379847, -0.011658876, -0.011796071, -0.012065658, -0.012328777, -0.0125852795, -0.012711075, -0.012958076, -0.013199303, -0.013317878, -0.013551474, -0.01378052, -0.014005087, -0.014115675, -0.014333382, -0.0145464055, -0.014651037, -0.014856902, -0.015058436, -0.015157622, -0.015352954, -0.015544355, -0.015731884, -0.015824175, -0.01600537, -0.016181823, -0.016268045, -0.01643643, -0.01659907, -0.016755862, -0.01683191, -0.016979473, -0.017120719, -0.017188909, -0.017320314, -0.017444666, -0.017504053, -0.01761719, -0.017722761, -0.017820856, -0.017867183, -0.017954784, -0.018035559, -0.01807349, -0.018144136, -0.018207567, -0.01826296, -0.018287452, -0.018329488, -0.018362088, -0.018374914, -0.018393775, -0.018403929, -0.01840568, -0.01840338, -0.018392362, -0.018372599, -0.0183593, -0.01832556, -0.018282244, -0.018257016, -0.018199913, -0.018134518, -0.018061534, -0.018022437, -0.01793933, -0.017849548, -0.017802063, -0.017701574, -0.017593492, -0.017477287, -0.017416012, -0.017287383, -0.017150963, -0.017080164, -0.01693351, -0.016781155, -0.016703025, -0.016543064, -0.016378397, -0.016209261, -0.016122904, -0.01594678, -0.01576598, -0.015673822, -0.0154861715, -0.015294148, -0.015098064, -0.014998588, -0.014796736, -0.014590998, -0.014486461, -0.014274093, -0.014056925, -0.013946589, -0.01372271, -0.013494873, -0.013263489, -0.013146484, -0.012909792, -0.012669472, -0.012547757, -0.012300771, -0.012048373, -0.011789257, -0.01165701, -0.011386544, -0.011107638, -0.010964875, -0.010672165, -0.010369378, -0.010213953, -0.009894582, -0.009562586, -0.009215719, -0.0090359105, -0.008661704, -0.008265124, -0.008057148, -0.0076178666, -0.0071406206, -0.0066140816, -0.006328214, -0.0057065194, -0.005037439, -0.0047135456, -0.0042400095, -0.0042589703
0, -0.0057084206, -0.0050721597, -0.0050741644, -0.00524722, -0.0057154982, -0.00621301, -0.0064545013, -0.0069169397, -0.007355154, -0.007773782, -0.007976773, -0.008371276, -0.008750776, -0.008934984, -0.009292575, -0.009636424, -0.009967612, -0.010128925, -0.010443722, -0.010749403, -0.010899274, -0.0111936685, -0.011481315, -0.011622688, -0.011900429, -0.012171558, -0.012436331, -0.01256647, -0.012822673, -0.013074119, -0.013198223, -0.013443466, -0.013684598, -0.013921403, -0.014038116, -0.014267631, -0.014492002, -0.014602231, -0.014818968, -0.015031165, -0.01513564, -0.015341671, -0.015543991, -0.015742527, -0.015840331, -0.016032819, -0.01622063, -0.01631255, -0.016492145, -0.016665738, -0.016832879, -0.016913896, -0.017070726, -0.017220367, -0.017292473, -0.017430965, -0.01756169, -0.017624026, -0.01774261, -0.01785313, -0.017955912, -0.018004509, -0.018096216, -0.018180773, -0.018220382, -0.018294167, -0.018360248, -0.018417912, -0.01844332, -0.018487072, -0.018520953, -0.018534172, -0.018553315, -0.018563077, -0.018563438, -0.018560167, -0.01854662, -0.018523414, -0.018508287, -0.018470628, -0.018423282, -0.01839607, -0.018335028, -0.018265564, -0.018188529, -0.018147249, -0.018059403, -0.01796441, -0.017914195, -0.017807918, -0.0176935, -0.01757074, -0.017506082, -0.017370438, -0.017226558, -0.017151745, -0.016996691, -0.016835175, -0.016752247, -0.016582426, -0.016407784, -0.01622895, -0.016138017, -0.015953165, -0.015764067, -0.015667973, -0.015472577, -0.015272699, -0.01506851, -0.014964831, -0.014754567, -0.014540425, -0.014431979, -0.014212329, -0.013988919, -0.013875876, -0.01364711, -0.013414902, -0.0131792165, -0.013059981, -0.012818806, -0.012573644, -0.012449573, -0.012198026, -0.0119414795, -0.011679224, -0.011545734, -0.0112735005, -0.01099342, -0.010850221, -0.010556934, -0.010254049, -0.010098927, -0.009781154, -0.009452844, -0.009112817, -0.008937798, -0.008576445, -0.008197329, -0.00799991, -0.007585622, -0.007138711, -0.0066477377, -0.006381478, -0.0058016814, -0.005175613, -0.004873252, -0.0044434974, -0.004502668
0, -0.006737008, -0.0049098064, -0.00466164, -0.0048097023, -0.0052813417, -0.0058032637, -0.0060586273, -0.006548697, -0.007012343, -0.0074535497, -0.0076667904, -0.0080796415, -0.008475291, -0.008666961, -0.009038796, -0.009396171, -0.009740651, -0.0099085, -0.01023625, -0.010554583, -0.010710563, -0.011016584, -0.011315032, -0.011461448, -0.011748747, -0.012028823, -0.012302181, -0.012436622, -0.012701799, -0.012962471, -0.013091394, -0.013346469, -0.01359783, -0.013845064, -0.013967058, -0.014207271, -0.014442323, -0.014557842, -0.014785077, -0.0150073, -0.015116713, -0.0153321065, -0.015543137, -0.015749965, -0.015851786, -0.016051883, -0.01624726, -0.016342996, -0.016530175, -0.016711365, -0.016885854, -0.016970495, -0.017134245, -0.017290425, -0.0173656, -0.017509872, -0.017645784, -0.01771046, -0.017833386, -0.01794758, -0.018053561, -0.0181035, -0.018197553, -0.018284025, -0.01832441, -0.018399393, -0.018466491, -0.018525004, -0.018550899, -0.018595597, -0.018630492, -0.018644195, -0.018663872, -0.018673563, -0.018672876, -0.018668652, -0.018652465, -0.018625839, -0.018608749, -0.018567026, -0.018515728, -0.018486641, -0.01842219, -0.018349579, -0.018269533, -0.018226795, -0.018135758, -0.018037124, -0.017984888, -0.01787445, -0.017755656, -0.017628357, -0.017561466, -0.017421406, -0.017273052, -0.017195953, -0.017035954, -0.016868861, -0.016782885, -0.016606346, -0.01642452, -0.016238075, -0.016143322, -0.015950788, -0.015754217, -0.015654374, -0.015451453, -0.015244054, -0.01503228, -0.014924899, -0.014707297, -0.014486353, -0.014374814, -0.014149498, -0.013921477, -0.013806382, -0.013573716, -0.013337546, -0.013097082, -0.012975174, -0.012727664, -0.012475273, -0.012347308, -0.0120878145, -0.01182347, -0.011553875, -0.011417038, -0.011138616, -0.010852974, -0.0107071875, -0.010408896, -0.010101462, -0.009944279, -0.009623083, -0.009292769, -0.008952833, -0.008778853, -0.008421802, -0.008050501, -0.007858514, -0.007458961, -0.0070333895, -0.006573477, -0.006327829, -0.0058033597, -0.005259638, -0.0050124233, -0.0047252984, -0.0049234107
0, 0, -0.00371186, -0.0039383974, -0.004184316, -0.0047687227, -0.005360783, -0.0056438465, -0.006179886, -0.0066800714, -0.0071504344, -0.0073760017, -0.0078101726, -0.008223795, -0.0084237335, -0.008811065, -0.009183381, -0.009542361, -0.00971735, -0.01005917, -0.010390929, -0.010553396, -0.0108716935, -0.011181516, -0.011333341, -0.011631004, -0.011920737, -0.01220335, -0.012342268, -0.012615945, -0.012884633, -0.013017318, -0.013279543, -0.013537688, -0.013791767, -0.013917221, -0.014164771, -0.0144075565, -0.014527132, -0.014762507, -0.014992739, -0.015105883, -0.0153281335, -0.015545007, -0.015756557, -0.015860377, -0.016064104, -0.016262587, -0.016359787, -0.016549965, -0.01673416, -0.016911795, -0.016998045, -0.017165205, -0.017324818, -0.01740173, -0.017549232, -0.017688097, -0.017754165, -0.017879443, -0.017995689, -0.018103173, -0.018153725, -0.018248597, -0.018335355, -0.0183757, -0.018450476, -0.0185172, -0.018575469, -0.018601323, -0.01864612, -0.018681632, -0.018695585, -0.018715972, -0.018725647, -0.018724319, -0.018719452, -0.018701084, -0.018671768, -0.018653082, -0.018608134, -0.018553732, -0.01852326, -0.018456353, -0.018381763, -0.018299935, -0.018256336, -0.018163519, -0.018062914, -0.018009488, -0.017896531, -0.017775169, -0.017645417, -0.017577479, -0.01743569, -0.017285842, -0.017207999, -0.017046647, -0.016877819, -0.016790675, -0.016611457, -0.016426135, -0.016235389, -0.01613823, -0.015940465, -0.015738385, -0.01563579, -0.015427175, -0.015214224, -0.014997075, -0.014887077, -0.014664574, -0.014439269, -0.014325675, -0.01409674, -0.013865388, -0.013748675, -0.013512395, -0.01327188, -0.013025963, -0.012900825, -0.012645904, -0.012384999, -0.012252473, -0.011983444, -0.011709523, -0.011430675, -0.011289293, -0.011002176, -0.010708173, -0.010558215, -0.010251855, -0.009936329, -0.009775097, -0.009445638, -0.009106985, -0.008758832, -0.008580769, -0.008215795, -0.00783705, -0.007641668, -0.0072365096, -0.0068085627, -0.006353446, -0.006114974, -0.0056230803, -0.005161224, -0.004991476, -0.004992518, -0.0056221643
0, 0, -0.0031799402, -0.003481049, -0.0037602612, -0.004401034, -0.005039794, -0.005343241, -0.0059143696, -0.006442728, -0.0069353147, -0.00717027, -0.007620394, -0.008047754, -0.008254025, -0.008653464, -0.009037538, -0.009408142, -0.009588916, -0.009941836, -0.010284238, -0.010451754, -0.010780044, -0.011099497, -0.01125606, -0.011563084, -0.011862166, -0.0121537475, -0.012296911, -0.012578368, -0.012853596, -0.012989048, -0.013255693, -0.013517217, -0.013774079, -0.013900834, -0.014151211, -0.014397437, -0.01451893, -0.014758418, -0.014992874, -0.015107986, -0.015333551, -0.0155527685, -0.015765399, -0.01586943, -0.016072817, -0.016270267, -0.016366825, -0.016555507, -0.016738132, -0.016914252, -0.016999837, -0.017165931, -0.017324781, -0.01740132, -0.01754835, -0.017686684, -0.017752511, -0.017877297, -0.017993113, -0.018100085, -0.018150393, -0.018244535, -0.018330444, -0.018370291, -0.018443948, -0.018509319, -0.018566461, -0.018591858, -0.018636063, -0.018671194, -0.01868518, -0.018705614, -0.018715266, -0.018713577, -0.018708356, -0.018689124, -0.018658381, -0.018638967, -0.018592564, -0.01853697, -0.018505946, -0.018438317, -0.018363422, -0.01828145, -0.01823776, -0.018144678, -0.018043665, -0.017989988, -0.017876288, -0.017754031, -0.01762375, -0.01755564, -0.017413959, -0.017264903, -0.017187597, -0.017027548, -0.016860064, -0.016773552, -0.016595345, -0.016410438, -0.016219564, -0.016121998, -0.015923282, -0.015719697, -0.015616173, -0.015405863, -0.015191148, -0.014972412, -0.014861605, -0.014637547, -0.014410564, -0.0142961, -0.014065145, -0.013831199, -0.013712918, -0.013472953, -0.013227729, -0.012976155, -0.012847789, -0.01258589, -0.012317323, -0.012180805, -0.011903465, -0.011620845, -0.011333125, -0.011187165, -0.010890611, -0.010586889, -0.010432011, -0.010115344, -0.009788858, -0.009621811, -0.009279861, -0.008927097, -0.008562822, -0.008375912, -0.007991326, -0.007590341, -0.0073827445, -0.0069508683, -0.0064935656, -0.0060067424, -0.00575218, -0.005231107, -0.0047605317, -0.004612709, -0.004856757, -0.006659976
0, 0, -0.0031177911, -0.0033819475, -0.0036503864, -0.0042851893, -0.004929833, -0.00523785, -0.005818401, -0.006354996, -0.0068543376, -0.007092154, -0.007547596, -0.007980304, -0.008189322, -0.008594634, -0.008984781, -0.009361642, -0.009545515, -0.0099045485, -0.010252806, -0.0104231, -0.010756811, -0.011082036, -0.011241627, -0.011555066, -0.011860875, -0.012159329, -0.012305712, -0.012592876, -0.012872583, -0.013009614, -0.013278427, -0.013540513, -0.013796878, -0.013923143, -0.01417246, -0.0144177275, -0.014538897, -0.014777851, -0.015011882, -0.015126672, -0.015351529, -0.01556928, -0.015779598, -0.015882079, -0.016081916, -0.016275084, -0.016369238, -0.016552793, -0.01672993, -0.016900659, -0.016983474, -0.017144205, -0.017297752, -0.017371735, -0.017513784, -0.017647488, -0.017711138, -0.01783203, -0.017944377, -0.018048499, -0.018097421, -0.018189142, -0.018272871, -0.018311694, -0.01838327, -0.018446513, -0.01850168, -0.018526092, -0.018568631, -0.01860232, -0.018615806, -0.018635262, -0.018644383, -0.018642427, -0.01863712, -0.018618064, -0.01858772, -0.018568557, -0.01852293, -0.018468246, -0.018437931, -0.018371701, -0.018298374, -0.01821797, -0.018175118, -0.018083556, -0.01798391, -0.017931003, -0.017818524, -0.017697545, -0.01756863, -0.017501423, -0.017361674, -0.01721511, -0.017139312, -0.016982598, -0.016819144, -0.016734794, -0.016561003, -0.016380575, -0.01619393, -0.016098447, -0.015903402, -0.015703276, -0.015601405, -0.015394199, -0.015182376, -0.014966203, -0.014856539, -0.014634167, -0.014408072, -0.014293655, -0.0140619585, -0.013826102, -0.013706425, -0.013463071, -0.013213727, -0.012957773, -0.012827173, -0.012560731, -0.012287531, -0.012148536, -0.011866013, -0.0115772635, -0.011282352, -0.011132417, -0.010826899, -0.010513156, -0.010352811, -0.010024551, -0.009685358, -0.009511499, -0.009154609, -0.008784672, -0.008400349, -0.008202237, -0.0077925664, -0.007362426, -0.007138532, -0.0066702915, -0.0061702887, -0.005632625, -0.005348238, -0.004753471, -0.0041671214, -0.0039205947, -0.0036926386, 0
0, 0, -0.003287377, -0.003525829, -0.003783044, -0.0043999157, -0.005029869, -0.005331005, -0.005898371, -0.006423027, -0.0069124145, -0.0071461336, -0.0075955424, -0.0080247065, -0.008232775, -0.008637318, -0.009027995, -0.009406073, -0.009590631, -0.009951195, -0.010300896, -0.010471939, -0.010807129, -0.011133983, -0.011294583, -0.011610274, -0.011918834, -0.012220023, -0.012367688, -0.012657076, -0.012938253, -0.013075562, -0.013344153, -0.013604903, -0.013858814, -0.013983503, -0.0142290825, -0.014470058, -0.014588903, -0.01482323, -0.015052401, -0.015164772, -0.015384548, -0.01559698, -0.015801683, -0.015901161, -0.016094618, -0.016280964, -0.016371477, -0.016547421, -0.016716545, -0.01687889, -0.016957479, -0.017109515, -0.017254489, -0.017324114, -0.017457632, -0.017583245, -0.017643044, -0.017756881, -0.017862974, -0.017961413, -0.01800783, -0.018094916, -0.018174464, -0.018211339, -0.018279307, -0.018339267, -0.018391049, -0.018413903, -0.01845337, -0.018484341, -0.018496493, -0.018513897, -0.018521529, -0.018518921, -0.018513685, -0.018495372, -0.018466614, -0.018448513, -0.018405285, -0.018353397, -0.018324556, -0.018261336, -0.018191142, -0.018114, -0.018072698, -0.017984575, -0.017888477, -0.01783742, -0.017728897, -0.017612152, -0.017487623, -0.017422609, -0.017287575, -0.017146192, -0.017073106, -0.016922437, -0.016765641, -0.016684908, -0.01651885, -0.016346388, -0.01616786, -0.016076406, -0.015889276, -0.015696753, -0.015598607, -0.015398455, -0.015193108, -0.014982642, -0.014875485, -0.0146573195, -0.014434086, -0.014320545, -0.01408956, -0.013853139, -0.013732813, -0.013487729, -0.013236479, -0.012978902, -0.01284763, -0.012580177, -0.012305884, -0.012166193, -0.011881519, -0.011589314, -0.011289084, -0.011135799, -0.010822339, -0.010499118, -0.01033359, -0.009994127, -0.009642863, -0.009462579, -0.009091968, -0.00870675, -0.008305, -0.008097223, -0.0076662446, -0.007211786, -0.0069744773, -0.006476468, -0.0059423433, -0.0053652218, -0.0050588893, -0.0044149607, -0.003770475, -0.0034901153, -0.003188342, 0
0, 0, -0.0035889354, -0.0038152633, -0.00406785, -0.0046707587, -0.005278394, -0.0055662957, -0.0061064316, -0.0066058245, -0.007074304, -0.0072994996, -0.0077353823, -0.008155231, -0.008359957, -0.008759791, -0.009147692, -0.009524234, -0.009708279, -0.010068299, -0.010417793, -0.010588824, -0.010923672, -0.01124991, -0.011410099, -0.01172479, -0.012032128, -0.01233175, -0.01247866, -0.012766241, -0.0130453305, -0.013181656, -0.013447852, -0.013705712, -0.013955908, -0.014078437, -0.014318809, -0.014553509, -0.014668891, -0.01489547, -0.015116259, -0.015224349, -0.015435193, -0.015638664, -0.015834576, -0.015929585, -0.01611423, -0.01629159, -0.016377602, -0.016544217, -0.01670364, -0.016855935, -0.016929463, -0.017071113, -0.017205581, -0.017270062, -0.017393323, -0.01750904, -0.017564196, -0.017669074, -0.017766718, -0.017857159, -0.0178997, -0.017979609, -0.018052528, -0.018086292, -0.018148389, -0.018202946, -0.018249761, -0.018270249, -0.01830523, -0.01833206, -0.018342325, -0.018356506, -0.018361736, -0.018357998, -0.018352639, -0.018335111, -0.018308206, -0.018291349, -0.018251166, -0.018202724, -0.018175624, -0.018116152, -0.018049957, -0.017977132, -0.01793821, -0.017855266, -0.017765228, -0.017717449, -0.017616078, -0.017507168, -0.01739084, -0.017330064, -0.017203577, -0.017070895, -0.017002383, -0.016860953, -0.016713891, -0.016638292, -0.01648259, -0.016320923, -0.016153079, -0.016066898, -0.01589009, -0.015707452, -0.015614003, -0.015422743, -0.0152256265, -0.015022399, -0.014918514, -0.014706052, -0.01448736, -0.014375657, -0.014147497, -0.013913075, -0.013793522, -0.013549658, -0.013299613, -0.013043457, -0.012913014, -0.012647298, -0.012374431, -0.012235154, -0.011950345, -0.011656241, -0.011352206, -0.011196322, -0.0108765075, -0.010545772, -0.010376194, -0.010028439, -0.009668789, -0.009484255, -0.009105219, -0.008711417, -0.008300762, -0.008088281, -0.007647342, -0.007182283, -0.0069394885, -0.006429838, -0.0058834353, -0.0052937986, -0.00498167, -0.004329748, -0.003689069, -0.0034185802, -0.003153352, 0
0, 0, -0.0040039765, -0.0041943653, -0.004432469, -0.0050057108, -0.0055799237, -0.0058507174, -0.006358812, -0.006831245, -0.0072788456, -0.007495754, -0.007918941, -0.008330099, -0.008531682, -0.008927128, -0.009312391, -0.009687605, -0.009871444, -0.010231782, -0.010581947, -0.010753334, -0.01108859, -0.011414446, -0.011573968, -0.011886585, -0.012190681, -0.012486249, -0.012630893, -0.012913788, -0.0131883, -0.013322415, -0.013584287, -0.0138379205, -0.014083597, -0.014203567, -0.01443793, -0.014665234, -0.014776352, -0.014993299, -0.015203442, -0.015305821, -0.015505167, -0.015697123, -0.015881622, -0.015971173, -0.016144872, -0.016311595, -0.016392294, -0.016548337, -0.016697103, -0.01683851, -0.016906548, -0.01703726, -0.017160801, -0.017219933, -0.017332733, -0.0174385, -0.0174887, -0.017583854, -0.017671883, -0.0177527, -0.017790472, -0.017860906, -0.0179248, -0.01795434, -0.01800841, -0.018055601, -0.018095775, -0.018113248, -0.018142654, -0.018164637, -0.018172722, -0.018183097, -0.018185494, -0.018180009, -0.018174272, -0.018156867, -0.018131372, -0.018115548, -0.018078012, -0.01803288, -0.018007608, -0.017952085, -0.017890356, -0.017822828, -0.017786942, -0.017710868, -0.017629026, -0.017585818, -0.0174946, -0.017396653, -0.017292015, -0.017237224, -0.017122969, -0.017002484, -0.016940007, -0.016810782, -0.016675914, -0.016606392, -0.0164629, -0.016313292, -0.016157303, -0.01607686, -0.015911158, -0.015738875, -0.015650298, -0.01546823, -0.015279619, -0.01508426, -0.014984112, -0.014778632, -0.014566377, -0.014457719, -0.014235166, -0.01400585, -0.013888605, -0.013649103, -0.013403182, -0.013150616, -0.013021857, -0.012758939, -0.012488216, -0.012349603, -0.012065051, -0.011769872, -0.01146341, -0.011305975, -0.010982502, -0.0106478315, -0.01047632, -0.010124951, -0.009762504, -0.009576957, -0.0091965785, -0.008802551, -0.008392887, -0.008181337, -0.0077434503, -0.0072832773, -0.0070436234, -0.0065420093, -0.006005348, -0.0054265684, -0.005120079, -0.0044799154, -0.003853879, -0.00359301, -0.0033517033, 0
0, 0, -0.004549946, -0.0046017785, -0.0047870297, -0.0052875, -0.005817834, -0.0060734376, -0.00656015, -0.007019892, -0.007460718, -0.0076756175, -0.00809679, -0.008507435, -0.008709071, -0.009105007, -0.009491231, -0.009867979, -0.010052811, -0.010415467, -0.010768277, -0.0109408265, -0.011278314, -0.0116051445, -0.011764631, -0.012076023, -0.012377223, -0.012668589, -0.01281077, -0.013088453, -0.013357539, -0.013488954, -0.013745652, -0.0139942365, -0.014234554, -0.014351563, -0.014579391, -0.014798719, -0.014905254, -0.015112063, -0.015310808, -0.015407218, -0.0155943185, -0.015773913, -0.015946243, -0.016029758, -0.016191682, -0.01634691, -0.016421914, -0.016566584, -0.016704042, -0.01683411, -0.01689649, -0.017016005, -0.017128743, -0.017182598, -0.017285252, -0.017381098, -0.017426461, -0.017511828, -0.017589789, -0.017660243, -0.017692832, -0.017752772, -0.017806418, -0.017830992, -0.017875755, -0.017914629, -0.017947596, -0.017961817, -0.017985668, -0.01800295, -0.018009063, -0.018016007, -0.018015759, -0.018008377, -0.01800208, -0.017984224, -0.017959327, -0.017944267, -0.01790889, -0.01786681, -0.017843401, -0.017792208, -0.01773572, -0.017674481, -0.01764217, -0.017574377, -0.017502114, -0.017464174, -0.017384505, -0.017299093, -0.01720765, -0.01715954, -0.017058808, -0.01695188, -0.016896103, -0.016780047, -0.016658055, -0.016594864, -0.016463827, -0.01632631, -0.016182065, -0.016107295, -0.015952475, -0.01579042, -0.015706705, -0.015533841, -0.015354077, -0.015167286, -0.015071376, -0.01487445, -0.014670655, -0.014566165, -0.014351692, -0.014129985, -0.0140162995, -0.013783379, -0.013542897, -0.013294688, -0.013167609, -0.012907249, -0.012637999, -0.01249978, -0.012215469, -0.011920137, -0.011613281, -0.011455603, -0.011131913, -0.010797316, -0.010625988, -0.010275573, -0.009915004, -0.009730752, -0.009353841, -0.0089647295, -0.008561725, -0.008354479, -0.007927371, -0.007481441, -0.0072503546, -0.0067689167, -0.006255824, -0.0057018255, -0.005406998, -0.0047854884, -0.0041692895, -0.0039111036, -0.0036796208, 0
0, 0, -0.005206342, -0.004885593, -0.00496815, -0.005373787, -0.0058820713, -0.0061385925, -0.0066373684, -0.007114661, -0.007573639, -0.007797171, -0.008233629, -0.0086568445, -0.0088636605, -0.00926808, -0.0096609285, -0.01004292, -0.010230105, -0.010596848, -0.010953488, -0.01112776, -0.011468112, -0.011796958, -0.011957008, -0.012268472, -0.012568346, -0.012857269, -0.012997767, -0.013271758, -0.013536658, -0.013665884, -0.013917943, -0.014161541, -0.014396371, -0.014510418, -0.014731621, -0.0149432365, -0.015045545, -0.015243146, -0.015431714, -0.01552292, -0.015699292, -0.015867993, -0.016029472, -0.016107637, -0.016258791, -0.01640302, -0.016472545, -0.01660605, -0.016732207, -0.016850932, -0.016907627, -0.017015941, -0.017117782, -0.017166356, -0.017258657, -0.017344588, -0.017385012, -0.017460456, -0.017528301, -0.017588606, -0.017616004, -0.017665727, -0.017709408, -0.017729241, -0.017765155, -0.017796285, -0.017822694, -0.017834155, -0.017853323, -0.017867036, -0.017871669, -0.017876096, -0.017873926, -0.017865086, -0.017858285, -0.017839946, -0.01781546, -0.01780108, -0.017767861, -0.017729139, -0.01770789, -0.017661858, -0.017611595, -0.017557649, -0.01752948, -0.017470563, -0.017408198, -0.017375546, -0.01730672, -0.017232813, -0.017153133, -0.01711109, -0.017022397, -0.016927516, -0.016877718, -0.016773501, -0.01666323, -0.016605712, -0.016485944, -0.016359635, -0.016226213, -0.016156813, -0.016012307, -0.0158602, -0.015781393, -0.015618242, -0.015447981, -0.015270781, -0.015179672, -0.014992397, -0.014798308, -0.014698555, -0.014493337, -0.014280028, -0.0141702555, -0.0139441695, -0.013709032, -0.013464749, -0.013338994, -0.013080559, -0.012812366, -0.012674465, -0.012390941, -0.01209677, -0.011791767, -0.011635146, -0.011313949, -0.0109820105, -0.010812106, -0.010464552, -0.010106773, -0.009923914, -0.009549968, -0.009164462, -0.008766484, -0.008562589, -0.008144411, -0.007711259, -0.007488332, -0.0070270984, -0.0065393997, -0.0060151317, -0.005735883, -0.005144497, -0.0045549097, -0.0043099155, -0.00411316, 0
0, 0, -0.0039622276, -0.0039988337, -0.0042001037, -0.004805928, -0.005484957, -0.005817361, -0.006449852, -0.007038279, -0.0075880187, -0.007850062, -0.0083513, -0.008824931, -0.009052357, -0.009490115, -0.009907296, -0.010306584, -0.010500217, -0.010876853, -0.01123988, -0.01141654, -0.011760567, -0.0120923435, -0.012253622, -0.012567289, -0.012869249, -0.013159868, -0.013301169, -0.013575818, -0.013840295, -0.013968726, -0.014217869, -0.014456824, -0.014685386, -0.014795762, -0.015009081, -0.01521229, -0.015310217, -0.015498951, -0.015678655, -0.015765276, -0.015932055, -0.016090473, -0.016240608, -0.01631253, -0.016450288, -0.016579816, -0.016641486, -0.016758574, -0.01686728, -0.016967965, -0.017015351, -0.017104696, -0.0171872, -0.017225973, -0.017298874, -0.017365351, -0.017396212, -0.01745296, -0.017503057, -0.017546583, -0.017566035, -0.01760077, -0.017630465, -0.017643778, -0.017667633, -0.017688286, -0.017705902, -0.01771356, -0.017726392, -0.017735418, -0.0177383, -0.017740272, -0.017736884, -0.017727934, -0.017721454, -0.017704794, -0.017683398, -0.017671114, -0.017643852, -0.017613458, -0.017597185, -0.017562807, -0.017525926, -0.017486658, -0.017466048, -0.01742251, -0.017375188, -0.017349893, -0.01729536, -0.017235348, -0.017169373, -0.01713425, -0.017059537, -0.016979113, -0.016936703, -0.016847983, -0.01675381, -0.01670465, -0.01660195, -0.01649281, -0.0163766, -0.01631579, -0.016188616, -0.016054139, -0.015984163, -0.015838861, -0.015686275, -0.015526352, -0.015443628, -0.01527235, -0.015092975, -0.015000085, -0.01480746, -0.014605117, -0.014500176, -0.014282528, -0.014054284, -0.013815463, -0.013692064, -0.013437588, -0.013173073, -0.013037049, -0.012757591, -0.012467979, -0.012167966, -0.01201381, -0.011696837, -0.011367617, -0.011198067, -0.010848846, -0.010485585, -0.010298613, -0.009913911, -0.009514743, -0.009101503, -0.008889705, -0.008456018, -0.008008634, -0.007779544, -0.00730903, -0.006818803, -0.006305334, -0.006040797, -0.005515739, -0.0050955084, -0.00500876, -0.005334052, 0
0, 0, -0.0035324078, -0.0036207906, -0.0038639705, -0.004550272, -0.005299115, -0.0056619155, -0.0063461466, -0.006975273, -0.0075565786, -0.007831581, -0.008354435, -0.008845179, -0.009079857, -0.009529702, -0.009956413, -0.010362851, -0.01055932, -0.010940087, -0.011305862, -0.0114835305, -0.011829101, -0.012162385, -0.012324582, -0.012640552, -0.01294564, -0.013240222, -0.013383555, -0.013662459, -0.013930764, -0.01406086, -0.0143128075, -0.01455363, -0.014783565, -0.014894657, -0.015109397, -0.015314396, -0.015413466, -0.0156047, -0.015786974, -0.015874743, -0.016043486, -0.016202971, -0.016353087, -0.016424676, -0.016560908, -0.016688043, -0.016748272, -0.016862078, -0.0169673, -0.017064065, -0.017109424, -0.017194413, -0.017271893, -0.017307967, -0.017375048, -0.017435372, -0.0174632, -0.017514046, -0.017558785, -0.017597739, -0.017615153, -0.017646288, -0.017672777, -0.017684555, -0.017705388, -0.017722934, -0.017737355, -0.017743504, -0.01775335, -0.017759942, -0.017761832, -0.017762702, -0.017759265, -0.017751396, -0.017745763, -0.01773108, -0.017712327, -0.01770148, -0.017677432, -0.017650727, -0.01763643, -0.017606318, -0.017574042, -0.017539263, -0.017520837, -0.017481307, -0.017437533, -0.017413791, -0.017362148, -0.01730468, -0.017241346, -0.017207557, -0.017135767, -0.017058598, -0.0170181, -0.016933495, -0.016844071, -0.016797442, -0.016699888, -0.016595831, -0.016484603, -0.01642622, -0.016303837, -0.016174104, -0.016106509, -0.015965834, -0.015817331, -0.015660811, -0.015579402, -0.015410128, -0.015231985, -0.015139397, -0.014946996, -0.01474475, -0.014639939, -0.014422719, -0.01419541, -0.013958019, -0.013835457, -0.013582825, -0.01332, -0.013184662, -0.0129060475, -0.0126165245, -0.012315554, -0.0121606225, -0.01184115, -0.0115082385, -0.011336366, -0.01098135, -0.010610459, -0.010418764, -0.010022803, -0.009609578, -0.00917901, -0.008957215, -0.008500551, -0.008025537, -0.007780536, -0.0072733704, -0.006739277, -0.006174516, -0.0058823964, -0.0053063524, -0.004879376, -0.0048503713, -0.0057413043, 0
0, 0, -0.0035810054, -0.0036265822, -0.003852964, -0.004525856, -0.005276255, -0.0056413948, -0.006329418, -0.0069599235, -0.0075404947, -0.007814854, -0.008336411, -0.008826688, -0.009061557, -0.009512868, -0.009942025, -0.010351656, -0.010549769, -0.010933915, -0.011303049, -0.011482389, -0.011831223, -0.012168042, -0.012332196, -0.012652666, -0.012962934, -0.013263213, -0.013409601, -0.013694645, -0.013968891, -0.014101795, -0.014359164, -0.014605038, -0.01484005, -0.014953736, -0.015173954, -0.015385022, -0.01548717, -0.015684776, -0.015873196, -0.01596386, -0.016137807, -0.016301498, -0.016454812, -0.01652766, -0.01666575, -0.016794184, -0.016854925, -0.016969696, -0.017075855, -0.01717363, -0.017219415, -0.017305087, -0.017382901, -0.017418945, -0.017485324, -0.017544463, -0.01757144, -0.017620726, -0.017664047, -0.017701833, -0.01771879, -0.017749052, -0.017774737, -0.017785976, -0.017805323, -0.017820837, -0.017832715, -0.017837454, -0.017844507, -0.017848518, -0.017849425, -0.017849006, -0.017845377, -0.01783834, -0.017833438, -0.01782075, -0.01780428, -0.017794676, -0.017772978, -0.017748436, -0.017735172, -0.017706962, -0.017676352, -0.017643055, -0.017625164, -0.017586617, -0.017543625, -0.017520158, -0.017469075, -0.0174122, -0.017349564, -0.01731615, -0.017245395, -0.017169623, -0.017129997, -0.017047228, -0.016959835, -0.016914247, -0.016818546, -0.016716026, -0.01660595, -0.016547998, -0.0164263, -0.016296988, -0.016229404, -0.016088428, -0.015939236, -0.015781209, -0.015698778, -0.015526877, -0.015345373, -0.015251077, -0.015055085, -0.0148496395, -0.014743383, -0.014523965, -0.01429524, -0.014057124, -0.013934398, -0.013681448, -0.013417782, -0.013281767, -0.013000875, -0.012707854, -0.012402176, -0.012244598, -0.011919442, -0.0115805855, -0.011405734, -0.011044435, -0.010666648, -0.01047114, -0.010066146, -0.009641403, -0.009195705, -0.008964746, -0.0084856115, -0.007981657, -0.0077192276, -0.007169918, -0.0065815286, -0.00594635, -0.0056109363, -0.0049224156, -0.0043045757, -0.004098383, -0.0040593, 0
0, 0, -0.0038309938, -0.0038424635, -0.0040486436, -0.0046823095, -0.0053939777, -0.0057395194, -0.0063890484, -0.0069837617, -0.007532965, -0.007793658, -0.008292282, -0.008765348, -0.008993687, -0.009435773, -0.009860002, -0.010268155, -0.010466585, -0.010852973, -0.011226013, -0.0114078075, -0.011762315, -0.01210551, -0.012273086, -0.012600679, -0.012918447, -0.013226348, -0.013376602, -0.013669453, -0.013951432, -0.014088228, -0.014353281, -0.01460719, -0.0148505755, -0.014968535, -0.015197517, -0.015417522, -0.015524137, -0.015730321, -0.015926847, -0.016021278, -0.016202496, -0.016372794, -0.016532226, -0.01660792, -0.01675157, -0.016885359, -0.016948832, -0.017069098, -0.017180778, -0.017284375, -0.017333113, -0.01742462, -0.017507847, -0.017546473, -0.017617557, -0.017680675, -0.017709436, -0.017761739, -0.017807664, -0.01784775, -0.017865768, -0.017897738, -0.017924774, -0.017936507, -0.017956298, -0.017971545, -0.017982645, -0.017986719, -0.017992267, -0.017994883, -0.01799515, -0.017993864, -0.017989913, -0.017983323, -0.017978795, -0.017967224, -0.01795186, -0.017942833, -0.017921913, -0.017897654, -0.017884389, -0.017855614, -0.01782407, -0.017789433, -0.017770806, -0.017730623, -0.017685857, -0.01766156, -0.017608842, -0.017550478, -0.017486455, -0.017452357, -0.017380306, -0.017303275, -0.017262962, -0.017178727, -0.017089477, -0.017042795, -0.016944416, -0.01683881, -0.016725298, -0.016665552, -0.01654002, -0.016406612, -0.016336935, -0.01619136, -0.016037164, -0.015873855, -0.015788632, -0.015610867, -0.015423172, -0.015325673, -0.015123448, -0.014912064, -0.01480301, -0.014578479, -0.014345144, -0.014102793, -0.013978054, -0.013720782, -0.013452309, -0.013313577, -0.013026656, -0.012726838, -0.012413935, -0.012252728, -0.011920679, -0.011575717, -0.011398256, -0.011032629, -0.010651314, -0.010454202, -0.010045711, -0.009616228, -0.009163569, -0.008927856, -0.008436244, -0.007914718, -0.0076412605, -0.0070644314, -0.0064397478, -0.0057578473, -0.0053947265, -0.0046418975, -0.003948048, -0.0037014016, -0.0036114138, 0
0, 0, -0.004199224, -0.0041618836, -0.0043386477, -0.0049091573, -0.0055534253, -0.0058652316, -0.00645106, -0.006990015, -0.0074931188, -0.0077343346, -0.008200551, -0.008649304, -0.008868123, -0.009295849, -0.009711209, -0.0101149175, -0.01031261, -0.010699948, -0.011076787, -0.011261322, -0.011622963, -0.011974564, -0.012146637, -0.0124834925, -0.012810566, -0.013127692, -0.013282569, -0.013584506, -0.013875883, -0.014017488, -0.0142925475, -0.014557031, -0.01481132, -0.01493481, -0.015174674, -0.015405123, -0.015516687, -0.015732272, -0.015937656, -0.016036447, -0.01622619, -0.016405191, -0.016573628, -0.016654002, -0.016807253, -0.016950717, -0.017019054, -0.017149094, -0.017270656, -0.017383724, -0.017437229, -0.017538153, -0.017630726, -0.017673865, -0.017753659, -0.017824888, -0.017857417, -0.017916754, -0.017968696, -0.018014036, -0.018034333, -0.01807055, -0.018101253, -0.018114546, -0.018137448, -0.018155297, -0.018168565, -0.01817354, -0.018180542, -0.018184137, -0.01818475, -0.018183865, -0.018180104, -0.018173479, -0.018168965, -0.018157253, -0.018141674, -0.018132368, -0.018110784, -0.018085226, -0.018071111, -0.01804025, -0.018005932, -0.017968098, -0.017947786, -0.017903976, -0.017855454, -0.017829286, -0.01777281, -0.017710451, -0.017642386, -0.017606195, -0.01752964, -0.01744766, -0.017404646, -0.01731464, -0.017218774, -0.017168444, -0.017062569, -0.01694908, -0.016827634, -0.016763948, -0.016630592, -0.016489383, -0.016415857, -0.0162626, -0.016100667, -0.015929822, -0.015840776, -0.015655307, -0.015459735, -0.015358268, -0.015147916, -0.014928306, -0.014815148, -0.01458225, -0.014340485, -0.0140896, -0.013960564, -0.013694552, -0.013417376, -0.013274216, -0.012978595, -0.012670348, -0.012349707, -0.012184932, -0.011846791, -0.011497187, -0.011318008, -0.010950247, -0.01056852, -0.0103717875, -0.009965086, -0.009538246, -0.009088587, -0.008854381, -0.008365352, -0.007845764, -0.007572882, -0.0069962936, -0.006370539, -0.0056867087, -0.0053229667, -0.0045733224, -0.0038987743, -0.0036714296, -0.0036261335, 0
0, 0, -0.004704576, -0.004528868, -0.0046297344, -0.005073997, -0.0056226416, -0.00589522, -0.006415601, -0.00690375, -0.0073679527, -0.0075934394, -0.008034347, -0.008464429, -0.00867599, -0.009092517, -0.009500399, -0.00990004, -0.010096873, -0.010484639, -0.010864802, -0.011052063, -0.01142068, -0.011780927, -0.011957816, -0.01230461, -0.012641649, -0.012968764, -0.0131285, -0.013440658, -0.013742544, -0.013889724, -0.014176561, -0.014453386, -0.014720331, -0.014850015, -0.015101953, -0.015343437, -0.015460236, -0.01568562, -0.015900454, -0.016003948, -0.016203374, -0.016393106, -0.016573273, -0.016659893, -0.016826067, -0.016982887, -0.01705788, -0.017200837, -0.01733476, -0.01745976, -0.017519005, -0.017631153, -0.01773484, -0.017783506, -0.017874083, -0.017955905, -0.01799347, -0.018062228, -0.018122828, -0.018175784, -0.018199604, -0.018242415, -0.018279392, -0.018295795, -0.018324679, -0.018348511, -0.018367441, -0.018375127, -0.01838702, -0.018394623, -0.018396793, -0.018398175, -0.0183957, -0.018389149, -0.018384457, -0.01837177, -0.018355021, -0.018344954, -0.018321691, -0.018294105, -0.01827871, -0.018245, -0.018207105, -0.018165082, -0.018142452, -0.018093696, -0.01803982, -0.018010879, -0.017948495, -0.017879967, -0.017805258, -0.017765595, -0.017681397, -0.017591005, -0.017543398, -0.01744354, -0.017336875, -0.017280849, -0.017163407, -0.017038291, -0.016905624, -0.016836362, -0.01669233, -0.016540712, -0.016462047, -0.01629873, -0.016127134, -0.015946733, -0.015852971, -0.015658109, -0.0154530555, -0.015346679, -0.015126335, -0.014896196, -0.014777542, -0.014533224, -0.014279611, -0.01401654, -0.013881317, -0.01360337, -0.013314779, -0.0131663615, -0.012861032, -0.012544567, -0.012217221, -0.012049614, -0.011706774, -0.011353723, -0.011173219, -0.010803945, -0.010422688, -0.010227009, -0.009824445, -0.009404937, -0.008966129, -0.008738851, -0.008266726, -0.007768495, -0.0075080227, -0.006960007, -0.006368034, -0.0057224743, -0.0053791725, -0.0046719396, -0.0040418287, -0.0038369915, -0.0038270275, 0
0, 0, -0.0054344237, -0.0048374394, -0.0047716307, -0.005021388, -0.005479443, -0.005724985, -0.006209524, -0.006675693, -0.0071260394, -0.0073466245, -0.007780704, -0.00820666, -0.008416723, -0.008831146, -0.009237759, -0.009636987, -0.009834115, -0.010223662, -0.010607496, -0.0107972585, -0.011172213, -0.011540365, -0.011721566, -0.012077394, -0.01242382, -0.012760457, -0.0129251145, -0.0132472655, -0.013560068, -0.01371304, -0.014012133, -0.014301959, -0.01458203, -0.014718249, -0.014982615, -0.015235662, -0.015357879, -0.0155936945, -0.015818685, -0.015927332, -0.016137747, -0.016339451, -0.016532822, -0.016626395, -0.016807105, -0.016978685, -0.017060934, -0.017217884, -0.017364928, -0.017502274, -0.017567512, -0.01769121, -0.01780639, -0.017860744, -0.017962936, -0.018056292, -0.01809955, -0.01817928, -0.018250192, -0.01831285, -0.01834131, -0.018393014, -0.018438686, -0.018459309, -0.018497027, -0.018529512, -0.018556988, -0.018568708, -0.018588228, -0.0186022, -0.018607045, -0.018612504, -0.018612415, -0.018606886, -0.018602133, -0.018588856, -0.018570691, -0.018559853, -0.018534642, -0.018504875, -0.018488275, -0.018451415, -0.018409727, -0.018362949, -0.018337576, -0.018282782, -0.018222213, -0.018189754, -0.018120134, -0.018043933, -0.017961076, -0.01791701, -0.017823618, -0.017722873, -0.01766978, -0.017557884, -0.017438293, -0.017375648, -0.017244669, -0.01710622, -0.01696052, -0.0168849, -0.01672845, -0.016564548, -0.016479762, -0.016304214, -0.016120441, -0.015927855, -0.015828073, -0.015621155, -0.015404086, -0.01529162, -0.015059071, -0.0148163345, -0.014691221, -0.01443355, -0.014166022, -0.013888769, -0.013746589, -0.013455119, -0.013154317, -0.013000502, -0.012685816, -0.0123619605, -0.012028919, -0.011858877, -0.011511802, -0.011154909, -0.010972695, -0.0106006395, -0.010218118, -0.010022804, -0.009623505, -0.009212131, -0.008787429, -0.008569661, -0.008122093, -0.007656266, -0.0074152136, -0.0069128843, -0.0063761356, -0.0057944963, -0.0054855086, -0.004848365, -0.0042852005, -0.004111383, -0.0041506607, 0
0, 0, -0.006460231, -0.0047177244, -0.00447997, -0.004632903, -0.005087965, -0.0053398847, -0.0058399, -0.006321188, -0.00678521, -0.0070122327, -0.007458087, -0.007894176, -0.008108741, -0.008530726, -0.00894358, -0.009347922, -0.009547396, -0.00994174, -0.010330707, -0.010523274, -0.01090449, -0.011279464, -0.011464265, -0.011827619, -0.012181915, -0.012526518, -0.01269535, -0.013026149, -0.013348486, -0.01350661, -0.01381669, -0.014118325, -0.014410607, -0.014552959, -0.014829273, -0.015093892, -0.0152217345, -0.015468535, -0.015704365, -0.015818479, -0.01604016, -0.016253835, -0.016459836, -0.016559927, -0.016753858, -0.01693874, -0.01702745, -0.017197063, -0.017356256, -0.017505152, -0.017576003, -0.017710973, -0.01783738, -0.017897412, -0.018011123, -0.01811617, -0.018165383, -0.018256895, -0.018339438, -0.018413529, -0.018447496, -0.01851005, -0.018566117, -0.018592088, -0.018639864, -0.018682374, -0.01871943, -0.018735738, -0.018763818, -0.018785225, -0.018793397, -0.018804174, -0.018807806, -0.018804481, -0.018800387, -0.018787583, -0.018769009, -0.018757723, -0.018731158, -0.01869948, -0.01868164, -0.018641684, -0.018595843, -0.01854384, -0.018515427, -0.018453745, -0.018385803, -0.01834949, -0.01827191, -0.018187655, -0.018096477, -0.01804805, -0.0179455, -0.017834619, -0.017775957, -0.017652292, -0.017520249, -0.017451106, -0.017307028, -0.017155506, -0.016996736, -0.0169146, -0.016744887, -0.016567567, -0.01647587, -0.016286079, -0.016087407, -0.01587967, -0.015772277, -0.015550231, -0.015318511, -0.015198887, -0.0149524, -0.014696009, -0.014564096, -0.014292665, -0.014011221, -0.013720043, -0.013570963, -0.013266459, -0.012953875, -0.012794691, -0.012470943, -0.012139823, -0.011800808, -0.0116280755, -0.011275658, -0.010913418, -0.010728484, -0.010351277, -0.009964926, -0.009768566, -0.009369981, -0.008964123, -0.008550995, -0.008341559, -0.007916201, -0.007480307, -0.007257296, -0.0067979107, -0.0063146283, -0.0058000647, -0.005530937, -0.0049903723, -0.0045546386, -0.0044569327, -0.0046334025, 0
0, 0, 0, -0.0035669254, -0.0036239147, -0.004023585, -0.0045779846, -0.004861367, -0.0054080146, -0.00592359, -0.006414527, -0.006653094, -0.0071191313, -0.0075720726, -0.007793979, -0.008228922, -0.008652725, -0.009066505, -0.00927023, -0.009672302, -0.010068349, -0.010264235, -0.010651621, -0.0110323625, -0.011219953, -0.011588787, -0.011948466, -0.012298725, -0.012470394, -0.012807227, -0.013136141, -0.013297843, -0.013615692, -0.013925832, -0.014227316, -0.014374497, -0.014660842, -0.014935815, -0.015068847, -0.015326217, -0.015572585, -0.015691921, -0.015923932, -0.01614778, -0.016363764, -0.016468765, -0.016672546, -0.016867165, -0.01696078, -0.017140223, -0.017309392, -0.017468562, -0.017544582, -0.017689958, -0.017826974, -0.017892428, -0.018017137, -0.018133651, -0.018188676, -0.018292207, -0.018387124, -0.018473504, -0.01851361, -0.018588183, -0.018655656, -0.018687017, -0.018745147, -0.018797265, -0.018843308, -0.018863931, -0.018900005, -0.018928638, -0.018940017, -0.018956693, -0.0189651, -0.018965544, -0.018962856, -0.018952169, -0.018934716, -0.018923512, -0.01889666, -0.0188636, -0.018844642, -0.018801602, -0.018751336, -0.018693699, -0.018662138, -0.018593462, -0.01851799, -0.018477743, -0.018392332, -0.01830031, -0.018201467, -0.018149098, -0.018038245, -0.017918447, -0.017854962, -0.017721161, -0.017578345, -0.017503664, -0.017348215, -0.017185196, -0.017014455, -0.016926223, -0.016743835, -0.01655298, -0.016454155, -0.016249254, -0.016034476, -0.015809935, -0.015694108, -0.015455445, -0.015207871, -0.015080838, -0.014820205, -0.014550749, -0.014412569, -0.014129002, -0.013835636, -0.01353254, -0.013377598, -0.013061356, -0.012737764, -0.012573471, -0.012240227, -0.011900794, -0.011554362, -0.011378105, -0.011018746, -0.010649508, -0.010461093, -0.010077152, -0.009685038, -0.009486458, -0.009085345, -0.00868005, -0.008271339, -0.008065634, -0.0076507884, -0.0072290935, -0.007014538, -0.006575114, -0.0061175376, -0.005639775, -0.0053972397, -0.0049452987, -0.004700849, -0.004767853, -0.0053611975, 0
0, 0, 0, -0.00302981, -0.0031200682, -0.003578225, -0.0041747554, -0.00447545, -0.005051986, -0.005592455, -0.006104487, -0.0063522975, -0.006834771, -0.0073019504, -0.007530346, -0.007977327, -0.008411976, -0.008835788, -0.009044107, -0.009454529, -0.009857553, -0.010056382, -0.010448602, -0.010833023, -0.011022108, -0.011393489, -0.01175554, -0.012108089, -0.012280909, -0.01262011, -0.012951454, -0.013114463, -0.013435172, -0.013748782, -0.014054586, -0.014204254, -0.014496584, -0.0147786215, -0.014915646, -0.015181307, -0.015436174, -0.015559744, -0.015799748, -0.016030775, -0.016253246, -0.016361248, -0.016570827, -0.016771296, -0.016868101, -0.017054548, -0.017231522, -0.017399406, -0.01748005, -0.017634835, -0.017781433, -0.017851671, -0.017986294, -0.018113011, -0.0181734, -0.018288098, -0.018394679, -0.018493159, -0.018539317, -0.018625628, -0.018704358, -0.018740939, -0.018808527, -0.01886908, -0.01892262, -0.018946769, -0.018989462, -0.019024475, -0.019038906, -0.019061444, -0.019075338, -0.019080596, -0.019080075, -0.019072816, -0.01905772, -0.019047325, -0.019020958, -0.0189871, -0.018967258, -0.018921366, -0.018866977, -0.018804062, -0.018769477, -0.0186945, -0.018612234, -0.018568404, -0.01847589, -0.018376747, -0.018270627, -0.018214613, -0.018096108, -0.01796827, -0.017900672, -0.017758323, -0.017606512, -0.017527277, -0.017362554, -0.017189907, -0.017009262, -0.016915847, -0.016722552, -0.016519787, -0.016414609, -0.016196132, -0.01596678, -0.015726976, -0.0156034725, -0.015349826, -0.015088143, -0.014954565, -0.014681876, -0.014401663, -0.014258584, -0.013965823, -0.013663694, -0.013351826, -0.013192313, -0.012866674, -0.01253336, -0.012364174, -0.01202126, -0.011672513, -0.011317302, -0.011136901, -0.010769596, -0.01039299, -0.010201087, -0.009810463, -0.009412062, -0.009210503, -0.008803781, -0.008393377, -0.007979794, -0.0077715656, -0.007351111, -0.006922381, -0.006703485, -0.006252968, -0.0057807327, -0.0052853525, -0.0050346213, -0.0045807646, -0.0044268374, -0.004661723, -0.006387443, 0
0, 0, 0, -0.002921438, -0.0029896372, -0.0034104283, -0.003988463, -0.004285618, -0.004862306, -0.0054081064, -0.0059271874, -0.006178658, -0.006668099, -0.0071419175, -0.0073735556, -0.0078270715, -0.008268322, -0.008698469, -0.008909737, -0.009325227, -0.009731746, -0.009931646, -0.010324712, -0.010708498, -0.010896919, -0.011266584, -0.01162671, -0.011977378, -0.012149239, -0.012486483, -0.012815633, -0.012977407, -0.013295484, -0.013606509, -0.0139104575, -0.014059651, -0.014352183, -0.014636166, -0.0147747705, -0.015044535, -0.015304099, -0.015430119, -0.015674625, -0.015909579, -0.016135274, -0.01624478, -0.0164571, -0.016660979, -0.016759805, -0.016951248, -0.017134463, -0.017309593, -0.017394058, -0.017556835, -0.01771133, -0.017785536, -0.017927995, -0.018062705, -0.018127223, -0.018250827, -0.018366959, -0.018475527, -0.018526865, -0.018623466, -0.01871188, -0.018752921, -0.018828748, -0.018896392, -0.018956142, -0.01898316, -0.019031435, -0.019071963, -0.019089207, -0.019117288, -0.019136645, -0.019146856, -0.019148627, -0.019145241, -0.019132853, -0.019123364, -0.019097794, -0.019063467, -0.019042894, -0.018994797, -0.018937299, -0.018870441, -0.018833712, -0.018753998, -0.018666422, -0.018619895, -0.018521408, -0.018415924, -0.018302934, -0.018243356, -0.018117575, -0.01798224, -0.017910874, -0.017760921, -0.017601583, -0.017518647, -0.017346434, -0.017166205, -0.016977927, -0.01688067, -0.016679117, -0.016467595, -0.016357768, -0.016129572, -0.015889935, -0.015639607, -0.015510848, -0.015246929, -0.014975664, -0.014837463, -0.01455648, -0.014269011, -0.014122727, -0.013824238, -0.013516728, -0.013199616, -0.0130373025, -0.012705577, -0.01236518, -0.012192152, -0.011841065, -0.011483802, -0.011120424, -0.010936189, -0.010561818, -0.010179053, -0.009984359, -0.00958839, -0.009184305, -0.008979503, -0.008565191, -0.00814492, -0.007718586, -0.0075027123, -0.0070639267, -0.0066124112, -0.006380171, -0.0058983793, -0.00538662, -0.004839024, -0.0045540407, -0.003995903, -0.0035930977, -0.0035346688, 0, 0
0, 0, 0, -0.0030034378, -0.0030577176, -0.0034468165, -0.004000319, -0.004289085, -0.0048554065, -0.005396683, -0.005914021, -0.006165115, -0.006653913, -0.00712737, -0.007358849, -0.007812211, -0.00825365, -0.008683881, -0.008895035, -0.009309272, -0.009712798, -0.009910492, -0.010298012, -0.010675146, -0.010859881, -0.011222253, -0.011575303, -0.01191919, -0.012087798, -0.012418414, -0.012740515, -0.012898483, -0.013208678, -0.013511479, -0.013807382, -0.013952929, -0.01423925, -0.014519003, -0.014656109, -0.01492435, -0.015183724, -0.015309903, -0.015555059, -0.015790673, -0.016017143, -0.016127016, -0.016340576, -0.0165466, -0.0166469, -0.016842129, -0.017030386, -0.01721133, -0.017298793, -0.017467525, -0.017627813, -0.017704768, -0.017852403, -0.017992174, -0.018059403, -0.018188588, -0.018311057, -0.01842651, -0.018481487, -0.01858562, -0.018681472, -0.0187261, -0.018808631, -0.018882273, -0.0189474, -0.018977016, -0.01903032, -0.019075766, -0.019095525, -0.019128531, -0.019152476, -0.01916683, -0.019170329, -0.019169874, -0.01915934, -0.019150302, -0.019124985, -0.019090109, -0.019069064, -0.019019596, -0.018960448, -0.018891715, -0.018853879, -0.018771674, -0.018681185, -0.018632896, -0.018530397, -0.01841999, -0.01830128, -0.018238656, -0.018106438, -0.017964566, -0.017890025, -0.01773376, -0.01756853, -0.017482657, -0.01730492, -0.017119098, -0.016925462, -0.016825492, -0.016618548, -0.016401732, -0.016289242, -0.016055921, -0.015811445, -0.015556661, -0.015425812, -0.015157807, -0.014882504, -0.014742369, -0.0144576095, -0.014166902, -0.014019085, -0.013717959, -0.013408494, -0.013089688, -0.012926607, -0.012593024, -0.012250228, -0.012075593, -0.011720705, -0.011358963, -0.010990872, -0.01080433, -0.010425867, -0.010039615, -0.009843374, -0.009443991, -0.009035574, -0.008827882, -0.008405652, -0.007973986, -0.0075320206, -0.007306736, -0.006845815, -0.006368199, -0.006121555, -0.005608561, -0.0050626257, -0.004477646, -0.0041724476, -0.0035679035, -0.0031051107, -0.00301384, 0, 0
0, 0, 0, -0.0031620343, -0.0032128906, -0.0035978474, -0.0041488265, -0.004436788, -0.0050021945, -0.0055426043, -0.0060586035, -0.0063085086, -0.006794114, -0.0072631515, -0.0074921027, -0.0079400465, -0.008375463, -0.008799071, -0.009006444, -0.009412127, -0.00980551, -0.009997511, -0.010372594, -0.01073659, -0.010914692, -0.011264029, -0.011604638, -0.011936803, -0.012099751, -0.012419129, -0.0127296, -0.012881612, -0.013179298, -0.013469032, -0.01375194, -0.013891177, -0.01416584, -0.0144354375, -0.014568234, -0.014829132, -0.015082986, -0.0152069405, -0.015448687, -0.015682004, -0.015907004, -0.016016547, -0.016230237, -0.016437333, -0.016538514, -0.016736334, -0.016927863, -0.017112399, -0.017201776, -0.017374316, -0.01753795, -0.01761643, -0.017766962, -0.017909463, -0.017978024, -0.018110082, -0.018235732, -0.018354826, -0.01841183, -0.018520284, -0.018620942, -0.018668083, -0.018755693, -0.018834362, -0.018904429, -0.018936452, -0.01899445, -0.019044427, -0.019066209, -0.019102989, -0.019130073, -0.019146755, -0.019151097, -0.019151706, -0.019141413, -0.019132258, -0.019106524, -0.019070925, -0.01904954, -0.018999672, -0.018940363, -0.01887162, -0.018833816, -0.01875143, -0.01866036, -0.018611576, -0.01850755, -0.018394565, -0.018272473, -0.018207917, -0.018071633, -0.017925695, -0.017849142, -0.01768908, -0.01752026, -0.017432733, -0.017251568, -0.017062534, -0.016865388, -0.016763667, -0.016553504, -0.016333848, -0.016220206, -0.015985241, -0.015740337, -0.015486171, -0.0153558375, -0.015089221, -0.014815336, -0.0146758035, -0.014391883, -0.01410165, -0.01395413, -0.013653728, -0.013345551, -0.013028847, -0.012867109, -0.012536729, -0.012197358, -0.012024352, -0.011672181, -0.011312232, -0.010945157, -0.01075898, -0.010380987, -0.0099948635, -0.009798437, -0.009398441, -0.008987937, -0.0087785125, -0.008350806, -0.0079105515, -0.007456612, -0.0072241416, -0.006746848, -0.0062510935, -0.0059952578, -0.005464807, -0.004904968, -0.0043132897, -0.0040090345, -0.0034192533, -0.0029919862, -0.00292283, 0, 0
0, 0, 0, -0.0033582053, -0.003411565, -0.0038141129, -0.0043868753, -0.0046844627, -0.0052648047, -0.0058139022, -0.006333003, -0.0065826387, -0.007064935, -0.007527482, -0.007752427, -0.00819084, -0.008615351, -0.009026568, -0.009227193, -0.009618271, -0.009995718, -0.010179269, -0.010536905, -0.01088292, -0.011052159, -0.011384068, -0.011707918, -0.0120241, -0.012179174, -0.012483062, -0.012778074, -0.012922197, -0.013203883, -0.013477491, -0.013744281, -0.013875595, -0.014134888, -0.014390314, -0.014516526, -0.014765709, -0.015009615, -0.015129391, -0.0153640965, -0.015592073, -0.015813459, -0.01592173, -0.016133677, -0.016339984, -0.016441125, -0.01663911, -0.01683114, -0.01701639, -0.017106224, -0.017279783, -0.01744478, -0.017523967, -0.017675998, -0.017820047, -0.017889433, -0.018023048, -0.018150203, -0.018270785, -0.018328588, -0.018438878, -0.018541858, -0.018590381, -0.018681156, -0.018763723, -0.018837966, -0.018872127, -0.018934252, -0.018987838, -0.01901119, -0.019050406, -0.019078985, -0.019096324, -0.0191007, -0.01910088, -0.019089941, -0.019080408, -0.019054007, -0.019017994, -0.018996654, -0.018947268, -0.018888842, -0.01882144, -0.018784413, -0.018703653, -0.018614057, -0.018565856, -0.018462682, -0.018350003, -0.018227594, -0.01816273, -0.018025748, -0.017879063, -0.0178022, -0.017641695, -0.01747228, -0.017384406, -0.0172024, -0.017012065, -0.0168132, -0.016710494, -0.016498286, -0.016277002, -0.01616295, -0.015928201, -0.015685236, -0.015434733, -0.015306649, -0.015045233, -0.014776842, -0.014640006, -0.014361203, -0.014075545, -0.013930184, -0.013634101, -0.013330778, -0.01302005, -0.01286182, -0.0125393085, -0.01220875, -0.0120403385, -0.011697149, -0.0113456575, -0.010985923, -0.010802944, -0.010430581, -0.010048959, -0.009854425, -0.009457365, -0.009048776, -0.008839883, -0.008412058, -0.007970018, -0.0075127045, -0.0072779674, -0.006795576, -0.00629452, -0.0060363635, -0.0055030147, -0.0049441974, -0.00435974, -0.0040622544, -0.0034935812, -0.0030950902, -0.0030396036, 0, 0
0, 0, 0, -0.0035895568, -0.0036482709, -0.0040812744, -0.0046919156, -0.005006246, -0.0056120297, -0.0061755693, -0.0066996366, -0.006948974, -0.007426617, -0.007880308, -0.0080996305, -0.008525023, -0.008934465, -0.009329049, -0.009520902, -0.009893491, -0.010251538, -0.010425262, -0.010762948, -0.011089049, -0.0112484675, -0.0115608135, -0.011865548, -0.012162867, -0.012308631, -0.012594062, -0.01287085, -0.013006034, -0.013270051, -0.013526366, -0.013776215, -0.013899224, -0.014142368, -0.014382125, -0.014500921, -0.014736134, -0.014967718, -0.015081988, -0.015307169, -0.01552753, -0.015742997, -0.015848821, -0.016056813, -0.016259791, -0.016359365, -0.016554331, -0.016743435, -0.016926154, -0.017014952, -0.017187025, -0.017351532, -0.017430907, -0.017583825, -0.017729528, -0.017799752, -0.017935032, -0.018063309, -0.018184554, -0.01824251, -0.018353134, -0.018456653, -0.018505665, -0.018598095, -0.018682934, -0.018760158, -0.018795902, -0.018861031, -0.01891716, -0.018941445, -0.018981976, -0.019011071, -0.019028427, -0.019032657, -0.019032508, -0.019021433, -0.019011972, -0.018985748, -0.018950434, -0.018929617, -0.018881561, -0.01882479, -0.018759357, -0.018723339, -0.018644938, -0.01855785, -0.018510992, -0.018410245, -0.0182999, -0.01817976, -0.018115954, -0.017981032, -0.017836502, -0.017760677, -0.017602282, -0.017434807, -0.01734777, -0.017167082, -0.016977387, -0.016778408, -0.016675344, -0.016462428, -0.01624062, -0.016126646, -0.015893325, -0.01565345, -0.015407957, -0.015283091, -0.015029151, -0.014769101, -0.014636593, -0.014366478, -0.014089351, -0.013948058, -0.01366012, -0.013365275, -0.013063833, -0.012910586, -0.012599299, -0.012280873, -0.012118843, -0.011788582, -0.011449831, -0.011102225, -0.010924965, -0.010562991, -0.010190631, -0.010000375, -0.009611317, -0.009210389, -0.0090051945, -0.00858464, -0.008149577, -0.0076988717, -0.007467344, -0.006991025, -0.0064957426, -0.006240286, -0.0057115955, -0.005156287, -0.0045735654, -0.0042761, -0.0037061088, -0.0033072983, -0.0032542231, 0, 0
0, 0, 0, -0.0038651715, -0.003929601, -0.004396989, -0.0050492133, -0.0053811115, -0.006011444, -0.0065862346, -0.007111291, -0.007358334, -0.007827315, -0.008268737, -0.008480782, -0.008890023, -0.009281435, -0.009656559, -0.009838383, -0.010190571, -0.010528218, -0.010691926, -0.011009786, -0.011316591, -0.011466335, -0.01175958, -0.012045061, -0.012322954, -0.012459058, -0.012725288, -0.012983769, -0.013110044, -0.013357117, -0.013597583, -0.013832405, -0.013948156, -0.014176966, -0.014402715, -0.014514566, -0.014736408, -0.014955572, -0.01506417, -0.015279136, -0.015490928, -0.015699169, -0.015801826, -0.016004018, -0.016201464, -0.016298315, -0.016487744, -0.016671386, -0.016849041, -0.016935663, -0.01710433, -0.017267076, -0.017346203, -0.0174998, -0.017646983, -0.017718133, -0.01785508, -0.017984575, -0.018106388, -0.018164348, -0.018274585, -0.018377744, -0.018426752, -0.018519567, -0.018605448, -0.018684149, -0.018720655, -0.018787446, -0.018844713, -0.018869484, -0.018910665, -0.01894019, -0.018958077, -0.018962799, -0.018963737, -0.01895425, -0.018945776, -0.018921856, -0.018888883, -0.018869186, -0.018823206, -0.018768478, -0.018704994, -0.018670019, -0.01859375, -0.018509032, -0.018463477, -0.018365411, -0.018257977, -0.01814086, -0.018078597, -0.017946808, -0.017805304, -0.017731005, -0.017575413, -0.017410876, -0.017325282, -0.017147195, -0.016959706, -0.016762506, -0.016660253, -0.016448727, -0.016228603, -0.016115718, -0.015885355, -0.015650073, -0.015410717, -0.015289623, -0.015044261, -0.014794102, -0.0146668805, -0.014407785, -0.014141696, -0.014005937, -0.013729038, -0.013445232, -0.013154984, -0.013007563, -0.012708394, -0.012402919, -0.012247532, -0.011931183, -0.011606715, -0.011273449, -0.011103205, -0.010755217, -0.010396493, -0.010212961, -0.009837448, -0.009450219, -0.0092520695, -0.008845826, -0.008425443, -0.007989394, -0.0077649807, -0.0073022475, -0.0068186824, -0.0065678926, -0.006044847, -0.0054879016, -0.004893769, -0.004586588, -0.0039911293, -0.0035693706, -0.0035123562, 0, 0
0, 0, 0, -0.0041965335, -0.0042617107, -0.004751788, -0.0054314295, -0.0057733064, -0.0064138835, -0.0069882786, -0.0075061037, -0.0077479356, -0.008204326, -0.008631066, -0.008835097, -0.009226899, -0.009599379, -0.009954562, -0.010126166, -0.010458285, -0.0107766045, -0.010931049, -0.011231301, -0.011521185, -0.011662694, -0.011939375, -0.0122080175, -0.012468863, -0.012596488, -0.012846233, -0.013089083, -0.01320817, -0.013441907, -0.013670556, -0.013894814, -0.014005471, -0.014224177, -0.014439851, -0.014546552, -0.014758091, -0.014967217, -0.015071015, -0.015277177, -0.015481288, -0.015682815, -0.015782489, -0.015978862, -0.016170606, -0.016264493, -0.016447997, -0.016625527, -0.016797492, -0.016881572, -0.017046135, -0.017206429, -0.01728489, -0.017438313, -0.017586146, -0.017657854, -0.017795837, -0.017926078, -0.018047994, -0.018105857, -0.018215653, -0.018318268, -0.018367022, -0.018459603, -0.01854553, -0.018624373, -0.0186609, -0.018727792, -0.018785022, -0.01880982, -0.018851183, -0.018881401, -0.01890087, -0.018906618, -0.018910522, -0.018904578, -0.018898021, -0.018877951, -0.018848553, -0.018830357, -0.018786985, -0.01873431, -0.018672464, -0.018638263, -0.018563366, -0.01848022, -0.018435407, -0.018339287, -0.018233955, -0.018119082, -0.018057952, -0.017928356, -0.017788809, -0.01771552, -0.017561968, -0.017399803, -0.017315602, -0.017140642, -0.016956737, -0.016763376, -0.016663298, -0.016456243, -0.016241053, -0.016130848, -0.015906215, -0.01567746, -0.0154452855, -0.015328153, -0.01509148, -0.014851022, -0.014728973, -0.0144805815, -0.014225723, -0.01409565, -0.013830182, -0.013557757, -0.013278876, -0.013137163, -0.012849294, -0.012555443, -0.012406177, -0.012102503, -0.011791481, -0.01147243, -0.011309571, -0.01097695, -0.010634379, -0.010459202, -0.010100878, -0.009731469, -0.009542412, -0.009154876, -0.008753183, -0.008335425, -0.008119808, -0.007673395, -0.0072032036, -0.006957398, -0.006439249, -0.005877169, -0.0052642766, -0.0049422383, -0.004309416, -0.00385519, -0.0037926442, 0, 0
0, 0, 0, -0.0046035033, -0.004649343, -0.0051164865, -0.005782793, -0.006118246, -0.006745052, -0.0073053967, -0.007809968, -0.008045478, -0.008489476, -0.008903412, -0.009100683, -0.009477912, -0.009834467, -0.010172669, -0.010335745, -0.0106510855, -0.010953763, -0.011100894, -0.01138759, -0.011664996, -0.011800499, -0.012065302, -0.012322029, -0.012571163, -0.012692996, -0.012931791, -0.013164991, -0.013279794, -0.013506376, -0.013729262, -0.013948714, -0.01405714, -0.01427156, -0.014482477, -0.014586614, -0.014792471, -0.014995689, -0.015096556, -0.015297095, -0.0154961785, -0.015693463, -0.015791146, -0.015983703, -0.016171684, -0.016263582, -0.016442943, -0.016616203, -0.016783906, -0.016866047, -0.017027376, -0.017185267, -0.017262924, -0.017415157, -0.017562507, -0.017633948, -0.01777158, -0.017901361, -0.018022848, -0.018080387, -0.01818973, -0.01829186, -0.018340344, -0.01843236, -0.018517572, -0.018595511, -0.018631592, -0.01869705, -0.018753171, -0.018777471, -0.01881838, -0.018849172, -0.018870307, -0.01887738, -0.018884657, -0.018882731, -0.018878324, -0.018862188, -0.018836249, -0.018819537, -0.018778445, -0.018727241, -0.018666543, -0.018632751, -0.018558685, -0.018476257, -0.018431824, -0.018336426, -0.01823194, -0.018117841, -0.01805708, -0.01792798, -0.01778892, -0.017715845, -0.017563157, -0.0174025, -0.017319316, -0.017147457, -0.016967941, -0.01678033, -0.016683444, -0.016483722, -0.016276399, -0.016170273, -0.015953772, -0.015732653, -0.015507866, -0.015394225, -0.015164593, -0.014931366, -0.014813003, -0.014572452, -0.014326096, -0.014200471, -0.013944197, -0.013681224, -0.013411876, -0.013274896, -0.01299659, -0.01271252, -0.012568288, -0.012275203, -0.011975605, -0.011668964, -0.011512776, -0.011194294, -0.010867131, -0.010700065, -0.010358602, -0.010006925, -0.009826876, -0.009457329, -0.009073443, -0.008672842, -0.008465395, -0.008034155, -0.0075769243, -0.007336386, -0.00682523, -0.0062628826, -0.005638944, -0.005306542, -0.0046458417, -0.0041688443, -0.0041055805, 0, 0
0, 0, 0, -0.0051210606, -0.005086079, -0.0054216613, -0.006010088, -0.0063209403, -0.006916258, -0.0074594086, -0.007954325, -0.00818656, -0.008625051, -0.009033452, -0.009227629, -0.009597466, -0.0099452995, -0.010273868, -0.010431917, -0.010737712, -0.011031675, -0.011174862, -0.011454502, -0.011725879, -0.011858584, -0.0121182725, -0.012370223, -0.012614975, -0.012734862, -0.012970483, -0.013201691, -0.01331595, -0.013542386, -0.0137661025, -0.013987025, -0.014096269, -0.014312012, -0.014523756, -0.014628107, -0.014833676, -0.015035861, -0.015136139, -0.015335383, -0.015533277, -0.015729608, -0.01582679, -0.016018566, -0.016205717, -0.016297136, -0.01647547, -0.016647588, -0.016814137, -0.016895663, -0.017055849, -0.017212564, -0.017289596, -0.01744058, -0.017586587, -0.01765732, -0.01779347, -0.01792204, -0.018042384, -0.01809964, -0.018208403, -0.01830996, -0.018358104, -0.018449238, -0.018533118, -0.018609224, -0.018644182, -0.018707268, -0.018761098, -0.018784452, -0.018823972, -0.018854288, -0.018876042, -0.018883795, -0.018892905, -0.018893337, -0.01889007, -0.018876199, -0.018852022, -0.018835979, -0.018795867, -0.018745363, -0.018685138, -0.018651644, -0.018577972, -0.018495787, -0.018451402, -0.018356116, -0.018251548, -0.018137168, -0.018076252, -0.017946828, -0.017807497, -0.017734334, -0.017581932, -0.017422251, -0.017340006, -0.017171005, -0.016995799, -0.01681412, -0.016720707, -0.01652877, -0.016329994, -0.016228078, -0.016019568, -0.015805343, -0.015586197, -0.015474917, -0.015249112, -0.01501895, -0.014902163, -0.014664847, -0.014422353, -0.014299058, -0.014048014, -0.013791103, -0.013528272, -0.013394799, -0.01312371, -0.012847216, -0.012706912, -0.012422054, -0.012131223, -0.011833821, -0.011682537, -0.011374459, -0.011058357, -0.010897123, -0.010567684, -0.010228311, -0.0100545, -0.009697361, -0.009325689, -0.00893679, -0.008735013, -0.008314594, -0.007867803, -0.0076324763, -0.0071318746, -0.006580505, -0.0059674536, -0.0056402967, -0.0049911262, -0.004536598, -0.00449259, 0, 0
0, 0, 0, -0.005748542, -0.0054784752, -0.0055204565, -0.005994983, -0.00628258, -0.0068611493, -0.0074045784, -0.007904631, -0.008139739, -0.008583548, -0.008995958, -0.0091915615, -0.0095633855, -0.009912101, -0.010241135, -0.010399465, -0.010705859, -0.011000997, -0.011144947, -0.01142651, -0.011700208, -0.011834235, -0.01209677, -0.012352189, -0.012600853, -0.012722983, -0.012963653, -0.013200505, -0.013317864, -0.013550768, -0.013781287, -0.0140089085, -0.014121463, -0.014343542, -0.014561086, -0.0146680465, -0.01487846, -0.015084794, -0.015186815, -0.015389182, -0.015589768, -0.015788332, -0.015886512, -0.016080108, -0.01626893, -0.016361287, -0.016541515, -0.016715769, -0.01688451, -0.016967027, -0.017128814, -0.01728659, -0.01736381, -0.017514618, -0.017659592, -0.017729748, -0.01786446, -0.017991673, -0.018111043, -0.018167906, -0.018275922, -0.018376632, -0.01842428, -0.0185139, -0.018595692, -0.018669203, -0.01870261, -0.018762657, -0.018813455, -0.018835437, -0.018872589, -0.018901106, -0.018921502, -0.018928679, -0.01893699, -0.01893661, -0.018932993, -0.01891831, -0.018893441, -0.018877065, -0.01883635, -0.018785477, -0.018725056, -0.018691527, -0.018617885, -0.018535612, -0.018491179, -0.018395372, -0.018290244, -0.018175283, -0.01811411, -0.017984342, -0.017845038, -0.01777207, -0.017620219, -0.017461648, -0.017380109, -0.017213061, -0.017040737, -0.016862974, -0.01677198, -0.016585281, -0.016392121, -0.016292997, -0.016089404, -0.015878977, -0.015662136, -0.015551509, -0.015325831, -0.015094748, -0.014977374, -0.014739004, -0.014495984, -0.0143727865, -0.0141228875, -0.01386825, -0.013608604, -0.013477004, -0.013210199, -0.01293841, -0.012800637, -0.012520848, -0.012235008, -0.011942629, -0.01179377, -0.011490262, -0.011178597, -0.0110194115, -0.010694005, -0.010358316, -0.010186282, -0.009832721, -0.009464522, -0.00907896, -0.008878771, -0.008461541, -0.008018252, -0.007785289, -0.007292075, -0.0067555653, -0.0061720405, -0.005868626, -0.00529592, -0.00497158, -0.0050076214, 0, 0
0, 0, 0, -0.006124877, -0.005427642, -0.005215888, -0.005677688, -0.005979041, -0.00658993, -0.0071602096, -0.007679854, -0.007922494, -0.008378596, -0.008801091, -0.009001389, -0.009382667, -0.009741245, -0.01008088, -0.010244798, -0.010562746, -0.010869575, -0.011019412, -0.01131261, -0.011597773, -0.011737454, -0.012011245, -0.012278087, -0.012538448, -0.012666572, -0.012919242, -0.013168182, -0.013291513, -0.013536201, -0.013777907, -0.014016251, -0.0141340215, -0.014366149, -0.014593379, -0.01470506, -0.014924549, -0.015139427, -0.015245395, -0.015454823, -0.015661363, -0.015864743, -0.015965037, -0.016162297, -0.016354633, -0.016448807, -0.0166329, -0.016811492, -0.016984819, -0.017069573, -0.01723549, -0.017396335, -0.01747467, -0.017626818, -0.017772181, -0.017842192, -0.017976465, -0.018103067, -0.018221853, -0.018278282, -0.018385358, -0.018484857, -0.018531585, -0.01861911, -0.018698152, -0.018768411, -0.01880019, -0.018856876, -0.018904528, -0.018924985, -0.018959379, -0.018985255, -0.019002836, -0.019008534, -0.019013613, -0.019009756, -0.019004349, -0.01898638, -0.018958507, -0.018940814, -0.018898183, -0.018846026, -0.018784773, -0.018750811, -0.018676462, -0.018593159, -0.018548165, -0.018451132, -0.018344736, -0.018228775, -0.018167261, -0.018037403, -0.017898593, -0.01782606, -0.01767514, -0.017517323, -0.01743604, -0.017269243, -0.017097082, -0.016919546, -0.01682873, -0.016642496, -0.016449787, -0.016350832, -0.01614741, -0.015936518, -0.015718425, -0.015606743, -0.015378445, -0.01514411, -0.015024866, -0.014782954, -0.014536699, -0.014412144, -0.014160056, -0.013904089, -0.013643885, -0.013512178, -0.013245658, -0.012974503, -0.012837042, -0.012557746, -0.012272057, -0.011979251, -0.011829864, -0.011524767, -0.011210321, -0.011049316, -0.010719642, -0.010378903, -0.01020418, -0.009845155, -0.009471449, -0.009080214, -0.008876961, -0.008452914, -0.008001611, -0.007764202, -0.0072625824, -0.006722714, -0.0061532296, -0.005871989, -0.0054112566, -0.0053772037, -0.0056461086, 0, 0
0, 0, 0, -0.0043306192, -0.0042799087, -0.004569378, -0.0051984843, -0.0055440976, -0.0062085213, -0.0068068556, -0.007342162, -0.0075903926, -0.008055945, -0.008488129, -0.00869395, -0.009088192, -0.0094624255, -0.0098200245, -0.0099934945, -0.010331412, -0.010658618, -0.010818557, -0.0111315, -0.011435734, -0.011584751, -0.011876772, -0.012161462, -0.012439575, -0.012576497, -0.012846357, -0.01311186, -0.01324318, -0.013503046, -0.013759029, -0.014010835, -0.014135131, -0.014380118, -0.014619995, -0.014737886, -0.014969686, -0.015196275, -0.015307763, -0.01552716, -0.015741967, -0.015952129, -0.016055288, -0.016257605, -0.01645459, -0.016551128, -0.016740208, -0.01692422, -0.017103186, -0.017190674, -0.017361607, -0.017526455, -0.01760638, -0.017760636, -0.017907267, -0.017977567, -0.018112155, -0.018238747, -0.01835724, -0.01841343, -0.01851958, -0.018617438, -0.0186631, -0.018747926, -0.018823769, -0.018890698, -0.018920891, -0.018974636, -0.019019734, -0.019039085, -0.01907118, -0.019094659, -0.01910925, -0.019113151, -0.019114058, -0.019105617, -0.019097846, -0.019075297, -0.019043438, -0.019024117, -0.018978918, -0.018924873, -0.01886201, -0.018827247, -0.018750845, -0.018665263, -0.01861895, -0.018519288, -0.018410373, -0.018292595, -0.018230455, -0.018099925, -0.017961243, -0.017888898, -0.017738173, -0.017580032, -0.017498298, -0.017329654, -0.017154664, -0.016973536, -0.016880607, -0.016690087, -0.016492927, -0.016391657, -0.01618385, -0.015968807, -0.015746625, -0.015632901, -0.01540058, -0.015162134, -0.015040819, -0.014794546, -0.0145439375, -0.014417106, -0.014160501, -0.013899789, -0.013634836, -0.013500787, -0.013229373, -0.012953201, -0.012813141, -0.012528498, -0.012237247, -0.011938353, -0.011785688, -0.0114733055, -0.011150453, -0.010984882, -0.0106450645, -0.010293451, -0.010113004, -0.009742385, -0.0093568135, -0.008953289, -0.008743507, -0.008304725, -0.007834986, -0.007586272, -0.0070566344, -0.0064806184, -0.005870457, -0.005571984, -0.0051186727, -0.005332865, -0.006024641, 0, 0
0, 0, 0, -0.003935274, -0.0038858745, -0.00420154, -0.004841044, -0.0051858574, -0.005842429, -0.006431046, -0.006959079, -0.007205303, -0.0076709897, -0.008108875, -0.008319683, -0.008727741, -0.009120238, -0.009499485, -0.009684662, -0.010046821, -0.010398797, -0.010570985, -0.010908149, -0.011235891, -0.011396385, -0.011711007, -0.012017696, -0.012317225, -0.012464555, -0.012754732, -0.013039387, -0.0131798405, -0.013456946, -0.013729085, -0.013996128, -0.014127772, -0.01438727, -0.0146413995, -0.014766415, -0.015012016, -0.015251793, -0.015369432, -0.015600202, -0.015824847, -0.016043002, -0.016149651, -0.016358243, -0.016560739, -0.016659936, -0.016854508, -0.017043935, -0.017228097, -0.017318001, -0.017492993, -0.01766091, -0.01774189, -0.017897626, -0.018044919, -0.018115474, -0.01825016, -0.018376589, -0.018494757, -0.018550592, -0.018655775, -0.01875192, -0.018796623, -0.018878868, -0.018951755, -0.01901587, -0.0190447, -0.01909634, -0.019139778, -0.019158525, -0.01918947, -0.019211428, -0.019223752, -0.019226141, -0.019223493, -0.019210774, -0.019200854, -0.019173868, -0.019138312, -0.019117411, -0.01906952, -0.01901334, -0.018948177, -0.018912068, -0.01883279, -0.018743714, -0.018695604, -0.018592076, -0.018479481, -0.01835872, -0.018295432, -0.018163085, -0.01802322, -0.017950362, -0.017798664, -0.017638817, -0.017555846, -0.017383857, -0.017204192, -0.017017325, -0.016921202, -0.016723761, -0.01651944, -0.016414648, -0.016200017, -0.01597865, -0.015750743, -0.015634432, -0.015397225, -0.015154271, -0.015030735, -0.014779731, -0.014523805, -0.014394074, -0.014130781, -0.013862311, -0.013588598, -0.013449734, -0.013167982, -0.012880954, -0.012735209, -0.012439344, -0.012136922, -0.011827034, -0.011668933, -0.011345303, -0.011010908, -0.010839371, -0.010487134, -0.0101224985, -0.009935418, -0.009551216, -0.009151971, -0.008734668, -0.0085177645, -0.0080636125, -0.0075751063, -0.007314755, -0.006754318, -0.006131747, -0.0054484904, -0.005096714, -0.0044617597, -0.0041687973, -0.0042170533, 0, 0
0, 0, 0, -0.004177242, -0.0040550185, -0.004174477, -0.0046597966, -0.0049487688, -0.005526471, -0.0060681636, -0.006570852, -0.0068103937, -0.0072717024, -0.0077145225, -0.007930549, -0.008353318, -0.008765199, -0.00916687, -0.009363985, -0.009750751, -0.010127589, -0.010312238, -0.010673935, -0.011025853, -0.011198306, -0.011536528, -0.011866323, -0.012188378, -0.012346683, -0.012658125, -0.012962928, -0.013112879, -0.0134079605, -0.013696785, -0.0139794545, -0.014118619, -0.014392565, -0.014660743, -0.014792573, -0.015051489, -0.015303841, -0.015427423, -0.015669204, -0.015903482, -0.016129995, -0.016240342, -0.016455619, -0.016664198, -0.016766237, -0.016966023, -0.017160006, -0.017347815, -0.01743911, -0.017616041, -0.017784527, -0.017865457, -0.0180206, -0.018166771, -0.01823666, -0.0183703, -0.018495819, -0.01861311, -0.018668577, -0.018772714, -0.018867569, -0.018911432, -0.018991696, -0.019062553, -0.019124556, -0.019152518, -0.019202793, -0.019245466, -0.019263932, -0.019294245, -0.019315284, -0.019326033, -0.019327378, -0.019321954, -0.01930591, -0.0192942, -0.019263722, -0.019224979, -0.01920269, -0.019152217, -0.019093607, -0.01902584, -0.018988417, -0.018906098, -0.018813511, -0.018763429, -0.018656239, -0.018540079, -0.018415974, -0.018351255, -0.018216472, -0.018074539, -0.01800074, -0.017847165, -0.017685134, -0.017600719, -0.017425386, -0.017241431, -0.017049225, -0.016950188, -0.016746366, -0.016535202, -0.016427007, -0.016205454, -0.015977241, -0.015742876, -0.015623498, -0.015380394, -0.015131841, -0.015005468, -0.01474856, -0.014485977, -0.014352498, -0.014080621, -0.013801971, -0.013516399, -0.01337097, -0.013075091, -0.012772863, -0.012619421, -0.012308077, -0.011990573, -0.011666307, -0.011501228, -0.011164318, -0.010817009, -0.01063908, -0.010274329, -0.009897149, -0.00970383, -0.009307312, -0.00889639, -0.008468586, -0.0082471175, -0.0077850604, -0.007290046, -0.0070266323, -0.0064588515, -0.00582394, -0.0051180446, -0.004749038, -0.004064896, -0.0037110257, -0.0037468798, 0, 0
0, 0, 0, -0.0048209373, -0.004504239, -0.004232195, -0.004491548, -0.0047130412, -0.005208397, -0.0057098023, -0.006196368, -0.006433802, -0.0068985876, -0.0073523303, -0.0075756586, -0.008015817, -0.008447623, -0.008870586, -0.009078654, -0.009487523, -0.009886377, -0.010081919, -0.010465341, -0.010838783, -0.011021929, -0.011381637, -0.011732707, -0.012075708, -0.012244374, -0.012575902, -0.012899798, -0.013058746, -0.013370824, -0.013675074, -0.013971798, -0.014117513, -0.014403845, -0.014683486, -0.014820734, -0.015090133, -0.015352348, -0.015480642, -0.015731208, -0.01597343, -0.016207095, -0.016320782, -0.016542092, -0.01675599, -0.016860342, -0.017064054, -0.017260702, -0.017449811, -0.017541206, -0.017717306, -0.017883824, -0.01796343, -0.018115418, -0.018258471, -0.018326886, -0.018457979, -0.018581456, -0.018697178, -0.01875195, -0.018854897, -0.018948609, -0.018991766, -0.019070743, -0.01914025, -0.019201051, -0.01922855, -0.019277915, -0.019319909, -0.01933794, -0.019367384, -0.019387182, -0.019396277, -0.019396683, -0.019388823, -0.019369995, -0.019356804, -0.01932342, -0.019281775, -0.019258086, -0.019205038, -0.019143993, -0.019074026, -0.019035498, -0.018950893, -0.018856062, -0.018804908, -0.018695598, -0.018577583, -0.018451687, -0.01838612, -0.0182499, -0.018106736, -0.018032387, -0.017877558, -0.017714178, -0.017629113, -0.017452067, -0.017265888, -0.017070996, -0.016970316, -0.016762856, -0.016547492, -0.016436893, -0.016210077, -0.01597601, -0.015735416, -0.01561278, -0.015362973, -0.015107368, -0.014977427, -0.014713029, -0.014442367, -0.01430448, -0.014023036, -0.013733407, -0.013435244, -0.01328292, -0.0129721975, -0.012653831, -0.0124921035, -0.012164001, -0.011829931, -0.011489693, -0.011316926, -0.010965365, -0.010604278, -0.010419764, -0.010042238, -0.0096530225, -0.009453903, -0.0090466365, -0.008626768, -0.008193194, -0.007970477, -0.007510364, -0.007024962, -0.006769892, -0.006227289, -0.0056307027, -0.00497817, -0.0046423906, -0.004040527, -0.0037847566, -0.0038569309, 0, 0
0, 0, 0, -0.005791231, -0.0047967047, -0.004004352, -0.004156223, -0.0043636328, -0.004854891, -0.005365186, -0.005866542, -0.006112554, -0.006596041, -0.0070693064, -0.007302469, -0.0077622836, -0.008213212, -0.008654871, -0.008872075, -0.009298851, -0.009715008, -0.009919043, -0.010319194, -0.010709205, -0.010900644, -0.011276799, -0.0116446605, -0.012004375, -0.012181386, -0.012529263, -0.012868702, -0.013035028, -0.013360728, -0.013676969, -0.013983939, -0.014134163, -0.014428467, -0.014715003, -0.014855465, -0.015130914, -0.015398812, -0.015529774, -0.015785664, -0.016032856, -0.016271098, -0.016386816, -0.016611826, -0.016828604, -0.016934091, -0.017138934, -0.017335432, -0.017522912, -0.017613096, -0.017785907, -0.01794833, -0.018025719, -0.018173134, -0.018311776, -0.018378139, -0.018505411, -0.018625718, -0.018738743, -0.018792365, -0.01889328, -0.018985264, -0.019027678, -0.01910532, -0.019173656, -0.019233476, -0.019260375, -0.019308677, -0.019349441, -0.019366723, -0.019394562, -0.019412331, -0.019419258, -0.019418443, -0.01940824, -0.019386755, -0.019372137, -0.019336129, -0.019291682, -0.01926669, -0.019211173, -0.019147892, -0.019076414, -0.019037254, -0.018951949, -0.018856987, -0.018805953, -0.018697135, -0.018579999, -0.018455325, -0.018390318, -0.018255305, -0.018113205, -0.018039394, -0.017885627, -0.017723227, -0.017638676, -0.017462505, -0.017277071, -0.01708268, -0.016982026, -0.016774297, -0.016557822, -0.016446294, -0.01621701, -0.015979549, -0.015734542, -0.015609372, -0.015353899, -0.015091728, -0.014958248, -0.014686433, -0.014407834, -0.014265874, -0.013975752, -0.013676677, -0.013368035, -0.013210053, -0.01288711, -0.012555226, -0.012386357, -0.012043152, -0.011693403, -0.011337293, -0.011156666, -0.010789572, -0.010413427, -0.01022165, -0.009830034, -0.009427541, -0.009222252, -0.008803746, -0.008375202, -0.007936886, -0.00771389, -0.007258955, -0.0067892503, -0.006547154, -0.006044324, -0.00551155, -0.004955304, -0.0046830378, -0.004243225, -0.004174617, -0.0043128883, 0, 0
0, 0, 0, 0, -0.00331515, -0.0033232532, -0.0037086962, -0.0039741383, -0.0045409356, -0.005102092, -0.005641912, -0.005904141, -0.0064154747, -0.0069118063, -0.007155103, -0.007632841, -0.008099343, -0.00855495, -0.008778678, -0.009217767, -0.009645468, -0.009855019, -0.010265785, -0.010665952, -0.010862353, -0.011248331, -0.011626062, -0.01199592, -0.012177927, -0.012535797, -0.0128846355, -0.0130553795, -0.013388843, -0.013711279, -0.014022785, -0.014174558, -0.014471187, -0.014759128, -0.014900143, -0.015176532, -0.015445428, -0.015577034, -0.015834149, -0.016082495, -0.016321681, -0.016437763, -0.016662931, -0.016878866, -0.016983466, -0.017185697, -0.017378641, -0.017561609, -0.01764925, -0.017816827, -0.017973928, -0.018048719, -0.018191036, -0.01832469, -0.018388607, -0.018511103, -0.01862675, -0.018735547, -0.018787166, -0.01888441, -0.018973181, -0.019014189, -0.019089423, -0.019155798, -0.019213822, -0.019239876, -0.019286333, -0.01932499, -0.019341098, -0.019366533, -0.01938186, -0.019386377, -0.019384425, -0.019371988, -0.01934846, -0.019332793, -0.01929452, -0.019247884, -0.019221798, -0.019164426, -0.019099789, -0.01902769, -0.018988622, -0.01890427, -0.01881126, -0.018761538, -0.018655915, -0.018542431, -0.01842175, -0.018358808, -0.01822787, -0.01808989, -0.018018086, -0.017868156, -0.017709535, -0.01762673, -0.017454153, -0.01727216, -0.017080827, -0.01698166, -0.016776403, -0.016561856, -0.016451156, -0.016223036, -0.01598614, -0.015741017, -0.015615417, -0.015358279, -0.015093407, -0.014958147, -0.014682135, -0.014398781, -0.014254221, -0.013958853, -0.013654196, -0.01333953, -0.013178332, -0.012848152, -0.012507736, -0.012334019, -0.011979782, -0.011617314, -0.011246914, -0.011058808, -0.010676189, -0.010284241, -0.010084584, -0.009677358, -0.009259696, -0.009047034, -0.008614669, -0.008173917, -0.007725981, -0.007499621, -0.0070418823, -0.0065764007, -0.006340069, -0.005858581, -0.0053665643, -0.0048854165, -0.004673272, -0.0044396906, -0.0047510546, -0.0050873496, 0, 0
0, 0, 0, 0, -0.0029620521, -0.0030204086, -0.0034808954, -0.003780472, -0.0044064624, -0.0050149746, -0.0055912356, -0.0058681634, -0.006402833, -0.0069164014, -0.007166372, -0.0076549714, -0.008129912, -0.008592495, -0.008819304, -0.009263945, -0.009696466, -0.009908183, -0.010322606, -0.010725721, -0.010923378, -0.011311562, -0.011691213, -0.012062856, -0.01224583, -0.012605347, -0.012955516, -0.013126677, -0.013460368, -0.013781871, -0.014091116, -0.014241466, -0.014534499, -0.014818452, -0.014957478, -0.01523002, -0.015495512, -0.015625536, -0.015879823, -0.016125409, -0.016361648, -0.016475998, -0.0166972, -0.016908318, -0.017010093, -0.017206008, -0.01739204, -0.01756804, -0.017652323, -0.017813426, -0.017964527, -0.018036462, -0.018173212, -0.018301185, -0.018362157, -0.018478423, -0.018587625, -0.018689878, -0.01873824, -0.018829394, -0.018912673, -0.018951317, -0.019022344, -0.019085163, -0.01914002, -0.019164586, -0.019207882, -0.019243402, -0.019258076, -0.019280598, -0.019293617, -0.019296324, -0.01929365, -0.019280056, -0.019255731, -0.019239703, -0.019200733, -0.01915337, -0.019126873, -0.019068768, -0.019004093, -0.018932791, -0.018894566, -0.018812861, -0.018723609, -0.018676111, -0.018575367, -0.018467443, -0.018352583, -0.01829271, -0.01816792, -0.018036207, -0.017967569, -0.017823964, -0.017671606, -0.017591901, -0.017425228, -0.017248847, -0.017062703, -0.01696609, -0.016765663, -0.016556185, -0.016448086, -0.016225407, -0.015994389, -0.015755132, -0.015632316, -0.015380126, -0.015119035, -0.014985156, -0.014710873, -0.014428162, -0.014283662, -0.013988122, -0.013683172, -0.013368119, -0.013206591, -0.012875057, -0.012532188, -0.012356457, -0.011996643, -0.011626059, -0.011245167, -0.01105107, -0.01065533, -0.010249338, -0.010042363, -0.00962011, -0.009186973, -0.008966423, -0.008517684, -0.008059835, -0.0075940983, -0.0073585548, -0.0068823886, -0.006398221, -0.0061523872, -0.0056515415, -0.0051399674, -0.004644342, -0.0044344435, -0.004286029, -0.005124237, -0.00616822, 0, 0
0, 0, 0, 0, -0.003090274, -0.0031154207, -0.0035682423, -0.0038743885, -0.004522773, -0.005154858, -0.0057497253, -0.0060335714, -0.006577859, -0.007096202, -0.0073473714, -0.0078366, -0.0083108265, -0.008771929, -0.008997844, -0.009440435, -0.009870382, -0.010080611, -0.010491577, -0.0108904485, -0.011085705, -0.0114684915, -0.011842126, -0.012207313, -0.012386813, -0.012739212, -0.013082055, -0.013249465, -0.013575513, -0.013888995, -0.01419003, -0.014336099, -0.014620487, -0.014895893, -0.015030628, -0.015295036, -0.015553007, -0.01567943, -0.015926637, -0.01616541, -0.016394641, -0.016505392, -0.016718743, -0.016921375, -0.017018631, -0.017205486, -0.017382447, -0.017550133, -0.017630516, -0.01778426, -0.017928854, -0.017997548, -0.018127847, -0.01824873, -0.018305836, -0.018413998, -0.018514387, -0.01860766, -0.018651664, -0.018734513, -0.018810276, -0.018845478, -0.018910429, -0.018967941, -0.019017933, -0.019040119, -0.019078827, -0.019110039, -0.01912273, -0.019141957, -0.019152647, -0.019154295, -0.019151444, -0.019138284, -0.019115105, -0.019099753, -0.019062135, -0.01901602, -0.018990187, -0.018933373, -0.018870478, -0.018801901, -0.018765464, -0.018688027, -0.018604072, -0.0185595, -0.018464902, -0.01836332, -0.018255074, -0.018198581, -0.018080916, -0.017956596, -0.01789183, -0.017756354, -0.017612427, -0.017536962, -0.0173786, -0.017210154, -0.017031623, -0.016938737, -0.016746106, -0.01654497, -0.016441403, -0.016228572, -0.016008437, -0.015780743, -0.0156638, -0.015423011, -0.015172218, -0.015042915, -0.014776645, -0.014500526, -0.014358866, -0.014068554, -0.013768709, -0.013458801, -0.013299793, -0.012973076, -0.012633987, -0.012459541, -0.012100481, -0.011728035, -0.011342929, -0.011145866, -0.010742899, -0.010328341, -0.010116584, -0.009684085, -0.009239119, -0.009011827, -0.008547671, -0.008070702, -0.007581388, -0.0073321937, -0.0068243477, -0.0063020256, -0.0060341205, -0.0054811137, -0.004901824, -0.0043098144, -0.0040298896, -0.0036197633, -0.0036081932, 0, 0, 0
0, 0, 0, 0, -0.0034375105, -0.0034418097, -0.0038922888, -0.004202535, -0.0048612943, -0.0055004763, -0.006097238, -0.0063802283, -0.006920223, -0.0074318103, -0.0076790927, -0.008159839, -0.008625175, -0.009077091, -0.0092983125, -0.009731454, -0.010151769, -0.01035707, -0.010757933, -0.011146138, -0.011335839, -0.011706984, -0.012068082, -0.012419745, -0.012592239, -0.012930241, -0.013258439, -0.013418582, -0.01373045, -0.014030287, -0.01431835, -0.014458101, -0.014730121, -0.014993392, -0.015122233, -0.015374842, -0.01562114, -0.015741749, -0.01597763, -0.016205238, -0.01642339, -0.016528586, -0.01673079, -0.016922189, -0.017013954, -0.017190127, -0.017357249, -0.017515786, -0.017591953, -0.017737806, -0.017874775, -0.017939687, -0.01806204, -0.018174386, -0.01822689, -0.018325184, -0.01841537, -0.01849838, -0.018537449, -0.018610897, -0.01867824, -0.018709593, -0.018767292, -0.018818127, -0.018861772, -0.018880807, -0.018913321, -0.018938709, -0.018948844, -0.018963818, -0.018971901, -0.018972557, -0.01896997, -0.018958276, -0.018937606, -0.01892378, -0.018889414, -0.018846666, -0.018822419, -0.0187692, -0.01871018, -0.01864636, -0.018612636, -0.018541403, -0.018464306, -0.01842332, -0.01833594, -0.01824164, -0.018140491, -0.018087583, -0.017977322, -0.017860964, -0.01780049, -0.017674338, -0.01754051, -0.017470285, -0.017322736, -0.017165147, -0.01699747, -0.016909994, -0.016728576, -0.016539177, -0.016441848, -0.01624226, -0.01603635, -0.015823582, -0.015714232, -0.015488397, -0.015251766, -0.015129176, -0.014875234, -0.014610198, -0.014473727, -0.014193397, -0.01390349, -0.013603915, -0.013450202, -0.013134083, -0.012805049, -0.012635099, -0.012283853, -0.011917349, -0.011536175, -0.011340321, -0.010938704, -0.01052418, -0.01031201, -0.009877581, -0.009428479, -0.009198043, -0.008724319, -0.008232493, -0.007721575, -0.0074587273, -0.006917423, -0.006352804, -0.006060337, -0.005450797, -0.004804676, -0.0041360953, -0.0038148297, -0.0033198297, -0.0032582423, 0, 0, 0
0, 0, 0, 0, -0.0039049424, -0.0038929766, -0.0043531503, -0.00467061, -0.0053377454, -0.0059755337, -0.006564311, -0.0068420097, -0.007370369, -0.007869944, -0.00811114, -0.008579401, -0.009031527, -0.00946949, -0.009683505, -0.010101697, -0.010506942, -0.010704693, -0.011090536, -0.011463772, -0.011645813, -0.0120013, -0.012345682, -0.012679699, -0.01284295, -0.013161832, -0.013470713, -0.013621379, -0.0139148785, -0.014197735, -0.014469937, -0.014602218, -0.014859603, -0.015108497, -0.015230106, -0.015467946, -0.015699014, -0.015811889, -0.016032211, -0.016244434, -0.016447658, -0.016545659, -0.016734142, -0.016912615, -0.016998375, -0.01716336, -0.017320156, -0.017469402, -0.017541056, -0.017678298, -0.017806623, -0.017867122, -0.017980535, -0.018083539, -0.018131224, -0.018219724, -0.01830002, -0.018373542, -0.018408068, -0.018473089, -0.018532561, -0.018560153, -0.018610647, -0.018654399, -0.018690884, -0.018706264, -0.018731501, -0.018750004, -0.018756974, -0.018766854, -0.018771548, -0.018770939, -0.018768338, -0.018758195, -0.018740345, -0.018728418, -0.018698199, -0.018660089, -0.018638333, -0.01859023, -0.018536894, -0.018479511, -0.018449288, -0.018385595, -0.018316617, -0.01827974, -0.018200872, -0.018114839, -0.0180218, -0.017972905, -0.017870497, -0.01776242, -0.017706444, -0.017590174, -0.017467484, -0.017403258, -0.017268455, -0.017124258, -0.016970517, -0.016890183, -0.016722979, -0.016548196, -0.016458215, -0.01627346, -0.01608266, -0.015885178, -0.015783468, -0.0155729195, -0.015351291, -0.015236012, -0.014996497, -0.01474538, -0.014615742, -0.014349167, -0.014073609, -0.013788975, -0.013643034, -0.013342684, -0.01302929, -0.0128670195, -0.012530412, -0.012177377, -0.011808311, -0.011618075, -0.0112268105, -0.010821645, -0.010613765, -0.010186785, -0.00974323, -0.009514469, -0.00904116, -0.00854465, -0.008022703, -0.0077516544, -0.007188188, -0.006593572, -0.006283261, -0.0056335786, -0.004944519, -0.004238892, -0.003906186, -0.0034154893, -0.0033907918, 0, 0, 0
0, 0, 0, 0, -0.004486151, -0.0044308687, -0.0048737326, -0.0051875943, -0.005847278, -0.006474604, -0.0070519093, -0.00732414, -0.007842436, -0.008332692, -0.008569169, -0.009027176, -0.009467195, -0.009890911, -0.010097091, -0.010498668, -0.010886739, -0.011075931, -0.011444939, -0.011801578, -0.011975349, -0.012313881, -0.012640538, -0.012955607, -0.013108829, -0.0134070795, -0.013695179, -0.013835618, -0.01410944, -0.014374096, -0.014629672, -0.01475404, -0.01499629, -0.01522996, -0.015343728, -0.015565363, -0.015779044, -0.01588307, -0.016085153, -0.016279388, -0.016465332, -0.016555192, -0.01672855, -0.016893523, -0.016973117, -0.017126804, -0.017273415, -0.017413003, -0.017479997, -0.017607946, -0.017727023, -0.017783007, -0.017887507, -0.017982021, -0.018025618, -0.018106205, -0.018179173, -0.018245792, -0.01827701, -0.018335618, -0.01838894, -0.018413542, -0.01845778, -0.018494947, -0.018524526, -0.018536447, -0.0185547, -0.01856661, -0.018570598, -0.01857548, -0.018576756, -0.018574448, -0.018571658, -0.018562378, -0.01854693, -0.018536594, -0.018510524, -0.018477341, -0.018458258, -0.018415993, -0.018369071, -0.01831853, -0.018291986, -0.018236052, -0.018175414, -0.018142922, -0.01807319, -0.017996237, -0.017912086, -0.017867466, -0.017773474, -0.017674033, -0.017622426, -0.017515698, -0.017403789, -0.017345538, -0.017223602, -0.017093638, -0.016955018, -0.016882498, -0.0167311, -0.016571866, -0.01648951, -0.016319524, -0.01614286, -0.015959112, -0.015864238, -0.015667373, -0.015460089, -0.015352222, -0.015127942, -0.014892721, -0.014771297, -0.0145216845, -0.014263626, -0.013997325, -0.01386073, -0.013579638, -0.013285754, -0.013133295, -0.012816301, -0.012482338, -0.012131736, -0.0119504435, -0.011576417, -0.0111875655, -0.01098754, -0.010575458, -0.010145586, -0.009923013, -0.009460434, -0.00897181, -0.008454137, -0.008183596, -0.00761721, -0.007013977, -0.006697139, -0.006029756, -0.0053181746, -0.0045892983, -0.004247668, -0.0037541164, -0.0037507208, 0, 0, 0
0, 0, 0, 0, -0.0052462337, -0.0050420226, -0.005368088, -0.0056474907, -0.006269489, -0.0068819607, -0.0074548316, -0.0077268225, -0.00824581, -0.008736516, -0.008972502, -0.009427247, -0.009860487, -0.010274044, -0.010473976, -0.010861662, -0.011234685, -0.011416212, -0.011769962, -0.012111512, -0.012277654, -0.012600639, -0.012910917, -0.013208285, -0.013352317, -0.013631556, -0.0139003005, -0.0140311755, -0.0142865265, -0.014534184, -0.0147741875, -0.014891209, -0.015119268, -0.015338828, -0.015445252, -0.015651535, -0.01584882, -0.015944175, -0.01612874, -0.016305441, -0.016474817, -0.016556846, -0.016715761, -0.016868092, -0.016941909, -0.017084852, -0.017221592, -0.01735156, -0.01741387, -0.01753236, -0.017642608, -0.01769451, -0.017791465, -0.0178797, -0.017920684, -0.017996665, -0.018065676, -0.01812858, -0.018157916, -0.018212471, -0.018261595, -0.01828386, -0.018323248, -0.018355243, -0.01837957, -0.018388879, -0.018402345, -0.01840991, -0.018411998, -0.018413704, -0.018412646, -0.01840896, -0.018405981, -0.018397007, -0.018383278, -0.018374275, -0.018351795, -0.018323228, -0.01830677, -0.018270152, -0.018229228, -0.018184647, -0.018161178, -0.018111588, -0.018057829, -0.01802902, -0.017967004, -0.017898481, -0.017822893, -0.017782524, -0.017696833, -0.017605474, -0.01755793, -0.0174595, -0.017356446, -0.017303037, -0.017191732, -0.01707374, -0.016948473, -0.016882911, -0.016745944, -0.016600948, -0.016525472, -0.01636889, -0.016204817, -0.016033102, -0.01594421, -0.015759844, -0.01556616, -0.015465628, -0.01525711, -0.015039097, -0.014926695, -0.0146955475, -0.014456346, -0.014209082, -0.014082162, -0.013820693, -0.013547046, -0.013404926, -0.01310894, -0.012796429, -0.012467164, -0.012296376, -0.011942884, -0.011573623, -0.011383117, -0.010989504, -0.010577565, -0.010363879, -0.009918974, -0.009447852, -0.008947561, -0.008685333, -0.008134386, -0.0075438195, -0.00723159, -0.006568554, -0.005851654, -0.0051058237, -0.0047527826, -0.004243024, -0.0042546485, 0, 0, 0
0, 0, 0, 0, -0.0062991264, -0.0056253257, -0.0056727664, -0.0058934456, -0.0064786896, -0.0070998147, -0.0076928237, -0.007975028, -0.008511945, -0.009015479, -0.009255942, -0.009715867, -0.010149616, -0.010559597, -0.010756516, -0.011136206, -0.011499592, -0.01167586, -0.012018669, -0.0123487655, -0.012508998, -0.012819665, -0.013116795, -0.013400223, -0.013536988, -0.013801317, -0.014054639, -0.014177877, -0.0144185005, -0.014652332, -0.014879653, -0.014990751, -0.0152074145, -0.015415802, -0.015516661, -0.01571136, -0.015896386, -0.015985353, -0.016156834, -0.016320433, -0.016477225, -0.016553266, -0.016701126, -0.016843455, -0.016912622, -0.017046563, -0.017174603, -0.017295906, -0.01735391, -0.017464114, -0.017566837, -0.017615475, -0.017707335, -0.017792149, -0.017832052, -0.01790677, -0.017974915, -0.018036764, -0.018065372, -0.018117864, -0.018164003, -0.018184593, -0.018220518, -0.018249303, -0.018270992, -0.018279219, -0.018291285, -0.01829827, -0.018300163, -0.018301463, -0.01830003, -0.018295998, -0.018292971, -0.018284345, -0.018271876, -0.018263945, -0.018244566, -0.0182201, -0.018205993, -0.01817433, -0.01813819, -0.01809807, -0.01807648, -0.018030634, -0.017980646, -0.017953929, -0.017896678, -0.017833674, -0.017764363, -0.017727323, -0.017648324, -0.017563568, -0.017519193, -0.017426807, -0.017329635, -0.017279169, -0.017174317, -0.017063884, -0.016947316, -0.016886592, -0.016759789, -0.016625462, -0.016555429, -0.016409589, -0.016256157, -0.01609504, -0.016011603, -0.015838852, -0.015657937, -0.015564482, -0.015371255, -0.015169746, -0.015065846, -0.014851708, -0.014629197, -0.014398258, -0.014279415, -0.014034212, -0.013777539, -0.013644366, -0.013367259, -0.0130749345, -0.012766468, -0.012606067, -0.012272902, -0.01192319, -0.011741981, -0.011366583, -0.010972531, -0.010767894, -0.010341901, -0.009891223, -0.009413101, -0.009162616, -0.0086360285, -0.008069956, -0.007769443, -0.007127246, -0.0064253625, -0.0056869662, -0.0053363126, -0.004841297, -0.0048972513, 0, 0, 0
0, 0, 0, 0, -0.0076963934, -0.005748111, -0.0055584568, -0.005777551, -0.0064164405, -0.007101021, -0.007745403, -0.008047779, -0.008615576, -0.009140118, -0.009388171, -0.0098590115, -0.010299165, -0.010712024, -0.010909301, -0.011287878, -0.011647966, -0.011821924, -0.012158927, -0.012482119, -0.012638635, -0.012941373, -0.013230151, -0.01350515, -0.013637647, -0.013893261, -0.014137713, -0.01425638, -0.014488062, -0.014713172, -0.014932237, -0.015039455, -0.015248931, -0.015450826, -0.015548575, -0.015737344, -0.015916554, -0.016002616, -0.01616811, -0.016325641, -0.01647652, -0.016549738, -0.016692003, -0.016828852, -0.01689524, -0.017023526, -0.017145513, -0.01726061, -0.017315546, -0.017419906, -0.017517805, -0.017564492, -0.017653804, -0.017737819, -0.017777856, -0.01785351, -0.017922856, -0.017985381, -0.018014027, -0.01806588, -0.018110458, -0.018130053, -0.018164221, -0.018191991, -0.018213902, -0.01822279, -0.018236933, -0.01824653, -0.018249769, -0.01825331, -0.01825336, -0.018250069, -0.018247208, -0.018239047, -0.018227398, -0.018220302, -0.018203225, -0.018182155, -0.01816999, -0.018142162, -0.018109536, -0.018071953, -0.018051298, -0.018006386, -0.01795679, -0.0179302, -0.01787356, -0.017812196, -0.017745687, -0.017710272, -0.017635165, -0.017554276, -0.017511738, -0.01742244, -0.017327584, -0.017278166, -0.017175265, -0.01706701, -0.01695346, -0.016894607, -0.016772268, -0.016643463, -0.01657654, -0.016437382, -0.016291339, -0.016138257, -0.016059164, -0.015895689, -0.015725186, -0.015637377, -0.015456147, -0.015266918, -0.015169091, -0.014966648, -0.014755123, -0.014534262, -0.014420243, -0.0141849965, -0.013939221, -0.0138121, -0.013548822, -0.013272292, -0.01298117, -0.012829629, -0.012513986, -0.012181064, -0.012007887, -0.011647561, -0.011268018, -0.011070616, -0.01065951, -0.0102249645, -0.00976427, -0.009523077, -0.009015857, -0.008469828, -0.008179642, -0.0075595663, -0.0068862466, -0.006195522, -0.0058836397, -0.0055156443, -0.0057319286, 0, 0, 0
0, 0, 0, 0, 0, -0.0047189794, -0.0050668456, -0.0054073543, -0.00619321, -0.0069638663, -0.007661646, -0.007982679, -0.008577314, -0.009119599, -0.009374423, -0.009856101, -0.010304866, -0.010724568, -0.010924595, -0.011307142, -0.011669038, -0.011843102, -0.012178922, -0.012499618, -0.012654562, -0.012954328, -0.013240843, -0.013514258, -0.013646275, -0.013901162, -0.01414495, -0.014263166, -0.014493198, -0.014716135, -0.014932736, -0.015038726, -0.0152460355, -0.01544658, -0.015544058, -0.015732935, -0.015912944, -0.015999572, -0.016166445, -0.016325418, -0.016477473, -0.016551137, -0.016693907, -0.016830737, -0.016896872, -0.01702421, -0.017144589, -0.017257724, -0.017311553, -0.017414084, -0.017510625, -0.017556926, -0.017646233, -0.01773141, -0.017772276, -0.017850133, -0.01792184, -0.017986473, -0.018015904, -0.018068792, -0.018113863, -0.018133635, -0.018168462, -0.01819775, -0.018222362, -0.018233089, -0.018251456, -0.01826553, -0.018270912, -0.018278018, -0.018280365, -0.018278083, -0.018275462, -0.018267345, -0.018255996, -0.0182492, -0.018233396, -0.018214291, -0.018203331, -0.018177932, -0.01814736, -0.018110795, -0.018090209, -0.018044217, -0.017992416, -0.017964635, -0.017905511, -0.01784231, -0.017774737, -0.01773924, -0.017664421, -0.017584017, -0.017541567, -0.017452016, -0.017356144, -0.017305827, -0.01720087, -0.017090298, -0.016974587, -0.016914757, -0.016791122, -0.016661838, -0.016594982, -0.016456775, -0.01631246, -0.016162094, -0.016084636, -0.015925042, -0.015759183, -0.015673792, -0.015497593, -0.015313103, -0.015217408, -0.015018616, -0.0148098245, -0.0145911025, -0.014478183, -0.014245285, -0.0140033495, -0.013878884, -0.013622603, -0.013355436, -0.013075462, -0.012929885, -0.012626396, -0.012305064, -0.012137319, -0.011787115, -0.011416803, -0.011223655, -0.0108205965, -0.010393587, -0.009939657, -0.0097013675, -0.0091983, -0.008653733, -0.008363313, -0.007742867, -0.0070792325, -0.006442906, -0.0061999694, -0.0061405175, -0.0068674968, 0, 0, 0
0, 0, 0, 0, 0, -0.00447035, -0.0048477403, -0.0052058473, -0.006019598, -0.006807529, -0.007514988, -0.007839196, -0.008438529, -0.008984856, -0.009241906, -0.009729087, -0.010184483, -0.010611618, -0.01081518, -0.011204302, -0.011571244, -0.011747109, -0.012085407, -0.01240774, -0.012563496, -0.012865683, -0.013156138, -0.013435458, -0.013570953, -0.013833585, -0.014085316, -0.014207295, -0.014443753, -0.014671752, -0.0148923015, -0.015000013, -0.0152107105, -0.015415083, -0.0155148, -0.015708774, -0.01589483, -0.015984796, -0.016158557, -0.016324475, -0.016483078, -0.016559817, -0.01670834, -0.016850313, -0.016918778, -0.017050436, -0.017174695, -0.017291157, -0.017346455, -0.017451819, -0.017550908, -0.01759848, -0.017690279, -0.017778121, -0.017820407, -0.017901314, -0.017976513, -0.018044744, -0.018076053, -0.018132582, -0.018181216, -0.01820279, -0.018241333, -0.018274687, -0.018303834, -0.018316992, -0.018340286, -0.018359024, -0.018366473, -0.018376954, -0.0183815, -0.018380273, -0.018377744, -0.018369451, -0.018357623, -0.018350614, -0.01833449, -0.018315356, -0.018304577, -0.01827958, -0.018249156, -0.01821208, -0.018190814, -0.01814277, -0.018087903, -0.018058328, -0.017995292, -0.017928138, -0.01785691, -0.01781976, -0.017741553, -0.017657816, -0.0176135, -0.017519934, -0.017419538, -0.01736675, -0.017256357, -0.017140059, -0.017018164, -0.016955182, -0.016825203, -0.016689504, -0.0166195, -0.01647519, -0.016325116, -0.016169427, -0.016089395, -0.015925186, -0.015755104, -0.015667649, -0.01548723, -0.015298156, -0.015200041, -0.014996161, -0.014781977, -0.014558066, -0.014442669, -0.014205572, -0.013960721, -0.013835436, -0.013578807, -0.01331293, -0.013035555, -0.012891611, -0.01259168, -0.012273986, -0.012107962, -0.011760955, -0.01139316, -0.011200959, -0.010799003, -0.010371445, -0.0099144615, -0.009673192, -0.00916031, -0.008598849, -0.008296581, -0.0076442296, -0.0069389287, -0.006271597, -0.0060423785, -0.006256738, -0.008367624, 0, 0, 0
0, 0, 0, 0, 0, -0.0048204307, -0.004980863, -0.0052530384, -0.005949437, -0.006669977, -0.0073377476, -0.0076485504, -0.008229457, -0.008765586, -0.00901997, -0.00950563, -0.009963803, -0.01039653, -0.010603592, -0.010999913, -0.011373766, -0.01155286, -0.011897299, -0.012225793, -0.012385125, -0.012695464, -0.012996225, -0.013288072, -0.0134304855, -0.013707949, -0.013974649, -0.014103761, -0.014353822, -0.014593662, -0.014824454, -0.0149368625, -0.015156489, -0.015369525, -0.015473622, -0.015676685, -0.015872505, -0.015967356, -0.016151173, -0.016326975, -0.01649505, -0.016576372, -0.016733933, -0.01688486, -0.01695778, -0.017098384, -0.017231427, -0.01735633, -0.017415615, -0.017528221, -0.017633537, -0.017683862, -0.017780542, -0.017872576, -0.017916907, -0.018002104, -0.01808235, -0.01815632, -0.018190762, -0.018254045, -0.018309606, -0.01833463, -0.018379841, -0.018419346, -0.018454038, -0.01846972, -0.018497441, -0.018519985, -0.018529085, -0.018542398, -0.01854915, -0.018549465, -0.018547308, -0.018539194, -0.018526856, -0.018519338, -0.018501809, -0.018481055, -0.018469272, -0.018442146, -0.018409407, -0.018369928, -0.018347323, -0.018296413, -0.018238405, -0.018206947, -0.018139906, -0.018067969, -0.017991187, -0.017950984, -0.017866168, -0.017775042, -0.01772696, -0.017625548, -0.017517041, -0.017460104, -0.01734134, -0.017216409, -0.017085368, -0.017017512, -0.016877105, -0.016730094, -0.016654026, -0.016496982, -0.016333548, -0.016164038, -0.016077125, -0.01589918, -0.01571553, -0.015621331, -0.015427658, -0.015225653, -0.015121188, -0.014904886, -0.014678964, -0.014443881, -0.014323205, -0.014076224, -0.013822273, -0.0136926975, -0.013427993, -0.013154334, -0.012869326, -0.012721645, -0.012414333, -0.012089893, -0.0119207585, -0.011568179, -0.0111954855, -0.011001138, -0.010594746, -0.010162254, -0.009698483, -0.009452732, -0.008927736, -0.008348242, -0.0080337925, -0.0073475176, -0.0065858117, -0.005808247, -0.005474364, -0.0051533054, 0, 0, 0, 0
0, 0, 0, 0, 0, -0.005488746, -0.005199639, -0.005328087, -0.005855162, -0.0064903777, -0.007109667, -0.0074035805, -0.007959784, -0.008480519, -0.00873001, -0.009210418, -0.009668534, -0.010105223, -0.0103154695, -0.010719511, -0.01110245, -0.011286454, -0.0116414605, -0.011981749, -0.012147404, -0.012471922, -0.012788593, -0.013097985, -0.013249618, -0.013546003, -0.013831663, -0.013970126, -0.014238061, -0.014494469, -0.014740542, -0.014860207, -0.015093542, -0.015319718, -0.015430197, -0.015645707, -0.01585338, -0.01595422, -0.016149404, -0.016336132, -0.016514838, -0.016601473, -0.016769724, -0.016931577, -0.017010149, -0.017162435, -0.017307438, -0.017444097, -0.01750903, -0.017632052, -0.017746497, -0.017800804, -0.017904421, -0.018002456, -0.01804967, -0.018140938, -0.01822779, -0.018309547, -0.01834818, -0.018420363, -0.018485084, -0.018514594, -0.01856805, -0.018614672, -0.018655092, -0.01867305, -0.018704686, -0.018730449, -0.018740995, -0.018757371, -0.0187671, -0.018770076, -0.018769123, -0.018762782, -0.018751008, -0.018743379, -0.018724555, -0.018701086, -0.018687565, -0.018656291, -0.018618891, -0.018574921, -0.018550236, -0.018495504, -0.018433692, -0.018400392, -0.018329013, -0.018251458, -0.01816766, -0.018123247, -0.018029068, -0.017927462, -0.01787391, -0.017761175, -0.017641393, -0.017578868, -0.017448977, -0.017312877, -0.017170161, -0.017096184, -0.016942458, -0.016780695, -0.016696619, -0.016522264, -0.016340084, -0.016150896, -0.016053913, -0.015855597, -0.015651714, -0.015547555, -0.015334306, -0.015113363, -0.014999804, -0.014765921, -0.01452321, -0.0142719885, -0.01414345, -0.013880913, -0.013611448, -0.013473984, -0.013192934, -0.012902121, -0.012599072, -0.012442215, -0.012116857, -0.011775174, -0.011598073, -0.011231154, -0.010846758, -0.010647441, -0.010233184, -0.009794662, -0.009326355, -0.009078699, -0.008550423, -0.007968862, -0.0076544005, -0.006972249, -0.0062260674, -0.0054854834, -0.0051815, -0.004943112, 0, 0, 0, 0
0, 0, 0, 0, 0, -0.005987484, -0.005084374, -0.0051257014, -0.0055931318, -0.0062067, -0.0068084644, -0.0070939073, -0.0076351766, -0.008144799, -0.008390516, -0.008866965, -0.009325678, -0.00976692, -0.00998073, -0.010394377, -0.0107897, -0.010980928, -0.011351697, -0.011709691, -0.011884768, -0.012228732, -0.012565435, -0.012894979, -0.013056616, -0.013372736, -0.013677821, -0.013825816, -0.014112484, -0.014387298, -0.0146512035, -0.01477957, -0.0150298895, -0.015272238, -0.015390406, -0.015620447, -0.015841676, -0.01594878, -0.016156018, -0.016354058, -0.016543755, -0.016635882, -0.016815225, -0.016988626, -0.017073171, -0.017237695, -0.017395124, -0.017544296, -0.017615413, -0.017749947, -0.017874999, -0.017934179, -0.018046724, -0.018152758, -0.01820383, -0.018302657, -0.018397406, -0.018487561, -0.018530602, -0.018611746, -0.01868553, -0.018719371, -0.018780902, -0.018834392, -0.018880341, -0.018900566, -0.01893608, -0.018965233, -0.018977452, -0.01899749, -0.019011356, -0.019018585, -0.019019723, -0.019016929, -0.019007565, -0.019000432, -0.018981382, -0.018955583, -0.018940162, -0.01890399, -0.018860923, -0.018811064, -0.018783513, -0.01872354, -0.01865699, -0.01862115, -0.018544441, -0.018460369, -0.018368285, -0.018319057, -0.01821404, -0.01810028, -0.018040314, -0.017914422, -0.017781349, -0.01771228, -0.017569473, -0.017420283, -0.01726411, -0.017183162, -0.017014528, -0.016836299, -0.01674339, -0.016550085, -0.016347459, -0.016136616, -0.016028551, -0.015807634, -0.015580979, -0.015465495, -0.015229869, -0.014987014, -0.014862573, -0.01460736, -0.014343233, -0.014070568, -0.013931154, -0.013646665, -0.01335449, -0.013205345, -0.012900116, -0.01258413, -0.012255213, -0.012085342, -0.0117343385, -0.0113684675, -0.011180202, -0.010793116, -0.010392063, -0.010185991, -0.009761445, -0.00931723, -0.008847947, -0.00860154, -0.008079845, -0.0075117773, -0.00720776, -0.00655978, -0.0058847605, -0.0053057177, -0.0051469794, -0.0053767674, 0, 0, 0, 0
0, 0, 0, 0, 0, -0.004431376, -0.004437195, -0.0046268622, -0.0052105812, -0.00585359, -0.0064575644, -0.006740713, -0.007276496, -0.0077828662, -0.008028219, -0.00850652, -0.008970261, -0.009419608, -0.009638585, -0.010065242, -0.010476802, -0.010677199, -0.01106848, -0.011448663, -0.011635235, -0.012001884, -0.012360261, -0.012709779, -0.01288079, -0.013214566, -0.013536324, -0.01369251, -0.013995793, -0.014287588, -0.014568883, -0.014705937, -0.014973424, -0.015232229, -0.0153582515, -0.015603177, -0.015837964, -0.015951414, -0.016170593, -0.016380018, -0.016580746, -0.016678328, -0.016868515, -0.017052786, -0.017142696, -0.01731805, -0.017486326, -0.017646287, -0.01772276, -0.017868247, -0.018003987, -0.01806842, -0.018191144, -0.018306848, -0.018362444, -0.018469978, -0.018572733, -0.018670524, -0.018717157, -0.018805433, -0.01888609, -0.018923325, -0.018991305, -0.01905078, -0.01910201, -0.019124681, -0.019164594, -0.019197827, -0.019212127, -0.01923633, -0.019254643, -0.019266551, -0.019270007, -0.019271486, -0.019265372, -0.019259335, -0.019241158, -0.019214358, -0.019197706, -0.019157758, -0.01910967, -0.019054005, -0.019023603, -0.018957628, -0.018885024, -0.018846119, -0.018762786, -0.018671382, -0.018570742, -0.01851678, -0.01840132, -0.018276062, -0.018209966, -0.018071484, -0.017925428, -0.0178499, -0.017693803, -0.017531108, -0.017360918, -0.017272567, -0.017088706, -0.016894067, -0.016792607, -0.016581247, -0.016359562, -0.016128756, -0.016010385, -0.015768345, -0.0155199515, -0.015393439, -0.015135251, -0.014869417, -0.014733209, -0.014453673, -0.0141643295, -0.013865277, -0.013712283, -0.013399755, -0.013078647, -0.012914784, -0.012579823, -0.012234031, -0.011875695, -0.011691457, -0.011312799, -0.010921176, -0.010720861, -0.010311977, -0.009892414, -0.00967853, -0.009242046, -0.008791241, -0.008321607, -0.0080776485, -0.0075661335, -0.0070152916, -0.0067222766, -0.006101277, -0.0054653035, -0.0049736686, -0.004918323, -0.005783723, 0, 0, 0, 0
0, 0, 0, 0, 0, -0.0043147043, -0.004234362, -0.0043867743, -0.0049128993, -0.005521029, -0.0061072484, -0.006386272, -0.0069208504, -0.007432548, -0.0076821726, -0.008170881, -0.008646864, -0.009109706, -0.009336112, -0.009779117, -0.01020954, -0.010420307, -0.0108336685, -0.011236988, -0.011435038, -0.0118236495, -0.0122018205, -0.012568325, -0.012746856, -0.013094189, -0.01342836, -0.013590644, -0.01390643, -0.01421134, -0.014506513, -0.01465066, -0.014932085, -0.015204347, -0.015336825, -0.015593975, -0.015840234, -0.015959233, -0.016189188, -0.01640916, -0.016620355, -0.016723014, -0.01692313, -0.017116733, -0.01721102, -0.017394328, -0.017570255, -0.017737934, -0.017818442, -0.017972704, -0.01811806, -0.018187558, -0.018320695, -0.018446524, -0.018506939, -0.018623108, -0.018733062, -0.018836604, -0.01888573, -0.01897856, -0.019063555, -0.01910302, -0.019175798, -0.019240478, -0.019297043, -0.01932233, -0.019367376, -0.019405246, -0.019421682, -0.019449752, -0.019471478, -0.019486524, -0.019491479, -0.019495836, -0.019492313, -0.019487234, -0.019470444, -0.019444024, -0.019427083, -0.01938578, -0.01933503, -0.019275572, -0.019242784, -0.019171558, -0.019092754, -0.01905063, -0.01896048, -0.01886183, -0.0187537, -0.018695762, -0.01857219, -0.018438214, -0.018367603, -0.018219475, -0.01806306, -0.01798208, -0.017814355, -0.0176393, -0.017455855, -0.017360669, -0.017162533, -0.016953131, -0.016844071, -0.016617395, -0.016379938, -0.016132653, -0.016005773, -0.015745943, -0.015478708, -0.015342198, -0.015063083, -0.014774804, -0.014626782, -0.014322305, -0.014006283, -0.013678908, -0.013511183, -0.013168241, -0.012815994, -0.012636521, -0.012270713, -0.011895006, -0.011508473, -0.0113109145, -0.010907158, -0.01049243, -0.0102812685, -0.009852072, -0.009414185, -0.009192163, -0.008741738, -0.008281439, -0.00780822, -0.007565212, -0.007061589, -0.0065261205, -0.0062427237, -0.0056389854, -0.0049995915, -0.00442293, -0.0042357245, -0.0042278604, 0, 0, 0, 0
0, 0, 0, 0, 0, -0.005979834, -0.004399917, -0.0041979817, -0.004408958, -0.0049339784, -0.0055234656, -0.005818354, -0.0063964142, -0.0069568446, -0.007230361, -0.007764112, -0.008280181, -0.008779049, -0.009022407, -0.009497844, -0.009960008, -0.01018649, -0.010630813, -0.011063336, -0.011274803, -0.01168735, -0.0120850215, -0.0124669, -0.012651955, -0.013010667, -0.013355253, -0.013522803, -0.013849236, -0.014165235, -0.01447144, -0.014620808, -0.014912049, -0.015193043, -0.015329697, -0.015595215, -0.01585094, -0.015975328, -0.016217336, -0.016450979, -0.016676411, -0.016786069, -0.01699903, -0.017203055, -0.017301602, -0.017491838, -0.017673234, -0.017846726, -0.017930763, -0.018093988, -0.018251173, -0.018327443, -0.01847534, -0.01861604, -0.018683422, -0.01881149, -0.018930472, -0.019040419, -0.019092204, -0.019189743, -0.01928, -0.019322595, -0.019403016, -0.019476917, -0.019543806, -0.01957437, -0.019629313, -0.019675322, -0.019694861, -0.01972697, -0.01975021, -0.019765146, -0.019769687, -0.0197731, -0.019769127, -0.019764168, -0.019748282, -0.019723762, -0.019708017, -0.01966947, -0.01962097, -0.019562079, -0.019528775, -0.019454358, -0.019369898, -0.019323988, -0.019225365, -0.019117739, -0.019001104, -0.0189394, -0.018808914, -0.018668786, -0.018595008, -0.01844013, -0.01827505, -0.018188637, -0.018007891, -0.017816585, -0.017614571, -0.017509526, -0.017291337, -0.017062282, -0.016943775, -0.016698789, -0.016443023, -0.01617642, -0.016039053, -0.015756205, -0.015462794, -0.0153120095, -0.015002165, -0.014680512, -0.014515137, -0.014174565, -0.013820806, -0.013453837, -0.013265631, -0.012880354, -0.012484317, -0.012282554, -0.01187228, -0.011453377, -0.0110259615, -0.010808982, -0.010368224, -0.009918075, -0.009689456, -0.0092250295, -0.008751156, -0.008510853, -0.008023815, -0.0075292327, -0.007027522, -0.006773888, -0.006260111, -0.005735745, -0.0054692067, -0.0049329344, -0.00443498, -0.0041375645, -0.0041673896, -0.004667296, 0, 0, 0, 0
0, 0, 0, 0, 0, 0, -0.003543284, -0.0036168206, -0.0040744026, -0.004715365, -0.0053796885, -0.0057034963, -0.006327929, -0.006922532, -0.0072096633, -0.007765, -0.008297139, -0.00880818, -0.009056461, -0.009539979, -0.0100077605, -0.01023618, -0.0106825605, -0.011114931, -0.011325571, -0.011735308, -0.012129199, -0.012507314, -0.012690674, -0.01304656, -0.013389117, -0.01355579, -0.0138805285, -0.0141945295, -0.01449773, -0.0146453455, -0.014932445, -0.015208956, -0.015343408, -0.015605339, -0.01585886, -0.015982676, -0.016224917, -0.0164597, -0.016686818, -0.01679727, -0.017011095, -0.017215217, -0.01731357, -0.01750293, -0.017683418, -0.017856458, -0.017940564, -0.01810439, -0.018262714, -0.01833974, -0.018488895, -0.018630747, -0.018698528, -0.018827382, -0.018947031, -0.019057862, -0.019110305, -0.019209765, -0.019302623, -0.019346628, -0.019430315, -0.019507462, -0.019577323, -0.019609166, -0.01966616, -0.019713739, -0.019733775, -0.01976658, -0.019790057, -0.019804822, -0.019809164, -0.019811928, -0.01980704, -0.019801723, -0.019785292, -0.019760847, -0.019745518, -0.019708378, -0.019662144, -0.019606097, -0.01957422, -0.019502299, -0.01941958, -0.019374272, -0.019275954, -0.019167943, -0.019050883, -0.01898898, -0.018858833, -0.018719908, -0.018646926, -0.018493451, -0.01832927, -0.018242875, -0.018061226, -0.017867636, -0.01766246, -0.017555697, -0.01733425, -0.017102644, -0.016983159, -0.016736766, -0.01647997, -0.016211895, -0.01607338, -0.015787402, -0.015489342, -0.015335864, -0.015020209, -0.014693002, -0.014524946, -0.014180106, -0.013823167, -0.013453794, -0.013264405, -0.012876228, -0.012475906, -0.012271441, -0.011854099, -0.011426457, -0.010988967, -0.010766458, -0.010313993, -0.009851079, -0.009615515, -0.009135845, -0.008644546, -0.008394561, -0.007886252, -0.0073678545, -0.00684015, -0.0065729325, -0.0060312715, -0.0054795207, -0.0052003134, -0.0046455534, -0.004155022, -0.003963485, -0.004159728, -0.0056716516, 0, 0, 0, 0
0, 0, 0, 0, 0, 0, -0.0033511175, -0.0034572051, -0.003998844, -0.004716606, -0.0054397564, -0.005785981, -0.006443144, -0.007057609, -0.0073511736, -0.007914701, -0.008450961, -0.008963716, -0.009212197, -0.009694674, -0.010159247, -0.010385211, -0.010824567, -0.0112475315, -0.011452732, -0.011851015, -0.01223331, -0.012600836, -0.0127794035, -0.013127027, -0.0134626, -0.013626059, -0.013944555, -0.014251885, -0.014547821, -0.014691589, -0.014970662, -0.015239187, -0.015369957, -0.015625402, -0.015873853, -0.015995698, -0.016234841, -0.016467277, -0.016691932, -0.016800925, -0.017011605, -0.017212054, -0.017308565, -0.01749468, -0.017672492, -0.017843682, -0.017926974, -0.01808942, -0.018245928, -0.018321693, -0.018467862, -0.018606111, -0.018672083, -0.018797534, -0.018914817, -0.01902477, -0.019077336, -0.019178044, -0.019272927, -0.019318042, -0.019403335, -0.019481031, -0.019550314, -0.019581502, -0.019636936, -0.019683141, -0.019702844, -0.019735795, -0.019760547, -0.019777289, -0.019782705, -0.019787325, -0.019783288, -0.01977808, -0.019761227, -0.01973605, -0.019720456, -0.0196834, -0.019638443, -0.019585144, -0.019555027, -0.019487305, -0.019408751, -0.019365352, -0.019270353, -0.019164747, -0.019049637, -0.018988768, -0.018860765, -0.018724678, -0.018653389, -0.018503446, -0.018342737, -0.018257894, -0.018078996, -0.01788753, -0.01768408, -0.017578276, -0.017359022, -0.017130377, -0.017012777, -0.016770747, -0.016518932, -0.016255729, -0.016119504, -0.015837258, -0.015542034, -0.015389787, -0.015076322, -0.014751883, -0.014585763, -0.014246077, -0.013896235, -0.013535234, -0.013350303, -0.01297062, -0.012577313, -0.012375629, -0.0119620105, -0.011535458, -0.011096543, -0.010872606, -0.0104155885, -0.009946261, -0.009706746, -0.009217396, -0.008713552, -0.0084559955, -0.007929699, -0.007388612, -0.006833027, -0.006549501, -0.0059696906, -0.0053701904, -0.0050624814, -0.004436303, -0.0038362425, -0.003409997, -0.0033428574, 0, 0, 0, 0, 0
0, 0, 0, 0, 0, 0, -0.003648813, -0.0037315388, -0.004259217, -0.0049881367, -0.0057239407, -0.0060740677, -0.006733041, -0.0073431577, -0.00763293, -0.008187464, -0.008714155, -0.00921762, -0.009461526, -0.009934542, -0.010388496, -0.010608453, -0.011034222, -0.011441513, -0.01163839, -0.012019604, -0.012385388, -0.012737821, -0.012909482, -0.013244652, -0.013569147, -0.013727476, -0.014035796, -0.014332835, -0.014618375, -0.014756796, -0.015025523, -0.015284519, -0.015410931, -0.015658716, -0.015900774, -0.016019797, -0.01625349, -0.01648036, -0.01669887, -0.016804578, -0.01700836, -0.017202098, -0.01729549, -0.017476115, -0.017649867, -0.017817924, -0.017899899, -0.018059293, -0.018211797, -0.018285125, -0.018425329, -0.018556662, -0.018619142, -0.018738156, -0.01885059, -0.018957807, -0.019009659, -0.019110003, -0.019205062, -0.019250128, -0.01933429, -0.019409232, -0.019473948, -0.019502534, -0.019552652, -0.019594552, -0.019612802, -0.019644972, -0.019671543, -0.019691864, -0.01969925, -0.019707628, -0.019706171, -0.019701649, -0.019684745, -0.019658452, -0.01964212, -0.019604001, -0.019559326, -0.019507986, -0.019479591, -0.019416453, -0.019343508, -0.019302934, -0.019213282, -0.019112505, -0.019001419, -0.018942527, -0.01881861, -0.01868696, -0.01861813, -0.018473797, -0.018319234, -0.018237589, -0.018065106, -0.017880198, -0.017683364, -0.017580852, -0.017368628, -0.017147861, -0.017034471, -0.01680168, -0.016559856, -0.016307162, -0.016176244, -0.015904402, -0.015619196, -0.015471671, -0.015167743, -0.014853294, -0.01469261, -0.0143648805, -0.014028587, -0.013682517, -0.0135053, -0.01314121, -0.012762784, -0.01256805, -0.012167054, -0.01175135, -0.011321456, -0.0111013865, -0.01065095, -0.010186432, -0.009948594, -0.009460632, -0.008954916, -0.008694928, -0.008160205, -0.007605135, -0.0070285466, -0.0067314883, -0.0061173253, -0.0054721185, -0.005136575, -0.0044440944, -0.0037649525, -0.0032559924, -0.0031570669, 0, 0, 0, 0, 0
0, 0, 0, 0, 0, 0, -0.0042246226, -0.0042738984, -0.004751655, -0.0054481253, -0.0061576427, -0.0064954064, -0.0071304273, -0.0077176597, -0.007996561, -0.008530714, -0.009039043, -0.00952601, -0.009762182, -0.010220145, -0.010658678, -0.010870384, -0.011278896, -0.011667714, -0.011855128, -0.012217402, -0.012565065, -0.012900894, -0.013064953, -0.013386, -0.013697639, -0.013849762, -0.014146022, -0.014430964, -0.014704373, -0.014836865, -0.015094253, -0.015343013, -0.015464902, -0.015704583, -0.015939482, -0.016055068, -0.016281703, -0.016500812, -0.016710754, -0.016811907, -0.017006489, -0.01719155, -0.01728104, -0.017454896, -0.017623415, -0.017787298, -0.017867249, -0.018022468, -0.01816991, -0.018240292, -0.018373586, -0.018497152, -0.018555664, -0.018667283, -0.018773591, -0.018876245, -0.018926453, -0.01902402, -0.019116681, -0.019160228, -0.019240335, -0.019309543, -0.019367306, -0.019392125, -0.019434802, -0.019470626, -0.019486768, -0.019516626, -0.019543583, -0.019566284, -0.019575233, -0.01958666, -0.0195876, -0.019583665, -0.019566853, -0.01953947, -0.019522453, -0.019483171, -0.01943829, -0.019388523, -0.019361643, -0.019302832, -0.019235633, -0.019198168, -0.019114887, -0.019020226, -0.018914916, -0.018858742, -0.018740479, -0.018614955, -0.018549576, -0.018412866, -0.018266916, -0.018189855, -0.01802715, -0.017852299, -0.017665688, -0.017568342, -0.017366512, -0.017156491, -0.017048739, -0.01682789, -0.016598899, -0.016360097, -0.016236424, -0.015979527, -0.015709342, -0.015569388, -0.015280521, -0.014981184, -0.014828171, -0.014516289, -0.014196595, -0.013868137, -0.0136999795, -0.013354413, -0.012995021, -0.012809796, -0.012428043, -0.01203171, -0.011621276, -0.011410863, -0.010979522, -0.0105333505, -0.010304093, -0.009831766, -0.009338708, -0.009083643, -0.008555264, -0.008001065, -0.007418888, -0.007116232, -0.0064845476, -0.0058125006, -0.005460087, -0.004729485, -0.004017079, -0.0035051776, -0.0034231625, 0, 0, 0, 0, 0
0, 0, 0, 0, 0, 0, -0.005003291, -0.0049680504, -0.0053135846, -0.005933439, -0.0065975934, -0.006918709, -0.0075264876, -0.008091027, -0.00835957, -0.00887412, -0.009364101, -0.009833535, -0.010061126, -0.010502043, -0.010923163, -0.011125996, -0.011516371, -0.0118869115, -0.012065322, -0.012410152, -0.01274175, -0.013062933, -0.013220164, -0.01352857, -0.0138284555, -0.013974842, -0.014259635, -0.014533103, -0.014795195, -0.014922121, -0.015168901, -0.015408195, -0.015525693, -0.015757283, -0.01598449, -0.016096223, -0.016314888, -0.0165254, -0.016726103, -0.016822556, -0.017007912, -0.017184438, -0.01726995, -0.017436972, -0.01759973, -0.017758578, -0.017836133, -0.01798653, -0.018128667, -0.018196205, -0.01832334, -0.018440314, -0.018495537, -0.018600583, -0.018700525, -0.018797409, -0.018844837, -0.018937167, -0.01902433, -0.019065032, -0.019139053, -0.019201599, -0.019252386, -0.019273715, -0.019309733, -0.019339789, -0.019353528, -0.019379519, -0.019403862, -0.019425053, -0.019433567, -0.019444583, -0.019445166, -0.019441064, -0.019423898, -0.019396013, -0.019378826, -0.01933931, -0.019294972, -0.019246768, -0.019221153, -0.019165637, -0.019102873, -0.019068016, -0.018990315, -0.018901583, -0.018802492, -0.01874951, -0.018637773, -0.018519359, -0.018457884, -0.018329797, -0.018193606, -0.018121917, -0.017970383, -0.01780736, -0.017632771, -0.017541409, -0.017351333, -0.017152943, -0.017051123, -0.016842412, -0.016626485, -0.01640199, -0.016285991, -0.016045414, -0.015792573, -0.015661584, -0.01539087, -0.015109911, -0.014966033, -0.014672296, -0.014370751, -0.014060715, -0.01390198, -0.013575975, -0.013237304, -0.013062912, -0.012704138, -0.012332505, -0.011948239, -0.011751444, -0.011347996, -0.01093, -0.01071477, -0.010269718, -0.009802337, -0.009559242, -0.009052457, -0.008516203, -0.007947428, -0.0076495716, -0.0070229275, -0.0063487124, -0.005992036, -0.005246862, -0.0045172866, -0.004003984, -0.0039342633, 0, 0, 0, 0, 0
0, 0, 0, 0, 0, 0, -0.0059341313, -0.005660855, -0.0057238927, -0.006248332, -0.0068893423, -0.007207544, -0.007813116, -0.008373966, -0.008639404, -0.009145405, -0.00962413, -0.010080177, -0.010300439, -0.010725844, -0.01113082, -0.011325565, -0.011699981, -0.01205562, -0.012227077, -0.012559274, -0.012879795, -0.013191189, -0.013343962, -0.013643911, -0.01393565, -0.014077991, -0.014354797, -0.014620272, -0.014874367, -0.014997466, -0.015236871, -0.015469167, -0.015583215, -0.015807861, -0.016028054, -0.01613615, -0.016347405, -0.016550412, -0.01674374, -0.01683662, -0.017015265, -0.017185647, -0.017268352, -0.01742989, -0.017587332, -0.017740844, -0.017815726, -0.017960818, -0.018097924, -0.018162983, -0.018285528, -0.018398017, -0.01845096, -0.018551117, -0.018645454, -0.018735815, -0.01877969, -0.018864395, -0.01894367, -0.018980578, -0.019047564, -0.019104153, -0.019150093, -0.019169394, -0.019201681, -0.019228019, -0.019239651, -0.019260766, -0.019279422, -0.01929457, -0.019300206, -0.019306105, -0.019303111, -0.019297848, -0.019279696, -0.019252207, -0.01923545, -0.019197248, -0.01915435, -0.0191072, -0.019082092, -0.019027688, -0.018966459, -0.0189327, -0.018858071, -0.018773515, -0.018679556, -0.018629428, -0.018523734, -0.018411892, -0.018353812, -0.018233128, -0.01810517, -0.018038023, -0.017896457, -0.017744318, -0.017581142, -0.017495537, -0.017316801, -0.017129565, -0.017033108, -0.016835118, -0.016630398, -0.016418267, -0.016308956, -0.016083177, -0.015847232, -0.015725268, -0.0154735595, -0.015212131, -0.015078091, -0.014803799, -0.014521284, -0.014230115, -0.014080953, -0.013774653, -0.013456872, -0.01329355, -0.012958131, -0.012611371, -0.012253678, -0.012070641, -0.011695705, -0.011307214, -0.011107079, -0.010692672, -0.010256308, -0.010028753, -0.009552892, -0.009046919, -0.008507031, -0.008222776, -0.0076213316, -0.0069680857, -0.006619744, -0.00588582, -0.0051634214, -0.0046699676, -0.004623093, 0, 0, 0, 0, 0
0, 0, 0, 0, 0, 0, -0.0066129863, -0.0059047933, -0.005725376, -0.006262291, -0.0069528194, -0.00729299, -0.007930622, -0.008509305, -0.008779447, -0.009288791, -0.009764489, -0.0102133285, -0.010428871, -0.010843452, -0.011237168, -0.0114265205, -0.011791025, -0.01213854, -0.0123068355, -0.012633774, -0.012950573, -0.013258974, -0.013410349, -0.013707566, -0.013996369, -0.0141372895, -0.014411182, -0.014674172, -0.014925962, -0.015048103, -0.015285585, -0.015515597, -0.01562827, -0.015849574, -0.01606563, -0.0161715, -0.016378166, -0.01657703, -0.01676708, -0.016858712, -0.017035263, -0.017203879, -0.017285548, -0.017444585, -0.017598432, -0.01774715, -0.017819481, -0.017959213, -0.018091561, -0.018154515, -0.018273765, -0.018383775, -0.018435445, -0.018532578, -0.018622478, -0.018706325, -0.018746242, -0.018821985, -0.018891929, -0.018924516, -0.018984225, -0.019035932, -0.019079383, -0.01909804, -0.019129574, -0.019154256, -0.01916439, -0.019180615, -0.019191874, -0.019198198, -0.019199306, -0.019197134, -0.019188507, -0.01918151, -0.01916203, -0.019135365, -0.019119522, -0.019083131, -0.019041043, -0.018993363, -0.018967388, -0.018910605, -0.018846868, -0.018812248, -0.018737044, -0.018653762, -0.018562673, -0.018514391, -0.018412827, -0.018305153, -0.018249033, -0.018132105, -0.01800842, -0.017943734, -0.017807934, -0.017663123, -0.017508518, -0.017427517, -0.017258374, -0.017080398, -0.016988404, -0.016798967, -0.016602647, -0.016399406, -0.016295165, -0.016080862, -0.015858801, -0.015744621, -0.015509904, -0.015266706, -0.015141964, -0.014886217, -0.01462205, -0.014348961, -0.014208836, -0.013920915, -0.013622218, -0.0134686865, -0.013153267, -0.012826841, -0.012489586, -0.012316813, -0.011962722, -0.011595831, -0.0114069665, -0.011016431, -0.010606131, -0.010392542, -0.00994639, -0.00947203, -0.008964972, -0.008697352, -0.008128861, -0.0075087016, -0.0071774963, -0.0064844494, -0.005828328, -0.005459922, -0.005499293, 0, 0, 0, 0, 0
0, 0, 0, 0, 0, 0, -0.0050780713, -0.005024604, -0.005354851, -0.0060690003, -0.0068457155, -0.0072130146, -0.007886387, -0.008484659, -0.008760844, -0.009276601, -0.009753932, -0.010201287, -0.010415318, -0.010826715, -0.011217514, -0.011405888, -0.011769969, -0.012119302, -0.012289144, -0.012620343, -0.0129419165, -0.013254889, -0.013408267, -0.013708777, -0.014000377, -0.014142568, -0.014419413, -0.014685841, -0.014942002, -0.015066509, -0.015308844, -0.015543253, -0.015657656, -0.015881332, -0.01609852, -0.01620452, -0.016411554, -0.016611313, -0.016803363, -0.01689639, -0.017076321, -0.017248303, -0.017331325, -0.017491726, -0.01764479, -0.017790783, -0.017861111, -0.017996471, -0.018124754, -0.018186036, -0.018302968, -0.018411811, -0.018463021, -0.018558795, -0.018645855, -0.018724471, -0.0187608, -0.01882803, -0.01888877, -0.018916959, -0.018969411, -0.019016558, -0.019057982, -0.019076321, -0.019107882, -0.019131722, -0.01914061, -0.019152388, -0.0191565, -0.019154117, -0.019150712, -0.01914034, -0.019125735, -0.01911686, -0.01909573, -0.019069184, -0.019053657, -0.01901745, -0.018973706, -0.01892217, -0.018893454, -0.018830478, -0.01876055, -0.018723251, -0.018644238, -0.018559447, -0.018468669, -0.018421035, -0.018320717, -0.018213714, -0.018157575, -0.018039849, -0.017915007, -0.017849915, -0.017714506, -0.017571801, -0.017421525, -0.017343255, -0.017180342, -0.017008785, -0.016919782, -0.016735835, -0.016544493, -0.016346266, -0.016244808, -0.016037479, -0.015824256, -0.015715342, -0.015492648, -0.015262769, -0.015145014, -0.014903314, -0.01465309, -0.014393799, -0.014260551, -0.01398655, -0.013701886, -0.01355537, -0.013253542, -0.012939738, -0.012613577, -0.012445849, -0.012100866, -0.011742833, -0.011558583, -0.011178626, -0.010781552, -0.010575788, -0.01014766, -0.009694023, -0.009209013, -0.008952456, -0.008405452, -0.007806742, -0.007488162, -0.0068373275, -0.0062971003, -0.0062430906, -0.0065434375, 0, 0, 0, 0, 0
0, 0, 0, 0, 0, 0, -0.0051232395, -0.0050104405, -0.005253078, -0.00592346, -0.0066832276, -0.0070469617, -0.007717317, -0.008315227, -0.008591793, -0.009109471, -0.009589743, -0.010040953, -0.0102574555, -0.010674653, -0.011073074, -0.01126611, -0.011641149, -0.012003133, -0.012179651, -0.012524634, -0.012859354, -0.013183996, -0.013342689, -0.013652447, -0.013952188, -0.014098311, -0.0143833365, -0.014658847, -0.014925454, -0.015055392, -0.015309101, -0.015554439, -0.015673922, -0.015906736, -0.016131308, -0.01624058, -0.01645362, -0.016659498, -0.016858427, -0.016955221, -0.017143125, -0.017322775, -0.017409295, -0.017575212, -0.017731367, -0.017877944, -0.01794775, -0.018081237, -0.018207246, -0.01826764, -0.018383492, -0.01849234, -0.018543826, -0.018640066, -0.018726531, -0.018802483, -0.018836692, -0.018898154, -0.018951865, -0.018976457, -0.019022306, -0.01906438, -0.019102512, -0.019119775, -0.019149445, -0.01917112, -0.019178543, -0.019186012, -0.019184316, -0.01917499, -0.019168168, -0.019151352, -0.019131655, -0.01912085, -0.019096773, -0.019067993, -0.019051105, -0.019011062, -0.018961709, -0.01890254, -0.01886949, -0.018797554, -0.018719405, -0.018678525, -0.018594107, -0.018505974, -0.01841336, -0.018364927, -0.018262941, -0.018153006, -0.018094838, -0.017972143, -0.017841574, -0.017773688, -0.017633606, -0.017488182, -0.017337048, -0.017259069, -0.017097628, -0.016927846, -0.016839722, -0.016656935, -0.016466, -0.01626807, -0.016166968, -0.015960947, -0.015750388, -0.01564335, -0.015425279, -0.015200784, -0.015085764, -0.014849613, -0.0146045955, -0.0143504795, -0.014219748, -0.013951109, -0.0136721255, -0.013528468, -0.013232114, -0.012922532, -0.012598637, -0.012431117, -0.01208501, -0.011724251, -0.011538393, -0.011155419, -0.010756643, -0.010550685, -0.01012365, -0.009672148, -0.009188789, -0.008932137, -0.008381971, -0.007774208, -0.007449123, -0.006788122, -0.0062855827, -0.0065383795, -0.007323068, 0, 0, 0, 0, 0
0, 0, 0, 0, 0, 0, -0.006002302, -0.0056393747, -0.005399018, -0.005822029, -0.0064721885, -0.006805684, -0.0074398443, -0.008020438, -0.008292803, -0.0088091325, -0.009294952, -0.009756582, -0.009979705, -0.01041224, -0.0108285295, -0.011031246, -0.011426821, -0.0118102785, -0.011997579, -0.012363697, -0.012718199, -0.013060726, -0.013227516, -0.013552028, -0.0138651375, -0.014017711, -0.0143157225, -0.014605055, -0.014886532, -0.015024382, -0.015294147, -0.015555503, -0.015682736, -0.015930023, -0.016167592, -0.016282918, -0.016506871, -0.016723098, -0.016932283, -0.017034305, -0.017232861, -0.017423108, -0.017514605, -0.017689537, -0.017852783, -0.01800426, -0.01807581, -0.018211368, -0.01833844, -0.018399253, -0.018516233, -0.018626692, -0.018679243, -0.01877796, -0.018866614, -0.018943764, -0.018978015, -0.019038351, -0.019089257, -0.019112008, -0.01915349, -0.019190943, -0.019224444, -0.019239383, -0.019264536, -0.019281756, -0.019286748, -0.019289467, -0.019282905, -0.019268652, -0.019259311, -0.019237798, -0.019213462, -0.019200293, -0.019171065, -0.019136185, -0.019115834, -0.01906778, -0.019009015, -0.018939532, -0.018901395, -0.018819781, -0.018733393, -0.018689053, -0.018598933, -0.018506326, -0.018409632, -0.018359154, -0.018252144, -0.01813596, -0.018074133, -0.017943325, -0.017804118, -0.017732011, -0.017584015, -0.017431764, -0.017274996, -0.01719461, -0.017028764, -0.016854774, -0.01676442, -0.016576847, -0.016380759, -0.016177665, -0.016074052, -0.015863607, -0.015649155, -0.015540348, -0.015318739, -0.015090444, -0.0149732325, -0.014731993, -0.0144811515, -0.014220835, -0.014087231, -0.013813245, -0.013529907, -0.01338448, -0.0130848335, -0.012771846, -0.012443325, -0.0122728245, -0.011919001, -0.01154834, -0.011356809, -0.010961451, -0.010549413, -0.010336645, -0.009895524, -0.009428799, -0.008927995, -0.0086613465, -0.0080877105, -0.0074509196, -0.007108818, -0.0064032646, -0.0057994286, -0.0056147436, -0.005724939, 0, 0, 0, 0, 0
0, 0, 0, 0, 0, 0, -0.007408116, -0.006244032, -0.0053270203, -0.0055624535, -0.0061392607, -0.0064504845, -0.0070555056, -0.00762251, -0.00789307, -0.008413511, -0.008911789, -0.009391541, -0.009625267, -0.010080688, -0.010521683, -0.010737052, -0.01115825, -0.011567344, -0.0117674135, -0.012158177, -0.012536147, -0.012900762, -0.0130778905, -0.013422006, -0.01375347, -0.013914902, -0.014230384, -0.014537316, -0.014836826, -0.014983962, -0.015272378, -0.015552286, -0.015688624, -0.015953531, -0.016207496, -0.016330482, -0.016568903, -0.016798235, -0.01701974, -0.017127715, -0.017338047, -0.017539967, -0.01763721, -0.017823244, -0.017996814, -0.01815739, -0.018232988, -0.018375479, -0.018508075, -0.018571261, -0.018692393, -0.018806791, -0.018861324, -0.018964443, -0.019057766, -0.019139707, -0.019176232, -0.019240445, -0.01929403, -0.019317364, -0.019358635, -0.01939363, -0.019423006, -0.019435374, -0.019454777, -0.019465882, -0.019468026, -0.01946546, -0.019454287, -0.019435892, -0.019424656, -0.01939876, -0.01936909, -0.019352665, -0.019315738, -0.019271594, -0.019246059, -0.019187234, -0.019117504, -0.019037629, -0.018994646, -0.018904481, -0.018810723, -0.018763164, -0.01866692, -0.018568, -0.018464256, -0.018409824, -0.018294279, -0.018168544, -0.018101733, -0.01796071, -0.017811432, -0.01773439, -0.017576719, -0.017414954, -0.0172486, -0.017163284, -0.016987147, -0.016802514, -0.016706716, -0.016508061, -0.016301094, -0.016087424, -0.015978675, -0.01575828, -0.01553406, -0.015420274, -0.01518807, -0.014947986, -0.014824334, -0.014569032, -0.014302927, -0.014026803, -0.013885383, -0.013596444, -0.013299554, -0.013147913, -0.012836949, -0.01251352, -0.012174549, -0.011998552, -0.011632667, -0.011248082, -0.011048758, -0.01063635, -0.010205075, -0.009981898, -0.009518574, -0.009027606, -0.008500557, -0.008219987, -0.0076178717, -0.006955981, -0.00660644, -0.0059181247, -0.0054365727, -0.0055851825, -0.005908869, 0, 0, 0, 0, 0
0, 0, 0, 0, 0, 0, 0, -0.0048370855, -0.004746465, -0.0051092654, -0.0056878934, -0.0059933774, -0.006591367, -0.0071614785, -0.0074371444, -0.007973889, -0.008493899, -0.008998682, -0.0092454385, -0.009727563, -0.010194861, -0.010423142, -0.010869751, -0.011303499, -0.011515618, -0.01193041, -0.0123321405, -0.012720033, -0.012908758, -0.013275612, -0.013629236, -0.013801529, -0.0141381575, -0.0144655015, -0.014784929, -0.014941743, -0.015249356, -0.015548091, -0.015693778, -0.015976913, -0.016248541, -0.016380088, -0.016634732, -0.016879076, -0.017114146, -0.017228447, -0.017450947, -0.017664453, -0.017767554, -0.017965449, -0.018151151, -0.018323842, -0.018405218, -0.018558752, -0.018701259, -0.018768907, -0.018897643, -0.019018501, -0.019076012, -0.019184656, -0.01928395, -0.019372588, -0.019412668, -0.019484216, -0.019544696, -0.019571017, -0.019616527, -0.019653061, -0.01968121, -0.01969208, -0.01970718, -0.019713156, -0.01971273, -0.019705232, -0.019689811, -0.019667575, -0.019654214, -0.019623611, -0.019587502, -0.01956716, -0.019520978, -0.019466322, -0.019435354, -0.019365847, -0.019286335, -0.019198084, -0.01915135, -0.019054234, -0.018953769, -0.018902639, -0.018798277, -0.018689843, -0.018575178, -0.018514724, -0.01838666, -0.01824816, -0.018175203, -0.018022528, -0.017862411, -0.017780142, -0.017611865, -0.017438723, -0.017259745, -0.017167568, -0.016976887, -0.016776772, -0.016673125, -0.016458903, -0.016236698, -0.016008444, -0.015892586, -0.015658056, -0.0154195195, -0.015298342, -0.015050493, -0.014793402, -0.014660701, -0.0143862525, -0.014100052, -0.013803145, -0.013651385, -0.013342106, -0.013025573, -0.012864415, -0.012535346, -0.012194596, -0.011838949, -0.011654713, -0.011272306, -0.010870419, -0.010662088, -0.010230388, -0.009778308, -0.009544155, -0.009058132, -0.00854411, -0.007994468, -0.0077030957, -0.0070802695, -0.006400846, -0.006046173, -0.0053726532, -0.005029756, -0.0058379965, -0.006972676, 0, 0, 0, 0, 0
0, 0, 0, 0, 0, 0, 0, -0.004991004, -0.0045402925, -0.0046986514, -0.0052076112, -0.0055038542, -0.006107098, -0.00669795, -0.0069867293, -0.0075517744, -0.008100735, -0.008633478, -0.008893588, -0.009400951, -0.009891614, -0.01013087, -0.010598375, -0.0110519845, -0.011273877, -0.011708391, -0.012130409, -0.012539445, -0.012739062, -0.013128457, -0.0135051245, -0.013688899, -0.014048006, -0.014396735, -0.014736233, -0.014902658, -0.015228518, -0.015544837, -0.015699131, -0.015999485, -0.016288424, -0.016428456, -0.016699843, -0.016960206, -0.017209787, -0.017330863, -0.017565569, -0.017790401, -0.017899044, -0.018108256, -0.01830597, -0.018491626, -0.0185797, -0.01874676, -0.018902108, -0.018975688, -0.019114938, -0.019244203, -0.019305311, -0.019420173, -0.019525377, -0.019620406, -0.019664168, -0.01974369, -0.019812552, -0.019842973, -0.019895535, -0.019937294, -0.019968022, -0.01997932, -0.019993719, -0.019997666, -0.019995954, -0.019985631, -0.01996729, -0.019941745, -0.01992639, -0.019890908, -0.019848464, -0.019824298, -0.019769583, -0.01970596, -0.019670622, -0.019593174, -0.01950684, -0.019412883, -0.019363485, -0.019260352, -0.019152582, -0.019097006, -0.018981826, -0.018860275, -0.018730793, -0.018662589, -0.018519098, -0.018366175, -0.01828641, -0.018121276, -0.017949678, -0.01786181, -0.017681992, -0.017495982, -0.017302468, -0.01720245, -0.016995296, -0.016778147, -0.016665885, -0.016434887, -0.016196176, -0.015951768, -0.01582781, -0.015576673, -0.015320638, -0.015190341, -0.014923607, -0.014646843, -0.014504152, -0.014209471, -0.013902857, -0.013585533, -0.013423412, -0.013093074, -0.012754888, -0.012582654, -0.01223099, -0.011867443, -0.01148948, -0.011294252, -0.010890501, -0.01046803, -0.01024951, -0.009797731, -0.009325877, -0.009082127, -0.008577937, -0.008048596, -0.0074882456, -0.007193723, -0.0065692007, -0.0058906805, -0.0055338508, -0.0048284065, -0.004310689, -0.0042735785, 0, 0, 0, 0, 0, 0
0, 0, 0, 0, 0, 0, 0, -0.0059016426, -0.0043570963, -0.0042547407, -0.00473274, -0.0050388486, -0.005677387, -0.00630776, -0.006615375, -0.007214586, -0.0077924915, -0.008349652, -0.008620497, -0.009146907, -0.009654136, -0.009901049, -0.010382859, -0.010849886, -0.011078395, -0.011526172, -0.011962087, -0.012386339, -0.012594171, -0.013001287, -0.013396977, -0.013590674, -0.013969578, -0.014337648, -0.014695173, -0.014870071, -0.015212101, -0.015543566, -0.015705349, -0.016020635, -0.016324807, -0.016472658, -0.016759818, -0.01703567, -0.01729986, -0.017427651, -0.017674506, -0.017910138, -0.018023783, -0.018242883, -0.018451191, -0.018648554, -0.018743102, -0.018923538, -0.01909236, -0.019172464, -0.019323455, -0.019462505, -0.01952764, -0.019649247, -0.019760028, -0.019860558, -0.019907149, -0.019993085, -0.020069145, -0.020103255, -0.020163173, -0.02021141, -0.020247377, -0.020260729, -0.020278286, -0.02028402, -0.020282745, -0.02027276, -0.020253576, -0.020226307, -0.020209717, -0.020170787, -0.02012374, -0.020097047, -0.020036828, -0.019967664, -0.019929837, -0.019847838, -0.019757768, -0.019659938, -0.019608235, -0.019499307, -0.0193832, -0.019322295, -0.019194532, -0.019058295, -0.018912999, -0.018836884, -0.018678157, -0.018511279, -0.018425135, -0.018247923, -0.018064706, -0.017970862, -0.017778352, -0.017578334, -0.01736951, -0.017261628, -0.017038532, -0.016805902, -0.016686201, -0.016440583, -0.016187456, -0.015927704, -0.015795607, -0.015526783, -0.015251273, -0.015110812, -0.014823104, -0.014525554, -0.014372787, -0.014059137, -0.013734677, -0.0134000555, -0.0132291615, -0.01288039, -0.012522138, -0.012339118, -0.011964295, -0.011576332, -0.011173862, -0.010966632, -0.010539797, -0.010095747, -0.009867166, -0.009396522, -0.008907638, -0.008656282, -0.008139322, -0.0076021138, -0.0070416406, -0.0067510596, -0.006145361, -0.0055046687, -0.005175575, -0.004546203, -0.004129341, -0.004198093, 0, 0, 0, 0, 0, 0
0, 0, 0, 0, 0, 0, 0, 0, -0.0034421743, -0.0037333653, -0.0043475144, -0.0046957214, -0.0053971256, -0.0060730493, -0.0063984036, -0.007024918, -0.0076216958, -0.008191741, -0.008467572, -0.009002401, -0.009516892, -0.009767279, -0.010255574, -0.010728937, -0.0109605035, -0.011414109, -0.011855728, -0.012286478, -0.012498071, -0.012913865, -0.013320364, -0.013520048, -0.013912149, -0.014294065, -0.014665094, -0.014846521, -0.015201009, -0.015544204, -0.015711585, -0.016038127, -0.01635386, -0.016507795, -0.016807606, -0.017096277, -0.017373247, -0.017507076, -0.017765014, -0.018010277, -0.018128287, -0.018355494, -0.018572036, -0.018778486, -0.018878069, -0.01906949, -0.019250108, -0.019336054, -0.019498559, -0.01964766, -0.019717243, -0.019846356, -0.019963218, -0.020068958, -0.020117983, -0.020208662, -0.020289669, -0.020326378, -0.020391779, -0.020445678, -0.020487271, -0.020503376, -0.020526102, -0.020536346, -0.020537086, -0.020530032, -0.02051274, -0.020486083, -0.020469474, -0.02042966, -0.0203812, -0.020353667, -0.020291781, -0.020221185, -0.020182662, -0.020099195, -0.020007262, -0.019906344, -0.01985248, -0.019737482, -0.019612804, -0.019546775, -0.019407468, -0.019258711, -0.01910081, -0.019018782, -0.018848894, -0.018671727, -0.018580649, -0.018393485, -0.018199362, -0.01809945, -0.017893586, -0.017679011, -0.01745547, -0.017340364, -0.017103843, -0.016859367, -0.016734123, -0.016478019, -0.016213655, -0.015941007, -0.015801365, -0.015515353, -0.0152201755, -0.015069156, -0.014760225, -0.014442461, -0.014280321, -0.013949748, -0.013610468, -0.013262201, -0.013084484, -0.012721262, -0.012346768, -0.012154823, -0.011760886, -0.011352612, -0.010929691, -0.010712653, -0.010267231, -0.009806558, -0.009570328, -0.009085783, -0.008584786, -0.008328103, -0.007801983, -0.007258832, -0.006697599, -0.0064097857, -0.005820343, -0.0052218293, -0.004931853, -0.0044509214, -0.0043505486, -0.004862397, 0, 0, 0, 0, 0, 0
0, 0, 0, 0, 0, 0, 0, 0, -0.0032237154, -0.0035695904, -0.004243194, -0.0046166764, -0.0053571933, -0.0060569285, -0.006389207, -0.007021461, -0.0076167467, -0.008181613, -0.008454455, -0.008983692, -0.009493853, -0.009742656, -0.0102288155, -0.010700574, -0.010931344, -0.011382991, -0.011822051, -0.012249984, -0.012460375, -0.012874817, -0.013282059, -0.013483022, -0.01387935, -0.014267389, -0.014645749, -0.014830962, -0.015192829, -0.015542923, -0.015713604, -0.016046291, -0.016368307, -0.016525583, -0.016832715, -0.017129654, -0.017415438, -0.017553655, -0.01782035, -0.018073268, -0.018194754, -0.018428268, -0.018650522, -0.01886275, -0.018965364, -0.019163882, -0.019352729, -0.019443108, -0.01961468, -0.019773055, -0.019847028, -0.019984687, -0.020108987, -0.02022092, -0.020272592, -0.020367784, -0.020452451, -0.020490965, -0.02055988, -0.020617725, -0.020663965, -0.020682573, -0.020710655, -0.020726468, -0.020729892, -0.020727763, -0.020714562, -0.02069107, -0.02067562, -0.02063787, -0.020590993, -0.02056425, -0.020504074, -0.020434942, -0.020397117, -0.020314185, -0.020221565, -0.020118268, -0.020062512, -0.019942554, -0.01981131, -0.019741641, -0.019594796, -0.019438956, -0.019275071, -0.01919039, -0.0190157, -0.018833771, -0.018739928, -0.01854593, -0.01834265, -0.018237257, -0.018019075, -0.017791335, -0.017554898, -0.017434018, -0.017187418, -0.016934758, -0.016805964, -0.016542664, -0.016270246, -0.01598707, -0.015841141, -0.015540129, -0.015227589, -0.015067417, -0.014740229, -0.014405485, -0.014235787, -0.013891587, -0.013540699, -0.013181941, -0.01299909, -0.012625315, -0.012239348, -0.012041439, -0.011635377, -0.011215479, -0.010782187, -0.010560602, -0.0101076225, -0.009640925, -0.009402098, -0.008912812, -0.008406857, -0.008147424, -0.007615015, -0.00706374, -0.0064918487, -0.0061977794, -0.0055942805, -0.004983904, -0.0046934783, -0.004254036, -0.0044036885, -0.005963716, 0, 0, 0, 0, 0, 0
0, 0, 0, 0, 0, 0, 0, 0, -0.0035053294, -0.0038076113, -0.004468855, -0.0048406287, -0.005575681, -0.00626221, -0.0065850625, -0.0071945633, -0.007764645, -0.008304854, -0.008566275, -0.009075268, -0.009569141, -0.009811096, -0.010285678, -0.01074776, -0.0109739145, -0.011416349, -0.011846006, -0.012264294, -0.012469865, -0.012875445, -0.013275311, -0.013473425, -0.013865902, -0.014252542, -0.014631367, -0.014817324, -0.015180829, -0.015532449, -0.015703654, -0.016037107, -0.016359651, -0.016517205, -0.016825614, -0.01712498, -0.017414348, -0.01755484, -0.017826416, -0.01808452, -0.018208439, -0.01844633, -0.018671995, -0.018886922, -0.018990835, -0.019192066, -0.019384377, -0.019476881, -0.019653788, -0.019818833, -0.01989656, -0.02004229, -0.020174779, -0.02029424, -0.020349212, -0.02044992, -0.020538824, -0.020579005, -0.020651078, -0.020711998, -0.020761989, -0.020782806, -0.020815803, -0.020837257, -0.020843677, -0.020847613, -0.020840142, -0.020821694, -0.02080854, -0.020774866, -0.0207317, -0.02070672, -0.020650154, -0.0205844, -0.020547997, -0.020467466, -0.02037587, -0.020272335, -0.020215908, -0.020093994, -0.019960353, -0.01988951, -0.019740883, -0.019584242, -0.019420687, -0.019336414, -0.019162465, -0.018980335, -0.01888572, -0.018688193, -0.018478695, -0.018369377, -0.018141907, -0.01790442, -0.017659167, -0.01753427, -0.017281035, -0.017023055, -0.016891867, -0.016623514, -0.016344799, -0.016053531, -0.015902735, -0.015590857, -0.015266602, -0.01510042, -0.014761982, -0.014417204, -0.01424297, -0.0138908615, -0.013532774, -0.0131669585, -0.012980538, -0.012599521, -0.012206747, -0.012005808, -0.01159511, -0.011173299, -0.0107412515, -0.010521433, -0.01007365, -0.009613568, -0.009378099, -0.008894733, -0.008392714, -0.008134116, -0.007600218, -0.007041747, -0.0064543383, -0.006147969, -0.005506867, -0.0048327297, -0.004494978, -0.0038962686, -0.0036187219, 0, 0, 0, 0, 0, 0, 0
0, 0, 0, 0, 0, 0, 0, 0, -0.004079279, -0.0043160003, -0.0049282443, -0.005278233, -0.005969673, -0.006610978, -0.006911016, -0.0074759196, -0.0080042435, -0.008507069, -0.008751496, -0.009230539, -0.009699402, -0.009930507, -0.0103860665, -0.01083197, -0.01105079, -0.011479591, -0.011896453, -0.0123023875, -0.012501956, -0.012895771, -0.013284682, -0.01347778, -0.013861314, -0.014240749, -0.014614046, -0.014797662, -0.0151572, -0.015505224, -0.01567463, -0.016004302, -0.016322907, -0.01647848, -0.016783241, -0.017079616, -0.017367397, -0.017507534, -0.017779583, -0.018039396, -0.018164417, -0.018404547, -0.018631814, -0.018847313, -0.018951133, -0.019151464, -0.019342769, -0.019435016, -0.019612424, -0.019779986, -0.019859778, -0.020011064, -0.020150444, -0.020277286, -0.020335924, -0.020443091, -0.020537376, -0.02057988, -0.020655885, -0.020720625, -0.020774579, -0.020797662, -0.020835735, -0.020863034, -0.020872597, -0.020883244, -0.020882431, -0.020870296, -0.0208601, -0.020831777, -0.020793645, -0.020771064, -0.020719206, -0.02065817, -0.020624042, -0.020547803, -0.020460075, -0.020359823, -0.020304898, -0.020185655, -0.02005465, -0.019985324, -0.019839954, -0.019687217, -0.019527778, -0.01944551, -0.019274844, -0.019094504, -0.019000078, -0.018801536, -0.018589346, -0.018478159, -0.018246772, -0.018005162, -0.017756326, -0.017629923, -0.017373815, -0.017112752, -0.016979877, -0.016707437, -0.016423756, -0.016126888, -0.015973236, -0.015656173, -0.0153277535, -0.015160096, -0.014819749, -0.014474262, -0.014299754, -0.013946975, -0.013587361, -0.013218913, -0.013030741, -0.012645983, -0.012250218, -0.012048512, -0.011638704, -0.011221725, -0.010798751, -0.010584812, -0.010150931, -0.009705898, -0.009477916, -0.009008535, -0.008518273, -0.008264475, -0.0077374987, -0.007181342, -0.006589459, -0.006277035, -0.005613052, -0.0048969863, -0.004529966, -0.0038599106, -0.0035202694, 0, 0, 0, 0, 0, 0, 0
0, 0, 0, 0, 0, 0, 0, 0, -0.004874342, -0.0049488726, -0.005447663, -0.0057558524, -0.006378954, -0.0069631413, -0.007237144, -0.00775499, -0.00824216, -0.008709083, -0.00893746, -0.009387467, -0.009830945, -0.010050645, -0.010485658, -0.010913914, -0.011124955, -0.011540011, -0.011945096, -0.012340647, -0.012535181, -0.01291917, -0.013297762, -0.013485545, -0.013858095, -0.014226622, -0.0145894755, -0.014768257, -0.015118943, -0.015459216, -0.01562503, -0.015947962, -0.016260074, -0.01641243, -0.016710447, -0.017000291, -0.017281974, -0.017419612, -0.017687678, -0.017945385, -0.018069923, -0.018309606, -0.018536597, -0.018751116, -0.018853957, -0.01905148, -0.019238913, -0.019329112, -0.019502997, -0.01966855, -0.01974814, -0.019900797, -0.020043705, -0.020175539, -0.02023692, -0.020349938, -0.020449923, -0.020495152, -0.02057637, -0.020646106, -0.02070514, -0.020730883, -0.020774828, -0.020808619, -0.02082158, -0.02083925, -0.020845514, -0.020840243, -0.020833306, -0.020811234, -0.020779025, -0.020759342, -0.020713251, -0.020658316, -0.020627297, -0.02055758, -0.02047661, -0.020383386, -0.020331971, -0.020219762, -0.020095915, -0.020030057, -0.019891415, -0.019744705, -0.019590309, -0.019510077, -0.01934271, -0.019164478, -0.019070735, -0.018873231, -0.018662183, -0.018551689, -0.018322146, -0.018082881, -0.017836265, -0.017710764, -0.017455624, -0.01719408, -0.017060386, -0.016785478, -0.016498893, -0.016199904, -0.016045738, -0.015729424, -0.015404315, -0.01523923, -0.014905104, -0.014566649, -0.014395548, -0.014048619, -0.01369305, -0.013326537, -0.013138768, -0.012754169, -0.012358934, -0.012158086, -0.011751744, -0.011341648, -0.010928928, -0.010721321, -0.01030161, -0.0098720305, -0.009651982, -0.009198422, -0.008723914, -0.008477819, -0.00796672, -0.007426658, -0.006851182, -0.006546939, -0.0058988477, -0.005199454, -0.0048432183, -0.004211118, -0.0039486303, 0, 0, 0, 0, 0, 0, 0
0, 0, 0, 0, 0, 0, 0, 0, -0.005840792, -0.005496613, -0.0058003515, -0.006059437, -0.0066238833, -0.0071708257, -0.007429886, -0.007922065, -0.008388399, -0.008837767, -0.009058153, -0.009493014, -0.009921793, -0.010134323, -0.0105555765, -0.010971458, -0.011177048, -0.011583008, -0.011981208, -0.012371152, -0.012563116, -0.012941226, -0.013312352, -0.0134954015, -0.013856992, -0.014212368, -0.014561299, -0.014733225, -0.0150710195, -0.015399914, -0.015560777, -0.01587495, -0.01617912, -0.01632762, -0.016617563, -0.016898826, -0.01717164, -0.017305017, -0.017565524, -0.017817127, -0.017939305, -0.018175568, -0.01840016, -0.018612415, -0.018713873, -0.018907867, -0.019090677, -0.019178297, -0.019346902, -0.019507822, -0.01958573, -0.01973601, -0.01987847, -0.020011527, -0.02007408, -0.020190539, -0.02029485, -0.020342508, -0.020428754, -0.020503856, -0.02056886, -0.020597614, -0.020648021, -0.020688668, -0.020705167, -0.02072992, -0.020743165, -0.020744683, -0.020741172, -0.02072577, -0.020700088, -0.020683799, -0.02064435, -0.020596538, -0.020569235, -0.02050732, -0.020434873, -0.02035055, -0.02030389, -0.0202013, -0.020086924, -0.020025587, -0.019894987, -0.019754991, -0.019605746, -0.019527454, -0.019363318, -0.019187883, -0.019095624, -0.018901723, -0.01869561, -0.018588264, -0.018365644, -0.018133884, -0.017894275, -0.017771719, -0.017521124, -0.01726213, -0.01712904, -0.01685466, -0.016568799, -0.016271824, -0.016119605, -0.015808914, -0.015491836, -0.015331468, -0.015007688, -0.014679354, -0.014513054, -0.014174572, -0.013825927, -0.013464757, -0.013279183, -0.012898524, -0.012507072, -0.01230822, -0.011906429, -0.0115016075, -0.011095015, -0.010890801, -0.010478352, -0.010057218, -0.009841844, -0.009399171, -0.008938109, -0.008700019, -0.008207754, -0.0076913266, -0.0071453364, -0.006858785, -0.006254122, -0.005616243, -0.0053025074, -0.0047950246, -0.0047123795, 0, 0, 0, 0, 0, 0, 0
0, 0, 0, 0, 0, 0, 0, 0, -0.0065795355, -0.0055966745, -0.0057820547, -0.006030837, -0.00659704, -0.0071522845, -0.007415974, -0.007918496, -0.008395984, -0.008856174, -0.009081333, -0.009523543, -0.009956308, -0.010169597, -0.0105904145, -0.011004523, -0.011209143, -0.011613551, -0.012010787, -0.012400193, -0.012591576, -0.012967369, -0.013333358, -0.0135126095, -0.013863602, -0.01420515, -0.014538188, -0.014701936, -0.0150239775, -0.015338813, -0.015493407, -0.015796628, -0.016091432, -0.016235394, -0.016516384, -0.016788019, -0.017050771, -0.017178958, -0.017429322, -0.017671913, -0.017790163, -0.018019816, -0.018239329, -0.018447855, -0.018547611, -0.01873827, -0.018917466, -0.019003075, -0.019167535, -0.01932419, -0.019399978, -0.019546647, -0.019686203, -0.019817475, -0.019879572, -0.019996444, -0.020102568, -0.020151518, -0.02024146, -0.020321159, -0.020391425, -0.020423068, -0.020479556, -0.020526517, -0.020546166, -0.020577269, -0.020596782, -0.020604579, -0.020604251, -0.020595359, -0.020576388, -0.020563494, -0.02053127, -0.020490462, -0.020466907, -0.0204126, -0.020347983, -0.020272182, -0.020229906, -0.020136474, -0.020031342, -0.019974403, -0.019852206, -0.019719481, -0.019576287, -0.01950073, -0.01934162, -0.019171368, -0.01908197, -0.018894942, -0.018697036, -0.018594349, -0.018381687, -0.018160041, -0.017929705, -0.017811283, -0.017567577, -0.017314099, -0.017183375, -0.016913563, -0.016633013, -0.016342558, -0.016194243, -0.015892375, -0.015584832, -0.015429287, -0.0151145365, -0.014794334, -0.01463167, -0.014299833, -0.013957294, -0.01360255, -0.013420278, -0.013046339, -0.012661518, -0.012465691, -0.012068807, -0.011666917, -0.011260772, -0.011055977, -0.010641472, -0.010218388, -0.010002601, -0.00956114, -0.009104984, -0.00887098, -0.0083900485, -0.007889657, -0.0073646707, -0.007090956, -0.006519764, -0.005938972, -0.005674812, -0.0053647542, -0.005699434, 0, 0, 0, 0, 0, 0, 0
0, 0, 0, 0, 0, 0, 0, 0, -0.0051766615, -0.005074967, -0.005442133, -0.0057251747, -0.00633766, -0.0069340453, -0.0072185276, -0.0077626896, -0.008280656, -0.00877815, -0.009020211, -0.009491777, -0.009947512, -0.010169885, -0.010604649, -0.011028067, -0.011236079, -0.0116454875, -0.01204624, -0.012437467, -0.012629121, -0.013003581, -0.013365212, -0.013540979, -0.013882207, -0.014210729, -0.014528446, -0.0146838715, -0.014989416, -0.015288752, -0.015436199, -0.015726518, -0.016009854, -0.016148604, -0.016419465, -0.016681004, -0.016933383, -0.017056212, -0.017295925, -0.017528074, -0.01764135, -0.017861966, -0.01807408, -0.018276803, -0.018374344, -0.018561592, -0.018738402, -0.018823119, -0.018985858, -0.019140635, -0.01921535, -0.019359529, -0.019496288, -0.019624945, -0.019685915, -0.019800963, -0.019906648, -0.019955918, -0.020047419, -0.020129971, -0.020203881, -0.020237613, -0.02029844, -0.020349894, -0.020371731, -0.020407336, -0.020431576, -0.020444494, -0.020446833, -0.020443978, -0.020431455, -0.020421844, -0.020396028, -0.020361515, -0.020340865, -0.020292252, -0.020233128, -0.02016303, -0.02012378, -0.020036906, -0.019938901, -0.01988579, -0.019771243, -0.01964612, -0.019510519, -0.019438827, -0.01928751, -0.019125594, -0.019040683, -0.018863076, -0.01867531, -0.018577801, -0.018375468, -0.018163681, -0.017942294, -0.017828012, -0.01759181, -0.017345585, -0.017218618, -0.016957156, -0.016685944, -0.016405907, -0.016262908, -0.015971325, -0.015672741, -0.015520871, -0.01521172, -0.014895071, -0.014733738, -0.014404449, -0.014065476, -0.013716115, -0.013537396, -0.013171718, -0.012795265, -0.012603177, -0.012211614, -0.01181074, -0.011400826, -0.011192413, -0.010768506, -0.010334522, -0.01011341, -0.00966238, -0.009198589, -0.008961357, -0.008475037, -0.0079693, -0.0074379523, -0.0071601463, -0.006579096, -0.0059915944, -0.0057342076, -0.005532642, -0.00648587, 0, 0, 0, 0, 0, 0, 0
0, 0, 0, 0, 0, 0, 0, 0, -0.0054124044, -0.0049311677, -0.005106466, -0.0053592008, -0.0059781536, -0.006620875, -0.006933771, -0.007536999, -0.00811174, -0.008660721, -0.00892611, -0.00943908, -0.009928589, -0.010164956, -0.010622388, -0.011061824, -0.01127569, -0.011693159, -0.01209768, -0.012489494, -0.012680441, -0.013051818, -0.013408116, -0.013580457, -0.013913356, -0.014231409, -0.014536839, -0.014685621, -0.01497692, -0.015261673, -0.015401911, -0.015678281, -0.015948744, -0.01608147, -0.01634115, -0.016592495, -0.01683511, -0.016953064, -0.017183166, -0.017405478, -0.017513726, -0.017724581, -0.017927783, -0.018122967, -0.018217523, -0.018400488, -0.018575117, -0.018659335, -0.018821876, -0.018976917, -0.019051673, -0.019195542, -0.019331058, -0.019457715, -0.019517593, -0.01963042, -0.01973452, -0.019783465, -0.019875113, -0.019958723, -0.02003434, -0.020069107, -0.020131921, -0.020185318, -0.020208124, -0.020245824, -0.02027272, -0.020289192, -0.0202938, -0.020296002, -0.020288972, -0.020282175, -0.020261705, -0.020231752, -0.020213006, -0.020167623, -0.020111091, -0.02004346, -0.020005599, -0.019922081, -0.019828407, -0.019777888, -0.019669393, -0.019551206, -0.019423563, -0.019356115, -0.019213825, -0.019061502, -0.018981487, -0.018813703, -0.018635605, -0.018542623, -0.018348945, -0.018144822, -0.01793042, -0.01781936, -0.017589986, -0.017351339, -0.0172287, -0.016977068, -0.0167173, -0.016449433, -0.016312333, -0.016031487, -0.015741035, -0.01559199, -0.015286111, -0.014970233, -0.014808793, -0.014479596, -0.014142446, -0.0137975225, -0.013622006, -0.013264347, -0.012896285, -0.012707769, -0.0123210205, -0.011920013, -0.011504407, -0.011291163, -0.010854565, -0.010404979, -0.010175336, -0.009706218, -0.009222521, -0.008974371, -0.008463207, -0.007927403, -0.007359853, -0.0070617385, -0.006435445, -0.005792954, -0.0054965345, -0.005108058, -0.0051980424, 0, 0, 0, 0, 0, 0, 0
0, 0, 0, 0, 0, 0, 0, 0, -0.0064621815, -0.004822472, -0.0047358596, -0.0049712313, -0.0056267837, -0.0063355933, -0.0066828653, -0.0073509365, -0.00798274, -0.008580857, -0.008867967, -0.009419286, -0.00994065, -0.010190521, -0.01066996, -0.011124797, -0.011343896, -0.011767247, -0.012172325, -0.012560671, -0.012748866, -0.013113476, -0.013462589, -0.0136312945, -0.013957381, -0.014268711, -0.014566871, -0.014711526, -0.014993379, -0.015266909, -0.0154008875, -0.015664153, -0.015921477, -0.016047988, -0.016296264, -0.016537722, -0.016772026, -0.016886303, -0.01710888, -0.017323487, -0.01742777, -0.017630212, -0.0178247, -0.018011844, -0.018102854, -0.018280225, -0.01845133, -0.018534616, -0.018696567, -0.018852066, -0.018927135, -0.019071365, -0.019206475, -0.019331891, -0.01939081, -0.01950186, -0.019604253, -0.01965253, -0.01974356, -0.01982709, -0.019903023, -0.019937918, -0.020000815, -0.020054001, -0.020076841, -0.020114549, -0.020142296, -0.02016077, -0.020166706, -0.020172317, -0.02016936, -0.020164516, -0.020147782, -0.020120645, -0.020102968, -0.0200588, -0.02000289, -0.019935656, -0.019898137, -0.01981564, -0.019723935, -0.019674804, -0.019570079, -0.019456701, -0.019334704, -0.019270372, -0.019134747, -0.018989429, -0.018913006, -0.01875242, -0.018581184, -0.01849146, -0.018303763, -0.018104978, -0.017895462, -0.017786885, -0.01756286, -0.017330624, -0.017211802, -0.016969012, -0.016719535, -0.01646263, -0.016330903, -0.01605981, -0.015777074, -0.015630836, -0.015328912, -0.015014972, -0.014854232, -0.014526418, -0.014191755, -0.013851209, -0.013678555, -0.0133272745, -0.012965521, -0.01277955, -0.012395374, -0.011992915, -0.011571353, -0.011353608, -0.0109049985, -0.010439727, -0.010201066, -0.009710695, -0.009200503, -0.008936626, -0.008387722, -0.007805053, -0.007182114, -0.006854593, -0.0061752233, -0.005515626, -0.005244543, -0.0050453455, -0.00552638, 0, 0, 0, 0, 0, 0, 0
0, 0, 0, 0, 0, 0, 0, 0, 0, -0.0039514084, -0.004296515, -0.0046276664, -0.005406679, -0.0062001823, -0.006581355, -0.007303938, -0.007976688, -0.008605996, -0.008906102, -0.009479453, -0.010019026, -0.010276658, -0.0107687665, -0.011231743, -0.011452979, -0.011876479, -0.0122768115, -0.012656636, -0.0128397215, -0.013193941, -0.013533786, -0.013698637, -0.014018935, -0.014326536, -0.014621689, -0.014764757, -0.01504211, -0.015308707, -0.015438274, -0.01569104, -0.015937032, -0.01605784, -0.016295778, -0.016528837, -0.016756533, -0.016868107, -0.01708602, -0.017295955, -0.017397657, -0.017594345, -0.017782226, -0.01796242, -0.018050129, -0.01822136, -0.018388, -0.018469611, -0.018629171, -0.018783275, -0.018857809, -0.019001018, -0.019134965, -0.01925871, -0.01931681, -0.019425945, -0.019526696, -0.019574286, -0.019664211, -0.019747075, -0.01982223, -0.019856665, -0.01991857, -0.019970592, -0.019992774, -0.020029487, -0.020056736, -0.02007544, -0.020081798, -0.020088617, -0.02008723, -0.020083183, -0.0200678, -0.02004148, -0.020023996, -0.01998005, -0.019924229, -0.019857137, -0.019819662, -0.019737625, -0.019646667, -0.019598015, -0.01949449, -0.019382484, -0.01926195, -0.019198358, -0.019064145, -0.018920552, -0.018845217, -0.018687058, -0.018518772, -0.018430777, -0.01824665, -0.018051695, -0.017846156, -0.017739573, -0.01751983, -0.017292403, -0.017176151, -0.016939111, -0.016695837, -0.016445685, -0.016317494, -0.0160533, -0.015777119, -0.015634112, -0.0153381955, -0.015029929, -0.014871868, -0.014549261, -0.01421967, -0.013883851, -0.013713456, -0.013366168, -0.0130071575, -0.012821945, -0.012437588, -0.012032628, -0.0116062565, -0.0113853, -0.010928478, -0.010452311, -0.010206827, -0.009699248, -0.009165813, -0.008887329, -0.008301789, -0.007671121, -0.0069883103, -0.0066269846, -0.0058787595, -0.005175794, -0.004918588, -0.004980878, -0.006640036, 0, 0, 0, 0, 0, 0, 0
0, 0, 0, 0, 0, 0, 0, 0, 0, -0.0038619642, -0.00425822, -0.00462349, -0.0054654456, -0.0063060634, -0.0067041665, -0.0074494807, -0.008133433, -0.00876649, -0.009066866, -0.009639376, -0.010177725, -0.010434769, -0.010925512, -0.011385879, -0.011604993, -0.012021877, -0.01241254, -0.0127804745, -0.012957231, -0.013299023, -0.013628323, -0.01378907, -0.014103398, -0.014408005, -0.014701946, -0.014844483, -0.015120459, -0.015383697, -0.015510795, -0.015757192, -0.015995247, -0.016112085, -0.016342603, -0.016569475, -0.016792655, -0.016902572, -0.017117681, -0.017325198, -0.017425684, -0.017619418, -0.01780366, -0.017979637, -0.018065112, -0.018232029, -0.018394623, -0.018474337, -0.018630682, -0.01878158, -0.018854588, -0.018994715, -0.019125653, -0.019246753, -0.019303596, -0.019410614, -0.019509675, -0.019556483, -0.019645058, -0.019726455, -0.019800242, -0.019833766, -0.01989387, -0.019944025, -0.019965298, -0.020000458, -0.020026378, -0.020043701, -0.020049298, -0.020054579, -0.020051427, -0.02004649, -0.020029264, -0.020001452, -0.019983407, -0.019938862, -0.01988318, -0.019816715, -0.01977962, -0.019698441, -0.019607764, -0.01955899, -0.01945457, -0.019340733, -0.019217415, -0.019152062, -0.019014476, -0.018867644, -0.01879077, -0.018630637, -0.018461775, -0.018373977, -0.018191468, -0.017999304, -0.017797321, -0.017692685, -0.0174766, -0.017252209, -0.017137175, -0.016901901, -0.016659778, -0.016410712, -0.01628324, -0.016021356, -0.01574916, -0.015608796, -0.015319425, -0.015018963, -0.014864973, -0.014550172, -0.014227158, -0.013896102, -0.013727248, -0.013381392, -0.013021923, -0.012835973, -0.0124496175, -0.0120425485, -0.011614385, -0.011392551, -0.0109338565, -0.010454951, -0.010207315, -0.009693384, -0.00914936, -0.008863631, -0.008258359, -0.0075990907, -0.006875652, -0.006488107, -0.005669967, -0.0048555424, -0.0045067267, -0.0041394, 0, 0, 0, 0, 0, 0, 0, 0
0, 0, 0, 0, 0, 0, 0, 0, 0, -0.0043500355, -0.0046608103, -0.005001782, -0.005818513, -0.0066445195, -0.0070353127, -0.0077633467, -0.008426505, -0.009036674, -0.009325581, -0.009876294, -0.010395576, -0.0106443325, -0.01112073, -0.011568687, -0.011781992, -0.012187384, -0.012566202, -0.012922018, -0.0130927805, -0.013423354, -0.013742985, -0.01389977, -0.014207947, -0.014508649, -0.014800649, -0.014942642, -0.015217776, -0.015480204, -0.015606601, -0.01585118, -0.016086828, -0.016202265, -0.016430035, -0.016654288, -0.016875118, -0.016983965, -0.017197156, -0.017403226, -0.017503044, -0.017695822, -0.017879305, -0.018054694, -0.01813976, -0.018305771, -0.018466894, -0.018545726, -0.018699558, -0.018847253, -0.018918404, -0.019054722, -0.019182125, -0.019300167, -0.019355765, -0.01946076, -0.019558184, -0.019604312, -0.019691186, -0.019770563, -0.019841768, -0.019873993, -0.019931367, -0.019978916, -0.019998956, -0.02003179, -0.020055247, -0.020069692, -0.0200735, -0.020074584, -0.020066591, -0.020059058, -0.020036822, -0.020004895, -0.01998528, -0.019938825, -0.019882582, -0.019816602, -0.01977984, -0.019699002, -0.019607866, -0.019558445, -0.0194515, -0.019333852, -0.019205514, -0.019137448, -0.01899411, -0.018841714, -0.018762408, -0.018598065, -0.018426407, -0.018337851, -0.018154994, -0.017963825, -0.017763771, -0.017660407, -0.017446453, -0.01722327, -0.01710827, -0.016871713, -0.016626842, -0.016374132, -0.016244888, -0.015980467, -0.015707916, -0.015568311, -0.015282478, -0.01498778, -0.014837106, -0.0145289255, -0.014211145, -0.013883156, -0.013714802, -0.0133684175, -0.013007035, -0.01282007, -0.012432373, -0.012025701, -0.01160022, -0.01138056, -0.010927334, -0.010454667, -0.010210349, -0.009702899, -0.009165115, -0.008882316, -0.008282818, -0.0076285633, -0.0069081252, -0.0065205498, -0.0056975367, -0.004870344, -0.0045135557, -0.004143133, 0, 0, 0, 0, 0, 0, 0, 0
0, 0, 0, 0, 0, 0, 0, 0, 0, -0.005210465, -0.005331343, -0.0056011532, -0.0063225296, -0.0070888256, -0.0074556526, -0.00814043, -0.008763211, -0.009335527, -0.009606527, -0.010124311, -0.010615024, -0.010851303, -0.011306022, -0.011736305, -0.011942066, -0.012334755, -0.012703393, -0.013050995, -0.01321817, -0.013542665, -0.013857143, -0.014011574, -0.014315538, -0.014612769, -0.014902214, -0.015043451, -0.015318081, -0.015581735, -0.01570944, -0.015957367, -0.016196972, -0.016314322, -0.016545203, -0.016771467, -0.016992731, -0.01710118, -0.017313207, -0.017517965, -0.017617395, -0.017810287, -0.017995365, -0.01817337, -0.018259892, -0.018428775, -0.018591894, -0.018671166, -0.018824713, -0.018970767, -0.019040816, -0.01917453, -0.0192995, -0.01941583, -0.019470833, -0.019575015, -0.019671474, -0.019716892, -0.019801902, -0.019878441, -0.019946015, -0.019976314, -0.020029837, -0.0200737, -0.020092068, -0.020121578, -0.020141572, -0.020151814, -0.020153208, -0.020148398, -0.020133525, -0.020122398, -0.02009315, -0.020055082, -0.020032976, -0.019982714, -0.019924028, -0.01985646, -0.019819118, -0.01973652, -0.019642957, -0.019591907, -0.019481057, -0.019358836, -0.019225642, -0.019155173, -0.019007066, -0.01885012, -0.018768776, -0.018600464, -0.018425008, -0.018334715, -0.018148717, -0.017955145, -0.017753491, -0.017649502, -0.017434694, -0.017210415, -0.017094513, -0.016855322, -0.01660622, -0.016348096, -0.016215906, -0.015945666, -0.015668275, -0.015527006, -0.015239395, -0.014944697, -0.014794532, -0.014487664, -0.0141707705, -0.013842566, -0.013673722, -0.013325366, -0.01296215, -0.012774687, -0.0123877935, -0.01198485, -0.011566144, -0.011350893, -0.010908235, -0.010447878, -0.010210332, -0.009718015, -0.009198195, -0.008926016, -0.00835186, -0.007730334, -0.0070526875, -0.0066918717, -0.0059397114, -0.0052261814, -0.004952494, -0.0048009204, 0, 0, 0, 0, 0, 0, 0, 0
0, 0, 0, 0, 0, 0, 0, 0, 0, -0.0063349186, -0.006006638, -0.0061496133, -0.0067404103, -0.0074458313, -0.0077902093, -0.008434336, -0.009018405, -0.00955445, -0.009808656, -0.010295858, -0.010759976, -0.010984489, -0.011418628, -0.01183261, -0.012031897, -0.012415204, -0.012779071, -0.013125866, -0.013293906, -0.013621058, -0.013938742, -0.014094519, -0.014400392, -0.014698431, -0.014988089, -0.015129678, -0.015406358, -0.015674578, -0.015805654, -0.016062187, -0.01631202, -0.016434502, -0.016674705, -0.016907932, -0.017133297, -0.017242791, -0.017455487, -0.017660338, -0.017759994, -0.017954377, -0.01814287, -0.018325625, -0.018414864, -0.018588891, -0.018756103, -0.018836845, -0.018991904, -0.019138189, -0.019208014, -0.01934112, -0.019465853, -0.019582462, -0.019637775, -0.019742576, -0.019838985, -0.019883832, -0.019966722, -0.020039797, -0.020102866, -0.020130811, -0.020179667, -0.020219188, -0.020235527, -0.020261273, -0.020277195, -0.020282779, -0.020281376, -0.02027031, -0.020248452, -0.020233694, -0.020197172, -0.020152418, -0.02012736, -0.020071788, -0.020008432, -0.019936347, -0.019896638, -0.019809075, -0.019710016, -0.019656152, -0.019539803, -0.019412806, -0.01927566, -0.019203646, -0.019053176, -0.018894333, -0.018811788, -0.018640539, -0.01846094, -0.01836789, -0.018175546, -0.017975131, -0.017766982, -0.017660066, -0.01744042, -0.017212452, -0.017095106, -0.016852917, -0.016600369, -0.016337633, -0.01620261, -0.015925739, -0.01564104, -0.015496075, -0.015201457, -0.0149005065, -0.014747482, -0.014435571, -0.0141142225, -0.013781683, -0.013610819, -0.013259059, -0.012893824, -0.012706139, -0.012320744, -0.011922347, -0.011510759, -0.011299879, -0.010867359, -0.010418726, -0.010187629, -0.00971004, -0.009208877, -0.008947955, -0.008401432, -0.007816039, -0.007185829, -0.0068552005, -0.0061892015, -0.0056410674, -0.0055112806, -0.005825599, 0, 0, 0, 0, 0, 0, 0, 0
0, 0, 0, 0, 0, 0, 0, 0, 0, -0.0072744545, -0.0062680286, -0.0063218055, -0.006865791, -0.0075611123, -0.007898994, -0.008524532, -0.009086757, -0.009602182, -0.009847214, -0.01031795, -0.0107681, -0.010986329, -0.011409376, -0.011815012, -0.012011658, -0.012393261, -0.0127608795, -0.013116391, -0.013290203, -0.013630626, -0.013962054, -0.014124251, -0.01444125, -0.014747984, -0.0150448, -0.015189827, -0.01547409, -0.015751904, -0.015888717, -0.016158687, -0.01642336, -0.016553259, -0.016807107, -0.017051553, -0.01728518, -0.017397797, -0.01761511, -0.017823536, -0.017925, -0.018123537, -0.018317143, -0.018505873, -0.018598132, -0.01877751, -0.018948663, -0.019030834, -0.019187761, -0.01933494, -0.019405069, -0.019538857, -0.01966468, -0.019783013, -0.019839182, -0.01994517, -0.02004157, -0.020085813, -0.020166129, -0.020235138, -0.020293564, -0.020318996, -0.020363137, -0.020398665, -0.020413198, -0.020435313, -0.020447493, -0.020448696, -0.020444967, -0.020428507, -0.020400777, -0.020382946, -0.020340452, -0.02029009, -0.020262288, -0.020201093, -0.020131882, -0.020053286, -0.020010002, -0.019914767, -0.019807873, -0.019750176, -0.019627051, -0.019494547, -0.019354094, -0.019281039, -0.019129526, -0.01897016, -0.018887118, -0.018713634, -0.018529298, -0.018432947, -0.018232178, -0.018021852, -0.017803516, -0.01769186, -0.017464312, -0.017230649, -0.017111184, -0.016865911, -0.0166107, -0.016344571, -0.016207172, -0.015924249, -0.015631616, -0.015482099, -0.015177744, -0.014866761, -0.014708715, -0.014387149, -0.014056957, -0.013716449, -0.013542069, -0.01318437, -0.012814743, -0.012625557, -0.012238609, -0.011840427, -0.011430749, -0.011221276, -0.010791969, -0.010347502, -0.010118818, -0.0096475165, -0.009155139, -0.008899755, -0.00836716, -0.0077986475, -0.0071867206, -0.006865194, -0.006221826, -0.0057393187, -0.0057050763, -0.0066754147, 0, 0, 0, 0, 0, 0, 0, 0
0, 0, 0, 0, 0, 0, 0, 0, 0, -0.00599743, -0.005912386, -0.006087495, -0.006705737, -0.0074114716, -0.007747857, -0.00836739, -0.008925619, -0.009441283, -0.009687714, -0.010162828, -0.01061785, -0.010838212, -0.0112654045, -0.011676005, -0.011875782, -0.0122663705, -0.012647664, -0.013021109, -0.013205143, -0.013567688, -0.0139214285, -0.01409439, -0.014431324, -0.014755746, -0.015068304, -0.015220758, -0.015519625, -0.015812613, -0.015957406, -0.016243828, -0.016525174, -0.016663173, -0.016932247, -0.01719, -0.017434988, -0.017552737, -0.017779374, -0.017996363, -0.018101893, -0.018308345, -0.018509317, -0.018704519, -0.018799469, -0.018983293, -0.019157339, -0.019240336, -0.019398373, -0.01954613, -0.019616496, -0.019750934, -0.019877864, -0.019997356, -0.020054, -0.020160336, -0.020255843, -0.020299, -0.020376077, -0.020440878, -0.020494798, -0.020518178, -0.020558583, -0.02059105, -0.020604193, -0.020623708, -0.020632973, -0.020630633, -0.020625046, -0.02060459, -0.020572558, -0.020552646, -0.020506158, -0.020451788, -0.020421851, -0.020356148, -0.02028175, -0.020196814, -0.02014995, -0.020047167, -0.01993236, -0.019870767, -0.019740615, -0.019602526, -0.019458279, -0.019384062, -0.019231016, -0.019070566, -0.018986799, -0.018810846, -0.018621914, -0.01852236, -0.018313574, -0.018093666, -0.017865466, -0.017749064, -0.017512953, -0.017272448, -0.017150307, -0.016900804, -0.016642004, -0.016371714, -0.016231835, -0.015942764, -0.015642187, -0.015488224, -0.015173893, -0.014852109, -0.014688558, -0.014355969, -0.0140149975, -0.013664323, -0.013485031, -0.0131178815, -0.012739265, -0.01254567, -0.012150349, -0.011744167, -0.011326752, -0.011113476, -0.010676995, -0.010225679, -0.009993872, -0.009516866, -0.00901963, -0.008762066, -0.008225357, -0.0076516927, -0.0070301825, -0.0067008003, -0.0060282405, -0.0054583955, -0.005302315, -0.005390732, 0, 0, 0, 0, 0, 0, 0, 0
0, 0, 0, 0, 0, 0, 0, 0, 0, -0.006580162, -0.006006547, -0.006004735, -0.006428847, -0.00705901, -0.007379609, -0.007991339, -0.008560525, -0.009097181, -0.009355853, -0.009856068, -0.010334734, -0.010566273, -0.011014054, -0.011444123, -0.01165365, -0.012064942, -0.012468413, -0.01286639, -0.013063289, -0.013452149, -0.013831922, -0.014017586, -0.0143791465, -0.014726949, -0.015061634, -0.015224731, -0.015543932, -0.015856093, -0.01600998, -0.016313497, -0.016610304, -0.016755518, -0.017037986, -0.017308487, -0.01756598, -0.017689958, -0.01792952, -0.01815912, -0.018270778, -0.018488375, -0.01869861, -0.018900767, -0.018998424, -0.019185899, -0.019361982, -0.019445563, -0.019604456, -0.019752804, -0.019823369, -0.019958323, -0.020085406, -0.020204298, -0.02026046, -0.020364963, -0.020457575, -0.02049906, -0.0205723, -0.020633342, -0.02068398, -0.020705933, -0.020744046, -0.0207745, -0.020786693, -0.020804282, -0.020811236, -0.020806316, -0.02079927, -0.020775927, -0.020741226, -0.020720067, -0.020671105, -0.020614253, -0.020583004, -0.020514453, -0.020436686, -0.02034784, -0.020298863, -0.020191314, -0.020071516, -0.02000745, -0.01987237, -0.019729951, -0.019581817, -0.019505858, -0.019349774, -0.019186605, -0.019101469, -0.018922487, -0.01872997, -0.018628333, -0.018414943, -0.018189587, -0.017955357, -0.017835861, -0.017593259, -0.017346269, -0.017220886, -0.016964924, -0.016699575, -0.016422326, -0.016278805, -0.015982075, -0.01567322, -0.015514874, -0.015191462, -0.014860047, -0.014691588, -0.01434886, -0.013997501, -0.013636077, -0.013450951, -0.013071402, -0.01267901, -0.012478036, -0.012066992, -0.011644286, -0.011209806, -0.010988048, -0.010534749, -0.010067196, -0.009827347, -0.009334318, -0.008820889, -0.0085551515, -0.008001301, -0.007409902, -0.006772865, -0.0064395084, -0.0057855938, -0.005332732, -0.005309706, -0.0058043376, 0, 0, 0, 0, 0, 0, 0, 0
0, 0, 0, 0, 0, 0, 0, 0, 0, -0.008118967, -0.0061393427, -0.005836362, -0.0059876624, -0.0065330733, -0.006843115, -0.0074653965, -0.008066835, -0.008643119, -0.008922126, -0.009461684, -0.009976952, -0.010225618, -0.010706289, -0.011167493, -0.011392231, -0.0118328575, -0.012264728, -0.012689718, -0.0128995795, -0.013313445, -0.013717275, -0.013914695, -0.014299844, -0.014671492, -0.015030199, -0.015205169, -0.015546983, -0.01587942, -0.016042294, -0.016361348, -0.016670544, -0.016821148, -0.017113524, -0.01739403, -0.017662926, -0.01779319, -0.018046187, -0.018289555, -0.01840783, -0.018637517, -0.018857269, -0.019065982, -0.01916604, -0.019356774, -0.019535093, -0.01961969, -0.019780375, -0.019930333, -0.020001717, -0.020137373, -0.020264, -0.020380955, -0.020435538, -0.02053615, -0.020624258, -0.020663586, -0.02073302, -0.020791361, -0.020840233, -0.02086168, -0.020898685, -0.02092795, -0.020939363, -0.020954996, -0.020959714, -0.02095264, -0.020944517, -0.020919433, -0.020883296, -0.020861492, -0.020811446, -0.02075329, -0.020721404, -0.020651575, -0.020572532, -0.020482844, -0.020433592, -0.02032585, -0.020206055, -0.020141998, -0.020006571, -0.019862898, -0.019712357, -0.019634828, -0.01947499, -0.019307764, -0.019220864, -0.019038705, -0.018844219, -0.01874207, -0.01852831, -0.018303007, -0.018068213, -0.017947894, -0.017702136, -0.017449891, -0.017321039, -0.017056853, -0.016782213, -0.016495325, -0.016347114, -0.016041154, -0.015723797, -0.015561284, -0.015229614, -0.0148900235, -0.014717337, -0.014366016, -0.014005532, -0.0136337895, -0.013442963, -0.013050056, -0.01264203, -0.012432248, -0.012002025, -0.011558583, -0.011102614, -0.010870023, -0.010395065, -0.009905861, -0.009655231, -0.009140085, -0.008603276, -0.00832527, -0.007746352, -0.007130306, -0.0064730067, -0.006134315, -0.005498493, -0.005190339, -0.005381572, -0.0070793624, 0, 0, 0, 0, 0, 0, 0, 0
0, 0, 0, 0, 0, 0, 0, 0, 0, 0, -0.00535974, -0.005181793, -0.0053400807, -0.0058939136, -0.0062219715, -0.006893921, -0.0075493082, -0.0081756525, -0.008477495, -0.009058946, -0.009612452, -0.009879604, -0.010396845, -0.010894028, -0.011136153, -0.011609983, -0.012071483, -0.012521961, -0.012743097, -0.013176868, -0.013598727, -0.013805071, -0.014208718, -0.014600498, -0.014980867, -0.015166794, -0.0155298235, -0.015880812, -0.016051536, -0.016383294, -0.016701616, -0.016855817, -0.017154869, -0.017442685, -0.017720263, -0.017855689, -0.018119836, -0.018374562, -0.018498115, -0.018736666, -0.0189628, -0.019175718, -0.019277101, -0.019470016, -0.019650478, -0.019736372, -0.019899921, -0.020053, -0.020125639, -0.020262841, -0.020388931, -0.02050326, -0.020555785, -0.020651465, -0.020734724, -0.020771932, -0.02083841, -0.020895526, -0.020944284, -0.020965675, -0.021002369, -0.021030491, -0.021040898, -0.021054162, -0.021056544, -0.021047503, -0.021038797, -0.021013277, -0.02097746, -0.020956095, -0.02090672, -0.020849064, -0.020817207, -0.020747425, -0.02066888, -0.020580897, -0.020533005, -0.02042923, -0.020314567, -0.02025318, -0.02012262, -0.019982046, -0.019832412, -0.01975439, -0.019592045, -0.01942125, -0.019332608, -0.019148039, -0.018953253, -0.018851856, -0.01864091, -0.018419364, -0.018187698, -0.01806823, -0.01782217, -0.017566284, -0.0174345, -0.017162565, -0.016878882, -0.016582899, -0.016430298, -0.016116275, -0.015791483, -0.015625551, -0.0152870435, -0.014940429, -0.014764107, -0.014405147, -0.0140365055, -0.013655589, -0.013459685, -0.013055425, -0.012633692, -0.012416221, -0.011969244, -0.01150728, -0.011031674, -0.01078896, -0.010293164, -0.009781929, -0.00951968, -0.008979621, -0.008414998, -0.008122014, -0.007511649, -0.006864883, -0.006182201, -0.0058339066, -0.005176105, -0.0047525815, -0.0047237845, 0, 0, 0, 0, 0, 0, 0, 0, 0
0, 0, 0, 0, 0, 0, 0, 0, 0, 0, -0.005212046, -0.0046900534, -0.004694215, -0.005297438, -0.0056636957, -0.00640811, -0.0071209352, -0.0077901054, -0.008109483, -0.008721536, -0.009303572, -0.009585279, -0.010132792, -0.010661842, -0.0109199835, -0.01142383, -0.011911356, -0.0123824645, -0.012611959, -0.013059449, -0.01349278, -0.013704901, -0.014121105, -0.01452774, -0.0149248345, -0.015119426, -0.0154993925, -0.01586496, -0.01604183, -0.016383024, -0.016707826, -0.016864505, -0.017168118, -0.017460756, -0.017744543, -0.01788337, -0.01815436, -0.018414972, -0.018540742, -0.018782077, -0.019008767, -0.019220851, -0.019321714, -0.01951385, -0.019694742, -0.019781332, -0.019947285, -0.020103, -0.020176668, -0.02031482, -0.020439735, -0.020550787, -0.020601146, -0.020692142, -0.020771414, -0.02080719, -0.020872202, -0.02092932, -0.0209787, -0.021000298, -0.021036586, -0.02106278, -0.021071916, -0.021082217, -0.021082057, -0.021072114, -0.021063652, -0.021039916, -0.021007424, -0.020987896, -0.020942288, -0.020887619, -0.02085691, -0.020788996, -0.020712655, -0.020628031, -0.020582655, -0.020485412, -0.020379066, -0.020322183, -0.020200336, -0.020067193, -0.019922307, -0.01984563, -0.01968395, -0.019512305, -0.019423023, -0.019237917, -0.019044196, -0.018944057, -0.01873679, -0.01851975, -0.01829213, -0.018174076, -0.017928934, -0.017671537, -0.01753807, -0.017261922, -0.016973542, -0.01667324, -0.016518692, -0.016201217, -0.015873102, -0.01570522, -0.015362115, -0.015009812, -0.01483027, -0.01446417, -0.014087794, -0.013699016, -0.013499208, -0.0130869625, -0.012656712, -0.0124346735, -0.011977513, -0.011503893, -0.01101503, -0.0107649695, -0.010252963, -0.009723132, -0.009450431, -0.008886331, -0.008292682, -0.007983065, -0.0073356065, -0.006650187, -0.0059391074, -0.0055885273, -0.0049853674, -0.0047777155, -0.004942209, 0, 0, 0, 0, 0, 0, 0, 0, 0
0, 0, 0, 0, 0, 0, 0, 0, 0, 0, -0.0038023528, -0.0037871527, -0.0041754297, -0.004918729, -0.005327362, -0.0061281095, -0.006872163, -0.007558015, -0.007882763, -0.00850419, -0.009097428, -0.009386192, -0.009951161, -0.010500772, -0.0107697155, -0.011294454, -0.011799772, -0.0122845685, -0.012519343, -0.012974996, -0.013415223, -0.013630813, -0.014054895, -0.014471305, -0.014879417, -0.015079722, -0.015470155, -0.015844697, -0.016025035, -0.016371632, -0.016700061, -0.016858255, -0.017164737, -0.017460527, -0.017747566, -0.017887754, -0.018160405, -0.01842053, -0.018545082, -0.018782174, -0.019002989, -0.019208785, -0.01930665, -0.019493999, -0.019672006, -0.019757835, -0.019922987, -0.020078132, -0.02015125, -0.020287303, -0.02040858, -0.020514892, -0.020562833, -0.020649536, -0.020725876, -0.020760952, -0.020825705, -0.02088357, -0.020933604, -0.020955153, -0.020990098, -0.021013707, -0.021021292, -0.021028558, -0.02102675, -0.021017287, -0.021010067, -0.020990869, -0.02096478, -0.02094881, -0.020910162, -0.020861778, -0.020833686, -0.020770295, -0.020698054, -0.020618303, -0.020575954, -0.020486256, -0.020389121, -0.020337427, -0.020226179, -0.02010297, -0.019966334, -0.019892883, -0.01973629, -0.019567939, -0.019479984, -0.019297376, -0.019106533, -0.019008094, -0.018804405, -0.018591104, -0.01836669, -0.018249828, -0.018006325, -0.017749721, -0.017616626, -0.017341338, -0.017054802, -0.016757205, -0.016604278, -0.01628968, -0.015963301, -0.015795592, -0.015450888, -0.01509455, -0.014912174, -0.014539382, -0.01415584, -0.01376069, -0.013558127, -0.0131415725, -0.012708183, -0.012484781, -0.012024465, -0.011546674, -0.011051783, -0.010797972, -0.010276844, -0.0097353645, -0.009455623, -0.008874294, -0.008257446, -0.007933259, -0.007248833, -0.006515271, -0.005749741, -0.0053761303, -0.004777571, -0.004826037, -0.005392907, 0, 0, 0, 0, 0, 0, 0, 0, 0
0, 0, 0, 0, 0, 0, 0, 0, 0, 0, -0.0038589388, -0.0038150852, -0.004180104, -0.004915358, -0.005319827, -0.006108093, -0.0068353745, -0.007503933, -0.0078210505, -0.008430994, -0.009018882, -0.00930714, -0.009875115, -0.010431444, -0.010704415, -0.011237221, -0.011749864, -0.012240486, -0.012477673, -0.0129376585, -0.013382145, -0.01359997, -0.01402912, -0.014450809, -0.014863659, -0.015065871, -0.01545914, -0.015834738, -0.016015232, -0.016361382, -0.016689278, -0.016847335, -0.017153986, -0.01745005, -0.017736541, -0.017875902, -0.018145174, -0.01839917, -0.01851982, -0.01874761, -0.01895835, -0.019154314, -0.019247776, -0.019427212, -0.019598873, -0.019681972, -0.019841986, -0.019991785, -0.020061973, -0.020191327, -0.02030546, -0.02040497, -0.020449933, -0.020531978, -0.02060581, -0.020640276, -0.020704975, -0.020763261, -0.020813232, -0.020834317, -0.020867584, -0.020888628, -0.020894842, -0.02090001, -0.020897761, -0.020890456, -0.020885224, -0.020872032, -0.020853966, -0.020842463, -0.020812932, -0.020773055, -0.020748928, -0.020692565, -0.02062687, -0.020553706, -0.020514902, -0.020432986, -0.020344822, -0.020297926, -0.020197079, -0.02008445, -0.019958122, -0.01988952, -0.019741796, -0.019581445, -0.019497175, -0.019321196, -0.019136235, -0.019040382, -0.018841526, -0.018632118, -0.018410835, -0.01829545, -0.018054938, -0.017801678, -0.017670805, -0.01740107, -0.017121423, -0.016831959, -0.016683016, -0.016375808, -0.01605471, -0.015888482, -0.01554458, -0.015185766, -0.015001243, -0.014622911, -0.01423353, -0.0138336215, -0.013629326, -0.013210905, -0.012777639, -0.012554772, -0.012095495, -0.011618259, -0.011122984, -0.010868709, -0.010346042, -0.00980258, -0.009521682, -0.008937195, -0.008314406, -0.007984949, -0.0072820405, -0.0065120896, -0.005681148, -0.005258481, -0.0044987276, -0.0041213185, -0.004147993, 0, 0, 0, 0, 0, 0, 0, 0, 0
0, 0, 0, 0, 0, 0, 0, 0, 0, 0, -0.004626227, -0.004489448, -0.004636025, -0.005220432, -0.0055731027, -0.006286391, -0.0069620367, -0.0075939107, -0.007897245, -0.00848657, -0.009061321, -0.009345042, -0.009906546, -0.010458273, -0.0107292095, -0.011258846, -0.01176916, -0.012258794, -0.012496116, -0.012957787, -0.01340494, -0.013624358, -0.01405585, -0.0144780865, -0.014888816, -0.015088924, -0.015476186, -0.01584431, -0.01602087, -0.016359853, -0.016681725, -0.016837344, -0.017139634, -0.017431362, -0.017712513, -0.017848508, -0.018109456, -0.018353399, -0.018468568, -0.018685112, -0.018885052, -0.019071186, -0.019160053, -0.019331189, -0.019494697, -0.019573765, -0.019725263, -0.019865831, -0.01993112, -0.020050844, -0.020155877, -0.020247428, -0.02028919, -0.020366319, -0.020437129, -0.020470642, -0.020534072, -0.020591367, -0.020640103, -0.020660473, -0.020692268, -0.020712025, -0.020717932, -0.020723144, -0.020722404, -0.02071823, -0.020715268, -0.020707432, -0.020696146, -0.02068841, -0.020666992, -0.020635664, -0.020615837, -0.02056818, -0.020511081, -0.02044635, -0.020411586, -0.020337833, -0.020257989, -0.020215293, -0.020123253, -0.020020189, -0.019904127, -0.019840961, -0.019704472, -0.019555472, -0.019476742, -0.019311616, -0.01913636, -0.019044809, -0.018853512, -0.018650483, -0.018434765, -0.018321974, -0.01808687, -0.017839778, -0.017712247, -0.017450143, -0.017178927, -0.016898012, -0.016753167, -0.016453143, -0.016137198, -0.015972657, -0.015630163, -0.015270427, -0.015084729, -0.014703287, -0.014310492, -0.013907687, -0.013702465, -0.013283229, -0.01285026, -0.012627811, -0.012169905, -0.011694332, -0.011201347, -0.010948424, -0.010430163, -0.009894071, -0.0096184015, -0.009047708, -0.008442809, -0.008123378, -0.007439924, -0.0066833016, -0.0058519957, -0.0054225414, -0.0046406635, -0.004258638, -0.004310941, 0, 0, 0, 0, 0, 0, 0, 0, 0
0, 0, 0, 0, 0, 0, 0, 0, 0, 0, -0.005889278, -0.005521275, -0.0052248947, -0.005581109, -0.0058713974, -0.0065089483, -0.0071415887, -0.0077475645, -0.008042051, -0.008619555, -0.009186548, -0.009466945, -0.010021325, -0.010564655, -0.010831159, -0.011351749, -0.01185459, -0.012339428, -0.012575551, -0.013036759, -0.013484748, -0.013704252, -0.014134295, -0.01455147, -0.014953038, -0.015147236, -0.015520841, -0.015874501, -0.016044056, -0.016370052, -0.016680928, -0.016831623, -0.017124541, -0.017406585, -0.017677046, -0.017807141, -0.018055625, -0.01828701, -0.018396113, -0.018601807, -0.01879271, -0.018971287, -0.019056758, -0.019220954, -0.019376844, -0.019451562, -0.01959355, -0.019723993, -0.01978435, -0.019894585, -0.019991625, -0.020077126, -0.020116506, -0.020189853, -0.020257661, -0.020289775, -0.020350168, -0.020404551, -0.020450987, -0.020470604, -0.020501886, -0.020522786, -0.020529736, -0.020538198, -0.020541312, -0.020540863, -0.020539643, -0.020535184, -0.020527171, -0.020521294, -0.02050429, -0.020478843, -0.020462668, -0.020423355, -0.020375332, -0.020319846, -0.020289525, -0.020223808, -0.020151027, -0.020111738, -0.020026358, -0.019930609, -0.019823179, -0.019764794, -0.019639263, -0.019502558, -0.019430246, -0.019277832, -0.01911465, -0.019028863, -0.018848134, -0.018654833, -0.018448176, -0.018339878, -0.018113296, -0.01787455, -0.01775092, -0.017496025, -0.017231066, -0.016955134, -0.01681226, -0.016515337, -0.016201474, -0.01603767, -0.015696408, -0.015337417, -0.015151968, -0.014770753, -0.0143777225, -0.013974367, -0.013768644, -0.01334817, -0.012913632, -0.012690425, -0.012231374, -0.011755504, -0.011263865, -0.011012527, -0.010499953, -0.00997454, -0.00970676, -0.00915828, -0.008585858, -0.0082871225, -0.0076554613, -0.0069662225, -0.0062230937, -0.005850388, -0.0052275523, -0.0050777923, -0.005232425, 0, 0, 0, 0, 0, 0, 0, 0, 0
0, 0, 0, 0, 0, 0, 0, 0, 0, 0, -0.0075376392, -0.0064097918, -0.005491707, -0.005721513, -0.005996711, -0.0066287913, -0.007266079, -0.007880489, -0.008180069, -0.008767667, -0.009342566, -0.009625347, -0.0101808505, -0.010720613, -0.010984224, -0.011497567, -0.011993598, -0.012473419, -0.012707842, -0.013166521, -0.013611675, -0.013829047, -0.014252198, -0.0146582015, -0.015044937, -0.015230644, -0.015586539, -0.015922856, -0.016084347, -0.016395617, -0.016693229, -0.016837472, -0.017117431, -0.017385514, -0.017640851, -0.0177632, -0.017996408, -0.018214023, -0.01831724, -0.018513437, -0.018697666, -0.018871268, -0.018954335, -0.019113325, -0.019262593, -0.01933342, -0.019466912, -0.019589039, -0.019645698, -0.019749928, -0.019843312, -0.019927181, -0.01996613, -0.020038564, -0.020104602, -0.020135377, -0.0201921, -0.020242425, -0.020285888, -0.02030484, -0.02033687, -0.020361431, -0.020371038, -0.020385558, -0.020394698, -0.020398758, -0.02039893, -0.020395603, -0.020387268, -0.020381106, -0.020364404, -0.020341272, -0.020327171, -0.020293768, -0.02025337, -0.020205762, -0.020179123, -0.020119667, -0.020051794, -0.020014547, -0.019933008, -0.019841598, -0.019739982, -0.019685281, -0.01956846, -0.019441957, -0.019375065, -0.019233689, -0.019081624, -0.019001221, -0.01883128, -0.018648738, -0.018453142, -0.018350255, -0.018134393, -0.017905105, -0.01778556, -0.017536717, -0.017274948, -0.016999489, -0.016856253, -0.016558096, -0.016243456, -0.016079888, -0.01574019, -0.01538433, -0.015200818, -0.014823308, -0.01443302, -0.014030492, -0.013824365, -0.0134013975, -0.012962637, -0.012737097, -0.012273606, -0.011794141, -0.01130043, -0.01104875, -0.010536973, -0.010015409, -0.009751113, -0.009214409, -0.008663305, -0.008380356, -0.007793973, -0.0071771108, -0.0065530026, -0.0062705684, -0.005944703, -0.006320158, -0.006739373, 0, 0, 0, 0, 0, 0, 0, 0, 0
0, 0, 0, 0, 0, 0, 0, 0, 0, 0, 0, -0.00581114, -0.0053049703, -0.0055144373, -0.005803264, -0.006514931, -0.0072624944, -0.0079870885, -0.008336647, -0.009009654, -0.0096482765, -0.009954882, -0.010543542, -0.0111011015, -0.011368994, -0.011885478, -0.012378693, -0.012851645, -0.013080918, -0.013525301, -0.013949586, -0.014153835, -0.014546066, -0.01491687, -0.015267539, -0.015436005, -0.015760755, -0.016071012, -0.016221121, -0.016511574, -0.016788295, -0.016921071, -0.017174827, -0.017412845, -0.017635958, -0.01774254, -0.017947001, -0.018141905, -0.018236315, -0.01841928, -0.018594576, -0.018760622, -0.01883961, -0.018988693, -0.01912586, -0.019190252, -0.019311909, -0.01942587, -0.0194806, -0.019585961, -0.019686146, -0.019779965, -0.019823996, -0.019904621, -0.019974176, -0.020004746, -0.02005827, -0.02010375, -0.02014439, -0.020163504, -0.020200549, -0.020235416, -0.020251714, -0.020280423, -0.020301878, -0.020313825, -0.020315932, -0.020312537, -0.02030058, -0.020292202, -0.02027168, -0.020247513, -0.020234155, -0.020203969, -0.020167815, -0.020123363, -0.02009732, -0.020037241, -0.019966528, -0.01992765, -0.019843515, -0.0197521, -0.019653596, -0.019601505, -0.019491162, -0.019371206, -0.019307256, -0.01917062, -0.019022213, -0.018943807, -0.01877922, -0.018605402, -0.018422518, -0.018327398, -0.018128652, -0.01791597, -0.01780362, -0.017565597, -0.017308714, -0.017033376, -0.016889242, -0.01658981, -0.016277548, -0.016117107, -0.015787687, -0.015445878, -0.015269656, -0.014904813, -0.014522139, -0.014119783, -0.013910984, -0.013478364, -0.013026654, -0.012794211, -0.012316959, -0.011823966, -0.011314542, -0.011053192, -0.01051565, -0.009956953, -0.009668981, -0.009074736, -0.008454118, -0.008133209, -0.0074703717, -0.006790599, -0.0061538443, -0.005905155, -0.005775072, -0.0062959385, 0, 0, 0, 0, 0, 0, 0, 0, 0, 0
0, 0, 0, 0, 0, 0, 0, 0, 0, 0, 0, -0.007133788, -0.0053995056, -0.005346696, -0.0056317244, -0.006411823, -0.0072501884, -0.008054482, -0.008436807, -0.009160868, -0.0098333815, -0.010151969, -0.010756566, -0.011322735, -0.011592816, -0.0121103125, -0.012600407, -0.013065936, -0.013289905, -0.013720223, -0.014126859, -0.014321408, -0.014693707, -0.015045743, -0.015380749, -0.015542872, -0.015857944, -0.016161513, -0.016308976, -0.01659433, -0.016864847, -0.016993782, -0.017238215, -0.017465645, -0.01767835, -0.017780354, -0.01797761, -0.018168017, -0.018261103, -0.018442472, -0.018616213, -0.018780032, -0.01885738, -0.019002391, -0.01913542, -0.019197986, -0.019317478, -0.019432107, -0.019488322, -0.019598883, -0.019706232, -0.019807557, -0.019855132, -0.019941723, -0.020015473, -0.020047452, -0.020103013, -0.020150542, -0.020193672, -0.020214386, -0.020255318, -0.020294394, -0.020312598, -0.020344384, -0.020367445, -0.02037956, -0.020381322, -0.020376924, -0.020363994, -0.02035528, -0.020334575, -0.020310152, -0.020296413, -0.020264762, -0.020224981, -0.020174589, -0.020144913, -0.02007644, -0.019997433, -0.019954737, -0.019864453, -0.019769035, -0.019668238, -0.019615252, -0.019502584, -0.019378651, -0.019311765, -0.019167628, -0.019010337, -0.018927436, -0.018754844, -0.018575415, -0.018390162, -0.018295068, -0.018098336, -0.017889505, -0.017779304, -0.017545437, -0.017292097, -0.017019942, -0.016877579, -0.016582418, -0.016276209, -0.016119555, -0.015798727, -0.015465593, -0.015293225, -0.014934104, -0.014553469, -0.014149594, -0.013939102, -0.013501882, -0.013045299, -0.012810702, -0.012329687, -0.011832434, -0.011315662, -0.011048433, -0.010492739, -0.009904364, -0.009596347, -0.008949821, -0.008259013, -0.007895734, -0.007132827, -0.0063347043, -0.0055806134, -0.005296184, -0.005310363, -0.007008179, 0, 0, 0, 0, 0, 0, 0, 0, 0, 0
0, 0, 0, 0, 0, 0, 0, 0, 0, 0, 0, 0, -0.004662169, -0.0050875302, -0.0054870895, -0.006420455, -0.0073597333, -0.008229412, -0.008633831, -0.009385501, -0.010069657, -0.010389805, -0.01099275, -0.011553087, -0.0118194455, -0.01232773, -0.0128064975, -0.013258087, -0.013474094, -0.013886586, -0.014274141, -0.0144590335, -0.01481337, -0.015150255, -0.015473954, -0.015631873, -0.01594079, -0.01624022, -0.016385883, -0.016667137, -0.016932677, -0.017058833, -0.017297681, -0.017519886, -0.017729262, -0.01783045, -0.018028077, -0.018220892, -0.018315595, -0.018500444, -0.018676888, -0.018842284, -0.018920003, -0.019065546, -0.019199412, -0.019262955, -0.019385718, -0.019505475, -0.01956489, -0.01968261, -0.019797193, -0.019905087, -0.0199554, -0.020046897, -0.020124903, -0.020159066, -0.020219242, -0.020271976, -0.02032068, -0.020344218, -0.020389609, -0.020431368, -0.020449977, -0.020480622, -0.02050058, -0.020508664, -0.020508524, -0.020501161, -0.020486806, -0.020477824, -0.020457074, -0.020432115, -0.020417627, -0.02038228, -0.020335991, -0.02027615, -0.020240942, -0.020160738, -0.020070244, -0.020022225, -0.01992317, -0.019820968, -0.01971485, -0.01965923, -0.019540517, -0.019408727, -0.019336967, -0.019181572, -0.019011771, -0.018922547, -0.018738357, -0.018549459, -0.018357612, -0.018260252, -0.018060828, -0.017851133, -0.017740985, -0.017507713, -0.017255796, -0.016985934, -0.016845178, -0.01655454, -0.01625447, -0.016101396, -0.015788086, -0.015462099, -0.015292765, -0.014938081, -0.014559319, -0.014155353, -0.01394432, -0.013506206, -0.01305001, -0.012816075, -0.012337404, -0.01184212, -0.011324817, -0.011055467, -0.010490324, -0.009883333, -0.0095619215, -0.008879429, -0.008139036, -0.0077451263, -0.0069070333, -0.0060095238, -0.005115666, -0.004728521, -0.00430233, 0, 0, 0, 0, 0, 0, 0, 0, 0, 0, 0
0, 0, 0, 0, 0, 0, 0, 0, 0, 0, 0, 0, -0.0048438036, -0.0052841734, -0.0057069645, -0.0066853897, -0.0076514063, -0.008526552, -0.008927117, -0.00966207, -0.010322421, -0.010629698, -0.011207011, -0.011743395, -0.011998621, -0.012486248, -0.012945696, -0.013378524, -0.013585435, -0.013980252, -0.014351763, -0.014529551, -0.014872084, -0.015200708, -0.015519444, -0.015675688, -0.01598225, -0.016279558, -0.016423907, -0.016702278, -0.01696471, -0.017089661, -0.017327335, -0.0175511, -0.017765043, -0.017869627, -0.018075474, -0.018277615, -0.018376945, -0.018570423, -0.01875477, -0.018927174, -0.01900851, -0.019161671, -0.01930424, -0.01937269, -0.019506011, -0.01963663, -0.019701093, -0.01982788, -0.019949378, -0.02006218, -0.02011439, -0.020209352, -0.020291504, -0.020328235, -0.020394927, -0.020455342, -0.020511784, -0.020538684, -0.020588933, -0.020631941, -0.020649748, -0.020676307, -0.020690024, -0.020691277, -0.020687945, -0.020675378, -0.020657519, -0.020647272, -0.020624233, -0.020596212, -0.020579385, -0.020537509, -0.020482047, -0.020410778, -0.020369358, -0.020276243, -0.020173198, -0.02011944, -0.020009506, -0.019897511, -0.019781813, -0.019721372, -0.019592354, -0.019449083, -0.019371241, -0.019203192, -0.019020826, -0.018925523, -0.018729925, -0.018531078, -0.018330786, -0.018229757, -0.018023562, -0.017807983, -0.017695043, -0.017456908, -0.017201288, -0.016929287, -0.016788153, -0.016498106, -0.016200248, -0.016048707, -0.015739072, -0.015417073, -0.015249735, -0.014898802, -0.014523472, -0.014123134, -0.013914224, -0.013481235, -0.013032036, -0.012802342, -0.012332887, -0.011847288, -0.011338832, -0.011073281, -0.0105135925, -0.009908864, -0.009587473, -0.0089027155, -0.008157653, -0.007760674, -0.006914831, -0.0060082227, -0.0051070857, -0.0047201086, -0.0043164813, 0, 0, 0, 0, 0, 0, 0, 0, 0, 0, 0
0, 0, 0, 0, 0, 0, 0, 0, 0, 0, 0, 0, -0.005771506, -0.005964632, -0.0062981276, -0.00715662, -0.008041043, -0.0088477, -0.009216278, -0.00989118, -0.010498174, -0.010781489, -0.011317124, -0.011819339, -0.012060025, -0.012522514, -0.012961342, -0.013377209, -0.013576683, -0.013959654, -0.014322861, -0.014498111, -0.014838289, -0.015167851, -0.015489456, -0.015647292, -0.015956935, -0.016256304, -0.016401265, -0.016680617, -0.016944865, -0.01707148, -0.017315004, -0.017548274, -0.017775016, -0.017886808, -0.01810771, -0.01832447, -0.01843069, -0.018636974, -0.018833218, -0.019017741, -0.019105537, -0.01927312, -0.019431883, -0.01950884, -0.019659374, -0.019805683, -0.01987704, -0.020014828, -0.020143574, -0.020260697, -0.020314505, -0.020412415, -0.020498948, -0.020538565, -0.020612737, -0.020681672, -0.020745918, -0.02077604, -0.0208303, -0.020873658, -0.02089031, -0.020912338, -0.020919532, -0.020913737, -0.020907037, -0.020888234, -0.020864666, -0.02085159, -0.020822283, -0.020786608, -0.020765284, -0.020713156, -0.02064611, -0.020562746, -0.020515267, -0.020410258, -0.020295687, -0.020236114, -0.02011432, -0.019989373, -0.019859647, -0.01979173, -0.01964737, -0.019489117, -0.01940424, -0.019223168, -0.019029465, -0.018929178, -0.018724406, -0.01851679, -0.018307501, -0.018201733, -0.017985579, -0.017759372, -0.017641071, -0.017392607, -0.017127853, -0.016848287, -0.016704148, -0.016409336, -0.016108302, -0.01595562, -0.015644891, -0.015323024, -0.015156389, -0.014808545, -0.014438511, -0.014045773, -0.0138414875, -0.013419183, -0.012982319, -0.012759259, -0.012303945, -0.011833529, -0.011341351, -0.011084512, -0.010544116, -0.0099619515, -0.009653326, -0.008998195, -0.008289381, -0.007913899, -0.00712119, -0.0062918533, -0.0055171, -0.0052231858, -0.005062566, 0, 0, 0, 0, 0, 0, 0, 0, 0, 0, 0
0, 0, 0, 0, 0, 0, 0, 0, 0, 0, 0, 0, -0.0071738143, -0.0067903562, -0.0069357525, -0.0075592436, -0.008302872, -0.009007122, -0.009332967, -0.009935348, -0.010485108, -0.010745067, -0.011242735, -0.011717029, -0.011946651, -0.012391871, -0.012818402, -0.013226268, -0.013423352, -0.013804494, -0.014170268, -0.014348251, -0.014696612, -0.015036685, -0.015369418, -0.01553292, -0.0158527, -0.016161077, -0.016310342, -0.016598642, -0.016873376, -0.01700628, -0.017264875, -0.017516453, -0.017763287, -0.017885365, -0.018125964, -0.018360669, -0.018474972, -0.018696327, -0.01890681, -0.019106412, -0.019202443, -0.019388024, -0.019566914, -0.019654237, -0.019824982, -0.019989362, -0.020068446, -0.020218348, -0.020355223, -0.020477789, -0.020533755, -0.020636111, -0.020728024, -0.020771047, -0.020852359, -0.020928606, -0.020998824, -0.021030942, -0.02108716, -0.02112969, -0.02114523, -0.021163886, -0.021167098, -0.02115703, -0.021148063, -0.02112409, -0.021093894, -0.021076715, -0.021037541, -0.020989839, -0.020961968, -0.020896154, -0.020815644, -0.020720227, -0.020667262, -0.020552406, -0.020428225, -0.020363428, -0.020229563, -0.020089637, -0.019942125, -0.01986472, -0.019701222, -0.019525092, -0.019432267, -0.019237718, -0.019033799, -0.018929172, -0.018716546, -0.018500673, -0.018281344, -0.018169783, -0.017940663, -0.017700339, -0.017574966, -0.017312974, -0.017036106, -0.016746461, -0.016597813, -0.01629508, -0.015987068, -0.01583115, -0.015514797, -0.015189315, -0.015021888, -0.014675007, -0.014309853, -0.013925667, -0.013726748, -0.013316975, -0.012893597, -0.012677428, -0.012236322, -0.0117811, -0.011306749, -0.011060494, -0.010545492, -0.009995629, -0.00970602, -0.009094389, -0.0084360195, -0.008088386, -0.007359895, -0.006621808, -0.006020104, -0.00587807, -0.0062132315, 0, 0, 0, 0, 0, 0, 0, 0, 0, 0, 0
0, 0, 0, 0, 0, 0, 0, 0, 0, 0, 0, 0, -0.008461125, -0.007181599, -0.0071420227, -0.0075714593, -0.008211061, -0.008843575, -0.00914103, -0.009698542, -0.01021772, -0.010466947, -0.010950654, -0.01141807, -0.0116463285, -0.0120913545, -0.0125206355, -0.01293366, -0.013134389, -0.013525276, -0.013903987, -0.014089785, -0.01445536, -0.0148139205, -0.0151654, -0.015337949, -0.015675247, -0.016000848, -0.016158873, -0.016465718, -0.016761197, -0.016905442, -0.017188385, -0.017465524, -0.01773779, -0.01787185, -0.018134767, -0.018388836, -0.018511873, -0.018749382, -0.018975535, -0.019191382, -0.019296149, -0.019500446, -0.019699084, -0.019796366, -0.01998593, -0.020166889, -0.020252937, -0.020414589, -0.0205605, -0.02069065, -0.02075022, -0.020859905, -0.020959426, -0.021006092, -0.021094106, -0.02117532, -0.021247892, -0.021280173, -0.021335164, -0.021375172, -0.021389393, -0.021406218, -0.021408426, -0.02139797, -0.02138844, -0.021362089, -0.021326277, -0.021304825, -0.021254115, -0.02119213, -0.021156399, -0.021074936, -0.020980414, -0.020873591, -0.020815995, -0.020693133, -0.020561174, -0.02049188, -0.020346439, -0.020191234, -0.020025136, -0.019937677, -0.019754129, -0.019559622, -0.019458741, -0.019250989, -0.019036962, -0.018927969, -0.018706802, -0.018481098, -0.018249488, -0.018130751, -0.01788597, -0.017629819, -0.017496925, -0.017221412, -0.016933478, -0.016634783, -0.0164822, -0.016171714, -0.015855478, -0.015695296, -0.015370061, -0.015036673, -0.014866177, -0.014515961, -0.014151475, -0.013772227, -0.013576951, -0.013175971, -0.012762102, -0.012550666, -0.012118562, -0.011673187, -0.011211536, -0.010973367, -0.010479815, -0.009958456, -0.009685792, -0.009111651, -0.008492001, -0.008162413, -0.007464022, -0.0067509376, -0.0062122396, -0.0061677876, -0.007194306, 0, 0, 0, 0, 0, 0, 0, 0, 0, 0, 0
0, 0, 0, 0, 0, 0, 0, 0, 0, 0, 0, 0, -0.007338343, -0.0067557255, -0.0067252014, -0.0071060658, -0.0077132643, -0.0083321845, -0.008627356, -0.009187837, -0.009717494, -0.009974029, -0.010474332, -0.010960018, -0.011197256, -0.011660165, -0.012106781, -0.012537267, -0.012747012, -0.013157191, -0.013557309, -0.01375436, -0.014143559, -0.014526273, -0.014901365, -0.015085684, -0.0154462755, -0.01579568, -0.01596609, -0.01629888, -0.016622346, -0.01678109, -0.017093709, -0.017400127, -0.01769962, -0.017846232, -0.018131746, -0.018405627, -0.018537832, -0.01879276, -0.019036055, -0.019269362, -0.019383017, -0.019605184, -0.019821044, -0.019926315, -0.020130394, -0.0203234, -0.020414729, -0.020585781, -0.020740716, -0.020880328, -0.02094496, -0.021065004, -0.021174368, -0.02122537, -0.021320084, -0.02140417, -0.021475885, -0.021506626, -0.021556992, -0.021592524, -0.021605106, -0.02162021, -0.021623276, -0.021614796, -0.02160611, -0.021579688, -0.021540107, -0.021515034, -0.021453874, -0.02137787, -0.021334564, -0.021238256, -0.021130731, -0.021013772, -0.020952195, -0.020822598, -0.020683883, -0.020610545, -0.020454725, -0.020285796, -0.020103194, -0.020007161, -0.019806601, -0.01959689, -0.019489318, -0.019270135, -0.019046342, -0.018932873, -0.018701594, -0.018463522, -0.018216873, -0.018089954, -0.017828247, -0.017556192, -0.01741641, -0.017129596, -0.01683372, -0.016529249, -0.016373934, -0.016057435, -0.015733015, -0.015567788, -0.015231169, -0.014885625, -0.014709423, -0.014349618, -0.0139791975, -0.013597593, -0.013402348, -0.013002818, -0.012590879, -0.012380173, -0.011949065, -0.011504462, -0.0110452585, -0.010809764, -0.010325164, -0.009818467, -0.009554849, -0.00900108, -0.008401443, -0.008079849, -0.0073883086, -0.0066583976, -0.0060331807, -0.0058604046, -0.005953583, 0, 0, 0, 0, 0, 0, 0, 0, 0, 0, 0
0, 0, 0, 0, 0, 0, 0, 0, 0, 0, 0, 0, -0.008365165, -0.0064045223, -0.006141323, -0.0063611614, -0.006949932, -0.0075946315, -0.007908795, -0.008511065, -0.009083068, -0.009359863, -0.009897934, -0.01041715, -0.010669805, -0.011160954, -0.011633532, -0.012089219, -0.012311655, -0.012747718, -0.01317469, -0.013385508, -0.0138023915, -0.014212267, -0.0146141155, -0.014811535, -0.015198457, -0.015574644, -0.015758788, -0.016119963, -0.016472805, -0.01664641, -0.016988242, -0.017322337, -0.017646864, -0.017804943, -0.018111477, -0.018404586, -0.018546069, -0.018819293, -0.019081326, -0.019333139, -0.019455753, -0.019694814, -0.019924928, -0.02003625, -0.020250048, -0.020450262, -0.02054475, -0.02072198, -0.020884553, -0.021033699, -0.021103643, -0.021235382, -0.021355644, -0.021411346, -0.021512605, -0.021598691, -0.021668287, -0.021696633, -0.021741109, -0.021771142, -0.021781538, -0.021794409, -0.021797733, -0.021790916, -0.021783162, -0.021757139, -0.021714918, -0.021687193, -0.021617858, -0.02153105, -0.02148186, -0.021374179, -0.021256784, -0.021132072, -0.021067219, -0.020931708, -0.020786552, -0.02070941, -0.02054459, -0.020364603, -0.020170044, -0.020067953, -0.01985629, -0.01963704, -0.01952525, -0.01929841, -0.019066833, -0.01894887, -0.018707182, -0.018455736, -0.018193636, -0.018058388, -0.0177805, -0.017494308, -0.01734874, -0.017053133, -0.016751764, -0.016443536, -0.016286232, -0.015964234, -0.015631163, -0.015460207, -0.01510977, -0.014748612, -0.0145644955, -0.01418998, -0.01380749, -0.013416627, -0.013217726, -0.012811798, -0.012393724, -0.012179604, -0.011740672, -0.011287096, -0.0108187115, -0.010578893, -0.010087256, -0.009576015, -0.009311046, -0.0087565, -0.008159473, -0.007841544, -0.007169421, -0.0064998064, -0.006047717, -0.00604234, -0.006612097, 0, 0, 0, 0, 0, 0, 0, 0, 0, 0, 0
0, 0, 0, 0, 0, 0, 0, 0, 0, 0, 0, 0, 0, -0.0054535903, -0.005301349, -0.0055206213, -0.0061249635, -0.0068186917, -0.007161729, -0.007821157, -0.008444253, -0.008743778, -0.009321921, -0.009875175, -0.010143121, -0.010662925, -0.011162858, -0.011646441, -0.011883075, -0.012348698, -0.012805932, -0.013031894, -0.013478521, -0.013917195, -0.014346492, -0.014557224, -0.014970415, -0.015372643, -0.01556983, -0.015957097, -0.01633554, -0.016521603, -0.016887235, -0.01724301, -0.017587101, -0.017754247, -0.01807807, -0.018387938, -0.018537836, -0.01882872, -0.019108294, -0.019377775, -0.019508671, -0.019762285, -0.020003872, -0.02011948, -0.020339325, -0.020543149, -0.020639023, -0.020819558, -0.02098673, -0.021142809, -0.02121698, -0.021357607, -0.021486782, -0.021546206, -0.02165278, -0.02174083, -0.021808876, -0.02183555, -0.02187567, -0.021901373, -0.021909948, -0.021920232, -0.021922361, -0.021914972, -0.021906879, -0.021879558, -0.021834595, -0.021804849, -0.021730388, -0.02163759, -0.02158537, -0.021471918, -0.021349492, -0.021220353, -0.02115328, -0.021013152, -0.020862306, -0.020781893, -0.020609718, -0.020422056, -0.020220302, -0.02011512, -0.01989849, -0.019675458, -0.01956219, -0.019331768, -0.01909531, -0.018974092, -0.018723704, -0.018461423, -0.018186545, -0.018044813, -0.017754398, -0.01745758, -0.01730752, -0.017004987, -0.016698416, -0.016385319, -0.016225323, -0.015896158, -0.01555288, -0.015375593, -0.01501041, -0.014632884, -0.014440342, -0.014049656, -0.013652514, -0.013248755, -0.0130439, -0.012626396, -0.012196224, -0.011975488, -0.011521909, -0.011051262, -0.010563513, -0.010313402, -0.009799803, -0.009265459, -0.008988471, -0.008409902, -0.0077917865, -0.0074671716, -0.0068020253, -0.0062066307, -0.006014553, -0.0063052364, -0.008259576, 0, 0, 0, 0, 0, 0, 0, 0, 0, 0, 0
0, 0, 0, 0, 0, 0, 0, 0, 0, 0, 0, 0, 0, -0.0053162905, -0.0047948826, -0.0048141717, -0.0054347785, -0.006181583, -0.0065509346, -0.007256363, -0.007915953, -0.008230912, -0.008835823, -0.009412511, -0.009691614, -0.010234183, -0.01075883, -0.01126946, -0.011520672, -0.012016351, -0.012504212, -0.012745293, -0.013221106, -0.013687085, -0.014141942, -0.014364858, -0.0148015125, -0.015226165, -0.015434183, -0.015842177, -0.016239822, -0.016434776, -0.016816458, -0.017186329, -0.017542908, -0.017715758, -0.018050944, -0.018372428, -0.018528521, -0.018831946, -0.019124486, -0.019406304, -0.019542886, -0.019806268, -0.020054752, -0.020172725, -0.020395378, -0.020600136, -0.020696014, -0.020876797, -0.021045068, -0.021202976, -0.02127841, -0.02142199, -0.021553928, -0.021614628, -0.021723157, -0.021812182, -0.02188028, -0.021906732, -0.02194621, -0.021970978, -0.021979105, -0.02198806, -0.021988057, -0.02197789, -0.021968136, -0.021937493, -0.021889295, -0.021858199, -0.021781735, -0.021688204, -0.02163605, -0.021523181, -0.021401467, -0.02127222, -0.021204565, -0.021062069, -0.020907609, -0.020825105, -0.020648621, -0.020457163, -0.020252908, -0.02014707, -0.019929979, -0.019707184, -0.019593984, -0.01936308, -0.019124586, -0.019001592, -0.018746458, -0.01847802, -0.018196406, -0.018051393, -0.017754564, -0.017451812, -0.017298931, -0.016990818, -0.016677978, -0.016357785, -0.016193712, -0.015855197, -0.015500918, -0.015317616, -0.014939339, -0.0145480065, -0.01434864, -0.01394454, -0.013534429, -0.0131178545, -0.0129064405, -0.0124753285, -0.012029868, -0.0118008675, -0.011328836, -0.010836747, -0.010324578, -0.010060867, -0.009517119, -0.008948244, -0.008652186, -0.008031186, -0.0073654507, -0.0070166443, -0.0063108252, -0.0057063554, -0.0055161826, -0.0056931856, 0, 0, 0, 0, 0, 0, 0, 0, 0, 0, 0, 0
0, 0, 0, 0, 0, 0, 0, 0, 0, 0, 0, 0, 0, -0.00398877, -0.0039617894, -0.004316612, -0.0050252, -0.005806519, -0.0061859014, -0.0069045965, -0.0075733117, -0.007892313, -0.008506092, -0.009093961, -0.00938005, -0.009939659, -0.010485391, -0.011020395, -0.011284646, -0.011807183, -0.01232143, -0.012575088, -0.013074673, -0.013562237, -0.014036665, -0.0142688565, -0.014722972, -0.015163894, -0.015379528, -0.015801523, -0.01621111, -0.016411226, -0.016801508, -0.01717788, -0.017539369, -0.01771452, -0.018053731, -0.018379346, -0.01853753, -0.018845074, -0.019141575, -0.019426627, -0.019564424, -0.01982927, -0.020077923, -0.020195486, -0.02041667, -0.020619268, -0.020714043, -0.020892223, -0.021057324, -0.021211501, -0.02128479, -0.021423765, -0.021551022, -0.021609647, -0.021715028, -0.021802546, -0.021871066, -0.021898547, -0.021940699, -0.021968512, -0.021977609, -0.02198764, -0.021986287, -0.021973062, -0.021961391, -0.021926913, -0.021876397, -0.021844897, -0.021769892, -0.021680387, -0.021630947, -0.021524204, -0.021408161, -0.021283131, -0.021216862, -0.021075707, -0.02092153, -0.020838978, -0.020662986, -0.020472854, -0.020270946, -0.02016653, -0.01995231, -0.019732092, -0.019619806, -0.019389903, -0.019151244, -0.019027889, -0.018771991, -0.018503059, -0.018221382, -0.018076481, -0.017779978, -0.01747666, -0.017322937, -0.017011177, -0.016692368, -0.01636415, -0.016195484, -0.015847614, -0.015484092, -0.015296344, -0.01490969, -0.014510218, -0.014306793, -0.0138941575, -0.013474496, -0.013046757, -0.012828926, -0.012383468, -0.011921907, -0.0116841765, -0.01119305, -0.010680102, -0.010144621, -0.009868176, -0.009296383, -0.008695128, -0.008380679, -0.0077163437, -0.006995282, -0.006613431, -0.005834838, -0.0051859235, -0.005172859, -0.005723988, 0, 0, 0, 0, 0, 0, 0, 0, 0, 0, 0, 0
0, 0, 0, 0, 0, 0, 0, 0, 0, 0, 0, 0, 0, -0.0042609456, -0.0041606636, -0.004378834, -0.004998331, -0.0057282145, -0.0060904752, -0.006785611, -0.00744106, -0.007756654, -0.008369277, -0.008963229, -0.009254549, -0.009828685, -0.01039268, -0.010947606, -0.011221759, -0.011763043, -0.012293969, -0.012554943, -0.013067384, -0.013565819, -0.01404969, -0.014286171, -0.014748477, -0.015196713, -0.015415684, -0.015843323, -0.016256811, -0.016458334, -0.016849816, -0.017225616, -0.017585209, -0.01775892, -0.018094908, -0.018416334, -0.018572045, -0.018874265, -0.01916433, -0.019442163, -0.01957603, -0.019832892, -0.020073796, -0.020187799, -0.020402273, -0.020599112, -0.020691259, -0.02086392, -0.021022726, -0.021169076, -0.021237852, -0.021366794, -0.021483816, -0.021537622, -0.021635175, -0.02171798, -0.021785688, -0.021813948, -0.021859732, -0.021891909, -0.021903135, -0.021915877, -0.02191521, -0.021900786, -0.02188816, -0.021852404, -0.021802388, -0.021772193, -0.021701867, -0.021619877, -0.021574948, -0.021477709, -0.021370651, -0.021253206, -0.02119015, -0.021054702, -0.02090594, -0.02082626, -0.020656627, -0.020473825, -0.020279568, -0.020178841, -0.019971136, -0.019755779, -0.019645272, -0.019417826, -0.01918075, -0.01905831, -0.018804941, -0.018539824, -0.018263428, -0.01812139, -0.017830355, -0.017530909, -0.017378142, -0.017065898, -0.016743558, -0.016409665, -0.016237855, -0.015883867, -0.015515635, -0.015326118, -0.01493685, -0.014535247, -0.014330418, -0.013913441, -0.013486591, -0.013048369, -0.012824237, -0.0123640625, -0.011886213, -0.0116400365, -0.011131835, -0.010602033, -0.010049863, -0.009765045, -0.0091763, -0.0085571315, -0.008233273, -0.0075476994, -0.0067981463, -0.0063968147, -0.0055592097, -0.004789889, -0.0044007464, -0.004428033, 0, 0, 0, 0, 0, 0, 0, 0, 0, 0, 0, 0
0, 0, 0, 0, 0, 0, 0, 0, 0, 0, 0, 0, 0, -0.005380632, -0.0050489437, -0.0048184446, -0.005212211, -0.005846584, -0.0061839097, -0.006850931, -0.007495215, -0.0078094904, -0.008425794, -0.009029595, -0.0093276715, -0.009916598, -0.010495585, -0.011063538, -0.0113429325, -0.011891693, -0.012426261, -0.012687853, -0.013199512, -0.013695485, -0.0141761545, -0.014411019, -0.014869783, -0.015314284, -0.015531252, -0.015954338, -0.016362408, -0.016560752, -0.01694515, -0.017312901, -0.017663678, -0.017832752, -0.018158685, -0.01846938, -0.01861932, -0.01890875, -0.019184718, -0.019447466, -0.019573636, -0.019815236, -0.02004201, -0.020149665, -0.02035287, -0.020540541, -0.020628566, -0.0207937, -0.020944769, -0.0210823, -0.021146132, -0.021264207, -0.021369878, -0.02141825, -0.02150604, -0.021582048, -0.021646414, -0.021674281, -0.021721384, -0.02175653, -0.021769423, -0.021785405, -0.021787262, -0.021774843, -0.021763338, -0.021730438, -0.021684937, -0.021657728, -0.02159511, -0.021522429, -0.02148258, -0.021395672, -0.021298705, -0.021190543, -0.021132035, -0.021005856, -0.020867128, -0.020793026, -0.020635458, -0.02046555, -0.020284154, -0.02018936, -0.01999235, -0.01978547, -0.019678317, -0.019456305, -0.019224102, -0.019104084, -0.018856319, -0.018598232, -0.018330073, -0.018192226, -0.017909065, -0.017615821, -0.017465265, -0.017155482, -0.016833356, -0.016498188, -0.016325666, -0.01597099, -0.015603295, -0.015414668, -0.0150275575, -0.014627526, -0.014422716, -0.014003097, -0.013569637, -0.013120696, -0.0128900325, -0.012415394, -0.011922284, -0.011668616, -0.011146761, -0.010605206, -0.010043497, -0.0097547695, -0.0091602625, -0.008539269, -0.0082164835, -0.007539811, -0.0068108523, -0.006425664, -0.005638984, -0.0049614836, -0.0047227624, -0.004835343, 0, 0, 0, 0, 0, 0, 0, 0, 0, 0, 0, 0
0, 0, 0, 0, 0, 0, 0, 0, 0, 0, 0, 0, 0, -0.006990901, -0.005962518, -0.0051311115, -0.0053905724, -0.006003267, -0.0063418713, -0.0070195794, -0.0076799607, -0.008003302, -0.0086387675, -0.009261427, -0.009568313, -0.010172004, -0.010761347, -0.01133437, -0.011614079, -0.012159628, -0.012686305, -0.0129426345, -0.013442003, -0.013924351, -0.014390675, -0.014618257, -0.015062331, -0.015492077, -0.015701486, -0.01610918, -0.016501585, -0.016691726, -0.017059818, -0.01741151, -0.017746594, -0.017908031, -0.01821892, -0.018514547, -0.018656885, -0.01893039, -0.019189693, -0.019434886, -0.019552205, -0.019776145, -0.019986214, -0.02008611, -0.020275487, -0.020451501, -0.020534549, -0.020690925, -0.020834409, -0.020964677, -0.021024818, -0.02113526, -0.021233056, -0.021277398, -0.021357551, -0.021427073, -0.021486767, -0.021512978, -0.021558309, -0.02159369, -0.021607308, -0.021625578, -0.021631181, -0.021623759, -0.021615256, -0.021589208, -0.021551663, -0.021528898, -0.021475652, -0.02141278, -0.021377662, -0.021300247, -0.021212539, -0.021113852, -0.021060342, -0.0209452, -0.020819135, -0.020752082, -0.020609634, -0.02045578, -0.020290323, -0.020203289, -0.020020599, -0.019826131, -0.019724509, -0.01951274, -0.019289736, -0.019174324, -0.018935855, -0.018687245, -0.01842832, -0.018294819, -0.01801946, -0.017732415, -0.017584268, -0.017278377, -0.016959395, -0.016627215, -0.016456332, -0.016105391, -0.015742151, -0.015555735, -0.015172781, -0.014775048, -0.014570321, -0.014147998, -0.013707944, -0.013249235, -0.013012914, -0.012526181, -0.012021108, -0.011761787, -0.011229753, -0.010679558, -0.010110717, -0.009818934, -0.009220079, -0.008598998, -0.008279095, -0.0076183616, -0.006929986, -0.006581132, -0.0059264754, -0.00553309, -0.0058195023, -0.0061949054, 0, 0, 0, 0, 0, 0, 0, 0, 0, 0, 0, 0
0, 0, 0, 0, 0, 0, 0, 0, 0, 0, 0, 0, 0, 0, -0.0050958744, -0.0050241607, -0.0054491395, -0.006131163, -0.006498134, -0.0072288457, -0.007935781, -0.008279495, -0.008949361, -0.009597266, -0.009913246, -0.0105289975, -0.011122694, -0.01169336, -0.01196975, -0.012505246, -0.013018092, -0.013266493, -0.013748041, -0.014210883, -0.014656477, -0.01487326, -0.015295243, -0.015702125, -0.015899895, -0.016283965, -0.016652305, -0.016830498, -0.017174827, -0.017503684, -0.017817413, -0.0179688, -0.018260976, -0.01853941, -0.018673595, -0.018931737, -0.019175995, -0.019406194, -0.019515809, -0.019724406, -0.019919096, -0.02001142, -0.02018663, -0.020349694, -0.020427104, -0.020573905, -0.02071022, -0.02083553, -0.020893719, -0.02100125, -0.021096505, -0.02113962, -0.021216808, -0.021282962, -0.02133887, -0.021363398, -0.02140594, -0.021439958, -0.021453619, -0.02147392, -0.021484071, -0.02148345, -0.02147903, -0.021462085, -0.021434309, -0.021416396, -0.021372829, -0.021319013, -0.021288265, -0.021219043, -0.021139508, -0.021049686, -0.021001045, -0.020896783, -0.020783382, -0.020723205, -0.020595433, -0.020456916, -0.020307072, -0.020227825, -0.020060256, -0.019880475, -0.01978607, -0.019588185, -0.019378794, -0.019269824, -0.019043464, -0.018805861, -0.018556243, -0.018426698, -0.01815781, -0.017875608, -0.017729526, -0.017427763, -0.01711311, -0.016786072, -0.016618151, -0.01627311, -0.01591529, -0.01573118, -0.015351529, -0.014954842, -0.014749619, -0.014324553, -0.013879508, -0.013414777, -0.013175218, -0.012682115, -0.012171055, -0.011908546, -0.011369604, -0.010810864, -0.0102310395, -0.009932751, -0.009318378, -0.008679395, -0.008350564, -0.007675105, -0.006986183, -0.006649386, -0.006073288, -0.0059286496, -0.0069810636, -0.008139077, 0, 0, 0, 0, 0, 0, 0, 0, 0, 0, 0, 0
0, 0, 0, 0, 0, 0, 0, 0, 0, 0, 0, 0, 0, 0, -0.0058332803, -0.0053398125, -0.005578801, -0.006258871, -0.0066534183, -0.007453046, -0.008223349, -0.008593014, -0.009301978, -0.0099732755, -0.0102958, -0.010917001, -0.011508166, -0.012071087, -0.01234232, -0.012865434, -0.013363819, -0.013604179, -0.014067986, -0.01451079, -0.014934326, -0.015139207, -0.01553652, -0.015917815, -0.016102618, -0.016460326, -0.016802376, -0.016967427, -0.017286025, -0.017590009, -0.017880356, -0.018020673, -0.01829253, -0.018553179, -0.018679405, -0.018923616, -0.019155962, -0.019375144, -0.019479346, -0.019676844, -0.019859567, -0.019945644, -0.020107968, -0.020258691, -0.02033036, -0.02046711, -0.020596268, -0.020717796, -0.02077531, -0.02088315, -0.020980217, -0.02102421, -0.021103198, -0.021169942, -0.021225534, -0.021249544, -0.021291118, -0.021325223, -0.021339593, -0.02136275, -0.02137828, -0.021385213, -0.021385087, -0.0213773, -0.02135896, -0.021345694, -0.021310976, -0.021265335, -0.021238437, -0.021176783, -0.021105165, -0.021024013, -0.02098018, -0.02088616, -0.020783624, -0.020728925, -0.020612236, -0.020485112, -0.020346787, -0.020273356, -0.020117965, -0.019951433, -0.019863902, -0.019680472, -0.019485487, -0.01938344, -0.019170055, -0.018943032, -0.018701715, -0.018575374, -0.018311676, -0.018033335, -0.017889177, -0.017591314, -0.017281424, -0.016960094, -0.016795104, -0.016455399, -0.016101724, -0.015918883, -0.015540264, -0.015142792, -0.014936665, -0.014509673, -0.014063279, -0.013598328, -0.013359134, -0.01286734, -0.012356892, -0.01209396, -0.011551086, -0.010983325, -0.010387413, -0.010077955, -0.009434076, -0.008754204, -0.008399976, -0.0076636313, -0.006904431, -0.006533223, -0.005907301, -0.0057226503, -0.0062011112, 0, 0, 0, 0, 0, 0, 0, 0, 0, 0, 0, 0, 0
0, 0, 0, 0, 0, 0, 0, 0, 0, 0, 0, 0, 0, 0, -0.0073668747, -0.0056746225, -0.0056609907, -0.0063747503, -0.0068122037, -0.007696845, -0.008531571, -0.008924157, -0.009662073, -0.010344541, -0.0106679825, -0.011284386, -0.011865693, -0.012416589, -0.012681575, -0.013191757, -0.013676416, -0.013909379, -0.014357018, -0.014781108, -0.015183854, -0.015377737, -0.015752085, -0.016110366, -0.016283799, -0.016619503, -0.016940152, -0.017094834, -0.017392874, -0.017676568, -0.017946957, -0.018077549, -0.018330893, -0.01857496, -0.018693825, -0.018925294, -0.019147547, -0.019358361, -0.019458806, -0.01964884, -0.019823575, -0.019905303, -0.02005813, -0.020199055, -0.020265866, -0.020394115, -0.020517077, -0.02063518, -0.020692216, -0.020801123, -0.020900978, -0.020946901, -0.021029837, -0.021100316, -0.021159165, -0.021184651, -0.021229059, -0.021266386, -0.02128282, -0.021311117, -0.021332923, -0.021347038, -0.021350762, -0.021350874, -0.021340271, -0.021330783, -0.021303348, -0.021264918, -0.02124168, -0.021187762, -0.021124722, -0.021052947, -0.021013862, -0.020929266, -0.020835413, -0.02078466, -0.020674892, -0.020553617, -0.020420868, -0.020350358, -0.02020169, -0.020043343, -0.019960647, -0.019787697, -0.019603819, -0.019507276, -0.01930362, -0.019084578, -0.0188493, -0.018725464, -0.018465776, -0.01819113, -0.018048882, -0.017755153, -0.01744997, -0.017133482, -0.016970666, -0.016634492, -0.016282268, -0.01609936, -0.01571925, -0.015319459, -0.015112332, -0.014684396, -0.014239647, -0.01377903, -0.013542781, -0.013057637, -0.012552643, -0.012291396, -0.011748318, -0.011173646, -0.010562763, -0.010242176, -0.009567082, -0.008840866, -0.008456102, -0.007639824, -0.006773278, -0.006341498, -0.0056197885, -0.005577404, -0.0072014574, 0, 0, 0, 0, 0, 0, 0, 0, 0, 0, 0, 0, 0
0, 0, 0, 0, 0, 0, 0, 0, 0, 0, 0, 0, 0, 0, 0, -0.00522195, -0.0056574484, -0.0065437634, -0.007035155, -0.007991933, -0.008863475, -0.009264721, -0.010005951, -0.0106793195, -0.010995636, -0.011595437, -0.012159767, -0.012694687, -0.0129521405, -0.013447664, -0.013917573, -0.014142868, -0.014574079, -0.014980579, -0.015364512, -0.015549028, -0.015905295, -0.016247105, -0.016413147, -0.016735705, -0.01704514, -0.017194608, -0.01748247, -0.017755529, -0.018014358, -0.018138947, -0.018379612, -0.018611155, -0.018724121, -0.018944928, -0.019158322, -0.0193623, -0.01945984, -0.019644985, -0.019815596, -0.019895297, -0.020044165, -0.020180903, -0.020245602, -0.020369953, -0.020489631, -0.020605754, -0.020662403, -0.020771492, -0.020873204, -0.020920511, -0.021007087, -0.021082206, -0.021146499, -0.02117496, -0.021225667, -0.02126968, -0.021289432, -0.021324398, -0.021352846, -0.021373484, -0.021380331, -0.02138613, -0.0213811, -0.021374289, -0.021352524, -0.021320205, -0.021300407, -0.021254083, -0.02119953, -0.02113684, -0.021102192, -0.021025738, -0.020938396, -0.02089014, -0.020784004, -0.020664888, -0.020533442, -0.020463508, -0.020316394, -0.0201606, -0.020079548, -0.01991058, -0.019731306, -0.019636946, -0.01943729, -0.019221485, -0.018988706, -0.018866109, -0.018608876, -0.018337201, -0.018196482, -0.017906146, -0.01760463, -0.017290955, -0.017129088, -0.01679344, -0.01643968, -0.016255347, -0.01587138, -0.015467621, -0.015258958, -0.014829524, -0.014385662, -0.013928705, -0.013695142, -0.013216048, -0.012717115, -0.012458203, -0.011918113, -0.011342937, -0.01072738, -0.010402613, -0.009714565, -0.008966579, -0.008566059, -0.007703506, -0.0067621963, -0.006277666, -0.0053939745, -0.0049373507, 0, 0, 0, 0, 0, 0, 0, 0, 0, 0, 0, 0, 0, 0
0, 0, 0, 0, 0, 0, 0, 0, 0, 0, 0, 0, 0, 0, 0, -0.005802916, -0.0060983934, -0.006925198, -0.0074019847, -0.008337459, -0.00918669, -0.009574839, -0.01028781, -0.010932722, -0.01123532, -0.011810097, -0.012352721, -0.012868822, -0.013117563, -0.013596302, -0.014049704, -0.0142666, -0.014681269, -0.015071816, -0.01544107, -0.015619163, -0.015964584, -0.016298791, -0.016462196, -0.016781872, -0.017090565, -0.017240096, -0.017528288, -0.017801158, -0.018058538, -0.018181724, -0.018418707, -0.018645333, -0.018755473, -0.01897064, -0.019178804, -0.019378709, -0.01947485, -0.019658256, -0.019829033, -0.019909421, -0.020060807, -0.02020079, -0.020267222, -0.0203947, -0.02051683, -0.02063439, -0.020691568, -0.020801503, -0.0209042, -0.020952296, -0.021041283, -0.021120554, -0.02119086, -0.02122284, -0.02128142, -0.021333463, -0.021357186, -0.021399403, -0.021433916, -0.021459432, -0.021468367, -0.02147795, -0.021476442, -0.021471493, -0.021453688, -0.021426069, -0.021408876, -0.021368235, -0.02131975, -0.021262977, -0.021231214, -0.021159708, -0.021075988, -0.02102913, -0.020924957, -0.020806946, -0.020675946, -0.020605983, -0.020458361, -0.020301282, -0.020219343, -0.020048495, -0.019866725, -0.01977102, -0.019568615, -0.019350292, -0.019115543, -0.01899207, -0.018734045, -0.018462226, -0.01832163, -0.01803162, -0.017729962, -0.017415332, -0.01725239, -0.016913531, -0.016555129, -0.016368078, -0.015978279, -0.015568684, -0.015357203, -0.014922699, -0.01447472, -0.014014989, -0.013780466, -0.013300486, -0.012802141, -0.012544274, -0.012007521, -0.011438457, -0.010832226, -0.010513581, -0.009840924, -0.00911253, -0.008723369, -0.007886937, -0.00698064, -0.006521814, -0.0057266285, -0.0054377895, 0, 0, 0, 0, 0, 0, 0, 0, 0, 0, 0, 0, 0, 0
0, 0, 0, 0, 0, 0, 0, 0, 0, 0, 0, 0, 0, 0, 0, -0.007190238, -0.006876655, -0.0073890057, -0.007779814, -0.00860903, -0.009391676, -0.009753713, -0.010423245, -0.011033942, -0.011322291, -0.011872874, -0.012395765, -0.01289493, -0.013135587, -0.013599312, -0.01403816, -0.014248498, -0.014651042, -0.01503211, -0.015395364, -0.015571768, -0.015916595, -0.016253144, -0.016418675, -0.016743544, -0.017058326, -0.0172111, -0.017505862, -0.017785363, -0.018049221, -0.018175507, -0.018418234, -0.018649679, -0.018761823, -0.018979985, -0.019190434, -0.019392198, -0.0194895, -0.019676179, -0.019851832, -0.01993555, -0.020095065, -0.020244723, -0.02031626, -0.020453826, -0.020584524, -0.020708896, -0.02076851, -0.020882005, -0.020987108, -0.021036245, -0.021128112, -0.021211639, -0.021287916, -0.021323465, -0.021389745, -0.021449482, -0.021476723, -0.021525057, -0.02156416, -0.021592828, -0.021602875, -0.021614697, -0.021615297, -0.021611553, -0.021596463, -0.021571595, -0.021555774, -0.021517176, -0.021469777, -0.021413228, -0.021381367, -0.021309191, -0.021225106, -0.021178354, -0.021074826, -0.02095826, -0.020828806, -0.02075942, -0.020611718, -0.020452434, -0.020368615, -0.020192038, -0.020002745, -0.019902945, -0.019692313, -0.019466234, -0.019224651, -0.0190982, -0.018834634, -0.018557591, -0.018414367, -0.018118592, -0.017810514, -0.017488774, -0.017322043, -0.016975343, -0.016609104, -0.01641818, -0.016020792, -0.015603442, -0.015387752, -0.014943865, -0.014485229, -0.014013512, -0.01377296, -0.013281632, -0.01277441, -0.012513765, -0.01197585, -0.011413138, -0.010822515, -0.010515603, -0.009875022, -0.0091924695, -0.008832139, -0.008071756, -0.007285024, -0.0069189845, -0.006446117, -0.0067536766, 0, 0, 0, 0, 0, 0, 0, 0, 0, 0, 0, 0, 0, 0
0, 0, 0, 0, 0, 0, 0, 0, 0, 0, 0, 0, 0, 0, 0, -0.0086123105, -0.007368412, -0.007561785, -0.007873923, -0.008610217, -0.009339212, -0.009682037, -0.010323038, -0.010914317, -0.0111954715, -0.011734816, -0.012248758, -0.012739892, -0.0129771065, -0.013433966, -0.013868, -0.014076903, -0.014479235, -0.014864071, -0.015235103, -0.0154165495, -0.015773024, -0.016121432, -0.016292574, -0.016627757, -0.016951432, -0.01710826, -0.017411184, -0.017699825, -0.017974408, -0.018106787, -0.018362802, -0.018608358, -0.01872752, -0.01895865, -0.019180186, -0.01939147, -0.019493198, -0.019688202, -0.019872649, -0.019961318, -0.02013198, -0.020294575, -0.020373037, -0.020524422, -0.020668013, -0.020803235, -0.020867445, -0.020988459, -0.021099387, -0.021151287, -0.021248385, -0.021337895, -0.021420868, -0.021459972, -0.02153327, -0.02159952, -0.021629455, -0.02168207, -0.021723924, -0.021754164, -0.021764882, -0.021777676, -0.02177955, -0.021776674, -0.021763094, -0.021739192, -0.021723224, -0.021682998, -0.021631649, -0.0215694, -0.021534096, -0.021455647, -0.02136638, -0.021317905, -0.02121268, -0.021096483, -0.020968525, -0.020899808, -0.02075237, -0.020590756, -0.020504534, -0.020320749, -0.020121701, -0.020016495, -0.01979462, -0.019557714, -0.019306026, -0.019174779, -0.018901452, -0.018613942, -0.01846496, -0.01815685, -0.017835202, -0.017499376, -0.017325785, -0.01696629, -0.016588923, -0.016393216, -0.015987031, -0.015560978, -0.015340482, -0.014884985, -0.014411366, -0.013921494, -0.013671113, -0.013159796, -0.012634345, -0.012366031, -0.011817454, -0.011251764, -0.010667221, -0.01036705, -0.009748382, -0.009099775, -0.008762002, -0.008061974, -0.0073733907, -0.007086692, -0.00692289, -0.008112319, 0, 0, 0, 0, 0, 0, 0, 0, 0, 0, 0, 0, 0, 0
0, 0, 0, 0, 0, 0, 0, 0, 0, 0, 0, 0, 0, 0, 0, -0.0076807025, -0.007099608, -0.007259096, -0.0075435042, -0.008249768, -0.00897062, -0.009313548, -0.009959255, -0.010558459, -0.010844106, -0.011392044, -0.011913466, -0.012411081, -0.012651489, -0.01311573, -0.013559511, -0.013774458, -0.014192244, -0.014596727, -0.014990075, -0.015183012, -0.015561567, -0.0159295, -0.016108919, -0.016457181, -0.016790561, -0.016951628, -0.017262949, -0.017561348, -0.017848985, -0.017989302, -0.018263357, -0.018528845, -0.018658094, -0.018908782, -0.019147933, -0.019374007, -0.019482173, -0.019688832, -0.019883987, -0.01997798, -0.020159964, -0.02033511, -0.02042025, -0.020585138, -0.020742109, -0.020889673, -0.020959485, -0.021090763, -0.02121114, -0.021267455, -0.021373203, -0.02147113, -0.021562248, -0.021605222, -0.02168541, -0.021756994, -0.021788897, -0.021844234, -0.021887494, -0.021918217, -0.021929076, -0.021942234, -0.021944817, -0.021942204, -0.021929225, -0.021904867, -0.02188788, -0.021843834, -0.02178597, -0.021714874, -0.021674698, -0.021586293, -0.021488167, -0.02143593, -0.021325191, -0.021205645, -0.021075673, -0.021006169, -0.020856267, -0.020690491, -0.020601245, -0.020409552, -0.020200608, -0.02008997, -0.019856839, -0.019608911, -0.019346435, -0.019209716, -0.01892481, -0.018624013, -0.018467646, -0.018143067, -0.017803183, -0.017448718, -0.017266016, -0.016889907, -0.016498914, -0.016297584, -0.015881967, -0.015447338, -0.01522237, -0.014756088, -0.014268246, -0.013760166, -0.013499332, -0.012965421, -0.012416643, -0.012136892, -0.011567184, -0.010983131, -0.010383109, -0.010076231, -0.009446312, -0.0087900385, -0.008450778, -0.007755523, -0.0070931967, -0.006831751, -0.006699736, -0.007264244, 0, 0, 0, 0, 0, 0, 0, 0, 0, 0, 0, 0, 0, 0
0, 0, 0, 0, 0, 0, 0, 0, 0, 0, 0, 0, 0, 0, 0, -0.008936107, -0.0069084098, -0.0067004412, -0.006932362, -0.0076205526, -0.008364918, -0.008723732, -0.009401945, -0.01003143, -0.010330708, -0.010903441, -0.011446764, -0.011964499, -0.012214719, -0.012699484, -0.013166097, -0.013393575, -0.013838861, -0.014273043, -0.014697124, -0.01490498, -0.015311084, -0.015702117, -0.015891112, -0.016255027, -0.016600687, -0.01676712, -0.017089322, -0.017400345, -0.01770338, -0.0178525, -0.018146168, -0.01843249, -0.01857207, -0.018842908, -0.019099848, -0.01934131, -0.019456215, -0.019674957, -0.019881092, -0.019980295, -0.020172754, -0.020358661, -0.02044932, -0.02062542, -0.02079333, -0.020951724, -0.021026911, -0.021168845, -0.021299722, -0.021361317, -0.021477615, -0.021585591, -0.021685721, -0.021732723, -0.021819318, -0.021895299, -0.021928642, -0.021985685, -0.022029256, -0.022059835, -0.022070482, -0.022083336, -0.022085661, -0.02208293, -0.022069097, -0.02204291, -0.022024602, -0.021976328, -0.021912439, -0.021833243, -0.021788483, -0.021690322, -0.021582343, -0.021525199, -0.02140522, -0.021277238, -0.021139456, -0.021066086, -0.020908719, -0.020735048, -0.020641636, -0.020441236, -0.020223137, -0.020107798, -0.019865438, -0.019608308, -0.019336581, -0.019195082, -0.018899504, -0.01858641, -0.018423017, -0.018082619, -0.017725078, -0.017352195, -0.017160524, -0.01676762, -0.016362464, -0.016155055, -0.01572935, -0.015286547, -0.015057595, -0.01458297, -0.014084713, -0.013563528, -0.0132947415, -0.012742491, -0.012172022, -0.011880193, -0.011283768, -0.010668986, -0.010032891, -0.009705596, -0.009029245, -0.008320676, -0.007954715, -0.0072146114, -0.006550903, -0.006332556, -0.0065427017, -0.008492818, 0, 0, 0, 0, 0, 0, 0, 0, 0, 0, 0, 0, 0, 0
0, 0, 0, 0, 0, 0, 0, 0, 0, 0, 0, 0, 0, 0, 0, 0, -0.0060871607, -0.005992151, -0.0062128594, -0.00690889, -0.007689603, -0.008069057, -0.008786529, -0.009450281, -0.009765374, -0.010367529, -0.010938357, -0.011482737, -0.011746303, -0.012258278, -0.01275324, -0.012995256, -0.01347051, -0.013935085, -0.014388624, -0.014610519, -0.015042555, -0.0154561065, -0.01565523, -0.016037725, -0.01640049, -0.01657534, -0.016914655, -0.017243316, -0.017564632, -0.017723028, -0.018034661, -0.018337976, -0.018485675, -0.01877108, -0.019041225, -0.01929494, -0.019415729, -0.01964588, -0.019863268, -0.019968122, -0.020171555, -0.020367619, -0.020463048, -0.0206482, -0.020824501, -0.020991044, -0.021070309, -0.021220976, -0.02136114, -0.021427516, -0.021553364, -0.021670312, -0.021777948, -0.02182793, -0.021919286, -0.021997958, -0.022032024, -0.022089554, -0.022132773, -0.022162523, -0.022172676, -0.022184191, -0.022184676, -0.022180779, -0.022164127, -0.02213453, -0.022114234, -0.022062102, -0.02199385, -0.021909751, -0.021862179, -0.021757152, -0.021640696, -0.02157873, -0.021447932, -0.021307878, -0.021157347, -0.02107761, -0.02090774, -0.020722682, -0.020624056, -0.020414313, -0.020188162, -0.020069085, -0.019819798, -0.019555874, -0.019277127, -0.019131867, -0.01882833, -0.01850623, -0.018337918, -0.01798694, -0.017617814, -0.01723243, -0.017034374, -0.016628748, -0.01621137, -0.015998298, -0.015562335, -0.015110636, -0.014877874, -0.0143964635, -0.013892101, -0.013364068, -0.013091367, -0.012528743, -0.011943777, -0.011642981, -0.011023359, -0.010377486, -0.009699694, -0.009346648, -0.008608337, -0.007823644, -0.0074158455, -0.0065959585, -0.005885462, -0.005662901, -0.0057479385, 0, 0, 0, 0, 0, 0, 0, 0, 0, 0, 0, 0, 0, 0, 0
0, 0, 0, 0, 0, 0, 0, 0, 0, 0, 0, 0, 0, 0, 0, 0, -0.006172262, -0.0054842075, -0.0056340294, -0.006309547, -0.00711036, -0.007501378, -0.0082399305, -0.008923865, -0.009249412, -0.0098736845, -0.010468509, -0.011038645, -0.011315409, -0.011854214, -0.012375734, -0.012630823, -0.013130998, -0.013619053, -0.014094152, -0.014326313, -0.014777949, -0.015210674, -0.015419672, -0.015822848, -0.016207792, -0.016394135, -0.016756747, -0.017107667, -0.017448768, -0.017615754, -0.01794187, -0.01825602, -0.018407987, -0.018700788, -0.018978119, -0.019240096, -0.019365733, -0.019607157, -0.019837448, -0.019948952, -0.020165237, -0.020372763, -0.020473123, -0.02066664, -0.020849533, -0.021021696, -0.021103786, -0.021260327, -0.021406854, -0.021476425, -0.0216083, -0.021730127, -0.021841185, -0.021892166, -0.021984374, -0.022062596, -0.022096219, -0.022152597, -0.022194643, -0.022222897, -0.022232162, -0.022241352, -0.022238318, -0.022232123, -0.02221021, -0.02217484, -0.022151899, -0.022095004, -0.022023052, -0.02193617, -0.021887299, -0.021778615, -0.02165649, -0.021590693, -0.021449901, -0.021297319, -0.021132562, -0.02104556, -0.020861713, -0.020664297, -0.020560397, -0.02034208, -0.020109417, -0.01998769, -0.01973334, -0.019464266, -0.019179877, -0.019031592, -0.018722288, -0.018394975, -0.018224422, -0.017869616, -0.017497182, -0.017108046, -0.016907718, -0.016496353, -0.01607143, -0.015854038, -0.015408659, -0.014947822, -0.014711013, -0.014223169, -0.013715055, -0.0131852515, -0.012911943, -0.012347377, -0.011758031, -0.011453426, -0.010822527, -0.01015847, -0.00945368, -0.009082949, -0.00829802, -0.0074492744, -0.007002783, -0.0060982876, -0.0053382907, -0.0051531317, -0.005771511, 0, 0, 0, 0, 0, 0, 0, 0, 0, 0, 0, 0, 0, 0, 0
0, 0, 0, 0, 0, 0, 0, 0, 0, 0, 0, 0, 0, 0, 0, 0, -0.005057591, -0.0050476124, -0.0052557425, -0.0059329327, -0.0067115477, -0.0070935464, -0.007821993, -0.008506219, -0.008835143, -0.009472263, -0.010085515, -0.0106775835, -0.010966056, -0.011528614, -0.012072879, -0.01233855, -0.012858032, -0.013362425, -0.013851649, -0.014090382, -0.014555148, -0.015002774, -0.015220273, -0.01564294, -0.016050417, -0.016248887, -0.0166356, -0.017008761, -0.017367922, -0.017541852, -0.017877854, -0.018197227, -0.018350715, -0.018645706, -0.018926196, -0.019194374, -0.0193244, -0.019577425, -0.019821526, -0.019940246, -0.020170385, -0.020389752, -0.02049493, -0.020695547, -0.020883199, -0.02105853, -0.021142038, -0.021301273, -0.02145047, -0.021521173, -0.021654624, -0.021776423, -0.021885497, -0.021934908, -0.02202303, -0.022096876, -0.022128511, -0.02218158, -0.02222136, -0.022247776, -0.022255996, -0.022262244, -0.022254676, -0.022245504, -0.02221656, -0.022173313, -0.022146493, -0.022082854, -0.022006165, -0.02191628, -0.021866348, -0.021755619, -0.021630017, -0.021561489, -0.021413196, -0.021250252, -0.021073606, -0.020980358, -0.020784738, -0.020577552, -0.020469697, -0.02024542, -0.02000865, -0.019885227, -0.019627262, -0.01935387, -0.019064307, -0.018913295, -0.018599173, -0.018269088, -0.018098252, -0.01774471, -0.017375732, -0.016990624, -0.01679192, -0.016381886, -0.01595516, -0.015735554, -0.015283882, -0.014815668, -0.014575338, -0.01408199, -0.013571917, -0.0130434865, -0.012771788, -0.012211675, -0.01162679, -0.011324186, -0.010696255, -0.010033736, -0.009328834, -0.008956961, -0.008166405, -0.0073030978, -0.0068431664, -0.005891439, -0.0050236606, -0.0047199354, -0.004590604, 0, 0, 0, 0, 0, 0, 0, 0, 0, 0, 0, 0, 0, 0, 0
0, 0, 0, 0, 0, 0, 0, 0, 0, 0, 0, 0, 0, 0, 0, 0, -0.0058503742, -0.0053375834, -0.0053490875, -0.005792031, -0.0064643226, -0.00681872, -0.0075203627, -0.008201105, -0.008533554, -0.00918402, -0.009815825, -0.010428985, -0.010728367, -0.011312858, -0.011877933, -0.012153329, -0.012690331, -0.013208951, -0.013709783, -0.013953505, -0.014427786, -0.014885479, -0.015108721, -0.015544835, -0.015968224, -0.016175257, -0.016579097, -0.016967872, -0.017339155, -0.017517546, -0.01785932, -0.018181084, -0.01833498, -0.018630717, -0.01891382, -0.01918759, -0.01932157, -0.019584583, -0.019840105, -0.019964442, -0.02020484, -0.020431826, -0.020539738, -0.020743443, -0.02093198, -0.021107016, -0.021190146, -0.02134855, -0.021496758, -0.02156678, -0.021697786, -0.021815581, -0.02191857, -0.021964287, -0.02204453, -0.022110542, -0.022138806, -0.022186382, -0.022222495, -0.022246692, -0.022253875, -0.02225726, -0.022245385, -0.022233305, -0.022197068, -0.02214543, -0.022114223, -0.022042556, -0.02195926, -0.021864897, -0.021813264, -0.021700045, -0.02157174, -0.0215014, -0.021348223, -0.021178659, -0.020994188, -0.020896979, -0.020694127, -0.020481499, -0.020371769, -0.020144891, -0.01990675, -0.019782567, -0.019522537, -0.019245619, -0.018951567, -0.01879832, -0.018480292, -0.018148672, -0.017978199, -0.017628353, -0.01726589, -0.016888764, -0.016693924, -0.016290098, -0.015866654, -0.015647434, -0.015194574, -0.014723419, -0.014481661, -0.013986538, -0.01347706, -0.012952781, -0.012684189, -0.012132111, -0.011557093, -0.011259965, -0.0106445085, -0.009997607, -0.00931384, -0.008955608, -0.008200168, -0.007384335, -0.0069543095, -0.006080268, -0.0053322646, -0.005112477, -0.0051848376, 0, 0, 0, 0, 0, 0, 0, 0, 0, 0, 0, 0, 0, 0, 0
0, 0, 0, 0, 0, 0, 0, 0, 0, 0, 0, 0, 0, 0, 0, 0, -0.007549198, -0.005759789, -0.0054837884, -0.005661869, -0.006251858, -0.0065957815, -0.007304394, -0.00800858, -0.008354756, -0.009032533, -0.009689593, -0.010325535, -0.010635719, -0.011240571, -0.011825171, -0.012109789, -0.012664002, -0.013197513, -0.013710161, -0.013958588, -0.014440099, -0.014902881, -0.015128204, -0.015568159, -0.015995406, -0.016204568, -0.016612846, -0.017006109, -0.017381351, -0.017561436, -0.017905714, -0.018229127, -0.018383853, -0.018681677, -0.018967956, -0.019246032, -0.019382562, -0.019650532, -0.01991035, -0.02003618, -0.020277847, -0.020503711, -0.020610226, -0.020809997, -0.020993534, -0.021163445, -0.021244166, -0.021397974, -0.0215419, -0.02160967, -0.021735884, -0.021847183, -0.021942327, -0.021983583, -0.022054233, -0.022110939, -0.022134915, -0.02217524, -0.02220621, -0.022226786, -0.022232523, -0.022233203, -0.022217462, -0.02220317, -0.022161303, -0.022102904, -0.022068167, -0.021989243, -0.021899601, -0.021800157, -0.02174659, -0.021630298, -0.021499684, -0.021428417, -0.02127292, -0.021100458, -0.02091269, -0.020813895, -0.020608418, -0.020394199, -0.020284152, -0.020057289, -0.019819504, -0.0196955, -0.019435247, -0.019157177, -0.018861128, -0.018706826, -0.01838724, -0.018055465, -0.017885812, -0.01753973, -0.017183512, -0.016814068, -0.016623301, -0.016227476, -0.015810598, -0.015594062, -0.015145275, -0.014677289, -0.014436938, -0.013945381, -0.013440634, -0.012922735, -0.012658126, -0.012115188, -0.011550587, -0.011259096, -0.010656097, -0.010024753, -0.009362937, -0.009019505, -0.008305592, -0.007556779, -0.0071764896, -0.0064631687, -0.0060377913, -0.006079178, -0.0067658555, 0, 0, 0, 0, 0, 0, 0, 0, 0, 0, 0, 0, 0, 0, 0
0, 0, 0, 0, 0, 0, 0, 0, 0, 0, 0, 0, 0, 0, 0, 0, 0, -0.0053617302, -0.0051985183, -0.0054019885, -0.006035735, -0.006413921, -0.0071965326, -0.007965625, -0.008338705, -0.00905896, -0.009745577, -0.010402305, -0.01072071, -0.011339888, -0.011937399, -0.012228471, -0.012795099, -0.013339663, -0.013860642, -0.014112001, -0.014596727, -0.015058731, -0.015282317, -0.015716515, -0.016136397, -0.016341552, -0.016742498, -0.017129874, -0.017501384, -0.017680446, -0.018024258, -0.018348902, -0.018504603, -0.018804822, -0.019093191, -0.019372104, -0.019508256, -0.019773738, -0.020028222, -0.02015045, -0.020383427, -0.02059902, -0.020700103, -0.020889066, -0.02106255, -0.021223415, -0.021299953, -0.02144613, -0.021582952, -0.021647252, -0.021766266, -0.021870188, -0.021957314, -0.021994416, -0.02205639, -0.022104349, -0.022124019, -0.022156274, -0.022180164, -0.022194898, -0.022198105, -0.02219435, -0.022174846, -0.022158606, -0.022113126, -0.022051184, -0.02201456, -0.021932054, -0.021839006, -0.021736562, -0.021681735, -0.021563586, -0.021432102, -0.021360597, -0.021205472, -0.021033695, -0.020846888, -0.020748679, -0.020543989, -0.020330453, -0.020220788, -0.019995047, -0.019758562, -0.019635284, -0.019376945, -0.019101305, -0.018807841, -0.018654842, -0.018337855, -0.018008783, -0.017840596, -0.017497791, -0.017145762, -0.016781561, -0.01659372, -0.01620436, -0.0157945, -0.015581594, -0.015140175, -0.014679915, -0.014443456, -0.013959517, -0.013462354, -0.012951964, -0.012690993, -0.012155352, -0.011597301, -0.011308744, -0.010710496, -0.010082274, -0.009422703, -0.009080668, -0.008372085, -0.007640499, -0.00727978, -0.006660081, -0.0065099215, -0.006854446, -0.008936817, 0, 0, 0, 0, 0, 0, 0, 0, 0, 0, 0, 0, 0, 0, 0
0, 0, 0, 0, 0, 0, 0, 0, 0, 0, 0, 0, 0, 0, 0, 0, 0, -0.0056130723, -0.005114007, -0.0051982743, -0.005937974, -0.006381937, -0.0072805667, -0.008133329, -0.008536056, -0.009296361, -0.010003589, -0.010668845, -0.010988687, -0.011608259, -0.012204927, -0.012495635, -0.013061396, -0.013605303, -0.014124782, -0.014374645, -0.014854636, -0.01530939, -0.01552829, -0.015951572, -0.016358716, -0.016557368, -0.016945481, -0.017321777, -0.017684784, -0.01786076, -0.018200614, -0.018523509, -0.018678846, -0.018978298, -0.01926448, -0.019538589, -0.019671103, -0.019926742, -0.020168738, -0.020284066, -0.020502454, -0.020703612, -0.020797793, -0.020974128, -0.021136397, -0.021287303, -0.021359112, -0.021495905, -0.021623235, -0.021682806, -0.021792574, -0.021887906, -0.021967404, -0.022000995, -0.022056393, -0.022097824, -0.022113975, -0.022138745, -0.022154508, -0.022160944, -0.022160124, -0.022149451, -0.02212456, -0.022106374, -0.022058161, -0.021995008, -0.021958321, -0.021876093, -0.021783626, -0.021681748, -0.021627178, -0.021509849, -0.021380045, -0.021309754, -0.021157937, -0.020990467, -0.020808242, -0.020712014, -0.020510994, -0.020300027, -0.020191161, -0.019966742, -0.019732166, -0.019610234, -0.019355962, -0.01908614, -0.018799774, -0.018650545, -0.018340925, -0.01801805, -0.01785233, -0.017513061, -0.01716317, -0.016801054, -0.016614404, -0.016228369, -0.015823558, -0.015613812, -0.015180018, -0.014728195, -0.014496037, -0.014020272, -0.01352995, -0.013024408, -0.012765272, -0.012231583, -0.011673719, -0.011384232, -0.010781122, -0.010142157, -0.009462518, -0.009105737, -0.008356364, -0.007570032, -0.0071802367, -0.0065158647, -0.0063205212, -0.0065233037, 0, 0, 0, 0, 0, 0, 0, 0, 0, 0, 0, 0, 0, 0, 0, 0
0, 0, 0, 0, 0, 0, 0, 0, 0, 0, 0, 0, 0, 0, 0, 0, 0, -0.004751742, -0.004737904, -0.0052123154, -0.006129664, -0.006636629, -0.007626081, -0.008530557, -0.008947754, -0.009720064, -0.010424434, -0.011078099, -0.011390582, -0.011993632, -0.012573204, -0.012855225, -0.013404505, -0.013932473, -0.014437063, -0.014680037, -0.015146962, -0.015589938, -0.015803074, -0.016215336, -0.016611438, -0.016804466, -0.017181423, -0.017546702, -0.017899588, -0.018070955, -0.018402433, -0.018718474, -0.018870493, -0.019163206, -0.019441176, -0.019705012, -0.019831557, -0.020073814, -0.020301357, -0.020409519, -0.02061423, -0.020803528, -0.020892486, -0.021059776, -0.021214215, -0.021357184, -0.021424707, -0.02155197, -0.021668423, -0.021722252, -0.021820892, -0.021906514, -0.02197861, -0.022009399, -0.022060577, -0.022098184, -0.022112327, -0.022131685, -0.022139901, -0.02213756, -0.022132115, -0.022112513, -0.022080494, -0.022059746, -0.022008661, -0.02194538, -0.021909554, -0.021829756, -0.021740321, -0.021641519, -0.021588316, -0.021474035, -0.021347968, -0.021280052, -0.02113392, -0.020973602, -0.020799004, -0.020706607, -0.020512156, -0.02030597, -0.020198794, -0.019976914, -0.019744828, -0.019624723, -0.019375393, -0.019112874, -0.01883573, -0.018691603, -0.018391933, -0.018077414, -0.017914785, -0.017579624, -0.017231103, -0.016868776, -0.016682062, -0.01629658, -0.015894013, -0.015686143, -0.015257335, -0.01481135, -0.014582025, -0.0141107, -0.013622169, -0.013115458, -0.012854592, -0.012315656, -0.011750628, -0.011456788, -0.010842859, -0.010187677, -0.009481598, -0.009105496, -0.008301191, -0.007435425, -0.007000109, -0.0062722834, -0.0062611355, -0.0068738423, 0, 0, 0, 0, 0, 0, 0, 0, 0, 0, 0, 0, 0, 0, 0, 0
0, 0, 0, 0, 0, 0, 0, 0, 0, 0, 0, 0, 0, 0, 0, 0, 0, -0.005692395, -0.0055651283, -0.0058730566, -0.0067238687, -0.0072167674, -0.008187265, -0.009070467, -0.00947498, -0.010219815, -0.010896538, -0.011523588, -0.011823171, -0.012400926, -0.012955377, -0.013224743, -0.013748481, -0.014251758, -0.014733673, -0.01496668, -0.01541671, -0.015847456, -0.016055983, -0.016460976, -0.016851293, -0.017041372, -0.017411469, -0.017767947, -0.018109983, -0.01827543, -0.018594772, -0.018898373, -0.019044455, -0.019325173, -0.019591127, -0.019842362, -0.019962652, -0.020192482, -0.020408202, -0.020511102, -0.02070704, -0.020889873, -0.020976447, -0.021139985, -0.021290926, -0.021429153, -0.021493306, -0.021611894, -0.021717625, -0.021765688, -0.021852812, -0.021928849, -0.021994164, -0.022022877, -0.022071598, -0.02210827, -0.022121837, -0.022138996, -0.022142803, -0.022133723, -0.022124425, -0.022097034, -0.022058593, -0.022035392, -0.021981759, -0.021918638, -0.02188359, -0.021806436, -0.02172021, -0.021624265, -0.021572443, -0.021461073, -0.02133862, -0.021273077, -0.021133121, -0.020981127, -0.020816162, -0.020728655, -0.020543482, -0.020345015, -0.02024097, -0.020023888, -0.01979546, -0.019677075, -0.019431947, -0.019175276, -0.018905876, -0.018765964, -0.018475011, -0.018168246, -0.018008778, -0.017677564, -0.017330287, -0.016967433, -0.016780231, -0.016394034, -0.015991904, -0.01578475, -0.01535779, -0.014913385, -0.014684278, -0.014211545, -0.013718219, -0.013202942, -0.012936516, -0.012384983, -0.011806319, -0.011505829, -0.010878895, -0.010210442, -0.009488353, -0.009102252, -0.008270967, -0.007367815, -0.0069090747, -0.0061055166, -0.005776109, -0.0058511742, 0, 0, 0, 0, 0, 0, 0, 0, 0, 0, 0, 0, 0, 0, 0, 0
0, 0, 0, 0, 0, 0, 0, 0, 0, 0, 0, 0, 0, 0, 0, 0, 0, -0.007728592, -0.00728542, -0.006974793, -0.0075006965, -0.007901488, -0.008751847, -0.009556051, -0.009929973, -0.0106267445, -0.011269781, -0.011873062, -0.012163112, -0.01272351, -0.013260583, -0.013520813, -0.014024732, -0.014507364, -0.014970402, -0.015195089, -0.015632104, -0.016054545, -0.016260754, -0.016663365, -0.017052328, -0.017241303, -0.017607229, -0.017955933, -0.018286929, -0.01844593, -0.01875119, -0.019040937, -0.019180309, -0.019448744, -0.01970359, -0.019944841, -0.020060403, -0.020281447, -0.020489665, -0.020589275, -0.020779736, -0.020959092, -0.021044604, -0.021206811, -0.021356136, -0.021491222, -0.021553027, -0.021665048, -0.021762136, -0.021805648, -0.021883845, -0.021952355, -0.02201277, -0.022040036, -0.022088146, -0.022125911, -0.022140212, -0.022158617, -0.022162203, -0.022151057, -0.02214022, -0.022109566, -0.02206819, -0.022044145, -0.021990202, -0.021928454, -0.021894518, -0.021820176, -0.021736028, -0.021641236, -0.021589728, -0.021478795, -0.021357412, -0.021293025, -0.021157235, -0.02101204, -0.020856092, -0.020773664, -0.020599037, -0.020410012, -0.02031015, -0.02009948, -0.019875385, -0.019758645, -0.019516336, -0.019262498, -0.018996688, -0.018858897, -0.01857253, -0.0182703, -0.01811277, -0.017784303, -0.01743821, -0.017075006, -0.016887467, -0.01650078, -0.016098375, -0.015891053, -0.01546334, -0.01501667, -0.01478559, -0.014306405, -0.013803068, -0.013273995, -0.0129995225, -0.012430375, -0.011833522, -0.011524324, -0.01088191, -0.010202278, -0.009474779, -0.009089243, -0.008269962, -0.007411104, -0.007001748, -0.006418027, -0.0065747546, -0.0069352784, 0, 0, 0, 0, 0, 0, 0, 0, 0, 0, 0, 0, 0, 0, 0, 0
0, 0, 0, 0, 0, 0, 0, 0, 0, 0, 0, 0, 0, 0, 0, 0, 0, -0.010459588, -0.009119652, -0.007857032, -0.008015515, -0.008314813, -0.009036967, -0.0097686285, -0.0101192035, -0.0107879825, -0.011419835, -0.0120228175, -0.0123147, -0.0128801, -0.013420688, -0.013681316, -0.014183294, -0.014661089, -0.015118026, -0.015339887, -0.015773125, -0.01619432, -0.016400743, -0.016804442, -0.017193845, -0.017382301, -0.0177447, -0.018086405, -0.018407477, -0.018560976, -0.018855318, -0.019135399, -0.01927069, -0.019532485, -0.019782355, -0.0200197, -0.02013333, -0.02035031, -0.020553833, -0.020650912, -0.020836275, -0.021011071, -0.021094652, -0.021253593, -0.021400414, -0.021532742, -0.021593131, -0.021701684, -0.021794792, -0.0218362, -0.021910531, -0.02197586, -0.022034395, -0.022061387, -0.02211019, -0.02215046, -0.022166492, -0.022188459, -0.022195501, -0.02218719, -0.022177638, -0.022149058, -0.022110118, -0.022087546, -0.022036932, -0.02197922, -0.021947393, -0.021876536, -0.021794273, -0.021699468, -0.021647353, -0.021534445, -0.021411417, -0.021346625, -0.021211477, -0.02106932, -0.020918963, -0.02084023, -0.020673743, -0.02049304, -0.020396898, -0.020192375, -0.019972246, -0.019856712, -0.019615807, -0.019362286, -0.019096429, -0.018958626, -0.01867241, -0.01837057, -0.018213388, -0.017885238, -0.01753906, -0.017175248, -0.016987292, -0.016599638, -0.016195774, -0.01598746, -0.015556959, -0.015105451, -0.014870937, -0.014382814, -0.013867412, -0.013323154, -0.013039929, -0.012451315, -0.011833331, -0.011513276, -0.0108498335, -0.010151771, -0.009412666, -0.009025499, -0.008219131, -0.007417534, -0.0070726518, -0.0067881844, -0.007835051, -0.0090610795, 0, 0, 0, 0, 0, 0, 0, 0, 0, 0, 0, 0, 0, 0, 0, 0
0, 0, 0, 0, 0, 0, 0, 0, 0, 0, 0, 0, 0, 0, 0, 0, 0, 0, -0.008784698, -0.008048745, -0.00801166, -0.008230943, -0.008874743, -0.009595108, -0.009951899, -0.010643251, -0.011304265, -0.011938247, -0.012245328, -0.01283944, -0.013404566, -0.013675642, -0.014194412, -0.014684421, -0.015149932, -0.015375414, -0.015814897, -0.01624133, -0.01645006, -0.016857201, -0.017248329, -0.01743668, -0.01779712, -0.0181349, -0.018451583, -0.01860309, -0.018894838, -0.019174652, -0.019310638, -0.019575354, -0.019828942, -0.020069463, -0.020184096, -0.020401439, -0.020602776, -0.020697923, -0.020877978, -0.021046722, -0.021127334, -0.021281568, -0.021425266, -0.021556515, -0.021616865, -0.021726478, -0.02182165, -0.021864332, -0.021941073, -0.022008497, -0.022068806, -0.022096599, -0.022147505, -0.022190606, -0.022208298, -0.022234384, -0.022246305, -0.022243373, -0.022236677, -0.0222142, -0.022181457, -0.022161959, -0.022117598, -0.022065796, -0.022036608, -0.021970144, -0.021890616, -0.021796454, -0.021743957, -0.021629274, -0.021503687, -0.021437645, -0.021300482, -0.021157144, -0.021007175, -0.02092914, -0.020764982, -0.020587547, -0.02049293, -0.020291228, -0.020072835, -0.019957814, -0.019716825, -0.019462205, -0.019194473, -0.01905542, -0.018766556, -0.018461961, -0.018303405, -0.01797298, -0.017624427, -0.017258285, -0.017068956, -0.016678214, -0.016270848, -0.016060486, -0.015624784, -0.015166506, -0.014928017, -0.014430362, -0.013903368, -0.013345156, -0.013054104, -0.012447337, -0.011807232, -0.01147451, -0.01078211, -0.010051566, -0.009279154, -0.008876874, -0.008050575, -0.0072602844, -0.006941105, -0.006715209, -0.0072217, 0, 0, 0, 0, 0, 0, 0, 0, 0, 0, 0, 0, 0, 0, 0, 0, 0
0, 0, 0, 0, 0, 0, 0, 0, 0, 0, 0, 0, 0, 0, 0, 0, 0, 0, -0.010928828, -0.0083187, -0.0075672935, -0.0076786485, -0.008304505, -0.009093613, -0.009489529, -0.010252571, -0.010973437, -0.011657022, -0.011986039, -0.012618981, -0.013217463, -0.01350334, -0.014047953, -0.014559535, -0.015042761, -0.015275859, -0.015728472, -0.01616549, -0.016378509, -0.016792718, -0.017188845, -0.017379137, -0.017742999, -0.018084737, -0.018406784, -0.018561792, -0.018862167, -0.01915258, -0.01929447, -0.019571004, -0.019835515, -0.020084951, -0.020203117, -0.020425288, -0.020628685, -0.020723844, -0.020902658, -0.02106915, -0.021148711, -0.021301497, -0.021445759, -0.021580035, -0.021642998, -0.021759499, -0.021862961, -0.021909906, -0.021994952, -0.022069218, -0.022134637, -0.022164341, -0.022218091, -0.022263397, -0.022282258, -0.022310942, -0.022326376, -0.022328265, -0.022324445, -0.022308085, -0.022281904, -0.022265458, -0.022226773, -0.022179741, -0.02215271, -0.022089843, -0.022013059, -0.02192091, -0.021868957, -0.021754583, -0.02162825, -0.021561349, -0.021421278, -0.021273816, -0.021118868, -0.021038314, -0.020869102, -0.020687276, -0.020590795, -0.02038596, -0.020165116, -0.020048976, -0.019805904, -0.019548897, -0.019278074, -0.019137198, -0.018844051, -0.018534834, -0.018373813, -0.01803832, -0.017684862, -0.01731366, -0.017121669, -0.016724944, -0.01631115, -0.016097322, -0.015654236, -0.015188097, -0.014945384, -0.014438635, -0.013901779, -0.01333256, -0.013035087, -0.012413351, -0.011753363, -0.011407954, -0.010683249, -0.009909297, -0.009083125, -0.008651849, -0.007773871, -0.0069774487, -0.006702736, -0.0068344083, -0.008707346, 0, 0, 0, 0, 0, 0, 0, 0, 0, 0, 0, 0, 0, 0, 0, 0, 0
0, 0, 0, 0, 0, 0, 0, 0, 0, 0, 0, 0, 0, 0, 0, 0, 0, 0, 0, -0.0074179703, -0.0066138124, -0.006780503, -0.0075483816, -0.008462706, -0.008909248, -0.009752221, -0.010531261, -0.011258864, -0.011606126, -0.01227033, -0.012895343, -0.013193263, -0.013760604, -0.0142931035, -0.01479596, -0.015038254, -0.015507676, -0.015959427, -0.016179023, -0.016605373, -0.017012812, -0.01720899, -0.017585628, -0.017941913, -0.018280694, -0.018444624, -0.018763615, -0.01907258, -0.019223297, -0.019516043, -0.019794624, -0.020056032, -0.02017953, -0.02041136, -0.020623595, -0.020723043, -0.020910328, -0.021084763, -0.021168157, -0.021328798, -0.021481482, -0.021625267, -0.021693556, -0.021821858, -0.021937834, -0.02199117, -0.022087965, -0.022172298, -0.022245148, -0.022277648, -0.022335077, -0.02238213, -0.022401443, -0.022431003, -0.022447675, -0.022452066, -0.022449847, -0.022437286, -0.022414647, -0.022399703, -0.022362908, -0.022316517, -0.022289453, -0.022226438, -0.022150084, -0.022059018, -0.02200793, -0.021895371, -0.021769956, -0.021702759, -0.021560255, -0.021407306, -0.021243822, -0.021157995, -0.020977609, -0.020784298, -0.02068235, -0.020468004, -0.020239314, -0.020119794, -0.019870799, -0.019608397, -0.01933197, -0.019188123, -0.018888539, -0.018572241, -0.018407501, -0.018064594, -0.017703371, -0.017324256, -0.017128197, -0.016723163, -0.01630096, -0.016082829, -0.015631346, -0.015157039, -0.014910424, -0.014396395, -0.013852558, -0.013276266, -0.012975133, -0.012344525, -0.011671856, -0.011317564, -0.010567459, -0.009753702, -0.008869546, -0.008403496, -0.007454389, -0.006618116, -0.0063469238, -0.0063913143, 0, 0, 0, 0, 0, 0, 0, 0, 0, 0, 0, 0, 0, 0, 0, 0, 0, 0
0, 0, 0, 0, 0, 0, 0, 0, 0, 0, 0, 0, 0, 0, 0, 0, 0, 0, 0, -0.005716283, -0.0057951906, -0.006087572, -0.006960035, -0.007928017, -0.0083954185, -0.009272627, -0.01007787, -0.010825204, -0.0111805685, -0.011858691, -0.012496068, -0.012800388, -0.0133816395, -0.013930071, -0.014450489, -0.01470191, -0.015189844, -0.015659776, -0.01588818, -0.016332045, -0.01675766, -0.016963521, -0.017361242, -0.017741086, -0.018104678, -0.018281009, -0.018623529, -0.018953305, -0.01911318, -0.019421645, -0.019713547, -0.019987289, -0.020117275, -0.020363355, -0.02059236, -0.02070084, -0.020907592, -0.021101896, -0.021194996, -0.02137362, -0.021542296, -0.021700861, -0.021776099, -0.021917908, -0.022047201, -0.02210696, -0.022216354, -0.022311749, -0.022393562, -0.022429533, -0.022491943, -0.02254148, -0.02256153, -0.022591723, -0.022609284, -0.022614857, -0.022613425, -0.022602176, -0.022579739, -0.022564333, -0.022524938, -0.02247405, -0.022444252, -0.022375578, -0.022294657, -0.022200955, -0.022149347, -0.02203671, -0.021911105, -0.0218434, -0.021697842, -0.021538299, -0.021364473, -0.021272218, -0.021077352, -0.020868495, -0.02075902, -0.020530254, -0.020288745, -0.020163339, -0.0199033, -0.01963012, -0.019342892, -0.019193713, -0.018883182, -0.018555766, -0.018385427, -0.018031422, -0.017659277, -0.017269863, -0.017068768, -0.016654154, -0.016222583, -0.01600008, -0.015540732, -0.015059866, -0.014810649, -0.014292713, -0.013746596, -0.013169509, -0.012868427, -0.012238353, -0.011566045, -0.0112110395, -0.010455256, -0.009624955, -0.008706983, -0.008215765, -0.007207835, -0.006351193, -0.006140083, -0.006808236, 0, 0, 0, 0, 0, 0, 0, 0, 0, 0, 0, 0, 0, 0, 0, 0, 0, 0
0, 0, 0, 0, 0, 0, 0, 0, 0, 0, 0, 0, 0, 0, 0, 0, 0, 0, 0, -0.006510771, -0.006013362, -0.0060841693, -0.00670599, -0.007572818, -0.008016567, -0.008871028, -0.009668748, -0.010413704, -0.010768582, -0.011446921, -0.012086533, -0.01239318, -0.012982497, -0.013543554, -0.014080285, -0.01434082, -0.01484781, -0.015336918, -0.015575014, -0.016038328, -0.016484687, -0.016701711, -0.017123524, -0.017529678, -0.01791992, -0.018108996, -0.018474858, -0.018823313, -0.018990954, -0.019312277, -0.019615363, -0.019901268, -0.020038228, -0.020301746, -0.020552501, -0.02067327, -0.020905973, -0.021126568, -0.021232182, -0.021433204, -0.021620505, -0.021793814, -0.021875385, -0.022028612, -0.022168875, -0.022234103, -0.022354586, -0.022460818, -0.022552306, -0.022592336, -0.02266122, -0.022715192, -0.022736918, -0.02276981, -0.022789886, -0.022797668, -0.022797154, -0.02278684, -0.022763407, -0.022746492, -0.022702038, -0.022643413, -0.022608997, -0.02253069, -0.022440508, -0.022339249, -0.022284614, -0.022167044, -0.022037199, -0.021967163, -0.02181566, -0.021647697, -0.02146275, -0.021364022, -0.021154627, -0.020930065, -0.020812616, -0.020567935, -0.02031067, -0.020177312, -0.019901011, -0.019611053, -0.019306455, -0.019148443, -0.0188205, -0.01847625, -0.018297903, -0.017928626, -0.017542543, -0.017140474, -0.016933484, -0.016507847, -0.016066408, -0.015839512, -0.015372814, -0.014887182, -0.014636758, -0.0141188055, -0.013575755, -0.0130045265, -0.012707519, -0.012088354, -0.011430886, -0.0110850055, -0.010350298, -0.009542191, -0.008641617, -0.008155725, -0.0071471115, -0.0062549957, -0.005970293, -0.005927657, 0, 0, 0, 0, 0, 0, 0, 0, 0, 0, 0, 0, 0, 0, 0, 0, 0, 0
0, 0, 0, 0, 0, 0, 0, 0, 0, 0, 0, 0, 0, 0, 0, 0, 0, 0, 0, -0.008426597, -0.006528535, -0.006267312, -0.006562802, -0.0073020677, -0.007714293, -0.008535198, -0.00931752, -0.010054395, -0.010406474, -0.011081245, -0.011721527, -0.012030191, -0.0126280645, -0.013202624, -0.013756173, -0.014025711, -0.014550407, -0.015056394, -0.015302435, -0.015781466, -0.016244616, -0.016470702, -0.016912716, -0.017341098, -0.01775423, -0.017954355, -0.018340053, -0.018704526, -0.01887861, -0.019210987, -0.019524787, -0.019823289, -0.019967962, -0.02024965, -0.020522453, -0.020655397, -0.02091292, -0.021157207, -0.021273527, -0.021492977, -0.02169415, -0.02187772, -0.021963516, -0.022124408, -0.022272618, -0.022342237, -0.022472266, -0.022588586, -0.022689475, -0.022733778, -0.022809686, -0.022869112, -0.02289303, -0.022930091, -0.022954103, -0.022965748, -0.022966802, -0.022958675, -0.022935303, -0.022917582, -0.02286891, -0.022803308, -0.022764402, -0.022676142, -0.022575317, -0.022463877, -0.0224044, -0.022277597, -0.022138745, -0.02206406, -0.02190259, -0.021723928, -0.02152746, -0.021422712, -0.021200474, -0.020962602, -0.020838223, -0.020578977, -0.020305855, -0.02016379, -0.019868368, -0.019557016, -0.019229477, -0.01905982, -0.018708771, -0.018342871, -0.01815437, -0.017766567, -0.0173642, -0.016947389, -0.016733529, -0.016294574, -0.015840868, -0.0156082325, -0.0151318, -0.01464013, -0.014388228, -0.013870744, -0.013332464, -0.012770289, -0.01247925, -0.011875699, -0.0112403575, -0.010909044, -0.010212757, -0.00945889, -0.008632382, -0.008194067, -0.0073221824, -0.006696081, -0.0066368575, -0.0071871676, 0, 0, 0, 0, 0, 0, 0, 0, 0, 0, 0, 0, 0, 0, 0, 0, 0, 0
0, 0, 0, 0, 0, 0, 0, 0, 0, 0, 0, 0, 0, 0, 0, 0, 0, 0, 0, 0, -0.0062714578, -0.0061008423, -0.006336373, -0.00702473, -0.0074264575, -0.008240678, -0.009022413, -0.009758133, -0.010109722, -0.010784687, -0.0114289215, -0.011741541, -0.012350948, -0.012940923, -0.013511419, -0.013788959, -0.014327697, -0.014844741, -0.015095393, -0.015582641, -0.016054684, -0.016285967, -0.016740339, -0.01718369, -0.017613469, -0.017822014, -0.01822364, -0.018602267, -0.018782748, -0.019127186, -0.019453181, -0.019765522, -0.019918047, -0.02021699, -0.020508386, -0.02065053, -0.020925347, -0.021184186, -0.02130643, -0.02153513, -0.021742582, -0.021930965, -0.022019135, -0.022185562, -0.022340698, -0.022414347, -0.02255303, -0.022678122, -0.022786787, -0.02283437, -0.022915352, -0.02297824, -0.023003437, -0.023043118, -0.02307015, -0.023085333, -0.023087962, -0.023082688, -0.023060882, -0.023043197, -0.022993343, -0.02292434, -0.022883082, -0.022788452, -0.022680175, -0.02256034, -0.022496415, -0.022359861, -0.02221011, -0.02212956, -0.021956054, -0.021765083, -0.02155677, -0.021446373, -0.021213463, -0.020965034, -0.020835234, -0.020564338, -0.020277234, -0.020127207, -0.019813128, -0.019479876, -0.01912811, -0.018945953, -0.018570336, -0.018181503, -0.017982453, -0.01757548, -0.017156018, -0.016722944, -0.016500967, -0.0160452, -0.015573755, -0.015332436, -0.014839684, -0.014334963, -0.014078051, -0.013554832, -0.013015805, -0.012457053, -0.012169251, -0.011574982, -0.010953937, -0.010632842, -0.009966737, -0.009264478, -0.008525298, -0.00815083, -0.0074766125, -0.0072418298, -0.007543572, -0.009538694, 0, 0, 0, 0, 0, 0, 0, 0, 0, 0, 0, 0, 0, 0, 0, 0, 0, 0
0, 0, 0, 0, 0, 0, 0, 0, 0, 0, 0, 0, 0, 0, 0, 0, 0, 0, 0, 0, -0.0061828326, -0.005939345, -0.0059098303, -0.0065251635, -0.0069384673, -0.0077990065, -0.008616616, -0.009369908, -0.009726399, -0.010410226, -0.011068256, -0.011390182, -0.012022691, -0.012637389, -0.013229368, -0.01351527, -0.014065526, -0.01458818, -0.014840487, -0.015331154, -0.015808597, -0.01604395, -0.016509047, -0.01696638, -0.017412325, -0.017629677, -0.01804984, -0.01844885, -0.018640283, -0.019008534, -0.019360319, -0.019699419, -0.019864874, -0.020187924, -0.020498352, -0.020647816, -0.020932557, -0.021195577, -0.021318428, -0.021547444, -0.021757014, -0.021951493, -0.02204431, -0.022222752, -0.02239145, -0.022471534, -0.022620818, -0.022752361, -0.022862839, -0.022909733, -0.022987267, -0.02304533, -0.0230682, -0.023104258, -0.023129277, -0.023143716, -0.023146493, -0.023141557, -0.023120306, -0.023102881, -0.02305363, -0.022985913, -0.022945417, -0.0228526, -0.022745516, -0.022624828, -0.022559073, -0.022415487, -0.022253595, -0.022165166, -0.021973362, -0.021762548, -0.021534687, -0.021415059, -0.021164943, -0.02090093, -0.020763531, -0.020476678, -0.020171434, -0.020010862, -0.019672593, -0.019310966, -0.018927468, -0.018728757, -0.018319527, -0.017897882, -0.017683098, -0.017245667, -0.01679579, -0.016329931, -0.016089574, -0.01559248, -0.015073218, -0.014805979, -0.014259418, -0.013700615, -0.013417942, -0.012846637, -0.012265632, -0.011670376, -0.011365235, -0.01073553, -0.010073987, -0.009729636, -0.009012033, -0.008262648, -0.0075237253, -0.0072001265, -0.0068713715, -0.00761009, -0.008675559, 0, 0, 0, 0, 0, 0, 0, 0, 0, 0, 0, 0, 0, 0, 0, 0, 0, 0, 0
0, 0, 0, 0, 0, 0, 0, 0, 0, 0, 0, 0, 0, 0, 0, 0, 0, 0, 0, 0, -0.007500405, -0.0065173884, -0.0058865156, -0.0064116963, -0.0068264212, -0.0077022575, -0.008529176, -0.009286648, -0.009645031, -0.01033449, -0.010999782, -0.011325862, -0.011965098, -0.012584434, -0.01317855, -0.013464814, -0.0140158795, -0.0145403305, -0.014794292, -0.015290041, -0.015773598, -0.01601212, -0.016482562, -0.016942864, -0.017389428, -0.017606402, -0.018025776, -0.018425189, -0.018617539, -0.018989531, -0.019347109, -0.019692346, -0.019860558, -0.02018732, -0.020498596, -0.020647416, -0.020929718, -0.021190023, -0.021311944, -0.021540575, -0.021752251, -0.021950705, -0.022045732, -0.02222781, -0.02239757, -0.022476805, -0.02262183, -0.022746177, -0.02284889, -0.02289204, -0.022963535, -0.023017943, -0.023039851, -0.023075152, -0.02309994, -0.023113716, -0.023115752, -0.023108447, -0.023084475, -0.023065742, -0.023014763, -0.022946948, -0.022907292, -0.022817608, -0.022714565, -0.022597706, -0.022533488, -0.022391759, -0.022230092, -0.0221412, -0.021947293, -0.021733256, -0.02150114, -0.021379, -0.021123758, -0.020854529, -0.020714536, -0.020422827, -0.020112881, -0.019950315, -0.019608596, -0.019244032, -0.018857658, -0.018657345, -0.018243862, -0.017816111, -0.01759752, -0.017150749, -0.01668986, -0.016210845, -0.015963187, -0.015449753, -0.014911491, -0.014633728, -0.014062649, -0.013475659, -0.013177253, -0.012572488, -0.011955854, -0.011323616, -0.010999511, -0.010329581, -0.009622266, -0.009251287, -0.008469018, -0.007632751, -0.006779338, -0.006390512, -0.0059466856, -0.0067270016, -0.007886245, 0, 0, 0, 0, 0, 0, 0, 0, 0, 0, 0, 0, 0, 0, 0, 0, 0, 0, 0
0, 0, 0, 0, 0, 0, 0, 0, 0, 0, 0, 0, 0, 0, 0, 0, 0, 0, 0, 0, 0, -0.0059365802, -0.0059207915, -0.006473792, -0.006867938, -0.0077062403, -0.008514408, -0.009270086, -0.009631966, -0.010332469, -0.011009609, -0.011340461, -0.011985884, -0.01260728, -0.013201525, -0.013488212, -0.014041527, -0.014571824, -0.014829873, -0.015335041, -0.015828177, -0.016070452, -0.01654543, -0.01700541, -0.017447269, -0.017660584, -0.01807198, -0.018464046, -0.018653525, -0.019021744, -0.019377373, -0.01972144, -0.019888729, -0.02021234, -0.02051899, -0.020665145, -0.020941997, -0.02119822, -0.021318967, -0.02154702, -0.021759806, -0.021959085, -0.022053847, -0.022232775, -0.022395296, -0.022469338, -0.022602256, -0.02271408, -0.022805855, -0.02284513, -0.022912027, -0.022966223, -0.022989325, -0.023028234, -0.023056699, -0.023072135, -0.023074182, -0.023065532, -0.023038747, -0.023018526, -0.022965403, -0.022896837, -0.02285748, -0.022769187, -0.022668147, -0.02255309, -0.022489503, -0.02234869, -0.022188004, -0.022099653, -0.021907406, -0.021694897, -0.021463633, -0.021341583, -0.021085627, -0.020814579, -0.02067351, -0.020379342, -0.020067891, -0.019905081, -0.019564588, -0.019203277, -0.018821677, -0.018623468, -0.018213123, -0.017785557, -0.01756569, -0.01711427, -0.016645983, -0.016158644, -0.015906861, -0.015385535, -0.014839542, -0.014557398, -0.013975455, -0.013372493, -0.013063831, -0.012433193, -0.011784683, -0.011115542, -0.010771694, -0.010060759, -0.009310552, -0.008917295, -0.008087901, -0.0071980567, -0.0062782345, -0.005843817, -0.00520575, -0.0051487647, 0, 0, 0, 0, 0, 0, 0, 0, 0, 0, 0, 0, 0, 0, 0, 0, 0, 0, 0, 0
0, 0, 0, 0, 0, 0, 0, 0, 0, 0, 0, 0, 0, 0, 0, 0, 0, 0, 0, 0, 0, -0.0075078197, -0.006771653, -0.00679725, -0.007044203, -0.0077404142, -0.008516761, -0.009285431, -0.009659957, -0.010387052, -0.0110852895, -0.011423616, -0.012078231, -0.012703309, -0.013300226, -0.0135887135, -0.014148045, -0.014687528, -0.014950987, -0.015466887, -0.015968, -0.016212547, -0.016688185, -0.01714336, -0.017576512, -0.01778467, -0.018185316, -0.018567432, -0.018752677, -0.019113503, -0.0194627, -0.019799959, -0.019963332, -0.02027827, -0.020575196, -0.020716472, -0.020984378, -0.021233665, -0.021351958, -0.021576319, -0.021785608, -0.021979759, -0.022070806, -0.022239052, -0.022387471, -0.02245369, -0.022570767, -0.022669109, -0.022751777, -0.022788445, -0.022854233, -0.022911701, -0.022937346, -0.022981841, -0.023014598, -0.023032019, -0.023034304, -0.023024987, -0.022996921, -0.022976367, -0.022923047, -0.02285511, -0.02281608, -0.022728305, -0.022626856, -0.022510119, -0.0224453, -0.022302205, -0.022140458, -0.022052668, -0.02186309, -0.02165544, -0.021429816, -0.021310477, -0.021059118, -0.020790761, -0.020650359, -0.020357069, -0.020046989, -0.019885534, -0.019549679, -0.019196287, -0.018824434, -0.018631393, -0.018230176, -0.017808428, -0.01759002, -0.017138517, -0.016667753, -0.016177598, -0.015925063, -0.015404518, -0.014862375, -0.0145827, -0.014005463, -0.013403272, -0.0130924, -0.012451104, -0.011783129, -0.011087129, -0.010727624, -0.009983313, -0.00920047, -0.008792681, -0.007942176, -0.0070553585, -0.0061984328, -0.0058412054, -0.005524149, -0.0059809587, 0, 0, 0, 0, 0, 0, 0, 0, 0, 0, 0, 0, 0, 0, 0, 0, 0, 0, 0, 0
0, 0, 0, 0, 0, 0, 0, 0, 0, 0, 0, 0, 0, 0, 0, 0, 0, 0, 0, 0, 0, -0.010258715, -0.0077400077, -0.00694159, -0.007032226, -0.007647153, -0.008462423, -0.009292961, -0.0096959695, -0.01046858, -0.011196824, -0.011545049, -0.012212498, -0.01284542, -0.01344883, -0.013741036, -0.014309188, -0.014858376, -0.015126404, -0.015649354, -0.016153345, -0.016397381, -0.016868621, -0.017316226, -0.017740624, -0.01794468, -0.018338226, -0.018714972, -0.018898007, -0.019254353, -0.019597685, -0.0199264, -0.020084502, -0.02038696, -0.020670192, -0.020804724, -0.021060161, -0.021299068, -0.02141286, -0.021629386, -0.021830669, -0.022015028, -0.02210004, -0.022254404, -0.022387447, -0.02244612, -0.022549974, -0.022639163, -0.022717614, -0.02275379, -0.022821222, -0.022881802, -0.022908922, -0.02295487, -0.022986503, -0.02300104, -0.023001548, -0.022989377, -0.022960654, -0.022940591, -0.022889946, -0.022825606, -0.022788065, -0.022701992, -0.02259973, -0.022479564, -0.022412503, -0.022264775, -0.022100145, -0.022012098, -0.021825394, -0.021624217, -0.021407463, -0.021292765, -0.02104984, -0.020788211, -0.020650258, -0.020360585, -0.020053787, -0.019894531, -0.01956543, -0.019222317, -0.018863784, -0.018677862, -0.01829032, -0.017880024, -0.017665869, -0.017220065, -0.016752081, -0.01626415, -0.016013447, -0.015499228, -0.014967949, -0.014695117, -0.0141328685, -0.0135440575, -0.013238229, -0.012601082, -0.011928607, -0.011219675, -0.010851068, -0.010084218, -0.009275964, -0.008855693, -0.007985122, -0.00710119, -0.006318706, -0.0060589067, -0.0062115784, -0.007920718, 0, 0, 0, 0, 0, 0, 0, 0, 0, 0, 0, 0, 0, 0, 0, 0, 0, 0, 0, 0
0, 0, 0, 0, 0, 0, 0, 0, 0, 0, 0, 0, 0, 0, 0, 0, 0, 0, 0, 0, 0, 0, -0.0072838375, -0.0064829914, -0.0066405297, -0.00741539, -0.008368564, -0.009296891, -0.0097347405, -0.010555497, -0.011311267, -0.011668426, -0.012348739, -0.012991671, -0.013604908, -0.013902309, -0.014480409, -0.01503765, -0.015308511, -0.015833834, -0.016335703, -0.01657733, -0.017041942, -0.017482953, -0.017902894, -0.01810597, -0.018500172, -0.018879576, -0.019063916, -0.019421319, -0.01976203, -0.020083036, -0.020235494, -0.020524098, -0.020791661, -0.020918444, -0.021159615, -0.021386515, -0.021495022, -0.021701928, -0.021893926, -0.022068229, -0.022147868, -0.022290941, -0.022413133, -0.02246723, -0.022564583, -0.022651004, -0.022729745, -0.022766728, -0.02283556, -0.022895118, -0.022920337, -0.02295928, -0.022980785, -0.02298411, -0.022979593, -0.022959676, -0.022927893, -0.02290821, -0.022861136, -0.022802394, -0.022767698, -0.022685628, -0.022584321, -0.022462117, -0.022393316, -0.022241842, -0.022074994, -0.021986945, -0.021803398, -0.021609414, -0.021402618, -0.02129333, -0.021060675, -0.020807456, -0.020672638, -0.020387951, -0.020085284, -0.019928288, -0.01960597, -0.019273164, -0.018928437, -0.018750265, -0.018379115, -0.017984197, -0.017776994, -0.017342467, -0.016882824, -0.01640149, -0.01615413, -0.015648236, -0.015128723, -0.014863314, -0.01431762, -0.01374602, -0.013447955, -0.012823315, -0.01215768, -0.011448935, -0.0110779945, -0.010301281, -0.009474932, -0.0090414975, -0.008135675, -0.0072116163, -0.0064137047, -0.006165955, -0.0062471516, 0, 0, 0, 0, 0, 0, 0, 0, 0, 0, 0, 0, 0, 0, 0, 0, 0, 0, 0, 0, 0
0, 0, 0, 0, 0, 0, 0, 0, 0, 0, 0, 0, 0, 0, 0, 0, 0, 0, 0, 0, 0, 0, -0.005994762, -0.0060760374, -0.006383355, -0.0073152655, -0.008359001, -0.009341711, -0.009796648, -0.010638149, -0.011405152, -0.011766797, -0.012456164, -0.013109765, -0.013735252, -0.014038667, -0.014627467, -0.015192211, -0.015465305, -0.015991667, -0.016491007, -0.016730582, -0.017191045, -0.017629815, -0.018050961, -0.018256169, -0.018656429, -0.019043207, -0.019230772, -0.019591844, -0.01993098, -0.020244664, -0.020391572, -0.020666352, -0.020919276, -0.021038909, -0.021267356, -0.021484084, -0.021588178, -0.02178748, -0.021972468, -0.022140015, -0.022216246, -0.022353109, -0.022470461, -0.02252299, -0.02261921, -0.02270653, -0.02278702, -0.022824295, -0.02289122, -0.022944348, -0.022964422, -0.022989772, -0.022994746, -0.022981584, -0.022969538, -0.022938257, -0.022900756, -0.022880381, -0.022835396, -0.022781614, -0.022749688, -0.022672663, -0.022574453, -0.022453478, -0.022384724, -0.022233095, -0.02206717, -0.02198051, -0.021801567, -0.021615155, -0.021417769, -0.021313388, -0.021090265, -0.020844935, -0.020713499, -0.02043369, -0.02013524, -0.019980464, -0.019663451, -0.019338539, -0.019004595, -0.018832907, -0.018476488, -0.018097298, -0.01789783, -0.017477732, -0.017030206, -0.016558731, -0.016315624, -0.015817992, -0.015307414, -0.015046933, -0.014512253, -0.01395285, -0.01366119, -0.01304919, -0.012394993, -0.011695808, -0.011328657, -0.010556751, -0.009728016, -0.0092886165, -0.008355997, -0.0073842583, -0.0065609384, -0.006363388, -0.007030988, 0, 0, 0, 0, 0, 0, 0, 0, 0, 0, 0, 0, 0, 0, 0, 0, 0, 0, 0, 0, 0
0, 0, 0, 0, 0, 0, 0, 0, 0, 0, 0, 0, 0, 0, 0, 0, 0, 0, 0, 0, 0, 0, -0.0072708256, -0.006745327, -0.0068310047, -0.0075285197, -0.008483644, -0.0094284415, -0.00987208, -0.010699992, -0.0114626195, -0.011825043, -0.01252126, -0.013186841, -0.013826657, -0.01413718, -0.014739325, -0.015314445, -0.01559133, -0.016122723, -0.016624203, -0.0168643, -0.01732586, -0.01776699, -0.018192353, -0.01840018, -0.01880629, -0.019197788, -0.019386742, -0.019748056, -0.020082783, -0.020387923, -0.020529544, -0.020792704, -0.021034434, -0.02114928, -0.02137002, -0.021581123, -0.021683037, -0.021878276, -0.022059282, -0.022222463, -0.022296429, -0.022429286, -0.022543443, -0.022595072, -0.022689816, -0.022776384, -0.022855187, -0.022890855, -0.022952244, -0.022996288, -0.023010517, -0.023022495, -0.02301322, -0.02298658, -0.022968708, -0.022928081, -0.022885041, -0.022863304, -0.022817867, -0.022765746, -0.022735186, -0.022661196, -0.02256626, -0.02244867, -0.022381691, -0.022234403, -0.022073805, -0.021990139, -0.021818085, -0.021638963, -0.021449186, -0.021348543, -0.021132449, -0.020893557, -0.020765029, -0.020490702, -0.020196985, -0.020044519, -0.01973163, -0.019411227, -0.019082926, -0.018914659, -0.018566478, -0.018197935, -0.018004328, -0.017596386, -0.017160786, -0.016699864, -0.016461173, -0.015970483, -0.015464463, -0.015205681, -0.0146739, -0.014117641, -0.013828166, -0.01322235, -0.012577002, -0.011889281, -0.011528972, -0.01077288, -0.009962898, -0.009534017, -0.008624456, -0.0076772505, -0.006856689, -0.0066072857, -0.006617339, 0, 0, 0, 0, 0, 0, 0, 0, 0, 0, 0, 0, 0, 0, 0, 0, 0, 0, 0, 0, 0
0, 0, 0, 0, 0, 0, 0, 0, 0, 0, 0, 0, 0, 0, 0, 0, 0, 0, 0, 0, 0, 0, -0.0097797895, -0.0077949767, -0.0075075133, -0.00781431, -0.008597694, -0.009465644, -0.0098900115, -0.010701287, -0.011464261, -0.011830615, -0.012538852, -0.013219784, -0.0138768125, -0.014196147, -0.0148154, -0.015405926, -0.015689656, -0.016232634, -0.01674287, -0.016986465, -0.017453484, -0.017898494, -0.018326662, -0.018535292, -0.018941393, -0.019330464, -0.01951731, -0.019872228, -0.020198833, -0.020495217, -0.020632606, -0.020888317, -0.021124827, -0.021238023, -0.021457026, -0.021667477, -0.021769067, -0.021962605, -0.022140367, -0.022298412, -0.022369385, -0.022495685, -0.02260329, -0.022651551, -0.02273971, -0.022819763, -0.022891596, -0.022923708, -0.022977702, -0.023014277, -0.023025127, -0.023031272, -0.023017665, -0.022988329, -0.022969617, -0.022927621, -0.02288316, -0.022860453, -0.022812864, -0.022758333, -0.022726828, -0.02265178, -0.022557715, -0.022443702, -0.022379601, -0.022239568, -0.022087552, -0.02200829, -0.021844132, -0.021671347, -0.021486327, -0.021387782, -0.021175554, -0.020941325, -0.020815518, -0.02054757, -0.020260468, -0.020111049, -0.019802984, -0.019485217, -0.01915739, -0.018988997, -0.018640758, -0.018273506, -0.018081298, -0.017678117, -0.017249066, -0.016795097, -0.016559592, -0.016073212, -0.015567968, -0.015308117, -0.014771921, -0.014209807, -0.013917522, -0.013307523, -0.01266102, -0.011976126, -0.011618565, -0.010872608, -0.010083691, -0.009673293, -0.008836992, -0.008069378, -0.0076635834, -0.007755513, -0.008575387, 0, 0, 0, 0, 0, 0, 0, 0, 0, 0, 0, 0, 0, 0, 0, 0, 0, 0, 0, 0, 0
0, 0, 0, 0, 0, 0, 0, 0, 0, 0, 0, 0, 0, 0, 0, 0, 0, 0, 0, 0, 0, 0, 0, -0.008118588, -0.007825076, -0.007876364, -0.008506929, -0.00933577, -0.009762676, -0.010596082, -0.011386821, -0.011766389, -0.012498492, -0.01320057, -0.013877326, -0.01420647, -0.014845181, -0.015454824, -0.015747521, -0.016306512, -0.016829507, -0.017077992, -0.01755164, -0.01799939, -0.018426389, -0.018633192, -0.019033631, -0.01941473, -0.019597152, -0.01994341, -0.020262413, -0.020553453, -0.020689098, -0.020943724, -0.021181362, -0.02129566, -0.021517241, -0.021729564, -0.021831283, -0.022023315, -0.022196509, -0.02234749, -0.02241422, -0.02253101, -0.022628384, -0.02267122, -0.022748573, -0.022817697, -0.022879608, -0.02290726, -0.022954259, -0.022987498, -0.022998076, -0.023006944, -0.022999588, -0.022978509, -0.022963991, -0.022928953, -0.022888113, -0.022865616, -0.022815466, -0.022755995, -0.022721574, -0.022641812, -0.022545988, -0.022434408, -0.022373255, -0.022241278, -0.022098592, -0.022023708, -0.021866627, -0.02169789, -0.021514323, -0.021415897, -0.021204337, -0.020972371, -0.020848779, -0.020587333, -0.020308508, -0.02016325, -0.019861985, -0.019547014, -0.019217547, -0.019046746, -0.018691683, -0.01831672, -0.018121202, -0.017713154, -0.01728207, -0.01682849, -0.01659353, -0.016107494, -0.015599367, -0.015336475, -0.014790496, -0.014214961, -0.013914919, -0.013288867, -0.012625975, -0.011924622, -0.011558865, -0.010796163, -0.009993105, -0.009580717, -0.008774308, -0.008172134, -0.008337003, -0.009027629, -0.011844801, 0, 0, 0, 0, 0, 0, 0, 0, 0, 0, 0, 0, 0, 0, 0, 0, 0, 0, 0, 0, 0
0, 0, 0, 0, 0, 0, 0, 0, 0, 0, 0, 0, 0, 0, 0, 0, 0, 0, 0, 0, 0, 0, 0, -0.009407608, -0.008322521, -0.0076415935, -0.008128971, -0.0090026595, -0.009468446, -0.0103756245, -0.011222624, -0.011623906, -0.012389418, -0.013116473, -0.013813875, -0.014152701, -0.014810347, -0.015438105, -0.015739344, -0.016313523, -0.016847888, -0.017100304, -0.017578483, -0.018026166, -0.01844948, -0.018653383, -0.019047305, -0.019421896, -0.01960137, -0.019943539, -0.020261262, -0.020553922, -0.020691412, -0.020951085, -0.02119433, -0.021311332, -0.021536803, -0.021750422, -0.021851769, -0.02204132, -0.0222097, -0.022354387, -0.022417845, -0.022527587, -0.022617666, -0.022656672, -0.022725971, -0.022786653, -0.02284055, -0.022864774, -0.022906888, -0.022938978, -0.02295079, -0.022965088, -0.022966838, -0.022956802, -0.022947786, -0.022922128, -0.022886645, -0.022865139, -0.022813216, -0.022748696, -0.022711266, -0.022625808, -0.022527415, -0.02241724, -0.022358138, -0.022232637, -0.022097204, -0.022025382, -0.021872347, -0.021703927, -0.021517865, -0.02141778, -0.021203104, -0.020970158, -0.020847421, -0.020590303, -0.020318737, -0.020177638, -0.019883648, -0.019572401, -0.019241571, -0.019068034, -0.018704131, -0.018317448, -0.018115662, -0.017696142, -0.017256204, -0.016796548, -0.016559169, -0.016068442, -0.015553534, -0.015285766, -0.014726322, -0.014131731, -0.013820325, -0.013167675, -0.012473443, -0.011735543, -0.011349092, -0.010538873, -0.009677863, -0.009232627, -0.008358434, -0.0077106375, -0.007917519, -0.008702166, 0, 0, 0, 0, 0, 0, 0, 0, 0, 0, 0, 0, 0, 0, 0, 0, 0, 0, 0, 0, 0, 0
0, 0, 0, 0, 0, 0, 0, 0, 0, 0, 0, 0, 0, 0, 0, 0, 0, 0, 0, 0, 0, 0, 0, -0.008862423, -0.0076846723, -0.0069507584, -0.0075677335, -0.008580569, -0.009102849, -0.010095026, -0.010998183, -0.011420004, -0.01221738, -0.012967686, -0.013683892, -0.014030858, -0.014702968, -0.015343124, -0.015649632, -0.01623217, -0.016771954, -0.017025888, -0.017504744, -0.017950648, -0.018371115, -0.018573655, -0.018965865, -0.019340957, -0.019521676, -0.019868055, -0.020192413, -0.020493401, -0.020635344, -0.020903785, -0.021154419, -0.021273943, -0.021502448, -0.02171622, -0.021817029, -0.022004658, -0.022171415, -0.02231588, -0.022379726, -0.02249171, -0.022585128, -0.022625946, -0.022697985, -0.02275967, -0.022812715, -0.022835918, -0.022875814, -0.022906404, -0.022917973, -0.022933224, -0.022937907, -0.022932444, -0.022925789, -0.022904549, -0.022871824, -0.022850534, -0.022797506, -0.022729732, -0.02269041, -0.022601478, -0.02250101, -0.022391006, -0.022332866, -0.022210041, -0.022076994, -0.022005668, -0.021851439, -0.02167878, -0.021486348, -0.021382535, -0.021161068, -0.020922922, -0.020798571, -0.02054066, -0.02027112, -0.020131635, -0.019841243, -0.019532274, -0.019200265, -0.019024748, -0.01865363, -0.018256614, -0.01804915, -0.017618021, -0.01716719, -0.016698183, -0.016456574, -0.01595741, -0.015432574, -0.015158779, -0.014583926, -0.013968769, -0.013644655, -0.012961822, -0.01223028, -0.011447012, -0.011034739, -0.01016534, -0.009235827, -0.008754674, -0.007815891, -0.007129174, -0.0071477536, -0.007414619, 0, 0, 0, 0, 0, 0, 0, 0, 0, 0, 0, 0, 0, 0, 0, 0, 0, 0, 0, 0, 0, 0
0, 0, 0, 0, 0, 0, 0, 0, 0, 0, 0, 0, 0, 0, 0, 0, 0, 0, 0, 0, 0, 0, 0, 0, -0.006395766, -0.00648318, -0.0072419494, -0.008286807, -0.008819963, -0.009833967, -0.0107601695, -0.011193014, -0.012010477, -0.012777809, -0.013506789, -0.013858594, -0.0145372, -0.015180068, -0.015486591, -0.016067669, -0.016605051, -0.016857807, -0.017334437, -0.017779239, -0.018200757, -0.018404694, -0.018801842, -0.019184466, -0.01936988, -0.01972653, -0.020061836, -0.020373737, -0.020520687, -0.020798301, -0.021056024, -0.021178141, -0.021409946, -0.021625452, -0.021726958, -0.02191693, -0.022088552, -0.022241253, -0.022310618, -0.022436013, -0.022545073, -0.022593832, -0.02268066, -0.022754416, -0.022815142, -0.02284063, -0.02288206, -0.02291067, -0.02292035, -0.02293064, -0.022930074, -0.02291961, -0.022911008, -0.02288659, -0.022851441, -0.022829223, -0.022774288, -0.022704702, -0.022664474, -0.022573885, -0.022471419, -0.022359127, -0.022299593, -0.022173641, -0.022036074, -0.021961926, -0.021800635, -0.021619365, -0.021416994, -0.021308094, -0.021076404, -0.020828493, -0.020699678, -0.020433664, -0.02015719, -0.020014768, -0.019719647, -0.019406578, -0.01907061, -0.018892823, -0.01851666, -0.018113634, -0.017902747, -0.017464193, -0.017005559, -0.016528118, -0.016282136, -0.015773602, -0.015238424, -0.014958681, -0.014370507, -0.013739122, -0.013405585, -0.0127002355, -0.0119400015, -0.0111209005, -0.010687642, -0.009771031, -0.008793721, -0.0082944725, -0.0073657488, -0.0068712165, -0.007696531, -0.008857063, 0, 0, 0, 0, 0, 0, 0, 0, 0, 0, 0, 0, 0, 0, 0, 0, 0, 0, 0, 0, 0, 0
0, 0, 0, 0, 0, 0, 0, 0, 0, 0, 0, 0, 0, 0, 0, 0, 0, 0, 0, 0, 0, 0, 0, 0, -0.007919277, -0.007218241, -0.0073944516, -0.008173239, -0.008646666, -0.009614156, -0.010537242, -0.01097413, -0.011801362, -0.012575959, -0.013307505, -0.013658598, -0.014332201, -0.014966217, -0.015267631, -0.015838528, -0.01636782, -0.016617961, -0.017092716, -0.017539995, -0.017967151, -0.01817518, -0.018581383, -0.018974481, -0.019165033, -0.019532364, -0.019877858, -0.020199785, -0.020351717, -0.020638745, -0.020905018, -0.02103113, -0.021270161, -0.021493025, -0.021598645, -0.021798184, -0.02198217, -0.022150276, -0.02222847, -0.022373633, -0.022504037, -0.022563701, -0.022671359, -0.022762876, -0.022837214, -0.022867765, -0.022915341, -0.022945292, -0.022953881, -0.022959575, -0.022951731, -0.022933116, -0.022920368, -0.02288843, -0.022846906, -0.022822244, -0.02276326, -0.022690594, -0.022648925, -0.022555284, -0.022448221, -0.022329051, -0.022265187, -0.022128746, -0.021979537, -0.021899134, -0.021725103, -0.021531172, -0.021316374, -0.021201285, -0.020956948, -0.020695992, -0.020560028, -0.020278674, -0.019985763, -0.019835148, -0.019524507, -0.019197745, -0.018850937, -0.018668924, -0.018286455, -0.017879233, -0.01766667, -0.017224759, -0.01676183, -0.016278733, -0.016029427, -0.015513431, -0.01497008, -0.014686544, -0.014091401, -0.013454393, -0.01311852, -0.012408747, -0.01164248, -0.010812925, -0.0103719, -0.009435348, -0.008438585, -0.007937048, -0.007046143, -0.006643083, -0.007024139, 0, 0, 0, 0, 0, 0, 0, 0, 0, 0, 0, 0, 0, 0, 0, 0, 0, 0, 0, 0, 0, 0, 0
0, 0, 0, 0, 0, 0, 0, 0, 0, 0, 0, 0, 0, 0, 0, 0, 0, 0, 0, 0, 0, 0, 0, 0, -0.0108541185, -0.00825747, -0.0075140526, -0.008005892, -0.008438011, -0.009394187, -0.010329248, -0.010770823, -0.011599926, -0.012367714, -0.013086267, -0.013429124, -0.014084474, -0.014699963, -0.014992826, -0.015549631, -0.016071215, -0.016320035, -0.016797636, -0.017253099, -0.01769101, -0.017904611, -0.0183217, -0.018724285, -0.018919332, -0.019295128, -0.019649532, -0.019981727, -0.020139577, -0.020439727, -0.020720314, -0.02085388, -0.021108327, -0.021347208, -0.021461057, -0.021677645, -0.021879522, -0.022066435, -0.022154387, -0.022318855, -0.022468429, -0.022537488, -0.022663128, -0.022770839, -0.02285939, -0.02289618, -0.022954524, -0.022992488, -0.02300383, -0.023012685, -0.023004727, -0.022983164, -0.022968005, -0.022929903, -0.022881359, -0.022852939, -0.022786563, -0.02270694, -0.022661699, -0.022560326, -0.022443715, -0.022311997, -0.022240674, -0.022087472, -0.021920016, -0.021830443, -0.021638686, -0.021428438, -0.021198649, -0.021076532, -0.020818206, -0.020541733, -0.020397078, -0.020095913, -0.019780459, -0.01961765, -0.01928241, -0.018932914, -0.01856698, -0.018377144, -0.01798284, -0.017568186, -0.017352913, -0.016906893, -0.016439704, -0.015951397, -0.01569912, -0.015177152, -0.014629135, -0.014344067, -0.01374915, -0.01311791, -0.012787294, -0.012092632, -0.011346735, -0.010538707, -0.010107304, -0.009186088, -0.008205054, -0.0077203275, -0.006935783, -0.0069401674, -0.00864192, 0, 0, 0, 0, 0, 0, 0, 0, 0, 0, 0, 0, 0, 0, 0, 0, 0, 0, 0, 0, 0, 0, 0
0, 0, 0, 0, 0, 0, 0, 0, 0, 0, 0, 0, 0, 0, 0, 0, 0, 0, 0, 0, 0, 0, 0, 0, 0, -0.007888231, -0.0070968387, -0.00767939, -0.008158079, -0.0091755865, -0.010129115, -0.010568079, -0.011378553, -0.012118687, -0.012806855, -0.013134928, -0.013762916, -0.014356378, -0.014640958, -0.015188179, -0.015709383, -0.015961595, -0.016450876, -0.01692195, -0.017376214, -0.017597156, -0.01802681, -0.018439569, -0.018639203, -0.019024596, -0.019391313, -0.019739373, -0.019906566, -0.020227745, -0.020531742, -0.02067731, -0.020956004, -0.021218246, -0.021343414, -0.021582073, -0.021804586, -0.022010848, -0.02210772, -0.022288738, -0.02245266, -0.022528045, -0.022665288, -0.022783915, -0.022883462, -0.02292616, -0.022997286, -0.023048854, -0.023067115, -0.023088502, -0.023090426, -0.023074722, -0.02306073, -0.023021042, -0.022966668, -0.022933828, -0.022857139, -0.022765785, -0.022714473, -0.02260028, -0.02246933, -0.02232125, -0.022240708, -0.022067271, -0.021877874, -0.02177728, -0.021563796, -0.021333413, -0.021085583, -0.020954901, -0.020680135, -0.020386431, -0.020232432, -0.019910323, -0.01957044, -0.019394474, -0.019031424, -0.018654604, -0.018263612, -0.018062599, -0.017649066, -0.01721931, -0.016997827, -0.016540958, -0.016063994, -0.0155663425, -0.015309662, -0.01477993, -0.014226932, -0.013941035, -0.013348566, -0.012727285, -0.012405112, -0.011734912, -0.011023896, -0.010259787, -0.009852638, -0.008981974, -0.008057654, -0.0076099145, -0.006935597, -0.0069583817, 0, 0, 0, 0, 0, 0, 0, 0, 0, 0, 0, 0, 0, 0, 0, 0, 0, 0, 0, 0, 0, 0, 0, 0
0, 0, 0, 0, 0, 0, 0, 0, 0, 0, 0, 0, 0, 0, 0, 0, 0, 0, 0, 0, 0, 0, 0, 0, 0, -0.006769751, -0.0068315296, -0.0075511383, -0.008031501, -0.009011925, -0.009909782, -0.0103202835, -0.011077777, -0.011772315, -0.012422781, -0.012735077, -0.0133385295, -0.013917792, -0.014199647, -0.014749889, -0.015284287, -0.015545862, -0.016057894, -0.016553298, -0.017029874, -0.017260874, -0.017707638, -0.01813527, -0.018342467, -0.018744659, -0.01913193, -0.019504843, -0.01968595, -0.020036757, -0.020371199, -0.020531753, -0.02083887, -0.021127127, -0.02126442, -0.021525692, -0.021769335, -0.021995254, -0.022101292, -0.022299044, -0.02247661, -0.022557747, -0.022704512, -0.022830864, -0.022938289, -0.022985501, -0.023067238, -0.023132361, -0.023158249, -0.023195652, -0.023212207, -0.023207154, -0.023196219, -0.023158211, -0.02309899, -0.023061873, -0.022973318, -0.022867598, -0.022808809, -0.02267927, -0.02253298, -0.022368686, -0.022279512, -0.022086954, -0.021876132, -0.021764133, -0.021527205, -0.021273585, -0.021003261, -0.020861914, -0.020566555, -0.020253152, -0.020089172, -0.019746497, -0.019384498, -0.019196728, -0.018808689, -0.018405631, -0.017988047, -0.017774004, -0.017335378, -0.016882382, -0.016650168, -0.01617324, -0.0156781, -0.015163897, -0.014899538, -0.014356208, -0.013792904, -0.013503285, -0.01290736, -0.012288616, -0.01197036, -0.011315137, -0.0106306635, -0.009907871, -0.009527967, -0.008728902, -0.007913372, -0.007547021, -0.0071703373, -0.008025795, 0, 0, 0, 0, 0, 0, 0, 0, 0, 0, 0, 0, 0, 0, 0, 0, 0, 0, 0, 0, 0, 0, 0, 0
0, 0, 0, 0, 0, 0, 0, 0, 0, 0, 0, 0, 0, 0, 0, 0, 0, 0, 0, 0, 0, 0, 0, 0, 0, -0.008595538, -0.007816566, -0.007863277, -0.008123158, -0.008823556, -0.009571967, -0.009935802, -0.010632738, -0.011292464, -0.011922769, -0.012228915, -0.012827751, -0.013412618, -0.013701216, -0.014272005, -0.014834346, -0.015111544, -0.015655708, -0.016182013, -0.01668649, -0.016930142, -0.017400132, -0.017850267, -0.018069157, -0.018496815, -0.018912869, -0.019317426, -0.019514738, -0.019897979, -0.020262873, -0.020437611, -0.020770337, -0.02108093, -0.021228349, -0.021509385, -0.021772971, -0.022020059, -0.022137038, -0.022356119, -0.022553012, -0.022642478, -0.02280296, -0.022939298, -0.02305377, -0.023103768, -0.023191376, -0.023263823, -0.023294188, -0.023342075, -0.02336935, -0.02337252, -0.023364274, -0.02332775, -0.02326459, -0.023223551, -0.023124482, -0.023005743, -0.02294008, -0.02279699, -0.022638181, -0.022461798, -0.022366382, -0.022159748, -0.021931788, -0.021809887, -0.021550918, -0.021272691, -0.020976767, -0.02082276, -0.020502744, -0.020166717, -0.019992225, -0.019629775, -0.019248873, -0.019051524, -0.01864373, -0.018218651, -0.017776718, -0.017549574, -0.0170835, -0.016602159, -0.016355887, -0.01585192, -0.015331538, -0.014794186, -0.01451896, -0.013955279, -0.013373491, -0.013075357, -0.012463689, -0.011830764, -0.011506292, -0.01084053, -0.010151738, -0.009436772, -0.009069021, -0.008325495, -0.00764409, -0.0073924973, -0.007313915, -0.007891897, 0, 0, 0, 0, 0, 0, 0, 0, 0, 0, 0, 0, 0, 0, 0, 0, 0, 0, 0, 0, 0, 0, 0, 0
0, 0, 0, 0, 0, 0, 0, 0, 0, 0, 0, 0, 0, 0, 0, 0, 0, 0, 0, 0, 0, 0, 0, 0, 0, -0.011968211, -0.009156377, -0.008024383, -0.007967939, -0.008347355, -0.008990112, -0.0093380185, -0.010034462, -0.010710645, -0.011362718, -0.0116809225, -0.012306095, -0.012921637, -0.013227313, -0.013834796, -0.01443546, -0.014731591, -0.015311795, -0.015870972, -0.016405217, -0.016662695, -0.017159885, -0.017637033, -0.017869722, -0.01832645, -0.018772965, -0.019208068, -0.01942011, -0.0198302, -0.020218227, -0.020402841, -0.020752616, -0.02107789, -0.02123223, -0.021527726, -0.02180916, -0.02207796, -0.022207135, -0.022452073, -0.022674445, -0.022775533, -0.022955947, -0.023106582, -0.023229178, -0.0232812, -0.023369914, -0.023441983, -0.023472292, -0.02352088, -0.023550654, -0.023556618, -0.023549462, -0.023513546, -0.023448335, -0.023405248, -0.023300046, -0.023173235, -0.023103038, -0.022950849, -0.022783792, -0.02260005, -0.02250082, -0.022285651, -0.022046, -0.021916721, -0.02163968, -0.021339605, -0.021019254, -0.020852512, -0.020507367, -0.020148119, -0.019963387, -0.019582635, -0.019185806, -0.018980922, -0.018557318, -0.018114237, -0.017651161, -0.017412122, -0.016919699, -0.01640979, -0.016148906, -0.01561598, -0.015068257, -0.0145053845, -0.014217663, -0.013629202, -0.013021812, -0.012710376, -0.012070534, -0.0114060985, -0.011064332, -0.010360693, -0.009630117, -0.008873818, -0.008489289, -0.0077398047, -0.0071625193, -0.0070644994, -0.007759866, -0.010134979, 0, 0, 0, 0, 0, 0, 0, 0, 0, 0, 0, 0, 0, 0, 0, 0, 0, 0, 0, 0, 0, 0, 0, 0
0, 0, 0, 0, 0, 0, 0, 0, 0, 0, 0, 0, 0, 0, 0, 0, 0, 0, 0, 0, 0, 0, 0, 0, 0, 0, -0.008992321, -0.0073232334, -0.0071404125, -0.007478657, -0.008198436, -0.008594451, -0.009381651, -0.010134292, -0.010850315, -0.011197321, -0.011875687, -0.012540621, -0.012869645, -0.013521394, -0.014161818, -0.014475926, -0.015088854, -0.015677245, -0.016238358, -0.01650867, -0.017030777, -0.017532285, -0.017777285, -0.018258095, -0.01872817, -0.01918452, -0.01940606, -0.01983266, -0.020233346, -0.02042323, -0.020781983, -0.021115186, -0.0212737, -0.021579152, -0.021874243, -0.022161104, -0.022300847, -0.022568977, -0.022815496, -0.022928152, -0.023129229, -0.02329542, -0.023427108, -0.023481112, -0.023569427, -0.023636857, -0.023664543, -0.02370837, -0.023735782, -0.02374181, -0.023735443, -0.023701949, -0.023639144, -0.023596898, -0.023492042, -0.023362894, -0.023290709, -0.023133315, -0.02296039, -0.022770954, -0.022668932, -0.022447683, -0.022200271, -0.022066142, -0.021776913, -0.021461401, -0.021122962, -0.020946657, -0.020582061, -0.02020471, -0.020011734, -0.019616593, -0.019207317, -0.01899621, -0.01855943, -0.018100902, -0.017619539, -0.017370146, -0.016855057, -0.01632053, -0.016047068, -0.015489163, -0.014917631, -0.014331471, -0.014032007, -0.013418613, -0.012782677, -0.012455256, -0.011779562, -0.011073283, -0.010707692, -0.009950383, -0.0091566155, -0.008327258, -0.007903442, -0.007078265, -0.0064560343, -0.006366289, -0.0072071897, 0, 0, 0, 0, 0, 0, 0, 0, 0, 0, 0, 0, 0, 0, 0, 0, 0, 0, 0, 0, 0, 0, 0, 0, 0
0, 0, 0, 0, 0, 0, 0, 0, 0, 0, 0, 0, 0, 0, 0, 0, 0, 0, 0, 0, 0, 0, 0, 0, 0, 0, -0.0077362456, -0.006112374, -0.006014484, -0.006564797, -0.0074692126, -0.0079402635, -0.008848975, -0.009696347, -0.0104902135, -0.010871454, -0.011610731, -0.012327567, -0.01267931, -0.013370362, -0.014042368, -0.0143701825, -0.0150071485, -0.015616876, -0.016198006, -0.01647794, -0.017018206, -0.017536102, -0.017788272, -0.018282, -0.01876256, -0.01922747, -0.019452745, -0.019885655, -0.020292452, -0.020485394, -0.020850746, -0.021190835, -0.02135287, -0.021665605, -0.021968177, -0.022264022, -0.022408644, -0.022687834, -0.022946455, -0.023065638, -0.023279563, -0.023456918, -0.02359677, -0.023653246, -0.023743179, -0.023809046, -0.023835266, -0.023876691, -0.023903493, -0.023912145, -0.023908203, -0.023881061, -0.023825675, -0.023786794, -0.023687001, -0.023559272, -0.023486134, -0.02332449, -0.023144998, -0.022948569, -0.02284326, -0.022615818, -0.022362847, -0.022226017, -0.021931065, -0.02160882, -0.02126245, -0.021081569, -0.020707909, -0.020321924, -0.02012494, -0.01972244, -0.01930551, -0.019090185, -0.018643348, -0.018171959, -0.01767534, -0.017417626, -0.016885096, -0.016332896, -0.016050545, -0.015475677, -0.014887941, -0.014285251, -0.013976875, -0.013342303, -0.012679946, -0.0123368045, -0.0116249425, -0.010875662, -0.010486402, -0.009676277, -0.008822139, -0.007925666, -0.0074681975, -0.0065860106, -0.0059386115, -0.0058255577, -0.006121135, 0, 0, 0, 0, 0, 0, 0, 0, 0, 0, 0, 0, 0, 0, 0, 0, 0, 0, 0, 0, 0, 0, 0, 0, 0
0, 0, 0, 0, 0, 0, 0, 0, 0, 0, 0, 0, 0, 0, 0, 0, 0, 0, 0, 0, 0, 0, 0, 0, 0, 0, 0, -0.0053064274, -0.0054338933, -0.006131489, -0.007095675, -0.0075949174, -0.008563929, -0.009475126, -0.010329641, -0.010738615, -0.011526551, -0.012281446, -0.012648672, -0.0133636845, -0.014053136, -0.014388131, -0.015037892, -0.015660038, -0.016253723, -0.016539598, -0.017090179, -0.01761449, -0.017868495, -0.01836286, -0.018841162, -0.019303361, -0.019527726, -0.019961337, -0.020372944, -0.020569865, -0.02094508, -0.021295749, -0.021462392, -0.021781178, -0.02208512, -0.022377877, -0.022520056, -0.022793576, -0.023047794, -0.023165697, -0.023379862, -0.023560992, -0.023706624, -0.02376629, -0.023862189, -0.02393301, -0.023961164, -0.024006663, -0.02403827, -0.024053229, -0.024053149, -0.024034413, -0.023987308, -0.023952153, -0.023857247, -0.023730623, -0.023656487, -0.023489853, -0.023303207, -0.02309904, -0.022990339, -0.02275776, -0.022502175, -0.022364829, -0.022070397, -0.021749511, -0.021404676, -0.021224434, -0.02085186, -0.020466499, -0.020269915, -0.019867536, -0.019449504, -0.019232646, -0.018780531, -0.018300973, -0.017793996, -0.017530834, -0.016987344, -0.016425129, -0.016138488, -0.015556241, -0.014962114, -0.014352465, -0.014039529, -0.013392355, -0.012710994, -0.012355993, -0.011614907, -0.01083076, -0.010421983, -0.009569338, -0.008669044, -0.0077288514, -0.0072558466, -0.0063853986, -0.005909442, -0.0060321023, -0.0074846614, 0, 0, 0, 0, 0, 0, 0, 0, 0, 0, 0, 0, 0, 0, 0, 0, 0, 0, 0, 0, 0, 0, 0, 0, 0
0, 0, 0, 0, 0, 0, 0, 0, 0, 0, 0, 0, 0, 0, 0, 0, 0, 0, 0, 0, 0, 0, 0, 0, 0, 0, 0, -0.00638767, -0.0061555817, -0.0063449866, -0.0070924447, -0.0075527225, -0.008514746, -0.009458535, -0.010352734, -0.010779261, -0.011594141, -0.012364963, -0.012736452, -0.0134557495, -0.01414638, -0.014481629, -0.0151332235, -0.015759485, -0.016358733, -0.016647294, -0.017201088, -0.017724419, -0.017976167, -0.01846254, -0.018930621, -0.01938327, -0.019604428, -0.020036178, -0.020452755, -0.020654442, -0.021042325, -0.021405471, -0.021576956, -0.021900147, -0.022200322, -0.022481656, -0.022615986, -0.022872303, -0.023110451, -0.023221832, -0.023426974, -0.023605596, -0.023754623, -0.023817625, -0.023922166, -0.024002135, -0.024034778, -0.024088047, -0.024126139, -0.02414682, -0.024149336, -0.02413551, -0.024092164, -0.024058256, -0.023964357, -0.023836585, -0.023761172, -0.023591103, -0.023400506, -0.023193048, -0.023083339, -0.022850987, -0.022598226, -0.022463148, -0.022174297, -0.02185978, -0.021521233, -0.021344012, -0.02097725, -0.020597594, -0.0204036, -0.02000641, -0.019592393, -0.019376935, -0.018925915, -0.01844503, -0.017934432, -0.017669015, -0.017121397, -0.016556691, -0.016269676, -0.01568873, -0.0150977485, -0.014491141, -0.014179079, -0.013530982, -0.01284371, -0.01248357, -0.011727938, -0.010923659, -0.01050257, -0.009621439, -0.008687222, -0.00771608, -0.0072359, -0.0063964105, -0.0060212635, -0.0061269198, 0, 0, 0, 0, 0, 0, 0, 0, 0, 0, 0, 0, 0, 0, 0, 0, 0, 0, 0, 0, 0, 0, 0, 0, 0, 0
0, 0, 0, 0, 0, 0, 0, 0, 0, 0, 0, 0, 0, 0, 0, 0, 0, 0, 0, 0, 0, 0, 0, 0, 0, 0, 0, -0.008237306, -0.0072596264, -0.0066511473, -0.007171338, -0.0076130684, -0.008602679, -0.009590701, -0.010515632, -0.010950664, -0.011770555, -0.012534501, -0.012899865, -0.013604948, -0.014282073, -0.014611956, -0.01525598, -0.015878377, -0.016475916, -0.016763765, -0.017314915, -0.017832428, -0.018079726, -0.018554883, -0.019010274, -0.019451752, -0.019668775, -0.02009622, -0.020514524, -0.020718824, -0.021113403, -0.02148286, -0.021656243, -0.021978788, -0.022271382, -0.022539143, -0.022665223, -0.0229037, -0.02312544, -0.02323004, -0.023425544, -0.023599833, -0.023749953, -0.02381511, -0.023926165, -0.024013415, -0.024049362, -0.024107328, -0.024147308, -0.02416763, -0.024169309, -0.024152828, -0.024106232, -0.024070699, -0.023974147, -0.02384539, -0.023770213, -0.023602473, -0.023416145, -0.023215039, -0.02310912, -0.022885434, -0.022642273, -0.02251197, -0.02223172, -0.02192443, -0.021591423, -0.021416767, -0.021054871, -0.020680262, -0.020488996, -0.020097585, -0.019689966, -0.019478066, -0.019033227, -0.01855728, -0.018049719, -0.01778534, -0.017239382, -0.016677178, -0.016392335, -0.015817687, -0.015235406, -0.014638993, -0.014332173, -0.013694193, -0.013015485, -0.012658632, -0.011907398, -0.011103423, -0.010680618, -0.009789405, -0.00883544, -0.007841672, -0.0073591396, -0.006590809, -0.0065890998, -0.0071674553, 0, 0, 0, 0, 0, 0, 0, 0, 0, 0, 0, 0, 0, 0, 0, 0, 0, 0, 0, 0, 0, 0, 0, 0, 0, 0
0, 0, 0, 0, 0, 0, 0, 0, 0, 0, 0, 0, 0, 0, 0, 0, 0, 0, 0, 0, 0, 0, 0, 0, 0, 0, 0, -0.008171596, -0.0071773147, -0.006549251, -0.0071920995, -0.00769989, -0.008791197, -0.009831426, -0.010769617, -0.011201546, -0.012003524, -0.012741945, -0.013093798, -0.013773068, -0.014428779, -0.014749776, -0.015379395, -0.01599122, -0.01657996, -0.016863646, -0.01740647, -0.017915163, -0.018157648, -0.018622473, -0.019067472, -0.01949951, -0.019712288, -0.0201324, -0.020543877, -0.020744737, -0.021132039, -0.021493103, -0.021661846, -0.021974651, -0.022256766, -0.022513516, -0.022634141, -0.022862697, -0.023076361, -0.023177737, -0.023368053, -0.02353896, -0.023687044, -0.02375188, -0.023862738, -0.023949916, -0.023985237, -0.02404065, -0.024075689, -0.024089197, -0.024087237, -0.024063308, -0.024010228, -0.023972137, -0.023873415, -0.02374722, -0.023675475, -0.023517992, -0.023345796, -0.02316065, -0.023063013, -0.022855265, -0.022626314, -0.022502152, -0.022231475, -0.021930045, -0.021600548, -0.021427171, -0.021067731, -0.020696092, -0.020506686, -0.020119866, -0.019718176, -0.019509738, -0.019072806, -0.018604614, -0.018103728, -0.01784194, -0.017300483, -0.016742617, -0.016460273, -0.015891396, -0.015316868, -0.014730448, -0.014429616, -0.013805653, -0.013143755, -0.012796127, -0.012064567, -0.011280991, -0.010867918, -0.009993381, -0.009048879, -0.008060399, -0.0075863907, -0.006875033, -0.006868536, -0.0071087363, 0, 0, 0, 0, 0, 0, 0, 0, 0, 0, 0, 0, 0, 0, 0, 0, 0, 0, 0, 0, 0, 0, 0, 0, 0, 0
0, 0, 0, 0, 0, 0, 0, 0, 0, 0, 0, 0, 0, 0, 0, 0, 0, 0, 0, 0, 0, 0, 0, 0, 0, 0, 0, 0, -0.006584312, -0.00668878, -0.007480288, -0.00800977, -0.009106534, -0.010124214, -0.011027203, -0.011440064, -0.012204975, -0.012910753, -0.013248402, -0.013903545, -0.014539929, -0.014852789, -0.015468118, -0.01606648, -0.016642274, -0.016919667, -0.017450713, -0.017949691, -0.018188033, -0.018646296, -0.019085627, -0.019512044, -0.019721132, -0.020131154, -0.020527462, -0.02071867, -0.021083508, -0.021420611, -0.021578098, -0.021871509, -0.022139587, -0.02238782, -0.022505915, -0.02273201, -0.02294504, -0.023046033, -0.023234384, -0.023400852, -0.02354191, -0.023602689, -0.023705222, -0.023784162, -0.02381546, -0.023863116, -0.023890845, -0.023897886, -0.023892865, -0.023864148, -0.02380816, -0.023769638, -0.023673179, -0.02355458, -0.023488881, -0.023347085, -0.023193764, -0.023028335, -0.022940269, -0.022750277, -0.022536322, -0.022418188, -0.022156935, -0.021861847, -0.021537127, -0.021366043, -0.02101132, -0.020644518, -0.02045756, -0.020075098, -0.019677928, -0.019471988, -0.019040504, -0.018578233, -0.018082723, -0.017823372, -0.01728587, -0.016730757, -0.016449261, -0.015881453, -0.015306987, -0.014721417, -0.014421905, -0.013803436, -0.013152104, -0.012811724, -0.0120988265, -0.011340651, -0.010943232, -0.01010814, -0.009218291, -0.008312902, -0.007904184, -0.007453631, -0.008228347, -0.009220306, 0, 0, 0, 0, 0, 0, 0, 0, 0, 0, 0, 0, 0, 0, 0, 0, 0, 0, 0, 0, 0, 0, 0, 0, 0, 0
0, 0, 0, 0, 0, 0, 0, 0, 0, 0, 0, 0, 0, 0, 0, 0, 0, 0, 0, 0, 0, 0, 0, 0, 0, 0, 0, 0, -0.00886443, -0.008113811, -0.0082483785, -0.008571552, -0.00941447, -0.010298107, -0.011126149, -0.011514466, -0.012247405, -0.012936262, -0.013269088, -0.013918393, -0.014551599, -0.014862924, -0.015473562, -0.016063992, -0.01662924, -0.01690101, -0.017421557, -0.01791313, -0.018149247, -0.018605473, -0.019044558, -0.019468991, -0.019675605, -0.020075483, -0.020453436, -0.020632239, -0.020967666, -0.021273559, -0.021416359, -0.021685118, -0.021936594, -0.022175536, -0.022291146, -0.022514861, -0.022726327, -0.022825908, -0.023008669, -0.023165038, -0.0232928, -0.023346197, -0.023434637, -0.023501992, -0.023528857, -0.02357008, -0.023594733, -0.02360195, -0.023597952, -0.023572436, -0.023520933, -0.023485353, -0.02339628, -0.02328828, -0.023228986, -0.023102261, -0.022965115, -0.022815451, -0.022734761, -0.022558095, -0.0223558, -0.02224306, -0.021992045, -0.021707611, -0.02139483, -0.021230223, -0.020888934, -0.020534655, -0.020352831, -0.019978387, -0.019585866, -0.019381344, -0.01895151, -0.018490553, -0.017996632, -0.01773809, -0.01720202, -0.016647067, -0.01636452, -0.015791224, -0.015206764, -0.01460796, -0.014301267, -0.013669133, -0.013006513, -0.012661857, -0.011943818, -0.011187259, -0.010795232, -0.009988448, -0.009175424, -0.008445375, -0.008179332, -0.008090675, -0.008671244, 0, 0, 0, 0, 0, 0, 0, 0, 0, 0, 0, 0, 0, 0, 0, 0, 0, 0, 0, 0, 0, 0, 0, 0, 0, 0, 0
0, 0, 0, 0, 0, 0, 0, 0, 0, 0, 0, 0, 0, 0, 0, 0, 0, 0, 0, 0, 0, 0, 0, 0, 0, 0, 0, 0, -0.012717245, -0.009930468, -0.008848643, -0.008843132, -0.009344925, -0.010103544, -0.010895552, -0.011281909, -0.012027542, -0.012740456, -0.01308678, -0.013762544, -0.014418058, -0.014738291, -0.015360989, -0.015956538, -0.016520837, -0.016790852, -0.017307248, -0.017796623, -0.018032774, -0.018490747, -0.018932264, -0.019356752, -0.019561859, -0.019953642, -0.020315668, -0.020483907, -0.02079417, -0.021072691, -0.021202417, -0.021448314, -0.021682374, -0.021908825, -0.0220194, -0.022233646, -0.022434656, -0.022528011, -0.022695962, -0.022834694, -0.022943914, -0.02298869, -0.023062885, -0.023121329, -0.023145799, -0.023186399, -0.023214849, -0.023228776, -0.023228941, -0.023212323, -0.023169946, -0.023138896, -0.023059092, -0.022960927, -0.022906978, -0.022790875, -0.0226637, -0.022522552, -0.022445565, -0.022275731, -0.022080975, -0.0219729, -0.021734226, -0.021466987, -0.021176154, -0.021023802, -0.020707427, -0.020375647, -0.020203229, -0.019842496, -0.019457364, -0.019254223, -0.018824326, -0.018361352, -0.017866163, -0.01760748, -0.01707217, -0.016516816, -0.01623258, -0.015651114, -0.015050327, -0.014426771, -0.014105067, -0.01343902, -0.012738583, -0.012374193, -0.011614744, -0.0108141415, -0.010399908, -0.009558738, -0.0087674325, -0.008240666, -0.008217878, -0.009135157, -0.01166589, 0, 0, 0, 0, 0, 0, 0, 0, 0, 0, 0, 0, 0, 0, 0, 0, 0, 0, 0, 0, 0, 0, 0, 0, 0, 0, 0
0, 0, 0, 0, 0, 0, 0, 0, 0, 0, 0, 0, 0, 0, 0, 0, 0, 0, 0, 0, 0, 0, 0, 0, 0, 0, 0, 0, 0, -0.010195782, -0.008470815, -0.008293094, -0.008677738, -0.009459576, -0.010317869, -0.010741971, -0.011563306, -0.012346279, -0.012724175, -0.013455258, -0.0141552305, -0.014493175, -0.015144253, -0.015758248, -0.016333474, -0.01660658, -0.017127153, -0.017619463, -0.017856963, -0.018317066, -0.018759003, -0.01918129, -0.019383734, -0.019767663, -0.020118004, -0.020279244, -0.020573756, -0.020835266, -0.020956656, -0.021186626, -0.021405276, -0.021616006, -0.021718148, -0.02191387, -0.022093734, -0.022175863, -0.022320773, -0.022437701, -0.022528509, -0.022566373, -0.022631358, -0.022686863, -0.022711912, -0.022755971, -0.022789886, -0.022809647, -0.022812659, -0.022801694, -0.022765188, -0.022737263, -0.022664418, -0.022574281, -0.022524344, -0.022416221, -0.022296218, -0.022160543, -0.022085713, -0.021920295, -0.021731969, -0.021628851, -0.021404887, -0.021159839, -0.020897772, -0.020761324, -0.020477084, -0.020174358, -0.02001407, -0.019671828, -0.019297022, -0.019096589, -0.018668562, -0.018205315, -0.017710568, -0.017453004, -0.01692101, -0.0163689, -0.016084833, -0.015498195, -0.014882375, -0.014232217, -0.013893151, -0.013184513, -0.012432744, -0.012039339, -0.011215544, -0.010338541, -0.009879292, -0.008933802, -0.008044063, -0.007534431, -0.0076326793, -0.009095138, 0, 0, 0, 0, 0, 0, 0, 0, 0, 0, 0, 0, 0, 0, 0, 0, 0, 0, 0, 0, 0, 0, 0, 0, 0, 0, 0, 0
0, 0, 0, 0, 0, 0, 0, 0, 0, 0, 0, 0, 0, 0, 0, 0, 0, 0, 0, 0, 0, 0, 0, 0, 0, 0, 0, 0, 0, -0.009253345, -0.0074394667, -0.007263837, -0.007718685, -0.008612242, -0.009596457, -0.010081906, -0.011014616, -0.011888767, -0.012304679, -0.013098053, -0.0138455285, -0.014203134, -0.014886083, -0.015524361, -0.016116865, -0.016396474, -0.016926218, -0.01742293, -0.017661002, -0.018119393, -0.018555045, -0.01896737, -0.019163907, -0.019535631, -0.019874524, -0.020030702, -0.020315908, -0.020569505, -0.020686839, -0.020907665, -0.0211145, -0.021308618, -0.021400588, -0.0215724, -0.021725602, -0.021794302, -0.021914208, -0.022011524, -0.022090403, -0.02212505, -0.022188358, -0.0222459, -0.022272348, -0.022318317, -0.022351215, -0.022366986, -0.022367423, -0.02235138, -0.022311995, -0.022284154, -0.022214744, -0.022131931, -0.02208694, -0.021989772, -0.021880385, -0.021754563, -0.021684233, -0.021527719, -0.021349674, -0.021252973, -0.021045627, -0.020823173, -0.020588923, -0.020467428, -0.02021347, -0.01993786, -0.019789286, -0.019465882, -0.019104319, -0.018908586, -0.018487725, -0.018030457, -0.017542776, -0.01728951, -0.016767468, -0.016224584, -0.015943995, -0.015359456, -0.014736596, -0.01406888, -0.013716801, -0.012974019, -0.012178078, -0.01175958, -0.010880537, -0.009941262, -0.009447408, -0.008419714, -0.007427268, -0.006815739, -0.006885586, -0.00826787, 0, 0, 0, 0, 0, 0, 0, 0, 0, 0, 0, 0, 0, 0, 0, 0, 0, 0, 0, 0, 0, 0, 0, 0, 0, 0, 0, 0
0, 0, 0, 0, 0, 0, 0, 0, 0, 0, 0, 0, 0, 0, 0, 0, 0, 0, 0, 0, 0, 0, 0, 0, 0, 0, 0, 0, 0, 0, -0.006756638, -0.006646668, -0.0070261173, -0.007934651, -0.009016975, -0.009558993, -0.010591576, -0.011538436, -0.011981265, -0.012814432, -0.013589332, -0.013958168, -0.014660495, -0.01531565, -0.015922315, -0.016207773, -0.016745672, -0.017244793, -0.017481713, -0.017932527, -0.018354192, -0.018747939, -0.018934354, -0.019286351, -0.019608803, -0.019758534, -0.020035038, -0.02028339, -0.02039868, -0.020614378, -0.020811994, -0.02099106, -0.021073183, -0.021221763, -0.021349572, -0.021406263, -0.021506188, -0.021591399, -0.021666208, -0.021701243, -0.021767627, -0.02182781, -0.021854129, -0.021895468, -0.021917492, -0.02191809, -0.021910483, -0.021879885, -0.021831527, -0.021801947, -0.021735521, -0.021662971, -0.021625003, -0.021544112, -0.021452282, -0.021343485, -0.021281363, -0.021140592, -0.020978082, -0.020889314, -0.020698953, -0.020495137, -0.020281367, -0.020170314, -0.019936215, -0.019679042, -0.019538911, -0.019231182, -0.01888397, -0.018695282, -0.018288538, -0.017846357, -0.017374743, -0.017129978, -0.016624786, -0.016096912, -0.015822485, -0.015246347, -0.014626022, -0.013954401, -0.013597736, -0.01284012, -0.0120223835, -0.011590909, -0.010685657, -0.009729866, -0.009238826, -0.008266294, -0.00744238, -0.007084413, -0.0071643973, 0, 0, 0, 0, 0, 0, 0, 0, 0, 0, 0, 0, 0, 0, 0, 0, 0, 0, 0, 0, 0, 0, 0, 0, 0, 0, 0, 0, 0
0, 0, 0, 0, 0, 0, 0, 0, 0, 0, 0, 0, 0, 0, 0, 0, 0, 0, 0, 0, 0, 0, 0, 0, 0, 0, 0, 0, 0, 0, -0.007818422, -0.0070777135, -0.0068356856, -0.0076294043, -0.008763985, -0.009340003, -0.010421837, -0.011389605, -0.011835476, -0.012667326, -0.013437087, -0.013803078, -0.014502046, -0.015157207, -0.01576658, -0.016053924, -0.016594699, -0.017093679, -0.017328547, -0.017770547, -0.018176638, -0.018548958, -0.018723503, -0.019051135, -0.019352283, -0.019493477, -0.019757679, -0.01999934, -0.020112466, -0.02032384, -0.020514382, -0.02068147, -0.020755537, -0.020885391, -0.02099408, -0.021042049, -0.021129103, -0.021208432, -0.021283496, -0.021319846, -0.021388661, -0.021447625, -0.021471018, -0.021501584, -0.021507408, -0.021489656, -0.02147332, -0.021428907, -0.021374155, -0.021344876, -0.021285491, -0.0212269, -0.021197392, -0.021134738, -0.021061247, -0.02096996, -0.020916516, -0.020792734, -0.020646608, -0.020565746, -0.020390522, -0.020200169, -0.01999783, -0.019891841, -0.019666651, -0.01941803, -0.019282488, -0.018986007, -0.018653585, -0.018473705, -0.018087247, -0.017667808, -0.01721989, -0.016986398, -0.016501768, -0.01599087, -0.015723113, -0.015157691, -0.014545423, -0.0138804335, -0.013526539, -0.012773358, -0.011956135, -0.011523102, -0.010611424, -0.009657071, -0.009183283, -0.008356026, -0.0080766985, -0.009187413, -0.010363454, 0, 0, 0, 0, 0, 0, 0, 0, 0, 0, 0, 0, 0, 0, 0, 0, 0, 0, 0, 0, 0, 0, 0, 0, 0, 0, 0, 0, 0
0, 0, 0, 0, 0, 0, 0, 0, 0, 0, 0, 0, 0, 0, 0, 0, 0, 0, 0, 0, 0, 0, 0, 0, 0, 0, 0, 0, 0, 0, -0.008024409, -0.0074019255, -0.007034094, -0.0077777714, -0.008886534, -0.009444382, -0.010479796, -0.01139967, -0.011824272, -0.012619993, -0.013360683, -0.013714255, -0.014391748, -0.015030698, -0.015630124, -0.015914584, -0.016453404, -0.016952531, -0.017187383, -0.017626796, -0.018025061, -0.01838345, -0.018548882, -0.018856345, -0.019137949, -0.01927082, -0.01952231, -0.019756956, -0.019867893, -0.020075938, -0.020261755, -0.020420697, -0.020489443, -0.02060682, -0.02070257, -0.020744866, -0.020823257, -0.020898256, -0.020971844, -0.021007556, -0.021073878, -0.021126617, -0.021145364, -0.021164166, -0.021157423, -0.021128966, -0.02110883, -0.02106144, -0.021010652, -0.020985676, -0.020938512, -0.020893725, -0.020870853, -0.020819549, -0.020754416, -0.020670455, -0.020620573, -0.02050532, -0.02036946, -0.020294216, -0.02012994, -0.019949095, -0.019753203, -0.019649211, -0.019426597, -0.019180156, -0.019046541, -0.018757463, -0.018438138, -0.018267266, -0.017902682, -0.01750818, -0.017085465, -0.016863655, -0.01639879, -0.015902242, -0.015639849, -0.01508256, -0.014477866, -0.0138225695, -0.013475042, -0.012736434, -0.011933953, -0.011506257, -0.010594204, -0.00961743, -0.009125426, -0.008289941, -0.008299633, -0.01131921, -0.015360207, 0, 0, 0, 0, 0, 0, 0, 0, 0, 0, 0, 0, 0, 0, 0, 0, 0, 0, 0, 0, 0, 0, 0, 0, 0, 0, 0, 0, 0
0, 0, 0, 0, 0, 0, 0, 0, 0, 0, 0, 0, 0, 0, 0, 0, 0, 0, 0, 0, 0, 0, 0, 0, 0, 0, 0, 0, 0, 0, 0, -0.008696939, -0.008349387, -0.008588085, -0.009301268, -0.009723895, -0.010584214, -0.011413346, -0.011811419, -0.0125732925, -0.01329053, -0.013632924, -0.014287423, -0.014904984, -0.015488298, -0.015768081, -0.016303852, -0.016807307, -0.017046066, -0.017493546, -0.017897174, -0.0182551, -0.018418137, -0.018717805, -0.01899003, -0.019118585, -0.019364242, -0.019596886, -0.019707931, -0.01991697, -0.020102639, -0.020258699, -0.020325052, -0.020435642, -0.020523585, -0.020561934, -0.02063303, -0.020701846, -0.020769678, -0.020802425, -0.020861646, -0.020906249, -0.020920826, -0.02093262, -0.020922413, -0.020895593, -0.02087834, -0.02084048, -0.020802714, -0.020784559, -0.020749725, -0.02071249, -0.020691015, -0.02063701, -0.020564327, -0.020471016, -0.020417154, -0.020296656, -0.020160845, -0.020087508, -0.01992928, -0.019755289, -0.019564282, -0.019461371, -0.01923914, -0.018991875, -0.018858282, -0.018571636, -0.01825997, -0.018094892, -0.017746031, -0.017370516, -0.016966889, -0.016753742, -0.01630274, -0.01581455, -0.015554627, -0.015000348, -0.0143982135, -0.0137484055, -0.013405358, -0.012680048, -0.011896013, -0.011478051, -0.010580934, -0.009597275, -0.009082822, -0.008105114, -0.0075351913, -0.007811112, 0, 0, 0, 0, 0, 0, 0, 0, 0, 0, 0, 0, 0, 0, 0, 0, 0, 0, 0, 0, 0, 0, 0, 0, 0, 0, 0, 0, 0, 0
0, 0, 0, 0, 0, 0, 0, 0, 0, 0, 0, 0, 0, 0, 0, 0, 0, 0, 0, 0, 0, 0, 0, 0, 0, 0, 0, 0, 0, 0, 0, -0.014550036, -0.0117515, -0.009862367, -0.009607393, -0.009806419, -0.01047645, -0.011271372, -0.011673452, -0.012452262, -0.013179532, -0.013521889, -0.0141679365, -0.014771361, -0.015343012, -0.015619623, -0.016156465, -0.01666984, -0.016915513, -0.01737891, -0.017797332, -0.01816623, -0.018333267, -0.018638264, -0.018914433, -0.019045217, -0.01929708, -0.019537915, -0.019653711, -0.019871594, -0.020064162, -0.020224417, -0.020291522, -0.020401824, -0.02048702, -0.020523438, -0.0205898, -0.020653073, -0.02071507, -0.020744652, -0.020798055, -0.020837743, -0.02085066, -0.020861745, -0.020855365, -0.020837227, -0.020825887, -0.020801442, -0.020776445, -0.020763563, -0.02073405, -0.020694075, -0.020667808, -0.020599026, -0.020506555, -0.020392742, -0.020329421, -0.02019412, -0.02004972, -0.019974336, -0.019815959, -0.019644486, -0.019455083, -0.019352145, -0.019127013, -0.0188746, -0.018738104, -0.018445926, -0.018130885, -0.017965306, -0.017618468, -0.017247954, -0.016850218, -0.016639724, -0.01619238, -0.01570421, -0.015443145, -0.014884934, -0.014277802, -0.013623687, -0.013279213, -0.012554048, -0.011776083, -0.0113650225, -0.010496187, -0.009580495, -0.009128582, -0.008377048, -0.008217842, -0.008955374, 0, 0, 0, 0, 0, 0, 0, 0, 0, 0, 0, 0, 0, 0, 0, 0, 0, 0, 0, 0, 0, 0, 0, 0, 0, 0, 0, 0, 0, 0
0, 0, 0, 0, 0, 0, 0, 0, 0, 0, 0, 0, 0, 0, 0, 0, 0, 0, 0, 0, 0, 0, 0, 0, 0, 0, 0, 0, 0, 0, 0, -0.02387797, -0.015197717, -0.010188226, -0.009182956, -0.009313336, -0.010041608, -0.010954509, -0.011408862, -0.01226457, -0.01303365, -0.01338659, -0.0140402, -0.014642658, -0.0152141135, -0.015492563, -0.0160381, -0.016565729, -0.016819824, -0.017300319, -0.017734425, -0.01811733, -0.018290736, -0.018608537, -0.018898368, -0.019036923, -0.019305812, -0.019565355, -0.01969055, -0.019926377, -0.020134399, -0.02030686, -0.02037888, -0.020496912, -0.02058758, -0.02062618, -0.02069596, -0.020761747, -0.020825716, -0.0208563, -0.020911364, -0.020953065, -0.020967294, -0.020981813, -0.020980107, -0.020967811, -0.020959515, -0.020940647, -0.020918537, -0.020905359, -0.020871175, -0.02082044, -0.020786766, -0.020700242, -0.020587929, -0.020454248, -0.020381643, -0.020229284, -0.020071195, -0.019990258, -0.019823363, -0.01964498, -0.019448226, -0.019341037, -0.019105382, -0.01883948, -0.018695349, -0.018386941, -0.018055083, -0.01788152, -0.01751933, -0.017135996, -0.016727159, -0.016511692, -0.016053967, -0.015554914, -0.015287752, -0.014716225, -0.014094642, -0.013423613, -0.013069687, -0.01232356, -0.011522973, -0.01110139, -0.01022585, -0.009368827, -0.009007553, -0.008705388, -0.009658869, -0.012357516, 0, 0, 0, 0, 0, 0, 0, 0, 0, 0, 0, 0, 0, 0, 0, 0, 0, 0, 0, 0, 0, 0, 0, 0, 0, 0, 0, 0, 0, 0
0, 0, 0, 0, 0, 0, 0, 0, 0, 0, 0, 0, 0, 0, 0, 0, 0, 0, 0, 0, 0, 0, 0, 0, 0, 0, 0, 0, 0, 0, 0, 0, -0.011261422, -0.008492667, -0.008177477, -0.008513622, -0.009531739, -0.010625068, -0.011138941, -0.012070086, -0.01287543, -0.013238172, -0.0139044775, -0.01451788, -0.015103404, -0.015390363, -0.015954608, -0.016500935, -0.016763456, -0.017258244, -0.017704, -0.01809781, -0.018277263, -0.018609181, -0.018917345, -0.019066308, -0.019358313, -0.019642992, -0.019780802, -0.020041196, -0.020271849, -0.020464763, -0.020546181, -0.020681955, -0.020790027, -0.02083708, -0.020923784, -0.021005625, -0.021084698, -0.02112217, -0.021189664, -0.021241302, -0.021259423, -0.021279136, -0.021278711, -0.021264045, -0.021253178, -0.021226985, -0.021195164, -0.021176426, -0.02113012, -0.021066952, -0.021027375, -0.020929713, -0.02080689, -0.02066199, -0.0205831, -0.020416066, -0.020240843, -0.020150589, -0.019964047, -0.019765265, -0.01954773, -0.019429838, -0.019172277, -0.018883234, -0.018727012, -0.018392963, -0.018033547, -0.017845463, -0.017453963, -0.017041825, -0.016605977, -0.016377525, -0.015894754, -0.015370903, -0.015091323, -0.014494337, -0.01384564, -0.013144547, -0.012773933, -0.011989088, -0.011139814, -0.010689501, -0.009748221, -0.0088420715, -0.008489843, -0.008392982, -0.009909581, 0, 0, 0, 0, 0, 0, 0, 0, 0, 0, 0, 0, 0, 0, 0, 0, 0, 0, 0, 0, 0, 0, 0, 0, 0, 0, 0, 0, 0, 0, 0
0, 0, 0, 0, 0, 0, 0, 0, 0, 0, 0, 0, 0, 0, 0, 0, 0, 0, 0, 0, 0, 0, 0, 0, 0, 0, 0, 0, 0, 0, 0, 0, 0, -0.007941022, -0.008006624, -0.0083446605, -0.00934161, -0.01043198, -0.010946541, -0.011876614, -0.012681144, -0.0130457105, -0.013723311, -0.014358177, -0.014972211, -0.015274462, -0.01586796, -0.016438138, -0.01670998, -0.017218752, -0.017674731, -0.018079339, -0.018265495, -0.01861429, -0.01894365, -0.019104686, -0.019422648, -0.019734627, -0.01988629, -0.020174347, -0.020432403, -0.02065271, -0.020748038, -0.020912258, -0.021049798, -0.021111874, -0.021228306, -0.02133887, -0.021443771, -0.021493042, -0.02158122, -0.021648886, -0.021673061, -0.021700026, -0.021700019, -0.021678831, -0.021662366, -0.021622017, -0.021574017, -0.021547304, -0.021487372, -0.02141464, -0.021372002, -0.021270731, -0.021145275, -0.020995148, -0.020911397, -0.02072952, -0.020531865, -0.02042794, -0.02021078, -0.019979129, -0.01972861, -0.019594645, -0.01930617, -0.018987756, -0.018816832, -0.018452456, -0.018060356, -0.017855043, -0.017427143, -0.016977265, -0.016503895, -0.016256696, -0.015736561, -0.015175434, -0.014876923, -0.014241141, -0.013551542, -0.012807169, -0.012413875, -0.011582427, -0.010684658, -0.01020898, -0.009213794, -0.008249748, -0.007871656, -0.007761294, -0.009309674, 0, 0, 0, 0, 0, 0, 0, 0, 0, 0, 0, 0, 0, 0, 0, 0, 0, 0, 0, 0, 0, 0, 0, 0, 0, 0, 0, 0, 0, 0, 0
0, 0, 0, 0, 0, 0, 0, 0, 0, 0, 0, 0, 0, 0, 0, 0, 0, 0, 0, 0, 0, 0, 0, 0, 0, 0, 0, 0, 0, 0, 0, 0, 0, -0.011229151, -0.009303624, -0.009030414, -0.00940841, -0.010267193, -0.0107242195, -0.011591414, -0.012374369, -0.01273973, -0.013436332, -0.014106627, -0.014762305, -0.015084802, -0.015714563, -0.016313052, -0.016596045, -0.01712341, -0.017596226, -0.018020425, -0.018217927, -0.01859256, -0.018950809, -0.019126553, -0.019473642, -0.019813959, -0.019979646, -0.020296335, -0.020584965, -0.020838326, -0.020951333, -0.021152927, -0.021328898, -0.021410055, -0.021563163, -0.021706982, -0.021841012, -0.021903295, -0.022014141, -0.02210045, -0.022132324, -0.022170963, -0.022177039, -0.022155164, -0.022136148, -0.022086395, -0.022026168, -0.02199324, -0.02192216, -0.021841614, -0.02179623, -0.021690678, -0.021559969, -0.021400023, -0.021308824, -0.021105628, -0.020878347, -0.02075728, -0.02050226, -0.020231195, -0.0199427, -0.019790748, -0.019468816, -0.019119363, -0.018933428, -0.018538333, -0.018113587, -0.017890798, -0.01742604, -0.016937276, -0.016423363, -0.01615561, -0.015593587, -0.014988819, -0.014667828, -0.013985168, -0.013245503, -0.012447244, -0.012026548, -0.011143013, -0.010207595, -0.009725691, -0.0087686535, -0.007953814, -0.0076970872, -0.007730892, 0, 0, 0, 0, 0, 0, 0, 0, 0, 0, 0, 0, 0, 0, 0, 0, 0, 0, 0, 0, 0, 0, 0, 0, 0, 0, 0, 0, 0, 0, 0, 0
0, 0, 0, 0, 0, 0, 0, 0, 0, 0, 0, 0, 0, 0, 0, 0, 0, 0, 0, 0, 0, 0, 0, 0, 0, 0, 0, 0, 0, 0, 0, 0, 0, -0.0168547, -0.010374082, -0.009375299, -0.0091875065, -0.009862412, -0.010276897, -0.011107768, -0.01189713, -0.012276669, -0.013015306, -0.013735305, -0.014438193, -0.0147817945, -0.015446352, -0.016072327, -0.016367534, -0.016919449, -0.017420977, -0.017879335, -0.018095978, -0.01851068, -0.018908424, -0.019102493, -0.019483164, -0.019853551, -0.020033587, -0.02037994, -0.020701364, -0.020992352, -0.021125853, -0.021370573, -0.021589471, -0.021691091, -0.021880949, -0.02205504, -0.022213869, -0.02228694, -0.022417236, -0.022521658, -0.022562394, -0.022618705, -0.02264061, -0.02263106, -0.022616211, -0.022570712, -0.022509012, -0.022473693, -0.022394918, -0.022304336, -0.022252867, -0.02213324, -0.021985112, -0.021803077, -0.021698792, -0.02146539, -0.021203145, -0.021063196, -0.020769637, -0.020460581, -0.020136418, -0.019967636, -0.019614013, -0.019234063, -0.019032838, -0.018606607, -0.018148867, -0.017908882, -0.01740855, -0.016883438, -0.016332494, -0.016046062, -0.015446202, -0.014802757, -0.014461935, -0.013737188, -0.012950893, -0.012099998, -0.011650282, -0.0107058855, -0.009720637, -0.009230582, -0.008352052, -0.007901392, -0.008026918, -0.009462601, 0, 0, 0, 0, 0, 0, 0, 0, 0, 0, 0, 0, 0, 0, 0, 0, 0, 0, 0, 0, 0, 0, 0, 0, 0, 0, 0, 0, 0, 0, 0, 0
0, 0, 0, 0, 0, 0, 0, 0, 0, 0, 0, 0, 0, 0, 0, 0, 0, 0, 0, 0, 0, 0, 0, 0, 0, 0, 0, 0, 0, 0, 0, 0, 0, 0, -0.008833342, -0.008479197, -0.00851311, -0.009160737, -0.009571724, -0.010431053, -0.011278965, -0.011692171, -0.012496163, -0.013270287, -0.014012051, -0.014369664, -0.015055508, -0.015699906, -0.016005673, -0.01658481, -0.01712361, -0.01762822, -0.0178697, -0.018334405, -0.01877802, -0.018992677, -0.019409418, -0.01981067, -0.020005472, -0.020382488, -0.020739079, -0.021071045, -0.021226928, -0.021517636, -0.021780644, -0.021902058, -0.022125613, -0.02232525, -0.022503357, -0.022584569, -0.022730414, -0.022851573, -0.022901785, -0.022979423, -0.023025084, -0.023038967, -0.023034537, -0.023005305, -0.022951923, -0.02291726, -0.02283315, -0.022728352, -0.022667043, -0.022523237, -0.022346007, -0.022132099, -0.02201137, -0.02174432, -0.021448197, -0.021291472, -0.020964744, -0.02062364, -0.020268569, -0.020084457, -0.019699244, -0.019286232, -0.019067721, -0.018605264, -0.0181098, -0.017850861, -0.017313443, -0.01675307, -0.016169675, -0.015867969, -0.015239684, -0.014570445, -0.014217691, -0.013469995, -0.012659803, -0.011779181, -0.01131031, -0.010314348, -0.009260903, -0.008737899, -0.007845212, -0.0075980644, -0.007971576, -0.009927062, 0, 0, 0, 0, 0, 0, 0, 0, 0, 0, 0, 0, 0, 0, 0, 0, 0, 0, 0, 0, 0, 0, 0, 0, 0, 0, 0, 0, 0, 0, 0, 0
0, 0, 0, 0, 0, 0, 0, 0, 0, 0, 0, 0, 0, 0, 0, 0, 0, 0, 0, 0, 0, 0, 0, 0, 0, 0, 0, 0, 0, 0, 0, 0, 0, 0, -0.009474301, -0.00850257, -0.007886762, -0.008345347, -0.008752098, -0.009680892, -0.010625143, -0.011082019, -0.011953097, -0.012764861, -0.013520661, -0.0138797965, -0.014565379, -0.015213356, -0.015525327, -0.01612787, -0.016704494, -0.017256262, -0.017522639, -0.018035535, -0.018521395, -0.018754635, -0.019204, -0.019634543, -0.019844132, -0.02025258, -0.020645903, -0.021020064, -0.021198448, -0.021534821, -0.021840023, -0.021980131, -0.022235088, -0.022458868, -0.022655265, -0.022744572, -0.022906054, -0.02304423, -0.023104042, -0.023203269, -0.023273522, -0.023312531, -0.023319723, -0.023309592, -0.023267236, -0.023234332, -0.023145737, -0.023026628, -0.022954961, -0.022785531, -0.02257942, -0.022336299, -0.022201365, -0.02190735, -0.021585986, -0.02141676, -0.021065053, -0.020697536, -0.02031302, -0.020112675, -0.01969137, -0.019237582, -0.018997189, -0.0184893, -0.017948294, -0.017667277, -0.017088156, -0.016490819, -0.01587611, -0.015561158, -0.014911413, -0.014228426, -0.013871633, -0.013123328, -0.012320947, -0.011453442, -0.010990494, -0.009999146, -0.008931423, -0.00839369, -0.0074697384, -0.007242952, -0.007677038, 0, 0, 0, 0, 0, 0, 0, 0, 0, 0, 0, 0, 0, 0, 0, 0, 0, 0, 0, 0, 0, 0, 0, 0, 0, 0, 0, 0, 0, 0, 0, 0, 0
0, 0, 0, 0, 0, 0, 0, 0, 0, 0, 0, 0, 0, 0, 0, 0, 0, 0, 0, 0, 0, 0, 0, 0, 0, 0, 0, 0, 0, 0, 0, 0, 0, 0, 0, -0.00783541, -0.006703859, -0.007008483, -0.0074481433, -0.008502976, -0.00954929, -0.01003329, -0.010911044, -0.011684723, -0.01238428, -0.01271601, -0.013360384, -0.013995185, -0.014312374, -0.014946562, -0.015575207, -0.016187258, -0.016483486, -0.01705137, -0.017585997, -0.01784217, -0.01833822, -0.018820088, -0.019057907, -0.019528273, -0.019989118, -0.02043398, -0.020647954, -0.021052849, -0.021421649, -0.021591248, -0.021901228, -0.022175794, -0.022420602, -0.022533046, -0.022738663, -0.022917256, -0.022995664, -0.023129186, -0.023229085, -0.023292746, -0.023310378, -0.023316065, -0.023282893, -0.023252005, -0.023161916, -0.023034047, -0.022955636, -0.022770055, -0.022546625, -0.022287564, -0.022145206, -0.021835933, -0.021494754, -0.02131266, -0.02092479, -0.020505061, -0.020050278, -0.019808838, -0.01929598, -0.018743478, -0.01845375, -0.017850207, -0.017220821, -0.016898254, -0.016241007, -0.015569936, -0.014886306, -0.014539049, -0.013831697, -0.013105123, -0.012734557, -0.011980113, -0.011210413, -0.010428367, -0.010033444, -0.009248504, -0.008542759, -0.008291749, -0.008318861, -0.0096886465, -0.010815352, 0, 0, 0, 0, 0, 0, 0, 0, 0, 0, 0, 0, 0, 0, 0, 0, 0, 0, 0, 0, 0, 0, 0, 0, 0, 0, 0, 0, 0, 0, 0, 0, 0
0, 0, 0, 0, 0, 0, 0, 0, 0, 0, 0, 0, 0, 0, 0, 0, 0, 0, 0, 0, 0, 0, 0, 0, 0, 0, 0, 0, 0, 0, 0, 0, 0, 0, 0, 0, -0.0069386833, -0.0070360363, -0.0073339934, -0.008175341, -0.009084349, -0.009516063, -0.010311713, -0.011027821, -0.011693108, -0.01201602, -0.012656418, -0.013300764, -0.013625697, -0.014277597, -0.014923518, -0.015550254, -0.015853025, -0.016433476, -0.01698272, -0.017247813, -0.017765636, -0.018273327, -0.018524645, -0.01902149, -0.019505788, -0.019969458, -0.020191113, -0.020609407, -0.02099079, -0.021167362, -0.021493793, -0.02178878, -0.022056771, -0.022181008, -0.022408577, -0.022604749, -0.022689922, -0.02283252, -0.022936411, -0.02300048, -0.023017569, -0.02302262, -0.02299053, -0.022961147, -0.02287565, -0.022753412, -0.02267802, -0.022498239, -0.022280611, -0.02202659, -0.021886183, -0.021578336, -0.021232871, -0.021045566, -0.020640586, -0.020194113, -0.019704616, -0.019443933, -0.018891811, -0.018303925, -0.017998878, -0.017370762, -0.01672277, -0.01639188, -0.015716339, -0.015020787, -0.0143035045, -0.013935727, -0.013182031, -0.012404196, -0.012007875, -0.011204499, -0.010395859, -0.009596182, -0.009207428, -0.008489691, -0.0079895025, -0.007928279, -0.008576598, -0.010553898, 0, 0, 0, 0, 0, 0, 0, 0, 0, 0, 0, 0, 0, 0, 0, 0, 0, 0, 0, 0, 0, 0, 0, 0, 0, 0, 0, 0, 0, 0, 0, 0, 0, 0
0, 0, 0, 0, 0, 0, 0, 0, 0, 0, 0, 0, 0, 0, 0, 0, 0, 0, 0, 0, 0, 0, 0, 0, 0, 0, 0, 0, 0, 0, 0, 0, 0, 0, 0, 0, -0.008777423, -0.0075515825, -0.007452223, -0.007823283, -0.008500259, -0.008863737, -0.009578135, -0.010262251, -0.010927176, -0.011257738, -0.011922384, -0.012595573, -0.012934164, -0.013609652, -0.014273439, -0.014913805, -0.015222919, -0.01581816, -0.016386345, -0.01666291, -0.017205825, -0.01773921, -0.018002363, -0.018518515, -0.01901471, -0.01948321, -0.019705353, -0.020122401, -0.020503256, -0.020680882, -0.021013184, -0.021318441, -0.021598957, -0.021729544, -0.021967908, -0.022171425, -0.02225881, -0.022403251, -0.02250665, -0.022569444, -0.022586118, -0.022592021, -0.022562873, -0.022535693, -0.02245449, -0.022336034, -0.022261947, -0.022083826, -0.021867266, -0.021614136, -0.021473974, -0.021165045, -0.020814974, -0.02062346, -0.020206148, -0.019741949, -0.019231545, -0.018960115, -0.018389668, -0.017789802, -0.017481739, -0.01685361, -0.016209938, -0.015881455, -0.015206121, -0.014500109, -0.013757302, -0.013370883, -0.012568149, -0.011728294, -0.011296596, -0.0104161315, -0.009524059, -0.008642743, -0.008221017, -0.0074886526, -0.0071321446, -0.0072450074, -0.0084527405, 0, 0, 0, 0, 0, 0, 0, 0, 0, 0, 0, 0, 0, 0, 0, 0, 0, 0, 0, 0, 0, 0, 0, 0, 0, 0, 0, 0, 0, 0, 0, 0, 0, 0, 0
0, 0, 0, 0, 0, 0, 0, 0, 0, 0, 0, 0, 0, 0, 0, 0, 0, 0, 0, 0, 0, 0, 0, 0, 0, 0, 0, 0, 0, 0, 0, 0, 0, 0, 0, 0, -0.009483131, -0.0077064685, -0.0072852666, -0.007234247, -0.007725436, -0.008050467, -0.008749159, -0.009460679, -0.010170026, -0.01052472, -0.011235769, -0.011947757, -0.012302167, -0.013002715, -0.013684965, -0.014341747, -0.014659623, -0.015275105, -0.015867494, -0.016156789, -0.01672447, -0.017277809, -0.017548045, -0.018071733, -0.018567111, -0.019028807, -0.019246293, -0.019654151, -0.020027919, -0.020203074, -0.020532593, -0.020836644, -0.021114893, -0.021243421, -0.021475704, -0.021671573, -0.021755079, -0.021892812, -0.021991987, -0.022053938, -0.022071395, -0.022080224, -0.022054017, -0.022027463, -0.021945432, -0.021821892, -0.021744024, -0.021557793, -0.02133387, -0.021075787, -0.020934174, -0.020624146, -0.02027453, -0.020083278, -0.019666297, -0.019202208, -0.018692454, -0.01842198, -0.017856399, -0.017266667, -0.016965695, -0.01635476, -0.015729569, -0.015409256, -0.014745839, -0.014042297, -0.01328893, -0.012891695, -0.012055349, -0.011166684, -0.010704799, -0.009751319, -0.008767212, -0.007777957, -0.0073023555, -0.0065005105, -0.0062386803, -0.0065154005, -0.008127457, 0, 0, 0, 0, 0, 0, 0, 0, 0, 0, 0, 0, 0, 0, 0, 0, 0, 0, 0, 0, 0, 0, 0, 0, 0, 0, 0, 0, 0, 0, 0, 0, 0, 0, 0
0, 0, 0, 0, 0, 0, 0, 0, 0, 0, 0, 0, 0, 0, 0, 0, 0, 0, 0, 0, 0, 0, 0, 0, 0, 0, 0, 0, 0, 0, 0, 0, 0, 0, 0, 0, 0, -0.0075944047, -0.006915546, -0.0064949905, -0.0068710763, -0.0071998537, -0.007960808, -0.008755081, -0.0095395595, -0.0099255005, -0.010686401, -0.011433193, -0.01180058, -0.012521143, -0.013219979, -0.013894527, -0.01422234, -0.014860105, -0.015475385, -0.015774954, -0.016358377, -0.016917774, -0.017187255, -0.017702794, -0.018184708, -0.018632287, -0.018843584, -0.0192422, -0.019610336, -0.019783251, -0.020107241, -0.020400792, -0.020662611, -0.020780576, -0.020989114, -0.021161769, -0.02123509, -0.021357143, -0.021447865, -0.021507386, -0.021524968, -0.021534277, -0.021506147, -0.021476716, -0.021384759, -0.02124699, -0.021161487, -0.020960689, -0.020726668, -0.020464966, -0.020324107, -0.020020198, -0.019682094, -0.019498205, -0.019098025, -0.018652167, -0.018161565, -0.017901191, -0.017356293, -0.016788054, -0.016498089, -0.015908528, -0.015303352, -0.014992161, -0.014344633, -0.0136534665, -0.01290797, -0.012512589, -0.011674649, -0.010775201, -0.010303393, -0.009317935, -0.0082822, -0.007224717, -0.0067146607, -0.0058663688, -0.0056348476, -0.0059781154, 0, 0, 0, 0, 0, 0, 0, 0, 0, 0, 0, 0, 0, 0, 0, 0, 0, 0, 0, 0, 0, 0, 0, 0, 0, 0, 0, 0, 0, 0, 0, 0, 0, 0, 0, 0
0, 0, 0, 0, 0, 0, 0, 0, 0, 0, 0, 0, 0, 0, 0, 0, 0, 0, 0, 0, 0, 0, 0, 0, 0, 0, 0, 0, 0, 0, 0, 0, 0, 0, 0, 0, 0, -0.0074342676, -0.006624424, -0.0058529424, -0.006154781, -0.0065130694, -0.0073736915, -0.008265432, -0.009122705, -0.009535599, -0.01033436, -0.011103865, -0.011479163, -0.012213201, -0.012925614, -0.013616644, -0.01395388, -0.014610386, -0.015240395, -0.015544369, -0.016127601, -0.016674813, -0.016934425, -0.01742588, -0.017884003, -0.018313857, -0.018519519, -0.018912861, -0.019280042, -0.019452328, -0.019770255, -0.020047864, -0.020282175, -0.020383151, -0.020554988, -0.020692706, -0.02075096, -0.020849794, -0.02092667, -0.020978749, -0.020993702, -0.020996574, -0.02095782, -0.020920875, -0.020810809, -0.020653777, -0.020559853, -0.02034718, -0.020109672, -0.019853579, -0.01971863, -0.019431401, -0.01911514, -0.018943476, -0.018568974, -0.01814927, -0.017684475, -0.017436715, -0.016916035, -0.016370242, -0.016090564, -0.01551956, -0.014930501, -0.014627052, -0.013996243, -0.0133250225, -0.012604806, -0.012224072, -0.011419132, -0.010554892, -0.010100389, -0.009144331, -0.0081301015, -0.0071036615, -0.0066288556, -0.0059297625, -0.0058338377, -0.0059829173, 0, 0, 0, 0, 0, 0, 0, 0, 0, 0, 0, 0, 0, 0, 0, 0, 0, 0, 0, 0, 0, 0, 0, 0, 0, 0, 0, 0, 0, 0, 0, 0, 0, 0, 0, 0
0, 0, 0, 0, 0, 0, 0, 0, 0, 0, 0, 0, 0, 0, 0, 0, 0, 0, 0, 0, 0, 0, 0, 0, 0, 0, 0, 0, 0, 0, 0, 0, 0, 0, 0, 0, 0, 0, -0.0064069596, -0.005542699, -0.0058101476, -0.0061825444, -0.007093671, -0.008037347, -0.00893562, -0.009364225, -0.010186063, -0.010970551, -0.011351692, -0.012096305, -0.012821083, -0.01352685, -0.013871858, -0.014541227, -0.015176322, -0.015478182, -0.016046876, -0.016567057, -0.016809857, -0.017266722, -0.017694823, -0.01810474, -0.018304823, -0.018693596, -0.019059962, -0.019230794, -0.01953881, -0.019794257, -0.019994052, -0.020074567, -0.020203399, -0.020301355, -0.020342618, -0.020414837, -0.020473558, -0.020512642, -0.02052126, -0.020509288, -0.020451041, -0.020402959, -0.020270018, -0.020094117, -0.019993758, -0.019776553, -0.019545747, -0.019305201, -0.019180255, -0.01891534, -0.018621413, -0.018460505, -0.018106066, -0.01770519, -0.01725908, -0.017020784, -0.016520005, -0.015994703, -0.015724897, -0.015172053, -0.014599262, -0.014303508, -0.013690171, -0.01304232, -0.012355164, -0.011995539, -0.011242776, -0.010444034, -0.010026627, -0.009153629, -0.0082389, -0.007358468, -0.0070019052, -0.006754304, -0.0076266546, -0.008432756, 0, 0, 0, 0, 0, 0, 0, 0, 0, 0, 0, 0, 0, 0, 0, 0, 0, 0, 0, 0, 0, 0, 0, 0, 0, 0, 0, 0, 0, 0, 0, 0, 0, 0, 0, 0
0, 0, 0, 0, 0, 0, 0, 0, 0, 0, 0, 0, 0, 0, 0, 0, 0, 0, 0, 0, 0, 0, 0, 0, 0, 0, 0, 0, 0, 0, 0, 0, 0, 0, 0, 0, 0, 0, 0, -0.0059786434, -0.0060623107, -0.00632742, -0.0071098316, -0.00801488, -0.008918677, -0.009357147, -0.010201564, -0.011005553, -0.011394883, -0.012152837, -0.01289009, -0.01360846, -0.01395919, -0.014636622, -0.015270513, -0.015567103, -0.016114956, -0.016603507, -0.016828073, -0.017248532, -0.017645517, -0.018033344, -0.018225497, -0.018603262, -0.018959515, -0.019123562, -0.01941175, -0.019636687, -0.019797133, -0.0198562, -0.019942606, -0.02000303, -0.020028716, -0.02007624, -0.020116448, -0.020139348, -0.02013923, -0.020106962, -0.020024253, -0.0199632, -0.019806074, -0.019613486, -0.019508906, -0.019292574, -0.019073993, -0.018852022, -0.018736793, -0.018489031, -0.018206777, -0.018049147, -0.017697865, -0.017298672, -0.016857743, -0.016624818, -0.016139984, -0.015636781, -0.015379093, -0.01485048, -0.014298985, -0.014012731, -0.013416679, -0.012787429, -0.012124192, -0.011780133, -0.011068118, -0.01032742, -0.009947764, -0.009179501, -0.008439083, -0.0078596035, -0.0077158078, -0.007956762, -0.008793421, 0, 0, 0, 0, 0, 0, 0, 0, 0, 0, 0, 0, 0, 0, 0, 0, 0, 0, 0, 0, 0, 0, 0, 0, 0, 0, 0, 0, 0, 0, 0, 0, 0, 0, 0, 0, 0
0, 0, 0, 0, 0, 0, 0, 0, 0, 0, 0, 0, 0, 0, 0, 0, 0, 0, 0, 0, 0, 0, 0, 0, 0, 0, 0, 0, 0, 0, 0, 0, 0, 0, 0, 0, 0, 0, 0, -0.007870135, -0.00684457, -0.006791013, -0.0072453218, -0.008057011, -0.008970986, -0.0094294995, -0.010318485, -0.01115774, -0.011559155, -0.012333555, -0.013080343, -0.013805988, -0.014159434, -0.014839919, -0.015470215, -0.015761528, -0.016291419, -0.016753824, -0.016963642, -0.017354053, -0.017722907, -0.018086553, -0.018267706, -0.018623726, -0.018956063, -0.019106317, -0.01936202, -0.019548668, -0.019667981, -0.019706722, -0.019756105, -0.01978642, -0.019800058, -0.01982831, -0.019853149, -0.019860718, -0.019852012, -0.019798923, -0.019691853, -0.019618323, -0.019438567, -0.019231068, -0.019123083, -0.018908117, -0.018699335, -0.018489841, -0.018379996, -0.018138025, -0.01785246, -0.017690012, -0.017325323, -0.016914012, -0.016469462, -0.016239442, -0.01577098, -0.015294918, -0.015053152, -0.014555802, -0.014030262, -0.013753442, -0.013168747, -0.012542261, -0.011876989, -0.011531476, -0.0108192945, -0.010087397, -0.009720453, -0.0090195285, -0.008493567, -0.008504246, -0.008899317, -0.01058547, 0, 0, 0, 0, 0, 0, 0, 0, 0, 0, 0, 0, 0, 0, 0, 0, 0, 0, 0, 0, 0, 0, 0, 0, 0, 0, 0, 0, 0, 0, 0, 0, 0, 0, 0, 0, 0, 0
0, 0, 0, 0, 0, 0, 0, 0, 0, 0, 0, 0, 0, 0, 0, 0, 0, 0, 0, 0, 0, 0, 0, 0, 0, 0, 0, 0, 0, 0, 0, 0, 0, 0, 0, 0, 0, 0, 0, -0.008873893, -0.0074399873, -0.007129, -0.007287489, -0.008042625, -0.009015395, -0.009516027, -0.010480115, -0.0113667175, -0.011781107, -0.012566185, -0.013312196, -0.0140334135, -0.014384636, -0.015060176, -0.015684173, -0.015971052, -0.01648887, -0.016935267, -0.017135922, -0.017506031, -0.017852537, -0.018191647, -0.018359402, -0.01868644, -0.01898613, -0.019118717, -0.019337164, -0.019485727, -0.019568639, -0.019590685, -0.019611143, -0.019619375, -0.01962419, -0.01963793, -0.019650815, -0.019645497, -0.019629452, -0.019559333, -0.019433083, -0.019349908, -0.01915266, -0.018933153, -0.018821826, -0.018605012, -0.018398916, -0.018192763, -0.018083569, -0.01783815, -0.017542133, -0.01737217, -0.016990596, -0.016565941, -0.016118161, -0.015891906, -0.015441816, -0.014995414, -0.014770277, -0.014304804, -0.013801971, -0.013531123, -0.012945551, -0.012300314, -0.011601082, -0.011233903, -0.010471661, -0.009685162, -0.009293001, -0.008568729, -0.008147413, -0.00873703, -0.009902316, -0.015830232, 0, 0, 0, 0, 0, 0, 0, 0, 0, 0, 0, 0, 0, 0, 0, 0, 0, 0, 0, 0, 0, 0, 0, 0, 0, 0, 0, 0, 0, 0, 0, 0, 0, 0, 0, 0, 0, 0
0, 0, 0, 0, 0, 0, 0, 0, 0, 0, 0, 0, 0, 0, 0, 0, 0, 0, 0, 0, 0, 0, 0, 0, 0, 0, 0, 0, 0, 0, 0, 0, 0, 0, 0, 0, 0, 0, 0, 0, -0.007969487, -0.0074367328, -0.0072927326, -0.008001994, -0.009057797, -0.009608216, -0.010648243, -0.011568696, -0.011987126, -0.012763981, -0.013491593, -0.014192895, -0.014535207, -0.015195505, -0.015808064, -0.016090456, -0.016600369, -0.017038912, -0.017235136, -0.017593583, -0.017924534, -0.018242555, -0.018398171, -0.018697452, -0.018967364, -0.019085046, -0.01927461, -0.019396774, -0.01945682, -0.019468823, -0.019471416, -0.019464228, -0.019461941, -0.019462815, -0.019463679, -0.019446854, -0.019425098, -0.019343987, -0.019207174, -0.019119063, -0.01891336, -0.01868711, -0.018573163, -0.018352183, -0.018142918, -0.017933803, -0.017822877, -0.017573455, -0.017272087, -0.017099224, -0.016712552, -0.016286021, -0.015842566, -0.0156214945, -0.015188292, -0.014764598, -0.014551597, -0.014107519, -0.013616648, -0.013346141, -0.012747588, -0.012069474, -0.011318059, -0.010918316, -0.010079683, -0.009209136, -0.00877772, -0.008002621, -0.007584319, -0.008044656, -0.0088205775, 0, 0, 0, 0, 0, 0, 0, 0, 0, 0, 0, 0, 0, 0, 0, 0, 0, 0, 0, 0, 0, 0, 0, 0, 0, 0, 0, 0, 0, 0, 0, 0, 0, 0, 0, 0, 0, 0, 0
0, 0, 0, 0, 0, 0, 0, 0, 0, 0, 0, 0, 0, 0, 0, 0, 0, 0, 0, 0, 0, 0, 0, 0, 0, 0, 0, 0, 0, 0, 0, 0, 0, 0, 0, 0, 0, 0, 0, 0, -0.0086644795, -0.008046372, -0.0075570517, -0.008126458, -0.00917892, -0.009737798, -0.01078107, -0.011681783, -0.0120851025, -0.012828143, -0.013522398, -0.014194106, -0.014523363, -0.015162315, -0.01576008, -0.016037334, -0.01654187, -0.01697834, -0.017173633, -0.017528526, -0.017851284, -0.018155618, -0.018302785, -0.018583413, -0.018835602, -0.018945647, -0.01912367, -0.01923939, -0.019296087, -0.019306747, -0.019305253, -0.019290484, -0.019283045, -0.019271111, -0.019258412, -0.019230342, -0.019204412, -0.019118732, -0.018981742, -0.018894525, -0.01869121, -0.018465886, -0.018351203, -0.01812683, -0.017911669, -0.017697185, -0.017584655, -0.017335892, -0.01704037, -0.016872283, -0.016497357, -0.01608307, -0.015650945, -0.015434696, -0.01500972, -0.014592864, -0.014382454, -0.013942004, -0.013450113, -0.013176593, -0.012563731, -0.01185844, -0.011065403, -0.010639781, -0.00974071, -0.008811519, -0.008365133, -0.0076644756, -0.0076519595, -0.008797753, -0.009329345, 0, 0, 0, 0, 0, 0, 0, 0, 0, 0, 0, 0, 0, 0, 0, 0, 0, 0, 0, 0, 0, 0, 0, 0, 0, 0, 0, 0, 0, 0, 0, 0, 0, 0, 0, 0, 0, 0, 0
0, 0, 0, 0, 0, 0, 0, 0, 0, 0, 0, 0, 0, 0, 0, 0, 0, 0, 0, 0, 0, 0, 0, 0, 0, 0, 0, 0, 0, 0, 0, 0, 0, 0, 0, 0, 0, 0, 0, 0, 0, -0.009107678, -0.008609878, -0.008729378, -0.009446397, -0.009890758, -0.010778537, -0.0115863085, -0.0119577665, -0.012655391, -0.01331985, -0.013969378, -0.014289171, -0.014912576, -0.015500296, -0.015775058, -0.016279586, -0.016720517, -0.016918926, -0.017278869, -0.017602457, -0.017902255, -0.018045465, -0.0183179, -0.018564062, -0.01867332, -0.018856099, -0.018984064, -0.019056946, -0.01907538, -0.01908569, -0.01907484, -0.019065712, -0.019045642, -0.019021926, -0.018985223, -0.01895734, -0.018873988, -0.018746404, -0.018665709, -0.018475562, -0.018259374, -0.018146753, -0.01792075, -0.017698532, -0.017476676, -0.017362045, -0.0171152, -0.016830996, -0.016671449, -0.016316481, -0.015920619, -0.01549918, -0.015284574, -0.014854805, -0.014425337, -0.014207598, -0.013753203, -0.013251746, -0.012975167, -0.012359272, -0.011651688, -0.010853661, -0.010424153, -0.009518827, -0.008600977, -0.008179714, -0.007637263, -0.008287285, -0.012417459, -0.014321367, 0, 0, 0, 0, 0, 0, 0, 0, 0, 0, 0, 0, 0, 0, 0, 0, 0, 0, 0, 0, 0, 0, 0, 0, 0, 0, 0, 0, 0, 0, 0, 0, 0, 0, 0, 0, 0, 0, 0
0, 0, 0, 0, 0, 0, 0, 0, 0, 0, 0, 0, 0, 0, 0, 0, 0, 0, 0, 0, 0, 0, 0, 0, 0, 0, 0, 0, 0, 0, 0, 0, 0, 0, 0, 0, 0, 0, 0, 0, 0, 0, -0.011595272, -0.010050965, -0.00971244, -0.009868244, -0.010450637, -0.011140029, -0.011486134, -0.012166236, -0.01283222, -0.013487373, -0.013809467, -0.014436213, -0.015027834, -0.015305985, -0.015820473, -0.016276257, -0.0164825, -0.016857542, -0.01719131, -0.017494988, -0.017637968, -0.017908154, -0.01815428, -0.018265976, -0.018461173, -0.018611738, -0.018713998, -0.018747857, -0.018785767, -0.018794056, -0.018790536, -0.018774606, -0.018749315, -0.018711926, -0.018685915, -0.018612323, -0.018502655, -0.01843287, -0.018264214, -0.01806428, -0.017956031, -0.01773077, -0.01750007, -0.017266123, -0.017146124, -0.016893735, -0.0166137, -0.01645953, -0.016118936, -0.015735695, -0.015317824, -0.015099781, -0.0146528715, -0.014196258, -0.013963522, -0.013482528, -0.012965855, -0.01268769, -0.0120806955, -0.011396483, -0.01063254, -0.010224564, -0.009382869, -0.008602708, -0.0083011715, -0.008067627, -0.008456965, 0, 0, 0, 0, 0, 0, 0, 0, 0, 0, 0, 0, 0, 0, 0, 0, 0, 0, 0, 0, 0, 0, 0, 0, 0, 0, 0, 0, 0, 0, 0, 0, 0, 0, 0, 0, 0, 0, 0, 0, 0
0, 0, 0, 0, 0, 0, 0, 0, 0, 0, 0, 0, 0, 0, 0, 0, 0, 0, 0, 0, 0, 0, 0, 0, 0, 0, 0, 0, 0, 0, 0, 0, 0, 0, 0, 0, 0, 0, 0, 0, 0, 0, -0.017486112, -0.011245486, -0.00943029, -0.009288665, -0.009627165, -0.010275911, -0.010632246, -0.011354765, -0.012068674, -0.012763942, -0.01310199, -0.01375312, -0.014363532, -0.01465077, -0.015185579, -0.015664792, -0.015883537, -0.01628258, -0.016634785, -0.01694898, -0.017094208, -0.017365115, -0.01761214, -0.017726516, -0.017934809, -0.01811083, -0.018248921, -0.018302947, -0.018381968, -0.018426199, -0.01843737, -0.018443193, -0.01843209, -0.018405514, -0.018385815, -0.018328864, -0.018242475, -0.018185852, -0.018044012, -0.017865399, -0.017764073, -0.01754247, -0.017302822, -0.017051404, -0.016921815, -0.01665206, -0.01636161, -0.016205423, -0.01586527, -0.015483214, -0.015060424, -0.014835611, -0.014365064, -0.013874405, -0.013622882, -0.013106862, -0.012565938, -0.012282395, -0.011680292, -0.011021795, -0.010304178, -0.009928687, -0.009193199, -0.0086771045, -0.008653211, -0.009553778, -0.011610988, 0, 0, 0, 0, 0, 0, 0, 0, 0, 0, 0, 0, 0, 0, 0, 0, 0, 0, 0, 0, 0, 0, 0, 0, 0, 0, 0, 0, 0, 0, 0, 0, 0, 0, 0, 0, 0, 0, 0, 0, 0
0, 0, 0, 0, 0, 0, 0, 0, 0, 0, 0, 0, 0, 0, 0, 0, 0, 0, 0, 0, 0, 0, 0, 0, 0, 0, 0, 0, 0, 0, 0, 0, 0, 0, 0, 0, 0, 0, 0, 0, 0, 0, 0, -0.009938963, -0.008292597, -0.00810654, -0.008414549, -0.009114697, -0.009511892, -0.01032198, -0.011114274, -0.01186809, -0.012227774, -0.012910099, -0.013541843, -0.013838514, -0.014393498, -0.014897122, -0.015129593, -0.01555584, -0.015931878, -0.016262803, -0.016413229, -0.016690195, -0.01694115, -0.017059075, -0.017280892, -0.017482646, -0.017659683, -0.017737113, -0.017866781, -0.017961128, -0.017995056, -0.018039213, -0.018056396, -0.018051356, -0.018041117, -0.018004308, -0.01794179, -0.017898928, -0.017785596, -0.017631868, -0.017539773, -0.017326957, -0.01708157, -0.016812311, -0.016671069, -0.016376678, -0.016065042, -0.015900869, -0.015549608, -0.015160169, -0.01472773, -0.014495355, -0.014001847, -0.013476993, -0.013205477, -0.0126466, -0.012065638, -0.011765091, -0.011139009, -0.010475792, -0.009783078, -0.0094378535, -0.008826955, -0.008597501, -0.008839483, -0.01099368, -0.015295131, 0, 0, 0, 0, 0, 0, 0, 0, 0, 0, 0, 0, 0, 0, 0, 0, 0, 0, 0, 0, 0, 0, 0, 0, 0, 0, 0, 0, 0, 0, 0, 0, 0, 0, 0, 0, 0, 0, 0, 0, 0
0, 0, 0, 0, 0, 0, 0, 0, 0, 0, 0, 0, 0, 0, 0, 0, 0, 0, 0, 0, 0, 0, 0, 0, 0, 0, 0, 0, 0, 0, 0, 0, 0, 0, 0, 0, 0, 0, 0, 0, 0, 0, 0, -0.008979074, -0.007322509, -0.0070231915, -0.0072110854, -0.007922822, -0.0083520645, -0.009241805, -0.010105144, -0.010906515, -0.011280799, -0.011978277, -0.012613885, -0.012911527, -0.01347189, -0.0139883375, -0.014230367, -0.014680151, -0.015082513, -0.01543755, -0.01559848, -0.015892183, -0.016157337, -0.016282594, -0.016523417, -0.016754193, -0.016972596, -0.0170748, -0.01725973, -0.017410628, -0.017471375, -0.01756214, -0.017614733, -0.017635038, -0.017635217, -0.017617853, -0.017576976, -0.017546672, -0.01746077, -0.017334294, -0.017253604, -0.017055582, -0.016811727, -0.016530624, -0.01637962, -0.016062167, -0.015727555, -0.015553506, -0.015186992, -0.014787487, -0.014345408, -0.01410672, -0.013593866, -0.013038593, -0.012747269, -0.012140991, -0.011503167, -0.011171619, -0.01048131, -0.0097607905, -0.00904851, -0.008728194, -0.008317267, -0.008621983, -0.00921765, -0.010653212, 0, 0, 0, 0, 0, 0, 0, 0, 0, 0, 0, 0, 0, 0, 0, 0, 0, 0, 0, 0, 0, 0, 0, 0, 0, 0, 0, 0, 0, 0, 0, 0, 0, 0, 0, 0, 0, 0, 0, 0, 0, 0
0, 0, 0, 0, 0, 0, 0, 0, 0, 0, 0, 0, 0, 0, 0, 0, 0, 0, 0, 0, 0, 0, 0, 0, 0, 0, 0, 0, 0, 0, 0, 0, 0, 0, 0, 0, 0, 0, 0, 0, 0, 0, 0, 0, -0.0069557466, -0.006454162, -0.0063350056, -0.0069405483, -0.0073650465, -0.008283235, -0.009178657, -0.009990885, -0.010361928, -0.0110396845, -0.011648197, -0.011932624, -0.012472781, -0.012982532, -0.013226878, -0.013692315, -0.014121541, -0.014508933, -0.014686542, -0.015011708, -0.015305773, -0.0154446745, -0.015714223, -0.015979104, -0.016240016, -0.016366756, -0.016604487, -0.016808981, -0.016894663, -0.017028973, -0.017114345, -0.01715769, -0.017166872, -0.017166296, -0.017144356, -0.017125128, -0.017065424, -0.016966447, -0.016898535, -0.016720224, -0.016485076, -0.01620031, -0.016043602, -0.015709301, -0.01535529, -0.015172, -0.014790073, -0.014379, -0.013926636, -0.013681861, -0.013152264, -0.012570923, -0.012262237, -0.011611123, -0.010914206, -0.010546879, -0.009771101, -0.008952762, -0.008164207, -0.007841542, -0.007630482, -0.008883417, -0.010692589, -0.015897958, 0, 0, 0, 0, 0, 0, 0, 0, 0, 0, 0, 0, 0, 0, 0, 0, 0, 0, 0, 0, 0, 0, 0, 0, 0, 0, 0, 0, 0, 0, 0, 0, 0, 0, 0, 0, 0, 0, 0, 0, 0, 0
0, 0, 0, 0, 0, 0, 0, 0, 0, 0, 0, 0, 0, 0, 0, 0, 0, 0, 0, 0, 0, 0, 0, 0, 0, 0, 0, 0, 0, 0, 0, 0, 0, 0, 0, 0, 0, 0, 0, 0, 0, 0, 0, 0, -0.007058651, -0.00645959, -0.005934541, -0.006311969, -0.0066834656, -0.0075522065, -0.008415099, -0.009185458, -0.009530983, -0.010153215, -0.010706584, -0.010966249, -0.011466831, -0.011955143, -0.012196431, -0.012671523, -0.013127735, -0.013553654, -0.01375241, -0.014121011, -0.01445518, -0.014613245, -0.014919247, -0.015221154, -0.015521786, -0.015669858, -0.01595126, -0.016197797, -0.016302714, -0.016469907, -0.016580062, -0.016641675, -0.016658638, -0.01667323, -0.016669579, -0.016660992, -0.01662596, -0.01655319, -0.016497403, -0.016339073, -0.016114522, -0.015830046, -0.01566957, -0.015322792, -0.0149517385, -0.014759534, -0.014360188, -0.013933122, -0.013464763, -0.013211727, -0.012662783, -0.01205729, -0.011734588, -0.011050788, -0.010314794, -0.009924397, -0.009092606, -0.008202357, -0.0073394347, -0.006991353, -0.006764345, -0.007775133, -0.008829951, 0, 0, 0, 0, 0, 0, 0, 0, 0, 0, 0, 0, 0, 0, 0, 0, 0, 0, 0, 0, 0, 0, 0, 0, 0, 0, 0, 0, 0, 0, 0, 0, 0, 0, 0, 0, 0, 0, 0, 0, 0, 0, 0
0, 0, 0, 0, 0, 0, 0, 0, 0, 0, 0, 0, 0, 0, 0, 0, 0, 0, 0, 0, 0, 0, 0, 0, 0, 0, 0, 0, 0, 0, 0, 0, 0, 0, 0, 0, 0, 0, 0, 0, 0, 0, 0, 0, 0, -0.006904446, -0.0061005293, -0.006132727, -0.0063799666, -0.007065932, -0.0077989693, -0.008469513, -0.008772627, -0.009321752, -0.009815746, -0.010051135, -0.01051503, -0.010985436, -0.011225365, -0.011712091, -0.012197204, -0.01266317, -0.012884182, -0.013297532, -0.013674451, -0.013852138, -0.014194859, -0.014530182, -0.0148629425, -0.01502661, -0.015338438, -0.015612781, -0.015730271, -0.015919091, -0.016046928, -0.01612382, -0.016148392, -0.016179679, -0.016195366, -0.016197562, -0.016184635, -0.016133774, -0.016087534, -0.015943827, -0.015725996, -0.015439657, -0.015275522, -0.014916004, -0.014527597, -0.014325366, -0.013904014, -0.013452529, -0.012958016, -0.012690823, -0.012113184, -0.011479536, -0.011143775, -0.010440016, -0.00969591, -0.0093081435, -0.008500323, -0.0076654158, -0.0068985, -0.0066181333, -0.006560376, -0.0074846176, 0, 0, 0, 0, 0, 0, 0, 0, 0, 0, 0, 0, 0, 0, 0, 0, 0, 0, 0, 0, 0, 0, 0, 0, 0, 0, 0, 0, 0, 0, 0, 0, 0, 0, 0, 0, 0, 0, 0, 0, 0, 0, 0, 0
0, 0, 0, 0, 0, 0, 0, 0, 0, 0, 0, 0, 0, 0, 0, 0, 0, 0, 0, 0, 0, 0, 0, 0, 0, 0, 0, 0, 0, 0, 0, 0, 0, 0, 0, 0, 0, 0, 0, 0, 0, 0, 0, 0, 0, 0, -0.006948738, -0.0065228217, -0.006504797, -0.0067523224, -0.0072194505, -0.007748792, -0.008009144, -0.00850336, -0.008967037, -0.009193619, -0.009651078, -0.010128137, -0.010376086, -0.010887519, -0.011405341, -0.011908705, -0.0121490825, -0.01260027, -0.013012382, -0.013206409, -0.013577948, -0.01393805, -0.014291948, -0.014465081, -0.014794136, -0.015083887, -0.015208786, -0.015411872, -0.0155536905, -0.015645955, -0.015678525, -0.015727125, -0.015761022, -0.015772235, -0.015776103, -0.015739135, -0.015698262, -0.015561114, -0.01534427, -0.015053266, -0.014884643, -0.014512452, -0.014107189, -0.013894333, -0.013447868, -0.0129648335, -0.012432324, -0.012144547, -0.01152427, -0.010851194, -0.010499231, -0.009774637, -0.009037265, -0.008670601, -0.007968947, -0.0073827384, -0.007055144, -0.0070399884, -0.007401114, 0, 0, 0, 0, 0, 0, 0, 0, 0, 0, 0, 0, 0, 0, 0, 0, 0, 0, 0, 0, 0, 0, 0, 0, 0, 0, 0, 0, 0, 0, 0, 0, 0, 0, 0, 0, 0, 0, 0, 0, 0, 0, 0, 0, 0
0, 0, 0, 0, 0, 0, 0, 0, 0, 0, 0, 0, 0, 0, 0, 0, 0, 0, 0, 0, 0, 0, 0, 0, 0, 0, 0, 0, 0, 0, 0, 0, 0, 0, 0, 0, 0, 0, 0, 0, 0, 0, 0, 0, 0, 0, -0.008544923, -0.007663499, -0.0070597255, -0.0064485213, -0.0065414635, -0.006943324, -0.007181955, -0.007670016, -0.008154359, -0.008396795, -0.008892768, -0.009412795, -0.009682263, -0.010235509, -0.010792075, -0.011329655, -0.011585631, -0.012065365, -0.012502753, -0.0127080465, -0.01309942, -0.013474691, -0.013839149, -0.014016219, -0.014351394, -0.014647347, -0.014775811, -0.014987576, -0.0151406815, -0.015245789, -0.015285093, -0.0153463045, -0.0153907975, -0.015406181, -0.015415764, -0.01538111, -0.01534068, -0.015202692, -0.014983365, -0.014687975, -0.014516378, -0.014136798, -0.013719432, -0.013498281, -0.013028944, -0.012512972, -0.011936516, -0.011623372, -0.010948493, -0.010221241, -0.0098453155, -0.009085687, -0.008342497, -0.0079933945, -0.0074175843, -0.007228639, -0.007836817, -0.008462106, -0.009305748, 0, 0, 0, 0, 0, 0, 0, 0, 0, 0, 0, 0, 0, 0, 0, 0, 0, 0, 0, 0, 0, 0, 0, 0, 0, 0, 0, 0, 0, 0, 0, 0, 0, 0, 0, 0, 0, 0, 0, 0, 0, 0, 0, 0, 0
0, 0, 0, 0, 0, 0, 0, 0, 0, 0, 0, 0, 0, 0, 0, 0, 0, 0, 0, 0, 0, 0, 0, 0, 0, 0, 0, 0, 0, 0, 0, 0, 0, 0, 0, 0, 0, 0, 0, 0, 0, 0, 0, 0, 0, 0, 0, -0.009612293, -0.007663223, -0.0059718727, -0.0057748156, -0.0061067548, -0.00634408, -0.006866471, -0.0074153286, -0.00769591, -0.008269907, -0.008862672, -0.009164755, -0.0097731035, -0.010371883, -0.010941978, -0.011211439, -0.011714963, -0.012172783, -0.012386721, -0.012792491, -0.013176638, -0.013543657, -0.013719897, -0.014051669, -0.014344374, -0.014471879, -0.014684945, -0.01484271, -0.01495334, -0.014994814, -0.015057202, -0.015096813, -0.015107798, -0.015105639, -0.0150581645, -0.015011914, -0.014865428, -0.01464232, -0.014346767, -0.014175547, -0.013795606, -0.013373989, -0.013148265, -0.012662556, -0.012118949, -0.0115023125, -0.011164056, -0.010430339, -0.0096393125, -0.009232732, -0.008425263, -0.0076682023, -0.0073322277, -0.006852355, -0.006992133, -0.008778595, -0.010862555, 0, 0, 0, 0, 0, 0, 0, 0, 0, 0, 0, 0, 0, 0, 0, 0, 0, 0, 0, 0, 0, 0, 0, 0, 0, 0, 0, 0, 0, 0, 0, 0, 0, 0, 0, 0, 0, 0, 0, 0, 0, 0, 0, 0, 0, 0
0, 0, 0, 0, 0, 0, 0, 0, 0, 0, 0, 0, 0, 0, 0, 0, 0, 0, 0, 0, 0, 0, 0, 0, 0, 0, 0, 0, 0, 0, 0, 0, 0, 0, 0, 0, 0, 0, 0, 0, 0, 0, 0, 0, 0, 0, 0, 0, -0.006506685, -0.005495576, -0.0052374643, -0.0054426724, -0.0056523513, -0.006195444, -0.0068258867, -0.007155832, -0.007828091, -0.008504351, -0.008840778, -0.009504101, -0.010141992, -0.010740894, -0.011022791, -0.011549009, -0.012027305, -0.012250808, -0.01267117, -0.013062108, -0.013426481, -0.013598127, -0.013916553, -0.0141949495, -0.014316323, -0.014520384, -0.014672965, -0.014778468, -0.014815819, -0.014864105, -0.014880277, -0.014876208, -0.0148407, -0.014760741, -0.014700648, -0.014534386, -0.014303012, -0.014007582, -0.013838119, -0.013461313, -0.013038796, -0.012810756, -0.012315098, -0.011754419, -0.011111213, -0.010754836, -0.009973176, -0.009119273, -0.008680347, -0.007826651, -0.007096948, -0.0068214955, -0.006554762, -0.006832026, -0.007890743, 0, 0, 0, 0, 0, 0, 0, 0, 0, 0, 0, 0, 0, 0, 0, 0, 0, 0, 0, 0, 0, 0, 0, 0, 0, 0, 0, 0, 0, 0, 0, 0, 0, 0, 0, 0, 0, 0, 0, 0, 0, 0, 0, 0, 0, 0, 0
0, 0, 0, 0, 0, 0, 0, 0, 0, 0, 0, 0, 0, 0, 0, 0, 0, 0, 0, 0, 0, 0, 0, 0, 0, 0, 0, 0, 0, 0, 0, 0, 0, 0, 0, 0, 0, 0, 0, 0, 0, 0, 0, 0, 0, 0, 0, 0, 0, -0.006138903, -0.005385459, -0.0051230197, -0.0052340194, -0.005750747, -0.006457086, -0.0068344795, -0.0075937444, -0.008337538, -0.008699701, -0.009400804, -0.010063233, -0.01068121, -0.010972221, -0.011518629, -0.012018881, -0.012252858, -0.0126901055, -0.013087727, -0.013445955, -0.013610309, -0.013908063, -0.014162466, -0.014273123, -0.014459824, -0.01459949, -0.0146918995, -0.014720547, -0.014742494, -0.0147186, -0.014689806, -0.014599534, -0.014465693, -0.0143820215, -0.01417934, -0.013926806, -0.013622779, -0.013451398, -0.013070904, -0.012642553, -0.012410218, -0.011905651, -0.011338495, -0.010690601, -0.010331071, -0.009533859, -0.008644094, -0.008180303, -0.0072927196, -0.006649401, -0.0065261447, -0.0069273505, -0.00794671, 0, 0, 0, 0, 0, 0, 0, 0, 0, 0, 0, 0, 0, 0, 0, 0, 0, 0, 0, 0, 0, 0, 0, 0, 0, 0, 0, 0, 0, 0, 0, 0, 0, 0, 0, 0, 0, 0, 0, 0, 0, 0, 0, 0, 0, 0, 0, 0
0, 0, 0, 0, 0, 0, 0, 0, 0, 0, 0, 0, 0, 0, 0, 0, 0, 0, 0, 0, 0, 0, 0, 0, 0, 0, 0, 0, 0, 0, 0, 0, 0, 0, 0, 0, 0, 0, 0, 0, 0, 0, 0, 0, 0, 0, 0, 0, 0, -0.0081549445, -0.006074826, -0.0051369383, -0.005145759, -0.005614316, -0.006342346, -0.0067356983, -0.0075259004, -0.008292943, -0.008663184, -0.009373057, -0.010038094, -0.010658562, -0.010952792, -0.011511084, -0.012029958, -0.012274095, -0.012729174, -0.013134705, -0.013487695, -0.013644262, -0.013919092, -0.01414832, -0.014246889, -0.014414211, -0.014539236, -0.014616014, -0.014633708, -0.014623082, -0.014549079, -0.014489145, -0.014328707, -0.014122355, -0.014005148, -0.013745768, -0.013452954, -0.013122043, -0.012940398, -0.012541473, -0.012094952, -0.0118537545, -0.011336937, -0.010770781, -0.010143959, -0.0098022055, -0.009049774, -0.00820267, -0.0077548195, -0.0068930704, -0.006340821, -0.006362235, -0.0076951347, -0.010561365, 0, 0, 0, 0, 0, 0, 0, 0, 0, 0, 0, 0, 0, 0, 0, 0, 0, 0, 0, 0, 0, 0, 0, 0, 0, 0, 0, 0, 0, 0, 0, 0, 0, 0, 0, 0, 0, 0, 0, 0, 0, 0, 0, 0, 0, 0, 0, 0
0, 0, 0, 0, 0, 0, 0, 0, 0, 0, 0, 0, 0, 0, 0, 0, 0, 0, 0, 0, 0, 0, 0, 0, 0, 0, 0, 0, 0, 0, 0, 0, 0, 0, 0, 0, 0, 0, 0, 0, 0, 0, 0, 0, 0, 0, 0, 0, 0, 0, -0.0060022245, -0.005653642, -0.0056463634, -0.0059238845, -0.006459696, -0.006784489, -0.007492172, -0.008223661, -0.008583788, -0.009276308, -0.0099230595, -0.010528166, -0.010817649, -0.011375659, -0.011905481, -0.012157719, -0.01262927, -0.013046206, -0.0134001495, -0.013552925, -0.013814495, -0.014026304, -0.014116686, -0.014269482, -0.014381692, -0.014441945, -0.01444756, -0.014401234, -0.014273101, -0.01417954, -0.013941089, -0.013651373, -0.013493508, -0.013160067, -0.012807341, -0.012430238, -0.012229486, -0.0117969625, -0.011321122, -0.011067707, -0.010534443, -0.009972802, -0.00938497, -0.009080192, -0.00844605, -0.007785749, -0.0074574663, -0.0068691433, -0.006542128, -0.0065688756, -0.007153696, 0, 0, 0, 0, 0, 0, 0, 0, 0, 0, 0, 0, 0, 0, 0, 0, 0, 0, 0, 0, 0, 0, 0, 0, 0, 0, 0, 0, 0, 0, 0, 0, 0, 0, 0, 0, 0, 0, 0, 0, 0, 0, 0, 0, 0, 0, 0, 0, 0
0, 0, 0, 0, 0, 0, 0, 0, 0, 0, 0, 0, 0, 0, 0, 0, 0, 0, 0, 0, 0, 0, 0, 0, 0, 0, 0, 0, 0, 0, 0, 0, 0, 0, 0, 0, 0, 0, 0, 0, 0, 0, 0, 0, 0, 0, 0, 0, 0, 0, 0, -0.0076042484, -0.0073588225, -0.006795489, -0.0066901455, -0.0068176216, -0.0073164776, -0.0079714805, -0.008312089, -0.008971615, -0.009585206, -0.01016012, -0.010437998, -0.0109830685, -0.011514032, -0.011771249, -0.012257852, -0.012691591, -0.0130589735, -0.013216628, -0.013483593, -0.0136951795, -0.0137838125, -0.013929686, -0.014029443, -0.01406855, -0.014059296, -0.013972701, -0.013789083, -0.013661995, -0.013347239, -0.012973334, -0.012772827, -0.01235744, -0.011932185, -0.011495394, -0.011269629, -0.010796093, -0.010288759, -0.010023451, -0.009476478, -0.0089218905, -0.008376529, -0.0081140045, -0.007638873, -0.0073128343, -0.0072554583, -0.007462912, -0.008101939, -0.008384627, 0, 0, 0, 0, 0, 0, 0, 0, 0, 0, 0, 0, 0, 0, 0, 0, 0, 0, 0, 0, 0, 0, 0, 0, 0, 0, 0, 0, 0, 0, 0, 0, 0, 0, 0, 0, 0, 0, 0, 0, 0, 0, 0, 0, 0, 0, 0, 0, 0, 0
0, 0, 0, 0, 0, 0, 0, 0, 0, 0, 0, 0, 0, 0, 0, 0, 0, 0, 0, 0, 0, 0, 0, 0, 0, 0, 0, 0, 0, 0, 0, 0, 0, 0, 0, 0, 0, 0, 0, 0, 0, 0, 0, 0, 0, 0, 0, 0, 0, 0, 0, -0.011281159, -0.010373629, -0.008040558, -0.006850757, -0.0066960216, -0.006928417, -0.0074842507, -0.00779366, -0.008398337, -0.008960441, -0.009492389, -0.009753874, -0.010276944, -0.0108006885, -0.011059321, -0.011558297, -0.012014189, -0.012409856, -0.01258228, -0.012876559, -0.0131071275, -0.013200416, -0.01334426, -0.013426064, -0.013433473, -0.013404657, -0.013271612, -0.013033726, -0.01287685, -0.012496926, -0.012050994, -0.011812349, -0.01132004, -0.010821554, -0.010321731, -0.010069813, -0.009555881, -0.009023579, -0.008751537, -0.008203051, -0.007666024, -0.0071657114, -0.006942437, -0.006613038, -0.0066530225, -0.0069563766, -0.008477341, -0.011171283, -0.012185622, 0, 0, 0, 0, 0, 0, 0, 0, 0, 0, 0, 0, 0, 0, 0, 0, 0, 0, 0, 0, 0, 0, 0, 0, 0, 0, 0, 0, 0, 0, 0, 0, 0, 0, 0, 0, 0, 0, 0, 0, 0, 0, 0, 0, 0, 0, 0, 0, 0, 0
0, 0, 0, 0, 0, 0, 0, 0, 0, 0, 0, 0, 0, 0, 0, 0, 0, 0, 0, 0, 0, 0, 0, 0, 0, 0, 0, 0, 0, 0, 0, 0, 0, 0, 0, 0, 0, 0, 0, 0, 0, 0, 0, 0, 0, 0, 0, 0, 0, 0, 0, 0, 0, -0.009324032, -0.006952694, -0.0065784296, -0.006527812, -0.006880524, -0.0071085403, -0.0075864266, -0.008063741, -0.008542296, -0.008785887, -0.009284482, -0.009795827, -0.010053, -0.010558995, -0.011037797, -0.011469884, -0.011663701, -0.011999766, -0.012261102, -0.012362318, -0.01250363, -0.01255955, -0.012524776, -0.012471789, -0.01228965, -0.0120060155, -0.011827576, -0.0114053525, -0.0109129315, -0.0106485, -0.010098936, -0.0095401, -0.008985258, -0.008710134, -0.008163187, -0.0076164003, -0.0073440177, -0.00681028, -0.0063135503, -0.005892239, -0.0057271724, -0.005563913, -0.005884367, -0.0064456514, -0.009462238, 0, 0, 0, 0, 0, 0, 0, 0, 0, 0, 0, 0, 0, 0, 0, 0, 0, 0, 0, 0, 0, 0, 0, 0, 0, 0, 0, 0, 0, 0, 0, 0, 0, 0, 0, 0, 0, 0, 0, 0, 0, 0, 0, 0, 0, 0, 0, 0, 0, 0, 0, 0
0, 0, 0, 0, 0, 0, 0, 0, 0, 0, 0, 0, 0, 0, 0, 0, 0, 0, 0, 0, 0, 0, 0, 0, 0, 0, 0, 0, 0, 0, 0, 0, 0, 0, 0, 0, 0, 0, 0, 0, 0, 0, 0, 0, 0, 0, 0, 0, 0, 0, 0, 0, 0, 0, -0.007510648, -0.007156066, -0.006540624, -0.0063572917, -0.006391903, -0.006615995, -0.006968614, -0.0073928866, -0.0076216464, -0.008098856, -0.008594369, -0.008845915, -0.009350655, -0.009843661, -0.01030597, -0.010519227, -0.010893794, -0.011182718, -0.011289821, -0.01142304, -0.011447484, -0.011368003, -0.01129154, -0.011069774, -0.010760383, -0.010574207, -0.0101437615, -0.009642577, -0.009370846, -0.008797533, -0.008204243, -0.007613872, -0.0073244856, -0.0067605185, -0.0062143365, -0.005948637, -0.0054421565, -0.0050075534, -0.0047280667, -0.0046836017, -0.004878399, -0.0055547827, -0.0060075833, 0, 0, 0, 0, 0, 0, 0, 0, 0, 0, 0, 0, 0, 0, 0, 0, 0, 0, 0, 0, 0, 0, 0, 0, 0, 0, 0, 0, 0, 0, 0, 0, 0, 0, 0, 0, 0, 0, 0, 0, 0, 0, 0, 0, 0, 0, 0, 0, 0, 0, 0, 0, 0
0, 0, 0, 0, 0, 0, 0, 0, 0, 0, 0, 0, 0, 0, 0, 0, 0, 0, 0, 0, 0, 0, 0, 0, 0, 0, 0, 0, 0, 0, 0, 0, 0, 0, 0, 0, 0, 0, 0, 0, 0, 0, 0, 0, 0, 0, 0, 0, 0, 0, 0, 0, 0, 0, -0.010150684, -0.009316589, -0.0072052325, -0.006037653, -0.0057537635, -0.0056093554, -0.005818926, -0.0061939736, -0.0064088553, -0.0068613617, -0.0073325587, -0.0075735296, -0.008061602, -0.008549076, -0.00901658, -0.009234927, -0.00962074, -0.009913799, -0.010017597, -0.010132487, -0.010125383, -0.010011379, -0.0099204965, -0.009682592, -0.009379134, -0.009204229, -0.008806015, -0.008340711, -0.008083547, -0.0075270548, -0.0069362344, -0.0063430085, -0.0060546077, -0.0055061, -0.0049953787, -0.0047523538, -0.0042972127, -0.003934731, -0.0038212764, -0.003948736, -0.004794794, -0.0065814713, -0.0072871475, 0, 0, 0, 0, 0, 0, 0, 0, 0, 0, 0, 0, 0, 0, 0, 0, 0, 0, 0, 0, 0, 0, 0, 0, 0, 0, 0, 0, 0, 0, 0, 0, 0, 0, 0, 0, 0, 0, 0, 0, 0, 0, 0, 0, 0, 0, 0, 0, 0, 0, 0, 0, 0
0, 0, 0, 0, 0, 0, 0, 0, 0, 0, 0, 0, 0, 0, 0, 0, 0, 0, 0, 0, 0, 0, 0, 0, 0, 0, 0, 0, 0, 0, 0, 0, 0, 0, 0, 0, 0, 0, 0, 0, 0, 0, 0, 0, 0, 0, 0, 0, 0, 0, 0, 0, 0, 0, 0, 0, -0.008296655, -0.006009166, -0.0053627295, -0.0048247688, -0.0048889574, -0.005180937, -0.0053608315, -0.0057547595, -0.0061797765, -0.0064006923, -0.0068512135, -0.0073001627, -0.007726406, -0.007923809, -0.008268095, -0.008520697, -0.0086049875, -0.008683019, -0.008646471, -0.008516236, -0.008424468, -0.00820366, -0.007944597, -0.007800746, -0.007477274, -0.0070911795, -0.006870582, -0.006375799, -0.005830125, -0.0052756406, -0.0050101355, -0.0045272303, -0.0041189757, -0.003940666, -0.0036248402, -0.0033843722, -0.0033830693, -0.0036083227, -0.005098964, 0, 0, 0, 0, 0, 0, 0, 0, 0, 0, 0, 0, 0, 0, 0, 0, 0, 0, 0, 0, 0, 0, 0, 0, 0, 0, 0, 0, 0, 0, 0, 0, 0, 0, 0, 0, 0, 0, 0, 0, 0, 0, 0, 0, 0, 0, 0, 0, 0, 0, 0, 0, 0, 0, 0
0, 0, 0, 0, 0, 0, 0, 0, 0, 0, 0, 0, 0, 0, 0, 0, 0, 0, 0, 0, 0, 0, 0, 0, 0, 0, 0, 0, 0, 0, 0, 0, 0, 0, 0, 0, 0, 0, 0, 0, 0, 0, 0, 0, 0, 0, 0, 0, 0, 0, 0, 0, 0, 0, 0, 0, 0, -0.006475139, -0.0054998463, -0.0047655012, -0.0046147434, -0.0046535647, -0.004732894, -0.0049884026, -0.0053307917, -0.0055178176, -0.005896792, -0.006255185, -0.0065736324, -0.0067133848, -0.00694432, -0.0070961444, -0.007137777, -0.00715136, -0.007080147, -0.006948068, -0.0068685873, -0.0066972985, -0.0065187234, -0.00642495, -0.006215395, -0.005951037, -0.005790072, -0.005405854, -0.0049545798, -0.0044844304, -0.0042640455, -0.0038980984, -0.0036793235, -0.0036351462, -0.0036671793, -0.003769832, -0.0038760123, -0.003951366, 0, 0, 0, 0, 0, 0, 0, 0, 0, 0, 0, 0, 0, 0, 0, 0, 0, 0, 0, 0, 0, 0, 0, 0, 0, 0, 0, 0, 0, 0, 0, 0, 0, 0, 0, 0, 0, 0, 0, 0, 0, 0, 0, 0, 0, 0, 0, 0, 0, 0, 0, 0, 0, 0, 0, 0
0, 0, 0, 0, 0, 0, 0, 0, 0, 0, 0, 0, 0, 0, 0, 0, 0, 0, 0, 0, 0, 0, 0, 0, 0, 0, 0, 0, 0, 0, 0, 0, 0, 0, 0, 0, 0, 0, 0, 0, 0, 0, 0, 0, 0, 0, 0, 0, 0, 0, 0, 0, 0, 0, 0, 0, 0, 0, -0.006123942, -0.0062414277, -0.0054661646, -0.0048836954, -0.0047739693, -0.00479891, -0.0049989135, -0.0051219054, -0.0053553907, -0.0055383, -0.0056603863, -0.005700598, -0.0057424926, -0.0057325126, -0.005707702, -0.0056207576, -0.005498644, -0.005366187, -0.005305283, -0.0052048718, -0.005136153, -0.005109283, -0.005051236, -0.0049556987, -0.0048825177, -0.004672728, -0.0043847845, -0.004061034, -0.0039096363, -0.0036983215, -0.0037183606, -0.003863837, -0.004521894, -0.0054340013, -0.0058482382, -0.0060601253, 0, 0, 0, 0, 0, 0, 0, 0, 0, 0, 0, 0, 0, 0, 0, 0, 0, 0, 0, 0, 0, 0, 0, 0, 0, 0, 0, 0, 0, 0, 0, 0, 0, 0, 0, 0, 0, 0, 0, 0, 0, 0, 0, 0, 0, 0, 0, 0, 0, 0, 0, 0, 0, 0, 0, 0
0, 0, 0, 0, 0, 0, 0, 0, 0, 0, 0, 0, 0, 0, 0, 0, 0, 0, 0, 0, 0, 0, 0, 0, 0, 0, 0, 0, 0, 0, 0, 0, 0, 0, 0, 0, 0, 0, 0, 0, 0, 0, 0, 0, 0, 0, 0, 0, 0, 0, 0, 0, 0, 0, 0, 0, 0, 0, 0, -0.00995136, -0.007365232, -0.0060654976, -0.005778532, -0.0055075325, -0.005430084, -0.0054065706, -0.005319492, -0.0051790597, -0.005000146, -0.00490233, -0.004698813, -0.004486473, -0.004377247, -0.004158446, -0.0039618607, -0.0038186975, -0.0037759799, -0.0037551625, -0.0038150514, -0.0038677305, -0.0039949906, -0.0041189254, -0.0041683335, -0.004225257, -0.004222225, -0.0041744523, -0.004145625, -0.0041539026, -0.0043984177, -0.0046836655, -0.005913169, -0.00828522, 0, 0, 0, 0, 0, 0, 0, 0, 0, 0, 0, 0, 0, 0, 0, 0, 0, 0, 0, 0, 0, 0, 0, 0, 0, 0, 0, 0, 0, 0, 0, 0, 0, 0, 0, 0, 0, 0, 0, 0, 0, 0, 0, 0, 0, 0, 0, 0, 0, 0, 0, 0, 0, 0, 0, 0, 0, 0
0, 0, 0, 0, 0, 0, 0, 0, 0, 0, 0, 0, 0, 0, 0, 0, 0, 0, 0, 0, 0, 0, 0, 0, 0, 0, 0, 0, 0, 0, 0, 0, 0, 0, 0, 0, 0, 0, 0, 0, 0, 0, 0, 0, 0, 0, 0, 0, 0, 0, 0, 0, 0, 0, 0, 0, 0, 0, 0, 0, -0.009085576, -0.008587418, -0.008328033, -0.007595669, -0.0069463253, -0.006588975, -0.0058098217, -0.005126312, -0.0045371046, -0.0042755203, -0.0038091135, -0.003385785, -0.0031844387, -0.0028165092, -0.002529671, -0.0023656315, -0.0023378883, -0.0023949957, -0.002588371, -0.002726141, -0.0030589527, -0.0034431443, -0.003651229, -0.004092862, -0.0045693824, -0.0050894, -0.005316434, -0.005716463, -0.006226033, -0.006466181, -0.0070225843, 0, 0, 0, 0, 0, 0, 0, 0, 0, 0, 0, 0, 0, 0, 0, 0, 0, 0, 0, 0, 0, 0, 0, 0, 0, 0, 0, 0, 0, 0, 0, 0, 0, 0, 0, 0, 0, 0, 0, 0, 0, 0, 0, 0, 0, 0, 0, 0, 0, 0, 0, 0, 0, 0, 0, 0, 0, 0, 0
0, 0, 0, 0, 0, 0, 0, 0, 0, 0, 0, 0, 0, 0, 0, 0, 0, 0, 0, 0, 0, 0, 0, 0, 0, 0, 0, 0, 0, 0, 0, 0, 0, 0, 0, 0, 0, 0, 0, 0, 0, 0, 0, 0, 0, 0, 0, 0, 0, 0, 0, 0, 0, 0, 0, 0, 0, 0, 0, 0, 0, -0.013422359, -0.013051458, -0.011364099, -0.009988532, -0.008930327, -0.006834013, -0.0053890217, -0.0042744535, -0.0038379848, -0.003122245, -0.0024845027, -0.0021850045, -0.0016665452, -0.0013046222, -0.0011321789, -0.0011205003, -0.0012453664, -0.0015560196, -0.0017726708, -0.0023068665, -0.002962702, -0.0033562663, -0.0043149358, -0.005482814, -0.007091548, -0.007865076, -0.008738806, -0.009722111, -0.009940839, 0, 0, 0, 0, 0, 0, 0, 0, 0, 0, 0, 0, 0, 0, 0, 0, 0, 0, 0, 0, 0, 0, 0, 0, 0, 0, 0, 0, 0, 0, 0, 0, 0, 0, 0, 0, 0, 0, 0, 0, 0, 0, 0, 0, 0, 0, 0, 0, 0, 0, 0, 0, 0, 0, 0, 0, 0, 0, 0, 0
0, 0, 0, 0, 0, 0, 0, 0, 0, 0, 0, 0, 0, 0, 0, 0, 0, 0, 0, 0, 0, 0, 0, 0, 0, 0, 0, 0, 0, 0, 0, 0, 0, 0, 0, 0, 0, 0, 0, 0, 0, 0, 0, 0, 0, 0, 0, 0, 0, 0, 0, 0, 0, 0, 0, 0, 0, 0, 0, 0, 0, 0, 0, -0.016773306, -0.01473078, -0.012230567, -0.008456647, -0.0062329336, -0.0044001644, -0.0037995016, -0.0028434834, -0.0018988847, -0.001470927, -0.0008254991, -0.00046807024, -0.00035021378, -0.00036657622, -0.0005383637, -0.00091322634, -0.0011893201, -0.0019151369, -0.0028168703, -0.0033916486, -0.0050542355, -0.00695295, -0.009968956, -0.01190178, -0.013321108, 0, 0, 0, 0, 0, 0, 0, 0, 0, 0, 0, 0, 0, 0, 0, 0, 0, 0, 0, 0, 0, 0, 0, 0, 0, 0, 0, 0, 0, 0, 0, 0, 0, 0, 0, 0, 0, 0, 0, 0, 0, 0, 0, 0, 0, 0, 0, 0, 0, 0, 0, 0, 0, 0, 0, 0, 0, 0, 0, 0, 0, 0
0, 0, 0, 0, 0, 0, 0, 0, 0, 0, 0, 0, 0, 0, 0, 0, 0, 0, 0, 0, 0, 0, 0, 0, 0, 0, 0, 0, 0, 0, 0, 0, 0, 0, 0, 0, 0, 0, 0, 0, 0, 0, 0, 0, 0, 0, 0, 0, 0, 0, 0, 0, 0, 0, 0, 0, 0, 0, 0, 0, 0, 0, 0, 0, 0, 0, -0.010944038, -0.0078811515, -0.005182359, -0.0045666164, -0.0033084378, -0.0017088016, -0.00108926, -0.0004202168, -0.00025609662, -0.00032960964, -0.000401017, -0.00057833776, -0.00089089473, -0.0011753411, -0.0021352796, -0.003261654, -0.0038832347, -0.0064186975, -0.009089515, 0, 0, 0, 0, 0, 0, 0, 0, 0, 0, 0, 0, 0, 0, 0, 0, 0, 0, 0, 0, 0, 0, 0, 0, 0, 0, 0, 0, 0, 0, 0, 0, 0, 0, 0, 0, 0, 0, 0, 0, 0, 0, 0, 0, 0, 0, 0, 0, 0, 0, 0, 0, 0, 0, 0, 0, 0, 0, 0, 0, 0, 0, 0, 0, 0
0, 0, 0, 0, 0, 0, 0, 0, 0, 0, 0, 0, 0, 0, 0, 0, 0, 0, 0, 0, 0, 0, 0, 0, 0, 0, 0, 0, 0, 0, 0, 0, 0, 0, 0, 0, 0, 0, 0, 0, 0, 0, 0, 0, 0, 0, 0, 0, 0, 0, 0, 0, 0, 0, 0, 0, 0, 0, 0, 0, 0, 0, 0, 0, 0, 0, 0, 0, -0.0066646216, -0.006378013, -0.004569271, -0.0016141735, -0.0008538419, -0.000502392, -0.000838119, -0.0012976653, -0.0014634513, -0.0015826313, -0.0015817976, -0.0017171005, -0.0029578093, -0.004443923, -0.0047710207, 0, 0, 0, 0, 0, 0, 0, 0, 0, 0, 0, 0, 0, 0, 0, 0, 0, 0, 0, 0, 0, 0, 0, 0, 0, 0, 0, 0, 0, 0, 0, 0, 0, 0, 0, 0, 0, 0, 0, 0, 0, 0, 0, 0, 0, 0, 0, 0, 0, 0, 0, 0, 0, 0, 0, 0, 0, 0, 0, 0, 0, 0, 0, 0, 0, 0, 0

