0, 0, 0, 0, 0, 0, 0, 0, 0, 0, 0, 0, 0, 0, 0, 0, 0, 0, 0, 0, 0, 0, 0, 0, 0, 0, 0, 0, 0, 0, 0, 0, 0, 0, 0, 0, 0, 0, 0, 0, 0, 0, 0, 0, 0, 0, 0, 0, 0, 0, 0, 0, 0, 0, 0, 0, 0, 0, 0, 0, 0, 0, 0, 0, 0, 0, 0, 0, 0, 0, 0, 0.00041146038, -0.001002866, -0.004055364, -0.0060342033, -0.0059436713, -0.0050720465, -0.0021372195, 0.0012457449, 0.0026025088, 0, 0, 0, 0, 0, 0, 0, 0, 0, 0, 0, 0, 0, 0, 0, 0, 0, 0, 0, 0, 0, 0, 0, 0, 0, 0, 0, 0, 0, 0, 0, 0, 0, 0, 0, 0, 0, 0, 0, 0, 0, 0, 0, 0, 0, 0, 0, 0, 0, 0, 0, 0, 0, 0, 0, 0, 0, 0, 0, 0, 0, 0, 0, 0, 0, 0, 0, 0, 0, 0
0, 0, 0, 0, 0, 0, 0, 0, 0, 0, 0, 0, 0, 0, 0, 0, 0, 0, 0, 0, 0, 0, 0, 0, 0, 0, 0, 0, 0, 0, 0, 0, 0, 0, 0, 0, 0, 0, 0, 0, 0, 0, 0, 0, 0, 0, 0, 0, 0, 0, 0, 0, 0, 0, 0, 0, 0, 0, 0, 0, 0, 0, 0, 0, 0, 0, 0, 0, 0.01720769, 0.01643746, 0.010701296, 0.0035766135, 0.0016904171, -0.00091083127, -0.0022962198, -0.0022766597, -0.0017340506, 0.00019998934, 0.0029563028, 0.004758207, 0.011322093, 0.01654068, 0.017129239, 0, 0, 0, 0, 0, 0, 0, 0, 0, 0, 0, 0, 0, 0, 0, 0, 0, 0, 0, 0, 0, 0, 0, 0, 0, 0, 0, 0, 0, 0, 0, 0, 0, 0, 0, 0, 0, 0, 0, 0, 0, 0, 0, 0, 0, 0, 0, 0, 0, 0, 0, 0, 0, 0, 0, 0, 0, 0, 0, 0, 0, 0, 0, 0, 0, 0, 0
0, 0, 0, 0, 0, 0, 0, 0, 0, 0, 0, 0, 0, 0, 0, 0, 0, 0, 0, 0, 0, 0, 0, 0, 0, 0, 0, 0, 0, 0, 0, 0, 0, 0, 0, 0, 0, 0, 0, 0, 0, 0, 0, 0, 0, 0, 0, 0, 0, 0, 0, 0, 0, 0, 0, 0, 0, 0, 0, 0, 0, 0, 0, 0, 0, 0, 0.008805436, 0.009007983, 0.010010701, 0.009827416, 0.007618515, 0.0043747746, 0.0031724982, 0.0015155256, 0.00068358076, 0.0006628628, 0.00094678515, 0.0020239651, 0.0037192605, 0.0048548267, 0.007800788, 0.009591482, 0.0095173335, 0.00760527, 0.0066001453, 0, 0, 0, 0, 0, 0, 0, 0, 0, 0, 0, 0, 0, 0, 0, 0, 0, 0, 0, 0, 0, 0, 0, 0, 0, 0, 0, 0, 0, 0, 0, 0, 0, 0, 0, 0, 0, 0, 0, 0, 0, 0, 0, 0, 0, 0, 0, 0, 0, 0, 0, 0, 0, 0, 0, 0, 0, 0, 0, 0, 0, 0, 0, 0, 0
0, 0, 0, 0, 0, 0, 0, 0, 0, 0, 0, 0, 0, 0, 0, 0, 0, 0, 0, 0, 0, 0, 0, 0, 0, 0, 0, 0, 0, 0, 0, 0, 0, 0, 0, 0, 0, 0, 0, 0, 0, 0, 0, 0, 0, 0, 0, 0, 0, 0, 0, 0, 0, 0, 0, 0, 0, 0, 0, 0, 0, 0, 0, 0.0005861409, 0.0011184652, 0.0017966464, 0.0038968215, 0.00461901, 0.0049953987, 0.0050201514, 0.0045223413, 0.003513259, 0.0030357204, 0.0022992946, 0.0019033718, 0.0018689496, 0.0019814607, 0.002426343, 0.0031029235, 0.0035058416, 0.004287558, 0.0044837142, 0.0042784926, 0.0034370178, 0.002235239, -0.00066183746, -0.0019438503, -0.0032135283, 0, 0, 0, 0, 0, 0, 0, 0, 0, 0, 0, 0, 0, 0, 0, 0, 0, 0, 0, 0, 0, 0, 0, 0, 0, 0, 0, 0, 0, 0, 0, 0, 0, 0, 0, 0, 0, 0, 0, 0, 0, 0, 0, 0, 0, 0, 0, 0, 0, 0, 0, 0, 0, 0, 0, 0, 0, 0, 0, 0, 0, 0
0, 0, 0, 0, 0, 0, 0, 0, 0, 0, 0, 0, 0, 0, 0, 0, 0, 0, 0, 0, 0, 0, 0, 0, 0, 0, 0, 0, 0, 0, 0, 0, 0, 0, 0, 0, 0, 0, 0, 0, 0, 0, 0, 0, 0, 0, 0, 0, 0, 0, 0, 0, 0, 0, 0, 0, 0, 0, 0, 0, 0, 0.00015350133, 5.222909e-05, -3.977955e-05, 6.729745e-05, 0.00026765742, 0.0008849372, 0.0013422872, 0.00172246, 0.0018848974, 0.0020780023, 0.0020632416, 0.0020107855, 0.0018820501, 0.0017817785, 0.001745847, 0.0017515535, 0.0017861148, 0.0018025864, 0.0017830494, 0.001636159, 0.0012804066, 0.0010374658, 0.00048183414, -0.00019993987, -0.0012118801, -0.0016342417, -0.0018861338, -0.0012656912, -0.0010024529, 0, 0, 0, 0, 0, 0, 0, 0, 0, 0, 0, 0, 0, 0, 0, 0, 0, 0, 0, 0, 0, 0, 0, 0, 0, 0, 0, 0, 0, 0, 0, 0, 0, 0, 0, 0, 0, 0, 0, 0, 0, 0, 0, 0, 0, 0, 0, 0, 0, 0, 0, 0, 0, 0, 0, 0, 0, 0, 0, 0
0, 0, 0, 0, 0, 0, 0, 0, 0, 0, 0, 0, 0, 0, 0, 0, 0, 0, 0, 0, 0, 0, 0, 0, 0, 0, 0, 0, 0, 0, 0, 0, 0, 0, 0, 0, 0, 0, 0, 0, 0, 0, 0, 0, 0, 0, 0, 0, 0, 0, 0, 0, 0, 0, 0, 0, 0, 0, 0, 0, 0.0021690193, 0.0009834202, 0.0005458829, 2.1970289e-05, -0.00028605192, -0.00036491992, -0.00037024476, -0.00023339607, 3.721759e-05, 0.00021230376, 0.00058500527, 0.0009058117, 0.001028754, 0.0011901004, 0.0012492606, 0.0012221014, 0.0011774561, 0.0010199893, 0.000762698, 0.000597268, 0.00021436626, -0.0001816962, -0.00035676642, -0.0006257213, -0.00079564494, -0.0008837925, -0.00084711716, -0.0004933759, 0.00038887575, 0.0011564143, 0.0031692917, 0, 0, 0, 0, 0, 0, 0, 0, 0, 0, 0, 0, 0, 0, 0, 0, 0, 0, 0, 0, 0, 0, 0, 0, 0, 0, 0, 0, 0, 0, 0, 0, 0, 0, 0, 0, 0, 0, 0, 0, 0, 0, 0, 0, 0, 0, 0, 0, 0, 0, 0, 0, 0, 0, 0, 0, 0, 0, 0
0, 0, 0, 0, 0, 0, 0, 0, 0, 0, 0, 0, 0, 0, 0, 0, 0, 0, 0, 0, 0, 0, 0, 0, 0, 0, 0, 0, 0, 0, 0, 0, 0, 0, 0, 0, 0, 0, 0, 0, 0, 0, 0, 0, 0, 0, 0, 0, 0, 0, 0, 0, 0, 0, 0, 0, 0, 0, 0, 0.00703819, 0.003851052, 0.0020651824, 0.0015684351, 0.0009035872, 0.00041536495, 0.00021689344, -6.633861e-05, -0.00017015141, -7.949524e-05, 3.021728e-05, 0.00033388188, 0.00066927687, 0.0008211092, 0.0010540514, 0.0011674186, 0.001156109, 0.0011054033, 0.0009209895, 0.000647281, 0.00049101666, 0.00018242504, -5.3196156e-05, -0.00012106563, -0.00013292242, 1.918379e-05, 0.0003219452, 0.0005350915, 0.0011176437, 0.0020390921, 0.0027451834, 0.005094691, 0.008972639, 0, 0, 0, 0, 0, 0, 0, 0, 0, 0, 0, 0, 0, 0, 0, 0, 0, 0, 0, 0, 0, 0, 0, 0, 0, 0, 0, 0, 0, 0, 0, 0, 0, 0, 0, 0, 0, 0, 0, 0, 0, 0, 0, 0, 0, 0, 0, 0, 0, 0, 0, 0, 0, 0, 0, 0, 0, 0
0, 0, 0, 0, 0, 0, 0, 0, 0, 0, 0, 0, 0, 0, 0, 0, 0, 0, 0, 0, 0, 0, 0, 0, 0, 0, 0, 0, 0, 0, 0, 0, 0, 0, 0, 0, 0, 0, 0, 0, 0, 0, 0, 0, 0, 0, 0, 0, 0, 0, 0, 0, 0, 0, 0, 0, 0, 0, 0.00621993, 0.0054983143, 0.004291726, 0.0033210975, 0.0029847284, 0.0024587363, 0.0020107273, 0.0018064794, 0.0014633692, 0.0012489276, 0.0011933866, 0.001223875, 0.0013746091, 0.001589723, 0.0016987922, 0.001879605, 0.0019784006, 0.001978487, 0.0019421834, 0.0018094614, 0.0016251561, 0.001529467, 0.001368539, 0.0012974369, 0.001309694, 0.001442272, 0.0017138774, 0.0021035245, 0.0023361754, 0.0028746722, 0.00356042, 0.0040080748, 0.0052709095, 0.0068466663, 0.008164705, 0.00867193, 0, 0, 0, 0, 0, 0, 0, 0, 0, 0, 0, 0, 0, 0, 0, 0, 0, 0, 0, 0, 0, 0, 0, 0, 0, 0, 0, 0, 0, 0, 0, 0, 0, 0, 0, 0, 0, 0, 0, 0, 0, 0, 0, 0, 0, 0, 0, 0, 0, 0, 0, 0, 0, 0, 0, 0
0, 0, 0, 0, 0, 0, 0, 0, 0, 0, 0, 0, 0, 0, 0, 0, 0, 0, 0, 0, 0, 0, 0, 0, 0, 0, 0, 0, 0, 0, 0, 0, 0, 0, 0, 0, 0, 0, 0, 0, 0, 0, 0, 0, 0, 0, 0, 0, 0, 0, 0, 0, 0, 0, 0, 0, 0, 0.008238025, 0.0067437924, 0.0054493803, 0.004978003, 0.0046846857, 0.0045619546, 0.004320032, 0.004063177, 0.003931973, 0.003686445, 0.0034957628, 0.0033878025, 0.0033678054, 0.0033876505, 0.0034615486, 0.0035068963, 0.0035905538, 0.0036392119, 0.0036369201, 0.0036155568, 0.0035411173, 0.003445163, 0.003400268, 0.0033400396, 0.0033492087, 0.0033873045, 0.0035367224, 0.003774876, 0.004075575, 0.0042375475, 0.0045573357, 0.004852469, 0.004993861, 0.0052874237, 0.005595396, 0.005980473, 0.006197086, 0, 0, 0, 0, 0, 0, 0, 0, 0, 0, 0, 0, 0, 0, 0, 0, 0, 0, 0, 0, 0, 0, 0, 0, 0, 0, 0, 0, 0, 0, 0, 0, 0, 0, 0, 0, 0, 0, 0, 0, 0, 0, 0, 0, 0, 0, 0, 0, 0, 0, 0, 0, 0, 0, 0, 0
0, 0, 0, 0, 0, 0, 0, 0, 0, 0, 0, 0, 0, 0, 0, 0, 0, 0, 0, 0, 0, 0, 0, 0, 0, 0, 0, 0, 0, 0, 0, 0, 0, 0, 0, 0, 0, 0, 0, 0, 0, 0, 0, 0, 0, 0, 0, 0, 0, 0, 0, 0, 0, 0, 0, 0, 0.010055901, 0.007583448, 0.006811593, 0.0060789557, 0.0059761507, 0.0060434206, 0.0060778903, 0.006112031, 0.0060966825, 0.006074497, 0.0060125743, 0.005941436, 0.005875176, 0.0058472874, 0.0058058803, 0.0057840254, 0.005779538, 0.0057775215, 0.005775123, 0.0057611954, 0.0057473984, 0.0057048504, 0.0056502726, 0.005623661, 0.0055830516, 0.005576851, 0.0055911667, 0.0056573567, 0.0057645766, 0.0058809808, 0.0059275073, 0.005960144, 0.005870395, 0.005772775, 0.005492519, 0.0052025667, 0.005185517, 0.0054409984, 0.0070889303, 0, 0, 0, 0, 0, 0, 0, 0, 0, 0, 0, 0, 0, 0, 0, 0, 0, 0, 0, 0, 0, 0, 0, 0, 0, 0, 0, 0, 0, 0, 0, 0, 0, 0, 0, 0, 0, 0, 0, 0, 0, 0, 0, 0, 0, 0, 0, 0, 0, 0, 0, 0, 0, 0, 0
0, 0, 0, 0, 0, 0, 0, 0, 0, 0, 0, 0, 0, 0, 0, 0, 0, 0, 0, 0, 0, 0, 0, 0, 0, 0, 0, 0, 0, 0, 0, 0, 0, 0, 0, 0, 0, 0, 0, 0, 0, 0, 0, 0, 0, 0, 0, 0, 0, 0, 0, 0, 0, 0, 0.011229691, 0.010383424, 0.008376756, 0.00723487, 0.0069561703, 0.006807486, 0.006966574, 0.007221336, 0.0073492974, 0.007581136, 0.0077750073, 0.007856462, 0.007986273, 0.008065954, 0.008094231, 0.008090477, 0.008055939, 0.008002672, 0.007976065, 0.007930895, 0.007900126, 0.007876535, 0.007862794, 0.007823123, 0.007761618, 0.0077225934, 0.007634343, 0.0075434977, 0.0075014303, 0.0074262656, 0.007354889, 0.00725701, 0.007183022, 0.0069535626, 0.006584182, 0.0063458285, 0.0057987813, 0.005274385, 0.005016126, 0.005094297, 0.0058531654, 0.007263252, 0.0078315055, 0, 0, 0, 0, 0, 0, 0, 0, 0, 0, 0, 0, 0, 0, 0, 0, 0, 0, 0, 0, 0, 0, 0, 0, 0, 0, 0, 0, 0, 0, 0, 0, 0, 0, 0, 0, 0, 0, 0, 0, 0, 0, 0, 0, 0, 0, 0, 0, 0, 0, 0, 0, 0
0, 0, 0, 0, 0, 0, 0, 0, 0, 0, 0, 0, 0, 0, 0, 0, 0, 0, 0, 0, 0, 0, 0, 0, 0, 0, 0, 0, 0, 0, 0, 0, 0, 0, 0, 0, 0, 0, 0, 0, 0, 0, 0, 0, 0, 0, 0, 0, 0, 0, 0, 0, 0, 0, 0.0077819712, 0.0075250887, 0.0070167687, 0.006916554, 0.006994173, 0.00728817, 0.0076614097, 0.008044829, 0.0082321605, 0.008591753, 0.008927991, 0.009083506, 0.009356619, 0.009562303, 0.009686747, 0.009718206, 0.009729361, 0.0096947225, 0.009670324, 0.009624341, 0.009589768, 0.009561583, 0.009543633, 0.009486219, 0.009385986, 0.009317506, 0.00914757, 0.008944042, 0.008834601, 0.008604876, 0.008357003, 0.008067868, 0.007897211, 0.007482937, 0.006958334, 0.0066589345, 0.0060215835, 0.0054136487, 0.0049683717, 0.0048525953, 0.0049049202, 0.0053159203, 0.00554747, 0, 0, 0, 0, 0, 0, 0, 0, 0, 0, 0, 0, 0, 0, 0, 0, 0, 0, 0, 0, 0, 0, 0, 0, 0, 0, 0, 0, 0, 0, 0, 0, 0, 0, 0, 0, 0, 0, 0, 0, 0, 0, 0, 0, 0, 0, 0, 0, 0, 0, 0, 0, 0
0, 0, 0, 0, 0, 0, 0, 0, 0, 0, 0, 0, 0, 0, 0, 0, 0, 0, 0, 0, 0, 0, 0, 0, 0, 0, 0, 0, 0, 0, 0, 0, 0, 0, 0, 0, 0, 0, 0, 0, 0, 0, 0, 0, 0, 0, 0, 0, 0, 0, 0, 0, 0, 0.0077286833, 0.006227291, 0.006002992, 0.0060712392, 0.006502618, 0.0067767194, 0.007348056, 0.007891485, 0.008388939, 0.008623091, 0.009068132, 0.009484809, 0.009679317, 0.010029223, 0.010308298, 0.010500613, 0.010563086, 0.010628908, 0.010637328, 0.010629052, 0.010604051, 0.010577352, 0.010542189, 0.010515544, 0.010428288, 0.010280418, 0.010181465, 0.009934907, 0.0096359365, 0.009471426, 0.009120241, 0.008740335, 0.008320914, 0.008090747, 0.007581854, 0.007006826, 0.006700245, 0.0060729887, 0.0054706894, 0.004951219, 0.004741629, 0.00447616, 0.0045541977, 0.0048328387, 0.006413585, 0, 0, 0, 0, 0, 0, 0, 0, 0, 0, 0, 0, 0, 0, 0, 0, 0, 0, 0, 0, 0, 0, 0, 0, 0, 0, 0, 0, 0, 0, 0, 0, 0, 0, 0, 0, 0, 0, 0, 0, 0, 0, 0, 0, 0, 0, 0, 0, 0, 0, 0, 0
0, 0, 0, 0, 0, 0, 0, 0, 0, 0, 0, 0, 0, 0, 0, 0, 0, 0, 0, 0, 0, 0, 0, 0, 0, 0, 0, 0, 0, 0, 0, 0, 0, 0, 0, 0, 0, 0, 0, 0, 0, 0, 0, 0, 0, 0, 0, 0, 0, 0, 0, 0.008094482, 0.0074831513, 0.0060327887, 0.005213203, 0.0051150755, 0.005365727, 0.0059427954, 0.00628121, 0.0069715097, 0.0076216515, 0.008208259, 0.008478077, 0.008976853, 0.009426916, 0.009633158, 0.010003419, 0.010307816, 0.010537391, 0.010622972, 0.010740304, 0.010797641, 0.010809771, 0.010810995, 0.010788382, 0.01073797, 0.010698082, 0.010579319, 0.010397211, 0.010280667, 0.009999187, 0.009659726, 0.009472318, 0.009067422, 0.008627366, 0.008152215, 0.00790158, 0.0073755346, 0.0068250042, 0.006546047, 0.00599542, 0.0054721506, 0.004996293, 0.0047849664, 0.0044564516, 0.0043834127, 0.004526448, 0.005357113, 0.0068332907, 0.0073959148, 0, 0, 0, 0, 0, 0, 0, 0, 0, 0, 0, 0, 0, 0, 0, 0, 0, 0, 0, 0, 0, 0, 0, 0, 0, 0, 0, 0, 0, 0, 0, 0, 0, 0, 0, 0, 0, 0, 0, 0, 0, 0, 0, 0, 0, 0, 0, 0, 0, 0
0, 0, 0, 0, 0, 0, 0, 0, 0, 0, 0, 0, 0, 0, 0, 0, 0, 0, 0, 0, 0, 0, 0, 0, 0, 0, 0, 0, 0, 0, 0, 0, 0, 0, 0, 0, 0, 0, 0, 0, 0, 0, 0, 0, 0, 0, 0, 0, 0, 0, 0, 0.0051551256, 0.004979095, 0.0045072646, 0.004311193, 0.0043570604, 0.0046962667, 0.005262063, 0.0055916645, 0.0062833223, 0.0069604088, 0.007580537, 0.007863542, 0.008373985, 0.00881622, 0.009014497, 0.00936994, 0.0096736625, 0.009925175, 0.010030544, 0.010198044, 0.010306919, 0.010339894, 0.010365472, 0.010341507, 0.010270625, 0.010218377, 0.010079412, 0.009893686, 0.009783087, 0.0095259715, 0.00921969, 0.00904784, 0.008667109, 0.008240504, 0.0077769402, 0.0075356867, 0.007046051, 0.0065636393, 0.006331127, 0.0058910837, 0.0054853577, 0.005107967, 0.0049290806, 0.0046040094, 0.004378046, 0.0043364014, 0.004471164, 0.0049023638, 0.005119334, 0, 0, 0, 0, 0, 0, 0, 0, 0, 0, 0, 0, 0, 0, 0, 0, 0, 0, 0, 0, 0, 0, 0, 0, 0, 0, 0, 0, 0, 0, 0, 0, 0, 0, 0, 0, 0, 0, 0, 0, 0, 0, 0, 0, 0, 0, 0, 0, 0, 0
0, 0, 0, 0, 0, 0, 0, 0, 0, 0, 0, 0, 0, 0, 0, 0, 0, 0, 0, 0, 0, 0, 0, 0, 0, 0, 0, 0, 0, 0, 0, 0, 0, 0, 0, 0, 0, 0, 0, 0, 0, 0, 0, 0, 0, 0, 0, 0, 0, 0, 0.0038284112, 0.0035679953, 0.0034908107, 0.003469908, 0.0036110103, 0.0037397747, 0.004110837, 0.00461465, 0.0049043093, 0.005523347, 0.0061468943, 0.0067258347, 0.006989051, 0.0074555906, 0.007850296, 0.008026231, 0.008347897, 0.008643114, 0.00891691, 0.009043306, 0.009264945, 0.009428261, 0.009482987, 0.00953405, 0.009511526, 0.00942932, 0.009372031, 0.009237335, 0.009085322, 0.0090038385, 0.008824669, 0.008610465, 0.008484512, 0.008186484, 0.007826514, 0.007418454, 0.0072047557, 0.006778685, 0.006380136, 0.006197951, 0.0058700326, 0.0055784467, 0.005294149, 0.0051455004, 0.0048246463, 0.0044835294, 0.0043203696, 0.0040668906, 0.0040396214, 0.0041764956, 0.0048460914, 0, 0, 0, 0, 0, 0, 0, 0, 0, 0, 0, 0, 0, 0, 0, 0, 0, 0, 0, 0, 0, 0, 0, 0, 0, 0, 0, 0, 0, 0, 0, 0, 0, 0, 0, 0, 0, 0, 0, 0, 0, 0, 0, 0, 0, 0, 0, 0, 0
0, 0, 0, 0, 0, 0, 0, 0, 0, 0, 0, 0, 0, 0, 0, 0, 0, 0, 0, 0, 0, 0, 0, 0, 0, 0, 0, 0, 0, 0, 0, 0, 0, 0, 0, 0, 0, 0, 0, 0, 0, 0, 0, 0, 0, 0, 0, 0, 0, 0.005489024, 0.003939023, 0.0031377578, 0.0030319295, 0.0030862943, 0.0033064056, 0.0034503466, 0.0037950054, 0.004216417, 0.0044532944, 0.0049595246, 0.0054726447, 0.0059486763, 0.006163237, 0.0065399446, 0.006857713, 0.007002541, 0.00728303, 0.007569501, 0.007866113, 0.00801353, 0.008286958, 0.008501677, 0.0085777035, 0.00865853, 0.008649381, 0.008576587, 0.008527225, 0.008425, 0.008335684, 0.008297012, 0.008221865, 0.008122769, 0.008053723, 0.007860576, 0.0075891325, 0.0072567514, 0.007078956, 0.0067272373, 0.006412694, 0.0062759155, 0.0060418244, 0.0058379835, 0.005621104, 0.0054940954, 0.0051856446, 0.0048093298, 0.004610137, 0.004259642, 0.0041646883, 0.004341671, 0.005667431, 0.008099336, 0, 0, 0, 0, 0, 0, 0, 0, 0, 0, 0, 0, 0, 0, 0, 0, 0, 0, 0, 0, 0, 0, 0, 0, 0, 0, 0, 0, 0, 0, 0, 0, 0, 0, 0, 0, 0, 0, 0, 0, 0, 0, 0, 0, 0, 0, 0, 0
0, 0, 0, 0, 0, 0, 0, 0, 0, 0, 0, 0, 0, 0, 0, 0, 0, 0, 0, 0, 0, 0, 0, 0, 0, 0, 0, 0, 0, 0, 0, 0, 0, 0, 0, 0, 0, 0, 0, 0, 0, 0, 0, 0, 0, 0, 0, 0, 0, 0.004403675, 0.0036419807, 0.0032262793, 0.0031746307, 0.0032534443, 0.0034565034, 0.0035824922, 0.0038703824, 0.00420577, 0.00438938, 0.0047770333, 0.0051646875, 0.0055194944, 0.005677956, 0.0059553166, 0.0061948993, 0.006310286, 0.006551757, 0.0068266904, 0.007135126, 0.0072949715, 0.0076000844, 0.007848939, 0.007941103, 0.008050677, 0.008069225, 0.00802895, 0.008000458, 0.007952932, 0.007937603, 0.007942615, 0.007963528, 0.007965457, 0.007946091, 0.007847063, 0.007662265, 0.0074108536, 0.007272832, 0.007001407, 0.0067674424, 0.0066703507, 0.0065102885, 0.0063671097, 0.0061947578, 0.006084363, 0.005801416, 0.0054458287, 0.0052558873, 0.00491113, 0.004750198, 0.004813642, 0.005420209, 0.006511342, 0, 0, 0, 0, 0, 0, 0, 0, 0, 0, 0, 0, 0, 0, 0, 0, 0, 0, 0, 0, 0, 0, 0, 0, 0, 0, 0, 0, 0, 0, 0, 0, 0, 0, 0, 0, 0, 0, 0, 0, 0, 0, 0, 0, 0, 0, 0, 0
0, 0, 0, 0, 0, 0, 0, 0, 0, 0, 0, 0, 0, 0, 0, 0, 0, 0, 0, 0, 0, 0, 0, 0, 0, 0, 0, 0, 0, 0, 0, 0, 0, 0, 0, 0, 0, 0, 0, 0, 0, 0, 0, 0, 0, 0, 0, 0, 0.0053811693, 0.0042717746, 0.0037963458, 0.0036795163, 0.0036966756, 0.0038146721, 0.003995444, 0.0041005593, 0.004333895, 0.0045964983, 0.004737389, 0.0050285216, 0.0053160363, 0.005578681, 0.005696614, 0.0059067975, 0.006098503, 0.006195778, 0.006411481, 0.006669331, 0.006966507, 0.0071223644, 0.007423759, 0.007677026, 0.007775026, 0.007907003, 0.007962286, 0.007972631, 0.007974131, 0.00799162, 0.008044729, 0.008084066, 0.008171731, 0.008238754, 0.008252124, 0.008221173, 0.008110716, 0.007940846, 0.007845249, 0.007658892, 0.007502982, 0.0074404036, 0.0073351925, 0.0072292318, 0.0070820693, 0.0069824182, 0.006724543, 0.0064006033, 0.006225176, 0.0058824974, 0.0056136986, 0.0055373874, 0.005593443, 0.0061140647, 0.0074097784, 0, 0, 0, 0, 0, 0, 0, 0, 0, 0, 0, 0, 0, 0, 0, 0, 0, 0, 0, 0, 0, 0, 0, 0, 0, 0, 0, 0, 0, 0, 0, 0, 0, 0, 0, 0, 0, 0, 0, 0, 0, 0, 0, 0, 0, 0, 0
0, 0, 0, 0, 0, 0, 0, 0, 0, 0, 0, 0, 0, 0, 0, 0, 0, 0, 0, 0, 0, 0, 0, 0, 0, 0, 0, 0, 0, 0, 0, 0, 0, 0, 0, 0, 0, 0, 0, 0, 0, 0, 0, 0, 0, 0, 0, 0.008555436, 0.0066881087, 0.004944023, 0.0044858023, 0.004467973, 0.0045183827, 0.0046634744, 0.0048362366, 0.004929127, 0.00512713, 0.005340097, 0.0054517724, 0.005680589, 0.005908965, 0.006126642, 0.0062292055, 0.006421879, 0.006607927, 0.0067035086, 0.006911144, 0.007148156, 0.0074117295, 0.0075477655, 0.007811788, 0.008041455, 0.008136449, 0.00828372, 0.008381584, 0.008453109, 0.008487665, 0.008569575, 0.0086752325, 0.008735061, 0.008854602, 0.008949029, 0.008977876, 0.008989002, 0.008938961, 0.0088460455, 0.008792007, 0.008686346, 0.008597283, 0.008558875, 0.008484376, 0.008387837, 0.008241082, 0.008142776, 0.00789416, 0.007586752, 0.0074175587, 0.0070625735, 0.0067103067, 0.0065523707, 0.0063715526, 0.0067265597, 0.008645148, 0.010769347, 0, 0, 0, 0, 0, 0, 0, 0, 0, 0, 0, 0, 0, 0, 0, 0, 0, 0, 0, 0, 0, 0, 0, 0, 0, 0, 0, 0, 0, 0, 0, 0, 0, 0, 0, 0, 0, 0, 0, 0, 0, 0, 0, 0, 0, 0
0, 0, 0, 0, 0, 0, 0, 0, 0, 0, 0, 0, 0, 0, 0, 0, 0, 0, 0, 0, 0, 0, 0, 0, 0, 0, 0, 0, 0, 0, 0, 0, 0, 0, 0, 0, 0, 0, 0, 0, 0, 0, 0, 0, 0, 0, 0.008022779, 0.007012004, 0.0063558244, 0.0055623823, 0.005374889, 0.005457728, 0.005537371, 0.005720765, 0.005912922, 0.006009204, 0.0062005105, 0.0063912305, 0.006487125, 0.006682133, 0.0068823104, 0.0070879906, 0.0071919505, 0.0074003665, 0.007609094, 0.007714305, 0.007927853, 0.008146762, 0.008368524, 0.0084786415, 0.008691154, 0.008886277, 0.008975332, 0.009136026, 0.009277895, 0.0094100805, 0.009475639, 0.0096099265, 0.009746638, 0.009813347, 0.009934418, 0.010026001, 0.010057462, 0.0100886915, 0.010082937, 0.010051768, 0.010030567, 0.009983258, 0.0099296, 0.009897755, 0.009815382, 0.00969194, 0.009514798, 0.009404766, 0.009143592, 0.008833806, 0.008662368, 0.008287298, 0.007874489, 0.0076639075, 0.0073033515, 0.007248864, 0.007935221, 0.008597844, 0.009570918, 0, 0, 0, 0, 0, 0, 0, 0, 0, 0, 0, 0, 0, 0, 0, 0, 0, 0, 0, 0, 0, 0, 0, 0, 0, 0, 0, 0, 0, 0, 0, 0, 0, 0, 0, 0, 0, 0, 0, 0, 0, 0, 0, 0, 0
0, 0, 0, 0, 0, 0, 0, 0, 0, 0, 0, 0, 0, 0, 0, 0, 0, 0, 0, 0, 0, 0, 0, 0, 0, 0, 0, 0, 0, 0, 0, 0, 0, 0, 0, 0, 0, 0, 0, 0, 0, 0, 0, 0, 0, 0, 0.006673334, 0.0061151064, 0.0060023144, 0.0060128393, 0.0062097516, 0.0064755357, 0.006615015, 0.0068894816, 0.0071487236, 0.007270165, 0.007494404, 0.007694885, 0.007788622, 0.007971028, 0.008158554, 0.008361329, 0.008469567, 0.008697191, 0.008931755, 0.009048211, 0.00927306, 0.009480835, 0.009670435, 0.009759219, 0.009929598, 0.010097409, 0.01018214, 0.010355729, 0.010533753, 0.010711457, 0.010797775, 0.010960245, 0.011101571, 0.011162163, 0.0112606045, 0.0113293715, 0.011353916, 0.011386971, 0.011403645, 0.011405095, 0.011398999, 0.011368213, 0.011303196, 0.011254647, 0.011119579, 0.01093218, 0.010696654, 0.010563551, 0.010270978, 0.009942081, 0.009760811, 0.00935405, 0.00887388, 0.008606306, 0.008040927, 0.0075282105, 0.0072582187, 0.00728347, 0.007759597, 0, 0, 0, 0, 0, 0, 0, 0, 0, 0, 0, 0, 0, 0, 0, 0, 0, 0, 0, 0, 0, 0, 0, 0, 0, 0, 0, 0, 0, 0, 0, 0, 0, 0, 0, 0, 0, 0, 0, 0, 0, 0, 0, 0, 0
0, 0, 0, 0, 0, 0, 0, 0, 0, 0, 0, 0, 0, 0, 0, 0, 0, 0, 0, 0, 0, 0, 0, 0, 0, 0, 0, 0, 0, 0, 0, 0, 0, 0, 0, 0, 0, 0, 0, 0, 0, 0, 0, 0, 0, 0.0067445748, 0.005907691, 0.0058080466, 0.0059597096, 0.006422821, 0.0069292425, 0.007403575, 0.0076251733, 0.008039308, 0.008412301, 0.008581265, 0.008880247, 0.009127114, 0.009234257, 0.009427559, 0.009613987, 0.009813942, 0.0099227065, 0.010156864, 0.010403871, 0.010526663, 0.01075951, 0.01096459, 0.011138894, 0.011216965, 0.011365033, 0.011517237, 0.011599262, 0.011777683, 0.011970106, 0.012161801, 0.012251578, 0.012408654, 0.012526191, 0.0125691425, 0.012627493, 0.012659612, 0.01267028, 0.012687394, 0.0127000455, 0.012697763, 0.012685461, 0.012626033, 0.01250643, 0.012421672, 0.012203281, 0.011931261, 0.011624171, 0.011462513, 0.011126946, 0.01076561, 0.01056753, 0.010115945, 0.009561774, 0.009239974, 0.008511496, 0.007716333, 0.0069990386, 0.0067576226, 0.006792929, 0.0077274186, 0, 0, 0, 0, 0, 0, 0, 0, 0, 0, 0, 0, 0, 0, 0, 0, 0, 0, 0, 0, 0, 0, 0, 0, 0, 0, 0, 0, 0, 0, 0, 0, 0, 0, 0, 0, 0, 0, 0, 0, 0, 0, 0, 0
0, 0, 0, 0, 0, 0, 0, 0, 0, 0, 0, 0, 0, 0, 0, 0, 0, 0, 0, 0, 0, 0, 0, 0, 0, 0, 0, 0, 0, 0, 0, 0, 0, 0, 0, 0, 0, 0, 0, 0, 0, 0, 0, 0, 0.0068171895, 0.0062490273, 0.0056930296, 0.005936014, 0.00621763, 0.0068901507, 0.0075687724, 0.008196593, 0.008490272, 0.009040667, 0.0095390305, 0.0097652245, 0.0101639945, 0.010487322, 0.010622849, 0.010854681, 0.011058792, 0.0112628145, 0.011370936, 0.011603102, 0.011849848, 0.011973392, 0.0122086005, 0.012414965, 0.012586729, 0.012662028, 0.012801309, 0.012941896, 0.013017511, 0.013181761, 0.013356509, 0.013524021, 0.013598084, 0.013716182, 0.013786341, 0.013804046, 0.013811926, 0.013799344, 0.013790938, 0.013775253, 0.013757441, 0.013719446, 0.013684461, 0.013567149, 0.013374374, 0.013248848, 0.012947568, 0.012598634, 0.012227524, 0.012039143, 0.0116575705, 0.011253827, 0.011033647, 0.010531273, 0.009918609, 0.009564944, 0.008769106, 0.007897996, 0.0070804576, 0.0067701917, 0.006619272, 0.007569867, 0.008465755, 0, 0, 0, 0, 0, 0, 0, 0, 0, 0, 0, 0, 0, 0, 0, 0, 0, 0, 0, 0, 0, 0, 0, 0, 0, 0, 0, 0, 0, 0, 0, 0, 0, 0, 0, 0, 0, 0, 0, 0, 0, 0, 0
0, 0, 0, 0, 0, 0, 0, 0, 0, 0, 0, 0, 0, 0, 0, 0, 0, 0, 0, 0, 0, 0, 0, 0, 0, 0, 0, 0, 0, 0, 0, 0, 0, 0, 0, 0, 0, 0, 0, 0, 0, 0, 0, 0, 0.0065307966, 0.0060712183, 0.00590953, 0.0063779345, 0.0067159557, 0.007451186, 0.00817809, 0.008864856, 0.009193102, 0.009821792, 0.010407328, 0.010679033, 0.011167987, 0.011574483, 0.011746583, 0.012037516, 0.012279656, 0.012502842, 0.0126147345, 0.012846949, 0.013089775, 0.013211427, 0.01344432, 0.013650609, 0.013821647, 0.013894781, 0.0140241245, 0.014144286, 0.014204989, 0.014331044, 0.014457613, 0.014570201, 0.014615582, 0.014675173, 0.014688532, 0.014678947, 0.014635362, 0.014574956, 0.014543172, 0.014480375, 0.014411698, 0.014317039, 0.014252186, 0.014072842, 0.013818692, 0.013663967, 0.013310026, 0.012915952, 0.01250457, 0.012296558, 0.011873311, 0.011424093, 0.011180286, 0.010634564, 0.009994166, 0.009637199, 0.008862283, 0.008050116, 0.007304898, 0.0070187408, 0.0068672267, 0.007972879, 0.009476857, 0.013650913, 0, 0, 0, 0, 0, 0, 0, 0, 0, 0, 0, 0, 0, 0, 0, 0, 0, 0, 0, 0, 0, 0, 0, 0, 0, 0, 0, 0, 0, 0, 0, 0, 0, 0, 0, 0, 0, 0, 0, 0, 0, 0
0, 0, 0, 0, 0, 0, 0, 0, 0, 0, 0, 0, 0, 0, 0, 0, 0, 0, 0, 0, 0, 0, 0, 0, 0, 0, 0, 0, 0, 0, 0, 0, 0, 0, 0, 0, 0, 0, 0, 0, 0, 0, 0, 0.00793648, 0.0065658684, 0.0063047577, 0.0064444384, 0.0070256954, 0.0073742964, 0.008089359, 0.008782289, 0.00944447, 0.009766205, 0.010395235, 0.010999866, 0.011288275, 0.0118237715, 0.012288185, 0.01249071, 0.012839124, 0.013127132, 0.013379041, 0.013499148, 0.013737365, 0.0139768, 0.014095252, 0.014321008, 0.014519787, 0.014680738, 0.014746684, 0.014853641, 0.014937548, 0.014974825, 0.015044129, 0.015105821, 0.015151818, 0.015165449, 0.015167026, 0.01513008, 0.015097591, 0.015010296, 0.0149032725, 0.0148457475, 0.01472507, 0.014592253, 0.014433259, 0.014338465, 0.014108953, 0.013821237, 0.013656083, 0.013289971, 0.012888642, 0.012464955, 0.01224676, 0.011793838, 0.0113071175, 0.011045334, 0.010476655, 0.009844747, 0.009507882, 0.008807307, 0.008102549, 0.007452847, 0.0071805282, 0.0068694404, 0.0071786675, 0.007687942, 0.00885386, 0, 0, 0, 0, 0, 0, 0, 0, 0, 0, 0, 0, 0, 0, 0, 0, 0, 0, 0, 0, 0, 0, 0, 0, 0, 0, 0, 0, 0, 0, 0, 0, 0, 0, 0, 0, 0, 0, 0, 0, 0, 0
0, 0, 0, 0, 0, 0, 0, 0, 0, 0, 0, 0, 0, 0, 0, 0, 0, 0, 0, 0, 0, 0, 0, 0, 0, 0, 0, 0, 0, 0, 0, 0, 0, 0, 0, 0, 0, 0, 0, 0, 0, 0, 0, 0.008403391, 0.0070518088, 0.00689517, 0.007155405, 0.0077449707, 0.008074671, 0.008731299, 0.009358108, 0.009955732, 0.01024717, 0.010821509, 0.011385204, 0.011660028, 0.012185122, 0.012660908, 0.012875402, 0.013254614, 0.013573098, 0.013846628, 0.013972864, 0.014213461, 0.01444469, 0.014556229, 0.014764992, 0.014943963, 0.015081396, 0.015133304, 0.015205126, 0.015242703, 0.015252437, 0.015260545, 0.015258188, 0.015244814, 0.015232275, 0.015189989, 0.015118583, 0.0150706945, 0.014950138, 0.0148010235, 0.014717335, 0.01453464, 0.014333018, 0.0141095435, 0.013988266, 0.013723005, 0.013424722, 0.013262716, 0.012912881, 0.0125300735, 0.0121156275, 0.011896511, 0.011431391, 0.010928492, 0.0106623145, 0.010103102, 0.009516835, 0.009217848, 0.008617767, 0.008026372, 0.0074564796, 0.0071884505, 0.006740276, 0.0066029346, 0.006796327, 0.008309596, 0.011130857, 0, 0, 0, 0, 0, 0, 0, 0, 0, 0, 0, 0, 0, 0, 0, 0, 0, 0, 0, 0, 0, 0, 0, 0, 0, 0, 0, 0, 0, 0, 0, 0, 0, 0, 0, 0, 0, 0, 0, 0, 0
0, 0, 0, 0, 0, 0, 0, 0, 0, 0, 0, 0, 0, 0, 0, 0, 0, 0, 0, 0, 0, 0, 0, 0, 0, 0, 0, 0, 0, 0, 0, 0, 0, 0, 0, 0, 0, 0, 0, 0, 0, 0, 0.014441808, 0.00923085, 0.0076749353, 0.007537938, 0.00780642, 0.0083566625, 0.008659322, 0.009260986, 0.009833077, 0.010372796, 0.010633058, 0.011141543, 0.011638294, 0.011882183, 0.01235546, 0.012797967, 0.013003023, 0.013374054, 0.013692657, 0.013965275, 0.014088158, 0.014315341, 0.014523688, 0.014621203, 0.014798908, 0.014945134, 0.015049588, 0.01508428, 0.015118314, 0.015112101, 0.015097728, 0.015054515, 0.0150012635, 0.014943647, 0.0149123315, 0.014840662, 0.014747029, 0.014688436, 0.014543118, 0.014357701, 0.014250537, 0.014011765, 0.013748175, 0.013469152, 0.013326199, 0.013035169, 0.012735499, 0.012580555, 0.012254662, 0.011898185, 0.011504222, 0.011291391, 0.010835233, 0.010345441, 0.010091906, 0.009578427, 0.009069376, 0.008820104, 0.008331835, 0.00784818, 0.007352119, 0.0070968494, 0.006596999, 0.00624713, 0.0062353164, 0.0068592466, 0.008247518, 0, 0, 0, 0, 0, 0, 0, 0, 0, 0, 0, 0, 0, 0, 0, 0, 0, 0, 0, 0, 0, 0, 0, 0, 0, 0, 0, 0, 0, 0, 0, 0, 0, 0, 0, 0, 0, 0, 0, 0, 0
0, 0, 0, 0, 0, 0, 0, 0, 0, 0, 0, 0, 0, 0, 0, 0, 0, 0, 0, 0, 0, 0, 0, 0, 0, 0, 0, 0, 0, 0, 0, 0, 0, 0, 0, 0, 0, 0, 0, 0, 0, 0, 0.0095253, 0.008080533, 0.0076448754, 0.0077173407, 0.00813777, 0.00870175, 0.008995941, 0.009575032, 0.010123906, 0.010635221, 0.010877592, 0.011339461, 0.011777252, 0.011989202, 0.012399091, 0.0127863325, 0.012968225, 0.013303295, 0.013594413, 0.013842286, 0.013951707, 0.014146599, 0.014316243, 0.014392623, 0.01452777, 0.01463463, 0.0147053115, 0.014725021, 0.014731204, 0.014696443, 0.014666356, 0.014589543, 0.01450045, 0.014408555, 0.014361821, 0.014263569, 0.0141484635, 0.0140799945, 0.013913378, 0.013701178, 0.0135776615, 0.013301516, 0.012997695, 0.01268336, 0.012526849, 0.012220377, 0.011921848, 0.01177293, 0.011466739, 0.011134872, 0.010765798, 0.010565858, 0.010138855, 0.009689613, 0.00946296, 0.009019968, 0.008602085, 0.0084032165, 0.008017788, 0.0076255067, 0.007193272, 0.0069543435, 0.006436854, 0.0059317485, 0.005735152, 0.0056013046, 0.0059119863, 0, 0, 0, 0, 0, 0, 0, 0, 0, 0, 0, 0, 0, 0, 0, 0, 0, 0, 0, 0, 0, 0, 0, 0, 0, 0, 0, 0, 0, 0, 0, 0, 0, 0, 0, 0, 0, 0, 0, 0, 0
0, 0, 0, 0, 0, 0, 0, 0, 0, 0, 0, 0, 0, 0, 0, 0, 0, 0, 0, 0, 0, 0, 0, 0, 0, 0, 0, 0, 0, 0, 0, 0, 0, 0, 0, 0, 0, 0, 0, 0, 0, 0.007449948, 0.006957052, 0.006862196, 0.0072476743, 0.007529563, 0.008148405, 0.008771627, 0.009075124, 0.009659125, 0.010205727, 0.010708625, 0.010943116, 0.011378876, 0.011776956, 0.011964685, 0.012322101, 0.012657272, 0.012815439, 0.013108894, 0.01336499, 0.013579521, 0.013671533, 0.013827635, 0.013953493, 0.014006942, 0.014098536, 0.014168998, 0.014213807, 0.0142246, 0.014218268, 0.014173189, 0.014136851, 0.01404234, 0.013927917, 0.013804122, 0.013740509, 0.013609479, 0.0134662725, 0.013386517, 0.013202696, 0.012979002, 0.012851409, 0.012568043, 0.012258327, 0.01193928, 0.011781704, 0.011476163, 0.011184498, 0.01104177, 0.010752675, 0.010445608, 0.010108481, 0.009927596, 0.009546409, 0.009154206, 0.008960633, 0.008590519, 0.008250006, 0.008089426, 0.007774721, 0.007442477, 0.0070576086, 0.006836916, 0.006336282, 0.0057913424, 0.005537295, 0.0052373977, 0.0057723564, 0.008688577, 0.009994332, 0, 0, 0, 0, 0, 0, 0, 0, 0, 0, 0, 0, 0, 0, 0, 0, 0, 0, 0, 0, 0, 0, 0, 0, 0, 0, 0, 0, 0, 0, 0, 0, 0, 0, 0, 0, 0, 0, 0
0, 0, 0, 0, 0, 0, 0, 0, 0, 0, 0, 0, 0, 0, 0, 0, 0, 0, 0, 0, 0, 0, 0, 0, 0, 0, 0, 0, 0, 0, 0, 0, 0, 0, 0, 0, 0, 0, 0, 0, 0.007432532, 0.006793282, 0.006157004, 0.0063791485, 0.007005935, 0.007361949, 0.008062647, 0.008715202, 0.009023052, 0.009606087, 0.010145388, 0.010635707, 0.010861155, 0.011273814, 0.011641285, 0.011811488, 0.01213196, 0.012431379, 0.0125734685, 0.012838955, 0.013072017, 0.01326465, 0.013344588, 0.013473283, 0.013565945, 0.013602021, 0.013659805, 0.013703456, 0.013732855, 0.013740202, 0.013734125, 0.013692468, 0.013656818, 0.013556691, 0.013424858, 0.013272228, 0.013191398, 0.01302504, 0.012853117, 0.012763746, 0.012573117, 0.012359139, 0.01224148, 0.011984389, 0.01170397, 0.011412099, 0.011265914, 0.01097976, 0.010704696, 0.01057056, 0.010303111, 0.010026866, 0.009732316, 0.009577014, 0.009253317, 0.008922312, 0.008758849, 0.008443591, 0.008146692, 0.008003267, 0.007715421, 0.0074071856, 0.007054691, 0.0068562194, 0.0064107645, 0.005920549, 0.0056811473, 0.0053292, 0.005452481, 0.0063729384, 0.006788749, 0, 0, 0, 0, 0, 0, 0, 0, 0, 0, 0, 0, 0, 0, 0, 0, 0, 0, 0, 0, 0, 0, 0, 0, 0, 0, 0, 0, 0, 0, 0, 0, 0, 0, 0, 0, 0, 0, 0
0, 0, 0, 0, 0, 0, 0, 0, 0, 0, 0, 0, 0, 0, 0, 0, 0, 0, 0, 0, 0, 0, 0, 0, 0, 0, 0, 0, 0, 0, 0, 0, 0, 0, 0, 0, 0, 0, 0, 0, 0.007134923, 0.0065357415, 0.0061306413, 0.0064433888, 0.0070591024, 0.007398933, 0.008068317, 0.008695577, 0.008992098, 0.009552002, 0.010065787, 0.010528736, 0.010739422, 0.01112106, 0.011457647, 0.01161295, 0.0119067235, 0.012185452, 0.012320109, 0.012576319, 0.012806247, 0.012997306, 0.013075593, 0.013196916, 0.01327573, 0.013302934, 0.013341883, 0.013369779, 0.013391434, 0.013398628, 0.0133991325, 0.013369196, 0.013339304, 0.013245983, 0.013110586, 0.01294307, 0.0128518175, 0.012663682, 0.012476587, 0.012385051, 0.012204019, 0.012019301, 0.011922201, 0.011713885, 0.011484018, 0.01123676, 0.0111090755, 0.010852193, 0.010599437, 0.010475901, 0.0102343345, 0.00999498, 0.009750944, 0.009624884, 0.009362619, 0.009087793, 0.0089469515, 0.008662298, 0.008374986, 0.008230083, 0.007934135, 0.007624735, 0.007294683, 0.007119928, 0.0067478586, 0.006349933, 0.006150027, 0.005803828, 0.0057083224, 0.0062826327, 0.0070165345, 0, 0, 0, 0, 0, 0, 0, 0, 0, 0, 0, 0, 0, 0, 0, 0, 0, 0, 0, 0, 0, 0, 0, 0, 0, 0, 0, 0, 0, 0, 0, 0, 0, 0, 0, 0, 0, 0, 0
0, 0, 0, 0, 0, 0, 0, 0, 0, 0, 0, 0, 0, 0, 0, 0, 0, 0, 0, 0, 0, 0, 0, 0, 0, 0, 0, 0, 0, 0, 0, 0, 0, 0, 0, 0, 0, 0, 0, 0.008237651, 0.0067898887, 0.0064072604, 0.006300403, 0.0066901855, 0.0072676525, 0.0075765913, 0.008189913, 0.008776213, 0.009056124, 0.009586695, 0.010072127, 0.010505734, 0.010702031, 0.011055347, 0.011366218, 0.011510499, 0.011786613, 0.012055438, 0.012188248, 0.012447626, 0.012687277, 0.012891816, 0.012976564, 0.013107646, 0.013190433, 0.013217054, 0.013251533, 0.013274062, 0.013294183, 0.013303465, 0.013314324, 0.013302551, 0.013283377, 0.013211594, 0.013094117, 0.012938126, 0.01285055, 0.012668419, 0.01249081, 0.012407244, 0.012251724, 0.012105149, 0.012031097, 0.011872816, 0.011692061, 0.011486097, 0.011375135, 0.011143788, 0.010909685, 0.010795392, 0.010576364, 0.010371322, 0.010174055, 0.010074571, 0.009865676, 0.00963455, 0.009508928, 0.009237169, 0.008942037, 0.008788075, 0.008472206, 0.0081532365, 0.007838171, 0.0076823034, 0.007370004, 0.007049658, 0.0068871113, 0.006589917, 0.006494369, 0.007163717, 0.008187048, 0.013123098, 0, 0, 0, 0, 0, 0, 0, 0, 0, 0, 0, 0, 0, 0, 0, 0, 0, 0, 0, 0, 0, 0, 0, 0, 0, 0, 0, 0, 0, 0, 0, 0, 0, 0, 0, 0, 0, 0
0, 0, 0, 0, 0, 0, 0, 0, 0, 0, 0, 0, 0, 0, 0, 0, 0, 0, 0, 0, 0, 0, 0, 0, 0, 0, 0, 0, 0, 0, 0, 0, 0, 0, 0, 0, 0, 0, 0, 0.0072886646, 0.006249648, 0.006122238, 0.0063413316, 0.006854802, 0.0074533676, 0.0077572376, 0.00835452, 0.008926884, 0.009201507, 0.009722399, 0.010199111, 0.010624569, 0.010817375, 0.0111653535, 0.0114720045, 0.011614838, 0.01188929, 0.012159227, 0.0122940205, 0.012560942, 0.01281363, 0.013035082, 0.013129327, 0.0132795, 0.0133790225, 0.013412774, 0.013458264, 0.013489133, 0.013517381, 0.013532119, 0.013558966, 0.01357134, 0.013567249, 0.013530415, 0.013451273, 0.013334042, 0.013264985, 0.013117959, 0.012973316, 0.012906052, 0.012783496, 0.012671441, 0.012615188, 0.01249136, 0.012341956, 0.012161209, 0.012060001, 0.01184324, 0.011619492, 0.01151007, 0.011303453, 0.011118191, 0.0109485695, 0.0108647505, 0.0106868055, 0.010479666, 0.010361058, 0.010092915, 0.009789085, 0.009627893, 0.00929766, 0.008970346, 0.008656882, 0.008505522, 0.008207033, 0.007898114, 0.0077351662, 0.0074031292, 0.0071543334, 0.0072829537, 0.007649652, 0.009107271, 0, 0, 0, 0, 0, 0, 0, 0, 0, 0, 0, 0, 0, 0, 0, 0, 0, 0, 0, 0, 0, 0, 0, 0, 0, 0, 0, 0, 0, 0, 0, 0, 0, 0, 0, 0, 0, 0
0, 0, 0, 0, 0, 0, 0, 0, 0, 0, 0, 0, 0, 0, 0, 0, 0, 0, 0, 0, 0, 0, 0, 0, 0, 0, 0, 0, 0, 0, 0, 0, 0, 0, 0, 0, 0, 0, 0, 0.005590048, 0.005532194, 0.0056974124, 0.0062510073, 0.006913034, 0.0075773643, 0.007900228, 0.008523303, 0.009114465, 0.009397428, 0.009934216, 0.01042734, 0.010871968, 0.011075721, 0.011447785, 0.01177993, 0.011934792, 0.012230524, 0.012516757, 0.012658151, 0.012936249, 0.013200668, 0.013437521, 0.013541493, 0.013715516, 0.013843533, 0.013892455, 0.013967865, 0.0140259145, 0.014078674, 0.01410504, 0.014155954, 0.014196921, 0.014209757, 0.01421332, 0.014182178, 0.014117658, 0.014075781, 0.013980462, 0.013881243, 0.013833499, 0.013743308, 0.013655805, 0.013609507, 0.013502675, 0.013367007, 0.013197871, 0.013101729, 0.012893384, 0.0126757, 0.01256812, 0.012363947, 0.012178718, 0.012007596, 0.0119229, 0.011741835, 0.011529558, 0.011407593, 0.011131767, 0.0108192125, 0.010653461, 0.010313604, 0.009973055, 0.009637543, 0.009469882, 0.00912413, 0.00874281, 0.008530666, 0.00805708, 0.007547359, 0.0071341335, 0.0070522837, 0.007404841, 0.008515502, 0, 0, 0, 0, 0, 0, 0, 0, 0, 0, 0, 0, 0, 0, 0, 0, 0, 0, 0, 0, 0, 0, 0, 0, 0, 0, 0, 0, 0, 0, 0, 0, 0, 0, 0, 0, 0
0, 0, 0, 0, 0, 0, 0, 0, 0, 0, 0, 0, 0, 0, 0, 0, 0, 0, 0, 0, 0, 0, 0, 0, 0, 0, 0, 0, 0, 0, 0, 0, 0, 0, 0, 0, 0, 0, 0.006213146, 0.005265067, 0.0053554364, 0.0056204908, 0.006312201, 0.007049113, 0.0077587487, 0.00809852, 0.00874995, 0.009364787, 0.009658222, 0.010215955, 0.010732237, 0.011205951, 0.011427016, 0.011839319, 0.012215919, 0.012393184, 0.01272995, 0.013048877, 0.013202894, 0.013500074, 0.013778691, 0.014031684, 0.0141463885, 0.014349298, 0.014516831, 0.014588725, 0.01471294, 0.014818824, 0.014914236, 0.014959313, 0.0150438445, 0.015116006, 0.015145251, 0.015185115, 0.015197483, 0.0151830595, 0.01516736, 0.015123608, 0.015069249, 0.015039748, 0.014977382, 0.0149072595, 0.014866831, 0.014768663, 0.014640917, 0.014481489, 0.014391099, 0.014194858, 0.013987203, 0.013882517, 0.0136759, 0.0134754125, 0.013276477, 0.013174095, 0.012954252, 0.012703811, 0.012564643, 0.012259322, 0.011924329, 0.011749086, 0.011388234, 0.011016457, 0.010629542, 0.0104262335, 0.0099860225, 0.009478791, 0.009191848, 0.008542024, 0.0078052385, 0.0070764762, 0.006792161, 0.0066896, 0.007727512, 0.008621142, 0, 0, 0, 0, 0, 0, 0, 0, 0, 0, 0, 0, 0, 0, 0, 0, 0, 0, 0, 0, 0, 0, 0, 0, 0, 0, 0, 0, 0, 0, 0, 0, 0, 0, 0, 0
0, 0, 0, 0, 0, 0, 0, 0, 0, 0, 0, 0, 0, 0, 0, 0, 0, 0, 0, 0, 0, 0, 0, 0, 0, 0, 0, 0, 0, 0, 0, 0, 0, 0, 0, 0, 0, 0.0074019204, 0.0065524504, 0.0056646084, 0.005787846, 0.0060464595, 0.0067116353, 0.0074263, 0.008124797, 0.00846276, 0.009113709, 0.009730438, 0.01002519, 0.010586479, 0.011110747, 0.011600028, 0.011832836, 0.012277988, 0.012697721, 0.012898905, 0.013284106, 0.013646405, 0.013818832, 0.014145602, 0.014446852, 0.0147211235, 0.014848463, 0.015084074, 0.015296753, 0.0153953815, 0.015578582, 0.015744774, 0.01589492, 0.01596409, 0.016089324, 0.016194459, 0.016238097, 0.016306626, 0.016350266, 0.016372029, 0.01637591, 0.016371824, 0.016353564, 0.016339462, 0.01630094, 0.016246624, 0.01621182, 0.01612367, 0.01600688, 0.01586179, 0.015779871, 0.01560185, 0.0154098, 0.015309509, 0.015101023, 0.01487943, 0.0146395145, 0.01451055, 0.014230018, 0.013916382, 0.013747009, 0.013386108, 0.013002922, 0.012804926, 0.012397383, 0.011969215, 0.011507335, 0.011258062, 0.010708913, 0.01007401, 0.009718386, 0.008926124, 0.008038863, 0.0071226736, 0.0067027756, 0.0061190194, 0.0061400984, 0.0063304235, 0, 0, 0, 0, 0, 0, 0, 0, 0, 0, 0, 0, 0, 0, 0, 0, 0, 0, 0, 0, 0, 0, 0, 0, 0, 0, 0, 0, 0, 0, 0, 0, 0, 0, 0, 0
0, 0, 0, 0, 0, 0, 0, 0, 0, 0, 0, 0, 0, 0, 0, 0, 0, 0, 0, 0, 0, 0, 0, 0, 0, 0, 0, 0, 0, 0, 0, 0, 0, 0, 0, 0, 0, 0.007469846, 0.006789942, 0.0062803724, 0.006506926, 0.006754487, 0.007357449, 0.008008988, 0.008662243, 0.008983996, 0.009611389, 0.010210798, 0.010498091, 0.011046031, 0.01155936, 0.012043891, 0.0122779, 0.012734853, 0.013180664, 0.013399441, 0.013825857, 0.014232213, 0.014425623, 0.014789835, 0.015121897, 0.015423294, 0.015564281, 0.015831035, 0.016083272, 0.01620552, 0.016441755, 0.016664982, 0.016869968, 0.01696408, 0.017132044, 0.017269706, 0.017326502, 0.017416965, 0.01748077, 0.017524257, 0.017540295, 0.017562453, 0.017571062, 0.017569566, 0.017552719, 0.017515143, 0.017487163, 0.017410628, 0.017305039, 0.017172161, 0.017096937, 0.016932275, 0.01675073, 0.016653197, 0.016441112, 0.016199812, 0.015922591, 0.01576875, 0.015429546, 0.015049202, 0.014845312, 0.014415235, 0.013963524, 0.013731458, 0.013254207, 0.012751802, 0.012208478, 0.011915913, 0.011277319, 0.010554472, 0.010158631, 0.009296371, 0.008353049, 0.0073733106, 0.006902069, 0.0061392295, 0.006003843, 0.006394847, 0, 0, 0, 0, 0, 0, 0, 0, 0, 0, 0, 0, 0, 0, 0, 0, 0, 0, 0, 0, 0, 0, 0, 0, 0, 0, 0, 0, 0, 0, 0, 0, 0, 0, 0, 0
0, 0, 0, 0, 0, 0, 0, 0, 0, 0, 0, 0, 0, 0, 0, 0, 0, 0, 0, 0, 0, 0, 0, 0, 0, 0, 0, 0, 0, 0, 0, 0, 0, 0, 0, 0, 0.008840818, 0.007292128, 0.006896384, 0.006789745, 0.0071627633, 0.0074231913, 0.007999349, 0.008604579, 0.009219079, 0.009526125, 0.010132902, 0.010719063, 0.011001002, 0.011537822, 0.012038674, 0.012510688, 0.012739776, 0.013192581, 0.013645502, 0.013872579, 0.014324724, 0.014765248, 0.014977281, 0.015378606, 0.01574389, 0.016073102, 0.016226077, 0.016515309, 0.016791737, 0.016927924, 0.017197099, 0.017459089, 0.017705433, 0.017819613, 0.018024534, 0.018192166, 0.018261285, 0.018370891, 0.018448848, 0.018505603, 0.018529065, 0.018568536, 0.018597601, 0.018606698, 0.018610025, 0.018588386, 0.018566405, 0.018496992, 0.018393073, 0.018257372, 0.018179562, 0.018007873, 0.017817575, 0.017715156, 0.017490648, 0.017232465, 0.016931491, 0.01676298, 0.01638752, 0.01596198, 0.015732128, 0.015243703, 0.014726533, 0.014459747, 0.013911206, 0.013338085, 0.012729098, 0.012406827, 0.011719328, 0.010966995, 0.010565285, 0.009712, 0.008802909, 0.0078729205, 0.0074249855, 0.0066810776, 0.006480771, 0.00678184, 0.008371751, 0, 0, 0, 0, 0, 0, 0, 0, 0, 0, 0, 0, 0, 0, 0, 0, 0, 0, 0, 0, 0, 0, 0, 0, 0, 0, 0, 0, 0, 0, 0, 0, 0, 0, 0
0, 0, 0, 0, 0, 0, 0, 0, 0, 0, 0, 0, 0, 0, 0, 0, 0, 0, 0, 0, 0, 0, 0, 0, 0, 0, 0, 0, 0, 0, 0, 0, 0, 0, 0, 0, 0.007915959, 0.006839135, 0.006732324, 0.0070072087, 0.0075491634, 0.007845566, 0.008442487, 0.009038941, 0.009639811, 0.009942351, 0.010546622, 0.011137554, 0.011423337, 0.01196703, 0.012470401, 0.012938961, 0.013164756, 0.013609684, 0.01405792, 0.014285554, 0.014745898, 0.015204495, 0.015428562, 0.01585726, 0.016249344, 0.016600244, 0.016761195, 0.017060546, 0.017342474, 0.017481163, 0.01775826, 0.018033916, 0.018300276, 0.018426456, 0.018656446, 0.01884859, 0.018928465, 0.01905603, 0.019146841, 0.019213384, 0.019241495, 0.019292058, 0.019335248, 0.01935222, 0.01937131, 0.019361336, 0.019342333, 0.01927208, 0.019156793, 0.018999616, 0.018908065, 0.018705292, 0.018483495, 0.018366374, 0.018117731, 0.017843114, 0.017532282, 0.017360058, 0.01697688, 0.016538633, 0.01629909, 0.015782995, 0.015227232, 0.0149379885, 0.014342117, 0.013725074, 0.013083488, 0.012751423, 0.0120608695, 0.011330625, 0.010950078, 0.010158663, 0.009335071, 0.0085039325, 0.008103092, 0.007411354, 0.0070975996, 0.007226636, 0.008404332, 0, 0, 0, 0, 0, 0, 0, 0, 0, 0, 0, 0, 0, 0, 0, 0, 0, 0, 0, 0, 0, 0, 0, 0, 0, 0, 0, 0, 0, 0, 0, 0, 0, 0, 0
0, 0, 0, 0, 0, 0, 0, 0, 0, 0, 0, 0, 0, 0, 0, 0, 0, 0, 0, 0, 0, 0, 0, 0, 0, 0, 0, 0, 0, 0, 0, 0, 0, 0, 0, 0, 0.0061757476, 0.0061581293, 0.006363372, 0.006995131, 0.0076987618, 0.008038318, 0.008680458, 0.009290834, 0.009893522, 0.010196176, 0.010804238, 0.011405383, 0.011698383, 0.012258315, 0.012775911, 0.01325215, 0.013478361, 0.013918338, 0.014356788, 0.014579113, 0.015031611, 0.015489011, 0.015715672, 0.016154295, 0.016559832, 0.01692174, 0.01708579, 0.017385298, 0.017659869, 0.017792925, 0.018058572, 0.018326784, 0.018592918, 0.018721893, 0.01896274, 0.019170044, 0.019258017, 0.019400138, 0.019501472, 0.019573398, 0.019602869, 0.019655103, 0.019701239, 0.01972055, 0.019745214, 0.019739568, 0.019721001, 0.01964565, 0.019514961, 0.01933143, 0.01922307, 0.018981736, 0.018720163, 0.018584965, 0.018307507, 0.01801693, 0.017703403, 0.017533762, 0.017161032, 0.016734557, 0.016499517, 0.01598754, 0.015427934, 0.015134388, 0.014528283, 0.013905372, 0.013269732, 0.012947225, 0.012290035, 0.011612761, 0.011265235, 0.010550779, 0.009813414, 0.009065891, 0.008698762, 0.008024733, 0.0075771087, 0.0075420355, 0.008197106, 0.009990946, 0, 0, 0, 0, 0, 0, 0, 0, 0, 0, 0, 0, 0, 0, 0, 0, 0, 0, 0, 0, 0, 0, 0, 0, 0, 0, 0, 0, 0, 0, 0, 0, 0, 0
0, 0, 0, 0, 0, 0, 0, 0, 0, 0, 0, 0, 0, 0, 0, 0, 0, 0, 0, 0, 0, 0, 0, 0, 0, 0, 0, 0, 0, 0, 0, 0, 0, 0, 0, 0.006944628, 0.005867808, 0.0059760637, 0.0062769973, 0.007041456, 0.0078186495, 0.008181816, 0.00885393, 0.0094742505, 0.010071857, 0.010368523, 0.010962489, 0.0115525, 0.01184226, 0.012401357, 0.01292297, 0.01340273, 0.013628766, 0.014062751, 0.014486284, 0.014698439, 0.015128515, 0.0155653255, 0.015783418, 0.016210409, 0.01661088, 0.016971322, 0.01713436, 0.017428799, 0.017692057, 0.017817285, 0.018064247, 0.01831367, 0.01856525, 0.01868928, 0.018925872, 0.01913546, 0.01922619, 0.01937429, 0.019478647, 0.019547358, 0.019572638, 0.019613206, 0.019646313, 0.019659892, 0.019676054, 0.019666098, 0.019646505, 0.01956932, 0.019434066, 0.019240303, 0.019124141, 0.018862719, 0.018577479, 0.018430592, 0.01813358, 0.017831951, 0.017517533, 0.017351251, 0.016991302, 0.016583893, 0.01635983, 0.015870305, 0.01533268, 0.0150499735, 0.01446666, 0.01387119, 0.013272017, 0.012971565, 0.01236724, 0.011751202, 0.011435951, 0.010785658, 0.01010641, 0.0094009815, 0.0090425, 0.00833662, 0.0077306665, 0.007535338, 0.007648052, 0.008940863, 0.009923606, 0, 0, 0, 0, 0, 0, 0, 0, 0, 0, 0, 0, 0, 0, 0, 0, 0, 0, 0, 0, 0, 0, 0, 0, 0, 0, 0, 0, 0, 0, 0, 0, 0
0, 0, 0, 0, 0, 0, 0, 0, 0, 0, 0, 0, 0, 0, 0, 0, 0, 0, 0, 0, 0, 0, 0, 0, 0, 0, 0, 0, 0, 0, 0, 0, 0, 0, 0.008143501, 0.0072690444, 0.0065877703, 0.0068074306, 0.007076446, 0.0077340715, 0.008427503, 0.008765574, 0.009407196, 0.009997925, 0.010541145, 0.0107981395, 0.011290593, 0.011763616, 0.0119954245, 0.012451343, 0.0128948605, 0.013320774, 0.013525523, 0.013917649, 0.014289897, 0.014470312, 0.014824289, 0.015173122, 0.015346108, 0.015688118, 0.016019432, 0.01633262, 0.016479801, 0.016752101, 0.01699597, 0.017108873, 0.017322, 0.017524507, 0.017721165, 0.017816942, 0.018000495, 0.01816583, 0.018238472, 0.018357512, 0.018436464, 0.018475974, 0.018483264, 0.018478995, 0.018459633, 0.01844653, 0.018415509, 0.0183748, 0.018348355, 0.018276475, 0.018170254, 0.018021623, 0.017930714, 0.01771803, 0.017472126, 0.01733987, 0.017061934, 0.016769689, 0.016461754, 0.016300248, 0.015957491, 0.015582676, 0.015381945, 0.014953952, 0.014494971, 0.014256755, 0.013769761, 0.013276973, 0.01278402, 0.012537323, 0.012039245, 0.011524779, 0.011256909, 0.010692551, 0.0100801345, 0.009411847, 0.009054485, 0.008291713, 0.0074826614, 0.0070848926, 0.0064406283, 0.0063983523, 0.0068232, 0, 0, 0, 0, 0, 0, 0, 0, 0, 0, 0, 0, 0, 0, 0, 0, 0, 0, 0, 0, 0, 0, 0, 0, 0, 0, 0, 0, 0, 0, 0, 0, 0
0, 0, 0, 0, 0, 0, 0, 0, 0, 0, 0, 0, 0, 0, 0, 0, 0, 0, 0, 0, 0, 0, 0, 0, 0, 0, 0, 0, 0, 0, 0, 0, 0, 0, 0.007364346, 0.007008679, 0.006879717, 0.0072660823, 0.0075439396, 0.008160358, 0.00879683, 0.009111215, 0.009717905, 0.010282392, 0.010795857, 0.0110329995, 0.011473634, 0.011880962, 0.0120771695, 0.012463264, 0.012846828, 0.013227211, 0.013414297, 0.013777018, 0.014120496, 0.014284696, 0.014598588, 0.014896282, 0.015040467, 0.015322012, 0.015596493, 0.015863633, 0.015993, 0.01623963, 0.016465545, 0.016569935, 0.016762279, 0.016935637, 0.01709424, 0.017168595, 0.017307512, 0.017430859, 0.017485106, 0.0175752, 0.017635716, 0.017663999, 0.01766636, 0.017650817, 0.017614696, 0.017591255, 0.017536798, 0.01747399, 0.017438931, 0.017358812, 0.017259192, 0.017132862, 0.017057901, 0.016882561, 0.016674796, 0.016559765, 0.016310915, 0.016039925, 0.01574901, 0.0155959, 0.01527295, 0.014926042, 0.014743247, 0.0143595105, 0.013954535, 0.013745579, 0.013318353, 0.012882734, 0.012441086, 0.012217509, 0.011761603, 0.01128646, 0.011038395, 0.010514275, 0.009945063, 0.009322433, 0.008988906, 0.008276259, 0.0075203204, 0.0071480395, 0.0065375995, 0.006466031, 0.0068324795, 0.008473259, 0, 0, 0, 0, 0, 0, 0, 0, 0, 0, 0, 0, 0, 0, 0, 0, 0, 0, 0, 0, 0, 0, 0, 0, 0, 0, 0, 0, 0, 0, 0, 0
0, 0, 0, 0, 0, 0, 0, 0, 0, 0, 0, 0, 0, 0, 0, 0, 0, 0, 0, 0, 0, 0, 0, 0, 0, 0, 0, 0, 0, 0, 0, 0, 0, 0.013734498, 0.008430596, 0.0075686364, 0.0072720395, 0.00767049, 0.007943095, 0.008522057, 0.0091080945, 0.009398588, 0.009966743, 0.010503716, 0.01099437, 0.011219413, 0.011629596, 0.011996055, 0.012168504, 0.012504194, 0.012839978, 0.013180885, 0.013351802, 0.013687958, 0.014007705, 0.014158479, 0.014439553, 0.014693095, 0.0148108825, 0.015034038, 0.015248319, 0.015461043, 0.015567033, 0.015775437, 0.015971905, 0.016063057, 0.016227754, 0.01636785, 0.016485242, 0.016536733, 0.016627774, 0.016705945, 0.016740644, 0.016800882, 0.016846059, 0.016870411, 0.016873542, 0.01686002, 0.016821273, 0.016793393, 0.016724093, 0.01664057, 0.01659445, 0.016495032, 0.016385196, 0.016261704, 0.01619322, 0.016039105, 0.015859252, 0.015759347, 0.015540223, 0.015297817, 0.015036065, 0.014898697, 0.0146117695, 0.014309456, 0.014152354, 0.013826651, 0.013485013, 0.013308261, 0.012943329, 0.012562793, 0.012167023, 0.011963242, 0.011542697, 0.011102203, 0.010872986, 0.010391919, 0.00987432, 0.009312396, 0.009012506, 0.008373722, 0.0076942616, 0.007354064, 0.00675356, 0.0065019387, 0.006659505, 0.007902942, 0, 0, 0, 0, 0, 0, 0, 0, 0, 0, 0, 0, 0, 0, 0, 0, 0, 0, 0, 0, 0, 0, 0, 0, 0, 0, 0, 0, 0, 0, 0, 0
0, 0, 0, 0, 0, 0, 0, 0, 0, 0, 0, 0, 0, 0, 0, 0, 0, 0, 0, 0, 0, 0, 0, 0, 0, 0, 0, 0, 0, 0, 0, 0, 0, 0.0093901595, 0.007686825, 0.0073806904, 0.0074973074, 0.007999603, 0.008282396, 0.008843424, 0.009388385, 0.009656498, 0.010183764, 0.010691361, 0.011164102, 0.011383179, 0.011782426, 0.012133696, 0.01229562, 0.012604882, 0.012909197, 0.013218386, 0.013374731, 0.013685542, 0.01398282, 0.0141224135, 0.0143774105, 0.014597192, 0.014694715, 0.014870485, 0.015032065, 0.01519175, 0.01527318, 0.01543755, 0.015597814, 0.015673105, 0.015807962, 0.015916687, 0.01599813, 0.016029702, 0.0160788, 0.01611626, 0.01613293, 0.016165486, 0.016196053, 0.016218554, 0.016223965, 0.016218157, 0.016185611, 0.016158804, 0.016085448, 0.015989596, 0.015935093, 0.015816862, 0.015690466, 0.015557694, 0.015488335, 0.015340753, 0.0151771605, 0.015088258, 0.014895403, 0.014684016, 0.01445778, 0.014340463, 0.014098786, 0.013849178, 0.013721198, 0.013457135, 0.013179182, 0.0130336145, 0.012726233, 0.01239476, 0.01203827, 0.011851244, 0.011460928, 0.011051471, 0.010839584, 0.01039986, 0.00993308, 0.009430836, 0.009163661, 0.0085910745, 0.007967457, 0.0076401783, 0.0069882367, 0.006457917, 0.006320196, 0.006486385, 0, 0, 0, 0, 0, 0, 0, 0, 0, 0, 0, 0, 0, 0, 0, 0, 0, 0, 0, 0, 0, 0, 0, 0, 0, 0, 0, 0, 0, 0, 0, 0
0, 0, 0, 0, 0, 0, 0, 0, 0, 0, 0, 0, 0, 0, 0, 0, 0, 0, 0, 0, 0, 0, 0, 0, 0, 0, 0, 0, 0, 0, 0, 0, 0, 0.006878897, 0.006816168, 0.007013582, 0.0076355604, 0.008307944, 0.008620883, 0.009191528, 0.009711696, 0.00996202, 0.010453466, 0.010932887, 0.0113899065, 0.011605373, 0.012003126, 0.012353024, 0.012512004, 0.012807583, 0.013087775, 0.013366655, 0.0135067925, 0.013786937, 0.014057418, 0.014185259, 0.014417732, 0.014614012, 0.014698206, 0.0148428045, 0.014966971, 0.015085182, 0.015145434, 0.015270329, 0.015397036, 0.015457877, 0.015568172, 0.015654836, 0.015713127, 0.015731756, 0.015752112, 0.015758691, 0.015760547, 0.015767, 0.015779326, 0.015793135, 0.015797528, 0.015794812, 0.015769055, 0.015745813, 0.015677627, 0.015582574, 0.015526707, 0.015403245, 0.015270782, 0.015134657, 0.015065638, 0.014924318, 0.014774711, 0.014695428, 0.014526236, 0.014343036, 0.014149019, 0.014049108, 0.01384582, 0.013639194, 0.0135344295, 0.0133189745, 0.013090298, 0.012968636, 0.012705893, 0.01241327, 0.012089604, 0.011917066, 0.011553941, 0.011171928, 0.010975303, 0.010570543, 0.010146446, 0.009693919, 0.009453119, 0.008934761, 0.0083567845, 0.008043815, 0.007382171, 0.0067586615, 0.0065413075, 0.006661143, 0.008178174, 0, 0, 0, 0, 0, 0, 0, 0, 0, 0, 0, 0, 0, 0, 0, 0, 0, 0, 0, 0, 0, 0, 0, 0, 0, 0, 0, 0, 0, 0, 0
0, 0, 0, 0, 0, 0, 0, 0, 0, 0, 0, 0, 0, 0, 0, 0, 0, 0, 0, 0, 0, 0, 0, 0, 0, 0, 0, 0, 0, 0, 0, 0, 0.009814167, 0.0074039614, 0.007063698, 0.007290195, 0.007988295, 0.008703573, 0.009026757, 0.009601942, 0.0101114325, 0.010352795, 0.010823388, 0.011283844, 0.011729677, 0.011942705, 0.012340299, 0.012691311, 0.012848785, 0.013133792, 0.013391593, 0.013638533, 0.013761505, 0.014007216, 0.01424844, 0.014364189, 0.014578146, 0.014760631, 0.014838713, 0.014969208, 0.01507409, 0.015167193, 0.015213417, 0.015309713, 0.015411016, 0.015461672, 0.015556355, 0.015633198, 0.015683273, 0.015697232, 0.01570497, 0.015694056, 0.015685365, 0.015668849, 0.015658783, 0.015654892, 0.015653016, 0.015643682, 0.015619063, 0.015598693, 0.015538893, 0.015454207, 0.0154036945, 0.015291385, 0.015170741, 0.015048142, 0.01498678, 0.014862838, 0.014733682, 0.014665417, 0.014519066, 0.014358209, 0.014184429, 0.014094019, 0.013909246, 0.01372191, 0.013627438, 0.01343468, 0.013231001, 0.013122373, 0.012886582, 0.012621123, 0.012323816, 0.012163763, 0.011824495, 0.011465338, 0.011280349, 0.010900634, 0.010505519, 0.010086822, 0.009864981, 0.009387244, 0.008853347, 0.00856291, 0.0079466235, 0.0073632123, 0.0071597407, 0.0072726565, 0.008747656, 0, 0, 0, 0, 0, 0, 0, 0, 0, 0, 0, 0, 0, 0, 0, 0, 0, 0, 0, 0, 0, 0, 0, 0, 0, 0, 0, 0, 0, 0, 0
0, 0, 0, 0, 0, 0, 0, 0, 0, 0, 0, 0, 0, 0, 0, 0, 0, 0, 0, 0, 0, 0, 0, 0, 0, 0, 0, 0, 0, 0, 0, 0.02084294, 0.013169417, 0.008827874, 0.007924972, 0.008003042, 0.00852448, 0.009159406, 0.009464441, 0.010027205, 0.010537717, 0.010780152, 0.01125089, 0.011709274, 0.012152604, 0.012365308, 0.012764141, 0.013116779, 0.013273946, 0.013552971, 0.013796388, 0.014021505, 0.014131928, 0.014352962, 0.014573756, 0.014681844, 0.014886781, 0.015067182, 0.015145449, 0.015276624, 0.015377996, 0.015461589, 0.015500816, 0.015580847, 0.015666239, 0.015710622, 0.01579725, 0.015872367, 0.015924687, 0.015940158, 0.015949342, 0.015934221, 0.015920937, 0.015890183, 0.015861137, 0.015837824, 0.015827479, 0.015805902, 0.015776422, 0.015756289, 0.015701843, 0.015627665, 0.01558412, 0.015488762, 0.015388745, 0.015289845, 0.015240971, 0.01514273, 0.015038697, 0.014982262, 0.014856928, 0.014711428, 0.014545617, 0.014456579, 0.014270213, 0.014078747, 0.01398223, 0.013787363, 0.013586195, 0.01348082, 0.013255895, 0.013006221, 0.012727198, 0.012576288, 0.012253506, 0.011907503, 0.011727813, 0.011357804, 0.010972476, 0.01056587, 0.010351037, 0.00989119, 0.009380292, 0.00910313, 0.008511903, 0.007925155, 0.007685338, 0.0075608483, 0.008501179, 0.010885854, 0, 0, 0, 0, 0, 0, 0, 0, 0, 0, 0, 0, 0, 0, 0, 0, 0, 0, 0, 0, 0, 0, 0, 0, 0, 0, 0, 0, 0, 0
0, 0, 0, 0, 0, 0, 0, 0, 0, 0, 0, 0, 0, 0, 0, 0, 0, 0, 0, 0, 0, 0, 0, 0, 0, 0, 0, 0, 0, 0, 0, 0.012843387, 0.010312858, 0.0085788295, 0.008282429, 0.008419258, 0.008921485, 0.009513582, 0.009807404, 0.010370104, 0.010898702, 0.011152356, 0.011643377, 0.012115246, 0.012566311, 0.012781746, 0.013186273, 0.013546104, 0.013707423, 0.013994713, 0.014244778, 0.014473301, 0.014584264, 0.014805423, 0.015026601, 0.015135979, 0.015346116, 0.01553547, 0.015619001, 0.015760342, 0.01586921, 0.015955329, 0.015993822, 0.016069004, 0.01614783, 0.016189016, 0.01627198, 0.016347945, 0.016405823, 0.016425366, 0.016443133, 0.016434876, 0.01642332, 0.016392082, 0.016357495, 0.016325569, 0.016310787, 0.01628202, 0.016248062, 0.016227044, 0.01617324, 0.016102677, 0.016062247, 0.015975611, 0.015888553, 0.015805889, 0.015766118, 0.015686736, 0.015601458, 0.015553749, 0.015442938, 0.015305939, 0.015140828, 0.0150489425, 0.014852205, 0.014646269, 0.014542335, 0.014334391, 0.01412424, 0.0140166525, 0.01379154, 0.013546303, 0.013273401, 0.013125127, 0.012804438, 0.012455247, 0.01227198, 0.011891728, 0.011493879, 0.011073975, 0.0108528035, 0.010380641, 0.0098572355, 0.009571747, 0.008947476, 0.008265866, 0.007925252, 0.007373302, 0.007337074, 0.008056717, 0, 0, 0, 0, 0, 0, 0, 0, 0, 0, 0, 0, 0, 0, 0, 0, 0, 0, 0, 0, 0, 0, 0, 0, 0, 0, 0, 0, 0, 0
0, 0, 0, 0, 0, 0, 0, 0, 0, 0, 0, 0, 0, 0, 0, 0, 0, 0, 0, 0, 0, 0, 0, 0, 0, 0, 0, 0, 0, 0, 0, 0.007814426, 0.0074202335, 0.007510581, 0.008027487, 0.008350655, 0.009021015, 0.009671557, 0.009983503, 0.010580975, 0.0111461915, 0.01141774, 0.011939255, 0.012432419, 0.012897037, 0.0131177, 0.01353298, 0.013908561, 0.014080213, 0.0143938465, 0.014675339, 0.014936655, 0.015063104, 0.01531189, 0.015555613, 0.015674513, 0.015901653, 0.01610629, 0.016197287, 0.01635338, 0.016476259, 0.01657429, 0.016617727, 0.016700406, 0.016783407, 0.016825844, 0.01691007, 0.016987888, 0.017050471, 0.017073533, 0.017100869, 0.01710463, 0.017099485, 0.017081037, 0.017058015, 0.017035939, 0.01702521, 0.017002674, 0.016972857, 0.016952952, 0.016899502, 0.01682676, 0.01678447, 0.016693836, 0.01660288, 0.016517773, 0.016477486, 0.016398668, 0.016315676, 0.01626955, 0.016161917, 0.01602667, 0.0158597, 0.01576533, 0.01556036, 0.015343818, 0.015234078, 0.015015051, 0.014794915, 0.01468282, 0.014449505, 0.014196396, 0.01391331, 0.013758468, 0.013420532, 0.01304857, 0.012852053, 0.012442701, 0.012013325, 0.011560688, 0.011322805, 0.010816353, 0.010256143, 0.009950178, 0.009274761, 0.008510685, 0.008106638, 0.007349564, 0.006970563, 0.007327206, 0, 0, 0, 0, 0, 0, 0, 0, 0, 0, 0, 0, 0, 0, 0, 0, 0, 0, 0, 0, 0, 0, 0, 0, 0, 0, 0, 0, 0, 0
0, 0, 0, 0, 0, 0, 0, 0, 0, 0, 0, 0, 0, 0, 0, 0, 0, 0, 0, 0, 0, 0, 0, 0, 0, 0, 0, 0, 0, 0, 0.00740207, 0.006777685, 0.006323785, 0.00685079, 0.0077085565, 0.008147216, 0.008968797, 0.009707122, 0.010050894, 0.010700524, 0.011308562, 0.011598183, 0.012148594, 0.012661511, 0.013138982, 0.013365074, 0.013792748, 0.014187632, 0.014373005, 0.014722364, 0.015048506, 0.0153582245, 0.015507906, 0.015798124, 0.016073702, 0.01620501, 0.016451357, 0.016671075, 0.016769294, 0.016940912, 0.017082147, 0.017201426, 0.017255776, 0.017359948, 0.017460968, 0.01751036, 0.017604837, 0.017689066, 0.017756613, 0.01778243, 0.017817425, 0.017833129, 0.017835962, 0.017837036, 0.017836858, 0.01783803, 0.017838297, 0.01783468, 0.017818823, 0.01780364, 0.017755063, 0.017681058, 0.017635876, 0.017535336, 0.017430883, 0.01733032, 0.017282348, 0.017188922, 0.0170937, 0.017042492, 0.016926955, 0.01678612, 0.01661524, 0.016519025, 0.01631046, 0.016089307, 0.015976802, 0.015750475, 0.015520157, 0.015401465, 0.015151999, 0.014877324, 0.014567788, 0.0143977925, 0.014026148, 0.013616829, 0.01340078, 0.012951725, 0.0124824075, 0.01198947, 0.011731271, 0.011184045, 0.010584012, 0.010259403, 0.00955258, 0.008776412, 0.008382612, 0.0077327657, 0.007866838, 0.010776431, 0.014565248, 0, 0, 0, 0, 0, 0, 0, 0, 0, 0, 0, 0, 0, 0, 0, 0, 0, 0, 0, 0, 0, 0, 0, 0, 0, 0, 0, 0, 0
0, 0, 0, 0, 0, 0, 0, 0, 0, 0, 0, 0, 0, 0, 0, 0, 0, 0, 0, 0, 0, 0, 0, 0, 0, 0, 0, 0, 0, 0, 0.0073580104, 0.0066010775, 0.0062194457, 0.0067792875, 0.007657861, 0.0081119435, 0.008972721, 0.009753373, 0.010117464, 0.010803922, 0.011442683, 0.01174485, 0.01231513, 0.012840834, 0.013326765, 0.01355671, 0.013993813, 0.014404106, 0.014600773, 0.014980461, 0.015345638, 0.015697444, 0.01586729, 0.016192291, 0.016493218, 0.016633486, 0.016893083, 0.017123135, 0.017227102, 0.01741424, 0.017578257, 0.017727317, 0.01779846, 0.017936485, 0.018068347, 0.018130863, 0.018245898, 0.018344246, 0.018421218, 0.01845103, 0.018494276, 0.018520767, 0.01853077, 0.018549878, 0.018571932, 0.018596549, 0.018608138, 0.018624676, 0.018624859, 0.018616134, 0.018576926, 0.01850766, 0.018462887, 0.018359527, 0.01824744, 0.01813567, 0.01808094, 0.017972918, 0.017862257, 0.0178035, 0.01767389, 0.017521454, 0.017341862, 0.0172422, 0.017027874, 0.016800422, 0.016684182, 0.016447147, 0.016200656, 0.016071605, 0.015796067, 0.01548964, 0.015143834, 0.014954594, 0.014543469, 0.014094617, 0.013859253, 0.013372364, 0.0128665, 0.012337594, 0.012061745, 0.011479463, 0.010846642, 0.010507487, 0.00977979, 0.008995541, 0.008599818, 0.007910407, 0.0077218832, 0.008818441, 0.009939676, 0, 0, 0, 0, 0, 0, 0, 0, 0, 0, 0, 0, 0, 0, 0, 0, 0, 0, 0, 0, 0, 0, 0, 0, 0, 0, 0, 0, 0
0, 0, 0, 0, 0, 0, 0, 0, 0, 0, 0, 0, 0, 0, 0, 0, 0, 0, 0, 0, 0, 0, 0, 0, 0, 0, 0, 0, 0, 0, 0.006332016, 0.0061685676, 0.006358962, 0.0070256754, 0.007861003, 0.008285723, 0.009103543, 0.009866486, 0.010228553, 0.010918728, 0.011565795, 0.011872653, 0.012451153, 0.012983214, 0.0134737715, 0.013705801, 0.014147389, 0.014565409, 0.014767851, 0.015163724, 0.015550272, 0.015924787, 0.016105259, 0.016447423, 0.016759593, 0.016903639, 0.017169114, 0.017406415, 0.017515788, 0.017719751, 0.0179099, 0.018093292, 0.0181836, 0.01836066, 0.018528225, 0.018606445, 0.018747905, 0.018866055, 0.018958682, 0.01899517, 0.01905072, 0.019089602, 0.019105982, 0.019138688, 0.019174716, 0.019212026, 0.019229034, 0.019254737, 0.019262867, 0.019258143, 0.019228183, 0.019169305, 0.019129997, 0.019036809, 0.01893264, 0.018825175, 0.01877077, 0.018659368, 0.018539725, 0.018474814, 0.01833076, 0.018162929, 0.017968684, 0.017862162, 0.017633913, 0.01739165, 0.017266894, 0.017009696, 0.016738284, 0.016594818, 0.016287442, 0.015946863, 0.015567121, 0.015361455, 0.014919419, 0.014442425, 0.014193564, 0.013680666, 0.013149999, 0.012596728, 0.012308578, 0.011702554, 0.011047889, 0.010698927, 0.0099520665, 0.009138081, 0.008710989, 0.007856479, 0.0071438234, 0.006885695, 0.0070020207, 0, 0, 0, 0, 0, 0, 0, 0, 0, 0, 0, 0, 0, 0, 0, 0, 0, 0, 0, 0, 0, 0, 0, 0, 0, 0, 0, 0, 0
0, 0, 0, 0, 0, 0, 0, 0, 0, 0, 0, 0, 0, 0, 0, 0, 0, 0, 0, 0, 0, 0, 0, 0, 0, 0, 0, 0, 0, 0.008159345, 0.006631903, 0.00645215, 0.0067575644, 0.0074324133, 0.008190916, 0.008568717, 0.009303143, 0.010006674, 0.010348066, 0.011010865, 0.011643742, 0.011946779, 0.012521996, 0.013054248, 0.013545989, 0.013778521, 0.014221411, 0.014641382, 0.014845438, 0.015245904, 0.015638389, 0.016018678, 0.016201401, 0.016546793, 0.016861059, 0.017006462, 0.017276375, 0.017522585, 0.017638817, 0.01786173, 0.018077904, 0.018292492, 0.018399356, 0.018608766, 0.018804953, 0.018895604, 0.019058488, 0.019195482, 0.019305734, 0.019351104, 0.01942433, 0.019480191, 0.019504234, 0.019549372, 0.01959274, 0.019631745, 0.0196478, 0.019669645, 0.019674307, 0.019669356, 0.019643255, 0.019594997, 0.019562932, 0.019487143, 0.019401379, 0.019309217, 0.01926039, 0.019154325, 0.01903183, 0.018962517, 0.018805666, 0.01862192, 0.018410293, 0.018294698, 0.018047296, 0.017783673, 0.017647129, 0.017364409, 0.017065166, 0.016907454, 0.016571954, 0.016206006, 0.01580557, 0.015591735, 0.015136791, 0.014649574, 0.014396097, 0.013873282, 0.013331271, 0.012766461, 0.012472894, 0.011858055, 0.011198934, 0.010849648, 0.010105136, 0.009289848, 0.008854049, 0.0079422835, 0.007073942, 0.0065826396, 0.006690227, 0.008026323, 0, 0, 0, 0, 0, 0, 0, 0, 0, 0, 0, 0, 0, 0, 0, 0, 0, 0, 0, 0, 0, 0, 0, 0, 0, 0, 0, 0
0, 0, 0, 0, 0, 0, 0, 0, 0, 0, 0, 0, 0, 0, 0, 0, 0, 0, 0, 0, 0, 0, 0, 0, 0, 0, 0, 0, 0, 0.008706579, 0.0072243935, 0.007042023, 0.007289394, 0.007868734, 0.008517791, 0.008842186, 0.009481316, 0.010109992, 0.010421625, 0.011038373, 0.011639904, 0.011931834, 0.0124912, 0.013014328, 0.0135010425, 0.0137320105, 0.01417264, 0.014591596, 0.014795552, 0.015196072, 0.015588157, 0.015967533, 0.016149832, 0.016494928, 0.01681179, 0.016960055, 0.017238954, 0.017499028, 0.017623762, 0.017866056, 0.018103119, 0.01833798, 0.018453998, 0.018678702, 0.018886345, 0.018981475, 0.019152807, 0.019299611, 0.019423835, 0.019477842, 0.019571343, 0.019648593, 0.019682672, 0.019743675, 0.019795213, 0.01983385, 0.01984716, 0.019860372, 0.019856194, 0.019848134, 0.019820124, 0.019776674, 0.019749453, 0.019686561, 0.019614557, 0.019533724, 0.019488772, 0.019385397, 0.019258676, 0.019185334, 0.019017512, 0.01882118, 0.018596277, 0.018473685, 0.018211007, 0.017929506, 0.017783364, 0.017480416, 0.017161356, 0.016994478, 0.016643899, 0.016268339, 0.015864905, 0.015651828, 0.0152018005, 0.014721054, 0.014470156, 0.013950382, 0.013408882, 0.012844417, 0.012552534, 0.011945877, 0.011304799, 0.010969708, 0.010264418, 0.009505273, 0.009104381, 0.008275942, 0.0075039254, 0.007093104, 0.0072137816, 0.008591796, 0, 0, 0, 0, 0, 0, 0, 0, 0, 0, 0, 0, 0, 0, 0, 0, 0, 0, 0, 0, 0, 0, 0, 0, 0, 0, 0, 0
0, 0, 0, 0, 0, 0, 0, 0, 0, 0, 0, 0, 0, 0, 0, 0, 0, 0, 0, 0, 0, 0, 0, 0, 0, 0, 0, 0, 0.01087108, 0.008420583, 0.0073948097, 0.007329214, 0.0076326416, 0.008162134, 0.008735022, 0.009021091, 0.009588481, 0.0101549765, 0.01043916, 0.011007134, 0.011568253, 0.011842858, 0.0123734865, 0.01287445, 0.013344728, 0.013569381, 0.014000936, 0.014414509, 0.014616933, 0.015015202, 0.0154056875, 0.01578383, 0.015966073, 0.016313089, 0.016635759, 0.01678861, 0.01707942, 0.01735404, 0.017486416, 0.017743113, 0.017991435, 0.018232109, 0.018348869, 0.018570954, 0.018772304, 0.018864144, 0.019030338, 0.019176632, 0.019307207, 0.01936724, 0.019477736, 0.019575909, 0.01962048, 0.019700082, 0.019764135, 0.019808091, 0.019821588, 0.019832028, 0.01982286, 0.019812359, 0.019780705, 0.019736027, 0.019708935, 0.01964658, 0.01957417, 0.01949018, 0.019442314, 0.019330958, 0.019194862, 0.019116998, 0.018941466, 0.0187399, 0.018511718, 0.018387737, 0.01812162, 0.01783513, 0.017685665, 0.0173761, 0.017051125, 0.01688238, 0.016530957, 0.016159695, 0.015765805, 0.015559373, 0.015124595, 0.014658948, 0.0144148255, 0.013906139, 0.013373907, 0.012821152, 0.012537436, 0.01195491, 0.011352091, 0.011042053, 0.0104014715, 0.009728034, 0.009378454, 0.008664426, 0.007993242, 0.0075650276, 0.0075721894, 0.008455946, 0.01073893, 0, 0, 0, 0, 0, 0, 0, 0, 0, 0, 0, 0, 0, 0, 0, 0, 0, 0, 0, 0, 0, 0, 0, 0, 0, 0, 0
0, 0, 0, 0, 0, 0, 0, 0, 0, 0, 0, 0, 0, 0, 0, 0, 0, 0, 0, 0, 0, 0, 0, 0, 0, 0, 0, 0, 0.007679232, 0.0069251815, 0.006875594, 0.0070655285, 0.007618883, 0.008223531, 0.008805275, 0.009085503, 0.009631424, 0.0101687275, 0.010435789, 0.010966763, 0.011488167, 0.011742959, 0.012235343, 0.012702031, 0.013143345, 0.013355692, 0.013767604, 0.014167875, 0.014365404, 0.014756527, 0.015141466, 0.015515459, 0.015696373, 0.016042683, 0.01636706, 0.016521573, 0.016816968, 0.017096825, 0.017231565, 0.017491914, 0.017740272, 0.017975653, 0.018087732, 0.018297505, 0.018485233, 0.018570501, 0.018726097, 0.018866308, 0.018996084, 0.019058093, 0.019176513, 0.019286856, 0.019338246, 0.019431224, 0.01950678, 0.01955997, 0.019577203, 0.01959334, 0.019587971, 0.019578498, 0.019547245, 0.019500144, 0.019470742, 0.019400883, 0.019316753, 0.01921779, 0.019161934, 0.01903527, 0.018887345, 0.01880557, 0.01862715, 0.01842851, 0.018207455, 0.018087909, 0.01783104, 0.017552178, 0.017406035, 0.017101452, 0.016781433, 0.016615478, 0.016271379, 0.015910337, 0.015529903, 0.015331285, 0.014913318, 0.014464937, 0.014228977, 0.013736574, 0.013221482, 0.012690464, 0.012420491, 0.011873197, 0.011316837, 0.01103431, 0.010456626, 0.009854039, 0.00954066, 0.008888727, 0.008224304, 0.0076371147, 0.0074387165, 0.007457631, 0.008066857, 0, 0, 0, 0, 0, 0, 0, 0, 0, 0, 0, 0, 0, 0, 0, 0, 0, 0, 0, 0, 0, 0, 0, 0, 0, 0, 0
0, 0, 0, 0, 0, 0, 0, 0, 0, 0, 0, 0, 0, 0, 0, 0, 0, 0, 0, 0, 0, 0, 0, 0, 0, 0, 0, 0, 0.005768982, 0.0057543605, 0.006279202, 0.0066505736, 0.0074254535, 0.008143057, 0.008783976, 0.009081926, 0.009647662, 0.010186907, 0.010449306, 0.010960431, 0.0114516225, 0.011688639, 0.012143153, 0.012571743, 0.012977812, 0.013174405, 0.013559097, 0.013938209, 0.014126839, 0.014502763, 0.014874088, 0.015235213, 0.015410039, 0.015744714, 0.016057767, 0.01620653, 0.016490037, 0.01675848, 0.016887808, 0.017138263, 0.017377343, 0.017602824, 0.017709505, 0.017908653, 0.018086942, 0.018168265, 0.018317446, 0.01845231, 0.018577352, 0.018637005, 0.018751532, 0.018858882, 0.01890918, 0.019001268, 0.01907795, 0.019135002, 0.01915536, 0.019179482, 0.01918296, 0.019177392, 0.019151883, 0.01910656, 0.019076342, 0.01900052, 0.0189055, 0.018792074, 0.018728798, 0.018589187, 0.018433645, 0.018350387, 0.018173615, 0.01798215, 0.017772507, 0.017659606, 0.01741665, 0.017150722, 0.017009914, 0.01671457, 0.016402066, 0.016239889, 0.01590378, 0.015552396, 0.015183642, 0.014991469, 0.01458825, 0.014156914, 0.013930682, 0.013459362, 0.01296897, 0.012467349, 0.012214121, 0.011704803, 0.011189879, 0.010928562, 0.010391764, 0.009823575, 0.0095227575, 0.008878585, 0.008176625, 0.0074631986, 0.007152809, 0.0068827257, 0.007732447, 0.00869046, 0, 0, 0, 0, 0, 0, 0, 0, 0, 0, 0, 0, 0, 0, 0, 0, 0, 0, 0, 0, 0, 0, 0, 0, 0, 0
0, 0, 0, 0, 0, 0, 0, 0, 0, 0, 0, 0, 0, 0, 0, 0, 0, 0, 0, 0, 0, 0, 0, 0, 0, 0, 0, 0.0072442777, 0.0063415603, 0.0057186126, 0.0061629154, 0.006536403, 0.00733684, 0.008090585, 0.008767633, 0.00908152, 0.009671916, 0.010223285, 0.010486402, 0.010990056, 0.011463159, 0.011688236, 0.0121156, 0.012514619, 0.012891187, 0.01307375, 0.013432716, 0.013789051, 0.013967085, 0.014322044, 0.014671977, 0.015010695, 0.015173969, 0.015485184, 0.01577368, 0.015909642, 0.016167307, 0.016410632, 0.016528698, 0.016759949, 0.016984401, 0.01719991, 0.017303003, 0.017497728, 0.01767485, 0.017756455, 0.017905679, 0.018037809, 0.018155474, 0.018209716, 0.018310187, 0.01840081, 0.018442512, 0.018517679, 0.018580578, 0.018629545, 0.018648122, 0.018673202, 0.018681291, 0.018678619, 0.018658765, 0.018617995, 0.018589221, 0.018514292, 0.01841708, 0.018299652, 0.018234385, 0.018092088, 0.01793685, 0.01785483, 0.01768234, 0.017496794, 0.017294846, 0.017186362, 0.016952546, 0.016695578, 0.016558718, 0.0162698, 0.015963022, 0.01580381, 0.01547488, 0.01513204, 0.014773424, 0.014587089, 0.014198177, 0.013785772, 0.013570707, 0.013125379, 0.0126648415, 0.012195186, 0.0119580105, 0.011479776, 0.010991737, 0.01074127, 0.010218886, 0.009654413, 0.009351216, 0.008692869, 0.007961277, 0.007188727, 0.006824421, 0.0063214116, 0.0064552, 0.006718123, 0, 0, 0, 0, 0, 0, 0, 0, 0, 0, 0, 0, 0, 0, 0, 0, 0, 0, 0, 0, 0, 0, 0, 0, 0, 0
0, 0, 0, 0, 0, 0, 0, 0, 0, 0, 0, 0, 0, 0, 0, 0, 0, 0, 0, 0, 0, 0, 0, 0, 0, 0, 0, 0.0075856233, 0.006690277, 0.0060809352, 0.00642206, 0.006740257, 0.007456739, 0.0081658885, 0.008826777, 0.009138362, 0.00972845, 0.010279181, 0.010541026, 0.011038253, 0.011501826, 0.011721307, 0.012136074, 0.012521353, 0.012883138, 0.013058004, 0.013400817, 0.013739797, 0.013908286, 0.014242266, 0.01456821, 0.014880956, 0.015030798, 0.015314857, 0.015576268, 0.01569862, 0.01592941, 0.016147291, 0.016253525, 0.016464071, 0.016672771, 0.016877342, 0.0169769, 0.017167917, 0.017344939, 0.017427051, 0.01757619, 0.017704366, 0.017812425, 0.017859753, 0.0179425, 0.018011669, 0.018041655, 0.01809318, 0.018134182, 0.01816528, 0.018176919, 0.018191524, 0.018192912, 0.018187882, 0.018165363, 0.018124262, 0.018096283, 0.018024689, 0.01793224, 0.017820725, 0.017758662, 0.017623616, 0.01747539, 0.017396357, 0.017227847, 0.01704364, 0.016841697, 0.016733319, 0.016500626, 0.01624616, 0.016111003, 0.01582639, 0.01552575, 0.015370479, 0.015051044, 0.0147190485, 0.014372552, 0.014193045, 0.013820345, 0.013428791, 0.013226114, 0.012808428, 0.012376757, 0.011933886, 0.011708665, 0.011248548, 0.010770168, 0.010521065, 0.0099950265, 0.009421048, 0.009112022, 0.008444279, 0.0077087893, 0.006932586, 0.0065586227, 0.0059941537, 0.006119096, 0.0066870744, 0, 0, 0, 0, 0, 0, 0, 0, 0, 0, 0, 0, 0, 0, 0, 0, 0, 0, 0, 0, 0, 0, 0, 0, 0, 0
0, 0, 0, 0, 0, 0, 0, 0, 0, 0, 0, 0, 0, 0, 0, 0, 0, 0, 0, 0, 0, 0, 0, 0, 0, 0, 0, 0.0065467283, 0.006291251, 0.006288983, 0.0067570014, 0.0070668045, 0.007725266, 0.008374027, 0.0089893965, 0.009283923, 0.009847622, 0.010379205, 0.010633276, 0.011118605, 0.011574604, 0.011791561, 0.01220434, 0.012588849, 0.012949235, 0.013122501, 0.013459418, 0.013788041, 0.013949454, 0.014265902, 0.014570813, 0.014861469, 0.0150005035, 0.015264618, 0.015508413, 0.015622764, 0.01583824, 0.016041078, 0.01613978, 0.016334806, 0.016527703, 0.016717423, 0.016810082, 0.016989212, 0.017156417, 0.017234027, 0.017374156, 0.017491875, 0.01758744, 0.017627684, 0.017695706, 0.01774892, 0.01777064, 0.017804982, 0.017828478, 0.017842239, 0.017845353, 0.017843237, 0.017827746, 0.017814513, 0.017777015, 0.017724961, 0.017693644, 0.017619962, 0.017530873, 0.017426496, 0.017368976, 0.017243423, 0.017102845, 0.01702633, 0.016859116, 0.016671838, 0.016464643, 0.016353868, 0.01611849, 0.01586533, 0.015732301, 0.015455435, 0.015166205, 0.015017724, 0.014713132, 0.014396591, 0.014065369, 0.013893599, 0.01353784, 0.013165895, 0.012974173, 0.012579114, 0.012168583, 0.011742064, 0.011522252, 0.011067263, 0.010586678, 0.010334369, 0.009800191, 0.009219887, 0.008910458, 0.008249678, 0.0075332415, 0.006778861, 0.006406946, 0.0057776314, 0.0055737775, 0.0057302145, 0, 0, 0, 0, 0, 0, 0, 0, 0, 0, 0, 0, 0, 0, 0, 0, 0, 0, 0, 0, 0, 0, 0, 0, 0, 0
0, 0, 0, 0, 0, 0, 0, 0, 0, 0, 0, 0, 0, 0, 0, 0, 0, 0, 0, 0, 0, 0, 0, 0, 0, 0, 0.0080609, 0.0064582666, 0.006242826, 0.0064894115, 0.0070904614, 0.0074213804, 0.008072548, 0.008686383, 0.009262636, 0.009538511, 0.010069193, 0.010574093, 0.010817313, 0.0112862615, 0.011732897, 0.011947714, 0.012360017, 0.012747569, 0.013111297, 0.013285038, 0.013619646, 0.013940281, 0.014096017, 0.014398117, 0.014687198, 0.014963141, 0.015096064, 0.015351005, 0.015589756, 0.01570261, 0.015915787, 0.016114999, 0.01621053, 0.016395552, 0.01657349, 0.016743634, 0.01682547, 0.016982045, 0.017126847, 0.017193694, 0.01731349, 0.017413078, 0.017493738, 0.017527815, 0.017586477, 0.017633539, 0.017652893, 0.017682517, 0.017700255, 0.017705774, 0.017703474, 0.017687114, 0.017653223, 0.017629601, 0.017570801, 0.01750001, 0.01746102, 0.017377013, 0.017283645, 0.017179787, 0.017123627, 0.017001493, 0.01686315, 0.01678667, 0.016617125, 0.016425077, 0.01621303, 0.016100768, 0.015866078, 0.015618972, 0.015491209, 0.015228315, 0.014956349, 0.01481696, 0.014530287, 0.014229931, 0.013913037, 0.013748136, 0.013405909, 0.01304806, 0.012863449, 0.01248157, 0.012081199, 0.011660016, 0.011440901, 0.010984124, 0.010499332, 0.010245061, 0.009710186, 0.009137778, 0.008836559, 0.0082020415, 0.0075227004, 0.0068054562, 0.006444368, 0.0057947244, 0.0055119093, 0.005698756, 0.0071553374, 0, 0, 0, 0, 0, 0, 0, 0, 0, 0, 0, 0, 0, 0, 0, 0, 0, 0, 0, 0, 0, 0, 0, 0, 0
0, 0, 0, 0, 0, 0, 0, 0, 0, 0, 0, 0, 0, 0, 0, 0, 0, 0, 0, 0, 0, 0, 0, 0, 0, 0, 0.0066563757, 0.006246176, 0.0062852562, 0.006768781, 0.0074578505, 0.0078073675, 0.008469104, 0.009074336, 0.009633433, 0.009899671, 0.010410617, 0.010897481, 0.011132762, 0.011588518, 0.012025626, 0.012237338, 0.0126461815, 0.013033208, 0.013396494, 0.013569303, 0.013899398, 0.014211635, 0.014361858, 0.014651837, 0.014929572, 0.015196793, 0.015326744, 0.015578757, 0.015817825, 0.015931569, 0.016146464, 0.016345333, 0.01643931, 0.016616883, 0.01678111, 0.016931973, 0.017002523, 0.017133981, 0.01725254, 0.017306475, 0.017402267, 0.017481724, 0.017547237, 0.017576123, 0.01762817, 0.017673612, 0.017693363, 0.01772507, 0.017744886, 0.017749986, 0.017746126, 0.017722681, 0.01767666, 0.017645387, 0.0175695, 0.017481353, 0.017434478, 0.017336864, 0.01723354, 0.017122947, 0.017063899, 0.0169369, 0.016793964, 0.016715186, 0.016541062, 0.016345866, 0.01613369, 0.016022969, 0.015794905, 0.015559302, 0.015438709, 0.015191666, 0.014935928, 0.0148041565, 0.014530489, 0.014240207, 0.01393128, 0.013769953, 0.013434687, 0.013083511, 0.012901852, 0.012524847, 0.012127087, 0.011706459, 0.011487121, 0.011030144, 0.010547662, 0.010296565, 0.009774438, 0.009225941, 0.008941127, 0.00834821, 0.0077184066, 0.00704916, 0.0067050694, 0.0060468647, 0.0056046606, 0.0055746846, 0.0059566144, 0, 0, 0, 0, 0, 0, 0, 0, 0, 0, 0, 0, 0, 0, 0, 0, 0, 0, 0, 0, 0, 0, 0, 0, 0
0, 0, 0, 0, 0, 0, 0, 0, 0, 0, 0, 0, 0, 0, 0, 0, 0, 0, 0, 0, 0, 0, 0, 0, 0, 0, 0.0076945033, 0.0066953483, 0.0067114215, 0.0071964166, 0.007880292, 0.008226924, 0.00888643, 0.00949303, 0.010054044, 0.010321029, 0.010832383, 0.011318218, 0.011552501, 0.012004936, 0.012437453, 0.012646717, 0.013050704, 0.013433454, 0.013792924, 0.013963866, 0.014289038, 0.014595036, 0.014741726, 0.0150245875, 0.015295948, 0.015558077, 0.015686044, 0.015934544, 0.016170753, 0.016283276, 0.016495261, 0.016689846, 0.016780835, 0.016950967, 0.017105268, 0.01724344, 0.017306777, 0.017422603, 0.017524539, 0.017570188, 0.01765011, 0.017715538, 0.017769475, 0.017793484, 0.017837536, 0.01787722, 0.01789487, 0.017923934, 0.017942164, 0.017945701, 0.017940642, 0.0179139, 0.017863357, 0.017829258, 0.017746903, 0.017651057, 0.017599998, 0.01749365, 0.017381566, 0.017262053, 0.01719873, 0.017063145, 0.016912736, 0.016830955, 0.016653398, 0.016458523, 0.016250687, 0.016143547, 0.015924236, 0.01569899, 0.015583576, 0.015345792, 0.0150966635, 0.014966793, 0.01469468, 0.014404151, 0.014094968, 0.013933797, 0.013599942, 0.013250861, 0.0130703645, 0.012695325, 0.012299418, 0.01188153, 0.011664309, 0.011213692, 0.010742702, 0.010499672, 0.010000757, 0.0094847465, 0.009219908, 0.008672749, 0.008094973, 0.007479974, 0.00716121, 0.006539669, 0.0061025117, 0.0060871053, 0.0069871647, 0, 0, 0, 0, 0, 0, 0, 0, 0, 0, 0, 0, 0, 0, 0, 0, 0, 0, 0, 0, 0, 0, 0, 0, 0
0, 0, 0, 0, 0, 0, 0, 0, 0, 0, 0, 0, 0, 0, 0, 0, 0, 0, 0, 0, 0, 0, 0, 0, 0, 0.0106054405, 0.008023401, 0.007128519, 0.007154931, 0.0076219602, 0.008276352, 0.0086119715, 0.009261516, 0.009871742, 0.010444663, 0.010718685, 0.011244665, 0.011743733, 0.011983427, 0.012443564, 0.012879628, 0.01308933, 0.013492396, 0.013873926, 0.0142334215, 0.014405023, 0.014732812, 0.015042076, 0.015190501, 0.015476627, 0.015749544, 0.01601099, 0.016137429, 0.016381035, 0.016610418, 0.016718885, 0.016922522, 0.017109022, 0.017196344, 0.017359884, 0.017509375, 0.017644795, 0.017707346, 0.01782219, 0.017923351, 0.017968437, 0.018047007, 0.018109651, 0.018158203, 0.018178243, 0.018212, 0.0182386, 0.018249145, 0.018264206, 0.01826954, 0.018262334, 0.018253174, 0.01822091, 0.018168803, 0.018135369, 0.01805558, 0.017962482, 0.0179122, 0.017805086, 0.017689437, 0.017564014, 0.017497292, 0.017354792, 0.01719857, 0.017114837, 0.016936263, 0.01674418, 0.016541919, 0.016437694, 0.016223501, 0.016000787, 0.015885433, 0.015645195, 0.015390044, 0.015256363, 0.014975782, 0.0146777835, 0.014364057, 0.014201992, 0.013868475, 0.013521812, 0.013342789, 0.012971632, 0.012580605, 0.0121693285, 0.011956315, 0.01151702, 0.011061325, 0.010828172, 0.01035303, 0.009865942, 0.009617101, 0.009104494, 0.0085641015, 0.007989946, 0.0076921624, 0.0071075363, 0.0066773496, 0.0066378345, 0.007370479, 0.009578742, 0, 0, 0, 0, 0, 0, 0, 0, 0, 0, 0, 0, 0, 0, 0, 0, 0, 0, 0, 0, 0, 0, 0, 0
0, 0, 0, 0, 0, 0, 0, 0, 0, 0, 0, 0, 0, 0, 0, 0, 0, 0, 0, 0, 0, 0, 0, 0, 0, 0.007797648, 0.0070089702, 0.0069807377, 0.007199604, 0.007830361, 0.0085261315, 0.008868031, 0.009524597, 0.010144937, 0.010733479, 0.0110166175, 0.011561861, 0.012079342, 0.012327284, 0.012801584, 0.013247904, 0.013461516, 0.013871268, 0.014260159, 0.01462946, 0.014807418, 0.0151500795, 0.015476465, 0.015633643, 0.015935814, 0.016220944, 0.016488688, 0.016616052, 0.016857741, 0.017081939, 0.017187279, 0.017384745, 0.017566003, 0.017651267, 0.017812794, 0.017963266, 0.018103188, 0.018169086, 0.018292174, 0.018402632, 0.018452365, 0.018539269, 0.018607914, 0.018657718, 0.018676002, 0.018701132, 0.018712834, 0.018714255, 0.01870911, 0.018693808, 0.018668624, 0.018652111, 0.01861013, 0.018555699, 0.018523589, 0.018449733, 0.018363735, 0.018316314, 0.01821256, 0.018096365, 0.017967422, 0.01789824, 0.017750284, 0.017589862, 0.01750503, 0.017326634, 0.01713733, 0.016938293, 0.016834956, 0.016619867, 0.016391646, 0.016271908, 0.016020562, 0.0157529, 0.015613072, 0.015322241, 0.015017978, 0.0147024, 0.01454098, 0.014210725, 0.013868744, 0.013692267, 0.01332617, 0.012940527, 0.01253552, 0.012326358, 0.011895961, 0.011451822, 0.0112254005, 0.0107649835, 0.010293074, 0.010051248, 0.009550968, 0.009020369, 0.008452717, 0.008155326, 0.007549655, 0.007006161, 0.0068219644, 0.0068557113, 0.0074719484, 0, 0, 0, 0, 0, 0, 0, 0, 0, 0, 0, 0, 0, 0, 0, 0, 0, 0, 0, 0, 0, 0, 0, 0
0, 0, 0, 0, 0, 0, 0, 0, 0, 0, 0, 0, 0, 0, 0, 0, 0, 0, 0, 0, 0, 0, 0, 0, 0, 0.006188582, 0.006153487, 0.0066758897, 0.0070532123, 0.007854856, 0.008620365, 0.008980175, 0.009659312, 0.010296049, 0.010900421, 0.01119211, 0.0117544895, 0.012288487, 0.012544322, 0.0130329365, 0.013491791, 0.013711392, 0.0141334785, 0.014536905, 0.014924623, 0.015113146, 0.015479925, 0.01583212, 0.016002141, 0.016327865, 0.016631944, 0.016912349, 0.017043954, 0.017290974, 0.017518202, 0.017625082, 0.017826099, 0.018011827, 0.01809973, 0.018266592, 0.01842295, 0.018569037, 0.018637927, 0.018767199, 0.018883878, 0.018936967, 0.019030917, 0.019106586, 0.019161979, 0.01918179, 0.019206006, 0.019211162, 0.019207327, 0.019188434, 0.019157294, 0.01911651, 0.019093284, 0.019041678, 0.018983511, 0.0189517, 0.018881273, 0.018799655, 0.018753843, 0.018650716, 0.018531535, 0.018397108, 0.018324679, 0.01817021, 0.018004866, 0.01791858, 0.01773935, 0.017551284, 0.0173528, 0.017248895, 0.017029602, 0.016792996, 0.016667971, 0.016405128, 0.016127387, 0.015983647, 0.015688514, 0.015384672, 0.015073527, 0.014915283, 0.014591358, 0.01425418, 0.014079184, 0.013714407, 0.013329113, 0.012924525, 0.0127158975, 0.012287516, 0.011846873, 0.011622499, 0.011165271, 0.010693216, 0.010449359, 0.009940344, 0.009394547, 0.008804025, 0.008490502, 0.007831899, 0.0071752346, 0.006895058, 0.0066816034, 0.0075958595, 0, 0, 0, 0, 0, 0, 0, 0, 0, 0, 0, 0, 0, 0, 0, 0, 0, 0, 0, 0, 0, 0, 0, 0
0, 0, 0, 0, 0, 0, 0, 0, 0, 0, 0, 0, 0, 0, 0, 0, 0, 0, 0, 0, 0, 0, 0, 0, 0, 0.007046206, 0.006283434, 0.006692642, 0.0070625227, 0.0078705, 0.008649518, 0.009016355, 0.009709813, 0.010360703, 0.0109792715, 0.01127777, 0.011853768, 0.012400225, 0.012661841, 0.013161225, 0.013630776, 0.013855973, 0.014290524, 0.014709339, 0.015115918, 0.01531498, 0.015704175, 0.01607893, 0.016259696, 0.016605113, 0.016925251, 0.017218534, 0.017355641, 0.017612936, 0.017851468, 0.01796466, 0.01818025, 0.018381672, 0.018477028, 0.01865673, 0.018821767, 0.018971078, 0.019039806, 0.019165728, 0.019277157, 0.019327955, 0.019419523, 0.019497525, 0.019559532, 0.019583773, 0.019617304, 0.019630147, 0.019628957, 0.019612335, 0.019579558, 0.019534543, 0.019508913, 0.01945285, 0.019391695, 0.019359138, 0.019287938, 0.01920495, 0.019157724, 0.019049725, 0.01892327, 0.01877981, 0.01870282, 0.018540127, 0.01836881, 0.01828073, 0.01810005, 0.017912334, 0.017713914, 0.017609272, 0.017386653, 0.017144257, 0.017015973, 0.016747298, 0.016465912, 0.016322022, 0.016029434, 0.015732026, 0.015428941, 0.015274195, 0.014955414, 0.014618967, 0.01444259, 0.014072432, 0.013680152, 0.013268907, 0.013057575, 0.012625741, 0.012183135, 0.011957816, 0.011497131, 0.011017073, 0.010766816, 0.010239511, 0.009668705, 0.009046319, 0.008713867, 0.008006813, 0.007271821, 0.0069276867, 0.0064601433, 0.0066287834, 0, 0, 0, 0, 0, 0, 0, 0, 0, 0, 0, 0, 0, 0, 0, 0, 0, 0, 0, 0, 0, 0, 0, 0
0, 0, 0, 0, 0, 0, 0, 0, 0, 0, 0, 0, 0, 0, 0, 0, 0, 0, 0, 0, 0, 0, 0, 0, 0.009690827, 0.0073240353, 0.0065592574, 0.006869782, 0.007191747, 0.007931319, 0.008677352, 0.009037287, 0.009728569, 0.010385942, 0.011014371, 0.011318203, 0.011904254, 0.012459715, 0.012725141, 0.013231247, 0.013707058, 0.013935531, 0.014378095, 0.014806891, 0.015225204, 0.015430369, 0.01583131, 0.016216269, 0.016401218, 0.016753033, 0.01707841, 0.01737659, 0.0175168, 0.017782617, 0.018033719, 0.018154982, 0.018389441, 0.018611487, 0.018716661, 0.01891285, 0.01908712, 0.01923701, 0.019302985, 0.019418517, 0.019516634, 0.019560916, 0.019643132, 0.019718932, 0.019786965, 0.019817, 0.019865952, 0.019896246, 0.01990356, 0.019901937, 0.01988013, 0.01984202, 0.019818328, 0.019764181, 0.019702721, 0.019669387, 0.019595528, 0.019508261, 0.019458216, 0.019343384, 0.019208902, 0.019057067, 0.018976044, 0.01880667, 0.01863112, 0.018541861, 0.018360814, 0.018173926, 0.01797637, 0.017871732, 0.017647915, 0.017403623, 0.01727449, 0.017004957, 0.016724942, 0.016582616, 0.016295085, 0.016003896, 0.015706377, 0.015553449, 0.015234921, 0.014894002, 0.01471389, 0.014334463, 0.0139324805, 0.013513445, 0.013299187, 0.012863894, 0.012419756, 0.0121936435, 0.011729603, 0.01124184, 0.010985851, 0.01044302, 0.009852138, 0.009206164, 0.0088607855, 0.008125178, 0.007351259, 0.0069772587, 0.006411635, 0.0065683555, 0.008219118, 0, 0, 0, 0, 0, 0, 0, 0, 0, 0, 0, 0, 0, 0, 0, 0, 0, 0, 0, 0, 0, 0, 0
0, 0, 0, 0, 0, 0, 0, 0, 0, 0, 0, 0, 0, 0, 0, 0, 0, 0, 0, 0, 0, 0, 0, 0, 0.007121507, 0.006390451, 0.006380147, 0.0069044726, 0.0072491006, 0.007979314, 0.008702482, 0.009054024, 0.0097358255, 0.0103918845, 0.01102328, 0.011329397, 0.011920239, 0.012479348, 0.012746073, 0.013254117, 0.013731095, 0.013960063, 0.014404018, 0.014834688, 0.01525492, 0.015460849, 0.015862089, 0.016244862, 0.016427787, 0.016774058, 0.01709341, 0.017387383, 0.017526561, 0.01779371, 0.018051388, 0.018177787, 0.018425792, 0.01866367, 0.018776784, 0.0189865, 0.01916879, 0.019320048, 0.019384144, 0.019492453, 0.019581128, 0.019620942, 0.019696888, 0.019771617, 0.019845124, 0.019880002, 0.01994221, 0.019987907, 0.020003028, 0.020015942, 0.02000602, 0.0199766, 0.01995605, 0.019906271, 0.019847086, 0.01981414, 0.01973992, 0.01965133, 0.019600347, 0.019483173, 0.01934577, 0.019191155, 0.019108897, 0.018937888, 0.018762067, 0.018673128, 0.018493386, 0.018307814, 0.018111046, 0.018006615, 0.017782707, 0.01753833, 0.017409416, 0.017140785, 0.016862543, 0.016721327, 0.01643603, 0.016146533, 0.01584904, 0.015695337, 0.015373565, 0.015027571, 0.0148445815, 0.014459771, 0.014054234, 0.0136341425, 0.013420422, 0.012987311, 0.012545785, 0.012320513, 0.011856235, 0.011365358, 0.011106863, 0.010557557, 0.009959029, 0.009305498, 0.008956412, 0.008213264, 0.0074238633, 0.0070307096, 0.006355366, 0.0061246864, 0.006557981, 0, 0, 0, 0, 0, 0, 0, 0, 0, 0, 0, 0, 0, 0, 0, 0, 0, 0, 0, 0, 0, 0, 0
0, 0, 0, 0, 0, 0, 0, 0, 0, 0, 0, 0, 0, 0, 0, 0, 0, 0, 0, 0, 0, 0, 0, 0, 0.005667471, 0.0056315605, 0.006120516, 0.0068613063, 0.0072501237, 0.008007496, 0.008723536, 0.009067824, 0.009735359, 0.010379592, 0.011001899, 0.011304155, 0.011887753, 0.012440199, 0.01270364, 0.013205324, 0.013676571, 0.013902927, 0.014341736, 0.01476706, 0.015181569, 0.015384482, 0.015779134, 0.01615432, 0.016332947, 0.01667009, 0.016980026, 0.017266132, 0.017402116, 0.017664798, 0.017920483, 0.018046824, 0.0182967, 0.018538306, 0.018653905, 0.018868962, 0.019056167, 0.019211825, 0.019278027, 0.019390497, 0.019483717, 0.019525994, 0.019606985, 0.019686628, 0.019764945, 0.01980229, 0.019868819, 0.019918336, 0.019934952, 0.019950213, 0.01994233, 0.019914908, 0.019895507, 0.019848414, 0.019792449, 0.019761167, 0.019691035, 0.019606963, 0.019558396, 0.019446168, 0.01931359, 0.019163363, 0.019083057, 0.018915834, 0.018743098, 0.01865556, 0.018477647, 0.018292876, 0.018096153, 0.01799158, 0.017767804, 0.017524047, 0.017395517, 0.017127806, 0.016850088, 0.01670895, 0.016422626, 0.016131198, 0.015831042, 0.015676072, 0.015352591, 0.015007455, 0.014826164, 0.014447131, 0.014050298, 0.013640518, 0.013431869, 0.013007848, 0.012572856, 0.01234988, 0.01188854, 0.011399693, 0.0111422185, 0.010597221, 0.010006555, 0.009365234, 0.009024115, 0.008299326, 0.0075247413, 0.007131188, 0.006414501, 0.006085415, 0.0068634744, 0.007834865, 0, 0, 0, 0, 0, 0, 0, 0, 0, 0, 0, 0, 0, 0, 0, 0, 0, 0, 0, 0, 0, 0
0, 0, 0, 0, 0, 0, 0, 0, 0, 0, 0, 0, 0, 0, 0, 0, 0, 0, 0, 0, 0, 0, 0, 0.007542811, 0.0065527963, 0.0058521423, 0.006245062, 0.0069709835, 0.0073531177, 0.008090939, 0.008780983, 0.0091111045, 0.009749751, 0.010365574, 0.0109605035, 0.011249465, 0.011807744, 0.0123371715, 0.012590229, 0.013073819, 0.013530429, 0.013750369, 0.014177169, 0.014591075, 0.014994329, 0.015191784, 0.015576366, 0.015942754, 0.016117407, 0.016447717, 0.01675199, 0.017033074, 0.017166562, 0.017423835, 0.017672317, 0.017794501, 0.018034896, 0.018267484, 0.01837924, 0.01858899, 0.018775983, 0.018937122, 0.01900837, 0.019134697, 0.019244555, 0.01929529, 0.019390877, 0.019480245, 0.01956189, 0.019598693, 0.019660538, 0.01970221, 0.01971424, 0.019720636, 0.019705327, 0.019673618, 0.01965325, 0.01960664, 0.01955415, 0.019525321, 0.01946154, 0.019385261, 0.019341031, 0.019237807, 0.019114358, 0.018972501, 0.018896086, 0.01873524, 0.018567193, 0.018481256, 0.018304853, 0.018120594, 0.017924182, 0.017820116, 0.017597906, 0.017356992, 0.017229872, 0.016964773, 0.016688721, 0.016547859, 0.016261455, 0.015969086, 0.015668927, 0.015514929, 0.015196594, 0.014861734, 0.014687504, 0.014326, 0.013948703, 0.013557477, 0.013356982, 0.012945824, 0.012519542, 0.012299743, 0.011844391, 0.011363162, 0.011111367, 0.010582689, 0.01001653, 0.009409474, 0.009089251, 0.008413255, 0.0076913885, 0.0073202844, 0.0066116303, 0.006140547, 0.0062743933, 0.0065377885, 0, 0, 0, 0, 0, 0, 0, 0, 0, 0, 0, 0, 0, 0, 0, 0, 0, 0, 0, 0, 0, 0
0, 0, 0, 0, 0, 0, 0, 0, 0, 0, 0, 0, 0, 0, 0, 0, 0, 0, 0, 0, 0, 0, 0, 0.007982403, 0.0070288572, 0.0063555287, 0.0066531086, 0.0072778035, 0.0076177553, 0.008287389, 0.008923544, 0.009229457, 0.009821465, 0.010391294, 0.01094089, 0.011207583, 0.011723211, 0.012213508, 0.012449211, 0.012902505, 0.013334429, 0.013543734, 0.013951443, 0.014347367, 0.014733304, 0.014922489, 0.015291941, 0.015645685, 0.015815401, 0.01613822, 0.016438434, 0.016717112, 0.016849382, 0.017102562, 0.017343171, 0.017459584, 0.017685061, 0.017900484, 0.018003901, 0.018199814, 0.018379612, 0.018541697, 0.018616477, 0.018755147, 0.018881187, 0.018939923, 0.019049138, 0.01914604, 0.019228157, 0.019262709, 0.01931646, 0.01934763, 0.01935441, 0.019351548, 0.019330224, 0.019296253, 0.019276127, 0.019231902, 0.019183181, 0.019156825, 0.019098133, 0.019027717, 0.018986596, 0.018890467, 0.01877483, 0.018641245, 0.018568728, 0.018414708, 0.018251697, 0.018167341, 0.017993024, 0.017810179, 0.017616192, 0.017513955, 0.017297326, 0.017063614, 0.016940437, 0.016683083, 0.016413875, 0.01627579, 0.015994197, 0.015706189, 0.015411964, 0.015261944, 0.014955353, 0.014637312, 0.014473235, 0.0141339945, 0.013779134, 0.013407593, 0.013215192, 0.012816602, 0.0123998355, 0.012184355, 0.011739557, 0.011274415, 0.01103371, 0.01053403, 0.010007649, 0.009451999, 0.0091619855, 0.0085556125, 0.007914603, 0.00758629, 0.0069590104, 0.0065520746, 0.0068938727, 0.007638743, 0, 0, 0, 0, 0, 0, 0, 0, 0, 0, 0, 0, 0, 0, 0, 0, 0, 0, 0, 0, 0, 0
0, 0, 0, 0, 0, 0, 0, 0, 0, 0, 0, 0, 0, 0, 0, 0, 0, 0, 0, 0, 0, 0, 0, 0.0069627003, 0.0066776844, 0.0066317883, 0.007063928, 0.0076609994, 0.007971, 0.008577663, 0.0091563985, 0.009435222, 0.009974757, 0.010492299, 0.010989124, 0.011229717, 0.011694972, 0.012139081, 0.012353651, 0.012769381, 0.013169722, 0.013365041, 0.013747164, 0.014118757, 0.014480429, 0.014657347, 0.015002581, 0.0153343715, 0.015494437, 0.015801558, 0.016090816, 0.016362729, 0.016492555, 0.016740492, 0.016973447, 0.017084338, 0.017295387, 0.017492907, 0.01758681, 0.017765166, 0.017931132, 0.018085139, 0.01815811, 0.018296987, 0.01842598, 0.018486498, 0.018597636, 0.01869367, 0.018771952, 0.018803755, 0.018851956, 0.018879162, 0.018885046, 0.0188834, 0.018867033, 0.01884033, 0.018824274, 0.018787295, 0.01874372, 0.018719088, 0.018662116, 0.018592501, 0.018552009, 0.01845817, 0.018346839, 0.018219208, 0.018150043, 0.018002892, 0.017845348, 0.017763257, 0.017592434, 0.017413178, 0.017224435, 0.017125947, 0.016919052, 0.016697623, 0.016581248, 0.016337832, 0.016081678, 0.015949529, 0.015678523, 0.015400198, 0.015116035, 0.01497181, 0.014678643, 0.014376984, 0.014222024, 0.013901599, 0.013564333, 0.013207393, 0.013021099, 0.012633215, 0.012226951, 0.012017812, 0.011589623, 0.011149278, 0.010924257, 0.010462895, 0.0099834595, 0.009481719, 0.009221151, 0.008677796, 0.008105827, 0.007813358, 0.0072542354, 0.006889586, 0.0071962425, 0.007866058, 0.010372033, 0, 0, 0, 0, 0, 0, 0, 0, 0, 0, 0, 0, 0, 0, 0, 0, 0, 0, 0, 0, 0
0, 0, 0, 0, 0, 0, 0, 0, 0, 0, 0, 0, 0, 0, 0, 0, 0, 0, 0, 0, 0, 0, 0.008667792, 0.006905916, 0.006641866, 0.0068287672, 0.0073892195, 0.008011169, 0.0083137285, 0.008890047, 0.009430522, 0.009689392, 0.010186981, 0.01066085, 0.011112662, 0.011330665, 0.011751588, 0.012153869, 0.012348693, 0.012727995, 0.013095892, 0.013276044, 0.013629593, 0.013973078, 0.01430554, 0.014467092, 0.014780525, 0.015080438, 0.015225261, 0.015504832, 0.015771357, 0.016026132, 0.016149241, 0.016386213, 0.016609479, 0.01671521, 0.016914891, 0.017098706, 0.017185051, 0.017347453, 0.017497418, 0.017636536, 0.017702667, 0.017828356, 0.0179452, 0.01799976, 0.018099714, 0.018185453, 0.018255888, 0.018285085, 0.018331625, 0.01836256, 0.018372616, 0.018382566, 0.01838088, 0.018369103, 0.018359488, 0.01833236, 0.018293597, 0.018269515, 0.018211294, 0.018139139, 0.018097809, 0.018003821, 0.017895542, 0.017774044, 0.017708693, 0.017569456, 0.017419318, 0.017340364, 0.017175497, 0.017001934, 0.016820585, 0.01672672, 0.016531441, 0.016324518, 0.016216284, 0.015989508, 0.015749436, 0.015624614, 0.0153666455, 0.015099178, 0.014824928, 0.014685725, 0.014402985, 0.014112841, 0.013963665, 0.013654803, 0.013327953, 0.012980331, 0.012798599, 0.012420686, 0.012026885, 0.011825879, 0.011418707, 0.011006655, 0.010798497, 0.010374726, 0.009935598, 0.0094729485, 0.009230616, 0.008718888, 0.008167367, 0.0078774765, 0.007287909, 0.0067704953, 0.0065800147, 0.006738173, 0.007556947, 0, 0, 0, 0, 0, 0, 0, 0, 0, 0, 0, 0, 0, 0, 0, 0, 0, 0, 0, 0, 0
0, 0, 0, 0, 0, 0, 0, 0, 0, 0, 0, 0, 0, 0, 0, 0, 0, 0, 0, 0, 0, 0, 0.0070538153, 0.006552388, 0.006551235, 0.0069804564, 0.007630846, 0.008281112, 0.008586037, 0.009154541, 0.009678134, 0.009926611, 0.010400889, 0.010848653, 0.011272239, 0.011475715, 0.011867085, 0.012239915, 0.012420244, 0.0127710225, 0.013111192, 0.013278195, 0.013605527, 0.013922444, 0.014226883, 0.01437355, 0.01465519, 0.014921716, 0.015049683, 0.015296251, 0.015532902, 0.015762057, 0.015874142, 0.016092982, 0.016302438, 0.016402695, 0.016592698, 0.016767612, 0.01684915, 0.017001076, 0.017138613, 0.017263144, 0.017321091, 0.017429331, 0.017527739, 0.017572977, 0.01765572, 0.017727349, 0.01778805, 0.017814599, 0.017860482, 0.017897125, 0.017911917, 0.01793419, 0.017945997, 0.017946115, 0.017940959, 0.017919289, 0.01788161, 0.01785671, 0.017796021, 0.017722212, 0.017680759, 0.017589612, 0.017487794, 0.017375398, 0.017315296, 0.017186487, 0.017046079, 0.016971417, 0.016814126, 0.016647842, 0.01647412, 0.01638462, 0.016199687, 0.016005063, 0.015903568, 0.015691, 0.015464358, 0.01534574, 0.015098187, 0.0148390755, 0.0145717515, 0.01443592, 0.014159995, 0.013876772, 0.013731111, 0.013428947, 0.013108775, 0.012768728, 0.012591491, 0.012224085, 0.011844216, 0.0116515625, 0.011263969, 0.010874716, 0.010678709, 0.010279224, 0.009861352, 0.00941362, 0.00917524, 0.008662438, 0.008093666, 0.0077860043, 0.007126661, 0.0064476253, 0.005899596, 0.0057687364, 0.005907558, 0, 0, 0, 0, 0, 0, 0, 0, 0, 0, 0, 0, 0, 0, 0, 0, 0, 0, 0, 0, 0
0, 0, 0, 0, 0, 0, 0, 0, 0, 0, 0, 0, 0, 0, 0, 0, 0, 0, 0, 0, 0, 0, 0.0075836615, 0.0066173295, 0.006645292, 0.0071402905, 0.007814248, 0.008469327, 0.008774048, 0.009339272, 0.009857265, 0.01010222, 0.010568275, 0.011006246, 0.011418438, 0.011615457, 0.011992609, 0.012349445, 0.0125212455, 0.012853821, 0.013174889, 0.013332108, 0.013639799, 0.013937127, 0.014221158, 0.014357318, 0.014616943, 0.014859928, 0.014975624, 0.01519692, 0.01540787, 0.015612095, 0.015712416, 0.015910055, 0.016102303, 0.016195774, 0.016375376, 0.016542861, 0.01662151, 0.01676767, 0.016898613, 0.01701463, 0.017067388, 0.017163556, 0.017248256, 0.017286614, 0.017355917, 0.017416006, 0.017468685, 0.01749267, 0.017535865, 0.017573116, 0.017588982, 0.017613774, 0.017627431, 0.017627163, 0.017621137, 0.017596183, 0.017554607, 0.017528178, 0.017466214, 0.01739457, 0.01735581, 0.017272783, 0.017181795, 0.017081693, 0.017027615, 0.016910369, 0.016779978, 0.01670971, 0.016560173, 0.01640077, 0.016233785, 0.016147763, 0.015970364, 0.015784012, 0.015686726, 0.015482575, 0.015263819, 0.015148726, 0.014907633, 0.014653981, 0.014391987, 0.014258736, 0.013988693, 0.013711548, 0.0135690225, 0.013273118, 0.012960064, 0.01262815, 0.012455523, 0.012098666, 0.01173021, 0.01154333, 0.01116663, 0.010786352, 0.010593648, 0.0101978425, 0.009778485, 0.00932348, 0.009079212, 0.008550723, 0.007961987, 0.0076431762, 0.0069590956, 0.006252012, 0.005693266, 0.005605104, 0.006340359, 0, 0, 0, 0, 0, 0, 0, 0, 0, 0, 0, 0, 0, 0, 0, 0, 0, 0, 0, 0, 0
0, 0, 0, 0, 0, 0, 0, 0, 0, 0, 0, 0, 0, 0, 0, 0, 0, 0, 0, 0, 0, 0, 0.006853523, 0.0065733967, 0.00670894, 0.0072681857, 0.0079411585, 0.008587459, 0.008889271, 0.009452156, 0.009970023, 0.010215399, 0.010682817, 0.011121565, 0.011533699, 0.011730177, 0.01210463, 0.012456734, 0.012625184, 0.012949296, 0.0132598905, 0.0134112835, 0.013707244, 0.013993141, 0.01426691, 0.014398457, 0.014650043, 0.014885472, 0.014997181, 0.015209276, 0.015408322, 0.015597617, 0.015689509, 0.015869616, 0.016044995, 0.0161308, 0.016297357, 0.016455216, 0.01653029, 0.016671304, 0.016798865, 0.01691199, 0.016963247, 0.017055757, 0.017135944, 0.01717186, 0.017236194, 0.01729161, 0.017339623, 0.017361214, 0.017399576, 0.017430482, 0.017442437, 0.017458277, 0.01746118, 0.017449569, 0.01743823, 0.017404445, 0.01735798, 0.017330926, 0.017271316, 0.017206652, 0.01717254, 0.017100252, 0.017020915, 0.016931402, 0.016882114, 0.01677298, 0.016648954, 0.0165816, 0.016437726, 0.016284123, 0.016123079, 0.016040089, 0.015868595, 0.015687617, 0.015592791, 0.0153930085, 0.015178382, 0.015065365, 0.014828707, 0.014580516, 0.014324514, 0.014194582, 0.013931377, 0.013661315, 0.0135223195, 0.013233765, 0.012927955, 0.01260351, 0.012434577, 0.012084465, 0.011720913, 0.011535398, 0.011157661, 0.010770642, 0.010572411, 0.01016177, 0.009723951, 0.00924959, 0.008996107, 0.008453454, 0.007859491, 0.0075430023, 0.0068766503, 0.0062021804, 0.005653095, 0.005516578, 0.005745113, 0, 0, 0, 0, 0, 0, 0, 0, 0, 0, 0, 0, 0, 0, 0, 0, 0, 0, 0, 0, 0
0, 0, 0, 0, 0, 0, 0, 0, 0, 0, 0, 0, 0, 0, 0, 0, 0, 0, 0, 0, 0, 0.008897855, 0.006911502, 0.0065555777, 0.006722501, 0.0073159467, 0.007995095, 0.008643624, 0.0089479415, 0.0095186345, 0.010045953, 0.010296047, 0.010772608, 0.011219772, 0.011639701, 0.011839674, 0.012220441, 0.01257709, 0.012746925, 0.013071824, 0.01338048, 0.0135299275, 0.013820865, 0.014101756, 0.014372345, 0.014503351, 0.014756454, 0.014996121, 0.015110363, 0.015327116, 0.0155283315, 0.01571529, 0.015804164, 0.015975004, 0.016137622, 0.016216325, 0.016368486, 0.016513553, 0.01658317, 0.016715748, 0.016838009, 0.01694869, 0.016999507, 0.01709204, 0.017173052, 0.017209526, 0.017274799, 0.017330209, 0.017376682, 0.017396512, 0.017429003, 0.01745082, 0.017457034, 0.017459659, 0.01744868, 0.017424736, 0.017408522, 0.01736898, 0.017322319, 0.017297177, 0.01724441, 0.017188713, 0.01715933, 0.017095538, 0.017022468, 0.01693667, 0.01688828, 0.016780153, 0.016657416, 0.01659112, 0.016450748, 0.016302489, 0.016148226, 0.016068704, 0.015903927, 0.015728682, 0.015636148, 0.01544026, 0.015229392, 0.01511852, 0.01488721, 0.014645535, 0.014396697, 0.014270324, 0.014013349, 0.013749024, 0.013612606, 0.013328852, 0.013027209, 0.012706279, 0.012538535, 0.012189516, 0.011823848, 0.011635405, 0.011247777, 0.010844893, 0.010636743, 0.010203577, 0.009742542, 0.009248775, 0.008988065, 0.008437944, 0.007848161, 0.007538447, 0.006893731, 0.0062424163, 0.005692209, 0.0055402396, 0.0058510043, 0.0075772726, 0, 0, 0, 0, 0, 0, 0, 0, 0, 0, 0, 0, 0, 0, 0, 0, 0, 0, 0, 0
0, 0, 0, 0, 0, 0, 0, 0, 0, 0, 0, 0, 0, 0, 0, 0, 0, 0, 0, 0, 0, 0.0068059755, 0.006165973, 0.006287892, 0.006557307, 0.007248883, 0.007970387, 0.008647449, 0.008964876, 0.009560592, 0.010110937, 0.010371335, 0.010865771, 0.011328793, 0.011762921, 0.011970134, 0.012365166, 0.012735588, 0.012911962, 0.013248135, 0.01356462, 0.013716543, 0.014009611, 0.014290235, 0.014560349, 0.014691792, 0.01494745, 0.0151928915, 0.015310868, 0.015536195, 0.015745403, 0.015937869, 0.01602807, 0.016197503, 0.016353967, 0.016427925, 0.016568448, 0.016700638, 0.016763939, 0.016885325, 0.016998991, 0.017103696, 0.017152358, 0.017242346, 0.017322317, 0.017358664, 0.017424002, 0.017479489, 0.017524825, 0.017543467, 0.017571937, 0.017587587, 0.017590405, 0.01758546, 0.017568093, 0.017540764, 0.01752431, 0.017487546, 0.017447244, 0.017426321, 0.017382223, 0.01733362, 0.017306754, 0.017245242, 0.017170548, 0.01708089, 0.017030152, 0.016918048, 0.016793864, 0.01672832, 0.016592039, 0.016450765, 0.016305083, 0.016230043, 0.016073296, 0.01590461, 0.015814846, 0.015623665, 0.01541731, 0.01530895, 0.015083464, 0.014848127, 0.014604863, 0.014480491, 0.014226111, 0.013961878, 0.01382509, 0.01353968, 0.013235966, 0.012912676, 0.01274373, 0.012391637, 0.012021099, 0.011828956, 0.011431124, 0.011014115, 0.01079773, 0.010347126, 0.009870671, 0.009365968, 0.009102395, 0.008551742, 0.007967484, 0.0076615117, 0.007020067, 0.006349275, 0.005710827, 0.0054592057, 0.0053207823, 0.0058596767, 0, 0, 0, 0, 0, 0, 0, 0, 0, 0, 0, 0, 0, 0, 0, 0, 0, 0, 0, 0
0, 0, 0, 0, 0, 0, 0, 0, 0, 0, 0, 0, 0, 0, 0, 0, 0, 0, 0, 0, 0, 0.0056220707, 0.005537591, 0.0060010348, 0.006358363, 0.0071431687, 0.0079127, 0.008626121, 0.0089607695, 0.009589651, 0.0101703415, 0.010444126, 0.010962463, 0.0114457905, 0.011899297, 0.012116063, 0.012531642, 0.012924094, 0.013111717, 0.013469586, 0.01380482, 0.0139644435, 0.014268727, 0.014555133, 0.014826943, 0.014958462, 0.015213598, 0.015459309, 0.015578259, 0.01580718, 0.016021838, 0.016220462, 0.016313417, 0.016486518, 0.016643217, 0.016716072, 0.0168517, 0.016976738, 0.017035972, 0.017148685, 0.017253894, 0.017350623, 0.017395666, 0.017478907, 0.017553085, 0.017586773, 0.01764746, 0.017699124, 0.017741365, 0.01775876, 0.017785603, 0.017801061, 0.017804254, 0.017801903, 0.01778915, 0.017768579, 0.017756209, 0.017728295, 0.017696852, 0.017679691, 0.017641084, 0.017594634, 0.017567404, 0.017502772, 0.017422507, 0.017326618, 0.01727337, 0.017158631, 0.017036004, 0.016972795, 0.01684372, 0.016711615, 0.01657511, 0.016503988, 0.016353935, 0.016190173, 0.016102316, 0.015914615, 0.015711788, 0.015605351, 0.015384268, 0.015153155, 0.01491205, 0.0147876935, 0.014530453, 0.0142601635, 0.014119425, 0.013825448, 0.013514024, 0.013184519, 0.01301324, 0.012657876, 0.012285322, 0.012092178, 0.011691478, 0.011270144, 0.011051225, 0.010596192, 0.010117278, 0.009613624, 0.00935221, 0.008808573, 0.0082327165, 0.007930331, 0.0072895107, 0.006597035, 0.0058801756, 0.005546772, 0.0050934213, 0.0051419423, 0, 0, 0, 0, 0, 0, 0, 0, 0, 0, 0, 0, 0, 0, 0, 0, 0, 0, 0, 0
0, 0, 0, 0, 0, 0, 0, 0, 0, 0, 0, 0, 0, 0, 0, 0, 0, 0, 0, 0, 0.007343169, 0.006337889, 0.005611939, 0.005995526, 0.006345862, 0.0071260068, 0.007897694, 0.008621628, 0.008964476, 0.009613547, 0.010216355, 0.010501288, 0.011040692, 0.011543474, 0.0120159, 0.012242634, 0.012679452, 0.013096203, 0.013296915, 0.013682143, 0.014044034, 0.0142158475, 0.01454051, 0.014840952, 0.015119924, 0.015252694, 0.015507305, 0.01575015, 0.015867705, 0.016094897, 0.016310476, 0.016512558, 0.016607815, 0.016786342, 0.016948175, 0.017023105, 0.01716207, 0.017288553, 0.017347896, 0.017459586, 0.01756183, 0.01765436, 0.017696658, 0.017773453, 0.017840331, 0.017870186, 0.017923297, 0.017968044, 0.018005421, 0.018021312, 0.018047756, 0.018066425, 0.018072516, 0.018078076, 0.018075012, 0.018064218, 0.018056292, 0.018035604, 0.018008491, 0.017992113, 0.01795311, 0.017903788, 0.017874433, 0.017805653, 0.017722169, 0.017625181, 0.01757274, 0.017462173, 0.017347027, 0.017288517, 0.017169062, 0.017045315, 0.016914316, 0.016844958, 0.016696487, 0.016532809, 0.016444884, 0.016257312, 0.016055819, 0.015950577, 0.015732044, 0.015503158, 0.0152621865, 0.015136779, 0.014874411, 0.014595684, 0.0144499205, 0.014145631, 0.013825214, 0.013489905, 0.0133171035, 0.012961458, 0.012591714, 0.012400926, 0.012005499, 0.011589714, 0.011373651, 0.010924885, 0.010454236, 0.009961521, 0.009706489, 0.009177787, 0.008619871, 0.008327518, 0.0077099768, 0.0070458776, 0.0063676545, 0.006064092, 0.005767197, 0.006594756, 0.0077030603, 0, 0, 0, 0, 0, 0, 0, 0, 0, 0, 0, 0, 0, 0, 0, 0, 0, 0, 0
0, 0, 0, 0, 0, 0, 0, 0, 0, 0, 0, 0, 0, 0, 0, 0, 0, 0, 0, 0, 0.0062026954, 0.0059169484, 0.0057367743, 0.0061765253, 0.006508963, 0.0072379815, 0.007967365, 0.008665133, 0.009000531, 0.009643762, 0.010249578, 0.010538227, 0.011087677, 0.011602405, 0.012087791, 0.012321481, 0.012773599, 0.013208551, 0.01341971, 0.013828178, 0.014215198, 0.01439965, 0.014748217, 0.015068624, 0.015361841, 0.015499511, 0.015759809, 0.01600428, 0.016121779, 0.016348472, 0.016564658, 0.016769107, 0.016866446, 0.017050207, 0.017218748, 0.01729751, 0.01744442, 0.01757857, 0.017641462, 0.017759195, 0.01786577, 0.017960574, 0.01800335, 0.018079586, 0.018143782, 0.018171625, 0.018219803, 0.018259576, 0.018292727, 0.018307352, 0.018333247, 0.018354101, 0.018362237, 0.018372977, 0.018375266, 0.018368647, 0.018362021, 0.018341675, 0.018311858, 0.018293442, 0.018249245, 0.01819523, 0.01816445, 0.018094933, 0.018014826, 0.017925138, 0.017877389, 0.017777631, 0.01767352, 0.017619913, 0.0175081, 0.017388122, 0.017256645, 0.017185839, 0.017033286, 0.01686545, 0.016775977, 0.016586944, 0.016385958, 0.016281744, 0.016065754, 0.015839081, 0.015599084, 0.015473129, 0.015208022, 0.014924501, 0.014776061, 0.014466457, 0.014142131, 0.013805488, 0.013633271, 0.013280741, 0.012916747, 0.012729309, 0.01234157, 0.011934208, 0.011722836, 0.011284025, 0.010825216, 0.010346822, 0.010100152, 0.009591208, 0.009058718, 0.0087823365, 0.008206523, 0.0076027582, 0.0070079966, 0.0067528384, 0.0065392717, 0.0073124715, 0.008333464, 0, 0, 0, 0, 0, 0, 0, 0, 0, 0, 0, 0, 0, 0, 0, 0, 0, 0, 0
0, 0, 0, 0, 0, 0, 0, 0, 0, 0, 0, 0, 0, 0, 0, 0, 0, 0, 0, 0, 0.0062770597, 0.0060555697, 0.006144559, 0.006662275, 0.00697804, 0.0076289084, 0.0082669, 0.00888381, 0.0091850925, 0.009774397, 0.010345183, 0.01062283, 0.011160628, 0.011673383, 0.012160634, 0.012395321, 0.012848539, 0.013283449, 0.013495079, 0.013906846, 0.014303358, 0.014495015, 0.014863396, 0.015209593, 0.015532262, 0.015684724, 0.015973194, 0.01624161, 0.016369218, 0.01661232, 0.016840456, 0.017054033, 0.017155156, 0.017346498, 0.017522767, 0.017605504, 0.0177608, 0.017903697, 0.017970962, 0.018097742, 0.018214123, 0.018320167, 0.018369028, 0.018457912, 0.018534094, 0.018567497, 0.018624876, 0.01867105, 0.01870747, 0.018722767, 0.018747728, 0.018765459, 0.01877155, 0.018777203, 0.018773584, 0.018759921, 0.018749373, 0.018720802, 0.018683083, 0.018661208, 0.018612232, 0.018557917, 0.018529277, 0.018469244, 0.018405383, 0.018335922, 0.018298501, 0.018216558, 0.018123733, 0.018072542, 0.01795989, 0.017832711, 0.017691165, 0.01761536, 0.017455108, 0.017284816, 0.017196367, 0.017012903, 0.016820729, 0.01672113, 0.016513737, 0.016293738, 0.016059069, 0.01593572, 0.015676718, 0.015402133, 0.015259365, 0.014963838, 0.014655937, 0.014335091, 0.014169705, 0.013828045, 0.013470467, 0.0132850995, 0.012900807, 0.012498208, 0.0122902775, 0.011862419, 0.011420032, 0.010963371, 0.0107295755, 0.010249227, 0.009749267, 0.009490324, 0.008950824, 0.008378385, 0.007776135, 0.007475443, 0.0069614733, 0.0068858797, 0.007243999, 0.009227481, 0, 0, 0, 0, 0, 0, 0, 0, 0, 0, 0, 0, 0, 0, 0, 0, 0, 0
0, 0, 0, 0, 0, 0, 0, 0, 0, 0, 0, 0, 0, 0, 0, 0, 0, 0, 0, 0.0080048125, 0.0062615233, 0.0059871934, 0.0061747744, 0.006766937, 0.007101829, 0.0077683, 0.008403769, 0.009008151, 0.009301069, 0.0098722, 0.010425719, 0.01069586, 0.011221548, 0.011725459, 0.012205296, 0.012435975, 0.012879544, 0.013301479, 0.013505465, 0.013900763, 0.01428067, 0.01446484, 0.0148217995, 0.015162323, 0.015485002, 0.015639532, 0.015934328, 0.016210621, 0.016341945, 0.016591782, 0.016825093, 0.017042072, 0.017144438, 0.017337192, 0.017513674, 0.017595993, 0.01774934, 0.017888913, 0.017954146, 0.018076722, 0.018190116, 0.018295085, 0.018344523, 0.018436411, 0.018518077, 0.018554779, 0.018619422, 0.018672427, 0.018714132, 0.018731022, 0.018757386, 0.018774863, 0.018780427, 0.018785313, 0.01878185, 0.018769873, 0.018760614, 0.018735547, 0.018702269, 0.018682728, 0.018638592, 0.018588481, 0.018561551, 0.018504575, 0.018442508, 0.018373987, 0.018336315, 0.018252531, 0.018155789, 0.01810225, 0.017984515, 0.017853674, 0.017711213, 0.017636292, 0.017480109, 0.017316774, 0.017232342, 0.017057424, 0.016872708, 0.016776, 0.016572392, 0.016354274, 0.016120862, 0.01599856, 0.015743788, 0.015476757, 0.015339141, 0.015055996, 0.014761307, 0.014452421, 0.014291663, 0.013955937, 0.013600206, 0.01341479, 0.013029522, 0.012627033, 0.01242006, 0.011996198, 0.01156, 0.0111102015, 0.010879215, 0.010402139, 0.00989862, 0.009634186, 0.009073856, 0.008461846, 0.007791208, 0.007438892, 0.0067582936, 0.006332939, 0.0063593104, 0.006993173, 0, 0, 0, 0, 0, 0, 0, 0, 0, 0, 0, 0, 0, 0, 0, 0, 0, 0
0, 0, 0, 0, 0, 0, 0, 0, 0, 0, 0, 0, 0, 0, 0, 0, 0, 0, 0, 0.0061279717, 0.0055942656, 0.0056066667, 0.0060785455, 0.0067896126, 0.0071574743, 0.007863228, 0.008515864, 0.0091223335, 0.009412177, 0.009970902, 0.01050756, 0.010768725, 0.011277328, 0.011766039, 0.012232757, 0.012457123, 0.012887538, 0.013294466, 0.013489814, 0.013866119, 0.014225672, 0.014399909, 0.014738223, 0.015063319, 0.015374647, 0.015524802, 0.015813066, 0.01608477, 0.01621437, 0.016461415, 0.016692817, 0.016908824, 0.01701107, 0.017204005, 0.017380862, 0.017463353, 0.017615998, 0.017753141, 0.017816497, 0.017934244, 0.018042486, 0.018143078, 0.018190904, 0.018281287, 0.018363727, 0.018401677, 0.018470138, 0.018527314, 0.018572513, 0.018590752, 0.018618913, 0.018637791, 0.018644331, 0.018652463, 0.018654656, 0.018650169, 0.018645125, 0.01862898, 0.018604107, 0.018588265, 0.018549846, 0.018502478, 0.0184757, 0.018416474, 0.018350005, 0.018275565, 0.018234814, 0.018144915, 0.018042836, 0.01798713, 0.017867079, 0.017736489, 0.017597409, 0.017525258, 0.017376322, 0.01722142, 0.017141333, 0.016974315, 0.016795648, 0.016700787, 0.01649922, 0.016281104, 0.016047712, 0.015925966, 0.015674071, 0.015412896, 0.015279407, 0.015006147, 0.014722278, 0.014423863, 0.014267687, 0.013939635, 0.013589442, 0.013406233, 0.013025537, 0.012628209, 0.012424428, 0.012007915, 0.011579023, 0.01113492, 0.010905361, 0.010426369, 0.009912428, 0.00963913, 0.009052335, 0.008400913, 0.007674859, 0.0072853463, 0.0064907353, 0.0058259177, 0.0056431694, 0.0057173464, 0, 0, 0, 0, 0, 0, 0, 0, 0, 0, 0, 0, 0, 0, 0, 0, 0, 0
0, 0, 0, 0, 0, 0, 0, 0, 0, 0, 0, 0, 0, 0, 0, 0, 0, 0, 0, 0.005264378, 0.0052287374, 0.005425463, 0.006095769, 0.006881263, 0.007266069, 0.007987939, 0.00864298, 0.009241207, 0.009523306, 0.01006078, 0.010570591, 0.010817427, 0.0112974, 0.011759722, 0.01220347, 0.012417745, 0.012829829, 0.0132197775, 0.013406696, 0.013765907, 0.014107635, 0.0142726805, 0.014592788, 0.014900148, 0.015194832, 0.015336909, 0.015609466, 0.015866697, 0.015989685, 0.016225101, 0.016447423, 0.016657872, 0.016758615, 0.016950913, 0.017130017, 0.017214213, 0.017370926, 0.017511426, 0.017575804, 0.017693933, 0.017800681, 0.01789882, 0.017945249, 0.018033389, 0.018114801, 0.018152647, 0.018221756, 0.018280216, 0.01832649, 0.018344996, 0.018373525, 0.018393196, 0.018400684, 0.018412134, 0.018419834, 0.018422514, 0.018421352, 0.018412717, 0.018394032, 0.018380448, 0.018344017, 0.018295148, 0.018266417, 0.0182014, 0.01812783, 0.01804669, 0.018003244, 0.01790974, 0.017806621, 0.017751466, 0.017633567, 0.017506681, 0.017372012, 0.017302122, 0.01715778, 0.01700714, 0.016929094, 0.016765773, 0.016589668, 0.016495815, 0.016295161, 0.016077884, 0.015845658, 0.01572512, 0.015476625, 0.015220526, 0.015089989, 0.014823687, 0.014547941, 0.014258507, 0.014107119, 0.013789177, 0.013449661, 0.0132720675, 0.012902806, 0.012517263, 0.012319077, 0.01191288, 0.011491758, 0.01105209, 0.010822987, 0.010341023, 0.009819375, 0.009540716, 0.008941716, 0.008279091, 0.007547436, 0.007158485, 0.0063716937, 0.0057373727, 0.0056153103, 0.0063080504, 0, 0, 0, 0, 0, 0, 0, 0, 0, 0, 0, 0, 0, 0, 0, 0, 0, 0
0, 0, 0, 0, 0, 0, 0, 0, 0, 0, 0, 0, 0, 0, 0, 0, 0, 0, 0, 0.00666013, 0.005827295, 0.0059053637, 0.0064620986, 0.0071772207, 0.007533382, 0.008206831, 0.008821463, 0.0093820505, 0.009644965, 0.010142525, 0.010610444, 0.010835815, 0.011273788, 0.011697313, 0.0121066645, 0.012305734, 0.012691709, 0.013060027, 0.013237574, 0.013579898, 0.013906171, 0.014063841, 0.014369146, 0.014661528, 0.01494061, 0.015074655, 0.01533116, 0.01557227, 0.015687391, 0.015908526, 0.016119337, 0.016321743, 0.016420064, 0.016610617, 0.016792294, 0.0168789, 0.01704232, 0.01719038, 0.017258318, 0.017382504, 0.01749319, 0.017593564, 0.017640665, 0.017729789, 0.017811857, 0.017849997, 0.017919552, 0.017978167, 0.018024392, 0.018042644, 0.01807043, 0.018088972, 0.018095981, 0.018107127, 0.018115174, 0.018119117, 0.018118547, 0.018110685, 0.018091667, 0.01807715, 0.018037105, 0.01798291, 0.017951129, 0.01788007, 0.017802097, 0.017719109, 0.017675908, 0.017585266, 0.017487308, 0.017434854, 0.017322464, 0.017199352, 0.017066043, 0.016995879, 0.016849387, 0.016695967, 0.016616639, 0.016451528, 0.016275436, 0.016182464, 0.015984975, 0.015772514, 0.0155464085, 0.015428995, 0.0151871005, 0.014937075, 0.01480946, 0.014548703, 0.014279311, 0.013997691, 0.013851241, 0.013544914, 0.013219637, 0.013049738, 0.012696271, 0.012325924, 0.012134502, 0.011739225, 0.011325735, 0.010889924, 0.01066184, 0.010181067, 0.009662135, 0.009386503, 0.008799623, 0.008161783, 0.007472397, 0.007111643, 0.006387668, 0.0057803188, 0.005610536, 0.0057759346, 0, 0, 0, 0, 0, 0, 0, 0, 0, 0, 0, 0, 0, 0, 0, 0, 0, 0
0, 0, 0, 0, 0, 0, 0, 0, 0, 0, 0, 0, 0, 0, 0, 0, 0, 0, 0.009876826, 0.0074312366, 0.0066048647, 0.0066230744, 0.0070337383, 0.00761442, 0.007913131, 0.008491058, 0.009030746, 0.009529996, 0.009765465, 0.010211687, 0.010630826, 0.010832288, 0.011223692, 0.01160306, 0.011972276, 0.01215298, 0.012506336, 0.012847959, 0.013014003, 0.013336441, 0.01364634, 0.013796644, 0.014088442, 0.014368474, 0.014635761, 0.014763987, 0.015009315, 0.015239643, 0.015349647, 0.015560713, 0.01576273, 0.015957836, 0.016053323, 0.016240334, 0.01642121, 0.016508624, 0.016675377, 0.016828537, 0.016899569, 0.017029777, 0.017146185, 0.017251449, 0.017300695, 0.017393636, 0.01747893, 0.017518362, 0.017589895, 0.017649919, 0.017696785, 0.017715205, 0.01774265, 0.017759835, 0.017765561, 0.017773485, 0.017777437, 0.017776692, 0.017773647, 0.017760728, 0.017735781, 0.017718036, 0.017671982, 0.017612206, 0.017578244, 0.017504562, 0.017426787, 0.017347192, 0.017306665, 0.017222578, 0.017131438, 0.017082008, 0.016973756, 0.016851226, 0.016714413, 0.016641332, 0.01648749, 0.01632624, 0.016243564, 0.016074201, 0.01589823, 0.015807046, 0.015616468, 0.015413933, 0.015198919, 0.015086889, 0.014854332, 0.014611758, 0.014486929, 0.0142311035, 0.013966567, 0.013691604, 0.013549418, 0.013254025, 0.012942607, 0.012780465, 0.012443031, 0.0120876795, 0.011903019, 0.011518892, 0.011113784, 0.010685078, 0.010460986, 0.009991041, 0.009489892, 0.009226876, 0.008675324, 0.008088565, 0.007467003, 0.0071453, 0.0065000257, 0.0059432057, 0.0057779434, 0.0060335584, 0.00771592, 0, 0, 0, 0, 0, 0, 0, 0, 0, 0, 0, 0, 0, 0, 0, 0, 0
0, 0, 0, 0, 0, 0, 0, 0, 0, 0, 0, 0, 0, 0, 0, 0, 0, 0, 0.007905591, 0.0071393843, 0.006941554, 0.00705294, 0.0074694483, 0.007971429, 0.008224932, 0.008718418, 0.00918718, 0.0096293455, 0.009840404, 0.0102435, 0.010624193, 0.010807335, 0.011162874, 0.011506896, 0.011841723, 0.012006036, 0.012328681, 0.012642917, 0.012796615, 0.0130969025, 0.013387581, 0.013529279, 0.013805664, 0.014072675, 0.014329619, 0.01445385, 0.014692895, 0.014919134, 0.015027508, 0.015235721, 0.015434287, 0.015625, 0.015717963, 0.015899373, 0.016074453, 0.016159197, 0.016321793, 0.016472818, 0.016543325, 0.016674455, 0.016793244, 0.016901888, 0.016952964, 0.017049514, 0.017138058, 0.017178902, 0.017253093, 0.017315341, 0.017364422, 0.017383974, 0.017413195, 0.017431071, 0.017436674, 0.01744253, 0.017442487, 0.01743642, 0.01743053, 0.017411632, 0.017381202, 0.01736106, 0.01731116, 0.017249597, 0.017215554, 0.017143222, 0.017068427, 0.016992526, 0.016953863, 0.016873283, 0.016784243, 0.016735319, 0.016626166, 0.016500266, 0.016357921, 0.016281322, 0.016120033, 0.01595201, 0.015866635, 0.015694477, 0.015520095, 0.015431365, 0.015249043, 0.015057361, 0.014853731, 0.014746895, 0.014523051, 0.014286406, 0.014163793, 0.013911305, 0.0136500355, 0.013379644, 0.01324072, 0.012953904, 0.012654127, 0.012498563, 0.012175149, 0.011833514, 0.011655333, 0.011283662, 0.010890794, 0.010476705, 0.010261541, 0.009814676, 0.009345758, 0.009102873, 0.008599947, 0.008072436, 0.0075184065, 0.0072314804, 0.0066486006, 0.0061132237, 0.005917589, 0.0058874073, 0.006443641, 0, 0, 0, 0, 0, 0, 0, 0, 0, 0, 0, 0, 0, 0, 0, 0, 0
0, 0, 0, 0, 0, 0, 0, 0, 0, 0, 0, 0, 0, 0, 0, 0, 0, 0.009268834, 0.00808346, 0.006885107, 0.006882752, 0.0070702177, 0.0075567896, 0.008060405, 0.0083026085, 0.008765032, 0.009202082, 0.009617726, 0.009817941, 0.010203193, 0.010569117, 0.010745312, 0.011086217, 0.011413785, 0.01173049, 0.011885313, 0.01218825, 0.0124826785, 0.012626713, 0.012908053, 0.013180511, 0.013313458, 0.013573326, 0.013825963, 0.014071774, 0.014192022, 0.014426335, 0.014651572, 0.014760448, 0.014970548, 0.015170528, 0.015360532, 0.015451929, 0.015627757, 0.015794517, 0.015874425, 0.01602718, 0.016169949, 0.016237373, 0.01636447, 0.01648182, 0.01659079, 0.016642334, 0.016739981, 0.016829342, 0.016870797, 0.016945813, 0.017009681, 0.017061291, 0.017082408, 0.01711535, 0.01713701, 0.017144175, 0.017151987, 0.01715206, 0.017144455, 0.01713768, 0.017116942, 0.017085591, 0.017065676, 0.017017154, 0.01695847, 0.016926166, 0.01685683, 0.016783226, 0.016706219, 0.016666017, 0.016580682, 0.016485965, 0.016434032, 0.016319346, 0.016188765, 0.016043147, 0.01596546, 0.015802609, 0.01563369, 0.015548048, 0.015376012, 0.015202825, 0.015115343, 0.014936655, 0.014749612, 0.0145509215, 0.014446205, 0.014225759, 0.013991287, 0.013869486, 0.013618438, 0.013359003, 0.013091863, 0.012955405, 0.012675657, 0.012385201, 0.012235215, 0.011923849, 0.011595148, 0.011423758, 0.01106684, 0.010691342, 0.01029901, 0.010097026, 0.009681912, 0.009252, 0.009031186, 0.008575849, 0.00809791, 0.007590663, 0.0073243147, 0.006770271, 0.006232728, 0.0060181357, 0.005948405, 0.0070172283, 0.00813495, 0, 0, 0, 0, 0, 0, 0, 0, 0, 0, 0, 0, 0, 0, 0, 0
0, 0, 0, 0, 0, 0, 0, 0, 0, 0, 0, 0, 0, 0, 0, 0, 0, 0.006949967, 0.0065217414, 0.006116184, 0.006423798, 0.0066981646, 0.007293402, 0.007856089, 0.008116712, 0.008602602, 0.009053138, 0.009478378, 0.009683, 0.010076923, 0.010450522, 0.010629994, 0.010975415, 0.011304403, 0.011619917, 0.011772983, 0.012071498, 0.012359814, 0.012500296, 0.012773374, 0.013036114, 0.013163722, 0.013411825, 0.01365258, 0.013887799, 0.014003811, 0.014232626, 0.014456558, 0.014566287, 0.014779318, 0.014983053, 0.0151753295, 0.015266856, 0.01544024, 0.015601425, 0.01567784, 0.015822819, 0.015958926, 0.016023928, 0.01614809, 0.016264666, 0.016373586, 0.016425079, 0.0165219, 0.01660985, 0.016650382, 0.016723866, 0.016787216, 0.016839886, 0.016862184, 0.016899137, 0.016925938, 0.016935699, 0.016948408, 0.016952181, 0.016947163, 0.016941248, 0.01692264, 0.01689416, 0.01687607, 0.016832232, 0.016778374, 0.01674799, 0.016680224, 0.016604109, 0.01651999, 0.016474895, 0.016378347, 0.01627253, 0.016215857, 0.016094262, 0.015961275, 0.015817286, 0.01574153, 0.015583784, 0.015419533, 0.015335402, 0.015164187, 0.0149887595, 0.01489934, 0.014715747, 0.014523585, 0.014320194, 0.0142137455, 0.013990838, 0.013755214, 0.013633403, 0.013383014, 0.013125181, 0.012861162, 0.012726925, 0.01245307, 0.0121704275, 0.012025084, 0.011724118, 0.011407578, 0.011243104, 0.010901719, 0.010545436, 0.0101765245, 0.009988083, 0.00960343, 0.0092074, 0.00900401, 0.00858282, 0.00813433, 0.007646886, 0.0073849154, 0.0068220794, 0.0062318314, 0.0059584114, 0.005622075, 0.005914841, 0.0062770303, 0, 0, 0, 0, 0, 0, 0, 0, 0, 0, 0, 0, 0, 0, 0, 0
0, 0, 0, 0, 0, 0, 0, 0, 0, 0, 0, 0, 0, 0, 0, 0, 0, 0.005289922, 0.005127765, 0.005242104, 0.0058205184, 0.0061712484, 0.0068668653, 0.0074976343, 0.0077858106, 0.008317795, 0.008805158, 0.009260075, 0.009477394, 0.009892968, 0.010284077, 0.010470763, 0.010827837, 0.011165832, 0.011488737, 0.011645424, 0.01195092, 0.012246522, 0.012390451, 0.012669666, 0.012936507, 0.013065027, 0.013312702, 0.013549826, 0.013779572, 0.013892721, 0.014116867, 0.014338756, 0.014448501, 0.014664155, 0.01487193, 0.015068565, 0.015161828, 0.015337962, 0.0155003555, 0.015576896, 0.015722556, 0.015860228, 0.015926525, 0.016054785, 0.01617597, 0.016288664, 0.016341338, 0.016438762, 0.01652517, 0.016564252, 0.016634796, 0.01669568, 0.016747667, 0.01677049, 0.01681009, 0.016841218, 0.016853524, 0.016870892, 0.016878344, 0.01687576, 0.016870786, 0.016853828, 0.016827524, 0.016810903, 0.016770277, 0.016719338, 0.016689727, 0.016621424, 0.016540807, 0.016448021, 0.016397575, 0.016289396, 0.016173275, 0.016112521, 0.015986275, 0.015853405, 0.015713926, 0.015641395, 0.015490516, 0.015331135, 0.015248104, 0.015075005, 0.014892857, 0.014798587, 0.014603719, 0.014400151, 0.014187476, 0.014077573, 0.013850344, 0.013613674, 0.013492064, 0.013243066, 0.012987239, 0.012725881, 0.012593164, 0.0123233395, 0.012046042, 0.011903928, 0.0116105545, 0.011303376, 0.01114431, 0.010815663, 0.010474205, 0.010122187, 0.009942724, 0.009576816, 0.009199842, 0.009005545, 0.008600278, 0.008163204, 0.007679977, 0.007416468, 0.0068384847, 0.0062016784, 0.0058801286, 0.005343458, 0.005210035, 0.005323461, 0, 0, 0, 0, 0, 0, 0, 0, 0, 0, 0, 0, 0, 0, 0, 0
0, 0, 0, 0, 0, 0, 0, 0, 0, 0, 0, 0, 0, 0, 0, 0, 0, 0.004605403, 0.004538668, 0.0047966284, 0.0054376777, 0.005803879, 0.006522511, 0.007179381, 0.0074825003, 0.008046226, 0.008564687, 0.0090470705, 0.009276371, 0.009711789, 0.010117685, 0.010310207, 0.0106764715, 0.011022183, 0.011353123, 0.011514595, 0.011831678, 0.012141727, 0.012293665, 0.012589769, 0.012872504, 0.0130080925, 0.013267239, 0.013511283, 0.013743837, 0.01385718, 0.014080742, 0.014302133, 0.014412285, 0.014630018, 0.014841668, 0.015043621, 0.015139869, 0.01532229, 0.015491545, 0.015571867, 0.01572557, 0.015872173, 0.015943484, 0.016081758, 0.016212966, 0.01633414, 0.016390044, 0.016491715, 0.016579274, 0.016618045, 0.016686931, 0.01674581, 0.016796935, 0.01681998, 0.01686113, 0.016895039, 0.016908746, 0.016928501, 0.016936988, 0.016933775, 0.016927991, 0.016908979, 0.01688082, 0.016863469, 0.016822303, 0.016771326, 0.016741708, 0.016672729, 0.016589602, 0.016492447, 0.01643925, 0.016325248, 0.016203882, 0.016141208, 0.016013028, 0.015880886, 0.01574406, 0.015673028, 0.015524591, 0.015365041, 0.015280596, 0.015101784, 0.014910788, 0.014811325, 0.014606035, 0.014393409, 0.014174571, 0.014062803, 0.013834651, 0.013599343, 0.013478884, 0.013231865, 0.012977289, 0.012716155, 0.012583425, 0.012313699, 0.012037256, 0.0118958615, 0.011605073, 0.011302177, 0.011145771, 0.010822965, 0.010487346, 0.010140245, 0.009962728, 0.009599706, 0.009224515, 0.0090308925, 0.008627099, 0.00819242, 0.0077144746, 0.007455255, 0.0068905125, 0.0062739323, 0.005965455, 0.005478521, 0.0056119193, 0.006202574, 0, 0, 0, 0, 0, 0, 0, 0, 0, 0, 0, 0, 0, 0, 0, 0
0, 0, 0, 0, 0, 0, 0, 0, 0, 0, 0, 0, 0, 0, 0, 0, 0, 0.0055461936, 0.0049971635, 0.0049000084, 0.0054063397, 0.0057290546, 0.006390201, 0.007019974, 0.0073182406, 0.0078835385, 0.008412195, 0.008907789, 0.00914358, 0.009591105, 0.010006906, 0.010203398, 0.010576604, 0.010928722, 0.011267047, 0.011433062, 0.011761617, 0.012086355, 0.012246895, 0.012561575, 0.0128634935, 0.013008357, 0.013284344, 0.013541886, 0.013783975, 0.013900776, 0.014129039, 0.014353631, 0.014465077, 0.014685865, 0.014901462, 0.01510841, 0.015207622, 0.0153967, 0.01557361, 0.015657973, 0.015820287, 0.015975995, 0.016051916, 0.016199848, 0.016340742, 0.016471034, 0.016531186, 0.016639745, 0.016732072, 0.016772576, 0.016843453, 0.016903643, 0.016955744, 0.016979622, 0.017022904, 0.017058982, 0.017073583, 0.01709414, 0.01710184, 0.017096035, 0.017088518, 0.017065212, 0.017032491, 0.01701316, 0.016969096, 0.016916873, 0.016887303, 0.016819526, 0.016738635, 0.016644076, 0.016591951, 0.016479522, 0.016358886, 0.016296327, 0.01616757, 0.016034307, 0.015895274, 0.015822794, 0.015669938, 0.015504471, 0.01541659, 0.01523064, 0.015033201, 0.014931091, 0.0147219915, 0.014508094, 0.01429031, 0.0141798295, 0.013954775, 0.013722536, 0.013603053, 0.013356504, 0.013100255, 0.012835516, 0.012700533, 0.012426093, 0.012145214, 0.012001986, 0.011708367, 0.011403496, 0.011246384, 0.010921617, 0.010582243, 0.010228838, 0.010047297, 0.00967464, 0.009289256, 0.009090927, 0.008680233, 0.0082446495, 0.007776117, 0.0075269807, 0.0069965506, 0.006434175, 0.0061574494, 0.0057112672, 0.0056831352, 0.00592681, 0, 0, 0, 0, 0, 0, 0, 0, 0, 0, 0, 0, 0, 0, 0, 0
0, 0, 0, 0, 0, 0, 0, 0, 0, 0, 0, 0, 0, 0, 0, 0, 0, 0.0052680275, 0.005055647, 0.0051108045, 0.005563782, 0.005847137, 0.006438456, 0.007020292, 0.007302603, 0.007848505, 0.008369669, 0.008865548, 0.0091034435, 0.00955782, 0.009983014, 0.010185032, 0.010569564, 0.010932933, 0.011281973, 0.011453339, 0.011792428, 0.012128159, 0.012294323, 0.012620997, 0.012935858, 0.013087431, 0.013376798, 0.013647278, 0.013900806, 0.01402245, 0.014258918, 0.014489394, 0.014603339, 0.01482836, 0.015047837, 0.015258633, 0.015359911, 0.015553102, 0.015734034, 0.015820373, 0.01598573, 0.016143976, 0.01622091, 0.016371287, 0.016515616, 0.016650591, 0.016713403, 0.016828265, 0.016927283, 0.016970942, 0.017047731, 0.017112881, 0.01716928, 0.017195093, 0.017241769, 0.017280655, 0.017296487, 0.017319037, 0.017327663, 0.017322017, 0.017314147, 0.017289318, 0.017254543, 0.017233986, 0.017187955, 0.017135223, 0.017106157, 0.017041348, 0.016965825, 0.016878203, 0.016829595, 0.016723763, 0.016607638, 0.016546225, 0.016417487, 0.016281161, 0.016136419, 0.016060445, 0.015900036, 0.015727269, 0.015636435, 0.015446629, 0.015248476, 0.015147241, 0.014941813, 0.014733168, 0.01452074, 0.01441265, 0.014190884, 0.013959409, 0.01383934, 0.013589613, 0.013327839, 0.013056107, 0.012917335, 0.012635005, 0.012346454, 0.012199493, 0.011899123, 0.011587849, 0.011427258, 0.011094615, 0.010745625, 0.010380112, 0.010191596, 0.009804124, 0.009403721, 0.009198362, 0.008775929, 0.008334101, 0.007868148, 0.007624574, 0.007115051, 0.0065851463, 0.006325926, 0.0059052417, 0.0059172637, 0.0063015013, 0.008304696, 0, 0, 0, 0, 0, 0, 0, 0, 0, 0, 0, 0, 0, 0, 0
0, 0, 0, 0, 0, 0, 0, 0, 0, 0, 0, 0, 0, 0, 0, 0, 0.007202984, 0.005517536, 0.0052235792, 0.005297854, 0.005749811, 0.006019768, 0.0065758433, 0.0071238847, 0.007392055, 0.007915559, 0.008422487, 0.008911834, 0.0091493055, 0.009608528, 0.010045276, 0.010254956, 0.010657262, 0.011038756, 0.011403701, 0.011581444, 0.011930171, 0.012271621, 0.012439505, 0.012768673, 0.013086105, 0.013239501, 0.01353417, 0.013812121, 0.014074142, 0.014200032, 0.014444062, 0.014680624, 0.014796924, 0.015025714, 0.015247973, 0.015461047, 0.015563347, 0.015758019, 0.015939314, 0.01602518, 0.016188426, 0.016342543, 0.016417192, 0.016562628, 0.01670284, 0.016836263, 0.016899476, 0.017017221, 0.017121876, 0.017168941, 0.01725304, 0.017325016, 0.01738694, 0.017414888, 0.017465236, 0.01750753, 0.017525094, 0.017552042, 0.017566083, 0.017566279, 0.017561339, 0.01754167, 0.017510448, 0.017491119, 0.01744634, 0.017394628, 0.017366199, 0.017303983, 0.01723314, 0.017152239, 0.017107423, 0.017008984, 0.016898649, 0.016839104, 0.016711513, 0.016572991, 0.016423704, 0.016345248, 0.016180485, 0.016005645, 0.015914824, 0.015727816, 0.015535412, 0.015437757, 0.015239723, 0.01503729, 0.014828516, 0.014720987, 0.014498003, 0.014262583, 0.014139655, 0.013883381, 0.01361453, 0.013335514, 0.01319311, 0.012903334, 0.012607016, 0.01245604, 0.01214718, 0.011826728, 0.011661304, 0.011318303, 0.010957757, 0.010579596, 0.010384237, 0.0099824155, 0.009566555, 0.009353234, 0.008914322, 0.008456288, 0.007974557, 0.007723078, 0.007195619, 0.0066369968, 0.006353128, 0.005834594, 0.0055889124, 0.005698514, 0.006436168, 0, 0, 0, 0, 0, 0, 0, 0, 0, 0, 0, 0, 0, 0, 0
0, 0, 0, 0, 0, 0, 0, 0, 0, 0, 0, 0, 0, 0, 0, 0, 0.005637085, 0.005083982, 0.0050449474, 0.0053615584, 0.005900444, 0.0061880136, 0.006754047, 0.0072949734, 0.007556554, 0.008065102, 0.008557633, 0.00903676, 0.009271529, 0.009731186, 0.010176162, 0.010392538, 0.010811199, 0.0112100905, 0.011589776, 0.011772917, 0.012127612, 0.012469262, 0.012635556, 0.012959528, 0.013271732, 0.013423163, 0.013716296, 0.013995895, 0.014261502, 0.0143894795, 0.014637258, 0.014876342, 0.014993288, 0.015222572, 0.015444835, 0.01565792, 0.015760386, 0.01595536, 0.016136348, 0.01622148, 0.016381886, 0.016531093, 0.016602455, 0.01674079, 0.016874293, 0.017002605, 0.017064583, 0.017182415, 0.017290281, 0.017339922, 0.017429868, 0.017507147, 0.017572742, 0.017601825, 0.017653637, 0.017697651, 0.01771671, 0.017748421, 0.017770296, 0.017780682, 0.017781125, 0.017772248, 0.017749831, 0.017734006, 0.017693922, 0.017644407, 0.017616704, 0.017555619, 0.01748712, 0.017410211, 0.017368276, 0.017276255, 0.017172609, 0.017116042, 0.01699288, 0.016856939, 0.016709479, 0.016632028, 0.016470885, 0.016302286, 0.016215613, 0.016038317, 0.01585617, 0.015763024, 0.0155720115, 0.015372504, 0.015162305, 0.015052616, 0.0148236025, 0.014581178, 0.014454849, 0.014192778, 0.013919565, 0.013637603, 0.013493785, 0.013200526, 0.012898865, 0.012744417, 0.012427018, 0.012096502, 0.011925559, 0.011571414, 0.01119963, 0.010810371, 0.010609318, 0.010195257, 0.009764488, 0.009542326, 0.009082688, 0.008598996, 0.008085294, 0.007814659, 0.007239678, 0.0066118105, 0.006279212, 0.0056076054, 0.0050635706, 0.0049350373, 0.0051154513, 0, 0, 0, 0, 0, 0, 0, 0, 0, 0, 0, 0, 0, 0, 0
0, 0, 0, 0, 0, 0, 0, 0, 0, 0, 0, 0, 0, 0, 0, 0, 0.0049050646, 0.0048010224, 0.004934642, 0.0054547726, 0.0060866256, 0.0063994857, 0.00699257, 0.007540596, 0.0078006275, 0.008299742, 0.008778262, 0.009242855, 0.00947117, 0.0099213375, 0.010362299, 0.010578584, 0.011000314, 0.011403815, 0.0117868325, 0.011970509, 0.012323259, 0.0126589425, 0.01282121, 0.013136255, 0.013440122, 0.013588272, 0.013876588, 0.014153952, 0.014418665, 0.014546189, 0.014792321, 0.01502804, 0.015142852, 0.015367019, 0.015584304, 0.0157937, 0.015894998, 0.016089236, 0.016270708, 0.016356096, 0.016516358, 0.016663661, 0.016733447, 0.016867181, 0.016995445, 0.017119385, 0.017179906, 0.017296463, 0.017405659, 0.017456478, 0.017549347, 0.017628688, 0.017694686, 0.017723154, 0.017773015, 0.017815562, 0.017834729, 0.017868891, 0.017896708, 0.01791649, 0.017922506, 0.017924905, 0.017912976, 0.017901631, 0.017868273, 0.017822945, 0.017796468, 0.017737307, 0.017670983, 0.017597908, 0.01755871, 0.01747398, 0.017379107, 0.017327165, 0.0172135, 0.01708709, 0.016949687, 0.016877575, 0.01672825, 0.016572947, 0.016493281, 0.016329512, 0.016158776, 0.016069906, 0.015883934, 0.015684584, 0.015470703, 0.0153583, 0.01512354, 0.014876698, 0.014749253, 0.014487514, 0.014217466, 0.0139397215, 0.013797706, 0.013506096, 0.013202525, 0.01304552, 0.0127203185, 0.012379451, 0.012203059, 0.011837901, 0.011456042, 0.011057459, 0.010851815, 0.010427018, 0.009982694, 0.009752015, 0.009271232, 0.008760578, 0.008214442, 0.007925326, 0.0073083164, 0.0066298046, 0.0062671374, 0.005519061, 0.004859458, 0.004651446, 0.0046437355, 0, 0, 0, 0, 0, 0, 0, 0, 0, 0, 0, 0, 0, 0, 0
0, 0, 0, 0, 0, 0, 0, 0, 0, 0, 0, 0, 0, 0, 0, 0, 0.0059118136, 0.0051641883, 0.0052416115, 0.005754063, 0.0064007007, 0.0067199357, 0.007320992, 0.007869995, 0.008127792, 0.008617354, 0.009080692, 0.009526058, 0.009744117, 0.010173413, 0.010594679, 0.010801905, 0.011207054, 0.011596018, 0.011965838, 0.012143156, 0.012483375, 0.012806763, 0.012962992, 0.013267106, 0.013562047, 0.013706383, 0.013988896, 0.014261347, 0.014521156, 0.014646028, 0.014885027, 0.0151115265, 0.015220968, 0.015433564, 0.015639545, 0.015839728, 0.015937649, 0.01612758, 0.01630758, 0.016393036, 0.016553631, 0.016700743, 0.016769871, 0.016901068, 0.017025733, 0.017145773, 0.017204454, 0.017318707, 0.017426984, 0.017477797, 0.0175707, 0.017649753, 0.017714152, 0.017741386, 0.017787991, 0.017827269, 0.017845176, 0.0178785, 0.017908465, 0.017933296, 0.01794268, 0.017953275, 0.017950485, 0.017943488, 0.017918233, 0.017879697, 0.017856237, 0.017803106, 0.017743025, 0.017677607, 0.017642912, 0.017568838, 0.01748621, 0.017441051, 0.017341634, 0.017230365, 0.017108547, 0.017044539, 0.016911095, 0.016771602, 0.01669948, 0.016549256, 0.016389202, 0.016304506, 0.016123893, 0.015926735, 0.015713328, 0.01560117, 0.015367811, 0.0151251, 0.0150010325, 0.0147481775, 0.014488851, 0.01422138, 0.014083612, 0.013797409, 0.013494207, 0.013335592, 0.01300423, 0.012654932, 0.0124740405, 0.012100683, 0.011712105, 0.0113075515, 0.011098926, 0.010667174, 0.010213237, 0.00997668, 0.009481962, 0.008955599, 0.008393886, 0.008098199, 0.0074724955, 0.006796066, 0.006440551, 0.0057257465, 0.0051546353, 0.005052549, 0.005762381, 0, 0, 0, 0, 0, 0, 0, 0, 0, 0, 0, 0, 0, 0, 0
0, 0, 0, 0, 0, 0, 0, 0, 0, 0, 0, 0, 0, 0, 0, 0, 0.005742687, 0.0055339397, 0.005672854, 0.006198183, 0.006822091, 0.007129726, 0.007712506, 0.008248041, 0.008499898, 0.008976457, 0.009423992, 0.009849202, 0.0100554405, 0.010458235, 0.010850201, 0.011042221, 0.0114172725, 0.0117779225, 0.012122256, 0.012288151, 0.012608073, 0.012914209, 0.013063016, 0.013353865, 0.013637518, 0.013776872, 0.014050175, 0.014313555, 0.01456376, 0.014683238, 0.014910408, 0.015122956, 0.015224655, 0.015420782, 0.015610246, 0.015795365, 0.01588656, 0.016065821, 0.01623837, 0.016321084, 0.016477302, 0.01662057, 0.016687639, 0.016813904, 0.016932575, 0.017046155, 0.017101664, 0.01721013, 0.01731382, 0.017362935, 0.01745355, 0.017531436, 0.017595163, 0.017622134, 0.017667884, 0.017705817, 0.017723022, 0.017755007, 0.017784646, 0.017810848, 0.017821854, 0.017837364, 0.017841337, 0.017838294, 0.017822102, 0.017793702, 0.0177757, 0.01773418, 0.017686758, 0.01763472, 0.0176071, 0.017547641, 0.017480476, 0.017443176, 0.017360171, 0.017265495, 0.017160028, 0.017103879, 0.016985733, 0.01686032, 0.016794665, 0.01665644, 0.016507125, 0.016427403, 0.01625639, 0.016068604, 0.015865205, 0.015758367, 0.015536809, 0.015307695, 0.015190807, 0.014952699, 0.014707162, 0.014451001, 0.014317489, 0.014036986, 0.013735709, 0.013576839, 0.013243571, 0.01289168, 0.012709801, 0.012335394, 0.0119471485, 0.011543782, 0.011335651, 0.010904447, 0.010450275, 0.010213473, 0.009719152, 0.00919615, 0.008644107, 0.00835681, 0.007758023, 0.0071255933, 0.006798855, 0.006148239, 0.005609641, 0.005467457, 0.005672417, 0, 0, 0, 0, 0, 0, 0, 0, 0, 0, 0, 0, 0, 0, 0
0, 0, 0, 0, 0, 0, 0, 0, 0, 0, 0, 0, 0, 0, 0, 0.008150933, 0.006297428, 0.0059982515, 0.0061473167, 0.006660852, 0.007246822, 0.007534869, 0.008084234, 0.008596053, 0.00883886, 0.009300707, 0.009733856, 0.010142198, 0.010338496, 0.010717603, 0.011081756, 0.01125882, 0.011603235, 0.011934248, 0.012251707, 0.012405567, 0.012703915, 0.0129911555, 0.013131167, 0.013405285, 0.013672527, 0.013803765, 0.01406062, 0.014307728, 0.0145416735, 0.014653047, 0.014864191, 0.01506047, 0.015153769, 0.015332507, 0.015503534, 0.015670152, 0.015752302, 0.015914433, 0.016071824, 0.016147694, 0.016291866, 0.016424451, 0.016486265, 0.016602565, 0.016710594, 0.016813254, 0.016863221, 0.01696114, 0.017055936, 0.017101564, 0.01718745, 0.01726364, 0.017328635, 0.017356934, 0.017406048, 0.017447252, 0.017465634, 0.017499214, 0.017529607, 0.017556656, 0.017568579, 0.01758747, 0.017597256, 0.01759812, 0.017591944, 0.01757613, 0.017565338, 0.017539298, 0.017508497, 0.017473374, 0.0174541, 0.01741093, 0.017359557, 0.017330132, 0.01726219, 0.0171821, 0.017090486, 0.017040897, 0.016935235, 0.016821293, 0.01676126, 0.016634522, 0.016497605, 0.016424788, 0.016268933, 0.016098596, 0.015914071, 0.015816947, 0.015614825, 0.0154040065, 0.015295492, 0.015071599, 0.014836975, 0.014588326, 0.014457582, 0.014181492, 0.013884285, 0.0137278, 0.013400071, 0.013055298, 0.012877671, 0.012512574, 0.012134675, 0.011741664, 0.0115385875, 0.011117791, 0.010675089, 0.010444964, 0.009966935, 0.009465963, 0.008943787, 0.008675215, 0.008122584, 0.007548336, 0.0072537465, 0.0066642766, 0.0061578373, 0.0060152784, 0.0063336617, 0.008222722, 0, 0, 0, 0, 0, 0, 0, 0, 0, 0, 0, 0, 0, 0
0, 0, 0, 0, 0, 0, 0, 0, 0, 0, 0, 0, 0, 0, 0, 0.0068863938, 0.006283429, 0.0062955334, 0.006485717, 0.0070046247, 0.0075602937, 0.0078308, 0.008348633, 0.00883684, 0.009070675, 0.0095185, 0.009940238, 0.010336766, 0.01052617, 0.010889183, 0.011234094, 0.01140057, 0.011723143, 0.012032849, 0.012330812, 0.012475595, 0.012756648, 0.013026469, 0.013157401, 0.01341149, 0.013656317, 0.01377557, 0.014007728, 0.014230283, 0.014441733, 0.0145427985, 0.014735697, 0.014915961, 0.015001832, 0.015165887, 0.015321398, 0.015470621, 0.015543496, 0.015686061, 0.015823884, 0.015890297, 0.016016776, 0.016133983, 0.016188914, 0.016291969, 0.01638738, 0.016477093, 0.016520431, 0.0166054, 0.016688617, 0.016729428, 0.016808249, 0.016881641, 0.01694803, 0.016978217, 0.017032726, 0.017079907, 0.017101077, 0.017139219, 0.017172705, 0.01720213, 0.017215356, 0.017237693, 0.01725339, 0.017258262, 0.017262213, 0.017259153, 0.01725551, 0.017244667, 0.017229237, 0.017209264, 0.01719717, 0.017167741, 0.017129662, 0.01710666, 0.017051587, 0.016984021, 0.016904606, 0.016860878, 0.016766729, 0.016663915, 0.016609604, 0.01649509, 0.016372357, 0.01630755, 0.016169887, 0.016020127, 0.015857197, 0.0157709, 0.015588777, 0.015394329, 0.015292294, 0.015078143, 0.014849292, 0.01460405, 0.014475126, 0.014204268, 0.013915956, 0.013765345, 0.013452123, 0.013124504, 0.012955821, 0.012608928, 0.012248346, 0.011871978, 0.011677208, 0.011273661, 0.01085062, 0.010631722, 0.010179937, 0.00971049, 0.00922484, 0.008976172, 0.008466173, 0.007936236, 0.0076629138, 0.0071066706, 0.00659323, 0.006407736, 0.0064095845, 0.007031355, 0, 0, 0, 0, 0, 0, 0, 0, 0, 0, 0, 0, 0, 0
0, 0, 0, 0, 0, 0, 0, 0, 0, 0, 0, 0, 0, 0, 0, 0.007533308, 0.006364499, 0.006403986, 0.0066135386, 0.0071456553, 0.00769499, 0.00795934, 0.008463386, 0.008938611, 0.009166671, 0.009604279, 0.0100167915, 0.010404107, 0.010588573, 0.010940675, 0.011273235, 0.01143324, 0.011742718, 0.012039967, 0.012326315, 0.012465312, 0.012734234, 0.012989495, 0.0131116435, 0.0133449305, 0.013564705, 0.013670256, 0.013873878, 0.01406863, 0.014255418, 0.014345953, 0.014521402, 0.014688821, 0.014769311, 0.01492328, 0.015067962, 0.0152040515, 0.015269256, 0.015394833, 0.015514306, 0.015571685, 0.015681483, 0.015784653, 0.015833607, 0.015926357, 0.016012251, 0.016092224, 0.016130349, 0.016204437, 0.016276883, 0.01631275, 0.016383495, 0.01645203, 0.016517006, 0.016547732, 0.016605323, 0.01665709, 0.016680688, 0.016723372, 0.016760435, 0.016792847, 0.016807504, 0.016833507, 0.01685465, 0.016863108, 0.016875768, 0.0168831, 0.016884916, 0.016884664, 0.016878966, 0.01686773, 0.016859775, 0.016838659, 0.016809534, 0.016791545, 0.016747601, 0.016692422, 0.016626252, 0.016589312, 0.016508164, 0.016418122, 0.016370011, 0.016268054, 0.01615855, 0.016100949, 0.01597895, 0.01584616, 0.015700819, 0.0156227825, 0.015455438, 0.015272152, 0.015174297, 0.014965839, 0.014740501, 0.014499455, 0.01437365, 0.014112257, 0.013838491, 0.013697011, 0.013404612, 0.013099078, 0.012941178, 0.012614463, 0.012271494, 0.011911067, 0.011724144, 0.011337408, 0.010934197, 0.010726798, 0.010301027, 0.009859918, 0.00940246, 0.009166706, 0.008678036, 0.008160642, 0.007889404, 0.007326075, 0.0067833806, 0.006571799, 0.006542176, 0.007757112, 0, 0, 0, 0, 0, 0, 0, 0, 0, 0, 0, 0, 0, 0
0, 0, 0, 0, 0, 0, 0, 0, 0, 0, 0, 0, 0, 0, 0, 0.006306538, 0.005900772, 0.00619828, 0.0064695096, 0.0070701162, 0.0076527577, 0.007926832, 0.008441632, 0.008919429, 0.009146594, 0.009579358, 0.009984464, 0.010362452, 0.010541718, 0.010882896, 0.011203979, 0.011358365, 0.0116572, 0.011944701, 0.012222161, 0.012356697, 0.012615786, 0.012858925, 0.012973737, 0.0131895235, 0.0133882, 0.013482121, 0.013661938, 0.013833857, 0.014001052, 0.014083416, 0.0142458575, 0.014404089, 0.014480891, 0.014628057, 0.014765421, 0.014892137, 0.0149519555, 0.015065334, 0.015172097, 0.015223467, 0.015322961, 0.015418532, 0.015464804, 0.0155537445, 0.01563681, 0.01571351, 0.01574944, 0.015817838, 0.015883233, 0.01591513, 0.01597827, 0.016040206, 0.016100466, 0.016129546, 0.016185476, 0.016237086, 0.016261023, 0.01630472, 0.016342996, 0.01637694, 0.016392449, 0.016420916, 0.016446061, 0.016457064, 0.016475745, 0.016489381, 0.016494026, 0.016498476, 0.016495999, 0.016486662, 0.016479615, 0.016461134, 0.016437039, 0.016422678, 0.016388437, 0.016345654, 0.016293805, 0.016264126, 0.016197283, 0.016120156, 0.016077895, 0.015986135, 0.015885718, 0.015832556, 0.015719822, 0.015596936, 0.015461742, 0.015388633, 0.015230339, 0.015054531, 0.014959808, 0.0147571415, 0.014538351, 0.01430604, 0.014185803, 0.013938649, 0.013682862, 0.01355137, 0.013279766, 0.012994031, 0.012845045, 0.012533166, 0.0122018475, 0.011850957, 0.011668823, 0.011292633, 0.010902888, 0.010703405, 0.010294696, 0.009870517, 0.009425296, 0.009192326, 0.008700041, 0.008163318, 0.007875231, 0.0072608083, 0.0066288924, 0.0063444963, 0.0060318764, 0.0064442535, 0, 0, 0, 0, 0, 0, 0, 0, 0, 0, 0, 0, 0, 0
0, 0, 0, 0, 0, 0, 0, 0, 0, 0, 0, 0, 0, 0, 0, 0.005138936, 0.00525618, 0.0058284192, 0.0061752717, 0.0068666562, 0.007500142, 0.0077913054, 0.008329266, 0.008818637, 0.009048161, 0.009480235, 0.009879425, 0.010247931, 0.010421533, 0.010750487, 0.011058859, 0.011206937, 0.011493686, 0.011770324, 0.0120376265, 0.012167306, 0.012416739, 0.012650197, 0.0127599, 0.012965025, 0.013152402, 0.013240555, 0.013408675, 0.013569644, 0.013727406, 0.013805737, 0.013961159, 0.0141133275, 0.014187091, 0.01432806, 0.014458549, 0.01457785, 0.01463382, 0.014739708, 0.014839924, 0.014888711, 0.014984796, 0.015079358, 0.015125903, 0.0152165, 0.015301683, 0.015379946, 0.015416121, 0.015483698, 0.015546102, 0.015575916, 0.01563376, 0.015689662, 0.015744064, 0.015770383, 0.015821442, 0.015868766, 0.015890831, 0.015931357, 0.015967356, 0.016, 0.016015425, 0.01604447, 0.0160712, 0.016083334, 0.016104694, 0.016120553, 0.016125936, 0.016130762, 0.01612723, 0.01611617, 0.01610825, 0.01608919, 0.016066827, 0.016054457, 0.016026778, 0.015993563, 0.015952686, 0.015928837, 0.015872577, 0.015804296, 0.015765492, 0.015678994, 0.01558214, 0.015530242, 0.015420038, 0.0153005775, 0.015169672, 0.0150991855, 0.014946889, 0.01477791, 0.014687121, 0.014493378, 0.014285173, 0.014065495, 0.013952248, 0.013719965, 0.013479745, 0.013356002, 0.013098942, 0.012825551, 0.012681546, 0.012377297, 0.0120509695, 0.01170379, 0.011523427, 0.011151887, 0.0107682645, 0.010572133, 0.0101703, 0.00975063, 0.009304355, 0.009067879, 0.008559835, 0.007993974, 0.0076852343, 0.007012312, 0.0062815067, 0.005917485, 0.005320559, 0.0051959055, 0, 0, 0, 0, 0, 0, 0, 0, 0, 0, 0, 0, 0, 0
0, 0, 0, 0, 0, 0, 0, 0, 0, 0, 0, 0, 0, 0, 0, 0.004678683, 0.004947083, 0.0055963057, 0.005963626, 0.0066795032, 0.0073282802, 0.007625444, 0.0081723835, 0.008666595, 0.008896801, 0.00932748, 0.009721753, 0.010083201, 0.010252794, 0.010572524, 0.010871367, 0.011014681, 0.0112917395, 0.011558765, 0.011816996, 0.011942334, 0.012183854, 0.012411161, 0.012518751, 0.012721594, 0.012909021, 0.01299788, 0.013168063, 0.013331205, 0.013490142, 0.013568426, 0.013722235, 0.013870499, 0.013941785, 0.014076733, 0.014200718, 0.0143141365, 0.014367644, 0.014470109, 0.014568697, 0.014617378, 0.014714296, 0.014810727, 0.014858453, 0.014951184, 0.0150385965, 0.015118667, 0.015155664, 0.0152241215, 0.015286549, 0.015315914, 0.015372163, 0.015425825, 0.015477053, 0.015501668, 0.0155484555, 0.015590979, 0.015610579, 0.015646158, 0.01567788, 0.015707262, 0.01572137, 0.01574886, 0.015774667, 0.015786707, 0.015807394, 0.015822412, 0.0158271, 0.01583018, 0.015824495, 0.015810922, 0.01580181, 0.015780756, 0.015757106, 0.015744634, 0.015717495, 0.015686192, 0.015647834, 0.015625143, 0.01557091, 0.015503496, 0.015464608, 0.015377184, 0.015278406, 0.015225515, 0.015113578, 0.014993426, 0.0148636475, 0.014794672, 0.01464691, 0.014484942, 0.01439838, 0.014214498, 0.014017307, 0.013808734, 0.013700768, 0.013478061, 0.013245815, 0.01312542, 0.012873974, 0.012605168, 0.012463025, 0.012162148, 0.011838922, 0.011495181, 0.011316684, 0.01094869, 0.010568056, 0.01037317, 0.009972071, 0.009550702, 0.009099769, 0.008859888, 0.008343322, 0.007767589, 0.007453803, 0.0067697703, 0.0060208533, 0.0056399745, 0.004971792, 0.0046963985, 0, 0, 0, 0, 0, 0, 0, 0, 0, 0, 0, 0, 0, 0
0, 0, 0, 0, 0, 0, 0, 0, 0, 0, 0, 0, 0, 0, 0.0068128463, 0.005233054, 0.005125327, 0.0056290478, 0.0059473827, 0.006591015, 0.007192833, 0.007473552, 0.007997471, 0.008477082, 0.00870209, 0.009125098, 0.009514426, 0.009873003, 0.010041731, 0.010360917, 0.010659742, 0.010802921, 0.011079691, 0.011345298, 0.0116008725, 0.011724819, 0.011964097, 0.012190944, 0.012299642, 0.012507241, 0.012703302, 0.012797333, 0.012978895, 0.013152789, 0.013320257, 0.013401358, 0.013558278, 0.013706301, 0.013776442, 0.013908442, 0.014029834, 0.01414243, 0.0141961975, 0.014300437, 0.014402301, 0.014452618, 0.014552913, 0.014651488, 0.014699593, 0.014792359, 0.0148789305, 0.014958197, 0.014995037, 0.015063993, 0.015127857, 0.015158372, 0.0152170155, 0.015273004, 0.015325919, 0.015351042, 0.01539752, 0.01543833, 0.015456464, 0.015488565, 0.015516479, 0.015541944, 0.015554095, 0.015577833, 0.015600064, 0.015610266, 0.015627466, 0.015638769, 0.015641682, 0.015641427, 0.015632497, 0.015615826, 0.015605048, 0.01557983, 0.01555091, 0.015535266, 0.015501271, 0.01546215, 0.015415648, 0.015388741, 0.01532629, 0.015251092, 0.01520867, 0.015114815, 0.015010392, 0.014954969, 0.014838454, 0.014714912, 0.014583453, 0.014514415, 0.014368347, 0.014210029, 0.0141259385, 0.013947338, 0.013755271, 0.013550613, 0.013443806, 0.013221796, 0.012988356, 0.012866982, 0.012613861, 0.012344766, 0.012203451, 0.011906115, 0.011589132, 0.011253424, 0.011078979, 0.01071862, 0.010343055, 0.010149583, 0.009749027, 0.009326627, 0.008875982, 0.008637762, 0.008130611, 0.007576541, 0.007279951, 0.006646649, 0.005975382, 0.005645959, 0.0051261922, 0.005222526, 0.006771855, 0, 0, 0, 0, 0, 0, 0, 0, 0, 0, 0, 0, 0
0, 0, 0, 0, 0, 0, 0, 0, 0, 0, 0, 0, 0, 0, 0.005930872, 0.0053707734, 0.005372518, 0.005776477, 0.0060339062, 0.0065684402, 0.007087402, 0.0073363297, 0.007812338, 0.008260557, 0.008474446, 0.008882868, 0.0092659835, 0.009625068, 0.00979619, 0.010123373, 0.010432975, 0.010581945, 0.010869578, 0.011144635, 0.01140769, 0.011534753, 0.011779783, 0.012013207, 0.012125766, 0.012343198, 0.012551392, 0.012652344, 0.012848233, 0.013036131, 0.013215644, 0.013301748, 0.013466407, 0.0136200385, 0.01369261, 0.013829687, 0.013957366, 0.014077973, 0.014136334, 0.014250168, 0.014361479, 0.014416097, 0.014523115, 0.014625641, 0.014674603, 0.014767141, 0.014852183, 0.014929914, 0.014966555, 0.015036311, 0.015102786, 0.01513522, 0.015198739, 0.015260076, 0.015318012, 0.015345229, 0.015394783, 0.015436989, 0.015455243, 0.015486648, 0.015512297, 0.015534186, 0.015544002, 0.015562115, 0.015577788, 0.015584514, 0.015594277, 0.015598263, 0.015597682, 0.015590592, 0.015575356, 0.015552382, 0.015538145, 0.015504906, 0.015465679, 0.015443971, 0.015396149, 0.015341512, 0.015278781, 0.015243733, 0.015165853, 0.015077056, 0.015028657, 0.014924626, 0.01481182, 0.01475258, 0.01462889, 0.014498547, 0.014361081, 0.0142892115, 0.0141384695, 0.013976311, 0.013890436, 0.013708344, 0.013512281, 0.013302369, 0.0131924795, 0.012963285, 0.012722327, 0.012597449, 0.012338859, 0.0120678, 0.011927203, 0.011635139, 0.011327341, 0.011003287, 0.010834989, 0.010485548, 0.010118244, 0.009927485, 0.009530921, 0.009112321, 0.008669482, 0.008438199, 0.007954602, 0.0074413633, 0.00717347, 0.0066171363, 0.006048309, 0.00577569, 0.0053457567, 0.005322944, 0.005865291, 0, 0, 0, 0, 0, 0, 0, 0, 0, 0, 0, 0, 0
0, 0, 0, 0, 0, 0, 0, 0, 0, 0, 0, 0, 0, 0.0078569865, 0.0067190486, 0.0055750185, 0.0055116657, 0.0058482382, 0.006064584, 0.0065182047, 0.0069686547, 0.0071892515, 0.0076200287, 0.0080363, 0.0082387235, 0.008631802, 0.009008801, 0.009370018, 0.009544935, 0.00988379, 0.01020875, 0.010366199, 0.010671152, 0.010962824, 0.011240971, 0.011375019, 0.011633141, 0.011878893, 0.011997667, 0.012227798, 0.012449216, 0.0125570735, 0.012767002, 0.012969084, 0.0131623, 0.013255332, 0.013433257, 0.013600168, 0.013679694, 0.013831812, 0.013976083, 0.014114354, 0.014181621, 0.014313104, 0.014440321, 0.014502054, 0.014621218, 0.014732731, 0.014785124, 0.01488286, 0.014971423, 0.015052246, 0.015090523, 0.015164189, 0.015235422, 0.01527034, 0.015339069, 0.015405482, 0.015467706, 0.015496726, 0.015549143, 0.015593232, 0.015612017, 0.015643694, 0.015668029, 0.01568619, 0.015693242, 0.015703913, 0.0157103, 0.015711775, 0.015710665, 0.015703203, 0.015696764, 0.015678093, 0.015651481, 0.015616937, 0.015596778, 0.015550581, 0.0154966125, 0.015466685, 0.015401295, 0.015327799, 0.01524565, 0.015201132, 0.01510528, 0.015000501, 0.014945073, 0.014828471, 0.014704465, 0.014639745, 0.014504961, 0.014363024, 0.014213473, 0.014135436, 0.013972113, 0.01379749, 0.013705433, 0.013511384, 0.013303771, 0.01308286, 0.012967688, 0.012728401, 0.012478366, 0.012349703, 0.01208531, 0.011811876, 0.0116716, 0.011383012, 0.011082165, 0.010767229, 0.0106037585, 0.010263659, 0.009904575, 0.009717371, 0.009327755, 0.008917851, 0.008488173, 0.008266221, 0.0078087985, 0.007333832, 0.007090026, 0.006591767, 0.006089712, 0.0058494112, 0.0054674884, 0.0054902597, 0.0065910025, 0.00769128, 0, 0, 0, 0, 0, 0, 0, 0, 0, 0, 0, 0
0, 0, 0, 0, 0, 0, 0, 0, 0, 0, 0, 0, 0, 0.006067764, 0.005657037, 0.005180387, 0.0053118016, 0.0057005463, 0.0059220083, 0.006368371, 0.006802779, 0.007014686, 0.0074289883, 0.007831852, 0.008029089, 0.008415161, 0.008790231, 0.009154675, 0.009332898, 0.009681516, 0.010019288, 0.010184044, 0.010504683, 0.010813124, 0.01110822, 0.011250715, 0.011525658, 0.0117877675, 0.01191439, 0.012159802, 0.012395707, 0.012510541, 0.012734498, 0.012951155, 0.013160254, 0.013261745, 0.013457936, 0.013645074, 0.013735358, 0.013909962, 0.014077453, 0.0142386565, 0.014317001, 0.014469368, 0.014615482, 0.01468609, 0.014821347, 0.014947723, 0.015007079, 0.015118006, 0.015218832, 0.015311163, 0.015354717, 0.015437554, 0.0155161945, 0.015554012, 0.01562696, 0.015695715, 0.01575911, 0.015788337, 0.015840637, 0.01588423, 0.015902758, 0.015933141, 0.01595493, 0.01596847, 0.015972434, 0.01597461, 0.015970254, 0.015965708, 0.015951425, 0.015929658, 0.01591579, 0.015881853, 0.015839575, 0.015789276, 0.015760971, 0.015698051, 0.01562683, 0.015587945, 0.015504189, 0.015412248, 0.015311831, 0.015258492, 0.0151453735, 0.015024286, 0.014961032, 0.0148291765, 0.0146899875, 0.014617561, 0.014466793, 0.014308055, 0.014140662, 0.014053631, 0.013872063, 0.013679685, 0.013579132, 0.013369294, 0.013148077, 0.012915926, 0.012795935, 0.012548515, 0.012291985, 0.012160637, 0.011891795, 0.011615034, 0.01147344, 0.011183014, 0.01088151, 0.010567076, 0.010404414, 0.010067108, 0.00971261, 0.00952863, 0.009147506, 0.008749265, 0.008334917, 0.00812192, 0.0076847333, 0.007231347, 0.006998279, 0.0065172, 0.0060181688, 0.0057679955, 0.00531679, 0.0051172203, 0.0055299383, 0.0059209904, 0, 0, 0, 0, 0, 0, 0, 0, 0, 0, 0, 0
0, 0, 0, 0, 0, 0, 0, 0, 0, 0, 0, 0, 0, 0.0046815863, 0.0044984682, 0.0044704964, 0.0048506544, 0.005367199, 0.0056295465, 0.0061323727, 0.0066021034, 0.006826449, 0.0072582173, 0.007671908, 0.00787306, 0.008265421, 0.008646002, 0.009015858, 0.009197008, 0.00955203, 0.009897188, 0.010066153, 0.010396676, 0.010716886, 0.011026091, 0.011176556, 0.011468544, 0.011748581, 0.011884355, 0.012147758, 0.012400681, 0.012523683, 0.012763496, 0.012996408, 0.013223246, 0.01333421, 0.013551528, 0.013761787, 0.013864049, 0.014063118, 0.014254114, 0.014436851, 0.014525157, 0.014695664, 0.014858176, 0.014936544, 0.015087706, 0.015230599, 0.015298857, 0.015428329, 0.015548253, 0.015658524, 0.01571018, 0.015806632, 0.015894506, 0.01593553, 0.016011829, 0.01608113, 0.016143117, 0.016171243, 0.016221212, 0.016262125, 0.01627921, 0.016306335, 0.016323809, 0.016331775, 0.016332094, 0.01632594, 0.016311256, 0.016300922, 0.016274147, 0.016238457, 0.01621716, 0.01616742, 0.016108263, 0.01604034, 0.01600309, 0.0159222, 0.015832767, 0.015785104, 0.01568404, 0.015575643, 0.01545931, 0.015398017, 0.015268961, 0.015131155, 0.015059121, 0.014908617, 0.01474987, 0.014667389, 0.014496256, 0.014316993, 0.014129358, 0.014032392, 0.013831796, 0.013621662, 0.013513, 0.013288895, 0.013056433, 0.0128160715, 0.0126929935, 0.012440921, 0.012181038, 0.012048137, 0.011775934, 0.011494529, 0.011349997, 0.011052412, 0.010742952, 0.010421443, 0.0102560315, 0.0099159, 0.009563292, 0.009382104, 0.009010131, 0.008624971, 0.008225701, 0.008020274, 0.0075959684, 0.007149776, 0.0069166543, 0.006424652, 0.005891482, 0.0056097815, 0.005042152, 0.0045890673, 0.004528402, 0.0046804813, 0, 0, 0, 0, 0, 0, 0, 0, 0, 0, 0, 0
0, 0, 0, 0, 0, 0, 0, 0, 0, 0, 0, 0, 0, 0.003801364, 0.0037105992, 0.003895274, 0.00442528, 0.0050419406, 0.005343402, 0.0059105568, 0.0064297793, 0.0066739675, 0.0071378504, 0.0075748265, 0.007785164, 0.008192138, 0.008583733, 0.0089619085, 0.009146333, 0.009506581, 0.009856048, 0.010027149, 0.010362557, 0.010689806, 0.011008991, 0.0111655835, 0.011472175, 0.011769462, 0.011914662, 0.012197212, 0.012469268, 0.012601523, 0.0128592, 0.013109553, 0.013354011, 0.013474386, 0.013711598, 0.013942848, 0.014055896, 0.014275821, 0.014485767, 0.014684719, 0.014780003, 0.014962425, 0.015135634, 0.015219394, 0.015382176, 0.015539209, 0.015615581, 0.015762897, 0.015901763, 0.01603023, 0.016090069, 0.01620015, 0.016297232, 0.016341165, 0.016420707, 0.016490757, 0.016552264, 0.01657984, 0.01662829, 0.016667532, 0.016683329, 0.016707124, 0.016720008, 0.016721675, 0.016718483, 0.01670436, 0.01668104, 0.016666006, 0.016629431, 0.016582916, 0.016555684, 0.016492875, 0.01641892, 0.016334591, 0.016288668, 0.016190061, 0.016083138, 0.016026981, 0.015909804, 0.015786145, 0.015655182, 0.015586403, 0.015441485, 0.015285988, 0.015204207, 0.015032974, 0.014852296, 0.014758752, 0.014566072, 0.014366587, 0.014160697, 0.01405526, 0.013839074, 0.013615334, 0.01350057, 0.013265725, 0.01302464, 0.012777828, 0.012652324, 0.012396717, 0.012134287, 0.012000152, 0.011725009, 0.0114390785, 0.011291545, 0.010986638, 0.010669224, 0.010340816, 0.010173115, 0.009831679, 0.009482671, 0.009305187, 0.008943764, 0.008571872, 0.008186208, 0.0079869535, 0.007571937, 0.007129415, 0.006895256, 0.0063947015, 0.005842655, 0.0055463454, 0.004932978, 0.0043958956, 0.004194464, 0.0042654616, 0, 0, 0, 0, 0, 0, 0, 0, 0, 0, 0, 0
0, 0, 0, 0, 0, 0, 0, 0, 0, 0, 0, 0, 0, 0.0035948984, 0.0035376598, 0.0037546286, 0.004297794, 0.0049285674, 0.005239383, 0.0058283336, 0.006369965, 0.006624669, 0.00710676, 0.007558354, 0.007774888, 0.0081926845, 0.008593523, 0.008979482, 0.0091672195, 0.009533002, 0.009886616, 0.010059407, 0.010398124, 0.010729459, 0.011054722, 0.01121524, 0.011532145, 0.011842947, 0.01199578, 0.012294855, 0.012584185, 0.012724972, 0.012998948, 0.013264508, 0.013523523, 0.013651125, 0.013903077, 0.014149501, 0.014270163, 0.0145045025, 0.014727569, 0.01493747, 0.015037421, 0.0152279055, 0.015408109, 0.015495494, 0.015666258, 0.015833186, 0.015915155, 0.01607479, 0.01622681, 0.016367724, 0.016433032, 0.01655236, 0.016656065, 0.016702335, 0.016785396, 0.016858079, 0.016922012, 0.016950883, 0.017001823, 0.017042521, 0.017058479, 0.01708072, 0.01708983, 0.017085673, 0.01707898, 0.017057596, 0.017026912, 0.017008314, 0.016964436, 0.01691084, 0.016879756, 0.01680824, 0.01672345, 0.016625943, 0.01657261, 0.016458346, 0.016335431, 0.01627142, 0.016139127, 0.016001072, 0.01585573, 0.0157796, 0.015618974, 0.015446021, 0.015354877, 0.015164165, 0.014963679, 0.014860585, 0.014650145, 0.0144352475, 0.014216511, 0.0141055435, 0.013879422, 0.013646659, 0.013527668, 0.013284381, 0.0130352415, 0.012780979, 0.012652158, 0.01239096, 0.012124392, 0.01198864, 0.011711158, 0.011423494, 0.011275196, 0.010969512, 0.010652494, 0.010326561, 0.010161167, 0.009826503, 0.009486923, 0.009315084, 0.008965965, 0.00860659, 0.008232665, 0.008038796, 0.0076333494, 0.0071999026, 0.006970648, 0.0064827935, 0.005951354, 0.005670638, 0.005106156, 0.0046706297, 0.0047989003, 0.0053428914, 0, 0, 0, 0, 0, 0, 0, 0, 0, 0, 0, 0
0, 0, 0, 0, 0, 0, 0, 0, 0, 0, 0, 0, 0, 0.0047277156, 0.0042256224, 0.004121912, 0.004552668, 0.005120245, 0.0054085245, 0.0059650717, 0.0064853956, 0.0067321705, 0.007201901, 0.0076445364, 0.007857672, 0.00827087, 0.008669886, 0.009056613, 0.009245489, 0.0096142115, 0.009971027, 0.010145137, 0.010485929, 0.010818727, 0.011145568, 0.011307237, 0.011627824, 0.011944384, 0.012100835, 0.012408621, 0.012707662, 0.012853421, 0.01313722, 0.013411601, 0.013678627, 0.0138100935, 0.014069139, 0.01432307, 0.014447554, 0.014689954, 0.014921305, 0.015139657, 0.015243675, 0.015442265, 0.015630173, 0.015721222, 0.015899122, 0.016072705, 0.016157871, 0.016323809, 0.016481005, 0.016626377, 0.01669364, 0.01681628, 0.016922962, 0.016970905, 0.017057441, 0.017134242, 0.01720305, 0.01723451, 0.017290546, 0.017335111, 0.017352208, 0.01737489, 0.01738118, 0.017372023, 0.017362159, 0.01733397, 0.017296365, 0.017274724, 0.017225385, 0.017166963, 0.017133635, 0.017057102, 0.016965646, 0.016859265, 0.016800724, 0.016674792, 0.0165394, 0.01646904, 0.016324064, 0.016173424, 0.01601537, 0.01593286, 0.015759127, 0.015572775, 0.015474923, 0.015270867, 0.015057723, 0.014948819, 0.014728139, 0.014504911, 0.014279772, 0.014166018, 0.013934758, 0.013696758, 0.013574752, 0.013324789, 0.01306777, 0.012805232, 0.012672378, 0.012404198, 0.01213282, 0.011995657, 0.011717599, 0.011432773, 0.011287281, 0.010989731, 0.010683951, 0.010371842, 0.010213863, 0.009894586, 0.009570156, 0.009405358, 0.009069244, 0.008720971, 0.00835737, 0.008168672, 0.007775579, 0.00735906, 0.007141153, 0.006683933, 0.0061968053, 0.0059438413, 0.0054418617, 0.0050449246, 0.005023299, 0.00524548, 0, 0, 0, 0, 0, 0, 0, 0, 0, 0, 0, 0
0, 0, 0, 0, 0, 0, 0, 0, 0, 0, 0, 0, 0, 0.0048163547, 0.0046217977, 0.004671053, 0.005068457, 0.005567924, 0.0058218627, 0.006315838, 0.0067840093, 0.007008168, 0.0074386466, 0.007849329, 0.008048825, 0.008439212, 0.008821001, 0.009195876, 0.009380672, 0.009744141, 0.010097956, 0.010270899, 0.010609057, 0.010938165, 0.011260179, 0.011419085, 0.011734296, 0.012046043, 0.012200423, 0.012505401, 0.0128029995, 0.012948584, 0.013232581, 0.013507518, 0.013774548, 0.013905804, 0.014164268, 0.0144179445, 0.014542579, 0.014786774, 0.015022225, 0.015247115, 0.01535519, 0.015562664, 0.015759492, 0.015854524, 0.016039193, 0.016217304, 0.0163039, 0.016470872, 0.016627228, 0.016770992, 0.016837448, 0.016958946, 0.01706605, 0.017114688, 0.017203948, 0.017284118, 0.017356794, 0.017390238, 0.017449914, 0.017497163, 0.017515067, 0.017537815, 0.017542189, 0.017529463, 0.01751731, 0.017484, 0.017441075, 0.017416725, 0.017362805, 0.017300643, 0.017265724, 0.017186286, 0.01709183, 0.016981391, 0.016920593, 0.01678918, 0.016647324, 0.016573427, 0.016420905, 0.016262386, 0.016096607, 0.016010499, 0.01583037, 0.015638737, 0.015538735, 0.01533117, 0.015115377, 0.015005362, 0.014782729, 0.014558087, 0.014331415, 0.014216979, 0.0139841605, 0.013744404, 0.013621261, 0.013368615, 0.013108119, 0.012841651, 0.012706891, 0.012435245, 0.012161968, 0.012024906, 0.011749456, 0.011471273, 0.0113308225, 0.011046591, 0.010757802, 0.010464461, 0.01031597, 0.010014682, 0.0097059095, 0.009547892, 0.009223226, 0.008885006, 0.008531704, 0.00834902, 0.007971489, 0.00757752, 0.007373956, 0.006952047, 0.0065075452, 0.0062769447, 0.0058128936, 0.0054265494, 0.0054084677, 0.0057383315, 0.007562823, 0, 0, 0, 0, 0, 0, 0, 0, 0, 0, 0
0, 0, 0, 0, 0, 0, 0, 0, 0, 0, 0, 0, 0.0073243883, 0.0055600535, 0.0052684173, 0.0053154393, 0.0056937956, 0.006141216, 0.006364316, 0.006796401, 0.007207611, 0.007405951, 0.0077899788, 0.008160073, 0.008341188, 0.008698333, 0.009051251, 0.009401886, 0.009576366, 0.009922545, 0.010262619, 0.010429613, 0.010756664, 0.011074114, 0.011383265, 0.011535291, 0.011835828, 0.012132359, 0.012279402, 0.012570258, 0.01285616, 0.01299669, 0.013272281, 0.013539884, 0.013800029, 0.013927552, 0.014178431, 0.01442457, 0.014545827, 0.014784784, 0.015017793, 0.01524354, 0.015353277, 0.01556545, 0.01576741, 0.015864626, 0.016052324, 0.01623056, 0.016316224, 0.016479732, 0.016631393, 0.01677026, 0.016834566, 0.016953114, 0.017058859, 0.017107425, 0.017196847, 0.017277317, 0.017349532, 0.017382387, 0.0174405, 0.017486027, 0.017503127, 0.017524514, 0.017527906, 0.017514398, 0.017501878, 0.017467473, 0.017422725, 0.017397285, 0.017340656, 0.017276032, 0.017240157, 0.017159712, 0.017065607, 0.016956814, 0.016897073, 0.016767751, 0.016627459, 0.016553914, 0.016401371, 0.016242282, 0.016076513, 0.015990887, 0.015813343, 0.015626583, 0.015529707, 0.015329126, 0.015120568, 0.015013959, 0.014796879, 0.014576167, 0.014352082, 0.014238667, 0.014008261, 0.013771815, 0.01365102, 0.013404011, 0.0131498985, 0.012889857, 0.012758146, 0.012492163, 0.012223927, 0.012089384, 0.011819608, 0.011549331, 0.011413875, 0.011141814, 0.010867592, 0.010589506, 0.010448344, 0.010160364, 0.009862638, 0.009709414, 0.009393236, 0.009063636, 0.008720969, 0.008545146, 0.0081849545, 0.007813695, 0.0076233433, 0.007229507, 0.006810803, 0.006589081, 0.0061228527, 0.0056723305, 0.0054263575, 0.005498104, 0.006114905, 0, 0, 0, 0, 0, 0, 0, 0, 0, 0, 0
0, 0, 0, 0, 0, 0, 0, 0, 0, 0, 0, 0, 0.0064003007, 0.005792761, 0.005692259, 0.005870281, 0.006260013, 0.00668066, 0.0068853516, 0.007278173, 0.0076516233, 0.007832493, 0.008183565, 0.008523111, 0.0086892, 0.009016134, 0.00933852, 0.009658984, 0.009818955, 0.010138015, 0.010454278, 0.010610624, 0.010918118, 0.011217222, 0.011507495, 0.011649657, 0.011929329, 0.0122040305, 0.012340057, 0.01260992, 0.012876858, 0.013009102, 0.013270012, 0.013525058, 0.013773091, 0.013894332, 0.014131852, 0.014363512, 0.014477502, 0.014702233, 0.014922758, 0.015138218, 0.015243784, 0.0154493125, 0.01564595, 0.015740553, 0.015921956, 0.016092675, 0.016173977, 0.016328461, 0.01647169, 0.016603312, 0.016664783, 0.016778871, 0.016881682, 0.016929073, 0.01701552, 0.017091587, 0.01715788, 0.017187292, 0.017238189, 0.017277544, 0.017292343, 0.017311327, 0.017315762, 0.01730566, 0.017295528, 0.017265761, 0.017224772, 0.017200517, 0.017145215, 0.017081043, 0.017045734, 0.016967503, 0.016878344, 0.016777376, 0.016722217, 0.016602851, 0.016472418, 0.016403433, 0.0162591, 0.016107274, 0.015949307, 0.015868213, 0.015701571, 0.015528317, 0.015438985, 0.0152541585, 0.015061108, 0.014961561, 0.014756788, 0.014545358, 0.01432858, 0.01421861, 0.013996092, 0.013770305, 0.013656133, 0.013424955, 0.01318899, 0.012947508, 0.012824501, 0.01257405, 0.012318145, 0.012188579, 0.011927114, 0.011663989, 0.011532134, 0.011267791, 0.011001845, 0.010731873, 0.010594373, 0.010312656, 0.010019737, 0.009868577, 0.009556519, 0.009232651, 0.008898569, 0.008728374, 0.008381954, 0.0080263205, 0.007843633, 0.0074629453, 0.007050299, 0.006827384, 0.006343661, 0.0058349706, 0.005430838, 0.0053542308, 0.0055539208, 0, 0, 0, 0, 0, 0, 0, 0, 0, 0, 0
0, 0, 0, 0, 0, 0, 0, 0, 0, 0, 0, 0, 0.0073365876, 0.0061164023, 0.0060054474, 0.0062184823, 0.006626734, 0.007050108, 0.0072532394, 0.0076406635, 0.00800813, 0.008185788, 0.00853002, 0.008860068, 0.009019998, 0.0093304245, 0.009630683, 0.009924521, 0.010070017, 0.0103601115, 0.010649188, 0.010793014, 0.011077936, 0.011356521, 0.011626918, 0.0117588015, 0.012016429, 0.0122674825, 0.012391205, 0.012636715, 0.012880877, 0.01300256, 0.013244464, 0.013482476, 0.01371421, 0.013827037, 0.014046522, 0.014258047, 0.014360988, 0.014562593, 0.014759236, 0.014951553, 0.015045897, 0.015230913, 0.01540887, 0.015494677, 0.015658557, 0.015812192, 0.015885139, 0.016023872, 0.016153377, 0.016273925, 0.016330924, 0.016437735, 0.01653488, 0.016579453, 0.016659835, 0.016728502, 0.016785217, 0.016809484, 0.016850352, 0.016881742, 0.016893968, 0.016911436, 0.01691913, 0.016916407, 0.016910838, 0.016890803, 0.01685851, 0.016837917, 0.016788702, 0.016729835, 0.016697234, 0.016626356, 0.016547576, 0.016460331, 0.016413078, 0.016310677, 0.016197257, 0.016136372, 0.016006947, 0.015868964, 0.015724983, 0.015651384, 0.015501365, 0.015347502, 0.015268592, 0.015105786, 0.014934525, 0.014845209, 0.014659065, 0.014463397, 0.01426041, 0.014157146, 0.013949267, 0.013741396, 0.013637695, 0.013430053, 0.013219787, 0.013003907, 0.012892989, 0.0126637155, 0.012424234, 0.012301207, 0.012049691, 0.011793669, 0.011664832, 0.011406072, 0.011144992, 0.010879138, 0.010743373, 0.010463649, 0.01017107, 0.010019708, 0.009707052, 0.009383162, 0.009050513, 0.008881564, 0.008537699, 0.008182542, 0.007998332, 0.0076096333, 0.007182746, 0.006951061, 0.006451116, 0.005939458, 0.0055905734, 0.005618732, 0.006654694, 0, 0, 0, 0, 0, 0, 0, 0, 0, 0, 0
0, 0, 0, 0, 0, 0, 0, 0, 0, 0, 0, 0, 0.0063217445, 0.005835821, 0.005872886, 0.0062361127, 0.006717603, 0.0071867523, 0.0074076457, 0.007824984, 0.008216826, 0.0084048575, 0.008766329, 0.009107773, 0.009270553, 0.009580661, 0.009872206, 0.010149839, 0.010285192, 0.0105526885, 0.010819203, 0.010952434, 0.011217937, 0.011479143, 0.011732587, 0.01185561, 0.012093794, 0.012322436, 0.012433998, 0.012653869, 0.012872244, 0.012981549, 0.013199897, 0.0134161655, 0.013627174, 0.013729611, 0.013927092, 0.014114065, 0.014203768, 0.014376544, 0.014542185, 0.014702868, 0.014781777, 0.014936672, 0.01508674, 0.015159315, 0.015297956, 0.01542751, 0.015488857, 0.015605676, 0.01571545, 0.015819238, 0.01586904, 0.015963735, 0.016051006, 0.016091112, 0.01616301, 0.01622269, 0.016269926, 0.01628936, 0.016321363, 0.016346226, 0.016356628, 0.016373921, 0.016386278, 0.01639199, 0.016391598, 0.0163827, 0.01636142, 0.01634598, 0.016306471, 0.016257342, 0.016230024, 0.016171271, 0.016107883, 0.016038984, 0.01600203, 0.015921101, 0.015829418, 0.015779054, 0.015669443, 0.015550282, 0.015424832, 0.015360871, 0.015231584, 0.015100935, 0.015034625, 0.014897992, 0.01475357, 0.014677289, 0.01451576, 0.014342651, 0.014160522, 0.014067526, 0.013880572, 0.013695547, 0.0136041045, 0.013422146, 0.013238327, 0.013047543, 0.012948137, 0.012739172, 0.012516086, 0.012399748, 0.01215946, 0.011912747, 0.01178812, 0.011537468, 0.0112837255, 0.011023884, 0.010890297, 0.010612754, 0.01031903, 0.01016584, 0.009847602, 0.009516066, 0.00917436, 0.009000006, 0.008643079, 0.008269553, 0.008073522, 0.0076549915, 0.0071908413, 0.006938807, 0.006397644, 0.0058430023, 0.0054159537, 0.0053491606, 0.005768678, 0, 0, 0, 0, 0, 0, 0, 0, 0, 0, 0
0, 0, 0, 0, 0, 0, 0, 0, 0, 0, 0, 0, 0.005235345, 0.005237135, 0.005434033, 0.0059950664, 0.0065901186, 0.0071362196, 0.0073879547, 0.007856763, 0.008289913, 0.008495575, 0.0088865645, 0.009250212, 0.009421409, 0.009742297, 0.010036811, 0.010310039, 0.0104410825, 0.010696937, 0.010949766, 0.011076135, 0.011328178, 0.011576735, 0.011816995, 0.011932714, 0.01215416, 0.012362274, 0.012462079, 0.012656038, 0.012846439, 0.0129413875, 0.013131682, 0.0133213615, 0.013506993, 0.013597028, 0.013769245, 0.013929742, 0.014005451, 0.014148578, 0.014282827, 0.014411408, 0.014474406, 0.01459845, 0.014719388, 0.014778006, 0.014890071, 0.014993808, 0.015042555, 0.0151342945, 0.015220277, 0.015301954, 0.015341576, 0.015418354, 0.015490619, 0.015524396, 0.015585433, 0.015636297, 0.015676051, 0.015692184, 0.015718602, 0.015739888, 0.015749402, 0.015767122, 0.01578273, 0.015794396, 0.015797684, 0.015797377, 0.015785888, 0.015775615, 0.015747093, 0.015710456, 0.015690094, 0.015647138, 0.015601896, 0.015553771, 0.015527865, 0.015470227, 0.015402264, 0.015363676, 0.01527739, 0.015181012, 0.015078456, 0.015026274, 0.014921931, 0.014818006, 0.014765743, 0.014658521, 0.014543959, 0.014482579, 0.014350191, 0.014204789, 0.014049344, 0.0139694, 0.013807906, 0.013647938, 0.013568654, 0.01341027, 0.013248299, 0.013077121, 0.012986462, 0.012793084, 0.012583423, 0.012473243, 0.01224514, 0.0120109115, 0.0118926335, 0.011654918, 0.011413444, 0.011163566, 0.01103354, 0.01075987, 0.010464815, 0.010308871, 0.009981255, 0.009635808, 0.009276047, 0.009091109, 0.008709393, 0.008305159, 0.008091151, 0.007631029, 0.0071173254, 0.006837374, 0.0062310877, 0.0055856523, 0.0049967924, 0.0047931983, 0.0047751428, 0, 0, 0, 0, 0, 0, 0, 0, 0, 0, 0
0, 0, 0, 0, 0, 0, 0, 0, 0, 0, 0, 0, 0.0045362855, 0.0047639166, 0.005047497, 0.0057320427, 0.006411891, 0.0070237154, 0.007303475, 0.007820382, 0.008292205, 0.008514146, 0.008932497, 0.009317735, 0.0094977515, 0.009832921, 0.010136968, 0.010415119, 0.010546845, 0.010800887, 0.011048593, 0.011171275, 0.0114146825, 0.011653019, 0.011881352, 0.011990366, 0.012196299, 0.012385566, 0.012474623, 0.0126440255, 0.012806641, 0.012886976, 0.0130475275, 0.013207857, 0.013365094, 0.01344133, 0.013586598, 0.013720297, 0.013782523, 0.013898524, 0.014005427, 0.01410657, 0.014156005, 0.014253776, 0.014349564, 0.014396088, 0.014484605, 0.01456519, 0.014602198, 0.01467025, 0.014731831, 0.014789165, 0.0148168905, 0.014871429, 0.014924434, 0.014950022, 0.014997741, 0.015039228, 0.015073106, 0.015087261, 0.015110983, 0.015130702, 0.015139635, 0.015156665, 0.015172274, 0.015185056, 0.015189608, 0.015193507, 0.015188755, 0.015182986, 0.015165491, 0.015142632, 0.015130043, 0.015104115, 0.015077863, 0.01505016, 0.015034992, 0.014999774, 0.0149555085, 0.014929181, 0.014868269, 0.014798263, 0.014723205, 0.014685077, 0.014609389, 0.014534917, 0.014497642, 0.014420598, 0.0143363625, 0.014290173, 0.014187948, 0.014072459, 0.013946392, 0.013880695, 0.0137468, 0.013611847, 0.013544054, 0.013406109, 0.013261099, 0.013104063, 0.01301968, 0.012837779, 0.012639412, 0.012535069, 0.012319621, 0.012099409, 0.011988561, 0.011765722, 0.011537649, 0.01129819, 0.011171817, 0.010901464, 0.010604319, 0.010445214, 0.0101073105, 0.009746517, 0.009367252, 0.009171132, 0.008764237, 0.008331616, 0.008102251, 0.0076092193, 0.007059313, 0.006759353, 0.0061058467, 0.005393142, 0.004692746, 0.0044061476, 0.0041696336, 0, 0, 0, 0, 0, 0, 0, 0, 0, 0, 0
0, 0, 0, 0, 0, 0, 0, 0, 0, 0, 0, 0, 0.0044472422, 0.0046825, 0.004962414, 0.0056445594, 0.0063347206, 0.0069666877, 0.007258201, 0.0077983546, 0.008290457, 0.008521098, 0.008954621, 0.0093528805, 0.00953917, 0.009886799, 0.010202809, 0.010491272, 0.010627007, 0.01088613, 0.011133969, 0.0112550175, 0.011492069, 0.011720445, 0.011936566, 0.012038865, 0.012230443, 0.012403914, 0.012484241, 0.012634247, 0.012774396, 0.012842428, 0.012976786, 0.013109806, 0.013239444, 0.013302138, 0.013420997, 0.013529221, 0.013579294, 0.013671294, 0.013754766, 0.013833087, 0.013871071, 0.013946323, 0.014020142, 0.014055999, 0.014123971, 0.014184782, 0.014211892, 0.01425977, 0.014300008, 0.014334864, 0.01435108, 0.014382847, 0.014415025, 0.014431398, 0.014463866, 0.014494528, 0.014522111, 0.014534384, 0.014555924, 0.014574214, 0.0145823425, 0.014596911, 0.014609529, 0.01461972, 0.01462361, 0.01462836, 0.014628301, 0.014626533, 0.014619988, 0.014611201, 0.014606697, 0.014597926, 0.014589506, 0.014580195, 0.0145744765, 0.014559095, 0.014536626, 0.014522304, 0.014487435, 0.014445939, 0.014401054, 0.014378207, 0.014332971, 0.014287979, 0.014264924, 0.014215232, 0.014157685, 0.014124832, 0.014049619, 0.013961852, 0.013863827, 0.013811906, 0.013704645, 0.013593564, 0.013536332, 0.013416649, 0.013286625, 0.013142194, 0.013063559, 0.012892806, 0.012705987, 0.012607682, 0.01240488, 0.012197433, 0.012092749, 0.011880602, 0.01166069, 0.011425943, 0.01130069, 0.011029868, 0.010729181, 0.010567348, 0.010221861, 0.009851271, 0.009460043, 0.009257334, 0.008837005, 0.008391722, 0.0081569245, 0.007656494, 0.007104924, 0.0068064765, 0.0061603514, 0.0054577566, 0.00476403, 0.0044759745, 0.0042154957, 0, 0, 0, 0, 0, 0, 0, 0, 0, 0, 0
0, 0, 0, 0, 0, 0, 0, 0, 0, 0, 0, 0.0068824934, 0.0051611504, 0.004977306, 0.0051715737, 0.0057564266, 0.006396457, 0.0070036664, 0.00728873, 0.007822125, 0.008311695, 0.008541917, 0.00897602, 0.009377726, 0.009567169, 0.009923876, 0.010252205, 0.010553949, 0.010695758, 0.010964095, 0.011215814, 0.011336551, 0.011568753, 0.011788106, 0.011993329, 0.012090019, 0.01227086, 0.01243447, 0.012509936, 0.012649512, 0.0127770845, 0.012837603, 0.012954326, 0.013066763, 0.013174257, 0.013225512, 0.0133216465, 0.013408271, 0.013447588, 0.013518973, 0.013582007, 0.013639078, 0.013666264, 0.013719177, 0.013770881, 0.013795846, 0.013843375, 0.013885472, 0.013903943, 0.0139351105, 0.013958803, 0.013976301, 0.013983478, 0.0139965145, 0.014010122, 0.0140177775, 0.014034665, 0.014053362, 0.014072823, 0.0140823815, 0.014100461, 0.0141163245, 0.014123211, 0.01413462, 0.0141434735, 0.014150304, 0.0141532235, 0.014158455, 0.014163076, 0.014165253, 0.014169837, 0.014175179, 0.014178268, 0.01418522, 0.014192117, 0.014197602, 0.014199331, 0.01419973, 0.014195511, 0.014191615, 0.014180423, 0.01416609, 0.014150035, 0.01414171, 0.014124323, 0.01410465, 0.014093083, 0.014064436, 0.014026534, 0.014003397, 0.013948474, 0.013882424, 0.013807349, 0.013767115, 0.013682528, 0.013592174, 0.0135442875, 0.01344147, 0.013326087, 0.013195071, 0.013122988, 0.01296567, 0.012792133, 0.012700245, 0.012509064, 0.012310471, 0.012208816, 0.011999371, 0.011778153, 0.011539231, 0.011411215, 0.0111353705, 0.010830673, 0.010667604, 0.010321032, 0.009950641, 0.0095602, 0.009358298, 0.0089408, 0.0085018985, 0.008272675, 0.007790412, 0.0072702453, 0.0069938763, 0.0064065563, 0.0057862666, 0.0052103256, 0.0050106826, 0.005150134, 0.0068183797, 0, 0, 0, 0, 0, 0, 0, 0, 0, 0
0, 0, 0, 0, 0, 0, 0, 0, 0, 0, 0, 0.005256228, 0.005064715, 0.005316592, 0.005551844, 0.0060940585, 0.006643969, 0.0071672318, 0.0074172523, 0.007894949, 0.008345314, 0.008561201, 0.008976288, 0.009371941, 0.009563118, 0.009932633, 0.010283634, 0.010613448, 0.010769563, 0.0110634165, 0.011332628, 0.0114585655, 0.011694323, 0.011911296, 0.01211268, 0.012208219, 0.012389642, 0.012558352, 0.012637564, 0.012784745, 0.012916554, 0.012976604, 0.013086224, 0.01318305, 0.013269037, 0.013308363, 0.013380225, 0.0134431645, 0.013471051, 0.013518946, 0.013555817, 0.013581848, 0.013591484, 0.013605191, 0.013614683, 0.013618568, 0.013626189, 0.01363434, 0.013638472, 0.013646653, 0.013652656, 0.01365497, 0.013654471, 0.013650242, 0.01364338, 0.013639729, 0.013633548, 0.013630388, 0.013631762, 0.013634176, 0.013641526, 0.01365084, 0.013655422, 0.013663385, 0.013669774, 0.013675482, 0.013678884, 0.013688123, 0.013701883, 0.013710767, 0.013732483, 0.013758177, 0.013771701, 0.013798552, 0.013822607, 0.013842643, 0.013851191, 0.013866445, 0.013880691, 0.013888159, 0.0139043145, 0.013922574, 0.013941495, 0.013950409, 0.013964772, 0.013971433, 0.013970856, 0.013961204, 0.013940043, 0.013925538, 0.013889483, 0.013845758, 0.0137955, 0.013768158, 0.013708483, 0.013640876, 0.013603361, 0.013518899, 0.013420639, 0.013307167, 0.013244672, 0.01310787, 0.012955174, 0.012872813, 0.012695809, 0.012502069, 0.012398529, 0.012177504, 0.011936823, 0.011676395, 0.011538964, 0.0112505555, 0.010944862, 0.010785758, 0.0104551045, 0.010107828, 0.009743624, 0.009554904, 0.009164143, 0.008755103, 0.008543872, 0.008108835, 0.0076582087, 0.0074273385, 0.006955321, 0.006477599, 0.0060406984, 0.0058833095, 0.0059345295, 0.0071423287, 0.008364272, 0, 0, 0, 0, 0, 0, 0, 0, 0
0, 0, 0, 0, 0, 0, 0, 0, 0, 0, 0.0075251493, 0.0063824733, 0.0053719007, 0.0054611485, 0.0056653633, 0.0061652595, 0.006680599, 0.0071753655, 0.007413581, 0.007873282, 0.008312229, 0.00852471, 0.008936454, 0.009332536, 0.009525225, 0.009899783, 0.010258826, 0.010599155, 0.010761309, 0.011067786, 0.01134965, 0.011481515, 0.011728431, 0.011955572, 0.012167066, 0.012267809, 0.012460054, 0.012639887, 0.01272467, 0.0128822345, 0.01302252, 0.013085899, 0.013199497, 0.013297475, 0.01338262, 0.013421359, 0.013492526, 0.013556091, 0.0135847805, 0.01363459, 0.013672618, 0.013697719, 0.013705681, 0.013713954, 0.013715158, 0.013714441, 0.01371262, 0.013712747, 0.013713994, 0.013718412, 0.013723521, 0.013725994, 0.01372558, 0.013720576, 0.013710984, 0.013705112, 0.013693234, 0.013683631, 0.013678852, 0.013678591, 0.013682091, 0.013689113, 0.013693076, 0.013700769, 0.013707115, 0.013712783, 0.013715994, 0.013724836, 0.013738354, 0.013747408, 0.01377001, 0.013797217, 0.0138115585, 0.013839791, 0.01386453, 0.013884368, 0.013892617, 0.013907062, 0.013921023, 0.013928484, 0.013945436, 0.013964969, 0.013985408, 0.0139949545, 0.014009961, 0.014016554, 0.014015788, 0.014005615, 0.013984561, 0.0139705315, 0.013936544, 0.013895736, 0.013848449, 0.013822217, 0.013763639, 0.01369474, 0.013655597, 0.013566456, 0.0134625165, 0.013343994, 0.013279571, 0.013140469, 0.012987377, 0.012905085, 0.012727975, 0.012532329, 0.012426977, 0.012200474, 0.01195278, 0.011685716, 0.01154571, 0.011254509, 0.010950337, 0.010793559, 0.010470017, 0.010131496, 0.009775161, 0.009589672, 0.009203204, 0.008796227, 0.008585516, 0.008151371, 0.0077018747, 0.0074714064, 0.0069978647, 0.0065082894, 0.006028896, 0.005824477, 0.0056541814, 0.0061391285, 0.0065748394, 0, 0, 0, 0, 0, 0, 0, 0, 0
0, 0, 0, 0, 0, 0, 0, 0, 0, 0, 0.0060028667, 0.0055985693, 0.005169995, 0.0053726, 0.0055895047, 0.006093228, 0.006606594, 0.0071005826, 0.007339496, 0.00780236, 0.008246876, 0.008462623, 0.008881289, 0.0092835855, 0.009478863, 0.009857989, 0.010221579, 0.010568128, 0.010734233, 0.011050733, 0.0113451565, 0.011484133, 0.011746084, 0.011988798, 0.0122152995, 0.012323203, 0.012528968, 0.0127209, 0.012811039, 0.012978434, 0.013127037, 0.01319402, 0.01331403, 0.013417255, 0.013507519, 0.013548975, 0.013626393, 0.013697848, 0.01373107, 0.01379119, 0.013840147, 0.01387579, 0.013888414, 0.013904587, 0.013911607, 0.013912948, 0.013914227, 0.013916684, 0.013919138, 0.013926277, 0.013934441, 0.01394005, 0.013940821, 0.013937473, 0.013928086, 0.013921843, 0.013908467, 0.013896763, 0.013889877, 0.013888741, 0.013890937, 0.013897271, 0.013900906, 0.013907885, 0.013912817, 0.013915882, 0.013917293, 0.01392148, 0.01392977, 0.013936044, 0.0139530655, 0.01397524, 0.01398726, 0.014010958, 0.014031326, 0.014046874, 0.014052745, 0.014062349, 0.014070702, 0.01407515, 0.014085535, 0.014097921, 0.014110445, 0.014115917, 0.014122795, 0.014121458, 0.014116957, 0.014100108, 0.014073931, 0.014057841, 0.014020829, 0.013977498, 0.013927164, 0.013898771, 0.01383404, 0.013756038, 0.013711211, 0.013609259, 0.013491062, 0.013358709, 0.013287882, 0.013137748, 0.012976156, 0.012890569, 0.012708104, 0.012508307, 0.01240114, 0.0121710505, 0.011920176, 0.011650125, 0.011508735, 0.011215445, 0.010909987, 0.010752881, 0.010428706, 0.010088984, 0.009730194, 0.009542687, 0.009150415, 0.008735172, 0.008519417, 0.008072955, 0.007606111, 0.0073641716, 0.006858095, 0.006314983, 0.005741357, 0.0054616486, 0.005031585, 0.00504283, 0.005237689, 0, 0, 0, 0, 0, 0, 0, 0, 0
0, 0, 0, 0, 0, 0, 0, 0, 0, 0, 0.00482271, 0.0046410477, 0.004632362, 0.0050450857, 0.0053177257, 0.0058879997, 0.0064410875, 0.006964142, 0.0072155404, 0.0077008205, 0.00816479, 0.008389061, 0.008821826, 0.009233933, 0.009432522, 0.009815465, 0.0101809325, 0.010529721, 0.010697856, 0.011020888, 0.01132604, 0.011471559, 0.01174878, 0.012007965, 0.0122504, 0.012365677, 0.012584731, 0.012787771, 0.012882919, 0.013059618, 0.013217412, 0.0132893035, 0.013419936, 0.013534585, 0.013636929, 0.013684627, 0.013774844, 0.013859475, 0.013899581, 0.013974206, 0.014038847, 0.014091239, 0.014112519, 0.0141460765, 0.01416955, 0.014178553, 0.014193746, 0.014207917, 0.014215264, 0.014230532, 0.014244711, 0.014254909, 0.014257603, 0.014257716, 0.014251428, 0.014246845, 0.01423635, 0.014227614, 0.014223175, 0.014223146, 0.014226603, 0.014233301, 0.01423676, 0.014242027, 0.01424378, 0.01424205, 0.014240479, 0.014237609, 0.014237407, 0.014239132, 0.0142466305, 0.014259042, 0.014266266, 0.01428083, 0.014292523, 0.014299257, 0.014300777, 0.014301186, 0.014299359, 0.014298268, 0.014296468, 0.014295127, 0.014293019, 0.0142909475, 0.014282453, 0.014265929, 0.0142541565, 0.014223687, 0.014185182, 0.014163403, 0.014115687, 0.014062137, 0.014001213, 0.013967183, 0.013889862, 0.013797425, 0.013744868, 0.013626376, 0.01349117, 0.013341887, 0.013262983, 0.013097744, 0.012923009, 0.012831682, 0.012639433, 0.012432238, 0.012322166, 0.012087828, 0.011833921, 0.0115614, 0.011418563, 0.011121722, 0.010811144, 0.010650854, 0.010319142, 0.009970556, 0.009601951, 0.009409237, 0.009006445, 0.008580254, 0.008358568, 0.007898248, 0.0074128252, 0.00715876, 0.0066208644, 0.006032146, 0.005391398, 0.005064637, 0.004492661, 0.004284316, 0.004380395, 0, 0, 0, 0, 0, 0, 0, 0, 0
0, 0, 0, 0, 0, 0, 0, 0, 0, 0, 0.004040998, 0.0039510024, 0.004152854, 0.0047064293, 0.0050261165, 0.005662973, 0.0062620924, 0.006820192, 0.007086203, 0.0075962795, 0.008079689, 0.008311785, 0.008756832, 0.009176697, 0.009377592, 0.009762803, 0.010128495, 0.010477237, 0.010646002, 0.010972723, 0.011285191, 0.011435787, 0.011725166, 0.011997944, 0.012253764, 0.0123753445, 0.012605931, 0.012819501, 0.012919888, 0.013107897, 0.013279071, 0.013358686, 0.013506597, 0.013640665, 0.013763097, 0.013820586, 0.013929405, 0.014030663, 0.014078455, 0.014167925, 0.014247898, 0.014317136, 0.014347736, 0.014401122, 0.014445615, 0.014465222, 0.014500511, 0.014532213, 0.0145471115, 0.014574467, 0.014597621, 0.014614714, 0.014620542, 0.014627258, 0.01462832, 0.014627523, 0.014625137, 0.014624008, 0.01462591, 0.014628263, 0.014634945, 0.01464244, 0.014645488, 0.014648506, 0.01464655, 0.014639945, 0.014635476, 0.01462598, 0.014617981, 0.01461519, 0.01461257, 0.01461331, 0.014614482, 0.014616091, 0.014614602, 0.0146080125, 0.0146028465, 0.014588915, 0.014572091, 0.014562999, 0.01454418, 0.014524241, 0.014502042, 0.014489465, 0.014459728, 0.014421766, 0.014399295, 0.014347843, 0.0142886415, 0.014256763, 0.014189155, 0.014116069, 0.014035935, 0.013992373, 0.0138965, 0.013786526, 0.013725499, 0.013590776, 0.013440255, 0.01327609, 0.013189887, 0.013010157, 0.012821211, 0.0127230575, 0.012518158, 0.01230013, 0.012185413, 0.011943626, 0.011684344, 0.011407634, 0.011262997, 0.010962169, 0.010646324, 0.010482798, 0.010143342, 0.009785963, 0.0094086295, 0.009211911, 0.008801958, 0.008369978, 0.008145657, 0.0076796096, 0.0071871392, 0.0069289077, 0.0063820775, 0.005786903, 0.0051467638, 0.004823989, 0.004261762, 0.0040372196, 0.004096868, 0, 0, 0, 0, 0, 0, 0, 0, 0
0, 0, 0, 0, 0, 0, 0, 0, 0, 0, 0.003836062, 0.0037837278, 0.004021783, 0.0045877686, 0.004911441, 0.005556873, 0.0061652386, 0.0067316075, 0.0070010396, 0.0075157494, 0.008001401, 0.008233881, 0.008678555, 0.009097117, 0.009297178, 0.009680518, 0.010044178, 0.0103913825, 0.010559801, 0.01088742, 0.011203314, 0.0113565335, 0.011652843, 0.011934066, 0.012198988, 0.012325175, 0.012565203, 0.012789261, 0.012895638, 0.01309793, 0.013286962, 0.013377012, 0.013548303, 0.013708355, 0.013856904, 0.013926985, 0.014058671, 0.014179196, 0.014235338, 0.014339547, 0.014433448, 0.014517763, 0.014556714, 0.014629125, 0.01469502, 0.014725827, 0.014783489, 0.014835861, 0.014859955, 0.01490311, 0.014939157, 0.014967352, 0.014978642, 0.014996666, 0.015010022, 0.015015731, 0.015026169, 0.015036663, 0.015047639, 0.015053307, 0.015063861, 0.015072017, 0.01507444, 0.015075084, 0.015069845, 0.015059834, 0.015053608, 0.015040116, 0.015026743, 0.015020449, 0.01500886, 0.014997641, 0.014991771, 0.014977743, 0.014958976, 0.014934197, 0.014919596, 0.014886728, 0.0148501005, 0.014830765, 0.014790397, 0.0147476345, 0.014701114, 0.014675831, 0.014619986, 0.014555581, 0.014519868, 0.0144416215, 0.014355464, 0.014309992, 0.014214915, 0.014114438, 0.014007728, 0.013951431, 0.0138318315, 0.013701136, 0.013631019, 0.013480591, 0.013316816, 0.013140806, 0.013048666, 0.012856685, 0.012654722, 0.012549773, 0.012331414, 0.012100606, 0.011980145, 0.011728629, 0.011462526, 0.011181767, 0.011036085, 0.010734521, 0.010419017, 0.010255642, 0.009916584, 0.00955954, 0.009183154, 0.008987212, 0.0085805375, 0.008153378, 0.007931997, 0.007472933, 0.0069892067, 0.0067365216, 0.006205535, 0.005637794, 0.005046613, 0.0047611957, 0.00432532, 0.00445297, 0.004974738, 0, 0, 0, 0, 0, 0, 0, 0, 0
0, 0, 0, 0, 0, 0, 0, 0, 0, 0, 0.004912567, 0.0044114348, 0.004317593, 0.004761928, 0.0050467695, 0.0056346892, 0.0062016235, 0.0067351805, 0.006989837, 0.0074774995, 0.007938708, 0.008160072, 0.008585653, 0.008989252, 0.009183556, 0.0095579205, 0.009915187, 0.010257617, 0.010424042, 0.010748519, 0.011062365, 0.011215283, 0.011512186, 0.011795912, 0.01206516, 0.012194162, 0.012441457, 0.012675184, 0.012787629, 0.01300446, 0.013212058, 0.013312818, 0.013508247, 0.013694835, 0.01387076, 0.013954023, 0.014110516, 0.0142527865, 0.014318658, 0.014440318, 0.01455039, 0.014651417, 0.014699291, 0.014791498, 0.014879391, 0.014921779, 0.015002659, 0.015077637, 0.015112159, 0.015174807, 0.015228151, 0.015272624, 0.015292048, 0.015326509, 0.015356884, 0.015371083, 0.015397805, 0.015422235, 0.015443596, 0.015452765, 0.01546735, 0.015475904, 0.0154776815, 0.015476026, 0.015468498, 0.015456593, 0.015449589, 0.015434117, 0.015417019, 0.015407808, 0.015387621, 0.015363698, 0.015349897, 0.015317746, 0.015278651, 0.01523219, 0.015206603, 0.015151382, 0.015091787, 0.015060666, 0.014995947, 0.014927224, 0.014853234, 0.014813818, 0.014729137, 0.014635742, 0.014585684, 0.01447884, 0.014364017, 0.014304013, 0.014179243, 0.014048509, 0.013911773, 0.01384093, 0.0136938775, 0.013538995, 0.013458363, 0.013290003, 0.013112158, 0.012924585, 0.0128271, 0.012624484, 0.012411172, 0.012300318, 0.012069942, 0.011827498, 0.011701905, 0.011441832, 0.011170823, 0.010889768, 0.010745696, 0.010450151, 0.010143931, 0.009985991, 0.009659226, 0.009315794, 0.00895394, 0.008765991, 0.008375869, 0.007966817, 0.0077552735, 0.007317272, 0.006858036, 0.0066193636, 0.0061215023, 0.005594088, 0.0050471723, 0.004779926, 0.004338269, 0.004251137, 0.004437674, 0, 0, 0, 0, 0, 0, 0, 0, 0
0, 0, 0, 0, 0, 0, 0, 0, 0, 0, 0.0048677255, 0.004664241, 0.0046991087, 0.0050932094, 0.0053396495, 0.0058508506, 0.0063481876, 0.0068195346, 0.007045632, 0.007480417, 0.007895159, 0.008096082, 0.008486387, 0.008862741, 0.009046059, 0.009402888, 0.009746874, 0.010078283, 0.010239574, 0.01055431, 0.010859284, 0.011008254, 0.011299065, 0.011579498, 0.011848733, 0.01197905, 0.012230886, 0.012472088, 0.012589101, 0.012817073, 0.0130384825, 0.013147174, 0.013360465, 0.013567431, 0.013765612, 0.013860548, 0.014040617, 0.014206175, 0.014283358, 0.014427606, 0.014559991, 0.01468365, 0.014743265, 0.01485925, 0.014971614, 0.015026432, 0.015131867, 0.015230269, 0.015276129, 0.0153604755, 0.015434383, 0.015498896, 0.01552828, 0.015582514, 0.015632324, 0.015655776, 0.0156997, 0.015738394, 0.015770014, 0.015782721, 0.015801216, 0.015810395, 0.015811767, 0.01580871, 0.015799858, 0.015786925, 0.015779287, 0.015761891, 0.015740627, 0.015727988, 0.015697766, 0.015659567, 0.015637139, 0.015585398, 0.015524829, 0.015456408, 0.015419706, 0.015342106, 0.015259693, 0.015216823, 0.01512722, 0.015031557, 0.014929273, 0.014875195, 0.01476133, 0.014639575, 0.01457584, 0.014442659, 0.014302298, 0.01422953, 0.014078806, 0.013920892, 0.013755798, 0.01367067, 0.013495453, 0.0133140525, 0.013221295, 0.01303167, 0.01283663, 0.012635492, 0.012532267, 0.012319459, 0.012096715, 0.0119812405, 0.011742035, 0.011492006, 0.011363263, 0.011099488, 0.010828828, 0.010553138, 0.010413621, 0.010130811, 0.009841421, 0.009693273, 0.009388037, 0.009068331, 0.008732486, 0.008558176, 0.008196936, 0.007818953, 0.007624037, 0.0072221183, 0.0068031624, 0.0065865605, 0.0061362195, 0.005658163, 0.005152197, 0.0048948918, 0.004419713, 0.004153356, 0.004173454, 0, 0, 0, 0, 0, 0, 0, 0, 0
0, 0, 0, 0, 0, 0, 0, 0, 0, 0.00703664, 0.005330252, 0.0050256085, 0.0050499113, 0.005422281, 0.0056449035, 0.0060951137, 0.0065257447, 0.006930954, 0.0071251574, 0.0075003253, 0.007861817, 0.008038912, 0.008387753, 0.008730322, 0.008899211, 0.009231242, 0.009554131, 0.009866683, 0.010019025, 0.0103164315, 0.010605405, 0.010747226, 0.0110260295, 0.011298706, 0.011564623, 0.011694733, 0.011948831, 0.012194266, 0.012313985, 0.012547927, 0.012775991, 0.012888316, 0.013110156, 0.013327854, 0.013539882, 0.013642963, 0.013841991, 0.014029754, 0.014119151, 0.01428919, 0.014448943, 0.01460065, 0.014674199, 0.014817671, 0.014956572, 0.015024125, 0.015154063, 0.01527545, 0.01533237, 0.015438073, 0.01553286, 0.01561797, 0.015657457, 0.015731579, 0.015800057, 0.015832324, 0.015891982, 0.015943356, 0.015984349, 0.01600033, 0.01602301, 0.016034083, 0.016035853, 0.01603323, 0.016024463, 0.016011188, 0.016002877, 0.015982542, 0.015955137, 0.015938064, 0.015896108, 0.015842667, 0.015811656, 0.015741384, 0.015661716, 0.015574667, 0.015528637, 0.0154325515, 0.015330783, 0.015277456, 0.015165294, 0.015044678, 0.0149154095, 0.014847629, 0.014706559, 0.014559165, 0.014483423, 0.014328235, 0.014167854, 0.01408551, 0.013915373, 0.013736779, 0.013549182, 0.0134520205, 0.013251816, 0.013045418, 0.012940522, 0.012728754, 0.012515166, 0.012299455, 0.012190278, 0.011967944, 0.011738109, 0.011619752, 0.01137595, 0.011123373, 0.010994329, 0.010732407, 0.010467694, 0.010202132, 0.010069209, 0.00980226, 0.009532115, 0.00939483, 0.009113303, 0.008820401, 0.0085143875, 0.008356417, 0.0080306735, 0.0076929163, 0.0075198356, 0.0071658054, 0.006800484, 0.0066126822, 0.006223397, 0.0058093145, 0.0053660893, 0.0051377667, 0.004718403, 0.0045666294, 0.004767991, 0.006239395, 0, 0, 0, 0, 0, 0, 0, 0
0, 0, 0, 0, 0, 0, 0, 0, 0, 0.0056427396, 0.0050605685, 0.0049883863, 0.005208365, 0.0056234095, 0.0058422172, 0.0062611774, 0.0066457307, 0.007000643, 0.0071696853, 0.007496377, 0.0078136, 0.007970296, 0.00828168, 0.008590935, 0.008744488, 0.009047801, 0.009344172, 0.009631937, 0.009772467, 0.010047609, 0.0103165805, 0.010449608, 0.010713676, 0.010976258, 0.0112366695, 0.011365512, 0.011619351, 0.011866564, 0.011987244, 0.01222324, 0.012453013, 0.012566166, 0.012789959, 0.013011257, 0.01322966, 0.013337462, 0.013549161, 0.013754396, 0.013854211, 0.014047487, 0.014232952, 0.014411215, 0.014498148, 0.014667438, 0.014830509, 0.014909308, 0.015060511, 0.01520154, 0.015267946, 0.015392037, 0.015505, 0.015608177, 0.015656663, 0.015747996, 0.015832411, 0.015871871, 0.01594445, 0.016006263, 0.016055377, 0.01607457, 0.01610252, 0.016117783, 0.016121289, 0.016121993, 0.016115641, 0.016103001, 0.01609415, 0.016070124, 0.016035907, 0.01601422, 0.01596054, 0.015893413, 0.015855068, 0.01577039, 0.015676921, 0.015577067, 0.0155250495, 0.015416475, 0.015300705, 0.015239468, 0.015109273, 0.014967762, 0.014815487, 0.014735776, 0.014571152, 0.014401925, 0.014316156, 0.014143162, 0.013967353, 0.013877904, 0.013693982, 0.013501045, 0.0132975355, 0.0131917875, 0.012973265, 0.012747907, 0.012633786, 0.012404599, 0.0121760955, 0.0119485, 0.01183464, 0.011605374, 0.011371447, 0.011252068, 0.011007977, 0.0107574705, 0.01063057, 0.010375098, 0.010119804, 0.009866077, 0.009739911, 0.009487976, 0.0092343725, 0.009105982, 0.008844152, 0.008573963, 0.008294559, 0.00815178, 0.007860807, 0.0075641605, 0.0074142003, 0.007110956, 0.0068020215, 0.006644308, 0.006318464, 0.0059721097, 0.005600062, 0.0054075713, 0.005049355, 0.0048806057, 0.00496567, 0.005495268, 0, 0, 0, 0, 0, 0, 0, 0
0, 0, 0, 0, 0, 0, 0, 0, 0, 0.0050140587, 0.0048230574, 0.0048846984, 0.0052343463, 0.005679375, 0.0058962144, 0.0062965904, 0.00665374, 0.006979147, 0.0071335933, 0.0074316384, 0.007721061, 0.00786405, 0.008147883, 0.0084292, 0.008568555, 0.008843591, 0.009112482, 0.009374615, 0.0095032295, 0.009756785, 0.0100073805, 0.010132349, 0.010383045, 0.01063538, 0.010888739, 0.011015188, 0.01126592, 0.01151179, 0.011632414, 0.011868721, 0.012099367, 0.012212948, 0.012438025, 0.012661031, 0.0128826825, 0.012992891, 0.013211673, 0.013427096, 0.013533149, 0.013741301, 0.013943533, 0.014139806, 0.014235627, 0.014422459, 0.014602052, 0.014688681, 0.014854757, 0.015009818, 0.015083073, 0.015220971, 0.0153481085, 0.015465692, 0.015521263, 0.015626421, 0.015723411, 0.015768476, 0.01585094, 0.015921233, 0.01597745, 0.016000109, 0.016034769, 0.016056651, 0.016063552, 0.016070066, 0.016068203, 0.016057707, 0.01604881, 0.016022267, 0.015982578, 0.015957156, 0.015895113, 0.015818743, 0.015775762, 0.015682451, 0.015581566, 0.015475008, 0.015419741, 0.015304132, 0.015179592, 0.015113048, 0.014970088, 0.014813414, 0.0146439895, 0.014555405, 0.014373041, 0.014186925, 0.014093379, 0.013906136, 0.013717842, 0.0136225475, 0.013427647, 0.0132242385, 0.013010305, 0.012899319, 0.012670618, 0.012435519, 0.012316887, 0.012079724, 0.0118445605, 0.0116118835, 0.011496194, 0.011264406, 0.01103001, 0.010911173, 0.01066979, 0.010424425, 0.010300885, 0.010053925, 0.009808842, 0.009566506, 0.009446241, 0.009206343, 0.008965132, 0.008843112, 0.00859509, 0.00834101, 0.008081443, 0.007950264, 0.0076865964, 0.0074229655, 0.0072914786, 0.0070285155, 0.006762843, 0.006627306, 0.0063466826, 0.0060464637, 0.0057218582, 0.005552995, 0.005236092, 0.005095807, 0.005214533, 0.006297877, 0, 0, 0, 0, 0, 0, 0, 0
0, 0, 0, 0, 0, 0, 0, 0, 0, 0.0059451056, 0.004995887, 0.004951741, 0.0052166367, 0.005621823, 0.0058243726, 0.006202333, 0.006543393, 0.0068568145, 0.00700609, 0.0072939484, 0.0075715035, 0.007707335, 0.007973993, 0.008234243, 0.008362068, 0.008613104, 0.008858839, 0.009100512, 0.009220282, 0.009458728, 0.0096971635, 0.009816882, 0.010057962, 0.010301006, 0.010545311, 0.010667445, 0.010910559, 0.01115119, 0.011270195, 0.011505589, 0.011737841, 0.011852859, 0.012081458, 0.012308008, 0.012532924, 0.012644502, 0.012865767, 0.013084078, 0.01319186, 0.013404203, 0.013611816, 0.013814456, 0.013913765, 0.014107734, 0.014294504, 0.014384838, 0.01455829, 0.014721541, 0.014799074, 0.014946371, 0.015083638, 0.015212073, 0.015273028, 0.015388807, 0.015495314, 0.015544657, 0.015634734, 0.015711725, 0.01577459, 0.015800638, 0.015842542, 0.015871914, 0.015882483, 0.015895987, 0.015899466, 0.015892167, 0.01588396, 0.01585723, 0.015815493, 0.015788605, 0.01572321, 0.015643481, 0.015599081, 0.015503104, 0.0153997885, 0.015290691, 0.015233845, 0.015114211, 0.014984021, 0.014914191, 0.014763652, 0.01459839, 0.014419847, 0.014326629, 0.014134949, 0.013939502, 0.013841325, 0.01364463, 0.01344688, 0.013346902, 0.013142972, 0.012931564, 0.012711178, 0.012597846, 0.01236622, 0.012130651, 0.012012638, 0.0117774345, 0.011544896, 0.011314895, 0.011200424, 0.0109709315, 0.010739162, 0.0106219165, 0.0103847645, 0.010145245, 0.010025271, 0.0097867185, 0.009551279, 0.009319244, 0.009204251, 0.008974657, 0.008743418, 0.008626351, 0.008388728, 0.008145966, 0.007899407, 0.007775501, 0.007528122, 0.0072828387, 0.0071609383, 0.0069168485, 0.006668307, 0.0065400987, 0.00627054, 0.0059760306, 0.005650149, 0.005476411, 0.0051307282, 0.0048936317, 0.0048984867, 0.0053701284, 0, 0, 0, 0, 0, 0, 0, 0
0, 0, 0, 0, 0, 0, 0, 0, 0, 0.005215964, 0.004772945, 0.0047857217, 0.0050602737, 0.0054447856, 0.005638373, 0.0060061663, 0.006345939, 0.006663117, 0.0068149273, 0.007106636, 0.0073841247, 0.007517757, 0.0077755074, 0.008022014, 0.00814184, 0.008376268, 0.0086071845, 0.008837496, 0.008952993, 0.009185424, 0.009419532, 0.009536871, 0.009771494, 0.010005297, 0.010237689, 0.010353263, 0.01058365, 0.010813786, 0.010929066, 0.011160501, 0.011393163, 0.0115094865, 0.011742032, 0.011972328, 0.012199352, 0.012311223, 0.012531289, 0.012746287, 0.012852038, 0.013060473, 0.013264973, 0.013465796, 0.013564573, 0.013758339, 0.013945901, 0.014036921, 0.014212541, 0.014378967, 0.014458758, 0.0146113075, 0.014755169, 0.014890824, 0.0149557665, 0.0150788175, 0.015191986, 0.015244434, 0.015339611, 0.015421423, 0.015489049, 0.0155177, 0.0155650815, 0.015600379, 0.015613978, 0.015632946, 0.015641075, 0.015637066, 0.015630208, 0.015605517, 0.015565214, 0.015539208, 0.015475516, 0.015398033, 0.015354748, 0.015260772, 0.015158557, 0.015049119, 0.014991415, 0.014869029, 0.014735568, 0.014664111, 0.014510828, 0.014344098, 0.01416549, 0.014072732, 0.013882134, 0.013687084, 0.013588609, 0.013390015, 0.013188434, 0.013086153, 0.012877175, 0.012661601, 0.012439358, 0.012326304, 0.012097659, 0.011868219, 0.011754028, 0.011527766, 0.011304075, 0.011081799, 0.010970583, 0.0107465545, 0.01051927, 0.01040432, 0.010171888, 0.009938033, 0.009821427, 0.009590552, 0.009363962, 0.009141664, 0.009031618, 0.0088120485, 0.008590596, 0.008478427, 0.008250034, 0.008016068, 0.007777308, 0.0076568155, 0.0074145533, 0.0071713403, 0.0070490073, 0.006800669, 0.006541851, 0.006406023, 0.0061152275, 0.0057906434, 0.0054229824, 0.0052220076, 0.004798746, 0.004418334, 0.004302606, 0.004389765, 0, 0, 0, 0, 0, 0, 0, 0
0, 0, 0, 0, 0, 0, 0, 0, 0, 0.0043652593, 0.004271894, 0.0043809325, 0.00474795, 0.005167069, 0.005371474, 0.0057582003, 0.0061172997, 0.0064536007, 0.0066140234, 0.0069198674, 0.0072054216, 0.007340514, 0.007596747, 0.007837275, 0.007953215, 0.008180422, 0.008406137, 0.008634267, 0.008749727, 0.008983191, 0.009217313, 0.009333682, 0.0095631555, 0.00978689, 0.010004901, 0.010112416, 0.010326499, 0.010542248, 0.010651909, 0.010875117, 0.01110364, 0.011219137, 0.011450594, 0.011679947, 0.011904302, 0.012013768, 0.012227648, 0.012434883, 0.012536491, 0.012736956, 0.01293503, 0.013131211, 0.013228296, 0.013419507, 0.013605071, 0.013695201, 0.013869489, 0.014035345, 0.014115126, 0.014268535, 0.014414241, 0.014552782, 0.014619279, 0.0147455335, 0.014861645, 0.014915128, 0.0150124105, 0.015095784, 0.0151651045, 0.015194735, 0.015244663, 0.015282838, 0.015297768, 0.015319512, 0.015330366, 0.015329103, 0.015323571, 0.015301795, 0.01526522, 0.0152414, 0.015183061, 0.015111538, 0.015071217, 0.014982855, 0.014884742, 0.014777421, 0.014720071, 0.014597422, 0.014463701, 0.014392479, 0.014241621, 0.014080215, 0.013909949, 0.013822053, 0.013642012, 0.013457226, 0.013363154, 0.013171549, 0.01297431, 0.012873368, 0.012666565, 0.01245348, 0.012235601, 0.0121255005, 0.011904845, 0.011685299, 0.011576492, 0.011361261, 0.011147944, 0.010934879, 0.010827677, 0.010610544, 0.010389142, 0.010277013, 0.010050666, 0.009823399, 0.009710286, 0.00948681, 0.009268392, 0.009054513, 0.008948833, 0.008738007, 0.008525162, 0.008417165, 0.008196563, 0.00796884, 0.007733436, 0.007612983, 0.00736688, 0.0071135005, 0.0069836313, 0.0067149084, 0.0064295274, 0.0062779994, 0.0059516304, 0.005585232, 0.005168148, 0.004938631, 0.00444607, 0.0039670127, 0.003783989, 0.003703711, 0, 0, 0, 0, 0, 0, 0, 0
0, 0, 0, 0, 0, 0, 0, 0, 0, 0.0037187545, 0.0037840172, 0.0039550834, 0.004408397, 0.0048833145, 0.0051098117, 0.0055351886, 0.0059276856, 0.0062924325, 0.006464993, 0.006790291, 0.007088787, 0.0072282, 0.0074894517, 0.0077321613, 0.007848845, 0.008077669, 0.008306264, 0.008538194, 0.008655655, 0.008892034, 0.009126375, 0.009241248, 0.009464378, 0.009677351, 0.009881452, 0.009981402, 0.010180113, 0.010381942, 0.010485221, 0.010697629, 0.010916756, 0.01102784, 0.011250422, 0.01147003, 0.011683373, 0.011787136, 0.011989235, 0.012185261, 0.012281726, 0.012473527, 0.012665169, 0.012856674, 0.012951854, 0.013139272, 0.01332077, 0.013408553, 0.013577656, 0.013738124, 0.01381517, 0.013963568, 0.014105141, 0.014240522, 0.014305532, 0.014429435, 0.014543177, 0.014595618, 0.014690529, 0.014771612, 0.014839302, 0.014868342, 0.0149176065, 0.014955863, 0.014971128, 0.014994085, 0.015006246, 0.015006783, 0.015002418, 0.014983358, 0.014950938, 0.014929737, 0.014877903, 0.0148142, 0.014778219, 0.014698301, 0.014607965, 0.0145068895, 0.014452209, 0.014334423, 0.014205736, 0.014137572, 0.013994508, 0.013843972, 0.013687264, 0.01360703, 0.013443183, 0.013274613, 0.013188226, 0.013010582, 0.012825569, 0.012730121, 0.012533817, 0.012331439, 0.012124945, 0.012020891, 0.011812435, 0.011605017, 0.011502034, 0.011297396, 0.011093646, 0.010889005, 0.010785694, 0.010576423, 0.010363319, 0.010255443, 0.010038055, 0.009819879, 0.0097112255, 0.009495743, 0.009283688, 0.009075098, 0.008971711, 0.008764944, 0.008556051, 0.008449885, 0.008232575, 0.0080067245, 0.0077703437, 0.007647681, 0.00739274, 0.0071240026, 0.0069840387, 0.0066911164, 0.006377627, 0.0062113907, 0.0058550257, 0.0054592746, 0.0050140955, 0.004770974, 0.00425013, 0.003733046, 0.003521468, 0.0033571469, 0, 0, 0, 0, 0, 0, 0, 0
0, 0, 0, 0, 0, 0, 0, 0, 0, 0.0033625609, 0.0035101492, 0.0037115975, 0.0042102477, 0.004721708, 0.0049653817, 0.0054233484, 0.005845189, 0.006234647, 0.0064176726, 0.00676022, 0.0070718257, 0.0072168494, 0.00748782, 0.0077394955, 0.007860469, 0.008097593, 0.008333468, 0.008570759, 0.008689786, 0.00892667, 0.00915774, 0.009269752, 0.0094850715, 0.009688522, 0.00988278, 0.009977788, 0.010167496, 0.010360419, 0.010459173, 0.010661585, 0.01086876, 0.010972983, 0.011179861, 0.011381993, 0.01157725, 0.011672245, 0.0118582, 0.012040704, 0.012131572, 0.0123143215, 0.0124990195, 0.012684251, 0.012776218, 0.012956328, 0.013128759, 0.0132114375, 0.0133694345, 0.013518048, 0.013589174, 0.013726172, 0.013857426, 0.013983313, 0.014044108, 0.014159881, 0.014266136, 0.014314879, 0.014403027, 0.014478276, 0.01454133, 0.014568638, 0.014615518, 0.014652976, 0.014668252, 0.014692083, 0.014705657, 0.014707878, 0.014704483, 0.014687959, 0.014659201, 0.014640561, 0.014595194, 0.014540064, 0.0145088015, 0.014439475, 0.014360422, 0.0142706875, 0.014221693, 0.014115148, 0.013997932, 0.0139358705, 0.013805815, 0.013669567, 0.013528593, 0.01345655, 0.013309705, 0.013158242, 0.013080372, 0.012919701, 0.012751352, 0.012664262, 0.012484724, 0.012299544, 0.012110417, 0.012014787, 0.011822238, 0.011628761, 0.011531832, 0.011337732, 0.0111428965, 0.010946424, 0.01084741, 0.010647548, 0.01044528, 0.010343507, 0.010138495, 0.009932275, 0.009828709, 0.00962119, 0.009413423, 0.0092055, 0.009101358, 0.008892053, 0.008679987, 0.008572254, 0.008352216, 0.008123314, 0.007882548, 0.0077567417, 0.00749261, 0.007210425, 0.0070623024, 0.0067513767, 0.006419564, 0.0062449216, 0.0058751516, 0.0054726806, 0.005029984, 0.004792299, 0.0042914166, 0.0038055207, 0.0036117896, 0.0034747159, 0, 0, 0, 0, 0, 0, 0, 0
0, 0, 0, 0, 0, 0, 0, 0, 0, 0.0034823348, 0.0036028002, 0.003789805, 0.0042688786, 0.00477407, 0.0050186175, 0.005482685, 0.0059130597, 0.0063106823, 0.006497419, 0.006846945, 0.007166285, 0.007315741, 0.0075972276, 0.0078607835, 0.007987915, 0.008236387, 0.008480483, 0.008721743, 0.008840935, 0.009074502, 0.009298977, 0.009407039, 0.00961459, 0.009811936, 0.010002545, 0.010096693, 0.010285157, 0.01047639, 0.010573399, 0.010769377, 0.010965461, 0.011062392, 0.011251629, 0.011433658, 0.011608493, 0.011693907, 0.011862527, 0.012030744, 0.012115605, 0.012287734, 0.012462043, 0.012635921, 0.012721468, 0.012887157, 0.013043243, 0.013117335, 0.013257507, 0.013388641, 0.013451294, 0.013572613, 0.013689648, 0.013802451, 0.01385706, 0.013960919, 0.0140557205, 0.014099095, 0.014177165, 0.01424381, 0.014300239, 0.014325088, 0.014368746, 0.014405172, 0.014420588, 0.0144454995, 0.0144610945, 0.014465452, 0.01446311, 0.014449328, 0.014424341, 0.014407964, 0.014368594, 0.014321622, 0.014295267, 0.014237137, 0.014171241, 0.014096202, 0.014054988, 0.013964601, 0.01386398, 0.0138102155, 0.01369674, 0.013576703, 0.013451532, 0.013387175, 0.013255293, 0.013118892, 0.013048637, 0.012903943, 0.012752753, 0.0126747545, 0.012514525, 0.012349233, 0.01218009, 0.0120942, 0.011919691, 0.011741689, 0.011651438, 0.011468918, 0.0112838885, 0.0110969385, 0.011002812, 0.010813689, 0.010623903, 0.010528684, 0.010337174, 0.010143009, 0.010044421, 0.009843642, 0.009637756, 0.009427074, 0.0093201725, 0.009103706, 0.008883497, 0.008771879, 0.008544625, 0.008309784, 0.008063616, 0.007935046, 0.0076649375, 0.0073757875, 0.007223941, 0.0069056405, 0.006568698, 0.0063930172, 0.006026098, 0.0056351176, 0.005215319, 0.0049944045, 0.0045402, 0.0041317083, 0.004005395, 0.0042145853, 0.005691482, 0, 0, 0, 0, 0, 0, 0
0, 0, 0, 0, 0, 0, 0, 0, 0.005828612, 0.004280928, 0.004046645, 0.004168037, 0.0045770216, 0.005043589, 0.0052741775, 0.005716922, 0.006131329, 0.0065167043, 0.00669865, 0.0070419856, 0.0073603657, 0.0075114444, 0.007800112, 0.008074511, 0.008207474, 0.008466822, 0.008718366, 0.008962096, 0.00908051, 0.009309611, 0.00952733, 0.009632054, 0.009834323, 0.010029825, 0.0102221025, 0.01031803, 0.010510498, 0.0107041225, 0.010800955, 0.010993042, 0.011180066, 0.0112706255, 0.011444673, 0.011609643, 0.011767505, 0.011844895, 0.011998733, 0.012153694, 0.012232199, 0.012390834, 0.012549973, 0.012705875, 0.012781349, 0.012925597, 0.013059323, 0.013122285, 0.013241238, 0.013352967, 0.013406779, 0.013511931, 0.01361438, 0.013713803, 0.0137616685, 0.013852334, 0.013934112, 0.013971275, 0.014037427, 0.014093999, 0.014142379, 0.014164191, 0.014203499, 0.014237782, 0.014252902, 0.014278159, 0.014295068, 0.0143014435, 0.014300338, 0.014289327, 0.01426798, 0.014253923, 0.014220236, 0.014180232, 0.014158189, 0.014110236, 0.014056727, 0.013996281, 0.013963181, 0.013890011, 0.013807402, 0.013762725, 0.013667023, 0.01356387, 0.013454305, 0.013397241, 0.013279028, 0.0131557295, 0.013092202, 0.012961636, 0.012826163, 0.012756692, 0.012614422, 0.01246829, 0.012318409, 0.012241815, 0.012085065, 0.011922961, 0.011839974, 0.0116703035, 0.011496724, 0.011320454, 0.01123153, 0.011052957, 0.010873844, 0.010783994, 0.0106024705, 0.010416753, 0.010321411, 0.010124732, 0.009919234, 0.0097054485, 0.009595894, 0.009372445, 0.009144411, 0.009028788, 0.008793995, 0.008552832, 0.00830197, 0.0081717335, 0.007899512, 0.0076099895, 0.007458586, 0.007142845, 0.0068110926, 0.006639482, 0.006284762, 0.005912598, 0.005518818, 0.0053130803, 0.0048888456, 0.0044894572, 0.0043407036, 0.004325781, 0.0048358263, 0, 0, 0, 0, 0, 0, 0
0, 0, 0, 0, 0, 0, 0, 0, 0.004981696, 0.004446208, 0.004449762, 0.0045982352, 0.005004606, 0.0054430505, 0.0056572836, 0.0060677165, 0.006452975, 0.0068140575, 0.0069861948, 0.0073150652, 0.007626557, 0.007776884, 0.008068643, 0.008350342, 0.008487704, 0.008755425, 0.009013177, 0.009259505, 0.009378006, 0.009605433, 0.009820674, 0.009924441, 0.010126388, 0.010323942, 0.0105202105, 0.010618278, 0.010814118, 0.011008347, 0.011104131, 0.011290914, 0.011469094, 0.0115543865, 0.011717153, 0.0118708415, 0.012018177, 0.0120904995, 0.012234239, 0.012378138, 0.012450171, 0.012593445, 0.012733456, 0.012867248, 0.0129309045, 0.01305098, 0.013161472, 0.013213586, 0.013312961, 0.013408032, 0.013454495, 0.0135460375, 0.013635864, 0.013722558, 0.013763987, 0.013841441, 0.0139099145, 0.013940508, 0.013994624, 0.014040668, 0.014080323, 0.014098419, 0.014131712, 0.014161451, 0.014174795, 0.014197609, 0.014213401, 0.0142200105, 0.014219498, 0.014210835, 0.014192852, 0.014180975, 0.014152241, 0.014118222, 0.014099594, 0.014059434, 0.01401538, 0.013966437, 0.013939757, 0.013880865, 0.013813911, 0.0137773305, 0.013698324, 0.013611801, 0.013518006, 0.013468601, 0.013364918, 0.013255542, 0.013198994, 0.013082359, 0.012961591, 0.012899616, 0.0127731105, 0.012642853, 0.012508654, 0.012439873, 0.012298173, 0.012150624, 0.012074401, 0.011917792, 0.011756115, 0.011590239, 0.011506072, 0.011335631, 0.011162687, 0.011075194, 0.010897, 0.010713336, 0.010618617, 0.010422332, 0.010216511, 0.0100015225, 0.009890956, 0.009664524, 0.00943225, 0.009314043, 0.009073589, 0.008826644, 0.008571202, 0.00843943, 0.008166264, 0.007879033, 0.007730018, 0.0074213776, 0.007099313, 0.0069334907, 0.0065923026, 0.006236657, 0.005861976, 0.005665722, 0.005255279, 0.0048437, 0.004664875, 0.00449004, 0.004692253, 0, 0, 0, 0, 0, 0, 0
0, 0, 0, 0, 0, 0, 0, 0, 0.004823007, 0.004624241, 0.0048121065, 0.00499888, 0.005426431, 0.0058514257, 0.0060539073, 0.006437993, 0.0067979814, 0.0071383044, 0.0073022298, 0.007619641, 0.007925756, 0.008075469, 0.0083690835, 0.008655597, 0.00879587, 0.009069592, 0.009332626, 0.009583538, 0.009704049, 0.009935474, 0.010155356, 0.01026166, 0.010469101, 0.010671953, 0.010871832, 0.010970684, 0.011165495, 0.01135492, 0.011446921, 0.011624631, 0.011792908, 0.011873434, 0.012027919, 0.01217514, 0.012317436, 0.012387302, 0.012524963, 0.012659486, 0.01272528, 0.012852921, 0.012973614, 0.013086058, 0.0131388875, 0.013238061, 0.0133301215, 0.013374065, 0.013459359, 0.013542231, 0.013583153, 0.013663718, 0.013741655, 0.013815524, 0.0138501795, 0.01391385, 0.013968926, 0.013993229, 0.014035788, 0.014071948, 0.0141030755, 0.014117116, 0.014142855, 0.0141653605, 0.014175308, 0.01419198, 0.014203082, 0.014207152, 0.01420627, 0.014198459, 0.014183405, 0.01417341, 0.014149231, 0.014120307, 0.014104232, 0.014069521, 0.014031403, 0.013989346, 0.013966618, 0.0139170345, 0.013861276, 0.013830995, 0.013765574, 0.013693889, 0.013615688, 0.013574313, 0.013486769, 0.0133933695, 0.013344655, 0.0132434685, 0.013137432, 0.01308254, 0.0129692, 0.012851254, 0.012728401, 0.01266511, 0.01253445, 0.012397952, 0.012327426, 0.012181947, 0.012030652, 0.011873733, 0.011793083, 0.011627301, 0.011455641, 0.011367526, 0.011186473, 0.010998523, 0.010901737, 0.010702365, 0.010495196, 0.0102802655, 0.010169956, 0.009943779, 0.009710083, 0.009590411, 0.0093450695, 0.009091348, 0.008828518, 0.008693456, 0.008415862, 0.00812769, 0.007979659, 0.00767548, 0.0073602386, 0.007198249, 0.00686466, 0.006516084, 0.006148124, 0.00595537, 0.0055537694, 0.005159798, 0.0050017186, 0.00497505, 0.005970672, 0, 0, 0, 0, 0, 0, 0
0, 0, 0, 0, 0, 0, 0, 0, 0.0061115916, 0.0051105884, 0.005157317, 0.0053267614, 0.005740307, 0.0061558243, 0.0063533993, 0.006728167, 0.0070807957, 0.0074171177, 0.0075805425, 0.007899427, 0.008209534, 0.00836173, 0.008660824, 0.0089523895, 0.009095086, 0.009373393, 0.009641572, 0.0098988805, 0.010023351, 0.010264271, 0.010495058, 0.010607075, 0.010825066, 0.011035702, 0.011238756, 0.011337306, 0.011527713, 0.011708712, 0.011795763, 0.011962776, 0.012121552, 0.012198118, 0.012346776, 0.0124906, 0.012630234, 0.012698416, 0.012830805, 0.012956466, 0.013016345, 0.013129651, 0.013233936, 0.013329637, 0.013374637, 0.013459938, 0.0135405315, 0.0135796005, 0.013655973, 0.013730113, 0.013766102, 0.013835449, 0.013900038, 0.0139588015, 0.013985833, 0.014034568, 0.014076275, 0.014094718, 0.014127581, 0.01415546, 0.0141791655, 0.014189567, 0.014207529, 0.0142214475, 0.0142268855, 0.014234946, 0.014238812, 0.014237948, 0.01423571, 0.014227552, 0.014214563, 0.014206265, 0.014186332, 0.014161748, 0.01414782, 0.014116885, 0.014082081, 0.01404354, 0.014022928, 0.013978323, 0.013929337, 0.0139031615, 0.013847452, 0.013787088, 0.013722042, 0.013687725, 0.013615141, 0.013537404, 0.013496564, 0.013410789, 0.013318883, 0.013270418, 0.013168251, 0.01305927, 0.01294382, 0.012883803, 0.012759591, 0.0126300845, 0.012563323, 0.012425836, 0.01228255, 0.012132181, 0.012054, 0.011890691, 0.011717668, 0.011627489, 0.011440412, 0.011245094, 0.011144822, 0.010939863, 0.010729437, 0.010513491, 0.010403134, 0.010176529, 0.0099407025, 0.009818834, 0.009566438, 0.009302317, 0.00902739, 0.008886158, 0.008597146, 0.008300636, 0.008149694, 0.007841753, 0.007524336, 0.007361222, 0.007023495, 0.0066671264, 0.0062872153, 0.006087131, 0.0056683677, 0.0052507827, 0.005071816, 0.0049240766, 0.00535897, 0, 0, 0, 0, 0, 0, 0
0, 0, 0, 0, 0, 0, 0, 0, 0.005495885, 0.005061015, 0.005224665, 0.0054128347, 0.0058462922, 0.0062767183, 0.006481684, 0.0068716854, 0.007240382, 0.0075937975, 0.0077658, 0.008101834, 0.008427363, 0.0085863015, 0.008896354, 0.00919568, 0.009341332, 0.00962461, 0.009898145, 0.010162802, 0.0102921305, 0.010544799, 0.010789291, 0.010908287, 0.011138996, 0.011358663, 0.011565977, 0.01166465, 0.011852141, 0.012027401, 0.01211103, 0.012271851, 0.0124255875, 0.012500455, 0.012646702, 0.012788757, 0.012925684, 0.012991682, 0.013117545, 0.01323373, 0.01328787, 0.01338883, 0.013480977, 0.013566081, 0.013606615, 0.013684662, 0.013759543, 0.013795817, 0.013865947, 0.013931594, 0.013962224, 0.014018252, 0.014067163, 0.014109235, 0.0141280815, 0.014161895, 0.014191749, 0.014205487, 0.014230799, 0.014252941, 0.014271366, 0.014278864, 0.014290039, 0.014295964, 0.014297128, 0.014296553, 0.014292744, 0.014286526, 0.014282665, 0.014273193, 0.014261415, 0.014254418, 0.0142376665, 0.014216515, 0.014204124, 0.014175923, 0.014143387, 0.014106919, 0.014087456, 0.014045998, 0.014001086, 0.013977307, 0.013927262, 0.0138735315, 0.013816125, 0.013785976, 0.013722964, 0.013655822, 0.01362054, 0.013546147, 0.013465, 0.013421466, 0.013327838, 0.013225279, 0.013114137, 0.013055819, 0.012934481, 0.012807929, 0.012743005, 0.012609882, 0.012471551, 0.012325708, 0.012249315, 0.01208801, 0.011914063, 0.0118224695, 0.011630626, 0.011429023, 0.011325357, 0.011113974, 0.010898443, 0.010678401, 0.0105662225, 0.010335487, 0.010093695, 0.009967806, 0.009704923, 0.009427257, 0.00913637, 0.008986795, 0.008681431, 0.008369706, 0.008211764, 0.007891048, 0.007560872, 0.00739076, 0.0070365127, 0.0066580623, 0.0062485533, 0.0060301116, 0.005564884, 0.0050768987, 0.0048439656, 0.0045046736, 0.0045618247, 0, 0, 0, 0, 0, 0, 0
0, 0, 0, 0, 0, 0, 0, 0, 0.004685713, 0.0046358607, 0.0049905973, 0.005231189, 0.0057321563, 0.006208943, 0.006433713, 0.006859695, 0.007261262, 0.007645013, 0.007831263, 0.008193169, 0.008540771, 0.00870894, 0.00903386, 0.009343769, 0.009493348, 0.009783158, 0.010063022, 0.0103353355, 0.010469255, 0.010732408, 0.010988613, 0.011113484, 0.011354935, 0.011583151, 0.011796052, 0.01189664, 0.012086448, 0.012263207, 0.012347557, 0.012510207, 0.012666495, 0.01274255, 0.012890713, 0.013032769, 0.013166699, 0.013230084, 0.013348513, 0.013455399, 0.013504683, 0.013596333, 0.013680975, 0.013760692, 0.013799314, 0.01387432, 0.013945977, 0.013980139, 0.01404405, 0.014100338, 0.014125057, 0.014167322, 0.014201096, 0.014228361, 0.014240474, 0.014262841, 0.014284346, 0.0142949335, 0.014315401, 0.014333786, 0.014348411, 0.014353773, 0.014359775, 0.014359694, 0.014357657, 0.0143507775, 0.014341497, 0.014331218, 0.0143259745, 0.014315012, 0.0143028805, 0.01429608, 0.014279965, 0.014259786, 0.014247979, 0.014220832, 0.014189745, 0.014155332, 0.014137027, 0.014098158, 0.014056209, 0.014033882, 0.013986167, 0.01393414, 0.0138778845, 0.013848285, 0.013786773, 0.013722145, 0.013688575, 0.013618281, 0.0135419145, 0.013501027, 0.013412402, 0.013313849, 0.013205465, 0.01314795, 0.013027302, 0.012900922, 0.012836224, 0.012703924, 0.012567107, 0.012423533, 0.012348295, 0.012189083, 0.012016511, 0.011925046, 0.011732143, 0.011527727, 0.011422098, 0.011205757, 0.010984235, 0.0107575, 0.010641709, 0.0104030585, 0.010152313, 0.010021349, 0.009747144, 0.00945663, 0.009151444, 0.008994302, 0.00867313, 0.008344983, 0.008178602, 0.00784031, 0.007490999, 0.0073104817, 0.0069330926, 0.0065271733, 0.0060843113, 0.0058463174, 0.0053338315, 0.004781543, 0.0045055803, 0.004045252, 0.003934857, 0, 0, 0, 0, 0, 0, 0
0, 0, 0, 0, 0, 0, 0, 0, 0.004049005, 0.0041699326, 0.0046483777, 0.0049330895, 0.0055007157, 0.006027715, 0.0062739803, 0.0067380266, 0.0071726996, 0.0075853337, 0.00778468, 0.00816995, 0.008537353, 0.008714258, 0.009053837, 0.009375454, 0.009530005, 0.009828601, 0.010116461, 0.010396405, 0.010533943, 0.010804317, 0.0110672405, 0.01119521, 0.011442359, 0.011675907, 0.011894328, 0.011997868, 0.012194317, 0.012378892, 0.012467482, 0.012638763, 0.012803011, 0.01288245, 0.013035347, 0.013178571, 0.013310334, 0.0133716, 0.013484281, 0.013584901, 0.013631368, 0.01371857, 0.013800382, 0.01387875, 0.013916862, 0.013990595, 0.0140594095, 0.014091373, 0.014148851, 0.014196522, 0.014216384, 0.014248602, 0.014272787, 0.014292089, 0.014300846, 0.014318246, 0.014336186, 0.014345188, 0.014362781, 0.014377956, 0.014388765, 0.0143919615, 0.014393606, 0.014389405, 0.014385537, 0.0143754175, 0.014363762, 0.014351676, 0.014345605, 0.014332922, 0.014318687, 0.014310533, 0.014291649, 0.0142687475, 0.014255818, 0.014227304, 0.014196082, 0.014162744, 0.014145413, 0.01410873, 0.014068633, 0.014046877, 0.013999212, 0.013945481, 0.013885917, 0.013854309, 0.01378825, 0.013719314, 0.013683949, 0.013610988, 0.013533816, 0.013493121, 0.0134059405, 0.013309477, 0.013202893, 0.013145886, 0.013025282, 0.012897728, 0.012832002, 0.012697575, 0.012558926, 0.012414506, 0.012339303, 0.0121812215, 0.012010897, 0.011920672, 0.011730051, 0.011526614, 0.011420657, 0.011201962, 0.01097568, 0.010742247, 0.010622617, 0.010375801, 0.010116789, 0.009981916, 0.009700488, 0.009403302, 0.009091503, 0.00893078, 0.008601037, 0.008261824, 0.008088741, 0.007734894, 0.00736755, 0.007177219, 0.0067793857, 0.0063530155, 0.005890619, 0.005643377, 0.0051134215, 0.004542858, 0.0042551747, 0.0037549261, 0.0035674523, 0, 0, 0, 0, 0, 0, 0
0, 0, 0, 0, 0, 0, 0, 0, 0.0036727933, 0.0038736854, 0.004396713, 0.0046958094, 0.0052868957, 0.005835254, 0.0060917907, 0.0065751346, 0.007027048, 0.007454455, 0.0076602893, 0.0080575235, 0.008436119, 0.00861837, 0.008968748, 0.0093010515, 0.009460965, 0.009769819, 0.010066784, 0.010353986, 0.01049429, 0.010768285, 0.011032496, 0.011160551, 0.011407558, 0.011641812, 0.011862845, 0.011968713, 0.012171722, 0.012364673, 0.012457905, 0.012638324, 0.012810433, 0.012892936, 0.013049694, 0.013194013, 0.013324868, 0.0133852335, 0.013496232, 0.013596073, 0.013642709, 0.013731093, 0.013814829, 0.0138947535, 0.013933169, 0.014006135, 0.01407229, 0.014102155, 0.014154748, 0.014197404, 0.014215282, 0.014244864, 0.014268484, 0.014288806, 0.014298539, 0.01431746, 0.014335729, 0.01434427, 0.014359284, 0.014370254, 0.014375854, 0.01437644, 0.014373601, 0.014366374, 0.014361706, 0.014350872, 0.014339331, 0.014327087, 0.014320623, 0.014306002, 0.01428807, 0.01427755, 0.014253268, 0.014224872, 0.014209385, 0.014176881, 0.014143113, 0.014108575, 0.014090901, 0.014054198, 0.014013785, 0.013991677, 0.013942459, 0.013886076, 0.013822405, 0.013788259, 0.013716455, 0.013641263, 0.013602839, 0.013524403, 0.013443271, 0.013401199, 0.013312753, 0.013216677, 0.0131111955, 0.013054746, 0.012934307, 0.012805422, 0.012738394, 0.012600323, 0.012457356, 0.012309015, 0.012232367, 0.012072875, 0.011903447, 0.011814336, 0.011626872, 0.011426667, 0.011321972, 0.011104164, 0.010876262, 0.010639434, 0.010517496, 0.010266295, 0.010003991, 0.009868297, 0.009587019, 0.009292281, 0.008983927, 0.008824688, 0.008496291, 0.008155099, 0.007979481, 0.0076177325, 0.007239886, 0.0070440727, 0.0066365297, 0.00620477, 0.005744758, 0.0055028354, 0.004994221, 0.004462202, 0.0042005414, 0.0037617718, 0.0036240905, 0, 0, 0, 0, 0, 0, 0
0, 0, 0, 0, 0, 0, 0, 0, 0.0037173461, 0.0038719804, 0.00433691, 0.0046121115, 0.0051685055, 0.005697409, 0.0059483913, 0.0064249933, 0.0068729944, 0.0072976896, 0.0075024418, 0.007898349, 0.008277473, 0.008460971, 0.008816046, 0.00915557, 0.009319701, 0.009637402, 0.00994196, 0.010234355, 0.01037597, 0.010650025, 0.01091152, 0.011037558, 0.011280221, 0.011511039, 0.011730901, 0.011837043, 0.012042392, 0.012239111, 0.01233436, 0.012518228, 0.0126925055, 0.012775564, 0.0129322745, 0.013076006, 0.013206758, 0.013267497, 0.013381095, 0.013485536, 0.013535023, 0.013629345, 0.013718274, 0.013801487, 0.013840577, 0.013913298, 0.013977509, 0.014006185, 0.014057102, 0.01410022, 0.014119282, 0.014153679, 0.014184313, 0.014212423, 0.014225594, 0.014249845, 0.014270094, 0.01427834, 0.014290255, 0.014296037, 0.0142957885, 0.0142938355, 0.014287151, 0.014278188, 0.014273369, 0.014263408, 0.014252924, 0.014240997, 0.014234063, 0.014217239, 0.014195438, 0.014182478, 0.014152745, 0.014118745, 0.014100595, 0.014063074, 0.014024889, 0.013986439, 0.013966934, 0.013926391, 0.0138825895, 0.013858867, 0.013806879, 0.013747976, 0.013681936, 0.013646467, 0.013571684, 0.013492722, 0.013452245, 0.013369317, 0.013283657, 0.013239528, 0.013147982, 0.01305029, 0.012944693, 0.012888438, 0.012768734, 0.012639662, 0.012571955, 0.0124310665, 0.012283582, 0.012130202, 0.012051168, 0.01188807, 0.011717348, 0.011628686, 0.011443734, 0.011247846, 0.01114557, 0.010932148, 0.010707619, 0.0104726, 0.010351444, 0.010101801, 0.009842492, 0.009709243, 0.009434966, 0.009149759, 0.008852207, 0.00869825, 0.008379218, 0.008044536, 0.007871118, 0.0075114705, 0.007134618, 0.006939512, 0.006535906, 0.0061140764, 0.005673593, 0.005446294, 0.004979427, 0.00451217, 0.004295811, 0.0040022945, 0.004250767, 0.0057380237, 0, 0, 0, 0, 0, 0
0, 0, 0, 0, 0, 0, 0, 0.0058596185, 0.0043417485, 0.0041006403, 0.004415904, 0.004644631, 0.0051360414, 0.0056234132, 0.0058591394, 0.0063125957, 0.006743295, 0.007153498, 0.0073518683, 0.007736966, 0.008107996, 0.008288822, 0.00864104, 0.008980884, 0.0091460245, 0.00946605, 0.009772231, 0.010064107, 0.010204543, 0.010474506, 0.010730188, 0.010853008, 0.011089514, 0.011315117, 0.011531059, 0.011635753, 0.011838556, 0.01203283, 0.012126589, 0.012306805, 0.012476465, 0.01255702, 0.012709513, 0.012850614, 0.0129815005, 0.01304367, 0.013162168, 0.0132737905, 0.013327234, 0.013429089, 0.013523841, 0.013610365, 0.013650303, 0.01372311, 0.0137869185, 0.013815806, 0.013868505, 0.013916107, 0.013938582, 0.013981433, 0.0140217515, 0.014058736, 0.014075598, 0.01410463, 0.014126166, 0.014133882, 0.014143216, 0.014145483, 0.014142224, 0.014139315, 0.014131924, 0.014123948, 0.01412, 0.014111629, 0.014102205, 0.014089797, 0.014082052, 0.014062777, 0.0140379295, 0.014023454, 0.013990775, 0.013953978, 0.013934449, 0.013893825, 0.013851431, 0.013807638, 0.0137851015, 0.013737941, 0.01368761, 0.013661047, 0.013604661, 0.01354321, 0.013476541, 0.013441196, 0.013366659, 0.013287606, 0.013246485, 0.013160994, 0.013071421, 0.013024987, 0.01292872, 0.012827208, 0.012719642, 0.012663129, 0.012544232, 0.0124166235, 0.01234945, 0.012208702, 0.012059802, 0.011903643, 0.01182293, 0.011656839, 0.0114845745, 0.011396045, 0.011213873, 0.011023429, 0.010924692, 0.010719425, 0.010503232, 0.010276141, 0.010158676, 0.00991651, 0.0096653085, 0.00953659, 0.009272772, 0.008999826, 0.008715634, 0.008568687, 0.008263344, 0.007941658, 0.0077743656, 0.0074266526, 0.007062372, 0.0068742586, 0.006486746, 0.006085315, 0.0056701647, 0.0054574027, 0.0050222017, 0.0045849914, 0.004378428, 0.004065645, 0.004107731, 0.0046727243, 0, 0, 0, 0, 0, 0
0, 0, 0, 0, 0, 0, 0, 0.0047553875, 0.0041781412, 0.00413744, 0.004464195, 0.00468049, 0.0051397, 0.005596553, 0.005818799, 0.006248729, 0.0066589573, 0.0070508416, 0.007240636, 0.007609548, 0.007966198, 0.008140452, 0.008481395, 0.008811509, 0.008972176, 0.009283664, 0.009580999, 0.009863308, 0.009998761, 0.010258759, 0.010505293, 0.010624032, 0.010853638, 0.011073741, 0.011284912, 0.011387217, 0.011584921, 0.011772872, 0.011862955, 0.012035029, 0.012196338, 0.0122730415, 0.012419227, 0.012557102, 0.012688394, 0.012751933, 0.012875155, 0.012992949, 0.013049455, 0.013156809, 0.013255243, 0.013343773, 0.013384187, 0.0134578375, 0.013523319, 0.013553614, 0.013610645, 0.013664603, 0.013690674, 0.01374128, 0.013788568, 0.013830889, 0.013849424, 0.013880424, 0.01390247, 0.013910154, 0.013919911, 0.013923604, 0.01392348, 0.013922569, 0.013920032, 0.0139168305, 0.013914858, 0.013909144, 0.013900116, 0.013886277, 0.013877285, 0.013855474, 0.013828766, 0.013813907, 0.01378154, 0.013745923, 0.0137269255, 0.013686527, 0.013642679, 0.013594656, 0.0135690505, 0.013514689, 0.013456468, 0.013426186, 0.013363917, 0.013299209, 0.013232069, 0.013197146, 0.013124288, 0.013046361, 0.013005193, 0.012918233, 0.012824783, 0.012775601, 0.012673411, 0.012566398, 0.012455282, 0.012398082, 0.012279871, 0.012155203, 0.012090012, 0.011953141, 0.01180761, 0.011653345, 0.011573298, 0.011408044, 0.01123731, 0.011150181, 0.010972509, 0.010789495, 0.0106955115, 0.010501402, 0.01029769, 0.010083345, 0.009972117, 0.009742049, 0.009502502, 0.00937958, 0.009127726, 0.008867424, 0.008597288, 0.008457722, 0.008168603, 0.007864533, 0.007706605, 0.0073792543, 0.0070368, 0.00686026, 0.0064971894, 0.0061208587, 0.0057295472, 0.0055271415, 0.0051052445, 0.0046604355, 0.0044345823, 0.0040204986, 0.0038068702, 0.0039863996, 0, 0, 0, 0, 0, 0
0, 0, 0, 0, 0, 0, 0, 0.0040154653, 0.0038308024, 0.0040465766, 0.0044723423, 0.0047071073, 0.0051745255, 0.0056215203, 0.0058361907, 0.006248216, 0.006639302, 0.0070114904, 0.007191299, 0.0075401436, 0.007876455, 0.008040556, 0.008361025, 0.0086707985, 0.008821222, 0.009112377, 0.009389531, 0.009652488, 0.009778844, 0.010022402, 0.0102554625, 0.010368657, 0.0105894385, 0.010802936, 0.011008569, 0.011108085, 0.011299609, 0.01148027, 0.011566315, 0.011729885, 0.011883017, 0.01195622, 0.01209717, 0.012232638, 0.01236412, 0.012428581, 0.012554236, 0.0126743745, 0.012731895, 0.012840307, 0.012939085, 0.013027763, 0.013068578, 0.013144017, 0.013213098, 0.013245863, 0.013309061, 0.013369473, 0.013398573, 0.013453901, 0.013504072, 0.013547328, 0.01356604, 0.013597051, 0.013620361, 0.013629494, 0.0136441, 0.013655501, 0.013664852, 0.013669051, 0.0136759505, 0.013680264, 0.013680943, 0.01367831, 0.013669326, 0.013653605, 0.013643463, 0.013619541, 0.013592407, 0.013578017, 0.013548123, 0.01351635, 0.013499337, 0.013462203, 0.013419517, 0.013370171, 0.013342878, 0.013283348, 0.013218734, 0.013185277, 0.013117264, 0.013048869, 0.012979881, 0.012944852, 0.012872255, 0.012794569, 0.012753072, 0.012664107, 0.012566701, 0.0125150895, 0.012407138, 0.012294865, 0.012180358, 0.01212233, 0.012004979, 0.011883899, 0.011821419, 0.011691151, 0.011552603, 0.011405202, 0.011328327, 0.011169131, 0.011004395, 0.010920524, 0.010750343, 0.010576833, 0.010488456, 0.01030714, 0.010117958, 0.009919066, 0.009815696, 0.009601012, 0.009376451, 0.009260673, 0.00902316, 0.008777651, 0.00852361, 0.008392967, 0.008123245, 0.007841113, 0.0076952484, 0.0073935483, 0.007078501, 0.006915977, 0.0065807947, 0.006230655, 0.0058615343, 0.0056676124, 0.005255284, 0.0048056254, 0.0045698076, 0.0041155564, 0.0038301917, 0.003914023, 0, 0, 0, 0, 0, 0
0, 0, 0, 0, 0, 0, 0, 0.003900667, 0.003814569, 0.004104526, 0.004571565, 0.004816712, 0.0052901213, 0.005729796, 0.0059373775, 0.0063312217, 0.0067002815, 0.0070485026, 0.0072158608, 0.00753913, 0.007849177, 0.007999852, 0.008292871, 0.008574707, 0.008711015, 0.008974259, 0.009224251, 0.009461693, 0.009576246, 0.009798433, 0.010013695, 0.010119363, 0.010327524, 0.010530955, 0.010727849, 0.010823335, 0.011006953, 0.011179642, 0.011261777, 0.011418008, 0.0115649905, 0.011635788, 0.011773441, 0.011907329, 0.0120382635, 0.012102411, 0.012227049, 0.012345259, 0.012401387, 0.012506969, 0.012603493, 0.012691609, 0.012733044, 0.01281164, 0.012886338, 0.012922433, 0.012992634, 0.013059133, 0.013090547, 0.013148677, 0.013199591, 0.013242477, 0.013261069, 0.013293261, 0.013320285, 0.013332613, 0.013355887, 0.01337833, 0.013399832, 0.013409794, 0.013426924, 0.013438562, 0.013441621, 0.013441431, 0.013432576, 0.013415982, 0.013405282, 0.013381105, 0.013354967, 0.013341685, 0.0133149745, 0.01328702, 0.013272098, 0.013238795, 0.0131989205, 0.013150821, 0.013123599, 0.013063137, 0.012996427, 0.012961688, 0.012890827, 0.012819761, 0.012748569, 0.012712685, 0.012638534, 0.012559263, 0.012516915, 0.012425849, 0.012325977, 0.01227309, 0.012162608, 0.012048233, 0.011932561, 0.011874628, 0.011758607, 0.011641148, 0.011581332, 0.011457701, 0.011327191, 0.0111887185, 0.0111165065, 0.010966692, 0.010811431, 0.010732271, 0.010571811, 0.010408794, 0.010326121, 0.010157258, 0.009982209, 0.009799007, 0.009703969, 0.009506587, 0.009299796, 0.009193193, 0.0089740725, 0.008747842, 0.008514333, 0.008394566, 0.008148352, 0.007891801, 0.007759457, 0.0074856607, 0.007199146, 0.0070507983, 0.006743021, 0.006417954, 0.006070475, 0.0058859643, 0.005489987, 0.0050557256, 0.004829945, 0.0044165677, 0.0042843614, 0.0050780997, 0.0060364506, 0, 0, 0, 0, 0
0, 0, 0, 0, 0, 0, 0.006047846, 0.0050746594, 0.004272384, 0.004407382, 0.0048316955, 0.005065525, 0.0055200807, 0.005938984, 0.0061347247, 0.0065021124, 0.006841925, 0.007159488, 0.0073113814, 0.0076037296, 0.007883275, 0.008018748, 0.008281855, 0.008534131, 0.008655976, 0.008890778, 0.009113723, 0.009325918, 0.009428593, 0.009628647, 0.00982407, 0.009920641, 0.010111832, 0.0102999015, 0.010482978, 0.0105720125, 0.010743834, 0.010906255, 0.010983897, 0.011132681, 0.011274244, 0.011343048, 0.0114778355, 0.011609552, 0.011737954, 0.011800506, 0.011921191, 0.012034581, 0.012088181, 0.012189308, 0.012283118, 0.012371085, 0.012413632, 0.012496438, 0.012577304, 0.01261692, 0.012693631, 0.012765412, 0.012798801, 0.012859497, 0.012911658, 0.012955969, 0.012975681, 0.013011632, 0.013044978, 0.013061219, 0.013093731, 0.0131259505, 0.013156427, 0.013170282, 0.0131935, 0.013208929, 0.013213222, 0.013214693, 0.013207195, 0.0131925065, 0.013183139, 0.013161866, 0.013138925, 0.013127124, 0.01310314, 0.013077428, 0.013063436, 0.013031963, 0.01299431, 0.012949124, 0.0129235, 0.012866753, 0.012803696, 0.012770529, 0.012701907, 0.012631381, 0.012559426, 0.012522568, 0.012446336, 0.012365153, 0.012322207, 0.012230768, 0.012132195, 0.012080361, 0.0119728055, 0.011861638, 0.011749016, 0.011692597, 0.011579328, 0.01146504, 0.011407056, 0.011288293, 0.011164172, 0.011033808, 0.01096612, 0.010826093, 0.010680999, 0.010606963, 0.010456512, 0.010303318, 0.010225558, 0.010067127, 0.009903597, 0.009733964, 0.00964654, 0.009466002, 0.009278016, 0.009181371, 0.0089833215, 0.008779409, 0.008569412, 0.00846176, 0.008240572, 0.008010031, 0.007890749, 0.007643178, 0.0073824236, 0.00724656, 0.0069626337, 0.006659743, 0.006333048, 0.0061586895, 0.005782698, 0.005367649, 0.0051494236, 0.004732201, 0.0044976817, 0.004769815, 0.0050813565, 0, 0, 0, 0, 0
0, 0, 0, 0, 0, 0, 0.0051191277, 0.0048020463, 0.004522057, 0.004756926, 0.005180831, 0.0054040253, 0.0058307787, 0.0062187333, 0.006398285, 0.0067323754, 0.007038449, 0.0073225796, 0.007458014, 0.0077186385, 0.007968127, 0.008089354, 0.008325186, 0.008552122, 0.008661983, 0.008874102, 0.009076029, 0.009268599, 0.009361782, 0.009543317, 0.009720272, 0.00980753, 0.009980091, 0.0101494985, 0.010314627, 0.010395177, 0.01055131, 0.010700541, 0.010772594, 0.010912242, 0.011047151, 0.011113221, 0.011243178, 0.0113703525, 0.011493818, 0.011553694, 0.011668736, 0.011776692, 0.011827921, 0.011925434, 0.012017705, 0.012106535, 0.012150192, 0.012236564, 0.012321682, 0.012363413, 0.012443997, 0.012518708, 0.01255331, 0.012616161, 0.012670846, 0.012718828, 0.012740926, 0.012782694, 0.012822741, 0.012842314, 0.012880795, 0.01291738, 0.012950348, 0.012964678, 0.012988097, 0.013003287, 0.013007837, 0.013010953, 0.0130073605, 0.012998537, 0.012992476, 0.01297812, 0.012960996, 0.012951325, 0.012929847, 0.012904792, 0.012890624, 0.012858958, 0.012822165, 0.012780255, 0.012757297, 0.012707556, 0.012652925, 0.012623787, 0.012562117, 0.012496199, 0.012426056, 0.012389344, 0.012312617, 0.01223134, 0.012188919, 0.012100544, 0.012007631, 0.011959516, 0.011860386, 0.011757842, 0.011652463, 0.011598909, 0.011489998, 0.011378692, 0.011321929, 0.011205905, 0.011085991, 0.010961557, 0.01089753, 0.010765972, 0.01062985, 0.010560381, 0.010418687, 0.010273435, 0.010199381, 0.010048307, 0.009892848, 0.009732808, 0.009651045, 0.009483699, 0.009311261, 0.009223224, 0.009043526, 0.008859173, 0.0086693475, 0.008571959, 0.008371228, 0.008161113, 0.0080520045, 0.007824475, 0.0075830407, 0.0074566654, 0.0071909744, 0.006905945, 0.006597383, 0.006432528, 0.0060766093, 0.005680896, 0.0054689613, 0.005041364, 0.0047161, 0.0047302595, 0.004873202, 0, 0, 0, 0, 0
0, 0, 0, 0, 0, 0, 0.0049124337, 0.0047702384, 0.0047614216, 0.0050937543, 0.005527596, 0.005742094, 0.006141607, 0.006498302, 0.0066622756, 0.006966198, 0.0072438056, 0.007501016, 0.0076236753, 0.007859767, 0.008086227, 0.0081966445, 0.00841226, 0.008621001, 0.008722599, 0.008919737, 0.009108516, 0.00928878, 0.009375878, 0.009544908, 0.009708031, 0.009787815, 0.009944075, 0.010096188, 0.010244013, 0.0103162145, 0.010456853, 0.010592731, 0.010659063, 0.010788821, 0.010915441, 0.0109777525, 0.011100392, 0.0112203155, 0.011336748, 0.011393223, 0.011502234, 0.011605581, 0.011655189, 0.011750678, 0.011842492, 0.011931741, 0.011975826, 0.012062642, 0.012147516, 0.012188822, 0.012268156, 0.012341719, 0.01237599, 0.012439176, 0.0124961, 0.012547982, 0.0125725055, 0.012619475, 0.0126639, 0.012685151, 0.0127250645, 0.01276036, 0.012790031, 0.01280237, 0.012822007, 0.012835296, 0.012839964, 0.012846085, 0.012849099, 0.012849317, 0.012848337, 0.012843517, 0.0128339995, 0.012827185, 0.012809005, 0.012784715, 0.012770379, 0.012738293, 0.012702541, 0.012664253, 0.012644322, 0.012602681, 0.01255801, 0.0125339795, 0.012481631, 0.012422944, 0.012357447, 0.012322498, 0.012248291, 0.012169891, 0.012129529, 0.012047262, 0.011963074, 0.011920129, 0.011832167, 0.011740681, 0.011644786, 0.011594953, 0.011491597, 0.011383694, 0.01132818, 0.011214515, 0.011097637, 0.010977873, 0.010916863, 0.010792261, 0.010663935, 0.010598128, 0.010463174, 0.010323615, 0.010251975, 0.010105253, 0.009954053, 0.009799147, 0.009720419, 0.009560143, 0.009396385, 0.009313004, 0.009143096, 0.008968536, 0.008788241, 0.008695513, 0.008503966, 0.0083029, 0.008198448, 0.007980461, 0.00774888, 0.0076273265, 0.0073719346, 0.007097747, 0.0068013235, 0.006643292, 0.006303406, 0.0059275404, 0.005727512, 0.0053316206, 0.005083732, 0.0054556876, 0.0061637475, 0, 0, 0, 0, 0
0, 0, 0, 0, 0, 0, 0.006214227, 0.0055008, 0.00513362, 0.0053897123, 0.0057905493, 0.005991482, 0.006366134, 0.0067015495, 0.0068562757, 0.00714477, 0.0074099866, 0.007656601, 0.0077742897, 0.008000287, 0.008216222, 0.008321127, 0.008525768, 0.008724043, 0.008820848, 0.009009511, 0.009191221, 0.009365458, 0.009449595, 0.009612259, 0.0097676255, 0.009842797, 0.009988927, 0.010129976, 0.010266439, 0.010333182, 0.010463709, 0.010590711, 0.010652964, 0.010775092, 0.010894056, 0.010952401, 0.011066888, 0.011178293, 0.011286461, 0.011339353, 0.011442333, 0.011541777, 0.011590125, 0.011684067, 0.011774821, 0.011862478, 0.0119052045, 0.011988105, 0.012067394, 0.012105526, 0.012178086, 0.012245978, 0.012278008, 0.012338763, 0.012395636, 0.012449198, 0.012474923, 0.012523953, 0.0125694135, 0.012590464, 0.012628243, 0.0126596745, 0.012684469, 0.012694576, 0.012710994, 0.01272372, 0.012729434, 0.012740124, 0.01275041, 0.012759676, 0.012763407, 0.012767568, 0.012765633, 0.012761816, 0.012748033, 0.012726736, 0.012713632, 0.012683843, 0.012651283, 0.012617765, 0.012600842, 0.012566568, 0.012530359, 0.012510691, 0.012466958, 0.012415854, 0.0123570785, 0.012325017, 0.012256647, 0.01218419, 0.0121471565, 0.012072455, 0.0119972415, 0.0119592035, 0.01188147, 0.011799832, 0.011712631, 0.011666518, 0.011569333, 0.011465891, 0.011412211, 0.011302012, 0.011189059, 0.011074142, 0.011015889, 0.01089728, 0.010774949, 0.010711944, 0.010581696, 0.010445405, 0.010374995, 0.010229972, 0.010080012, 0.0099259615, 0.009847538, 0.009687982, 0.009524438, 0.009440878, 0.009269594, 0.009092161, 0.008907486, 0.0088122, 0.00861522, 0.008409131, 0.008302404, 0.008080825, 0.00784693, 0.007724723, 0.007468348, 0.007193729, 0.006897213, 0.006739281, 0.0064004743, 0.0060269036, 0.0058281324, 0.005429839, 0.0051394114, 0.005258514, 0.0055784965, 0, 0, 0, 0, 0
0, 0, 0, 0, 0, 0, 0.0056311595, 0.0053071515, 0.0051864535, 0.0054781786, 0.0058760582, 0.006073672, 0.006444013, 0.006779658, 0.006936335, 0.0072314725, 0.007505899, 0.0077623357, 0.007884395, 0.008117279, 0.008336867, 0.008442345, 0.00864603, 0.008841775, 0.00893705, 0.009122912, 0.009302588, 0.009475635, 0.009559357, 0.009720852, 0.009874607, 0.009948684, 0.010091953, 0.010229628, 0.010362997, 0.01042834, 0.010556474, 0.010681321, 0.010742381, 0.010861356, 0.010975819, 0.011031321, 0.011138871, 0.0112423925, 0.011342699, 0.011391913, 0.011488802, 0.0115836, 0.011630191, 0.011721256, 0.011808751, 0.011891806, 0.011931448, 0.012006836, 0.012076844, 0.01210999, 0.012172967, 0.012232518, 0.012261291, 0.012317251, 0.01237123, 0.012423204, 0.0124481665, 0.012495499, 0.0125383455, 0.012557775, 0.012592136, 0.012620279, 0.012642954, 0.012652546, 0.012669672, 0.012685002, 0.012692603, 0.012707783, 0.01272301, 0.012737246, 0.012743225, 0.012751872, 0.0127543295, 0.012752843, 0.012744085, 0.012728468, 0.012718465, 0.012695279, 0.0126693435, 0.0126422085, 0.012628414, 0.0125999525, 0.012569349, 0.012552506, 0.01251486, 0.012470709, 0.012419449, 0.012391482, 0.012331387, 0.012267447, 0.012234587, 0.012167964, 0.012100117, 0.01206563, 0.011994746, 0.01191959, 0.011838602, 0.0117955515, 0.011704228, 0.011606532, 0.011555609, 0.011450675, 0.0113429725, 0.011233081, 0.011177291, 0.011062953, 0.010944053, 0.010882387, 0.010753893, 0.010618189, 0.010547686, 0.010401883, 0.010250207, 0.010093495, 0.010013311, 0.009849074, 0.009678962, 0.009591221, 0.009409601, 0.009218948, 0.009018869, 0.008915224, 0.008700803, 0.0084772315, 0.008361982, 0.0081242435, 0.00787511, 0.007745548, 0.0074744956, 0.0071841613, 0.006870133, 0.006702477, 0.00634174, 0.0059417062, 0.0057263556, 0.0052783317, 0.0048779966, 0.004733361, 0.0048421114, 0, 0, 0, 0, 0
0, 0, 0, 0, 0, 0, 0.0048805326, 0.0047710654, 0.004914992, 0.005313157, 0.0057568992, 0.0059698075, 0.0063666985, 0.006728539, 0.0068988013, 0.007221703, 0.007524065, 0.007806866, 0.007940977, 0.008194746, 0.0084306905, 0.008542532, 0.008755894, 0.008958244, 0.00905611, 0.009246566, 0.009430724, 0.009608355, 0.009694467, 0.009860587, 0.010018523, 0.010094395, 0.0102408035, 0.010381374, 0.010517606, 0.010584384, 0.010715613, 0.010843119, 0.010905124, 0.011024915, 0.011138118, 0.011192175, 0.0112952525, 0.011392713, 0.011486153, 0.01153194, 0.01162217, 0.011711139, 0.011754933, 0.011840627, 0.011922061, 0.011997998, 0.012033526, 0.012099794, 0.0121600935, 0.012188307, 0.012242098, 0.012293878, 0.012319469, 0.012369965, 0.012419401, 0.012466691, 0.012489266, 0.0125312265, 0.0125687355, 0.012585637, 0.012616339, 0.012642958, 0.01266656, 0.012677702, 0.0126987165, 0.012718712, 0.012728206, 0.012745948, 0.012761476, 0.012774115, 0.012779135, 0.012786038, 0.012788528, 0.012788039, 0.012783787, 0.0127755655, 0.012770019, 0.012756498, 0.012739899, 0.012720381, 0.012709597, 0.012685741, 0.012658332, 0.012643243, 0.012609695, 0.0125716785, 0.012528778, 0.012505533, 0.012455861, 0.012402337, 0.012374265, 0.0123157725, 0.012254326, 0.012222359, 0.012155443, 0.012083903, 0.012006797, 0.011966086, 0.011880215, 0.011788679, 0.011740999, 0.011642309, 0.011539855, 0.011433683, 0.011379124, 0.011265967, 0.011146595, 0.011084243, 0.010953718, 0.010815241, 0.010743098, 0.010593434, 0.01043712, 0.010274495, 0.010190891, 0.0100182295, 0.009837411, 0.009743274, 0.009546821, 0.009338471, 0.009118075, 0.009003398, 0.008765761, 0.008517746, 0.008389926, 0.0081266165, 0.007851378, 0.007708391, 0.0074092112, 0.0070883385, 0.006740395, 0.0065543973, 0.006153661, 0.005709015, 0.0054693506, 0.004964986, 0.004486896, 0.0042215246, 0.004255617, 0, 0, 0, 0, 0
0, 0, 0, 0, 0, 0, 0.0042924695, 0.0042585395, 0.0045249956, 0.005001323, 0.0055006756, 0.005737778, 0.0061795274, 0.00658376, 0.0067744358, 0.0071366173, 0.0074759056, 0.0077927783, 0.00794274, 0.008225587, 0.00848665, 0.008609688, 0.008843073, 0.009062655, 0.00916841, 0.009373547, 0.009571352, 0.009761616, 0.009853617, 0.010030709, 0.010198077, 0.010278155, 0.010431734, 0.010578173, 0.010719304, 0.010788306, 0.010923527, 0.011054356, 0.011117757, 0.01123927, 0.011352707, 0.011406152, 0.011506801, 0.011600186, 0.01168816, 0.01173082, 0.011814419, 0.011896345, 0.011936569, 0.01201474, 0.012088294, 0.012155766, 0.012187074, 0.012244668, 0.012296801, 0.012321377, 0.012368672, 0.012414858, 0.012437869, 0.012483493, 0.012527471, 0.012568311, 0.012587206, 0.012621462, 0.012651605, 0.012665414, 0.012691296, 0.012716315, 0.012741282, 0.012753811, 0.012778504, 0.012801627, 0.012811902, 0.012829098, 0.0128408875, 0.012847548, 0.012849193, 0.012850507, 0.012850081, 0.012849686, 0.012848884, 0.0128478445, 0.012846929, 0.012843391, 0.012836095, 0.012823881, 0.012815773, 0.01279572, 0.012770874, 0.0127571095, 0.0127273565, 0.012695502, 0.012661423, 0.012643494, 0.012605185, 0.012562809, 0.012539798, 0.012489974, 0.0124347, 0.012404994, 0.012341499, 0.012272749, 0.012199038, 0.012160357, 0.012079453, 0.011993773, 0.011948964, 0.011855384, 0.0117561985, 0.011651099, 0.011596009, 0.0114802895, 0.011356588, 0.011291697, 0.011155578, 0.011011038, 0.010935765, 0.0107793, 0.0106153125, 0.01044379, 0.010355155, 0.0101714125, 0.009977584, 0.009876297, 0.009664035, 0.009437957, 0.009197694, 0.009072261, 0.008811314, 0.008537502, 0.008395864, 0.008102818, 0.0077956137, 0.0076355883, 0.0073007103, 0.0069415225, 0.006552799, 0.006345629, 0.005901705, 0.0054140803, 0.0051536737, 0.004610586, 0.0040965723, 0.0037898915, 0.0037985386, 0, 0, 0, 0, 0
0, 0, 0, 0, 0, 0, 0.0038552303, 0.0038469755, 0.0041564265, 0.004671042, 0.005211006, 0.005469255, 0.0059538544, 0.0063997577, 0.006610453, 0.007010476, 0.0073846662, 0.007734169, 0.007899831, 0.008212899, 0.008503174, 0.008640416, 0.008901346, 0.009147287, 0.009265732, 0.0094952, 0.009715329, 0.009925788, 0.010026977, 0.010220498, 0.010401619, 0.010487473, 0.010650605, 0.010803864, 0.010949656, 0.011020409, 0.011158105, 0.011290531, 0.011354466, 0.011476505, 0.011589838, 0.011643022, 0.011742422, 0.011833341, 0.011917598, 0.011957879, 0.012035737, 0.012110791, 0.012147201, 0.012217318, 0.012282464, 0.012341649, 0.01236883, 0.012419135, 0.012464997, 0.012486769, 0.012529265, 0.0125711225, 0.012591886, 0.012632529, 0.012670459, 0.012703911, 0.012718726, 0.012744465, 0.012766191, 0.012776119, 0.012795727, 0.012816463, 0.01283922, 0.012851152, 0.012875378, 0.012897481, 0.0129067935, 0.0129206525, 0.012927569, 0.012928258, 0.0129270805, 0.012923577, 0.01292089, 0.012920519, 0.012922371, 0.012926679, 0.012929052, 0.0129325995, 0.012931909, 0.012924843, 0.012918794, 0.012901905, 0.012880026, 0.012867968, 0.012842674, 0.012817373, 0.012791856, 0.012778772, 0.012750533, 0.012718063, 0.012699529, 0.012657572, 0.012608365, 0.01258116, 0.012521871, 0.012457046, 0.012387532, 0.012351111, 0.012274989, 0.012193886, 0.012151065, 0.012060237, 0.011961613, 0.011854516, 0.011797677, 0.011677193, 0.0115476195, 0.011479426, 0.011336555, 0.011184816, 0.011105776, 0.010940968, 0.010767267, 0.010584658, 0.010489872, 0.010292744, 0.010084518, 0.009975686, 0.009747847, 0.009505412, 0.00924773, 0.009112989, 0.008831826, 0.008534982, 0.008380585, 0.008059812, 0.007721776, 0.007545692, 0.0071773306, 0.006784122, 0.006362013, 0.0061387746, 0.0056652874, 0.005152751, 0.0048820185, 0.0043225023, 0.0037936578, 0.0034632941, 0.0034541818, 0, 0, 0, 0, 0
0, 0, 0, 0, 0, 0, 0.0035338318, 0.003544005, 0.0038802796, 0.0044144266, 0.00497548, 0.0052458337, 0.0057569155, 0.0062301783, 0.00645436, 0.006880547, 0.007279707, 0.0076540424, 0.007832298, 0.008171579, 0.008489474, 0.008641073, 0.00893102, 0.009206156, 0.009338999, 0.009595814, 0.009841279, 0.010074296, 0.010185707, 0.0103975395, 0.010593924, 0.010686322, 0.010860214, 0.011021358, 0.011172168, 0.011244563, 0.011384142, 0.011517305, 0.011581182, 0.011703123, 0.011816254, 0.011869299, 0.011968467, 0.0120586725, 0.0121411495, 0.012180061, 0.012254076, 0.012323798, 0.012357153, 0.012420332, 0.01247815, 0.012530103, 0.012553946, 0.012597837, 0.012638035, 0.012657161, 0.012694346, 0.012730572, 0.012748286, 0.012782312, 0.0128131695, 0.012839122, 0.012849975, 0.012867928, 0.012881845, 0.012888013, 0.0129001755, 0.012913784, 0.0129298875, 0.012938725, 0.012956956, 0.012973703, 0.012980608, 0.012990523, 0.012994206, 0.01299316, 0.012991476, 0.012987681, 0.012985676, 0.012985926, 0.012989496, 0.012995921, 0.01299939, 0.013005055, 0.0130064385, 0.013001583, 0.012996647, 0.012982586, 0.01296448, 0.0129546225, 0.0129346745, 0.012915258, 0.012896167, 0.012886274, 0.012864527, 0.012837903, 0.012822223, 0.012785173, 0.012740769, 0.012715877, 0.012661505, 0.012601656, 0.012537227, 0.012503358, 0.012431599, 0.012353458, 0.012311507, 0.012221027, 0.0121209035, 0.012010948, 0.011952309, 0.011827807, 0.011694011, 0.011623683, 0.011476216, 0.011319353, 0.011237236, 0.011065078, 0.010882033, 0.010687773, 0.010586523, 0.010375329, 0.010152132, 0.010035686, 0.009792714, 0.009535351, 0.009262683, 0.009120328, 0.008823072, 0.008508356, 0.0083443755, 0.008003046, 0.00764349, 0.007456451, 0.0070669255, 0.006655097, 0.006218654, 0.005990417, 0.005512221, 0.0050027557, 0.004736335, 0.0041887555, 0.0036668987, 0.0033193345, 0.0032883978, 0, 0, 0, 0, 0
0, 0, 0, 0, 0, 0, 0.0033701584, 0.0034035696, 0.003762274, 0.004296486, 0.004853342, 0.0051228637, 0.0056360303, 0.0061154487, 0.0063437712, 0.006779936, 0.007191018, 0.00757955, 0.0077658514, 0.008123395, 0.008462148, 0.008624898, 0.008938051, 0.009236275, 0.00938029, 0.009658231, 0.009922883, 0.010173021, 0.010292272, 0.010518776, 0.010728433, 0.010827043, 0.01101212, 0.011182573, 0.011340499, 0.0114155235, 0.011558917, 0.011694005, 0.0117585715, 0.011881378, 0.011995264, 0.012048765, 0.012148898, 0.012240018, 0.012322781, 0.012361433, 0.012433841, 0.012500518, 0.012531876, 0.01259056, 0.012643381, 0.012690222, 0.012711486, 0.012750081, 0.012784517, 0.01280053, 0.012830686, 0.012858946, 0.012872432, 0.012897995, 0.012920745, 0.012939562, 0.0129473405, 0.012959584, 0.012968244, 0.0129715875, 0.012977521, 0.012983657, 0.012990929, 0.012995188, 0.013004334, 0.0130134085, 0.013017408, 0.01302367, 0.013027295, 0.013028577, 0.013028643, 0.013028745, 0.013029675, 0.013030769, 0.013034376, 0.013038934, 0.013041071, 0.013043786, 0.013042888, 0.0130374, 0.01303308, 0.013021709, 0.013007963, 0.013000654, 0.012985597, 0.012970188, 0.0129539855, 0.012945003, 0.012924308, 0.012898417, 0.012883126, 0.012847578, 0.0128057115, 0.012782587, 0.012732346, 0.012677369, 0.012617572, 0.012585672, 0.012516903, 0.012440063, 0.012398089, 0.012306627, 0.012204848, 0.012093111, 0.0120337745, 0.011908368, 0.011774112, 0.011703646, 0.011555712, 0.011397511, 0.011314039, 0.011137782, 0.01094816, 0.010744969, 0.010638383, 0.010415418, 0.010179501, 0.010056622, 0.009800883, 0.009531251, 0.00924703, 0.009099148, 0.008791084, 0.008465926, 0.008296947, 0.007946109, 0.00757842, 0.007388253, 0.006994983, 0.006584167, 0.0061551416, 0.0059334235, 0.005474907, 0.0049952376, 0.004747911, 0.004246966, 0.0037823818, 0.0034969556, 0.0034903123, 0, 0, 0, 0, 0
0, 0, 0, 0, 0, 0, 0.0035531463, 0.0035645599, 0.003866219, 0.0043493058, 0.0048665786, 0.0051207007, 0.005610798, 0.0060758125, 0.006299312, 0.0067297546, 0.0071398187, 0.0075312564, 0.0077204513, 0.00808617, 0.00843526, 0.008603647, 0.008928282, 0.009237244, 0.0093859965, 0.009672267, 0.009943598, 0.010199916, 0.010322352, 0.010555798, 0.01077384, 0.01087711, 0.011072155, 0.011252499, 0.0114194015, 0.011498334, 0.011647866, 0.011787425, 0.011853565, 0.011978868, 0.012094894, 0.012149432, 0.012251646, 0.01234467, 0.0124289, 0.012467912, 0.012540322, 0.012605991, 0.012636615, 0.012693154, 0.012743627, 0.012787996, 0.01280785, 0.012843269, 0.012873216, 0.012886317, 0.012909397, 0.012929124, 0.012938138, 0.012954799, 0.012969855, 0.012982997, 0.012988736, 0.012998173, 0.013005084, 0.013007399, 0.013010363, 0.0130114425, 0.013011571, 0.013011677, 0.013012366, 0.013013972, 0.013015148, 0.013018499, 0.0130226705, 0.01302724, 0.013029525, 0.013033655, 0.013036736, 0.013037861, 0.013038888, 0.013038233, 0.013037263, 0.013033695, 0.013028155, 0.013020907, 0.013016798, 0.013007979, 0.012998275, 0.012993029, 0.012981164, 0.0129671395, 0.012949878, 0.01293972, 0.012915902, 0.012886792, 0.0128702205, 0.012833459, 0.01279228, 0.012770132, 0.0127226785, 0.0126706995, 0.0126133375, 0.0125822, 0.012514051, 0.012436785, 0.012394329, 0.012301816, 0.01219945, 0.012088279, 0.012029592, 0.011906142, 0.011774504, 0.011705411, 0.011559686, 0.011402919, 0.0113197705, 0.011142923, 0.010951085, 0.01074423, 0.010635296, 0.01040689, 0.010164787, 0.010038797, 0.009776668, 0.009501188, 0.009211894, 0.009061919, 0.008750681, 0.008424368, 0.008255564, 0.007907151, 0.007544757, 0.0073586586, 0.0069765993, 0.0065817656, 0.00617426, 0.0059656994, 0.0055386648, 0.005098713, 0.004875115, 0.004433349, 0.0040611154, 0.003984857, 0.004224756, 0.0057390225, 0, 0, 0, 0
0, 0, 0, 0, 0, 0.0058120186, 0.004281269, 0.0040438464, 0.0041338396, 0.0045238095, 0.0049827783, 0.005214246, 0.0056678695, 0.006105395, 0.0063179526, 0.0067309784, 0.007128938, 0.0075126905, 0.007699355, 0.00806214, 0.008409988, 0.008578009, 0.008901584, 0.009208342, 0.009355376, 0.0096373195, 0.009903734, 0.01015588, 0.010276938, 0.010509513, 0.010729794, 0.010835341, 0.011036786, 0.011224878, 0.011399667, 0.011482189, 0.011637999, 0.0117821805, 0.011850086, 0.0119782025, 0.012096666, 0.012152286, 0.012256674, 0.012351759, 0.012437644, 0.012477261, 0.012550228, 0.012615907, 0.012646198, 0.012702403, 0.012752831, 0.01279745, 0.0128175765, 0.012852926, 0.012881746, 0.012893677, 0.012912909, 0.012927366, 0.012933324, 0.012943764, 0.0129533205, 0.012962996, 0.01296781, 0.012976965, 0.012984755, 0.01298778, 0.01299123, 0.012991133, 0.012987986, 0.012985603, 0.012980708, 0.012976808, 0.012975745, 0.012975907, 0.0129789235, 0.012983898, 0.012986488, 0.012990931, 0.012992669, 0.012992172, 0.012988352, 0.012981057, 0.012976553, 0.012966597, 0.012956521, 0.01294752, 0.0129435, 0.012936097, 0.012928519, 0.012924066, 0.012912714, 0.012896981, 0.012876139, 0.012863679, 0.012835166, 0.012802034, 0.012783983, 0.012745612, 0.012704332, 0.01268259, 0.012636119, 0.012584414, 0.012526421, 0.0124945445, 0.012424414, 0.012345158, 0.0123021165, 0.012209169, 0.012107938, 0.011998922, 0.011941655, 0.011821317, 0.011692592, 0.011624711, 0.011481183, 0.01132597, 0.011243577, 0.011068344, 0.010878784, 0.010674657, 0.010567223, 0.010342311, 0.010103792, 0.009979615, 0.009721223, 0.009449604, 0.009164927, 0.009017598, 0.008713067, 0.008395418, 0.008231943, 0.007896039, 0.007548909, 0.0073714205, 0.007008472, 0.006635392, 0.006251952, 0.0060562473, 0.005656186, 0.005243676, 0.0050330907, 0.0046118204, 0.0042368188, 0.0040679285, 0.0041564396, 0.004725722, 0, 0, 0, 0
0, 0, 0, 0, 0, 0.0041412273, 0.0039597913, 0.0040270416, 0.004371586, 0.0048136082, 0.0052529094, 0.005463464, 0.0058666305, 0.006250615, 0.0064371177, 0.006800631, 0.0071535814, 0.007496669, 0.007664577, 0.007992829, 0.008309612, 0.008463178, 0.008759682, 0.009041297, 0.009176438, 0.009435859, 0.009681802, 0.009915991, 0.010029236, 0.010248987, 0.01046011, 0.010562283, 0.010759231, 0.010945102, 0.011118765, 0.011200842, 0.011355698, 0.011498835, 0.011566344, 0.011694213, 0.011813374, 0.011869923, 0.011976912, 0.012075257, 0.012164584, 0.012205875, 0.012281722, 0.012349655, 0.01238101, 0.012439663, 0.012493965, 0.012544621, 0.012568612, 0.012613211, 0.012652252, 0.012669269, 0.012697656, 0.012718726, 0.012726949, 0.012739772, 0.012749625, 0.012758631, 0.012763359, 0.012773552, 0.012784182, 0.012789168, 0.012797162, 0.0128014, 0.012801196, 0.012799716, 0.012794728, 0.012788407, 0.012785255, 0.01277953, 0.012775082, 0.012771131, 0.0127689745, 0.012763157, 0.01275421, 0.012748425, 0.012734481, 0.012718552, 0.012710338, 0.012694421, 0.012679922, 0.012667214, 0.012661194, 0.012648939, 0.012634432, 0.012625675, 0.012604436, 0.012577972, 0.012547061, 0.012530298, 0.0124948695, 0.012457691, 0.012438554, 0.0123988055, 0.012356036, 0.012332835, 0.012281644, 0.012222547, 0.012155176, 0.012118657, 0.012040427, 0.011956253, 0.0119122565, 0.011820488, 0.011723334, 0.011619488, 0.011564674, 0.01144787, 0.011320413, 0.011252448, 0.011108159, 0.010953623, 0.010872868, 0.010704968, 0.01052897, 0.010345037, 0.010249901, 0.010052628, 0.0098446915, 0.0097363265, 0.009510345, 0.009272122, 0.009022083, 0.008893016, 0.008627002, 0.008350637, 0.008208673, 0.007916795, 0.0076140407, 0.007458192, 0.007136929, 0.006802173, 0.0064528235, 0.0062722233, 0.00589736, 0.005499637, 0.0052899355, 0.0048471456, 0.004389895, 0.004008113, 0.0039102836, 0.0040039783, 0, 0, 0, 0
0, 0, 0, 0, 0, 0.004054674, 0.00396318, 0.0040634335, 0.0044488325, 0.0049056835, 0.0053437855, 0.0055497, 0.0059382366, 0.006302633, 0.0064780116, 0.006817802, 0.0071451226, 0.0074619255, 0.0076167095, 0.007919043, 0.008211681, 0.008354145, 0.0086310655, 0.008896648, 0.009025134, 0.0092734555, 0.009510521, 0.00973696, 0.009846393, 0.010058207, 0.0102605885, 0.010358109, 0.010545412, 0.010721739, 0.010886662, 0.010964862, 0.011112951, 0.011250982, 0.011316521, 0.011441906, 0.011560295, 0.011617051, 0.011725432, 0.0118265385, 0.011919414, 0.011962582, 0.012042564, 0.012114542, 0.012147873, 0.012210304, 0.012268271, 0.012323276, 0.01234981, 0.012400726, 0.01244737, 0.012468768, 0.012506321, 0.012536797, 0.012549414, 0.012569789, 0.0125852525, 0.012597634, 0.012603321, 0.012614512, 0.012625801, 0.012631155, 0.012640859, 0.012647964, 0.012651716, 0.012652391, 0.012651512, 0.0126484865, 0.012646274, 0.01264094, 0.012634778, 0.012627473, 0.012623304, 0.012613332, 0.012600808, 0.012593596, 0.012577853, 0.012561128, 0.012552664, 0.01253605, 0.012519601, 0.012502862, 0.012493951, 0.012474313, 0.012450933, 0.012437549, 0.0124072265, 0.012372882, 0.012335973, 0.012316881, 0.012278128, 0.012238513, 0.012218137, 0.012175322, 0.012128183, 0.012102192, 0.01204455, 0.011978436, 0.011904556, 0.011865164, 0.011782655, 0.0116964085, 0.011652088, 0.011560806, 0.0114649655, 0.011362709, 0.011308386, 0.011192338, 0.011065238, 0.010997487, 0.010854715, 0.010703411, 0.010625289, 0.010464918, 0.010299533, 0.010129004, 0.010041304, 0.009860085, 0.009669473, 0.009570053, 0.009362844, 0.009144619, 0.008916423, 0.008798932, 0.008557455, 0.008306993, 0.008178202, 0.007912611, 0.0076348362, 0.00749072, 0.0071910005, 0.006874674, 0.006540603, 0.0063665104, 0.0060026553, 0.0056144376, 0.0054098153, 0.0049810996, 0.004555507, 0.00426779, 0.004286815, 0.005116689, 0, 0, 0, 0
0, 0, 0, 0, 0, 0.0051717497, 0.0043247803, 0.0042987787, 0.0045730267, 0.004985253, 0.005400505, 0.0055981977, 0.0059719244, 0.0063207964, 0.0064874664, 0.006807725, 0.0071127196, 0.007404735, 0.007546514, 0.007822571, 0.008089629, 0.008220071, 0.008475115, 0.008722329, 0.008842919, 0.009077766, 0.009303558, 0.009519832, 0.009624182, 0.00982551, 0.010016688, 0.010108488, 0.0102843465, 0.010450127, 0.010606082, 0.010680578, 0.010822912, 0.010957193, 0.011021657, 0.0111458665, 0.011264597, 0.011322089, 0.011432988, 0.011537847, 0.0116357505, 0.011681898, 0.011768357, 0.01184727, 0.011884144, 0.011952946, 0.012016739, 0.012077114, 0.012106316, 0.012162916, 0.012216398, 0.012241627, 0.012287991, 0.01232831, 0.012345991, 0.012376369, 0.0124007985, 0.012420102, 0.012428525, 0.012443703, 0.012457623, 0.012464281, 0.012476534, 0.012487158, 0.012495625, 0.012498912, 0.012503673, 0.012505619, 0.012505515, 0.012503198, 0.012498502, 0.0124914255, 0.012486983, 0.0124764405, 0.01246337, 0.012456051, 0.012440281, 0.012423396, 0.012414579, 0.012396027, 0.012375668, 0.012352654, 0.012339897, 0.012311305, 0.0122781815, 0.012259936, 0.0122204535, 0.012178099, 0.012134429, 0.012112462, 0.012068129, 0.012022632, 0.0119990045, 0.011948978, 0.0118933795, 0.011862985, 0.011796391, 0.0117220795, 0.011641495, 0.01159941, 0.0115129305, 0.01142449, 0.011379528, 0.011287563, 0.011191445, 0.011089085, 0.011034871, 0.010919428, 0.010794312, 0.010728247, 0.010590424, 0.01044682, 0.010373381, 0.010223839, 0.010070843, 0.009913296, 0.009832169, 0.0096643185, 0.009487352, 0.009395169, 0.0092032645, 0.009002253, 0.008793798, 0.00868712, 0.00846892, 0.008243494, 0.008127517, 0.007887695, 0.0076351734, 0.0075033014, 0.0072267447, 0.006931797, 0.006616976, 0.0064517073, 0.00610373, 0.0057291533, 0.00553038, 0.0051105786, 0.0046841325, 0.004353978, 0.0043015233, 0.004635746, 0, 0, 0, 0
0, 0, 0, 0, 0, 0.0046710013, 0.0042891554, 0.0043174513, 0.0046085184, 0.0050086584, 0.0054116184, 0.0056042434, 0.0059687584, 0.006307726, 0.0064686323, 0.0067749303, 0.007062696, 0.007334366, 0.0074651106, 0.007717843, 0.007960943, 0.00807954, 0.008311731, 0.008537856, 0.0086486535, 0.008865441, 0.0090746265, 0.009275227, 0.009372183, 0.009559208, 0.009737186, 0.009822992, 0.009988169, 0.0101457415, 0.010296253, 0.010369011, 0.0105097005, 0.010644156, 0.010709115, 0.010834853, 0.010955614, 0.011014336, 0.011128067, 0.011236969, 0.011340541, 0.011390143, 0.011484646, 0.011572775, 0.011614279, 0.01169248, 0.011764873, 0.0118326675, 0.011865081, 0.011927743, 0.01198739, 0.01201596, 0.012070031, 0.012119683, 0.01214253, 0.012184185, 0.012220137, 0.012250426, 0.012263769, 0.012287685, 0.012308674, 0.012318354, 0.012336135, 0.012351978, 0.01236579, 0.012371809, 0.012381986, 0.012389122, 0.012391358, 0.012393269, 0.012391777, 0.012387208, 0.012383734, 0.012374817, 0.012362807, 0.012355764, 0.012339824, 0.012321555, 0.012311433, 0.012288852, 0.012262681, 0.012232337, 0.012215576, 0.0121787805, 0.012137745, 0.012115722, 0.012069163, 0.012020129, 0.011969602, 0.011943891, 0.011891403, 0.011836436, 0.011807602, 0.011746368, 0.011679478, 0.011643636, 0.011567146, 0.0114848865, 0.011398226, 0.011353863, 0.011263814, 0.011172412, 0.011126031, 0.011031102, 0.010932001, 0.010827179, 0.010772212, 0.010656712, 0.010534093, 0.010470484, 0.010339752, 0.010205903, 0.010138011, 0.010000266, 0.009858883, 0.009712109, 0.009636074, 0.009478023, 0.009311101, 0.009224263, 0.009044476, 0.008857934, 0.008666379, 0.008569089, 0.0083711045, 0.008167418, 0.008062649, 0.007845531, 0.007615808, 0.0074954582, 0.007242143, 0.0069702454, 0.0066782148, 0.0065240003, 0.0061965943, 0.005838498, 0.0056452616, 0.005226047, 0.0047702044, 0.0043363846, 0.004178182, 0.0041476586, 0, 0, 0, 0
0, 0, 0, 0, 0, 0.0040412503, 0.0040026777, 0.0041325632, 0.0045287767, 0.0049673743, 0.0053826566, 0.0055769524, 0.0059403093, 0.0062737847, 0.0064305696, 0.0067263865, 0.0070009283, 0.007256901, 0.0073790085, 0.007613231, 0.007836528, 0.007944764, 0.008155956, 0.008360859, 0.008461148, 0.008657109, 0.008846324, 0.009028148, 0.009116257, 0.009287346, 0.009452206, 0.009532645, 0.009689853, 0.009842876, 0.009991933, 0.010064985, 0.010207736, 0.010345373, 0.01041205, 0.010541072, 0.010664633, 0.010724579, 0.01084106, 0.010953541, 0.011062181, 0.011115086, 0.011217774, 0.011315791, 0.011362837, 0.011452438, 0.01153599, 0.011613772, 0.011650785, 0.011721647, 0.01178876, 0.011820984, 0.011883034, 0.011941811, 0.011969769, 0.012022987, 0.012071635, 0.012115269, 0.012135212, 0.012171524, 0.012203647, 0.012218292, 0.0122447545, 0.012267647, 0.012287365, 0.012295973, 0.012310673, 0.012321748, 0.012325881, 0.012331241, 0.0123327775, 0.012330789, 0.0123284375, 0.012320925, 0.012309473, 0.012302247, 0.012284827, 0.012263497, 0.012251146, 0.012223238, 0.012190768, 0.012153935, 0.012133987, 0.0120914215, 0.012045321, 0.01202104, 0.01197005, 0.01191611, 0.011859158, 0.011829519, 0.011767578, 0.011701282, 0.011666328, 0.011592696, 0.011514127, 0.011473031, 0.011387756, 0.011298884, 0.011207561, 0.011161296, 0.011067518, 0.010971896, 0.010923104, 0.01082258, 0.01071761, 0.010607465, 0.010550414, 0.010432759, 0.01031103, 0.010249053, 0.010123799, 0.00999728, 0.009933427, 0.009803819, 0.009669843, 0.009529695, 0.009456808, 0.00930521, 0.0091458, 0.009063372, 0.008894021, 0.008720092, 0.008543128, 0.008453665, 0.008271983, 0.008084797, 0.00798831, 0.007787686, 0.0075750835, 0.007463571, 0.007228997, 0.006977729, 0.006707828, 0.006565018, 0.0062605394, 0.00592415, 0.0057406127, 0.005336605, 0.0048852856, 0.0044353493, 0.00425724, 0.004158261, 0, 0, 0, 0
0, 0, 0, 0, 0, 0.0036641494, 0.0037901476, 0.003980578, 0.0044510914, 0.0049229637, 0.0053494503, 0.0055446476, 0.0059042433, 0.0062292167, 0.0063806684, 0.0066644587, 0.006925907, 0.007168575, 0.007283916, 0.0075044185, 0.007713357, 0.007814207, 0.0080096675, 0.008197974, 0.008289675, 0.008468209, 0.008640277, 0.008806002, 0.008886914, 0.0090454845, 0.009200911, 0.009277896, 0.009430568, 0.009581849, 0.009731509, 0.009805505, 0.009951028, 0.010092078, 0.010160552, 0.010292778, 0.010419258, 0.010480655, 0.0106000975, 0.010716159, 0.010829646, 0.01088561, 0.010995811, 0.011103291, 0.01115568, 0.011256992, 0.011352916, 0.011443066, 0.01148598, 0.011567966, 0.011645354, 0.0116825, 0.011754116, 0.011822622, 0.0118557885, 0.011919875, 0.011980443, 0.012036769, 0.012063193, 0.012112433, 0.012156808, 0.012177013, 0.012213437, 0.012244482, 0.012270302, 0.012281358, 0.012299924, 0.012313883, 0.0123191755, 0.012326683, 0.012330167, 0.012329745, 0.012327984, 0.012321113, 0.012309376, 0.012301457, 0.01228189, 0.012256885, 0.012242387, 0.012209712, 0.012172215, 0.01213074, 0.012108789, 0.012062573, 0.0120134475, 0.0119877625, 0.011933463, 0.011875031, 0.0118120285, 0.011778518, 0.011707336, 0.011630422, 0.01158992, 0.011505463, 0.011417156, 0.011371969, 0.011279983, 0.011186158, 0.011090803, 0.011042527, 0.010944261, 0.01084291, 0.010790684, 0.010682614, 0.010569558, 0.010452043, 0.010391839, 0.01026954, 0.010145476, 0.010083157, 0.00995819, 0.009832799, 0.009769536, 0.009640937, 0.0095077865, 0.009368773, 0.00929681, 0.00914818, 0.008993943, 0.008915075, 0.00875457, 0.0085912505, 0.008425543, 0.008341597, 0.00817042, 0.007992672, 0.007900498, 0.007707985, 0.0075036637, 0.0073967427, 0.007172877, 0.0069349534, 0.0066812364, 0.0065476, 0.006263562, 0.0059510292, 0.0057813297, 0.0054109334, 0.0050083734, 0.0046444475, 0.00454464, 0.004843883, 0.006488271, 0, 0, 0
0, 0, 0, 0, 0, 0.0037588575, 0.0038646946, 0.004041106, 0.004486029, 0.0049362555, 0.005343517, 0.0055294945, 0.005870435, 0.0061769253, 0.006319288, 0.006585909, 0.00683199, 0.007061664, 0.0071713906, 0.0073822094, 0.0075826105, 0.007679449, 0.007866707, 0.008046488, 0.00813378, 0.008303323, 0.008466735, 0.008624971, 0.008702706, 0.008856338, 0.009008901, 0.0090849595, 0.009236863, 0.009388123, 0.009538109, 0.009612457, 0.009758991, 0.009901632, 0.009971138, 0.010106317, 0.010236626, 0.010300262, 0.010424879, 0.010546791, 0.010666613, 0.010725881, 0.010843349, 0.010959138, 0.011016203, 0.011127786, 0.011235293, 0.011337939, 0.011387394, 0.011482541, 0.0115725305, 0.011615761, 0.011698902, 0.011778001, 0.011816228, 0.011890047, 0.011960196, 0.012026327, 0.012057797, 0.012117143, 0.012171423, 0.012196501, 0.01224176, 0.012280487, 0.0123124095, 0.012325943, 0.012348515, 0.012365585, 0.012372188, 0.012381761, 0.012386959, 0.012387803, 0.0123865325, 0.012380295, 0.012368379, 0.012360135, 0.01233912, 0.012311901, 0.012296227, 0.012260638, 0.012220261, 0.012175849, 0.012152458, 0.012103207, 0.012050521, 0.012022776, 0.011963834, 0.011899891, 0.011830043, 0.011792809, 0.011713455, 0.011628126, 0.011583455, 0.011491102, 0.011395827, 0.011347563, 0.0112500675, 0.011151258, 0.011050776, 0.010999678, 0.01089511, 0.010786442, 0.010730204, 0.010613837, 0.01049245, 0.010367351, 0.010303809, 0.010175481, 0.010046117, 0.0099812625, 0.009851189, 0.009720041, 0.009653728, 0.009518888, 0.009380066, 0.009236558, 0.009163143, 0.0090134945, 0.008860937, 0.008783855, 0.008628177, 0.008470402, 0.008309677, 0.008227742, 0.008059221, 0.007882318, 0.007789999, 0.0075967875, 0.007391835, 0.0072850054, 0.0070627574, 0.0068288166, 0.006581843, 0.006452752, 0.0061803306, 0.0058839303, 0.0057245735, 0.0053806864, 0.0050118887, 0.004674818, 0.004567879, 0.0046771024, 0.005332143, 0, 0, 0
0, 0, 0, 0, 0.006087678, 0.004489445, 0.004185418, 0.0042716824, 0.0046072835, 0.0049904957, 0.005351308, 0.0055186353, 0.005828269, 0.006108652, 0.006239654, 0.0064864997, 0.006717059, 0.006935462, 0.0070410618, 0.0072459457, 0.0074432273, 0.0075389757, 0.0077250414, 0.007904202, 0.007991297, 0.0081609385, 0.008325292, 0.008485503, 0.008564612, 0.008721599, 0.0088777635, 0.008955445, 0.009109718, 0.009262104, 0.0094120605, 0.00948616, 0.009632248, 0.009775597, 0.009846165, 0.009985262, 0.010121997, 0.010189575, 0.010323256, 0.01045473, 0.010583697, 0.010647287, 0.010772671, 0.0108958725, 0.010956559, 0.011076206, 0.011192867, 0.01130636, 0.011361775, 0.011469523, 0.011572559, 0.011622164, 0.011717295, 0.011807082, 0.01185007, 0.011932346, 0.012009835, 0.01208266, 0.012117344, 0.012183187, 0.012243958, 0.012272202, 0.012324145, 0.012369406, 0.012407391, 0.012423916, 0.012451723, 0.012473195, 0.012481775, 0.012494817, 0.012502704, 0.0125056645, 0.012505193, 0.012500279, 0.012489214, 0.012481337, 0.012460574, 0.012433298, 0.0124173, 0.012380982, 0.012339092, 0.012292456, 0.012267395, 0.012213974, 0.012155911, 0.012125054, 0.012059157, 0.011987638, 0.011910057, 0.011869072, 0.011782741, 0.011690997, 0.011643381, 0.011545439, 0.011444632, 0.0113934865, 0.0112899095, 0.011184164, 0.01107595, 0.011020705, 0.010907435, 0.010790101, 0.010729697, 0.010605459, 0.010477039, 0.010345469, 0.010278919, 0.010144415, 0.010008495, 0.009939928, 0.009801343, 0.009660455, 0.009589024, 0.009443739, 0.009295059, 0.009143258, 0.009066352, 0.008911376, 0.008755097, 0.0086765485, 0.008518449, 0.008357899, 0.008193181, 0.008108648, 0.007933752, 0.007749324, 0.0076530837, 0.0074520283, 0.0072399927, 0.007130028, 0.00690242, 0.0066644205, 0.006414576, 0.0062844586, 0.0060111964, 0.0057158214, 0.005557688, 0.005216704, 0.0048446856, 0.0044738357, 0.0043206587, 0.0042146686, 0.004506588, 0, 0, 0
0, 0, 0, 0, 0.0050474233, 0.004406555, 0.0042747958, 0.0043622586, 0.004659232, 0.004995863, 0.0053171944, 0.005467972, 0.005750233, 0.006009564, 0.0061320714, 0.0063655, 0.0065870737, 0.006800374, 0.006904582, 0.007108828, 0.007307525, 0.007404585, 0.00759395, 0.0077772983, 0.007866902, 0.008042337, 0.008213622, 0.008381875, 0.008465228, 0.00863096, 0.008794845, 0.008875829, 0.009035265, 0.009190688, 0.00934212, 0.009416628, 0.00956386, 0.009709688, 0.0097824605, 0.009928131, 0.010074332, 0.01014749, 0.010293295, 0.01043709, 0.010577494, 0.010646077, 0.010780095, 0.010910265, 0.01097414, 0.011099754, 0.011223269, 0.011344658, 0.011404639, 0.011522403, 0.011636375, 0.011691423, 0.011797187, 0.011896673, 0.011944003, 0.012033742, 0.012117406, 0.012195278, 0.0122322105, 0.012302067, 0.012367153, 0.012397679, 0.012454541, 0.012505337, 0.0125494255, 0.012568945, 0.012602981, 0.012630404, 0.0126415985, 0.012659332, 0.012670844, 0.0126764625, 0.012677046, 0.012673653, 0.012663783, 0.012656424, 0.01263666, 0.012610156, 0.012594486, 0.012558192, 0.012515282, 0.012466006, 0.012438981, 0.012380387, 0.012315609, 0.012281008, 0.012207141, 0.012127595, 0.012042728, 0.011998453, 0.011906194, 0.011809434, 0.011759461, 0.011656461, 0.01154997, 0.011495481, 0.011383983, 0.011269139, 0.01115075, 0.01109025, 0.010966799, 0.010840083, 0.010775498, 0.010643855, 0.010509195, 0.010372004, 0.010302566, 0.010162091, 0.010019043, 0.009946474, 0.009798823, 0.009647757, 0.009570957, 0.009414885, 0.009255698, 0.009094001, 0.0090123825, 0.008847978, 0.008682357, 0.008598885, 0.008430183, 0.008257857, 0.008080105, 0.007988632, 0.007799808, 0.007601817, 0.007499132, 0.0072863875, 0.007063917, 0.006949088, 0.006712211, 0.0064646145, 0.0062045115, 0.0060688076, 0.005783493, 0.00547522, 0.0053103506, 0.0049548103, 0.0045636618, 0.0041594207, 0.0039781877, 0.0037791561, 0.003954593, 0, 0, 0
0, 0, 0, 0, 0.004284977, 0.0039995583, 0.004081467, 0.004215813, 0.0045464523, 0.004882685, 0.005194734, 0.005340722, 0.0056152474, 0.0058705364, 0.0059924256, 0.006226989, 0.0064522927, 0.0066708173, 0.0067780353, 0.0069884295, 0.007193152, 0.00729325, 0.007488747, 0.007678562, 0.007771585, 0.007954664, 0.008134757, 0.008312895, 0.008401472, 0.0085774455, 0.008750774, 0.008836087, 0.009003026, 0.00916458, 0.009321364, 0.009398455, 0.009551157, 0.009703513, 0.009780181, 0.009934979, 0.010091811, 0.0101707, 0.010328323, 0.010483617, 0.010634363, 0.0107076345, 0.010849842, 0.010986704, 0.011053544, 0.011184553, 0.011313327, 0.011440454, 0.011503454, 0.011627886, 0.011749099, 0.01180801, 0.01192149, 0.012028541, 0.012079468, 0.012175953, 0.012265576, 0.012348642, 0.012387823, 0.012461917, 0.012530812, 0.012563203, 0.012624084, 0.012679293, 0.012728512, 0.01275084, 0.012790487, 0.01282329, 0.012837007, 0.012859008, 0.012873601, 0.012880988, 0.012882105, 0.012879084, 0.012869185, 0.012861738, 0.012841955, 0.012815664, 0.012799964, 0.012763261, 0.012718967, 0.012667064, 0.012638138, 0.012574757, 0.012504304, 0.012466628, 0.012386764, 0.012301425, 0.012211409, 0.012164786, 0.012068306, 0.011967253, 0.011914945, 0.011806728, 0.011693451, 0.011635096, 0.011514921, 0.011390316, 0.011261737, 0.011196173, 0.011062921, 0.01092713, 0.010858392, 0.0107193105, 0.010577872, 0.010434005, 0.010361223, 0.0102135055, 0.010062658, 0.00998595, 0.009829758, 0.0096697835, 0.009588452, 0.009423236, 0.009254776, 0.009083266, 0.008996331, 0.008820356, 0.008641389, 0.008550667, 0.008366105, 0.008176232, 0.007980188, 0.007879582, 0.007673027, 0.007458967, 0.007349006, 0.007123202, 0.006888958, 0.006768541, 0.0065199705, 0.00625959, 0.0059845145, 0.0058404575, 0.0055368003, 0.00520846, 0.005033386, 0.004658195, 0.0042498657, 0.0038315246, 0.0036431851, 0.0034224337, 0.0035606346, 0, 0, 0
0, 0, 0, 0, 0.00375843, 0.0035875738, 0.0037672184, 0.003933289, 0.004303882, 0.0046625575, 0.004989743, 0.0051423274, 0.0054300064, 0.005699557, 0.005829118, 0.00607988, 0.006321717, 0.0065558455, 0.006670155, 0.0068933107, 0.0071088425, 0.007213796, 0.0074182823, 0.007616537, 0.0077138497, 0.007905707, 0.008095203, 0.00828338, 0.008376989, 0.008562961, 0.008746091, 0.008836174, 0.0090125445, 0.009183796, 0.009350566, 0.009432657, 0.00959565, 0.0097584035, 0.009840117, 0.010004555, 0.010170208, 0.010253192, 0.010418182, 0.010579867, 0.010736801, 0.010813112, 0.0109615335, 0.01110452, 0.011174384, 0.011311204, 0.011445077, 0.011576775, 0.01164184, 0.011769955, 0.011894622, 0.011955376, 0.01207284, 0.0121844495, 0.012237889, 0.01233998, 0.012435283, 0.012523945, 0.01256576, 0.012644543, 0.012717221, 0.012751303, 0.012815268, 0.012873158, 0.012925249, 0.0129489945, 0.01299173, 0.013027423, 0.013042442, 0.013066395, 0.013081944, 0.013089185, 0.013089799, 0.013085276, 0.013073713, 0.013065399, 0.013044139, 0.013016481, 0.013000137, 0.012962117, 0.01291631, 0.012862174, 0.012832077, 0.012766016, 0.012692949, 0.012654027, 0.012571787, 0.012484475, 0.012392376, 0.012344697, 0.012245575, 0.012140997, 0.012086505, 0.011972901, 0.011853245, 0.011791254, 0.011663557, 0.0115313, 0.011395302, 0.011326082, 0.011185518, 0.011042415, 0.010970001, 0.0108231995, 0.010673594, 0.010521154, 0.010443844, 0.010286894, 0.010127119, 0.010046062, 0.009881516, 0.0097135855, 0.009628338, 0.009455189, 0.00927834, 0.009097239, 0.009005059, 0.008817109, 0.008624367, 0.008526016, 0.008325037, 0.008117774, 0.007904074, 0.007794705, 0.0075713894, 0.0073420117, 0.0072250166, 0.0069860513, 0.0067393924, 0.0066126357, 0.00635094, 0.0060761655, 0.0057848697, 0.0056321, 0.0053098425, 0.004962613, 0.004778362, 0.0043869303, 0.0039671077, 0.003543733, 0.0033546719, 0.0031293682, 0.0032497756, 0, 0, 0
0, 0, 0, 0, 0.003392792, 0.0032571207, 0.0034614468, 0.0036371888, 0.004026984, 0.00440633, 0.0047554113, 0.0049191443, 0.0052295914, 0.00552248, 0.0056637437, 0.0059379553, 0.006202176, 0.00645666, 0.006580245, 0.0068199267, 0.007049907, 0.007161393, 0.00737839, 0.007588665, 0.007691902, 0.007895581, 0.00809663, 0.008295748, 0.008394587, 0.008590495, 0.008783357, 0.00887828, 0.009065118, 0.009247805, 0.009427139, 0.009515749, 0.009691581, 0.009865849, 0.009952488, 0.010124883, 0.01029552, 0.010379881, 0.010546109, 0.010708345, 0.010866192, 0.010943572, 0.011095341, 0.0112435045, 0.011316291, 0.011459258, 0.011598626, 0.011734325, 0.011800723, 0.011930175, 0.012055124, 0.012115717, 0.012233431, 0.012346159, 0.012400729, 0.012505918, 0.012605252, 0.012698118, 0.012742018, 0.012824362, 0.012899495, 0.01293445, 0.012999302, 0.013057631, 0.013109666, 0.013133336, 0.013175891, 0.013211331, 0.013226101, 0.013249172, 0.013263398, 0.0132688405, 0.013268349, 0.0132615585, 0.013247735, 0.013238364, 0.013215026, 0.013185427, 0.013168237, 0.013128523, 0.013081281, 0.013026065, 0.012995488, 0.012929103, 0.012856176, 0.012817648, 0.012736476, 0.012650128, 0.012558419, 0.012510524, 0.012409952, 0.012302609, 0.012246258, 0.012128219, 0.012003745, 0.011939392, 0.01180736, 0.011671554, 0.011532485, 0.011461767, 0.011317665, 0.011170007, 0.011094729, 0.01094105, 0.010783103, 0.01062126, 0.010538969, 0.010372361, 0.010203347, 0.01011795, 0.009945245, 0.009769638, 0.009680529, 0.009499408, 0.009313766, 0.009123175, 0.009025854, 0.008827032, 0.00862251, 0.008518073, 0.008304582, 0.008084698, 0.007858287, 0.007742721, 0.00750698, 0.0072653047, 0.0071422025, 0.0068907584, 0.0066315513, 0.00649839, 0.0062238625, 0.005935868, 0.0056316885, 0.0054725944, 0.005138803, 0.0047817742, 0.004593551, 0.0041962983, 0.0037733368, 0.003347004, 0.0031548142, 0.002915209, 0.0030128015, 0, 0, 0
0, 0, 0, 0, 0.0031343924, 0.0030149266, 0.0032250404, 0.0034026601, 0.0037994422, 0.004191319, 0.004556969, 0.0047299755, 0.005060125, 0.0053735827, 0.0055252304, 0.0058197198, 0.0061031133, 0.0063753766, 0.006507308, 0.006762595, 0.0070074764, 0.007126446, 0.0073586237, 0.0075845974, 0.007695755, 0.007915006, 0.008130592, 0.008342646, 0.0084472215, 0.008653332, 0.00885515, 0.008954554, 0.009150619, 0.009343754, 0.009534547, 0.009629078, 0.0098163085, 0.010000301, 0.010090695, 0.0102681, 0.010440021, 0.010523944, 0.010687586, 0.010846768, 0.011002596, 0.011079702, 0.011232921, 0.011384705, 0.011459949, 0.011607988, 0.011751882, 0.011890267, 0.011957194, 0.0120859435, 0.012208507, 0.01226765, 0.012382448, 0.012493071, 0.012546902, 0.012651634, 0.012751361, 0.012844991, 0.012889128, 0.012971643, 0.013046279, 0.013080635, 0.013143724, 0.013199886, 0.01324977, 0.013272368, 0.013312658, 0.01334585, 0.01335947, 0.013380365, 0.013392332, 0.013395665, 0.013394361, 0.013386114, 0.013371212, 0.013361405, 0.013337065, 0.013306495, 0.013288682, 0.013247681, 0.013199172, 0.013143335, 0.013112807, 0.013046941, 0.012975501, 0.012937953, 0.012859079, 0.01277471, 0.012684263, 0.012636417, 0.012534973, 0.012425651, 0.012367993, 0.012247333, 0.012120683, 0.012055606, 0.0119229155, 0.011787484, 0.011649166, 0.011578724, 0.0114345085, 0.01128503, 0.011208119, 0.011049859, 0.010885686, 0.010716716, 0.0106308, 0.010457008, 0.010281183, 0.0101924995, 0.010013407, 0.009831136, 0.009738451, 0.009549351, 0.009354862, 0.009154869, 0.009052865, 0.008844932, 0.008632002, 0.008523724, 0.008303249, 0.00807716, 0.00784468, 0.007725928, 0.0074831345, 0.007233108, 0.0071053416, 0.006843942, 0.0065743197, 0.00643611, 0.006152149, 0.005856681, 0.005547743, 0.0053876583, 0.0050547374, 0.0047030295, 0.004519312, 0.004134121, 0.0037255546, 0.0033104243, 0.003119227, 0.002863784, 0.0029270656, 0, 0, 0
0, 0, 0, 0, 0.0029563797, 0.0028593398, 0.0030865755, 0.0032689013, 0.0036714918, 0.004068773, 0.00444149, 0.004618903, 0.0049589183, 0.005283204, 0.005440481, 0.005746064, 0.006040107, 0.006322684, 0.006459741, 0.0067257266, 0.0069824513, 0.0071079046, 0.007354461, 0.0075963107, 0.007715665, 0.007951289, 0.008182024, 0.008406989, 0.008517015, 0.0087322295, 0.008941192, 0.009043717, 0.009245971, 0.009445526, 0.009643329, 0.009741503, 0.009935572, 0.010125217, 0.010217674, 0.010397382, 0.010569215, 0.010652289, 0.010813585, 0.0109700635, 0.011124336, 0.0112011805, 0.011354838, 0.011508398, 0.011584581, 0.011734682, 0.011879668, 0.012017626, 0.012083575, 0.012209522, 0.012327973, 0.01238489, 0.012495077, 0.012601513, 0.012653428, 0.012754435, 0.012850559, 0.012940578, 0.012982855, 0.013061482, 0.013132144, 0.013164531, 0.013223919, 0.01327679, 0.013323842, 0.013345085, 0.013382826, 0.013413556, 0.013426007, 0.013444556, 0.013454743, 0.013456984, 0.013455379, 0.013447293, 0.01343304, 0.013423646, 0.013400264, 0.013370027, 0.013352157, 0.01331065, 0.013261383, 0.01320479, 0.013174049, 0.013108371, 0.01303788, 0.013000968, 0.01292365, 0.012840849, 0.012751261, 0.0127035845, 0.012601909, 0.0124917915, 0.012433745, 0.012312717, 0.012186555, 0.012122173, 0.0119915, 0.011858674, 0.011722919, 0.011653537, 0.011510688, 0.011361446, 0.011284081, 0.011124135, 0.010957746, 0.010786562, 0.010699698, 0.010524057, 0.010346552, 0.010256919, 0.010075366, 0.009889298, 0.009794157, 0.009599156, 0.009397713, 0.009190441, 0.009084849, 0.008870787, 0.008653205, 0.008543269, 0.008320767, 0.00809358, 0.007860182, 0.00774076, 0.0074956166, 0.007241852, 0.0071116965, 0.006845092, 0.0065705082, 0.0064303274, 0.006144379, 0.0058502117, 0.0055470387, 0.005391652, 0.0050724256, 0.004740695, 0.0045695105, 0.0042150104, 0.003845157, 0.003477007, 0.0033125156, 0.003115871, 0.003216913, 0, 0, 0
0, 0, 0, 0, 0.0028936765, 0.0028330572, 0.003082509, 0.0032678877, 0.0036679124, 0.0040590633, 0.004427098, 0.0046031107, 0.004942364, 0.0052676266, 0.005425688, 0.0057333764, 0.0060297986, 0.00631507, 0.0064538503, 0.006724203, 0.0069870264, 0.0071163187, 0.0073718852, 0.0076242527, 0.007749238, 0.007995912, 0.008236811, 0.008470231, 0.008583763, 0.008804117, 0.009016589, 0.0091203395, 0.00932429, 0.0095253475, 0.009724367, 0.009823147, 0.010018439, 0.010208961, 0.010301793, 0.010481804, 0.010653723, 0.010736702, 0.010897987, 0.011054683, 0.011209258, 0.011286221, 0.011439765, 0.011592223, 0.011667483, 0.011814792, 0.0119559085, 0.012089152, 0.012152565, 0.012273408, 0.012387036, 0.012441681, 0.012547535, 0.012649448, 0.012699098, 0.012794785, 0.012885117, 0.0129687805, 0.013007795, 0.013080213, 0.013145176, 0.013175145, 0.0132304905, 0.013280416, 0.013325044, 0.013345288, 0.013381183, 0.013409752, 0.0134211145, 0.013437792, 0.013446598, 0.013448199, 0.013446544, 0.013439168, 0.013426446, 0.013417889, 0.013396226, 0.013367227, 0.013349761, 0.013308417, 0.013258831, 0.013201655, 0.013170719, 0.013104729, 0.013034225, 0.012997572, 0.012920834, 0.012838832, 0.012750184, 0.012702876, 0.0126021635, 0.012493288, 0.012436132, 0.012317238, 0.012193912, 0.012131128, 0.012003738, 0.011873858, 0.011740484, 0.011672089, 0.011530707, 0.01138242, 0.011305525, 0.011146713, 0.010982339, 0.010814004, 0.01072891, 0.010557151, 0.010383336, 0.010295337, 0.010115833, 0.009930374, 0.009834921, 0.00963831, 0.009434358, 0.009224467, 0.009117806, 0.008902197, 0.008684482, 0.008574925, 0.008353911, 0.008128812, 0.007897634, 0.007779138, 0.007535567, 0.0072829504, 0.0071533853, 0.00688829, 0.0066164345, 0.006478401, 0.006198728, 0.0059140925, 0.0056241127, 0.0054768235, 0.005177172, 0.004869917, 0.004713124, 0.004393182, 0.0040687206, 0.0037669363, 0.003652641, 0.0036577785, 0.0044697206, 0.0053714784, 0, 0
0, 0, 0, 0, 0.0031403832, 0.0030515934, 0.003254484, 0.003419752, 0.003787008, 0.004154128, 0.0045055845, 0.004675604, 0.005006173, 0.0053257314, 0.005481689, 0.005785781, 0.006079317, 0.0063624694, 0.0065003773, 0.0067697396, 0.0070324307, 0.0071619395, 0.007418516, 0.0076720323, 0.0077975984, 0.00804525, 0.00828673, 0.008520085, 0.008633351, 0.008852855, 0.009064007, 0.009166916, 0.009368736, 0.009566951, 0.009762597, 0.009859471, 0.0100508565, 0.010237877, 0.010329292, 0.010507424, 0.010678821, 0.010762146, 0.010924737, 0.011083162, 0.01123868, 0.011315644, 0.011467357, 0.011615379, 0.011687587, 0.0118273925, 0.011960161, 0.012085361, 0.012145171, 0.012259952, 0.012369252, 0.012422173, 0.012524964, 0.012623761, 0.012671308, 0.012762316, 0.012846675, 0.012923853, 0.012959663, 0.0130260615, 0.013086179, 0.013114139, 0.013166644, 0.013214658, 0.013257792, 0.013277302, 0.013311203, 0.0133375, 0.01334761, 0.013361965, 0.013368934, 0.013369369, 0.013367535, 0.013360217, 0.0133480225, 0.013340069, 0.013319332, 0.013291353, 0.013274223, 0.013233535, 0.013184309, 0.013127617, 0.013096825, 0.013031374, 0.012961439, 0.012924991, 0.012849041, 0.012768176, 0.01268116, 0.012634991, 0.012536945, 0.012431614, 0.012376493, 0.012262185, 0.012143519, 0.01208291, 0.011959211, 0.011831939, 0.011700408, 0.011632586, 0.011492417, 0.011345788, 0.011270078, 0.011114683, 0.010955245, 0.010793111, 0.010711331, 0.010546468, 0.01037909, 0.010293972, 0.010119574, 0.009938315, 0.009844768, 0.009651735, 0.009451541, 0.009245669, 0.009141167, 0.008930216, 0.008717322, 0.0086100735, 0.008393612, 0.008172858, 0.007946018, 0.007829844, 0.007591536, 0.007345245, 0.0072192973, 0.006962706, 0.0067008105, 0.0065682377, 0.006300391, 0.0060286415, 0.005752373, 0.0056122057, 0.005327009, 0.005034426, 0.0048850724, 0.004579621, 0.0042686444, 0.003974469, 0.0038558561, 0.0037887234, 0.0041745612, 0.0044966927, 0, 0
0, 0, 0, 0.005157462, 0.004294621, 0.0035291195, 0.0035454612, 0.0036672417, 0.003981904, 0.0043180943, 0.00464964, 0.0048122522, 0.005131293, 0.005442093, 0.0055942317, 0.005891432, 0.006178961, 0.0064567057, 0.0065920004, 0.0068564033, 0.007113775, 0.0072403485, 0.0074900854, 0.007735426, 0.0078564035, 0.008094415, 0.008326186, 0.0085505545, 0.008659795, 0.008872493, 0.009078026, 0.00917848, 0.009375647, 0.009568539, 0.00975797, 0.009851372, 0.010035328, 0.010215097, 0.010303268, 0.010476076, 0.010644352, 0.010726792, 0.010888708, 0.011046925, 0.011201238, 0.01127679, 0.011423836, 0.011564543, 0.011632326, 0.01176231, 0.011885308, 0.012002048, 0.012058424, 0.012168148, 0.012274386, 0.012326229, 0.012427424, 0.01252411, 0.012570253, 0.012657454, 0.012737183, 0.012809522, 0.012843047, 0.012905615, 0.012963044, 0.012990122, 0.013041174, 0.013088169, 0.013129948, 0.0131485155, 0.013179817, 0.0132030435, 0.013211593, 0.013222926, 0.013227536, 0.013226293, 0.013223872, 0.013215707, 0.013202891, 0.013194665, 0.013173624, 0.013145619, 0.013128615, 0.013088647, 0.013040974, 0.012986455, 0.012956879, 0.012893854, 0.012826314, 0.012790862, 0.012716874, 0.0126379505, 0.012553447, 0.012508794, 0.0124146845, 0.01231437, 0.012262078, 0.012153801, 0.0120408, 0.011982687, 0.0118631385, 0.0117387725, 0.011609122, 0.011542211, 0.011403987, 0.011260195, 0.0111865485, 0.011036431, 0.010883398, 0.010728335, 0.010650026, 0.010491731, 0.010330029, 0.010247533, 0.010078348, 0.009902806, 0.009812572, 0.009627334, 0.009436511, 0.009241097, 0.009142042, 0.008941671, 0.008738272, 0.008635369, 0.008426417, 0.008212359, 0.007992406, 0.007880173, 0.0076509938, 0.0074158995, 0.007296352, 0.0070535117, 0.006805932, 0.0066803205, 0.0064252825, 0.006164399, 0.005896188, 0.005758862, 0.0054765427, 0.005181972, 0.0050291372, 0.0047099404, 0.004370794, 0.004021916, 0.0038580317, 0.0036310747, 0.0037147664, 0.003876946, 0, 0
0, 0, 0, 0.0043031103, 0.0039950325, 0.0036391355, 0.0037303679, 0.0038594732, 0.004173223, 0.0045026387, 0.0048259427, 0.004984103, 0.005293688, 0.0055943355, 0.0057412134, 0.0060280645, 0.006305579, 0.0065739234, 0.0067048017, 0.0069602113, 0.0072079822, 0.007329235, 0.0075667007, 0.0077978293, 0.007911001, 0.008132726, 0.00834819, 0.0085578095, 0.008660568, 0.008862321, 0.009059472, 0.009156442, 0.009347283, 0.009533642, 0.009715442, 0.009804441, 0.009978734, 0.0101483995, 0.0102316635, 0.010395617, 0.010556625, 0.010636057, 0.010792989, 0.010946593, 0.011095656, 0.011168083, 0.01130779, 0.01143992, 0.011503115, 0.0116242375, 0.011739561, 0.011850627, 0.011904957, 0.012011936, 0.012116638, 0.012167934, 0.012267789, 0.012362304, 0.012407076, 0.012490988, 0.012567276, 0.012636766, 0.012669243, 0.01273043, 0.012787305, 0.012814263, 0.012865048, 0.012911034, 0.012950852, 0.012968034, 0.0129961725, 0.013016052, 0.013023127, 0.013032097, 0.013035284, 0.013033458, 0.013030804, 0.013022123, 0.013008622, 0.012999875, 0.012977824, 0.01294915, 0.012932162, 0.012893138, 0.012847822, 0.012796855, 0.01276943, 0.012710916, 0.012647343, 0.0126136625, 0.012542348, 0.012465595, 0.01238321, 0.012339818, 0.012249157, 0.0121535575, 0.012103953, 0.01200145, 0.011894202, 0.01183865, 0.011723646, 0.011602955, 0.01147653, 0.011411182, 0.011276737, 0.011137956, 0.01106729, 0.010923877, 0.010777987, 0.010629408, 0.010553968, 0.010400221, 0.010241989, 0.010161125, 0.009995756, 0.009825819, 0.009739397, 0.009564094, 0.009385899, 0.009204918, 0.0091132745, 0.008927118, 0.008736451, 0.008639215, 0.008440373, 0.008235756, 0.0080257235, 0.00791895, 0.0077024684, 0.007482341, 0.0073708687, 0.007144444, 0.0069121085, 0.0067932867, 0.006549122, 0.0062948684, 0.0060287486, 0.005890599, 0.0056027314, 0.0052963556, 0.0051345523, 0.0047891247, 0.0044083297, 0.0039943205, 0.003785834, 0.0034396832, 0.0033773636, 0.0034859178, 0, 0
0, 0, 0, 0.0037257462, 0.0035761092, 0.003528703, 0.003786663, 0.003962342, 0.0043293666, 0.004681992, 0.0050122454, 0.005169891, 0.0054726745, 0.0057614897, 0.005901259, 0.0061727082, 0.00643454, 0.006687801, 0.0068114926, 0.0070531587, 0.0072872485, 0.007401474, 0.007623968, 0.007838629, 0.0079431385, 0.008146758, 0.008344444, 0.008537668, 0.008633096, 0.008822149, 0.009009007, 0.009101468, 0.009283922, 0.009462112, 0.009634872, 0.0097189555, 0.009882613, 0.010040938, 0.01011857, 0.010271572, 0.010422435, 0.010497276, 0.010645493, 0.010790822, 0.010931734, 0.011000083, 0.011131609, 0.011256241, 0.011316068, 0.011431614, 0.011543252, 0.011652418, 0.011706404, 0.011812992, 0.011917162, 0.01196791, 0.012065659, 0.012157015, 0.012200023, 0.012280548, 0.012354197, 0.012422457, 0.012454891, 0.012516732, 0.012574659, 0.012602004, 0.012652931, 0.01269767, 0.012734998, 0.012750675, 0.01277586, 0.012793724, 0.012800247, 0.012809323, 0.012813876, 0.012814171, 0.012812564, 0.012805536, 0.012792589, 0.012783764, 0.012761165, 0.012731925, 0.012715069, 0.012677163, 0.012634675, 0.012587916, 0.0125629045, 0.012509178, 0.012449718, 0.012417618, 0.012348351, 0.012272616, 0.012190813, 0.012147937, 0.0120588895, 0.011966098, 0.011918382, 0.0118202055, 0.011717601, 0.011664401, 0.011553741, 0.011437163, 0.011314821, 0.011251875, 0.011122777, 0.010990553, 0.010923546, 0.0107876845, 0.01064926, 0.010506906, 0.010433885, 0.010283722, 0.010128144, 0.010048546, 0.009886415, 0.009721938, 0.0096393945, 0.0094740745, 0.009308757, 0.00914242, 0.0090582995, 0.008886756, 0.008709364, 0.008618165, 0.008430742, 0.0082373135, 0.008039477, 0.00793937, 0.0077376864, 0.007533935, 0.0074308603, 0.0072207185, 0.0070028775, 0.0068900897, 0.0066550234, 0.006405799, 0.006140913, 0.006002147, 0.0057107676, 0.0053975526, 0.0052309125, 0.004872137, 0.0044711255, 0.0040272046, 0.0037985896, 0.003397025, 0.0032591226, 0.0033367074, 0, 0
0, 0, 0, 0.003466547, 0.0033771356, 0.0034837483, 0.0038543537, 0.004068295, 0.0044852244, 0.004862859, 0.0052014645, 0.005358616, 0.0056535057, 0.0059274225, 0.006058074, 0.0063093165, 0.006549967, 0.0067826817, 0.0068965345, 0.007119615, 0.0073363986, 0.0074422853, 0.0076484955, 0.007846866, 0.007943098, 0.008130113, 0.008311456, 0.008489128, 0.008577206, 0.008752614, 0.008927065, 0.0090138, 0.009185194, 0.009352622, 0.009514712, 0.0095934775, 0.009746506, 0.009894209, 0.009966647, 0.010109651, 0.010251078, 0.010321291, 0.010460626, 0.0105972625, 0.010730041, 0.010794569, 0.010919407, 0.011039019, 0.011097081, 0.011210621, 0.011322024, 0.011432173, 0.011486632, 0.011593948, 0.011697478, 0.011747276, 0.011842042, 0.011929686, 0.0119707445, 0.012048192, 0.012120406, 0.012188894, 0.012222018, 0.01228608, 0.012346204, 0.012374329, 0.012425735, 0.01246957, 0.012504973, 0.0125197135, 0.0125436755, 0.012561765, 0.012569208, 0.012581653, 0.012590816, 0.012596059, 0.012596835, 0.012593436, 0.012582734, 0.012574453, 0.012552085, 0.012522918, 0.012506264, 0.012469715, 0.012429876, 0.012386637, 0.012363613, 0.01231346, 0.012256698, 0.012225339, 0.012156782, 0.0120807, 0.011998277, 0.011955182, 0.011866287, 0.011774739, 0.011728081, 0.011632575, 0.011533227, 0.011481668, 0.011374298, 0.011261069, 0.0111426525, 0.0110818315, 0.010957904, 0.010831967, 0.010768434, 0.010639985, 0.010508648, 0.010372609, 0.010302304, 0.010156859, 0.01000532, 0.009927788, 0.009770408, 0.009612141, 0.009533383, 0.009377073, 0.0092225885, 0.009067978, 0.008989817, 0.008829918, 0.008663529, 0.008577681, 0.008400912, 0.008218799, 0.008033412, 0.007940099, 0.0077527426, 0.007563907, 0.007468332, 0.0072725317, 0.007067387, 0.0069601554, 0.0067345425, 0.0064929146, 0.006234718, 0.006099273, 0.0058150296, 0.005510444, 0.005348892, 0.0050027254, 0.004619224, 0.0042008036, 0.0039890395, 0.0036306218, 0.0035407622, 0.0036251554, 0, 0
0, 0, 0, 0.003692774, 0.0036059357, 0.0036937094, 0.004052644, 0.004263931, 0.00467855, 0.0050534788, 0.0053859055, 0.005538288, 0.0058201165, 0.006076691, 0.0061974498, 0.006427262, 0.006645394, 0.006855596, 0.0069585303, 0.007160704, 0.0073581967, 0.007455055, 0.007644276, 0.007826844, 0.007915449, 0.008087703, 0.008254603, 0.008418077, 0.008499118, 0.008660494, 0.008821012, 0.00890073, 0.009058586, 0.009213181, 0.009363512, 0.009436928, 0.009580262, 0.009719878, 0.009788669, 0.009925084, 0.010060414, 0.01012763, 0.010260875, 0.010391431, 0.0105183385, 0.0105802845, 0.010701044, 0.010817974, 0.010875352, 0.01098894, 0.011101474, 0.011213004, 0.011268043, 0.011375542, 0.011477921, 0.011526558, 0.011618561, 0.011703299, 0.011743259, 0.011819331, 0.011891846, 0.011962229, 0.011996785, 0.012063897, 0.0121267885, 0.012156024, 0.01220874, 0.012252757, 0.012288229, 0.012303041, 0.012328357, 0.012349495, 0.012359075, 0.012376719, 0.012391957, 0.01240284, 0.012406019, 0.0124065485, 0.012398148, 0.012390514, 0.012368962, 0.0123406, 0.012324428, 0.01228931, 0.0122516, 0.012210901, 0.012188894, 0.012140654, 0.012084888, 0.01205378, 0.01198524, 0.0119087575, 0.011826117, 0.01178313, 0.011694945, 0.011604835, 0.011559083, 0.011465701, 0.011368413, 0.011317848, 0.011212352, 0.011100971, 0.010984784, 0.010925294, 0.010804549, 0.010682718, 0.010621565, 0.010498428, 0.010372756, 0.010242749, 0.010175455, 0.01003618, 0.009891089, 0.009816812, 0.009666456, 0.0095154485, 0.009440332, 0.009291678, 0.009144625, 0.008997274, 0.008922662, 0.008769778, 0.008610514, 0.008528459, 0.008359944, 0.008187285, 0.008012375, 0.007924551, 0.007748471, 0.007570894, 0.0074807517, 0.0072955186, 0.007100574, 0.0069984286, 0.006783397, 0.0065534255, 0.0063089663, 0.0061813197, 0.0059150085, 0.005632121, 0.00548319, 0.0051671476, 0.0048238584, 0.0044633313, 0.004292353, 0.004072459, 0.0043797246, 0.004980748, 0, 0
0, 0, 0, 0.005040646, 0.004430219, 0.0041186186, 0.004343404, 0.0045177876, 0.004884224, 0.0052293222, 0.0055406154, 0.0056841127, 0.0059495047, 0.0061900234, 0.006302509, 0.006515188, 0.0067153913, 0.0069070123, 0.007000572, 0.0071839993, 0.0073632565, 0.0074513615, 0.0076239505, 0.0077913785, 0.007872874, 0.008031942, 0.008186261, 0.008337361, 0.008412086, 0.008560572, 0.008707486, 0.008780433, 0.008924733, 0.009066818, 0.009206227, 0.009274991, 0.009410827, 0.0095451195, 0.009611991, 0.00974544, 0.00987828, 0.009944241, 0.010074692, 0.010202169, 0.010325823, 0.010386327, 0.010504841, 0.010620538, 0.010677742, 0.010791449, 0.010904458, 0.011016249, 0.011071158, 0.011178015, 0.011278996, 0.011326964, 0.011417691, 0.011501993, 0.011542205, 0.011619678, 0.011694819, 0.011768476, 0.01180464, 0.011874786, 0.01194031, 0.011970549, 0.0120251775, 0.012071019, 0.012108782, 0.012125136, 0.012154158, 0.012179909, 0.012192008, 0.012214738, 0.012234412, 0.012248686, 0.012253177, 0.01225554, 0.01224827, 0.012241151, 0.012220623, 0.012193545, 0.0121782385, 0.012145091, 0.012109293, 0.012070068, 0.012048756, 0.012001277, 0.011946103, 0.011915401, 0.011847652, 0.011772542, 0.011691999, 0.011650342, 0.011565036, 0.011477925, 0.011433574, 0.011342577, 0.011247045, 0.011197148, 0.0110925, 0.0109818885, 0.010866373, 0.010807332, 0.01068771, 0.010567379, 0.010507126, 0.010386171, 0.010263699, 0.010137687, 0.010072908, 0.009939475, 0.009801322, 0.00973077, 0.009588018, 0.0094442805, 0.009372404, 0.009229162, 0.009086057, 0.008941556, 0.008868142, 0.008717729, 0.008561706, 0.008481704, 0.008318371, 0.008151981, 0.007984121, 0.007899779, 0.0077302423, 0.0075583435, 0.007470775, 0.0072908234, 0.0071019633, 0.0070035034, 0.006797896, 0.006580427, 0.0063517024, 0.00623312, 0.0059868973, 0.0057264157, 0.0055895783, 0.0052996264, 0.004985036, 0.0046539344, 0.004494729, 0.004266821, 0.0043859757, 0.004664707, 0, 0
0, 0, 0, 0.0047189705, 0.0044323015, 0.004302531, 0.0045272796, 0.0046868385, 0.0050207553, 0.00533828, 0.0056287185, 0.005763868, 0.0060158353, 0.006246138, 0.0063542053, 0.006558508, 0.0067500016, 0.0069315527, 0.007019468, 0.0071905134, 0.0073563, 0.0074374666, 0.00759642, 0.0077510066, 0.007826588, 0.007974923, 0.008119721, 0.008261912, 0.0083322, 0.008471401, 0.008608632, 0.008676598, 0.008811056, 0.008944046, 0.009075943, 0.009141636, 0.009272835, 0.009404181, 0.009470118, 0.00960224, 0.009734001, 0.009799304, 0.009928229, 0.010053761, 0.010175573, 0.010235282, 0.010352412, 0.010467297, 0.010524226, 0.010637557, 0.010749922, 0.010860798, 0.010915194, 0.011020848, 0.011121189, 0.011169158, 0.0112607535, 0.011347431, 0.011389207, 0.011470568, 0.011549617, 0.011626443, 0.011663982, 0.011736135, 0.011802897, 0.011833821, 0.011890058, 0.011938623, 0.011980396, 0.01199909, 0.012033262, 0.012063905, 0.012078039, 0.012103812, 0.012124734, 0.012139067, 0.012143261, 0.01214507, 0.012137809, 0.012131217, 0.012112389, 0.012087951, 0.012074094, 0.012043862, 0.012010242, 0.011972353, 0.011951483, 0.011904648, 0.011850381, 0.011820445, 0.011755116, 0.011683829, 0.011607984, 0.0115687195, 0.01148842, 0.011405515, 0.01136295, 0.0112745175, 0.011180482, 0.011131011, 0.0110272765, 0.010917355, 0.010802778, 0.010744162, 0.010625292, 0.010505421, 0.010445133, 0.010324233, 0.010201883, 0.01007684, 0.01001312, 0.009882851, 0.009749275, 0.009681523, 0.009544364, 0.00940572, 0.009335881, 0.00919515, 0.00905269, 0.008907495, 0.008833459, 0.008682127, 0.008526328, 0.008446906, 0.008285885, 0.008122651, 0.007957555, 0.0078743, 0.007705829, 0.0075336583, 0.007445591, 0.0072645033, 0.007075803, 0.00697827, 0.006776664, 0.0065664616, 0.0063474267, 0.0062343213, 0.005999499, 0.0057498077, 0.005617731, 0.005334989, 0.0050218743, 0.004678181, 0.0045014964, 0.004188948, 0.004089771, 0.0041923253, 0, 0
0, 0, 0, 0.0042233933, 0.004117309, 0.0042090192, 0.0045153894, 0.004689785, 0.0050306385, 0.005342853, 0.0056254887, 0.0057572136, 0.0060042646, 0.006232482, 0.0063404706, 0.006545641, 0.0067381356, 0.0069194534, 0.007006448, 0.0071738292, 0.0073337024, 0.007411323, 0.0075627305, 0.00770996, 0.0077823084, 0.007925093, 0.008065709, 0.008204514, 0.008273267, 0.008409243, 0.008543058, 0.008609151, 0.0087400125, 0.008869478, 0.008998524, 0.009063038, 0.009192383, 0.009322217, 0.009387447, 0.0095178215, 0.009647398, 0.009711522, 0.009837726, 0.0099607175, 0.010080778, 0.0101397885, 0.010256137, 0.010370909, 0.010427772, 0.010540808, 0.010652392, 0.0107621215, 0.010815852, 0.010920544, 0.011020957, 0.011069516, 0.011163369, 0.011253639, 0.011297563, 0.011383035, 0.0114653595, 0.011544071, 0.011581916, 0.011653822, 0.011719922, 0.011750633, 0.011807504, 0.0118585825, 0.01190465, 0.011925881, 0.011965203, 0.011999979, 0.012015573, 0.012042395, 0.012062462, 0.012074832, 0.012077906, 0.012078363, 0.012071565, 0.0120657645, 0.01205035, 0.012030402, 0.012018841, 0.01199258, 0.011961642, 0.011925124, 0.011904504, 0.011858245, 0.011805152, 0.0117763225, 0.011714654, 0.011648368, 0.011578433, 0.011542148, 0.011467001, 0.011387853, 0.011346538, 0.011259637, 0.011166314, 0.011117319, 0.01101463, 0.010906936, 0.010795042, 0.01073795, 0.010621718, 0.0105033815, 0.01044344, 0.010322087, 0.010198224, 0.010071662, 0.010007409, 0.009876947, 0.009744213, 0.009677265, 0.009541987, 0.0094047915, 0.009335207, 0.009193929, 0.009049184, 0.0089006405, 0.00882495, 0.008670515, 0.008512904, 0.0084330365, 0.008271602, 0.008107984, 0.0079416465, 0.007857116, 0.0076845344, 0.0075064977, 0.0074150525, 0.007226784, 0.007031629, 0.0069313743, 0.006725672, 0.0065128976, 0.006292032, 0.006177784, 0.0059396434, 0.0056844894, 0.005548565, 0.0052551706, 0.004926104, 0.004556751, 0.004361182, 0.0039902125, 0.0037926412, 0.0038348774, 0, 0
0, 0, 0, 0.0038454263, 0.0038025973, 0.0039991825, 0.0043680402, 0.0045617577, 0.004926243, 0.0052497326, 0.0055377735, 0.005671333, 0.0059221885, 0.006155616, 0.006266792, 0.0064795287, 0.006680013, 0.0068688258, 0.00695896, 0.0071311938, 0.0072938898, 0.007372338, 0.0075247367, 0.0076729157, 0.007745938, 0.007890642, 0.0080339555, 0.008175988, 0.008246374, 0.0083853565, 0.008521709, 0.008588896, 0.00872164, 0.008852743, 0.008983035, 0.009048021, 0.009177678, 0.0093069775, 0.009371379, 0.00949914, 0.009624991, 0.009686993, 0.009809046, 0.009928625, 0.010046631, 0.0101051545, 0.010221667, 0.01033729, 0.010394735, 0.010508453, 0.01062015, 0.010729012, 0.010782204, 0.010885811, 0.010985847, 0.011034739, 0.011130131, 0.011222939, 0.0112682115, 0.011355888, 0.011439361, 0.011517682, 0.011554721, 0.011624151, 0.011687728, 0.0117174825, 0.011773716, 0.011826303, 0.011875586, 0.011898906, 0.011942343, 0.011980238, 0.011996713, 0.01202398, 0.012042972, 0.012053726, 0.012056299, 0.0120567, 0.012052097, 0.012048194, 0.012037817, 0.0120236715, 0.012014793, 0.011992917, 0.011964694, 0.011929399, 0.011908934, 0.0118629895, 0.011811235, 0.011783668, 0.01172552, 0.0116642425, 0.0115996115, 0.0115657225, 0.011494245, 0.011417028, 0.011375958, 0.01128888, 0.0111954035, 0.011146624, 0.011045673, 0.0109413825, 0.0108343735, 0.010780002, 0.010668978, 0.010554494, 0.010495756, 0.010375093, 0.010250264, 0.010121579, 0.010056108, 0.0099233985, 0.009788998, 0.009721303, 0.009584781, 0.00944586, 0.009375136, 0.009230639, 0.009081604, 0.008928194, 0.008849924, 0.0086910445, 0.008529686, 0.008448174, 0.008283557, 0.008116061, 0.007944413, 0.007856462, 0.0076755905, 0.007487329, 0.0073902896, 0.0071905353, 0.006983542, 0.006877478, 0.006660153, 0.0064353123, 0.006201035, 0.0060794307, 0.005825006, 0.0055517396, 0.005406303, 0.0050938195, 0.0047465265, 0.004361044, 0.004158347, 0.0037731219, 0.003554966, 0.0035822173, 0, 0
0, 0, 0, 0.0035916858, 0.0035660057, 0.003789486, 0.0041786204, 0.0043814196, 0.0047622286, 0.0050993846, 0.005398632, 0.005537244, 0.0057977024, 0.0060412223, 0.0061579123, 0.006382227, 0.0065949406, 0.006796001, 0.006892181, 0.0070757885, 0.007249075, 0.0073325555, 0.007494622, 0.0076523167, 0.0077300817, 0.007884145, 0.008036642, 0.008187032, 0.00826123, 0.008407139, 0.008549441, 0.008619281, 0.0087566795, 0.008891888, 0.0090256035, 0.009091945, 0.009223619, 0.009353393, 0.009417406, 0.009542965, 0.009665203, 0.009725124, 0.009842978, 0.009959386, 0.010075586, 0.01013383, 0.010250948, 0.010368107, 0.010426405, 0.0105412705, 0.010653019, 0.010760666, 0.010812881, 0.010914215, 0.011012176, 0.011060145, 0.011154544, 0.011246689, 0.01129167, 0.01137883, 0.0114607755, 0.011536598, 0.011571996, 0.011637955, 0.011698234, 0.011726748, 0.01178145, 0.01183397, 0.011884634, 0.011908888, 0.01195442, 0.011993963, 0.01201097, 0.012038547, 0.012057451, 0.012068475, 0.012071558, 0.012074067, 0.012073229, 0.012071811, 0.012066998, 0.012058223, 0.012051802, 0.012033674, 0.012007507, 0.011973101, 0.011952881, 0.011907642, 0.011857469, 0.011831111, 0.011776663, 0.011719755, 0.011659222, 0.011627038, 0.011557916, 0.011481278, 0.011439999, 0.011352272, 0.011258644, 0.011210295, 0.011111617, 0.011011531, 0.010910372, 0.010859066, 0.010754339, 0.010644896, 0.010588032, 0.01046972, 0.010345312, 0.010215841, 0.010149697, 0.010015417, 0.009879321, 0.009810741, 0.00967208, 0.009530401, 0.009457929, 0.00930931, 0.009155251, 0.00899605, 0.008914928, 0.008750255, 0.008583008, 0.008498566, 0.008327577, 0.008152622, 0.007971962, 0.007878959, 0.0076867575, 0.0074858055, 0.0073821363, 0.007168518, 0.0069470215, 0.0068334737, 0.00660031, 0.0063579055, 0.0061039235, 0.0059716604, 0.0056945435, 0.005398061, 0.0052414695, 0.004909156, 0.00454787, 0.0041575157, 0.0039562867, 0.0035804436, 0.0033709097, 0.0033971027, 0, 0
0, 0, 0, 0.0034250973, 0.0034017584, 0.0036202401, 0.004002997, 0.0042049694, 0.004589443, 0.004935604, 0.005246747, 0.0053918655, 0.0056661675, 0.005924076, 0.0060481145, 0.006287504, 0.006515618, 0.006732278, 0.006836207, 0.007035594, 0.0072247623, 0.0073162303, 0.007494201, 0.0076675043, 0.007752775, 0.007921168, 0.008086343, 0.008247584, 0.008326458, 0.008480248, 0.0086288415, 0.008701379, 0.008843489, 0.008982883, 0.00912023, 0.009188353, 0.009322948, 0.009454638, 0.009519133, 0.009644592, 0.009765426, 0.00982431, 0.009939794, 0.010053998, 0.010168647, 0.010226453, 0.0103432285, 0.010460291, 0.010518476, 0.010632589, 0.010742445, 0.01084682, 0.010896967, 0.010993504, 0.011086388, 0.011131915, 0.011221646, 0.011309748, 0.0113528995, 0.011436639, 0.01151528, 0.011587707, 0.01162138, 0.011683873, 0.011740943, 0.01176799, 0.011820169, 0.011870947, 0.011920333, 0.011944206, 0.011988785, 0.012027772, 0.012044406, 0.012071677, 0.012090949, 0.012103339, 0.012107478, 0.0121128615, 0.0121157775, 0.012116401, 0.01211558, 0.012110299, 0.012105307, 0.012089403, 0.012064817, 0.012031575, 0.012012216, 0.011969141, 0.011922024, 0.011897532, 0.011847219, 0.011794812, 0.011738398, 0.011707994, 0.01164164, 0.011566771, 0.011526261, 0.011439966, 0.011348377, 0.0113014, 0.011206232, 0.011110776, 0.011014846, 0.010966269, 0.010866474, 0.010761342, 0.010706307, 0.010590771, 0.010468256, 0.0103401365, 0.010274581, 0.010141163, 0.010005544, 0.009936802, 0.009797297, 0.009653663, 0.009579863, 0.009427685, 0.009269001, 0.00910453, 0.009020377, 0.008849051, 0.008674424, 0.0085858945, 0.00840592, 0.008220741, 0.008028631, 0.007929464, 0.007724339, 0.0075098774, 0.0073992023, 0.0071714525, 0.0069352845, 0.0068139895, 0.0065644714, 0.006303925, 0.006029902, 0.0058869813, 0.005587958, 0.0052698366, 0.0051030805, 0.004753424, 0.0043810476, 0.0039886055, 0.0037900866, 0.0034256647, 0.0032275242, 0.0032548138, 0, 0
0, 0, 0, 0.0033079535, 0.0032830744, 0.0034884305, 0.003856355, 0.0040534516, 0.004435465, 0.004787985, 0.005111919, 0.0052650385, 0.0055572945, 0.005834411, 0.0059680925, 0.006226552, 0.0064732824, 0.0067082173, 0.006821221, 0.007038811, 0.0072464524, 0.0073470683, 0.0075434214, 0.0077343965, 0.007828138, 0.008012118, 0.008190707, 0.008362832, 0.008446209, 0.008607373, 0.00876142, 0.008836171, 0.008982125, 0.009124901, 0.009265657, 0.009335428, 0.009473353, 0.009608012, 0.009673716, 0.009801038, 0.009922844, 0.009981778, 0.010096769, 0.010209372, 0.010321669, 0.010378026, 0.0104913, 0.010604292, 0.010660159, 0.01076912, 0.010873087, 0.010970826, 0.0110173, 0.01110624, 0.011191225, 0.011232865, 0.011314955, 0.0113960365, 0.011436002, 0.0115139615, 0.011587763, 0.011656084, 0.011687881, 0.011746815, 0.011800449, 0.011825663, 0.011874074, 0.011920627, 0.011965658, 0.0119872615, 0.012027822, 0.012063169, 0.012078449, 0.012104026, 0.012122678, 0.012135711, 0.0121404715, 0.012147614, 0.0121522, 0.0121535435, 0.012153916, 0.012149588, 0.012145036, 0.012130207, 0.012107448, 0.012077192, 0.012059672, 0.0120212035, 0.011979433, 0.011957824, 0.011913227, 0.011866401, 0.011815275, 0.01178747, 0.011726174, 0.011656739, 0.011619116, 0.011538863, 0.011453654, 0.01140978, 0.011320711, 0.011230556, 0.01113885, 0.011092117, 0.01099536, 0.010892884, 0.010839118, 0.010726286, 0.01060699, 0.010482322, 0.010418474, 0.010288473, 0.010155522, 0.010087769, 0.0099490965, 0.009804955, 0.009730489, 0.009576094, 0.00941424, 0.009245615, 0.009159002, 0.008981758, 0.008799714, 0.008706923, 0.008517262, 0.008321126, 0.008117102, 0.008011699, 0.0077938926, 0.0075666104, 0.00744949, 0.007208627, 0.00695895, 0.006830649, 0.00656637, 0.0062901834, 0.0059996527, 0.005848283, 0.005532199, 0.0051974556, 0.0050228434, 0.004658835, 0.004275012, 0.0038753736, 0.0036752336, 0.0033111789, 0.003114507, 0.0031406078, 0, 0
0, 0, 0, 0.0032128247, 0.0031862943, 0.003381191, 0.0037381416, 0.003932032, 0.0043142997, 0.004675861, 0.0050157863, 0.005178733, 0.0054926886, 0.0057925833, 0.0059375972, 0.0062181083, 0.0064856946, 0.0067403186, 0.0068629356, 0.007099209, 0.007325108, 0.007434735, 0.0076486114, 0.007855975, 0.007957482, 0.008155438, 0.008346022, 0.008528121, 0.008615742, 0.008783968, 0.0089436555, 0.009020734, 0.009170747, 0.00931701, 0.009460889, 0.009532098, 0.009672751, 0.009809906, 0.009876691, 0.010005878, 0.010128688, 0.0101878, 0.010301819, 0.010411848, 0.010519461, 0.010572728, 0.010678316, 0.0107823685, 0.010833404, 0.01093229, 0.011026084, 0.011113809, 0.011155386, 0.011234682, 0.011310046, 0.011346782, 0.011419342, 0.011491012, 0.011526444, 0.011595918, 0.011662337, 0.011724315, 0.011753264, 0.011806948, 0.011855524, 0.011878003, 0.011920522, 0.011960334, 0.011998023, 0.012015945, 0.01204933, 0.012078725, 0.01209159, 0.012113547, 0.012130254, 0.012142391, 0.012146975, 0.012153569, 0.012157393, 0.01215819, 0.012157361, 0.0121521475, 0.012147603, 0.012134146, 0.012114629, 0.012089618, 0.012075325, 0.01204392, 0.01200978, 0.011991835, 0.011954264, 0.0119138695, 0.011869237, 0.011844874, 0.011791508, 0.011731517, 0.01169906, 0.011629756, 0.011555448, 0.011516852, 0.011436977, 0.011353656, 0.011266809, 0.011221669, 0.011127612, 0.011027643, 0.0109753, 0.01086615, 0.010751614, 0.010632373, 0.01057123, 0.010446224, 0.010317223, 0.010250901, 0.010114013, 0.009970317, 0.009895651, 0.009740491, 0.0095774485, 0.009406926, 0.009319031, 0.009138285, 0.008951071, 0.008854976, 0.008657623, 0.008452426, 0.008238503, 0.008128013, 0.007899862, 0.007662195, 0.0075399107, 0.007288376, 0.007027451, 0.006893338, 0.0066168415, 0.006328383, 0.0060257423, 0.0058685844, 0.005541587, 0.0051964927, 0.0050167846, 0.004642048, 0.0042461096, 0.003832104, 0.0036240267, 0.003243151, 0.0030305106, 0.0030500917, 0, 0
0, 0, 0, 0.0031283512, 0.0031024057, 0.003296465, 0.00365483, 0.003851299, 0.004243142, 0.0046198266, 0.0049791685, 0.005152817, 0.0054891417, 0.0058114915, 0.005967376, 0.0062686643, 0.0065556047, 0.0068284585, 0.0069597927, 0.0072130524, 0.007455097, 0.0075724046, 0.0078008273, 0.008021442, 0.008128924, 0.008337873, 0.008538147, 0.00872897, 0.008820633, 0.008996556, 0.009163145, 0.009243406, 0.009399019, 0.009549537, 0.009696271, 0.009768329, 0.009909655, 0.010046576, 0.010112988, 0.010241138, 0.010362226, 0.010420096, 0.0105307875, 0.010635536, 0.010735613, 0.010784191, 0.010878903, 0.010970307, 0.011014688, 0.011100223, 0.011181088, 0.01125691, 0.011293062, 0.011361811, 0.011426709, 0.011458138, 0.011519642, 0.01157962, 0.011609052, 0.011666597, 0.011721638, 0.011773224, 0.0117974905, 0.011842407, 0.011882664, 0.01190115, 0.011935164, 0.011966186, 0.011994403, 0.012007702, 0.012032467, 0.012054595, 0.012064452, 0.012081839, 0.012095606, 0.01210583, 0.012109593, 0.01211449, 0.012116252, 0.01211594, 0.012113078, 0.012107034, 0.012102767, 0.012091701, 0.012077331, 0.012059546, 0.012049418, 0.012026724, 0.012000943, 0.011986858, 0.011956323, 0.011922293, 0.011884385, 0.011863942, 0.011819805, 0.011771294, 0.011745343, 0.011689871, 0.011629476, 0.01159745, 0.011529249, 0.011455364, 0.011375515, 0.011333303, 0.011244296, 0.011149606, 0.011100197, 0.010997718, 0.01089059, 0.010779061, 0.01072146, 0.010602449, 0.010477773, 0.010413013, 0.010278076, 0.010135583, 0.010061376, 0.009907214, 0.00974543, 0.009576127, 0.009488681, 0.009308091, 0.00911952, 0.0090220515, 0.008820748, 0.008610291, 0.008390452, 0.008276981, 0.008042891, 0.007799254, 0.0076738787, 0.007415706, 0.007147289, 0.0070090634, 0.00672401, 0.006426897, 0.006116684, 0.0059563615, 0.005624398, 0.0052758115, 0.00509444, 0.0047154445, 0.0043114335, 0.003882399, 0.003663129, 0.003251721, 0.0030021395, 0.0030060324, 0, 0
0, 0, 0, 0.0030605262, 0.003040502, 0.003251454, 0.0036297701, 0.0038365428, 0.004248829, 0.0046454095, 0.005023964, 0.00520687, 0.005560761, 0.0058992244, 0.006062604, 0.006377919, 0.0066781673, 0.006964083, 0.0071018985, 0.0073680463, 0.00762258, 0.0077458243, 0.007985103, 0.00821508, 0.008326649, 0.0085429335, 0.008749841, 0.008947344, 0.009042548, 0.009225801, 0.009399974, 0.009483836, 0.009645735, 0.009800401, 0.00994871, 0.010020491, 0.01015939, 0.010291861, 0.010355677, 0.0104780225, 0.010593159, 0.01064801, 0.01075207, 0.010849084, 0.010939761, 0.010982942, 0.011065392, 0.011143048, 0.011180156, 0.01125143, 0.011318631, 0.0113820415, 0.011412329, 0.011469957, 0.011523876, 0.011549556, 0.011598411, 0.011644443, 0.011666448, 0.01170855, 0.011748035, 0.011784867, 0.011802236, 0.01183451, 0.011863386, 0.011876547, 0.0119003225, 0.011921221, 0.011939637, 0.011948212, 0.011964108, 0.011978802, 0.011985639, 0.01199826, 0.012008848, 0.012016959, 0.012019787, 0.012023152, 0.012023182, 0.012022121, 0.0120182345, 0.012012551, 0.0120092, 0.012001827, 0.011993375, 0.011983362, 0.011977466, 0.011963361, 0.011945318, 0.011934792, 0.0119105615, 0.0118823685, 0.011850904, 0.011834166, 0.011799103, 0.01176192, 0.011742292, 0.011700742, 0.011654463, 0.011629245, 0.011573958, 0.011511536, 0.011441889, 0.01140452, 0.011325116, 0.01124043, 0.0111963535, 0.011105013, 0.011009046, 0.010907645, 0.010854567, 0.010742875, 0.010623259, 0.010560414, 0.010428574, 0.010288828, 0.010216261, 0.01006571, 0.009908409, 0.009743946, 0.009658797, 0.009481948, 0.0092956275, 0.009198741, 0.008997356, 0.008785972, 0.008564918, 0.008450928, 0.008216156, 0.0079721445, 0.007846499, 0.0075873323, 0.0073167896, 0.0071770046, 0.006888307, 0.006587489, 0.0062747467, 0.00611397, 0.0057831164, 0.005438394, 0.0052597993, 0.004886891, 0.0044874004, 0.004057378, 0.0038338604, 0.0034023025, 0.0031140847, 0.0030949812, 0, 0
0, 0, 0, 0.0030387694, 0.0030346601, 0.003285571, 0.0037002803, 0.003922173, 0.0043585235, 0.0047726585, 0.005163839, 0.0053516026, 0.0057129175, 0.0060565276, 0.006222039, 0.0065413495, 0.0068462933, 0.007137994, 0.007279285, 0.007553124, 0.0078157615, 0.007943021, 0.008189424, 0.008425005, 0.008538696, 0.00875836, 0.008968069, 0.009168603, 0.009265579, 0.009453252, 0.0096325325, 0.0097189015, 0.0098848, 0.0100413775, 0.010188344, 0.010258317, 0.010391207, 0.010515327, 0.010574477, 0.010687162, 0.01079279, 0.010843047, 0.01093826, 0.011026295, 0.011107241, 0.011145069, 0.011215754, 0.01128037, 0.011310619, 0.011367998, 0.011421536, 0.011471914, 0.011495914, 0.011541317, 0.011582757, 0.011601779, 0.011636537, 0.011666865, 0.011680457, 0.011705006, 0.011726791, 0.011746573, 0.011755972, 0.011773732, 0.011789749, 0.011797067, 0.01181015, 0.011821127, 0.011830229, 0.011834296, 0.011841712, 0.011849045, 0.011852788, 0.011860343, 0.011867398, 0.011873177, 0.011875302, 0.011877537, 0.011877144, 0.011875981, 0.011872497, 0.011868352, 0.011866358, 0.011862916, 0.011859837, 0.011856362, 0.011853999, 0.011847165, 0.011836199, 0.0118290335, 0.011811063, 0.011789142, 0.011764592, 0.0117517235, 0.011725537, 0.011698752, 0.011684923, 0.011655391, 0.011621686, 0.011602757, 0.011559977, 0.011509899, 0.011452888, 0.011421927, 0.011356056, 0.011285717, 0.011249074, 0.011172649, 0.01109094, 0.0110020805, 0.010954489, 0.010852023, 0.010739702, 0.010679903, 0.010553884, 0.010420243, 0.010350951, 0.01020778, 0.010058355, 0.0099019, 0.009820453, 0.0096501205, 0.009468769, 0.0093737515, 0.009175323, 0.008966393, 0.008747965, 0.008635568, 0.008404666, 0.00816534, 0.008042151, 0.007787583, 0.0075208573, 0.0073826807, 0.007096449, 0.006797887, 0.0064883414, 0.0063299234, 0.006005949, 0.0056717857, 0.0055000284, 0.005143987, 0.004765629, 0.004360966, 0.0041520097, 0.0037554146, 0.0035152563, 0.0035229372, 0, 0
0, 0, 0, 0.0031450258, 0.0031650215, 0.0034601232, 0.0039033913, 0.004134268, 0.004581279, 0.0049993587, 0.005389912, 0.005576194, 0.005932802, 0.006270575, 0.0064332536, 0.006747632, 0.007049361, 0.007340406, 0.007482275, 0.0077587594, 0.008025239, 0.008154453, 0.00840423, 0.008641734, 0.008755821, 0.008974927, 0.009183046, 0.009381655, 0.009477793, 0.009664398, 0.009843155, 0.009929283, 0.010094145, 0.010248165, 0.010390234, 0.01045674, 0.010580968, 0.010694604, 0.010747989, 0.010849131, 0.010943752, 0.010988845, 0.011074309, 0.011153079, 0.011224546, 0.011257443, 0.011317174, 0.011369613, 0.011393436, 0.011437023, 0.011476404, 0.011512624, 0.011529516, 0.011560658, 0.011587646, 0.011599305, 0.011618779, 0.011632989, 0.011638279, 0.011645888, 0.011650955, 0.011654788, 0.01165657, 0.011660449, 0.01166438, 0.011666239, 0.011669325, 0.011671042, 0.011671543, 0.011671343, 0.011670805, 0.011670666, 0.011670886, 0.011672461, 0.011674941, 0.011677594, 0.0116787385, 0.011679926, 0.011679539, 0.01167872, 0.011676419, 0.0116741825, 0.011673355, 0.011672813, 0.011673679, 0.011674959, 0.0116752675, 0.011674253, 0.011670007, 0.011666384, 0.011656188, 0.0116427075, 0.011627137, 0.011619063, 0.0116027575, 0.011586212, 0.011577649, 0.011558765, 0.011535994, 0.011522632, 0.011491171, 0.011453341, 0.011409591, 0.011385768, 0.011334963, 0.011280548, 0.01125197, 0.011191433, 0.011124769, 0.011049664, 0.011008311, 0.01091736, 0.010815459, 0.010760716, 0.0106445225, 0.010521065, 0.010457034, 0.010324733, 0.010186208, 0.0100397905, 0.009962983, 0.00980071, 0.009625935, 0.00953376, 0.009340257, 0.0091360295, 0.008922801, 0.008813321, 0.008588894, 0.008356956, 0.008237701, 0.007991276, 0.007732673, 0.00759842, 0.007319831, 0.0070287776, 0.0067271367, 0.006573034, 0.0062591424, 0.0059379176, 0.0057740384, 0.0054377816, 0.005086455, 0.0047204, 0.0045379424, 0.004226282, 0.004202476, 0.0044748923, 0.0061234324, 0
0, 0, 0, 0.0035779385, 0.0035733161, 0.0038257136, 0.0042402823, 0.0044598063, 0.004887332, 0.005288412, 0.0056635896, 0.0058426834, 0.0061858143, 0.006511422, 0.0066687055, 0.0069737458, 0.0072684293, 0.007554848, 0.007695233, 0.007970152, 0.008236193, 0.008365371, 0.008614684, 0.008850702, 0.008963412, 0.009178669, 0.009381436, 0.009573729, 0.009666536, 0.009846316, 0.01001831, 0.01010109, 0.010259177, 0.01040605, 0.010540127, 0.010602201, 0.010716682, 0.010819731, 0.010867612, 0.010957563, 0.01104121, 0.011080871, 0.0111561725, 0.01122512, 0.011286709, 0.011314338, 0.011363153, 0.011403379, 0.011420628, 0.011450277, 0.011474802, 0.011495494, 0.011504583, 0.011520101, 0.011531726, 0.011535853, 0.0115404595, 0.011540003, 0.011538189, 0.011531832, 0.011523458, 0.011514633, 0.011510422, 0.011503016, 0.011496792, 0.011493884, 0.011488005, 0.011481452, 0.011473753, 0.0114695355, 0.011461057, 0.011453056, 0.01144958, 0.011444159, 0.011440827, 0.011439284, 0.011438846, 0.011438209, 0.011437504, 0.011436975, 0.0114359595, 0.011435305, 0.011435391, 0.011436814, 0.0114401365, 0.011444563, 0.011446923, 0.011451164, 0.011453785, 0.0114543075, 0.011453602, 0.0114508895, 0.011446786, 0.011444474, 0.01143954, 0.011433808, 0.011430436, 0.011421718, 0.011409012, 0.011400792, 0.011380028, 0.011353904, 0.011322881, 0.011305865, 0.011269194, 0.011229098, 0.011207654, 0.011161194, 0.011108147, 0.011046142, 0.011011224, 0.010933243, 0.010844412, 0.0107963355, 0.010693676, 0.010583814, 0.010526525, 0.010407195, 0.010280675, 0.010145163, 0.010073238, 0.009919909, 0.009752915, 0.009664357, 0.009477853, 0.009280438, 0.009074046, 0.008968026, 0.00875064, 0.008526071, 0.0084106205, 0.008172262, 0.007922153, 0.0077922316, 0.0075226766, 0.0072405995, 0.0069477954, 0.006797947, 0.0064922646, 0.0061791004, 0.0060194624, 0.005692388, 0.0053522144, 0.0049990136, 0.0048224516, 0.004510456, 0.0044073965, 0.004533574, 0.005179128, 0
0, 0, 0.006205609, 0.0045330557, 0.0042601633, 0.004292822, 0.004620228, 0.00481226, 0.005199308, 0.0055713863, 0.0059249112, 0.0060950974, 0.0064235977, 0.0067378464, 0.0068902886, 0.0071870834, 0.007474949, 0.0077554556, 0.007893151, 0.008163091, 0.008424616, 0.008551574, 0.008796444, 0.009027559, 0.009137624, 0.00934685, 0.009542382, 0.009726265, 0.009814502, 0.0099843135, 0.010145705, 0.010223191, 0.010370861, 0.010507688, 0.010632245, 0.010689613, 0.0107949665, 0.010888565, 0.0109316865, 0.011011587, 0.011084719, 0.011119031, 0.011183268, 0.011241025, 0.011291261, 0.011313163, 0.011350097, 0.011377889, 0.011388609, 0.011404515, 0.011414541, 0.011420249, 0.011421749, 0.011422432, 0.011419852, 0.01141724, 0.011409218, 0.011397474, 0.011390321, 0.01137406, 0.011356282, 0.011338449, 0.011329875, 0.0113137355, 0.011299007, 0.011292018, 0.011278075, 0.011263732, 0.0112485355, 0.011240639, 0.011224726, 0.011209468, 0.011202368, 0.011190271, 0.011181164, 0.0111749815, 0.011172833, 0.011170104, 0.011168839, 0.011168553, 0.011168671, 0.011169682, 0.011170678, 0.011173974, 0.011179167, 0.0111863455, 0.011190514, 0.011199541, 0.011208942, 0.011213573, 0.01122252, 0.011230852, 0.01123845, 0.011241942, 0.011248055, 0.011252824, 0.0112544345, 0.011255445, 0.011252472, 0.011249312, 0.011239331, 0.011224638, 0.011205614, 0.011194617, 0.011169902, 0.011141397, 0.01112551, 0.011089715, 0.011047273, 0.010996533, 0.01096765, 0.010902594, 0.010827923, 0.010787226, 0.010699591, 0.010604309, 0.010553887, 0.010447247, 0.010332058, 0.010206605, 0.010139515, 0.0099953795, 0.009837595, 0.009753677, 0.009576526, 0.0093882615, 0.00919015, 0.009087918, 0.0088772485, 0.008658247, 0.008545331, 0.008311824, 0.008066872, 0.007939725, 0.0076758657, 0.007399493, 0.0071112746, 0.0069630407, 0.006658412, 0.0063426243, 0.0061799902, 0.005843256, 0.0054871407, 0.005107583, 0.0049108607, 0.00452823, 0.0042651743, 0.004250001, 0.0045309328, 0
0, 0, 0.005229761, 0.004576097, 0.0044481317, 0.0045528905, 0.0048719333, 0.005053704, 0.0054197167, 0.0057742093, 0.006114672, 0.006279902, 0.0066011534, 0.00691067, 0.007061168, 0.0073541966, 0.007637772, 0.007912581, 0.008046927, 0.008309243, 0.0085625425, 0.008685323, 0.008922083, 0.009145743, 0.009252286, 0.009454706, 0.009643276, 0.009819321, 0.009903199, 0.01006325, 0.010213973, 0.01028584, 0.010422459, 0.010548714, 0.010663738, 0.010716824, 0.010813849, 0.01089956, 0.010938498, 0.01100952, 0.011072508, 0.011101368, 0.011153845, 0.011199354, 0.011237154, 0.011252988, 0.011278095, 0.011294388, 0.01129944, 0.0113039445, 0.011302427, 0.011296405, 0.011292014, 0.011281138, 0.011267806, 0.0112602245, 0.011243305, 0.011223829, 0.011213228, 0.011190537, 0.011166684, 0.011142525, 0.011130604, 0.011107448, 0.01108526, 0.011074445, 0.011053236, 0.011032042, 0.011010705, 0.0110000195, 0.01097873, 0.010958428, 0.010949002, 0.010932498, 0.010919406, 0.010909961, 0.010906667, 0.010902516, 0.010901189, 0.010901392, 0.010903202, 0.01090654, 0.010908697, 0.010914411, 0.010922206, 0.010932304, 0.010938136, 0.010951278, 0.010966027, 0.010973815, 0.010990024, 0.011006517, 0.011022547, 0.011030218, 0.0110445665, 0.011057271, 0.011062885, 0.011071954, 0.011077984, 0.011079652, 0.011080083, 0.011076459, 0.011068574, 0.011063004, 0.011048287, 0.01102866, 0.011016801, 0.010988788, 0.010954281, 0.010912622, 0.010888802, 0.01083526, 0.010773544, 0.010739621, 0.010665544, 0.010582955, 0.010538284, 0.010441936, 0.010335665, 0.010218423, 0.010155471, 0.0100203585, 0.00987282, 0.009794383, 0.0096286135, 0.009451419, 0.009263156, 0.009164951, 0.008960599, 0.008745452, 0.008633762, 0.008401699, 0.008157469, 0.008030631, 0.0077671837, 0.0074906973, 0.007200459, 0.007049976, 0.0067376285, 0.006408056, 0.006235881, 0.0058737355, 0.005482586, 0.005056436, 0.0048310244, 0.00437627, 0.0040119966, 0.003933243, 0.0040946426, 0
0, 0, 0.004530193, 0.004249387, 0.0042642388, 0.004526524, 0.0049094595, 0.005107319, 0.0054911356, 0.0058545573, 0.0062005115, 0.0063681533, 0.0066936184, 0.0070065632, 0.007158281, 0.0074522654, 0.007733973, 0.008003822, 0.008134553, 0.008387888, 0.008630701, 0.008748132, 0.008974652, 0.009189407, 0.009292048, 0.009487784, 0.009670536, 0.009840635, 0.009921186, 0.010073695, 0.010215599, 0.010282763, 0.010409619, 0.01052638, 0.01063273, 0.010681874, 0.010771601, 0.010850381, 0.010885671, 0.01094892, 0.011002835, 0.011026546, 0.0110682305, 0.011102278, 0.011128982, 0.011139524, 0.011155081, 0.011163182, 0.011164542, 0.011162357, 0.0111544235, 0.011141898, 0.011134248, 0.011116776, 0.011097104, 0.011086686, 0.011064496, 0.011040594, 0.011028023, 0.011001582, 0.010973916, 0.010945198, 0.010930768, 0.01090189, 0.010873518, 0.010859664, 0.0108326, 0.0108066965, 0.010781858, 0.01076982, 0.010746629, 0.010725122, 0.010715214, 0.010697681, 0.010683647, 0.010673491, 0.010669973, 0.010665901, 0.010665429, 0.0106663965, 0.010670481, 0.010676747, 0.010680457, 0.0106892735, 0.010700115, 0.01071306, 0.01072028, 0.010736192, 0.010753975, 0.010763376, 0.010782893, 0.010802842, 0.010822336, 0.010831806, 0.01084959, 0.010866199, 0.010874002, 0.010888366, 0.010900975, 0.010906485, 0.010915517, 0.010921165, 0.010922572, 0.010921395, 0.010914763, 0.010902021, 0.0108932005, 0.010870937, 0.010842356, 0.010807561, 0.010787753, 0.010743145, 0.010691251, 0.010662345, 0.010598089, 0.0105242375, 0.010483457, 0.010393821, 0.010293373, 0.010182121, 0.01012237, 0.009995111, 0.009857315, 0.009784357, 0.009630107, 0.009464333, 0.009286158, 0.009192119, 0.008994067, 0.008782507, 0.0086715985, 0.008439896, 0.008194589, 0.0080668805, 0.007801003, 0.0075205658, 0.0072239446, 0.0070689265, 0.0067438637, 0.0063955584, 0.006211512, 0.005820013, 0.0053919666, 0.004922546, 0.0046735858, 0.004170338, 0.0037570517, 0.0036536832, 0.0037716962, 0
0, 0, 0.0040440448, 0.003885623, 0.0039646663, 0.0043273657, 0.0047792466, 0.0050034085, 0.005428184, 0.0058209426, 0.0061878883, 0.0063636145, 0.006701576, 0.0070228837, 0.0071774465, 0.0074744555, 0.0077555343, 0.008021302, 0.008148698, 0.008393556, 0.008626092, 0.008738168, 0.008954363, 0.009160157, 0.0092590405, 0.009448326, 0.009625903, 0.00979111, 0.009869107, 0.010015943, 0.010151021, 0.010214431, 0.010333351, 0.010442188, 0.010541116, 0.010586831, 0.010670403, 0.010743368, 0.010775894, 0.0108332215, 0.010880591, 0.0109008085, 0.010934726, 0.010961049, 0.010980878, 0.010988455, 0.010999213, 0.011004116, 0.01100447, 0.011000853, 0.01099205, 0.010978395, 0.010970016, 0.010950872, 0.01092918, 0.010917676, 0.010893504, 0.010868027, 0.010854724, 0.010826926, 0.010797562, 0.01076666, 0.010750956, 0.010719046, 0.010687333, 0.010671852, 0.010642123, 0.01061468, 0.010589752, 0.010578163, 0.01055668, 0.010537437, 0.0105287675, 0.010513379, 0.010501122, 0.010492272, 0.010489238, 0.010486119, 0.0104869725, 0.01048878, 0.0104948925, 0.010503711, 0.010508872, 0.010520478, 0.010533623, 0.010548434, 0.0105564045, 0.010573491, 0.01059184, 0.0106013715, 0.010620882, 0.01064053, 0.010659469, 0.010668606, 0.010686125, 0.010702849, 0.010711043, 0.010727069, 0.010742491, 0.010749894, 0.01076346, 0.010774391, 0.010781292, 0.0107827755, 0.0107810665, 0.010772535, 0.010765652, 0.010747164, 0.01072246, 0.010691995, 0.010674695, 0.010635363, 0.01058911, 0.010563005, 0.010503901, 0.010434416, 0.010395497, 0.010309202, 0.0102118, 0.01010421, 0.010046857, 0.009925288, 0.009794709, 0.009725924, 0.009580549, 0.009423578, 0.00925353, 0.009163092, 0.008970959, 0.008763763, 0.008654508, 0.008425116, 0.008181256, 0.00805387, 0.007787648, 0.007505014, 0.007203711, 0.0070451563, 0.0067102984, 0.006348385, 0.0061560627, 0.0057453215, 0.005294986, 0.004801134, 0.004539527, 0.0040095337, 0.0035658327, 0.0034448416, 0.0035304255, 0
0, 0, 0.0036901906, 0.0035754633, 0.0036782278, 0.004087439, 0.004585094, 0.0048310827, 0.005295184, 0.005719311, 0.0061092335, 0.0062935147, 0.0066437516, 0.0069721136, 0.0071286764, 0.0074273166, 0.007707379, 0.007969785, 0.008094756, 0.008333286, 0.008558111, 0.008665993, 0.008873929, 0.009071786, 0.009166953, 0.009349607, 0.009521411, 0.009681611, 0.00975712, 0.00989883, 0.010028371, 0.010088764, 0.0102016525, 0.01030448, 0.010397798, 0.010440935, 0.010520166, 0.010589706, 0.010620831, 0.010675591, 0.010720575, 0.010739639, 0.010771567, 0.010796356, 0.010815308, 0.010822811, 0.010834262, 0.01084096, 0.010842474, 0.010841833, 0.010836155, 0.010825425, 0.010818366, 0.010801314, 0.010781189, 0.010770335, 0.010747342, 0.010723192, 0.010710709, 0.010684621, 0.010657057, 0.010627896, 0.010612887, 0.010582367, 0.01055193, 0.010537104, 0.010509052, 0.010483929, 0.010462032, 0.0104522845, 0.010434864, 0.010419868, 0.010413223, 0.010401376, 0.010391886, 0.010384941, 0.010382539, 0.0103804255, 0.010382048, 0.010384255, 0.010391265, 0.010401028, 0.010406717, 0.010419235, 0.010432984, 0.010447913, 0.010455695, 0.010472045, 0.010489125, 0.010497829, 0.010515656, 0.010533242, 0.0105501935, 0.010558336, 0.010573825, 0.010588509, 0.010595653, 0.0106098605, 0.010623727, 0.010630409, 0.010642884, 0.010653158, 0.010659749, 0.010661227, 0.010659604, 0.010651338, 0.010644697, 0.010626635, 0.01060263, 0.010573013, 0.010556026, 0.010517505, 0.010472101, 0.010446385, 0.010387912, 0.010319005, 0.010280452, 0.010195045, 0.01009901, 0.009993351, 0.009937293, 0.009818733, 0.009691597, 0.009624666, 0.009483232, 0.009330473, 0.009164475, 0.00907624, 0.0088887485, 0.008686618, 0.008580171, 0.008356735, 0.008118999, 0.007994608, 0.00773378, 0.0074553234, 0.007156655, 0.0069988454, 0.0066645257, 0.0063028303, 0.0061107837, 0.005701727, 0.005255512, 0.0047682696, 0.004510195, 0.0039842203, 0.0035295582, 0.0033929567, 0.0034358252, 0
0, 0, 0.0034346506, 0.003350523, 0.0034685826, 0.0039033038, 0.004423251, 0.004679851, 0.0051634326, 0.005603158, 0.006003634, 0.0061911806, 0.0065445094, 0.0068725757, 0.0070281234, 0.0073240516, 0.007600969, 0.00786005, 0.007983327, 0.008218129, 0.008438618, 0.008543994, 0.008746092, 0.008937446, 0.009029191, 0.0092049455, 0.009370149, 0.009524435, 0.009597288, 0.009734226, 0.00985963, 0.009918087, 0.01002734, 0.010126981, 0.010217741, 0.010259808, 0.010337908, 0.0104073435, 0.010438871, 0.0104954345, 0.010543365, 0.010564241, 0.010600247, 0.010629691, 0.010653609, 0.010663719, 0.010680648, 0.010692896, 0.010697283, 0.010702313, 0.010702327, 0.010697223, 0.010692937, 0.010681155, 0.01066608, 0.010657788, 0.010639887, 0.010621069, 0.010611309, 0.010591065, 0.010569663, 0.010547098, 0.010535377, 0.010511449, 0.010487502, 0.010475796, 0.0104538, 0.010434238, 0.010417646, 0.0104103405, 0.010397715, 0.0103869755, 0.010382229, 0.010373664, 0.010366672, 0.0103612915, 0.010359475, 0.010357866, 0.010359414, 0.010361438, 0.010367693, 0.010376496, 0.01038154, 0.010392612, 0.01040451, 0.010417102, 0.010423583, 0.010437151, 0.010451296, 0.010458696, 0.010473801, 0.010488987, 0.010503565, 0.010510484, 0.010523186, 0.01053444, 0.010539604, 0.010548923, 0.0105569735, 0.010560362, 0.010566046, 0.010569388, 0.010569367, 0.010567734, 0.010560566, 0.010547486, 0.010538719, 0.010516694, 0.010489007, 0.010455558, 0.010436625, 0.01039408, 0.010344669, 0.010317093, 0.0102552315, 0.0101839565, 0.010144603, 0.010058201, 0.009962246, 0.009857157, 0.009801315, 0.009683095, 0.009555762, 0.009488481, 0.009346215, 0.0091926055, 0.009026803, 0.008939127, 0.0087542115, 0.00855681, 0.008453632, 0.008238165, 0.008009857, 0.007890523, 0.007640327, 0.00737267, 0.007085302, 0.006933492, 0.0066125994, 0.0062675774, 0.0060855895, 0.005701432, 0.005288034, 0.0048429235, 0.0046097077, 0.0041408534, 0.0037515336, 0.0036485156, 0.0037280836, 0
0, 0, 0.0033238048, 0.003278857, 0.0034097987, 0.003849786, 0.0043606735, 0.0046111913, 0.0050826063, 0.0055109872, 0.0059004934, 0.0060824966, 0.006424644, 0.0067418693, 0.00689245, 0.0071795103, 0.0074495864, 0.0077039097, 0.007825457, 0.008057475, 0.008275261, 0.008379185, 0.0085772695, 0.00876316, 0.008851839, 0.009021116, 0.00917992, 0.009328803, 0.0093995435, 0.0095335, 0.009657331, 0.009715506, 0.009824777, 0.009925301, 0.010017503, 0.010060687, 0.0101413885, 0.01021477, 0.010248742, 0.010311284, 0.0103666615, 0.010391748, 0.010436693, 0.010475404, 0.010508546, 0.010523183, 0.010548763, 0.010569301, 0.010577725, 0.010590842, 0.010599073, 0.01060252, 0.01060264, 0.010599927, 0.010594384, 0.010590753, 0.010582683, 0.010573755, 0.010568978, 0.010558899, 0.010547958, 0.010536061, 0.010529761, 0.0105164945, 0.010502819, 0.010496068, 0.010483029, 0.010471331, 0.010461273, 0.010456758, 0.010448828, 0.010441976, 0.010438808, 0.01043305, 0.010428148, 0.010424355, 0.01042304, 0.0104219755, 0.010423186, 0.010424696, 0.01042938, 0.010435625, 0.010439169, 0.01044662, 0.010454398, 0.010462355, 0.010466356, 0.010474719, 0.0104838675, 0.010488854, 0.010499356, 0.01051028, 0.0105208, 0.010525579, 0.01053362, 0.010539311, 0.010541053, 0.010542453, 0.010540998, 0.010539184, 0.01053346, 0.010524987, 0.010513311, 0.010506127, 0.010488536, 0.010466025, 0.010452853, 0.010422423, 0.010386455, 0.01034472, 0.0103216255, 0.010270597, 0.010212947, 0.010181504, 0.010113024, 0.010036472, 0.0099950535, 0.009905802, 0.009808058, 0.009701683, 0.00964513, 0.009525024, 0.009394985, 0.009326089, 0.00918035, 0.009023569, 0.008855615, 0.008767501, 0.008583411, 0.008389331, 0.00828867, 0.008079994, 0.007860603, 0.007746352, 0.0075076353, 0.0072535747, 0.0069823167, 0.006839825, 0.006540856, 0.0062233326, 0.0060576242, 0.005712172, 0.005347459, 0.00496368, 0.0047674063, 0.0043922123, 0.00415942, 0.0042027463, 0.0050724926, 0
0, 0, 0.0035781513, 0.0034976716, 0.0035949284, 0.0039670756, 0.004416898, 0.0046403403, 0.005064499, 0.0054542045, 0.0058118226, 0.0059800786, 0.0062980335, 0.0065951208, 0.0067370017, 0.0070094327, 0.007268403, 0.007514787, 0.0076333047, 0.00786072, 0.0080749765, 0.008177081, 0.008371266, 0.008552796, 0.008638977, 0.00880327, 0.008957816, 0.00910395, 0.0091740005, 0.009308198, 0.009434273, 0.009494147, 0.009607874, 0.009713503, 0.009811521, 0.009857694, 0.009944883, 0.010025568, 0.01006357, 0.010135192, 0.010200917, 0.0102315005, 0.010288157, 0.010338749, 0.010383614, 0.010404021, 0.010440742, 0.010472206, 0.010486097, 0.010510421, 0.010530432, 0.010546677, 0.010553391, 0.01056462, 0.010573339, 0.010576912, 0.010583139, 0.010588154, 0.010590253, 0.010593613, 0.010595806, 0.010596741, 0.010596758, 0.010595976, 0.010594285, 0.010593082, 0.010590383, 0.010587545, 0.01058481, 0.010583485, 0.010580888, 0.010578304, 0.01057699, 0.010574449, 0.010572223, 0.010570714, 0.010570243, 0.010570104, 0.010571352, 0.010572407, 0.010575187, 0.010578344, 0.010579834, 0.010582571, 0.010584572, 0.010585921, 0.010586436, 0.010587288, 0.010588512, 0.010589436, 0.010591721, 0.010594408, 0.010596553, 0.0105971005, 0.010596217, 0.010592082, 0.0105886, 0.010578644, 0.010564597, 0.010556156, 0.010536506, 0.010513663, 0.0104878275, 0.010473703, 0.0104427505, 0.010407598, 0.010388376, 0.010346112, 0.010298499, 0.010244997, 0.010215991, 0.01015331, 0.010084577, 0.010047885, 0.009969847, 0.009885227, 0.009840378, 0.009745423, 0.009643028, 0.009532602, 0.009474121, 0.009350172, 0.009216355, 0.0091456035, 0.008996328, 0.008836756, 0.008667022, 0.008578467, 0.008394543, 0.008201959, 0.008102556, 0.007897255, 0.0076827696, 0.007571687, 0.0073409104, 0.00709781, 0.0068414058, 0.0067080166, 0.006431058, 0.0061408905, 0.0059909485, 0.0056813005, 0.00535814, 0.0050209584, 0.0048489016, 0.004517858, 0.0042926064, 0.0042905337, 0.0047024125, 0
0, 0, 0.0045056473, 0.004094907, 0.004088197, 0.004287655, 0.004590571, 0.0047488105, 0.005058782, 0.0053546387, 0.0056363055, 0.005772272, 0.0060354318, 0.006287717, 0.006410228, 0.0066488674, 0.006879495, 0.00710236, 0.007210696, 0.007420847, 0.007621562, 0.007718186, 0.007904039, 0.008080158, 0.008164829, 0.0083281575, 0.008484737, 0.008635815, 0.00870945, 0.008853265, 0.008991829, 0.00905897, 0.009188741, 0.009311994, 0.009428498, 0.009484273, 0.00959104, 0.009692129, 0.009740811, 0.009834889, 0.009924688, 0.009967867, 0.010050989, 0.010129294, 0.010202801, 0.010237772, 0.010304361, 0.010366856, 0.010396721, 0.010454176, 0.010509009, 0.010561577, 0.010587009, 0.0106360335, 0.010682369, 0.010704424, 0.0107459165, 0.010783971, 0.010801723, 0.01083463, 0.01086423, 0.010891098, 0.01090368, 0.010927156, 0.010948537, 0.01095844, 0.010976871, 0.010993509, 0.011008239, 0.011014823, 0.011026628, 0.011036397, 0.011040634, 0.011047663, 0.011053062, 0.011056835, 0.011058076, 0.011059441, 0.011059242, 0.011058552, 0.011055865, 0.011050966, 0.01104765, 0.011038945, 0.011027554, 0.01101336, 0.011005221, 0.010986777, 0.010965846, 0.010954621, 0.010930539, 0.010904574, 0.010876328, 0.010861167, 0.010828623, 0.010792674, 0.010773386, 0.010732012, 0.010686855, 0.010663004, 0.010612861, 0.010559795, 0.01050392, 0.010474817, 0.0104141375, 0.010349583, 0.01031569, 0.010244333, 0.01016777, 0.01008593, 0.010043029, 0.009953298, 0.009858597, 0.009809576, 0.009707719, 0.009600789, 0.009545281, 0.0094297975, 0.009308283, 0.009180419, 0.009114045, 0.008976306, 0.008832004, 0.008757383, 0.008603186, 0.008441932, 0.008272851, 0.008185124, 0.008002879, 0.0078111137, 0.00771162, 0.0075055026, 0.0072900085, 0.0071788765, 0.006950278, 0.006713519, 0.006468854, 0.006343405, 0.0060855886, 0.0058171847, 0.0056783264, 0.005389127, 0.0050804676, 0.0047457195, 0.0045670136, 0.0041920957, 0.0038385498, 0.0037116671, 0.0037022864, 0
0, 0, 0.003966014, 0.003853617, 0.00392714, 0.004197225, 0.0045123906, 0.004667448, 0.0049639866, 0.005243413, 0.005509531, 0.0056383624, 0.005888635, 0.006129749, 0.006247034, 0.0064755715, 0.0066963825, 0.0069098617, 0.0070138625, 0.007216285, 0.007411262, 0.0075059943, 0.0076899887, 0.007866941, 0.007952854, 0.008120021, 0.008281524, 0.008438053, 0.008514662, 0.008664277, 0.008809119, 0.008879612, 0.009016722, 0.009148327, 0.009274243, 0.009335082, 0.009452724, 0.0095653655, 0.009620088, 0.009726567, 0.009829286, 0.009879242, 0.009976545, 0.010069995, 0.010159792, 0.010203216, 0.010287378, 0.01036813, 0.010407253, 0.010483405, 0.010557044, 0.010628204, 0.010662809, 0.01072981, 0.010793435, 0.010823813, 0.010881493, 0.010934783, 0.0109597035, 0.011006499, 0.01104928, 0.011088868, 0.011107517, 0.011142646, 0.01117527, 0.011190602, 0.011219573, 0.011246035, 0.011269804, 0.011280674, 0.011300166, 0.011316518, 0.011323451, 0.011334876, 0.011342928, 0.011347612, 0.011348649, 0.011348326, 0.011344884, 0.011342061, 0.011334243, 0.011323435, 0.011316848, 0.011301279, 0.01128246, 0.011260101, 0.011247505, 0.01121953, 0.011187596, 0.011170156, 0.011132845, 0.011091962, 0.01104763, 0.011024074, 0.010974423, 0.010921287, 0.010893409, 0.010835177, 0.010773752, 0.010741864, 0.01067581, 0.010607069, 0.0105353445, 0.010498317, 0.010421511, 0.010340703, 0.010298607, 0.010211104, 0.010118964, 0.010022167, 0.00997212, 0.009868794, 0.009761308, 0.009706063, 0.009592189, 0.00947345, 0.009411937, 0.009284738, 0.009151636, 0.009012794, 0.008941312, 0.008794537, 0.008643202, 0.008565812, 0.008407854, 0.008244811, 0.008075442, 0.007987904, 0.007806308, 0.0076152394, 0.0075158635, 0.0073097628, 0.007093765, 0.0069823684, 0.0067532323, 0.0065159416, 0.0062705535, 0.0061444836, 0.0058841542, 0.005610657, 0.005467859, 0.00516738, 0.004842501, 0.0044873864, 0.0042975536, 0.0039003482, 0.0035256343, 0.0033872072, 0.003346308, 0
0, 0, 0.0035241863, 0.003525719, 0.0036421786, 0.0039694435, 0.0043167747, 0.0044821734, 0.0047922027, 0.005078779, 0.00534826, 0.0054780063, 0.0057290285, 0.0059696585, 0.006086309, 0.006312667, 0.006530422, 0.006740302, 0.006842461, 0.007041822, 0.0072351797, 0.0073297746, 0.0075149983, 0.0076951, 0.0077832346, 0.007955329, 0.008122208, 0.008283941, 0.008362928, 0.008517259, 0.008666913, 0.008740031, 0.008883017, 0.009021863, 0.009156594, 0.009222375, 0.009350895, 0.009475529, 0.009536421, 0.009655604, 0.009771482, 0.009828183, 0.009939444, 0.010047715, 0.010153167, 0.01020484, 0.0103058675, 0.01040372, 0.01045139, 0.010544368, 0.010634099, 0.010720566, 0.010762424, 0.010843483, 0.010920604, 0.010957662, 0.011028528, 0.011095051, 0.011126658, 0.011186494, 0.011242297, 0.011294318, 0.011318996, 0.011365826, 0.011409314, 0.011429867, 0.011468518, 0.011503715, 0.011535325, 0.0115497075, 0.011575206, 0.011596279, 0.011604994, 0.011618785, 0.011627682, 0.011631485, 0.011631496, 0.011627955, 0.01162001, 0.01161446, 0.011600511, 0.011582846, 0.011572567, 0.011549352, 0.011522364, 0.011491557, 0.011474539, 0.011437393, 0.011395757, 0.01137321, 0.01132489, 0.011271968, 0.011214677, 0.01118436, 0.011120569, 0.011052752, 0.011017368, 0.010943957, 0.010867039, 0.010827276, 0.010745333, 0.010660337, 0.010572199, 0.010526748, 0.010433182, 0.010335594, 0.010285249, 0.010181442, 0.010073808, 0.009962507, 0.009905524, 0.009789196, 0.009669552, 0.009608446, 0.009483404, 0.009353996, 0.009287405, 0.009150227, 0.009007477, 0.008859472, 0.008783694, 0.00862897, 0.0084705325, 0.008390113, 0.008226927, 0.008059966, 0.007888117, 0.0077998764, 0.0076178266, 0.0074273893, 0.007328751, 0.007124436, 0.006910792, 0.0068005114, 0.0065733697, 0.006337315, 0.006091529, 0.0059644626, 0.0057001575, 0.0054195244, 0.005271849, 0.0049588163, 0.004618337, 0.0042461627, 0.004048164, 0.0036376033, 0.0032548667, 0.0031133776, 0.0030607888, 0
0, 0, 0.0031932844, 0.0032264239, 0.0033555198, 0.0037067113, 0.004078455, 0.004255846, 0.0045876764, 0.004892158, 0.005175548, 0.0053109005, 0.0055709677, 0.0058182864, 0.0059375716, 0.0061679757, 0.006388461, 0.0066001574, 0.006703089, 0.0069039436, 0.0070992988, 0.0071952175, 0.0073836953, 0.007567723, 0.0076579503, 0.007834434, 0.008005501, 0.008171119, 0.008251947, 0.008409895, 0.00856361, 0.008639017, 0.0087875035, 0.008933242, 0.009076473, 0.009147063, 0.0092861, 0.009422066, 0.009488868, 0.009619887, 0.009747723, 0.009810552, 0.009934062, 0.010055154, 0.010174019, 0.010232531, 0.010347617, 0.010459473, 0.010514098, 0.010620449, 0.01072265, 0.0108205825, 0.010867951, 0.010959466, 0.011046933, 0.011089207, 0.011170933, 0.011248926, 0.0112864785, 0.011358417, 0.011426243, 0.01148992, 0.011520212, 0.011577391, 0.01163025, 0.011655031, 0.011701273, 0.011743002, 0.011779955, 0.011796557, 0.011825614, 0.011848995, 0.011858476, 0.011872858, 0.01188115, 0.011883285, 0.011882174, 0.011875523, 0.011863525, 0.011855617, 0.011836238, 0.011812107, 0.011798343, 0.011767505, 0.011732177, 0.011692543, 0.011671033, 0.011624714, 0.011573806, 0.011546671, 0.0114888605, 0.011426333, 0.011358936, 0.011323347, 0.011248579, 0.011169028, 0.01112739, 0.011040934, 0.010950071, 0.010903071, 0.010805998, 0.010705306, 0.010601127, 0.010547736, 0.010438232, 0.0103250835, 0.010267128, 0.010148796, 0.01002723, 0.009902748, 0.009839513, 0.009711068, 0.00958021, 0.00951379, 0.009378746, 0.009240535, 0.009169974, 0.0090256175, 0.008876768, 0.008723398, 0.00864511, 0.008485496, 0.00832222, 0.008239377, 0.008071274, 0.007899875, 0.007724511, 0.0076350626, 0.0074518723, 0.0072623347, 0.0071648387, 0.0069640945, 0.006755256, 0.006647542, 0.0064252894, 0.0061932406, 0.0059499196, 0.005823362, 0.00555893, 0.005276514, 0.0051274067, 0.0048108716, 0.004466189, 0.0040897033, 0.003889542, 0.0034740735, 0.003082978, 0.0029343853, 0.0028603158, 0
0, 0, 0.0029534928, 0.0029979905, 0.0031307498, 0.0034915856, 0.0038779979, 0.004064031, 0.00441352, 0.004734432, 0.005031596, 0.005172796, 0.0054424964, 0.005697455, 0.005820022, 0.0060561425, 0.0062813205, 0.0064969715, 0.0066016694, 0.0068057813, 0.0070040105, 0.0071012303, 0.007292247, 0.007478702, 0.007570043, 0.007748794, 0.007922166, 0.008090365, 0.008172598, 0.008333893, 0.008491688, 0.008569591, 0.008723832, 0.008876524, 0.009027624, 0.009102507, 0.0092504695, 0.009395638, 0.009467058, 0.009607413, 0.00974454, 0.009812003, 0.009945037, 0.010075795, 0.010204665, 0.010268289, 0.010393566, 0.0105156535, 0.010575347, 0.010691522, 0.010803164, 0.010910024, 0.010961785, 0.01106184, 0.0111581115, 0.011204885, 0.011296092, 0.011383914, 0.011426446, 0.011508473, 0.011586089, 0.01165885, 0.011693265, 0.011758103, 0.011817392, 0.011844954, 0.011895908, 0.011941248, 0.011980902, 0.011998558, 0.012028925, 0.012052922, 0.012062431, 0.012076562, 0.012084037, 0.012085133, 0.012083369, 0.012075076, 0.012060915, 0.012051629, 0.012028744, 0.011999999, 0.011983455, 0.011946064, 0.011903116, 0.011854925, 0.011828926, 0.011773155, 0.011712813, 0.011680974, 0.0116138, 0.011542098, 0.011465466, 0.01142522, 0.011340874, 0.011251175, 0.011204292, 0.0111067295, 0.0110039115, 0.010950724, 0.010840777, 0.010726685, 0.010609091, 0.010549011, 0.010426594, 0.010301237, 0.010237519, 0.010107965, 0.009975743, 0.00984088, 0.009772478, 0.009633914, 0.009493247, 0.009422158, 0.009278585, 0.009133157, 0.009059595, 0.008910661, 0.008758925, 0.008604017, 0.008525192, 0.008364745, 0.008200332, 0.0081167035, 0.0079465695, 0.0077728434, 0.0075956183, 0.0075056427, 0.007322694, 0.0071352585, 0.0070396746, 0.0068440423, 0.0066415737, 0.0065373112, 0.0063220146, 0.006096502, 0.005859282, 0.0057357727, 0.0054777656, 0.005203086, 0.0050586774, 0.0047534634, 0.004422881, 0.004062621, 0.00387071, 0.0034692453, 0.0030817667, 0.0029274295, 0.0028233002, 0
0, 0, 0.0028038668, 0.002869857, 0.0030107878, 0.0033829554, 0.0037777633, 0.0039676446, 0.0043247784, 0.004652727, 0.004955857, 0.0050994717, 0.005373156, 0.0056312527, 0.0057551325, 0.0059936494, 0.006220983, 0.006438504, 0.0065440475, 0.0067494786, 0.0069483393, 0.0070456336, 0.007236244, 0.00742194, 0.0075129606, 0.00769133, 0.007865025, 0.008034601, 0.008117955, 0.00828234, 0.008444364, 0.008524709, 0.008684374, 0.008842818, 0.008999775, 0.009077542, 0.009231173, 0.00938187, 0.009456069, 0.009602056, 0.009745026, 0.009815456, 0.00995469, 0.010092015, 0.010227525, 0.010294519, 0.010426636, 0.010555631, 0.010618775, 0.010742039, 0.010860917, 0.01097533, 0.011030839, 0.011138748, 0.01124298, 0.011293817, 0.011392903, 0.011488353, 0.01153453, 0.011623398, 0.011707006, 0.011784943, 0.011821625, 0.011890336, 0.011952755, 0.0119816195, 0.012034623, 0.0120813865, 0.012121997, 0.0121398745, 0.012170581, 0.012194479, 0.012203933, 0.012217822, 0.012225085, 0.0122259585, 0.012223994, 0.012215343, 0.012200523, 0.012190645, 0.012165977, 0.012134305, 0.01211587, 0.012073632, 0.0120247, 0.011969212, 0.011939191, 0.011874988, 0.011805515, 0.011768914, 0.011692224, 0.011610936, 0.011524847, 0.011479944, 0.0113863, 0.011287347, 0.011235855, 0.011128922, 0.011016804, 0.010958789, 0.010839243, 0.010715633, 0.010588704, 0.0105241835, 0.010393189, 0.01026004, 0.010192659, 0.010056177, 0.009917313, 0.009775683, 0.00970386, 0.009558099, 0.009410126, 0.009335441, 0.0091851195, 0.009034131, 0.008958406, 0.008806535, 0.008653728, 0.00849941, 0.008421335, 0.008262924, 0.008100839, 0.008018209, 0.007849953, 0.007677984, 0.007502822, 0.0074141617, 0.0072347717, 0.0070522064, 0.0069596064, 0.0067708823, 0.0065761353, 0.0064759236, 0.0062689497, 0.0060521434, 0.0058245966, 0.005706591, 0.0054617506, 0.005204169, 0.0050701653, 0.0047900276, 0.004490574, 0.0041676047, 0.0039965604, 0.0036408869, 0.0033046545, 0.0031783287, 0.0031299319, 0
0, 0, 0.0028016383, 0.0028993958, 0.003048741, 0.003424526, 0.0038140465, 0.0040001646, 0.0043498995, 0.004671219, 0.0049686125, 0.005109621, 0.0053783576, 0.0056318124, 0.0057535768, 0.0059881667, 0.006212349, 0.0064271763, 0.0065314085, 0.0067342217, 0.0069300896, 0.007025663, 0.0072127506, 0.007394748, 0.0074839657, 0.0076595955, 0.007831879, 0.008001487, 0.008085421, 0.008251936, 0.00841686, 0.008498831, 0.00866169, 0.008822883, 0.008981976, 0.009060592, 0.009215558, 0.009367625, 0.009442641, 0.009590723, 0.009736453, 0.009808537, 0.009951458, 0.010092772, 0.010232312, 0.010301313, 0.0104374755, 0.010570648, 0.010635944, 0.010763846, 0.010887979, 0.011008162, 0.011066729, 0.011181193, 0.011291771, 0.011345601, 0.011450104, 0.011550049, 0.01159806, 0.011689868, 0.011775539, 0.011854863, 0.011892025, 0.011961634, 0.012024809, 0.012054019, 0.012107702, 0.012155042, 0.012195999, 0.0122139985, 0.012244821, 0.012268796, 0.012278241, 0.012292042, 0.012299145, 0.012299599, 0.012297431, 0.012288219, 0.012272335, 0.0122618135, 0.012235323, 0.012201407, 0.012181619, 0.012136127, 0.012083171, 0.012022977, 0.01199028, 0.011920047, 0.0118436, 0.011803241, 0.011718412, 0.0116285635, 0.011533778, 0.011484644, 0.011382766, 0.011276035, 0.011220914, 0.011107082, 0.010988597, 0.010927495, 0.010802298, 0.010673239, 0.01054113, 0.0104742255, 0.010338725, 0.01020155, 0.01013234, 0.0099925455, 0.009850462, 0.009705797, 0.009632297, 0.009483075, 0.009331311, 0.009254582, 0.009100438, 0.008946004, 0.008868971, 0.0087153865, 0.008562193, 0.0084089935, 0.008332, 0.00817652, 0.008018253, 0.007937843, 0.007774385, 0.0076077064, 0.0074384427, 0.007353028, 0.007180608, 0.007005953, 0.0069175335, 0.0067374776, 0.0065518655, 0.006456373, 0.0062592616, 0.006053234, 0.0058383276, 0.00572771, 0.0055002486, 0.005264735, 0.005143686, 0.004893903, 0.004631276, 0.0043525607, 0.0042070397, 0.0039127534, 0.0036682715, 0.0036181654, 0.0039341953, 0.005401342
0, 0, 0.0031205902, 0.003167623, 0.0032930975, 0.0036279843, 0.003983582, 0.004155083, 0.004479597, 0.0047804615, 0.005060848, 0.0051943245, 0.005449477, 0.005690858, 0.005807059, 0.0060316613, 0.0062471465, 0.006454635, 0.0065554916, 0.0067521287, 0.006942271, 0.0070350906, 0.0072166105, 0.007393355, 0.0074802577, 0.007651682, 0.007820978, 0.007988756, 0.008072191, 0.008238258, 0.0084030805, 0.008484932, 0.008647178, 0.008807056, 0.008964034, 0.009041425, 0.009194122, 0.009344434, 0.009418877, 0.00956671, 0.009713213, 0.009786033, 0.009930831, 0.010074144, 0.010215588, 0.01028549, 0.010423154, 0.010557838, 0.0106239095, 0.010753664, 0.010880125, 0.011003214, 0.011063507, 0.011181269, 0.01129501, 0.011350152, 0.011456736, 0.0115576545, 0.011605846, 0.0116974395, 0.011782484, 0.011860958, 0.011897822, 0.01196704, 0.012030122, 0.012059425, 0.012113509, 0.012161458, 0.012202819, 0.012221005, 0.0122520635, 0.012275976, 0.012285292, 0.012298554, 0.012304797, 0.012303953, 0.012300901, 0.012289482, 0.012270988, 0.012258999, 0.01222973, 0.012193108, 0.012171986, 0.012124352, 0.012069434, 0.012007402, 0.011973701, 0.011901019, 0.011821537, 0.011779186, 0.01168997, 0.011594887, 0.011494509, 0.0114424955, 0.011335178, 0.011223736, 0.011166548, 0.011049156, 0.010927735, 0.010865414, 0.010738097, 0.010607052, 0.010473119, 0.010405203, 0.010267951, 0.010129124, 0.010059207, 0.009918193, 0.009775368, 0.009630363, 0.00955677, 0.009407625, 0.009255879, 0.009179231, 0.009025033, 0.008870519, 0.008793403, 0.008639825, 0.008487198, 0.008335048, 0.008258917, 0.008105933, 0.007951181, 0.007873005, 0.007714935, 0.007554829, 0.0073931105, 0.007311707, 0.0071479864, 0.0069824117, 0.0068985852, 0.006727971, 0.0065521407, 0.0064617926, 0.0062756008, 0.006081831, 0.0058810343, 0.0057783, 0.0055686315, 0.0053535053, 0.0052436413, 0.0050180666, 0.004781956, 0.004531147, 0.00439981, 0.004131769, 0.0038986506, 0.0038349996, 0.0039771493, 0.004569918
0, 0.005422412, 0.0039386703, 0.0036223684, 0.003674058, 0.003923809, 0.0042264313, 0.0043770974, 0.0046670795, 0.004940199, 0.0051975586, 0.0053207707, 0.0055574654, 0.0057825684, 0.005891328, 0.0061023943, 0.0063060117, 0.0065032355, 0.0065996433, 0.006788375, 0.006971714, 0.007061445, 0.0072372863, 0.0074087335, 0.0074930685, 0.007659785, 0.007824618, 0.007988455, 0.008070005, 0.0082322685, 0.008393253, 0.008473068, 0.008630957, 0.008786119, 0.008938302, 0.009013316, 0.009161756, 0.009308896, 0.009382187, 0.009528557, 0.009674595, 0.009747411, 0.009892434, 0.010035838, 0.010176962, 0.010246482, 0.01038301, 0.01051612, 0.010581465, 0.0107097095, 0.01083509, 0.010957432, 0.011017338, 0.011134442, 0.0112472745, 0.011301891, 0.011407035, 0.01150633, 0.011553602, 0.011643478, 0.011727102, 0.011804626, 0.011841218, 0.011910111, 0.011973404, 0.012002865, 0.012057319, 0.012105485, 0.012146851, 0.012164929, 0.012195587, 0.012218797, 0.01222767, 0.012239789, 0.012244294, 0.01224129, 0.012236916, 0.012222492, 0.012200462, 0.012186749, 0.0121542, 0.012114813, 0.012092686, 0.012043566, 0.011988206, 0.011926496, 0.0118930675, 0.011821181, 0.01174216, 0.011700042, 0.011610495, 0.011514696, 0.01141316, 0.011360501, 0.011252085, 0.011139851, 0.011082433, 0.010965004, 0.010843966, 0.010782145, 0.010655506, 0.010525294, 0.010391912, 0.010324151, 0.010187005, 0.010048066, 0.0099781025, 0.009837212, 0.009695072, 0.009551402, 0.009478944, 0.009332534, 0.009184232, 0.0091094375, 0.008959139, 0.008808295, 0.008732822, 0.008582126, 0.008431699, 0.008281329, 0.0082060965, 0.008055066, 0.007902966, 0.007826541, 0.007672737, 0.007518182, 0.0073629743, 0.0072851167, 0.007128781, 0.0069708433, 0.006890975, 0.0067284037, 0.0065610446, 0.0064753382, 0.0062992494, 0.0061168848, 0.0059287623, 0.0058326796, 0.0056365887, 0.005434621, 0.005330891, 0.0051158615, 0.004886623, 0.004636906, 0.0045025335, 0.0042154714, 0.003928366, 0.0038112702, 0.0037471685, 0.004021405
0, 0.004602633, 0.004003876, 0.0038602569, 0.0039251223, 0.0041639768, 0.0044421484, 0.0045799753, 0.004845302, 0.0050960355, 0.00533322, 0.005447192, 0.0056665884, 0.0058761104, 0.0059776367, 0.006175343, 0.0063670967, 0.0065540294, 0.006645864, 0.006826503, 0.0070032524, 0.007090082, 0.0072606597, 0.0074272077, 0.0075091384, 0.0076707453, 0.007830177, 0.007988055, 0.008066545, 0.0082224235, 0.0083769495, 0.008453468, 0.008605007, 0.008754121, 0.008900904, 0.008973549, 0.009117804, 0.00926152, 0.009333361, 0.009477238, 0.00962125, 0.009693002, 0.009835949, 0.0099768955, 0.010115089, 0.010182819, 0.010315629, 0.010444737, 0.01050797, 0.010632105, 0.010753353, 0.010871558, 0.010929569, 0.011042688, 0.011151738, 0.011204493, 0.011306179, 0.011402371, 0.011448413, 0.011536331, 0.011618789, 0.011695908, 0.011732462, 0.011801484, 0.01186491, 0.011894376, 0.011948332, 0.011995515, 0.012035651, 0.01205298, 0.012082028, 0.012103849, 0.012111906, 0.012122536, 0.012125572, 0.012120916, 0.012115716, 0.012099341, 0.01207536, 0.012060688, 0.012026281, 0.0119855525, 0.011963011, 0.0119136935, 0.011858864, 0.011798297, 0.011765767, 0.011696009, 0.01161942, 0.011578603, 0.011491814, 0.011398699, 0.011299818, 0.011248602, 0.011142854, 0.0110334, 0.010977384, 0.01086282, 0.010744834, 0.010684488, 0.010560955, 0.010433761, 0.0103031555, 0.0102367485, 0.010101916, 0.009964977, 0.009895924, 0.009756902, 0.009616912, 0.009476085, 0.0094053345, 0.009263191, 0.009120247, 0.009048434, 0.008904545, 0.008760058, 0.008687626, 0.008542412, 0.008396431, 0.008249462, 0.0081756115, 0.008027094, 0.007877439, 0.0078022853, 0.007651634, 0.007500794, 0.0073498716, 0.007274276, 0.0071224407, 0.0069688987, 0.006891204, 0.0067332117, 0.006570995, 0.006488064, 0.006318387, 0.0061433055, 0.005962848, 0.0058703953, 0.0056804367, 0.005481878, 0.0053783725, 0.0051598893, 0.0049209194, 0.0046535195, 0.004506543, 0.004184388, 0.0038431375, 0.0036886001, 0.00352359, 0.0036952153
0, 0.0040555345, 0.0037817266, 0.003848783, 0.003968002, 0.0042609624, 0.0045569064, 0.0046969433, 0.004959792, 0.005203185, 0.0054309405, 0.005539852, 0.005749012, 0.005948454, 0.0060450505, 0.0062331203, 0.0064158393, 0.0065943613, 0.006682351, 0.006855899, 0.007026501, 0.0071105496, 0.007276106, 0.0074377875, 0.007517279, 0.0076737152, 0.007827314, 0.007978471, 0.008053446, 0.008202191, 0.008349609, 0.008422765, 0.008568063, 0.008711871, 0.008854163, 0.008924845, 0.009065556, 0.0092057455, 0.009275812, 0.009415686, 0.009555158, 0.00962453, 0.009762252, 0.009897851, 0.010030416, 0.010095425, 0.010222621, 0.010346363, 0.010406901, 0.01052574, 0.010641718, 0.010754538, 0.0108098155, 0.010917657, 0.011021707, 0.011072225, 0.01116976, 0.011262724, 0.01130743, 0.011393511, 0.011474893, 0.011551378, 0.0115876645, 0.011655949, 0.011718172, 0.011746806, 0.011798853, 0.0118435705, 0.011881038, 0.011897079, 0.011923797, 0.01194373, 0.011951128, 0.011960754, 0.011963498, 0.011958895, 0.011953965, 0.011938482, 0.011915695, 0.011901687, 0.011868604, 0.011829292, 0.011807468, 0.011759625, 0.011706182, 0.011647045, 0.011615384, 0.011547433, 0.011473285, 0.011433857, 0.011350623, 0.011261667, 0.011167663, 0.011118979, 0.011018425, 0.010914023, 0.010860396, 0.010750554, 0.010637207, 0.010579202, 0.010460472, 0.010338238, 0.010212883, 0.010149129, 0.010019644, 0.009887855, 0.009821285, 0.0096868295, 0.00955106, 0.009414331, 0.009345732, 0.009208374, 0.009070924, 0.009002262, 0.008864862, 0.008727311, 0.008658364, 0.008519643, 0.008379339, 0.00823717, 0.008165304, 0.0080203535, 0.007873708, 0.0078000366, 0.0076521467, 0.0075039314, 0.007355443, 0.0072808657, 0.0071307947, 0.006978367, 0.0069010137, 0.0067434222, 0.006581686, 0.006499048, 0.006330077, 0.006155907, 0.0059757745, 0.005883056, 0.0056907074, 0.0054865717, 0.005378728, 0.0051480727, 0.004891961, 0.0046029557, 0.00444372, 0.0040952284, 0.0037264829, 0.0035578154, 0.0033620563, 0.0035032104
0, 0.0037237164, 0.003554737, 0.0037262328, 0.0038843916, 0.0042328406, 0.004562757, 0.0047142324, 0.0049920343, 0.0052430495, 0.005473921, 0.005583245, 0.0057918853, 0.0059893415, 0.0060845334, 0.006269041, 0.006447294, 0.0066207577, 0.006706014, 0.006874053, 0.0070392266, 0.007120715, 0.007281282, 0.0074382448, 0.0075153564, 0.0076669184, 0.00781514, 0.007960491, 0.008032357, 0.008174957, 0.008316393, 0.008386841, 0.008527251, 0.00866693, 0.008805763, 0.008874842, 0.009012065, 0.009148022, 0.0092155365, 0.009349413, 0.009481971, 0.009547685, 0.009677611, 0.009805489, 0.0099309115, 0.009992662, 0.010113843, 0.010232208, 0.010290282, 0.010404221, 0.010515227, 0.010623015, 0.010675624, 0.010778376, 0.010877611, 0.010925797, 0.011019401, 0.011109044, 0.011152403, 0.011235987, 0.011315184, 0.01138952, 0.011424615, 0.011490368, 0.011549551, 0.0115765305, 0.011625104, 0.011666501, 0.011701009, 0.011715744, 0.011740487, 0.011759102, 0.011766184, 0.0117758345, 0.011779368, 0.011776646, 0.011772882, 0.011760417, 0.011741364, 0.011729321, 0.011700389, 0.011665208, 0.011645287, 0.011600706, 0.01154979, 0.011492679, 0.0114617925, 0.011395426, 0.01132334, 0.01128532, 0.011205482, 0.011121147, 0.011032666, 0.010986968, 0.0108926585, 0.010794405, 0.0107438145, 0.010639717, 0.010531952, 0.010476794, 0.010364062, 0.010248439, 0.010130453, 0.010070625, 0.009949342, 0.00982573, 0.009763049, 0.009635932, 0.009506486, 0.009375291, 0.0093092015, 0.0091765085, 0.00904363, 0.008977332, 0.008844969, 0.008712731, 0.008646492, 0.008513202, 0.008378078, 0.008240632, 0.008170961, 0.008029867, 0.007886731, 0.007814539, 0.007669432, 0.007523409, 0.0073763933, 0.007302232, 0.007152186, 0.006998738, 0.0069204117, 0.0067602242, 0.006594943, 0.0065103336, 0.006336864, 0.00615732, 0.0059706243, 0.005874035, 0.0056726118, 0.005457013, 0.0053424863, 0.0050970265, 0.00482462, 0.004519371, 0.0043528415, 0.003993011, 0.003618989, 0.0034496486, 0.0032526078, 0.0033861129
0, 0.0035295377, 0.0033907404, 0.0035936094, 0.0037663379, 0.004142565, 0.0044977507, 0.0046604015, 0.0049571646, 0.0052229986, 0.0054652393, 0.005579263, 0.005795595, 0.0059987186, 0.0060959756, 0.006283242, 0.006462084, 0.006634272, 0.00671838, 0.006883328, 0.0070447666, 0.007124294, 0.007280863, 0.0074341507, 0.0075094374, 0.0076574613, 0.0078019714, 0.007943469, 0.0080133425, 0.008151653, 0.008288901, 0.008357352, 0.008493969, 0.0086301835, 0.008765517, 0.008832714, 0.008965627, 0.009096262, 0.009160659, 0.00928752, 0.00941202, 0.0094734905, 0.00959497, 0.009714865, 0.009833336, 0.009891894, 0.010007742, 0.010121528, 0.01017753, 0.010287359, 0.0103939455, 0.010497057, 0.010547274, 0.010645161, 0.010739709, 0.010785648, 0.010875103, 0.010960932, 0.01100249, 0.011082391, 0.011157785, 0.011227963, 0.011260902, 0.011322155, 0.011376907, 0.011401898, 0.011446919, 0.011485565, 0.011518203, 0.011532369, 0.011556546, 0.011575122, 0.011582395, 0.011592641, 0.011597366, 0.01159646, 0.011593833, 0.011584452, 0.011569363, 0.011559555, 0.011535692, 0.011505577, 0.011488128, 0.011448135, 0.011401198, 0.011347321, 0.011317827, 0.011254213, 0.011185222, 0.011148886, 0.01107336, 0.010994253, 0.010911925, 0.010869556, 0.01078208, 0.010690688, 0.010643375, 0.010545717, 0.010444326, 0.010392226, 0.0102862, 0.010177983, 0.01006823, 0.010012773, 0.009900723, 0.009786523, 0.009728434, 0.0096098315, 0.009487999, 0.00936312, 0.009299754, 0.009171692, 0.009042717, 0.0089781545, 0.008849034, 0.00872, 0.008655333, 0.008525247, 0.008393292, 0.008258926, 0.008190777, 0.008052417, 0.007911766, 0.007840755, 0.0076974416, 0.0075527765, 0.0074062925, 0.0073320502, 0.0071810298, 0.007025385, 0.0069455216, 0.00678119, 0.0066104163, 0.00652249, 0.0063414145, 0.0061529125, 0.005955831, 0.0058534825, 0.0056396285, 0.0054108277, 0.005289661, 0.0050310795, 0.004747122, 0.0044333325, 0.004264301, 0.0039038772, 0.0035352393, 0.0033700222, 0.0031799285, 0.0033125563
0, 0.0034193578, 0.0032869517, 0.0034897707, 0.0036624738, 0.004042333, 0.0044066757, 0.0045752577, 0.0048854128, 0.0051650326, 0.0054204315, 0.0055407397, 0.005768708, 0.005981945, 0.0060836226, 0.006277926, 0.0064616273, 0.006636368, 0.0067210305, 0.0068860287, 0.0070465426, 0.0071253525, 0.007280503, 0.007432468, 0.007507141, 0.0076539493, 0.0077972263, 0.007937124, 0.008006054, 0.008142126, 0.008276636, 0.008343495, 0.008476844, 0.008609355, 0.008740539, 0.008805394, 0.008933232, 0.009058257, 0.009119549, 0.009239924, 0.009357483, 0.009415473, 0.009530318, 0.00964403, 0.009757059, 0.00981323, 0.009924714, 0.010034322, 0.0100882305, 0.010193772, 0.010295622, 0.010393731, 0.010441383, 0.010534023, 0.010623399, 0.010666896, 0.010751541, 0.0108327735, 0.010871943, 0.01094702, 0.011017417, 0.011082384, 0.011112644, 0.011168944, 0.011219347, 0.01124257, 0.0112852, 0.011322813, 0.0113554895, 0.011369971, 0.011395126, 0.011414852, 0.011422625, 0.011433685, 0.0114389965, 0.011438663, 0.011436515, 0.011428442, 0.011415527, 0.011407252, 0.011386927, 0.011361258, 0.011346148, 0.011311047, 0.011269088, 0.011220091, 0.011193099, 0.011134613, 0.0110709155, 0.011037496, 0.010968085, 0.010895775, 0.010820613, 0.010781967, 0.01070184, 0.010617658, 0.010573986, 0.010483186, 0.010388581, 0.010339863, 0.010240653, 0.010139564, 0.010037174, 0.0099856425, 0.009881446, 0.00977518, 0.009720965, 0.009609974, 0.009495165, 0.009376563, 0.009315981, 0.009192917, 0.009068026, 0.009005133, 0.008878888, 0.008752063, 0.00868832, 0.008559626, 0.008428819, 0.008295267, 0.008227347, 0.008089514, 0.007949048, 0.007878003, 0.007734396, 0.00758891, 0.0074410187, 0.00736595, 0.0072125318, 0.007053656, 0.006971801, 0.006802745, 0.006625934, 0.0065345326, 0.006345502, 0.0061475127, 0.0059398217, 0.005831863, 0.00560636, 0.005366254, 0.005239837, 0.0049721473, 0.0046820054, 0.0043657846, 0.00419709, 0.0038408744, 0.0034801215, 0.003319408, 0.003136208, 0.0032692295
0, 0.0033572433, 0.0032245922, 0.0034185352, 0.0035858392, 0.0039576595, 0.0043197353, 0.0044893962, 0.004805126, 0.0050932635, 0.0053589726, 0.0054847323, 0.005723643, 0.0059473347, 0.006053872, 0.006256866, 0.006447689, 0.006627936, 0.0067147794, 0.0068832184, 0.007046216, 0.007126076, 0.007283039, 0.0074366373, 0.007512069, 0.007660236, 0.007804553, 0.007944979, 0.008013747, 0.0081489505, 0.008281632, 0.008347216, 0.008477531, 0.008606227, 0.008733223, 0.008795816, 0.008919136, 0.009039614, 0.009098708, 0.00921479, 0.009328241, 0.009384314, 0.009495354, 0.009605625, 0.009715103, 0.009769475, 0.009877058, 0.009982381, 0.010033843, 0.010134069, 0.01023037, 0.010322625, 0.01036735, 0.0104542, 0.010538031, 0.010578961, 0.010658387, 0.010734536, 0.010771188, 0.010841393, 0.01090676, 0.010966844, 0.010994872, 0.0110470345, 0.011094408, 0.011116604, 0.011158144, 0.011195996, 0.011229819, 0.011245088, 0.011271857, 0.011292945, 0.01130126, 0.011312963, 0.011318255, 0.011317784, 0.0113154985, 0.011307418, 0.011295068, 0.011287374, 0.011268895, 0.01124608, 0.011232883, 0.011202059, 0.011165254, 0.011122282, 0.011098536, 0.011047012, 0.010990868, 0.010961321, 0.010899855, 0.01083544, 0.01076801, 0.010733092, 0.010660478, 0.01058361, 0.010543443, 0.010459854, 0.010371974, 0.010326676, 0.0102340095, 0.010139033, 0.010042462, 0.009993548, 0.009894514, 0.009793223, 0.009741463, 0.0096354, 0.009525668, 0.00941242, 0.0093545355, 0.00923669, 0.009116608, 0.009055843, 0.008933185, 0.008808773, 0.008745869, 0.00861809, 0.008487254, 0.008352937, 0.008284411, 0.008144929, 0.008002311, 0.007930039, 0.0077835447, 0.0076344735, 0.007482565, 0.007405261, 0.007247178, 0.007083272, 0.0069988295, 0.0068242145, 0.0066414387, 0.0065468284, 0.006350841, 0.0061450764, 0.0059290347, 0.00581676, 0.0055829138, 0.005335301, 0.0052056266, 0.0049331854, 0.0046410225, 0.004325844, 0.004158775, 0.0038076034, 0.0034533844, 0.0032958228, 0.0031169166, 0.003250142
0, 0.003320032, 0.0031861356, 0.0033715027, 0.0035333147, 0.0038951691, 0.0042511234, 0.0044194353, 0.0047355797, 0.0050274055, 0.005298975, 0.0054281927, 0.005674594, 0.0059061027, 0.0060165827, 0.0062274532, 0.006425748, 0.0066130785, 0.006703224, 0.006877709, 0.0070461016, 0.0071284566, 0.0072898306, 0.007447314, 0.007524521, 0.007675775, 0.007822495, 0.007964551, 0.008033826, 0.008169235, 0.008301119, 0.008366041, 0.00849422, 0.008620317, 0.008744377, 0.008805576, 0.008926265, 0.009044466, 0.0091026565, 0.00921706, 0.0093292985, 0.009384638, 0.009494366, 0.0096027525, 0.009709717, 0.009762441, 0.0098659955, 0.009966451, 0.010015232, 0.010109833, 0.010200221, 0.010286682, 0.0103285955, 0.010410105, 0.010488944, 0.010527393, 0.010602226, 0.010674065, 0.010708533, 0.010774586, 0.010836015, 0.010892572, 0.010918973, 0.010968652, 0.0110142445, 0.011035838, 0.011076846, 0.011114639, 0.011148965, 0.011164506, 0.011191951, 0.011213693, 0.011222284, 0.011234522, 0.011240323, 0.011240277, 0.0112382965, 0.0112308515, 0.011219323, 0.011212213, 0.011195193, 0.011174423, 0.011162455, 0.011135073, 0.011102764, 0.011065528, 0.011045001, 0.011000634, 0.010952288, 0.010926747, 0.010873042, 0.010816067, 0.01075559, 0.0107239615, 0.010657739, 0.010587251, 0.010550305, 0.010473142, 0.010391838, 0.01034983, 0.010263314, 0.010173749, 0.010081528, 0.010034475, 0.009938427, 0.009839549, 0.009788899, 0.009685321, 0.009578648, 0.009469175, 0.0094135525, 0.009300441, 0.009185087, 0.009126573, 0.009007698, 0.008885975, 0.008823827, 0.008696895, 0.008565679, 0.008430097, 0.00836066, 0.008218851, 0.008073148, 0.007999015, 0.007848129, 0.0076937447, 0.0075356117, 0.0074549154, 0.007289838, 0.007118938, 0.007031068, 0.006849804, 0.0066609136, 0.0065632896, 0.0063613956, 0.0061500072, 0.0059282216, 0.005813207, 0.0055743074, 0.0053225593, 0.00519133, 0.0049171983, 0.004625174, 0.0043120338, 0.004146619, 0.0037993756, 0.0034491029, 0.0032931857, 0.003116112, 0.0032491798
0, 0.0032956551, 0.0031610043, 0.0033409912, 0.0034993114, 0.003854404, 0.0042055137, 0.0043723825, 0.0046874033, 0.0049802656, 0.0052543776, 0.0053851777, 0.005635454, 0.0058716848, 0.0059848125, 0.006201655, 0.0064067286, 0.0066013318, 0.00669517, 0.0068770526, 0.0070521194, 0.0071376176, 0.0073045637, 0.0074666594, 0.0075459406, 0.0077007124, 0.007850435, 0.007994797, 0.008064958, 0.008201863, 0.008334538, 0.008399658, 0.00852772, 0.008653399, 0.008776903, 0.008837876, 0.008958348, 0.009076486, 0.009134649, 0.009249128, 0.0093612755, 0.009416481, 0.009525266, 0.009631837, 0.009735964, 0.009786865, 0.009886335, 0.009982065, 0.010028492, 0.010118299, 0.010204163, 0.010286469, 0.01032636, 0.010404132, 0.010479475, 0.010516224, 0.010587609, 0.01065609, 0.010688993, 0.010751956, 0.0108107235, 0.010865037, 0.010890532, 0.010938383, 0.010982614, 0.011003565, 0.011043118, 0.011079499, 0.011112245, 0.011127056, 0.011153263, 0.011174422, 0.011182938, 0.01119572, 0.011202966, 0.011205051, 0.0112043135, 0.011199756, 0.011191105, 0.01118529, 0.0111706965, 0.011152188, 0.01114139, 0.011116593, 0.011087634, 0.011054585, 0.011036527, 0.010997703, 0.010955355, 0.0109327845, 0.010885014, 0.010833483, 0.010777967, 0.010748685, 0.010687035, 0.010621222, 0.010586771, 0.010514909, 0.01043943, 0.010400368, 0.010319675, 0.010235364, 0.010147464, 0.010102, 0.010008525, 0.009911343, 0.0098614255, 0.009759216, 0.009654344, 0.009547183, 0.009492858, 0.00938281, 0.00927054, 0.009213375, 0.009096732, 0.008976328, 0.008914491, 0.008787395, 0.0086553665, 0.008518446, 0.008448256, 0.0083044255, 0.008156168, 0.008080476, 0.007925611, 0.0077660508, 0.007601487, 0.007517218, 0.0073444564, 0.007165799, 0.0070740427, 0.0068857223, 0.0066903327, 0.006589839, 0.0063826814, 0.00616675, 0.0059409994, 0.005824187, 0.005582189, 0.005328082, 0.005196095, 0.0049209874, 0.004629136, 0.004317126, 0.004152511, 0.0038071284, 0.00345822, 0.0033026673, 0.0031257088, 0.0032585454
0, 0.0032813312, 0.0031466219, 0.0033247683, 0.003481834, 0.0038344874, 0.004183824, 0.004350188, 0.0046648383, 0.004958036, 0.005232984, 0.005364456, 0.0056166067, 0.0058556297, 0.005970545, 0.0061920322, 0.0064030085, 0.006604431, 0.0067018652, 0.006890797, 0.007072601, 0.007161081, 0.007333437, 0.0074998927, 0.00758104, 0.0077392557, 0.007892038, 0.008039417, 0.008111113, 0.008250882, 0.008386399, 0.0084527815, 0.008583154, 0.008710765, 0.00883585, 0.008897479, 0.00901907, 0.009138056, 0.009196556, 0.009311223, 0.009422767, 0.009477367, 0.0095843235, 0.009688153, 0.009788908, 0.009838062, 0.009933706, 0.010025959, 0.0100708315, 0.0101579605, 0.010241601, 0.010321964, 0.010360965, 0.01043686, 0.010510057, 0.010545614, 0.010614589, 0.010680327, 0.010711935, 0.010772302, 0.010828688, 0.010881017, 0.0109055955, 0.010951713, 0.010994128, 0.011013963, 0.011050987, 0.011084337, 0.011113987, 0.011127245, 0.011150797, 0.011170229, 0.0111783855, 0.011191488, 0.011200655, 0.011206029, 0.011207246, 0.0112069165, 0.011202494, 0.011198604, 0.011187499, 0.0111717135, 0.011162035, 0.011139443, 0.011112671, 0.011082169, 0.011065665, 0.011030133, 0.0109913675, 0.0109707555, 0.010926662, 0.010878533, 0.010826138, 0.010798334, 0.010739635, 0.010676948, 0.010644236, 0.010576352, 0.010505522, 0.010469006, 0.010393443, 0.010314248, 0.010230798, 0.010187431, 0.0100971805, 0.010002614, 0.009953741, 0.009853235, 0.009749725, 0.009643689, 0.00958986, 0.009480576, 0.009368538, 0.009311291, 0.009193918, 0.009072137, 0.009009447, 0.00888031, 0.008746211, 0.008607453, 0.008536428, 0.0083911475, 0.008241391, 0.008164737, 0.008007383, 0.007844368, 0.007675149, 0.007588189, 0.007409336, 0.0072239507, 0.0071288645, 0.0069340817, 0.0067327935, 0.0066296663, 0.006417919, 0.0061980053, 0.005968877, 0.005850568, 0.0056059216, 0.0053495467, 0.0052166083, 0.0049399524, 0.00464686, 0.004334068, 0.0041691624, 0.0038230882, 0.0034733862, 0.0033172762, 0.0031391273, 0.0032717339
0, 0.0032793, 0.003145146, 0.0033240821, 0.0034814978, 0.003834883, 0.0041849455, 0.004351592, 0.004666875, 0.00496063, 0.005236313, 0.0053682914, 0.0056219995, 0.005863459, 0.00598013, 0.0062059546, 0.006422348, 0.0066298908, 0.0067304918, 0.0069256867, 0.0071133273, 0.0072044567, 0.0073814993, 0.0075520105, 0.007635004, 0.0077968286, 0.00795322, 0.008104455, 0.008178202, 0.008322206, 0.008461944, 0.008530385, 0.008664518, 0.00879528, 0.008922916, 0.008985585, 0.00910849, 0.009228077, 0.00928656, 0.009400551, 0.009510565, 0.00956409, 0.0096684275, 0.009769182, 0.009866592, 0.009914202, 0.010007187, 0.010097493, 0.010141608, 0.010227809, 0.010310926, 0.010390744, 0.010429348, 0.010504175, 0.010575518, 0.010609956, 0.010676159, 0.010738847, 0.010768872, 0.010826162, 0.010879704, 0.010929461, 0.01095285, 0.0109967785, 0.0110367825, 0.011055399, 0.01108964, 0.01111992, 0.011146269, 0.011158058, 0.01117888, 0.011196405, 0.011204028, 0.011217023, 0.011227197, 0.011234711, 0.011237399, 0.011240275, 0.011239127, 0.011236862, 0.011228607, 0.011215225, 0.011206676, 0.011185888, 0.011160777, 0.011131891, 0.011116284, 0.011082843, 0.01104638, 0.011027009, 0.01098549, 0.0109398225, 0.0108899595, 0.0108633805, 0.010807005, 0.010746811, 0.010715405, 0.010650499, 0.010582869, 0.010548085, 0.010476298, 0.01040112, 0.010321764, 0.010280411, 0.01019396, 0.010102593, 0.01005513, 0.009956971, 0.009854874, 0.009749514, 0.0096956, 0.009585387, 0.009471473, 0.009413004, 0.009292572, 0.009167247, 0.009102739, 0.008969993, 0.0088326065, 0.008691144, 0.008619016, 0.008471964, 0.008320919, 0.008243652, 0.008084945, 0.007920148, 0.0077485265, 0.0076600295, 0.007477568, 0.007288034, 0.007190726, 0.0069913324, 0.0067857387, 0.006680579, 0.0064649777, 0.0062416787, 0.006009587, 0.005889867, 0.0056424574, 0.0053835483, 0.0052493196, 0.0049700923, 0.0046744407, 0.0043590595, 0.004192789, 0.00384402, 0.0034915602, 0.0033340696, 0.0031538391, 0.0032861088
0, 0.0032911934, 0.0031578462, 0.0033389777, 0.0034975754, 0.0038531537, 0.004204878, 0.004372198, 0.004688468, 0.004983156, 0.005260103, 0.0053928983, 0.0056487843, 0.0058935853, 0.0060122395, 0.006242647, 0.006464226, 0.0066772886, 0.0067806644, 0.006981316, 0.0071739512, 0.0072674225, 0.007448848, 0.007623555, 0.007708652, 0.007874667, 0.008035521, 0.008191386, 0.008267536, 0.00841636, 0.008560596, 0.008631122, 0.008768956, 0.008902649, 0.00903236, 0.009095756, 0.009219564, 0.009339199, 0.009397347, 0.009510357, 0.009618714, 0.009671254, 0.009773366, 0.009871743, 0.009966967, 0.010013561, 0.010104961, 0.010194051, 0.010237804, 0.010323214, 0.010405553, 0.010484324, 0.010522265, 0.01059502, 0.010663644, 0.010696417, 0.010759078, 0.01081785, 0.010845885, 0.010899342, 0.010949392, 0.010996086, 0.011018076, 0.011059404, 0.011097117, 0.011114616, 0.011146735, 0.0111751985, 0.011199707, 0.011210697, 0.0112301055, 0.011246409, 0.011253374, 0.011265508, 0.011274966, 0.0112819895, 0.011284525, 0.011287225, 0.011286369, 0.011284414, 0.011277082, 0.01126488, 0.011257009, 0.011237829, 0.011214394, 0.011187293, 0.011172541, 0.011141034, 0.011106772, 0.011088527, 0.011049466, 0.011006506, 0.01095939, 0.010934241, 0.010880564, 0.010822883, 0.010792606, 0.01072969, 0.01066387, 0.010629974, 0.010560009, 0.010486819, 0.010409815, 0.010369729, 0.0102860145, 0.010197429, 0.010151255, 0.0100553045, 0.00995483, 0.009850018, 0.009796029, 0.009684861, 0.009569046, 0.009509329, 0.009385964, 0.00925735, 0.009191092, 0.009055005, 0.008914438, 0.008770081, 0.008696626, 0.008547242, 0.008394116, 0.008315866, 0.0081555825, 0.007989214, 0.007816173, 0.0077268705, 0.007542694, 0.0073511996, 0.0072528035, 0.007050961, 0.0068427077, 0.0067361603, 0.0065178145, 0.0062918672, 0.0060572163, 0.0059362594, 0.0056864554, 0.0054249796, 0.0052894163, 0.0050074733, 0.00470884, 0.004390001, 0.0042219264, 0.003869275, 0.0035128433, 0.0033535562, 0.0031704872, 0.003302208
0, 0.0033143742, 0.00318168, 0.0033654172, 0.0035255277, 0.003883651, 0.004237234, 0.004405312, 0.0047229617, 0.0050191907, 0.0052981926, 0.005432312, 0.005691497, 0.0059402934, 0.006061118, 0.006296215, 0.006522666, 0.0067405184, 0.0068462812, 0.0070515033, 0.0072486373, 0.0073442985, 0.007530181, 0.0077095674, 0.0077970503, 0.007967953, 0.008133708, 0.008294454, 0.008372947, 0.008525904, 0.00867371, 0.008745734, 0.008885971, 0.009021376, 0.009152162, 0.009215838, 0.009339936, 0.0094595235, 0.009517535, 0.00963003, 0.009737751, 0.009789933, 0.009891185, 0.009988634, 0.010082892, 0.010128935, 0.010219078, 0.01030667, 0.010349462, 0.010432814, 0.010512613, 0.010588375, 0.01062457, 0.010693669, 0.010758378, 0.010789098, 0.010847629, 0.0109022735, 0.010928338, 0.010978042, 0.011024695, 0.011068186, 0.011088767, 0.011127458, 0.01116303, 0.011179699, 0.011210529, 0.011238208, 0.0112624485, 0.011273303, 0.011292609, 0.011308304, 0.011314856, 0.011325407, 0.011332605, 0.011336707, 0.011337672, 0.011337293, 0.011333737, 0.011330709, 0.01132214, 0.011309887, 0.01130243, 0.011284526, 0.011262938, 0.0112380115, 0.011224413, 0.011195133, 0.011162978, 0.011145836, 0.011109004, 0.0110686235, 0.011024281, 0.011000519, 0.010949665, 0.010894297, 0.010865058, 0.010803598, 0.010738598, 0.010704831, 0.010634961, 0.010561712, 0.010484921, 0.010445107, 0.0103622135, 0.010275, 0.010229552, 0.010135059, 0.010035936, 0.009932123, 0.009878474, 0.009767569, 0.009651596, 0.009591721, 0.009467739, 0.009338419, 0.009271756, 0.009134536, 0.008992591, 0.008846318, 0.008771776, 0.008619788, 0.008463844, 0.0083842, 0.00822124, 0.008052595, 0.007877612, 0.007787624, 0.0076022064, 0.0074096597, 0.007310712, 0.007107689, 0.0068979706, 0.0067905164, 0.006570215, 0.006342183, 0.006105476, 0.0059835557, 0.0057317736, 0.0054682596, 0.005331726, 0.005047529, 0.00474628, 0.004424274, 0.0042544063, 0.0038978166, 0.0035371406, 0.0033758045, 0.0031895374, 0.0033206132
0, 0.0033424, 0.0032100976, 0.0033967115, 0.0035584734, 0.0039196457, 0.004275834, 0.0044451198, 0.004765229, 0.0050642323, 0.005346495, 0.0054824627, 0.005745768, 0.005998767, 0.006121751, 0.00636103, 0.0065914197, 0.0068131085, 0.0069206967, 0.0071296687, 0.0073305825, 0.0074282764, 0.0076184166, 0.0078023546, 0.007892197, 0.008067784, 0.008238083, 0.008402864, 0.008483141, 0.008639015, 0.008788913, 0.008861611, 0.009002825, 0.009138699, 0.009269628, 0.009333414, 0.009457444, 0.009577183, 0.009635318, 0.009748113, 0.009856218, 0.009908514, 0.0100099025, 0.010107228, 0.010200733, 0.010246194, 0.010334607, 0.010419538, 0.010460691, 0.010540221, 0.01061566, 0.010686743, 0.010720635, 0.010785201, 0.010845703, 0.010874411, 0.010929256, 0.010980607, 0.011005205, 0.011052094, 0.01109598, 0.011136778, 0.011156008, 0.011192078, 0.011225249, 0.011240794, 0.011270063, 0.011296654, 0.011320435, 0.011331198, 0.011350188, 0.011365392, 0.011371497, 0.011380463, 0.01138518, 0.011385948, 0.011384984, 0.011380846, 0.011373907, 0.011369551, 0.011359152, 0.011346379, 0.011339065, 0.01132234, 0.011302534, 0.011279467, 0.011266765, 0.011239162, 0.011208247, 0.011191662, 0.011155919, 0.01111684, 0.011074092, 0.01105123, 0.011002226, 0.0109487455, 0.010920295, 0.010860136, 0.010795647, 0.010761988, 0.0106917415, 0.010617834, 0.010540289, 0.010500106, 0.010416901, 0.010329543, 0.010284405, 0.010190739, 0.010092614, 0.009990026, 0.009937049, 0.009827696, 0.009713576, 0.009654623, 0.009532747, 0.009405612, 0.009339941, 0.00920434, 0.00906323, 0.008916888, 0.0088418415, 0.008688155, 0.008529697, 0.008448622, 0.008282614, 0.008111216, 0.007934004, 0.007843051, 0.0076563577, 0.0074628824, 0.0073636184, 0.007159684, 0.006948802, 0.006840646, 0.0066187414, 0.006388897, 0.0061503514, 0.0060274904, 0.005774007, 0.0055089802, 0.0053716167, 0.0050856764, 0.004782366, 0.004457851, 0.004286504, 0.0039264257, 0.0035618702, 0.003398604, 0.0032092808, 0.0033396678
0, 0.0033690117, 0.0032371401, 0.0034271195, 0.0035910548, 0.003956661, 0.004317224, 0.004488664, 0.004813109, 0.0051165903, 0.005403469, 0.0055417926, 0.0058094296, 0.006066437, 0.0061912234, 0.006433667, 0.006666877, 0.0068911305, 0.0070000747, 0.007211663, 0.007415512, 0.007514741, 0.007708217, 0.007895626, 0.007987146, 0.008166055, 0.0083392225, 0.008506301, 0.008587456, 0.00874476, 0.008895458, 0.008968411, 0.009109823, 0.009245656, 0.009376456, 0.0094400495, 0.009564004, 0.009683671, 0.009741804, 0.009854696, 0.00996285, 0.010015145, 0.010116202, 0.010212653, 0.010304601, 0.010348998, 0.010434566, 0.010515961, 0.010555095, 0.0106301, 0.010700734, 0.010767265, 0.010798994, 0.010859565, 0.01091673, 0.010943979, 0.010996243, 0.01104558, 0.011069223, 0.011114116, 0.011155813, 0.011194088, 0.011211878, 0.011244905, 0.011274901, 0.011288853, 0.01131501, 0.011338782, 0.011360149, 0.011369866, 0.011387167, 0.011400891, 0.011406251, 0.011413901, 0.011417124, 0.011416205, 0.011414287, 0.011408329, 0.011399945, 0.011394925, 0.011383619, 0.011370578, 0.011363444, 0.011347365, 0.011328434, 0.0113063175, 0.011293942, 0.011266619, 0.011235555, 0.011218725, 0.011182516, 0.011142944, 0.011100042, 0.011077367, 0.011029028, 0.010976584, 0.010948766, 0.010889985, 0.010826784, 0.0107936105, 0.010724152, 0.010650625, 0.010573283, 0.010533064, 0.010449873, 0.01036274, 0.010317636, 0.010224533, 0.010127273, 0.010025849, 0.009973695, 0.009866098, 0.00975423, 0.0096965255, 0.009577565, 0.009453419, 0.00938923, 0.009256462, 0.009117603, 0.008972621, 0.008897963, 0.008744177, 0.008584686, 0.008502926, 0.008335219, 0.008162095, 0.007983405, 0.007891911, 0.0077042663, 0.0075102625, 0.0074107056, 0.007206259, 0.0069945157, 0.006885751, 0.006662424, 0.0064309095, 0.006190477, 0.006066694, 0.005811433, 0.0055447374, 0.0054064933, 0.0051188744, 0.0048135878, 0.0044868453, 0.004314175, 0.00395114, 0.0035832843, 0.0034183648, 0.003226489, 0.003356419
0, 0.0033920004, 0.0032607827, 0.0034548808, 0.003621583, 0.003993298, 0.00436016, 0.0045347535, 0.004865279, 0.0051746075, 0.005466805, 0.00560742, 0.0058791866, 0.0061394456, 0.0062655755, 0.006510294, 0.0067454237, 0.0069713504, 0.0070810798, 0.007294392, 0.0075001563, 0.0076002814, 0.007795667, 0.007984622, 0.008076751, 0.008256638, 0.008430349, 0.008597608, 0.008678783, 0.0088361725, 0.008987033, 0.009060067, 0.009201602, 0.009337436, 0.009467962, 0.009531344, 0.009654541, 0.009773212, 0.0098307915, 0.009942293, 0.010048921, 0.010100268, 0.010199301, 0.010293181, 0.010382182, 0.010424937, 0.010506906, 0.010584411, 0.010621642, 0.010692857, 0.01076, 0.010823366, 0.010853644, 0.010911728, 0.010966624, 0.010992881, 0.011043243, 0.011090608, 0.011113149, 0.011155847, 0.01119495, 0.011230366, 0.011246646, 0.011276386, 0.011302583, 0.011314521, 0.011336219, 0.011355417, 0.011372322, 0.011379902, 0.01139346, 0.011404365, 0.011408729, 0.011415038, 0.011417918, 0.01141742, 0.011415994, 0.011410781, 0.01140317, 0.011398488, 0.011387493, 0.01137462, 0.011367401, 0.011351129, 0.011332047, 0.011309577, 0.011297037, 0.011269148, 0.011237295, 0.011219925, 0.0111824665, 0.01114178, 0.011097982, 0.011074986, 0.011026624, 0.010974921, 0.010947766, 0.010890824, 0.010830007, 0.010798056, 0.010731215, 0.010660054, 0.01058459, 0.010545359, 0.010463585, 0.01037783, 0.010333288, 0.010241295, 0.010145051, 0.010044838, 0.009993165, 0.009886784, 0.009776085, 0.009719099, 0.009601584, 0.009478922, 0.009415713, 0.00928482, 0.009147918, 0.009004931, 0.008931102, 0.00877886, 0.008620594, 0.008539244, 0.008372318, 0.008199641, 0.008021364, 0.007929984, 0.0077427863, 0.0075490186, 0.007449556, 0.0072452584, 0.007033364, 0.006924419, 0.006700359, 0.0064675994, 0.0062256455, 0.0061010364, 0.0058440007, 0.0055753016, 0.0054360665, 0.005146346, 0.0048387945, 0.004509622, 0.0043356605, 0.0039698933, 0.0035991848, 0.0034329817, 0.003239165, 0.0033689444
0, 0.003412487, 0.003282156, 0.0034807222, 0.0036504616, 0.0040289224, 0.0044027446, 0.0045807236, 0.0049176225, 0.0052325735, 0.0055294638, 0.0056720595, 0.005947055, 0.0062096925, 0.006336808, 0.0065831174, 0.006819702, 0.007046975, 0.0071572964, 0.0073718852, 0.0075785914, 0.0076791327, 0.007874788, 0.008063365, 0.008155064, 0.008333597, 0.0085058035, 0.008671542, 0.008752159, 0.008908728, 0.009059152, 0.009132139, 0.009273591, 0.009409206, 0.009538983, 0.009601812, 0.00972331, 0.009839529, 0.009895724, 0.01000406, 0.010107284, 0.010156921, 0.01025228, 0.010342509, 0.0104277795, 0.010468694, 0.010546989, 0.010621155, 0.010656828, 0.010725417, 0.010790463, 0.01085198, 0.010881406, 0.010937774, 0.010990683, 0.011015789, 0.011063306, 0.011107483, 0.011128269, 0.011167282, 0.011202865, 0.011234938, 0.011249598, 0.011276171, 0.0112991035, 0.011309254, 0.011326948, 0.011341543, 0.011353585, 0.011358814, 0.011367777, 0.011375044, 0.011378108, 0.011382995, 0.011385932, 0.011386588, 0.011386021, 0.011382836, 0.011376716, 0.0113725485, 0.0113619855, 0.011348708, 0.011341135, 0.011323863, 0.011303746, 0.0112807145, 0.011267966, 0.011239982, 0.011208163, 0.011190859, 0.0111535145, 0.0111127775, 0.011069023, 0.01104611, 0.010998235, 0.010947781, 0.010921542, 0.0108668525, 0.010809112, 0.010778806, 0.010715377, 0.01064772, 0.010575511, 0.01053769, 0.010458778, 0.010375396, 0.010332044, 0.010242008, 0.010147509, 0.010048703, 0.009997586, 0.009891983, 0.009781584, 0.00972462, 0.009606892, 0.009484126, 0.009420842, 0.009290227, 0.009154355, 0.009013115, 0.008940341, 0.008790546, 0.008635065, 0.008555095, 0.008390724, 0.0082204435, 0.0080442205, 0.007953729, 0.0077680945, 0.00757563, 0.0074767005, 0.0072733616, 0.0070623276, 0.0069537144, 0.006729987, 0.0064971754, 0.006254627, 0.0061295843, 0.005871223, 0.0056007877, 0.005460555, 0.005168619, 0.0048588356, 0.004527195, 0.004351954, 0.0039836434, 0.0036106077, 0.0034433969, 0.0032481146, 0.003377922
0, 0.0034316515, 0.003302134, 0.0035045648, 0.0036767833, 0.00406081, 0.004440095, 0.004620605, 0.004962269, 0.005281028, 0.00558091, 0.0057247193, 0.0060015395, 0.0062656943, 0.0063934345, 0.0066409935, 0.0068787457, 0.007107298, 0.007218253, 0.007433694, 0.0076406957, 0.0077411034, 0.007935834, 0.008122778, 0.008213411, 0.008389491, 0.008559085, 0.00872266, 0.008802348, 0.008957369, 0.009106714, 0.009179211, 0.009319728, 0.009453921, 0.009581815, 0.009643393, 0.009761962, 0.009874609, 0.009928865, 0.010033249, 0.010132457, 0.010180157, 0.01027181, 0.01035851, 0.010440448, 0.010479639, 0.010554902, 0.010626387, 0.010660746, 0.010727143, 0.010790298, 0.010850066, 0.01087857, 0.010932666, 0.010982507, 0.011005841, 0.011049156, 0.011088401, 0.011106655, 0.011140661, 0.011171834, 0.011200441, 0.0112137245, 0.011238092, 0.01125931, 0.011268626, 0.011284474, 0.011296648, 0.011305717, 0.011309164, 0.011314758, 0.0113190655, 0.011320871, 0.01132412, 0.011326549, 0.01132761, 0.011327479, 0.011325028, 0.011319291, 0.011315098, 0.01130389, 0.011289299, 0.011280986, 0.011262289, 0.011241308, 0.011218233, 0.011205917, 0.011179302, 0.01114962, 0.011133513, 0.011098598, 0.0110600395, 0.011018194, 0.010996187, 0.010950094, 0.0109014865, 0.010876375, 0.0108241765, 0.010769212, 0.010740469, 0.01068014, 0.010615367, 0.010546081, 0.010509663, 0.01043349, 0.010352692, 0.010310617, 0.010223238, 0.010131333, 0.010034795, 0.0099847, 0.009880672, 0.009771233, 0.009714373, 0.009596746, 0.009473752, 0.009410345, 0.009279842, 0.0091445865, 0.00900481, 0.008933121, 0.008786005, 0.008633463, 0.0085550705, 0.008393734, 0.008226225, 0.008052315, 0.007962898, 0.0077790576, 0.0075881276, 0.007489975, 0.00728812, 0.007078544, 0.0069706873, 0.006748335, 0.0065165996, 0.006274718, 0.006149772, 0.005891092, 0.005620006, 0.0054792482, 0.0051859003, 0.0048745284, 0.004541069, 0.0043649375, 0.003994844, 0.0036200348, 0.0034520049, 0.0032556474, 0.003385513
0, 0.003447982, 0.003318929, 0.003523578, 0.0036972372, 0.004084068, 0.0044658976, 0.0046474948, 0.004990935, 0.0053110262, 0.0056117745, 0.0057559595, 0.006033348, 0.0062980964, 0.0064261095, 0.006674467, 0.0069129863, 0.0071422197, 0.0072534503, 0.0074691013, 0.007675614, 0.007775504, 0.007968798, 0.008153642, 0.008243153, 0.008416775, 0.008583871, 0.0087452745, 0.008823884, 0.008976915, 0.009124215, 0.00919556, 0.009333544, 0.009464789, 0.009589223, 0.009648933, 0.009763561, 0.009872273, 0.009924569, 0.010025482, 0.010121591, 0.01016791, 0.010257012, 0.010341415, 0.010421012, 0.010458976, 0.010531673, 0.0106003545, 0.0106333755, 0.0106969755, 0.010757296, 0.010814138, 0.010841115, 0.01089183, 0.010937706, 0.010958752, 0.0109973075, 0.011031334, 0.011046994, 0.0110762315, 0.011103306, 0.011128924, 0.01114123, 0.011164501, 0.011185613, 0.011195052, 0.011211451, 0.011223944, 0.011232735, 0.0112359105, 0.011240352, 0.01124325, 0.0112443995, 0.011246205, 0.011247533, 0.011247693, 0.011247092, 0.011243547, 0.011236633, 0.011231708, 0.011218978, 0.011202799, 0.011193724, 0.011174088, 0.011153182, 0.011131317, 0.011119909, 0.01109599, 0.011069825, 0.011055585, 0.011024472, 0.010989552, 0.0109507935, 0.010930245, 0.010886749, 0.010840642, 0.010816585, 0.01076658, 0.010713618, 0.01068588, 0.0106274495, 0.010564494, 0.010496939, 0.010461367, 0.010386845, 0.010308063, 0.01026717, 0.010182412, 0.010093561, 0.010000327, 0.0099519035, 0.009851043, 0.009744515, 0.009688983, 0.009573499, 0.009452354, 0.009389738, 0.009260836, 0.009127349, 0.008989477, 0.008918855, 0.00877394, 0.008623882, 0.00854658, 0.008387407, 0.0082216915, 0.008049287, 0.00796049, 0.007777767, 0.0075880378, 0.007490506, 0.007289992, 0.0070818653, 0.0069747665, 0.006754074, 0.00652392, 0.006283478, 0.006159076, 0.0059013246, 0.005630764, 0.0054901657, 0.0051969513, 0.0048853518, 0.0045514866, 0.0043750564, 0.0040042014, 0.0036285245, 0.0034600487, 0.0032629748, 0.0033928028
0, 0.0034580554, 0.0033288468, 0.0035337987, 0.0037076483, 0.0040945, 0.0044760425, 0.004657335, 0.005000085, 0.0053194845, 0.005619599, 0.0057634898, 0.0060406122, 0.0063050305, 0.00643294, 0.006680974, 0.006919191, 0.0071477974, 0.00725858, 0.0074731824, 0.0076783397, 0.0077774967, 0.007969019, 0.008151991, 0.008240524, 0.0084123025, 0.008577644, 0.008737071, 0.008814599, 0.008965187, 0.009109523, 0.009179173, 0.009313344, 0.009440394, 0.0095604565, 0.009618062, 0.0097285155, 0.009833725, 0.009884561, 0.009983094, 0.010077506, 0.010123074, 0.010210935, 0.010293973, 0.010371756, 0.010408724, 0.010478821, 0.010544289, 0.010575494, 0.010635205, 0.010691597, 0.010744505, 0.01076952, 0.010816512, 0.01085882, 0.010878163, 0.0109133115, 0.010944022, 0.010958098, 0.010984359, 0.011009088, 0.011032846, 0.011044626, 0.011067392, 0.011088739, 0.011098609, 0.011116214, 0.011130136, 0.011140348, 0.011144083, 0.01114935, 0.0111524025, 0.011153354, 0.011154518, 0.01115479, 0.011153604, 0.011152168, 0.011147182, 0.01113878, 0.011133167, 0.011119462, 0.011102895, 0.0110937795, 0.011074681, 0.011054941, 0.0110349385, 0.011024714, 0.011003456, 0.010980161, 0.010967422, 0.010939328, 0.010907195, 0.010871174, 0.010851842, 0.010810815, 0.010766797, 0.010743723, 0.010695588, 0.010644407, 0.0106174555, 0.010560404, 0.010498656, 0.010432147, 0.010397133, 0.010323792, 0.010246451, 0.0102064265, 0.010123881, 0.010037952, 0.009948257, 0.009901799, 0.009805156, 0.009702963, 0.009649665, 0.009538571, 0.009421564, 0.009360946, 0.009235726, 0.009105518, 0.008970397, 0.008901019, 0.008758303, 0.00860995, 0.008533451, 0.008375399, 0.008210541, 0.008038803, 0.007950314, 0.007768218, 0.007579208, 0.0074820826, 0.007282561, 0.007075519, 0.006969018, 0.006749448, 0.0065205586, 0.0062815286, 0.006157831, 0.0059014433, 0.0056321546, 0.0054922183, 0.0052002673, 0.004889805, 0.004556802, 0.0043807128, 0.004010217, 0.0036346002, 0.0034659863, 0.0032686798, 0.0033985516
0, 0.003459437, 0.0033294985, 0.0035333904, 0.0037065288, 0.004091814, 0.0044713933, 0.004651744, 0.0049926667, 0.0053104656, 0.0056093982, 0.0057526743, 0.0060287234, 0.0062920116, 0.006419317, 0.006665781, 0.006902075, 0.007128423, 0.007238006, 0.0074500735, 0.0076528727, 0.007750889, 0.007940446, 0.008121798, 0.008209629, 0.008380076, 0.008544041, 0.008701589, 0.008777994, 0.008925808, 0.009066771, 0.009134616, 0.009264796, 0.009387696, 0.009503767, 0.009559441, 0.009666641, 0.009769263, 0.009819084, 0.009915986, 0.010009178, 0.010054286, 0.010141008, 0.010222569, 0.01029844, 0.010334264, 0.010401406, 0.010463478, 0.010492751, 0.010548414, 0.010600754, 0.010649959, 0.010673345, 0.010717624, 0.01075815, 0.010776921, 0.010811309, 0.010841834, 0.01085587, 0.010882081, 0.010906498, 0.010929788, 0.010941133, 0.010963124, 0.0109838005, 0.010993457, 0.011010898, 0.011025285, 0.01103633, 0.011040632, 0.011046995, 0.011051001, 0.011052341, 0.011053819, 0.011053906, 0.011052198, 0.011050503, 0.011045139, 0.011036839, 0.011031526, 0.011018883, 0.0110039245, 0.01099584, 0.0109788915, 0.01096121, 0.010942973, 0.010933517, 0.010913386, 0.0108909225, 0.010878562, 0.01085099, 0.0108195655, 0.010784495, 0.01076572, 0.010726022, 0.010683661, 0.0106615545, 0.010615408, 0.010566211, 0.010540289, 0.01048519, 0.01042539, 0.0103606265, 0.01032645, 0.01025479, 0.010179086, 0.010139914, 0.010059213, 0.009975517, 0.009888437, 0.009843439, 0.009750195, 0.009651882, 0.00960068, 0.009494117, 0.009381837, 0.009323635, 0.009202884, 0.009076655, 0.008944905, 0.008876964, 0.008736582, 0.008589928, 0.008514087, 0.008357218, 0.008193336, 0.0080225365, 0.007934517, 0.0077534984, 0.007565603, 0.007469032, 0.0072705145, 0.0070644044, 0.0069583203, 0.0067394273, 0.0065112216, 0.006272856, 0.006149637, 0.005894331, 0.005626357, 0.0054870807, 0.005196556, 0.004887563, 0.004555916, 0.004380405, 0.0040108585, 0.003635816, 0.0034674439, 0.0032703942, 0.003400414
0, 0.0034528452, 0.0033221464, 0.0035243537, 0.003696479, 0.0040796762, 0.004457191, 0.004636592, 0.004975711, 0.0052918717, 0.0055891997, 0.0057317754, 0.0060060597, 0.00626738, 0.00639352, 0.0066373125, 0.0068704057, 0.0070933593, 0.0072012083, 0.007409754, 0.0076094563, 0.0077061746, 0.007893443, 0.008073014, 0.008160134, 0.008329204, 0.008491573, 0.008647136, 0.008722323, 0.008867502, 0.009005424, 0.00907166, 0.00919883, 0.009318874, 0.009432409, 0.009486983, 0.009592335, 0.009693375, 0.009742407, 0.009837729, 0.009929305, 0.009973519, 0.010058198, 0.010137643, 0.01021118, 0.010245787, 0.010310513, 0.010369734, 0.010397687, 0.010450648, 0.010500436, 0.010547538, 0.010570143, 0.010613458, 0.010654045, 0.010673286, 0.010709201, 0.010741851, 0.010757065, 0.010785316, 0.01081109, 0.010834772, 0.010845861, 0.010866757, 0.01088563, 0.010894311, 0.010909786, 0.010922796, 0.010933093, 0.010937264, 0.0109440535, 0.010948912, 0.0109506715, 0.010953146, 0.010954146, 0.010953295, 0.0109521365, 0.010948182, 0.0109419385, 0.010937896, 0.01092817, 0.010916533, 0.010910088, 0.010896134, 0.010880654, 0.01086352, 0.010854262, 0.010833776, 0.010810148, 0.01079708, 0.010768131, 0.010735647, 0.010700112, 0.010681338, 0.0106421495, 0.010601056, 0.010579769, 0.010535664, 0.010488886, 0.010464269, 0.010411963, 0.010355067, 0.010293229, 0.010260521, 0.010191442, 0.010118047, 0.010079869, 0.010000873, 0.009918304, 0.009832319, 0.00978788, 0.0096959155, 0.009599332, 0.009549257, 0.0094452435, 0.009336103, 0.0092794625, 0.00916212, 0.00903914, 0.008910464, 0.0088438, 0.008705918, 0.008561336, 0.008486461, 0.008331577, 0.008169692, 0.008000986, 0.007914127, 0.007735222, 0.007549306, 0.0074537126, 0.0072567672, 0.0070518656, 0.0069462173, 0.006728063, 0.006500349, 0.006262348, 0.006139304, 0.005884646, 0.005617368, 0.0054785223, 0.005188893, 0.0048807557, 0.004550014, 0.0043749185, 0.004006148, 0.0036318635, 0.0034638166, 0.0032674435, 0.0033977972
0, 0.003441646, 0.0033105193, 0.0035110193, 0.003682217, 0.0040634843, 0.004439381, 0.0046179546, 0.0049554035, 0.0052697626, 0.0055649723, 0.005706394, 0.00597817, 0.0062366296, 0.0063612317, 0.0066018277, 0.006831464, 0.0070508076, 0.007156876, 0.0073621296, 0.007558761, 0.007654087, 0.007838942, 0.008016402, 0.008102493, 0.008269579, 0.008429835, 0.008583172, 0.008657187, 0.008799965, 0.008935667, 0.009000931, 0.009126419, 0.009245368, 0.009358352, 0.009412723, 0.009517675, 0.009617879, 0.009666379, 0.009760115, 0.009849376, 0.009892315, 0.009974439, 0.01005146, 0.010123081, 0.01015684, 0.010220511, 0.010279321, 0.010307163, 0.010360007, 0.010409798, 0.010456923, 0.010479619, 0.010523292, 0.010564776, 0.01058465, 0.010622471, 0.010657608, 0.010674031, 0.010704762, 0.010732518, 0.010757177, 0.010768463, 0.01078864, 0.010806014, 0.010813696, 0.010827024, 0.010837925, 0.010846864, 0.010850679, 0.010857174, 0.010862468, 0.010864689, 0.010868119, 0.010870322, 0.010871027, 0.010870846, 0.010869078, 0.010865436, 0.010862966, 0.010856418, 0.0108479895, 0.010843021, 0.01083152, 0.0108176805, 0.010801097, 0.010791601, 0.01077018, 0.010745238, 0.010731298, 0.010701045, 0.010667682, 0.010631753, 0.010612936, 0.010574232, 0.010534013, 0.010513347, 0.010470603, 0.010425556, 0.010401863, 0.010351844, 0.010297597, 0.010238739, 0.010207399, 0.010141227, 0.010070387, 0.010033166, 0.0099556055, 0.009873753, 0.009787666, 0.009743081, 0.009650619, 0.009553732, 0.009503603, 0.009399811, 0.009291305, 0.009235191, 0.009119226, 0.008997847, 0.00887091, 0.008805261, 0.008669421, 0.008527074, 0.008453421, 0.008301034, 0.008141942, 0.0079761045, 0.007890677, 0.007714496, 0.007531117, 0.0074366024, 0.0072416137, 0.007038245, 0.006933262, 0.00671624, 0.0064893938, 0.006252111, 0.0061293766, 0.0058753, 0.0056084828, 0.00546984, 0.005180633, 0.0048727375, 0.0045421435, 0.0043672062, 0.003998857, 0.0036250753, 0.0034573649, 0.003261689, 0.0033923194
0, 0.0034294645, 0.0032981837, 0.0034973498, 0.0036676864, 0.004047208, 0.004421343, 0.004598942, 0.004934128, 0.005245878, 0.005538054, 0.0056778444, 0.0059462436, 0.006201375, 0.0063243574, 0.006561901, 0.0067887153, 0.007005549, 0.007110365, 0.007313274, 0.0075077335, 0.007601897, 0.0077844025, 0.007959613, 0.00804455, 0.008209229, 0.008367099, 0.008518135, 0.008591108, 0.008732028, 0.008866374, 0.008931175, 0.009056211, 0.009175493, 0.009289155, 0.009343886, 0.0094494745, 0.009549827, 0.009598132, 0.009690801, 0.009778355, 0.009820282, 0.009900629, 0.009976348, 0.010047522, 0.01008148, 0.010146279, 0.010207211, 0.010236241, 0.010291682, 0.010343731, 0.01039267, 0.010416076, 0.01046071, 0.01050282, 0.0105229635, 0.010561568, 0.010597756, 0.010614982, 0.010647363, 0.010676814, 0.010703147, 0.0107150255, 0.010736145, 0.010753954, 0.010761574, 0.01077476, 0.010785429, 0.010794127, 0.010797915, 0.010804553, 0.010810151, 0.010812641, 0.010816706, 0.010819682, 0.010821303, 0.010821622, 0.010821135, 0.010819019, 0.010817269, 0.010812411, 0.010805427, 0.010801141, 0.010790629, 0.010777368, 0.010760908, 0.010751413, 0.010729912, 0.010704852, 0.010691033, 0.010661092, 0.010628289, 0.010593082, 0.010574707, 0.010536502, 0.010496394, 0.010475682, 0.010432647, 0.010387277, 0.010363515, 0.010313526, 0.010259817, 0.010201948, 0.01017141, 0.010106679, 0.010037318, 0.010000834, 0.009924107, 0.009842621, 0.0097564235, 0.00971159, 0.009618506, 0.00952085, 0.009470366, 0.009365846, 0.009256707, 0.00920033, 0.009084048, 0.008962745, 0.008836256, 0.008770912, 0.0086361375, 0.00849536, 0.008422579, 0.008272305, 0.008115445, 0.007951809, 0.007867411, 0.007693149, 0.0075114206, 0.007417665, 0.007224073, 0.0070221196, 0.0069178045, 0.0067022988, 0.0064769043, 0.0062411707, 0.0061191735, 0.00586622, 0.0056003416, 0.005461989, 0.0051731314, 0.0048653553, 0.004534927, 0.004359999, 0.003991879, 0.0036186362, 0.0034512563, 0.0032561715, 0.0033869708
0, 0.0034182172, 0.0032868823, 0.0034848584, 0.003654305, 0.004031784, 0.004403424, 0.0045796568, 0.004911707, 0.005219778, 0.005508126, 0.005645968, 0.005910788, 0.006162783, 0.006284446, 0.0065197777, 0.006745011, 0.0069606192, 0.007064863, 0.007266712, 0.007459846, 0.0075532678, 0.007734172, 0.007907516, 0.007991463, 0.00815421, 0.008310158, 0.0084596295, 0.008531909, 0.008671807, 0.008805582, 0.008870361, 0.00899566, 0.009115664, 0.009230358, 0.0092857685, 0.009392553, 0.009493937, 0.009542577, 0.00963572, 0.009723574, 0.009765671, 0.009846379, 0.009922955, 0.009995868, 0.010031057, 0.010098951, 0.010163654, 0.010194712, 0.01025419, 0.010309881, 0.0103616025, 0.0103859715, 0.0104319565, 0.0104746, 0.010494811, 0.010533366, 0.010569611, 0.01058701, 0.010620232, 0.010651218, 0.010679633, 0.010692814, 0.010716639, 0.010737208, 0.010746247, 0.010762007, 0.010774938, 0.010785433, 0.010789925, 0.010797656, 0.010803943, 0.010806573, 0.010810799, 0.010813795, 0.010815305, 0.010815477, 0.010814635, 0.01081207, 0.0108101545, 0.010804807, 0.010797314, 0.010792748, 0.010781654, 0.010767945, 0.0107515, 0.010742262, 0.010721498, 0.010697733, 0.010684766, 0.010656582, 0.010625531, 0.010591523, 0.010573545, 0.010535298, 0.010494255, 0.010472687, 0.010427399, 0.010379355, 0.010354193, 0.010301546, 0.010245559, 0.010185932, 0.010154717, 0.010089159, 0.010019271, 0.009982601, 0.0099057825, 0.009824242, 0.009738185, 0.00969341, 0.00960045, 0.00950286, 0.009452312, 0.009347554, 0.009237894, 0.009181231, 0.009064104, 0.008941918, 0.008814685, 0.008749141, 0.008614131, 0.008473519, 0.008400971, 0.008251195, 0.008094934, 0.007931709, 0.007847368, 0.0076731755, 0.0074913646, 0.0073975846, 0.007204235, 0.0070028757, 0.0068991394, 0.006685033, 0.006461553, 0.006227801, 0.0061068116, 0.005855571, 0.005591107, 0.0054533156, 0.0051653213, 0.0048582354, 0.0045283553, 0.0043537747, 0.003986434, 0.0036139863, 0.003447065, 0.003252653, 0.003383556
0, 0.0034080322, 0.0032766894, 0.003473217, 0.0036416482, 0.004016675, 0.0043853056, 0.0045598876, 0.004888376, 0.0051927576, 0.0054774764, 0.005613686, 0.005875659, 0.0061255405, 0.0062464303, 0.0064806794, 0.0067053153, 0.0069205323, 0.0070246314, 0.0072259693, 0.007418432, 0.007511485, 0.0076915985, 0.00786401, 0.007947559, 0.008109658, 0.008265316, 0.008414709, 0.0084871305, 0.008627347, 0.008761635, 0.008826627, 0.0089525925, 0.009073347, 0.009188991, 0.009244985, 0.009353207, 0.009456433, 0.009506144, 0.009601745, 0.009692385, 0.00973588, 0.009819639, 0.009899427, 0.009975788, 0.010012738, 0.010084422, 0.01015304, 0.010186161, 0.010249581, 0.010309025, 0.010363991, 0.010389772, 0.010438061, 0.010482419, 0.010503263, 0.010542709, 0.010579801, 0.010597544, 0.010631944, 0.010664595, 0.010695499, 0.010710027, 0.010737239, 0.010761528, 0.010772558, 0.010792241, 0.010808743, 0.010822139, 0.010827813, 0.010837346, 0.010844472, 0.010847292, 0.010851649, 0.010854175, 0.010854944, 0.010854629, 0.01085262, 0.010848742, 0.010846019, 0.010839027, 0.010829892, 0.0108244745, 0.010811994, 0.010797337, 0.010780511, 0.010771264, 0.010751012, 0.010728309, 0.01071589, 0.010688899, 0.01065858, 0.010624761, 0.01060643, 0.01056685, 0.010523535, 0.010500496, 0.010451863, 0.010399849, 0.010372692, 0.010315992, 0.010256227, 0.01019298, 0.010160094, 0.010091428, 0.010018857, 0.009981031, 0.009902438, 0.009819833, 0.009733338, 0.0096885385, 0.009595842, 0.009498766, 0.009448402, 0.009343832, 0.00923392, 0.009176946, 0.009058755, 0.008935188, 0.008806385, 0.008740088, 0.008603638, 0.008461808, 0.008388691, 0.008237933, 0.008080441, 0.007915923, 0.007830879, 0.0076551232, 0.007471942, 0.007377584, 0.0071834675, 0.0069821137, 0.006878585, 0.0066654603, 0.006443583, 0.006211668, 0.0060915262, 0.0058420775, 0.005578989, 0.0054418705, 0.0051550255, 0.0048491345, 0.004520571, 0.0043467022, 0.0039809514, 0.003610084, 0.0034438046, 0.0032503048, 0.0033812968
0, 0.003398597, 0.003267035, 0.0034620268, 0.0036293394, 0.0040018787, 0.004367774, 0.004540912, 0.004866788, 0.005168696, 0.005451351, 0.00558678, 0.005847572, 0.0060967687, 0.006217413, 0.006451405, 0.006675833, 0.006890813, 0.006994738, 0.0071956385, 0.0073876726, 0.007480516, 0.0076604523, 0.007833155, 0.007917027, 0.008080299, 0.008237571, 0.008388942, 0.008462407, 0.008604589, 0.008740652, 0.008806382, 0.008933587, 0.009055357, 0.009172102, 0.009228723, 0.0093387915, 0.009444586, 0.009495924, 0.009595419, 0.009690424, 0.009736293, 0.009824796, 0.009908984, 0.0099893175, 0.010028157, 0.010103138, 0.010174877, 0.010209515, 0.010275969, 0.010338726, 0.01039741, 0.010425126, 0.010477425, 0.01052562, 0.010548287, 0.010591204, 0.010631179, 0.010650312, 0.010687053, 0.010721957, 0.01075499, 0.010770773, 0.010800454, 0.010827549, 0.010839964, 0.010862346, 0.010881591, 0.010897298, 0.010903937, 0.010914954, 0.010923086, 0.0109261675, 0.010930748, 0.01093316, 0.010933544, 0.010932919, 0.01093016, 0.010925216, 0.010921977, 0.01091367, 0.0109029235, 0.010896718, 0.010882614, 0.010866428, 0.010848137, 0.010838222, 0.010816821, 0.010792939, 0.010779934, 0.010751303, 0.010719107, 0.010682993, 0.010663358, 0.010620953, 0.010574462, 0.010549843, 0.010497891, 0.0104426425, 0.010413795, 0.010353689, 0.010290303, 0.010223423, 0.010188534, 0.0101157185, 0.010039144, 0.00999944, 0.009917367, 0.0098319305, 0.009743251, 0.009697664, 0.009603724, 0.009505703, 0.009454954, 0.009349488, 0.00923841, 0.009180747, 0.009060746, 0.008935074, 0.008803945, 0.008736516, 0.008597736, 0.008453787, 0.008379744, 0.008227064, 0.008067754, 0.007901427, 0.007815539, 0.0076381764, 0.0074535725, 0.007358706, 0.007163811, 0.0069621326, 0.0068587535, 0.0066461302, 0.00642506, 0.006194058, 0.006074432, 0.0058257943, 0.0055635856, 0.0054268935, 0.0051410752, 0.0048365276, 0.004509671, 0.0043367827, 0.0039731096, 0.0036042868, 0.0034389044, 0.0032466252, 0.0033778646
0, 0.0033899134, 0.0032581526, 0.0034516847, 0.003618025, 0.0039885067, 0.0043526655, 0.004525137, 0.004849894, 0.00515133, 0.00543397, 0.005569481, 0.0058306367, 0.0060802056, 0.006200994, 0.0064351633, 0.0066594863, 0.0068740468, 0.0069777463, 0.0071782656, 0.0073701194, 0.007463051, 0.007643568, 0.007817628, 0.007902515, 0.008068253, 0.0082286205, 0.008383406, 0.008458504, 0.0086040115, 0.008742985, 0.008810036, 0.008939556, 0.009063354, 0.0091821505, 0.009239837, 0.009352395, 0.009461435, 0.009514665, 0.009618428, 0.00971829, 0.009766559, 0.009859911, 0.00994851, 0.010032616, 0.010073011, 0.010150744, 0.010224848, 0.010260615, 0.010329688, 0.010395522, 0.010458091, 0.010488146, 0.0105456095, 0.01059951, 0.010625116, 0.010673534, 0.0107186055, 0.010739916, 0.01078029, 0.010817899, 0.010852743, 0.010869158, 0.010899905, 0.0109276995, 0.010940466, 0.010963584, 0.010983573, 0.011000151, 0.011007188, 0.011018965, 0.011027876, 0.0110313315, 0.011036403, 0.01103933, 0.011039986, 0.011039508, 0.011036884, 0.011031883, 0.011028393, 0.011019379, 0.011007541, 0.011000657, 0.010984801, 0.010966288, 0.010945302, 0.01093383, 0.010908871, 0.010880987, 0.0108658755, 0.010832833, 0.01079609, 0.0107554, 0.010733652, 0.010687378, 0.010637748, 0.010611608, 0.0105570955, 0.010499852, 0.010469993, 0.010407875, 0.0103421165, 0.010272257, 0.010235708, 0.010159247, 0.010078313, 0.010036362, 0.009949641, 0.009859654, 0.009766662, 0.009719071, 0.009621444, 0.009520025, 0.009467559, 0.009359001, 0.009244914, 0.009185635, 0.0090626385, 0.008933945, 0.008799919, 0.00873104, 0.008589606, 0.008443263, 0.00836817, 0.008213576, 0.008052816, 0.007885375, 0.0077990526, 0.0076210536, 0.0074361316, 0.007341133, 0.0071461718, 0.006944508, 0.0068411203, 0.006628589, 0.006407534, 0.0061765104, 0.0060568554, 0.0058082407, 0.0055461433, 0.0054095928, 0.0051243934, 0.004820817, 0.004495428, 0.0043234415, 0.0039616674, 0.0035948972, 0.003430497, 0.0032396796, 0.0033711982
0, 0.003382539, 0.003250544, 0.003442936, 0.0036085367, 0.00397766, 0.0043410226, 0.0045133317, 0.0048382706, 0.0051405015, 0.0054243165, 0.0055603986, 0.005822668, 0.0060730246, 0.006194094, 0.006428477, 0.0066527906, 0.006867313, 0.006971034, 0.00717176, 0.007364374, 0.007457946, 0.007640108, 0.007816398, 0.007902563, 0.008071187, 0.008234831, 0.008393086, 0.008469978, 0.008618982, 0.008761533, 0.008830383, 0.008963441, 0.009090763, 0.009212959, 0.009272472, 0.00938865, 0.009501403, 0.009556572, 0.00966427, 0.009768164, 0.009818512, 0.0099157905, 0.010008249, 0.010095841, 0.010137888, 0.010218539, 0.010295356, 0.010332425, 0.010404421, 0.010473635, 0.010540184, 0.010572521, 0.010635027, 0.010694504, 0.010722921, 0.010776986, 0.010827298, 0.01085097, 0.01089526, 0.010935663, 0.01097229, 0.010989279, 0.01102037, 0.011048108, 0.0110607995, 0.011083651, 0.011103377, 0.0111200735, 0.011127275, 0.01113956, 0.01114911, 0.011152901, 0.011158658, 0.011162078, 0.011163219, 0.01116292, 0.0111604445, 0.011155262, 0.011151537, 0.011141706, 0.011128591, 0.011120724, 0.011102606, 0.011080947, 0.011056071, 0.011042422, 0.011012584, 0.010979287, 0.010961303, 0.010922602, 0.010880388, 0.01083472, 0.010810651, 0.010760303, 0.01070727, 0.010679775, 0.01062294, 0.010563662, 0.010532913, 0.010468952, 0.0104010925, 0.010328654, 0.010290625, 0.0102107925, 0.010126081, 0.010082002, 0.009990599, 0.009895658, 0.009797409, 0.009747057, 0.009644073, 0.009537246, 0.009482267, 0.009368819, 0.009250226, 0.009188876, 0.0090619745, 0.008929811, 0.008792668, 0.008722313, 0.008578331, 0.008429716, 0.008353588, 0.008197393, 0.008035595, 0.007867691, 0.007781328, 0.0076036095, 0.0074191173, 0.0073243743, 0.0071298284, 0.0069284625, 0.006825033, 0.006612226, 0.006390587, 0.0061590727, 0.006039164, 0.005790191, 0.0055280407, 0.005391586, 0.0051068324, 0.0048040273, 0.0044796397, 0.004308275, 0.003947896, 0.0035827416, 0.0034191248, 0.0032295906, 0.0033614032
0, 0.0033765307, 0.0032445262, 0.0034359577, 0.0036009988, 0.003969121, 0.004331869, 0.004504112, 0.0048294365, 0.0051324284, 0.0054172534, 0.0055538844, 0.0058170212, 0.0060679563, 0.0061892453, 0.0064239753, 0.0066486886, 0.006863921, 0.0069681467, 0.007170484, 0.0073652077, 0.0074600047, 0.0076448675, 0.007823917, 0.007911402, 0.008082559, 0.008248529, 0.00840908, 0.008487277, 0.008639142, 0.008785132, 0.008855931, 0.008993245, 0.009125182, 0.009252212, 0.009314054, 0.009434635, 0.009551308, 0.009608297, 0.009719386, 0.009826372, 0.009878297, 0.009978828, 0.010074806, 0.010166203, 0.010210215, 0.01029494, 0.010375799, 0.010414916, 0.010490793, 0.010563652, 0.010633841, 0.010667935, 0.010733944, 0.010796926, 0.010827111, 0.01088472, 0.010938533, 0.010963925, 0.011011399, 0.011054516, 0.011093256, 0.0111111, 0.011143668, 0.01117247, 0.011185542, 0.011209156, 0.011229549, 0.011247047, 0.011254723, 0.011267834, 0.011278149, 0.0112822605, 0.011288438, 0.011291766, 0.011292548, 0.011291898, 0.011288393, 0.01128169, 0.01127703, 0.011265093, 0.011249483, 0.011240303, 0.011218917, 0.011193671, 0.011164635, 0.0111487545, 0.011114247, 0.01107611, 0.011055656, 0.0110122245, 0.010965553, 0.0109157385, 0.0108897695, 0.01083578, 0.010779278, 0.010750035, 0.0106898295, 0.010626948, 0.010594407, 0.010526693, 0.010455107, 0.010379117, 0.010339312, 0.010256025, 0.01016799, 0.010122232, 0.010027224, 0.009928134, 0.009825481, 0.009772821, 0.009664769, 0.009552851, 0.009495344, 0.009377078, 0.009254086, 0.009190829, 0.009060458, 0.008925267, 0.008785486, 0.008713954, 0.00856771, 0.008416985, 0.008339933, 0.008182146, 0.008019233, 0.0078506, 0.0077641057, 0.007586429, 0.00740222, 0.007307625, 0.0071132565, 0.0069117947, 0.0068082046, 0.0065948665, 0.0063726357, 0.0061405557, 0.0060205054, 0.005771583, 0.00550994, 0.0053738942, 0.005090056, 0.0047882316, 0.004464803, 0.004293871, 0.003934446, 0.0035703639, 0.0034073244, 0.0032187705, 0.0033506618
0, 0.0033714585, 0.0032394505, 0.003430071, 0.003594607, 0.0039616795, 0.0043236376, 0.0044955625, 0.0048205676, 0.00512355, 0.0054085436, 0.0055452734, 0.0058086584, 0.0060598627, 0.0061813197, 0.00641648, 0.006642134, 0.006858966, 0.006964295, 0.007169242, 0.007367124, 0.007463523, 0.0076515153, 0.007833323, 0.007921947, 0.008094917, 0.008262187, 0.0084239, 0.008502705, 0.008656398, 0.008805093, 0.008877562, 0.009018951, 0.00915566, 0.009287712, 0.009351911, 0.009477114, 0.009597675, 0.009656316, 0.009770256, 0.00987991, 0.009933165, 0.010036701, 0.010136197, 0.010231887, 0.010278327, 0.010368183, 0.010454271, 0.010495837, 0.010576407, 0.010653128, 0.010726189, 0.010761372, 0.010829043, 0.010893134, 0.010923813, 0.01098256, 0.011037735, 0.011063901, 0.011113426, 0.0111589655, 0.011200529, 0.011219781, 0.011255296, 0.011286959, 0.011301448, 0.011327638, 0.0113503905, 0.0113697825, 0.011378233, 0.011392748, 0.011403801, 0.0114080245, 0.011413984, 0.01141647, 0.01141552, 0.011413791, 0.011407676, 0.011397878, 0.011391556, 0.011376235, 0.011357025, 0.011346041, 0.011321071, 0.011292375, 0.011259776, 0.011242158, 0.011204263, 0.011162942, 0.011140957, 0.011094697, 0.011045329, 0.0109927375, 0.010965278, 0.010908003, 0.010847504, 0.010816156, 0.010750856, 0.010682346, 0.010646821, 0.0105730975, 0.010495695, 0.010414557, 0.010372473, 0.010285364, 0.010194252, 0.010147155, 0.010049912, 0.009948424, 0.009843173, 0.009789095, 0.009677908, 0.009562817, 0.009503658, 0.009382187, 0.009256336, 0.0091918325, 0.009059317, 0.008922287, 0.008780824, 0.008708428, 0.008560434, 0.008407956, 0.008329961, 0.008170409, 0.008005812, 0.007835929, 0.007748886, 0.007570288, 0.00738537, 0.0072904704, 0.0070955576, 0.0068933656, 0.006789397, 0.0065754433, 0.0063527203, 0.0061205337, 0.0060006306, 0.005752481, 0.0054921503, 0.005356852, 0.00507463, 0.004774364, 0.0044523096, 0.0042819562, 0.003923525, 0.0035603538, 0.00339772, 0.003209813, 0.0033416268
0, 0.0033668436, 0.0032347296, 0.0034246838, 0.003588702, 0.003954706, 0.0043157726, 0.004487265, 0.004811566, 0.0051140175, 0.0053986697, 0.0055352594, 0.0057984954, 0.006049851, 0.0061714714, 0.0064073247, 0.0066342363, 0.006852971, 0.006959484, 0.0071670813, 0.0073678726, 0.007465711, 0.00765634, 0.00784035, 0.007929957, 0.008104146, 0.008272294, 0.00843469, 0.008513912, 0.008668791, 0.008819322, 0.008893095, 0.009037542, 0.009177955, 0.009313985, 0.0093802605, 0.009509196, 0.009633203, 0.009693281, 0.009809877, 0.009922134, 0.009976727, 0.010083159, 0.010186131, 0.010285916, 0.010334586, 0.010429304, 0.010520215, 0.010564147, 0.010648775, 0.010728869, 0.010804244, 0.010840141, 0.010908623, 0.010973027, 0.011003704, 0.011062537, 0.011118062, 0.011144645, 0.011195561, 0.011243313, 0.011287625, 0.011308453, 0.01134737, 0.011382549, 0.0113986265, 0.011428063, 0.011453456, 0.011474891, 0.011484122, 0.011499561, 0.011510867, 0.011514911, 0.011519943, 0.011520853, 0.011517588, 0.011514457, 0.011505134, 0.011491988, 0.011483968, 0.011465125, 0.011442644, 0.01142995, 0.011402023, 0.011370473, 0.011335474, 0.011316698, 0.011276716, 0.011233496, 0.011210647, 0.011162621, 0.011111407, 0.011056564, 0.011027791, 0.010967332, 0.010902787, 0.010868939, 0.010798224, 0.010723536, 0.010684776, 0.010604486, 0.0105209425, 0.010434357, 0.010390021, 0.010299077, 0.01020517, 0.010156995, 0.01005812, 0.009955546, 0.009849012, 0.009794243, 0.009681726, 0.009565035, 0.009505152, 0.009382188, 0.009255044, 0.00918991, 0.009056401, 0.008918459, 0.0087761665, 0.008703351, 0.008554273, 0.008400569, 0.008321877, 0.008160758, 0.007994624, 0.007823196, 0.0077354154, 0.0075554834, 0.007369379, 0.0072739534, 0.007077954, 0.0068748444, 0.006770469, 0.0065558394, 0.0063329143, 0.0061010416, 0.005981498, 0.0057344777, 0.005475724, 0.005341305, 0.005061077, 0.004762671, 0.0044422653, 0.004272627, 0.003915501, 0.0035532862, 0.003391087, 0.0032036959, 0.003335381
0, 0.003362571, 0.0032304213, 0.0034199327, 0.0035836808, 0.0039490922, 0.004309638, 0.0044809817, 0.0048049693, 0.005107296, 0.005391857, 0.0055284733, 0.0057918583, 0.006043601, 0.0061655133, 0.0064022117, 0.006630161, 0.006850273, 0.006957531, 0.007166729, 0.0073689786, 0.007467559, 0.0076595726, 0.007844757, 0.007934909, 0.008110253, 0.008279456, 0.008442987, 0.008522867, 0.008679036, 0.008830975, 0.008905513, 0.009051784, 0.009194212, 0.00933235, 0.009399793, 0.009531114, 0.009657581, 0.009718924, 0.009838093, 0.009952972, 0.010008811, 0.010117877, 0.010223601, 0.010326047, 0.01037612, 0.010473486, 0.010567139, 0.010612393, 0.01069942, 0.0107815685, 0.01085865, 0.01089529, 0.010965105, 0.011030621, 0.011061852, 0.011121715, 0.0111783035, 0.011205413, 0.01125753, 0.011306806, 0.011353044, 0.011374848, 0.011415764, 0.01145287, 0.0114699155, 0.011500801, 0.011527331, 0.011549329, 0.011558601, 0.011573777, 0.011584341, 0.011587853, 0.011591581, 0.011590939, 0.0115859145, 0.011581769, 0.011570502, 0.011555361, 0.011546352, 0.011525704, 0.011501276, 0.011487761, 0.011458147, 0.011425009, 0.0113884555, 0.011368836, 0.011327302, 0.01128237, 0.011258684, 0.011208688, 0.011155117, 0.011097766, 0.011067573, 0.011003951, 0.010935841, 0.010900204, 0.010825529, 0.010746649, 0.010705858, 0.010621554, 0.010534157, 0.010444219, 0.01039829, 0.010304662, 0.010208581, 0.01015948, 0.010059026, 0.009955141, 0.009847399, 0.0097921165, 0.009678528, 0.009560721, 0.009500304, 0.009376259, 0.009248366, 0.009182718, 0.00904847, 0.008910031, 0.008767238, 0.008694201, 0.008544708, 0.008390531, 0.0083116535, 0.008150047, 0.007983229, 0.0078111505, 0.0077229864, 0.0075424425, 0.007355721, 0.0072599845, 0.007063436, 0.0068598986, 0.0067553353, 0.006540573, 0.0063176714, 0.006086092, 0.005966827, 0.005720601, 0.0054628034, 0.0053290124, 0.0050501083, 0.004753238, 0.0044342442, 0.0042653033, 0.0039094063, 0.0035483346, 0.0033865736, 0.00319982, 0.0033315872
0, 0.003358561, 0.003226714, 0.0034166903, 0.0035807763, 0.0039471504, 0.0043089185, 0.0044809896, 0.004806504, 0.0051104063, 0.005396666, 0.0055341176, 0.0057992963, 0.006052682, 0.0061754044, 0.006413474, 0.006642226, 0.0068622148, 0.006969115, 0.0071770083, 0.007377644, 0.0074753547, 0.0076660137, 0.007850822, 0.0079412, 0.008118105, 0.008290064, 0.008456951, 0.008538457, 0.008697617, 0.008851678, 0.008926763, 0.009073289, 0.009215078, 0.009352538, 0.009419651, 0.009550973, 0.009678563, 0.0097410185, 0.009863075, 0.009981229, 0.010038703, 0.010150471, 0.010257601, 0.010359972, 0.010409361, 0.010504798, 0.010596036, 0.010640104, 0.010725564, 0.0108073475, 0.0108858915, 0.010923855, 0.010997293, 0.011067321, 0.011100877, 0.011165056, 0.01122515, 0.01125364, 0.011307335, 0.011356646, 0.011401757, 0.011422682, 0.011461227, 0.011495317, 0.0115108015, 0.011538376, 0.011561478, 0.011580219, 0.011587961, 0.011600243, 0.011608395, 0.011610901, 0.011613276, 0.011611888, 0.0116070565, 0.011603215, 0.011593034, 0.011579212, 0.01157097, 0.0115514025, 0.011527925, 0.011514702, 0.011484972, 0.011451105, 0.011412946, 0.0113924, 0.011347942, 0.011299399, 0.011273591, 0.0112188235, 0.01116025, 0.011097986, 0.011065637, 0.0109985275, 0.010928537, 0.010892427, 0.010818123, 0.010741043, 0.010701426, 0.010619836, 0.010535098, 0.010446778, 0.01040124, 0.010307455, 0.010209841, 0.01015954, 0.010056232, 0.009949088, 0.0098382635, 0.009781478, 0.00966492, 0.009544572, 0.009482876, 0.009356622, 0.009226366, 0.009159775, 0.009023711, 0.008883874, 0.008740316, 0.008667229, 0.008518119, 0.008364971, 0.008286852, 0.008127, 0.0079622585, 0.007792216, 0.0077051166, 0.0075264694, 0.0073416443, 0.007246734, 0.0070519242, 0.006849957, 0.006746157, 0.006532459, 0.0063102837, 0.006078819, 0.005959414, 0.0057125194, 0.005453904, 0.005319727, 0.005040302, 0.004743463, 0.0044252547, 0.004256925, 0.0039025587, 0.0035432582, 0.003382351, 0.0031969945, 0.0033293338
0, 0.003360754, 0.003229051, 0.0034195448, 0.0035839833, 0.0039511304, 0.004313517, 0.0044858963, 0.0048118928, 0.0051161684, 0.0054028253, 0.005540536, 0.0058060857, 0.006059962, 0.0061828354, 0.006420969, 0.0066495207, 0.006868878, 0.0069753616, 0.00718223, 0.00738166, 0.0074787657, 0.0076683494, 0.007852307, 0.007942378, 0.008119036, 0.008291021, 0.008458183, 0.0085398145, 0.008699105, 0.008852948, 0.008927737, 0.009073308, 0.009213657, 0.009349415, 0.009415654, 0.009545361, 0.009671612, 0.009733469, 0.009854772, 0.009972256, 0.01002945, 0.010140493, 0.010246511, 0.010347324, 0.010395722, 0.010488914, 0.010577659, 0.010620543, 0.0107037965, 0.010784007, 0.010861556, 0.010899159, 0.010972338, 0.011042231, 0.011075803, 0.011139883, 0.011199497, 0.011227605, 0.011280284, 0.0113281375, 0.011371244, 0.011391234, 0.011427744, 0.011459923, 0.011474612, 0.011500499, 0.0115223145, 0.011540123, 0.011547522, 0.011559389, 0.011567487, 0.011570149, 0.011572835, 0.011572184, 0.011568003, 0.011564653, 0.01155539, 0.011542419, 0.011534494, 0.01151561, 0.011492679, 0.011479629, 0.011450241, 0.011416593, 0.0113786915, 0.011358171, 0.011313936, 0.011265438, 0.011239595, 0.011184967, 0.011126626, 0.011064844, 0.011032903, 0.010966912, 0.010898631, 0.01086363, 0.01079191, 0.010717778, 0.01067975, 0.010601282, 0.010519327, 0.010433329, 0.010388792, 0.010296415, 0.010199674, 0.010149702, 0.010046693, 0.009939911, 0.009829487, 0.009772897, 0.009656892, 0.009537164, 0.009475805, 0.009350143, 0.009220347, 0.009153955, 0.009018203, 0.00887863, 0.008735452, 0.008662453, 0.008513782, 0.008361267, 0.008283418, 0.008124328, 0.007960376, 0.0077913078, 0.007704612, 0.007526917, 0.007343038, 0.0072486307, 0.0070546246, 0.0068535805, 0.0067501743, 0.006537132, 0.006315298, 0.006083908, 0.0059643644, 0.005717151, 0.00545798, 0.0053234976, 0.0050433995, 0.0047460566, 0.0044273976, 0.004258909, 0.0039044518, 0.0035451367, 0.0033842684, 0.0031990192, 0.0033314647
0, 0.0033655788, 0.0032338651, 0.0034247602, 0.0035893808, 0.00395678, 0.0043192105, 0.004491469, 0.004817195, 0.005120983, 0.0054070926, 0.0055444674, 0.005809387, 0.006062572, 0.006185173, 0.0064227656, 0.0066508264, 0.0068698935, 0.006976175, 0.0071828635, 0.0073820488, 0.0074789478, 0.0076680393, 0.007851255, 0.007940818, 0.008116138, 0.008286484, 0.00845193, 0.008532729, 0.008690355, 0.008842531, 0.008916572, 0.009060627, 0.009199469, 0.009333402, 0.0093987165, 0.009526332, 0.009650167, 0.0097107915, 0.009829314, 0.009944141, 0.010000051, 0.010108629, 0.010212505, 0.010311403, 0.010359048, 0.010450634, 0.01053782, 0.010579943, 0.01066137, 0.010739644, 0.010814843, 0.010851294, 0.010921659, 0.010988567, 0.01102056, 0.01108161, 0.011138374, 0.011165086, 0.01121518, 0.011261, 0.011302513, 0.011321757, 0.011357215, 0.011388974, 0.0114034545, 0.0114294775, 0.011451665, 0.011470029, 0.011477763, 0.011490295, 0.011499024, 0.011502056, 0.011505329, 0.0115050245, 0.011501083, 0.011497799, 0.011488474, 0.011475366, 0.011467314, 0.01144827, 0.011425286, 0.011412269, 0.011383366, 0.011350634, 0.011314198, 0.011294504, 0.011252277, 0.011206257, 0.011181892, 0.011130341, 0.011075262, 0.011016864, 0.0109866075, 0.010923808, 0.010858457, 0.010824734, 0.0107555045, 0.010683476, 0.01064636, 0.010569572, 0.010489124, 0.010404809, 0.010361077, 0.010270559, 0.010175917, 0.010127081, 0.010026688, 0.00992251, 0.009814874, 0.009759787, 0.009646716, 0.009529882, 0.009469958, 0.009347004, 0.0092197545, 0.0091544995, 0.009020872, 0.008883014, 0.008741081, 0.0086685615, 0.00852055, 0.00836835, 0.008290567, 0.008131499, 0.0079674525, 0.007798247, 0.007711607, 0.0075338865, 0.007349939, 0.007255616, 0.007061886, 0.0068609836, 0.006757714, 0.006544865, 0.006323353, 0.006092233, 0.005972864, 0.005725973, 0.0054670363, 0.005332627, 0.005052493, 0.0047548907, 0.004435754, 0.0042669317, 0.0039116084, 0.003551326, 0.0033900237, 0.003204022, 0.0033364275
0, 0.003371899, 0.0032399264, 0.0034309265, 0.0035955654, 0.0039629517, 0.0043250634, 0.0044971425, 0.0048222775, 0.0051253806, 0.005410497, 0.0055472683, 0.0058109076, 0.0060626306, 0.0061844727, 0.006420749, 0.0066478704, 0.0068664793, 0.006972735, 0.007179539, 0.007378977, 0.0074760504, 0.0076649836, 0.007847407, 0.007936264, 0.008109465, 0.008276922, 0.008439057, 0.00851818, 0.008672595, 0.008821996, 0.008894879, 0.009036942, 0.009174022, 0.009306293, 0.009370604, 0.009495743, 0.0096164355, 0.009675193, 0.0097895255, 0.009899843, 0.00995358, 0.01005808, 0.010158653, 0.010255228, 0.010302028, 0.010392407, 0.010478543, 0.010520174, 0.010600135, 0.010676201, 0.010748228, 0.010782798, 0.010848877, 0.010910964, 0.010940547, 0.010996841, 0.01104941, 0.01107428, 0.011121257, 0.011164817, 0.011204848, 0.011223636, 0.0112587, 0.011290489, 0.01130511, 0.011331611, 0.01135457, 0.011373665, 0.011381761, 0.011394966, 0.011404312, 0.011407472, 0.011410927, 0.011410562, 0.011406455, 0.011402981, 0.011393295, 0.01137981, 0.011371708, 0.011352766, 0.011330224, 0.01131766, 0.011289987, 0.0112591935, 0.011225242, 0.011207035, 0.0111685265, 0.011126891, 0.011104892, 0.011058429, 0.0110087, 0.010955669, 0.010927858, 0.010869564, 0.010807917, 0.010775686, 0.010708724, 0.0106381895, 0.010601599, 0.010525755, 0.010446292, 0.010363494, 0.010320785, 0.010232921, 0.010141734, 0.010094839, 0.009998556, 0.009898859, 0.00979566, 0.009742689, 0.009633916, 0.009521143, 0.009463191, 0.009344171, 0.009220686, 0.009157223, 0.009026915, 0.0088918945, 0.008752202, 0.008680621, 0.008533805, 0.008382082, 0.0083043445, 0.008145159, 0.00798086, 0.007811244, 0.0077244327, 0.007546403, 0.007362308, 0.0072678556, 0.0070739794, 0.006872867, 0.0067695053, 0.0065566897, 0.0063352594, 0.0061045396, 0.005985448, 0.0057392386, 0.005481128, 0.0053470866, 0.0050674384, 0.0047697723, 0.0044499915, 0.004280576, 0.0039236196, 0.003561444, 0.0033991393, 0.003211697, 0.0033437
0, 0.0033782423, 0.0032459667, 0.0034369442, 0.0036017362, 0.0039691674, 0.004331455, 0.0045035346, 0.004828758, 0.005131877, 0.0054166694, 0.005553139, 0.005815818, 0.006066021, 0.006186995, 0.00642148, 0.0066470467, 0.0068643643, 0.0069701965, 0.007176373, 0.0073754746, 0.007472412, 0.007660814, 0.007842072, 0.007930012, 0.008100706, 0.008264972, 0.008423286, 0.008500435, 0.008651039, 0.008797123, 0.008868561, 0.009008148, 0.009143334, 0.009273507, 0.009336639, 0.009458911, 0.009575917, 0.009632462, 0.009741888, 0.009846971, 0.009898012, 0.009997571, 0.010093882, 0.010187233, 0.010232708, 0.010320879, 0.010405268, 0.010445896, 0.010523818, 0.010597066, 0.010665564, 0.0106981015, 0.010759846, 0.010817471, 0.0108448025, 0.010896928, 0.010945701, 0.010968941, 0.011013219, 0.011054525, 0.011092903, 0.011110955, 0.011144676, 0.011175319, 0.0111894775, 0.0112150265, 0.0112370765, 0.0112553835, 0.011263139, 0.011275881, 0.011284727, 0.011287726, 0.011290851, 0.01129041, 0.011286294, 0.01128301, 0.011273814, 0.011261281, 0.011253866, 0.011236512, 0.011216051, 0.011204753, 0.011179899, 0.01115217, 0.011121704, 0.011105518, 0.011071057, 0.011033837, 0.011014206, 0.0109727625, 0.010928349, 0.010880687, 0.010855521, 0.010802246, 0.010744869, 0.010714605, 0.010650831, 0.010582881, 0.010547483, 0.010473785, 0.010396818, 0.010316919, 0.010275958, 0.010191998, 0.010105226, 0.010060751, 0.009969321, 0.0098743215, 0.0097755045, 0.0097245565, 0.009619662, 0.009510416, 0.009454239, 0.009338681, 0.009218722, 0.009157077, 0.009030307, 0.008898603, 0.008761829, 0.008691455, 0.008546605, 0.008396267, 0.008319063, 0.008160574, 0.007996714, 0.007827608, 0.0077410685, 0.0075636855, 0.007380225, 0.007286045, 0.0070925457, 0.0068916613, 0.0067882845, 0.0065753367, 0.006353832, 0.0061231637, 0.0060041393, 0.0057582404, 0.005500601, 0.005366735, 0.005087202, 0.004789061, 0.0044681304, 0.004297855, 0.0039386908, 0.003573913, 0.0034103312, 0.0032208315, 0.0033523173
0, 0.0033840945, 0.0032515877, 0.00344283, 0.003607832, 0.003975981, 0.0043391124, 0.0045116805, 0.0048380173, 0.0051422575, 0.0054279277, 0.005564673, 0.0058273287, 0.0060769594, 0.006197306, 0.0064301263, 0.0066534756, 0.0068686297, 0.0069733677, 0.0071776323, 0.007375071, 0.007471223, 0.007658166, 0.007837668, 0.007924658, 0.008092997, 0.008254401, 0.008409449, 0.00848487, 0.00863202, 0.008774827, 0.008844769, 0.008981476, 0.009113865, 0.009241264, 0.009302877, 0.009421897, 0.009534932, 0.009589374, 0.00969426, 0.0097945575, 0.009843175, 0.009937969, 0.0100296885, 0.010118676, 0.010162078, 0.01024642, 0.0103270225, 0.010365803, 0.010439912, 0.010509335, 0.010574119, 0.010604856, 0.010663265, 0.010717989, 0.010744098, 0.010793697, 0.0108402595, 0.010862558, 0.01090471, 0.010943847, 0.010979777, 0.010996499, 0.011027383, 0.0110548595, 0.011067238, 0.01108965, 0.0111087095, 0.011124453, 0.011131094, 0.011141903, 0.011149398, 0.011151897, 0.011154717, 0.011154512, 0.011151362, 0.011148747, 0.011141478, 0.011131657, 0.011125762, 0.011111993, 0.011095506, 0.011086214, 0.011065473, 0.011041817, 0.011015204, 0.011000746, 0.010969794, 0.010935898, 0.010917941, 0.010879925, 0.010839239, 0.010795669, 0.010772636, 0.010723949, 0.0106713185, 0.010643449, 0.010584513, 0.01052144, 0.010488396, 0.010419526, 0.010347543, 0.010272648, 0.01023422, 0.010155359, 0.010073497, 0.010031392, 0.009944385, 0.009853347, 0.009757817, 0.0097083375, 0.00960595, 0.009499135, 0.009444149, 0.00933107, 0.009213869, 0.009153721, 0.009030149, 0.008901668, 0.008768052, 0.00869914, 0.008557016, 0.008408943, 0.008332727, 0.008176148, 0.008014156, 0.007846872, 0.007761289, 0.0075857714, 0.0074042054, 0.0073108217, 0.007118591, 0.0069184764, 0.0068152663, 0.006602284, 0.006380284, 0.0061490536, 0.006029705, 0.0057831113, 0.005524767, 0.0053904965, 0.0051100063, 0.0048105503, 0.0044877985, 0.0043164087, 0.0039546653, 0.00358706, 0.0034221094, 0.0032305624, 0.0033615837
0, 0.0033903148, 0.0032576106, 0.0034494328, 0.0036149372, 0.0039842315, 0.004348699, 0.0045220233, 0.0048499587, 0.0051557873, 0.005443003, 0.0055804625, 0.0058441046, 0.0060940483, 0.006214214, 0.0064460807, 0.0066676745, 0.006880488, 0.0069839824, 0.0071856757, 0.007380638, 0.007475604, 0.007660263, 0.007837745, 0.00792371, 0.008090113, 0.008249413, 0.008402189, 0.008476367, 0.008620941, 0.008760818, 0.008829115, 0.008962536, 0.009091389, 0.009215133, 0.009274935, 0.009390163, 0.009499621, 0.009552228, 0.009653681, 0.009750438, 0.009797392, 0.009888453, 0.009976113, 0.010060533, 0.010101379, 0.010180392, 0.010255413, 0.01029139, 0.01036016, 0.010424824, 0.010485605, 0.010514728, 0.010570572, 0.010623508, 0.01064893, 0.010697425, 0.010742851, 0.010764343, 0.010804727, 0.010841458, 0.0108742695, 0.010889277, 0.01091634, 0.010939707, 0.010950077, 0.010968534, 0.010983943, 0.010996691, 0.011002054, 0.011010731, 0.011016852, 0.011019091, 0.011021686, 0.011022092, 0.011020522, 0.011018937, 0.011014413, 0.011007926, 0.011003915, 0.010994315, 0.010982333, 0.010975267, 0.010958979, 0.010939379, 0.010916295, 0.010903401, 0.010875153, 0.010843579, 0.010826662, 0.010790661, 0.010752105, 0.010711136, 0.010689689, 0.01064471, 0.010596619, 0.010571386, 0.010518071, 0.0104611805, 0.0104314005, 0.010369137, 0.010303476, 0.010234666, 0.0101990355, 0.010125385, 0.010048041, 0.010008018, 0.009924561, 0.00983645, 0.009743531, 0.009695215, 0.009594942, 0.009490234, 0.009436314, 0.009325615, 0.009211131, 0.00915241, 0.009031802, 0.008906528, 0.008776028, 0.008708711, 0.008569521, 0.008424202, 0.008349256, 0.008195131, 0.008035586, 0.007870696, 0.007786176, 0.007612973, 0.0074334303, 0.007341036, 0.007150237, 0.00695101, 0.0068479856, 0.006634906, 0.0064121853, 0.0061796596, 0.0060596056, 0.00581137, 0.0055511533, 0.0054159397, 0.0051335557, 0.0048320885, 0.0045070387, 0.0043344866, 0.003970267, 0.0036001282, 0.0034340266, 0.003240779, 0.003371527
0, 0.0033980724, 0.0032653364, 0.0034580939, 0.0036242406, 0.0039949617, 0.004360778, 0.004534768, 0.0048640464, 0.005171146, 0.0054596, 0.005597665, 0.005862485, 0.006113175, 0.0062336703, 0.0064657084, 0.0066870484, 0.0068988786, 0.0070017, 0.007201729, 0.007394646, 0.0074885283, 0.007671098, 0.007846687, 0.007931759, 0.008096716, 0.008254691, 0.008406183, 0.008479651, 0.008622328, 0.00875977, 0.008826626, 0.008956556, 0.0090814475, 0.009201123, 0.0092588505, 0.009370325, 0.00947654, 0.009527763, 0.009626749, 0.009721362, 0.009767179, 0.009855803, 0.009940409, 0.010020791, 0.010059363, 0.010133035, 0.010202279, 0.010235255, 0.010298305, 0.010357857, 0.010414518, 0.01044188, 0.010495058, 0.0105459755, 0.010570517, 0.010617523, 0.010661247, 0.010681791, 0.010719864, 0.010753826, 0.010783569, 0.010796992, 0.010820903, 0.0108413175, 0.0108503215, 0.01086626, 0.010879686, 0.010890765, 0.010895432, 0.010903123, 0.010908752, 0.010910796, 0.010913599, 0.010914655, 0.010914284, 0.010913488, 0.010910954, 0.01090682, 0.010904152, 0.01089752, 0.010888665, 0.010883258, 0.010870186, 0.01085381, 0.0108337235, 0.010822323, 0.0107966075, 0.010767333, 0.010751434, 0.010717424, 0.010680759, 0.010641794, 0.010621539, 0.010579451, 0.010534969, 0.010511801, 0.010463356, 0.010411948, 0.010384952, 0.010328394, 0.010268279, 0.010204417, 0.010171056, 0.01010143, 0.010027699, 0.009989159, 0.00990863, 0.009823259, 0.009733067, 0.009686168, 0.009588952, 0.009487413, 0.009435165, 0.0093277395, 0.009216726, 0.009159674, 0.009042359, 0.0089201825, 0.008792567, 0.00872655, 0.00858993, 0.008447047, 0.008373199, 0.008221067, 0.008063172, 0.007899788, 0.007815996, 0.007643893, 0.0074652317, 0.0073731453, 0.0071829585, 0.0069839116, 0.0068808375, 0.0066672927, 0.006443751, 0.0062098876, 0.0060890173, 0.0058388575, 0.005576559, 0.0054402384, 0.0051557003, 0.004851991, 0.004524895, 0.0043513, 0.003985232, 0.0036132184, 0.0034462588, 0.0032516792, 0.0033824132
0, 0.0034078213, 0.0032753092, 0.0034695202, 0.0036365218, 0.0040089097, 0.004376148, 0.0045506996, 0.0048808386, 0.0051885378, 0.005477622, 0.0056159557, 0.0058814227, 0.0061332304, 0.006254359, 0.006487856, 0.006710567, 0.006923624, 0.0070267855, 0.007227079, 0.007419656, 0.007513228, 0.0076949806, 0.007869477, 0.007954027, 0.008118004, 0.0082752975, 0.008426158, 0.0084992135, 0.008640783, 0.0087765055, 0.008842182, 0.008969407, 0.009090884, 0.009206864, 0.009262819, 0.009370899, 0.009474167, 0.009524129, 0.009620991, 0.009713812, 0.009758729, 0.009845575, 0.009927939, 0.010005423, 0.010042246, 0.010112011, 0.0101769045, 0.010207621, 0.010266149, 0.010321471, 0.010374191, 0.010399707, 0.01044939, 0.010497061, 0.010520052, 0.010563903, 0.01060448, 0.010623403, 0.010658463, 0.010689694, 0.010717097, 0.010729508, 0.010751945, 0.010771577, 0.010780361, 0.01079623, 0.010809816, 0.010821209, 0.010826027, 0.0108339945, 0.010839827, 0.010842028, 0.0108449105, 0.010846097, 0.010845837, 0.010845256, 0.010842996, 0.0108394055, 0.010837055, 0.010831052, 0.010823115, 0.010818338, 0.010806716, 0.010792301, 0.010774638, 0.010764604, 0.010741837, 0.010715519, 0.010701115, 0.010670013, 0.010636017, 0.010599501, 0.010580368, 0.01054053, 0.010498351, 0.010476498, 0.010430791, 0.010382276, 0.010356829, 0.010303436, 0.010246298, 0.010185189, 0.010153102, 0.010085865, 0.010014376, 0.009977003, 0.009899014, 0.009816657, 0.00972986, 0.009684841, 0.009591724, 0.009494526, 0.009444442, 0.009341268, 0.00923397, 0.009178585, 0.009064268, 0.008944643, 0.008819159, 0.008754199, 0.008619279, 0.008477769, 0.008404571, 0.008253339, 0.008095958, 0.007932505, 0.00784854, 0.007675802, 0.0074962704, 0.007403686, 0.0072124633, 0.007012561, 0.0069090836, 0.0066948594, 0.0064704833, 0.006235675, 0.006114185, 0.005862709, 0.0055987644, 0.00546157, 0.005175192, 0.0048698136, 0.0045411703, 0.0043668887, 0.0039994465, 0.003626181, 0.0034586187, 0.0032631073, 0.0033939357
0, 0.003418937, 0.003286853, 0.00348312, 0.003651375, 0.0040262095, 0.004395461, 0.0045708218, 0.0049020266, 0.0052104318, 0.0054999036, 0.0056384434, 0.0059046326, 0.0061577377, 0.0062797368, 0.006515546, 0.0067409803, 0.0069568455, 0.00706131, 0.0072637987, 0.0074580116, 0.0075520873, 0.0077344864, 0.007909121, 0.0079937065, 0.00815754, 0.008314615, 0.008465331, 0.008538247, 0.008679465, 0.008814526, 0.008879727, 0.009005528, 0.00912531, 0.009239139, 0.009293988, 0.00939962, 0.009500479, 0.0095493095, 0.009643772, 0.009734311, 0.009778157, 0.009862771, 0.009942995, 0.010018301, 0.010054082, 0.0101217665, 0.010184456, 0.010214056, 0.010270203, 0.01032282, 0.01037245, 0.010396295, 0.010442226, 0.010485656, 0.01050644, 0.010545985, 0.010582486, 0.010599558, 0.010631403, 0.010660212, 0.010686165, 0.010698231, 0.0107205445, 0.010740613, 0.010749932, 0.010766876, 0.010781569, 0.01079384, 0.010799035, 0.01080745, 0.010813536, 0.010815628, 0.01081818, 0.010818994, 0.010818166, 0.010817215, 0.01081405, 0.010809595, 0.010806816, 0.010799902, 0.010791345, 0.010786374, 0.010774792, 0.010761143, 0.010745099, 0.010736076, 0.010715938, 0.01069297, 0.0106802685, 0.010652515, 0.010621832, 0.010588034, 0.010570096, 0.01053209, 0.010491298, 0.010469916, 0.010425124, 0.010377312, 0.010352257, 0.0102995625, 0.010243206, 0.010183222, 0.01015169, 0.010085736, 0.010015849, 0.009979411, 0.009903673, 0.009824038, 0.009740551, 0.009697328, 0.009608, 0.009514539, 0.009466211, 0.0093661845, 0.009261405, 0.009207122, 0.009094458, 0.0089760125, 0.008851415, 0.00878682, 0.008652642, 0.008511761, 0.008438762, 0.0082876, 0.008129951, 0.007965625, 0.007880977, 0.007706542, 0.007524999, 0.0074313856, 0.007238256, 0.007036736, 0.006932639, 0.00671737, 0.0064923447, 0.006256883, 0.0061350972, 0.005882828, 0.005617891, 0.005480133, 0.0051923865, 0.004885687, 0.004555884, 0.0043810196, 0.004012427, 0.0036380643, 0.0034699882, 0.0032737094, 0.0034045153
0, 0.0034297085, 0.003298429, 0.0034972692, 0.0036672202, 0.0040455787, 0.0044180416, 0.0045947856, 0.0049283477, 0.005238532, 0.005529424, 0.005668683, 0.0059364047, 0.006191322, 0.0063144127, 0.0065527773, 0.006781187, 0.007000224, 0.0071063004, 0.0073118494, 0.0075087324, 0.007603952, 0.0077880947, 0.007964123, 0.0080492, 0.008213836, 0.008371479, 0.008522414, 0.0085955225, 0.008737101, 0.008872527, 0.0089379465, 0.00906413, 0.009184226, 0.009298074, 0.009352736, 0.009457612, 0.0095571205, 0.009605022, 0.009697218, 0.009785071, 0.009827522, 0.009909376, 0.009987192, 0.010060709, 0.010095808, 0.010162407, 0.010224718, 0.010254094, 0.010309664, 0.0103612365, 0.01040904, 0.01043162, 0.010474302, 0.010514053, 0.010532837, 0.010568544, 0.010601578, 0.010617152, 0.010646591, 0.010673871, 0.010698925, 0.010710763, 0.01073302, 0.010753132, 0.010762503, 0.010779516, 0.010794175, 0.010806119, 0.010811158, 0.010819236, 0.010824755, 0.010826551, 0.010828569, 0.010828655, 0.010827094, 0.010825695, 0.010821851, 0.010816583, 0.010813395, 0.010805699, 0.0107963495, 0.010791015, 0.010779089, 0.010765276, 0.010749547, 0.010740962, 0.010722095, 0.010700971, 0.010689329, 0.010664001, 0.010635684, 0.010604233, 0.010587235, 0.010550741, 0.0105109345, 0.01048981, 0.010445141, 0.010397356, 0.010372283, 0.010319717, 0.010263749, 0.01020443, 0.010173456, 0.0101087885, 0.010040342, 0.010004755, 0.009930547, 0.009852557, 0.009770648, 0.009728201, 0.009640238, 0.009547831, 0.009499936, 0.00940038, 0.009295599, 0.009241219, 0.00912807, 0.0090090735, 0.008884046, 0.00881923, 0.008684789, 0.00854376, 0.008470764, 0.00831958, 0.00816171, 0.007996772, 0.007911639, 0.0077358717, 0.0075525157, 0.007457987, 0.007262944, 0.007059712, 0.0069548213, 0.006738335, 0.006512388, 0.006276229, 0.0061541335, 0.0059010875, 0.0056352536, 0.005496951, 0.0052078804, 0.0048997873, 0.004568602, 0.0043930663, 0.0040231133, 0.0036474848, 0.0034787515, 0.0032815933, 0.0034123883
0, 0.00343894, 0.0033085006, 0.0035101518, 0.0036819342, 0.004064349, 0.0044409977, 0.004619731, 0.004957098, 0.0052707307, 0.005564753, 0.0057054753, 0.005975961, 0.0062334407, 0.00635787, 0.0065986714, 0.006829564, 0.0070510567, 0.0071584247, 0.007366518, 0.00756593, 0.0076623457, 0.00784882, 0.008027032, 0.008113061, 0.008279398, 0.008438381, 0.008590363, 0.008663981, 0.008806451, 0.008942955, 0.009009039, 0.009136887, 0.009258738, 0.009374288, 0.009429673, 0.009535671, 0.009635497, 0.009683169, 0.009774378, 0.009860411, 0.0099016605, 0.009981166, 0.010056923, 0.010128923, 0.0101635605, 0.010229873, 0.010292212, 0.01032183, 0.010377656, 0.010429006, 0.010475862, 0.01049776, 0.010538659, 0.010576308, 0.010594078, 0.010627832, 0.010659466, 0.010674542, 0.010703161, 0.01072974, 0.010754157, 0.010765506, 0.010786416, 0.010804967, 0.010813343, 0.010828456, 0.010841172, 0.010851426, 0.010855822, 0.010862648, 0.01086723, 0.010868733, 0.0108702835, 0.010869964, 0.010868111, 0.010866687, 0.010862877, 0.010857679, 0.010854549, 0.010847125, 0.010837882, 0.010832401, 0.0108200135, 0.010805383, 0.010788662, 0.010779503, 0.01075966, 0.010737825, 0.010726089, 0.010700881, 0.010673071, 0.010642452, 0.010625966, 0.01059045, 0.010551396, 0.010530609, 0.010486407, 0.010438995, 0.010414174, 0.010362344, 0.010307411, 0.010249492, 0.0102192275, 0.0101560615, 0.010088862, 0.010053649, 0.009979899, 0.009901598, 0.009818722, 0.009775623, 0.009685889, 0.009591484, 0.009542472, 0.009440814, 0.009333908, 0.009278467, 0.009163397, 0.009042579, 0.008915918, 0.008850365, 0.008714782, 0.008573077, 0.00849985, 0.008348601, 0.008190553, 0.008025609, 0.007940356, 0.007764161, 0.007580066, 0.0074849734, 0.007288647, 0.007083822, 0.006978176, 0.006760215, 0.006532781, 0.0062953676, 0.006172631, 0.0059183347, 0.00565107, 0.0055119796, 0.0052213594, 0.0049116095, 0.0045786076, 0.0044022035, 0.0040306393, 0.0036534187, 0.0034841052, 0.0032860055, 0.0034166945
0, 0.0034464132, 0.003316568, 0.0035204308, 0.0036936717, 0.0040795207, 0.004459934, 0.004640721, 0.0049822098, 0.0053000893, 0.0055983006, 0.0057410696, 0.006015372, 0.0062761903, 0.006402033, 0.0066451794, 0.0068779276, 0.0071010087, 0.0072090854, 0.007418744, 0.0076198946, 0.0077173016, 0.0079061, 0.008086784, 0.008174123, 0.008342965, 0.008504208, 0.008658091, 0.008732483, 0.008876433, 0.00901424, 0.0090811, 0.009210622, 0.0093345465, 0.009452544, 0.009509159, 0.009617558, 0.009719454, 0.0097679375, 0.009860235, 0.009946601, 0.009987807, 0.010066847, 0.010141921, 0.010213621, 0.010248211, 0.010314761, 0.010377463, 0.010407192, 0.010463298, 0.010514626, 0.010561145, 0.010582771, 0.010623287, 0.010660675, 0.0106785, 0.010712575, 0.0107448995, 0.01076033, 0.010789513, 0.010816129, 0.010839771, 0.010850315, 0.010869063, 0.01088493, 0.010891827, 0.010903945, 0.0109141385, 0.0109226685, 0.010926335, 0.010932443, 0.010936675, 0.010938156, 0.010939676, 0.010939432, 0.010937622, 0.010936251, 0.010932669, 0.010927892, 0.010925039, 0.01091822, 0.010909376, 0.010904018, 0.010891173, 0.010875431, 0.010856716, 0.01084635, 0.01082385, 0.010799204, 0.0107862195, 0.010758931, 0.0107298745, 0.010698583, 0.010682062, 0.010646728, 0.0106082335, 0.01058768, 0.010544028, 0.010497373, 0.010472872, 0.010421829, 0.01036802, 0.01031113, 0.010281397, 0.010218974, 0.010151911, 0.010116501, 0.010041645, 0.009961301, 0.0098756235, 0.009830808, 0.009737747, 0.009639857, 0.009589271, 0.009484555, 0.009375197, 0.009318605, 0.009201367, 0.009078517, 0.008949842, 0.008883361, 0.008745823, 0.0086025605, 0.008528669, 0.008376327, 0.008217638, 0.008052267, 0.007966919, 0.00779057, 0.00760615, 0.007510728, 0.0073134676, 0.0071073575, 0.007000907, 0.006781125, 0.006551775, 0.006312488, 0.0061887945, 0.0059326557, 0.0056636236, 0.005523651, 0.005231414, 0.004919982, 0.0045852866, 0.00440807, 0.0040349495, 0.0036564304, 0.0034865174, 0.0032876597, 0.0034181676
0, 0.0034522333, 0.0033226807, 0.003527534, 0.0037014377, 0.0040888228, 0.0044712084, 0.004653176, 0.0049974355, 0.0053186463, 0.0056206053, 0.005765246, 0.0060432903, 0.0063075298, 0.0064348546, 0.0066804597, 0.006914943, 0.0071392762, 0.007247891, 0.0074584703, 0.0076609845, 0.0077592204, 0.007950113, 0.008133376, 0.008222174, 0.008394115, 0.008558355, 0.008714916, 0.008790451, 0.008936233, 0.00907553, 0.009142968, 0.0092737265, 0.009399253, 0.009519338, 0.009577252, 0.009688523, 0.009793514, 0.009843577, 0.009938816, 0.010027887, 0.010070355, 0.010151547, 0.010228454, 0.010301633, 0.010336861, 0.010404589, 0.010468021, 0.010498047, 0.01055451, 0.010605922, 0.010652599, 0.010674337, 0.010715379, 0.010753849, 0.010772321, 0.010807982, 0.010841949, 0.010858116, 0.010888398, 0.01091535, 0.0109383175, 0.010948219, 0.010965089, 0.010978663, 0.010984476, 0.010994755, 0.011003936, 0.011012213, 0.011015967, 0.011022715, 0.011027804, 0.011029591, 0.011031477, 0.011031194, 0.011028991, 0.011027276, 0.011022935, 0.011017651, 0.011014584, 0.011007495, 0.010998512, 0.010993054, 0.010979618, 0.010962589, 0.010941903, 0.0109302765, 0.010904986, 0.010877381, 0.010863005, 0.010833267, 0.010802223, 0.010769681, 0.010752721, 0.010716911, 0.010678056, 0.010657395, 0.010613541, 0.010566452, 0.010541741, 0.010490118, 0.010435592, 0.010377897, 0.010347719, 0.010284103, 0.01021546, 0.010179136, 0.010101795, 0.010018583, 0.009929783, 0.009883414, 0.009787206, 0.009686792, 0.009635046, 0.009528509, 0.009417662, 0.009360414, 0.009241883, 0.00911742, 0.00898678, 0.008919127, 0.008779088, 0.008633121, 0.008557858, 0.00840301, 0.008242174, 0.008075166, 0.00798914, 0.0078116055, 0.0076262453, 0.007530389, 0.0073320386, 0.0071245963, 0.0070174085, 0.0067958636, 0.0065647555, 0.006323432, 0.006198803, 0.0059409896, 0.0056704553, 0.0055298987, 0.0052365116, 0.004924032, 0.004588396, 0.004410692, 0.004036726, 0.0036574353, 0.0034872005, 0.0032879172, 0.003418183
0, 0.003455561, 0.003326013, 0.0035307086, 0.0037044014, 0.004091261, 0.004473247, 0.004655101, 0.0049996832, 0.0053219027, 0.0056255255, 0.0057712756, 0.006051839, 0.006318699, 0.006447334, 0.006695429, 0.0069319657, 0.0071578845, 0.0072671403, 0.0074790413, 0.0076829055, 0.007782051, 0.007974875, 0.008160707, 0.008250912, 0.008425928, 0.008593462, 0.008753147, 0.008830087, 0.008978213, 0.00911937, 0.009187528, 0.0093196165, 0.0094463425, 0.009568016, 0.009626899, 0.009740663, 0.009848588, 0.009900362, 0.009999268, 0.010092335, 0.010136763, 0.010221963, 0.010302508, 0.010378774, 0.010415429, 0.010485387, 0.010550562, 0.010581329, 0.010638888, 0.010691266, 0.010738966, 0.01076131, 0.010803686, 0.010843647, 0.010862984, 0.010900352, 0.010935775, 0.010952502, 0.010983636, 0.011010806, 0.011033685, 0.011043408, 0.011059827, 0.011073205, 0.011079072, 0.011089897, 0.011100245, 0.01111019, 0.011114897, 0.011123367, 0.011129793, 0.011132074, 0.011134203, 0.01113328, 0.011129655, 0.0111270705, 0.011120733, 0.011113444, 0.01110952, 0.011100804, 0.011090499, 0.01108441, 0.011070053, 0.011052002, 0.011030257, 0.011018107, 0.010991411, 0.01096248, 0.010947439, 0.010916387, 0.010884108, 0.010850476, 0.010832976, 0.010795957, 0.010755693, 0.0107342405, 0.0106884735, 0.0106389765, 0.0106129395, 0.010558403, 0.0105006555, 0.010439717, 0.010407769, 0.010340843, 0.010269023, 0.0102310665, 0.010150928, 0.010065051, 0.009973944, 0.009926658, 0.009828844, 0.009727286, 0.009675145, 0.009567995, 0.009456641, 0.009399095, 0.009279613, 0.009153729, 0.009021007, 0.008952108, 0.008809175, 0.008659625, 0.008582654, 0.008424153, 0.008259969, 0.008089925, 0.008002585, 0.007822765, 0.0076355254, 0.007538889, 0.007339147, 0.007130423, 0.0070226393, 0.006799923, 0.0065674894, 0.0063250302, 0.0061998568, 0.005941198, 0.0056700823, 0.005529313, 0.0052357125, 0.0049230973, 0.0045874924, 0.0044098543, 0.0040359, 0.003656682, 0.0034864512, 0.0032870655, 0.0034171757
0, 0.0034536931, 0.0033241245, 0.0035279577, 0.0037009062, 0.004085891, 0.0044658263, 0.00464667, 0.0049893707, 0.005310249, 0.0056131887, 0.0057588434, 0.0060397964, 0.0063078622, 0.0064372723, 0.006687187, 0.0069257817, 0.007153684, 0.0072639477, 0.007477745, 0.0076833186, 0.007783338, 0.007978036, 0.008165946, 0.0082573155, 0.008434745, 0.008604969, 0.008767591, 0.008846015, 0.008997157, 0.009141014, 0.009210436, 0.009344666, 0.009473296, 0.009596578, 0.00965626, 0.009771792, 0.009881855, 0.009934874, 0.010036712, 0.010133203, 0.010179503, 0.010268517, 0.010352898, 0.010432834, 0.010471091, 0.010544141, 0.010612132, 0.010644142, 0.010704149, 0.010759103, 0.010809219, 0.010832767, 0.010877487, 0.010919558, 0.0109397415, 0.010978488, 0.011014807, 0.011031818, 0.011063411, 0.011091085, 0.011114605, 0.011124851, 0.011142803, 0.011158128, 0.011165119, 0.011178507, 0.011191328, 0.011203571, 0.011209276, 0.011219283, 0.011226484, 0.01122885, 0.011230695, 0.011228762, 0.01122351, 0.011219919, 0.0112114325, 0.01120183, 0.011196675, 0.01118569, 0.011173459, 0.011166598, 0.011151037, 0.011132362, 0.011110481, 0.011098403, 0.01107213, 0.011043647, 0.011028701, 0.010997764, 0.010965277, 0.010930801, 0.0109126195, 0.010873786, 0.010831113, 0.0108081205, 0.010759039, 0.010705763, 0.010677637, 0.010618699, 0.010556329, 0.01049076, 0.010456626, 0.010385455, 0.010309899, 0.010270332, 0.0101874415, 0.010099528, 0.0100070415, 0.0099592125, 0.0098606665, 0.009758371, 0.009705854, 0.009597757, 0.0094850715, 0.009426766, 0.009305478, 0.009177458, 0.0090422975, 0.008971988, 0.008826047, 0.00867347, 0.008594736, 0.008432912, 0.008265463, 0.008092362, 0.008003609, 0.007821296, 0.007631849, 0.0075343405, 0.007333171, 0.007123458, 0.007015311, 0.006792075, 0.006559279, 0.0063167135, 0.0061915615, 0.0059329323, 0.005662041, 0.005521428, 0.0052283537, 0.0049163583, 0.0045815236, 0.004404293, 0.004031256, 0.0036528432, 0.00348303, 0.0032839724, 0.0034138628
0, 0.0034433622, 0.0033138462, 0.0035163378, 0.0036883247, 0.004071057, 0.004448416, 0.004627961, 0.0049680574, 0.0052862726, 0.0055868695, 0.0057315244, 0.0060108355, 0.006277993, 0.0064073326, 0.0066577396, 0.006897479, 0.0071270997, 0.0072383573, 0.0074540693, 0.0076613976, 0.0077621634, 0.007958179, 0.008147164, 0.00823909, 0.008417733, 0.008589658, 0.0087545775, 0.008834348, 0.0089886105, 0.009136075, 0.009207263, 0.009344869, 0.00947639, 0.0096019935, 0.009662694, 0.009779738, 0.009891229, 0.009944943, 0.0100484, 0.010146747, 0.010194171, 0.010285491, 0.010372489, 0.010455255, 0.0104950145, 0.010571, 0.0106422445, 0.010676035, 0.010739768, 0.010798547, 0.010852626, 0.010878091, 0.010926188, 0.010971011, 0.010992262, 0.01103262, 0.011070023, 0.0110874865, 0.011119894, 0.011148732, 0.0111741, 0.0111855, 0.011206279, 0.011224793, 0.011233433, 0.011249626, 0.011264709, 0.011278259, 0.011284264, 0.011294494, 0.011301498, 0.011303679, 0.011304934, 0.011302508, 0.011296968, 0.011293189, 0.0112842135, 0.011273746, 0.011268075, 0.011255812, 0.011242135, 0.011234599, 0.011217868, 0.011198663, 0.011176887, 0.011165056, 0.011139619, 0.011111949, 0.011097391, 0.011066707, 0.011033699, 0.010997878, 0.0109787015, 0.010937348, 0.010891621, 0.010867019, 0.010814306, 0.010757394, 0.0107274195, 0.010664617, 0.0105984425, 0.01052899, 0.010493023, 0.010418393, 0.01033977, 0.010298961, 0.010213891, 0.010124446, 0.010030539, 0.009982078, 0.009882116, 0.009777902, 0.009724191, 0.009613327, 0.009497291, 0.009437147, 0.009312361, 0.0091809705, 0.009042819, 0.008971228, 0.008822985, 0.008668478, 0.0085888645, 0.00842537, 0.008256117, 0.0080813095, 0.00799167, 0.0078076115, 0.007616694, 0.0075185057, 0.007316285, 0.0071060653, 0.0069977497, 0.006774526, 0.0065420745, 0.0062999246, 0.006174996, 0.005916803, 0.0056464714, 0.00550616, 0.005213659, 0.0049026264, 0.004568861, 0.0043923105, 0.0040207324, 0.003643865, 0.0034747566, 0.0032766962, 0.003406531
0, 0.003423354, 0.0032937888, 0.0034943118, 0.0036650035, 0.0040451274, 0.0044200006, 0.004598301, 0.0049357736, 0.0052511757, 0.005548756, 0.005691839, 0.005968134, 0.006232726, 0.0063609774, 0.006609985, 0.006849311, 0.00707938, 0.007191005, 0.007407852, 0.00761629, 0.007717472, 0.007913969, 0.00810296, 0.008194825, 0.008373413, 0.008545639, 0.008711576, 0.008792255, 0.008949054, 0.00909983, 0.009172879, 0.009314271, 0.009449346, 0.009577946, 0.009639811, 0.009758765, 0.009871574, 0.009925862, 0.010030226, 0.01012942, 0.010177284, 0.010269728, 0.010358177, 0.010442603, 0.0104832975, 0.01056163, 0.010635875, 0.010671371, 0.01073892, 0.010801999, 0.010860548, 0.010888259, 0.010940566, 0.01098903, 0.011011893, 0.011054822, 0.0110942535, 0.011112655, 0.011147134, 0.011178433, 0.011206657, 0.011219689, 0.011243875, 0.011265743, 0.011275817, 0.011294246, 0.011310469, 0.011324154, 0.011329926, 0.011339325, 0.011345607, 0.011347552, 0.011349081, 0.0113478005, 0.011344013, 0.011341235, 0.011334454, 0.011325715, 0.011320535, 0.011308801, 0.011294873, 0.011287065, 0.011269484, 0.011249501, 0.011227282, 0.011215244, 0.0111896405, 0.011161588, 0.011146757, 0.011114918, 0.011080093, 0.011041795, 0.011021207, 0.010976693, 0.010928005, 0.010901957, 0.0108466875, 0.0107875215, 0.010756586, 0.010692023, 0.010624115, 0.0105527565, 0.010515809, 0.01043919, 0.0103587285, 0.01031693, 0.01023011, 0.01013888, 0.010043142, 0.009993658, 0.009890959, 0.009783363, 0.009727586, 0.009612181, 0.0094913235, 0.009428764, 0.009299375, 0.009164192, 0.0090232575, 0.008950614, 0.008801211, 0.00864617, 0.00856656, 0.008403073, 0.008233825, 0.008058773, 0.007968861, 0.0077841263, 0.0075925267, 0.0074939956, 0.007291321, 0.0070807673, 0.0069724424, 0.0067492914, 0.0065172166, 0.0062755607, 0.0061508333, 0.0058930907, 0.0056231013, 0.0054829987, 0.0051911087, 0.0048809685, 0.0045485897, 0.004372844, 0.00400322, 0.0036286195, 0.0034605684, 0.0032642162, 0.0033942813
0, 0.0033961448, 0.003266121, 0.003463555, 0.003632371, 0.0040089493, 0.004380682, 0.0045575197, 0.0048922356, 0.0052047237, 0.005499013, 0.005640335, 0.005913003, 0.0061739907, 0.006300512, 0.0065464224, 0.006783532, 0.0070122625, 0.0071235853, 0.0073401434, 0.0075485334, 0.007649646, 0.007845846, 0.008034218, 0.008125614, 0.008303253, 0.008474579, 0.008640098, 0.008720884, 0.008878492, 0.009030841, 0.009105007, 0.009249015, 0.009386976, 0.009518294, 0.009581388, 0.009702611, 0.00981731, 0.009872289, 0.009977988, 0.010078514, 0.010126975, 0.010220584, 0.010310232, 0.010396044, 0.010437491, 0.010517575, 0.010593939, 0.010630674, 0.010701143, 0.010767705, 0.010830279, 0.010860087, 0.010916672, 0.010969217, 0.010994056, 0.011040703, 0.011083537, 0.011103654, 0.01114157, 0.011176357, 0.01120822, 0.01122306, 0.011250786, 0.011275645, 0.011287008, 0.011307345, 0.011324447, 0.0113382, 0.011343916, 0.011353038, 0.01135954, 0.011361898, 0.011365113, 0.0113665005, 0.011366175, 0.0113653615, 0.011362073, 0.01135633, 0.01135244, 0.011342359, 0.011329125, 0.011321239, 0.011303372, 0.011282644, 0.011259249, 0.011246627, 0.011219492, 0.011189717, 0.011173647, 0.01113922, 0.011101213, 0.011059599, 0.011037345, 0.010989856, 0.010938712, 0.010911807, 0.010855375, 0.010795572, 0.0107644005, 0.010699689, 0.010631301, 0.0105593335, 0.010521898, 0.010443981, 0.010362001, 0.0103193745, 0.010230774, 0.0101374, 0.010039331, 0.009988397, 0.0098826075, 0.009771302, 0.009713596, 0.009594015, 0.0094688395, 0.009404328, 0.009271213, 0.009133289, 0.008990522, 0.008917346, 0.008767517, 0.008612656, 0.008533259, 0.008370298, 0.0082015395, 0.008026466, 0.007936572, 0.0077516506, 0.007559678, 0.0074610314, 0.0072580823, 0.0070473263, 0.0069390126, 0.0067159585, 0.006484044, 0.0062426236, 0.006118091, 0.005860781, 0.0055913883, 0.005451722, 0.005160891, 0.0048521287, 0.0045216256, 0.004347048, 0.003980036, 0.0036083027, 0.003441658, 0.0032475675, 0.003377958
0, 0.003366933, 0.003236012, 0.0034290417, 0.0035952446, 0.003966535, 0.0043336055, 0.0045083505, 0.004839259, 0.005148198, 0.005439002, 0.0055785202, 0.0058474247, 0.006104588, 0.0062292214, 0.0064712935, 0.0067050103, 0.006930952, 0.0070411153, 0.0072557926, 0.0074629313, 0.007563602, 0.007758845, 0.0079462435, 0.008037064, 0.008213313, 0.00838307, 0.008546973, 0.008626994, 0.00878326, 0.008934857, 0.009008895, 0.00915308, 0.0092917625, 0.0094243465, 0.0094882725, 0.009611212, 0.009727983, 0.009783986, 0.009891952, 0.009994853, 0.010044505, 0.010140596, 0.010232529, 0.010320437, 0.010362858, 0.010444767, 0.010522727, 0.010560319, 0.010632699, 0.010701551, 0.01076701, 0.010798494, 0.010858684, 0.010915255, 0.010942124, 0.010993029, 0.0110401185, 0.011062373, 0.0111042615, 0.0111430725, 0.01117867, 0.011195324, 0.011226347, 0.011254306, 0.01126698, 0.011289708, 0.011308754, 0.011324341, 0.011330919, 0.011341879, 0.011350494, 0.011354102, 0.011360084, 0.011364584, 0.011367502, 0.011368223, 0.01136771, 0.011364211, 0.011361201, 0.011352359, 0.011339759, 0.01133212, 0.011314214, 0.011293071, 0.011268876, 0.011255674, 0.011226961, 0.0111950645, 0.011177735, 0.011140547, 0.011099603, 0.011055073, 0.011031544, 0.010982079, 0.010929502, 0.010902073, 0.010845066, 0.010784894, 0.010753703, 0.010688514, 0.010619421, 0.010546243, 0.010507997, 0.0104282955, 0.010344304, 0.010300568, 0.010209677, 0.010114102, 0.01001372, 0.009961596, 0.009853477, 0.009739881, 0.009681043, 0.009559316, 0.00943238, 0.009367033, 0.0092327325, 0.0090939, 0.008950536, 0.008877213, 0.008727091, 0.008571908, 0.008492321, 0.008328917, 0.008159535, 0.007983922, 0.007893695, 0.0077082757, 0.007515992, 0.007417172, 0.007214185, 0.007003504, 0.006895198, 0.0066725207, 0.0064409887, 0.0062001436, 0.006076066, 0.005819937, 0.0055521997, 0.005413489, 0.0051248837, 0.0048187748, 0.0044912063, 0.0043181553, 0.0039544767, 0.0035860909, 0.003421018, 0.003229316, 0.0033600412
0, 0.003340866, 0.003208727, 0.003396761, 0.0035597363, 0.003924251, 0.0042849653, 0.004456825, 0.0047824923, 0.005087112, 0.005374153, 0.005512, 0.0057776673, 0.006031441, 0.0061543304, 0.006392844, 0.0066227624, 0.006844824, 0.006953208, 0.0071647526, 0.007369324, 0.007468915, 0.007662524, 0.007848421, 0.007938464, 0.008113134, 0.008280985, 0.008442534, 0.008521223, 0.00867481, 0.008823591, 0.008896332, 0.009038362, 0.009175306, 0.00930708, 0.009370892, 0.00949424, 0.009612138, 0.009669147, 0.009779502, 0.009885325, 0.009936627, 0.010036201, 0.010131561, 0.010222529, 0.010266435, 0.010350726, 0.01043069, 0.010469197, 0.010543386, 0.0106140375, 0.010681665, 0.010714388, 0.010777576, 0.010837626, 0.010866392, 0.010921257, 0.010972418, 0.010996684, 0.0110424245, 0.011084806, 0.011123817, 0.011142094, 0.0111762835, 0.011207369, 0.011221602, 0.011247761, 0.011270464, 0.011290002, 0.011298533, 0.011313445, 0.011325799, 0.011331156, 0.011339999, 0.011346634, 0.011350928, 0.011352023, 0.01135189, 0.011348388, 0.011345206, 0.011336242, 0.011323741, 0.011316241, 0.011298684, 0.011277845, 0.011253744, 0.01124049, 0.01121128, 0.01117843, 0.0111605, 0.011121967, 0.011079612, 0.011033934, 0.011009887, 0.01095964, 0.010906441, 0.010878737, 0.010820873, 0.0107595865, 0.010727585, 0.010660436, 0.010588942, 0.010512977, 0.010473316, 0.01039082, 0.010304028, 0.010259088, 0.010165889, 0.010068345, 0.009966209, 0.00991343, 0.009804165, 0.009689921, 0.009631008, 0.009509331, 0.009383013, 0.009318041, 0.009184629, 0.009046455, 0.008903332, 0.008829821, 0.008678982, 0.0085225105, 0.008442146, 0.00827705, 0.008106029, 0.007929199, 0.007838529, 0.0076527204, 0.007460518, 0.0073618214, 0.0071592582, 0.006949386, 0.006841553, 0.006619663, 0.006389392, 0.00615016, 0.0060269902, 0.005773277, 0.0055084927, 0.0053714216, 0.005086406, 0.0047841654, 0.0044604964, 0.0042893565, 0.0039293924, 0.0035646441, 0.0034012045, 0.003211798, 0.0033426718
0, 0.0033200993, 0.0031869248, 0.0033702145, 0.0035299966, 0.0038876988, 0.00424166, 0.0044104317, 0.004730572, 0.0050306832, 0.0053142486, 0.005450622, 0.005713655, 0.005964834, 0.0060863253, 0.006321695, 0.0065477914, 0.006765664, 0.006871798, 0.0070789754, 0.007279484, 0.007377238, 0.0075675873, 0.00775082, 0.0078396555, 0.008011976, 0.008177401, 0.008336298, 0.00841347, 0.008563733, 0.008709142, 0.008780139, 0.0089186495, 0.00905263, 0.009181948, 0.009244804, 0.009366984, 0.0094848, 0.009542134, 0.009653801, 0.009761788, 0.00981445, 0.009917057, 0.01001575, 0.010110211, 0.010155702, 0.010243197, 0.010326086, 0.010365934, 0.010442689, 0.010515863, 0.010585929, 0.010619923, 0.010685923, 0.010749091, 0.010779514, 0.010837789, 0.010892487, 0.010918411, 0.0109674465, 0.011012823, 0.011054612, 0.011074346, 0.011111418, 0.011145555, 0.011161577, 0.011191606, 0.011218797, 0.011243085, 0.011254059, 0.011273622, 0.011289829, 0.0112967, 0.011307785, 0.011315253, 0.0113190375, 0.0113195, 0.01131784, 0.011312627, 0.011308696, 0.011298705, 0.0112857185, 0.011278269, 0.011261299, 0.011241265, 0.011218015, 0.011205046, 0.011176341, 0.01114372, 0.011125907, 0.011087391, 0.0110450685, 0.010999452, 0.01097548, 0.010925238, 0.010871558, 0.010843341, 0.010784052, 0.010720425, 0.010686986, 0.01061656, 0.010541448, 0.010461953, 0.010420608, 0.010335155, 0.010245815, 0.010199872, 0.010105058, 0.010006187, 0.009903043, 0.009849892, 0.009740053, 0.009625754, 0.0095668575, 0.009445907, 0.009320587, 0.009256242, 0.009124067, 0.008986819, 0.00884405, 0.0087704975, 0.008618862, 0.0084610935, 0.008379988, 0.008213274, 0.008041204, 0.007863894, 0.00777327, 0.007588027, 0.0073969755, 0.0072990893, 0.0070981984, 0.0068899775, 0.0067830095, 0.006563044, 0.0063347216, 0.00609782, 0.005976008, 0.0057253106, 0.0054640793, 0.0053289994, 0.005048106, 0.004750008, 0.0044304715, 0.004261344, 0.0039051902, 0.0035439876, 0.0033822013, 0.0031950837, 0.003326015
0, 0.0033033735, 0.003169617, 0.0033494777, 0.0035069422, 0.0038597274, 0.004208968, 0.0043754745, 0.0046916334, 0.004988501, 0.005269336, 0.005404516, 0.0056652958, 0.005914077, 0.0060341717, 0.006266371, 0.0064886073, 0.0067018666, 0.006805439, 0.0070071816, 0.0072020935, 0.007297129, 0.007482111, 0.007660531, 0.007747235, 0.00791565, 0.008077584, 0.008233354, 0.008308999, 0.0084561845, 0.008598558, 0.008668008, 0.008803462, 0.008934474, 0.009061093, 0.009122823, 0.009243265, 0.009359872, 0.009416895, 0.009528468, 0.00963703, 0.009690213, 0.009794305, 0.009895134, 0.009992201, 0.010039147, 0.010129952, 0.010216368, 0.010258088, 0.0103385635, 0.010415451, 0.01048908, 0.010524839, 0.010594132, 0.010660575, 0.010692582, 0.010754, 0.010811711, 0.010839108, 0.010890921, 0.010939055, 0.0109836245, 0.011004706, 0.011044582, 0.011081692, 0.011099362, 0.011132882, 0.011163697, 0.011191692, 0.011204532, 0.011227509, 0.011246574, 0.011254551, 0.011267025, 0.011274831, 0.01127804, 0.011278019, 0.011275061, 0.011268535, 0.011264122, 0.011253337, 0.011240124, 0.011232596, 0.011215795, 0.01119612, 0.011173086, 0.011160149, 0.011131393, 0.011098569, 0.011080633, 0.011041863, 0.010999416, 0.010953601, 0.01092947, 0.010878605, 0.010823797, 0.010794784, 0.010733188, 0.010666762, 0.010631645, 0.010557837, 0.010479531, 0.010397093, 0.010354595, 0.0102672, 0.010176684, 0.0101302555, 0.010034796, 0.009935313, 0.009831433, 0.009777824, 0.009667134, 0.009551959, 0.0094927065, 0.00937122, 0.00924567, 0.009181378, 0.009049398, 0.008912563, 0.008770172, 0.008696749, 0.008545366, 0.008387927, 0.008306965, 0.008140922, 0.007969882, 0.007794139, 0.0077045984, 0.0075217285, 0.007333285, 0.0072367312, 0.007038419, 0.006832786, 0.00672693, 0.006509328, 0.0062833326, 0.006048781, 0.00592826, 0.0056802686, 0.005422108, 0.00528856, 0.0050109304, 0.004716134, 0.0043999506, 0.0042325403, 0.0038799366, 0.003522236, 0.0033620936, 0.003177469, 0.0033085744
0, 0.0032886488, 0.0031546482, 0.0033331418, 0.0034898338, 0.003841309, 0.00418946, 0.0043555116, 0.0046706744, 0.00496622, 0.0052453345, 0.0053795185, 0.005637645, 0.005883145, 0.0060014753, 0.0062296866, 0.006447365, 0.0066554174, 0.006756185, 0.006951748, 0.007139979, 0.0072314567, 0.0074095004, 0.0075810933, 0.007664649, 0.007827318, 0.0079842955, 0.008136004, 0.008209925, 0.008354181, 0.008494126, 0.008562447, 0.008695848, 0.008825131, 0.0089500835, 0.0090110535, 0.009130238, 0.009245828, 0.009302347, 0.009413252, 0.009521402, 0.009574515, 0.00967884, 0.009780429, 0.009878994, 0.009927033, 0.010020533, 0.01011042, 0.010154146, 0.010238975, 0.01032039, 0.010398564, 0.010436456, 0.010509817, 0.010579933, 0.010613662, 0.010678278, 0.010738943, 0.010767868, 0.01082278, 0.010874087, 0.010921927, 0.010944626, 0.010987734, 0.011027964, 0.011046961, 0.011082891, 0.011115903, 0.011145654, 0.011159277, 0.011183634, 0.011204088, 0.011212654, 0.011226359, 0.011235252, 0.011239601, 0.011240105, 0.0112379845, 0.011232192, 0.011228026, 0.011217481, 0.011204148, 0.011196418, 0.011178784, 0.011157825, 0.011133066, 0.011119226, 0.011088343, 0.01105321, 0.01103424, 0.010993144, 0.010948538, 0.010900547, 0.010875253, 0.010822017, 0.010764591, 0.010734242, 0.010669927, 0.010600705, 0.010564286, 0.010487993, 0.0104076555, 0.0103238085, 0.010280785, 0.01019263, 0.010101833, 0.010055288, 0.009959546, 0.009859556, 0.009754767, 0.009700572, 0.009588444, 0.009471529, 0.009411418, 0.009288083, 0.009161228, 0.009096346, 0.00896388, 0.008827217, 0.008685699, 0.008613086, 0.008463708, 0.008308928, 0.008229524, 0.008066858, 0.007899311, 0.00772732, 0.0076396153, 0.007460446, 0.007275478, 0.0071805613, 0.00698533, 0.006782423, 0.0066778897, 0.006462609, 0.0062386966, 0.006006145, 0.005886586, 0.005640365, 0.005383841, 0.0052511166, 0.004975223, 0.0046822946, 0.004368231, 0.004202096, 0.0038525057, 0.0034982606, 0.0033398254, 0.003158073, 0.003289813
0, 0.0032768105, 0.0031430267, 0.0033223096, 0.0034799308, 0.0038338804, 0.0041849557, 0.004352276, 0.0046693413, 0.00496519, 0.005242818, 0.005375574, 0.005629996, 0.005870661, 0.005986416, 0.0062090987, 0.0064210515, 0.0066233096, 0.006721037, 0.0069102547, 0.0070915795, 0.007179427, 0.007350039, 0.0075141084, 0.0075940406, 0.007749902, 0.007901094, 0.008047985, 0.008119981, 0.008261198, 0.008398922, 0.008466419, 0.008598631, 0.008726959, 0.008851326, 0.008912158, 0.009031056, 0.009146657, 0.009203252, 0.009314308, 0.009422758, 0.009476023, 0.0095807435, 0.009682991, 0.0097826375, 0.009831403, 0.009926997, 0.010019794, 0.010065209, 0.010153985, 0.010239878, 0.010322706, 0.010362928, 0.010440688, 0.010514764, 0.010550343, 0.010618506, 0.010682619, 0.010713287, 0.010772011, 0.0108273, 0.010879336, 0.010904107, 0.0109510925, 0.010994722, 0.01101515, 0.011053172, 0.011087226, 0.01111741, 0.011131021, 0.011155458, 0.01117626, 0.011185225, 0.011200361, 0.011211534, 0.011218428, 0.011220365, 0.011220954, 0.011217326, 0.011213884, 0.011203834, 0.011189812, 0.011181317, 0.011161296, 0.011137063, 0.011108495, 0.011092561, 0.011057468, 0.011017942, 0.010996718, 0.010951281, 0.010902233, 0.010849731, 0.010822251, 0.010764569, 0.010703171, 0.0106709385, 0.010603215, 0.010531223, 0.010493714, 0.010415627, 0.010333907, 0.010248971, 0.01020541, 0.010116256, 0.010024443, 0.0099773, 0.009880275, 0.00977902, 0.009672902, 0.009618011, 0.009504308, 0.009385907, 0.009325074, 0.009200386, 0.009072512, 0.009007409, 0.008874841, 0.008739027, 0.0085995, 0.008528218, 0.008382389, 0.008231882, 0.008154773, 0.007996971, 0.00783419, 0.0076666162, 0.0075809457, 0.0074055037, 0.0072239256, 0.0071305945, 0.006938455, 0.0067384406, 0.0066353497, 0.0064226897, 0.006201199, 0.0059706853, 0.0058519505, 0.0056070248, 0.0053513576, 0.0052189534, 0.00494348, 0.0046512634, 0.004338398, 0.004173145, 0.003825831, 0.0034747343, 0.0033180448, 0.0031393333, 0.0032721527
0, 0.0032741653, 0.0031408689, 0.0033229184, 0.003482826, 0.0038423226, 0.0041988166, 0.004368485, 0.004688475, 0.004984521, 0.0052597323, 0.005390359, 0.005639086, 0.005873071, 0.005985256, 0.006200882, 0.006406139, 0.006602078, 0.006696801, 0.0068799513, 0.007055169, 0.0071399156, 0.0073040645, 0.007461562, 0.0075382716, 0.0076880595, 0.007833979, 0.007976478, 0.0080466205, 0.008184924, 0.008320384, 0.0083870115, 0.008517976, 0.008645529, 0.008769609, 0.008830462, 0.008949865, 0.009066586, 0.009124038, 0.00923702, 0.009347633, 0.0094020255, 0.009508906, 0.0096131675, 0.0097146975, 0.009764467, 0.009862088, 0.009957321, 0.010004138, 0.010096007, 0.010185649, 0.010272571, 0.010314848, 0.010396836, 0.010475009, 0.010512514, 0.010584562, 0.010652696, 0.010685431, 0.010748463, 0.010808449, 0.010865301, 0.01089254, 0.010944042, 0.010991528, 0.011013568, 0.011054116, 0.011089492, 0.011120108, 0.011133762, 0.011158127, 0.0111790635, 0.011188371, 0.0112047475, 0.0112178065, 0.011227187, 0.0112302285, 0.011232983, 0.011230571, 0.011227291, 0.011216594, 0.011200451, 0.011190381, 0.011166492, 0.011137841, 0.011104516, 0.011086102, 0.01104607, 0.0110017555, 0.010978009, 0.010927342, 0.010872774, 0.010814668, 0.01078427, 0.010720919, 0.010654324, 0.010619717, 0.010548034, 0.010472842, 0.010433969, 0.010353379, 0.010269202, 0.010181622, 0.010136676, 0.010044357, 0.009948922, 0.009900018, 0.009799539, 0.009695429, 0.009587191, 0.0095315585, 0.009417041, 0.009298403, 0.0092376135, 0.009113371, 0.008986095, 0.008921392, 0.008790025, 0.008655958, 0.008518902, 0.008449163, 0.00830687, 0.0081604775, 0.008085565, 0.007932013, 0.007773429, 0.0076094656, 0.0075254706, 0.0073532057, 0.007174854, 0.0070831897, 0.0068945107, 0.0066983295, 0.006597214, 0.006388647, 0.006170995, 0.005943722, 0.005826292, 0.0055834525, 0.0053289128, 0.005196808, 0.004921615, 0.0046296567, 0.0043173586, 0.004152581, 0.0038067664, 0.0034578992, 0.003302526, 0.0031263083, 0.0032602514
0, 0.003290196, 0.0031572853, 0.0033440646, 0.0035074246, 0.0038742903, 0.004236714, 0.004408297, 0.0047297915, 0.0050240634, 0.0052944915, 0.005421884, 0.0056629353, 0.005888574, 0.005996474, 0.00620392, 0.0064017256, 0.00659104, 0.0066827266, 0.006860464, 0.0070306617, 0.0071129873, 0.0072724195, 0.007425516, 0.007500073, 0.0076459465, 0.0077883904, 0.0079282, 0.007997168, 0.0081333695, 0.00826706, 0.0083329575, 0.008462585, 0.008589184, 0.00871272, 0.008773572, 0.008893774, 0.009012371, 0.009071156, 0.009187448, 0.009302064, 0.00935854, 0.009469605, 0.0095776785, 0.0096827615, 0.009734082, 0.009834592, 0.00993267, 0.009980851, 0.010075731, 0.0101686185, 0.010259114, 0.0103033045, 0.0103893, 0.010471656, 0.010511349, 0.010587748, 0.010660318, 0.010695237, 0.010762747, 0.010827482, 0.010889044, 0.010918554, 0.010974594, 0.0110261785, 0.011050068, 0.011093674, 0.011131521, 0.011163757, 0.01117793, 0.0112029705, 0.011224254, 0.01123366, 0.011250173, 0.011263312, 0.011272651, 0.011275628, 0.011277529, 0.011273536, 0.01126914, 0.01125557, 0.011235722, 0.011223551, 0.011195271, 0.011162115, 0.011124496, 0.011104068, 0.011060099, 0.011011879, 0.010985999, 0.010930809, 0.010871033, 0.01080717, 0.010773825, 0.010704505, 0.010632119, 0.010594754, 0.010518109, 0.010438522, 0.010397516, 0.01031283, 0.010224225, 0.010131516, 0.010083747, 0.009985409, 0.009883671, 0.009831596, 0.009725571, 0.009616923, 0.009505926, 0.00944946, 0.009334476, 0.00921649, 0.0091562485, 0.009033525, 0.008907782, 0.008843856, 0.008713966, 0.008581409, 0.008446056, 0.008377358, 0.0082373135, 0.008093536, 0.008020012, 0.007869341, 0.007713491, 0.0075523523, 0.00746977, 0.0073006162, 0.0071258917, 0.007036364, 0.0068526715, 0.0066623013, 0.006564274, 0.0063620615, 0.0061506056, 0.0059287776, 0.005813716, 0.0055745747, 0.0053225304, 0.005191316, 0.0049171844, 0.004625566, 0.00431331, 0.004148473, 0.0038027512, 0.0034541106, 0.0032990375, 0.0031236692, 0.0032582735
0, 0.0033330175, 0.0032003894, 0.0033938212, 0.003561499, 0.0039359075, 0.00430233, 0.0044743116, 0.0047935187, 0.0050823083, 0.005344904, 0.0054677804, 0.005699404, 0.005915545, 0.0060188803, 0.0062177726, 0.006407936, 0.0065906127, 0.0066793715, 0.006851903, 0.007017729, 0.007098149, 0.007254321, 0.007404936, 0.0074785, 0.0076228897, 0.00776467, 0.007904003, 0.007972832, 0.008108806, 0.008242189, 0.008307817, 0.008436907, 0.008563122, 0.008686821, 0.008747926, 0.008869351, 0.008990179, 0.009050475, 0.009170613, 0.009289723, 0.00934869, 0.009464896, 0.009578168, 0.009688118, 0.009741798, 0.0098466715, 0.009948712, 0.009998889, 0.010097632, 0.0101943705, 0.010288939, 0.010335306, 0.010425687, 0.01051276, 0.01055488, 0.010636125, 0.010713436, 0.010750684, 0.01082259, 0.010891301, 0.010956759, 0.010988123, 0.011047823, 0.011102923, 0.011128558, 0.011175576, 0.011216506, 0.011251375, 0.011266577, 0.011293137, 0.011314823, 0.011324112, 0.011339447, 0.011350433, 0.011356845, 0.011358046, 0.011356035, 0.011347829, 0.011341276, 0.011323229, 0.011298993, 0.011284693, 0.011252417, 0.011215522, 0.011174603, 0.011152667, 0.011105662, 0.011054122, 0.011026517, 0.010967309, 0.010902761, 0.010833355, 0.010797028, 0.0107215755, 0.010642956, 0.010602598, 0.0105199, 0.010434517, 0.010390572, 0.010299947, 0.010205116, 0.010105593, 0.010054107, 0.009948242, 0.009838945, 0.009783356, 0.009670852, 0.009557043, 0.009442492, 0.009384827, 0.009268472, 0.009150153, 0.009090018, 0.008967549, 0.008842039, 0.008778162, 0.008648227, 0.008515526, 0.008380211, 0.008311618, 0.0081722075, 0.0080295205, 0.007956672, 0.0078077717, 0.007654213, 0.007495966, 0.0074151186, 0.0072500207, 0.0070804167, 0.0069939103, 0.0068172086, 0.006634663, 0.0065408275, 0.0063470923, 0.0061437823, 0.0059294393, 0.005817614, 0.005584132, 0.00533645, 0.0052068587, 0.0049351775, 0.0046445536, 0.004332008, 0.004166504, 0.0038185648, 0.003467142, 0.0033107414, 0.0031335629, 0.0032681737
0, 0.0034095896, 0.0032759141, 0.003475968, 0.00364753, 0.0040266, 0.004391993, 0.004561346, 0.004872419, 0.0051507857, 0.005402234, 0.005519606, 0.005740785, 0.0059474437, 0.006046477, 0.006237567, 0.0064208973, 0.00659756, 0.0066835396, 0.006851077, 0.007012888, 0.0070917206, 0.0072455737, 0.0073950537, 0.007468482, 0.0076134754, 0.007756468, 0.00789754, 0.007967383, 0.0081052035, 0.008240362, 0.008306839, 0.008437582, 0.008565539, 0.008691202, 0.008753427, 0.008877388, 0.009001232, 0.009063099, 0.009187025, 0.00931035, 0.009371646, 0.009492845, 0.009611427, 0.009726953, 0.009783502, 0.009894168, 0.010001875, 0.01005485, 0.010159024, 0.01026101, 0.010360844, 0.0104097305, 0.010505465, 0.010597936, 0.010642801, 0.010729488, 0.01081186, 0.01085153, 0.010927646, 0.010999863, 0.011068242, 0.011100878, 0.0111630885, 0.011220621, 0.011247562, 0.011297257, 0.011340986, 0.011378509, 0.011394897, 0.011423099, 0.011445292, 0.011454188, 0.011467639, 0.0114754345, 0.011477704, 0.01147658, 0.011469859, 0.011456869, 0.011448023, 0.011425751, 0.011397802, 0.011381768, 0.011346155, 0.011306176, 0.011261971, 0.011238298, 0.011187577, 0.011131771, 0.011101862, 0.011037693, 0.010967766, 0.010892339, 0.010852815, 0.01077078, 0.010685244, 0.010641413, 0.0105517395, 0.010459371, 0.010411899, 0.0103144515, 0.010212588, 0.010106135, 0.010051265, 0.009938625, 0.0098228315, 0.009764148, 0.009645754, 0.0095269205, 0.009407953, 0.009348403, 0.0092285415, 0.009107199, 0.009045684, 0.008920455, 0.008792264, 0.008727075, 0.008594529, 0.008459573, 0.008322535, 0.008253405, 0.008113568, 0.0079713175, 0.007899044, 0.007752059, 0.007601325, 0.0074469144, 0.0073683783, 0.0072086733, 0.0070454986, 0.006962558, 0.00679364, 0.0066197095, 0.0065303445, 0.006345541, 0.0061509525, 0.005944767, 0.0058368132, 0.005610472, 0.0053691273, 0.0052422807, 0.004974966, 0.004686961, 0.0043745134, 0.004207985, 0.0038558806, 0.0034982741, 0.0033385635, 0.0031565218, 0.0032904693
0, 0.0035316069, 0.0033906067, 0.0035895281, 0.003760482, 0.0041342126, 0.004488324, 0.004650572, 0.0049461387, 0.0052093365, 0.0054474906, 0.0055591012, 0.005770499, 0.005969502, 0.006065339, 0.0062510334, 0.0064297183, 0.0066022603, 0.0066863243, 0.006850352, 0.0070093526, 0.007087196, 0.007239964, 0.0073896255, 0.007463622, 0.0076105003, 0.0077560036, 0.00790015, 0.007971624, 0.008113011, 0.008251852, 0.008320302, 0.008455289, 0.00858779, 0.008718315, 0.008783055, 0.008911771, 0.009040063, 0.009104101, 0.009231966, 0.009359294, 0.009422565, 0.0095481165, 0.009671843, 0.0097931065, 0.009852752, 0.009969991, 0.01008451, 0.010140847, 0.0102517465, 0.010360231, 0.010466141, 0.01051805, 0.010619554, 0.010717786, 0.010765538, 0.010857689, 0.0109454775, 0.010987584, 0.011068189, 0.011143998, 0.011215009, 0.011248742, 0.01131259, 0.011371546, 0.011399148, 0.011450263, 0.011495702, 0.0115349805, 0.011552185, 0.011581608, 0.011604112, 0.01161278, 0.011624918, 0.0116303675, 0.011629447, 0.0116267, 0.011616685, 0.011600737, 0.011590539, 0.011565905, 0.011535548, 0.011518275, 0.011479901, 0.011436365, 0.011387552, 0.011361233, 0.011304546, 0.011242232, 0.0112089515, 0.011137819, 0.011060878, 0.0109785665, 0.010935527, 0.010846321, 0.010753513, 0.010705854, 0.010608558, 0.010508584, 0.010457485, 0.010352763, 0.010244395, 0.010132023, 0.0100744665, 0.009956752, 0.009836377, 0.009775393, 0.009652436, 0.009528706, 0.009404407, 0.009342034, 0.009216502, 0.00908912, 0.009024668, 0.00889383, 0.008760369, 0.008692732, 0.008555875, 0.00841758, 0.008278276, 0.008208425, 0.008068051, 0.00792641, 0.007854966, 0.007710246, 0.0075628296, 0.0074125445, 0.007336364, 0.0071818675, 0.0070245657, 0.0069447416, 0.006782463, 0.0066155302, 0.00652979, 0.006352416, 0.0061655617, 0.005967345, 0.0058634747, 0.0056455038, 0.005412504, 0.0052897567, 0.0050298255, 0.004747513, 0.0044375327, 0.004270777, 0.003914722, 0.0035490242, 0.0033846134, 0.0031950723, 0.0033281464
0, 0.003727072, 0.0035559817, 0.0037248796, 0.003881998, 0.004228974, 0.0045574373, 0.004707823, 0.0049825604, 0.0052291634, 0.005455337, 0.0055625415, 0.005767782, 0.005963347, 0.006058169, 0.0062427414, 0.0064209225, 0.0065931375, 0.006677068, 0.006841001, 0.007000453, 0.007078747, 0.0072330623, 0.0073851375, 0.0074605616, 0.0076105455, 0.0077595506, 0.007907373, 0.0079807015, 0.008126197, 0.008269855, 0.00834097, 0.008481851, 0.0086210035, 0.008758605, 0.008826898, 0.008962621, 0.009097203, 0.009164154, 0.009297128, 0.009428957, 0.0094943615, 0.009624202, 0.009752656, 0.009879484, 0.009942211, 0.010065983, 0.010187488, 0.0102472985, 0.01036507, 0.010479978, 0.010591767, 0.010646453, 0.01075328, 0.010856592, 0.010906886, 0.011004327, 0.011097339, 0.011142024, 0.011227373, 0.011307215, 0.011381361, 0.0114162965, 0.0114817945, 0.011541877, 0.011569761, 0.0116213905, 0.011667281, 0.011707174, 0.011724729, 0.011754569, 0.011777302, 0.011785934, 0.011797671, 0.01180244, 0.0118006235, 0.011797465, 0.011786539, 0.011769824, 0.011759284, 0.011733731, 0.011702077, 0.011683801, 0.011642382, 0.011594313, 0.011539621, 0.011509911, 0.011445635, 0.011375362, 0.011337955, 0.011258898, 0.011174376, 0.0110849235, 0.011038444, 0.010942342, 0.010842409, 0.010791105, 0.010686338, 0.01057884, 0.010524004, 0.010412296, 0.010297732, 0.010180145, 0.010120289, 0.009998489, 0.009874171, 0.009811235, 0.009683937, 0.009555029, 0.009424687, 0.009358939, 0.009226277, 0.0090917265, 0.009023748, 0.008886389, 0.0087472135, 0.008677057, 0.008536192, 0.008394817, 0.008253652, 0.008183197, 0.008042373, 0.007901169, 0.007830146, 0.007686985, 0.0075417464, 0.0073939855, 0.0073191654, 0.0071676024, 0.00701328, 0.006935054, 0.0067761173, 0.0066129714, 0.0065294066, 0.006356941, 0.006176185, 0.0059853545, 0.005885707, 0.005677065, 0.005454453, 0.0053371163, 0.005088194, 0.004816083, 0.004514016, 0.004349685, 0.003994206, 0.0036231854, 0.0034546177, 0.0032578534, 0.0033914805
0, 0.004051783, 0.0037780227, 0.0038460963, 0.003965873, 0.0042592, 0.0045531103, 0.0046911095, 0.004948366, 0.005184924, 0.0054064663, 0.0055129686, 0.0057191844, 0.005917955, 0.006014881, 0.0062039816, 0.006387002, 0.006564005, 0.006650308, 0.006819099, 0.006983597, 0.007064478, 0.007224147, 0.0073816935, 0.007459806, 0.0076148426, 0.007768367, 0.007920476, 0.00799586, 0.008145554, 0.008293795, 0.008367513, 0.0085143, 0.008660198, 0.008805289, 0.008877465, 0.009020934, 0.009162843, 0.009233205, 0.00937243, 0.009509624, 0.009577536, 0.009712246, 0.009845541, 0.009977509, 0.010042974, 0.010172636, 0.010300238, 0.010363073, 0.01048651, 0.010606653, 0.01072308, 0.010779922, 0.010890681, 0.010997851, 0.011050015, 0.011151586, 0.011248963, 0.01129592, 0.011385722, 0.011469774, 0.011547533, 0.011583919, 0.01165175, 0.011713056, 0.011741272, 0.011793191, 0.01183914, 0.011878845, 0.011896218, 0.011926053, 0.011948835, 0.011957577, 0.011969582, 0.011974826, 0.011973489, 0.011970443, 0.011959816, 0.011943015, 0.011932336, 0.01190601, 0.011872704, 0.01185319, 0.011808434, 0.011755758, 0.011695513, 0.011662618, 0.0115916785, 0.011514504, 0.011473781, 0.011388302, 0.011297933, 0.0112029435, 0.0111538535, 0.011052225, 0.010946591, 0.010892324, 0.01078108, 0.010666759, 0.010608603, 0.010490316, 0.010369599, 0.010246475, 0.010184034, 0.010057416, 0.00992837, 0.009862966, 0.009730335, 0.009595517, 0.009458814, 0.009389788, 0.009250431, 0.009109621, 0.009038774, 0.0088963, 0.00875301, 0.0086811995, 0.008537501, 0.0083941035, 0.008251192, 0.00817997, 0.008037791, 0.007895499, 0.007823999, 0.007679879, 0.007533949, 0.007385522, 0.0073104287, 0.00715802, 0.007002941, 0.006924371, 0.0067649204, 0.006602198, 0.0065192096, 0.006349327, 0.006172881, 0.005988462, 0.005892773, 0.0056934105, 0.005481817, 0.0053705974, 0.0051350254, 0.004877438, 0.004590141, 0.004432696, 0.0040884875, 0.0037233643, 0.0035557307, 0.0033606144, 0.0035015175
0, 0.004593039, 0.0039991722, 0.0038593104, 0.003925021, 0.0041632885, 0.0044373223, 0.0045718807, 0.004829018, 0.0050711185, 0.0053011742, 0.0054125874, 0.005629275, 0.0058387644, 0.005940932, 0.006140292, 0.0063329977, 0.006519278, 0.006610167, 0.0067880712, 0.0069614854, 0.007046844, 0.0072152126, 0.0073809014, 0.0074628065, 0.0076247063, 0.0077842698, 0.007941498, 0.008019234, 0.008173226, 0.008325761, 0.00840164, 0.008553102, 0.0087044, 0.0088553345, 0.008930591, 0.009080425, 0.009228751, 0.00930227, 0.009447576, 0.009590511, 0.009661162, 0.009800856, 0.009939002, 0.010075656, 0.010143452, 0.010277718, 0.010409721, 0.010474692, 0.01060213, 0.010725726, 0.010845306, 0.010903523, 0.011016849, 0.011126366, 0.011179767, 0.011283778, 0.011383769, 0.01143207, 0.011524995, 0.011612252, 0.011693088, 0.011730929, 0.011801185, 0.011864235, 0.011893136, 0.011945764, 0.0119917765, 0.012031302, 0.012048607, 0.0120780915, 0.012100827, 0.0121095935, 0.012121978, 0.012127542, 0.01212637, 0.012123309, 0.012112136, 0.012094379, 0.012082887, 0.012054547, 0.01201868, 0.011997796, 0.01194996, 0.011894078, 0.011830424, 0.011795909, 0.011721744, 0.011641518, 0.011599383, 0.011511252, 0.011418312, 0.011320683, 0.011270074, 0.011165452, 0.011056139, 0.010999896, 0.010884196, 0.0107648345, 0.010703968, 0.010580019, 0.010453607, 0.010324716, 0.0102594225, 0.010126926, 0.009991952, 0.009923568, 0.009784773, 0.009643829, 0.009501358, 0.009429618, 0.009285405, 0.009140664, 0.009068179, 0.0089230165, 0.0087777, 0.008704974, 0.00855947, 0.008413895, 0.008268433, 0.008195695, 0.0080500785, 0.007904046, 0.0078306915, 0.0076828217, 0.0075331666, 0.0073811733, 0.0073041543, 0.0071479836, 0.0069890935, 0.0069087343, 0.006746102, 0.00658098, 0.0064973915, 0.006327469, 0.0061528743, 0.0059723444, 0.005879224, 0.005686279, 0.0054827915, 0.0053763627, 0.0051522045, 0.0049092234, 0.004640766, 0.0044944095, 0.004175421, 0.0038383654, 0.0036855335, 0.0035222808, 0.003693746
0, 0.0054159397, 0.0039414573, 0.0036245442, 0.0036750743, 0.0039213155, 0.004218203, 0.0043653045, 0.0046474114, 0.0049131718, 0.00516502, 0.005286504, 0.00552178, 0.005747543, 0.0058571184, 0.0060699317, 0.0062747165, 0.0064721545, 0.0065684184, 0.006756768, 0.006940203, 0.0070304507, 0.0072082607, 0.0073826555, 0.0074686175, 0.007638113, 0.007804443, 0.0079676295, 0.008048159, 0.008207076, 0.008363878, 0.008441693, 0.008596769, 0.008751484, 0.008905774, 0.008982718, 0.009135977, 0.009288179, 0.009363745, 0.009513383, 0.009660874, 0.009733795, 0.009877907, 0.010020068, 0.0101603, 0.010229648, 0.010366736, 0.0105012115, 0.01056727, 0.010696766, 0.010822325, 0.010943687, 0.011002819, 0.011117815, 0.011228672, 0.011282599, 0.011387262, 0.011487762, 0.011536422, 0.011630006, 0.011718251, 0.0118004605, 0.011839075, 0.011911051, 0.011975719, 0.012005302, 0.012059032, 0.01210567, 0.012145332, 0.012162543, 0.012191936, 0.012214627, 0.012223366, 0.012235633, 0.012240921, 0.012239045, 0.012235432, 0.012222633, 0.012202569, 0.012189714, 0.012158566, 0.012119974, 0.01209788, 0.012048186, 0.011991361, 0.011927701, 0.011893478, 0.0118203275, 0.011741209, 0.011699596, 0.011612465, 0.011519965, 0.011422287, 0.011371474, 0.011265892, 0.0111551825, 0.011097966, 0.010980194, 0.010858248, 0.010795907, 0.010668669, 0.010538307, 0.010405089, 0.010337411, 0.010199959, 0.010059702, 0.00998863, 0.009844721, 0.009699217, 0.00955274, 0.009479419, 0.009332684, 0.009186238, 0.009113122, 0.008966899, 0.008820318, 0.008746786, 0.00859911, 0.0084502585, 0.008300441, 0.008225218, 0.008074261, 0.007922538, 0.007846374, 0.0076932064, 0.0075384937, 0.007381716, 0.007302329, 0.0071413796, 0.00697759, 0.0068946946, 0.0067271404, 0.006557457, 0.0064717787, 0.006298327, 0.006121287, 0.0059392303, 0.0058456575, 0.005652401, 0.005449331, 0.00534353, 0.0051222127, 0.004885823, 0.004630484, 0.004494507, 0.0042072623, 0.003923536, 0.0038087051, 0.0037485464, 0.0040241233
0, 0, 0.0031172114, 0.003163051, 0.0032875433, 0.003619979, 0.003972322, 0.004142034, 0.0044630417, 0.0047612363, 0.005040364, 0.0051737283, 0.0054296306, 0.0056723156, 0.0057892273, 0.0060148938, 0.006230659, 0.0064378143, 0.006538571, 0.006735312, 0.0069266534, 0.0070205517, 0.0072053424, 0.007386254, 0.0074753687, 0.0076510157, 0.007823245, 0.00799227, 0.008075541, 0.008239739, 0.008401221, 0.008480937, 0.008639247, 0.008796003, 0.008951625, 0.009028981, 0.009182953, 0.009335898, 0.009411972, 0.009563136, 0.009712742, 0.009786798, 0.009933342, 0.010077574, 0.010219269, 0.010289239, 0.010426838, 0.010561568, 0.01062771, 0.010757397, 0.010883542, 0.011005748, 0.011065331, 0.011181181, 0.011292438, 0.011346328, 0.011450307, 0.011549533, 0.011597277, 0.011689014, 0.011775604, 0.011856741, 0.011895108, 0.01196712, 0.012032261, 0.012062188, 0.012116634, 0.0121638635, 0.012204027, 0.012221419, 0.01225092, 0.012273687, 0.012282439, 0.012294551, 0.0122995265, 0.012296903, 0.012292675, 0.012278345, 0.012256293, 0.012242462, 0.012209394, 0.012169423, 0.012146964, 0.012097513, 0.012042149, 0.011981091, 0.0119483685, 0.011878605, 0.0118028475, 0.011762821, 0.011678218, 0.011587608, 0.011491131, 0.011440753, 0.011335688, 0.011225438, 0.011168496, 0.011051182, 0.010929785, 0.010867607, 0.010740548, 0.010609784, 0.010475775, 0.010407431, 0.010268375, 0.010126234, 0.01005417, 0.009908515, 0.009761682, 0.00961435, 0.00954071, 0.009393638, 0.009246935, 0.009173528, 0.009026445, 0.008878254, 0.008803558, 0.008652564, 0.00849944, 0.008344482, 0.008266569, 0.008110003, 0.00795282, 0.007874116, 0.007716179, 0.0075571304, 0.007396221, 0.0073146927, 0.007149469, 0.0069806427, 0.006894894, 0.0067210295, 0.0065440987, 0.0064545674, 0.0062729763, 0.0060873185, 0.005896218, 0.0057980213, 0.005594984, 0.0053815274, 0.005270378, 0.005038464, 0.004792773, 0.0045323395, 0.0043969774, 0.004123948, 0.0038905223, 0.003828288, 0.0039753206, 0.004572926
0, 0, 0.0027893146, 0.002888632, 0.00303859, 0.0034154665, 0.0038059256, 0.003992759, 0.004344166, 0.004667727, 0.0049676723, 0.005109891, 0.005380647, 0.0056351298, 0.0057570087, 0.005991214, 0.0062140324, 0.006427317, 0.0065307864, 0.006732391, 0.0069277068, 0.0070233895, 0.0072112675, 0.007394991, 0.0074854684, 0.0076640197, 0.007839571, 0.0080125, 0.008097922, 0.008266542, 0.008432151, 0.008513787, 0.00867482, 0.00883303, 0.008988736, 0.0090657575, 0.009218428, 0.009369783, 0.009445098, 0.009595007, 0.009743755, 0.00981751, 0.009963417, 0.010106825, 0.010247203, 0.010316308, 0.010451957, 0.010584529, 0.010649619, 0.010777565, 0.010902507, 0.011024028, 0.01108331, 0.011198559, 0.011308869, 0.0113619575, 0.0114639895, 0.011560345, 0.011606306, 0.011694356, 0.011777314, 0.011855169, 0.011892165, 0.011962127, 0.012026032, 0.0120556345, 0.012109757, 0.012156995, 0.012197175, 0.012214596, 0.012244179, 0.012267077, 0.012275972, 0.012288427, 0.012293643, 0.012291389, 0.0122873355, 0.012273294, 0.012251644, 0.012238109, 0.012205673, 0.012166868, 0.0121452585, 0.012098021, 0.012045566, 0.011987944, 0.011957048, 0.01189095, 0.011818647, 0.011780087, 0.011698126, 0.011609778, 0.011515203, 0.011465748, 0.011362808, 0.011255066, 0.011199539, 0.01108556, 0.0109678935, 0.01090768, 0.010784567, 0.0106576625, 0.0105271535, 0.010460551, 0.010324551, 0.010185413, 0.010114765, 0.009971962, 0.009827794, 0.009683005, 0.009610444, 0.00946496, 0.009318886, 0.009245414, 0.009097445, 0.008947443, 0.008871472, 0.008717443, 0.00856081, 0.008402264, 0.008322495, 0.008162417, 0.008002138, 0.007921988, 0.007761221, 0.0075993575, 0.007435267, 0.0073520574, 0.007182611, 0.007008418, 0.0069195037, 0.0067378054, 0.0065512564, 0.006456176, 0.006262095, 0.006062218, 0.0058552898, 0.005748555, 0.005527423, 0.0052941996, 0.0051725353, 0.0049178675, 0.004646886, 0.0043587266, 0.004208837, 0.003907641, 0.0036593361, 0.0036083218, 0.003923824, 0.0053968825
0, 0, 0.0028010055, 0.0028680027, 0.003009529, 0.0033832, 0.003780135, 0.003971486, 0.0043319277, 0.004663285, 0.004969207, 0.005113826, 0.005388409, 0.0056460775, 0.0057692383, 0.006005895, 0.006231303, 0.0064469925, 0.006551645, 0.0067551406, 0.0069516962, 0.0070477454, 0.007235727, 0.007419058, 0.0075092604, 0.007687326, 0.007862951, 0.008036593, 0.0081226695, 0.008293036, 0.008460604, 0.008543143, 0.008705474, 0.008863917, 0.009018631, 0.009094745, 0.00924492, 0.009393226, 0.009466821, 0.009613147, 0.009758181, 0.009830083, 0.009972226, 0.010111607, 0.010247683, 0.010314453, 0.010445414, 0.010573189, 0.01063601, 0.010759647, 0.010880724, 0.010998737, 0.01105631, 0.0111683095, 0.011275236, 0.011326563, 0.011424713, 0.011516692, 0.011560366, 0.01164366, 0.011721676, 0.01179504, 0.011829925, 0.011896214, 0.011957254, 0.011985674, 0.012037916, 0.012083681, 0.012122893, 0.012139946, 0.012169099, 0.01219163, 0.012200521, 0.01221348, 0.012219719, 0.012219137, 0.012216179, 0.012204755, 0.0121861, 0.012174183, 0.012145303, 0.012110071, 0.012090297, 0.012046628, 0.011997754, 0.011943508, 0.011914328, 0.011851528, 0.011782369, 0.011745396, 0.01166655, 0.011581641, 0.011490929, 0.011443604, 0.011345407, 0.011243009, 0.011190477, 0.011082778, 0.0109718125, 0.010915111, 0.010798941, 0.010679281, 0.010555873, 0.010492809, 0.0103640305, 0.010231972, 0.010164858, 0.01002899, 0.009891171, 0.009751728, 0.009681436, 0.009539467, 0.009395435, 0.009322643, 0.009175133, 0.009024804, 0.008948624, 0.008794019, 0.008637078, 0.008478441, 0.008398802, 0.008238749, 0.0080781765, 0.0079976255, 0.007835544, 0.007671458, 0.0075042113, 0.007419023, 0.007244692, 0.007064512, 0.0069719823, 0.0067818644, 0.0065849074, 0.006483745, 0.006275701, 0.0060596005, 0.0058342963, 0.005717655, 0.005475353, 0.005219037, 0.0050849747, 0.0048032324, 0.004500751, 0.004174384, 0.004001853, 0.0036440876, 0.0033068818, 0.0031804242, 0.0031320353, 0
0, 0, 0.002969335, 0.0030126506, 0.0031446773, 0.0035041298, 0.003890065, 0.004076184, 0.0044264016, 0.0047478587, 0.0050445707, 0.0051850895, 0.005452686, 0.0057052094, 0.005826514, 0.006060852, 0.006285431, 0.006501376, 0.0066063697, 0.0068105287, 0.0070074205, 0.007103384, 0.0072906143, 0.0074724196, 0.007561631, 0.007737362, 0.007910451, 0.008081568, 0.008166441, 0.0083347075, 0.008500304, 0.0085818535, 0.008742142, 0.00889823, 0.009050095, 0.009124624, 0.009271037, 0.009414798, 0.009485895, 0.009626738, 0.00976548, 0.009834086, 0.009969427, 0.010101751, 0.0102306865, 0.010293808, 0.010417494, 0.010537921, 0.010597033, 0.010713337, 0.010826986, 0.01093773, 0.010991694, 0.011096516, 0.011196582, 0.011244599, 0.01133639, 0.011422345, 0.011463155, 0.011540769, 0.011613437, 0.011681512, 0.011713945, 0.011775413, 0.011832175, 0.011858652, 0.01190724, 0.011950026, 0.011986672, 0.012002607, 0.012029952, 0.012051305, 0.012059789, 0.012072725, 0.012079973, 0.012081291, 0.012079698, 0.01207172, 0.012057191, 0.012047622, 0.012023537, 0.011993156, 0.011975787, 0.011936693, 0.01189196, 0.011841646, 0.011814502, 0.01175579, 0.011691361, 0.011657034, 0.011584095, 0.011505959, 0.011422893, 0.011379747, 0.011290262, 0.011196994, 0.0111490665, 0.011050728, 0.010948866, 0.010896671, 0.010789444, 0.0106789265, 0.010564646, 0.010506279, 0.010386974, 0.010264521, 0.010202223, 0.010075673, 0.0099465875, 0.009814787, 0.009747893, 0.009611745, 0.009472471, 0.009401592, 0.009257575, 0.0091106165, 0.009036177, 0.008885251, 0.008732257, 0.008577737, 0.008499906, 0.008342929, 0.008183958, 0.008103562, 0.007940426, 0.0077736476, 0.0076021617, 0.007514479, 0.0073345634, 0.007148214, 0.0070523736, 0.0068551386, 0.0066498294, 0.006543905, 0.006324967, 0.0060959007, 0.0058556483, 0.005730875, 0.0054710284, 0.0051958156, 0.0050516063, 0.004747898, 0.0044203606, 0.004064423, 0.0038749948, 0.0034789282, 0.0030964122, 0.0029443586, 0.0028440636, 0
0, 0, 0.0032165202, 0.0032466785, 0.0033738397, 0.0037213024, 0.004090062, 0.004266128, 0.004595319, 0.004896501, 0.005175635, 0.0053086444, 0.0055639925, 0.005807738, 0.0059259, 0.006156007, 0.0063786646, 0.0065941326, 0.0066991863, 0.006903796, 0.007101177, 0.0071971905, 0.0073841778, 0.007564983, 0.0076533123, 0.007826608, 0.007996106, 0.008162656, 0.008244913, 0.0084072985, 0.008566665, 0.008645039, 0.008799216, 0.008949416, 0.009095645, 0.009167289, 0.009308006, 0.009445386, 0.009512991, 0.009646112, 0.009776315, 0.009840374, 0.009966116, 0.01008866, 0.0102077825, 0.010266067, 0.010380116, 0.010490723, 0.010544838, 0.010650836, 0.010753666, 0.010853201, 0.010901655, 0.010995429, 0.011084878, 0.01112784, 0.0112103205, 0.011288143, 0.01132525, 0.011395927, 0.011462234, 0.011524326, 0.0115537485, 0.011609309, 0.011660328, 0.011684008, 0.011727463, 0.011765554, 0.011798158, 0.011812379, 0.011836725, 0.011855754, 0.01186337, 0.011875209, 0.011882192, 0.011884416, 0.011883585, 0.011878065, 0.011867114, 0.011859567, 0.01184005, 0.0118148215, 0.0118000135, 0.011766219, 0.011727001, 0.011682581, 0.011658542, 0.011606909, 0.0115506295, 0.011520877, 0.011458115, 0.011391121, 0.01132026, 0.011283331, 0.011206512, 0.011125887, 0.011084017, 0.010997502, 0.010906826, 0.010860002, 0.010763325, 0.010662998, 0.0105593195, 0.01050623, 0.0103976745, 0.010286136, 0.010229258, 0.010113531, 0.009994769, 0.009872732, 0.0098103415, 0.009682886, 0.009551657, 0.009484633, 0.009348176, 0.009208704, 0.009138004, 0.008994748, 0.008849204, 0.008701364, 0.0086263735, 0.008473845, 0.008317183, 0.008237, 0.008072719, 0.007902844, 0.007726983, 0.0076367566, 0.0074518, 0.007260681, 0.007162669, 0.006961401, 0.0067520537, 0.0066440217, 0.0064201886, 0.006185141, 0.005937509, 0.0058086594, 0.005539908, 0.0052549737, 0.005105638, 0.004791066, 0.0044515566, 0.004082549, 0.0038865444, 0.0034792188, 0.0030948306, 0.0029488031, 0.0028782433, 0
0, 0, 0.0035330537, 0.0035321377, 0.0036474594, 0.0039727013, 0.0043179044, 0.004481964, 0.004788286, 0.005069739, 0.0053334013, 0.0054603177, 0.0057064737, 0.005944452, 0.0060608033, 0.006288663, 0.006510362, 0.006725493, 0.00683054, 0.0070352717, 0.00723269, 0.007328761, 0.0075158076, 0.0076963794, 0.0077843233, 0.007955971, 0.008122354, 0.008283764, 0.008362729, 0.008517322, 0.008667794, 0.008741528, 0.0088863205, 0.009027538, 0.009165393, 0.0092329355, 0.009365439, 0.009494197, 0.009557219, 0.009680418, 0.009799779, 0.009858036, 0.009971722, 0.010081941, 0.010188848, 0.010241129, 0.010343253, 0.010441984, 0.010490007, 0.010583386, 0.010673022, 0.010758832, 0.010800271, 0.010880102, 0.010956077, 0.010992636, 0.011063256, 0.011130341, 0.011162517, 0.0112243015, 0.0112823015, 0.011336398, 0.011361927, 0.011409757, 0.01145322, 0.011473272, 0.011509932, 0.011542107, 0.011569779, 0.011581797, 0.011602524, 0.011618688, 0.0116251325, 0.011635012, 0.011640652, 0.011642253, 0.011641518, 0.011636895, 0.011627989, 0.011621893, 0.0116064055, 0.011586111, 0.01157417, 0.011546804, 0.011515005, 0.01147919, 0.011459806, 0.011418562, 0.0113740545, 0.011350581, 0.011301241, 0.011248679, 0.011192539, 0.011163027, 0.011100992, 0.011034791, 0.010999946, 0.010926849, 0.010849284, 0.010808715, 0.010724606, 0.010636515, 0.010545056, 0.010498154, 0.010401999, 0.010302898, 0.010252198, 0.010148756, 0.0100420695, 0.009931968, 0.0098754885, 0.009759498, 0.009639588, 0.009578216, 0.009452661, 0.009323617, 0.009257878, 0.009124231, 0.008987243, 0.0088465335, 0.008774609, 0.008626746, 0.0084727155, 0.00839308, 0.00822867, 0.008057151, 0.007878796, 0.0077871648, 0.007599553, 0.007406385, 0.007307688, 0.007105705, 0.006896349, 0.006788441, 0.006565108, 0.0063304636, 0.0060831653, 0.0059543727, 0.0056858067, 0.0054011415, 0.005252054, 0.0049383906, 0.004600016, 0.0042320034, 0.0040362747, 0.0036298658, 0.0032498497, 0.0031090514, 0.0030567711, 0
0, 0, 0.0039481735, 0.003838346, 0.0039133914, 0.004186019, 0.004501621, 0.004655964, 0.004949095, 0.005223679, 0.0054847384, 0.0056115733, 0.0058593694, 0.006100413, 0.00621842, 0.0064493357, 0.0066729393, 0.0068888892, 0.0069939294, 0.0071980953, 0.007394754, 0.0074905707, 0.007677236, 0.007857578, 0.007945365, 0.008116119, 0.008280169, 0.008437328, 0.008513405, 0.00866061, 0.008802023, 0.008870842, 0.009005381, 0.009136428, 0.009264173, 0.009326773, 0.009449264, 0.009567519, 0.009624954, 0.009736325, 0.0098429285, 0.009894407, 0.0099941185, 0.010090023, 0.010182654, 0.0102278795, 0.010316128, 0.010401119, 0.0104422765, 0.01052167, 0.010596856, 0.010667786, 0.010701607, 0.010766261, 0.0108272955, 0.01085669, 0.010913445, 0.010967511, 0.0109936455, 0.011043802, 0.011090618, 0.011134051, 0.011154331, 0.011191901, 0.011225689, 0.011241266, 0.011269702, 0.0112949675, 0.011316946, 0.011326761, 0.011343624, 0.011356882, 0.011362129, 0.0113700405, 0.011374284, 0.0113749495, 0.011374033, 0.011369808, 0.011362574, 0.011357814, 0.011346053, 0.011331094, 0.011322372, 0.0113026565, 0.011280042, 0.011254703, 0.011241085, 0.011212154, 0.011180759, 0.011164171, 0.011128906, 0.011090672, 0.011049005, 0.011026694, 0.0109791, 0.010927171, 0.010899592, 0.0108411, 0.010778299, 0.0107452795, 0.010676239, 0.010603311, 0.010526966, 0.010487536, 0.010406229, 0.010321684, 0.010278267, 0.010189117, 0.0100966655, 0.010000488, 0.009950901, 0.009848694, 0.009742192, 0.0096872905, 0.009574149, 0.009456508, 0.009395965, 0.009271664, 0.009142599, 0.009008368, 0.008939107, 0.008795869, 0.00864538, 0.008567299, 0.008405272, 0.008235671, 0.008058663, 0.007967568, 0.0077806786, 0.0075880648, 0.007489656, 0.0072882255, 0.007079766, 0.0069725043, 0.0067508835, 0.0065188007, 0.006275056, 0.0061484864, 0.005885125, 0.0056071533, 0.005462003, 0.0051576304, 0.0048300573, 0.0044731833, 0.004282491, 0.003883156, 0.0035054416, 0.0033653106, 0.0033210067, 0
0, 0, 0.004469593, 0.0040697134, 0.0040667937, 0.0042700307, 0.0045722327, 0.00472872, 0.005033732, 0.0053243437, 0.005602662, 0.005737996, 0.006002006, 0.006257052, 0.0063810856, 0.0066217626, 0.0068517583, 0.00707109, 0.0071768123, 0.0073811575, 0.007577205, 0.0076725404, 0.007858401, 0.008038244, 0.008125826, 0.008295792, 0.008458206, 0.008612388, 0.008686399, 0.008828175, 0.008962603, 0.009027447, 0.009153202, 0.009274784, 0.009392606, 0.009450111, 0.009561865, 0.009668666, 0.009720108, 0.0098187765, 0.009911688, 0.009956051, 0.010040987, 0.010121561, 0.010198797, 0.010236275, 0.010309135, 0.010378994, 0.010412623, 0.010477019, 0.010537188, 0.010592924, 0.010619122, 0.010668622, 0.010714568, 0.010736417, 0.010778294, 0.010817977, 0.010836942, 0.010873075, 0.010906237, 0.010936346, 0.010950202, 0.010975545, 0.010998054, 0.0110083725, 0.01102752, 0.011044903, 0.01106056, 0.011067681, 0.011080421, 0.011090701, 0.011094795, 0.011101087, 0.011104456, 0.011105117, 0.011104473, 0.011101703, 0.011096977, 0.011093947, 0.011086558, 0.011077626, 0.011072474, 0.011061047, 0.011048083, 0.011033635, 0.011025777, 0.011008752, 0.010989529, 0.010979058, 0.010956096, 0.010930047, 0.0109006455, 0.010884636, 0.010849808, 0.010811577, 0.010791167, 0.010747965, 0.010701426, 0.010676899, 0.01062527, 0.010570169, 0.010511539, 0.010480845, 0.010416668, 0.010348721, 0.010313442, 0.010240197, 0.010163148, 0.01008206, 0.010039891, 0.009952127, 0.009859315, 0.009810956, 0.009710016, 0.009603198, 0.009547555, 0.009431552, 0.009309497, 0.009181142, 0.009114545, 0.008976235, 0.0088308, 0.008755355, 0.008598814, 0.0084345685, 0.008262513, 0.008173559, 0.007989936, 0.007798905, 0.007700647, 0.007498528, 0.0072884574, 0.0071802326, 0.0069568744, 0.0067241727, 0.0064812447, 0.006355872, 0.006096551, 0.005824989, 0.00568418, 0.0053905826, 0.005077223, 0.0047376645, 0.004556478, 0.0041764746, 0.0038175238, 0.0036879978, 0.0036735705, 0
0, 0, 0.0035623882, 0.0034816053, 0.0035762785, 0.003938984, 0.004375722, 0.0045921803, 0.0050038085, 0.0053848997, 0.0057393424, 0.0059078163, 0.00622911, 0.0065304246, 0.0066738166, 0.0069463537, 0.0072004814, 0.0074374103, 0.007549973, 0.0077648223, 0.0079679545, 0.00806586, 0.008255067, 0.008436134, 0.008523624, 0.008692314, 0.008852133, 0.00900278, 0.009074537, 0.009211048, 0.0093386555, 0.009399335, 0.009515037, 0.009624021, 0.0097266715, 0.009775586, 0.0098685, 0.009954636, 0.009995056, 0.010070827, 0.010139692, 0.010171638, 0.010230941, 0.010284529, 0.010333185, 0.010355817, 0.010397874, 0.01043597, 0.010453493, 0.01048588, 0.01051476, 0.0105402, 0.010551693, 0.010572194, 0.01058947, 0.010597001, 0.010610071, 0.010620439, 0.010624666, 0.010631268, 0.01063587, 0.010638741, 0.010639672, 0.010640731, 0.010641142, 0.010641062, 0.01064087, 0.010640589, 0.010640413, 0.01064041, 0.010640676, 0.010641344, 0.010641843, 0.010643257, 0.010645116, 0.010647371, 0.010648545, 0.010650958, 0.01065334, 0.010654542, 0.010656906, 0.01065932, 0.010660591, 0.010663159, 0.010666052, 0.010668645, 0.010669693, 0.010670798, 0.0106703155, 0.010669356, 0.010665825, 0.010660217, 0.010652682, 0.010648251, 0.010638432, 0.010627645, 0.010621974, 0.0106097255, 0.010595966, 0.010588252, 0.010570703, 0.010549913, 0.010525186, 0.010511201, 0.010479718, 0.010443443, 0.010423471, 0.01037982, 0.010331159, 0.010277018, 0.010247787, 0.010184705, 0.010115218, 0.010077914, 0.009997933, 0.009910345, 0.009863556, 0.00976388, 0.009656217, 0.0095408065, 0.0094802985, 0.009353458, 0.009219256, 0.0091492655, 0.009003775, 0.008849985, 0.008686901, 0.008601515, 0.008422151, 0.008230682, 0.008130186, 0.007919782, 0.0076968255, 0.007580863, 0.007340691, 0.007090261, 0.006830375, 0.006696804, 0.0064221993, 0.0061365175, 0.0059891334, 0.0056837625, 0.005362472, 0.005024478, 0.004851326, 0.0045176204, 0.004290749, 0.004288684, 0.004702612, 0
0, 0, 0.0033012978, 0.003254952, 0.0033824306, 0.0038111014, 0.0043076547, 0.0045508817, 0.0050094393, 0.0054287645, 0.005813589, 0.0059946687, 0.0063367523, 0.0066545196, 0.0068049515, 0.007090167, 0.007355873, 0.007603962, 0.007721984, 0.007947128, 0.008159228, 0.008260899, 0.00845607, 0.008640708, 0.008729175, 0.008898458, 0.0090577435, 0.009207256, 0.009278577, 0.009414173, 0.00954073, 0.009600767, 0.009714575, 0.009820337, 0.009918177, 0.009964093, 0.010050052, 0.010128326, 0.010164708, 0.010232131, 0.01029276, 0.010320535, 0.010371314, 0.01041577, 0.0104541425, 0.01047103, 0.010500567, 0.010525103, 0.010535516, 0.010553413, 0.010568014, 0.010579762, 0.010584571, 0.010592146, 0.010596711, 0.010597951, 0.010598336, 0.010596017, 0.010593922, 0.010588254, 0.010581274, 0.010573612, 0.01056969, 0.010561695, 0.01055364, 0.010549505, 0.010541042, 0.010532457, 0.010523835, 0.010519762, 0.010512148, 0.010506075, 0.010503829, 0.010500957, 0.010500385, 0.010501849, 0.010503208, 0.010506801, 0.010511246, 0.010513673, 0.0105189085, 0.010524642, 0.010527738, 0.010534517, 0.010542188, 0.010550407, 0.010554598, 0.010562598, 0.010569999, 0.010573326, 0.010579197, 0.010584169, 0.010588362, 0.010590138, 0.010593363, 0.010596244, 0.010597388, 0.01059871, 0.010597958, 0.010596541, 0.010591056, 0.010581784, 0.01056831, 0.0105599, 0.010539666, 0.010514557, 0.010500155, 0.010467484, 0.010429379, 0.010385186, 0.0103607, 0.010306549, 0.010245516, 0.0102123665, 0.010140654, 0.010061332, 0.010018693, 0.009927335, 0.0098274285, 0.009718761, 0.009660988, 0.009538624, 0.0094071245, 0.009337965, 0.009192944, 0.009038603, 0.008874443, 0.008788301, 0.008607021, 0.008412856, 0.008310677, 0.008095526, 0.007866189, 0.007746274, 0.007496557, 0.0072341594, 0.0069597103, 0.006817695, 0.006523638, 0.0062143765, 0.006053189, 0.005715948, 0.0053559565, 0.0049727526, 0.0047752573, 0.0043957876, 0.004158086, 0.0041993726, 0.005069392, 0
0, 0, 0.0034156083, 0.0033282891, 0.0034424309, 0.003866403, 0.004374516, 0.0046254937, 0.0050991126, 0.005530829, 0.0059246416, 0.006109125, 0.0064563695, 0.0067782304, 0.0069307205, 0.0072207726, 0.0074930466, 0.0077495566, 0.00787236, 0.008107542, 0.00832945, 0.008435461, 0.008637965, 0.008827727, 0.008917959, 0.009089476, 0.009249965, 0.009400218, 0.009471852, 0.009608277, 0.009735646, 0.009795979, 0.0099097965, 0.010014184, 0.010109178, 0.010153136, 0.010234386, 0.010307334, 0.010340897, 0.010402895, 0.010458343, 0.010483544, 0.010529089, 0.010567742, 0.010599287, 0.010612382, 0.010633364, 0.010648114, 0.010653427, 0.010660711, 0.010664477, 0.010665494, 0.0106650125, 0.010662085, 0.0106563065, 0.010652272, 0.010642212, 0.010629656, 0.010622546, 0.010607318, 0.010591634, 0.010576201, 0.010568702, 0.010554069, 0.01053978, 0.010532543, 0.010517681, 0.010502443, 0.010486947, 0.010479388, 0.010464998, 0.010452806, 0.010447773, 0.010440418, 0.010436779, 0.010436201, 0.01043684, 0.010439717, 0.010444107, 0.010446681, 0.010452647, 0.010459757, 0.010463725, 0.010472932, 0.010483766, 0.010496132, 0.01050276, 0.010516585, 0.010530748, 0.010537864, 0.010552158, 0.010566532, 0.010580872, 0.0105879735, 0.010602075, 0.010615586, 0.010621875, 0.010632929, 0.0106409425, 0.010643533, 0.0106456615, 0.01064335, 0.010636924, 0.010632061, 0.0106192455, 0.010601946, 0.0105916, 0.01056718, 0.010536916, 0.010500242, 0.0104792025, 0.010431517, 0.010376449, 0.010346248, 0.010280481, 0.010207433, 0.010168061, 0.010083193, 0.009989326, 0.009885586, 0.009829635, 0.009709318, 0.0095776245, 0.00950756, 0.009359288, 0.009200768, 0.009032005, 0.008943699, 0.008758695, 0.008561412, 0.008457774, 0.00823965, 0.008006473, 0.0078840135, 0.0076273796, 0.0073550483, 0.007066698, 0.00691616, 0.006601096, 0.0062649446, 0.0060877106, 0.005711898, 0.0053031435, 0.0048579923, 0.004623176, 0.004148779, 0.0037529715, 0.0036471216, 0.003723659, 0
0, 0, 0.0036824364, 0.0035642807, 0.0036637553, 0.0040653916, 0.0045563476, 0.004799493, 0.0052581257, 0.005676013, 0.0060574855, 0.006236526, 0.0065744426, 0.006889599, 0.007039833, 0.0073278607, 0.007601395, 0.0078621665, 0.007987898, 0.0082302, 0.008459687, 0.008569411, 0.008778611, 0.008974097, 0.009066843, 0.009242815, 0.009407228, 0.009561419, 0.009634913, 0.009775105, 0.009906005, 0.009967853, 0.010083937, 0.010189473, 0.0102842385, 0.010327759, 0.010407375, 0.010478152, 0.010510648, 0.0105705755, 0.0106238695, 0.010648049, 0.010691165, 0.01072709, 0.010755244, 0.010766438, 0.010783219, 0.01079318, 0.010795981, 0.0107979495, 0.010795955, 0.010790819, 0.010787084, 0.010777373, 0.010764566, 0.010757015, 0.0107397465, 0.010720025, 0.010709489, 0.010687698, 0.010665985, 0.010645173, 0.010635095, 0.010615774, 0.010596879, 0.010587332, 0.010568029, 0.010548365, 0.010528632, 0.010518956, 0.010500599, 0.010484675, 0.010478015, 0.01046775, 0.0104613975, 0.010458673, 0.010458298, 0.010459352, 0.010462298, 0.010464355, 0.010469835, 0.010477078, 0.010481472, 0.010492019, 0.010505026, 0.0105202645, 0.010528618, 0.010546286, 0.010564734, 0.010574155, 0.010593436, 0.010613155, 0.010633058, 0.010642973, 0.010662711, 0.010681472, 0.010690265, 0.010705978, 0.010718224, 0.01072281, 0.010728746, 0.010730289, 0.010727918, 0.01072531, 0.010717184, 0.010705265, 0.010697615, 0.010678586, 0.010653674, 0.010621578, 0.010602577, 0.010558629, 0.010506517, 0.010477638, 0.010414454, 0.010343971, 0.010305885, 0.010223467, 0.0101318965, 0.010029547, 0.00997387, 0.009853026, 0.009718945, 0.009647161, 0.009494506, 0.009330657, 0.009156474, 0.009065637, 0.008876233, 0.0086757345, 0.0085708285, 0.008350647, 0.008115131, 0.007991132, 0.0077300253, 0.007450691, 0.0071520903, 0.006995131, 0.0066641113, 0.006307578, 0.006118277, 0.0057138973, 0.0052696154, 0.004780676, 0.0045205993, 0.003989141, 0.003529106, 0.0033905718, 0.0034317707, 0
0, 0, 0.004042093, 0.003881676, 0.0039590606, 0.0043191756, 0.004769993, 0.004993814, 0.0054168846, 0.0058045965, 0.0061620898, 0.006331383, 0.0066542025, 0.0069593703, 0.0071063126, 0.007390553, 0.007663676, 0.007926269, 0.008053624, 0.008299961, 0.008534227, 0.008646559, 0.008861274, 0.009062762, 0.009158752, 0.009341649, 0.009513487, 0.009675283, 0.009752534, 0.00989985, 0.010037113, 0.010101753, 0.010222632, 0.010331975, 0.010429792, 0.01047459, 0.010556624, 0.010629562, 0.010662997, 0.010724428, 0.010778776, 0.010803245, 0.010846539, 0.010882242, 0.01091, 0.0109210005, 0.010937586, 0.010947514, 0.010950322, 0.010952205, 0.010949745, 0.01094341, 0.010938843, 0.010926759, 0.010911022, 0.010901803, 0.010881116, 0.010857952, 0.010845704, 0.01082075, 0.010795822, 0.010771809, 0.01076026, 0.010737686, 0.010715635, 0.010704654, 0.010682703, 0.010660826, 0.010639511, 0.0106293075, 0.010610236, 0.010593849, 0.010586974, 0.010576023, 0.010568719, 0.0105644455, 0.010563295, 0.010562487, 0.0105639165, 0.010565401, 0.010570181, 0.01057744, 0.010582089, 0.01059349, 0.010607808, 0.010624563, 0.0106334975, 0.010652233, 0.010671485, 0.010681239, 0.010700754, 0.0107202865, 0.010739984, 0.010749732, 0.010768941, 0.010787292, 0.010795884, 0.010811534, 0.01082408, 0.010829069, 0.01083623, 0.010839588, 0.010839269, 0.010837845, 0.01083216, 0.01082249, 0.010815899, 0.010798781, 0.010775323, 0.01074425, 0.010725536, 0.010681701, 0.0106291, 0.010599778, 0.010535089, 0.0104624955, 0.010423204, 0.010338164, 0.010243797, 0.010138414, 0.010081235, 0.009957253, 0.009819968, 0.009746506, 0.009590183, 0.0094222985, 0.009243749, 0.00915069, 0.008956777, 0.0087522, 0.008645453, 0.008421947, 0.008183329, 0.008057785, 0.007793277, 0.0075099245, 0.0072065718, 0.007046903, 0.006710051, 0.006347287, 0.0061547332, 0.0057435706, 0.005291937, 0.0047950023, 0.0045311977, 0.003996257, 0.0035477388, 0.003424775, 0.0035073932, 0
0, 0, 0.004521106, 0.004241169, 0.0042566103, 0.004520703, 0.004905302, 0.0051034098, 0.0054855384, 0.0058433437, 0.0061801095, 0.0063419817, 0.006655041, 0.0069558723, 0.0071023023, 0.0073875873, 0.0076634167, 0.007929371, 0.008058432, 0.008308269, 0.0085463505, 0.008660895, 0.008880959, 0.0090894075, 0.009189486, 0.009381666, 0.009563848, 0.009736085, 0.009818413, 0.009975158, 0.010120488, 0.010188692, 0.010316073, 0.0104314685, 0.010535482, 0.010583466, 0.010671974, 0.010751341, 0.010787826, 0.010854647, 0.010913189, 0.010939294, 0.010985323, 0.011023057, 0.011052972, 0.011065255, 0.011084863, 0.011098521, 0.011103297, 0.011109246, 0.011110517, 0.01110715, 0.011103665, 0.011093237, 0.011078369, 0.011069502, 0.011049213, 0.011026618, 0.011014626, 0.010990066, 0.010965504, 0.010941354, 0.01092942, 0.01090585, 0.01088247, 0.010870874, 0.010847954, 0.010825922, 0.010805358, 0.010795818, 0.010778567, 0.010764087, 0.010757996, 0.010748082, 0.010740953, 0.0107360445, 0.010734383, 0.010732464, 0.010732865, 0.010734052, 0.0107384045, 0.0107458085, 0.010750637, 0.010762343, 0.010776794, 0.010792972, 0.010801522, 0.010818678, 0.010835764, 0.010844094, 0.01086032, 0.010876116, 0.010891516, 0.010899082, 0.010913778, 0.010927831, 0.010934496, 0.0109467385, 0.0109569635, 0.010961117, 0.010967196, 0.010970092, 0.010969397, 0.010967466, 0.010960594, 0.010948776, 0.01094088, 0.010920496, 0.010893361, 0.010858483, 0.010837942, 0.0107903145, 0.010733924, 0.010702384, 0.010632639, 0.010553901, 0.010511149, 0.010418621, 0.010316423, 0.010203829, 0.010143432, 0.010013992, 0.0098727485, 0.009797685, 0.009638628, 0.009468137, 0.009286155, 0.009190966, 0.008992001, 0.008781471, 0.008671663, 0.008442196, 0.008198455, 0.008070882, 0.0078035756, 0.007519378, 0.007217366, 0.0070593213, 0.0067280694, 0.0063744434, 0.006188154, 0.0057931095, 0.0053625293, 0.004890708, 0.004640538, 0.004134399, 0.0037179592, 0.0036129209, 0.0037276514, 0
0, 0, 0.0052086585, 0.0045616194, 0.004436024, 0.004542924, 0.004860817, 0.005040838, 0.0054012467, 0.0057481662, 0.0060807, 0.006242423, 0.006558499, 0.0068656476, 0.0070160036, 0.0073100305, 0.007594239, 0.007867534, 0.007999765, 0.008255149, 0.008498568, 0.008615973, 0.008842721, 0.009059523, 0.009164451, 0.009367408, 0.00956108, 0.009744429, 0.009831991, 0.00999812, 0.0101515455, 0.010223405, 0.010357737, 0.010480424, 0.010592561, 0.010645007, 0.010742946, 0.010832055, 0.010873219, 0.010948622, 0.011014399, 0.01104359, 0.011094925, 0.011137253, 0.011171891, 0.011186685, 0.011211885, 0.01123198, 0.011240221, 0.011252944, 0.01126074, 0.011262973, 0.011261966, 0.011256008, 0.011245086, 0.011238101, 0.011221922, 0.011203606, 0.011193998, 0.011174248, 0.011154016, 0.011133398, 0.011122877, 0.011101391, 0.01107954, 0.011068555, 0.011047084, 0.011026834, 0.0110086845, 0.01100053, 0.010986275, 0.010974566, 0.010969575, 0.010961176, 0.010954542, 0.010949413, 0.010947408, 0.010944949, 0.010944891, 0.0109459115, 0.010950131, 0.010957268, 0.010961873, 0.010972721, 0.010985498, 0.010999251, 0.011006246, 0.01102016, 0.011033447, 0.011039837, 0.011052075, 0.011063566, 0.011074088, 0.011079093, 0.011088397, 0.011096831, 0.011100713, 0.011107745, 0.0111132255, 0.011115256, 0.0111173885, 0.011116438, 0.01111135, 0.011106903, 0.011093818, 0.011074478, 0.011062343, 0.011032945, 0.010996626, 0.010953133, 0.010928623, 0.010873706, 0.010810553, 0.0107756, 0.010698535, 0.010611214, 0.01056372, 0.010460808, 0.010347695, 0.010224749, 0.0101596415, 0.0100222565, 0.009875148, 0.0097978525, 0.009635309, 0.009461526, 0.009275506, 0.009177685, 0.008972205, 0.008753744, 0.008639726, 0.008402302, 0.008152286, 0.008022585, 0.007753685, 0.007471666, 0.0071760323, 0.0070228046, 0.0067048175, 0.006369956, 0.0061954753, 0.0058298907, 0.0054370584, 0.005011217, 0.0047863433, 0.0043330775, 0.003969725, 0.0038907905, 0.0040503005, 0
0, 0, 0.006181551, 0.004524716, 0.0042526326, 0.004282523, 0.0046037645, 0.004791726, 0.005169569, 0.0055329744, 0.0058807535, 0.006049869, 0.006380563, 0.0067022336, 0.0068596895, 0.007167149, 0.007463435, 0.0077469917, 0.007883727, 0.008147144, 0.008398043, 0.008519264, 0.00875419, 0.008980253, 0.009090112, 0.009303281, 0.009507018, 0.009699924, 0.00979177, 0.009965537, 0.01012554, 0.01020061, 0.01034154, 0.010471613, 0.010592536, 0.010649858, 0.010758468, 0.010858638, 0.010905258, 0.01099107, 0.011066189, 0.0110996775, 0.011158747, 0.011208379, 0.011250347, 0.011269, 0.011302396, 0.011331042, 0.011343687, 0.011365087, 0.011380972, 0.011390725, 0.011393188, 0.011393726, 0.011389357, 0.01138567, 0.011376619, 0.011366256, 0.011360831, 0.011349527, 0.011337493, 0.011324284, 0.011317034, 0.011301411, 0.011284525, 0.011275762, 0.011258594, 0.011242551, 0.011228515, 0.0112224035, 0.011211796, 0.0112029975, 0.0111990515, 0.011192107, 0.011186023, 0.011180947, 0.011178861, 0.011176268, 0.011176177, 0.011177157, 0.011181029, 0.011187258, 0.01119104, 0.011199517, 0.011208608, 0.011218222, 0.01122291, 0.011232313, 0.011241702, 0.011246368, 0.011255283, 0.011263589, 0.011270675, 0.0112736225, 0.011278065, 0.011280638, 0.011281349, 0.01128135, 0.011279451, 0.0112777855, 0.011272363, 0.01126334, 0.011249555, 0.011240374, 0.011216586, 0.011185242, 0.011166685, 0.011124035, 0.011074604, 0.011018929, 0.010988844, 0.010924016, 0.010852106, 0.01081308, 0.010727645, 0.010631188, 0.010578602, 0.010464766, 0.010339885, 0.010205038, 0.0101342555, 0.009986529, 0.00983085, 0.009749914, 0.009581041, 0.009401305, 0.009208862, 0.009107415, 0.0088939145, 0.00866663, 0.00854822, 0.008302845, 0.008047155, 0.007915835, 0.007646593, 0.0073684426, 0.007080497, 0.0069325673, 0.006627926, 0.0063106297, 0.006146758, 0.005807483, 0.0054498436, 0.005071389, 0.0048762606, 0.004498802, 0.0042417096, 0.0042289374, 0.00451144, 0
0, 0, 0, 0.0035758535, 0.0035711208, 0.0038217043, 0.004231911, 0.0044482965, 0.0048685223, 0.0052628536, 0.0056346096, 0.005813914, 0.006162156, 0.006498635, 0.0066627422, 0.006982184, 0.007288981, 0.007581844, 0.0077229277, 0.007994579, 0.008253399, 0.008378565, 0.008621343, 0.008855327, 0.008969073, 0.009189789, 0.009400421, 0.009599409, 0.009694032, 0.009872989, 0.010038233, 0.010116089, 0.01026316, 0.010400472, 0.010529811, 0.010591775, 0.010710185, 0.010820669, 0.010872471, 0.010968429, 0.011053525, 0.011091859, 0.011160544, 0.011219857, 0.011271778, 0.011295547, 0.011339382, 0.011378614, 0.011396401, 0.011428052, 0.011453558, 0.011472433, 0.01147937, 0.011488813, 0.011493508, 0.01149468, 0.011495627, 0.011495815, 0.011495856, 0.011495527, 0.011494185, 0.011490931, 0.011488489, 0.011481842, 0.01147318, 0.011468395, 0.011458581, 0.011449509, 0.011441723, 0.011438369, 0.011432513, 0.011427424, 0.011424935, 0.011420154, 0.011415474, 0.01141142, 0.0114098415, 0.011408021, 0.011408433, 0.011409476, 0.011412837, 0.0114175165, 0.01142005, 0.01142486, 0.0114292195, 0.011433231, 0.011435097, 0.01143921, 0.01144408, 0.011446807, 0.011452569, 0.0114578055, 0.011461416, 0.011462315, 0.0114613585, 0.011456946, 0.011453551, 0.011444164, 0.011431986, 0.011424855, 0.011408263, 0.011388031, 0.011362455, 0.011347167, 0.011310673, 0.011265708, 0.011240087, 0.011183158, 0.011119612, 0.011050627, 0.01101433, 0.010938115, 0.01085608, 0.010812417, 0.010718009, 0.010612512, 0.010555208, 0.010431187, 0.010295217, 0.010148864, 0.010072273, 0.009913244, 0.009746927, 0.009661031, 0.0094827, 0.009294087, 0.009093009, 0.008987297, 0.008765221, 0.008529709, 0.008407565, 0.0081557715, 0.00789587, 0.0077633485, 0.0074938643, 0.0072178817, 0.0069341604, 0.0067886896, 0.006489554, 0.0061783437, 0.006017896, 0.0056868023, 0.0053417184, 0.004985558, 0.004809062, 0.0045007793, 0.0044054817, 0.004536543, 0.0051909923, 0
0, 0, 0, 0.0031481201, 0.003170736, 0.0034716122, 0.00391895, 0.0041507687, 0.004597471, 0.0050130873, 0.0054015703, 0.0055875946, 0.0059465654, 0.006290754, 0.0064578494, 0.0067823445, 0.0070936186, 0.0073911287, 0.00753467, 0.0078115743, 0.008075852, 0.008203641, 0.008451394, 0.008689594, 0.008805159, 0.009028929, 0.009242072, 0.009443441, 0.009539427, 0.009721634, 0.009891305, 0.00997173, 0.010124988, 0.010269285, 0.010406159, 0.01047195, 0.010598012, 0.010716177, 0.010771983, 0.010876158, 0.01097023, 0.011013369, 0.0110923685, 0.011162784, 0.011226495, 0.011256202, 0.011312088, 0.011363175, 0.011386791, 0.01142981, 0.011466503, 0.011496561, 0.011509226, 0.0115303565, 0.011547271, 0.011554606, 0.011568041, 0.011580675, 0.011586787, 0.011598262, 0.0116083585, 0.011616178, 0.011619092, 0.011623142, 0.011624972, 0.011625313, 0.011625565, 0.011625813, 0.011626437, 0.0116268955, 0.011627746, 0.011628113, 0.011627966, 0.011627226, 0.011625865, 0.011624666, 0.011624315, 0.011624603, 0.011626372, 0.011627706, 0.011630812, 0.011633739, 0.011634815, 0.011635771, 0.011635078, 0.011633008, 0.011631838, 0.011629794, 0.011628812, 0.011628748, 0.011629123, 0.011628879, 0.011626352, 0.011623674, 0.011614919, 0.011600959, 0.011592121, 0.011571109, 0.011546312, 0.011532678, 0.011503035, 0.011469896, 0.011431796, 0.011410282, 0.0113616865, 0.0113046225, 0.011272892, 0.011203648, 0.011127575, 0.011046223, 0.011003799, 0.010915667, 0.010822469, 0.01077344, 0.010669094, 0.010554217, 0.010492404, 0.010359247, 0.010213972, 0.010057895, 0.009976326, 0.009807163, 0.009630545, 0.009539513, 0.009351117, 0.009152897, 0.008942881, 0.008833055, 0.00860351, 0.008361749, 0.008236816, 0.007980399, 0.007716916, 0.0075829723, 0.0073108636, 0.007032406, 0.0067454306, 0.0065978393, 0.006292927, 0.0059733684, 0.005807576, 0.005463176, 0.0051011345, 0.0047257883, 0.0045401845, 0.004226329, 0.004205335, 0.004481308, 0.006149366, 0
0, 0, 0, 0.0030550202, 0.0030547846, 0.0033169268, 0.0037432634, 0.0039699217, 0.0044127377, 0.004828881, 0.0052186027, 0.0054049892, 0.0057636, 0.0061058565, 0.006271644, 0.00659313, 0.0069018183, 0.0071978495, 0.007341066, 0.007618143, 0.007882973, 0.008010989, 0.008258763, 0.008495977, 0.008610734, 0.008832456, 0.009043556, 0.009243854, 0.009339912, 0.009523785, 0.009697126, 0.00978005, 0.009938896, 0.010089357, 0.01023187, 0.0103003, 0.010431197, 0.010553863, 0.010612015, 0.010721904, 0.010823055, 0.010870469, 0.010959364, 0.011041193, 0.011117147, 0.011153045, 0.011221196, 0.011284191, 0.011313709, 0.011368453, 0.011417237, 0.011460306, 0.011479872, 0.011515455, 0.011547324, 0.011562085, 0.011590024, 0.01161608, 0.011628423, 0.011651844, 0.011672998, 0.011691806, 0.011700237, 0.011715402, 0.011728659, 0.011734724, 0.011746325, 0.011757245, 0.011767734, 0.011772617, 0.011781653, 0.011789284, 0.011792503, 0.011797716, 0.011801659, 0.011804991, 0.011806677, 0.0118102245, 0.011813897, 0.011815684, 0.011818693, 0.011820082, 0.011819943, 0.011817548, 0.011812488, 0.011805153, 0.011801094, 0.011792504, 0.011784181, 0.0117801605, 0.011771911, 0.011762387, 0.011749736, 0.011741707, 0.011721647, 0.011695989, 0.01168102, 0.0116474, 0.011609579, 0.011589441, 0.011546975, 0.011501322, 0.011451454, 0.011424391, 0.011365229, 0.011298304, 0.011261849, 0.011183082, 0.011097201, 0.011005201, 0.010957208, 0.0108573865, 0.010752196, 0.010697273, 0.010581696, 0.010456745, 0.010390319, 0.010249107, 0.010096538, 0.009933742, 0.009848772, 0.009672604, 0.009488754, 0.009393932, 0.009197936, 0.008992424, 0.008775847, 0.008663163, 0.008428865, 0.008183382, 0.008056777, 0.007797044, 0.0075296415, 0.0073933685, 0.0071152803, 0.0068289563, 0.0065318323, 0.006378409, 0.006059761, 0.0057234, 0.0055478048, 0.0051801116, 0.0047879578, 0.0043713986, 0.0041580675, 0.0037568589, 0.003516844, 0.0035256878, 0, 0
0, 0, 0, 0.003084953, 0.003068506, 0.0032908684, 0.0036823926, 0.0038952632, 0.0043172496, 0.004719102, 0.0050982134, 0.0052799685, 0.005629739, 0.005963198, 0.0061245537, 0.0064373463, 0.0067379153, 0.0070268814, 0.0071670543, 0.007438571, 0.007698335, 0.007823782, 0.00806598, 0.0082967905, 0.00840814, 0.008622953, 0.008827934, 0.009023856, 0.009118547, 0.009301743, 0.009476851, 0.009561261, 0.009723736, 0.009877766, 0.010023239, 0.01009269, 0.010225202, 0.010349534, 0.010408776, 0.010522045, 0.010628839, 0.010679942, 0.01077791, 0.010870419, 0.010957502, 0.010999043, 0.011078098, 0.011151652, 0.01118644, 0.011252103, 0.011313035, 0.011369874, 0.011396906, 0.011448291, 0.011496529, 0.011519355, 0.011562715, 0.0116027715, 0.011621568, 0.011656791, 0.011688942, 0.011718508, 0.0117324535, 0.01175887, 0.011783769, 0.011795707, 0.011818581, 0.0118401665, 0.011860314, 0.011869661, 0.011886843, 0.011901824, 0.011908512, 0.011920414, 0.01193053, 0.011939281, 0.011943169, 0.011950033, 0.011955557, 0.011957683, 0.011960157, 0.011959927, 0.01195864, 0.011953602, 0.01194539, 0.01193443, 0.011927956, 0.011913805, 0.011897875, 0.01188929, 0.01187059, 0.0118491035, 0.011823645, 0.011809224, 0.011776606, 0.011738952, 0.011718322, 0.011673468, 0.011624752, 0.011599095, 0.0115455035, 0.01148856, 0.011427582, 0.011395267, 0.01132606, 0.0112502035, 0.011209632, 0.011122955, 0.011029044, 0.010928146, 0.010875239, 0.010764806, 0.010648198, 0.010587318, 0.010460369, 0.010325398, 0.010254685, 0.010106468, 0.009949086, 0.009782716, 0.009696308, 0.009517342, 0.009330336, 0.009233797, 0.009034315, 0.008825655, 0.008606693, 0.008493164, 0.008257762, 0.008011655, 0.007884618, 0.0076232455, 0.007352279, 0.007213273, 0.0069278767, 0.006631631, 0.0063227452, 0.0061628674, 0.0058306, 0.00547972, 0.0052965106, 0.0049123797, 0.00450155, 0.0040627946, 0.0038365256, 0.0034033149, 0.0031175087, 0.003100477, 0, 0
0, 0, 0, 0.003147214, 0.0031229963, 0.0033236342, 0.0036911245, 0.003892584, 0.004294107, 0.0046789353, 0.0050438712, 0.00521924, 0.005556818, 0.005878335, 0.0060335943, 0.006334112, 0.0066224476, 0.006899512, 0.0070339516, 0.0072945007, 0.0075437403, 0.007663967, 0.007895564, 0.008115562, 0.00822148, 0.008425633, 0.008620983, 0.008809103, 0.008900721, 0.009079675, 0.009252484, 0.00933639, 0.009498418, 0.00965215, 0.009796793, 0.009865701, 0.009997198, 0.010121197, 0.0101808505, 0.010296438, 0.0104080085, 0.010462435, 0.010568401, 0.010670097, 0.010766569, 0.010812676, 0.010900504, 0.010982506, 0.01102163, 0.011096804, 0.011168892, 0.011238841, 0.011273042, 0.011339829, 0.011403879, 0.011434637, 0.011492996, 0.011546765, 0.011571877, 0.011618953, 0.011662404, 0.0117031075, 0.011722756, 0.0117608365, 0.011797354, 0.011814971, 0.011848571, 0.011879649, 0.011907818, 0.011920759, 0.011944428, 0.011965379, 0.011974922, 0.011992689, 0.012008384, 0.01202188, 0.012027686, 0.012037169, 0.012043539, 0.012045345, 0.0120462105, 0.0120436335, 0.012040994, 0.012033461, 0.012023084, 0.012009708, 0.012001946, 0.011983651, 0.011961605, 0.011948964, 0.011920359, 0.0118872905, 0.01184983, 0.0118294675, 0.011785682, 0.011738336, 0.011713265, 0.011660483, 0.011603725, 0.0115739, 0.011511001, 0.011443547, 0.01137123, 0.011333075, 0.011252832, 0.011167051, 0.011122007, 0.011027386, 0.010926297, 0.0108183455, 0.010761698, 0.010643057, 0.010517305, 0.010451791, 0.010315603, 0.010172588, 0.01009859, 0.00994556, 0.009785698, 0.009618772, 0.009532483, 0.009354059, 0.009167577, 0.009071161, 0.008872016, 0.008663955, 0.008446521, 0.008334084, 0.008101578, 0.00785843, 0.0077327853, 0.007473063, 0.007201672, 0.007061553, 0.006772156, 0.0064701415, 0.006154679, 0.005991529, 0.0056536514, 0.005298695, 0.005114184, 0.0047289603, 0.004319751, 0.0038875046, 0.0036675516, 0.0032566043, 0.003009503, 0.0030149885, 0, 0
0, 0, 0, 0.0032205244, 0.0031931389, 0.0033878717, 0.0037477806, 0.0039445446, 0.004335289, 0.00470829, 0.005060998, 0.0052300235, 0.005554454, 0.005861697, 0.0060094013, 0.0062939934, 0.006565569, 0.0068256757, 0.00695174, 0.0071961787, 0.0074299946, 0.0075428733, 0.0077602514, 0.007966503, 0.008065664, 0.008256836, 0.008440063, 0.008617149, 0.008703875, 0.008874299, 0.00904017, 0.009121097, 0.009277902, 0.009427048, 0.0095677525, 0.009635012, 0.009763938, 0.009886868, 0.00994679, 0.010064485, 0.010180291, 0.01023752, 0.010350166, 0.0104591595, 0.010563054, 0.010612789, 0.010707665, 0.010796757, 0.010839638, 0.010923163, 0.011005174, 0.011086637, 0.011127073, 0.011207221, 0.011284943, 0.01132237, 0.011393742, 0.011459664, 0.011490582, 0.011548831, 0.01160333, 0.01165555, 0.011681012, 0.011730884, 0.0117789265, 0.01180198, 0.011845329, 0.011884351, 0.011918776, 0.011934317, 0.011962359, 0.011987322, 0.011999, 0.0120210955, 0.012041309, 0.012058579, 0.012065856, 0.012077016, 0.012082921, 0.012083892, 0.012082012, 0.012075926, 0.012071531, 0.012061014, 0.012048266, 0.012033097, 0.01202435, 0.012003361, 0.011976995, 0.011961431, 0.011925441, 0.011883583, 0.011836837, 0.011812024, 0.011760021, 0.011705725, 0.0116776815, 0.011619333, 0.011556855, 0.01152364, 0.0114526255, 0.011374882, 0.011290686, 0.011246389, 0.01115393, 0.011057078, 0.011007189, 0.0109045515, 0.010797332, 0.010684528, 0.010625561, 0.010502375, 0.010371719, 0.010303634, 0.010162302, 0.010014918, 0.009939279, 0.009784326, 0.009624448, 0.0094589675, 0.009373847, 0.009198024, 0.009014071, 0.008918984, 0.008722493, 0.008517669, 0.008304437, 0.00819456, 0.007968122, 0.0077320714, 0.007610042, 0.007357153, 0.007091612, 0.0069539053, 0.006668464, 0.00636976, 0.006057877, 0.0058969273, 0.005564805, 0.005217763, 0.00503797, 0.004664021, 0.0042688577, 0.0038546505, 0.0036459928, 0.003263216, 0.0030490693, 0.0030685253, 0, 0
0, 0, 0, 0.0033133703, 0.003285882, 0.0034865276, 0.0038529546, 0.0040514357, 0.004441402, 0.0048082946, 0.0051504145, 0.005312826, 0.0056217075, 0.0059109335, 0.0060488163, 0.0063125095, 0.006562287, 0.0068005584, 0.0069159144, 0.0071398215, 0.0073547964, 0.007458836, 0.0076597626, 0.007850917, 0.007942945, 0.008120206, 0.008290124, 0.008454516, 0.008535191, 0.00869402, 0.008849408, 0.008925624, 0.009074086, 0.009216377, 0.009351859, 0.009417147, 0.009543477, 0.009665683, 0.009725929, 0.009845505, 0.009964681, 0.010023966, 0.0101413755, 0.010255717, 0.010365467, 0.010418158, 0.010519284, 0.010615285, 0.01066186, 0.010753493, 0.010844647, 0.010935945, 0.01098153, 0.011072115, 0.011160129, 0.011202585, 0.011283683, 0.011358939, 0.011394441, 0.0114620635, 0.011526489, 0.0115891695, 0.011619998, 0.011680766, 0.011739254, 0.011767072, 0.011819003, 0.011864774, 0.011904136, 0.011921621, 0.011953004, 0.011981117, 0.011994411, 0.012019848, 0.0120435795, 0.012064147, 0.012072568, 0.01208488, 0.012090113, 0.012090095, 0.012085173, 0.012074974, 0.012068503, 0.012054004, 0.012038046, 0.012020344, 0.012010308, 0.011986855, 0.011957183, 0.011939553, 0.011898579, 0.0118505955, 0.011797188, 0.0117690815, 0.011710947, 0.011651136, 0.011620478, 0.011557104, 0.011489094, 0.0114527, 0.011374059, 0.011286921, 0.011191898, 0.011141899, 0.011038318, 0.010931536, 0.010877395, 0.010767929, 0.01065629, 0.010540915, 0.01048128, 0.010357127, 0.010225605, 0.010157113, 0.010015013, 0.009867143, 0.00979145, 0.009637307, 0.0094792005, 0.009316556, 0.009233066, 0.00906083, 0.008880798, 0.008787613, 0.008595274, 0.008395232, 0.008187958, 0.008081758, 0.007864127, 0.007638577, 0.007522368, 0.0072818836, 0.0070292763, 0.0068981126, 0.006625789, 0.0063403095, 0.0060422244, 0.0058885403, 0.005571574, 0.0052404613, 0.005068737, 0.004710581, 0.0043301783, 0.0039291633, 0.0037264554, 0.003354361, 0.0031494368, 0.003172974, 0, 0
0, 0, 0, 0.0034404588, 0.0034143312, 0.003627354, 0.0040080408, 0.0042112847, 0.004604106, 0.0049652224, 0.005294643, 0.0054487633, 0.005738081, 0.006004832, 0.006130747, 0.0063697514, 0.0065946006, 0.0068085454, 0.006912233, 0.007114129, 0.0073090987, 0.007403933, 0.0075880126, 0.007764077, 0.007849005, 0.008013107, 0.008170289, 0.008322369, 0.008397021, 0.008544166, 0.008688835, 0.008760157, 0.008900308, 0.009036349, 0.009167759, 0.009231708, 0.009356717, 0.009478974, 0.009539578, 0.009660579, 0.009781501, 0.0098418435, 0.009961875, 0.01007955, 0.010193577, 0.010248958, 0.010356217, 0.010459576, 0.0105101345, 0.010610189, 0.010709748, 0.010809337, 0.010859012, 0.010957081, 0.011051906, 0.011097655, 0.011184976, 0.0112664495, 0.011305243, 0.011379646, 0.0114514455, 0.011522068, 0.011557028, 0.01162607, 0.011692408, 0.011723852, 0.011782328, 0.011833694, 0.0118775265, 0.011897033, 0.01193185, 0.011962981, 0.011977744, 0.012006167, 0.012032723, 0.01205578, 0.01206529, 0.012078788, 0.012083939, 0.01208336, 0.012076285, 0.012062707, 0.012054313, 0.01203544, 0.0120151285, 0.01199337, 0.011981474, 0.01195443, 0.011921094, 0.011901537, 0.011856503, 0.011803902, 0.011745232, 0.011714213, 0.01165006, 0.011583979, 0.011550186, 0.011480366, 0.0114058405, 0.011366112, 0.011280531, 0.011186186, 0.011083668, 0.01103002, 0.010919402, 0.010806363, 0.010749613, 0.010636051, 0.010521926, 0.01040564, 0.010345963, 0.010222365, 0.010091955, 0.010024083, 0.009883543, 0.009737431, 0.0096628135, 0.009510845, 0.009355681, 0.00919662, 0.009115185, 0.008947513, 0.008772514, 0.008682156, 0.008495568, 0.008302036, 0.008102626, 0.008000987, 0.007793896, 0.0075810696, 0.007472051, 0.0072474484, 0.0070123556, 0.0068904012, 0.006637078, 0.006371165, 0.006092888, 0.0059491643, 0.0056518493, 0.0053394362, 0.0051764324, 0.004833439, 0.0044635218, 0.0040663676, 0.0038628334, 0.0034846757, 0.003272733, 0.003295588, 0, 0
0, 0, 0, 0.0036157442, 0.003588132, 0.0038085904, 0.00419813, 0.004403182, 0.004792447, 0.0051418287, 0.0054537514, 0.0055976086, 0.0058646486, 0.006108039, 0.006222148, 0.006437847, 0.0066401446, 0.0068327654, 0.0069262544, 0.007108717, 0.0072858934, 0.007372582, 0.007541483, 0.007704076, 0.0077828416, 0.007935494, 0.008082232, 0.008224582, 0.0082945125, 0.008432917, 0.008569816, 0.008637723, 0.008772427, 0.008905069, 0.009034891, 0.009098713, 0.009224168, 0.00934732, 0.009408315, 0.009529992, 0.009651244, 0.009711773, 0.00983233, 0.009951621, 0.0100687295, 0.01012631, 0.010239484, 0.010350024, 0.010404603, 0.010512546, 0.010619495, 0.010725637, 0.010778162, 0.010881113, 0.010980213, 0.011027933, 0.011119108, 0.011204767, 0.011245711, 0.011324731, 0.011401153, 0.011476281, 0.011513487, 0.011586701, 0.011657047, 0.011690481, 0.01175294, 0.011808383, 0.01185652, 0.011878063, 0.011916669, 0.011951083, 0.011967153, 0.011997672, 0.012025544, 0.012049423, 0.012059282, 0.012073393, 0.012078975, 0.012078343, 0.012070512, 0.012055267, 0.01204554, 0.012023045, 0.011998122, 0.011971048, 0.0119565595, 0.011924467, 0.011886594, 0.011865027, 0.011816022, 0.01175922, 0.0116956895, 0.011661835, 0.011591195, 0.011517816, 0.011480155, 0.011402502, 0.011320694, 0.011277692, 0.011186519, 0.011088004, 0.010982667, 0.010927891, 0.010815324, 0.010700489, 0.010642922, 0.010527576, 0.0104118865, 0.0102943275, 0.0102341715, 0.010110082, 0.009979991, 0.009912575, 0.009773358, 0.009629195, 0.009555639, 0.009406291, 0.009254356, 0.009099273, 0.0090201385, 0.008858022, 0.008689699, 0.008603013, 0.008424405, 0.008239639, 0.008049954, 0.0079534855, 0.007757741, 0.007558001, 0.0074561755, 0.0072474238, 0.0070300843, 0.0069175167, 0.0066839326, 0.0064382353, 0.006180213, 0.0060464637, 0.005768497, 0.005474219, 0.0053195115, 0.0049907444, 0.0046296148, 0.004233393, 0.0040267836, 0.0036365627, 0.0034127783, 0.0034344147, 0, 0
0, 0, 0, 0.0038613698, 0.0038179446, 0.004015311, 0.004388049, 0.004584703, 0.0049559716, 0.0052858186, 0.0055775684, 0.005711501, 0.005959452, 0.0061852573, 0.0062912684, 0.0064920243, 0.006680817, 0.006860518, 0.0069477144, 0.0071177236, 0.0072826254, 0.0073633115, 0.007520964, 0.007673384, 0.0077476483, 0.007892145, 0.008032225, 0.00816898, 0.008236548, 0.008370738, 0.008504236, 0.008570863, 0.0087038735, 0.0088362, 0.0089670485, 0.009031643, 0.009159086, 0.009283969, 0.009345619, 0.009467874, 0.009589056, 0.009649376, 0.009769636, 0.0098895235, 0.010008921, 0.010068305, 0.010186294, 0.010302865, 0.010360547, 0.010474544, 0.010586843, 0.010697034, 0.010751151, 0.0108568305, 0.010958433, 0.0110075, 0.011101902, 0.011191119, 0.011234041, 0.01131663, 0.011396015, 0.0114728315, 0.0115104, 0.011583824, 0.01165426, 0.011687815, 0.01175146, 0.011809219, 0.011860744, 0.0118840635, 0.011926174, 0.011963021, 0.011979776, 0.012010304, 0.012036847, 0.012058782, 0.012067606, 0.012080301, 0.012085327, 0.012084678, 0.0120771155, 0.012061661, 0.012051408, 0.012026802, 0.011998009, 0.011965671, 0.0119483275, 0.011910469, 0.011867458, 0.011843626, 0.0117907915, 0.01173065, 0.011663409, 0.011627355, 0.011551287, 0.011471103, 0.011429743, 0.011344502, 0.011255774, 0.011209846, 0.011114713, 0.011014572, 0.0109096095, 0.010855445, 0.010744181, 0.010630125, 0.010572389, 0.010455694, 0.010337471, 0.0102166785, 0.010154952, 0.010028117, 0.009896329, 0.009828584, 0.009689477, 0.009546383, 0.009473672, 0.009326337, 0.00917706, 0.009025744, 0.00894911, 0.008792923, 0.008632224, 0.008549791, 0.008380805, 0.008206387, 0.008027211, 0.007936109, 0.007751096, 0.007562474, 0.0074665863, 0.007270491, 0.007067138, 0.0069622113, 0.006744583, 0.006515592, 0.006274423, 0.0061490037, 0.0058873375, 0.0056090564, 0.00546222, 0.0051483465, 0.004800056, 0.004411739, 0.0042062905, 0.0038131494, 0.0035864355, 0.00361102, 0, 0
0, 0, 0, 0.004215797, 0.0041111866, 0.0042079235, 0.0045198174, 0.0046962695, 0.00503897, 0.0053493767, 0.005626967, 0.0057552783, 0.0059945574, 0.0062148017, 0.0063189943, 0.0065175737, 0.0067050545, 0.0068829623, 0.006968888, 0.0071351263, 0.007294986, 0.0073728277, 0.0075247753, 0.007672194, 0.0077443346, 0.007885797, 0.008024299, 0.008160597, 0.008228173, 0.0083628, 0.00849692, 0.008564052, 0.008698233, 0.008832325, 0.008965629, 0.00903167, 0.009162224, 0.009290106, 0.009353145, 0.009477291, 0.009599754, 0.0096604945, 0.009781465, 0.009902404, 0.010023719, 0.010084512, 0.010205929, 0.0103264535, 0.010385977, 0.010503282, 0.010617774, 0.010729293, 0.010783773, 0.01089028, 0.010993241, 0.011043362, 0.011140954, 0.011234442, 0.011279488, 0.011366024, 0.011447757, 0.011525019, 0.011562057, 0.011633307, 0.0117010195, 0.011733509, 0.011795754, 0.011853818, 0.011906958, 0.011931398, 0.011975657, 0.012013285, 0.012029656, 0.012057717, 0.012079944, 0.012096639, 0.01210297, 0.012111333, 0.012113791, 0.0121126035, 0.012104962, 0.012090135, 0.0120799625, 0.012054657, 0.012023157, 0.011986514, 0.011966418, 0.011922955, 0.011874953, 0.011849112, 0.011793174, 0.01173109, 0.0116622, 0.011625159, 0.011546202, 0.011461615, 0.011417581, 0.011326676, 0.011232376, 0.011184258, 0.011085985, 0.010984991, 0.01088067, 0.010827135, 0.010717049, 0.010602974, 0.010544578, 0.010424976, 0.010302179, 0.010176225, 0.010112018, 0.009981161, 0.009846909, 0.0097785685, 0.009639345, 0.009497068, 0.009424851, 0.0092787575, 0.009131079, 0.008982109, 0.008907085, 0.008755571, 0.008601377, 0.008522852, 0.008362839, 0.008198071, 0.008028382, 0.00794174, 0.0077648284, 0.0075834612, 0.00749108, 0.0073024863, 0.007107692, 0.007007542, 0.00680047, 0.006583004, 0.0063537136, 0.0062341075, 0.005984252, 0.0057179704, 0.005577527, 0.005278245, 0.004947715, 0.004580289, 0.0043862313, 0.0040177354, 0.003821254, 0.003864045, 0, 0
0, 0, 0, 0.0046925377, 0.004411283, 0.0042890916, 0.004516013, 0.0046743415, 0.005001991, 0.005309632, 0.005589094, 0.0057193353, 0.005964256, 0.006192108, 0.0063006845, 0.006508555, 0.006704873, 0.006890161, 0.0069789286, 0.0071491147, 0.007311043, 0.007389421, 0.00754246, 0.0076915175, 0.0077648954, 0.007909962, 0.008053042, 0.008194467, 0.008264599, 0.008403784, 0.008541721, 0.008610402, 0.008747415, 0.008884299, 0.009021017, 0.009089045, 0.009224051, 0.009356872, 0.009422325, 0.009551255, 0.009677788, 0.009740286, 0.00986432, 0.009987799, 0.01011162, 0.0101735825, 0.010297438, 0.010419919, 0.010480275, 0.010598451, 0.010712881, 0.010823459, 0.010877442, 0.010983101, 0.011086442, 0.011137363, 0.011237743, 0.011335272, 0.01138254, 0.01147317, 0.011557647, 0.011635323, 0.011671834, 0.011740532, 0.011804564, 0.011835329, 0.011894453, 0.011950878, 0.012003584, 0.012028065, 0.012072443, 0.012109239, 0.012124478, 0.0121486075, 0.012164919, 0.012174631, 0.012177456, 0.01217982, 0.012178056, 0.012175703, 0.012167142, 0.012152559, 0.012142674, 0.012117018, 0.012083794, 0.012043527, 0.012021143, 0.011972638, 0.011919911, 0.0118922265, 0.011833925, 0.011770904, 0.011701939, 0.011664861, 0.011585366, 0.011499065, 0.011453622, 0.011358997, 0.011260796, 0.011210654, 0.011109206, 0.011006105, 0.01090061, 0.010846516, 0.01073505, 0.010618345, 0.010558016, 0.010433619, 0.010305028, 0.010173443, 0.010106932, 0.009972567, 0.009836943, 0.009768586, 0.009630411, 0.009489324, 0.009417585, 0.009272056, 0.009124146, 0.008974835, 0.008899841, 0.008749359, 0.0085978145, 0.008521429, 0.008366696, 0.008208121, 0.008044315, 0.007960127, 0.0077870344, 0.00760798, 0.0075164232, 0.0073294756, 0.0071372944, 0.0070389872, 0.0068368185, 0.0066254754, 0.0064025717, 0.0062860153, 0.006041538, 0.0057799337, 0.0056418986, 0.0053495294, 0.00503241, 0.004691458, 0.004518438, 0.004216039, 0.004127745, 0.0042349338, 0, 0
0, 0, 0, 0.005022031, 0.0044183386, 0.0041088457, 0.0043277894, 0.0044971392, 0.0048505915, 0.005181116, 0.0054797847, 0.005618718, 0.00587996, 0.0061235516, 0.0062397714, 0.006462393, 0.006672353, 0.0068696905, 0.006963668, 0.007143261, 0.0073135034, 0.007395911, 0.0075573227, 0.0077157095, 0.007794173, 0.007950101, 0.0081044175, 0.008256593, 0.008331653, 0.0084792925, 0.0086238785, 0.008695187, 0.008836852, 0.008978008, 0.009119489, 0.009190348, 0.0093317265, 0.009471965, 0.009541235, 0.009677817, 0.009811295, 0.009876896, 0.010006272, 0.010134016, 0.010260998, 0.010324259, 0.010450226, 0.010574224, 0.010635032, 0.010753543, 0.010867468, 0.010976837, 0.011030048, 0.011134415, 0.011237018, 0.011288103, 0.011389556, 0.011489339, 0.011538013, 0.011631448, 0.011718149, 0.0117966095, 0.011832759, 0.01189962, 0.0119604375, 0.01198921, 0.012044586, 0.012097778, 0.012148169, 0.01217181, 0.01221464, 0.012249426, 0.012263356, 0.012283807, 0.012295118, 0.012298887, 0.01229868, 0.012295372, 0.012289376, 0.0122855175, 0.01227519, 0.01225992, 0.012249806, 0.012223516, 0.01218846, 0.012145071, 0.012120601, 0.012067482, 0.012010296, 0.011980685, 0.011919436, 0.011855029, 0.011785773, 0.011748702, 0.011669072, 0.011581877, 0.011535521, 0.01143837, 0.011336709, 0.011284757, 0.011179531, 0.011072722, 0.0109637845, 0.0109079825, 0.010792667, 0.010671598, 0.010608804, 0.0104790395, 0.010345166, 0.010208943, 0.010140663, 0.0100043705, 0.009868694, 0.0098008225, 0.009664148, 0.009524391, 0.0094529595, 0.009306684, 0.009156317, 0.009003213, 0.008926163, 0.0087717725, 0.008617515, 0.008540404, 0.008385221, 0.008227275, 0.008064044, 0.007979764, 0.007805528, 0.0076238667, 0.0075306376, 0.0073400517, 0.0071448353, 0.0070455037, 0.006842345, 0.006631269, 0.006408695, 0.0062919273, 0.0060449564, 0.005777574, 0.0056353863, 0.0053332765, 0.005008688, 0.00467338, 0.0045150765, 0.0042953715, 0.0044304878, 0.004719312, 0, 0
0, 0, 0, 0.0036909154, 0.0036042663, 0.003689013, 0.004040159, 0.00424622, 0.004648348, 0.005010027, 0.0053312555, 0.005479752, 0.005758238, 0.0060174274, 0.006141069, 0.006378059, 0.006601734, 0.0068124076, 0.0069130925, 0.0071062082, 0.0072904853, 0.0073803077, 0.0075572496, 0.0077321976, 0.007819205, 0.007992378, 0.008163389, 0.00833092, 0.008412853, 0.008572728, 0.008727248, 0.00880287, 0.008952119, 0.009100423, 0.0092493035, 0.00932407, 0.009474156, 0.009623683, 0.009697735, 0.009843625, 0.009985566, 0.01005495, 0.01019071, 0.0103232125, 0.010453863, 0.010518606, 0.01064715, 0.010773435, 0.010835284, 0.010955737, 0.011071024, 0.011180961, 0.011234105, 0.011337733, 0.011439018, 0.011489206, 0.011589171, 0.011688019, 0.011736403, 0.011829885, 0.011916782, 0.011995519, 0.012031477, 0.01209721, 0.012155675, 0.012182839, 0.01223442, 0.012283466, 0.012330127, 0.012352133, 0.012392035, 0.012424589, 0.012437414, 0.012455712, 0.012464567, 0.012465401, 0.0124635715, 0.012456904, 0.0124478545, 0.012442593, 0.012429915, 0.012412698, 0.012401667, 0.012373602, 0.012336302, 0.012289982, 0.012263779, 0.012206698, 0.012145263, 0.012113413, 0.012048271, 0.011980581, 0.011908832, 0.011870831, 0.0117896255, 0.011700494, 0.011653049, 0.0115531385, 0.0114481775, 0.011394291, 0.011284926, 0.011173948, 0.011060799, 0.01100285, 0.010883551, 0.0107584875, 0.010693626, 0.01055991, 0.010422247, 0.010282799, 0.010213109, 0.010074794, 0.00993799, 0.009869853, 0.009732633, 0.009591958, 0.009519615, 0.009370265, 0.00921494, 0.009055106, 0.008974295, 0.008811991, 0.008650062, 0.008569431, 0.008408156, 0.00824502, 0.0080770105, 0.007990368, 0.0078106974, 0.007622429, 0.0075255944, 0.0073272223, 0.007123923, 0.007020635, 0.006810359, 0.0065929433, 0.006364047, 0.006243646, 0.005987091, 0.0057049356, 0.0055529196, 0.005224756, 0.0048656045, 0.004490804, 0.0043148403, 0.004091396, 0.00440774, 0.005021916, 0, 0
0, 0, 0, 0.0034648916, 0.0033759084, 0.003482236, 0.0038501832, 0.0040617315, 0.004471949, 0.0048406837, 0.005169857, 0.0053227944, 0.0056110336, 0.0058809724, 0.0060102907, 0.006259209, 0.0064960546, 0.006721577, 0.006830431, 0.007041173, 0.007244889, 0.0073449505, 0.0075428733, 0.0077390177, 0.007836559, 0.008030058, 0.008220226, 0.008405138, 0.008495134, 0.008669918, 0.008837816, 0.008919715, 0.009080547, 0.009239821, 0.009399345, 0.009479328, 0.009639656, 0.009799145, 0.009878101, 0.010033093, 0.010183012, 0.010255894, 0.01039749, 0.010534659, 0.010668941, 0.0107353255, 0.010867026, 0.010996789, 0.011060616, 0.011185193, 0.011304471, 0.011417535, 0.011471664, 0.0115759885, 0.011676035, 0.011725008, 0.011821503, 0.011916412, 0.011963003, 0.01205345, 0.012138481, 0.012216269, 0.012251959, 0.012317053, 0.01237416, 0.012400225, 0.012448527, 0.012493329, 0.012535309, 0.01255499, 0.012590974, 0.012620723, 0.012632661, 0.012650136, 0.012658797, 0.012659551, 0.012657479, 0.012649734, 0.012638515, 0.012631906, 0.01261618, 0.012595802, 0.012583273, 0.0125523815, 0.012512722, 0.012464083, 0.012436656, 0.012376876, 0.0123117715, 0.012278044, 0.012208437, 0.0121361, 0.012059848, 0.012019802, 0.011934911, 0.011842581, 0.011793722, 0.011690884, 0.011582804, 0.0115272505, 0.011414338, 0.011299678, 0.011183085, 0.011123571, 0.011001459, 0.010874079, 0.010808151, 0.010672223, 0.010531884, 0.010389127, 0.01031756, 0.0101748295, 0.010033026, 0.009962188, 0.009819453, 0.009673177, 0.009597873, 0.009442342, 0.009280039, 0.009112066, 0.009026646, 0.008854583, 0.008682383, 0.00859658, 0.008425313, 0.008252664, 0.008075813, 0.007984911, 0.0077967606, 0.0075996798, 0.0074979234, 0.0072889496, 0.0070739244, 0.0069644507, 0.0067416076, 0.006511832, 0.0062709907, 0.0061445287, 0.0058749565, 0.0055766157, 0.0054144086, 0.00505951, 0.004660314, 0.0042241714, 0.004004436, 0.0036347904, 0.0035417138, 0.0036270886, 0, 0
0, 0, 0, 0.0037341882, 0.0035840813, 0.0035366726, 0.0037950957, 0.003970411, 0.004334427, 0.004680678, 0.005001654, 0.005154016, 0.005445748, 0.005723526, 0.0058579436, 0.006119273, 0.0063711437, 0.0066144876, 0.0067332396, 0.006965539, 0.007192088, 0.0073037264, 0.0075242426, 0.0077419556, 0.007849614, 0.00806209, 0.008269613, 0.008470876, 0.008568824, 0.00875926, 0.008942642, 0.009032187, 0.00920797, 0.009381243, 0.009553392, 0.009639196, 0.00980994, 0.009978634, 0.010061616, 0.010223947, 0.010380322, 0.010456075, 0.010602788, 0.010744342, 0.010882483, 0.010950743, 0.0110860765, 0.011219961, 0.011286044, 0.011415581, 0.011539945, 0.01165768, 0.011713743, 0.011820266, 0.011920229, 0.011968286, 0.012061591, 0.012151971, 0.012196224, 0.012282372, 0.0123643465, 0.012440677, 0.012476156, 0.012541226, 0.012598031, 0.012623608, 0.012669922, 0.012711113, 0.012748336, 0.012765447, 0.012796637, 0.012822846, 0.01283376, 0.01285034, 0.012859409, 0.012860963, 0.01285906, 0.012850835, 0.012837504, 0.012829217, 0.012809589, 0.012784995, 0.012770477, 0.012736429, 0.012694659, 0.012644943, 0.012617108, 0.01255615, 0.012489358, 0.01245408, 0.0123807695, 0.012303868, 0.0122228395, 0.012180463, 0.012091382, 0.011995847, 0.01194568, 0.011840407, 0.011730001, 0.011673339, 0.011557765, 0.011440171, 0.011320804, 0.01126027, 0.011136159, 0.0110072475, 0.010940624, 0.01080305, 0.010659942, 0.010512718, 0.010438074, 0.010287436, 0.01013603, 0.010059973, 0.009906496, 0.009749934, 0.009669941, 0.0095056305, 0.009335222, 0.009159205, 0.009069483, 0.008888091, 0.008705397, 0.008613903, 0.008430694, 0.008245978, 0.008057478, 0.007961023, 0.007762407, 0.0075552217, 0.007448225, 0.0072277924, 0.0069997134, 0.0068830913, 0.0066451416, 0.0063999216, 0.0061445273, 0.006011497, 0.00573056, 0.005423402, 0.0052573206, 0.004894417, 0.004483907, 0.0040283, 0.0037942198, 0.0033845615, 0.0032436652, 0.0033213478, 0, 0
0, 0, 0, 0.004327191, 0.0040173703, 0.003658187, 0.0037469605, 0.003874643, 0.004184428, 0.004507736, 0.0048224283, 0.0049754567, 0.0052736197, 0.005562342, 0.0057036285, 0.005980571, 0.0062507456, 0.0065144845, 0.006644097, 0.006898755, 0.0071475557, 0.007269779, 0.0075100167, 0.0077448557, 0.007860098, 0.008086284, 0.00830639, 0.00852024, 0.00862476, 0.008829331, 0.009027967, 0.009125284, 0.009316632, 0.009504152, 0.00968851, 0.009779468, 0.009958946, 0.010134527, 0.010220416, 0.010388221, 0.010549827, 0.010628189, 0.010780244, 0.0109269405, 0.011069798, 0.01114018, 0.01127939, 0.011416704, 0.011484523, 0.011617622, 0.0117460005, 0.0118678305, 0.011925833, 0.012035535, 0.012137456, 0.0121857235, 0.012278264, 0.012366441, 0.012409187, 0.012492281, 0.01257199, 0.012647331, 0.012682849, 0.0127486205, 0.012806472, 0.012832384, 0.012878312, 0.012917499, 0.012951055, 0.012966033, 0.012992727, 0.0130151445, 0.013024576, 0.013039524, 0.013048093, 0.013049506, 0.013047408, 0.013037804, 0.013021797, 0.013011632, 0.012987347, 0.012958253, 0.012941716, 0.012904339, 0.012861001, 0.012811057, 0.012783377, 0.012722832, 0.012655675, 0.012619852, 0.012544398, 0.0124643855, 0.012379714, 0.012335659, 0.012243699, 0.012146111, 0.012095119, 0.011988864, 0.011877162, 0.011819637, 0.011701816, 0.0115812, 0.011458343, 0.01139597, 0.011268842, 0.011137201, 0.011069398, 0.010929286, 0.01078268, 0.010630046, 0.010551743, 0.010392005, 0.010229129, 0.010146883, 0.009980797, 0.009812294, 0.009727066, 0.009553453, 0.009375309, 0.009192359, 0.009099159, 0.008909725, 0.008717172, 0.008619954, 0.008424097, 0.008225735, 0.0080236485, 0.007920734, 0.0077103265, 0.0074924184, 0.007380251, 0.0071491324, 0.0069093476, 0.0067863697, 0.0065345145, 0.006274908, 0.006006358, 0.005867947, 0.005580556, 0.005274606, 0.005112654, 0.004765818, 0.0043824394, 0.00396581, 0.003756277, 0.0034088637, 0.0033459251, 0.003453909, 0, 0
0, 0, 0, 0.00519638, 0.0043260353, 0.0035460938, 0.0035534315, 0.003672075, 0.003982193, 0.0043151183, 0.004643162, 0.004803654, 0.0051176306, 0.0054230355, 0.0055729444, 0.005867687, 0.006156125, 0.0064385645, 0.0065774275, 0.006850253, 0.0071157757, 0.007245486, 0.007498747, 0.007743783, 0.007863335, 0.008096881, 0.008323936, 0.008545805, 0.008654952, 0.0088702245, 0.00908116, 0.009184912, 0.009388891, 0.009587697, 0.009781087, 0.009875713, 0.010060717, 0.010240345, 0.010328139, 0.010499889, 0.010666274, 0.010747528, 0.010905886, 0.011059283, 0.011208066, 0.011280949, 0.011423951, 0.011563418, 0.011631801, 0.011765928, 0.011895523, 0.012019488, 0.012078945, 0.012192161, 0.01229775, 0.012347824, 0.012442868, 0.012532354, 0.012575277, 0.012658188, 0.012737419, 0.012812708, 0.01284856, 0.012915689, 0.012975434, 0.013002234, 0.01304965, 0.013089255, 0.0131217195, 0.013135742, 0.013160054, 0.013179788, 0.013188047, 0.013200801, 0.013208112, 0.013208335, 0.013205605, 0.013194205, 0.013175365, 0.013163521, 0.0131352935, 0.013102074, 0.013083763, 0.013043645, 0.0129986955, 0.012948355, 0.012920839, 0.012860753, 0.0127936965, 0.012757671, 0.012681162, 0.012599202, 0.01251254, 0.012467511, 0.012374067, 0.012275889, 0.0122248605, 0.012118442, 0.0120061375, 0.0119478, 0.011827183, 0.011702184, 0.011573741, 0.011508442, 0.0113756, 0.011239092, 0.011169233, 0.0110254055, 0.010875318, 0.010718305, 0.010637337, 0.010470837, 0.0102994265, 0.010212424, 0.010036342, 0.009858364, 0.009768731, 0.009587614, 0.009403295, 0.009214706, 0.009118535, 0.008922106, 0.008720285, 0.008617553, 0.008408928, 0.008196296, 0.007979811, 0.007869978, 0.0076469416, 0.0074180355, 0.007300922, 0.007060781, 0.0068119164, 0.0066841966, 0.0064223455, 0.006152376, 0.0058744494, 0.005732522, 0.0054422626, 0.005142165, 0.004987552, 0.0046663703, 0.004327609, 0.003980883, 0.0038185567, 0.003594817, 0.0036800143, 0.0038418218, 0, 0
0, 0, 0, 0, 0.003135132, 0.00304049, 0.0032385592, 0.0034030944, 0.003772061, 0.004144122, 0.004501702, 0.0046745506, 0.005009711, 0.005332652, 0.00549025, 0.0057986905, 0.0060991696, 0.006392307, 0.006536208, 0.0068182372, 0.007091509, 0.0072245607, 0.007483192, 0.0077321124, 0.007853083, 0.008089314, 0.008319169, 0.008544899, 0.008656615, 0.008878005, 0.009096342, 0.009203914, 0.009415242, 0.009620137, 0.009817917, 0.009914041, 0.010101028, 0.010282077, 0.010370782, 0.010545243, 0.0107161775, 0.010800317, 0.010965635, 0.011126282, 0.011281492, 0.011356876, 0.011503055, 0.01164347, 0.011711614, 0.011844531, 0.011973135, 0.0120974295, 0.0121577205, 0.012274193, 0.012384382, 0.012436934, 0.012537098, 0.012630653, 0.012675202, 0.012760248, 0.012840462, 0.012916211, 0.012952402, 0.013020575, 0.013082449, 0.013110615, 0.013160897, 0.013203183, 0.013237866, 0.013252547, 0.01327744, 0.013297041, 0.013304871, 0.013316764, 0.013322926, 0.01332227, 0.013319088, 0.0133069735, 0.013286909, 0.013274213, 0.013244024, 0.013208433, 0.013188844, 0.013146564, 0.013099931, 0.013048503, 0.013020622, 0.012959831, 0.012892062, 0.01285555, 0.012777577, 0.012693938, 0.012605507, 0.012559732, 0.012465338, 0.012366731, 0.012315668, 0.01220919, 0.012095991, 0.012036668, 0.011912835, 0.011782719, 0.011647584, 0.011578595, 0.011438435, 0.0112956995, 0.0112233, 0.01107581, 0.010923493, 0.010765139, 0.010683463, 0.010515213, 0.010340992, 0.010252155, 0.01007167, 0.0098886965, 0.009796496, 0.009610418, 0.009421564, 0.00922833, 0.009129503, 0.008926836, 0.008716996, 0.008609418, 0.008389515, 0.008164256, 0.00793461, 0.0078183785, 0.007583238, 0.0073438794, 0.007222206, 0.0069739665, 0.006718082, 0.0065869717, 0.006318525, 0.0060417494, 0.005757464, 0.005612796, 0.0053192046, 0.005020148, 0.004868417, 0.0045600985, 0.0042480184, 0.003953706, 0.003835287, 0.003768803, 0.004155312, 0.004477354, 0, 0
0, 0, 0, 0, 0.0028620837, 0.002802408, 0.0030553346, 0.0032443504, 0.0036553326, 0.0040607806, 0.0044436716, 0.004626514, 0.004976747, 0.0053093876, 0.005470048, 0.0057820147, 0.006083457, 0.0063760555, 0.0065193186, 0.006799897, 0.007071925, 0.0072044134, 0.007462355, 0.007710815, 0.007831713, 0.008067853, 0.008298013, 0.0085242735, 0.00863639, 0.008858948, 0.009078624, 0.009186884, 0.0093992, 0.009604453, 0.00980192, 0.009897664, 0.0100837555, 0.010264075, 0.010352754, 0.010528279, 0.0107018575, 0.010788029, 0.010958265, 0.0111241415, 0.011284026, 0.011361226, 0.011509733, 0.011650653, 0.011718436, 0.011849911, 0.011977118, 0.012101078, 0.01216192, 0.012280908, 0.012395472, 0.01245061, 0.012556087, 0.012654481, 0.012701016, 0.012788798, 0.012870451, 0.012946594, 0.012982784, 0.013051512, 0.013115, 0.013144357, 0.013198029, 0.013244343, 0.013283194, 0.013299798, 0.013327819, 0.013349414, 0.013357955, 0.013370617, 0.013377135, 0.013377125, 0.013374415, 0.013363294, 0.013344485, 0.013332259, 0.0133027, 0.0132669965, 0.013247202, 0.013203861, 0.013155862, 0.013102749, 0.01307399, 0.013011478, 0.012941949, 0.0129045015, 0.012824509, 0.012738676, 0.0126480125, 0.012601224, 0.012504939, 0.012405061, 0.012353397, 0.012245959, 0.012131617, 0.012071505, 0.011945178, 0.011811362, 0.01167132, 0.01159954, 0.011453649, 0.011305954, 0.011231577, 0.011081622, 0.010928938, 0.010771826, 0.010691278, 0.010525542, 0.010353564, 0.010265444, 0.010085527, 0.009901552, 0.00980835, 0.009619783, 0.00942764, 0.009230689, 0.009129911, 0.00892279, 0.008707831, 0.0085972985, 0.008370628, 0.008137518, 0.007899365, 0.0077787256, 0.007534729, 0.007286841, 0.0071611567, 0.006905521, 0.0066430965, 0.0065089753, 0.0062346635, 0.0059518884, 0.005661292, 0.005513136, 0.005211646, 0.004902989, 0.004745673, 0.0044244756, 0.00409739, 0.0037905702, 0.0036726808, 0.0036691367, 0.0044720643, 0.0053715403, 0, 0
0, 0, 0, 0, 0.0029390322, 0.0028449905, 0.003080174, 0.0032684829, 0.00368658, 0.0041016038, 0.004491673, 0.0046764775, 0.0050275223, 0.005356841, 0.0055145947, 0.0058186897, 0.0061104414, 0.0063926177, 0.006530704, 0.0068016113, 0.0070655546, 0.0071948254, 0.0074477647, 0.0076929056, 0.007812595, 0.008046534, 0.008274314, 0.008497528, 0.008607771, 0.008825913, 0.009040565, 0.009146209, 0.009353581, 0.009554512, 0.009748168, 0.009842287, 0.010025457, 0.010203535, 0.01029118, 0.0104650175, 0.010637639, 0.010723477, 0.01089354, 0.0110599045, 0.011220597, 0.011298291, 0.011447665, 0.011589098, 0.011657049, 0.011788581, 0.0119157275, 0.012040069, 0.012101419, 0.012222306, 0.012339697, 0.01239662, 0.012505725, 0.012607569, 0.012655591, 0.012745615, 0.012828245, 0.012904596, 0.012940746, 0.013009567, 0.013073959, 0.013104313, 0.013160799, 0.013210867, 0.013253747, 0.013272416, 0.01330408, 0.01332854, 0.013338227, 0.013352678, 0.013360805, 0.013362629, 0.013361112, 0.013352686, 0.013336853, 0.013326028, 0.013298958, 0.013264992, 0.013245675, 0.013202658, 0.013154136, 0.0130999, 0.013070502, 0.013006691, 0.012936041, 0.012897945, 0.012816758, 0.0127292555, 0.012636482, 0.01258847, 0.012489818, 0.012387662, 0.012335056, 0.012225993, 0.01211074, 0.012050457, 0.011924238, 0.011790397, 0.011650084, 0.011577909, 0.0114309145, 0.011281873, 0.011206898, 0.011056317, 0.0109042395, 0.010749342, 0.010670293, 0.010508191, 0.010340199, 0.010253962, 0.010076932, 0.009894411, 0.009801375, 0.009612102, 0.009418553, 0.009220067, 0.009118703, 0.008910769, 0.008695633, 0.008585256, 0.008358892, 0.008125673, 0.007886417, 0.0077648344, 0.0075179245, 0.0072657503, 0.00713751, 0.006876286, 0.0066076475, 0.0064703366, 0.0061893454, 0.005899531, 0.005600565, 0.0054474273, 0.0051332465, 0.0048067872, 0.004637926, 0.0042863116, 0.0039154696, 0.0035415457, 0.003372455, 0.003165036, 0.0032583363, 0, 0, 0
0, 0, 0, 0, 0.0031567127, 0.0030393207, 0.0032566013, 0.0034393, 0.0038486512, 0.004254674, 0.004633902, 0.0048126294, 0.0051504965, 0.005465715, 0.0056161545, 0.005905119, 0.0061814412, 0.0064483252, 0.0065791206, 0.006836079, 0.0070881345, 0.007212299, 0.0074566314, 0.0076950183, 0.007811724, 0.00803976, 0.008261043, 0.008476284, 0.008581971, 0.008790004, 0.008994105, 0.009094591, 0.009292395, 0.009485524, 0.009673369, 0.009765158, 0.009944467, 0.010118774, 0.010204427, 0.010373616, 0.01054067, 0.010623517, 0.010787559, 0.0109486235, 0.011105577, 0.011182014, 0.011330425, 0.011472527, 0.011541243, 0.011674441, 0.011803229, 0.011928782, 0.011990586, 0.012112153, 0.012230206, 0.0122875385, 0.01239772, 0.012500827, 0.012549541, 0.012640844, 0.0127245225, 0.012801485, 0.012837913, 0.012907112, 0.012972157, 0.013003035, 0.013061049, 0.013113276, 0.013158597, 0.013178522, 0.013212456, 0.01323893, 0.013249502, 0.013265563, 0.01327523, 0.013278931, 0.013278522, 0.0132727865, 0.013259962, 0.013250655, 0.013226371, 0.013194828, 0.013176426, 0.013134633, 0.013086722, 0.013032886, 0.013003676, 0.012940653, 0.012871164, 0.012833758, 0.01275395, 0.012667226, 0.012574424, 0.01252598, 0.01242578, 0.01232174, 0.012268273, 0.012158183, 0.012043234, 0.011983754, 0.011860501, 0.011730925, 0.0115954755, 0.011525652, 0.011382771, 0.011236561, 0.011162626, 0.011013524, 0.0108625, 0.01070887, 0.010630744, 0.010471183, 0.010306403, 0.0102218995, 0.010048357, 0.009868893, 0.009777159, 0.009589925, 0.009398379, 0.009202165, 0.009102261, 0.008898463, 0.008688913, 0.008581908, 0.008363014, 0.008137571, 0.0079052765, 0.0077865887, 0.0075439806, 0.0072939266, 0.007165925, 0.006903277, 0.0066313827, 0.006491818, 0.0062052067, 0.0059086336, 0.005601029, 0.005442712, 0.0051152594, 0.0047705392, 0.004590245, 0.0042102803, 0.0038030301, 0.0033845762, 0.0031903475, 0.0029285254, 0.0029900405, 0, 0, 0
0, 0, 0, 0, 0.0034447801, 0.003308536, 0.0035157267, 0.0036938367, 0.004089852, 0.0044771824, 0.004835033, 0.005003104, 0.0053205513, 0.005617336, 0.005759256, 0.0060320497, 0.0062928777, 0.00654447, 0.00666762, 0.0069098934, 0.007147792, 0.007265261, 0.0074970447, 0.0077237464, 0.0078348275, 0.008051715, 0.008261193, 0.008463483, 0.008562267, 0.008755958, 0.008945795, 0.009039622, 0.00922544, 0.009408935, 0.009589576, 0.009678529, 0.009853089, 0.010022629, 0.010105501, 0.010267801, 0.010426344, 0.010504399, 0.010658812, 0.010811131, 0.010961234, 0.011035313, 0.011181111, 0.011323103, 0.011392428, 0.0115275, 0.011657908, 0.011784107, 0.011845718, 0.011966209, 0.012082582, 0.01213897, 0.012247605, 0.012350085, 0.012398791, 0.012490831, 0.012576026, 0.012654594, 0.012691728, 0.012762058, 0.012827743, 0.012858846, 0.012917178, 0.012969559, 0.0130152395, 0.013035382, 0.013069809, 0.013096948, 0.013107819, 0.013124577, 0.013135094, 0.013139801, 0.013139876, 0.01313547, 0.01312436, 0.013116091, 0.0130938515, 0.013064177, 0.013046603, 0.013006419, 0.012960083, 0.012908034, 0.0128799835, 0.012819893, 0.012754159, 0.0127189625, 0.012643464, 0.012560618, 0.01247061, 0.012423195, 0.01232411, 0.012220299, 0.0121668065, 0.012057266, 0.011944226, 0.011886341, 0.011767893, 0.01164499, 0.011517092, 0.011451213, 0.011315691, 0.011175619, 0.011104053, 0.010958383, 0.01080941, 0.01065713, 0.010579662, 0.010421919, 0.010260001, 0.010177363, 0.010008183, 0.009834048, 0.009745309, 0.00956434, 0.009379328, 0.009190314, 0.009094317, 0.008899194, 0.0086996425, 0.008598193, 0.008391053, 0.008177962, 0.00795786, 0.007844922, 0.007612797, 0.007371551, 0.0072471104, 0.0069899345, 0.006721433, 0.0065826825, 0.0062964545, 0.005998134, 0.005686889, 0.00552583, 0.0051910845, 0.0048357868, 0.004648886, 0.004253495, 0.003829935, 0.0034000508, 0.0032053639, 0.0029617657, 0.0030597143, 0, 0, 0
0, 0, 0, 0, 0.0038080595, 0.0036341485, 0.0038132088, 0.0039797463, 0.0043523735, 0.0047151707, 0.005049453, 0.005206618, 0.0055050384, 0.0057861186, 0.005921074, 0.0061811837, 0.0064297197, 0.0066685206, 0.0067849527, 0.0070127896, 0.007235159, 0.0073445854, 0.007560147, 0.0077707777, 0.007873932, 0.008075214, 0.008269149, 0.008455973, 0.008547024, 0.008725559, 0.008900936, 0.008988014, 0.009161725, 0.009335127, 0.0095075695, 0.009593078, 0.009761593, 0.009925226, 0.010004923, 0.010159947, 0.0103098955, 0.010383475, 0.0105286185, 0.01067232, 0.010815376, 0.010886766, 0.0110287415, 0.011168859, 0.0112377135, 0.0113723185, 0.011502039, 0.011626378, 0.011686671, 0.011803687, 0.011916052, 0.011970525, 0.012075993, 0.012176584, 0.012224947, 0.012317495, 0.012404196, 0.0124848345, 0.012522772, 0.012594296, 0.012660176, 0.012691025, 0.012748366, 0.012799495, 0.0128440345, 0.01286373, 0.012897757, 0.012924842, 0.012935798, 0.012952783, 0.012963642, 0.0129685635, 0.0129688205, 0.012964778, 0.012954319, 0.012946461, 0.012925284, 0.012896862, 0.012880048, 0.012841594, 0.01279714, 0.012747605, 0.012721122, 0.012664693, 0.0126035325, 0.012570814, 0.012500603, 0.0124231335, 0.012338195, 0.012292995, 0.01219768, 0.012097034, 0.012044965, 0.011938143, 0.011828463, 0.011772601, 0.011658935, 0.011542149, 0.011421422, 0.011359329, 0.011231498, 0.011098644, 0.011030452, 0.010890548, 0.010746068, 0.010597699, 0.010522029, 0.0103682475, 0.010211176, 0.010131377, 0.009969201, 0.009803583, 0.009719526, 0.009549054, 0.009374969, 0.009197294, 0.0091070505, 0.008923405, 0.008735524, 0.008639958, 0.008444958, 0.008244316, 0.008037178, 0.007930841, 0.007712133, 0.007484368, 0.0073665716, 0.0071224165, 0.0068658423, 0.0067326915, 0.0064564017, 0.006166278, 0.0058612735, 0.005702743, 0.0053715627, 0.00501812, 0.004831358, 0.0044348687, 0.0040087076, 0.003577349, 0.0033842372, 0.0031530014, 0.0032730466, 0, 0, 0
0, 0, 0, 0, 0.004309005, 0.0040216534, 0.0041044056, 0.0042395205, 0.0045717447, 0.004910874, 0.005229497, 0.005380645, 0.0056693205, 0.005942453, 0.0060737827, 0.006326582, 0.0065667867, 0.006795798, 0.0069065094, 0.0071213935, 0.0073286938, 0.007430034, 0.007628508, 0.00782206, 0.007916875, 0.008102266, 0.008281591, 0.008455031, 0.0085398, 0.008706565, 0.008870927, 0.008952723, 0.009116208, 0.0092798965, 0.009443275, 0.009524533, 0.009685231, 0.00984182, 0.009918179, 0.010066864, 0.010210773, 0.010281378, 0.0104207285, 0.010558853, 0.010696735, 0.010765648, 0.010902835, 0.01103851, 0.011105267, 0.011235498, 0.011360602, 0.011479894, 0.0115376245, 0.011649221, 0.011756391, 0.011808535, 0.0119100865, 0.012008061, 0.012055576, 0.012147379, 0.012234108, 0.012315074, 0.012353154, 0.012424312, 0.012488976, 0.012518974, 0.012574142, 0.01262299, 0.012665722, 0.012684778, 0.012718226, 0.012745409, 0.012756665, 0.012774424, 0.012785898, 0.012791392, 0.012791891, 0.012788278, 0.012778185, 0.012770638, 0.012750385, 0.012723257, 0.012707232, 0.012670758, 0.012628618, 0.012581583, 0.01255636, 0.012502641, 0.012444363, 0.0124132335, 0.012346617, 0.012273576, 0.01219365, 0.012151152, 0.0120616, 0.011966397, 0.011917023, 0.011815074, 0.011709823, 0.011656129, 0.011546504, 0.011433942, 0.011317932, 0.011258514, 0.011136729, 0.011010872, 0.010946437, 0.010814243, 0.010677718, 0.010537184, 0.010465523, 0.0103198355, 0.010171162, 0.010095844, 0.009943348, 0.00978851, 0.009710272, 0.0095521035, 0.009390941, 0.009226242, 0.009142237, 0.008970703, 0.008793947, 0.008703516, 0.008518628, 0.008327907, 0.008131436, 0.0080308365, 0.007825133, 0.0076121697, 0.0075025847, 0.0072760778, 0.007038115, 0.0069144745, 0.006656931, 0.0063846414, 0.0060962015, 0.0059454776, 0.005629174, 0.005289744, 0.005109682, 0.0047246963, 0.004306046, 0.0038761587, 0.003682048, 0.0034519648, 0.0035878336, 0, 0, 0
0, 0, 0, 0, 0.0050506745, 0.0044147125, 0.0042880527, 0.0043769367, 0.0046748263, 0.005012336, 0.0053374525, 0.005492038, 0.005785937, 0.006061415, 0.0061928914, 0.006443944, 0.006680056, 0.00690275, 0.0070095095, 0.0072150896, 0.007411318, 0.007506503, 0.007692228, 0.007873054, 0.007961792, 0.008136242, 0.008306372, 0.008472443, 0.008554062, 0.008715076, 0.008873786, 0.0089525655, 0.0091090035, 0.009264284, 0.00941834, 0.009494817, 0.0096462825, 0.009794865, 0.009867829, 0.010011346, 0.0101516945, 0.010220927, 0.0103582, 0.010493865, 0.010628186, 0.010694684, 0.010826123, 0.010954867, 0.011017787, 0.0111402, 0.011257559, 0.011369849, 0.01142432, 0.011530026, 0.011632155, 0.011682015, 0.011779514, 0.011873745, 0.011919518, 0.012007982, 0.012091564, 0.012169328, 0.012205851, 0.012273823, 0.01233515, 0.0123634385, 0.01241546, 0.012461476, 0.012502173, 0.0125205405, 0.012553348, 0.012580762, 0.012592341, 0.0126111405, 0.012623732, 0.012630237, 0.0126311015, 0.012628204, 0.012618967, 0.0126118995, 0.012592937, 0.012567797, 0.012553058, 0.012519173, 0.012479843, 0.0124352565, 0.01241093, 0.012358566, 0.01230101, 0.012270218, 0.012204692, 0.012133838, 0.012057602, 0.012017623, 0.0119340215, 0.011845487, 0.011799476, 0.011704067, 0.0116044, 0.011553028, 0.0114473235, 0.011337773, 0.011224608, 0.011166901, 0.011049529, 0.010929825, 0.010869195, 0.010745714, 0.010619184, 0.010489486, 0.010423376, 0.010288719, 0.010150657, 0.0100803925, 0.009937877, 0.009793207, 0.009720082, 0.009572461, 0.009422434, 0.009269227, 0.009190914, 0.009030295, 0.008863692, 0.008778017, 0.008601518, 0.008418783, 0.008230505, 0.008134533, 0.007939365, 0.007739585, 0.0076375264, 0.007428234, 0.007209939, 0.0070966273, 0.006860241, 0.0066090752, 0.0063410704, 0.0062002614, 0.005903527, 0.0055839187, 0.005413872, 0.00504917, 0.0046498366, 0.004237006, 0.0040511843, 0.0038439415, 0.0040168967, 0, 0, 0
0, 0, 0, 0, 0.00609301, 0.004506974, 0.0042048306, 0.004291084, 0.0046251803, 0.005006436, 0.0053666383, 0.0055345567, 0.0058474806, 0.00613406, 0.006268716, 0.006522988, 0.006759594, 0.0069811717, 0.0070870016, 0.007290066, 0.0074831177, 0.0075763618, 0.0077578737, 0.0079342, 0.00802089, 0.008191857, 0.008359757, 0.008524898, 0.0086064, 0.008767368, 0.008925406, 0.009003233, 0.009156186, 0.009305467, 0.009451495, 0.00952352, 0.009665902, 0.009806556, 0.00987637, 0.010015205, 0.010153121, 0.010221789, 0.010357918, 0.010491858, 0.010622488, 0.010686354, 0.010810809, 0.0109307505, 0.010989038, 0.011102183, 0.011211096, 0.011316437, 0.01136789, 0.0114687625, 0.011566749, 0.011614607, 0.011707669, 0.011796628, 0.0118395, 0.011921612, 0.011998362, 0.012069467, 0.012102823, 0.012165066, 0.0122215375, 0.012247615, 0.012295809, 0.01233874, 0.01237692, 0.012394293, 0.012425666, 0.01245227, 0.012463658, 0.01248231, 0.012495121, 0.012501979, 0.012503077, 0.012500689, 0.012492155, 0.0124855675, 0.012468176, 0.012445377, 0.012432056, 0.012401458, 0.012365404, 0.012323646, 0.012300448, 0.012249608, 0.012192554, 0.012161822, 0.012096548, 0.012026751, 0.011953105, 0.011915145, 0.011836632, 0.011754566, 0.0117121255, 0.011623845, 0.011530771, 0.011482222, 0.011381339, 0.011275513, 0.011165482, 0.011109429, 0.010995947, 0.010881546, 0.010824022, 0.0107085025, 0.010591497, 0.01047224, 0.010411323, 0.010286566, 0.010157469, 0.010091232, 0.009955836, 0.0098173255, 0.009747194, 0.009605678, 0.009462425, 0.009316786, 0.009242704, 0.009091207, 0.008933962, 0.00885282, 0.008685117, 0.008510407, 0.008329659, 0.008237514, 0.008050514, 0.007860018, 0.0077632107, 0.0075658592, 0.007361274, 0.007255384, 0.0070344144, 0.0067985593, 0.0065453784, 0.006411608, 0.0061286846, 0.0058227372, 0.005660016, 0.0053124423, 0.004937735, 0.004566863, 0.004414078, 0.0043097166, 0.0046056486, 0, 0, 0
0, 0, 0, 0, 0, 0.0037685977, 0.0038759056, 0.004052878, 0.0044982308, 0.004947473, 0.005351866, 0.0055355406, 0.0058709052, 0.006171117, 0.0063104597, 0.006571596, 0.0068136402, 0.007040686, 0.007149467, 0.0073587475, 0.00755803, 0.0076542688, 0.007840978, 0.008021302, 0.008109555, 0.008283219, 0.008453771, 0.008621671, 0.00870466, 0.008868595, 0.009028949, 0.009107447, 0.009260289, 0.009407265, 0.009548831, 0.009618025, 0.009754223, 0.009889012, 0.00995626, 0.010090928, 0.010225949, 0.010293323, 0.010427026, 0.010557393, 0.010682714, 0.010743237, 0.010859773, 0.010970791, 0.011024593, 0.011129361, 0.011231284, 0.011331346, 0.011380607, 0.011477792, 0.01157201, 0.01161773, 0.011705474, 0.011787663, 0.011826579, 0.011900158, 0.011968236, 0.012031076, 0.012060668, 0.012116659, 0.012168087, 0.012192052, 0.012236568, 0.0122762285, 0.012311241, 0.012326993, 0.01235509, 0.012378525, 0.0123884855, 0.012404757, 0.012415762, 0.01242133, 0.012421907, 0.012418902, 0.012410238, 0.012403846, 0.012387472, 0.012366427, 0.0123543, 0.012326511, 0.0122938, 0.012255556, 0.012234161, 0.012186529, 0.012132268, 0.012102797, 0.012039579, 0.0119719375, 0.011901063, 0.011864742, 0.011790306, 0.011713518, 0.0116740875, 0.011592355, 0.011506068, 0.011460834, 0.0113660395, 0.011265536, 0.011160371, 0.011106476, 0.010997344, 0.010887413, 0.010832442, 0.010722309, 0.010611385, 0.010498413, 0.010440617, 0.010321621, 0.010197176, 0.010132754, 0.01000005, 0.00986318, 0.009793647, 0.0096533215, 0.009511827, 0.009369372, 0.009297614, 0.009152335, 0.00900283, 0.008925973, 0.008767094, 0.008600768, 0.008427357, 0.008338446, 0.008156829, 0.007970654, 0.007875851, 0.0076822056, 0.007481602, 0.0073777847, 0.007161158, 0.0069293655, 0.006679209, 0.006546233, 0.0062632663, 0.005954898, 0.0057902946, 0.005439361, 0.0050695464, 0.00473786, 0.0046360083, 0.0047608847, 0.0054376917, 0, 0, 0
0, 0, 0, 0, 0, 0.0036447055, 0.0037757326, 0.0039689764, 0.0044448585, 0.0049192663, 0.0053430763, 0.0055346456, 0.0058827577, 0.0061929314, 0.006336792, 0.006606906, 0.006859019, 0.0070976918, 0.0072128493, 0.0074356664, 0.007648682, 0.007751531, 0.007949855, 0.008139545, 0.008231571, 0.008411182, 0.008586126, 0.008757919, 0.008842871, 0.009010695, 0.009174932, 0.009255258, 0.009411246, 0.0095603615, 0.009702818, 0.009771878, 0.0099070985, 0.010039867, 0.010105751, 0.010237442, 0.010368926, 0.010434256, 0.010563151, 0.010687634, 0.010806222, 0.010863027, 0.010971853, 0.01107557, 0.011125934, 0.011224633, 0.011321766, 0.011417766, 0.011465161, 0.011558456, 0.011647896, 0.011690653, 0.011771441, 0.011845539, 0.0118801, 0.011944882, 0.012004663, 0.0120602725, 0.012086834, 0.012137595, 0.012184942, 0.012207227, 0.0122483615, 0.01228449, 0.012315328, 0.012328782, 0.012352037, 0.0123705175, 0.012378087, 0.0123898685, 0.012397349, 0.012400275, 0.012399908, 0.012395399, 0.012385773, 0.01237916, 0.012362587, 0.012341906, 0.012330166, 0.012303905, 0.012273588, 0.012238816, 0.0122195855, 0.012176934, 0.0121282935, 0.012101677, 0.012043879, 0.011981025, 0.011914142, 0.011879643, 0.011808708, 0.011735501, 0.011697932, 0.0116206985, 0.011539731, 0.0114975395, 0.011409181, 0.011315322, 0.011216353, 0.011165406, 0.011061141, 0.010954902, 0.010901268, 0.010793156, 0.0106837535, 0.010571949, 0.010514762, 0.010396827, 0.010273022, 0.01020885, 0.010076126, 0.009938479, 0.009868315, 0.009726355, 0.009583185, 0.0094397655, 0.009368005, 0.009223987, 0.009077853, 0.009003286, 0.008849695, 0.008688683, 0.0085197585, 0.008432322, 0.0082518095, 0.008064294, 0.007967901, 0.0077697686, 0.007563596, 0.007456796, 0.007233899, 0.006995415, 0.0067370585, 0.006599222, 0.006303655, 0.0059775743, 0.005801357, 0.005420916, 0.0050140023, 0.004652506, 0.0045565576, 0.0048724157, 0.006570748, 0, 0, 0
0, 0, 0, 0, 0, 0.0040044924, 0.0039710114, 0.00410405, 0.004506016, 0.0049468842, 0.0053579207, 0.0055474206, 0.005896584, 0.0062122955, 0.0063602556, 0.0066408864, 0.0069062426, 0.0071603525, 0.0072838455, 0.007523741, 0.007753486, 0.007864209, 0.00807692, 0.008278402, 0.008375319, 0.0085628815, 0.008744173, 0.008921254, 0.009008651, 0.009181643, 0.009351481, 0.009434725, 0.009596813, 0.009752242, 0.009900577, 0.009972377, 0.010111717, 0.01024675, 0.010313083, 0.010443846, 0.010572228, 0.010635341, 0.010758567, 0.01087656, 0.010988511, 0.011042098, 0.011145235, 0.011244081, 0.0112922955, 0.0113870995, 0.01148037, 0.011571987, 0.011616935, 0.011704183, 0.011786339, 0.011824967, 0.011897038, 0.011962382, 0.011992779, 0.012049823, 0.0121029345, 0.012153286, 0.012177538, 0.012224171, 0.012268018, 0.012288526, 0.0123259565, 0.012357931, 0.012384102, 0.012395035, 0.012413084, 0.012426387, 0.012431551, 0.01243902, 0.012443039, 0.012443613, 0.012442512, 0.012436966, 0.012426688, 0.012419793, 0.012402479, 0.012381115, 0.012369069, 0.012342561, 0.012312946, 0.012280318, 0.012262875, 0.012225186, 0.012183092, 0.012160165, 0.012109879, 0.012053919, 0.011992764, 0.011960432, 0.011892804, 0.011821703, 0.01178512, 0.011709799, 0.01163165, 0.011591472, 0.011508255, 0.011420675, 0.011328329, 0.011280433, 0.011181113, 0.011077628, 0.011024451, 0.010915707, 0.010804116, 0.010689775, 0.010631447, 0.010511874, 0.010387355, 0.010323137, 0.010190523, 0.010052572, 0.009981919, 0.009837772, 0.00969077, 0.009542349, 0.009467859, 0.009318429, 0.009167688, 0.009091162, 0.008934448, 0.008770875, 0.008598907, 0.00850945, 0.008323499, 0.008128166, 0.008027021, 0.007817884, 0.007599395, 0.0074862884, 0.007250706, 0.0069992295, 0.0067275297, 0.0065824194, 0.0062702144, 0.005922878, 0.005733591, 0.0053191693, 0.004861373, 0.004410185, 0.0042331023, 0.0041389656, 0, 0, 0, 0
0, 0, 0, 0, 0, 0.0046412637, 0.004262877, 0.00429134, 0.0045804232, 0.004975085, 0.005368497, 0.0055547035, 0.0059038536, 0.00622603, 0.0063789603, 0.0066723195, 0.0069530397, 0.0072238776, 0.00735593, 0.0076129925, 0.007859264, 0.007977938, 0.008205846, 0.008421258, 0.008524693, 0.008724244, 0.008916197, 0.009102849, 0.009194711, 0.009375996, 0.009553727, 0.009640887, 0.009811221, 0.009975049, 0.010131941, 0.010207755, 0.010354288, 0.010494517, 0.010562478, 0.010694404, 0.010821276, 0.010882762, 0.01100163, 0.011114609, 0.011221867, 0.011273554, 0.011373457, 0.011469805, 0.011516863, 0.011608717, 0.011697584, 0.011782961, 0.011824112, 0.011902379, 0.0119746765, 0.01200835, 0.012070891, 0.012127804, 0.012154578, 0.012205445, 0.01225332, 0.012298951, 0.0123209115, 0.012362958, 0.012401772, 0.012419705, 0.012452013, 0.012478816, 0.012500199, 0.012508956, 0.012523096, 0.01253316, 0.012536865, 0.0125418315, 0.012544132, 0.012543849, 0.012542559, 0.012537004, 0.012527225, 0.012520497, 0.01250344, 0.012481931, 0.01246965, 0.01244242, 0.012412347, 0.012380104, 0.012363337, 0.01232848, 0.012291112, 0.012271153, 0.0122278705, 0.01217925, 0.012124742, 0.01209518, 0.012031537, 0.011962733, 0.011926655, 0.011851981, 0.011774802, 0.011735572, 0.011655423, 0.011572461, 0.011485526, 0.011440196, 0.011345241, 0.011243998, 0.011190957, 0.011080698, 0.010965756, 0.010847517, 0.010787512, 0.010665536, 0.010540384, 0.010476418, 0.010344749, 0.010207456, 0.010136507, 0.009989804, 0.00983727, 0.009680005, 0.009599995, 0.009437993, 0.009273452, 0.009189991, 0.009019655, 0.008842905, 0.008658297, 0.008562459, 0.008363338, 0.008153737, 0.008045012, 0.007820091, 0.0075854138, 0.0074642515, 0.007212977, 0.0069466718, 0.006660876, 0.0065089283, 0.006183092, 0.0058219708, 0.005625867, 0.005199984, 0.004738776, 0.0043029212, 0.004144914, 0.0041153277, 0, 0, 0, 0
0, 0, 0, 0, 0, 0.0051651755, 0.004312288, 0.004280082, 0.004540452, 0.004938338, 0.0053390227, 0.0055293306, 0.005888204, 0.0062228814, 0.0063830568, 0.0066927206, 0.006990764, 0.007278902, 0.0074194255, 0.007692896, 0.007955323, 0.008082199, 0.008326807, 0.008559762, 0.008672172, 0.008889822, 0.009099056, 0.0093015, 0.009400486, 0.009594181, 0.009782175, 0.009873858, 0.010052432, 0.010224032, 0.010388482, 0.010467984, 0.0106212655, 0.010766895, 0.010836824, 0.010971008, 0.011097912, 0.0111587355, 0.011275353, 0.011385752, 0.011490728, 0.011541519, 0.011640247, 0.011735159, 0.011781062, 0.011869488, 0.011952567, 0.012029666, 0.01206595, 0.012133646, 0.01219526, 0.0122240335, 0.012277995, 0.012328067, 0.012352006, 0.012397962, 0.012441079, 0.012481191, 0.012500012, 0.0125349555, 0.012566008, 0.012580079, 0.012605035, 0.012625882, 0.012643017, 0.012650305, 0.012662599, 0.012671745, 0.012675189, 0.0126796365, 0.012681454, 0.012680822, 0.012679522, 0.012674529, 0.012666061, 0.012660237, 0.012645316, 0.012625882, 0.012614407, 0.012588308, 0.012558367, 0.012525728, 0.012508889, 0.012474226, 0.012438447, 0.01242002, 0.01238127, 0.012338716, 0.012290796, 0.012264499, 0.012206472, 0.012141561, 0.012106854, 0.012033894, 0.011958118, 0.011919475, 0.011841237, 0.011761027, 0.011677506, 0.011634029, 0.011542397, 0.011443282, 0.011390607, 0.011279507, 0.011162296, 0.011040879, 0.010979201, 0.010854398, 0.0107276095, 0.010663166, 0.010530768, 0.010392223, 0.010320042, 0.010168762, 0.010008213, 0.009839021, 0.009751618, 0.009572303, 0.009388097, 0.009294212, 0.009102545, 0.008904889, 0.008699997, 0.008594291, 0.0083756205, 0.008146589, 0.008028269, 0.007784007, 0.0075303004, 0.007399836, 0.007130812, 0.006848275, 0.0065484564, 0.0063903113, 0.0060539646, 0.0056853015, 0.0054873656, 0.0050656656, 0.0046352786, 0.004301035, 0.004246685, 0.00457602, 0, 0, 0, 0
0, 0, 0, 0, 0, 0.0040377034, 0.0039381557, 0.0040315776, 0.0044018105, 0.00484418, 0.005268665, 0.0054682074, 0.0058445744, 0.006197706, 0.0063678073, 0.006697735, 0.0070158276, 0.0073231785, 0.0074727414, 0.007763665, 0.00804352, 0.0081793945, 0.008443124, 0.008697008, 0.008820468, 0.009060812, 0.009292185, 0.009514519, 0.0096222535, 0.009830594, 0.010029469, 0.010125374, 0.010310467, 0.010487098, 0.010655965, 0.01073748, 0.010894787, 0.011043891, 0.011115195, 0.011251223, 0.011378619, 0.011439283, 0.011554933, 0.011664092, 0.011768018, 0.011818319, 0.01191581, 0.012008741, 0.012053095, 0.012136889, 0.012213256, 0.012281784, 0.012313276, 0.012371398, 0.012424227, 0.012449229, 0.012497082, 0.012542728, 0.0125647355, 0.012606775, 0.012645079, 0.012678609, 0.012693373, 0.012719047, 0.012740328, 0.012749658, 0.0127663575, 0.012781299, 0.012795232, 0.012801827, 0.012813875, 0.012823543, 0.012827229, 0.012831486, 0.012832171, 0.012829838, 0.012827736, 0.012822121, 0.012814555, 0.012809909, 0.012798668, 0.012783688, 0.012774611, 0.0127524715, 0.012725197, 0.01269373, 0.012676796, 0.012641663, 0.012605771, 0.012587662, 0.012551012, 0.012512585, 0.012470546, 0.0124475565, 0.012396559, 0.0123382015, 0.012306296, 0.012238187, 0.01216581, 0.012128572, 0.012052373, 0.0119739575, 0.011892385, 0.011849922, 0.01176042, 0.011663288, 0.01161153, 0.011501241, 0.011383383, 0.011259861, 0.011196587, 0.011067991, 0.010936662, 0.010869629, 0.010731845, 0.01058713, 0.010511371, 0.0103517845, 0.010180671, 0.0099981595, 0.0099030305, 0.009706264, 0.009502061, 0.009397507, 0.009183692, 0.008963247, 0.008735633, 0.008618635, 0.008377735, 0.008126724, 0.0079974765, 0.0077315303, 0.0074562663, 0.0073152115, 0.007025514, 0.006724397, 0.006408367, 0.0062433807, 0.0058960365, 0.005519704, 0.005318895, 0.004893619, 0.0044671143, 0.004174527, 0.0041889646, 0.0050029936, 0, 0, 0, 0
0, 0, 0, 0, 0, 0.0040977215, 0.0039153253, 0.003980264, 0.0043179807, 0.004751796, 0.005182155, 0.005388111, 0.0057819397, 0.00615687, 0.0063387393, 0.0066927457, 0.007034591, 0.007364067, 0.007524145, 0.007834922, 0.0081337495, 0.0082791755, 0.008562717, 0.0088375, 0.0089717535, 0.009233675, 0.009485788, 0.009726398, 0.009841993, 0.010063062, 0.010270649, 0.010369679, 0.01055891, 0.010737884, 0.010908184, 0.010990415, 0.011148995, 0.011299306, 0.011371078, 0.011507595, 0.011634745, 0.011694994, 0.011809449, 0.01191708, 0.0120191565, 0.012068459, 0.012163333, 0.012252715, 0.012294966, 0.0123735415, 0.012443586, 0.012505195, 0.012533294, 0.012584945, 0.012632602, 0.01265542, 0.01270003, 0.012743181, 0.012763959, 0.012802834, 0.01283652, 0.012863358, 0.012874076, 0.012891107, 0.0129035665, 0.012908864, 0.012919042, 0.012929892, 0.012942057, 0.012948555, 0.01296111, 0.012971103, 0.012974577, 0.012977576, 0.01297561, 0.012969603, 0.012965789, 0.012957587, 0.012949475, 0.012945574, 0.012937616, 0.012928201, 0.012922214, 0.012906443, 0.012884688, 0.012856943, 0.012841232, 0.01280734, 0.012771985, 0.01275414, 0.012718575, 0.012682783, 0.01264541, 0.012625511, 0.012581634, 0.012531199, 0.012503257, 0.012442363, 0.012375702, 0.012340597, 0.012267469, 0.012190794, 0.012110244, 0.0120682325, 0.011979909, 0.01188442, 0.011833543, 0.011725244, 0.01160825, 0.0114835305, 0.011418866, 0.011285507, 0.011146836, 0.011075292, 0.0109274695, 0.010771703, 0.010690263, 0.010519175, 0.01033634, 0.010141682, 0.010040221, 0.009829878, 0.009610458, 0.00949762, 0.00926607, 0.009026486, 0.008778507, 0.008650992, 0.00838867, 0.008115807, 0.007975429, 0.0076869535, 0.0073886607, 0.007235991, 0.0069233333, 0.0066004624, 0.006265331, 0.0060921772, 0.005732056, 0.005347493, 0.0051435707, 0.0047105644, 0.0042609507, 0.0038844657, 0.0037874377, 0.0038787352, 0, 0, 0, 0
0, 0, 0, 0, 0, 0.005809322, 0.004297645, 0.004061464, 0.004150013, 0.004534759, 0.004985307, 0.005211968, 0.0056560365, 0.0060856505, 0.0062949923, 0.00670268, 0.0070945728, 0.0074694976, 0.0076503213, 0.007998451, 0.008329622, 0.008489283, 0.008798277, 0.009094903, 0.009238815, 0.0095179165, 0.009784048, 0.010035977, 0.010156136, 0.01038459, 0.010597739, 0.010698848, 0.010891584, 0.011073153, 0.01124526, 0.011328075, 0.011487216, 0.011637099, 0.01170826, 0.011842396, 0.011965913, 0.0120238345, 0.012132766, 0.0122337965, 0.012328186, 0.0123731615, 0.01245885, 0.012538604, 0.012576152, 0.01264588, 0.012708432, 0.012764213, 0.012789918, 0.012837906, 0.012882503, 0.0129038105, 0.012944818, 0.012983223, 0.0130010685, 0.0130334785, 0.013060101, 0.013080418, 0.013088387, 0.013100773, 0.013110386, 0.013115053, 0.013124853, 0.013136365, 0.013149077, 0.013155531, 0.013167064, 0.013174897, 0.013176846, 0.01317653, 0.01317078, 0.013161371, 0.01315599, 0.013145252, 0.013136051, 0.0131323505, 0.013126736, 0.013122333, 0.013119996, 0.013113424, 0.013102666, 0.013086513, 0.013076538, 0.013052938, 0.013025478, 0.013010744, 0.012980057, 0.01294818, 0.012915189, 0.012898026, 0.012861278, 0.0128201675, 0.012797625, 0.012747446, 0.012690678, 0.012659709, 0.012592936, 0.012519784, 0.012440834, 0.012399215, 0.012311723, 0.012218049, 0.012168565, 0.012063712, 0.011950352, 0.011827632, 0.011762486, 0.011624478, 0.0114758415, 0.011397543, 0.011233136, 0.011058794, 0.010967905, 0.010779082, 0.010580627, 0.010372727, 0.010265132, 0.010042406, 0.009808963, 0.00968795, 0.009436821, 0.009172967, 0.008896296, 0.008753062, 0.008456943, 0.008148111, 0.007989011, 0.0076616397, 0.0073225745, 0.0071487157, 0.006792654, 0.006425855, 0.0060487716, 0.0058565005, 0.0054642707, 0.0050615, 0.004856768, 0.004449038, 0.0040886775, 0.0039309775, 0.0040207542, 0.0045794416, 0, 0, 0, 0
0, 0, 0, 0, 0, 0, 0.0036035464, 0.003615655, 0.0039180145, 0.004398364, 0.0049087573, 0.005158368, 0.0056391875, 0.006096614, 0.0063173836, 0.006744015, 0.007150808, 0.0075375387, 0.007723287, 0.008079429, 0.008415758, 0.008576987, 0.008886587, 0.0091806, 0.00932223, 0.009594914, 0.009853725, 0.010098335, 0.010215398, 0.0104390755, 0.0106497025, 0.010750416, 0.010943313, 0.011125672, 0.01129826, 0.011380897, 0.011538878, 0.0116866045, 0.0117563475, 0.011887504, 0.012007937, 0.012064316, 0.01217025, 0.012268217, 0.012359185, 0.012402329, 0.012484068, 0.012559933, 0.012595668, 0.012662609, 0.012723429, 0.01277857, 0.012804115, 0.012851869, 0.012895507, 0.012915949, 0.012954049, 0.012988654, 0.013004515, 0.013033443, 0.013058392, 0.01307959, 0.013088998, 0.013106038, 0.013121391, 0.013128833, 0.0131432535, 0.013157038, 0.013169708, 0.013175458, 0.013184733, 0.013190842, 0.013192597, 0.013193554, 0.013191623, 0.013187536, 0.013185124, 0.013179555, 0.013173889, 0.013171115, 0.013165563, 0.013159913, 0.013156825, 0.013149413, 0.013139708, 0.013126985, 0.013119388, 0.013101621, 0.013080168, 0.013068077, 0.013041254, 0.013011273, 0.012978169, 0.012960356, 0.0129223345, 0.01288037, 0.012857702, 0.012808426, 0.012753445, 0.012723708, 0.012659334, 0.012588191, 0.01251062, 0.012469403, 0.0123822605, 0.012288796, 0.012239594, 0.012135994, 0.0120246615, 0.0119048795, 0.011841372, 0.011706382, 0.011560466, 0.011483156, 0.011320356, 0.011146886, 0.011056344, 0.010867808, 0.010669523, 0.010461353, 0.010353428, 0.010129363, 0.00989311, 0.009770152, 0.009513743, 0.009243083, 0.008958203, 0.008810451, 0.008504655, 0.008185249, 0.008020601, 0.007681542, 0.0073297243, 0.0071489667, 0.0067780656, 0.0063943975, 0.0059980927, 0.0057952744, 0.005380204, 0.0049527576, 0.004735543, 0.004306307, 0.0039440696, 0.003868658, 0.0041005714, 0.0055686655, 0, 0, 0, 0
0, 0, 0, 0, 0, 0, 0.0034400655, 0.0034742367, 0.0038376094, 0.004374596, 0.004928548, 0.005194777, 0.0056996443, 0.0061707017, 0.0063952305, 0.006824923, 0.0072308094, 0.007614345, 0.007798136, 0.008149973, 0.008481515, 0.008639945, 0.008942801, 0.009228008, 0.009364568, 0.009625874, 0.009872791, 0.01010641, 0.010218662, 0.010434626, 0.010640147, 0.010739132, 0.010929513, 0.011109569, 0.011278808, 0.011359344, 0.011512121, 0.011653802, 0.011720612, 0.011846562, 0.011963066, 0.012018008, 0.012121945, 0.012218624, 0.01230829, 0.01235055, 0.012430148, 0.012503618, 0.012538159, 0.012603113, 0.012662871, 0.012717714, 0.012743419, 0.012791311, 0.012834529, 0.012854249, 0.012890153, 0.012921655, 0.01293594, 0.01296241, 0.012986943, 0.013010547, 0.013022109, 0.013044824, 0.01306662, 0.013076911, 0.013095635, 0.0131109385, 0.013122572, 0.013127045, 0.013133824, 0.013138825, 0.013141016, 0.0131454095, 0.013150266, 0.013155253, 0.013157501, 0.0131607065, 0.013161134, 0.013160045, 0.013155181, 0.01314731, 0.013142435, 0.013131669, 0.01311994, 0.013107887, 0.013101442, 0.013087792, 0.0130713815, 0.013061764, 0.013038809, 0.0130106155, 0.012977153, 0.012958489, 0.01291818, 0.012873989, 0.012850485, 0.012800937, 0.012747272, 0.012718586, 0.012656874, 0.0125885615, 0.012513175, 0.012472802, 0.01238685, 0.012294119, 0.012245237, 0.012142451, 0.01203293, 0.011916107, 0.011854616, 0.011724645, 0.011584784, 0.011510974, 0.011355464, 0.011189258, 0.011102234, 0.010920137, 0.010726856, 0.010522216, 0.010415438, 0.010192453, 0.009956158, 0.009832671, 0.009575132, 0.009303304, 0.009017188, 0.008868957, 0.008561863, 0.008240696, 0.008074792, 0.0077322745, 0.007375559, 0.0071916864, 0.0068125487, 0.0064179096, 0.0060065715, 0.0057942537, 0.005354966, 0.0048941486, 0.004655693, 0.004170148, 0.0037167764, 0.0034357803, 0.003427875, 0, 0, 0, 0, 0
0, 0, 0, 0, 0, 0, 0.0036479079, 0.0036545936, 0.003990968, 0.0045263185, 0.005084416, 0.0053515118, 0.005853539, 0.006315291, 0.0065330467, 0.006946251, 0.007333531, 0.007698554, 0.007873572, 0.008209413, 0.008527014, 0.008678994, 0.008969635, 0.009242555, 0.009372682, 0.009620826, 0.009854569, 0.010075917, 0.010182476, 0.010388556, 0.010585929, 0.010681251, 0.01086455, 0.011037033, 0.0111975875, 0.011273319, 0.01141596, 0.0115478495, 0.011610208, 0.011728922, 0.0118409125, 0.011894663, 0.011997863, 0.012095085, 0.012185555, 0.01222803, 0.01230733, 0.012379594, 0.012413385, 0.012476993, 0.012536038, 0.012591356, 0.012617642, 0.012667127, 0.01271204, 0.012732418, 0.012769106, 0.012800623, 0.012814914, 0.012841397, 0.012866909, 0.012892919, 0.0129062, 0.012933247, 0.012959445, 0.012971682, 0.012992954, 0.013009067, 0.01301963, 0.013023335, 0.01302885, 0.01303384, 0.013036903, 0.013044973, 0.013055932, 0.013068689, 0.013075021, 0.013085809, 0.013091699, 0.013092255, 0.013088611, 0.013079236, 0.013073035, 0.013059184, 0.013045189, 0.013032178, 0.013026077, 0.013014087, 0.013000476, 0.012992273, 0.012972021, 0.0129454285, 0.012912289, 0.012893512, 0.01285225, 0.012807095, 0.0127835525, 0.012734527, 0.012682658, 0.01265532, 0.0125967655, 0.012531967, 0.01245986, 0.012420971, 0.012337532, 0.012246594, 0.012198422, 0.012096938, 0.01198882, 0.011873968, 0.011813925, 0.011688195, 0.011554464, 0.011484457, 0.011337631, 0.011181207, 0.011099015, 0.010926262, 0.010741328, 0.010543605, 0.010439783, 0.010222052, 0.009990848, 0.009870156, 0.0096189305, 0.009354796, 0.009077824, 0.008934499, 0.0086374525, 0.008325608, 0.008163754, 0.007827993, 0.007475413, 0.00729265, 0.006913575, 0.006515613, 0.0060968203, 0.0058787637, 0.0054226033, 0.004935694, 0.004679972, 0.0041511413, 0.003643207, 0.0033037108, 0.003274365, 0, 0, 0, 0, 0
0, 0, 0, 0, 0, 0, 0.004066578, 0.00403953, 0.00431955, 0.0048157973, 0.0053434297, 0.005596542, 0.006070577, 0.0065033897, 0.006706214, 0.007088715, 0.007445789, 0.0077825333, 0.007944573, 0.008257127, 0.008554873, 0.008698126, 0.008972539, 0.009230465, 0.0093531, 0.00958663, 0.009805862, 0.010013332, 0.010113341, 0.010307073, 0.010492812, 0.010582534, 0.010754732, 0.0109156165, 0.011064239, 0.011133865, 0.011264554, 0.011385663, 0.0114434445, 0.011555237, 0.0116634015, 0.011716416, 0.011819895, 0.011918821, 0.012011204, 0.012054422, 0.012134495, 0.012206443, 0.01223979, 0.012302665, 0.012361804, 0.012418606, 0.012446153, 0.012499486, 0.012549094, 0.012572065, 0.012613583, 0.012649549, 0.0126657, 0.012695352, 0.012723284, 0.012751213, 0.012765376, 0.012794293, 0.012822286, 0.012835402, 0.012858401, 0.012875822, 0.012887799, 0.012892074, 0.012898888, 0.012905416, 0.0129092755, 0.01291937, 0.012932509, 0.01294757, 0.012954945, 0.0129675465, 0.012975045, 0.012976299, 0.012973464, 0.012964476, 0.012958348, 0.0129444115, 0.012930124, 0.012916713, 0.012910439, 0.01289795, 0.012883918, 0.012875679, 0.012855561, 0.012829387, 0.012797158, 0.012778999, 0.012739043, 0.012695466, 0.012672717, 0.012625223, 0.012575178, 0.012548794, 0.012492539, 0.012430577, 0.012361743, 0.012324598, 0.012244761, 0.012157177, 0.012110559, 0.012011562, 0.011905332, 0.011792137, 0.011733029, 0.011609727, 0.011480073, 0.011412683, 0.011272667, 0.011124589, 0.0110471295, 0.010884123, 0.010709299, 0.010521818, 0.010423177, 0.010216316, 0.0099971285, 0.0098831635, 0.009646978, 0.009400353, 0.009142922, 0.009009713, 0.008733175, 0.008440962, 0.008288295, 0.007969166, 0.0076304185, 0.0074535706, 0.0070843315, 0.0066934903, 0.0062790234, 0.0060617854, 0.005603833, 0.0051093386, 0.004847607, 0.0043039187, 0.0037865157, 0.0034622618, 0.00345443, 0, 0, 0, 0, 0
0, 0, 0, 0, 0, 0, 0.0046584, 0.004555713, 0.004711379, 0.005129503, 0.0056058615, 0.0058384533, 0.0062763435, 0.0066756834, 0.006862144, 0.007212707, 0.0075393505, 0.007847982, 0.007996873, 0.008285364, 0.008561712, 0.00869501, 0.008950915, 0.0091911685, 0.009305229, 0.0095218755, 0.009724791, 0.009916662, 0.010009284, 0.010188974, 0.010361763, 0.010445302, 0.010605701, 0.010755712, 0.010894212, 0.010959058, 0.011081237, 0.011195431, 0.011250498, 0.011358498, 0.011465068, 0.011518, 0.011622456, 0.011723179, 0.011817509, 0.011861551, 0.01194284, 0.012015426, 0.012049024, 0.012112254, 0.012172465, 0.012231837, 0.01226136, 0.012319771, 0.012375881, 0.012402418, 0.012451409, 0.012494448, 0.012513718, 0.012548593, 0.012579977, 0.012609702, 0.012624327, 0.012653254, 0.012681519, 0.01269496, 0.012719593, 0.012740237, 0.012756416, 0.012763046, 0.012774171, 0.012783875, 0.01278867, 0.012798744, 0.012809659, 0.012820583, 0.012825661, 0.012833895, 0.012838255, 0.012838733, 0.012836148, 0.0128291845, 0.012824672, 0.012813815, 0.012801863, 0.012788956, 0.012782199, 0.0127672, 0.012749641, 0.012739497, 0.012716068, 0.012688267, 0.012656146, 0.012638595, 0.012600778, 0.01255949, 0.012537583, 0.012491197, 0.012441107, 0.012414549, 0.012357688, 0.012295797, 0.01222835, 0.012192455, 0.01211597, 0.012032779, 0.011988415, 0.011893862, 0.011791352, 0.011681113, 0.01162314, 0.011502251, 0.01137522, 0.011309558, 0.011173946, 0.011032124, 0.010958501, 0.010804828, 0.01064118, 0.010466348, 0.010374685, 0.010183087, 0.0099811265, 0.009876539, 0.009661032, 0.0094371075, 0.009204148, 0.009083633, 0.008832677, 0.008565861, 0.008425566, 0.008130184, 0.007813733, 0.007647447, 0.0072985026, 0.0069271624, 0.0065315207, 0.006323309, 0.0058819037, 0.005400894, 0.0051442394, 0.0046075173, 0.0040963665, 0.0037893953, 0.0037974524, 0, 0, 0, 0, 0
0, 0, 0, 0, 0, 0, 0.0053973114, 0.0050889077, 0.0049926597, 0.0053123445, 0.005749767, 0.005970352, 0.006388138, 0.006767872, 0.0069443183, 0.0072747855, 0.007581378, 0.007870361, 0.008009516, 0.008278975, 0.008536472, 0.008660532, 0.008897996, 0.009120197, 0.009225494, 0.0094251605, 0.009612139, 0.009789465, 0.0098753795, 0.010043016, 0.010205539, 0.010284616, 0.010437578, 0.010582044, 0.010716857, 0.0107805, 0.010901363, 0.011015392, 0.011070699, 0.011179504, 0.011287259, 0.011340886, 0.011446568, 0.011548638, 0.011644388, 0.011689284, 0.01177245, 0.011847141, 0.011881871, 0.011947549, 0.012010604, 0.012073225, 0.012104647, 0.012167516, 0.012228904, 0.01225844, 0.012313837, 0.012363287, 0.012385602, 0.0124256825, 0.012460771, 0.012492139, 0.012507012, 0.012535781, 0.012563803, 0.012577387, 0.012603767, 0.012628127, 0.012649849, 0.0126595525, 0.012676513, 0.012690272, 0.012696003, 0.012705327, 0.012712084, 0.012716287, 0.012717504, 0.012718284, 0.012717299, 0.012716179, 0.012712896, 0.012708347, 0.012705598, 0.0126987435, 0.01268937, 0.012676599, 0.012668734, 0.012649645, 0.012626143, 0.012612817, 0.0125835445, 0.012551478, 0.01251741, 0.012499556, 0.01246223, 0.01242154, 0.012399611, 0.012352005, 0.012299102, 0.012270618, 0.01220973, 0.012144283, 0.012075074, 0.012039133, 0.011964318, 0.011884862, 0.011842963, 0.011753958, 0.01165709, 0.01155187, 0.011496181, 0.011379078, 0.011255384, 0.01119141, 0.011059725, 0.01092334, 0.010853202, 0.010708052, 0.010555344, 0.010393659, 0.010309276, 0.010133531, 0.009948867, 0.009853604, 0.00965734, 0.009453989, 0.009242627, 0.009133233, 0.008905455, 0.00866293, 0.008535155, 0.008265516, 0.007975931, 0.007823473, 0.007503067, 0.007161552, 0.006796992, 0.006604602, 0.0061953897, 0.0057460284, 0.005504419, 0.0049954914, 0.004510408, 0.0042373217, 0.004268767, 0, 0, 0, 0, 0
0, 0, 0, 0, 0, 0, 0.005947604, 0.0052643917, 0.0049479026, 0.005255766, 0.005712337, 0.005941135, 0.0063684448, 0.006749909, 0.006925355, 0.0072513483, 0.007551366, 0.007831953, 0.0079663275, 0.00822471, 0.008469634, 0.008586981, 0.008810835, 0.009019754, 0.009118709, 0.0093067875, 0.009483949, 0.009653255, 0.009735915, 0.009898297, 0.01005741, 0.010135518, 0.010287979, 0.010433993, 0.01057227, 0.010638275, 0.01076454, 0.010884272, 0.010942335, 0.011055856, 0.011167006, 0.011221725, 0.011328884, 0.011431908, 0.01152893, 0.01157489, 0.011661056, 0.011739928, 0.011777081, 0.011847742, 0.011915447, 0.011981908, 0.012014906, 0.0120801795, 0.012143617, 0.012174165, 0.012232061, 0.0122845555, 0.012308587, 0.0123521155, 0.012390064, 0.012423444, 0.012438817, 0.012467947, 0.012495737, 0.012509365, 0.012536205, 0.012562457, 0.012587397, 0.012599031, 0.012619884, 0.012636634, 0.012643147, 0.012652123, 0.012655953, 0.012655294, 0.012653656, 0.012648845, 0.0126431845, 0.01264044, 0.012635639, 0.012631419, 0.0126292305, 0.012623315, 0.012613633, 0.012598613, 0.012588877, 0.012564644, 0.012534653, 0.01251795, 0.012482283, 0.012444912, 0.012406764, 0.012387431, 0.012347327, 0.01230419, 0.012280819, 0.012229506, 0.012171722, 0.012140385, 0.012073648, 0.012002563, 0.011929088, 0.01189179, 0.011815893, 0.0117377, 0.0116972625, 0.011612413, 0.011520817, 0.011421232, 0.011368263, 0.011256304, 0.011137222, 0.011075409, 0.0109483395, 0.010817044, 0.010749882, 0.010611847, 0.010467905, 0.01031656, 0.010237867, 0.010074119, 0.009901946, 0.009812827, 0.009629053, 0.009438239, 0.009239796, 0.00913727, 0.0089244535, 0.008699274, 0.0085814, 0.00833392, 0.008069924, 0.007931373, 0.0076407488, 0.0073313243, 0.0070006424, 0.0068258126, 0.006452853, 0.006041869, 0.005821022, 0.005360613, 0.0049467618, 0.0047910037, 0.004897117, 0, 0, 0, 0, 0
0, 0, 0, 0, 0, 0, 0.004585877, 0.0044857664, 0.00460092, 0.005042012, 0.005555616, 0.005800956, 0.0062485645, 0.0066405796, 0.0068193423, 0.007149582, 0.0074516637, 0.007732524, 0.007866384, 0.008122188, 0.00836336, 0.008478609, 0.008698404, 0.008904471, 0.009002698, 0.009190795, 0.009369921, 0.009542754, 0.009627454, 0.009794523, 0.009958505, 0.010039246, 0.010197293, 0.010349868, 0.0104957335, 0.010565948, 0.010700825, 0.010829057, 0.010890968, 0.011010946, 0.011126634, 0.011182918, 0.0112921065, 0.011396586, 0.011495677, 0.011543105, 0.01163364, 0.011718552, 0.011759082, 0.011836777, 0.011910556, 0.011981173, 0.0120153865, 0.012081367, 0.012143974, 0.0121738305, 0.012230384, 0.012282348, 0.012306516, 0.012351188, 0.012391181, 0.012426809, 0.0124431765, 0.012473524, 0.012501471, 0.01251466, 0.012540028, 0.01256429, 0.012587394, 0.012598324, 0.012618048, 0.012634123, 0.01264047, 0.012648949, 0.012652147, 0.01265057, 0.012648303, 0.0126418555, 0.012634052, 0.012630061, 0.012622374, 0.012614604, 0.012610335, 0.01259986, 0.0125851985, 0.012564875, 0.012552484, 0.012523017, 0.012488099, 0.012468984, 0.012428703, 0.012386786, 0.012343838, 0.012322008, 0.012276801, 0.012228208, 0.012202251, 0.012145766, 0.012083037, 0.012049286, 0.011977773, 0.011902007, 0.011823996, 0.011784585, 0.011705109, 0.011624347, 0.01158322, 0.011498091, 0.011407952, 0.01131115, 0.011259919, 0.0111519545, 0.011036963, 0.010977129, 0.010853673, 0.010725886, 0.01066038, 0.010525776, 0.010385968, 0.010239495, 0.010163493, 0.010005316, 0.009838557, 0.009752002, 0.009572826, 0.009385708, 0.0091908295, 0.009090438, 0.008883087, 0.008666016, 0.008553503, 0.00831989, 0.008073304, 0.007944671, 0.0076757045, 0.007389177, 0.007081651, 0.006918421, 0.0065682875, 0.0061815833, 0.005975129, 0.005559172, 0.0052508875, 0.0053607705, 0.0056832065, 0, 0, 0, 0, 0
0, 0, 0, 0, 0, 0, 0.004606755, 0.00445772, 0.0044999444, 0.004902846, 0.005401342, 0.0056435573, 0.0060890387, 0.006482117, 0.006662059, 0.0069958493, 0.007302529, 0.0075885123, 0.00772499, 0.007986382, 0.008233764, 0.008352484, 0.0085805785, 0.008797082, 0.008901424, 0.009103408, 0.009297723, 0.009485868, 0.009578006, 0.00975859, 0.00993421, 0.010020019, 0.010187315, 0.010348206, 0.010502436, 0.010576934, 0.010720518, 0.010857273, 0.010923273, 0.011050408, 0.011171822, 0.011230372, 0.011343234, 0.011450747, 0.01155342, 0.011603002, 0.011698803, 0.011790296, 0.011834387, 0.011919299, 0.011999476, 0.0120743215, 0.0121097015, 0.012176278, 0.012237415, 0.012266066, 0.012320007, 0.012369991, 0.012393509, 0.012438144, 0.012479292, 0.01251706, 0.012534606, 0.012566835, 0.012595053, 0.012607603, 0.012630015, 0.0126493145, 0.0126658995, 0.012673395, 0.012686594, 0.012697242, 0.012701626, 0.012708028, 0.012711306, 0.012711051, 0.012709572, 0.012704115, 0.012695498, 0.012690159, 0.012677477, 0.012661961, 0.012653163, 0.012633079, 0.012609374, 0.012581722, 0.0125664575, 0.012532931, 0.0124955615, 0.012475698, 0.012433502, 0.012388584, 0.012340985, 0.012316134, 0.012264172, 0.012208668, 0.012179444, 0.012117801, 0.012051561, 0.012016591, 0.011943331, 0.011865864, 0.0117849745, 0.0117435325, 0.01165882, 0.011571849, 0.011527406, 0.01143627, 0.0113413995, 0.011241944, 0.011190124, 0.011082062, 0.010967844, 0.0109084, 0.010785215, 0.010656519, 0.010590163, 0.010453487, 0.0103112785, 0.010162997, 0.010086305, 0.0099275205, 0.009760347, 0.009673526, 0.009493296, 0.00930421, 0.0091067655, 0.009005085, 0.00879572, 0.0085782735, 0.008466317, 0.008235456, 0.007993455, 0.007867566, 0.00760433, 0.0073224055, 0.007017425, 0.006854266, 0.0065021357, 0.006110411, 0.0059007383, 0.0054827947, 0.0052116555, 0.005571882, 0.0062884563, 0, 0, 0, 0, 0
0, 0, 0, 0, 0, 0, 0.0053651743, 0.005007985, 0.004652539, 0.0048577427, 0.005273338, 0.005494228, 0.0059161154, 0.00629964, 0.006478111, 0.006813663, 0.00712673, 0.0074227033, 0.0075651607, 0.007840523, 0.008103991, 0.008231646, 0.0084792385, 0.008717408, 0.0088332845, 0.009059154, 0.00927748, 0.009488448, 0.009591102, 0.0097904485, 0.009981497, 0.010073875, 0.010252248, 0.0104225725, 0.010585334, 0.010664028, 0.010816205, 0.010961829, 0.011032138, 0.011167908, 0.011297035, 0.011359123, 0.011478505, 0.011591854, 0.0116999, 0.011752149, 0.011853271, 0.011950156, 0.0119969295, 0.012087067, 0.012171982, 0.012250572, 0.01228737, 0.012355598, 0.01241704, 0.012445425, 0.01249825, 0.012546902, 0.012569856, 0.012613775, 0.012655069, 0.012693667, 0.012711777, 0.012745182, 0.012773646, 0.0127857, 0.01280547, 0.0128195565, 0.012828776, 0.012831952, 0.012836178, 0.012838642, 0.012839583, 0.012841183, 0.012842266, 0.012841981, 0.012840801, 0.012835446, 0.012824896, 0.012817338, 0.012797621, 0.012772231, 0.0127577325, 0.012726047, 0.012692124, 0.012657212, 0.012639521, 0.0126034655, 0.012565799, 0.01254602, 0.012503338, 0.012456049, 0.012403584, 0.012375352, 0.012315605, 0.012252239, 0.012219595, 0.012152909, 0.0120843705, 0.012049252, 0.011976583, 0.011899606, 0.011817408, 0.011774148, 0.011683496, 0.011587785, 0.011538355, 0.011436794, 0.011332263, 0.011224999, 0.011170118, 0.011057311, 0.0109390905, 0.010877653, 0.010749638, 0.010614564, 0.010544476, 0.010399616, 0.010248875, 0.010092919, 0.01001287, 0.009848282, 0.009676507, 0.009587426, 0.009402602, 0.009208382, 0.009004838, 0.008899682, 0.0086831115, 0.008458016, 0.008342085, 0.00810307, 0.0078521855, 0.007721341, 0.0074464437, 0.00715007, 0.0068270606, 0.0066535925, 0.006278441, 0.0058610532, 0.0056378376, 0.005187286, 0.004840485, 0.004840917, 0.004982484, 0, 0, 0, 0, 0
0, 0, 0, 0, 0, 0, 0.006607901, 0.0055855177, 0.0046751476, 0.0047337357, 0.0050981, 0.0053053554, 0.0057119573, 0.00609143, 0.0062711616, 0.0066148574, 0.006942151, 0.0072567156, 0.0074097784, 0.007708119, 0.007996396, 0.008136958, 0.00841132, 0.008676778, 0.008806307, 0.009059154, 0.009303226, 0.009538025, 0.009651723, 0.009871048, 0.010079416, 0.010179326, 0.0103714075, 0.010553596, 0.010727337, 0.010811327, 0.010974112, 0.011130554, 0.01120637, 0.011353111, 0.011492993, 0.011560247, 0.011689289, 0.011811075, 0.011925975, 0.011981053, 0.012086659, 0.012186636, 0.01223461, 0.012326779, 0.012413703, 0.012494668, 0.012532707, 0.012603693, 0.0126677, 0.0126970755, 0.012751224, 0.012799897, 0.012822536, 0.012864847, 0.012904029, 0.012940672, 0.012957991, 0.012990166, 0.013017921, 0.013029741, 0.013048497, 0.0130601935, 0.013065195, 0.013065545, 0.013062747, 0.013057559, 0.0130547285, 0.01304946, 0.013045109, 0.013040576, 0.013037646, 0.013028718, 0.013013649, 0.013003253, 0.012976264, 0.012941824, 0.012922456, 0.012881157, 0.012839019, 0.012798476, 0.012778998, 0.012741117, 0.012703071, 0.012682986, 0.012639141, 0.012588376, 0.012529902, 0.012497885, 0.012429566, 0.0123578925, 0.012321683, 0.012249534, 0.012178311, 0.012142619, 0.012069829, 0.011992694, 0.011908569, 0.011863275, 0.01176632, 0.01166134, 0.011606513, 0.011493766, 0.011378427, 0.011261569, 0.011202428, 0.011081637, 0.010955702, 0.010890162, 0.010752954, 0.010607257, 0.010531263, 0.010373889, 0.010210669, 0.010043031, 0.009957577, 0.009783113, 0.009602531, 0.009509296, 0.009316033, 0.009112514, 0.008898541, 0.008787656, 0.008558303, 0.00831882, 0.008195167, 0.007939098, 0.0076691876, 0.0075279176, 0.0072301175, 0.0069078617, 0.006556288, 0.006367731, 0.0059620487, 0.0055177025, 0.005286052, 0.0048461217, 0.0045986422, 0.0048751747, 0.005195037, 0, 0, 0, 0, 0
0, 0, 0, 0, 0, 0, 0, 0.0044833296, 0.0042924257, 0.004465801, 0.0048421393, 0.005050431, 0.0054628025, 0.0058556935, 0.0060450016, 0.0064120954, 0.0067671677, 0.0071119717, 0.0072806585, 0.007610452, 0.007929627, 0.008085213, 0.00838831, 0.008680865, 0.008823186, 0.009099968, 0.009366235, 0.009621614, 0.009745091, 0.009983386, 0.010209722, 0.010318508, 0.0105273845, 0.010725742, 0.010914652, 0.011005969, 0.011182771, 0.011352695, 0.011435092, 0.011594741, 0.011747027, 0.011820291, 0.011960432, 0.012091671, 0.012213901, 0.012271693, 0.012380882, 0.012482231, 0.012530255, 0.012621853, 0.012708222, 0.0127896955, 0.012828562, 0.012902091, 0.012969244, 0.01300031, 0.013056973, 0.013106367, 0.013128513, 0.013168071, 0.013202832, 0.013234035, 0.013248606, 0.013276329, 0.013301415, 0.013312587, 0.013331354, 0.013343798, 0.0133490125, 0.01334885, 0.013343757, 0.013333953, 0.013328099, 0.013315637, 0.013303356, 0.013291015, 0.0132843265, 0.013268559, 0.0132476175, 0.01323444, 0.013202283, 0.013162712, 0.013140809, 0.013094671, 0.013048014, 0.01300349, 0.012982382, 0.0129414955, 0.012900486, 0.012878844, 0.012831157, 0.012775217, 0.0127101345, 0.012674325, 0.012598353, 0.012519112, 0.012479485, 0.012401353, 0.012325362, 0.012287688, 0.012211052, 0.012129935, 0.012040974, 0.011992968, 0.011889106, 0.011776101, 0.011717049, 0.011595552, 0.011471638, 0.011346442, 0.011283104, 0.0111538, 0.01101849, 0.010947809, 0.010799326, 0.010641135, 0.010558451, 0.010387266, 0.010209994, 0.010028455, 0.009936226, 0.009748367, 0.009554401, 0.009454412, 0.009246815, 0.009027948, 0.0087970095, 0.008677047, 0.008428126, 0.008167802, 0.00803324, 0.0077546663, 0.007461177, 0.0073075723, 0.0069846357, 0.0066365832, 0.006259029, 0.0060574934, 0.0056261863, 0.0051585473, 0.0049178493, 0.004480514, 0.0043360963, 0.005144111, 0.0061331172, 0, 0, 0, 0, 0
0, 0, 0, 0, 0, 0, 0, 0.0047247442, 0.004218832, 0.0042244797, 0.004554457, 0.004762025, 0.005193818, 0.0056198365, 0.0058279857, 0.006235064, 0.0066306237, 0.0070145507, 0.0072019096, 0.007566684, 0.0079175765, 0.00808767, 0.008417182, 0.008732697, 0.008885481, 0.009181355, 0.009464953, 0.009736979, 0.0098687215, 0.010124002, 0.010368113, 0.010486045, 0.010713689, 0.01093066, 0.0111373495, 0.01123707, 0.011429518, 0.0116130775, 0.011701876, 0.01187319, 0.012036259, 0.012114481, 0.012263888, 0.012403369, 0.012532336, 0.01259278, 0.012705702, 0.012808798, 0.0128569305, 0.012947721, 0.013032888, 0.013113427, 0.013152169, 0.013226548, 0.013295786, 0.013328002, 0.013386682, 0.013436684, 0.0134583, 0.013494951, 0.013524262, 0.013548506, 0.013559447, 0.013580178, 0.013600086, 0.013609667, 0.013627199, 0.013640679, 0.013648087, 0.013648962, 0.01364496, 0.013633909, 0.013626322, 0.013608293, 0.013588308, 0.013567241, 0.013556259, 0.013533102, 0.013506819, 0.013491987, 0.013458257, 0.013418698, 0.013396825, 0.013350577, 0.01330257, 0.013254958, 0.013231601, 0.013185201, 0.013137705, 0.013112759, 0.013058536, 0.012996785, 0.01292661, 0.012888699, 0.01280839, 0.0127249155, 0.012682909, 0.012599375, 0.012516705, 0.012475341, 0.012390725, 0.0123011945, 0.012204077, 0.012152198, 0.012041412, 0.011922308, 0.011860362, 0.01173346, 0.011603955, 0.011472251, 0.01140525, 0.01126744, 0.0111223515, 0.011046328, 0.010886408, 0.010715966, 0.01062709, 0.010442932, 0.010252215, 0.0100563485, 0.009956643, 0.009753017, 0.009541817, 0.009432573, 0.009205284, 0.008965008, 0.008711012, 0.008578986, 0.008305288, 0.00801982, 0.007872816, 0.007569772, 0.0072529023, 0.0070883143, 0.0067444756, 0.0063781813, 0.005985545, 0.0057778074, 0.005336439, 0.004859338, 0.0046115424, 0.0041381903, 0.0038413552, 0.0039237337, 0, 0, 0, 0, 0, 0
0, 0, 0, 0, 0, 0, 0, 0.0056168237, 0.0041590217, 0.003947875, 0.0042637084, 0.004486976, 0.004964791, 0.005441979, 0.005675298, 0.0061302003, 0.0065687867, 0.0069905943, 0.0071948767, 0.0075897533, 0.0079661375, 0.008147521, 0.008497216, 0.008830237, 0.008990917, 0.009301599, 0.009599103, 0.0098848, 0.010023523, 0.0102930665, 0.010552318, 0.010678077, 0.010921867, 0.011155011, 0.01137718, 0.011483981, 0.011689144, 0.011883076, 0.01197615, 0.0121546835, 0.012323405, 0.012404276, 0.0125587145, 0.012703396, 0.012837628, 0.01290081, 0.0130187385, 0.013125797, 0.01317554, 0.013268231, 0.013353564, 0.013433362, 0.013471563, 0.013544998, 0.013613801, 0.013646137, 0.0137053905, 0.013755996, 0.013777591, 0.013813207, 0.0138399, 0.013859469, 0.013867503, 0.013881804, 0.013895296, 0.013902037, 0.013915346, 0.01392706, 0.013934692, 0.013936228, 0.013933644, 0.013923162, 0.013915145, 0.013894484, 0.013869629, 0.013842357, 0.01382824, 0.013799614, 0.013770226, 0.013755032, 0.013722327, 0.01368571, 0.013665574, 0.013621955, 0.013574097, 0.013523336, 0.013496966, 0.013442887, 0.013386626, 0.013357376, 0.013296069, 0.01323006, 0.01315851, 0.0131206475, 0.013041352, 0.012958349, 0.012915687, 0.012828852, 0.012739506, 0.0126937255, 0.012598974, 0.012498837, 0.012392291, 0.0123363435, 0.012219091, 0.012095502, 0.012031784, 0.011901154, 0.011767018, 0.011628858, 0.011557761, 0.011410574, 0.011254998, 0.011173439, 0.011002735, 0.010821527, 0.01072725, 0.010532225, 0.010329738, 0.010120798, 0.0100137675, 0.009794028, 0.00956445, 0.009445433, 0.009196979, 0.008934105, 0.008656508, 0.008512325, 0.008214329, 0.007904696, 0.00774596, 0.007420379, 0.00708317, 0.006909408, 0.0065497635, 0.0061719497, 0.0057731154, 0.0055649783, 0.005129752, 0.004671806, 0.004440414, 0.004018493, 0.003801458, 0.0039810142, 0, 0, 0, 0, 0, 0
0, 0, 0, 0, 0, 0, 0, 0, 0.0034588105, 0.0036022603, 0.004045458, 0.004310888, 0.004856563, 0.005388136, 0.0056446497, 0.0061385254, 0.0066078114, 0.0070530185, 0.007266816, 0.0076774657, 0.008066731, 0.008253915, 0.008614613, 0.008958577, 0.009124777, 0.009446568, 0.009755305, 0.010051828, 0.010195695, 0.010475011, 0.0107433945, 0.010873617, 0.011126123, 0.011367881, 0.0115982555, 0.011708906, 0.011920753, 0.012119716, 0.012214614, 0.012395305, 0.012564996, 0.012646073, 0.012801306, 0.012947819, 0.013085796, 0.01315137, 0.013275414, 0.013389222, 0.01344221, 0.01354046, 0.013629266, 0.013709926, 0.013747772, 0.0138192335, 0.013885859, 0.013917378, 0.013975973, 0.014027623, 0.01405031, 0.014088948, 0.014118306, 0.014139254, 0.014147121, 0.01415906, 0.014167848, 0.01417167, 0.014178845, 0.014185331, 0.014189591, 0.014190305, 0.014187558, 0.014178016, 0.0141706765, 0.014150762, 0.014125222, 0.014095988, 0.0140807135, 0.0140497405, 0.014019055, 0.014003773, 0.013972549, 0.013938612, 0.013920142, 0.013878928, 0.013831407, 0.013777704, 0.013748679, 0.013687524, 0.013623092, 0.013590252, 0.013523624, 0.013455916, 0.013386188, 0.013350324, 0.0132756075, 0.013196058, 0.013154226, 0.013065902, 0.012971277, 0.01292155, 0.012817755, 0.012708373, 0.012593878, 0.012534724, 0.012412685, 0.012285802, 0.012220507, 0.012085902, 0.011945692, 0.011798975, 0.011722808, 0.011564438, 0.01139742, 0.011310566, 0.011129834, 0.010939899, 0.010841463, 0.010638137, 0.010426349, 0.010206409, 0.010093147, 0.009859292, 0.0096139675, 0.009486537, 0.009221458, 0.00894196, 0.008647977, 0.008495666, 0.0081812, 0.0078548025, 0.0076875864, 0.0073449924, 0.006991202, 0.006809687, 0.006436025, 0.0060467264, 0.0056399535, 0.0054298276, 0.0049974, 0.0045607835, 0.0043542213, 0.004041841, 0.0040852088, 0.004651152, 0, 0, 0, 0, 0, 0
0, 0, 0, 0, 0, 0, 0, 0, 0.0033627253, 0.0035516438, 0.0040514283, 0.0043425313, 0.0049308795, 0.005492519, 0.0057596755, 0.00626742, 0.0067424453, 0.007188036, 0.007400765, 0.007808164, 0.008194457, 0.008380794, 0.008741705, 0.009088619, 0.009257234, 0.009585095, 0.009900342, 0.010202645, 0.01034884, 0.010631263, 0.01090061, 0.011030797, 0.011282665, 0.011523913, 0.011754399, 0.011865547, 0.012078808, 0.012279478, 0.012374913, 0.012556304, 0.012725605, 0.0128062125, 0.012960409, 0.013106704, 0.013246236, 0.013313542, 0.013442842, 0.013563916, 0.013620873, 0.013726973, 0.013821944, 0.01390602, 0.013944343, 0.014014856, 0.014079074, 0.014109322, 0.014166899, 0.014220387, 0.014245263, 0.01429037, 0.014327995, 0.014356945, 0.014368093, 0.014384102, 0.014393002, 0.014395527, 0.014398119, 0.014398697, 0.014398256, 0.014397408, 0.014393674, 0.014385863, 0.01437997, 0.014363809, 0.014341554, 0.014314505, 0.014299635, 0.0142686535, 0.0142373545, 0.01422172, 0.014190315, 0.014157029, 0.014139082, 0.014098868, 0.014051634, 0.013996534, 0.013966224, 0.013901241, 0.013832685, 0.013797965, 0.013728927, 0.013661226, 0.013593899, 0.0135597335, 0.013488519, 0.013411301, 0.013369679, 0.013279632, 0.013180726, 0.013128145, 0.013018005, 0.012902981, 0.012784098, 0.012723383, 0.012598982, 0.012469662, 0.012402646, 0.0122631, 0.012115128, 0.01195808, 0.011876155, 0.011706017, 0.011528286, 0.011436741, 0.011248331, 0.011052433, 0.010951377, 0.010742638, 0.010524375, 0.010296056, 0.010178, 0.009933429, 0.009677343, 0.009544914, 0.009271238, 0.008985573, 0.008687057, 0.008532837, 0.008214233, 0.007882113, 0.007711028, 0.007359004, 0.00699341, 0.006805326, 0.0064178538, 0.0060135857, 0.005590232, 0.005370789, 0.0049174847, 0.004459835, 0.004246697, 0.0039562928, 0.0042028497, 0.005689594, 0, 0, 0, 0, 0, 0
0, 0, 0, 0, 0, 0, 0, 0, 0.0036664146, 0.0038109664, 0.004298378, 0.004588313, 0.0051734764, 0.0057261023, 0.0059863837, 0.0064764223, 0.0069306577, 0.0073543726, 0.007556445, 0.007944046, 0.008313748, 0.008493232, 0.008843754, 0.009184361, 0.0093511185, 0.009676883, 0.0099909855, 0.0102917105, 0.0104364995, 0.01071458, 0.010977856, 0.011104402, 0.01134876, 0.011583207, 0.011809072, 0.011918818, 0.012131588, 0.012333981, 0.012430882, 0.01261519, 0.012786654, 0.0128678195, 0.013021939, 0.013167447, 0.013306472, 0.013374094, 0.013505647, 0.013631447, 0.01369165, 0.013805103, 0.013907379, 0.01399723, 0.01403743, 0.014109718, 0.014173602, 0.014203422, 0.014260786, 0.014316465, 0.0143437795, 0.014396379, 0.014444528, 0.014485196, 0.014501977, 0.014527579, 0.0145425415, 0.014546594, 0.014549583, 0.014548505, 0.01454614, 0.014544878, 0.0145420935, 0.014537879, 0.014534627, 0.014524523, 0.0145082595, 0.01448577, 0.014472492, 0.01444286, 0.01441098, 0.014394575, 0.014361552, 0.014327156, 0.014308921, 0.0142689785, 0.014222875, 0.014169035, 0.0141392555, 0.014075003, 0.014006683, 0.013972013, 0.013902777, 0.013834798, 0.013766747, 0.01373212, 0.013659416, 0.013579593, 0.013536291, 0.013442166, 0.0133386385, 0.013283855, 0.013170007, 0.013052457, 0.012932559, 0.012871568, 0.012746661, 0.012615609, 0.0125469845, 0.012402152, 0.012246315, 0.012079734, 0.011992877, 0.011813452, 0.01162831, 0.01153401, 0.011341963, 0.011143989, 0.011042135, 0.010831106, 0.010609004, 0.0103749875, 0.010253481, 0.010002013, 0.009740272, 0.009606086, 0.009331824, 0.009049205, 0.0087566795, 0.008605866, 0.008293643, 0.007965721, 0.007795427, 0.0074420134, 0.0070711914, 0.006879317, 0.0064820875, 0.0060648764, 0.005623311, 0.0053915153, 0.004903177, 0.0043888623, 0.004134329, 0.003705357, 0.0035709396, 0, 0, 0, 0, 0, 0, 0
0, 0, 0, 0, 0, 0, 0, 0, 0.00416651, 0.004245132, 0.004681575, 0.0049492302, 0.0054911547, 0.0060006315, 0.0062396317, 0.006689027, 0.007105595, 0.0074955146, 0.0076821796, 0.008042174, 0.008388196, 0.008557243, 0.008889372, 0.009214681, 0.009374756, 0.009688898, 0.009992996, 0.0102844285, 0.010424664, 0.010693405, 0.0109470645, 0.011068761, 0.011303683, 0.011530121, 0.011750422, 0.011858648, 0.01207096, 0.012276303, 0.012375605, 0.012565524, 0.012742067, 0.012825094, 0.012981356, 0.013126607, 0.013264101, 0.01333084, 0.013461389, 0.01358835, 0.013650137, 0.0137687335, 0.013878021, 0.013975584, 0.014019404, 0.014097638, 0.014165436, 0.014196675, 0.014256402, 0.014314854, 0.014344235, 0.014402822, 0.014459639, 0.014511156, 0.014533866, 0.014570972, 0.014596318, 0.0146047715, 0.014614861, 0.014618932, 0.014620879, 0.014621838, 0.014624128, 0.014626331, 0.014626643, 0.014624114, 0.014615039, 0.014598269, 0.01458693, 0.014559476, 0.014527732, 0.014510935, 0.014476543, 0.014441131, 0.014422756, 0.014383742, 0.014339851, 0.0142894685, 0.014261675, 0.014201187, 0.014135734, 0.014101865, 0.014032735, 0.013962439, 0.013890051, 0.013852489, 0.013773068, 0.013686039, 0.013639225, 0.013538555, 0.013429774, 0.013373064, 0.013256602, 0.013137999, 0.0130178295, 0.012956872, 0.012831389, 0.012698407, 0.012628158, 0.012478655, 0.012317004, 0.012144286, 0.012054675, 0.011871012, 0.011683753, 0.011589251, 0.011398002, 0.011201706, 0.01110051, 0.010889953, 0.0106665995, 0.0104294075, 0.010305989, 0.010051005, 0.009787857, 0.009654142, 0.009383667, 0.009108656, 0.008826391, 0.008681268, 0.008380261, 0.008062011, 0.0078958, 0.0075485264, 0.0071815867, 0.0069909687, 0.0065951794, 0.006177699, 0.005732521, 0.0054966225, 0.004992455, 0.0044480707, 0.0041720336, 0.0036901317, 0.003511745, 0, 0, 0, 0, 0, 0, 0
0, 0, 0, 0, 0, 0, 0, 0, 0.0048043393, 0.0047304677, 0.0050554224, 0.0052807988, 0.0057531106, 0.0062046447, 0.0064179148, 0.0068214545, 0.007199619, 0.007557661, 0.0077303494, 0.008065069, 0.008388164, 0.00854621, 0.008856797, 0.009161115, 0.009311085, 0.009606306, 0.009893645, 0.010170935, 0.010305081, 0.010563317, 0.010808197, 0.010925954, 0.011153934, 0.011374261, 0.0115896985, 0.011696191, 0.011906847, 0.012113211, 0.012213964, 0.012408088, 0.012589638, 0.012675027, 0.012834799, 0.012981435, 0.013118311, 0.0131843425, 0.013313349, 0.013439787, 0.013502137, 0.013624194, 0.013740231, 0.01384705, 0.013896151, 0.013985101, 0.014062737, 0.014098175, 0.014164667, 0.014228241, 0.014259725, 0.014322757, 0.01438498, 0.0144438865, 0.014470959, 0.0145186735, 0.014555933, 0.014570613, 0.014592907, 0.014608675, 0.014621182, 0.014626854, 0.014638133, 0.014648603, 0.014652921, 0.014657999, 0.014655963, 0.014645054, 0.014636158, 0.01461226, 0.014582651, 0.014566508, 0.014532823, 0.014497943, 0.014480118, 0.014442823, 0.014401679, 0.014354903, 0.014329011, 0.014272119, 0.01420899, 0.01417541, 0.014105078, 0.014030855, 0.013952171, 0.013910861, 0.013823351, 0.013728363, 0.0136778895, 0.01357091, 0.013457468, 0.013398887, 0.013279745, 0.013159008, 0.013036758, 0.012974512, 0.012846096, 0.012709494, 0.01263722, 0.012483785, 0.012318827, 0.0121440785, 0.012054023, 0.01187081, 0.011685466, 0.011592314, 0.011404194, 0.011210876, 0.011111045, 0.010902448, 0.010680001, 0.010443112, 0.010319792, 0.010065488, 0.009804561, 0.009672709, 0.009407428, 0.0091397185, 0.008866438, 0.008726252, 0.008435738, 0.008128911, 0.007968438, 0.007633447, 0.007279998, 0.007096674, 0.0067168316, 0.00631738, 0.0058920216, 0.005666468, 0.0051836823, 0.0046626944, 0.004400999, 0.0039630886, 0.0038620993, 0, 0, 0, 0, 0, 0, 0
0, 0, 0, 0, 0, 0, 0, 0, 0.005568729, 0.0051169056, 0.005257687, 0.00543311, 0.0058405744, 0.0062473244, 0.006441985, 0.006813666, 0.007166422, 0.0075042145, 0.0076681944, 0.007986681, 0.008293478, 0.008442769, 0.0087344935, 0.0090182135, 0.0091576455, 0.009432202, 0.009701179, 0.0099636065, 0.010091823, 0.01034123, 0.010580236, 0.010695785, 0.010919686, 0.011135627, 0.011345972, 0.01144964, 0.011654528, 0.011856213, 0.011955288, 0.012148156, 0.012331018, 0.012417807, 0.01258133, 0.012732127, 0.012872479, 0.012939737, 0.013070529, 0.013198544, 0.013262036, 0.013388075, 0.013511118, 0.013628494, 0.013684019, 0.01378752, 0.013880232, 0.013922904, 0.014002227, 0.014075665, 0.014110919, 0.014179747, 0.014246784, 0.014311206, 0.014341793, 0.01439832, 0.014447247, 0.014468646, 0.014505662, 0.014536414, 0.014562609, 0.014574482, 0.0145961465, 0.01461484, 0.014622548, 0.014633825, 0.014637623, 0.014632348, 0.014626284, 0.0146080535, 0.014583443, 0.014569436, 0.014539195, 0.014506741, 0.014489958, 0.014453987, 0.014414046, 0.014368311, 0.014342824, 0.014286292, 0.014222441, 0.014188014, 0.014114852, 0.014036166, 0.013952095, 0.013907878, 0.013814851, 0.013714931, 0.013662294, 0.013551771, 0.013435127, 0.0133750485, 0.01325224, 0.013126781, 0.012998725, 0.012933306, 0.012798172, 0.012655348, 0.0125805, 0.012423286, 0.012256654, 0.012082265, 0.011992952, 0.011811708, 0.01162845, 0.011536156, 0.011349499, 0.011157322, 0.011058098, 0.010851348, 0.010631884, 0.01039935, 0.010278678, 0.0100304475, 0.009775934, 0.009647323, 0.00938817, 0.009126184, 0.008858844, 0.0087218825, 0.008439378, 0.008142975, 0.007989033, 0.0076697213, 0.0073357727, 0.0071636974, 0.006809572, 0.0064400556, 0.0060494854, 0.005843618, 0.0054069357, 0.0049474547, 0.004727018, 0.004405928, 0.004467492, 0, 0, 0, 0, 0, 0, 0
0, 0, 0, 0, 0, 0, 0, 0, 0.0061503253, 0.005125897, 0.005149699, 0.0053078216, 0.005699684, 0.006095875, 0.006285418, 0.006647721, 0.0069927536, 0.0073242756, 0.0074853413, 0.0077979662, 0.008097316, 0.008242036, 0.008522185, 0.0087916665, 0.008923162, 0.009181589, 0.009435385, 0.009685363, 0.009808601, 0.010050898, 0.010285633, 0.010399717, 0.010620758, 0.01083272, 0.011036557, 0.011136002, 0.011331071, 0.011522399, 0.011616722, 0.011802362, 0.011982377, 0.012069537, 0.012237189, 0.012395414, 0.012544728, 0.012616376, 0.012755275, 0.012890108, 0.012956732, 0.013089108, 0.01322, 0.013347986, 0.013410098, 0.013529276, 0.0136400685, 0.013692004, 0.013789382, 0.013878649, 0.0139206005, 0.014000566, 0.014076149, 0.01414819, 0.014182751, 0.014248573, 0.01430911, 0.014337134, 0.014388795, 0.014434616, 0.014474562, 0.014492245, 0.014523444, 0.014548736, 0.01455903, 0.014574487, 0.014582637, 0.014582929, 0.014580101, 0.014569109, 0.014551824, 0.014541211, 0.014516392, 0.014487283, 0.0144710075, 0.014434746, 0.014392759, 0.014343893, 0.014316585, 0.014256204, 0.014188287, 0.014151723, 0.014074322, 0.013991543, 0.013903791, 0.013857993, 0.013762264, 0.013660441, 0.013606991, 0.0134950625, 0.013376081, 0.013314151, 0.013186158, 0.013053194, 0.012915654, 0.012845174, 0.012700122, 0.012549062, 0.01247101, 0.012309852, 0.012141802, 0.011967734, 0.01187878, 0.011697891, 0.0115134735, 0.011420098, 0.011230323, 0.011035364, 0.01093536, 0.010729225, 0.0105140135, 0.010289451, 0.010173848, 0.00993674, 0.009693158, 0.00956932, 0.009317945, 0.009061562, 0.008798524, 0.008663902, 0.008387402, 0.008099958, 0.007951965, 0.007647571, 0.0073325825, 0.0071711717, 0.006840657, 0.0064974558, 0.00613613, 0.0059464453, 0.005548162, 0.0051470185, 0.004973505, 0.004829292, 0.0052548167, 0, 0, 0, 0, 0, 0, 0
0, 0, 0, 0, 0, 0, 0, 0, 0.004813182, 0.0046058493, 0.004782913, 0.0049636154, 0.0053769737, 0.0057861744, 0.0059808744, 0.006351461, 0.0067022983, 0.007037609, 0.0072000353, 0.0075143133, 0.00781412, 0.007958461, 0.008236386, 0.008501139, 0.008629242, 0.008879179, 0.009123321, 0.009363584, 0.009482535, 0.009717387, 0.009946759, 0.010058774, 0.010276171, 0.010483887, 0.010681798, 0.010777368, 0.010962966, 0.01114355, 0.011232742, 0.011409901, 0.011585989, 0.011673357, 0.011845883, 0.012014287, 0.0121769365, 0.012255885, 0.012408924, 0.012556241, 0.012628213, 0.012769947, 0.012909327, 0.013046725, 0.013114379, 0.013247252, 0.01337515, 0.013436691, 0.013554187, 0.013663416, 0.013714831, 0.013811881, 0.013902026, 0.013986591, 0.01402706, 0.01410445, 0.014177375, 0.014212005, 0.014277167, 0.014336288, 0.014388077, 0.014411032, 0.014450376, 0.014481108, 0.01449353, 0.014512606, 0.014524657, 0.014530412, 0.014530915, 0.014527367, 0.01451785, 0.014510724, 0.014491288, 0.01446431, 0.014447875, 0.014408964, 0.014362088, 0.014306945, 0.014276404, 0.014209486, 0.014135383, 0.014095927, 0.014013224, 0.01392587, 0.013834035, 0.013786397, 0.013687268, 0.013582546, 0.013527795, 0.0134125855, 0.013289388, 0.013224677, 0.01308921, 0.012946517, 0.012797645, 0.012721275, 0.012565246, 0.012405257, 0.012323879, 0.012158244, 0.011988157, 0.011813094, 0.011723456, 0.011539957, 0.01135096, 0.011254566, 0.011058057, 0.010857368, 0.010755424, 0.01054876, 0.010337856, 0.010122449, 0.010012671, 0.009788466, 0.009557366, 0.009438998, 0.00919648, 0.0089460695, 0.008687401, 0.008554905, 0.008283365, 0.008002915, 0.007859301, 0.007565117, 0.007261301, 0.007105523, 0.0067852424, 0.0064506168, 0.006095951, 0.005908931, 0.005515344, 0.0051229964, 0.0049623316, 0.004920925, 0.005880033, 0, 0, 0, 0, 0, 0, 0
0, 0, 0, 0, 0, 0, 0, 0, 0.004942017, 0.0044166795, 0.004426129, 0.004574303, 0.004973207, 0.0053958856, 0.0056000487, 0.0059884735, 0.006352928, 0.0066974577, 0.006863239, 0.0071829576, 0.00748775, 0.0076346616, 0.007917252, 0.008185323, 0.008314144, 0.008562918, 0.008802033, 0.009034297, 0.00914866, 0.009374022, 0.00959491, 0.009703471, 0.00991581, 0.010120566, 0.010316528, 0.010411136, 0.010593996, 0.0107709775, 0.010858136, 0.011031769, 0.011206585, 0.0112947505, 0.011472831, 0.011651575, 0.011828773, 0.011915919, 0.012085762, 0.012248719, 0.012327482, 0.012480471, 0.012628731, 0.01277407, 0.012846042, 0.012989016, 0.013130237, 0.0131997615, 0.013335533, 0.013464887, 0.013526621, 0.013643518, 0.013751815, 0.0138524445, 0.013900295, 0.013991445, 0.014077199, 0.014118104, 0.014195642, 0.014266487, 0.014328707, 0.014356232, 0.014403551, 0.014440641, 0.014455659, 0.01447953, 0.014496592, 0.014507654, 0.014510981, 0.014513494, 0.014509276, 0.014504254, 0.014487352, 0.014460124, 0.014442527, 0.014399574, 0.014346897, 0.014285325, 0.014251464, 0.0141782705, 0.014098258, 0.014055948, 0.013967224, 0.013873089, 0.013773739, 0.013722124, 0.0136147775, 0.013501581, 0.013442513, 0.013318858, 0.013187, 0.013117693, 0.012972535, 0.012819283, 0.012659538, 0.012577772, 0.012411816, 0.012243767, 0.01215917, 0.011988605, 0.01181519, 0.011637027, 0.011545657, 0.011357853, 0.01116301, 0.011063178, 0.010860123, 0.010653871, 0.010550152, 0.010342589, 0.01013495, 0.009926092, 0.0098205395, 0.009605544, 0.0093832305, 0.009268743, 0.009032624, 0.008786781, 0.008531848, 0.008401084, 0.008133531, 0.007857604, 0.007716092, 0.007425187, 0.007121598, 0.0069643287, 0.0066369204, 0.00628925, 0.0059168274, 0.0057198154, 0.0053051584, 0.0048872847, 0.0047048065, 0.0045215944, 0.0047150324, 0, 0, 0, 0, 0, 0, 0
0, 0, 0, 0, 0, 0, 0, 0, 0.005789599, 0.0042621605, 0.004035846, 0.004158177, 0.0045623593, 0.0050134277, 0.005232514, 0.0056464532, 0.006028509, 0.006383718, 0.006552928, 0.0068778186, 0.0071875756, 0.007337291, 0.0076262457, 0.0079006925, 0.008032006, 0.008283115, 0.008519668, 0.008744654, 0.008853905, 0.009067586, 0.009277515, 0.009381679, 0.009588577, 0.009792868, 0.00999282, 0.0100905085, 0.010280579, 0.010464128, 0.010554033, 0.010731828, 0.010909921, 0.01099981, 0.011182589, 0.011369159, 0.011557592, 0.011651409, 0.011836025, 0.012014026, 0.012099752, 0.012265005, 0.012422928, 0.012576195, 0.012651834, 0.012802617, 0.012953431, 0.013028862, 0.013178436, 0.013324015, 0.013394442, 0.01352892, 0.013654191, 0.0137703195, 0.0138252955, 0.013929683, 0.014027398, 0.014073951, 0.014162302, 0.014243222, 0.014315121, 0.01434714, 0.014402974, 0.01444779, 0.014466359, 0.014496788, 0.014519566, 0.01453547, 0.0145408455, 0.014546188, 0.0145432865, 0.01453818, 0.014519801, 0.014489554, 0.014469995, 0.014422591, 0.014365234, 0.014299267, 0.014263375, 0.01418621, 0.014101803, 0.014056919, 0.013961324, 0.013858124, 0.013747268, 0.013689052, 0.013567581, 0.013439738, 0.013373442, 0.013235954, 0.0130913835, 0.013016285, 0.012860485, 0.012697518, 0.0125289485, 0.012443042, 0.0122692445, 0.012093975, 0.012006012, 0.011829321, 0.01165033, 0.011466957, 0.0113731, 0.01118035, 0.010980706, 0.010878754, 0.010671754, 0.010462868, 0.010358409, 0.010150483, 0.009943665, 0.009736509, 0.009631886, 0.009418509, 0.009197316, 0.009083164, 0.008847463, 0.008602166, 0.008348388, 0.00821862, 0.007953301, 0.0076790946, 0.007537773, 0.0072443467, 0.0069327303, 0.0067685884, 0.0064215236, 0.0060463334, 0.005641187, 0.0054277107, 0.0049881795, 0.0045785164, 0.0044286097, 0.004422509, 0.0049530906, 0, 0, 0, 0, 0, 0, 0
0, 0, 0, 0, 0, 0, 0, 0, 0, 0.0034445005, 0.0035717166, 0.0037615462, 0.004243095, 0.004742676, 0.0049800333, 0.005420865, 0.005818546, 0.0061806855, 0.006351202, 0.00667635, 0.0069855363, 0.0071354383, 0.007426289, 0.0077038757, 0.0078367945, 0.008089501, 0.0083243465, 0.008543061, 0.008647634, 0.008850513, 0.009049924, 0.0091499295, 0.009352331, 0.009558441, 0.009766261, 0.009869618, 0.010073084, 0.01027003, 0.010365863, 0.010553342, 0.0107375765, 0.010829622, 0.011015498, 0.01120559, 0.011399631, 0.011497389, 0.011691869, 0.01188158, 0.011973584, 0.01215123, 0.012320717, 0.0124839395, 0.012564119, 0.012723252, 0.012882356, 0.012962146, 0.013121194, 0.013277576, 0.01335371, 0.013500173, 0.013637319, 0.013764739, 0.01382493, 0.01393917, 0.014046115, 0.014097005, 0.014193693, 0.014282744, 0.0143627925, 0.014398914, 0.014462692, 0.014515132, 0.014537241, 0.014573965, 0.014601539, 0.014620306, 0.014626363, 0.014631373, 0.014626034, 0.014619061, 0.0145961065, 0.014560904, 0.014539051, 0.014487345, 0.014426535, 0.014357827, 0.014320809, 0.014241163, 0.014153174, 0.014105684, 0.014003128, 0.013889762, 0.013765797, 0.013700257, 0.013562777, 0.013418527, 0.013344232, 0.013191809, 0.013034257, 0.012953644, 0.012788279, 0.012617792, 0.012442578, 0.012353471, 0.0121730575, 0.011990355, 0.011898424, 0.011713398, 0.011525999, 0.011335106, 0.0112378355, 0.01103958, 0.010836323, 0.010733231, 0.010524938, 0.010315616, 0.010211142, 0.0100027565, 0.009794469, 0.009584065, 0.0094772875, 0.009258429, 0.0090310415, 0.0089139, 0.008672808, 0.008423899, 0.008168612, 0.008038855, 0.007774156, 0.0075001563, 0.0073582414, 0.0070606368, 0.0067392043, 0.0065676384, 0.0062000374, 0.00579679, 0.0053566894, 0.005124184, 0.0046481933, 0.0042250436, 0.004096808, 0.0043201665, 0.005850681, 0, 0, 0, 0, 0, 0, 0
0, 0, 0, 0, 0, 0, 0, 0, 0, 0.0032715686, 0.0034308115, 0.0036398608, 0.00415618, 0.0046821083, 0.004929193, 0.0053822934, 0.0057836208, 0.0061426032, 0.006309618, 0.006625811, 0.00692543, 0.0070711123, 0.0073553217, 0.007628957, 0.0077608638, 0.008012331, 0.008245586, 0.008461025, 0.008563191, 0.008760229, 0.0089538265, 0.009051497, 0.009251877, 0.009460342, 0.00967518, 0.009783634, 0.009998915, 0.010208573, 0.010310462, 0.010507887, 0.010698721, 0.0107928375, 0.010980927, 0.0111719305, 0.011367633, 0.0114669325, 0.011666778, 0.011864749, 0.011961928, 0.01215139, 0.01233361, 0.012509394, 0.012595399, 0.012764956, 0.012932812, 0.013016308, 0.013182167, 0.013344707, 0.013423899, 0.013576499, 0.013719793, 0.013853162, 0.013916326, 0.01403618, 0.014148443, 0.014201843, 0.014303512, 0.014397602, 0.01448286, 0.01452156, 0.014590512, 0.014647612, 0.014671745, 0.014711681, 0.014740829, 0.014759508, 0.014764692, 0.014766884, 0.014757135, 0.0147475405, 0.014719228, 0.014678912, 0.014654627, 0.014598549, 0.014533959, 0.0144619495, 0.014423178, 0.01433955, 0.014246728, 0.014196368, 0.014086678, 0.013964629, 0.013830424, 0.013759239, 0.013610063, 0.013453941, 0.013373868, 0.013210721, 0.013043875, 0.012959213, 0.012787069, 0.012610786, 0.012429873, 0.012337852, 0.012150413, 0.011959408, 0.011862682, 0.011667383, 0.011469531, 0.011268849, 0.011167473, 0.010962289, 0.010754679, 0.01065012, 0.010440297, 0.010230116, 0.010125059, 0.009914521, 0.00970222, 0.009485756, 0.009375184, 0.009147994, 0.0089118695, 0.008790746, 0.008542953, 0.008289698, 0.008032482, 0.007902477, 0.007638238, 0.0073648286, 0.0072227432, 0.006923522, 0.0065976772, 0.006422937, 0.006046266, 0.0056297197, 0.005170351, 0.004924688, 0.004410475, 0.0039166203, 0.0037221164, 0.003592755, 0, 0, 0, 0, 0, 0, 0, 0
0, 0, 0, 0, 0, 0, 0, 0, 0, 0.0035973473, 0.0036776662, 0.0038610403, 0.004347042, 0.0048563126, 0.0050966344, 0.0055367537, 0.0059237513, 0.00626639, 0.006424773, 0.006722852, 0.007005027, 0.007142458, 0.007412711, 0.0076763015, 0.0078047407, 0.00805259, 0.00828551, 0.008502637, 0.008605972, 0.008805425, 0.009000934, 0.009099436, 0.009301263, 0.00951158, 0.009729284, 0.00983965, 0.010060123, 0.010276309, 0.010381725, 0.010586187, 0.010783214, 0.010879852, 0.011071758, 0.011265135, 0.011462614, 0.011562964, 0.011766, 0.011969549, 0.012070578, 0.012269432, 0.012462868, 0.012650311, 0.012741977, 0.0129216695, 0.013097609, 0.013184241, 0.0133546945, 0.013520311, 0.013600729, 0.013755438, 0.013900833, 0.014036515, 0.014100759, 0.014222835, 0.014336837, 0.014391095, 0.01449391, 0.014588887, 0.014674695, 0.014713755, 0.014783027, 0.014840107, 0.014863985, 0.014902392, 0.014929169, 0.01494435, 0.014947593, 0.014945258, 0.014931017, 0.014919374, 0.014886859, 0.01484266, 0.014816381, 0.014756208, 0.014686637, 0.014608662, 0.014566474, 0.014475701, 0.014375477, 0.014321514, 0.0142050795, 0.014077191, 0.01393812, 0.013864833, 0.013711676, 0.013551583, 0.01346939, 0.013301907, 0.013130509, 0.013043449, 0.012866283, 0.012684637, 0.012497895, 0.0124024805, 0.012207877, 0.012008513, 0.011907123, 0.011701884, 0.0114936875, 0.011283146, 0.01117712, 0.010963949, 0.01074985, 0.010642713, 0.010428259, 0.010213909, 0.010106559, 0.0098908795, 0.00967241, 0.009448882, 0.009334662, 0.009100442, 0.00885857, 0.008735035, 0.008483961, 0.008229077, 0.007971776, 0.007841975, 0.007578936, 0.0073069613, 0.0071658595, 0.006868928, 0.0065471306, 0.006375156, 0.00600579, 0.005599042, 0.0051504704, 0.0049098013, 0.0044027427, 0.003910215, 0.0037144173, 0.00358766, 0, 0, 0, 0, 0, 0, 0, 0
0, 0, 0, 0, 0, 0, 0, 0, 0, 0.004273807, 0.0041967006, 0.004319672, 0.0047238604, 0.005182977, 0.005404329, 0.005813061, 0.0061738687, 0.0064936006, 0.006641377, 0.006919616, 0.0071837394, 0.0073129004, 0.0075685563, 0.00782109, 0.007945866, 0.008190394, 0.008425658, 0.008650028, 0.00875824, 0.008968532, 0.009174342, 0.009277021, 0.009484725, 0.009697235, 0.009914544, 0.010024276, 0.010243766, 0.010460869, 0.010567621, 0.010776926, 0.010981059, 0.011081668, 0.011281363, 0.011481265, 0.011683653, 0.011785798, 0.011991704, 0.012198023, 0.012300651, 0.012503575, 0.012702023, 0.012895136, 0.012989636, 0.013174509, 0.013353951, 0.013441841, 0.013613608, 0.013779105, 0.013859091, 0.014013135, 0.014158049, 0.014293509, 0.014357697, 0.014479416, 0.014592366, 0.014645648, 0.014745991, 0.01483736, 0.014919046, 0.0149559295, 0.015020734, 0.015073096, 0.015094522, 0.015127914, 0.015149065, 0.015158629, 0.015159245, 0.01515214, 0.015134173, 0.015121077, 0.015086515, 0.015040499, 0.015013067, 0.014949767, 0.014875279, 0.014790032, 0.014743653, 0.014643806, 0.014534678, 0.014476867, 0.014354694, 0.01422392, 0.014085086, 0.014012674, 0.013861979, 0.013704215, 0.013622782, 0.013455162, 0.013281669, 0.013192819, 0.013011033, 0.012823722, 0.012631035, 0.012532733, 0.012332246, 0.012127062, 0.012022843, 0.0118114455, 0.011596548, 0.011378833, 0.011269149, 0.011048488, 0.010826981, 0.010716052, 0.01049408, 0.010271962, 0.010160548, 0.009936795, 0.009710359, 0.009479864, 0.009362792, 0.009124405, 0.008880606, 0.008756808, 0.008506305, 0.008252622, 0.007996209, 0.007866724, 0.0076037487, 0.007332309, 0.0071920715, 0.006899048, 0.006585624, 0.0064199017, 0.0060679154, 0.005685753, 0.005270093, 0.0050501325, 0.00459875, 0.0041970424, 0.004068386, 0.0041191876, 0, 0, 0, 0, 0, 0, 0, 0
0, 0, 0, 0, 0, 0, 0, 0, 0, 0.005209791, 0.0047783516, 0.0048003816, 0.005099115, 0.0055096014, 0.005714473, 0.0060966224, 0.006436932, 0.0067413175, 0.00688315, 0.007151995, 0.0074086622, 0.007534591, 0.0077842055, 0.0080324, 0.008155972, 0.0084012505, 0.008642412, 0.00887806, 0.008993583, 0.009220417, 0.009442479, 0.009552224, 0.009770438, 0.009988153, 0.010206244, 0.010315308, 0.010533281, 0.010750458, 0.010858503, 0.011073223, 0.011286308, 0.011392121, 0.011602761, 0.0118123405, 0.012021155, 0.012125183, 0.0123323705, 0.012537379, 0.012638696, 0.012838318, 0.013033281, 0.013223102, 0.013315846, 0.013497314, 0.013673072, 0.013758767, 0.01392581, 0.014086377, 0.014163966, 0.014313536, 0.014454635, 0.014586855, 0.01464957, 0.01476768, 0.014876213, 0.014926858, 0.015020818, 0.015104661, 0.015178256, 0.015211004, 0.015267934, 0.01531288, 0.01533073, 0.015357407, 0.015372062, 0.01537551, 0.015373369, 0.015361751, 0.015340806, 0.015326908, 0.015291784, 0.015245841, 0.015218499, 0.015154311, 0.015077173, 0.014987185, 0.014937731, 0.014830981, 0.014715437, 0.014654935, 0.014529599, 0.014398979, 0.014263089, 0.014192965, 0.014047394, 0.013893936, 0.013814023, 0.01364738, 0.013472257, 0.01338186, 0.013195664, 0.013003752, 0.012807203, 0.012707468, 0.01250535, 0.0122996885, 0.012195543, 0.011983949, 0.011768137, 0.011548078, 0.011436674, 0.011211612, 0.010983995, 0.010869591, 0.010639693, 0.010408691, 0.010292703, 0.010059622, 0.009824614, 0.00958707, 0.009467338, 0.009225292, 0.008979946, 0.008856016, 0.008605395, 0.008351004, 0.008092558, 0.007961431, 0.0076944074, 0.0074190535, 0.007277591, 0.006984686, 0.0066762734, 0.00651508, 0.0061766664, 0.005813642, 0.0054245526, 0.005222316, 0.004826474, 0.0045450567, 0.0045269975, 0.004946961, 0, 0, 0, 0, 0, 0, 0, 0
0, 0, 0, 0, 0, 0, 0, 0, 0, 0.006033367, 0.00507505, 0.0050291377, 0.0052958936, 0.005706184, 0.005911381, 0.0062924586, 0.0066331415, 0.0069422824, 0.0070881606, 0.0073677585, 0.007636252, 0.0077678184, 0.008027195, 0.008283299, 0.0084104, 0.008663278, 0.00891442, 0.009163685, 0.009287436, 0.009532481, 0.009773023, 0.009891399, 0.01012415, 0.010352003, 0.010575953, 0.010687004, 0.01090804, 0.011128812, 0.011239398, 0.011461069, 0.011682961, 0.011793686, 0.01201356, 0.012230057, 0.012442135, 0.012546185, 0.01275029, 0.012948802, 0.013046102, 0.013236443, 0.013421333, 0.013600403, 0.0136877885, 0.013858102, 0.014022432, 0.014102258, 0.014257347, 0.014406563, 0.014478866, 0.014618445, 0.014750791, 0.014874847, 0.014933564, 0.01504324, 0.015142555, 0.015188215, 0.015271502, 0.015344352, 0.01540719, 0.015434874, 0.0154825905, 0.015519841, 0.0155342305, 0.015554615, 0.015563582, 0.015561687, 0.0155569445, 0.015540992, 0.015516989, 0.015502164, 0.015466461, 0.015421507, 0.01539505, 0.015332946, 0.0152574675, 0.015168441, 0.015119139, 0.015012217, 0.014896549, 0.014836249, 0.014712418, 0.014585062, 0.014453844, 0.014386326, 0.01424602, 0.014096731, 0.014018312, 0.013853153, 0.013677997, 0.013586992, 0.013399933, 0.013207805, 0.01301273, 0.012914435, 0.0127166305, 0.012516193, 0.012414686, 0.0122081265, 0.011996079, 0.011778123, 0.0116671, 0.011441379, 0.011211356, 0.011095054, 0.010860123, 0.010622712, 0.010503261, 0.010262605, 0.01001966, 0.009774435, 0.009650949, 0.0094021335, 0.0091505265, 0.009023579, 0.0087665515, 0.008504668, 0.008237076, 0.0081008505, 0.007822807, 0.0075365924, 0.0073901303, 0.0070893625, 0.006776146, 0.006613767, 0.006274453, 0.0059108743, 0.0055190492, 0.00531463, 0.004917345, 0.00466983, 0.004719577, 0.005648768, 0, 0, 0, 0, 0, 0, 0, 0
0, 0, 0, 0, 0, 0, 0, 0, 0, 0.0051013986, 0.0049047754, 0.0049635847, 0.00530873, 0.0057500964, 0.005965827, 0.0063662464, 0.0067286, 0.007064314, 0.007225167, 0.0075367037, 0.0078370245, 0.007983432, 0.0082692895, 0.008546852, 0.008683039, 0.008951993, 0.009218079, 0.009482862, 0.009614884, 0.009877435, 0.010136325, 0.010263565, 0.010512782, 0.010754601, 0.010989875, 0.011105597, 0.011334926, 0.011562859, 0.011676788, 0.011904484, 0.0121313, 0.012243806, 0.012465383, 0.012680729, 0.012888075, 0.012988642, 0.013183923, 0.0133719025, 0.013463512, 0.01364227, 0.013814889, 0.013980959, 0.0140613895, 0.014216846, 0.014364916, 0.014436166, 0.014573916, 0.01470576, 0.0147695625, 0.014893259, 0.015010898, 0.015120916, 0.015172512, 0.01526807, 0.015352733, 0.015390982, 0.015459482, 0.015518436, 0.015568912, 0.0155912405, 0.015629914, 0.015660245, 0.015671883, 0.015687566, 0.01569212, 0.01568572, 0.015678633, 0.015658006, 0.015630137, 0.015613793, 0.015576493, 0.015532354, 0.015507292, 0.015449545, 0.015380317, 0.015298597, 0.015253167, 0.0151542295, 0.015046451, 0.014990088, 0.014873841, 0.014753832, 0.014629604, 0.014565444, 0.014431308, 0.014287685, 0.014211794, 0.014051773, 0.013881622, 0.013793432, 0.013612796, 0.013428487, 0.013242482, 0.013149051, 0.012960934, 0.012769694, 0.012672262, 0.012472656, 0.012265847, 0.012051589, 0.011941959, 0.011718308, 0.011489517, 0.011373477, 0.011138446, 0.010899864, 0.01077913, 0.010534547, 0.010285516, 0.010031746, 0.009903188, 0.009642952, 0.009378345, 0.009244404, 0.0089727165, 0.008695046, 0.00841063, 0.008265653, 0.007969608, 0.00766526, 0.007509861, 0.007191884, 0.006862608, 0.006692462, 0.0063371626, 0.00595468, 0.005537842, 0.0053174132, 0.0048776204, 0.004544909, 0.004490549, 0.004680991, 0, 0, 0, 0, 0, 0, 0, 0
0, 0, 0, 0, 0, 0, 0, 0, 0, 0.005704605, 0.0051259245, 0.005054654, 0.0052746176, 0.00568767, 0.0059060017, 0.006328128, 0.00672507, 0.007102837, 0.00728644, 0.007644061, 0.007988942, 0.008156187, 0.008479735, 0.008789376, 0.008939696, 0.009233316, 0.009520532, 0.009804166, 0.009945139, 0.010224888, 0.010500312, 0.010635607, 0.010900407, 0.011156532, 0.011404571, 0.011526029, 0.011765203, 0.0120004155, 0.012116815, 0.012346628, 0.012571628, 0.012681649, 0.0128954975, 0.01309982, 0.01329421, 0.013387973, 0.013569689, 0.013745075, 0.013830848, 0.013998445, 0.014160053, 0.014314209, 0.0143880425, 0.014528304, 0.014658718, 0.014720349, 0.014837551, 0.014948406, 0.0150019275, 0.01510557, 0.015204058, 0.0152956415, 0.015338169, 0.015415538, 0.015481983, 0.015511258, 0.015562541, 0.015605796, 0.015642855, 0.015659554, 0.015689297, 0.01571314, 0.015722431, 0.015734008, 0.015735097, 0.015725136, 0.015716152, 0.015691401, 0.01565943, 0.015641483, 0.015602159, 0.015558723, 0.015535243, 0.015483132, 0.015422878, 0.015352856, 0.015313933, 0.015228811, 0.0151352035, 0.015085809, 0.014982561, 0.014874454, 0.014760944, 0.014701965, 0.014577919, 0.014444698, 0.014374262, 0.014226189, 0.014069566, 0.013988788, 0.013823649, 0.013655656, 0.013485728, 0.013399805, 0.013225283, 0.013045054, 0.012952005, 0.012759047, 0.012556522, 0.01234543, 0.0122371875, 0.012016609, 0.011791581, 0.011677663, 0.011446984, 0.011211944, 0.011092318, 0.010847663, 0.010594631, 0.010332642, 0.010198397, 0.009923845, 0.009642287, 0.009499085, 0.009207922, 0.008909967, 0.008604517, 0.008448707, 0.00813028, 0.0078023653, 0.0076346416, 0.0072911396, 0.0069355173, 0.006751994, 0.0063695353, 0.00595908, 0.00551444, 0.005282627, 0.004840354, 0.0045878626, 0.0046382104, 0.005165552, 0, 0, 0, 0, 0, 0, 0, 0
0, 0, 0, 0, 0, 0, 0, 0, 0, 0.007124281, 0.005431589, 0.005125333, 0.005147347, 0.0055176257, 0.0057399822, 0.006193917, 0.006637551, 0.0070668673, 0.00727632, 0.0076844823, 0.00807634, 0.008265603, 0.008630068, 0.008976728, 0.00914409, 0.009469058, 0.009783862, 0.010091105, 0.01024235, 0.010539976, 0.010830333, 0.0109723145, 0.0112489, 0.011515701, 0.011773212, 0.011898959, 0.012145112, 0.0123843895, 0.0125012845, 0.012728798, 0.012946477, 0.013050998, 0.013250935, 0.013438681, 0.013615856, 0.013701285, 0.013867535, 0.01402964, 0.014109381, 0.014266011, 0.014416735, 0.014558928, 0.014625971, 0.0147506455, 0.01486302, 0.014914771, 0.015011141, 0.015100274, 0.015142924, 0.015225301, 0.015303377, 0.015375402, 0.015408395, 0.01546724, 0.015515745, 0.015536276, 0.015570665, 0.015598345, 0.015621885, 0.015632663, 0.01565255, 0.015669068, 0.01567548, 0.015682807, 0.015681064, 0.015668754, 0.015658818, 0.015632393, 0.015599026, 0.015580545, 0.015541376, 0.015499963, 0.015478467, 0.015433041, 0.015382619, 0.015325169, 0.015293548, 0.0152240945, 0.0151469745, 0.015105781, 0.015018822, 0.01492614, 0.01482773, 0.014776199, 0.01466777, 0.014551446, 0.014490228, 0.0143616935, 0.014226194, 0.014156341, 0.014013464, 0.0138669945, 0.013716758, 0.013639805, 0.0134805925, 0.013312319, 0.01322401, 0.013038381, 0.012840987, 0.012633732, 0.012527346, 0.012310899, 0.012090999, 0.011980058, 0.011755644, 0.011526359, 0.011408865, 0.011166285, 0.010911274, 0.01064267, 0.010503472, 0.010216266, 0.009918998, 0.009767223, 0.0094577605, 0.009140732, 0.008815005, 0.008648566, 0.008306992, 0.007952408, 0.0077699074, 0.0073939837, 0.00700296, 0.006801164, 0.0063822083, 0.0059374976, 0.005463576, 0.0052210856, 0.0047803503, 0.0046321643, 0.0048520975, 0.0063673826, 0, 0, 0, 0, 0, 0, 0, 0
0, 0, 0, 0, 0, 0, 0, 0, 0, 0, 0.0050227083, 0.0048132967, 0.00484148, 0.0052319304, 0.0054773986, 0.005989572, 0.0064942264, 0.006979792, 0.007214863, 0.0076690507, 0.008101606, 0.008309711, 0.008710318, 0.009091932, 0.0092765065, 0.009634928, 0.009980595, 0.010314361, 0.010476807, 0.010792666, 0.011095846, 0.011242585, 0.011526435, 0.011798111, 0.012059327, 0.012186455, 0.012434602, 0.012673774, 0.012789529, 0.013012055, 0.013220827, 0.0133196125, 0.013505617, 0.013677758, 0.013838783, 0.013916333, 0.014067542, 0.01421532, 0.014288149, 0.014430655, 0.014566652, 0.01469272, 0.014751197, 0.014857636, 0.0149504375, 0.014992201, 0.015067974, 0.015136384, 0.015168864, 0.015231124, 0.015289933, 0.015343953, 0.015368502, 0.015411478, 0.015445266, 0.015458707, 0.0154795945, 0.015494389, 0.015505549, 0.015510543, 0.015519757, 0.015527639, 0.0155305965, 0.015532766, 0.01552834, 0.015516127, 0.015507003, 0.0154832695, 0.015453778, 0.015437431, 0.015403036, 0.015367393, 0.01534916, 0.015311483, 0.015270715, 0.015225094, 0.015199978, 0.015145003, 0.015083673, 0.015050707, 0.014980587, 0.014905357, 0.014825184, 0.014783121, 0.014695103, 0.014600644, 0.014550833, 0.0144461915, 0.014335043, 0.01427735, 0.014157737, 0.014032811, 0.013901853, 0.01383352, 0.013690094, 0.013535653, 0.01345358, 0.013279344, 0.013091883, 0.012893482, 0.012791063, 0.01258191, 0.012368738, 0.012260927, 0.012042345, 0.011817635, 0.011701916, 0.011461162, 0.011205231, 0.010932693, 0.010790378, 0.010495014, 0.010187477, 0.01002987, 0.009707805, 0.009376515, 0.00903477, 0.008859118, 0.008496318, 0.008115138, 0.007917033, 0.007504873, 0.007071446, 0.006846971, 0.0063822153, 0.0058953157, 0.0053884094, 0.0051339986, 0.0046718097, 0.004430004, 0.0044659283, 0, 0, 0, 0, 0, 0, 0, 0, 0
0, 0, 0, 0, 0, 0, 0, 0, 0, 0, 0.005098548, 0.00457535, 0.004464416, 0.0049055754, 0.0051906914, 0.005780987, 0.006351624, 0.006888738, 0.007144737, 0.0076334644, 0.008093986, 0.008314894, 0.008740765, 0.009148902, 0.009347276, 0.009733802, 0.010106296, 0.0104635935, 0.010635837, 0.010966919, 0.011279535, 0.011429086, 0.011715686, 0.011987457, 0.01224735, 0.01237351, 0.012618902, 0.012854577, 0.012968021, 0.013184749, 0.013385826, 0.013480155, 0.013656367, 0.013817617, 0.013966659, 0.014037612, 0.01417462, 0.0143061355, 0.014370013, 0.014493047, 0.014607688, 0.014711549, 0.014758722, 0.014843182, 0.014914898, 0.0149465, 0.015002806, 0.015052528, 0.01507576, 0.015120088, 0.0151619725, 0.015200227, 0.0152175585, 0.015247653, 0.015270643, 0.015279322, 0.015291295, 0.015297217, 0.015299206, 0.01529937, 0.015299176, 0.015298479, 0.015297634, 0.015294713, 0.015288672, 0.015278678, 0.015272066, 0.015255707, 0.015235425, 0.015224044, 0.015199672, 0.015173777, 0.015160364, 0.015132352, 0.015101747, 0.015067262, 0.01504827, 0.015006633, 0.014960073, 0.0149350455, 0.014881637, 0.014824392, 0.014763577, 0.01473178, 0.014665419, 0.01459396, 0.01455595, 0.014474778, 0.014386305, 0.0143393595, 0.014239808, 0.014132908, 0.014018199, 0.013957689, 0.013829812, 0.013691581, 0.01361803, 0.013461321, 0.013291468, 0.013109377, 0.013014299, 0.012817435, 0.012613385, 0.012508813, 0.012294637, 0.012072049, 0.011956864, 0.011716521, 0.011460438, 0.01118688, 0.011043614, 0.010745058, 0.010432729, 0.010272125, 0.00994268, 0.009602175, 0.009248879, 0.009066404, 0.008686771, 0.008283373, 0.008071347, 0.0076254955, 0.007149799, 0.0069013126, 0.0063846256, 0.0058459705, 0.0053005717, 0.0050399154, 0.004623692, 0.0045835697, 0.0048035188, 0, 0, 0, 0, 0, 0, 0, 0, 0
0, 0, 0, 0, 0, 0, 0, 0, 0, 0, 0.003920681, 0.003866115, 0.0041048764, 0.0046793525, 0.0050091334, 0.00566715, 0.0062847366, 0.006852992, 0.007120035, 0.0076247556, 0.008096901, 0.008322995, 0.008760066, 0.009181216, 0.009386898, 0.00978861, 0.010176069, 0.0105463, 0.010723937, 0.011062772, 0.011379451, 0.011529707, 0.011815589, 0.012084734, 0.0123405615, 0.012464256, 0.01270397, 0.012932971, 0.013042903, 0.013252191, 0.013445995, 0.013536731, 0.013706136, 0.013859914, 0.013999765, 0.014065141, 0.014188089, 0.014301568, 0.014354894, 0.014454396, 0.014543761, 0.014622193, 0.014657307, 0.014719381, 0.014771389, 0.014794056, 0.014833909, 0.014868301, 0.014883977, 0.014913199, 0.014940162, 0.014964447, 0.014975412, 0.014994532, 0.015009206, 0.015014627, 0.015021467, 0.015022951, 0.01502023, 0.0150177395, 0.015011494, 0.015004602, 0.015001183, 0.014994498, 0.0149883, 0.01498224, 0.014979136, 0.014972204, 0.014963606, 0.014958487, 0.014946597, 0.014932628, 0.014924944, 0.014908156, 0.014888929, 0.014866734, 0.014854329, 0.014827012, 0.014795976, 0.014779069, 0.014742633, 0.014702901, 0.014660545, 0.014638388, 0.014591743, 0.014540775, 0.0145130325, 0.014451922, 0.014382465, 0.014344295, 0.014260936, 0.0141684925, 0.014067391, 0.014013809, 0.013901084, 0.013780465, 0.01371682, 0.013581718, 0.0134344, 0.013273717, 0.013188354, 0.01300753, 0.012814251, 0.012713156, 0.012502496, 0.012280828, 0.012165589, 0.011925514, 0.011670592, 0.011398808, 0.011256359, 0.010958716, 0.010645225, 0.010483162, 0.010149191, 0.009802287, 0.009440933, 0.009253808, 0.008863626, 0.008447096, 0.00822694, 0.007759987, 0.0072549144, 0.006987752, 0.006424689, 0.005828359, 0.0052207187, 0.0049335323, 0.004512622, 0.004698289, 0.00528394, 0, 0, 0, 0, 0, 0, 0, 0, 0
0, 0, 0, 0, 0, 0, 0, 0, 0, 0, 0.004029353, 0.003940811, 0.00415247, 0.0047260695, 0.0050583123, 0.00572065, 0.0063389963, 0.006904305, 0.0071688797, 0.0076679797, 0.008134857, 0.008358996, 0.008793336, 0.0092133, 0.009418646, 0.0098199975, 0.010206726, 0.01057539, 0.010751954, 0.011088361, 0.011402319, 0.011551141, 0.011833857, 0.012099271, 0.012349984, 0.012470371, 0.01270207, 0.01292107, 0.013025558, 0.013223715, 0.013407126, 0.013493181, 0.013654022, 0.013799663, 0.0139304055, 0.013990202, 0.014099271, 0.014194993, 0.014238164, 0.01431562, 0.0143823065, 0.0144396415, 0.014465211, 0.014510761, 0.014549703, 0.014566782, 0.014596432, 0.014620684, 0.014631057, 0.01464873, 0.014663071, 0.014675075, 0.014680367, 0.014689847, 0.014697813, 0.014701136, 0.014705514, 0.014706339, 0.014703128, 0.014700233, 0.014692563, 0.0146837365, 0.014679541, 0.014672472, 0.014668127, 0.014666999, 0.014667456, 0.014669201, 0.014670721, 0.014670865, 0.014669623, 0.014666366, 0.014664099, 0.014658161, 0.0146509865, 0.014642534, 0.014637782, 0.014626648, 0.014612836, 0.01460464, 0.014585176, 0.0145617705, 0.014535098, 0.014520788, 0.014489974, 0.014455065, 0.01443548, 0.014390911, 0.014337725, 0.014307284, 0.014238597, 0.014159487, 0.014071101, 0.014023961, 0.01392511, 0.013820369, 0.013765636, 0.013649974, 0.013523179, 0.013382386, 0.013305899, 0.013140154, 0.012957196, 0.01285954, 0.012652923, 0.012433034, 0.0123186475, 0.012080727, 0.011829527, 0.011562566, 0.011422449, 0.0111285625, 0.010816336, 0.010653736, 0.0103165945, 0.0099644875, 0.009597647, 0.009408137, 0.009014847, 0.008597267, 0.008377222, 0.007910313, 0.0074016633, 0.0071295737, 0.0065469886, 0.0059117205, 0.0052367467, 0.00490115, 0.004327788, 0.0041157533, 0.004187091, 0, 0, 0, 0, 0, 0, 0, 0, 0
0, 0, 0, 0, 0, 0, 0, 0, 0, 0, 0.0047617103, 0.0045825546, 0.0045863446, 0.0050221467, 0.0053086486, 0.0059063835, 0.0064796954, 0.007011299, 0.007262268, 0.0077391504, 0.008189599, 0.008407183, 0.0088303955, 0.009239747, 0.009439607, 0.009828833, 0.010202299, 0.010557478, 0.010727666, 0.011052903, 0.011358117, 0.011503456, 0.011780962, 0.012041648, 0.012286379, 0.012402892, 0.012624239, 0.012829904, 0.012926843, 0.013109373, 0.013277478, 0.013356523, 0.013504503, 0.013638955, 0.013758896, 0.013813185, 0.013910151, 0.013992259, 0.014028279, 0.014091117, 0.014144292, 0.014190605, 0.0142119005, 0.014251509, 0.014287098, 0.014303026, 0.014330243, 0.014350656, 0.014358279, 0.014368776, 0.014374539, 0.014377491, 0.014378618, 0.014381372, 0.014385528, 0.014388079, 0.014392986, 0.014396055, 0.014395761, 0.014394372, 0.014389347, 0.014383019, 0.014380127, 0.01437629, 0.014376365, 0.014380782, 0.014384363, 0.014393081, 0.014401426, 0.014404905, 0.014410063, 0.014413297, 0.01441449, 0.014416704, 0.014420085, 0.014424721, 0.014427407, 0.01443248, 0.014435608, 0.014435645, 0.014431676, 0.014421835, 0.014406906, 0.014398097, 0.014377868, 0.014354283, 0.014340945, 0.014309835, 0.014271273, 0.014248459, 0.014194644, 0.014129401, 0.014053372, 0.014012097, 0.013923956, 0.013829679, 0.013780355, 0.013675796, 0.013560751, 0.013431638, 0.013360646, 0.013204813, 0.01302978, 0.012935247, 0.01273387, 0.012518224, 0.012405931, 0.012173, 0.011927992, 0.011668014, 0.0115314135, 0.011243497, 0.010934763, 0.010772718, 0.010434483, 0.010079245, 0.009709849, 0.009519916, 0.009129414, 0.008721039, 0.008508341, 0.008061135, 0.007576779, 0.0073175183, 0.006757736, 0.006136082, 0.0054589245, 0.005115521, 0.0045189196, 0.0043038023, 0.0044021634, 0, 0, 0, 0, 0, 0, 0, 0, 0
0, 0, 0, 0, 0, 0, 0, 0, 0, 0, 0.0059497897, 0.0055496576, 0.0051319757, 0.0053465394, 0.00556941, 0.0060829055, 0.0066003967, 0.0070913746, 0.007326423, 0.0077791475, 0.008213383, 0.008424702, 0.008837134, 0.009235335, 0.009428605, 0.009802787, 0.0101588685, 0.010495974, 0.010657585, 0.010967375, 0.011260572, 0.011401324, 0.011671353, 0.011925526, 0.012162825, 0.012274508, 0.012483786, 0.012674282, 0.012762797, 0.012927769, 0.013078669, 0.013149635, 0.013283302, 0.013405679, 0.013515654, 0.013565579, 0.013654915, 0.013730379, 0.013763422, 0.013821573, 0.013872103, 0.013918047, 0.013940067, 0.013982934, 0.014022737, 0.014040811, 0.014071632, 0.014093662, 0.014101216, 0.014110148, 0.0141132185, 0.014113449, 0.014113627, 0.01411572, 0.014121188, 0.014125084, 0.014133855, 0.014141956, 0.014147092, 0.0141483545, 0.01414861, 0.014147913, 0.014147938, 0.014150322, 0.01415708, 0.014168377, 0.014175257, 0.014189718, 0.0142027, 0.014208065, 0.014216198, 0.014221869, 0.014224491, 0.01423087, 0.014240384, 0.01425392, 0.01426196, 0.0142789865, 0.014294656, 0.01430081, 0.014307878, 0.014306983, 0.014298942, 0.014292767, 0.014277639, 0.014259867, 0.014250211, 0.01422822, 0.014201241, 0.014184855, 0.014144355, 0.014091874, 0.014026505, 0.013989307, 0.013907024, 0.013815885, 0.013767294, 0.013663544, 0.013549354, 0.013422228, 0.013352908, 0.013201276, 0.013031576, 0.012939981, 0.012744758, 0.012535382, 0.012426092, 0.012199171, 0.011960186, 0.011706669, 0.011573466, 0.011291832, 0.010988403, 0.010828295, 0.010492276, 0.010137776, 0.009768839, 0.009579978, 0.009194255, 0.00879749, 0.008593758, 0.008171764, 0.0077237855, 0.0074870437, 0.00698071, 0.006424057, 0.0058284234, 0.005536732, 0.005085686, 0.0050863945, 0.005281048, 0, 0, 0, 0, 0, 0, 0, 0, 0
0, 0, 0, 0, 0, 0, 0, 0, 0, 0, 0.007504969, 0.006368342, 0.005353703, 0.005430943, 0.005627203, 0.006107566, 0.0065999883, 0.007071643, 0.0072994637, 0.007742624, 0.008172307, 0.00838247, 0.008792193, 0.009185356, 0.009374902, 0.0097383205, 0.010080418, 0.010401758, 0.01055539, 0.010850527, 0.011131182, 0.011266486, 0.011527063, 0.011772239, 0.01199937, 0.012105548, 0.012302476, 0.012479233, 0.012560729, 0.012711978, 0.012850308, 0.0129155945, 0.013039427, 0.013154301, 0.013259095, 0.013307466, 0.0133949835, 0.013470924, 0.013504859, 0.0135662565, 0.013621641, 0.013673627, 0.013698982, 0.013748514, 0.013794941, 0.013816119, 0.01385256, 0.0138796, 0.013889556, 0.013903265, 0.013911485, 0.013917765, 0.013921329, 0.013930813, 0.013944157, 0.013952068, 0.013968666, 0.0139839705, 0.013995921, 0.014000473, 0.01400753, 0.014013831, 0.014017555, 0.014027633, 0.014042239, 0.0140610505, 0.014071426, 0.0140920095, 0.014109841, 0.014117019, 0.014127404, 0.014134195, 0.014136957, 0.014143862, 0.014154492, 0.014170316, 0.014179953, 0.014201228, 0.014221733, 0.01423032, 0.014241667, 0.014243668, 0.014236792, 0.014230556, 0.014214536, 0.0141959535, 0.014186258, 0.01416606, 0.014143182, 0.014129834, 0.01409643, 0.014051171, 0.013991224, 0.013955639, 0.0138737, 0.013779214, 0.013727767, 0.013617222, 0.013496647, 0.013365505, 0.013295513, 0.013145099, 0.012979588, 0.01289106, 0.012702191, 0.012498755, 0.012391983, 0.012168504, 0.011931652, 0.011680057, 0.011548122, 0.011270226, 0.010971957, 0.010814623, 0.01048399, 0.010133752, 0.0097675985, 0.009579621, 0.009196097, 0.008802775, 0.008602205, 0.008191681, 0.007764807, 0.0075435336, 0.0070814537, 0.0065935636, 0.0061087823, 0.005900439, 0.00572412, 0.006213845, 0.0066566677, 0, 0, 0, 0, 0, 0, 0, 0, 0
0, 0, 0, 0, 0, 0, 0, 0, 0, 0, 0, 0.0055494597, 0.004984452, 0.0050333324, 0.005224146, 0.005730039, 0.006271302, 0.006794908, 0.0070470655, 0.007532914, 0.007994859, 0.008216628, 0.0086402865, 0.009035721, 0.009222627, 0.009574908, 0.009900304, 0.010202227, 0.010345388, 0.010618697, 0.010876754, 0.011000376, 0.01123624, 0.011456043, 0.011658798, 0.011753993, 0.0119329225, 0.012098834, 0.012177671, 0.0123284105, 0.012471454, 0.012540279, 0.012672773, 0.01279734, 0.012912619, 0.012966403, 0.013066323, 0.013156889, 0.013199136, 0.013278905, 0.013353468, 0.013424039, 0.013457909, 0.013522463, 0.013582346, 0.013610256, 0.013661728, 0.0137077, 0.013729157, 0.013770008, 0.013809858, 0.013850199, 0.013870813, 0.013912875, 0.0139553165, 0.0139759835, 0.014015202, 0.014049658, 0.014078725, 0.01409121, 0.01411371, 0.014134658, 0.014145387, 0.014168539, 0.014194745, 0.01422412, 0.014239453, 0.014269892, 0.014297177, 0.014308779, 0.014326466, 0.014337334, 0.014340331, 0.014343461, 0.014344837, 0.014346833, 0.014348408, 0.014352751, 0.014357223, 0.014358403, 0.014357101, 0.014347769, 0.014328776, 0.014315621, 0.014282648, 0.014242708, 0.014221167, 0.014175928, 0.014128694, 0.014104145, 0.0140517205, 0.013991393, 0.0139190005, 0.013877422, 0.013782341, 0.013671593, 0.01361103, 0.013481476, 0.013343795, 0.013200639, 0.013127343, 0.012975959, 0.012815306, 0.012730268, 0.012548089, 0.012347204, 0.012239154, 0.012007874, 0.01175763, 0.011491057, 0.011352746, 0.011067135, 0.010769554, 0.010615656, 0.010295509, 0.009955903, 0.009593972, 0.009403892, 0.009005207, 0.008581668, 0.008360788, 0.007901327, 0.0074185673, 0.007168586, 0.006651984, 0.0061250036, 0.00564683, 0.0054770755, 0.005485489, 0.006071866, 0, 0, 0, 0, 0, 0, 0, 0, 0, 0
0, 0, 0, 0, 0, 0, 0, 0, 0, 0, 0, 0.0066530714, 0.0049893004, 0.00479492, 0.0049728323, 0.0055184048, 0.0061209984, 0.006698894, 0.0069726096, 0.0074891024, 0.007966056, 0.008190204, 0.008610915, 0.008996714, 0.009177552, 0.009517597, 0.009832174, 0.010125116, 0.010264306, 0.01052976, 0.010778641, 0.010896976, 0.011121309, 0.011329382, 0.011522714, 0.011614637, 0.011791435, 0.011961151, 0.01204389, 0.012205543, 0.012361695, 0.012437421, 0.012583287, 0.012720422, 0.012847395, 0.012906926, 0.013018845, 0.013122708, 0.013172448, 0.013268054, 0.013359551, 0.013446781, 0.013488632, 0.013568618, 0.013643264, 0.013678647, 0.013745772, 0.013809224, 0.013840001, 0.0139008155, 0.013961414, 0.014022007, 0.014052124, 0.0141114555, 0.014168422, 0.014195718, 0.014246897, 0.014292388, 0.014332134, 0.014349981, 0.014382291, 0.0144115575, 0.014425488, 0.0144529, 0.014480524, 0.01450893, 0.014523347, 0.014551915, 0.014578096, 0.014589569, 0.0146077005, 0.014618243, 0.0146205025, 0.01461924, 0.014611928, 0.01460069, 0.014594397, 0.014581388, 0.014568084, 0.01456108, 0.01454459, 0.0145226, 0.014491796, 0.014472587, 0.014425963, 0.014369173, 0.0143375965, 0.014269924, 0.014198426, 0.014161647, 0.014085768, 0.014005056, 0.013915937, 0.013867278, 0.013759847, 0.013638044, 0.013572053, 0.013431537, 0.013282992, 0.013129852, 0.013052101, 0.012893707, 0.01272817, 0.012641151, 0.012455339, 0.012249848, 0.012138855, 0.011899948, 0.0116402125, 0.011363602, 0.011220772, 0.010928048, 0.01062715, 0.010472963, 0.01015452, 0.009817117, 0.009454625, 0.009262342, 0.008852983, 0.008409545, 0.008174969, 0.0076801553, 0.007150952, 0.006872682, 0.0062883357, 0.0056783296, 0.0051155617, 0.0049215746, 0.005064921, 0.006719126, 0, 0, 0, 0, 0, 0, 0, 0, 0, 0
0, 0, 0, 0, 0, 0, 0, 0, 0, 0, 0, 0, 0.004289461, 0.0045044282, 0.004770276, 0.005426227, 0.006098283, 0.0067186384, 0.007004951, 0.0075317235, 0.008002637, 0.008219374, 0.008619397, 0.008981696, 0.009151134, 0.0094713885, 0.009771561, 0.010054879, 0.010190593, 0.010450343, 0.010693651, 0.010808941, 0.011026818, 0.011229218, 0.011419418, 0.011511389, 0.011691931, 0.011870138, 0.011958649, 0.01213368, 0.012304313, 0.012387197, 0.012546976, 0.012697441, 0.012837966, 0.0129047735, 0.013032983, 0.013156156, 0.013216503, 0.013335427, 0.013451625, 0.013564145, 0.013618626, 0.013723253, 0.013822162, 0.013869525, 0.01396047, 0.014047422, 0.014089803, 0.014172872, 0.01425419, 0.014332977, 0.014371079, 0.014444531, 0.014513607, 0.014546483, 0.014608671, 0.014665853, 0.014717892, 0.014741979, 0.014786227, 0.014825148, 0.014842488, 0.014873454, 0.014899895, 0.01492321, 0.014934131, 0.014954539, 0.014972744, 0.014980679, 0.014992767, 0.014997674, 0.014997002, 0.014988034, 0.0149693675, 0.01494266, 0.014927118, 0.0148939, 0.014859376, 0.014841799, 0.014805663, 0.014765776, 0.014718506, 0.014690992, 0.014627062, 0.01455042, 0.014507739, 0.014415773, 0.0143180415, 0.0142679745, 0.014166363, 0.014062197, 0.013953033, 0.013895329, 0.013771792, 0.013635176, 0.013561771, 0.0134058865, 0.013240914, 0.01307087, 0.012984994, 0.012811223, 0.012632831, 0.012540411, 0.012345618, 0.012133227, 0.012019181, 0.011774878, 0.011510078, 0.011229021, 0.011084131, 0.010788436, 0.010486014, 0.010331641, 0.010013858, 0.009677474, 0.009314767, 0.009121368, 0.008707283, 0.00825492, 0.008014085, 0.0075030355, 0.0069508795, 0.006657809, 0.0060333908, 0.005362739, 0.0047012763, 0.0044263774, 0.004181328, 0, 0, 0, 0, 0, 0, 0, 0, 0, 0, 0
0, 0, 0, 0, 0, 0, 0, 0, 0, 0, 0, 0, 0.0043877433, 0.0046029193, 0.0048786285, 0.0055533685, 0.0062326007, 0.0068455487, 0.007123177, 0.007624803, 0.008063439, 0.008262636, 0.0086277705, 0.008958772, 0.009114849, 0.009413988, 0.00970054, 0.009976475, 0.010110247, 0.010368091, 0.010611099, 0.010726562, 0.010945817, 0.011151282, 0.011347327, 0.011443479, 0.011634531, 0.011826056, 0.011921766, 0.012111785, 0.012297311, 0.012387456, 0.012561612, 0.012726688, 0.012883688, 0.012959721, 0.013109328, 0.013257485, 0.013331533, 0.013479719, 0.013626343, 0.013769412, 0.013839029, 0.013973651, 0.014101861, 0.014163499, 0.014282267, 0.014395526, 0.01445027, 0.014556438, 0.014657348, 0.0147524765, 0.014797542, 0.014882842, 0.014961951, 0.014999565, 0.015071646, 0.015139777, 0.015204099, 0.01523453, 0.015290805, 0.015339531, 0.015360314, 0.015394586, 0.015419095, 0.015435698, 0.015441685, 0.015450489, 0.015456063, 0.015457664, 0.015457843, 0.015451736, 0.015445308, 0.015424546, 0.01539198, 0.015348264, 0.015323312, 0.015268871, 0.01521123, 0.01518184, 0.015121834, 0.015058448, 0.014988585, 0.014949994, 0.014863699, 0.014763974, 0.014709533, 0.01459307, 0.014470227, 0.014407664, 0.014281606, 0.014154437, 0.01402369, 0.013955966, 0.013812826, 0.013657027, 0.013573891, 0.013397542, 0.013210733, 0.0130177345, 0.012920381, 0.012724901, 0.012527492, 0.012427096, 0.012219735, 0.01199927, 0.011882733, 0.011636075, 0.011371614, 0.011092808, 0.010949292, 0.010656539, 0.010356743, 0.010203876, 0.009888535, 0.0095548555, 0.009195387, 0.009003901, 0.0085948, 0.00814919, 0.007912476, 0.0074112676, 0.0068708295, 0.006584031, 0.0059728366, 0.005315416, 0.004668669, 0.0044035795, 0.004192931, 0, 0, 0, 0, 0, 0, 0, 0, 0, 0, 0
0, 0, 0, 0, 0, 0, 0, 0, 0, 0, 0, 0, 0.005109232, 0.0051028035, 0.005295089, 0.0058531626, 0.0064522726, 0.006999843, 0.007247791, 0.007694785, 0.008085555, 0.008263695, 0.008593625, 0.008898465, 0.009044993, 0.00933105, 0.009611173, 0.009885367, 0.010019623, 0.010280314, 0.010528411, 0.010647299, 0.010875372, 0.011092829, 0.0113038495, 0.011408347, 0.011617445, 0.011827445, 0.011932417, 0.012140569, 0.012343651, 0.012442505, 0.0126341665, 0.012818117, 0.012996275, 0.013084113, 0.0132593205, 0.013435755, 0.013524598, 0.013702616, 0.013878846, 0.01405055, 0.014134066, 0.014295729, 0.01445008, 0.014524478, 0.014668028, 0.014805012, 0.014871105, 0.01499839, 0.015118011, 0.015228991, 0.015280923, 0.015377989, 0.015467029, 0.015509257, 0.015589968, 0.015667083, 0.015740484, 0.015775377, 0.015840096, 0.0158956, 0.015918799, 0.01595533, 0.015978439, 0.015989626, 0.01599156, 0.01598998, 0.015982848, 0.015977506, 0.015963184, 0.015942376, 0.015928587, 0.015892832, 0.015844421, 0.01578368, 0.015749272, 0.015674498, 0.015593969, 0.015552353, 0.015466219, 0.015375653, 0.015278244, 0.015226037, 0.015112948, 0.014987673, 0.014920605, 0.014779873, 0.014633722, 0.014559728, 0.014411319, 0.014261825, 0.014109111, 0.014030316, 0.013865217, 0.013687469, 0.013593194, 0.013394572, 0.013184817, 0.0129688, 0.012859808, 0.012642225, 0.012425031, 0.012316002, 0.012094648, 0.011865073, 0.011745931, 0.011497234, 0.011234674, 0.010960115, 0.01081923, 0.010532193, 0.0102383355, 0.01008831, 0.00977899, 0.00945232, 0.009102027, 0.008916411, 0.008522217, 0.008096439, 0.00787181, 0.0073989094, 0.0068936488, 0.006627726, 0.006067993, 0.005485018, 0.004958563, 0.004780216, 0.004791722, 0, 0, 0, 0, 0, 0, 0, 0, 0, 0, 0
0, 0, 0, 0, 0, 0, 0, 0, 0, 0, 0, 0, 0.0062325145, 0.005739923, 0.005771097, 0.0061256746, 0.0066030645, 0.007065395, 0.0072789527, 0.007670273, 0.008021046, 0.008184579, 0.008495047, 0.008790988, 0.008936269, 0.009223573, 0.009507842, 0.009787636, 0.009925, 0.010192867, 0.010450249, 0.010574984, 0.010817616, 0.011053504, 0.011286302, 0.011402521, 0.011635496, 0.011869129, 0.011985519, 0.012215793, 0.012440499, 0.012550201, 0.012764364, 0.012972266, 0.013176192, 0.0132775055, 0.013480208, 0.013684048, 0.013786134, 0.013989093, 0.014188063, 0.014380301, 0.014473439, 0.014653366, 0.014825134, 0.014908109, 0.015068836, 0.015223094, 0.0152979465, 0.015442369, 0.015578448, 0.015704876, 0.015763942, 0.015874064, 0.015974224, 0.016021134, 0.01610957, 0.016192067, 0.016268807, 0.016304819, 0.016370673, 0.016426526, 0.01644978, 0.016485926, 0.016507732, 0.016516302, 0.016516162, 0.016508415, 0.016492127, 0.016481005, 0.0164533, 0.016417012, 0.016395133, 0.01634305, 0.016278485, 0.016201694, 0.016159037, 0.016066592, 0.015966227, 0.01591352, 0.015803084, 0.015685793, 0.015560311, 0.015493976, 0.015353568, 0.015202581, 0.0151235275, 0.014959856, 0.014792017, 0.014707335, 0.0145373065, 0.014365712, 0.014190086, 0.014099686, 0.013911766, 0.013712031, 0.013607396, 0.013389213, 0.013161487, 0.012928521, 0.01281133, 0.0125776, 0.012344957, 0.012228755, 0.011994232, 0.011754023, 0.011630792, 0.011376433, 0.011111269, 0.010836558, 0.010696483, 0.0104120895, 0.010122404, 0.009975286, 0.0096735535, 0.009357557, 0.009021936, 0.008845306, 0.008472673, 0.008073288, 0.007863415, 0.0074234996, 0.0069551575, 0.0067097577, 0.0061985375, 0.0056900135, 0.005311891, 0.005265174, 0.005706948, 0, 0, 0, 0, 0, 0, 0, 0, 0, 0, 0
0, 0, 0, 0, 0, 0, 0, 0, 0, 0, 0, 0, 0.007296789, 0.006066028, 0.005945419, 0.006142786, 0.0065403543, 0.00695265, 0.0071481573, 0.007514403, 0.007854232, 0.008016997, 0.008333235, 0.008641894, 0.008794509, 0.009097077, 0.009395246, 0.009687067, 0.009829888, 0.010108947, 0.010379451, 0.010511873, 0.010772881, 0.011031104, 0.011289163, 0.0114185875, 0.011678121, 0.011937202, 0.012065883, 0.012319884, 0.012568192, 0.012689932, 0.012928843, 0.013163026, 0.013393724, 0.013508403, 0.013736651, 0.013963041, 0.014075069, 0.014295244, 0.014508231, 0.014712273, 0.014810822, 0.015000861, 0.015182309, 0.015270284, 0.015441279, 0.015606442, 0.015686946, 0.015843354, 0.015992159, 0.016131368, 0.01619691, 0.016319348, 0.016430406, 0.016481683, 0.01657614, 0.016660143, 0.016734488, 0.01676795, 0.016827608, 0.016876651, 0.016896896, 0.016928473, 0.016947694, 0.016954856, 0.016954077, 0.016943678, 0.016921867, 0.0169066, 0.0168678, 0.016817413, 0.01678787, 0.016720062, 0.016640669, 0.016550135, 0.01650094, 0.016395345, 0.016280547, 0.01621969, 0.016091146, 0.015952595, 0.015804285, 0.015726285, 0.015562967, 0.015390759, 0.015301647, 0.015119108, 0.0149326, 0.014838458, 0.014648422, 0.014455153, 0.014256938, 0.014155182, 0.013945468, 0.0137263555, 0.013613296, 0.013381089, 0.0131426845, 0.012901432, 0.012780394, 0.012538474, 0.012296364, 0.012174863, 0.011928845, 0.011676679, 0.0115475, 0.011282219, 0.011007539, 0.0107254805, 0.010582407, 0.010293822, 0.010002832, 0.009856275, 0.00955917, 0.009252742, 0.00893179, 0.008764263, 0.008413165, 0.008038459, 0.0078418795, 0.0074285734, 0.0069851885, 0.0067506465, 0.0062572756, 0.005765434, 0.0054393252, 0.005474645, 0.006503042, 0, 0, 0, 0, 0, 0, 0, 0, 0, 0, 0
0, 0, 0, 0, 0, 0, 0, 0, 0, 0, 0, 0, 0.0063733733, 0.005770161, 0.005668516, 0.0058441325, 0.0062324908, 0.006650044, 0.0068514748, 0.0072352057, 0.007598133, 0.0077742147, 0.008118973, 0.008456299, 0.008622434, 0.008949247, 0.0092678275, 0.009576789, 0.00972761, 0.010022761, 0.010311123, 0.010453602, 0.010736713, 0.011019482, 0.011303161, 0.011445383, 0.011729493, 0.012011422, 0.012150885, 0.012425711, 0.01269481, 0.01282724, 0.013088356, 0.013345281, 0.013598692, 0.013724039, 0.013971562, 0.014213398, 0.014331762, 0.014562034, 0.014782935, 0.014993965, 0.015095938, 0.01529318, 0.015482143, 0.015573794, 0.015752103, 0.01592419, 0.016007934, 0.016170561, 0.01632543, 0.01647128, 0.016540399, 0.01667024, 0.016788254, 0.016842328, 0.016939918, 0.017022971, 0.01709171, 0.017121024, 0.017170524, 0.01720876, 0.017224109, 0.017247524, 0.017261636, 0.017265992, 0.017264152, 0.017251428, 0.017225353, 0.017206859, 0.017158907, 0.017096734, 0.017060708, 0.016979678, 0.016888037, 0.016786939, 0.016733274, 0.016619446, 0.016496418, 0.01643121, 0.016292382, 0.016141796, 0.015979566, 0.01589433, 0.015716715, 0.015531003, 0.0154357, 0.015241005, 0.015041894, 0.014940724, 0.014735058, 0.014524078, 0.014306892, 0.014195657, 0.013968071, 0.013733926, 0.013614811, 0.013373611, 0.013129997, 0.012885299, 0.012762813, 0.012516874, 0.012268771, 0.0121429935, 0.01188669, 0.011622286, 0.011486486, 0.011207979, 0.010920741, 0.010627058, 0.010478659, 0.010180427, 0.0098819, 0.009732586, 0.009432692, 0.009128042, 0.008813547, 0.0086509865, 0.008312092, 0.007952069, 0.0077629406, 0.007364456, 0.006933653, 0.006703816, 0.006214017, 0.005710706, 0.0053193057, 0.005248839, 0.005453343, 0, 0, 0, 0, 0, 0, 0, 0, 0, 0, 0
0, 0, 0, 0, 0, 0, 0, 0, 0, 0, 0, 0, 0.007300047, 0.0055900794, 0.005308207, 0.0053720633, 0.0057651433, 0.0062207268, 0.006445118, 0.0068756947, 0.0072839586, 0.007481505, 0.007866152, 0.008238429, 0.008420229, 0.008774843, 0.009117371, 0.009448565, 0.009610419, 0.009928228, 0.010240647, 0.010395674, 0.010704641, 0.011012867, 0.01132026, 0.011473218, 0.011776666, 0.012075048, 0.012221975, 0.012511113, 0.0127944285, 0.012934278, 0.01321057, 0.013482641, 0.013750123, 0.013881673, 0.014139432, 0.014388881, 0.014510052, 0.014745244, 0.014970926, 0.015187892, 0.015293405, 0.015498395, 0.015695598, 0.015791124, 0.015975676, 0.016151534, 0.016236011, 0.016398145, 0.016550835, 0.01669406, 0.016762273, 0.016891008, 0.017008852, 0.017062955, 0.01716003, 0.01724059, 0.017304447, 0.017330253, 0.01737131, 0.017399946, 0.017410547, 0.017425286, 0.017432394, 0.017431416, 0.017427338, 0.017410142, 0.017378943, 0.017357362, 0.017301954, 0.01723106, 0.017190328, 0.01710009, 0.017000353, 0.016892996, 0.01683665, 0.016718853, 0.016592674, 0.016526008, 0.016383959, 0.016229391, 0.01606259, 0.015975008, 0.015792737, 0.01560283, 0.015505595, 0.01530716, 0.015103288, 0.014999162, 0.014785715, 0.014564858, 0.014336539, 0.014219572, 0.013981198, 0.0137380855, 0.013615349, 0.013368595, 0.013121013, 0.012872958, 0.01274852, 0.012497695, 0.012242422, 0.01211242, 0.011846624, 0.011571702, 0.011430769, 0.011141959, 0.010845272, 0.01054254, 0.010389393, 0.010081471, 0.009772091, 0.009617154, 0.009306081, 0.008991219, 0.0086688055, 0.008503082, 0.008159526, 0.0077961753, 0.0076057157, 0.00720478, 0.00677367, 0.006545794, 0.0060718996, 0.0056238547, 0.0053913104, 0.0054725916, 0.006107821, 0, 0, 0, 0, 0, 0, 0, 0, 0, 0, 0
0, 0, 0, 0, 0, 0, 0, 0, 0, 0, 0, 0, 0, 0.00495171, 0.00476544, 0.004837671, 0.005255335, 0.005763096, 0.006016232, 0.0065021375, 0.006959353, 0.0071786423, 0.0076016644, 0.008007005, 0.008203696, 0.008585939, 0.008955, 0.009312765, 0.009488232, 0.00983402, 0.010175088, 0.01034414, 0.0106799835, 0.01101192, 0.011338623, 0.01149946, 0.011815423, 0.012123103, 0.012273908, 0.012570434, 0.012861146, 0.013004725, 0.013288219, 0.013566663, 0.013838437, 0.013971391, 0.014230303, 0.014479464, 0.014600352, 0.014835397, 0.015062622, 0.015283241, 0.015391332, 0.015602416, 0.015805596, 0.015903512, 0.016090598, 0.016264826, 0.01634688, 0.016501078, 0.016643181, 0.01677514, 0.016837722, 0.01695673, 0.017066898, 0.017118037, 0.017210657, 0.017288402, 0.017349632, 0.017374102, 0.017411364, 0.017435376, 0.017443145, 0.01745166, 0.017452309, 0.017444896, 0.017437706, 0.0174148, 0.017378144, 0.017354073, 0.017293952, 0.017218694, 0.017176066, 0.017082516, 0.016980302, 0.016871532, 0.01681484, 0.016696854, 0.016571105, 0.016504798, 0.01636393, 0.016211063, 0.016046712, 0.015960436, 0.015781237, 0.0155948615, 0.015499478, 0.015304751, 0.015103952, 0.015000965, 0.014788822, 0.014568086, 0.014338731, 0.014221158, 0.013981456, 0.013736936, 0.013613393, 0.013364765, 0.013114181, 0.01286136, 0.012733741, 0.012475175, 0.012210942, 0.0120765455, 0.011802164, 0.01152058, 0.011376988, 0.011084299, 0.010784982, 0.010479398, 0.010324357, 0.010010136, 0.009690337, 0.009528333, 0.009200028, 0.008864882, 0.008520702, 0.008343791, 0.007977878, 0.0075914953, 0.00738927, 0.006964247, 0.00651056, 0.006274277, 0.005801233, 0.005412411, 0.005401133, 0.00573812, 0.007600946, 0, 0, 0, 0, 0, 0, 0, 0, 0, 0, 0
0, 0, 0, 0, 0, 0, 0, 0, 0, 0, 0, 0, 0, 0.0049904906, 0.0044859974, 0.0043895086, 0.004825671, 0.005383928, 0.0056623914, 0.0061933654, 0.0066876826, 0.0069231894, 0.007375045, 0.0078063714, 0.008015583, 0.008423225, 0.008818558, 0.009203743, 0.009393123, 0.009766836, 0.01013434, 0.010315743, 0.010673456, 0.01102268, 0.011361774, 0.011527057, 0.011849043, 0.012160397, 0.012312722, 0.0126117375, 0.012904758, 0.013049226, 0.013333672, 0.013611219, 0.013879783, 0.014010144, 0.014262676, 0.014504527, 0.014621819, 0.014850063, 0.015072022, 0.015289002, 0.015395565, 0.015604183, 0.015804287, 0.01590011, 0.016081091, 0.016246056, 0.016322272, 0.016462611, 0.016589064, 0.016704647, 0.016759347, 0.016863635, 0.016961372, 0.017007343, 0.017092405, 0.017165734, 0.017225368, 0.017249592, 0.01728678, 0.017309962, 0.017316889, 0.017322859, 0.017319635, 0.017307665, 0.017298138, 0.01727087, 0.017231008, 0.017206123, 0.017145962, 0.017072633, 0.01703152, 0.016942045, 0.016844455, 0.016740406, 0.016686058, 0.016572282, 0.016450472, 0.016386067, 0.016249474, 0.016102128, 0.01594435, 0.015861968, 0.015691034, 0.015513556, 0.015422747, 0.0152369905, 0.015045212, 0.014946655, 0.014743347, 0.01453141, 0.014310709, 0.014197494, 0.013965877, 0.013728323, 0.013607648, 0.013362829, 0.01311314, 0.012857852, 0.0127279, 0.012462819, 0.0121912975, 0.012053292, 0.011773483, 0.011488991, 0.011344918, 0.0110531915, 0.0107558705, 0.010451602, 0.0102964, 0.009978553, 0.009649746, 0.009480917, 0.009134096, 0.008775193, 0.008403207, 0.008211422, 0.007813945, 0.007393415, 0.0071728043, 0.0067070383, 0.0062073427, 0.005946875, 0.005430026, 0.005022375, 0.0049964273, 0.0052188127, 0, 0, 0, 0, 0, 0, 0, 0, 0, 0, 0, 0
0, 0, 0, 0, 0, 0, 0, 0, 0, 0, 0, 0, 0, 0.003944611, 0.0038797096, 0.0040737484, 0.0045865714, 0.005179203, 0.0054698745, 0.0060205953, 0.0065318514, 0.00677529, 0.007243438, 0.0076920763, 0.007910649, 0.0083381375, 0.008754794, 0.00916153, 0.009361555, 0.009754603, 0.010138381, 0.010326474, 0.010694372, 0.011050028, 0.011392272, 0.011558362, 0.011880837, 0.012192107, 0.012344295, 0.012642684, 0.012934389, 0.013077496, 0.013358055, 0.013629141, 0.013888897, 0.01401414, 0.0142550245, 0.014483859, 0.014594294, 0.01480855, 0.015016233, 0.015218421, 0.015317483, 0.0155105265, 0.01569458, 0.015782183, 0.015946755, 0.016095499, 0.016163612, 0.016288055, 0.01639895, 0.0164995, 0.01654683, 0.016636832, 0.016721243, 0.0167612, 0.016835732, 0.01690161, 0.016956583, 0.016979521, 0.0170156, 0.017038625, 0.017045686, 0.017051816, 0.017048255, 0.017035421, 0.017025372, 0.016997702, 0.0169594, 0.016936196, 0.016881637, 0.016816627, 0.016780531, 0.016701974, 0.016615968, 0.016523022, 0.01647392, 0.016369859, 0.016256636, 0.016196275, 0.01606813, 0.015930207, 0.015783142, 0.015706643, 0.015548223, 0.015383632, 0.015299285, 0.015126559, 0.014947763, 0.014855838, 0.014666169, 0.014468453, 0.014262945, 0.014157483, 0.013940913, 0.013717421, 0.013603173, 0.013369322, 0.013127911, 0.012877589, 0.012749033, 0.012484801, 0.01221238, 0.012073738, 0.011792809, 0.011508082, 0.0113643715, 0.011073591, 0.010776856, 0.0104719745, 0.01031551, 0.009993058, 0.009655516, 0.009480672, 0.009118297, 0.00873948, 0.008344138, 0.008139759, 0.0077152303, 0.0072650244, 0.0070279017, 0.006523943, 0.0059746685, 0.0056840517, 0.0050987955, 0.004643077, 0.0047540492, 0.0052903662, 0, 0, 0, 0, 0, 0, 0, 0, 0, 0, 0, 0
0, 0, 0, 0, 0, 0, 0, 0, 0, 0, 0, 0, 0, 0.0042806366, 0.004140929, 0.0042028404, 0.004637091, 0.0051909355, 0.0054709534, 0.006010786, 0.0065197465, 0.0067642108, 0.007238064, 0.0076955394, 0.007919495, 0.008358687, 0.008786942, 0.009203931, 0.009407888, 0.0098064635, 0.010191836, 0.010379336, 0.010743868, 0.011094131, 0.011430531, 0.011593878, 0.011911836, 0.012219275, 0.012369601, 0.012663749, 0.01294914, 0.013088381, 0.013358979, 0.01361804, 0.0138640925, 0.013981908, 0.014207288, 0.014419542, 0.0145213185, 0.01471699, 0.014903927, 0.015083311, 0.015170105, 0.015337546, 0.015495733, 0.015570942, 0.015712382, 0.01584142, 0.015901225, 0.016011745, 0.01611143, 0.016202107, 0.016244609, 0.01632433, 0.016397426, 0.0164313, 0.016493674, 0.016547956, 0.016593533, 0.016612764, 0.016643584, 0.016664498, 0.016671484, 0.016678872, 0.016677797, 0.016668133, 0.016659973, 0.01663672, 0.016604591, 0.01658526, 0.016540634, 0.016488113, 0.016459106, 0.016395539, 0.01632523, 0.016247978, 0.016206507, 0.016117016, 0.01601801, 0.015964735, 0.015850779, 0.015727803, 0.015596886, 0.0155286845, 0.015387339, 0.015240187, 0.015164454, 0.015008712, 0.014846492, 0.0147627145, 0.014589385, 0.01440858, 0.014220297, 0.014123634, 0.013924982, 0.013718977, 0.013613208, 0.013395716, 0.01316933, 0.01293293, 0.012810553, 0.012556989, 0.012292577, 0.012156871, 0.011879688, 0.011595951, 0.011451755, 0.011158127, 0.010856449, 0.010544967, 0.010384686, 0.010053756, 0.0097066825, 0.009526694, 0.009153301, 0.008762361, 0.0083539905, 0.008142903, 0.007704913, 0.0072414526, 0.0069975895, 0.006478265, 0.0059069972, 0.005600564, 0.0049656904, 0.0044068983, 0.0041890093, 0.004256197, 0, 0, 0, 0, 0, 0, 0, 0, 0, 0, 0, 0
0, 0, 0, 0, 0, 0, 0, 0, 0, 0, 0, 0, 0, 0.005341584, 0.0049853898, 0.004634802, 0.0048675127, 0.0053403745, 0.005600601, 0.0061200825, 0.0066216895, 0.006865418, 0.0073405136, 0.007801469, 0.008027281, 0.0084699, 0.008899551, 0.009315091, 0.009517084, 0.009908994, 0.0102845635, 0.010466195, 0.010817908, 0.011155268, 0.011479893, 0.011638014, 0.0119464435, 0.012245069, 0.012390749, 0.012674169, 0.012946237, 0.013077682, 0.013330963, 0.013570997, 0.013797655, 0.01390595, 0.014112773, 0.014307029, 0.01439972, 0.014576846, 0.014743508, 0.014899888, 0.014974207, 0.015115196, 0.015246553, 0.015308803, 0.015426943, 0.015537214, 0.015589506, 0.015688926, 0.015781386, 0.015866758, 0.01590661, 0.01598015, 0.016044583, 0.016073313, 0.01612372, 0.016165188, 0.016198628, 0.01621259, 0.016235575, 0.016252786, 0.01625944, 0.016268717, 0.016272299, 0.016268974, 0.016264385, 0.016249148, 0.016226118, 0.016211843, 0.01617862, 0.016138975, 0.016117025, 0.016068788, 0.016014673, 0.015954526, 0.01592172, 0.015850136, 0.015769636, 0.015725803, 0.015631486, 0.015529062, 0.015419377, 0.015362087, 0.0152426455, 0.01511743, 0.015052538, 0.014917925, 0.01477591, 0.014701835, 0.014546901, 0.014383276, 0.0142115485, 0.014123109, 0.013940687, 0.01375135, 0.013654001, 0.013453667, 0.013245146, 0.013026696, 0.012913326, 0.012676611, 0.012426325, 0.012296173, 0.012026234, 0.011744417, 0.0115991905, 0.011300134, 0.0109897815, 0.01066743, 0.010501636, 0.010159793, 0.0098030735, 0.009618703, 0.009237793, 0.00884061, 0.008426863, 0.008213581, 0.007772916, 0.007310024, 0.00706848, 0.0065593426, 0.0060087102, 0.00571778, 0.0051309727, 0.004659621, 0.004587517, 0.004738845, 0, 0, 0, 0, 0, 0, 0, 0, 0, 0, 0, 0
0, 0, 0, 0, 0, 0, 0, 0, 0, 0, 0, 0, 0, 0.006843932, 0.0058329445, 0.0049274256, 0.0050340723, 0.0054827672, 0.005741523, 0.0062641036, 0.0067714965, 0.0070181135, 0.0074982313, 0.007962446, 0.00818897, 0.008630563, 0.009056131, 0.009464208, 0.0096614845, 0.010041936, 0.0104043735, 0.010579077, 0.010916518, 0.011239734, 0.011550697, 0.011701963, 0.011996601, 0.012280386, 0.01241789, 0.012683082, 0.012934171, 0.013054229, 0.013283469, 0.0134988325, 0.013701599, 0.0137986755, 0.013984961, 0.014160913, 0.014245443, 0.014406923, 0.014557835, 0.014697539, 0.014762917, 0.01488472, 0.014996076, 0.015048386, 0.015147969, 0.015242432, 0.015288221, 0.01537728, 0.015462599, 0.0155426655, 0.015580203, 0.015648738, 0.015706861, 0.015731808, 0.0157733, 0.015805122, 0.015829327, 0.01583941, 0.015856795, 0.015872078, 0.015879098, 0.015891891, 0.015901601, 0.015906429, 0.015906403, 0.015900804, 0.015887769, 0.015878646, 0.015855681, 0.015827227, 0.01581134, 0.015776206, 0.015736895, 0.015693182, 0.015669271, 0.015616431, 0.015555926, 0.015522653, 0.015449999, 0.015370038, 0.0152833685, 0.015237771, 0.015142122, 0.015040957, 0.014988164, 0.014877172, 0.014757978, 0.014694534, 0.014559391, 0.014413136, 0.014256852, 0.0141752735, 0.014006208, 0.013829913, 0.013739159, 0.013552742, 0.013358904, 0.013156189, 0.013050734, 0.012829679, 0.012593284, 0.01246886, 0.012207296, 0.011928892, 0.0117836, 0.011481429, 0.011164807, 0.010834537, 0.010664526, 0.010313992, 0.009949265, 0.00976134, 0.009373702, 0.008970105, 0.008550087, 0.008333817, 0.007887932, 0.0074230586, 0.007182841, 0.0066852747, 0.006167193, 0.005906784, 0.0054350877, 0.0052187755, 0.0056276806, 0.006023223, 0, 0, 0, 0, 0, 0, 0, 0, 0, 0, 0, 0
0, 0, 0, 0, 0, 0, 0, 0, 0, 0, 0, 0, 0, 0, 0.0049801096, 0.0048030713, 0.005054667, 0.005553452, 0.005830584, 0.0063848267, 0.0069170403, 0.007173296, 0.0076676495, 0.00813979, 0.008368116, 0.008809639, 0.009231387, 0.009632807, 0.0098259915, 0.010197373, 0.010549936, 0.010719435, 0.011046043, 0.011357347, 0.011654639, 0.01179822, 0.012075787, 0.01233981, 0.012466465, 0.012708508, 0.0129349725, 0.01304235, 0.013246092, 0.0134363705, 0.013615201, 0.013700931, 0.013866393, 0.014024639, 0.014101165, 0.0142487325, 0.014387844, 0.014516688, 0.014577027, 0.014688567, 0.014788998, 0.014835513, 0.014922893, 0.015004751, 0.015044384, 0.015121569, 0.015196315, 0.015267615, 0.015301365, 0.015363535, 0.015416819, 0.015439603, 0.01547772, 0.015506852, 0.015529407, 0.015539177, 0.015557438, 0.015575394, 0.015584559, 0.015603067, 0.015620319, 0.01563403, 0.015638912, 0.015643246, 0.015639968, 0.015635446, 0.015621763, 0.015603027, 0.0155923525, 0.015568948, 0.01554358, 0.015515591, 0.015500247, 0.015465448, 0.015423773, 0.015400166, 0.015346815, 0.0152862305, 0.015219091, 0.015183332, 0.015108219, 0.015028342, 0.014986454, 0.014897767, 0.014800512, 0.0147477295, 0.014632469, 0.014503621, 0.014361963, 0.014286793, 0.014128874, 0.013962503, 0.013876523, 0.013699143, 0.013514372, 0.013320542, 0.01321941, 0.013006953, 0.01277848, 0.012657624, 0.012402257, 0.012128655, 0.011985267, 0.011685924, 0.011371079, 0.011041359, 0.010870818, 0.010518186, 0.010149067, 0.009957968, 0.009561907, 0.0091468105, 0.008712198, 0.008487366, 0.008022148, 0.007535798, 0.0072845793, 0.006767424, 0.0062412363, 0.005987743, 0.005578731, 0.0055797324, 0.00668063, 0.0078031574, 0, 0, 0, 0, 0, 0, 0, 0, 0, 0, 0, 0
0, 0, 0, 0, 0, 0, 0, 0, 0, 0, 0, 0, 0, 0, 0.005590385, 0.005035622, 0.005113191, 0.005594531, 0.0058870628, 0.006484144, 0.0070560356, 0.0073282947, 0.007845842, 0.008331183, 0.008563039, 0.009007062, 0.009426664, 0.009823678, 0.010014061, 0.01037946, 0.010725223, 0.010891055, 0.011208888, 0.011508952, 0.011791819, 0.011927038, 0.012185379, 0.012428047, 0.012543541, 0.01276343, 0.012968624, 0.013065884, 0.013250332, 0.013422035, 0.013582613, 0.013659216, 0.013806768, 0.013947874, 0.014016299, 0.014149155, 0.014276061, 0.014395792, 0.014452455, 0.014558382, 0.014654012, 0.014698002, 0.014778581, 0.014851336, 0.014885431, 0.014950445, 0.015012536, 0.0150723, 0.01510128, 0.01515642, 0.015206526, 0.015229202, 0.015269495, 0.01530327, 0.015331999, 0.015345237, 0.015370506, 0.015395616, 0.015408338, 0.015434068, 0.015459223, 0.015481446, 0.015490816, 0.015504456, 0.015510626, 0.015510928, 0.015506918, 0.015498417, 0.015493192, 0.015482028, 0.015470496, 0.015457787, 0.015450392, 0.015431686, 0.015405883, 0.015389791, 0.015350918, 0.015303594, 0.015249384, 0.015220173, 0.015158621, 0.01509332, 0.015059137, 0.014986599, 0.0149061, 0.014861798, 0.0147632975, 0.0146500785, 0.014522005, 0.014452765, 0.014305345, 0.014147624, 0.014065333, 0.013894224, 0.013713944, 0.0135228755, 0.013422461, 0.01321064, 0.0129824085, 0.012861893, 0.0126080755, 0.012338109, 0.012197553, 0.0119053805, 0.011599014, 0.011277464, 0.011110352, 0.010761655, 0.010391469, 0.010197657, 0.00979141, 0.009359626, 0.008902297, 0.008663716, 0.008166047, 0.0076386854, 0.007362886, 0.006787751, 0.0061944476, 0.005907702, 0.005448742, 0.0054047047, 0.0059448234, 0, 0, 0, 0, 0, 0, 0, 0, 0, 0, 0, 0, 0
0, 0, 0, 0, 0, 0, 0, 0, 0, 0, 0, 0, 0, 0, 0.0069363727, 0.0052997447, 0.005138261, 0.0056287167, 0.0059493072, 0.0066061285, 0.0072258627, 0.007515925, 0.008058273, 0.008556237, 0.008790808, 0.009235166, 0.009650391, 0.010040583, 0.010227262, 0.010584731, 0.01092196, 0.011083026, 0.011389938, 0.011676368, 0.011942799, 0.012068951, 0.012308372, 0.0125322305, 0.012638956, 0.01284333, 0.013036543, 0.013128938, 0.013305172, 0.013469285, 0.0136210015, 0.0136924805, 0.013827731, 0.013954388, 0.014015134, 0.014132803, 0.014246214, 0.014355895, 0.014408918, 0.014510508, 0.014604005, 0.014647132, 0.014725279, 0.014793506, 0.0148244025, 0.014881561, 0.014934739, 0.01498625, 0.015011951, 0.015062944, 0.015113278, 0.015137763, 0.015184138, 0.015226498, 0.0152650215, 0.015283104, 0.015317747, 0.015351131, 0.015367541, 0.015400038, 0.015431481, 0.015460423, 0.015473325, 0.015495077, 0.015510462, 0.015515688, 0.015522336, 0.015525465, 0.015526405, 0.015528136, 0.015529829, 0.01553029, 0.015529277, 0.015523264, 0.015509185, 0.015498507, 0.015469213, 0.015430136, 0.015383156, 0.015357494, 0.015303019, 0.01524516, 0.015214767, 0.015150091, 0.015078079, 0.015038265, 0.014948992, 0.014845474, 0.014726974, 0.014662332, 0.014523492, 0.014373286, 0.014294283, 0.014128681, 0.013951435, 0.013760458, 0.0136590805, 0.013443363, 0.013210133, 0.013087124, 0.012829732, 0.012559169, 0.012419725, 0.012132626, 0.011833926, 0.011520801, 0.011357418, 0.011013611, 0.010643179, 0.010446979, 0.010030776, 0.009582814, 0.009103589, 0.008852053, 0.00832318, 0.00775466, 0.0074527753, 0.006809625, 0.0061242897, 0.0057848427, 0.00524079, 0.005318793, 0.006885869, 0, 0, 0, 0, 0, 0, 0, 0, 0, 0, 0, 0, 0
0, 0, 0, 0, 0, 0, 0, 0, 0, 0, 0, 0, 0, 0, 0, 0.0048800954, 0.0051074536, 0.005731188, 0.006092245, 0.0068052886, 0.0074587716, 0.0077594053, 0.008313172, 0.008812397, 0.009044809, 0.009480379, 0.009883327, 0.0102598965, 0.010439662, 0.010783694, 0.011107726, 0.011262056, 0.011554665, 0.011825751, 0.012076091, 0.012194251, 0.012418604, 0.012630012, 0.012731901, 0.012929789, 0.013120855, 0.013213648, 0.013391933, 0.013558351, 0.013710562, 0.013781097, 0.013911659, 0.014030427, 0.014086328, 0.014193363, 0.014296855, 0.014398774, 0.01444912, 0.014548068, 0.014641582, 0.0146853775, 0.014765618, 0.014835986, 0.014867756, 0.014926308, 0.014980482, 0.015033114, 0.015059592, 0.015113485, 0.0151685, 0.01519602, 0.015249822, 0.015300521, 0.015347283, 0.0153692905, 0.015411007, 0.015450312, 0.015469403, 0.015506437, 0.01554178, 0.015574998, 0.0155903585, 0.015618142, 0.015641153, 0.015650878, 0.01566764, 0.015681803, 0.015688356, 0.015700778, 0.01571212, 0.015720839, 0.01572361, 0.015724545, 0.015717017, 0.015709426, 0.015685901, 0.015652088, 0.015609826, 0.015586289, 0.015535527, 0.015480332, 0.015450723, 0.015386679, 0.015314064, 0.015273745, 0.015184028, 0.015080843, 0.014963908, 0.014900491, 0.014765054, 0.014618825, 0.014541953, 0.01437975, 0.014204388, 0.014012886, 0.013910222, 0.0136900665, 0.013450236, 0.013323596, 0.013058818, 0.012781868, 0.012639914, 0.0123497825, 0.012050113, 0.011737263, 0.011573958, 0.011229649, 0.010856723, 0.010658052, 0.010235237, 0.009778588, 0.009288873, 0.0090316385, 0.008489913, 0.007904124, 0.0075905058, 0.0069125392, 0.006168685, 0.005787009, 0.005108063, 0.0048169103, 0, 0, 0, 0, 0, 0, 0, 0, 0, 0, 0, 0, 0, 0
0, 0, 0, 0, 0, 0, 0, 0, 0, 0, 0, 0, 0, 0, 0, 0.005377734, 0.0054745823, 0.0060392315, 0.0063864253, 0.007084147, 0.0077267084, 0.00802154, 0.008561865, 0.009045112, 0.009268537, 0.009685193, 0.010068787, 0.010426659, 0.01059771, 0.010926127, 0.011236355, 0.011384366, 0.011665145, 0.0119252475, 0.012166139, 0.012280212, 0.012498263, 0.012706325, 0.012807798, 0.013007078, 0.013202286, 0.013297959, 0.013483059, 0.013656623, 0.013815235, 0.013888402, 0.014023048, 0.014144207, 0.014200819, 0.014308829, 0.014412997, 0.014515991, 0.014567306, 0.014668809, 0.014766434, 0.014813011, 0.014900416, 0.014979977, 0.015017115, 0.015087262, 0.015153592, 0.015218037, 0.015249892, 0.015313672, 0.015377275, 0.015408511, 0.015468886, 0.015524886, 0.015576277, 0.015600413, 0.015645863, 0.015688708, 0.015709508, 0.015749507, 0.015787555, 0.015823297, 0.015840104, 0.015871385, 0.015899044, 0.015911553, 0.015934369, 0.015954958, 0.015964486, 0.015981875, 0.015996143, 0.016005905, 0.016008671, 0.016009117, 0.016001439, 0.015994072, 0.015972037, 0.015940689, 0.015901472, 0.015879326, 0.015830556, 0.01577521, 0.015744533, 0.01567593, 0.015596032, 0.015551427, 0.015452363, 0.0153401, 0.015215293, 0.015148766, 0.015008186, 0.014858681, 0.014780581, 0.014616032, 0.01443826, 0.014243483, 0.014138775, 0.013913448, 0.013667368, 0.013536832, 0.013263117, 0.012975746, 0.012828166, 0.012526162, 0.012214622, 0.011890521, 0.011722256, 0.011369279, 0.010990013, 0.010789294, 0.01036449, 0.009908958, 0.009423771, 0.009170195, 0.008638779, 0.008067715, 0.007763152, 0.007107628, 0.0063968776, 0.0060405047, 0.0054496382, 0.0053231483, 0, 0, 0, 0, 0, 0, 0, 0, 0, 0, 0, 0, 0, 0
0, 0, 0, 0, 0, 0, 0, 0, 0, 0, 0, 0, 0, 0, 0, 0.006584062, 0.0061466643, 0.006439046, 0.0067138546, 0.007326868, 0.00792067, 0.008197132, 0.008706755, 0.009164579, 0.009376733, 0.009773378, 0.010140265, 0.01048484, 0.010650418, 0.010970308, 0.011275044, 0.011421366, 0.011700604, 0.011961705, 0.012205928, 0.0123224445, 0.012546595, 0.012761733, 0.012866832, 0.013073312, 0.013274981, 0.013373759, 0.013565379, 0.0137461, 0.013913382, 0.013991752, 0.0141386455, 0.014274312, 0.014338815, 0.014462785, 0.014582233, 0.014698548, 0.014755687, 0.0148673225, 0.014974422, 0.015025844, 0.015124238, 0.015217455, 0.015262523, 0.015350096, 0.015434904, 0.015516979, 0.015556862, 0.015634013, 0.015707126, 0.01574185, 0.015807174, 0.015866289, 0.015920373, 0.015945934, 0.01599506, 0.016042268, 0.01606511, 0.016109308, 0.01615062, 0.016188536, 0.016206183, 0.016238453, 0.016266419, 0.016279034, 0.016301753, 0.016321681, 0.016330492, 0.016345358, 0.016354917, 0.016358031, 0.016356943, 0.016349133, 0.01633363, 0.01632303, 0.016296025, 0.016261894, 0.016221354, 0.016198652, 0.016148213, 0.016089026, 0.016055252, 0.015978146, 0.015886817, 0.01583563, 0.015722217, 0.015595183, 0.015456023, 0.015382569, 0.015229154, 0.015067564, 0.014983544, 0.0148075875, 0.014618656, 0.014413664, 0.014304297, 0.014070796, 0.013816948, 0.013682595, 0.013400127, 0.013101537, 0.012947087, 0.01262908, 0.012299345, 0.011956633, 0.011779497, 0.011411703, 0.011023068, 0.010820023, 0.0103957, 0.009946987, 0.009474415, 0.009229119, 0.008719077, 0.008177527, 0.007892177, 0.0072902082, 0.0066741738, 0.0063965027, 0.006092055, 0.0065102647, 0, 0, 0, 0, 0, 0, 0, 0, 0, 0, 0, 0, 0, 0
0, 0, 0, 0, 0, 0, 0, 0, 0, 0, 0, 0, 0, 0, 0, 0.00783686, 0.006591202, 0.0066118543, 0.006821792, 0.0073610237, 0.007913653, 0.008175173, 0.0086616445, 0.00910352, 0.0093102865, 0.009700553, 0.0100663155, 0.01041368, 0.010581897, 0.010908367, 0.011221856, 0.011373347, 0.0116646765, 0.011940482, 0.0122014, 0.012326897, 0.012569203, 0.012801375, 0.012914071, 0.013133098, 0.013343714, 0.013445821, 0.013643174, 0.013830691, 0.01400841, 0.014093949, 0.014259544, 0.014419188, 0.0144970855, 0.014648941, 0.014794924, 0.01493412, 0.0150008425, 0.0151285045, 0.01524841, 0.015305713, 0.015416275, 0.015523278, 0.015576075, 0.015680801, 0.015783418, 0.015882287, 0.015929699, 0.01601906, 0.01610045, 0.016138064, 0.016207416, 0.01627021, 0.016328728, 0.016357167, 0.016413212, 0.016468232, 0.016494917, 0.016545577, 0.016591214, 0.016630847, 0.016648242, 0.016678259, 0.016702402, 0.016712528, 0.016729485, 0.016742714, 0.016747808, 0.016754268, 0.016753813, 0.016744949, 0.016737139, 0.016715018, 0.016684962, 0.016667338, 0.016627762, 0.016583169, 0.016533565, 0.016506575, 0.016446766, 0.016376799, 0.016337035, 0.016246477, 0.016140439, 0.016081497, 0.015952416, 0.01580947, 0.015654322, 0.015572702, 0.015402505, 0.015222916, 0.015129295, 0.0149335405, 0.014724614, 0.014501175, 0.014383546, 0.014135926, 0.01387133, 0.013732409, 0.013441266, 0.013132792, 0.012972446, 0.012640088, 0.012292425, 0.011930008, 0.011743085, 0.011357956, 0.010957187, 0.010750476, 0.010324001, 0.009878796, 0.009413933, 0.009173679, 0.008675855, 0.008151052, 0.007876969, 0.007309419, 0.0067617777, 0.006546504, 0.0065060984, 0.007714568, 0, 0, 0, 0, 0, 0, 0, 0, 0, 0, 0, 0, 0, 0
0, 0, 0, 0, 0, 0, 0, 0, 0, 0, 0, 0, 0, 0, 0, 0.0070152157, 0.0063973186, 0.0064043985, 0.0065952525, 0.007115001, 0.0076633384, 0.007925157, 0.008415058, 0.008864855, 0.009077432, 0.009483117, 0.009868224, 0.010237129, 0.010416244, 0.010763878, 0.0110976305, 0.011259008, 0.011571019, 0.011868892, 0.012153879, 0.012292109, 0.012560126, 0.012817069, 0.012941041, 0.013179452, 0.0134049645, 0.013513004, 0.013720555, 0.01391862, 0.0141102355, 0.014204718, 0.01439276, 0.0145800635, 0.014673086, 0.014855965, 0.015031207, 0.0151952915, 0.015272607, 0.015417555, 0.015550907, 0.015614154, 0.015736194, 0.01585531, 0.015914539, 0.016032891, 0.016149452, 0.01626118, 0.016314192, 0.016412666, 0.016500741, 0.016541034, 0.016615361, 0.016684176, 0.01675054, 0.016783578, 0.016849928, 0.016914936, 0.016946083, 0.017003283, 0.017051565, 0.017089859, 0.017105216, 0.01712909, 0.017145487, 0.017151287, 0.017159497, 0.017163584, 0.01716389, 0.01715988, 0.01714768, 0.017124956, 0.017109355, 0.017070016, 0.017021522, 0.016994555, 0.016936475, 0.016873822, 0.016806627, 0.016770648, 0.016692488, 0.01660322, 0.01655353, 0.016443498, 0.016318783, 0.016251199, 0.01610604, 0.015948389, 0.015779171, 0.015690368, 0.015504367, 0.015306185, 0.015202236, 0.014983748, 0.014750668, 0.014503717, 0.014375319, 0.014108994, 0.01382991, 0.013685256, 0.01338465, 0.013068019, 0.012903301, 0.01256016, 0.012198744, 0.011819525, 0.011623768, 0.011221283, 0.010805231, 0.010592167, 0.010155216, 0.009701903, 0.009229364, 0.008984894, 0.0084769465, 0.007940741, 0.0076615345, 0.0070892023, 0.0065555447, 0.0063589527, 0.006338494, 0.006945848, 0, 0, 0, 0, 0, 0, 0, 0, 0, 0, 0, 0, 0, 0
0, 0, 0, 0, 0, 0, 0, 0, 0, 0, 0, 0, 0, 0, 0, 0.008164619, 0.0063173366, 0.006017793, 0.00616661, 0.0066746403, 0.007244149, 0.0075194268, 0.00803755, 0.008516184, 0.008743812, 0.009180891, 0.009598561, 0.009998778, 0.010192398, 0.010566366, 0.010922769, 0.011094589, 0.011426667, 0.011745603, 0.012053897, 0.012204971, 0.012500215, 0.012785549, 0.012923566, 0.013188592, 0.0134377, 0.013556429, 0.013783602, 0.014000431, 0.014211896, 0.014317069, 0.014528178, 0.014740463, 0.014846339, 0.015054403, 0.01525294, 0.015437265, 0.015523444, 0.015683632, 0.015830468, 0.015900068, 0.01603469, 0.016166631, 0.01623232, 0.01636337, 0.01649167, 0.016613504, 0.016670713, 0.016776573, 0.016870698, 0.016913982, 0.01699497, 0.017071651, 0.01714735, 0.017185291, 0.017260877, 0.017333176, 0.017366774, 0.01742575, 0.017471496, 0.01750324, 0.01751422, 0.01752801, 0.017533831, 0.017534552, 0.017533083, 0.017527925, 0.017523589, 0.01750967, 0.017485797, 0.017449403, 0.017426144, 0.017369885, 0.01730254, 0.017265739, 0.017186666, 0.01710216, 0.017011952, 0.016964156, 0.016861502, 0.016747061, 0.01668489, 0.016550556, 0.016403561, 0.016325934, 0.016163269, 0.015991112, 0.015809432, 0.015714703, 0.015516008, 0.01530319, 0.015190769, 0.014953019, 0.014698536, 0.014429615, 0.014290525, 0.014004676, 0.013709432, 0.013558024, 0.013246734, 0.012921834, 0.012753283, 0.012402276, 0.012031046, 0.011639285, 0.011436342, 0.011017567, 0.010583685, 0.010361319, 0.009904748, 0.009430044, 0.008933126, 0.00867474, 0.008134996, 0.0075622094, 0.0072644767, 0.0066630426, 0.0061394055, 0.0059865015, 0.0062798546, 0.0081421565, 0, 0, 0, 0, 0, 0, 0, 0, 0, 0, 0, 0, 0, 0
0, 0, 0, 0, 0, 0, 0, 0, 0, 0, 0, 0, 0, 0, 0, 0, 0.005739404, 0.0055341506, 0.00567124, 0.00618337, 0.006782545, 0.0070752027, 0.0076277195, 0.008139533, 0.008383401, 0.008853031, 0.009301923, 0.009730121, 0.009936293, 0.010332064, 0.010706114, 0.010885935, 0.011233505, 0.011569121, 0.011896916, 0.012058838, 0.01237883, 0.012691727, 0.012844224, 0.0131388465, 0.013417585, 0.01355072, 0.013805793, 0.014049156, 0.01428558, 0.014402419, 0.014635038, 0.0148663735, 0.014980822, 0.015204283, 0.015416601, 0.015613889, 0.01570639, 0.015880331, 0.016042106, 0.016119724, 0.016271414, 0.016420526, 0.0164945, 0.016640656, 0.01678166, 0.016913446, 0.016974851, 0.017087623, 0.017188137, 0.01723473, 0.017322792, 0.017406983, 0.017489797, 0.017530523, 0.01760973, 0.01768217, 0.017714282, 0.017767599, 0.017804528, 0.017825216, 0.017830238, 0.017832106, 0.017826524, 0.017822213, 0.017810928, 0.017796401, 0.017787116, 0.01776223, 0.017725654, 0.017674867, 0.01764383, 0.017571358, 0.017486705, 0.01744059, 0.017342145, 0.017236674, 0.017124008, 0.017064534, 0.016937744, 0.016798446, 0.016723787, 0.016564844, 0.016394665, 0.016306182, 0.016123788, 0.01593497, 0.01573933, 0.015638454, 0.015428511, 0.015204564, 0.015086382, 0.014836092, 0.014567794, 0.014283836, 0.014137109, 0.013835885, 0.013526079, 0.013368023, 0.013045236, 0.012711128, 0.0125387935, 0.012180878, 0.011802764, 0.011402783, 0.011194773, 0.010763775, 0.010313865, 0.010082023, 0.009603381, 0.009102246, 0.008573799, 0.008297659, 0.007717111, 0.0070961807, 0.006772947, 0.0061265877, 0.005591003, 0.0054500517, 0.005658896, 0, 0, 0, 0, 0, 0, 0, 0, 0, 0, 0, 0, 0, 0, 0
0, 0, 0, 0, 0, 0, 0, 0, 0, 0, 0, 0, 0, 0, 0, 0, 0.0059562, 0.005210527, 0.0052807448, 0.005768125, 0.0063812057, 0.0066831512, 0.007254446, 0.007785556, 0.008039502, 0.00852966, 0.008998496, 0.009444892, 0.009659363, 0.010070093, 0.010458055, 0.0106447255, 0.011006672, 0.011358287, 0.01170405, 0.011875691, 0.012216674, 0.012552217, 0.012716742, 0.013036517, 0.0133417, 0.013488464, 0.0137712, 0.014041763, 0.014303058, 0.014430944, 0.014682303, 0.014927178, 0.015046691, 0.01527819, 0.015497289, 0.01570268, 0.01580039, 0.015987638, 0.016166518, 0.016254012, 0.016426599, 0.016596543, 0.016680228, 0.016843187, 0.01699714, 0.017138183, 0.017203247, 0.017322427, 0.017428877, 0.017478468, 0.017572595, 0.017662004, 0.017747357, 0.017788088, 0.017864069, 0.017929211, 0.017956456, 0.017998483, 0.01802336, 0.018032283, 0.01803184, 0.018023543, 0.018008752, 0.017999813, 0.017979022, 0.017953485, 0.017937902, 0.01789854, 0.017845826, 0.017777696, 0.017738027, 0.017648563, 0.017547466, 0.01749328, 0.01737864, 0.017256366, 0.017126411, 0.017057996, 0.016912874, 0.016754504, 0.016670305, 0.016491516, 0.016301053, 0.016202362, 0.015999537, 0.015791282, 0.015578245, 0.015469492, 0.015245862, 0.0150113525, 0.01488868, 0.014631326, 0.0143571785, 0.01406704, 0.013916929, 0.013608111, 0.013288994, 0.013126106, 0.012793562, 0.012450812, 0.012274837, 0.011911429, 0.011529704, 0.01112724, 0.010917995, 0.010483179, 0.010026496, 0.009789809, 0.009298228, 0.0087799635, 0.008230399, 0.007941727, 0.00733152, 0.00667185, 0.0063253264, 0.005630067, 0.0050800955, 0.0049890024, 0.0057267766, 0, 0, 0, 0, 0, 0, 0, 0, 0, 0, 0, 0, 0, 0, 0
0, 0, 0, 0, 0, 0, 0, 0, 0, 0, 0, 0, 0, 0, 0, 0, 0.0050063115, 0.0048878477, 0.0050075036, 0.0054903417, 0.006081062, 0.006375012, 0.0069378885, 0.007469165, 0.0077255294, 0.008223394, 0.008702027, 0.009159613, 0.00938005, 0.009804301, 0.0102082295, 0.010403868, 0.010785474, 0.011157624, 0.011523555, 0.011704637, 0.012062704, 0.012412974, 0.012584248, 0.012917395, 0.013236618, 0.013391067, 0.0136909755, 0.01398019, 0.0142599195, 0.014396314, 0.014661987, 0.014917045, 0.0150403, 0.015277241, 0.015501222, 0.015713366, 0.015815867, 0.016015807, 0.016211284, 0.016308062, 0.016499657, 0.016687132, 0.01677842, 0.016953608, 0.017115757, 0.017262133, 0.017329149, 0.017452145, 0.017562626, 0.017614286, 0.017712265, 0.017803751, 0.017887983, 0.017926667, 0.017995505, 0.018050216, 0.018071605, 0.018101895, 0.018116433, 0.0181174, 0.018113894, 0.018100342, 0.018080192, 0.018067926, 0.018038133, 0.018000014, 0.017976753, 0.017919932, 0.01784768, 0.017759977, 0.017710812, 0.017603697, 0.017486718, 0.017425176, 0.017297, 0.017162262, 0.017020077, 0.016945707, 0.016788686, 0.016618848, 0.016528584, 0.016337223, 0.01613291, 0.01602643, 0.015806716, 0.015579804, 0.015347466, 0.0152295055, 0.014989313, 0.014742247, 0.014615273, 0.014352827, 0.014077443, 0.0137883155, 0.013638781, 0.013330092, 0.01300908, 0.012844245, 0.012506926, 0.012159245, 0.011981292, 0.011616163, 0.011236185, 0.010838966, 0.010633275, 0.0102066705, 0.0097582005, 0.0095250225, 0.009039038, 0.008524548, 0.007977849, 0.0076903673, 0.0070810895, 0.0064175962, 0.006065009, 0.0053418474, 0.0047093723, 0.0045134057, 0.004520337, 0, 0, 0, 0, 0, 0, 0, 0, 0, 0, 0, 0, 0, 0, 0
0, 0, 0, 0, 0, 0, 0, 0, 0, 0, 0, 0, 0, 0, 0, 0, 0.005746587, 0.005158566, 0.0050967312, 0.005365491, 0.0058612404, 0.006131053, 0.006671006, 0.0071978564, 0.0074555273, 0.007959333, 0.008446516, 0.008914987, 0.009141975, 0.009582328, 0.01000667, 0.010213839, 0.010619937, 0.011016224, 0.01140283, 0.011592104, 0.0119614685, 0.012316875, 0.012488695, 0.012820796, 0.01313865, 0.013293142, 0.0135954665, 0.013890395, 0.014178507, 0.014319482, 0.014594111, 0.014856933, 0.014983366, 0.01522589, 0.0154549, 0.015673202, 0.01577939, 0.015988318, 0.016194385, 0.016296558, 0.016497724, 0.016692132, 0.016785476, 0.016962264, 0.01712357, 0.017268226, 0.017334715, 0.017457267, 0.017568907, 0.017621385, 0.017720679, 0.017811922, 0.017893262, 0.017929427, 0.01799112, 0.018037213, 0.018054184, 0.01807664, 0.018085787, 0.018084148, 0.018080065, 0.018066125, 0.018044103, 0.018029565, 0.017992197, 0.017941814, 0.017911052, 0.017837502, 0.017747667, 0.017642943, 0.017585726, 0.01746349, 0.017333329, 0.017265607, 0.017125854, 0.016980091, 0.016827596, 0.016748447, 0.016582549, 0.016405055, 0.016311347, 0.01611398, 0.015903234, 0.015792975, 0.015564038, 0.015324857, 0.015077713, 0.0149517795, 0.014696577, 0.014437076, 0.014305642, 0.014038168, 0.013762747, 0.013477493, 0.013330512, 0.013027114, 0.0127102835, 0.012546947, 0.012211218, 0.011864744, 0.0116879055, 0.011326831, 0.010954984, 0.01057059, 0.010372898, 0.00996476, 0.009537403, 0.009315278, 0.008852532, 0.008362845, 0.007843494, 0.0075712907, 0.006997592, 0.006378494, 0.006053116, 0.0054001375, 0.0048751147, 0.0047530914, 0.0049339444, 0, 0, 0, 0, 0, 0, 0, 0, 0, 0, 0, 0, 0, 0, 0
0, 0, 0, 0, 0, 0, 0, 0, 0, 0, 0, 0, 0, 0, 0, 0, 0.007296349, 0.005525234, 0.005201143, 0.005229569, 0.005651009, 0.0059109796, 0.006455354, 0.0069991807, 0.0072661377, 0.007787085, 0.0082886005, 0.008770005, 0.009003693, 0.009458746, 0.009900462, 0.010117186, 0.010542816, 0.010956861, 0.011356393, 0.011549682, 0.011921459, 0.01227219, 0.0124397185, 0.012760897, 0.01306719, 0.013216611, 0.013511044, 0.013801975, 0.014089764, 0.014231772, 0.014509536, 0.014776342, 0.014904679, 0.015150479, 0.015382462, 0.015603455, 0.015710961, 0.015922038, 0.016129304, 0.016231243, 0.016430026, 0.016619163, 0.016708963, 0.01687726, 0.017029436, 0.017166622, 0.01723014, 0.017348934, 0.01745882, 0.017511008, 0.017609462, 0.017698837, 0.017776791, 0.017810678, 0.01786712, 0.017908074, 0.017922856, 0.017942129, 0.017950013, 0.017948978, 0.017945495, 0.017932264, 0.017908914, 0.017892532, 0.017848728, 0.017789068, 0.017752865, 0.017668383, 0.017568594, 0.017455509, 0.017394625, 0.017265625, 0.017128462, 0.017056992, 0.016908402, 0.016752439, 0.016588772, 0.016503965, 0.016328122, 0.016143233, 0.016047148, 0.015847212, 0.015636325, 0.015526456, 0.015297612, 0.015056668, 0.014804851, 0.014675584, 0.014412702, 0.014145877, 0.014011361, 0.013739934, 0.013464316, 0.01318219, 0.013037821, 0.012740713, 0.012430798, 0.0122709265, 0.011941799, 0.011602302, 0.011429402, 0.011077832, 0.010718747, 0.010350492, 0.010162185, 0.009775583, 0.009372482, 0.009163776, 0.00872998, 0.008272313, 0.0077889347, 0.0075369366, 0.007010874, 0.0064571416, 0.00617675, 0.005664437, 0.0054173847, 0.0055200867, 0.0062309415, 0, 0, 0, 0, 0, 0, 0, 0, 0, 0, 0, 0, 0, 0, 0
0, 0, 0, 0, 0, 0, 0, 0, 0, 0, 0, 0, 0, 0, 0, 0, 0, 0.005143637, 0.0049326005, 0.0049862843, 0.005440933, 0.0057275663, 0.006329223, 0.006922322, 0.007208845, 0.007758818, 0.008277653, 0.0087684365, 0.009004811, 0.00946326, 0.009907204, 0.010124776, 0.010551469, 0.010965206, 0.011361794, 0.011552376, 0.011916196, 0.012255653, 0.012416858, 0.012724739, 0.01301864, 0.013162483, 0.01344739, 0.01373141, 0.01401426, 0.014154397, 0.014429566, 0.014694088, 0.014821441, 0.015065043, 0.015294388, 0.015512246, 0.015617741, 0.015824003, 0.01602434, 0.016122138, 0.016311057, 0.01648883, 0.016572649, 0.016729005, 0.01687054, 0.016999047, 0.017059192, 0.01717297, 0.017279644, 0.017330522, 0.017426265, 0.017512294, 0.017586024, 0.017617505, 0.017669652, 0.017707134, 0.01772074, 0.01773866, 0.017746074, 0.017744785, 0.017741045, 0.01772612, 0.017699184, 0.017680423, 0.017630821, 0.017565226, 0.017526696, 0.017439174, 0.017339265, 0.01722881, 0.01716989, 0.01704465, 0.016909376, 0.016837645, 0.016685547, 0.016522037, 0.016347947, 0.016257627, 0.016071495, 0.015879406, 0.01578117, 0.015580461, 0.015372816, 0.015265768, 0.015043688, 0.014809656, 0.014563584, 0.014436549, 0.014176389, 0.013910419, 0.013776007, 0.013504677, 0.013229572, 0.012949249, 0.012806321, 0.012513477, 0.012209807, 0.01205366, 0.01173299, 0.011403146, 0.011235371, 0.010895226, 0.010548751, 0.010194248, 0.010013219, 0.00964169, 0.0092551075, 0.009055254, 0.008640844, 0.008204546, 0.0077439747, 0.0075037726, 0.0070033167, 0.0064835893, 0.0062288987, 0.005811579, 0.005808389, 0.0061710607, 0.008088628, 0, 0, 0, 0, 0, 0, 0, 0, 0, 0, 0, 0, 0, 0, 0
0, 0, 0, 0, 0, 0, 0, 0, 0, 0, 0, 0, 0, 0, 0, 0, 0, 0.005377048, 0.004864753, 0.0048030564, 0.005333909, 0.0056694234, 0.0063565774, 0.0070095384, 0.0073166094, 0.007891596, 0.008418834, 0.008905996, 0.0091374, 0.009581221, 0.010006169, 0.010213416, 0.010618785, 0.011011414, 0.011388575, 0.011570275, 0.011917981, 0.012244398, 0.0124001065, 0.012698943, 0.012985813, 0.013126685, 0.01340604, 0.013684162, 0.013959964, 0.014096199, 0.014362936, 0.014618504, 0.014741153, 0.014975521, 0.015196304, 0.015405721, 0.015507037, 0.01570456, 0.015895637, 0.015988491, 0.016167441, 0.016335519, 0.016414654, 0.01656306, 0.01669825, 0.016821738, 0.016879713, 0.01698961, 0.017092582, 0.017141445, 0.017232712, 0.017313292, 0.017381078, 0.017409798, 0.017456548, 0.01748989, 0.017501988, 0.017517595, 0.017522976, 0.017518891, 0.017513102, 0.017493011, 0.017460052, 0.017438278, 0.017383868, 0.017315805, 0.017277371, 0.01719283, 0.017099878, 0.016998949, 0.016945258, 0.016830537, 0.016703764, 0.016635098, 0.016486036, 0.01632143, 0.016143482, 0.01605068, 0.015859716, 0.015664173, 0.015565253, 0.01536527, 0.015161568, 0.015057491, 0.014843336, 0.014618934, 0.014383564, 0.014261879, 0.014011531, 0.013753817, 0.013622612, 0.013356298, 0.0130843865, 0.012805956, 0.012663922, 0.012373462, 0.012073724, 0.011920253, 0.011606356, 0.011284705, 0.011121396, 0.010790308, 0.010452219, 0.010104858, 0.009926598, 0.009559274, 0.009175562, 0.008976763, 0.008564299, 0.00812938, 0.007667592, 0.0074247913, 0.0069128685, 0.0063741556, 0.006109408, 0.0056839976, 0.0056681754, 0.005914119, 0, 0, 0, 0, 0, 0, 0, 0, 0, 0, 0, 0, 0, 0, 0, 0
0, 0, 0, 0, 0, 0, 0, 0, 0, 0, 0, 0, 0, 0, 0, 0, 0, 0.0045859097, 0.0045249583, 0.004796927, 0.005455918, 0.005832988, 0.0065766657, 0.007258001, 0.00757107, 0.008145867, 0.008661281, 0.009128565, 0.009347583, 0.009763387, 0.010156592, 0.01034708, 0.010719152, 0.011080591, 0.011430926, 0.01160124, 0.011931223, 0.012246202, 0.012398313, 0.012693094, 0.012978386, 0.013118517, 0.013395279, 0.0136677055, 0.013934497, 0.014065003, 0.014318477, 0.014559687, 0.014675245, 0.014896399, 0.015105471, 0.015305105, 0.015402086, 0.015591637, 0.01577526, 0.015864635, 0.016037207, 0.016200209, 0.016277572, 0.016423484, 0.016557373, 0.016679611, 0.016736807, 0.016844088, 0.016942738, 0.01698877, 0.017073419, 0.017146535, 0.017206969, 0.017232265, 0.017273162, 0.017302185, 0.017312448, 0.017325332, 0.01732792, 0.017319918, 0.017311804, 0.017286286, 0.017248077, 0.017224215, 0.017167542, 0.017100329, 0.01706361, 0.016984792, 0.016899832, 0.016808202, 0.016759444, 0.016654288, 0.01653647, 0.016471969, 0.01633083, 0.016173327, 0.016001934, 0.015912203, 0.015727103, 0.015536682, 0.01544011, 0.0152443955, 0.015044358, 0.014942222, 0.014732846, 0.014514948, 0.014288142, 0.014171415, 0.013931707, 0.013684666, 0.013558449, 0.013300499, 0.013034527, 0.012759745, 0.012618692, 0.012329585, 0.01203114, 0.011878683, 0.011567894, 0.011250742, 0.011089667, 0.010762677, 0.010427232, 0.010079809, 0.009900441, 0.0095283305, 0.00913666, 0.008932962, 0.008508884, 0.008060139, 0.007580288, 0.0073257764, 0.0067817895, 0.006196723, 0.0059061386, 0.005454388, 0.005621128, 0.0062338486, 0, 0, 0, 0, 0, 0, 0, 0, 0, 0, 0, 0, 0, 0, 0, 0
0, 0, 0, 0, 0, 0, 0, 0, 0, 0, 0, 0, 0, 0, 0, 0, 0, 0.005388917, 0.0052213245, 0.0053230566, 0.0058949743, 0.006246567, 0.006952218, 0.0075994274, 0.007895653, 0.008437309, 0.008921597, 0.009359778, 0.009565031, 0.009953691, 0.010320217, 0.010497503, 0.010843463, 0.011180793, 0.011510234, 0.011671898, 0.011988193, 0.01229451, 0.012444012, 0.012735947, 0.013019577, 0.013158492, 0.013430938, 0.01369543, 0.013950696, 0.014074425, 0.0143129835, 0.014539371, 0.0146479765, 0.014856817, 0.015056279, 0.015248504, 0.015342462, 0.0155265555, 0.015705127, 0.01579196, 0.015960034, 0.016119245, 0.016195167, 0.0163391, 0.01647168, 0.01659274, 0.01664888, 0.01675274, 0.016845787, 0.016888272, 0.016964935, 0.017030137, 0.017083725, 0.017106244, 0.017143363, 0.01717035, 0.017180175, 0.017192585, 0.0171947, 0.017185636, 0.017176714, 0.017149916, 0.01711108, 0.017087664, 0.017033473, 0.016971009, 0.016937103, 0.016864302, 0.01678482, 0.016697777, 0.016650964, 0.01654951, 0.01643617, 0.016374785, 0.016242221, 0.016097136, 0.015941175, 0.015859814, 0.01569115, 0.015515288, 0.015424619, 0.015237666, 0.015042423, 0.014941516, 0.0147336945, 0.01451769, 0.014294538, 0.014180513, 0.013947895, 0.013709321, 0.013587516, 0.0133381095, 0.013079197, 0.012808884, 0.0126691265, 0.012380759, 0.012081515, 0.011928434, 0.011616801, 0.011298657, 0.011137145, 0.010808522, 0.010469994, 0.0101173315, 0.009934549, 0.009553443, 0.009149753, 0.008939156, 0.008499437, 0.008033151, 0.0075339973, 0.0072688265, 0.006700992, 0.0060881698, 0.005781456, 0.0052741277, 0.0051607043, 0.0052789366, 0, 0, 0, 0, 0, 0, 0, 0, 0, 0, 0, 0, 0, 0, 0, 0
0, 0, 0, 0, 0, 0, 0, 0, 0, 0, 0, 0, 0, 0, 0, 0, 0, 0.007124542, 0.0066735544, 0.006215098, 0.0064847614, 0.006748498, 0.0073382515, 0.007909113, 0.008175363, 0.008669606, 0.009120138, 0.009535844, 0.0097332215, 0.010110974, 0.0104712555, 0.010646179, 0.010987786, 0.011320049, 0.011643412, 0.011801676, 0.012111158, 0.012411066, 0.012557593, 0.012844051, 0.01312186, 0.013257533, 0.013522006, 0.013776516, 0.014020279, 0.014138044, 0.0143650295, 0.014581266, 0.01468561, 0.014887866, 0.015082894, 0.015271638, 0.015363842, 0.015543775, 0.015716763, 0.0158004, 0.015961276, 0.016112931, 0.016185135, 0.016322104, 0.01644867, 0.016564481, 0.016618151, 0.016716676, 0.01680336, 0.016842237, 0.016911844, 0.016971074, 0.017021086, 0.017042795, 0.017079955, 0.017109042, 0.017120318, 0.017136, 0.017141404, 0.017135428, 0.017128158, 0.01710525, 0.017071718, 0.01705148, 0.017004738, 0.016950553, 0.016920608, 0.016854495, 0.01677925, 0.016693493, 0.016646428, 0.01654388, 0.016430836, 0.016370768, 0.016244859, 0.016112488, 0.015974358, 0.015903106, 0.01575526, 0.015598197, 0.01551549, 0.015340698, 0.015152645, 0.015053792, 0.01484749, 0.014632079, 0.014409924, 0.014296929, 0.014067921, 0.013834581, 0.013715852, 0.013472621, 0.0132191945, 0.012952502, 0.012813709, 0.012525201, 0.012223525, 0.012068558, 0.011752037, 0.0114276605, 0.011262655, 0.010926151, 0.010578499, 0.010215719, 0.010027402, 0.009634525, 0.0092178285, 0.009000077, 0.008545388, 0.008063693, 0.007550695, 0.007280336, 0.0067101717, 0.0061226715, 0.0058520995, 0.0055198804, 0.0058074235, 0.0061635203, 0, 0, 0, 0, 0, 0, 0, 0, 0, 0, 0, 0, 0, 0, 0, 0
0, 0, 0, 0, 0, 0, 0, 0, 0, 0, 0, 0, 0, 0, 0, 0, 0, 0.009477688, 0.00822676, 0.00693316, 0.006884466, 0.007061744, 0.0075445473, 0.008055227, 0.008301369, 0.008768981, 0.009206924, 0.009621462, 0.009821825, 0.010211518, 0.010588645, 0.010772749, 0.011132016, 0.011478265, 0.011810036, 0.011970201, 0.012279675, 0.01257579, 0.012719521, 0.012999326, 0.013269741, 0.01340166, 0.013658607, 0.013905935, 0.014143318, 0.014258263, 0.01448088, 0.014694592, 0.014798432, 0.015000709, 0.015196168, 0.015384317, 0.015475368, 0.015650546, 0.015815971, 0.015894663, 0.016044544, 0.016184237, 0.016250413, 0.016375812, 0.016492432, 0.016600056, 0.01665023, 0.016743029, 0.0168248, 0.016861571, 0.016927563, 0.016984858, 0.017034924, 0.017057601, 0.017098121, 0.017131273, 0.017144915, 0.01716497, 0.017174581, 0.017173104, 0.017168349, 0.017151179, 0.017125519, 0.01710973, 0.017073179, 0.01702941, 0.017004386, 0.016946912, 0.016877826, 0.016795421, 0.016749013, 0.016647058, 0.016534839, 0.016476063, 0.016355654, 0.016233008, 0.016108518, 0.016045084, 0.015913343, 0.01577167, 0.015695954, 0.01553301, 0.01535369, 0.015258226, 0.015057075, 0.014845357, 0.01462661, 0.0145152435, 0.014289912, 0.014059976, 0.0139428545, 0.013702369, 0.013450758, 0.013184926, 0.013046058, 0.012756072, 0.012450906, 0.012293185, 0.011969111, 0.011634341, 0.011463154, 0.011112102, 0.0107477885, 0.010367489, 0.010170127, 0.009759282, 0.009324369, 0.009097497, 0.008624133, 0.008123677, 0.0075938357, 0.0073172376, 0.006745357, 0.006191255, 0.0059672208, 0.005869792, 0.0068841563, 0.007960806, 0, 0, 0, 0, 0, 0, 0, 0, 0, 0, 0, 0, 0, 0, 0, 0
0, 0, 0, 0, 0, 0, 0, 0, 0, 0, 0, 0, 0, 0, 0, 0, 0, 0, 0.007844378, 0.0070852833, 0.0069016, 0.007022083, 0.007455567, 0.007966641, 0.008220713, 0.008708719, 0.009169788, 0.009610001, 0.009824216, 0.0102439085, 0.010652562, 0.01085231, 0.011240293, 0.0116096735, 0.011957697, 0.012123414, 0.012439277, 0.012737781, 0.012881622, 0.01316093, 0.013430874, 0.013562801, 0.013820292, 0.014068902, 0.014308534, 0.014424851, 0.014650784, 0.014868285, 0.01497415, 0.01518013, 0.015378091, 0.015566264, 0.015656173, 0.01582636, 0.015983785, 0.016057814, 0.016197056, 0.016325882, 0.016386816, 0.016502693, 0.016611228, 0.016713122, 0.01676113, 0.016850896, 0.016931074, 0.016967421, 0.017033476, 0.017091844, 0.017143918, 0.0171679, 0.017210914, 0.017246705, 0.017261423, 0.017283292, 0.017294355, 0.017294481, 0.017290793, 0.017276892, 0.017256299, 0.017244045, 0.017216008, 0.017182142, 0.01716228, 0.01711499, 0.01705536, 0.01698178, 0.016939541, 0.01684483, 0.016739339, 0.016683882, 0.016570002, 0.016454235, 0.01633659, 0.016276386, 0.016150992, 0.016015684, 0.015943201, 0.015787095, 0.015615698, 0.015524468, 0.015332174, 0.015129591, 0.014919358, 0.014811962, 0.01459251, 0.014365747, 0.014248996, 0.014007271, 0.013752721, 0.013483447, 0.013342966, 0.01304968, 0.0127404155, 0.01258011, 0.012248054, 0.011901088, 0.011721869, 0.011351333, 0.010963731, 0.010557411, 0.010346445, 0.009907835, 0.0094448645, 0.009203393, 0.008699698, 0.008166911, 0.007603508, 0.007310739, 0.0067145755, 0.0061628576, 0.0059582936, 0.005910445, 0.0064577353, 0, 0, 0, 0, 0, 0, 0, 0, 0, 0, 0, 0, 0, 0, 0, 0, 0
0, 0, 0, 0, 0, 0, 0, 0, 0, 0, 0, 0, 0, 0, 0, 0, 0, 0, 0.009690819, 0.0073760427, 0.006615216, 0.0066551655, 0.0070907963, 0.007672363, 0.007963813, 0.008518361, 0.009033499, 0.009519266, 0.0097542815, 0.010212479, 0.010656069, 0.010871622, 0.011287571, 0.0116796335, 0.012045528, 0.012218785, 0.012548294, 0.012859499, 0.013009822, 0.01330225, 0.013585799, 0.0137243215, 0.013994523, 0.014254875, 0.014504582, 0.0146251945, 0.014858428, 0.015081402, 0.015189306, 0.015398462, 0.0155979, 0.01578577, 0.015874755, 0.01604194, 0.016195178, 0.016266957, 0.01640208, 0.016527602, 0.016587485, 0.01670216, 0.016810331, 0.016912365, 0.016960645, 0.017050974, 0.017131725, 0.017168488, 0.017235193, 0.017294178, 0.01734676, 0.0173706, 0.017413363, 0.017448206, 0.017462289, 0.017482586, 0.017491926, 0.017490214, 0.017485615, 0.017470747, 0.017450813, 0.017439509, 0.017415032, 0.017386928, 0.017370775, 0.01733217, 0.017282894, 0.017221129, 0.017185133, 0.017103596, 0.017010735, 0.016960977, 0.0168566, 0.016746651, 0.016631149, 0.016570698, 0.016443083, 0.016304977, 0.016231548, 0.016076008, 0.015908917, 0.015821353, 0.015639026, 0.015448225, 0.015249614, 0.015147184, 0.014934495, 0.014709339, 0.014591432, 0.014344002, 0.014081471, 0.013804068, 0.0136601655, 0.013361395, 0.013047951, 0.012885258, 0.012547025, 0.012189708, 0.012003183, 0.011613402, 0.011200753, 0.010764698, 0.010537778, 0.010064919, 0.009565336, 0.009304502, 0.008758488, 0.0081768595, 0.007558051, 0.0072363648, 0.0065886606, 0.0060265576, 0.005858543, 0.0061152745, 0.007844477, 0, 0, 0, 0, 0, 0, 0, 0, 0, 0, 0, 0, 0, 0, 0, 0, 0
0, 0, 0, 0, 0, 0, 0, 0, 0, 0, 0, 0, 0, 0, 0, 0, 0, 0, 0, 0.0067323977, 0.0059420993, 0.006033252, 0.0065985173, 0.0072976076, 0.007638167, 0.008273451, 0.008851624, 0.009388523, 0.009645819, 0.010142814, 0.010617969, 0.010846883, 0.011285464, 0.011696602, 0.012080725, 0.012263608, 0.012614465, 0.0129498, 0.013113023, 0.013432123, 0.013741393, 0.013891921, 0.01418353, 0.014461113, 0.014723462, 0.014848873, 0.015088849, 0.015315477, 0.015424397, 0.01563435, 0.015833572, 0.016021485, 0.01611045, 0.01627826, 0.01643323, 0.016506324, 0.016645305, 0.016776321, 0.016839247, 0.016960306, 0.017074415, 0.017180515, 0.017230125, 0.017321568, 0.017401632, 0.017437581, 0.017502213, 0.017558696, 0.017608415, 0.017630972, 0.017670881, 0.01770334, 0.017716287, 0.017734984, 0.017742625, 0.017739384, 0.017733952, 0.017717192, 0.017695326, 0.017683372, 0.01765801, 0.017630063, 0.017614631, 0.017579027, 0.017535308, 0.017481806, 0.017451108, 0.017381754, 0.017301895, 0.017258443, 0.017164413, 0.017061, 0.01694697, 0.016885683, 0.01675359, 0.016609391, 0.016533067, 0.016373543, 0.016206438, 0.01612049, 0.015944226, 0.015761996, 0.015571616, 0.01547238, 0.015262662, 0.01503516, 0.0149140665, 0.014657285, 0.0143830385, 0.01409421, 0.013945231, 0.013638859, 0.0133204805, 0.01315596, 0.012813876, 0.012450479, 0.012259435, 0.011856602, 0.011425247, 0.010965358, 0.010724885, 0.010222465, 0.009689783, 0.009410634, 0.008822575, 0.008188456, 0.007503522, 0.007144171, 0.00642142, 0.0058141956, 0.005645231, 0.0058172853, 0, 0, 0, 0, 0, 0, 0, 0, 0, 0, 0, 0, 0, 0, 0, 0, 0, 0
0, 0, 0, 0, 0, 0, 0, 0, 0, 0, 0, 0, 0, 0, 0, 0, 0, 0, 0, 0.005424034, 0.005395225, 0.005592125, 0.0062502953, 0.007007502, 0.007374427, 0.00805992, 0.008685223, 0.009265209, 0.009542079, 0.0100731505, 0.010575205, 0.010815287, 0.011273313, 0.011703029, 0.012108097, 0.012303147, 0.012681275, 0.013047312, 0.013226423, 0.013576453, 0.013913658, 0.014076423, 0.014388153, 0.014680201, 0.014952352, 0.01508124, 0.015325925, 0.015555334, 0.01566523, 0.015876465, 0.016076744, 0.016265946, 0.016356146, 0.016527686, 0.016687874, 0.016764227, 0.01691038, 0.017048962, 0.017115608, 0.017243244, 0.017362066, 0.01747016, 0.017519645, 0.01760867, 0.017684521, 0.017717887, 0.017777268, 0.017828783, 0.017874185, 0.01789498, 0.01793243, 0.017963832, 0.0179767, 0.017996036, 0.018005408, 0.018004164, 0.017999908, 0.017984873, 0.017963473, 0.017951153, 0.017923832, 0.017892513, 0.0178751, 0.017835692, 0.017789386, 0.017735634, 0.0177059, 0.017640557, 0.017567022, 0.017527262, 0.017440556, 0.017343182, 0.01723277, 0.01717201, 0.017039143, 0.016892044, 0.016813803, 0.01665026, 0.016479963, 0.016392976, 0.016215941, 0.016033452, 0.015842171, 0.01574172, 0.015527538, 0.015292743, 0.015166944, 0.014899377, 0.01461307, 0.0143125625, 0.0141582005, 0.013842452, 0.013517486, 0.013350701, 0.013005517, 0.012639193, 0.012446356, 0.012038615, 0.011599784, 0.0111296745, 0.010883149, 0.01036756, 0.009819667, 0.009531799, 0.00892199, 0.008255545, 0.00752161, 0.007130757, 0.0063371505, 0.005694366, 0.0055690054, 0.0062666717, 0, 0, 0, 0, 0, 0, 0, 0, 0, 0, 0, 0, 0, 0, 0, 0, 0, 0
0, 0, 0, 0, 0, 0, 0, 0, 0, 0, 0, 0, 0, 0, 0, 0, 0, 0, 0, 0.0063213184, 0.0057562427, 0.0057515623, 0.0061904043, 0.0068729925, 0.007229453, 0.00792083, 0.008570184, 0.009180162, 0.009471822, 0.010029904, 0.010554719, 0.010804925, 0.011282351, 0.0117332805, 0.012162939, 0.012371533, 0.012778406, 0.013173125, 0.01336562, 0.013739443, 0.014095138, 0.014265033, 0.014587549, 0.014886863, 0.015164306, 0.015295853, 0.015546214, 0.015782006, 0.015895128, 0.016112164, 0.01631762, 0.016510831, 0.01660285, 0.016778136, 0.01694223, 0.017020505, 0.017170055, 0.017310886, 0.017378144, 0.01750545, 0.017621964, 0.017725827, 0.017772473, 0.017855328, 0.017924791, 0.01795522, 0.018009314, 0.018056922, 0.01809975, 0.01811971, 0.018156344, 0.01818791, 0.0182013, 0.018222403, 0.018234884, 0.018238101, 0.018236468, 0.018226841, 0.018209914, 0.018198892, 0.018171847, 0.018137423, 0.018117249, 0.018070776, 0.01801631, 0.01795447, 0.017920984, 0.017849742, 0.017772943, 0.01773253, 0.017646348, 0.017551417, 0.017444633, 0.017385963, 0.017256718, 0.017112248, 0.017034462, 0.016869813, 0.016695537, 0.016605647, 0.016420959, 0.016229296, 0.016027626, 0.015921647, 0.015696697, 0.015451442, 0.015320807, 0.0150440615, 0.01474891, 0.014439192, 0.014279926, 0.013954561, 0.013620458, 0.013449686, 0.01309786, 0.0127274245, 0.012533492, 0.01212482, 0.011686912, 0.011219648, 0.010975416, 0.010465781, 0.009926481, 0.009643756, 0.009044364, 0.008386011, 0.00765195, 0.0072564576, 0.006443754, 0.005756033, 0.0055628945, 0.0056249215, 0, 0, 0, 0, 0, 0, 0, 0, 0, 0, 0, 0, 0, 0, 0, 0, 0, 0
0, 0, 0, 0, 0, 0, 0, 0, 0, 0, 0, 0, 0, 0, 0, 0, 0, 0, 0, 0.008228885, 0.006391289, 0.006084224, 0.006232204, 0.006813493, 0.007151502, 0.007836939, 0.008500219, 0.009130414, 0.009432378, 0.010009714, 0.010552122, 0.010811052, 0.011307624, 0.011780413, 0.012234507, 0.012455537, 0.012886235, 0.013300581, 0.013500662, 0.013884977, 0.0142457355, 0.014416748, 0.014740562, 0.015041726, 0.015323946, 0.0154592, 0.015719803, 0.015968176, 0.016087642, 0.016316405, 0.016530693, 0.016729271, 0.016822813, 0.016999371, 0.017162897, 0.017240288, 0.017386952, 0.017523266, 0.017587677, 0.017708113, 0.017816627, 0.017912239, 0.017955117, 0.01803145, 0.018096633, 0.01812571, 0.018178552, 0.018225946, 0.018268993, 0.01828895, 0.018325279, 0.01835567, 0.018368248, 0.018387763, 0.018399494, 0.01840383, 0.018403362, 0.018397631, 0.018385068, 0.018375866, 0.01835077, 0.01831541, 0.018293673, 0.018241938, 0.018179651, 0.018107958, 0.018069215, 0.017987143, 0.01790049, 0.017855657, 0.017762944, 0.017664282, 0.017556993, 0.017499235, 0.017373754, 0.017233195, 0.01715715, 0.016993638, 0.016816035, 0.016722674, 0.01652795, 0.016322732, 0.01610621, 0.01599306, 0.015755096, 0.015500037, 0.015365765, 0.015083591, 0.014784052, 0.014468508, 0.014305484, 0.013970791, 0.013624933, 0.013447789, 0.0130838, 0.012703222, 0.012505378, 0.01209297, 0.011656578, 0.011196321, 0.010957643, 0.0104635395, 0.009945905, 0.009676793, 0.009111702, 0.008497563, 0.007820251, 0.007460625, 0.0067544496, 0.0062918155, 0.0062988647, 0.006905196, 0, 0, 0, 0, 0, 0, 0, 0, 0, 0, 0, 0, 0, 0, 0, 0, 0, 0
0, 0, 0, 0, 0, 0, 0, 0, 0, 0, 0, 0, 0, 0, 0, 0, 0, 0, 0, 0, 0.0063278726, 0.006100202, 0.006189195, 0.006730847, 0.007065871, 0.007762095, 0.008442978, 0.009088704, 0.009397024, 0.009985133, 0.0105380835, 0.010803023, 0.011314203, 0.011804794, 0.012277862, 0.012507781, 0.012953205, 0.013376232, 0.013578379, 0.013962568, 0.014319974, 0.014489238, 0.014811433, 0.015115608, 0.015406337, 0.015547732, 0.01582302, 0.016087178, 0.016214157, 0.016455512, 0.016677877, 0.01688002, 0.01697401, 0.017149072, 0.017309234, 0.017384471, 0.017526207, 0.01765689, 0.01771818, 0.01783203, 0.017933896, 0.018023597, 0.018064314, 0.018138286, 0.018203754, 0.018234145, 0.018290214, 0.018340757, 0.018385142, 0.018404795, 0.018438388, 0.01846347, 0.018472567, 0.018484209, 0.018488016, 0.018485794, 0.01848285, 0.018473573, 0.018458994, 0.018449169, 0.01842319, 0.018386938, 0.01836454, 0.018310912, 0.018245075, 0.018167963, 0.018125847, 0.018035645, 0.017939279, 0.017889287, 0.017786166, 0.017678099, 0.01756341, 0.017502997, 0.017374536, 0.017233461, 0.01715759, 0.016993804, 0.016813459, 0.016717356, 0.016514057, 0.016297193, 0.01606744, 0.015947953, 0.01569913, 0.015436755, 0.015300159, 0.015015444, 0.0147142345, 0.0143957, 0.014230128, 0.013886984, 0.01352881, 0.013344356, 0.012963789, 0.012567108, 0.012362308, 0.011939119, 0.011497429, 0.011037584, 0.010800902, 0.010314989, 0.009811406, 0.009552352, 0.009015751, 0.0084476685, 0.007845295, 0.007540162, 0.0070034345, 0.006883508, 0.007212137, 0.009136789, 0, 0, 0, 0, 0, 0, 0, 0, 0, 0, 0, 0, 0, 0, 0, 0, 0, 0
0, 0, 0, 0, 0, 0, 0, 0, 0, 0, 0, 0, 0, 0, 0, 0, 0, 0, 0, 0, 0.0064184577, 0.0061350097, 0.005976039, 0.006456487, 0.006808793, 0.007562626, 0.008287476, 0.0089523755, 0.009263494, 0.009851235, 0.010404436, 0.010671701, 0.011191961, 0.011695887, 0.012182138, 0.012417355, 0.012868703, 0.013291392, 0.013491466, 0.0138703305, 0.014225144, 0.014395803, 0.014727291, 0.015049461, 0.015363008, 0.015515916, 0.015810749, 0.016086927, 0.01621656, 0.016457703, 0.01667504, 0.016871436, 0.016963316, 0.017137155, 0.017300287, 0.017378362, 0.017527562, 0.017666126, 0.017730895, 0.017850619, 0.017956734, 0.018050283, 0.018093074, 0.018172521, 0.01824535, 0.018279485, 0.018342165, 0.01839516, 0.018435426, 0.018450303, 0.018469185, 0.01847459, 0.018472854, 0.018461987, 0.018443642, 0.018419828, 0.018406253, 0.018375648, 0.018339282, 0.018318549, 0.018271623, 0.018217256, 0.018187555, 0.018123519, 0.01805306, 0.017976018, 0.017934578, 0.017844992, 0.017745042, 0.017690506, 0.017571492, 0.017439175, 0.017294915, 0.017219152, 0.017061666, 0.01689716, 0.016812246, 0.016635489, 0.016447434, 0.01634817, 0.01613802, 0.015910972, 0.01566767, 0.015540335, 0.015275648, 0.014999054, 0.014856779, 0.014563348, 0.014256617, 0.0139340665, 0.01376594, 0.013414681, 0.013042416, 0.012848253, 0.012444132, 0.012020124, 0.011801097, 0.0113499025, 0.01088117, 0.010393861, 0.010142609, 0.009623761, 0.009080659, 0.008799281, 0.00821529, 0.0076069213, 0.0070101465, 0.0067544575, 0.006539824, 0.0073188515, 0.0083548175, 0, 0, 0, 0, 0, 0, 0, 0, 0, 0, 0, 0, 0, 0, 0, 0, 0, 0, 0
0, 0, 0, 0, 0, 0, 0, 0, 0, 0, 0, 0, 0, 0, 0, 0, 0, 0, 0, 0, 0.007731847, 0.0067104157, 0.00596357, 0.006356562, 0.0067105624, 0.007479052, 0.008210068, 0.008872003, 0.009179936, 0.0097615775, 0.010311057, 0.0105774375, 0.011096978, 0.0116002215, 0.012084497, 0.012318089, 0.012765399, 0.013184579, 0.013383564, 0.013762343, 0.01412047, 0.014293758, 0.01463221, 0.014960839, 0.015277447, 0.01542982, 0.015719272, 0.01598492, 0.016108224, 0.016336411, 0.016543502, 0.016735485, 0.016827453, 0.017006086, 0.017178753, 0.01726249, 0.01742283, 0.017570814, 0.017639264, 0.017764108, 0.017872758, 0.017967448, 0.018010339, 0.018089667, 0.018161986, 0.018195458, 0.018255875, 0.018304652, 0.018339075, 0.018350523, 0.018362196, 0.018361293, 0.01835696, 0.018342853, 0.018323386, 0.018299486, 0.018285444, 0.01825173, 0.01820828, 0.018182138, 0.018121485, 0.018051064, 0.01801313, 0.017933823, 0.01785209, 0.017768882, 0.017726311, 0.017636627, 0.017537087, 0.01748199, 0.017358871, 0.017217476, 0.017059641, 0.016975971, 0.016801782, 0.016621932, 0.01653051, 0.01634433, 0.016151683, 0.016051615, 0.015841173, 0.01561363, 0.015367221, 0.015237066, 0.014964331, 0.014677828, 0.0145303495, 0.014227577, 0.01391422, 0.013588217, 0.013419551, 0.013068726, 0.012697583, 0.012503794, 0.012099542, 0.0116734635, 0.011452662, 0.010995524, 0.010517428, 0.010016471, 0.009756432, 0.00921462, 0.008639936, 0.008338364, 0.0077029318, 0.0070243445, 0.0063353977, 0.0060272817, 0.00572095, 0.0065379515, 0.0076489607, 0, 0, 0, 0, 0, 0, 0, 0, 0, 0, 0, 0, 0, 0, 0, 0, 0, 0, 0
0, 0, 0, 0, 0, 0, 0, 0, 0, 0, 0, 0, 0, 0, 0, 0, 0, 0, 0, 0, 0, 0.0060784947, 0.0059611253, 0.0063814577, 0.0067137345, 0.0074402764, 0.008143555, 0.008790004, 0.009093755, 0.009671734, 0.0102211805, 0.01048794, 0.0110074775, 0.011508049, 0.011986662, 0.012216536, 0.012656152, 0.013068703, 0.013265459, 0.013642514, 0.014001921, 0.014176452, 0.014516722, 0.014844319, 0.015155516, 0.01530337, 0.0155810425, 0.015833179, 0.01595025, 0.016168445, 0.016371153, 0.016564554, 0.016659355, 0.016846728, 0.017029807, 0.017118461, 0.01728647, 0.017438412, 0.017507272, 0.017630499, 0.017735919, 0.017826827, 0.017868105, 0.01794463, 0.018014243, 0.018046277, 0.01810282, 0.018147243, 0.018176923, 0.018186186, 0.018194368, 0.018192055, 0.018188288, 0.018177716, 0.01816477, 0.018148722, 0.018138377, 0.018109804, 0.018066684, 0.01803857, 0.01796923, 0.017884722, 0.017838497, 0.017741546, 0.017643303, 0.017546998, 0.017499479, 0.017403092, 0.017299347, 0.01724239, 0.01711488, 0.016966999, 0.016800672, 0.01671181, 0.016526313, 0.01633499, 0.016238522, 0.01604455, 0.01584772, 0.015746746, 0.01553592, 0.015307995, 0.015059028, 0.014926557, 0.014646757, 0.014350946, 0.0141984215, 0.013886389, 0.013566251, 0.013237427, 0.013068757, 0.012720709, 0.012354103, 0.012162953, 0.011763456, 0.011340885, 0.011120983, 0.01066411, 0.010183671, 0.009677506, 0.009413632, 0.00886172, 0.008272066, 0.007960867, 0.0073005804, 0.0065892395, 0.0058572125, 0.005517788, 0.005054898, 0.0050981287, 0, 0, 0, 0, 0, 0, 0, 0, 0, 0, 0, 0, 0, 0, 0, 0, 0, 0, 0, 0
0, 0, 0, 0, 0, 0, 0, 0, 0, 0, 0, 0, 0, 0, 0, 0, 0, 0, 0, 0, 0, 0.0075219474, 0.006719921, 0.006633597, 0.006819486, 0.007391512, 0.008040169, 0.008674227, 0.008978712, 0.009563076, 0.010119506, 0.010388522, 0.010909147, 0.011405436, 0.011875225, 0.01209985, 0.012528659, 0.012932097, 0.013125413, 0.0134978695, 0.013854594, 0.0140281245, 0.01436489, 0.01468643, 0.014988923, 0.015131908, 0.015400564, 0.015646957, 0.015762933, 0.015983265, 0.016192924, 0.016396457, 0.016496725, 0.016693996, 0.016883826, 0.016974205, 0.017142253, 0.017289998, 0.01735584, 0.017472247, 0.017571814, 0.01765927, 0.017699797, 0.01777641, 0.017847132, 0.01787958, 0.017936805, 0.017980767, 0.018009588, 0.01801846, 0.01802656, 0.018025484, 0.018022984, 0.018016666, 0.018009782, 0.018000867, 0.01799415, 0.017971551, 0.01793198, 0.01790432, 0.017832797, 0.017741932, 0.01769082, 0.01758173, 0.017469196, 0.017358374, 0.017303947, 0.017195603, 0.0170824, 0.017021634, 0.016887713, 0.016734943, 0.01656385, 0.016472438, 0.016281394, 0.016083889, 0.015984217, 0.015784193, 0.015582773, 0.015479952, 0.015266392, 0.015036299, 0.01478467, 0.014650474, 0.014366829, 0.014065975, 0.013910875, 0.013594085, 0.013271393, 0.012942983, 0.012775764, 0.012432443, 0.012071838, 0.011883501, 0.011488853, 0.011069837, 0.010851204, 0.01039628, 0.009917452, 0.009413614, 0.009151245, 0.008602843, 0.008016885, 0.0077074952, 0.0070543517, 0.0063661025, 0.005708408, 0.0054475637, 0.005293829, 0.00582611, 0, 0, 0, 0, 0, 0, 0, 0, 0, 0, 0, 0, 0, 0, 0, 0, 0, 0, 0, 0
0, 0, 0, 0, 0, 0, 0, 0, 0, 0, 0, 0, 0, 0, 0, 0, 0, 0, 0, 0, 0, 0.010110552, 0.0076020034, 0.00671362, 0.0067343633, 0.0071883486, 0.007832482, 0.008490319, 0.00880768, 0.009413026, 0.009981948, 0.010253946, 0.01077445, 0.011264469, 0.011724536, 0.01194396, 0.012363083, 0.0127591975, 0.012949764, 0.013318176, 0.0136718, 0.013843541, 0.014175904, 0.014492098, 0.014789661, 0.01493114, 0.015199979, 0.015452716, 0.015574041, 0.015808716, 0.016034909, 0.016253652, 0.016360192, 0.016565394, 0.016756792, 0.016845684, 0.017008053, 0.017148744, 0.017211463, 0.017323874, 0.017423468, 0.01751526, 0.017559394, 0.017644493, 0.017724304, 0.017761124, 0.017825613, 0.017875034, 0.017907588, 0.017917655, 0.017927507, 0.017927062, 0.017924583, 0.01791735, 0.017908888, 0.017897816, 0.017890127, 0.017866332, 0.017826704, 0.017799646, 0.01773004, 0.017641025, 0.017590292, 0.017480008, 0.017362515, 0.017242977, 0.017183285, 0.017062955, 0.016937872, 0.016871868, 0.016729511, 0.016571248, 0.016396634, 0.016304012, 0.016110286, 0.015909161, 0.015807053, 0.015601356, 0.015393177, 0.015287003, 0.0150669515, 0.014831575, 0.014576345, 0.014441004, 0.014156297, 0.013855963, 0.013701472, 0.013386587, 0.013067161, 0.0127436435, 0.012579406, 0.012242021, 0.011886794, 0.011700677, 0.011308698, 0.010890501, 0.010672072, 0.010217703, 0.009741843, 0.009244297, 0.0089863585, 0.008448638, 0.0078738155, 0.007569598, 0.0069277585, 0.006265306, 0.00569119, 0.0055237887, 0.005801284, 0.0075110197, 0, 0, 0, 0, 0, 0, 0, 0, 0, 0, 0, 0, 0, 0, 0, 0, 0, 0, 0, 0
0, 0, 0, 0, 0, 0, 0, 0, 0, 0, 0, 0, 0, 0, 0, 0, 0, 0, 0, 0, 0, 0, 0.0071248803, 0.0062042447, 0.0062654717, 0.00682066, 0.0075508654, 0.0082673915, 0.008604729, 0.009234926, 0.009813541, 0.010086246, 0.010602724, 0.011084879, 0.011537201, 0.011753714, 0.01216967, 0.012565686, 0.012757125, 0.013127677, 0.013483102, 0.01365515, 0.013987595, 0.014303635, 0.014603066, 0.0147468485, 0.015024361, 0.0152908135, 0.015420577, 0.015673729, 0.015917486, 0.01614988, 0.016260833, 0.01646992, 0.016659416, 0.016746292, 0.01690411, 0.017043103, 0.017106837, 0.01722592, 0.01733737, 0.017444396, 0.017496655, 0.017597683, 0.017691737, 0.017734597, 0.01780936, 0.01786671, 0.017905466, 0.017918127, 0.017931785, 0.017932745, 0.017929524, 0.01791819, 0.017901912, 0.017880589, 0.017867364, 0.017833695, 0.01778768, 0.017759291, 0.017691296, 0.017608572, 0.017562041, 0.017459823, 0.01734762, 0.01722837, 0.017166477, 0.01703872, 0.016903438, 0.016831892, 0.016679697, 0.016514037, 0.016334701, 0.016240278, 0.016043667, 0.015838591, 0.015733866, 0.015521178, 0.0153042115, 0.015193213, 0.014963551, 0.014719732, 0.014459472, 0.014322904, 0.014038277, 0.013740651, 0.013588093, 0.013278257, 0.012964237, 0.012646388, 0.012485044, 0.012152761, 0.011801559, 0.01161663, 0.011226287, 0.010808174, 0.010589692, 0.010136716, 0.009665157, 0.0091761565, 0.008924107, 0.008399362, 0.00783533, 0.0075339107, 0.0068889163, 0.0062157605, 0.0056459596, 0.0054933676, 0.0056897094, 0, 0, 0, 0, 0, 0, 0, 0, 0, 0, 0, 0, 0, 0, 0, 0, 0, 0, 0, 0, 0
0, 0, 0, 0, 0, 0, 0, 0, 0, 0, 0, 0, 0, 0, 0, 0, 0, 0, 0, 0, 0, 0, 0.005740859, 0.0056850817, 0.0058795144, 0.0065564285, 0.0073469784, 0.008095471, 0.0084413355, 0.0090778135, 0.009653192, 0.009922339, 0.010430114, 0.01090479, 0.011354026, 0.011570948, 0.011992298, 0.012397824, 0.01259486, 0.012976936, 0.0133422855, 0.013518445, 0.013857628, 0.014179293, 0.014484992, 0.014632697, 0.014920203, 0.015199091, 0.015335609, 0.015602149, 0.015856976, 0.016096639, 0.016209606, 0.016419953, 0.016608948, 0.016695654, 0.016855987, 0.01700347, 0.017073978, 0.017210929, 0.017343903, 0.017472034, 0.017533645, 0.017650183, 0.017754931, 0.017801663, 0.01788225, 0.017944708, 0.017989317, 0.018005492, 0.018026995, 0.018035112, 0.018034479, 0.018024808, 0.018004594, 0.017974429, 0.017955542, 0.017910106, 0.017854482, 0.017823085, 0.017753698, 0.017675629, 0.017633291, 0.017541183, 0.017438397, 0.017324634, 0.01726362, 0.017132904, 0.016990362, 0.016914302, 0.01675271, 0.016578626, 0.016392853, 0.016295867, 0.016094657, 0.015884712, 0.015776888, 0.015556713, 0.015329843, 0.01521348, 0.014973178, 0.0147203235, 0.0144538, 0.014315319, 0.014028712, 0.013731092, 0.013579087, 0.013270174, 0.012956924, 0.01263958, 0.0124782985, 0.012146682, 0.011796573, 0.011612388, 0.0112241525, 0.0108090015, 0.010592356, 0.010143774, 0.009678798, 0.0091997655, 0.00895406, 0.008443952, 0.007893357, 0.0075961202, 0.0069489246, 0.0062572574, 0.0056849592, 0.005580422, 0.0062766015, 0, 0, 0, 0, 0, 0, 0, 0, 0, 0, 0, 0, 0, 0, 0, 0, 0, 0, 0, 0, 0
0, 0, 0, 0, 0, 0, 0, 0, 0, 0, 0, 0, 0, 0, 0, 0, 0, 0, 0, 0, 0, 0, 0.0067284326, 0.0061451714, 0.0061444743, 0.0066086827, 0.0073130964, 0.00802132, 0.008353604, 0.008970331, 0.009531593, 0.009795219, 0.010295333, 0.010767326, 0.0112196505, 0.011440278, 0.011873261, 0.012294759, 0.012500842, 0.012901232, 0.013283426, 0.013467018, 0.013818105, 0.014148394, 0.014460675, 0.014611475, 0.014905048, 0.015190331, 0.015330204, 0.015602528, 0.015862225, 0.01610519, 0.016219428, 0.016432598, 0.016626026, 0.01671621, 0.016887177, 0.017050773, 0.017131118, 0.017290268, 0.017445087, 0.017591212, 0.017659556, 0.017784156, 0.017890686, 0.017936759, 0.018015195, 0.018076949, 0.018125832, 0.018146448, 0.01818054, 0.01820475, 0.018212404, 0.018216932, 0.018205497, 0.018177794, 0.018157898, 0.018107394, 0.018044874, 0.018010324, 0.01793667, 0.017858278, 0.017817384, 0.017730204, 0.017633481, 0.017524097, 0.017463975, 0.017332243, 0.017184945, 0.017105615, 0.016936539, 0.016755091, 0.0165632, 0.016463647, 0.016257728, 0.01604316, 0.015932577, 0.015705477, 0.015470215, 0.015349232, 0.0150997145, 0.014838824, 0.014565756, 0.0144245075, 0.014132735, 0.013829892, 0.013674813, 0.013358951, 0.0130375475, 0.012711348, 0.012545875, 0.012207177, 0.011853022, 0.011668385, 0.011281684, 0.010870675, 0.0106566185, 0.010213606, 0.009754521, 0.009282258, 0.009040941, 0.0085422825, 0.00800885, 0.0077225887, 0.0071033794, 0.0064471997, 0.005895557, 0.005753703, 0.005868151, 0, 0, 0, 0, 0, 0, 0, 0, 0, 0, 0, 0, 0, 0, 0, 0, 0, 0, 0, 0, 0
0, 0, 0, 0, 0, 0, 0, 0, 0, 0, 0, 0, 0, 0, 0, 0, 0, 0, 0, 0, 0, 0, 0.0088753225, 0.0070069614, 0.0066776476, 0.0067916266, 0.007336156, 0.007969089, 0.008280975, 0.008876736, 0.009432326, 0.00969617, 0.010200582, 0.010679959, 0.011142446, 0.01136926, 0.011816729, 0.012255961, 0.01247167, 0.012892154, 0.013293741, 0.01348592, 0.013850945, 0.014190585, 0.01450847, 0.014661174, 0.014958037, 0.015246693, 0.015388512, 0.015665315, 0.01593031, 0.016179644, 0.016297668, 0.016519291, 0.016723173, 0.01681962, 0.01700487, 0.017184747, 0.017273596, 0.017449481, 0.017618796, 0.017774832, 0.017845983, 0.01797192, 0.018075125, 0.018118536, 0.018191716, 0.018251052, 0.018303288, 0.018328244, 0.018376727, 0.018421078, 0.018439848, 0.018466799, 0.018474959, 0.01846118, 0.018445933, 0.018400125, 0.018337416, 0.018301528, 0.018223971, 0.018141547, 0.018099034, 0.018009847, 0.01791252, 0.01780256, 0.017741943, 0.017608197, 0.017457329, 0.017375724, 0.01720187, 0.01701567, 0.016819732, 0.016718427, 0.016509566, 0.016291862, 0.01617944, 0.01594776, 0.015706657, 0.015582424, 0.015326148, 0.015058855, 0.014779422, 0.014634874, 0.014335754, 0.014023748, 0.0138633065, 0.013534891, 0.013198503, 0.012855821, 0.012681988, 0.012327947, 0.011962036, 0.011773242, 0.011381909, 0.010969476, 0.010754964, 0.0103104375, 0.009847822, 0.009370069, 0.00912559, 0.008622919, 0.0080941785, 0.007818167, 0.007252803, 0.0067453845, 0.006545931, 0.0066941124, 0.0074966666, 0, 0, 0, 0, 0, 0, 0, 0, 0, 0, 0, 0, 0, 0, 0, 0, 0, 0, 0, 0, 0
0, 0, 0, 0, 0, 0, 0, 0, 0, 0, 0, 0, 0, 0, 0, 0, 0, 0, 0, 0, 0, 0, 0, 0.0072672404, 0.006938471, 0.0068222126, 0.0072197095, 0.0078068012, 0.00811696, 0.00872845, 0.009309462, 0.009586516, 0.010115283, 0.010615585, 0.011095678, 0.011330491, 0.011793607, 0.012249038, 0.012473154, 0.012911433, 0.013330376, 0.013530567, 0.013909206, 0.014258976, 0.014583787, 0.014739341, 0.015041377, 0.015336878, 0.015482657, 0.015769597, 0.016046919, 0.016310316, 0.016435673, 0.01667231, 0.016890585, 0.016993735, 0.01719101, 0.017380705, 0.01747381, 0.017656347, 0.01783079, 0.01799105, 0.01806396, 0.018192679, 0.018297821, 0.018341986, 0.018416552, 0.018478498, 0.018535398, 0.018563826, 0.018621944, 0.018679557, 0.01870634, 0.018750723, 0.018776448, 0.018778618, 0.018770004, 0.01873458, 0.01867765, 0.018642843, 0.018564781, 0.018479152, 0.01843431, 0.018340234, 0.018238293, 0.018124392, 0.01806204, 0.017925242, 0.01777155, 0.017688682, 0.017512303, 0.017323852, 0.017125744, 0.017023645, 0.016813036, 0.016593616, 0.016480332, 0.016246011, 0.016000956, 0.01587435, 0.015612787, 0.015339504, 0.015053733, 0.014905848, 0.014599346, 0.014278431, 0.014112774, 0.013772058, 0.013420535, 0.01305961, 0.0128758745, 0.012501085, 0.012115149, 0.0119172055, 0.011509051, 0.0110814385, 0.010859475, 0.010397961, 0.009914651, 0.009410957, 0.009151498, 0.008616217, 0.008056026, 0.0077685555, 0.007211237, 0.0068277335, 0.007089623, 0.0077294502, 0.010209065, 0, 0, 0, 0, 0, 0, 0, 0, 0, 0, 0, 0, 0, 0, 0, 0, 0, 0, 0, 0, 0
0, 0, 0, 0, 0, 0, 0, 0, 0, 0, 0, 0, 0, 0, 0, 0, 0, 0, 0, 0, 0, 0, 0, 0.008377016, 0.007364641, 0.00660911, 0.0068684267, 0.0074845725, 0.007827387, 0.008507341, 0.009147955, 0.009450241, 0.0100203445, 0.010551168, 0.011053693, 0.011297772, 0.011776707, 0.012246588, 0.012477912, 0.012930346, 0.013363287, 0.013570174, 0.013961558, 0.014322776, 0.01465808, 0.01481862, 0.015131064, 0.015438159, 0.015590797, 0.015893543, 0.01618921, 0.016472086, 0.016606977, 0.016861016, 0.017093118, 0.017201468, 0.017405432, 0.017597253, 0.017690333, 0.017871846, 0.018046813, 0.018211463, 0.018288296, 0.018428242, 0.018547334, 0.018598758, 0.018687122, 0.018759985, 0.018823639, 0.018853769, 0.018913092, 0.018970298, 0.018997053, 0.019042972, 0.01907316, 0.019082416, 0.019078054, 0.019051017, 0.019001374, 0.018969435, 0.018894881, 0.01880993, 0.018764563, 0.018668303, 0.018563375, 0.01844686, 0.018383471, 0.018245062, 0.018090324, 0.018007068, 0.017829806, 0.017640278, 0.017440606, 0.017337518, 0.017125068, 0.016903797, 0.01678958, 0.016552817, 0.016304098, 0.016174847, 0.015906874, 0.015626207, 0.015332762, 0.01518101, 0.014867743, 0.014540661, 0.0143718235, 0.014023933, 0.013662743, 0.013288081, 0.013095609, 0.012700196, 0.01228983, 0.0120785, 0.011642235, 0.011185053, 0.010947445, 0.010452944, 0.00993203, 0.00938406, 0.009099388, 0.008506048, 0.007878861, 0.0075556743, 0.00692858, 0.0064984374, 0.0067810495, 0.007479031, 0, 0, 0, 0, 0, 0, 0, 0, 0, 0, 0, 0, 0, 0, 0, 0, 0, 0, 0, 0, 0, 0
0, 0, 0, 0, 0, 0, 0, 0, 0, 0, 0, 0, 0, 0, 0, 0, 0, 0, 0, 0, 0, 0, 0, 0.007873472, 0.00681096, 0.006020235, 0.00638571, 0.007123473, 0.0075195367, 0.008287396, 0.0089939665, 0.009322587, 0.009934701, 0.010496363, 0.011021476, 0.011274831, 0.0117691485, 0.012252247, 0.012489322, 0.012952812, 0.013396326, 0.0136084575, 0.014011018, 0.014384051, 0.014731528, 0.014898177, 0.015222701, 0.015542144, 0.015701495, 0.016018786, 0.01633066, 0.016630016, 0.016772788, 0.01704049, 0.01728218, 0.01739358, 0.01759985, 0.017790198, 0.017881704, 0.018060787, 0.018236993, 0.018409338, 0.018492784, 0.018650567, 0.018791322, 0.018853975, 0.018963002, 0.019050995, 0.019121837, 0.01915236, 0.019205894, 0.01925188, 0.019272083, 0.019305866, 0.019327521, 0.019333059, 0.019328672, 0.019304262, 0.019259864, 0.01923086, 0.019161949, 0.019081531, 0.019037906, 0.018944152, 0.018841099, 0.018726602, 0.018664183, 0.018527484, 0.018373935, 0.018291013, 0.018113445, 0.017922545, 0.01772083, 0.017616479, 0.01740135, 0.017177671, 0.01706223, 0.016822312, 0.01656865, 0.016436117, 0.016159605, 0.01586849, 0.015564476, 0.015408222, 0.015087322, 0.014755303, 0.014584939, 0.014234615, 0.01386999, 0.013488478, 0.013290609, 0.012879549, 0.01244689, 0.012222016, 0.011754969, 0.011262627, 0.011006482, 0.010472372, 0.009907476, 0.009308878, 0.0089957435, 0.00833854, 0.0076397625, 0.0072802897, 0.0065916395, 0.0061315694, 0.006268541, 0.0065338775, 0, 0, 0, 0, 0, 0, 0, 0, 0, 0, 0, 0, 0, 0, 0, 0, 0, 0, 0, 0, 0, 0
0, 0, 0, 0, 0, 0, 0, 0, 0, 0, 0, 0, 0, 0, 0, 0, 0, 0, 0, 0, 0, 0, 0, 0, 0.005723126, 0.0056697964, 0.006168817, 0.006949578, 0.007363777, 0.008167997, 0.008909249, 0.009253732, 0.009893705, 0.010478059, 0.011021289, 0.011282203, 0.011789227, 0.012281991, 0.012523313, 0.012993921, 0.013443959, 0.013659545, 0.0140699, 0.014451994, 0.014809063, 0.014980198, 0.015312715, 0.01563875, 0.01580084, 0.016124008, 0.016442245, 0.016748458, 0.016894583, 0.017168332, 0.017414901, 0.017527975, 0.017736435, 0.017927352, 0.018018907, 0.018198518, 0.01837813, 0.018558087, 0.018647026, 0.018818848, 0.01897617, 0.019047238, 0.01917127, 0.01927026, 0.019345706, 0.019375732, 0.0194232, 0.019457929, 0.019471604, 0.019492509, 0.019503867, 0.019502765, 0.019496584, 0.01947158, 0.01942956, 0.019402722, 0.019338632, 0.019263329, 0.01922216, 0.019133354, 0.019035278, 0.018925747, 0.018865703, 0.018732663, 0.018581225, 0.018498491, 0.018320074, 0.01812712, 0.017922817, 0.017817259, 0.01760006, 0.017374525, 0.01725821, 0.017015982, 0.016758187, 0.016622528, 0.016337132, 0.016034475, 0.01571798, 0.015555795, 0.0152248535, 0.01488599, 0.014713431, 0.014360902, 0.013995127, 0.013611271, 0.013410969, 0.012991226, 0.012543904, 0.012309608, 0.011819613, 0.011300617, 0.0110300295, 0.010464908, 0.009865604, 0.009226841, 0.008890761, 0.00818194, 0.0074292077, 0.007048011, 0.006357253, 0.0060540834, 0.0068722013, 0.007895454, 0, 0, 0, 0, 0, 0, 0, 0, 0, 0, 0, 0, 0, 0, 0, 0, 0, 0, 0, 0, 0, 0
0, 0, 0, 0, 0, 0, 0, 0, 0, 0, 0, 0, 0, 0, 0, 0, 0, 0, 0, 0, 0, 0, 0, 0, 0.007154885, 0.0064334343, 0.006447566, 0.0070142113, 0.007382585, 0.008154499, 0.008897919, 0.009247986, 0.00990118, 0.010498308, 0.011052053, 0.0113169085, 0.011829817, 0.012325622, 0.012567704, 0.013038973, 0.0134898415, 0.013706237, 0.0141193, 0.01450565, 0.014867546, 0.015040655, 0.015375559, 0.015701158, 0.015862, 0.016181158, 0.016495164, 0.016798032, 0.01694319, 0.017217085, 0.017466474, 0.01758202, 0.01779639, 0.017993504, 0.018087722, 0.018271662, 0.018453674, 0.018634856, 0.01872407, 0.01889607, 0.019053308, 0.019124418, 0.019248819, 0.019348118, 0.019423831, 0.019453876, 0.019500863, 0.019534416, 0.019547487, 0.019567346, 0.019578243, 0.019577054, 0.019571034, 0.019546544, 0.019505704, 0.019479468, 0.019417187, 0.01934363, 0.019303383, 0.01921695, 0.019122051, 0.01901616, 0.018957831, 0.018827425, 0.0186767, 0.018593533, 0.018413119, 0.018217605, 0.018011097, 0.017904868, 0.017687209, 0.017462261, 0.017346447, 0.017105307, 0.016847203, 0.016710354, 0.01642015, 0.016109012, 0.015781503, 0.015613292, 0.015270634, 0.014921704, 0.014745125, 0.01438647, 0.014016855, 0.013630156, 0.013428256, 0.013004149, 0.012550348, 0.0123120835, 0.011813087, 0.011284572, 0.011009108, 0.010434091, 0.009823032, 0.009167793, 0.008820654, 0.008083138, 0.0072990106, 0.0069076847, 0.006234598, 0.006003268, 0.006434054, 0, 0, 0, 0, 0, 0, 0, 0, 0, 0, 0, 0, 0, 0, 0, 0, 0, 0, 0, 0, 0, 0, 0
0, 0, 0, 0, 0, 0, 0, 0, 0, 0, 0, 0, 0, 0, 0, 0, 0, 0, 0, 0, 0, 0, 0, 0, 0.009872758, 0.007526663, 0.0067444565, 0.007060081, 0.0073908474, 0.008148753, 0.008900492, 0.009254793, 0.009914085, 0.010514154, 0.011067901, 0.01133168, 0.01184017, 0.0123292, 0.012567615, 0.013031759, 0.013476912, 0.013691453, 0.014103223, 0.014491049, 0.014855861, 0.015030598, 0.0153673, 0.015691318, 0.015850114, 0.016162587, 0.01646812, 0.016763248, 0.01690565, 0.017177965, 0.017431416, 0.017550854, 0.01777559, 0.017983649, 0.018082608, 0.018272199, 0.018453578, 0.018627336, 0.018710809, 0.018868197, 0.019009246, 0.019072466, 0.01918349, 0.019274356, 0.019347683, 0.019378569, 0.019431446, 0.01947466, 0.019493433, 0.019524844, 0.01954606, 0.019552624, 0.019549198, 0.019527445, 0.01948646, 0.019459518, 0.01939452, 0.019317804, 0.019275907, 0.019186387, 0.019089654, 0.01898314, 0.018924775, 0.018794442, 0.018642899, 0.018559007, 0.018376656, 0.018178994, 0.017971152, 0.017864583, 0.017647518, 0.01742465, 0.017310433, 0.017073212, 0.016819362, 0.016684266, 0.01639569, 0.016082847, 0.015749892, 0.015577634, 0.015225414, 0.014865669, 0.014683754, 0.014315373, 0.013937629, 0.013544776, 0.013340429, 0.01291241, 0.012456429, 0.012217884, 0.011720833, 0.011198181, 0.010927183, 0.010363844, 0.009766179, 0.009122624, 0.008779301, 0.008043237, 0.0072569237, 0.006871254, 0.0062728585, 0.0063821315, 0.007967888, 0, 0, 0, 0, 0, 0, 0, 0, 0, 0, 0, 0, 0, 0, 0, 0, 0, 0, 0, 0, 0, 0, 0
0, 0, 0, 0, 0, 0, 0, 0, 0, 0, 0, 0, 0, 0, 0, 0, 0, 0, 0, 0, 0, 0, 0, 0, 0, 0.007364623, 0.006526157, 0.0069122594, 0.0072810217, 0.008091228, 0.008862232, 0.009217621, 0.009870303, 0.010459208, 0.011000645, 0.011257922, 0.011752756, 0.0122279525, 0.012459441, 0.012911452, 0.013347944, 0.013559902, 0.01397015, 0.014361235, 0.014732705, 0.014911414, 0.015255825, 0.0155850705, 0.015744848, 0.016055843, 0.01635651, 0.016646357, 0.016786966, 0.01705893, 0.017316913, 0.017440416, 0.017675495, 0.01789437, 0.01799771, 0.018192185, 0.018370876, 0.018534236, 0.018609984, 0.018748738, 0.018869827, 0.018923702, 0.019019384, 0.019101072, 0.019172318, 0.019204883, 0.019265262, 0.019320073, 0.019345207, 0.019388951, 0.01942019, 0.019433262, 0.019431734, 0.019410932, 0.019367639, 0.01933857, 0.019268187, 0.019185245, 0.019140203, 0.019044632, 0.018942684, 0.018832477, 0.01877283, 0.018641112, 0.01848932, 0.018405402, 0.018222988, 0.018024998, 0.01781637, 0.01770945, 0.017491983, 0.017269434, 0.017155875, 0.016921574, 0.01667205, 0.016539684, 0.016256591, 0.015948003, 0.015616587, 0.015443882, 0.015088073, 0.014721733, 0.014535484, 0.014157455, 0.013769921, 0.013368663, 0.013160764, 0.012727616, 0.012269423, 0.012031445, 0.011538969, 0.011027081, 0.010763895, 0.010221442, 0.00965075, 0.00903872, 0.008711926, 0.0080088405, 0.007258989, 0.006898818, 0.006385459, 0.0065039075, 0, 0, 0, 0, 0, 0, 0, 0, 0, 0, 0, 0, 0, 0, 0, 0, 0, 0, 0, 0, 0, 0, 0, 0
0, 0, 0, 0, 0, 0, 0, 0, 0, 0, 0, 0, 0, 0, 0, 0, 0, 0, 0, 0, 0, 0, 0, 0, 0, 0.0063972054, 0.006345927, 0.0068635093, 0.0072394456, 0.008029666, 0.008764098, 0.009100559, 0.009719471, 0.010281758, 0.010803613, 0.011053012, 0.011534261, 0.011997657, 0.0122239385, 0.012667416, 0.013098919, 0.013310032, 0.013722955, 0.014121796, 0.014505657, 0.014691505, 0.015050412, 0.015392255, 0.015556867, 0.015873866, 0.016176356, 0.016465671, 0.01660584, 0.01687767, 0.017137144, 0.017262185, 0.017501382, 0.017724926, 0.01783027, 0.01802718, 0.018204637, 0.01836245, 0.018434312, 0.01856395, 0.018676493, 0.018727032, 0.01881793, 0.018897766, 0.018970095, 0.01900384, 0.019067235, 0.019124234, 0.019149775, 0.019192386, 0.019220546, 0.019229459, 0.019225676, 0.01920052, 0.019153038, 0.019122014, 0.019047901, 0.018961338, 0.018914465, 0.018815165, 0.018709125, 0.018595025, 0.018533958, 0.018400973, 0.018249989, 0.018167146, 0.017987177, 0.017791, 0.01758247, 0.017474804, 0.017254202, 0.017027596, 0.016911954, 0.016674303, 0.016424034, 0.016292233, 0.016012348, 0.015709167, 0.015383565, 0.015213185, 0.014860251, 0.014493392, 0.014305581, 0.013922224, 0.013527774, 0.0131191965, 0.012907931, 0.012469342, 0.012007338, 0.011768095, 0.011275168, 0.010766448, 0.010506811, 0.009976196, 0.009425623, 0.008844484, 0.0085381325, 0.007890667, 0.00722962, 0.006938497, 0.00668374, 0.00753957, 0, 0, 0, 0, 0, 0, 0, 0, 0, 0, 0, 0, 0, 0, 0, 0, 0, 0, 0, 0, 0, 0, 0, 0
0, 0, 0, 0, 0, 0, 0, 0, 0, 0, 0, 0, 0, 0, 0, 0, 0, 0, 0, 0, 0, 0, 0, 0, 0, 0.008056979, 0.007268939, 0.0072060674, 0.0073947306, 0.007949345, 0.008559373, 0.008857512, 0.009428299, 0.009967104, 0.010479829, 0.010727962, 0.011210444, 0.011677045, 0.011904815, 0.012351454, 0.012787025, 0.013001055, 0.013421693, 0.013831745, 0.014229156, 0.014422432, 0.014796526, 0.015152094, 0.015322526, 0.015648192, 0.015955146, 0.016245848, 0.016385676, 0.016655248, 0.016911162, 0.017033957, 0.01726903, 0.01748948, 0.017593984, 0.01779036, 0.017968725, 0.018128928, 0.018202472, 0.018337397, 0.018457664, 0.018512528, 0.018612567, 0.018700225, 0.018776366, 0.018810235, 0.018869488, 0.018916158, 0.018934289, 0.018959781, 0.018969897, 0.018963639, 0.018954119, 0.018921683, 0.018872015, 0.018841289, 0.018769657, 0.018686606, 0.018641293, 0.018543307, 0.018436087, 0.018319067, 0.018256338, 0.018121323, 0.017970884, 0.017889235, 0.017712558, 0.017519388, 0.017311834, 0.01720326, 0.016978448, 0.01674437, 0.01662414, 0.016376695, 0.01611801, 0.015983446, 0.015701016, 0.015399382, 0.015078257, 0.014910868, 0.014563245, 0.014200134, 0.014013072, 0.013629028, 0.013231474, 0.012818488, 0.012605086, 0.012161751, 0.011694472, 0.011451917, 0.010950829, 0.010432071, 0.010167217, 0.00962728, 0.0090721045, 0.008497249, 0.00820139, 0.0076032956, 0.007063737, 0.0068774517, 0.00689898, 0.00750578, 0, 0, 0, 0, 0, 0, 0, 0, 0, 0, 0, 0, 0, 0, 0, 0, 0, 0, 0, 0, 0, 0, 0, 0
0, 0, 0, 0, 0, 0, 0, 0, 0, 0, 0, 0, 0, 0, 0, 0, 0, 0, 0, 0, 0, 0, 0, 0, 0, 0.011167874, 0.008602925, 0.007487793, 0.0073900237, 0.0076467097, 0.008150156, 0.008428415, 0.008990859, 0.009542039, 0.010076422, 0.010337074, 0.010845221, 0.011335215, 0.011573361, 0.012037024, 0.012486162, 0.012706157, 0.013137478, 0.013557281, 0.01396376, 0.014161429, 0.01454385, 0.014906716, 0.015080176, 0.015410192, 0.015718913, 0.016008653, 0.016147448, 0.016412942, 0.016663294, 0.01678274, 0.017010959, 0.017225558, 0.017327856, 0.01752207, 0.017701522, 0.017866459, 0.017943714, 0.01808961, 0.018224226, 0.01828696, 0.01840184, 0.018500658, 0.018581418, 0.018614862, 0.018667005, 0.018698905, 0.018707488, 0.018711397, 0.018700672, 0.01867892, 0.01866455, 0.018628588, 0.018582497, 0.018555338, 0.018492732, 0.018418465, 0.018376706, 0.018282933, 0.018175097, 0.018053725, 0.017988415, 0.017848648, 0.017696086, 0.017614596, 0.01744008, 0.017249947, 0.017044043, 0.01693563, 0.01670794, 0.016467009, 0.016342014, 0.016083246, 0.015813233, 0.015673619, 0.015383897, 0.015079176, 0.01475826, 0.014591869, 0.014246958, 0.013886441, 0.013700317, 0.013316515, 0.012916946, 0.012500805, 0.012285647, 0.011838001, 0.011364583, 0.0111174835, 0.010603096, 0.010064486, 0.009787346, 0.009218824, 0.008632176, 0.008027507, 0.007720933, 0.0071269213, 0.0066910214, 0.006647896, 0.0073761386, 0.00962667, 0, 0, 0, 0, 0, 0, 0, 0, 0, 0, 0, 0, 0, 0, 0, 0, 0, 0, 0, 0, 0, 0, 0, 0
0, 0, 0, 0, 0, 0, 0, 0, 0, 0, 0, 0, 0, 0, 0, 0, 0, 0, 0, 0, 0, 0, 0, 0, 0, 0, 0.008673372, 0.007030755, 0.006797862, 0.0069805044, 0.0075243684, 0.007834783, 0.00846272, 0.009073829, 0.009661816, 0.00994708, 0.010499454, 0.011025808, 0.011279055, 0.011766881, 0.012233548, 0.012460055, 0.012901286, 0.013326907, 0.013736138, 0.013934329, 0.014317095, 0.014679686, 0.014852648, 0.015180998, 0.015486991, 0.015773717, 0.015910968, 0.016174655, 0.01642405, 0.016543262, 0.01677101, 0.016985025, 0.01708698, 0.01728029, 0.017459078, 0.017624041, 0.017702093, 0.017851524, 0.017992448, 0.018059094, 0.018181816, 0.01828701, 0.018371224, 0.018404989, 0.018454637, 0.018480308, 0.018484656, 0.018479023, 0.018460352, 0.018434808, 0.018420571, 0.018389143, 0.018351406, 0.018329257, 0.01827649, 0.018210182, 0.018170903, 0.018078664, 0.017967364, 0.01783887, 0.0177694, 0.017622123, 0.017464645, 0.0173819, 0.01720727, 0.017018786, 0.016815312, 0.01670782, 0.016480723, 0.016237253, 0.01610964, 0.015843788, 0.015565385, 0.015421767, 0.015125204, 0.014815304, 0.014490651, 0.014322674, 0.01397548, 0.01361301, 0.01342586, 0.013039546, 0.012636381, 0.012215331, 0.011997171, 0.011543655, 0.011062726, 0.010810651, 0.010282451, 0.0097225215, 0.009431309, 0.008828062, 0.008197227, 0.007540506, 0.0072063855, 0.0065619266, 0.0061059096, 0.0060798996, 0.006950205, 0, 0, 0, 0, 0, 0, 0, 0, 0, 0, 0, 0, 0, 0, 0, 0, 0, 0, 0, 0, 0, 0, 0, 0, 0
0, 0, 0, 0, 0, 0, 0, 0, 0, 0, 0, 0, 0, 0, 0, 0, 0, 0, 0, 0, 0, 0, 0, 0, 0, 0, 0.0076775895, 0.0060236845, 0.0058495197, 0.0061924136, 0.006879178, 0.0072482, 0.007971432, 0.008656711, 0.009304669, 0.009615613, 0.010211194, 0.010770374, 0.0110364985, 0.011544094, 0.012024008, 0.012255369, 0.012703225, 0.013132011, 0.0135419415, 0.013739656, 0.014120699, 0.0144807575, 0.01465219, 0.014976903, 0.015279334, 0.01556422, 0.015701713, 0.015969153, 0.016226036, 0.01635014, 0.016588304, 0.016811676, 0.016917136, 0.01711447, 0.01729237, 0.01745211, 0.017526433, 0.017667297, 0.017800206, 0.017863551, 0.017981764, 0.018085573, 0.018171778, 0.018207628, 0.018264014, 0.018298453, 0.018307606, 0.018311989, 0.018303055, 0.01828718, 0.018277667, 0.018255396, 0.018225627, 0.01820652, 0.018158121, 0.018092984, 0.01805322, 0.017957684, 0.017840445, 0.017704502, 0.01763124, 0.017476818, 0.017313939, 0.01722919, 0.017052187, 0.016863376, 0.01666122, 0.016554695, 0.01632966, 0.016087528, 0.015960027, 0.015693098, 0.015412299, 0.015267314, 0.014967526, 0.014653665, 0.0143242255, 0.014153537, 0.013800457, 0.013432382, 0.013242624, 0.012850681, 0.012441112, 0.012012641, 0.011790565, 0.0113285445, 0.010838606, 0.010581691, 0.010041541, 0.009464476, 0.009161939, 0.008529208, 0.007859603, 0.0071566696, 0.006799217, 0.0061207097, 0.0056658476, 0.00563281, 0.00601798, 0, 0, 0, 0, 0, 0, 0, 0, 0, 0, 0, 0, 0, 0, 0, 0, 0, 0, 0, 0, 0, 0, 0, 0, 0
0, 0, 0, 0, 0, 0, 0, 0, 0, 0, 0, 0, 0, 0, 0, 0, 0, 0, 0, 0, 0, 0, 0, 0, 0, 0, 0, 0.005246044, 0.005285919, 0.0057577575, 0.006488967, 0.006878343, 0.0076447823, 0.008372804, 0.009058014, 0.009384502, 0.010004342, 0.010579162, 0.010850389, 0.011364377, 0.011848095, 0.012081017, 0.012531984, 0.012964431, 0.013378187, 0.0135777425, 0.013962146, 0.014324225, 0.014496147, 0.01482103, 0.01512346, 0.015410267, 0.015550089, 0.015825491, 0.01609511, 0.016226849, 0.016481597, 0.016720636, 0.016832884, 0.017039813, 0.017220933, 0.017376836, 0.017446896, 0.017575879, 0.017694782, 0.017751418, 0.017859342, 0.017958807, 0.018047933, 0.01808812, 0.018157981, 0.018210972, 0.018230425, 0.01825578, 0.018265659, 0.018264119, 0.01825967, 0.018243484, 0.01821506, 0.018195465, 0.018143853, 0.018074553, 0.018032549, 0.01793308, 0.017813003, 0.017675092, 0.01760093, 0.017444668, 0.017279014, 0.017192677, 0.017011974, 0.016819619, 0.016615145, 0.016507914, 0.016282942, 0.01604203, 0.015915314, 0.01565, 0.01536995, 0.01522488, 0.014924024, 0.0146074, 0.014273534, 0.014100142, 0.0137413135, 0.013367487, 0.01317484, 0.012777344, 0.012361805, 0.011925926, 0.011699795, 0.011228919, 0.010729883, 0.010468443, 0.009918526, 0.009329649, 0.009019576, 0.008366575, 0.0076691653, 0.00693599, 0.006568368, 0.0059078583, 0.0056193797, 0.0058093634, 0.007309015, 0, 0, 0, 0, 0, 0, 0, 0, 0, 0, 0, 0, 0, 0, 0, 0, 0, 0, 0, 0, 0, 0, 0, 0, 0
0, 0, 0, 0, 0, 0, 0, 0, 0, 0, 0, 0, 0, 0, 0, 0, 0, 0, 0, 0, 0, 0, 0, 0, 0, 0, 0, 0.006177632, 0.0058888863, 0.0058958475, 0.006422896, 0.0067709396, 0.007514066, 0.008250255, 0.008947454, 0.009277908, 0.00990054, 0.010471811, 0.010739869, 0.011246529, 0.011724211, 0.011955452, 0.012406763, 0.012843598, 0.01326516, 0.013469442, 0.013863089, 0.014233318, 0.014408645, 0.014738974, 0.015045606, 0.015336696, 0.01547912, 0.015761308, 0.016040215, 0.016177455, 0.016444748, 0.016697511, 0.01681654, 0.017035976, 0.01722673, 0.017387833, 0.017458806, 0.017585851, 0.017699983, 0.017754186, 0.017858705, 0.017959068, 0.018054523, 0.018099915, 0.018183481, 0.018253304, 0.018281823, 0.018324362, 0.018348023, 0.01835478, 0.018352235, 0.018335199, 0.018302133, 0.018279528, 0.018222425, 0.01814966, 0.018107185, 0.018009698, 0.017895376, 0.017765185, 0.017694682, 0.017544366, 0.017380869, 0.017294021, 0.017109577, 0.016911114, 0.01669981, 0.01658948, 0.01635936, 0.016115116, 0.015987469, 0.015720766, 0.01543924, 0.015292821, 0.014988048, 0.01466613, 0.014326577, 0.014150399, 0.013786445, 0.013408425, 0.013214062, 0.0128137395, 0.012395313, 0.011955711, 0.011727217, 0.011250476, 0.01074469, 0.010480015, 0.009923863, 0.009328532, 0.009014216, 0.008348839, 0.007631478, 0.0068766223, 0.0065036225, 0.0058706147, 0.00566604, 0.0058264574, 0, 0, 0, 0, 0, 0, 0, 0, 0, 0, 0, 0, 0, 0, 0, 0, 0, 0, 0, 0, 0, 0, 0, 0, 0, 0
0, 0, 0, 0, 0, 0, 0, 0, 0, 0, 0, 0, 0, 0, 0, 0, 0, 0, 0, 0, 0, 0, 0, 0, 0, 0, 0, 0.007853311, 0.006882012, 0.0061542746, 0.0064549595, 0.00677339, 0.007514783, 0.008265505, 0.008968398, 0.009297413, 0.009910607, 0.010467401, 0.010727653, 0.011219464, 0.011685923, 0.011913375, 0.01236119, 0.012800634, 0.0132291475, 0.013438089, 0.013841731, 0.014221839, 0.014401418, 0.014739229, 0.01505145, 0.015346199, 0.015489624, 0.015772438, 0.016051495, 0.016189221, 0.016459, 0.016717214, 0.016840274, 0.017070297, 0.017274361, 0.017450634, 0.017529072, 0.017670613, 0.017797772, 0.017857831, 0.017973589, 0.018084237, 0.018189589, 0.018239593, 0.018331515, 0.018408494, 0.018440098, 0.018487884, 0.018514892, 0.018522026, 0.018518612, 0.01849809, 0.01846171, 0.01843809, 0.018380899, 0.018312113, 0.018273259, 0.018186236, 0.018085826, 0.017970614, 0.01790716, 0.017767627, 0.017609635, 0.017523395, 0.017336491, 0.017131992, 0.01691234, 0.016797457, 0.016558317, 0.016306331, 0.016175337, 0.01590237, 0.015613521, 0.015462756, 0.01514747, 0.014814221, 0.014463941, 0.014283187, 0.013912107, 0.013528976, 0.013333023, 0.012930933, 0.012512051, 0.012072347, 0.01184335, 0.011364349, 0.010855509, 0.010589259, 0.010031585, 0.009436246, 0.009122309, 0.008454906, 0.0077279196, 0.0069595333, 0.0065867663, 0.006018774, 0.0061413925, 0.00672003, 0, 0, 0, 0, 0, 0, 0, 0, 0, 0, 0, 0, 0, 0, 0, 0, 0, 0, 0, 0, 0, 0, 0, 0, 0, 0
0, 0, 0, 0, 0, 0, 0, 0, 0, 0, 0, 0, 0, 0, 0, 0, 0, 0, 0, 0, 0, 0, 0, 0, 0, 0, 0, 0.007786678, 0.0068040886, 0.0060481536, 0.0064309984, 0.006793812, 0.007600457, 0.008380037, 0.009085611, 0.009410082, 0.010008785, 0.010549274, 0.010801671, 0.011279986, 0.011735371, 0.011958352, 0.012399137, 0.012835299, 0.013264382, 0.013474723, 0.013883058, 0.01426916, 0.014452152, 0.014796789, 0.01511471, 0.015412211, 0.015555541, 0.015835214, 0.016108692, 0.016243389, 0.016508339, 0.016764594, 0.016888319, 0.017123671, 0.01733945, 0.017534014, 0.0176236, 0.01778964, 0.017941501, 0.018013254, 0.018149812, 0.018276874, 0.01839307, 0.018446231, 0.018540286, 0.01861606, 0.018646438, 0.018691884, 0.018717581, 0.01872504, 0.018722372, 0.018705398, 0.018675203, 0.018655833, 0.01860937, 0.018552994, 0.018520996, 0.018448403, 0.018362788, 0.018261489, 0.01820389, 0.018073086, 0.017919412, 0.017833797, 0.017646242, 0.017438913, 0.017214444, 0.017096702, 0.016850652, 0.01659155, 0.016456915, 0.016175667, 0.015876323, 0.015719, 0.015388418, 0.015038107, 0.014671249, 0.014482974, 0.014098916, 0.01370576, 0.013505803, 0.01309775, 0.012674851, 0.012232267, 0.012001685, 0.011518865, 0.011006211, 0.010738574, 0.010180842, 0.009591022, 0.009281983, 0.00862684, 0.007912092, 0.007156616, 0.0067964382, 0.0062889005, 0.006407824, 0.006666279, 0, 0, 0, 0, 0, 0, 0, 0, 0, 0, 0, 0, 0, 0, 0, 0, 0, 0, 0, 0, 0, 0, 0, 0, 0, 0
0, 0, 0, 0, 0, 0, 0, 0, 0, 0, 0, 0, 0, 0, 0, 0, 0, 0, 0, 0, 0, 0, 0, 0, 0, 0, 0, 0, 0.0061463253, 0.006095403, 0.0066031357, 0.0069782394, 0.0077801845, 0.008539091, 0.0092203, 0.009533588, 0.010113859, 0.010642332, 0.010890821, 0.011363592, 0.011813829, 0.012033808, 0.0124678975, 0.012897005, 0.013320529, 0.013529082, 0.0139362365, 0.0143246185, 0.014510011, 0.014861208, 0.015187237, 0.015491066, 0.015636312, 0.015917111, 0.016188573, 0.016321773, 0.01658313, 0.016836891, 0.016959958, 0.017196443, 0.017418412, 0.017625853, 0.017724192, 0.017910847, 0.018084634, 0.018166848, 0.018321818, 0.018462565, 0.018587163, 0.018642532, 0.01873764, 0.018812042, 0.018841885, 0.01888804, 0.018918404, 0.018934628, 0.018937798, 0.01893537, 0.018922534, 0.01891244, 0.01888443, 0.018844262, 0.018819155, 0.018757325, 0.018679174, 0.018582322, 0.018526008, 0.01839588, 0.018241674, 0.018156063, 0.017969294, 0.017764267, 0.01754305, 0.017426474, 0.017181817, 0.016921885, 0.016785987, 0.016500076, 0.016192127, 0.016028985, 0.015683688, 0.01531573, 0.014930433, 0.014733049, 0.01433125, 0.013921149, 0.01371296, 0.013289009, 0.012851631, 0.012394749, 0.012156888, 0.011659678, 0.011133158, 0.010859343, 0.010293059, 0.009703022, 0.00939787, 0.008762501, 0.0080885915, 0.0074083647, 0.0071097636, 0.00684267, 0.007662233, 0.008601675, 0, 0, 0, 0, 0, 0, 0, 0, 0, 0, 0, 0, 0, 0, 0, 0, 0, 0, 0, 0, 0, 0, 0, 0, 0, 0
0, 0, 0, 0, 0, 0, 0, 0, 0, 0, 0, 0, 0, 0, 0, 0, 0, 0, 0, 0, 0, 0, 0, 0, 0, 0, 0, 0, 0.008044292, 0.0072522056, 0.0071877018, 0.0073831356, 0.007966613, 0.0086167175, 0.0092447195, 0.009543814, 0.010111144, 0.010640471, 0.010892151, 0.01137337, 0.011830671, 0.012052632, 0.01248749, 0.012914177, 0.013334719, 0.013542266, 0.013948874, 0.014340075, 0.014528197, 0.01488803, 0.015225438, 0.01554159, 0.015692806, 0.015984014, 0.016263941, 0.016400564, 0.016667716, 0.016925199, 0.01704923, 0.017286843, 0.017510392, 0.017721089, 0.01782202, 0.018015504, 0.018196648, 0.018282395, 0.018443331, 0.018590061, 0.018719835, 0.018777633, 0.018878099, 0.018958619, 0.018992227, 0.019048542, 0.019092647, 0.019125644, 0.019137999, 0.019155312, 0.019162556, 0.019162027, 0.019151036, 0.019123254, 0.019102028, 0.01904395, 0.018964581, 0.018863773, 0.018804908, 0.018669399, 0.018511897, 0.018426036, 0.018242415, 0.018045343, 0.017834494, 0.017723368, 0.01748846, 0.017235184, 0.017101146, 0.016816044, 0.016504474, 0.016337814, 0.015983278, 0.015603615, 0.015204794, 0.014999897, 0.0145809855, 0.01415053, 0.013930883, 0.013482113, 0.013017065, 0.012530124, 0.012276842, 0.011748291, 0.01119031, 0.010901452, 0.010306501, 0.009691764, 0.009377626, 0.008740448, 0.008111599, 0.007572621, 0.0073982975, 0.007455961, 0.008087166, 0, 0, 0, 0, 0, 0, 0, 0, 0, 0, 0, 0, 0, 0, 0, 0, 0, 0, 0, 0, 0, 0, 0, 0, 0, 0, 0
0, 0, 0, 0, 0, 0, 0, 0, 0, 0, 0, 0, 0, 0, 0, 0, 0, 0, 0, 0, 0, 0, 0, 0, 0, 0, 0, 0, 0.011355902, 0.008800588, 0.0076887673, 0.00760113, 0.007891898, 0.008438015, 0.009040415, 0.009340343, 0.009923446, 0.010477599, 0.010743068, 0.011250877, 0.011730948, 0.011962337, 0.0124119865, 0.012849774, 0.013279022, 0.013490431, 0.013904578, 0.01430288, 0.014494834, 0.01486369, 0.015211961, 0.015541531, 0.015699841, 0.016005998, 0.016300932, 0.01644491, 0.016725767, 0.016994283, 0.017122457, 0.017365031, 0.017588971, 0.017796662, 0.017895175, 0.018081952, 0.018255651, 0.018337803, 0.01849362, 0.018638737, 0.018772427, 0.018833848, 0.01894442, 0.019038167, 0.019079132, 0.01915133, 0.019211588, 0.019259637, 0.019278854, 0.019308511, 0.019326074, 0.01933017, 0.01932663, 0.01930363, 0.019283654, 0.019225826, 0.01914473, 0.019041281, 0.01898106, 0.018844344, 0.018688021, 0.018604232, 0.01842803, 0.018242031, 0.01804448, 0.017940028, 0.017717235, 0.017473059, 0.01734193, 0.017059743, 0.01674754, 0.016579757, 0.016222384, 0.015839476, 0.015436604, 0.0152286645, 0.014799746, 0.014353323, 0.014122985, 0.013646956, 0.013147396, 0.01262035, 0.012345251, 0.011771434, 0.011167131, 0.010854662, 0.010209219, 0.009537426, 0.00919271, 0.008497686, 0.007856724, 0.007467667, 0.0074965586, 0.00843066, 0.010811869, 0, 0, 0, 0, 0, 0, 0, 0, 0, 0, 0, 0, 0, 0, 0, 0, 0, 0, 0, 0, 0, 0, 0, 0, 0, 0, 0
0, 0, 0, 0, 0, 0, 0, 0, 0, 0, 0, 0, 0, 0, 0, 0, 0, 0, 0, 0, 0, 0, 0, 0, 0, 0, 0, 0, 0, 0.009063256, 0.0074293846, 0.0071976655, 0.007388253, 0.007951963, 0.008607713, 0.008937613, 0.009579394, 0.010186358, 0.010475352, 0.011024774, 0.01153964, 0.011786219, 0.012263079, 0.012724337, 0.013174299, 0.01339486, 0.013824062, 0.014232668, 0.014428031, 0.014801243, 0.015152911, 0.015486427, 0.015647637, 0.015960941, 0.016265048, 0.01641451, 0.016707085, 0.016987108, 0.017120583, 0.017370708, 0.01759709, 0.01780146, 0.017896272, 0.01807273, 0.018234236, 0.018310472, 0.01845722, 0.018598692, 0.018735146, 0.018800352, 0.01892147, 0.019028204, 0.019075846, 0.019159893, 0.019228315, 0.019279694, 0.019298792, 0.01932544, 0.019338608, 0.019340606, 0.019334653, 0.019312292, 0.019293996, 0.01924182, 0.019168802, 0.019074628, 0.019019296, 0.018893126, 0.01874787, 0.018669674, 0.018504953, 0.018330421, 0.018143628, 0.01804418, 0.017829942, 0.01759157, 0.017462488, 0.017181797, 0.01686955, 0.016701795, 0.016345767, 0.015966725, 0.015568594, 0.015362549, 0.014934704, 0.014482525, 0.014246136, 0.013750847, 0.013222108, 0.012657079, 0.012360395, 0.011740203, 0.011087057, 0.010748895, 0.010047493, 0.009305383, 0.008916913, 0.008116178, 0.007367005, 0.0069669234, 0.007088314, 0.008467624, 0, 0, 0, 0, 0, 0, 0, 0, 0, 0, 0, 0, 0, 0, 0, 0, 0, 0, 0, 0, 0, 0, 0, 0, 0, 0, 0, 0
0, 0, 0, 0, 0, 0, 0, 0, 0, 0, 0, 0, 0, 0, 0, 0, 0, 0, 0, 0, 0, 0, 0, 0, 0, 0, 0, 0, 0, 0.008310986, 0.00666019, 0.0064375754, 0.0066899317, 0.0073446855, 0.008100815, 0.0084786955, 0.009205199, 0.009878158, 0.0101937875, 0.010786118, 0.011334401, 0.011595418, 0.012098344, 0.012583406, 0.013054682, 0.013284342, 0.013727767, 0.01414398, 0.014340463, 0.014710847, 0.01505505, 0.015379198, 0.0155355595, 0.015839878, 0.016137453, 0.016284537, 0.01657533, 0.016857138, 0.016992232, 0.017246291, 0.017475495, 0.017679762, 0.017773176, 0.01794452, 0.018098852, 0.018171377, 0.018311277, 0.018449038, 0.01858521, 0.018651662, 0.01877714, 0.018889042, 0.018938698, 0.019024475, 0.019089397, 0.019131757, 0.019144766, 0.019157197, 0.019157257, 0.019154327, 0.01914387, 0.019125383, 0.019112207, 0.019075569, 0.019022735, 0.01895027, 0.018905727, 0.018799346, 0.018671243, 0.018600445, 0.018448152, 0.018283105, 0.018103637, 0.018007187, 0.017798094, 0.017563945, 0.017436262, 0.017157622, 0.016847206, 0.016680574, 0.016328791, 0.01595747, 0.0155694885, 0.015368814, 0.014950908, 0.01450494, 0.014269548, 0.013769898, 0.013227404, 0.012639158, 0.012328085, 0.011675067, 0.010986174, 0.010629256, 0.00988803, 0.009099968, 0.00868441, 0.007816015, 0.0069783945, 0.006487209, 0.0065805055, 0.00786824, 0, 0, 0, 0, 0, 0, 0, 0, 0, 0, 0, 0, 0, 0, 0, 0, 0, 0, 0, 0, 0, 0, 0, 0, 0, 0, 0, 0
0, 0, 0, 0, 0, 0, 0, 0, 0, 0, 0, 0, 0, 0, 0, 0, 0, 0, 0, 0, 0, 0, 0, 0, 0, 0, 0, 0, 0, 0, 0.006209854, 0.006043275, 0.006222456, 0.0068793227, 0.007709128, 0.008130372, 0.008932561, 0.009657939, 0.009991594, 0.010608244, 0.011171962, 0.01143884, 0.011952102, 0.01244567, 0.0129239755, 0.013156307, 0.013603169, 0.014019042, 0.014213783, 0.014577005, 0.014909337, 0.01521757, 0.015364791, 0.01564922, 0.015925867, 0.016062804, 0.016334875, 0.016602186, 0.016732033, 0.01697955, 0.017206946, 0.017411947, 0.017506048, 0.017678035, 0.017830994, 0.017901933, 0.018036854, 0.018167675, 0.018296363, 0.018359205, 0.018479107, 0.018586434, 0.01863392, 0.018713467, 0.018769242, 0.01879947, 0.018805837, 0.01880571, 0.018796379, 0.018790914, 0.018780828, 0.018771647, 0.018766263, 0.0187498, 0.018720353, 0.018670734, 0.018636614, 0.018547688, 0.0184334, 0.018368306, 0.018225262, 0.018068036, 0.017895875, 0.017803367, 0.017602947, 0.017378444, 0.017255569, 0.016986066, 0.016683917, 0.016521469, 0.016178356, 0.015816992, 0.01544127, 0.015247377, 0.0148438895, 0.01441258, 0.014183951, 0.0136951525, 0.013158316, 0.012568738, 0.012254455, 0.011590937, 0.01088763, 0.010522692, 0.009766428, 0.008973747, 0.008566325, 0.0077605667, 0.0070940023, 0.0068595954, 0.006976459, 0, 0, 0, 0, 0, 0, 0, 0, 0, 0, 0, 0, 0, 0, 0, 0, 0, 0, 0, 0, 0, 0, 0, 0, 0, 0, 0, 0, 0
0, 0, 0, 0, 0, 0, 0, 0, 0, 0, 0, 0, 0, 0, 0, 0, 0, 0, 0, 0, 0, 0, 0, 0, 0, 0, 0, 0, 0, 0, 0.0072522894, 0.0065165297, 0.006129144, 0.0066663767, 0.007527329, 0.007973375, 0.008811284, 0.00954865, 0.009881691, 0.010491128, 0.011044583, 0.011306378, 0.011808693, 0.012290346, 0.0127555365, 0.01298138, 0.0134163145, 0.01382331, 0.014014691, 0.0143725425, 0.014699327, 0.014998788, 0.015139967, 0.015407629, 0.01566133, 0.015784875, 0.016028529, 0.01626857, 0.016386664, 0.016616236, 0.016833458, 0.017034533, 0.017128242, 0.01729988, 0.017450124, 0.017518122, 0.017643103, 0.017759416, 0.017871354, 0.017926361, 0.018032307, 0.018129706, 0.018173227, 0.018246384, 0.018296834, 0.018322472, 0.018326966, 0.018324552, 0.018315677, 0.018311536, 0.018306907, 0.018306876, 0.018307153, 0.018303731, 0.018287104, 0.018247634, 0.018217318, 0.018133538, 0.018022662, 0.017959233, 0.017821116, 0.017672073, 0.01751215, 0.017427312, 0.017245138, 0.017041074, 0.016928837, 0.016679622, 0.01639561, 0.016241292, 0.015912993, 0.0155651765, 0.015202995, 0.015016266, 0.0146286385, 0.014215626, 0.013996829, 0.013528962, 0.013012615, 0.012441541, 0.012135255, 0.011484694, 0.010788812, 0.010425531, 0.009668911, 0.008882924, 0.008494278, 0.007827998, 0.007667724, 0.0087958835, 0.00993545, 0, 0, 0, 0, 0, 0, 0, 0, 0, 0, 0, 0, 0, 0, 0, 0, 0, 0, 0, 0, 0, 0, 0, 0, 0, 0, 0, 0, 0
0, 0, 0, 0, 0, 0, 0, 0, 0, 0, 0, 0, 0, 0, 0, 0, 0, 0, 0, 0, 0, 0, 0, 0, 0, 0, 0, 0, 0, 0, 0.007426838, 0.0067690914, 0.0062558902, 0.006739626, 0.007572223, 0.008000858, 0.008795204, 0.0094871335, 0.009799576, 0.010375302, 0.010903425, 0.01115435, 0.011635313, 0.012093104, 0.012531676, 0.012744478, 0.013156733, 0.013549105, 0.0137370825, 0.0140948035, 0.014427043, 0.014732519, 0.014874722, 0.015138478, 0.01537801, 0.015490713, 0.015707454, 0.01591784, 0.016022002, 0.016228134, 0.016429104, 0.016619945, 0.01670961, 0.016873382, 0.01701298, 0.017073836, 0.017180381, 0.017274396, 0.017363695, 0.017408397, 0.017498001, 0.017585238, 0.017626157, 0.01769754, 0.01774964, 0.017779276, 0.017786326, 0.017789824, 0.017786346, 0.017784616, 0.017782994, 0.017783685, 0.017783534, 0.017777711, 0.017756313, 0.017710157, 0.017675726, 0.01758438, 0.017468138, 0.017403804, 0.017268613, 0.017129429, 0.016986698, 0.01691272, 0.01675561, 0.016579026, 0.016480435, 0.016258094, 0.015998486, 0.015855432, 0.015547182, 0.015217173, 0.014871082, 0.014692414, 0.014321515, 0.013927512, 0.013719379, 0.013275298, 0.012786169, 0.012245065, 0.01195426, 0.011334261, 0.010664608, 0.010310974, 0.009562608, 0.008765215, 0.008365049, 0.0077019446, 0.007810217, 0.010677733, 0.014463379, 0, 0, 0, 0, 0, 0, 0, 0, 0, 0, 0, 0, 0, 0, 0, 0, 0, 0, 0, 0, 0, 0, 0, 0, 0, 0, 0, 0, 0
0, 0, 0, 0, 0, 0, 0, 0, 0, 0, 0, 0, 0, 0, 0, 0, 0, 0, 0, 0, 0, 0, 0, 0, 0, 0, 0, 0, 0, 0, 0, 0.0076127076, 0.0072185895, 0.007309272, 0.00781816, 0.008131592, 0.008768758, 0.00937246, 0.009658382, 0.010203272, 0.010716839, 0.010962312, 0.011429734, 0.01186684, 0.012278218, 0.012476561, 0.012863144, 0.013239671, 0.01342434, 0.013784819, 0.014128435, 0.014447545, 0.014595215, 0.0148638375, 0.01509776, 0.015203795, 0.01540117, 0.015588958, 0.015681881, 0.015868329, 0.016053934, 0.01623198, 0.016315358, 0.01646496, 0.016586952, 0.01663747, 0.016721465, 0.016792238, 0.016860297, 0.016896155, 0.016972579, 0.017052839, 0.017092304, 0.01716384, 0.017218724, 0.017251981, 0.017260913, 0.017266823, 0.017263051, 0.017259784, 0.017252244, 0.017243033, 0.017236616, 0.017216291, 0.017179005, 0.017116833, 0.017075293, 0.016972456, 0.016849894, 0.016784752, 0.016653324, 0.01652436, 0.016397264, 0.016332706, 0.016196204, 0.016041117, 0.015953412, 0.015752176, 0.015513402, 0.015380589, 0.015092909, 0.014782755, 0.0144558735, 0.014286683, 0.013934054, 0.013558709, 0.01336043, 0.012937472, 0.012473223, 0.011961846, 0.011688127, 0.011104469, 0.01047261, 0.010137104, 0.009419503, 0.008634504, 0.008225218, 0.0074607553, 0.007069981, 0.007416796, 0, 0, 0, 0, 0, 0, 0, 0, 0, 0, 0, 0, 0, 0, 0, 0, 0, 0, 0, 0, 0, 0, 0, 0, 0, 0, 0, 0, 0, 0
0, 0, 0, 0, 0, 0, 0, 0, 0, 0, 0, 0, 0, 0, 0, 0, 0, 0, 0, 0, 0, 0, 0, 0, 0, 0, 0, 0, 0, 0, 0, 0.012310819, 0.009950283, 0.008315951, 0.008014995, 0.008129738, 0.0085774055, 0.009128326, 0.009411236, 0.009969506, 0.0105030285, 0.010756149, 0.0112293605, 0.011657795, 0.012049886, 0.012236649, 0.012601769, 0.012964045, 0.013145344, 0.013506194, 0.013856564, 0.014182884, 0.014332923, 0.014601872, 0.014829461, 0.014930511, 0.015115637, 0.015290845, 0.01537834, 0.01555588, 0.015733931, 0.01590383, 0.015981983, 0.016118271, 0.016223634, 0.016265333, 0.016331725, 0.016387014, 0.016443642, 0.016474957, 0.016545128, 0.016621735, 0.01665956, 0.016727557, 0.016777225, 0.016803034, 0.01680723, 0.01680184, 0.016785296, 0.016775202, 0.016753517, 0.01672973, 0.016715867, 0.016680598, 0.01662865, 0.016554063, 0.016507681, 0.01639851, 0.016274752, 0.016210595, 0.01608343, 0.015960474, 0.015839558, 0.015777634, 0.015645457, 0.0154935485, 0.015407225, 0.01520985, 0.014978463, 0.014851081, 0.014577343, 0.0142847365, 0.013976863, 0.013817123, 0.013483083, 0.013124181, 0.012933362, 0.01252475, 0.012076271, 0.01158411, 0.01132197, 0.010765947, 0.010167134, 0.009850849, 0.009183028, 0.0084825335, 0.008141843, 0.0076067448, 0.007613285, 0.008400447, 0, 0, 0, 0, 0, 0, 0, 0, 0, 0, 0, 0, 0, 0, 0, 0, 0, 0, 0, 0, 0, 0, 0, 0, 0, 0, 0, 0, 0, 0
0, 0, 0, 0, 0, 0, 0, 0, 0, 0, 0, 0, 0, 0, 0, 0, 0, 0, 0, 0, 0, 0, 0, 0, 0, 0, 0, 0, 0, 0, 0, 0.019951273, 0.012866776, 0.008649257, 0.0076765493, 0.007705564, 0.008153338, 0.008775918, 0.009097888, 0.009726045, 0.010309866, 0.01057999, 0.011070635, 0.01149912, 0.011880677, 0.01206106, 0.0124137625, 0.012767766, 0.012946349, 0.013303897, 0.013650478, 0.013970043, 0.014114993, 0.014371499, 0.01458593, 0.014681176, 0.014858512, 0.0150318, 0.01512021, 0.015301075, 0.015482465, 0.015652584, 0.015729278, 0.015859665, 0.015956817, 0.015994426, 0.016054884, 0.016107744, 0.016165461, 0.016197963, 0.016270045, 0.016344922, 0.016379952, 0.01643799, 0.016471654, 0.016476868, 0.01646973, 0.016441418, 0.016403606, 0.016384164, 0.01634721, 0.016312163, 0.016293801, 0.016250847, 0.016192636, 0.016113864, 0.016066285, 0.015957132, 0.015835047, 0.015771898, 0.01564527, 0.015519171, 0.015390232, 0.015322347, 0.015174802, 0.0150046665, 0.014909224, 0.014696241, 0.014455854, 0.014326784, 0.014056194, 0.013773328, 0.013478889, 0.013325989, 0.013004779, 0.012655344, 0.0124678705, 0.0120628085, 0.011616243, 0.011127391, 0.010867722, 0.0103189675, 0.009730257, 0.009420198, 0.008776001, 0.0081532905, 0.00790295, 0.00778018, 0.008783431, 0.011371341, 0, 0, 0, 0, 0, 0, 0, 0, 0, 0, 0, 0, 0, 0, 0, 0, 0, 0, 0, 0, 0, 0, 0, 0, 0, 0, 0, 0, 0, 0
0, 0, 0, 0, 0, 0, 0, 0, 0, 0, 0, 0, 0, 0, 0, 0, 0, 0, 0, 0, 0, 0, 0, 0, 0, 0, 0, 0, 0, 0, 0, 0, 0.009767493, 0.007323488, 0.006862317, 0.007038407, 0.0076955725, 0.008459926, 0.008834553, 0.009537829, 0.010163951, 0.010445042, 0.010944438, 0.011371748, 0.011750367, 0.0119302645, 0.01228509, 0.0126428045, 0.01282291, 0.013179811, 0.013518815, 0.013823291, 0.013959054, 0.014196724, 0.014396918, 0.014488348, 0.014665389, 0.014846924, 0.0149415005, 0.015136015, 0.015328825, 0.015506202, 0.015584893, 0.015716886, 0.0158154, 0.015854403, 0.015920483, 0.015983181, 0.01605246, 0.016090203, 0.016169066, 0.016243136, 0.01627448, 0.016318765, 0.01633253, 0.016314678, 0.01629597, 0.016246192, 0.016191306, 0.016165327, 0.01611909, 0.016078655, 0.016058281, 0.016011689, 0.01594977, 0.0158671, 0.015817767, 0.015705137, 0.01557914, 0.0155128995, 0.01537687, 0.015235921, 0.015085939, 0.015005384, 0.014829325, 0.01462838, 0.014517914, 0.014278228, 0.014018025, 0.013882549, 0.013604503, 0.01332009, 0.013027141, 0.012874979, 0.012553722, 0.012200729, 0.012009729, 0.011594909, 0.011135909, 0.010634044, 0.010368442, 0.009807958, 0.00920527, 0.008886033, 0.008217861, 0.0075821183, 0.007350999, 0.007414085, 0.008882112, 0, 0, 0, 0, 0, 0, 0, 0, 0, 0, 0, 0, 0, 0, 0, 0, 0, 0, 0, 0, 0, 0, 0, 0, 0, 0, 0, 0, 0, 0, 0
0, 0, 0, 0, 0, 0, 0, 0, 0, 0, 0, 0, 0, 0, 0, 0, 0, 0, 0, 0, 0, 0, 0, 0, 0, 0, 0, 0, 0, 0, 0, 0, 0, 0.006844384, 0.0067094066, 0.0068887942, 0.0075385524, 0.00831641, 0.008699503, 0.009411867, 0.010033501, 0.010308937, 0.010796374, 0.011218517, 0.011604215, 0.01179185, 0.012167748, 0.01254753, 0.012736681, 0.013105099, 0.013445181, 0.013742568, 0.01387349, 0.014103128, 0.014302619, 0.01439738, 0.014588232, 0.014789585, 0.014894503, 0.015107928, 0.015314857, 0.015501456, 0.015583629, 0.01572224, 0.015829021, 0.01587371, 0.015953857, 0.016033225, 0.016118301, 0.016162578, 0.016248664, 0.016321458, 0.016349265, 0.016382404, 0.016382983, 0.016353779, 0.016330842, 0.016276114, 0.016219499, 0.01619295, 0.016145185, 0.0161002, 0.016076181, 0.016018676, 0.015942516, 0.015843885, 0.01578631, 0.015656693, 0.015512444, 0.0154364165, 0.01527838, 0.0151116075, 0.014932587, 0.014836637, 0.014628472, 0.014396381, 0.014271252, 0.014005649, 0.013724635, 0.0135804145, 0.013287796, 0.012989747, 0.012681759, 0.012521626, 0.0121823, 0.011808766, 0.011606521, 0.01116808, 0.0106841475, 0.010158074, 0.009880682, 0.009298278, 0.008676179, 0.0083479, 0.0076620253, 0.007006977, 0.0067666224, 0.006827476, 0.008285941, 0, 0, 0, 0, 0, 0, 0, 0, 0, 0, 0, 0, 0, 0, 0, 0, 0, 0, 0, 0, 0, 0, 0, 0, 0, 0, 0, 0, 0, 0, 0
0, 0, 0, 0, 0, 0, 0, 0, 0, 0, 0, 0, 0, 0, 0, 0, 0, 0, 0, 0, 0, 0, 0, 0, 0, 0, 0, 0, 0, 0, 0, 0, 0, 0.009560012, 0.007811501, 0.0075007966, 0.007665024, 0.008269834, 0.008609477, 0.009264682, 0.009845492, 0.010105762, 0.010575837, 0.011002047, 0.011412203, 0.011617698, 0.012033748, 0.012452072, 0.012657795, 0.013051741, 0.0134084625, 0.013718321, 0.013855624, 0.014101625, 0.014324478, 0.014433613, 0.014655737, 0.01488709, 0.015004949, 0.015238414, 0.015458165, 0.015653234, 0.015739378, 0.015888395, 0.016010217, 0.016064007, 0.016164761, 0.016264245, 0.016364895, 0.01641417, 0.016504427, 0.016574962, 0.01660052, 0.016629694, 0.016630834, 0.016609441, 0.016592816, 0.016553113, 0.0165097, 0.01648738, 0.0164404, 0.016384626, 0.016350921, 0.016268305, 0.016161941, 0.016031675, 0.015958361, 0.015798481, 0.015624399, 0.015533126, 0.015344079, 0.015145018, 0.014933164, 0.014820929, 0.014582395, 0.014323058, 0.014185987, 0.01389935, 0.0135993585, 0.01344576, 0.013131822, 0.012807795, 0.012468717, 0.012291389, 0.011915879, 0.011506256, 0.011286729, 0.010815746, 0.010301083, 0.009744668, 0.009451994, 0.008840483, 0.008198679, 0.007870826, 0.0072294185, 0.0067162435, 0.0065874835, 0.006778965, 0, 0, 0, 0, 0, 0, 0, 0, 0, 0, 0, 0, 0, 0, 0, 0, 0, 0, 0, 0, 0, 0, 0, 0, 0, 0, 0, 0, 0, 0, 0, 0
0, 0, 0, 0, 0, 0, 0, 0, 0, 0, 0, 0, 0, 0, 0, 0, 0, 0, 0, 0, 0, 0, 0, 0, 0, 0, 0, 0, 0, 0, 0, 0, 0, 0.014292162, 0.008814371, 0.007912422, 0.007622235, 0.008081143, 0.008383957, 0.008993388, 0.0095529, 0.009810604, 0.01029268, 0.010751287, 0.011207836, 0.011438501, 0.011903635, 0.012363446, 0.012586362, 0.0130093405, 0.013391971, 0.013730641, 0.013884963, 0.014171074, 0.014440284, 0.01457298, 0.0148394015, 0.015105955, 0.015237036, 0.015488572, 0.015719121, 0.015923936, 0.0160164, 0.016182963, 0.016329478, 0.016397508, 0.016526746, 0.01664981, 0.016764848, 0.016817512, 0.016908726, 0.016976794, 0.017001938, 0.017035555, 0.017050514, 0.017051674, 0.01704812, 0.017033732, 0.017008124, 0.016989643, 0.016938074, 0.016862134, 0.016813746, 0.016696246, 0.016552858, 0.016387576, 0.01629812, 0.01610818, 0.015905533, 0.015799902, 0.0155799445, 0.015347111, 0.015099316, 0.014969333, 0.014696619, 0.014407835, 0.014257957, 0.013948174, 0.013625899, 0.01345983, 0.013116207, 0.012754544, 0.012370724, 0.012169456, 0.011746044, 0.011292643, 0.011053848, 0.010549866, 0.010007922, 0.009423498, 0.0091147665, 0.008463683, 0.007782252, 0.0074450495, 0.006860155, 0.0066413307, 0.0068289977, 0.008202944, 0, 0, 0, 0, 0, 0, 0, 0, 0, 0, 0, 0, 0, 0, 0, 0, 0, 0, 0, 0, 0, 0, 0, 0, 0, 0, 0, 0, 0, 0, 0, 0
0, 0, 0, 0, 0, 0, 0, 0, 0, 0, 0, 0, 0, 0, 0, 0, 0, 0, 0, 0, 0, 0, 0, 0, 0, 0, 0, 0, 0, 0, 0, 0, 0, 0, 0.007662708, 0.0073100845, 0.0072202845, 0.007662151, 0.007960843, 0.00858628, 0.009186282, 0.0094707105, 0.010014272, 0.010538445, 0.011054821, 0.011311039, 0.01181561, 0.012300738, 0.012532985, 0.012972129, 0.013376261, 0.013747998, 0.013923914, 0.014261271, 0.014586897, 0.014746573, 0.015059524, 0.015358811, 0.015501009, 0.015767518, 0.016009836, 0.016230352, 0.016333785, 0.016529804, 0.016713807, 0.016801808, 0.016968537, 0.017119769, 0.017249694, 0.01730526, 0.017397102, 0.01746548, 0.017492829, 0.017537797, 0.017573621, 0.01760125, 0.01761107, 0.017618721, 0.0176038, 0.017584957, 0.01752086, 0.017420096, 0.017356874, 0.017209163, 0.017039375, 0.016854359, 0.016757289, 0.016554631, 0.016338471, 0.016224219, 0.015980678, 0.015714591, 0.015425685, 0.015273316, 0.014955961, 0.014625977, 0.014457409, 0.014113407, 0.013758199, 0.013574737, 0.0131921405, 0.012784197, 0.012348256, 0.0121200755, 0.011644945, 0.0111479135, 0.010891703, 0.0103625385, 0.009805084, 0.009206557, 0.008886814, 0.00819838, 0.0074551497, 0.007083313, 0.006464779, 0.0063846195, 0.0067583933, 0.008504063, 0, 0, 0, 0, 0, 0, 0, 0, 0, 0, 0, 0, 0, 0, 0, 0, 0, 0, 0, 0, 0, 0, 0, 0, 0, 0, 0, 0, 0, 0, 0, 0
0, 0, 0, 0, 0, 0, 0, 0, 0, 0, 0, 0, 0, 0, 0, 0, 0, 0, 0, 0, 0, 0, 0, 0, 0, 0, 0, 0, 0, 0, 0, 0, 0, 0, 0.008345429, 0.0074863895, 0.006862299, 0.007147474, 0.0074427905, 0.00813062, 0.008827534, 0.0091624055, 0.009800328, 0.010401291, 0.010970506, 0.0112433005, 0.011764007, 0.012249468, 0.012479453, 0.012917376, 0.0133325625, 0.013732843, 0.013929275, 0.014316277, 0.014694178, 0.014877598, 0.01522866, 0.015552201, 0.015702559, 0.01598161, 0.016239142, 0.016483825, 0.016603682, 0.016840702, 0.017071852, 0.017183356, 0.017392304, 0.017573724, 0.017719848, 0.017779415, 0.017875174, 0.01794911, 0.017981483, 0.018042725, 0.018100535, 0.018151222, 0.018170914, 0.01819152, 0.018177284, 0.018154291, 0.018074702, 0.017954279, 0.0178818, 0.017720414, 0.017546464, 0.01736601, 0.01727341, 0.017079344, 0.016865863, 0.016748592, 0.016487444, 0.016187722, 0.015852112, 0.015673479, 0.0153017, 0.014919276, 0.014726396, 0.014337294, 0.013939797, 0.013735333, 0.013308587, 0.012851986, 0.012363743, 0.012109043, 0.011583539, 0.011045232, 0.010773585, 0.010225638, 0.0096644815, 0.0090715885, 0.008754444, 0.0080626, 0.00729393, 0.0069011347, 0.006235567, 0.006142971, 0.006541636, 0, 0, 0, 0, 0, 0, 0, 0, 0, 0, 0, 0, 0, 0, 0, 0, 0, 0, 0, 0, 0, 0, 0, 0, 0, 0, 0, 0, 0, 0, 0, 0, 0
0, 0, 0, 0, 0, 0, 0, 0, 0, 0, 0, 0, 0, 0, 0, 0, 0, 0, 0, 0, 0, 0, 0, 0, 0, 0, 0, 0, 0, 0, 0, 0, 0, 0, 0, 0.007296267, 0.0062359995, 0.006359936, 0.0066750096, 0.007480422, 0.008314323, 0.008710064, 0.009445217, 0.010104913, 0.010694641, 0.010965255, 0.011465721, 0.011926189, 0.012148105, 0.0125881145, 0.01303578, 0.0134961475, 0.013729697, 0.014194826, 0.01464216, 0.014853345, 0.015243399, 0.0155898435, 0.015749691, 0.016053794, 0.016352126, 0.016657291, 0.016813284, 0.017128423, 0.017436318, 0.0175822, 0.017847434, 0.018066717, 0.018237282, 0.018306926, 0.018425083, 0.01853014, 0.01858171, 0.018685816, 0.018786827, 0.01887226, 0.018904265, 0.018937802, 0.018921861, 0.01889448, 0.01880483, 0.018681293, 0.01861251, 0.018470785, 0.018329954, 0.018187042, 0.018111091, 0.017939398, 0.017726146, 0.01759915, 0.017298384, 0.016937036, 0.016526451, 0.016308388, 0.015859202, 0.0154035045, 0.015175347, 0.014717849, 0.0142511455, 0.014010712, 0.013507671, 0.012967148, 0.01238679, 0.012083609, 0.011460107, 0.010828835, 0.01051545, 0.009900621, 0.009302932, 0.008714829, 0.008420862, 0.007834043, 0.007304894, 0.007122172, 0.007200236, 0.008399012, 0.009358524, 0, 0, 0, 0, 0, 0, 0, 0, 0, 0, 0, 0, 0, 0, 0, 0, 0, 0, 0, 0, 0, 0, 0, 0, 0, 0, 0, 0, 0, 0, 0, 0, 0
0, 0, 0, 0, 0, 0, 0, 0, 0, 0, 0, 0, 0, 0, 0, 0, 0, 0, 0, 0, 0, 0, 0, 0, 0, 0, 0, 0, 0, 0, 0, 0, 0, 0, 0, 0, 0.0066426396, 0.00656184, 0.006744374, 0.007359602, 0.008085602, 0.00844586, 0.00913205, 0.009761447, 0.010332716, 0.010597998, 0.011096327, 0.011567917, 0.011800581, 0.01227098, 0.0127559835, 0.013254119, 0.013504405, 0.013996074, 0.014459645, 0.014675782, 0.015072042, 0.015425303, 0.015590313, 0.01590972, 0.016229393, 0.016557643, 0.016724361, 0.017056452, 0.017373206, 0.017520579, 0.017784765, 0.01800183, 0.018174376, 0.018247964, 0.018380338, 0.018506259, 0.018569445, 0.018696263, 0.018815856, 0.01891421, 0.018950718, 0.018990159, 0.018978951, 0.018954277, 0.018872833, 0.018761808, 0.018700635, 0.018574027, 0.018444043, 0.018303795, 0.018225398, 0.01804178, 0.017810345, 0.017673178, 0.017354071, 0.016980195, 0.016565632, 0.016348831, 0.01590539, 0.015456511, 0.015230206, 0.0147701325, 0.014291273, 0.014041164, 0.013512263, 0.012939225, 0.012320875, 0.011996665, 0.011326605, 0.010642311, 0.010299643, 0.009621535, 0.00895813, 0.008314433, 0.008003263, 0.0074313553, 0.007041815, 0.0070076133, 0.007591421, 0.009266637, 0, 0, 0, 0, 0, 0, 0, 0, 0, 0, 0, 0, 0, 0, 0, 0, 0, 0, 0, 0, 0, 0, 0, 0, 0, 0, 0, 0, 0, 0, 0, 0, 0, 0
0, 0, 0, 0, 0, 0, 0, 0, 0, 0, 0, 0, 0, 0, 0, 0, 0, 0, 0, 0, 0, 0, 0, 0, 0, 0, 0, 0, 0, 0, 0, 0, 0, 0, 0, 0, 0.008492754, 0.0071996115, 0.007019542, 0.007210725, 0.0077358126, 0.0080398945, 0.008661516, 0.009264497, 0.009831126, 0.010100214, 0.010616559, 0.011118171, 0.011369145, 0.011879025, 0.012401342, 0.012927867, 0.013187909, 0.013690247, 0.0141561525, 0.014371886, 0.014769043, 0.0151287075, 0.015299603, 0.01563453, 0.015970983, 0.016311644, 0.016481558, 0.016812816, 0.017119989, 0.017260395, 0.017509304, 0.017714668, 0.017884005, 0.017959917, 0.018103207, 0.01824484, 0.018316206, 0.018456595, 0.018584656, 0.018686721, 0.018724008, 0.018765114, 0.0187579, 0.018737152, 0.01866722, 0.018571114, 0.018517276, 0.01840156, 0.018274063, 0.018125381, 0.0180395, 0.017837461, 0.017588548, 0.017445123, 0.01712205, 0.016757492, 0.016365072, 0.016162883, 0.015751863, 0.015332512, 0.015118081, 0.014672299, 0.014194207, 0.0139396265, 0.013394249, 0.012797484, 0.01215104, 0.011811838, 0.011108084, 0.0103812, 0.010012134, 0.009266379, 0.008516128, 0.0077749784, 0.0074199312, 0.0068063065, 0.006523941, 0.0066386657, 0.007709643, 0, 0, 0, 0, 0, 0, 0, 0, 0, 0, 0, 0, 0, 0, 0, 0, 0, 0, 0, 0, 0, 0, 0, 0, 0, 0, 0, 0, 0, 0, 0, 0, 0, 0, 0
0, 0, 0, 0, 0, 0, 0, 0, 0, 0, 0, 0, 0, 0, 0, 0, 0, 0, 0, 0, 0, 0, 0, 0, 0, 0, 0, 0, 0, 0, 0, 0, 0, 0, 0, 0, 0.009271623, 0.0074961917, 0.0070240065, 0.006835098, 0.0071976054, 0.007468716, 0.008073751, 0.008690675, 0.009282771, 0.009566596, 0.010114549, 0.0106490115, 0.010915593, 0.011452155, 0.011991355, 0.012522619, 0.012780941, 0.013273776, 0.0137273995, 0.0139383655, 0.014331218, 0.014694512, 0.014869665, 0.015214628, 0.015557972, 0.015898252, 0.016064698, 0.016382666, 0.0166714, 0.016802074, 0.017033443, 0.017227275, 0.01739251, 0.017468726, 0.01761551, 0.017759752, 0.017830867, 0.017966736, 0.018085191, 0.018175649, 0.01820765, 0.018241461, 0.018233621, 0.018215168, 0.018154752, 0.0180713, 0.018023357, 0.017915701, 0.01778889, 0.017635074, 0.01754541, 0.017337453, 0.017088689, 0.016949367, 0.016643092, 0.016306784, 0.015951416, 0.015769294, 0.015398252, 0.015013937, 0.014813842, 0.014388818, 0.013920898, 0.013667786, 0.013119989, 0.012516688, 0.01186318, 0.0115205385, 0.010809012, 0.010067183, 0.009684963, 0.00889496, 0.008070078, 0.007227415, 0.0068191714, 0.006134462, 0.005939457, 0.006209341, 0.007669808, 0, 0, 0, 0, 0, 0, 0, 0, 0, 0, 0, 0, 0, 0, 0, 0, 0, 0, 0, 0, 0, 0, 0, 0, 0, 0, 0, 0, 0, 0, 0, 0, 0, 0, 0
0, 0, 0, 0, 0, 0, 0, 0, 0, 0, 0, 0, 0, 0, 0, 0, 0, 0, 0, 0, 0, 0, 0, 0, 0, 0, 0, 0, 0, 0, 0, 0, 0, 0, 0, 0, 0, 0.0075023714, 0.0068034525, 0.006285807, 0.006545482, 0.0068177814, 0.0074668974, 0.008139464, 0.008778003, 0.009080656, 0.00965826, 0.010211816, 0.010483752, 0.011021864, 0.011550568, 0.012062258, 0.0123088, 0.012777788, 0.013211797, 0.013415501, 0.013799998, 0.014161289, 0.014336101, 0.01467908, 0.015014707, 0.01533987, 0.015496709, 0.015793212, 0.0160615, 0.016183628, 0.016402679, 0.016589701, 0.016751582, 0.016825512, 0.016964678, 0.017093731, 0.017154235, 0.017264046, 0.017353822, 0.017417815, 0.017438643, 0.01745641, 0.017441222, 0.017422233, 0.01736473, 0.017286958, 0.017241888, 0.01713888, 0.017016266, 0.016868753, 0.016784387, 0.016592424, 0.016367884, 0.016243225, 0.015970219, 0.01567017, 0.015350654, 0.01518556, 0.014845398, 0.014487675, 0.014299462, 0.013896962, 0.013450494, 0.013208112, 0.0126823, 0.012101774, 0.011473123, 0.011143962, 0.010460249, 0.009742809, 0.0093688555, 0.008580662, 0.007730284, 0.0068368055, 0.0064000604, 0.005678079, 0.0055258307, 0.0058741425, 0, 0, 0, 0, 0, 0, 0, 0, 0, 0, 0, 0, 0, 0, 0, 0, 0, 0, 0, 0, 0, 0, 0, 0, 0, 0, 0, 0, 0, 0, 0, 0, 0, 0, 0, 0
0, 0, 0, 0, 0, 0, 0, 0, 0, 0, 0, 0, 0, 0, 0, 0, 0, 0, 0, 0, 0, 0, 0, 0, 0, 0, 0, 0, 0, 0, 0, 0, 0, 0, 0, 0, 0, 0.007414286, 0.006609358, 0.0057691545, 0.0059480364, 0.006236877, 0.006950917, 0.0076831435, 0.008361412, 0.008677058, 0.009269611, 0.009824259, 0.01009184, 0.010612811, 0.011116073, 0.01159968, 0.011832543, 0.012278381, 0.012695985, 0.012894016, 0.013269784, 0.013622344, 0.013791191, 0.014117262, 0.014427918, 0.01472288, 0.0148638645, 0.015131416, 0.01537758, 0.015491596, 0.015700402, 0.015881151, 0.016034923, 0.016102377, 0.01622036, 0.016317781, 0.01635916, 0.01642784, 0.016478049, 0.016508944, 0.016516466, 0.01651408, 0.016486032, 0.016462639, 0.016398085, 0.016314186, 0.016266, 0.01615931, 0.016039137, 0.01590419, 0.015830535, 0.01566783, 0.015479612, 0.015373911, 0.0151376845, 0.014868949, 0.014573803, 0.014418397, 0.014094441, 0.013753139, 0.013575144, 0.013199927, 0.012792055, 0.012572912, 0.012099959, 0.011577942, 0.01101008, 0.01071147, 0.010089701, 0.009434247, 0.009090262, 0.008357239, 0.0075528314, 0.0067085046, 0.0063105198, 0.0057333526, 0.005712803, 0.0058785654, 0, 0, 0, 0, 0, 0, 0, 0, 0, 0, 0, 0, 0, 0, 0, 0, 0, 0, 0, 0, 0, 0, 0, 0, 0, 0, 0, 0, 0, 0, 0, 0, 0, 0, 0, 0
0, 0, 0, 0, 0, 0, 0, 0, 0, 0, 0, 0, 0, 0, 0, 0, 0, 0, 0, 0, 0, 0, 0, 0, 0, 0, 0, 0, 0, 0, 0, 0, 0, 0, 0, 0, 0, 0, 0.0064311903, 0.005485385, 0.0056035174, 0.0058867144, 0.006606865, 0.0073485263, 0.008032756, 0.008350155, 0.008942865, 0.009492131, 0.009754344, 0.010259723, 0.010743385, 0.011208384, 0.011433758, 0.011868744, 0.012280283, 0.012476, 0.012845584, 0.013184837, 0.013343301, 0.013639707, 0.013911802, 0.014164401, 0.014284751, 0.014516134, 0.01473507, 0.014838995, 0.01503155, 0.015197404, 0.01533089, 0.015384766, 0.015467672, 0.015521679, 0.015540032, 0.01556365, 0.015575358, 0.015576404, 0.015572376, 0.015551144, 0.015507182, 0.015475627, 0.015392745, 0.015287713, 0.015228984, 0.0151040135, 0.014974433, 0.014843327, 0.014776758, 0.014636337, 0.014476154, 0.01438492, 0.014174048, 0.013924344, 0.013641063, 0.013489778, 0.013174259, 0.012847417, 0.012681197, 0.0123425815, 0.011990411, 0.011805555, 0.011410002, 0.010971542, 0.010487273, 0.01022928, 0.009686972, 0.009112555, 0.008811937, 0.008175986, 0.0074905385, 0.006809922, 0.006532628, 0.006381009, 0.007259651, 0.008056309, 0, 0, 0, 0, 0, 0, 0, 0, 0, 0, 0, 0, 0, 0, 0, 0, 0, 0, 0, 0, 0, 0, 0, 0, 0, 0, 0, 0, 0, 0, 0, 0, 0, 0, 0, 0
0, 0, 0, 0, 0, 0, 0, 0, 0, 0, 0, 0, 0, 0, 0, 0, 0, 0, 0, 0, 0, 0, 0, 0, 0, 0, 0, 0, 0, 0, 0, 0, 0, 0, 0, 0, 0, 0, 0, 0.005796823, 0.005730172, 0.005895525, 0.0064530503, 0.0071163145, 0.0077721938, 0.008086182, 0.008682583, 0.009239103, 0.009503858, 0.010010165, 0.010491102, 0.0109522315, 0.011176407, 0.011611244, 0.012023877, 0.012219545, 0.012584016, 0.0129080145, 0.013054056, 0.013316522, 0.013545874, 0.013753396, 0.013852249, 0.014045226, 0.014232856, 0.014323127, 0.014489607, 0.014626837, 0.014725078, 0.014758413, 0.014795588, 0.014801273, 0.014796444, 0.014779222, 0.0147591075, 0.014737756, 0.0147244735, 0.014686211, 0.014623007, 0.014579699, 0.01446898, 0.0143311, 0.014255201, 0.014097645, 0.01394244, 0.013796575, 0.013726582, 0.013586389, 0.013432209, 0.013345008, 0.0131425485, 0.012900074, 0.01262321, 0.01247558, 0.012170631, 0.011863915, 0.01171293, 0.011417792, 0.011125486, 0.010975945, 0.0106580295, 0.010300634, 0.009894171, 0.009672766, 0.009199355, 0.008695712, 0.008436104, 0.007911738, 0.007411295, 0.0070405174, 0.006974764, 0.0072946684, 0.008187705, 0, 0, 0, 0, 0, 0, 0, 0, 0, 0, 0, 0, 0, 0, 0, 0, 0, 0, 0, 0, 0, 0, 0, 0, 0, 0, 0, 0, 0, 0, 0, 0, 0, 0, 0, 0, 0
0, 0, 0, 0, 0, 0, 0, 0, 0, 0, 0, 0, 0, 0, 0, 0, 0, 0, 0, 0, 0, 0, 0, 0, 0, 0, 0, 0, 0, 0, 0, 0, 0, 0, 0, 0, 0, 0, 0, 0.007424525, 0.006320407, 0.0061784736, 0.006394835, 0.0069307275, 0.0075641125, 0.007886126, 0.00851363, 0.009101988, 0.009379601, 0.009902346, 0.010389393, 0.010850357, 0.011073635, 0.011506907, 0.011917876, 0.012112183, 0.012470426, 0.012780482, 0.0129160425, 0.013150763, 0.01334648, 0.013519015, 0.013601296, 0.013762933, 0.01392118, 0.013996484, 0.014130529, 0.014229856, 0.014284107, 0.014293778, 0.014282494, 0.014242496, 0.014217194, 0.014165297, 0.014118831, 0.014075887, 0.014052601, 0.013992559, 0.013903329, 0.013844922, 0.01370014, 0.013524608, 0.0134294275, 0.013234495, 0.013045517, 0.0128709, 0.012788544, 0.012627313, 0.012457782, 0.012364924, 0.012156089, 0.011914194, 0.011644943, 0.011503842, 0.011217493, 0.010936745, 0.010801755, 0.0105434, 0.010293187, 0.010166128, 0.009894622, 0.0095835, 0.009220517, 0.009018872, 0.0085805645, 0.008110562, 0.007872849, 0.007428549, 0.007141208, 0.007316873, 0.0077387397, 0.009348516, 0, 0, 0, 0, 0, 0, 0, 0, 0, 0, 0, 0, 0, 0, 0, 0, 0, 0, 0, 0, 0, 0, 0, 0, 0, 0, 0, 0, 0, 0, 0, 0, 0, 0, 0, 0, 0, 0
0, 0, 0, 0, 0, 0, 0, 0, 0, 0, 0, 0, 0, 0, 0, 0, 0, 0, 0, 0, 0, 0, 0, 0, 0, 0, 0, 0, 0, 0, 0, 0, 0, 0, 0, 0, 0, 0, 0, 0.008219799, 0.0067616794, 0.006380578, 0.006300804, 0.0067515583, 0.0074139684, 0.007767867, 0.008461572, 0.009100032, 0.0093937935, 0.009932108, 0.010418143, 0.01086984, 0.0110872025, 0.011509415, 0.011911719, 0.012102223, 0.012453548, 0.012755436, 0.012885828, 0.013108438, 0.013290079, 0.013447618, 0.013522083, 0.013666854, 0.013803923, 0.013866279, 0.013969372, 0.014031472, 0.014044702, 0.014033875, 0.013982855, 0.013907345, 0.013866108, 0.013785556, 0.013712023, 0.013640659, 0.01360187, 0.013507899, 0.013381449, 0.013304369, 0.013122642, 0.012913143, 0.01280233, 0.012578494, 0.012362313, 0.012159753, 0.012062801, 0.011871893, 0.011674381, 0.0115697235, 0.011344693, 0.011098942, 0.010838666, 0.010705757, 0.010441293, 0.010184721, 0.0100603765, 0.009817968, 0.009575036, 0.009448721, 0.009174542, 0.00886006, 0.008496247, 0.008294712, 0.007856056, 0.0073816045, 0.0071414635, 0.006710346, 0.0065350407, 0.0072104973, 0.008287942, 0.01359322, 0, 0, 0, 0, 0, 0, 0, 0, 0, 0, 0, 0, 0, 0, 0, 0, 0, 0, 0, 0, 0, 0, 0, 0, 0, 0, 0, 0, 0, 0, 0, 0, 0, 0, 0, 0, 0, 0
0, 0, 0, 0, 0, 0, 0, 0, 0, 0, 0, 0, 0, 0, 0, 0, 0, 0, 0, 0, 0, 0, 0, 0, 0, 0, 0, 0, 0, 0, 0, 0, 0, 0, 0, 0, 0, 0, 0, 0, 0.0071475785, 0.0065832515, 0.0062354454, 0.0066313623, 0.007358369, 0.007755904, 0.008523164, 0.009202374, 0.009504393, 0.010042182, 0.010514777, 0.010949457, 0.011158953, 0.011568088, 0.011962167, 0.0121502625, 0.0124994395, 0.012802699, 0.01293501, 0.013163261, 0.013352215, 0.0135158105, 0.0135917375, 0.013734278, 0.013860028, 0.013913246, 0.013992183, 0.014025807, 0.014011166, 0.0139872525, 0.013913639, 0.013818504, 0.013767506, 0.013665155, 0.013562794, 0.01345418, 0.013393832, 0.013253156, 0.013080607, 0.012982163, 0.012765141, 0.012530995, 0.012411511, 0.012174623, 0.0119464435, 0.011726748, 0.011618214, 0.011398414, 0.011167768, 0.011047403, 0.010797214, 0.010539292, 0.010280948, 0.010153639, 0.009904171, 0.009659735, 0.009537471, 0.009286742, 0.009018058, 0.008873095, 0.008556781, 0.008201969, 0.0078076124, 0.00759515, 0.007140086, 0.006652076, 0.0064068413, 0.0059763184, 0.005817616, 0.0063549313, 0.007069407, 0, 0, 0, 0, 0, 0, 0, 0, 0, 0, 0, 0, 0, 0, 0, 0, 0, 0, 0, 0, 0, 0, 0, 0, 0, 0, 0, 0, 0, 0, 0, 0, 0, 0, 0, 0, 0, 0, 0
0, 0, 0, 0, 0, 0, 0, 0, 0, 0, 0, 0, 0, 0, 0, 0, 0, 0, 0, 0, 0, 0, 0, 0, 0, 0, 0, 0, 0, 0, 0, 0, 0, 0, 0, 0, 0, 0, 0, 0, 0.007654487, 0.0070508462, 0.006435264, 0.0067202686, 0.0074529955, 0.007864339, 0.008649039, 0.009325273, 0.009620342, 0.0101418765, 0.010601677, 0.011030868, 0.011240435, 0.011653228, 0.012053553, 0.012245334, 0.012603292, 0.012918728, 0.013058869, 0.01330618, 0.01351637, 0.01369911, 0.013782009, 0.013930967, 0.014052002, 0.014099234, 0.014161872, 0.014178671, 0.014151341, 0.01412331, 0.014045558, 0.013948064, 0.013894524, 0.013780141, 0.013653471, 0.013507177, 0.0134242335, 0.013235484, 0.013017566, 0.012899942, 0.012654582, 0.012406137, 0.0122839, 0.012046603, 0.011817026, 0.01158801, 0.011470192, 0.011222159, 0.0109552685, 0.010815582, 0.010529673, 0.010245976, 0.00997462, 0.009844599, 0.009593295, 0.009344657, 0.009216452, 0.008942339, 0.008633802, 0.00846453, 0.008096189, 0.0076944055, 0.0072661014, 0.007042827, 0.0065769, 0.0060942387, 0.0058630346, 0.005528844, 0.005684107, 0.006685199, 0.007135731, 0, 0, 0, 0, 0, 0, 0, 0, 0, 0, 0, 0, 0, 0, 0, 0, 0, 0, 0, 0, 0, 0, 0, 0, 0, 0, 0, 0, 0, 0, 0, 0, 0, 0, 0, 0, 0, 0, 0
0, 0, 0, 0, 0, 0, 0, 0, 0, 0, 0, 0, 0, 0, 0, 0, 0, 0, 0, 0, 0, 0, 0, 0, 0, 0, 0, 0, 0, 0, 0, 0, 0, 0, 0, 0, 0, 0, 0, 0, 0, 0.0078850705, 0.0073166396, 0.007258998, 0.0077374624, 0.008063592, 0.0087359045, 0.00934985, 0.009627657, 0.010137433, 0.01061005, 0.011067279, 0.011293443, 0.011739201, 0.012167107, 0.012370587, 0.012748628, 0.013083927, 0.013234997, 0.013506576, 0.013742664, 0.0139475325, 0.014038717, 0.014196037, 0.014315045, 0.014358381, 0.01441123, 0.014420629, 0.014393048, 0.014368147, 0.014301241, 0.014215885, 0.01416686, 0.014054009, 0.0139155965, 0.01374512, 0.013646786, 0.013424948, 0.013177558, 0.013048315, 0.012788085, 0.0125348, 0.012412792, 0.012176651, 0.011944472, 0.011702752, 0.011574268, 0.011296547, 0.01099146, 0.010831219, 0.010504444, 0.010183968, 0.009882186, 0.00973948, 0.009466089, 0.009196002, 0.009056131, 0.008754655, 0.008413135, 0.008226248, 0.007823561, 0.007392406, 0.006945167, 0.00671741, 0.0062560965, 0.0058047706, 0.005606436, 0.0054140254, 0.006059691, 0.009252103, 0.010733192, 0, 0, 0, 0, 0, 0, 0, 0, 0, 0, 0, 0, 0, 0, 0, 0, 0, 0, 0, 0, 0, 0, 0, 0, 0, 0, 0, 0, 0, 0, 0, 0, 0, 0, 0, 0, 0, 0, 0
0, 0, 0, 0, 0, 0, 0, 0, 0, 0, 0, 0, 0, 0, 0, 0, 0, 0, 0, 0, 0, 0, 0, 0, 0, 0, 0, 0, 0, 0, 0, 0, 0, 0, 0, 0, 0, 0, 0, 0, 0, 0, 0.009815814, 0.00845881, 0.0080973385, 0.008192784, 0.008622331, 0.00915387, 0.009423716, 0.009957809, 0.010486096, 0.011010147, 0.011268689, 0.011770716, 0.012240026, 0.0124589065, 0.012861638, 0.013218334, 0.013380679, 0.013676758, 0.013937759, 0.014163901, 0.01426279, 0.014428381, 0.014547241, 0.014588606, 0.014637369, 0.014647188, 0.014628692, 0.0146117415, 0.014565563, 0.014503086, 0.014464288, 0.014366335, 0.014234265, 0.014062388, 0.01396153, 0.013734943, 0.013485542, 0.013357336, 0.013101019, 0.012852184, 0.012731174, 0.012491869, 0.012247729, 0.0119855795, 0.011844426, 0.011538349, 0.011202699, 0.011026594, 0.010667086, 0.010311523, 0.009971655, 0.009809181, 0.009495835, 0.009187731, 0.009030373, 0.008698534, 0.008334031, 0.008138206, 0.007721799, 0.0072816666, 0.0068297265, 0.006602851, 0.0061612423, 0.0057891724, 0.005670066, 0.0056894724, 0.006128993, 0, 0, 0, 0, 0, 0, 0, 0, 0, 0, 0, 0, 0, 0, 0, 0, 0, 0, 0, 0, 0, 0, 0, 0, 0, 0, 0, 0, 0, 0, 0, 0, 0, 0, 0, 0, 0, 0, 0, 0, 0
0, 0, 0, 0, 0, 0, 0, 0, 0, 0, 0, 0, 0, 0, 0, 0, 0, 0, 0, 0, 0, 0, 0, 0, 0, 0, 0, 0, 0, 0, 0, 0, 0, 0, 0, 0, 0, 0, 0, 0, 0, 0, 0.014804236, 0.00966462, 0.008088301, 0.007933996, 0.008159736, 0.008672543, 0.008965589, 0.00957659, 0.010197732, 0.01080923, 0.011105067, 0.01166423, 0.012169457, 0.012400147, 0.012820279, 0.013193385, 0.013365377, 0.013684135, 0.013970043, 0.014217855, 0.014325128, 0.0145013975, 0.014624304, 0.014666428, 0.014718044, 0.014737228, 0.014736872, 0.014731878, 0.014713924, 0.014681219, 0.014656427, 0.014583187, 0.014472396, 0.014320867, 0.01423117, 0.014029924, 0.013809893, 0.013696377, 0.013466806, 0.013235353, 0.013117971, 0.01287537, 0.012616044, 0.012332741, 0.012181079, 0.011857969, 0.011511583, 0.011331489, 0.010963392, 0.0105907805, 0.010220434, 0.010037183, 0.0096742185, 0.00931198, 0.009128911, 0.00875307, 0.008358082, 0.008151962, 0.007723253, 0.0072762147, 0.0068200324, 0.006594087, 0.00617876, 0.0059413076, 0.005990333, 0.006747116, 0.008320065, 0, 0, 0, 0, 0, 0, 0, 0, 0, 0, 0, 0, 0, 0, 0, 0, 0, 0, 0, 0, 0, 0, 0, 0, 0, 0, 0, 0, 0, 0, 0, 0, 0, 0, 0, 0, 0, 0, 0, 0, 0
0, 0, 0, 0, 0, 0, 0, 0, 0, 0, 0, 0, 0, 0, 0, 0, 0, 0, 0, 0, 0, 0, 0, 0, 0, 0, 0, 0, 0, 0, 0, 0, 0, 0, 0, 0, 0, 0, 0, 0, 0, 0, 0, 0.00886832, 0.0074121854, 0.007212098, 0.0074077593, 0.007976536, 0.008315651, 0.009031119, 0.009750412, 0.010437281, 0.010759854, 0.01135144, 0.011867831, 0.01209964, 0.01252033, 0.012899233, 0.013077729, 0.013415602, 0.013725355, 0.013995713, 0.014112248, 0.014302289, 0.014434355, 0.014481129, 0.014545215, 0.014584585, 0.014613096, 0.014625261, 0.014643504, 0.014645675, 0.014637089, 0.014593745, 0.014511901, 0.014394376, 0.014324808, 0.014170985, 0.01400477, 0.013918385, 0.01373806, 0.013542372, 0.013436064, 0.013202585, 0.0129388105, 0.012647273, 0.012493249, 0.012173105, 0.011841709, 0.011672273, 0.011325407, 0.0109631, 0.010581535, 0.01038297, 0.009971549, 0.009544718, 0.009327036, 0.008885076, 0.008434326, 0.008205295, 0.0077384883, 0.0072623366, 0.00678901, 0.006564091, 0.0061942763, 0.0061178063, 0.006329947, 0.007867602, 0.010847867, 0, 0, 0, 0, 0, 0, 0, 0, 0, 0, 0, 0, 0, 0, 0, 0, 0, 0, 0, 0, 0, 0, 0, 0, 0, 0, 0, 0, 0, 0, 0, 0, 0, 0, 0, 0, 0, 0, 0, 0, 0
0, 0, 0, 0, 0, 0, 0, 0, 0, 0, 0, 0, 0, 0, 0, 0, 0, 0, 0, 0, 0, 0, 0, 0, 0, 0, 0, 0, 0, 0, 0, 0, 0, 0, 0, 0, 0, 0, 0, 0, 0, 0, 0, 0.008347464, 0.006885937, 0.0065811924, 0.0066650407, 0.007244867, 0.0076144193, 0.008404466, 0.009186741, 0.00990844, 0.010236938, 0.010821697, 0.0113162715, 0.011535882, 0.011936499, 0.012307055, 0.012486218, 0.012833705, 0.013158859, 0.013444756, 0.013567933, 0.013768855, 0.013912016, 0.013966101, 0.014051453, 0.014123016, 0.014192818, 0.014227491, 0.014291018, 0.014334212, 0.014343975, 0.014333947, 0.014285477, 0.014208014, 0.014162426, 0.014066196, 0.013967075, 0.013915715, 0.01380236, 0.013662116, 0.013577905, 0.013375678, 0.013130229, 0.012852331, 0.012706083, 0.012408943, 0.012111968, 0.011962851, 0.011657411, 0.011326936, 0.010954129, 0.010749124, 0.010302096, 0.009813787, 0.009559049, 0.009037885, 0.008508579, 0.008241873, 0.0077027115, 0.007160226, 0.0066439756, 0.006422202, 0.0061728614, 0.0064854054, 0.0069758077, 0.008114404, 0, 0, 0, 0, 0, 0, 0, 0, 0, 0, 0, 0, 0, 0, 0, 0, 0, 0, 0, 0, 0, 0, 0, 0, 0, 0, 0, 0, 0, 0, 0, 0, 0, 0, 0, 0, 0, 0, 0, 0, 0, 0
0, 0, 0, 0, 0, 0, 0, 0, 0, 0, 0, 0, 0, 0, 0, 0, 0, 0, 0, 0, 0, 0, 0, 0, 0, 0, 0, 0, 0, 0, 0, 0, 0, 0, 0, 0, 0, 0, 0, 0, 0, 0, 0, 0, 0.0068781427, 0.0063808793, 0.0061624562, 0.006624133, 0.0069790743, 0.0077731577, 0.008560148, 0.009264466, 0.009575425, 0.010114356, 0.010558221, 0.010754319, 0.011116836, 0.01146262, 0.011633924, 0.011972406, 0.012293038, 0.01257521, 0.012696517, 0.012896407, 0.013046234, 0.013107821, 0.0132192485, 0.013331133, 0.013451073, 0.01351268, 0.013629683, 0.013722193, 0.013754367, 0.013786315, 0.013779215, 0.013747618, 0.013728468, 0.013692758, 0.013663929, 0.013649654, 0.013611249, 0.013540936, 0.013487772, 0.013339148, 0.013136267, 0.012893522, 0.012763785, 0.012500769, 0.012242316, 0.012114138, 0.011850379, 0.011555528, 0.01120282, 0.010999507, 0.010537007, 0.01000914, 0.009727391, 0.009141416, 0.0085381325, 0.008231991, 0.0076078926, 0.0069730706, 0.0063791675, 0.0061442917, 0.0060215285, 0.007019948, 0.0084032025, 0.012399664, 0, 0, 0, 0, 0, 0, 0, 0, 0, 0, 0, 0, 0, 0, 0, 0, 0, 0, 0, 0, 0, 0, 0, 0, 0, 0, 0, 0, 0, 0, 0, 0, 0, 0, 0, 0, 0, 0, 0, 0, 0, 0
0, 0, 0, 0, 0, 0, 0, 0, 0, 0, 0, 0, 0, 0, 0, 0, 0, 0, 0, 0, 0, 0, 0, 0, 0, 0, 0, 0, 0, 0, 0, 0, 0, 0, 0, 0, 0, 0, 0, 0, 0, 0, 0, 0, 0.007236539, 0.0066246055, 0.005974924, 0.0061810412, 0.00646725, 0.007179467, 0.007903528, 0.008537569, 0.008810417, 0.009271863, 0.0096447505, 0.009809729, 0.010119788, 0.010424191, 0.010577862, 0.010883882, 0.011174281, 0.011429203, 0.01153936, 0.011724897, 0.011874985, 0.011943507, 0.012081631, 0.012234853, 0.012405951, 0.012495069, 0.012668354, 0.012817451, 0.012877755, 0.01296589, 0.013015701, 0.013042969, 0.013054393, 0.0130819185, 0.01311997, 0.013140558, 0.013173053, 0.013174202, 0.013156153, 0.013074547, 0.012931414, 0.012739593, 0.0126319695, 0.012406186, 0.012178029, 0.012063325, 0.011824135, 0.011551152, 0.011216749, 0.011019995, 0.010563629, 0.010030871, 0.009741657, 0.009132579, 0.008496067, 0.008169721, 0.0074961176, 0.006797959, 0.006137108, 0.0058783595, 0.00573884, 0.006545029, 0.0073307753, 0, 0, 0, 0, 0, 0, 0, 0, 0, 0, 0, 0, 0, 0, 0, 0, 0, 0, 0, 0, 0, 0, 0, 0, 0, 0, 0, 0, 0, 0, 0, 0, 0, 0, 0, 0, 0, 0, 0, 0, 0, 0, 0
0, 0, 0, 0, 0, 0, 0, 0, 0, 0, 0, 0, 0, 0, 0, 0, 0, 0, 0, 0, 0, 0, 0, 0, 0, 0, 0, 0, 0, 0, 0, 0, 0, 0, 0, 0, 0, 0, 0, 0, 0, 0, 0, 0, 0, 0.0071153417, 0.006134127, 0.005971875, 0.0061254636, 0.0066390946, 0.007212832, 0.007721274, 0.0079383245, 0.008300786, 0.008591635, 0.008721237, 0.008969458, 0.009219658, 0.009347512, 0.009603349, 0.009846775, 0.010063611, 0.010159975, 0.010331016, 0.010485998, 0.010563416, 0.010729878, 0.010920585, 0.011134375, 0.0112461485, 0.011468618, 0.011673718, 0.011765306, 0.011922397, 0.012047289, 0.01215018, 0.012197901, 0.012293616, 0.012392671, 0.012442003, 0.012531108, 0.012591497, 0.012604947, 0.012589576, 0.01251407, 0.0123841595, 0.012302615, 0.012116542, 0.011910089, 0.011800586, 0.011564881, 0.011293473, 0.010967137, 0.010777987, 0.010343307, 0.009837073, 0.009561336, 0.0089761475, 0.008360077, 0.008043964, 0.0073977467, 0.0067471326, 0.0061688507, 0.005969054, 0.005982229, 0.0067307656, 0, 0, 0, 0, 0, 0, 0, 0, 0, 0, 0, 0, 0, 0, 0, 0, 0, 0, 0, 0, 0, 0, 0, 0, 0, 0, 0, 0, 0, 0, 0, 0, 0, 0, 0, 0, 0, 0, 0, 0, 0, 0, 0, 0
0, 0, 0, 0, 0, 0, 0, 0, 0, 0, 0, 0, 0, 0, 0, 0, 0, 0, 0, 0, 0, 0, 0, 0, 0, 0, 0, 0, 0, 0, 0, 0, 0, 0, 0, 0, 0, 0, 0, 0, 0, 0, 0, 0, 0, 0, 0.0067328066, 0.0061338856, 0.0060432213, 0.0061476664, 0.006449278, 0.0067808502, 0.0069309226, 0.0071863234, 0.00739527, 0.007490813, 0.0076787136, 0.007873794, 0.007974968, 0.008179883, 0.008380649, 0.008571053, 0.008662072, 0.008839824, 0.009019772, 0.009114139, 0.009317088, 0.009541414, 0.009783777, 0.009909343, 0.010162703, 0.010410951, 0.010530838, 0.010758604, 0.010967734, 0.011157928, 0.01124654, 0.01141212, 0.011562685, 0.011631692, 0.011754486, 0.011849848, 0.011884434, 0.011922199, 0.011912186, 0.011849492, 0.011798465, 0.011659175, 0.011474748, 0.011367434, 0.011123648, 0.01083951, 0.010509444, 0.0103251785, 0.00991499, 0.009449499, 0.009197595, 0.008660858, 0.008095058, 0.007810042, 0.0072651906, 0.006829638, 0.0066391476, 0.0066786087, 0.0070760334, 0, 0, 0, 0, 0, 0, 0, 0, 0, 0, 0, 0, 0, 0, 0, 0, 0, 0, 0, 0, 0, 0, 0, 0, 0, 0, 0, 0, 0, 0, 0, 0, 0, 0, 0, 0, 0, 0, 0, 0, 0, 0, 0, 0, 0
0, 0, 0, 0, 0, 0, 0, 0, 0, 0, 0, 0, 0, 0, 0, 0, 0, 0, 0, 0, 0, 0, 0, 0, 0, 0, 0, 0, 0, 0, 0, 0, 0, 0, 0, 0, 0, 0, 0, 0, 0, 0, 0, 0, 0, 0, 0.007863514, 0.00689954, 0.006306191, 0.0056469305, 0.0055657728, 0.0057042567, 0.0057906914, 0.0059542926, 0.006101253, 0.006172673, 0.0063207624, 0.006479675, 0.0065628574, 0.0067352112, 0.006915657, 0.0071073915, 0.0072087953, 0.0074249706, 0.0076586837, 0.0077812676, 0.0080341045, 0.008292337, 0.008551114, 0.00868073, 0.008942394, 0.009211851, 0.009350514, 0.009635228, 0.009921616, 0.010195494, 0.010322764, 0.010550346, 0.01073682, 0.010814598, 0.010943203, 0.01104294, 0.011084457, 0.011151804, 0.011192574, 0.011193836, 0.011174438, 0.011087572, 0.010931364, 0.010827909, 0.010575998, 0.01027335, 0.0099301115, 0.009745005, 0.009348759, 0.008914999, 0.008683113, 0.0081887925, 0.0076674777, 0.0074111684, 0.00698596, 0.0069006733, 0.0075560217, 0.008185663, 0.009047115, 0, 0, 0, 0, 0, 0, 0, 0, 0, 0, 0, 0, 0, 0, 0, 0, 0, 0, 0, 0, 0, 0, 0, 0, 0, 0, 0, 0, 0, 0, 0, 0, 0, 0, 0, 0, 0, 0, 0, 0, 0, 0, 0, 0, 0
0, 0, 0, 0, 0, 0, 0, 0, 0, 0, 0, 0, 0, 0, 0, 0, 0, 0, 0, 0, 0, 0, 0, 0, 0, 0, 0, 0, 0, 0, 0, 0, 0, 0, 0, 0, 0, 0, 0, 0, 0, 0, 0, 0, 0, 0, 0, 0.008398171, 0.0066446187, 0.005012064, 0.004600114, 0.004582265, 0.004619581, 0.004722406, 0.0048464197, 0.004915254, 0.00506411, 0.005221669, 0.005302801, 0.0054709883, 0.005657233, 0.0058753192, 0.00599956, 0.006278087, 0.0065861284, 0.006745103, 0.0070593986, 0.0073544113, 0.0076244827, 0.007752549, 0.00800637, 0.008275708, 0.008421827, 0.008739216, 0.00907918, 0.0094142845, 0.009569501, 0.009837984, 0.010037859, 0.010112288, 0.010220596, 0.010295793, 0.010329071, 0.010395671, 0.010460597, 0.010505022, 0.010510028, 0.010466821, 0.0103369225, 0.010237971, 0.009978778, 0.009655625, 0.009290852, 0.009098601, 0.008697512, 0.008272475, 0.008049115, 0.007578744, 0.0070923874, 0.0068623456, 0.006536326, 0.006752457, 0.008494475, 0.010482683, 0, 0, 0, 0, 0, 0, 0, 0, 0, 0, 0, 0, 0, 0, 0, 0, 0, 0, 0, 0, 0, 0, 0, 0, 0, 0, 0, 0, 0, 0, 0, 0, 0, 0, 0, 0, 0, 0, 0, 0, 0, 0, 0, 0, 0, 0
0, 0, 0, 0, 0, 0, 0, 0, 0, 0, 0, 0, 0, 0, 0, 0, 0, 0, 0, 0, 0, 0, 0, 0, 0, 0, 0, 0, 0, 0, 0, 0, 0, 0, 0, 0, 0, 0, 0, 0, 0, 0, 0, 0, 0, 0, 0, 0, 0.0054344498, 0.0043066805, 0.003790505, 0.003616875, 0.003605219, 0.0036755616, 0.003825364, 0.003917375, 0.004113459, 0.004307072, 0.0044008303, 0.004588778, 0.004797741, 0.0050536166, 0.00520413, 0.00554851, 0.0059321714, 0.006128105, 0.0065053687, 0.006839768, 0.007123734, 0.007250845, 0.0074946736, 0.007753892, 0.007898166, 0.008222174, 0.008581226, 0.008939565, 0.009104431, 0.009380688, 0.009567969, 0.009628436, 0.009697187, 0.009727481, 0.009739986, 0.009775749, 0.009828353, 0.00987717, 0.009888333, 0.009858976, 0.009735142, 0.009634166, 0.009360626, 0.009013192, 0.008622317, 0.008418047, 0.007997456, 0.0075596212, 0.0073335865, 0.00687574, 0.0064555123, 0.0062931976, 0.0061748265, 0.006536805, 0.00766391, 0, 0, 0, 0, 0, 0, 0, 0, 0, 0, 0, 0, 0, 0, 0, 0, 0, 0, 0, 0, 0, 0, 0, 0, 0, 0, 0, 0, 0, 0, 0, 0, 0, 0, 0, 0, 0, 0, 0, 0, 0, 0, 0, 0, 0, 0, 0
0, 0, 0, 0, 0, 0, 0, 0, 0, 0, 0, 0, 0, 0, 0, 0, 0, 0, 0, 0, 0, 0, 0, 0, 0, 0, 0, 0, 0, 0, 0, 0, 0, 0, 0, 0, 0, 0, 0, 0, 0, 0, 0, 0, 0, 0, 0, 0, 0, 0.004321816, 0.0034775941, 0.0029874737, 0.002910294, 0.0029714669, 0.0031905328, 0.0033241934, 0.00359748, 0.0038489932, 0.0039643883, 0.0041874624, 0.0044290465, 0.0047243563, 0.00489836, 0.0052972897, 0.0057407804, 0.005966042, 0.006394785, 0.0067669153, 0.007071981, 0.00720397, 0.007448034, 0.0076982314, 0.007835939, 0.008143874, 0.008483707, 0.008819304, 0.008970789, 0.009215309, 0.009363908, 0.009401849, 0.009420649, 0.009396434, 0.009381012, 0.009362312, 0.009365221, 0.009371795, 0.009365061, 0.009304528, 0.009153378, 0.009038852, 0.008737863, 0.0083634285, 0.007949011, 0.007734702, 0.0072974255, 0.0068454137, 0.00661396, 0.006166752, 0.005857973, 0.0058394233, 0.006309991, 0.007328979, 0, 0, 0, 0, 0, 0, 0, 0, 0, 0, 0, 0, 0, 0, 0, 0, 0, 0, 0, 0, 0, 0, 0, 0, 0, 0, 0, 0, 0, 0, 0, 0, 0, 0, 0, 0, 0, 0, 0, 0, 0, 0, 0, 0, 0, 0, 0, 0
0, 0, 0, 0, 0, 0, 0, 0, 0, 0, 0, 0, 0, 0, 0, 0, 0, 0, 0, 0, 0, 0, 0, 0, 0, 0, 0, 0, 0, 0, 0, 0, 0, 0, 0, 0, 0, 0, 0, 0, 0, 0, 0, 0, 0, 0, 0, 0, 0, 0.0051803184, 0.0035797134, 0.0027161562, 0.0026046152, 0.0026963276, 0.0029872456, 0.0031580355, 0.0034988148, 0.0038083973, 0.0039507225, 0.004224692, 0.004515039, 0.004857031, 0.005053433, 0.005494147, 0.0059743095, 0.0062162206, 0.0066758855, 0.0070758597, 0.0074056196, 0.0075477166, 0.007804648, 0.008051912, 0.008180236, 0.00845237, 0.008736381, 0.00900322, 0.0091184545, 0.009292569, 0.009376922, 0.009385774, 0.009349367, 0.009268956, 0.009222642, 0.00913468, 0.009059685, 0.008985447, 0.00893942, 0.008807584, 0.00859944, 0.008461961, 0.00812604, 0.007729429, 0.0073047057, 0.0070901094, 0.0066629425, 0.006233114, 0.0060165534, 0.005612691, 0.0054161525, 0.0055348463, 0.006805639, 0.009369716, 0, 0, 0, 0, 0, 0, 0, 0, 0, 0, 0, 0, 0, 0, 0, 0, 0, 0, 0, 0, 0, 0, 0, 0, 0, 0, 0, 0, 0, 0, 0, 0, 0, 0, 0, 0, 0, 0, 0, 0, 0, 0, 0, 0, 0, 0, 0, 0
0, 0, 0, 0, 0, 0, 0, 0, 0, 0, 0, 0, 0, 0, 0, 0, 0, 0, 0, 0, 0, 0, 0, 0, 0, 0, 0, 0, 0, 0, 0, 0, 0, 0, 0, 0, 0, 0, 0, 0, 0, 0, 0, 0, 0, 0, 0, 0, 0, 0, 0.0031595211, 0.002873121, 0.0028247258, 0.0029124296, 0.0031665883, 0.0033284433, 0.003680838, 0.0040388396, 0.004215054, 0.0045669274, 0.004936603, 0.0053453417, 0.00556786, 0.0060438514, 0.006539907, 0.006784906, 0.0072480105, 0.0076560685, 0.0080022225, 0.00815429, 0.00842621, 0.008668831, 0.008783753, 0.009001754, 0.009198965, 0.009359254, 0.009419665, 0.009491187, 0.009491168, 0.009464962, 0.009369828, 0.0092333, 0.009155856, 0.008993562, 0.008826861, 0.0086506475, 0.008554089, 0.008331303, 0.008054377, 0.007892846, 0.007527647, 0.0071228356, 0.0067065232, 0.0065035326, 0.006124232, 0.0057952795, 0.005656289, 0.0054592704, 0.005466619, 0.005608689, 0.0062858053, 0, 0, 0, 0, 0, 0, 0, 0, 0, 0, 0, 0, 0, 0, 0, 0, 0, 0, 0, 0, 0, 0, 0, 0, 0, 0, 0, 0, 0, 0, 0, 0, 0, 0, 0, 0, 0, 0, 0, 0, 0, 0, 0, 0, 0, 0, 0, 0, 0
0, 0, 0, 0, 0, 0, 0, 0, 0, 0, 0, 0, 0, 0, 0, 0, 0, 0, 0, 0, 0, 0, 0, 0, 0, 0, 0, 0, 0, 0, 0, 0, 0, 0, 0, 0, 0, 0, 0, 0, 0, 0, 0, 0, 0, 0, 0, 0, 0, 0, 0, 0.0040295757, 0.0039280257, 0.003666171, 0.0036206143, 0.0036946964, 0.003985951, 0.004388887, 0.0046102153, 0.005071127, 0.0055491757, 0.006043953, 0.0062966086, 0.006804456, 0.007298084, 0.007533312, 0.0079711145, 0.008359629, 0.008699213, 0.008851288, 0.009122068, 0.009346156, 0.009439645, 0.009586402, 0.009676764, 0.009709426, 0.00970465, 0.009656344, 0.009560052, 0.009495983, 0.009339036, 0.009147845, 0.009040618, 0.00880612, 0.00854819, 0.008269443, 0.00812209, 0.0078104683, 0.0074725715, 0.007293447, 0.0069158976, 0.006521879, 0.006130217, 0.005945639, 0.0056361845, 0.005489166, 0.0055202344, 0.0058798487, 0.0066291336, 0.00697751, 0, 0, 0, 0, 0, 0, 0, 0, 0, 0, 0, 0, 0, 0, 0, 0, 0, 0, 0, 0, 0, 0, 0, 0, 0, 0, 0, 0, 0, 0, 0, 0, 0, 0, 0, 0, 0, 0, 0, 0, 0, 0, 0, 0, 0, 0, 0, 0, 0, 0
0, 0, 0, 0, 0, 0, 0, 0, 0, 0, 0, 0, 0, 0, 0, 0, 0, 0, 0, 0, 0, 0, 0, 0, 0, 0, 0, 0, 0, 0, 0, 0, 0, 0, 0, 0, 0, 0, 0, 0, 0, 0, 0, 0, 0, 0, 0, 0, 0, 0, 0, 0.0063341497, 0.005911486, 0.004837725, 0.0042316425, 0.00416166, 0.0043537454, 0.004793325, 0.005057057, 0.0056206677, 0.0062004505, 0.006773745, 0.0070519317, 0.0075787557, 0.008052521, 0.008266895, 0.008652881, 0.008990965, 0.009291113, 0.009427566, 0.009667182, 0.009848233, 0.009911034, 0.0099741435, 0.009953416, 0.009859293, 0.009791248, 0.009626294, 0.009437541, 0.0093368795, 0.0091217775, 0.008881397, 0.008748043, 0.008451964, 0.008117355, 0.0077532763, 0.0075646504, 0.0071823173, 0.006801367, 0.00661314, 0.0062415595, 0.005877281, 0.005527357, 0.0053674597, 0.0051332084, 0.0051916814, 0.005447451, 0.0066955, 0.008968536, 0.009859679, 0, 0, 0, 0, 0, 0, 0, 0, 0, 0, 0, 0, 0, 0, 0, 0, 0, 0, 0, 0, 0, 0, 0, 0, 0, 0, 0, 0, 0, 0, 0, 0, 0, 0, 0, 0, 0, 0, 0, 0, 0, 0, 0, 0, 0, 0, 0, 0, 0, 0
0, 0, 0, 0, 0, 0, 0, 0, 0, 0, 0, 0, 0, 0, 0, 0, 0, 0, 0, 0, 0, 0, 0, 0, 0, 0, 0, 0, 0, 0, 0, 0, 0, 0, 0, 0, 0, 0, 0, 0, 0, 0, 0, 0, 0, 0, 0, 0, 0, 0, 0, 0, 0, 0.0061861384, 0.0050311713, 0.004857767, 0.0049186004, 0.0052867937, 0.005535399, 0.006102551, 0.0067123105, 0.0073176324, 0.007605013, 0.008126326, 0.008560005, 0.008743591, 0.009055901, 0.0093168095, 0.009545695, 0.009648981, 0.009824218, 0.009936985, 0.009962273, 0.009939722, 0.009821308, 0.009625198, 0.009507327, 0.009252451, 0.0089923665, 0.008863537, 0.008604, 0.008327552, 0.008176727, 0.00784137, 0.007461365, 0.0070489994, 0.0068372576, 0.0064175357, 0.0060173343, 0.0058275987, 0.0054728, 0.0051516136, 0.0048765615, 0.0047671166, 0.004665116, 0.004918299, 0.0053364974, 0.007545761, 0, 0, 0, 0, 0, 0, 0, 0, 0, 0, 0, 0, 0, 0, 0, 0, 0, 0, 0, 0, 0, 0, 0, 0, 0, 0, 0, 0, 0, 0, 0, 0, 0, 0, 0, 0, 0, 0, 0, 0, 0, 0, 0, 0, 0, 0, 0, 0, 0, 0, 0, 0
0, 0, 0, 0, 0, 0, 0, 0, 0, 0, 0, 0, 0, 0, 0, 0, 0, 0, 0, 0, 0, 0, 0, 0, 0, 0, 0, 0, 0, 0, 0, 0, 0, 0, 0, 0, 0, 0, 0, 0, 0, 0, 0, 0, 0, 0, 0, 0, 0, 0, 0, 0, 0, 0, 0.0064739394, 0.0063217296, 0.0059730313, 0.0059158816, 0.0060074124, 0.006374785, 0.006897875, 0.007470418, 0.007744877, 0.008228444, 0.008598958, 0.008742608, 0.0089638205, 0.009127526, 0.00925975, 0.009316242, 0.009400912, 0.009429071, 0.009414058, 0.009316237, 0.009129389, 0.008871445, 0.008726074, 0.008423272, 0.008125578, 0.007981991, 0.007700657, 0.0074111316, 0.007257001, 0.006919636, 0.006543266, 0.0061400207, 0.005934489, 0.005530129, 0.005147513, 0.004967453, 0.004635643, 0.0043625915, 0.004204161, 0.004199777, 0.004425843, 0.005044855, 0.0054178014, 0, 0, 0, 0, 0, 0, 0, 0, 0, 0, 0, 0, 0, 0, 0, 0, 0, 0, 0, 0, 0, 0, 0, 0, 0, 0, 0, 0, 0, 0, 0, 0, 0, 0, 0, 0, 0, 0, 0, 0, 0, 0, 0, 0, 0, 0, 0, 0, 0, 0, 0, 0, 0
0, 0, 0, 0, 0, 0, 0, 0, 0, 0, 0, 0, 0, 0, 0, 0, 0, 0, 0, 0, 0, 0, 0, 0, 0, 0, 0, 0, 0, 0, 0, 0, 0, 0, 0, 0, 0, 0, 0, 0, 0, 0, 0, 0, 0, 0, 0, 0, 0, 0, 0, 0, 0, 0, 0.009770888, 0.009158397, 0.0076567563, 0.0066375807, 0.006386671, 0.0063300957, 0.0066672857, 0.0071517765, 0.0073904213, 0.0077942978, 0.008068895, 0.008160162, 0.008271789, 0.008323299, 0.008343333, 0.008344475, 0.008325505, 0.008264676, 0.008213517, 0.008061868, 0.007843134, 0.0075709783, 0.0074221864, 0.007115506, 0.0068149227, 0.006670252, 0.006390689, 0.006114399, 0.0059730695, 0.0056780702, 0.005364897, 0.005041169, 0.004879333, 0.0045627854, 0.004258912, 0.0041121747, 0.0038331465, 0.003614362, 0.0035871002, 0.0037270875, 0.0045282966, 0.006192335, 0.006854858, 0, 0, 0, 0, 0, 0, 0, 0, 0, 0, 0, 0, 0, 0, 0, 0, 0, 0, 0, 0, 0, 0, 0, 0, 0, 0, 0, 0, 0, 0, 0, 0, 0, 0, 0, 0, 0, 0, 0, 0, 0, 0, 0, 0, 0, 0, 0, 0, 0, 0, 0, 0, 0
0, 0, 0, 0, 0, 0, 0, 0, 0, 0, 0, 0, 0, 0, 0, 0, 0, 0, 0, 0, 0, 0, 0, 0, 0, 0, 0, 0, 0, 0, 0, 0, 0, 0, 0, 0, 0, 0, 0, 0, 0, 0, 0, 0, 0, 0, 0, 0, 0, 0, 0, 0, 0, 0, 0, 0, 0.009736976, 0.0074023567, 0.006683734, 0.0060817744, 0.0061795246, 0.006498928, 0.006658815, 0.006905631, 0.0070305937, 0.0070514744, 0.0070319334, 0.00696034, 0.0068628457, 0.006808391, 0.0066899667, 0.006555932, 0.0064804293, 0.0063073034, 0.0060988073, 0.0058561633, 0.0057244827, 0.0054486915, 0.0051697507, 0.0050326292, 0.0047697374, 0.004524567, 0.004409039, 0.004191318, 0.0039902213, 0.0038051177, 0.003719022, 0.0035609193, 0.0034165618, 0.0033469235, 0.0032105297, 0.0031097103, 0.0031995045, 0.0034342948, 0.0048155077, 0, 0, 0, 0, 0, 0, 0, 0, 0, 0, 0, 0, 0, 0, 0, 0, 0, 0, 0, 0, 0, 0, 0, 0, 0, 0, 0, 0, 0, 0, 0, 0, 0, 0, 0, 0, 0, 0, 0, 0, 0, 0, 0, 0, 0, 0, 0, 0, 0, 0, 0, 0, 0, 0, 0
0, 0, 0, 0, 0, 0, 0, 0, 0, 0, 0, 0, 0, 0, 0, 0, 0, 0, 0, 0, 0, 0, 0, 0, 0, 0, 0, 0, 0, 0, 0, 0, 0, 0, 0, 0, 0, 0, 0, 0, 0, 0, 0, 0, 0, 0, 0, 0, 0, 0, 0, 0, 0, 0, 0, 0, 0, 0.008376931, 0.0071280412, 0.006136508, 0.005885664, 0.005805953, 0.005788716, 0.005745369, 0.005653934, 0.0055871177, 0.005420621, 0.0052265273, 0.005023723, 0.0049244505, 0.004737557, 0.004571211, 0.0044945297, 0.0043471903, 0.004192147, 0.004014566, 0.003914581, 0.003691695, 0.0034464176, 0.0033206758, 0.003077541, 0.0028668002, 0.00277962, 0.0026485634, 0.0025736091, 0.0025460771, 0.0025474338, 0.002579086, 0.0026552582, 0.00271535, 0.0028855586, 0.0031038895, 0.0033905748, 0.0035569842, 0, 0, 0, 0, 0, 0, 0, 0, 0, 0, 0, 0, 0, 0, 0, 0, 0, 0, 0, 0, 0, 0, 0, 0, 0, 0, 0, 0, 0, 0, 0, 0, 0, 0, 0, 0, 0, 0, 0, 0, 0, 0, 0, 0, 0, 0, 0, 0, 0, 0, 0, 0, 0, 0, 0, 0
0, 0, 0, 0, 0, 0, 0, 0, 0, 0, 0, 0, 0, 0, 0, 0, 0, 0, 0, 0, 0, 0, 0, 0, 0, 0, 0, 0, 0, 0, 0, 0, 0, 0, 0, 0, 0, 0, 0, 0, 0, 0, 0, 0, 0, 0, 0, 0, 0, 0, 0, 0, 0, 0, 0, 0, 0, 0, 0.0076240683, 0.007434132, 0.006291673, 0.005290625, 0.0049567707, 0.0044899588, 0.0041453047, 0.0039901366, 0.0036897121, 0.0033979465, 0.0031280203, 0.0030084732, 0.0028139083, 0.0026808013, 0.0026334624, 0.0025623392, 0.0024954078, 0.0024049075, 0.0023445329, 0.002186399, 0.0019830498, 0.0018710945, 0.0016492397, 0.0014666743, 0.001401919, 0.0013396519, 0.001365698, 0.0014639873, 0.0015350694, 0.0017214421, 0.0020055762, 0.002215663, 0.002869237, 0.0037491503, 0.00455751, 0.0048775994, 0, 0, 0, 0, 0, 0, 0, 0, 0, 0, 0, 0, 0, 0, 0, 0, 0, 0, 0, 0, 0, 0, 0, 0, 0, 0, 0, 0, 0, 0, 0, 0, 0, 0, 0, 0, 0, 0, 0, 0, 0, 0, 0, 0, 0, 0, 0, 0, 0, 0, 0, 0, 0, 0, 0, 0
0, 0, 0, 0, 0, 0, 0, 0, 0, 0, 0, 0, 0, 0, 0, 0, 0, 0, 0, 0, 0, 0, 0, 0, 0, 0, 0, 0, 0, 0, 0, 0, 0, 0, 0, 0, 0, 0, 0, 0, 0, 0, 0, 0, 0, 0, 0, 0, 0, 0, 0, 0, 0, 0, 0, 0, 0, 0, 0, 0.0109183425, 0.007209294, 0.004903826, 0.004209802, 0.0033180476, 0.0027567889, 0.0025375586, 0.0021532702, 0.0018171986, 0.0015454891, 0.0014432339, 0.0013157954, 0.0012769817, 0.0012805543, 0.00130659, 0.0013284271, 0.0013184125, 0.00129568, 0.0012082469, 0.0010655996, 0.0009787837, 0.0007973093, 0.00064749393, 0.0006007223, 0.00058105105, 0.00066273514, 0.00082517427, 0.0009297684, 0.0011865924, 0.0015708475, 0.0018726827, 0.0029690056, 0.0049490957, 0, 0, 0, 0, 0, 0, 0, 0, 0, 0, 0, 0, 0, 0, 0, 0, 0, 0, 0, 0, 0, 0, 0, 0, 0, 0, 0, 0, 0, 0, 0, 0, 0, 0, 0, 0, 0, 0, 0, 0, 0, 0, 0, 0, 0, 0, 0, 0, 0, 0, 0, 0, 0, 0, 0, 0, 0, 0
0, 0, 0, 0, 0, 0, 0, 0, 0, 0, 0, 0, 0, 0, 0, 0, 0, 0, 0, 0, 0, 0, 0, 0, 0, 0, 0, 0, 0, 0, 0, 0, 0, 0, 0, 0, 0, 0, 0, 0, 0, 0, 0, 0, 0, 0, 0, 0, 0, 0, 0, 0, 0, 0, 0, 0, 0, 0, 0, 0, 0.006685313, 0.004531527, 0.003678263, 0.0025105055, 0.0018187537, 0.0015781176, 0.0011873194, 0.0008847856, 0.000692527, 0.00064430456, 0.000632358, 0.0006836866, 0.0007167564, 0.00077680877, 0.0008190751, 0.00084163743, 0.0008457802, 0.00083722314, 0.000801172, 0.0007715065, 0.0006966024, 0.0006257877, 0.000606738, 0.0006269626, 0.0007267813, 0.0008933577, 0.0009960863, 0.0012291241, 0.0015626992, 0.0018128434, 0.0024702286, 0, 0, 0, 0, 0, 0, 0, 0, 0, 0, 0, 0, 0, 0, 0, 0, 0, 0, 0, 0, 0, 0, 0, 0, 0, 0, 0, 0, 0, 0, 0, 0, 0, 0, 0, 0, 0, 0, 0, 0, 0, 0, 0, 0, 0, 0, 0, 0, 0, 0, 0, 0, 0, 0, 0, 0, 0, 0, 0
0, 0, 0, 0, 0, 0, 0, 0, 0, 0, 0, 0, 0, 0, 0, 0, 0, 0, 0, 0, 0, 0, 0, 0, 0, 0, 0, 0, 0, 0, 0, 0, 0, 0, 0, 0, 0, 0, 0, 0, 0, 0, 0, 0, 0, 0, 0, 0, 0, 0, 0, 0, 0, 0, 0, 0, 0, 0, 0, 0, 0, 0.0040262314, 0.0036753363, 0.0023332092, 0.0016612787, 0.0014468235, 0.001159532, 0.0009994206, 0.0009804575, 0.0010093803, 0.0010705959, 0.0010418929, 0.000996446, 0.00089070917, 0.0008087199, 0.0007853833, 0.0008028202, 0.00089855114, 0.0010628, 0.0011605553, 0.0013504657, 0.0014804456, 0.0015295065, 0.0016365411, 0.0017403316, 0.0018315997, 0.0019139242, 0.0020102365, 0.002141447, 0.0022285988, 0, 0, 0, 0, 0, 0, 0, 0, 0, 0, 0, 0, 0, 0, 0, 0, 0, 0, 0, 0, 0, 0, 0, 0, 0, 0, 0, 0, 0, 0, 0, 0, 0, 0, 0, 0, 0, 0, 0, 0, 0, 0, 0, 0, 0, 0, 0, 0, 0, 0, 0, 0, 0, 0, 0, 0, 0, 0, 0, 0
0, 0, 0, 0, 0, 0, 0, 0, 0, 0, 0, 0, 0, 0, 0, 0, 0, 0, 0, 0, 0, 0, 0, 0, 0, 0, 0, 0, 0, 0, 0, 0, 0, 0, 0, 0, 0, 0, 0, 0, 0, 0, 0, 0, 0, 0, 0, 0, 0, 0, 0, 0, 0, 0, 0, 0, 0, 0, 0, 0, 0, 0, 0, 0.002503267, 0.0023073459, 0.0021411693, 0.0022895148, 0.0024377436, 0.00276461, 0.0028812329, 0.002797529, 0.0021991835, 0.0018399155, 0.0012381132, 0.0008586149, 0.00072269456, 0.00075150747, 0.0010055982, 0.0015194926, 0.0018686567, 0.002663937, 0.0032520383, 0.00342714, 0.0037029467, 0.0038238803, 0.0034239665, 0.003531565, 0.0036175314, 0, 0, 0, 0, 0, 0, 0, 0, 0, 0, 0, 0, 0, 0, 0, 0, 0, 0, 0, 0, 0, 0, 0, 0, 0, 0, 0, 0, 0, 0, 0, 0, 0, 0, 0, 0, 0, 0, 0, 0, 0, 0, 0, 0, 0, 0, 0, 0, 0, 0, 0, 0, 0, 0, 0, 0, 0, 0, 0, 0, 0, 0
0, 0, 0, 0, 0, 0, 0, 0, 0, 0, 0, 0, 0, 0, 0, 0, 0, 0, 0, 0, 0, 0, 0, 0, 0, 0, 0, 0, 0, 0, 0, 0, 0, 0, 0, 0, 0, 0, 0, 0, 0, 0, 0, 0, 0, 0, 0, 0, 0, 0, 0, 0, 0, 0, 0, 0, 0, 0, 0, 0, 0, 0, 0, 0, 0, 0, 0.0044873687, 0.004929336, 0.006339798, 0.00657227, 0.005815845, 0.0036135705, 0.002598065, 0.0012034363, 0.00043273953, 0.00017276448, 0.0002299175, 0.00071145437, 0.0017120554, 0.0024588858, 0.0045237592, 0.006100664, 0.006402213, 0.0065246127, 0.0070831096, 0, 0, 0, 0, 0, 0, 0, 0, 0, 0, 0, 0, 0, 0, 0, 0, 0, 0, 0, 0, 0, 0, 0, 0, 0, 0, 0, 0, 0, 0, 0, 0, 0, 0, 0, 0, 0, 0, 0, 0, 0, 0, 0, 0, 0, 0, 0, 0, 0, 0, 0, 0, 0, 0, 0, 0, 0, 0, 0, 0, 0, 0, 0, 0, 0
0, 0, 0, 0, 0, 0, 0, 0, 0, 0, 0, 0, 0, 0, 0, 0, 0, 0, 0, 0, 0, 0, 0, 0, 0, 0, 0, 0, 0, 0, 0, 0, 0, 0, 0, 0, 0, 0, 0, 0, 0, 0, 0, 0, 0, 0, 0, 0, 0, 0, 0, 0, 0, 0, 0, 0, 0, 0, 0, 0, 0, 0, 0, 0, 0, 0, 0, 0, 0.011868091, 0.011899951, 0.009503341, 0.0041222563, 0.0023795129, 0.00036061983, -0.000748406, -0.001102537, -0.000987608, -0.00022148612, 0.0012153635, 0.002296817, 0.0065161325, 0.010075963, 0.010615149, 0, 0, 0, 0, 0, 0, 0, 0, 0, 0, 0, 0, 0, 0, 0, 0, 0, 0, 0, 0, 0, 0, 0, 0, 0, 0, 0, 0, 0, 0, 0, 0, 0, 0, 0, 0, 0, 0, 0, 0, 0, 0, 0, 0, 0, 0, 0, 0, 0, 0, 0, 0, 0, 0, 0, 0, 0, 0, 0, 0, 0, 0, 0, 0, 0, 0, 0

